Date,Open,High,Low,Close,Volume,Dividends,Stock Splits,Capital Gains
2011-01-28 00:00:00-05:00,31.760786779285876,34.14586021380439,31.246980486798837,31.291385650634766,40800,0.0,0.0,0.0
2011-01-31 00:00:00-05:00,31.55779933499764,31.716381241203656,31.48168069755375,31.640262603759766,46200,0.0,0.0,0.0
2011-02-01 00:00:00-05:00,32.109659549368814,32.31898880004883,31.811527249598484,32.31898880004883,26300,0.0,0.0,0.0
2011-02-02 00:00:00-05:00,32.350702761475155,32.350702761475155,32.058912689860925,32.15406036376953,47700,0.0,0.0,0.0
2011-02-03 00:00:00-05:00,32.34437323447509,32.34437323447509,31.944746072002527,32.21116256713867,51100,0.0,0.0,0.0
2011-02-04 00:00:00-05:00,35.471608320548164,35.471608320548164,31.970121101932165,32.192134857177734,59800,0.0,0.0,0.0
2011-02-07 00:00:00-05:00,32.25557112874727,32.31900536742596,32.090646947720266,32.28094482421875,36500,0.0,0.0,0.0
2011-02-08 00:00:00-05:00,32.318993454792135,32.33168029785156,32.09063511925829,32.33168029785156,62200,0.0,0.0,0.0
2011-02-09 00:00:00-05:00,32.445877318554125,32.445877318554125,32.02087631139958,32.13505554199219,44800,0.0,0.0,0.0
2011-02-10 00:00:00-05:00,31.970122835289583,31.970122835289583,31.430942740823774,31.836912155151367,65700,0.0,0.0,0.0
2011-02-11 00:00:00-05:00,31.87497992513714,31.989159151286323,31.62759240840361,31.957443237304688,27700,0.0,0.0,0.0
2011-02-14 00:00:00-05:00,32.319002072680696,32.319002072680696,31.855943066492163,32.03355407714844,35400,0.0,0.0,0.0
2011-02-15 00:00:00-05:00,32.12870080367224,32.12870080367224,31.90668464416038,31.932058334350586,42100,0.0,0.0,0.0
2011-02-16 00:00:00-05:00,32.128695648436555,32.34436714091098,32.09697733090405,32.33168029785156,33800,0.0,0.0,0.0
2011-02-17 00:00:00-05:00,32.47756492125577,32.47756492125577,32.236519820162876,32.46487808227539,60500,0.0,0.0,0.0
2011-02-18 00:00:00-05:00,32.57273288281698,32.57273288281698,32.401466499268956,32.52198791503906,61200,0.0,0.0,0.0
2011-02-22 00:00:00-05:00,32.192144497736244,32.192144497736244,31.59587707667833,31.71005630493164,196900,0.0,0.0,0.0
2011-02-23 00:00:00-05:00,31.811542060195723,31.836913334704764,31.449975385928678,31.67833137512207,39400,0.0,0.0,0.0
2011-02-24 00:00:00-05:00,31.874970365728103,31.874970365728103,31.58952238596193,31.72273063659668,19200,0.0,0.0,0.0
2011-02-25 00:00:00-05:00,31.893996928710635,32.08429718017578,31.817878279985504,32.08429718017578,39800,0.0,0.0,0.0
2011-02-28 00:00:00-05:00,32.477571873126635,32.477571873126635,32.223839878741664,32.37607955932617,42800,0.0,0.0,0.0
2011-03-01 00:00:00-05:00,32.59176151793581,32.59176151793581,31.97646280637386,32.0081787109375,26000,0.0,0.0,0.0
2011-03-02 00:00:00-05:00,32.12869878130454,32.318996606216054,32.096980460679184,32.24287796020508,44400,0.0,0.0,0.0
2011-03-03 00:00:00-05:00,32.44586771879119,32.636165573552354,32.40780717993156,32.61713409423828,26500,0.0,0.0,0.0
2011-03-04 00:00:00-05:00,32.8264493907388,32.8264493907388,32.22383775854952,32.401451110839844,45200,0.0,0.0,0.0
2011-03-07 00:00:00-05:00,32.6044433684238,32.63615926812828,32.03354749467096,32.185787200927734,461000,0.0,0.0,0.0
2011-03-08 00:00:00-05:00,32.44586240329427,32.44586240329427,32.00183253508315,32.299964904785156,12600,0.0,0.0,0.0
2011-03-09 00:00:00-05:00,32.414158286625785,32.414158286625785,32.147741700817456,32.26192092895508,32100,0.0,0.0,0.0
2011-03-10 00:00:00-05:00,32.07794305656538,32.07794305656538,31.373839109828467,31.462644577026367,63600,0.0,0.0,0.0
2011-03-11 00:00:00-05:00,32.26190493957274,32.26190493957274,31.24063702725493,31.57682991027832,54000,0.0,0.0,0.0
2011-03-14 00:00:00-04:00,30.942509479130603,31.126465122882482,30.771240681820426,31.1201229095459,31900,0.0,0.0,0.0
2011-03-15 00:00:00-04:00,29.75630750147672,30.6570539481921,29.299590856958062,30.5745906829834,67200,0.0,0.0,0.0
2011-03-16 00:00:00-04:00,30.371614457270013,30.441390899482478,29.3884068927987,29.724599838256836,48400,0.0,0.0,0.0
2011-03-17 00:00:00-04:00,30.428698758894093,30.733175746666458,30.365264540753184,30.485788345336914,43300,0.0,0.0,0.0
2011-03-18 00:00:00-04:00,30.898106781410327,30.955196380615234,30.790272216116918,30.955196380615234,38900,0.0,0.0,0.0
2011-03-21 00:00:00-04:00,31.46265107093185,31.652951305368262,31.437279803472595,31.621232986450195,63600,0.0,0.0,0.0
2011-03-22 00:00:00-04:00,31.640268461154573,31.640268461154573,31.38019418362125,31.54511833190918,18700,0.0,0.0,0.0
2011-03-23 00:00:00-04:00,31.526079976439178,31.70369091756417,31.323095352362728,31.684661865234375,41100,0.0,0.0,0.0
2011-03-24 00:00:00-04:00,31.849595147550872,32.09064036555108,31.74810280625104,32.001834869384766,24400,0.0,0.0,0.0
2011-03-25 00:00:00-04:00,31.8876450356058,32.02719786570922,31.773465887297085,31.798839569091797,141100,0.0,0.0,0.0
2011-03-28 00:00:00-04:00,32.001845432797886,32.001845432797886,31.652965545654297,31.652965545654297,46300,0.0,0.0,0.0
2011-03-29 00:00:00-04:00,31.716392725137105,31.944751139921088,31.564152975358205,31.90669059753418,40200,0.0,0.0,0.0
2011-03-30 00:00:00-04:00,32.160411546201175,32.36973840726194,32.128695648436555,32.33168029785156,42300,0.0,0.0,0.0
2011-03-31 00:00:00-04:00,32.217510033003826,32.36974735225008,32.217510033003826,32.29362869262695,26900,0.0,0.0,0.0
2011-04-01 00:00:00-04:00,32.388769426543476,32.68055955350574,32.31899300058122,32.57906723022461,72200,0.0,0.0,0.0
2011-04-04 00:00:00-04:00,32.813771309528676,32.813771309528676,32.604444428856475,32.75033950805664,111400,0.0,0.0,0.0
2011-04-05 00:00:00-04:00,32.50294512683184,32.7439878565666,32.46488460224696,32.62346649169922,25300,0.0,0.0,0.0
2011-04-06 00:00:00-04:00,32.832787459786275,32.89622165609109,32.756668843987654,32.864505767822266,63200,0.0,0.0,0.0
2011-04-07 00:00:00-04:00,32.788394256490186,32.889886580291794,32.560038342762475,32.699588775634766,22000,0.0,0.0,0.0
2011-04-08 00:00:00-04:00,33.080194007458076,33.080194007458076,32.82646193282358,32.946983337402344,24900,0.0,0.0,0.0
2011-04-11 00:00:00-04:00,32.96601565711412,33.02310525437534,32.69959672997227,32.74399948120117,30600,0.0,0.0,0.0
2011-04-12 00:00:00-04:00,32.623475785600014,32.623475785600014,32.29362507119807,32.43317794799805,33600,0.0,0.0,0.0
2011-04-13 00:00:00-04:00,32.826449924891186,32.826449924891186,32.42682290044456,32.566375732421875,16500,0.0,0.0,0.0
2011-04-14 00:00:00-04:00,32.39512199459888,32.66788315432326,32.38243514766186,32.64250946044922,42200,0.0,0.0,0.0
2011-04-15 00:00:00-04:00,32.60443743929058,32.674211438044786,32.44585554983833,32.62346649169922,46900,0.0,0.0,0.0
2011-04-18 00:00:00-04:00,32.29362233109235,32.29362233109235,31.659294646396162,32.03989028930664,69800,0.0,0.0,0.0
2011-04-19 00:00:00-04:00,32.18578523232002,32.33802250949733,32.141380071728086,32.33168029785156,12700,0.0,0.0,0.0
2011-04-20 00:00:00-04:00,33.01040415627899,33.092864990234375,32.9596567940596,33.092864990234375,34300,0.0,0.0,0.0
2011-04-21 00:00:00-04:00,33.29586372947854,33.410040495093234,33.143624009045176,33.23242950439453,77400,0.0,0.0,0.0
2011-04-25 00:00:00-04:00,33.31488345132873,33.31488345132873,33.09921198601698,33.20704650878906,34800,0.0,0.0,0.0
2011-04-26 00:00:00-04:00,33.32124126757249,33.51154155885233,33.23878038910452,33.46713638305664,37900,0.0,0.0,0.0
2011-04-27 00:00:00-04:00,33.549590258749035,33.78429082037049,33.270486953571314,33.7525749206543,24900,0.0,0.0,0.0
2011-04-28 00:00:00-04:00,33.651082969470046,33.854067633666084,33.651082969470046,33.816009521484375,25100,0.0,0.0,0.0
2011-04-29 00:00:00-04:00,33.822355183620864,34.05071355907698,33.81601297086633,33.9682502746582,35000,0.0,0.0,0.0
2011-05-02 00:00:00-04:00,34.09510362975658,34.20293814486466,33.83502944769704,33.91114807128906,62500,0.0,0.0,0.0
2011-05-03 00:00:00-04:00,33.66377654281947,33.79698480161984,33.39736002521871,33.568626403808594,44500,0.0,0.0,0.0
2011-05-04 00:00:00-04:00,33.48616292394185,33.48616292394185,33.06750670047287,33.213401794433594,34000,0.0,0.0,0.0
2011-05-05 00:00:00-04:00,32.98503300606895,32.98503300606895,32.50294512683184,32.62346649169922,71800,0.0,0.0,0.0
2011-05-06 00:00:00-04:00,33.04212966645697,33.22608527840123,32.579070740360415,32.75033950805664,107000,0.0,0.0,0.0
2011-05-09 00:00:00-04:00,32.769367708221225,32.997726059182106,32.62347263283356,32.93429183959961,37800,0.0,0.0,0.0
2011-05-10 00:00:00-04:00,33.04213467464718,33.27683527938897,32.98504507676205,33.23877716064453,19900,0.0,0.0,0.0
2011-05-11 00:00:00-04:00,33.04214274585441,33.04214274585441,32.47759126206975,32.636173248291016,55300,0.0,0.0,0.0
2011-05-12 00:00:00-04:00,32.52198655613223,32.813776763026745,32.299970374545815,32.75668716430664,51300,0.0,0.0,0.0
2011-05-13 00:00:00-04:00,32.57907382587146,32.57907382587146,32.03355157038124,32.21116256713867,32300,0.0,0.0,0.0
2011-05-16 00:00:00-04:00,32.11601801602752,32.4268372909366,32.058928415771156,32.12236022949219,58000,0.0,0.0,0.0
2011-05-17 00:00:00-04:00,31.96377106346028,32.192129412961414,31.779815457499026,32.185787200927734,56300,0.0,0.0,0.0
2011-05-18 00:00:00-04:00,32.17945030840576,32.52198791503906,32.154076614632494,32.52198791503906,13700,0.0,0.0,0.0
2011-05-19 00:00:00-04:00,32.49659333195909,32.61711467025624,32.34435610671712,32.57271194458008,27700,0.0,0.0,0.0
2011-05-20 00:00:00-04:00,32.40146367138696,32.50295601785354,32.109671057998185,32.22385025024414,51300,0.0,0.0,0.0
2011-05-23 00:00:00-04:00,31.51339844538636,31.77981490196854,31.380190217095272,31.621232986450195,88000,0.0,0.0,0.0
2011-05-24 00:00:00-04:00,31.798853991426853,31.938404465055758,31.67198794468083,31.78616714477539,92000,0.0,0.0,0.0
2011-05-25 00:00:00-04:00,31.602206563310826,31.982802224350465,31.602206563310826,31.944744110107422,59600,0.0,0.0,0.0
2011-05-26 00:00:00-04:00,32.065268307654584,32.27459763336164,31.906686365065028,32.22385025024414,69000,0.0,0.0,0.0
2011-05-27 00:00:00-04:00,32.40778851674726,32.56637037435128,32.39510167776689,32.46487808227539,34500,0.0,0.0,0.0
2011-05-31 00:00:00-04:00,33.31489460364553,33.31489460364553,32.83914877853214,32.946983337402344,67800,0.0,0.0,0.0
2011-06-01 00:00:00-04:00,32.95331634305364,32.95331634305364,32.31898880004883,32.31898880004883,36900,0.0,0.0,0.0
2011-06-02 00:00:00-04:00,32.52832761651245,32.52832761651245,32.19213466917017,32.483924865722656,233300,0.0,0.0,0.0
2011-06-03 00:00:00-04:00,32.147732933401365,32.629820994241165,32.116017027517046,32.420494079589844,23900,0.0,0.0,0.0
2011-06-06 00:00:00-04:00,32.38243139191894,32.38243139191894,31.976462016093464,32.014522552490234,75700,0.0,0.0,0.0
2011-06-07 00:00:00-04:00,32.420497729543065,32.490274182205226,32.27460261023527,32.28094482421875,23400,0.0,0.0,0.0
2011-06-08 00:00:00-04:00,32.12236632165437,32.15408223452996,31.87497881354809,31.95109748840332,40700,0.0,0.0,0.0
2011-06-09 00:00:00-04:00,31.951089945320376,32.28094068484655,31.88765813454431,32.23653793334961,22800,0.0,0.0,0.0
2011-06-10 00:00:00-04:00,31.913023174001697,31.970112756128522,31.39287472340968,31.507051467895508,148600,0.0,0.0,0.0
2011-06-13 00:00:00-04:00,31.58317639637765,31.74175831953307,31.399220784773018,31.526086807250977,49700,0.0,0.0,0.0
2011-06-14 00:00:00-04:00,31.932060891035203,32.12235874316163,31.932060891035203,32.02086639404297,42100,0.0,0.0,0.0
2011-06-15 00:00:00-04:00,31.50071786879518,31.58318115880571,31.075719412141833,31.17721176147461,41200,0.0,0.0,0.0
2011-06-16 00:00:00-04:00,30.923462045011863,31.158162515305886,30.72681967166076,30.99323844909668,66900,0.0,0.0,0.0
2011-06-17 00:00:00-04:00,31.304072676913908,31.342133212036345,31.158177588596963,31.215267181396484,23900,0.0,0.0,0.0
2011-06-20 00:00:00-04:00,30.967879655881724,31.196238026367194,30.967879655881724,31.145490646362305,29800,0.0,0.0,0.0
2011-06-21 00:00:00-04:00,31.411913637747347,31.824225264961196,31.411913637747347,31.78616714477539,38200,0.0,0.0,0.0
2011-06-22 00:00:00-04:00,31.51974631586249,31.691015105741332,31.35482215881348,31.354822158813477,93800,0.0,0.0,0.0
2011-06-23 00:00:00-04:00,30.9171334063704,31.183549880981445,30.67608820093553,31.183549880981445,25900,0.0,0.0,0.0
2011-06-24 00:00:00-04:00,31.285037771217027,31.285037771217027,30.891755327540032,30.94884490966797,16700,0.0,0.0,0.0
2011-06-27 00:00:00-04:00,30.948850139649643,31.246982523571575,30.87272907077031,31.196237564086914,51300,0.0,0.0,0.0
2011-06-28 00:00:00-04:00,31.29138167793692,31.56414031982422,31.29138167793692,31.56414031982422,16000,0.0,0.0,0.0
2011-06-29 00:00:00-04:00,31.824215541565938,32.09063440030929,31.72272321913224,32.02720260620117,18300,0.0,0.0,0.0
2011-06-30 00:00:00-04:00,32.23654156597749,32.560050128788546,32.211167870900404,32.54736328125,36000,0.0,0.0,0.0
2011-07-01 00:00:00-04:00,32.43951426143668,32.89623092444037,32.35705099289038,32.87085723876953,39900,0.0,0.0,0.0
2011-07-05 00:00:00-04:00,32.775717252426,32.86452517970838,32.65519583790995,32.69325637817383,34800,0.0,0.0,0.0
2011-07-06 00:00:00-04:00,32.49661422126579,32.57907751614461,32.36340595860905,32.52198791503906,37100,0.0,0.0,0.0
2011-07-07 00:00:00-04:00,32.788397444755454,32.90892125457972,32.724965643624444,32.82645797729492,22000,0.0,0.0,0.0
2011-07-08 00:00:00-04:00,32.48391426297045,32.585406577329806,32.33167700131525,32.49660110473633,26500,0.0,0.0,0.0
2011-07-11 00:00:00-04:00,31.824218768888887,31.887652989197772,31.532428614772282,31.627578735351562,33500,0.0,0.0,0.0
2011-07-12 00:00:00-04:00,31.405563632644697,31.754445806462428,31.399221420288082,31.399221420288086,45600,0.0,0.0,0.0
2011-07-13 00:00:00-04:00,31.71639161844828,32.17945064570539,31.697362557803178,31.86863136291504,28100,0.0,0.0,0.0
2011-07-14 00:00:00-04:00,32.04624762764931,32.04624762764931,31.614904437445688,31.6656494140625,17000,0.0,0.0,0.0
2011-07-15 00:00:00-04:00,31.849598958264114,31.925720038172877,31.652958884587928,31.78616714477539,29400,0.0,0.0,0.0
2011-07-18 00:00:00-04:00,31.494371544014403,31.5324296576904,31.13280494548345,31.399221420288086,1997700,0.0,0.0,0.0
2011-07-19 00:00:00-04:00,31.652941570752276,31.843239326896093,31.6275678913285,31.8115234375,38500,0.0,0.0,0.0
2011-07-20 00:00:00-04:00,32.03354678137462,32.11601005458448,31.906680765613597,32.07794952392578,22100,0.0,0.0,0.0
2011-07-21 00:00:00-04:00,32.35071251031758,32.71227910361615,32.35071251031758,32.655189514160156,38800,0.0,0.0,0.0
2011-07-22 00:00:00-04:00,32.65518306586024,32.76936222222569,32.50294580388476,32.71227264404297,33500,0.0,0.0,0.0
2011-07-25 00:00:00-04:00,32.445862478854586,32.655189359355475,32.445862478854586,32.53466796875,22800,0.0,0.0,0.0
2011-07-26 00:00:00-04:00,32.68056539028806,32.80108678953219,32.553699358586286,32.64884948730469,33000,0.0,0.0,0.0
2011-07-27 00:00:00-04:00,32.52199314776103,32.52199314776103,31.93206798134215,32.052589416503906,30500,0.0,0.0,0.0
2011-07-28 00:00:00-04:00,31.932045425050113,32.18577738483832,31.868613644986713,31.881298065185547,27200,0.0,0.0,0.0
2011-07-29 00:00:00-04:00,31.779820834801566,32.15407432208328,31.691015332695468,31.976463317871094,23100,0.0,0.0,0.0
2011-08-01 00:00:00-04:00,32.47123259903661,32.47123259903661,31.449967081593964,31.73541259765625,111400,0.0,0.0,0.0
2011-08-02 00:00:00-04:00,31.36115521242878,31.58951353223879,30.872722677227976,30.891754150390625,68000,0.0,0.0,0.0
2011-08-03 00:00:00-04:00,30.948862035566602,31.075728112694534,30.327220919385805,30.92983055114746,157600,0.0,0.0,0.0
2011-08-04 00:00:00-04:00,30.067135242996482,30.067135242996482,28.887285283013608,28.938030242919922,177700,0.0,0.0,0.0
2011-08-05 00:00:00-04:00,29.38840891061252,29.489901264498652,28.126095490620663,29.147363662719727,109900,0.0,0.0,0.0
2011-08-08 00:00:00-04:00,27.942137016575906,28.233927202011834,26.94624263862885,27.073108673095703,203100,0.0,0.0,0.0
2011-08-09 00:00:00-04:00,27.961168173791698,28.65258309317823,27.276093047391676,28.51937484741211,197200,0.0,0.0,0.0
2011-08-10 00:00:00-04:00,27.954821055471086,28.329074488702496,27.276090621948242,27.276090621948242,162700,0.0,0.0,0.0
2011-08-11 00:00:00-04:00,27.460045977852108,28.728701343853853,27.339522169430374,28.45594024658203,155300,0.0,0.0,0.0
2011-08-12 00:00:00-04:00,28.760414627780055,29.11563896906309,28.44959302668641,28.72869873046875,80500,0.0,0.0,0.0
2011-08-15 00:00:00-04:00,29.09661064338759,29.413774490356445,29.09661064338759,29.413774490356445,168100,0.0,0.0,0.0
2011-08-16 00:00:00-04:00,28.938041547379182,29.255205534938526,28.735056788922737,29.08393669128418,135100,0.0,0.0,0.0
2011-08-17 00:00:00-04:00,29.21079547648534,29.50893032467462,29.014155401950784,29.147363662719727,85700,0.0,0.0,0.0
2011-08-18 00:00:00-04:00,28.544747936775234,28.544747936775234,27.326839852961594,27.853330612182617,213100,0.0,0.0,0.0
2011-08-19 00:00:00-04:00,27.567887533590845,28.107067653127743,27.396618725251034,27.409305572509766,68500,0.0,0.0,0.0
2011-08-22 00:00:00-04:00,27.942140144573173,28.08803525362344,27.479081123734858,27.56154441833496,62900,0.0,0.0,0.0
2011-08-23 00:00:00-04:00,27.827944498621395,28.37346649169922,27.732796833170937,28.37346649169922,39000,0.0,0.0,0.0
2011-08-24 00:00:00-04:00,28.132429448446395,28.34810093963531,27.986534383784463,28.341758728027344,38100,0.0,0.0,0.0
2011-08-25 00:00:00-04:00,28.25295680913965,28.322733244464292,27.694747746310714,27.77086639404297,50400,0.0,0.0,0.0
2011-08-26 00:00:00-04:00,27.618630960054062,28.20221133161452,27.358556677985888,28.151466369628906,53100,0.0,0.0,0.0
2011-08-29 00:00:00-04:00,28.474971973698196,28.86825449651357,28.474971973698196,28.830196380615234,27900,0.0,0.0,0.0
2011-08-30 00:00:00-04:00,28.60817570651789,28.969742269132073,28.449593795905777,28.88728141784668,63200,0.0,0.0,0.0
2011-08-31 00:00:00-04:00,29.248849639755022,29.4708633592997,29.141012676141848,29.27422332763672,102500,0.0,0.0,0.0
2011-09-01 00:00:00-04:00,29.248863319885785,29.508937692893678,29.05222077648208,29.08393669128418,81200,0.0,0.0,0.0
2011-09-02 00:00:00-04:00,28.59549159543133,28.70332613433691,28.259296295818988,28.354446411132812,246400,0.0,0.0,0.0
2011-09-06 00:00:00-04:00,27.231681520730646,27.61862170779005,27.092128687425934,27.548845291137695,207300,0.0,0.0,0.0
2011-09-07 00:00:00-04:00,28.0119130868894,28.468629837036133,28.0119130868894,28.468629837036133,49400,0.0,0.0,0.0
2011-09-08 00:00:00-04:00,28.069001161299845,28.32273321315107,27.8216137416174,27.935792922973633,21700,0.0,0.0,0.0
2011-09-09 00:00:00-04:00,27.472725808886857,27.510783911500198,26.92720375359932,27.028696060180664,61700,0.0,0.0,0.0
2011-09-12 00:00:00-04:00,26.56563717560493,26.813024520874023,26.273844677815852,26.813024520874023,308900,0.0,0.0,0.0
2011-09-13 00:00:00-04:00,26.794005333083295,27.092137731346813,26.67982614403996,27.073108673095703,57700,0.0,0.0,0.0
2011-09-14 00:00:00-04:00,27.02870860387575,27.466393925425848,26.641768249282716,27.282438278198242,77300,0.0,0.0,0.0
2011-09-15 00:00:00-04:00,27.536175864125298,27.821623921965593,27.498115316490235,27.808937072753906,37100,0.0,0.0,0.0
2011-09-16 00:00:00-04:00,27.751822580024683,27.91040442333911,27.593240736710257,27.7391357421875,26600,0.0,0.0,0.0
2011-09-19 00:00:00-04:00,26.939895341773965,27.18728273142544,26.73691069284107,27.111164093017578,46200,0.0,0.0,0.0
2011-09-20 00:00:00-04:00,27.174595156406152,27.40929569670631,26.958923670253412,27.16825294494629,31800,0.0,0.0,0.0
2011-09-21 00:00:00-04:00,27.0540705717713,27.07944183436942,26.36899566650391,26.368995666503906,164200,0.0,0.0,0.0
2011-09-22 00:00:00-04:00,25.449230153635455,25.46826163270053,24.897365656117827,25.18281364440918,260600,0.0,0.0,0.0
2011-09-23 00:00:00-04:00,25.138407894622343,25.48728765213724,25.055944614558324,25.39213752746582,401700,0.0,0.0,0.0
2011-09-26 00:00:00-04:00,25.44288296372978,25.76004679539977,25.17646408684762,25.75370216369629,102900,0.0,0.0,0.0
2011-09-27 00:00:00-04:00,26.50220483144965,26.958921451542597,26.368996623845078,26.451459884643555,37400,0.0,0.0,0.0
2011-09-28 00:00:00-04:00,26.58467311532893,26.610046803410054,25.89325584361073,25.931316375732422,46500,0.0,0.0,0.0
2011-09-29 00:00:00-04:00,26.546617697837068,26.616394143619676,26.08990332322386,26.47049903869629,37000,0.0,0.0,0.0
2011-09-30 00:00:00-04:00,25.7727383425828,25.969378405453632,25.538035322080567,25.569753646850586,66800,0.0,0.0,0.0
2011-10-03 00:00:00-04:00,25.296994842316497,25.442889954599718,24.802217483520508,24.802217483520508,80300,0.0,0.0,0.0
2011-10-04 00:00:00-04:00,24.580207507960953,25.087669372558597,24.117148405280037,25.087669372558594,197500,0.0,0.0,0.0
2011-10-05 00:00:00-04:00,25.030574039921703,25.582440960056168,24.929081690201887,25.519006729125977,549000,0.0,0.0,0.0
2011-10-06 00:00:00-04:00,25.557065845153666,26.330944061279297,25.54437899967379,26.330944061279297,86500,0.0,0.0,0.0
2011-10-07 00:00:00-04:00,26.36899688845765,26.57832614802341,26.070862156264354,26.115264892578125,159600,0.0,0.0,0.0
2011-10-10 00:00:00-04:00,26.755944796812738,27.12385363502144,26.648107820596987,27.073108673095703,813800,0.0,0.0,0.0
2011-10-11 00:00:00-04:00,26.736918273567326,27.04773754672405,26.71154458031453,26.946245193481445,110000,0.0,0.0,0.0
2011-10-12 00:00:00-04:00,27.498115686183453,27.910429821914835,27.44737070842354,27.63766860961914,87400,0.0,0.0,0.0
2011-10-13 00:00:00-04:00,27.434666140209753,27.61862170779005,27.13018921099109,27.548845291137695,33500,0.0,0.0,0.0
2011-10-14 00:00:00-04:00,27.86601134241728,28.03728008282778,27.675713548550416,27.954816818237305,56300,0.0,0.0,0.0
2011-10-17 00:00:00-04:00,27.96117055740097,27.96117055740097,27.136542482414516,27.142887115478516,1053700,0.0,0.0,0.0
2011-10-18 00:00:00-04:00,27.212655129970607,27.821609047957832,26.851088589930207,27.707429885864258,66200,0.0,0.0,0.0
2011-10-19 00:00:00-04:00,27.529820573989117,27.536162785698167,27.11116442792237,27.155567169189453,50000,0.0,0.0,0.0
2011-10-20 00:00:00-04:00,27.10482439353601,27.212661369022758,26.75594461593691,27.149227142333984,50800,0.0,0.0,0.0
2011-10-21 00:00:00-04:00,27.58057133628844,27.802587509155273,27.567884490430185,27.802587509155273,79900,0.0,0.0,0.0
2011-10-24 00:00:00-04:00,27.980198418032323,28.39885465088053,27.878706071274223,28.379825592041016,134300,0.0,0.0,0.0
2011-10-25 00:00:00-04:00,28.15146298049804,28.18317888039184,27.808925454201656,27.88504409790039,51700,0.0,0.0,0.0
2011-10-26 00:00:00-04:00,28.233932258588133,28.341769254117025,27.751844144996177,28.259305953979492,49000,0.0,0.0,0.0
2011-10-27 00:00:00-04:00,29.57870464821478,29.94027128421271,29.2869120344425,29.654823303222656,138100,0.0,0.0,0.0
2011-10-28 00:00:00-04:00,29.41376988619552,29.515262204548154,29.236158934020345,29.420114517211914,118200,0.0,0.0,0.0
2011-10-31 00:00:00-04:00,28.899970547534213,28.899970547534213,28.183179577322406,28.18952178955078,58000,0.0,0.0,0.0
2011-11-01 00:00:00-04:00,27.36488400147694,27.561526369127108,26.698840706847324,27.238018035888672,323200,0.0,0.0,0.0
2011-11-02 00:00:00-04:00,27.61228368047392,27.954821215171673,27.542507247135326,27.777210235595703,106100,0.0,0.0,0.0
2011-11-03 00:00:00-04:00,28.14511723074419,28.43056515798662,27.75183476419238,28.424222946166992,39800,0.0,0.0,0.0
2011-11-04 00:00:00-04:00,28.068989295113862,28.113392022451315,27.726451895853103,28.037273406982422,170500,0.0,0.0,0.0
2011-11-07 00:00:00-05:00,28.11340625306837,28.316390943578234,27.910421562558504,28.26564598083496,29000,0.0,0.0,0.0
2011-11-08 00:00:00-05:00,28.354453426422765,28.563780344228462,28.0563185831268,28.53206443786621,79500,0.0,0.0,0.0
2011-11-09 00:00:00-05:00,27.72012851708345,27.72012851708345,27.035053253173828,27.035053253173828,335000,0.0,0.0,0.0
2011-11-10 00:00:00-05:00,27.453708844659456,27.59326174736292,27.193634520383107,27.37759017944336,51800,0.0,0.0,0.0
2011-11-11 00:00:00-05:00,27.707422846927667,28.056302455907854,27.707422846927667,28.037273406982422,32400,0.0,0.0,0.0
2011-11-14 00:00:00-05:00,27.713772212052938,27.827951374619722,27.472729464205532,27.612279891967773,33600,0.0,0.0,0.0
2011-11-15 00:00:00-05:00,27.52347725592387,27.73280654883033,27.364895338183107,27.694746017456055,76500,0.0,0.0,0.0
2011-11-16 00:00:00-05:00,27.269742776339996,27.54884603067429,26.984294891357422,26.984294891357422,45700,0.0,0.0,0.0
2011-11-17 00:00:00-05:00,27.161910735053503,27.180939790897256,26.489522531280468,26.591014862060547,87500,0.0,0.0,0.0
2011-11-18 00:00:00-05:00,26.97796102460656,26.97796102460656,26.597365305954863,26.660797119140625,62800,0.0,0.0,0.0
2011-11-21 00:00:00-05:00,26.178709456595044,26.178709456595044,25.77908225192825,26.07721710205078,77000,0.0,0.0,0.0
2011-11-22 00:00:00-05:00,26.00743842521052,26.178707212529236,25.77273782915231,25.817140579223633,136700,0.0,0.0,0.0
2011-11-23 00:00:00-05:00,25.652218694290422,25.652218694290422,25.07498041807127,25.163785934448242,98200,0.0,0.0,0.0
2011-11-25 00:00:00-05:00,24.9544534020026,25.360422768661117,24.878334750696204,25.017885208129883,46800,0.0,0.0,0.0
2011-11-28 00:00:00-05:00,26.02011782246374,26.191386560755532,25.950341400963264,26.1533260345459,86000,0.0,0.0,0.0
2011-11-29 00:00:00-05:00,26.159672958290262,26.35631297818908,26.108925585562883,26.21676254272461,54200,0.0,0.0,0.0
2011-11-30 00:00:00-05:00,27.19361569493542,27.593242645263672,27.18092885622072,27.593242645263672,55300,0.0,0.0,0.0
2011-12-01 00:00:00-05:00,27.402954270863958,27.650341660944036,27.23802773096531,27.32683563232422,106600,0.0,0.0,0.0
2011-12-02 00:00:00-05:00,27.586920375105617,27.73915771018219,27.257069589414623,27.390277862548828,53400,0.0,0.0,0.0
2011-12-05 00:00:00-05:00,27.739153933209256,27.885049034362847,27.51079554191894,27.675722122192383,58300,0.0,0.0,0.0
2011-12-06 00:00:00-05:00,27.453690549439504,27.682048812677923,27.390258773992,27.53615379333496,90500,0.0,0.0,0.0
2011-12-07 00:00:00-05:00,27.352210103409558,27.808926827695487,27.263404611413552,27.70108985900879,32200,0.0,0.0,0.0
2011-12-08 00:00:00-05:00,27.276094014274605,27.276094014274605,26.73057174682617,26.730571746826172,53100,0.0,0.0,0.0
2011-12-09 00:00:00-05:00,27.003325582457805,27.396608014651385,27.003325582457805,27.352205276489258,59800,0.0,0.0,0.0
2011-12-12 00:00:00-05:00,26.76863565762949,26.76863565762949,26.394382130685454,26.565650939941406,94200,0.0,0.0,0.0
2011-12-13 00:00:00-05:00,26.68615791857886,26.914516207343205,26.007427682400056,26.121606826782227,771500,0.0,0.0,0.0
2011-12-14 00:00:00-05:00,26.045497980430135,26.115271999505822,25.77907907027746,25.89960289001465,140400,0.0,0.0,0.0
2011-12-15 00:00:00-05:00,26.121616168669696,26.216766296272564,25.899602430620693,25.98206329345703,204900,0.0,0.0,0.0
2011-12-16 00:00:00-05:00,26.083555633674898,26.185047973892768,25.874228740624158,25.98206329345703,113800,0.0,0.0,0.0
2011-12-19 00:00:00-05:00,26.04549905529439,26.09624401851346,25.55072175024012,25.671245574951172,142600,0.0,0.0,0.0
2011-12-20 00:00:00-05:00,26.318254969942814,26.57832920675418,26.127954741248903,26.483179092407227,174600,0.0,0.0,0.0
2011-12-21 00:00:00-05:00,26.411831651125862,26.50347331664336,26.182733729782296,26.43801498413086,368100,1.291,0.0,0.0
2011-12-22 00:00:00-05:00,26.42493106238245,26.732579072908067,26.42493106238245,26.69330406188965,186100,0.0,0.0,0.0
2011-12-23 00:00:00-05:00,26.73257079569504,26.86348496157398,26.68675121218441,26.850393295288086,189800,0.0,0.0,0.0
2011-12-27 00:00:00-05:00,26.712931618586612,26.83075410527323,26.712931618586612,26.791479110717773,325900,0.0,0.0,0.0
2011-12-28 00:00:00-05:00,26.673660353897375,26.752207857012092,26.235100756445092,26.24818992614746,306700,0.0,0.0,0.0
2011-12-29 00:00:00-05:00,26.294010579784384,26.75875602647161,26.294010579784384,26.647478103637695,269500,0.0,0.0,0.0
2011-12-30 00:00:00-05:00,26.680214607994007,26.856948426787756,26.549302887685457,26.7718563079834,216800,0.0,0.0,0.0
2012-01-03 00:00:00-05:00,27.308597337565345,27.642426158228783,27.308597337565345,27.5507869720459,569200,0.0,0.0,0.0
2012-01-04 00:00:00-05:00,27.354417279735006,27.472239805468153,27.249686423192273,27.426420211791992,290500,0.0,0.0,0.0
2012-01-05 00:00:00-05:00,27.092588695621977,27.15149995806613,26.915854908289514,27.125316619873047,66900,0.0,0.0,0.0
2012-01-06 00:00:00-05:00,27.00749890272739,27.00749890272739,26.719489622275173,26.7718563079834,82300,0.0,0.0,0.0
2012-01-09 00:00:00-05:00,26.955127815514327,26.955127815514327,26.739119037721412,26.93549156188965,127300,0.0,0.0,0.0
2012-01-10 00:00:00-05:00,27.380589684737053,27.46568175502565,27.295495117468874,27.354406356811523,55500,0.0,0.0,0.0
2012-01-11 00:00:00-05:00,27.164593229324137,27.295507431030273,27.059862367355368,27.295507431030273,104300,0.0,0.0,0.0
2012-01-12 00:00:00-05:00,27.360953034638264,27.432955943455116,27.197310968047148,27.40677261352539,74500,0.0,0.0,0.0
2012-01-13 00:00:00-05:00,27.164583301137913,27.164583301137913,26.856935414115586,27.144947052001953,140600,0.0,0.0,0.0
2012-01-17 00:00:00-05:00,27.60314900838812,27.61624067639519,27.387142728722345,27.452598571777344,121400,0.0,0.0,0.0
2012-01-18 00:00:00-05:00,27.662056880090216,28.008979797363285,27.524598128311478,28.00897979736328,46200,0.0,0.0,0.0
2012-01-19 00:00:00-05:00,28.146445081413134,28.31008720397949,28.080989231178844,28.310087203979492,92300,0.0,0.0,0.0
2012-01-20 00:00:00-05:00,28.257716754436867,28.454089272889675,28.211897165992625,28.447542190551758,59400,0.0,0.0,0.0
2012-01-23 00:00:00-05:00,28.50645506845631,28.702825101100537,28.49991048272636,28.617733001708984,108300,0.0,0.0,0.0
2012-01-24 00:00:00-05:00,28.34935356972729,28.46717606181416,28.1988031625007,28.454084396362305,83300,0.0,0.0,0.0
2012-01-25 00:00:00-05:00,28.32317398257701,28.827191932685245,28.244626476463317,28.81410026550293,58200,0.0,0.0,0.0
2012-01-26 00:00:00-05:00,29.010467603736636,29.108653850058506,28.702819695776093,28.787914276123047,69600,0.0,0.0,0.0
2012-01-27 00:00:00-05:00,28.722450349087154,28.899184044474026,28.722450349087154,28.859909057617188,45800,0.0,0.0,0.0
2012-01-30 00:00:00-05:00,28.421359459252557,28.598093231428358,28.270809023024363,28.558820724487305,88100,0.0,0.0,0.0
2012-01-31 00:00:00-05:00,28.853383913819254,28.97120395980795,28.539188801246237,28.73556137084961,60700,0.0,0.0,0.0
2012-02-01 00:00:00-05:00,29.075918084851878,29.291926788208944,29.049737254700922,29.161012649536133,137600,0.0,0.0,0.0
2012-02-02 00:00:00-05:00,29.29848309597986,29.36394144000072,29.180663070703332,29.25921058654785,225600,0.0,0.0,0.0
2012-02-03 00:00:00-05:00,29.593032239507387,29.73049098321262,29.43593724583852,29.68467140197754,130900,0.0,0.0,0.0
2012-02-06 00:00:00-05:00,29.39666334332588,29.54066917370005,29.370480011079668,29.52103042602539,101500,0.0,0.0,0.0
2012-02-07 00:00:00-05:00,29.547210479056883,29.697760877294193,29.38356841614941,29.651941299438477,66600,0.0,0.0,0.0
2012-02-08 00:00:00-05:00,29.77630758972629,29.867946735356814,29.612665544820512,29.782852172851562,120000,0.0,0.0,0.0
2012-02-09 00:00:00-05:00,29.96613477609055,29.96613477609055,29.678125634525895,29.77631187438965,107400,0.0,0.0,0.0
2012-02-10 00:00:00-05:00,29.305017867817035,29.33120119442575,29.161012068448574,29.25265121459961,76400,0.0,0.0,0.0
2012-02-13 00:00:00-05:00,29.671586282551942,29.743586707904335,29.521033355685386,29.579944610595703,93200,0.0,0.0,0.0
2012-02-14 00:00:00-05:00,29.488316331773582,29.50795508865385,29.20685162064099,29.37704086303711,80700,0.0,0.0,0.0
2012-02-15 00:00:00-05:00,29.723944233479628,29.723944233479628,29.429388020584202,29.49484634399414,204200,0.0,0.0,0.0
2012-02-16 00:00:00-05:00,29.41629309335002,29.848307992022097,29.357381857304766,29.782852172851562,199500,0.0,0.0,0.0
2012-02-17 00:00:00-05:00,29.998869255434624,29.998869255434624,29.802496749077537,29.96613883972168,110300,0.0,0.0,0.0
2012-02-21 00:00:00-05:00,30.110144678522172,30.116689263476673,29.939958002923525,29.96613883972168,93500,0.0,0.0,0.0
2012-02-22 00:00:00-05:00,29.90068817138672,29.99232735847289,29.82214065345294,29.90068817138672,81400,0.0,0.0,0.0
2012-02-23 00:00:00-05:00,29.933405368939606,30.097047429231413,29.78285497310871,30.083955764770508,349600,0.0,0.0,0.0
2012-02-24 00:00:00-05:00,30.227962680485955,30.358876832895024,30.169051436750866,30.28032684326172,83900,0.0,0.0,0.0
2012-02-27 00:00:00-05:00,29.900676517953052,30.116682732330233,29.782854038482007,30.005407333374023,174100,0.0,0.0,0.0
2012-02-28 00:00:00-05:00,30.19524117634679,30.371974945068363,30.1036019993016,30.37197494506836,52200,0.0,0.0,0.0
2012-02-29 00:00:00-05:00,30.463602865986378,30.55524200917143,29.992312990201103,30.044679641723633,82300,0.0,0.0,0.0
2012-03-01 00:00:00-05:00,30.280334187958605,30.476706712693556,30.26069793427726,30.450523376464844,510200,0.0,0.0,0.0
2012-03-02 00:00:00-05:00,30.227966538412506,30.26069445644682,30.05777736946593,30.12323570251465,115000,0.0,0.0,0.0
2012-03-05 00:00:00-05:00,30.044685991767857,30.07086682608315,29.854860585347517,29.887588500976562,89000,0.0,0.0,0.0
2012-03-06 00:00:00-05:00,29.285386070141826,29.285386070141826,28.87300735283757,29.003921508789062,195400,0.0,0.0,0.0
2012-03-07 00:00:00-05:00,29.219929266789926,29.377026761516525,29.121745517443276,29.35084342956543,121400,0.0,0.0,0.0
2012-03-08 00:00:00-05:00,29.78285450547109,30.05777196389444,29.72394326481185,29.998863220214844,184800,0.0,0.0,0.0
2012-03-09 00:00:00-05:00,29.913783553360584,29.998878164922573,29.8483251994741,29.92032814025879,217300,0.0,0.0,0.0
2012-03-12 00:00:00-04:00,29.881042698320414,29.881042698320414,29.62575897407061,29.77631187438965,107800,0.0,0.0,0.0
2012-03-13 00:00:00-04:00,29.900686916161547,30.299974069115503,29.861411910353127,30.286882400512695,129800,0.0,0.0,0.0
2012-03-14 00:00:00-04:00,30.14287259725497,30.214875516655216,29.86795508352328,29.96613883972168,137000,0.0,0.0,0.0
2012-03-15 00:00:00-04:00,30.07742074189749,30.273790777272897,29.992326144341977,30.221424102783203,71200,0.0,0.0,0.0
2012-03-16 00:00:00-04:00,30.339249872571557,30.44398073578657,30.326160699527826,30.358888626098633,247200,0.0,0.0,0.0
2012-03-19 00:00:00-04:00,30.280327750724073,30.515972732726414,30.23450817055471,30.424333572387695,66000,0.0,0.0,0.0
2012-03-20 00:00:00-04:00,30.044679641723633,30.064315887554894,29.867945938304157,30.044679641723633,80500,0.0,0.0,0.0
2012-03-21 00:00:00-04:00,30.018500623699985,30.018500623699985,29.815583565400086,29.972681045532227,54500,0.0,0.0,0.0
2012-03-22 00:00:00-04:00,29.645399779629386,29.69121936222084,29.494849365831755,29.625761032104492,72000,0.0,0.0,0.0
2012-03-23 00:00:00-04:00,29.691227448432524,29.822141647338867,29.494857398563344,29.822141647338867,210500,0.0,0.0,0.0
2012-03-26 00:00:00-04:00,30.08395922639521,30.273784637451175,30.005411727571346,30.273784637451172,93300,0.0,0.0,0.0
2012-03-27 00:00:00-04:00,30.267240785195682,30.306513287067727,30.083959954199376,30.0970516204834,322000,0.0,0.0,0.0
2012-03-28 00:00:00-04:00,30.14287052760922,30.14287052760922,29.68467220587004,29.84831428527832,76300,0.0,0.0,0.0
2012-03-29 00:00:00-04:00,29.55374737975229,29.68465898740048,29.390105373213196,29.67156982421875,177500,0.0,0.0,0.0
2012-03-30 00:00:00-04:00,29.881050109863278,29.90723094960488,29.72395258651156,29.88105010986328,73400,0.0,0.0,0.0
2012-04-02 00:00:00-04:00,29.887586883014293,30.34578516795614,29.782856060482995,30.28032684326172,130100,0.0,0.0,0.0
2012-04-03 00:00:00-04:00,30.208332818356688,30.208332818356688,29.658495259573158,29.82868194580078,77600,0.0,0.0,0.0
2012-04-04 00:00:00-04:00,29.3377533466777,29.363936680041668,29.06283583729635,29.1806583404541,168400,0.0,0.0,0.0
2012-04-05 00:00:00-04:00,29.075927221518825,29.278844325074267,29.049746383140942,29.147930145263672,107200,0.0,0.0,0.0
2012-04-09 00:00:00-04:00,28.85337132232624,28.977738398084938,28.748637999186464,28.89919090270996,90800,0.0,0.0,0.0
2012-04-10 00:00:00-04:00,28.886101437792114,28.886101437792114,28.316625186247585,28.36899185180664,70900,0.0,0.0,0.0
2012-04-11 00:00:00-04:00,28.86645882477076,28.873005905579074,28.676635929984794,28.729000091552734,88900,0.0,0.0,0.0
2012-04-12 00:00:00-04:00,28.91882223936282,29.311562146495962,28.879547249857733,29.285381317138672,67700,0.0,0.0,0.0
2012-04-13 00:00:00-04:00,29.062837364335255,29.062837364335255,28.735553171029586,28.761734008789062,56400,0.0,0.0,0.0
2012-04-16 00:00:00-04:00,29.017017915432792,29.049745835523414,28.70936997322441,28.87955665588379,104800,0.0,0.0,0.0
2012-04-17 00:00:00-04:00,29.128296195572275,29.37048582433598,29.0235653428382,29.29848289489746,50200,0.0,0.0,0.0
2012-04-18 00:00:00-04:00,29.128307450523028,29.233038343724303,29.049759904867436,29.108671188354492,90900,0.0,0.0,0.0
2012-04-19 00:00:00-04:00,29.161014013570863,29.278836494189704,28.879549476201365,29.030099868774414,75500,0.0,0.0,0.0
2012-04-20 00:00:00-04:00,29.219928085821586,29.31811432817986,29.174108505249023,29.174108505249023,148300,0.0,0.0,0.0
2012-04-23 00:00:00-04:00,28.696280960433192,28.722464297719963,28.3820884039334,28.70282554626465,108000,0.0,0.0,0.0
2012-04-24 00:00:00-04:00,28.82063407076035,28.95154819663721,28.77481450125034,28.859909057617188,136400,0.0,0.0,0.0
2012-04-25 00:00:00-04:00,29.108665465460493,29.246124267578125,28.964659579252896,29.246124267578125,156600,0.0,0.0,0.0
2012-04-26 00:00:00-04:00,29.082472135033754,29.337753393287752,29.017016298499946,29.318117141723633,132800,0.0,0.0,0.0
2012-04-27 00:00:00-04:00,29.41630410706,29.435942857747627,29.272300751572878,29.409759521484375,148000,0.0,0.0,0.0
2012-04-30 00:00:00-04:00,29.337758102392378,29.344305185284718,29.128296395486643,29.25921058654785,104000,0.0,0.0,0.0
2012-05-01 00:00:00-04:00,29.265750245580488,29.579942753044886,29.233022327570048,29.422847747802734,149000,0.0,0.0,0.0
2012-05-02 00:00:00-04:00,29.206842522092543,29.226481272854926,29.010472493331424,29.187206268310547,82000,0.0,0.0,0.0
2012-05-03 00:00:00-04:00,29.233032177798265,29.25921551982127,28.886111635426673,28.91229248046875,150100,0.0,0.0,0.0
2012-05-04 00:00:00-04:00,28.82718568893888,28.82718568893888,28.473718242515297,28.526084899902344,55000,0.0,0.0,0.0
2012-05-07 00:00:00-04:00,28.558821914132146,28.696280688112516,28.47372731724791,28.67009735107422,81000,0.0,0.0,0.0
2012-05-08 00:00:00-04:00,28.395173874486254,28.401718458889157,27.936975559905104,28.27735137939453,98800,0.0,0.0,0.0
2012-05-09 00:00:00-04:00,27.779875341713836,28.022067389516398,27.59005244889574,27.910789489746094,271900,0.0,0.0,0.0
2012-05-10 00:00:00-04:00,28.166078910775017,28.270809760316425,28.01552847062052,28.041711807250977,83000,0.0,0.0,0.0
2012-05-11 00:00:00-04:00,27.799525689170913,28.094079523951805,27.72752275285355,27.87152862548828,75600,0.0,0.0,0.0
2012-05-14 00:00:00-04:00,27.491877485099128,27.491877485099128,27.295507431030273,27.295507431030273,97000,0.0,0.0,0.0
2012-05-15 00:00:00-04:00,27.21694828450468,27.302040356837445,26.90930041643804,26.974756240844727,69700,0.0,0.0,0.0
2012-05-16 00:00:00-04:00,26.889671707471756,27.079494650262973,26.693299185236157,26.699846267700195,184000,0.0,0.0,0.0
2012-05-17 00:00:00-04:00,26.66056304678395,26.70638262198874,26.346370603816972,26.36600685119629,117900,0.0,0.0,0.0
2012-05-18 00:00:00-04:00,26.41183069888007,26.50347236109354,26.150004869210093,26.15654945373535,116000,0.0,0.0,0.0
2012-05-21 00:00:00-04:00,26.287468243893098,26.71948331101811,26.287468243893098,26.660572052001953,114500,0.0,0.0,0.0
2012-05-22 00:00:00-04:00,26.693293306136756,26.89621036916431,26.45764832893825,26.58201789855957,76200,0.0,0.0,0.0
2012-05-23 00:00:00-04:00,26.307105970458096,26.3725643157959,25.86199921008327,26.3725643157959,88900,0.0,0.0,0.0
2012-05-24 00:00:00-04:00,26.405284443661873,26.43801235817739,26.064908639344896,26.25473403930664,76100,0.0,0.0,0.0
2012-05-25 00:00:00-04:00,26.163097694068675,26.27437311478658,26.110731027627242,26.130367279052734,83700,0.0,0.0,0.0
2012-05-29 00:00:00-04:00,26.647471151829,26.680199062837293,26.379098286393695,26.536195755004883,180100,0.0,0.0,0.0
2012-05-30 00:00:00-04:00,26.215462668896265,26.215462668896265,25.92745348556072,25.99945640563965,80800,0.0,0.0,0.0
2012-05-31 00:00:00-04:00,26.18928255459501,26.18928255459501,25.796542483855585,26.09109878540039,85300,0.0,0.0,0.0
2012-06-01 00:00:00-04:00,25.665625936777747,25.770356779152262,25.462711334228516,25.462711334228516,143300,0.0,0.0,0.0
2012-06-04 00:00:00-04:00,25.678718292639772,25.737629549116104,25.40380076040377,25.6459903717041,99300,0.0,0.0,0.0
2012-06-05 00:00:00-04:00,25.547800643065173,25.82272063495316,25.547800643065173,25.816173553466797,64800,0.0,0.0,0.0
2012-06-06 00:00:00-04:00,26.051821575675163,26.562386620821627,26.051821575675163,26.55583953857422,96600,0.0,0.0,0.0
2012-06-07 00:00:00-04:00,26.95512665833713,26.974762911118827,26.51001995076342,26.55583953857422,1194100,0.0,0.0,0.0
2012-06-08 00:00:00-04:00,26.182732710972875,26.438013955388065,26.078001880008184,26.37910270690918,92700,0.0,0.0,0.0
2012-06-11 00:00:00-04:00,26.706386942116275,26.706386942116275,26.15654945373535,26.15654945373535,224100,0.0,0.0,0.0
2012-06-12 00:00:00-04:00,26.424916906292903,26.61474227905273,26.267821940338155,26.614742279052734,137400,0.0,0.0,0.0
2012-06-13 00:00:00-04:00,26.438020435500853,26.627845893457927,26.352925834178617,26.405292510986328,56900,0.0,0.0,0.0
2012-06-14 00:00:00-04:00,26.33983363731523,26.667117838839136,26.287466966520864,26.568931579589844,80000,0.0,0.0,0.0
2012-06-15 00:00:00-04:00,26.758756850203525,26.948579788208008,26.71293726203207,26.948579788208008,126900,0.0,0.0,0.0
2012-06-18 00:00:00-04:00,26.883124889583353,26.987855737215575,26.739119037721412,26.93549156188965,72200,0.0,0.0,0.0
2012-06-19 00:00:00-04:00,27.13840387192521,27.557327226908345,27.13840387192521,27.41986846923828,57100,0.0,0.0,0.0
2012-06-20 00:00:00-04:00,27.49187320207814,27.60314863315504,27.302047764026607,27.43950653076172,66100,0.0,0.0,0.0
2012-06-21 00:00:00-04:00,27.485331540284452,27.485331540284452,26.68021011352539,26.68021011352539,75700,0.0,0.0,0.0
2012-06-22 00:00:00-04:00,27.092592608031985,27.12532053700926,26.778399995284495,26.968225479125977,76900,0.0,0.0,0.0
2012-06-25 00:00:00-04:00,26.562381929108103,26.562381929108103,26.24164237410447,26.25473403930664,948400,0.0,0.0,0.0
2012-06-26 00:00:00-04:00,26.398742073723195,27.000943741653288,26.22855290880032,26.490381240844727,103200,0.0,0.0,0.0
2012-06-27 00:00:00-04:00,26.52310796078538,26.784933784030283,26.47074129794845,26.67365837097168,193300,0.0,0.0,0.0
2012-06-28 00:00:00-04:00,26.44456397274128,26.67366191060468,26.33328604793602,26.640933990478516,110700,0.0,0.0,0.0
2012-06-29 00:00:00-04:00,27.380583490751214,27.648956298828125,27.380583490751214,27.648956298828125,262800,0.0,0.0,0.0
2012-07-02 00:00:00-04:00,27.707879415848243,27.799518585205078,27.544237328573864,27.799518585205078,77500,0.0,0.0,0.0
2012-07-03 00:00:00-04:00,27.812618107357626,28.133355290697146,27.78643476672315,28.035171508789062,141900,0.0,0.0,0.0
2012-07-05 00:00:00-04:00,27.77986046676745,27.79949920149337,27.57039894086555,27.701313018798828,118600,0.0,0.0,0.0
2012-07-06 00:00:00-04:00,27.472237147502746,27.49187340089825,27.236592118835336,27.40023422241211,77100,0.0,0.0,0.0
2012-07-09 00:00:00-04:00,27.269324091292905,27.295507431030273,27.15804864288015,27.295507431030273,83600,0.0,0.0,0.0
2012-07-10 00:00:00-04:00,27.491870542268927,27.531145541956423,27.02712761571055,27.11876678466797,61600,0.0,0.0,0.0
2012-07-11 00:00:00-04:00,27.190769944229896,27.31513703221021,27.066400359269483,27.21695327758789,75700,0.0,0.0,0.0
2012-07-12 00:00:00-04:00,26.91584330100521,26.961662874593426,26.660562106162438,26.870023727416992,122900,0.0,0.0,0.0
2012-07-13 00:00:00-04:00,26.981317096312548,27.34787389529658,26.981317096312548,27.30860137939453,62100,0.0,0.0,0.0
2012-07-16 00:00:00-04:00,27.256224053754952,27.360954883571324,27.105673641955168,27.269315719604492,72300,0.0,0.0,0.0
2012-07-17 00:00:00-04:00,27.38713786482674,27.491868693302983,27.105673295113103,27.45914077758789,173500,0.0,0.0,0.0
2012-07-18 00:00:00-04:00,27.34132194441753,27.616239469611507,27.34132194441753,27.544239044189453,61900,0.0,0.0,0.0
2012-07-19 00:00:00-04:00,27.792986283571672,27.87808091336166,27.635891194554766,27.80607795715332,70600,0.0,0.0,0.0
2012-07-20 00:00:00-04:00,27.40678287944303,27.40678287944303,27.26277950484892,27.295507431030273,74300,0.0,0.0,0.0
2012-07-23 00:00:00-04:00,26.63439000069569,26.81767086924679,26.43801996015858,26.752212524414062,148300,0.0,0.0,0.0
2012-07-24 00:00:00-04:00,26.7653000938325,26.7653000938325,26.326740487038293,26.516563415527344,95800,0.0,0.0,0.0
2012-07-25 00:00:00-04:00,26.752209042989634,26.765300710252486,26.52965569348163,26.62784194946289,81400,0.0,0.0,0.0
2012-07-26 00:00:00-04:00,27.19730480642378,27.37403849794026,27.17766856191502,27.321674346923828,260900,0.0,0.0,0.0
2012-07-27 00:00:00-04:00,27.518052068661586,28.074434127647415,27.518052068661586,27.95661163330078,56900,0.0,0.0,0.0
2012-07-30 00:00:00-04:00,27.845333382124082,27.963155864461505,27.81915005338695,27.878061294555664,64200,0.0,0.0,0.0
2012-07-31 00:00:00-04:00,27.90424753771381,27.956611703677513,27.734058380126953,27.734058380126953,48300,0.0,0.0,0.0
2012-08-01 00:00:00-04:00,27.969709240988646,27.969709240988646,27.69479169376198,27.714427947998047,106600,0.0,0.0,0.0
2012-08-02 00:00:00-04:00,27.48532881542653,27.66206008994675,27.249683786759118,27.40023422241211,207300,0.0,0.0,0.0
2012-08-03 00:00:00-04:00,27.93043606268775,28.31008698262392,27.93043606268775,28.21190071105957,163700,0.0,0.0,0.0
2012-08-06 00:00:00-04:00,28.35589331479039,28.512990776422832,28.316618325137416,28.39516830444336,85800,0.0,0.0,0.0
2012-08-07 00:00:00-04:00,28.552275719522754,28.73555658751146,28.552275719522754,28.611186981201172,79300,0.0,0.0,0.0
2012-08-08 00:00:00-04:00,28.47373220528996,28.670102272826817,28.47373220528996,28.571918487548828,71700,0.0,0.0,0.0
2012-08-09 00:00:00-04:00,28.49991048272636,28.74210010642156,28.49991048272636,28.617733001708984,72500,0.0,0.0,0.0
2012-08-10 00:00:00-04:00,28.434454838902205,28.715919494628903,28.40827399651745,28.715919494628906,57700,0.0,0.0,0.0
2012-08-13 00:00:00-04:00,28.611186336715047,28.709372602960876,28.48681923018674,28.565366744995117,340100,0.0,0.0,0.0
2012-08-14 00:00:00-04:00,28.683191029348848,28.742102293322542,28.585004757065814,28.650463104248047,36500,0.0,0.0,0.0
2012-08-15 00:00:00-04:00,28.604641333268642,28.657005510049565,28.49991048272636,28.617733001708984,61200,0.0,0.0,0.0
2012-08-16 00:00:00-04:00,28.735556316996494,28.938470940993735,28.689736724675793,28.918834686279297,180500,0.0,0.0,0.0
2012-08-17 00:00:00-04:00,28.91883696480893,28.958111974312814,28.80101443327797,28.931928634643555,100200,0.0,0.0,0.0
2012-08-20 00:00:00-04:00,28.768281228179625,28.9646512457036,28.722461640656707,28.87955665588379,84100,0.0,0.0,0.0
2012-08-21 00:00:00-04:00,29.115196918310932,29.25920273955556,28.958101928753013,29.003921508789062,80400,0.0,0.0,0.0
2012-08-22 00:00:00-04:00,28.820640691665037,29.02355775823884,28.748637781042724,29.003921508789062,182900,0.0,0.0,0.0
2012-08-23 00:00:00-04:00,28.931922773163567,28.931922773163567,28.768280678854925,28.81410026550293,57200,0.0,0.0,0.0
2012-08-24 00:00:00-04:00,28.68319331653931,28.879563379783246,28.552279108716405,28.801015853881836,168300,0.0,0.0,0.0
2012-08-27 00:00:00-04:00,28.833736930833147,28.886103600312566,28.735553171029586,28.761734008789062,133100,0.0,0.0,0.0
2012-08-28 00:00:00-04:00,28.683182359005677,28.715910274213496,28.54572361694492,28.591543197631836,1101400,0.0,0.0,0.0
2012-08-29 00:00:00-04:00,28.50645944869204,28.611190315327022,28.441003593412983,28.480276107788086,1525000,0.0,0.0,0.0
2012-08-30 00:00:00-04:00,28.362451568692396,28.362451568692396,28.100623195147012,28.159534454345703,71300,0.0,0.0,0.0
2012-08-31 00:00:00-04:00,28.486812311502018,28.545723557545454,28.23807566187641,28.454084396362305,74900,0.0,0.0,0.0
2012-09-04 00:00:00-04:00,28.408260477038034,28.408260477038034,28.146432201949036,28.257707595825195,99600,0.0,0.0,0.0
2012-09-05 00:00:00-04:00,28.224994865573365,28.244633619803768,28.094080657620946,28.18572235107422,102300,0.0,0.0,0.0
2012-09-06 00:00:00-04:00,28.395166282884635,28.899184044474026,28.362438375660236,28.859909057617188,73200,0.0,0.0,0.0
2012-09-07 00:00:00-04:00,29.1282984609681,29.31157684326172,29.069387195662195,29.31157684326172,117200,0.0,0.0,0.0
2012-09-10 00:00:00-04:00,29.239570687757517,29.272301106974158,29.03665607170464,29.082475662231445,86000,0.0,0.0,0.0
2012-09-11 00:00:00-04:00,29.252656435000382,29.44248184132042,29.219928519388628,29.32465934753418,86900,0.0,0.0,0.0
2012-09-12 00:00:00-04:00,29.606121748321456,29.612668829152312,29.416296355902215,29.49484634399414,72000,0.0,0.0,0.0
2012-09-13 00:00:00-04:00,29.455586256696165,30.16906611257093,29.390130397140343,30.07742691040039,124200,0.0,0.0,0.0
2012-09-14 00:00:00-04:00,30.38505857639402,30.633795223727585,30.267238582372695,30.424333572387695,112500,0.0,0.0,0.0
2012-09-17 00:00:00-04:00,30.36543400026599,30.41125359804977,30.12978892767465,30.18215560913086,83800,0.0,0.0,0.0
2012-09-18 00:00:00-04:00,30.083958829025285,30.136325492202808,29.99231966544455,30.057775497436523,56900,0.0,0.0,0.0
2012-09-19 00:00:00-04:00,30.16250372602505,30.221412466673694,30.038134170488107,30.169048309326172,82400,0.0,0.0,0.0
2012-09-20 00:00:00-04:00,29.848315961881145,29.979230132157312,29.717404288585087,29.953046798706055,57600,0.0,0.0,0.0
2012-09-21 00:00:00-04:00,30.188701732598386,30.188701732598386,29.992331661102856,30.031606674194336,66700,0.0,0.0,0.0
2012-09-24 00:00:00-04:00,29.87652277917681,29.96969932207663,29.730101046694024,29.93642234802246,63500,0.757,0.0,0.0
2012-09-25 00:00:00-04:00,30.056226225296992,30.129437103083053,29.670208695430656,29.683517456054688,67000,0.0,0.0,0.0
2012-09-26 00:00:00-04:00,29.55041164353644,29.56372040510837,29.284190712420596,29.417301177978516,85900,0.0,0.0,0.0
2012-09-27 00:00:00-04:00,29.636921724028273,29.89648565172376,29.550402107376538,29.849897384643555,108100,0.0,0.0,0.0
2012-09-28 00:00:00-04:00,29.643578961106925,29.643578961106925,29.357392438031784,29.423946380615234,710500,0.0,0.0,0.0
2012-10-01 00:00:00-04:00,29.80331590283522,29.95639203507366,29.603651492909897,29.62361717224121,399000,0.0,0.0,0.0
2012-10-02 00:00:00-04:00,29.883190951470834,29.896499715008343,29.630281283445424,29.75673484802246,175000,0.0,0.0,0.0
2012-10-03 00:00:00-04:00,29.75006914147754,29.756723520713212,29.517125246303053,29.63027000427246,198900,0.0,0.0,0.0
2012-10-04 00:00:00-04:00,29.856554840598974,29.94973137643978,29.770032683516717,29.929765701293945,415900,0.0,0.0,0.0
2012-10-05 00:00:00-04:00,30.149390986611074,30.235913130039204,29.87651580090984,29.983003616333008,121500,0.0,0.0,0.0
2012-10-08 00:00:00-04:00,29.79664755967059,29.80330193670581,29.663537169140344,29.730091094970703,233700,0.0,0.0,0.0
2012-10-09 00:00:00-04:00,29.663547851705854,29.663547851705854,29.317461727240993,29.377361297607422,165500,0.0,0.0,0.0
2012-10-10 00:00:00-04:00,29.443920189288164,29.443920189288164,29.164387991807846,29.257564544677734,156100,0.0,0.0,0.0
2012-10-11 00:00:00-04:00,29.583685325589368,29.67686187942617,29.423952276961508,29.45057487487793,220500,0.0,0.0,0.0
2012-10-12 00:00:00-04:00,29.530445612594644,29.530445612594644,29.324126787612403,29.410646438598633,45900,0.0,0.0,0.0
2012-10-15 00:00:00-04:00,29.597003417795783,29.7168025970459,29.45723601608981,29.7168025970459,87100,0.0,0.0,0.0
2012-10-16 00:00:00-04:00,29.929766398156293,30.129430770874023,29.82327856344882,30.129430770874023,85200,0.0,0.0,0.0
2012-10-17 00:00:00-04:00,30.23592336442436,30.375688193437384,30.14940119170983,30.369033813476562,109800,0.0,0.0,0.0
2012-10-18 00:00:00-04:00,30.30912626143895,30.44223667545849,30.1826702256289,30.315780639648438,139200,0.0,0.0,0.0
2012-10-19 00:00:00-04:00,30.195985123034983,30.195985123034983,29.83659026284053,29.856555938720703,115200,0.0,0.0,0.0
2012-10-22 00:00:00-04:00,30.09615334888742,30.142741617196453,29.90979773678107,30.109464645385742,159600,0.0,0.0,0.0
2012-10-23 00:00:00-04:00,29.577028581565603,29.577028581565603,29.337432815513086,29.477197647094727,109400,0.0,0.0,0.0
2012-10-24 00:00:00-04:00,29.636919752353265,29.78999583955732,29.537088846195825,29.55705451965332,63600,0.0,0.0,0.0
2012-10-25 00:00:00-04:00,29.856555040351555,29.916454605059997,29.616956781517796,29.77003288269043,50100,0.0,0.0,0.0
2012-10-26 00:00:00-04:00,29.650226593017575,29.68350355673725,29.537084408596762,29.650226593017578,65700,0.0,0.0,0.0
2012-10-31 00:00:00-04:00,29.823276712755924,29.94307583672644,29.583678464814895,29.663543701171875,68600,0.0,0.0,0.0
2012-11-01 00:00:00-04:00,29.803318037513062,30.036261981502932,29.776697976121536,30.00298500061035,121000,0.0,0.0,0.0
2012-11-02 00:00:00-04:00,30.016285610660344,30.02294252835365,29.750067296942927,29.783344268798828,594900,0.0,0.0,0.0
2012-11-05 00:00:00-05:00,29.783340092611702,29.796651387261612,29.650229684982484,29.77668571472168,93900,0.0,0.0,0.0
2012-11-06 00:00:00-05:00,29.883182309735293,30.03625843486287,29.843248414056994,29.99632453918457,83800,0.0,0.0,0.0
2012-11-07 00:00:00-05:00,29.796658162158707,29.796658162158707,29.397326848474677,29.550405502319336,351200,0.0,0.0,0.0
2012-11-08 00:00:00-05:00,29.517128524492612,29.64358459384802,29.257564544677734,29.257564544677734,263300,0.0,0.0,0.0
2012-11-09 00:00:00-05:00,29.237599485742084,29.48385217195763,29.151077311012575,29.304153442382812,133000,0.0,0.0,0.0
2012-11-12 00:00:00-05:00,29.437263894534976,29.437263894534976,29.257565164960162,29.304153442382812,48000,0.0,0.0,0.0
2012-11-13 00:00:00-05:00,29.057891027190283,29.29748925306929,28.978025798187232,29.12444496154785,98700,0.0,0.0,0.0
2012-11-14 00:00:00-05:00,29.25092173863938,29.25092173863938,28.751759260296975,28.81165885925293,125000,0.0,0.0,0.0
2012-11-15 00:00:00-05:00,28.95140147911409,29.004646654514747,28.758391526591268,28.871536254882812,175800,0.0,0.0,0.0
2012-11-16 00:00:00-05:00,28.95140147911409,28.95140147911409,28.638592420809495,28.871536254882812,96900,0.0,0.0,0.0
2012-11-19 00:00:00-05:00,29.277533509724726,29.470541000366214,29.250910911404965,29.47054100036621,80900,0.0,0.0,0.0
2012-11-20 00:00:00-05:00,29.344094183874326,29.43061637878418,29.23760630508962,29.43061637878418,98600,0.0,0.0,0.0
2012-11-21 00:00:00-05:00,29.49715623346073,29.51712190777991,29.41063407996081,29.510467529296875,189800,0.0,0.0,0.0
2012-11-23 00:00:00-05:00,29.876530058315392,30.082851409912113,29.863218757676478,30.08285140991211,110400,0.0,0.0,0.0
2012-11-26 00:00:00-05:00,29.94308188381744,29.99632453918457,29.84990279390141,29.99632453918457,323400,0.0,0.0,0.0
2012-11-27 00:00:00-05:00,29.94972792270607,29.983004890401766,29.783340545357703,29.79665184020996,121000,0.0,0.0,0.0
2012-11-28 00:00:00-05:00,29.690166268082987,29.989664077758793,29.55040146985764,29.98966407775879,218100,0.0,0.0,0.0
2012-11-29 00:00:00-05:00,30.20264125231394,30.30912908567823,30.096153418949644,30.262540817260742,100300,0.0,0.0,0.0
2012-11-30 00:00:00-05:00,30.29581787878708,30.35571744391111,30.22926139594359,30.27585220336914,200800,0.0,0.0,0.0
2012-12-03 00:00:00-05:00,30.448899922178832,30.455554302326465,30.24923551243049,30.255889892578125,93200,0.0,0.0,0.0
2012-12-04 00:00:00-05:00,30.382341478378006,30.428929749143474,30.28250801881181,30.349061965942383,182300,0.0,0.0,0.0
2012-12-05 00:00:00-05:00,30.442250269119892,30.601980806173323,30.335762398127237,30.495492935180664,114300,0.0,0.0,0.0
2012-12-06 00:00:00-05:00,30.568696975708008,30.595319572210983,30.448897830315154,30.568696975708008,293400,0.0,0.0,0.0
2012-12-07 00:00:00-05:00,30.562038686991905,30.60862949821863,30.448896465232455,30.601972579956055,110700,0.0,0.0,0.0
2012-12-10 00:00:00-05:00,30.588669774688743,30.71512586808157,30.58201539344913,30.68850326538086,375600,0.0,0.0,0.0
2012-12-11 00:00:00-05:00,30.715106609222868,30.86818267046416,30.715106609222868,30.801626205444336,199900,0.0,0.0,0.0
2012-12-12 00:00:00-05:00,30.948060989379886,31.10113711541557,30.881507035058497,30.948060989379883,155700,0.0,0.0,0.0
2012-12-13 00:00:00-05:00,30.948073133571345,31.00131834901866,30.768374339744078,30.854896545410156,139000,0.0,0.0,0.0
2012-12-14 00:00:00-05:00,30.908116025551706,31.05453771927123,30.86152776643544,30.95470428466797,108500,0.0,0.0,0.0
2012-12-17 00:00:00-05:00,30.98799845998597,31.107797622680664,30.9480645594641,31.107797622680664,160100,0.0,0.0,0.0
2012-12-18 00:00:00-05:00,31.167700625687353,31.36736507247448,31.121109800528206,31.347396850585938,284300,0.0,0.0,0.0
2012-12-19 00:00:00-05:00,31.580322342045992,31.580322342045992,31.407278060913082,31.407278060913086,221000,0.0,0.0,0.0
2012-12-20 00:00:00-05:00,31.559764489548915,31.620482396642025,31.445076539237487,31.613737106323242,376400,0.636,0.0,0.0
2012-12-21 00:00:00-05:00,31.249417444089516,31.330373764038086,31.13472953862529,31.330373764038086,368200,0.0,0.0,0.0
2012-12-24 00:00:00-05:00,31.20220070696747,32.55148506186336,31.20220070696747,31.22918701171875,165000,0.0,0.0,0.0
2012-12-26 00:00:00-05:00,31.445068331325665,31.451813619883765,31.19545147779037,31.262914657592773,242500,0.0,0.0,0.0
2012-12-27 00:00:00-05:00,31.519284702192156,31.519284702192156,31.202202041690104,31.424835205078125,346200,0.0,0.0,0.0
2012-12-28 00:00:00-05:00,31.283152450015926,31.384349791182526,31.17520982043069,31.20219612121582,331300,0.0,0.0,0.0
2012-12-31 00:00:00-05:00,31.175216516991068,31.768902394013605,31.175216516991068,31.755409240722656,490900,0.0,0.0,0.0
2013-01-02 00:00:00-05:00,32.32885918157818,32.5177607837819,32.07924224035741,32.24115753173828,279600,0.0,0.0,0.0
2013-01-03 00:00:00-05:00,32.139956875534494,32.17368847384524,31.917326267838813,31.971296310424805,258500,0.0,0.0,0.0
2013-01-04 00:00:00-05:00,31.95105489068401,32.11971544008707,31.84985753161988,32.07249069213867,208000,0.0,0.0,0.0
2013-01-07 00:00:00-05:00,31.93756103515625,31.964547340120316,31.80937994691047,31.93756103515625,210500,0.0,0.0,0.0
2013-01-08 00:00:00-05:00,31.87682680504847,31.91055838219479,31.660941623046774,31.748645782470703,244200,0.0,0.0,0.0
2013-01-09 00:00:00-05:00,31.87684213480864,31.951053184351697,31.8431105414406,31.930814743041992,347200,0.0,0.0,0.0
2013-01-10 00:00:00-05:00,32.2344003055872,32.35583609546583,32.099473937771386,32.32884979248047,167800,0.0,0.0,0.0
2013-01-11 00:00:00-05:00,32.34907643992624,32.34907643992624,32.187161267477826,32.32209014892578,237700,0.0,0.0,0.0
2013-01-14 00:00:00-05:00,32.38281801100533,32.38281801100533,32.24788908791511,32.34233856201172,182300,0.0,0.0,0.0
2013-01-15 00:00:00-05:00,32.214171220915425,32.27488913348872,32.09273539576884,32.24115753173828,222100,0.0,0.0,0.0
2013-01-16 00:00:00-05:00,32.1062246295934,32.13995622722372,32.00502726314649,32.09273147583008,178600,0.0,0.0,0.0
2013-01-17 00:00:00-05:00,32.36258259370504,32.436793637008584,32.261385248553786,32.376075744628906,251300,0.0,0.0,0.0
2013-01-18 00:00:00-05:00,32.36932607568168,32.389564514160156,32.20066555888037,32.389564514160156,220800,0.0,0.0,0.0
2013-01-22 00:00:00-05:00,32.44353802007936,32.44353802007936,32.23439804693044,32.38282012939453,257600,0.0,0.0,0.0
2013-01-23 00:00:00-05:00,32.35583904454904,32.35583904454904,32.19392635899029,32.28837585449219,224200,0.0,0.0,0.0
2013-01-24 00:00:00-05:00,32.36932584762456,32.504254774826016,32.31535582087711,32.40980529785156,224400,0.0,0.0,0.0
2013-01-25 00:00:00-05:00,32.618933744232905,32.618933744232905,32.457021134840666,32.57845687866211,353500,0.0,0.0,0.0
2013-01-28 00:00:00-05:00,32.57170690679416,32.57170690679416,32.29510385792532,32.32209014892578,327300,0.0,0.0,0.0
2013-01-29 00:00:00-05:00,32.50426551673302,32.65943293354962,32.38282969947551,32.63919448852539,118100,0.0,0.0,0.0
2013-01-30 00:00:00-05:00,32.645930936948076,32.66616937649077,32.558226743004084,32.59196090698242,136700,0.0,0.0,0.0
2013-01-31 00:00:00-05:00,32.618952210541615,32.652686382354304,32.48402581751478,32.517757415771484,404100,0.0,0.0,0.0
2013-02-01 00:00:00-05:00,32.76062657134187,32.86856922175997,32.68641551663771,32.834835052490234,519800,0.0,0.0,0.0
2013-02-04 00:00:00-05:00,32.60546202284857,32.60546202284857,32.241154580753324,32.28163146972656,319900,0.0,0.0,0.0
2013-02-05 00:00:00-05:00,32.43005103400734,32.49751422601188,32.335601535778665,32.4030647277832,310900,0.0,0.0,0.0
2013-02-06 00:00:00-05:00,32.322104651150056,32.477272033691406,32.21416201227105,32.477272033691406,135800,0.0,0.0,0.0
2013-02-07 00:00:00-05:00,32.47727919835026,32.47727919835026,32.02527010256495,32.20067596435547,439200,0.0,0.0,0.0
2013-02-08 00:00:00-05:00,32.26137787023235,32.423293070732555,32.26137787023235,32.35582733154297,156000,0.0,0.0,0.0
2013-02-11 00:00:00-05:00,32.45028118577286,32.45028118577286,32.24788908791511,32.34233856201172,155900,0.0,0.0,0.0
2013-02-12 00:00:00-05:00,32.37607872525644,32.5177529626668,32.29511981225998,32.457035064697266,149700,0.0,0.0,0.0
2013-02-13 00:00:00-05:00,32.63917475057283,32.65941318335823,32.490752714001175,32.57845687866211,164500,0.0,0.0,0.0
2013-02-14 00:00:00-05:00,32.355831231569496,32.45028070426463,32.328844932640855,32.4300422668457,97200,0.0,0.0,0.0
2013-02-15 00:00:00-05:00,32.49076423608854,32.49076423608854,32.23439951115681,32.36258316040039,184400,0.0,0.0,0.0
2013-02-19 00:00:00-05:00,32.53798480731078,32.659420578629664,32.504253220512226,32.64592742919922,230100,0.0,0.0,0.0
2013-02-20 00:00:00-05:00,32.753874326567995,32.753874326567995,32.30186534264377,32.43679428100586,229200,0.0,0.0,0.0
2013-02-21 00:00:00-05:00,32.112967238607425,32.112967238607425,31.782394006451263,31.883588790893555,237700,0.0,0.0,0.0
2013-02-22 00:00:00-05:00,32.13994024015984,32.24788284301758,32.005011343198994,32.24788284301758,163400,0.0,0.0,0.0
2013-02-25 00:00:00-05:00,32.51773984279981,32.51773984279981,31.593481167555225,31.606971740722656,129700,0.0,0.0,0.0
2013-02-26 00:00:00-05:00,31.951054118716968,31.984785713071442,31.674450927321175,31.86334991455078,126700,0.0,0.0,0.0
2013-02-27 00:00:00-05:00,31.863338272644338,32.28161555163639,31.7958751085844,32.22089767456055,114200,0.0,0.0,0.0
2013-02-28 00:00:00-05:00,32.27488673398585,32.36933624128766,32.146705627441406,32.146705627441406,106100,0.0,0.0,0.0
2013-03-01 00:00:00-05:00,31.984787684994895,32.180434547290815,31.897083475421578,32.11971664428711,242500,0.0,0.0,0.0
2013-03-04 00:00:00-05:00,32.065734384925655,32.16018385595055,31.957791764675054,32.153438568115234,230000,0.0,0.0,0.0
2013-03-05 00:00:00-05:00,32.484020463925845,32.53799049753075,32.39631626406787,32.46377944946289,173700,0.0,0.0,0.0
2013-03-06 00:00:00-05:00,32.6189425160627,32.65942196607369,32.41655041311821,32.55147933959961,301700,0.0,0.0,0.0
2013-03-07 00:00:00-05:00,32.612195842400666,32.67965901599777,32.585209543539776,32.64592742919922,83200,0.0,0.0,0.0
2013-03-08 00:00:00-05:00,32.75388102227215,32.75388102227215,32.55148886013277,32.733642578125,202900,0.0,0.0,0.0
2013-03-11 00:00:00-04:00,32.706650757733755,32.780861805173465,32.605455980497766,32.77411651611328,119100,0.0,0.0,0.0
2013-03-12 00:00:00-04:00,32.79434477954565,32.79434477954565,32.52448697688552,32.605445861816406,229800,0.0,0.0,0.0
2013-03-13 00:00:00-04:00,32.56497858001881,32.57847173254601,32.38282488123517,32.49751281738281,116100,0.0,0.0,0.0
2013-03-14 00:00:00-04:00,32.618931592337624,32.76060833315247,32.558213724432505,32.75386047363281,159400,0.0,0.0,0.0
2013-03-15 00:00:00-04:00,32.80784746606256,32.85507220922568,32.6729185255013,32.71339797973633,114700,0.0,0.0,0.0
2013-03-18 00:00:00-04:00,32.430046648601895,32.62569348193652,32.35583560329872,32.41655349731445,191400,0.0,0.0,0.0
2013-03-19 00:00:00-04:00,32.44353231803658,32.52448863353627,32.11295662161762,32.274871826171875,321500,0.0,0.0,0.0
2013-03-20 00:00:00-04:00,32.544750786336564,32.591975548855395,32.44355339604961,32.53125762939453,138600,0.0,0.0,0.0
2013-03-21 00:00:00-04:00,32.3355914033385,32.40305457420328,32.187169339169984,32.23439407348633,286300,0.0,0.0,0.0
2013-03-22 00:00:00-04:00,32.40012566146106,32.481294353495585,32.30542584373021,32.46776580810547,128400,0.125,0.0,0.0
2013-03-25 00:00:00-04:00,32.58275047133223,32.59627901501913,32.06191573106914,32.18367004394531,188800,0.0,0.0,0.0
2013-03-26 00:00:00-04:00,32.37306261074413,32.420411220739496,32.2580712862513,32.379825592041016,92000,0.0,0.0,0.0
2013-03-27 00:00:00-04:00,32.21748996974294,32.32571573845095,32.055150026528004,32.31218719482422,124600,0.0,0.0,0.0
2013-03-28 00:00:00-04:00,32.37306591526294,32.46100016293278,32.30542319386077,32.447471618652344,177700,0.0,0.0,0.0
2013-04-01 00:00:00-04:00,32.33925365273111,32.40013082653831,32.061924878788666,32.14985656738281,289200,0.0,0.0,0.0
2013-04-02 00:00:00-04:00,32.35277397840473,32.433942662751235,32.21749111762325,32.29189682006836,168200,0.0,0.0,0.0
2013-04-03 00:00:00-04:00,32.4339393850122,32.44070236623014,32.00103633850494,32.075439453125,199700,0.0,0.0,0.0
2013-04-04 00:00:00-04:00,32.16337685833005,32.291896736879046,32.048388104160885,32.271602630615234,241800,0.0,0.0,0.0
2013-04-05 00:00:00-04:00,31.791342493749585,32.109256744384766,31.6966452906596,32.109256744384766,298000,0.0,0.0,0.0
2013-04-08 00:00:00-04:00,32.06867597127488,32.16337318868179,31.953687230225242,32.14308166503906,131100,0.0,0.0,0.0
2013-04-09 00:00:00-04:00,32.1295600731024,32.45423742315174,32.0754458912744,32.33924865722656,186700,0.0,0.0,0.0
2013-04-10 00:00:00-04:00,32.548929885196124,32.80596705055206,32.548929885196124,32.79243850708008,147200,0.0,0.0,0.0
2013-04-11 00:00:00-04:00,32.907435692404874,33.06301009955877,32.839792963007774,32.93449020385742,106600,0.0,0.0,0.0
2013-04-12 00:00:00-04:00,32.75861577525485,32.778907298660194,32.56245578131785,32.77214431762695,157900,0.0,0.0,0.0
2013-04-15 00:00:00-04:00,32.47452749861638,32.494821606047246,31.98074722290039,31.98074722290039,178700,0.0,0.0,0.0
2013-04-16 00:00:00-04:00,32.50833720841561,32.57597732543945,32.29864871715358,32.57597732543945,137700,0.0,0.0,0.0
2013-04-17 00:00:00-04:00,32.224259885436155,32.224259885436155,31.716951001647033,31.85223388671875,179800,0.0,0.0,0.0
2013-04-18 00:00:00-04:00,31.973974058424474,31.994265579087347,31.689879867617904,31.831928253173828,201200,0.0,0.0,0.0
2013-04-19 00:00:00-04:00,32.00779937984613,32.17013931274414,32.00779937984613,32.17013931274414,205300,0.0,0.0,0.0
2013-04-22 00:00:00-04:00,32.19720398781753,32.278375270058234,31.960460865381755,32.24455261230469,139600,0.0,0.0,0.0
2013-04-23 00:00:00-04:00,32.47453080818585,32.61657925345403,32.42041920356978,32.60981369018555,214000,0.0,0.0,0.0
2013-04-24 00:00:00-04:00,32.69098321433859,32.90066921890154,32.69098321433859,32.8465576171875,184500,0.0,0.0,0.0
2013-04-25 00:00:00-04:00,32.95478264486006,33.16446864461232,32.95478264486006,33.022422790527344,71900,0.0,0.0,0.0
2013-04-26 00:00:00-04:00,33.029191014002336,33.06301108956041,32.93449119001081,33.04271697998047,84900,0.0,0.0,0.0
2013-04-29 00:00:00-04:00,33.14417570200823,33.428267398049975,33.14417570200823,33.394447326660156,88600,0.0,0.0,0.0
2013-04-30 00:00:00-04:00,33.44856796858888,33.65149101644584,33.31328507658206,33.5838508605957,220400,0.0,0.0,0.0
2013-05-01 00:00:00-04:00,33.69882544912698,33.69882544912698,33.245630919122426,33.32003402709961,504500,0.0,0.0,0.0
2013-05-02 00:00:00-04:00,33.367379755466104,33.62441426165275,33.33355711701072,33.48236846923828,207800,0.0,0.0,0.0
2013-05-03 00:00:00-04:00,33.70559574501644,33.87469866748518,33.70559574501644,33.80029296875,155800,0.0,0.0,0.0
2013-05-06 00:00:00-04:00,33.759712694853015,33.80029833159504,33.63795836493319,33.766475677490234,112100,0.0,0.0,0.0
2013-05-07 00:00:00-04:00,33.874697489379194,33.915280537964556,33.73264907841324,33.894989013671875,143600,0.0,0.0,0.0
2013-05-08 00:00:00-04:00,34.09790522831644,34.28053665161133,34.07761370805209,34.28053665161133,311200,0.0,0.0,0.0
2013-05-09 00:00:00-04:00,34.11143938429403,34.21966514402963,33.83411071370244,33.915279388427734,195000,0.0,0.0,0.0
2013-05-10 00:00:00-04:00,33.92204988303414,33.969398498535156,33.78676701861436,33.969398498535156,142600,0.0,0.0,0.0
2013-05-13 00:00:00-04:00,33.93557416857884,33.93557416857884,33.78676534735333,33.88822555541992,123400,0.0,0.0,0.0
2013-05-14 00:00:00-04:00,33.88822723169968,34.03703864059203,33.83411563411538,33.969398498535156,135900,0.0,0.0,0.0
2013-05-15 00:00:00-04:00,33.93557363237259,34.050564962731514,33.90175356355144,34.0302734375,95800,0.0,0.0,0.0
2013-05-16 00:00:00-04:00,33.88822243627681,33.98292223418418,33.752942171306174,33.78676223754883,205500,0.0,0.0,0.0
2013-05-17 00:00:00-04:00,33.88145711632777,34.02350293292498,33.7935228859224,33.97615432739258,193400,0.0,0.0,0.0
2013-05-20 00:00:00-04:00,34.09114709848124,34.23995590209961,34.01674140651926,34.23995590209961,184000,0.0,0.0,0.0
2013-05-21 00:00:00-04:00,34.145266376481246,34.34818939460851,34.0438061575707,34.260257720947266,97100,0.0,0.0,0.0
2013-05-22 00:00:00-04:00,34.327896412852546,34.557876511737106,33.80029607200812,33.901756286621094,224600,0.0,0.0,0.0
2013-05-23 00:00:00-04:00,33.28622526588202,33.563554010727344,33.02242506716406,33.54326248168945,236200,0.0,0.0,0.0
2013-05-24 00:00:00-04:00,33.13740641558934,33.25239515249977,33.03594364041674,33.24563217163086,101600,0.0,0.0,0.0
2013-05-28 00:00:00-04:00,33.60412333533513,33.60412333533513,33.23209752851167,33.28620910644531,141400,0.0,0.0,0.0
2013-05-29 00:00:00-04:00,33.12388825768749,33.12388825768749,32.88037958517916,33.04271697998047,144300,0.0,0.0,0.0
2013-05-30 00:00:00-04:00,33.11036124955021,33.272698651892924,32.98860690763993,33.178001403808594,154700,0.0,0.0,0.0
2013-05-31 00:00:00-04:00,32.86685320828139,32.86685320828139,32.47453308105469,32.47453308105469,209700,0.0,0.0,0.0
2013-06-03 00:00:00-04:00,32.63686412761107,32.79243850708008,32.40688404919909,32.79243850708008,193000,0.0,0.0,0.0
2013-06-04 00:00:00-04:00,32.90744034314665,32.94126042247178,32.52864874590792,32.68422317504883,99700,0.0,0.0,0.0
2013-06-05 00:00:00-04:00,32.454217689865054,32.50156628002187,32.04837189414821,32.08895492553711,170900,0.0,0.0,0.0
2013-06-06 00:00:00-04:00,32.11603421461261,32.28513717651367,31.92663972298148,32.28513717651367,222900,0.0,0.0,0.0
2013-06-07 00:00:00-04:00,32.28512890508937,32.508345996157814,32.10249744338949,32.48128890991211,170700,0.0,0.0,0.0
2013-06-10 00:00:00-04:00,32.58951028019088,32.61656736278819,32.346001697425955,32.454227447509766,255100,0.0,0.0,0.0
2013-06-11 00:00:00-04:00,31.994268221975645,32.19042820560479,31.886042468991544,32.001033782958984,173000,0.0,0.0,0.0
2013-06-12 00:00:00-04:00,32.44071218716525,32.44747775073705,31.865763138272975,31.946931838989258,157100,0.0,0.0,0.0
2013-06-13 00:00:00-04:00,31.919870314915777,32.44070768447508,31.872521697710944,32.43394470214844,135300,0.0,0.0,0.0
2013-06-14 00:00:00-04:00,32.2445331613879,32.33923293354284,31.973970124717216,32.034847259521484,110600,0.0,0.0,0.0
2013-06-17 00:00:00-04:00,32.60979968979749,32.67067683154561,32.298651000998305,32.46099090576172,104700,0.0,0.0,0.0
2013-06-18 00:00:00-04:00,32.5895222408474,32.70451101362978,32.542173619077445,32.63010787963867,251600,0.0,0.0,0.0
2013-06-19 00:00:00-04:00,32.68421051293956,32.68421051293956,31.973978801034374,31.99427032470703,1314800,0.0,0.0,0.0
2013-06-20 00:00:00-04:00,31.473436866512078,31.473436866512078,30.715856453917688,30.93907356262207,358200,0.0,0.0,0.0
2013-06-21 00:00:00-04:00,31.236686273067956,31.297563417120315,30.661737475033163,31.00670623779297,265900,0.0,0.0,0.0
2013-06-24 00:00:00-04:00,30.368630488422227,30.574240185888673,30.101335005799776,30.389190673828125,487000,0.599,0.0,0.0
2013-06-25 00:00:00-04:00,30.67020140447444,30.834690785837314,30.498859497186874,30.786712646484375,285300,0.0,0.0,0.0
2013-06-26 00:00:00-04:00,30.99917748440443,31.13625153282636,30.820983051584932,30.985469818115234,226400,0.0,0.0,0.0
2013-06-27 00:00:00-04:00,31.293878581707204,31.430952598627748,31.22534288048164,31.341854095458984,191400,0.0,0.0,0.0
2013-06-28 00:00:00-04:00,31.314439194349706,31.437805549806246,31.156804987815118,31.307586669921875,695400,0.0,0.0,0.0
2013-07-01 00:00:00-04:00,31.677679992756744,31.70509269996727,31.52004581480308,31.55431365966797,331700,0.0,0.0,0.0
2013-07-02 00:00:00-04:00,31.58173385082603,31.68453740127162,31.28017049479246,31.376121520996094,246300,0.0,0.0,0.0
2013-07-03 00:00:00-04:00,31.177364117781707,31.382973814501522,31.04714263876615,31.30072784423828,138900,0.0,0.0,0.0
2013-07-05 00:00:00-04:00,31.533757664413162,31.616003647195793,31.211636715824575,31.42409896850586,140100,0.0,0.0,0.0
2013-07-08 00:00:00-04:00,31.609148000636505,31.629710803236836,31.46522145478168,31.561172485351562,155400,0.0,0.0,0.0
2013-07-09 00:00:00-04:00,31.86959262966926,31.86959262966926,31.568031834167552,31.77364158630371,175600,0.0,0.0,0.0
2013-07-10 00:00:00-04:00,31.787351608276367,32.02037670849804,31.73937608303691,31.787351608276367,227200,0.0,0.0,0.0
2013-07-11 00:00:00-04:00,32.52753173118888,32.746849060058594,32.342482244742165,32.746849060058594,532200,0.0,0.0,0.0
2013-07-12 00:00:00-04:00,32.62349684588266,32.62349684588266,32.45215494519112,32.534400939941406,156200,0.0,0.0,0.0
2013-07-15 00:00:00-04:00,32.685174966580725,32.75371328491182,32.59607907445458,32.733150482177734,214900,0.0,0.0,0.0
2013-07-16 00:00:00-04:00,32.767411857087424,32.794824562344544,32.6166302130637,32.746849060058594,174300,0.0,0.0,0.0
2013-07-17 00:00:00-04:00,32.91820805094661,33.034721913300324,32.80169680306305,32.897647857666016,79100,0.0,0.0,0.0
2013-07-18 00:00:00-04:00,32.94562443348672,33.041575491143405,32.89764890465838,33.01416015625,164200,0.0,0.0,0.0
2013-07-19 00:00:00-04:00,33.000454078733924,33.000454078733924,32.82911216267502,32.99359893798828,189900,0.0,0.0,0.0
2013-07-22 00:00:00-04:00,33.06898604917414,33.18549728393555,33.021010527275934,33.18549728393555,123000,0.0,0.0,0.0
2013-07-23 00:00:00-04:00,33.459639546639075,33.459639546639075,33.23346964193922,33.336273193359375,178900,0.0,0.0,0.0
2013-07-24 00:00:00-04:00,33.452795213335584,33.452795213335584,33.07584092242192,33.1992073059082,558700,0.0,0.0,0.0
2013-07-25 00:00:00-04:00,33.02786194109561,33.27459468225015,32.94561856553402,33.26774215698242,161700,0.0,0.0,0.0
2013-07-26 00:00:00-04:00,33.09638831772669,33.1100959777832,32.85650818844094,33.1100959777832,104400,0.0,0.0,0.0
2013-07-29 00:00:00-04:00,32.89763884817019,32.911346511426586,32.74685716681918,32.80854034423828,214000,0.0,0.0,0.0
2013-07-30 00:00:00-04:00,32.973030545639126,32.973030545639126,32.66461465052956,32.74000549316406,195600,0.0,0.0,0.0
2013-07-31 00:00:00-04:00,32.73315652330489,32.96618161969794,32.644060614735494,32.753719329833984,252000,0.0,0.0,0.0
2013-08-01 00:00:00-04:00,33.06897348785484,33.20604747598325,33.048413304699686,33.17177963256836,160700,0.0,0.0,0.0
2013-08-02 00:00:00-04:00,33.19234665268952,33.349980856442606,33.1443711391329,33.336273193359375,126300,0.0,0.0,0.0
2013-08-05 00:00:00-04:00,33.288302777705425,33.288302777705425,33.12381602445527,33.23347473144531,169100,0.0,0.0,0.0
2013-08-06 00:00:00-04:00,33.34312438750657,33.34312438750657,33.062123863717304,33.14436721801758,156000,0.0,0.0,0.0
2013-08-07 00:00:00-04:00,32.84281192617599,33.0278614794554,32.82910687583209,32.91135025024414,354200,0.0,0.0,0.0
2013-08-08 00:00:00-04:00,33.14436969230042,33.39110238808935,33.06212633186055,33.349979400634766,243100,0.0,0.0,0.0
2013-08-09 00:00:00-04:00,33.363691352486896,33.46649752710587,33.281447981473484,33.41166687011719,323500,0.0,0.0,0.0
2013-08-12 00:00:00-04:00,33.36368124944749,33.45277973283889,33.32255826915864,33.40480422973633,178700,0.0,0.0,0.0
2013-08-13 00:00:00-04:00,33.535035675732395,33.63784185783723,33.33627845138029,33.617279052734375,215600,0.0,0.0,0.0
2013-08-14 00:00:00-04:00,33.67896370034423,33.67896370034423,33.5624524624088,33.603572845458984,279200,0.0,0.0,0.0
2013-08-15 00:00:00-04:00,33.31571626191193,33.37739944458008,33.034715677416976,33.37739944458008,255100,0.0,0.0,0.0
2013-08-16 00:00:00-04:00,33.43907789955172,33.473345748529226,33.32256407566504,33.349979400634766,303500,0.0,0.0,0.0
2013-08-19 00:00:00-04:00,33.397954866931876,33.397954866931876,33.04156348621532,33.05527114868164,202200,0.0,0.0,0.0
2013-08-20 00:00:00-04:00,33.041574465327166,33.10325765968718,32.89764788331052,32.99359893798828,217700,0.0,0.0,0.0
2013-08-21 00:00:00-04:00,32.890793882231065,32.890793882231065,32.44530387466535,32.520694732666016,250600,0.0,0.0,0.0
2013-08-22 00:00:00-04:00,32.883945784148914,32.95933665829512,32.554969563350475,32.952484130859375,78800,0.0,0.0,0.0
2013-08-23 00:00:00-04:00,33.1443697049935,33.17863755398413,32.97988036958146,33.151222229003906,275400,0.0,0.0,0.0
2013-08-26 00:00:00-04:00,33.17180161139167,33.19236180816951,32.92506879217519,32.952484130859375,130500,0.0,0.0,0.0
2013-08-27 00:00:00-04:00,32.657770660853316,32.71945385599573,32.34249954430865,32.37677001953125,209700,0.0,0.0,0.0
2013-08-28 00:00:00-04:00,32.301369319566206,32.48641884863521,32.17800296685354,32.356197357177734,144400,0.0,0.0,0.0
2013-08-29 00:00:00-04:00,32.29450644009645,32.520678904014474,32.29450644009645,32.36304473876953,106700,0.0,0.0,0.0
2013-08-30 00:00:00-04:00,32.28081596857558,32.32879149595736,32.116329193115234,32.116329193115234,197700,0.0,0.0,0.0
2013-09-03 00:00:00-04:00,32.69888258102584,32.993590813232125,32.541248370805896,32.63719940185547,108200,0.0,0.0,0.0
2013-09-04 00:00:00-04:00,32.712603839078646,32.993604524415055,32.62350529559034,32.952484130859375,91300,0.0,0.0,0.0
2013-09-05 00:00:00-04:00,32.95933210093342,33.048430632101876,32.88394123721168,33.01416015625,88400,0.0,0.0,0.0
2013-09-06 00:00:00-04:00,33.301996607838596,33.349972108811336,33.02784864702119,33.21975326538086,85000,0.0,0.0,0.0
2013-09-09 00:00:00-04:00,33.480206278708906,33.80918502807617,33.47335375306246,33.80918502807617,109300,0.0,0.0,0.0
2013-09-10 00:00:00-04:00,34.124454627648134,34.13816229386502,33.966820387858924,34.11759948730469,190200,0.0,0.0,0.0
2013-09-11 00:00:00-04:00,34.06276271834305,34.20668925507653,33.95995655526523,34.19983673095703,94400,0.0,0.0,0.0
2013-09-12 00:00:00-04:00,34.14501035707634,34.14501035707634,33.95996080903883,33.96681594848633,104100,0.0,0.0,0.0
2013-09-13 00:00:00-04:00,34.055916296563694,34.124454627648134,33.92569738920825,34.11759948730469,69500,0.0,0.0,0.0
2013-09-16 00:00:00-04:00,34.61105954655673,34.61105954655673,34.39174215066681,34.432865142822266,107800,0.0,0.0,0.0
2013-09-17 00:00:00-04:00,34.432865142822266,34.4534253316652,34.37118196182388,34.432865142822266,183700,0.0,0.0,0.0
2013-09-18 00:00:00-04:00,34.51510729553221,35.41979217529297,34.32320523451311,35.41979217529297,107500,0.0,0.0,0.0
2013-09-19 00:00:00-04:00,35.4677633909075,35.4814710528142,35.10451950102206,35.15934753417969,128900,0.0,0.0,0.0
2013-09-20 00:00:00-04:00,35.17992360509945,35.20048379848077,34.8029692966407,34.82353210449219,196300,0.0,0.0,0.0
2013-09-23 00:00:00-04:00,34.899260269265184,34.92680026531605,34.73402554567718,34.85106658935547,99700,0.23,0.0,0.0
2013-09-24 00:00:00-04:00,34.933686430775715,34.96122380035233,34.713369089652815,34.81664276123047,383200,0.0,0.0,0.0
2013-09-25 00:00:00-04:00,34.906146287933666,34.94056996952848,34.73402525360101,34.78221893310547,855900,0.0,0.0,0.0
2013-09-26 00:00:00-04:00,34.88548978067454,35.03695713046574,34.80287242004232,34.92679977416992,255100,0.0,0.0,0.0
2013-09-27 00:00:00-04:00,34.82353946448772,34.82353946448772,34.69961207215892,34.80288314819336,206000,0.0,0.0,0.0
2013-09-30 00:00:00-04:00,34.56878462785864,34.596324621067076,34.36223993151199,34.5274772644043,283400,0.0,0.0,0.0
2013-10-01 00:00:00-04:00,34.658282917191734,34.82352022445613,34.5825492607938,34.76844024658203,522400,0.0,0.0,0.0
2013-10-02 00:00:00-04:00,34.7202554018159,34.81664276123047,34.513710685019156,34.81664276123047,168500,0.0,0.0,0.0
2013-10-03 00:00:00-04:00,34.837293726633774,34.87172003204574,34.499937995006775,34.651405334472656,287600,0.0,0.0,0.0
2013-10-04 00:00:00-04:00,34.692712086622436,34.782215751669156,34.57567105463377,34.74090576171875,129200,0.0,0.0,0.0
2013-10-07 00:00:00-04:00,34.424206839259476,34.59632787345577,34.32093316819827,34.4379768371582,100600,0.0,0.0,0.0
2013-10-08 00:00:00-04:00,34.43797524688908,34.520592604107826,34.14881055708584,34.155696868896484,108800,0.0,0.0,0.0
2013-10-09 00:00:00-04:00,34.36223158516266,34.417311558200986,34.12814695246512,34.403541564941406,192300,0.0,0.0,0.0
2013-10-10 00:00:00-04:00,34.74091673939919,35.023195194027494,34.630759357748126,34.98188781738281,587600,0.0,0.0,0.0
2013-10-11 00:00:00-04:00,34.98186373322153,35.14709837875853,34.899243784095695,35.112674713134766,269100,0.0,0.0,0.0
2013-10-14 00:00:00-04:00,35.030064841067215,35.27791948844736,34.8785975284776,35.25726318359375,145600,0.0,0.0,0.0
2013-10-15 00:00:00-04:00,35.243506400781534,35.243506400781534,34.98188428723594,35.05073165893555,151200,0.0,0.0,0.0
2013-10-16 00:00:00-04:00,35.2779219189471,35.36742294950003,35.13333828044222,35.35365295410156,273200,0.0,0.0,0.0
2013-10-17 00:00:00-04:00,35.51201074798334,35.71855545043945,35.422507080587614,35.71855545043945,654400,0.0,0.0,0.0
2013-10-18 00:00:00-04:00,35.87690565480109,35.9250993300584,35.76674830759034,35.90444564819336,272800,0.0,0.0,0.0
2013-10-21 00:00:00-04:00,35.973286582230024,35.993940260407314,35.849359260450555,35.952632904052734,178100,0.0,0.0,0.0
2013-10-22 00:00:00-04:00,36.248680427660545,36.37949143054121,36.11098311463166,36.317527770996094,459900,0.0,0.0,0.0
2013-10-23 00:00:00-04:00,35.993946258424685,35.993946258424685,35.766747881540645,35.849365234375,229000,0.0,0.0,0.0
2013-10-24 00:00:00-04:00,35.890680175001194,36.07657121429041,35.890680175001194,36.028377532958984,299100,0.0,0.0,0.0
2013-10-25 00:00:00-04:00,36.05591554329082,36.062801855808175,35.87691081322024,35.98706817626953,140400,0.0,0.0,0.0
2013-10-28 00:00:00-04:00,36.028361830071645,36.04212919614416,35.890664532128945,35.97328186035156,195500,0.0,0.0,0.0
2013-10-29 00:00:00-04:00,36.1178787286737,36.1178787286737,35.97329768409719,36.062801361083984,129000,0.0,0.0,0.0
2013-10-30 00:00:00-04:00,36.21426153231215,36.21426153231215,35.76674845643787,35.93886947631836,173400,0.0,0.0,0.0
2013-10-31 00:00:00-04:00,35.97328567371007,35.97328567371007,35.746084714066484,35.794281005859375,249900,0.0,0.0,0.0
2013-11-01 00:00:00-04:00,35.66347063526167,35.69789430995197,35.41561597531867,35.57396697998047,148100,0.0,0.0,0.0
2013-11-04 00:00:00-05:00,35.75986572014876,35.75986572014876,35.59463099530401,35.73921203613281,170700,0.0,0.0,0.0
2013-11-05 00:00:00-05:00,35.5395404006497,35.5395404006497,35.250378405254715,35.374305725097656,142400,0.0,0.0,0.0
2013-11-06 00:00:00-05:00,35.74609939498136,35.76675570747837,35.62217465179365,35.70479202270508,132500,0.0,0.0,0.0
2013-11-07 00:00:00-05:00,35.649703794081894,35.649703794081894,35.06449339349852,35.09203338623047,244300,0.0,0.0,0.0
2013-11-08 00:00:00-05:00,35.064494416979144,35.291692797753605,34.97499075116698,35.28480911254883,805300,0.0,0.0,0.0
2013-11-11 00:00:00-05:00,35.374309865569735,35.374309865569735,35.22284253995333,35.26415252685547,206400,0.0,0.0,0.0
2013-11-12 00:00:00-05:00,35.243499944694314,35.25726994178355,35.03007155570714,35.09891891479492,427400,0.0,0.0,0.0
2013-11-13 00:00:00-05:00,34.933682187876464,35.24349791226337,34.851062210105596,35.23661422729492,157200,0.0,0.0,0.0
2013-11-14 00:00:00-05:00,35.2916956323783,35.46381666626426,35.17465458998795,35.436279296875,179800,0.0,0.0,0.0
2013-11-15 00:00:00-05:00,35.80116075058517,35.8287007353345,35.573959815939475,35.80804443359375,295100,0.0,0.0,0.0
2013-11-18 00:00:00-05:00,36.11786805565842,36.11786805565842,35.821819741566316,35.87689971923828,207300,0.0,0.0,0.0
2013-11-19 00:00:00-05:00,35.8906774092111,35.911331092087636,35.684132701370395,35.74609375,189000,0.0,0.0,0.0
2013-11-20 00:00:00-05:00,35.80117134602614,35.828711338925984,35.42250563590713,35.470699310302734,142200,0.0,0.0,0.0
2013-11-21 00:00:00-05:00,35.615286082976546,35.6634797651522,35.470705036449566,35.642826080322266,198100,0.0,0.0,0.0
2013-11-22 00:00:00-05:00,35.670362703999885,35.77363374474101,35.58774271977684,35.74609375,151100,0.0,0.0,0.0
2013-11-25 00:00:00-05:00,35.766738914046826,35.80116258356719,35.525767974689,35.63592529296875,203200,0.0,0.0,0.0
2013-11-26 00:00:00-05:00,35.567080388309265,35.61527405420791,35.47069305651198,35.55331039428711,149400,0.0,0.0,0.0
2013-11-27 00:00:00-05:00,35.766754791278125,35.766754791278125,35.629057425713754,35.72544479370117,220700,0.0,0.0,0.0
2013-11-29 00:00:00-05:00,35.945758386329096,35.95952838508405,35.80806102513836,35.84248733520508,92300,0.0,0.0,0.0
2013-12-02 00:00:00-05:00,35.80117641152117,35.80806009754097,35.49135801345743,35.518898010253906,268700,0.0,0.0,0.0
2013-12-03 00:00:00-05:00,35.39496646033367,35.40873645710157,35.14711177122819,35.28480911254883,185800,0.0,0.0,0.0
2013-12-04 00:00:00-05:00,35.04384155279637,35.16088258851729,34.87172052871851,35.09891891479492,146000,0.0,0.0,0.0
2013-12-05 00:00:00-05:00,35.07137619551358,35.112686183571434,34.899255184809796,34.93368148803711,131800,0.0,0.0,0.0
2013-12-06 00:00:00-05:00,35.38118681661409,35.456920465009,35.21595215316849,35.4224967956543,221900,0.0,0.0,0.0
2013-12-09 00:00:00-05:00,35.47757414135029,35.47757414135029,35.3261094709181,35.4224967956543,173300,0.0,0.0,0.0
2013-12-10 00:00:00-05:00,35.381191099058356,35.394961093738445,35.28480376265569,35.34676742553711,116200,0.0,0.0,0.0
2013-12-11 00:00:00-05:00,35.39496006709075,35.39496006709075,34.94056076125972,35.02317810058594,121800,0.0,0.0,0.0
2013-12-12 00:00:00-05:00,34.91304026481571,34.91992657897965,34.65830179429606,34.73403549194336,181100,0.0,0.0,0.0
2013-12-13 00:00:00-05:00,34.81664352883547,34.81664352883547,34.63075249171248,34.761566162109375,227400,0.0,0.0,0.0
2013-12-16 00:00:00-05:00,35.05073045749119,35.07138414302134,34.94057309073239,35.00253677368164,189200,0.0,0.0,0.0
2013-12-17 00:00:00-05:00,34.93368657750805,34.96811025939233,34.74090923151061,34.85106658935547,104400,0.0,0.0,0.0
2013-12-18 00:00:00-05:00,35.009410948214075,35.45004292189084,34.78221259003454,35.35365295410156,184600,0.0,0.0,0.0
2013-12-19 00:00:00-05:00,35.153997656961884,35.23661501021017,35.03007031391031,35.22972869873047,303000,0.0,0.0,0.0
2013-12-20 00:00:00-05:00,35.38812049681924,35.4645381442238,35.22833934773604,35.35338592529297,179900,0.458,0.0,0.0
2013-12-23 00:00:00-05:00,35.64515880032868,35.71462793684078,35.520112234544754,35.63821029663086,463300,0.0,0.0,0.0
2013-12-24 00:00:00-05:00,35.65906366882495,35.72853282581438,35.49927983760801,35.72158432006836,97900,0.0,0.0,0.0
2013-12-26 00:00:00-05:00,35.895255215350716,35.95777850857785,35.82578606735528,35.84662628173828,169800,0.0,0.0,0.0
2013-12-27 00:00:00-05:00,36.13839813491475,36.1592383467612,35.99251135183404,36.05503463745117,226900,0.0,0.0,0.0
2013-12-30 00:00:00-05:00,36.19397747395922,36.270395127122185,36.12450832567188,36.235660552978516,519300,0.0,0.0,0.0
2013-12-31 00:00:00-05:00,36.4301730094183,36.44406736784086,36.29123472534848,36.388492584228516,244100,0.0,0.0,0.0
2014-01-02 00:00:00-05:00,36.0064084261146,36.04114299850501,35.59653411172047,35.749366760253906,637000,0.0,0.0,0.0
2014-01-03 00:00:00-05:00,35.88136691227546,35.88831276770317,35.652113931985355,35.735477447509766,731000,0.0,0.0,0.0
2014-01-06 00:00:00-05:00,35.83968529939988,35.83968529939988,35.603486453994634,35.63127517700195,230900,0.0,0.0,0.0
2014-01-07 00:00:00-05:00,35.68684616427644,35.84662732939823,35.666005949284354,35.80494689941406,409100,0.0,0.0,0.0
2014-01-08 00:00:00-05:00,35.80493862441338,35.85356754820825,35.707680776823636,35.784095764160156,551400,0.0,0.0,0.0
2014-01-09 00:00:00-05:00,35.68685079361646,35.83968612359294,35.506229390072164,35.67990493774414,289500,0.0,0.0,0.0
2014-01-10 00:00:00-05:00,35.936935854437024,36.08977114974474,35.818837780846835,36.04808807373047,180600,0.0,0.0,0.0
2014-01-13 00:00:00-05:00,36.117553592930484,36.117553592930484,35.70073085542991,35.77020263671875,334200,0.0,0.0,0.0
2014-01-14 00:00:00-05:00,36.0064057097576,36.0828207032205,35.797992990981946,36.05503463745117,256900,0.0,0.0,0.0
2014-01-15 00:00:00-05:00,36.082810295317564,36.16617641881241,36.034181381650754,36.131439208984375,224200,0.0,0.0,0.0
2014-01-16 00:00:00-05:00,36.16619738482977,36.18009174680032,35.98557332929118,36.13840866088867,190800,0.0,0.0,0.0
2014-01-17 00:00:00-05:00,36.16619367726709,36.16619367726709,35.95083506391881,36.006412506103516,214000,0.0,0.0,0.0
2014-01-21 00:00:00-05:00,36.31903006634869,36.31903006634869,35.99252183531574,36.13840866088867,323400,0.0,0.0,0.0
2014-01-22 00:00:00-05:00,36.28428443503032,36.305124646599374,36.06892586519834,36.249549865722656,257400,0.0,0.0,0.0
2014-01-23 00:00:00-05:00,36.09671626106539,36.18008241137802,35.69379046819925,35.86746597290039,206000,0.0,0.0,0.0
2014-01-24 00:00:00-05:00,35.42979933130156,35.50621696955796,34.92961308095246,34.936561584472656,355000,0.0,0.0,0.0
2014-01-27 00:00:00-05:00,35.06161567319961,35.06161567319961,34.52669474065913,34.72121047973633,444700,0.0,0.0,0.0
2014-01-28 00:00:00-05:00,34.9435168307851,35.07551193237305,34.8809935326851,35.07551193237305,151500,0.0,0.0,0.0
2014-01-29 00:00:00-05:00,34.68647560235309,34.82541655051552,34.56142901401473,34.65174102783203,180800,0.0,0.0,0.0
2014-01-30 00:00:00-05:00,34.9365651554246,34.9365651554246,34.721206575605834,34.85319900512695,202500,0.0,0.0,0.0
2014-01-31 00:00:00-05:00,34.34606770359496,34.610055219279744,34.21407527079154,34.4224853515625,235200,0.0,0.0,0.0
2014-02-03 00:00:00-05:00,34.45721550968396,34.45721550968396,33.7625135627139,33.79030227661133,675100,0.0,0.0,0.0
2014-02-04 00:00:00-05:00,33.970927401867115,34.15154874807991,33.90145561480242,34.09597396850586,306300,0.0,0.0,0.0
2014-02-05 00:00:00-05:00,34.1307209908529,34.20019015318828,33.94315107245298,34.172401428222656,160000,0.0,0.0,0.0
2014-02-06 00:00:00-05:00,34.47806347916453,34.79762578610542,34.42943454767692,34.790679931640625,183500,0.0,0.0,0.0
2014-02-07 00:00:00-05:00,35.04078137773526,35.16582799774548,34.84626559108773,35.15888214111328,242600,0.0,0.0,0.0
2014-02-10 00:00:00-05:00,35.11023492484419,35.11023492484419,34.90877073631751,35.033817291259766,145900,0.0,0.0,0.0
2014-02-11 00:00:00-05:00,35.24918235990488,35.638213802770395,35.20749928385017,35.56874465942383,250500,0.0,0.0,0.0
2014-02-12 00:00:00-05:00,35.65905419902451,35.707683126018665,35.54095348341174,35.59653091430664,217800,0.0,0.0,0.0
2014-02-13 00:00:00-05:00,35.311703001319756,35.70768291887661,35.24223121310414,35.68684005737305,132400,0.0,0.0,0.0
2014-02-14 00:00:00-05:00,35.80494731695551,35.95777997881007,35.693795085571175,35.916099548339844,210400,0.0,0.0,0.0
2014-02-18 00:00:00-05:00,36.124505198774244,36.145345411440914,35.978618409951736,36.06892776489258,285500,0.0,0.0,0.0
2014-02-19 00:00:00-05:00,36.08282822184708,36.14535152049228,35.82578917189609,35.839683532714844,230500,0.0,0.0,0.0
2014-02-20 00:00:00-05:00,35.89524802057444,36.02029458196463,35.71462668194284,35.95777130126953,210600,0.0,0.0,0.0
2014-02-21 00:00:00-05:00,36.16619086382308,36.221765651606205,36.04114427871343,36.08282470703125,261900,0.0,0.0,0.0
2014-02-24 00:00:00-05:00,36.23566149555689,36.49270053100005,36.13145512033707,36.32597351074219,265900,0.0,0.0,0.0
2014-02-25 00:00:00-05:00,36.40932470647627,36.40932470647627,36.13144289992766,36.2773323059082,214600,0.0,0.0,0.0
2014-02-26 00:00:00-05:00,36.23565494492486,36.23565494492486,35.98556180967136,36.09671401977539,165300,0.0,0.0,0.0
2014-02-27 00:00:00-05:00,36.12450657719286,36.29123623512192,35.9577769192638,36.27039337158203,897800,0.0,0.0,0.0
2014-02-28 00:00:00-05:00,36.41628617298572,36.48575797944832,36.187035836855244,36.34681701660156,150800,0.0,0.0,0.0
2014-03-03 00:00:00-05:00,35.78409707335287,35.888303428198704,35.53400659186271,35.63821029663086,410700,0.0,0.0,0.0
2014-03-04 00:00:00-05:00,36.173125965933146,36.36069578784186,36.159231610597985,36.2773323059082,221200,0.0,0.0,0.0
2014-03-05 00:00:00-05:00,36.31901272183638,36.31901272183638,36.19396617389724,36.2773323059082,199200,0.0,0.0,0.0
2014-03-06 00:00:00-05:00,36.71500190611272,36.763630837107996,36.603849685255234,36.680267333984375,148200,0.0,0.0,0.0
2014-03-07 00:00:00-05:00,36.645524622454914,36.645524622454914,36.25649061082374,36.39543151855469,172500,0.0,0.0,0.0
2014-03-10 00:00:00-04:00,36.23566654460395,36.23566654460395,35.936944387433535,36.13840866088867,334000,0.0,0.0,0.0
2014-03-11 00:00:00-04:00,36.22871041268106,36.263444982715974,35.90219962418165,35.950828552246094,122800,0.0,0.0,0.0
2014-03-12 00:00:00-04:00,35.74936338328599,35.86051559448242,35.575687887661694,35.86051559448242,132500,0.0,0.0,0.0
2014-03-13 00:00:00-04:00,35.96473778524875,35.978632149024975,35.20056367803,35.276981353759766,228100,0.0,0.0,0.0
2014-03-14 00:00:00-04:00,35.20749676701293,35.40896097842528,35.138027628632415,35.24917984008789,180600,0.0,0.0,0.0
2014-03-17 00:00:00-04:00,35.554856989151986,35.69379795206,35.422864531932525,35.65211486816406,159100,0.0,0.0,0.0
2014-03-18 00:00:00-04:00,35.721578586892555,35.92999132456835,35.672949654789015,35.90220260620117,161700,0.0,0.0,0.0
2014-03-19 00:00:00-04:00,35.86051329611703,35.86051329611703,35.242228995333946,35.436744689941406,170100,0.0,0.0,0.0
2014-03-20 00:00:00-04:00,35.22835332023274,35.45065784626627,35.09636083605002,35.36729431152344,175200,0.0,0.0,0.0
2014-03-21 00:00:00-04:00,35.60348096735923,35.68684447345606,35.31865322562348,35.36033630371094,102800,0.0,0.0,0.0
2014-03-24 00:00:00-04:00,35.59653553831609,35.59653553831609,35.221395781277984,35.47148895263672,233700,0.0,0.0,0.0
2014-03-25 00:00:00-04:00,35.7772698206937,35.8822279367376,35.630324187410395,35.812255859375,136100,0.367,0.0,0.0
2014-03-26 00:00:00-04:00,36.05016467422642,36.11314061158417,35.80525706482914,35.819252014160156,907000,0.0,0.0,0.0
2014-03-27 00:00:00-04:00,36.00817696179226,36.09214665109858,35.87522895761907,36.07815170288086,82400,0.0,0.0,0.0
2014-03-28 00:00:00-04:00,36.21109600733493,36.40002378507608,36.20409986857259,36.29506301879883,116900,0.0,0.0,0.0
2014-03-31 00:00:00-04:00,36.62393622827725,36.62393622827725,36.48398943488507,36.52597427368164,242400,0.0,0.0,0.0
2014-04-01 00:00:00-04:00,36.76387904816699,36.79886507541792,36.67291324190435,36.77787399291992,475800,0.0,0.0,0.0
2014-04-02 00:00:00-04:00,36.79887363086626,36.88983945827774,36.73589769946806,36.84785461425781,292200,0.0,0.0,0.0
2014-04-03 00:00:00-04:00,36.88984649585997,36.903841446536475,36.616951630827984,36.74290084838867,173500,0.0,0.0,0.0
2014-04-04 00:00:00-04:00,37.01578472550985,37.02977700175992,36.60993931342193,36.65892028808594,221300,0.0,0.0,0.0
2014-04-07 00:00:00-04:00,36.742904630483345,36.742904630483345,36.42802755027421,36.53298568725586,218600,0.0,0.0,0.0
2014-04-08 00:00:00-04:00,36.61695101716175,36.7359040920226,36.49799527303704,36.630943298339844,160000,0.0,0.0,0.0
2014-04-09 00:00:00-04:00,36.917834379511405,37.06478002957615,36.70091931335709,37.05778121948242,434400,0.0,0.0,0.0
2014-04-10 00:00:00-04:00,36.95281906809918,36.95281906809918,36.40003057849541,36.42802047729492,186600,0.0,0.0,0.0
2014-04-11 00:00:00-04:00,36.32305291237452,36.476994657777645,36.23208709288511,36.29506301879883,178000,0.0,0.0,0.0
2014-04-14 00:00:00-04:00,36.49798992639001,36.518981014346004,36.25308500269191,36.44900894165039,203800,0.0,0.0,0.0
2014-04-15 00:00:00-04:00,36.33704191912865,36.37902675262891,35.840233401057944,36.211090087890625,165800,0.0,0.0,0.0
2014-04-16 00:00:00-04:00,36.53997659274755,36.60994866893063,36.36504373302626,36.58195877075195,460500,0.0,0.0,0.0
2014-04-17 00:00:00-04:00,36.66591710415928,36.82685496492378,36.53296646363785,36.77787399291992,436900,0.0,0.0,0.0
2014-04-21 00:00:00-04:00,36.87583923339844,36.87583923339844,36.6799126586056,36.87583923339844,129600,0.0,0.0,0.0
2014-04-22 00:00:00-04:00,36.952820100964495,36.952820100964495,36.833864362373504,36.903839111328125,171500,0.0,0.0,0.0
2014-04-23 00:00:00-04:00,36.910838455629516,36.910838455629516,36.735905571953545,36.79188537597656,141800,0.0,0.0,0.0
2014-04-24 00:00:00-04:00,36.88284593554084,36.903839695191245,36.581961183434935,36.81986999511719,507800,0.0,0.0,0.0
2014-04-25 00:00:00-04:00,36.749892839938155,36.749892839938155,36.46999921686625,36.595951080322266,127300,0.0,0.0,0.0
2014-04-28 00:00:00-04:00,36.62394160970311,36.79887445983175,36.44900875957447,36.707908630371094,228700,0.0,0.0,0.0
2014-04-29 00:00:00-04:00,36.95280393061887,37.022775979690365,36.735886307677106,36.85483932495117,910700,0.0,0.0,0.0
2014-04-30 00:00:00-04:00,36.882839825072956,37.015790493532066,36.77788172126473,36.98780059814453,117100,0.0,0.0,0.0
2014-05-01 00:00:00-04:00,37.05077627425091,37.085762308613916,36.966809257927025,37.04377746582031,256600,0.0,0.0,0.0
2014-05-02 00:00:00-04:00,37.036777249048384,37.15573028663901,36.98079746482007,37.09275436401367,190700,0.0,0.0,0.0
2014-05-05 00:00:00-04:00,36.93882814052863,37.05778121948242,36.79188515972784,37.05778121948242,180600,0.0,0.0,0.0
2014-05-06 00:00:00-04:00,37.08576113016537,37.15573319666794,36.973804222203334,37.029781341552734,191000,0.0,0.0,0.0
2014-05-07 00:00:00-04:00,37.057779460130405,37.14174916168486,36.903840345808256,37.12775421142578,214600,0.0,0.0,0.0
2014-05-08 00:00:00-04:00,37.19073016726877,37.30268710012061,37.08576937491725,37.13475036621094,247600,0.0,0.0,0.0
2014-05-09 00:00:00-04:00,37.09976607225291,37.10676221308268,36.952823091452125,37.05778121948242,127900,0.0,0.0,0.0
2014-05-12 00:00:00-04:00,37.30267809728669,37.38664510934455,37.211712277153815,37.37964630126953,359300,0.0,0.0,0.0
2014-05-13 00:00:00-04:00,37.456609237696895,37.456609237696895,37.330657411666905,37.41462707519531,266900,0.0,0.0,0.0
2014-05-14 00:00:00-04:00,37.35867133597238,37.52660810181661,37.35867133597238,37.43564224243164,284500,0.0,0.0,0.0
2014-05-15 00:00:00-04:00,37.42863222328592,37.42863222328592,37.08576267689161,37.204715728759766,306700,0.0,0.0,0.0
2014-05-16 00:00:00-04:00,37.351670780229355,37.351670780229355,37.16973908295861,37.32368087768555,309800,0.0,0.0,0.0
2014-05-19 00:00:00-04:00,37.260692314941565,37.302677154541016,37.155731550574515,37.302677154541016,237400,0.0,0.0,0.0
2014-05-20 00:00:00-04:00,37.148747051860894,37.16973814360625,36.95981921836078,37.050785064697266,376800,0.0,0.0,0.0
2014-05-21 00:00:00-04:00,37.225718888046224,37.32368087768555,37.12775689840691,37.32368087768555,206800,0.0,0.0,0.0
2014-05-22 00:00:00-04:00,37.43564224243164,37.456633337188045,37.372666288898095,37.43564224243164,202500,0.0,0.0,0.0
2014-05-23 00:00:00-04:00,37.512606107703114,37.56158709911711,37.43563521569144,37.54059600830078,150200,0.0,0.0,0.0
2014-05-27 00:00:00-04:00,37.820481174939054,37.841474931782194,37.55458249878784,37.68053436279297,322400,0.0,0.0,0.0
2014-05-28 00:00:00-04:00,37.701534830619735,37.701534830619735,37.52660195161442,37.603572845458984,320000,0.0,0.0,0.0
2014-05-29 00:00:00-04:00,37.79949189733561,37.806488037109375,37.659545078488364,37.806488037109375,166800,0.0,0.0,0.0
2014-05-30 00:00:00-04:00,37.659541799068535,37.72951386776716,37.64554685147614,37.7015266418457,352400,0.0,0.0,0.0
2014-06-02 00:00:00-04:00,37.90445091249695,37.91844586164142,37.76450675957946,37.86946487426758,1297700,0.0,0.0,0.0
2014-06-03 00:00:00-04:00,37.82048298592046,37.82748179495777,37.72951715328021,37.806488037109375,249300,0.0,0.0,0.0
2014-06-04 00:00:00-04:00,37.75051089613667,37.82748177993526,37.67354001233807,37.79949188232422,144900,0.0,0.0,0.0
2014-06-05 00:00:00-04:00,38.00241062055057,38.07238268792097,37.799487888207835,38.0513916015625,194300,0.0,0.0,0.0
2014-06-06 00:00:00-04:00,38.22632573450493,38.28230285644531,38.10737001282866,38.28230285644531,263600,0.0,0.0,0.0
2014-06-09 00:00:00-04:00,38.26832169054909,38.324301501913325,38.17035968992599,38.310306549072266,355400,0.0,0.0,0.0
2014-06-10 00:00:00-04:00,38.24731682157466,38.289301664977465,38.13535990843053,38.28230285644531,501000,0.0,0.0,0.0
2014-06-11 00:00:00-04:00,38.21933539728719,38.21933539728719,38.07938855752198,38.142364501953125,240200,0.0,0.0,0.0
2014-06-12 00:00:00-04:00,38.2893024621547,38.2893024621547,38.051393683112295,38.12836456298828,185000,0.0,0.0,0.0
2014-06-13 00:00:00-04:00,38.177345275878906,38.2123313112298,37.96742372524672,38.177345275878906,208600,0.0,0.0,0.0
2014-06-16 00:00:00-04:00,38.15635945285604,38.19834430556479,38.06539627588302,38.142364501953125,176400,0.0,0.0,0.0
2014-06-17 00:00:00-04:00,38.05139398432214,38.10737110787106,37.96742429510359,38.09337615966797,171800,0.0,0.0,0.0
2014-06-18 00:00:00-04:00,38.086372882176164,38.478223350633066,38.086372882176164,38.450233459472656,141400,0.0,0.0,0.0
2014-06-19 00:00:00-04:00,38.61817457081649,38.63916832767958,38.48522656724629,38.54120635986328,145300,0.0,0.0,0.0
2014-06-20 00:00:00-04:00,38.611187546362224,38.611187546362224,38.42225970557461,38.51322555541992,277500,0.0,0.0,0.0
2014-06-23 00:00:00-04:00,38.46423486045752,38.46423486045752,38.30329696316958,38.43624496459961,433500,0.0,0.0,0.0
2014-06-24 00:00:00-04:00,38.47445423656001,38.4815281600009,38.17729817217008,38.21267318725586,245300,0.604,0.0,0.0
2014-06-25 00:00:00-04:00,38.141917521267644,38.23389470605271,38.12069305514042,38.2268180847168,348600,0.0,0.0,0.0
2014-06-26 00:00:00-04:00,38.29757675714605,38.29757675714605,37.99334676697215,38.2692756652832,238200,0.0,0.0,0.0
2014-06-27 00:00:00-04:00,38.248060103858585,38.36833572387695,38.17730735772311,38.36833572387695,442100,0.0,0.0,0.0
2014-06-30 00:00:00-04:00,38.43199869806598,38.43907531972921,38.31172311919475,38.41077423095703,604400,0.0,0.0,0.0
2014-07-01 00:00:00-04:00,38.72916498650176,38.79284110362833,38.58766220411592,38.74331283569336,279400,0.0,0.0,0.0
2014-07-02 00:00:00-04:00,38.77868321561496,38.79990768432617,38.700856565086426,38.79990768432617,231600,0.0,0.0,0.0
2014-07-03 00:00:00-04:00,38.870663480744895,38.962640690376425,38.80698736622168,38.948490142822266,471100,0.0,0.0,0.0
2014-07-07 00:00:00-04:00,38.78575383908422,38.78575383908422,38.63010055126972,38.686702728271484,312100,0.0,0.0,0.0
2014-07-08 00:00:00-04:00,38.67254620027851,38.67254620027851,38.25511465577025,38.37539291381836,196000,0.0,0.0,0.0
2014-07-09 00:00:00-04:00,38.417844192639755,38.54519638004368,38.318793091090065,38.51689529418945,380300,0.0,0.0,0.0
2014-07-10 00:00:00-04:00,37.972114203092154,38.14191803120087,37.8518386281762,38.113616943359375,273100,0.0,0.0,0.0
2014-07-11 00:00:00-04:00,38.14899642707619,38.18437414049664,38.00749636915684,38.16314697265625,181300,0.0,0.0,0.0
2014-07-14 00:00:00-04:00,38.47445267537777,38.47445267537777,38.37540155758055,38.417850494384766,148100,0.0,0.0,0.0
2014-07-15 00:00:00-04:00,38.481536270271015,38.488612894144005,38.141931195780124,38.297584533691406,174900,0.0,0.0,0.0
2014-07-16 00:00:00-04:00,38.42492659622799,38.56642664891359,38.42492659622799,38.53105163574219,240400,0.0,0.0,0.0
2014-07-17 00:00:00-04:00,38.38248359154734,38.41785861267299,37.98627633769321,38.007503509521484,298600,0.0,0.0,0.0
2014-07-18 00:00:00-04:00,38.1348338432477,38.46028816899551,38.1348338432477,38.38246154785156,215100,0.0,0.0,0.0
2014-07-21 00:00:00-04:00,38.25513719665074,38.33296387437342,38.10656046587555,38.31881332397461,386500,0.0,0.0,0.0
2014-07-22 00:00:00-04:00,38.48152043924814,38.60179870513648,38.48152043924814,38.545196533203125,430400,0.0,0.0,0.0
2014-07-23 00:00:00-04:00,38.736233285892446,38.736233285892446,38.55935550833129,38.62303161621094,107600,0.0,0.0,0.0
2014-07-24 00:00:00-04:00,38.72208339344841,38.72208339344841,38.62303226817268,38.67255783081055,191000,0.0,0.0,0.0
2014-07-25 00:00:00-04:00,38.693793815881335,38.693793815881335,38.41786482794374,38.538143157958984,146500,0.0,0.0,0.0
2014-07-28 00:00:00-04:00,38.63718216228871,38.65133270836649,38.41785274649423,38.62303161621094,275200,0.0,0.0,0.0
2014-07-29 00:00:00-04:00,38.69377584165866,38.70085246310605,38.45322199231297,38.474449157714844,189700,0.0,0.0,0.0
2014-07-30 00:00:00-04:00,38.54519902705299,38.55934957095186,38.31172180007231,38.44614791870117,163400,0.0,0.0,0.0
2014-07-31 00:00:00-04:00,38.13483779694268,38.13483779694268,37.73155680824008,37.745704650878906,284300,0.0,0.0,0.0
2014-08-01 00:00:00-04:00,37.73864836631188,37.83062558008787,37.476869972116795,37.618370056152344,740200,0.0,0.0,0.0
2014-08-04 00:00:00-04:00,37.83770186791662,37.88015351514332,37.59007400644739,37.85185241699219,185300,0.0,0.0,0.0
2014-08-05 00:00:00-04:00,37.63958326660211,37.63958326660211,37.24337616101721,37.31412887573242,371300,0.0,0.0,0.0
2014-08-06 00:00:00-04:00,37.123106064871756,37.32828222043038,37.06650388475869,37.27168273925781,171200,0.0,0.0,0.0
2014-08-07 00:00:00-04:00,37.26460014788677,37.342426783605,36.86839574632495,36.96037292480469,195300,0.0,0.0,0.0
2014-08-08 00:00:00-04:00,36.99574728926938,37.215073950910714,36.88254564808482,37.1796989440918,273000,0.0,0.0,0.0
2014-08-11 00:00:00-04:00,37.3919583111776,37.46271103629545,37.29998381693514,37.40610885620117,215500,0.0,0.0,0.0
2014-08-12 00:00:00-04:00,37.356580809678796,37.420256908572995,37.29290471078459,37.370731353759766,209800,0.0,0.0,0.0
2014-08-13 00:00:00-04:00,37.65374777610233,37.66789832429411,37.547620014134566,37.618370056152344,191300,0.0,0.0,0.0
2014-08-14 00:00:00-04:00,37.731570227544296,37.76694524460224,37.68204196493422,37.75986862182617,103700,0.0,0.0,0.0
2014-08-15 00:00:00-04:00,37.96504883706966,37.97212276115419,37.44856601278994,37.72449493408203,213200,0.0,0.0,0.0
2014-08-18 00:00:00-04:00,37.95796452994625,37.99333953857422,37.8659873483614,37.99333953857422,326900,0.0,0.0,0.0
2014-08-19 00:00:00-04:00,38.04288877627214,38.08534043242057,37.9933631935699,38.071189880371094,143700,0.0,0.0,0.0
2014-08-20 00:00:00-04:00,37.94382211114991,38.049947159757075,37.894296548678426,38.01457214355469,170200,0.0,0.0,0.0
2014-08-21 00:00:00-04:00,38.0782470703125,38.12777263124667,38.02164758593372,38.0782470703125,112500,0.0,0.0,0.0
2014-08-22 00:00:00-04:00,38.07116734962716,38.07116734962716,37.823536883723285,37.929664611816406,219700,0.0,0.0,0.0
2014-08-25 00:00:00-04:00,38.17729781361498,38.26220108775222,38.04994560134975,38.219749450683594,419200,0.0,0.0,0.0
2014-08-26 00:00:00-04:00,38.269277499734734,38.3400275338426,38.240976406515266,38.255126953125,257900,0.0,0.0,0.0
2014-08-27 00:00:00-04:00,38.318803036011055,38.38955307006836,38.290501942811815,38.38955307006836,167900,0.0,0.0,0.0
2014-08-28 00:00:00-04:00,38.13485584426054,38.18438141375393,38.071179726491735,38.170230865478516,272700,0.0,0.0,0.0
2014-08-29 00:00:00-04:00,38.21975841538497,38.21975841538497,38.042880601188784,38.184383392333984,184100,0.0,0.0,0.0
2014-09-02 00:00:00-04:00,38.170232843325344,38.22683234041867,38.09240617324842,38.184383392333984,348400,0.0,0.0,0.0
2014-09-03 00:00:00-04:00,38.59472157265609,38.637173201043474,38.446144921710356,38.52397155761719,225500,0.0,0.0,0.0
2014-09-04 00:00:00-04:00,38.53105068833935,38.56642570064095,38.24804789098613,38.290496826171875,201600,0.0,0.0,0.0
2014-09-05 00:00:00-04:00,38.30464020351361,38.389540756939375,38.16313748184404,38.37539291381836,104700,0.0,0.0,0.0
2014-09-08 00:00:00-04:00,38.19851836713267,38.19851836713267,37.92258682237812,37.99333953857422,244700,0.0,0.0,0.0
2014-09-09 00:00:00-04:00,37.92260218075439,37.92260218075439,37.710349344085564,37.795249938964844,259400,0.0,0.0,0.0
2014-09-10 00:00:00-04:00,37.78108450771927,37.922584533691406,37.674956789300175,37.922584533691406,135500,0.0,0.0,0.0
2014-09-11 00:00:00-04:00,37.717409210734765,37.74570759716112,37.611281490080756,37.73155975341797,223100,0.0,0.0,0.0
2014-09-12 00:00:00-04:00,37.646675306670666,37.646675306670666,37.46272355776157,37.540550231933594,305100,0.0,0.0,0.0
2014-09-15 00:00:00-04:00,37.540528862054714,37.540528862054714,37.420250607091205,37.46977615356445,153600,0.0,0.0,0.0
2014-09-16 00:00:00-04:00,37.32121182842451,37.78109513906196,37.32121182842451,37.71034240722656,245400,0.0,0.0,0.0
2014-09-17 00:00:00-04:00,37.66081341861193,37.66081341861193,37.35658344674575,37.434410095214844,175200,0.0,0.0,0.0
2014-09-18 00:00:00-04:00,37.632512761864675,37.68203832074439,37.5759132798338,37.65373992919922,253400,0.0,0.0,0.0
2014-09-19 00:00:00-04:00,37.73156614401134,37.73864006708102,37.406109005055086,37.434410095214844,321900,0.0,0.0,0.0
2014-09-22 00:00:00-04:00,37.384883590978696,37.406108058591236,37.11602863914464,37.19385528564453,273900,0.0,0.0,0.0
2014-09-23 00:00:00-04:00,37.07357676394565,37.123102317074434,36.903772939689645,36.93914794921875,178200,0.0,0.0,0.0
2014-09-24 00:00:00-04:00,36.984668685542076,37.20515518714268,36.86375857101147,37.14825439453125,495400,0.274,0.0,0.0
2014-09-25 00:00:00-04:00,36.941995897698376,36.941995897698376,36.501025574174214,36.543701171875,581400,0.0,0.0,0.0
2014-09-26 00:00:00-04:00,36.586372324655706,36.83530922969173,36.565035883404896,36.74995803833008,354800,0.0,0.0,0.0
2014-09-29 00:00:00-04:00,36.301890083907104,36.422800247167714,36.19520241135226,36.35167694091797,225300,0.0,0.0,0.0
2014-09-30 00:00:00-04:00,36.2947586801944,36.40855754340437,36.14539818095235,36.27342224121094,326800,0.0,0.0,0.0
2014-10-01 00:00:00-04:00,36.173862849838855,36.19519929724203,35.761340112177756,35.83246612548828,1025600,0.0,0.0,0.0
2014-10-02 00:00:00-04:00,35.77555125795017,35.77555125795017,35.20655694093449,35.58351516723633,397000,0.0,0.0,0.0
2014-10-03 00:00:00-04:00,35.597750579044984,35.68309907279327,35.49106564015456,35.6333122253418,283500,0.0,0.0,0.0
2014-10-06 00:00:00-04:00,35.960491969396635,35.97471717274433,35.72578018392985,35.90359115600586,222400,0.0,0.0,0.0
2014-10-07 00:00:00-04:00,35.7897807329939,35.7897807329939,35.391483306884766,35.391483306884766,371100,0.0,0.0,0.0
2014-10-08 00:00:00-04:00,35.43415166142333,35.93202266401359,35.21366519527057,35.889347076416016,506900,0.0,0.0,0.0
2014-10-09 00:00:00-04:00,35.63330288020934,35.72576530687576,34.993185275203906,35.035858154296875,421700,0.0,0.0,0.0
2014-10-10 00:00:00-04:00,34.85094180263351,34.89361740199357,34.424196661750585,34.45264434814453,515900,0.0,0.0,0.0
2014-10-13 00:00:00-04:00,34.73003108921274,34.97185134197485,34.481094166908,34.49531936645508,390400,0.0,0.0,0.0
2014-10-14 00:00:00-04:00,34.63757104760715,34.80115678395873,34.43842095333515,34.55933380126953,284700,0.0,0.0,0.0
2014-10-15 00:00:00-04:00,34.161034986453764,34.317509472993656,33.613376996743625,34.2606086730957,784700,0.0,0.0,0.0
2014-10-16 00:00:00-04:00,33.42845260752468,34.303281999118816,33.42845260752468,34.068572998046875,1350700,0.0,0.0,0.0
2014-10-17 00:00:00-04:00,34.530880428521925,34.673129708423126,34.38863114862073,34.537994384765625,391800,0.0,0.0,0.0
2014-10-20 00:00:00-04:00,34.53799272358093,34.794038159272766,34.409968649145405,34.779815673828125,280800,0.0,0.0,0.0
2014-10-21 00:00:00-04:00,34.92206554003553,35.178113713148534,34.893617853273675,35.135440826416016,407500,0.0,0.0,0.0
2014-10-22 00:00:00-04:00,35.12832830441916,35.171003906073956,34.83671847606041,34.87228012084961,595800,0.0,0.0,0.0
2014-10-23 00:00:00-04:00,35.16388721726868,35.327472941133415,35.09276393321597,35.149662017822266,281900,0.0,0.0,0.0
2014-10-24 00:00:00-04:00,35.26345981427014,35.355919530941605,35.14965823095927,35.34880828857422,212600,0.0,0.0,0.0
2014-10-27 00:00:00-04:00,34.986077131326184,35.1923384584669,34.90784260226746,35.128326416015625,760700,0.0,0.0,0.0
2014-10-28 00:00:00-04:00,35.41994264589444,35.690216064453125,35.128332780379516,35.690216064453125,209300,0.0,0.0,0.0
2014-10-29 00:00:00-04:00,35.83958156306009,35.85380676738639,35.33459901878796,35.455509185791016,254300,0.0,0.0,0.0
2014-10-30 00:00:00-04:00,35.4554848936437,35.81822057248695,35.37013643934229,35.683082580566406,280200,0.0,0.0,0.0
2014-10-31 00:00:00-04:00,36.18808938822439,36.25210144597659,36.01027841815494,36.24498748779297,1014500,0.0,0.0,0.0
2014-11-03 00:00:00-05:00,36.03871866505326,36.03871866505326,35.81823484415862,35.917808532714844,266500,0.0,0.0,0.0
2014-11-04 00:00:00-05:00,35.75421989541823,35.76844509451072,35.53373337925356,35.73288345336914,304800,0.0,0.0,0.0
2014-11-05 00:00:00-05:00,35.78268070860401,35.80401715686334,35.619094941195605,35.768455505371094,251800,0.0,0.0,0.0
2014-11-06 00:00:00-05:00,35.704437072342934,35.732887473728915,35.46261408692132,35.51951217651367,1237200,0.0,0.0,0.0
2014-11-07 00:00:00-05:00,35.45549536051912,35.590633392333984,35.37726083700118,35.590633392333984,221600,0.0,0.0,0.0
2014-11-10 00:00:00-05:00,35.796884137206206,35.796884137206206,35.61195932084498,35.683082580566406,490000,0.0,0.0,0.0
2014-11-11 00:00:00-05:00,35.77556447108852,35.88936337652149,35.690215970308785,35.85380172729492,217000,0.0,0.0,0.0
2014-11-12 00:00:00-05:00,35.61908999529139,35.72577493495434,35.58352563555735,35.6546516418457,416300,0.0,0.0,0.0
2014-11-13 00:00:00-05:00,35.76132686516371,35.84667804951984,35.59774116491628,35.725765228271484,830900,0.0,0.0,0.0
2014-11-14 00:00:00-05:00,35.483962800839066,35.84669876098633,35.483962800839066,35.84669876098633,350600,0.0,0.0,0.0
2014-11-17 00:00:00-05:00,35.6119760380727,35.690213288400024,35.54085274496406,35.6546516418457,465300,0.0,0.0,0.0
2014-11-18 00:00:00-05:00,35.882245275248295,36.02449455815221,35.8182332336005,35.99604415893555,847800,0.0,0.0,0.0
2014-11-19 00:00:00-05:00,35.939148144617185,36.01738539628802,35.75422595145137,35.924922943115234,306300,0.0,0.0,0.0
2014-11-20 00:00:00-05:00,35.69021340134222,35.839573945250834,35.640426553372684,35.804012298583984,197000,0.0,0.0,0.0
2014-11-21 00:00:00-05:00,36.323221575880254,36.34455802220721,36.11696021745351,36.23787307739258,250800,0.0,0.0,0.0
2014-11-24 00:00:00-05:00,36.337446777824844,36.35167197976943,36.18097226961423,36.23787307739258,329700,0.0,0.0,0.0
2014-11-25 00:00:00-05:00,36.34455639304743,36.373006795661304,36.25209665432193,36.31610870361328,295700,0.0,0.0,0.0
2014-11-26 00:00:00-05:00,36.41567766998745,36.50102615356445,36.35877687214986,36.50102615356445,280100,0.0,0.0,0.0
2014-11-28 00:00:00-05:00,36.23786569737826,36.23786569737826,36.017379181910066,36.060054779052734,159600,0.0,0.0,0.0
2014-12-01 00:00:00-05:00,35.99603514596329,36.03870802092411,35.78977387305691,35.896461486816406,621800,0.0,0.0,0.0
2014-12-02 00:00:00-05:00,36.01738526299433,36.02449922030886,35.896475120444876,35.97471237182617,332400,0.0,0.0,0.0
2014-12-03 00:00:00-05:00,35.94625312431437,36.05293803916459,35.903577530466826,36.02449035644531,497800,0.0,0.0,0.0
2014-12-04 00:00:00-05:00,36.00315702102311,36.03871866505326,35.83246004440658,35.917808532714844,309900,0.0,0.0,0.0
2014-12-05 00:00:00-05:00,35.924911763325255,36.00314899064876,35.81111289990349,35.946250915527344,325900,0.0,0.0,0.0
2014-12-08 00:00:00-05:00,35.739998717485605,35.78267431956458,35.44127764247164,35.51951217651367,276800,0.0,0.0,0.0
2014-12-09 00:00:00-05:00,35.28480044864235,35.34169853388184,35.092764323747694,35.32036209106445,316600,0.0,0.0,0.0
2014-12-10 00:00:00-05:00,35.256357764122846,35.29903337227516,34.7656004796812,34.84383773803711,383500,0.0,0.0,0.0
2014-12-11 00:00:00-05:00,34.87227895946471,35.02164220369229,34.69446802826095,34.758480072021484,646000,0.0,0.0,0.0
2014-12-12 00:00:00-05:00,34.63045927864919,34.680246127067754,34.118365593032586,34.1254768371582,407600,0.0,0.0,0.0
2014-12-15 00:00:00-05:00,34.12546567474924,34.225039339015915,33.4995705824145,33.6204833984375,617700,0.0,0.0,0.0
2014-12-16 00:00:00-05:00,33.57070790797312,34.21793965754883,33.499581900053954,33.784080505371094,603400,0.0,0.0,0.0
2014-12-17 00:00:00-05:00,33.86942222890883,34.43841661258292,33.86942222890883,34.2392692565918,2228800,0.0,0.0,0.0
2014-12-18 00:00:00-05:00,34.680241603036784,34.81537964241251,34.46686903576596,34.808265686035156,416000,0.0,0.0,0.0
2014-12-19 00:00:00-05:00,35.256357764122846,35.256357764122846,34.687363221325285,34.84383773803711,670400,0.0,0.0,0.0
2014-12-22 00:00:00-05:00,35.06612489550309,35.13066388308555,34.922704619151574,35.02309799194336,496900,0.4,0.0,0.0
2014-12-23 00:00:00-05:00,34.886862694670626,35.06613742026396,34.80080885681486,34.90837478637695,567200,0.0,0.0,0.0
2014-12-24 00:00:00-05:00,34.90838329349184,35.094827849918445,34.87252888673856,35.01594924926758,324400,0.0,0.0,0.0
2014-12-26 00:00:00-05:00,35.152173880944126,35.32427601394085,35.152173880944126,35.288421630859375,319400,0.0,0.0,0.0
2014-12-29 00:00:00-05:00,35.11632535715414,35.16652204894653,35.03744405990479,35.058956146240234,694300,0.0,0.0,0.0
2014-12-30 00:00:00-05:00,34.886853298804155,34.894023082270195,34.772117614746094,34.772117614746094,1100200,0.0,0.0,0.0
2014-12-31 00:00:00-05:00,34.79362493537905,34.92270290420536,34.62869258310412,34.664546966552734,686400,0.0,0.0,0.0
2015-01-02 00:00:00-05:00,34.66454698018976,34.80079473155375,34.478102544875135,34.57132339477539,1149300,0.0,0.0,0.0
2015-01-05 00:00:00-05:00,34.255811137082766,34.29883805129098,33.75384141337993,33.81121063232422,688500,0.0,0.0,0.0
2015-01-06 00:00:00-05:00,33.85423885314059,33.968974569213444,33.423980601746216,33.55305862426758,570000,0.0,0.0,0.0
2015-01-07 00:00:00-05:00,33.86140527219412,33.99048327145524,33.67495805747706,33.94745635986328,490000,0.0,0.0,0.0
2015-01-08 00:00:00-05:00,34.20560249465142,34.49961280029365,34.141063513631714,34.37770462036133,319300,0.0,0.0,0.0
2015-01-09 00:00:00-05:00,34.377712450276,34.38488496953069,34.07653229392948,34.23429489135742,453900,0.0,0.0,0.0
2015-01-12 00:00:00-05:00,34.25580795102983,34.284492557834085,33.93311296326863,34.098045349121094,589100,0.0,0.0,0.0
2015-01-13 00:00:00-05:00,34.54265433079334,34.57133894467126,33.99766034468958,34.27732849121094,617500,0.0,0.0,0.0
2015-01-14 00:00:00-05:00,34.055024929281245,34.169760633634176,33.83272330530965,34.13390350341797,320500,0.0,0.0,0.0
2015-01-15 00:00:00-05:00,34.49244028267259,34.54980948158521,34.320338156962684,34.37770462036133,406500,0.0,0.0,0.0
2015-01-16 00:00:00-05:00,34.37056021498324,34.72910976637216,34.291678875995125,34.71476745605469,282500,0.0,0.0,0.0
2015-01-20 00:00:00-05:00,34.9514028352814,34.9514028352814,34.635877557306465,34.75778579711914,522900,0.0,0.0,0.0
2015-01-21 00:00:00-05:00,34.8581788640064,35.101992605703295,34.74344314647347,35.087650299072266,370300,0.0,0.0,0.0
2015-01-22 00:00:00-05:00,35.08047370118823,35.3959989393721,34.97291051722871,35.32428741455078,691200,0.0,0.0,0.0
2015-01-23 00:00:00-05:00,35.26692208866052,35.30994900496667,35.080474853515625,35.080474853515625,658500,0.0,0.0,0.0
2015-01-26 00:00:00-05:00,35.32428731712035,35.532246635256136,35.216724133457504,35.453365325927734,488600,0.0,0.0,0.0
2015-01-27 00:00:00-05:00,35.28842917652574,35.49638847258562,35.21672039502941,35.41750717163086,1009300,0.0,0.0,0.0
2015-01-28 00:00:00-05:00,35.40315363656891,35.460522831977315,34.901184118800586,34.958553314208984,724500,0.0,0.0,0.0
2015-01-29 00:00:00-05:00,35.23822787031583,35.31710916094643,34.972902130888265,35.295597076416016,1004300,0.0,0.0,0.0
2015-01-30 00:00:00-05:00,34.94423031413726,35.073308339578766,34.7147588768002,34.75778579711914,356900,0.0,0.0,0.0
2015-02-02 00:00:00-05:00,35.066133235353945,35.33145903162296,34.95139753408776,35.27408981323242,470500,0.0,0.0,0.0
2015-02-03 00:00:00-05:00,35.41033808674977,35.81908416748047,35.388823263464396,35.81908416748047,818300,0.0,0.0,0.0
2015-02-04 00:00:00-05:00,35.61112694309636,35.790401646341,35.48204893791902,35.53224563598633,507800,0.0,0.0,0.0
2015-02-05 00:00:00-05:00,35.71868020138987,35.962493820821386,35.668483521111085,35.94097900390625,415500,0.0,0.0,0.0
2015-02-06 00:00:00-05:00,35.60395815987966,35.70435155883764,35.38165653681917,35.453365325927734,421000,0.0,0.0,0.0
2015-02-09 00:00:00-05:00,35.33144667303482,35.460524633748456,35.29559229183968,35.374473571777344,386700,0.0,0.0,0.0
2015-02-10 00:00:00-05:00,35.546584194604904,35.59678088738249,35.35296720724228,35.55375671386719,273900,0.0,0.0,0.0
2015-02-11 00:00:00-05:00,35.31711383438539,35.41750722283125,35.16652375171661,35.38165283203125,305800,0.0,0.0,0.0
2015-02-12 00:00:00-05:00,35.65414974137855,35.95532989501953,35.63980743851262,35.95532989501953,164500,0.0,0.0,0.0
2015-02-13 00:00:00-05:00,35.96966546098361,36.20630931067776,35.96966546098361,36.19196701049805,322100,0.0,0.0,0.0
2015-02-17 00:00:00-05:00,36.23501681140342,36.34258277109596,36.04857224818779,36.30672836303711,569100,0.0,0.0,0.0
2015-02-18 00:00:00-05:00,36.378422754145575,36.52184306502702,36.25651726798103,36.45013427734375,352600,0.0,0.0,0.0
2015-02-19 00:00:00-05:00,36.38559240468204,36.529009968737995,36.33539297464483,36.4071044921875,485800,0.0,0.0,0.0
2015-02-20 00:00:00-05:00,36.34974362068083,36.77283209698298,36.242180422952345,36.67961120605469,311800,0.0,0.0,0.0
2015-02-23 00:00:00-05:00,36.67960742552529,36.67960742552529,36.428621185663744,36.529014587402344,759900,0.0,0.0,0.0
2015-02-24 00:00:00-05:00,36.57921297987367,36.83736901657707,36.47164978825736,36.758487701416016,948900,0.0,0.0,0.0
2015-02-25 00:00:00-05:00,36.77999390710083,36.87321477088142,36.68677030780572,36.83736038208008,679600,0.0,0.0,0.0
2015-02-26 00:00:00-05:00,36.83735086702631,36.866035464863984,36.70110313056806,36.77281188964844,469600,0.0,0.0,0.0
2015-02-27 00:00:00-05:00,36.78717905683353,36.9019147902322,36.72264003582705,36.76566696166992,853100,0.0,0.0,0.0
2015-03-02 00:00:00-05:00,36.77283674821924,36.78717905683353,36.658101014820566,36.76566696166992,382700,0.0,0.0,0.0
2015-03-03 00:00:00-05:00,36.70112041920069,36.758486906385606,36.49316109018577,36.5792121887207,480000,0.0,0.0,0.0
2015-03-04 00:00:00-05:00,36.414259900385474,36.435774714911894,36.1489342290109,36.39991760253906,486500,0.0,0.0,0.0
2015-03-05 00:00:00-05:00,36.53617579604958,36.55768787961474,36.35690113830204,36.42144012451172,530400,0.0,0.0,0.0
2015-03-06 00:00:00-05:00,36.21349361763604,36.22783592356821,35.88362878774161,35.91948318481445,486100,0.0,0.0,0.0
2015-03-09 00:00:00-04:00,36.012690501100174,36.012690501100174,35.862097724749894,35.94097900390625,397500,0.0,0.0,0.0
2015-03-10 00:00:00-04:00,35.48205211725689,35.48205211725689,35.17369938120523,35.18804168701172,616000,0.0,0.0,0.0
2015-03-11 00:00:00-04:00,35.288427412979985,35.345796623721746,35.14500712164012,35.28125762939453,338600,0.0,0.0,0.0
2015-03-12 00:00:00-04:00,35.72585401754722,35.75453861966388,35.56809144141982,35.668487548828125,401200,0.0,0.0,0.0
2015-03-13 00:00:00-04:00,35.453368308632236,35.453368308632236,35.21672709625329,35.424686431884766,435400,0.0,0.0,0.0
2015-03-16 00:00:00-04:00,35.73304443517557,35.84778016560123,35.65416310759875,35.79758071899414,571500,0.0,0.0,0.0
2015-03-17 00:00:00-04:00,35.69002905010298,35.811934606307894,35.54660865681989,35.78325271606445,1003200,0.0,0.0,0.0
2015-03-18 00:00:00-04:00,35.79040084476277,36.622235339767194,35.733034363477024,36.54335403442383,452600,0.0,0.0,0.0
2015-03-19 00:00:00-04:00,36.19914445510944,36.25651366797163,36.01269998433658,36.098751068115234,373000,0.0,0.0,0.0
2015-03-20 00:00:00-04:00,36.665268785390396,36.93059462158175,36.55053306686047,36.80868911743164,754900,0.0,0.0,0.0
2015-03-23 00:00:00-04:00,36.9879540744159,37.04532055076393,36.85170356399948,36.98078155517578,502200,0.0,0.0,0.0
2015-03-24 00:00:00-04:00,37.09552585483965,37.10986816113476,36.973620354604,36.99513244628906,442300,0.0,0.0,0.0
2015-03-25 00:00:00-04:00,37.123162444850564,37.13754880861246,36.6268424987793,36.6268424987793,852200,0.158,0.0,0.0
2015-03-26 00:00:00-04:00,36.53334686977326,36.619662335879276,36.20966044197673,36.41825866699219,584200,0.0,0.0,0.0
2015-03-27 00:00:00-04:00,36.447025299072266,36.47579803309428,36.33193710690314,36.447025299072266,406600,0.0,0.0,0.0
2015-03-30 00:00:00-04:00,36.56212275880594,36.67001641476116,36.518963650072195,36.598087310791016,491800,0.0,0.0,0.0
2015-03-31 00:00:00-04:00,36.238415936170206,36.35350408419158,36.09455506516403,36.216835021972656,497100,0.0,0.0,0.0
2015-04-01 00:00:00-04:00,36.482984204331565,36.51175418782295,36.24561331907902,36.50456237792969,345200,0.0,0.0,0.0
2015-04-02 00:00:00-04:00,36.705970857429946,36.86421813528417,36.68439268096571,36.835445404052734,411900,0.0,0.0,0.0
2015-04-06 00:00:00-04:00,36.94333222016122,37.40368482513602,36.94333222016122,37.25263214111328,403600,0.0,0.0,0.0
2015-04-07 00:00:00-04:00,37.34614438003857,37.46123529061656,37.21667259347499,37.231056213378906,455800,0.0,0.0,0.0
2015-04-08 00:00:00-04:00,37.70579815246107,37.734570882325094,37.37491999078044,37.50439453125,350600,0.0,0.0,0.0
2015-04-09 00:00:00-04:00,37.648250579833984,37.65544238941294,37.46123334768111,37.648250579833984,446700,0.0,0.0,0.0
2015-04-10 00:00:00-04:00,37.57631429669994,37.691402435302734,37.53315521575477,37.691402435302734,361800,0.0,0.0,0.0
2015-04-13 00:00:00-04:00,37.65544567294847,37.72737749460137,37.4540420601572,37.48281478881836,660000,0.0,0.0,0.0
2015-04-14 00:00:00-04:00,37.71299560983928,37.799311062156924,37.597907425442834,37.770538330078125,307800,0.0,0.0,0.0
2015-04-15 00:00:00-04:00,37.83527156373501,38.0294833686431,37.74176431034549,37.9935188293457,431200,0.0,0.0,0.0
2015-04-16 00:00:00-04:00,38.07263761786403,38.2164985006675,37.892812200339236,38.13737487792969,429300,0.0,0.0,0.0
2015-04-17 00:00:00-04:00,37.619476284205355,37.64824900915716,37.446845422330696,37.626670837402344,398600,0.0,0.0,0.0
2015-04-20 00:00:00-04:00,37.648250579833984,37.72017965129628,37.61947785368179,37.648250579833984,411400,0.0,0.0,0.0
2015-04-21 00:00:00-04:00,38.022293418631115,38.03667978383763,37.87843251048453,37.92878341674805,420100,0.0,0.0,0.0
2015-04-22 00:00:00-04:00,38.00071377454156,38.05106467885965,37.79930741335067,38.036678314208984,420500,0.0,0.0,0.0
2015-04-23 00:00:00-04:00,37.892819453683074,38.28843489918168,37.8496603574052,38.230892181396484,498300,0.0,0.0,0.0
2015-04-24 00:00:00-04:00,38.39631652832031,38.48263194382262,38.25245567320475,38.39631652832031,466000,0.0,0.0,0.0
2015-04-27 00:00:00-04:00,38.66245070698085,38.76315246514438,38.554554398138706,38.597713470458984,653400,0.0,0.0,0.0
2015-04-28 00:00:00-04:00,38.583338951996346,38.65527076126849,38.425091715515585,38.64088439941406,421400,0.0,0.0,0.0
2015-04-29 00:00:00-04:00,38.45387522619769,38.4826479579778,38.22369885979431,38.34598159790039,790000,0.0,0.0,0.0
2015-04-30 00:00:00-04:00,38.1373754691406,38.1373754691406,37.892812787758906,37.957550048828125,842500,0.0,0.0,0.0
2015-05-01 00:00:00-04:00,38.130173974649054,38.25245666503906,38.0078940281767,38.25245666503906,411000,0.0,0.0,0.0
2015-05-04 00:00:00-04:00,38.38194732079831,38.38194732079831,38.23808640139322,38.32440185546875,486600,0.0,0.0,0.0
2015-05-05 00:00:00-04:00,38.19492421530489,38.20931058047451,37.741766060095586,37.79930877685547,535900,0.0,0.0,0.0
2015-05-06 00:00:00-04:00,38.00790921769503,38.072646492851376,37.61948556675698,37.777732849121094,474500,0.0,0.0,0.0
2015-05-07 00:00:00-04:00,37.619476284205355,37.66263537163306,37.446845422330696,37.626670837402344,392600,0.0,0.0,0.0
2015-05-08 00:00:00-04:00,38.21649340948564,38.432283332984355,38.166142518799866,38.36754608154297,386400,0.0,0.0,0.0
2015-05-11 00:00:00-04:00,38.259657847323176,38.259657847323176,38.02228970439958,38.05825424194336,388600,0.0,0.0,0.0
2015-05-12 00:00:00-04:00,38.08702925382202,38.10141561848602,37.90720381139974,38.029483795166016,244300,0.0,0.0,0.0
2015-05-13 00:00:00-04:00,38.44669256902703,38.46107893834235,38.194935221888024,38.238094329833984,326400,0.0,0.0,0.0
2015-05-14 00:00:00-04:00,38.62650114173183,38.69123840332031,38.49702661855486,38.69123840332031,657100,0.0,0.0,0.0
2015-05-15 00:00:00-04:00,38.59772969976936,38.79913330078125,38.51860607253804,38.79913330078125,321300,0.0,0.0,0.0
2015-05-18 00:00:00-04:00,38.6624686698091,38.68404684403604,38.54018869063193,38.612117767333984,419900,0.0,0.0,0.0
2015-05-19 00:00:00-04:00,38.511421239577416,38.57615851504753,38.4394894091002,38.50422668457031,334500,0.0,0.0,0.0
2015-05-20 00:00:00-04:00,38.489820558058526,38.662454118656164,38.41789150842797,38.55455780029297,346500,0.0,0.0,0.0
2015-05-21 00:00:00-04:00,38.56175404445441,38.74157942034243,38.51140315871916,38.712806701660156,335900,0.0,0.0,0.0
2015-05-22 00:00:00-04:00,38.60493003545807,38.64089732408351,38.48265003467194,38.53300094604492,402600,0.0,0.0,0.0
2015-05-26 00:00:00-04:00,38.266845302267264,38.288423472006876,37.79929816917824,37.878421783447266,537600,0.0,0.0,0.0
2015-05-27 00:00:00-04:00,37.91438810885167,38.180531686520304,37.83526449083764,38.16614532470703,537600,0.0,0.0,0.0
2015-05-28 00:00:00-04:00,37.87123614640677,37.986324310302734,37.691410718824436,37.986324310302734,305600,0.0,0.0,0.0
2015-05-29 00:00:00-04:00,37.79931434502259,37.83527889128523,37.4900143081097,37.61229705810547,570000,0.0,0.0,0.0
2015-06-01 00:00:00-04:00,37.77052885191179,37.77772340508546,37.38210804199363,37.497196197509766,766900,0.0,0.0,0.0
2015-06-02 00:00:00-04:00,37.5691289474917,37.87842891023717,37.54035621981344,37.70579528808594,645100,0.0,0.0,0.0
2015-06-03 00:00:00-04:00,37.79211468483913,37.97194012272597,37.748955591935655,37.82807922363281,417300,0.0,0.0,0.0
2015-06-04 00:00:00-04:00,37.60509236879443,37.76333962240884,37.28140879573696,37.382110595703125,742200,0.0,0.0,0.0
2015-06-05 00:00:00-04:00,36.986497890399406,37.151939721961874,36.821058802755594,37.05842971801758,362100,0.0,0.0,0.0
2015-06-08 00:00:00-04:00,37.00808181541465,37.00808181541465,36.849834525724866,36.97930908203125,338200,0.0,0.0,0.0
2015-06-09 00:00:00-04:00,36.85702097218302,36.900177318844484,36.67000099025578,36.80666732788086,282500,0.0,0.0,0.0
2015-06-10 00:00:00-04:00,37.25982536722498,37.56193349067866,37.25982536722498,37.4900016784668,233300,0.0,0.0,0.0
2015-06-11 00:00:00-04:00,37.569132227260425,37.619483133133826,37.367728603766814,37.54035949707031,415700,0.0,0.0,0.0
2015-06-12 00:00:00-04:00,37.23824129984096,37.35332943724074,37.12315316244118,37.29578399658203,569400,0.0,0.0,0.0
2015-06-15 00:00:00-04:00,36.90017217922717,37.04403305053711,36.83543492433359,37.04403305053711,352700,0.0,0.0,0.0
2015-06-16 00:00:00-04:00,36.90016728012787,37.065606299798304,36.83543003382922,37.05121994018555,245900,0.0,0.0,0.0
2015-06-17 00:00:00-04:00,36.96491548199379,37.10877637684097,36.67719643621776,37.0224609375,350300,0.0,0.0,0.0
2015-06-18 00:00:00-04:00,37.17351361087123,37.561937203454455,37.13754907316945,37.360530853271484,275400,0.0,0.0,0.0
2015-06-19 00:00:00-04:00,37.30298105896311,37.31017286757061,37.18789291381836,37.18789291381836,252100,0.0,0.0,0.0
2015-06-22 00:00:00-04:00,37.85685195223513,37.98632648702713,37.748955591935655,37.82807922363281,293000,0.0,0.0,0.0
2015-06-23 00:00:00-04:00,37.914384911124465,37.98631671412405,37.87842038158353,37.979122161865234,238600,0.0,0.0,0.0
2015-06-24 00:00:00-04:00,37.82807260487895,37.9071962227319,37.64824719845604,37.68421173095703,346600,0.0,0.0,0.0
2015-06-25 00:00:00-04:00,37.84245964152264,37.85684600356318,37.619475145771204,37.641056060791016,368600,0.0,0.0,0.0
2015-06-26 00:00:00-04:00,37.65341446566773,37.70429723710609,37.49349837239134,37.60980224609375,270300,0.547,0.0,0.0
2015-06-29 00:00:00-04:00,36.941049268006054,36.99193203445185,36.504910477641346,36.57033157348633,841000,0.0,0.0,0.0
2015-06-30 00:00:00-04:00,36.970129258096335,36.999205919514765,36.46129877488611,36.58487319946289,671900,0.0,0.0,0.0
2015-07-01 00:00:00-04:00,36.970132665380945,36.999209329479164,36.64302712653421,36.7666015625,3192000,0.0,0.0,0.0
2015-07-02 00:00:00-04:00,36.91924953732078,36.94105564873468,36.74479232729969,36.85382843017578,645000,0.0,0.0,0.0
2015-07-06 00:00:00-04:00,36.14146709766683,36.36680431185032,35.967009886228134,36.076045989990234,923300,0.0,0.0,0.0
2015-07-07 00:00:00-04:00,35.727123579986994,35.98153738160504,35.225560981222195,35.96699905395508,1256700,0.0,0.0,0.0
2015-07-08 00:00:00-04:00,35.181956109511255,35.42183163351314,34.963883922178375,35.014766693115234,1689000,0.0,0.0,0.0
2015-07-09 00:00:00-04:00,35.77073812879074,35.85796810039372,35.49451820408924,35.5599365234375,648600,0.0,0.0,0.0
2015-07-10 00:00:00-04:00,36.4903808018098,36.59214635883473,36.29411746773167,36.541263580322266,1299400,0.0,0.0,0.0
2015-07-13 00:00:00-04:00,36.73752394712456,36.76660061046987,36.62848784603124,36.70117950439453,573300,0.0,0.0,0.0
2015-07-14 00:00:00-04:00,36.81748009568105,36.97012840525184,36.7157117830642,36.94832229614258,398100,0.0,0.0,0.0
2015-07-15 00:00:00-04:00,36.87563567763228,36.87563567763228,36.62122179362128,36.730255126953125,451200,0.0,0.0,0.0
2015-07-16 00:00:00-04:00,37.02828728466962,37.093708399619175,36.97013672299423,37.0064811706543,786600,0.0,0.0,0.0
2015-07-17 00:00:00-04:00,37.07189446600134,37.093700575417074,36.911975602544516,36.93378448486328,2005700,0.0,0.0,0.0
2015-07-20 00:00:00-04:00,36.999199947741,37.035544382196406,36.85381943701674,36.970123291015625,913100,0.0,0.0,0.0
2015-07-21 00:00:00-04:00,36.933785524279315,36.98466829628337,36.83201720736811,36.90470886230469,643900,0.0,0.0,0.0
2015-07-22 00:00:00-04:00,36.584861491862284,36.635744246609896,36.51216986157843,36.57759094238281,729500,0.0,0.0,0.0
2015-07-23 00:00:00-04:00,36.66481999704576,36.66481999704576,36.38132955672592,36.44675064086914,618000,0.0,0.0,0.0
2015-07-24 00:00:00-04:00,36.35227684231479,36.35954739695322,35.9306761791222,35.988826751708984,386700,0.0,0.0,0.0
2015-07-27 00:00:00-04:00,35.879783818576264,35.879783818576264,35.603561046975585,35.69078826904297,593800,0.0,0.0,0.0
2015-07-28 00:00:00-04:00,35.908857259049455,36.10511779785156,35.71986172648744,36.10511779785156,450300,0.0,0.0,0.0
2015-07-29 00:00:00-04:00,36.06877171890103,36.315917792098624,36.025159500215175,36.243228912353516,231300,0.0,0.0,0.0
2015-07-30 00:00:00-04:00,36.134191084580394,36.19961218237052,35.95973667240866,36.18507385253906,330300,0.0,0.0,0.0
2015-07-31 00:00:00-04:00,36.50492210906584,36.53399600422514,36.29412042496474,36.38134765625,319000,0.0,0.0,0.0
2015-08-03 00:00:00-04:00,36.323186599486476,36.323186599486476,36.03969610003024,36.18507385253906,336600,0.0,0.0,0.0
2015-08-04 00:00:00-04:00,36.243238370255305,36.345003937616035,36.13420224928096,36.20689392089844,238000,0.0,0.0,0.0
2015-08-05 00:00:00-04:00,36.519462435569714,36.54853633231526,36.359543525401946,36.417694091796875,209800,0.0,0.0,0.0
2015-08-06 00:00:00-04:00,36.31591066483545,36.31591066483545,36.126917950847556,36.22868347167969,265400,0.0,0.0,0.0
2015-08-07 00:00:00-04:00,36.10511771245812,36.199615478515625,36.039699381614234,36.199615478515625,449600,0.0,0.0,0.0
2015-08-10 00:00:00-04:00,36.23596575061735,36.66483688354492,36.23596575061735,36.66483688354492,323800,0.0,0.0,0.0
2015-08-11 00:00:00-04:00,36.15599960433221,36.15599960433221,35.87250633480713,36.039695739746094,432500,0.0,0.0,0.0
2015-08-12 00:00:00-04:00,35.61809799001999,35.807090759277344,35.40002855690665,35.807090759277344,502100,0.0,0.0,0.0
2015-08-13 00:00:00-04:00,35.71259689331055,35.81436244712953,35.61809911923433,35.71259689331055,365100,0.0,0.0,0.0
2015-08-14 00:00:00-04:00,35.676250628827084,35.79255450910194,35.61809730223804,35.748939514160156,369400,0.0,0.0,0.0
2015-08-17 00:00:00-04:00,35.523602382706535,35.68352127075195,35.40003071314668,35.68352127075195,328500,0.0,0.0,0.0
2015-08-18 00:00:00-04:00,35.4799868844132,35.55994354815707,35.37095078482117,35.40729522705078,340500,0.0,0.0,0.0
2015-08-19 00:00:00-04:00,35.16013879387934,35.2619043113446,34.84757169143467,35.05110549926758,509100,0.0,0.0,0.0
2015-08-20 00:00:00-04:00,34.76761869646006,34.77488647436856,34.266056060791016,34.266056060791016,1242200,0.0,0.0,0.0
2015-08-21 00:00:00-04:00,34.11341725879654,34.17883836978356,33.401055590773055,33.44466781616211,1248500,0.0,0.0,0.0
2015-08-24 00:00:00-04:00,31.729175937837326,32.98671220196439,31.33664939817152,32.230735778808594,1887300,0.0,0.0,0.0
2015-08-25 00:00:00-04:00,33.829928339930035,33.829928339930035,32.4778938293457,32.4778938293457,1960100,0.0,0.0,0.0
2015-08-26 00:00:00-04:00,33.3065554001165,33.37924428576522,32.572387672612784,33.32836151123047,1376800,0.0,0.0,0.0
2015-08-27 00:00:00-04:00,33.60459094337928,34.06253877806534,33.568246493335195,33.9535026550293,1377300,0.0,0.0,0.0
2015-08-28 00:00:00-04:00,33.67000931531994,33.94623210434343,33.67000931531994,33.92442321777344,1075600,0.0,0.0,0.0
2015-08-31 00:00:00-04:00,33.691812170430865,33.800848274024524,33.502819400158934,33.677276611328125,1115200,0.0,0.0,0.0
2015-09-01 00:00:00-04:00,32.841340161969285,32.93583793245519,32.456084073462286,32.55057907104492,1178200,0.0,0.0,0.0
2015-09-02 00:00:00-04:00,33.08847633847806,33.08847633847806,32.68868203798053,33.03032302856445,796300,0.0,0.0,0.0
2015-09-03 00:00:00-04:00,33.11755222265026,33.393772119603796,33.01578393267002,33.06666946411133,767400,0.0,0.0,0.0
2015-09-04 00:00:00-04:00,32.434284176234435,32.506975855558764,32.12898744178436,32.26709747314453,937800,0.0,0.0,0.0
2015-09-08 00:00:00-04:00,33.09574373133049,33.2120475769043,32.979439885756676,33.2120475769043,776000,0.0,0.0,0.0
2015-09-09 00:00:00-04:00,33.58277455548203,33.69180787226267,33.023061322718654,33.073944091796875,612600,0.0,0.0,0.0
2015-09-10 00:00:00-04:00,33.088488558005324,33.40105578196547,33.008529113796435,33.284751892089844,976400,0.0,0.0,0.0
2015-09-11 00:00:00-04:00,33.09574926742177,33.270206451416016,33.03032817003679,33.270206451416016,539500,0.0,0.0,0.0
2015-09-14 00:00:00-04:00,33.07394686631086,33.11756186042367,32.95037520901268,33.103023529052734,313300,0.0,0.0,0.0
2015-09-15 00:00:00-04:00,33.08847538172395,33.33562139590568,33.03032207349185,33.321083068847656,1285300,0.0,0.0,0.0
2015-09-16 00:00:00-04:00,33.524638884063165,33.89535956583245,33.524638884063165,33.880821228027344,496100,0.0,0.0,0.0
2015-09-17 00:00:00-04:00,33.7281528217516,34.27332768779563,33.66273172691021,33.90987777709961,665800,0.0,0.0,0.0
2015-09-18 00:00:00-04:00,33.3138246514027,33.466472969045505,33.081214126023916,33.11756134033203,495400,0.0,0.0,0.0
2015-09-21 00:00:00-04:00,33.29200601472999,33.29200601472999,32.99397724587715,33.14662551879883,461000,0.0,0.0,0.0
2015-09-22 00:00:00-04:00,32.44153853634843,32.470612420660935,32.16531583860977,32.36884689331055,819900,0.0,0.0,0.0
2015-09-23 00:00:00-04:00,32.42700113222335,32.42700113222335,32.07808955440212,32.172584533691406,611100,0.0,0.0,0.0
2015-09-24 00:00:00-04:00,31.91090783233812,32.14351558662014,31.67102952597676,32.078094482421875,781600,0.0,0.0,0.0
2015-09-25 00:00:00-04:00,32.45362057825575,32.55590808525416,32.17599142040883,32.29288864135742,455700,0.224,0.0,0.0
2015-09-28 00:00:00-04:00,32.07371669447298,32.08102155372423,31.569595007572524,31.606124877929688,1105300,0.0,0.0,0.0
2015-09-29 00:00:00-04:00,31.62071930189403,31.74492413454524,31.45267976470028,31.67186164855957,792700,0.0,0.0,0.0
2015-09-30 00:00:00-04:00,32.13947009511873,32.387877103972826,32.022572843131535,32.38056945800781,687400,0.0,0.0,0.0
2015-10-01 00:00:00-04:00,32.60705461192065,32.63627683060477,32.2052205377521,32.4536247253418,1128800,0.0,0.0,0.0
2015-10-02 00:00:00-04:00,32.32940579209269,33.103851318359375,32.25634610286216,33.103851318359375,707900,0.0,0.0,0.0
2015-10-05 00:00:00-04:00,33.51299814822763,33.7833251953125,33.491080793563675,33.7833251953125,517000,0.0,0.0,0.0
2015-10-06 00:00:00-04:00,33.754110318207935,33.878312414608686,33.6445179379308,33.77602767944336,584100,0.0,0.0,0.0
2015-10-07 00:00:00-04:00,34.24361646734952,34.45549358176829,34.08288450731631,34.33859634399414,594700,0.0,0.0,0.0
2015-10-08 00:00:00-04:00,34.15595375245944,34.579708099365234,34.082894003638124,34.579708099365234,998900,0.0,0.0,0.0
2015-10-09 00:00:00-04:00,34.71850103782592,34.83539823510955,34.550461490921265,34.67466354370117,1810300,0.0,0.0,0.0
2015-10-12 00:00:00-04:00,34.579704862810566,34.59431458156679,34.4043575801803,34.440887451171875,2144100,0.0,0.0,0.0
2015-10-13 00:00:00-04:00,34.06826775058586,34.272837194386405,33.94406288324292,33.958675384521484,526700,0.0,0.0,0.0
2015-10-14 00:00:00-04:00,34.14863586425781,34.23630808680548,34.00981849258683,34.14863586425781,465900,0.0,0.0,0.0
2015-10-15 00:00:00-04:00,34.47741482833727,34.75504684448242,34.40435509163869,34.75504684448242,448500,0.0,0.0,0.0
2015-10-16 00:00:00-04:00,34.69659801407823,34.74774038482119,34.56508826443913,34.74043273925781,605800,0.0,0.0,0.0
2015-10-19 00:00:00-04:00,34.54315598298721,34.54315598298721,34.38242406869536,34.50662612915039,239400,0.0,0.0,0.0
2015-10-20 00:00:00-04:00,34.448188458802306,34.53586068969614,34.38243358886944,34.484718322753906,1637200,0.0,0.0,0.0
2015-10-21 00:00:00-04:00,34.60161036511529,34.66005758125356,34.323978424072266,34.323978424072266,482500,0.0,0.0,0.0
2015-10-22 00:00:00-04:00,34.60161659105804,34.90847080185836,34.57969922944375,34.835411071777344,518300,0.0,0.0,0.0
2015-10-23 00:00:00-04:00,35.09842168758045,35.16417654285264,34.923074477838156,35.09111404418945,704600,0.0,0.0,0.0
2015-10-26 00:00:00-04:00,35.03268240694974,35.03268240694974,34.87925527212127,34.90117263793945,493400,0.0,0.0,0.0
2015-10-27 00:00:00-04:00,34.65276784818655,34.66007270824837,34.51395321060574,34.579708099365234,749800,0.0,0.0,0.0
2015-10-28 00:00:00-04:00,34.63084224350859,35.02536869517101,34.47741234819809,34.762351989746094,716100,0.0,0.0,0.0
2015-10-29 00:00:00-04:00,34.36782549954613,34.49202761034214,34.345905348720116,34.45549774169922,410200,0.0,0.0,0.0
2015-10-30 00:00:00-04:00,34.51394265753522,34.61622738943053,34.40435028076172,34.40435028076172,273200,0.0,0.0,0.0
2015-11-02 00:00:00-05:00,34.6089150730116,34.79156715161296,34.51393799881456,34.776954650878906,562100,0.0,0.0,0.0
2015-11-03 00:00:00-05:00,34.66737811237686,34.9669275224446,34.57970586205353,34.90117263793945,732800,0.0,0.0,0.0
2015-11-04 00:00:00-05:00,34.93768587927268,34.96691087781923,34.586994257861754,34.69658660888672,440300,0.0,0.0,0.0
2015-11-05 00:00:00-05:00,34.696598617097514,34.73312848439877,34.477413839189516,34.55778121948242,589100,0.0,0.0,0.0
2015-11-06 00:00:00-05:00,34.28746699790044,34.360526754111206,34.11942732897483,34.35322189331055,451100,0.0,0.0,0.0
2015-11-09 00:00:00-05:00,34.19246154510667,34.19246154510667,33.85638245828992,33.987892150878906,677100,0.0,0.0,0.0
2015-11-10 00:00:00-05:00,33.7906418367701,33.914843939250915,33.73219182121432,33.90023422241211,545800,0.0,0.0,0.0
2015-11-11 00:00:00-05:00,34.19977493150824,34.19977493150824,33.97328535910971,34.00981521606445,291000,0.0,0.0,0.0
2015-11-12 00:00:00-05:00,33.78334074346626,33.892930354271776,33.607993464306816,33.6372184753418,366500,0.0,0.0,0.0
2015-11-13 00:00:00-05:00,33.50570578880522,33.50570578880522,33.24999114514014,33.308441162109375,569100,0.0,0.0,0.0
2015-11-16 00:00:00-05:00,33.41071562858436,33.77601976113444,33.374185772739224,33.768714904785156,768600,0.0,0.0,0.0
2015-11-17 00:00:00-05:00,33.914845165945344,33.995212546716346,33.76872569587106,33.8417854309082,573800,0.0,0.0,0.0
2015-11-18 00:00:00-05:00,33.92215413322864,34.17056114390277,33.86370411328162,34.155948638916016,486200,0.0,0.0,0.0
2015-11-19 00:00:00-05:00,34.345893282020036,34.418955780687256,34.2874460701356,34.33128356933594,390000,0.0,0.0,0.0
2015-11-20 00:00:00-05:00,34.49932313569653,34.5504654912389,34.294750926477654,34.33128356933594,399000,0.0,0.0,0.0
2015-11-23 00:00:00-05:00,34.23631379183774,34.280148516891195,33.98790679735084,34.01713180541992,2097800,0.0,0.0,0.0
2015-11-24 00:00:00-05:00,33.89292977545193,34.12672428563818,33.77603252035881,34.082889556884766,1721600,0.0,0.0,0.0
2015-11-25 00:00:00-05:00,34.082889556884766,34.12672428563818,33.9513797965237,34.082889556884766,416200,0.0,0.0,0.0
2015-11-27 00:00:00-05:00,34.04634570693793,34.075570707865644,33.92214363356934,33.9367561340332,138800,0.0,0.0,0.0
2015-11-30 00:00:00-05:00,34.0025087793304,34.06095599033195,33.89291642650969,33.95136642456055,454400,0.0,0.0,0.0
2015-12-01 00:00:00-05:00,34.112103254327316,34.30936784556423,34.112103254327316,34.30206298828125,955700,0.0,0.0,0.0
2015-12-02 00:00:00-05:00,34.20707140619363,34.20707140619363,33.87099234528156,33.929439544677734,632500,0.0,0.0,0.0
2015-12-03 00:00:00-05:00,34.19978191032829,34.19978191032829,33.6445179379308,33.77602767944336,983800,0.0,0.0,0.0
2015-12-04 00:00:00-05:00,33.724879420690954,34.090183575068906,33.65912456142094,34.053653717041016,494000,0.0,0.0,0.0
2015-12-07 00:00:00-05:00,33.8271706961964,33.8271706961964,33.571458853375766,33.70296859741211,639900,0.0,0.0,0.0
2015-12-08 00:00:00-05:00,33.111157462975534,33.26458448856858,33.02348527507216,33.198829650878906,648400,0.0,0.0,0.0
2015-12-09 00:00:00-05:00,33.242665842716775,33.49107268796847,32.96503400695348,33.103851318359375,1030600,0.0,0.0,0.0
2015-12-10 00:00:00-05:00,33.20615768009634,33.24999240743718,33.01619790478494,33.052730560302734,1117200,0.0,0.0,0.0
2015-12-11 00:00:00-05:00,32.643587068434236,32.650891926923,32.30750783694767,32.35865020751953,1544600,0.0,0.0,0.0
2015-12-14 00:00:00-05:00,32.417090158145484,32.5778248793111,32.1321533612061,32.47554016113281,1080200,0.0,0.0,0.0
2015-12-15 00:00:00-05:00,32.6508795999567,32.833531650769494,32.63626710144578,32.73124694824219,1877000,0.0,0.0,0.0
2015-12-16 00:00:00-05:00,33.00889650108461,33.45456818936891,32.92852910981359,33.3961181640625,1130400,0.0,0.0,0.0
2015-12-17 00:00:00-05:00,33.33034624785778,33.33034624785778,32.91389978502399,32.921207427978516,779600,0.0,0.0,0.0
2015-12-18 00:00:00-05:00,32.87007066180937,32.88468037610299,32.680110931396484,32.680110931396484,926100,0.0,0.0,0.0
2015-12-21 00:00:00-05:00,33.10496913479788,33.119695881916,32.714720167106876,32.90616226196289,1171000,0.347,0.0,0.0
2015-12-22 00:00:00-05:00,32.89879957443656,33.14178387448024,32.86198411186506,33.12705993652344,989700,0.0,0.0,0.0
2015-12-23 00:00:00-05:00,33.36268833408048,33.686668395996094,33.35532355492316,33.686668395996094,1293600,0.0,0.0,0.0
2015-12-24 00:00:00-05:00,33.63512280454188,33.701391766111435,33.59830733896767,33.62775802612305,427200,0.0,0.0,0.0
2015-12-28 00:00:00-05:00,33.38475997925667,33.51729784789943,33.370033237314274,33.50257110595703,1073800,0.0,0.0,0.0
2015-12-29 00:00:00-05:00,33.745565492915524,33.84864990015088,33.62038956353014,33.7971076965332,971200,0.0,0.0,0.0
2015-12-30 00:00:00-05:00,33.59094242321269,33.64984941496255,33.47313124855291,33.52467346191406,1160800,0.0,0.0,0.0
2015-12-31 00:00:00-05:00,33.296419301516806,33.414230488243916,33.215423583984375,33.215423583984375,922700,0.0,0.0,0.0
2016-01-04 00:00:00-05:00,32.751548269907744,32.751548269907744,32.27294144364461,32.6411018371582,1497200,0.0,0.0,0.0
2016-01-05 00:00:00-05:00,32.64845662118405,32.64845662118405,32.398107496358584,32.58218765258789,651100,0.0,0.0,0.0
2016-01-06 00:00:00-05:00,31.971034570946358,32.13302597880829,31.867950150975958,32.02994155883789,991500,0.0,0.0,0.0
2016-01-07 00:00:00-05:00,31.470347234317014,31.72069637894638,31.315717756133807,31.367259979248047,1900800,0.0,0.0,0.0
2016-01-08 00:00:00-05:00,31.602868857266937,31.602868857266937,30.947544178934166,30.999086380004883,794700,0.0,0.0,0.0
2016-01-11 00:00:00-05:00,31.293627154243882,31.345169374261296,30.785566924569267,31.065366744995117,2037100,0.0,0.0,0.0
2016-01-12 00:00:00-05:00,31.293632346719804,31.323085851285565,30.85920298531759,31.139005661010742,8528900,0.0,0.0,0.0
2016-01-13 00:00:00-05:00,31.359888293523085,31.44088399299445,30.601479123635997,30.711925506591797,1006200,0.0,0.0,0.0
2016-01-14 00:00:00-05:00,30.82237817717785,31.256807407051287,30.57202908184672,31.124269485473633,1300300,0.0,0.0,0.0
2016-01-15 00:00:00-05:00,30.189136616851577,30.20386336201809,29.717892006880888,29.924060821533203,1721900,0.0,0.0,0.0
2016-01-19 00:00:00-05:00,30.454218320028435,30.505760533690264,30.027151053870444,30.27750015258789,1275600,0.0,0.0,0.0
2016-01-20 00:00:00-05:00,29.614822562923443,29.74736052754958,28.952132739792745,29.53382682800293,1335100,0.0,0.0,0.0
2016-01-21 00:00:00-05:00,29.49699233074193,29.968236874950204,29.254005282662572,29.784156799316406,890500,0.0,0.0,0.0
2016-01-22 00:00:00-05:00,30.54994243360388,30.697204304139458,30.439493221862065,30.67511558532715,766800,0.0,0.0,0.0
2016-01-25 00:00:00-05:00,30.47630315495312,30.51311861590127,30.159685134887695,30.159685134887695,1422700,0.0,0.0,0.0
2016-01-26 00:00:00-05:00,30.424770204527068,30.770841822178387,30.358501231122357,30.74138832092285,833600,0.0,0.0,0.0
2016-01-27 00:00:00-05:00,30.7266579568578,31.0359140659916,30.461582094411728,30.594120025634766,971100,0.0,0.0,0.0
2016-01-28 00:00:00-05:00,30.8591919307461,30.969641128881513,30.520485176095857,30.792922973632812,707500,0.0,0.0,0.0
2016-01-29 00:00:00-05:00,30.92546421688874,31.40407371520996,30.92546421688874,31.40407371520996,1299700,0.0,0.0,0.0
2016-02-01 00:00:00-05:00,31.153732293837102,31.396716683470952,30.977014075960938,31.271543502807617,1376600,0.0,0.0,0.0
2016-02-02 00:00:00-05:00,30.918106565839985,30.918106565839985,30.45422375131348,30.557308197021484,962100,0.0,0.0,0.0
2016-02-03 00:00:00-05:00,30.807653733112243,30.954918413526347,30.225959790338614,30.947553634643555,1082700,0.0,0.0,0.0
2016-02-04 00:00:00-05:00,30.881282576197624,31.2347160999366,30.859193858726425,31.094816207885742,613900,0.0,0.0,0.0
2016-02-05 00:00:00-05:00,30.9770069140693,30.984371692900158,30.535215684782298,30.67511558532715,1196400,0.0,0.0,0.0
2016-02-08 00:00:00-05:00,30.189140753385963,30.240682964111386,29.828342469468172,30.130233764648438,639100,0.0,0.0,0.0
2016-02-09 00:00:00-05:00,29.4896332514019,29.879884997142657,29.460179759489467,29.717893600463867,649200,0.0,0.0,0.0
2016-02-10 00:00:00-05:00,29.88723979825317,30.100773350150092,29.673706246356247,29.710521697998047,677600,0.0,0.0,0.0
2016-02-11 00:00:00-05:00,29.305551450280912,29.40127388905661,29.018386942793235,29.254009246826172,1244600,0.0,0.0,0.0
2016-02-12 00:00:00-05:00,29.41601205015552,29.76208086353676,29.26138537978259,29.739992141723633,584600,0.0,0.0,0.0
2016-02-16 00:00:00-05:00,30.23333016589735,30.365868121920936,30.071338706570593,30.358503341674805,1158600,0.0,0.0,0.0
2016-02-17 00:00:00-05:00,30.616211614762012,30.977007132494407,30.616211614762012,30.947553634643555,2703300,0.0,0.0,0.0
2016-02-18 00:00:00-05:00,31.072723916630675,31.131628092725744,30.763467863402727,30.81501007080078,535200,0.0,0.0,0.0
2016-02-19 00:00:00-05:00,30.535217362769256,30.719297519894532,30.439494894588833,30.704570770263672,720700,0.0,0.0,0.0
2016-02-22 00:00:00-05:00,30.977011068407343,31.146364489307413,30.977011068407343,31.050642013549805,2689100,0.0,0.0,0.0
2016-02-23 00:00:00-05:00,30.89600517630527,30.918096699650622,30.5352097314597,30.58675193786621,1050900,0.0,0.0,0.0
2016-02-24 00:00:00-05:00,30.11550218413014,30.54993128488837,29.931422104297656,30.513113021850586,967800,0.0,0.0,0.0
2016-02-25 00:00:00-05:00,30.667744324614358,30.837097671497176,30.49838816889226,30.82973289489746,557600,0.0,0.0,0.0
2016-02-26 00:00:00-05:00,30.999099434807572,31.013826185435338,30.68984609814591,30.74138832092285,788200,0.0,0.0,0.0
2016-02-29 00:00:00-05:00,30.756107800571268,30.918099210340213,30.630931854248043,30.630931854248047,859800,0.0,0.0,0.0
2016-03-01 00:00:00-05:00,31.10953745679708,31.521877899359325,31.065357220824158,31.499786376953125,1127800,0.0,0.0,0.0
2016-03-02 00:00:00-05:00,31.499803449325306,31.809059651068598,31.411445738330503,31.801694869995117,1386500,0.0,0.0,0.0
2016-03-03 00:00:00-05:00,31.809055053471305,32.14039993286133,31.809055053471305,32.14039993286133,826900,0.0,0.0,0.0
2016-03-04 00:00:00-05:00,32.35391952204167,32.61899533313012,32.28765056926956,32.479095458984375,990000,0.0,0.0,0.0
2016-03-07 00:00:00-05:00,32.13302993661996,32.53064372734239,32.066760971499555,32.43492126464844,1755500,0.0,0.0,0.0
2016-03-08 00:00:00-05:00,32.21402969343234,32.21402969343234,31.95631857942107,31.985769271850586,921600,0.0,0.0,0.0
2016-03-09 00:00:00-05:00,32.184577716817145,32.30238891863763,32.10358198890795,32.21403121948242,434700,0.0,0.0,0.0
2016-03-10 00:00:00-05:00,32.42019672817947,32.55273466746452,31.831140780712772,32.155120849609375,629200,0.0,0.0,0.0
2016-03-11 00:00:00-05:00,32.72209863085395,32.97981262207031,32.700009903462146,32.97981262207031,466800,0.0,0.0,0.0
2016-03-14 00:00:00-04:00,32.906158291605855,32.913523068696215,32.744169710531146,32.80307388305664,739000,0.0,0.0,0.0
2016-03-15 00:00:00-04:00,32.4581068417884,32.46549533556539,32.3029822870883,32.44333267211914,654200,0.143,0.0,0.0
2016-03-16 00:00:00-04:00,32.26604983654503,32.94564476697826,32.26604983654503,32.88655090332031,1037700,0.0,0.0,0.0
2016-03-17 00:00:00-04:00,32.95304904247556,33.32239502534503,32.91611500776586,33.24113845825195,1268000,0.0,0.0,0.0
2016-03-18 00:00:00-04:00,33.28544185266999,33.337150035110426,33.15986282539709,33.18941116333008,807400,0.0,0.0,0.0
2016-03-21 00:00:00-04:00,33.241115414777944,33.27066374921664,33.07121671858186,33.226341247558594,740900,0.0,0.0,0.0
2016-03-22 00:00:00-04:00,32.98258951103123,33.21897065811641,32.93088131122419,33.159873962402344,410500,0.0,0.0,0.0
2016-03-23 00:00:00-04:00,33.03429353625849,33.03429353625849,32.70926738667611,32.73143005371094,1730300,0.0,0.0,0.0
2016-03-24 00:00:00-04:00,32.39162892753627,32.561530493080845,32.339920735547956,32.554141998291016,695200,0.0,0.0,0.0
2016-03-28 00:00:00-04:00,32.82745400120034,32.84961666557241,32.64278109944719,32.76836013793945,543100,0.0,0.0,0.0
2016-03-29 00:00:00-04:00,32.63538840620143,33.122924649287526,32.52458356182012,33.108150482177734,783200,0.0,0.0,0.0
2016-03-30 00:00:00-04:00,33.4036330024466,33.61785141169924,33.39624450888481,33.44056701660156,835200,0.0,0.0,0.0
2016-03-31 00:00:00-04:00,33.351942797101955,33.41103668802697,33.18204116821289,33.18204116821289,350200,0.0,0.0,0.0
2016-04-01 00:00:00-04:00,32.517212766424464,32.893944337513986,32.4655045668217,32.84962463378906,896800,0.0,0.0,0.0
2016-04-04 00:00:00-04:00,32.98257691971144,32.98257691971144,32.68709918971279,32.709259033203125,418500,0.0,0.0,0.0
2016-04-05 00:00:00-04:00,32.17002457256975,32.23650694159408,32.07399385778231,32.14047622680664,482600,0.0,0.0,0.0
2016-04-06 00:00:00-04:00,32.258675839410664,32.63541030883789,32.177422092601276,32.63541030883789,321200,0.0,0.0,0.0
2016-04-07 00:00:00-04:00,32.37685675819501,32.40640228295474,32.06660479619489,32.133087158203125,488800,0.0,0.0,0.0
2016-04-08 00:00:00-04:00,32.753578077084946,32.9013169264731,32.69448141017601,32.79051208496094,460200,0.0,0.0,0.0
2016-04-11 00:00:00-04:00,33.041683258329975,33.15987383140566,32.84962463378906,32.84962463378906,417800,0.0,0.0,0.0
2016-04-12 00:00:00-04:00,33.14508881123802,33.47011489424976,32.945641756085706,33.396244049072266,350200,0.0,0.0,0.0
2016-04-13 00:00:00-04:00,33.89856762423029,33.920727477404505,33.75082869466887,33.89118194580078,2084200,0.0,0.0,0.0
2016-04-14 00:00:00-04:00,33.92070849571004,33.92809698789072,33.80251798177629,33.85422897338867,733500,0.0,0.0,0.0
2016-04-15 00:00:00-04:00,33.8173147062284,33.86163723522562,33.74344664245237,33.77299499511719,542500,0.0,0.0,0.0
2016-04-18 00:00:00-04:00,33.71389079706187,34.06107681899825,33.65479692275153,34.03152847290039,766300,0.0,0.0,0.0
2016-04-19 00:00:00-04:00,34.54122985426366,34.68158310997501,34.452587620788876,34.652034759521484,517700,0.0,0.0,0.0
2016-04-20 00:00:00-04:00,34.52644732995145,34.73328008045814,34.44519080142815,34.578155517578125,921500,0.0,0.0,0.0
2016-04-21 00:00:00-04:00,34.56338005528979,34.56338005528979,34.29006213903876,34.356544494628906,515300,0.0,0.0,0.0
2016-04-22 00:00:00-04:00,34.275287247917696,34.43779746422538,34.20880489919221,34.334381103515625,460500,0.0,0.0,0.0
2016-04-25 00:00:00-04:00,34.17927155033748,34.17927155033748,34.02414694124946,34.16449737548828,578000,0.0,0.0,0.0
2016-04-26 00:00:00-04:00,34.297450597195386,34.334384612954814,34.17926005603435,34.30483627319336,357600,0.0,0.0,0.0
2016-04-27 00:00:00-04:00,34.20881325059151,34.46735421548351,34.17926490663666,34.408260345458984,1519900,0.0,0.0,0.0
2016-04-28 00:00:00-04:00,34.05369241777156,34.32701042520942,33.95027601188079,34.00937271118164,1246000,0.0,0.0,0.0
2016-04-29 00:00:00-04:00,34.04629463345009,34.08322864843762,33.72865703236481,33.898555755615234,772600,0.0,0.0,0.0
2016-05-02 00:00:00-04:00,34.04629493324168,34.14232562736263,33.96503840882278,34.12016296386719,429100,0.0,0.0,0.0
2016-05-03 00:00:00-04:00,33.706507385037824,33.77298975928388,33.41102953996968,33.433189392089844,585500,0.0,0.0,0.0
2016-05-04 00:00:00-04:00,33.21897104093255,33.2559050672367,32.982589891123304,33.049072265625,542400,0.0,0.0,0.0
2016-05-05 00:00:00-04:00,33.16725855962379,33.18941840896898,32.93087744032431,33.00474548339844,858100,0.0,0.0,0.0
2016-05-06 00:00:00-04:00,32.871769289830226,33.100764652130295,32.820061114130894,33.09337615966797,656600,0.0,0.0,0.0
2016-05-09 00:00:00-04:00,33.10816196631473,33.1229361385492,32.871780846333714,32.91610336303711,338500,0.0,0.0,0.0
2016-05-10 00:00:00-04:00,33.18941949611194,33.470123141181666,33.167259646040876,33.45534896850586,1216800,0.0,0.0,0.0
2016-05-11 00:00:00-04:00,33.314987834474394,33.41840701867328,33.21895996168811,33.233734130859375,467800,0.0,0.0,0.0
2016-05-12 00:00:00-04:00,33.536597554158796,33.536597554158796,33.07122108786006,33.233734130859375,636400,0.0,0.0,0.0
2016-05-13 00:00:00-04:00,32.95303319270483,33.06383524354029,32.738811949384115,32.78313446044922,520400,0.0,0.0,0.0
2016-05-16 00:00:00-04:00,33.03429017692559,33.29283111699705,33.03429017692559,33.263282775878906,483000,0.0,0.0,0.0
2016-05-17 00:00:00-04:00,33.16725813438783,33.25590034851735,32.95303686718007,33.01213073730469,592300,0.0,0.0,0.0
2016-05-18 00:00:00-04:00,32.93827029109229,33.307616222673104,32.84223955987324,32.96043014526367,699500,0.0,0.0,0.0
2016-05-19 00:00:00-04:00,32.73142169457793,32.768355706356644,32.56890866129022,32.709259033203125,767200,0.0,0.0,0.0
2016-05-20 00:00:00-04:00,32.98259296445408,33.049075345150634,32.92349626255233,32.97520446777344,365000,0.0,0.0,0.0
2016-05-23 00:00:00-04:00,32.88655441692641,32.982585125751,32.82007205203018,32.85700607299805,1582500,0.0,0.0,0.0
2016-05-24 00:00:00-04:00,33.078606953845096,33.34453636468888,33.06383278458882,33.30021667480469,1083200,0.0,0.0,0.0
2016-05-25 00:00:00-04:00,33.49229053990208,33.70651186515554,33.49229053990208,33.64741516113281,989100,0.0,0.0,0.0
2016-05-26 00:00:00-04:00,33.71388259934232,33.802524798196664,33.625240400487975,33.72865676879883,738100,0.0,0.0,0.0
2016-05-27 00:00:00-04:00,33.640014801389114,33.72865700085332,33.59569229271465,33.654788970947266,460200,0.0,0.0,0.0
2016-05-31 00:00:00-04:00,33.78035658371215,33.854227412692836,33.477493229601315,33.56613540649414,1009300,0.0,0.0,0.0
2016-06-01 00:00:00-04:00,33.433175105315236,33.595688132445666,33.344532916827895,33.57352828979492,1321100,0.0,0.0,0.0
2016-06-02 00:00:00-04:00,33.44796464169335,33.6400260925293,33.36670809079243,33.6400260925293,873000,0.0,0.0,0.0
2016-06-03 00:00:00-04:00,33.817307290195714,33.95027203014261,33.647408526460325,33.94288635253906,625100,0.0,0.0,0.0
2016-06-06 00:00:00-04:00,34.046303290410094,34.26052457684648,34.031529117081504,34.19404220581055,807100,0.0,0.0,0.0
2016-06-07 00:00:00-04:00,34.41564958616789,34.55600000765863,34.39348973484974,34.48213195800781,489400,0.0,0.0,0.0
2016-06-08 00:00:00-04:00,34.600318485649666,34.70373487023234,34.57077014208743,34.607704162597656,345600,0.0,0.0,0.0
2016-06-09 00:00:00-04:00,34.194030298741204,34.26789832177634,34.083225446304056,34.14970779418945,1094100,0.0,0.0,0.0
2016-06-10 00:00:00-04:00,33.55875739897338,33.58091724378796,33.14508911583176,33.233734130859375,1190200,0.0,0.0,0.0
2016-06-13 00:00:00-04:00,32.820079214180815,33.05646038142157,32.69450013402341,32.760982513427734,741700,0.0,0.0,0.0
2016-06-14 00:00:00-04:00,32.51197035195248,32.5717913544073,32.190439594813775,32.36989974975586,796700,0.537,0.0,0.0
2016-06-15 00:00:00-04:00,32.6615245839817,32.811074258659424,32.55684066743413,32.62413787841797,952000,0.0,0.0,0.0
2016-06-16 00:00:00-04:00,32.12314636801577,32.5942268371582,31.861436580949277,32.5942268371582,658700,0.0,0.0,0.0
2016-06-17 00:00:00-04:00,32.7362928151049,32.91575296680598,32.556835515826165,32.84097671508789,1063400,0.0,0.0,0.0
2016-06-20 00:00:00-04:00,33.753224875647334,33.79809062382906,33.56628853685671,33.59619903564453,701700,0.0,0.0,0.0
2016-06-21 00:00:00-04:00,33.813046109811424,34.02241389794677,33.6634964672481,33.82052230834961,683700,0.0,0.0,0.0
2016-06-22 00:00:00-04:00,33.98503425741551,34.08971817322083,33.813053131103516,33.813053131103516,595500,0.0,0.0,0.0
2016-06-23 00:00:00-04:00,34.43368057211303,34.74025612074066,34.27665469773803,34.7028694152832,427300,0.0,0.0,0.0
2016-06-24 00:00:00-04:00,32.138094646700885,32.80358754862424,32.018455505371094,32.018455505371094,2797300,0.0,0.0,0.0
2016-06-27 00:00:00-04:00,31.726847385836113,31.726847385836113,31.106217142271767,31.442703247070312,1359800,0.0,0.0,0.0
2016-06-28 00:00:00-04:00,32.16053938579937,32.272702375086055,31.906305748849743,32.22783660888672,3325900,0.0,0.0,0.0
2016-06-29 00:00:00-04:00,32.73630034814047,32.93819199560362,32.68395838610443,32.86341857910156,842900,0.0,0.0,0.0
2016-06-30 00:00:00-04:00,32.938185274226974,33.274671284668784,32.82602517236132,33.25971603393555,1174800,0.0,0.0,0.0
2016-07-01 00:00:00-04:00,33.31953388210797,33.42421777490654,33.28962338347348,33.34944152832031,813100,0.0,0.0,0.0
2016-07-05 00:00:00-04:00,33.02045535186007,33.05784207243728,32.6914482173871,32.77370071411133,457700,0.0,0.0,0.0
2016-07-06 00:00:00-04:00,32.437201536605116,32.713866581011864,32.205399397958885,32.706390380859375,779800,0.0,0.0,0.0
2016-07-07 00:00:00-04:00,32.8335023672515,32.90079957138077,32.46710584423159,32.57179260253906,735900,0.0,0.0,0.0
2016-07-08 00:00:00-04:00,32.94567770429968,33.15504559473975,32.90828813607232,33.13261413574219,725900,0.0,0.0,0.0
2016-07-11 00:00:00-04:00,33.54387508153104,33.64855903101753,33.4915331067878,33.53639602661133,677300,0.0,0.0,0.0
2016-07-12 00:00:00-04:00,33.93268754014331,34.14953154143022,33.93268754014331,33.99998474121094,562400,0.0,0.0,0.0
2016-07-13 00:00:00-04:00,34.08225091783576,34.14954529358071,33.90279069191198,33.99251937866211,642400,0.0,0.0,0.0
2016-07-14 00:00:00-04:00,34.24673577077733,34.35889871199047,34.209349074513646,34.284122467041016,648300,0.0,0.0,0.0
2016-07-15 00:00:00-04:00,34.2467394131155,34.2467394131155,34.0747583100737,34.14205551147461,523400,0.0,0.0,0.0
2016-07-18 00:00:00-04:00,34.13458430661507,34.2916101820508,34.05980804277223,34.26169967651367,617500,0.0,0.0,0.0
2016-07-19 00:00:00-04:00,34.05233100912144,34.05233100912144,33.88034988512661,33.94764709472656,633300,0.0,0.0,0.0
2016-07-20 00:00:00-04:00,34.164496870667506,34.284136057590636,34.074768193580965,34.21683883666992,428700,0.0,0.0,0.0
2016-07-21 00:00:00-04:00,34.20188686521419,34.30657079853834,34.11215533457357,34.18693161010742,1310300,0.0,0.0,0.0
2016-07-22 00:00:00-04:00,34.26170452740644,34.26170452740644,34.14954154197316,34.23927307128906,1696500,0.0,0.0,0.0
2016-07-25 00:00:00-04:00,34.254220108014835,34.26169630745256,34.07475994486173,34.12710189819336,1903500,0.0,0.0,0.0
2016-07-26 00:00:00-04:00,34.23927360231297,34.35891279083314,34.13458966891073,34.26918411254883,976300,0.0,0.0,0.0
2016-07-27 00:00:00-04:00,34.418726234971764,34.52341015400632,34.20188219658141,34.43368148803711,539800,0.0,0.0,0.0
2016-07-28 00:00:00-04:00,34.42620849609375,34.45611900501198,34.24674829500753,34.42620849609375,350000,0.0,0.0,0.0
2016-07-29 00:00:00-04:00,34.60565896869757,34.80007438561304,34.530885563682425,34.76268768310547,296100,0.0,0.0,0.0
2016-08-01 00:00:00-04:00,34.76268759173064,34.79259524220455,34.560795975813356,34.598182678222656,766000,0.0,0.0,0.0
2016-08-02 00:00:00-04:00,34.583227875314606,34.583227875314606,34.27665234770602,34.46358871459961,548700,0.0,0.0,0.0
2016-08-03 00:00:00-04:00,34.22430932283127,34.40376663208008,34.149533066958845,34.40376663208008,384500,0.0,0.0,0.0
2016-08-04 00:00:00-04:00,34.43369139195773,34.62062783040747,34.41873613459091,34.59071731567383,549100,0.0,0.0,0.0
2016-08-05 00:00:00-04:00,34.56827769093117,34.770169339061646,34.56080149022545,34.747737884521484,631600,0.0,0.0,0.0
2016-08-08 00:00:00-04:00,34.82999213013634,34.91972080529463,34.82251307662631,34.874855041503906,463800,0.0,0.0,0.0
2016-08-09 00:00:00-04:00,34.994493279249426,35.26368214986584,34.994493279249426,35.14404296875,581500,0.0,0.0,0.0
2016-08-10 00:00:00-04:00,35.37583531185445,35.398266760705816,35.196375163776686,35.21133041381836,424500,0.0,0.0,0.0
2016-08-11 00:00:00-04:00,35.413219511133384,35.5478138995859,35.36087756589319,35.4954719543457,650800,0.0,0.0,0.0
2016-08-12 00:00:00-04:00,35.510447390774004,35.54035505332635,35.34594241082942,35.36837387084961,648600,0.0,0.0,0.0
2016-08-15 00:00:00-04:00,35.45808687194277,35.64502322918183,35.45808687194277,35.585205078125,519200,0.0,0.0,0.0
2016-08-16 00:00:00-04:00,35.51791656865796,35.555303278771916,35.42818789389983,35.45809555053711,402900,0.0,0.0,0.0
2016-08-17 00:00:00-04:00,35.383322130309196,35.502961314127745,35.18890952626272,35.45809555053711,430300,0.0,0.0,0.0
2016-08-18 00:00:00-04:00,35.45061458273908,35.64502716064453,35.43565933021977,35.64502716064453,283200,0.0,0.0,0.0
2016-08-19 00:00:00-04:00,35.353404505851366,35.420701711481186,35.18142339200239,35.40574645996094,580900,0.0,0.0,0.0
2016-08-22 00:00:00-04:00,35.263674101567,35.36088180541992,35.16646639771407,35.36088180541992,799800,0.0,0.0,0.0
2016-08-23 00:00:00-04:00,35.5926915623666,35.64503352932471,35.45062091668365,35.465576171875,873300,0.0,0.0,0.0
2016-08-24 00:00:00-04:00,35.48053905225137,35.5104495690622,35.33846552361188,35.383331298828125,442600,0.0,0.0,0.0
2016-08-25 00:00:00-04:00,35.3160285949707,35.3683705650747,35.25621042303333,35.3160285949707,506100,0.0,0.0,0.0
2016-08-26 00:00:00-04:00,35.37584125036188,35.66746154407276,34.89728172595996,35.06178665161133,743900,0.0,0.0,0.0
2016-08-29 00:00:00-04:00,35.0692652488251,35.21133586759242,34.979533734676835,35.196380615234375,533100,0.0,0.0,0.0
2016-08-30 00:00:00-04:00,35.19638221805441,35.248724177479815,35.054311592817285,35.09917449951172,417700,0.0,0.0,0.0
2016-08-31 00:00:00-04:00,35.0543064719172,35.099169372057844,34.852414864016986,34.91971206665039,849800,0.0,0.0,0.0
2016-09-01 00:00:00-04:00,35.03935904182652,35.16647442382701,34.957106569980056,35.14404296875,2472200,0.0,0.0,0.0
2016-09-02 00:00:00-04:00,35.51044196252326,35.59269158749888,35.39080277333122,35.547828674316406,332300,0.0,0.0,0.0
2016-09-06 00:00:00-04:00,35.742230170496065,35.929166523743866,35.689888219780464,35.91421127319336,492500,0.0,0.0,0.0
2016-09-07 00:00:00-04:00,36.05627980212621,36.05627980212621,35.854388225905154,35.95907211303711,589900,0.0,0.0,0.0
2016-09-08 00:00:00-04:00,35.98151933354103,36.033861300053225,35.824493434004445,35.90674591064453,659800,0.0,0.0,0.0
2016-09-09 00:00:00-04:00,35.592688030433884,35.592688030433884,35.10665512084961,35.10665512084961,731900,0.0,0.0,0.0
2016-09-12 00:00:00-04:00,34.859903287551965,35.413236353510825,34.785129859481806,35.39828109741211,717300,0.0,0.0,0.0
2016-09-13 00:00:00-04:00,34.90489604213285,34.912415765788516,34.416030802688205,34.528846740722656,754900,0.274,0.0,0.0
2016-09-14 00:00:00-04:00,34.634138151829774,34.799600753298634,34.513802496860144,34.558929443359375,808900,0.0,0.0,0.0
2016-09-15 00:00:00-04:00,34.65670189759307,34.980101628395204,34.55140569262532,34.89737319946289,668900,0.0,0.0,0.0
2016-09-16 00:00:00-04:00,34.596535729737624,34.596535729737624,34.42355339537236,34.528846740722656,578400,0.0,0.0,0.0
2016-09-19 00:00:00-04:00,34.95002953822204,34.980111307508324,34.70935816975765,34.76200485229492,1400000,0.0,0.0,0.0
2016-09-20 00:00:00-04:00,35.04027665891537,35.04779638313732,34.85977171827279,34.86729431152344,479200,0.0,0.0,0.0
2016-09-21 00:00:00-04:00,35.22077824623643,35.596827540162366,35.10796231044728,35.551700592041016,405800,0.0,0.0,0.0
2016-09-22 00:00:00-04:00,36.02552135156256,36.115772373380246,35.83749671584256,35.90518569946289,431400,0.0,0.0,0.0
2016-09-23 00:00:00-04:00,35.63442999535423,35.679554072040666,35.529136657714844,35.529136657714844,373100,0.0,0.0,0.0
2016-09-26 00:00:00-04:00,35.29598528503793,35.30350500818765,35.16812703926643,35.198211669921875,481300,0.0,0.0,0.0
2016-09-27 00:00:00-04:00,35.190695600194935,35.423844339408916,35.107964291817616,35.416324615478516,557800,0.0,0.0,0.0
2016-09-28 00:00:00-04:00,35.499045277238935,35.75475884960952,35.31854039773063,35.724674224853516,719000,0.0,0.0,0.0
2016-09-29 00:00:00-04:00,35.68707969189577,35.73972636518205,35.205737039547756,35.31855010986328,476200,0.0,0.0,0.0
2016-09-30 00:00:00-04:00,35.416321698514224,35.60434634060253,35.31854808130037,35.50657272338867,441000,0.0,0.0,0.0
2016-10-03 00:00:00-04:00,35.491536142983236,35.52162077914569,35.36368074283604,35.48401641845703,545700,0.0,0.0,0.0
2016-10-04 00:00:00-04:00,35.65699599564322,35.66451571958374,35.23581972925936,35.35615539550781,644800,0.0,0.0,0.0
2016-10-05 00:00:00-04:00,35.58178042362318,35.64194681063923,35.46144478056304,35.61186218261719,265000,0.0,0.0,0.0
2016-10-06 00:00:00-04:00,35.423845256419575,35.46897220825592,35.311032180371704,35.46145248413086,537700,0.0,0.0,0.0
2016-10-07 00:00:00-04:00,35.393759836170275,35.393759836170275,35.00266823439163,35.235816955566406,611200,0.0,0.0,0.0
2016-10-10 00:00:00-04:00,35.3787183650677,35.49153143215989,35.326071693285655,35.393760681152344,214400,0.0,0.0,0.0
2016-10-11 00:00:00-04:00,35.19069120971932,35.19069120971932,34.73943036642396,34.83720397949219,532800,0.0,0.0,0.0
2016-10-12 00:00:00-04:00,34.81465628595931,34.87482270177176,34.69432058530501,34.792091369628906,424000,0.0,0.0,0.0
2016-10-13 00:00:00-04:00,34.4386022645909,34.71687799725597,34.27313962239754,34.64918899536133,427700,0.0,0.0,0.0
2016-10-14 00:00:00-04:00,34.9274531548277,34.965060374886164,34.709346771240234,34.709346771240234,437500,0.0,0.0,0.0
2016-10-17 00:00:00-04:00,34.70181752987807,34.72437956236723,34.596524219558596,34.64165115356445,420500,0.0,0.0,0.0
2016-10-18 00:00:00-04:00,35.10795977818162,35.10795977818162,34.95001977469144,35.05531311035156,358400,0.0,0.0,0.0
2016-10-19 00:00:00-04:00,35.15308569833428,35.228294401891105,35.070354403004885,35.1756477355957,282800,0.0,0.0,0.0
2016-10-20 00:00:00-04:00,35.10797114349605,35.23582655846522,35.04780186419587,35.16061782836914,221000,0.0,0.0,0.0
2016-10-21 00:00:00-04:00,34.98009675386257,35.115474700927734,34.904888058394285,35.115474700927734,332000,0.0,0.0,0.0
2016-10-24 00:00:00-04:00,35.27341944188333,35.27341944188333,35.05531019669958,35.15308380126953,536600,0.0,0.0,0.0
2016-10-25 00:00:00-04:00,35.13803960479048,35.1681213615611,35.010181379661006,35.115474700927734,306900,0.0,0.0,0.0
2016-10-26 00:00:00-04:00,34.97259144551473,35.0478001719795,34.859775486788564,34.919944763183594,373500,0.0,0.0,0.0
2016-10-27 00:00:00-04:00,34.97258194557797,35.01770889061598,34.82968425649997,34.83720397949219,210900,0.0,0.0,0.0
2016-10-28 00:00:00-04:00,34.792076102028815,34.912411749876945,34.694305360609064,34.799598693847656,582300,0.0,0.0,0.0
2016-10-31 00:00:00-04:00,34.75447363405675,34.90489391927822,34.71686928000846,34.82968521118164,1076800,0.0,0.0,0.0
2016-11-01 00:00:00-04:00,34.91242332559792,34.95755028438902,34.52133449219143,34.69431686401367,513000,0.0,0.0,0.0
2016-11-02 00:00:00-04:00,34.60405361972679,34.66422288189773,34.34833999355697,34.4009895324707,430800,0.0,0.0,0.0
2016-11-03 00:00:00-04:00,34.53636657203085,34.558931481125164,34.29569524790041,34.370906829833984,513400,0.0,0.0,0.0
2016-11-04 00:00:00-04:00,34.17535599155776,34.23552525077652,34.02493858156725,34.03997802734375,821700,0.0,0.0,0.0
2016-11-07 00:00:00-05:00,34.59652801333589,34.69430161322312,34.4912346914702,34.6867790222168,542500,0.0,0.0,0.0
2016-11-08 00:00:00-05:00,34.573969712760935,34.88232998968603,34.49875813971325,34.799598693847656,346100,0.0,0.0,0.0
2016-11-09 00:00:00-05:00,34.24305316794464,34.73943819917036,34.24305316794464,34.56645584106445,1027800,0.0,0.0,0.0
2016-11-10 00:00:00-05:00,34.528841117889044,34.58148778199097,34.122707249935885,34.340816497802734,576100,0.0,0.0,0.0
2016-11-11 00:00:00-05:00,34.06254296447145,34.107667039897606,33.76170240616549,33.98733139038086,596700,0.0,0.0,0.0
2016-11-14 00:00:00-05:00,33.75418661688417,33.79179097379767,33.61880863677276,33.77674865722656,1283800,0.0,0.0,0.0
2016-11-15 00:00:00-05:00,33.746666626558486,34.10767364501953,33.746666626558486,34.10767364501953,970000,0.0,0.0,0.0
2016-11-16 00:00:00-05:00,33.769227038627456,33.836916024885056,33.70153805236985,33.75418472290039,832400,0.0,0.0,0.0
2016-11-17 00:00:00-05:00,33.859481732978544,34.04750639639866,33.859481732978544,33.96477508544922,784900,0.0,0.0,0.0
2016-11-18 00:00:00-05:00,33.77675159801923,33.7917939159,33.60376924593351,33.678977966308594,884000,0.0,0.0,0.0
2016-11-21 00:00:00-05:00,33.92716214445505,34.00237084318706,33.87451548153706,33.97980880737305,1015300,0.0,0.0,0.0
2016-11-22 00:00:00-05:00,34.16031837851056,34.1678409714624,33.99485863094181,34.14527893066406,1053100,0.0,0.0,0.0
2016-11-23 00:00:00-05:00,33.82939138833292,33.98733139038086,33.76170240616549,33.98733139038086,1082300,0.0,0.0,0.0
2016-11-25 00:00:00-05:00,34.13022614289005,34.13022614289005,34.055014581588985,34.122703552246094,474700,0.0,0.0,0.0
2016-11-28 00:00:00-05:00,34.07759291831427,34.10767468566561,33.972296690983654,33.9948616027832,618400,0.0,0.0,0.0
2016-11-29 00:00:00-05:00,33.94221384771191,34.220489552835495,33.94221384771191,34.16032028198242,431300,0.0,0.0,0.0
2016-11-30 00:00:00-05:00,34.27313912082752,34.280661714832966,34.10767648105563,34.13024139404297,588200,0.0,0.0,0.0
2016-12-01 00:00:00-05:00,34.17535599155776,34.1828785834742,33.99485395195787,34.03997802734375,827600,0.0,0.0,0.0
2016-12-02 00:00:00-05:00,33.949736435289175,34.17536548195968,33.949736435289175,34.13024139404297,540100,0.0,0.0,0.0
2016-12-05 00:00:00-05:00,34.22800433824342,34.446113610070576,34.17535766835802,34.4009895324707,672700,0.0,0.0,0.0
2016-12-06 00:00:00-05:00,34.431076881575464,34.61910155282745,34.38595279665341,34.58149719238281,740100,0.0,0.0,0.0
2016-12-07 00:00:00-05:00,34.73943966823596,35.115489037158746,34.69431558014379,35.077884674072266,759700,0.0,0.0,0.0
2016-12-08 00:00:00-05:00,35.01018614365827,35.138044386185996,34.96506206784819,35.10043716430664,865900,0.0,0.0,0.0
2016-12-09 00:00:00-05:00,35.07788740972127,35.205745697021484,35.032763318109964,35.205745697021484,778400,0.0,0.0,0.0
2016-12-12 00:00:00-05:00,35.0778790020979,35.123005951922195,34.97258565486974,35.00267028808594,954300,0.0,0.0,0.0
2016-12-13 00:00:00-05:00,35.280951441180804,35.42384916756357,35.22830475940669,35.34864044189453,952100,0.0,0.0,0.0
2016-12-14 00:00:00-05:00,35.27342064378025,35.295982680592864,34.679262142804696,34.709346771240234,768800,0.0,0.0,0.0
2016-12-15 00:00:00-05:00,34.521319317439776,34.73190596117117,34.521319317439776,34.6867790222168,713700,0.0,0.0,0.0
2016-12-16 00:00:00-05:00,34.61909866333008,34.739434328126336,34.57397458217433,34.61909866333008,691100,0.0,0.0,0.0
2016-12-19 00:00:00-05:00,34.671748231255705,34.70935546072914,34.57397746790541,34.58149719238281,849700,0.0,0.0,0.0
2016-12-20 00:00:00-05:00,34.6497646887339,34.71044578382654,34.5966676454384,34.68769073486328,1494400,0.39,0.0,0.0
2016-12-21 00:00:00-05:00,34.68768336624474,34.72560940431759,34.634586334228516,34.634586334228516,844000,0.0,0.0,0.0
2016-12-22 00:00:00-05:00,34.573913199054736,34.58149725098406,34.460132165111695,34.467716217041016,1493100,0.0,0.0,0.0
2016-12-23 00:00:00-05:00,34.51321386195869,34.58148187325264,34.49045882271757,34.56631088256836,684000,0.0,0.0,0.0
2016-12-27 00:00:00-05:00,34.56631900091488,34.64217107858051,34.56631900091488,34.57390594482422,878800,0.0,0.0,0.0
2016-12-28 00:00:00-05:00,34.66493229646959,34.67251634752518,34.51322523321368,34.551151275634766,1282500,0.0,0.0,0.0
2016-12-29 00:00:00-05:00,34.64217747208187,34.778713551935894,34.64217747208187,34.740787506103516,890700,0.0,0.0,0.0
2016-12-30 00:00:00-05:00,34.953182619373976,34.991108669598844,34.71803647826434,34.801475524902344,731000,0.0,0.0,0.0
2017-01-03 00:00:00-05:00,35.00626679987514,35.05936382938558,34.93799877713728,35.05177688598633,1094300,0.0,0.0,0.0
2017-01-04 00:00:00-05:00,35.248999874125,35.43863296508789,35.195902840141095,35.43863296508789,1107800,0.0,0.0,0.0
2017-01-05 00:00:00-05:00,35.55240977538649,35.764800797078586,35.5372387814391,35.70411682128906,1206900,0.0,0.0,0.0
2017-01-06 00:00:00-05:00,35.6206898786195,35.6662028758929,35.57517977491831,35.62827682495117,830600,0.0,0.0,0.0
2017-01-09 00:00:00-05:00,35.54483800349763,35.59793505386923,35.453814901942344,35.56000900268555,591900,0.0,0.0,0.0
2017-01-10 00:00:00-05:00,35.62827252280812,35.726879664635284,35.590343582874134,35.62068557739258,619300,0.0,0.0,0.0
2017-01-11 00:00:00-05:00,35.6282531487837,35.88615417480469,35.54481415601657,35.88615417480469,1184700,0.0,0.0,0.0
2017-01-12 00:00:00-05:00,35.992355601099554,35.992355601099554,35.80272253986465,35.93925857543945,879500,0.0,0.0,0.0
2017-01-13 00:00:00-05:00,35.9620207209169,36.05304379809084,35.916507735544194,36.04545974731445,944200,0.0,0.0,0.0
2017-01-17 00:00:00-05:00,35.99993970935041,36.00752665221192,35.90891665000839,35.954429626464844,825500,0.0,0.0,0.0
2017-01-18 00:00:00-05:00,35.88617373945749,35.92409978587287,35.71171161108925,35.764808654785156,812100,0.0,0.0,0.0
2017-01-19 00:00:00-05:00,35.764800911331534,35.80272694953553,35.61309386494432,35.734458923339844,960500,0.0,0.0,0.0
2017-01-20 00:00:00-05:00,35.80273753130031,35.88617657615287,35.76481148188699,35.87858963012695,550900,0.0,0.0,0.0
2017-01-23 00:00:00-05:00,35.916507735544194,36.04545974731445,35.84065565349448,36.04545974731445,786300,0.0,0.0,0.0
2017-01-24 00:00:00-05:00,36.05303915036719,36.25025916798645,36.04545510056849,36.1895751953125,1120300,0.0,0.0,0.0
2017-01-25 00:00:00-05:00,36.42473133629158,36.568851470947266,36.36404734681221,36.568851470947266,1081300,0.0,0.0,0.0
2017-01-26 00:00:00-05:00,36.52333853167403,36.53092258298313,36.401973455726775,36.45507049560547,760100,0.0,0.0,0.0
2017-01-27 00:00:00-05:00,36.43990348053868,36.43990348053868,36.31095144562243,36.37163543701172,647500,0.0,0.0,0.0
2017-01-30 00:00:00-05:00,36.12890962980607,36.14408062948892,35.992373526232754,36.13649368286133,1376500,0.0,0.0,0.0
2017-01-31 00:00:00-05:00,36.20475774344468,36.25027073747588,36.07580860071427,36.21992874145508,791300,0.0,0.0,0.0
2017-02-01 00:00:00-05:00,36.43989189874926,36.43989189874926,36.25025882628729,36.34128189086914,994000,0.0,0.0,0.0
2017-02-02 00:00:00-05:00,36.41713031869237,36.44747230170746,36.31093627171033,36.38679122924805,894800,0.0,0.0,0.0
2017-02-03 00:00:00-05:00,36.51575056259953,36.60677364361404,36.43989847734937,36.55367660522461,803000,0.0,0.0,0.0
2017-02-06 00:00:00-05:00,36.31852684811644,36.34128189086914,36.21233279050911,36.34128189086914,733600,0.0,0.0,0.0
2017-02-07 00:00:00-05:00,36.295773041190124,36.31853098010306,36.24267600634557,36.30335998535156,448500,0.0,0.0,0.0
2017-02-08 00:00:00-05:00,36.333708629333216,36.43231577292068,36.25026958970389,36.417144775390625,708700,0.0,0.0,0.0
2017-02-09 00:00:00-05:00,36.43991021940951,36.561275331060294,36.432323272296806,36.51576232910156,631900,0.0,0.0,0.0
2017-02-10 00:00:00-05:00,36.56126366907614,36.7281388358848,36.53092167744853,36.71297073364258,554200,0.0,0.0,0.0
2017-02-13 00:00:00-05:00,36.864677862764836,36.91019085385833,36.79640982291049,36.857093811035156,632700,0.0,0.0,0.0
2017-02-14 00:00:00-05:00,36.76605918937461,36.82674026489258,36.59159711860045,36.82674026489258,780300,0.0,0.0,0.0
2017-02-15 00:00:00-05:00,36.758471662271106,37.03154373168945,36.735716621009864,37.03154373168945,614400,0.0,0.0,0.0
2017-02-16 00:00:00-05:00,37.03913841711683,37.061893463134766,36.97087038549156,37.061893463134766,724900,0.0,0.0,0.0
2017-02-17 00:00:00-05:00,36.82674817176655,36.91777125137204,36.79640618070755,36.90260314941406,691800,0.0,0.0,0.0
2017-02-21 00:00:00-05:00,36.99360995830083,37.11497497558594,36.97085492180058,37.11497497558594,587600,0.0,0.0,0.0
2017-02-22 00:00:00-05:00,36.97087728872574,37.130168427737196,36.94053529265536,37.122581481933594,689500,0.0,0.0,0.0
2017-02-23 00:00:00-05:00,37.266716588010475,37.28188759095989,37.115009452089254,37.1605224609375,666100,0.0,0.0,0.0
2017-02-24 00:00:00-05:00,36.81157276859478,36.895011787230686,36.76606268102696,36.86466979980469,611400,0.0,0.0,0.0
2017-02-27 00:00:00-05:00,36.8039971474707,36.87984923983636,36.73572910691287,36.8343391418457,549300,0.0,0.0,0.0
2017-02-28 00:00:00-05:00,36.80399715041925,36.849510141985405,36.66746106929265,36.705387115478516,675800,0.0,0.0,0.0
2017-03-01 00:00:00-05:00,36.986042078465815,37.20601718990365,36.97087397536201,37.130165100097656,921600,0.0,0.0,0.0
2017-03-02 00:00:00-05:00,36.94053268537056,36.94811673706687,36.78882560929827,36.811580657958984,526700,0.0,0.0,0.0
2017-03-03 00:00:00-05:00,36.872260572134195,37.02396763144575,36.796405595692676,36.99362564086914,419600,0.0,0.0,0.0
2017-03-06 00:00:00-05:00,36.91777125137204,36.91777125137204,36.81157717623705,36.90260314941406,527400,0.0,0.0,0.0
2017-03-07 00:00:00-05:00,36.83433908798563,36.87984918590974,36.750900050362304,36.81916809082031,572100,0.0,0.0,0.0
2017-03-08 00:00:00-05:00,36.7964107522405,36.80399769773361,36.59160952107683,36.59919357299805,767000,0.0,0.0,0.0
2017-03-09 00:00:00-05:00,36.659870091002006,36.682625135699844,36.53091808604791,36.64469909667969,897400,0.0,0.0,0.0
2017-03-10 00:00:00-05:00,36.91776636924154,36.98603439331055,36.826743301673254,36.98603439331055,836500,0.0,0.0,0.0
2017-03-13 00:00:00-04:00,37.07705594786504,37.190834045410156,37.07705594786504,37.190834045410156,603400,0.0,0.0,0.0
2017-03-14 00:00:00-04:00,36.9784467835614,36.98603083280736,36.87983678193873,36.93293380737305,553300,0.0,0.0,0.0
2017-03-15 00:00:00-04:00,37.0315570724299,37.54735941302386,37.00121507743687,37.532188415527344,892400,0.0,0.0,0.0
2017-03-16 00:00:00-04:00,37.767333930602796,37.782504927855975,37.668723895243026,37.75216293334961,683700,0.0,0.0,0.0
2017-03-17 00:00:00-04:00,37.79008085306589,37.835593835038026,37.69147083891187,37.74456787109375,624200,0.0,0.0,0.0
2017-03-20 00:00:00-04:00,37.8052521321156,37.90386214701315,37.75973914980028,37.8204231262207,669700,0.0,0.0,0.0
2017-03-21 00:00:00-04:00,38.07831689410016,38.101071934083066,37.52458873714076,37.554927825927734,717500,0.0,0.0,0.0
2017-03-22 00:00:00-04:00,37.46390838052776,37.64595739863602,37.39564036043354,37.623199462890625,687000,0.0,0.0,0.0
2017-03-23 00:00:00-04:00,37.57769684287906,37.790084994884445,37.55493890261309,37.70664596557617,602400,0.0,0.0,0.0
2017-03-24 00:00:00-04:00,37.805571795164454,37.89688878805586,37.75991184726132,37.84362030029297,548700,0.16,0.0,0.0
2017-03-27 00:00:00-04:00,37.72948232569612,37.912116347981005,37.64577385593412,37.89689636230469,619200,0.0,0.0,0.0
2017-03-28 00:00:00-04:00,37.88167689956662,38.07192236877363,37.88167689956662,38.018653869628906,820500,0.0,0.0,0.0
2017-03-29 00:00:00-04:00,37.90451029019945,38.06431579589844,37.85885033017875,38.06431579589844,554200,0.0,0.0,0.0
2017-03-30 00:00:00-04:00,37.98059402490042,38.04147395028263,37.89688557895718,37.912105560302734,779200,0.0,0.0,0.0
2017-03-31 00:00:00-04:00,37.75230021167354,37.8740571598495,37.70664026751457,37.80556869506836,909500,0.0,0.0,0.0
2017-04-03 00:00:00-04:00,37.805566000934235,37.82839451992958,37.55444068032776,37.79795455932617,1165300,0.0,0.0,0.0
2017-04-04 00:00:00-04:00,37.66859039911817,37.82839584350586,37.61532191765561,37.82839584350586,562800,0.0,0.0,0.0
2017-04-05 00:00:00-04:00,37.84361418085968,37.93493115898484,37.64576024443612,37.660980224609375,854000,0.0,0.0,0.0
2017-04-06 00:00:00-04:00,37.676197301868235,37.69902872358532,37.56966034356982,37.660980224609375,538800,0.0,0.0,0.0
2017-04-07 00:00:00-04:00,37.60772007875597,37.69903998707954,37.56967156841211,37.62294006347656,663200,0.0,0.0,0.0
2017-04-10 00:00:00-04:00,37.584887336332905,37.62293584240794,37.51639886423186,37.592498779296875,668300,0.0,0.0,0.0
2017-04-11 00:00:00-04:00,37.72186416752489,37.72186416752489,37.4403017399152,37.69903564453125,627400,0.0,0.0,0.0
2017-04-12 00:00:00-04:00,37.66858983612199,37.70663833618164,37.546832894182415,37.70663833618164,734900,0.0,0.0,0.0
2017-04-13 00:00:00-04:00,37.615325375361756,37.6533738794876,37.47073989851761,37.493568420410156,622600,0.0,0.0,0.0
2017-04-17 00:00:00-04:00,37.721857560732076,37.79795455932617,37.65336910083162,37.79795455932617,491600,0.0,0.0,0.0
2017-04-18 00:00:00-04:00,37.47835803155751,37.56206650381022,37.37182103156881,37.53923797607422,802900,0.0,0.0,0.0
2017-04-19 00:00:00-04:00,37.57728015149639,37.592500135058295,37.32615477709748,37.3718147277832,675900,0.0,0.0,0.0
2017-04-20 00:00:00-04:00,37.668592526842005,37.744689532397025,37.653372545148066,37.71425247192383,398600,0.0,0.0,0.0
2017-04-21 00:00:00-04:00,37.69142420159008,37.70664418455748,37.61532718966798,37.69903564453125,594800,0.0,0.0,0.0
2017-04-24 00:00:00-04:00,38.44479365004601,38.51328211527488,38.41435368707437,38.49806213378906,602300,0.0,0.0,0.0
2017-04-25 00:00:00-04:00,38.66548329130268,38.779628810662494,38.6122148016851,38.72636032104492,772800,0.0,0.0,0.0
2017-04-26 00:00:00-04:00,38.650260265169145,38.74918579357617,38.604600319271086,38.635040283203125,607600,0.0,0.0,0.0
2017-04-27 00:00:00-04:00,38.65026031806939,38.65786885760545,38.49045486157957,38.58177185058594,368200,0.0,0.0,0.0
2017-04-28 00:00:00-04:00,38.627428893631745,38.63504033608255,38.55894042614829,38.58177185058594,601800,0.0,0.0,0.0
2017-05-01 00:00:00-04:00,38.749178720081865,38.81005863683258,38.680693168108625,38.75679016113281,747200,0.0,0.0,0.0
2017-05-02 00:00:00-04:00,38.863339009922036,38.9850959777832,38.825290501762,38.9850959777832,946600,0.0,0.0,0.0
2017-05-03 00:00:00-04:00,38.84050501340124,38.962261964108166,38.75679656549372,38.87094497680664,1737900,0.0,0.0,0.0
2017-05-04 00:00:00-04:00,38.89378593515516,38.96988296508789,38.80246891865275,38.96988296508789,1019400,0.0,0.0,0.0
2017-05-05 00:00:00-04:00,39.007924341286746,39.35036671914554,38.98509581706786,39.34275817871094,599400,0.0,0.0,0.0
2017-05-08 00:00:00-04:00,39.17535091606314,39.213399433444636,39.09164243607436,39.13730239868164,774200,0.0,0.0,0.0
2017-05-09 00:00:00-04:00,39.17534465835259,39.1981731845518,39.06119912444124,39.11446762084961,618700,0.0,0.0,0.0
2017-05-10 00:00:00-04:00,39.22861546321853,39.25905543521897,39.12968700567485,39.24383544921875,626500,0.0,0.0,0.0
2017-05-11 00:00:00-04:00,39.13729339313175,39.182953345232605,39.03075640781155,39.16012191772461,461400,0.0,0.0,0.0
2017-05-12 00:00:00-04:00,39.22099223925081,39.365577697753906,39.19055227864561,39.365577697753906,621500,0.0,0.0,0.0
2017-05-15 00:00:00-04:00,39.51778465548197,39.63954162597656,39.48734468712953,39.63954162597656,1029000,0.0,0.0,0.0
2017-05-16 00:00:00-04:00,39.79933751218523,39.80694895389625,39.72324051256179,39.79172897338867,813700,0.0,0.0,0.0
2017-05-17 00:00:00-04:00,39.57106034540754,39.57866888742183,39.24383788339495,39.266666412353516,1402800,0.0,0.0,0.0
2017-05-18 00:00:00-04:00,38.98509711057123,39.27427100623718,38.962268585594906,39.17534255981445,956800,0.0,0.0,0.0
2017-05-19 00:00:00-04:00,39.525391766084326,39.73846863392712,39.51778322572907,39.71563720703125,867900,0.0,0.0,0.0
2017-05-22 00:00:00-04:00,39.7689094543457,39.82218085352405,39.708032417008816,39.7689094543457,631300,0.0,0.0,0.0
2017-05-23 00:00:00-04:00,39.86022936472403,39.86022936472403,39.71564095808268,39.7689094543457,654300,0.0,0.0,0.0
2017-05-24 00:00:00-04:00,39.73085280756177,39.860221202649626,39.68519576463701,39.845001220703125,570800,0.0,0.0,0.0
2017-05-25 00:00:00-04:00,39.936318870871,39.989587357108576,39.83739043803773,39.86022186279297,929800,0.0,0.0,0.0
2017-05-26 00:00:00-04:00,39.761294142380564,39.822174072265625,39.70802565518855,39.822174072265625,623400,0.0,0.0,0.0
2017-05-30 00:00:00-04:00,39.67757680981499,39.76889378128965,39.66996827173968,39.73845672607422,628300,0.0,0.0,0.0
2017-05-31 00:00:00-04:00,39.875440627803975,39.875440627803975,39.669975228767335,39.723243713378906,775300,0.0,0.0,0.0
2017-06-01 00:00:00-04:00,39.87544548562695,40.0200309753418,39.84500551845065,40.0200309753418,817600,0.0,0.0,0.0
2017-06-02 00:00:00-04:00,40.24071176765698,40.370077258946324,40.17983184028691,40.36246871948242,832700,0.0,0.0,0.0
2017-06-05 00:00:00-04:00,40.22549575988989,40.240715743236066,40.149395843159006,40.202667236328125,523700,0.0,0.0,0.0
2017-06-06 00:00:00-04:00,40.06568903094992,40.12656605950791,40.03524906521346,40.11895751953125,590800,0.0,0.0,0.0
2017-06-07 00:00:00-04:00,40.19504755021193,40.23309604931709,39.981973632891524,40.13417053222656,680300,0.0,0.0,0.0
2017-06-08 00:00:00-04:00,40.01242481076144,40.09613037109375,39.943936332005755,40.09613037109375,569500,0.0,0.0,0.0
2017-06-09 00:00:00-04:00,39.974371141723374,40.073299583878736,39.79173714396046,39.91349411010742,592700,0.0,0.0,0.0
2017-06-12 00:00:00-04:00,39.799340667109874,39.845000612252115,39.64714375288375,39.776512145996094,955700,0.0,0.0,0.0
2017-06-13 00:00:00-04:00,40.02002461776476,40.10373306274414,39.97436467425385,40.10373306274414,812200,0.0,0.0,0.0
2017-06-14 00:00:00-04:00,40.32443000807729,40.32443000807729,39.92871909282778,40.05047607421875,415600,0.0,0.0,0.0
2017-06-15 00:00:00-04:00,39.494941588640124,39.654747009277344,39.43406167435123,39.654747009277344,1777500,0.0,0.0,0.0
2017-06-16 00:00:00-04:00,39.791735773386414,39.93632125854492,39.723247300855554,39.93632125854492,414700,0.0,0.0,0.0
2017-06-19 00:00:00-04:00,40.088518675002966,40.17983567185139,40.06569015151961,40.11134719848633,452900,0.0,0.0,0.0
2017-06-20 00:00:00-04:00,39.989586136436756,39.989586136436756,39.67758376817697,39.723243713378906,831300,0.0,0.0,0.0
2017-06-21 00:00:00-04:00,39.74324473019887,39.804780098171484,39.643254158495125,39.65863800048828,2911100,0.556,0.0,0.0
2017-06-22 00:00:00-04:00,39.77401520605063,39.8663182644886,39.72786661099968,39.79709243774414,426600,0.0,0.0,0.0
2017-06-23 00:00:00-04:00,39.804775545841125,39.92784333354369,39.72785927883983,39.89707565307617,378900,0.0,0.0,0.0
2017-06-26 00:00:00-04:00,40.17398857603809,40.20475626390925,40.0047692269149,40.0124626159668,660900,0.0,0.0,0.0
2017-06-27 00:00:00-04:00,40.020141311784805,40.07398328265492,39.90476691742057,39.92015075683594,1088600,0.0,0.0,0.0
2017-06-28 00:00:00-04:00,40.120145347810116,40.335513287907176,40.06630336278585,40.30474853515625,1025900,0.0,0.0,0.0
2017-06-29 00:00:00-04:00,40.181676162315384,40.181676162315384,39.720169713400296,39.88938903808594,783900,0.0,0.0,0.0
2017-06-30 00:00:00-04:00,40.02784482262287,40.066302963804645,39.81247395050236,39.974002838134766,472900,0.0,0.0,0.0
2017-07-03 00:00:00-04:00,40.073994200727945,40.09707143322201,39.98938746214352,40.00476837158203,485500,0.0,0.0,0.0
2017-07-05 00:00:00-04:00,39.897083621603116,39.974002838134766,39.743248122707925,39.974002838134766,1119800,0.0,0.0,0.0
2017-07-06 00:00:00-04:00,39.74322893352196,39.85091578467192,39.674006073318424,39.735538482666016,609600,0.0,0.0,0.0
2017-07-07 00:00:00-04:00,39.71247813031433,39.812468697359854,39.59710078782462,39.78170394897461,523100,0.0,0.0,0.0
2017-07-10 00:00:00-04:00,39.79709736088864,39.93554609733646,39.77402012634033,39.904781341552734,627300,0.0,0.0,0.0
2017-07-11 00:00:00-04:00,39.904765091087846,40.05860054403355,39.812462058820095,40.043216705322266,634500,0.0,0.0,0.0
2017-07-12 00:00:00-04:00,40.32011997532152,40.4893392794672,40.32011997532152,40.42780685424805,598700,0.0,0.0,0.0
2017-07-13 00:00:00-04:00,40.49704684743831,40.59703744020436,40.435511466503705,40.5816535949707,556400,0.0,0.0,0.0
2017-07-14 00:00:00-04:00,40.75856076157718,40.94316101074219,40.7124092322019,40.94316101074219,592400,0.0,0.0,0.0
2017-07-17 00:00:00-04:00,40.8662487520057,40.889323051880666,40.77394568416918,40.789329528808594,744400,0.0,0.0,0.0
2017-07-18 00:00:00-04:00,40.82009451927919,40.897010803222656,40.76625253368513,40.897010803222656,544700,0.0,0.0,0.0
2017-07-19 00:00:00-04:00,41.05084560800124,41.12007143604177,41.01238746668274,41.11238098144531,780100,0.0,0.0,0.0
2017-07-20 00:00:00-04:00,41.2200685586509,41.28160100331259,41.1431522692817,41.26622009277344,625500,0.0,0.0,0.0
2017-07-21 00:00:00-04:00,41.08161542269073,41.1200735660013,40.95854760359595,41.08930587768555,413600,0.0,0.0,0.0
2017-07-24 00:00:00-04:00,41.050847734374976,41.09699926684861,40.92008946028538,41.08930587768555,5023100,0.0,0.0,0.0
2017-07-25 00:00:00-04:00,41.27389626138852,41.27389626138852,41.1277541885057,41.13544464111328,475100,0.0,0.0,0.0
2017-07-26 00:00:00-04:00,41.19698313914204,41.450809172884576,41.15852207067016,41.3585090637207,584700,0.0,0.0,0.0
2017-07-27 00:00:00-04:00,41.45081866813402,41.45081866813402,41.07392475778105,41.243141174316406,530600,0.0,0.0,0.0
2017-07-28 00:00:00-04:00,41.12776674497433,41.243141174316406,41.07392475778105,41.243141174316406,360100,0.0,0.0,0.0
2017-07-31 00:00:00-04:00,41.320064544677734,41.36621314738218,41.21238055947597,41.320064544677734,490200,0.0,0.0,0.0
2017-08-01 00:00:00-04:00,41.63540782597462,41.67386595612288,41.550798179148074,41.581565856933594,880100,0.0,0.0,0.0
2017-08-02 00:00:00-04:00,41.58158407593603,41.596967921569224,41.443132399405755,41.573890686035156,656300,0.0,0.0,0.0
2017-08-03 00:00:00-04:00,41.51235494935005,41.581580782131596,41.46620341610625,41.504661560058594,1002800,0.0,0.0,0.0
2017-08-04 00:00:00-04:00,41.55848863151083,41.589256309296346,41.381578885494996,41.581565856933594,615500,0.0,0.0,0.0
2017-08-07 00:00:00-04:00,41.56618744970586,41.64310372005343,41.550803608802816,41.62771987915039,580900,0.0,0.0,0.0
2017-08-08 00:00:00-04:00,41.61234004450608,41.650801117550365,41.44312364661645,41.4738883972168,708000,0.0,0.0,0.0
2017-08-09 00:00:00-04:00,41.22774322826824,41.35081100463867,41.14313651602445,41.35081100463867,539800,0.0,0.0,0.0
2017-08-10 00:00:00-04:00,41.09699258904192,41.09699258904192,40.68163766677452,40.6893310546875,681500,0.0,0.0,0.0
2017-08-11 00:00:00-04:00,40.69702911376953,40.79702263615027,40.62011282527255,40.69702911376953,573500,0.0,0.0,0.0
2017-08-14 00:00:00-04:00,41.00469207763672,41.104682646198455,40.96623100677848,41.00469207763672,600600,0.0,0.0,0.0
2017-08-15 00:00:00-04:00,40.98161834410251,40.98161834410251,40.81240194139628,40.92008590698242,439700,0.0,0.0,0.0
2017-08-16 00:00:00-04:00,41.13545639685665,41.24314036914093,41.09699825449343,41.22006607055664,1206900,0.0,0.0,0.0
2017-08-17 00:00:00-04:00,41.06621800244503,41.12005997211385,40.720088958740234,40.720088958740234,1010100,0.0,0.0,0.0
2017-08-18 00:00:00-04:00,40.85853958129883,40.996991195409386,40.74316519231817,40.85853958129883,573200,0.0,0.0,0.0
2017-08-21 00:00:00-04:00,40.927777167617094,40.973928696992374,40.8200931999095,40.94316101074219,654000,0.0,0.0,0.0
2017-08-22 00:00:00-04:00,41.06621716315804,41.18159448675738,41.02006858105208,41.10467529296875,1842600,0.0,0.0,0.0
2017-08-23 00:00:00-04:00,41.00468044926651,41.196974012354886,40.996987063609495,41.17389678955078,453300,0.0,0.0,0.0
2017-08-24 00:00:00-04:00,41.27390259431728,41.28928643606023,41.15083479454144,41.181602478027344,379500,0.0,0.0,0.0
2017-08-25 00:00:00-04:00,41.3585017786113,41.51233722289872,41.312350265074954,41.443111419677734,471500,0.0,0.0,0.0
2017-08-28 00:00:00-04:00,41.51234699411155,41.52003744776094,41.381585808730094,41.4200439453125,542400,0.0,0.0,0.0
2017-08-29 00:00:00-04:00,41.15852473998893,41.320053609211044,41.13545044474338,41.25082778930664,741700,0.0,0.0,0.0
2017-08-30 00:00:00-04:00,41.25081846565239,41.281583207636984,41.17389927527317,41.22774124145508,455500,0.0,0.0,0.0
2017-08-31 00:00:00-04:00,41.37388591521657,41.573869940317365,41.3431182393035,41.5431022644043,551500,0.0,0.0,0.0
2017-09-01 00:00:00-04:00,41.73541314420023,41.75849037778809,41.62772916801782,41.65849685668945,790700,0.0,0.0,0.0
2017-09-05 00:00:00-04:00,41.55080183170584,41.58156951219601,41.189288921365076,41.34312438964844,673000,0.0,0.0,0.0
2017-09-06 00:00:00-04:00,41.5585025327366,41.68157035087731,41.51235393478897,41.63542175292969,834600,0.0,0.0,0.0
2017-09-07 00:00:00-04:00,41.92770935558013,41.95078659057617,41.85079306337591,41.95078659057617,349100,0.0,0.0,0.0
2017-09-08 00:00:00-04:00,42.01999166881387,42.01999166881387,41.88154006390836,41.91230773925781,548200,0.0,0.0,0.0
2017-09-11 00:00:00-04:00,42.212313215294046,42.31999721621917,42.166161671682296,42.27384567260742,500000,0.0,0.0,0.0
2017-09-12 00:00:00-04:00,42.2815216760339,42.34305410804305,42.26613783448967,42.296905517578125,381300,0.0,0.0,0.0
2017-09-13 00:00:00-04:00,42.23537251701059,42.24306297112957,42.05076934230796,42.1046142578125,441400,0.0,0.0,0.0
2017-09-14 00:00:00-04:00,42.05845922221848,42.20460131163176,42.02769153997326,42.1969108581543,409600,0.0,0.0,0.0
2017-09-15 00:00:00-04:00,42.28920447910998,42.304588317871094,42.19690438071054,42.304588317871094,461500,0.0,0.0,0.0
2017-09-18 00:00:00-04:00,42.450741352753205,42.50458333524451,42.29690879373117,42.37382507324219,596000,0.0,0.0,0.0
2017-09-19 00:00:00-04:00,42.42766219910964,42.519962310791016,42.40458790473121,42.519962310791016,548400,0.0,0.0,0.0
2017-09-20 00:00:00-04:00,42.56482472044206,42.64215788636639,42.216819573640194,42.448822021484375,802000,0.298,0.0,0.0
2017-09-21 00:00:00-04:00,42.35602325472408,42.43335642361051,42.30962158334945,42.371490478515625,388600,0.0,0.0,0.0
2017-09-22 00:00:00-04:00,42.42561584131804,42.48748177409762,42.37921417918033,42.41014862060547,541200,0.0,0.0,0.0
2017-09-25 00:00:00-04:00,42.263207757464876,42.29413924392197,42.03120243358012,42.13947296142578,786800,0.0,0.0,0.0
2017-09-26 00:00:00-04:00,42.08534921845586,42.093084305011416,41.907480578603085,42.02348327636719,752800,0.0,0.0,0.0
2017-09-27 00:00:00-04:00,41.89974925155524,42.0234840881941,41.876549891582705,41.98481750488281,670500,0.0,0.0,0.0
2017-09-28 00:00:00-04:00,42.008009254613775,42.13174406883663,41.961607593003706,42.08534240722656,460400,0.0,0.0,0.0
2017-09-29 00:00:00-04:00,42.21681327541168,42.371482534256785,42.147212256434926,42.32508087158203,893900,0.0,0.0,0.0
2017-10-02 00:00:00-04:00,42.28641429438844,42.36374744877562,42.24001263171369,42.32508087158203,904100,0.0,0.0,0.0
2017-10-03 00:00:00-04:00,42.441095926892594,42.572562917694015,42.394694250689476,42.5648307800293,698400,0.0,0.0,0.0
2017-10-04 00:00:00-04:00,42.54161427619877,42.5802838018381,42.49521556554457,42.53388214111328,499900,0.0,0.0,0.0
2017-10-05 00:00:00-04:00,42.510684161705186,42.60348453608782,42.48748185555649,42.54935073852539,548000,0.0,0.0,0.0
2017-10-06 00:00:00-04:00,42.37920608208925,42.495208740234375,42.278670641701474,42.495208740234375,426500,0.0,0.0,0.0
2017-10-09 00:00:00-04:00,42.53390091827001,42.54936814533983,42.44110050592301,42.48749923706055,456900,0.0,0.0,0.0
2017-10-10 00:00:00-04:00,42.750428364306856,42.90509765659439,42.71949686590645,42.85869598388672,501100,0.0,0.0,0.0
2017-10-11 00:00:00-04:00,42.95149232527603,43.052024841308594,42.905090660134995,43.052024841308594,407500,0.0,0.0,0.0
2017-10-12 00:00:00-04:00,43.00562311984609,43.090691358289014,42.95922145794886,43.01335525512695,475400,0.0,0.0,0.0
2017-10-13 00:00:00-04:00,43.307227832531865,43.34589441022533,43.26082616925724,43.299495697021484,605600,0.0,0.0,0.0
2017-10-16 00:00:00-04:00,43.29950301999921,43.33043451734276,43.222166901462124,43.25310134887695,679400,0.0,0.0,0.0
2017-10-17 00:00:00-04:00,43.129371896639924,43.14483912227937,43.03657149287487,43.13710403442383,611000,0.0,0.0,0.0
2017-10-18 00:00:00-04:00,43.22217340819884,43.26083999825268,43.12163791400149,43.2453727722168,567500,0.0,0.0,0.0
2017-10-19 00:00:00-04:00,42.95150130611431,43.067501068115234,42.920566856218784,43.067501068115234,428200,0.0,0.0,0.0
2017-10-20 00:00:00-04:00,43.10616897679909,43.11390111394506,43.013365630619006,43.0443000793457,489200,0.0,0.0,0.0
2017-10-23 00:00:00-04:00,43.08296059256181,43.08296059256181,42.90509196256148,42.92829132080078,576600,0.0,0.0,0.0
2017-10-24 00:00:00-04:00,43.01335881438747,43.08295983795732,42.95149287680925,43.0056266784668,707500,0.0,0.0,0.0
2017-10-25 00:00:00-04:00,43.06749883040411,43.06749883040411,42.66535985287133,42.8509635925293,592700,0.0,0.0,0.0
2017-10-26 00:00:00-04:00,42.95148677006639,42.99788547913546,42.78135030329174,42.789085388183594,1647400,0.0,0.0,0.0
2017-10-27 00:00:00-04:00,42.80455163203544,42.974688106657034,42.688551903942155,42.95922088623047,533700,0.0,0.0,0.0
2017-10-30 00:00:00-04:00,42.9824333190918,42.99789759309128,42.90509719873762,42.9824333190918,690500,0.0,0.0,0.0
2017-10-31 00:00:00-04:00,43.152556312610194,43.20669010856124,43.036556585602504,43.18349075317383,474200,0.0,0.0,0.0
2017-11-01 00:00:00-04:00,43.46189873078849,43.53149975328723,43.31496159991844,43.322696685791016,786000,0.0,0.0,0.0
2017-11-02 00:00:00-04:00,43.32270025325269,43.41550064086914,43.26083136146097,43.41550064086914,417800,0.0,0.0,0.0
2017-11-03 00:00:00-04:00,43.42324005347621,43.42324005347621,43.17577036179709,43.33043670654297,550700,0.0,0.0,0.0
2017-11-06 00:00:00-05:00,43.29176368491849,43.485099537182364,43.26856432666954,43.47736740112305,618900,0.0,0.0,0.0
2017-11-07 00:00:00-05:00,43.438695299859596,43.44643038553213,43.198960745285596,43.31496047973633,554200,0.0,0.0,0.0
2017-11-08 00:00:00-05:00,43.4000312901749,43.50056675937199,43.3458974875467,43.47736740112305,448800,0.0,0.0,0.0
2017-11-09 00:00:00-05:00,43.144842161542485,43.2376425718447,42.966973479266635,43.21444320678711,485200,0.0,0.0,0.0
2017-11-10 00:00:00-05:00,43.12161472629887,43.14481702791202,42.98241566697065,43.09841537475586,513800,0.0,0.0,0.0
2017-11-13 00:00:00-05:00,42.76588448542275,42.92055373755419,42.69628346946713,42.905086517333984,527600,0.0,0.0,0.0
2017-11-14 00:00:00-05:00,42.91283274374803,42.91283274374803,42.750428364306856,42.85869598388672,537800,0.0,0.0,0.0
2017-11-15 00:00:00-05:00,42.533881654815794,42.67308368532811,42.44108128449778,42.61894989013672,590200,0.0,0.0,0.0
2017-11-16 00:00:00-05:00,43.02108335617811,43.144818151078866,42.951482349667046,43.10615158081055,585100,0.0,0.0,0.0
2017-11-17 00:00:00-05:00,43.03656956829123,43.10617060552039,42.97470066850019,43.067501068115234,536100,0.0,0.0,0.0
2017-11-20 00:00:00-05:00,43.10617253321657,43.18350571134218,43.082970219721574,43.13710403442383,510800,0.0,0.0,0.0
2017-11-21 00:00:00-05:00,43.40003915944301,43.539241234318716,43.40003915944301,43.485107421875,467700,0.0,0.0,0.0
2017-11-22 00:00:00-05:00,43.70163369381716,43.717100915633786,43.48509848852614,43.60883331298828,633200,0.0,0.0,0.0
2017-11-24 00:00:00-05:00,43.85630279304614,43.88723723656029,43.79443685608874,43.84083557128906,219800,0.0,0.0,0.0
2017-11-27 00:00:00-05:00,43.76350282289909,43.76350282289909,43.508298086620904,43.51603317260742,609400,0.0,0.0,0.0
2017-11-28 00:00:00-05:00,43.717103734476645,43.80217198491779,43.61657121129265,43.77897262573242,1361700,0.0,0.0,0.0
2017-11-29 00:00:00-05:00,43.75577150039439,43.75577150039439,43.41549851236453,43.47736740112305,480800,0.0,0.0,0.0
2017-11-30 00:00:00-05:00,43.53923083977908,43.6397663032034,43.423231105124074,43.45416259765625,575600,0.0,0.0,0.0
2017-12-01 00:00:00-05:00,43.34589305486324,43.446428513779274,43.14482508710187,43.384559631347656,829000,0.0,0.0,0.0
2017-12-04 00:00:00-05:00,43.570174263363974,43.570174263363974,43.22990417480469,43.22990417480469,889100,0.0,0.0,0.0
2017-12-05 00:00:00-05:00,43.276297392739345,43.37683286409695,43.15256256263423,43.16802978515625,525800,0.0,0.0,0.0
2017-12-06 00:00:00-05:00,42.92829106545348,42.99015995381827,42.86642512715965,42.92055892944336,632000,0.0,0.0,0.0
2017-12-07 00:00:00-05:00,42.889625614820424,43.11389591594283,42.82002458861247,43.02882766723633,456200,0.0,0.0,0.0
2017-12-08 00:00:00-05:00,43.268556322312286,43.30722289559784,43.168020871713495,43.29175567626953,412500,0.0,0.0,0.0
2017-12-11 00:00:00-05:00,43.338160919594635,43.41549407256346,43.314958613647434,43.384559631347656,505700,0.0,0.0,0.0
2017-12-12 00:00:00-05:00,43.29176255440148,43.3922980209732,43.23762875318692,43.36909866333008,604700,0.0,0.0,0.0
2017-12-13 00:00:00-05:00,43.48509848852614,43.70936877976093,43.48509848852614,43.60883331298828,822200,0.0,0.0,0.0
2017-12-14 00:00:00-05:00,43.60109261505559,43.616559833834884,43.400021720995106,43.40775680541992,454300,0.0,0.0,0.0
2017-12-15 00:00:00-05:00,43.40002685195556,43.446428513779274,43.27629203716302,43.384559631347656,668300,0.0,0.0,0.0
2017-12-18 00:00:00-05:00,43.76349485995308,43.980030027041096,43.76349485995308,43.87949752807617,803100,0.0,0.0,0.0
2017-12-19 00:00:00-05:00,43.887241304250196,43.894973440809935,43.66297099309245,43.74803924560547,916000,0.0,0.0,0.0
2017-12-20 00:00:00-05:00,43.864049339958285,43.864049339958285,43.709380032045736,43.74031448364258,711200,0.0,0.0,0.0
2017-12-21 00:00:00-05:00,43.848820621052695,44.036210054393784,43.80978202448905,43.9581298828125,679600,0.539,0.0,0.0
2017-12-22 00:00:00-05:00,43.950336161614175,44.090877532958984,43.91910408388092,44.090877532958984,697800,0.0,0.0,0.0
2017-12-26 00:00:00-05:00,44.0908695799278,44.14552421687507,44.06744403662587,44.11429214477539,688200,0.0,0.0,0.0
2017-12-27 00:00:00-05:00,44.22360725933,44.25483933555453,44.145530047223396,44.19237518310547,933300,0.0,0.0,0.0
2017-12-28 00:00:00-05:00,44.41099959503177,44.44222869481044,44.254842182318754,44.27045822143555,1208300,0.0,0.0,0.0
2017-12-29 00:00:00-05:00,44.51248525628704,44.53591079675597,44.340714837420734,44.35633087158203,878100,0.0,0.0,0.0
2018-01-02 00:00:00-05:00,44.63741707872349,44.80138397216797,44.5749559113982,44.80138397216797,1937800,0.0,0.0,0.0
2018-01-03 00:00:00-05:00,44.91850485674853,45.1215103750319,44.9028888185379,45.11370086669922,1391300,0.0,0.0,0.0
2018-01-04 00:00:00-05:00,45.41820892726466,45.52752120138562,45.3869798273993,45.48847961425781,1298600,0.0,0.0,0.0
2018-01-05 00:00:00-05:00,45.6524426467764,45.800790538476576,45.574362457627885,45.79298400878906,1341200,0.0,0.0,0.0
2018-01-08 00:00:00-05:00,45.73052315941245,45.77737127628419,45.67586851228952,45.769561767578125,1006800,0.0,0.0,0.0
2018-01-09 00:00:00-05:00,45.777364655057355,45.8164032575765,45.636823303224865,45.80859375,1511800,0.0,0.0,0.0
2018-01-10 00:00:00-05:00,45.74613618123809,45.74613618123809,45.58217225068335,45.652442932128906,971300,0.0,0.0,0.0
2018-01-11 00:00:00-05:00,45.714901884789406,45.94132995605469,45.707095355432294,45.94132995605469,854300,0.0,0.0,0.0
2018-01-12 00:00:00-05:00,46.08187394588508,46.38637924194336,46.04283533995922,46.38637924194336,1298300,0.0,0.0,0.0
2018-01-16 00:00:00-05:00,46.589385431174136,46.612810979329346,46.269264071965736,46.339534759521484,2625800,0.0,0.0,0.0
2018-01-17 00:00:00-05:00,46.52692085341637,46.80800358310455,46.39418601841707,46.65965270996094,878200,0.0,0.0,0.0
2018-01-18 00:00:00-05:00,46.54253455655017,46.644037310168514,46.47226387765357,46.60499572753906,1324700,0.0,0.0,0.0
2018-01-19 00:00:00-05:00,46.83143101168892,46.84704705145401,46.67527359249306,46.81581497192383,1005200,0.0,0.0,0.0
2018-01-22 00:00:00-05:00,46.87046554848748,47.09689363772046,46.83142694169502,47.07347106933594,4122500,0.0,0.0,0.0
2018-01-23 00:00:00-05:00,47.135935106720716,47.276476482471416,47.08128045820155,47.260860443115234,1106200,0.0,0.0,0.0
2018-01-24 00:00:00-05:00,47.53412259578872,47.6043932628665,47.253039927477595,47.46385192871094,1278400,0.0,0.0,0.0
2018-01-25 00:00:00-05:00,47.596589004999466,47.62001454891137,47.206197028951,47.292083740234375,955900,0.0,0.0,0.0
2018-01-26 00:00:00-05:00,47.52631686989553,47.76055145263672,47.487278269181054,47.76055145263672,1060100,0.0,0.0,0.0
2018-01-29 00:00:00-05:00,47.377974600032914,47.377974600032914,47.20620116242534,47.2686653137207,1579700,0.0,0.0,0.0
2018-01-30 00:00:00-05:00,47.034431890791694,47.073470497109604,46.78457825775664,46.8236198425293,1802800,0.0,0.0,0.0
2018-01-31 00:00:00-05:00,47.120307821955066,47.12811732899688,46.768957444884144,46.893882751464844,936400,0.0,0.0,0.0
2018-02-01 00:00:00-05:00,46.73773114035649,46.971965746789536,46.7299216323511,46.8548469543457,1018300,0.0,0.0,0.0
2018-02-02 00:00:00-05:00,46.417619375906845,46.417619375906845,45.76956708691143,45.83203125,1756500,0.0,0.0,0.0
2018-02-05 00:00:00-05:00,45.3869803141597,45.62121494716401,43.88787330171322,43.989376068115234,2067900,0.0,0.0,0.0
2018-02-06 00:00:00-05:00,43.79416883546082,45.12930858247728,43.770746271691685,45.051231384277344,2098000,0.0,0.0,0.0
2018-02-07 00:00:00-05:00,44.59057689306545,44.82481150880777,44.23141695036358,44.23922348022461,1384400,0.0,0.0,0.0
2018-02-08 00:00:00-05:00,44.403186344301744,44.41880238210254,43.01339174303201,43.02119827270508,1492400,0.0,0.0,0.0
2018-02-09 00:00:00-05:00,43.44282398516306,43.645829505722574,42.318496027484585,43.427207946777344,1611500,0.0,0.0,0.0
2018-02-12 00:00:00-05:00,43.77857176771723,44.184579926863954,43.583375709192204,44.036231994628906,1312100,0.0,0.0,0.0
2018-02-13 00:00:00-05:00,43.73953315170333,44.06746110036674,43.73953315170333,44.036231994628906,933500,0.0,0.0,0.0
2018-02-14 00:00:00-05:00,43.74732725710912,44.832616557679316,43.72390468984504,44.82481002807617,1096200,0.0,0.0,0.0
2018-02-15 00:00:00-05:00,45.16055746012553,45.23863468738274,44.77797189827249,45.223018646240234,911400,0.0,0.0,0.0
2018-02-16 00:00:00-05:00,45.18397011395603,45.51970747868146,45.12931547118255,45.28547286987305,957800,0.0,0.0,0.0
2018-02-20 00:00:00-05:00,44.887279152607675,45.066859137925384,44.69208312789865,44.793582916259766,928500,0.0,0.0,0.0
2018-02-21 00:00:00-05:00,45.05904492229499,45.37916625024086,44.67646242176328,44.684268951416016,873600,0.0,0.0,0.0
2018-02-22 00:00:00-05:00,44.89508604102846,45.137130185841286,44.77796723388727,44.88727951049805,733400,0.0,0.0,0.0
2018-02-23 00:00:00-05:00,45.137135896525336,45.40260264497086,45.043439647576065,45.37917709350586,533800,0.0,0.0,0.0
2018-02-26 00:00:00-05:00,45.52752126307244,45.738333324337546,45.32451573217051,45.72271728515625,710300,0.0,0.0,0.0
2018-02-27 00:00:00-05:00,45.426025685010536,45.457257768314726,44.94194030761719,44.94194030761719,1043300,0.0,0.0,0.0
2018-02-28 00:00:00-05:00,45.01220306467917,45.02781612512138,44.43442153930664,44.43442153930664,644000,0.0,0.0,0.0
2018-03-01 00:00:00-05:00,44.41881308689052,44.49689329471159,43.661451452530805,43.9737663269043,888600,0.0,0.0,0.0
2018-03-02 00:00:00-05:00,43.66144982086719,44.106499542676936,43.53652447147743,44.098690032958984,819600,0.0,0.0,0.0
2018-03-05 00:00:00-05:00,43.872255025587954,44.31730169914222,43.74732969579123,44.278263092041016,656000,0.0,0.0,0.0
2018-03-06 00:00:00-05:00,44.73111720743326,44.7389237371109,44.46565052157338,44.61399841308594,566900,0.0,0.0,0.0
2018-03-07 00:00:00-05:00,44.36414841461693,44.59838302828656,44.215800520932255,44.56715393066406,579700,0.0,0.0,0.0
2018-03-08 00:00:00-05:00,44.70769566407148,44.738927742487526,44.47346103286101,44.660850524902344,490200,0.0,0.0,0.0
2018-03-09 00:00:00-05:00,44.840433413853226,45.0902841004625,44.73893064165099,45.08247756958008,637700,0.0,0.0,0.0
2018-03-12 00:00:00-04:00,45.14493312554463,45.238626376732235,45.02781432771906,45.16054916381836,662400,0.0,0.0,0.0
2018-03-13 00:00:00-04:00,45.14493269598503,45.23862594628113,44.74673414838554,44.84042739868164,701700,0.0,0.0,0.0
2018-03-14 00:00:00-04:00,45.19958354390752,45.223006109900616,44.793575522118495,44.957542419433594,485700,0.0,0.0,0.0
2018-03-15 00:00:00-04:00,44.980967284042556,45.113699136058926,44.801387319191484,44.89508056640625,552500,0.0,0.0,0.0
2018-03-16 00:00:00-04:00,44.82482014274717,44.941938962404556,44.77016548782848,44.8092041015625,424600,0.0,0.0,0.0
2018-03-19 00:00:00-04:00,44.63742274979622,44.653038788225125,44.22360815602208,44.41880416870117,703000,0.0,0.0,0.0
2018-03-20 00:00:00-04:00,44.5359379278665,44.62182467884849,44.43443513320998,44.55936050415039,539700,0.0,0.0,0.0
2018-03-21 00:00:00-04:00,44.50468898485659,44.856042388322706,44.457840871576224,44.684268951416016,594400,0.0,0.0,0.0
2018-03-22 00:00:00-04:00,44.13771219147987,44.20017633211552,43.71609115600586,43.71609115600586,1096900,0.0,0.0,0.0
2018-03-23 00:00:00-04:00,43.82541378960321,43.92691358141046,43.19297757582964,43.216400146484375,1038600,0.0,0.0,0.0
2018-03-26 00:00:00-04:00,43.945957124644345,44.102516174316406,43.50759536890118,44.102516174316406,679800,0.142,0.0,0.0
2018-03-27 00:00:00-04:00,44.26689697510853,44.31386558069072,43.5154172024846,43.62500762939453,756100,0.0,0.0,0.0
2018-03-28 00:00:00-04:00,43.82071128738062,44.05554837314633,43.58587420161491,43.77374267578125,838900,0.0,0.0,0.0
2018-03-29 00:00:00-04:00,44.071201055367226,44.43911435154078,43.9694372314248,44.26689910888672,753100,0.0,0.0,0.0
2018-04-02 00:00:00-04:00,44.032061993663504,44.2199334387272,43.32754780731876,43.578041076660156,1169600,0.0,0.0,0.0
2018-04-03 00:00:00-04:00,43.93030456846309,44.02424179773495,43.67198465325487,43.98509979248047,768600,0.0,0.0,0.0
2018-04-04 00:00:00-04:00,43.26492696743392,44.07120200983924,43.24927076447945,44.055545806884766,650100,0.0,0.0,0.0
2018-04-05 00:00:00-04:00,44.29821952452965,44.43912238743226,44.219941483413024,44.34518814086914,488900,0.0,0.0,0.0
2018-04-06 00:00:00-04:00,44.188623616749844,44.37649208668081,43.742432268019414,43.88333511352539,677800,0.0,0.0,0.0
2018-04-09 00:00:00-04:00,44.313868623387776,44.50956668091123,44.133826768800056,44.21210479736328,924600,0.0,0.0,0.0
2018-04-10 00:00:00-04:00,44.62699027308313,44.7992055445345,44.53305602779867,44.7365837097168,536500,0.0,0.0,0.0
2018-04-11 00:00:00-04:00,44.533045138248674,44.783538388498656,44.533045138248674,44.60349655151367,583700,0.0,0.0,0.0
2018-04-12 00:00:00-04:00,44.634814088413506,44.79137313435662,44.58784547879594,44.7287483215332,511000,0.0,0.0,0.0
2018-04-13 00:00:00-04:00,44.83050991831301,44.83050991831301,44.517391842009175,44.658294677734375,971000,0.0,0.0,0.0
2018-04-16 00:00:00-04:00,44.76789046720186,44.79137626671077,44.634817209819154,44.744407653808594,633800,0.0,0.0,0.0
2018-04-17 00:00:00-04:00,44.78355018375955,45.018387294456815,44.74441116299599,44.94010925292969,737900,0.0,0.0,0.0
2018-04-18 00:00:00-04:00,45.08883567637893,45.24539473495909,45.073182458025016,45.198429107666016,1000200,0.0,0.0,0.0
2018-04-19 00:00:00-04:00,45.19842556992366,45.206252178488015,44.877480868707146,45.00272750854492,631900,0.0,0.0,0.0
2018-04-20 00:00:00-04:00,44.79920241201902,44.83051482029631,44.62698715260954,44.720924377441406,345300,0.0,0.0,0.0
2018-04-23 00:00:00-04:00,44.64264770479167,44.69744293155599,44.45477920906139,44.587852478027344,573100,0.0,0.0,0.0
2018-04-24 00:00:00-04:00,44.74441000677396,44.77572241702203,44.26690620189618,44.39998245239258,775000,0.0,0.0,0.0
2018-04-25 00:00:00-04:00,44.212114175419536,44.306048426843354,44.03989889271252,44.25908279418945,539800,0.0,0.0,0.0
2018-04-26 00:00:00-04:00,44.47825326612759,44.642638914050785,44.415631441920546,44.58001708984375,610300,0.0,0.0,0.0
2018-04-27 00:00:00-04:00,44.66613052841346,44.72092575152454,44.50957146833224,44.689613342285156,321900,0.0,0.0,0.0
2018-04-30 00:00:00-04:00,44.68177889823164,44.744400719614184,44.454768450225174,44.47042465209961,399400,0.0,0.0,0.0
2018-05-01 00:00:00-04:00,44.39998382845484,44.43129325355747,44.05555327728293,44.36867141723633,558800,0.0,0.0,0.0
2018-05-02 00:00:00-04:00,44.49392176328026,44.58785601860441,44.219945607703096,44.25125503540039,498400,0.0,0.0,0.0
2018-05-03 00:00:00-04:00,44.27473670941783,44.41563957232045,43.930306161826614,44.34518814086914,423200,0.0,0.0,0.0
2018-05-04 00:00:00-04:00,44.00074869276591,44.548703828089,43.97726588240422,44.47825241088867,429200,0.0,0.0,0.0
2018-05-07 00:00:00-04:00,44.470438853375356,44.54871690162979,44.35301879487758,44.407814025878906,908400,0.0,0.0,0.0
2018-05-08 00:00:00-04:00,44.39998755314705,44.52523422241211,44.24342847003669,44.52523422241211,360400,0.0,0.0,0.0
2018-05-09 00:00:00-04:00,44.486096114472566,44.61916939688187,44.431297896056506,44.572200775146484,508800,0.0,0.0,0.0
2018-05-10 00:00:00-04:00,44.79135967343641,45.04967948341289,44.78353008112875,45.03402328491211,514300,0.0,0.0,0.0
2018-05-11 00:00:00-04:00,45.16712151531489,45.19843392759319,45.04187485231768,45.08884048461914,417200,0.0,0.0,0.0
2018-05-14 00:00:00-04:00,45.25323473420758,45.300200372298306,45.09667563963365,45.13581466674805,626600,0.0,0.0,0.0
2018-05-15 00:00:00-04:00,44.7444128455843,44.807037670053674,44.5174023360568,44.71310043334961,650500,0.0,0.0,0.0
2018-05-16 00:00:00-04:00,44.83833284320502,44.95575285870226,44.77571102475752,44.93227005004883,526100,0.0,0.0,0.0
2018-05-17 00:00:00-04:00,44.8618254074945,44.932276830200756,44.7365787655851,44.83051300048828,474800,0.0,0.0,0.0
2018-05-18 00:00:00-04:00,44.681791464291464,44.71310089073044,44.548715203990774,44.634822845458984,481100,0.0,0.0,0.0
2018-05-21 00:00:00-04:00,44.924440456420996,44.96357946621506,44.83050623569222,44.93227005004883,514700,0.0,0.0,0.0
2018-05-22 00:00:00-04:00,45.00272596900735,45.096660199143344,44.87747933345425,44.91661834716797,760900,0.0,0.0,0.0
2018-05-23 00:00:00-04:00,44.39998109150482,44.54871055645081,44.27473444046723,44.53305435180664,583800,0.0,0.0,0.0
2018-05-24 00:00:00-04:00,44.4782591986175,44.4782591986175,44.0712068355757,44.376495361328125,506100,0.0,0.0,0.0
2018-05-25 00:00:00-04:00,44.19644859442756,44.29038581204188,44.10251436292861,44.21210479736328,418500,0.0,0.0,0.0
2018-05-29 00:00:00-04:00,43.62501785500296,43.656330266063975,43.170999839081695,43.34321212768555,938100,0.0,0.0,0.0
2018-05-30 00:00:00-04:00,43.6406651080068,43.90681457519531,43.491935665151416,43.90681457519531,824800,0.0,0.0,0.0
2018-05-31 00:00:00-04:00,43.85202972604103,43.85202972604103,43.53108496792837,43.74243927001953,727000,0.0,0.0,0.0
2018-06-01 00:00:00-04:00,44.03207214032999,44.15731880386229,43.961620705460824,44.14166259765625,772300,0.0,0.0,0.0
2018-06-04 00:00:00-04:00,44.43129601346186,44.50957704637067,44.29039612645814,44.30604934692383,1011400,0.0,0.0,0.0
2018-06-05 00:00:00-04:00,44.321695231797946,44.3295248263235,44.11817056586433,44.21210479736328,1181800,0.0,0.0,0.0
2018-06-06 00:00:00-04:00,44.45476819162091,44.66612243652344,44.353004373086684,44.66612243652344,634900,0.0,0.0,0.0
2018-06-07 00:00:00-04:00,44.6583046778811,44.6583046778811,44.18863044436846,44.31387710571289,560900,0.0,0.0,0.0
2018-06-08 00:00:00-04:00,44.2669049147622,44.423463975334535,44.11817544958212,44.376495361328125,494800,0.0,0.0,0.0
2018-06-11 00:00:00-04:00,44.49392272503703,44.63482560412701,44.446954103301636,44.572200775146484,528500,0.0,0.0,0.0
2018-06-12 00:00:00-04:00,44.54087834605814,44.548704954338156,44.298211683763135,44.38431930541992,476500,0.0,0.0,0.0
2018-06-13 00:00:00-04:00,44.509567315738465,44.51739392426026,44.15731020994904,44.35300827026367,479000,0.0,0.0,0.0
2018-06-14 00:00:00-04:00,44.360833779245986,44.39214618478791,44.149482507126365,44.188621520996094,573100,0.0,0.0,0.0
2018-06-15 00:00:00-04:00,43.9303095252639,43.93813912164453,43.69547239781832,43.891170501708984,420800,0.0,0.0,0.0
2018-06-18 00:00:00-04:00,43.437151028789906,43.5467414855957,43.29624815972075,43.5467414855957,586800,0.0,0.0,0.0
2018-06-19 00:00:00-04:00,42.96747337006332,43.10837623771214,42.79525809046677,43.09272003173828,1027800,0.0,0.0,0.0
2018-06-20 00:00:00-04:00,43.351025116546616,43.37450792278862,43.13184130920056,43.21794891357422,646500,0.0,0.0,0.0
2018-06-21 00:00:00-04:00,43.084894193514685,43.084894193514685,42.77177604066097,42.81874465942383,817200,0.0,0.0,0.0
2018-06-22 00:00:00-04:00,43.359249079172514,43.430472641282655,43.169318573931136,43.27219772338867,560000,0.593,0.0,0.0
2018-06-25 00:00:00-04:00,43.00312351110778,43.00312351110778,42.52038645709344,42.67866134643555,692500,0.0,0.0,0.0
2018-06-26 00:00:00-04:00,42.77363016716198,42.836941337976626,42.583702692403605,42.73406219482422,785600,0.0,0.0,0.0
2018-06-27 00:00:00-04:00,42.74989512154113,42.829031075720415,42.19593438575665,42.20384979248047,1360500,0.0,0.0,0.0
2018-06-28 00:00:00-04:00,42.21966431538474,42.43333496239164,42.10096041294251,42.41750717163086,932500,0.0,0.0,0.0
2018-06-29 00:00:00-04:00,42.76571773038675,42.93981741223854,42.76571773038675,42.81319808959961,860800,0.0,0.0,0.0
2018-07-02 00:00:00-04:00,42.21966684609363,42.37002935791277,42.14053090638862,42.36211395263672,1415600,0.0,0.0,0.0
2018-07-03 00:00:00-04:00,42.6390997491034,42.68658010980992,42.433341456565586,42.45708465576172,783400,0.0,0.0,0.0
2018-07-05 00:00:00-04:00,42.74988998752788,42.81319813949974,42.583702692403605,42.73406219482422,637500,0.0,0.0,0.0
2018-07-06 00:00:00-04:00,42.7815507167038,43.04270178060632,42.69449935578858,42.963565826416016,724400,0.0,0.0,0.0
2018-07-09 00:00:00-04:00,43.35924967409011,43.43838562470141,43.256370523221,43.42255783081055,846800,0.0,0.0,0.0
2018-07-10 00:00:00-04:00,43.36716206161403,43.43838562470141,43.28802611100273,43.42255783081055,811500,0.0,0.0,0.0
2018-07-11 00:00:00-04:00,42.95565041772209,43.04270177863332,42.583707810432934,42.7103271484375,773100,0.0,0.0,0.0
2018-07-12 00:00:00-04:00,43.01104490257191,43.11392405501106,42.89234097484341,43.07435607910156,557000,0.0,0.0,0.0
2018-07-13 00:00:00-04:00,43.09018507652505,43.20888900756836,43.011046103653044,43.20888900756836,472500,0.0,0.0,0.0
2018-07-16 00:00:00-04:00,43.14557779672785,43.20888595170498,43.03478626138569,43.1218376159668,520700,0.0,0.0,0.0
2018-07-17 00:00:00-04:00,43.0585231503657,43.303849401899065,43.01103977363072,43.264278411865234,464300,0.0,0.0,0.0
2018-07-18 00:00:00-04:00,43.185143172895096,43.28802231474193,43.074351644218225,43.25636672973633,701900,0.0,0.0,0.0
2018-07-19 00:00:00-04:00,42.93981946371685,43.14557775961209,42.86068351535279,43.034786224365234,636700,0.0,0.0,0.0
2018-07-20 00:00:00-04:00,43.17722951566198,43.39090017989886,43.16140172362488,43.367156982421875,493200,0.0,0.0,0.0
2018-07-23 00:00:00-04:00,43.264284162974334,43.28802736391935,43.16140802797062,43.22471618652344,406400,0.0,0.0,0.0
2018-07-24 00:00:00-04:00,43.63621897098509,43.77866606598758,43.48585949019017,43.54916763305664,508500,0.0,0.0,0.0
2018-07-25 00:00:00-04:00,43.63621784144666,44.05564371096237,43.525426330166454,44.000247955322266,823400,0.0,0.0,0.0
2018-07-26 00:00:00-04:00,43.81032373635628,43.89737507843661,43.739100185458064,43.770755767822266,645000,0.0,0.0,0.0
2018-07-27 00:00:00-04:00,43.94486365319332,44.05565519334953,43.754936161166405,43.83407211303711,688800,0.0,0.0,0.0
2018-07-30 00:00:00-04:00,44.02399746904162,44.03982526133106,43.834066980411016,43.85780715942383,538500,0.0,0.0,0.0
2018-07-31 00:00:00-04:00,43.97650842829983,44.023991799052624,43.841976739430386,43.9052848815918,351400,0.0,0.0,0.0
2018-08-01 00:00:00-04:00,43.826157808155344,43.85781037621311,43.64414271174076,43.70745086669922,308700,0.0,0.0,0.0
2018-08-02 00:00:00-04:00,43.208889772092405,43.41464808635712,43.15349399952341,43.37508010864258,398100,0.0,0.0,0.0
2018-08-03 00:00:00-04:00,43.335507734184326,43.50961045320434,43.28802736997385,43.47795486450195,446000,0.0,0.0,0.0
2018-08-06 00:00:00-04:00,43.216801341245024,43.335505263847615,43.13766237400038,43.28802490234375,602700,0.0,0.0,0.0
2018-08-07 00:00:00-04:00,43.63622340761452,43.69161917032082,43.49377629812899,43.53334426879883,556500,0.0,0.0,0.0
2018-08-08 00:00:00-04:00,43.49377638941595,43.580827736377884,43.3750724771573,43.541259765625,574500,0.0,0.0,0.0
2018-08-09 00:00:00-04:00,43.54126477557051,43.60457293229096,43.375077467980965,43.42255783081055,341800,0.0,0.0,0.0
2018-08-10 00:00:00-04:00,42.63910487404415,42.694500647421876,42.488742330153265,42.59953689575195,844000,0.0,0.0,0.0
2018-08-13 00:00:00-04:00,42.46500453800437,42.52040031450124,42.188025655520015,42.27507400512695,1082700,0.0,0.0,0.0
2018-08-14 00:00:00-04:00,42.338374478535094,42.39377024101829,42.21966754816102,42.35420227050781,699800,0.0,0.0,0.0
2018-08-15 00:00:00-04:00,41.744854035123616,41.744854035123616,41.349168214885474,41.66571807861328,1135100,0.0,0.0,0.0
2018-08-16 00:00:00-04:00,41.88729345156225,42.07722091971833,41.87937804606419,41.911033630371094,672700,0.0,0.0,0.0
2018-08-17 00:00:00-04:00,41.81606941986911,42.25923853858858,41.78441383592287,42.18801498413086,507600,0.0,0.0,0.0
2018-08-20 00:00:00-04:00,42.32254918054151,42.4096005320999,42.27506580182526,42.37794494628906,755300,0.0,0.0,0.0
2018-08-21 00:00:00-04:00,42.62326869421667,42.79737138706518,42.575785318300895,42.68657684326172,527100,0.0,0.0,0.0
2018-08-22 00:00:00-04:00,42.86067778934947,42.96355692355287,42.7973696428845,42.90816116333008,579400,0.0,0.0,0.0
2018-08-23 00:00:00-04:00,42.67074200854743,42.773621129963566,42.480814573916874,42.504554748535156,523000,0.0,0.0,0.0
2018-08-24 00:00:00-04:00,42.78946175598658,42.94773667822197,42.757806167770894,42.90025329589844,592200,0.0,0.0,0.0
2018-08-27 00:00:00-04:00,43.21680062357243,43.50169486323627,43.17723265002865,43.46212387084961,735000,0.0,0.0,0.0
2018-08-28 00:00:00-04:00,43.620387329747146,43.620387329747146,43.35132095392257,43.38297653198242,638900,0.0,0.0,0.0
2018-08-29 00:00:00-04:00,43.351334948302664,43.60457361684608,43.30385458472768,43.580833435058594,542300,0.0,0.0,0.0
2018-08-30 00:00:00-04:00,43.16931794035272,43.193061139936276,42.91607928297622,43.034786224365234,659000,0.0,0.0,0.0
2018-08-31 00:00:00-04:00,42.87650430650223,43.04269158223196,42.654921272195914,42.85276412963867,628000,0.0,0.0,0.0
2018-09-04 00:00:00-04:00,42.338382720947266,42.34629510905268,42.180107789249845,42.338382720947266,642700,0.0,0.0,0.0
2018-09-05 00:00:00-04:00,42.07722280917815,42.07722280917815,41.80815938701531,41.95060348510742,1119200,0.0,0.0,0.0
2018-09-06 00:00:00-04:00,41.93476800439416,42.02181631465802,41.66570163208593,41.86354446411133,1136900,0.0,0.0,0.0
2018-09-07 00:00:00-04:00,41.53118772925926,41.729030660335475,41.412483781919654,41.562843322753906,890100,0.0,0.0,0.0
2018-09-10 00:00:00-04:00,41.76858912394142,41.76858912394142,41.5786616439441,41.61031723022461,856700,0.0,0.0,0.0
2018-09-11 00:00:00-04:00,41.380826891896945,41.67363357543945,41.309603318187314,41.67363357543945,1195700,0.0,0.0,0.0
2018-09-12 00:00:00-04:00,41.705282220218756,41.942693086752534,41.59449068375919,41.83190155029297,980700,0.0,0.0,0.0
2018-09-13 00:00:00-04:00,42.298813541264245,42.33046913047322,42.06140265988323,42.20384979248047,699400,0.0,0.0,0.0
2018-09-14 00:00:00-04:00,42.25923401267443,42.330457559504204,42.06930354818095,42.1959228515625,892900,0.0,0.0,0.0
2018-09-17 00:00:00-04:00,42.2908839745527,42.39376309561393,42.13261211918727,42.16426467895508,1022200,0.0,0.0,0.0
2018-09-18 00:00:00-04:00,42.40169009830014,42.66284114616239,42.40169009830014,42.591617584228516,1233500,0.0,0.0,0.0
2018-09-19 00:00:00-04:00,42.710325247708475,42.884424942939866,42.70240984133618,42.836944580078125,477000,0.0,0.0,0.0
2018-09-20 00:00:00-04:00,43.185145663865896,43.31176499234911,43.07435412879844,43.28010940551758,719300,0.0,0.0,0.0
2018-09-21 00:00:00-04:00,43.28011269464659,43.367164055627434,43.20888912828436,43.303855895996094,615300,0.0,0.0,0.0
2018-09-24 00:00:00-04:00,43.22471370797615,43.28010947559958,43.034786224365234,43.034786224365234,430600,0.0,0.0,0.0
2018-09-25 00:00:00-04:00,43.36716075988284,43.375076166012185,43.232629044113196,43.28010940551758,565200,0.0,0.0,0.0
2018-09-26 00:00:00-04:00,43.26260915908092,43.604574868994646,43.26260915908092,43.302371978759766,698800,0.268,0.0,0.0
2018-09-27 00:00:00-04:00,43.22284246205841,43.421659590280775,43.21489111176131,43.25465393066406,403600,0.0,0.0,0.0
2018-09-28 00:00:00-04:00,42.90474096149167,43.11946384445764,42.85702375404071,42.94450378417969,808900,0.0,0.0,0.0
2018-10-01 00:00:00-04:00,43.135374278437666,43.18308845737659,42.9842712885731,43.016082763671875,755200,0.0,0.0,0.0
2018-10-02 00:00:00-04:00,42.67410976592011,42.81725834592035,42.594584125346074,42.75363540649414,963200,0.0,0.0,0.0
2018-10-03 00:00:00-04:00,42.864980690968416,42.872932042495876,42.55482337463387,42.59458923339844,542400,0.0,0.0,0.0
2018-10-04 00:00:00-04:00,42.355997664478274,42.355997664478274,41.823169242146555,42.006080627441406,724200,0.0,0.0,0.0
2018-10-05 00:00:00-04:00,41.95837762360592,41.99018910147515,41.57664899030363,41.78342056274414,879600,0.0,0.0,0.0
2018-10-08 00:00:00-04:00,41.457364849177246,41.6323219283981,41.27445338279964,41.62437057495117,754000,0.0,0.0,0.0
2018-10-09 00:00:00-04:00,41.234670658558045,41.55277927317584,41.13128793745956,41.481204986572266,821300,0.0,0.0,0.0
2018-10-10 00:00:00-04:00,41.3301088869954,41.35396597350097,40.42350319527745,40.47917175292969,1718400,0.0,0.0,0.0
2018-10-11 00:00:00-04:00,40.31215914155348,40.542787734464405,39.683899332659976,39.938385009765625,3341900,0.0,0.0,0.0
2018-10-12 00:00:00-04:00,40.45532055405389,40.47122629313481,39.9065862074551,40.312171936035156,1052200,0.0,0.0,0.0
2018-10-15 00:00:00-04:00,40.176972148811835,40.34397783550393,40.025872199001235,40.14516067504883,1116000,0.0,0.0,0.0
2018-10-16 00:00:00-04:00,40.65412867039383,40.94838022716691,40.59846011288733,40.916568756103516,1274200,0.0,0.0,0.0
2018-10-17 00:00:00-04:00,40.70184688812958,40.733658359983245,40.39964397293757,40.57460403442383,702900,0.0,0.0,0.0
2018-10-18 00:00:00-04:00,40.39964062769647,40.43940344736659,39.76342641184863,39.89862060546875,897100,0.0,0.0,0.0
2018-10-19 00:00:00-04:00,40.12925720214844,40.375791587156826,40.06563728474229,40.12925720214844,746200,0.0,0.0,0.0
2018-10-22 00:00:00-04:00,40.24854327561195,40.31216318441445,39.95429475076905,40.06563186645508,1199400,0.0,0.0,0.0
2018-10-23 00:00:00-04:00,39.36579932870509,39.77933940286993,39.07950212092103,39.644142150878906,1777300,0.0,0.0,0.0
2018-10-24 00:00:00-04:00,39.41352043932626,39.461234622869824,38.51486590017158,38.53872299194336,1732600,0.0,0.0,0.0
2018-10-25 00:00:00-04:00,38.84886201765529,39.21468780508169,38.72161918880951,39.031776428222656,1182700,0.0,0.0,0.0
2018-10-26 00:00:00-04:00,38.427376214248085,38.9363476024566,38.17289052014383,38.705718994140625,1598300,0.0,0.0,0.0
2018-10-29 00:00:00-04:00,39.11926176549954,39.143121886680014,38.1172246534801,38.48304748535156,1265600,0.0,0.0,0.0
2018-10-30 00:00:00-04:00,38.530769146310334,38.9522605867921,38.48305193214455,38.94430923461914,1199000,0.0,0.0,0.0
2018-10-31 00:00:00-04:00,39.24650654635049,39.421466619612865,39.190837983714125,39.27036666870117,1041400,0.0,0.0,0.0
2018-11-01 00:00:00-04:00,39.68391075477932,40.03382790308821,39.54076214099172,39.98611068725586,1610600,0.0,0.0,0.0
2018-11-02 00:00:00-04:00,40.431448765421926,40.52688013150853,39.906571701383,40.20877456665039,1663000,0.0,0.0,0.0
2018-11-05 00:00:00-05:00,40.176973013638644,40.28831014049662,40.04973014955679,40.21673583984375,783300,0.0,0.0,0.0
2018-11-06 00:00:00-05:00,40.13720499416335,40.343973483902076,40.13720499416335,40.3042106628418,1034800,0.0,0.0,0.0
2018-11-07 00:00:00-05:00,40.638218272132605,40.84498977661133,40.53483555360175,40.84498977661133,1419400,0.0,0.0,0.0
2018-11-08 00:00:00-05:00,40.67003665945207,40.749565341517226,40.24059087742728,40.38373947143555,644700,0.0,0.0,0.0
2018-11-09 00:00:00-05:00,39.97020492300221,40.057684968450666,39.739579297567424,39.96225357055664,901500,0.0,0.0,0.0
2018-11-12 00:00:00-05:00,39.76343168772156,39.76343168772156,39.29422307245808,39.32603454589844,1292700,0.0,0.0,0.0
2018-11-13 00:00:00-05:00,39.52485123037691,39.84295685983869,39.37374825020169,39.53280258178711,616000,0.0,0.0,0.0
2018-11-14 00:00:00-05:00,39.81115779310334,39.89863481404616,39.389663260114524,39.652103424072266,615000,0.0,0.0,0.0
2018-11-15 00:00:00-05:00,39.42145927168371,40.025865030091055,39.34988498539096,39.938385009765625,1267500,0.0,0.0,0.0
2018-11-16 00:00:00-05:00,39.6282307803999,40.01791064622043,39.58051357830188,39.938385009765625,819700,0.0,0.0,0.0
2018-11-19 00:00:00-05:00,39.86681938738061,39.890676476759985,39.47713640316511,39.59642791748047,841500,0.0,0.0,0.0
2018-11-20 00:00:00-05:00,39.02383006927327,39.15107292428348,38.721627150983146,38.7932014465332,1156300,0.0,0.0,0.0
2018-11-21 00:00:00-05:00,39.29422467638718,39.59642761898786,39.29422467638718,39.38965606689453,904500,0.0,0.0,0.0
2018-11-23 00:00:00-05:00,39.07950067901146,39.262412103078155,39.07950067901146,39.143123626708984,544000,0.0,0.0,0.0
2018-11-26 00:00:00-05:00,39.58845990248152,39.73160845689348,39.50893427612295,39.6600341796875,1481800,0.0,0.0,0.0
2018-11-27 00:00:00-05:00,39.45327622229327,39.57256469355215,39.30217324483943,39.564613342285156,901000,0.0,0.0,0.0
2018-11-28 00:00:00-05:00,39.63618937977605,40.2485466003418,39.469183692451516,40.2485466003418,1553900,0.0,0.0,0.0
2018-11-29 00:00:00-05:00,40.001995943366246,40.21671875410163,39.91451594265465,40.049713134765625,863600,0.0,0.0,0.0
2018-11-30 00:00:00-05:00,39.78727898970641,39.93838193452767,39.74751617454073,39.93042755126953,720400,0.0,0.0,0.0
2018-12-03 00:00:00-05:00,40.55074607638448,40.63822307153973,40.35988028307106,40.503028869628906,1584000,0.0,0.0,0.0
2018-12-04 00:00:00-05:00,40.34397925354089,40.383742080287696,39.46918493027424,39.51689910888672,874000,0.0,0.0,0.0
2018-12-06 00:00:00-05:00,38.785252185934645,39.19083786010742,38.40352360032817,39.19083786010742,2397300,0.0,0.0,0.0
2018-12-07 00:00:00-05:00,39.19879151531383,39.36579719958553,38.58643430594185,38.68186569213867,1333000,0.0,0.0,0.0
2018-12-10 00:00:00-05:00,38.45123352772781,38.51485646848501,37.92635640131609,38.34785079956055,2412700,0.0,0.0,0.0
2018-12-11 00:00:00-05:00,38.72162131481901,38.76138716590468,38.228555705183425,38.47509002685547,1693000,0.0,0.0,0.0
2018-12-12 00:00:00-05:00,39.03974308962072,39.31013458618223,39.03974308962072,39.079505920410156,2313900,0.0,0.0,0.0
2018-12-13 00:00:00-05:00,39.07154762250935,39.22264756613401,38.96021050260603,39.02383041381836,1736600,0.0,0.0,0.0
2018-12-14 00:00:00-05:00,38.5387160452577,38.69777037372194,38.46714174913424,38.48304748535156,1853000,0.0,0.0,0.0
2018-12-17 00:00:00-05:00,38.443283411757726,38.52280905654974,37.98202617757917,38.156986236572266,2370200,0.0,0.0,0.0
2018-12-18 00:00:00-05:00,38.3001318430349,38.44328041948551,38.101314712821114,38.2047004699707,2402100,0.0,0.0,0.0
2018-12-19 00:00:00-05:00,38.34785687082375,38.62619969643197,37.6003023671172,37.767311096191406,2448400,0.0,0.0,0.0
2018-12-20 00:00:00-05:00,37.88659873976374,38.005890253074746,37.52077588171683,37.7195930480957,4041900,0.0,0.0,0.0
2018-12-21 00:00:00-05:00,37.52871408190552,37.72753117861055,37.05155426329672,37.139034271240234,3760000,0.0,0.0,0.0
2018-12-24 00:00:00-05:00,37.007225278392944,37.2322899546975,36.7339311430476,36.75000762939453,3747000,0.496,0.0,0.0
2018-12-26 00:00:00-05:00,36.9107580511877,37.65026092529297,36.64550375186636,37.65026092529297,4487700,0.0,0.0,0.0
2018-12-27 00:00:00-05:00,37.039374509808134,37.658302307128906,36.93487889224611,37.658302307128906,6617400,0.0,0.0,0.0
2018-12-28 00:00:00-05:00,37.95571344615861,38.036092805130956,37.738685497402095,37.86729431152344,4606800,0.0,0.0,0.0
2018-12-31 00:00:00-05:00,38.156666652326855,38.172743138110675,37.7628004163137,37.95571517944336,5747600,0.0,0.0,0.0
2019-01-02 00:00:00-05:00,37.45735781646257,37.89141378591412,37.393054931882624,37.88337707519531,1346800,0.0,0.0,0.0
2019-01-03 00:00:00-05:00,37.738685574097246,37.738685574097246,37.36893561603145,37.45735168457031,1104200,0.0,0.0,0.0
2019-01-04 00:00:00-05:00,38.06824706243032,38.75148083562537,38.0360940912438,38.67913818359375,980000,0.0,0.0,0.0
2019-01-07 00:00:00-05:00,38.65501641868669,38.95242367053783,38.55856059278708,38.79970169067383,1042600,0.0,0.0,0.0
2019-01-08 00:00:00-05:00,39.113196216337926,39.14534918926765,38.8881315383824,39.0810432434082,1177200,0.0,0.0,0.0
2019-01-09 00:00:00-05:00,39.402552771262606,39.6919232917563,39.36236310258852,39.6035041809082,970200,0.0,0.0,0.0
2019-01-10 00:00:00-05:00,39.35433458917803,39.740161038137494,39.35433458917803,39.73212432861328,1465300,0.0,0.0,0.0
2019-01-11 00:00:00-05:00,39.45079753876739,39.571366591626735,39.35433861694827,39.474910736083984,1029900,0.0,0.0,0.0
2019-01-14 00:00:00-05:00,39.19355976345743,39.418627416849574,39.145333389803774,39.306095123291016,1063500,0.0,0.0,0.0
2019-01-15 00:00:00-05:00,39.434724972020064,39.61959999113733,39.346305818034274,39.555294036865234,1519200,0.0,0.0,0.0
2019-01-16 00:00:00-05:00,39.635666024278365,39.796424734998986,39.61154976464958,39.71604537963867,1050300,0.0,0.0,0.0
2019-01-17 00:00:00-05:00,39.5070568790453,39.989339139646276,39.466864135432026,39.89288330078125,633100,0.0,0.0,0.0
2019-01-18 00:00:00-05:00,40.17420775943391,40.28674006470489,40.08578864349947,40.21439743041992,758600,0.0,0.0,0.0
2019-01-22 00:00:00-05:00,39.812492297778554,39.83660855200314,39.4909718821107,39.6035041809082,1519000,0.0,0.0,0.0
2019-01-23 00:00:00-05:00,39.91699290777313,39.95718258149992,39.61958564266422,39.84465026855469,940700,0.0,0.0,0.0
2019-01-24 00:00:00-05:00,39.876805601516345,40.04560408095569,39.820539441703225,39.98933792114258,645300,0.0,0.0,0.0
2019-01-25 00:00:00-05:00,40.33498259114075,40.50378110379214,40.32694281457087,40.43143844604492,660900,0.0,0.0,0.0
2019-01-28 00:00:00-05:00,40.06167545416293,40.21439743041992,39.997369527565034,40.21439743041992,837800,0.0,0.0,0.0
2019-01-29 00:00:00-05:00,40.38320749522987,40.45555014481455,40.26263539049673,40.2947883605957,904900,0.0,0.0,0.0
2019-01-30 00:00:00-05:00,40.495734491471694,40.92175055721557,40.35104921135574,40.77706527709961,760500,0.0,0.0,0.0
2019-01-31 00:00:00-05:00,40.75295002177067,40.937824966716214,40.696683867494876,40.865482330322266,1137800,0.0,0.0,0.0
2019-02-01 00:00:00-05:00,40.865476268054095,40.90566593424973,40.70471453699657,40.801170349121094,1289700,0.0,0.0,0.0
2019-02-04 00:00:00-05:00,40.73688041766977,40.93783187866211,40.66453776906149,40.93783187866211,1000500,0.0,0.0,0.0
2019-02-05 00:00:00-05:00,41.162896699597134,41.29954528808594,41.130743729802596,41.29954528808594,1841800,0.0,0.0,0.0
2019-02-06 00:00:00-05:00,41.187012061342635,41.2030854796132,40.929791374875094,41.01017379760742,1366600,0.0,0.0,0.0
2019-02-07 00:00:00-05:00,40.66453721613196,40.73687986375657,40.31890046262279,40.471622467041016,1506100,0.0,0.0,0.0
2019-02-08 00:00:00-05:00,40.2385255111155,40.318904876708984,40.03757403085553,40.318904876708984,786400,0.0,0.0,0.0
2019-02-11 00:00:00-05:00,40.35909061252673,40.36713038806557,40.17421563672084,40.238521575927734,1109000,0.0,0.0,0.0
2019-02-12 00:00:00-05:00,40.62434965666514,40.71276879351552,40.56808349071964,40.6645393371582,1564000,0.0,0.0,0.0
2019-02-13 00:00:00-05:00,40.785106992187366,40.84137315198999,40.592192254095686,40.60826873779297,1303700,0.0,0.0,0.0
2019-02-14 00:00:00-05:00,40.552005038877574,40.76903298254759,40.455549197116206,40.62434768676758,704500,0.0,0.0,0.0
2019-02-15 00:00:00-05:00,40.91372126927392,41.042330089782844,40.83333884003326,41.0342903137207,841100,0.0,0.0,0.0
2019-02-19 00:00:00-05:00,40.969989037608244,41.3236625412594,40.93783606465552,41.251319885253906,1776200,0.0,0.0,0.0
2019-02-20 00:00:00-05:00,41.34777783162838,41.596958785215755,41.34777783162838,41.444236755371094,1552600,0.0,0.0,0.0
2019-02-21 00:00:00-05:00,41.379919472939925,41.40403266413319,41.21915771034179,41.315616607666016,912400,0.0,0.0,0.0
2019-02-22 00:00:00-05:00,41.540692484502806,41.64518811842971,41.47638653553966,41.572845458984375,919900,0.0,0.0,0.0
2019-02-25 00:00:00-05:00,41.80594352416814,41.902402439920046,41.72556416065106,41.75771713256836,660500,0.0,0.0,0.0
2019-02-26 00:00:00-05:00,41.757719469706664,41.982784153172084,41.725566495989796,41.90240478515625,701500,0.0,0.0,0.0
2019-02-27 00:00:00-05:00,41.79790619594911,41.81398268166992,41.60499143357554,41.70145034790039,602500,0.0,0.0,0.0
2019-02-28 00:00:00-05:00,41.629097440367815,41.63713414811039,41.48441217079849,41.53263854980469,1276500,0.0,0.0,0.0
2019-03-01 00:00:00-05:00,41.7335958111749,41.797901747213764,41.54872084447686,41.645179748535156,996900,0.0,0.0,0.0
2019-03-04 00:00:00-05:00,41.7898652739342,41.7898652739342,41.37188588615264,41.59695053100586,668400,0.0,0.0,0.0
2019-03-05 00:00:00-05:00,41.637128906793535,41.77377745141885,41.55674957438452,41.67731857299805,719900,0.0,0.0,0.0
2019-03-06 00:00:00-05:00,41.74967573784294,41.74967573784294,41.52461107569978,41.540687561035156,462800,0.0,0.0,0.0
2019-03-07 00:00:00-05:00,41.404041287915625,41.404041287915625,40.94587216216096,40.98606491088867,887300,0.0,0.0,0.0
2019-03-08 00:00:00-05:00,40.67258010515015,40.897647857666016,40.64846690770346,40.897647857666016,1015000,0.0,0.0,0.0
2019-03-11 00:00:00-04:00,41.042320221961596,41.37991714477539,41.002127483866744,41.37991714477539,678300,0.0,0.0,0.0
2019-03-12 00:00:00-04:00,41.38797058299272,41.46031324266155,41.35581760841182,41.444236755371094,644100,0.0,0.0,0.0
2019-03-13 00:00:00-04:00,41.52461207124763,41.7175268336212,41.51657536152529,41.70145034790039,913300,0.0,0.0,0.0
2019-03-14 00:00:00-04:00,41.621073322982994,41.66930278640707,41.54069395021938,41.637149810791016,947200,0.0,0.0,0.0
2019-03-15 00:00:00-04:00,41.902405765950576,42.0792409929798,41.84613959376722,42.063167572021484,1015800,0.0,0.0,0.0
2019-03-18 00:00:00-04:00,42.15961691908156,42.30430221557617,42.12746394957699,42.30430221557617,1273800,0.0,0.0,0.0
2019-03-19 00:00:00-04:00,42.48917151373514,42.521324478943676,42.26410688982646,42.344486236572266,1199200,0.0,0.0,0.0
2019-03-20 00:00:00-04:00,42.21587829821658,42.585628206787234,42.01492686100093,42.35252380371094,803400,0.0,0.0,0.0
2019-03-21 00:00:00-04:00,42.12746456733171,42.36056900024414,42.10335137298765,42.36056900024414,845200,0.0,0.0,0.0
2019-03-22 00:00:00-04:00,41.886322580209075,41.92651225873052,41.452266693115234,41.452266693115234,1017100,0.0,0.0,0.0
2019-03-25 00:00:00-04:00,41.37647269193378,41.570007378946116,41.32002481854031,41.4893684387207,960400,0.166,0.0,0.0
2019-03-26 00:00:00-04:00,41.811920207110234,41.83611434603033,41.59419449007449,41.73128128051758,632200,0.0,0.0,0.0
2019-03-27 00:00:00-04:00,41.7796661032104,41.811919827848186,41.40871904618648,41.602256774902344,1044000,0.0,0.0,0.0
2019-03-28 00:00:00-04:00,41.618394550424256,41.64258561839642,41.449050922262046,41.62645721435547,957900,0.0,0.0,0.0
2019-03-29 00:00:00-04:00,41.908689378304125,41.908689378304125,41.674832191411895,41.85224151611328,3550500,0.0,0.0,0.0
2019-04-01 00:00:00-04:00,42.22318115006948,42.41671577878312,42.215115412769556,42.39252471923828,1396400,0.0,0.0,0.0
2019-04-02 00:00:00-04:00,42.4167214834417,42.44091562241789,42.24737789149774,42.4328498840332,1696400,0.0,0.0,0.0
2019-04-03 00:00:00-04:00,42.68283857821785,42.86024792142853,42.62639071013774,42.69896697998047,1642000,0.0,0.0,0.0
2019-04-04 00:00:00-04:00,42.6183230457152,42.73928451538086,42.586069319825256,42.73928451538086,1092600,0.0,0.0,0.0
2019-04-05 00:00:00-04:00,42.731222086807364,42.86024621960713,42.690899545912835,42.85218048095703,1435800,0.0,0.0,0.0
2019-04-08 00:00:00-04:00,42.81992969715917,42.87637757093183,42.70703394961385,42.84412384033203,1038600,0.0,0.0,0.0
2019-04-09 00:00:00-04:00,42.77960752257405,42.77960752257405,42.642520716699856,42.70703125,903500,0.0,0.0,0.0
2019-04-10 00:00:00-04:00,42.78766600349753,42.88443332512158,42.70702400532941,42.8360481262207,633000,0.0,0.0,0.0
2019-04-11 00:00:00-04:00,42.7876654771778,42.7876654771778,42.61831882119669,42.690895080566406,603500,0.0,0.0,0.0
2019-04-12 00:00:00-04:00,42.97314641244542,43.02959428414421,42.92476120405577,43.013465881347656,943000,0.0,0.0,0.0
2019-04-15 00:00:00-04:00,43.04570933914879,43.04570933914879,42.88442843737222,42.9731330871582,1518400,0.0,0.0,0.0
2019-04-16 00:00:00-04:00,43.16667602787581,43.17474176641669,43.094099761897574,43.134422302246094,967200,0.0,0.0,0.0
2019-04-17 00:00:00-04:00,43.327960466062905,43.327960466062905,43.11023165051346,43.18280792236328,865700,0.0,0.0,0.0
2019-04-18 00:00:00-04:00,43.16667161214459,43.206994148368324,43.02958483275228,43.150543212890625,695500,0.0,0.0,0.0
2019-04-22 00:00:00-04:00,43.037651340699014,43.08603654278526,42.98926921479067,43.069908142089844,763300,0.0,0.0,0.0
2019-04-23 00:00:00-04:00,43.01345511154387,43.17473602294922,42.973135652736914,43.17473602294922,1096500,0.0,0.0,0.0
2019-04-24 00:00:00-04:00,42.90056337481194,42.93282017531986,42.67476884743431,42.76347351074219,1056700,0.0,0.0,0.0
2019-04-25 00:00:00-04:00,42.62638455900313,42.715089217808085,42.529617238569394,42.690895080566406,942000,0.0,0.0,0.0
2019-04-26 00:00:00-04:00,42.81186157055052,42.91669464111328,42.74734796522636,42.91669464111328,710400,0.0,0.0,0.0
2019-04-29 00:00:00-04:00,42.924759001035284,43.02959207574339,42.88443953420236,43.02152633666992,1228500,0.0,0.0,0.0
2019-04-30 00:00:00-04:00,42.965080672958,43.05378535024989,42.81186546065821,43.013465881347656,1284500,0.0,0.0,0.0
2019-05-01 00:00:00-04:00,43.10217011101623,43.20700319001595,42.73122607908275,42.78767395019531,1092600,0.0,0.0,0.0
2019-05-02 00:00:00-04:00,42.85218393323332,42.860249672533214,42.5941356468448,42.72315979003906,938200,0.0,0.0,0.0
2019-05-03 00:00:00-04:00,42.9086257098429,43.16667395958405,42.90056304786627,43.15861129760742,750500,0.0,0.0,0.0
2019-05-06 00:00:00-04:00,42.1748003686057,42.65864314338129,42.1425435683851,42.63444900512695,1169100,0.0,0.0,0.0
2019-05-07 00:00:00-04:00,42.255444334303164,42.255444334303164,41.74741047382422,41.90869140625,1761900,0.0,0.0,0.0
2019-05-08 00:00:00-04:00,41.91675595317664,42.10222795714288,41.83611702142717,41.949012756347656,1353200,0.0,0.0,0.0
2019-05-09 00:00:00-04:00,41.392587731973926,41.68288966877095,41.190987370316954,41.610313415527344,1199700,0.0,0.0,0.0
2019-05-10 00:00:00-04:00,41.68289846909167,41.949012479227456,41.33614552773912,41.91675567626953,1293800,0.0,0.0,0.0
2019-05-13 00:00:00-04:00,41.04583658669283,41.08615604548112,40.74746582406894,40.86842727661133,1761000,0.0,0.0,0.0
2019-05-14 00:00:00-04:00,41.199054680224386,41.38452666473643,41.118415756933146,41.279693603515625,1184000,0.0,0.0,0.0
2019-05-15 00:00:00-04:00,41.0055286692529,41.449052102562526,40.94908079159142,41.408729553222656,1005900,0.0,0.0,0.0
2019-05-16 00:00:00-04:00,41.513552110748314,41.7796661032104,41.497423710340506,41.602256774902344,817600,0.0,0.0,0.0
2019-05-17 00:00:00-04:00,41.22324780675103,41.449042340395955,41.19099408152567,41.2555046081543,833000,0.0,0.0,0.0
2019-05-20 00:00:00-04:00,41.07809843521642,41.22325097651435,40.96520269780206,41.0942268371582,1290000,0.0,0.0,0.0
2019-05-21 00:00:00-04:00,41.287761645938545,41.384528974524436,41.18292857886671,41.36840057373047,991200,0.0,0.0,0.0
2019-05-22 00:00:00-04:00,41.22324987394874,41.303891881500796,41.174867745595556,41.23131561279297,892500,0.0,0.0,0.0
2019-05-23 00:00:00-04:00,40.74747522068589,40.86037096179856,40.634579479573226,40.811988830566406,1283000,0.0,0.0,0.0
2019-05-24 00:00:00-04:00,41.18292810601115,41.18292810601115,40.99745611327695,41.142608642578125,936900,0.0,0.0,0.0
2019-05-28 00:00:00-04:00,41.20711071945559,41.255495911360725,40.86035786791194,40.884552001953125,1108300,0.0,0.0,0.0
2019-05-29 00:00:00-04:00,40.69102680061612,40.75554040962541,40.53781159348635,40.747474670410156,1339300,0.0,0.0,0.0
2019-05-30 00:00:00-04:00,40.795852766201314,40.9329395471837,40.77972436676027,40.89262008666992,830600,0.0,0.0,0.0
2019-05-31 00:00:00-04:00,40.48942657321013,40.71522112960438,40.42491604008192,40.68296432495117,1010400,0.0,0.0,0.0
2019-06-03 00:00:00-04:00,40.90874274969249,41.03776685095081,40.7877843851125,40.93293380737305,1973000,0.0,0.0,0.0
2019-06-04 00:00:00-04:00,41.102289374160115,41.336143493652344,41.01358470847987,41.336143493652344,1162400,0.0,0.0,0.0
2019-06-05 00:00:00-04:00,41.46517136040264,41.48936550170028,41.158740948295495,41.2393798828125,1261500,0.0,0.0,0.0
2019-06-06 00:00:00-04:00,41.352271894337655,41.43291389776419,41.21518510277938,41.336143493652344,951300,0.0,0.0,0.0
2019-06-07 00:00:00-04:00,41.731269817481625,41.96512694701184,41.66675623298625,41.81190872192383,1040600,0.0,0.0,0.0
2019-06-10 00:00:00-04:00,42.01352738125953,42.1183604636936,41.92482577816125,41.98127365112305,1073000,0.0,0.0,0.0
2019-06-11 00:00:00-04:00,42.38447535406886,42.41672908485412,42.19093758846522,42.25545120239258,1066500,0.0,0.0,0.0
2019-06-12 00:00:00-04:00,42.0296549602809,42.08610283213584,41.8683740080475,41.88450241088867,1054400,0.0,0.0,0.0
2019-06-13 00:00:00-04:00,42.03771728817922,42.04577995085632,41.868370610179575,41.932884216308594,1081600,0.0,0.0,0.0
2019-06-14 00:00:00-04:00,41.73127928878307,41.73127928878307,41.57806410509848,41.59419250488281,1033000,0.0,0.0,0.0
2019-06-17 00:00:00-04:00,41.65869728383806,41.74740193233222,41.61031209115652,41.63450622558594,845100,0.0,0.0,0.0
2019-06-18 00:00:00-04:00,42.01351493631761,42.3360767515624,42.01351493631761,42.29575729370117,1401200,0.0,0.0,0.0
2019-06-19 00:00:00-04:00,42.40865553616401,42.66670377328329,42.344141938795374,42.577999114990234,1052500,0.0,0.0,0.0
2019-06-20 00:00:00-04:00,43.11829909896153,43.150552828479206,42.860250805750255,43.02959442138672,1673700,0.0,0.0,0.0
2019-06-21 00:00:00-04:00,42.79384708319525,42.94884013628091,42.79384708319525,42.859107971191406,1959900,0.611,0.0,0.0
2019-06-24 00:00:00-04:00,42.89173484524274,42.97330783663806,42.867260458376016,42.8998908996582,1137200,0.0,0.0,0.0
2019-06-25 00:00:00-04:00,42.908044259894275,42.908044259894275,42.57359003727744,42.59806442260742,1890300,0.0,0.0,0.0
2019-06-26 00:00:00-04:00,42.785678364346644,42.842780068537046,42.71226144298621,42.72857666015625,2071300,0.0,0.0,0.0
2019-06-27 00:00:00-04:00,42.875411514535806,42.89988278496352,42.793835426760786,42.867252349853516,1533700,0.0,0.0,0.0
2019-06-28 00:00:00-04:00,43.03040313720703,43.07118962682349,42.95698621117353,43.03040313720703,1726900,0.0,0.0,0.0
2019-07-01 00:00:00-04:00,43.519846112031075,43.52800527682942,43.185391926920154,43.28328323364258,1954100,0.0,0.0,0.0
2019-07-02 00:00:00-04:00,43.39749170492508,43.43827819824219,43.332230826169734,43.43827819824219,1575000,0.0,0.0,0.0
2019-07-03 00:00:00-04:00,43.5280153883438,43.6014323295355,43.48722889030627,43.5932731628418,893900,0.0,0.0,0.0
2019-07-05 00:00:00-04:00,43.27512408101824,43.31591056959259,43.03855809075358,43.30775451660156,1183100,0.0,0.0,0.0
2019-07-08 00:00:00-04:00,43.0548741780821,43.09566377928984,42.99777247056287,43.03855895996094,1267200,0.0,0.0,0.0
2019-07-09 00:00:00-04:00,42.76120926769648,42.89988707487676,42.736737994821674,42.87541580200195,1940300,0.0,0.0,0.0
2019-07-10 00:00:00-04:00,43.12013171625254,43.21801990560052,43.00592831004498,43.07118606567383,1153300,0.0,0.0,0.0
2019-07-11 00:00:00-04:00,43.20170923105009,43.21802444962508,42.98961761319484,43.095664978027344,1087500,0.0,0.0,0.0
2019-07-12 00:00:00-04:00,43.128292083740234,43.136451248891056,43.01408866610669,43.128292083740234,1081900,0.0,0.0,0.0
2019-07-15 00:00:00-04:00,43.20171356201172,43.23434400243288,43.144611847179725,43.20171356201172,1351800,0.0,0.0,0.0
2019-07-16 00:00:00-04:00,43.160922256158806,43.20986791133448,43.014088402441516,43.06303405761719,1856200,0.0,0.0,0.0
2019-07-17 00:00:00-04:00,43.12013838012223,43.12013838012223,42.956989298122586,42.98146057128906,1199900,0.0,0.0,0.0
2019-07-18 00:00:00-04:00,42.85909140413122,43.1201286315918,42.78567448941986,43.1201286315918,1291900,0.0,0.0,0.0
2019-07-19 00:00:00-04:00,43.15276881888414,43.16092487266966,42.97330451750354,42.98146057128906,1441200,0.0,0.0,0.0
2019-07-22 00:00:00-04:00,43.07119368582347,43.07119368582347,42.965146313379094,43.046722412109375,858500,0.0,0.0,0.0
2019-07-23 00:00:00-04:00,43.20986177012509,43.24248909046198,43.12828568975965,43.23433303833008,1131000,0.0,0.0,0.0
2019-07-24 00:00:00-04:00,43.13644485370084,43.23433303833008,43.11197047368656,43.23433303833008,1253400,0.0,0.0,0.0
2019-07-25 00:00:00-04:00,43.16907560600777,43.16907560600777,42.77751972455257,42.83462142944336,1501100,0.0,0.0,0.0
2019-07-26 00:00:00-04:00,42.973304738868705,43.005935177798705,42.89988780718117,42.94883346557617,1769600,0.0,0.0,0.0
2019-07-29 00:00:00-04:00,43.03041362922503,43.03041362922503,42.875423686167736,42.965152740478516,1040200,0.0,0.0,0.0
2019-07-30 00:00:00-04:00,42.549124956745494,42.557281011835954,42.41860629262522,42.500179290771484,1903000,0.0,0.0,0.0
2019-07-31 00:00:00-04:00,42.540970070826766,42.581756571020854,41.85574628741041,42.173885345458984,2283600,0.0,0.0,0.0
2019-08-01 00:00:00-04:00,42.22281706771442,42.55727126239067,41.7660034038501,41.8638916015625,2719400,0.0,0.0,0.0
2019-08-02 00:00:00-04:00,41.74969647726951,41.77416775360529,41.3907709398334,41.553916931152344,2370800,0.0,0.0,0.0
2019-08-05 00:00:00-04:00,40.81974761876337,40.81974761876337,40.21609691532977,40.4200325012207,2919900,0.0,0.0,0.0
2019-08-06 00:00:00-04:00,40.84421106604098,40.884997553040954,40.485285623907856,40.762638092041016,2822100,0.0,0.0,0.0
2019-08-07 00:00:00-04:00,40.50975814805875,40.96657490730773,40.38739557146057,40.942100524902344,2579000,0.0,0.0,0.0
2019-08-08 00:00:00-04:00,41.13787733875378,41.43154501396494,41.06446041995099,41.41522979736328,1495800,0.0,0.0,0.0
2019-08-09 00:00:00-04:00,41.21130273208581,41.26024839195579,40.958421490472624,41.09709930419922,1917100,0.0,0.0,0.0
2019-08-12 00:00:00-04:00,40.852373083876735,40.92578689851862,40.63212230452194,40.69738006591797,1574200,0.0,0.0,0.0
2019-08-13 00:00:00-04:00,40.56685428154602,41.22760650315505,40.52606779888577,41.14603042602539,1733700,0.0,0.0,0.0
2019-08-14 00:00:00-04:00,40.330300261840726,40.3792459226046,39.9713747516692,39.98768997192383,2495900,0.0,0.0,0.0
2019-08-15 00:00:00-04:00,40.19161937588159,40.21609064659478,39.94689733332085,40.134517669677734,1961200,0.0,0.0,0.0
2019-08-16 00:00:00-04:00,40.42002708587789,40.67290829875408,40.395555814628786,40.64027786254883,1732100,0.0,0.0,0.0
2019-08-19 00:00:00-04:00,40.97473043629767,40.99920170658056,40.8115813735228,40.836055755615234,1686800,0.0,0.0,0.0
2019-08-20 00:00:00-04:00,40.81974314328585,40.88500090547483,40.68922450709812,40.75448226928711,1303800,0.0,0.0,0.0
2019-08-21 00:00:00-04:00,41.18681949793469,41.18681949793469,41.0318265092594,41.064456939697266,1739000,0.0,0.0,0.0
2019-08-22 00:00:00-04:00,41.04814810238344,41.04814810238344,40.74632435345978,40.90947341918945,1359800,0.0,0.0,0.0
2019-08-23 00:00:00-04:00,40.76263023127251,41.072609962142685,40.34660005339634,40.354759216308594,2127600,0.0,0.0,0.0
2019-08-26 00:00:00-04:00,40.76264427803205,40.76264427803205,40.550549534550235,40.66475296020508,2226200,0.0,0.0,0.0
2019-08-27 00:00:00-04:00,40.82789412584934,40.90131104407474,40.623958587646484,40.623958587646484,2403800,0.0,0.0,0.0
2019-08-28 00:00:00-04:00,40.5342428610505,40.77896809540523,40.45266985747267,40.70555114746094,1422200,0.0,0.0,0.0
2019-08-29 00:00:00-04:00,41.02366662834497,41.09708353407276,40.87683281688939,41.039981842041016,1460200,0.0,0.0,0.0
2019-08-30 00:00:00-04:00,41.32549640006553,41.34996766831609,41.06445916602859,41.26023864746094,2049700,0.0,0.0,0.0
2019-09-03 00:00:00-04:00,40.982895876312625,41.09709930419922,40.91763499648598,41.09709930419922,1268400,0.0,0.0,0.0
2019-09-04 00:00:00-04:00,41.545758754586004,41.717063903808594,41.52128747949996,41.717063903808594,1201200,0.0,0.0,0.0
2019-09-05 00:00:00-04:00,42.01889061927273,42.15756844859719,42.00257850929138,42.03520584106445,1294200,0.0,0.0,0.0
2019-09-06 00:00:00-04:00,42.157562024865385,42.222819790278294,42.09230114764257,42.16571807861328,1177500,0.0,0.0,0.0
2019-09-09 00:00:00-04:00,42.25544713390317,42.27992151697405,42.14939977208846,42.21466064453125,1318200,0.0,0.0,0.0
2019-09-10 00:00:00-04:00,42.17387489114725,42.34518001658458,42.067827527481874,42.28807830810547,1415300,0.0,0.0,0.0
2019-09-11 00:00:00-04:00,42.4104395310376,42.549114215239975,42.37780909529247,42.52464294433594,1355900,0.0,0.0,0.0
2019-09-12 00:00:00-04:00,42.62252955972006,42.85093637784956,42.540956585190806,42.76936340332031,1468500,0.0,0.0,0.0
2019-09-13 00:00:00-04:00,42.98146105257193,43.12829491683478,42.95698977913144,43.01409149169922,1447900,0.0,0.0,0.0
2019-09-16 00:00:00-04:00,42.753051251863205,42.80199690717634,42.655163053046664,42.671478271484375,1277700,0.0,0.0,0.0
2019-09-17 00:00:00-04:00,42.52464185064929,42.83462164682683,42.50832663319633,42.80199432373047,1168600,0.0,0.0,0.0
2019-09-18 00:00:00-04:00,42.72858381795618,42.78568553171213,42.451231303222976,42.72042465209961,1458200,0.0,0.0,0.0
2019-09-19 00:00:00-04:00,42.90804215162064,42.97330302688075,42.777523512910236,42.785682678222656,1234400,0.0,0.0,0.0
2019-09-20 00:00:00-04:00,42.92436094805912,42.956991388408824,42.671482814874054,42.74489974975586,1406300,0.0,0.0,0.0
2019-09-23 00:00:00-04:00,42.565449933897106,42.71228385366015,42.508348199746045,42.69596862792969,822900,0.0,0.0,0.0
2019-09-24 00:00:00-04:00,42.777994594229185,42.777994594229185,42.44161232607534,42.466224670410156,1970900,0.3,0.0,0.0
2019-09-25 00:00:00-04:00,42.269328640735345,42.46623369676432,42.121648283838894,42.43341827392578,1698600,0.0,0.0,0.0
2019-09-26 00:00:00-04:00,42.556469494923675,42.564675695311976,42.4005861147787,42.47442626953125,2111100,0.0,0.0,0.0
2019-09-27 00:00:00-04:00,42.49083340779533,42.55646735886518,42.138041922768586,42.22008514404297,2244800,0.0,0.0,0.0
2019-09-30 00:00:00-04:00,42.31854039642604,42.44981142716987,42.28572185630302,42.38417434692383,1563100,0.0,0.0,0.0
2019-10-01 00:00:00-04:00,42.31034324154442,42.31034324154442,41.95755168417348,41.998573303222656,2402500,0.0,0.0,0.0
2019-10-02 00:00:00-04:00,41.59655168990126,41.59655168990126,41.19453236367313,41.34221267700195,1946600,0.0,0.0,0.0
2019-10-03 00:00:00-04:00,41.358621971267965,41.66218566894531,41.21914785846299,41.66218566894531,1838700,0.0,0.0,0.0
2019-10-04 00:00:00-04:00,41.67859333272488,41.96575087761203,41.62116244969713,41.94113540649414,1045500,0.0,0.0,0.0
2019-10-07 00:00:00-04:00,41.859093329670586,42.014976712198276,41.80166244506836,41.80166244506836,1164400,0.0,0.0,0.0
2019-10-08 00:00:00-04:00,41.58834189853733,41.66218204882634,41.42425545767131,41.44886779785156,1762600,0.0,0.0,0.0
2019-10-09 00:00:00-04:00,41.736032212948885,41.84269092890129,41.66219204494322,41.77705383300781,1151900,0.0,0.0,0.0
2019-10-10 00:00:00-04:00,41.81807623017652,42.12984302888391,41.768848411025914,42.08882141113281,1809400,0.0,0.0,0.0
2019-10-11 00:00:00-04:00,42.6631403405342,42.98311339232831,42.6631403405342,42.761592864990234,1815000,0.0,0.0,0.0
2019-10-14 00:00:00-04:00,42.58930206298828,42.67955151849101,42.52366808700868,42.58930206298828,913100,0.0,0.0,0.0
2019-10-15 00:00:00-04:00,42.73697272475446,43.17180749742893,42.72876965327421,43.03233337402344,1364400,0.0,0.0,0.0
2019-10-16 00:00:00-04:00,43.01593419326648,43.17181762595297,42.950297087030386,43.12259292602539,1465200,0.0,0.0,0.0
2019-10-17 00:00:00-04:00,43.34410836620831,43.36051451108793,43.13079092578387,43.237449645996094,1373100,0.0,0.0,0.0
2019-10-18 00:00:00-04:00,43.19642025187723,43.23744186619341,43.015921393187796,43.1553955078125,892100,0.0,0.0,0.0
2019-10-21 00:00:00-04:00,43.44255370517173,43.45075677625595,43.36871354641937,43.417938232421875,978100,0.0,0.0,0.0
2019-10-22 00:00:00-04:00,43.483585148813965,43.582037672821095,43.35231407355469,43.37692642211914,1532300,0.0,0.0,0.0
2019-10-23 00:00:00-04:00,43.40153534106438,43.541009468183006,43.3605105933247,43.532806396484375,1543200,0.0,0.0,0.0
2019-10-24 00:00:00-04:00,43.70510764930384,43.70510764930384,43.5246087390132,43.60665512084961,1139700,0.0,0.0,0.0
2019-10-25 00:00:00-04:00,43.499994366311356,43.71330868966664,43.499994366311356,43.6968994140625,1094700,0.0,0.0,0.0
2019-10-28 00:00:00-04:00,43.78714159173304,43.92661884632571,43.78714159173304,43.885597229003906,1720400,0.0,0.0,0.0
2019-10-29 00:00:00-04:00,43.664072009178184,43.836364661112746,43.65586580875362,43.81175231933594,1002200,0.0,0.0,0.0
2019-10-30 00:00:00-04:00,43.770730315247974,43.9758415222168,43.565619108279144,43.9758415222168,1648500,0.0,0.0,0.0
2019-10-31 00:00:00-04:00,43.87739017731779,43.87739017731779,43.63946041981427,43.836368560791016,1273600,0.0,0.0,0.0
2019-11-01 00:00:00-04:00,44.13172943686373,44.26300048828125,44.09891089157216,44.26300048828125,1499200,0.0,0.0,0.0
2019-11-04 00:00:00-05:00,44.59118560549054,44.64041343342282,44.47632380339792,44.5173454284668,1988100,0.0,0.0,0.0
2019-11-05 00:00:00-05:00,44.607584351449574,44.623993623553446,44.45990403226335,44.5911750793457,1534300,0.0,0.0,0.0
2019-11-06 00:00:00-05:00,44.56657325639908,44.60759488146797,44.43530217832903,44.5173454284668,1662700,0.0,0.0,0.0
2019-11-07 00:00:00-05:00,44.779878028508314,44.80449037062725,44.67321932974543,44.68962860107422,1718600,0.0,0.0,0.0
2019-11-08 00:00:00-05:00,44.50914093495183,44.58298110961914,44.37786986107098,44.58298110961914,1470600,0.0,0.0,0.0
2019-11-11 00:00:00-05:00,44.28761097242205,44.45990363334386,44.172749198474186,44.4352912902832,1332900,0.0,0.0,0.0
2019-11-12 00:00:00-05:00,44.44350878647373,44.51734896937071,44.345056252527634,44.386077880859375,1051600,0.0,0.0,0.0
2019-11-13 00:00:00-05:00,44.090702383957,44.26299503087177,44.01686223102948,44.22197341918945,1355200,0.0,0.0,0.0
2019-11-14 00:00:00-05:00,44.09070533681455,44.18915783739539,44.02506824992828,44.17274856567383,1034200,0.0,0.0,0.0
2019-11-15 00:00:00-05:00,44.32043641939105,44.48452603476635,44.32043641939105,44.468116760253906,1378600,0.0,0.0,0.0
2019-11-18 00:00:00-05:00,44.39427286325327,44.541953191719465,44.35325124529018,44.49272537231445,1336500,0.0,0.0,0.0
2019-11-19 00:00:00-05:00,44.65681568273492,44.67322495613038,44.41888591312407,44.45990753173828,1774700,0.0,0.0,0.0
2019-11-20 00:00:00-05:00,44.30401134771606,44.36964842236208,44.082490915407725,44.23017120361328,1647300,0.0,0.0,0.0
2019-11-21 00:00:00-05:00,44.213770095928766,44.213770095928766,44.033271237083724,44.148136138916016,987500,0.0,0.0,0.0
2019-11-22 00:00:00-05:00,44.279412810838004,44.32043443040361,44.139935548616194,44.23838806152344,1366200,0.0,0.0,0.0
2019-11-25 00:00:00-05:00,44.44349848107687,44.574772668898454,44.33684289809519,44.566566467285156,1279300,0.0,0.0,0.0
2019-11-26 00:00:00-05:00,44.50913557498767,44.591178812627255,44.42709233734808,44.566566467285156,1476900,0.0,0.0,0.0
2019-11-27 00:00:00-05:00,44.599378405183366,44.67321856001639,44.550150592045206,44.66501235961914,1184300,0.0,0.0,0.0
2019-11-29 00:00:00-05:00,44.328640614170006,44.36145916402585,44.25480044186895,44.271209716796875,826200,0.0,0.0,0.0
2019-12-02 00:00:00-05:00,44.3040239802056,44.3040239802056,43.95943862930568,44.0907096862793,1787500,0.0,0.0,0.0
2019-12-03 00:00:00-05:00,43.73790868910433,43.95122293696772,43.598431460704724,43.94301986694336,1491400,0.0,0.0,0.0
2019-12-04 00:00:00-05:00,44.197366581478235,44.328637642351936,44.17275423561097,44.3204345703125,1231700,0.0,0.0,0.0
2019-12-05 00:00:00-05:00,44.377865463835434,44.38606853587487,44.24659440296173,44.3204345703125,1730700,0.0,0.0,0.0
2019-12-06 00:00:00-05:00,44.64860238782977,44.706036400463766,44.61578697600112,44.69783020019531,1300800,0.0,0.0,0.0
2019-12-09 00:00:00-05:00,44.61579710111676,44.68143106941742,44.468116760253906,44.468116760253906,1182900,0.0,0.0,0.0
2019-12-10 00:00:00-05:00,44.50093857164608,44.615800371904584,44.40248291735365,44.55016326904297,1159900,0.0,0.0,0.0
2019-12-11 00:00:00-05:00,44.59117337686027,44.878330933091455,44.59117337686027,44.84551239013672,1460100,0.0,0.0,0.0
2019-12-12 00:00:00-05:00,44.87833273113945,45.29675821645675,44.85371725806292,45.28855514526367,2757300,0.0,0.0,0.0
2019-12-13 00:00:00-05:00,45.47726821899414,45.73981037795853,45.35420021271422,45.47726821899414,1998200,0.0,0.0,0.0
2019-12-16 00:00:00-05:00,45.903894858626444,45.97773502815851,45.87107631000129,45.9120979309082,1487800,0.0,0.0,0.0
2019-12-17 00:00:00-05:00,45.86286241957756,45.92029330125025,45.79722533780974,45.85465621948242,1417900,0.0,0.0,0.0
2019-12-18 00:00:00-05:00,45.862869344947846,45.887481689453125,45.79723225326872,45.887481689453125,1468400,0.0,0.0,0.0
2019-12-19 00:00:00-05:00,45.78083051398947,45.862876892089844,45.71519654125848,45.862876892089844,1511600,0.0,0.0,0.0
2019-12-20 00:00:00-05:00,45.96953717997185,45.96953717997185,45.87108464595409,45.87928771972656,1858100,0.0,0.0,0.0
2019-12-23 00:00:00-05:00,45.93569393649585,45.977181465855494,45.89420640713622,45.95228958129883,1507300,0.628,0.0,0.0
2019-12-24 00:00:00-05:00,45.96060562133789,45.96890502996265,45.885926770199916,45.96060562133789,857800,0.0,0.0,0.0
2019-12-26 00:00:00-05:00,46.051870315930024,46.19292857953751,45.96059583227988,46.15974044799805,1332800,0.0,0.0,0.0
2019-12-27 00:00:00-05:00,46.38378143310547,46.40037391782944,46.234423748217026,46.38378143310547,3130600,0.0,0.0,0.0
2019-12-30 00:00:00-05:00,46.40037238837654,46.40037238837654,45.98549064742769,46.026981353759766,1697700,0.0,0.0,0.0
2019-12-31 00:00:00-05:00,46.06016458325169,46.20952224731445,45.95229762110337,46.20952224731445,1510400,0.0,0.0,0.0
2020-01-02 00:00:00-05:00,46.60780660552255,46.74886802326262,46.53313094149643,46.723976135253906,2017900,0.0,0.0,0.0
2020-01-03 00:00:00-05:00,46.12654777751066,46.38377557238298,46.10165588827328,46.15143966674805,2140200,0.0,0.0,0.0
2020-01-06 00:00:00-05:00,45.98547952801639,46.242707284713056,45.96888704785145,46.21781539916992,2119900,0.0,0.0,0.0
2020-01-07 00:00:00-05:00,46.25101909772897,46.25101909772897,46.10166141381095,46.134849548339844,1987300,0.0,0.0,0.0
2020-01-08 00:00:00-05:00,46.12654093178415,46.41695681410641,46.08505340078035,46.21781539916992,1824400,0.0,0.0,0.0
2020-01-09 00:00:00-05:00,46.43356250774691,46.441861914921084,46.31739612967971,46.42526626586914,1700600,0.0,0.0,0.0
2020-01-10 00:00:00-05:00,46.50824195615073,46.54972949667682,46.31739673749355,46.367183685302734,1988600,0.0,0.0,0.0
2020-01-13 00:00:00-05:00,46.499945872749144,46.732278632724764,46.38377949276134,46.71568298339844,2140900,0.0,0.0,0.0
2020-01-14 00:00:00-05:00,46.60780660552255,46.74886802326262,46.558022829505134,46.723976135253906,1692400,0.0,0.0,0.0
2020-01-15 00:00:00-05:00,46.64929331522815,46.6907808467922,46.5497194411195,46.59950637817383,1629300,0.0,0.0,0.0
2020-01-16 00:00:00-05:00,46.79035508131399,46.86503390987473,46.72397565886889,46.84843826293945,1510000,0.0,0.0,0.0
2020-01-17 00:00:00-05:00,46.97291465568781,47.01440219976081,46.865044508860635,46.997806549072266,1606300,0.0,0.0,0.0
2020-01-21 00:00:00-05:00,46.64099893478544,46.71567776576486,46.46674938426551,46.48334503173828,1962800,0.0,0.0,0.0
2020-01-22 00:00:00-05:00,46.7239784546112,46.77376223309985,46.59121643648114,46.64929962158203,1963500,0.0,0.0,0.0
2020-01-23 00:00:00-05:00,46.367176568895694,46.51653422410345,46.11824819864809,46.46674728393555,2172000,0.0,0.0,0.0
2020-01-24 00:00:00-05:00,46.59951901874249,46.59951901874249,46.085066524147344,46.20123291015625,2002400,0.0,0.0,0.0
2020-01-27 00:00:00-05:00,45.147431525793706,45.371468048730726,45.0395613854248,45.18891906738281,2511800,0.0,0.0,0.0
2020-01-28 00:00:00-05:00,45.329976137677896,45.570605121818545,45.22210600770684,45.529117584228516,1838900,0.0,0.0,0.0
2020-01-29 00:00:00-05:00,45.65358302111518,45.70336996502888,45.479333465361535,45.554012298583984,1780500,0.0,0.0,0.0
2020-01-30 00:00:00-05:00,45.04785863423482,45.3880615234375,44.898500959433996,45.3880615234375,2478200,0.0,0.0,0.0
2020-01-31 00:00:00-05:00,44.87361325420222,44.890205739353156,44.40064512968716,44.64127731323242,4732600,0.0,0.0,0.0
2020-02-03 00:00:00-05:00,44.73253940433754,44.94827646974218,44.68275246679994,44.7242431640625,1828500,0.0,0.0,0.0
2020-02-04 00:00:00-05:00,45.52081924273863,45.65358125607951,45.47933170706262,45.51251983642578,1460600,0.0,0.0,0.0
2020-02-05 00:00:00-05:00,46.02697638242419,46.06846391897874,45.811236127866685,45.92740249633789,1922400,0.0,0.0,0.0
2020-02-06 00:00:00-05:00,46.09335387271506,46.12654516668369,45.98548374996502,46.03527069091797,4498200,0.0,0.0,0.0
2020-02-07 00:00:00-05:00,45.71996528149363,45.71996528149363,45.52082382408816,45.57890701293945,1609400,0.0,0.0,0.0
2020-02-10 00:00:00-05:00,45.50422795053087,45.69507316514281,45.471036652694956,45.67018127441406,1556600,0.0,0.0,0.0
2020-02-11 00:00:00-05:00,46.010382231465606,46.17633554837844,45.97719093502379,46.00208282470703,1186700,0.0,0.0,0.0
2020-02-12 00:00:00-05:00,46.292504464210815,46.367183302660074,46.21782562576156,46.33399200439453,1507300,0.0,0.0,0.0
2020-02-13 00:00:00-05:00,45.95229622219759,46.11824952891485,45.8610217452383,45.97718811035156,1608300,0.0,0.0,0.0
2020-02-14 00:00:00-05:00,46.026968400264415,46.07675216937774,45.8361232329736,45.95228958129883,1639400,0.0,0.0,0.0
2020-02-18 00:00:00-05:00,45.686776923332026,45.76975200262543,45.58720302982428,45.67018127441406,1499800,0.0,0.0,0.0
2020-02-19 00:00:00-05:00,45.87760997987023,45.92739374813447,45.82782304631044,45.88590621948242,1706100,0.0,0.0,0.0
2020-02-20 00:00:00-05:00,45.695068791755524,45.75315197476116,45.29678275173288,45.51251983642578,1916400,0.0,0.0,0.0
2020-02-21 00:00:00-05:00,45.35486380035741,45.42124638655195,45.197209906089256,45.271888732910156,1695200,0.0,0.0,0.0
2020-02-24 00:00:00-05:00,43.562584304154655,43.886191566823776,43.46301356917106,43.59577560424805,3471800,0.0,0.0,0.0
2020-02-25 00:00:00-05:00,43.8529998155711,43.919382415074956,42.91536933730347,42.99834442138672,4266200,0.0,0.0,0.0
2020-02-26 00:00:00-05:00,43.28874727019702,43.60405819174958,43.00663080363941,43.08130645751953,3255500,0.0,0.0,0.0
2020-02-27 00:00:00-05:00,42.392611319481475,42.78260112197593,41.82007572532043,41.85326385498047,5494400,0.0,0.0,0.0
2020-02-28 00:00:00-05:00,40.79946780502588,41.695613861083984,40.42607678029807,41.695613861083984,5403700,0.0,0.0,0.0
2020-03-02 00:00:00-05:00,41.55455007957543,42.168573185894914,41.17285653302182,42.1519775390625,5425800,0.0,0.0,0.0
2020-03-03 00:00:00-05:00,42.42580423128897,42.89876912390242,41.52965822509745,41.77029037475586,5431500,0.0,0.0,0.0
2020-03-04 00:00:00-05:00,42.525368955987375,42.9070593127994,42.210058016957724,42.848976135253906,3322500,0.0,0.0,0.0
2020-03-05 00:00:00-05:00,42.01923659348035,42.31795205561465,41.629246610660836,41.82009506225586,3970700,0.0,0.0,0.0
2020-03-06 00:00:00-05:00,41.08987616899373,41.34710391380384,40.77456525040322,41.19774627685547,3260400,0.0,0.0,0.0
2020-03-09 00:00:00-04:00,38.39315279797241,38.96568840297658,37.820617192968236,37.9450798034668,8120800,0.0,0.0,0.0
2020-03-10 00:00:00-04:00,39.48015137189436,39.52993515928546,38.26869417886391,39.41376876831055,7173600,0.0,0.0,0.0
2020-03-11 00:00:00-04:00,38.40145043126475,38.426345486503834,37.198295993017084,37.45552062988281,7803400,0.0,0.0,0.0
2020-03-12 00:00:00-04:00,34.60943404119862,34.717304180037694,32.99139461979849,33.43117141723633,9682300,0.0,0.0,0.0
2020-03-13 00:00:00-04:00,35.62174911882977,36.044927132608855,33.53074461271121,35.55536651611328,8484000,0.0,0.0,0.0
2020-03-16 00:00:00-04:00,30.79251777576536,32.9582005800548,30.79251777576536,31.597389221191406,8910600,0.0,0.0,0.0
2020-03-17 00:00:00-04:00,32.23630468479994,33.331592046897036,31.672065357017075,33.23202133178711,11432500,0.0,0.0,0.0
2020-03-18 00:00:00-04:00,31.04145420595614,31.929300949146402,30.219986900655613,30.975074768066406,13978700,0.0,0.0,0.0
2020-03-19 00:00:00-04:00,30.875499108658616,31.99568173404577,30.535296199903232,31.323572158813477,10683300,0.0,0.0,0.0
2020-03-20 00:00:00-04:00,32.3109876519552,32.67608559629247,31.116129421669775,31.215700149536133,9916600,0.0,0.0,0.0
2020-03-23 00:00:00-04:00,31.628424103386646,31.628424103386646,30.371942403365153,30.57996940612793,9151500,0.106,0.0,0.0
2020-03-24 00:00:00-04:00,32.710171437394,33.309287127095615,32.48550186341568,33.14286804199219,5964800,0.0,0.0,0.0
2020-03-25 00:00:00-04:00,33.52563329675744,34.823719792285296,33.16782658985163,34.34109878540039,12953900,0.0,0.0,0.0
2020-03-26 00:00:00-04:00,34.6157008747523,35.780653658925324,34.50752909100439,35.68912124633789,6767100,0.0,0.0,0.0
2020-03-27 00:00:00-04:00,34.34941327943673,35.03174150713657,34.049853925960754,34.45758819580078,8114100,0.0,0.0,0.0
2020-03-30 00:00:00-04:00,34.549113766769935,35.13158981997284,34.34940651238298,35.098304748535156,10889600,0.0,0.0,0.0
2020-03-31 00:00:00-04:00,34.80707712264538,35.37290760916576,34.65729743748883,34.91524887084961,5477300,0.0,0.0,0.0
2020-04-01 00:00:00-04:00,34.00825508665801,34.27452940849913,33.5173112105934,33.58388137817383,6280100,0.0,0.0,0.0
2020-04-02 00:00:00-04:00,33.783585720828384,34.48255661311919,33.6587714172795,34.35774230957031,5654400,0.0,0.0,0.0
2020-04-03 00:00:00-04:00,33.90007877944545,34.066497827597885,33.40081211226854,33.64212417602539,6270600,0.0,0.0,0.0
2020-04-06 00:00:00-04:00,34.72386241026483,35.46443793603479,34.69890018893228,35.364585876464844,6236900,0.0,0.0,0.0
2020-04-07 00:00:00-04:00,36.57946458505955,36.612749664754176,35.52268711155445,35.605899810791016,8350800,0.0,0.0,0.0
2020-04-08 00:00:00-04:00,35.76399885562205,36.0635582216938,35.431157584395564,35.95538330078125,4365900,0.0,0.0,0.0
2020-04-09 00:00:00-04:00,36.44633212040079,36.81246169557463,36.27159019092618,36.529544830322266,6771300,0.0,0.0,0.0
2020-04-13 00:00:00-04:00,36.48792582877359,36.52953375824315,35.980342736182166,36.39639663696289,4756300,0.0,0.0,0.0
2020-04-14 00:00:00-04:00,36.987207805827914,37.27012470305925,36.887355716875874,37.037132263183594,4306300,0.0,0.0,0.0
2020-04-15 00:00:00-04:00,35.99698257446289,36.22165206476146,35.838883232803624,35.99698257446289,4920100,0.0,0.0,0.0
2020-04-16 00:00:00-04:00,36.09684243761946,36.19669449917486,35.70575069968773,36.00531005859375,5612800,0.0,0.0,0.0
2020-04-17 00:00:00-04:00,36.86239350515841,36.97056846252829,36.54619149282236,36.94560623168945,6476800,0.0,0.0,0.0
2020-04-20 00:00:00-04:00,36.52123038060508,36.928964817493444,36.40473573413442,36.413055419921875,4922900,0.0,0.0,0.0
2020-04-21 00:00:00-04:00,35.77233085555439,36.088529667900055,35.539338414482,35.6308708190918,5195300,0.0,0.0,0.0
2020-04-22 00:00:00-04:00,36.313188787813594,36.40472116605232,36.18837450550242,36.354793548583984,3049000,0.0,0.0,0.0
2020-04-23 00:00:00-04:00,36.4546559791352,36.92895732886528,36.213343875099774,36.27159118652344,4116200,0.0,0.0,0.0
2020-04-24 00:00:00-04:00,36.47960791881192,36.57945997106093,36.18004858782541,36.57114028930664,4456700,0.0,0.0,0.0
2020-04-27 00:00:00-04:00,36.81245741638115,37.14529869465559,36.77084947913689,37.08705139160156,3743900,0.0,0.0,0.0
2020-04-28 00:00:00-04:00,37.74442049203159,37.77770557482292,37.32836647986059,37.353328704833984,3057700,0.0,0.0,0.0
2020-04-29 00:00:00-04:00,38.07725810227847,38.45170731174456,38.01901080016596,38.33521270751953,2800800,0.0,0.0,0.0
2020-04-30 00:00:00-04:00,37.977402709917975,38.01068778656265,37.37828402727231,37.569671630859375,3623200,0.0,0.0,0.0
2020-05-01 00:00:00-04:00,36.89566697732931,36.97055682050397,36.49625553847778,36.66267776489258,3373100,0.0,0.0,0.0
2020-05-04 00:00:00-04:00,36.4879395761327,36.7708564622262,36.33815986148082,36.72093200683594,4574400,0.0,0.0,0.0
2020-05-05 00:00:00-04:00,37.05376141775316,37.21186394022461,36.812452554502215,36.85405731201172,3468600,0.0,0.0,0.0
2020-05-06 00:00:00-04:00,37.087053589072035,37.16194343661312,36.662679902499285,36.70428466796875,2518000,0.0,0.0,0.0
2020-05-07 00:00:00-04:00,37.136990572445264,37.32837508123479,36.995530525106346,37.15363311767578,2350500,0.0,0.0,0.0
2020-05-08 00:00:00-04:00,37.60296023814858,37.83595264196594,37.56135547204411,37.76938247680664,2558400,0.0,0.0,0.0
2020-05-11 00:00:00-04:00,37.577992257094316,37.844266528462946,37.52806464087281,37.73609161376953,2617200,0.0,0.0,0.0
2020-05-12 00:00:00-04:00,37.8775576489567,37.97740972309048,37.33668616343832,37.353328704833984,3480900,0.0,0.0,0.0
2020-05-13 00:00:00-04:00,37.57798344089717,37.61126851056914,36.87069316868206,37.07872009277344,5100600,0.0,0.0,0.0
2020-05-14 00:00:00-04:00,36.271584430878455,36.937270133335545,36.06355745047063,36.92062759399414,3317300,0.0,0.0,0.0
2020-05-15 00:00:00-04:00,36.69596307918979,36.94559802911862,36.57114877846561,36.79581832885742,3202800,0.0,0.0,0.0
2020-05-18 00:00:00-04:00,37.74441836089464,38.32689457989414,37.6861710564187,38.2270393371582,2335000,0.0,0.0,0.0
2020-05-19 00:00:00-04:00,38.07725399458309,38.2270336622116,37.81930259140919,37.83594512939453,3565800,0.0,0.0,0.0
2020-05-20 00:00:00-04:00,38.48500044012563,38.693027469531714,38.34354358376496,38.476680755615234,3705000,0.0,0.0,0.0
2020-05-21 00:00:00-04:00,38.31024860548861,38.443385742962704,37.93579941439279,38.09389877319336,3705700,0.0,0.0,0.0
2020-05-22 00:00:00-04:00,37.77770065896667,37.819305419921875,37.586313044941114,37.819305419921875,2463900,0.0,0.0,0.0
2020-05-26 00:00:00-04:00,39.03418958345802,39.12572197938055,38.85944764991887,38.867767333984375,3139200,0.0,0.0,0.0
2020-05-27 00:00:00-04:00,39.24220940333225,39.24220940333225,38.767908142592205,39.22556686401367,4058500,0.0,0.0,0.0
2020-05-28 00:00:00-04:00,39.575055599847815,39.82468735223986,39.36702861048111,39.40031051635742,3760000,0.0,0.0,0.0
2020-05-29 00:00:00-04:00,39.35870869881744,39.500168712778006,38.96762008802333,39.45024108886719,4156300,0.0,0.0,0.0
2020-06-01 00:00:00-04:00,39.81636420681352,40.32395056507165,39.766439761240534,40.298988342285156,3496700,0.0,0.0,0.0
2020-06-02 00:00:00-04:00,40.6151888009897,40.94803006512652,40.58190372230407,40.89810562133789,2769900,0.0,0.0,0.0
2020-06-03 00:00:00-04:00,41.38072470484786,41.879991339965834,41.33911994548127,41.78013610839844,3701900,0.0,0.0,0.0
2020-06-04 00:00:00-04:00,41.48890686035156,41.73853863436317,41.35576970259603,41.48890686035156,4548900,0.0,0.0,0.0
2020-06-05 00:00:00-04:00,42.33765579040662,42.61224977890425,42.22948086197296,42.296051025390625,4170600,0.0,0.0,0.0
2020-06-08 00:00:00-04:00,42.52072060874336,42.803637476195746,42.23780374129098,42.78699493408203,3043000,0.0,0.0,0.0
2020-06-09 00:00:00-04:00,42.07138642534568,42.420870301605426,42.00481625411118,42.32101821899414,2784600,0.0,0.0,0.0
2020-06-10 00:00:00-04:00,42.47910698880214,42.59560158508267,42.06305304537755,42.271080017089844,3095400,0.0,0.0,0.0
2020-06-11 00:00:00-04:00,41.10613660603907,41.230950901909,39.949503815841,39.991111755371094,4527100,0.0,0.0,0.0
2020-06-12 00:00:00-04:00,41.11446037370646,41.17270768574673,40.19081989101013,40.764976501464844,4373500,0.0,0.0,0.0
2020-06-15 00:00:00-04:00,39.95782899676961,40.93139389297093,39.79140675169305,40.80657958984375,3286000,0.0,0.0,0.0
2020-06-16 00:00:00-04:00,41.65532455446249,41.713571856232875,40.83985915543717,41.272552490234375,4794600,0.0,0.0,0.0
2020-06-17 00:00:00-04:00,41.53882522030023,41.61371505894759,41.305836021948345,41.3807258605957,2560000,0.0,0.0,0.0
2020-06-18 00:00:00-04:00,41.20598268123584,41.43065219019565,41.122769988524986,41.28919219970703,2359600,0.0,0.0,0.0
2020-06-19 00:00:00-04:00,41.73021379666203,41.73021379666203,41.072847772704826,41.122772216796875,3002000,0.0,0.0,0.0
2020-06-22 00:00:00-04:00,41.41718760429919,41.68482668489971,41.28336806399893,41.651371002197266,3378700,0.252,0.0,0.0
2020-06-23 00:00:00-04:00,42.0528147845849,42.178271955196216,41.85208714021687,41.90226745605469,2540900,0.0,0.0,0.0
2020-06-24 00:00:00-04:00,41.525912513755415,41.576092841905144,40.81499369004571,40.99899673461914,3019300,0.0,0.0,0.0
2020-06-25 00:00:00-04:00,40.973895021839795,41.450627147947756,40.81498218613163,41.417171478271484,3828300,0.0,0.0,0.0
2020-06-26 00:00:00-04:00,41.341908900459586,41.350271224866454,40.789902964842156,40.873538970947266,3736100,0.0,0.0,0.0
2020-06-29 00:00:00-04:00,40.97389685648913,41.19971466064453,40.78152834249118,41.19971466064453,2718100,0.0,0.0,0.0
2020-06-30 00:00:00-04:00,40.93207392422755,41.26662424066633,40.890255932299766,41.12443923950195,4052800,0.0,0.0,0.0
2020-07-01 00:00:00-04:00,41.149538227614364,41.450632915579995,41.141172713777145,41.33353805541992,2796400,0.0,0.0,0.0
2020-07-02 00:00:00-04:00,42.02773925681636,42.23683248694978,41.84373619333592,41.9441032409668,2439600,0.0,0.0,0.0
2020-07-06 00:00:00-04:00,42.763744798067265,42.89756432671046,42.62992526942407,42.880836486816406,2072700,0.0,0.0,0.0
2020-07-07 00:00:00-04:00,42.49610722779673,42.663379251571946,42.2619206515946,42.28701400756836,1487200,0.0,0.0,0.0
2020-07-08 00:00:00-04:00,42.44591960724633,42.83901584427633,42.37064592761312,42.830650329589844,2613000,0.0,0.0,0.0
2020-07-09 00:00:00-04:00,42.83901475635348,42.8891950811619,42.15318933289407,42.454280853271484,2602600,0.0,0.0,0.0
2020-07-10 00:00:00-04:00,42.54627287645709,42.69682019830997,42.337179728384555,42.671730041503906,2248600,0.0,0.0,0.0
2020-07-13 00:00:00-04:00,42.964470461772066,43.14847350138643,42.34555636753862,42.39573669433594,2765700,0.0,0.0,0.0
2020-07-14 00:00:00-04:00,42.34555825776622,42.931019890438414,42.287012413549924,42.87247085571289,2216600,0.0,0.0,0.0
2020-07-15 00:00:00-04:00,43.32410637526098,43.4746537205095,43.09828535738819,43.24883270263672,2352900,0.0,0.0,0.0
2020-07-16 00:00:00-04:00,42.85574671453768,42.99792856917484,42.77210751430177,42.86410903930664,1715800,0.0,0.0,0.0
2020-07-17 00:00:00-04:00,43.00628808711702,43.115017445072795,42.86410624175943,43.10665512084961,1659600,0.0,0.0,0.0
2020-07-20 00:00:00-04:00,43.19029034750714,43.424473707648765,43.06483634336369,43.399383544921875,1856600,0.0,0.0,0.0
2020-07-21 00:00:00-04:00,43.75902129904153,43.88447848566443,43.600111627760135,43.641929626464844,2696400,0.0,0.0,0.0
2020-07-22 00:00:00-04:00,43.64192923654043,43.73393074717406,43.50810972757573,43.65865707397461,2738400,0.0,0.0,0.0
2020-07-23 00:00:00-04:00,43.57502314927384,43.759026192762775,43.19029241335074,43.32411193847656,2729400,0.0,0.0,0.0
2020-07-24 00:00:00-04:00,43.03137976386572,43.25720079520019,42.95610608675423,43.165199279785156,1908500,0.0,0.0,0.0
2020-07-27 00:00:00-04:00,43.50810210054598,43.80083122805646,43.499736588040996,43.78410339355469,2101600,0.0,0.0,0.0
2020-07-28 00:00:00-04:00,43.62520250157059,43.71720401452921,43.47465515136719,43.47465515136719,2192400,0.0,0.0,0.0
2020-07-29 00:00:00-04:00,43.775753525991,44.08521057604542,43.708842168947285,44.02666473388672,1999200,0.0,0.0,0.0
2020-07-30 00:00:00-04:00,43.18192596514325,43.50811082708102,42.79719207545186,43.47465515136719,2939700,0.0,0.0,0.0
2020-07-31 00:00:00-04:00,43.307382570430505,43.307382570430505,42.487737609151665,42.830650329589844,2584400,0.0,0.0,0.0
2020-08-03 00:00:00-04:00,43.18193064842873,43.45793202672941,43.06483896124001,43.44956970214844,2356500,0.0,0.0,0.0
2020-08-04 00:00:00-04:00,43.39937277153857,43.80083122805646,43.35755478053825,43.78410339355469,1819900,0.0,0.0,0.0
2020-08-05 00:00:00-04:00,44.12703200838928,44.31103506405066,43.993212474410825,44.04339599609375,2131600,0.0,0.0,0.0
2020-08-06 00:00:00-04:00,43.95974864191096,44.193931968325174,43.80920130621368,44.17720413208008,2647800,0.0,0.0,0.0
2020-08-07 00:00:00-04:00,43.70046741155404,43.81755906255823,43.55828560405129,43.78410339355469,2141000,0.0,0.0,0.0
2020-08-10 00:00:00-04:00,43.85103387041808,43.9597632468806,43.67539631725449,43.91794204711914,1881500,0.0,0.0,0.0
2020-08-11 00:00:00-04:00,44.495031319124884,44.553577156885524,43.993205750522314,44.0182991027832,3102000,0.0,0.0,0.0
2020-08-12 00:00:00-04:00,44.69576319637609,44.95503992405628,44.653945192688106,44.82122039794922,2357800,0.0,0.0,0.0
2020-08-13 00:00:00-04:00,44.771038514770645,44.82958436017443,44.47830928775174,44.62885665893555,2011600,0.0,0.0,0.0
2020-08-14 00:00:00-04:00,44.38630967519957,44.495039045854384,44.3026736611632,44.411399841308594,1535400,0.0,0.0,0.0
2020-08-17 00:00:00-04:00,44.68739656272752,44.8295783996582,44.662306401035956,44.8295783996582,1593400,0.0,0.0,0.0
2020-08-18 00:00:00-04:00,44.955036606995634,44.996854607598024,44.6204862211586,44.8128547668457,2366100,0.0,0.0,0.0
2020-08-19 00:00:00-04:00,44.89649052170932,44.93830852208227,44.503394299084015,44.53684997558594,2283900,0.0,0.0,0.0
2020-08-20 00:00:00-04:00,44.06849097795614,44.45322497188772,43.984854956519975,44.419769287109375,1755700,0.0,0.0,0.0
2020-08-21 00:00:00-04:00,44.06848257517161,44.31939697265625,43.98484656968279,44.31939697265625,2720600,0.0,0.0,0.0
2020-08-24 00:00:00-04:00,44.95503558913375,44.95503558913375,44.67066872476352,44.8295783996582,2131300,0.0,0.0,0.0
2020-08-25 00:00:00-04:00,45.0386746919903,45.0386746919903,44.73758315941719,44.996856689453125,2298800,0.0,0.0,0.0
2020-08-26 00:00:00-04:00,45.01358224760126,45.264493440619,44.95503640891409,45.231040954589844,2280800,0.0,0.0,0.0
2020-08-27 00:00:00-04:00,45.281224423592086,45.28958993856204,44.65394480222978,44.837947845458984,2571800,0.0,0.0,0.0
2020-08-28 00:00:00-04:00,45.08886251577452,45.247772216796875,44.98013314638587,45.247772216796875,2074600,0.0,0.0,0.0
2020-08-31 00:00:00-04:00,44.98013257047822,44.98013257047822,44.65394765699798,44.72922134399414,2635700,0.0,0.0,0.0
2020-09-01 00:00:00-04:00,44.8714026818416,45.0303123676865,44.76267332283768,44.996856689453125,2688200,0.0,0.0,0.0
2020-09-02 00:00:00-04:00,45.18921932242038,45.40667802728562,44.971763808064026,45.37322235107422,3170700,0.0,0.0,0.0
2020-09-03 00:00:00-04:00,45.205951770404724,45.205951770404724,44.21066923043813,44.38630676269531,4486200,0.0,0.0,0.0
2020-09-04 00:00:00-04:00,44.59539749832008,44.695761341107094,43.69211653221888,44.47830581665039,3538900,0.0,0.0,0.0
2020-09-08 00:00:00-04:00,43.809214134199536,44.21067275010913,43.667029079736636,43.84266662597656,3508500,0.0,0.0,0.0
2020-09-09 00:00:00-04:00,44.41139161635231,44.72921415374697,44.361211293427615,44.587032318115234,2769600,0.0,0.0,0.0
2020-09-10 00:00:00-04:00,44.77103227290246,44.82121578647036,44.02666103611057,44.03502655029297,3033400,0.0,0.0,0.0
2020-09-11 00:00:00-04:00,44.56193495586825,44.662301973702945,44.227387801278255,44.44484329223633,3349100,0.0,0.0,0.0
2020-09-14 00:00:00-04:00,44.87139958982263,44.95503558913375,44.77103256203865,44.8295783996582,2016800,0.0,0.0,0.0
2020-09-15 00:00:00-04:00,45.25612975980103,45.30631008259464,45.03867105933263,45.1390380859375,4100200,0.0,0.0,0.0
2020-09-16 00:00:00-04:00,45.28122532186438,45.40668252482928,45.02195178181711,45.0721321105957,2762900,0.0,0.0,0.0
2020-09-17 00:00:00-04:00,44.72921976114849,45.072132502994165,44.6790362414238,45.05540466308594,3234000,0.0,0.0,0.0
2020-09-18 00:00:00-04:00,45.03867508737046,45.03867508737046,44.60376402855499,44.720855712890625,2707400,0.0,0.0,0.0
2020-09-21 00:00:00-04:00,43.794126723165334,43.86988067626953,43.297518188563515,43.86988067626953,2962900,0.339,0.0,0.0
2020-09-22 00:00:00-04:00,43.80255539751961,43.82780565057288,43.38170072201123,43.78572082519531,2618400,0.0,0.0,0.0
2020-09-23 00:00:00-04:00,43.92038699250087,43.92038699250087,43.230185694689844,43.255435943603516,2796300,0.0,0.0,0.0
2020-09-24 00:00:00-04:00,42.97768285801354,43.46587263738799,42.82617491006747,43.179691314697266,5316300,0.0,0.0,0.0
2020-09-25 00:00:00-04:00,42.88509105879316,43.33961486816406,42.69149829795732,43.33961486816406,2682400,0.0,0.0,0.0
2020-09-28 00:00:00-04:00,43.92039062488635,43.996144588758355,43.810967519100984,43.92880630493164,2210400,0.0,0.0,0.0
2020-09-29 00:00:00-04:00,43.86146499742046,44.021388582477925,43.72679165977585,43.86988067626953,2548500,0.0,0.0,0.0
2020-09-30 00:00:00-04:00,43.87830230283938,44.189733813530395,43.80254834501012,43.91196823120117,3301800,0.0,0.0,0.0
2020-10-01 00:00:00-04:00,44.2234180966743,44.27391861194336,43.9961561453627,44.2655029296875,2621300,0.0,0.0,0.0
2020-10-02 00:00:00-04:00,43.726794945043814,44.214984626609436,43.67629123555804,44.071895599365234,2572600,0.0,0.0,0.0
2020-10-05 00:00:00-04:00,44.40016604307772,44.72001647949219,44.35808121980728,44.72001647949219,1757400,0.0,0.0,0.0
2020-10-06 00:00:00-04:00,44.795769956185794,44.896774173104276,44.290742449861035,44.40016555786133,3192400,0.0,0.0,0.0
2020-10-07 00:00:00-04:00,44.778932630014275,44.90518709067845,44.66950952874588,44.84626770019531,2377800,0.0,0.0,0.0
2020-10-08 00:00:00-04:00,45.039857600562755,45.15769958496094,44.964103644596804,45.15769958496094,2134800,0.0,0.0,0.0
2020-10-09 00:00:00-04:00,45.368127264545905,45.51963517774979,45.27553873860289,45.46913146972656,1917300,0.0,0.0,0.0
2020-10-12 00:00:00-04:00,45.620640835982826,45.805814682900994,45.553302556473746,45.73847961425781,1848700,0.0,0.0,0.0
2020-10-13 00:00:00-04:00,45.452303359858234,45.46071904029188,45.23346034905488,45.34288024902344,1845800,0.0,0.0,0.0
2020-10-14 00:00:00-04:00,45.4186376517145,45.51122619781888,45.1829600513517,45.191375732421875,2295200,0.0,0.0,0.0
2020-10-15 00:00:00-04:00,44.3749157912887,44.78735155455165,44.3749157912887,44.72001647949219,3032700,0.0,0.0,0.0
2020-10-16 00:00:00-04:00,44.90519332885742,45.04828559052754,44.7957734232545,44.90519332885742,3198600,0.0,0.0,0.0
2020-10-19 00:00:00-04:00,45.124044579058136,45.166129409805244,44.669520700909125,44.703189849853516,2069800,0.0,0.0,0.0
2020-10-20 00:00:00-04:00,45.006201466263704,45.27554821033719,44.98094800153613,45.03986740112305,2230100,0.0,0.0,0.0
2020-10-21 00:00:00-04:00,45.02303165855456,45.25029034292614,44.91360855102539,44.91360855102539,2143700,0.0,0.0,0.0
2020-10-22 00:00:00-04:00,44.913611907082384,44.9977815586304,44.65268084989731,44.922027587890625,2717900,0.0,0.0,0.0
2020-10-23 00:00:00-04:00,45.16612197827339,45.19137223039368,44.92202550488977,45.174537658691406,1998100,0.0,0.0,0.0
2020-10-26 00:00:00-04:00,44.61059256915485,44.71159678536325,44.13923420873876,44.41699981689453,3062100,0.0,0.0,0.0
2020-10-27 00:00:00-04:00,44.40016147530255,44.4254117244939,44.20656873948192,44.25707244873047,3074500,0.0,0.0,0.0
2020-10-28 00:00:00-04:00,43.390115670242366,43.44061938636267,42.98609557387883,42.99451446533203,3652800,0.0,0.0,0.0
2020-10-29 00:00:00-04:00,43.03659296099805,43.39010928925284,42.86825047621993,43.255435943603516,3410000,0.0,0.0,0.0
2020-10-30 00:00:00-04:00,43.04500934594766,43.087094165115595,42.66623955170451,42.901920318603516,3852800,0.0,0.0,0.0
2020-11-02 00:00:00-05:00,43.465865466085766,43.50795028671255,43.18810308125619,43.499534606933594,3100300,0.0,0.0,0.0
2020-11-03 00:00:00-05:00,44.139232110217826,44.45908252568154,44.04664678943385,44.341243743896484,2244300,0.0,0.0,0.0
2020-11-04 00:00:00-05:00,44.66951688588107,45.334468071841826,44.48433979336884,45.03145217895508,3317700,0.0,0.0,0.0
2020-11-05 00:00:00-05:00,45.93207760580592,46.10883579343811,45.7469005268391,46.00783157348633,2748600,0.0,0.0,0.0
2020-11-06 00:00:00-05:00,46.1088366468975,46.30242940991604,45.974163280846945,46.15092468261719,2788500,0.0,0.0,0.0
2020-11-09 00:00:00-05:00,48.03635217155213,48.05318674379439,47.093638602050255,47.11888885498047,5214400,0.0,0.0,0.0
2020-11-10 00:00:00-05:00,47.304051061385614,47.51447833193371,47.09362379083751,47.270381927490234,5366300,0.0,0.0,0.0
2020-11-11 00:00:00-05:00,47.48923260315183,47.60707459095996,47.38822839589643,47.598655700683594,2691700,0.0,0.0,0.0
2020-11-12 00:00:00-05:00,47.35456651173498,47.463989626031506,46.874792440183136,46.95896530151367,3027300,0.0,0.0,0.0
2020-11-13 00:00:00-05:00,47.388231883215724,47.69124773814684,47.3377313813046,47.61549377441406,2480900,0.0,0.0,0.0
2020-11-16 00:00:00-05:00,48.15418104807051,48.23835389194471,47.99425746100805,48.21310043334961,2604900,0.0,0.0,0.0
2020-11-17 00:00:00-05:00,48.07842709401657,48.33935809372808,47.95217264450378,48.21310043334961,2888900,0.0,0.0,0.0
2020-11-18 00:00:00-05:00,48.330932801358955,48.41510563408252,47.97741653651574,47.98583221435547,2441500,0.0,0.0,0.0
2020-11-19 00:00:00-05:00,47.91850258437345,48.26360321044922,47.81749838453473,48.26360321044922,2913900,0.0,0.0,0.0
2020-11-20 00:00:00-05:00,48.305696063439434,48.49087313634227,48.238360989298684,48.41511917114258,3109900,0.0,0.0,0.0
2020-11-23 00:00:00-05:00,48.73496390627258,48.743379585481605,48.32252498598311,48.48244857788086,3500900,0.0,0.0,0.0
2020-11-24 00:00:00-05:00,48.886474969483736,49.206322173892005,48.81072100825736,49.197906494140625,3194100,0.0,0.0,0.0
2020-11-25 00:00:00-05:00,48.81071331584127,49.09689454527676,48.709705909547225,49.02955627441406,3658400,0.0,0.0,0.0
2020-11-27 00:00:00-05:00,49.2231560751407,49.41674881545072,49.181071255223905,49.39149856567383,1612200,0.0,0.0,0.0
2020-11-30 00:00:00-05:00,49.088480732049106,49.113730980800916,48.314109802246094,48.314109802246094,3822500,0.0,0.0,0.0
2020-12-01 00:00:00-05:00,49.20632119516609,49.45883332394283,49.0969013062446,49.40833282470703,4520800,0.0,0.0,0.0
2020-12-02 00:00:00-05:00,49.24000111310707,49.50093218944748,49.14741256308735,49.442012786865234,5095500,0.0,0.0,0.0
2020-12-03 00:00:00-05:00,49.719773280948,49.8881158006829,49.58509990733338,49.66926956176758,3341400,0.0,0.0,0.0
2020-12-04 00:00:00-05:00,50.03961728270926,50.14904038803048,50.01436382094831,50.12378692626953,3475100,0.0,0.0,0.0
2020-12-07 00:00:00-05:00,49.92177293310089,50.048027384368986,49.76184613294929,49.87126922607422,4577400,0.0,0.0,0.0
2020-12-08 00:00:00-05:00,49.820774305233,50.02278595809991,49.770273800166,49.997535705566406,2367300,0.0,0.0,0.0
2020-12-09 00:00:00-05:00,50.292126411720844,50.292126411720844,49.635594240852456,49.9386100769043,4076100,0.0,0.0,0.0
2020-12-10 00:00:00-05:00,49.76184727600679,50.21637101709034,49.728181348081414,50.15745162963867,4579800,0.0,0.0,0.0
2020-12-11 00:00:00-05:00,49.8965183976629,49.980691240891375,49.702925674535905,49.913352966308594,3178200,0.0,0.0,0.0
2020-12-14 00:00:00-05:00,50.266887998533804,50.29213825386176,49.879699221927424,49.92178726196289,2892900,0.0,0.0,0.0
2020-12-15 00:00:00-05:00,50.15745245983186,50.477302861910566,50.06486393205651,50.46046829223633,3618500,0.0,0.0,0.0
2020-12-16 00:00:00-05:00,50.46888835524503,50.654065426879754,50.33421499701962,50.586727142333984,3375600,0.0,0.0,0.0
2020-12-17 00:00:00-05:00,50.95707352120805,51.03282747434625,50.87290067835137,50.94023895263672,2612400,0.0,0.0,0.0
2020-12-18 00:00:00-05:00,50.9318282269363,50.9318282269363,50.62039668561036,50.73823547363281,2975900,0.0,0.0,0.0
2020-12-21 00:00:00-05:00,49.62469091217325,50.21120971919257,49.480184304801384,50.10920715332031,4357400,0.59,0.0,0.0
2020-12-22 00:00:00-05:00,50.015705512541906,50.02420437563041,49.79469940360518,49.96470260620117,3136200,0.0,0.0,0.0
2020-12-23 00:00:00-05:00,50.381225175012325,50.52572856564545,50.32172339738649,50.432228088378906,3607900,0.0,0.0,0.0
2020-12-24 00:00:00-05:00,50.440713114352526,50.51721584211222,50.34720942013481,50.45771408081055,5767300,0.0,0.0,0.0
2020-12-28 00:00:00-05:00,50.89973742043209,50.93373611604857,50.704231139573274,50.76373291015625,3543900,0.0,0.0,0.0
2020-12-29 00:00:00-05:00,51.290757622651206,51.35025940209783,51.06975147650714,51.18875503540039,4293000,0.0,0.0,0.0
2020-12-30 00:00:00-05:00,51.57125993087658,51.698765583004466,51.44375752135212,51.46925735473633,2933400,0.0,0.0,0.0
2020-12-31 00:00:00-05:00,51.49476261379299,51.49476261379299,51.02724403123971,51.13774871826172,5283200,0.0,0.0,0.0
2021-01-04 00:00:00-05:00,52.02177994761107,52.14078349908653,51.21425167925153,51.44375991821289,5743200,0.0,0.0,0.0
2021-01-05 00:00:00-05:00,51.69876928827424,52.26829046796559,51.664767346256085,52.19178771972656,3252800,0.0,0.0,0.0
2021-01-06 00:00:00-05:00,52.157784007276604,52.81230677719272,52.064280291202365,52.472293853759766,6495100,0.0,0.0,0.0
2021-01-07 00:00:00-05:00,52.531798363030234,52.72730466926822,52.41279480641613,52.69330596923828,5080900,0.0,0.0,0.0
2021-01-08 00:00:00-05:00,53.20332183969479,53.36482620239258,52.786806151279634,53.36482620239258,4834000,0.0,0.0,0.0
2021-01-11 00:00:00-05:00,52.50629626515688,52.81230725046812,52.44679448941342,52.6593017578125,3719200,0.0,0.0,0.0
2021-01-12 00:00:00-05:00,52.752807227872474,52.999313203028876,52.59129962325546,52.931312561035156,3870100,0.0,0.0,0.0
2021-01-13 00:00:00-05:00,52.96531364931997,53.092816066978735,52.81230815404654,52.92280960083008,2892300,0.0,0.0,0.0
2021-01-14 00:00:00-05:00,53.245820824477924,53.56883278142436,53.19482115516253,53.39032745361328,2726000,0.0,0.0,0.0
2021-01-15 00:00:00-05:00,52.752803607460685,52.84630407845968,52.33628794939611,52.57429504394531,2807400,0.0,0.0,0.0
2021-01-19 00:00:00-05:00,53.2203257365603,53.23732670871628,52.931315695116275,53.101322174072266,3397200,0.0,0.0,0.0
2021-01-20 00:00:00-05:00,53.47533574668008,53.71334288017043,53.33933120717074,53.679344177246094,2870500,0.0,0.0,0.0
2021-01-21 00:00:00-05:00,53.72184513279008,53.78984578142621,53.44133394533052,53.747344970703125,3200000,0.0,0.0,0.0
2021-01-22 00:00:00-05:00,53.18631819808363,53.44982837487947,53.152316257348,53.3818244934082,2937700,0.0,0.0,0.0
2021-01-25 00:00:00-05:00,53.322316114181646,53.45832061767578,52.83779986782108,53.45832061767578,4139700,0.0,0.0,0.0
2021-01-26 00:00:00-05:00,53.43283362584286,53.466835570537434,53.169323418365806,53.35633087158203,3019600,0.0,0.0,0.0
2021-01-27 00:00:00-05:00,52.41279284647456,52.608299145401716,51.96227847253822,52.11528396606445,4934000,0.0,0.0,0.0
2021-01-28 00:00:00-05:00,52.20878452523162,52.75280586009446,52.14928274905349,52.480796813964844,4382400,0.0,0.0,0.0
2021-01-29 00:00:00-05:00,51.74977129048349,51.911275648321705,51.04424559774072,51.265254974365234,6362300,0.0,0.0,0.0
2021-02-01 00:00:00-05:00,52.04728108745122,52.24278739015014,51.826274949540505,52.19178771972656,3365000,0.0,0.0,0.0
2021-02-02 00:00:00-05:00,52.676297409778556,52.88030255098568,52.48928999483598,52.82080078125,3736100,0.0,0.0,0.0
2021-02-03 00:00:00-05:00,52.98231675968535,53.06731837489033,52.76130737198637,53.01631546020508,3723300,0.0,0.0,0.0
2021-02-04 00:00:00-05:00,52.88030291701494,53.06731033325195,52.75280051352875,53.06731033325195,3329600,0.0,0.0,0.0
2021-02-05 00:00:00-05:00,53.32231850379766,53.44132204436273,53.10131239169157,53.432823181152344,2554400,0.0,0.0,0.0
2021-02-08 00:00:00-05:00,53.69632413438172,53.84932959601173,53.602823679032646,53.76432800292969,3643500,0.0,0.0,0.0
2021-02-09 00:00:00-05:00,53.772834604172246,54.17234928288234,53.75583687719187,54.12984848022461,2899400,0.0,0.0,0.0
2021-02-10 00:00:00-05:00,54.40185677394883,54.42735660667854,53.8153379229419,54.06184387207031,2785000,0.0,0.0,0.0
2021-02-11 00:00:00-05:00,54.43585813855437,54.537863953604145,54.22335088777233,54.4698600769043,2938400,0.0,0.0,0.0
2021-02-12 00:00:00-05:00,54.3338608177552,54.733375549316406,54.28286114486063,54.733375549316406,2658600,0.0,0.0,0.0
2021-02-16 00:00:00-05:00,55.107386945970546,55.22639049864144,54.86937984062876,54.979881286621094,3305100,0.0,0.0,0.0
2021-02-17 00:00:00-05:00,54.71637104683625,54.80137265287421,54.427357804058985,54.74187088012695,3429700,0.0,0.0,0.0
2021-02-18 00:00:00-05:00,54.20635324287153,54.34235776200856,53.88334129394477,54.28285598754883,2784700,0.0,0.0,0.0
2021-02-19 00:00:00-05:00,54.588871002197266,54.801378281722975,54.46986744447947,54.588871002197266,3521300,0.0,0.0,0.0
2021-02-22 00:00:00-05:00,54.04484712365021,54.3848567890803,53.95984227534013,54.01084518432617,3813800,0.0,0.0,0.0
2021-02-23 00:00:00-05:00,53.89183872530538,54.26585030983629,53.313818758464635,54.146846771240234,3766700,0.0,0.0,0.0
2021-02-24 00:00:00-05:00,53.69634167853304,54.22336210416389,53.46683665370501,54.16386032104492,3007300,0.0,0.0,0.0
2021-02-25 00:00:00-05:00,54.26585083524328,54.36785340608417,53.05880798364682,53.18631362915039,4031300,0.0,0.0,0.0
2021-02-26 00:00:00-05:00,52.9568125830997,52.990814525518246,52.276789947747304,52.44679641723633,5522100,0.0,0.0,0.0
2021-03-01 00:00:00-05:00,53.211812333486314,53.61132698783416,53.160812670448344,53.59432601928711,3213800,0.0,0.0,0.0
2021-03-02 00:00:00-05:00,53.441326268393794,53.56883192485064,53.18631819808363,53.3818244934082,3467600,0.0,0.0,0.0
2021-03-03 00:00:00-05:00,53.43283061036934,53.51783222470479,53.10131977481581,53.1268196105957,3959200,0.0,0.0,0.0
2021-03-04 00:00:00-05:00,53.118320188285935,53.330827464496295,52.11528558516477,52.44679641723633,5665500,0.0,0.0,0.0
2021-03-05 00:00:00-05:00,52.863298902973355,52.89730083898572,51.97927126487345,52.837799072265625,3908900,0.0,0.0,0.0
2021-03-08 00:00:00-05:00,52.455292409889104,52.71030047886045,52.22578417503384,52.28528594970703,3992300,0.0,0.0,0.0
2021-03-09 00:00:00-05:00,52.89730149916891,53.262814209355895,52.820798763487836,53.09280776977539,2929700,0.0,0.0,0.0
2021-03-10 00:00:00-05:00,53.37332446365722,53.37332446365722,52.9483099415563,53.23731994628906,4938200,0.0,0.0,0.0
2021-03-11 00:00:00-05:00,53.755846538380155,54.03635448041773,53.57733794697009,53.9853515625,4519200,0.0,0.0,0.0
2021-03-12 00:00:00-05:00,53.46682257814684,53.82383318287483,53.381817737066505,53.81533432006836,2853700,0.0,0.0,0.0
2021-03-15 00:00:00-04:00,53.77284820689228,53.92585372924805,53.46684040478494,53.92585372924805,2911200,0.0,0.0,0.0
2021-03-16 00:00:00-04:00,54.04485349142635,54.146856078813386,53.91734782523972,54.05335235595703,3287100,0.0,0.0,0.0
2021-03-17 00:00:00-04:00,53.74734348461501,54.40186632798606,53.653839758047155,54.27436065673828,3224200,0.0,0.0,0.0
2021-03-18 00:00:00-04:00,53.99384708760975,54.25735726748693,53.63683319091797,53.63683319091797,2806400,0.0,0.0,0.0
2021-03-19 00:00:00-04:00,53.70483122536759,53.976840239607746,53.44132107418353,53.908836364746094,3554600,0.0,0.0,0.0
2021-03-22 00:00:00-04:00,53.82789279674062,54.032401028401445,53.725640306184246,53.90458297729492,3212900,0.155,0.0,0.0
2021-03-23 00:00:00-04:00,53.427405282523765,53.52113809144028,53.009869111136084,53.0865592956543,2864000,0.0,0.0,0.0
2021-03-24 00:00:00-04:00,52.94169222483119,53.00985945946473,52.5156364440918,52.5156364440918,4323600,0.0,0.0,0.0
2021-03-25 00:00:00-04:00,52.498594345652826,52.907607509170475,52.370776309938954,52.85647964477539,5343800,0.0,0.0,0.0
2021-03-26 00:00:00-04:00,53.09507099730874,53.72563171386719,53.035423449811255,53.72563171386719,2877800,0.0,0.0,0.0
2021-03-29 00:00:00-04:00,53.39330962479163,53.54668996392682,53.16323911608883,53.42739486694336,3824000,0.0,0.0,0.0
2021-03-30 00:00:00-04:00,53.26550063731009,53.49557118508246,53.16324814403843,53.4444465637207,3557200,0.0,0.0,0.0
2021-03-31 00:00:00-04:00,53.35070469737576,53.61485719768269,53.32514239103576,53.42739486694336,3399600,0.0,0.0,0.0
2021-04-01 00:00:00-04:00,53.90458209035052,54.17726081159434,53.8193722247136,54.151695251464844,3184600,0.0,0.0,0.0
2021-04-05 00:00:00-04:00,54.50106340225384,54.75669951199061,54.39881090868803,54.74817657470703,4223700,0.0,0.0,0.0
2021-04-06 00:00:00-04:00,54.30507380095778,54.535144331170656,54.26246886955864,54.432891845703125,3208600,0.0,0.0,0.0
2021-04-07 00:00:00-04:00,54.23690173566199,54.37323945433876,54.143168944594024,54.30506896972656,2831400,0.0,0.0,0.0
2021-04-08 00:00:00-04:00,54.60331430465969,54.756694656682164,54.50958150614064,54.64591598510742,2927900,0.0,0.0,0.0
2021-04-09 00:00:00-04:00,54.40732779367601,54.63740158081055,54.398808107379324,54.63740158081055,2757700,0.0,0.0,0.0
2021-04-12 00:00:00-04:00,54.4669719156222,54.4669719156222,54.19429646364658,54.313594818115234,3159000,0.0,0.0,0.0
2021-04-13 00:00:00-04:00,54.42437131658962,54.65444185697981,54.33063851303643,54.62887954711914,2557600,0.0,0.0,0.0
2021-04-14 00:00:00-04:00,54.7652159238042,54.93564216391831,54.67148961811184,54.773738861083984,3162300,0.0,0.0,0.0
2021-04-15 00:00:00-04:00,55.14867401123047,55.20832157423934,55.04641825988806,55.14867401123047,2563900,0.0,0.0,0.0
2021-04-16 00:00:00-04:00,55.36168771716821,55.532107424493724,55.242392621821324,55.51506805419922,3001500,0.0,0.0,0.0
2021-04-19 00:00:00-04:00,55.54063498458567,55.54915792099011,55.191266104055735,55.34464645385742,4577900,0.0,0.0,0.0
2021-04-20 00:00:00-04:00,54.944167092215,54.97824584037641,54.43289810499026,54.5777587890625,3144100,0.0,0.0,0.0
2021-04-21 00:00:00-04:00,54.40732319244862,55.097537994384766,54.36471826347229,55.097537994384766,2648500,0.0,0.0,0.0
2021-04-22 00:00:00-04:00,55.148672032574964,55.17423434421923,54.722616168913035,54.86747360229492,2647200,0.0,0.0,0.0
2021-04-23 00:00:00-04:00,55.19127670503086,55.56620796569414,55.131629140934145,55.48952102661133,2519700,0.0,0.0,0.0
2021-04-26 00:00:00-04:00,55.523599476858195,55.62584871644459,55.446906046072286,55.55767822265625,2343300,0.0,0.0,0.0
2021-04-27 00:00:00-04:00,55.4213408979617,55.51507369684643,55.33613103563806,55.47246551513672,2664800,0.0,0.0,0.0
2021-04-28 00:00:00-04:00,55.49801847080064,55.855910233998664,55.4468938622415,55.70252990722656,2501100,0.0,0.0,0.0
2021-04-29 00:00:00-04:00,55.90704340601583,55.90704340601583,55.32760724957769,55.69401550292969,2289000,0.0,0.0,0.0
2021-04-30 00:00:00-04:00,55.27648824661612,55.33613580549373,54.75669959021278,54.91007995605469,2948000,0.0,0.0,0.0
2021-05-03 00:00:00-04:00,55.225350426684514,55.42986189040324,55.14014056734949,55.37873077392578,3366200,0.0,0.0,0.0
2021-05-04 00:00:00-04:00,54.83338742402348,54.91008085875341,54.28803644786387,54.662967681884766,4002900,0.0,0.0,0.0
2021-05-05 00:00:00-04:00,55.114584875341535,55.31908986251248,54.952681572404025,55.22535705566406,3095100,0.0,0.0,0.0
2021-05-06 00:00:00-04:00,55.34464843856583,55.65140914916992,55.148666401905146,55.65140914916992,2641400,0.0,0.0,0.0
2021-05-07 00:00:00-04:00,55.86445053716147,56.358676968049586,55.813325906758365,56.307552337646484,3044500,0.0,0.0,0.0
2021-05-10 00:00:00-04:00,56.426836871648426,56.426836871648426,55.8218383548856,55.8474006652832,2958300,0.0,0.0,0.0
2021-05-11 00:00:00-04:00,54.824869295711906,55.35318094443863,54.77374466880504,55.242408752441406,3881400,0.0,0.0,0.0
2021-05-12 00:00:00-04:00,54.671486222095716,54.935638751493876,54.05796154743958,54.16021728515625,4706500,0.0,0.0,0.0
2021-05-13 00:00:00-04:00,54.23690420011727,54.54366489371573,54.09204353900788,54.44993209838867,2804100,0.0,0.0,0.0
2021-05-14 00:00:00-04:00,54.986755555957046,55.395771947604864,54.93563094491169,55.36168670654297,2628000,0.0,0.0,0.0
2021-05-17 00:00:00-04:00,55.02937228284206,55.276485443115234,54.94416241749518,55.276485443115234,3178300,0.0,0.0,0.0
2021-05-18 00:00:00-04:00,55.75366402646512,55.84739682554264,55.60028367352879,55.60880661010742,2372400,0.0,0.0,0.0
2021-05-19 00:00:00-04:00,54.9100819087743,55.41282470846474,54.74817859987901,55.21684265136719,3319400,0.0,0.0,0.0
2021-05-20 00:00:00-04:00,55.463951218537346,55.864444785051134,55.429872469175855,55.81332015991211,3936700,0.0,0.0,0.0
2021-05-21 00:00:00-04:00,55.949648681887204,55.949648681887204,55.489507654982454,55.65992736816406,2816100,0.0,0.0,0.0
2021-05-24 00:00:00-04:00,55.889994775273564,56.13710791079122,55.8047849184629,56.060420989990234,2598300,0.0,0.0,0.0
2021-05-25 00:00:00-04:00,56.3842258805765,56.392748817316914,56.09451104236164,56.21380615234375,2871000,0.0,0.0,0.0
2021-05-26 00:00:00-04:00,56.25640884687625,56.35866458631479,56.17119898122548,56.34162521362305,2632100,0.0,0.0,0.0
2021-05-27 00:00:00-04:00,56.46092783797136,56.52057540197271,56.31606389588504,56.469444274902344,2716500,0.0,0.0,0.0
2021-05-28 00:00:00-04:00,56.60578245908767,56.801771017384105,56.53761196045443,56.597259521484375,2385200,0.0,0.0,0.0
2021-06-01 00:00:00-04:00,57.34712600022885,57.34712600022885,57.06592754959512,57.134098052978516,3322400,0.0,0.0,0.0
2021-06-02 00:00:00-04:00,57.18521492538431,57.31303297662119,57.07444274823029,57.26190185546875,3695400,0.0,0.0,0.0
2021-06-03 00:00:00-04:00,56.9125414130338,56.955143097518146,56.69951348732298,56.82733154296875,2945800,0.0,0.0,0.0
2021-06-04 00:00:00-04:00,57.25338554959603,57.3726806640625,57.185215055302,57.3726806640625,2248800,0.0,0.0,0.0
2021-06-07 00:00:00-04:00,57.398247643410706,57.42380995557638,57.244867269319954,57.415287017822266,2076300,0.0,0.0,0.0
2021-06-08 00:00:00-04:00,57.44937415743802,57.44937415743802,57.20226096321364,57.321556091308594,2670500,0.0,0.0,0.0
2021-06-09 00:00:00-04:00,57.26189905571155,57.30450723773928,57.09147932979229,57.12556457519531,2381500,0.0,0.0,0.0
2021-06-10 00:00:00-04:00,57.27894583163477,57.44084912457662,57.18521303057327,57.381195068359375,2868600,0.0,0.0,0.0
2021-06-11 00:00:00-04:00,57.440843458975735,57.44935989379883,57.22781556868331,57.44935989379883,1968700,0.0,0.0,0.0
2021-06-14 00:00:00-04:00,57.440845426027145,57.52605528484305,57.33858969479075,57.51753234863281,2205200,0.0,0.0,0.0
2021-06-15 00:00:00-04:00,57.52607060183052,57.52607060183052,57.30451970904223,57.46642303466797,2232400,0.0,0.0,0.0
2021-06-16 00:00:00-04:00,57.44084337120714,57.509007355164144,56.75915152287487,56.9721794128418,2892300,0.0,0.0,0.0
2021-06-17 00:00:00-04:00,56.79324820300627,56.90402038770321,56.47796452196587,56.708038330078125,3016400,0.0,0.0,0.0
2021-06-18 00:00:00-04:00,55.941135306245684,56.05190748863517,55.72810737781451,55.80479431152344,3480900,0.0,0.0,0.0
2021-06-21 00:00:00-04:00,56.05815928192149,56.49618260745149,55.91215369095317,56.453243255615234,2346700,0.515,0.0,0.0
2021-06-22 00:00:00-04:00,56.22992854073126,56.53912066257724,56.075332479808274,56.444644927978516,2623600,0.0,0.0,0.0
2021-06-23 00:00:00-04:00,56.496187481939764,56.60784422212283,56.21276021434126,56.27288055419922,2946200,0.0,0.0,0.0
2021-06-24 00:00:00-04:00,56.72808364831219,56.822559402090725,56.659372817814095,56.77961349487305,5353100,0.0,0.0,0.0
2021-06-25 00:00:00-04:00,57.054440205871934,57.054440205871934,56.88266971253428,57.03726577758789,3014600,0.0,0.0,0.0
2021-06-28 00:00:00-04:00,56.91701285561531,56.93419383479898,56.67653156803305,56.805362701416016,2728500,0.0,0.0,0.0
2021-06-29 00:00:00-04:00,56.771019395572424,56.78820037841797,56.61642331308773,56.78820037841797,2387200,0.0,0.0,0.0
2021-06-30 00:00:00-04:00,56.32440451965766,56.53053041757442,56.22992878464911,56.4102897644043,3182400,0.0,0.0,0.0
2021-07-01 00:00:00-04:00,56.45324619992023,56.461830139160156,56.17840943385904,56.461830139160156,2362600,0.0,0.0,0.0
2021-07-02 00:00:00-04:00,56.453242095321194,56.57348276219143,56.24710962129374,56.539127349853516,1906400,0.0,0.0,0.0
2021-07-06 00:00:00-04:00,56.41887249657694,56.44463741119561,55.8520181644731,56.07532501220703,2748700,0.0,0.0,0.0
2021-07-07 00:00:00-04:00,56.33299773963317,56.367353153717616,55.9551012899548,56.25570297241211,2172800,0.0,0.0,0.0
2021-07-08 00:00:00-04:00,55.2250534067943,55.491299610788026,55.07904129408529,55.39682388305664,2740000,0.0,0.0,0.0
2021-07-09 00:00:00-04:00,56.01521309000211,56.35017013549805,55.88638194497501,56.35017013549805,2250200,0.0,0.0,0.0
2021-07-12 00:00:00-04:00,56.255696807977365,56.47041320800781,56.186985987337735,56.47041320800781,2282800,0.0,0.0,0.0
2021-07-13 00:00:00-04:00,56.393116072172916,56.49617574616367,56.247103946312286,56.30722427368164,2417400,0.0,0.0,0.0
2021-07-14 00:00:00-04:00,56.58205621835633,56.599237197654766,56.332984439518455,56.401695251464844,2334800,0.0,0.0,0.0
2021-07-15 00:00:00-04:00,56.126869864705355,56.28146594642079,55.90356295719974,56.10969543457031,2196100,0.0,0.0,0.0
2021-07-16 00:00:00-04:00,56.10969251449236,56.14404792559952,55.58578396220132,55.680259704589844,2590900,0.0,0.0,0.0
2021-07-19 00:00:00-04:00,54.79562066123973,54.8557409867861,54.41772100404653,54.73550033569336,4278400,0.0,0.0,0.0
2021-07-20 00:00:00-04:00,54.52937842710951,55.13916894094676,54.426312196086194,55.05328369140625,2436400,0.0,0.0,0.0
2021-07-21 00:00:00-04:00,55.21646635461666,55.75754928588867,55.19928537434666,55.75754928588867,2139600,0.0,0.0,0.0
2021-07-22 00:00:00-04:00,55.96368124349795,55.96368124349795,55.62871765740565,55.82625961303711,2260900,0.0,0.0,0.0
2021-07-23 00:00:00-04:00,55.903565116833676,55.903565116833676,55.68884869241328,55.886390686035156,1879400,0.0,0.0,0.0
2021-07-26 00:00:00-04:00,55.48272198524138,55.69743840666463,55.45695706309062,55.65449905395508,2365900,0.0,0.0,0.0
2021-07-27 00:00:00-04:00,55.113399677911445,55.17352000311423,54.79562034808073,55.16493606567383,4227400,0.0,0.0,0.0
2021-07-28 00:00:00-04:00,55.39682733170733,55.85202501950151,55.28517717044855,55.75754928588867,2919700,0.0,0.0,0.0
2021-07-29 00:00:00-04:00,56.15263076096713,56.221341581831844,56.075336001962725,56.10110092163086,2212900,0.0,0.0,0.0
2021-07-30 00:00:00-04:00,55.79191274189097,56.006629157870826,55.620142230157086,55.77473831176758,2499100,0.0,0.0,0.0
2021-08-02 00:00:00-04:00,56.23852734583026,56.298647681043335,55.96369059162409,56.006629943847656,2562900,0.0,0.0,0.0
2021-08-03 00:00:00-04:00,56.16122581205568,56.37594223022461,55.937918902424975,56.37594223022461,3102800,0.0,0.0,0.0
2021-08-04 00:00:00-04:00,56.47901321042037,56.6164283222173,56.28147120596936,56.32441711425781,1909500,0.0,0.0,0.0
2021-08-05 00:00:00-04:00,56.47900685120423,56.58206653529159,56.42747045653567,56.48759078979492,1641600,0.0,0.0,0.0
2021-08-06 00:00:00-04:00,56.35016750375635,56.367341931066555,56.13545112294723,56.221336364746094,1644600,0.0,0.0,0.0
2021-08-09 00:00:00-04:00,56.24710912208689,56.30722945498842,56.13545894744828,56.22993469238281,1695300,0.0,0.0,0.0
2021-08-10 00:00:00-04:00,56.22992906585197,56.33298873901367,56.20416414756155,56.33298873901367,1882100,0.0,0.0,0.0
2021-08-11 00:00:00-04:00,56.65077545460049,56.69372135660921,56.47900495181496,56.67654037475586,2011500,0.0,0.0,0.0
2021-08-12 00:00:00-04:00,56.48759078979493,56.51336226344164,56.29864585142648,56.48759078979492,1999800,0.0,0.0,0.0
2021-08-13 00:00:00-04:00,56.547709221354374,56.67654037475586,56.42746855887957,56.67654037475586,1834500,0.0,0.0,0.0
2021-08-16 00:00:00-04:00,56.22993419607173,56.29864501953125,56.02380827831795,56.29864501953125,2095500,0.0,0.0,0.0
2021-08-17 00:00:00-04:00,55.6459047888544,55.76614545248754,55.34530312977156,55.611549377441406,3460700,0.0,0.0,0.0
2021-08-18 00:00:00-04:00,55.72320499965399,55.94651191936498,55.48272364886924,55.49990463256836,2273400,0.0,0.0,0.0
2021-08-19 00:00:00-04:00,54.71832157125164,54.984567785993306,54.63243632965342,54.84715270996094,2580800,0.0,0.0,0.0
2021-08-20 00:00:00-04:00,54.56373125669866,55.010345044201834,54.537966336770516,54.9931640625,2229400,0.0,0.0,0.0
2021-08-23 00:00:00-04:00,55.3538913201121,55.66308349395467,55.33671688939872,55.58578872680664,2407600,0.0,0.0,0.0
2021-08-24 00:00:00-04:00,55.86921368485233,56.161224863369334,55.83485827221063,56.09251403808594,1927500,0.0,0.0,0.0
2021-08-25 00:00:00-04:00,56.023798510275554,56.16121358061078,55.92932278264725,56.144039154052734,2090800,0.0,0.0,0.0
2021-08-26 00:00:00-04:00,55.91214937853526,55.97226970856906,55.69743297803964,55.766143798828125,2452800,0.0,0.0,0.0
2021-08-27 00:00:00-04:00,55.877798567442674,56.38453272168639,55.84344315422064,56.37594223022461,2800200,0.0,0.0,0.0
2021-08-30 00:00:00-04:00,56.401707565608646,56.47041839255661,56.27287640323748,56.393123626708984,1819700,0.0,0.0,0.0
2021-08-31 00:00:00-04:00,56.66795759518897,56.72807792765571,56.53912643915318,56.59065628051758,4272200,0.0,0.0,0.0
2021-09-01 00:00:00-04:00,56.96855405430067,57.2777461794966,56.92560815533627,57.08879470825195,3064200,0.0,0.0,0.0
2021-09-02 00:00:00-04:00,57.26915404722894,57.363629780142574,57.14891339672504,57.24338912963867,3642200,0.0,0.0,0.0
2021-09-03 00:00:00-04:00,57.389402638704674,57.58694462193725,57.29492689271843,57.54399871826172,2504200,0.0,0.0,0.0
2021-09-07 00:00:00-04:00,57.55259368902987,57.655653381672764,57.501057290083,57.52682876586914,2766200,0.0,0.0,0.0
2021-09-08 00:00:00-04:00,57.269157548912894,57.277748039509575,56.83972475582045,56.94279098510742,3248600,0.0,0.0,0.0
2021-09-09 00:00:00-04:00,56.908439222040414,57.097390711529016,56.7796080653323,56.891258239746094,3102000,0.0,0.0,0.0
2021-09-10 00:00:00-04:00,57.31210896058136,57.3206928993791,56.75384496535192,56.78820037841797,2155500,0.0,0.0,0.0
2021-09-13 00:00:00-04:00,57.20045201649847,57.243397920827015,56.96856116994932,57.15751266479492,2718000,0.0,0.0,0.0
2021-09-14 00:00:00-04:00,57.2605673450251,57.26915783566479,56.77960471119315,56.8654899597168,3285900,0.0,0.0,0.0
2021-09-15 00:00:00-04:00,56.76242654723426,57.00291442871094,56.65077637387438,57.00291442871094,2548600,0.0,0.0,0.0
2021-09-16 00:00:00-04:00,56.650771811996854,56.771012466740274,56.45323640175734,56.72807312011719,2305600,0.0,0.0,0.0
2021-09-17 00:00:00-04:00,56.47041272703113,56.547707485123986,55.963685172535,56.1182746887207,2903700,0.0,0.0,0.0
2021-09-20 00:00:00-04:00,54.92394343907819,55.122570666595486,54.48351702967643,54.94121551513672,5082900,0.357,0.0,0.0
2021-09-21 00:00:00-04:00,55.58890562241376,55.64935624014172,55.29528363014712,55.4334602355957,4246200,0.0,0.0,0.0
2021-09-22 00:00:00-04:00,55.78752521122617,56.271136732607694,55.76161874534598,55.87388229370117,2524100,0.0,0.0,0.0
2021-09-23 00:00:00-04:00,56.27976960752087,56.54748513686441,56.22795667412295,56.43521499633789,4563500,0.0,0.0,0.0
2021-09-24 00:00:00-04:00,55.873882477638006,56.01205908095133,55.8307072305699,55.89979553222656,2144400,0.0,0.0,0.0
2021-09-27 00:00:00-04:00,55.79616691531837,56.06387586686212,55.71844092345576,55.98615646362305,2603300,0.0,0.0,0.0
2021-09-28 00:00:00-04:00,55.29528744564226,55.32983159938803,54.725322086084375,54.90667724609375,4044000,0.0,0.0,0.0
2021-09-29 00:00:00-04:00,54.94985049041732,55.01030110648517,54.61305325966457,54.67350387573242,2628600,0.0,0.0,0.0
2021-09-30 00:00:00-04:00,54.87213109046966,55.00166672082276,54.51806176327246,54.63032531738281,2921600,0.0,0.0,0.0
2021-10-01 00:00:00-04:00,54.70805153002437,54.88076900924271,54.30216924231998,54.78577423095703,3007100,0.0,0.0,0.0
2021-10-04 00:00:00-04:00,54.58714645498115,54.58714645498115,53.948096109291725,54.21580505371094,4093400,0.0,0.0,0.0
2021-10-05 00:00:00-04:00,54.310792516221454,54.72531240490457,54.25897958908058,54.54396057128906,2395000,0.0,0.0,0.0
2021-10-06 00:00:00-04:00,53.740833290081085,54.23307591904262,53.55084375107432,54.22444152832031,3441400,0.0,0.0,0.0
2021-10-07 00:00:00-04:00,54.59577745681368,55.00165966636941,54.59577745681368,54.846214294433594,2470400,0.0,0.0,0.0
2021-10-08 00:00:00-04:00,54.984394917007464,55.027576754984146,54.81168074234759,54.91530990600586,2134200,0.0,0.0,0.0
2021-10-11 00:00:00-04:00,55.05348142260527,55.217561200893016,54.742590647481876,54.75122833251953,2498800,0.0,0.0,0.0
2021-10-12 00:00:00-04:00,54.846225704163025,54.932586092265964,54.67351151658107,54.71669006347656,2352100,0.0,0.0,0.0
2021-10-13 00:00:00-04:00,55.079388797868596,55.38164189294131,54.93258109292232,55.33846664428711,2782600,0.0,0.0,0.0
2021-10-14 00:00:00-04:00,55.78753419786083,55.85662251041927,55.657995258969784,55.8048095703125,2113600,0.0,0.0,0.0
2021-10-15 00:00:00-04:00,56.11568840149403,56.30567133751186,56.02932473493181,56.28840255737305,2424500,0.0,0.0,0.0
2021-10-18 00:00:00-04:00,55.934333697711324,56.18477385245054,55.86525198393266,56.115692138671875,2434700,0.0,0.0,0.0
2021-10-19 00:00:00-04:00,56.409309095707066,56.60793632343109,56.36612725835995,56.564754486083984,2345400,0.0,0.0,0.0
2021-10-20 00:00:00-04:00,56.61656833754708,56.78065141577727,56.53021125007667,56.71156311035156,2097500,0.0,0.0,0.0
2021-10-21 00:00:00-04:00,56.32295055618874,56.504302408844694,56.27976871995596,56.37476348876953,2856200,0.0,0.0,0.0
2021-10-22 00:00:00-04:00,56.573391818359816,56.77201245622147,56.33158934342044,56.5474853515625,2412300,0.0,0.0,0.0
2021-10-25 00:00:00-04:00,56.564758833162436,56.68566008067776,56.38340696188945,56.607940673828125,2118200,0.0,0.0,0.0
2021-10-26 00:00:00-04:00,56.832463429490716,56.88428295203191,56.48703508520719,56.564754486083984,2660100,0.0,0.0,0.0
2021-10-27 00:00:00-04:00,56.504295574506244,56.6079280157564,56.253855449618484,56.26249313354492,2763900,0.0,0.0,0.0
2021-10-28 00:00:00-04:00,56.42657705392734,56.67701721191406,56.32295118760403,56.67701721191406,2776400,0.0,0.0,0.0
2021-10-29 00:00:00-04:00,56.150222111867656,56.22794808871988,56.012052114362525,56.20204162597656,2754600,0.0,0.0,0.0
2021-11-01 00:00:00-04:00,56.461120886068926,56.75474287911094,56.37476380174711,56.7461051940918,2571500,0.0,0.0,0.0
2021-11-02 00:00:00-04:00,56.51294012670287,56.5561153743376,56.4093076728578,56.46112060546875,2919800,0.0,0.0,0.0
2021-11-03 00:00:00-04:00,56.3661261488397,56.88428183231219,56.271137968067826,56.832462310791016,4614200,0.0,0.0,0.0
2021-11-04 00:00:00-04:00,56.78928998885812,56.81519645664188,56.58202506934098,56.77201461791992,2539600,0.0,0.0,0.0
2021-11-05 00:00:00-04:00,56.89291763305664,56.89291763305664,56.659752827112726,56.89291763305664,2120900,0.0,0.0,0.0
2021-11-08 00:00:00-05:00,57.03972315128347,57.1174425450871,57.005179002274275,57.07426071166992,2736700,0.0,0.0,0.0
2021-11-09 00:00:00-05:00,57.08289831885736,57.11744246781983,56.737463417855466,56.901546478271484,2908100,0.0,0.0,0.0
2021-11-10 00:00:00-05:00,56.797922166039065,56.92746109604531,56.262504251994635,56.33159255981445,2217700,0.0,0.0,0.0
2021-11-11 00:00:00-05:00,56.711569177467986,56.84974580310181,56.633849767017075,56.702938079833984,2717300,0.0,0.0,0.0
2021-11-12 00:00:00-05:00,56.84974173072679,57.03973128305151,56.789291108498354,57.03109359741211,2345200,0.0,0.0,0.0
2021-11-15 00:00:00-05:00,57.186533383304116,57.186533383304116,56.867004932242835,56.910186767578125,2374500,0.0,0.0,0.0
2021-11-16 00:00:00-05:00,56.90154347447878,56.95335640087594,56.78064225380382,56.78927993774414,2364100,0.0,0.0,0.0
2021-11-17 00:00:00-05:00,56.78064549026156,56.78064549026156,56.56474949980429,56.65974426269531,3186800,0.0,0.0,0.0
2021-11-18 00:00:00-05:00,56.49565766522911,56.55610827522832,56.2193110782867,56.504295349121094,2511800,0.0,0.0,0.0
2021-11-19 00:00:00-05:00,56.3661363341062,56.374774020691085,56.12433381872477,56.14160919189453,2092600,0.0,0.0,0.0
2021-11-22 00:00:00-05:00,56.09841210866401,56.21931333351234,55.78752136230468,55.78752136230469,2860100,0.0,0.0,0.0
2021-11-23 00:00:00-05:00,55.709807844761585,55.90842848283348,55.48527415124165,55.75298309326172,3963500,0.0,0.0,0.0
2021-11-24 00:00:00-05:00,55.09666231769299,55.52845764160156,55.0793902411917,55.52845764160156,2959100,0.0,0.0,0.0
2021-11-26 00:00:00-05:00,54.345334795277054,54.35396918473324,53.714918947019555,53.939449310302734,3383200,0.0,0.0,0.0
2021-11-29 00:00:00-05:00,54.40578691951062,54.42305899321511,53.939450812422976,54.1726188659668,3831100,0.0,0.0,0.0
2021-11-30 00:00:00-05:00,54.094906112007614,54.28489566332343,53.34358888664968,53.8099250793457,5560600,0.0,0.0,0.0
2021-12-01 00:00:00-05:00,54.561245049556184,54.82895731312267,53.55084991455078,53.55084991455078,4018800,0.0,0.0,0.0
2021-12-02 00:00:00-05:00,53.965368718071986,54.42306721025717,53.913552489135064,54.25898742675781,5454900,0.0,0.0,0.0
2021-12-03 00:00:00-05:00,54.3626192558598,54.41443219302553,53.59402994099056,53.87037658691406,6946000,0.0,0.0,0.0
2021-12-06 00:00:00-05:00,54.10353707992002,54.44033430138975,53.92218194240358,54.39715576171875,3933900,0.0,0.0,0.0
2021-12-07 00:00:00-05:00,55.044844533521875,55.459364450101766,55.044844533521875,55.44208908081055,2452900,0.0,0.0,0.0
2021-12-08 00:00:00-05:00,55.47662999616516,55.60616890380478,55.34709108852554,55.571624755859375,3106300,0.0,0.0,0.0
2021-12-09 00:00:00-05:00,55.26937514756046,55.329825763083186,55.10529537604327,55.157108306884766,2733200,0.0,0.0,0.0
2021-12-10 00:00:00-05:00,55.26937952044897,55.31256135864871,55.03621143027967,55.243473052978516,2410300,0.0,0.0,0.0
2021-12-13 00:00:00-05:00,54.941215207212515,54.967124968310934,54.54396734302768,54.56987380981445,2783600,0.0,0.0,0.0
2021-12-14 00:00:00-05:00,54.35398483276367,54.5871529469412,54.13808879678212,54.35398483276367,3211900,0.0,0.0,0.0
2021-12-15 00:00:00-05:00,54.39716109956932,54.82031544190406,54.00854761577393,54.803043365478516,3373500,0.0,0.0,0.0
2021-12-16 00:00:00-05:00,55.122571512882445,55.23483506751897,54.716685955054594,54.87213134765625,3638400,0.0,0.0,0.0
2021-12-17 00:00:00-05:00,54.414423106717564,54.64759116796379,54.25898102686474,54.293521881103516,3030100,0.0,0.0,0.0
2021-12-20 00:00:00-05:00,53.82098182234439,53.95248906257763,53.59303972955724,53.926185607910156,4681200,0.941,0.0,0.0
2021-12-21 00:00:00-05:00,54.250566028143425,54.653849969228034,54.23303150752655,54.645084381103516,3493100,0.0,0.0,0.0
2021-12-22 00:00:00-05:00,54.56618284124148,55.13603973388672,54.53111379863833,55.13603973388672,3550100,0.0,0.0,0.0
2021-12-23 00:00:00-05:00,55.19741020750627,55.54809395319603,55.16234116406369,55.44289016723633,11488700,0.0,0.0,0.0
2021-12-27 00:00:00-05:00,55.52178825976093,55.846168518066406,55.45165017992855,55.846168518066406,5509500,0.0,0.0,0.0
2021-12-28 00:00:00-05:00,55.93384371677998,55.96891276042246,55.76727077603032,55.78480529785156,3552900,0.0,0.0,0.0
2021-12-29 00:00:00-05:00,55.776027618659526,55.776027618659526,55.574385665886346,55.73219299316406,3392300,0.0,0.0,0.0
2021-12-30 00:00:00-05:00,55.78480371100109,55.94261105853519,55.74973466835618,55.81110382080078,2937700,0.0,0.0,0.0
2021-12-31 00:00:00-05:00,55.79356213773122,55.995204090504394,55.697123955020665,55.73219299316406,4107700,0.0,0.0,0.0
2022-01-03 00:00:00-05:00,56.02151336259957,56.09164810180664,55.7409677170355,56.09164810180664,4671400,0.0,0.0,0.0
2022-01-04 00:00:00-05:00,56.328349930780455,56.398488002916665,56.06533884900436,56.161773681640625,3768100,0.0,0.0,0.0
2022-01-05 00:00:00-05:00,56.302060222427876,56.407260661323384,55.5831615721195,55.60069274902344,4854100,0.0,0.0,0.0
2022-01-06 00:00:00-05:00,55.43412123419165,55.69713237127494,55.23247925094886,55.44289016723633,5261900,0.0,0.0,0.0
2022-01-07 00:00:00-05:00,55.40781269077895,55.749727451384935,55.25877095101599,55.688358306884766,3575300,0.0,0.0,0.0
2022-01-10 00:00:00-05:00,55.276309967041016,55.33767911653384,54.83795698816778,55.276309967041016,6568300,0.0,0.0,0.0
2022-01-11 00:00:00-05:00,55.45165093474398,56.08288028435693,55.33767822564881,56.065345764160156,3647000,0.0,0.0,0.0
2022-01-12 00:00:00-05:00,56.512466127403485,56.7491804854305,56.42479686798953,56.72287368774414,3778400,0.0,0.0,0.0
2022-01-13 00:00:00-05:00,56.810547464703326,56.8368475726488,56.170549186843,56.23191833496094,3859200,0.0,0.0,0.0
2022-01-14 00:00:00-05:00,55.968910380522765,56.258221617350976,55.81110303520994,56.1793212890625,4237300,0.0,0.0,0.0
2022-01-18 00:00:00-05:00,55.48672745648095,55.63576588169695,55.21494737333809,55.34645462036133,4552100,0.0,0.0,0.0
2022-01-19 00:00:00-05:00,55.64452337084043,55.74096155290742,55.34644323734589,55.39027786254883,4116000,0.0,0.0,0.0
2022-01-20 00:00:00-05:00,55.77603974205531,56.05658541944632,55.17987934150733,55.23248291015625,4046900,0.0,0.0,0.0
2022-01-21 00:00:00-05:00,55.109737301327954,55.136037409987814,54.41713878876365,54.43467330932617,5924000,0.0,0.0,0.0
2022-01-24 00:00:00-05:00,53.479059847734085,53.82097461330111,52.40947758058177,53.80344009399414,11189000,0.0,0.0,0.0
2022-01-25 00:00:00-05:00,53.25988803046067,53.94371762139479,52.874138605076695,53.601802825927734,6837100,0.0,0.0,0.0
2022-01-26 00:00:00-05:00,54.15413206508225,54.25933585262957,53.04948059054701,53.259891510009766,7193700,0.0,0.0,0.0
2022-01-27 00:00:00-05:00,53.35631838336666,53.54042580858797,52.76015813985897,52.882896423339844,6360300,0.0,0.0,0.0
2022-01-28 00:00:00-05:00,52.68126986528198,53.13715744018555,52.3393550201964,53.13715744018555,5837400,0.0,0.0,0.0
2022-01-31 00:00:00-05:00,53.34755402615757,54.21549436062537,53.277419291455345,54.15412521362305,5351000,0.0,0.0,0.0
2022-02-01 00:00:00-05:00,54.44344398052617,54.6187858581543,54.057694525238794,54.6187858581543,5750700,0.0,0.0,0.0
2022-02-02 00:00:00-05:00,54.94316477136893,55.004537269702894,54.574949847573535,54.899330139160156,4692400,0.0,0.0,0.0
2022-02-03 00:00:00-05:00,54.39961005355026,54.53988288860048,54.110298794420274,54.162899017333984,5118900,0.0,0.0,0.0
2022-02-04 00:00:00-05:00,53.99632664325097,54.496048832438014,53.87358832932688,54.250572204589844,3914900,0.0,0.0,0.0
2022-02-07 00:00:00-05:00,54.25057172395585,54.59248655096324,54.18920256753751,54.32947540283203,3827300,0.0,0.0,0.0
2022-02-08 00:00:00-05:00,54.27686613688481,54.6976845985863,54.19796246629279,54.645084381103516,3663500,0.0,0.0,0.0
2022-02-09 00:00:00-05:00,55.3113836176225,55.53932571411133,55.24124552986096,55.53932571411133,3851100,0.0,0.0,0.0
2022-02-10 00:00:00-05:00,54.81165812084176,55.65329505668894,54.79412359996562,54.90809631347656,4272900,0.0,0.0,0.0
2022-02-11 00:00:00-05:00,54.9080928417861,55.10973480256055,54.013852399850926,54.15412521362305,4527300,0.0,0.0,0.0
2022-02-14 00:00:00-05:00,53.92618873387643,54.01386134723676,53.470304521875654,53.82975387573242,5785100,0.0,0.0,0.0
2022-02-15 00:00:00-05:00,54.460977020887114,54.83796087700132,54.40837680008759,54.81166076660156,3406500,0.0,0.0,0.0
2022-02-16 00:00:00-05:00,54.63631426833646,55.20617447078713,54.62754868040131,55.057132720947266,4709900,0.0,0.0,0.0
2022-02-17 00:00:00-05:00,54.74152551264428,54.7765945579042,54.241803322979266,54.29440689086914,4655500,0.0,0.0,0.0
2022-02-18 00:00:00-05:00,54.21549524291633,54.34700247112868,53.820976902647025,53.952484130859375,5668900,0.0,0.0,0.0
2022-02-22 00:00:00-05:00,53.44400008638121,53.742080277607876,52.96181242702377,53.312496185302734,6423500,0.0,0.0,0.0
2022-02-23 00:00:00-05:00,53.79467787607551,53.82097798449954,52.751395650351526,52.78646469116211,6576400,0.0,0.0,0.0
2022-02-24 00:00:00-05:00,50.75250704696512,52.14646964499068,50.66483778947634,52.11140060424805,10284300,0.0,0.0,0.0
2022-02-25 00:00:00-05:00,52.48838122658256,53.32125249934543,52.365642935845045,53.294952392578125,5350000,0.0,0.0,0.0
2022-02-28 00:00:00-05:00,52.365645537675924,52.9881059541251,52.24290724084006,52.611122131347656,6364800,0.0,0.0,0.0
2022-03-01 00:00:00-05:00,52.391952386769994,52.56729426668209,51.36620790749173,51.62921905517578,8804100,0.0,0.0,0.0
2022-03-02 00:00:00-05:00,51.93605998465902,52.269205825110525,51.66427994646869,52.172767639160156,5479100,0.0,0.0,0.0
2022-03-03 00:00:00-05:00,52.02372952122675,52.10263318794501,51.19085822683788,51.37496566772461,4965900,0.0,0.0,0.0
2022-03-04 00:00:00-05:00,50.20895544554474,50.27032460095837,49.761833491110444,50.182655334472656,6581300,0.0,0.0,0.0
2022-03-07 00:00:00-05:00,49.73553760867302,49.82321022698101,48.44677854667721,48.58705139160156,8865200,0.0,0.0,0.0
2022-03-08 00:00:00-05:00,48.885123034129606,49.63032510943402,48.35033520587263,48.867591857910156,9446700,0.0,0.0,0.0
2022-03-09 00:00:00-05:00,50.007312191967564,50.75251097134729,49.81443579733693,50.55086898803711,4690200,0.0,0.0,0.0
2022-03-10 00:00:00-05:00,49.893335664306,50.19141582217749,49.621555614833596,49.91963577270508,5113500,0.0,0.0,0.0
2022-03-11 00:00:00-05:00,50.366757096648804,50.410591724927365,49.3147092961246,49.3234748840332,5387700,0.0,0.0,0.0
2022-03-14 00:00:00-04:00,49.71799476882636,49.95470578211132,49.148137894800655,49.25334167480469,5258400,0.0,0.0,0.0
2022-03-15 00:00:00-04:00,49.253342009805365,49.67416047705158,49.05170003660621,49.59525680541992,7418700,0.0,0.0,0.0
2022-03-16 00:00:00-04:00,50.81387741491988,51.743186950683594,50.52456618277314,51.743186950683594,5961900,0.0,0.0,0.0
2022-03-17 00:00:00-04:00,51.471403920399716,52.1026332549577,51.38373466587453,52.006195068359375,6045700,0.0,0.0,0.0
2022-03-18 00:00:00-04:00,51.64674693246492,52.6549601039614,51.5766121961449,52.611122131347656,4110800,0.0,0.0,0.0
2022-03-21 00:00:00-04:00,52.32133060819314,52.41792642112363,51.94371752599617,52.2247314453125,4272500,0.1,0.0,0.0
2022-03-22 00:00:00-04:00,52.61990791052794,52.85701404633367,52.5847836811107,52.78676223754883,2870900,0.0,0.0,0.0
2022-03-23 00:00:00-04:00,52.29497850820153,52.619900194832375,52.18081556697182,52.24229049682617,4103800,0.0,0.0,0.0
2022-03-24 00:00:00-04:00,52.417926406604685,52.62868852100864,52.23351165022008,52.60234451293945,3821800,0.0,0.0,0.0
2022-03-25 00:00:00-04:00,52.461831780491956,52.59355515629338,52.20716189734617,52.56721115112305,2918500,0.0,0.0,0.0
2022-03-28 00:00:00-04:00,52.31254844903989,52.496963210446786,52.06666210049736,52.470619201660156,3416000,0.0,0.0,0.0
2022-03-29 00:00:00-04:00,53.498077392578125,53.58589634115726,53.07655648924935,53.498077392578125,5072200,0.0,0.0,0.0
2022-03-30 00:00:00-04:00,53.35757510052531,53.533209663124076,53.09412493160249,53.31366729736328,3080200,0.0,0.0,0.0
2022-03-31 00:00:00-04:00,52.94483793449046,53.10290870644223,52.43549803599015,52.46184539794922,3909300,0.0,0.0,0.0
2022-04-01 00:00:00-04:00,53.01508239031492,53.094117765319176,52.69016067083085,53.03264617919922,3351400,0.0,0.0,0.0
2022-04-04 00:00:00-04:00,53.190721747412255,53.489299485591204,53.12046993546159,53.462955474853516,3321200,0.0,0.0,0.0
2022-04-05 00:00:00-04:00,53.26974982069254,53.34000497295434,52.584778835890226,52.734066009521484,3586100,0.0,0.0,0.0
2022-04-06 00:00:00-04:00,52.2071661897065,52.330109357209196,51.794425541704534,52.075439453125,3949500,0.0,0.0,0.0
2022-04-07 00:00:00-04:00,51.97006953442897,52.20717569346829,51.6275839769113,52.040321350097656,3516000,0.0,0.0,0.0
2022-04-08 00:00:00-04:00,51.917377237517705,52.23351877728486,51.81199784091219,52.057884216308594,3724000,0.0,0.0,0.0
2022-04-11 00:00:00-04:00,51.750522774058,51.86468573352363,51.4168174655933,51.44316482543945,3807000,0.0,0.0,0.0
2022-04-12 00:00:00-04:00,51.6275834290827,51.73296282644286,51.07433573052823,51.16215133666992,4153800,0.0,0.0,0.0
2022-04-13 00:00:00-04:00,51.21483028600094,51.79442185580332,51.21483028600094,51.7680778503418,3236000,0.0,0.0,0.0
2022-04-14 00:00:00-04:00,51.768083653724226,51.82955523999218,51.408034355604656,51.42559814453125,4363800,0.0,0.0,0.0
2022-04-18 00:00:00-04:00,51.21483901156367,51.52219696081269,51.10945962181406,51.23240280151367,3979400,0.0,0.0,0.0
2022-04-19 00:00:00-04:00,50.89869910070317,51.34656738370431,50.837227508910935,51.33778381347656,3052400,0.0,0.0,0.0
2022-04-20 00:00:00-04:00,51.66270421996773,51.70661201726648,51.39925073627482,51.522193908691406,3698300,0.0,0.0,0.0
2022-04-21 00:00:00-04:00,51.87346610216372,51.94372126202095,50.74941034405128,50.85478973388672,3990700,0.0,0.0,0.0
2022-04-22 00:00:00-04:00,50.81087615056076,50.81965636956833,50.011742222870936,50.064430236816406,4676200,0.0,0.0,0.0
2022-04-25 00:00:00-04:00,49.39703258049318,49.783425940473904,49.07211081528323,49.721954345703125,5794400,0.0,0.0,0.0
2022-04-26 00:00:00-04:00,49.34433778101344,49.38824893133061,48.448604583740234,48.448604583740234,5871500,0.0,0.0,0.0
2022-04-27 00:00:00-04:00,48.70327389308552,49.03697920151678,48.466167754196235,48.773529052734375,6382800,0.0,0.0,0.0
2022-04-28 00:00:00-04:00,49.11601633385466,49.57266483801655,48.66814804998701,49.493629455566406,4735300,0.0,0.0,0.0
2022-04-29 00:00:00-04:00,49.80098518119947,50.073218897416275,49.010634742101296,49.054542541503906,4672000,0.0,0.0,0.0
2022-05-02 00:00:00-04:00,48.905250549316406,49.10722910052257,48.34322269379487,48.905250549316406,7684200,0.0,0.0,0.0
2022-05-03 00:00:00-04:00,49.230174967927034,49.44093373595896,49.080884436450056,49.3267707824707,6524200,0.0,0.0,0.0
2022-05-04 00:00:00-04:00,49.15114017219621,50.14346913745624,48.69449170280696,50.038089752197266,4962500,0.0,0.0,0.0
2022-05-05 00:00:00-04:00,49.291636880871366,49.31798088421775,48.009507335504516,48.43981170654297,5915700,0.0,0.0,0.0
2022-05-06 00:00:00-04:00,48.10611335174339,48.25540387524413,47.64068469308528,47.93926239013672,9829300,0.0,0.0,0.0
2022-05-09 00:00:00-04:00,47.113787683046255,47.18403949013913,46.393689073105385,46.472721099853516,9817900,0.0,0.0,0.0
2022-05-10 00:00:00-04:00,47.20160347458041,47.263075062272215,46.340997896944884,46.7098274230957,8224000,0.0,0.0,0.0
2022-05-11 00:00:00-04:00,46.850331746539744,47.43870693121236,46.393686649416345,46.45515823364258,8144000,0.0,0.0,0.0
2022-05-12 00:00:00-04:00,46.147799013382844,46.69226307641849,45.875568656840144,46.27952575683594,7090700,0.0,0.0,0.0
2022-05-13 00:00:00-04:00,46.81520857094181,47.53530715943177,46.81520857094181,47.52652359008789,4659800,0.0,0.0,0.0
2022-05-16 00:00:00-04:00,47.2630684574651,47.73728065334731,47.15768908614121,47.517738342285156,6070000,0.0,0.0,0.0
2022-05-17 00:00:00-04:00,48.39591258642837,48.49251174926758,48.10611509791077,48.49251174926758,4662800,0.0,0.0,0.0
2022-05-18 00:00:00-04:00,48.11489777428408,48.19393314696299,47.263072463183654,47.377235412597656,4803400,0.0,0.0,0.0
2022-05-19 00:00:00-04:00,47.38601541414047,48.15002512984382,47.359671406685216,47.895355224609375,7090200,0.0,0.0,0.0
2022-05-20 00:00:00-04:00,48.413484643421185,48.457392447678664,47.51775136677548,48.16759490966797,5473400,0.0,0.0,0.0
2022-05-23 00:00:00-04:00,48.61545323580221,48.940374940499176,48.43981870490248,48.8613395690918,4526900,0.0,0.0,0.0
2022-05-24 00:00:00-04:00,48.43981749306822,48.589108013080654,48.097332008854345,48.474945068359375,4841000,0.0,0.0,0.0
2022-05-25 00:00:00-04:00,48.19394007200505,48.73840418983324,48.19394007200505,48.55398941040039,3812500,0.0,0.0,0.0
2022-05-26 00:00:00-04:00,48.615459167254166,49.25652243579518,48.606675597164994,49.13357925415039,3625300,0.0,0.0,0.0
2022-05-27 00:00:00-04:00,49.47606612677972,49.757080078125,49.440938545373925,49.757080078125,4230600,0.0,0.0,0.0
2022-05-31 00:00:00-04:00,49.99418558896539,50.10834855210041,49.72195186147433,49.800987243652344,5375900,0.0,0.0,0.0
2022-06-01 00:00:00-04:00,50.02931158107436,50.081999600886085,49.14235861480582,49.3179931640625,3610900,0.0,0.0,0.0
2022-06-02 00:00:00-04:00,49.62534203192608,50.31031631368958,49.511182443256985,50.30153274536133,3789000,0.0,0.0,0.0
2022-06-03 00:00:00-04:00,49.73950369402111,49.80097527094217,49.42336224131297,49.53752517700195,3088300,0.0,0.0,0.0
2022-06-06 00:00:00-04:00,50.18738457546964,50.240072597627794,49.65170068385816,49.757080078125,3052000,0.0,0.0,0.0
2022-06-07 00:00:00-04:00,49.27407768738585,49.92392106345512,49.27407768738585,49.9063606262207,3318000,0.0,0.0,0.0
2022-06-08 00:00:00-04:00,49.63413382111802,49.81854858715853,49.4321552654617,49.50240707397461,3091800,0.0,0.0,0.0
2022-06-09 00:00:00-04:00,49.177485862153745,49.291648820891275,48.45738723002538,48.46616744995117,3184800,0.0,0.0,0.0
2022-06-10 00:00:00-04:00,47.8338845748395,47.86022858280929,47.35967233168235,47.500179290771484,4985400,0.0,0.0,0.0
2022-06-13 00:00:00-04:00,46.305873637681266,46.52541599516124,45.80531733062298,45.90191650390625,8690000,0.0,0.0,0.0
2022-06-14 00:00:00-04:00,46.00729427170404,46.218056401415126,45.41892238242587,45.79653549194336,7751800,0.0,0.0,0.0
2022-06-15 00:00:00-04:00,46.15658111085376,46.74495295295882,45.629677503796096,46.50784683227539,6058200,0.0,0.0,0.0
2022-06-16 00:00:00-04:00,45.37500796943547,45.58577008398987,45.01495867578225,45.30475616455078,7519300,0.0,0.0,0.0
2022-06-17 00:00:00-04:00,45.39257580854958,45.55943014119578,44.91836687090104,45.16425323486328,6459300,0.0,0.0,0.0
2022-06-21 00:00:00-04:00,45.89180559801862,46.13165864787664,45.88292365784318,45.936222076416016,5186500,0.589,0.0,0.0
2022-06-22 00:00:00-04:00,45.207773417812334,45.76743044044784,45.15447500816292,45.42985916137695,6154600,0.0,0.0,0.0
2022-06-23 00:00:00-04:00,45.38544686371732,45.518699677612815,44.94127533574544,45.367679595947266,5992600,0.0,0.0,0.0
2022-06-24 00:00:00-04:00,45.97175147908599,46.602474212646484,45.9006824105813,46.602474212646484,9896000,0.0,0.0,0.0
2022-06-27 00:00:00-04:00,46.64689397008209,46.78902872833824,46.44257546688637,46.54917907714844,7693200,0.0,0.0,0.0
2022-06-28 00:00:00-04:00,46.9489308915078,47.09995097877162,46.26490969518327,46.309326171875,4153500,0.0,0.0,0.0
2022-06-29 00:00:00-04:00,46.18496168306778,46.32709645097423,45.98952510641134,46.01617431640625,4307000,0.0,0.0,0.0
2022-06-30 00:00:00-04:00,45.305491833547045,45.89179806290139,45.11005529417575,45.847381591796875,5244300,0.0,0.0,0.0
2022-07-01 00:00:00-04:00,45.287726762119576,45.82961654663086,45.0656410070746,45.82961654663086,5644200,0.0,0.0,0.0
2022-07-05 00:00:00-04:00,44.60370707399106,44.985694885253906,44.31943754776197,44.985694885253906,5150000,0.0,0.0,0.0
2022-07-06 00:00:00-04:00,44.85244422852344,45.01234286750409,44.523754844412196,44.90574264526367,4508400,0.0,0.0,0.0
2022-07-07 00:00:00-04:00,45.367676903154276,45.71413013220708,45.367676903154276,45.68748092651367,3457700,0.0,0.0,0.0
2022-07-08 00:00:00-04:00,45.54534555558962,45.86514957455374,45.358794340780406,45.72301483154297,3940200,0.0,0.0,0.0
2022-07-11 00:00:00-04:00,45.07453170055365,45.11894817909794,44.79914411156287,44.834678649902344,4264400,0.0,0.0,0.0
2022-07-12 00:00:00-04:00,44.736956919474515,45.09229210923111,44.657005908746314,44.772491455078125,4540200,0.0,0.0,0.0
2022-07-13 00:00:00-04:00,44.23060446981931,44.896861805476824,44.177302663013094,44.71919250488281,4612000,0.0,0.0,0.0
2022-07-14 00:00:00-04:00,43.90190849817504,44.17729604226206,43.54657333900034,44.1151123046875,6584500,0.0,0.0,0.0
2022-07-15 00:00:00-04:00,44.37273449108365,44.66588592529297,44.11511420218841,44.66588592529297,3937700,0.0,0.0,0.0
2022-07-18 00:00:00-04:00,45.287720788124176,45.483157311186424,44.87019853931273,44.95014953613281,3950100,0.0,0.0,0.0
2022-07-19 00:00:00-04:00,45.65195376184845,46.025059645578,45.60753728227022,46.01617431640625,3203900,0.0,0.0,0.0
2022-07-20 00:00:00-04:00,45.8918006481063,45.98951892329667,45.55422934892858,45.767433166503906,4945800,0.0,0.0,0.0
2022-07-21 00:00:00-04:00,45.74966462147146,46.30043633408114,45.72301541580378,46.28266906738281,4363900,0.0,0.0,0.0
2022-07-22 00:00:00-04:00,46.34485201566231,46.593590356435044,45.874031316848935,46.051700592041016,3291600,0.0,0.0,0.0
2022-07-25 00:00:00-04:00,46.31820864486732,46.415926927969906,46.14053934729534,46.36262512207031,4134500,0.0,0.0,0.0
2022-07-26 00:00:00-04:00,46.12277315361743,46.193842229806584,45.80297247704646,45.82073974609375,4603100,0.0,0.0,0.0
2022-07-27 00:00:00-04:00,46.22048825406839,46.87786360847981,46.122769975421846,46.79791259765625,5222800,0.0,0.0,0.0
2022-07-28 00:00:00-04:00,46.79791431978152,47.144367583179495,46.46922832486035,47.082183837890625,3600000,0.0,0.0,0.0
2022-07-29 00:00:00-04:00,46.99334500494591,47.5174674987793,46.860092202420994,47.5174674987793,5015500,0.0,0.0,0.0
2022-08-01 00:00:00-04:00,47.34868558671324,47.63295510181561,47.13548514476642,47.384220123291016,4464800,0.0,0.0,0.0
2022-08-02 00:00:00-04:00,47.037765630126906,47.286500602129145,46.78902726936484,46.79791259765625,4379600,0.0,0.0,0.0
2022-08-03 00:00:00-04:00,46.993344859924136,47.17989607187569,46.717957316976936,47.099945068359375,3876900,0.0,0.0,0.0
2022-08-04 00:00:00-04:00,47.24208218975755,47.42863341110956,47.15324924304507,47.34868240356445,3120400,0.0,0.0,0.0
2022-08-05 00:00:00-04:00,46.81567717014073,47.14436313404294,46.80679184236087,47.117713928222656,2739400,0.0,0.0,0.0
2022-08-08 00:00:00-04:00,47.46417186837117,47.624073896677814,47.17990234888378,47.25985336303711,4357200,0.0,0.0,0.0
2022-08-09 00:00:00-04:00,47.25096524141726,47.32203431146827,46.93116459246704,47.011112213134766,3559700,0.0,0.0,0.0
2022-08-10 00:00:00-04:00,47.810623403650304,48.077125644932615,47.668488649049074,47.9882926940918,3485000,0.0,0.0,0.0
2022-08-11 00:00:00-04:00,48.28144627984195,48.50353205553352,47.97940948935103,48.05936050415039,3278900,0.0,0.0,0.0
2022-08-12 00:00:00-04:00,48.09489575651361,48.441349029541016,47.98829553144981,48.441349029541016,4126300,0.0,0.0,0.0
2022-08-15 00:00:00-04:00,48.05935861119801,48.22814596288184,47.952758391917605,48.16596221923828,3083500,0.0,0.0,0.0
2022-08-16 00:00:00-04:00,47.970518331923245,48.281437002644935,47.94386912836406,48.192604064941406,3950100,0.0,0.0,0.0
2022-08-17 00:00:00-04:00,47.79285775845436,48.103779874473766,47.6329557305038,47.85504150390625,4260900,0.0,0.0,0.0
2022-08-18 00:00:00-04:00,47.810614648005426,47.810614648005426,47.517463252908186,47.668479919433594,4561500,0.0,0.0,0.0
2022-08-19 00:00:00-04:00,47.206546536272775,47.286497541922195,46.922277047021424,47.02887725830078,4503400,0.0,0.0,0.0
2022-08-22 00:00:00-04:00,46.58470456073847,46.58470456073847,46.27378587384636,46.353736877441406,4510900,0.0,0.0,0.0
2022-08-23 00:00:00-04:00,46.30043816713492,46.780144220702674,46.29155622781393,46.47810745239258,3896900,0.0,0.0,0.0
2022-08-24 00:00:00-04:00,46.31820913633045,46.744613421771604,46.256025389834456,46.56694412231445,2838000,0.0,0.0,0.0
2022-08-25 00:00:00-04:00,46.78903178543098,47.17990493774414,46.69131688611285,47.17990493774414,3991400,0.0,0.0,0.0
2022-08-26 00:00:00-04:00,47.250963258968454,47.31314699827424,46.069468823398964,46.105003356933594,4330600,0.0,0.0,0.0
2022-08-29 00:00:00-04:00,45.92733188163644,46.20271603146102,45.874030083883554,45.97174835205078,4271800,0.0,0.0,0.0
2022-08-30 00:00:00-04:00,46.1938368951801,46.23825336828891,45.429861358173646,45.563114166259766,5631100,0.0,0.0,0.0
2022-08-31 00:00:00-04:00,45.678588394389536,45.82072650569548,45.37655507414167,45.38543701171875,6272600,0.0,0.0,0.0
2022-09-01 00:00:00-04:00,44.808022774364495,44.8968591137154,44.40827110794487,44.88797378540039,6685100,0.0,0.0,0.0
2022-09-02 00:00:00-04:00,45.09228962427145,45.39432638273773,44.47045222927586,44.612586975097656,5403900,0.0,0.0,0.0
2022-09-06 00:00:00-04:00,44.674772796851606,44.74583847869499,44.230601271861055,44.32831954956055,6222700,0.0,0.0,0.0
2022-09-07 00:00:00-04:00,44.01739066894158,44.71918238363408,43.99074146594998,44.71030044555664,8976000,0.0,0.0,0.0
2022-09-08 00:00:00-04:00,44.257248593392234,44.745836572313756,44.16841564768275,44.72806930541992,5414800,0.0,0.0,0.0
2022-09-09 00:00:00-04:00,45.385446643874985,45.723017952351206,45.349912108507,45.69636535644531,4552100,0.0,0.0,0.0
2022-09-12 00:00:00-04:00,46.20271584477644,46.45145417785874,46.13165017015254,46.30043411254883,5641800,0.0,0.0,0.0
2022-09-13 00:00:00-04:00,45.34990783994396,45.64306264599689,44.69253594131049,44.74583435058594,7001200,0.0,0.0,0.0
2022-09-14 00:00:00-04:00,44.94126919236382,45.11893845701751,44.71030152044558,44.967918395996094,3494800,0.0,0.0,0.0
2022-09-15 00:00:00-04:00,44.63923966886418,44.98569292707766,44.443803107303786,44.52375411987305,3473300,0.0,0.0,0.0
2022-09-16 00:00:00-04:00,44.12399679950681,44.346082557641054,43.9552128432783,44.18618392944336,5591300,0.0,0.0,0.0
2022-09-19 00:00:00-04:00,43.748431598233765,44.418460654406296,43.72162811858494,44.40059280395508,4662200,0.28,0.0,0.0
2022-09-20 00:00:00-04:00,43.8556378501588,43.96284155117298,43.534023339172045,43.77523422241211,5379200,0.0,0.0,0.0
2022-09-21 00:00:00-04:00,43.712693339956225,44.02537218469945,43.14986801147461,43.14986801147461,6743100,0.0,0.0,0.0
2022-09-22 00:00:00-04:00,43.28387241934925,43.355340404473914,42.846118656665155,43.01586151123047,9907200,0.0,0.0,0.0
2022-09-23 00:00:00-04:00,42.09569433013478,42.14036225559639,41.425665224377795,41.711544036865234,9985300,0.0,0.0,0.0
2022-09-26 00:00:00-04:00,41.29165660770444,41.64900337745272,40.907506359465735,41.06831359863281,10998400,0.0,0.0,0.0
2022-09-27 00:00:00-04:00,41.282730812178876,41.515009505389244,40.666305187172284,40.87178039550781,8675900,0.0,0.0,0.0
2022-09-28 00:00:00-04:00,40.82710736508065,41.80088313126726,40.6931001812788,41.65794372558594,9020800,0.0,0.0,0.0
2022-09-29 00:00:00-04:00,40.97004536360181,41.050448989532526,40.514423680679734,41.014713287353516,10262900,0.0,0.0,0.0
2022-09-30 00:00:00-04:00,40.86283692385552,41.398858762571685,40.82710122582277,40.8896369934082,12438800,0.0,0.0,0.0
2022-10-03 00:00:00-04:00,41.28271706075631,41.881278040389745,41.13977768483458,41.75620651245117,6893500,0.0,0.0,0.0
2022-10-04 00:00:00-04:00,42.71211104363589,43.29280072405094,42.685307569687645,43.239200592041016,5834900,0.0,0.0,0.0
2022-10-05 00:00:00-04:00,42.67638547642977,43.08733582308336,42.38157104864953,42.85506057739258,5350100,0.0,0.0,0.0
2022-10-06 00:00:00-04:00,42.53344136823929,42.72104866990481,42.23862697309887,42.26543045043945,5766500,0.0,0.0,0.0
2022-10-07 00:00:00-04:00,42.05102530241016,42.068893153715294,41.40779628720193,41.53287124633789,6630100,0.0,0.0,0.0
2022-10-10 00:00:00-04:00,41.461397206360715,41.532868607039454,41.00577895483761,41.21125411987305,5955600,0.0,0.0,0.0
2022-10-11 00:00:00-04:00,40.86283702964556,41.273787334254784,40.55015478296517,40.66629409790039,5975800,0.0,0.0,0.0
2022-10-12 00:00:00-04:00,40.603763580322266,40.818170980909734,40.460824177282554,40.603763580322266,7827500,0.0,0.0,0.0
2022-10-13 00:00:00-04:00,39.80866236395026,41.43459932806304,39.6835874061427,41.255924224853516,9492700,0.0,0.0,0.0
2022-10-14 00:00:00-04:00,41.55073584748127,41.56860369885426,40.55909565586189,40.603763580322266,5783200,0.0,0.0,0.0
2022-10-17 00:00:00-04:00,41.50606269017657,41.8187449378664,41.47032699193595,41.64900207519531,5545800,0.0,0.0,0.0
2022-10-18 00:00:00-04:00,42.193969157968624,42.23863708697354,41.541807852252205,41.86342239379883,6599200,0.0,0.0,0.0
2022-10-19 00:00:00-04:00,41.35419368236604,41.57753669848431,41.041511415034066,41.264854431152344,5362700,0.0,0.0,0.0
2022-10-20 00:00:00-04:00,41.398871845594975,41.94382948501071,41.22913233821336,41.30953598022461,5130600,0.0,0.0,0.0
2022-10-21 00:00:00-04:00,40.97003656593843,42.04208354549486,40.87176511002044,42.02421569824219,7106400,0.0,0.0,0.0
2022-10-24 00:00:00-04:00,41.47032643552875,41.67580499368355,41.16658322839003,41.55966567993164,10249900,0.0,0.0,0.0
2022-10-25 00:00:00-04:00,41.7472861352743,42.33691170234171,41.7472861352743,42.274375915527344,5486000,0.0,0.0,0.0
2022-10-26 00:00:00-04:00,42.30117025174455,43.06947085169005,42.30117025174455,42.765724182128906,5959500,0.0,0.0,0.0
2022-10-27 00:00:00-04:00,42.60491249994681,42.971194909823026,42.390505113062375,42.43517303466797,7565600,0.0,0.0,0.0
2022-10-28 00:00:00-04:00,42.18502963843234,42.64958351720567,42.09569038793135,42.640647888183594,6966200,0.0,0.0,0.0
2022-10-31 00:00:00-04:00,42.19395924746126,42.39943439897753,42.14929132894794,42.28329849243164,7571800,0.0,0.0,0.0
2022-11-01 00:00:00-04:00,43.212410068457295,43.2481457724691,42.6138523620089,42.74785614013672,4575300,0.0,0.0,0.0
2022-11-02 00:00:00-04:00,42.81038391907089,43.364277003926134,42.19395847579559,42.21182632446289,9256700,0.0,0.0,0.0
2022-11-03 00:00:00-04:00,41.702601649750854,42.22075559310285,41.702601649750854,42.05995178222656,6922100,0.0,0.0,0.0
2022-11-04 00:00:00-04:00,43.35534750121574,43.72162993078754,43.069468698035024,43.66802978515625,6595900,0.0,0.0,0.0
2022-11-07 00:00:00-05:00,43.828841785355976,43.92710986563885,43.6322988089012,43.79310607910156,4987900,0.0,0.0,0.0
2022-11-08 00:00:00-05:00,43.99856777554644,44.48992165794862,43.909231945270946,44.266578674316406,5489900,0.0,0.0,0.0
2022-11-09 00:00:00-05:00,43.90030206703366,44.17724862986853,43.53401966222311,43.55188751220703,4931000,0.0,0.0,0.0
2022-11-10 00:00:00-05:00,45.15102636511612,45.70491610814682,44.94555119282963,45.69598388671875,6188000,0.0,0.0,0.0
2022-11-11 00:00:00-05:00,46.15160899035123,46.68763096197791,46.06227313106164,46.60722732543945,5701100,0.0,0.0,0.0
2022-11-14 00:00:00-05:00,46.23200912810503,46.526823575749695,46.14267327557627,46.16053771972656,4871300,0.0,0.0,0.0
2022-11-15 00:00:00-05:00,47.02710585657176,47.09857725895305,46.240937470097776,46.62508773803711,5610700,0.0,0.0,0.0
2022-11-16 00:00:00-05:00,46.491081543480924,46.571485162990484,46.17839928630202,46.285606384277344,4175000,0.0,0.0,0.0
2022-11-17 00:00:00-05:00,45.63344518557547,46.339206503218485,45.63344518557547,46.32133865356445,3871300,0.0,0.0,0.0
2022-11-18 00:00:00-05:00,46.37494585540701,46.43748163015004,46.10693490537347,46.26774215698242,2951400,0.0,0.0,0.0
2022-11-21 00:00:00-05:00,45.856794438780895,45.93719466125657,45.65131584375088,45.88359451293945,3561200,0.0,0.0,0.0
2022-11-22 00:00:00-05:00,46.08906456954052,46.43747912659469,46.03546101924606,46.42854690551758,2667300,0.0,0.0,0.0
2022-11-23 00:00:00-05:00,46.473220344779214,46.92883864857611,46.473220344779214,46.90203857421875,3692000,0.0,0.0,0.0
2022-11-25 00:00:00-05:00,46.92883557103369,47.09857845201702,46.875235425834006,47.009239196777344,1578000,0.0,0.0,0.0
2022-11-28 00:00:00-05:00,46.7144220272132,47.044968708243196,46.45534333302638,46.48214340209961,4598400,0.0,0.0,0.0
2022-11-29 00:00:00-05:00,46.81270215218139,47.06284526432854,46.714430670139485,46.84843444824219,2997000,0.0,0.0,0.0
2022-11-30 00:00:00-05:00,47.330856228020984,47.94728178635379,46.946705929830536,47.79541015625,4961800,0.0,0.0,0.0
2022-12-01 00:00:00-05:00,48.161690629334124,48.28676218028252,47.83114390069277,48.04555130004883,3770100,0.0,0.0,0.0
2022-12-02 00:00:00-05:00,47.643539137765636,48.233164629636285,47.59886780321406,48.09022521972656,3303500,0.0,0.0,0.0
2022-12-05 00:00:00-05:00,48.00088822078427,48.054491780005804,47.31299121319147,47.42913055419922,4105300,0.0,0.0,0.0
2022-12-06 00:00:00-05:00,47.50059284922434,47.58099647442029,47.036042356918934,47.21471405029297,5205700,0.0,0.0,0.0
2022-12-07 00:00:00-05:00,47.09857739168629,47.31298478354633,46.96457021581573,47.10750961303711,3219200,0.0,0.0,0.0
2022-12-08 00:00:00-05:00,47.24151580058633,47.50952673877644,47.15217654922697,47.446990966796875,3201300,0.0,0.0,0.0
2022-12-09 00:00:00-05:00,47.518458190745314,47.759669053595054,47.35765094884548,47.375518798828125,3216500,0.0,0.0,0.0
2022-12-12 00:00:00-05:00,47.27724771082924,47.4112548828125,47.10750824653521,47.4112548828125,4744800,0.0,0.0,0.0
2022-12-13 00:00:00-05:00,48.67984773096884,48.688779952565625,47.84901139675741,47.974082946777344,3633700,0.0,0.0,0.0
2022-12-14 00:00:00-05:00,47.99195224307079,48.28676327586038,47.60780195190235,47.91154861450195,4006500,0.0,0.0,0.0
2022-12-15 00:00:00-05:00,47.41125339723454,47.44698909636953,46.63402068473963,46.76802444458008,4274000,0.0,0.0,0.0
2022-12-16 00:00:00-05:00,46.58935289909875,46.75909235856351,46.34814204115797,46.508949279785156,3589500,0.0,0.0,0.0
2022-12-19 00:00:00-05:00,46.76125022499368,46.76125022499368,46.34527395980065,46.45378875732422,3994600,0.629,0.0,0.0
2022-12-20 00:00:00-05:00,46.43569868707274,46.79741924952695,46.41761576361068,46.598472595214844,4195900,0.0,0.0,0.0
2022-12-21 00:00:00-05:00,46.78838546410416,47.13201626022801,46.72508142310923,47.041587829589844,5665500,0.0,0.0,0.0
2022-12-22 00:00:00-05:00,46.86977201281272,46.86977201281272,46.272931957288094,46.679866790771484,10104500,0.0,0.0,0.0
2022-12-23 00:00:00-05:00,46.57133903906054,46.860714073624706,46.48091063436768,46.78837203979492,3930600,0.0,0.0,0.0
2022-12-27 00:00:00-05:00,46.914986646847,47.21340322765177,46.90594173400908,47.041587829589844,4810400,0.0,0.0,0.0
2022-12-28 00:00:00-05:00,47.05062414428001,47.195311687242715,46.480918884277344,46.480918884277344,3637100,0.0,0.0,0.0
2022-12-29 00:00:00-05:00,46.96923215954805,47.3128663309206,46.96019069829053,47.24052429199219,4300000,0.0,0.0,0.0
2022-12-30 00:00:00-05:00,46.93307193522562,47.113928792310595,46.661779750351286,46.77029800415039,6677100,0.0,0.0,0.0
2023-01-03 00:00:00-05:00,47.24053208530327,47.557035025871514,46.896897857241086,47.08679962158203,4103100,0.0,0.0,0.0
2023-01-04 00:00:00-05:00,47.74693309583259,47.97300759292424,47.4304301797535,47.89162063598633,4198000,0.0,0.0,0.0
2023-01-05 00:00:00-05:00,47.43947422324369,47.62937598322474,47.34904579933555,47.47564697265625,3114200,0.0,0.0,0.0
2023-01-06 00:00:00-05:00,47.72884877091998,48.624105335666876,47.48468788962537,48.58793258666992,3166800,0.0,0.0,0.0
2023-01-09 00:00:00-05:00,49.06721118204277,49.29328569687818,48.850181579589844,48.850181579589844,3391800,0.0,0.0,0.0
2023-01-10 00:00:00-05:00,48.814006256560816,49.058167133669336,48.69644654914786,49.04912567138672,2874100,0.0,0.0,0.0
2023-01-11 00:00:00-05:00,49.19381660701364,49.3475456237793,49.040084140624586,49.3475456237793,3178900,0.0,0.0,0.0
2023-01-12 00:00:00-05:00,49.69117935955745,50.02576867769865,49.18477120131462,49.94438171386719,2455000,0.0,0.0,0.0
2023-01-13 00:00:00-05:00,49.7816048284875,50.251840208283774,49.73639061785045,50.22471237182617,2909600,0.0,0.0,0.0
2023-01-17 00:00:00-05:00,50.20662802127078,50.41461615828289,50.11619614672858,50.260887145996094,3188700,0.0,0.0,0.0
2023-01-18 00:00:00-05:00,50.83059094150826,50.87580515264164,49.989593505859375,49.989593505859375,6172400,0.0,0.0,0.0
2023-01-19 00:00:00-05:00,49.998640939627414,50.197584168572945,49.808739173515306,50.08906936645508,2565900,0.0,0.0,0.0
2023-01-20 00:00:00-05:00,50.15237074570759,50.60451978621983,50.00768319072861,50.58643341064453,2677600,0.0,0.0,0.0
2023-01-23 00:00:00-05:00,50.50504146542499,50.90293478960132,50.4598272557567,50.830589294433594,4040100,0.0,0.0,0.0
2023-01-24 00:00:00-05:00,50.604510736146224,50.9119721666933,50.477909579383805,50.839630126953125,4162200,0.0,0.0,0.0
2023-01-25 00:00:00-05:00,50.640695460185945,51.07475815017556,50.51409427347526,51.047630310058594,2680100,0.0,0.0,0.0
2023-01-26 00:00:00-05:00,51.192308546076966,51.28273696307309,50.8486743521703,51.22848129272461,2630800,0.0,0.0,0.0
2023-01-27 00:00:00-05:00,51.00240897214964,51.21943856203005,50.87580435349241,51.110923767089844,2768200,0.0,0.0,0.0
2023-01-30 00:00:00-05:00,50.767294349597684,50.939113194893075,50.5683476654129,50.577392578125,2793900,0.0,0.0,0.0
2023-01-31 00:00:00-05:00,50.450785793672274,50.848675668225525,50.31513971504433,50.830589294433594,2668200,0.0,0.0,0.0
2023-02-01 00:00:00-05:00,50.88485049615499,51.49977343172847,50.47791569325736,51.309871673583984,3922100,0.0,0.0,0.0
2023-02-02 00:00:00-05:00,51.47264460783298,51.47264460783298,50.92102568153862,51.18326950073242,3387700,0.0,0.0,0.0
2023-02-03 00:00:00-05:00,50.6406931686159,51.02049671156126,50.48696414874472,50.577392578125,3150200,0.0,0.0,0.0
2023-02-06 00:00:00-05:00,50.00768038069929,50.134281552989,49.75447803611986,50.052894592285156,3510600,0.0,0.0,0.0
2023-02-07 00:00:00-05:00,49.862990387041926,50.48695820502732,49.745430682988825,50.39652633666992,3316700,0.0,0.0,0.0
2023-02-08 00:00:00-05:00,50.351312406012795,50.432699363173434,50.03480948906757,50.17045211791992,2488500,0.0,0.0,0.0
2023-02-09 00:00:00-05:00,50.85772371948142,50.87580664476657,50.134282521637026,50.260887145996094,2396700,0.0,0.0,0.0
2023-02-10 00:00:00-05:00,50.03481319239609,50.107155243213796,49.81778014069632,50.0257682800293,2398500,0.0,0.0,0.0
2023-02-13 00:00:00-05:00,50.107156171062016,50.477918243629496,50.034814118904734,50.45079040527344,2067000,0.0,0.0,0.0
2023-02-14 00:00:00-05:00,50.15236217540582,50.694943001075465,50.007674645151816,50.45982360839844,2879600,0.0,0.0,0.0
2023-02-15 00:00:00-05:00,49.86299267580465,50.206626892089844,49.79065062742121,50.206626892089844,2293100,0.0,0.0,0.0
2023-02-16 00:00:00-05:00,49.83586360651339,50.29705407122018,49.74543173624129,50.0076789855957,2350500,0.0,0.0,0.0
2023-02-17 00:00:00-05:00,49.718302510430135,49.99863612600412,49.5917013452106,49.96246337890625,2410700,0.0,0.0,0.0
2023-02-21 00:00:00-05:00,49.65500557218387,49.77256528406859,49.33850263590572,49.374671936035156,2598600,0.0,0.0,0.0
2023-02-22 00:00:00-05:00,49.293284500559224,49.36562999936998,48.98582302986005,49.09434127807617,2692700,0.0,0.0,0.0
2023-02-23 00:00:00-05:00,49.437974051332816,49.48319171473297,48.940610800541684,49.3475456237793,2748800,0.0,0.0,0.0
2023-02-24 00:00:00-05:00,48.488458122382184,48.624104203149784,48.3075978312331,48.53367233276367,2757200,0.0,0.0,0.0
2023-02-27 00:00:00-05:00,49.012951161580716,49.12146595318809,48.86826362289654,49.00390625,2897200,0.0,0.0,0.0
2023-02-28 00:00:00-05:00,48.868270284619776,48.98582655421011,48.660282135009766,48.660282135009766,3287000,0.0,0.0,0.0
2023-03-01 00:00:00-05:00,49.25710805673339,49.35658137835935,49.01294720809405,49.15763473510742,3215400,0.0,0.0,0.0
2023-03-02 00:00:00-05:00,48.82305492954818,49.311373271759656,48.79592364136396,49.26615905761719,2149000,0.0,0.0,0.0
2023-03-03 00:00:00-05:00,49.49223156223961,49.93533912188521,49.39275822540346,49.89012145996094,1827700,0.0,0.0,0.0
2023-03-06 00:00:00-05:00,49.81776988022155,49.98958523394689,49.718296562414324,49.78159713745117,2468500,0.0,0.0,0.0
2023-03-07 00:00:00-05:00,49.645960564351405,49.6550020263323,48.85017737473452,48.93156433105469,3061400,0.0,0.0,0.0
2023-03-08 00:00:00-05:00,49.01294720809405,49.3023222621208,48.949646630627115,49.15763473510742,2150800,0.0,0.0,0.0
2023-03-09 00:00:00-05:00,49.12146856069372,49.257114644620685,48.533673463174495,48.58793258666992,2481400,0.0,0.0,0.0
2023-03-10 00:00:00-05:00,48.624104110845394,48.759746741732364,48.108654524304036,48.17195510864258,4411100,0.0,0.0,0.0
2023-03-13 00:00:00-04:00,47.755982935346815,48.3076018674875,47.63842321883396,47.945884704589844,4665600,0.0,0.0,0.0
2023-03-14 00:00:00-04:00,48.22621546870272,48.42515868903496,48.04535517325442,48.37090301513672,2621500,0.0,0.0,0.0
2023-03-15 00:00:00-04:00,46.869764706733434,47.16818123835497,46.571344725488956,47.113922119140625,3570300,0.0,0.0,0.0
2023-03-16 00:00:00-04:00,46.86976391175234,47.80118968658441,46.86071900055856,47.792144775390625,3506700,0.0,0.0,0.0
2023-03-17 00:00:00-04:00,47.49373004618384,47.54798916653125,47.14105438798321,47.32191467285156,2269900,0.0,0.0,0.0
2023-03-20 00:00:00-04:00,47.64912297601014,47.993553596720616,47.55848497680014,47.90291213989258,2603800,0.121,0.0,0.0
2023-03-21 00:00:00-04:00,48.42862661395582,48.555521207419055,48.2110905554343,48.47394561767578,2296900,0.0,0.0,0.0
2023-03-22 00:00:00-04:00,48.519259477362546,49.16280170938345,48.32891760734782,48.3470458984375,2570100,0.0,0.0,0.0
2023-03-23 00:00:00-04:00,48.899946755051594,49.20812078884472,48.310789395335384,48.53738784790039,3223700,0.0,0.0,0.0
2023-03-24 00:00:00-04:00,48.13858208578447,48.4195619906849,47.9573026085987,48.410499572753906,2324000,0.0,0.0,0.0
2023-03-27 00:00:00-04:00,48.5736419444037,48.70053651812744,48.41049079029665,48.66427993774414,2121000,0.0,0.0,0.0
2023-03-28 00:00:00-04:00,48.69148344855024,48.90901605737151,48.69148344855024,48.86369705200195,1786900,0.0,0.0,0.0
2023-03-29 00:00:00-04:00,49.15374084079278,49.3531486054688,49.13561254785692,49.32595443725586,1792100,0.0,0.0,0.0
2023-03-30 00:00:00-04:00,49.851664645265394,49.91511194184081,49.75196076275593,49.86979293823242,2540100,0.0,0.0,0.0
2023-03-31 00:00:00-04:00,49.99668463061278,50.14170750831652,49.93323733771853,50.0420036315918,2468200,0.0,0.0,0.0
2023-04-03 00:00:00-04:00,50.123576764596756,50.42268838013981,50.087320182539784,50.40456008911133,3127300,0.0,0.0,0.0
2023-04-04 00:00:00-04:00,50.39549757631872,50.549586331530044,50.2232839864879,50.37737274169922,3083700,0.0,0.0,0.0
2023-04-05 00:00:00-04:00,50.15077423574972,50.23234636432796,49.851662600490044,50.02387619018555,3383100,0.0,0.0,0.0
2023-04-06 00:00:00-04:00,49.933235660726396,50.32298527976897,49.88791666126941,50.19609069824219,2284700,0.0,0.0,0.0
2023-04-10 00:00:00-04:00,49.94229603256764,50.23234176635742,49.89697703496633,50.23234176635742,2356300,0.0,0.0,0.0
2023-04-11 00:00:00-04:00,50.43175170510664,50.558646286973406,50.37737028865976,50.45894241333008,2416900,0.0,0.0,0.0
2023-04-12 00:00:00-04:00,50.830566364699614,50.875885363533584,50.495198166568706,50.59490203857422,2322500,0.0,0.0,0.0
2023-04-13 00:00:00-04:00,51.0027797500883,51.30188790735368,51.0027797500883,51.256568908691406,1832500,0.0,0.0,0.0
2023-04-14 00:00:00-04:00,51.202188264736996,51.329082845950296,50.82150106347908,51.048099517822266,1834200,0.0,0.0,0.0
2023-04-17 00:00:00-04:00,51.02997122656065,51.066227809083884,50.812438646657284,51.048099517822266,1978500,0.0,0.0,0.0
2023-04-18 00:00:00-04:00,51.26563517856092,51.310954177572874,51.10248401602349,51.21125030517578,2400900,0.0,0.0,0.0
2023-04-19 00:00:00-04:00,50.8577571729515,50.993714169722,50.812438174027996,50.903076171875,1393200,0.0,0.0,0.0
2023-04-20 00:00:00-04:00,50.90307486767719,51.29282447214582,50.75805200026686,50.894012451171875,1877500,0.0,0.0,0.0
2023-04-21 00:00:00-04:00,50.758053300749005,50.92120446296799,50.540517265251026,50.903076171875,1787300,0.0,0.0,0.0
2023-04-24 00:00:00-04:00,50.85776139381973,50.97559356689453,50.82150480862467,50.97559356689453,2052900,0.0,0.0,0.0
2023-04-25 00:00:00-04:00,50.613030207217385,50.613030207217385,50.15077088804018,50.16889572143555,1950600,0.0,0.0,0.0
2023-04-26 00:00:00-04:00,50.5133250836741,50.54958166480229,50.177960352283016,50.23234176635742,1826700,0.0,0.0,0.0
2023-04-27 00:00:00-04:00,50.47707330931065,50.89401711675329,50.41362601510337,50.87588882446289,1952000,0.0,0.0,0.0
2023-04-28 00:00:00-04:00,50.57677555359356,50.99371588994361,50.57677555359356,50.98465347290039,2021600,0.0,0.0,0.0
2023-05-01 00:00:00-04:00,50.96652813375316,51.14780760368218,50.85776183484307,50.884952545166016,2565800,0.0,0.0,0.0
2023-05-02 00:00:00-04:00,50.477072350897764,50.50426651762612,50.06919788377199,50.35017776489258,2862700,0.0,0.0,0.0
2023-05-03 00:00:00-04:00,50.486136975804015,50.794311016023556,50.40456139287478,50.41362380981445,2268400,0.0,0.0,0.0
2023-05-04 00:00:00-04:00,50.46800824886101,50.66741599599374,50.36830437529464,50.50426483154297,2554100,0.0,0.0,0.0
2023-05-05 00:00:00-04:00,50.72178842245809,51.31094568495442,50.712726007202846,51.2293701171875,1604100,0.0,0.0,0.0
2023-05-08 00:00:00-04:00,51.356278265794856,51.383468976372924,51.17499879416494,51.26564025878906,1738000,0.0,0.0,0.0
2023-05-09 00:00:00-04:00,50.839634001894545,51.08436076986935,50.78524912313848,51.02997589111328,2423700,0.0,0.0,0.0
2023-05-10 00:00:00-04:00,51.12061906296959,51.12061906296959,50.676484515674886,50.99372100830078,1987600,0.0,0.0,0.0
2023-05-11 00:00:00-04:00,50.64021601200918,50.78523886845699,50.422683456146295,50.77617645263672,2830500,0.0,0.0,0.0
2023-05-12 00:00:00-04:00,50.785251970371554,50.785251970371554,50.39550229481458,50.549591064453125,3428600,0.0,0.0,0.0
2023-05-15 00:00:00-04:00,50.794312458373774,51.10248650734419,50.73992758233729,51.08435821533203,1699900,0.0,0.0,0.0
2023-05-16 00:00:00-04:00,50.83963428267971,50.92120987245519,50.603973388671875,50.603973388671875,1936100,0.0,0.0,0.0
2023-05-17 00:00:00-04:00,50.66741699561375,50.88494958076113,50.48613753624552,50.8668212890625,2221800,0.0,0.0,0.0
2023-05-18 00:00:00-04:00,50.70366668701172,50.71273256105601,50.43174924518659,50.70366668701172,2205700,0.0,0.0,0.0
2023-05-19 00:00:00-04:00,50.86682294950859,51.01184583021353,50.77618494567483,50.87588882446289,1661800,0.0,0.0,0.0
2023-05-22 00:00:00-04:00,50.95746617705686,51.12061735570673,50.95746617705686,51.02997589111328,2207300,0.0,0.0,0.0
2023-05-23 00:00:00-04:00,50.57677364637237,50.67647751817849,50.28672790527344,50.28672790527344,2572800,0.0,0.0,0.0
2023-05-24 00:00:00-04:00,49.96949039852675,49.978552815036366,49.64318808229425,49.688507080078125,2373800,0.0,0.0,0.0
2023-05-25 00:00:00-04:00,49.69757162286439,49.69757162286439,49.39846002179149,49.56161117553711,2443100,0.0,0.0,0.0
2023-05-26 00:00:00-04:00,49.84260019630325,50.18702737578489,49.82447190407503,50.14170837402344,2500600,0.0,0.0,0.0
2023-05-30 00:00:00-04:00,50.05105914545622,50.05105914545622,49.525349161594306,49.670372009277344,2233000,0.0,0.0,0.0
2023-05-31 00:00:00-04:00,49.21718682516741,49.262505827489704,48.854631348970834,49.199058532714844,2357100,0.0,0.0,0.0
2023-06-01 00:00:00-04:00,49.41659683731916,50.00575080960365,49.41659683731916,49.96949768066406,2894600,0.0,0.0,0.0
2023-06-02 00:00:00-04:00,50.64021939917311,50.748989141997455,50.56770969490809,50.70366668701172,2623500,0.0,0.0,0.0
2023-06-05 00:00:00-04:00,50.60396789208438,50.649286890899695,50.42268843920514,50.47706985473633,2550200,0.0,0.0,0.0
2023-06-06 00:00:00-04:00,50.47706997523453,50.9302668797055,50.47706997523453,50.903076171875,2447300,0.0,0.0,0.0
2023-06-07 00:00:00-04:00,50.78524384892639,50.96652330166849,50.47706981655021,50.52239227294922,1755200,0.0,0.0,0.0
2023-06-08 00:00:00-04:00,50.69460856662577,50.98465432350112,50.6492895654174,50.96652603149414,1412600,0.0,0.0,0.0
2023-06-09 00:00:00-04:00,50.96652051951653,51.12967167231655,50.903073233162935,51.002777099609375,1775800,0.0,0.0,0.0
2023-06-12 00:00:00-04:00,51.10248737113914,51.19312537511386,51.00278349219602,51.18406295776367,1808700,0.0,0.0,0.0
2023-06-13 00:00:00-04:00,51.664451599121094,51.78228377265572,51.55568530072975,51.664451599121094,1926200,0.0,0.0,0.0
2023-06-14 00:00:00-04:00,51.836656781142764,52.07232108996911,51.56473935048122,51.8729133605957,2028600,0.0,0.0,0.0
2023-06-15 00:00:00-04:00,51.881980289945595,52.38049616590503,51.863851999850255,52.353302001953125,2120600,0.0,0.0,0.0
2023-06-16 00:00:00-04:00,52.56177426919904,52.56177426919904,52.20827780777895,52.22640609741211,2252900,0.0,0.0,0.0
2023-06-20 00:00:00-04:00,51.64735615392449,51.71149131868866,51.354165830687045,51.464111328125,2771400,0.618,0.0,0.0
2023-06-21 00:00:00-04:00,51.32668101404389,51.64735684213782,51.31751685032441,51.509925842285156,1739300,0.0,0.0,0.0
2023-06-22 00:00:00-04:00,51.161769613657015,51.28087929629072,51.09763443726309,51.23506546020508,2190900,0.0,0.0,0.0
2023-06-23 00:00:00-04:00,50.401292842658066,50.538727328448786,50.35548251242921,50.43794250488281,7258500,0.0,0.0,0.0
2023-06-26 00:00:00-04:00,50.474602465380286,50.676172153638255,50.474602465380286,50.56622314453125,2501900,0.0,0.0,0.0
2023-06-27 00:00:00-04:00,50.76779006486741,51.024330748587104,50.6211948891555,50.99684524536133,1844000,0.0,0.0,0.0
2023-06-28 00:00:00-04:00,50.8227654635824,51.00600681512849,50.77695163059113,50.941871643066406,1606200,0.0,0.0,0.0
2023-06-29 00:00:00-04:00,50.68533023401071,50.850250244140625,50.63035573226584,50.850250244140625,1889000,0.0,0.0,0.0
2023-06-30 00:00:00-04:00,51.29003248303053,51.47327731532203,51.21673664717661,51.381656646728516,1939500,0.0,0.0,0.0
2023-07-03 00:00:00-04:00,51.574059506577775,51.711490502429804,51.509924342825975,51.592384338378906,1706400,0.0,0.0,0.0
2023-07-05 00:00:00-04:00,51.26255338195972,51.26255338195972,51.03349818677233,51.097633361816406,1914700,0.0,0.0,0.0
2023-07-06 00:00:00-04:00,50.38298142999683,50.39214209980521,49.943192386888086,50.18141174316406,2333700,0.0,0.0,0.0
2023-07-07 00:00:00-04:00,50.29134950079409,50.88689430453825,50.29134950079409,50.66699981689453,1803500,0.0,0.0,0.0
2023-07-10 00:00:00-04:00,50.46543975145609,50.76779077649175,50.46543975145609,50.74946594238281,1898600,0.0,0.0,0.0
2023-07-11 00:00:00-04:00,50.99684074114603,51.253381402207175,50.86857041061546,51.24422073364258,1476200,0.0,0.0,0.0
2023-07-12 00:00:00-04:00,51.90390362166812,52.233740135038985,51.8580897909652,52.19709396362305,2188600,0.0,0.0,0.0
2023-07-13 00:00:00-04:00,52.71017669346985,53.003367043095075,52.701016024152345,52.939231872558594,2161400,0.0,0.0,0.0
2023-07-14 00:00:00-04:00,52.85676838688933,52.89341805195473,52.59106705292625,52.64603805541992,1730500,0.0,0.0,0.0
2023-07-17 00:00:00-04:00,52.46280053736501,52.71934473347504,52.343694351958305,52.67353439331055,2252900,0.0,0.0,0.0
2023-07-18 00:00:00-04:00,52.62771879855535,52.90258782056255,52.545258790974145,52.829288482666016,1578600,0.0,0.0,0.0
2023-07-19 00:00:00-04:00,52.86593876271562,52.98504844062193,52.68269391096088,52.80180358886719,1793600,0.0,0.0,0.0
2023-07-20 00:00:00-04:00,52.6643668790847,52.792637221430056,52.435311697723805,52.499446868896484,1699600,0.0,0.0,0.0
2023-07-21 00:00:00-04:00,52.6277195189475,52.66436918839745,52.48112433625258,52.5819091796875,1502100,0.0,0.0,0.0
2023-07-24 00:00:00-04:00,52.471953954395254,52.80179392818489,52.44446845494752,52.69184494018555,1521100,0.0,0.0,0.0
2023-07-25 00:00:00-04:00,52.801796692040725,52.966716687568116,52.801796692040725,52.89341735839844,1926100,0.0,0.0,0.0
2023-07-26 00:00:00-04:00,52.64604038651471,53.195774901523926,52.609390719826514,53.067501068115234,1633100,0.0,0.0,0.0
2023-07-27 00:00:00-04:00,53.31488105255021,53.32404521677059,52.67352936130699,52.72850036621094,2271500,0.0,0.0,0.0
2023-07-28 00:00:00-04:00,53.30572103708181,53.488965877585976,53.186611366488414,53.3790168762207,2254000,0.0,0.0,0.0
2023-07-31 00:00:00-04:00,53.3515313734317,53.525612049603104,53.32404587064269,53.3790168762207,2287900,0.0,0.0,0.0
2023-08-01 00:00:00-04:00,52.87508886454038,53.00335918660029,52.64603371940364,52.74681854248047,1959300,0.0,0.0,0.0
2023-08-02 00:00:00-04:00,52.05966185647745,52.07798669058065,51.62903699281408,51.72066116333008,2799300,0.0,0.0,0.0
2023-08-03 00:00:00-04:00,51.445798113248024,51.80312365766312,51.418309113220396,51.65652847290039,2477100,0.0,0.0,0.0
2023-08-04 00:00:00-04:00,51.876416762108924,52.279556120239185,51.729821585090114,51.7939567565918,1814200,0.0,0.0,0.0
2023-08-07 00:00:00-04:00,52.068827001226765,52.09631250534658,51.803122144385824,52.07798767089844,1771500,0.0,0.0,0.0
2023-08-08 00:00:00-04:00,51.40914590256895,51.67485075404018,51.25338656045989,51.647361755371094,2076100,0.0,0.0,0.0
2023-08-09 00:00:00-04:00,51.78479662586437,51.85809246758393,51.546577276290115,51.693172454833984,1549800,0.0,0.0,0.0
2023-08-10 00:00:00-04:00,52.16044456338193,52.4627955759582,51.77563005316125,51.830604553222656,2045600,0.0,0.0,0.0
2023-08-11 00:00:00-04:00,51.45495284794373,51.61071217978406,51.31751834897312,51.427467346191406,1869400,0.0,0.0,0.0
2023-08-14 00:00:00-04:00,50.96936247081767,51.24422800310456,50.78611761759145,51.19841766357422,2127900,0.0,0.0,0.0
2023-08-15 00:00:00-04:00,50.923552181471706,50.923552181471706,50.48376313525343,50.56622314453125,2115300,0.0,0.0,0.0
2023-08-16 00:00:00-04:00,50.392135704585264,50.575380533441006,50.163080542291695,50.1722412109375,1758200,0.0,0.0,0.0
2023-08-17 00:00:00-04:00,50.45626742537619,50.5112419188107,49.90653647144781,49.95234680175781,1800000,0.0,0.0,0.0
2023-08-18 00:00:00-04:00,49.54922385927039,49.94319559825036,49.52173485786801,49.86989974975586,1989200,0.0,0.0,0.0
2023-08-21 00:00:00-04:00,49.961508811973395,50.05313297015901,49.732453659165735,50.016483306884766,1878600,0.0,0.0,0.0
2023-08-22 00:00:00-04:00,50.20889189278684,50.236380889489894,49.87905189318599,49.92486572265625,1998700,0.0,0.0,0.0
2023-08-23 00:00:00-04:00,50.117272782271804,50.59370796371892,50.117272782271804,50.520408630371094,1802800,0.0,0.0,0.0
2023-08-24 00:00:00-04:00,50.34633187379385,50.50208772662052,49.94319249922156,49.961517333984375,1836400,0.0,0.0,0.0
2023-08-25 00:00:00-04:00,50.208893794468416,50.382977964798194,49.78743311017299,50.22721862792969,1529500,0.0,0.0,0.0
2023-08-28 00:00:00-04:00,50.51124750348362,50.731138511325106,50.49292267031273,50.69449234008789,2097700,0.0,0.0,0.0
2023-08-29 00:00:00-04:00,50.65784332532152,51.37249435265523,50.60286882510178,51.345008850097656,1869600,0.0,0.0,0.0
2023-08-30 00:00:00-04:00,51.31751506633543,51.50992405160732,51.235055071248695,51.32667922973633,2064900,0.0,0.0,0.0
2023-08-31 00:00:00-04:00,51.25338404994572,51.28087304726833,50.92354753801542,51.03349304199219,2065100,0.0,0.0,0.0
2023-09-01 00:00:00-04:00,51.57406072363797,51.629031725234285,51.11595040311201,51.24422073364258,1793800,0.0,0.0,0.0
2023-09-05 00:00:00-04:00,51.07930506123294,51.07930506123294,50.79527538023325,50.804439544677734,2316000,0.0,0.0,0.0
2023-09-06 00:00:00-04:00,50.74030483867369,50.8960606846097,50.474599989024924,50.63035583496094,1802700,0.0,0.0,0.0
2023-09-07 00:00:00-04:00,50.392131435513946,50.474591426758046,50.22721145302576,50.34632110595703,1677600,0.0,0.0,0.0
2023-09-08 00:00:00-04:00,50.30967935754484,50.45627453224758,50.254704856367056,50.31884002685547,1841100,0.0,0.0,0.0
2023-09-11 00:00:00-04:00,50.767792178024784,50.896062525223755,50.63952183082582,50.88690185546875,2230000,0.0,0.0,0.0
2023-09-12 00:00:00-04:00,50.53873584018365,50.84109036180413,50.53873584018365,50.676170349121094,1669100,0.0,0.0,0.0
2023-09-13 00:00:00-04:00,50.602872814233585,50.731143163086884,50.46544179550714,50.56622314453125,1796400,0.0,0.0,0.0
2023-09-14 00:00:00-04:00,50.941865800586065,51.19840995451629,50.86856996739482,51.1251106262207,1666700,0.0,0.0,0.0
2023-09-15 00:00:00-04:00,51.1709205109159,51.31751567111949,50.969354350076166,51.00600051879883,1809400,0.0,0.0,0.0
2023-09-18 00:00:00-04:00,50.835602598591294,50.890869966663224,50.65138506579993,50.826393127441406,1987000,0.295,0.0,0.0
2023-09-19 00:00:00-04:00,50.85402380418916,50.95534555296758,50.66980276220332,50.789546966552734,1603800,0.0,0.0,0.0
2023-09-20 00:00:00-04:00,50.93692300525465,51.19483386905793,50.60532583302479,50.63296127319336,2383700,0.0,0.0,0.0
2023-09-21 00:00:00-04:00,50.1171420239565,50.19083184458485,49.78554485857701,49.79475784301758,4698200,0.0,0.0,0.0
2023-09-22 00:00:00-04:00,50.18162404049447,50.3382131686327,49.942139126177906,49.98819351196289,2287000,0.0,0.0,0.0
2023-09-25 00:00:00-04:00,49.61053932750369,49.83160177318006,49.53684950312875,49.81318283081055,2065600,0.0,0.0,0.0
2023-09-26 00:00:00-04:00,49.389473736919506,49.51842741681439,49.085511993413604,49.11314392089844,2410000,0.0,0.0,0.0
2023-09-27 00:00:00-04:00,49.32499818612613,49.35263362805749,48.78154801113394,49.094722747802734,2665700,0.0,0.0,0.0
2023-09-28 00:00:00-04:00,49.00260765670374,49.50921285291906,48.97497221833731,49.398681640625,3518500,0.0,0.0,0.0
2023-09-29 00:00:00-04:00,49.85001903690295,49.8592320208523,49.20524719567847,49.297359466552734,2782500,0.0,0.0,0.0
2023-10-02 00:00:00-04:00,49.04866522425913,49.149986972833744,48.551269466015114,48.66180419921875,3277600,0.0,0.0,0.0
2023-10-03 00:00:00-04:00,48.24730467863065,48.3670453614322,47.91570752746721,48.06308364868164,5152100,0.0,0.0,0.0
2023-10-04 00:00:00-04:00,48.11835690903475,48.11835690903475,47.70386041928092,48.035457611083984,3405600,0.0,0.0,0.0
2023-10-05 00:00:00-04:00,48.21967783810314,48.43153434424044,48.07230169061057,48.3670539855957,3195300,0.0,0.0,0.0
2023-10-06 00:00:00-04:00,48.34863421243394,49.06709247992225,48.09993630898234,48.96577072143555,3058000,0.0,0.0,0.0
2023-10-09 00:00:00-04:00,48.44994826279706,48.901289644148626,48.43152932077991,48.864444732666016,2782700,0.0,0.0,0.0
2023-10-10 00:00:00-04:00,49.315784518106476,49.6658006246919,49.278939607816206,49.52763748168945,2393200,0.0,0.0,0.0
2023-10-11 00:00:00-04:00,49.767123227033814,49.86844497521258,49.453948511628575,49.730281829833984,1956000,0.0,0.0,0.0
2023-10-12 00:00:00-04:00,49.7579136674284,49.80396804913913,49.06708740059507,49.25130844116211,2259000,0.0,0.0,0.0
2023-10-13 00:00:00-04:00,49.16841507357699,49.29736876339611,48.77234101843283,48.90129470825195,2034800,0.0,0.0,0.0
2023-10-16 00:00:00-04:00,48.96576437817483,49.27893908487063,48.89207807210029,49.26972961425781,1935100,0.0,0.0,0.0
2023-10-17 00:00:00-04:00,48.818390794425504,49.4263177845241,48.818390794425504,49.232887268066406,2607200,0.0,0.0,0.0
2023-10-18 00:00:00-04:00,48.781548707909266,48.846025550462834,48.34863326701026,48.39468765258789,1906700,0.0,0.0,0.0
2023-10-19 00:00:00-04:00,48.23809169458506,48.523634466692215,47.98018436089078,48.06308364868164,2802800,0.0,0.0,0.0
2023-10-20 00:00:00-04:00,47.823593386594126,47.92491512479243,47.538054139370274,47.55647659301758,2600100,0.0,0.0,0.0
2023-10-23 00:00:00-04:00,47.344624922000285,47.83280765877112,47.15119091035484,47.538055419921875,3904500,0.0,0.0,0.0
2023-10-24 00:00:00-04:00,47.67622459549921,47.952557928937324,47.64859266764511,47.878868103027344,1956200,0.0,0.0,0.0
2023-10-25 00:00:00-04:00,47.602532611748956,47.78675364085074,47.39067965808526,47.42752456665039,2575600,0.0,0.0,0.0
2023-10-26 00:00:00-04:00,47.2433073140559,47.38147046163373,46.98539644720712,47.16040802001953,2758000,0.0,0.0,0.0
2023-10-27 00:00:00-04:00,47.50121633385814,47.538061246661336,46.93013424030569,47.031455993652344,3684100,0.0,0.0,0.0
2023-10-30 00:00:00-04:00,47.593325285226754,47.68543756758909,47.37226283500573,47.61174774169922,4158000,0.0,0.0,0.0
2023-10-31 00:00:00-04:00,47.55647830645632,47.67621898889238,47.381466747363206,47.63937759399414,2825300,0.0,0.0,0.0
2023-11-01 00:00:00-04:00,47.7407075100303,48.10914611816406,47.667017680168854,48.10914611816406,4148400,0.0,0.0,0.0
2023-11-02 00:00:00-04:00,48.8460218451106,49.09471972483341,48.763122551869664,49.08551025390625,3013000,0.0,0.0,0.0
2023-11-03 00:00:00-04:00,49.58290031981543,49.87765254777629,49.55526488275904,49.748695373535156,2667800,0.0,0.0,0.0
2023-11-06 00:00:00-05:00,49.88686617584436,49.92371108584151,49.57369146831656,49.69343566894531,2964700,0.0,0.0,0.0
2023-11-07 00:00:00-05:00,49.29736800302282,49.4631666055828,49.16841431519271,49.38947677612305,2047300,0.0,0.0,0.0
2023-11-08 00:00:00-05:00,49.30657278504796,49.472371371838015,49.12235525636935,49.242095947265625,2281200,0.0,0.0,0.0
2023-11-09 00:00:00-05:00,49.53684393568611,49.68422005414817,49.10392856417345,49.140769958496094,1889300,0.0,0.0,0.0
2023-11-10 00:00:00-05:00,49.103929398691584,49.417104094961324,48.86444100604325,49.398681640625,2050400,0.0,0.0,0.0
2023-11-13 00:00:00-05:00,49.21446104057757,49.59211257345902,49.159193677086165,49.500003814697266,2098600,0.0,0.0,0.0
2023-11-14 00:00:00-05:00,50.24609181135128,50.82638680589752,50.218459887614145,50.7526969909668,3403700,0.0,0.0,0.0
2023-11-15 00:00:00-05:00,50.89086917385157,51.07509021749722,50.78033795315384,50.835601806640625,1981600,0.0,0.0,0.0
2023-11-16 00:00:00-05:00,50.559268921552416,50.798757317836376,50.448737707580406,50.61453628540039,2066400,0.0,0.0,0.0
2023-11-17 00:00:00-05:00,50.98297540504012,51.15798696898157,50.89086664465703,51.139564514160156,1595900,0.0,0.0,0.0
2023-11-20 00:00:00-05:00,51.130357090155094,51.49879919920235,51.130357090155094,51.434322357177734,2887500,0.0,0.0,0.0
2023-11-21 00:00:00-05:00,51.37904857475232,51.43431593832952,51.12114123883992,51.20404052734375,2206500,0.0,0.0,0.0
2023-11-22 00:00:00-05:00,51.185618532874024,51.277727292606635,51.00139749968485,51.25009536743164,1890500,0.0,0.0,0.0
2023-11-24 00:00:00-05:00,51.277730340128926,51.52642822265625,51.277730340128926,51.52642822265625,1552700,0.0,0.0,0.0
2023-11-27 00:00:00-05:00,51.39747827281499,51.415900729937036,51.24089265786427,51.36984634399414,2031700,0.0,0.0,0.0
2023-11-28 00:00:00-05:00,51.360632157262096,51.673806893562904,51.296155315705256,51.54485321044922,2557600,0.0,0.0,0.0
2023-11-29 00:00:00-05:00,51.55406366319762,51.71064926679399,51.46195138426666,51.52642822265625,1990300,0.0,0.0,0.0
2023-11-30 00:00:00-05:00,51.563270568847656,51.64616985889902,51.3329951535632,51.563270568847656,1937100,0.0,0.0,0.0
2023-12-01 00:00:00-05:00,51.40668962565754,52.05145803583025,51.40668962565754,52.03303909301758,2081500,0.0,0.0,0.0
2023-12-04 00:00:00-05:00,51.55406442138429,51.747494939397754,51.42511074270864,51.572486877441406,3437400,0.0,0.0,0.0
2023-12-05 00:00:00-05:00,51.36983996581893,51.53563854560702,51.25930875053486,51.40668487548828,2200700,0.0,0.0,0.0
2023-12-06 00:00:00-05:00,51.8303904616476,51.90407676678767,51.45273892427937,51.46194839477539,1972000,0.0,0.0,0.0
2023-12-07 00:00:00-05:00,51.618542138426655,51.81197265972915,51.42511161712416,51.71986389160156,2294600,0.0,0.0,0.0
2023-12-08 00:00:00-05:00,51.489588946609494,51.83960507979822,51.489588946609494,51.71065139770508,2178900,0.0,0.0,0.0
2023-12-11 00:00:00-05:00,51.636964714295075,51.89487207662858,51.61854225788207,51.82118225097656,3839100,0.0,0.0,0.0
2023-12-12 00:00:00-05:00,51.729069643621266,51.87644577026367,51.53563913622636,51.87644577026367,3818900,0.0,0.0,0.0
2023-12-13 00:00:00-05:00,51.821177756217665,52.63174819946289,51.600115325884225,52.63174819946289,2866300,0.0,0.0,0.0
2023-12-14 00:00:00-05:00,52.97255110233424,53.30414823822878,52.944919178917615,53.165985107421875,2862200,0.0,0.0,0.0
2023-12-15 00:00:00-05:00,52.954139691563626,53.027826002392615,52.62254250852258,52.68701934814453,2691600,0.0,0.0,0.0
2023-12-18 00:00:00-05:00,52.83380256094802,52.843154019211774,52.61876538585414,52.78705596923828,3549800,0.847,0.0,0.0
2023-12-19 00:00:00-05:00,53.03949304491273,53.282581033764046,53.03949304491273,53.26388168334961,2407100,0.0,0.0,0.0
2023-12-20 00:00:00-05:00,53.17973820566148,53.2825828531845,52.56267388705992,52.590721130371094,3204700,0.0,0.0,0.0
2023-12-21 00:00:00-05:00,53.226484684017954,53.516319274902344,53.123640036719095,53.516319274902344,12871400,0.0,0.0,0.0
2023-12-22 00:00:00-05:00,53.48826470053175,53.65655528126053,53.366724277311405,53.535011291503906,3432300,0.0,0.0,0.0
2023-12-26 00:00:00-05:00,53.56306218428685,53.86224464682678,53.56306218428685,53.79679870605469,2525200,0.0,0.0,0.0
2023-12-27 00:00:00-05:00,53.90899008475487,54.15207449291786,53.89029073542907,54.124027252197266,3212600,0.0,0.0,0.0
2023-12-28 00:00:00-05:00,54.208174771477154,54.39516470589329,54.114681587537255,54.152076721191406,2710800,0.0,0.0,0.0
2023-12-29 00:00:00-05:00,54.170780476265044,54.34842253334697,54.04924004056721,54.18947982788086,3388500,0.0,0.0,0.0
2024-01-02 00:00:00-05:00,53.71265392450016,53.82484645738162,53.50696464210388,53.572410583496094,4894700,0.0,0.0,0.0
2024-01-03 00:00:00-05:00,53.02078743040486,53.37606791323211,52.9740408431598,53.23582458496094,2821600,0.0,0.0,0.0
2024-01-04 00:00:00-05:00,53.18908428169184,53.525665456078954,53.16103703933839,53.26388168334961,3200900,0.0,0.0,0.0
2024-01-05 00:00:00-05:00,53.23582740702765,53.740699135724284,53.17973292597436,53.301273345947266,3038100,0.0,0.0,0.0
2024-01-08 00:00:00-05:00,53.245183270929104,53.75940293350753,53.245183270929104,53.74070358276367,2776600,0.0,0.0,0.0
2024-01-09 00:00:00-05:00,53.226484027018316,53.32932867304772,52.80575755077824,53.217132568359375,4375900,0.0,0.0,0.0
2024-01-10 00:00:00-05:00,53.376072865993734,53.51631620727808,53.310626924470725,53.45086669921875,2543100,0.0,0.0,0.0
2024-01-11 00:00:00-05:00,53.56306145756912,53.66590609639743,53.03014248049173,53.47891616821289,2446400,0.0,0.0,0.0
2024-01-12 00:00:00-05:00,53.8341994007095,54.00248642140602,53.5911114118013,53.66590881347656,2771100,0.0,0.0,0.0
2024-01-16 00:00:00-05:00,52.97404849919533,53.011447201010796,52.61876796502141,52.693565368652344,3316000,0.0,0.0,0.0
2024-01-17 00:00:00-05:00,51.917550231024244,52.1232394922853,51.796009818948114,52.1138916015625,2601900,0.0,0.0,0.0
2024-01-18 00:00:00-05:00,52.35697768653418,52.506568908691406,52.21673435540225,52.506568908691406,2597600,0.0,0.0,0.0
2024-01-19 00:00:00-05:00,52.43177493453267,52.76835250854492,52.272832255257725,52.76835250854492,2556200,0.0,0.0,0.0
2024-01-22 00:00:00-05:00,52.67486091567831,52.90859742958058,52.65616156658179,52.74030685424805,3432500,0.0,0.0,0.0
2024-01-23 00:00:00-05:00,52.646818072864676,52.79640931159597,52.53462196891386,52.7777099609375,2770400,0.0,0.0,0.0
2024-01-24 00:00:00-05:00,53.48826497052959,53.5163157784835,53.15168380737305,53.15168380737305,3530800,0.0,0.0,0.0
2024-01-25 00:00:00-05:00,53.31997839586907,53.33867774706481,53.05819461220189,53.29193115234375,3036200,0.0,0.0,0.0
2024-01-26 00:00:00-05:00,53.45086506426451,53.58176050984302,53.39477058269565,53.4602165222168,2854900,0.0,0.0,0.0
2024-01-29 00:00:00-05:00,53.51631628890105,53.76874859713977,53.35737359743395,53.71265411376953,3030200,0.0,0.0,0.0
2024-01-30 00:00:00-05:00,53.46021582670716,53.581759812752125,53.31997249153713,53.54436111450195,3300900,0.0,0.0,0.0
2024-01-31 00:00:00-05:00,53.63785799202918,53.85289517199063,53.17973638975283,53.26388168334961,5887200,0.0,0.0,0.0
2024-02-01 00:00:00-05:00,53.45087308240042,53.778106395630466,53.3199811837231,53.75940704345703,3248700,0.0,0.0,0.0
2024-02-02 00:00:00-05:00,53.394769395976866,53.43216809388238,53.161032883871584,53.38541793823242,3223000,0.0,0.0,0.0
2024-02-05 00:00:00-05:00,53.09558932453782,53.263879906116095,52.88990004337853,53.15168380737305,2610000,0.0,0.0,0.0
2024-02-06 00:00:00-05:00,53.376072947402804,53.73135346373839,53.3386742474651,53.71265411376953,4226300,0.0,0.0,0.0
2024-02-07 00:00:00-05:00,53.67525353205521,53.806145410711984,53.61915548411536,53.72200012207031,2474600,0.0,0.0,0.0
2024-02-08 00:00:00-05:00,53.61915553862252,53.628506996556766,53.43216917837202,53.58176040649414,2904000,0.0,0.0,0.0
2024-02-09 00:00:00-05:00,53.62850624798258,53.83419552123046,53.46021567287725,53.80614471435547,2380500,0.0,0.0,0.0
2024-02-12 00:00:00-05:00,53.78744585609496,54.14272635861884,53.77809796474211,53.965087890625,3006000,0.0,0.0,0.0
2024-02-13 00:00:00-05:00,53.31997444733736,53.39477184658129,52.80575481041235,53.011444091796875,3887400,0.0,0.0,0.0
2024-02-14 00:00:00-05:00,53.43217228304598,53.68460459735897,53.385422123730734,53.66590881347656,2604300,0.0,0.0,0.0
2024-02-15 00:00:00-05:00,53.8622500909457,54.208179179496675,53.8622500909457,54.18947982788086,2462700,0.0,0.0,0.0
2024-02-16 00:00:00-05:00,54.27361545407288,54.53540276350111,54.15207147350035,54.301666259765625,2861300,0.0,0.0,0.0
2024-02-20 00:00:00-05:00,54.600854711428475,54.64760130401572,54.33906737317434,54.4699592590332,2967300,0.0,0.0,0.0
2024-02-21 00:00:00-05:00,54.432561202169765,54.53540584026139,54.301669323339034,54.52605438232422,2116300,0.0,0.0,0.0
2024-02-22 00:00:00-05:00,54.96548425879795,55.12442339017531,54.86263961306602,55.0870246887207,2640100,0.0,0.0,0.0
2024-02-23 00:00:00-05:00,55.12441823423866,55.208563521372945,55.021573598126075,55.11507034301758,1991400,0.0,0.0,0.0
2024-02-26 00:00:00-05:00,55.105730453718515,55.11508191343891,54.918744057753344,54.99353790283203,2971300,0.0,0.0,0.0
2024-02-27 00:00:00-05:00,55.06832726972867,55.15247256223529,55.01222921921213,55.09637451171875,2240600,0.0,0.0,0.0
2024-02-28 00:00:00-05:00,54.73174989922967,54.787844387103966,54.628905249411304,54.69435119628906,2878200,0.0,0.0,0.0
2024-02-29 00:00:00-05:00,54.937431691903626,55.04027633434539,54.619549872781974,54.81589126586914,2749200,0.0,0.0,0.0
2024-03-01 00:00:00-05:00,55.15247169707606,55.47970140361512,54.94678241494504,55.44230270385742,2853600,0.0,0.0,0.0
2024-03-04 00:00:00-05:00,55.3301115703423,55.37685816295342,55.21791903476833,55.27401351928711,2724100,0.0,0.0,0.0
2024-03-05 00:00:00-05:00,55.23661179457695,55.4329496000395,54.95612513930362,55.068321228027344,2591100,0.0,0.0,0.0
2024-03-06 00:00:00-05:00,55.73213829541228,55.93782758130128,55.65734089453032,55.77888488769531,10963800,0.0,0.0,0.0
2024-03-07 00:00:00-05:00,56.07806918951289,56.37725166973847,56.021971137019406,56.311805725097656,7707300,0.0,0.0,0.0
2024-03-08 00:00:00-05:00,56.48944781506469,56.57359311590938,56.096772122147286,56.152870178222656,4518700,0.0,0.0,0.0
2024-03-11 00:00:00-04:00,55.85368118569052,56.012620309621695,55.769535894628035,55.96587371826172,4798500,0.0,0.0,0.0
2024-03-12 00:00:00-04:00,56.10611794674089,56.42399978637695,55.928479458855314,56.42399978637695,3032600,0.0,0.0,0.0
2024-03-13 00:00:00-04:00,56.293100975370926,56.470743007961616,56.2557022772954,56.339847564697266,2916600,0.0,0.0,0.0
2024-03-14 00:00:00-04:00,56.33985415260726,56.40530366516062,55.77888788202424,55.98457717895508,5410000,0.0,0.0,0.0
2024-03-15 00:00:00-04:00,56.04463831947217,56.11971299799499,55.781867994821276,55.922637939453125,4875100,0.224,0.0,0.0
2024-03-18 00:00:00-04:00,56.100940773607455,56.147866472878896,55.875713168788735,55.9320182800293,3311000,0.0,0.0,0.0
2024-03-19 00:00:00-04:00,55.8381689836698,56.08216613011084,55.716168620485334,55.950782775878906,3027400,0.0,0.0,0.0
2024-03-20 00:00:00-04:00,55.93201417853517,56.59832111209015,55.903861624979314,56.551395416259766,5097800,0.0,0.0,0.0
2024-03-21 00:00:00-04:00,56.72970969768936,56.76724882584267,56.55140062892526,56.560787200927734,2407800,0.0,0.0,0.0
2024-03-22 00:00:00-04:00,56.47631590137817,56.49508546211438,56.2886238739437,56.344932556152344,2489800,0.0,0.0,0.0
2024-03-25 00:00:00-04:00,56.23232414617779,56.4481723390521,56.20417159055429,56.29801940917969,2756500,0.0,0.0,0.0
2024-03-26 00:00:00-04:00,56.513864022125766,56.513864022125766,56.29801940917969,56.29801940917969,1849800,0.0,0.0,0.0
2024-03-27 00:00:00-04:00,56.38247277453939,56.61708691841494,56.32616409123527,56.60770034790039,2444300,0.0,0.0,0.0
2024-03-28 00:00:00-04:00,56.53263074363455,56.7015496488113,56.53263074363455,56.58893585205078,3008700,0.0,0.0,0.0
2024-04-01 00:00:00-04:00,56.729699408765626,56.78600451085538,56.354315355171536,56.48569869995117,3578400,0.0,0.0,0.0
2024-04-02 00:00:00-04:00,56.21355545770204,56.29801670043699,56.119707643592065,56.25109100341797,2280700,0.0,0.0,0.0
2024-04-03 00:00:00-04:00,56.11033098257308,56.607711923722796,56.11033098257308,56.49509811401367,2763500,0.0,0.0,0.0
2024-04-04 00:00:00-04:00,56.908011592899136,56.954933710163594,56.082168725318006,56.11032485961914,2347200,0.0,0.0,0.0
2024-04-05 00:00:00-04:00,56.09155630613554,56.429401284404314,55.96955593511001,56.3167839050293,2846600,0.0,0.0,0.0
2024-04-08 00:00:00-04:00,56.635859368583844,56.71093762156483,56.5232455690405,56.598323822021484,2892000,0.0,0.0,0.0
2024-04-09 00:00:00-04:00,56.89862704017681,56.96431871853016,56.4763208365282,56.74847412109375,3960400,0.0,0.0,0.0
2024-04-10 00:00:00-04:00,55.96016934685428,56.18539693127248,55.763090735578466,55.950782775878906,2921600,0.0,0.0,0.0
2024-04-11 00:00:00-04:00,56.1760140338301,56.21355315793832,55.63170747404465,56.14786148071289,2378700,0.0,0.0,0.0
2024-04-12 00:00:00-04:00,55.63170527833687,55.75370563690944,55.08740231996224,55.1718635559082,3892600,0.0,0.0,0.0
2024-04-15 00:00:00-04:00,55.70678746543142,55.75370958207102,54.843405483565085,54.91848373413086,4267600,0.0,0.0,0.0
2024-04-16 00:00:00-04:00,54.402333588330805,54.561869501762274,54.14894986117961,54.299102783203125,3152700,0.0,0.0,0.0
2024-04-17 00:00:00-04:00,54.608792935524,54.65571863347948,54.13018160376005,54.33664321899414,3299900,0.0,0.0,0.0
2024-04-18 00:00:00-04:00,54.449258184094965,54.693255351018436,54.24279656444019,54.34602737426758,2140000,0.0,0.0,0.0
2024-04-19 00:00:00-04:00,54.289716123596584,54.50556430483699,54.18648889856479,54.32725524902344,2536000,0.0,0.0,0.0
2024-04-22 00:00:00-04:00,54.552482508859704,55.03109379397541,54.468021272671315,54.89032745361328,2439400,0.0,0.0,0.0
2024-04-23 00:00:00-04:00,54.9747946416724,55.47217554200445,54.956025078273136,55.41586685180664,2253600,0.0,0.0,0.0
2024-04-24 00:00:00-04:00,55.51909526964407,55.51909526964407,55.14371117768069,55.340789794921875,1897600,0.0,0.0,0.0
2024-04-25 00:00:00-04:00,54.69325368423411,55.31263494439449,54.5900228775527,55.2375602722168,2075000,0.0,0.0,0.0
2024-04-26 00:00:00-04:00,55.49094375781399,55.753710479166166,55.48155718637822,55.688018798828125,3367500,0.0,0.0,0.0
2024-04-29 00:00:00-04:00,55.89448144793984,56.09155649260908,55.82878976638343,56.035247802734375,4217300,0.0,0.0,0.0
2024-04-30 00:00:00-04:00,55.744325207922934,55.88509155434989,55.27509689331055,55.27509689331055,2935600,0.0,0.0,0.0
2024-05-01 00:00:00-04:00,55.256332252678895,55.88509653189656,55.11556231378597,55.22817611694336,3866400,0.0,0.0,0.0
2024-05-02 00:00:00-04:00,55.8757119082946,56.288631561099386,55.622328173643425,56.17601776123047,2078200,0.0,0.0,0.0
2024-05-03 00:00:00-04:00,56.65462368800374,56.814163170857654,56.335548302223714,56.67339324951172,3988200,0.0,0.0,0.0
2024-05-06 00:00:00-04:00,56.85170989352803,57.00186282573575,56.823553757538384,56.98309326171875,4036400,0.0,0.0,0.0
2024-05-07 00:00:00-04:00,57.02062368061696,57.05816280527418,56.842318208387084,56.94554901123047,4436900,0.0,0.0,0.0
2024-05-08 00:00:00-04:00,56.61709560511791,56.87047576904297,56.598326041136744,56.87047576904297,4012900,0.0,0.0,0.0
2024-05-09 00:00:00-04:00,56.870473224724776,57.21770477294922,56.832937678370016,57.21770477294922,2175700,0.0,0.0,0.0
2024-05-10 00:00:00-04:00,57.461700499264,57.49923962460962,57.23647290704631,57.29277801513672,2393700,0.0,0.0,0.0
2024-05-13 00:00:00-04:00,57.461698050131744,57.55554585949583,57.31154513507709,57.38662338256836,2342100,0.0,0.0,0.0
2024-05-14 00:00:00-04:00,57.58370443373589,57.76200992028082,57.527395742229366,57.74324035644531,2675300,0.0,0.0,0.0
2024-05-15 00:00:00-04:00,58.024782627079894,58.33447149331715,57.88401268247216,58.32508850097656,1695800,0.0,0.0,0.0
2024-05-16 00:00:00-04:00,58.287541654843324,58.34384676128924,58.12800216674805,58.12800216674805,2526400,0.0,0.0,0.0
2024-05-17 00:00:00-04:00,58.174931581205925,58.40954575287086,58.10923631960584,58.38138961791992,3793600,0.0,0.0,0.0
2024-05-20 00:00:00-04:00,58.34385049127078,58.51277298126379,58.30631494454979,58.38138961791992,2961700,0.0,0.0,0.0
2024-05-21 00:00:00-04:00,58.15615827248686,58.26877206525356,58.09046659504563,58.21246337890625,2340700,0.0,0.0,0.0
2024-05-22 00:00:00-04:00,57.98724508066952,58.00601464579144,57.63063050320999,57.771400451660156,2294200,0.0,0.0,0.0
2024-05-23 00:00:00-04:00,58.17492708158725,58.17492708158725,57.292775573204274,57.38662338256836,10630100,0.0,0.0,0.0
2024-05-24 00:00:00-04:00,57.68693395999434,57.91216156114737,57.640008261486635,57.84646987915039,2092200,0.0,0.0,0.0
2024-05-28 00:00:00-04:00,58.052925095454476,58.109230199570014,57.65877146700681,57.827693939208984,3560600,0.0,0.0,0.0
2024-05-29 00:00:00-04:00,57.17078429877625,57.377245932268174,56.8423258636104,56.8610954284668,3623800,0.0,0.0,0.0
2024-05-30 00:00:00-04:00,57.0393957130696,57.35847112661783,57.030012721462946,57.21770477294922,2607500,0.0,0.0,0.0
2024-05-31 00:00:00-04:00,57.36786131958568,57.499244689941406,57.011246757242745,57.499244689941406,3007300,0.0,0.0,0.0
2024-06-03 00:00:00-04:00,57.78077948411632,57.88401029524748,57.480473622604734,57.74324035644531,2667500,0.0,0.0,0.0
2024-06-04 00:00:00-04:00,57.46169930350465,57.5649301060929,57.10508477999831,57.367855072021484,1771600,0.0,0.0,0.0
2024-06-05 00:00:00-04:00,57.61185700912635,57.884010314941406,57.43355152252076,57.884010314941406,2453800,0.0,0.0,0.0
2024-06-06 00:00:00-04:00,57.88400899559208,58.08108404154764,57.88400899559208,58.07170104980469,1847400,0.0,0.0,0.0
2024-06-07 00:00:00-04:00,57.81831631973154,57.81831631973154,57.38662710841284,57.41477966308594,2295100,0.0,0.0,0.0
2024-06-10 00:00:00-04:00,57.28340507660619,57.630633097169266,57.170787680805745,57.56494140625,2255500,0.0,0.0,0.0
2024-06-11 00:00:00-04:00,57.06754809584299,57.21770101117458,56.78600824715934,57.04877853393555,2731300,0.0,0.0,0.0
2024-06-12 00:00:00-04:00,57.90277489447815,58.052927812359776,57.593082487637815,57.649391174316406,1864100,0.0,0.0,0.0
2024-06-13 00:00:00-04:00,57.41477604131082,57.41477604131082,56.842316932881644,57.04877853393555,1701000,0.0,0.0,0.0
2024-06-14 00:00:00-04:00,56.57954908354998,56.72970199584961,56.382474057393175,56.72970199584961,2087500,0.0,0.0,0.0
2024-06-17 00:00:00-04:00,56.542013614306185,56.96431982616628,56.466935363340816,56.926780700683594,2108900,0.0,0.0,0.0
2024-06-18 00:00:00-04:00,56.93616476056056,57.26462674480594,56.926781768977825,57.18954849243164,2862900,0.0,0.0,0.0
2024-06-20 00:00:00-04:00,57.22708654237218,57.292778222000194,56.983089386600696,57.15201187133789,2244300,0.0,0.0,0.0
2024-06-21 00:00:00-04:00,56.84362467067495,56.90984261658185,56.73010870749275,56.81524658203125,2618200,0.484,0.0,0.0
2024-06-24 00:00:00-04:00,57.17471223163889,57.49634378896218,57.08957436032957,57.23147201538086,3018700,0.0,0.0,0.0
2024-06-25 00:00:00-04:00,57.20309392781351,57.28823179912283,57.061196272762224,57.23147201538086,6306900,0.0,0.0,0.0
2024-06-26 00:00:00-04:00,56.815246440656026,56.99498034929789,56.7490284949139,56.89092254638672,2791100,0.0,0.0,0.0
2024-06-27 00:00:00-04:00,57.042274057285724,57.17470993876532,56.90983817580613,56.99497604370117,2272800,0.0,0.0,0.0
2024-06-28 00:00:00-04:00,57.12741616400715,57.259852055313424,56.87200254137046,57.04227828979492,3789700,0.0,0.0,0.0
2024-07-01 00:00:00-04:00,57.34498748894415,57.477423374614,57.01389777476953,57.10849380493164,2866100,0.0,0.0,0.0
2024-07-02 00:00:00-04:00,57.004437316183505,57.32606887817383,56.938219371827316,57.32606887817383,3783600,0.0,0.0,0.0
2024-07-03 00:00:00-04:00,57.666620142017145,58.04501148708791,57.64770021390288,58.007171630859375,1680100,0.0,0.0,0.0
2024-07-05 00:00:00-04:00,58.347724500255424,58.37610258879462,57.91257696915322,58.3004264831543,2253000,0.0,0.0,0.0
2024-07-08 00:00:00-04:00,58.31934934252569,58.39502545196908,58.09231379698037,58.13015365600586,3249200,0.0,0.0,0.0
2024-07-09 00:00:00-04:00,58.07339054606982,58.149070259792424,57.88419487037067,58.026092529296875,2586500,0.0,0.0,0.0
2024-07-10 00:00:00-04:00,58.39502187704471,58.735573370210446,58.328803932107746,58.70719528198242,2257400,0.0,0.0,0.0
2024-07-11 00:00:00-04:00,59.104503151558994,59.25585897029944,58.91530747598159,58.98152542114258,2458800,0.0,0.0,0.0
2024-07-12 00:00:00-04:00,59.303155860000636,59.69100536369001,59.303155860000636,59.49235153198242,2179400,0.0,0.0,0.0
2024-07-15 00:00:00-04:00,59.32207789076735,59.33153965943583,58.94369014199889,59.00044631958008,2028700,0.0,0.0,0.0
2024-07-16 00:00:00-04:00,58.924765922806905,59.35991342607978,58.877467908730665,59.33153533935547,2049900,0.0,0.0,0.0
2024-07-17 00:00:00-04:00,58.96260597820074,59.15179803514965,58.83016648628646,58.87746810913086,2800600,0.0,0.0,0.0
2024-07-18 00:00:00-04:00,58.915306381389364,59.00990602172418,58.20582531761114,58.30988311767578,2073900,0.0,0.0,0.0
2024-07-19 00:00:00-04:00,58.05447493223222,58.149074581416095,57.8652792424721,57.92203903198242,1618700,0.0,0.0,0.0
2024-07-22 00:00:00-04:00,58.309880761400684,58.461236571212865,58.186903038238555,58.451778411865234,2092600,0.0,0.0,0.0
2024-07-23 00:00:00-04:00,58.1774405678595,58.215280419660346,58.04500469516343,58.10176086425781,1908100,0.0,0.0,0.0
2024-07-24 00:00:00-04:00,57.912576453354255,58.00717248671399,57.36390935576719,57.37337112426758,1938400,0.0,0.0,0.0
2024-07-25 00:00:00-04:00,57.05174047240603,57.57202588143101,56.83416670530858,57.089576721191406,1933200,0.0,0.0,0.0
2024-07-26 00:00:00-04:00,57.54364568123891,57.88419355945608,57.52472575323674,57.80851745605469,1808400,0.0,0.0,0.0
2024-07-29 00:00:00-04:00,57.7233786161737,57.780138399228186,57.401747062746026,57.56256103515625,1871100,0.0,0.0,0.0
2024-07-30 00:00:00-04:00,57.7139241447952,57.7990620258373,57.430132410857425,57.59095001220703,1711900,0.0,0.0,0.0
2024-07-31 00:00:00-04:00,58.4801588559414,58.78287048776853,58.37610105588695,58.53691864013672,2384900,0.0,0.0,0.0
2024-08-01 00:00:00-04:00,57.978791945729135,58.15852584495223,56.9571375073481,57.21255111694336,2054700,0.0,0.0,0.0
2024-08-02 00:00:00-04:00,56.44630930936048,56.503069091155375,55.86926776651121,56.238197326660156,5079300,0.0,0.0,0.0
2024-08-05 00:00:00-04:00,54.11922124726727,55.24493364792928,53.83542950903426,54.894920349121094,4366000,0.0,0.0,0.0
2024-08-06 00:00:00-04:00,54.61112191435662,55.415202617461084,54.47868602666131,55.065189361572266,3322900,0.0,0.0,0.0
2024-08-07 00:00:00-04:00,56.181442240937265,56.27604188516945,55.339525254611814,55.37736511230469,2774900,0.0,0.0,0.0
2024-08-08 00:00:00-04:00,55.99224656576162,56.45577580101944,55.74629470795228,56.408477783203125,3568100,0.0,0.0,0.0
2024-08-09 00:00:00-04:00,56.29495626628081,56.64496952497221,56.19090207412082,56.59767150878906,6635900,0.0,0.0,0.0
2024-08-12 00:00:00-04:00,56.607130083518726,56.80578391810849,56.47469419379222,56.64496994018555,2399100,0.0,0.0,0.0
2024-08-13 00:00:00-04:00,56.93821929902406,57.49634454974636,56.93821929902406,57.47742462158203,2132600,0.0,0.0,0.0
2024-08-14 00:00:00-04:00,57.51526544850315,57.572025233954,57.33553154081985,57.49634552001953,2306500,0.0,0.0,0.0
2024-08-15 00:00:00-04:00,57.9598701573678,58.3382578712591,57.95040838957144,58.2058219909668,2370300,0.0,0.0,0.0
2024-08-16 00:00:00-04:00,58.28150543755894,58.60313699973251,58.28150543755894,58.5842170715332,5284700,0.0,0.0,0.0
2024-08-19 00:00:00-04:00,58.905847442296256,59.29369694101922,58.905847442296256,59.24639892578125,2556600,0.0,0.0,0.0
2024-08-20 00:00:00-04:00,59.1707126737716,59.199094366662855,58.858542920822494,58.96260070800781,2252200,0.0,0.0,0.0
2024-08-21 00:00:00-04:00,59.29369728578003,59.520729203685256,59.17071955856046,59.44505310058594,2230500,0.0,0.0,0.0
2024-08-22 00:00:00-04:00,59.5018159702189,59.520732290519305,58.9058508397473,58.972068786621094,2311400,0.0,0.0,0.0
2024-08-23 00:00:00-04:00,59.43559273572333,60.059935899709,59.378832954049315,60.01263427734375,2022000,0.0,0.0,0.0
2024-08-26 00:00:00-04:00,59.88966126904018,59.95587921124555,59.662625746759474,59.728843688964844,2123000,0.0,0.0,0.0
2024-08-27 00:00:00-04:00,59.795056857118816,60.012630593937786,59.728838920200296,59.936954498291016,1605300,0.0,0.0,0.0
2024-08-28 00:00:00-04:00,59.85182190108189,59.90858168426589,59.42613254871998,59.624786376953125,1497700,0.0,0.0,0.0
2024-08-29 00:00:00-04:00,59.82344374392971,60.10723544230381,59.728844105400185,59.77614212036133,2285500,0.0,0.0,0.0
2024-08-30 00:00:00-04:00,59.97480045849613,60.09777457752218,59.64370713157673,59.94641876220703,3631300,0.0,0.0,0.0
2024-09-03 00:00:00-04:00,59.60586434697199,59.6153261148059,58.80178729423097,58.93422317504883,4579400,0.0,0.0,0.0
2024-09-04 00:00:00-04:00,58.631518678005776,59.095047925754514,58.622060517630615,58.81125259399414,3963600,0.0,0.0,0.0
2024-09-05 00:00:00-04:00,58.896387688251586,59.095045132816445,58.707195620829616,58.90584945678711,2078600,0.0,0.0,0.0
2024-09-06 00:00:00-04:00,58.83963240620307,58.89638858384977,57.75175995894734,57.81797790527344,3991900,0.0,0.0,0.0
2024-09-09 00:00:00-04:00,58.253122651177506,58.584212346443145,58.224740956864004,58.413936614990234,6217000,0.0,0.0,0.0
2024-09-10 00:00:00-04:00,58.25312416666998,58.25312416666998,57.73283519113543,58.17744445800781,1730300,0.0,0.0,0.0
2024-09-11 00:00:00-04:00,58.13960771453007,58.584217005191995,57.590944231800776,58.50853729248047,2475000,0.0,0.0,0.0
2024-09-12 00:00:00-04:00,58.50853713997985,59.03828430175781,58.40448294818369,59.03828430175781,2179900,0.0,0.0,0.0
2024-09-13 00:00:00-04:00,59.12342459347081,59.3977581496503,59.07612657551752,59.19910430908203,2975100,0.0,0.0,0.0
2024-09-16 00:00:00-04:00,59.397752731612506,59.59640655406033,59.27477500926556,59.58694839477539,2984700,0.0,0.0,0.0
2024-09-17 00:00:00-04:00,59.58694651167601,59.7004624625435,59.23693328287349,59.39775085449219,1938900,0.0,0.0,0.0
2024-09-18 00:00:00-04:00,59.435598007455916,59.955883422156965,59.13288275361848,59.19910430908203,3193600,0.0,0.0,0.0
2024-09-19 00:00:00-04:00,60.23967541041063,60.45724918086385,59.89912390583776,60.35319137573242,1853500,0.0,0.0,0.0
2024-09-20 00:00:00-04:00,60.11758772431741,60.127090004877864,59.73757985523768,59.92758560180664,2474200,0.272,0.0,0.0
2024-09-23 00:00:00-04:00,60.09857985299143,60.31708879197166,60.06058160730848,60.241085052490234,2507300,0.0,0.0,0.0
2024-09-24 00:00:00-04:00,60.74459556034524,61.08660875504667,60.62109492299096,61.07710647583008,4627700,0.0,0.0,0.0
2024-09-25 00:00:00-04:00,60.90610804597128,60.99160682349621,60.58309937599755,60.61159896850586,1708400,0.0,0.0,0.0
2024-09-26 00:00:00-04:00,61.9321369811811,62.198142842579315,61.704125744454544,62.10314178466797,2745800,0.0,0.0,0.0
2024-09-27 00:00:00-04:00,62.141142914717456,62.24563900348967,61.72312956716449,61.827632904052734,2296300,0.0,0.0,0.0
2024-09-30 00:00:00-04:00,61.8181257697381,61.83712308035511,61.23860994636044,61.504615783691406,3330000,0.0,0.0,0.0
2024-10-01 00:00:00-04:00,61.628127172510226,61.63762220430046,60.963105293284116,61.343116760253906,2444300,0.0,0.0,0.0
2024-10-02 00:00:00-04:00,61.47612041039604,61.61862561820229,61.248116426775624,61.56162643432617,8607000,0.0,0.0,0.0
2024-10-03 00:00:00-04:00,60.81110411938146,61.06760768797143,60.687599850908526,60.91560745239258,2065200,0.0,0.0,0.0
2024-10-04 00:00:00-04:00,61.10561064142357,61.40011608615456,60.98210999482061,61.38111877441406,3716100,0.0,0.0,0.0
2024-10-07 00:00:00-04:00,61.381118596684814,61.45712233965851,61.039109001419035,61.25761795043945,2384900,0.0,0.0,0.0
2024-10-08 00:00:00-04:00,60.71609864166292,60.773101447296945,60.48809104318465,60.678096771240234,2599300,0.0,0.0,0.0
2024-10-09 00:00:00-04:00,60.2315911135155,60.68760271393876,60.18408696059091,60.61159896850586,3898500,0.0,0.0,0.0
2024-10-10 00:00:00-04:00,60.46909355109934,60.59259419351678,60.17458449229151,60.554595947265625,1658800,0.0,0.0,0.0
2024-10-11 00:00:00-04:00,60.507092645780354,60.97260650344819,60.488091710359434,60.906105041503906,2373600,0.0,0.0,0.0
2024-10-14 00:00:00-04:00,60.754101325065925,61.02011079752647,60.62109840086459,60.94410705566406,1962800,0.0,0.0,0.0
2024-10-15 00:00:00-04:00,60.72559170751202,60.72559170751202,59.90857331297702,59.975074768066406,1825300,0.0,0.0,0.0
2024-10-16 00:00:00-04:00,60.25059147803462,60.3170965706865,60.18409000944098,60.27909469604492,2036100,0.0,0.0,0.0
2024-10-17 00:00:00-04:00,60.35508299487373,60.35508299487373,60.12707903981742,60.184078216552734,1576900,0.0,0.0,0.0
2024-10-18 00:00:00-04:00,60.63059630458895,60.70660004550871,60.48809110239331,60.66859817504883,6638600,0.0,0.0,0.0
2024-10-21 00:00:00-04:00,60.336089473092336,60.44059280868787,59.92758203476304,60.07008361816406,2167100,0.0,0.0,0.0
2024-10-22 00:00:00-04:00,59.72807341716734,59.88957955892931,59.66157195410592,59.832576751708984,3451500,0.0,0.0,0.0
2024-10-23 00:00:00-04:00,59.47155713965527,59.519061283780786,59.034546556536576,59.30055236816406,2733300,0.0,0.0,0.0
2024-10-24 00:00:00-04:00,59.52857179031869,59.56657366356234,59.158062586338445,59.424068450927734,2564500,0.0,0.0,0.0
2024-10-25 00:00:00-04:00,59.576072005252286,59.68057534409142,59.186561866707024,59.26256561279297,2600200,0.0,0.0,0.0
2024-10-28 00:00:00-04:00,59.41457038695294,59.75658000143902,59.386067169707005,59.66157531738281,2249200,0.0,0.0,0.0
2024-10-29 00:00:00-04:00,59.44306577443683,59.623569225285486,59.40506390350305,59.45256805419922,1751900,0.0,0.0,0.0
2024-10-30 00:00:00-04:00,59.044052152904584,59.35755850221737,58.9680484172787,59.101051330566406,1740800,0.0,0.0,0.0
2024-10-31 00:00:00-04:00,58.9015536704173,58.9015536704173,58.33154008452033,58.75904846191406,2410400,0.0,0.0,0.0
2024-11-01 00:00:00-04:00,58.97755756830933,59.20556155363876,58.77804955107357,58.8255500793457,5021600,0.0,0.0,0.0
2024-11-04 00:00:00-05:00,59.1770587162087,59.39556403352404,58.94905111932523,59.00605392456055,4796500,0.0,0.0,0.0
2024-11-05 00:00:00-05:00,59.24355806233619,59.69007096059733,59.23405578310724,59.652069091796875,1791200,0.0,0.0,0.0
2024-11-06 00:00:00-05:00,58.835052653917735,59.015556111878496,58.42654158542831,58.9300537109375,2696400,0.0,0.0,0.0
2024-11-07 00:00:00-05:00,59.62356652460437,60.04157983782609,59.62356652460437,59.94657516479492,2749700,0.0,0.0,0.0
2024-11-08 00:00:00-05:00,59.20555808985262,59.20555808985262,58.692543716788,58.94905090332031,2848000,0.0,0.0,0.0
2024-11-11 00:00:00-05:00,58.98705649758734,59.04405930621276,58.77804982335218,58.87305450439453,2679100,0.0,0.0,0.0
2024-11-12 00:00:00-05:00,58.27453905071189,58.31254092401094,57.628521700860446,57.904029846191406,2536200,0.0,0.0,0.0
2024-11-13 00:00:00-05:00,57.8185228061227,57.856524676373915,57.38151217040716,57.60951614379883,12741200,0.0,0.0,0.0
2024-11-14 00:00:00-05:00,57.799521713778454,57.894522765090265,57.495514000711275,57.54301452636719,3271100,0.0,0.0,0.0
2024-11-15 00:00:00-05:00,57.54301796473737,57.55252024487103,57.27701210592339,57.391014099121094,4669500,0.0,0.0,0.0
2024-11-18 00:00:00-05:00,57.486016057173366,57.8945271319312,57.457516464441724,57.76152420043945,16284100,0.0,0.0,0.0
2024-11-19 00:00:00-05:00,57.40050614581173,57.86601996919261,57.372006556808394,57.780517578125,2371400,0.0,0.0,0.0
2024-11-20 00:00:00-05:00,57.609516156404574,57.6475180266641,57.30550844244395,57.63801574707031,2872900,0.0,0.0,0.0
2024-11-21 00:00:00-05:00,57.552517177916485,57.77102249659219,57.39101104077316,57.66651916503906,3751400,0.0,0.0,0.0
2024-11-22 00:00:00-05:00,57.60952062397422,57.923030641841066,57.59051968737094,57.86602783203125,3246000,0.0,0.0,0.0
2024-11-25 00:00:00-05:00,58.15103132699482,58.265036940133065,57.89452413352059,58.0560302734375,2685900,0.0,0.0,0.0
2024-11-26 00:00:00-05:00,57.923030348720914,57.93252900494544,57.60952033244059,57.76152420043945,2737300,0.0,0.0,0.0
2024-11-27 00:00:00-05:00,57.980026388325,58.14153252784352,57.88502533500202,58.018028259277344,2062600,0.0,0.0,0.0
2024-11-29 00:00:00-05:00,58.03703070816149,58.635547507065596,58.02753205220465,58.62604522705078,1308200,0.0,0.0,0.0
2024-12-02 00:00:00-05:00,58.62604565287328,58.82555004593773,58.36953845147984,58.74005126953125,2418200,0.0,0.0,0.0
2024-12-03 00:00:00-05:00,58.911052987041586,59.09156006971093,58.71154859214624,58.987056732177734,2428900,0.0,0.0,0.0
2024-12-04 00:00:00-05:00,59.04405566329114,59.110557123888746,58.93955233262124,58.996551513671875,2800900,0.0,0.0,0.0
2024-12-05 00:00:00-05:00,59.262561966095326,59.42406448050285,59.224560095390785,59.35756301879883,2156200,0.0,0.0,0.0
2024-12-06 00:00:00-05:00,59.50956657708073,59.52856751233707,59.16755699058246,59.25305938720703,2393200,0.0,0.0,0.0
2024-12-09 00:00:00-05:00,59.8325799027846,60.01308336573495,59.5570717561303,59.576072692871094,2545000,0.0,0.0,0.0
2024-12-10 00:00:00-05:00,59.272063314701484,59.31956384321137,58.92055505485873,58.9300537109375,2541800,0.0,0.0,0.0
2024-12-11 00:00:00-05:00,59.25305953076246,59.32906327197192,59.063053801796656,59.29106140136719,2010600,0.0,0.0,0.0
2024-12-12 00:00:00-05:00,59.00605700677861,59.16755952729482,58.73054886983661,58.75904846191406,2968000,0.0,0.0,0.0
2024-12-13 00:00:00-05:00,58.79705008668714,58.901553422608785,58.4930423589467,58.616546630859375,2744100,0.0,0.0,0.0
2024-12-16 00:00:00-05:00,58.436039090347755,58.588042953019794,58.34103803519946,58.41704177856445,2941200,0.0,0.0,0.0
2024-12-17 00:00:00-05:00,58.19853223552806,58.36003837650438,58.0940325255527,58.20803451538086,2534400,0.0,0.0,0.0
2024-12-18 00:00:00-05:00,58.22703577473143,58.312538173592365,56.76399633824788,56.82099914550781,4041700,0.0,0.0,0.0
2024-12-19 00:00:00-05:00,57.210509268305856,57.24850751575455,56.792495929848876,56.82099914550781,5947000,0.0,0.0,0.0
2024-12-20 00:00:00-05:00,56.391010626079705,57.26064359324745,56.323372629277586,56.89346694946289,6523100,1.005,0.0,0.0
2024-12-23 00:00:00-05:00,56.9224501777564,57.24131816002485,56.74852285760892,57.22199249267578,6536200,0.0,0.0,0.0
2024-12-24 00:00:00-05:00,57.48289273923065,57.48289273923065,57.15436371332534,57.40559005737305,11058600,0.0,0.0,0.0
2024-12-26 00:00:00-05:00,57.4635644579972,57.61816612869356,57.34761044047899,57.52153778076172,2977800,0.0,0.0,0.0
2024-12-27 00:00:00-05:00,57.32828561729721,57.50220926297056,57.20267061420508,57.39592361450195,2758800,0.0,0.0,0.0
2024-12-30 00:00:00-05:00,57.02874415647411,57.24132282865777,56.806504492825034,57.00941848754883,4583800,0.0,0.0,0.0
2024-12-31 00:00:00-05:00,57.12536841484419,57.26064441037887,56.86447741517254,56.94178009033203,4727900,0.0,0.0,0.0
2025-01-02 00:00:00-05:00,57.07705828571851,57.2026732946969,56.69055226701326,56.845157623291016,3962500,0.0,0.0,0.0
2025-01-03 00:00:00-05:00,57.028748759763076,57.18335043765014,56.88380807412125,57.14469909667969,5673800,0.0,0.0,0.0
2025-01-06 00:00:00-05:00,57.59884085583556,57.89837952150097,57.50221250723816,57.589176177978516,6010900,0.0,0.0,0.0
2025-01-07 00:00:00-05:00,57.92736619663038,57.946691865124656,57.260643534557985,57.328285217285156,3128600,0.0,0.0,0.0
2025-01-08 00:00:00-05:00,57.067398861258944,57.26064818992444,56.83549450646782,57.202674865722656,4032400,0.0,0.0,0.0
2025-01-10 00:00:00-05:00,56.671231630749354,56.69055361474886,56.15911059089078,56.26539993286133,7682600,0.0,0.0,0.0
2025-01-13 00:00:00-05:00,55.74361117304455,56.07214015130423,55.63732552989678,56.05281448364258,3891700,0.0,0.0,0.0
2025-01-14 00:00:00-05:00,56.24607219888964,56.45865087503006,56.11079619988921,56.36202621459961,3315800,0.0,0.0,0.0
2025-01-15 00:00:00-05:00,57.019079066506535,57.15435874800483,56.83549074203621,57.028743743896484,2788700,0.0,0.0,0.0
2025-01-16 00:00:00-05:00,57.14469186935549,57.37659619985357,57.01907687008594,57.21232986450195,3336700,0.0,0.0,0.0
2025-01-17 00:00:00-05:00,57.45389474575709,57.81141407278507,57.3765957601796,57.49254608154297,3262300,0.0,0.0,0.0
2025-01-21 00:00:00-05:00,58.081970959671935,58.4781379699707,58.05298429838006,58.4781379699707,4022900,0.0,0.0,0.0
2025-01-22 00:00:00-05:00,58.584424325520935,58.61341098533645,58.33319432047187,58.35251998901367,3126000,0.0,0.0,0.0
2025-01-23 00:00:00-05:00,58.41049816544769,58.75835283418397,58.37184682758934,58.72936248779297,3367700,0.0,0.0,0.0
2025-01-24 00:00:00-05:00,58.94194247026997,59.1641821389041,58.883965462193636,59.01924514770508,3698900,0.0,0.0,0.0
2025-01-27 00:00:00-05:00,58.50712418672075,58.690716202826536,58.47813752564912,58.671390533447266,3838200,0.0,0.0,0.0
2025-01-28 00:00:00-05:00,58.70037377945692,58.75835078422174,58.34285813172629,58.7390251159668,2711600,0.0,0.0,0.0
2025-01-29 00:00:00-05:00,58.81632574192051,58.97092740627373,58.574760410993946,58.748687744140625,3220800,0.0,0.0,0.0
2025-01-30 00:00:00-05:00,59.231816132529815,59.705285784810485,59.21249046447813,59.45405578613281,3078400,0.0,0.0,0.0
2025-01-31 00:00:00-05:00,59.44440215224557,59.62799049246701,58.825995442031505,58.86464309692383,3997700,0.0,0.0,0.0
2025-02-03 00:00:00-05:00,57.86939109855273,58.594087103999954,57.73411510062837,58.27522277832031,5300800,0.0,0.0,0.0
2025-02-04 00:00:00-05:00,58.690716140594944,59.125530800186546,58.661725793559505,59.01924514770508,3199200,0.0,0.0,0.0
2025-02-05 00:00:00-05:00,59.202832464159165,59.49271012758948,59.13519446555857,59.40574645996094,2583600,0.0,0.0,0.0
2025-02-06 00:00:00-05:00,59.45405494638526,59.743936277071946,59.45405494638526,59.66663360595703,2514400,0.0,0.0,0.0
2025-02-07 00:00:00-05:00,59.77292379949706,59.93718644899858,59.193164815740076,59.280128479003906,5892400,0.0,0.0,0.0
2025-02-10 00:00:00-05:00,59.66663740667208,59.75360107421875,59.521696732096146,59.75360107421875,4251200,0.0,0.0,0.0
2025-02-11 00:00:00-05:00,59.55068665416751,59.93718897362448,59.55068665416751,59.85988998413086,2754400,0.0,0.0,0.0
2025-02-12 00:00:00-05:00,59.5313592078463,60.17875250875436,59.43473086637129,60.02415084838867,3058600,0.0,0.0,0.0
2025-02-13 00:00:00-05:00,60.130435509102895,60.68120411173761,60.062797518322775,60.67154312133789,2949700,0.0,0.0,0.0
2025-02-14 00:00:00-05:00,60.951768637488556,61.01940663811905,60.748850949602485,60.78750228881836,4795000,0.0,0.0,0.0
2025-02-18 00:00:00-05:00,61.24164406104459,61.24164406104459,61.000078728806635,61.145015716552734,5399500,0.0,0.0,0.0
2025-02-19 00:00:00-05:00,60.69087300590778,60.797158651667225,60.516945678673345,60.73918533325195,3636400,0.0,0.0,0.0
2025-02-20 00:00:00-05:00,61.00007587288989,61.13535186285065,60.8068228789484,61.10636520385742,3219100,0.0,0.0,0.0
2025-02-21 00:00:00-05:00,61.20299292094743,61.24164425886902,60.594247249662956,60.710201263427734,3290000,0.0,0.0,0.0
2025-02-24 00:00:00-05:00,60.768175455955735,60.787501125193735,60.31403144384907,60.41065979003906,2956200,0.0,0.0,0.0
2025-02-25 00:00:00-05:00,60.884123956032674,60.95176563933053,60.49762164086931,60.74884796142578,2711100,0.0,0.0,0.0
2025-02-26 00:00:00-05:00,61.01940155972933,61.386578193737854,60.826148565728154,60.932437896728516,2995800,0.0,0.0,0.0
2025-02-27 00:00:00-05:00,60.69087142431791,60.73918375040307,60.111112453313396,60.12077713012695,2560300,0.0,0.0,0.0
2025-02-28 00:00:00-05:00,59.69562145992653,59.98550279641756,59.42506947759549,59.956512451171875,3690800,0.0,0.0,0.0
2025-03-03 00:00:00-05:00,60.81648562963835,60.961426300786805,59.85988899524054,60.159427642822266,5719800,0.0,0.0,0.0
2025-03-04 00:00:00-05:00,59.772926673800036,60.758513676186,59.367094997055474,60.188419342041016,8280100,0.0,0.0,0.0
2025-03-05 00:00:00-05:00,61.02906652008721,61.78274919111791,60.95176752905575,61.69578552246094,7267500,0.0,0.0,0.0
2025-03-06 00:00:00-05:00,61.415573981131544,61.81174099524323,61.12569262144454,61.20299530029297,9261900,0.0,0.0,0.0
2025-03-07 00:00:00-05:00,61.28029040380366,61.763421057959135,61.07737641369701,61.72477340698242,4651300,0.0,0.0,0.0
2025-03-10 00:00:00-04:00,60.84547814804684,60.93244181664221,59.92752913198336,60.32369613647461,5049200,0.0,0.0,0.0
2025-03-11 00:00:00-04:00,60.439649478061156,60.6135768239199,59.869555107967436,60.275386810302734,4547800,0.0,0.0,0.0
2025-03-12 00:00:00-04:00,60.66188184756947,60.81648350459504,60.275379548002675,60.69087219238281,3178500,0.0,0.0,0.0
2025-03-13 00:00:00-04:00,60.3043704672318,60.536274812150964,60.14976879928386,60.32369613647461,4088500,0.0,0.0,0.0
2025-03-14 00:00:00-04:00,60.97109050519228,61.444560194700244,60.893791512902055,61.39624786376953,4258300,0.0,0.0,0.0
2025-03-17 00:00:00-04:00,61.59916130888498,62.26588400208824,61.57983563948834,62.198246002197266,5473100,0.0,0.0,0.0
2025-03-18 00:00:00-04:00,62.101611807391066,62.178914482286636,61.782747488432854,62.120941162109375,4476100,0.0,0.0,0.0
2025-03-19 00:00:00-04:00,62.0726233625111,62.52676734947844,61.93734737132789,62.28520202636719,3635000,0.0,0.0,0.0
2025-03-20 00:00:00-04:00,61.44455876859012,61.8697124313051,61.41557210790338,61.80207443237305,2773300,0.0,0.0,0.0
2025-03-21 00:00:00-04:00,61.33785078237514,61.589829578696495,61.2603165699472,61.50260543823242,4668100,0.191,0.0,0.0
2025-03-24 00:00:00-04:00,61.74489273601562,61.74489273601562,61.415379735647605,61.59952163696289,3859300,0.0,0.0,0.0
2025-03-25 00:00:00-04:00,61.870883951078895,61.92903460889407,61.70612560245322,61.803043365478516,4184100,0.0,0.0,0.0
2025-03-26 00:00:00-04:00,61.541372600718034,61.62859674126186,61.066484791749495,61.16340255737305,3345700,0.0,0.0,0.0
2025-03-27 00:00:00-04:00,61.10524807294063,61.47352816518709,61.06648096911795,61.29907989501953,2480700,0.0,0.0,0.0
2025-03-28 00:00:00-04:00,61.018026055545114,61.018026055545114,60.465607746520476,60.581905364990234,4341900,0.0,0.0,0.0
2025-03-31 00:00:00-04:00,59.81627862568295,60.29116275020556,59.564296125416604,60.18455505371094,4207500,0.0,0.0,0.0
2025-04-01 00:00:00-04:00,60.174859149244085,60.5334456133578,59.932570298376945,60.3589973449707,4379800,0.0,0.0,0.0
2025-04-02 00:00:00-04:00,59.98103381339111,60.59160281875149,59.95196033119509,60.514068603515625,2678100,0.0,0.0,0.0
2025-04-03 00:00:00-04:00,59.699973515873076,59.951956000151064,59.215395796760355,59.30261993408203,5641300,0.0,0.0,0.0
2025-04-04 00:00:00-04:00,57.073564872164674,57.238323224047534,55.56168470942741,55.677982330322266,9165700,0.0,0.0,0.0
2025-04-07 00:00:00-04:00,53.65244832355185,56.104410521317675,53.41984938009921,54.166099548339844,20278100,0.0,0.0,0.0
2025-04-08 00:00:00-04:00,55.95903947956339,56.0268800679312,53.28416826350316,53.82689666748047,9830600,0.0,0.0,0.0
2025-04-09 00:00:00-04:00,53.943188509478546,57.877960698277995,53.61367553113539,57.66474533081055,13549500,0.0,0.0,0.0
2025-04-10 00:00:00-04:00,56.87003924706638,56.947569756716575,55.48414672737104,56.627750396728516,6399300,0.0,0.0,0.0
2025-04-11 00:00:00-04:00,57.12202233201067,58.27531971268539,56.98634115711594,58.178401947021484,5625000,0.0,0.0,0.0
2025-04-14 00:00:00-04:00,58.64359447888155,59.10879234689237,58.41099924191078,58.81804275512695,5175600,0.0,0.0,0.0
2025-04-15 00:00:00-04:00,59.11848342091445,59.4189229462811,59.040949209064465,59.13786697387695,3628700,0.0,0.0,0.0
2025-04-16 00:00:00-04:00,59.03126148372431,59.41892516336967,58.60483439374228,58.82773971557617,3863700,0.0,0.0,0.0
2025-04-17 00:00:00-04:00,59.380154722394515,59.787198235839355,59.273547031625256,59.428611755371094,3134100,0.0,0.0,0.0
2025-04-21 00:00:00-04:00,59.69997076317564,59.78719489647551,58.81803950293672,59.21539306640625,3914600,0.0,0.0,0.0
2025-04-22 00:00:00-04:00,60.01979716543063,60.58190540257875,59.94226295504627,60.310543060302734,3478900,0.0,0.0,0.0
2025-04-23 00:00:00-04:00,60.89203850930064,61.308771950236824,60.465607746520476,60.581905364990234,5937700,0.0,0.0,0.0
2025-04-24 00:00:00-04:00,60.921110460528546,61.39599454729725,60.72727863658775,61.35723114013672,2921300,0.0,0.0,0.0
2025-04-25 00:00:00-04:00,61.09555979461838,61.434762719636474,61.02771920961476,61.40568923950195,3611900,0.0,0.0,0.0
2025-04-28 00:00:00-04:00,61.58983012937733,61.803045518425826,61.41538184688944,61.764278411865234,3023100,0.0,0.0,0.0
2025-04-29 00:00:00-04:00,61.77396879368611,62.0647146835559,61.75458524142351,61.958106994628906,2903500,0.0,0.0,0.0
2025-04-30 00:00:00-04:00,61.55105979936836,62.045327442509276,61.28939108637495,61.89026641845703,3457700,0.0,0.0,0.0
2025-05-01 00:00:00-04:00,62.01625875657095,62.1519362307578,61.67705213148258,61.73520278930664,2552500,0.0,0.0,0.0
2025-05-02 00:00:00-04:00,62.94664715091765,63.12109543774338,62.830353222413635,63.0241813659668,3696700,0.0,0.0,0.0
2025-05-05 00:00:00-04:00,63.25677490234375,63.41184332823861,63.23739504614165,63.25677490234375,3600000,0.0,0.0,0.0
2025-05-06 00:00:00-04:00,63.24708725423404,63.32461407137498,63.03387187044043,63.15017318725586,4575000,0.0,0.0,0.0
2025-05-07 00:00:00-04:00,62.840034013661565,63.00479605489494,62.60743878271967,62.78188705444336,2928600,0.0,0.0,0.0
2025-05-08 00:00:00-04:00,62.89819006147996,62.985410502657054,62.61713409423828,62.61713409423828,2429900,0.0,0.0,0.0
2025-05-09 00:00:00-04:00,63.14048222108108,63.18893555957579,62.849732613834185,62.966033935546875,2604000,0.0,0.0,0.0
2025-05-12 00:00:00-04:00,63.53782772294584,63.595982076802784,63.22769828062906,63.58628845214844,4785100,0.0,0.0,0.0
2025-05-13 00:00:00-04:00,63.42153806091164,63.89642218388596,63.392464579066015,63.7122802734375,3270300,0.0,0.0,0.0
2025-05-14 00:00:00-04:00,63.98364551224778,64.06117973004257,63.595989211413865,63.6638298034668,3050100,0.0,0.0,0.0
2025-05-15 00:00:00-04:00,63.96426387403859,64.17747927000322,63.78981558589206,64.16778564453125,4526900,0.0,0.0,0.0
2025-05-16 00:00:00-04:00,64.09994075570651,64.27438903215422,63.9254924792588,64.24531555175781,2862100,0.0,0.0,0.0
2025-05-19 00:00:00-04:00,64.11933007273173,64.6911282564821,64.11933007273173,64.68143463134766,3347100,0.0,0.0,0.0
2025-05-20 00:00:00-04:00,64.72989532814316,64.89464998499251,64.65236111524834,64.88495635986328,4745700,0.0,0.0,0.0
2025-05-21 00:00:00-04:00,65.01094919563747,65.18539747195764,64.54575132742723,64.58451843261719,4124700,0.0,0.0,0.0
2025-05-22 00:00:00-04:00,64.37130520850401,64.65236118499882,64.23562403282646,64.47791290283203,2780700,0.0,0.0,0.0
2025-05-23 00:00:00-04:00,64.17748034423154,64.81711914876217,64.119333378566,64.69113159179688,8117500,0.0,0.0,0.0
2025-05-27 00:00:00-04:00,65.27262233555949,65.40830351588264,65.16601463758133,65.32108306884766,7352800,0.0,0.0,0.0
2025-05-28 00:00:00-04:00,64.87527349334256,64.92372683336257,64.66205809385886,64.75897216796875,3286700,0.0,0.0,0.0
2025-05-29 00:00:00-04:00,65.19508483309004,65.19508483309004,64.76866145674548,65.04002380371094,3749600,0.0,0.0,0.0
2025-05-30 00:00:00-04:00,64.95280148244113,64.97218873405315,64.45853747738501,64.87527465820312,3976400,0.0,0.0,0.0
2025-06-02 00:00:00-04:00,65.11756764943424,65.55368471528422,64.89465860626548,65.54399108886719,3240100,0.0,0.0,0.0
2025-06-03 00:00:00-04:00,65.1175591756143,65.30169368915331,64.94311089316136,65.22416687011719,11770300,0.0,0.0,0.0
2025-06-04 00:00:00-04:00,65.54397367980337,65.79595614122394,65.4761331010442,65.65058135986328,8502100,0.0,0.0,0.0
2025-06-05 00:00:00-04:00,65.9413376138631,66.00917819950627,65.60213468564726,65.7378158569336,3754500,0.0,0.0,0.0
2025-06-06 00:00:00-04:00,65.90257596665637,65.98979641510574,65.74750753287539,65.91226959228516,4429500,0.0,0.0,0.0
2025-06-09 00:00:00-04:00,65.99948119517435,66.28053714818152,65.94133423733457,66.06732177734375,3823000,0.0,0.0,0.0
2025-06-10 00:00:00-04:00,66.38715030175248,66.39684392688052,66.11578795072344,66.30961608886719,3411300,0.0,0.0,0.0
2025-06-11 00:00:00-04:00,66.53252198308915,66.62943604761732,66.30961298001215,66.36776733398438,3668000,0.0,0.0,0.0
2025-06-12 00:00:00-04:00,66.5712987936712,66.79420043517764,66.52283805730707,66.73605346679688,3832900,0.0,0.0,0.0
2025-06-13 00:00:00-04:00,65.8638088733054,66.17393834686852,65.68936058229677,65.84442901611328,3766900,0.0,0.0,0.0
2025-06-16 00:00:00-04:00,66.38714815706446,66.77481181489766,66.25146698593322,66.2805404663086,3657200,0.0,0.0,0.0
2025-06-17 00:00:00-04:00,65.99949230438739,66.04795304012352,65.39862058805213,65.46646118164062,3427300,0.0,0.0,0.0
2025-06-18 00:00:00-04:00,65.58275820046482,65.86381421399477,65.40830989531072,65.54399108886719,3299700,0.0,0.0,0.0
2025-06-20 00:00:00-04:00,65.7148135556426,65.7343333963557,64.99246028960528,65.02174377441406,4263300,0.485,0.0,0.0
2025-06-23 00:00:00-04:00,64.7191371405019,65.53910449626541,64.6703263680253,65.51958465576172,7742000,0.0,0.0,0.0
2025-06-24 00:00:00-04:00,66.11503876465993,66.59335304418235,66.09551147714092,66.5152587890625,7022100,0.0,0.0,0.0
2025-06-25 00:00:00-04:00,66.40787681061134,66.40787681061134,66.15407422141384,66.33954620361328,6358800,0.0,0.0,0.0
2025-06-26 00:00:00-04:00,66.74952947570121,67.05214283142504,66.71048235085047,66.99356842041016,4377600,0.0,0.0,0.0
2025-06-27 00:00:00-04:00,67.22785960852899,67.49141842500867,66.99357683001537,67.26690673828125,4072600,0.0,0.0,0.0
2025-06-30 00:00:00-04:00,67.208328746363,67.50117848019458,67.0619038794472,67.4426040649414,4094200,0.0,0.0,0.0
2025-07-01 00:00:00-04:00,67.37426979118176,67.54022193665415,67.29618298755219,67.46212768554688,4750100,0.0,0.0,0.0
2025-07-02 00:00:00-04:00,67.29618732288085,67.68664370861568,67.14976245449121,67.67688751220703,5196600,0.0,0.0,0.0
2025-07-03 00:00:00-04:00,67.64760429793567,67.9013994601803,67.64760429793567,67.83306884765625,2432000,0.0,0.0,0.0
2025-07-07 00:00:00-04:00,67.35474873967134,67.43284298937282,66.83738736848476,66.99356842041016,6534000,0.0,0.0,0.0
2025-07-08 00:00:00-04:00,67.2083325829916,67.48165504484888,67.12048212631399,67.42308807373047,3419200,0.0,0.0,0.0
2025-07-09 00:00:00-04:00,67.61831500567094,67.75498368151098,67.43285045145346,67.72569274902344,3143600,0.0,0.0,0.0
2025-07-10 00:00:00-04:00,67.69640582681669,67.84283069190633,67.49141399468239,67.82331085205078,3275500,0.0,0.0,0.0
2025-07-11 00:00:00-04:00,67.46213696448072,67.47190060908147,67.26690875733797,67.3547592163086,4315300,0.0,0.0,0.0
2025-07-14 00:00:00-04:00,67.21809622733751,67.46213520363558,67.14976561187319,67.42308807373047,3487800,0.0,0.0,0.0
2025-07-15 00:00:00-04:00,67.62807539628713,67.64760268367272,67.01309989824576,67.09119415283203,3188600,0.0,0.0,0.0
2025-07-16 00:00:00-04:00,67.10095472678395,67.40356812117909,66.856915750889,67.38404083251953,4230800,0.0,0.0,0.0
2025-07-17 00:00:00-04:00,67.28642918617037,67.65736576196967,67.19857127895442,67.62808227539062,3756300,0.0,0.0,0.0
2025-07-18 00:00:00-04:00,67.88187497590137,67.93067829723515,67.41331691673541,67.46212768554688,3851600,0.0,0.0,0.0
2025-07-21 00:00:00-04:00,67.82331276411345,68.1844856677083,67.72569121964956,67.87211608886719,4320800,0.0,0.0,0.0
2025-07-22 00:00:00-04:00,67.8623474267745,68.18448062573718,67.67688289045955,68.15519714355469,3056000,0.0,0.0,0.0
2025-07-23 00:00:00-04:00,68.85803531389291,69.38516037241743,68.78970470153668,69.37539672851562,4210100,0.0,0.0,0.0
2025-07-24 00:00:00-04:00,69.0630259732315,69.18992355187821,68.88731762338635,68.9068374633789,4418800,0.0,0.0,0.0
2025-07-25 00:00:00-04:00,68.48709181888648,68.7994613647461,68.36995044638509,68.7994613647461,4264100,0.0,0.0,0.0
2025-07-28 00:00:00-04:00,68.26257236891946,68.27233601178085,67.81354161450194,67.9111557006836,4951500,0.0,0.0,0.0
2025-07-29 00:00:00-04:00,68.02830460202685,68.03806079849066,67.77450199188151,67.87211608886719,5103800,0.0,0.0,0.0
2025-07-30 00:00:00-04:00,67.65736329392531,67.803788168958,67.1692853421354,67.38404083251953,3349000,0.0,0.0,0.0
2025-07-31 00:00:00-04:00,67.16928414084725,67.18881142915758,66.7300169710838,66.83739471435547,5033200,0.0,0.0,0.0
2025-08-01 00:00:00-04:00,66.77882140767223,66.77882140767223,66.23216909903111,66.61286926269531,4699300,0.0,0.0,0.0
2025-08-04 00:00:00-04:00,67.3352319764894,67.46212955244211,67.21809059658679,67.43284606933594,3399100,0.0,0.0,0.0
2025-08-05 00:00:00-04:00,67.62807849558727,67.72569259455463,67.38403952442971,67.60855865478516,3469200,0.0,0.0,0.0
2025-08-06 00:00:00-04:00,67.85259286069792,68.11615165414804,67.81354573435756,68.04782104492188,3021000,0.0,0.0,0.0
2025-08-07 00:00:00-04:00,68.68232115751117,68.7799352458464,68.27233751801664,68.53589630126953,3182800,0.0,0.0,0.0
2025-08-08 00:00:00-04:00,68.6042408512614,68.85804349049894,68.57495736355689,68.76042938232422,3237300,0.0,0.0,0.0
2025-08-11 00:00:00-04:00,68.60423652738181,68.70185062940428,68.46757529505466,68.54566955566406,3932100,0.0,0.0,0.0
2025-08-12 00:00:00-04:00,68.75065931425311,69.32658771191343,68.6920923443157,69.30706787109375,3519000,0.0,0.0,0.0
2025-08-13 00:00:00-04:00,69.65848179109143,69.80490665753904,69.61943466354019,69.75609588623047,5146700,0.0,0.0,0.0
2025-08-14 00:00:00-04:00,69.33635546576335,69.49254399149191,69.22897771619468,69.44373321533203,3806700,0.0,0.0,0.0
2025-08-15 00:00:00-04:00,69.7951430137817,69.85370998136952,69.62919830729751,69.75609588623047,4608700,0.0,0.0,0.0
2025-08-18 00:00:00-04:00,69.76586353283564,69.86347763357533,69.63895849914337,69.85371398925781,3738600,0.0,0.0,0.0
2025-08-19 00:00:00-04:00,69.9806129720481,69.99036916804354,69.59991279884572,69.66824340820312,3922600,0.0,0.0,0.0
2025-08-20 00:00:00-04:00,69.70729256239999,69.81466285381828,69.52182056840115,69.75609588623047,5244200,0.0,0.0,0.0
2025-08-21 00:00:00-04:00,69.56086142794189,69.61942839025234,69.3461059695004,69.4925308227539,4473200,0.0,0.0,0.0
2025-08-22 00:00:00-04:00,69.78537572053874,70.73224803357394,69.72680875601374,70.62487030029297,3357500,0.0,0.0,0.0
2025-08-25 00:00:00-04:00,70.41988073703833,70.5174948302054,69.93180282372506,69.94156646728516,4159100,0.0,0.0,0.0
2025-08-26 00:00:00-04:00,69.79514148952288,69.9318027092286,69.7463307192803,69.90251922607422,3486600,0.0,0.0,0.0
2025-08-27 00:00:00-04:00,69.40467530788132,69.7268085065718,69.28754137925036,69.69752502441406,3431600,0.0,0.0,0.0
2025-08-28 00:00:00-04:00,69.87323597159333,70.03918067499653,69.76585823469057,69.9806137084961,3630500,0.0,0.0,0.0
2025-08-29 00:00:00-04:00,69.62919628178777,69.74633021355598,69.49253506307296,69.66824340820312,4743300,0.0,0.0,0.0
2025-09-02 00:00:00-04:00,68.75065719229536,69.23873511998525,68.6823265803179,69.18016815185547,6966600,0.0,0.0,0.0
2025-09-03 00:00:00-04:00,69.1899226417204,69.37539463286106,69.09230854808561,69.32658386230469,3795100,0.0,0.0,0.0
2025-09-04 00:00:00-04:00,69.38516086739098,69.62919983432963,69.23873599773214,69.60967254638672,3171600,0.0,0.0,0.0
2025-09-05 00:00:00-04:00,70.27345802268682,70.4296465345131,69.81466357854481,70.06846618652344,5081900,0.0,0.0,0.0
2025-09-08 00:00:00-04:00,70.62487826358436,70.76153949453703,70.39060293159102,70.74201965332031,4350600,0.0,0.0,0.0
2025-09-09 00:00:00-04:00,70.73224616545981,70.790813128438,70.50773450905844,70.6541519165039,4445700,0.0,0.0,0.0
2025-09-10 00:00:00-04:00,71.00557858253,71.04462571250339,70.70297263458448,70.78106689453125,3860000,0.0,0.0,0.0
2025-09-11 00:00:00-04:00,71.13247405863821,71.61078830345288,71.09342693391164,71.58150482177734,3525700,0.0,0.0,0.0
2025-09-12 00:00:00-04:00,71.38627613242575,71.46437038946475,71.20081158130596,71.34722900390625,3985100,0.0,0.0,0.0
2025-09-15 00:00:00-04:00,71.73768859880786,71.90364074707031,71.62055466765534,71.90364074707031,3889100,0.0,0.0,0.0
2025-09-16 00:00:00-04:00,71.99148746076119,72.0207709420302,71.69863775311627,71.96220397949219,3713600,0.0,0.0,0.0
2025-09-17 00:00:00-04:00,72.0207841213577,72.44053147380511,71.55223344035709,71.91340637207031,4036400,0.0,0.0,0.0
2025-09-18 00:00:00-04:00,72.09887481882473,72.09887481882473,71.55222990219525,71.97197723388672,4232600,0.0,0.0,0.0
2025-09-19 00:00:00-04:00,71.96216280160486,71.96216280160486,71.63844898898756,71.72673797607422,4694800,0.36,0.0,0.0
2025-09-22 00:00:00-04:00,71.81502102084319,72.07988050376882,71.64826207767989,72.04064178466797,4536200,0.0,0.0,0.0
2025-09-23 00:00:00-04:00,72.14854818118067,72.3349227465081,71.88368869168393,71.94254302978516,8318100,0.0,0.0,0.0
2025-09-24 00:00:00-04:00,71.69729969152243,71.8150158403333,71.46187487792055,71.52073669433594,4850200,0.0,0.0,0.0
2025-09-25 00:00:00-04:00,71.08911851467477,71.17740001353536,70.8340706001554,71.10873413085938,5853000,0.0,0.0,0.0
2025-09-26 00:00:00-04:00,71.1185560193668,71.37360397096214,71.0400785751804,71.3637924194336,4006200,0.0,0.0,0.0
2025-09-29 00:00:00-04:00,71.70712205662022,71.83464977473766,71.61884054471217,71.7463607788086,3607100,0.0,0.0,0.0
2025-09-30 00:00:00-04:00,71.75616624187626,72.08968412614695,71.71692752301729,72.06025695800781,4549400,0.0,0.0,0.0
2025-10-01 00:00:00-04:00,72.37415720722638,72.62920513068933,72.3447300399076,72.56053924560547,6483600,0.0,0.0,0.0
2025-10-02 00:00:00-04:00,72.87443882861918,72.91367754494388,72.36434300041796,72.69786834716797,3863900,0.0,0.0,0.0
2025-10-03 00:00:00-04:00,73.1196800833866,73.34529336231934,73.02158702802365,73.23739624023438,4854300,0.0,0.0,0.0
2025-10-06 00:00:00-04:00,73.32567463089669,73.56109945057393,73.31586308057094,73.39434051513672,5696700,0.0,0.0,0.0
2025-10-07 00:00:00-04:00,73.33548954078321,73.37472825986367,72.8057780592278,72.82539367675781,4962200,0.0,0.0,0.0
2025-10-08 00:00:00-04:00,72.98235068292696,73.11968246170608,72.89406169141431,73.10987091064453,4451800,0.0,0.0,0.0
2025-10-09 00:00:00-04:00,73.1687223090629,73.18834541039753,72.30549295084708,72.47225189208984,4771700,0.0,0.0,0.0
2025-10-10 00:00:00-04:00,72.38397242353643,72.43301521021142,70.70655644523286,70.79483795166016,6545700,0.0,0.0,0.0
2025-10-13 00:00:00-04:00,71.70711191690508,72.0013985496938,71.51092581772589,71.87387084960938,3294500,0.0,0.0,0.0
2025-10-14 00:00:00-04:00,71.21664659611788,72.14854937424762,71.08912636678298,71.8836898803711,4533500,0.0,0.0,0.0
2025-10-15 00:00:00-04:00,72.46244708337038,72.67824880769909,72.06025583435267,72.51148986816406,4301600,0.0,0.0,0.0
2025-10-16 00:00:00-04:00,72.96272530185955,73.21777323334908,72.60958431488035,72.835205078125,4279100,0.0,0.0,0.0
2025-10-17 00:00:00-04:00,72.49187653060685,72.87444469052096,72.37416037216384,72.7861557006836,3205600,0.0,0.0,0.0
2025-10-20 00:00:00-04:00,73.14910967317314,73.55130094270218,73.13929812210593,73.50225067138672,4462600,0.0,0.0,0.0
2025-10-21 00:00:00-04:00,73.06081878086545,73.10005001205374,72.79595932421653,72.80577087402344,3818600,0.0,0.0,0.0
2025-10-22 00:00:00-04:00,72.92348598884236,73.11967958224399,72.5213022194046,72.86463165283203,12642700,0.0,0.0,0.0
2025-10-23 00:00:00-04:00,73.06082471254285,73.38453104225536,73.04120161133585,73.28643798828125,3015700,0.0,0.0,0.0
2025-10-24 00:00:00-04:00,73.54148894674229,73.6297704537513,73.43358433771755,73.52186584472656,3349500,0.0,0.0,0.0
2025-10-27 00:00:00-04:00,74.08100128173828,74.11043593348005,73.89462672482871,74.08100128173828,4054000,0.0,0.0,0.0
2025-10-28 00:00:00-04:00,73.855388300256,74.18890618111975,73.79653396457893,74.07119750976562,5396900,0.0,0.0,0.0
2025-10-29 00:00:00-04:00,74.28701105006087,74.30662666842335,73.4924400519971,73.8455810546875,6433300,0.0,0.0,0.0
2025-10-30 00:00:00-04:00,73.28644368156957,73.67882341196845,73.21777779005133,73.38453674316406,4551900,0.0,0.0,0.0
2025-10-31 00:00:00-04:00,73.41395969886209,73.42377124966457,72.94311003662958,73.20796203613281,7293600,0.0,0.0,0.0
2025-11-03 00:00:00-05:00,73.42377486915724,73.463013590281,73.0902569656365,73.4139633178711,4789900,0.0,0.0,0.0
2025-11-04 00:00:00-05:00,72.49187558710078,72.88425529278334,72.41339814916019,72.44282531738281,5426000,0.0,0.0,0.0
2025-11-05 00:00:00-05:00,72.53111244154223,73.08043952496423,72.51148934055134,72.93329620361328,4537400,0.0,0.0,0.0
2025-11-06 00:00:00-05:00,72.97254043374168,73.0706334940453,72.4330173760407,72.6488265991211,4386600,0.0,0.0,0.0
2025-11-07 00:00:00-05:00,72.23682859599059,72.7861557006836,71.97197659451946,72.7861557006836,5308100,0.0,0.0,0.0
2025-11-10 00:00:00-05:00,73.40415376197039,73.73767164055305,73.19815610448929,73.69843292236328,4136100,0.0,0.0,0.0
2025-11-11 00:00:00-05:00,73.83577235979703,74.15948620545608,73.79654112155444,74.0908203125,10108400,0.0,0.0,0.0
2025-11-12 00:00:00-05:00,74.17910380425283,74.443955804853,74.16929225340972,74.37528991699219,4328700,0.0,0.0,0.0
2025-11-13 00:00:00-05:00,74.34586324504056,74.39490603154272,73.46301076377594,73.56110382080078,4426300,0.0,0.0,0.0
2025-11-14 00:00:00-05:00,73.04120506349564,73.72787144180897,72.93330045381812,73.50225067138672,4345600,0.0,0.0,0.0
2025-11-17 00:00:00-05:00,73.0117803515459,73.25701674833545,72.34473705291748,72.58997344970703,4384100,0.0,0.0,0.0
2025-11-18 00:00:00-05:00,71.76597986621258,72.20740236909486,71.49130882626339,71.95235443115234,5304800,0.0,0.0,0.0
2025-11-19 00:00:00-05:00,71.77578001859646,72.16815971310318,71.45206620932692,71.76597595214844,3832800,0.0,0.0,0.0
2025-11-20 00:00:00-05:00,72.33491405406006,72.39377586910852,70.79483002531062,70.814453125,4626500,0.0,0.0,0.0
2025-11-21 00:00:00-05:00,71.04007531805729,71.72674169717385,70.7359845908035,71.53054809570312,4932600,0.0,0.0,0.0
2025-11-24 00:00:00-05:00,71.46188402206809,71.92292964221382,71.38340657948565,71.83464813232422,3713500,0.0,0.0,0.0
2025-11-25 00:00:00-05:00,72.02101740872652,72.52130171338452,71.73654231329434,72.5016860961914,3611100,0.0,0.0,0.0
2025-11-26 00:00:00-05:00,72.74691678288885,73.31585944522972,72.7076780675516,73.18833923339844,4264600,0.0,0.0,0.0
2025-11-28 00:00:00-05:00,73.23739091470738,73.53167005939744,73.15891348251542,73.51205444335938,2455400,0.0,0.0,0.0
2025-12-01 00:00:00-05:00,73.32567789443023,73.51205993881432,73.18834611983789,73.22758483886719,4634900,0.0,0.0,0.0
2025-12-02 00:00:00-05:00,73.40415295634408,73.46300729097267,73.08043914784649,73.34529113769531,4363900,0.0,0.0,0.0
2025-12-03 00:00:00-05:00,73.32567750639636,73.64939132365973,73.26682317017408,73.63957977294922,4473300,0.0,0.0,0.0
2025-12-04 00:00:00-05:00,73.9044364351857,73.95348670781416,73.63958442144623,73.79653930664062,4727200,0.0,0.0,0.0
2025-12-05 00:00:00-05:00,74.20853166727524,74.33605189334722,73.90443346045659,73.94367218017578,6500700,0.0,0.0,0.0
2025-12-08 00:00:00-05:00,74.06138381310681,74.08099942975734,73.62976540659434,73.7867202758789,5102300,0.0,0.0,0.0
2025-12-09 00:00:00-05:00,73.7769106536553,73.90443087526661,73.63957888145228,73.68862915039062,4684900,0.0,0.0,0.0
2025-12-10 00:00:00-05:00,73.81614920153609,74.61071266516447,73.75729486616221,74.48319244384766,7006700,0.0,0.0,0.0
2025-12-11 00:00:00-05:00,74.45376143152771,74.76766367734625,74.30661811667092,74.67937469482422,7567400,0.0,0.0,0.0
2025-12-12 00:00:00-05:00,74.7480428784163,74.79709314621859,73.8750019964804,74.1692886352539,6848800,0.0,0.0,0.0
2025-12-15 00:00:00-05:00,74.7676687296193,74.78728434704975,74.31643468851517,74.4243392944336,6599100,0.0,0.0,0.0
2025-12-16 00:00:00-05:00,74.21834172697818,74.28700761410198,73.78672330275984,74.02214813232422,5327300,0.0,0.0,0.0
2025-12-17 00:00:00-05:00,74.0712002901195,74.16929334793674,73.52186569510584,73.53167724609375,6791000,0.0,0.0,0.0
2025-12-18 00:00:00-05:00,74.21833964530275,74.52243035346177,73.99271888878398,74.13005065917969,6655100,0.0,0.0,0.0
2025-12-19 00:00:00-05:00,74.49267266538143,74.88226763643782,74.4427214654068,74.59256744384766,7434700,1.363,0.0,0.0
2025-12-22 00:00:00-05:00,74.87227652194161,75.07207370209109,74.81234117863833,75.01213073730469,11249300,0.0,0.0,0.0
2025-12-23 00:00:00-05:00,75.30183491123958,75.49164033703981,75.20194012662812,75.47166442871094,16139500,0.0,0.0,0.0
2025-12-24 00:00:00-05:00,75.5615686258505,75.59153629955254,75.44169030955862,75.53160095214844,4794700,0.0,0.0,0.0
2025-12-26 00:00:00-05:00,75.69142817144757,75.77134704589844,75.56156571657742,75.77134704589844,5872000,0.0,0.0,0.0
2025-12-29 00:00:00-05:00,75.49164151338448,75.6414875033784,75.33181137981231,75.53160095214844,11113800,0.0,0.0,0.0
2025-12-30 00:00:00-05:00,75.7813370407311,75.89122358516384,75.65147458889383,75.68144226074219,5953000,0.0,0.0,0.0
2025-12-31 00:00:00-05:00,75.65147847115013,75.69143028800939,75.31182705597793,75.36177825927734,7519600,0.0,0.0,0.0
2026-01-02 00:00:00-05:00,76.27082690692981,76.4706240886769,76.06104558220777,76.46063232421875,9059000,0.0,0.0,0.0
2026-01-05 00:00:00-05:00,76.71037377843379,77.26979064941406,76.62046314046438,77.26979064941406,11741300,0.0,0.0,0.0
2026-01-06 00:00:00-05:00,77.49955319875605,77.67936684786038,77.39965842069431,77.53951263427734,8618200,0.0,0.0,0.0
2026-01-07 00:00:00-05:00,77.41963426523638,77.45959370072543,77.07999049580397,77.14991760253906,9579800,0.0,0.0,0.0
2026-01-08 00:00:00-05:00,76.95012647321175,77.20985901356352,76.88019936098054,77.19986724853516,8157600,0.0,0.0,0.0
2026-01-09 00:00:00-05:00,77.41963845120648,77.80923344143581,77.3597031054738,77.74929809570312,7185400,0.0,0.0,0.0
2026-01-12 00:00:00-05:00,78.04898135701634,78.4885275435466,78.01901368456808,78.46855163574219,8841800,0.0,0.0,0.0
2026-01-13 00:00:00-05:00,78.28873733346481,78.33868091330531,77.86916705820163,78.04898071289062,7557600,0.0,0.0,0.0
2026-01-14 00:00:00-05:00,78.26875541527292,78.38863372802734,78.06896584883228,78.38863372802734,9460100,0.0,0.0,0.0
2026-01-15 00:00:00-05:00,78.63837196123286,78.79820208493518,78.46855007308567,78.51849365234375,8295300,0.0,0.0,0.0
2026-01-16 00:00:00-05:00,78.55845642089844,78.60840762375851,78.19882910045973,78.55845642089844,8129000,0.0,0.0,0.0
2026-01-20 00:00:00-05:00,77.76926948821617,78.15886445582419,77.5195287335196,77.64939880371094,12839200,0.0,0.0,0.0
2026-01-21 00:00:00-05:00,78.0989310034566,78.7682344130837,77.82921433531004,78.51849365234375,15033200,0.0,0.0,0.0
2026-01-22 00:00:00-05:00,78.91808222418649,79.18779889858862,78.78821976932373,78.99800109863281,8860900,0.0,0.0,0.0
2026-01-23 00:00:00-05:00,78.85814809402416,79.50746799982505,78.6883185778384,79.4475326538086,9619500,0.0,0.0,0.0
2026-01-26 00:00:00-05:00,79.82714236406635,80.0469078368203,79.74722348952854,79.77719116210938,9720100,0.0,0.0,0.0
2026-01-27 00:00:00-05:00,80.52640991084445,81.10581029346339,80.52640991084445,81.01589965820312,10903700,0.0,0.0,0.0
2026-01-28 00:00:00-05:00,80.81611063125584,80.91600540993444,80.28666144492442,80.6562728881836,15084100,0.0,0.0,0.0
2026-01-29 00:00:00-05:00,81.26564510626285,81.35555574671453,79.88707879836602,80.86605834960938,11947900,0.0,0.0,0.0
2026-01-30 00:00:00-05:00,80.3166307303761,80.47646085517712,79.24774057192069,79.57740020751953,12506400,0.0,0.0,0.0
2026-02-02 00:00:00-05:00,79.37760424602023,80.07688296454853,79.36761248135291,80.02693176269531,10822300,0.0,0.0,0.0
2026-02-03 00:00:00-05:00,80.18676327940685,80.4265199066767,79.5774028108422,80.22672271728516,9045400,0.0,0.0,0.0
2026-02-04 00:00:00-05:00,80.93598440262878,80.97594383992023,79.80715887970798,80.16678619384766,12259800,0.0,0.0,0.0
2026-02-05 00:00:00-05:00,79.44752792193398,79.92703352595683,79.07791648153515,79.20777893066406,12227600,0.0,0.0,0.0
2026-02-06 00:00:00-05:00,80.22671950269844,81.02589298527575,80.16678415902425,80.96595764160156,8102300,0.0,0.0,0.0
2026-02-09 00:00:00-05:00,81.31559701872837,82.14473821226252,81.29561348890535,82.0648193359375,8514900,0.0,0.0,0.0
2026-02-10 00:00:00-05:00,82.50435165042667,82.51434341457977,82.23463499015645,82.26460266113281,9197900,0.0,0.0,0.0
2026-02-11 00:00:00-05:00,82.81403528062205,83.02381659871995,82.21465899727335,82.90393829345703,11922600,0.0,0.0,0.0
2026-02-12 00:00:00-05:00,83.13370398033439,83.17366341582603,81.86501667329478,82.04483032226562,11936300,0.0,0.0,0.0
2026-02-13 00:00:00-05:00,81.95493261529502,82.43443062927723,81.45545107153151,82.31455993652344,13597900,0.0,0.0,0.0
2026-02-17 00:00:00-05:00,81.80508583401776,82.34452681062555,81.26564485740998,82.14473724365234,14000800,0.0,0.0,0.0
2026-02-18 00:00:00-05:00,82.43443024931815,82.85400053647308,82.22464891648244,82.42444610595703,7780300,0.0,0.0,0.0
2026-02-19 00:00:00-05:00,81.93494362558776,82.29457092285156,81.69519463457289,82.29457092285156,7852800,0.0,0.0,0.0
2026-02-20 00:00:00-05:00,82.21466389470115,83.30352998514073,82.17470445723318,83.28355407714844,10300300,0.0,0.0,0.0
2026-02-23 00:00:00-05:00,83.16367728351236,83.43339396449262,82.6242363000683,82.84400939941406,10800800,0.0,0.0,0.0
2026-02-24 00:00:00-05:00,82.9139334404363,83.50331798368889,82.77407922266507,83.33349609375,7084800,0.0,0.0,0.0
2026-02-25 00:00:00-05:00,83.9428642670834,84.19260503075863,83.7131070325328,84.11268615722656,9079900,0.0,0.0,0.0
2026-02-26 00:00:00-05:00,84.0827213976526,84.11268907089439,83.18365309298133,83.87294006347656,10489500,0.0,0.0,0.0
2026-02-27 00:00:00-05:00,83.68313168874617,84.06274252705455,83.51330979870467,83.72309112548828,10485800,0.0,0.0,0.0
2026-03-02 00:00:00-05:00,81.7551354248995,82.6442195845634,81.70519184341327,82.31455993652344,12896600,0.0,0.0,0.0
2026-03-03 00:00:00-05:00,78.62838381424282,79.85711176706604,77.51953417582396,79.47750091552734,16653500,0.0,0.0,0.0
2026-03-04 00:00:00-05:00,79.7272417608289,80.42652049660329,79.40757387694116,80.2566909790039,13184900,0.0,0.0,0.0
2026-03-05 00:00:00-05:00,79.10788819237625,79.56741029139353,77.80923314883968,78.63837432861328,13919000,0.0,0.0,0.0
2026-03-06 00:00:00-05:00,77.41963380277556,78.4285885837689,77.1299336133227,77.89913940429688,11654800,0.0,0.0,0.0
2026-03-09 00:00:00-04:00,76.98009389926699,79.0779225024245,76.3107904527086,78.86813354492188,13537200,0.0,0.0,0.0
2026-03-10 00:00:00-04:00,79.27770522661109,80.32661943760014,78.81818315575848,79.03795623779297,9268400,0.0,0.0,0.0
2026-03-11 00:00:00-04:00,78.80819235218429,79.26771442863783,78.4485650538323,78.95803833007812,6552500,0.0,0.0,0.0
2026-03-12 00:00:00-04:00,78.13889363857484,78.16886131165313,77.119947025012,77.3896713256836,7698900,0.0,0.0,0.0
2026-03-13 00:00:00-04:00,77.72931345077649,78.11890843541542,76.52056905978351,76.6604232788086,7931400,0.0,0.0,0.0
2026-03-16 00:00:00-04:00,77.79924016140156,78.44856767296501,77.69934537996485,78.18883514404297,5760400,0.0,0.0,0.0
2026-03-17 00:00:00-04:00,78.74826125574313,78.95804258751274,78.38863393799996,78.52848815917969,5858000,0.0,0.0,0.0
2026-03-18 00:00:00-04:00,78.11891087721943,78.31870806884567,77.12993954849117,77.1698989868164,6843700,0.0,0.0,0.0
2026-03-19 00:00:00-04:00,75.79132822912509,77.45959466885807,75.62149872080325,77.06999969482422,9153600,0.0,0.0,0.0
2026-03-20 00:00:00-04:00,76.62000274658203,76.62000274658203,74.30999755859375,74.70999908447266,9980400,0.08,0.0,0.0
2026-03-23 00:00:00-04:00,76.1500015258789,77.41000366210938,75.80000305175781,76.58000183105469,11131200,0.0,0.0,0.0
2026-03-24 00:00:00-04:00,75.36000061035156,76.41000366210938,75.2699966430664,75.94999694824219,9376800,0.0,0.0,0.0
2026-03-25 00:00:00-04:00,77.16999816894531,77.44999694824219,76.63999938964844,77.08000183105469,6191900,0.0,0.0,0.0
2026-03-26 00:00:00-04:00,76.0199966430664,76.55999755859375,75.18000030517578,75.19999694824219,6221400,0.0,0.0,0.0
2026-03-27 00:00:00-04:00,74.97000122070312,75.44000244140625,74.44000244140625,74.69000244140625,7876000,0.0,0.0,0.0
2026-03-30 00:00:00-04:00,75.31999969482422,75.37000274658203,74.30000305175781,74.62999725341797,7972400,0.0,0.0,0.0
2026-03-31 00:00:00-04:00,75.44999694824219,77.11000061035156,75.23999786376953,77.11000061035156,9827200,0.0,0.0,0.0
2026-04-01 00:00:00-04:00,77.87999725341797,78.62999725341797,77.7300033569336,78.01000213623047,9879100,0.0,0.0,0.0
2026-04-02 00:00:00-04:00,76.29000091552734,77.87000274658203,76.0999984741211,77.4800033569336,7689000,0.0,0.0,0.0
2026-04-06 00:00:00-04:00,77.66999816894531,78.0999984741211,77.62999725341797,77.97000122070312,5640300,0.0,0.0,0.0
2026-04-07 00:00:00-04:00,77.56999969482422,78.08999633789062,76.7699966430664,78.0199966430664,7637300,0.0,0.0,0.0
2026-04-08 00:00:00-04:00,81.5999984741211,81.69999694824219,80.66999816894531,81.2300033569336,6998100,0.0,0.0,0.0
2026-04-09 00:00:00-04:00,80.4800033569336,81.4000015258789,80.2300033569336,81.06999969482422,6239000,0.0,0.0,0.0
2026-04-10 00:00:00-04:00,81.5199966430664,81.69000244140625,81.0199966430664,81.2699966430664,4511200,0.0,0.0,0.0
2026-04-13 00:00:00-04:00,80.6500015258789,81.93000030517578,80.5999984741211,81.88999938964844,5458000,0.0,0.0,0.0
2026-04-14 00:00:00-04:00,82.36000061035156,82.9000015258789,82.29000091552734,82.80999755859375,5323700,0.0,0.0,0.0
2026-04-15 00:00:00-04:00,82.58999633789062,82.72000122070312,82.37000274658203,82.6500015258789,6148000,0.0,0.0,0.0
2026-04-16 00:00:00-04:00,82.91000366210938,82.94999694824219,82.41999816894531,82.62999725341797,5260300,0.0,0.0,0.0
2026-04-17 00:00:00-04:00,83.9000015258789,84.4800033569336,83.66000366210938,83.75,8887000,0.0,0.0,0.0
2026-04-20 00:00:00-04:00,83.30999755859375,83.4800033569336,82.94000244140625,83.4800033569336,6090600,0.0,0.0,0.0
2026-04-21 00:00:00-04:00,83.12999725341797,83.26000213623047,81.79000091552734,81.87999725341797,7502300,0.0,0.0,0.0
2026-04-22 00:00:00-04:00,82.66000366210938,82.68000030517578,82.31999969482422,82.58999633789062,4469200,0.0,0.0,0.0
2026-04-23 00:00:00-04:00,82.25,82.4800033569336,80.9000015258789,81.72000122070312,6718300,0.0,0.0,0.0
2026-04-24 00:00:00-04:00,82.18000030517578,82.62000274658203,81.95999908447266,82.48999786376953,5378700,0.0,0.0,0.0
2026-04-27 00:00:00-04:00,82.62999725341797,82.73999786376953,82.23999786376953,82.33999633789062,5066600,0.0,0.0,0.0
2026-04-28 00:00:00-04:00,81.79000091552734,82.0999984741211,81.51000213623047,81.88999938964844,4522100,0.0,0.0,0.0
2026-04-29 00:00:00-04:00,81.62999725341797,81.72000122070312,80.87999725341797,81.2300033569336,5171900,0.0,0.0,0.0
2026-04-30 00:00:00-04:00,82.1500015258789,83.25,81.95999908447266,83.05999755859375,6075600,0.0,0.0,0.0
2026-05-01 00:00:00-04:00,83.04000091552734,83.58999633789062,82.9000015258789,82.97000122070312,7254600,0.0,0.0,0.0
2026-05-04 00:00:00-04:00,82.75,83.06999969482422,81.94000244140625,82.25,5653700,0.0,0.0,0.0
2026-05-05 00:00:00-04:00,83.12000274658203,83.55000305175781,82.9000015258789,83.41000366210938,4971100,0.0,0.0,0.0
2026-05-06 00:00:00-04:00,85.2300033569336,85.66999816894531,85.0199966430664,85.62000274658203,6289800,0.0,0.0,0.0
2026-05-07 00:00:00-04:00,85.73999786376953,85.77999877929688,84.22000122070312,84.25,11073500,0.0,0.0,0.0
2026-05-08 00:00:00-04:00,85.12999725341797,85.44999694824219,85.02999877929688,85.43000030517578,6934100,0.0,0.0,0.0
2026-05-11 00:00:00-04:00,85.37000274658203,85.5999984741211,85.25,85.38999938964844,6528700,0.0,0.0,0.0
2026-05-12 00:00:00-04:00,84.30000305175781,84.47000122070312,83.48999786376953,84.2300033569336,6230900,0.0,0.0,0.0
2026-05-13 00:00:00-04:00,84.41000366210938,85.12000274658203,84.2699966430664,85.08000183105469,4883200,0.0,0.0,0.0
2026-05-14 00:00:00-04:00,85.0,85.23999786376953,84.73999786376953,85.0199966430664,5611600,0.0,0.0,0.0
2026-05-15 00:00:00-04:00,83.38999938964844,83.5,82.87999725341797,83.11000061035156,6941900,0.0,0.0,0.0
2026-05-18 00:00:00-04:00,83.81999969482422,83.87000274658203,82.83999633789062,83.52999877929688,5883300,0.0,0.0,0.0
2026-05-19 00:00:00-04:00,82.70999908447266,83.3499984741211,82.38999938964844,82.80000305175781,5081500,0.0,0.0,0.0
2026-05-20 00:00:00-04:00,82.94999694824219,84.29000091552734,82.87000274658203,84.16999816894531,4912400,0.0,0.0,0.0
2026-05-21 00:00:00-04:00,83.69999694824219,84.91999816894531,83.4800033569336,84.58000183105469,9571400,0.0,0.0,0.0
2026-05-22 00:00:00-04:00,84.66999816894531,84.95999908447266,84.33999633789062,84.45999908447266,8580200,0.0,0.0,0.0
2026-05-26 00:00:00-04:00,85.98999786376953,86.25,85.77999877929688,86.11000061035156,5553800,0.0,0.0,0.0
2026-05-27 00:00:00-04:00,86.16000366210938,86.2699966430664,85.58000183105469,85.8499984741211,5412300,0.0,0.0,0.0
2026-05-28 00:00:00-04:00,85.25,86.18000030517578,85.08000183105469,85.98999786376953,5449400,0.0,0.0,0.0
2026-05-29 00:00:00-04:00,86.2300033569336,86.55999755859375,85.97000122070312,86.05999755859375,5329300,0.0,0.0,0.0
2026-06-01 00:00:00-04:00,85.83000183105469,86.72000122070312,85.58999633789062,86.30999755859375,6867900,0.0,0.0,0.0
2026-06-02 00:00:00-04:00,86.54000091552734,87.05999755859375,86.5,86.95999908447266,5807100,0.0,0.0,0.0
2026-06-03 00:00:00-04:00,86.58999633789062,86.61000061035156,85.97000122070312,86.0999984741211,5472300,0.0,0.0,0.0
2026-06-04 00:00:00-04:00,85.77999877929688,86.38999938964844,85.68000030517578,86.25,3908600,0.0,0.0,0.0
2026-06-05 00:00:00-04:00,85.0,85.01000213623047,82.80999755859375,83.02999877929688,9163600,0.0,0.0,0.0
2026-06-08 00:00:00-04:00,84.16000366210938,84.31999969482422,83.55999755859375,83.73999786376953,6327800,0.0,0.0,0.0
2026-06-09 00:00:00-04:00,84.8499984741211,85.12999725341797,82.22000122070312,83.81999969482422,6615100,0.0,0.0,0.0
2026-06-10 00:00:00-04:00,83.23999786376953,83.94999694824219,82.52999877929688,82.58999633789062,6255700,0.0,0.0,0.0
2026-06-11 00:00:00-04:00,83.45999908447266,85.43000030517578,83.13999938964844,85.33999633789062,5903500,0.0,0.0,0.0
2026-06-12 00:00:00-04:00,85.33999633789062,85.94999694824219,84.87999725341797,85.68000030517578,4627900,0.0,0.0,0.0
