Date,Open,High,Low,Close,Volume,Dividends,Stock Splits
2007-12-31 00:00:00+08:00,14.465536117553711,14.6299177550649,14.347181557898482,14.465536117553711,49191,0.0,0.0
2008-01-02 00:00:00+08:00,14.465536117553711,14.662793259994036,14.465536117553711,14.465536117553711,8745,0.0,0.0
2008-01-03 00:00:00+08:00,14.465536117553711,14.79429802162092,14.465536117553711,14.465536117553711,157414,0.0,0.0
2008-01-04 00:00:00+08:00,14.531288146972654,14.531288146972654,14.531288146972654,14.531288146972656,2186,0.0,0.0
2008-01-07 00:00:00+08:00,14.531288146972654,14.531288146972654,14.531288146972654,14.531288146972656,1093,0.0,0.0
2008-01-08 00:00:00+08:00,14.531288498367152,14.531288498367152,14.465536117553711,14.465536117553711,10046,0.0,0.0
2008-01-09 00:00:00+08:00,14.794295794085933,14.794295794085933,14.334029197692871,14.334029197692871,47835,0.0,0.0
2008-01-10 00:00:00+08:00,14.794295794085933,14.794295794085933,14.334029197692871,14.334029197692871,24049,0.0,0.0
2008-01-11 00:00:00+08:00,14.334029197692871,14.334029197692871,14.334029197692871,14.334029197692871,1093,0.0,0.0
2008-01-14 00:00:00+08:00,14.136770248413086,14.136770248413086,14.136770248413086,14.136770248413086,2186,0.0,0.0
2008-01-15 00:00:00+08:00,14.136770248413086,14.136770248413086,14.136770248413086,14.136770248413086,6558,0.0,0.0
2008-01-16 00:00:00+08:00,14.071017886041831,14.202522610784342,14.071017886041831,14.136770248413086,4372,0.0,0.0
2008-01-17 00:00:00+08:00,14.136770248413086,14.136770248413086,14.136770248413086,14.136770248413086,0,0.0,0.0
2008-01-18 00:00:00+08:00,14.136774229656297,14.136774229656297,13.808010954257878,14.005268096923828,29515,0.0,0.0
2008-01-21 00:00:00+08:00,13.808009926856329,13.808009926856329,13.479248046875,13.479248046875,5675,0.0,0.0
2008-01-22 00:00:00+08:00,13.808007065602023,14.136770248413086,13.808007065602023,14.136770248413086,5465,0.0,0.0
2008-01-23 00:00:00+08:00,14.136770248413086,14.136770248413086,14.136770248413086,14.136770248413086,0,0.0,0.0
2008-01-24 00:00:00+08:00,13.15048651218112,13.93951641580864,13.15048651218112,13.873764038085938,31701,0.0,0.0
2008-01-25 00:00:00+08:00,13.87376403808594,13.87376403808594,13.87376403808594,13.873764038085938,0,0.0,0.0
2008-01-28 00:00:00+08:00,13.9395170211792,13.9395170211792,13.9395170211792,13.9395170211792,4372,0.0,0.0
2008-01-29 00:00:00+08:00,13.676505174863797,13.676505174863797,13.479248046875,13.479248046875,4372,0.0,0.0
2008-01-30 00:00:00+08:00,13.281992206390285,13.479249353500414,13.281992206390285,13.413496971130371,28422,0.0,0.0
2008-01-31 00:00:00+08:00,13.479248046875,13.479248046875,13.281990918886203,13.479248046875,45912,0.0,0.0
2008-02-01 00:00:00+08:00,13.41349491392964,14.399781869170639,13.347742541643905,13.808009147644043,110981,0.0,0.0
2008-02-12 00:00:00+08:00,13.808011947585873,13.808011947585873,13.742260932922363,13.742260932922363,2186,0.0,0.0
2008-02-13 00:00:00+08:00,13.676504403072574,13.808009147644043,13.676504403072574,13.808009147644043,41539,0.0,0.0
2008-02-14 00:00:00+08:00,13.873762890884766,13.873762890884766,13.808009147644043,13.808009147644043,15304,0.0,0.0
2008-02-15 00:00:00+08:00,13.479249353500414,13.808011265350629,12.821725529799984,13.413496971130371,157414,0.0,0.0
2008-02-18 00:00:00+08:00,12.82172679901123,13.150488743405296,12.82172679901123,12.82172679901123,366985,0.0,0.0
2008-02-19 00:00:00+08:00,13.150485457198396,13.150485457198396,12.887475967407227,12.887475967407227,98383,0.0,0.0
2008-02-20 00:00:00+08:00,13.018980026245119,13.150484764210832,13.018980026245119,13.018980026245117,29515,0.0,0.0
2008-02-21 00:00:00+08:00,13.01898218632131,13.150486946105957,13.01898218632131,13.150486946105957,50285,0.0,0.0
2008-02-22 00:00:00+08:00,13.150486946105957,13.150486946105957,13.150486946105957,13.150486946105957,0,0.0,0.0
2008-02-25 00:00:00+08:00,13.150487789385275,13.347744941711426,13.150487789385275,13.347744941711426,12024,0.0,0.0
2008-02-26 00:00:00+08:00,13.413496465675253,13.413496465675253,13.150486946105957,13.150486946105957,36074,0.0,0.0
2008-02-27 00:00:00+08:00,13.018982676910113,13.413496971130371,13.018982676910113,13.413496971130371,186929,0.0,0.0
2008-02-29 00:00:00+08:00,13.01898218632131,13.150486946105957,13.01898218632131,13.150486946105957,2186,0.0,0.0
2008-03-03 00:00:00+08:00,13.413496971130371,13.479249353500414,13.413496971130371,13.413496971130371,31701,0.0,0.0
2008-03-04 00:00:00+08:00,13.150487196331266,13.281991958618164,13.150487196331266,13.281991958618164,348852,0.0,0.0
2008-03-05 00:00:00+08:00,13.53184987562218,13.781709172205828,13.479247701980093,13.545000076293945,26235,0.0,0.0
2008-03-06 00:00:00+08:00,13.676504403072574,13.808009147644043,13.479247286215372,13.808009147644043,14211,0.0,0.0
2008-03-07 00:00:00+08:00,13.80800832817945,14.071019172668459,13.676503591412402,14.071019172668457,90334,0.0,0.0
2008-03-10 00:00:00+08:00,14.07102183267306,14.597040879180595,14.07102183267306,14.465536117553711,54770,0.0,0.0
2008-03-11 00:00:00+08:00,14.334031009302388,14.531288146972654,13.479248708442755,14.531288146972656,87452,0.0,0.0
2008-03-12 00:00:00+08:00,14.794299125671388,15.12306105427303,14.728546739951058,14.794299125671387,63402,0.0,0.0
2008-03-13 00:00:00+08:00,14.860047615937633,14.991552352905273,14.59703814200235,14.991552352905273,26235,0.0,0.0
2008-03-14 00:00:00+08:00,14.991552352905273,15.057304721389094,14.46553340503471,14.991552352905273,108140,0.0,0.0
2008-03-17 00:00:00+08:00,14.531285773518531,14.991552352905273,14.531285773518531,14.991552352905273,3568,0.0,0.0
2008-03-18 00:00:00+08:00,14.794298315835134,15.412371530346208,14.794298315835134,15.12306022644043,27328,0.0,0.0
2008-03-19 00:00:00+08:00,15.12306022644043,15.12306022644043,15.12306022644043,15.12306022644043,2186,0.0,0.0
2008-03-20 00:00:00+08:00,15.1230575222409,15.41236877441406,15.1230575222409,15.412368774414062,6558,0.0,0.0
2008-03-21 00:00:00+08:00,15.451822606904413,16.109346389770508,15.451822606904413,16.109346389770508,6558,0.0,0.0
2008-03-24 00:00:00+08:00,16.306603524630336,16.438108281203558,15.780584498337461,16.109346389770508,107129,0.0,0.0
2008-03-25 00:00:00+08:00,16.306603524630336,16.438108281203558,15.780584498337461,16.109346389770508,67714,0.0,0.0
2008-03-26 00:00:00+08:00,16.109346223364152,16.109346223364152,15.780584335327148,15.780584335327148,95104,0.0,0.0
2008-03-27 00:00:00+08:00,15.78058599924434,15.912090768325106,15.59647904834022,15.649081230163574,86359,0.0,0.0
2008-03-28 00:00:00+08:00,15.78058599924434,15.78058599924434,15.59647904834022,15.649081230163574,7652,0.0,0.0
2008-03-31 00:00:00+08:00,15.45182132720947,15.517572329095573,15.45182132720947,15.451821327209473,42633,0.0,0.0
2008-04-01 00:00:00+08:00,15.29401488261229,15.583326147063175,15.29401488261229,15.517572402954102,34980,0.0,0.0
2008-04-02 00:00:00+08:00,15.12305809204895,15.484696828152522,15.12305809204895,15.451821327209473,21863,0.0,0.0
2008-04-03 00:00:00+08:00,15.583326147063175,15.583326147063175,15.517572402954103,15.517572402954102,43726,0.0,0.0
2008-04-07 00:00:00+08:00,15.25456420868616,15.45182132720947,15.25456420868616,15.451821327209473,8745,0.0,0.0
2008-04-08 00:00:00+08:00,15.45182132720947,15.45182132720947,15.45182132720947,15.451821327209473,0,0.0,0.0
2008-04-09 00:00:00+08:00,15.254566361637744,15.254566361637744,15.12306022644043,15.12306022644043,9838,0.0,0.0
2008-04-10 00:00:00+08:00,15.12306022644043,15.12306022644043,15.12306022644043,15.12306022644043,0,0.0,0.0
2008-04-11 00:00:00+08:00,14.991552352905273,15.123057089872916,14.991552352905273,14.991552352905273,24049,0.0,0.0
2008-04-14 00:00:00+08:00,14.794299125671388,14.925803897112045,14.794299125671388,14.794299125671387,12024,0.0,0.0
2008-04-15 00:00:00+08:00,14.79429802162092,14.79429802162092,14.465536117553711,14.465536117553711,9838,0.0,0.0
2008-04-16 00:00:00+08:00,14.373481168622831,14.373481168622831,14.334029197692871,14.334029197692871,28422,0.0,0.0
2008-04-17 00:00:00+08:00,14.334029197692871,14.334029197692871,14.334029197692871,14.334029197692871,0,0.0,0.0
2008-04-18 00:00:00+08:00,13.873764787962855,14.334031456899176,13.80801103573106,14.268279075622559,14907,0.0,0.0
2008-04-21 00:00:00+08:00,14.136772380027702,14.399781869170639,13.77513364697867,13.808009147644043,108918,0.0,0.0
2008-04-22 00:00:00+08:00,13.978965034358579,14.071019172668459,13.939514435901408,14.071019172668457,36074,0.0,0.0
2008-04-23 00:00:00+08:00,14.071017886041831,14.136770248413086,14.071017886041831,14.136770248413086,16397,0.0,0.0
2008-04-24 00:00:00+08:00,14.071021931792707,14.268279075622559,14.071021931792707,14.268279075622559,92918,0.0,0.0
2008-04-25 00:00:00+08:00,14.136774456461033,14.597041130065918,14.136774456461033,14.597041130065918,66682,0.0,0.0
2008-04-28 00:00:00+08:00,14.46553507755205,14.662792205810547,14.46553507755205,14.662792205810547,11495,0.0,0.0
2008-04-29 00:00:00+08:00,14.465534708675586,14.70224380493164,14.465534708675586,14.70224380493164,60123,0.0,0.0
2008-04-30 00:00:00+08:00,14.46553406516103,14.860048294067383,14.46553406516103,14.860048294067383,13117,0.0,0.0
2008-05-02 00:00:00+08:00,14.79429592258299,15.12305778000495,14.79429592258299,14.860048294067383,54333,0.0,0.0
2008-05-05 00:00:00+08:00,14.794298315835134,15.78058541860622,14.794298315835134,15.12306022644043,113688,0.0,0.0
2008-05-06 00:00:00+08:00,15.451823508000922,15.451823508000922,15.12306022644043,15.12306022644043,84172,0.0,0.0
2008-05-07 00:00:00+08:00,15.123063840698274,15.254570007324219,15.123063840698274,15.254570007324219,123526,0.0,0.0
2008-05-08 00:00:00+08:00,15.188811302185059,15.25456504960589,15.123058925719304,15.188811302185059,92918,0.0,0.0
2008-05-09 00:00:00+08:00,15.25456420868616,15.45182132720947,15.25456420868616,15.451821327209473,14211,0.0,0.0
2008-05-12 00:00:00+08:00,15.123057902376134,15.45182113341332,15.123057902376134,15.386067390441895,52501,0.0,0.0
2008-05-13 00:00:00+08:00,15.254570007324219,15.386073432039119,15.254570007324219,15.254570007324219,14211,0.0,0.0
2008-05-14 00:00:00+08:00,15.274289317682436,15.386067390441895,15.274289317682436,15.386067390441895,19813,0.0,0.0
2008-05-15 00:00:00+08:00,15.45182113341332,15.45182113341332,15.254564017363998,15.386067390441895,40446,0.0,0.0
2008-05-16 00:00:00+08:00,15.386067390441895,15.45182113341332,15.386067390441895,15.386067390441895,19676,0.0,0.0
2008-05-19 00:00:00+08:00,15.418944261927608,15.45182113341332,15.320315018425454,15.386067390441895,60123,0.0,0.0
2008-05-20 00:00:00+08:00,15.45182132720947,15.45182132720947,15.386067583413366,15.451821327209473,31701,0.0,0.0
2008-05-21 00:00:00+08:00,15.386067734509764,15.386067734509764,15.123058240562505,15.32031536102295,19676,0.0,0.0
2008-05-22 00:00:00+08:00,15.386067390441895,15.386067390441895,15.386067390441895,15.386067390441895,5465,0.0,0.0
2008-05-23 00:00:00+08:00,15.550451395704915,15.550451395704915,15.12306022644043,15.12306022644043,42633,0.0,0.0
2008-05-26 00:00:00+08:00,15.123063840698274,15.386073432039119,15.123063840698274,15.254570007324219,96197,0.0,0.0
2008-05-27 00:00:00+08:00,15.201964181749858,15.254566361637744,15.12306022644043,15.12306022644043,14211,0.0,0.0
2008-05-28 00:00:00+08:00,15.123058925719304,15.188811302185059,15.123058925719304,15.188811302185059,19676,0.0,0.0
2008-05-29 00:00:00+08:00,15.18881260856149,15.18881260856149,15.12306022644043,15.12306022644043,39353,0.0,0.0
2008-05-30 00:00:00+08:00,15.142783464689437,15.517572402954103,15.142783464689437,15.517572402954102,62419,0.0,0.0
2008-06-02 00:00:00+08:00,15.451821478951594,15.451821478951594,15.123058240562505,15.32031536102295,11463,0.0,0.0
2008-06-03 00:00:00+08:00,14.991555462198312,15.254566361637744,14.991555462198312,15.12306022644043,8745,0.0,0.0
2008-06-04 00:00:00+08:00,15.12306022644043,15.18881260856149,14.794298315835134,15.12306022644043,45978,0.0,0.0
2008-06-05 00:00:00+08:00,15.12306022644043,15.12306022644043,15.12306022644043,15.12306022644043,0,0.0,0.0
2008-06-06 00:00:00+08:00,15.12306022644043,15.12306022644043,15.12306022644043,15.12306022644043,1093,0.0,0.0
2008-06-09 00:00:00+08:00,14.794295247453812,14.991552352905273,14.794295247453812,14.991552352905273,5465,0.0,0.0
2008-06-10 00:00:00+08:00,14.991555813360243,15.057308197021486,14.794298662376518,15.057308197021484,51378,0.0,0.0
2008-06-11 00:00:00+08:00,15.412368333774673,15.412368333774673,14.958676854140819,14.991552352905273,28422,0.0,0.0
2008-06-12 00:00:00+08:00,14.794299125671388,14.860051511391717,14.794299125671388,14.794299125671387,29515,0.0,0.0
2008-06-13 00:00:00+08:00,16.438105830504238,15.123057089872916,14.991552352905273,14.991552352905273,21863,0.0,0.0
2008-06-16 00:00:00+08:00,15.057304721389094,15.123057089872916,14.991552352905273,14.991552352905273,7652,0.0,0.0
2008-06-17 00:00:00+08:00,14.794298315835134,15.12306022644043,14.794298315835134,15.12306022644043,38260,0.0,0.0
2008-06-18 00:00:00+08:00,15.12306022644043,15.12306022644043,15.12306022644043,15.12306022644043,0,0.0,0.0
2008-06-19 00:00:00+08:00,14.925799984421454,15.412368333774673,13.15048466440339,14.991552352905273,42769,0.0,0.0
2008-06-20 00:00:00+08:00,14.991552352905273,14.991552352905273,14.991552352905273,14.991552352905273,0,0.0,0.0
2008-06-23 00:00:00+08:00,14.597040338935425,14.991554609214868,14.597040338935425,14.925802230834961,8745,0.0,0.0
2008-06-24 00:00:00+08:00,14.925799984421454,15.123057089872916,14.59703814200235,14.991552352905273,74077,0.0,0.0
2008-06-25 00:00:00+08:00,14.860050402434362,14.925802783247804,14.465536117553711,14.465536117553711,47073,0.0,0.0
2008-06-26 00:00:00+08:00,14.79429802162092,14.79429802162092,14.465536117553711,14.465536117553711,4372,0.0,0.0
2008-06-27 00:00:00+08:00,14.465534241456371,14.465534241456371,13.808009147644043,13.808009147644043,9838,0.0,0.0
2008-06-30 00:00:00+08:00,13.479248046875,13.479248046875,13.479248046875,13.479248046875,1093,0.0,0.0
2008-07-01 00:00:00+08:00,13.545000422871267,13.545000422871267,13.34774329488247,13.479248046875,43234,0.0,0.0
2008-07-02 00:00:00+08:00,13.479249102048511,13.479249102048511,13.275416857599337,13.281991958618164,19676,0.0,0.0
2008-07-03 00:00:00+08:00,13.150486946105957,13.216239325998282,13.150486946105957,13.150486946105957,18583,0.0,0.0
2008-07-04 00:00:00+08:00,13.150486946105957,13.150486946105957,13.025557287215028,13.150486946105957,27328,0.0,0.0
2008-07-07 00:00:00+08:00,13.479248046875,13.545000422871267,13.479248046875,13.479248046875,30608,0.0,0.0
2008-07-08 00:00:00+08:00,13.676505174863797,13.808009926856329,13.479248046875,13.479248046875,54747,0.0,0.0
2008-07-09 00:00:00+08:00,13.479249353500414,13.479249353500414,13.1504874416502,13.413496971130371,19676,0.0,0.0
2008-07-10 00:00:00+08:00,13.479249353500414,13.479249353500414,13.413496971130371,13.413496971130371,27328,0.0,0.0
2008-07-11 00:00:00+08:00,13.545000076293945,13.545000076293945,13.150485830410828,13.545000076293945,10499,0.0,0.0
2008-07-14 00:00:00+08:00,13.545000076293945,13.545000076293945,13.545000076293945,13.545000076293945,0,0.0,0.0
2008-07-15 00:00:00+08:00,13.150486166893673,13.479248046875,13.150486166893673,13.479248046875,21863,0.0,0.0
2008-07-16 00:00:00+08:00,13.150486946105957,13.150486946105957,13.150486946105957,13.150486946105957,3279,0.0,0.0
2008-07-17 00:00:00+08:00,13.676506176837242,14.465536117553711,13.479249034396915,14.465536117553711,16398,0.0,0.0
2008-07-18 00:00:00+08:00,13.479248046875,13.479248046875,13.150486166893673,13.479248046875,22956,0.0,0.0
2008-07-21 00:00:00+08:00,13.150487196331266,13.281991958618164,13.150487196331266,13.281991958618164,34980,0.0,0.0
2008-07-22 00:00:00+08:00,13.281991705890606,13.281991705890606,13.084734566213633,13.150486946105957,121340,0.0,0.0
2008-07-23 00:00:00+08:00,13.21623713319369,13.21623713319369,13.018980026245119,13.018980026245117,282170,0.0,0.0
2008-07-24 00:00:00+08:00,13.150486946105957,13.150486946105957,13.150486946105957,13.150486946105957,13117,0.0,0.0
2008-07-25 00:00:00+08:00,13.150486946105957,13.150486946105957,12.84802545021921,13.150486946105957,31701,0.0,0.0
2008-07-28 00:00:00+08:00,13.150486946105957,13.150486946105957,13.150486946105957,13.150486946105957,0,0.0,0.0
2008-07-29 00:00:00+08:00,13.150486946105957,13.150486946105957,13.150486946105957,13.150486946105957,0,0.0,0.0
2008-07-30 00:00:00+08:00,13.150486946105957,13.150486946105957,13.150486946105957,13.150486946105957,0,0.0,0.0
2008-07-31 00:00:00+08:00,13.150486946105957,13.150486946105957,13.150486946105957,13.150486946105957,0,0.0,0.0
2008-08-01 00:00:00+08:00,13.150486946105957,13.150486946105957,13.150486946105957,13.150486946105957,0,0.0,0.0
2008-08-04 00:00:00+08:00,13.150486946105957,13.150486946105957,13.150486946105957,13.150486946105957,0,0.0,0.0
2008-08-05 00:00:00+08:00,13.150486946105957,13.150486946105957,13.150486946105957,13.150486946105957,0,0.0,0.0
2008-08-06 00:00:00+08:00,13.150486946105957,13.150486946105957,13.150486946105957,13.150486946105957,0,0.0,0.0
2008-08-07 00:00:00+08:00,13.150486946105957,13.150486946105957,13.150486946105957,13.150486946105957,0,0.0,0.0
2008-08-08 00:00:00+08:00,13.150486946105957,13.150486946105957,13.150486946105957,13.150486946105957,0,0.0,0.0
2008-08-11 00:00:00+08:00,13.150486946105957,13.150486946105957,13.150486946105957,13.150486946105957,0,0.0,0.0
2008-08-12 00:00:00+08:00,13.150486946105957,13.150486946105957,13.150486946105957,13.150486946105957,0,0.0,0.0
2008-08-13 00:00:00+08:00,13.150486946105957,13.150486946105957,13.150486946105957,13.150486946105957,0,0.0,0.0
2008-08-14 00:00:00+08:00,13.150486946105957,13.150486946105957,13.150486946105957,13.150486946105957,0,0.0,0.0
2008-08-15 00:00:00+08:00,13.150486946105957,13.150486946105957,13.150486946105957,13.150486946105957,0,0.0,0.0
2008-08-18 00:00:00+08:00,14.465536117553711,14.925802783247804,14.465536117553711,14.465536117553711,86359,0.0,0.0
2008-08-19 00:00:00+08:00,14.465537428581738,14.531289815354393,14.399785041809084,14.399785041809082,97290,0.0,0.0
2008-08-20 00:00:00+08:00,14.531288498367152,14.531288498367152,14.334031355926827,14.465536117553711,31304,0.0,0.0
2008-08-21 00:00:00+08:00,14.46553393951946,14.46553393951946,14.334029197692871,14.334029197692871,18583,0.0,0.0
2008-08-22 00:00:00+08:00,14.268276826779577,14.334029197692871,14.268276826779577,14.334029197692871,32794,0.0,0.0
2008-08-25 00:00:00+08:00,14.334031355926827,14.465536117553711,14.334031355926827,14.465536117553711,17490,0.0,0.0
2008-08-26 00:00:00+08:00,14.136770248413086,14.597036785011879,14.136770248413086,14.136770248413086,31701,0.0,0.0
2008-08-27 00:00:00+08:00,13.93951641580864,14.202525926699446,13.57787765285623,13.873764038085938,44819,0.0,0.0
2008-08-28 00:00:00+08:00,13.939517071046177,14.465536117553711,13.808010938464125,14.465536117553711,68376,0.0,0.0
2008-08-29 00:00:00+08:00,14.629915011721717,14.991552352905273,14.59703814200235,14.991552352905273,130085,0.0,0.0
2008-09-01 00:00:00+08:00,14.991555813360243,15.123060580682727,14.991555813360243,15.057308197021484,16397,0.0,0.0
2008-09-02 00:00:00+08:00,14.991553037036166,15.057305408520559,14.46553406516103,14.860048294067383,213165,0.0,0.0
2008-09-03 00:00:00+08:00,14.794297567699825,14.860049946495842,14.728545188903809,14.728545188903809,61216,0.0,0.0
2008-09-04 00:00:00+08:00,15.123058375908853,15.123058375908853,14.136772764779705,14.20252513885498,21863,0.0,0.0
2008-09-05 00:00:00+08:00,14.136772380027702,14.136772380027702,13.742258146313299,13.808009147644043,104942,0.0,0.0
2008-09-08 00:00:00+08:00,14.268274973155599,14.268274973155599,14.136770248413086,14.136770248413086,40446,0.0,0.0
2008-09-09 00:00:00+08:00,13.808009926856329,13.808009926856329,13.479248046875,13.479248046875,32794,0.0,0.0
2008-09-10 00:00:00+08:00,13.275415069225097,13.9395152631705,13.150485424786703,13.808009147644043,46010,0.0,0.0
2008-09-11 00:00:00+08:00,13.479248845567577,13.479248845567577,13.150486946105957,13.150486946105957,26235,0.0,0.0
2008-09-12 00:00:00+08:00,12.821724119257604,12.887476494394102,11.835437121255078,12.440360069274902,44272,0.0,0.0
2008-09-15 00:00:00+08:00,11.743384125693435,11.743384125693435,11.638179779052734,11.638179779052734,2186,0.0,0.0
2008-09-16 00:00:00+08:00,11.177912080465992,11.177912080465992,10.388882984368658,10.454634666442871,38260,0.0,0.0
2008-09-17 00:00:00+08:00,10.816274128857103,11.177912861125316,10.816274128857103,10.914902687072754,20769,0.0,0.0
2008-09-18 00:00:00+08:00,10.78339807433019,10.914902126384996,9.862863540649414,9.862863540649414,72148,0.0,0.0
2008-09-19 00:00:00+08:00,10.849151407682948,12.012969608614327,9.9680687096386,11.835437774658203,119153,0.0,0.0
2008-09-22 00:00:00+08:00,12.01297106190618,12.164201140077965,11.835439206472806,12.098448753356934,20769,0.0,0.0
2008-09-23 00:00:00+08:00,11.835437774658203,11.835437774658203,11.703933017125177,11.835437774658203,7652,0.0,0.0
2008-09-24 00:00:00+08:00,11.50667667388916,11.966943356977264,11.309419523994258,11.50667667388916,10931,0.0,0.0
2008-09-25 00:00:00+08:00,11.703933447073071,12.032696723937988,11.703933447073071,12.032696723937988,6558,0.0,0.0
2008-09-26 00:00:00+08:00,12.032696723937988,12.032696723937988,11.835438209436967,12.032696723937988,3279,0.0,0.0
2008-09-29 00:00:00+08:00,12.032696723937988,12.032696723937988,12.032696723937988,12.032696723937988,0,0.0,0.0
2008-09-30 00:00:00+08:00,11.309418678283691,11.309418678283691,11.309418678283691,11.309418678283691,9838,0.0,0.0
2008-10-01 00:00:00+08:00,11.210789259291174,11.30941851088089,10.84915118354656,10.980656623840332,8745,0.0,0.0
2008-10-02 00:00:00+08:00,10.980656623840332,10.980656623840332,10.980656623840332,10.980656623840332,0,0.0,0.0
2008-10-03 00:00:00+08:00,10.980656786376777,11.309418678283691,10.980656786376777,11.309418678283691,2186,0.0,0.0
2008-10-06 00:00:00+08:00,11.309418678283691,11.309418678283691,11.309418678283691,11.309418678283691,0,0.0,0.0
2008-10-07 00:00:00+08:00,11.309418678283691,11.309418678283691,11.309418678283691,11.309418678283691,2186,0.0,0.0
2008-10-08 00:00:00+08:00,10.52038860321045,10.52038860321045,10.52038860321045,10.52038860321045,6558,0.0,0.0
2008-10-09 00:00:00+08:00,10.52038860321045,10.52038860321045,10.52038860321045,10.52038860321045,0,0.0,0.0
2008-10-13 00:00:00+08:00,10.191627679495518,10.191627679495518,9.908891489480894,9.928617477416992,5465,0.0,0.0
2008-10-14 00:00:00+08:00,9.862863540649414,9.862863540649414,9.665605748873558,9.862863540649414,6560,0.0,0.0
2008-10-15 00:00:00+08:00,9.862863540649414,9.862863540649414,9.862863540649414,9.862863540649414,0,0.0,0.0
2008-10-16 00:00:00+08:00,9.481500625610352,9.481500625610352,9.481500625610352,9.481500625610352,1093,0.0,0.0
2008-10-17 00:00:00+08:00,9.968068419000678,9.994369506835938,9.968068419000678,9.994369506835938,6558,0.0,0.0
2008-10-20 00:00:00+08:00,9.560403823852539,9.560403823852539,9.560403823852539,9.560403823852539,2186,0.0,0.0
2008-10-21 00:00:00+08:00,9.685334126167596,9.797112898579535,9.665607452392578,9.665607452392578,12024,0.0,0.0
2008-10-22 00:00:00+08:00,9.534101485969527,9.59985454348645,9.402597427368164,9.402597427368164,5465,0.0,0.0
2008-10-23 00:00:00+08:00,9.2053405744697,9.2053405744697,8.810826301574707,8.810826301574707,14211,0.0,0.0
2008-10-24 00:00:00+08:00,8.626719382813103,8.626719382813103,8.219054222106934,8.219054222106934,16397,0.0,0.0
2008-10-27 00:00:00+08:00,7.890290544662345,8.021795272827148,7.890290544662345,8.021795272827148,2859,0.0,0.0
2008-10-28 00:00:00+08:00,8.28480549743991,8.54781497815944,8.28480549743991,8.482063293457031,8835,0.0,0.0
2008-10-29 00:00:00+08:00,8.482063293457031,8.482063293457031,8.482063293457031,8.482063293457031,0,0.0,0.0
2008-10-30 00:00:00+08:00,8.482063293457031,8.482063293457031,8.482063293457031,8.482063293457031,0,0.0,0.0
2008-10-31 00:00:00+08:00,8.48206316233857,8.876577377319336,8.48206316233857,8.876577377319336,76520,0.0,0.0
2008-11-03 00:00:00+08:00,9.06068434844272,9.133011817932129,9.06068434844272,9.133011817932129,6558,0.0,0.0
2008-11-04 00:00:00+08:00,8.942330360412598,8.975206547251421,8.942330360412598,8.942330360412598,5465,0.0,0.0
2008-11-05 00:00:00+08:00,9.205339852039234,9.205339852039234,9.073834419250488,9.073834419250488,4372,0.0,0.0
2008-11-06 00:00:00+08:00,8.876577377319336,8.876577377319336,8.876577377319336,8.876577377319336,231,0.0,0.0
2008-11-07 00:00:00+08:00,8.876577377319336,8.876577377319336,8.876577377319336,8.876577377319336,0,0.0,0.0
2008-11-10 00:00:00+08:00,8.876577377319336,8.876577377319336,8.876577377319336,8.876577377319336,0,0.0,0.0
2008-11-11 00:00:00+08:00,8.942330360412598,8.942330360412598,8.942330360412598,8.942330360412598,2186,0.0,0.0
2008-11-12 00:00:00+08:00,8.81082728187189,8.81082728187189,8.547817051868345,8.580693244934082,137737,0.0,0.0
2008-11-13 00:00:00+08:00,7.890290544662345,8.547814185486365,7.890290544662345,8.021795272827148,108222,0.0,0.0
2008-11-14 00:00:00+08:00,7.870566180190334,8.087549300485776,7.7587867269712225,7.890292167663574,14211,0.0,0.0
2008-11-17 00:00:00+08:00,7.758786201477052,7.758786201477052,7.758786201477052,7.758786201477051,2186,0.0,0.0
2008-11-18 00:00:00+08:00,7.561528541366224,7.561528541366224,7.167013645172119,7.167013645172119,21179,0.0,0.0
2008-11-19 00:00:00+08:00,7.035510170281915,7.035510170281915,5.779638473698811,6.226755619049072,153109,0.0,0.0
2008-11-20 00:00:00+08:00,6.226755619049072,6.226755619049072,6.226755619049072,6.226755619049072,0,0.0,0.0
2008-11-21 00:00:00+08:00,6.049223179811592,6.1149755535232115,5.937443733215332,5.937443733215332,15304,0.0,0.0
2008-11-24 00:00:00+08:00,5.983471091636178,6.01634796553841,4.997184753417969,4.997184753417969,99477,0.0,0.0
2008-11-25 00:00:00+08:00,4.878830723955708,4.9774586073974625,4.668422698974609,4.668422698974609,32794,0.0,0.0
2008-11-26 00:00:00+08:00,4.7012988480270765,4.773626327514648,4.602669937220453,4.773626327514648,6558,0.0,0.0
2008-11-27 00:00:00+08:00,4.773626582013321,5.1549906730651855,4.602670182604845,5.1549906730651855,50285,0.0,0.0
2008-11-28 00:00:00+08:00,4.964308345191231,5.1878662109375,4.964308345191231,5.1878662109375,42638,0.0,0.0
2008-12-01 00:00:00+08:00,5.154989427376956,5.391698837280273,5.154989427376956,5.391698837280273,18578,0.0,0.0
2008-12-02 00:00:00+08:00,5.260194771649544,5.325946807861328,5.260194771649544,5.325946807861328,10931,0.0,0.0
2008-12-03 00:00:00+08:00,5.398273944854736,5.398273944854736,5.398273944854736,5.398273944854736,1093,0.0,0.0
2008-12-04 00:00:00+08:00,5.26019504455355,5.3259470841766134,4.602670192718506,4.602670192718506,128992,0.0,0.0
2008-12-05 00:00:00+08:00,5.2601948290894684,5.2601948290894684,4.622395992279053,4.622395992279053,119153,0.0,0.0
2008-12-08 00:00:00+08:00,5.260194771649544,5.325946807861328,5.260194771649544,5.325946807861328,7652,0.0,0.0
2008-12-09 00:00:00+08:00,4.602669953927525,5.398274287611439,4.602669953927525,5.325946807861328,171625,0.0,0.0
2008-12-10 00:00:00+08:00,5.391698837280273,5.391698837280273,5.325945785474325,5.391698837280273,6558,0.0,0.0
2008-12-11 00:00:00+08:00,5.529778480529785,5.529778480529785,5.529778480529785,5.529778480529785,1093,0.0,0.0
2008-12-12 00:00:00+08:00,5.5889565097190665,5.602106367404318,5.260194301605225,5.260194301605225,34980,0.0,0.0
2008-12-15 00:00:00+08:00,5.358823299407959,5.358823299407959,5.358823299407959,5.358823299407959,2186,0.0,0.0
2008-12-16 00:00:00+08:00,5.391698837280273,5.470601402683518,4.602669070383225,5.391698837280273,68868,0.0,0.0
2008-12-17 00:00:00+08:00,4.635546747442584,5.358823299407959,4.635546747442584,5.358823299407959,55750,0.0,0.0
2008-12-18 00:00:00+08:00,5.470602358822563,5.5232038497924805,5.470602358822563,5.5232038497924805,8745,0.0,0.0
2008-12-19 00:00:00+08:00,5.391699702254814,5.654708867023946,5.391699702254814,5.588956832885742,55379,0.0,0.0
2008-12-22 00:00:00+08:00,5.654708675280007,5.674434661865234,5.654708675280007,5.674434661865234,5465,0.0,0.0
2008-12-23 00:00:00+08:00,5.628407586603512,5.799363613128662,5.523203245224209,5.799363613128662,24049,0.0,0.0
2008-12-24 00:00:00+08:00,5.799363613128662,5.799363613128662,5.799363613128662,5.799363613128662,0,0.0,0.0
2008-12-25 00:00:00+08:00,5.654708867023946,5.7204615866396935,5.588956832885742,5.588956832885742,292965,0.0,0.0
2008-12-26 00:00:00+08:00,5.621832370758057,5.621832370758057,5.621832370758057,5.621832370758057,273288,0.0,0.0
2008-12-29 00:00:00+08:00,5.6547088623046875,5.6547088623046875,5.6547088623046875,5.6547088623046875,2186,0.0,0.0
2008-12-30 00:00:00+08:00,5.786213911233914,5.786213911233914,5.62183262778801,5.6810102462768555,7652,0.0,0.0
2008-12-31 00:00:00+08:00,5.786213963516669,5.786213963516669,5.588956832885742,5.588956832885742,23160,0.0,0.0
2009-01-02 00:00:00+08:00,5.588956832885742,5.588956832885742,5.588956832885742,5.588956832885742,0,0.0,0.0
2009-01-05 00:00:00+08:00,5.588956832885742,5.588956832885742,5.588956832885742,5.588956832885742,0,0.0,0.0
2009-01-06 00:00:00+08:00,5.654708651451709,5.720461368560791,5.654708651451709,5.720461368560791,4372,0.0,0.0
2009-01-07 00:00:00+08:00,5.786213702570527,5.819089889526367,5.720461328658846,5.819089889526367,67775,0.0,0.0
2009-01-08 00:00:00+08:00,5.884842205445674,5.884842205445674,5.654708556283894,5.687584400177002,34980,0.0,0.0
2009-01-09 00:00:00+08:00,5.7599129262150095,6.088675498962402,5.6875847626336045,6.088675498962402,51378,0.0,0.0
2009-01-12 00:00:00+08:00,6.443737895956966,6.502915859222412,6.443737895956966,6.502915859222412,6558,0.0,0.0
2009-01-13 00:00:00+08:00,6.5752435416426955,7.127563675595264,6.5752435416426955,6.9697585105896,47005,0.0,0.0
2009-01-14 00:00:00+08:00,6.81195180100399,6.9040045738220215,6.621269098802367,6.9040045738220215,36074,0.0,0.0
2009-01-15 00:00:00+08:00,6.640995852945303,6.640995852945303,6.562093271265544,6.5752434730529785,29515,0.0,0.0
2009-01-16 00:00:00+08:00,6.640995852945303,6.640995852945303,6.542367283106817,6.5752434730529785,13117,0.0,0.0
2009-01-19 00:00:00+08:00,6.640995852945303,6.640995852945303,6.509491093160655,6.5752434730529785,22956,0.0,0.0
2009-01-20 00:00:00+08:00,6.640995546798097,6.640995546798097,6.509490793075765,6.542366981506348,28422,0.0,0.0
2009-01-21 00:00:00+08:00,6.443737730737056,6.562092968755715,6.443737730737056,6.542366981506348,7652,0.0,0.0
2009-02-02 00:00:00+08:00,6.542366981506348,6.542366981506348,6.542366981506348,6.542366981506348,0,0.0,0.0
2009-02-03 00:00:00+08:00,6.60811910325977,6.640995979309082,6.60811910325977,6.640995979309082,12024,0.0,0.0
2009-02-04 00:00:00+08:00,6.640995852945303,6.640995852945303,6.5752434730529785,6.5752434730529785,25142,0.0,0.0
2009-02-05 00:00:00+08:00,6.5752434730529785,6.5752434730529785,6.5752434730529785,6.5752434730529785,3279,0.0,0.0
2009-02-06 00:00:00+08:00,6.608119261819372,6.608119261819372,6.180729459609464,6.3451104164123535,311548,0.0,0.0
2009-02-09 00:00:00+08:00,6.4766150264504585,6.640995979309082,6.4766150264504585,6.640995979309082,14211,0.0,0.0
2009-02-10 00:00:00+08:00,6.640995852945303,6.640995852945303,6.509491093160655,6.5752434730529785,38260,0.0,0.0
2009-02-11 00:00:00+08:00,6.542367490036786,6.575243681022796,6.082100130755047,6.180729389190674,30608,0.0,0.0
2009-02-12 00:00:00+08:00,6.312232408321102,6.496339321136475,6.312232408321102,6.496339321136475,6558,0.0,0.0
2009-02-13 00:00:00+08:00,6.443737282344388,6.9040045738220215,6.443737282344388,6.9040045738220215,28422,0.0,0.0
2009-02-16 00:00:00+08:00,6.9040045738220215,6.9040045738220215,6.9040045738220215,6.9040045738220215,0,0.0,0.0
2009-02-17 00:00:00+08:00,6.9040045738220215,6.9040045738220215,6.9040045738220215,6.9040045738220215,0,0.0,0.0
2009-02-18 00:00:00+08:00,6.9040045738220215,6.9040045738220215,6.9040045738220215,6.9040045738220215,0,0.0,0.0
2009-02-19 00:00:00+08:00,6.9040045738220215,6.9040045738220215,6.9040045738220215,6.9040045738220215,0,0.0,0.0
2009-02-20 00:00:00+08:00,6.9040045738220215,6.9040045738220215,6.9040045738220215,6.9040045738220215,0,0.0,0.0
2009-02-23 00:00:00+08:00,6.9040045738220215,6.9040045738220215,6.9040045738220215,6.9040045738220215,0,0.0,0.0
2009-02-24 00:00:00+08:00,6.9040045738220215,6.9040045738220215,6.9040045738220215,6.9040045738220215,0,0.0,0.0
2009-02-25 00:00:00+08:00,6.9040045738220215,6.9040045738220215,6.9040045738220215,6.9040045738220215,0,0.0,0.0
2009-02-26 00:00:00+08:00,6.9040045738220215,6.9040045738220215,6.9040045738220215,6.9040045738220215,0,0.0,0.0
2009-02-27 00:00:00+08:00,6.9040045738220215,6.9040045738220215,6.9040045738220215,6.9040045738220215,0,0.0,0.0
2009-03-02 00:00:00+08:00,6.9040045738220215,6.9040045738220215,6.9040045738220215,6.9040045738220215,0,0.0,0.0
2009-03-03 00:00:00+08:00,6.9040045738220215,6.9040045738220215,6.9040045738220215,6.9040045738220215,0,0.0,0.0
2009-03-04 00:00:00+08:00,6.9040045738220215,6.9040045738220215,6.9040045738220215,6.9040045738220215,0,0.0,0.0
2009-03-05 00:00:00+08:00,6.9040045738220215,6.9040045738220215,6.9040045738220215,6.9040045738220215,0,0.0,0.0
2009-03-06 00:00:00+08:00,6.9040045738220215,6.9040045738220215,6.9040045738220215,6.9040045738220215,0,0.0,0.0
2009-03-09 00:00:00+08:00,6.9040045738220215,6.9040045738220215,6.9040045738220215,6.9040045738220215,0,0.0,0.0
2009-03-10 00:00:00+08:00,6.9040045738220215,6.9040045738220215,6.9040045738220215,6.9040045738220215,0,0.0,0.0
2009-03-11 00:00:00+08:00,6.9040045738220215,6.9040045738220215,6.9040045738220215,6.9040045738220215,0,0.0,0.0
2009-03-12 00:00:00+08:00,6.9040045738220215,6.9040045738220215,6.9040045738220215,6.9040045738220215,0,0.0,0.0
2009-03-13 00:00:00+08:00,6.9040045738220215,6.9040045738220215,6.9040045738220215,6.9040045738220215,0,0.0,0.0
2009-03-16 00:00:00+08:00,6.9040045738220215,6.9040045738220215,6.9040045738220215,6.9040045738220215,0,0.0,0.0
2009-03-17 00:00:00+08:00,6.9040045738220215,6.9040045738220215,6.9040045738220215,6.9040045738220215,0,0.0,0.0
2009-03-18 00:00:00+08:00,6.9040045738220215,6.9040045738220215,6.9040045738220215,6.9040045738220215,0,0.0,0.0
2009-03-19 00:00:00+08:00,6.9040045738220215,6.9040045738220215,6.9040045738220215,6.9040045738220215,0,0.0,0.0
2009-03-20 00:00:00+08:00,6.9040045738220215,6.9040045738220215,6.9040045738220215,6.9040045738220215,0,0.0,0.0
2009-03-23 00:00:00+08:00,6.9040045738220215,6.9040045738220215,6.9040045738220215,6.9040045738220215,0,0.0,0.0
2009-03-24 00:00:00+08:00,6.9040045738220215,6.9040045738220215,6.9040045738220215,6.9040045738220215,0,0.0,0.0
2009-03-25 00:00:00+08:00,6.9040045738220215,6.9040045738220215,6.9040045738220215,6.9040045738220215,0,0.0,0.0
2009-03-26 00:00:00+08:00,6.9040045738220215,6.9040045738220215,6.9040045738220215,6.9040045738220215,0,0.0,0.0
2009-03-27 00:00:00+08:00,6.9040045738220215,6.9040045738220215,6.9040045738220215,6.9040045738220215,0,0.0,0.0
2009-03-30 00:00:00+08:00,6.9040045738220215,6.9040045738220215,6.9040045738220215,6.9040045738220215,0,0.0,0.0
2009-03-31 00:00:00+08:00,6.9040045738220215,6.9040045738220215,6.9040045738220215,6.9040045738220215,0,0.0,0.0
2009-04-02 00:00:00+08:00,6.9040045738220215,6.9040045738220215,6.9040045738220215,6.9040045738220215,0,0.0,0.0
2009-04-03 00:00:00+08:00,6.9040045738220215,6.9040045738220215,6.9040045738220215,6.9040045738220215,0,0.0,0.0
2009-04-06 00:00:00+08:00,6.9040045738220215,6.9040045738220215,6.9040045738220215,6.9040045738220215,0,0.0,0.0
2009-04-07 00:00:00+08:00,6.9040045738220215,6.9040045738220215,6.9040045738220215,6.9040045738220215,0,0.0,0.0
2009-04-08 00:00:00+08:00,6.9040045738220215,6.9040045738220215,6.9040045738220215,6.9040045738220215,0,0.0,0.0
2009-04-09 00:00:00+08:00,6.9040045738220215,6.9040045738220215,6.9040045738220215,6.9040045738220215,0,0.0,0.0
2009-04-10 00:00:00+08:00,6.9040045738220215,6.9040045738220215,6.9040045738220215,6.9040045738220215,0,0.0,0.0
2009-04-13 00:00:00+08:00,6.9040045738220215,6.9040045738220215,6.9040045738220215,6.9040045738220215,0,0.0,0.0
2009-04-14 00:00:00+08:00,6.9040045738220215,6.9040045738220215,6.9040045738220215,6.9040045738220215,0,0.0,0.0
2009-04-15 00:00:00+08:00,6.9040045738220215,6.9040045738220215,6.9040045738220215,6.9040045738220215,0,0.0,0.0
2009-04-16 00:00:00+08:00,6.9040045738220215,6.9040045738220215,6.9040045738220215,6.9040045738220215,0,0.0,0.0
2009-04-17 00:00:00+08:00,6.9040045738220215,6.9040045738220215,6.9040045738220215,6.9040045738220215,0,0.0,0.0
2009-04-20 00:00:00+08:00,6.9040045738220215,6.9040045738220215,6.9040045738220215,6.9040045738220215,0,0.0,0.0
2009-04-21 00:00:00+08:00,6.9040045738220215,6.9040045738220215,6.9040045738220215,6.9040045738220215,0,0.0,0.0
2009-04-22 00:00:00+08:00,6.9040045738220215,6.9040045738220215,6.9040045738220215,6.9040045738220215,0,0.0,0.0
2009-04-23 00:00:00+08:00,6.9040045738220215,6.9040045738220215,6.9040045738220215,6.9040045738220215,0,0.0,0.0
2009-04-24 00:00:00+08:00,6.9040045738220215,6.9040045738220215,6.9040045738220215,6.9040045738220215,0,0.0,0.0
2009-04-27 00:00:00+08:00,6.9040045738220215,6.9040045738220215,6.9040045738220215,6.9040045738220215,0,0.0,0.0
2009-04-28 00:00:00+08:00,6.9040045738220215,6.9040045738220215,6.9040045738220215,6.9040045738220215,0,0.0,0.0
2009-04-29 00:00:00+08:00,6.9040045738220215,6.9040045738220215,6.9040045738220215,6.9040045738220215,0,0.0,0.0
2009-04-30 00:00:00+08:00,6.9040045738220215,6.9040045738220215,6.9040045738220215,6.9040045738220215,0,0.0,0.0
2009-05-04 00:00:00+08:00,6.9040045738220215,6.9040045738220215,6.9040045738220215,6.9040045738220215,0,0.0,0.0
2009-05-05 00:00:00+08:00,6.9040045738220215,6.9040045738220215,6.9040045738220215,6.9040045738220215,0,0.0,0.0
2009-05-06 00:00:00+08:00,6.9040045738220215,6.9040045738220215,6.9040045738220215,6.9040045738220215,0,0.0,0.0
2009-05-07 00:00:00+08:00,6.9040045738220215,6.9040045738220215,6.9040045738220215,6.9040045738220215,0,0.0,0.0
2009-05-08 00:00:00+08:00,6.9040045738220215,6.9040045738220215,6.9040045738220215,6.9040045738220215,0,0.0,0.0
2009-05-11 00:00:00+08:00,6.9040045738220215,6.9040045738220215,6.9040045738220215,6.9040045738220215,0,0.0,0.0
2009-05-12 00:00:00+08:00,6.9040045738220215,6.9040045738220215,6.9040045738220215,6.9040045738220215,0,0.0,0.0
2009-05-13 00:00:00+08:00,6.9040045738220215,6.9040045738220215,6.9040045738220215,6.9040045738220215,0,0.0,0.0
2009-05-14 00:00:00+08:00,6.9040045738220215,6.9040045738220215,6.9040045738220215,6.9040045738220215,0,0.0,0.0
2009-05-15 00:00:00+08:00,6.9040045738220215,6.9040045738220215,6.9040045738220215,6.9040045738220215,0,0.0,0.0
2009-05-18 00:00:00+08:00,6.9040045738220215,6.9040045738220215,6.9040045738220215,6.9040045738220215,0,0.0,0.0
2009-05-19 00:00:00+08:00,6.9040045738220215,6.9040045738220215,6.9040045738220215,6.9040045738220215,0,0.0,0.0
2009-05-20 00:00:00+08:00,6.9040045738220215,6.9040045738220215,6.9040045738220215,6.9040045738220215,0,0.0,0.0
2009-05-21 00:00:00+08:00,6.9040045738220215,6.9040045738220215,6.9040045738220215,6.9040045738220215,0,0.0,0.0
2009-05-22 00:00:00+08:00,6.9040045738220215,6.9040045738220215,6.9040045738220215,6.9040045738220215,0,0.0,0.0
2009-05-25 00:00:00+08:00,6.9040045738220215,6.9040045738220215,6.9040045738220215,6.9040045738220215,0,0.0,0.0
2009-05-26 00:00:00+08:00,6.9040045738220215,6.9040045738220215,6.9040045738220215,6.9040045738220215,0,0.0,0.0
2009-05-27 00:00:00+08:00,6.9040045738220215,6.9040045738220215,6.9040045738220215,6.9040045738220215,0,0.0,0.0
2009-06-01 00:00:00+08:00,6.9040045738220215,6.9040045738220215,6.9040045738220215,6.9040045738220215,0,0.0,0.0
2009-06-02 00:00:00+08:00,6.9040045738220215,6.9040045738220215,6.9040045738220215,6.9040045738220215,0,0.0,0.0
2009-06-03 00:00:00+08:00,6.9040045738220215,6.9040045738220215,6.9040045738220215,6.9040045738220215,0,0.0,0.0
2009-06-04 00:00:00+08:00,6.9040045738220215,6.9040045738220215,6.9040045738220215,6.9040045738220215,0,0.0,0.0
2009-06-05 00:00:00+08:00,6.9040045738220215,6.9040045738220215,6.9040045738220215,6.9040045738220215,0,0.0,0.0
2009-06-08 00:00:00+08:00,6.9040045738220215,6.9040045738220215,6.9040045738220215,6.9040045738220215,0,0.0,0.0
2009-06-09 00:00:00+08:00,6.9040045738220215,6.9040045738220215,6.9040045738220215,6.9040045738220215,0,0.0,0.0
2009-06-10 00:00:00+08:00,6.9040045738220215,6.9040045738220215,6.9040045738220215,6.9040045738220215,0,0.0,0.0
2009-06-11 00:00:00+08:00,6.9040045738220215,6.9040045738220215,6.9040045738220215,6.9040045738220215,0,0.0,0.0
2009-06-12 00:00:00+08:00,6.9040045738220215,6.9040045738220215,6.9040045738220215,6.9040045738220215,0,0.0,0.0
2009-06-15 00:00:00+08:00,6.9040045738220215,6.9040045738220215,6.9040045738220215,6.9040045738220215,0,0.0,0.0
2009-06-16 00:00:00+08:00,6.9040045738220215,6.9040045738220215,6.9040045738220215,6.9040045738220215,0,0.0,0.0
2009-06-17 00:00:00+08:00,6.9040045738220215,6.9040045738220215,6.9040045738220215,6.9040045738220215,0,0.0,0.0
2009-06-18 00:00:00+08:00,6.9040045738220215,6.9040045738220215,6.9040045738220215,6.9040045738220215,0,0.0,0.0
2009-06-19 00:00:00+08:00,6.9040045738220215,6.9040045738220215,6.9040045738220215,6.9040045738220215,0,0.0,0.0
2009-06-22 00:00:00+08:00,6.9040045738220215,6.9040045738220215,6.9040045738220215,6.9040045738220215,0,0.0,0.0
2009-06-23 00:00:00+08:00,6.9040045738220215,6.9040045738220215,6.9040045738220215,6.9040045738220215,0,0.0,0.0
2009-06-24 00:00:00+08:00,6.9040045738220215,6.9040045738220215,6.9040045738220215,6.9040045738220215,0,0.0,0.0
2009-06-25 00:00:00+08:00,6.9040045738220215,6.9040045738220215,6.9040045738220215,6.9040045738220215,0,0.0,0.0
2009-06-26 00:00:00+08:00,6.9040045738220215,6.9040045738220215,6.9040045738220215,6.9040045738220215,0,0.0,0.0
2009-06-29 00:00:00+08:00,6.9040045738220215,6.9040045738220215,6.9040045738220215,6.9040045738220215,0,0.0,0.0
2009-06-30 00:00:00+08:00,6.9040045738220215,6.9040045738220215,6.9040045738220215,6.9040045738220215,0,0.0,0.0
2009-07-01 00:00:00+08:00,6.9040045738220215,6.9040045738220215,6.9040045738220215,6.9040045738220215,0,0.0,0.0
2009-07-02 00:00:00+08:00,6.9040045738220215,6.9040045738220215,6.9040045738220215,6.9040045738220215,0,0.0,0.0
2009-07-03 00:00:00+08:00,7.208434581756591,7.208434581756591,7.208434581756591,7.208434581756592,0,0.405652,0.0
2009-07-06 00:00:00+08:00,7.208434581756591,7.208434581756591,7.208434581756591,7.208434581756592,0,0.0,0.0
2009-07-07 00:00:00+08:00,7.208434581756591,7.208434581756591,7.208434581756591,7.208434581756592,0,0.0,0.0
2009-07-08 00:00:00+08:00,7.208434581756591,7.208434581756591,7.208434581756591,7.208434581756592,0,0.0,0.0
2009-07-09 00:00:00+08:00,7.208434581756591,7.208434581756591,7.208434581756591,7.208434581756592,0,0.0,0.0
2009-07-10 00:00:00+08:00,7.208434581756591,7.208434581756591,7.208434581756591,7.208434581756592,0,0.0,0.0
2009-07-13 00:00:00+08:00,7.208434581756591,7.208434581756591,7.208434581756591,7.208434581756592,0,0.0,0.0
2009-07-14 00:00:00+08:00,7.208434581756591,7.208434581756591,7.208434581756591,7.208434581756592,0,0.0,0.0
2009-07-15 00:00:00+08:00,7.208434581756591,7.208434581756591,7.208434581756591,7.208434581756592,0,0.0,0.0
2009-07-16 00:00:00+08:00,7.208434581756591,7.208434581756591,7.208434581756591,7.208434581756592,0,0.0,0.0
2009-07-17 00:00:00+08:00,7.208434581756591,7.208434581756591,7.208434581756591,7.208434581756592,0,0.0,0.0
2009-07-20 00:00:00+08:00,7.208434581756591,7.208434581756591,7.208434581756591,7.208434581756592,0,0.0,0.0
2009-07-21 00:00:00+08:00,7.208434581756591,7.208434581756591,7.208434581756591,7.208434581756592,0,0.0,0.0
2009-07-22 00:00:00+08:00,7.208434581756591,7.208434581756591,7.208434581756591,7.208434581756592,0,0.0,0.0
2009-07-23 00:00:00+08:00,7.208434581756591,7.208434581756591,7.208434581756591,7.208434581756592,0,0.0,0.0
2009-07-24 00:00:00+08:00,7.208434581756591,7.208434581756591,7.208434581756591,7.208434581756592,0,0.0,0.0
2009-07-27 00:00:00+08:00,7.208434581756591,7.208434581756591,7.208434581756591,7.208434581756592,0,0.0,0.0
2009-07-28 00:00:00+08:00,7.208434581756591,7.208434581756591,7.208434581756591,7.208434581756592,0,0.0,0.0
2009-07-29 00:00:00+08:00,7.208434581756591,7.208434581756591,7.208434581756591,7.208434581756592,0,0.0,0.0
2009-07-30 00:00:00+08:00,7.208434581756591,7.208434581756591,7.208434581756591,7.208434581756592,0,0.0,0.0
2009-07-31 00:00:00+08:00,7.208434581756591,7.208434581756591,7.208434581756591,7.208434581756592,0,0.0,0.0
2009-08-03 00:00:00+08:00,7.208434581756591,7.208434581756591,7.208434581756591,7.208434581756592,0,0.0,0.0
2009-08-04 00:00:00+08:00,7.208434581756591,7.208434581756591,7.208434581756591,7.208434581756592,0,0.0,0.0
2009-08-05 00:00:00+08:00,7.208434581756591,7.208434581756591,7.208434581756591,7.208434581756592,0,0.0,0.0
2009-08-06 00:00:00+08:00,7.208434581756591,7.208434581756591,7.208434581756591,7.208434581756592,0,0.0,0.0
2009-08-07 00:00:00+08:00,7.208434581756591,7.208434581756591,7.208434581756591,7.208434581756592,0,0.0,0.0
2009-08-10 00:00:00+08:00,7.208434581756591,7.208434581756591,7.208434581756591,7.208434581756592,0,0.0,0.0
2009-08-11 00:00:00+08:00,7.208434581756591,7.208434581756591,7.208434581756591,7.208434581756592,0,0.0,0.0
2009-08-12 00:00:00+08:00,7.208434581756591,7.208434581756591,7.208434581756591,7.208434581756592,0,0.0,0.0
2009-08-13 00:00:00+08:00,7.208434581756591,7.208434581756591,7.208434581756591,7.208434581756592,0,0.0,0.0
2009-08-14 00:00:00+08:00,7.208434581756591,7.208434581756591,7.208434581756591,7.208434581756592,0,0.0,0.0
2009-08-17 00:00:00+08:00,7.208434581756591,7.208434581756591,7.208434581756591,7.208434581756592,0,0.0,0.0
2009-08-18 00:00:00+08:00,7.208434581756591,7.208434581756591,7.208434581756591,7.208434581756592,0,0.0,0.0
2009-08-19 00:00:00+08:00,7.208434581756591,7.208434581756591,7.208434581756591,7.208434581756592,0,0.0,0.0
2009-08-20 00:00:00+08:00,7.208434581756591,7.208434581756591,7.208434581756591,7.208434581756592,0,0.0,0.0
2009-08-21 00:00:00+08:00,7.208434581756591,7.208434581756591,7.208434581756591,7.208434581756592,0,0.0,0.0
2009-08-24 00:00:00+08:00,7.208434581756591,7.208434581756591,7.208434581756591,7.208434581756592,0,0.0,0.0
2009-08-25 00:00:00+08:00,7.208434581756591,7.208434581756591,7.208434581756591,7.208434581756592,0,0.0,0.0
2009-08-26 00:00:00+08:00,7.208434581756591,7.208434581756591,7.208434581756591,7.208434581756592,0,0.0,0.0
2009-08-27 00:00:00+08:00,7.208434581756591,7.208434581756591,7.208434581756591,7.208434581756592,0,0.0,0.0
2009-08-28 00:00:00+08:00,7.208434581756591,7.208434581756591,7.208434581756591,7.208434581756592,0,0.0,0.0
2009-08-31 00:00:00+08:00,7.208434581756591,7.208434581756591,7.208434581756591,7.208434581756592,0,0.0,0.0
2009-09-01 00:00:00+08:00,7.208434581756591,7.208434581756591,7.208434581756591,7.208434581756592,0,0.0,0.0
2009-09-02 00:00:00+08:00,7.208434581756591,7.208434581756591,7.208434581756591,7.208434581756592,0,0.0,0.0
2009-09-03 00:00:00+08:00,7.208434581756591,7.208434581756591,7.208434581756591,7.208434581756592,0,0.0,0.0
2009-09-04 00:00:00+08:00,7.208434581756591,7.208434581756591,7.208434581756591,7.208434581756592,0,0.0,0.0
2009-09-07 00:00:00+08:00,7.208434581756591,7.208434581756591,7.208434581756591,7.208434581756592,0,0.0,0.0
2009-09-08 00:00:00+08:00,7.208434581756591,7.208434581756591,7.208434581756591,7.208434581756592,0,0.0,0.0
2009-09-09 00:00:00+08:00,7.208434581756591,7.208434581756591,7.208434581756591,7.208434581756592,0,0.0,0.0
2009-09-10 00:00:00+08:00,7.208434581756591,7.208434581756591,7.208434581756591,7.208434581756592,0,0.0,0.0
2009-09-11 00:00:00+08:00,7.208434581756591,7.208434581756591,7.208434581756591,7.208434581756592,0,0.0,0.0
2009-09-14 00:00:00+08:00,7.208434581756591,7.208434581756591,7.208434581756591,7.208434581756592,0,0.0,0.0
2009-09-15 00:00:00+08:00,7.208434581756591,7.208434581756591,7.208434581756591,7.208434581756592,0,0.0,0.0
2009-09-16 00:00:00+08:00,7.208434581756591,7.208434581756591,7.208434581756591,7.208434581756592,0,0.0,0.0
2009-09-17 00:00:00+08:00,7.208434581756591,7.208434581756591,7.208434581756591,7.208434581756592,0,0.0,0.0
2009-09-18 00:00:00+08:00,7.208434581756591,7.208434581756591,7.208434581756591,7.208434581756592,0,0.0,0.0
2009-09-21 00:00:00+08:00,7.208434581756591,7.208434581756591,7.208434581756591,7.208434581756592,0,0.0,0.0
2009-09-22 00:00:00+08:00,7.208434581756591,7.208434581756591,7.208434581756591,7.208434581756592,0,0.0,0.0
2009-09-23 00:00:00+08:00,7.208434581756591,7.208434581756591,7.208434581756591,7.208434581756592,0,0.0,0.0
2009-09-24 00:00:00+08:00,7.208434581756591,7.208434581756591,7.208434581756591,7.208434581756592,0,0.0,0.0
2009-09-25 00:00:00+08:00,7.208434581756591,7.208434581756591,7.208434581756591,7.208434581756592,0,0.0,0.0
2009-09-28 00:00:00+08:00,7.208434581756591,7.208434581756591,7.208434581756591,7.208434581756592,0,0.0,0.0
2009-09-29 00:00:00+08:00,7.208434581756591,7.208434581756591,7.208434581756591,7.208434581756592,0,0.0,0.0
2009-09-30 00:00:00+08:00,7.208434581756591,7.208434581756591,7.208434581756591,7.208434581756592,0,0.0,0.0
2009-10-01 00:00:00+08:00,7.208434581756591,7.208434581756591,7.208434581756591,7.208434581756592,0,0.0,0.0
2009-10-02 00:00:00+08:00,7.208434581756591,7.208434581756591,7.208434581756591,7.208434581756592,0,0.0,0.0
2009-10-05 00:00:00+08:00,7.208434581756591,7.208434581756591,7.208434581756591,7.208434581756592,0,0.0,0.0
2009-10-06 00:00:00+08:00,7.208434581756591,7.208434581756591,7.208434581756591,7.208434581756592,0,0.0,0.0
2009-10-07 00:00:00+08:00,7.208434581756591,7.208434581756591,7.208434581756591,7.208434581756592,0,0.0,0.0
2009-10-08 00:00:00+08:00,7.208434581756591,7.208434581756591,7.208434581756591,7.208434581756592,0,0.0,0.0
2009-10-09 00:00:00+08:00,7.208434581756591,7.208434581756591,7.208434581756591,7.208434581756592,0,0.0,0.0
2009-10-12 00:00:00+08:00,7.208434581756591,7.208434581756591,7.208434581756591,7.208434581756592,0,0.0,0.0
2009-10-13 00:00:00+08:00,7.208434581756591,7.208434581756591,7.208434581756591,7.208434581756592,0,0.0,0.0
2009-10-14 00:00:00+08:00,7.208434581756591,7.208434581756591,7.208434581756591,7.208434581756592,0,0.0,0.0
2009-10-15 00:00:00+08:00,7.208434581756591,7.208434581756591,7.208434581756591,7.208434581756592,0,0.0,0.0
2009-10-16 00:00:00+08:00,7.208434581756591,7.208434581756591,7.208434581756591,7.208434581756592,0,0.0,0.0
2009-10-19 00:00:00+08:00,7.208434581756591,7.208434581756591,7.208434581756591,7.208434581756592,0,0.0,0.0
2009-10-20 00:00:00+08:00,7.208434581756591,7.208434581756591,7.208434581756591,7.208434581756592,0,0.0,0.0
2009-10-21 00:00:00+08:00,7.208434581756591,7.208434581756591,7.208434581756591,7.208434581756592,0,0.0,0.0
2009-10-22 00:00:00+08:00,7.208434581756591,7.208434581756591,7.208434581756591,7.208434581756592,0,0.0,0.0
2009-10-23 00:00:00+08:00,7.208434581756591,7.208434581756591,7.208434581756591,7.208434581756592,0,0.0,0.0
2009-10-26 00:00:00+08:00,7.208434581756591,7.208434581756591,7.208434581756591,7.208434581756592,0,0.0,0.0
2009-10-27 00:00:00+08:00,7.208434581756591,7.208434581756591,7.208434581756591,7.208434581756592,0,0.0,0.0
2009-10-28 00:00:00+08:00,7.208434581756591,7.208434581756591,7.208434581756591,7.208434581756592,0,0.0,0.0
2009-10-29 00:00:00+08:00,7.208434581756591,7.208434581756591,7.208434581756591,7.208434581756592,0,0.0,0.0
2009-10-30 00:00:00+08:00,7.208434581756591,7.208434581756591,7.208434581756591,7.208434581756592,0,0.0,0.0
2009-11-02 00:00:00+08:00,7.208434581756591,7.208434581756591,7.208434581756591,7.208434581756592,0,0.0,0.0
2009-11-03 00:00:00+08:00,7.208434581756591,7.208434581756591,7.208434581756591,7.208434581756592,0,0.0,0.0
2009-11-04 00:00:00+08:00,7.208434581756591,7.208434581756591,7.208434581756591,7.208434581756592,0,0.0,0.0
2009-11-05 00:00:00+08:00,7.208434581756591,7.208434581756591,7.208434581756591,7.208434581756592,0,0.0,0.0
2009-11-06 00:00:00+08:00,7.208434581756591,7.208434581756591,7.208434581756591,7.208434581756592,0,0.0,0.0
2009-11-09 00:00:00+08:00,7.208434581756591,7.208434581756591,7.208434581756591,7.208434581756592,0,0.0,0.0
2009-11-10 00:00:00+08:00,7.208434581756591,7.208434581756591,7.208434581756591,7.208434581756592,0,0.0,0.0
2009-11-11 00:00:00+08:00,7.208434581756591,7.208434581756591,7.208434581756591,7.208434581756592,0,0.0,0.0
2009-11-12 00:00:00+08:00,7.208434581756591,7.208434581756591,7.208434581756591,7.208434581756592,0,0.0,0.0
2009-11-13 00:00:00+08:00,7.208434581756591,7.208434581756591,7.208434581756591,7.208434581756592,0,0.0,0.0
2009-11-16 00:00:00+08:00,7.208434581756591,7.208434581756591,7.208434581756591,7.208434581756592,0,0.0,0.0
2009-11-17 00:00:00+08:00,7.208434581756591,7.208434581756591,7.208434581756591,7.208434581756592,0,0.0,0.0
2009-11-18 00:00:00+08:00,7.208434581756591,7.208434581756591,7.208434581756591,7.208434581756592,0,0.0,0.0
2009-11-19 00:00:00+08:00,7.208434581756591,7.208434581756591,7.208434581756591,7.208434581756592,0,0.0,0.0
2009-11-20 00:00:00+08:00,7.208434581756591,7.208434581756591,7.208434581756591,7.208434581756592,0,0.0,0.0
2009-11-23 00:00:00+08:00,7.208434581756591,7.208434581756591,7.208434581756591,7.208434581756592,0,0.0,0.0
2009-11-24 00:00:00+08:00,7.208434581756591,7.208434581756591,7.208434581756591,7.208434581756592,0,0.0,0.0
2009-11-25 00:00:00+08:00,7.208434581756591,7.208434581756591,7.208434581756591,7.208434581756592,0,0.0,0.0
2009-11-26 00:00:00+08:00,7.208434581756591,7.208434581756591,7.208434581756591,7.208434581756592,0,0.0,0.0
2009-11-27 00:00:00+08:00,7.208434581756591,7.208434581756591,7.208434581756591,7.208434581756592,0,0.0,0.0
2009-11-30 00:00:00+08:00,7.208434581756591,7.208434581756591,7.208434581756591,7.208434581756592,0,0.0,0.0
2009-12-01 00:00:00+08:00,7.208434581756591,7.208434581756591,7.208434581756591,7.208434581756592,0,0.0,0.0
2009-12-02 00:00:00+08:00,7.208434581756591,7.208434581756591,7.208434581756591,7.208434581756592,0,0.0,0.0
2009-12-03 00:00:00+08:00,7.208434581756591,7.208434581756591,7.208434581756591,7.208434581756592,0,0.0,0.0
2009-12-04 00:00:00+08:00,7.208434581756591,7.208434581756591,7.208434581756591,7.208434581756592,0,0.0,0.0
2009-12-07 00:00:00+08:00,7.208434581756591,7.208434581756591,7.208434581756591,7.208434581756592,0,0.0,0.0
2009-12-08 00:00:00+08:00,7.208434581756591,7.208434581756591,7.208434581756591,7.208434581756592,0,0.0,0.0
2009-12-09 00:00:00+08:00,7.208434581756591,7.208434581756591,7.208434581756591,7.208434581756592,0,0.0,0.0
2009-12-10 00:00:00+08:00,7.208434581756591,7.208434581756591,7.208434581756591,7.208434581756592,0,0.0,0.0
2009-12-11 00:00:00+08:00,7.208434581756591,7.208434581756591,7.208434581756591,7.208434581756592,0,0.0,0.0
2009-12-14 00:00:00+08:00,7.208434581756591,7.208434581756591,7.208434581756591,7.208434581756592,0,0.0,0.0
2009-12-15 00:00:00+08:00,7.208434581756591,7.208434581756591,7.208434581756591,7.208434581756592,0,0.0,0.0
2009-12-16 00:00:00+08:00,7.208434581756591,7.208434581756591,7.208434581756591,7.208434581756592,0,0.0,0.0
2009-12-17 00:00:00+08:00,7.208434581756591,7.208434581756591,7.208434581756591,7.208434581756592,0,0.0,0.0
2009-12-18 00:00:00+08:00,7.208434581756591,7.208434581756591,7.208434581756591,7.208434581756592,0,0.0,0.0
2009-12-21 00:00:00+08:00,7.208434581756591,7.208434581756591,7.208434581756591,7.208434581756592,0,0.0,0.0
2009-12-22 00:00:00+08:00,7.208434581756591,7.208434581756591,7.208434581756591,7.208434581756592,0,0.0,0.0
2009-12-23 00:00:00+08:00,7.208434581756591,7.208434581756591,7.208434581756591,7.208434581756592,0,0.0,0.0
2009-12-24 00:00:00+08:00,7.208434581756591,7.208434581756591,7.208434581756591,7.208434581756592,0,0.0,0.0
2009-12-25 00:00:00+08:00,7.208434581756591,7.208434581756591,7.208434581756591,7.208434581756592,0,0.0,0.0
2009-12-28 00:00:00+08:00,7.208434581756591,7.208434581756591,7.208434581756591,7.208434581756592,0,0.0,0.0
2009-12-29 00:00:00+08:00,7.208434581756591,7.208434581756591,7.208434581756591,7.208434581756592,0,0.0,0.0
2009-12-30 00:00:00+08:00,7.208434581756591,7.208434581756591,7.208434581756591,7.208434581756592,0,0.0,0.0
2009-12-31 00:00:00+08:00,7.208434581756591,7.208434581756591,7.208434581756591,7.208434581756592,0,0.0,0.0
2010-01-04 00:00:00+08:00,7.208434581756591,7.208434581756591,7.208434581756591,7.208434581756592,0,0.0,0.0
2010-01-05 00:00:00+08:00,7.208434581756591,7.208434581756591,7.208434581756591,7.208434581756592,0,0.0,0.0
2010-01-06 00:00:00+08:00,7.208434581756591,7.208434581756591,7.208434581756591,7.208434581756592,0,0.0,0.0
2010-01-07 00:00:00+08:00,7.208434581756591,7.208434581756591,7.208434581756591,7.208434581756592,0,0.0,0.0
2010-01-08 00:00:00+08:00,7.208434581756591,7.208434581756591,7.208434581756591,7.208434581756592,0,0.0,0.0
2010-01-11 00:00:00+08:00,7.208434581756591,7.208434581756591,7.208434581756591,7.208434581756592,0,0.0,0.0
2010-01-12 00:00:00+08:00,7.208434581756591,7.208434581756591,7.208434581756591,7.208434581756592,0,0.0,0.0
2010-01-13 00:00:00+08:00,7.208434581756591,7.208434581756591,7.208434581756591,7.208434581756592,0,0.0,0.0
2010-01-14 00:00:00+08:00,7.208434581756591,7.208434581756591,7.208434581756591,7.208434581756592,0,0.0,0.0
2010-01-15 00:00:00+08:00,7.208434581756591,7.208434581756591,7.208434581756591,7.208434581756592,0,0.0,0.0
2010-01-18 00:00:00+08:00,7.208434581756591,7.208434581756591,7.208434581756591,7.208434581756592,0,0.0,0.0
2010-01-19 00:00:00+08:00,7.208434581756591,7.208434581756591,7.208434581756591,7.208434581756592,0,0.0,0.0
2010-01-20 00:00:00+08:00,7.208434581756591,7.208434581756591,7.208434581756591,7.208434581756592,0,0.0,0.0
2010-01-21 00:00:00+08:00,7.208434581756591,7.208434581756591,7.208434581756591,7.208434581756592,0,0.0,0.0
2010-01-22 00:00:00+08:00,7.208434581756591,7.208434581756591,7.208434581756591,7.208434581756592,0,0.0,0.0
2010-01-25 00:00:00+08:00,7.208434581756591,7.208434581756591,7.208434581756591,7.208434581756592,0,0.0,0.0
2010-01-26 00:00:00+08:00,7.208434581756591,7.208434581756591,7.208434581756591,7.208434581756592,0,0.0,0.0
2010-01-27 00:00:00+08:00,7.208434581756591,7.208434581756591,7.208434581756591,7.208434581756592,0,0.0,0.0
2010-01-28 00:00:00+08:00,7.208434581756591,7.208434581756591,7.208434581756591,7.208434581756592,0,0.0,0.0
2010-01-29 00:00:00+08:00,7.208434581756591,7.208434581756591,7.208434581756591,7.208434581756592,0,0.0,0.0
2010-02-01 00:00:00+08:00,7.208434581756591,7.208434581756591,7.208434581756591,7.208434581756592,0,0.0,0.0
2010-02-02 00:00:00+08:00,7.208434581756591,7.208434581756591,7.208434581756591,7.208434581756592,0,0.0,0.0
2010-02-03 00:00:00+08:00,7.208434581756591,7.208434581756591,7.208434581756591,7.208434581756592,0,0.0,0.0
2010-02-04 00:00:00+08:00,7.208434581756591,7.208434581756591,7.208434581756591,7.208434581756592,0,0.0,0.0
2010-02-05 00:00:00+08:00,7.208434581756591,7.208434581756591,7.208434581756591,7.208434581756592,0,0.0,0.0
2010-02-08 00:00:00+08:00,7.208434581756591,7.208434581756591,7.208434581756591,7.208434581756592,0,0.0,0.0
2010-02-09 00:00:00+08:00,7.208434581756591,7.208434581756591,7.208434581756591,7.208434581756592,0,0.0,0.0
2010-02-10 00:00:00+08:00,7.208434581756591,7.208434581756591,7.208434581756591,7.208434581756592,0,0.0,0.0
2010-02-22 00:00:00+08:00,28.627786019085555,28.696439157171525,27.735312400850866,27.872615814208984,1471,0.0,0.0
2010-02-23 00:00:00+08:00,27.87261426230055,28.38750274942868,27.838289126575653,28.181549072265625,714,0.0,0.0
2010-02-24 00:00:00+08:00,28.147214786534903,29.314294905815856,28.00991141149085,28.76508140563965,1793,0.0,0.0
2010-02-25 00:00:00+08:00,29.03968946105095,30.00081312956147,28.833735820633844,29.417274475097656,2844,0.0,0.0
2010-02-26 00:00:00+08:00,29.588910291120254,30.550037059736503,29.177000045776364,29.177000045776367,2725,0.0,0.0
2010-03-01 00:00:00+08:00,29.176996814461734,29.5889070141871,28.593458080554186,28.868064880371094,1452,0.0,0.0
2010-03-02 00:00:00+08:00,29.00536811667721,29.932166776535137,29.00536811667721,29.34862518310547,1278,0.0,0.0
2010-03-03 00:00:00+08:00,30.000822418746974,31.236556095123703,29.62324015060223,30.241104125976562,4696,0.0,0.0
2010-03-04 00:00:00+08:00,30.2410989884265,30.550033786443894,29.45160372040463,29.932167053222656,1394,0.0,0.0
2010-03-05 00:00:00+08:00,30.206772761180485,31.236549658355145,30.06946936574476,30.34407615661621,3078,0.0,0.0
2010-03-08 00:00:00+08:00,30.89329719543457,31.16790405259108,30.06947662396504,30.89329719543457,2048,0.0,0.0
2010-03-09 00:00:00+08:00,31.23655419675819,32.609588350605506,31.133575919516176,32.163352966308594,6686,0.0,0.0
2010-03-10 00:00:00+08:00,32.8841908747156,32.8841908747156,31.717113428197944,31.923067092895508,2861,0.0,0.0
2010-03-11 00:00:00+08:00,32.26632908260252,32.472282760479516,31.373855510965782,31.579809188842773,1896,0.0,0.0
2010-03-12 00:00:00+08:00,32.26632842456393,32.81554203812015,31.957393619828355,32.02604675292969,5306,0.0,0.0
2010-03-15 00:00:00+08:00,32.71256612783075,33.2274546433568,32.19767761230469,32.19767761230469,4687,0.0,0.0
2010-03-16 00:00:00+08:00,32.266329054247564,32.54093586638468,31.648462295532227,31.648462295532227,1582,0.0,0.0
2010-03-17 00:00:00+08:00,32.33497394752923,33.845314025878906,31.92306379783746,33.845314025878906,8464290,0.0,0.0
2010-03-18 00:00:00+08:00,34.32587794039638,36.17947523466524,33.91396774864924,34.94374465942383,14336713,0.0,0.0
2010-03-19 00:00:00+08:00,35.42430994892528,37.3465576171875,35.42430994892528,37.3465576171875,10319372,0.0,0.0
2010-03-22 00:00:00+08:00,37.3465576171875,37.3465576171875,37.3465576171875,37.3465576171875,0,0.0,0.0
2010-03-23 00:00:00+08:00,40.43589205656685,41.191059418004265,37.895774550051364,38.513641357421875,8588910,0.0,0.0
2010-03-24 00:00:00+08:00,38.51363570101986,39.337456081312155,37.758465587678515,38.307682037353516,7518712,0.0,0.0
2010-03-25 00:00:00+08:00,38.10172756419021,38.78824458476379,37.41521054361663,37.89577102661133,4903888,0.0,0.0
2010-03-26 00:00:00+08:00,37.483861331249926,39.95532550221522,37.483861331249926,38.99420166015625,8916856,0.0,0.0
2010-03-29 00:00:00+08:00,39.54341473880154,39.54341473880154,37.41521054361663,37.89577102661133,6218952,0.0,0.0
2010-03-30 00:00:00+08:00,37.96442063055369,38.925544370001795,36.38543019862513,36.86599349975586,5857118,0.0,0.0
2010-03-31 00:00:00+08:00,36.93464558324074,37.96442250049207,36.385431990790295,37.140602111816406,5068954,0.0,0.0
2010-04-01 00:00:00+08:00,37.209253410278,37.55251334647564,36.31677986641499,36.93464660644531,3396429,0.0,0.0
2010-04-02 00:00:00+08:00,37.07194575444942,38.788239512870106,36.9346423682883,38.650936126708984,7237772,0.0,0.0
2010-04-06 00:00:00+08:00,39.47476262662328,39.47476262662328,37.75846859937879,37.82712173461914,6014532,0.0,0.0
2010-04-07 00:00:00+08:00,37.82712195912294,38.44498872869838,37.209255189547505,37.27790832519531,3213872,0.0,0.0
2010-04-08 00:00:00+08:00,37.964422114158324,39.13150241764582,37.41520852729679,38.307682037353516,5256977,0.0,0.0
2010-04-09 00:00:00+08:00,38.44498850052754,38.65094218062121,37.41521151161811,37.82712173461914,2503322,0.0,0.0
2010-04-12 00:00:00+08:00,38.376336668358114,38.44498980592959,36.934649407495066,37.07195281982422,2277039,0.0,0.0
2010-04-13 00:00:00+08:00,37.07195126578472,37.964424839919054,36.17947769165039,36.17947769165039,2461782,0.0,0.0
2010-04-14 00:00:00+08:00,36.17947844466596,36.93464862794444,36.17947844466596,36.66004180908203,2074806,0.0,0.0
2010-04-15 00:00:00+08:00,37.89577123669099,38.994201338511616,37.3465576171875,37.3465576171875,6660586,0.0,0.0
2010-04-16 00:00:00+08:00,37.346553100209675,37.62115987674838,36.17947286851355,36.38542938232422,3777939,0.0,0.0
2010-04-19 00:00:00+08:00,35.01239033754863,36.385426992887915,33.84531304530793,33.98261642456055,4266579,0.0,0.0
2010-04-20 00:00:00+08:00,33.9826269975592,35.97352804755682,33.29610988770037,35.69892120361328,3879603,0.0,0.0
2010-04-21 00:00:00+08:00,35.6989153870783,36.660039184281786,35.6989153870783,35.9735221862793,2728512,0.0,0.0
2010-04-22 00:00:00+08:00,35.698912440977466,37.07194632367098,35.355652538897445,36.38542938232422,2954795,0.0,0.0
2010-04-23 00:00:00+08:00,36.728688091608475,38.10172489954592,36.728688091608475,37.209251403808594,4574849,0.0,0.0
2010-04-26 00:00:00+08:00,37.82712012406119,37.89577039356494,36.865996311313694,37.003299713134766,1886783,0.0,0.0
2010-04-27 00:00:00+08:00,37.27790550992901,38.10172589860468,37.07194898135335,37.140602111816406,2158978,0.0,0.0
2010-04-28 00:00:00+08:00,34.6004807280062,36.59138118896906,34.6004807280062,36.04216766357422,3122047,0.0,0.0
2010-04-29 00:00:00+08:00,36.04216778133975,36.66003443083435,35.49295425415039,35.49295425415039,2067154,0.0,0.0
2010-04-30 00:00:00+08:00,36.04217245467278,36.52273578468129,35.561611987477804,35.9735221862793,3935354,0.0,0.0
2010-05-03 00:00:00+08:00,35.767565254354665,36.31677884659748,33.63936115300703,34.32587814331055,2793008,0.0,0.0
2010-05-04 00:00:00+08:00,34.32587873553719,35.69891560264681,34.11992506629955,35.355655670166016,3630364,0.0,0.0
2010-05-05 00:00:00+08:00,34.1885775090711,35.14970137319374,34.1885775090711,34.531837463378906,1881317,0.0,0.0
2010-05-06 00:00:00+08:00,35.01239342686969,35.01239342686969,33.29610246618146,33.50205612182617,1544626,0.0,0.0
2010-05-07 00:00:00+08:00,31.923065997156755,32.60958296060686,31.167895905954953,32.403629302978516,3563681,0.0,0.0
2010-05-10 00:00:00+08:00,32.952845235010685,32.952845235010685,32.19767508969635,32.575260162353516,1716251,0.0,0.0
2010-05-11 00:00:00+08:00,33.021502415903235,33.84532586630582,32.95285213167796,33.15880584716797,2456316,0.0,0.0
2010-05-12 00:00:00+08:00,33.364762425472165,34.05127958179583,32.95285213167796,33.15880584716797,992583,0.0,0.0
2010-05-13 00:00:00+08:00,33.982617409109494,34.325874435779376,33.53637926650019,33.845314025878906,1270244,0.0,0.0
2010-05-14 00:00:00+08:00,33.639357661190836,33.77666104499924,32.952840742148815,33.227447509765625,1768723,0.0,0.0
2010-05-17 00:00:00+08:00,32.60958995425315,32.95284994100247,30.927623748779297,30.927623748779297,3422664,0.0,0.0
2010-05-18 00:00:00+08:00,30.961945567500674,31.339527790765658,28.902391593549247,29.69188690185547,3502465,0.0,0.0
2010-05-19 00:00:00+08:00,28.833745506522483,29.65756607055664,28.62778893410689,29.65756607055664,2814871,0.0,0.0
2010-05-20 00:00:00+08:00,29.65756260962077,30.275429391950503,28.833742141723633,28.833742141723633,2245338,0.0,0.0
2010-05-21 00:00:00+08:00,27.11744604495556,27.460703116220177,26.842836380004883,26.842836380004883,3017104,0.0,0.0
2010-05-24 00:00:00+08:00,26.08766889643767,27.460702896118164,25.401149033783888,27.460702896118164,6262678,0.0,0.0
2010-05-25 00:00:00+08:00,26.22497370698289,26.91149074374921,25.538456670216572,26.156320571899414,3047713,0.0,0.0
2010-05-26 00:00:00+08:00,26.293627664710137,27.048797942408694,26.019020811513222,26.430931091308594,2434453,0.0,0.0
2010-05-27 00:00:00+08:00,26.430925150564615,27.392051783540378,26.224971488365124,27.11744499206543,2403845,0.0,0.0
2010-05-28 00:00:00+08:00,27.460702050002393,28.14721902868976,27.11744499206543,27.11744499206543,3419385,0.0,0.0
2010-05-31 00:00:00+08:00,27.11744653915335,27.495031614676517,26.774186598819487,26.80851173400879,1518390,0.0,0.0
2010-06-01 00:00:00+08:00,26.808512332528867,27.323400823118128,26.49958038330078,26.49958038330078,1829939,0.0,0.0
2010-06-02 00:00:00+08:00,26.49958237156901,28.353179931640625,26.49958237156901,28.353179931640625,6295473,0.0,0.0
2010-06-03 00:00:00+08:00,29.074021728195024,30.309755325317383,29.039696590167694,30.309755325317383,6860633,0.0,0.0
2010-06-04 00:00:00+08:00,31.09924522540772,31.51115539797303,30.30975001228754,30.550031661987305,8356068,0.0,0.0
2010-06-07 00:00:00+08:00,29.108342470983196,32.60958010991079,29.108342470983196,32.26632308959961,9999078,0.0,0.0
2010-06-08 00:00:00+08:00,32.952839993035106,33.15879363265918,31.923063206475295,32.26632308959961,6799417,0.0,0.0
2010-06-09 00:00:00+08:00,32.197672352248546,32.60958252481386,30.55003166198731,30.550031661987305,5192481,0.0,0.0
2010-06-10 00:00:00+08:00,30.721661649917017,32.1633487540539,30.41272972146393,31.923067092895508,5439533,0.0,0.0
2010-06-11 00:00:00+08:00,32.678241209007645,32.7468914847034,31.717117309570312,31.717117309570312,4985874,0.0,0.0
2010-06-14 00:00:00+08:00,31.923069135722645,32.26632908260252,31.511158917154997,31.579809188842773,2390727,0.0,0.0
2010-06-15 00:00:00+08:00,31.785767526304262,31.854420664686494,30.618687076316917,30.790315628051758,3502465,0.0,0.0
2010-06-17 00:00:00+08:00,31.442501414166394,32.91851640414632,31.030591252827787,31.95738983154297,8826124,0.0,0.0
2010-06-18 00:00:00+08:00,32.3349767055132,32.81554001921609,31.717112859681972,32.231998443603516,4796759,0.0,0.0
2010-06-21 00:00:00+08:00,32.815545639165286,33.87964784790413,32.36930738207227,33.639366149902344,8028122,0.0,0.0
2010-06-22 00:00:00+08:00,33.50205612182617,34.25722620575461,33.36475273045858,33.50205612182617,3502465,0.0,0.0
2010-06-23 00:00:00+08:00,33.36475777695822,33.5363863264236,32.67824071628291,32.81554412841797,2313113,0.0,0.0
2010-06-24 00:00:00+08:00,33.09014831391591,33.433405385473655,32.129024505615234,32.129024505615234,2244244,0.0,0.0
2010-06-25 00:00:00+08:00,31.785759825788194,32.540929850973804,31.648456445101097,32.26632308959961,1800424,0.0,0.0
2010-06-28 00:00:00+08:00,32.26632308959961,32.26632308959961,32.26632308959961,32.26632308959961,0,0.0,0.0
2010-06-29 00:00:00+08:00,33.0901520123153,34.11992906771113,32.540938346187886,32.609588623046875,4082929,0.0,0.0
2010-06-30 00:00:00+08:00,32.12902910368308,33.15880332854351,32.12902910368308,32.472286224365234,4325610,0.0,0.0
2010-07-01 00:00:00+08:00,32.47228068250699,32.84986574106826,31.785763695492637,31.923067092895508,2580936,0.0,0.0
2010-07-02 00:00:00+08:00,32.78122095517774,32.78122095517774,31.78577178632606,31.888750076293945,1871479,0.0,0.0
2010-07-05 00:00:00+08:00,32.472277111602736,32.71255874633789,31.991713842132423,32.71255874633789,1972049,0.0,0.0
2010-07-06 00:00:00+08:00,32.54093579249381,33.055824279785156,32.26632898098025,33.055824279785156,2140395,0.0,0.0
2010-07-07 00:00:00+08:00,33.60503974982138,34.394535092018735,33.15880150947533,33.26177978515625,3782312,0.0,0.0
2010-07-08 00:00:00+08:00,33.63935577832122,33.98261565003581,32.67823214545862,32.95283889770508,3256505,0.0,0.0
2010-07-09 00:00:00+08:00,33.57329559326172,35.15889286331269,33.57329559326172,33.57329559326172,8470849,0.182957,0.0
2010-07-12 00:00:00+08:00,33.780113384460606,34.055869177411964,32.60814982702137,32.81496810913086,3353796,0.0,0.0
2010-07-13 00:00:00+08:00,33.29753630331935,33.711169955403804,32.814965146616665,32.84943389892578,3249946,0.0,0.0
2010-07-14 00:00:00+08:00,33.228603179147264,34.021401835519775,32.88390698624058,32.9873161315918,2815964,0.0,0.0
2010-07-15 00:00:00+08:00,33.09072509111748,33.43542128208847,32.746028900146484,32.746028900146484,2305461,0.0,0.0
2010-07-16 00:00:00+08:00,32.74602948127323,32.74602948127323,31.36725044250488,31.367250442504883,3148283,0.0,0.0
2010-07-19 00:00:00+08:00,31.36724807218795,31.36724807218795,29.781650860026524,29.988466262817383,3138444,0.0,0.0
2010-07-20 00:00:00+08:00,30.126346580591612,31.022554397583008,30.126346580591612,31.022554397583008,4289535,0.0,0.0
2010-07-21 00:00:00+08:00,31.367249548809806,31.91876114860384,30.677860049067263,30.746797561645508,3113302,0.0,0.0
2010-07-22 00:00:00+08:00,30.781265645013637,31.64300465694702,30.781265645013637,31.263839721679688,2427894,0.0,0.0
2010-07-23 00:00:00+08:00,31.643005729357476,31.987701920771293,31.229372024536133,31.229372024536133,2758027,0.0,0.0
2010-07-26 00:00:00+08:00,31.22936724933453,31.5395917618169,30.88467111062731,30.919139862060547,1242915,0.0,0.0
2010-07-27 00:00:00+08:00,31.09149482113424,31.229372725837607,30.471042812573035,30.712329864501953,1377373,0.0,0.0
2010-07-28 00:00:00+08:00,30.815735713386147,31.81534969679452,30.815735713386147,31.160429000854492,2325138,0.0,0.0
2010-07-29 00:00:00+08:00,31.229374444527565,31.367252356818963,30.781269073486328,30.781269073486328,1303039,0.0,0.0
2010-07-30 00:00:00+08:00,30.850198493664866,31.367241199544452,30.539974020053616,30.608911514282227,1248381,0.0,0.0
2010-08-02 00:00:00+08:00,30.98808247876848,31.160429123179224,29.953996862720373,30.195283889770508,3054272,0.0,0.0
2010-08-03 00:00:00+08:00,30.36762837273271,30.47103750193563,29.402483208019238,29.643770217895508,3187636,0.0,0.0
2010-08-04 00:00:00+08:00,29.64377640894547,30.81574007682731,28.954386861600923,30.6778621673584,3143910,0.0,0.0
2010-08-05 00:00:00+08:00,31.02256150524027,31.091501910708,29.712719674488323,29.781660079956055,1651755,0.0,0.0
2010-08-06 00:00:00+08:00,29.78165311686372,30.0918776819546,29.19566986916838,29.5748348236084,1749046,0.0,0.0
2010-08-09 00:00:00+08:00,29.678243665913726,29.919530713973398,29.161200812869314,29.368019104003906,1508552,0.0,0.0
2010-08-10 00:00:00+08:00,29.5748293907393,29.781647646002295,28.919908748795244,29.161195755004883,1576327,0.0,0.0
2010-08-11 00:00:00+08:00,29.161200836661873,29.471425398824802,27.851359324519603,28.16158676147461,2842200,0.0,0.0
2010-08-12 00:00:00+08:00,27.989237348873573,29.988468382736535,27.610075271154944,29.919530868530273,3763728,0.0,0.0
2010-08-13 00:00:00+08:00,29.919531416884425,30.81573924153583,29.436957309427786,29.74718475341797,3464204,0.0,0.0
2010-08-16 00:00:00+08:00,29.747182105360025,30.471040327315865,29.54036382777728,29.988466262817383,1660500,0.0,0.0
2010-08-17 00:00:00+08:00,30.884679794311523,31.78088770709911,30.884679794311523,30.884679794311523,5424229,0.0,0.0
2010-08-18 00:00:00+08:00,31.02255567355712,31.298311494005365,30.195288212212404,30.333166122436523,1908646,0.0,0.0
2010-08-19 00:00:00+08:00,30.333166122436523,31.02255567355712,29.988469909480106,30.333166122436523,2069340,0.0,0.0
2010-08-20 00:00:00+08:00,30.33315912108438,30.74679275628384,30.126340866088867,30.126340866088867,1398143,0.0,0.0
2010-08-23 00:00:00+08:00,30.333164732488438,30.50551139367314,29.54036606632988,29.5748348236084,1101899,0.0,0.0
2010-08-24 00:00:00+08:00,29.574834520346432,29.953999470898474,29.368019104003906,29.368019104003906,977279,0.0,0.0
2010-08-25 00:00:00+08:00,29.023323207983683,29.85059063142076,28.609689496265144,29.5748348236084,1785120,0.0,0.0
2010-08-26 00:00:00+08:00,29.71271241673197,29.988468221660042,28.402870905927614,28.471811294555664,1938161,0.0,0.0
2010-08-27 00:00:00+08:00,28.471808327460625,28.74756410365172,28.19605255126953,28.19605255126953,967441,0.0,0.0
2010-08-30 00:00:00+08:00,28.954382373190928,28.954382373190928,28.12711216982587,28.19605255126953,684314,0.0,0.0
2010-08-31 00:00:00+08:00,28.19605495367244,28.19605495367244,27.093028880134593,27.437725067138672,1611308,0.0,0.0
2010-09-01 00:00:00+08:00,27.575602582282844,27.885827133904254,26.88621309268417,26.955150604248047,1340206,0.0,0.0
2010-09-02 00:00:00+08:00,27.437726845071158,27.644545145633593,26.886215209960934,26.886215209960938,1438590,0.0,0.0
2010-09-03 00:00:00+08:00,27.506663313778674,28.7475643157959,27.299845042713244,28.7475643157959,1762164,0.0,0.0
2010-09-06 00:00:00+08:00,30.126345574481213,30.746797561645508,29.333546931079287,30.746797561645508,5669096,0.0,0.0
2010-09-07 00:00:00+08:00,31.298310206689266,32.02217136168728,31.022554397583008,31.022554397583008,9277597,0.0,0.0
2010-09-08 00:00:00+08:00,31.367250596361885,31.643006405468142,30.74679858847675,31.022554397583008,3698139,0.0,0.0
2010-09-09 00:00:00+08:00,31.57406939076643,31.57406939076643,30.53998643348028,30.884679794311523,2604985,0.0,0.0
2010-09-10 00:00:00+08:00,31.505123439072108,32.05663496867476,31.091489791870117,31.091489791870117,4586873,0.0,0.0
2010-09-13 00:00:00+08:00,31.50512203235249,32.78049454370633,31.367244156108143,32.19451141357422,7987675,0.0,0.0
2010-09-14 00:00:00+08:00,32.67709302851549,32.67709302851549,31.574066886867822,31.643007278442383,4311399,0.0,0.0
2010-09-15 00:00:00+08:00,31.71194056063729,31.71194056063729,31.02255111090879,31.160429000854492,2770052,0.0,0.0
2010-09-16 00:00:00+08:00,31.71193832026845,32.05663445817669,31.263835928300185,31.574060440063477,2803939,0.0,0.0
2010-09-17 00:00:00+08:00,32.02216613396125,32.64261804055553,31.71193874326829,31.746410369873047,5826510,0.0,0.0
2010-09-20 00:00:00+08:00,32.53921443261356,32.53921443261356,31.539597462053283,31.849824905395508,2557980,0.0,0.0
2010-09-21 00:00:00+08:00,32.332391224543166,34.05586621812356,31.711939306920883,33.43541717529297,12391992,0.0,0.0
2010-09-23 00:00:00+08:00,35.64146687058299,35.71040725708008,35.021014891277126,35.71040725708008,6869379,0.0,0.0
2010-09-24 00:00:00+08:00,36.39979395047057,37.84751320772059,36.19297568166695,36.60660934448242,20292215,0.0,0.0
2010-09-27 00:00:00+08:00,37.2270612761015,37.43387954490512,35.365708356036016,36.60660934448242,10316093,0.0,0.0
2010-09-28 00:00:00+08:00,36.88236349829549,37.22705963955096,35.91721832748845,36.19297409057617,6435397,0.0,0.0
2010-09-29 00:00:00+08:00,36.81343409474158,37.985397783119836,36.12404453534033,36.67555618286133,13081772,0.0,0.0
2010-09-30 00:00:00+08:00,36.675553257652865,38.467968843926954,36.60661286981522,37.29600524902344,11940520,0.0,0.0
2010-10-01 00:00:00+08:00,37.84751632587745,38.054331736928276,37.08918644417641,37.15812683105469,5463583,0.0,0.0
2010-10-04 00:00:00+08:00,37.571761405541984,38.605847109326085,35.57253038646235,35.98616409301758,8493805,0.0,0.0
2010-10-05 00:00:00+08:00,36.39979674809105,36.53767464629325,34.814199481369826,35.71040725708008,4638252,0.0,0.0
2010-10-06 00:00:00+08:00,36.39979674809105,37.4338824220035,35.5035889723808,35.71040725708008,5800274,0.0,0.0
2010-10-07 00:00:00+08:00,35.91722266698738,36.46873425979616,35.5035889723808,35.71040725708008,2627941,0.0,0.0
2010-10-08 00:00:00+08:00,36.12403881386958,36.606609991622754,35.503586871282,35.77934265136719,3120954,0.0,0.0
2010-10-11 00:00:00+08:00,35.77934476878519,36.74449005620055,35.57252935887789,35.71040725708008,3556029,0.0,0.0
2010-10-12 00:00:00+08:00,35.710401791167335,36.81342480795376,35.57252391406903,36.26191329956055,4495048,0.0,0.0
2010-10-13 00:00:00+08:00,36.88237134668923,38.19221293747982,36.60661552492198,37.64070129394531,13263236,0.0,0.0
2010-10-14 00:00:00+08:00,37.640693184940766,37.640693184940766,36.261914373137365,36.53767013549805,5248231,0.0,0.0
2010-10-15 00:00:00+08:00,36.39979541471576,37.227062773624965,33.98693084716797,33.98693084716797,8367000,0.0,0.0
2010-10-18 00:00:00+08:00,33.78010994106531,33.98692820209266,32.056634973406794,33.91798782348633,5213250,0.0,0.0
2010-10-19 00:00:00+08:00,33.780114112497756,34.05586991139227,33.09072461526148,33.19413375854492,1738114,0.0,0.0
2010-10-20 00:00:00+08:00,32.91837710809842,33.98693448798068,32.84943959153374,33.74564743041992,2442105,0.0,0.0
2010-10-21 00:00:00+08:00,33.84905554840856,34.2626892595665,33.435421837250615,33.46989059448242,1325995,0.0,0.0
2010-10-22 00:00:00+08:00,33.53882740404006,34.090339007325866,33.09072494506836,33.09072494506836,2021241,0.0,0.0
2010-10-25 00:00:00+08:00,33.194130476003785,33.74564201925427,32.539209799695904,33.332008361816406,2076992,0.0,0.0
2010-10-26 00:00:00+08:00,33.504357428604266,34.262687292929314,33.46988867335093,33.780113220214844,3129699,0.0,0.0
2010-10-27 00:00:00+08:00,33.917986513917285,34.05586439101485,33.400943756103516,33.400943756103516,1105178,0.0,0.0
2010-10-28 00:00:00+08:00,33.78011567603945,34.26268978383721,33.5732973798998,33.60776901245117,1992819,0.0,0.0
2010-10-29 00:00:00+08:00,33.642232058644296,33.91798782348633,33.0217801503539,33.91798782348633,1355510,0.0,0.0
2010-11-01 00:00:00+08:00,34.193748683808124,34.228220315644,33.22860336303711,33.22860336303711,1639730,0.0,0.0
2010-11-02 00:00:00+08:00,32.98731319872887,33.19413147104333,31.057022739489074,31.160429000854492,4195524,0.0,0.0
2010-11-03 00:00:00+08:00,30.40210207682535,31.160429034960817,28.98885154724121,28.98885154724121,5533545,0.0,0.0
2010-11-04 00:00:00+08:00,28.988861228437393,29.885069250761266,28.50628701454159,29.781660079956055,2327324,0.0,0.0
2010-11-05 00:00:00+08:00,30.608918767958368,30.608918767958368,29.678242251782418,29.816120147705078,1526042,0.0,0.0
2010-11-08 00:00:00+08:00,29.678242251782418,29.816120147705078,29.023321527451788,29.816120147705078,2799,0.0,0.0
2010-11-09 00:00:00+08:00,29.98847250485508,30.539987068275035,29.98847250485508,30.402109146118164,1592725,0.0,0.0
2010-11-10 00:00:00+08:00,30.677864352771262,31.367253949226168,30.126349800814918,30.884679794311523,1965490,0.0,0.0
2010-11-11 00:00:00+08:00,31.64300516056114,31.987701345778895,31.12596232013051,31.711942672729492,3160307,0.0,0.0
2010-11-12 00:00:00+08:00,31.574065520153663,31.574065520153663,30.574451446533203,30.574451446533203,2454130,0.0,0.0
2010-11-15 00:00:00+08:00,30.402104787245275,31.160431812987397,30.091877350776524,30.574451446533203,930273,0.0,0.0
2010-11-16 00:00:00+08:00,30.6778621673584,31.229373805234037,30.6778621673584,30.6778621673584,650426,0.0,0.0
2010-11-17 00:00:00+08:00,30.333164398654862,30.884676008209887,30.333164398654862,30.574451446533203,682128,0.0,0.0
2010-11-18 00:00:00+08:00,30.67785188330209,30.953607609799032,30.471033651033753,30.608911514282227,416491,0.0,0.0
2010-11-19 00:00:00+08:00,30.884676683541716,30.98808583129247,30.333165061927204,30.367633819580078,861405,0.0,0.0
2010-11-22 00:00:00+08:00,30.402102817982872,30.712327359565105,29.505895073110786,29.988466262817383,977279,0.0,0.0
2010-11-23 00:00:00+08:00,30.195277924536807,30.953607609799032,29.988459692268474,30.608911514282227,1397050,0.0,0.0
2010-11-24 00:00:00+08:00,30.26421480246959,30.53997339814228,30.09186819561645,30.160808563232422,642774,0.0,0.0
2010-11-25 00:00:00+08:00,29.953996634094462,31.91875871463132,29.953996634094462,31.815349578857422,5261349,0.0,0.0
2010-11-26 00:00:00+08:00,33.40095095136757,33.60776924896268,32.60815226857323,32.64262390136719,7704548,0.0,0.0
2010-11-29 00:00:00+08:00,33.090725276943004,33.435421469849686,32.470273279627804,32.9873161315918,3392056,0.0,0.0
2010-11-30 00:00:00+08:00,32.746023342949705,34.33162037770524,32.608145464918415,33.64223098754883,8749603,0.0,0.0
2010-12-01 00:00:00+08:00,34.46950181979837,35.15889128123597,34.159277280849416,34.366092681884766,6826746,0.0,0.0
2010-12-02 00:00:00+08:00,35.296765991846016,35.36570636917137,34.12480545043945,34.12480545043945,4913726,0.0,0.0
2010-12-03 00:00:00+08:00,33.090723930939724,34.12480959280508,33.090723930939724,34.021400451660156,4356218,0.0,0.0
2010-12-06 00:00:00+08:00,34.021395406691,34.021395406691,33.1596565246582,33.1596565246582,2679320,0.0,0.0
2010-12-07 00:00:00+08:00,33.09072561090493,33.573296836094066,32.6081515109237,32.883907318115234,2501136,0.0,0.0
2010-12-08 00:00:00+08:00,32.88390476822307,33.366478830784416,32.74602687531867,32.78049850463867,1286642,0.0,0.0
2010-12-09 00:00:00+08:00,32.883903076831594,33.60776413344165,32.40133191388328,33.332008361816406,3985639,0.0,0.0
2010-12-10 00:00:00+08:00,33.2286035145007,33.67670598248891,32.883907318115234,32.883907318115234,1674711,0.0,0.0
2010-12-13 00:00:00+08:00,32.88390561997272,33.19413304313696,32.74602772349704,32.81496810913086,1522763,0.0,0.0
2010-12-14 00:00:00+08:00,32.814966926739096,34.1937458418156,32.814966926739096,33.504356384277344,5287585,0.0,0.0
2010-12-15 00:00:00+08:00,34.05587025081851,34.05587025081851,32.95284704424691,33.09072494506836,1757791,0.0,0.0
2010-12-16 00:00:00+08:00,33.09072456693436,33.4354207524451,32.608150482177734,32.608150482177734,2078085,0.0,0.0
2010-12-17 00:00:00+08:00,32.81496738535999,33.19413231100319,32.4358024597168,32.4358024597168,1491061,0.0,0.0
2010-12-20 00:00:00+08:00,32.60814698604917,33.22859890352906,32.504737854003906,32.504737854003906,1477944,0.0,0.0
2010-12-21 00:00:00+08:00,32.539206991701434,32.81496273953013,32.05663299560547,32.05663299560547,1696574,0.0,0.0
2010-12-22 00:00:00+08:00,32.125570495166905,32.64261611583506,31.918755121691117,32.05663299560547,2891,0.0,0.0
2010-12-23 00:00:00+08:00,32.125582187364415,32.60815635909463,31.95323550094328,31.987707138061523,3213872,0.0,0.0
2010-12-24 00:00:00+08:00,32.33239519585652,33.71117421015639,32.33239519585652,32.746028900146484,9199983,0.0,0.0
2010-12-27 00:00:00+08:00,32.67708908442495,32.81496697614016,31.953227996826172,31.953227996826172,2764586,0.0,0.0
2010-12-28 00:00:00+08:00,31.95323206533503,32.22898788387662,30.850208791168658,30.988086700439453,3570240,0.0,0.0
2010-12-29 00:00:00+08:00,30.98808812653053,30.98808812653053,29.88506480160234,30.26422691345215,3336305,0.0,0.0
2010-12-30 00:00:00+08:00,29.88505988174048,30.367631069556566,29.88505988174048,30.022937774658203,1870386,0.0,0.0
2010-12-31 00:00:00+08:00,30.022937245359763,30.608917561231387,30.022937245359763,30.195283889770508,1530415,0.0,0.0
2011-01-03 00:00:00+08:00,30.195293888384125,30.539990166137237,29.781660079956055,29.781660079956055,1316157,0.0,0.0
2011-01-04 00:00:00+08:00,29.98846886102207,30.884676683541716,29.850590955618443,30.367633819580078,2116345,0.0,0.0
2011-01-05 00:00:00+08:00,30.884672800205678,30.884672800205678,29.919527583734435,30.057405471801758,1816821,0.0,0.0
2011-01-06 00:00:00+08:00,30.091873168945312,30.471038066520318,30.05740441683622,30.091873168945312,866871,0.0,0.0
2011-01-07 00:00:00+08:00,30.126348953054787,30.33316726356757,29.161203545177262,29.402490615844727,1655035,0.0,0.0
2011-01-10 00:00:00+08:00,29.436953547809832,29.643771817374898,28.506277084350586,28.506277084350586,1395957,0.0,0.0
2011-01-11 00:00:00+08:00,28.506275930752043,29.23013697014462,28.333929296283568,28.885440826416016,917156,0.0,0.0
2011-01-12 00:00:00+08:00,29.092260683511622,29.264607327434437,28.95438279341501,28.98885154724121,879988,0.0,0.0
2011-01-13 00:00:00+08:00,29.126729229554666,29.299075872247997,28.50627729115016,28.7475643157959,1499807,0.0,0.0
2011-01-14 00:00:00+08:00,28.74756709948373,28.98885414749381,28.264993003463577,28.471811294555664,1201376,0.0,0.0
2011-01-17 00:00:00+08:00,28.471810796712703,30.436573028564453,28.471810796712703,30.436573028564453,4355125,0.0,0.0
2011-01-18 00:00:00+08:00,30.677860072355514,31.29830918519879,30.436573028564453,30.436573028564453,6792858,0.0,0.0
2011-01-19 00:00:00+08:00,30.4365698528104,31.160428033864143,29.953995815580093,30.229751586914062,2946049,0.0,0.0
2011-01-20 00:00:00+08:00,30.22975087077224,31.84981958246959,29.747179719765747,31.091489791870117,7518712,0.0,0.0
2011-01-21 00:00:00+08:00,30.953615691227018,33.09072456693436,30.746797404962177,32.608150482177734,12387620,0.0,0.0
2011-01-24 00:00:00+08:00,34.05586610287002,34.124806482279936,32.539209378560365,32.84943389892578,11040854,0.0,0.0
2011-01-25 00:00:00+08:00,32.84943204443274,33.021778671040295,32.19451141357422,32.19451141357422,3475136,0.0,0.0
2011-01-26 00:00:00+08:00,32.332390649862575,32.60814641395078,31.74641036987305,31.746410369873047,2154606,0.0,0.0
2011-01-27 00:00:00+08:00,31.74641430360567,32.5392129422937,31.711942672729492,31.711942672729492,1882411,0.0,0.0
2011-01-28 00:00:00+08:00,31.849824905395508,32.02217156850199,31.436188314272542,31.849824905395508,1611308,0.0,0.0
2011-02-08 00:00:00+08:00,32.19451449350051,32.40133276504831,31.43618466421433,31.815349578857422,1496527,0.0,0.0
2011-02-09 00:00:00+08:00,31.71194164862853,32.19451571739081,30.539980981277697,30.815736770629883,2866249,0.0,0.0
2011-02-10 00:00:00+08:00,30.677860773551696,31.22937238637016,29.436956769918076,29.919530868530273,2437733,0.0,0.0
2011-02-11 00:00:00+08:00,29.988468382736535,30.64338914165648,29.505897158916426,29.919530868530273,1323809,0.0,0.0
2011-02-14 00:00:00+08:00,30.67785887595379,31.470654614247394,30.539980981277697,30.815736770629883,2202705,0.0,0.0
2011-02-15 00:00:00+08:00,31.022552175248066,31.574063753952437,30.643387246190834,30.815736770629883,1581793,0.0,0.0
2011-02-16 00:00:00+08:00,30.815735713386147,31.53959391690312,30.815735713386147,31.160429000854492,1437497,0.0,0.0
2011-02-17 00:00:00+08:00,31.436181125595155,32.95284061344448,31.367243626033716,32.05663299560547,6155549,0.0,0.0
2011-02-18 00:00:00+08:00,32.74602228315512,33.60776114905494,32.26345116305937,33.36647415161133,9323509,0.0,0.0
2011-02-21 00:00:00+08:00,33.81458315539077,34.29715724494413,33.36648069708552,33.71117401123047,8025935,0.0,0.0
2011-02-22 00:00:00+08:00,33.02178455726162,33.64223654835416,32.74602875561872,33.09072494506836,4126656,0.0,0.0
2011-02-23 00:00:00+08:00,33.090725792170815,34.81420103395487,32.95284788781978,33.12519454956055,9006495,0.0,0.0
2011-02-24 00:00:00+08:00,33.71117401123047,33.986932687255276,32.677091194003594,33.71117401123047,5378317,0.0,0.0
2011-02-25 00:00:00+08:00,34.12480692393691,34.12480692393691,33.09072134294639,33.332008361816406,2703369,0.0,0.0
2011-03-01 00:00:00+08:00,33.64223621663745,34.814199799460084,33.43542080484052,34.40056610107422,7060681,0.0,0.0
2011-03-02 00:00:00+08:00,33.98692820209266,34.81419549661875,33.78010994106531,33.91798782348633,3845715,0.0,0.0
2011-03-03 00:00:00+08:00,34.33162169036247,34.67631783601579,33.64223227384749,34.15927505493164,5567432,0.0,0.0
2011-03-04 00:00:00+08:00,34.745260389810504,36.26192020135174,34.46950458312884,35.29677200317383,13774832,0.0,0.0
2011-03-07 00:00:00+08:00,35.434650277050004,36.81342921301651,35.434650277050004,36.39979553222656,8391049,0.0,0.0
2011-03-08 00:00:00+08:00,36.53767069800206,37.020244726958374,34.09033467588431,34.15927505493164,6405881,0.0,0.0
2011-03-09 00:00:00+08:00,34.26268768310547,35.02101468127425,33.71117321881186,34.26268768310547,4547520,0.0,0.0
2011-03-10 00:00:00+08:00,34.262686102240586,34.745257283392924,33.46988751021334,33.84905242919922,2758027,0.0,0.0
2011-03-11 00:00:00+08:00,33.228601636993695,34.124809397124025,33.090723741188405,33.780113220214844,1269151,0.0,0.0
2011-03-14 00:00:00+08:00,33.676705304861514,33.676705304861514,31.711943062061824,33.09072494506836,2955888,0.0,0.0
2011-03-15 00:00:00+08:00,32.88390939202431,33.056258938482756,30.781269073486328,30.781269073486328,4864534,0.0,0.0
2011-03-16 00:00:00+08:00,31.36724715578452,31.470653416762964,29.50589421108733,31.194900512695312,2589681,0.0,0.0
2011-03-17 00:00:00+08:00,29.850591835752727,31.194905046564863,29.850591835752727,30.6778621673584,1339113,0.0,0.0
2011-03-18 00:00:00+08:00,30.988083824734165,32.81496810913086,30.988083824734165,32.81496810913086,4260020,0.0,0.0
2011-03-21 00:00:00+08:00,32.95284717640918,34.33162619015347,32.95284717640918,33.95246124267578,4389012,0.0,0.0
2011-03-22 00:00:00+08:00,34.124809397124025,34.33162480343599,33.71117283491623,33.780113220214844,1789492,0.0,0.0
2011-03-23 00:00:00+08:00,33.7111717841429,34.05586795030795,33.1596602181123,33.504356384277344,1059266,0.0,0.0
2011-03-24 00:00:00+08:00,34.33162307739258,34.67631923697195,33.9179894107724,34.33162307739258,3235735,0.0,0.0
2011-03-25 00:00:00+08:00,34.60738059504657,35.43465084467023,33.780113220214844,33.780113220214844,5977365,0.0,0.0
2011-03-28 00:00:00+08:00,34.12481078923841,34.12481078923841,32.746028900146484,32.746028900146484,1659407,0.0,0.0
2011-03-29 00:00:00+08:00,32.74602312119218,33.57329038377759,32.74602312119218,33.400943756103516,1998285,0.0,0.0
2011-03-30 00:00:00+08:00,33.883520545215895,35.02101240596231,33.745642656798395,34.67631912231445,3663158,0.0,0.0
2011-03-31 00:00:00+08:00,35.15888811198692,35.15888811198692,34.09033382438098,34.12480545043945,2164444,0.0,0.0
2011-04-01 00:00:00+08:00,34.22821681683137,34.67631923697195,33.883520657252,34.33162307739258,1219959,0.0,0.0
2011-04-06 00:00:00+08:00,34.745262651648474,35.29677430091396,34.15928224300196,34.883140563964844,3530887,0.0,0.0
2011-04-07 00:00:00+08:00,34.469504278364646,34.67632256894334,33.849055156212685,34.193748474121094,3776846,0.0,0.0
2011-04-08 00:00:00+08:00,34.74525782210547,34.95207609922871,33.43541927456183,33.98693084716797,4851417,0.0,0.0
2011-04-11 00:00:00+08:00,33.91798572435704,33.98692609869676,32.952840607141205,33.02177810668945,1929416,0.0,0.0
2011-04-12 00:00:00+08:00,32.95284117031388,33.021778671040295,31.436181656834556,32.19451141357422,3031315,0.0,0.0
2011-04-13 00:00:00+08:00,32.19451333265981,32.74602487051229,31.780879679270445,32.504737854003906,1900994,0.0,0.0
2011-04-14 00:00:00+08:00,32.74602487051229,32.952843134602816,32.297922464705074,32.504737854003906,1373001,0.0,0.0
2011-04-15 00:00:00+08:00,32.50473996903817,33.228601065663874,32.36686207560354,32.4358024597168,2290157,0.0,0.0
2011-04-18 00:00:00+08:00,32.5392129422937,32.74602835359076,31.711942672729492,31.711942672729492,1312877,0.0,0.0
2011-04-19 00:00:00+08:00,31.29830949773559,33.09072509111748,31.160431596305603,32.746028900146484,3511210,0.0,0.0
2011-04-20 00:00:00+08:00,33.36648069708552,34.745259703249374,33.15966240876493,33.71117401123047,5864770,0.0,0.0
2011-04-21 00:00:00+08:00,34.46950458312884,35.779346102262785,34.400567068854464,35.29677200317383,12271745,0.0,0.0
2011-04-22 00:00:00+08:00,35.84828476677107,36.53767425031068,34.88313661502367,35.22783279418945,7761392,0.0,0.0
2011-04-25 00:00:00+08:00,35.22783067598444,35.22783067598444,33.780111410204825,34.67631912231445,3947378,0.0,0.0
2011-04-26 00:00:00+08:00,33.50435511967341,34.88313398270864,33.50435511967341,34.5384407043457,2460689,0.0,0.0
2011-04-27 00:00:00+08:00,35.02101186901217,35.36570802216684,33.81457964515841,34.5384407043457,3515582,0.0,0.0
2011-04-28 00:00:00+08:00,33.95245958918386,35.503588060199945,33.95245958918386,35.0899543762207,4049042,0.0,0.0
2011-04-29 00:00:00+08:00,35.57252844492577,36.261917918224505,34.538442797581716,35.0899543762207,5507309,0.0,0.0
2011-05-03 00:00:00+08:00,35.15889217826772,35.50358835517691,33.36647953279898,33.780113220214844,4093861,0.0,0.0
2011-05-04 00:00:00+08:00,33.435416051143946,34.1937429529732,33.09071991410039,34.12480545043945,1764350,0.0,0.0
2011-05-05 00:00:00+08:00,33.98693254080978,36.46873474121094,33.91799215340263,36.46873474121094,9769516,0.0,0.0
2011-05-06 00:00:00+08:00,36.46873474121094,36.67555302864038,35.365711541032645,36.46873474121094,6135872,0.0,0.0
2011-05-09 00:00:00+08:00,36.882366722418894,37.15812538440408,35.91722146724234,36.39979553222656,5488725,0.0,0.0
2011-05-10 00:00:00+08:00,35.98616305348447,36.39979674809105,35.5035889723808,35.71040725708008,2101041,0.0,0.0
2011-05-11 00:00:00+08:00,36.53767150893054,36.53767150893054,34.88313399778161,35.15888977050781,1840871,0.0,0.0
2011-05-12 00:00:00+08:00,35.15888373470882,35.71039806027334,34.60737228393555,34.60737228393555,3392056,0.0,0.0
2011-05-13 00:00:00+08:00,34.6073793863511,35.29676884129996,34.26268609627258,34.46950149536133,1755605,0.0,0.0
2011-05-16 00:00:00+08:00,34.60737228393555,34.95206837806447,34.53843478998451,34.60737228393555,955416,0.0,0.0
2011-05-17 00:00:00+08:00,34.60738030751563,35.36571016554019,34.60738030751563,35.0899543762207,1352231,0.0,0.0
2011-05-18 00:00:00+08:00,35.50358911089833,36.399796890105144,35.15889292665202,35.3657112121582,2639966,0.0,0.0
2011-05-19 00:00:00+08:00,35.77933555422438,35.77933555422438,34.22821031762235,34.60737228393555,1977515,0.0,0.0
2011-05-20 00:00:00+08:00,34.607377756102615,34.88313352509214,33.09072102666021,33.43541717529297,2220195,0.0,0.0
2011-05-23 00:00:00+08:00,32.40133426216197,33.91799111602013,32.40133426216197,33.780113220214844,1167488,0.0,0.0
2011-05-24 00:00:00+08:00,33.78011216729264,33.78011216729264,33.1596602181123,33.504356384277344,937926,0.0,0.0
2011-05-25 00:00:00+08:00,33.78011216729264,34.1937458418156,33.504356384277344,33.504356384277344,685407,0.0,0.0
2011-05-26 00:00:00+08:00,33.952457546132756,35.36570803744833,33.952457546132756,35.15888977050781,2322952,0.0,0.0
2011-05-27 00:00:00+08:00,35.29676884129996,35.57252749807133,34.46950149536133,34.46950149536133,1242915,0.0,0.0
2011-05-30 00:00:00+08:00,34.297155803545124,34.469502453374425,32.056637856596595,32.332393646240234,7000557,0.0,0.0
2011-05-31 00:00:00+08:00,32.332393646240234,32.332393646240234,30.884674313215157,32.332393646240234,8239101,0.0,0.0
2011-06-01 00:00:00+08:00,32.125570418564706,32.74602228709558,31.849817546185,32.401329040527344,6799417,0.0,0.0
2011-06-02 00:00:00+08:00,32.401330841883315,33.02177987011666,32.09110345297502,32.125572204589844,4524564,0.0,0.0
2011-06-03 00:00:00+08:00,32.19451733578594,32.33239523739306,30.9536162213219,31.229372024536133,5519334,0.0,0.0
2011-06-07 00:00:00+08:00,31.229369503958857,31.298307011802322,30.2642213958158,30.505508422851562,4889677,0.0,0.0
2011-06-08 00:00:00+08:00,30.608919661697,31.298309161439544,30.608919661697,30.746797561645508,3068483,0.0,0.0
2011-06-09 00:00:00+08:00,31.022555503634564,31.229373805234037,30.6778621673584,30.6778621673584,1424379,0.0,0.0
2011-06-10 00:00:00+08:00,31.022552306750192,31.022552306750192,30.33316283044746,30.471040725708008,1193724,0.0,0.0
2011-06-13 00:00:00+08:00,30.26421709573632,30.402097841416158,29.71270561218262,29.712705612182617,1565396,0.0,0.0
2011-06-14 00:00:00+08:00,29.85058560150973,30.19528174058892,29.643770217895508,29.643770217895508,1521670,0.0,0.0
2011-06-15 00:00:00+08:00,29.988465616644156,30.608917561231387,29.78165021830963,30.195283889770508,1898808,0.0,0.0
2011-06-16 00:00:00+08:00,30.195284678974808,30.195284678974808,29.299076929989774,29.333545684814453,1435311,0.0,0.0
2011-06-17 00:00:00+08:00,29.574839561707194,29.678248724901735,29.230146184115476,29.299083709716797,737878,0.0,0.0
2011-06-20 00:00:00+08:00,29.43695887363335,29.64377718061661,27.265381024270607,27.506668090820312,2998521,0.0,0.0
2011-06-21 00:00:00+08:00,27.575604790986084,28.058178909753536,25.61084243216573,25.990007400512695,5501843,0.0,0.0
2011-06-22 00:00:00+08:00,26.231292503938484,26.265761259911052,24.197592779677105,25.09379768371582,6277982,0.0,0.0
2011-06-23 00:00:00+08:00,24.783571901236108,24.783571901236108,23.439261737057183,23.9563045501709,5822137,0.0,0.0
2011-06-24 00:00:00+08:00,24.128650552396987,24.8180399932214,23.783955831984777,24.473346710205078,6267051,0.0,0.0
2011-06-27 00:00:00+08:00,24.09418045044897,24.921447733134286,24.09418045044897,24.611223220825195,1657221,0.0,0.0
2011-06-28 00:00:00+08:00,24.886981231630465,25.50743031234041,24.81804084777832,24.81804084777832,1976422,0.0,0.0
2011-06-29 00:00:00+08:00,25.093796975166388,25.231677744747437,24.197592096432953,24.404407501220703,1662687,0.0,0.0
2011-06-30 00:00:00+08:00,24.40440496275806,24.955916484548272,24.40440496275806,24.611223220825195,1439683,0.0,0.0
2011-07-01 00:00:00+08:00,24.74910195793032,25.0937952335845,24.645692825317383,24.645692825317383,1306318,0.0,0.0
2011-07-04 00:00:00+08:00,24.886983392586636,24.95592090763281,24.438880920410156,24.438880920410156,906224,0.0,0.0
2011-07-05 00:00:00+08:00,24.68016242980957,25.128267728335647,24.645693676012737,24.68016242980957,1539160,0.0,0.0
2011-07-06 00:00:00+08:00,24.818039292171708,26.265758514404297,24.818039292171708,26.265758514404297,5325845,0.0,0.0
2011-07-07 00:00:00+08:00,26.4036413005945,26.541519210462138,25.645314233718597,26.231294631958008,3334119,0.0,0.0
2011-07-08 00:00:00+08:00,26.644923108987964,27.4377216531388,26.472576474326548,26.679391860961914,4798945,0.0,0.0
2011-07-11 00:00:00+08:00,27.230909678580314,27.368787578544104,25.507431616844936,25.92106819152832,4284070,0.0,0.0
2011-07-12 00:00:00+08:00,25.162735168691555,25.50742843825126,24.128649610429118,24.163118362426758,2799567,0.0,0.0
2011-07-13 00:00:00+08:00,24.197589989216056,24.74910152034491,23.85289384486469,24.163118362426758,1723903,0.0,0.0
2011-07-14 00:00:00+08:00,24.26652894595692,24.61122511094395,22.54305387060546,23.232444763183594,2186307,0.0,0.0
2011-07-15 00:00:00+08:00,23.23244631632811,23.887365623836182,22.81881261556638,23.646080017089844,1463733,0.0,0.0
2011-07-18 00:00:00+08:00,23.646079995884325,23.646079995884325,22.7498722076416,22.7498722076416,1306318,0.0,0.0
2011-07-19 00:00:00+08:00,22.370707027564244,23.094566667798574,21.164274772972323,22.99115753173828,8295945,0.0,0.0
2011-07-20 00:00:00+08:00,23.025628047417367,23.577139614456275,22.646463126380155,22.88774871826172,8557208,0.0,0.0
2011-07-21 00:00:00+08:00,22.749874688798798,23.71502153236794,22.40517990087988,23.301387786865234,6478030,0.0,0.0
2011-07-22 00:00:00+08:00,23.783956789835518,24.61122558953728,23.7150178429767,23.852895736694336,6341385,0.0,0.0
2011-07-25 00:00:00+08:00,23.852892788848916,23.990770665527,23.163503405458506,23.404788970947266,2702276,0.0,0.0
2011-07-26 00:00:00+08:00,23.404791935990666,23.680547724281038,23.266914041845478,23.370323181152344,1744673,0.0,0.0
2011-07-27 00:00:00+08:00,23.439259652216073,23.990771170537833,23.30138177263563,23.715015411376953,1661593,0.0,0.0
2011-07-28 00:00:00+08:00,23.370319639651644,23.577136449528737,22.95668601989746,22.95668601989746,1365349,0.0,0.0
2011-07-29 00:00:00+08:00,23.02562756931855,23.163505458215415,21.50896935405717,21.957073211669922,1977515,0.0,0.0
2011-08-01 00:00:00+08:00,22.336236687438348,22.749870354128934,21.957073211669922,21.957073211669922,1416727,0.0,0.0
2011-08-02 00:00:00+08:00,21.784727653325607,21.922605558181157,20.474886119801827,20.71617317199707,3018197,0.0,0.0
2011-08-03 00:00:00+08:00,20.512444658392052,21.268166388044826,20.224550458022826,20.728364944458008,3719618,0.366963,1.03008
2011-08-04 00:00:00+08:00,20.72836209295279,20.908295397114514,19.28889274597168,19.28889274597168,3897905,0.0,0.0
2011-08-05 00:00:00+08:00,17.957386016845703,17.957386016845703,17.957386016845703,17.957386016845703,919026,0.0,0.0
2011-08-08 00:00:00+08:00,16.733835220336914,16.733835220336914,16.733835220336914,16.733835220336914,511513,0.0,0.0
2011-08-09 00:00:00+08:00,15.582261085510256,15.582261085510256,15.582261085510256,15.582261085510254,678127,0.0,0.0
2011-08-10 00:00:00+08:00,15.582260627564999,16.3379823553782,15.582260627564999,15.906140327453613,5777347,0.0,0.0
2011-08-11 00:00:00+08:00,15.186406059470245,15.654235059946963,14.826539390603738,15.546274185180664,3242063,0.0,0.0
2011-08-12 00:00:00+08:00,16.230022404611717,16.625877497921724,15.906141229511517,16.553903579711914,4553746,0.0,0.0
2011-08-15 00:00:00+08:00,16.769823758929018,16.91377159433088,16.301996207560848,16.625877380371094,2226464,0.0,0.0
2011-08-16 00:00:00+08:00,16.91377100701497,17.34561158453739,16.553902887850363,17.021730422973633,2341077,0.0,0.0
2011-08-17 00:00:00+08:00,16.769823758929018,16.985744055187872,16.58989042152063,16.625877380371094,771515,0.0,0.0
2011-08-18 00:00:00+08:00,16.553901938329364,16.553901938329364,15.546273010678064,15.690220832824707,1476173,0.0,0.0
2011-08-19 00:00:00+08:00,14.610616683959961,14.934497797903553,14.610616683959961,14.610616683959961,1508010,0.0,0.0
2011-08-22 00:00:00+08:00,13.602988243103027,14.034828769717418,13.602988243103027,13.602988243103027,2039687,0.0,0.0
2011-08-23 00:00:00+08:00,13.602990692885038,13.602990692885038,12.667335564435819,13.243124008178711,3542392,0.0,0.0
2011-08-24 00:00:00+08:00,13.459042720745922,14.142790506406797,13.315094898389653,13.674962997436523,3495698,0.0,0.0
2011-08-25 00:00:00+08:00,13.818909414244429,14.178777514627122,12.811280481385454,13.315094947814941,2799530,0.0,0.0
2011-08-26 00:00:00+08:00,13.387068748474121,13.78292234445973,12.955226740219882,13.387068748474121,1743604,0.0,0.0
2011-08-29 00:00:00+08:00,13.602989419244869,13.926869113787097,13.602989419244869,13.782922744750977,1281968,0.0,0.0
2011-08-30 00:00:00+08:00,14.034828360692169,14.718577540889049,13.890880551453387,14.610616683959961,3357738,0.0,0.0
2011-08-31 00:00:00+08:00,14.502657924517061,15.438314449360002,14.250750678760093,15.114433288574219,2732672,0.0,0.0
2011-09-01 00:00:00+08:00,15.258379673645306,15.690221707309895,14.610618808414245,14.790552139282227,1856094,0.0,0.0
2011-09-02 00:00:00+08:00,14.682590130426043,15.006469777419674,14.538642325678987,14.97048282623291,975272,0.0,0.0
2011-09-05 00:00:00+08:00,14.394696496425775,14.718577611932677,14.178776238369066,14.214761734008789,1153559,0.0,0.0
2011-09-06 00:00:00+08:00,14.106802371372646,14.21476177226975,13.279106832557678,13.459041595458984,1828502,0.0,0.0
2011-09-07 00:00:00+08:00,13.746934804695407,14.178776794593386,13.207134866799468,14.142789840698242,2089565,0.0,0.0
2011-09-08 00:00:00+08:00,15.114433288574219,15.114433288574219,15.114433288574219,15.114433288574219,2741162,0.0,0.0
2011-09-09 00:00:00+08:00,15.582262083956596,16.158050537109375,15.402327281818854,16.158050537109375,6892702,0.0,0.0
2011-09-13 00:00:00+08:00,16.589891775523203,17.273639678955078,16.37397146164177,17.273639678955078,9836559,0.0,0.0
2011-09-14 00:00:00+08:00,17.633502256849592,18.137315191825806,17.02172701384972,17.453567504882812,9477863,0.0,0.0
2011-09-15 00:00:00+08:00,17.92139494630926,17.92139494630926,17.201660308972908,17.453567504882812,4451868,0.0,0.0
2011-09-16 00:00:00+08:00,17.669492158902163,18.31725300365917,17.633505202497247,17.741464614868164,4285255,0.0,0.0
2011-09-19 00:00:00+08:00,17.741464263040516,17.741464263040516,16.55390200944774,16.661861419677734,2878061,0.0,0.0
2011-09-20 00:00:00+08:00,16.55389957242327,17.56152835606288,16.409953227693435,17.453567504882812,5529018,0.0,0.0
2011-09-21 00:00:00+08:00,17.561532094647724,17.561532094647724,17.129691511682296,17.201663970947266,2950225,0.0,0.0
2011-09-22 00:00:00+08:00,16.769824859922384,16.985745170357106,16.48193062706141,16.841798782348633,2063035,0.0,0.0
2011-09-23 00:00:00+08:00,15.834164823750697,16.26600531174735,15.690218480033007,16.050085067749023,2605324,0.0,0.0
2011-09-26 00:00:00+08:00,16.62587288643278,17.165674209594727,16.553898988186244,17.165674209594727,2219036,0.0,0.0
2011-09-27 00:00:00+08:00,18.13731798880085,18.209291900686736,17.05771659473164,17.23764991760254,7108132,0.0,0.0
2011-09-28 00:00:00+08:00,17.525544333282493,17.95738489645383,17.417583464067743,17.741464614868164,3261166,0.0,0.0
2011-09-29 00:00:00+08:00,17.705479113828698,18.461199370893524,17.56153128822105,18.065345764160156,4188682,0.0,0.0
2011-09-30 00:00:00+08:00,18.065345309487135,18.10133226498332,17.453569979739605,17.70547866821289,2809081,0.0,0.0
2011-10-03 00:00:00+08:00,16.985742793441403,17.849425371164095,16.985742793441403,17.48955726623535,1774379,0.0,0.0
2011-10-04 00:00:00+08:00,17.02173172277533,17.669494095366826,17.02173172277533,17.417585372924805,1226784,0.0,0.0
2011-10-05 00:00:00+08:00,17.20166376677603,17.417584055695926,16.62587681527093,16.69784927368164,2423853,0.0,0.0
2011-10-06 00:00:00+08:00,16.94975706520787,17.27363675274166,16.589888965139007,16.661861419677734,1573807,0.0,0.0
2011-10-07 00:00:00+08:00,16.91377101944542,17.057717393110725,16.661862316054343,16.69784927368164,1379601,0.0,0.0
2011-10-11 00:00:00+08:00,17.16567660399669,17.849424362182617,16.913769381839373,17.849424362182617,3215533,0.0,0.0
2011-10-12 00:00:00+08:00,17.849424125696356,18.173303795004873,17.52554299954411,17.669490814208984,3387452,0.0,0.0
2011-10-13 00:00:00+08:00,17.957384675717897,18.89303970336914,17.70547889766762,18.89303970336914,6274003,0.0,0.0
2011-10-14 00:00:00+08:00,19.03698642577594,19.792708086733608,18.965012518015094,19.324880599975586,8730756,0.0,0.0
2011-10-17 00:00:00+08:00,19.396854615638862,20.008628464478065,18.929025669434626,19.252906799316406,4802075,0.0,0.0
2011-10-18 00:00:00+08:00,18.713106155395508,19.072974253850255,18.46119892353033,18.713106155395508,1951605,0.0,0.0
2011-10-19 00:00:00+08:00,18.89303936516597,19.54080164720883,18.785079956054688,18.785079956054688,3031939,0.0,0.0
2011-10-20 00:00:00+08:00,18.71310797040939,19.072976103768312,18.42521521193498,18.461200714111328,1656583,0.0,0.0
2011-10-21 00:00:00+08:00,18.46120156741468,18.821069717407227,18.317255181524065,18.821069717407227,1692665,0.0,0.0
2011-10-24 00:00:00+08:00,19.144948727574103,19.936655945123736,19.144948727574103,19.648761749267578,3860762,0.0,0.0
2011-10-25 00:00:00+08:00,19.792708086733608,20.00862835317241,19.28889364609516,19.324880599975586,2310302,0.0,0.0
2011-10-26 00:00:00+08:00,19.14494997162126,19.432842729340972,19.072976053769363,19.108963012695312,1379601,0.0,0.0
2011-10-27 00:00:00+08:00,19.360869141172756,19.360869141172756,18.35324017728458,18.56916046142578,2488589,0.0,0.0
2011-10-28 00:00:00+08:00,18.71310554753125,19.036986679935396,17.777450561523438,17.777450561523438,2841979,0.0,0.0
2011-10-31 00:00:00+08:00,17.777451348325712,18.353239729895748,17.777451348325712,17.885412216186523,1321233,0.0,0.0
2011-11-01 00:00:00+08:00,17.885414035355865,18.101334336195457,17.633506774902344,17.633506774902344,1269233,0.0,0.0
2011-11-02 00:00:00+08:00,16.985742372552437,18.137317657470703,16.985742372552437,18.137317657470703,2308179,0.0,0.0
2011-11-03 00:00:00+08:00,17.849428153868264,18.281268781631127,17.273639678955078,17.273639678955078,2047116,0.0,0.0
2011-11-04 00:00:00+08:00,17.633507135017968,17.74146655922055,17.417585372924805,17.417585372924805,1266049,0.0,0.0
2011-11-07 00:00:00+08:00,17.417585372924805,17.813440479918274,17.273638988373357,17.417585372924805,996496,0.0,0.0
2011-11-08 00:00:00+08:00,17.48955627759628,18.209290989925215,17.48955627759628,17.849424362182617,1973891,0.0,0.0
2011-11-09 00:00:00+08:00,17.92139990412086,18.137320209370028,17.417585372924805,17.417585372924805,1449642,0.0,0.0
2011-11-10 00:00:00+08:00,17.021728105942422,17.165675916751358,16.230019517024328,16.266006469726562,2159607,0.0,0.0
2011-11-11 00:00:00+08:00,16.266005779006143,16.55389993155518,15.150417576827703,15.330350875854492,2469486,0.0,0.0
2011-11-14 00:00:00+08:00,15.618246206743583,15.906138924169458,15.474299848030645,15.870153427124023,1113232,0.0,0.0
2011-11-15 00:00:00+08:00,15.870153821386273,16.337981319880225,15.762192957036698,15.942126274108887,1218294,0.0,0.0
2011-11-16 00:00:00+08:00,15.978111725091974,16.230018928021984,15.618245124816895,15.618245124816895,813964,0.0,0.0
2011-11-17 00:00:00+08:00,15.33035206452416,15.762192598409527,15.258378156595354,15.510285377502441,492411,0.0,0.0
2011-11-18 00:00:00+08:00,15.510284180347128,15.69021893628095,14.97048282623291,14.97048282623291,765148,0.0,0.0
2011-11-21 00:00:00+08:00,14.97048327325034,14.97048327325034,13.926867485046385,13.926867485046387,1647032,0.0,0.0
2011-11-22 00:00:00+08:00,14.394696704175926,14.466669153337781,13.315093941467438,13.351080894470215,1660828,0.0,0.0
2011-11-23 00:00:00+08:00,13.315095177104817,13.531015458315123,12.451412595419768,12.487401008605957,1593970,0.0,0.0
2011-11-24 00:00:00+08:00,12.163518744575821,12.451412200927734,11.659704285432609,12.451412200927734,1540908,0.0,0.0
2011-11-25 00:00:00+08:00,12.48739930567798,12.775292003468747,12.235490645634703,12.343451499938965,740739,0.0,0.0
2011-11-28 00:00:00+08:00,12.55937274010468,12.70332055717214,12.41542492303722,12.667333602905273,577310,0.0,0.0
2011-11-29 00:00:00+08:00,13.31509417744424,13.531014442443848,12.991213051522971,13.531014442443848,1127028,0.0,0.0
2011-11-30 00:00:00+08:00,13.495028899711038,13.495028899711038,13.171147739927932,13.207136154174805,665392,0.0,0.0
2011-12-01 00:00:00+08:00,13.818907892018656,13.9268672904505,13.567000686552824,13.710947036743164,949802,0.0,0.0
2011-12-02 00:00:00+08:00,13.710947349833454,13.710947349833454,13.387067690298462,13.459041595458984,569881,0.0,0.0
2011-12-05 00:00:00+08:00,13.459041777889535,13.53101422718193,12.991212844848633,12.991212844848633,463758,0.0,0.0
2011-12-06 00:00:00+08:00,13.063186613577749,13.207134424335798,12.667333047680481,12.73930549621582,486044,0.0,0.0
2011-12-07 00:00:00+08:00,12.811280870512459,13.099175068194286,12.415425802383501,12.70332145690918,532738,0.0,0.0
2011-12-08 00:00:00+08:00,12.70332000486067,12.70332000486067,11.83963751053811,12.199504852294922,723760,0.0,0.0
2011-12-09 00:00:00+08:00,11.731677622760692,12.415425410124993,11.659704439825152,12.163518905639648,631433,0.0,0.0
2011-12-12 00:00:00+08:00,12.415424851157647,12.595359621450234,12.379439353942871,12.379439353942871,382043,0.0,0.0
2011-12-13 00:00:00+08:00,12.163517899592689,12.37943888738425,12.163517899592689,12.199504852294922,317308,0.0,0.0
2011-12-14 00:00:00+08:00,12.235492942849776,13.027201652526855,12.235492942849776,13.027201652526855,2251934,0.0,0.0
2011-12-15 00:00:00+08:00,12.883254899369126,12.955227356800401,12.59536069911243,12.63134765625,973149,0.0,0.0
2011-12-16 00:00:00+08:00,12.703320852293967,13.135161399841309,12.631346942088149,13.135161399841309,1036823,0.0,0.0
2011-12-19 00:00:00+08:00,12.883254206510335,12.991213615273146,12.235491926558327,12.451412200927734,1190702,0.0,0.0
2011-12-20 00:00:00+08:00,12.271477597069458,12.739305052033993,12.271477597069458,12.343451499938965,472248,0.0,0.0
2011-12-21 00:00:00+08:00,12.703321664220587,13.207136154174805,12.703321664220587,13.207136154174805,1315927,0.0,0.0
2011-12-22 00:00:00+08:00,13.171146362882022,13.818908614724563,13.063186958804081,13.531014442443848,1697971,0.0,0.0
2011-12-23 00:00:00+08:00,13.998843455247327,14.466670989990236,13.782923166661666,14.466670989990234,3419289,0.0,0.0
2011-12-26 00:00:00+08:00,14.322725178711547,14.754565772832512,14.250751260743405,14.394699096679688,1649154,0.0,0.0
2011-12-27 00:00:00+08:00,14.466670586780412,15.40232563018799,14.106803934782347,15.402325630187988,3684597,0.0,0.0
2011-12-28 00:00:00+08:00,15.330353601176755,15.330353601176755,14.394698531690937,14.466670989990234,2610630,0.0,0.0
2011-12-29 00:00:00+08:00,14.286737602586403,14.862526007771445,14.286737602586403,14.502657890319824,1312744,0.0,0.0
2011-12-30 00:00:00+08:00,14.68259166833007,15.330352487009604,14.610617758417753,14.86252498626709,4530399,0.0,0.0
2012-01-02 00:00:00+08:00,14.862525718772881,15.11443295903757,14.646603978394133,14.682592391967773,1231029,0.0,0.0
2012-01-03 00:00:00+08:00,14.826538270476247,15.690220832824707,14.754564359402925,15.690220832824707,2917326,0.0,0.0
2012-01-04 00:00:00+08:00,16.769821166992188,16.769821166992188,16.48192699752921,16.769821166992188,9389781,0.0,0.0
2012-01-05 00:00:00+08:00,16.7338368928044,17.093705026459222,16.48192963629921,16.877784729003906,6506413,0.0,0.0
2012-01-06 00:00:00+08:00,16.913769667563518,17.41758266354531,16.841795758061647,16.949756622314453,3842721,0.0,0.0
2012-01-09 00:00:00+08:00,16.625875444640805,16.91376962508142,15.83416681264005,15.978113174438477,3161410,0.0,0.0
2012-01-10 00:00:00+08:00,16.12205921170002,16.55390120208985,15.9421258988631,16.194034576416016,3117899,0.0,0.0
2012-01-11 00:00:00+08:00,15.978112885994275,16.266007061237694,15.72620566476175,15.834166526794434,2416425,0.0,0.0
2012-01-12 00:00:00+08:00,15.978112885994275,16.30199401524859,15.798179572783539,15.834166526794434,2033320,0.0,0.0
2012-01-13 00:00:00+08:00,15.978114548516062,16.050088464026732,15.330353679451695,15.366340637207031,2223281,0.0,0.0
2012-01-16 00:00:00+08:00,15.690221498757111,15.906140327453613,15.258379470832521,15.906140327453613,1832747,0.0,0.0
2012-01-17 00:00:00+08:00,15.90614318367188,16.73383897424,15.90614318367188,16.481931686401367,3938232,0.0,0.0
2012-01-18 00:00:00+08:00,16.409954312005997,16.877781784344855,16.409954312005997,16.589887619018555,2847285,0.0,0.0
2012-01-30 00:00:00+08:00,16.98574212022162,17.309623256136273,16.913769667563518,16.949756622314453,2727366,0.0,0.0
2012-01-31 00:00:00+08:00,16.949759258921603,17.59751871782511,16.841798377875023,17.417585372924805,3787537,0.0,0.0
2012-02-01 00:00:00+08:00,17.561531179122728,17.993371739575263,17.45357031058768,17.813438415527344,4599379,0.0,0.0
2012-02-02 00:00:00+08:00,17.885414400615993,17.957386864469722,17.38159986941994,17.417585372924805,3779047,0.0,0.0
2012-02-03 00:00:00+08:00,17.201663754133996,17.27363766933569,16.58988984545121,17.021730422973633,5699877,0.0,0.0
2012-02-06 00:00:00+08:00,17.09370605399648,17.09370605399648,16.733837898709258,16.841798782348633,1903850,0.0,0.0
2012-02-07 00:00:00+08:00,16.877784729003906,17.381599242014293,16.877784729003906,16.877784729003906,2500262,0.0,0.0
2012-02-08 00:00:00+08:00,16.985742685408216,17.777451345740946,16.949757186303657,17.56153106689453,4867871,0.0,0.0
2012-02-09 00:00:00+08:00,17.56153106689453,17.92139771269062,17.38159774399649,17.56153106689453,4582399,0.0,0.0
2012-02-10 00:00:00+08:00,17.849424945152546,18.785079956054688,17.81343798983419,18.785079956054688,7846749,0.0,0.0
2012-02-13 00:00:00+08:00,18.893038695980703,19.180934328330395,18.497185115187353,18.929025650024414,12262536,0.0,0.0
2012-02-14 00:00:00+08:00,19.072976103768312,19.28889640104609,18.461200714111328,18.461200714111328,4230070,0.0,0.0
2012-02-15 00:00:00+08:00,18.42521268283726,19.64876038051567,18.137317050192355,19.252906799316406,7476379,0.0,0.0
2012-02-16 00:00:00+08:00,19.828694796791094,20.584416448456054,19.144947052001953,19.144947052001953,13172012,0.0,0.0
2012-02-17 00:00:00+08:00,19.576788602527188,19.900669743548615,18.497185770351614,18.785079956054688,5821919,0.0,0.0
2012-02-20 00:00:00+08:00,18.785077946428284,19.03698514986398,18.533170742992585,18.857051849365234,2077892,0.0,0.0
2012-02-21 00:00:00+08:00,18.929027320961836,19.756722966499837,18.929027320961836,19.3968563079834,4746890,0.0,0.0
2012-02-22 00:00:00+08:00,19.432839476209065,19.97264085604559,19.432839476209065,19.720733642578125,4886973,0.0,0.0
2012-02-23 00:00:00+08:00,19.864682840575874,21.088232040405273,19.720735018923126,21.088232040405273,9496965,0.0,0.0
2012-02-24 00:00:00+08:00,21.592046615687785,22.095861080425813,20.980271284144262,21.016258239746094,16541423,0.0,0.0
2012-02-29 00:00:00+08:00,21.448096448436587,21.448096448436587,20.08060102613322,20.584415435791016,5347548,0.0,0.0
2012-03-01 00:00:00+08:00,20.728364944458008,21.08823305913051,20.368496829785506,20.728364944458008,3983865,0.0,0.0
2012-03-02 00:00:00+08:00,21.520070652366268,22.167831420898438,21.34013734835905,22.167831420898438,7471073,0.0,0.0
2012-03-05 00:00:00+08:00,22.671645731899172,23.175460146245538,21.951911062382027,22.239805221557617,6884212,0.0,0.0
2012-03-06 00:00:00+08:00,22.239806740130533,22.52770091896404,20.87231121172607,21.16020393371582,4791462,0.0,0.0
2012-03-07 00:00:00+08:00,20.404482808310362,21.771979830266208,20.11659007859273,21.412113189697266,3681413,0.0,0.0
2012-03-08 00:00:00+08:00,21.73599087960387,22.8875675201416,21.73599087960387,22.8875675201416,10065785,0.0,0.0
2012-03-09 00:00:00+08:00,23.5353308340709,24.47098731994629,23.319410554820834,24.47098731994629,11492081,0.0,0.0
2012-03-12 00:00:00+08:00,24.47098754499801,25.550587494333264,23.895197700296112,24.003158569335938,11739348,0.0,0.0
2012-03-13 00:00:00+08:00,24.68690386936403,25.334666104316874,23.823222831885154,24.399009704589844,9426924,0.0,0.0
2012-03-14 00:00:00+08:00,24.83085534382815,25.118748094235634,24.003159680085915,24.219079971313477,6373759,0.0,0.0
2012-03-15 00:00:00+08:00,24.291052426814453,25.046772672250565,24.147104603421813,24.57894515991211,5316772,0.0,0.0
2012-03-16 00:00:00+08:00,24.6869052607544,26.27032252783432,24.6869052607544,25.118745803833008,20515737,0.0,0.0
2012-03-19 00:00:00+08:00,25.22670675439755,25.478612524686092,24.2190778458683,24.363025665283203,5237180,0.0,0.0
2012-03-20 00:00:00+08:00,24.47098334128772,24.54295432792985,23.355392256714463,23.499340057373047,4735217,0.0,0.0
2012-03-21 00:00:00+08:00,23.751250321515155,24.470986504146314,23.391382230199575,23.71526336669922,4795707,0.0,0.0
2012-03-22 00:00:00+08:00,23.78723540162794,24.434996166732585,23.607302098572813,24.039142608642578,3386391,0.0,0.0
2012-03-23 00:00:00+08:00,24.219081103079805,24.327041982160583,23.75125354075102,24.111120223999023,2450384,0.0,0.0
2012-03-26 00:00:00+08:00,24.111117868798967,24.36302656204741,23.751251220703125,23.751251220703125,3109409,0.0,0.0
2012-03-27 00:00:00+08:00,23.78723626669819,23.96716957629695,22.347766876220703,22.347766876220703,4903953,0.0,0.0
2012-03-28 00:00:00+08:00,22.167832321270517,22.74362066569231,22.095859870850585,22.203819274902344,3066960,0.0,0.0
2012-03-29 00:00:00+08:00,21.951914203394328,21.951914203394328,20.656392486998598,20.728364944458008,5711550,0.0,0.0
2012-03-30 00:00:00+08:00,20.51244291549934,21.448097894566086,20.008628471872054,21.30415153503418,2677488,0.0,0.0
2012-04-02 00:00:00+08:00,21.304152415752856,21.304152415752856,20.36849594116211,20.36849594116211,1816829,0.0,0.0
2012-04-03 00:00:00+08:00,20.656389605828643,20.80033595751357,18.965011596679688,18.965011596679688,3890476,0.0,0.0
2012-04-05 00:00:00+08:00,17.70547824647765,18.353239059448242,17.669491291838654,18.353239059448242,5539631,0.0,0.0
2012-04-06 00:00:00+08:00,18.281265723434817,19.612775802612305,18.281265723434817,19.612775802612305,6513842,0.0,0.0
2012-04-09 00:00:00+08:00,19.144951336456877,20.476460170576047,18.785083178386483,19.756725311279297,6234738,0.0,0.0
2012-04-10 00:00:00+08:00,20.152577341960033,20.584419388041006,19.792710669877135,20.18856430053711,4234315,0.0,0.0
2012-04-11 00:00:00+08:00,20.00862920538483,21.088232040405273,20.00862920538483,21.088232040405273,6916049,0.0,0.0
2012-04-12 00:00:00+08:00,21.376126451744355,21.376126451744355,20.728364161180096,20.944284439086914,3940354,0.0,0.0
2012-04-13 00:00:00+08:00,21.232176392864883,22.383751572723583,21.232176392864883,22.239805221557617,8171486,0.0,0.0
2012-04-16 00:00:00+08:00,22.023887080541282,22.743621819148427,21.807966804643517,22.419740676879883,5011137,0.0,0.0
2012-04-17 00:00:00+08:00,22.67164788853236,22.995529030519442,21.412113189697266,21.412113189697266,5522651,0.0,0.0
2012-04-18 00:00:00+08:00,22.167834709581555,22.167834709581555,20.944285438495687,21.232179641723633,4937912,0.0,0.0
2012-04-19 00:00:00+08:00,20.512444333599205,20.80033852940993,19.756722615912487,19.97264289855957,5467467,0.0,0.0
2012-04-20 00:00:00+08:00,19.432840895461197,19.864682904975652,18.605146745649744,18.713106155395508,5281751,0.0,0.0
2012-04-23 00:00:00+08:00,18.065346291638267,19.07297527293757,18.065346291638267,19.001001358032227,3545576,0.0,0.0
2012-04-24 00:00:00+08:00,18.78508322409721,19.432844161987305,18.713109300939184,19.432844161987305,3295125,0.0,0.0
2012-04-25 00:00:00+08:00,19.756725359354373,20.080606556721442,19.32488473409431,19.432844161987305,4065579,0.0,0.0
2012-04-26 00:00:00+08:00,19.50481480652091,19.576788717580616,18.713106155395508,18.713106155395508,2606385,0.0,0.0
2012-04-27 00:00:00+08:00,18.749093563754613,18.857054432951653,18.137318218659054,18.38922691345215,2494956,0.0,0.0
2012-04-30 00:00:00+08:00,18.389226344469467,18.389226344469467,17.705478564575614,18.137317657470703,1930381,0.0,0.0
2012-05-02 00:00:00+08:00,18.35324037596676,19.3968563079834,18.245279504305508,19.3968563079834,1315927,0.0,0.0
2012-05-03 00:00:00+08:00,19.684749014436008,20.728364944458008,19.684749014436008,20.728364944458008,8286099,0.0,0.0
2012-05-04 00:00:00+08:00,21.232176016798416,22.023884576297547,21.08822966818204,21.807964324951172,9095819,0.0,0.0
2012-05-07 00:00:00+08:00,21.304150396188877,22.52769948575653,21.160202587508174,22.167831420898438,8788062,0.0,0.0
2012-05-08 00:00:00+08:00,22.45572831156668,22.88757033326815,21.951913833618164,21.951913833618164,5449426,0.0,0.0
2012-05-09 00:00:00+08:00,21.66401697535935,23.13947327131011,21.556057575836224,22.8875675201416,12604253,0.0,0.0
2012-05-10 00:00:00+08:00,23.427369728934515,23.67927696165088,22.88756976469413,22.995529174804688,8321120,0.0,0.0
2012-05-11 00:00:00+08:00,22.995527884271375,23.103488745166857,22.059872917218758,22.203819274902344,4144111,0.0,0.0
2012-05-14 00:00:00+08:00,22.275792277408964,22.275792277408964,21.48408370019609,22.167831420898438,3081817,0.0,0.0
2012-05-15 00:00:00+08:00,21.70000555175702,23.71526336669922,21.62803309896892,23.71526336669922,11305305,0.0,0.0
2012-05-16 00:00:00+08:00,23.751249419594075,24.111116040400443,23.39138134194399,23.679275512695312,12087433,0.0,0.0
2012-05-17 00:00:00+08:00,23.82322115201127,24.39900798411485,23.247432863064112,23.499340057373047,10002112,0.0,0.0
2012-05-18 00:00:00+08:00,22.95954372663221,23.28342489191689,21.951914729607783,21.98790168762207,4693829,0.0,0.0
2012-05-21 00:00:00+08:00,22.095861659799937,22.45572831156668,21.70000659464391,21.951913833618164,4425337,0.0,0.0
2012-05-22 00:00:00+08:00,22.52770285637158,23.46335792541504,22.23980865277885,23.46335792541504,4459297,0.0,0.0
2012-05-23 00:00:00+08:00,23.643287858031627,23.96716749582627,23.211445912899467,23.499340057373047,11468734,0.0,0.0
2012-05-24 00:00:00+08:00,24.219077582993656,25.118745617196705,23.46335590979934,23.535329818725586,15654233,0.0,0.0
2012-05-25 00:00:00+08:00,23.75125262267046,24.11111929200818,22.743623617574578,22.815597534179688,5083301,0.0,0.0
2012-05-28 00:00:00+08:00,22.815596187441354,24.039145413286093,22.38375417014499,23.751251220703125,5427140,0.0,0.0
2012-05-29 00:00:00+08:00,24.03914552284215,25.370655623290165,24.03914552284215,24.974802017211914,11409305,0.0,0.0
2012-05-30 00:00:00+08:00,24.902827097314024,25.046772003173828,24.399011185742076,25.046772003173828,4122886,0.0,0.0
2012-05-31 00:00:00+08:00,24.794867767892466,26.162363397201702,24.61493298231715,25.910457611083984,11235263,0.0,0.0
2012-06-01 00:00:00+08:00,25.694537709453343,25.83848554822772,24.111120223999023,24.111120223999023,6300534,0.0,0.0
2012-06-04 00:00:00+08:00,22.527701994858386,24.111117868798967,22.527701994858386,23.751251220703125,4485827,0.0,0.0
2012-06-05 00:00:00+08:00,24.830853501102357,25.046772319462438,24.147104263305664,24.147104263305664,5868613,0.0,0.0
2012-06-06 00:00:00+08:00,24.54295672638436,24.9748001705619,24.11111619589427,24.255064010620117,4218397,0.0,0.0
2012-06-07 00:00:00+08:00,24.974801790477724,25.33466843694656,24.434998907086822,24.47098731994629,6807803,0.0,0.0
2012-06-08 00:00:00+08:00,24.470986504146314,24.830853138618124,23.103489505359637,23.71526336669922,4330887,0.0,0.0
2012-06-11 00:00:00+08:00,23.967169683446638,24.255063854197964,23.49934220229213,23.679275512695312,4428521,0.0,0.0
2012-06-12 00:00:00+08:00,23.46335449352071,23.89519500732422,23.247434236618957,23.89519500732422,1622623,0.0,0.0
2012-06-13 00:00:00+08:00,24.111115468897065,25.190718219413885,23.895195210162438,24.794864654541016,8205446,0.0,0.0
2012-06-14 00:00:00+08:00,25.04677312888203,25.550587606253764,24.794867347040004,24.902828216552734,6130737,0.0,0.0
2012-06-15 00:00:00+08:00,25.010787961974536,25.298680687381687,24.72289232287984,25.046772003173828,4118641,0.0,0.0
2012-06-18 00:00:00+08:00,25.62255933774615,25.62255933774615,25.046770996388805,25.0827579498291,4000844,0.0,0.0
2012-06-19 00:00:00+08:00,25.082756551972956,25.622557909807,24.578942145573667,24.68690299987793,3506310,0.0,0.0
2012-06-20 00:00:00+08:00,24.830854193772407,24.97480201915302,24.32703971862793,24.32703971862793,2953408,0.0,0.0
2012-06-21 00:00:00+08:00,24.32703849240847,24.686905124033036,24.255064583346055,24.542957305908203,2885489,0.0,0.0
2012-06-22 00:00:00+08:00,24.470986130780783,25.6945338347917,24.255064405179596,25.334667205810547,7273684,0.0,0.0
2012-06-25 00:00:00+08:00,25.0467714266664,25.2626931510175,24.722891753827223,24.758878707885742,2396261,0.0,0.0
2012-06-26 00:00:00+08:00,24.61492989155909,24.974799417522938,24.363024137071758,24.794864654541016,2142627,0.0,0.0
2012-06-27 00:00:00+08:00,24.97479861135596,25.37065216345099,24.68690299987793,24.68690299987793,2707202,0.0,0.0
2012-06-28 00:00:00+08:00,25.046773018155662,25.190720843536273,24.255065805937623,24.32703971862793,2969327,0.0,0.0
2012-06-29 00:00:00+08:00,24.542960329733155,24.542960329733155,22.635663159339895,23.175464630126953,7902995,0.0,0.0
2012-07-02 00:00:00+08:00,23.031518134929296,23.391384809076044,22.74362392150554,23.247438430786133,3464922,0.0,0.0
2012-07-03 00:00:00+08:00,23.607303462231897,24.758878707885742,23.42736869193931,24.758878707885742,8142833,0.0,0.0
2012-07-04 00:00:00+08:00,25.190720954899007,25.33466878091598,24.686906477527273,24.902828216552734,4912443,0.0,0.0
2012-07-05 00:00:00+08:00,24.90282481189223,25.118743607710062,24.327036500232545,24.61492919921875,3061654,0.0,0.0
2012-07-06 00:00:00+08:00,24.399010518555297,24.974800324156043,24.11111634417679,24.830852508544922,3737659,0.0,0.0
2012-07-09 00:00:00+08:00,24.542960205927134,24.542960205927134,23.103492052496218,23.247438430786133,2392017,0.0,0.0
2012-07-10 00:00:00+08:00,23.031513112897528,23.679273859223507,22.743618962249222,23.103487014770508,1667195,0.0,0.0
2012-07-11 00:00:00+08:00,22.70763689153197,23.175464440562422,21.59204845696179,22.671649932861328,3944599,0.0,0.0
2012-07-12 00:00:00+08:00,22.70389106304766,23.043318167991114,22.553034895704734,22.66617774963379,4298597,0.0,1.048
2012-07-13 00:00:00+08:00,22.62846415888169,22.81703510631145,21.346185212784462,21.79875373840332,3703173,0.0,0.0
2012-07-16 00:00:00+08:00,21.798754754121106,22.100467118592032,21.421614298532447,21.53475570678711,2431315,0.0,0.0
2012-07-17 00:00:00+08:00,21.53475350199063,22.326750562905435,21.42161210531974,21.83646583557129,3712286,0.0,0.0
2012-07-18 00:00:00+08:00,21.911895380804662,22.025038241867524,21.57246971130371,21.57246971130371,1660706,0.0,0.0
2012-07-19 00:00:00+08:00,22.25132470628605,23.08103370666504,22.25132470628605,23.08103370666504,5579569,0.0,0.0
2012-07-20 00:00:00+08:00,23.42046003918472,23.684459076833306,23.269603862483766,23.571317672729492,9080217,0.0,0.0
2012-07-23 00:00:00+08:00,23.382747607634023,23.835317611694336,23.231891425228543,23.835317611694336,2483971,0.0,0.0
2012-07-24 00:00:00+08:00,23.835317367503983,24.21245781965392,23.533603548940178,24.061601638793945,5565392,0.0,0.0
2012-07-25 00:00:00+08:00,23.835315710764505,24.137028051513106,23.38274574279785,23.38274574279785,2512325,0.0,0.0
2012-07-26 00:00:00+08:00,23.533602685862444,23.98617266868855,23.231890335207574,23.34503173828125,2095123,0.0,0.0
2012-07-27 00:00:00+08:00,23.646746288684284,24.06160151229004,23.60903151524565,23.7598876953125,4073794,0.0,0.0
2012-07-30 00:00:00+08:00,23.986172749740426,23.986172749740426,23.269603729248047,23.269603729248047,2087022,0.0,0.0
2012-07-31 00:00:00+08:00,23.420459499603826,24.325599452643797,23.307318098106663,24.099313735961914,6615485,0.0,0.0
2012-08-01 00:00:00+08:00,24.174741822574614,24.740453200591762,23.87302947612381,24.099313735961914,4618587,0.0,0.0
2012-08-02 00:00:00+08:00,24.099313735961914,24.099313735961914,24.099313735961914,24.099313735961914,0,0.0,0.0
2012-08-03 00:00:00+08:00,23.910744480958225,24.36331300504653,23.684458762070282,23.873029708862305,1657668,0.0,0.0
2012-08-06 00:00:00+08:00,24.740452652693605,24.740452652693605,22.666178131515213,23.458173751831055,4634789,0.0,0.0
2012-08-07 00:00:00+08:00,23.382746469778652,23.382746469778652,21.87418180544615,22.251323699951172,6281319,0.0,0.0
2012-08-08 00:00:00+08:00,22.251322336332855,22.590749437848892,22.17589279657933,22.439891815185547,3224201,0.0,0.0
2012-08-09 00:00:00+08:00,22.590751924387206,23.307319519324114,22.515323833175103,23.005605697631836,4005948,0.0,0.0
2012-08-10 00:00:00+08:00,23.38274574279785,23.646744769374752,23.23188957242355,23.38274574279785,3403435,0.0,0.0
2012-08-13 00:00:00+08:00,23.571317129673005,24.363312767528257,23.571317129673005,24.099313735961914,6045377,0.0,0.0
2012-08-14 00:00:00+08:00,24.551883170059792,24.891310300880615,24.363313674926758,24.363313674926758,5926899,0.0,0.0
2012-08-15 00:00:00+08:00,24.589597543699686,25.19302224927203,24.514170912346952,24.740453720092773,8168853,0.0,0.0
2012-08-16 00:00:00+08:00,24.96674141648456,25.645595720797054,24.70274381533541,25.494739532470703,9034649,0.0,0.0
2012-08-17 00:00:00+08:00,25.72102181932154,25.72102181932154,25.230738489109225,25.570165634155273,4298597,0.0,0.0
2012-08-20 00:00:00+08:00,25.494737571255094,25.87187655621514,24.966739495885882,25.117595672607422,3590771,0.0,0.0
2012-08-21 00:00:00+08:00,25.419305947712406,25.72101827648683,25.155308388456632,25.268449783325195,3819625,0.0,0.0
2012-08-22 00:00:00+08:00,25.268451849328965,25.343878480845927,24.891309950681297,25.117595672607422,1969557,0.0,0.0
2012-08-23 00:00:00+08:00,25.11759521704382,25.49473710885118,24.81588286907296,24.85359764099121,3177620,0.0,0.0
2012-08-24 00:00:00+08:00,23.11874686778708,23.98617203839176,23.11874686778708,23.231889724731445,10733835,0.0,0.0
2012-08-27 00:00:00+08:00,23.005605697631836,23.156461880056042,22.47760905914712,23.005605697631836,4298597,0.0,0.0
2012-08-28 00:00:00+08:00,23.005604414046644,23.005604414046644,22.402179718017578,22.402179718017578,2558905,0.0,0.0
2012-08-29 00:00:00+08:00,22.628464722918753,22.967891854015356,22.477608543952226,22.817035675048828,1947279,0.0,0.0
2012-08-30 00:00:00+08:00,22.8170346890989,22.89246277532283,22.515322344203177,22.628463745117188,1555393,0.0,0.0
2012-08-31 00:00:00+08:00,22.628465046336068,22.817036001161295,22.47760886521343,22.515323638916016,1408562,0.0,0.0
2012-09-03 00:00:00+08:00,22.628464407942985,23.307318660686914,22.515323003714872,23.11874771118164,3418625,0.0,0.0
2012-09-04 00:00:00+08:00,23.118747033994623,23.156460348684703,22.477607572669328,22.628463745117188,3543178,0.0,0.0
2012-09-05 00:00:00+08:00,22.55303695577475,22.628465046336068,21.72332650275638,22.515323638916016,5595771,0.0,0.0
2012-09-06 00:00:00+08:00,22.477607883518466,22.8547483198537,22.326751708984375,22.326751708984375,2796873,0.0,0.0
2012-09-07 00:00:00+08:00,23.005604494387793,23.005604494387793,22.326751708984375,22.326751708984375,2590297,0.0,0.0
2012-09-10 00:00:00+08:00,22.43989203907308,22.59074966324156,22.213607788085938,22.213607788085938,2423214,0.0,0.0
2012-09-11 00:00:00+08:00,22.213608632753797,22.553035750563016,21.836466743257432,22.100465774536133,3009524,0.0,0.0
2012-09-12 00:00:00+08:00,22.251324715164635,22.36446612320317,21.911896120517458,21.98732566833496,2261193,0.0,0.0
2012-09-13 00:00:00+08:00,22.062753677368164,22.364466040142176,21.79875463151897,22.062753677368164,2272332,0.0,0.0
2012-09-14 00:00:00+08:00,22.251323466824818,22.892462932553606,21.9118948912202,22.47760772705078,8936424,0.0,0.0
2012-09-17 00:00:00+08:00,22.40218176899394,22.703894144631004,21.836468879408564,21.874183654785156,3829751,0.0,0.0
2012-09-18 00:00:00+08:00,21.874183486195715,22.289038727921252,21.874183486195715,22.025039672851562,2525489,0.0,0.0
2012-09-19 00:00:00+08:00,22.175893017832887,22.47760680932613,22.175893017832887,22.213607788085938,2991297,0.0,0.0
2012-09-20 00:00:00+08:00,22.326748543675226,22.477604696822134,21.874178627390926,21.91189193725586,2224739,0.0,0.0
2012-09-21 00:00:00+08:00,21.761037724467105,21.761037724467105,20.40333076823923,20.667329788208008,6883831,0.0,0.0
2012-09-24 00:00:00+08:00,20.667333414906672,20.893617704512344,20.32790625207618,20.44104766845703,4844402,0.0,0.0
2012-09-25 00:00:00+08:00,20.441043927457383,20.591900092919023,19.30962122965138,20.365615844726562,7237238,0.0,0.0
2012-09-26 00:00:00+08:00,19.875334552262185,20.25247497572394,19.83761978149414,19.83761978149414,2535615,0.0,0.0
2012-09-27 00:00:00+08:00,19.83762194044701,20.214762404953426,19.611337661743164,19.611337661743164,2609537,0.0,0.0
2012-09-28 00:00:00+08:00,19.950762790302004,20.13933227506041,19.649048992369803,19.686763763427734,2859655,0.0,0.0
2012-10-01 00:00:00+08:00,19.76219254032218,19.875335400611913,19.535906819742713,19.724477767944336,902249,0.0,0.0
2012-10-02 00:00:00+08:00,19.87533613593877,20.327904680153758,19.837621362165596,20.139333724975586,2372582,0.0,0.0
2012-10-03 00:00:00+08:00,19.988477046644128,19.988477046644128,19.385050879181854,19.498193740844727,3961392,0.0,0.0
2012-10-04 00:00:00+08:00,19.498191817104217,19.686762748989512,18.894765709177477,19.045621871948242,2520426,0.0,0.0
2012-10-05 00:00:00+08:00,19.04562131893147,19.196477477321913,18.857051849365234,18.857051849365234,2139678,0.0,0.0
2012-10-08 00:00:00+08:00,19.007910274142674,19.045623589815172,18.102771759033203,18.102771759033203,1670832,0.0,0.0
2012-10-09 00:00:00+08:00,17.87648398774266,18.479910080902584,17.801055908203125,17.801055908203125,2354355,0.0,0.0
2012-10-11 00:00:00+08:00,17.801058054352264,17.801058054352264,17.15991857254669,17.57477378845215,2527514,0.0,0.0
2012-10-12 00:00:00+08:00,17.725630329807533,17.7633451033208,16.7450637005888,16.820491790771484,3086484,0.0,0.0
2012-10-15 00:00:00+08:00,16.820493084370835,16.933635956768164,16.254781636072096,16.330209732055664,2036390,0.0,0.0
2012-10-16 00:00:00+08:00,16.40563575631502,16.669634787341362,16.330207669856605,16.481063842773438,1888547,0.0,0.0
2012-10-17 00:00:00+08:00,16.745062873799775,16.858205731909283,16.443350527966118,16.481063842773438,1467295,0.0,0.0
2012-10-18 00:00:00+08:00,16.669634540911268,17.61248779296875,16.556491684474366,17.61248779296875,4006961,0.0,0.0
2012-10-19 00:00:00+08:00,17.687916570053858,18.10277178408837,17.537060393467453,17.65020179748535,11320146,0.0,0.0
2012-10-22 00:00:00+08:00,17.348489681063192,17.65020203835339,17.19763350241809,17.423917770385742,1963481,0.0,0.0
2012-10-23 00:00:00+08:00,17.461630851406376,17.574772246004688,17.1976318359375,17.1976318359375,1281984,0.0,0.0
2012-10-24 00:00:00+08:00,16.971348732404877,17.1976329936786,16.745063014287368,16.782777786254883,1325527,0.0,0.0
2012-10-25 00:00:00+08:00,16.78277764545087,17.084489991284528,16.40563575631502,16.481063842773438,1607037,0.0,0.0
2012-10-26 00:00:00+08:00,16.481066653984644,16.59420953139318,15.34964370727539,15.34964370727539,3653554,0.0,0.0
2012-10-29 00:00:00+08:00,15.236497630777755,15.349640484430564,14.29364585876465,14.293645858764648,2346254,0.0,0.0
2012-10-30 00:00:00+08:00,14.29364939413086,15.161073297203775,14.255934614637043,14.519933700561523,3356855,0.0,0.0
2012-10-31 00:00:00+08:00,14.595361802705076,14.897074211279294,14.40679227576823,14.519933700561523,2021201,0.0,0.0
2012-11-01 00:00:00+08:00,14.331360265272584,15.198783931787556,13.765647468207193,14.670785903930664,2056643,0.0,0.0
2012-11-02 00:00:00+08:00,14.783929370730753,15.689067844169626,14.783929370730753,15.23649787902832,4518337,0.0,0.0
2012-11-05 00:00:00+08:00,14.708499908447266,14.8216412965032,14.406787597839962,14.708499908447266,2433340,0.0,0.0
2012-11-06 00:00:00+08:00,14.708501324953842,15.23649791936549,14.633073240037893,14.972498893737793,1820701,0.0,0.0
2012-11-07 00:00:00+08:00,14.972500983134438,15.27421482174583,14.783931472951762,15.010215759277344,1280971,0.0,0.0
2012-11-08 00:00:00+08:00,14.70850147556083,14.89707096135968,14.670786704294803,14.821642875671387,929590,0.0,0.0
2012-11-09 00:00:00+08:00,14.595355631244196,15.613636764881045,14.595355631244196,15.311923027038574,2831302,0.0,0.0
2012-11-12 00:00:00+08:00,15.425065860834932,15.802207668927156,15.274209720335428,15.311923027038574,2043479,0.0,0.0
2012-11-13 00:00:00+08:00,15.311927595214417,15.387357144811359,14.63307476043701,14.633074760437012,1197936,0.0,0.0
2012-11-14 00:00:00+08:00,14.633073778151589,14.821643268954006,14.369074742815645,14.444502830505371,1324514,0.0,0.0
2012-11-15 00:00:00+08:00,14.255932093562103,14.33136163921048,13.954219738343882,14.029647827148438,1583747,0.0,0.0
2012-11-16 00:00:00+08:00,14.02964859752697,14.444503837153947,13.9542205045806,13.991933822631836,1903736,0.0,0.0
2012-11-19 00:00:00+08:00,14.06736342969821,14.142791522951688,13.049081985510389,13.086796760559082,2830289,0.0,0.0
2012-11-20 00:00:00+08:00,13.086796707275411,13.991933822631836,13.086796707275411,13.991933822631836,5781081,0.0,0.0
2012-11-21 00:00:00+08:00,14.067363372422104,14.255932876366076,13.841077636739097,13.991933822631836,2982183,0.0,0.0
2012-11-22 00:00:00+08:00,14.180504783419707,14.482218612049081,13.991933822631836,13.991933822631836,2017150,0.0,0.0
2012-11-23 00:00:00+08:00,14.331361770629883,14.595359355444788,14.142790818467377,14.331361770629883,2763456,0.0,0.0
2012-11-26 00:00:00+08:00,14.708498465040554,15.311923027038574,14.55764232454105,15.311923027038574,4192271,0.0,0.0
2012-11-27 00:00:00+08:00,15.462781962026366,15.877637112709769,15.462781962026366,15.651352882385254,6527387,0.0,0.0
2012-11-28 00:00:00+08:00,15.651354602497102,15.764496001672006,15.349640805395277,15.613639831542969,2777633,0.0,0.0
2012-11-29 00:00:00+08:00,15.839927173311876,15.990783372836821,15.38735857473704,15.462786674499512,2930539,0.0,0.0
2012-11-30 00:00:00+08:00,15.462783890625985,15.953067179234932,15.349641032930162,15.38735580444336,5412485,0.0,0.0
2012-12-03 00:00:00+08:00,15.387356596057918,15.764497046373327,15.387356596057918,15.538212776184082,2401948,0.0,0.0
2012-12-04 00:00:00+08:00,15.538211163689528,16.594205771829547,15.425068311914504,16.217063903808594,8720735,0.0,0.0
2012-12-05 00:00:00+08:00,16.217066177882643,16.594208098789156,16.066209992257594,16.292495727539062,7655452,0.0,0.0
2012-12-06 00:00:00+08:00,16.217062729774746,16.29249226339317,15.575923348766828,15.651352882385254,3438877,0.0,0.0
2012-12-07 00:00:00+08:00,15.462781714141617,15.802208782608806,15.425066947937012,15.425066947937012,1980696,0.0,0.0
2012-12-10 00:00:00+08:00,15.425071899408696,15.613642877276167,15.01021662220668,15.085644721984863,1685009,0.0,0.0
2012-12-11 00:00:00+08:00,15.085643854719203,15.236500045602924,14.633075282068042,15.010215759277344,2007024,0.0,0.0
2012-12-12 00:00:00+08:00,15.085641709595798,15.613639759453365,15.085641709595798,15.23649787902832,1846017,0.0,0.0
2012-12-13 00:00:00+08:00,15.500497738250292,15.613640599836316,15.274213471922067,15.575925827026367,1825764,0.0,0.0
2012-12-14 00:00:00+08:00,15.61364057260737,16.367922915896532,15.61364057260737,16.02849578857422,5573493,0.0,0.0
2012-12-17 00:00:00+08:00,16.06620657622507,16.55648980368331,15.538210038801203,15.651352882385254,2457643,0.0,0.0
2012-12-18 00:00:00+08:00,15.689067916607486,15.839924086736525,15.575925060588833,15.613639831542969,1306287,0.0,0.0
2012-12-19 00:00:00+08:00,15.839924917587684,16.367922997578138,15.689068739545789,15.953067779541016,3579632,0.0,0.0
2012-12-20 00:00:00+08:00,15.953065731582896,16.556490366286464,15.83992288415416,16.10392189025879,4150753,0.0,0.0
2012-12-21 00:00:00+08:00,16.405636850762175,16.820492082381023,16.141637802124023,16.141637802124023,4040377,0.0,0.0
2012-12-24 00:00:00+08:00,15.802211772553381,15.802211772553381,15.161070823669434,15.161070823669434,2018163,0.0,0.0
2012-12-25 00:00:00+08:00,15.198785383145992,15.575925827026367,15.198785383145992,15.575925827026367,1369070,0.0,0.0
2012-12-26 00:00:00+08:00,15.613640866247163,15.802211819826791,15.500498002730618,15.538212776184082,1270845,0.0,0.0
2012-12-27 00:00:00+08:00,15.538210038801203,16.06620657622507,15.538210038801203,15.651352882385254,2298661,0.0,0.0
2012-12-28 00:00:00+08:00,15.764496803283691,15.839924892183667,15.651355398355639,15.764496803283691,925540,0.0,0.0
2013-01-02 00:00:00+08:00,16.066209509960437,16.74506378173828,15.802211921463591,16.74506378173828,3629251,0.0,0.0
2013-01-03 00:00:00+08:00,16.895922257713288,17.19763611773013,16.4433536529541,16.4433536529541,4052529,0.0,0.0
2013-01-04 00:00:00+08:00,16.443352604452997,16.745064988387266,16.21706685965833,16.330209732055664,1867282,0.0,0.0
2013-01-07 00:00:00+08:00,16.3679216084647,16.74506202156227,16.330206838733094,16.594205856323242,2365494,0.0,0.0
2013-01-08 00:00:00+08:00,16.59420879642013,16.707351668817463,16.29249641248586,16.330209732055664,1313375,0.0,0.0
2013-01-09 00:00:00+08:00,16.405633230876834,16.82048837095834,16.367919921875,16.367919921875,2818138,0.0,0.0
2013-01-10 00:00:00+08:00,16.481064942252523,16.782778765057785,16.141637802124023,16.141637802124023,2205499,0.0,0.0
2013-01-11 00:00:00+08:00,16.292494666915886,16.40563607034734,16.141637034267603,16.179351806640625,1211100,0.0,0.0
2013-01-14 00:00:00+08:00,16.17935285989833,16.292495727539062,16.066209992257594,16.292495727539062,646055,0.0,0.0
2013-01-15 00:00:00+08:00,16.141637802124023,16.59420780790998,16.141637802124023,16.141637802124023,1471345,0.0,0.0
2013-01-16 00:00:00+08:00,16.21706606086235,16.443351794510967,15.990781784057619,15.990781784057617,891110,0.0,0.0
2013-01-17 00:00:00+08:00,16.141639478603064,16.59420953139318,15.27421560795104,15.34964370727539,3345716,0.0,0.0
2013-01-18 00:00:00+08:00,15.689070973786931,15.802213851852656,15.462786674499512,15.462786674499512,1151355,0.0,0.0
2013-01-21 00:00:00+08:00,15.538214774261984,15.651357652327711,15.38735857473704,15.462786674499512,649093,0.0,0.0
2013-01-22 00:00:00+08:00,15.538210679007673,15.651353527253443,15.46278259912504,15.500495910644531,618714,0.0,0.0
2013-01-23 00:00:00+08:00,15.50049595819498,15.990779207357935,15.50049595819498,15.689066886901855,1754880,0.0,0.0
2013-01-24 00:00:00+08:00,15.613642874024459,15.839927173311876,15.462786674499512,15.462786674499512,1116926,0.0,0.0
2013-01-25 00:00:00+08:00,15.46278062438154,15.613636764881045,15.311923027038574,15.311923027038574,710863,0.0,0.0
2013-01-28 00:00:00+08:00,15.462784745193582,15.575926152298518,15.16107092694477,15.274213790893555,657194,0.0,0.0
2013-01-29 00:00:00+08:00,15.349641822604454,15.613640866247163,15.349641822604454,15.538212776184082,829340,0.0,0.0
2013-01-30 00:00:00+08:00,15.613640866247163,15.802211819826791,15.538212776184082,15.538212776184082,894148,0.0,0.0
2013-01-31 00:00:00+08:00,15.839924086736525,15.990780256865564,15.613639831542969,15.613639831542969,1229327,0.0,0.0
2013-02-01 00:00:00+08:00,15.915352130846834,16.179351156315192,15.689067876235564,15.877638816833496,2564981,0.0,0.0
2013-02-04 00:00:00+08:00,15.915355273074349,15.990783372836821,15.42507189619626,15.462786674499512,1194898,0.0,0.0
2013-02-05 00:00:00+08:00,15.31192596374458,15.613639759453365,15.19878456509206,15.23649787902832,716939,0.0,0.0
2013-02-06 00:00:00+08:00,15.387355897166115,15.4250692120628,14.746214975484692,14.859357833862305,1348817,0.0,0.0
2013-02-18 00:00:00+08:00,15.08564174953359,15.08564174953359,14.821642723905894,14.972498893737793,707825,0.0,0.0
2013-02-19 00:00:00+08:00,14.972498854099536,15.274212649808321,14.972498854099536,15.23649787902832,797949,0.0,0.0
2013-02-20 00:00:00+08:00,15.38735487967342,15.38735487967342,15.123355865478516,15.123355865478516,553906,0.0,0.0
2013-02-21 00:00:00+08:00,15.085641673460659,15.23649784253183,15.010213588925073,15.047926902770996,541754,0.0,0.0
2013-02-22 00:00:00+08:00,15.04792908771538,15.65135676530464,14.972500992227708,15.198786735534668,2157906,0.0,0.0
2013-02-25 00:00:00+08:00,14.519929262525931,14.63307210958104,14.331359793225591,14.406787872314453,1025790,0.0,0.0
2013-02-26 00:00:00+08:00,14.406789860126118,14.70850221811106,14.331361770629883,14.331361770629883,942754,0.0,0.0
2013-02-27 00:00:00+08:00,14.482216795904758,14.557644879392058,14.29364585876465,14.293645858764648,772633,0.0,0.0
2013-03-01 00:00:00+08:00,14.406789515082407,14.595359005884825,14.369074742815645,14.444502830505371,731115,0.0,0.0
2013-03-04 00:00:00+08:00,14.444502177824145,14.482216948386748,14.067361756416767,14.142789840698242,746305,0.0,0.0
2013-03-05 00:00:00+08:00,14.180504191615151,14.293647054734787,13.954219922219721,14.067362785339355,831365,0.0,0.0
2013-03-06 00:00:00+08:00,14.293645744287177,14.444501910053573,14.105074808657328,14.180502891540527,1414638,0.0,0.0
2013-03-07 00:00:00+08:00,14.180504747074842,14.783930945943101,14.180504747074842,14.633074760437012,1759943,0.0,0.0
2013-03-08 00:00:00+08:00,14.708500188669902,14.783928267758766,14.406787872314453,14.406787872314453,804025,0.0,0.0
2013-03-11 00:00:00+08:00,14.444502064754595,14.708501086095078,14.406788751330938,14.482216835021973,787823,0.0,0.0
2013-03-12 00:00:00+08:00,14.557644687387262,14.746214165196557,14.25593090057373,14.25593090057373,819215,0.0,0.0
2013-03-13 00:00:00+08:00,14.406788751330938,14.595358232136665,14.331360667639904,14.482216835021973,651118,0.0,0.0
2013-03-14 00:00:00+08:00,14.557646039118588,14.70850221811106,14.331361770629883,14.331361770629883,571378,0.0,0.0
2013-03-15 00:00:00+08:00,14.519931265948554,14.519931265948554,14.331361770629883,14.331361770629883,384988,0.0,0.0
2013-03-18 00:00:00+08:00,14.293645670241808,14.557644687387262,14.25593090057373,14.25593090057373,699132,0.0,0.0
2013-03-19 00:00:00+08:00,14.331360265272584,14.972498230223929,14.331360265272584,14.670785903930664,2415965,0.0,0.0
2013-03-20 00:00:00+08:00,14.633076582198893,14.708504684342447,14.482220377911785,14.519933700561523,590397,0.0,0.0
2013-03-21 00:00:00+08:00,14.557648480055338,14.783932786486002,14.482220377911785,14.519933700561523,1048067,0.0,0.0
2013-03-22 00:00:00+08:00,14.519932665080209,15.010216022471052,14.519932665080209,14.783931732177734,1553722,0.0,0.0
2013-03-25 00:00:00+08:00,14.934786776130705,14.97250009318803,14.67078772935399,14.7462158203125,679692,0.0,0.0
2013-03-26 00:00:00+08:00,14.78392872636383,15.236497214935913,14.78392872636383,14.934784889221191,1816223,0.0,0.0
2013-03-27 00:00:00+08:00,15.08564200286909,15.500497205295412,15.08564200286909,15.38735580444336,2855039,0.0,0.0
2013-03-28 00:00:00+08:00,15.538214777497984,15.538214777497984,14.972501843895575,15.085644721984863,1386126,0.0,0.0
2013-03-29 00:00:00+08:00,15.198784528685906,15.23649784253183,15.047926902770996,15.047926902770996,617333,0.0,0.0
2013-04-01 00:00:00+08:00,15.085641081005742,15.085641081005742,14.670785903930664,14.670785903930664,733467,0.0,0.0
2013-04-02 00:00:00+08:00,14.67078514119955,14.897069374155025,14.67078514119955,14.708499908447266,323744,0.0,0.0
2013-04-03 00:00:00+08:00,14.89707200222952,14.97250009318803,14.67078772935399,14.7462158203125,869845,0.0,0.0
2013-04-08 00:00:00+08:00,14.444501152205959,14.557643999016436,13.727932217145643,13.954217910766602,1780039,0.0,0.0
2013-04-09 00:00:00+08:00,13.954217665969617,14.067360510795247,13.727931976318361,13.72793197631836,712829,0.0,0.0
2013-04-10 00:00:00+08:00,13.765648762227288,13.878791623644934,13.765648762227288,13.841076850891113,410358,0.0,0.0
2013-04-11 00:00:00+08:00,14.105076078096932,14.105076078096932,13.803363719410397,13.878791809082031,619450,0.0,0.0
2013-04-12 00:00:00+08:00,13.878789588367066,13.99193097634909,13.727931976318361,13.72793197631836,553852,0.0,0.0
2013-04-15 00:00:00+08:00,13.727932114980815,13.954217806917729,13.501647879887521,13.577075958251953,690080,0.0,0.0
2013-04-16 00:00:00+08:00,13.199936640356428,13.53936374903345,13.04908047135414,13.426220893859863,561303,0.0,0.0
2013-04-17 00:00:00+08:00,13.463935664532306,13.69021991803574,13.350792809358719,13.426220893859863,798305,0.0,0.0
2013-04-18 00:00:00+08:00,13.426220969754176,13.463935740639808,13.275364799899144,13.35079288482666,479650,0.0,0.0
2013-04-19 00:00:00+08:00,13.46393672431998,13.652506221993857,13.46393672431998,13.5393648147583,505800,0.0,0.0
2013-04-22 00:00:00+08:00,13.652506304539095,13.727934395433467,13.463936805725098,13.463936805725098,402342,0.0,0.0
2013-04-23 00:00:00+08:00,13.46393672431998,13.765649086073264,13.46393672431998,13.5393648147583,492214,0.0,0.0
2013-04-24 00:00:00+08:00,13.80336353498111,14.142790662390231,13.727933989473465,13.841076850891113,950234,0.0,0.0
2013-04-25 00:00:00+08:00,13.727932114980815,13.841074960949273,13.501647879887521,13.577075958251953,582063,0.0,0.0
2013-04-26 00:00:00+08:00,13.765649870236512,13.765649870236512,13.5016508102417,13.5016508102417,566623,0.0,0.0
2013-04-29 00:00:00+08:00,13.614792905196621,13.87879195015267,13.501650041117214,13.5393648147583,973712,0.0,0.0
2013-04-30 00:00:00+08:00,13.841075154703809,13.954218002256098,13.614790916442871,13.614790916442871,1224693,0.0,0.0
2013-05-02 00:00:00+08:00,13.614790725855977,13.727932114980815,13.577075958251953,13.577075958251953,454577,0.0,0.0
2013-05-03 00:00:00+08:00,13.652504036616383,13.803361650188865,13.501647879887521,13.577075958251953,517873,0.0,0.0
2013-05-06 00:00:00+08:00,13.652504036616383,13.841074960949273,13.577075958251953,13.577075958251953,566050,0.0,0.0
2013-05-07 00:00:00+08:00,13.57707807286814,13.991933296907606,13.501649982755861,13.803363800048828,1727235,0.0,0.0
2013-05-08 00:00:00+08:00,13.841077791200357,13.916505884988476,13.614793509836003,13.652506828308105,574937,0.0,0.0
2013-05-09 00:00:00+08:00,13.76564969741224,13.803364472728257,13.652506828308104,13.652506828308105,471228,0.0,0.0
2013-05-10 00:00:00+08:00,13.577078213644723,13.765649169302582,13.426222031855982,13.463936805725098,786363,0.0,0.0
2013-05-13 00:00:00+08:00,13.463935740639808,13.57707713960921,13.275364799899144,13.35079288482666,687326,0.0,0.0
2013-05-14 00:00:00+08:00,13.388506490762683,13.69021880422041,13.350791723158657,13.577075958251953,1285777,0.0,0.0
2013-05-15 00:00:00+08:00,13.727933231864444,13.727933231864444,13.426220893859863,13.426220893859863,572075,0.0,0.0
2013-05-16 00:00:00+08:00,13.652506221993857,13.80336385971435,13.5393648147583,13.5393648147583,1443066,0.0,0.0
2013-05-17 00:00:00+08:00,13.652506999711896,13.690221775501414,13.463937491296116,13.5016508102417,578401,0.0,0.0
2013-05-20 00:00:00+08:00,13.463936805725098,13.652506304539095,13.463936805725098,13.463936805725098,618136,0.0,0.0
2013-05-21 00:00:00+08:00,13.577077711128934,14.369074821472168,13.577077711128934,14.369074821472168,2822102,0.0,0.0
2013-05-22 00:00:00+08:00,14.708500047106657,14.821641436229195,14.406787733655063,14.55764389038086,6819140,0.0,0.0
2013-05-23 00:00:00+08:00,14.406790519102714,14.55764670499545,13.991933822631836,13.991933822631836,1461382,0.0,0.0
2013-05-24 00:00:00+08:00,14.105074808657328,14.557644762800223,14.02964672577413,14.180502891540527,2399918,0.0,0.0
2013-05-27 00:00:00+08:00,14.180504134793578,14.406789860126118,14.105076045297343,14.331361770629883,678108,0.0,0.0
2013-05-28 00:00:00+08:00,14.33136142739268,14.85935804122077,14.33136142739268,14.444502830505371,1979679,0.0,0.0
2013-05-29 00:00:00+08:00,14.557645690461861,14.595359005884825,14.369074742815645,14.444502830505371,1361647,0.0,0.0
2013-05-30 00:00:00+08:00,14.331360779823799,14.482216948386748,14.105075070135639,14.142789840698242,1171811,0.0,0.0
2013-05-31 00:00:00+08:00,14.331359793225591,14.670785420703655,14.180502178204234,14.406787872314453,2174806,0.0,0.0
2013-06-03 00:00:00+08:00,14.255932224289813,14.595359355444788,14.142790818467377,14.331361770629883,888246,0.0,0.0
2013-06-04 00:00:00+08:00,14.482216679917025,14.482216679917025,14.180502891540527,14.180502891540527,599279,0.0,0.0
2013-06-05 00:00:00+08:00,14.142791550646088,14.29364773744845,13.878792495319997,13.916505813598633,947010,0.0,0.0
2013-06-06 00:00:00+08:00,13.916504965519694,14.255932093562103,13.577077837477285,14.029647827148438,2615504,0.0,0.0
2013-06-07 00:00:00+08:00,13.727933231864444,13.99193225604032,13.38850758003116,13.426220893859863,1302755,0.0,0.0
2013-06-10 00:00:00+08:00,13.463935664532306,13.652505147363298,13.38850758003116,13.426220893859863,703518,0.0,0.0
2013-06-11 00:00:00+08:00,13.501650122750354,13.69022107840821,13.426222031855982,13.463936805725098,821162,0.0,0.0
2013-06-13 00:00:00+08:00,13.463936053868364,13.463936053868364,13.049080848693848,13.049080848693848,612241,0.0,0.0
2013-06-14 00:00:00+08:00,13.124508344593353,13.19993642788035,12.181655846662165,12.219369888305664,1310009,0.0,0.0
2013-06-17 00:00:00+08:00,12.219369711175917,12.634224891662598,12.219369711175917,12.634224891662598,673173,0.0,0.0
2013-06-18 00:00:00+08:00,12.785081992226937,12.785081992226937,12.44565486907959,12.44565486907959,369459,0.0,0.0
2013-06-19 00:00:00+08:00,12.445654948242929,12.634225897156192,12.33251208752621,12.370226860046387,507806,0.0,0.0
2013-06-20 00:00:00+08:00,12.294797969038918,12.332511282252726,11.879942782624742,11.993084907531738,897968,0.0,0.0
2013-06-21 00:00:00+08:00,11.69137376364154,11.69137376364154,11.465088762388975,11.54051685333252,1087957,0.0,0.0
2013-06-24 00:00:00+08:00,11.465088803209866,11.691373805268109,11.465088803209866,11.502802848815918,513423,0.0,0.0
2013-06-25 00:00:00+08:00,11.465089213179402,11.502803260134034,10.786235639574047,10.937091827392578,1019874,0.0,0.0
2013-06-26 00:00:00+08:00,11.050232995169722,11.389660116293326,11.050232995169722,11.163375854492188,521338,0.0,0.0
2013-06-27 00:00:00+08:00,11.465088045006455,11.50280208811842,11.314231872558594,11.314231872558594,659176,0.0,0.0
2013-06-28 00:00:00+08:00,11.46508890911161,11.46508890911161,11.163376541476318,11.201089859008789,453529,0.0,0.0
2013-07-01 00:00:00+08:00,11.389659881591797,11.389659881591797,11.201088938888079,11.389659881591797,411377,0.0,0.0
2013-07-02 00:00:00+08:00,11.427373848020869,11.879943087692332,11.427373848020869,11.465087890625,1121090,0.0,0.0
2013-07-03 00:00:00+08:00,11.61594406104153,11.766800959879935,11.427373848020869,11.465087890625,890604,0.0,0.0
2013-07-04 00:00:00+08:00,11.578230334460944,11.578230334460944,11.163375854492188,11.163375854492188,399245,0.0,0.0
2013-07-05 00:00:00+08:00,11.201089169703815,11.389660116293326,11.163375854492188,11.163375854492188,372886,0.0,0.0
2013-07-08 00:00:00+08:00,11.125661052361151,11.201089139424296,10.786234660577001,10.974804878234863,442245,0.0,0.0
2013-07-09 00:00:00+08:00,10.974804808077964,11.087946937949415,10.673091733332205,10.82394790649414,773058,0.0,0.0
2013-07-10 00:00:00+08:00,10.861662678206512,10.974804808077964,10.82394790649414,10.82394790649414,577336,0.0,0.0
2013-07-11 00:00:00+08:00,11.012519000606375,11.087947088209518,10.823948053176618,10.89937686920166,761754,0.0,0.0
2013-07-12 00:00:00+08:00,10.97480507672011,10.97480507672011,10.786234855651855,10.786234855651855,462770,0.0,0.0
2013-07-15 00:00:00+08:00,10.899377351890461,11.54051685333252,10.861663306418688,11.54051685333252,3363565,0.0,0.0
2013-07-16 00:00:00+08:00,11.691372758262867,11.917657011634592,11.653658716034247,11.80451488494873,2932286,0.0,0.0
2013-07-17 00:00:00+08:00,11.804515942086262,11.804515942086262,11.465088803209866,11.502802848815918,815644,0.0,0.0
2013-07-18 00:00:00+08:00,11.502802955066024,11.540517001020435,11.201089859008789,11.201089859008789,660652,0.0,0.0
2013-07-19 00:00:00+08:00,11.20109015607501,11.314233025360869,10.937091827392578,10.937091827392578,446923,0.0,0.0
2013-07-22 00:00:00+08:00,10.937091827392578,11.125662062165745,10.861663733483313,10.937091827392578,591037,0.0,0.0
2013-07-23 00:00:00+08:00,11.087947008829579,11.163375824314617,10.974804878234863,10.974804878234863,756183,0.0,0.0
2013-07-24 00:00:00+08:00,11.087946885464918,11.50280208811842,10.974804756129021,11.314231872558594,1710601,0.0,0.0
2013-07-25 00:00:00+08:00,11.314232427396476,12.106228828430176,11.314232427396476,12.106228828430176,3097370,0.0,0.0
2013-07-26 00:00:00+08:00,12.370226703627255,12.521082878112793,12.257083844341205,12.521082878112793,8416991,0.0,0.0
2013-07-29 00:00:00+08:00,12.521082847929723,13.049080914200117,12.29479858674689,12.332511901855469,3101807,0.0,0.0
2013-07-30 00:00:00+08:00,12.332511901855469,12.822796653017285,12.332511901855469,12.332511901855469,1666882,0.0,0.0
2013-07-31 00:00:00+08:00,12.445654760868779,12.67193902205161,12.219370499685946,12.332511901855469,1612647,0.0,0.0
2013-08-01 00:00:00+08:00,12.4456544087128,12.4456544087128,11.955371856689453,11.955371856689453,1107002,0.0,0.0
2013-08-02 00:00:00+08:00,12.030799983162977,12.181656153537277,11.578230015196326,11.691372871398926,1627147,0.0,0.0
2013-08-05 00:00:00+08:00,11.4650888631191,11.842230049572244,11.389660771512856,11.65365982055664,885427,0.0,0.0
2013-08-06 00:00:00+08:00,11.691373866359761,11.879944095375365,11.615945046331582,11.65365982055664,637940,0.0,0.0
2013-08-07 00:00:00+08:00,11.540516771954064,11.879943907228458,11.540516771954064,11.615944862365723,1102376,0.0,0.0
2013-08-08 00:00:00+08:00,11.766801038577348,11.766801038577348,11.389659881591797,11.389659881591797,590409,0.0,0.0
2013-08-09 00:00:00+08:00,11.389660817202788,11.540517001020435,11.201089859008789,11.201089859008789,487450,0.0,0.0
2013-08-12 00:00:00+08:00,11.201089755545574,11.615944985634073,10.974805481909266,11.502802848815918,951148,0.0,0.0
2013-08-13 00:00:00+08:00,11.615944924059972,11.99308610654326,11.5405168332477,11.766801834106445,1342238,0.0,0.0
2013-08-14 00:00:00+08:00,11.804514966039154,11.804514966039154,11.238803600301853,11.276516914367676,1186734,0.0,0.0
2013-08-15 00:00:00+08:00,11.012519606710825,11.465088885659984,11.012519606710825,11.427374839782715,891034,0.0,0.0
2013-08-16 00:00:00+08:00,11.201089091732507,11.50280216712235,11.201089091732507,11.23880386352539,575916,0.0,0.0
2013-08-19 00:00:00+08:00,11.314231685277244,11.57822998269111,11.276516914367676,11.276516914367676,685581,0.0,0.0
2013-08-20 00:00:00+08:00,11.276516137558732,11.427373025539259,11.012517858330998,11.087945938110352,787781,0.0,0.0
2013-08-22 00:00:00+08:00,11.050232887268066,11.163375745485732,10.974804800737548,11.050232887268066,516995,0.0,0.0
2013-08-23 00:00:00+08:00,11.201089169703815,11.389660116293326,11.163375854492188,11.163375854492188,549561,0.0,0.0
2013-08-26 00:00:00+08:00,11.23880386352539,11.389660037009367,11.163375776783402,11.23880386352539,287938,0.0,0.0
2013-08-27 00:00:00+08:00,11.238804844831508,11.238804844831508,11.012519836425781,11.012519836425781,365386,0.0,0.0
2013-08-28 00:00:00+08:00,11.012519000606375,11.012519000606375,10.861662825400089,10.89937686920166,488698,0.0,0.0
2013-08-29 00:00:00+08:00,10.97480578976182,11.238804844831508,10.899377696433895,11.012519836425781,1005647,0.0,0.0
2013-08-30 00:00:00+08:00,11.050232887268066,11.125660973798585,11.012518844002807,11.050232887268066,371786,0.0,0.0
2013-09-02 00:00:00+08:00,11.087947721145554,11.314232725293964,11.087947721145554,11.201089859008789,549939,0.0,0.0
2013-09-03 00:00:00+08:00,11.351944999343065,11.389659770252633,11.238803600301853,11.276516914367676,827358,0.0,0.0
2013-09-04 00:00:00+08:00,11.27651725697086,11.31423202902628,11.125661082436768,11.163375854492188,473689,0.0,0.0
2013-09-05 00:00:00+08:00,11.163376541476318,11.46508890911161,11.163376541476318,11.201089859008789,1204153,0.0,0.0
2013-09-06 00:00:00+08:00,11.201089859008789,11.314232725293964,11.125661767099965,11.201089859008789,615625,0.0,0.0
2013-09-09 00:00:00+08:00,11.163374964445492,11.201088276650268,10.861661911010742,10.861661911010742,691753,0.0,0.0
2013-09-10 00:00:00+08:00,11.012519285352738,11.050233330129466,10.522235974833347,10.63537883758545,1022638,0.0,0.0
2013-09-11 00:00:00+08:00,10.63537878792076,10.710806877121987,10.220522840470188,10.2582368850708,1508388,0.0,0.0
2013-09-12 00:00:00+08:00,10.145094912203275,10.258237047799918,10.031952048184706,10.107380867004395,724204,0.0,0.0
2013-09-13 00:00:00+08:00,10.107379839632461,10.333664087824921,10.107379839632461,10.182807922363281,538231,0.0,0.0
2013-09-16 00:00:00+08:00,10.220523747367533,10.48452208299718,10.220523747367533,10.295951843261719,681591,0.0,0.0
2013-09-17 00:00:00+08:00,10.295951843261719,10.409093987102995,10.220523747367533,10.295951843261719,690413,0.0,0.0
2013-09-18 00:00:00+08:00,10.333664087824921,10.333664087824921,10.182807922363281,10.182807922363281,796186,0.0,0.0
2013-09-23 00:00:00+08:00,10.371377944946289,10.371377944946289,10.22052106433798,10.371377944946289,689873,0.0,0.0
2013-09-24 00:00:00+08:00,10.40909395215229,10.635379695919,10.40909395215229,10.522236824035645,1113614,0.0,0.0
2013-09-25 00:00:00+08:00,10.559949756912165,10.786234748365205,10.559949756912165,10.673091888427734,670181,0.0,0.0
2013-09-26 00:00:00+08:00,10.861662836042251,10.9370909237193,10.635378573011112,10.673091888427734,1123890,0.0,0.0
2013-09-27 00:00:00+08:00,10.861662836042251,10.861662836042251,10.597663800750688,10.673091888427734,1214496,0.0,0.0
2013-09-30 00:00:00+08:00,10.559950871856104,10.635379695919,10.48452204779321,10.522236824035645,428292,0.0,0.0
2013-10-01 00:00:00+08:00,10.522236824035645,10.635379695919,10.522236824035645,10.522236824035645,530490,0.0,0.0
2013-10-02 00:00:00+08:00,10.597662962057468,10.673091043765178,10.559948921203613,10.559948921203613,453427,0.0,0.0
2013-10-03 00:00:00+08:00,10.409092930380654,10.710806740171618,10.1073805774335,10.597663879394531,3764013,0.0,0.0
2013-10-04 00:00:00+08:00,10.559949995398906,10.559949995398906,10.409093088215949,10.446807861328125,766286,0.0,0.0
2013-10-07 00:00:00+08:00,10.559950137812892,10.559950137812892,10.107380867004395,10.107380867004395,945838,0.0,0.0
2013-10-08 00:00:00+08:00,10.03195102847979,10.220521963728691,10.03195102847979,10.182807922363281,480143,0.0,0.0
2013-10-09 00:00:00+08:00,9.88109609396584,10.069667052706164,9.692525863647461,9.692525863647461,1203268,0.0,0.0
2013-10-11 00:00:00+08:00,9.843382651203486,9.918810742372061,9.692525740444404,9.805667877197266,638428,0.0,0.0
2013-10-14 00:00:00+08:00,9.805667121775874,9.843381892876577,9.126813625135142,9.16452693939209,1410258,0.0,0.0
2013-10-15 00:00:00+08:00,9.051385615785247,9.27766987375839,8.82510062939022,9.089098930358887,2776713,0.0,0.0
2013-10-16 00:00:00+08:00,9.164526124960407,9.20224089270948,8.900527849669588,9.013669967651367,664595,0.0,0.0
2013-10-17 00:00:00+08:00,9.051386746807902,9.164528161510258,9.013671970677818,9.126814842224121,635047,0.0,0.0
2013-10-18 00:00:00+08:00,9.164526863690698,9.31538449000363,9.089098778956103,9.239954948425293,652442,0.0,0.0
2013-10-21 00:00:00+08:00,9.277669984474183,9.353098071365357,9.16452712571553,9.202241897583008,403313,0.0,0.0
2013-10-22 00:00:00+08:00,9.202242937640342,9.202242937640342,9.089100066094037,9.126814842224121,347805,0.0,0.0
2013-10-23 00:00:00+08:00,9.202241703372005,9.692524986239224,9.12681361807272,9.617096900939941,1735119,0.0,0.0
2013-10-24 00:00:00+08:00,9.579382047572757,9.692524165946294,9.466239929199219,9.466239929199219,741347,0.0,0.0
2013-10-25 00:00:00+08:00,9.654810830976682,9.654810830976682,9.50395393371582,9.50395393371582,508535,0.0,0.0
2013-10-28 00:00:00+08:00,9.579382823149663,9.579382823149663,9.428525924682617,9.428525924682617,613946,0.0,0.0
2013-10-29 00:00:00+08:00,9.428525849296324,9.579382746557185,9.390812535508443,9.50395393371582,302708,0.0,0.0
2013-10-30 00:00:00+08:00,9.579381666393441,10.145092964172363,9.277668634314518,10.145092964172363,7697699,0.0,0.0
2013-10-31 00:00:00+08:00,10.145094798644141,10.748520243493719,10.145094798644141,10.63537883758545,6523180,0.0,0.0
2013-11-01 00:00:00+08:00,10.63537862409913,10.748520027736287,10.295950771078148,10.409092903137207,1955603,0.0,0.0
2013-11-04 00:00:00+08:00,10.409092362447636,10.409092362447636,9.994237899780273,9.994237899780273,1238486,0.0,0.0
2013-11-05 00:00:00+08:00,9.994238052258092,10.145094222802319,9.767953068019878,9.843381881713867,1271617,0.0,0.0
2013-11-06 00:00:00+08:00,9.843381731537596,10.258236194204958,9.654810792812384,9.994237899780273,1609585,0.0,0.0
2013-11-07 00:00:00+08:00,9.994238370912413,10.673091888427734,9.994238370912413,10.673091888427734,3381091,0.0,0.0
2013-11-08 00:00:00+08:00,10.673092021298178,10.937091059876293,10.333664894104004,10.333664894104004,2995898,0.0,0.0
2013-11-11 00:00:00+08:00,10.333664087824921,10.446806940343004,10.107379839632461,10.182807922363281,960244,0.0,0.0
2013-11-12 00:00:00+08:00,10.182808228888005,10.484520568893483,9.503954007031929,9.654810905456543,4732000,0.0,0.0
2013-11-13 00:00:00+08:00,9.654810905456543,9.881095160460651,9.579382820455173,9.654810905456543,929937,0.0,0.0
2013-11-14 00:00:00+08:00,9.692524982747766,9.95652328120016,9.692524982747766,9.843381881713867,611312,0.0,0.0
2013-11-15 00:00:00+08:00,9.881095083314687,9.91880985394279,9.69252487228351,9.730238914489746,449124,0.0,0.0
2013-11-18 00:00:00+08:00,9.805668439176078,9.805668439176078,9.202242946822249,9.315385818481445,873785,0.0,0.0
2013-11-19 00:00:00+08:00,9.315384786703314,9.503954276123963,9.277670014712912,9.390812873840332,525816,0.0,0.0
2013-11-20 00:00:00+08:00,9.42852653737304,9.956523895263672,9.315385130908808,9.956523895263672,1126442,0.0,0.0
2013-11-21 00:00:00+08:00,9.956523167727157,9.956523167727157,9.654810830077276,9.730238914489746,505685,0.0,0.0
2013-11-22 00:00:00+08:00,9.956524059534416,10.03195215070299,9.692525740444404,9.805667877197266,453737,0.0,0.0
2013-11-25 00:00:00+08:00,9.805666998902216,9.91880985394279,9.69252487228351,9.730238914489746,552606,0.0,0.0
2013-11-26 00:00:00+08:00,9.843381731549645,10.031951213431357,9.692524834884917,9.767952919006348,1805323,0.0,0.0
2013-11-27 00:00:00+08:00,9.73023978602869,9.881095968365841,9.73023978602869,9.805667877197266,791061,0.0,0.0
2013-11-28 00:00:00+08:00,9.88109580533957,10.145094848495846,9.88109580533957,9.956523895263672,1065990,0.0,0.0
2013-11-29 00:00:00+08:00,9.956523895263672,10.182808893457898,9.918810578723543,9.956523895263672,500889,0.0,0.0
2013-12-02 00:00:00+08:00,9.95652328120016,10.069666137530206,9.843381881713867,9.843381881713867,1069158,0.0,0.0
2013-12-03 00:00:00+08:00,9.843381731549645,9.956523129309925,9.767952919006348,9.767952919006348,587769,0.0,0.0
2013-12-04 00:00:00+08:00,9.767953955774813,9.843382776324107,9.692525863647461,9.692525863647461,1022257,0.0,0.0
2013-12-05 00:00:00+08:00,9.80566779568888,10.031952067313645,9.80566779568888,9.881095886230469,1325963,0.0,0.0
2013-12-06 00:00:00+08:00,9.881095968365841,9.918810742372061,9.767953831612978,9.805667877197266,555175,0.0,0.0
2013-12-09 00:00:00+08:00,9.805666998902216,10.182808149386435,9.730238914489746,9.730238914489746,1978671,0.0,0.0
2013-12-10 00:00:00+08:00,9.730239909711138,9.88109609396584,9.692525863647461,9.692525863647461,525039,0.0,0.0
2013-12-11 00:00:00+08:00,9.7679540828696,9.881096222532765,9.46624171043449,9.579383850097656,1294479,0.0,0.0
2013-12-12 00:00:00+08:00,9.315383771367836,9.541668008114911,9.315383771367836,9.466239929199219,634718,0.0,0.0
2013-12-13 00:00:00+08:00,9.541668891906738,9.730239106662179,9.466240806004562,9.541668891906738,468953,0.0,0.0
2013-12-16 00:00:00+08:00,9.541669048114366,9.579383091682875,9.277670014712912,9.390812873840332,535617,0.0,0.0
2013-12-17 00:00:00+08:00,9.503954009705204,9.730238993194835,9.428525924682617,9.428525924682617,919154,0.0,0.0
2013-12-18 00:00:00+08:00,9.428525849296324,9.541668704347437,9.428525849296324,9.50395393371582,455058,0.0,0.0
2013-12-19 00:00:00+08:00,9.617096788766935,9.617096788766935,9.466240619927941,9.50395393371582,411658,0.0,0.0
2013-12-20 00:00:00+08:00,9.50395324023525,9.73023820540414,9.466239929199219,9.466239929199219,767418,0.0,0.0
2013-12-23 00:00:00+08:00,9.579382934857826,9.617096977808915,9.466240806004562,9.541668891906738,460712,0.0,0.0
2013-12-24 00:00:00+08:00,9.579382746557185,9.730238915396178,9.50395393371582,9.50395393371582,853318,0.0,0.0
2013-12-25 00:00:00+08:00,9.541668666642055,9.767952919006348,9.541668666642055,9.767952919006348,1332440,0.0,0.0
2013-12-26 00:00:00+08:00,10.031951912891428,10.446807861328125,10.031951912891428,10.446807861328125,2815923,0.0,0.0
2013-12-27 00:00:00+08:00,10.710805813040874,10.710805813040874,10.446806798642047,10.559948921203613,12706172,0.0,0.0
2013-12-30 00:00:00+08:00,10.559948921203613,10.710805813040874,10.446806798642047,10.559948921203613,2323813,0.0,0.0
2013-12-31 00:00:00+08:00,10.635378705412057,10.710806794028116,10.333664894104004,10.333664894104004,1676911,0.0,0.0
2014-01-02 00:00:00+08:00,10.182807636055978,10.635377576559813,10.182807636055978,10.484519958496094,1208005,0.0,0.0
2014-01-03 00:00:00+08:00,10.522235713073641,10.673091888427734,10.40909285313617,10.673091888427734,985110,0.0,0.0
2014-01-06 00:00:00+08:00,10.78623446746804,11.389659881591797,10.78623446746804,11.389659881591797,3036920,0.0,0.0
2014-01-07 00:00:00+08:00,11.691373805268109,11.76680189648021,11.351945937969779,11.502802848815918,11901557,0.0,0.0
2014-01-08 00:00:00+08:00,11.502802010160897,11.653658910008247,11.389659881591797,11.389659881591797,2430059,0.0,0.0
2014-01-09 00:00:00+08:00,11.427374817315979,12.18165719022227,11.427374817315979,11.65365982055664,5556142,0.0,0.0
2014-01-10 00:00:00+08:00,11.691372871398926,11.993085212147527,11.65365882880535,11.691372871398926,1584298,0.0,0.0
2014-01-13 00:00:00+08:00,11.76680167261866,12.143942121504136,11.729087627730113,11.917657852172852,2258262,0.0,0.0
2014-01-14 00:00:00+08:00,11.842229924918717,11.955372789559053,11.615944924059972,11.766801834106445,1226867,0.0,0.0
2014-01-15 00:00:00+08:00,11.766800843756382,11.842228928220267,11.540515861942861,11.578229904174805,1124904,0.0,0.0
2014-01-16 00:00:00+08:00,11.766801038577348,11.766801038577348,11.389659881591797,11.389659881591797,906971,0.0,0.0
2014-01-17 00:00:00+08:00,11.389660116293326,11.54051629082742,11.125661082436768,11.163375854492188,1416751,0.0,0.0
2014-01-20 00:00:00+08:00,11.163376225979981,11.917657852172852,11.012519318003871,11.917657852172852,2684064,0.0,0.0
2014-01-21 00:00:00+08:00,11.993085097148036,12.143941266075803,11.578229904174805,11.578229904174805,1985896,0.0,0.0
2014-01-22 00:00:00+08:00,11.615943946406746,11.804514885988326,11.578229904174805,11.578229904174805,733239,0.0,0.0
2014-01-23 00:00:00+08:00,11.653658910008247,11.766801038577348,11.389659881591797,11.389659881591797,896647,0.0,0.0
2014-01-24 00:00:00+08:00,11.38966067144543,11.615944944276064,11.38966067144543,11.54051685333252,640941,0.0,0.0
2014-01-27 00:00:00+08:00,11.314233025360869,11.427375166224769,10.937091827392578,10.937091827392578,1057415,0.0,0.0
2014-02-05 00:00:00+08:00,10.484521726286404,11.012519836425781,10.484521726286404,11.012519836425781,824357,0.0,0.0
2014-02-06 00:00:00+08:00,11.087945938110352,11.238802826090879,11.012517858330998,11.087945938110352,489053,0.0,0.0
2014-02-07 00:00:00+08:00,11.314233393831836,11.842230796813965,11.163377201100365,11.842230796813965,7856463,0.0,0.0
2014-02-10 00:00:00+08:00,12.068515085911171,12.257085326825509,11.842230796813965,11.842230796813965,5345606,0.0,0.0
2014-02-11 00:00:00+08:00,11.842228571786038,12.634224891662598,11.842228571786038,12.634224891662598,9442376,0.0,0.0
2014-02-12 00:00:00+08:00,12.935937220437022,13.124508154342884,12.521082039950342,12.634224891662598,6659161,0.0,0.0
2014-02-13 00:00:00+08:00,12.671938311496136,12.935937329828079,12.294797897338867,12.294797897338867,4560097,0.0,0.0
2014-02-14 00:00:00+08:00,12.33251293990645,12.709654863799708,12.219371528213602,12.257084846496582,2315476,0.0,0.0
2014-02-17 00:00:00+08:00,12.257083844341205,12.634225737398843,12.257083844341205,12.521082878112793,1984025,0.0,0.0
2014-02-18 00:00:00+08:00,12.671939111012232,13.275365268579796,12.521082935831291,12.898224830627441,7420029,0.0,0.0
2014-02-19 00:00:00+08:00,12.973652792520426,13.727933661117152,12.973652792520426,13.237651824951172,8353595,0.0,0.0
2014-02-20 00:00:00+08:00,13.35079319542303,13.388507967186067,13.011367533774589,13.049080848693848,3165100,0.0,0.0
2014-02-21 00:00:00+08:00,13.42622254694375,13.841077791200357,13.199938265579396,13.652506828308105,7705369,0.0,0.0
2014-02-24 00:00:00+08:00,13.727934149173437,13.803363695558568,13.426221791008253,13.690220832824707,2972114,0.0,0.0
2014-02-25 00:00:00+08:00,13.95422058872118,14.406790605972178,13.727934851673725,13.916505813598633,5372388,0.0,0.0
2014-02-26 00:00:00+08:00,13.991933190989892,14.067362737375023,13.577077970090846,13.690220832824707,2924790,0.0,0.0
2014-02-27 00:00:00+08:00,13.803364913357521,13.916506329229426,13.237653463466108,13.27536678314209,3432348,0.0,0.0
2014-03-03 00:00:00+08:00,13.19993782043457,13.539364959456472,13.011368320745412,13.19993782043457,2626682,0.0,0.0
2014-03-04 00:00:00+08:00,13.199936911059673,13.388507854601603,12.747368394771565,12.935937881469727,3008842,0.0,0.0
2014-03-05 00:00:00+08:00,13.162223785916897,13.237651873050641,12.935938067671879,12.973652839660645,1797690,0.0,0.0
2014-03-06 00:00:00+08:00,12.973652386852994,13.577077062862154,12.973652386852994,13.426220893859863,3824099,0.0,0.0
2014-03-07 00:00:00+08:00,13.42622040583214,13.614791338652534,12.521081967875407,12.7096529006958,4720264,0.0,0.0
2014-03-10 00:00:00+08:00,12.747368439334677,12.785081754068644,12.294798464620676,12.6719388961792,1879964,0.0,0.0
2014-03-11 00:00:00+08:00,12.709653824641613,12.747368596684892,12.445654790870025,12.521082878112793,1570200,0.0,0.0
2014-03-12 00:00:00+08:00,12.445653957756734,12.709652973856203,12.445653957756734,12.634224891662598,1297528,0.0,0.0
2014-03-13 00:00:00+08:00,12.709653685790759,13.463936006821836,12.709653685790759,13.313079833984375,4189170,0.0,0.0
2014-03-14 00:00:00+08:00,13.124509013928131,13.237651873050641,12.82279666539316,12.973652839660645,2015273,0.0,0.0
2014-03-17 00:00:00+08:00,12.973651915275616,13.011366684577169,12.67193813139425,12.7096529006958,2172396,0.0,0.0
2014-03-18 00:00:00+08:00,12.785081922545833,13.388508077834976,12.785081922545833,13.162223815917969,3437715,0.0,0.0
2014-03-19 00:00:00+08:00,13.27536499710769,13.27536499710769,12.822796480819582,12.935937881469727,1686733,0.0,0.0
2014-03-20 00:00:00+08:00,12.822795825568459,13.049080072149279,12.55879680946899,12.634224891662598,1923258,0.0,0.0
2014-03-21 00:00:00+08:00,12.747368439334677,12.860509840380347,12.483369408821824,12.6719388961792,1114085,0.0,0.0
2014-03-24 00:00:00+08:00,12.294798616384485,12.558797650156073,12.106228398277562,12.521082878112793,1179301,0.0,0.0
2014-03-25 00:00:00+08:00,12.521083012540146,12.97365299769938,12.445654924487574,12.822796821594238,1299038,0.0,0.0
2014-03-26 00:00:00+08:00,12.89822430235185,13.69021991803574,12.89822430235185,13.426220893859863,6914828,0.0,0.0
2014-03-27 00:00:00+08:00,13.313080543443338,13.916505266949905,13.313080543443338,13.5393648147583,5814104,0.0,0.0
2014-03-28 00:00:00+08:00,13.577075958251953,13.954217806917729,13.42621980152309,13.577075958251953,3293083,0.0,0.0
2014-03-31 00:00:00+08:00,13.76564969741224,13.803364472728257,13.42622254694375,13.652506828308105,1939924,0.0,0.0
2014-04-01 00:00:00+08:00,13.652504227731209,13.803361843415473,13.501648068890582,13.614790916442871,1397891,0.0,0.0
2014-04-02 00:00:00+08:00,13.727934149173437,13.991933190989892,13.614792743283411,13.690220832824707,4276511,0.0,0.0
2014-04-03 00:00:00+08:00,13.614792846346203,14.180504250610229,13.57707807286814,13.803363800048828,3001927,0.0,0.0
2014-04-07 00:00:00+08:00,13.69021890610457,13.991931221807674,13.614790827178794,13.954217910766602,1667745,0.0,0.0
2014-04-08 00:00:00+08:00,13.954217806634057,14.897069514592092,13.954217806634057,14.55764389038086,5700590,0.0,0.0
2014-04-09 00:00:00+08:00,14.482218230379644,14.934786776130705,14.331362048462623,14.7462158203125,3980981,0.0,0.0
2014-04-10 00:00:00+08:00,14.746213499792518,15.047925816147966,14.180502178204234,14.406787872314453,4925025,0.0,0.0
2014-04-11 00:00:00+08:00,14.180503005111841,14.519930109226548,14.180503005111841,14.293645858764648,2208642,0.0,0.0
2014-04-14 00:00:00+08:00,14.21821766140398,14.557644762800223,14.180502891540527,14.180502891540527,2385554,0.0,0.0
2014-04-15 00:00:00+08:00,14.406790301154826,14.746215985856656,14.218219343219682,14.595359802246094,3670304,0.0,0.0
2014-04-16 00:00:00+08:00,14.633072563506472,15.161069133507233,14.595357794370292,14.934784889221191,3775278,0.0,0.0
2014-04-17 00:00:00+08:00,15.161070659555337,15.953067779541016,14.972499708581058,15.953067779541016,8266168,0.0,0.0
2014-04-18 00:00:00+08:00,16.066208110577655,16.217064278534373,15.651354377118542,15.839923858642578,5163531,0.0,0.0
2014-04-21 00:00:00+08:00,15.953067224331502,16.93363380432129,15.953067224331502,16.93363380432129,7093252,0.0,0.0
2014-04-22 00:00:00+08:00,16.9336373396875,17.687919817967124,16.895922560193682,17.159921646118164,8985731,0.0,0.0
2014-04-23 00:00:00+08:00,17.57477463537851,17.80105891218324,15.990781784057619,15.990781784057617,17224044,0.0,0.0
2014-04-24 00:00:00+08:00,15.99077824310114,15.99077824310114,15.38735363857597,15.425066947937012,6536023,0.0,0.0
2014-04-25 00:00:00+08:00,15.575924836296455,15.990780026599296,15.085641562015256,15.839923858642578,6394012,0.0,0.0
2014-04-28 00:00:00+08:00,15.538212536583764,16.06620915888359,15.161070635240064,15.764496803283691,4618027,0.0,0.0
2014-04-29 00:00:00+08:00,15.990782222568683,16.367924151096055,15.651356526475547,15.802212715148926,3980599,0.0,0.0
2014-04-30 00:00:00+08:00,15.83992513643641,16.141637496688737,15.538212776184082,15.538212776184082,2878294,0.0,0.0
2014-05-02 00:00:00+08:00,15.61363979136514,16.066208300587682,15.61363979136514,15.877638816833496,1936229,0.0,0.0
2014-05-05 00:00:00+08:00,16.141637193119113,16.330208143152355,15.990781015830041,16.02849578857422,1941644,0.0,0.0
2014-05-06 00:00:00+08:00,16.820492121298123,16.820492121298123,16.367923571308946,16.518779754638672,3854105,0.0,0.0
2014-05-07 00:00:00+08:00,16.36792152512319,16.518777689594096,16.217063903808594,16.217063903808594,1606965,0.0,0.0
2014-05-08 00:00:00+08:00,16.367923533438937,16.631921125233216,15.990781619143329,16.141637802124023,1992999,0.0,0.0
2014-05-09 00:00:00+08:00,16.141635367585973,16.292492984657667,15.613638806787836,15.689066886901855,1881790,0.0,0.0
2014-05-12 00:00:00+08:00,15.839920975630301,15.839920975630301,15.085638816289316,15.311923027038574,2302237,0.0,0.0
2014-05-13 00:00:00+08:00,15.387355897166115,15.651354928818021,14.859357833862303,14.859357833862305,2238611,0.0,0.0
2014-05-14 00:00:00+08:00,14.93478843256946,15.34964370727539,14.595361257187879,15.34964370727539,1861092,0.0,0.0
2014-05-15 00:00:00+08:00,15.311926261416964,15.38735580444336,15.08564200286909,15.38735580444336,557713,0.0,0.0
2014-05-16 00:00:00+08:00,15.387352554131787,15.651351528427652,15.198781650085676,15.311923027038574,1396836,0.0,0.0
2014-05-19 00:00:00+08:00,15.387352554131787,15.538208694631292,15.274209720335428,15.311923027038574,723298,0.0,0.0
2014-05-20 00:00:00+08:00,15.311929018130535,15.689070973786931,15.311929018130535,15.462786674499512,880217,0.0,0.0
2014-05-21 00:00:00+08:00,15.46278062438154,15.613636764881045,15.311923027038574,15.311923027038574,577393,0.0,0.0
2014-05-22 00:00:00+08:00,15.462785899822656,16.330209732055664,15.425071123408891,16.330209732055664,3572568,0.0,0.0
2014-05-23 00:00:00+08:00,16.59420414641667,16.745060296111117,16.141634240489775,16.367919921875,3404373,0.0,0.0
2014-05-26 00:00:00+08:00,16.367923249675385,16.971349427980698,16.367923249675385,16.820491790771484,3407150,0.0,0.0
2014-05-27 00:00:00+08:00,16.820491676807265,17.68791689329681,16.820491676807265,17.34848976135254,7269670,0.0,0.0
2014-05-28 00:00:00+08:00,17.499346377343766,18.55534257278379,17.499346377343766,18.44219970703125,14399756,0.0,0.0
2014-05-29 00:00:00+08:00,18.55534257278379,18.857054938998726,18.140485883972442,18.44219970703125,6944904,0.0,0.0
2014-05-30 00:00:00+08:00,18.63076761177957,19.04562131893147,18.593052843760145,18.857051849365234,6839264,0.0,0.0
2014-06-03 00:00:00+08:00,18.857053773356846,19.08333803403037,18.10277144760132,18.404483795166016,5011081,0.0,0.0
2014-06-04 00:00:00+08:00,18.630769268400417,19.686763927874654,18.630769268400417,19.083337783813477,10333734,0.0,0.0
2014-06-05 00:00:00+08:00,19.53590547784384,20.365615844726562,19.08333698145892,20.365615844726562,12848180,0.0,0.0
2014-06-06 00:00:00+08:00,20.47876032343583,20.591901728094616,19.535907029164296,19.950763702392578,5890392,0.0,0.0
2014-06-09 00:00:00+08:00,20.21476020495589,20.21476020495589,19.498192671956694,19.83761978149414,3480166,0.0,0.0
2014-06-10 00:00:00+08:00,20.290190497854706,20.290190497854706,19.611337661743164,19.611337661743164,2661159,0.0,0.0
2014-06-11 00:00:00+08:00,19.98847812624958,19.98847812624958,19.309623833294133,19.611337661743164,3076893,0.0,0.0
2014-06-12 00:00:00+08:00,19.79990575648168,20.25247573852539,19.422765318815085,20.25247573852539,3641443,0.0,0.0
2014-06-13 00:00:00+08:00,20.62961839362426,21.346187487478918,20.516475521740904,21.04447364807129,10967566,0.0,0.0
2014-06-16 00:00:00+08:00,21.195329618825053,21.270757708496685,20.705044850693675,20.818187713623047,3627414,0.0,0.0
2014-06-17 00:00:00+08:00,20.818187583790337,21.044471851394015,20.403332364761678,20.5164737701416,2985058,0.0,0.0
2014-06-18 00:00:00+08:00,20.516472543725293,20.742758254646084,19.649048841341394,19.83761978149414,3085459,0.0,0.0
2014-06-19 00:00:00+08:00,19.913048616203557,20.365617141403472,19.913048616203557,20.25247573852539,2249546,0.0,0.0
2014-06-20 00:00:00+08:00,20.441045388588048,20.705044425438484,20.063904947975864,20.101619720458984,2861632,0.0,0.0
2014-06-23 00:00:00+08:00,20.214758656808826,20.290186735724514,18.706195621651364,18.932479858398438,4240686,0.0,0.0
2014-06-24 00:00:00+08:00,18.781626168563403,19.64904991849934,18.555341902081484,19.498193740844727,2452368,0.0,0.0
2014-06-25 00:00:00+08:00,19.460478968009163,19.913048957816823,19.30962279035455,19.498193740844727,1634407,0.0,0.0
2014-06-26 00:00:00+08:00,19.5359068981672,19.913048796084436,19.38505072173783,19.649049758911133,1813853,0.0,0.0
2014-06-27 00:00:00+08:00,19.649048992369803,19.83761993397196,19.498192821825576,19.686763763427734,1490411,0.0,0.0
2014-06-30 00:00:00+08:00,19.98847885225447,21.04447364807129,19.950765532855986,21.04447364807129,8309608,0.0,0.0
2014-07-01 00:00:00+08:00,21.421615655047383,21.421615655047383,20.441047494735066,20.591903686523438,5728436,0.0,0.0
2014-07-02 00:00:00+08:00,20.742759197921604,20.89361537416648,19.724477823002992,20.101619720458984,3820085,0.0,0.0
2014-07-03 00:00:00+08:00,20.96904376219279,21.119899940595243,20.403332364761678,20.5164737701416,4821178,0.0,0.0
2014-07-04 00:00:00+08:00,20.667331109799168,20.742759197921604,19.988476859853424,20.101619720458984,3093560,0.0,0.0
2014-07-07 00:00:00+08:00,20.101620823406325,20.403333192450603,19.6867655875485,19.76219367980957,2609028,0.0,0.0
2014-07-08 00:00:00+08:00,19.913047866186492,19.950762636954536,19.649048841341394,19.83761978149414,1027413,0.0,0.0
2014-07-09 00:00:00+08:00,19.76219278016221,20.063905135471437,19.347337563190113,19.498193740844727,2188341,0.0,0.0
2014-07-10 00:00:00+08:00,19.49819358248176,19.913048796084436,19.49819358248176,19.649049758911133,1026588,0.0,0.0
2014-07-11 00:00:00+08:00,19.649049156501682,19.724477242403857,18.857053526106945,19.083337783813477,2370712,0.0,0.0
2014-07-14 00:00:00+08:00,19.234192174061203,19.309620252976895,18.781623700567053,18.932479858398438,1617884,0.0,0.0
2014-07-15 00:00:00+08:00,18.93248204102456,19.913048636816537,18.93248204102456,19.79990577697754,1492780,0.0,0.0
2014-07-16 00:00:00+08:00,19.913048636816537,20.21476098726213,19.573621514143344,19.79990577697754,3096178,0.0,0.0
2014-07-17 00:00:00+08:00,19.988475035037137,20.177045966549848,19.837618872564438,20.02618980407715,2349223,0.0,0.0
2014-07-18 00:00:00+08:00,19.98847762493286,20.290189988970955,19.72447857797759,20.063905715942383,1812125,0.0,0.0
2014-07-21 00:00:00+08:00,21.00675719967651,21.044470513457526,19.913047790527344,19.913047790527344,2783408,0.0,0.0
2014-07-22 00:00:00+08:00,20.063904812039333,20.21476098726213,19.79990577697754,19.79990577697754,1091689,0.0,0.0
2014-07-23 00:00:00+08:00,19.79990577697754,19.79990577697754,19.79990577697754,19.79990577697754,0,0.0,0.0
2014-07-24 00:00:00+08:00,19.837620549205138,20.10161958426693,19.76219246159374,19.79990577697754,1217656,0.0,0.0
2014-07-25 00:00:00+08:00,19.988477956592778,20.177048915667395,19.76219367980957,19.76219367980957,1198729,0.0,0.0
2014-07-28 00:00:00+08:00,19.875335641825078,19.875335641825078,19.498193740844727,19.498193740844727,935835,0.0,0.0
2014-07-29 00:00:00+08:00,19.686764269628778,19.762192356840355,18.17819961170966,18.329055786132812,2920525,0.0,0.0
2014-07-30 00:00:00+08:00,18.329053770229276,18.932479858398438,17.348487287481657,18.932479858398438,3012942,0.0,0.0
2014-07-31 00:00:00+08:00,18.857051779482745,19.234192174061203,18.329053770229276,18.932479858398438,2038430,0.0,0.0
2014-08-01 00:00:00+08:00,18.40448245175065,19.30962088521892,18.40448245175065,19.045621871948242,5093888,0.0,0.0
2014-08-04 00:00:00+08:00,19.045621871948242,19.422763735718835,18.932480478292007,19.045621871948242,1121838,0.0,0.0
2014-08-05 00:00:00+08:00,20.327902338448062,20.327902338448062,19.234192963987688,19.347335815429688,6585696,0.0,0.0
2014-08-06 00:00:00+08:00,19.686765552648215,19.686765552648215,18.932483174530812,19.385051727294922,4858057,0.0,0.0
2014-08-07 00:00:00+08:00,19.53590913234046,19.68676678286608,18.93248435761388,18.970197677612305,1747292,0.0,0.0
2014-08-08 00:00:00+08:00,18.819339325248755,18.819339325248755,17.72562986124537,18.102771759033203,3036077,0.0,0.0
2014-08-11 00:00:00+08:00,18.47990992806066,18.932479858398438,18.253625691313584,18.932479858398438,2894169,0.0,0.0
2014-08-12 00:00:00+08:00,18.93248194066922,19.007910027880797,18.329055786132812,18.329055786132812,3308880,0.0,0.0
2014-08-13 00:00:00+08:00,18.29134178161621,18.630768889698455,18.215912240403505,18.29134178161621,1169339,0.0,0.0
2014-08-14 00:00:00+08:00,18.479913970696906,18.555343522957074,18.253629684448242,18.253629684448242,861013,0.0,0.0
2014-08-15 00:00:00+08:00,18.253627698921235,18.63076959182291,18.253627698921235,18.329055786132812,1509804,0.0,0.0
2014-08-18 00:00:00+08:00,18.55533946381998,19.46047641080828,18.51762469594032,18.932479858398438,4234001,0.0,0.0
2014-08-19 00:00:00+08:00,19.535904562122223,19.535904562122223,18.857051849365234,18.857051849365234,1967119,0.0,0.0
2014-08-20 00:00:00+08:00,18.857051779482745,19.234192174061203,18.706195621651364,18.932479858398438,1648221,0.0,0.0
2014-08-21 00:00:00+08:00,18.9324829461832,19.04562435458767,18.36677153362925,18.517627716064453,1795822,0.0,0.0
2014-08-22 00:00:00+08:00,18.593054801416226,18.932481921954697,18.593054801416226,18.781625747680664,1082985,0.0,0.0
2014-08-25 00:00:00+08:00,18.781623770170015,19.007908007755677,18.70619569097479,18.857051849365234,1010889,0.0,0.0
2014-08-26 00:00:00+08:00,19.007910280664404,19.875335480398995,18.894767419920473,19.649049758911133,4518745,0.0,0.0
2014-08-27 00:00:00+08:00,19.799906015437376,19.95076364932082,19.4604788886763,19.57362174987793,2398121,0.0,0.0
2014-08-28 00:00:00+08:00,19.762192699599375,19.83762078811919,19.535906977196113,19.57362174987793,1169935,0.0,0.0
2014-08-29 00:00:00+08:00,19.61133552741709,19.83761978149414,19.61133552741709,19.83761978149414,1520569,0.0,0.0
2014-09-01 00:00:00+08:00,20.47876026895953,20.47876026895953,19.535906977196113,19.57362174987793,3111460,0.0,0.0
2014-09-02 00:00:00+08:00,19.611336602507595,19.64904991849934,19.30962279035455,19.498193740844727,1229655,0.0,0.0
2014-09-03 00:00:00+08:00,20.32790321666257,20.516472701420977,19.686763763427734,19.686763763427734,7648482,0.0,0.0
2014-09-04 00:00:00+08:00,19.83761986276642,19.87533463368898,19.083337555908976,19.309621810913086,3197209,0.0,0.0
2014-09-05 00:00:00+08:00,19.535906065917196,19.573620836839755,19.121050869987787,19.309621810913086,2301915,0.0,0.0
2014-09-09 00:00:00+08:00,19.611337495287433,19.950764638884188,19.385051761660336,19.76219367980957,2602644,0.0,0.0
2014-09-10 00:00:00+08:00,19.611335454648167,19.913047792298048,19.27190688952645,19.460477828979492,3136582,0.0,0.0
2014-09-11 00:00:00+08:00,19.76219154722072,19.76219154722072,19.347336356130985,19.535905838012695,1154293,0.0,0.0
2014-09-12 00:00:00+08:00,19.53590692318596,19.724477872386068,19.045623620740717,19.19647979736328,2265388,0.0,0.0
2014-09-15 00:00:00+08:00,19.083337555908976,19.573620836839755,19.007909470907606,19.309621810913086,1762915,0.0,0.0
2014-09-16 00:00:00+08:00,19.309624931553525,19.460481125936226,18.781628251214066,18.8947696685791,2746615,0.0,0.0
2014-09-17 00:00:00+08:00,19.23419579330409,19.23419579330409,18.970196739001416,19.158767700195312,1267460,0.0,0.0
2014-09-18 00:00:00+08:00,19.158766481629545,19.385050746563394,18.970195532429436,19.19647979736328,1177032,0.0,0.0
2014-09-19 00:00:00+08:00,19.460477753891265,19.535905838012695,19.23419350152697,19.535905838012695,1714599,0.0,0.0
2014-09-22 00:00:00+08:00,19.76219154722072,19.95076248594616,19.498192524373845,19.535905838012695,3040207,0.0,0.0
2014-09-23 00:00:00+08:00,19.535907056836468,19.611336602507595,19.385050879181854,19.498193740844727,1046683,0.0,0.0
2014-09-24 00:00:00+08:00,19.460479819422275,19.762193644775568,19.385051727294922,19.385051727294922,1227837,0.0,0.0
2014-09-25 00:00:00+08:00,19.535907946182476,19.79990699751816,19.460479853921406,19.76219367980957,4106220,0.0,0.0
2014-09-26 00:00:00+08:00,19.309621585648404,19.573620608495276,19.23419350152697,19.535905838012695,1788243,0.0,0.0
2014-09-29 00:00:00+08:00,19.79990509184386,19.79990509184386,19.271907039990527,19.309621810913086,2081052,0.0,0.0
2014-09-30 00:00:00+08:00,19.309623536213444,19.34733831050579,17.9896297454834,17.9896297454834,8324709,0.0,0.0
2014-10-01 00:00:00+08:00,17.9896297454834,18.29134356929053,17.612489286779333,17.9896297454834,3957103,0.0,0.0
2014-10-02 00:00:00+08:00,17.989628898328093,18.29134270792712,17.499345596678953,18.102771759033203,3010002,0.0,0.0
2014-10-03 00:00:00+08:00,19.347335815429688,19.347335815429688,19.007908717947373,19.347335815429688,7462633,0.0,0.0
2014-10-06 00:00:00+08:00,20.365619497985026,20.365619497985026,19.64905185507989,19.875337600708008,7417371,0.0,0.0
2014-10-07 00:00:00+08:00,19.988476859853424,20.290189212343176,19.686764507363677,20.101619720458984,5147156,0.0,0.0
2014-10-08 00:00:00+08:00,19.98847812624958,20.10162099402345,19.611337661743164,19.611337661743164,2826544,0.0,0.0
2014-10-09 00:00:00+08:00,20.214762404953426,20.214762404953426,19.535908111997983,19.611337661743164,3297789,0.0,0.0
2014-10-13 00:00:00+08:00,18.70619834576916,19.271908291597377,18.70619834576916,18.819339752197266,3255985,0.0,0.0
2014-10-14 00:00:00+08:00,18.81933935580687,19.271907885674565,18.81933935580687,19.19647979736328,1416596,0.0,0.0
2014-10-15 00:00:00+08:00,19.573620682279543,19.98847587493311,19.309621658437504,19.913047790527344,5685906,0.0,0.0
2014-10-16 00:00:00+08:00,19.76219254032218,20.101619664347577,18.932482116447606,19.724477767944336,6505997,0.0,0.0
2014-10-17 00:00:00+08:00,19.875334478513683,19.98847587671052,19.460477828979492,19.460477828979492,7523919,0.0,0.0
2014-10-20 00:00:00+08:00,19.83761963134215,19.91304771546358,19.535905838012695,19.535905838012695,4753400,0.0,0.0
2014-10-21 00:00:00+08:00,19.686763100149182,20.365615844726562,19.49819216490028,20.365615844726562,7803637,0.0,0.0
2014-10-22 00:00:00+08:00,20.969042349981677,21.04447043410302,19.498192524349978,19.988475799560547,11145709,0.0,0.0
2014-10-23 00:00:00+08:00,19.98847579958501,20.101618654189025,19.460477753891265,19.535905838012695,3424897,0.0,0.0
2014-10-24 00:00:00+08:00,19.686763927874654,19.76219201377683,19.0079096979113,19.083337783813477,3494973,0.0,0.0
2014-10-27 00:00:00+08:00,19.30962340227121,19.30962340227121,18.517627716064453,18.517627716064453,3647019,0.0,0.0
2014-10-28 00:00:00+08:00,18.66848221422669,19.460477828979492,18.66848221422669,19.460477828979492,2832373,0.0,0.0
2014-10-29 00:00:00+08:00,19.611335017418362,20.441043927457383,19.5736202476311,20.365615844726562,9129204,0.0,0.0
2014-10-30 00:00:00+08:00,20.365616753925757,20.6673305551624,20.06390440953288,20.629615783691406,12940635,0.0,0.0
2014-10-31 00:00:00+08:00,20.7427615114419,20.7427615114419,20.21476337885136,20.44104766845703,4230020,0.0,0.0
2014-11-03 00:00:00+08:00,20.667329788208008,21.836465807766224,20.478758851538352,20.667329788208008,18372346,0.0,0.0
2014-11-04 00:00:00+08:00,20.818187602477735,21.421613773473037,20.17704811526988,21.3461856842041,10377943,0.0,0.0
2014-11-05 00:00:00+08:00,22.817034781841716,22.817034781841716,21.949609601475096,22.100465774536133,20210172,0.0,0.0
2014-11-06 00:00:00+08:00,22.100467766179488,22.477609689663016,21.610184431126026,22.025039672851562,7175880,0.0,0.0
2014-11-07 00:00:00+08:00,22.25132316319445,22.81703453446184,21.647897020648813,22.779319763183594,12404891,0.0,0.0
2014-11-10 00:00:00+08:00,23.345032753389376,23.722174664950963,23.08103370666504,23.08103370666504,11999596,0.0,0.0
2014-11-11 00:00:00+08:00,23.23188957242355,23.4958871421567,22.9301757748312,23.38274574279785,6919193,0.0,0.0
2014-11-12 00:00:00+08:00,23.38274859193015,23.609032875063804,23.0056066631968,23.194177627563477,6016509,0.0,0.0
2014-11-13 00:00:00+08:00,23.231889891752402,23.382746064200266,22.43989280113548,22.628463745117188,6549254,0.0,0.0
2014-11-14 00:00:00+08:00,22.77932238006315,23.53360478068592,22.666180966918287,23.194177627563477,6561852,0.0,0.0
2014-11-17 00:00:00+08:00,23.382747732719523,23.910745830807087,22.779321543025713,23.30731964111328,10116530,0.0,0.0
2014-11-18 00:00:00+08:00,23.57131499424783,23.57131499424783,21.911892868571147,22.175891876220703,8809835,0.0,0.0
2014-11-19 00:00:00+08:00,22.515323638916016,22.77932122745871,22.25132459352947,22.515323638916016,4309069,0.0,0.0
2014-11-20 00:00:00+08:00,22.779318645994,23.8353147078695,22.779318645994,23.646743774414062,9624221,0.0,0.0
2014-11-21 00:00:00+08:00,23.873028793919673,24.287883986856368,23.42045883033249,23.60902976989746,8624375,0.0,0.0
2014-11-24 00:00:00+08:00,23.646745625684837,23.873029889440627,23.081032781029652,23.269603729248047,6353394,0.0,0.0
2014-11-25 00:00:00+08:00,23.382745896094757,23.64674492440243,23.15646018220603,23.231889724731445,3048258,0.0,0.0
2014-11-26 00:00:00+08:00,23.38274558806428,23.98617172241211,23.269602732610394,23.98617172241211,5962229,0.0,0.0
2014-11-27 00:00:00+08:00,24.43874184523682,25.079881335867626,24.287885665893555,24.287885665893555,11778113,0.0,0.0
2014-11-28 00:00:00+08:00,24.28788413801225,24.36331222293892,23.759886086681824,23.910743713378906,4933260,0.0,0.0
2014-12-01 00:00:00+08:00,23.081032497709163,24.85359764099121,23.081032497709163,24.85359764099121,6579174,0.0,0.0
2014-12-02 00:00:00+08:00,25.98501968383789,25.98501968383789,25.98501968383789,25.98501968383789,20949617,0.0,0.0
2014-12-03 00:00:00+08:00,25.796449661254883,25.796449661254883,25.796449661254883,25.796449661254883,21205895,0.0,0.0
2014-12-04 00:00:00+08:00,25.909591674804688,25.909591674804688,25.909591674804688,25.909591674804688,13803726,0.0,0.0
2014-12-05 00:00:00+08:00,26.022734848723022,26.211302878577417,25.532448647301486,25.871875762939453,4420653,0.0,0.0
2014-12-08 00:00:00+08:00,26.28673257888659,26.324447350558337,25.645593115217107,25.721019744873047,3116462,0.0,0.0
2014-12-09 00:00:00+08:00,25.57016675340927,25.721022945178795,25.155312954465053,25.23073959350586,4124114,0.0,0.0
2014-12-10 00:00:00+08:00,25.11759707865647,25.758736594035053,24.929026118776687,25.570165634155273,4095974,0.0,0.0
2014-12-11 00:00:00+08:00,25.04216612740284,25.53244943016976,24.740453773959754,25.117595672607422,4009322,0.0,0.0
2014-12-12 00:00:00+08:00,25.268454558413175,25.83416746703595,25.230739781767404,25.4570255279541,3593552,0.0,0.0
2014-12-15 00:00:00+08:00,25.381592840552536,25.94730567932129,25.004453861727608,25.94730567932129,2799092,0.0,0.0
2014-12-16 00:00:00+08:00,25.83416746703595,26.098165076180486,25.41931075130833,25.4570255279541,3345594,0.0,0.0
2014-12-17 00:00:00+08:00,25.457022743225647,25.570164147098556,24.62731231621986,24.740453720092773,5318273,0.0,0.0
2014-12-18 00:00:00+08:00,24.96673766567871,25.193020457329364,24.589595794677734,24.589595794677734,3629836,0.0,0.0
2014-12-19 00:00:00+08:00,25.117596618984795,25.117596618984795,22.930177603573714,23.835317611694336,6671104,0.0,0.0
2014-12-22 00:00:00+08:00,24.13702886099152,24.89130973815918,23.873029825560938,24.89130973815918,3432762,0.0,0.0
2014-12-23 00:00:00+08:00,25.494739958525972,26.0981647219155,25.38159563012451,25.758737564086914,8184150,0.0,0.0
2014-12-24 00:00:00+08:00,26.211303607652248,26.739301681518555,25.9473060275629,26.739301681518555,11144810,0.0,0.0
2014-12-25 00:00:00+08:00,27.078728489704943,27.380440838758396,26.77701614065149,27.041013717651367,8927358,0.0,0.0
2014-12-26 00:00:00+08:00,27.908435881875295,28.851287598907888,27.644438333486093,28.813575744628906,16118197,0.0,0.0
2014-12-29 00:00:00+08:00,30.925568031814308,31.30270992262685,29.945001446651755,30.095857620239258,11346660,0.0,0.0
2014-12-30 00:00:00+08:00,30.322144184167772,31.64213792518308,29.681001786408427,31.528993606567383,11663860,0.0,0.0
2014-12-31 00:00:00+08:00,31.528989934031753,31.98155841471587,30.96328006159843,31.37813377380371,9891671,0.0,0.0
2015-01-05 00:00:00+08:00,30.92556687750156,32.05698959402068,30.92556687750156,31.679847717285156,6321741,0.0,0.0
2015-01-06 00:00:00+08:00,31.679849784367335,32.358704041310936,31.22728125096748,31.528993606567383,10260618,0.0,0.0
2015-01-07 00:00:00+08:00,31.52899279000462,31.679848963897577,30.058142909282594,30.472999572753906,10181174,0.0,0.0
2015-01-08 00:00:00+08:00,30.92557316936785,31.189570788581058,30.586145993986268,30.69928741455078,5209152,0.0,0.0
2015-01-09 00:00:00+08:00,31.5289899349729,32.81127166748047,31.15184807754789,32.81127166748047,15547327,0.0,0.0
2015-01-12 00:00:00+08:00,33.11298872950282,34.206696776222216,33.11298872950282,33.339271545410156,14105152,0.0,0.0
2015-01-13 00:00:00+08:00,33.263848082034414,35.639835357666016,32.96213568960704,35.639835357666016,16460195,0.0,0.0
2015-01-14 00:00:00+08:00,36.01697209401422,36.65811156358266,34.31983649004625,34.659263610839844,21802635,0.0,0.0
2015-01-15 00:00:00+08:00,34.65926712522367,36.167831935751074,33.94270095264687,35.71526336669922,17056120,0.0,0.0
2015-01-16 00:00:00+08:00,35.828400424586725,36.431825109959235,35.074119567871094,35.074119567871094,9774172,0.0,0.0
2015-01-19 00:00:00+08:00,35.413550235835224,35.52669164727529,34.01812686876051,34.282127380371094,7776233,0.0,0.0
2015-01-20 00:00:00+08:00,34.546121662947854,35.18726112239195,34.50840689152466,34.92326354980469,5856877,0.0,0.0
2015-01-21 00:00:00+08:00,34.99869073163344,35.6021183428707,34.58383698048992,34.659263610839844,7021179,0.0,0.0
2015-01-22 00:00:00+08:00,34.81012076768829,35.30040407670678,34.65926458904319,34.847835540771484,5356510,0.0,0.0
2015-01-23 00:00:00+08:00,34.96097632493675,35.14954727331339,33.037557896132824,33.45241165161133,15163997,0.0,0.0
2015-01-26 00:00:00+08:00,33.56555948062975,34.583840960188176,33.45241515155354,34.5084114074707,7510109,0.0,0.0
2015-01-27 00:00:00+08:00,35.26269075109915,35.71525926821678,34.88554886332401,35.11183166503906,10450362,0.0,0.0
2015-01-28 00:00:00+08:00,35.11183338119643,35.602119607480304,34.77240916203386,35.451263427734375,4755917,0.0,0.0
2015-01-29 00:00:00+08:00,35.828398515586045,36.16782561144468,34.96097339131538,35.79068374633789,7638222,0.0,0.0
2015-01-30 00:00:00+08:00,36.205540282691125,36.205540282691125,35.33811516076842,35.602115631103516,4900633,0.0,0.0
2015-02-02 00:00:00+08:00,35.48897300310893,35.60211731590145,34.998689722070495,35.375831604003906,2608802,0.0,0.0
2015-02-03 00:00:00+08:00,35.79068581041287,35.79068581041287,34.35755071951943,34.92326354980469,8220459,0.0,0.0
2015-02-04 00:00:00+08:00,35.41354407360096,35.60211500231346,32.66041259356062,32.81127166748047,18086935,0.0,0.0
2015-02-05 00:00:00+08:00,32.81127636583455,33.49012772724429,32.69813204419316,33.339271545410156,7728847,0.0,0.0
2015-02-06 00:00:00+08:00,33.33926555414556,33.33926555414556,31.03870555248971,31.340417861938477,14373569,0.0,0.0
2015-02-09 00:00:00+08:00,31.340423786724003,31.943851433384392,31.302711926179025,31.566709518432617,5297530,0.0,0.0
2015-02-10 00:00:00+08:00,31.679852067790613,32.019279220727675,31.22728350177048,31.60442543029785,4428594,0.0,0.0
2015-02-11 00:00:00+08:00,31.906131363949957,32.01927275418323,31.22727719517578,31.83070182800293,4363461,0.0,0.0
2015-02-12 00:00:00+08:00,31.83070825646399,32.019279220727675,31.37813969044386,31.60442543029785,2222945,0.0,0.0
2015-02-13 00:00:00+08:00,31.604418071869862,31.642132838679075,31.076420077602407,31.302705764770508,3695800,0.0,0.0
2015-02-24 00:00:00+08:00,31.755279094162674,33.37698517872826,31.528993372300278,33.30155563354492,8192175,0.0,0.0
2015-02-25 00:00:00+08:00,34.16898116317937,34.16898116317937,32.81127556001631,32.99984359741211,6509962,0.0,0.0
2015-02-26 00:00:00+08:00,32.69813332525944,33.376987626953444,32.660418549901365,33.226131439208984,3299424,0.0,0.0
2015-03-02 00:00:00+08:00,33.22613097240652,33.37698715803157,32.283279083828035,32.584991455078125,3441260,0.0,0.0
2015-03-03 00:00:00+08:00,32.8112752446037,33.56555612799899,32.73584569942036,33.30155563354492,6571130,0.0,0.0
2015-03-04 00:00:00+08:00,33.79183584896597,35.602115631103516,33.33926736027526,35.602115631103516,19187017,0.0,0.0
2015-03-05 00:00:00+08:00,35.82839980585523,37.86496245434869,35.07411896216549,36.58268356323242,21784417,0.0,0.0
2015-03-06 00:00:00+08:00,36.582686971093814,37.52553884195924,35.63983218654065,36.1301155090332,12285429,0.0,0.0
2015-03-09 00:00:00+08:00,36.130114627206304,37.26154034105542,35.94154658858579,36.69582748413086,7882045,0.0,0.0
2015-03-10 00:00:00+08:00,36.959825327345015,38.619246222824295,36.69582774048191,38.39296340942383,15075954,0.0,0.0
2015-03-11 00:00:00+08:00,38.3175297639485,38.99638395891312,37.78953173301075,38.694671630859375,10475203,0.0,0.0
2015-03-12 00:00:00+08:00,38.69467721633345,39.59981433114884,37.94039337363282,39.22267532348633,12630559,0.0,0.0
2015-03-13 00:00:00+08:00,39.59980872900359,41.93808364868164,39.2980964000814,41.93808364868164,19929093,0.0,0.0
2015-03-16 00:00:00+08:00,41.93808364868164,41.93808364868164,41.93808364868164,41.93808364868164,0,0.0,0.0
2015-03-17 00:00:00+08:00,45.03064727783203,45.03064727783203,45.03064727783203,45.03064727783203,5630179,0.0,0.0
2015-03-18 00:00:00+08:00,47.51977564046028,48.12320327758789,45.33235956114679,48.12320327758789,28927519,0.0,0.0
2015-03-19 00:00:00+08:00,48.952911178411654,51.442039489746094,48.34948357272636,51.442039489746094,30816019,0.0,0.0
2015-03-20 00:00:00+08:00,52.045476699513344,53.55403862343183,51.743758487353794,53.10146713256836,24464180,0.0,0.0
2015-03-23 00:00:00+08:00,54.00660615829942,54.00660615829942,49.782621425983784,50.15976333618164,21336981,0.0,0.0
2015-03-24 00:00:00+08:00,50.08433378866698,50.763188061548036,49.48090906330059,50.15976333618164,15084431,0.0,0.0
2015-03-25 00:00:00+08:00,50.310621764766196,51.140329294310334,47.36891898335329,48.57577133178711,15696251,0.0,0.0
2015-03-26 00:00:00+08:00,47.670632863535765,49.93347840128744,46.840922444535146,49.40548324584961,9354988,0.0,0.0
2015-03-27 00:00:00+08:00,49.405481590976166,49.63176438895927,46.01121048435471,46.91634750366211,9084653,0.0,0.0
2015-03-30 00:00:00+08:00,47.36891706234034,48.575769361831114,46.840921912895205,48.19862747192383,5455243,0.0,0.0
2015-03-31 00:00:00+08:00,49.70720083800525,51.51747512817383,48.65120458838568,51.51747512817383,11097298,0.0,0.0
2015-04-01 00:00:00+08:00,50.91404356436533,51.97003967293902,50.00890654017717,51.66832733154297,10110141,0.0,0.0
2015-04-02 00:00:00+08:00,52.045469697446045,52.34718204163812,50.53690214911062,51.743751525878906,9437996,0.0,0.0
2015-04-07 00:00:00+08:00,51.215756571333614,51.215756571333614,49.028340610942,49.25462341308594,12282630,0.0,0.0
2015-04-08 00:00:00+08:00,49.5563369852259,50.763186396370585,49.33005417748008,49.48090744018555,9850193,0.0,0.0
2015-04-09 00:00:00+08:00,48.95290985284268,48.95290985284268,46.388349153921524,47.21805953979492,9993791,0.0,0.0
2015-04-10 00:00:00+08:00,48.87747925802965,49.17919158935547,47.142631896062504,49.17919158935547,10760825,0.0,0.0
2015-04-13 00:00:00+08:00,49.17919499352973,51.89461199079752,48.349484568107634,51.29118728637695,12120973,0.0,0.0
2015-04-14 00:00:00+08:00,50.91404143446211,52.34717936667171,50.310616776913264,50.53689956665039,12792920,0.0,0.0
2015-04-15 00:00:00+08:00,49.7071960753066,50.763186396370585,49.48090744018555,49.48090744018555,9416815,0.0,0.0
2015-04-16 00:00:00+08:00,49.63176329978006,50.23518796607605,48.65119676020537,48.877479553222656,8563114,0.0,0.0
2015-04-17 00:00:00+08:00,48.87748392491433,49.48090864518172,46.99178021723487,47.519775390625,11362335,0.0,0.0
2015-04-20 00:00:00+08:00,47.14263291218141,48.04776992566831,46.4637786952225,47.21805953979492,8084675,0.0,0.0
2015-04-21 00:00:00+08:00,47.89691789467472,48.34948644051657,43.97465133666992,43.97465133666992,15905484,0.0,0.0
2015-04-22 00:00:00+08:00,44.20093743713908,46.61463928222656,43.52208315583903,46.61463928222656,16250929,0.0,0.0
2015-04-23 00:00:00+08:00,46.61463995147425,47.29349424252063,45.70949992551648,46.01121520996094,7947898,0.0,0.0
2015-04-24 00:00:00+08:00,46.312927344335975,46.76549589816105,44.35179403073954,45.40778732299805,9955120,0.0,0.0
2015-04-27 00:00:00+08:00,45.407785956001426,47.67063448437953,44.12550696858936,47.519775390625,10642719,0.0,0.0
2015-04-28 00:00:00+08:00,47.746061294823456,49.17919646762279,47.14263657231588,49.028343200683594,16299561,0.0,0.0
2015-04-29 00:00:00+08:00,49.179196543607716,49.25462609088156,47.670634735007965,48.12320327758789,6709413,0.0,0.0
2015-04-30 00:00:00+08:00,47.67063274923325,48.65119934082031,47.067205137242105,48.65119934082031,6999035,0.0,0.0
2015-05-04 00:00:00+08:00,49.78261615510766,52.045467376708984,49.33005057268725,52.045467376708984,19315141,0.0,0.0
2015-05-05 00:00:00+08:00,52.42260341960106,52.875174829396286,51.29118363617521,52.045467376708984,12773116,0.0,0.0
2015-05-06 00:00:00+08:00,54.98717279618212,55.6660270690918,53.32775188766685,55.6660270690918,21530657,0.0,0.0
2015-05-07 00:00:00+08:00,56.42031364139974,59.21116070493164,56.344889909788414,58.079734802246094,21628399,0.0,0.0
2015-05-08 00:00:00+08:00,59.211149069121326,59.96543285601783,55.66602459450806,56.64659118652344,17155299,0.0,0.0
2015-05-11 00:00:00+08:00,55.892309044949776,57.099158477610516,53.70489299140835,54.76088333129883,15772262,0.0,0.0
2015-05-12 00:00:00+08:00,54.68546334034804,58.306017712528785,54.30832141008692,57.70258712768555,11691854,0.0,0.0
2015-05-13 00:00:00+08:00,58.079723672780396,59.43743216488308,57.174586620503675,57.778011322021484,13207298,0.0,0.0
2015-05-14 00:00:00+08:00,57.778011638299155,59.060290592887526,57.25001647842461,57.47629928588867,10071513,0.0,0.0
2015-05-15 00:00:00+08:00,58.456868119890125,58.456868119890125,55.36430910539287,56.797447204589844,10565891,0.0,0.0
2015-05-18 00:00:00+08:00,58.07972730733617,60.191719722189525,58.00430358545792,59.588294982910156,15620270,0.0,0.0
2015-05-19 00:00:00+08:00,59.965430907892824,63.73683806510151,59.73914228275032,63.510555267333984,20350337,0.0,0.0
2015-05-20 00:00:00+08:00,63.51055433358808,64.0385494630746,62.22827545279947,62.98255920410156,10924259,0.0,0.0
2015-05-21 00:00:00+08:00,62.22827563173865,63.4351249753924,61.4739918782676,63.35969543457031,7158561,0.0,0.0
2015-05-22 00:00:00+08:00,64.11397524368337,67.73452887927934,63.20883829162802,64.41568756103516,22207805,0.0,0.0
2015-05-25 00:00:00+08:00,65.32082899732077,68.86595916748047,64.49112152448815,68.86595916748047,16295362,0.0,0.0
2015-05-26 00:00:00+08:00,69.5448171811625,71.8830922993285,69.24310482662901,70.2990951538086,15451166,0.0,0.0
2015-05-27 00:00:00+08:00,70.29909147011826,73.0145083460064,69.16767165674817,72.86365509033203,14547409,0.0,0.0
2015-05-28 00:00:00+08:00,74.90020898962243,77.69105529785156,73.9950720088622,77.69105529785156,19905988,0.0,0.0
2015-05-29 00:00:00+08:00,78.44534536947783,82.59389457048198,76.93677778556709,80.70819091796875,16492363,0.0,0.0
2015-06-01 00:00:00+08:00,80.70820223102575,83.34819004554761,76.18251049966716,78.0682144165039,16206636,0.0,0.0
2015-06-02 00:00:00+08:00,78.06820085754003,81.83960803619172,76.93677520751953,76.93677520751953,12301197,0.0,0.0
2015-06-03 00:00:00+08:00,80.3310546875,81.46248045522913,77.3139251342646,80.3310546875,16607309,0.0,0.0
2015-06-04 00:00:00+08:00,79.5767714983002,79.5767714983002,72.33566284179688,72.33566284179688,24052758,0.0,0.0
2015-06-05 00:00:00+08:00,71.50594798329976,73.91964673801446,67.88539402385263,73.84422302246094,25309417,0.0,0.0
2015-06-08 00:00:00+08:00,75.42821785590186,81.08533477783203,75.0510759507898,81.08533477783203,21165954,0.0,0.0
2015-06-09 00:00:00+08:00,80.70819634769893,82.5939001270749,76.93678296157141,78.44535064697266,20156865,0.0,0.0
2015-06-10 00:00:00+08:00,79.95391833334065,80.70820223102575,76.93678856997624,78.0682144165039,14897459,0.0,0.0
2015-06-11 00:00:00+08:00,79.95390319824219,81.46247070804388,78.82248339326583,79.95390319824219,11046704,0.0,0.0
2015-06-12 00:00:00+08:00,79.19961427090927,81.08532353500796,74.52307044711829,75.42820739746094,15381665,0.0,0.0
2015-06-15 00:00:00+08:00,77.3139108341851,78.06819453982459,74.07049905825968,75.42820739746094,10705688,0.0,0.0
2015-06-16 00:00:00+08:00,75.42821350153386,78.4453427408802,75.27735441724778,76.93677520751953,12233056,0.0,0.0
2015-06-17 00:00:00+08:00,78.44534514548377,80.33104879261253,77.6910613556822,79.19962310791016,11580116,0.0,0.0
2015-06-18 00:00:00+08:00,79.19961973525776,81.46247100830078,77.69105804727067,81.46247100830078,10496963,0.0,0.0
2015-06-22 00:00:00+08:00,83.72531462593177,89.38243103027344,83.72531462593177,89.38243103027344,19990827,0.0,0.0
2015-06-23 00:00:00+08:00,91.64527552860112,95.79382440987125,85.61101731277662,85.9881591796875,36569774,0.0,0.0
2015-06-24 00:00:00+08:00,86.36530830252337,94.28527069091797,85.23388260673475,94.28527069091797,21510193,0.0,0.0
2015-06-25 00:00:00+08:00,97.30240240675252,97.30240240675252,92.02242735339581,96.5481185913086,22549436,0.0,0.0
2015-06-26 00:00:00+08:00,96.5481166315118,97.67954233171127,93.53098725835515,96.17097473144531,12447602,0.0,0.0
2015-06-29 00:00:00+08:00,93.15384639412073,94.28527210690119,91.26814270019531,91.26814270019531,9277383,0.0,0.0
2015-06-30 00:00:00+08:00,90.513862738763,92.77670843312573,87.49673320382081,92.02243041992188,13409978,0.0,0.0
2015-07-01 00:00:00+08:00,92.3995656556525,92.3995656556525,82.97104104537951,85.23388671875,13036847,0.0,0.0
2015-07-02 00:00:00+08:00,86.74246227074184,89.38245010087635,84.47961056430421,88.62816619873047,5568468,0.0,0.0
2015-07-03 00:00:00+08:00,91.26813455592905,91.26813455592905,88.25100541845518,89.38243103027344,6719898,0.0,0.0
2015-07-06 00:00:00+08:00,87.11957895304536,89.75956619404674,85.9881591796875,85.9881591796875,4482785,0.0,0.0
2015-07-07 00:00:00+08:00,87.49671776701162,87.49671776701162,78.44533658647136,82.21674346923828,6687855,0.0,0.0
2015-07-08 00:00:00+08:00,79.95391001633065,79.95391001633065,74.52308166910417,74.67393493652344,8664724,0.0,0.0
2015-07-09 00:00:00+08:00,70.22366833166453,77.69105897419986,68.6396712561608,76.93677520751953,9411732,0.0,0.0
2015-07-10 00:00:00+08:00,76.93677520751953,76.93677520751953,76.93677520751953,76.93677520751953,0,0.0,0.0
2015-07-13 00:00:00+08:00,80.70817836308534,84.47958508143554,77.69104949198059,82.97102355957031,7250270,0.0,0.0
2015-07-14 00:00:00+08:00,82.97103239047065,84.47959407289743,79.95390319824219,79.95390319824219,5323721,0.0,0.0
2015-07-15 00:00:00+08:00,80.7081838419165,82.9710291920135,79.1996163902687,82.59388732910156,4766012,0.0,0.0
2015-07-16 00:00:00+08:00,85.23388064090764,87.49672615291956,81.08533150678166,83.7253189086914,12577213,0.0,0.0
2015-07-17 00:00:00+08:00,82.59390206480359,82.97104399500199,77.31392669677734,77.31392669677734,13098632,0.0,0.0
2015-07-20 00:00:00+08:00,77.31390887902457,78.44533440887162,71.12879780036742,72.93907165527344,13663382,0.0,0.0
2015-07-21 00:00:00+08:00,73.69335823553817,75.0510665937177,70.14823409327754,74.90020751953125,14595426,0.0,0.0
2015-07-22 00:00:00+08:00,73.46708516483831,75.8053603322531,72.10937662715388,72.7882308959961,12364119,0.0,0.0
2015-07-23 00:00:00+08:00,71.88309004157423,73.39165176685972,65.547119140625,65.547119140625,28445826,0.0,0.0
2015-07-24 00:00:00+08:00,66.45226660911798,71.50595938018456,65.99969510678892,71.27967071533203,25273055,0.0,0.0
2015-07-27 00:00:00+08:00,69.01681068750703,69.62023534846314,64.8682617729027,66.37682342529297,19287229,0.0,0.0
2015-07-28 00:00:00+08:00,65.9996908494729,70.22367572573967,65.84883757667801,68.56425476074219,19860997,0.0,0.0
2015-07-29 00:00:00+08:00,69.6956747025185,71.27966611743072,66.7539746955742,68.56425476074219,18576812,0.0,0.0
2015-07-30 00:00:00+08:00,68.26254111194146,70.90252869657868,66.5276906292833,67.58368682861328,16968069,0.0,0.0
2015-07-31 00:00:00+08:00,69.99737489539197,70.14823396931183,64.56654729964583,65.62254333496094,23429953,0.0,0.0
2015-08-03 00:00:00+08:00,59.211146557516194,59.211146557516194,59.06028747558594,59.06028747558594,1736025,0.0,0.0
2015-08-04 00:00:00+08:00,53.32774276674322,56.94829632722742,53.176883697509766,53.176883697509766,5988032,0.0,0.0
2015-08-05 00:00:00+08:00,51.517469198561,56.19401931762695,49.028340879231614,56.19401931762695,7837512,0.0,0.0
2015-08-06 00:00:00+08:00,56.194022671957306,56.194022671957306,51.66833136991559,52.79975128173828,2766935,0.0,0.0
2015-08-07 00:00:00+08:00,51.36661399130064,56.87287139892578,51.36661399130064,56.87287139892578,3142502,0.0,0.0
2015-08-10 00:00:00+08:00,58.00429926661594,60.19171524047852,57.77801063570334,60.191715240478516,2329525,0.0,0.0
2015-08-11 00:00:00+08:00,60.191713235678726,60.191713235678726,55.967734688541164,56.57115936279297,1886146,0.0,0.0
2015-08-12 00:00:00+08:00,57.02373109990949,59.588294982910156,57.02373109990949,59.588294982910156,1499729,0.0,0.0
2015-08-13 00:00:00+08:00,60.71970868589585,61.700275243519485,59.965430752829576,61.32313919067383,1502602,0.0,0.0
2015-08-14 00:00:00+08:00,60.64427909194138,62.68083572387695,59.96542493883805,62.68083572387695,1772843,0.0,0.0
2015-08-17 00:00:00+08:00,64.11398572158049,68.2625409610551,64.11398572158049,66.07511901855469,10035133,0.0,0.0
2015-08-18 00:00:00+08:00,68.4888171198832,68.56424666105775,64.56655090730563,64.8682632446289,6991039,0.0,0.0
2015-08-19 00:00:00+08:00,63.96312395885071,66.376822571633,59.06028554004352,60.49342346191406,10851043,0.0,0.0
2015-08-20 00:00:00+08:00,60.38046845677368,62.00401370660653,57.9838041459191,59.60734939575195,11826730,1.929522,0.0
2015-08-21 00:00:00+08:00,56.66949951257833,59.14347069743443,53.65434265136719,53.65434265136719,17387619,0.0,0.0
2015-08-24 00:00:00+08:00,51.10304838408998,51.798854218361896,48.319828033447266,48.319828033447266,16384041,0.0,0.0
2015-08-25 00:00:00+08:00,48.706390357628955,53.1131591796875,48.47445704264396,53.1131591796875,20721850,0.0,0.0
2015-08-26 00:00:00+08:00,53.11315870251069,56.05100853941602,51.721546879321956,55.509822845458984,24791444,0.0,0.0
2015-08-27 00:00:00+08:00,57.98379422495653,60.84432470467779,57.442614558571144,58.91153335571289,21823067,0.0,0.0
2015-08-28 00:00:00+08:00,61.15357538971175,62.23594077162239,58.29304470847332,58.602291107177734,18536733,0.0,0.0
2015-08-31 00:00:00+08:00,58.37036850631025,60.457786560058594,57.82918272965801,60.457786560058594,11535926,0.0,0.0
2015-09-01 00:00:00+08:00,61.84938646489886,64.63260401777818,61.69476028107153,63.3956184387207,23291337,0.0,0.0
2015-09-02 00:00:00+08:00,63.31831041255217,65.17379490247565,62.46788425213488,63.240997314453125,26094747,0.0,0.0
2015-09-03 00:00:00+08:00,64.16874198909869,64.40067530849271,62.777130126953125,62.777130126953125,15417691,0.0,0.0
2015-09-04 00:00:00+08:00,62.77712919258357,63.55024223668693,58.756919860839844,58.756919860839844,19305893,0.0,0.0
2015-09-07 00:00:00+08:00,58.756920919979635,60.68971252441407,58.13842211150114,60.68971252441406,13080048,0.0,0.0
2015-09-08 00:00:00+08:00,61.07626724243164,62.00400642294078,60.30314827222889,61.07626724243164,10494368,0.0,0.0
2015-09-09 00:00:00+08:00,63.3956184387207,64.47798380684114,62.6998125572783,63.3956184387207,17233343,0.0,0.0
2015-09-10 00:00:00+08:00,62.93174024782134,64.32335188660099,62.081314231283635,64.16873168945312,11267893,0.0,0.0
2015-09-11 00:00:00+08:00,64.94184635924543,70.19904668789601,64.55529286958414,68.4208755493164,30951753,0.0,0.0
2015-09-14 00:00:00+08:00,69.81249373486791,70.58561273205824,68.26626171337774,68.57550811767578,20211221,0.0,0.0
2015-09-15 00:00:00+08:00,69.58056212190405,70.27636804176763,67.5704574584961,67.5704574584961,15802459,0.0,0.0
2015-09-16 00:00:00+08:00,68.73013128751118,69.1166908027213,66.41078016914125,67.41583251953125,12307139,0.0,0.0
2015-09-17 00:00:00+08:00,68.57551229226428,70.04443130887893,67.95701347312614,68.26626586914062,14203616,0.0,0.0
2015-09-18 00:00:00+08:00,68.26625513735445,70.27635955810547,67.80238258914656,70.27635955810547,12363924,0.0,0.0
2015-09-21 00:00:00+08:00,69.50324693174412,71.51335153459212,68.80744103284361,69.42593383789062,15229316,0.0,0.0
2015-09-22 00:00:00+08:00,70.12173905745995,71.2814175353561,69.8124926579324,70.04442596435547,11162081,0.0,0.0
2015-09-23 00:00:00+08:00,69.42594231361028,71.1268007215805,66.10153860096196,66.48809814453125,20018275,0.0,0.0
2015-09-24 00:00:00+08:00,67.7250767076058,68.34356952242484,63.859487655650945,66.95195770263672,20108884,0.0,0.0
2015-09-25 00:00:00+08:00,67.41582518913599,67.87969775152753,65.56034688535,67.64775848388672,10145923,0.0,0.0
2015-09-29 00:00:00+08:00,67.64775848388672,67.64775848388672,67.64775848388672,67.64775848388672,0,0.0,0.0
2015-09-30 00:00:00+08:00,65.79228422057187,67.33851623535156,65.71497112661027,67.33851623535156,9800697,0.0,0.0
2015-10-01 00:00:00+08:00,68.65281267429151,70.58561009506019,68.42087937295537,69.96711730957031,20772992,0.0,0.0
2015-10-02 00:00:00+08:00,69.96712245640298,71.1267950212803,69.1166903341283,69.27131652832031,14701832,0.0,0.0
2015-10-05 00:00:00+08:00,69.65786724396632,69.65786724396632,67.33851623535156,67.33851623535156,18197113,0.0,0.0
2015-10-06 00:00:00+08:00,67.64776417692885,68.5755093797883,64.01411437988281,64.01411437988281,22190571,0.0,0.0
2015-10-07 00:00:00+08:00,64.01410930064267,64.7872282507184,62.4678773733813,64.70991516113281,17469842,0.0,0.0
2015-10-08 00:00:00+08:00,65.56035620818649,65.56035620818649,62.15863952795666,62.23594665527344,11905410,0.0,0.0
2015-10-12 00:00:00+08:00,62.622506183421045,63.08637881177636,60.84433474309842,62.23594665527344,10512576,0.0,0.0
2015-10-13 00:00:00+08:00,62.62250751750343,64.78723853209014,62.62250751750343,63.859493255615234,10691341,0.0,0.0
2015-10-14 00:00:00+08:00,63.85949325561523,65.17379806847285,63.627559922942034,63.859493255615234,9315149,0.0,0.0
2015-10-15 00:00:00+08:00,64.16873907519016,64.63260569291398,62.004008282844204,62.390567779541016,10048512,0.0,0.0
2015-10-16 00:00:00+08:00,62.77712373771292,63.627549804198026,62.15863096701646,62.62249755859375,7838445,0.0,0.0
2015-10-19 00:00:00+08:00,62.77712374020703,62.93174394644223,59.993900299072266,59.993900299072266,13195695,0.0,0.0
2015-10-20 00:00:00+08:00,60.07121497032417,61.69476002943774,59.14346981692476,61.07626724243164,13153202,0.0,0.0
2015-10-21 00:00:00+08:00,61.153575660220035,62.08132083332746,60.38046264648437,60.380462646484375,8602551,0.0,0.0
2015-10-22 00:00:00+08:00,60.30314668443278,60.921639455153816,59.14346825966326,59.993900299072266,10152591,0.0,0.0
2015-10-23 00:00:00+08:00,61.84938621263439,63.24099199695298,61.07626724243164,61.07626724243164,16191964,0.0,0.0
2015-10-26 00:00:00+08:00,62.467883285195775,63.936802261886605,62.15863687047714,63.62755584716797,14288755,0.0,0.0
2015-10-27 00:00:00+08:00,62.62249917089477,63.16368483885532,61.46282668920409,61.61744689941406,11777122,0.0,0.0
2015-10-28 00:00:00+08:00,62.08132439093189,62.15863748860305,60.45777920429134,60.68971252441406,11001404,0.0,0.0
2015-10-29 00:00:00+08:00,61.61744203013457,61.69475511557507,59.91658401489258,59.91658401489258,8764541,0.0,0.0
2015-10-30 00:00:00+08:00,61.462839033393934,62.46789150672927,60.457786560058594,60.457786560058594,17266940,0.0,0.0
2015-11-02 00:00:00+08:00,60.612400893318785,62.00401279350801,59.761974717031414,61.77207946777344,9797632,0.0,0.0
2015-11-03 00:00:00+08:00,63.009055168693955,64.32335376074866,62.54518261795526,62.854434967041016,19545181,0.0,0.0
2015-11-04 00:00:00+08:00,62.39057503343381,63.24100124672996,62.081328594699656,62.69982147216797,12745879,0.0,0.0
2015-11-05 00:00:00+08:00,63.086376543775394,64.01411579424219,62.622503932096635,62.777130126953125,8376848,0.0,0.0
2015-11-06 00:00:00+08:00,63.240993893961644,63.93679979343781,62.390567779541016,62.390567779541016,10510406,0.0,0.0
2015-11-09 00:00:00+08:00,63.55023835082537,63.7048645339256,61.540133807863945,61.61744689941406,8083212,0.0,0.0
2015-11-10 00:00:00+08:00,61.926693667915934,62.15863294397152,60.68970808718069,60.76702117919922,6063893,0.0,0.0
2015-11-11 00:00:00+08:00,59.91659017112577,60.99895555983286,56.28294048386449,56.74680709838867,18214964,0.0,0.0
2015-11-12 00:00:00+08:00,56.901433285157005,57.906485580479924,55.4325084024195,56.74680709838867,9789065,0.0,0.0
2015-11-13 00:00:00+08:00,57.05605660693034,58.67960162202159,56.12831147868668,58.447662353515625,8899088,0.0,0.0
2015-11-16 00:00:00+08:00,58.37036035234285,58.98885317678179,57.75186752790391,58.756919860839844,6317717,0.0,0.0
2015-11-17 00:00:00+08:00,60.535083721064375,62.46788121511965,60.225837316593626,62.081321716308594,13688794,0.0,0.0
2015-11-18 00:00:00+08:00,63.550247685464115,64.55530607746405,62.622508369261645,62.69982147216797,19599427,0.0,0.0
2015-11-19 00:00:00+08:00,64.32335568609494,65.32840793203735,63.93679621105707,64.70991516113281,17770534,0.0,0.0
2015-11-20 00:00:00+08:00,65.09647141864878,66.1015236149145,63.859479965090316,64.63259887695312,12254466,0.0,0.0
2015-11-23 00:00:00+08:00,64.94184524712028,65.48303087458018,63.859479965090316,64.63259887695312,7661016,0.0,0.0
2015-11-24 00:00:00+08:00,65.94690327419677,66.79733534701626,65.40572357177734,65.40572357177734,14091122,0.0,0.0
2015-11-25 00:00:00+08:00,66.02421916555325,66.33346557617188,64.55530020833741,66.33346557617188,7725880,0.0,0.0
2015-11-26 00:00:00+08:00,66.64272284226719,67.64777533371404,66.02422992028322,66.4107894897461,10055686,0.0,0.0
2015-11-27 00:00:00+08:00,67.02927175810741,67.5704574584961,66.25615274206109,67.5704574584961,8082786,0.0,0.0
2015-11-30 00:00:00+08:00,67.57045356759379,70.74023059965567,66.87464768779672,70.19905090332031,17720834,0.0,0.0
2015-12-01 00:00:00+08:00,71.12679078951179,77.1571044921875,71.12679078951179,77.1571044921875,27574811,0.0,0.0
2015-12-02 00:00:00+08:00,78.85796042686944,80.79075782002346,77.31172848523639,77.69828796386719,20347300,0.0,0.0
2015-12-03 00:00:00+08:00,78.08484744077664,78.85796042513104,75.22431088270584,75.61087036132812,17703984,0.0,0.0
2015-12-04 00:00:00+08:00,75.92012397310955,77.69829535480108,75.92012397310955,76.4613037109375,11900819,0.0,0.0
2015-12-07 00:00:00+08:00,78.47140385764675,79.24452284357254,76.30667905910107,76.53861236572266,10026553,0.0,0.0
2015-12-08 00:00:00+08:00,76.53861284587012,77.31173183664589,73.52345594931309,73.60076904296875,10180438,0.0,0.0
2015-12-09 00:00:00+08:00,74.76044733337233,75.37894615752184,69.1940056991538,71.04948425292969,13772042,0.0,0.0
2015-12-10 00:00:00+08:00,71.89991472378543,75.37894439697266,70.4309897566862,75.37894439697266,12795466,0.0,0.0
2015-12-11 00:00:00+08:00,75.53355928957741,76.15205208274554,69.50324559685265,70.66291809082031,13950575,0.0,0.0
2015-12-14 00:00:00+08:00,68.18894668321708,70.35367145184745,66.87464800904037,68.34356689453125,10338391,0.0,0.0
2015-12-15 00:00:00+08:00,69.27131371993924,69.81249343188952,66.25615083856056,67.33851623535156,10233718,0.0,0.0
2015-12-16 00:00:00+08:00,67.64775883071134,68.1889444850911,66.48808637812206,66.79733276367188,8049754,0.0,0.0
2015-12-17 00:00:00+08:00,68.03433008959951,73.44615173339844,67.72508365048738,73.44615173339844,18058669,0.0,0.0
2015-12-18 00:00:00+08:00,72.44109064677865,74.76044164909624,71.51335144042969,71.51335144042969,16401456,0.0,0.0
2015-12-21 00:00:00+08:00,69.96711849258614,72.44108967637598,69.96711849258614,71.89990997314453,6456625,0.0,0.0
2015-12-22 00:00:00+08:00,73.36883368293185,74.60582532885769,72.05453491210938,72.05453491210938,13585651,0.0,0.0
2015-12-23 00:00:00+08:00,73.13689853633214,73.36883185101247,69.2713154181704,70.740234375,9227537,0.0,0.0
2015-12-24 00:00:00+08:00,71.51335054745205,71.66797673302462,68.88475317584107,69.81249237060547,7080166,0.0,0.0
2015-12-25 00:00:00+08:00,69.58056279168746,70.35367584228516,68.49819735338185,70.35367584228516,4174748,0.0,0.0
2015-12-28 00:00:00+08:00,70.35367373929232,70.74023323948158,68.80744171142578,68.80744171142578,4640482,0.0,0.0
2015-12-29 00:00:00+08:00,68.65281267429151,69.96711730957031,67.33851401190294,69.96711730957031,6595063,0.0,0.0
2015-12-30 00:00:00+08:00,70.66291754615732,71.20410321567576,68.11163330078125,68.11163330078125,6416050,0.0,0.0
2015-12-31 00:00:00+08:00,68.11163580566321,69.03937502238314,67.87970249470585,68.80744171142578,3231505,0.0,0.0
2016-01-04 00:00:00+08:00,68.34356339629107,69.19399542010471,68.03431701660156,68.03431701660156,4148058,0.0,0.0
2016-01-05 00:00:00+08:00,68.03432909307932,69.27132080430037,67.64776955662843,67.95701599121094,7719223,0.0,0.0
2016-01-06 00:00:00+08:00,67.95700956019287,68.03432265474484,64.24604672349372,64.40067291259766,12530289,0.0,0.0
2016-01-07 00:00:00+08:00,63.39561818014963,64.16873715035238,58.37035681961227,61.07626724243164,14620956,0.0,0.0
2016-01-08 00:00:00+08:00,60.68971451557394,63.318312139508556,60.14853475990185,62.23594665527344,8034866,0.0,0.0
2016-01-11 00:00:00+08:00,61.54013222587485,61.694758405000165,59.83927411994695,59.993900299072266,4963531,0.0,0.0
2016-01-12 00:00:00+08:00,60.53509043541261,60.99896308001516,56.2829474226386,56.824127197265625,10155814,0.0,0.0
2016-01-13 00:00:00+08:00,57.98380661010742,58.293053053080236,56.978754177222974,57.98380661010742,4904742,0.0,0.0
2016-01-14 00:00:00+08:00,54.8913333374603,55.58713929099128,52.72660237694371,54.04090118408203,13898774,0.0,0.0
2016-01-15 00:00:00+08:00,55.35520467624839,55.587137997732384,54.195526123046875,54.195526123046875,5932180,0.0,0.0
2016-01-18 00:00:00+08:00,52.7265964895572,58.06111019527984,51.7988573127364,56.669498443603516,10807125,0.0,0.0
2016-01-19 00:00:00+08:00,56.514874367128094,58.52497897826099,55.664448249905924,58.21573257446289,8773149,0.0,0.0
2016-01-20 00:00:00+08:00,57.98379513814673,58.60228790172498,55.35519790649414,55.35519790649414,6474837,0.0,0.0
2016-01-21 00:00:00+08:00,56.43756621662396,57.21068528028608,55.4325138230196,55.74176025390625,5918592,0.0,0.0
2016-01-22 00:00:00+08:00,56.82411861726647,57.597237583905404,56.28293892435337,57.21067810058594,4462501,0.0,0.0
2016-01-25 00:00:00+08:00,58.52497580481134,60.45777318985884,58.2930425077617,59.684654235839844,7891511,0.0,0.0
2016-01-26 00:00:00+08:00,59.5300329049432,59.91659241344019,58.524980572007266,58.756919860839844,5969953,0.0,0.0
2016-01-27 00:00:00+08:00,59.29809444136037,59.916587212108226,57.36530303955078,57.36530303955078,6282714,0.0,0.0
2016-01-28 00:00:00+08:00,56.74680773228778,58.60229212978268,56.36025420682971,57.67455291748047,6344600,0.0,0.0
2016-01-29 00:00:00+08:00,57.906488791378415,60.68971252441407,57.67455547125569,60.68971252441406,10616740,0.0,0.0
2016-02-01 00:00:00+08:00,63.163679982856976,63.70485963632158,61.54012907668355,62.00400161743164,5551936,0.0,0.0
2016-02-02 00:00:00+08:00,62.158632606137445,62.23593972484551,60.767020848928595,61.07626724243164,4038910,0.0,0.0
2016-02-03 00:00:00+08:00,59.530038824971484,59.99391147587631,57.98380661010742,57.98380661010742,9287115,0.0,0.0
2016-02-15 00:00:00+08:00,56.5148678486035,57.98379257688397,56.5148678486035,57.287986755371094,4458060,0.0,0.0
2016-02-16 00:00:00+08:00,57.983798023731545,58.988850307785505,57.674551626552656,58.370357513427734,3531698,0.0,0.0
2016-02-17 00:00:00+08:00,58.91153988470364,59.14347319987473,56.901435225512635,56.9787483215332,4746802,0.0,0.0
2016-02-18 00:00:00+08:00,57.75186629486728,58.52497932246421,57.4426198892504,57.90648651123047,4099631,0.0,0.0
2016-02-19 00:00:00+08:00,57.751858090533666,59.22077681531394,57.36529864520528,58.52497100830078,4068286,0.0,0.0
2016-02-22 00:00:00+08:00,58.524978014279036,59.76196958198706,57.9837983097689,58.602291107177734,4453589,0.0,0.0
2016-02-23 00:00:00+08:00,59.37540528179282,60.612390776431674,58.5249732745612,59.530025482177734,7381144,0.0,0.0
2016-02-24 00:00:00+08:00,59.916587162492995,59.99390025199499,58.447662353515625,58.447662353515625,3521444,0.0,0.0
2016-02-25 00:00:00+08:00,59.06617150149122,59.684664380678036,57.75187263999643,58.061119079589844,3821240,0.0,0.0
2016-02-26 00:00:00+08:00,58.602290818089315,58.9115372152682,57.597238534035355,58.370357513427734,3975623,0.0,0.0
2016-03-01 00:00:00+08:00,58.75691389179423,62.931743019086404,58.602287714947465,62.46787643432617,14530227,0.0,0.0
2016-03-02 00:00:00+08:00,63.78217963486028,65.09647834105667,61.84938812255859,61.849388122558594,12066442,0.0,0.0
2016-03-03 00:00:00+08:00,59.06616542813347,59.68465824372504,56.824121505500884,57.056060791015625,17401699,0.0,0.0
2016-03-04 00:00:00+08:00,57.519933330633,58.29305241606211,56.90144045144618,58.061119079589844,5976255,0.0,0.0
2016-03-07 00:00:00+08:00,58.60229212978268,58.60229212978268,57.05606010927899,57.67455291748047,5040495,0.0,0.0
2016-03-08 00:00:00+08:00,57.67455291748047,57.9837993215812,57.05606010927899,57.67455291748047,3699786,0.0,0.0
2016-03-09 00:00:00+08:00,57.5972403857415,58.447666512101385,57.28799397862059,58.13842010498047,4553692,0.0,0.0
2016-03-10 00:00:00+08:00,57.75187339677074,57.98380673628224,57.28800074485651,57.442626953125,3501318,0.0,0.0
2016-03-11 00:00:00+08:00,57.44262029398298,57.751866701778766,56.59218819287668,57.056060791015625,3743669,0.0,0.0
2016-03-14 00:00:00+08:00,57.98379549804529,60.5350796568636,57.59723602518704,60.30314636230469,12246188,0.0,0.0
2016-03-15 00:00:00+08:00,60.30315498680998,60.30315498680998,57.44262403517241,57.59724426269531,8219146,0.0,0.0
2016-03-16 00:00:00+08:00,57.90649287334755,58.447672649413235,57.82917977022642,58.061119079589844,3123186,0.0,0.0
2016-03-17 00:00:00+08:00,58.91153910922802,59.91659142559363,57.98379988786528,58.13842010498047,5801255,0.0,0.0
2016-03-18 00:00:00+08:00,58.52497830070982,58.834224700927734,57.98379859355106,58.834224700927734,2563712,0.0,0.0
2016-03-21 00:00:00+08:00,59.53003729807802,59.53003729807802,58.602297992955286,59.22079086303711,3182318,0.0,0.0
2016-03-22 00:00:00+08:00,59.29809603357007,60.8443280019575,58.98884963989258,58.98884963989258,7408696,0.0,0.0
2016-03-23 00:00:00+08:00,59.53002317699872,59.839269538683496,58.52497100830078,58.52497100830078,3390877,0.0,0.0
2016-03-24 00:00:00+08:00,58.37035588669923,58.44766300417172,57.597236928852965,57.82917022705078,2786426,0.0,0.0
2016-03-25 00:00:00+08:00,57.98379960585731,58.447666227837374,57.82917341660362,57.90648651123047,1464332,0.0,0.0
2016-03-28 00:00:00+08:00,58.29305021877571,58.602296646712446,57.59724426269531,57.59724426269531,1940056,0.0,0.0
2016-03-29 00:00:00+08:00,57.51993232007495,57.51993232007495,53.3451024724652,54.350154876708984,12990778,0.0,0.0
2016-03-30 00:00:00+08:00,55.12326602219091,55.27789222023691,52.41735533951269,54.11821365356445,9424060,0.0,0.0
2016-03-31 00:00:00+08:00,54.58208184568823,54.659394938437565,53.65434265136719,53.65434265136719,2041476,0.0,0.0
2016-04-01 00:00:00+08:00,53.49972152709961,54.427460809187515,53.49972152709961,53.49972152709961,1925148,0.0,0.0
2016-04-06 00:00:00+08:00,54.11820603841566,54.19551912655968,53.42240019089946,53.5770263671875,2195009,0.0,0.0
2016-04-07 00:00:00+08:00,51.79885291989004,51.95347908935876,49.55681228637695,49.55681228637695,12587999,0.0,0.0
2016-04-08 00:00:00+08:00,49.55681980308068,49.943379312495495,46.928222306528696,47.23746871948242,12621222,0.0,0.0
2016-04-11 00:00:00+08:00,47.23747056174606,49.7114449483063,46.77360092422454,49.170265197753906,8633969,0.0,0.0
2016-04-12 00:00:00+08:00,49.47950832385583,49.47950832385583,47.85596320755326,47.93327331542969,5235572,0.0,0.0
2016-04-13 00:00:00+08:00,48.31983281414753,49.01563871726156,47.46940370883541,47.93327331542969,4657574,0.0,0.0
2016-04-14 00:00:00+08:00,48.629082355901396,48.938328780248945,47.9332764078967,48.5517692565918,3776580,0.0,0.0
2016-04-15 00:00:00+08:00,48.16520786113115,48.24251796619733,46.38703662082225,47.778648376464844,6108628,0.0,0.0
2016-04-18 00:00:00+08:00,47.00553558342814,47.77865465434479,46.85091236653391,47.31478500366211,2645579,0.0,0.0
2016-04-19 00:00:00+08:00,47.77865108394683,48.629080206537054,47.546714782714844,47.546714782714844,3958981,0.0,0.0
2016-04-20 00:00:00+08:00,47.62402487033673,47.778648065909195,45.76854353702206,46.0004768371582,6669995,0.0,0.0
2016-04-21 00:00:00+08:00,46.69628271045684,46.69628271045684,45.45929714587714,46.0004768371582,4094668,0.0,0.0
2016-04-22 00:00:00+08:00,45.923165455290416,45.923165455290416,42.67607246569291,44.067684173583984,10191121,0.0,0.0
2016-04-25 00:00:00+08:00,43.60382008436342,45.1500551780155,42.598764735010974,44.222312927246094,6193020,0.0,0.0
2016-04-26 00:00:00+08:00,44.76349171785532,47.3147789498471,44.76349171785532,46.85090637207031,9336199,0.0,0.0
2016-04-27 00:00:00+08:00,46.000482732483455,47.46940775834387,45.304679756457276,47.00553512573242,7981311,0.0,0.0
2016-04-28 00:00:00+08:00,47.54671787281545,47.70134407464959,46.69628869495512,47.00553512573242,4478135,0.0,0.0
2016-04-29 00:00:00+08:00,46.46435537572954,46.92822502200166,45.38198988131577,45.84585952758789,4997970,0.0,0.0
2016-05-03 00:00:00+08:00,45.61392355825271,47.31478181594351,44.76349442940731,47.23746871948242,6233944,0.0,0.0
2016-05-04 00:00:00+08:00,47.54671497380224,49.94337914586541,47.54671497380224,49.324886322021484,12822868,0.0,0.0
2016-05-05 00:00:00+08:00,48.706383286523355,49.55681228637695,47.624021005356425,49.55681228637695,7663032,0.0,0.0
2016-05-06 00:00:00+08:00,49.09294882513799,49.170261919459655,47.93327331542969,47.93327331542969,5242784,0.0,0.0
2016-05-09 00:00:00+08:00,47.933276756389006,48.39714639628283,45.768548783772374,45.92317199707031,5192937,0.0,0.0
2016-05-10 00:00:00+08:00,45.84585331451748,48.706386891868426,45.38198373110937,48.39714050292969,5205263,0.0,0.0
2016-05-11 00:00:00+08:00,48.783700815619895,49.247570406951546,46.69628317495976,46.85090637207031,4639970,0.0,0.0
2016-05-12 00:00:00+08:00,46.15510966573193,47.46940851058573,46.000483461447445,46.38704299926758,3329758,0.0,0.0
2016-05-13 00:00:00+08:00,45.8458595170948,47.00553512573242,45.691236301706155,47.00553512573242,3466889,0.0,0.0
2016-05-16 00:00:00+08:00,46.92822126317007,47.314780763990484,46.464351654052734,46.464351654052734,1805819,0.0,0.0
2016-05-17 00:00:00+08:00,47.08284563973397,48.706390805333626,46.928222432840926,47.85596466064453,4248321,0.0,0.0
2016-05-18 00:00:00+08:00,47.624025510884586,48.474454591194046,47.314779115580265,47.46940231323242,2604188,0.0,0.0
2016-05-19 00:00:00+08:00,47.93327331542969,48.629079218543716,47.6240269110335,47.93327331542969,3335877,0.0,0.0
2016-05-20 00:00:00+08:00,48.087901088133236,48.47446062359156,47.16016178676789,47.31478500366211,3256667,0.0,0.0
2016-05-23 00:00:00+08:00,47.624025428170995,50.25262575658267,47.392089138873004,50.097999572753906,8865342,0.0,0.0
2016-05-24 00:00:00+08:00,50.25262784253543,51.33498728270357,49.94337844848633,49.94337844848633,6721278,0.0,0.0
2016-05-25 00:00:00+08:00,50.71649333554215,50.793806428940165,49.55681783968822,49.71144104003906,4254174,0.0,0.0
2016-05-26 00:00:00+08:00,49.78875413343709,50.94843261573621,49.63413093308624,49.71144104003906,4855555,0.0,0.0
2016-05-27 00:00:00+08:00,50.17531359734587,51.2576789855957,49.94337730373656,51.2576789855957,5996544,0.0,0.0
2016-05-30 00:00:00+08:00,52.1854181082858,53.73165010852736,51.72154552176814,53.345096588134766,11519103,0.0,0.0
2016-05-31 00:00:00+08:00,53.808962863975516,53.9635890494742,52.958536762403824,53.65434265136719,6875919,0.0,0.0
2016-06-01 00:00:00+08:00,54.11821204827426,55.81907031187404,53.96359182770555,54.58208465576172,9459169,0.0,0.0
2016-06-02 00:00:00+08:00,54.58208117086771,54.6593942626612,52.72659683227539,52.72659683227539,6198108,0.0,0.0
2016-06-03 00:00:00+08:00,52.9585361480368,53.73164914789034,51.87617078077349,52.18541717529297,5682789,0.0,0.0
2016-06-06 00:00:00+08:00,52.881226286290556,53.26778579627441,52.03079416974795,52.262733459472656,1891410,0.0,0.0
2016-06-07 00:00:00+08:00,52.262733459472656,52.262733459472656,52.262733459472656,52.262733459472656,0,0.0,0.0
2016-06-08 00:00:00+08:00,53.8862778427613,54.8140170695535,53.42240524291992,53.42240524291992,9136565,0.0,0.0
2016-06-13 00:00:00+08:00,52.57197662157869,52.803909924068876,51.876170741217855,52.72659683227539,2444936,0.0,0.0
2016-06-14 00:00:00+08:00,52.571981537558685,54.11821365356445,52.18542201533454,54.11821365356445,2796226,0.0,0.0
2016-06-15 00:00:00+08:00,54.50477254265579,55.04595825663947,54.11821302492196,54.195526123046875,4412014,0.0,0.0
2016-06-16 00:00:00+08:00,54.427453068564134,54.427453068564134,52.80390806258668,52.958534240722656,2874396,0.0,0.0
2016-06-17 00:00:00+08:00,53.57702700748644,53.80896030180035,52.80390806258668,52.958534240722656,1811135,0.0,0.0
2016-06-20 00:00:00+08:00,53.34509307564543,53.654339455331524,53.19046689935739,53.5770263671875,1715119,0.0,0.0
2016-06-21 00:00:00+08:00,53.731649771226174,54.04089616933319,53.4997164658685,53.65434265136719,2706766,0.0,0.0
2016-06-22 00:00:00+08:00,54.11821411112021,54.19552721079687,53.26778793334961,53.26778793334961,1390128,0.0,0.0
2016-06-23 00:00:00+08:00,53.26778317877728,53.34509627155314,52.030791613034694,52.10810470581055,2157555,0.0,0.0
2016-06-24 00:00:00+08:00,52.10810403316444,52.726596821606634,49.17026030161884,46.85090637207031,5353532,0.0,0.0
2016-06-27 00:00:00+08:00,50.835538046101824,52.84882658534032,50.835538046101824,52.42939376831055,3269676,4.690774,0.0
2016-06-28 00:00:00+08:00,51.842192181939566,53.016612033481394,51.59052985934049,52.84883499145508,1976691,0.0,0.0
2016-06-29 00:00:00+08:00,53.1843829844881,53.93936343093905,52.84883215886074,53.01660919189453,2704882,0.0,0.0
2016-06-30 00:00:00+08:00,53.26826264280997,53.603810192609735,52.345505260640664,52.42939376831055,1940619,0.0,0.0
2016-07-01 00:00:00+08:00,52.76494598388672,53.184382078445296,52.51328367906354,52.76494598388672,1541013,0.0,0.0
2016-07-04 00:00:00+08:00,52.7649450763737,52.7649450763737,52.00996141532942,52.513282775878906,1317333,0.0,0.0
2016-07-05 00:00:00+08:00,49.32557636448453,49.74500920100809,48.40281893942867,49.15780258178711,10533156,0.0,0.0
2016-07-06 00:00:00+08:00,48.067268354909544,48.067268354909544,46.55730430368038,46.64118957519531,7729223,0.0,0.0
2016-07-07 00:00:00+08:00,47.144514666107426,47.39617372376161,46.3895310122647,46.72507858276367,3867467,0.0,0.0
2016-07-08 00:00:00+08:00,46.72507858276367,46.72507858276367,46.72507858276367,46.72507858276367,0,0.0,0.0
2016-07-11 00:00:00+08:00,47.3961753494799,47.56394914048413,45.71843419899739,46.05398178100586,5030768,0.0,0.0
2016-07-12 00:00:00+08:00,46.13786988504731,46.80896504307616,45.802322306032885,45.886207580566406,3592540,0.0,0.0
2016-07-13 00:00:00+08:00,46.22175557201009,46.47341787873653,45.88620799000162,46.05398178100586,2384057,0.0,0.0
2016-07-14 00:00:00+08:00,46.13787041126509,47.731723049982115,45.80232282842364,47.31229019165039,4837397,0.0,0.0
2016-07-15 00:00:00+08:00,49.073917388916016,49.99667487637475,48.90614359487263,49.073917388916016,8830936,0.0,0.0
2016-07-18 00:00:00+08:00,49.073915321596935,49.40946289554821,48.23504638671875,48.23504638671875,2962774,0.0,0.0
2016-07-19 00:00:00+08:00,48.65448209544961,48.90614441093412,47.983386908077996,48.0672721862793,2231796,0.0,0.0
2016-07-20 00:00:00+08:00,48.15115914875403,48.57059524752596,47.22840167571993,47.31229019165039,2739190,0.0,0.0
2016-07-21 00:00:00+08:00,47.89949424922212,48.40281883668605,47.56394668453952,47.815608978271484,2638336,0.0,0.0
2016-07-22 00:00:00+08:00,47.73172378540039,48.1511598906347,47.480064714612006,47.73172378540039,1831593,0.0,0.0
2016-07-25 00:00:00+08:00,47.815613196266945,48.65448218197324,47.5639508803349,47.9833869934082,2541289,0.0,0.0
2016-07-26 00:00:00+08:00,48.57059470591389,48.65447998046875,48.06727009682409,48.65447998046875,2710580,0.0,0.0
2016-07-27 00:00:00+08:00,49.40946239027716,50.58388212753689,49.325577117867226,49.57723617553711,8446237,0.0,0.0
2016-07-28 00:00:00+08:00,49.91278290438137,49.996671415816785,49.07391399222741,49.2416877746582,4265180,0.0,0.0
2016-07-29 00:00:00+08:00,49.996673090661616,50.08056160490722,49.493351726508415,49.912784576416016,2585534,0.0,0.0
2016-08-01 00:00:00+08:00,50.08056592015559,50.08056592015559,49.325582188651694,49.99667739868164,1897182,0.0,0.0
2016-08-02 00:00:00+08:00,50.33222066676375,50.49999445481482,49.82889930261055,49.912784576416016,2022413,0.0,0.0
2016-08-03 00:00:00+08:00,49.07391706478823,49.40946465065875,48.57059568598247,48.82225799560547,3069112,0.0,0.0
2016-08-04 00:00:00+08:00,44.627904198697976,45.88620928701694,44.627904198697976,45.1312255859375,10223665,0.0,0.0
2016-08-05 00:00:00+08:00,45.13122567647717,45.55066178690503,43.453484475206004,43.70514678955078,7275989,0.0,0.0
2016-08-08 00:00:00+08:00,43.70514379949809,43.95680609662559,42.36295352265827,42.6146125793457,5459346,0.0,0.0
2016-08-09 00:00:00+08:00,42.446836267503144,43.28570514058271,42.11128871827132,43.1179313659668,4635921,0.0,0.0
2016-08-10 00:00:00+08:00,43.20182457573556,43.369598368612564,41.943519508937854,42.02740478515625,5061373,0.0,0.0
2016-08-11 00:00:00+08:00,41.52408352233536,41.691857315680295,40.769099832063056,41.2304801940918,4512795,0.0,0.0
2016-08-12 00:00:00+08:00,40.978814408517145,41.48213574586619,40.727152119622644,40.76909637451172,3617812,0.0,0.0
2016-08-15 00:00:00+08:00,41.18853338647599,42.61461216186761,41.02075960351463,42.44683837890625,5068021,0.0,0.0
2016-08-16 00:00:00+08:00,42.27906717870596,42.36295569553128,41.64991302383678,41.943519592285156,2486837,0.0,0.0
2016-08-17 00:00:00+08:00,42.02740185020468,42.19517563136534,40.81104112667992,40.85298538208008,3694675,0.0,0.0
2016-08-18 00:00:00+08:00,40.72715076664576,40.76909502014142,39.846337645436,40.34965896606445,5137200,0.0,0.0
2016-08-19 00:00:00+08:00,40.51743615569846,40.93687224513877,40.09800330669828,40.181888580322266,4044338,0.0,0.0
2016-08-22 00:00:00+08:00,40.0980034103186,40.0980034103186,38.252488500540245,38.67192459106445,5794227,0.0,0.0
2016-08-23 00:00:00+08:00,38.67192745455969,39.34302265673812,38.67192745455969,39.133304595947266,2578492,0.0,0.0
2016-08-24 00:00:00+08:00,39.51079393213169,39.846341511775925,39.17524635248746,39.552738189697266,2468545,0.0,0.0
2016-08-25 00:00:00+08:00,39.72050983447259,40.22383117675781,39.259129507047795,40.22383117675781,2316429,0.0,0.0
2016-08-26 00:00:00+08:00,39.93023251449789,40.05606205459342,39.5107963935923,39.846343994140625,2280082,0.0,0.0
2016-08-29 00:00:00+08:00,40.139945588377685,40.936870230568154,40.01411282347395,40.685211181640625,3165477,0.0,0.0
2016-08-30 00:00:00+08:00,41.10464934208933,44.71179416888861,41.062708322120805,42.78239059448242,29103507,0.0,0.0
2016-08-31 00:00:00+08:00,43.53736582368786,44.460123170404316,42.86627074987216,43.8729133605957,12071794,0.0,0.0
2016-09-01 00:00:00+08:00,45.131222249159066,45.21511076105016,43.70514347053078,43.789031982421875,8574506,0.0,0.0
2016-09-02 00:00:00+08:00,43.956805765764024,44.20846806099727,42.950159825271086,43.789031982421875,6332844,0.0,0.0
2016-09-05 00:00:00+08:00,43.034053561114064,43.20182736482246,41.398256544626854,41.44020080566406,8807283,0.0,0.0
2016-09-06 00:00:00+08:00,41.52408473748182,42.279068449847706,41.48214047780808,41.733802795410156,4016151,0.0,0.0
2016-09-07 00:00:00+08:00,41.94352116319013,43.956809997558594,41.81768838323935,43.956809997558594,9366743,0.0,0.0
2016-09-08 00:00:00+08:00,43.87292067107427,44.208471504334206,43.201825485434995,43.62126159667969,4979094,0.0,0.0
2016-09-09 00:00:00+08:00,43.20182377757032,43.36959756734766,42.69850240823828,43.03404998779297,3037012,0.0,0.0
2016-09-12 00:00:00+08:00,42.530729404227515,42.69850319710452,42.02740478515625,42.02740478515625,1515597,0.0,0.0
2016-09-13 00:00:00+08:00,42.6146116437739,42.69850015445471,41.440195177322494,41.64990997314453,2381435,0.0,0.0
2016-09-14 00:00:00+08:00,41.85963306768824,43.28571199806823,41.85963306768824,42.78239059448242,4930930,0.0,0.0
2016-09-19 00:00:00+08:00,44.4601274575318,44.5440159700677,43.453481509301305,44.04069137573242,5859579,0.0,0.0
2016-09-20 00:00:00+08:00,45.2151141040309,46.30564539660335,44.963451790190994,45.1312255859375,11352425,0.0,0.0
2016-09-21 00:00:00+08:00,45.047340393066406,45.55066178125322,44.62790428269059,45.047340393066406,4020875,0.0,0.0
2016-09-22 00:00:00+08:00,45.718430771934614,45.802319281368526,44.71178810136737,44.79567337036133,3061691,0.0,0.0
2016-09-23 00:00:00+08:00,45.04733573491726,45.71843084977131,44.711788177490234,44.711788177490234,3397361,0.0,0.0
2016-09-26 00:00:00+08:00,44.12458166099933,44.12458166099933,43.20182418823242,43.20182418823242,3544698,0.0,0.0
2016-09-27 00:00:00+08:00,43.20182418823242,43.20182418823242,43.20182418823242,43.20182418823242,0,0.0,0.0
2016-09-28 00:00:00+08:00,43.20182418823242,43.20182418823242,43.20182418823242,43.20182418823242,0,0.0,0.0
2016-09-29 00:00:00+08:00,43.789031964065636,43.789031964065636,42.362953186035156,42.362953186035156,3969302,0.0,0.0
2016-09-30 00:00:00+08:00,42.11129538970134,42.95016439567769,41.7757477873108,42.78239059448242,2585537,0.0,0.0
2016-10-03 00:00:00+08:00,42.866279513764674,43.36960092202912,42.27906958390261,42.950164794921875,2558485,0.0,0.0
2016-10-04 00:00:00+08:00,42.950162203645,43.95680819988116,42.61461461837968,43.45348358154297,2819758,0.0,0.0
2016-10-05 00:00:00+08:00,41.48213963177132,42.446841382390254,40.97881824727285,42.11129379272461,11273016,0.0,0.0
2016-10-06 00:00:00+08:00,42.698500752578795,42.698500752578795,41.817684339851695,42.362953186035156,2290712,0.0,0.0
2016-10-07 00:00:00+08:00,42.614613847280026,42.614613847280026,41.691856384277344,41.691856384277344,2410065,0.0,0.0
2016-10-11 00:00:00+08:00,41.94351650044964,42.02740177065118,39.84633937925116,40.93687057495117,5779003,0.0,0.0
2016-10-12 00:00:00+08:00,41.02076214230057,41.35630972899043,40.72715557361676,41.2304801940918,1738008,0.0,0.0
2016-10-13 00:00:00+08:00,41.31436506095468,41.524083110666766,40.85298794394026,41.062705993652344,1609169,0.0,0.0
2016-10-14 00:00:00+08:00,40.76909855096968,40.97881659617091,39.09135742980005,39.38496398925781,4058463,0.0,0.0
2016-10-17 00:00:00+08:00,38.923585326353795,39.38496569385322,37.791109777517335,38.629981994628906,4134143,0.0,0.0
2016-10-18 00:00:00+08:00,38.755812336869255,39.80439938962172,38.755812336869255,38.96553039550781,3365315,0.0,0.0
2016-10-19 00:00:00+08:00,39.42690816552679,39.720511483942275,39.09135734962892,39.468849182128906,1703063,0.0,0.0
2016-10-20 00:00:00+08:00,39.888285750855765,40.43355137763499,39.888285750855765,40.265777587890625,2684038,0.0,0.0
2016-10-21 00:00:00+08:00,40.26577550959031,40.43354929067511,39.84633943665833,40.13994598388672,1131206,0.0,0.0
2016-10-24 00:00:00+08:00,40.139947644567705,40.34966244927007,39.67856729716617,40.09800338745117,932680,0.0,0.0
2016-10-25 00:00:00+08:00,41.27242441944356,42.19517866188064,41.27242441944356,41.943519592285156,6845209,0.0,0.0
2016-10-26 00:00:00+08:00,41.94351792721836,42.78238685996908,41.356308054072805,42.69850158691406,4429352,0.0,0.0
2016-10-27 00:00:00+08:00,43.03405260106848,44.46013152099573,42.530731201171875,42.530731201171875,8121525,0.0,0.0
2016-10-28 00:00:00+08:00,42.78239164326034,43.20182777675087,41.607975006103516,41.607975006103516,3927223,0.0,0.0
2016-10-31 00:00:00+08:00,41.10464576349843,41.35630806360169,40.76909819032083,41.272422790527344,2160376,0.0,0.0
2016-11-01 00:00:00+08:00,41.27241927509791,41.77574059199329,40.76909471776269,40.811038970947266,2058010,0.0,0.0
2016-11-02 00:00:00+08:00,40.26577549072428,40.26577549072428,39.42690658569336,39.42690658569336,4064635,0.0,0.0
2016-11-03 00:00:00+08:00,38.252490061448796,39.00747375902374,38.252490061448796,38.7138671875,4542750,0.0,0.0
2016-11-04 00:00:00+08:00,38.37831712143587,38.37831712143587,37.41361543228273,37.70722198486328,4532210,0.0,0.0
2016-11-07 00:00:00+08:00,38.168600793160806,39.00747299194336,38.168600793160806,39.00747299194336,2987952,0.0,0.0
2016-11-08 00:00:00+08:00,39.17524247122341,39.25912773760351,36.910291672363265,38.12665557861328,4201509,0.0,0.0
2016-11-09 00:00:00+08:00,38.12665560079751,38.33637038708969,34.39368185393518,34.897003173828125,6422665,0.0,0.0
2016-11-10 00:00:00+08:00,36.2392035318233,36.91029875336875,36.113370747453175,36.616695404052734,2678062,0.0,0.0
2016-11-11 00:00:00+08:00,35.61004810327264,37.37167785973991,34.93895290487007,36.826412200927734,3213527,0.0,0.0
2016-11-14 00:00:00+08:00,37.28778880896527,37.28778880896527,35.81976565302522,36.11336898803711,2015410,0.0,0.0
2016-11-15 00:00:00+08:00,35.73587251846534,35.86170528045212,35.27449544583351,35.77781677246094,2134488,0.0,0.0
2016-11-16 00:00:00+08:00,36.1553102545565,36.406972549763175,35.73587417602539,35.73587417602539,1557792,0.0,0.0
2016-11-17 00:00:00+08:00,35.69393584343211,35.90365389846096,35.10672593743937,35.1486701965332,1926770,0.0,0.0
2016-11-18 00:00:00+08:00,35.064781634696985,36.23920144522054,34.89700783897081,35.86170959472656,2690050,0.0,0.0
2016-11-21 00:00:00+08:00,36.281143194057066,37.120012114648645,35.94559238538037,36.99418258666992,1813165,0.0,0.0
2016-11-22 00:00:00+08:00,37.66528138840196,38.504150390625,37.16195998706813,38.504150390625,4426325,0.0,0.0
2016-11-23 00:00:00+08:00,38.755807597200814,39.259128932115125,38.000823974609375,38.000823974609375,3528091,0.0,0.0
2016-11-24 00:00:00+08:00,37.749169117645806,38.67192662097093,37.70722485830368,38.168601989746094,2996476,0.0,0.0
2016-11-25 00:00:00+08:00,38.252492663647885,38.9655321508767,37.91694505088615,38.83970260620117,3399241,0.0,0.0
2016-11-28 00:00:00+08:00,39.301073819608725,40.056057454356555,39.04941152787944,39.42690658569336,4500211,0.0,0.0
2016-11-29 00:00:00+08:00,39.426908246386084,39.55273777733076,39.00747215598364,39.38496398925781,1280207,0.0,0.0
2016-11-30 00:00:00+08:00,39.67856302525959,40.685208885477245,39.67856302525959,40.01411056518555,4876472,0.0,0.0
2016-12-01 00:00:00+08:00,39.9302291093959,40.26577668132997,39.25913072508767,39.30107498168945,2235480,0.0,0.0
2016-12-02 00:00:00+08:00,38.75581279940409,38.923586600229186,38.29443565724518,38.420265197753906,2289610,0.0,0.0
2016-12-05 00:00:00+08:00,38.29443234032343,39.93022918701172,38.21054382695681,39.93022918701172,4676562,0.0,0.0
2016-12-06 00:00:00+08:00,40.34966286254272,40.39160712008886,39.720511961111406,40.265777587890625,3723537,0.0,0.0
2016-12-07 00:00:00+08:00,40.265775928508596,40.64326774998674,40.05605788986073,40.30772018432617,2417857,0.0,0.0
2016-12-08 00:00:00+08:00,40.85298621013857,41.356307563822476,40.475494384765625,40.475494384765625,3876674,0.0,0.0
2016-12-09 00:00:00+08:00,40.6852161611106,42.782390280899996,40.6852161611106,42.530731201171875,12005750,0.0,0.0
2016-12-12 00:00:00+08:00,42.86627692754878,44.04069347597738,42.78238841101234,43.45348358154297,9335289,0.0,0.0
2016-12-13 00:00:00+08:00,43.36959205523393,43.8729133605957,42.86627074987216,43.8729133605957,4116299,0.0,0.0
2016-12-14 00:00:00+08:00,44.12457954910617,44.79567468247477,43.285707391955384,43.789031982421875,5804266,0.0,0.0
2016-12-15 00:00:00+08:00,43.53737466682568,44.2923583984375,42.950164737745325,44.2923583984375,4268959,0.0,0.0
2016-12-16 00:00:00+08:00,44.627906003500435,44.96345360856338,44.2923583984375,44.2923583984375,5155685,0.0,0.0
2016-12-19 00:00:00+08:00,44.292358457400816,44.54402078175325,42.950164794921875,42.950164794921875,4332790,0.0,0.0
2016-12-20 00:00:00+08:00,42.95016179899949,43.53737168790163,42.866276523693585,43.285709381103516,1769098,0.0,0.0
2016-12-21 00:00:00+08:00,43.621260203647736,44.292355367855784,43.201824105797606,43.285709381103516,2696885,0.0,0.0
2016-12-22 00:00:00+08:00,43.45348406454735,43.45348406454735,42.11129370856707,42.1951789855957,3059910,0.0,0.0
2016-12-23 00:00:00+08:00,42.19517608424418,42.95015972779034,42.19517608424418,42.44683837890625,2295850,0.0,0.0
2016-12-26 00:00:00+08:00,42.530729022743834,43.20182418823242,42.530729022743834,43.20182418823242,1670938,0.0,0.0
2016-12-27 00:00:00+08:00,43.20182640103402,43.20182640103402,42.36295740120634,42.530731201171875,1293892,0.0,0.0
2016-12-28 00:00:00+08:00,42.530726095465745,43.95680484419585,42.530726095465745,43.53736877441406,3959971,0.0,0.0
2016-12-29 00:00:00+08:00,43.36959797960457,43.53737177097672,43.03405039686028,43.20182418823242,1684908,0.0,0.0
2016-12-30 00:00:00+08:00,43.20182377757032,43.621259872233765,43.03404998779297,43.03404998779297,1918147,0.0,0.0
2017-01-03 00:00:00+08:00,43.201820795777024,43.36959457397461,42.530725682986684,43.36959457397461,1743275,0.0,0.0
2017-01-04 00:00:00+08:00,43.45348358154297,44.12458199251382,43.36959830544675,43.45348358154297,2826906,0.0,0.0
2017-01-05 00:00:00+08:00,44.29235678231896,44.79567817154842,43.62126159667969,43.62126159667969,6126995,0.0,0.0
2017-01-06 00:00:00+08:00,43.62125686149096,43.70514213036978,43.03404701757944,43.36959457397461,1998754,0.0,0.0
2017-01-09 00:00:00+08:00,43.62125818079382,43.87291723548152,42.362953186035156,42.362953186035156,2731984,0.0,0.0
2017-01-10 00:00:00+08:00,42.36295688203729,42.61461595868126,41.607973171224714,41.81768798828125,2413500,0.0,0.0
2017-01-11 00:00:00+08:00,41.859631435482505,42.27906754233607,41.35631005152238,41.482139587402344,1676247,0.0,0.0
2017-01-12 00:00:00+08:00,41.524083406525214,42.27906709469188,41.524083406525214,42.02740478515625,1311842,0.0,0.0
2017-01-13 00:00:00+08:00,41.85963409384546,41.85963409384546,41.482142221792074,41.607975006103516,992023,0.0,0.0
2017-01-16 00:00:00+08:00,41.60796986822826,42.362953519107414,41.52408135571277,41.901573181152344,1494951,0.0,0.0
2017-01-17 00:00:00+08:00,41.943519508937854,42.19517857803326,41.64991294107291,42.02740478515625,940037,0.0,0.0
2017-01-18 00:00:00+08:00,41.7757477873108,42.78239059448242,41.7757477873108,42.78239059448242,2219394,0.0,0.0
2017-01-19 00:00:00+08:00,43.1179313659668,43.53736742272651,42.53072477503104,43.1179313659668,2708643,0.0,0.0
2017-01-20 00:00:00+08:00,43.537374000965094,44.29235772103019,42.44684268096892,42.530731201171875,5502730,0.0,0.0
2017-01-23 00:00:00+08:00,43.87292147759141,44.71179371550181,43.53737387860339,43.956809997558594,8682773,0.0,0.0
2017-01-24 00:00:00+08:00,44.29235333244832,44.711789411023716,43.621258199079726,43.789031982421875,3726553,0.0,0.0
2017-02-02 00:00:00+08:00,44.29235708669063,45.550662188631335,43.28571106087387,45.21511459350586,5122647,0.0,0.0
2017-02-03 00:00:00+08:00,45.71843596908146,47.98338709599115,45.29900309555177,46.557308197021484,13135869,0.0,0.0
2017-02-06 00:00:00+08:00,47.31229190599138,47.98338709599115,46.557308197021484,46.557308197021484,7042539,0.0,0.0
2017-02-07 00:00:00+08:00,46.22175063571925,47.56394406085261,45.718429316459186,46.89284896850586,5151424,0.0,0.0
2017-02-08 00:00:00+08:00,47.48006820678711,48.48671104486007,47.22840587704862,47.48006820678711,7608204,0.0,0.0
2017-02-09 00:00:00+08:00,47.5639517112442,48.06727311146066,46.72508271088344,46.976741790771484,4670041,0.0,0.0
2017-02-10 00:00:00+08:00,47.480060445686156,47.56394571492676,45.88620468527524,46.13786697387695,5262390,0.0,0.0
2017-02-13 00:00:00+08:00,49.0739144966211,50.75165557861328,48.822255440608316,50.75165557861328,19354911,0.0,0.0
2017-02-14 00:00:00+08:00,51.59052985934049,53.60381871881191,51.00331993356958,52.84883499145508,24248573,0.0,0.0
2017-02-15 00:00:00+08:00,52.764944739908316,53.10049231146829,51.758302025228396,52.26162338256836,7108112,0.0,0.0
2017-02-16 00:00:00+08:00,53.100492650073356,53.352154950568156,52.00996141532942,52.513282775878906,7303223,0.0,0.0
2017-02-17 00:00:00+08:00,52.429399238969474,55.53321925914012,52.34551072254638,54.44268798828125,18170362,0.0,0.0
2017-02-20 00:00:00+08:00,54.274915082496335,54.274915082496335,50.66777038574219,50.66777038574219,16102107,0.0,0.0
2017-02-21 00:00:00+08:00,50.332219083792054,51.08720272649734,48.82225503882152,50.58388137817383,9166634,0.0,0.0
2017-02-22 00:00:00+08:00,51.5066405640781,51.84218814109565,50.75165689556853,51.17109298706055,5113975,0.0,0.0
2017-02-23 00:00:00+08:00,51.17108952018083,53.10048957753352,51.17108952018083,51.42274856567383,9777151,0.0,0.0
2017-02-24 00:00:00+08:00,51.84218888741672,51.84218888741672,50.83554290143223,51.59052658081055,3320509,0.0,0.0
2017-03-01 00:00:00+08:00,51.59052658081055,51.59052658081055,51.59052658081055,51.59052658081055,0,0.0,0.0
2017-03-02 00:00:00+08:00,52.34550950662197,52.597171809605214,50.835542169602846,51.17109298706055,3543374,0.0,0.0
2017-03-03 00:00:00+08:00,51.17109634730496,51.17109634730496,49.577240391147875,49.74501419067383,5320371,0.0,0.0
2017-03-06 00:00:00+08:00,49.828904384079465,50.33222579956055,49.6611305789191,50.33222579956055,2258930,0.0,0.0
2017-03-07 00:00:00+08:00,50.164448681092885,51.254979962827065,49.91278636975413,50.41611099243164,2891860,0.0,0.0
2017-03-08 00:00:00+08:00,50.33221948693647,50.49999327105478,49.241688269947375,49.32557678222656,3317964,0.0,0.0
2017-03-09 00:00:00+08:00,49.07391820777702,49.24169200461992,47.983386908077996,48.0672721862793,3869491,0.0,0.0
2017-03-10 00:00:00+08:00,47.64783724316948,48.99003080000867,46.641191265430045,48.65447998046875,5737705,0.0,0.0
2017-03-13 00:00:00+08:00,48.82225667840024,49.157804255217805,48.235046798749416,48.4028205871582,2593264,0.0,0.0
2017-03-14 00:00:00+08:00,48.40282016090072,49.66112518310547,48.40282016090072,49.66112518310547,3102300,0.0,0.0
2017-03-15 00:00:00+08:00,49.493350982666016,50.24833463776913,49.40946246968119,49.493350982666016,2776041,0.0,0.0
2017-03-16 00:00:00+08:00,49.99667149527425,50.332219060669104,49.07391407021838,49.15780258178711,2661085,0.0,0.0
2017-03-17 00:00:00+08:00,49.49335006852441,49.74500912195058,48.90614020979662,49.2416877746582,2054907,0.0,0.0
2017-03-20 00:00:00+08:00,49.74501176839972,50.58388396562195,49.49335270158521,50.080562591552734,3738718,0.0,0.0
2017-03-21 00:00:00+08:00,50.58388220882828,50.75165599435785,49.493350982666016,49.493350982666016,2658480,0.0,0.0
2017-03-22 00:00:00+08:00,49.15780591661838,50.75165858058981,48.82225832846021,50.41611099243164,3990137,0.0,0.0
2017-03-23 00:00:00+08:00,50.83554093813482,52.261622966573434,50.58388188168805,52.093849182128906,8573793,0.0,0.0
2017-03-24 00:00:00+08:00,52.76494994214819,53.268271349111984,51.338871002197266,51.338871002197266,5886091,0.0,0.0
2017-03-27 00:00:00+08:00,51.926080930541886,52.68106142076736,51.171097199876,51.338871002197266,6365766,0.0,0.0
2017-03-28 00:00:00+08:00,51.92607530813983,52.261622876450254,49.493350577229165,50.75165557861328,4492333,0.0,0.0
2017-03-29 00:00:00+08:00,51.33886379447553,51.59052284240554,50.83553921773561,51.50663757324219,2297604,0.0,0.0
2017-03-30 00:00:00+08:00,51.67441385382523,51.84218764071465,50.835541678938,51.08720397949219,2690847,0.0,0.0
2017-03-31 00:00:00+08:00,51.33886677556932,51.67441435258687,50.835542169602846,51.17109298706055,1588691,0.0,0.0
2017-04-05 00:00:00+08:00,51.674415096492666,52.51328405111292,51.422752789886495,51.59052658081055,2261894,0.0,0.0
2017-04-06 00:00:00+08:00,51.84218636920262,51.84218636920262,50.58388137817383,50.58388137817383,1716304,0.0,0.0
2017-04-07 00:00:00+08:00,50.583881783333965,50.583881783333965,49.32557678222656,49.32557678222656,4106154,0.0,0.0
2017-04-10 00:00:00+08:00,49.07391407021838,49.91278298370552,49.07391407021838,49.15780258178711,2144492,0.0,0.0
2017-04-11 00:00:00+08:00,49.157805895109,49.66112727712602,47.73172378540039,47.73172378540039,2697214,0.0,0.0
2017-04-12 00:00:00+08:00,47.647835516454805,48.067268354909544,46.64118957519531,46.64118957519531,3486094,0.0,0.0
2017-04-13 00:00:00+08:00,46.808967089737365,48.40282302040541,46.808967089737365,48.0672721862793,2840163,0.0,0.0
2017-04-14 00:00:00+08:00,47.73172419041059,48.486707890062384,47.48006511748684,47.899497985839844,2397616,0.0,0.0
2017-04-17 00:00:00+08:00,48.06727063282357,48.2350476646845,47.0606278842992,47.31229019165039,1753512,0.0,0.0
2017-04-18 00:00:00+08:00,47.89949638782936,48.570594787597656,47.56394880816529,48.570594787597656,1384616,0.0,0.0
2017-04-19 00:00:00+08:00,48.31893458769073,48.990033016696074,47.9833869934082,47.9833869934082,1924510,0.0,0.0
2017-04-20 00:00:00+08:00,48.1511598906347,48.57059599586901,47.480064714612006,47.73172378540039,1367443,0.0,0.0
2017-04-21 00:00:00+08:00,48.402822612567896,48.486707890062384,47.899497985839844,47.899497985839844,809221,0.0,0.0
2017-04-24 00:00:00+08:00,48.48671104486007,48.48671104486007,47.22840587704862,47.48006820678711,950350,0.0,0.0
2017-04-25 00:00:00+08:00,47.647836512083956,48.73836774764566,47.647836512083956,48.23504638671875,1748906,0.0,0.0
2017-04-26 00:00:00+08:00,48.65447574026053,49.4094593476587,48.31892819040354,48.48670196533203,2070040,0.0,0.0
2017-04-27 00:00:00+08:00,48.654479649551305,48.990030466809024,48.31893207273374,48.4028205871582,873177,0.0,0.0
2017-04-28 00:00:00+08:00,48.65447685332912,52.09384741914546,48.65447685332912,51.50663757324219,10555979,0.0,0.0
2017-05-02 00:00:00+08:00,52.513280245842125,53.43603764927871,51.42274906363888,51.50663757324219,11641947,0.0,0.0
2017-05-03 00:00:00+08:00,51.171093855589476,52.093851328269814,49.99667407565443,50.080562591552734,4943838,0.0,0.0
2017-05-04 00:00:00+08:00,50.33222579956055,50.91943573784204,49.99667818923982,50.33222579956055,2380180,0.0,0.0
2017-05-05 00:00:00+08:00,50.08055768781256,50.16444295505686,48.48670196533203,48.48670196533203,4411012,0.0,0.0
2017-05-08 00:00:00+08:00,48.82225791237206,49.07391698112579,48.318933293984145,48.90614318847656,1950378,0.0,0.0
2017-05-09 00:00:00+08:00,48.822261399248056,49.24169429060683,47.14452011249158,47.39617919921875,3493618,0.0,0.0
2017-05-10 00:00:00+08:00,47.7317237961287,49.073917388916016,47.56395000208531,49.073917388916016,2568728,0.0,0.0
2017-05-11 00:00:00+08:00,49.07391399222741,49.91278290438137,48.654477915930414,49.2416877746582,2468042,0.0,0.0
2017-05-12 00:00:00+08:00,49.49335006852441,49.6611238509552,49.07391399222741,49.2416877746582,1460731,0.0,0.0
2017-05-15 00:00:00+08:00,49.66112689724405,50.83554344630009,49.409464587940505,50.24833679199219,3852738,0.0,0.0
2017-05-16 00:00:00+08:00,50.49999369584345,50.66776748137302,49.493350982666016,49.493350982666016,1609113,0.0,0.0
2017-05-17 00:00:00+08:00,49.32557636448453,49.82889771257682,49.15780258178711,49.15780258178711,947979,0.0,0.0
2017-05-18 00:00:00+08:00,48.65447873638735,49.57723617553711,48.4867049511274,49.57723617553711,1155953,0.0,0.0
2017-05-19 00:00:00+08:00,49.996674962029815,49.996674962029815,48.99003219604492,48.99003219604492,1078606,0.0,0.0
2017-05-22 00:00:00+08:00,48.822253682616825,49.157801238844854,48.57059139522583,48.738365173339844,809851,0.0,0.0
2017-05-23 00:00:00+08:00,48.82225831807107,49.82890108233137,48.73836980082925,49.073917388916016,1832904,0.0,0.0
2017-05-24 00:00:00+08:00,49.32557970020122,49.57723877104617,48.99003211211445,49.073917388916016,860337,0.0,0.0
2017-05-25 00:00:00+08:00,49.15780341160687,50.66776748137302,49.15780341160687,49.493350982666016,7306245,0.0,0.0
2017-05-26 00:00:00+08:00,49.40946465065875,49.40946465065875,48.82225799560547,48.82225799560547,1917646,0.0,0.0
2017-05-31 00:00:00+08:00,48.99002746073084,49.24168650768189,48.65447666406287,48.738365173339844,949907,0.0,0.0
2017-06-01 00:00:00+08:00,49.49335262010304,50.91943146450481,49.409464104342845,50.16444778442383,5181141,0.0,0.0
2017-06-02 00:00:00+08:00,50.75165394857226,51.75829986161215,50.33221788143564,51.50663757324219,6633368,0.0,0.0
2017-06-05 00:00:00+08:00,51.674415588378906,52.2616254824228,51.42275327937717,51.674415588378906,4429814,0.0,0.0
2017-06-06 00:00:00+08:00,51.92607456299765,52.7649434717359,51.67441227015617,51.75830078125,6907728,0.0,0.0
2017-06-07 00:00:00+08:00,52.51328244101829,53.35215461035832,52.17773486945832,52.26162338256836,7401944,0.0,0.0
2017-06-08 00:00:00+08:00,52.5132848937127,53.436042378821135,52.26162582350873,53.26826858520508,6307163,0.0,0.0
2017-06-09 00:00:00+08:00,53.7715869450259,53.7715869450259,52.177734375,52.177734375,5315890,0.0,0.0
2017-06-12 00:00:00+08:00,51.08720569433501,51.84218938089998,51.08720569433501,51.674415588378906,2542612,0.0,0.0
2017-06-13 00:00:00+08:00,52.17773218303269,52.42939446896562,51.254974788531854,51.42274856567383,1558853,0.0,0.0
2017-06-14 00:00:00+08:00,51.674419481283905,52.00996709160463,49.74501586127905,50.33222579956055,2959345,0.0,0.0
2017-06-15 00:00:00+08:00,50.33222239150255,50.75165849622314,49.82890101010199,50.499996185302734,1632353,0.0,0.0
2017-06-16 00:00:00+08:00,50.41610931855098,51.33886677556932,50.33222080407652,51.17109298706055,1446831,0.0,0.0
2017-06-19 00:00:00+08:00,51.254979486856094,52.00996317342106,50.835543385333274,51.674415588378906,2095014,0.0,0.0
2017-06-20 00:00:00+08:00,51.92607313753969,52.68105351445862,51.42274856567383,51.42274856567383,3600616,0.0,0.0
2017-06-21 00:00:00+08:00,51.50664342050062,51.67441721831369,50.835544988808024,51.003318786621094,1579546,0.0,0.0
2017-06-22 00:00:00+08:00,51.171095824874484,51.67441721831369,50.91943350793473,51.003318786621094,1933344,0.0,0.0
2017-06-23 00:00:00+08:00,51.3388685571166,51.67441614577823,51.003317728014714,48.99003219604492,2612540,0.0,0.0
2017-06-26 00:00:00+08:00,51.96442149363975,53.53910164966556,51.96442149363975,52.57679748535156,7528746,2.370075,0.0
2017-06-27 00:00:00+08:00,53.36413803456592,53.45161838883091,52.22686977390884,52.31435012817383,3101068,0.0,0.0
2017-06-28 00:00:00+08:00,52.664278112476325,53.45161819458008,51.96442176363566,53.45161819458008,3623528,0.0,0.0
2017-06-29 00:00:00+08:00,53.62658199164931,57.38831491528944,53.539101638175545,55.28874588012695,27346692,0.0,0.0
2017-06-30 00:00:00+08:00,55.11377868726362,56.600978496836746,54.85133424622767,56.16356658935547,9524503,0.0,0.0
2017-07-03 00:00:00+08:00,56.16356740447202,56.68845967347783,55.376227311305264,56.338531494140625,5879044,0.0,0.0
2017-07-04 00:00:00+08:00,56.25104375308027,56.25104375308027,54.326438903808594,54.326438903808594,5095594,0.0,0.0
2017-07-05 00:00:00+08:00,53.801548577273145,54.32644423976389,52.57679991653245,53.10169219970703,5837847,0.0,0.0
2017-07-06 00:00:00+08:00,53.451616915802525,54.15147662721575,53.276652832778204,53.539100646972656,3052197,0.0,0.0
2017-07-07 00:00:00+08:00,53.189174769346245,53.62658671317482,52.751766204833984,52.751766204833984,2459468,0.0,0.0
2017-07-10 00:00:00+08:00,53.01420428424843,53.18916836484921,52.401831691803665,52.664276123046875,1879508,0.0,0.0
2017-07-11 00:00:00+08:00,53.01420428424843,53.36413582476588,52.57679577240444,52.664276123046875,1566620,0.0,0.0
2017-07-12 00:00:00+08:00,52.92672378884204,53.97651164889123,52.75175970871982,53.801544189453125,2715445,0.0,0.0
2017-07-13 00:00:00+08:00,54.06399372315993,54.15147745566846,53.45161773354822,53.71406555175781,2233144,0.0,0.0
2017-07-14 00:00:00+08:00,54.06399154663086,55.026295668903884,53.97651119696014,54.06399154663086,3777931,0.0,0.0
2017-07-17 00:00:00+08:00,54.67637162249644,55.37622798974512,54.41392379512013,54.93881607055664,3406242,0.0,0.0
2017-07-18 00:00:00+08:00,55.46370709530886,55.72615152146072,54.326438903808594,54.326438903808594,4446993,0.0,0.0
2017-07-19 00:00:00+08:00,55.201263991728865,55.46371181955112,54.23895979546876,54.501407623291016,2693649,0.0,0.0
2017-07-20 00:00:00+08:00,54.501408096212856,54.76385254699629,53.889032078857944,54.23896026611328,2066329,0.0,0.0
2017-07-21 00:00:00+08:00,54.3264434388721,56.86342783912274,54.3264434388721,54.93881607055664,11310300,0.0,0.0
2017-07-24 00:00:00+08:00,54.85133558868762,55.9886038725202,54.67637149727615,55.638675689697266,3976412,0.0,0.0
2017-07-25 00:00:00+08:00,56.16356493109591,59.22544481374515,56.16356493109591,58.96299362182617,22226821,0.0,0.0
2017-07-26 00:00:00+08:00,60.18774119764776,62.98717306410132,59.66284561061541,59.925296783447266,23245863,0.0,0.0
2017-07-27 00:00:00+08:00,60.88760666313743,62.02487497447293,60.712645946810945,61.15005111694336,10443974,0.0,0.0
2017-07-28 00:00:00+08:00,60.88760097045706,61.062568429057364,59.05047644831263,59.48788833618164,7085542,0.0,0.0
2017-07-31 00:00:00+08:00,59.48789035945021,60.27523043266664,58.17565465121217,60.012779235839844,5486091,0.0,0.0
2017-08-01 00:00:00+08:00,59.92530261829402,60.80011967035255,59.22544627319439,60.450191497802734,4898840,0.0,0.0
2017-08-02 00:00:00+08:00,61.23753570418624,61.32501944287965,59.31292724609375,59.31292724609375,5537574,0.0,0.0
2017-08-03 00:00:00+08:00,56.86342585042397,58.00069409708717,56.4260139465332,56.4260139465332,10297484,0.0,0.0
2017-08-04 00:00:00+08:00,56.163563404134926,56.95090006190633,54.23895517554742,54.326438903808594,11208117,0.0,0.0
2017-08-07 00:00:00+08:00,54.85133710114626,55.201265293618036,54.326444812438595,54.41392517089844,4754378,0.0,0.0
2017-08-08 00:00:00+08:00,54.85133211465068,54.93881246515775,53.18916828254158,53.3641357421875,6594440,0.0,0.0
2017-08-09 00:00:00+08:00,53.6265796603297,54.501403432932015,53.3641352320017,54.06399154663086,3844089,0.0,0.0
2017-08-10 00:00:00+08:00,54.23895904854718,54.58888722794726,51.61449432373047,51.61449432373047,7255781,0.0,0.0
2017-08-11 00:00:00+08:00,51.08960196891833,52.314350594763894,50.82715414515053,52.051902770996094,3379098,0.0,0.0
2017-08-14 00:00:00+08:00,52.31435272329483,52.57680055774093,50.127296447753906,50.127296447753906,3014799,0.0,0.0
2017-08-15 00:00:00+08:00,50.82715539075641,51.264567314650236,49.86485118577968,49.95233154296875,3333648,0.0,0.0
2017-08-16 00:00:00+08:00,49.95232727765948,50.914634779783235,49.16499061292198,50.21477508544922,3459347,0.0,0.0
2017-08-17 00:00:00+08:00,50.564703839044775,52.31434802653186,50.564703839044775,52.22686767578125,3975975,0.0,0.0
2017-08-18 00:00:00+08:00,51.352043388990765,52.92672348022461,51.352043388990765,52.92672348022461,2304417,0.0,0.0
2017-08-21 00:00:00+08:00,52.83924509496267,52.83924509496267,51.70197677612305,51.70197677612305,2364998,0.0,0.0
2017-08-22 00:00:00+08:00,51.789458884439,52.48931524960414,51.352046966552734,51.352046966552734,1783865,0.0,0.0
2017-08-23 00:00:00+08:00,51.70196878629432,51.96441658059046,50.8271484375,50.8271484375,2661870,0.0,0.0
2017-08-24 00:00:00+08:00,50.91463348759886,51.17707790941205,50.3022575378418,50.3022575378418,2281137,0.0,0.0
2017-08-25 00:00:00+08:00,50.47722730257108,51.08960332136272,49.42743935902597,49.514923095703125,4233112,0.0,0.0
2017-08-28 00:00:00+08:00,49.514921379070294,50.21477773095961,48.990025735837264,49.60240173339844,2568723,0.0,0.0
2017-08-29 00:00:00+08:00,49.68988029440954,51.08959623179614,49.68988029440954,50.8271484375,3930820,0.0,0.0
2017-08-30 00:00:00+08:00,51.08960308483781,51.26456717806595,50.302262975653086,50.652191162109375,2504882,0.0,0.0
2017-08-31 00:00:00+08:00,51.00212030969676,51.177084406222086,50.127296447753906,50.127296447753906,1963988,0.0,0.0
2017-09-01 00:00:00+08:00,50.564706062324156,51.61449397270089,50.38974197381404,51.17708206176758,4104560,0.0,0.0
2017-09-04 00:00:00+08:00,51.26456614433038,52.31435068253064,51.26456614433038,51.61449432373047,5019923,0.0,0.0
2017-09-05 00:00:00+08:00,51.789458061211,52.05190250431815,50.827153884747354,51.17708206176758,3645994,0.0,0.0
2017-09-06 00:00:00+08:00,50.56470789979979,51.876940300969004,50.38974380493164,50.38974380493164,3793667,0.0,0.0
2017-09-07 00:00:00+08:00,50.564708973766564,50.73967307235086,49.42744064331055,49.42744064331055,3333582,0.0,0.0
2017-09-08 00:00:00+08:00,49.77736672916785,49.95233082033103,49.077510364515156,49.33995819091797,1962065,0.0,0.0
2017-09-11 00:00:00+08:00,49.86485117694652,49.86485117694652,47.32786674985433,47.940242767333984,4772557,0.0,0.0
2017-09-12 00:00:00+08:00,48.20268584431932,48.90254557834161,48.11520548963907,48.46513366699219,2751002,0.0,0.0
2017-09-13 00:00:00+08:00,48.64010018650652,49.602404411977744,48.115207894244826,48.990028381347656,2335269,0.0,0.0
2017-09-14 00:00:00+08:00,49.602399785219674,51.61449178684881,49.25247162301876,51.527008056640625,7851494,0.0,0.0
2017-09-15 00:00:00+08:00,51.52700605804015,51.7019701323542,50.3022575378418,50.3022575378418,4188801,0.0,0.0
2017-09-18 00:00:00+08:00,50.47722555257612,50.7396699948766,49.42743764542611,49.60240173339844,2603198,0.0,0.0
2017-09-19 00:00:00+08:00,49.864849279361245,50.2147774533715,48.64009729100935,48.72758102416992,2647358,0.0,0.0
2017-09-20 00:00:00+08:00,48.815059210530464,49.68988298602823,48.55261478133384,49.07750701904297,2146825,0.0,0.0
2017-09-21 00:00:00+08:00,49.427437728876384,49.60240181714411,49.07750955234093,49.16499328613281,1200532,0.0,0.0
2017-09-22 00:00:00+08:00,48.99002258488417,49.33995411763789,47.67779031983418,47.76527404785156,2717106,0.0,0.0
2017-09-25 00:00:00+08:00,47.76527830932572,47.94024240165444,45.31577425809149,45.49074172973633,3735674,0.0,0.0
2017-09-26 00:00:00+08:00,45.49074172973633,46.19059809905118,45.05332980925648,45.49074172973633,2069708,0.0,0.0
2017-09-27 00:00:00+08:00,46.015632168903046,46.6280081572539,45.84066808356222,46.278079986572266,1565520,0.0,0.0
2017-09-28 00:00:00+08:00,46.540525714557795,47.06541798512495,46.19059753417969,46.19059753417969,1220620,0.0,0.0
2017-09-29 00:00:00+08:00,46.10311822262804,46.54052676834661,44.79088244752387,45.228294372558594,2275850,0.0,0.0
2017-10-02 00:00:00+08:00,48.0277214050293,48.11520513838695,47.06541723467524,48.0277214050293,2678902,0.0,0.0
2017-10-03 00:00:00+08:00,48.29016957831563,49.42743784437129,47.940241400962506,48.46513366699219,4261118,0.0,0.0
2017-10-05 00:00:00+08:00,47.94024437782231,48.81506487552727,47.76528027828132,48.2901725769043,2120278,0.0,0.0
2017-10-06 00:00:00+08:00,48.37765295914389,48.815061487984075,47.940241050987666,48.0277214050293,1643599,0.0,0.0
2017-10-11 00:00:00+08:00,48.64009740058479,48.815061487984075,48.0277214050293,48.0277214050293,1426079,0.0,0.0
2017-10-12 00:00:00+08:00,48.46513435578599,49.60240263800468,48.290170264622816,49.33995819091797,3009909,0.0,0.0
2017-10-13 00:00:00+08:00,49.68988815034614,49.68988815034614,48.64010018650652,48.990028381347656,1214080,0.0,0.0
2017-10-16 00:00:00+08:00,49.42744031455718,49.602404411977744,48.990028381347656,48.990028381347656,1081660,0.0,0.0
2017-10-17 00:00:00+08:00,49.33996028367652,50.30226451554825,48.46513641143881,49.42744064331055,3563816,0.0,0.0
2017-10-18 00:00:00+08:00,50.21477855495007,50.564706736636815,49.602402547340226,49.777366638183594,2811912,0.0,0.0
2017-10-19 00:00:00+08:00,49.86484909057617,50.82715325511915,49.86484909057617,49.86484909057617,2514180,0.0,0.0
2017-10-20 00:00:00+08:00,49.864852579429396,49.864852579429396,48.90254834755767,49.42744064331055,1601267,0.0,0.0
2017-10-23 00:00:00+08:00,49.602401271404084,50.21477726326162,49.42743718506136,49.86484909057617,1457248,0.0,0.0
2017-10-24 00:00:00+08:00,50.1272943503055,50.38974217377014,49.60240208269229,50.03981399536133,1838476,0.0,0.0
2017-10-25 00:00:00+08:00,51.439528071569285,53.27665262584707,51.439528071569285,51.964420318603516,15164561,0.0,0.0
2017-10-26 00:00:00+08:00,52.83924156380711,53.62658163643583,52.13938522338867,52.13938522338867,10181072,0.0,0.0
2017-10-27 00:00:00+08:00,52.48931524960414,52.664279340895426,50.389742774792616,51.352046966552734,6807059,0.0,0.0
2017-10-30 00:00:00+08:00,53.014210667678086,53.889034555335215,52.13939015933725,52.751766204833984,12423891,0.0,0.0
2017-10-31 00:00:00+08:00,53.189174769346245,53.276658509838484,52.13939015933725,52.751766204833984,3959299,0.0,0.0
2017-11-01 00:00:00+08:00,52.839238147020765,53.10168594736479,51.78945370427618,51.87693405151367,2994943,0.0,0.0
2017-11-02 00:00:00+08:00,51.614495482382104,55.98860458170611,51.43953138875443,54.23896026611328,21856351,0.0,0.0
2017-11-03 00:00:00+08:00,54.93881246515775,55.2887440051337,53.3641357421875,53.3641357421875,11964120,0.0,0.0
2017-11-06 00:00:00+08:00,53.801548577273145,54.06399640851852,53.10169219970703,53.10169219970703,3386092,0.0,0.0
2017-11-07 00:00:00+08:00,53.18917113103085,53.80154713463904,51.61449432373047,51.61449432373047,4814135,0.0,0.0
2017-11-08 00:00:00+08:00,51.87694179374141,52.314353733156516,50.827157194324684,51.43953323364258,4105339,0.0,0.0
2017-11-09 00:00:00+08:00,51.70196923324411,51.87693330451548,49.952325141214565,50.564701080322266,5272905,0.0,0.0
2017-11-10 00:00:00+08:00,51.089603424072266,51.35204787599904,50.214779572806584,51.089603424072266,4764449,0.0,0.0
2017-11-13 00:00:00+08:00,50.73966971438687,51.08960126771314,48.64009729100935,48.72758102416992,3808503,0.0,0.0
2017-11-14 00:00:00+08:00,48.9900276717407,49.25247550372817,47.41535081776436,48.377655029296875,2975371,0.0,0.0
2017-11-15 00:00:00+08:00,48.290169116999095,49.33995701834587,48.11520502999397,48.72758102416992,1951011,0.0,0.0
2017-11-16 00:00:00+08:00,48.46513426720026,50.127294819870336,48.377653911436624,49.777366638183594,2002271,0.0,0.0
2017-11-17 00:00:00+08:00,50.302261876931006,52.66427877357691,50.03981405316321,52.051902770996094,7183882,0.0,0.0
2017-11-20 00:00:00+08:00,52.66427553805668,54.326439354274726,52.576795188385965,54.06399154663086,12329432,0.0,0.0
2017-11-21 00:00:00+08:00,55.1137760185746,55.376223826218464,53.97651119696014,54.06399154663086,8651094,0.0,0.0
2017-11-22 00:00:00+08:00,55.11377556158,56.163563404134926,53.97651074939556,54.326438903808594,15668554,0.0,0.0
2017-11-23 00:00:00+08:00,55.37622320283827,59.75033187866211,55.37622320283827,59.75033187866211,32133954,0.0,0.0
2017-11-24 00:00:00+08:00,61.23753153903612,64.91178748655749,60.62515892709856,63.424591064453125,46271076,0.0,0.0
2017-11-27 00:00:00+08:00,63.949488301721395,66.13654135434997,62.549775429420365,64.03697204589844,23577615,0.0,0.0
2017-11-28 00:00:00+08:00,64.73681640625,65.34919574262508,62.987175642246115,64.73681640625,13592779,0.0,0.0
2017-11-29 00:00:00+08:00,65.5241682938719,71.21051025390625,64.9992793490274,71.21051025390625,41165084,0.0,0.0
2017-11-30 00:00:00+08:00,70.16071231557187,72.4352486687374,69.11092786610276,70.42315673828125,27896588,0.0,0.0
2017-12-01 00:00:00+08:00,71.29798273446339,72.17280651584981,66.48646545410156,66.48646545410156,31831944,0.0,0.0
2017-12-04 00:00:00+08:00,68.6735127226237,72.26027777735872,67.36127715423176,69.98574829101562,28375572,0.0,0.0
2017-12-05 00:00:00+08:00,69.11092940013003,70.94805391713679,62.98717650435303,64.47437286376953,28008445,0.0,0.0
2017-12-06 00:00:00+08:00,64.73682057409013,67.62373646884946,62.54976778862208,65.17423248291016,24137215,0.0,0.0
2017-12-07 00:00:00+08:00,66.31150060400344,66.39898433731129,60.71264305178198,60.887603759765625,19895882,0.0,0.0
2017-12-08 00:00:00+08:00,61.762435819431566,65.43668552246768,60.53768366554187,64.91179656982422,20066228,0.0,0.0
2017-12-11 00:00:00+08:00,66.04904923462524,69.72329806183113,65.1742255105738,68.3235855102539,31195305,0.0,0.0
2017-12-12 00:00:00+08:00,67.09883744099126,67.97366121449109,62.72472533212387,64.21192169189453,19478629,0.0,0.0
2017-12-13 00:00:00+08:00,63.68703604810131,66.0490563005502,63.07465667230045,65.17423248291016,14149035,0.0,0.0
2017-12-14 00:00:00+08:00,64.9117887351955,67.01135780962456,64.38689308727216,66.04905700683594,19165568,0.0,0.0
2017-12-15 00:00:00+08:00,65.69913675742238,66.04906497872902,64.38690085854779,64.91179656982422,8423183,0.0,0.0
2017-12-18 00:00:00+08:00,65.52415371889107,67.79868999696431,64.38688557985445,66.92386627197266,15820232,0.0,0.0
2017-12-19 00:00:00+08:00,67.44876804920118,70.16071643867527,65.52415973275609,65.69912719726562,24084350,0.0,0.0
2017-12-20 00:00:00+08:00,65.9615787470251,67.71121978759766,65.26172233079608,67.71121978759766,9132294,0.0,0.0
2017-12-21 00:00:00+08:00,67.27380925914562,67.44876997000571,64.29940958820232,64.64933776855469,12643899,0.0,0.0
2017-12-22 00:00:00+08:00,64.29941095666842,65.17423480548402,61.762429905461936,62.11235809326172,13431002,0.0,0.0
2017-12-25 00:00:00+08:00,62.024869790253774,63.424589197034955,61.49998092651367,61.49998092651367,7113223,0.0,0.0
2017-12-26 00:00:00+08:00,61.58745628393927,61.93739119543718,56.07607942800586,56.600975036621094,16363661,0.0,0.0
2017-12-27 00:00:00+08:00,57.125868842233,58.78803268318674,57.125868842233,57.65076446533203,9079546,0.0,0.0
2017-12-28 00:00:00+08:00,58.43810797897617,59.925304447363835,58.26314050804481,59.6628532409668,7372757,0.0,0.0
2017-12-29 00:00:00+08:00,59.925304447363835,60.01278142419729,58.43810797897617,59.6628532409668,5266860,0.0,0.0
2018-01-02 00:00:00+08:00,59.22544627319439,60.5376752305982,58.08817126411748,60.450191497802734,4440467,0.0,0.0
2018-01-03 00:00:00+08:00,60.8876038868324,66.48646820937023,60.62515944499321,65.17423248291016,16198549,0.0,0.0
2018-01-04 00:00:00+08:00,64.73682848204895,65.17424044430125,63.24963186557088,64.03697204589844,10320604,0.0,0.0
2018-01-05 00:00:00+08:00,65.17422660987992,65.78659917186613,64.1244421784901,64.38688659667969,6766324,0.0,0.0
2018-01-08 00:00:00+08:00,64.824312568381,65.08675704366445,62.374808270292355,62.89970397949219,4223939,0.0,0.0
2018-01-09 00:00:00+08:00,63.16213283922534,63.249616562235566,59.40040033609822,60.187740325927734,9319652,0.0,0.0
2018-01-10 00:00:00+08:00,60.18774557488587,60.800118172099786,58.87550989118651,58.96299362182617,5978939,0.0,0.0
2018-01-11 00:00:00+08:00,58.78803705815823,60.36271728601029,58.78803705815823,59.40040969848633,4196192,0.0,0.0
2018-01-12 00:00:00+08:00,59.7503293348927,60.18774119764776,59.225440506491715,59.925296783447266,2426380,0.0,0.0
2018-01-15 00:00:00+08:00,59.487890363865645,63.59955143617219,59.22544592565135,62.724727630615234,10874051,0.0,0.0
2018-01-16 00:00:00+08:00,63.42460070027998,64.91179734832774,62.28733227773564,62.37480926513672,9789661,0.0,0.0
2018-01-17 00:00:00+08:00,62.37480983795354,63.774529511454496,61.93740462103216,63.2496337890625,4746083,0.0,0.0
2018-01-18 00:00:00+08:00,64.21192516849844,64.56186010375015,61.325016021728516,61.325016021728516,6283676,0.0,0.0
2018-01-19 00:00:00+08:00,61.76243713886074,62.19984911449669,61.325025163224794,61.93740463256836,3633872,0.0,0.0
2018-01-22 00:00:00+08:00,62.46227899942061,63.86199158744598,61.49997828481105,62.54976272583008,5332444,0.0,0.0
2018-01-23 00:00:00+08:00,62.63725822759827,63.512075380257755,61.412506103515625,61.412506103515625,5919824,0.0,0.0
2018-01-24 00:00:00+08:00,60.53767742412417,60.97508934531865,59.48789286843677,60.10026550292969,7417488,0.0,0.0
2018-01-25 00:00:00+08:00,60.012778683251355,60.9750862121582,59.050477912976426,60.9750862121582,5864581,0.0,0.0
2018-01-26 00:00:00+08:00,60.97508749307347,61.499983134288506,60.18774741056695,60.887603759765625,3231735,0.0,0.0
2018-01-29 00:00:00+08:00,60.975092553377216,61.49998823815318,60.36271988666577,61.06257629394531,3134426,0.0,0.0
2018-01-30 00:00:00+08:00,62.987184826136755,65.69913347473408,62.63725662231445,62.63725662231445,24742017,0.0,0.0
2018-01-31 00:00:00+08:00,62.987179159369724,64.03696367639068,62.987179159369724,63.424591064453125,7570595,0.0,0.0
2018-02-01 00:00:00+08:00,63.861997673103836,65.52416159875166,63.24962504714525,64.64933776855469,10057235,0.0,0.0
2018-02-02 00:00:00+08:00,64.73681820474735,65.78660269231446,63.94947814941406,63.94947814941406,6627292,0.0,0.0
2018-02-05 00:00:00+08:00,61.23753153903612,63.86199621090452,60.80011963395271,63.424591064453125,4389133,0.0,0.0
2018-02-06 00:00:00+08:00,61.23752670573023,61.67493857628995,57.1258659362793,57.1258659362793,9992608,0.0,0.0
2018-02-07 00:00:00+08:00,59.75033681357965,60.362716201538106,58.350624084472656,58.350624084472656,6082571,0.0,0.0
2018-02-08 00:00:00+08:00,58.78803780182068,59.05048225690514,54.67637308589665,55.98860549926758,5233455,0.0,0.0
2018-02-09 00:00:00+08:00,55.98860549926758,55.98860549926758,55.98860549926758,55.98860549926758,0,0.0,0.0
2018-02-12 00:00:00+08:00,56.60097821676151,56.68845857023528,55.02629806107364,55.28874588012695,2340483,0.0,0.0
2018-02-21 00:00:00+08:00,56.86342987310578,59.31292724609375,56.77594613441238,59.31292724609375,4186833,0.0,0.0
2018-02-22 00:00:00+08:00,59.31292087758134,60.88760097045706,59.31292087758134,59.48788833618164,4594914,0.0,0.0
2018-02-23 00:00:00+08:00,59.925304447363835,60.71264454929051,59.48789252866766,59.6628532409668,2684165,0.0,0.0
2018-02-26 00:00:00+08:00,60.27523485445623,60.53767931190397,59.31292724609375,59.31292724609375,1637178,0.0,0.0
2018-02-27 00:00:00+08:00,59.92530536064779,60.53767800097589,59.40040969848633,59.40040969848633,2428528,0.0,0.0
2018-03-01 00:00:00+08:00,58.52558678993402,59.925306325353816,58.52558678993402,58.87551498413086,1829063,0.0,0.0
2018-03-02 00:00:00+08:00,58.17565885205598,58.52558704779459,57.388318721985996,57.73824691772461,2280914,0.0,0.0
2018-03-05 00:00:00+08:00,58.000697332269446,58.43810926055833,55.463712879236624,55.55119323730469,3511007,0.0,0.0
2018-03-06 00:00:00+08:00,56.33852911594079,56.4260128467402,55.11377716064453,55.11377716064453,3359749,0.0,0.0
2018-03-07 00:00:00+08:00,55.11378073425163,56.25104903248955,54.23896026611328,54.23896026611328,2783955,0.0,0.0
2018-03-08 00:00:00+08:00,54.67637015909837,56.86342631718871,54.67637015909837,56.16356658935547,5215668,0.0,0.0
2018-03-09 00:00:00+08:00,56.86342585042397,56.86342585042397,55.638673871256216,56.4260139465332,1969233,0.0,0.0
2018-03-12 00:00:00+08:00,57.12587081315951,59.13796288605547,57.12587081315951,58.438106536865234,7833497,0.0,0.0
2018-03-13 00:00:00+08:00,58.61307048577379,59.837822543893665,58.43810976811805,59.13796615600586,3879294,0.0,0.0
2018-03-14 00:00:00+08:00,59.050482460545496,60.10026704313602,58.613070528141336,58.87551498413086,3056750,0.0,0.0
2018-03-15 00:00:00+08:00,59.487894392949656,59.925306325353816,58.87551498413086,58.87551498413086,3597181,0.0,0.0
2018-03-16 00:00:00+08:00,59.487889027916104,59.83781719055398,57.213352591454004,57.38831329345703,4085577,0.0,0.0
2018-03-19 00:00:00+08:00,57.038388420989,57.213355891716574,55.20126377151055,55.638675689697266,5141891,0.0,0.0
2018-03-20 00:00:00+08:00,54.763851643602905,56.775943756103516,54.676371287890234,56.775943756103516,2248738,0.0,0.0
2018-03-21 00:00:00+08:00,57.03839015810045,57.56328582763672,56.950906420072336,57.56328582763672,2280131,0.0,0.0
2018-03-22 00:00:00+08:00,58.000694573187204,58.17565528100049,56.16356658935547,56.16356658935547,2135653,0.0,0.0
2018-03-23 00:00:00+08:00,54.413922069493246,55.28874588012695,54.2389579832297,55.28874588012695,2978374,0.0,0.0
2018-03-26 00:00:00+08:00,55.11377934420111,55.46371090194681,54.50140672160729,54.763851165771484,1960700,0.0,0.0
2018-03-27 00:00:00+08:00,55.11377852078877,55.90111860015044,54.50140590734393,54.58888626098633,2542086,0.0,0.0
2018-03-28 00:00:00+08:00,54.50140753068427,55.113780162368805,53.88903151968361,54.93881607055664,2476802,0.0,0.0
2018-03-29 00:00:00+08:00,54.93881838508454,55.20126622351757,54.063997889168206,54.15148162841797,1410059,0.0,0.0
2018-03-30 00:00:00+08:00,54.5888843044977,54.67636803432065,53.3641357421875,53.3641357421875,1575858,0.0,0.0
2018-04-02 00:00:00+08:00,53.364140030952406,53.62658448288162,53.01420846285318,53.10169219970703,725144,0.0,0.0
2018-04-03 00:00:00+08:00,52.75175991823261,52.92672399904973,51.52700797319687,52.22686767578125,2186428,0.0,0.0
2018-04-09 00:00:00+08:00,55.72615283126917,57.38831329345703,55.28874431762978,57.38831329345703,6272845,0.0,0.0
2018-04-10 00:00:00+08:00,59.48789526729403,60.62516360480728,57.03839111328125,57.03839111328125,11428063,0.0,0.0
2018-04-11 00:00:00+08:00,57.475797023774454,58.17565334905021,56.42601253586083,57.38831329345703,4250885,0.0,0.0
2018-04-12 00:00:00+08:00,59.48789848843582,60.800127617357205,58.61307456339963,59.575382232666016,15677882,0.0,0.0
2018-04-13 00:00:00+08:00,60.80012512207031,61.58746527056322,60.27523619549679,60.80012512207031,9553918,0.0,0.0
2018-04-16 00:00:00+08:00,61.325016675891206,64.64933776855469,61.15004920639894,64.64933776855469,16397333,0.0,0.0
2018-04-17 00:00:00+08:00,65.52416299328381,66.57394755668314,61.41250171766216,62.11235809326172,18344609,0.0,0.0
2018-04-18 00:00:00+08:00,63.86200171936934,64.38689740247109,60.71264789665659,63.5120735168457,12358848,0.0,0.0
2018-04-19 00:00:00+08:00,64.21192401942606,64.21192401942606,62.81221133799542,62.987178802490234,6319775,0.0,0.0
2018-04-20 00:00:00+08:00,61.93738775160721,62.28731588501686,59.92529591552832,60.187740325927734,6993218,0.0,0.0
2018-04-23 00:00:00+08:00,60.187744963211465,60.362712422712626,56.688456600874176,56.95090103149414,9138949,0.0,0.0
2018-04-24 00:00:00+08:00,53.71406969080168,54.58889018671801,52.31435351801929,54.15148162841797,10091284,0.0,0.0
2018-04-25 00:00:00+08:00,53.27665639107983,55.46371264392935,53.27665639107983,54.67637252807617,4167097,0.0,0.0
2018-04-26 00:00:00+08:00,55.113776698921654,55.46370823987179,51.7894557840805,52.22686767578125,4596601,0.0,0.0
2018-04-27 00:00:00+08:00,53.3641357421875,55.46370808546373,53.01420420221155,53.3641357421875,5473548,0.0,0.0
2018-04-30 00:00:00+08:00,53.889032882190776,54.41392517089844,53.364140593483114,54.41392517089844,2208570,0.0,0.0
2018-05-02 00:00:00+08:00,55.288744167058994,55.376224517822266,54.67636819445247,55.376224517822266,2761124,0.0,0.0
2018-05-03 00:00:00+08:00,55.46371264392935,55.98860492805941,54.50140843336615,54.67637252807617,2843575,0.0,0.0
2018-05-04 00:00:00+08:00,56.51349778875271,57.475802009133545,55.98860549926758,55.98860549926758,6298201,0.0,0.0
2018-05-07 00:00:00+08:00,57.38832073363489,57.38832073363489,56.251052367961314,56.51350021362305,2533692,0.0,0.0
2018-05-08 00:00:00+08:00,56.863425501192914,60.18774648826139,56.51349395263983,58.7005500793457,11774260,0.0,0.0
2018-05-09 00:00:00+08:00,59.83782089941683,60.45019353233119,58.78803634643555,58.78803634643555,5796714,0.0,0.0
2018-05-10 00:00:00+08:00,59.48789035945021,60.71264233541265,59.1379621889798,60.012779235839844,7185613,0.0,0.0
2018-05-11 00:00:00+08:00,61.23752874107672,61.412496198568576,59.05047607421875,59.05047607421875,5142551,0.0,0.0
2018-05-14 00:00:00+08:00,59.750332765450345,60.71264027048851,58.35062013117492,59.48788833618164,6610287,0.0,0.0
2018-05-15 00:00:00+08:00,59.83781983157737,60.27523174383844,57.30083885082172,57.475799560546875,5546173,0.0,0.0
2018-05-16 00:00:00+08:00,56.77594314091231,57.2133550526844,55.46371078491211,55.46371078491211,6245717,0.0,0.0
2018-05-17 00:00:00+08:00,55.90112013715641,56.775943973529856,54.85133558868762,55.638675689697266,5251062,0.0,0.0
2018-05-18 00:00:00+08:00,55.72615267950716,55.98860049042879,55.026296356137365,55.376224517822266,2050162,0.0,0.0
2018-05-21 00:00:00+08:00,55.81363707438146,56.95090192374536,55.81363707438146,56.68845748901367,4606334,0.0,0.0
2018-05-22 00:00:00+08:00,56.86342631718871,57.56328266570593,56.16356658935547,56.16356658935547,4107863,0.0,0.0
2018-05-23 00:00:00+08:00,56.42601579070692,56.60097988211839,55.376227862922015,55.638675689697266,1742219,0.0,0.0
2018-05-24 00:00:00+08:00,55.81363922513481,57.03838785281504,55.81363922513481,56.338531494140625,2418865,0.0,0.0
2018-05-25 00:00:00+08:00,56.42601783065159,58.43811002359988,56.251050353598494,58.00069808959961,5870883,0.0,0.0
2018-05-28 00:00:00+08:00,58.70054916867271,59.48788922689948,58.26313727425429,59.22544479370117,4720923,0.0,0.0
2018-05-29 00:00:00+08:00,59.48789461002108,59.75033906696826,57.738246874019964,58.00069808959961,3483251,0.0,0.0
2018-05-30 00:00:00+08:00,56.95090732746829,57.38831926594571,56.338534668779424,57.30084228515625,2249609,0.0,0.0
2018-05-31 00:00:00+08:00,57.6507699377643,58.26314259064875,57.03839052624739,57.73824691772461,2546713,0.0,0.0
2018-06-01 00:00:00+08:00,57.65076968375813,59.575378131156974,57.38831846913617,58.87551498413086,4509941,0.0,0.0
2018-06-04 00:00:00+08:00,59.13796108310549,59.837817410959076,58.96299362182617,58.96299362182617,4116676,0.0,0.0
2018-06-05 00:00:00+08:00,59.48789236653014,59.66285307835241,58.26314034924542,58.350624084472656,4609434,0.0,0.0
2018-06-06 00:00:00+08:00,59.487884059108445,60.975080315757246,59.050472202688574,60.187740325927734,8099342,0.0,0.0
2018-06-07 00:00:00+08:00,62.11235904799024,64.03696748978832,61.32501892368046,61.58746337890625,16510119,0.0,0.0
2018-06-08 00:00:00+08:00,61.58745974824764,61.84991094663401,60.275230790843835,60.450191497802734,5517748,0.0,0.0
2018-06-11 00:00:00+08:00,60.88760750804511,61.06257498543191,59.050482788646015,59.31292724609375,4093200,0.0,0.0
2018-06-12 00:00:00+08:00,60.187740325927734,61.58745285956631,59.837812192518086,60.187740325927734,6650847,0.0,0.0
2018-06-13 00:00:00+08:00,61.67493888116786,64.38688708513888,60.71263816808473,63.68703079223633,16207728,0.0,0.0
2018-06-14 00:00:00+08:00,63.687041233781365,64.1244531782174,62.287328418492145,62.63725662231445,8059326,0.0,0.0
2018-06-15 00:00:00+08:00,63.68703468036992,68.84848022460938,62.7247271499058,68.84848022460938,44110483,0.0,0.0
2018-06-19 00:00:00+08:00,69.72330531782028,70.77308984075255,65.6116442006949,66.3115005493164,38815575,0.0,0.0
2018-06-20 00:00:00+08:00,66.57394542965497,67.36128551670714,59.83781958143709,61.325016021728516,16258390,0.0,0.0
2018-06-21 00:00:00+08:00,61.84991143796287,66.83639638469982,61.84991143796287,65.17423248291016,11721065,0.0,0.0
2018-06-22 00:00:00+08:00,65.174227393946,69.63581635000067,63.86199176994851,65.26171112060547,14037388,0.0,0.0
2018-06-25 00:00:00+08:00,66.31150589566741,67.71121870576196,64.03696919994746,63.5120735168457,10179053,0.0,0.0
2018-06-26 00:00:00+08:00,65.20664843033535,66.09867020562267,64.31462665504803,65.38505554199219,6330665,1.382249,0.0
2018-06-27 00:00:00+08:00,66.63387582366865,70.02354847271224,66.63387582366865,67.07987976074219,16205435,0.0,0.0
2018-06-28 00:00:00+08:00,67.97190351511726,68.95312874654824,66.27707058405116,66.90148162841797,7013913,0.0,0.0
2018-06-29 00:00:00+08:00,67.79350363062228,69.75594721117844,67.169085691833,68.50711822509766,10104699,0.0,0.0
2018-07-02 00:00:00+08:00,69.04232593050635,69.48833677625413,66.00946044921875,66.00946044921875,9288555,0.0,0.0
2018-07-03 00:00:00+08:00,66.09866130737467,66.72307233111808,61.2817526390769,61.81696701049805,11919133,0.0,0.0
2018-07-04 00:00:00+08:00,62.97659418425391,63.33340147811249,60.47893623574614,61.99536895751953,4732776,0.0,0.0
2018-07-05 00:00:00+08:00,62.798185318023044,63.957810713187605,61.72776346667827,61.81696701049805,5327931,0.0,0.0
2018-07-06 00:00:00+08:00,62.619786639081276,63.06579747748894,59.31931056976318,62.44137954711914,5465605,0.0,0.0
2018-07-09 00:00:00+08:00,63.154999738222585,63.154999738222585,61.192549332567005,61.37095642089844,2977404,0.0,0.0
2018-07-10 00:00:00+08:00,61.99536692449487,63.86861377019484,61.37095590359319,63.51180648803711,4863823,0.0,0.0
2018-07-11 00:00:00+08:00,62.441375081685784,64.31461495583692,61.99536427517414,63.7794075012207,4141422,0.0,0.0
2018-07-12 00:00:00+08:00,63.77941118756989,66.54467283457205,63.33340035527953,66.27706909179688,7709841,0.0,0.0
2018-07-13 00:00:00+08:00,67.2582887607287,67.70429960197858,66.09866333007812,66.09866333007812,8713928,0.0,0.0
2018-07-16 00:00:00+08:00,66.45547181778956,66.63387891409135,64.84983551706466,65.11743927001953,3322780,0.0,0.0
2018-07-17 00:00:00+08:00,65.474247716241,65.65265481566307,63.24420032245293,63.422607421875,4841872,0.0,0.0
2018-07-18 00:00:00+08:00,63.60100411248514,63.7794112020408,61.63856058486085,61.72776412963867,4701338,0.0,0.0
2018-07-19 00:00:00+08:00,61.81697000990314,62.70899170838742,60.478937462176695,61.103355407714844,5097850,0.0,0.0
2018-07-20 00:00:00+08:00,61.90617272228635,62.17377647161971,59.943729147013606,60.389739990234375,3392550,0.0,0.0
2018-07-23 00:00:00+08:00,55.30522240881849,55.66202969509978,54.413204193115234,54.413204193115234,8903295,0.0,0.0
2018-07-24 00:00:00+08:00,53.52118500669923,55.03762121214407,53.164377703917715,54.94841766357422,7069893,0.0,0.0
2018-07-25 00:00:00+08:00,54.9484155463722,56.01883741347262,54.1455974231725,54.77001190185547,6256553,0.0,0.0
2018-07-26 00:00:00+08:00,55.662028838406876,56.108039662268354,55.12681791722235,55.30522155761719,4450118,0.0,0.0
2018-07-27 00:00:00+08:00,55.5728346866486,55.929642005611996,54.77001649610642,55.4836311340332,2865562,0.0,0.0
2018-07-30 00:00:00+08:00,55.394423582018746,55.57282721752255,50.66671862679634,50.934322357177734,8549183,0.0,0.0
2018-07-31 00:00:00+08:00,51.82635155138072,53.07517718233922,51.3803406745924,52.18315887451172,5742632,0.0,0.0
2018-08-01 00:00:00+08:00,52.807567185976495,54.14559621281647,52.629163545447746,54.056392669677734,4359869,0.0,0.0
2018-08-02 00:00:00+08:00,54.05639223915326,54.14559578158155,52.62916312629024,53.6995849609375,3404246,0.0,0.0
2018-08-03 00:00:00+08:00,54.056399241644385,54.23480290386276,53.075177376568774,53.788795471191406,2393091,0.0,0.0
2018-08-06 00:00:00+08:00,53.78878893175897,54.056392669677734,53.07517092389525,54.056392669677734,1992958,0.0,0.0
2018-08-07 00:00:00+08:00,54.32400064867052,55.12681876567784,53.967193362389224,54.413204193115234,3371988,0.0,0.0
2018-08-08 00:00:00+08:00,54.41320510681423,55.12681969135974,53.87799072265625,53.87799072265625,1813613,0.0,0.0
2018-08-09 00:00:00+08:00,53.877994424664195,54.05639808305886,52.807572474296215,53.07517623901367,2110818,0.0,0.0
2018-08-10 00:00:00+08:00,52.8075716837172,53.075175444428375,52.3615608215332,52.3615608215332,2584427,0.0,0.0
2018-08-13 00:00:00+08:00,52.18315663619534,52.18315663619534,48.07986570469493,49.15028762817383,4561274,0.0,0.0
2018-08-14 00:00:00+08:00,50.39911488503044,52.89676939803086,49.596296747682295,52.62916564941406,3919751,0.0,0.0
2018-08-15 00:00:00+08:00,52.62916749144193,52.62916749144193,50.488320198833215,51.201934814453125,3600226,0.0,0.0
2018-08-16 00:00:00+08:00,50.57752160656517,51.11273258207535,49.061088786411766,50.666725158691406,3701148,0.0,0.0
2018-08-17 00:00:00+08:00,51.29113957091636,51.647946887120284,49.6855032022496,49.86390686035156,2237698,0.0,0.0
2018-08-20 00:00:00+08:00,50.39911637891804,50.48831992826698,49.0610872589267,49.59629821777344,1764116,0.0,0.0
2018-08-21 00:00:00+08:00,50.13151289102326,51.201934814453125,50.04230934119628,51.201934814453125,1356512,0.0,0.0
2018-08-22 00:00:00+08:00,51.291138763129446,52.53996435017539,51.11273166208816,51.55874252319336,3036373,0.0,0.0
2018-08-23 00:00:00+08:00,51.38033979270499,51.558743451208386,50.309917841684616,50.666725158691406,1747101,0.0,0.0
2018-08-24 00:00:00+08:00,50.57752188808461,50.75592554758102,49.596300037979816,50.2207145690918,907983,0.0,0.0
2018-08-27 00:00:00+08:00,50.66672593127682,51.558744237395636,50.3099186088293,51.380340576171875,1154495,0.0,0.0
2018-08-28 00:00:00+08:00,51.91555500559229,52.36156243577713,51.380340576171875,51.380340576171875,1924755,0.0,0.0
2018-08-29 00:00:00+08:00,51.55874082081315,51.826348017790146,51.20193352200975,51.737144470214844,937738,0.0,0.0
2018-08-30 00:00:00+08:00,52.45076251357054,52.62916616297223,51.737144470214844,51.737144470214844,1867889,0.0,0.0
2018-08-31 00:00:00+08:00,51.55873761520536,51.55873761520536,50.7559195199376,51.291133880615234,1618964,0.0,0.0
2018-09-03 00:00:00+08:00,51.29113633151136,51.29113633151136,49.507096417417614,49.77470016479492,2147308,0.0,0.0
2018-09-04 00:00:00+08:00,50.93432358439759,53.2535777933248,50.93432358439759,51.64794158935547,7158388,0.0,0.0
2018-09-05 00:00:00+08:00,50.84512710571289,52.45076342394571,50.577519904091105,50.84512710571289,4146140,0.0,0.0
2018-09-06 00:00:00+08:00,50.934329207077425,51.380340078692996,50.042310909595386,50.2207145690918,1890927,0.0,0.0
2018-09-07 00:00:00+08:00,50.04230676111849,50.3991140505322,47.36624864476686,48.615074157714844,3366324,0.0,0.0
2018-09-10 00:00:00+08:00,48.79348136270211,48.79348136270211,44.15497937037189,44.199581146240234,4469672,0.0,0.0
2018-09-11 00:00:00+08:00,45.0469970703125,45.58220799555169,44.15497541583175,45.0469970703125,1732734,0.0,0.0
2018-09-12 00:00:00+08:00,44.15497695345099,44.15497695345099,40.54229877509534,40.76530075073242,8809306,0.0,0.0
2018-09-13 00:00:00+08:00,40.76530398824226,42.281740284949734,40.274694778828916,41.657325744628906,4697251,0.0,0.0
2018-09-14 00:00:00+08:00,42.37093518665119,43.485962245121364,40.943702619258595,43.44136047363281,4104220,0.0,0.0
2018-09-17 00:00:00+08:00,43.48596333000493,43.9765724913725,42.63854343357599,43.70896530151367,1345277,0.0,0.0
2018-09-18 00:00:00+08:00,43.21835985990991,43.664370732812756,42.37093989054433,43.307559967041016,1338487,0.0,0.0
2018-09-19 00:00:00+08:00,43.70896469138678,44.06577542146749,42.549339294433594,42.549339294433594,1538071,0.0,0.0
2018-09-20 00:00:00+08:00,42.861553048301396,43.08455504164891,41.52352041372142,41.657325744628906,1674010,0.0,0.0
2018-09-21 00:00:00+08:00,42.28173907071386,42.99535369873047,42.103335413709715,42.99535369873047,1252507,0.0,0.0
2018-09-25 00:00:00+08:00,42.86154820069729,43.79816818237305,42.59394101489761,43.79816818237305,1485951,0.0,0.0
2018-09-26 00:00:00+08:00,45.04699861099005,45.403805906686216,43.97657327815269,44.06577682495117,4103394,0.0,0.0
2018-09-27 00:00:00+08:00,43.53056405807234,44.11037679662584,43.396762178636614,43.485965728759766,1379649,0.0,0.0
2018-09-28 00:00:00+08:00,43.70896693354173,43.93197235912597,42.95075055400466,43.129154205322266,1072649,0.0,0.0
2018-10-01 00:00:00+08:00,43.218356913361134,44.110375152601534,42.950749718714576,44.06577682495117,1109872,0.0,0.0
2018-10-02 00:00:00+08:00,44.51178207775101,44.55638384900197,43.79816752073051,43.88737106323242,1131634,0.0,0.0
2018-10-03 00:00:00+08:00,43.5751628211995,43.664366365156866,42.50474096820368,42.549339294433594,1522660,0.0,0.0
2018-10-04 00:00:00+08:00,41.924933254285754,42.05873514038108,40.89910960555715,41.2113151550293,2630197,0.0,0.0
2018-10-05 00:00:00+08:00,40.676099534370245,40.76529963302961,38.3568487287437,38.84745788574219,3621266,0.0,0.0
2018-10-08 00:00:00+08:00,38.35684787859055,39.82867876271267,37.64322987638854,38.13384246826172,2394288,0.0,0.0
2018-10-09 00:00:00+08:00,38.00003868129715,38.57985483889592,36.7512131573313,37.15262222290039,2623308,0.0,0.0
2018-10-11 00:00:00+08:00,33.450740814208984,34.07515530432467,33.450740814208984,33.450740814208984,2962818,0.0,0.0
2018-10-12 00:00:00+08:00,33.09393382156159,35.05637741088867,33.09393382156159,35.05637741088867,2448126,0.0,0.0
2018-10-15 00:00:00+08:00,34.78877202298986,35.814595644789975,34.342761153381275,35.68079376220703,1196494,0.0,0.0
2018-10-16 00:00:00+08:00,35.680794098308155,36.706614284022066,34.967176011062556,35.636192321777344,1461114,0.0,0.0
2018-10-17 00:00:00+08:00,36.662007967840644,36.70660973884866,35.76998977642364,36.08219528198242,1059215,0.0,0.0
2018-10-18 00:00:00+08:00,36.12679705299045,36.57280787157329,35.591586138140244,36.08219528198242,750318,0.0,0.0
2018-10-19 00:00:00+08:00,35.76999216619077,37.86623764038086,35.27937954382243,37.86623764038086,3595312,0.0,0.0
2018-10-22 00:00:00+08:00,37.55402935173406,38.31224567076211,37.24182384828086,37.777034759521484,2608782,0.0,0.0
2018-10-23 00:00:00+08:00,37.063418761301975,37.063418761301975,35.90379333496094,35.90379333496094,2560429,0.0,0.0
2018-10-24 00:00:00+08:00,35.01177460536874,35.725389182004704,34.43196190041482,35.14557647705078,3512715,0.0,0.0
2018-10-25 00:00:00+08:00,32.112712231502016,33.718345086477974,32.112712231502016,32.558719635009766,3052319,0.0,0.0
2018-10-26 00:00:00+08:00,33.361539135415235,33.45074268717594,31.399095454170276,32.02350997924805,2253169,0.0,0.0
2018-10-29 00:00:00+08:00,32.291114807128906,32.737122195789695,31.220689493695634,32.291114807128906,1535444,0.0,0.0
2018-10-30 00:00:00+08:00,32.29110979738541,32.82632064819336,32.06810441477836,32.82632064819336,1468408,0.0,0.0
2018-10-31 00:00:00+08:00,33.27233732227075,34.744168284813426,33.27233732227075,34.25355911254883,2319489,0.0,0.0
2018-11-01 00:00:00+08:00,33.985951469607464,36.39440586289816,33.985951469607464,35.502384185791016,3124517,0.0,0.0
2018-11-02 00:00:00+08:00,35.948394775390625,36.840413000571424,35.27937852219341,35.948394775390625,2728723,0.0,0.0
2018-11-05 00:00:00+08:00,35.72538810489934,36.840411708712736,35.50238269498691,36.483604431152344,2326443,0.0,0.0
2018-11-06 00:00:00+08:00,37.4648293975194,37.643233051681484,36.12680026842928,36.572811126708984,5326716,0.0,0.0
2018-11-07 00:00:00+08:00,36.840415619153035,37.420231813919365,36.26060287013577,36.88501739501953,2773127,0.0,0.0
2018-11-08 00:00:00+08:00,37.46482890975031,37.643232561589684,35.546987068165286,35.81459426879883,2448354,0.0,0.0
2018-11-09 00:00:00+08:00,35.90379706775121,35.90379706775121,34.69956974310193,35.10097885131836,2133096,0.0,0.0
2018-11-12 00:00:00+08:00,34.52116367511021,35.36858361030668,34.52116367511021,34.9671745300293,1070626,0.0,0.0
2018-11-13 00:00:00+08:00,32.11271270174547,35.36858367919922,31.978907377559736,35.36858367919922,2450454,0.0,0.0
2018-11-14 00:00:00+08:00,35.011775055577324,35.76999141443997,33.896751403808594,33.896751403808594,2332349,0.0,0.0
2018-11-15 00:00:00+08:00,33.98595115383704,34.07515469901849,32.11271116251483,32.291114807128906,5422496,0.0,0.0
2018-11-16 00:00:00+08:00,32.82632641817481,32.82632641817481,32.20191192626953,32.20191192626953,2849788,0.0,0.0
2018-11-19 00:00:00+08:00,32.38031565309324,32.96012837289384,32.38031565309324,32.60332107543945,1818676,0.0,0.0
2018-11-20 00:00:00+08:00,32.20191225981267,32.469519457900745,32.023508609670266,32.157310485839844,1831841,0.0,0.0
2018-11-21 00:00:00+08:00,31.75590217085714,32.55872033856759,31.488298412119654,32.514122009277344,1680250,0.0,0.0
2018-11-22 00:00:00+08:00,32.73712328556265,33.718345086477974,32.558719635009766,32.558719635009766,2849175,0.0,0.0
2018-11-23 00:00:00+08:00,32.82632607910464,33.62914421101196,32.24651336669922,32.24651336669922,3678894,0.0,0.0
2018-11-26 00:00:00+08:00,32.69252706552591,33.04933438964162,32.469521626516304,32.737125396728516,1441991,0.0,0.0
2018-11-27 00:00:00+08:00,32.78172462839414,34.2981608067683,32.60332098018815,33.852149963378906,5841233,0.0,0.0
2018-11-28 00:00:00+08:00,33.94134846580248,34.521161156597095,33.89675014016344,34.43196105957031,3545276,0.0,0.0
2018-11-29 00:00:00+08:00,35.680794149685255,36.305205239019216,35.05637961460218,36.037601470947266,6541140,0.0,0.0
2018-11-30 00:00:00+08:00,36.528207821240464,37.55403137400334,35.90379333496094,35.90379333496094,12087146,0.0,0.0
2018-12-03 00:00:00+08:00,36.5728103149761,38.04464129058328,36.5728103149761,37.86623764038086,6059306,0.0,0.0
2018-12-04 00:00:00+08:00,38.08924472803613,38.26764838602994,37.197226438067084,37.28642654418945,3566105,0.0,0.0
2018-12-05 00:00:00+08:00,37.01882482408911,37.68783771706856,36.5728139316033,37.06342315673828,5182576,0.0,0.0
2018-12-06 00:00:00+08:00,36.706610255918406,37.3310247215805,34.521161348975454,35.234779357910156,3486339,0.0,0.0
2018-12-07 00:00:00+08:00,35.68079061099357,36.2160015398063,35.41318342371281,35.59158706665039,1730578,0.0,0.0
2018-12-10 00:00:00+08:00,34.7887691887328,35.41318366616367,34.52116199961991,35.14557647705078,1085642,0.0,0.0
2018-12-11 00:00:00+08:00,35.32397978789999,35.59158697448778,34.922570730892666,35.19017791748047,1079469,0.0,0.0
2018-12-12 00:00:00+08:00,36.171401240583435,37.86623764038086,36.1267994665956,37.86623764038086,4939275,0.0,0.0
2018-12-13 00:00:00+08:00,38.892060612752225,39.42727155509429,37.86623705561828,38.356849670410156,11104662,0.0,0.0
2018-12-14 00:00:00+08:00,37.910836855379486,38.00003695158521,36.9296151226244,37.331024169921875,2522041,0.0,0.0
2018-12-17 00:00:00+08:00,37.197226438067084,37.73243741204851,36.751215570208025,37.28642654418945,1595423,0.0,0.0
2018-12-18 00:00:00+08:00,37.286424181098155,37.286424181098155,35.85919500760078,35.90379333496094,2410765,0.0,0.0
2018-12-19 00:00:00+08:00,36.751214302392796,36.751214302392796,35.72539072000467,35.81459426879883,1497482,0.0,0.0
2018-12-20 00:00:00+08:00,35.68079067164019,35.68079067164019,34.34275817871094,34.34275817871094,2528307,0.0,0.0
2018-12-21 00:00:00+08:00,33.89675096793785,35.14557647705078,33.45074013466597,35.14557647705078,1805211,0.0,0.0
2018-12-24 00:00:00+08:00,34.967176205948505,37.73243812578295,34.610368883211635,37.24182891845703,4041524,0.0,0.0
2018-12-25 00:00:00+08:00,36.75121655472559,40.31929670168417,36.439007560560945,40.00708770751953,24209887,0.0,0.0
2018-12-26 00:00:00+08:00,41.211307833314756,41.478915003710746,36.92961378147025,37.46482467651367,22417216,0.0,0.0
2018-12-27 00:00:00+08:00,39.60567536633851,39.962482662708865,38.4460499302604,39.15966796875,11908364,0.0,0.0
2018-12-28 00:00:00+08:00,40.14089039354786,42.727745056152344,40.05168684516546,42.727745056152344,34692989,0.0,0.0
2019-01-02 00:00:00+08:00,42.99535133295539,43.88737301464262,41.791124130126946,43.26295852661133,28938185,0.0,0.0
2019-01-03 00:00:00+08:00,42.37093599316979,42.72774328037248,40.899105072021484,40.899105072021484,12378736,0.0,0.0
2019-01-04 00:00:00+08:00,39.24886656171511,40.586895594560694,38.713655637726625,40.14088821411133,10884374,0.0,0.0
2019-01-07 00:00:00+08:00,41.2559148979086,41.657323982149556,39.38267135620117,39.38267135620117,7829592,0.0,0.0
2019-01-08 00:00:00+08:00,39.65027708955151,41.38971524146333,39.56107354269758,40.76530075073242,11612574,0.0,0.0
2019-01-09 00:00:00+08:00,40.36389641953588,41.56812022037953,40.2300910949707,40.2300910949707,7540981,0.0,0.0
2019-01-10 00:00:00+08:00,40.631500579007096,41.478920526638085,40.363896818728165,40.58689880371094,6162643,0.0,0.0
2019-01-11 00:00:00+08:00,40.63149916724064,41.34511376418816,39.96248289829066,40.363895416259766,4824768,0.0,0.0
2019-01-14 00:00:00+08:00,40.98830707188823,41.166710723763515,39.87328338623047,39.87328338623047,3473764,0.0,0.0
2019-01-15 00:00:00+08:00,40.23008864434726,40.49769583142728,39.73947948807414,40.09628677368164,3412855,0.0,0.0
2019-01-16 00:00:00+08:00,40.09628735275976,40.453094643520345,39.605674743652344,39.605674743652344,3260184,0.0,0.0
2019-01-17 00:00:00+08:00,39.91787947501832,39.96247779732316,38.17844153267573,38.40144348144531,4743854,0.0,0.0
2019-01-18 00:00:00+08:00,38.44605393331102,38.669059378199314,37.82163937677364,38.312252044677734,3240798,0.0,0.0
2019-01-21 00:00:00+08:00,38.31224856362577,39.07046493990487,37.50943041327168,38.26764678955078,8629497,0.0,0.0
2019-01-22 00:00:00+08:00,37.866237307215144,38.57985534749497,37.866237307215144,37.91083908081055,2741239,0.0,0.0
2019-01-23 00:00:00+08:00,37.955441663101205,38.66905627283673,37.955441663101205,38.624454498291016,2489177,0.0,0.0
2019-01-24 00:00:00+08:00,39.07046082800363,39.15966436676554,38.62445002569122,38.713653564453125,2070228,0.0,0.0
2019-01-25 00:00:00+08:00,39.24886947670386,40.18548952468307,39.02586404704233,39.38267135620117,7279569,0.0,0.0
2019-01-28 00:00:00+08:00,39.60567749424974,39.82868292789995,39.293471954588895,39.33807373046875,2264755,0.0,0.0
2019-01-29 00:00:00+08:00,39.24886651315133,39.24886651315133,38.3122465358932,38.49065017700195,2036605,0.0,0.0
2019-01-30 00:00:00+08:00,38.75825873860392,38.93666238605128,38.356849670410156,38.356849670410156,1551678,0.0,0.0
2019-02-11 00:00:00+08:00,39.78407739085589,39.96248103176006,38.89205918633505,39.739479064941406,4791768,0.0,0.0
2019-02-12 00:00:00+08:00,40.051689620205366,41.389718818406116,39.42727507551191,41.2113151550293,9428851,0.0,0.0
2019-02-13 00:00:00+08:00,41.5681158236008,41.83572299867657,40.676097649595896,41.122108459472656,6126857,0.0,0.0
2019-02-14 00:00:00+08:00,41.34510885381818,41.92492495216206,41.122106903068676,41.70191955566406,5961130,0.0,0.0
2019-02-15 00:00:00+08:00,42.816947857057116,45.40380592025041,42.37093701442923,42.4155387878418,22435358,0.0,0.0
2019-02-18 00:00:00+08:00,42.86154929433886,43.352158460782945,42.01412938914133,42.460140228271484,5682798,0.0,0.0
2019-02-19 00:00:00+08:00,42.46014442345085,43.218360857436686,42.41554264598129,42.816951751708984,4747675,0.0,0.0
2019-02-20 00:00:00+08:00,43.753568292387065,44.199579139320875,42.54934107311513,42.77234649658203,8638002,0.0,0.0
2019-02-21 00:00:00+08:00,43.03995343762016,43.530562609727,42.326335397625364,43.21835708618164,4623178,0.0,0.0
2019-02-22 00:00:00+08:00,43.173755152859876,43.173755152859876,42.37093701442923,42.4155387878418,2506915,0.0,0.0
2019-02-25 00:00:00+08:00,42.90614975014456,43.39676238667585,42.415540559362285,42.638545989990234,5025793,0.0,0.0
2019-02-26 00:00:00+08:00,42.90614975014456,43.53056426675302,42.415540559362285,42.638545989990234,3286606,0.0,0.0
2019-02-27 00:00:00+08:00,42.90614570823086,42.9507474793046,41.65732023840683,41.835723876953125,2017562,0.0,0.0
2019-03-04 00:00:00+08:00,41.92493136858001,42.638545989990234,41.47892050732411,42.638545989990234,1566861,0.0,0.0
2019-03-05 00:00:00+08:00,42.46014089493826,42.90614829532233,41.92492994702803,42.37093734741211,1910443,0.0,0.0
2019-03-06 00:00:00+08:00,42.23713745370742,42.46014288723768,41.746524810791016,41.746524810791016,1986851,0.0,0.0
2019-03-07 00:00:00+08:00,41.568117782090575,41.746521425297075,40.1854869629286,40.49769592285156,3280713,0.0,0.0
2019-03-08 00:00:00+08:00,40.140886527300246,40.36389193102811,39.73947748973981,40.31929016113281,2014671,0.0,0.0
2019-03-11 00:00:00+08:00,40.319292368879914,40.98830517094776,40.14088872527857,40.899105072021484,1017137,0.0,0.0
2019-03-12 00:00:00+08:00,41.34511108309511,41.65732003332562,41.03290557861328,41.03290557861328,1188082,0.0,0.0
2019-03-13 00:00:00+08:00,41.032904919197854,41.38971218879981,40.854501284396875,41.122108459472656,738233,0.0,0.0
2019-03-14 00:00:00+08:00,41.21131100796846,42.01412913525181,41.21131100796846,41.25591278076172,2006015,0.0,0.0
2019-03-15 00:00:00+08:00,41.88032817326496,44.511784584801916,41.746522851975726,42.37093734741211,21145909,0.0,0.0
2019-03-18 00:00:00+08:00,43.08454974747312,44.15497503445474,43.08454974747312,43.44136047363281,11450127,0.0,0.0
2019-03-19 00:00:00+08:00,43.44136122760229,44.24417934533507,43.084550495249786,43.75356674194336,7255068,0.0,0.0
2019-03-20 00:00:00+08:00,44.24418528392977,44.33338539467903,43.44136705844019,43.53056716918945,3914389,0.0,0.0
2019-03-21 00:00:00+08:00,43.70896667116967,43.97657386941419,43.39676114467517,43.575164794921875,2189071,0.0,0.0
2019-03-22 00:00:00+08:00,44.600990967747876,45.31460561032815,43.798172771970506,44.51178741455078,10539962,0.0,0.0
2019-03-25 00:00:00+08:00,43.619766156882186,43.84277157902125,43.129153539026454,43.21835708618164,2834694,0.0,0.0
2019-03-26 00:00:00+08:00,43.57516342945866,43.931970718771225,43.35215801220111,43.70896530151367,3092774,0.0,0.0
2019-03-27 00:00:00+08:00,43.93197189929879,48.079864501953125,43.93197189929879,48.079864501953125,23234618,0.0,0.0
2019-03-28 00:00:00+08:00,48.169069634258186,51.29113877097405,47.0986442565918,47.0986442565918,32847315,0.0,0.0
2019-03-29 00:00:00+08:00,48.079867644080515,49.77470414749413,47.72306032186177,48.169071197509766,11224311,0.0,0.0
2019-04-01 00:00:00+08:00,49.9531078086035,50.30991857657137,47.72306032186177,48.169071197509766,6183502,0.0,0.0
2019-04-02 00:00:00+08:00,49.239490362887054,49.95310496672637,48.25826855973353,48.43667221069336,5070911,0.0,0.0
2019-04-03 00:00:00+08:00,47.81225860476769,48.347473013418266,46.92024033326507,47.544654846191406,5085269,0.0,0.0
2019-04-08 00:00:00+08:00,48.79347951261302,49.32869391124144,48.25826855973353,48.43667221069336,7008438,0.0,0.0
2019-04-09 00:00:00+08:00,48.347474858619144,49.061089503056635,47.63385676843252,48.169071197509766,3333641,0.0,0.0
2019-04-10 00:00:00+08:00,48.615078627408636,48.79348228851801,47.812260429541894,48.169071197509766,2225145,0.0,0.0
2019-04-11 00:00:00+08:00,48.61507460901362,48.882681801432526,47.18784543810966,47.366249084472656,3344517,0.0,0.0
2019-04-12 00:00:00+08:00,47.45545075265483,47.81225805716934,45.93901798559372,46.38502883911133,2922319,0.0,0.0
2019-04-15 00:00:00+08:00,46.65263170968276,47.27704620361328,45.9390171141901,47.27704620361328,2878219,0.0,0.0
2019-04-16 00:00:00+08:00,47.36624866530081,47.81225605438689,46.56343054089753,47.00944137573242,2368081,0.0,0.0
2019-04-17 00:00:00+08:00,47.00944137573242,47.633852409602696,46.831034285199415,47.00944137573242,2425272,0.0,0.0
2019-04-18 00:00:00+08:00,47.00944427597765,50.666724388312566,47.00944427597765,47.90146255493164,23672058,0.0,0.0
2019-04-19 00:00:00+08:00,48.88268584194726,48.971885949627385,47.366252999643024,48.169071197509766,5126272,0.0,0.0
2019-04-22 00:00:00+08:00,48.704282180837886,48.88268584194726,47.901463982971144,48.169071197509766,2320969,0.0,0.0
2019-04-23 00:00:00+08:00,48.88268222755553,48.88268222755553,47.27704595054299,47.72305679321289,2928126,0.0,0.0
2019-04-24 00:00:00+08:00,47.90146174860203,48.079865401389746,46.92023993539512,47.18784713745117,2503604,0.0,0.0
2019-04-25 00:00:00+08:00,46.920239161811296,47.4554501113503,46.65263196416734,46.83103561401367,1221547,0.0,0.0
2019-04-26 00:00:00+08:00,46.38502738942997,46.38502738942997,44.69018757733185,46.1174201965332,5347573,0.0,0.0
2019-04-29 00:00:00+08:00,45.76061579499689,46.02821955905594,44.42258663745444,44.600990295410156,2245700,0.0,0.0
2019-04-30 00:00:00+08:00,44.42258260132573,45.31460081005772,44.37798082945194,45.0469970703125,1293193,0.0,0.0
2019-05-02 00:00:00+08:00,45.9390171141901,47.27704620361328,45.760613465316936,47.27704620361328,4717285,0.0,0.0
2019-05-03 00:00:00+08:00,47.00944137573242,47.455448764818506,46.65263064041522,47.00944137573242,1957257,0.0,0.0
2019-05-06 00:00:00+08:00,45.49301042158984,45.93902130735765,45.13620309127527,45.225406646728516,2188940,0.0,0.0
2019-05-07 00:00:00+08:00,45.671409606933594,45.93901680129509,45.22540221066293,45.671409606933594,1231859,0.0,0.0
2019-05-08 00:00:00+08:00,44.7793957609607,45.49301042158984,44.37798665291951,45.225406646728516,1438599,0.0,0.0
2019-05-09 00:00:00+08:00,45.31460532317952,46.11742351386961,44.779394344635826,44.95779800415039,3696987,0.0,0.0
2019-05-10 00:00:00+08:00,46.11742217293178,46.11742217293178,44.69018949256524,45.49300765991211,2384430,0.0,0.0
2019-05-13 00:00:00+08:00,44.868593404771694,45.6714115767327,42.415540559362285,42.638545989990234,3893628,0.0,0.0
2019-05-14 00:00:00+08:00,40.23009300185976,42.23713850798057,40.23009300185976,41.657325744628906,3292254,0.0,0.0
2019-05-15 00:00:00+08:00,42.28173724563485,42.72774464601893,42.103333596331446,42.37093734741211,1613487,0.0,0.0
2019-05-16 00:00:00+08:00,41.56811918717149,41.92492993139415,40.23009009502043,40.363895416259766,2557027,0.0,0.0
2019-05-17 00:00:00+08:00,40.85450105702278,41.12210823060921,38.356846737961035,39.07046127319336,4476316,0.0,0.0
2019-05-20 00:00:00+08:00,39.516477017471395,39.78408077874157,35.814595123409106,36.92961883544922,5441099,0.0,0.0
2019-05-21 00:00:00+08:00,36.840416060706765,37.732437805731834,35.413186781865214,37.64323425292969,4212930,0.0,0.0
2019-05-22 00:00:00+08:00,37.91084107004232,39.070466569876615,37.28642654418945,37.28642654418945,4547706,0.0,0.0
2019-05-23 00:00:00+08:00,36.21600180886819,36.795814514160156,35.859194520342186,36.795814514160156,1986265,0.0,0.0
2019-05-24 00:00:00+08:00,37.19722536917583,37.643232778469454,36.617412635920054,37.018821716308594,1587815,0.0,0.0
2019-05-27 00:00:00+08:00,37.33102826218637,37.55403369576979,36.21600454001834,36.88501739501953,1063335,0.0,0.0
2019-05-28 00:00:00+08:00,37.28642968037169,37.55403691274553,36.88502055468561,37.375633239746094,786721,0.0,0.0
2019-05-29 00:00:00+08:00,37.01882034962698,37.331025869181225,36.61741128405789,37.15262222290039,1270855,0.0,0.0
2019-05-30 00:00:00+08:00,37.77703720577322,37.91083908081055,37.37562813491234,37.91083908081055,1104981,0.0,0.0
2019-05-31 00:00:00+08:00,38.04463779448544,39.78407580842569,38.00003602459627,39.07046127319336,2083245,0.0,0.0
2019-06-03 00:00:00+08:00,39.07047012817883,42.95075607299805,38.847464673939314,42.95075607299805,10973862,0.0,0.0
2019-06-04 00:00:00+08:00,42.95075264701838,43.798172616383965,42.816950763447174,43.307559967041016,10205208,0.0,0.0
2019-06-05 00:00:00+08:00,44.957797949840604,45.849816246335855,44.154979760120334,44.55638885498047,13743868,0.0,0.0
2019-06-06 00:00:00+08:00,44.154976476121405,45.31460189819336,43.931971057146214,45.31460189819336,5002088,0.0,0.0
2019-06-10 00:00:00+08:00,46.474233068498506,46.831040404691514,45.31460750299657,45.939022064208984,5011249,0.0,0.0
2019-06-11 00:00:00+08:00,45.58220966389295,46.56343145228593,45.49300611688046,46.47422790527344,4825036,0.0,0.0
2019-06-12 00:00:00+08:00,47.187845944126714,47.63385334194252,46.29582425699734,46.47422790527344,6580602,0.0,0.0
2019-06-13 00:00:00+08:00,46.117420763063265,47.27704620361328,46.028217215752235,47.27704620361328,3322634,0.0,0.0
2019-06-14 00:00:00+08:00,47.09864344814033,47.36625064940068,46.11742163785097,46.38502883911133,3016107,0.0,0.0
2019-06-17 00:00:00+08:00,46.1174224294597,47.18784780712609,46.1174224294597,47.0986442565918,2153418,0.0,0.0
2019-06-18 00:00:00+08:00,47.36624975092431,47.990660799105946,46.92023890586695,47.27704620361328,2848616,0.0,0.0
2019-06-19 00:00:00+08:00,48.61507666643438,49.15028762817383,47.99066215486386,49.15028762817383,8216679,0.0,0.0
2019-06-20 00:00:00+08:00,49.061086742651305,50.577519499633965,48.25826858995485,50.488319396972656,6710904,0.0,0.0
2019-06-21 00:00:00+08:00,51.20193036516479,52.183152099251544,49.59629417379579,50.04230499267578,6792916,0.0,0.0
2019-06-24 00:00:00+08:00,50.39911783465746,51.826350545222255,50.13151407037905,49.86390686035156,5863476,0.0,0.0
2019-06-25 00:00:00+08:00,51.88045880306756,52.88873632101778,51.51381307667844,52.33876419067383,10018708,1.481297,0.0
2019-06-26 00:00:00+08:00,52.70541449134181,57.563475772401475,52.52208808379206,55.180274963378906,27178175,0.0,0.0
2019-06-27 00:00:00+08:00,55.82190843030225,59.58003616333008,55.82190843030225,59.58003616333008,28061505,0.0,0.0
2019-06-28 00:00:00+08:00,59.30504603478025,59.67168821348288,58.296768535877334,59.12172317504883,12300937,0.0,0.0
2019-07-01 00:00:00+08:00,61.22994538000482,62.146556197884976,59.58003599369132,60.130001068115234,16706691,0.0,0.0
2019-07-02 00:00:00+08:00,59.39670964947059,60.496646881103516,58.75507782730449,60.496646881103516,10365796,0.0,0.0
2019-07-03 00:00:00+08:00,61.13828234783601,61.688247423825814,59.58003616333008,59.58003616333008,12051262,0.0,0.0
2019-07-04 00:00:00+08:00,60.13000469309841,61.04662264775845,58.29677586529962,58.663421630859375,12784403,0.0,0.0
2019-07-05 00:00:00+08:00,58.75507753932972,59.946681512232345,58.66341787418978,59.67169189453125,6387644,0.0,0.0
2019-07-08 00:00:00+08:00,59.67169225475617,61.41326485129321,59.03006397262194,60.8632926940918,8799719,0.0,0.0
2019-07-09 00:00:00+08:00,61.96323378884905,62.6048620376439,61.13827913667251,61.8715705871582,12405681,0.0,0.0
2019-07-10 00:00:00+08:00,61.963237889414714,62.696529388427734,61.046619974887946,62.696529388427734,7349639,0.0,0.0
2019-07-11 00:00:00+08:00,63.42982216218113,68.28788729267546,62.879849986108155,66.45465850830078,25678051,0.0,0.0
2019-07-12 00:00:00+08:00,67.73791098866447,67.73791098866447,65.17139084694325,65.99634552001953,9432666,0.0,0.0
2019-07-15 00:00:00+08:00,66.45465768808467,66.9129595673809,62.97151241848175,63.979793548583984,9884190,0.0,0.0
2019-07-16 00:00:00+08:00,64.34643895859942,65.26305687535742,62.604866333063434,62.78819274902344,7157046,0.0,0.0
2019-07-17 00:00:00+08:00,63.063175506023626,64.89641134577745,62.87984908943983,63.24650192260742,10398708,0.0,0.0
2019-07-18 00:00:00+08:00,63.52148814961759,64.07145326821977,62.05490505798317,63.154842376708984,7314605,0.0,0.0
2019-07-19 00:00:00+08:00,64.16310984169672,66.36299133300781,63.979790514974546,66.36299133300781,18159134,0.0,0.0
2019-07-22 00:00:00+08:00,66.45465484289593,69.11283820400348,65.62970016504865,67.82957458496094,21226115,0.0,0.0
2019-07-23 00:00:00+08:00,68.74618437146897,69.93778464563971,65.7213485484079,66.72962951660156,14439036,0.0,0.0
2019-07-24 00:00:00+08:00,67.00461201632714,68.28787548424638,66.63796632285306,66.72962951660156,9593342,0.0,0.0
2019-07-25 00:00:00+08:00,67.0962834928083,68.37954711914062,66.1796656052108,68.37954711914062,8237982,0.0,0.0
2019-07-26 00:00:00+08:00,68.01289765201176,68.19621697056941,67.00461661462325,68.10456085205078,6971487,0.0,0.0
2019-07-29 00:00:00+08:00,68.65452950209117,68.74619270695383,67.27960267371336,67.64625549316406,4347014,0.0,0.0
2019-07-30 00:00:00+08:00,68.01290406228337,68.47121302415411,63.704804069611086,65.72135925292969,9450768,0.0,0.0
2019-07-31 00:00:00+08:00,65.81302635197751,66.27133534094001,63.97979747764897,65.0797348022461,7553315,0.0,0.0
2019-08-01 00:00:00+08:00,64.71308572362403,67.37126922607422,64.52975930478969,67.37126922607422,9619885,0.0,0.0
2019-08-02 00:00:00+08:00,65.26305778727009,66.63797760009766,64.6214224039656,66.63797760009766,7340326,0.0,0.0
2019-08-05 00:00:00+08:00,66.63797623040867,67.09628518577139,60.22166501837241,61.22994613647461,13256056,0.0,0.0
2019-08-06 00:00:00+08:00,58.663415651714324,63.42981719970703,58.11344705942908,63.42981719970703,14468893,0.0,0.0
2019-08-07 00:00:00+08:00,63.24650165323471,64.34643890348966,62.97151202953022,64.07144927978516,6076017,0.0,0.0
2019-08-08 00:00:00+08:00,63.70480044609554,66.45465406090887,63.70480044609554,65.44637298583984,10569318,0.0,0.0
2019-08-12 00:00:00+08:00,65.72135943872733,66.54631415612265,64.71308538497813,65.17139434814453,5932356,0.0,0.0
2019-08-13 00:00:00+08:00,64.62142193422757,66.36299457143872,64.62142193422757,65.3547134399414,6176964,0.0,0.0
2019-08-14 00:00:00+08:00,67.00462773088164,71.03773838649944,66.82130838191078,68.01290893554688,25345127,0.0,0.0
2019-08-15 00:00:00+08:00,66.91295615470793,67.37126509215068,64.43809922295014,65.26305389404297,12760562,0.0,0.0
2019-08-16 00:00:00+08:00,65.3547054964619,65.99634079711531,64.25476837158203,64.25476837158203,6557400,0.0,0.0
2019-08-19 00:00:00+08:00,64.89640808105469,65.4463731400971,64.3464359404916,64.89640808105469,3792752,0.0,0.0
2019-08-20 00:00:00+08:00,65.446384253529,66.9129674353764,64.62142944335938,64.62142944335938,7418852,0.0,0.0
2019-08-21 00:00:00+08:00,64.71308152116455,65.629699392769,64.34643578882691,65.44637298583984,3279899,0.0,0.0
2019-08-22 00:00:00+08:00,66.45465035218784,66.7296328657146,65.1713868198625,65.53803253173828,3541558,0.0,0.0
2019-08-23 00:00:00+08:00,65.44637608912163,65.81302183884456,63.246501590783936,63.704803466796875,9043460,0.0,0.0
2019-08-26 00:00:00+08:00,60.95495583133079,61.963236938134976,59.58003606216985,60.496646881103516,9468741,0.0,0.0
2019-08-27 00:00:00+08:00,61.13828224403006,61.596591194257336,59.855018599697864,60.496646881103516,8564336,0.0,0.0
2019-08-28 00:00:00+08:00,60.954956228542194,61.22994584938306,58.66341854399396,60.404991149902344,6842121,0.0,0.0
2019-08-29 00:00:00+08:00,61.046615934981666,61.8715705871582,60.12999808111429,61.8715705871582,4892299,0.0,0.0
2019-08-30 00:00:00+08:00,62.788192088954375,62.9715114214662,61.41326522827148,61.413265228271484,4766313,0.0,0.0
2019-09-02 00:00:00+08:00,61.41326563724857,63.24650146370073,60.77163734690291,62.97151184082031,5112800,0.0,0.0
2019-09-03 00:00:00+08:00,63.42981375754208,65.53803189136865,63.24649444415553,64.25476837158203,13188256,0.0,0.0
2019-09-04 00:00:00+08:00,67.09628768519327,70.67108917236328,65.81302397867863,70.67108917236328,40024265,0.0,0.0
2019-09-05 00:00:00+08:00,71.03773079742935,71.49603974317701,69.38782142534609,69.84613037109375,30626023,0.0,0.0
2019-09-06 00:00:00+08:00,70.57942244503703,74.06256762939343,70.2127767016607,71.49604034423828,28400804,0.0,0.0
2019-09-10 00:00:00+08:00,75.89579747281319,76.53743284438634,72.87096827468007,74.42921447753906,20199714,0.0,0.0
2019-09-11 00:00:00+08:00,75.16250155644602,75.62081048590589,73.69591864739088,73.7875747680664,13595675,0.0,0.0
2019-09-12 00:00:00+08:00,74.97917968803284,77.54570701566585,74.42921460462648,75.16250610351562,24666633,0.0,0.0
2019-09-16 00:00:00+08:00,75.34581828248027,77.08739073809936,74.06256182204548,76.9957275390625,15074764,0.0,0.0
2019-09-17 00:00:00+08:00,78.37066253730792,80.9371898916314,76.17078093624193,78.27899932861328,29890639,0.0,0.0
2019-09-18 00:00:00+08:00,77.72903459794796,81.39549214743131,77.27072563388226,78.82897186279297,36661237,0.0,0.0
2019-09-19 00:00:00+08:00,79.28728064019764,80.02057214836798,78.46232592312575,79.37893676757812,12746545,0.0,0.0
2019-09-20 00:00:00+08:00,79.562267489272,80.75386802488823,78.37066695365577,80.02057647705078,14142439,0.0,0.0
2019-09-23 00:00:00+08:00,79.83724979609191,81.39549610068421,79.74559366404405,80.20389556884766,8922087,0.0,0.0
2019-09-24 00:00:00+08:00,80.20389028030188,80.93718885898203,75.52915167477148,75.71247100830078,21364748,0.0,0.0
2019-09-25 00:00:00+08:00,75.62081201050309,77.17905815317023,74.70419413310334,76.9040756225586,11430233,0.0,0.0
2019-09-26 00:00:00+08:00,77.72903381421784,78.09567956546934,75.80413476824617,77.36238098144531,10654570,0.0,0.0
2019-09-27 00:00:00+08:00,77.545703887826,77.545703887826,74.70419413310334,76.9040756225586,9311942,0.0,0.0
2019-10-01 00:00:00+08:00,76.99573190045228,77.91234977970169,76.17077722543196,77.63736724853516,5779979,0.0,0.0
2019-10-02 00:00:00+08:00,77.63737108975796,79.01229089513751,76.62908995639329,78.64564514160156,9018892,0.0,0.0
2019-10-03 00:00:00+08:00,79.28727781937957,82.95374231130981,79.19561461373912,80.93718719482422,37072191,0.0,0.0
2019-10-04 00:00:00+08:00,81.8537935707087,81.94545677138159,80.29554748535156,80.29554748535156,11548511,0.0,0.0
2019-10-07 00:00:00+08:00,80.75386085500399,82.22044382046556,80.0205693722732,81.3038330078125,9781460,0.0,0.0
2019-10-08 00:00:00+08:00,81.94545789250125,84.2369954515517,81.02884003627284,83.7786865234375,20467478,0.0,0.0
2019-10-09 00:00:00+08:00,83.4120404954378,92.1198959350586,83.04539477057719,92.1198959350586,38235950,0.0,0.0
2019-10-14 00:00:00+08:00,96.24466441918797,100.36943777473051,96.24466441918797,98.53620910644531,31768389,0.0,0.0
2019-10-15 00:00:00+08:00,97.61959435249447,99.452823079389,94.86974772139224,97.16128540039062,17608405,0.0,0.0
2019-10-16 00:00:00+08:00,98.99451566885585,103.11928184391779,91.66158700860271,92.1198959350586,38658349,0.0,0.0
2019-10-17 00:00:00+08:00,92.11990220855115,100.82775115966797,91.6615932508838,100.82775115966797,25697978,0.0,0.0
2019-10-18 00:00:00+08:00,100.82775860870636,102.20268558328645,98.5362207325944,98.9945297241211,18482768,0.0,0.0
2019-10-21 00:00:00+08:00,99.45281767895042,104.0358998695998,97.16128012438601,103.57759094238281,24210600,0.0,0.0
2019-10-22 00:00:00+08:00,105.41083582230847,113.2020670182961,104.49421788812599,109.0772933959961,34894793,0.0,0.0
2019-10-23 00:00:00+08:00,106.32743841820144,109.99390278869397,104.49420977371545,105.41082763671875,6057587,0.0,0.0
2019-10-24 00:00:00+08:00,105.41083872680184,106.785758584439,103.57760280792384,105.869140625,3927696,0.0,0.0
2019-10-25 00:00:00+08:00,106.78575051978633,106.78575051978633,103.57759498555689,104.03590393066406,2960359,0.0,0.0
2019-10-28 00:00:00+08:00,108.16067046106411,108.61897937695917,105.41082404721406,106.7857437133789,5379187,0.0,0.0
2019-10-29 00:00:00+08:00,106.78574915802292,108.61898491507368,98.53620949585667,100.36943817138672,9423434,0.0,0.0
2019-10-30 00:00:00+08:00,98.99452271503421,102.66098022460938,98.53621375595705,102.66098022460938,4354680,0.0,0.0
2019-10-31 00:00:00+08:00,103.57759317662544,103.57759317662544,98.53620903153335,99.45281982421875,4723905,0.0,0.0
2019-11-01 00:00:00+08:00,101.74436672963456,104.95252227783203,99.9111309412241,104.95252227783203,4907389,0.0,0.0
2019-11-04 00:00:00+08:00,106.78574734970307,106.78574734970307,104.03590084221382,105.41082763671875,4919337,0.0,0.0
2019-11-05 00:00:00+08:00,107.70236778430794,113.66036987304688,107.24405884186328,113.66036987304688,10217396,0.0,0.0
2019-11-06 00:00:00+08:00,113.20205822768489,114.11867609068817,104.9525187052171,105.41082763671875,21827153,0.0,0.0
2019-11-07 00:00:00+08:00,105.41082942175558,105.86913127949755,99.91112923212403,100.36943817138672,15230907,0.0,0.0
2019-11-08 00:00:00+08:00,101.74436450973396,103.57759317662544,98.53620903153335,99.45281982421875,15289288,0.0,0.0
2019-11-11 00:00:00+08:00,98.53621940429113,98.99452838963965,93.95313663232726,94.41144561767578,12708456,0.0,0.0
2019-11-12 00:00:00+08:00,93.49481451346347,93.49481451346347,88.91173946682022,89.92001342773438,4925412,0.0,0.0
2019-11-13 00:00:00+08:00,90.65330984048511,94.41143753332129,90.65330984048511,93.49481964111328,2110312,0.0,0.0
2019-11-14 00:00:00+08:00,92.57820892333984,92.57820892333984,91.01995567241399,92.57820892333984,876934,0.0,0.0
2019-11-15 00:00:00+08:00,93.49482300801205,94.41144093322895,91.47826782144753,91.56993103027344,1073108,0.0,0.0
2019-11-18 00:00:00+08:00,91.56992782459493,94.4114376280749,91.56992782459493,92.57820892333984,971108,0.0,0.0
2019-11-19 00:00:00+08:00,93.03651367559549,93.03651367559549,89.2783929438822,89.37005615234375,1457168,0.0,0.0
2019-11-20 00:00:00+08:00,89.8283528299009,89.8283528299009,84.78696871622142,86.34521484375,2116388,0.0,0.0
2019-11-21 00:00:00+08:00,86.07023231580986,86.34521484375,84.32865978197408,86.34521484375,2160943,0.0,0.0
2019-11-22 00:00:00+08:00,86.98684427493541,89.37005218143955,86.34521600725554,89.27838897705078,1227987,0.0,0.0
2019-11-25 00:00:00+08:00,89.82835041058804,91.38660357766942,89.37004857020462,90.65330505371094,2168032,0.0,0.0
2019-11-26 00:00:00+08:00,92.11989807513214,99.45281982421875,91.6615891380291,99.45281982421875,20150244,0.0,0.0
2019-11-27 00:00:00+08:00,100.82775158761082,103.57759826376514,99.9111336683857,101.74436950683594,28655290,0.0,0.0
2019-11-28 00:00:00+08:00,103.11928918368653,107.70237169293702,101.28606042889894,102.66098022460938,27579881,0.0,0.0
2019-11-29 00:00:00+08:00,103.57759461459919,104.49421250153073,101.28605697879111,102.20267486572266,11547933,0.0,0.0
2019-12-02 00:00:00+08:00,103.11928761469896,103.11928761469896,94.41143876928838,97.16128540039062,12975789,0.0,0.0
2019-12-03 00:00:00+08:00,96.24466434601814,99.91112876132179,94.41143567912667,99.45281982421875,7461028,0.0,0.0
2019-12-04 00:00:00+08:00,100.82774671218198,103.11928431791864,96.70297335663943,98.53620910644531,18260684,0.0,0.0
2019-12-05 00:00:00+08:00,98.0779029568001,99.4528227267151,95.32805633544922,95.32805633544922,12729721,0.0,0.0
2019-12-06 00:00:00+08:00,96.24466347913436,98.0778992110344,95.32805269470495,96.70297241210938,7674069,0.0,0.0
2019-12-09 00:00:00+08:00,97.1612887341881,97.61959770201746,94.41144200873315,94.8697509765625,4503147,0.0,0.0
2019-12-10 00:00:00+08:00,94.8697464794253,95.32805542552931,92.57820883042609,93.49481964111328,5246415,0.0,0.0
2019-12-11 00:00:00+08:00,94.41143843449196,97.61959400632148,93.95312948401333,95.32805633544922,12604155,0.0,0.0
2019-12-12 00:00:00+08:00,95.32806035393216,97.16128915160418,94.41144241433557,95.78636932373047,6933450,0.0,0.0
2019-12-13 00:00:00+08:00,97.16128915160418,98.53621606099908,95.32806035393216,95.78636932373047,8662330,0.0,0.0
2019-12-16 00:00:00+08:00,95.32806035393216,97.16128915160418,94.86975138413386,95.78636932373047,3960380,0.0,0.0
2019-12-17 00:00:00+08:00,96.70297373880592,102.20267392843748,96.70297373880592,100.36943817138672,19262171,0.0,0.0
2019-12-18 00:00:00+08:00,100.82774993570058,100.82774993570058,97.16128540039062,97.16128540039062,7703045,0.0,0.0
2019-12-19 00:00:00+08:00,97.61959027805939,98.53620814400942,95.32805269470495,96.70297241210938,5354766,0.0,0.0
2019-12-20 00:00:00+08:00,97.1612887341881,98.07790666984681,94.8697509765625,94.8697509765625,5253308,0.0,0.0
2019-12-23 00:00:00+08:00,95.78636782105428,96.24466970214166,91.20328527649089,91.56993103027344,5732475,0.0,0.0
2019-12-24 00:00:00+08:00,91.66159399818078,92.57821192098848,89.92002136115035,90.10334777832031,7148126,0.0,0.0
2019-12-25 00:00:00+08:00,90.10335191418044,93.0365180713675,90.10335191418044,91.6615982055664,5700071,0.0,0.0
2019-12-26 00:00:00+08:00,92.11990718800723,93.0365180713675,91.20328922312558,91.6615982055664,3961392,0.0,0.0
2019-12-27 00:00:00+08:00,92.5782123999726,94.41144117355176,92.11990343619753,93.03651428222656,5275703,0.0,0.0
2019-12-30 00:00:00+08:00,93.03650985737167,93.95312774132707,90.7449722290039,90.7449722290039,5441852,0.0,0.0
2019-12-31 00:00:00+08:00,90.2866672926633,92.11990314190702,89.55337578557425,91.20328521728516,3761776,0.0,0.0
2020-01-02 00:00:00+08:00,91.29494597262779,97.61959390320621,91.29494597262779,96.24466705322266,16784275,0.0,0.0
2020-01-03 00:00:00+08:00,96.24466994713093,97.61959683845612,92.11990343619753,93.03651428222656,9343822,0.0,0.0
2020-01-06 00:00:00+08:00,93.95313603624915,94.8697540011308,91.47827177998153,91.6615982055664,8922247,0.0,0.0
2020-01-07 00:00:00+08:00,93.49482620947352,93.49482620947352,89.37005956779886,89.46171569824219,9050851,0.0,0.0
2020-01-08 00:00:00+08:00,87.35350253206629,88.72842235743218,82.31211095500153,82.67875671386719,17778674,0.0,0.0
2020-01-09 00:00:00+08:00,84.14534759521484,84.78697590867789,83.22872964896371,84.14534759521484,6985094,0.0,0.0
2020-01-10 00:00:00+08:00,84.05367943783598,84.05367943783598,80.75386069073892,81.85379791259766,10894843,0.0,0.0
2020-01-13 00:00:00+08:00,82.58708991757638,83.87035355864336,82.22044417463165,83.1370620727539,5441852,0.0,0.0
2020-01-14 00:00:00+08:00,83.87035130779611,87.35349639457438,83.41204237103473,87.26183319091797,10938386,0.0,0.0
2020-01-15 00:00:00+08:00,87.53681556673716,88.9117423746083,87.53681556673716,87.81179809570312,8460490,0.0,0.0
2020-01-16 00:00:00+08:00,87.07851074273894,87.35350036621094,85.06195557821604,87.35350036621094,7609884,0.0,0.0
2020-01-17 00:00:00+08:00,87.53681901890234,88.36177371985438,86.34521857102948,86.62020111083984,4188590,0.0,0.0
2020-01-20 00:00:00+08:00,87.07851099063424,88.82008361816406,86.80352844790043,88.82008361816406,4468774,0.0,0.0
2020-01-30 00:00:00+08:00,82.77042332220198,86.16190558285204,80.02057647705078,80.02057647705078,9935886,0.0,0.0
2020-01-31 00:00:00+08:00,81.85380238675653,83.87035761115028,79.9289103729082,83.59537506103516,8189666,0.0,0.0
2020-02-03 00:00:00+08:00,79.56226169114154,86.98684692382812,78.82897019674299,86.98684692382812,10324734,0.0,0.0
2020-02-04 00:00:00+08:00,87.72014993958369,88.82008723685337,86.34522300685563,88.36177825927734,10489792,0.0,0.0
2020-02-05 00:00:00+08:00,91.66158988071922,93.03650962164798,89.64503479003906,89.64503479003906,24817438,0.0,0.0
2020-02-06 00:00:00+08:00,89.73669518270441,92.1198959350586,89.73669518270441,92.1198959350586,9655388,0.0,0.0
2020-02-07 00:00:00+08:00,92.578207602753,92.578207602753,88.72841675544365,88.9117431640625,6255084,0.0,0.0
2020-02-10 00:00:00+08:00,86.98684334717984,90.46998842463753,85.88690615080826,87.44515228271484,5249670,0.0,0.0
2020-02-11 00:00:00+08:00,89.37004928547773,91.56992363039852,88.5450946357523,91.38660430908203,6589157,0.0,0.0
2020-02-12 00:00:00+08:00,93.74710083007812,96.06757362290183,93.28300627151339,93.74710083007812,12608000,0.0,0.0
2020-02-13 00:00:00+08:00,96.06757049560548,96.99575958251954,92.726091199019,92.81890869140625,9792000,0.0,0.0
2020-02-14 00:00:00+08:00,92.81890696820314,93.74709603788517,92.07635287984927,92.72608947753906,5504991,0.0,0.0
2020-02-17 00:00:00+08:00,91.24099201503708,91.79790406271516,89.8487083550814,90.21997833251953,7184000,0.0,0.0
2020-02-18 00:00:00+08:00,89.4774339677129,91.61226472780687,89.4774339677129,89.57025146484375,4632000,0.0,0.0
2020-02-19 00:00:00+08:00,90.12715476232653,91.14816129449302,89.84870229801952,90.68406677246094,2956000,0.0,0.0
2020-02-20 00:00:00+08:00,91.42662679838942,92.16918091463951,90.59125518798828,90.59125518798828,3903000,0.0,0.0
2020-02-21 00:00:00+08:00,90.5912515533479,91.42662313023283,90.1271570196919,90.77689361572266,2147604,0.0,0.0
2020-02-24 00:00:00+08:00,89.10616005345395,89.66307213748377,88.08515338581239,88.17797088623047,4387000,0.0,0.0
2020-02-25 00:00:00+08:00,85.85748872636077,90.77689361572266,85.67185374550661,90.77689361572266,5680000,0.0,0.0
2020-02-26 00:00:00+08:00,90.03434451421103,90.77689864178198,89.01333789994169,89.10615539550781,3701000,0.0,0.0
2020-02-27 00:00:00+08:00,89.66307256847762,90.31280923757004,83.53702545166016,83.53702545166016,6798000,0.0,0.0
2020-03-02 00:00:00+08:00,80.38117753041423,87.62105560302734,80.19554253635589,87.62105560302734,7361000,0.0,0.0
2020-03-03 00:00:00+08:00,90.31279828430904,90.31279828430904,88.64205514529732,88.82769012451172,6165000,0.0,0.0
2020-03-04 00:00:00+08:00,90.49843865391634,93.28300599711376,89.84870910644531,89.84870910644531,25672000,0.0,0.0
2020-03-05 00:00:00+08:00,92.63328154734049,93.28301113056675,91.51945029985376,92.44763946533203,12895000,0.0,0.0
2020-03-06 00:00:00+08:00,92.63327081571428,94.2111893816159,91.33380471828444,91.51943969726562,11867000,0.0,0.0
2020-03-09 00:00:00+08:00,89.57024508934111,90.68406913867287,85.02211723844869,85.7646713256836,9610000,0.0,0.0
2020-03-10 00:00:00+08:00,83.72265405825034,89.01333618164062,83.72265405825034,89.01333618164062,7004000,0.0,0.0
2020-03-11 00:00:00+08:00,89.57024508934111,90.40561666710023,85.20775930101772,85.7646713256836,6335000,0.0,0.0
2020-03-12 00:00:00+08:00,85.39339960786477,85.39339960786477,77.96788659848522,81.40218353271484,11378000,0.0,0.0
2020-03-13 00:00:00+08:00,81.40218353271484,81.40218353271484,81.40218353271484,81.40218353271484,0,0.0,0.0
2020-03-16 00:00:00+08:00,76.94688028240662,78.61761646725736,69.79981973350618,70.17109680175781,11395000,0.0,0.0
2020-03-17 00:00:00+08:00,67.75780492471465,71.47056135894559,65.43733215332031,65.43733215332031,12657000,0.0,0.0
2020-03-18 00:00:00+08:00,65.43733215332031,65.43733215332031,65.43733215332031,65.43733215332031,0,0.0,0.0
2020-03-19 00:00:00+08:00,58.10463314959593,59.77537627323638,53.463687896728516,53.463687896728516,15076000,0.0,0.0
2020-03-20 00:00:00+08:00,57.64054022852947,58.75436782836914,55.32006753751362,58.75436782836914,10148000,0.0,0.0
2020-03-23 00:00:00+08:00,55.96979844085955,60.7963821602033,54.76315339621366,59.21846008300781,9245000,0.0,0.0
2020-03-24 00:00:00+08:00,62.83839501209893,64.88041514370472,62.55994254973475,64.78759765625,9586000,0.0,0.0
2020-03-25 00:00:00+08:00,68.59317978994302,71.00647017027559,68.12908521366671,70.263916015625,10094000,0.0,0.0
2020-03-26 00:00:00+08:00,69.05727436621933,70.263916015625,66.82961898378879,70.263916015625,10357000,0.0,0.0
2020-03-27 00:00:00+08:00,71.93465932282821,73.69822012898244,70.263916015625,70.263916015625,14708000,0.0,0.0
2020-03-30 00:00:00+08:00,68.22189913531909,73.14130421850146,67.85062207746216,72.77002716064453,7594000,0.0,0.0
2020-03-31 00:00:00+08:00,74.16231708538602,74.81204668041644,71.74902662760255,72.30593872070312,8680000,0.0,0.0
2020-04-01 00:00:00+08:00,72.39874728220813,73.79103088378906,71.37774072401957,73.79103088378906,5431000,0.0,0.0
2020-04-06 00:00:00+08:00,74.44076835263297,76.01869418527285,73.23412668457803,75.36895751953125,5717000,0.0,0.0
2020-04-07 00:00:00+08:00,78.89606903544356,82.8872847721977,78.89606903544356,81.0309066772461,14205000,0.0,0.0
2020-04-08 00:00:00+08:00,81.68063984054565,85.39339619693409,81.40218028120822,83.16574096679688,10134000,0.0,0.0
2020-04-09 00:00:00+08:00,82.88728514349093,84.00110917284309,80.2883529663086,80.2883529663086,7869000,0.0,0.0
2020-04-10 00:00:00+08:00,80.28836253538773,81.4021866974898,79.63863295441509,80.00990295410156,4863000,0.0,0.0
2020-04-13 00:00:00+08:00,78.43197594513705,79.63862456151662,77.5966043708374,79.17453002929688,6407000,0.0,0.0
2020-04-14 00:00:00+08:00,79.82427042180841,81.86628380929257,79.4529933291236,81.68064880371094,6766000,0.0,0.0
2020-04-15 00:00:00+08:00,82.05192245085706,82.33037494753668,81.12373329888248,81.49501037597656,6041000,0.0,0.0
2020-04-16 00:00:00+08:00,80.38117914469431,82.23755744864347,80.38117914469431,81.49501037597656,5341000,0.0,0.0
2020-04-17 00:00:00+08:00,83.25856156991776,87.34259513082748,81.6806428921104,81.7734603881836,19320000,0.0,0.0
2020-04-20 00:00:00+08:00,81.30936240243429,82.14473399495834,79.54580172522144,81.58782196044922,8163000,0.0,0.0
2020-04-21 00:00:00+08:00,80.65963788672474,83.16574573846765,79.91708374023438,79.91708374023438,8413000,0.0,0.0
2020-04-22 00:00:00+08:00,78.33916035185102,81.21654510498047,77.96788330078125,81.21654510498047,7232000,0.0,0.0
2020-04-23 00:00:00+08:00,82.33037539944856,82.70165247858058,80.75245666503906,80.75245666503906,1254000,0.0,0.0
2020-04-24 00:00:00+08:00,80.28835771792961,81.86627636648288,80.00989815335156,81.30936431884766,3963000,0.0,0.0
2020-04-27 00:00:00+08:00,82.05191556866805,83.72265165317484,81.30936147676238,82.33036804199219,10174000,0.0,0.0
2020-04-28 00:00:00+08:00,83.1657449483064,83.81548159069258,82.14473831772366,83.35138702392578,6454000,0.0,0.0
2020-04-29 00:00:00+08:00,84.9292984008789,87.52823058345936,84.46520387409815,84.9292984008789,18932000,0.0,0.0
2020-04-30 00:00:00+08:00,86.50722340833242,87.06414254720336,84.09393310546875,84.09393310546875,10678000,0.0,0.0
2020-05-04 00:00:00+08:00,81.95909463982808,82.9801011622323,81.68063509666314,82.14472961425781,5430000,0.0,0.0
2020-05-05 00:00:00+08:00,82.70164161906736,83.90829019742165,81.21654057906846,82.14472961425781,6170000,0.0,0.0
2020-05-06 00:00:00+08:00,83.72265744639765,84.92930615885874,82.4231983179271,82.60883331298828,10931000,0.0,0.0
2020-05-07 00:00:00+08:00,83.2585610666165,85.02212180743047,83.2585610666165,84.83648681640625,8562000,0.0,0.0
2020-05-08 00:00:00+08:00,87.06413639734798,90.59125056577055,86.4143998084003,89.19896697998047,27194000,0.0,0.0
2020-05-11 00:00:00+08:00,91.89071960449219,95.1393814086914,90.4984359741211,90.4984359741211,27519000,0.0,0.0
2020-05-12 00:00:00+08:00,89.570256144256,89.8487157317172,86.50722900826871,86.69287109375,13160000,0.0,0.0
2020-05-13 00:00:00+08:00,86.60005023412324,88.45642852783203,86.32159065745844,88.45642852783203,6266000,0.0,0.0
2020-05-14 00:00:00+08:00,87.43541342730875,87.71387299959844,85.48621766584411,85.67185974121094,5708000,0.0,0.0
2020-05-15 00:00:00+08:00,86.78568452545207,87.62105616713498,83.72265753312178,84.55802917480469,6553000,0.0,0.0
2020-05-18 00:00:00+08:00,83.0729308291373,83.53702541477494,79.36017414403621,79.63863372802734,12595000,0.0,0.0
2020-05-19 00:00:00+08:00,80.93808593975606,81.68064004550533,79.4529848097783,80.47399139404297,5953000,0.0,0.0
2020-05-20 00:00:00+08:00,79.91707703193613,80.47398905429571,78.71043549707713,79.17453002929688,5609000,0.0,0.0
2020-05-21 00:00:00+08:00,79.91708006717313,82.4231948852539,79.91708006717313,82.4231948852539,5551000,0.0,0.0
2020-05-22 00:00:00+08:00,81.6806410112367,81.77345850517257,78.89607370403544,79.7314453125,6142000,0.0,0.0
2020-05-25 00:00:00+08:00,80.00989756083816,82.4231948852539,78.71043848648608,82.4231948852539,6170000,0.0,0.0
2020-05-26 00:00:00+08:00,83.25855362387689,83.35137819261212,81.95909463982808,82.14472961425781,4679000,0.0,0.0
2020-05-27 00:00:00+08:00,82.60882987258397,84.18674850945195,81.86627576022207,82.4231948852539,5768000,0.0,0.0
2020-05-28 00:00:00+08:00,83.07292910172485,83.53702367771214,81.49501037597656,81.49501037597656,3295000,0.0,0.0
2020-05-29 00:00:00+08:00,80.93809249751317,84.27957916259766,80.84527499715445,84.27957916259766,5104000,0.0,0.0
2020-06-01 00:00:00+08:00,84.92930581559928,85.57903537720854,84.18675167531347,85.30058288574219,6305000,0.0,0.0
2020-06-02 00:00:00+08:00,85.76467788851569,87.2497790951069,84.55802917480469,84.55802917480469,7208000,0.0,0.0
2020-06-03 00:00:00+08:00,88.17796210641646,91.14816431318222,86.78567849420988,86.9713134765625,24524000,0.0,0.0
2020-06-04 00:00:00+08:00,88.45641814975596,89.2917826186995,86.32158052985044,86.78567504882812,9487000,0.0,0.0
2020-06-05 00:00:00+08:00,86.97131917426644,87.71387331536475,86.87850167700944,87.2497787475586,3576000,0.0,0.0
2020-06-08 00:00:00+08:00,88.08514732150148,88.54924187316217,86.32158660888672,86.32158660888672,4961000,0.0,0.0
2020-06-09 00:00:00+08:00,86.5072189391603,87.34259052278838,86.0431244017581,86.9713134765625,3054000,0.0,0.0
2020-06-10 00:00:00+08:00,87.34259014288901,88.6420562582672,86.971313098278,87.7138671875,6093000,0.0,0.0
2020-06-11 00:00:00+08:00,88.1779650719369,88.27078256623476,83.62983703613281,83.62983703613281,5900000,0.0,0.0
2020-06-12 00:00:00+08:00,81.03091284824197,84.83648681640625,80.56681828916045,84.83648681640625,4321000,0.0,0.0
2020-06-15 00:00:00+08:00,85.67185378733912,85.76467127781152,83.44419860839844,83.44419860839844,3045000,0.0,0.0
2020-06-16 00:00:00+08:00,85.02211856094996,86.60004425048828,84.83648357701402,86.60004425048828,4830000,0.0,0.0
2020-06-17 00:00:00+08:00,87.24977571220809,87.34259320623605,85.48621499959333,86.32158660888672,3036000,0.0,0.0
2020-06-18 00:00:00+08:00,86.50722331862914,87.06414245692258,85.48621670095952,86.4144058227539,2907000,0.0,0.0
2020-06-19 00:00:00+08:00,86.69287109375,87.99233736603314,86.69287109375,86.69287109375,5982000,0.0,0.0
2020-06-22 00:00:00+08:00,86.32159400430889,88.54924945943407,85.76468191090797,86.69287109375,5632000,0.0,0.0
2020-06-23 00:00:00+08:00,87.52824349251651,87.62106099525771,85.57904052734375,85.57904052734375,2685000,0.0,0.0
2020-06-24 00:00:00+08:00,86.87850158194816,86.87850158194816,85.20776538858674,85.30058288574219,2602000,0.0,0.0
2020-06-29 00:00:00+08:00,84.4652101708757,84.92930473225414,83.53702104811882,84.09393310546875,4673000,0.0,0.0
2020-06-30 00:00:00+08:00,84.66149105683216,85.79661430713196,84.66149105683216,85.60742950439453,2893000,1.7,0.0
2020-07-01 00:00:00+08:00,86.26958617854662,92.60737830188536,85.98580896573128,90.43171691894531,18354000,0.0,0.0
2020-07-02 00:00:00+08:00,91.75603097488036,95.06681559768532,91.28306174305108,93.74250030517578,24677000,0.0,0.0
2020-07-03 00:00:00+08:00,96.48572829254611,98.85057457422616,92.51278942609886,92.89115905761719,22738000,0.0,0.0
2020-07-06 00:00:00+08:00,93.83709512722545,96.01275653650265,93.36412588320327,95.53978729248047,14302000,0.0,0.0
2020-07-07 00:00:00+08:00,96.95869502454701,98.37760275661356,93.17494107236956,95.53978729248047,13852000,0.0,0.0
2020-07-08 00:00:00+08:00,96.01276024865888,104.99917623252351,94.59385246173288,104.52620697021484,36659000,0.0,0.0
2020-07-09 00:00:00+08:00,104.05323135518583,107.36401598921447,100.74244672115718,101.21541595458984,35132000,0.0,0.0
2020-07-10 00:00:00+08:00,100.26947973270228,100.74244897672446,95.06681804845829,95.53978729248047,16697000,0.0,0.0
2020-07-13 00:00:00+08:00,96.95869464500278,97.90463312934428,94.59384843414905,96.48572540283203,9938000,0.0,0.0
2020-07-14 00:00:00+08:00,96.01275131905754,96.01275131905754,91.75602835417321,92.41818237304688,10994000,0.0,0.0
2020-07-15 00:00:00+08:00,93.83709707863818,94.59385077158609,90.81009674072266,90.81009674072266,7774000,0.0,0.0
2020-07-16 00:00:00+08:00,91.66144135172712,92.89115706161431,90.62091045353398,91.09387969970703,6559000,0.0,0.0
2020-07-17 00:00:00+08:00,91.75603613067865,94.40466686452505,91.75603613067865,91.94522094726562,13406000,0.0,0.0
2020-07-20 00:00:00+08:00,91.94522349950921,92.70197722073956,89.39119231999886,90.24253845214844,5835000,0.0,0.0
2020-07-21 00:00:00+08:00,91.09387433529956,92.60737439053759,91.09387433529956,92.41818237304688,4668000,0.0,0.0
2020-07-22 00:00:00+08:00,93.17493867036819,94.31006193998337,92.89115424449554,93.74250030517578,5176000,0.0,0.0
2020-07-23 00:00:00+08:00,94.21546971545018,94.31006211860765,92.9857540405276,93.26953125,3949000,0.0,0.0
2020-07-24 00:00:00+08:00,92.79656292349692,94.21547063552879,90.81009357003987,90.9046859741211,6391000,0.0,0.0
2020-07-27 00:00:00+08:00,91.85062314466295,92.70196920318176,90.33712305003937,90.71549987792969,3924000,0.0,0.0
2020-07-28 00:00:00+08:00,91.28306298517532,93.17493993823594,86.17499376852405,86.93174743652344,8715000,0.0,0.0
2020-07-29 00:00:00+08:00,86.55337298124032,88.72903442382812,86.4587805743752,88.72903442382812,3823000,0.0,0.0
2020-07-30 00:00:00+08:00,89.01280512909771,89.67496636256246,88.72902792927356,89.39118194580078,2788000,0.0,0.0
2020-07-31 00:00:00+08:00,89.29659743035738,92.22900538908422,88.91822058024529,91.94522094726562,5172000,0.0,0.0
2020-08-03 00:00:00+08:00,93.45872418594115,93.45872418594115,90.9046859741211,90.9046859741211,3272000,0.0,0.0
2020-08-04 00:00:00+08:00,91.18847022151158,91.75603186180528,90.52630896038741,91.37765502929688,2111000,0.0,0.0
2020-08-05 00:00:00+08:00,92.22900390625,92.98575759430726,91.47225021819274,92.22900390625,4730000,0.0,0.0
2020-08-06 00:00:00+08:00,92.22900390625,92.22900390625,92.22900390625,92.22900390625,0,0.0,0.0
2020-08-07 00:00:00+08:00,93.83709607816769,96.95869600712345,93.17494201660156,93.17494201660156,17443000,0.0,0.0
2020-08-10 00:00:00+08:00,93.64790899410362,94.21547063552879,90.81009357003987,90.9046859741211,4892000,0.0,0.0
2020-08-11 00:00:00+08:00,91.47224817418251,92.41818665464743,89.10740197302022,89.48577880859375,3953000,0.0,0.0
2020-08-12 00:00:00+08:00,89.29659456219807,89.3911869674533,87.0263407513831,88.0668716430664,3842000,0.0,0.0
2020-08-13 00:00:00+08:00,88.91821830313434,89.29659514355654,86.64796447753906,86.64796447753906,3847000,0.0,0.0
2020-08-14 00:00:00+08:00,86.64796409943189,87.87768702120341,86.17499485520253,87.59390258789062,2852000,0.0,0.0
2020-08-17 00:00:00+08:00,87.59389976651633,87.9722765931,86.647961308526,86.7425537109375,2829000,0.0,0.0
2020-08-18 00:00:00+08:00,86.55337500173981,87.21552908219095,83.33718257468097,83.99934387207031,6322000,0.0,0.0
2020-08-19 00:00:00+08:00,83.90474815509722,84.75609431029649,81.4453093199182,81.53990173339844,4331000,0.0,0.0
2020-08-20 00:00:00+08:00,81.53989450301707,81.53989450301707,73.97238662461407,77.09398651123047,8695000,0.0,0.0
2020-08-21 00:00:00+08:00,78.51289313502566,80.21558527051218,77.37776985599318,79.93180084228516,4248000,0.0,0.0
2020-08-24 00:00:00+08:00,79.83721583475948,80.40477752685547,78.51290040857651,80.40477752685547,2168000,0.0,0.0
2020-08-25 00:00:00+08:00,81.06693163147771,81.06693163147771,80.12099307233824,80.40477752685547,1704000,0.0,0.0
2020-08-26 00:00:00+08:00,80.59395316654853,85.13446061970801,80.49936076480304,84.66149139404297,6360000,0.0,0.0
2020-08-27 00:00:00+08:00,84.66149644557673,85.13446569946264,82.58043461525399,83.3371810913086,3799000,0.0,0.0
2020-08-28 00:00:00+08:00,82.86421671250707,83.24259358126416,81.63450091021969,82.48583984375,1929000,0.0,0.0
2020-08-31 00:00:00+08:00,83.33717584340184,83.52636786320525,81.63449096679688,81.63449096679688,1333000,0.0,0.0
2020-09-01 00:00:00+08:00,81.35071287324527,82.20205898623664,80.02639749936294,80.4993667602539,2189000,0.0,0.0
2020-09-02 00:00:00+08:00,81.16152141064717,83.14799070036142,80.97232939161778,82.58042907714844,2237000,0.0,0.0
2020-09-03 00:00:00+08:00,85.22906135658626,85.60743821750988,83.24259185791016,83.24259185791016,6384000,0.0,0.0
2020-09-04 00:00:00+08:00,80.49936451378322,82.95880315839379,80.49936451378322,82.6750259399414,2562000,0.0,0.0
2020-09-07 00:00:00+08:00,84.47231052455844,84.56690293070922,82.6750259399414,82.6750259399414,3200000,0.0,0.0
2020-09-08 00:00:00+08:00,83.62096999592195,83.81015482080389,82.29665457093304,83.43177795410156,1532000,0.0,0.0
2020-09-09 00:00:00+08:00,82.6750297492986,84.18852996826172,81.91827603134789,84.18852996826172,1908000,0.0,0.0
2020-09-10 00:00:00+08:00,85.0398773819016,85.41825424659524,84.37771606445312,84.37771606445312,5022000,0.0,0.0
2020-09-11 00:00:00+08:00,85.98581076200824,90.90468805627624,85.60743392007885,90.14794158935547,24461000,0.0,0.0
2020-09-14 00:00:00+08:00,93.55331316089129,96.48572088155092,91.09387466023928,91.47224426269531,37504000,0.0,0.0
2020-09-15 00:00:00+08:00,92.03981741320219,96.95869464500278,91.75603298112458,96.48572540283203,32724000,0.0,0.0
2020-09-16 00:00:00+08:00,96.95869541168213,97.43166465759278,94.02628753042373,94.5938491821289,23037000,0.0,0.0
2020-09-17 00:00:00+08:00,94.5938491821289,98.37760314941407,94.5938491821289,94.5938491821289,17155000,0.0,0.0
2020-09-18 00:00:00+08:00,94.1208773122927,95.53978501046798,92.89115442043237,93.26953125,9518000,0.0,0.0
2020-09-21 00:00:00+08:00,94.02629174121837,95.06682268543247,92.13441467285156,92.13441467285156,6563000,0.0,0.0
2020-09-22 00:00:00+08:00,91.28306521201621,93.08034980465594,90.33712671240981,92.70197296142578,7793000,0.0,0.0
2020-09-23 00:00:00+08:00,93.93169438188517,96.48572540283203,92.98575589754368,96.48572540283203,13972000,0.0,0.0
2020-09-24 00:00:00+08:00,93.4587238152261,95.06681632904173,91.85062408447266,91.85062408447266,13301000,0.0,0.0
2020-09-25 00:00:00+08:00,93.26953273045343,94.21547121091835,87.02634020277254,89.48577880859375,14622000,0.0,0.0
2020-09-28 00:00:00+08:00,92.03981741320219,97.43166388717353,91.28306373895384,96.48572540283203,21382000,0.0,0.0
2020-09-29 00:00:00+08:00,96.48572578052483,96.48572578052483,93.83709512722545,95.53978729248047,14233000,0.0,0.0
2020-09-30 00:00:00+08:00,96.48572559074815,96.48572559074815,93.93169456482704,96.01275634765625,7974000,0.0,0.0
2020-10-05 00:00:00+08:00,96.95869408943803,98.37760180782006,94.59384789213466,97.90463256835938,14954000,0.0,0.0
2020-10-06 00:00:00+08:00,98.85057067871094,99.7965091541053,97.4316629656194,98.85057067871094,16007000,0.0,0.0
2020-10-07 00:00:00+08:00,98.85057142304211,101.21541762933498,96.48572521674924,96.95869445800781,16214000,0.0,0.0
2020-10-08 00:00:00+08:00,97.4316642685692,98.37760275661356,95.53978729248047,95.53978729248047,7157000,0.0,0.0
2020-10-12 00:00:00+08:00,96.95869319843797,100.26947784423828,96.0127547282093,100.26947784423828,15439000,0.0,0.0
2020-10-13 00:00:00+08:00,98.85057013889529,100.26947784423828,97.43166243355229,100.26947784423828,9478000,0.0,0.0
2020-10-14 00:00:00+08:00,100.74244744437081,104.05323210216704,99.32353973388672,99.32353973388672,20139000,0.0,0.0
2020-10-15 00:00:00+08:00,99.32354028674139,100.26947876566274,97.43166332889871,97.90463256835938,5903000,0.0,0.0
2020-10-16 00:00:00+08:00,98.85057200063574,99.7965104886801,95.53978729248047,95.53978729248047,6461000,0.0,0.0
2020-10-19 00:00:00+08:00,96.95869427282834,98.37760199389412,96.01275579211782,97.4316635131836,3987000,0.0,0.0
2020-10-20 00:00:00+08:00,97.90463294052496,98.37760218178354,96.95869445800781,96.95869445800781,2617000,0.0,0.0
2020-10-21 00:00:00+08:00,97.90463294052496,98.85057142304211,96.95869445800781,96.95869445800781,3792000,0.0,0.0
2020-10-22 00:00:00+08:00,96.95869502454701,97.90463351259137,94.5938488044361,95.53978729248047,4295000,0.0,0.0
2020-10-23 00:00:00+08:00,96.9586939078111,98.37760162353516,96.01275543066171,98.37760162353516,4915000,0.0,0.0
2020-10-26 00:00:00+08:00,99.3235408558565,99.79651009802726,96.48572540283203,96.48572540283203,7707000,0.0,0.0
2020-10-27 00:00:00+08:00,95.53978601483067,98.85057067871094,94.59384753943631,98.85057067871094,9964000,0.0,0.0
2020-10-28 00:00:00+08:00,98.37760237151501,98.85057161368576,96.48572540283203,96.48572540283203,8099000,0.0,0.0
2020-10-29 00:00:00+08:00,95.5397874822664,95.5397874822664,93.93169493617175,95.06681823730469,9904000,0.0,0.0
2020-10-30 00:00:00+08:00,95.0668190118625,95.53978826067774,93.17494201660156,93.17494201660156,5279000,0.0,0.0
2020-11-02 00:00:00+08:00,94.12088012695312,94.59384937382224,92.22900313947667,94.12088012695312,8284000,0.0,0.0
2020-11-03 00:00:00+08:00,95.06681823730469,96.48572597218984,94.59384899234297,95.06681823730469,4073000,0.0,0.0
2020-11-04 00:00:00+08:00,97.4316636992664,99.79650990555926,96.48572521674924,96.95869445800781,16455000,0.0,0.0
2020-11-05 00:00:00+08:00,96.95869427282834,97.4316635131836,95.53978655176256,97.4316635131836,6338000,0.0,0.0
2020-11-06 00:00:00+08:00,98.37760199389412,98.85057123424937,97.4316635131836,97.4316635131836,9275000,0.0,0.0
2020-11-09 00:00:00+08:00,98.37760162353516,98.85057086210985,97.43166314638579,98.37760162353516,4158000,0.0,0.0
2020-11-10 00:00:00+08:00,98.3776029520367,98.85057219699841,95.06681823730469,95.06681823730469,4145000,0.0,0.0
2020-11-11 00:00:00+08:00,96.01275597549066,97.4316636992664,95.5397867342321,96.95869445800781,2262000,0.0,0.0
2020-11-12 00:00:00+08:00,97.4316629656194,100.26947839180248,96.48572449022502,98.85057067871094,7276000,0.0,0.0
2020-11-13 00:00:00+08:00,98.85057662049746,103.1073000156385,97.43166882211712,102.63433074951172,14066000,0.0,0.0
2020-11-16 00:00:00+08:00,105.94511144301471,112.56668090820312,105.47214219550125,112.56668090820312,38418000,0.0,0.0
2020-11-17 00:00:00+08:00,114.4585580946524,120.13418907455252,110.67480410805231,112.09371185302734,65275000,0.0,0.0
2020-11-18 00:00:00+08:00,113.51261845341436,117.2963724018615,111.14777223563489,114.93152618408203,28924000,0.0,0.0
2020-11-19 00:00:00+08:00,113.98558788457193,117.2963725949122,112.56668015156896,114.45855712890625,13555000,0.0,0.0
2020-11-20 00:00:00+08:00,115.40449378603981,119.18824768066406,111.62073989141555,119.18824768066406,18050000,0.0,0.0
2020-11-23 00:00:00+08:00,122.97200312379931,123.44497236658316,115.40449523925781,115.40449523925781,22182000,0.0,0.0
2020-11-24 00:00:00+08:00,116.35043429932654,116.82340354444575,112.56668033837283,113.98558807373047,9075000,0.0,0.0
2020-11-25 00:00:00+08:00,114.45855869391026,115.40449719551282,109.72886618589743,110.6748046875,9391000,0.0,0.0
2020-11-26 00:00:00+08:00,114.45855584202042,119.66121747120317,113.98558660300381,117.76934051513672,27623000,0.0,0.0
2020-11-27 00:00:00+08:00,118.24231069596088,118.71527993874471,114.93152599647397,115.40449523925781,9691000,0.0,0.0
2020-11-30 00:00:00+08:00,115.40449542763793,117.7693416454174,114.93152618408203,114.93152618408203,7138000,0.0,0.0
2020-12-01 00:00:00+08:00,115.40449468326955,116.82340240478516,112.09370999973312,116.82340240478516,6619000,0.0,0.0
2020-12-02 00:00:00+08:00,118.71527670357973,126.75575361179033,117.29636901389551,123.91793823242188,47098000,0.0,0.0
2020-12-03 00:00:00+08:00,125.80981624126434,128.17466241121292,120.13418543338776,121.08012390136719,26007000,0.0,0.0
2020-12-04 00:00:00+08:00,121.08012354651163,123.44496970952943,119.18824661609739,122.02606201171875,11914000,0.0,0.0
2020-12-07 00:00:00+08:00,121.08012576219512,122.49903348597084,115.87746410835081,116.35043334960938,11658000,0.0,0.0
2020-12-08 00:00:00+08:00,115.87746355907026,118.71527899316995,115.40449432005364,117.76934051513672,6960000,0.0,0.0
2020-12-09 00:00:00+08:00,119.18825427103599,124.39091616381931,118.24231574507539,121.5531005859375,17759000,0.0,0.0
2020-12-10 00:00:00+08:00,119.18824804687499,120.13418652343749,116.82340185546875,118.2423095703125,7190000,0.0,0.0
2020-12-11 00:00:00+08:00,119.18824937608507,119.66121861964096,112.09371072274668,114.93152618408203,8575000,0.0,0.0
2020-12-14 00:00:00+08:00,115.4044956175749,117.76934183924652,113.5126186402376,114.45855712890625,4446000,0.0,0.0
2020-12-15 00:00:00+08:00,113.98558865074351,115.40449639328388,111.62074241317622,112.56668090820312,4418000,0.0,0.0
2020-12-16 00:00:00+08:00,114.45855620225915,118.71527936680597,113.98558696175394,116.82340240478516,7109000,0.0,0.0
2020-12-17 00:00:00+08:00,116.35043243772955,119.66121710059177,115.40449396262606,118.71527862548828,7401000,0.0,0.0
2020-12-18 00:00:00+08:00,119.18824879716082,120.13418727967797,116.35043334960938,116.35043334960938,4703000,0.0,0.0
2020-12-21 00:00:00+08:00,116.35043225969586,119.18824768066406,112.56667836507161,119.18824768066406,6068000,0.0,0.0
2020-12-22 00:00:00+08:00,118.71527993874471,120.13418766709626,114.93152599647397,115.40449523925781,5443000,0.0,0.0
2020-12-23 00:00:00+08:00,116.82340079545975,121.08012390136719,116.35043156147003,121.08012390136719,8100000,0.0,0.0
2020-12-24 00:00:00+08:00,122.97200120340182,124.39090890959491,119.66121655561793,120.13418579101562,10318000,0.0,0.0
2020-12-25 00:00:00+08:00,122.9719997726324,123.91793823242188,119.66121516336922,123.91793823242188,10177000,0.0,0.0
2020-12-28 00:00:00+08:00,126.75575123662533,133.8502895521081,125.33684357352878,130.5395050048828,37701000,0.0,0.0
2020-12-29 00:00:00+08:00,129.59357471955127,131.4854517227564,127.70169771634615,129.12060546875,15407000,0.0,0.0
2020-12-30 00:00:00+08:00,130.06655143125215,131.95842854297945,128.64764359745666,129.5935821533203,9488000,0.0,0.0
2020-12-31 00:00:00+08:00,132.43139083297163,135.26920635082104,127.70169830322266,127.70169830322266,13656000,0.0,0.0
2021-01-04 00:00:00+08:00,128.6476354495713,131.4854509374295,125.33685071373675,131.01248168945312,12359000,0.0,0.0
2021-01-05 00:00:00+08:00,131.01248168945312,132.43138943338224,128.6476354495713,131.01248168945312,7588000,0.0,0.0
2021-01-06 00:00:00+08:00,132.90436071045835,134.32326847605043,123.9179448617085,126.28279113769531,14500000,0.0,0.0
2021-01-07 00:00:00+08:00,126.75576079746462,128.17466856758548,124.39091451392984,125.33685302734375,5684000,0.0,0.0
2021-01-08 00:00:00+08:00,125.80981411151032,126.75575256347656,124.39090643356096,126.75575256347656,4168000,0.0,0.0
2021-01-11 00:00:00+08:00,130.0665555115802,138.58000278142907,129.12061692604144,136.68812561035156,31850000,0.0,0.0
2021-01-12 00:00:00+08:00,137.16107341221402,139.52591950552804,131.48544278826034,132.43138122558594,15581000,0.0,0.0
2021-01-13 00:00:00+08:00,134.3232698376547,144.728593557473,133.3773313176712,140.94483947753906,26494000,0.0,0.0
2021-01-14 00:00:00+08:00,139.99888673547196,145.67451727880191,138.1070098876953,138.1070098876953,16939000,0.0,0.0
2021-01-15 00:00:00+08:00,140.4718650416324,141.41780352676125,133.3773264031661,134.79623413085938,8854000,0.0,0.0
2021-01-18 00:00:00+08:00,134.79623413085938,135.7421726159882,130.06654170521517,134.79623413085938,6260000,0.0,0.0
2021-01-19 00:00:00+08:00,135.74216262817382,143.78263916015624,135.26919342041015,141.89076232910156,15721000,0.0,0.0
2021-01-20 00:00:00+08:00,141.89078685773518,144.25563330536409,137.63406325200313,138.5800018310547,15306000,0.0,0.0
2021-01-21 00:00:00+08:00,140.9448386691264,145.67453124191587,140.9448386691264,142.8367156982422,13582000,0.0,0.0
2021-01-22 00:00:00+08:00,144.72860120290733,157.0258026123047,143.30969334797686,157.0258026123047,24888000,0.0,0.0
2021-01-25 00:00:00+08:00,158.9176639396987,167.90407946009836,157.02578698803563,157.9717254638672,47433000,0.0,0.0
2021-01-26 00:00:00+08:00,159.390634688863,164.12032711286489,152.7690652952604,154.18797302246094,22508000,0.0,0.0
2021-01-27 00:00:00+08:00,157.0257947767103,160.33657960633974,154.66094846983214,157.49876403808594,12486000,0.0,0.0
2021-01-28 00:00:00+08:00,152.769051027298,155.13389701843263,151.3501434326172,151.3501434326172,8094000,0.0,0.0
2021-01-29 00:00:00+08:00,156.55282243297947,157.49876093710623,146.14749888758507,146.62046813964844,11499000,0.0,0.0
2021-02-01 00:00:00+08:00,147.5663987923282,148.51233724612516,140.94482961574934,147.0934295654297,9360000,0.0,0.0
2021-02-02 00:00:00+08:00,150.40423175266812,158.9176788330078,148.98532390594482,158.9176788330078,12166000,0.0,0.0
2021-02-03 00:00:00+08:00,162.7014193856643,164.59329635526507,153.24203453766057,154.18797302246094,18489000,0.0,0.0
2021-02-04 00:00:00+08:00,151.82312045201985,152.2960896746118,146.62045900350827,150.87718200683594,10863000,0.0,0.0
2021-02-05 00:00:00+08:00,150.87717540447528,152.76905221205493,147.56639099121094,147.56639099121094,5826000,0.0,0.0
2021-02-17 00:00:00+08:00,151.8231337063218,157.02579560903067,150.40422591467396,155.6068878173828,8556000,0.0,0.0
2021-02-18 00:00:00+08:00,154.66094928961755,156.07985708126543,152.76907223408708,155.6068878173828,4379000,0.0,0.0
2021-02-19 00:00:00+08:00,157.02578698803563,159.86360241553027,154.66094079845678,157.9717254638672,6376000,0.0,0.0
2021-02-22 00:00:00+08:00,159.86360097070883,164.1203240734792,158.91766250342653,161.75547790527344,8869000,0.0,0.0
2021-02-23 00:00:00+08:00,161.28250217722422,161.28250217722422,157.02577924586055,158.44468688964844,4719000,0.0,0.0
2021-02-24 00:00:00+08:00,157.49876403808594,163.17439517459354,157.0257947767103,157.49876403808594,6714000,0.0,0.0
2021-02-25 00:00:00+08:00,158.91767975221197,161.2825261770961,157.0258026123047,157.0258026123047,3958000,0.0,0.0
2021-02-26 00:00:00+08:00,151.3501512294279,154.18796656497966,149.45827433906004,150.87718200683594,6630000,0.0,0.0
2021-03-02 00:00:00+08:00,154.66094302538758,156.07985075956546,151.82312755703185,152.2960968017578,4619000,0.0,0.0
2021-03-03 00:00:00+08:00,153.71500378006075,154.18797302246094,148.0393728712585,154.18797302246094,5067000,0.0,0.0
2021-03-04 00:00:00+08:00,153.24202081221569,153.71499001225337,148.98529801187635,149.45826721191406,3508000,0.0,0.0
2021-03-05 00:00:00+08:00,146.14750583636493,150.40422930732703,144.7285980127109,148.0393829345703,2801000,0.0,0.0
2021-03-08 00:00:00+08:00,149.4582925765241,151.3501696977459,143.7826612128586,144.25563049316406,3060000,0.0,0.0
2021-03-09 00:00:00+08:00,143.78264707227214,144.7285855398529,133.37732392888404,141.4178009033203,8925000,0.0,0.0
2021-03-10 00:00:00+08:00,143.7826397870038,144.25560899682947,139.99888610839844,139.99888610839844,3826000,0.0,0.0
2021-03-11 00:00:00+08:00,140.9448464225693,142.83672355575817,139.52593857267766,142.36375427246094,5252000,0.0,0.0
2021-03-12 00:00:00+08:00,143.30966934404876,147.5663921958522,141.89076172678094,143.7826385498047,6258000,0.0,0.0
2021-03-15 00:00:00+08:00,142.836709336103,143.78264780852754,139.05295544640492,139.5259246826172,5182000,0.0,0.0
2021-03-16 00:00:00+08:00,139.99890969963204,141.89078685773518,135.7421860939,138.5800018310547,9243000,0.0,0.0
2021-03-17 00:00:00+08:00,138.1070098876953,143.30967121908108,138.1070098876953,138.1070098876953,7798000,0.0,0.0
2021-03-18 00:00:00+08:00,139.99888610839844,140.9448245280498,139.0529476887471,139.99888610839844,2864000,0.0,0.0
2021-03-19 00:00:00+08:00,138.58000278142907,139.52594136696786,136.21515631758217,136.68812561035156,3353000,0.0,0.0
2021-03-22 00:00:00+08:00,136.21515022440158,136.68811949601408,132.43139605150154,133.37733459472656,6663000,0.0,0.0
2021-03-23 00:00:00+08:00,133.3773264031661,136.21514185855264,133.3773264031661,134.79623413085938,3315000,0.0,0.0
2021-03-24 00:00:00+08:00,134.32326488829494,138.1070188288103,133.85029564573054,134.79623413085938,3366000,0.0,0.0
2021-03-25 00:00:00+08:00,134.79624240956406,135.26921168117659,131.48545750827654,133.37733459472656,3254000,0.0,0.0
2021-03-26 00:00:00+08:00,133.85029455230818,137.63404846191406,133.85029455230818,137.63404846191406,3385000,0.0,0.0
2021-03-29 00:00:00+08:00,138.1070169739804,139.99889391882945,136.21514002913136,139.5259246826172,4567000,0.0,0.0
2021-03-30 00:00:00+08:00,139.52593169756383,141.4178087375308,138.1070239175886,140.94483947753906,3426000,0.0,0.0
2021-03-31 00:00:00+08:00,141.89076056847207,147.56639099121094,141.41779136657715,147.56639099121094,9263000,0.0,0.0
2021-04-01 00:00:00+08:00,149.93125371995313,151.35016148386438,144.7285919189453,144.7285919189453,5723000,0.0,0.0
2021-04-07 00:00:00+08:00,153.24202615328787,162.70141048373773,152.29608772024287,156.5528106689453,20164000,0.0,0.0
2021-04-08 00:00:00+08:00,158.44470256083721,162.70142591321792,157.49876403808594,157.49876403808594,9568000,0.0,0.0
2021-04-09 00:00:00+08:00,161.2825271327321,161.75549642051138,155.13392639160156,155.13392639160156,6780000,0.0,0.0
2021-04-12 00:00:00+08:00,158.91766544646282,162.22845014326413,154.18797302246094,154.18797302246094,7349000,0.0,0.0
2021-04-13 00:00:00+08:00,152.76907478597263,155.1339211448886,149.93125915527344,149.93125915527344,5163000,0.0,0.0
2021-04-14 00:00:00+08:00,150.4042221561555,151.82312991234565,140.94483711488786,146.62046813964844,6829000,0.0,0.0
2021-04-15 00:00:00+08:00,146.14748338552621,148.51232939500076,143.3096681741568,147.56639099121094,3566000,0.0,0.0
2021-04-16 00:00:00+08:00,146.62047689469134,148.9853232962186,144.25563049316406,144.25563049316406,4003000,0.0,0.0
2021-04-19 00:00:00+08:00,144.25560601149934,149.45826721191406,144.25560601149934,149.45826721191406,4335000,0.0,0.0
2021-04-20 00:00:00+08:00,149.4582820868342,151.35015907527514,145.67452810995235,150.4042205810547,4400000,0.0,0.0
2021-04-21 00:00:00+08:00,148.03936019310586,149.93123700068548,146.62045258742114,147.56639099121094,3162000,0.0,0.0
2021-04-22 00:00:00+08:00,148.0393866336707,148.9853252064098,140.4718780517578,140.4718780517578,4770000,0.0,0.0
2021-04-23 00:00:00+08:00,139.52591569800126,145.67451537282844,138.10700808073346,143.7826385498047,5032000,0.0,0.0
2021-04-26 00:00:00+08:00,142.83670013829283,146.14748457858437,142.36373093253687,143.7826385498047,2704000,0.0,0.0
2021-04-27 00:00:00+08:00,145.2015588628421,150.4042205810547,144.72858961573186,150.4042205810547,8121000,0.0,0.0
2021-04-28 00:00:00+08:00,148.98529801187635,153.24202081221569,148.03935961180096,149.45826721191406,7095000,0.0,0.0
2021-04-29 00:00:00+08:00,149.93123700068548,151.3501446063702,147.09342178931604,147.56639099121094,4436000,0.0,0.0
2021-05-03 00:00:00+08:00,144.72858862994838,145.2015578738371,132.9043575327304,133.8502960205078,10621000,0.0,0.0
2021-05-04 00:00:00+08:00,132.90435436160067,132.90435436160067,120.60715431390807,122.02606201171875,12312000,0.0,0.0
2021-05-05 00:00:00+08:00,123.91793967419721,126.75575508658342,119.18824732022023,120.13418579101562,9262000,0.0,0.0
2021-05-06 00:00:00+08:00,122.97200233705583,122.97200233705583,116.35043298044512,117.29637145996094,5555000,0.0,0.0
2021-05-07 00:00:00+08:00,121.0801216891264,128.17466006934865,120.1341832384301,127.22872161865234,5678000,0.0,0.0
2021-05-10 00:00:00+08:00,128.17466983279667,128.6476390941723,122.02606943491342,122.49903869628906,4661000,0.0,0.0
2021-05-11 00:00:00+08:00,116.3504348883108,118.71528112587809,111.62074241317622,112.56668090820312,4972000,0.0,0.0
2021-05-12 00:00:00+08:00,112.5666833388067,113.51262185425885,101.6883904111069,106.89105224609375,8243000,0.0,0.0
2021-05-13 00:00:00+08:00,103.5802643387406,114.93152618408203,101.21541812096113,114.93152618408203,7396000,0.0,0.0
2021-05-14 00:00:00+08:00,117.76934386943948,118.7152823744149,106.89105106222218,109.72886657714844,7833000,0.0,0.0
2021-05-17 00:00:00+08:00,101.21541967147436,113.03965094150641,101.21541967147436,110.6748046875,7860000,0.0,0.0
2021-05-18 00:00:00+08:00,113.98558714331651,117.29637183212652,109.72886397198933,116.35043334960938,7149000,0.0,0.0
2021-05-19 00:00:00+08:00,113.51261845341436,115.87746467119382,111.14777223563489,114.93152618408203,4979000,0.0,0.0
2021-05-20 00:00:00+08:00,113.98558944310898,117.29637419871794,110.6748046875,110.6748046875,3973000,0.0,0.0
2021-05-21 00:00:00+08:00,111.62074129698706,115.40449523925781,111.62074129698706,115.40449523925781,2712000,0.0,0.0
2021-05-24 00:00:00+08:00,112.56667941954078,117.29637183212652,111.14777169576506,116.35043334960938,2965000,0.0,0.0
2021-05-25 00:00:00+08:00,117.76934399074979,127.70169830322266,117.76934399074979,127.70169830322266,11334000,0.0,0.0
2021-05-26 00:00:00+08:00,127.70169810615343,135.74217539431865,122.9720055837033,128.17466735839844,19628000,0.0,0.0
2021-05-27 00:00:00+08:00,128.64762812075406,135.26919721520466,127.7016896786897,130.5395050048828,11403000,0.0,0.0
2021-05-28 00:00:00+08:00,131.95841904495293,134.79623450828527,131.01248055717548,133.8502960205078,5374000,0.0,0.0
2021-05-31 00:00:00+08:00,137.63405036247497,137.63405036247497,131.95841941969252,132.90435791015625,7124000,0.0,0.0
2021-06-01 00:00:00+08:00,135.2692108154297,136.68811862118594,134.32327227825886,135.2692108154297,3381000,0.0,0.0
2021-06-02 00:00:00+08:00,135.7421671362484,136.21513635971968,128.6476287841797,128.6476287841797,6727000,0.0,0.0
2021-06-03 00:00:00+08:00,131.4854513272372,131.95842057661577,128.6476358309659,130.06654357910156,3911000,0.0,0.0
2021-06-04 00:00:00+08:00,128.6476274762835,133.37731966291156,127.70168903895788,132.43138122558594,3732000,0.0,0.0
2021-06-07 00:00:00+08:00,131.4854509374295,132.43138943338224,127.70169695361857,131.01248168945312,3723000,0.0,0.0
2021-06-08 00:00:00+08:00,132.43138188901153,132.43138188901153,130.0665357838506,130.5395050048828,1764000,0.0,0.0
2021-06-09 00:00:00+08:00,130.5395189650515,134.79624240956406,130.5395189650515,133.37733459472656,4764000,0.0,0.0
2021-06-10 00:00:00+08:00,134.79623989183077,145.67453293573288,133.3773321034957,139.05296325683594,26021000,0.0,0.0
2021-06-11 00:00:00+08:00,139.99890178239266,144.25562514739784,138.10702473127924,139.05296325683594,10212000,0.0,0.0
2021-06-15 00:00:00+08:00,140.9448386691264,143.78265421280008,139.52593089728956,142.8367156982422,5512000,0.0,0.0
2021-06-16 00:00:00+08:00,144.25563234271425,148.51235592004025,138.10703161991003,140.4718780517578,11256000,0.0,0.0
2021-06-17 00:00:00+08:00,139.0529616400106,142.8367156982422,137.16108461089482,142.8367156982422,4069000,0.0,0.0
2021-06-18 00:00:00+08:00,144.25562429748126,145.20156281746475,140.47187021754732,140.94483947753906,4270000,0.0,0.0
2021-06-21 00:00:00+08:00,139.05295473436846,142.8367086046914,138.10701626678772,141.4178009033203,2944000,0.0,0.0
2021-06-22 00:00:00+08:00,143.7826630563447,145.20157091545337,139.99890876538825,140.4718780517578,4807000,0.0,0.0
2021-06-23 00:00:00+08:00,142.83670013829283,145.2015461670725,142.36373093253687,143.7826385498047,7037000,0.0,0.0
2021-06-24 00:00:00+08:00,146.14749111163272,150.8771833806176,144.72858343093725,147.0934295654297,13525000,0.0,0.0
2021-06-25 00:00:00+08:00,148.0393758958386,150.8771914082189,145.67452963552168,146.62046813964844,8082000,0.0,0.0
2021-06-28 00:00:00+08:00,148.0393829345703,148.985321483673,145.20156728726226,148.0393829345703,4221000,0.0,0.0
2021-06-29 00:00:00+08:00,148.98529919711027,149.4582684009106,145.6745147705078,145.6745147705078,3653000,0.0,0.0
2021-06-30 00:00:00+08:00,150.8771833806176,154.6609371958055,146.14749111163272,147.0934295654297,11560000,0.0,0.0
2021-07-01 00:00:00+08:00,147.5663928222656,148.98530044555665,140.94482391357423,141.89076232910156,4878000,0.0,0.0
2021-07-02 00:00:00+08:00,142.36374999429577,152.76907391414463,142.36374999429577,151.82313537597656,11321000,0.0,0.0
2021-07-05 00:00:00+08:00,155.13390433013254,157.02578121220733,150.4042121249456,152.76905822753906,10209000,0.0,0.0
2021-07-06 00:00:00+08:00,154.18798172139677,155.60688952864888,150.8771968378085,151.82313537597656,4773000,0.0,0.0
2021-07-07 00:00:00+08:00,152.76905631449685,160.80953296262825,152.2960870999009,158.44468688964844,20047000,0.0,0.0
2021-07-08 00:00:00+08:00,159.86361649457146,165.53924784940833,156.5528315375833,160.80955505371094,16782000,0.0,0.0
2021-07-09 00:00:00+08:00,160.80953943799113,166.48517024168495,158.91766250342653,161.75547790527344,14340000,0.0,0.0
2021-07-12 00:00:00+08:00,166.48516486672796,177.83642610764122,163.17438033812826,176.89048767089844,20942000,0.0,0.0
2021-07-13 00:00:00+08:00,178.78237435837423,185.87691302338908,167.9040817386848,171.68783569335938,17809000,0.0,0.0
2021-07-14 00:00:00+08:00,174.05267236067013,179.72830298112677,168.37704174021349,176.89048767089844,10281000,0.0,0.0
2021-07-15 00:00:00+08:00,179.7283189014722,180.20128816173923,172.16081073719968,175.94456481933594,7850000,0.0,0.0
2021-07-16 00:00:00+08:00,174.79208476891677,178.15347101447287,170.95050048828125,170.95050048828125,5837000,2.8,0.0
2021-07-19 00:00:00+08:00,169.99009620287143,176.23267035721415,168.54950216725388,173.83168029785156,5607000,0.0,0.0
2021-07-20 00:00:00+08:00,171.91088594552076,177.19306400529933,166.14850988030778,166.6287078857422,7557000,0.0,0.0
2021-07-21 00:00:00+08:00,169.50990767415365,180.5544625651042,168.5495115966797,180.0742645263672,14123000,0.0,0.0
2021-07-22 00:00:00+08:00,185.35644406518753,187.27723623166617,174.31188910793543,176.23268127441406,18755000,0.0,0.0
2021-07-23 00:00:00+08:00,177.19307548349553,179.1138676296581,166.6287186796015,169.0297088623047,9604000,0.0,0.0
2021-07-26 00:00:00+08:00,171.9109005350462,173.8316927197953,167.58911811936068,170.47030639648438,3357000,0.0,0.0
2021-07-27 00:00:00+08:00,171.43068877363626,173.35148080471342,161.3465306104812,162.78712463378906,6935000,0.0,0.0
2021-07-28 00:00:00+08:00,161.34653542258522,163.74752553304037,147.90099080403647,158.46534729003906,7996000,0.0,0.0
2021-07-29 00:00:00+08:00,160.38613891601562,161.34653495742887,155.10396068824264,160.38613891601562,5198000,0.0,0.0
2021-07-30 00:00:00+08:00,159.9059493367265,165.1881278433451,156.54456301433285,157.5049591064453,5464000,0.0,0.0
2021-08-02 00:00:00+08:00,160.38613627052897,161.346532296101,153.66336409152476,155.1039581298828,4786000,0.0,0.0
2021-08-03 00:00:00+08:00,155.58416748046875,158.4653557671441,154.14357333713107,155.58416748046875,3649000,0.0,0.0
2021-08-04 00:00:00+08:00,158.46534337161893,161.34653143292107,157.02474934096784,158.94554138183594,8063000,0.0,0.0
2021-08-05 00:00:00+08:00,159.42573981328843,159.9059378247742,155.10395770991613,157.02474975585938,5268000,0.0,0.0
2021-08-06 00:00:00+08:00,156.5445596078726,159.42574782151442,155.10396550105168,156.06436157226562,3590000,0.0,0.0
2021-08-09 00:00:00+08:00,156.0643626312352,157.0247587089659,152.2227783203125,152.2227783203125,2748000,0.0,0.0
2021-08-10 00:00:00+08:00,151.74256976239093,153.66336178469967,145.01979768431033,147.90098571777344,4449000,0.0,0.0
2021-08-11 00:00:00+08:00,148.86138213308234,150.3019761537251,143.0990060505114,145.98019409179688,2677000,0.0,0.0
2021-08-12 00:00:00+08:00,145.9801975709996,147.90098964430223,145.49999955267393,147.42079162597656,1112000,0.0,0.0
2021-08-13 00:00:00+08:00,146.94059963884024,147.9009957149111,139.25743103027344,139.25743103027344,3811000,0.0,0.0
2021-08-16 00:00:00+08:00,137.33663454217427,141.65841674804688,132.5346543134269,141.65841674804688,4305000,0.0,0.0
2021-08-17 00:00:00+08:00,141.65841674804688,141.65841674804688,141.65841674804688,141.65841674804688,0,0.0,0.0
2021-08-18 00:00:00+08:00,136.8564323425293,144.0594024658203,131.0940562438965,144.0594024658203,4162000,0.0,0.0
2021-08-19 00:00:00+08:00,141.1782271969277,142.13862330030818,137.33664278340586,138.77723693847656,2470000,0.0,0.0
2021-08-20 00:00:00+08:00,140.2178271063443,141.17822318241514,134.9356486879546,139.25743103027344,2801000,0.0,0.0
2021-08-23 00:00:00+08:00,143.09901280556954,151.7425773374496,141.178220687374,148.86138916015625,4744000,0.0,0.0
2021-08-24 00:00:00+08:00,150.7821870026765,157.02476162380643,147.90099871600117,155.58416748046875,6692000,0.0,0.0
2021-08-25 00:00:00+08:00,156.5445614085478,165.18812614889706,154.62376924402574,163.267333984375,11717000,0.0,0.0
2021-08-26 00:00:00+08:00,166.14851822391634,166.62871625346523,159.42574581023186,163.74752807617188,5374000,0.0,0.0
2021-08-27 00:00:00+08:00,164.22772610572076,166.14851822391634,161.3465379284274,163.74752807617188,3240000,0.0,0.0
2021-08-30 00:00:00+08:00,163.74753313179477,166.1485233536686,157.9851565992976,159.42575073242188,3542000,0.0,0.0
2021-08-31 00:00:00+08:00,159.42574629514792,162.78713251221427,157.98515220211948,161.8267364501953,2614000,0.0,0.0
2021-09-01 00:00:00+08:00,160.386137172154,168.06930541992188,160.386137172154,168.06930541992188,7696000,0.0,0.0
2021-09-02 00:00:00+08:00,168.06930541992188,170.47029549734933,165.66831534249442,168.06930541992188,6135000,0.0,0.0
2021-09-03 00:00:00+08:00,171.91089761668238,173.35149173078867,165.66832312222186,167.10891723632812,8494000,0.0,0.0
2021-09-06 00:00:00+08:00,167.58911580817644,169.99010600600133,163.26733345209166,165.18812561035156,3975000,0.0,0.0
2021-09-07 00:00:00+08:00,166.1485156434955,166.1485156434955,156.54455520167497,158.46534729003906,4682000,0.0,0.0
2021-09-08 00:00:00+08:00,157.0247610603891,160.86634542883897,154.6237708301079,157.5049591064453,5383000,0.0,0.0
2021-09-09 00:00:00+08:00,157.02475322376597,160.8663374004942,156.06435717958394,158.46534729003906,2327000,0.0,0.0
2021-09-10 00:00:00+08:00,158.4653437903168,158.94554180180262,155.58415572140194,157.02474975585938,2879000,0.0,0.0
2021-09-13 00:00:00+08:00,157.0247551498899,158.46534923383385,149.34158670218886,150.7821807861328,4399000,0.0,0.0
2021-09-14 00:00:00+08:00,152.70296848978742,154.62376054626273,149.82178040507443,153.18316650390625,3306000,0.0,0.0
2021-09-15 00:00:00+08:00,152.70296661376955,152.70296661376955,140.2178184000651,144.0594024658203,10429000,0.0,0.0
2021-09-16 00:00:00+08:00,144.0594155070691,145.98020771383003,138.29703888678634,138.77723693847656,11009000,0.0,0.0
2021-09-17 00:00:00+08:00,138.77723526558609,145.01980986230794,137.8168391737827,144.53961181640625,5049000,0.0,0.0
2021-09-22 00:00:00+08:00,139.25742618216321,147.9009905658837,139.25742618216321,143.57920837402344,4567000,0.0,0.0
2021-09-23 00:00:00+08:00,145.98019449869793,146.94059051513673,142.61880844116212,144.0594024658203,2491000,0.0,0.0
2021-09-24 00:00:00+08:00,145.01980986230794,146.46040400001297,143.5792157246029,144.53961181640625,2358000,0.0,0.0
2021-09-27 00:00:00+08:00,145.50000045929465,146.46039650193026,142.61881233138783,143.57920837402344,1674000,0.0,0.0
2021-09-28 00:00:00+08:00,142.6188088494378,143.57920486862594,139.25742278227935,142.13861083984375,1759000,0.0,0.0
2021-09-29 00:00:00+08:00,136.37623243230092,138.77722243991187,132.53464842012343,134.93563842773438,5298000,0.0,0.0
2021-09-30 00:00:00+08:00,135.41584336549977,137.81683349609375,133.4950512610246,137.81683349609375,2821000,0.0,0.0
2021-10-01 00:00:00+08:00,134.45544120592947,135.41583721454327,128.6930651542468,131.09405517578125,4035000,0.0,0.0
2021-10-04 00:00:00+08:00,131.57425805294153,133.97524816339666,125.8118817878492,126.77227783203125,3669000,0.0,0.0
2021-10-05 00:00:00+08:00,123.8910847467636,134.4554408104411,123.8910847467636,133.0148468017578,5353000,0.0,0.0
2021-10-06 00:00:00+08:00,134.45544877485796,136.37624090021308,129.65346846147017,132.05445861816406,4912000,0.0,0.0
2021-10-07 00:00:00+08:00,134.45544778668838,138.7772300369748,133.49505173106917,135.8960418701172,4119000,0.0,0.0
2021-10-08 00:00:00+08:00,137.33663198981486,140.6980180874677,134.93564192006286,136.37623596191406,4467000,0.0,0.0
2021-10-12 00:00:00+08:00,134.9356392102364,134.9356392102364,129.65346116286057,131.09405517578125,2471000,0.0,0.0
2021-10-13 00:00:00+08:00,132.05445964684645,133.97525178716424,126.7722812609726,128.21287536621094,1978000,0.0,0.0
2021-10-14 00:00:00+08:00,130.13366306529326,132.53465315874885,127.73267297183766,130.61386108398438,1852000,0.0,0.0
2021-10-15 00:00:00+08:00,133.49504830496653,134.93564235142298,133.01485028948102,134.4554443359375,1510000,0.0,0.0
2021-10-18 00:00:00+08:00,134.4554522397707,135.89604637091108,132.53466006491684,133.49505615234375,1170000,0.0,0.0
2021-10-19 00:00:00+08:00,134.93564920492105,137.81683744417205,133.97525312517072,137.33663940429688,2232000,0.0,0.0
2021-10-20 00:00:00+08:00,138.29703152221254,139.25742757445013,136.37623941773737,137.81683349609375,1704000,0.0,0.0
2021-10-21 00:00:00+08:00,138.77722954833132,144.05940783563807,136.85643744385615,137.81683349609375,4517000,0.0,0.0
2021-10-22 00:00:00+08:00,137.33663242885044,137.33663242885044,130.61386021205357,134.4554443359375,4408000,0.0,0.0
2021-10-25 00:00:00+08:00,133.49505508529558,137.33663940429688,132.05446096567007,137.33663940429688,2789000,0.0,0.0
2021-10-26 00:00:00+08:00,138.7772319716895,144.0594103512348,138.2970339371854,143.09901428222656,6464000,0.0,0.0
2021-10-27 00:00:00+08:00,144.05940383580446,156.06435415545482,143.57920582301844,155.1039581298828,17907000,0.0,0.0
2021-10-28 00:00:00+08:00,152.2227783203125,155.5841645923699,151.26238224258182,152.2227783203125,6914000,0.0,0.0
2021-10-29 00:00:00+08:00,154.62376054626273,160.38613671568868,152.2227704756686,153.18316650390625,12616000,0.0,0.0
2021-11-01 00:00:00+08:00,156.54455613793795,156.54455613793795,152.22277391327094,154.62376403808594,4589000,0.0,0.0
2021-11-02 00:00:00+08:00,156.0643518125856,159.4257378516259,145.9801936954647,147.90098571777344,7427000,0.0,0.0
2021-11-03 00:00:00+08:00,155.58416157384073,155.58416157384073,148.38119113060736,148.86138916015625,4154000,0.0,0.0
2021-11-04 00:00:00+08:00,146.94059051513673,151.26237258911132,143.0990064493815,144.0594024658203,6531000,0.0,0.0
2021-11-05 00:00:00+08:00,145.49999608491598,145.98019409179688,141.65841202986869,145.98019409179688,2501000,0.0,0.0
2021-11-08 00:00:00+08:00,145.98020248925124,146.46040052375537,143.09901428222656,143.09901428222656,2250000,0.0,0.0
2021-11-09 00:00:00+08:00,145.01981042932582,145.01981042932582,141.65842409487124,142.6188201904297,2750000,0.0,0.0
2021-11-10 00:00:00+08:00,142.61881188118812,146.46039603960395,142.61881188118812,145.5,2752000,0.0,0.0
2021-11-11 00:00:00+08:00,144.53960047403973,145.98019449869793,144.0594024658203,144.0594024658203,1417000,0.0,0.0
2021-11-12 00:00:00+08:00,145.50000735423603,148.38119561867637,144.53961126608928,146.4604034423828,2581000,0.0,0.0
2021-11-15 00:00:00+08:00,147.9009900990099,148.38118811881188,145.5,145.5,2964000,0.0,0.0
2021-11-16 00:00:00+08:00,146.4604028991897,149.34159115294423,145.98020485689725,148.38119506835938,5362000,0.0,0.0
2021-11-17 00:00:00+08:00,149.34158281598772,151.74257289341517,148.38118678501675,151.2623748779297,6098000,0.0,0.0
2021-11-18 00:00:00+08:00,150.78217335236377,153.18316337389822,148.86138133513623,149.82177734375,3351000,0.0,0.0
2021-11-19 00:00:00+08:00,151.26237135667068,154.14355938251202,149.34157933944311,149.82177734375,4366000,0.0,0.0
2021-11-22 00:00:00+08:00,150.30197534805689,151.74256936097757,147.90098532652243,149.82177734375,2509000,0.0,0.0
2021-11-23 00:00:00+08:00,149.8217862362893,151.7425783675238,144.5396078753945,145.01980590820312,4490000,0.0,0.0
2021-11-24 00:00:00+08:00,144.53960838573892,146.46040052375537,142.13861821321834,143.09901428222656,4559000,0.0,0.0
2021-11-25 00:00:00+08:00,144.5396008878141,146.94059093578443,142.13861083984375,142.13861083984375,2533000,0.0,0.0
2021-11-26 00:00:00+08:00,142.138619258486,142.138619258486,136.3762428020609,139.25743103027344,4086000,0.0,0.0
2021-11-29 00:00:00+08:00,136.37624229379253,144.0594108737245,136.37624229379253,141.17822265625,4164000,0.0,0.0
2021-11-30 00:00:00+08:00,144.0594108737245,145.50000498246175,141.17822265625,141.17822265625,2742000,0.0,0.0
2021-12-01 00:00:00+08:00,140.69802856445312,141.17822661416116,138.29703831591297,140.69802856445312,1331000,0.0,0.0
2021-12-02 00:00:00+08:00,141.17821523587997,141.65841324688637,137.33663114782883,140.2178192138672,2010000,0.0,0.0
2021-12-03 00:00:00+08:00,138.2970271698416,142.13861125789276,138.2970271698416,140.2178192138672,1909000,0.0,0.0
2021-12-06 00:00:00+08:00,139.25742361280655,140.21781963772244,138.29702758789062,138.29702758789062,1216000,0.0,0.0
2021-12-07 00:00:00+08:00,140.2178192138672,141.65841324688637,138.777225180848,140.2178192138672,1321000,0.0,0.0
2021-12-08 00:00:00+08:00,141.65842122045058,142.61881729652143,139.25743103027344,139.25743103027344,2244000,0.0,0.0
2021-12-09 00:00:00+08:00,140.6980176501804,141.6584136750963,137.81682957543268,138.29702758789062,1601000,0.0,0.0
2021-12-10 00:00:00+08:00,138.29703200916518,138.7772300369748,135.8960418701172,135.8960418701172,1565000,0.0,0.0
2021-12-13 00:00:00+08:00,137.33663156297473,142.13861168755426,137.33663156297473,138.29702758789062,2966000,0.0,0.0
2021-12-14 00:00:00+08:00,137.33663645098287,137.81683448053175,133.49505221459174,133.97525024414062,2557000,0.0,0.0
2021-12-15 00:00:00+08:00,135.41584036690847,135.41584036690847,133.49504830496653,134.4554443359375,1530000,0.0,0.0
2021-12-16 00:00:00+08:00,135.896034053334,137.81682605408787,134.45544005276864,136.85643005371094,2175000,0.0,0.0
2021-12-17 00:00:00+08:00,133.0148546808416,133.4950527121804,129.65346846147017,132.05445861816406,7068000,0.0,0.0
2021-12-20 00:00:00+08:00,131.09406357668757,131.574261611767,127.7326773311315,128.21287536621094,2770000,0.0,0.0
2021-12-21 00:00:00+08:00,129.65346846147017,132.05445861816406,128.69307239879262,132.05445861816406,2296000,0.0,0.0
2021-12-22 00:00:00+08:00,132.53465615549396,134.4554482736895,131.09406206684727,133.97525024414062,3428000,0.0,0.0
2021-12-23 00:00:00+08:00,134.45545169478612,136.3762438618545,132.53465952771776,135.4158477783203,3939000,0.0,0.0
2021-12-24 00:00:00+08:00,136.37623989792678,137.336635953546,135.8960418701172,135.8960418701172,1678000,0.0,0.0
2021-12-27 00:00:00+08:00,135.896034053334,137.3366280538994,133.97524205258017,136.85643005371094,1297000,0.0,0.0
2021-12-28 00:00:00+08:00,139.25743156379752,141.1782237232982,136.85644136442173,137.33663940429688,3113000,0.0,0.0
2021-12-29 00:00:00+08:00,136.85643397586446,137.33663198981486,134.93564192006286,136.37623596191406,1579000,0.0,0.0
2021-12-30 00:00:00+08:00,135.89603794796366,137.81683000376526,135.41583993401326,136.37623596191406,1301000,0.0,0.0
2022-01-03 00:00:00+08:00,136.85643744385615,139.25742757445013,136.85643744385615,137.81683349609375,2542000,0.0,0.0
2022-01-04 00:00:00+08:00,139.2574349901668,139.2574349901668,137.81684083509612,138.77723693847656,1997000,0.0,0.0
2022-01-05 00:00:00+08:00,135.41583681622998,136.85643082491328,132.53464879886337,133.0148468017578,4155000,0.0,0.0
2022-01-06 00:00:00+08:00,131.0940591026755,132.0544551400577,129.65346504660212,130.61386108398438,1749000,0.0,0.0
2022-01-07 00:00:00+08:00,124.37129185117524,127.2524800793878,123.89109381313982,125.3316879272461,6265000,0.0,0.0
2022-01-10 00:00:00+08:00,123.89109381313982,125.81188596528152,121.97030166099812,125.3316879272461,1950000,0.0,0.0
2022-01-11 00:00:00+08:00,123.891087323071,124.85148334883124,120.52970123291016,120.52970123291016,2530000,0.0,0.0
2022-01-12 00:00:00+08:00,121.00990474925322,122.93069688813026,113.80693422846434,114.2871322631836,7993000,0.0,0.0
2022-01-13 00:00:00+08:00,111.88613824565041,116.68811842786718,110.44554419098539,114.76732635498047,4093000,0.0,0.0
2022-01-14 00:00:00+08:00,112.36633914854468,119.08911157623538,112.36633914854468,118.12871551513672,2464000,0.0,0.0
2022-01-17 00:00:00+08:00,117.16831535124875,119.56930541992188,116.20791932377949,119.56930541992188,1176000,0.0,0.0
2022-01-18 00:00:00+08:00,119.56930985997936,121.0099039546779,116.20792363901607,117.16831970214844,1993000,0.0,0.0
2022-01-19 00:00:00+08:00,114.2871283367588,117.64851446431052,113.32673230031544,114.76732635498047,1768000,0.0,0.0
2022-01-20 00:00:00+08:00,114.76732591542688,117.16831599733958,114.28712789904434,116.68811798095703,1408000,0.0,0.0
2022-01-21 00:00:00+08:00,114.2871327848516,115.72772689558502,111.88614260029588,112.36634063720703,2340000,0.0,0.0
2022-01-24 00:00:00+08:00,112.36633648449862,115.24752459948576,108.52475233118243,113.80693054199219,2793000,0.0,0.0
2022-01-25 00:00:00+08:00,113.32673297931197,114.28712902150953,110.92574287381807,111.88613891601562,1002000,0.0,0.0
2022-01-26 00:00:00+08:00,111.88613891601562,113.32673297931197,109.96534683162051,111.88613891601562,1213000,0.0,0.0
2022-02-07 00:00:00+08:00,113.80693528548531,114.28713332466457,107.56436077615489,110.44554901123047,3505000,0.0,0.0
2022-02-08 00:00:00+08:00,109.96535071011247,113.80693501439588,109.48515267207705,111.40594482421875,1666000,0.0,0.0
2022-02-09 00:00:00+08:00,109.48514926693846,110.44554531313968,106.1237631052342,109.96534729003906,5519000,0.0,0.0
2022-02-10 00:00:00+08:00,109.48515216374801,113.32673645019531,109.0049541279421,113.32673645019531,2569000,0.0,0.0
2022-02-11 00:00:00+08:00,110.44554554943471,112.36633764594663,108.52475345292281,109.00495147705078,4319000,0.0,0.0
2022-02-14 00:00:00+08:00,106.12376453030494,106.60396255985383,103.72277438256049,104.20297241210938,4270000,0.0,0.0
2022-02-15 00:00:00+08:00,104.68317069120185,106.6039628139762,102.76237856842751,103.2425765991211,3542000,0.0,0.0
2022-02-16 00:00:00+08:00,105.16336451539206,106.60395854984948,103.72277048093463,104.68316650390625,2076000,0.0,0.0
2022-02-17 00:00:00+08:00,104.20297169364622,108.04455590355023,104.20297169364622,107.08415985107422,2012000,0.0,0.0
2022-02-18 00:00:00+08:00,104.20296828530051,106.12376032742587,103.72277027476918,105.64356231689453,2081000,0.0,0.0
2022-02-21 00:00:00+08:00,105.16336822509766,105.64356625352276,104.20297216824746,105.16336822509766,782000,0.0,0.0
2022-02-22 00:00:00+08:00,104.20297343422922,104.68317146848834,98.9207950573789,100.36138916015625,2703000,0.0,0.0
2022-02-23 00:00:00+08:00,99.88118659125435,104.20296870337593,99.88118659125435,103.72277069091797,1429000,0.0,0.0
2022-02-24 00:00:00+08:00,101.32178217821782,101.8019801980198,96.03960396039604,97.0,3262000,0.0,0.0
2022-02-25 00:00:00+08:00,98.44059779726226,99.88119191136853,97.00000368315598,97.4802017211914,1758000,0.0,0.0
2022-03-01 00:00:00+08:00,98.92079456311436,102.76237881799258,98.44059653125458,102.28218078613281,2018000,0.0,0.0
2022-03-02 00:00:00+08:00,101.32178083758488,102.76237487792969,99.88118679724008,102.76237487792969,1125000,0.0,0.0
2022-03-03 00:00:00+08:00,105.16336430636319,107.56435435901989,104.20296828530051,105.64356231689453,5203000,0.0,0.0
2022-03-04 00:00:00+08:00,104.20296913722775,104.20296913722775,100.84158303602686,101.8019790649414,2162000,0.0,0.0
2022-03-07 00:00:00+08:00,101.80198406351023,101.80198406351023,96.03960760708513,97.4802017211914,2379000,0.0,0.0
2022-03-08 00:00:00+08:00,95.75148705694036,99.40099512277925,95.36733448347577,95.65544891357422,2211000,0.0,0.0
2022-03-09 00:00:00+08:00,97.48020198689171,97.96040002623602,96.03960786885884,96.51980590820312,939000,0.0,0.0
2022-03-10 00:00:00+08:00,98.44059360837473,100.36138567878204,97.9603955907729,98.92079162597656,1216000,0.0,0.0
2022-03-11 00:00:00+08:00,97.4802001278817,97.4802001278817,93.15841785620222,94.3108901977539,5308000,0.0,0.0
2022-03-14 00:00:00+08:00,94.59900822553396,95.0792062368311,91.52574388412842,93.8306884765625,3906000,0.0,0.0
2022-03-15 00:00:00+08:00,93.83068792832228,93.83068792832228,89.79702758789062,89.79702758789062,2992000,0.0,0.0
2022-03-16 00:00:00+08:00,91.71782244468221,94.59901058430574,90.75742639814104,94.11881256103516,3118000,0.0,0.0
2022-03-17 00:00:00+08:00,96.51980564512056,98.44059779726226,94.69505163513783,97.4802017211914,3141000,0.0,0.0
2022-03-18 00:00:00+08:00,96.5198053871713,98.44059753417969,96.0396073504192,98.44059753417969,1442000,0.0,0.0
2022-03-21 00:00:00+08:00,100.36138994940396,101.32178602547481,96.51980564512056,97.4802017211914,3644000,0.0,0.0
2022-03-22 00:00:00+08:00,97.00000368315598,97.96039975922683,96.51980564512056,97.4802017211914,1342000,0.0,0.0
2022-03-23 00:00:00+08:00,98.44059779726226,99.88119191136853,97.4802017211914,97.4802017211914,1439000,0.0,0.0
2022-03-24 00:00:00+08:00,96.99999977560604,97.96039581298828,95.84752746164347,97.96039581298828,1181000,0.0,0.0
2022-03-25 00:00:00+08:00,98.44059360837473,98.92079162597656,96.99999955556925,98.92079162597656,1708000,0.0,0.0
2022-03-28 00:00:00+08:00,97.00000368315598,97.96039975922683,96.03960760708513,97.4802017211914,1309000,0.0,0.0
2022-03-29 00:00:00+08:00,97.48019757317107,99.40098964357838,97.48019757317107,98.92079162597656,1407000,0.0,0.0
2022-03-30 00:00:00+08:00,98.92079583529768,98.92079583529768,96.51980564512056,97.4802017211914,1644000,0.0,0.0
2022-03-31 00:00:00+08:00,97.00000394754743,97.96040002623602,96.03960786885884,96.51980590820312,928000,0.0,0.0
2022-04-01 00:00:00+08:00,96.03960304292369,96.03960304292369,93.73465110444548,94.88713073730469,1390000,0.0,0.0
2022-04-06 00:00:00+08:00,94.11881556753119,95.75148596790845,93.92673928298348,94.50297546386719,1137000,0.0,0.0
2022-04-07 00:00:00+08:00,93.2544527537986,93.63861263003653,90.46930281012384,91.90989685058594,3523000,0.0,0.0
2022-04-08 00:00:00+08:00,92.10197936256017,94.50296940158812,91.42969775528827,93.73464965820312,1541000,0.0,0.0
2022-04-11 00:00:00+08:00,93.92673700393276,94.1188132838199,91.23762512207031,91.23762512207031,1809000,0.0,0.0
2022-04-12 00:00:00+08:00,91.23762148306209,94.31088580212182,89.89306559575842,93.73464965820312,2020000,0.0,0.0
2022-04-13 00:00:00+08:00,94.11881256103516,94.59901058430574,93.15841651449398,94.11881256103516,1243000,0.0,0.0
2022-04-14 00:00:00+08:00,94.69504735409431,94.79108549191152,93.35049144293268,93.9267349243164,701000,0.0,0.0
2022-04-15 00:00:00+08:00,93.92674037797644,93.92674037797644,90.66139221191406,90.66139221191406,922000,0.0,0.0
2022-04-18 00:00:00+08:00,89.60495173140517,89.60495173140517,87.20396167780095,87.87623596191406,1231000,0.0,0.0
2022-04-19 00:00:00+08:00,88.644555021588,89.31682930048052,87.78019714355469,87.78019714355469,482000,0.0,0.0
2022-04-20 00:00:00+08:00,88.35643487650611,88.5485111518633,86.53168095165196,87.01187896728516,1138000,0.0,0.0
2022-04-21 00:00:00+08:00,87.39604071386493,89.60495456390274,87.20396443440096,89.22079467773438,1236000,0.0,0.0
2022-04-22 00:00:00+08:00,88.4524753363227,90.94950361772158,88.4524753363227,90.27722930908203,2151000,0.0,0.0
2022-04-25 00:00:00+08:00,88.26040021853497,89.79703246369556,87.6841640425048,88.45247650146484,1408000,0.0,0.0
2022-04-26 00:00:00+08:00,90.27722890884539,90.27722890884539,85.85940853407338,86.24356842041016,2627000,0.0,0.0
2022-04-27 00:00:00+08:00,82.97822423514242,83.17030052362043,79.04060170341758,79.80891418457031,3078000,0.0,0.0
2022-04-28 00:00:00+08:00,80.67327050313355,82.30594090384835,80.09703432213072,80.57723236083984,1318000,0.0,0.0
2022-04-29 00:00:00+08:00,81.05743107883401,82.97822324976732,80.28911127956442,80.67327117919922,1520000,0.0,0.0
2022-05-03 00:00:00+08:00,80.57722955841224,82.78613606330545,80.09703153640412,82.20989990234375,1383000,0.0,0.0
2022-05-04 00:00:00+08:00,82.20989806728551,83.17029408986417,80.38514415893802,80.96138763427734,1830000,0.0,0.0
2022-05-05 00:00:00+08:00,80.67326569021154,82.11385972039389,79.23267166002918,81.92178344726562,4111000,0.0,0.0
2022-05-06 00:00:00+08:00,77.60000032891001,79.13663247530387,77.60000032891001,78.8485107421875,2547000,0.0,0.0
2022-05-09 00:00:00+08:00,78.27227430343628,78.36831243836059,76.83168029785156,76.83168029785156,1398000,0.0,0.0
2022-05-10 00:00:00+08:00,75.19901189761282,79.42474855757742,75.00692829573431,79.04059600830078,1746000,0.0,0.0
2022-05-11 00:00:00+08:00,78.56039845187442,80.57722865628034,78.27227671099918,80.09703063964844,1023000,0.0,0.0
2022-05-12 00:00:00+08:00,79.23267250079157,81.34554083658325,78.0802001953125,78.0802001953125,1524000,0.0,0.0
2022-05-13 00:00:00+08:00,78.27227803777444,80.57723002212632,78.27227803777444,80.28910827636719,926000,0.0,0.0
2022-05-16 00:00:00+08:00,81.44159154203386,81.72970597332318,78.75247955322266,78.75247955322266,1094000,0.0,0.0
2022-05-17 00:00:00+08:00,78.84851464314157,86.33960680238121,78.84851464314157,85.28317260742188,4034000,0.0,0.0
2022-05-18 00:00:00+08:00,86.05148668263428,86.91584461385554,83.7465346417911,84.51485443115234,3820000,0.0,0.0
2022-05-19 00:00:00+08:00,80.76930828068726,84.51485443115234,80.76930828068726,84.51485443115234,1374000,0.0,0.0
2022-05-20 00:00:00+08:00,84.70692935570976,86.05148530189761,83.26633526920286,84.3227767944336,1233000,0.0,0.0
2022-05-23 00:00:00+08:00,85.28317234352178,85.3792104832681,82.11386244121049,82.30593872070312,1479000,0.0,0.0
2022-05-24 00:00:00+08:00,82.78613653973154,83.45841817075605,80.19307013686094,80.28910827636719,1198000,0.0,0.0
2022-05-25 00:00:00+08:00,80.67327024150673,82.01782621097995,80.0009959203904,81.53762817382812,950000,0.0,0.0
2022-05-26 00:00:00+08:00,81.5376298032516,82.49802589674754,80.7693099975586,80.7693099975586,644000,0.0,0.0
2022-05-27 00:00:00+08:00,81.7297056592129,85.85941177032117,81.7297056592129,84.7069320678711,2743000,0.0,0.0
2022-05-30 00:00:00+08:00,85.76337241197969,87.10792105492986,85.18712890529754,86.53168487548828,2118000,0.0,0.0
2022-05-31 00:00:00+08:00,86.5316861008292,91.04555211272859,86.05148805662122,90.66139221191406,4667000,0.0,0.0
2022-06-01 00:00:00+08:00,90.66139193937347,93.06238215319564,89.50891224039444,91.62178802490234,3603000,0.0,0.0
2022-06-02 00:00:00+08:00,91.04554976836617,91.62178594112991,89.98910823651876,90.3732681274414,1272000,0.0,0.0
2022-06-06 00:00:00+08:00,91.04554607831885,94.7910847130979,89.98910458928869,92.87029266357422,4181000,0.0,0.0
2022-06-07 00:00:00+08:00,91.62178196776382,91.62178196776382,90.75742408248263,90.85346221923828,1571000,0.0,0.0
2022-06-08 00:00:00+08:00,91.0455486416038,91.42970120053178,89.12475653800237,89.22079467773438,1547000,0.0,0.0
2022-06-09 00:00:00+08:00,88.64455664224246,91.14158485880418,88.54851117729606,89.98910522460938,1251000,0.0,0.0
2022-06-10 00:00:00+08:00,88.64456216387258,89.89307268630247,88.54851669294355,89.70099639892578,989000,0.0,0.0
2022-06-13 00:00:00+08:00,87.7802032469161,87.97227953217187,84.32277882162806,84.61089324951172,2704000,0.0,0.0
2022-06-14 00:00:00+08:00,83.07425646593342,85.28317026239768,82.40198217687397,84.99504852294922,1412000,0.0,0.0
2022-06-15 00:00:00+08:00,84.99505170885023,87.87623990237059,83.3623813300849,87.39604187011719,1929000,0.0,0.0
2022-06-16 00:00:00+08:00,87.8762426752942,88.16436443463407,82.78614044189453,82.78614044189453,1890000,0.0,0.0
2022-06-17 00:00:00+08:00,80.96139014881523,82.1138624808076,79.04059804400102,79.3287124633789,2084000,0.0,0.0
2022-06-20 00:00:00+08:00,79.52079611154178,80.00099413799497,76.35148620605469,76.35148620605469,2535000,0.0,0.0
2022-06-21 00:00:00+08:00,77.31187906859027,80.48118884329187,77.31187906859027,79.90494537353516,1766000,0.0,0.0
2022-06-22 00:00:00+08:00,80.19306773399553,80.19306773399553,76.63960538805587,77.02375793457031,1434000,0.0,0.0
2022-06-23 00:00:00+08:00,77.50395965576172,78.75247747343184,75.87128927318433,77.50395965576172,1068000,0.0,0.0
2022-06-24 00:00:00+08:00,78.36831341656831,79.7128693040117,77.88811540871282,78.94454956054688,715000,0.0,0.0
2022-06-27 00:00:00+08:00,80.28911034633715,82.49802424813177,79.90495045116758,81.53762817382812,1019000,0.0,0.0
2022-06-28 00:00:00+08:00,82.01782179366585,82.20989806728551,80.28910602212818,80.96138763427734,1373000,0.0,0.0
2022-06-29 00:00:00+08:00,80.48119164830202,81.72970211272902,79.3287119958613,81.24950408935547,1053000,0.0,0.0
2022-06-30 00:00:00+08:00,81.6336669921875,81.6336669921875,77.02376286643832,81.6336669921875,1790000,0.0,0.0
2022-07-01 00:00:00+08:00,79.71286966074724,80.000991397646,74.0465316772461,74.0465316772461,1757000,0.0,0.0
2022-07-04 00:00:00+08:00,74.14257019261196,74.8148518063972,68.5722776444438,69.14851379394531,2959000,0.0,0.0
2022-07-05 00:00:00+08:00,71.06931159549316,71.357433357182,66.93960542323711,67.9000015258789,1848000,0.0,0.0
2022-07-06 00:00:00+08:00,68.5,69.30000305175781,66.0999984741211,66.0999984741211,2535000,2.8,0.0
2022-07-07 00:00:00+08:00,68.0,69.80000305175781,65.4000015258789,69.0999984741211,1434000,0.0,0.0
2022-07-08 00:00:00+08:00,69.9000015258789,73.4000015258789,69.5999984741211,72.30000305175781,1729000,0.0,0.0
2022-07-11 00:00:00+08:00,71.80000305175781,72.4000015258789,70.5999984741211,71.4000015258789,847000,0.0,0.0
2022-07-12 00:00:00+08:00,70.19999694824219,70.5999984741211,67.80000305175781,68.5999984741211,929000,0.0,0.0
2022-07-13 00:00:00+08:00,70.80000305175781,71.5,69.30000305175781,69.30000305175781,984000,0.0,0.0
2022-07-14 00:00:00+08:00,69.0999984741211,72.80000305175781,68.4000015258789,72.80000305175781,1291000,0.0,0.0
2022-07-15 00:00:00+08:00,72.19999694824219,74.80000305175781,71.80000305175781,73.5,1151000,0.0,0.0
2022-07-18 00:00:00+08:00,74.4000015258789,75.19999694824219,73.69999694824219,74.30000305175781,676000,0.0,0.0
2022-07-19 00:00:00+08:00,74.0,74.69999694824219,73.5,74.4000015258789,383000,0.0,0.0
2022-07-20 00:00:00+08:00,75.5,76.9000015258789,75.0999984741211,76.4000015258789,1162000,0.0,0.0
2022-07-21 00:00:00+08:00,77.0,79.0999984741211,76.80000305175781,78.69999694824219,995000,0.0,0.0
2022-07-22 00:00:00+08:00,78.69999694824219,79.5,77.4000015258789,77.5999984741211,833000,0.0,0.0
2022-07-25 00:00:00+08:00,77.80000305175781,78.0,76.30000305175781,77.5,477000,0.0,0.0
2022-07-26 00:00:00+08:00,77.69999694824219,77.69999694824219,73.4000015258789,73.69999694824219,1359000,0.0,0.0
2022-07-27 00:00:00+08:00,68.19999694824219,70.9000015258789,67.4000015258789,70.9000015258789,3808000,0.0,0.0
2022-07-28 00:00:00+08:00,71.30000305175781,71.80000305175781,69.69999694824219,70.5,1598000,0.0,0.0
2022-07-29 00:00:00+08:00,71.0999984741211,72.69999694824219,71.0,72.0999984741211,1050000,0.0,0.0
2022-08-01 00:00:00+08:00,71.0999984741211,73.0999984741211,71.0999984741211,72.4000015258789,639000,0.0,0.0
2022-08-02 00:00:00+08:00,71.5999984741211,72.19999694824219,71.0,71.5999984741211,788000,0.0,0.0
2022-08-03 00:00:00+08:00,72.0999984741211,73.19999694824219,71.0,71.30000305175781,796000,0.0,0.0
2022-08-04 00:00:00+08:00,70.5,70.5,67.5,69.19999694824219,2257000,0.0,0.0
2022-08-05 00:00:00+08:00,69.80000305175781,71.80000305175781,69.69999694824219,70.80000305175781,1002000,0.0,0.0
2022-08-08 00:00:00+08:00,70.19999694824219,72.5,70.0999984741211,72.30000305175781,771000,0.0,0.0
2022-08-09 00:00:00+08:00,72.5,72.69999694824219,71.0,71.5999984741211,564000,0.0,0.0
2022-08-10 00:00:00+08:00,71.0,71.5,70.5,70.80000305175781,444000,0.0,0.0
2022-08-11 00:00:00+08:00,71.80000305175781,74.69999694824219,71.80000305175781,73.5,1829000,0.0,0.0
2022-08-12 00:00:00+08:00,72.9000015258789,75.9000015258789,72.9000015258789,75.80000305175781,1034000,0.0,0.0
2022-08-15 00:00:00+08:00,76.0,77.0,75.5999984741211,76.5,789000,0.0,0.0
2022-08-16 00:00:00+08:00,76.5,77.5,76.0,76.0999984741211,732000,0.0,0.0
2022-08-17 00:00:00+08:00,76.0999984741211,77.4000015258789,76.0999984741211,76.80000305175781,872000,0.0,0.0
2022-08-18 00:00:00+08:00,76.69999694824219,76.9000015258789,75.30000305175781,76.5999984741211,565000,0.0,0.0
2022-08-19 00:00:00+08:00,77.4000015258789,77.5999984741211,76.69999694824219,76.69999694824219,590000,0.0,0.0
2022-08-22 00:00:00+08:00,75.80000305175781,76.30000305175781,75.4000015258789,75.9000015258789,345000,0.0,0.0
2022-08-23 00:00:00+08:00,75.5999984741211,82.69999694824219,75.5999984741211,82.0,6111000,0.0,0.0
2022-08-24 00:00:00+08:00,80.0,81.4000015258789,77.0999984741211,77.19999694824219,4906000,0.0,0.0
2022-08-25 00:00:00+08:00,76.69999694824219,78.19999694824219,76.0,77.0,1600000,0.0,0.0
2022-08-26 00:00:00+08:00,77.30000305175781,78.80000305175781,77.19999694824219,77.5999984741211,936000,0.0,0.0
2022-08-29 00:00:00+08:00,74.5,75.4000015258789,74.19999694824219,74.9000015258789,937000,0.0,0.0
2022-08-30 00:00:00+08:00,75.5,76.30000305175781,74.9000015258789,76.19999694824219,448000,0.0,0.0
2022-08-31 00:00:00+08:00,76.0,83.5999984741211,75.69999694824219,82.0,7282000,0.0,0.0
2022-09-01 00:00:00+08:00,81.9000015258789,83.5,79.69999694824219,80.80000305175781,4489000,0.0,0.0
2022-09-02 00:00:00+08:00,80.30000305175781,80.80000305175781,78.5999984741211,80.5,1885000,0.0,0.0
2022-09-05 00:00:00+08:00,79.0,79.69999694824219,77.0,78.0,1790000,0.0,0.0
2022-09-06 00:00:00+08:00,78.0999984741211,78.69999694824219,75.0999984741211,75.5,1477000,0.0,0.0
2022-09-07 00:00:00+08:00,75.0,75.30000305175781,73.4000015258789,74.0999984741211,1033000,0.0,0.0
2022-09-08 00:00:00+08:00,75.5999984741211,75.5999984741211,74.5999984741211,75.0,626000,0.0,0.0
2022-09-12 00:00:00+08:00,76.4000015258789,77.9000015258789,76.0,77.0999984741211,1024000,0.0,0.0
2022-09-13 00:00:00+08:00,77.80000305175781,79.69999694824219,76.19999694824219,76.19999694824219,925000,0.0,0.0
2022-09-14 00:00:00+08:00,74.69999694824219,75.69999694824219,74.19999694824219,75.5999984741211,652000,0.0,0.0
2022-09-15 00:00:00+08:00,75.80000305175781,77.5,75.5,76.5,599000,0.0,0.0
2022-09-16 00:00:00+08:00,76.0,76.5999984741211,74.5,74.5,676000,0.0,0.0
2022-09-19 00:00:00+08:00,74.5,74.5,72.5,72.5999984741211,758000,0.0,0.0
2022-09-20 00:00:00+08:00,73.0999984741211,73.5999984741211,72.19999694824219,72.80000305175781,572000,0.0,0.0
2022-09-21 00:00:00+08:00,72.80000305175781,73.0,71.30000305175781,71.4000015258789,759000,0.0,0.0
2022-09-22 00:00:00+08:00,70.5,71.5,68.19999694824219,71.5,1200000,0.0,0.0
2022-09-23 00:00:00+08:00,71.30000305175781,71.9000015258789,70.19999694824219,70.19999694824219,864000,0.0,0.0
2022-09-26 00:00:00+08:00,68.80000305175781,69.30000305175781,65.5,66.0999984741211,1393000,0.0,0.0
2022-09-27 00:00:00+08:00,66.19999694824219,66.30000305175781,62.79999923706055,63.5,1957000,0.0,0.0
2022-09-28 00:00:00+08:00,63.5,64.0,59.5,59.70000076293945,1547000,0.0,0.0
2022-09-29 00:00:00+08:00,60.20000076293945,61.0,58.70000076293945,60.20000076293945,1404000,0.0,0.0
2022-09-30 00:00:00+08:00,58.29999923706055,61.400001525878906,57.29999923706055,60.900001525878906,1435000,0.0,0.0
2022-10-03 00:00:00+08:00,59.70000076293945,61.900001525878906,59.599998474121094,59.900001525878906,1122000,0.0,0.0
2022-10-04 00:00:00+08:00,61.70000076293945,62.0,60.599998474121094,61.400001525878906,1049000,0.0,0.0
2022-10-05 00:00:00+08:00,62.099998474121094,66.80000305175781,61.79999923706055,65.0,3836000,0.0,0.0
2022-10-06 00:00:00+08:00,64.9000015258789,64.9000015258789,62.29999923706055,63.70000076293945,1876000,0.0,0.0
2022-10-07 00:00:00+08:00,63.0,63.5,62.400001525878906,62.5,630000,0.0,0.0
2022-10-11 00:00:00+08:00,60.5,60.5,58.599998474121094,59.599998474121094,1134000,0.0,0.0
2022-10-12 00:00:00+08:00,59.599998474121094,60.79999923706055,58.70000076293945,58.79999923706055,1119000,0.0,0.0
2022-10-13 00:00:00+08:00,58.70000076293945,59.29999923706055,55.20000076293945,55.20000076293945,1578000,0.0,0.0
2022-10-14 00:00:00+08:00,57.0,59.29999923706055,56.20000076293945,58.70000076293945,1639000,0.0,0.0
2022-10-17 00:00:00+08:00,56.5,60.900001525878906,56.29999923706055,60.5,1726000,0.0,0.0
2022-10-18 00:00:00+08:00,61.70000076293945,61.70000076293945,59.900001525878906,60.599998474121094,1341000,0.0,0.0
2022-10-19 00:00:00+08:00,60.599998474121094,62.20000076293945,60.29999923706055,60.599998474121094,1024000,0.0,0.0
2022-10-20 00:00:00+08:00,60.0,61.70000076293945,59.099998474121094,61.0,1231000,0.0,0.0
2022-10-21 00:00:00+08:00,61.0,61.70000076293945,58.70000076293945,58.70000076293945,901000,0.0,0.0
2022-10-24 00:00:00+08:00,59.900001525878906,61.5,59.900001525878906,60.0,977000,0.0,0.0
2022-10-25 00:00:00+08:00,60.5,61.5,57.900001525878906,58.0,1718000,0.0,0.0
2022-10-26 00:00:00+08:00,58.5,58.900001525878906,57.099998474121094,58.20000076293945,1387000,0.0,0.0
2022-10-27 00:00:00+08:00,58.5,60.5,58.5,60.29999923706055,1273000,0.0,0.0
2022-10-28 00:00:00+08:00,58.79999923706055,58.900001525878906,55.20000076293945,56.20000076293945,3477000,0.0,0.0
2022-10-31 00:00:00+08:00,57.20000076293945,61.79999923706055,56.599998474121094,61.79999923706055,3481000,0.0,0.0
2022-11-01 00:00:00+08:00,61.79999923706055,63.20000076293945,61.0,63.099998474121094,3496000,0.0,0.0
2022-11-02 00:00:00+08:00,62.5,64.0,62.29999923706055,63.29999923706055,1488000,0.0,0.0
2022-11-03 00:00:00+08:00,61.5,63.900001525878906,61.0,63.400001525878906,1458000,0.0,0.0
2022-11-04 00:00:00+08:00,63.0,64.0,62.20000076293945,63.5,999000,0.0,0.0
2022-11-07 00:00:00+08:00,64.69999694824219,64.69999694824219,63.099998474121094,63.599998474121094,1248000,0.0,0.0
2022-11-08 00:00:00+08:00,63.79999923706055,65.4000015258789,62.20000076293945,62.70000076293945,1636000,0.0,0.0
2022-11-09 00:00:00+08:00,63.5,65.0,63.5,64.5,1584000,0.0,0.0
2022-11-10 00:00:00+08:00,64.19999694824219,67.30000305175781,63.900001525878906,66.9000015258789,2780000,0.0,0.0
2022-11-11 00:00:00+08:00,70.0,70.80000305175781,65.19999694824219,65.80000305175781,4693000,0.0,0.0
2022-11-14 00:00:00+08:00,65.9000015258789,67.4000015258789,65.5999984741211,67.19999694824219,1461000,0.0,0.0
2022-11-15 00:00:00+08:00,67.5999984741211,68.9000015258789,66.69999694824219,68.5,1778000,0.0,0.0
2022-11-16 00:00:00+08:00,68.4000015258789,68.5999984741211,67.0,68.5999984741211,1086000,0.0,0.0
2022-11-17 00:00:00+08:00,68.5999984741211,70.80000305175781,68.19999694824219,70.5,1596000,0.0,0.0
2022-11-18 00:00:00+08:00,70.5,71.4000015258789,68.5999984741211,68.80000305175781,1362000,0.0,0.0
2022-11-21 00:00:00+08:00,68.80000305175781,70.0999984741211,67.5999984741211,67.5999984741211,686000,0.0,0.0
2022-11-22 00:00:00+08:00,68.19999694824219,69.30000305175781,67.5,68.69999694824219,1060000,0.0,0.0
2022-11-23 00:00:00+08:00,71.19999694824219,75.5,70.19999694824219,75.5,6972000,0.0,0.0
2022-11-24 00:00:00+08:00,76.69999694824219,82.5,76.0999984741211,81.5,17803000,0.0,0.0
2022-11-25 00:00:00+08:00,80.69999694824219,81.4000015258789,78.5,79.30000305175781,6821000,0.0,0.0
2022-11-28 00:00:00+08:00,79.30000305175781,80.30000305175781,77.80000305175781,78.80000305175781,2733000,0.0,0.0
2022-11-29 00:00:00+08:00,78.5999984741211,78.69999694824219,75.19999694824219,76.4000015258789,3191000,0.0,0.0
2022-11-30 00:00:00+08:00,76.19999694824219,77.5,75.4000015258789,75.4000015258789,2088000,0.0,0.0
2022-12-01 00:00:00+08:00,76.9000015258789,77.5999984741211,75.4000015258789,75.4000015258789,2741000,0.0,0.0
2022-12-02 00:00:00+08:00,75.69999694824219,76.5999984741211,75.4000015258789,76.0999984741211,1831000,0.0,0.0
2022-12-05 00:00:00+08:00,76.5999984741211,77.4000015258789,74.0999984741211,74.5,2867000,0.0,0.0
2022-12-06 00:00:00+08:00,74.5,75.19999694824219,73.0,73.19999694824219,1643000,0.0,0.0
2022-12-07 00:00:00+08:00,73.0,74.0999984741211,71.0999984741211,71.5,1651000,0.0,0.0
2022-12-08 00:00:00+08:00,70.5999984741211,71.4000015258789,70.4000015258789,70.5999984741211,1107000,0.0,0.0
2022-12-09 00:00:00+08:00,71.69999694824219,71.80000305175781,69.80000305175781,69.80000305175781,1192000,0.0,0.0
2022-12-12 00:00:00+08:00,69.5,71.4000015258789,69.0,70.9000015258789,1137000,0.0,0.0
2022-12-13 00:00:00+08:00,71.30000305175781,72.0,71.0,71.0999984741211,945000,0.0,0.0
2022-12-14 00:00:00+08:00,71.69999694824219,73.69999694824219,71.30000305175781,73.5,1234000,0.0,0.0
2022-12-15 00:00:00+08:00,73.30000305175781,73.30000305175781,71.5,71.9000015258789,1490000,0.0,0.0
2022-12-16 00:00:00+08:00,70.30000305175781,71.5999984741211,70.0,71.4000015258789,900000,0.0,0.0
2022-12-19 00:00:00+08:00,70.9000015258789,72.30000305175781,70.19999694824219,71.19999694824219,777000,0.0,0.0
2022-12-20 00:00:00+08:00,71.0999984741211,72.0,67.0999984741211,67.0999984741211,1595000,0.0,0.0
2022-12-21 00:00:00+08:00,67.30000305175781,68.19999694824219,66.5,66.5999984741211,1277000,0.0,0.0
2022-12-22 00:00:00+08:00,67.5999984741211,68.30000305175781,66.69999694824219,67.0,735000,0.0,0.0
2022-12-23 00:00:00+08:00,66.30000305175781,68.19999694824219,65.5999984741211,67.69999694824219,613000,0.0,0.0
2022-12-26 00:00:00+08:00,67.69999694824219,68.0999984741211,67.0,67.0,340000,0.0,0.0
2022-12-27 00:00:00+08:00,67.5,69.5,67.5,68.19999694824219,859000,0.0,0.0
2022-12-28 00:00:00+08:00,67.69999694824219,68.4000015258789,66.69999694824219,66.9000015258789,696000,0.0,0.0
2022-12-29 00:00:00+08:00,66.0999984741211,69.30000305175781,65.9000015258789,69.0999984741211,1022000,0.0,0.0
2022-12-30 00:00:00+08:00,70.0,70.0999984741211,68.0,68.0999984741211,1054000,0.0,0.0
2023-01-03 00:00:00+08:00,68.30000305175781,69.4000015258789,68.19999694824219,69.0999984741211,641000,0.0,0.0
2023-01-04 00:00:00+08:00,69.0999984741211,71.9000015258789,68.5999984741211,70.80000305175781,1618000,0.0,0.0
2023-01-05 00:00:00+08:00,72.0,74.80000305175781,71.0999984741211,71.9000015258789,4025000,0.0,0.0
2023-01-06 00:00:00+08:00,71.19999694824219,73.80000305175781,71.0,73.0999984741211,1955000,0.0,0.0
2023-01-09 00:00:00+08:00,73.5999984741211,77.4000015258789,73.0,75.19999694824219,8706000,0.0,0.0
2023-01-10 00:00:00+08:00,75.19999694824219,75.19999694824219,73.5999984741211,74.19999694824219,3354000,0.0,0.0
2023-01-11 00:00:00+08:00,74.5,74.9000015258789,73.80000305175781,74.0999984741211,1504000,0.0,0.0
2023-01-12 00:00:00+08:00,74.80000305175781,74.80000305175781,72.5,72.5,1373000,0.0,0.0
2023-01-13 00:00:00+08:00,73.30000305175781,73.4000015258789,70.4000015258789,70.5,1777000,0.0,0.0
2023-01-16 00:00:00+08:00,70.9000015258789,71.5999984741211,69.9000015258789,69.9000015258789,1818000,0.0,0.0
2023-01-17 00:00:00+08:00,69.9000015258789,74.19999694824219,69.9000015258789,74.19999694824219,5309000,0.0,0.0
2023-01-30 00:00:00+08:00,77.0,80.30000305175781,75.19999694824219,79.9000015258789,8253000,0.0,0.0
2023-01-31 00:00:00+08:00,79.19999694824219,79.9000015258789,77.5999984741211,79.5,2862000,0.0,0.0
2023-02-01 00:00:00+08:00,79.5,80.19999694824219,77.69999694824219,77.9000015258789,2826000,0.0,0.0
2023-02-02 00:00:00+08:00,78.19999694824219,79.5,77.5999984741211,78.4000015258789,1784000,0.0,0.0
2023-02-03 00:00:00+08:00,77.5999984741211,78.0999984741211,75.5999984741211,75.5999984741211,2435000,0.0,0.0
2023-02-06 00:00:00+08:00,75.5999984741211,77.69999694824219,75.0,76.69999694824219,1886000,0.0,0.0
2023-02-07 00:00:00+08:00,76.5,77.5,76.5,77.30000305175781,936000,0.0,0.0
2023-02-08 00:00:00+08:00,78.5,79.5,77.5,78.80000305175781,2205000,0.0,0.0
2023-02-09 00:00:00+08:00,77.80000305175781,78.5,77.0999984741211,77.30000305175781,1183000,0.0,0.0
2023-02-10 00:00:00+08:00,75.19999694824219,77.30000305175781,75.0,76.30000305175781,1923000,0.0,0.0
2023-02-13 00:00:00+08:00,76.30000305175781,77.30000305175781,75.5,76.30000305175781,901000,0.0,0.0
2023-02-14 00:00:00+08:00,77.0999984741211,77.19999694824219,76.0999984741211,76.19999694824219,788000,0.0,0.0
2023-02-15 00:00:00+08:00,76.19999694824219,77.5999984741211,76.0,76.0999984741211,907000,0.0,0.0
2023-02-16 00:00:00+08:00,76.4000015258789,77.5999984741211,76.4000015258789,77.0999984741211,974000,0.0,0.0
2023-02-17 00:00:00+08:00,76.5,78.0999984741211,76.4000015258789,76.9000015258789,1311000,0.0,0.0
2023-02-20 00:00:00+08:00,76.5999984741211,81.0,76.5999984741211,81.0,4365000,0.0,0.0
2023-02-21 00:00:00+08:00,82.0,83.0999984741211,79.19999694824219,79.19999694824219,5271000,0.0,0.0
2023-02-22 00:00:00+08:00,78.19999694824219,78.5999984741211,77.4000015258789,77.5,1532000,0.0,0.0
2023-02-23 00:00:00+08:00,78.0,78.30000305175781,77.4000015258789,78.0,1258000,0.0,0.0
2023-02-24 00:00:00+08:00,78.5,78.80000305175781,76.5,76.69999694824219,1549000,0.0,0.0
2023-03-01 00:00:00+08:00,76.69999694824219,77.19999694824219,76.4000015258789,77.0999984741211,682000,0.0,0.0
2023-03-02 00:00:00+08:00,77.0999984741211,77.5,76.4000015258789,76.5999984741211,569000,0.0,0.0
2023-03-03 00:00:00+08:00,76.30000305175781,77.5,74.30000305175781,77.5,2535000,0.0,0.0
2023-03-06 00:00:00+08:00,77.5999984741211,79.5,77.5999984741211,79.30000305175781,1706000,0.0,0.0
2023-03-07 00:00:00+08:00,78.69999694824219,79.69999694824219,78.4000015258789,78.5,988000,0.0,0.0
2023-03-08 00:00:00+08:00,78.5,79.5,78.0,78.9000015258789,1119000,0.0,0.0
2023-03-09 00:00:00+08:00,79.69999694824219,79.69999694824219,77.80000305175781,77.80000305175781,816000,0.0,0.0
2023-03-10 00:00:00+08:00,77.5,77.5,75.30000305175781,75.30000305175781,1268000,0.0,0.0
2023-03-13 00:00:00+08:00,75.0,75.5,73.5999984741211,75.5,829000,0.0,0.0
2023-03-14 00:00:00+08:00,74.30000305175781,75.0999984741211,74.0,74.0999984741211,749000,0.0,0.0
2023-03-15 00:00:00+08:00,75.0,75.5,74.0,74.0,987000,0.0,0.0
2023-03-16 00:00:00+08:00,73.5999984741211,74.19999694824219,71.5999984741211,72.0999984741211,1343000,0.0,0.0
2023-03-17 00:00:00+08:00,73.5999984741211,78.0,72.80000305175781,77.0,3552000,0.0,0.0
2023-03-20 00:00:00+08:00,77.0,78.9000015258789,76.5999984741211,77.30000305175781,1566000,0.0,0.0
2023-03-21 00:00:00+08:00,78.30000305175781,78.5,77.0999984741211,78.0,823000,0.0,0.0
2023-03-22 00:00:00+08:00,78.69999694824219,78.9000015258789,77.30000305175781,78.0999984741211,825000,0.0,0.0
2023-03-23 00:00:00+08:00,78.0,79.0,77.80000305175781,78.0999984741211,1172000,0.0,0.0
2023-03-24 00:00:00+08:00,78.19999694824219,81.5,78.19999694824219,80.9000015258789,4637000,0.0,0.0
2023-03-27 00:00:00+08:00,81.9000015258789,83.0,79.80000305175781,82.80000305175781,5685000,0.0,0.0
2023-03-28 00:00:00+08:00,83.5,84.19999694824219,79.30000305175781,82.30000305175781,8017000,0.0,0.0
2023-03-29 00:00:00+08:00,87.4000015258789,90.5,84.5999984741211,85.0999984741211,19120000,0.0,0.0
2023-03-30 00:00:00+08:00,86.4000015258789,88.5999984741211,85.5999984741211,87.80000305175781,9594000,0.0,0.0
2023-03-31 00:00:00+08:00,87.5,87.5999984741211,85.0999984741211,87.19999694824219,4271000,0.0,0.0
2023-04-06 00:00:00+08:00,87.19999694824219,89.5999984741211,85.69999694824219,89.0,3782000,0.0,0.0
2023-04-07 00:00:00+08:00,88.69999694824219,92.0999984741211,88.0999984741211,90.5999984741211,6077000,0.0,0.0
2023-04-10 00:00:00+08:00,90.69999694824219,91.69999694824219,89.9000015258789,91.0,3108000,0.0,0.0
2023-04-11 00:00:00+08:00,90.5999984741211,95.30000305175781,90.5999984741211,93.69999694824219,6676000,0.0,0.0
2023-04-12 00:00:00+08:00,93.69999694824219,94.5,91.5999984741211,93.4000015258789,3402000,0.0,0.0
2023-04-13 00:00:00+08:00,93.4000015258789,93.80000305175781,89.9000015258789,90.4000015258789,3094000,0.0,0.0
2023-04-14 00:00:00+08:00,91.4000015258789,92.0,90.0999984741211,90.4000015258789,2003000,0.0,0.0
2023-04-17 00:00:00+08:00,91.69999694824219,94.0,90.9000015258789,93.9000015258789,4137000,0.0,0.0
2023-04-18 00:00:00+08:00,94.9000015258789,95.0,92.69999694824219,93.0,3629000,0.0,0.0
2023-04-19 00:00:00+08:00,94.5,95.4000015258789,93.30000305175781,94.0999984741211,3981000,0.0,0.0
2023-04-20 00:00:00+08:00,94.19999694824219,94.5999984741211,90.5999984741211,90.5999984741211,3186000,0.0,0.0
2023-04-21 00:00:00+08:00,91.0,93.19999694824219,88.80000305175781,89.0,3791000,0.0,0.0
2023-04-24 00:00:00+08:00,89.0,90.30000305175781,88.19999694824219,88.30000305175781,941000,0.0,0.0
2023-04-25 00:00:00+08:00,89.0,89.0,83.0,83.0,2900000,0.0,0.0
2023-04-26 00:00:00+08:00,83.0,84.0,81.5999984741211,82.0,1945000,0.0,0.0
2023-04-27 00:00:00+08:00,82.0,82.0999984741211,79.5999984741211,79.5999984741211,2261000,0.0,0.0
2023-04-28 00:00:00+08:00,80.80000305175781,84.5,80.5,82.80000305175781,3134000,0.0,0.0
2023-05-02 00:00:00+08:00,83.0999984741211,87.5999984741211,83.0999984741211,84.30000305175781,3430000,0.0,0.0
2023-05-03 00:00:00+08:00,83.5999984741211,84.0,81.80000305175781,82.0999984741211,1916000,0.0,0.0
2023-05-04 00:00:00+08:00,82.0,83.30000305175781,81.0999984741211,81.19999694824219,1756000,0.0,0.0
2023-05-05 00:00:00+08:00,81.19999694824219,82.0,80.0,80.0999984741211,2088000,0.0,0.0
2023-05-08 00:00:00+08:00,80.9000015258789,81.69999694824219,80.9000015258789,81.0,1145000,0.0,0.0
2023-05-09 00:00:00+08:00,81.0,81.30000305175781,78.19999694824219,78.80000305175781,2108000,0.0,0.0
2023-05-10 00:00:00+08:00,78.4000015258789,80.5999984741211,78.0,80.4000015258789,1290000,0.0,0.0
2023-05-11 00:00:00+08:00,80.0999984741211,80.69999694824219,78.5,78.69999694824219,1183000,0.0,0.0
2023-05-12 00:00:00+08:00,78.69999694824219,79.5,78.4000015258789,79.30000305175781,645000,0.0,0.0
2023-05-15 00:00:00+08:00,78.30000305175781,78.4000015258789,75.5,76.80000305175781,2491000,0.0,0.0
2023-05-16 00:00:00+08:00,77.5,79.80000305175781,77.19999694824219,77.19999694824219,1491000,0.0,0.0
2023-05-17 00:00:00+08:00,77.80000305175781,78.0,76.69999694824219,77.4000015258789,1589000,0.0,0.0
2023-05-18 00:00:00+08:00,77.69999694824219,78.80000305175781,77.5,78.0,1287000,0.0,0.0
2023-05-19 00:00:00+08:00,78.19999694824219,78.69999694824219,77.5,78.0,936000,0.0,0.0
2023-05-22 00:00:00+08:00,78.5999984741211,80.30000305175781,78.5,80.19999694824219,1355000,0.0,0.0
2023-05-23 00:00:00+08:00,80.19999694824219,82.69999694824219,79.80000305175781,81.0,1899000,0.0,0.0
2023-05-24 00:00:00+08:00,81.0,81.0999984741211,80.19999694824219,80.69999694824219,731000,0.0,0.0
2023-05-25 00:00:00+08:00,81.5,81.80000305175781,80.0,80.0,803000,0.0,0.0
2023-05-26 00:00:00+08:00,81.30000305175781,81.80000305175781,80.0,81.30000305175781,1312000,0.0,0.0
2023-05-29 00:00:00+08:00,82.30000305175781,83.5999984741211,81.69999694824219,81.69999694824219,1689000,0.0,0.0
2023-05-30 00:00:00+08:00,81.69999694824219,81.80000305175781,80.19999694824219,81.0,768000,0.0,0.0
2023-05-31 00:00:00+08:00,81.19999694824219,84.5,81.19999694824219,82.9000015258789,3285000,0.0,0.0
2023-06-01 00:00:00+08:00,83.30000305175781,85.5999984741211,82.5,84.0999984741211,2350000,0.0,0.0
2023-06-02 00:00:00+08:00,84.30000305175781,88.5999984741211,84.30000305175781,88.0999984741211,6372000,0.0,0.0
2023-06-05 00:00:00+08:00,93.0,93.30000305175781,88.30000305175781,90.0,6388000,0.0,0.0
2023-06-06 00:00:00+08:00,90.69999694824219,90.80000305175781,86.80000305175781,89.5999984741211,4188000,0.0,0.0
2023-06-07 00:00:00+08:00,90.0,95.4000015258789,90.0,93.19999694824219,8092000,0.0,0.0
2023-06-08 00:00:00+08:00,93.19999694824219,94.30000305175781,89.69999694824219,90.0999984741211,3889000,0.0,0.0
2023-06-09 00:00:00+08:00,90.9000015258789,91.80000305175781,90.0,90.30000305175781,1868000,0.0,0.0
2023-06-12 00:00:00+08:00,91.0999984741211,91.30000305175781,88.69999694824219,89.80000305175781,1297000,0.0,0.0
2023-06-13 00:00:00+08:00,91.5,91.5,89.9000015258789,90.69999694824219,1493000,0.0,0.0
2023-06-14 00:00:00+08:00,90.5,90.5,88.5,88.5999984741211,1637000,0.0,0.0
2023-06-15 00:00:00+08:00,89.0,93.0,88.9000015258789,92.0,3568000,0.0,0.0
2023-06-16 00:00:00+08:00,91.80000305175781,91.80000305175781,90.0,90.5,1584000,0.0,0.0
2023-06-19 00:00:00+08:00,90.5,90.5,88.5999984741211,89.30000305175781,1115000,0.0,0.0
2023-06-20 00:00:00+08:00,89.5,89.5,88.19999694824219,88.5,769000,0.0,0.0
2023-06-21 00:00:00+08:00,87.9000015258789,88.0,87.0,87.0999984741211,1721000,0.0,0.0
2023-06-26 00:00:00+08:00,87.0999984741211,87.9000015258789,86.0,86.30000305175781,887000,0.0,0.0
2023-06-27 00:00:00+08:00,86.30000305175781,88.80000305175781,85.5,86.0,1567000,0.0,0.0
2023-06-28 00:00:00+08:00,86.5999984741211,88.30000305175781,86.5999984741211,88.0,1176000,0.0,0.0
2023-06-29 00:00:00+08:00,87.80000305175781,89.0,87.0999984741211,88.5,1327000,0.0,0.0
2023-06-30 00:00:00+08:00,90.0,92.0,89.80000305175781,90.30000305175781,3312000,0.0,0.0
2023-07-03 00:00:00+08:00,90.30000305175781,91.5,88.5,91.30000305175781,2403000,0.0,0.0
2023-07-04 00:00:00+08:00,90.9000015258789,92.80000305175781,90.5,92.19999694824219,2287000,0.0,0.0
2023-07-05 00:00:00+08:00,95.0,100.0,93.80000305175781,93.9000015258789,11064000,0.0,0.0
2023-07-06 00:00:00+08:00,93.80000305175781,102.5,92.0999984741211,101.0,14084000,0.0,0.0
2023-07-07 00:00:00+08:00,101.0,101.5,96.30000305175781,96.4000015258789,9321000,0.0,0.0
2023-07-10 00:00:00+08:00,97.5,100.5,96.4000015258789,99.9000015258789,6771000,0.0,0.0
2023-07-11 00:00:00+08:00,100.5,103.0,99.69999694824219,103.0,7241000,0.0,0.0
2023-07-12 00:00:00+08:00,104.5,104.5,99.19999694824219,99.19999694824219,4362000,0.0,0.0
2023-07-13 00:00:00+08:00,101.0,101.5,97.19999694824219,97.5999984741211,4182000,0.0,0.0
2023-07-14 00:00:00+08:00,99.0,99.19999694824219,97.19999694824219,97.5999984741211,1970000,0.0,0.0
2023-07-17 00:00:00+08:00,99.0,99.0,95.0999984741211,96.5999984741211,2645000,0.0,0.0
2023-07-18 00:00:00+08:00,97.5999984741211,98.30000305175781,94.5999984741211,96.5,2704000,0.0,0.0
2023-07-19 00:00:00+08:00,97.80000305175781,102.0,96.19999694824219,96.19999694824219,5392000,0.0,0.0
2023-07-20 00:00:00+08:00,97.19999694824219,101.0,97.0999984741211,100.0,6441000,0.0,0.0
2023-07-21 00:00:00+08:00,98.5,98.69999694824219,97.19999694824219,97.5,3249000,0.0,0.0
2023-07-24 00:00:00+08:00,100.0,101.5,95.9000015258789,95.9000015258789,5884000,0.0,0.0
2023-07-25 00:00:00+08:00,96.30000305175781,97.19999694824219,95.4000015258789,95.5,1686000,0.0,0.0
2023-07-26 00:00:00+08:00,95.5,97.0,89.80000305175781,90.0,4079000,0.0,0.0
2023-07-27 00:00:00+08:00,90.80000305175781,92.5,90.80000305175781,91.0999984741211,1398000,0.0,0.0
2023-07-28 00:00:00+08:00,91.19999694824219,93.4000015258789,90.19999694824219,91.5999984741211,2734000,0.0,0.0
2023-07-31 00:00:00+08:00,93.0,94.80000305175781,91.5999984741211,92.30000305175781,2717000,0.0,0.0
2023-08-01 00:00:00+08:00,92.5999984741211,93.0999984741211,91.30000305175781,92.5,1306000,0.0,0.0
2023-08-02 00:00:00+08:00,92.5,94.0,90.5,90.5,1813000,0.0,0.0
2023-08-04 00:00:00+08:00,93.9000015258789,99.5,92.5,99.5,11629000,0.0,0.0
2023-08-07 00:00:00+08:00,99.0999984741211,103.0,97.5999984741211,100.0,9857000,0.0,0.0
2023-08-08 00:00:00+08:00,100.5,100.5,97.5999984741211,99.19999694824219,3260000,0.0,0.0
2023-08-09 00:00:00+08:00,99.19999694824219,100.5,94.9000015258789,94.9000015258789,4677000,0.0,0.0
2023-08-10 00:00:00+08:00,95.5999984741211,95.80000305175781,93.4000015258789,93.5999984741211,1809000,0.0,0.0
2023-08-11 00:00:00+08:00,94.9000015258789,94.9000015258789,91.80000305175781,91.80000305175781,1452000,0.0,0.0
2023-08-14 00:00:00+08:00,91.9000015258789,92.69999694824219,89.5,89.5,1656000,0.0,0.0
2023-08-15 00:00:00+08:00,91.0,91.5,87.5,88.0,2113000,0.0,0.0
2023-08-16 00:00:00+08:00,86.5,89.9000015258789,86.5,88.9000015258789,1577000,0.0,0.0
2023-08-17 00:00:00+08:00,88.19999694824219,90.4000015258789,86.9000015258789,89.9000015258789,1541000,0.0,0.0
2023-08-18 00:00:00+08:00,89.4000015258789,90.80000305175781,87.19999694824219,87.5,1266000,0.0,0.0
2023-08-21 00:00:00+08:00,88.30000305175781,88.30000305175781,86.9000015258789,87.5,818000,0.0,0.0
2023-08-22 00:00:00+08:00,88.4000015258789,90.80000305175781,88.19999694824219,90.4000015258789,1876000,0.0,0.0
2023-08-23 00:00:00+08:00,90.5,94.5999984741211,90.5,94.5999984741211,3499000,0.0,0.0
2023-08-24 00:00:00+08:00,95.69999694824219,96.19999694824219,93.5999984741211,94.4000015258789,2603000,0.0,0.0
2023-08-25 00:00:00+08:00,93.5999984741211,95.5,92.5,93.19999694824219,1300000,0.0,0.0
2023-08-28 00:00:00+08:00,93.4000015258789,94.5999984741211,90.5999984741211,90.5999984741211,1658000,0.0,0.0
2023-08-29 00:00:00+08:00,91.5,92.19999694824219,90.4000015258789,91.69999694824219,1000000,0.0,0.0
2023-08-30 00:00:00+08:00,92.69999694824219,97.9000015258789,92.69999694824219,97.69999694824219,7546000,0.0,0.0
2023-08-31 00:00:00+08:00,98.19999694824219,99.19999694824219,96.0,97.0,4210000,0.0,0.0
2023-09-01 00:00:00+08:00,97.80000305175781,102.0,97.80000305175781,100.0,7724000,0.0,0.0
2023-09-04 00:00:00+08:00,99.0,110.0,98.0999984741211,110.0,17795000,0.0,0.0
2023-09-05 00:00:00+08:00,112.0,113.5,110.5,112.0,16766000,0.0,0.0
2023-09-06 00:00:00+08:00,114.5,116.0,111.0,114.0,11653000,0.0,0.0
2023-09-07 00:00:00+08:00,113.5,119.5,113.0,115.0,12817000,0.0,0.0
2023-09-08 00:00:00+08:00,114.5,117.0,113.0,116.5,5008000,0.0,0.0
2023-09-11 00:00:00+08:00,122.0,125.5,116.0,117.5,16361000,0.0,0.0
2023-09-12 00:00:00+08:00,118.5,123.0,115.5,120.5,11886000,0.0,0.0
2023-09-13 00:00:00+08:00,119.5,120.5,117.0,118.0,5776000,0.0,0.0
2023-09-14 00:00:00+08:00,119.0,120.5,116.5,118.0,4904000,0.0,0.0
2023-09-15 00:00:00+08:00,119.0,119.5,116.5,117.0,3199000,0.0,0.0
2023-09-18 00:00:00+08:00,117.0,120.5,117.0,119.0,3810000,0.0,0.0
2023-09-19 00:00:00+08:00,119.0,120.0,112.5,113.5,7451000,0.0,0.0
2023-09-20 00:00:00+08:00,113.0,113.5,110.0,112.5,3659000,0.0,0.0
2023-09-21 00:00:00+08:00,111.5,113.0,109.0,110.5,3078000,0.0,0.0
2023-09-22 00:00:00+08:00,109.5,112.5,108.0,111.5,1727000,0.0,0.0
2023-09-25 00:00:00+08:00,112.5,113.0,110.0,111.0,1693000,0.0,0.0
2023-09-26 00:00:00+08:00,110.5,111.5,108.5,108.5,1493000,0.0,0.0
2023-09-27 00:00:00+08:00,108.0,109.5,106.5,108.0,1271000,0.0,0.0
2023-09-28 00:00:00+08:00,108.5,111.0,107.5,107.5,1322000,0.0,0.0
2023-10-02 00:00:00+08:00,109.0,112.0,109.0,109.5,1269000,0.0,0.0
2023-10-03 00:00:00+08:00,110.0,111.0,108.5,108.5,1136000,0.0,0.0
2023-10-04 00:00:00+08:00,115.0,117.5,108.0,109.0,16858000,0.0,0.0
2023-10-05 00:00:00+08:00,110.0,110.5,106.5,107.5,5493000,0.0,0.0
2023-10-06 00:00:00+08:00,109.5,109.5,107.0,107.5,2145000,0.0,0.0
2023-10-11 00:00:00+08:00,108.0,108.5,104.0,104.5,2716000,0.0,0.0
2023-10-12 00:00:00+08:00,106.0,108.0,105.0,107.5,1239000,0.0,0.0
2023-10-13 00:00:00+08:00,106.5,108.5,106.5,106.5,1227000,0.0,0.0
2023-10-16 00:00:00+08:00,106.0,108.5,105.0,107.5,1282000,0.0,0.0
2023-10-17 00:00:00+08:00,108.0,108.5,104.0,104.5,1558000,0.0,0.0
2023-10-18 00:00:00+08:00,105.0,107.0,103.5,104.5,1658000,0.0,0.0
2023-10-19 00:00:00+08:00,103.5,104.5,101.0,101.5,1518000,0.0,0.0
2023-10-20 00:00:00+08:00,101.5,101.5,97.5999984741211,99.0,2612000,0.0,0.0
2023-10-23 00:00:00+08:00,99.5999984741211,101.0,98.19999694824219,98.80000305175781,1145000,0.0,0.0
2023-10-24 00:00:00+08:00,99.0,100.0,96.80000305175781,97.5,1907000,0.0,0.0
2023-10-25 00:00:00+08:00,98.5999984741211,101.0,98.5999984741211,99.80000305175781,1785000,0.0,0.0
2023-10-26 00:00:00+08:00,97.80000305175781,97.80000305175781,95.5999984741211,96.0,1900000,0.0,0.0
2023-10-27 00:00:00+08:00,96.4000015258789,97.5999984741211,95.30000305175781,95.80000305175781,1505000,0.0,0.0
2023-10-30 00:00:00+08:00,99.5,105.0,99.5,102.5,8399000,0.0,0.0
2023-10-31 00:00:00+08:00,102.5,112.5,101.5,112.5,14123000,0.0,0.0
2023-11-01 00:00:00+08:00,112.0,114.5,111.0,112.5,17845000,0.0,0.0
2023-11-02 00:00:00+08:00,115.0,115.5,110.5,112.0,7189000,0.0,0.0
2023-11-03 00:00:00+08:00,114.5,116.5,110.5,112.0,12492000,0.0,0.0
2023-11-06 00:00:00+08:00,115.0,119.5,113.5,116.5,11642000,0.0,0.0
2023-11-07 00:00:00+08:00,117.0,124.0,116.5,120.0,19158000,0.0,0.0
2023-11-08 00:00:00+08:00,120.5,123.5,119.0,123.0,10612000,0.0,0.0
2023-11-09 00:00:00+08:00,122.5,130.0,121.0,129.5,15601000,0.0,0.0
2023-11-10 00:00:00+08:00,129.0,132.5,127.0,132.0,16132000,0.0,0.0
2023-11-13 00:00:00+08:00,134.0,134.0,128.5,131.0,7737000,0.0,0.0
2023-11-14 00:00:00+08:00,132.0,132.5,127.5,131.0,5225000,0.0,0.0
2023-11-15 00:00:00+08:00,132.5,133.0,128.5,129.0,4485000,0.0,0.0
2023-11-16 00:00:00+08:00,131.0,131.0,127.0,129.5,3814000,0.0,0.0
2023-11-17 00:00:00+08:00,130.5,131.0,127.0,127.0,2913000,0.0,0.0
2023-11-20 00:00:00+08:00,127.0,127.0,122.0,123.0,7491000,0.0,0.0
2023-11-21 00:00:00+08:00,124.0,124.5,121.5,124.0,4956000,0.0,0.0
2023-11-22 00:00:00+08:00,123.0,123.5,121.0,122.5,3644000,0.0,0.0
2023-11-23 00:00:00+08:00,124.5,130.0,123.5,126.5,14270000,0.0,0.0
2023-11-24 00:00:00+08:00,126.5,139.0,126.0,139.0,15404000,0.0,0.0
2023-11-27 00:00:00+08:00,148.0,148.0,125.5,125.5,32971000,0.0,0.0
2023-11-28 00:00:00+08:00,125.5,128.5,123.0,127.5,13112000,0.0,0.0
2023-11-29 00:00:00+08:00,127.5,132.0,127.0,130.5,9366000,0.0,0.0
2023-11-30 00:00:00+08:00,131.5,143.0,131.5,139.0,28074000,0.0,0.0
2023-12-01 00:00:00+08:00,139.0,140.5,135.0,137.5,11958000,0.0,0.0
2023-12-04 00:00:00+08:00,141.0,142.5,136.0,139.5,10041000,0.0,0.0
2023-12-05 00:00:00+08:00,140.0,143.0,133.0,139.0,21009000,0.0,0.0
2023-12-06 00:00:00+08:00,139.0,143.0,136.5,142.0,10977000,0.0,0.0
2023-12-07 00:00:00+08:00,142.5,144.0,137.5,137.5,8892000,0.0,0.0
2023-12-08 00:00:00+08:00,140.0,143.0,139.0,139.0,4749000,0.0,0.0
2023-12-11 00:00:00+08:00,141.5,142.0,138.5,140.5,3769000,0.0,0.0
2023-12-12 00:00:00+08:00,142.5,143.5,137.0,138.0,7227000,0.0,0.0
2023-12-13 00:00:00+08:00,138.0,140.0,135.5,136.0,3589000,0.0,0.0
2023-12-14 00:00:00+08:00,138.0,138.5,134.0,134.0,3957000,0.0,0.0
2023-12-15 00:00:00+08:00,135.0,137.0,134.0,134.5,2229000,0.0,0.0
2023-12-18 00:00:00+08:00,134.5,134.5,127.5,129.5,5396000,0.0,0.0
2023-12-19 00:00:00+08:00,129.5,129.5,122.0,122.5,8062000,0.0,0.0
2023-12-20 00:00:00+08:00,120.0,123.5,119.5,122.0,7668000,0.0,0.0
2023-12-21 00:00:00+08:00,120.0,121.0,119.0,119.0,3190000,0.0,0.0
2023-12-22 00:00:00+08:00,119.5,125.5,119.0,123.5,5803000,0.0,0.0
2023-12-25 00:00:00+08:00,125.5,132.5,124.5,129.5,7696000,0.0,0.0
2023-12-26 00:00:00+08:00,131.5,132.0,128.5,130.0,5800000,0.0,0.0
2023-12-27 00:00:00+08:00,130.0,133.0,129.0,132.0,3102000,0.0,0.0
2023-12-28 00:00:00+08:00,132.5,132.5,128.0,128.0,3457000,0.0,0.0
2023-12-29 00:00:00+08:00,129.0,132.5,129.0,131.0,3753000,0.0,0.0
2024-01-02 00:00:00+08:00,130.0,132.0,128.5,129.0,2515000,0.0,0.0
2024-01-03 00:00:00+08:00,127.0,127.0,120.0,120.0,7469000,0.0,0.0
2024-01-04 00:00:00+08:00,123.5,127.0,116.5,118.5,17286000,0.0,0.0
2024-01-05 00:00:00+08:00,119.0,121.0,116.0,117.0,7843000,0.0,0.0
2024-01-08 00:00:00+08:00,120.5,121.0,117.0,117.0,4217000,0.0,0.0
2024-01-09 00:00:00+08:00,119.0,119.5,116.5,117.0,2829000,0.0,0.0
2024-01-10 00:00:00+08:00,116.0,116.5,115.0,115.5,2618000,0.0,0.0
2024-01-11 00:00:00+08:00,116.0,116.5,114.0,114.5,3509000,0.0,0.0
2024-01-12 00:00:00+08:00,115.0,115.5,113.0,113.5,3250000,0.0,0.0
2024-01-15 00:00:00+08:00,114.0,116.5,113.5,116.5,2072539,0.0,0.0
2024-01-16 00:00:00+08:00,115.5,117.0,114.0,116.5,2691000,0.0,0.0
2024-01-17 00:00:00+08:00,117.0,120.0,116.0,116.5,4049000,0.0,0.0
2024-01-18 00:00:00+08:00,117.5,118.0,112.0,113.0,3643000,0.0,0.0
2024-01-19 00:00:00+08:00,114.5,116.5,112.0,115.0,4689000,0.0,0.0
2024-01-22 00:00:00+08:00,115.5,119.0,115.5,118.5,3827000,0.0,0.0
2024-01-23 00:00:00+08:00,119.0,119.0,116.5,117.0,2082000,0.0,0.0
2024-01-24 00:00:00+08:00,118.0,119.0,117.0,118.0,2464000,0.0,0.0
2024-01-25 00:00:00+08:00,121.5,121.5,115.0,115.5,3063000,0.0,0.0
2024-01-26 00:00:00+08:00,114.5,118.0,114.5,117.0,1986000,0.0,0.0
2024-01-29 00:00:00+08:00,117.0,119.5,116.5,117.0,2496000,0.0,0.0
2024-01-30 00:00:00+08:00,117.0,121.5,116.5,121.0,4562000,0.0,0.0
2024-01-31 00:00:00+08:00,120.5,126.0,120.0,124.0,8812000,0.0,0.0
2024-02-01 00:00:00+08:00,124.0,125.5,122.0,124.5,4431000,0.0,0.0
2024-02-02 00:00:00+08:00,125.0,129.0,123.0,123.0,5857000,0.0,0.0
2024-02-05 00:00:00+08:00,129.0,131.5,126.5,127.5,9785000,0.0,0.0
2024-02-15 00:00:00+08:00,130.0,131.5,127.5,131.0,7446000,0.0,0.0
2024-02-16 00:00:00+08:00,131.0,133.5,128.0,133.0,5441000,0.0,0.0
2024-02-19 00:00:00+08:00,142.5,146.0,138.5,146.0,18981000,0.0,0.0
2024-02-20 00:00:00+08:00,147.0,148.0,143.0,143.5,18002000,0.0,0.0
2024-02-21 00:00:00+08:00,147.0,153.0,145.0,147.5,19350000,0.0,0.0
2024-02-22 00:00:00+08:00,149.5,153.0,144.5,145.5,9683000,0.0,0.0
2024-02-23 00:00:00+08:00,146.0,146.5,140.5,142.0,5925000,0.0,0.0
2024-02-26 00:00:00+08:00,143.0,143.0,138.0,141.5,4203000,0.0,0.0
2024-02-27 00:00:00+08:00,142.5,144.5,135.0,137.5,5680000,0.0,0.0
2024-02-29 00:00:00+08:00,138.0,142.0,136.5,141.5,2999000,0.0,0.0
2024-03-01 00:00:00+08:00,141.5,151.0,141.0,149.0,12021000,0.0,0.0
2024-03-04 00:00:00+08:00,152.0,153.0,146.0,149.5,7544000,0.0,0.0
2024-03-05 00:00:00+08:00,163.0,163.5,150.5,153.0,21214000,0.0,0.0
2024-03-06 00:00:00+08:00,153.5,158.0,150.0,156.5,8730000,0.0,0.0
2024-03-07 00:00:00+08:00,158.5,165.0,152.5,155.5,15188000,0.0,0.0
2024-03-08 00:00:00+08:00,156.5,158.0,143.5,148.0,8819000,0.0,0.0
2024-03-11 00:00:00+08:00,147.0,160.0,146.5,154.5,7388000,0.0,0.0
2024-03-12 00:00:00+08:00,155.5,160.5,154.5,157.5,7277000,0.0,0.0
2024-03-13 00:00:00+08:00,159.0,160.0,151.0,153.5,5593000,0.0,0.0
2024-03-14 00:00:00+08:00,154.0,154.5,147.0,148.0,4373000,0.0,0.0
2024-03-15 00:00:00+08:00,148.5,156.5,148.5,153.5,6213000,0.0,0.0
2024-03-18 00:00:00+08:00,153.5,153.5,153.5,153.5,0,0.0,0.0
2024-03-19 00:00:00+08:00,162.0,163.5,154.0,158.0,11923000,0.0,0.0
2024-03-20 00:00:00+08:00,158.0,158.0,158.0,158.0,0,0.0,0.0
2024-03-21 00:00:00+08:00,150.0,151.0,144.0,146.5,6190000,0.0,0.0
2024-03-22 00:00:00+08:00,147.5,152.5,145.5,152.0,3549000,0.0,0.0
2024-03-25 00:00:00+08:00,152.0,152.0,152.0,152.0,0,0.0,0.0
2024-03-26 00:00:00+08:00,152.0,152.0,152.0,152.0,0,0.0,0.0
2024-03-27 00:00:00+08:00,150.0,151.5,146.5,147.5,2305000,0.0,0.0
2024-03-28 00:00:00+08:00,148.5,149.5,143.0,143.0,4249000,0.0,0.0
2024-03-29 00:00:00+08:00,144.5,146.0,143.0,143.5,1580000,0.0,0.0
2024-04-01 00:00:00+08:00,145.0,149.5,144.5,146.0,3471000,0.0,0.0
2024-04-02 00:00:00+08:00,146.5,150.5,145.5,150.0,3420000,0.0,0.0
2024-04-03 00:00:00+08:00,153.0,155.0,148.5,153.0,12285000,0.0,0.0
2024-04-08 00:00:00+08:00,153.0,153.0,145.5,146.0,6636000,0.0,0.0
2024-04-09 00:00:00+08:00,147.0,147.5,145.0,145.5,2462000,0.0,0.0
2024-04-10 00:00:00+08:00,146.0,146.5,144.0,145.5,2238000,0.0,0.0
2024-04-11 00:00:00+08:00,145.0,145.0,140.5,142.0,3622000,0.0,0.0
2024-04-12 00:00:00+08:00,142.0,144.0,139.0,139.5,2742000,0.0,0.0
2024-04-15 00:00:00+08:00,138.0,139.5,136.0,137.0,2261000,0.0,0.0
2024-04-16 00:00:00+08:00,135.5,136.0,131.0,132.0,2853000,0.0,0.0
2024-04-17 00:00:00+08:00,133.5,138.0,133.5,137.0,2982000,0.0,0.0
2024-04-18 00:00:00+08:00,135.0,138.5,134.5,136.0,1199000,0.0,0.0
2024-04-19 00:00:00+08:00,134.5,135.0,125.5,130.5,3793000,0.0,0.0
2024-04-22 00:00:00+08:00,131.0,131.0,125.5,126.5,2666000,0.0,0.0
2024-04-23 00:00:00+08:00,129.0,131.0,127.5,129.5,1339000,0.0,0.0
2024-04-24 00:00:00+08:00,133.0,134.5,131.0,133.0,2133000,0.0,0.0
2024-04-25 00:00:00+08:00,131.5,131.5,129.0,129.5,1218000,0.0,0.0
2024-04-26 00:00:00+08:00,131.0,132.0,129.5,130.0,1209000,0.0,0.0
2024-04-29 00:00:00+08:00,132.0,137.5,130.0,137.0,3459000,0.0,0.0
2024-04-30 00:00:00+08:00,138.0,142.0,137.5,138.0,4072000,0.0,0.0
2024-05-02 00:00:00+08:00,138.0,139.0,134.5,135.5,2661000,0.0,0.0
2024-05-03 00:00:00+08:00,139.0,141.0,138.0,139.0,2859000,0.0,0.0
2024-05-06 00:00:00+08:00,143.0,143.0,137.5,137.5,3881000,0.0,0.0
2024-05-07 00:00:00+08:00,138.5,141.0,136.5,138.0,2547000,0.0,0.0
2024-05-08 00:00:00+08:00,139.0,142.0,138.5,141.0,2431000,0.0,0.0
2024-05-09 00:00:00+08:00,140.5,140.5,136.0,136.0,2373000,0.0,0.0
2024-05-10 00:00:00+08:00,137.0,137.5,129.0,129.0,4922000,0.0,0.0
2024-05-13 00:00:00+08:00,129.0,131.0,127.5,128.0,1794000,0.0,0.0
2024-05-14 00:00:00+08:00,128.5,129.5,127.5,129.0,1105000,0.0,0.0
2024-05-15 00:00:00+08:00,129.5,131.0,127.5,128.5,1661000,0.0,0.0
2024-05-16 00:00:00+08:00,130.0,131.0,129.0,130.0,1618000,0.0,0.0
2024-05-17 00:00:00+08:00,130.0,130.0,128.0,128.5,1146000,0.0,0.0
2024-05-20 00:00:00+08:00,129.0,130.5,127.5,130.0,1345000,0.0,0.0
2024-05-21 00:00:00+08:00,130.5,130.5,128.0,128.5,847000,0.0,0.0
2024-05-22 00:00:00+08:00,129.5,133.5,129.0,132.5,2093000,0.0,0.0
2024-05-23 00:00:00+08:00,132.5,132.5,130.0,130.0,1121000,0.0,0.0
2024-05-24 00:00:00+08:00,128.5,130.5,128.0,130.0,871000,0.0,0.0
2024-05-27 00:00:00+08:00,131.5,132.0,130.5,131.0,795000,0.0,0.0
2024-05-28 00:00:00+08:00,132.0,134.0,131.5,132.0,1388000,0.0,0.0
2024-05-29 00:00:00+08:00,133.5,133.5,131.0,131.0,1131000,0.0,0.0
2024-05-30 00:00:00+08:00,130.0,130.0,127.0,127.0,1768000,0.0,0.0
2024-05-31 00:00:00+08:00,127.5,129.0,125.5,125.5,1289000,0.0,0.0
2024-06-03 00:00:00+08:00,127.0,127.0,124.0,125.5,1946000,0.0,0.0
2024-06-04 00:00:00+08:00,127.0,133.5,126.5,129.5,5036000,0.0,0.0
2024-06-05 00:00:00+08:00,130.0,131.5,125.5,126.0,3760000,0.0,0.0
2024-06-06 00:00:00+08:00,127.5,128.0,124.0,124.0,2092000,0.0,0.0
2024-06-07 00:00:00+08:00,124.5,124.5,121.0,122.5,2575000,0.0,0.0
2024-06-11 00:00:00+08:00,123.5,124.0,122.0,123.0,991000,0.0,0.0
2024-06-12 00:00:00+08:00,125.0,125.0,122.0,122.5,1210000,0.0,0.0
2024-06-13 00:00:00+08:00,124.5,133.0,124.0,131.0,10800000,0.0,0.0
2024-06-14 00:00:00+08:00,131.5,133.0,129.5,130.0,4124000,0.0,0.0
2024-06-17 00:00:00+08:00,130.0,139.5,129.5,137.5,7911000,0.0,0.0
2024-06-18 00:00:00+08:00,139.5,140.5,136.5,138.0,5234000,0.0,0.0
2024-06-19 00:00:00+08:00,140.5,142.5,134.5,136.0,7436000,0.0,0.0
2024-06-20 00:00:00+08:00,137.5,140.5,136.0,140.5,3421000,0.0,0.0
2024-06-21 00:00:00+08:00,137.5,144.0,137.0,141.5,4734000,0.0,0.0
2024-06-24 00:00:00+08:00,141.5,142.5,137.0,137.0,3005000,0.0,0.0
2024-06-25 00:00:00+08:00,136.0,136.5,133.5,135.5,2712000,0.0,0.0
2024-06-26 00:00:00+08:00,137.0,139.0,133.5,134.0,2342000,0.0,0.0
2024-06-27 00:00:00+08:00,134.0,136.0,132.5,133.0,2037000,0.0,0.0
2024-06-28 00:00:00+08:00,140.0,142.0,137.0,139.5,8367000,0.0,0.0
2024-07-01 00:00:00+08:00,141.0,142.5,138.0,139.0,4735000,0.0,0.0
2024-07-02 00:00:00+08:00,138.5,141.0,138.0,140.5,2928000,0.0,0.0
2024-07-03 00:00:00+08:00,143.0,146.0,140.5,140.5,11372000,0.0,0.0
2024-07-04 00:00:00+08:00,142.0,143.5,138.5,138.5,4266000,0.0,0.0
2024-07-05 00:00:00+08:00,138.5,144.0,138.5,142.5,5205000,0.0,0.0
2024-07-08 00:00:00+08:00,142.5,143.0,136.5,138.5,5333000,0.0,0.0
2024-07-09 00:00:00+08:00,138.5,140.5,134.0,134.5,4297000,0.0,0.0
2024-07-10 00:00:00+08:00,135.0,141.5,133.0,140.5,4256000,0.0,0.0
2024-07-11 00:00:00+08:00,141.0,141.5,137.5,138.0,2730000,0.0,0.0
2024-07-12 00:00:00+08:00,138.0,138.0,135.0,135.5,3431000,0.0,0.0
2024-07-15 00:00:00+08:00,137.0,138.5,135.5,136.5,1874000,0.0,0.0
2024-07-16 00:00:00+08:00,137.5,139.5,135.5,135.5,2150000,0.0,0.0
2024-07-17 00:00:00+08:00,136.0,138.0,134.5,135.5,2011000,0.0,0.0
2024-07-18 00:00:00+08:00,132.5,132.5,128.0,129.5,4255000,0.0,0.0
2024-07-19 00:00:00+08:00,127.5,129.5,125.0,125.0,2634000,0.0,0.0
