Date,Open,High,Low,Close,Volume,Dividends,Stock Splits
2018-08-07 00:00:00-04:00,18.0,18.899999618530273,17.5,18.350000381469727,13200,0.0,0.0
2018-08-08 00:00:00-04:00,17.049999237060547,18.979999542236328,17.049999237060547,18.979999542236328,300,0.0,0.0
2018-08-09 00:00:00-04:00,17.3700008392334,17.399999618530273,17.3700008392334,17.399999618530273,500,0.0,0.0
2018-08-10 00:00:00-04:00,17.399999618530273,17.399999618530273,17.399999618530273,17.399999618530273,0,0.0,0.0
2018-08-13 00:00:00-04:00,17.25,17.700000762939453,17.25,17.700000762939453,41300,0.0,0.0
2018-08-14 00:00:00-04:00,17.639999389648438,17.700000762939453,17.639999389648438,17.700000762939453,300,0.0,0.0
2018-08-15 00:00:00-04:00,17.690000534057617,17.690000534057617,17.690000534057617,17.690000534057617,200,0.0,0.0
2018-08-16 00:00:00-04:00,17.25,17.700000762939453,17.25,17.700000762939453,400,0.0,0.0
2018-08-17 00:00:00-04:00,18.0310001373291,18.1200008392334,18.0,18.1200008392334,800,0.0,0.0
2018-08-20 00:00:00-04:00,18.43000030517578,18.43000030517578,17.64699935913086,18.200000762939453,4100,0.0,0.0
2018-08-21 00:00:00-04:00,19.780000686645508,19.780000686645508,18.510000228881836,18.979999542236328,1900,0.0,0.0
2018-08-22 00:00:00-04:00,19.0,19.75,18.989999771118164,19.049999237060547,1600,0.0,0.0
2018-08-23 00:00:00-04:00,19.100000381469727,19.100000381469727,19.049999237060547,19.049999237060547,800,0.0,0.0
2018-08-24 00:00:00-04:00,19.200000762939453,19.889999389648438,19.1200008392334,19.889999389648438,900,0.0,0.0
2018-08-27 00:00:00-04:00,19.5,20.325000762939453,18.639999389648438,19.149999618530273,6000,0.0,0.0
2018-08-28 00:00:00-04:00,19.889999389648438,19.889999389648438,19.39900016784668,19.399999618530273,2800,0.0,0.0
2018-08-29 00:00:00-04:00,19.600000381469727,19.600000381469727,19.420000076293945,19.43000030517578,3300,0.0,0.0
2018-08-30 00:00:00-04:00,19.25,19.25,19.0,19.0,3100,0.0,0.0
2018-08-31 00:00:00-04:00,19.0,20.989999771118164,19.0,20.899999618530273,4000,0.0,0.0
2018-09-04 00:00:00-04:00,20.68000030517578,20.68000030517578,18.96500015258789,19.440000534057617,9100,0.0,0.0
2018-09-05 00:00:00-04:00,19.399999618530273,19.399999618530273,19.34000015258789,19.34000015258789,2500,0.0,0.0
2018-09-06 00:00:00-04:00,19.739999771118164,19.739999771118164,19.0,19.209999084472656,4100,0.0,0.0
2018-09-07 00:00:00-04:00,18.520000457763672,19.739999771118164,18.514999389648438,19.739999771118164,2900,0.0,0.0
2018-09-10 00:00:00-04:00,18.639999389648438,18.639999389648438,18.639999389648438,18.639999389648438,200,0.0,0.0
2018-09-11 00:00:00-04:00,18.65999984741211,19.329999923706055,18.65999984741211,19.329999923706055,400,0.0,0.0
2018-09-12 00:00:00-04:00,18.760000228881836,19.010000228881836,18.0,18.0,17200,0.0,0.0
2018-09-13 00:00:00-04:00,18.55699920654297,18.55699920654297,17.850000381469727,17.850000381469727,1000,0.0,0.0
2018-09-14 00:00:00-04:00,17.56999969482422,17.850000381469727,17.56999969482422,17.850000381469727,300,0.0,0.0
2018-09-17 00:00:00-04:00,17.549999237060547,17.549999237060547,17.1299991607666,17.1299991607666,1300,0.0,0.0
2018-09-18 00:00:00-04:00,18.0,18.0,16.100000381469727,16.100000381469727,10600,0.0,0.0
2018-09-19 00:00:00-04:00,16.079999923706055,18.049999237060547,16.079999923706055,16.610000610351562,11500,0.0,0.0
2018-09-20 00:00:00-04:00,16.700000762939453,16.700000762939453,16.700000762939453,16.700000762939453,200,0.0,0.0
2018-09-21 00:00:00-04:00,16.700000762939453,18.200000762939453,16.610000610351562,16.610000610351562,7700,0.0,0.0
2018-09-24 00:00:00-04:00,16.75,18.920000076293945,16.649999618530273,17.75,3200,0.0,0.0
2018-09-25 00:00:00-04:00,17.200000762939453,17.200000762939453,16.770000457763672,16.899999618530273,2100,0.0,0.0
2018-09-26 00:00:00-04:00,17.0,17.489999771118164,16.5,16.75,119300,0.0,0.0
2018-09-27 00:00:00-04:00,16.559999465942383,17.055999755859375,16.5,16.549999237060547,36400,0.0,0.0
2018-09-28 00:00:00-04:00,16.5,17.479999542236328,16.5,17.020000457763672,6100,0.0,0.0
2018-10-01 00:00:00-04:00,17.0,17.14699935913086,17.0,17.010000228881836,1200,0.0,0.0
2018-10-02 00:00:00-04:00,16.899999618530273,16.899999618530273,16.899999618530273,16.899999618530273,200,0.0,0.0
2018-10-03 00:00:00-04:00,16.95800018310547,17.0,16.950000762939453,16.950000762939453,500,0.0,0.0
2018-10-04 00:00:00-04:00,16.549999237060547,17.389999389648438,16.549999237060547,17.389999389648438,300,0.0,0.0
2018-10-05 00:00:00-04:00,17.030000686645508,17.43000030517578,16.5,16.799999237060547,205900,0.0,0.0
2018-10-08 00:00:00-04:00,17.0,17.0,17.0,17.0,600,0.0,0.0
2018-10-09 00:00:00-04:00,17.09000015258789,17.09000015258789,16.989999771118164,17.0,700,0.0,0.0
2018-10-10 00:00:00-04:00,16.549999237060547,16.84000015258789,16.5,16.799999237060547,2800,0.0,0.0
2018-10-11 00:00:00-04:00,16.69499969482422,17.299999237060547,16.510000228881836,16.510000228881836,3200,0.0,0.0
2018-10-12 00:00:00-04:00,17.239999771118164,17.239999771118164,16.399999618530273,16.399999618530273,21400,0.0,0.0
2018-10-15 00:00:00-04:00,16.729999542236328,16.799999237060547,16.5,16.5,26500,0.0,0.0
2018-10-16 00:00:00-04:00,16.489999771118164,16.5,16.299999237060547,16.299999237060547,30200,0.0,0.0
2018-10-17 00:00:00-04:00,16.450000762939453,16.450000762939453,16.200000762939453,16.200000762939453,13000,0.0,0.0
2018-10-18 00:00:00-04:00,16.34000015258789,16.349000930786133,15.75,16.290000915527344,92700,0.0,0.0
2018-10-19 00:00:00-04:00,16.350000381469727,16.5,15.75,15.75,28200,0.0,0.0
2018-10-22 00:00:00-04:00,16.219999313354492,16.549999237060547,16.219999313354492,16.25,20900,0.0,0.0
2018-10-23 00:00:00-04:00,17.5,17.5,16.25,16.25,600,0.0,0.0
2018-10-24 00:00:00-04:00,15.989999771118164,15.989999771118164,15.800000190734863,15.989999771118164,600,0.0,0.0
2018-10-25 00:00:00-04:00,16.5,16.5,16.5,16.5,300,0.0,0.0
2018-10-26 00:00:00-04:00,16.25,16.25,16.25,16.25,700,0.0,0.0
2018-10-29 00:00:00-04:00,15.989999771118164,15.989999771118164,15.989999771118164,15.989999771118164,200,0.0,0.0
2018-10-30 00:00:00-04:00,16.0,16.0,15.5,15.5,1900,0.0,0.0
2018-10-31 00:00:00-04:00,15.5,15.5,14.680999755859375,14.8100004196167,46000,0.0,0.0
2018-11-01 00:00:00-04:00,14.8100004196167,14.8100004196167,14.8100004196167,14.8100004196167,100,0.0,0.0
2018-11-02 00:00:00-04:00,14.989999771118164,14.989999771118164,14.989999771118164,14.989999771118164,800,0.0,0.0
2018-11-05 00:00:00-05:00,14.75,14.75,14.75,14.75,600,0.0,0.0
2018-11-06 00:00:00-05:00,14.949999809265137,15.085000038146973,14.779999732971191,14.779999732971191,1400,0.0,0.0
2018-11-07 00:00:00-05:00,14.600000381469727,14.600000381469727,14.600000381469727,14.600000381469727,22000,0.0,0.0
2018-11-08 00:00:00-05:00,14.600000381469727,14.600000381469727,14.600000381469727,14.600000381469727,100,0.0,0.0
2018-11-09 00:00:00-05:00,14.5,14.744999885559082,14.5,14.5,4100,0.0,0.0
2018-11-12 00:00:00-05:00,17.68000030517578,17.68000030517578,13.640000343322754,14.0,13900,0.0,0.0
2018-11-13 00:00:00-05:00,14.0,14.0,14.0,14.0,100,0.0,0.0
2018-11-14 00:00:00-05:00,14.0,14.0,14.0,14.0,500,0.0,0.0
2018-11-15 00:00:00-05:00,14.699999809265137,14.699999809265137,14.699999809265137,14.699999809265137,400,0.0,0.0
2018-11-16 00:00:00-05:00,14.11299991607666,14.11299991607666,12.920000076293945,12.920000076293945,1100,0.0,0.0
2018-11-19 00:00:00-05:00,12.807999610900879,12.916999816894531,12.5600004196167,12.600000381469727,3700,0.0,0.0
2018-11-20 00:00:00-05:00,12.770000457763672,12.770000457763672,12.770000457763672,12.770000457763672,200,0.0,0.0
2018-11-21 00:00:00-05:00,12.739999771118164,12.880000114440918,12.739999771118164,12.880000114440918,1800,0.0,0.0
2018-11-23 00:00:00-05:00,12.880000114440918,12.880000114440918,12.880000114440918,12.880000114440918,100,0.0,0.0
2018-11-26 00:00:00-05:00,13.15999984741211,13.15999984741211,13.15999984741211,13.15999984741211,200,0.0,0.0
2018-11-27 00:00:00-05:00,13.138999938964844,13.138999938964844,13.138999938964844,13.138999938964844,500,0.0,0.0
2018-11-28 00:00:00-05:00,12.989999771118164,13.100000381469727,12.699999809265137,12.699999809265137,10100,0.0,0.0
2018-11-29 00:00:00-05:00,12.229999542236328,12.5,12.199999809265137,12.199999809265137,2100,0.0,0.0
2018-11-30 00:00:00-05:00,11.649999618530273,11.649999618530273,10.800000190734863,11.300000190734863,39600,0.0,0.0
2018-12-03 00:00:00-05:00,11.496999740600586,11.800000190734863,11.449999809265137,11.75,10500,0.0,0.0
2018-12-04 00:00:00-05:00,11.529999732971191,11.75,11.5,11.75,2200,0.0,0.0
2018-12-06 00:00:00-05:00,11.75,11.75,11.75,11.75,100,0.0,0.0
2018-12-07 00:00:00-05:00,11.760000228881836,11.760000228881836,10.5,10.75,23100,0.0,0.0
2018-12-10 00:00:00-05:00,10.949999809265137,10.970000267028809,9.699999809265137,10.25,42300,0.0,0.0
2018-12-11 00:00:00-05:00,10.375,10.375,10.0,10.119999885559082,9900,0.0,0.0
2018-12-12 00:00:00-05:00,10.0,10.5,9.850000381469727,10.350000381469727,92600,0.0,0.0
2018-12-13 00:00:00-05:00,10.199999809265137,10.850000381469727,10.140000343322754,10.829999923706055,7800,0.0,0.0
2018-12-14 00:00:00-05:00,10.619999885559082,10.75,10.5600004196167,10.75,2900,0.0,0.0
2018-12-17 00:00:00-05:00,10.979999542236328,11.0,10.40999984741211,10.449999809265137,141000,0.0,0.0
2018-12-18 00:00:00-05:00,10.850000381469727,10.850000381469727,10.5,10.710000038146973,8400,0.0,0.0
2018-12-19 00:00:00-05:00,10.850000381469727,11.0,10.5,10.779999732971191,25500,0.0,0.0
2018-12-20 00:00:00-05:00,10.800999641418457,10.800999641418457,10.399999618530273,10.399999618530273,13900,0.0,0.0
2018-12-21 00:00:00-05:00,10.4399995803833,11.0,10.109999656677246,10.109999656677246,19400,0.0,0.0
2018-12-24 00:00:00-05:00,10.300000190734863,11.050000190734863,10.300000190734863,11.050000190734863,2100,0.0,0.0
2018-12-26 00:00:00-05:00,11.0,11.100000381469727,10.739999771118164,10.831000328063965,6900,0.0,0.0
2018-12-27 00:00:00-05:00,10.779999732971191,10.979999542236328,10.779999732971191,10.859999656677246,2300,0.0,0.0
2018-12-28 00:00:00-05:00,11.0,11.045999526977539,10.600000381469727,10.899999618530273,26700,0.0,0.0
2018-12-31 00:00:00-05:00,10.869999885559082,10.895000457763672,10.600000381469727,10.800000190734863,44800,0.0,0.0
2019-01-02 00:00:00-05:00,11.149999618530273,11.149999618530273,11.149999618530273,11.149999618530273,100,0.0,0.0
2019-01-03 00:00:00-05:00,11.0,11.130000114440918,10.989999771118164,11.0,21800,0.0,0.0
2019-01-04 00:00:00-05:00,11.095000267028809,11.899999618530273,11.0,11.899999618530273,25200,0.0,0.0
2019-01-07 00:00:00-05:00,11.90999984741211,13.100000381469727,11.880000114440918,12.039999961853027,5300,0.0,0.0
2019-01-08 00:00:00-05:00,13.0,13.0,12.03600025177002,12.649999618530273,5300,0.0,0.0
2019-01-09 00:00:00-05:00,12.609999656677246,12.739999771118164,12.274999618530273,12.449999809265137,6500,0.0,0.0
2019-01-10 00:00:00-05:00,12.579999923706055,12.579999923706055,11.5600004196167,12.260000228881836,9500,0.0,0.0
2019-01-11 00:00:00-05:00,12.0600004196167,12.25,11.975000381469727,12.0,900,0.0,0.0
2019-01-14 00:00:00-05:00,12.149999618530273,12.199999809265137,11.75,11.75,4400,0.0,0.0
2019-01-15 00:00:00-05:00,11.930000305175781,12.520000457763672,11.930000305175781,12.0,24900,0.0,0.0
2019-01-16 00:00:00-05:00,12.0,12.470000267028809,11.899999618530273,11.970000267028809,93300,0.0,0.0
2019-01-17 00:00:00-05:00,11.859999656677246,12.145000457763672,11.850000381469727,11.850000381469727,5700,0.0,0.0
2019-01-18 00:00:00-05:00,12.100000381469727,12.100000381469727,12.0,12.09000015258789,1600,0.0,0.0
2019-01-22 00:00:00-05:00,12.100000381469727,12.1850004196167,11.75,12.0,59700,0.0,0.0
2019-01-23 00:00:00-05:00,11.850000381469727,12.050000190734863,11.5600004196167,11.829999923706055,39600,0.0,0.0
2019-01-24 00:00:00-05:00,11.930000305175781,12.024999618530273,11.75,11.850000381469727,11800,0.0,0.0
2019-01-25 00:00:00-05:00,11.975000381469727,12.0,11.699999809265137,11.989999771118164,20000,0.0,0.0
2019-01-28 00:00:00-05:00,11.930000305175781,12.045000076293945,11.90999984741211,12.010000228881836,8000,0.0,0.0
2019-01-29 00:00:00-05:00,12.010000228881836,12.199999809265137,11.800000190734863,12.050000190734863,55600,0.0,0.0
2019-01-30 00:00:00-05:00,12.170000076293945,12.220000267028809,12.0,12.050000190734863,13200,0.0,0.0
2019-01-31 00:00:00-05:00,12.0,12.100000381469727,12.0,12.050000190734863,52300,0.0,0.0
2019-02-01 00:00:00-05:00,12.0,13.979999542236328,12.0,13.239999771118164,23900,0.0,0.0
2019-02-04 00:00:00-05:00,13.079999923706055,14.0,13.029999732971191,13.699999809265137,37200,0.0,0.0
2019-02-05 00:00:00-05:00,13.489999771118164,14.699999809265137,12.8100004196167,14.699999809265137,6700,0.0,0.0
2019-02-06 00:00:00-05:00,13.75,14.989999771118164,13.685999870300293,14.420000076293945,50200,0.0,0.0
2019-02-07 00:00:00-05:00,14.239999771118164,14.5,14.182999610900879,14.300000190734863,10100,0.0,0.0
2019-02-08 00:00:00-05:00,14.319999694824219,14.350000381469727,14.300000190734863,14.350000381469727,3000,0.0,0.0
2019-02-11 00:00:00-05:00,15.0,15.0,14.6899995803833,14.720000267028809,3900,0.0,0.0
2019-02-12 00:00:00-05:00,15.850000381469727,15.989999771118164,14.0,14.600000381469727,8700,0.0,0.0
2019-02-13 00:00:00-05:00,14.600000381469727,15.270000457763672,14.600000381469727,14.75,68000,0.0,0.0
2019-02-14 00:00:00-05:00,14.470000267028809,15.649999618530273,14.470000267028809,15.600000381469727,126600,0.0,0.0
2019-02-15 00:00:00-05:00,17.229999542236328,17.229999542236328,15.527000427246094,16.0,18300,0.0,0.0
2019-02-19 00:00:00-05:00,16.200000762939453,16.565000534057617,16.038000106811523,16.350000381469727,22500,0.0,0.0
2019-02-20 00:00:00-05:00,16.309999465942383,16.450000762939453,16.268999099731445,16.399999618530273,23600,0.0,0.0
2019-02-21 00:00:00-05:00,16.309999465942383,17.125,16.111000061035156,16.600000381469727,47200,0.0,0.0
2019-02-22 00:00:00-05:00,16.799999237060547,16.799999237060547,16.424999237060547,16.709999084472656,23900,0.0,0.0
2019-02-25 00:00:00-05:00,16.350000381469727,16.864999771118164,16.219999313354492,16.639999389648438,22000,0.0,0.0
2019-02-26 00:00:00-05:00,16.68000030517578,17.8799991607666,16.600000381469727,17.5,119900,0.0,0.0
2019-02-27 00:00:00-05:00,17.260000228881836,17.850000381469727,17.25,17.510000228881836,46700,0.0,0.0
2019-02-28 00:00:00-05:00,18.190000534057617,18.190000534057617,16.8700008392334,17.809999465942383,61800,0.0,0.0
2019-03-01 00:00:00-05:00,18.940000534057617,18.940000534057617,17.285999298095703,18.200000762939453,10600,0.0,0.0
2019-03-04 00:00:00-05:00,18.079999923706055,18.5,17.489999771118164,18.219999313354492,81500,0.0,0.0
2019-03-05 00:00:00-05:00,18.209999084472656,18.4950008392334,17.799999237060547,18.079999923706055,17900,0.0,0.0
2019-03-06 00:00:00-05:00,17.84000015258789,18.114999771118164,17.309999465942383,17.959999084472656,14300,0.0,0.0
2019-03-07 00:00:00-05:00,17.889999389648438,18.5049991607666,17.597000122070312,18.19499969482422,51700,0.0,0.0
2019-03-08 00:00:00-05:00,17.979999542236328,19.1200008392334,17.979999542236328,18.59000015258789,68000,0.0,0.0
2019-03-11 00:00:00-04:00,18.825000762939453,18.899999618530273,18.510000228881836,18.809999465942383,54500,0.0,0.0
2019-03-12 00:00:00-04:00,18.81999969482422,19.0,18.81999969482422,18.90999984741211,41600,0.0,0.0
2019-03-13 00:00:00-04:00,18.89699935913086,19.0,18.614999771118164,18.959999084472656,103700,0.0,0.0
2019-03-14 00:00:00-04:00,18.860000610351562,19.950000762939453,18.0,19.09000015258789,144800,0.0,0.0
2019-03-15 00:00:00-04:00,19.059999465942383,19.260000228881836,18.610000610351562,19.040000915527344,57600,0.0,0.0
2019-03-18 00:00:00-04:00,19.0,19.25,18.829999923706055,19.25,193400,0.0,0.0
2019-03-19 00:00:00-04:00,19.459999084472656,19.920000076293945,19.100000381469727,19.5,173100,0.0,0.0
2019-03-20 00:00:00-04:00,19.530000686645508,20.0,19.299999237060547,19.719999313354492,68800,0.0,0.0
2019-03-21 00:00:00-04:00,19.709999084472656,20.0,19.290000915527344,19.40999984741211,75600,0.0,0.0
2019-03-22 00:00:00-04:00,19.420000076293945,19.510000228881836,18.889999389648438,19.100000381469727,48900,0.0,0.0
2019-03-25 00:00:00-04:00,19.06999969482422,19.110000610351562,18.020000457763672,18.700000762939453,43800,0.0,0.0
2019-03-26 00:00:00-04:00,18.719999313354492,18.969999313354492,17.329999923706055,17.860000610351562,68200,0.0,0.0
2019-03-27 00:00:00-04:00,17.829999923706055,18.700000762939453,17.53499984741211,17.75,50400,0.0,0.0
2019-03-28 00:00:00-04:00,18.347999572753906,18.565000534057617,17.520000457763672,17.81999969482422,147600,0.0,0.0
2019-03-29 00:00:00-04:00,18.049999237060547,18.05500030517578,17.684999465942383,18.010000228881836,78100,0.0,0.0
2019-04-01 00:00:00-04:00,17.989999771118164,18.6299991607666,17.389999389648438,18.06999969482422,70400,0.0,0.0
2019-04-02 00:00:00-04:00,18.1299991607666,18.450000762939453,17.90999984741211,18.389999389648438,37500,0.0,0.0
2019-04-03 00:00:00-04:00,18.399999618530273,18.690000534057617,17.90999984741211,18.100000381469727,60000,0.0,0.0
2019-04-04 00:00:00-04:00,17.93000030517578,18.149999618530273,17.850000381469727,17.8799991607666,39100,0.0,0.0
2019-04-05 00:00:00-04:00,18.049999237060547,18.549999237060547,17.690000534057617,18.190000534057617,36700,0.0,0.0
2019-04-08 00:00:00-04:00,18.18000030517578,18.450000762939453,18.079999923706055,18.40999984741211,54300,0.0,0.0
2019-04-09 00:00:00-04:00,18.299999237060547,18.700000762939453,18.149999618530273,18.700000762939453,74000,0.0,0.0
2019-04-10 00:00:00-04:00,18.690000534057617,18.690000534057617,18.200000762939453,18.479999542236328,13300,0.0,0.0
2019-04-11 00:00:00-04:00,18.450000762939453,18.5,18.21500015258789,18.43000030517578,49800,0.0,0.0
2019-04-12 00:00:00-04:00,18.479999542236328,19.0,18.19499969482422,18.639999389648438,126700,0.0,0.0
2019-04-15 00:00:00-04:00,18.639999389648438,18.729999542236328,18.1299991607666,18.56999969482422,26400,0.0,0.0
2019-04-16 00:00:00-04:00,18.729999542236328,18.729999542236328,17.959999084472656,18.469999313354492,32000,0.0,0.0
2019-04-17 00:00:00-04:00,18.420000076293945,18.43000030517578,17.540000915527344,17.75,44700,0.0,0.0
2019-04-18 00:00:00-04:00,17.920000076293945,18.8799991607666,17.56999969482422,18.25,54800,0.0,0.0
2019-04-22 00:00:00-04:00,17.989999771118164,18.350000381469727,17.579999923706055,17.989999771118164,26700,0.0,0.0
2019-04-23 00:00:00-04:00,18.0,18.0,16.549999237060547,16.979999542236328,73200,0.0,0.0
2019-04-24 00:00:00-04:00,16.969999313354492,18.15999984741211,16.969999313354492,17.520000457763672,39100,0.0,0.0
2019-04-25 00:00:00-04:00,17.611000061035156,18.110000610351562,17.100000381469727,17.639999389648438,36200,0.0,0.0
2019-04-26 00:00:00-04:00,17.829999923706055,18.834999084472656,17.825000762939453,18.0,29300,0.0,0.0
2019-04-29 00:00:00-04:00,18.010000228881836,18.34000015258789,17.604999542236328,18.299999237060547,31500,0.0,0.0
2019-04-30 00:00:00-04:00,18.299999237060547,18.5,17.628999710083008,18.1200008392334,51800,0.0,0.0
2019-05-01 00:00:00-04:00,18.354999542236328,18.809999465942383,17.40999984741211,17.729999542236328,22700,0.0,0.0
2019-05-02 00:00:00-04:00,18.090999603271484,18.25,17.200000762939453,17.440000534057617,32300,0.0,0.0
2019-05-03 00:00:00-04:00,17.489999771118164,18.040000915527344,17.489999771118164,17.6200008392334,52400,0.0,0.0
2019-05-06 00:00:00-04:00,17.719999313354492,18.079999923706055,17.509000778198242,17.899999618530273,40200,0.0,0.0
2019-05-07 00:00:00-04:00,17.760000228881836,18.1200008392334,17.135000228881836,17.450000762939453,48300,0.0,0.0
2019-05-08 00:00:00-04:00,17.420000076293945,17.65999984741211,16.489999771118164,17.170000076293945,23300,0.0,0.0
2019-05-09 00:00:00-04:00,16.989999771118164,17.399999618530273,15.770000457763672,17.0,89700,0.0,0.0
2019-05-10 00:00:00-04:00,16.600000381469727,18.0,16.25,17.0,40300,0.0,0.0
2019-05-13 00:00:00-04:00,16.698999404907227,17.260000228881836,16.309999465942383,16.950000762939453,56700,0.0,0.0
2019-05-14 00:00:00-04:00,16.920000076293945,17.950000762939453,16.8700008392334,17.469999313354492,104300,0.0,0.0
2019-05-15 00:00:00-04:00,17.31999969482422,17.979999542236328,17.0,17.790000915527344,110100,0.0,0.0
2019-05-16 00:00:00-04:00,17.549999237060547,18.700000762939453,17.280000686645508,18.389999389648438,170100,0.0,0.0
2019-05-17 00:00:00-04:00,18.5,19.06999969482422,17.94499969482422,18.3799991607666,77400,0.0,0.0
2019-05-20 00:00:00-04:00,18.219999313354492,19.149999618530273,18.209999084472656,18.489999771118164,128600,0.0,0.0
2019-05-21 00:00:00-04:00,18.559999465942383,19.100000381469727,18.5,18.600000381469727,98800,0.0,0.0
2019-05-22 00:00:00-04:00,18.510000228881836,18.969999313354492,17.5,17.709999084472656,73800,0.0,0.0
2019-05-23 00:00:00-04:00,17.739999771118164,17.959999084472656,16.969999313354492,17.239999771118164,33300,0.0,0.0
2019-05-24 00:00:00-04:00,17.399999618530273,17.520000457763672,16.899999618530273,17.25,38200,0.0,0.0
2019-05-28 00:00:00-04:00,17.239999771118164,17.322999954223633,16.510000228881836,16.75,96200,0.0,0.0
2019-05-29 00:00:00-04:00,16.399999618530273,16.8799991607666,15.289999961853027,16.15999984741211,44000,0.0,0.0
2019-05-30 00:00:00-04:00,16.15999984741211,17.399999618530273,16.0,16.459999084472656,29700,0.0,0.0
2019-05-31 00:00:00-04:00,17.200000762939453,17.219999313354492,15.5,16.0,164400,0.0,0.0
2019-06-03 00:00:00-04:00,15.989999771118164,16.25,15.517000198364258,15.800000190734863,46100,0.0,0.0
2019-06-04 00:00:00-04:00,15.960000038146973,16.06999969482422,14.609999656677246,15.800000190734863,93300,0.0,0.0
2019-06-05 00:00:00-04:00,15.920000076293945,16.174999237060547,15.399999618530273,15.449999809265137,48500,0.0,0.0
2019-06-06 00:00:00-04:00,15.489999771118164,16.3700008392334,15.020000457763672,16.3700008392334,64500,0.0,0.0
2019-06-07 00:00:00-04:00,16.15999984741211,17.969999313354492,15.920000076293945,16.309999465942383,61100,0.0,0.0
2019-06-10 00:00:00-04:00,17.665000915527344,17.665000915527344,15.78499984741211,16.420000076293945,119900,0.0,0.0
2019-06-11 00:00:00-04:00,16.520000457763672,17.600000381469727,16.15999984741211,16.700000762939453,116300,0.0,0.0
2019-06-12 00:00:00-04:00,16.719999313354492,18.28700065612793,16.614999771118164,17.5,139500,0.0,0.0
2019-06-13 00:00:00-04:00,17.549999237060547,18.299999237060547,17.0,17.110000610351562,68600,0.0,0.0
2019-06-14 00:00:00-04:00,17.68000030517578,17.81999969482422,17.225000381469727,17.3799991607666,68000,0.0,0.0
2019-06-17 00:00:00-04:00,17.6200008392334,17.6200008392334,17.010000228881836,17.280000686645508,49500,0.0,0.0
2019-06-18 00:00:00-04:00,17.600000381469727,17.690000534057617,16.700000762939453,17.09000015258789,166300,0.0,0.0
2019-06-19 00:00:00-04:00,17.079999923706055,18.084999084472656,17.079999923706055,17.6299991607666,46800,0.0,0.0
2019-06-20 00:00:00-04:00,17.829999923706055,18.0,17.350000381469727,17.450000762939453,27200,0.0,0.0
2019-06-21 00:00:00-04:00,17.559999465942383,17.649999618530273,17.040000915527344,17.209999084472656,40100,0.0,0.0
2019-06-24 00:00:00-04:00,17.149999618530273,17.5,17.0,17.030000686645508,52000,0.0,0.0
2019-06-25 00:00:00-04:00,17.139999389648438,17.200000762939453,16.850000381469727,16.920000076293945,79400,0.0,0.0
2019-06-26 00:00:00-04:00,17.31999969482422,17.667999267578125,16.670000076293945,17.170000076293945,67000,0.0,0.0
2019-06-27 00:00:00-04:00,17.299999237060547,17.75,17.079999923706055,17.600000381469727,94800,0.0,0.0
2019-06-28 00:00:00-04:00,17.829999923706055,19.18000030517578,17.360000610351562,18.549999237060547,1722000,0.0,0.0
2019-07-01 00:00:00-04:00,18.56999969482422,18.790000915527344,17.700000762939453,18.56999969482422,216700,0.0,0.0
2019-07-02 00:00:00-04:00,18.600000381469727,18.850000381469727,18.290000915527344,18.479999542236328,141600,0.0,0.0
2019-07-03 00:00:00-04:00,18.600000381469727,18.635000228881836,18.18000030517578,18.3799991607666,23200,0.0,0.0
2019-07-05 00:00:00-04:00,18.229999542236328,18.40999984741211,17.59000015258789,17.90999984741211,100600,0.0,0.0
2019-07-08 00:00:00-04:00,17.899999618530273,18.385000228881836,17.809999465942383,17.989999771118164,52700,0.0,0.0
2019-07-09 00:00:00-04:00,17.899999618530273,17.950000762939453,17.479999542236328,17.579999923706055,86200,0.0,0.0
2019-07-10 00:00:00-04:00,17.809999465942383,18.125,17.5,17.510000228881836,118100,0.0,0.0
2019-07-11 00:00:00-04:00,17.639999389648438,18.075000762939453,17.549999237060547,17.81999969482422,90200,0.0,0.0
2019-07-12 00:00:00-04:00,17.829999923706055,18.0,17.360000610351562,17.920000076293945,86200,0.0,0.0
2019-07-15 00:00:00-04:00,17.920000076293945,18.485000610351562,17.600000381469727,17.790000915527344,57900,0.0,0.0
2019-07-16 00:00:00-04:00,17.889999389648438,18.030000686645508,17.479999542236328,17.559999465942383,28100,0.0,0.0
2019-07-17 00:00:00-04:00,17.56999969482422,17.56999969482422,17.010000228881836,17.450000762939453,85300,0.0,0.0
2019-07-18 00:00:00-04:00,17.290000915527344,17.81999969482422,17.049999237060547,17.06999969482422,65000,0.0,0.0
2019-07-19 00:00:00-04:00,16.959999084472656,17.489999771118164,16.959999084472656,17.15999984741211,58400,0.0,0.0
2019-07-22 00:00:00-04:00,17.030000686645508,17.31999969482422,16.260000228881836,16.420000076293945,171900,0.0,0.0
2019-07-23 00:00:00-04:00,16.34000015258789,17.190000534057617,15.699999809265137,15.890000343322754,99500,0.0,0.0
2019-07-24 00:00:00-04:00,15.869999885559082,16.360000610351562,15.739999771118164,16.18000030517578,223500,0.0,0.0
2019-07-25 00:00:00-04:00,16.139999389648438,16.209999084472656,15.154999732971191,15.3100004196167,134100,0.0,0.0
2019-07-26 00:00:00-04:00,15.430000305175781,15.65999984741211,15.100000381469727,15.520000457763672,33000,0.0,0.0
2019-07-29 00:00:00-04:00,15.359999656677246,15.470000267028809,14.890000343322754,14.920000076293945,25500,0.0,0.0
2019-07-30 00:00:00-04:00,14.930000305175781,15.34000015258789,14.550000190734863,15.270000457763672,60800,0.0,0.0
2019-07-31 00:00:00-04:00,15.739999771118164,15.776000022888184,15.0600004196167,15.109999656677246,40700,0.0,0.0
2019-08-01 00:00:00-04:00,15.149999618530273,15.149999618530273,13.920000076293945,14.15999984741211,80800,0.0,0.0
2019-08-02 00:00:00-04:00,13.989999771118164,14.239999771118164,13.680000305175781,14.0600004196167,83600,0.0,0.0
2019-08-05 00:00:00-04:00,13.890000343322754,13.890000343322754,13.180000305175781,13.5,75400,0.0,0.0
2019-08-06 00:00:00-04:00,13.529999732971191,13.75,13.1899995803833,13.729999542236328,32100,0.0,0.0
2019-08-07 00:00:00-04:00,13.520000457763672,13.770000457763672,12.449999809265137,12.600000381469727,131800,0.0,0.0
2019-08-08 00:00:00-04:00,13.449999809265137,15.289999961853027,13.449999809265137,14.619999885559082,76400,0.0,0.0
2019-08-09 00:00:00-04:00,14.470000267028809,14.699999809265137,13.579999923706055,14.510000228881836,371800,0.0,0.0
2019-08-12 00:00:00-04:00,14.319999694824219,14.680000305175781,14.020000457763672,14.34000015258789,48500,0.0,0.0
2019-08-13 00:00:00-04:00,14.180000305175781,15.0,13.119999885559082,14.8100004196167,37000,0.0,0.0
2019-08-14 00:00:00-04:00,14.479999542236328,14.489999771118164,13.645000457763672,14.1899995803833,76100,0.0,0.0
2019-08-15 00:00:00-04:00,14.119999885559082,15.329999923706055,14.0600004196167,15.109999656677246,69200,0.0,0.0
2019-08-16 00:00:00-04:00,15.270000457763672,15.5,15.119999885559082,15.210000038146973,59800,0.0,0.0
2019-08-19 00:00:00-04:00,15.479999542236328,16.68899917602539,14.899999618530273,15.699999809265137,79000,0.0,0.0
2019-08-20 00:00:00-04:00,15.640000343322754,15.979999542236328,15.199999809265137,15.399999618530273,51200,0.0,0.0
2019-08-21 00:00:00-04:00,15.229999542236328,15.229999542236328,14.59000015258789,15.010000228881836,24800,0.0,0.0
2019-08-22 00:00:00-04:00,15.050000190734863,15.192999839782715,14.619999885559082,14.619999885559082,47800,0.0,0.0
2019-08-23 00:00:00-04:00,14.520000457763672,14.968000411987305,13.65999984741211,13.789999961853027,39300,0.0,0.0
2019-08-26 00:00:00-04:00,14.020000457763672,14.109999656677246,13.75,13.880000114440918,31500,0.0,0.0
2019-08-27 00:00:00-04:00,13.989999771118164,14.039999961853027,13.074999809265137,13.550000190734863,44500,0.0,0.0
2019-08-28 00:00:00-04:00,13.449999809265137,13.850000381469727,13.109999656677246,13.539999961853027,50800,0.0,0.0
2019-08-29 00:00:00-04:00,13.600000381469727,14.015000343322754,13.479999542236328,13.550000190734863,34800,0.0,0.0
2019-08-30 00:00:00-04:00,13.020000457763672,13.779999732971191,13.020000457763672,13.600000381469727,51000,0.0,0.0
2019-09-03 00:00:00-04:00,13.5,13.59000015258789,12.920000076293945,13.140000343322754,47000,0.0,0.0
2019-09-04 00:00:00-04:00,13.289999961853027,13.585000038146973,12.940999984741211,13.220000267028809,44300,0.0,0.0
2019-09-05 00:00:00-04:00,13.210000038146973,13.550000190734863,12.829999923706055,13.069999694824219,93700,0.0,0.0
2019-09-06 00:00:00-04:00,13.15999984741211,13.355999946594238,13.0600004196167,13.079999923706055,35800,0.0,0.0
2019-09-09 00:00:00-04:00,13.149999618530273,13.819999694824219,12.890000343322754,13.680000305175781,239300,0.0,0.0
2019-09-10 00:00:00-04:00,13.699999809265137,14.585000038146973,13.699999809265137,14.350000381469727,165500,0.0,0.0
2019-09-11 00:00:00-04:00,14.479999542236328,14.890000343322754,14.069999694824219,14.760000228881836,138800,0.0,0.0
2019-09-12 00:00:00-04:00,14.84000015258789,14.942999839782715,14.15999984741211,14.59000015258789,106300,0.0,0.0
2019-09-13 00:00:00-04:00,14.649999618530273,14.949999809265137,14.229999542236328,14.380000114440918,151700,0.0,0.0
2019-09-16 00:00:00-04:00,14.300000190734863,14.369999885559082,13.550000190734863,13.609999656677246,194200,0.0,0.0
2019-09-17 00:00:00-04:00,13.670000076293945,14.430000305175781,13.270000457763672,14.390000343322754,207800,0.0,0.0
2019-09-18 00:00:00-04:00,14.449999809265137,14.673999786376953,13.930000305175781,14.140000343322754,147600,0.0,0.0
2019-09-19 00:00:00-04:00,14.170000076293945,14.34000015258789,13.539999961853027,13.579999923706055,170800,0.0,0.0
2019-09-20 00:00:00-04:00,13.569999694824219,13.859999656677246,13.020000457763672,13.210000038146973,680100,0.0,0.0
2019-09-23 00:00:00-04:00,13.279999732971191,13.550000190734863,13.083999633789062,13.479999542236328,104900,0.0,0.0
2019-09-24 00:00:00-04:00,13.420000076293945,13.420000076293945,12.920000076293945,13.15999984741211,168100,0.0,0.0
2019-09-25 00:00:00-04:00,13.170000076293945,13.5600004196167,13.154999732971191,13.420000076293945,61800,0.0,0.0
2019-09-26 00:00:00-04:00,13.380000114440918,13.58899974822998,12.850000381469727,13.420000076293945,122300,0.0,0.0
2019-09-27 00:00:00-04:00,13.449999809265137,13.550000190734863,13.020000457763672,13.329999923706055,186000,0.0,0.0
2019-09-30 00:00:00-04:00,13.529999732971191,14.949999809265137,13.529999732971191,14.539999961853027,206000,0.0,0.0
2019-10-01 00:00:00-04:00,14.59000015258789,15.350000381469727,14.430000305175781,14.9399995803833,83500,0.0,0.0
2019-10-02 00:00:00-04:00,14.8100004196167,15.550000190734863,14.743000030517578,15.350000381469727,61400,0.0,0.0
2019-10-03 00:00:00-04:00,15.479999542236328,15.479999542236328,14.645999908447266,14.789999961853027,65800,0.0,0.0
2019-10-04 00:00:00-04:00,14.979999542236328,14.979999542236328,14.210000038146973,14.529999732971191,63100,0.0,0.0
2019-10-07 00:00:00-04:00,14.510000228881836,14.699999809265137,14.050000190734863,14.109999656677246,52700,0.0,0.0
2019-10-08 00:00:00-04:00,13.920000076293945,13.920000076293945,13.079999923706055,13.300000190734863,87900,0.0,0.0
2019-10-09 00:00:00-04:00,13.369999885559082,13.550000190734863,13.199999809265137,13.449999809265137,40900,0.0,0.0
2019-10-10 00:00:00-04:00,13.460000038146973,13.729999542236328,13.399999618530273,13.539999961853027,128300,0.0,0.0
2019-10-11 00:00:00-04:00,13.520000457763672,14.121999740600586,13.510000228881836,13.729999542236328,106400,0.0,0.0
2019-10-14 00:00:00-04:00,13.550000190734863,13.550000190734863,13.0,13.079999923706055,50600,0.0,0.0
2019-10-15 00:00:00-04:00,13.119999885559082,13.119999885559082,12.720000267028809,13.069999694824219,61500,0.0,0.0
2019-10-16 00:00:00-04:00,13.069999694824219,13.460000038146973,12.9399995803833,13.15999984741211,59000,0.0,0.0
2019-10-17 00:00:00-04:00,13.140000343322754,13.329999923706055,13.140000343322754,13.239999771118164,36200,0.0,0.0
2019-10-18 00:00:00-04:00,13.149999618530273,13.319999694824219,13.0600004196167,13.069999694824219,45800,0.0,0.0
2019-10-21 00:00:00-04:00,13.170000076293945,13.380000114440918,13.170000076293945,13.270000457763672,57200,0.0,0.0
2019-10-22 00:00:00-04:00,13.289999961853027,13.729999542236328,13.25,13.59000015258789,22400,0.0,0.0
2019-10-23 00:00:00-04:00,13.649999618530273,13.729999542236328,13.510000228881836,13.609999656677246,32600,0.0,0.0
2019-10-24 00:00:00-04:00,13.670000076293945,13.800000190734863,13.479999542236328,13.640000343322754,30800,0.0,0.0
2019-10-25 00:00:00-04:00,13.630000114440918,14.050000190734863,13.600000381469727,13.710000038146973,22900,0.0,0.0
2019-10-28 00:00:00-04:00,13.770000457763672,13.989999771118164,13.770000457763672,13.850000381469727,33800,0.0,0.0
2019-10-29 00:00:00-04:00,13.819999694824219,14.050000190734863,13.635000228881836,13.960000038146973,33500,0.0,0.0
2019-10-30 00:00:00-04:00,13.930000305175781,14.380000114440918,13.444000244140625,13.65999984741211,66600,0.0,0.0
2019-10-31 00:00:00-04:00,13.670000076293945,13.6899995803833,13.319999694824219,13.6899995803833,43200,0.0,0.0
2019-11-01 00:00:00-04:00,13.899999618530273,14.085000038146973,13.789999961853027,13.890000343322754,58400,0.0,0.0
2019-11-04 00:00:00-05:00,13.829999923706055,13.925000190734863,13.720000267028809,13.770000457763672,23800,0.0,0.0
2019-11-05 00:00:00-05:00,13.779999732971191,14.274999618530273,13.760000228881836,13.850000381469727,44000,0.0,0.0
2019-11-06 00:00:00-05:00,13.869999885559082,14.005000114440918,13.515000343322754,13.680000305175781,43000,0.0,0.0
2019-11-07 00:00:00-05:00,13.890000343322754,13.890000343322754,13.484999656677246,13.609999656677246,56000,0.0,0.0
2019-11-08 00:00:00-05:00,13.609999656677246,13.609999656677246,13.430000305175781,13.479999542236328,59100,0.0,0.0
2019-11-11 00:00:00-05:00,13.449999809265137,14.28499984741211,13.449999809265137,13.600000381469727,153700,0.0,0.0
2019-11-12 00:00:00-05:00,14.180000305175781,15.100000381469727,13.710000038146973,14.510000228881836,315700,0.0,0.0
2019-11-13 00:00:00-05:00,14.420000076293945,15.1899995803833,14.420000076293945,14.760000228881836,155200,0.0,0.0
2019-11-14 00:00:00-05:00,14.800000190734863,14.984999656677246,14.210000038146973,14.520000457763672,172900,0.0,0.0
2019-11-15 00:00:00-05:00,14.640000343322754,14.805000305175781,14.5,14.539999961853027,144500,0.0,0.0
2019-11-18 00:00:00-05:00,14.520000457763672,15.109999656677246,14.3100004196167,14.899999618530273,121400,0.0,0.0
2019-11-19 00:00:00-05:00,14.930000305175781,15.34000015258789,14.65999984741211,14.949999809265137,86100,0.0,0.0
2019-11-20 00:00:00-05:00,14.899999618530273,15.40999984741211,14.899999618530273,15.1899995803833,187900,0.0,0.0
2019-11-21 00:00:00-05:00,15.229999542236328,16.1200008392334,15.229999542236328,15.899999618530273,234200,0.0,0.0
2019-11-22 00:00:00-05:00,15.989999771118164,16.40999984741211,15.979999542236328,16.19499969482422,112200,0.0,0.0
2019-11-25 00:00:00-05:00,16.270000457763672,16.68000030517578,16.059999465942383,16.540000915527344,147300,0.0,0.0
2019-11-26 00:00:00-05:00,16.56999969482422,17.1299991607666,16.235000610351562,16.690000534057617,144500,0.0,0.0
2019-11-27 00:00:00-05:00,16.75,16.940000534057617,16.639999389648438,16.850000381469727,129000,0.0,0.0
2019-11-29 00:00:00-05:00,16.799999237060547,17.409000396728516,16.790000915527344,17.34000015258789,109900,0.0,0.0
2019-12-02 00:00:00-05:00,17.43000030517578,17.700000762939453,17.174999237060547,17.56999969482422,137700,0.0,0.0
2019-12-03 00:00:00-05:00,17.389999389648438,17.40999984741211,17.15999984741211,17.34000015258789,88100,0.0,0.0
2019-12-04 00:00:00-05:00,17.399999618530273,17.51300048828125,16.93000030517578,17.200000762939453,142900,0.0,0.0
2019-12-05 00:00:00-05:00,17.239999771118164,17.34000015258789,16.979999542236328,17.010000228881836,192200,0.0,0.0
2019-12-06 00:00:00-05:00,17.1200008392334,17.850000381469727,16.8700008392334,17.770000457763672,183200,0.0,0.0
2019-12-09 00:00:00-05:00,17.709999084472656,17.889999389648438,17.0,17.239999771118164,83000,0.0,0.0
2019-12-10 00:00:00-05:00,17.25,17.510000228881836,16.8799991607666,17.15999984741211,171000,0.0,0.0
2019-12-11 00:00:00-05:00,17.209999084472656,17.219999313354492,16.940000534057617,17.170000076293945,98800,0.0,0.0
2019-12-12 00:00:00-05:00,17.079999923706055,17.809999465942383,17.06999969482422,17.350000381469727,253700,0.0,0.0
2019-12-13 00:00:00-05:00,17.399999618530273,17.670000076293945,17.0,17.3700008392334,243300,0.0,0.0
2019-12-16 00:00:00-05:00,17.969999313354492,18.13800048828125,17.40999984741211,17.5,257700,0.0,0.0
2019-12-17 00:00:00-05:00,17.600000381469727,17.684999465942383,16.96299934387207,17.18000030517578,120300,0.0,0.0
2019-12-18 00:00:00-05:00,17.219999313354492,17.34000015258789,16.81999969482422,17.079999923706055,138800,0.0,0.0
2019-12-19 00:00:00-05:00,17.139999389648438,17.450000762939453,16.940000534057617,16.979999542236328,152800,0.0,0.0
2019-12-20 00:00:00-05:00,17.0,17.040000915527344,16.84000015258789,16.9950008392334,268000,0.0,0.0
2019-12-23 00:00:00-05:00,17.049999237060547,18.040000915527344,17.0,17.920000076293945,104800,0.0,0.0
2019-12-24 00:00:00-05:00,17.90999984741211,18.030000686645508,17.610000610351562,17.940000534057617,25400,0.0,0.0
2019-12-26 00:00:00-05:00,17.979999542236328,18.06999969482422,17.719999313354492,17.899999618530273,56700,0.0,0.0
2019-12-27 00:00:00-05:00,17.93000030517578,18.149999618530273,17.399999618530273,17.600000381469727,55700,0.0,0.0
2019-12-30 00:00:00-05:00,17.639999389648438,17.770000457763672,17.420000076293945,17.450000762939453,50900,0.0,0.0
2019-12-31 00:00:00-05:00,17.31999969482422,17.760000228881836,17.299999237060547,17.56999969482422,61200,0.0,0.0
2020-01-02 00:00:00-05:00,17.6200008392334,17.729999542236328,16.799999237060547,16.950000762939453,76000,0.0,0.0
2020-01-03 00:00:00-05:00,16.889999389648438,16.889999389648438,16.34000015258789,16.469999313354492,70100,0.0,0.0
2020-01-06 00:00:00-05:00,16.31999969482422,16.65999984741211,16.114999771118164,16.459999084472656,66300,0.0,0.0
2020-01-07 00:00:00-05:00,16.420000076293945,17.315000534057617,16.260000228881836,16.299999237060547,55900,0.0,0.0
2020-01-08 00:00:00-05:00,16.34000015258789,16.788000106811523,16.34000015258789,16.459999084472656,79200,0.0,0.0
2020-01-09 00:00:00-05:00,16.510000228881836,17.1200008392334,16.31999969482422,16.420000076293945,71000,0.0,0.0
2020-01-10 00:00:00-05:00,16.34000015258789,16.420000076293945,15.710000038146973,15.84000015258789,67900,0.0,0.0
2020-01-13 00:00:00-05:00,15.859999656677246,16.4060001373291,15.75,16.18000030517578,77000,0.0,0.0
2020-01-14 00:00:00-05:00,16.079999923706055,16.190000534057617,15.770000457763672,15.899999618530273,80700,0.0,0.0
2020-01-15 00:00:00-05:00,15.899999618530273,16.079999923706055,15.460000038146973,15.8100004196167,47300,0.0,0.0
2020-01-16 00:00:00-05:00,15.899999618530273,16.06999969482422,15.770000457763672,15.84000015258789,51800,0.0,0.0
2020-01-17 00:00:00-05:00,16.010000228881836,16.010000228881836,15.0600004196167,15.40999984741211,110600,0.0,0.0
2020-01-21 00:00:00-05:00,15.470000267028809,15.6850004196167,15.100000381469727,15.40999984741211,57700,0.0,0.0
2020-01-22 00:00:00-05:00,15.5,15.609999656677246,15.050000190734863,15.140000343322754,30400,0.0,0.0
2020-01-23 00:00:00-05:00,15.119999885559082,15.130000114440918,14.869999885559082,15.029999732971191,52000,0.0,0.0
2020-01-24 00:00:00-05:00,15.130000114440918,15.130000114440918,14.270000457763672,14.420000076293945,40400,0.0,0.0
2020-01-27 00:00:00-05:00,14.220000267028809,14.300000190734863,13.869999885559082,14.149999618530273,54700,0.0,0.0
2020-01-28 00:00:00-05:00,14.279999732971191,14.630000114440918,14.232000350952148,14.479999542236328,147600,0.0,0.0
2020-01-29 00:00:00-05:00,14.510000228881836,14.720000267028809,14.119999885559082,14.1899995803833,41600,0.0,0.0
2020-01-30 00:00:00-05:00,13.960000038146973,13.994999885559082,13.715999603271484,13.899999618530273,34900,0.0,0.0
2020-01-31 00:00:00-05:00,13.880000114440918,14.0600004196167,13.510000228881836,14.0,78900,0.0,0.0
2020-02-03 00:00:00-05:00,14.100000381469727,14.289999961853027,13.90999984741211,14.149999618530273,58200,0.0,0.0
2020-02-04 00:00:00-05:00,14.529999732971191,14.529999732971191,14.199999809265137,14.229999542236328,99400,0.0,0.0
2020-02-05 00:00:00-05:00,14.279999732971191,14.569999694824219,14.109999656677246,14.460000038146973,128500,0.0,0.0
2020-02-06 00:00:00-05:00,14.489999771118164,14.649999618530273,14.3100004196167,14.40999984741211,46300,0.0,0.0
2020-02-07 00:00:00-05:00,14.260000228881836,14.279999732971191,13.91100025177002,13.989999771118164,34900,0.0,0.0
2020-02-10 00:00:00-05:00,13.989999771118164,14.170000076293945,13.729999542236328,14.100000381469727,63800,0.0,0.0
2020-02-11 00:00:00-05:00,14.210000038146973,14.420000076293945,14.149999618530273,14.380000114440918,70900,0.0,0.0
2020-02-12 00:00:00-05:00,14.5,14.699999809265137,14.40999984741211,14.619999885559082,53200,0.0,0.0
2020-02-13 00:00:00-05:00,14.649999618530273,14.819999694824219,14.352999687194824,14.640000343322754,37000,0.0,0.0
2020-02-14 00:00:00-05:00,14.5600004196167,14.59000015258789,14.270000457763672,14.529999732971191,29400,0.0,0.0
2020-02-18 00:00:00-05:00,14.609999656677246,14.789999961853027,14.319999694824219,14.430000305175781,23000,0.0,0.0
2020-02-19 00:00:00-05:00,14.420000076293945,14.470000267028809,14.010000228881836,14.220000267028809,29100,0.0,0.0
2020-02-20 00:00:00-05:00,14.15999984741211,14.300000190734863,13.90999984741211,14.149999618530273,78600,0.0,0.0
2020-02-21 00:00:00-05:00,13.949999809265137,14.5,13.5,14.239999771118164,128100,0.0,0.0
2020-02-24 00:00:00-05:00,14.119999885559082,14.1899995803833,13.581000328063965,14.010000228881836,50100,0.0,0.0
2020-02-25 00:00:00-05:00,13.979999542236328,13.979999542236328,13.180000305175781,13.319999694824219,172600,0.0,0.0
2020-02-26 00:00:00-05:00,13.399999618530273,13.470000267028809,13.050000190734863,13.069999694824219,87600,0.0,0.0
2020-02-27 00:00:00-05:00,12.680000305175781,13.430000305175781,12.0,12.09000015258789,101400,0.0,0.0
2020-02-28 00:00:00-05:00,11.760000228881836,12.260000228881836,11.545000076293945,12.050000190734863,111900,0.0,0.0
2020-03-02 00:00:00-05:00,12.09000015258789,12.09000015258789,11.574999809265137,11.979999542236328,63800,0.0,0.0
2020-03-03 00:00:00-05:00,12.119999885559082,12.975000381469727,11.050000190734863,11.414999961853027,74900,0.0,0.0
2020-03-04 00:00:00-05:00,11.649999618530273,11.843999862670898,11.039999961853027,11.460000038146973,45800,0.0,0.0
2020-03-05 00:00:00-05:00,11.210000038146973,11.270000457763672,10.359999656677246,10.600000381469727,125400,0.0,0.0
2020-03-06 00:00:00-05:00,10.079999923706055,10.375,9.550000190734863,9.760000228881836,107700,0.0,0.0
2020-03-09 00:00:00-04:00,9.4399995803833,9.4399995803833,7.599999904632568,8.149999618530273,91500,0.0,0.0
2020-03-10 00:00:00-04:00,8.329999923706055,8.960000038146973,7.78000020980835,8.010000228881836,85000,0.0,0.0
2020-03-11 00:00:00-04:00,7.769999980926514,8.513999938964844,6.840000152587891,6.849999904632568,68600,0.0,0.0
2020-03-12 00:00:00-04:00,6.590000152587891,6.829999923706055,4.949999809265137,4.960000038146973,201100,0.0,0.0
2020-03-13 00:00:00-04:00,5.300000190734863,6.577000141143799,5.070000171661377,6.389999866485596,102800,0.0,0.0
2020-03-16 00:00:00-04:00,5.360000133514404,6.059999942779541,5.360000133514404,5.949999809265137,100100,0.0,0.0
2020-03-17 00:00:00-04:00,6.28000020980835,6.775000095367432,5.559999942779541,6.590000152587891,92300,0.0,0.0
2020-03-18 00:00:00-04:00,5.929999828338623,5.980000019073486,4.579999923706055,4.650000095367432,73500,0.0,0.0
2020-03-19 00:00:00-04:00,4.610000133514404,5.400000095367432,4.380000114440918,5.21999979019165,128000,0.0,0.0
2020-03-20 00:00:00-04:00,5.25,5.739999771118164,4.849999904632568,5.269999980926514,189800,0.0,0.0
2020-03-23 00:00:00-04:00,5.559999942779541,5.730000019073486,4.309999942779541,4.5,101400,0.0,0.0
2020-03-24 00:00:00-04:00,4.900000095367432,5.199999809265137,4.480000019073486,4.730000019073486,177700,0.0,0.0
2020-03-25 00:00:00-04:00,4.929999828338623,6.369999885559082,4.5,5.980000019073486,106900,0.0,0.0
2020-03-26 00:00:00-04:00,6.090000152587891,6.460000038146973,5.03000020980835,5.46999979019165,85600,0.0,0.0
2020-03-27 00:00:00-04:00,5.46999979019165,5.46999979019165,4.579999923706055,4.619999885559082,100900,0.0,0.0
2020-03-30 00:00:00-04:00,5.059999942779541,5.139999866485596,4.449999809265137,5.130000114440918,116600,0.0,0.0
2020-03-31 00:00:00-04:00,5.079999923706055,5.788000106811523,4.769999980926514,5.420000076293945,219500,0.0,0.0
2020-04-01 00:00:00-04:00,5.420000076293945,6.559999942779541,4.75,4.75,280500,0.0,0.0
2020-04-02 00:00:00-04:00,4.75,5.090000152587891,4.340000152587891,4.440000057220459,232800,0.0,0.0
2020-04-03 00:00:00-04:00,4.099999904632568,4.360000133514404,3.2249999046325684,3.3499999046325684,298100,0.0,0.0
2020-04-06 00:00:00-04:00,3.619999885559082,4.519999980926514,3.430000066757202,3.930000066757202,208000,0.0,0.0
2020-04-07 00:00:00-04:00,4.320000171661377,4.699999809265137,3.799999952316284,4.159999847412109,128500,0.0,0.0
2020-04-08 00:00:00-04:00,4.019999980926514,4.329999923706055,3.859999895095825,3.950000047683716,129800,0.0,0.0
2020-04-09 00:00:00-04:00,4.090000152587891,4.289999961853027,3.75,3.8499999046325684,195900,0.0,0.0
2020-04-13 00:00:00-04:00,3.950000047683716,4.03000020980835,3.819999933242798,3.8299999237060547,101700,0.0,0.0
2020-04-14 00:00:00-04:00,3.9800000190734863,4.185999870300293,3.799999952316284,3.9200000762939453,90900,0.0,0.0
2020-04-15 00:00:00-04:00,3.930000066757202,3.984999895095825,3.5399999618530273,3.5899999141693115,121200,0.0,0.0
2020-04-16 00:00:00-04:00,3.5999999046325684,3.809999942779541,3.380000114440918,3.690000057220459,186500,0.0,0.0
2020-04-17 00:00:00-04:00,4.059999942779541,4.059999942779541,3.5899999141693115,3.690000057220459,97100,0.0,0.0
2020-04-20 00:00:00-04:00,3.75,3.799999952316284,3.615000009536743,3.680000066757202,145800,0.0,0.0
2020-04-21 00:00:00-04:00,3.609999895095825,3.619999885559082,3.440000057220459,3.5399999618530273,70500,0.0,0.0
2020-04-22 00:00:00-04:00,3.6700000762939453,3.680000066757202,3.5,3.5,140900,0.0,0.0
2020-04-23 00:00:00-04:00,3.559999942779541,3.740000009536743,3.440000057220459,3.5299999713897705,145900,0.0,0.0
2020-04-24 00:00:00-04:00,3.7200000286102295,3.990000009536743,3.684999942779541,3.9200000762939453,166500,0.0,0.0
2020-04-27 00:00:00-04:00,4.03000020980835,4.769999980926514,4.0,4.510000228881836,213700,0.0,0.0
2020-04-28 00:00:00-04:00,4.610000133514404,4.889999866485596,4.380000114440918,4.420000076293945,132000,0.0,0.0
2020-04-29 00:00:00-04:00,4.53000020980835,4.849999904632568,4.300000190734863,4.380000114440918,171600,0.0,0.0
2020-04-30 00:00:00-04:00,4.599999904632568,4.619999885559082,4.289999961853027,4.429999828338623,105100,0.0,0.0
2020-05-01 00:00:00-04:00,4.46999979019165,4.46999979019165,3.9600000381469727,4.099999904632568,133200,0.0,0.0
2020-05-04 00:00:00-04:00,4.099999904632568,4.230000019073486,3.9000000953674316,3.9600000381469727,176600,0.0,0.0
2020-05-05 00:00:00-04:00,4.340000152587891,4.340000152587891,3.9200000762939453,3.990000009536743,138400,0.0,0.0
2020-05-06 00:00:00-04:00,4.050000190734863,4.099999904632568,3.700000047683716,3.75,113700,0.0,0.0
2020-05-07 00:00:00-04:00,3.819999933242798,3.880000114440918,3.634999990463257,3.75,115400,0.0,0.0
2020-05-08 00:00:00-04:00,3.859999895095825,4.090000152587891,3.7850000858306885,4.050000190734863,215600,0.0,0.0
2020-05-11 00:00:00-04:00,4.070000171661377,4.111999988555908,3.9200000762939453,3.930000066757202,161300,0.0,0.0
2020-05-12 00:00:00-04:00,3.799999952316284,3.8269999027252197,3.069999933242798,3.140000104904175,501100,0.0,0.0
2020-05-13 00:00:00-04:00,3.1600000858306885,3.549999952316284,3.1500000953674316,3.369999885559082,224600,0.0,0.0
2020-05-14 00:00:00-04:00,3.299999952316284,3.369999885559082,3.0,3.369999885559082,130600,0.0,0.0
2020-05-15 00:00:00-04:00,3.359999895095825,3.359999895095825,3.049999952316284,3.3299999237060547,138700,0.0,0.0
2020-05-18 00:00:00-04:00,3.440000057220459,3.493000030517578,3.200000047683716,3.430000066757202,219200,0.0,0.0
2020-05-19 00:00:00-04:00,3.450000047683716,3.450000047683716,3.200000047683716,3.2300000190734863,220300,0.0,0.0
2020-05-20 00:00:00-04:00,3.25,3.990000009536743,3.2249999046325684,3.9200000762939453,463600,0.0,0.0
2020-05-21 00:00:00-04:00,4.0,4.0,3.7799999713897705,3.9100000858306885,139700,0.0,0.0
2020-05-22 00:00:00-04:00,3.890000104904175,4.349999904632568,3.859999895095825,4.239999771118164,194400,0.0,0.0
2020-05-26 00:00:00-04:00,4.550000190734863,6.440000057220459,4.5,5.309999942779541,940200,0.0,0.0
2020-05-27 00:00:00-04:00,5.389999866485596,6.119999885559082,5.230000019073486,6.010000228881836,403600,0.0,0.0
2020-05-28 00:00:00-04:00,6.21999979019165,6.690000057220459,5.809999942779541,5.909999847412109,479900,0.0,0.0
2020-05-29 00:00:00-04:00,5.760000228881836,5.760000228881836,5.050000190734863,5.170000076293945,295700,0.0,0.0
2020-06-01 00:00:00-04:00,5.130000114440918,5.53000020980835,5.099999904632568,5.175000190734863,157200,0.0,0.0
2020-06-02 00:00:00-04:00,5.349999904632568,5.460000038146973,5.099999904632568,5.230000019073486,285100,0.0,0.0
2020-06-03 00:00:00-04:00,5.300000190734863,5.800000190734863,5.230000019073486,5.639999866485596,210300,0.0,0.0
2020-06-04 00:00:00-04:00,5.650000095367432,5.84499979019165,5.519999980926514,5.75,214400,0.0,0.0
2020-06-05 00:00:00-04:00,5.989999771118164,7.940000057220459,5.9770002365112305,7.429999828338623,576100,0.0,0.0
2020-06-08 00:00:00-04:00,8.470000267028809,9.279999732971191,7.690000057220459,8.539999961853027,492100,0.0,0.0
2020-06-09 00:00:00-04:00,8.300000190734863,8.4399995803833,6.857999801635742,7.510000228881836,387800,0.0,0.0
2020-06-10 00:00:00-04:00,7.349999904632568,7.349999904632568,6.419000148773193,6.610000133514404,262300,0.0,0.0
2020-06-11 00:00:00-04:00,6.079999923706055,6.079999923706055,5.284999847412109,5.360000133514404,279400,0.0,0.0
2020-06-12 00:00:00-04:00,6.070000171661377,6.190000057220459,5.440000057220459,5.760000228881836,255400,0.0,0.0
2020-06-15 00:00:00-04:00,5.409999847412109,6.199999809265137,5.210999965667725,5.989999771118164,229000,0.0,0.0
2020-06-16 00:00:00-04:00,6.550000190734863,6.860000133514404,5.619999885559082,5.809999942779541,215300,0.0,0.0
2020-06-17 00:00:00-04:00,6.0,6.0,5.599999904632568,5.610000133514404,165700,0.0,0.0
2020-06-18 00:00:00-04:00,5.519999980926514,6.0,5.5,5.679999828338623,363600,0.0,0.0
2020-06-19 00:00:00-04:00,5.820000171661377,5.820000171661377,5.300000190734863,5.340000152587891,322300,0.0,0.0
2020-06-22 00:00:00-04:00,5.260000228881836,5.340000152587891,4.849999904632568,4.869999885559082,384800,0.0,0.0
2020-06-23 00:00:00-04:00,4.960000038146973,5.110000133514404,4.599999904632568,4.75,323700,0.0,0.0
2020-06-24 00:00:00-04:00,4.570000171661377,4.590000152587891,4.099999904632568,4.289999961853027,646200,0.0,0.0
2020-06-25 00:00:00-04:00,5.25,5.25,4.409999847412109,4.630000114440918,1114300,0.0,0.0
2020-06-26 00:00:00-04:00,4.610000133514404,4.699999809265137,4.099999904632568,4.289999961853027,2114600,0.0,0.0
2020-06-29 00:00:00-04:00,4.170000076293945,4.380000114440918,4.099999904632568,4.260000228881836,262500,0.0,0.0
2020-06-30 00:00:00-04:00,4.260000228881836,4.260000228881836,3.880000114440918,3.950000047683716,452400,0.0,0.0
2020-07-01 00:00:00-04:00,4.0,4.63700008392334,3.9800000190734863,4.449999809265137,595500,0.0,0.0
2020-07-02 00:00:00-04:00,4.429999828338623,4.650000095367432,4.03000020980835,4.079999923706055,253300,0.0,0.0
2020-07-06 00:00:00-04:00,4.179999828338623,4.199999809265137,3.9700000286102295,3.9700000286102295,231600,0.0,0.0
2020-07-07 00:00:00-04:00,3.9200000762939453,4.045000076293945,3.619999885559082,3.7699999809265137,356800,0.0,0.0
2020-07-08 00:00:00-04:00,3.75,3.930000066757202,3.75,3.809999942779541,141200,0.0,0.0
2020-07-09 00:00:00-04:00,3.809999942779541,3.990000009536743,3.609999895095825,3.6600000858306885,227700,0.0,0.0
2020-07-10 00:00:00-04:00,3.700000047683716,4.230000019073486,3.6700000762939453,4.0,253900,0.0,0.0
2020-07-13 00:00:00-04:00,4.070000171661377,4.199999809265137,3.8610000610351562,3.9000000953674316,166100,0.0,0.0
2020-07-14 00:00:00-04:00,3.940000057220459,4.579999923706055,3.7899999618530273,4.119999885559082,437200,0.0,0.0
2020-07-15 00:00:00-04:00,4.289999961853027,4.389999866485596,3.859999895095825,4.130000114440918,314900,0.0,0.0
2020-07-16 00:00:00-04:00,4.070000171661377,4.190000057220459,3.9600000381469727,4.099999904632568,144400,0.0,0.0
2020-07-17 00:00:00-04:00,4.099999904632568,4.1020002365112305,3.9000000953674316,4.0,217700,0.0,0.0
2020-07-20 00:00:00-04:00,3.990000009536743,4.059999942779541,3.859999895095825,3.859999895095825,177300,0.0,0.0
2020-07-21 00:00:00-04:00,3.9700000286102295,4.159999847412109,3.869999885559082,4.059999942779541,237500,0.0,0.0
2020-07-22 00:00:00-04:00,4.059999942779541,4.28000020980835,3.930000066757202,3.990000009536743,202800,0.0,0.0
2020-07-23 00:00:00-04:00,4.039999961853027,4.085999965667725,3.8399999141693115,3.940000057220459,179900,0.0,0.0
2020-07-24 00:00:00-04:00,3.9200000762939453,3.990000009536743,3.8499999046325684,3.9800000190734863,86400,0.0,0.0
2020-07-27 00:00:00-04:00,3.950000047683716,3.990000009536743,3.819999933242798,3.890000104904175,131600,0.0,0.0
2020-07-28 00:00:00-04:00,3.8499999046325684,4.090000152587891,3.8499999046325684,3.9600000381469727,129500,0.0,0.0
2020-07-29 00:00:00-04:00,4.019999980926514,4.059999942779541,3.9000000953674316,3.990000009536743,80000,0.0,0.0
2020-07-30 00:00:00-04:00,3.9100000858306885,3.990000009536743,3.8010001182556152,3.930000066757202,71700,0.0,0.0
2020-07-31 00:00:00-04:00,3.940000057220459,3.940000057220459,3.7300000190734863,3.930000066757202,138100,0.0,0.0
2020-08-03 00:00:00-04:00,3.940000057220459,3.940000057220459,3.799999952316284,3.880000114440918,126300,0.0,0.0
2020-08-04 00:00:00-04:00,3.9000000953674316,4.03000020980835,3.9000000953674316,3.9200000762939453,142200,0.0,0.0
2020-08-05 00:00:00-04:00,4.039999961853027,4.039999961853027,3.8499999046325684,3.880000114440918,201900,0.0,0.0
2020-08-06 00:00:00-04:00,3.9100000858306885,3.9800000190734863,3.8499999046325684,3.8499999046325684,127600,0.0,0.0
2020-08-07 00:00:00-04:00,3.8499999046325684,3.9600000381469727,3.7200000286102295,3.940000057220459,149300,0.0,0.0
2020-08-10 00:00:00-04:00,3.9000000953674316,5.320000171661377,3.9000000953674316,4.949999809265137,1478000,0.0,0.0
2020-08-11 00:00:00-04:00,5.010000228881836,5.28000020980835,4.980000019073486,5.199999809265137,482100,0.0,0.0
2020-08-12 00:00:00-04:00,5.449999809265137,6.0,5.380000114440918,5.71999979019165,601500,0.0,0.0
2020-08-13 00:00:00-04:00,5.800000190734863,5.940000057220459,5.460000038146973,5.539999961853027,295700,0.0,0.0
2020-08-14 00:00:00-04:00,5.460000038146973,5.889999866485596,5.420000076293945,5.590000152587891,239200,0.0,0.0
2020-08-17 00:00:00-04:00,5.590000152587891,5.670000076293945,5.420000076293945,5.610000133514404,187300,0.0,0.0
2020-08-18 00:00:00-04:00,5.550000190734863,5.610000133514404,5.400000095367432,5.539999961853027,208300,0.0,0.0
2020-08-19 00:00:00-04:00,5.510000228881836,5.675000190734863,5.46999979019165,5.5,66900,0.0,0.0
2020-08-20 00:00:00-04:00,5.46999979019165,5.539999961853027,5.3460001945495605,5.539999961853027,82400,0.0,0.0
2020-08-21 00:00:00-04:00,5.489999771118164,5.53000020980835,5.28000020980835,5.309999942779541,142100,0.0,0.0
2020-08-24 00:00:00-04:00,5.400000095367432,5.420000076293945,5.079999923706055,5.289999961853027,138300,0.0,0.0
2020-08-25 00:00:00-04:00,5.320000171661377,5.420000076293945,5.179999828338623,5.360000133514404,97300,0.0,0.0
2020-08-26 00:00:00-04:00,5.324999809265137,5.340000152587891,5.050000190734863,5.090000152587891,172300,0.0,0.0
2020-08-27 00:00:00-04:00,5.110000133514404,5.21999979019165,5.060999870300293,5.119999885559082,82400,0.0,0.0
2020-08-28 00:00:00-04:00,5.170000076293945,5.449999809265137,5.130000114440918,5.380000114440918,159100,0.0,0.0
2020-08-31 00:00:00-04:00,5.380000114440918,5.380000114440918,4.90500020980835,4.96999979019165,212200,0.0,0.0
2020-09-01 00:00:00-04:00,4.940000057220459,5.050000190734863,4.861999988555908,4.960000038146973,67300,0.0,0.0
2020-09-02 00:00:00-04:00,4.900000095367432,5.289999961853027,4.900000095367432,5.230000019073486,114400,0.0,0.0
2020-09-03 00:00:00-04:00,5.264999866485596,5.400000095367432,5.070000171661377,5.239999771118164,106800,0.0,0.0
2020-09-04 00:00:00-04:00,5.349999904632568,5.550000190734863,5.150000095367432,5.46999979019165,130700,0.0,0.0
2020-09-08 00:00:00-04:00,5.440000057220459,5.539999961853027,5.03000020980835,5.309999942779541,186200,0.0,0.0
2020-09-09 00:00:00-04:00,5.349999904632568,5.409999847412109,5.199999809265137,5.230000019073486,78700,0.0,0.0
2020-09-10 00:00:00-04:00,5.21999979019165,5.400000095367432,5.059999942779541,5.159999847412109,83700,0.0,0.0
2020-09-11 00:00:00-04:00,5.179999828338623,5.260000228881836,5.059999942779541,5.210000038146973,67400,0.0,0.0
2020-09-14 00:00:00-04:00,5.25,5.449999809265137,5.190000057220459,5.400000095367432,66300,0.0,0.0
2020-09-15 00:00:00-04:00,5.480000019073486,5.5,5.110000133514404,5.199999809265137,71400,0.0,0.0
2020-09-16 00:00:00-04:00,5.170000076293945,5.40500020980835,5.110000133514404,5.159999847412109,63600,0.0,0.0
2020-09-17 00:00:00-04:00,5.110000133514404,5.232999801635742,5.050000190734863,5.099999904632568,99900,0.0,0.0
2020-09-18 00:00:00-04:00,5.179999828338623,5.25,4.949999809265137,4.960000038146973,123800,0.0,0.0
2020-09-21 00:00:00-04:00,4.900000095367432,4.909999847412109,4.586999893188477,4.829999923706055,106200,0.0,0.0
2020-09-22 00:00:00-04:00,4.809999942779541,4.920000076293945,4.71999979019165,4.75,66200,0.0,0.0
2020-09-23 00:00:00-04:00,4.760000228881836,5.080999851226807,4.659999847412109,4.659999847412109,101800,0.0,0.0
2020-09-24 00:00:00-04:00,4.639999866485596,4.769999980926514,4.400000095367432,4.760000228881836,113400,0.0,0.0
2020-09-25 00:00:00-04:00,4.699999809265137,4.920000076293945,4.699999809265137,4.849999904632568,26900,0.0,0.0
2020-09-28 00:00:00-04:00,4.880000114440918,5.050000190734863,4.869999885559082,5.050000190734863,45800,0.0,0.0
2020-09-29 00:00:00-04:00,5.0,5.349999904632568,4.994999885559082,5.309999942779541,93800,0.0,0.0
2020-09-30 00:00:00-04:00,5.300000190734863,5.46999979019165,5.210000038146973,5.369999885559082,54000,0.0,0.0
2020-10-01 00:00:00-04:00,5.284999847412109,5.510000228881836,5.28000020980835,5.400000095367432,40400,0.0,0.0
2020-10-02 00:00:00-04:00,5.199999809265137,5.400000095367432,5.179999828338623,5.400000095367432,57700,0.0,0.0
2020-10-05 00:00:00-04:00,5.420000076293945,5.5,5.239999771118164,5.369999885559082,47200,0.0,0.0
2020-10-06 00:00:00-04:00,5.329999923706055,5.40500020980835,5.199999809265137,5.199999809265137,66600,0.0,0.0
2020-10-07 00:00:00-04:00,5.39300012588501,5.39300012588501,5.0,5.21999979019165,54500,0.0,0.0
2020-10-08 00:00:00-04:00,5.260000228881836,5.349999904632568,5.099999904632568,5.329999923706055,47400,0.0,0.0
2020-10-09 00:00:00-04:00,5.269999980926514,5.429999828338623,5.0960001945495605,5.329999923706055,46300,0.0,0.0
2020-10-12 00:00:00-04:00,5.340000152587891,5.429999828338623,5.099999904632568,5.139999866485596,45300,0.0,0.0
2020-10-13 00:00:00-04:00,5.110000133514404,5.130000114440918,5.019999980926514,5.019999980926514,81000,0.0,0.0
2020-10-14 00:00:00-04:00,4.980000019073486,5.090000152587891,4.89900016784668,5.059999942779541,28400,0.0,0.0
2020-10-15 00:00:00-04:00,4.980000019073486,5.21999979019165,4.980000019073486,5.21999979019165,21100,0.0,0.0
2020-10-16 00:00:00-04:00,5.179999828338623,5.25,5.039999961853027,5.110000133514404,36500,0.0,0.0
2020-10-19 00:00:00-04:00,5.150000095367432,5.239999771118164,5.070000171661377,5.099999904632568,39800,0.0,0.0
2020-10-20 00:00:00-04:00,5.110000133514404,5.190000057220459,5.090000152587891,5.179999828338623,37800,0.0,0.0
2020-10-21 00:00:00-04:00,5.179999828338623,5.519999980926514,5.079999923706055,5.480000019073486,117300,0.0,0.0
2020-10-22 00:00:00-04:00,5.570000171661377,5.639999866485596,5.285999774932861,5.409999847412109,66100,0.0,0.0
2020-10-23 00:00:00-04:00,5.190999984741211,5.650000095367432,5.190999984741211,5.590000152587891,41400,0.0,0.0
2020-10-26 00:00:00-04:00,5.519999980926514,5.75,5.130000114440918,5.579999923706055,106100,0.0,0.0
2020-10-27 00:00:00-04:00,5.579999923706055,5.579999923706055,5.329999923706055,5.380000114440918,22700,0.0,0.0
2020-10-28 00:00:00-04:00,5.28000020980835,5.380000114440918,5.019999980926514,5.070000171661377,90200,0.0,0.0
2020-10-29 00:00:00-04:00,5.070000171661377,5.400000095367432,5.010000228881836,5.380000114440918,58400,0.0,0.0
2020-10-30 00:00:00-04:00,5.309999942779541,5.360000133514404,5.0,5.059999942779541,73100,0.0,0.0
2020-11-02 00:00:00-05:00,5.119999885559082,5.195000171661377,4.9730000495910645,5.019999980926514,52100,0.0,0.0
2020-11-03 00:00:00-05:00,5.110000133514404,5.269999980926514,5.090000152587891,5.139999866485596,22800,0.0,0.0
2020-11-04 00:00:00-05:00,5.119999885559082,5.494999885559082,5.059999942779541,5.170000076293945,50400,0.0,0.0
2020-11-05 00:00:00-05:00,5.86899995803833,5.86899995803833,5.210000038146973,5.690000057220459,111700,0.0,0.0
2020-11-06 00:00:00-05:00,5.75,5.889999866485596,5.638000011444092,5.829999923706055,61700,0.0,0.0
2020-11-09 00:00:00-05:00,6.110000133514404,6.820000171661377,6.0,6.5,179800,0.0,0.0
2020-11-10 00:00:00-05:00,6.5,6.699999809265137,6.190000057220459,6.349999904632568,137900,0.0,0.0
2020-11-11 00:00:00-05:00,6.389999866485596,6.679999828338623,6.223999977111816,6.630000114440918,139900,0.0,0.0
2020-11-12 00:00:00-05:00,6.550000190734863,6.670000076293945,6.420000076293945,6.5,103700,0.0,0.0
2020-11-13 00:00:00-05:00,6.510000228881836,6.639999866485596,6.460000038146973,6.460000038146973,96000,0.0,0.0
2020-11-16 00:00:00-05:00,6.630000114440918,6.75,6.349999904632568,6.46999979019165,162400,0.0,0.0
2020-11-17 00:00:00-05:00,6.420000076293945,6.541999816894531,6.25,6.340000152587891,76200,0.0,0.0
2020-11-18 00:00:00-05:00,6.369999885559082,6.440000057220459,6.099999904632568,6.139999866485596,80700,0.0,0.0
2020-11-19 00:00:00-05:00,6.139999866485596,6.489999771118164,6.139999866485596,6.429999828338623,15700,0.0,0.0
2020-11-20 00:00:00-05:00,6.420000076293945,7.400000095367432,6.420000076293945,7.130000114440918,128700,0.0,0.0
2020-11-23 00:00:00-05:00,7.099999904632568,8.329999923706055,7.099999904632568,8.09000015258789,134500,0.0,0.0
2020-11-24 00:00:00-05:00,8.100000381469727,8.260000228881836,7.889999866485596,8.170000076293945,83200,0.0,0.0
2020-11-25 00:00:00-05:00,8.0600004196167,8.289999961853027,7.909999847412109,8.25,53200,0.0,0.0
2020-11-27 00:00:00-05:00,7.71999979019165,8.460000038146973,7.71999979019165,8.460000038146973,19100,0.0,0.0
2020-11-30 00:00:00-05:00,8.489999771118164,8.84000015258789,7.909999847412109,8.770000457763672,99600,0.0,0.0
2020-12-01 00:00:00-05:00,8.850000381469727,9.260000228881836,8.710000038146973,9.199999809265137,104500,0.0,0.0
2020-12-02 00:00:00-05:00,9.09000015258789,9.125,8.5,8.569999694824219,155500,0.0,0.0
2020-12-03 00:00:00-05:00,8.59000015258789,9.5,8.59000015258789,9.100000381469727,165700,0.0,0.0
2020-12-04 00:00:00-05:00,9.079999923706055,9.4399995803833,8.760000228881836,9.399999618530273,139900,0.0,0.0
2020-12-07 00:00:00-05:00,9.300000190734863,9.5,8.970999717712402,9.5,68900,0.0,0.0
2020-12-08 00:00:00-05:00,9.460000038146973,10.40999984741211,9.399999618530273,10.0,119000,0.0,0.0
2020-12-09 00:00:00-05:00,10.010000228881836,10.369999885559082,9.350000381469727,9.449999809265137,85700,0.0,0.0
2020-12-10 00:00:00-05:00,9.449999809265137,9.970000267028809,9.210000038146973,9.539999961853027,57900,0.0,0.0
2020-12-11 00:00:00-05:00,9.720000267028809,9.720000267028809,8.989999771118164,9.079999923706055,80900,0.0,0.0
2020-12-14 00:00:00-05:00,8.989999771118164,9.460000038146973,8.619999885559082,8.850000381469727,108200,0.0,0.0
2020-12-15 00:00:00-05:00,8.9399995803833,9.300000190734863,8.779999732971191,9.140000343322754,66400,0.0,0.0
2020-12-16 00:00:00-05:00,9.119999885559082,9.470000267028809,8.940999984741211,9.210000038146973,42000,0.0,0.0
2020-12-17 00:00:00-05:00,9.039999961853027,9.100000381469727,8.5,8.869999885559082,151300,0.0,0.0
2020-12-18 00:00:00-05:00,8.40999984741211,8.869999885559082,8.25,8.579999923706055,286300,0.0,0.0
2020-12-21 00:00:00-05:00,8.585000038146973,8.987000465393066,8.300000190734863,8.640000343322754,150800,0.0,0.0
2020-12-22 00:00:00-05:00,8.720000267028809,8.90999984741211,8.303999900817871,8.75,49400,0.0,0.0
2020-12-23 00:00:00-05:00,8.789999961853027,9.15999984741211,8.789999961853027,9.039999961853027,46000,0.0,0.0
2020-12-24 00:00:00-05:00,9.050000190734863,9.199999809265137,8.960000038146973,9.180000305175781,11400,0.0,0.0
2020-12-28 00:00:00-05:00,9.210000038146973,9.369999885559082,9.074000358581543,9.119999885559082,68800,0.0,0.0
2020-12-29 00:00:00-05:00,9.119999885559082,9.369999885559082,8.592000007629395,8.75,46800,0.0,0.0
2020-12-30 00:00:00-05:00,8.8100004196167,9.0,8.449999809265137,8.710000038146973,65600,0.0,0.0
2020-12-31 00:00:00-05:00,8.710000038146973,8.84000015258789,8.59000015258789,8.720000267028809,49100,0.0,0.0
2021-01-04 00:00:00-05:00,8.720000267028809,8.989999771118164,8.5,8.770000457763672,58900,0.0,0.0
2021-01-05 00:00:00-05:00,8.5,9.0,8.5,8.739999771118164,42800,0.0,0.0
2021-01-06 00:00:00-05:00,8.40999984741211,9.140000343322754,8.40999984741211,9.0600004196167,75100,0.0,0.0
2021-01-07 00:00:00-05:00,9.0,9.25,8.800000190734863,8.880000114440918,44400,0.0,0.0
2021-01-08 00:00:00-05:00,8.774999618530273,8.984999656677246,8.520000457763672,8.630000114440918,77200,0.0,0.0
2021-01-11 00:00:00-05:00,8.359999656677246,8.5,8.069999694824219,8.260000228881836,96900,0.0,0.0
2021-01-12 00:00:00-05:00,8.270000457763672,9.0,8.270000457763672,8.8100004196167,44400,0.0,0.0
2021-01-13 00:00:00-05:00,8.819999694824219,9.279999732971191,8.59000015258789,9.020000457763672,42600,0.0,0.0
2021-01-14 00:00:00-05:00,9.069999694824219,9.649999618530273,8.770000457763672,9.529999732971191,108700,0.0,0.0
2021-01-15 00:00:00-05:00,9.4399995803833,10.0,9.3100004196167,9.819999694824219,110200,0.0,0.0
2021-01-19 00:00:00-05:00,9.699999809265137,10.190999984741211,9.420000076293945,9.420000076293945,295000,0.0,0.0
2021-01-20 00:00:00-05:00,9.529999732971191,9.699999809265137,8.850000381469727,9.260000228881836,152000,0.0,0.0
2021-01-21 00:00:00-05:00,9.239999771118164,9.510000228881836,9.020000457763672,9.359999656677246,117300,0.0,0.0
2021-01-22 00:00:00-05:00,9.149999618530273,9.600000381469727,9.0,9.369999885559082,45000,0.0,0.0
2021-01-25 00:00:00-05:00,9.4399995803833,9.960000038146973,9.338000297546387,9.8100004196167,127300,0.0,0.0
2021-01-26 00:00:00-05:00,9.760000228881836,9.904999732971191,9.359999656677246,9.380000114440918,65000,0.0,0.0
2021-01-27 00:00:00-05:00,9.180000305175781,9.6899995803833,9.0,9.020000457763672,119800,0.0,0.0
2021-01-28 00:00:00-05:00,8.829999923706055,9.3100004196167,8.479999542236328,8.850000381469727,104700,0.0,0.0
2021-01-29 00:00:00-05:00,8.729999542236328,9.0600004196167,8.510000228881836,8.680000305175781,160100,0.0,0.0
2021-02-01 00:00:00-05:00,8.680000305175781,8.869999885559082,8.520999908447266,8.600000381469727,97900,0.0,0.0
2021-02-02 00:00:00-05:00,8.819999694824219,8.930000305175781,8.569999694824219,8.739999771118164,84400,0.0,0.0
2021-02-03 00:00:00-05:00,8.739999771118164,9.593000411987305,8.729999542236328,9.5,50300,0.0,0.0
2021-02-04 00:00:00-05:00,9.274999618530273,10.039999961853027,9.274999618530273,9.789999961853027,108400,0.0,0.0
2021-02-05 00:00:00-05:00,9.90999984741211,10.380000114440918,9.645000457763672,9.729999542236328,419900,0.0,0.0
2021-02-08 00:00:00-05:00,9.729999542236328,10.3100004196167,9.699999809265137,10.0600004196167,113100,0.0,0.0
2021-02-09 00:00:00-05:00,10.09000015258789,10.604999542236328,9.887999534606934,10.34000015258789,414300,0.0,0.0
2021-02-10 00:00:00-05:00,10.329999923706055,10.470000267028809,9.829999923706055,10.279999732971191,160500,0.0,0.0
2021-02-11 00:00:00-05:00,10.529999732971191,10.600000381469727,10.140000343322754,10.350000381469727,883300,0.0,0.0
2021-02-12 00:00:00-05:00,10.25,10.600000381469727,10.15999984741211,10.399999618530273,215200,0.0,0.0
2021-02-16 00:00:00-05:00,10.430000305175781,10.680000305175781,10.1899995803833,10.270000457763672,206600,0.0,0.0
2021-02-17 00:00:00-05:00,10.5,10.5,9.989999771118164,10.109999656677246,95900,0.0,0.0
2021-02-18 00:00:00-05:00,9.930000305175781,10.149999618530273,9.550000190734863,9.670000076293945,78200,0.0,0.0
2021-02-19 00:00:00-05:00,9.680000305175781,10.050000190734863,9.369999885559082,9.430000305175781,113800,0.0,0.0
2021-02-22 00:00:00-05:00,9.329999923706055,9.869999885559082,9.329999923706055,9.829999923706055,148000,0.0,0.0
2021-02-23 00:00:00-05:00,10.15999984741211,10.239999771118164,9.430000305175781,9.949999809265137,150000,0.0,0.0
2021-02-24 00:00:00-05:00,9.979999542236328,10.470000267028809,9.859999656677246,10.149999618530273,98100,0.0,0.0
2021-02-25 00:00:00-05:00,10.050000190734863,10.25,9.850000381469727,9.920000076293945,112900,0.0,0.0
2021-02-26 00:00:00-05:00,9.90999984741211,10.020000457763672,9.5,9.6899995803833,149700,0.0,0.0
2021-03-01 00:00:00-05:00,9.8100004196167,10.010000228881836,9.609999656677246,10.0,96000,0.0,0.0
2021-03-02 00:00:00-05:00,10.0,10.279999732971191,9.90999984741211,9.9399995803833,118300,0.0,0.0
2021-03-03 00:00:00-05:00,9.9399995803833,10.5600004196167,9.878999710083008,9.979999542236328,97300,0.0,0.0
2021-03-04 00:00:00-05:00,9.979999542236328,10.100000381469727,9.600000381469727,9.779999732971191,121300,0.0,0.0
2021-03-05 00:00:00-05:00,9.979999542236328,10.229999542236328,9.520000457763672,10.119999885559082,92700,0.0,0.0
2021-03-08 00:00:00-05:00,10.25,10.420000076293945,9.744999885559082,10.350000381469727,181200,0.0,0.0
2021-03-09 00:00:00-05:00,9.960000038146973,10.5,9.960000038146973,10.1899995803833,119400,0.0,0.0
2021-03-10 00:00:00-05:00,10.300000190734863,10.90999984741211,10.300000190734863,10.479999542236328,76600,0.0,0.0
2021-03-11 00:00:00-05:00,10.5,10.880000114440918,10.460000038146973,10.670000076293945,84200,0.0,0.0
2021-03-12 00:00:00-05:00,10.649999618530273,11.649999618530273,10.600000381469727,10.970000267028809,128200,0.0,0.0
2021-03-15 00:00:00-04:00,10.9399995803833,11.260000228881836,10.800000190734863,11.149999618530273,55500,0.0,0.0
2021-03-16 00:00:00-04:00,11.130000114440918,11.630000114440918,10.90999984741211,11.579999923706055,109100,0.0,0.0
2021-03-17 00:00:00-04:00,11.5600004196167,11.75,11.220000267028809,11.420000076293945,57300,0.0,0.0
2021-03-18 00:00:00-04:00,11.350000381469727,11.579999923706055,11.180000305175781,11.300000190734863,53400,0.0,0.0
2021-03-19 00:00:00-04:00,11.210000038146973,11.420000076293945,10.569999694824219,10.569999694824219,310200,0.0,0.0
2021-03-22 00:00:00-04:00,10.875,11.069999694824219,10.390000343322754,11.0,63900,0.0,0.0
2021-03-23 00:00:00-04:00,10.880000114440918,11.140000343322754,10.670000076293945,10.670000076293945,48100,0.0,0.0
2021-03-24 00:00:00-04:00,10.710000038146973,10.920000076293945,10.25,10.350000381469727,59300,0.0,0.0
2021-03-25 00:00:00-04:00,10.369999885559082,10.59000015258789,10.210000038146973,10.460000038146973,59400,0.0,0.0
2021-03-26 00:00:00-04:00,10.4399995803833,10.710000038146973,10.135000228881836,10.270000457763672,42500,0.0,0.0
2021-03-29 00:00:00-04:00,10.270000457763672,10.399999618530273,9.5,9.5600004196167,174400,0.0,0.0
2021-03-30 00:00:00-04:00,9.6850004196167,9.739999771118164,9.34000015258789,9.40999984741211,126600,0.0,0.0
2021-03-31 00:00:00-04:00,9.449999809265137,9.470000267028809,9.100000381469727,9.109999656677246,308100,0.0,0.0
2021-04-01 00:00:00-04:00,9.210000038146973,9.5,8.949999809265137,9.430000305175781,178500,0.0,0.0
2021-04-05 00:00:00-04:00,9.5,9.569999694824219,9.210000038146973,9.359999656677246,26900,0.0,0.0
2021-04-06 00:00:00-04:00,9.359999656677246,9.619999885559082,9.359999656677246,9.489999771118164,30100,0.0,0.0
2021-04-07 00:00:00-04:00,9.649999618530273,9.65999984741211,9.449999809265137,9.479999542236328,27500,0.0,0.0
2021-04-08 00:00:00-04:00,9.460000038146973,9.619999885559082,9.170000076293945,9.399999618530273,37800,0.0,0.0
2021-04-09 00:00:00-04:00,9.329999923706055,9.539999961853027,9.270000457763672,9.380000114440918,71500,0.0,0.0
2021-04-12 00:00:00-04:00,9.380000114440918,9.390000343322754,9.029999732971191,9.079999923706055,38600,0.0,0.0
2021-04-13 00:00:00-04:00,9.149999618530273,9.1899995803833,9.020000457763672,9.100000381469727,26800,0.0,0.0
2021-04-14 00:00:00-04:00,9.0600004196167,9.289999961853027,9.0600004196167,9.1899995803833,30800,0.0,0.0
2021-04-15 00:00:00-04:00,9.357000350952148,9.489999771118164,9.260000228881836,9.479999542236328,35100,0.0,0.0
2021-04-16 00:00:00-04:00,9.579999923706055,9.739999771118164,9.392000198364258,9.65999984741211,57800,0.0,0.0
2021-04-19 00:00:00-04:00,9.569999694824219,9.800000190734863,9.34000015258789,9.510000228881836,44900,0.0,0.0
2021-04-20 00:00:00-04:00,9.430000305175781,9.4399995803833,9.170000076293945,9.229999542236328,36400,0.0,0.0
2021-04-21 00:00:00-04:00,9.289999961853027,9.699999809265137,9.289999961853027,9.59000015258789,37600,0.0,0.0
2021-04-22 00:00:00-04:00,9.550000190734863,9.800000190734863,9.520000457763672,9.630000114440918,54000,0.0,0.0
2021-04-23 00:00:00-04:00,9.600000381469727,9.800000190734863,9.359999656677246,9.489999771118164,50400,0.0,0.0
2021-04-26 00:00:00-04:00,9.489999771118164,10.04800033569336,9.229999542236328,9.8100004196167,94300,0.0,0.0
2021-04-27 00:00:00-04:00,9.880000114440918,9.9399995803833,9.619999885559082,9.720000267028809,16600,0.0,0.0
2021-04-28 00:00:00-04:00,9.649999618530273,9.699999809265137,9.579999923706055,9.59000015258789,11500,0.0,0.0
2021-04-29 00:00:00-04:00,9.619999885559082,9.989999771118164,9.600000381469727,9.609999656677246,57600,0.0,0.0
2021-04-30 00:00:00-04:00,9.5600004196167,9.960000038146973,9.5600004196167,9.609999656677246,50200,0.0,0.0
2021-05-03 00:00:00-04:00,9.630000114440918,10.0,9.520000457763672,9.630000114440918,73300,0.0,0.0
2021-05-04 00:00:00-04:00,9.5,9.600000381469727,9.100000381469727,9.109999656677246,55500,0.0,0.0
2021-05-05 00:00:00-04:00,9.09000015258789,9.359999656677246,8.90999984741211,9.0,120300,0.0,0.0
2021-05-06 00:00:00-04:00,9.4399995803833,10.319999694824219,9.390000343322754,9.949999809265137,207700,0.0,0.0
2021-05-07 00:00:00-04:00,10.0600004196167,10.880000114440918,10.0600004196167,10.699999809265137,125600,0.0,0.0
2021-05-10 00:00:00-04:00,10.630000114440918,10.789999961853027,10.329999923706055,10.65999984741211,86200,0.0,0.0
2021-05-11 00:00:00-04:00,10.369999885559082,10.65999984741211,10.01099967956543,10.180000305175781,61500,0.0,0.0
2021-05-12 00:00:00-04:00,10.09000015258789,10.329999923706055,9.829999923706055,9.9399995803833,51500,0.0,0.0
2021-05-13 00:00:00-04:00,9.930000305175781,10.416999816894531,9.779999732971191,9.84000015258789,57900,0.0,0.0
2021-05-14 00:00:00-04:00,9.979999542236328,10.229999542236328,9.789999961853027,9.869999885559082,69700,0.0,0.0
2021-05-17 00:00:00-04:00,9.760000228881836,10.029999732971191,9.420000076293945,9.960000038146973,35300,0.0,0.0
2021-05-18 00:00:00-04:00,9.90999984741211,10.289999961853027,9.90999984741211,10.130000114440918,109100,0.0,0.0
2021-05-19 00:00:00-04:00,10.0,10.380000114440918,9.680000305175781,10.300000190734863,34200,0.0,0.0
2021-05-20 00:00:00-04:00,10.430000305175781,10.718999862670898,10.170000076293945,10.270000457763672,137200,0.0,0.0
2021-05-21 00:00:00-04:00,10.350000381469727,10.5,10.199999809265137,10.239999771118164,87900,0.0,0.0
2021-05-24 00:00:00-04:00,10.399999618530273,11.0,10.399999618530273,10.949999809265137,60800,0.0,0.0
2021-05-25 00:00:00-04:00,11.0,11.300000190734863,10.6899995803833,10.699999809265137,22800,0.0,0.0
2021-05-26 00:00:00-04:00,10.630000114440918,11.119999885559082,10.510000228881836,10.640000343322754,144600,0.0,0.0
2021-05-27 00:00:00-04:00,10.880000114440918,11.0,10.642000198364258,10.760000228881836,51700,0.0,0.0
2021-05-28 00:00:00-04:00,10.84000015258789,11.029999732971191,10.625,10.979999542236328,53400,0.0,0.0
2021-06-01 00:00:00-04:00,10.979999542236328,11.270000457763672,10.835000038146973,10.890000343322754,52100,0.0,0.0
2021-06-02 00:00:00-04:00,11.300000190734863,11.305000305175781,10.90999984741211,11.100000381469727,42800,0.0,0.0
2021-06-03 00:00:00-04:00,10.979999542236328,11.1899995803833,10.800000190734863,11.069999694824219,73200,0.0,0.0
2021-06-04 00:00:00-04:00,11.1899995803833,11.1899995803833,10.760000228881836,11.119999885559082,64200,0.0,0.0
2021-06-07 00:00:00-04:00,11.130000114440918,11.140000343322754,10.930000305175781,10.960000038146973,38900,0.0,0.0
2021-06-08 00:00:00-04:00,10.970000267028809,11.119999885559082,10.899999618530273,10.979999542236328,33100,0.0,0.0
2021-06-09 00:00:00-04:00,10.960000038146973,11.119999885559082,10.850000381469727,10.90999984741211,48600,0.0,0.0
2021-06-10 00:00:00-04:00,11.010000228881836,11.119999885559082,10.619999885559082,10.619999885559082,192500,0.0,0.0
2021-06-11 00:00:00-04:00,10.880000114440918,10.880000114440918,10.645000457763672,10.779999732971191,50200,0.0,0.0
2021-06-14 00:00:00-04:00,10.729999542236328,11.100000381469727,10.6850004196167,11.100000381469727,163000,0.0,0.0
2021-06-15 00:00:00-04:00,11.0600004196167,11.470000267028809,10.65999984741211,11.039999961853027,57300,0.0,0.0
2021-06-16 00:00:00-04:00,11.100000381469727,11.600000381469727,11.09000015258789,11.380000114440918,97800,0.0,0.0
2021-06-17 00:00:00-04:00,11.0600004196167,11.670000076293945,11.0600004196167,11.4399995803833,86900,0.0,0.0
2021-06-18 00:00:00-04:00,11.329999923706055,11.600000381469727,11.286999702453613,11.600000381469727,29300,0.0,0.0
2021-06-21 00:00:00-04:00,11.720000267028809,12.25,11.65999984741211,12.25,56800,0.0,0.0
2021-06-22 00:00:00-04:00,12.380000114440918,12.829999923706055,12.274999618530273,12.800000190734863,124900,0.0,0.0
2021-06-23 00:00:00-04:00,12.84000015258789,13.140000343322754,12.800000190734863,13.140000343322754,78900,0.0,0.0
2021-06-24 00:00:00-04:00,13.119999885559082,13.399999618530273,12.949999809265137,13.350000381469727,79100,0.0,0.0
2021-06-25 00:00:00-04:00,13.359999656677246,13.729999542236328,13.359999656677246,13.579999923706055,137400,0.0,0.0
2021-06-28 00:00:00-04:00,13.829999923706055,14.800000190734863,13.6899995803833,14.649999618530273,208600,0.0,0.0
2021-06-29 00:00:00-04:00,14.829999923706055,14.84000015258789,14.385000228881836,14.75,123200,0.0,0.0
2021-06-30 00:00:00-04:00,14.739999771118164,14.819999694824219,14.329999923706055,14.649999618530273,142000,0.0,0.0
2021-07-01 00:00:00-04:00,14.630000114440918,14.779999732971191,14.359999656677246,14.399999618530273,176100,0.0,0.0
2021-07-02 00:00:00-04:00,14.390000343322754,14.404999732971191,14.0600004196167,14.0600004196167,146700,0.0,0.0
2021-07-06 00:00:00-04:00,14.350000381469727,14.350000381469727,13.260000228881836,13.630000114440918,135200,0.0,0.0
2021-07-07 00:00:00-04:00,13.59000015258789,13.84000015258789,13.130000114440918,13.619999885559082,133200,0.0,0.0
2021-07-08 00:00:00-04:00,13.34000015258789,13.859999656677246,13.050000190734863,13.859999656677246,68200,0.0,0.0
2021-07-09 00:00:00-04:00,13.859999656677246,14.260000228881836,13.75,14.109999656677246,55000,0.0,0.0
2021-07-12 00:00:00-04:00,14.079999923706055,14.180000305175781,13.710000038146973,14.130000114440918,61700,0.0,0.0
2021-07-13 00:00:00-04:00,14.0600004196167,14.180000305175781,13.329999923706055,13.390000343322754,43700,0.0,0.0
2021-07-14 00:00:00-04:00,13.390000343322754,13.739999771118164,13.390000343322754,13.449999809265137,61100,0.0,0.0
2021-07-15 00:00:00-04:00,13.34000015258789,13.630000114440918,13.029999732971191,13.40999984741211,46200,0.0,0.0
2021-07-16 00:00:00-04:00,13.399999618530273,13.40999984741211,12.6899995803833,12.949999809265137,101500,0.0,0.0
2021-07-19 00:00:00-04:00,12.59000015258789,12.930000305175781,12.149999618530273,12.460000038146973,66300,0.0,0.0
2021-07-20 00:00:00-04:00,12.529999732971191,12.935999870300293,12.375,12.6899995803833,63200,0.0,0.0
2021-07-21 00:00:00-04:00,12.819999694824219,13.199999809265137,12.270000457763672,12.760000228881836,28800,0.0,0.0
2021-07-22 00:00:00-04:00,12.829999923706055,12.960000038146973,12.369999885559082,12.59000015258789,20700,0.0,0.0
2021-07-23 00:00:00-04:00,12.444999694824219,12.9399995803833,12.4399995803833,12.680000305175781,21500,0.0,0.0
2021-07-26 00:00:00-04:00,12.729999542236328,13.1899995803833,12.470000267028809,12.550000190734863,29400,0.0,0.0
2021-07-27 00:00:00-04:00,12.5600004196167,12.5600004196167,11.6899995803833,11.970000267028809,44500,0.0,0.0
2021-07-28 00:00:00-04:00,12.029999732971191,12.09000015258789,11.569999694824219,11.90999984741211,17400,0.0,0.0
2021-07-29 00:00:00-04:00,11.899999618530273,11.899999618530273,11.539999961853027,11.600000381469727,14900,0.0,0.0
2021-07-30 00:00:00-04:00,11.600000381469727,11.880000114440918,11.600000381469727,11.789999961853027,15500,0.0,0.0
2021-08-02 00:00:00-04:00,11.8100004196167,12.319999694824219,11.699999809265137,11.890000343322754,49800,0.0,0.0
2021-08-03 00:00:00-04:00,12.010000228881836,13.09000015258789,11.286999702453613,12.510000228881836,86100,0.0,0.0
2021-08-04 00:00:00-04:00,12.336000442504883,13.093000411987305,12.03499984741211,12.710000038146973,28200,0.0,0.0
2021-08-05 00:00:00-04:00,12.649999618530273,12.928000450134277,12.100000381469727,12.399999618530273,92400,0.0,0.0
2021-08-06 00:00:00-04:00,12.420000076293945,12.78499984741211,12.329999923706055,12.489999771118164,25600,0.0,0.0
2021-08-09 00:00:00-04:00,12.489999771118164,12.489999771118164,12.145000457763672,12.149999618530273,10100,0.0,0.0
2021-08-10 00:00:00-04:00,12.270000457763672,12.859999656677246,12.270000457763672,12.800000190734863,57900,0.0,0.0
2021-08-11 00:00:00-04:00,12.710000038146973,12.84000015258789,12.229999542236328,12.449999809265137,67500,0.0,0.0
2021-08-12 00:00:00-04:00,12.5600004196167,12.9399995803833,12.319999694824219,12.729999542236328,36900,0.0,0.0
2021-08-13 00:00:00-04:00,12.84000015258789,12.949999809265137,12.739999771118164,12.800000190734863,18500,0.0,0.0
2021-08-16 00:00:00-04:00,12.640000343322754,12.654000282287598,12.289999961853027,12.520000457763672,46400,0.0,0.0
2021-08-17 00:00:00-04:00,12.34000015258789,12.34000015258789,11.59000015258789,11.65999984741211,43000,0.0,0.0
2021-08-18 00:00:00-04:00,11.75,11.75,11.399999618530273,11.479999542236328,39100,0.0,0.0
2021-08-19 00:00:00-04:00,11.329999923706055,12.289999961853027,10.883999824523926,11.329999923706055,70600,0.0,0.0
2021-08-20 00:00:00-04:00,11.40999984741211,12.680000305175781,11.149999618530273,11.890000343322754,22400,0.0,0.0
2021-08-23 00:00:00-04:00,11.17199993133545,12.010000228881836,11.17199993133545,11.710000038146973,15600,0.0,0.0
2021-08-24 00:00:00-04:00,11.850000381469727,12.100000381469727,11.5,11.739999771118164,13000,0.0,0.0
2021-08-25 00:00:00-04:00,11.680000305175781,11.800000190734863,11.5,11.619999885559082,7400,0.0,0.0
2021-08-26 00:00:00-04:00,11.710000038146973,12.095000267028809,11.359999656677246,11.600000381469727,11700,0.0,0.0
2021-08-27 00:00:00-04:00,11.760000228881836,12.34000015258789,11.550999641418457,11.630000114440918,10900,0.0,0.0
2021-08-30 00:00:00-04:00,11.399999618530273,12.020000457763672,11.399999618530273,11.600000381469727,13300,0.0,0.0
2021-08-31 00:00:00-04:00,11.510000228881836,12.100000381469727,11.510000228881836,11.8100004196167,27300,0.0,0.0
2021-09-01 00:00:00-04:00,11.819999694824219,12.079999923706055,11.609999656677246,11.850000381469727,41200,0.0,0.0
2021-09-02 00:00:00-04:00,11.850000381469727,12.083999633789062,11.800000190734863,11.859999656677246,4200,0.0,0.0
2021-09-03 00:00:00-04:00,11.670000076293945,11.890000343322754,11.489999771118164,11.5600004196167,17600,0.0,0.0
2021-09-07 00:00:00-04:00,11.819999694824219,11.819999694824219,11.199999809265137,11.380000114440918,10000,0.0,0.0
2021-09-08 00:00:00-04:00,11.350000381469727,11.539999961853027,10.699999809265137,10.989999771118164,45800,0.0,0.0
2021-09-09 00:00:00-04:00,11.010000228881836,11.069999694824219,10.789999961853027,10.880000114440918,34200,0.0,0.0
2021-09-10 00:00:00-04:00,10.930000305175781,11.039999961853027,10.630000114440918,10.819999694824219,24200,0.0,0.0
2021-09-13 00:00:00-04:00,10.850000381469727,10.850000381469727,10.149999618530273,10.210000038146973,51500,0.0,0.0
2021-09-14 00:00:00-04:00,10.25,10.550000190734863,9.899999618530273,10.100000381469727,28400,0.0,0.0
2021-09-15 00:00:00-04:00,10.029999732971191,10.569999694824219,9.800000190734863,10.119999885559082,52700,0.0,0.0
2021-09-16 00:00:00-04:00,10.1850004196167,10.369999885559082,9.75,10.010000228881836,20800,0.0,0.0
2021-09-17 00:00:00-04:00,10.0,10.09000015258789,9.800000190734863,10.09000015258789,26400,0.0,0.0
2021-09-20 00:00:00-04:00,9.850000381469727,10.09000015258789,9.609999656677246,9.890000343322754,79200,0.0,0.0
2021-09-21 00:00:00-04:00,9.899999618530273,10.489999771118164,9.899999618530273,10.449999809265137,55600,0.0,0.0
2021-09-22 00:00:00-04:00,10.40999984741211,10.550000190734863,10.34000015258789,10.449999809265137,23900,0.0,0.0
2021-09-23 00:00:00-04:00,10.390000343322754,10.819999694824219,10.390000343322754,10.800000190734863,56900,0.0,0.0
2021-09-24 00:00:00-04:00,10.800000190734863,11.970000267028809,10.800000190734863,11.779999732971191,70600,0.0,0.0
2021-09-27 00:00:00-04:00,11.899999618530273,12.795999526977539,11.73799991607666,12.210000038146973,33900,0.0,0.0
2021-09-28 00:00:00-04:00,12.210000038146973,12.319999694824219,11.640000343322754,12.109999656677246,36100,0.0,0.0
2021-09-29 00:00:00-04:00,12.15999984741211,12.479999542236328,11.020000457763672,12.15999984741211,25200,0.0,0.0
2021-09-30 00:00:00-04:00,12.220000267028809,12.510000228881836,11.979999542236328,12.25,38500,0.0,0.0
2021-10-01 00:00:00-04:00,12.289999961853027,13.149999618530273,11.779999732971191,13.050000190734863,52500,0.0,0.0
2021-10-04 00:00:00-04:00,13.140000343322754,13.154999732971191,12.039999961853027,13.0,36100,0.0,0.0
2021-10-05 00:00:00-04:00,13.15999984741211,13.220000267028809,12.625,12.920000076293945,59200,0.0,0.0
2021-10-06 00:00:00-04:00,12.699999809265137,12.989999771118164,12.25,12.979999542236328,44100,0.0,0.0
2021-10-07 00:00:00-04:00,12.9399995803833,13.279999732971191,12.654999732971191,12.680000305175781,32800,0.0,0.0
2021-10-08 00:00:00-04:00,12.699999809265137,12.739999771118164,12.420000076293945,12.510000228881836,16500,0.0,0.0
2021-10-11 00:00:00-04:00,12.619999885559082,12.954999923706055,12.470000267028809,12.9399995803833,20900,0.0,0.0
2021-10-12 00:00:00-04:00,12.649999618530273,13.260000228881836,12.609999656677246,12.989999771118164,38200,0.0,0.0
2021-10-13 00:00:00-04:00,12.880000114440918,13.140000343322754,12.503999710083008,12.859999656677246,34800,0.0,0.0
2021-10-14 00:00:00-04:00,12.90999984741211,13.470000267028809,12.859999656677246,13.0,32700,0.0,0.0
2021-10-15 00:00:00-04:00,13.0,13.331999778747559,12.529999732971191,12.710000038146973,21300,0.0,0.0
2021-10-18 00:00:00-04:00,12.710000038146973,12.800000190734863,12.289999961853027,12.550000190734863,21700,0.0,0.0
2021-10-19 00:00:00-04:00,12.510000228881836,12.800000190734863,12.5,12.770000457763672,17500,0.0,0.0
2021-10-20 00:00:00-04:00,12.649999618530273,12.960000038146973,12.5,12.720000267028809,37100,0.0,0.0
2021-10-21 00:00:00-04:00,12.880000114440918,13.1899995803833,12.510000228881836,12.640000343322754,98500,0.0,0.0
2021-10-22 00:00:00-04:00,12.90999984741211,12.90999984741211,12.0,12.699999809265137,127600,0.0,0.0
2021-10-25 00:00:00-04:00,12.489999771118164,12.850000381469727,11.489999771118164,12.40999984741211,29300,0.0,0.0
2021-10-26 00:00:00-04:00,12.539999961853027,12.739999771118164,12.359999656677246,12.739999771118164,59700,0.0,0.0
2021-10-27 00:00:00-04:00,12.829999923706055,12.930000305175781,12.369999885559082,12.529999732971191,16400,0.0,0.0
2021-10-28 00:00:00-04:00,12.625,12.732999801635742,12.331999778747559,12.550000190734863,16700,0.0,0.0
2021-10-29 00:00:00-04:00,12.489999771118164,12.670000076293945,12.324999809265137,12.420000076293945,29000,0.0,0.0
2021-11-01 00:00:00-04:00,12.449999809265137,12.70300006866455,12.229999542236328,12.479999542236328,35400,0.0,0.0
2021-11-02 00:00:00-04:00,12.430000305175781,12.479999542236328,12.25,12.449999809265137,13000,0.0,0.0
2021-11-03 00:00:00-04:00,12.34000015258789,12.630000114440918,12.25,12.300000190734863,13800,0.0,0.0
2021-11-04 00:00:00-04:00,12.899999618530273,12.98799991607666,12.0,12.529999732971191,106800,0.0,0.0
2021-11-05 00:00:00-04:00,12.550000190734863,13.050000190734863,12.430000305175781,12.890000343322754,60500,0.0,0.0
2021-11-08 00:00:00-05:00,13.050000190734863,13.5,13.017999649047852,13.420000076293945,33700,0.0,0.0
2021-11-09 00:00:00-05:00,13.350000381469727,13.489999771118164,13.010000228881836,13.100000381469727,15300,0.0,0.0
2021-11-10 00:00:00-05:00,13.010000228881836,13.350000381469727,12.9350004196167,13.289999961853027,35800,0.0,0.0
2021-11-11 00:00:00-05:00,13.03499984741211,13.449999809265137,12.854999542236328,13.329999923706055,48200,0.0,0.0
2021-11-12 00:00:00-05:00,13.380000114440918,13.5,13.010000228881836,13.369999885559082,17700,0.0,0.0
2021-11-15 00:00:00-05:00,13.319999694824219,13.850000381469727,12.875,12.930000305175781,17600,0.0,0.0
2021-11-16 00:00:00-05:00,12.819999694824219,13.180000305175781,12.779999732971191,12.779999732971191,27300,0.0,0.0
2021-11-17 00:00:00-05:00,12.850000381469727,12.906000137329102,12.369999885559082,12.800000190734863,23500,0.0,0.0
2021-11-18 00:00:00-05:00,12.890000343322754,13.199999809265137,12.368000030517578,12.9399995803833,14500,0.0,0.0
2021-11-19 00:00:00-05:00,12.850000381469727,12.899999618530273,12.350000381469727,12.680000305175781,24400,0.0,0.0
2021-11-22 00:00:00-05:00,12.710000038146973,12.859999656677246,12.300000190734863,12.3100004196167,19900,0.0,0.0
2021-11-23 00:00:00-05:00,12.40999984741211,13.215999603271484,11.949999809265137,12.09000015258789,24100,0.0,0.0
2021-11-24 00:00:00-05:00,12.279999732971191,12.569999694824219,11.75,12.350000381469727,23500,0.0,0.0
2021-11-26 00:00:00-05:00,12.0600004196167,12.569999694824219,11.75,12.25,30300,0.0,0.0
2021-11-29 00:00:00-05:00,12.329999923706055,12.800000190734863,12.210000038146973,12.239999771118164,93800,0.0,0.0
2021-11-30 00:00:00-05:00,12.239999771118164,12.239999771118164,12.0,12.170000076293945,12500,0.0,0.0
2021-12-01 00:00:00-05:00,12.170000076293945,12.949999809265137,11.949999809265137,12.130000114440918,80000,0.0,0.0
2021-12-02 00:00:00-05:00,12.545000076293945,13.1899995803833,11.76200008392334,12.220000267028809,57200,0.0,0.0
2021-12-03 00:00:00-05:00,12.239999771118164,12.300999641418457,11.75,12.0,23900,0.0,0.0
2021-12-06 00:00:00-05:00,11.989999771118164,12.256999969482422,11.520000457763672,11.829999923706055,34400,0.0,0.0
2021-12-07 00:00:00-05:00,11.649999618530273,12.890000343322754,10.600000381469727,12.420000076293945,41300,0.0,0.0
2021-12-08 00:00:00-05:00,12.5,12.760000228881836,11.949999809265137,11.949999809265137,33100,0.0,0.0
2021-12-09 00:00:00-05:00,12.050000190734863,12.529999732971191,11.720000267028809,12.09000015258789,13300,0.0,0.0
2021-12-10 00:00:00-05:00,12.329999923706055,12.791999816894531,11.789999961853027,12.029999732971191,12600,0.0,0.0
2021-12-13 00:00:00-05:00,12.0,12.347999572753906,11.5600004196167,11.789999961853027,16800,0.0,0.0
2021-12-14 00:00:00-05:00,11.729999542236328,11.899999618530273,11.430000305175781,11.65999984741211,23400,0.0,0.0
2021-12-15 00:00:00-05:00,11.779999732971191,11.979999542236328,11.260000228881836,11.539999961853027,28000,0.0,0.0
2021-12-16 00:00:00-05:00,11.529999732971191,12.020000457763672,11.119999885559082,11.470000267028809,10900,0.0,0.0
2021-12-17 00:00:00-05:00,11.449999809265137,11.65999984741211,10.609999656677246,11.170000076293945,21600,0.0,0.0
2021-12-20 00:00:00-05:00,11.199999809265137,11.229999542236328,10.260000228881836,10.479999542236328,41100,0.0,0.0
2021-12-21 00:00:00-05:00,10.65999984741211,10.991000175476074,10.449999809265137,10.850000381469727,32500,0.0,0.0
2021-12-22 00:00:00-05:00,10.579999923706055,11.1899995803833,10.357999801635742,10.890000343322754,79400,0.0,0.0
2021-12-23 00:00:00-05:00,10.815999984741211,11.149999618530273,10.800000190734863,11.0,22400,0.0,0.0
2021-12-27 00:00:00-05:00,10.979999542236328,11.640999794006348,10.631999969482422,11.09000015258789,59500,0.0,0.0
2021-12-28 00:00:00-05:00,10.979999542236328,11.539999961853027,10.520000457763672,11.09000015258789,39200,0.0,0.0
2021-12-29 00:00:00-05:00,11.446000099182129,11.479999542236328,10.800000190734863,11.0,62200,0.0,0.0
2021-12-30 00:00:00-05:00,11.039999961853027,11.4399995803833,10.729999542236328,11.3100004196167,55500,0.0,0.0
2021-12-31 00:00:00-05:00,11.25,11.5,10.880000114440918,11.25,32300,0.0,0.0
2022-01-03 00:00:00-05:00,11.34000015258789,11.619999885559082,10.847000122070312,10.9399995803833,28800,0.0,0.0
2022-01-04 00:00:00-05:00,11.182999610900879,11.479999542236328,10.78499984741211,11.010000228881836,24100,0.0,0.0
2022-01-05 00:00:00-05:00,11.470000267028809,11.470000267028809,10.692999839782715,10.880000114440918,87900,0.0,0.0
2022-01-06 00:00:00-05:00,10.800000190734863,11.090999603271484,10.590999603271484,10.850000381469727,9500,0.0,0.0
2022-01-07 00:00:00-05:00,10.633999824523926,11.050000190734863,10.633999824523926,10.90999984741211,34700,0.0,0.0
2022-01-10 00:00:00-05:00,11.180000305175781,11.180000305175781,10.520000457763672,10.8100004196167,12800,0.0,0.0
2022-01-11 00:00:00-05:00,10.708999633789062,11.130000114440918,10.399999618530273,10.949999809265137,55100,0.0,0.0
2022-01-12 00:00:00-05:00,10.710000038146973,11.119999885559082,10.680000305175781,10.899999618530273,16100,0.0,0.0
2022-01-13 00:00:00-05:00,10.720000267028809,11.170000076293945,10.668000221252441,10.819999694824219,18600,0.0,0.0
2022-01-14 00:00:00-05:00,10.880000114440918,11.404000282287598,10.449999809265137,10.970000267028809,12500,0.0,0.0
2022-01-18 00:00:00-05:00,10.760000228881836,10.958999633789062,10.489999771118164,10.520000457763672,20700,0.0,0.0
2022-01-19 00:00:00-05:00,10.5,10.869999885559082,10.390000343322754,10.75,69700,0.0,0.0
2022-01-20 00:00:00-05:00,10.789999961853027,10.800000190734863,10.375,10.40999984741211,23400,0.0,0.0
2022-01-21 00:00:00-05:00,10.640000343322754,10.640000343322754,10.032999992370605,10.1899995803833,65200,0.0,0.0
2022-01-24 00:00:00-05:00,10.1899995803833,10.430000305175781,9.819999694824219,10.430000305175781,52500,0.0,0.0
2022-01-25 00:00:00-05:00,10.609999656677246,10.609999656677246,10.010000228881836,10.449999809265137,44600,0.0,0.0
2022-01-26 00:00:00-05:00,10.600000381469727,10.75,10.324999809265137,10.75,9100,0.0,0.0
2022-01-27 00:00:00-05:00,10.739999771118164,10.739999771118164,10.472000122070312,10.729999542236328,19700,0.0,0.0
2022-01-28 00:00:00-05:00,10.218000411987305,10.65999984741211,10.218000411987305,10.529999732971191,11500,0.0,0.0
2022-01-31 00:00:00-05:00,10.329999923706055,10.470000267028809,9.779999732971191,10.25,60700,0.0,0.0
2022-02-01 00:00:00-05:00,10.25,11.08899974822998,10.130000114440918,10.489999771118164,98500,0.0,0.0
2022-02-02 00:00:00-05:00,10.949999809265137,10.949999809265137,10.399999618530273,10.779999732971191,13800,0.0,0.0
2022-02-03 00:00:00-05:00,10.609999656677246,10.609999656677246,10.199999809265137,10.199999809265137,14600,0.0,0.0
2022-02-04 00:00:00-05:00,10.145000457763672,10.909000396728516,10.145000457763672,10.739999771118164,18100,0.0,0.0
2022-02-07 00:00:00-05:00,10.65999984741211,10.84000015258789,10.25,10.399999618530273,52400,0.0,0.0
2022-02-08 00:00:00-05:00,10.390000343322754,10.770000457763672,10.390000343322754,10.489999771118164,88600,0.0,0.0
2022-02-09 00:00:00-05:00,10.619999885559082,10.9399995803833,10.399999618530273,10.600000381469727,31400,0.0,0.0
2022-02-10 00:00:00-05:00,10.6899995803833,10.949999809265137,10.5,10.529999732971191,110500,0.0,0.0
2022-02-11 00:00:00-05:00,10.515000343322754,11.489999771118164,10.496000289916992,11.0,13800,0.0,0.0
2022-02-14 00:00:00-05:00,11.145000457763672,11.539999961853027,10.5600004196167,10.5600004196167,60800,0.0,0.0
2022-02-15 00:00:00-05:00,10.810999870300293,11.260000228881836,10.649999618530273,11.079999923706055,24000,0.0,0.0
2022-02-16 00:00:00-05:00,10.949999809265137,11.210000038146973,10.90999984741211,11.079999923706055,5400,0.0,0.0
2022-02-17 00:00:00-05:00,11.300000190734863,11.300000190734863,10.649999618530273,10.649999618530273,18200,0.0,0.0
2022-02-18 00:00:00-05:00,10.899999618530273,10.899999618530273,10.34000015258789,10.399999618530273,51800,0.0,0.0
2022-02-22 00:00:00-05:00,10.800000190734863,10.800000190734863,10.210000038146973,10.4399995803833,12400,0.0,0.0
2022-02-23 00:00:00-05:00,10.600000381469727,10.729999542236328,10.149999618530273,10.600000381469727,21900,0.0,0.0
2022-02-24 00:00:00-05:00,10.550000190734863,10.579999923706055,9.975000381469727,10.505000114440918,32200,0.0,0.0
2022-02-25 00:00:00-05:00,10.59000015258789,10.90999984741211,10.15999984741211,10.850000381469727,55900,0.0,0.0
2022-02-28 00:00:00-05:00,10.84000015258789,11.539999961853027,10.670000076293945,11.460000038146973,38700,0.0,0.0
2022-03-01 00:00:00-05:00,11.5,11.5,10.850000381469727,10.850000381469727,29200,0.0,0.0
2022-03-02 00:00:00-05:00,10.899999618530273,11.529999732971191,10.899999618530273,11.279999732971191,56500,0.0,0.0
2022-03-03 00:00:00-05:00,11.029999732971191,11.600000381469727,10.994999885559082,11.529999732971191,21800,0.0,0.0
2022-03-04 00:00:00-05:00,11.210000038146973,11.539999961853027,11.020000457763672,11.279999732971191,20300,0.0,0.0
2022-03-07 00:00:00-05:00,11.119999885559082,11.170000076293945,10.800000190734863,10.84000015258789,17000,0.0,0.0
2022-03-08 00:00:00-05:00,11.0,11.300999641418457,10.800000190734863,10.819999694824219,26700,0.0,0.0
2022-03-09 00:00:00-05:00,11.0600004196167,11.255000114440918,10.8100004196167,10.8100004196167,14300,0.0,0.0
2022-03-10 00:00:00-05:00,10.6899995803833,11.21500015258789,10.6899995803833,10.880000114440918,15100,0.0,0.0
2022-03-11 00:00:00-05:00,10.859999656677246,10.930000305175781,10.470000267028809,10.739999771118164,38000,0.0,0.0
2022-03-14 00:00:00-04:00,10.739999771118164,10.75,9.800000190734863,10.25,41800,0.0,0.0
2022-03-15 00:00:00-04:00,10.15999984741211,10.418000221252441,9.970000267028809,10.050000190734863,21900,0.0,0.0
2022-03-16 00:00:00-04:00,10.1899995803833,10.569999694824219,10.119999885559082,10.329999923706055,32200,0.0,0.0
2022-03-17 00:00:00-04:00,10.5,10.895000457763672,10.199999809265137,10.369999885559082,13700,0.0,0.0
2022-03-18 00:00:00-04:00,10.25,10.90999984741211,9.600000381469727,9.84000015258789,71300,0.0,0.0
2022-03-21 00:00:00-04:00,9.789999961853027,10.22599983215332,9.75,10.079999923706055,89000,0.0,0.0
2022-03-22 00:00:00-04:00,9.779999732971191,10.215999603271484,9.779999732971191,10.199999809265137,33300,0.0,0.0
2022-03-23 00:00:00-04:00,10.25,10.579999923706055,10.0649995803833,10.270000457763672,66800,0.0,0.0
2022-03-24 00:00:00-04:00,10.359999656677246,10.4350004196167,10.220000267028809,10.220000267028809,11800,0.0,0.0
2022-03-25 00:00:00-04:00,10.550000190734863,10.550000190734863,10.210000038146973,10.350000381469727,13800,0.0,0.0
2022-03-28 00:00:00-04:00,10.460000038146973,10.460000038146973,10.0,10.369999885559082,42500,0.0,0.0
2022-03-29 00:00:00-04:00,10.279999732971191,10.4399995803833,10.25,10.289999961853027,21500,0.0,0.0
2022-03-30 00:00:00-04:00,10.430000305175781,10.479999542236328,10.074999809265137,10.170000076293945,17100,0.0,0.0
2022-03-31 00:00:00-04:00,10.149999618530273,10.170000076293945,9.899999618530273,9.949999809265137,19100,0.0,0.0
2022-04-01 00:00:00-04:00,10.062999725341797,10.270000457763672,9.739999771118164,9.949999809265137,76000,0.0,0.0
2022-04-04 00:00:00-04:00,10.180000305175781,10.25,9.829999923706055,10.029999732971191,30700,0.0,0.0
2022-04-05 00:00:00-04:00,10.119999885559082,10.140000343322754,9.970000267028809,10.140000343322754,33900,0.0,0.0
2022-04-06 00:00:00-04:00,10.180000305175781,10.1899995803833,9.819999694824219,9.970000267028809,41600,0.0,0.0
2022-04-07 00:00:00-04:00,9.859999656677246,10.130000114440918,9.84000015258789,9.970000267028809,23400,0.0,0.0
2022-04-08 00:00:00-04:00,10.020000457763672,10.15999984741211,9.90999984741211,10.100000381469727,24700,0.0,0.0
2022-04-11 00:00:00-04:00,10.09000015258789,10.09000015258789,9.850000381469727,9.890000343322754,27500,0.0,0.0
2022-04-12 00:00:00-04:00,9.875,10.3100004196167,9.875,10.15999984741211,176900,0.0,0.0
2022-04-13 00:00:00-04:00,10.199999809265137,10.460000038146973,10.039999961853027,10.15999984741211,84000,0.0,0.0
2022-04-14 00:00:00-04:00,10.239999771118164,14.640000343322754,10.1899995803833,14.210000038146973,764200,0.0,0.0
2022-04-18 00:00:00-04:00,14.130000114440918,14.630000114440918,14.079999923706055,14.489999771118164,314600,0.0,0.0
2022-04-19 00:00:00-04:00,14.489999771118164,15.199999809265137,14.109999656677246,14.380000114440918,264800,0.0,0.0
2022-04-20 00:00:00-04:00,14.239999771118164,15.050000190734863,14.239999771118164,14.789999961853027,243800,0.0,0.0
2022-04-21 00:00:00-04:00,14.670000076293945,14.920000076293945,14.399999618530273,14.630000114440918,196900,0.0,0.0
2022-04-22 00:00:00-04:00,14.510000228881836,14.920000076293945,14.34000015258789,14.800000190734863,207800,0.0,0.0
2022-04-25 00:00:00-04:00,14.800000190734863,15.100000381469727,14.550000190734863,14.880000114440918,163000,0.0,0.0
2022-04-26 00:00:00-04:00,14.899999618530273,15.079999923706055,14.59000015258789,14.680000305175781,130400,0.0,0.0
2022-04-27 00:00:00-04:00,14.729999542236328,14.979999542236328,14.300000190734863,14.5,380200,0.0,0.0
2022-04-28 00:00:00-04:00,14.600000381469727,14.72599983215332,13.890000343322754,13.979999542236328,233300,0.0,0.0
2022-04-29 00:00:00-04:00,13.789999961853027,14.039999961853027,13.550000190734863,13.770000457763672,117600,0.0,0.0
2022-05-02 00:00:00-04:00,13.899999618530273,14.319999694824219,13.399999618530273,13.65999984741211,276800,0.0,0.0
2022-05-03 00:00:00-04:00,13.6899995803833,13.9399995803833,13.050000190734863,13.149999618530273,300900,0.0,0.0
2022-05-04 00:00:00-04:00,13.920000076293945,14.819999694824219,12.70300006866455,14.239999771118164,449200,0.0,0.0
2022-05-05 00:00:00-04:00,15.5,15.670000076293945,15.119999885559082,15.380000114440918,733700,0.0,0.0
2022-05-06 00:00:00-04:00,15.279999732971191,15.5,15.170000076293945,15.4399995803833,472800,0.0,0.0
2022-05-09 00:00:00-04:00,15.369999885559082,15.640000343322754,14.710000038146973,14.9399995803833,410700,0.0,0.0
2022-05-10 00:00:00-04:00,15.039999961853027,15.270000457763672,14.460000038146973,14.529999732971191,274200,0.0,0.0
2022-05-11 00:00:00-04:00,14.640000343322754,14.765000343322754,14.289999961853027,14.470000267028809,220300,0.0,0.0
2022-05-12 00:00:00-04:00,14.350000381469727,14.350000381469727,13.239999771118164,13.25,390500,0.0,0.0
2022-05-13 00:00:00-04:00,13.430000305175781,13.739999771118164,12.800000190734863,12.819999694824219,440400,0.0,0.0
2022-05-16 00:00:00-04:00,12.859999656677246,13.425000190734863,12.859999656677246,13.25,342000,0.0,0.0
2022-05-17 00:00:00-04:00,13.369999885559082,14.045000076293945,13.369999885559082,13.6899995803833,359200,0.0,0.0
2022-05-18 00:00:00-04:00,13.65999984741211,13.880000114440918,12.479999542236328,12.699999809265137,377400,0.0,0.0
2022-05-19 00:00:00-04:00,12.699999809265137,12.949999809265137,12.630000114440918,12.670000076293945,223800,0.0,0.0
2022-05-20 00:00:00-04:00,12.75,12.930000305175781,12.4399995803833,12.5,143400,0.0,0.0
2022-05-23 00:00:00-04:00,12.569999694824219,12.739999771118164,12.1899995803833,12.449999809265137,240100,0.0,0.0
2022-05-24 00:00:00-04:00,12.550000190734863,12.710000038146973,10.880000114440918,10.989999771118164,297500,0.0,0.0
2022-05-25 00:00:00-04:00,11.140000343322754,11.3100004196167,11.050000190734863,11.15999984741211,239400,0.0,0.0
2022-05-26 00:00:00-04:00,11.270000457763672,11.3149995803833,11.0,11.100000381469727,302500,0.0,0.0
2022-05-27 00:00:00-04:00,11.199999809265137,11.579999923706055,11.119999885559082,11.4399995803833,203800,0.0,0.0
2022-05-31 00:00:00-04:00,11.720000267028809,12.289999961853027,11.510000228881836,12.050000190734863,484200,0.0,0.0
2022-06-01 00:00:00-04:00,12.300000190734863,12.34000015258789,11.479999542236328,12.170000076293945,393800,0.0,0.0
2022-06-02 00:00:00-04:00,12.149999618530273,12.460000038146973,11.819999694824219,11.84000015258789,259900,0.0,0.0
2022-06-03 00:00:00-04:00,11.850000381469727,12.045000076293945,11.729999542236328,11.930000305175781,199500,0.0,0.0
2022-06-06 00:00:00-04:00,11.680000305175781,11.864999771118164,10.890000343322754,11.5600004196167,640200,0.0,0.0
2022-06-07 00:00:00-04:00,11.680000305175781,11.90999984741211,11.484999656677246,11.850000381469727,157300,0.0,0.0
2022-06-08 00:00:00-04:00,11.770000457763672,12.015000343322754,11.770000457763672,11.9399995803833,124500,0.0,0.0
2022-06-09 00:00:00-04:00,11.6899995803833,12.0,11.649999618530273,11.880000114440918,178600,0.0,0.0
2022-06-10 00:00:00-04:00,11.75,11.880000114440918,11.300000190734863,11.5,133000,0.0,0.0
2022-06-13 00:00:00-04:00,11.3100004196167,11.3100004196167,9.010000228881836,9.149999618530273,504200,0.0,0.0
2022-06-14 00:00:00-04:00,9.649999618530273,9.76099967956543,8.53499984741211,8.770000457763672,251600,0.0,0.0
2022-06-15 00:00:00-04:00,8.8100004196167,8.975000381469727,8.479999542236328,8.949999809265137,330500,0.0,0.0
2022-06-16 00:00:00-04:00,8.739999771118164,8.75,8.149999618530273,8.239999771118164,192800,0.0,0.0
2022-06-17 00:00:00-04:00,8.1899995803833,8.369999885559082,7.909999847412109,8.350000381469727,211900,0.0,0.0
2022-06-21 00:00:00-04:00,8.5,8.774999618530273,8.09000015258789,8.109999656677246,260600,0.0,0.0
2022-06-22 00:00:00-04:00,7.989999771118164,8.25,7.659999847412109,8.050000190734863,419900,0.0,0.0
2022-06-23 00:00:00-04:00,8.25,8.289999961853027,7.764999866485596,8.039999961853027,228600,0.0,0.0
2022-06-24 00:00:00-04:00,8.029999732971191,8.260000228881836,7.800000190734863,7.820000171661377,2488700,0.0,0.0
2022-06-27 00:00:00-04:00,8.020000457763672,8.460000038146973,7.980000019073486,8.260000228881836,200900,0.0,0.0
2022-06-28 00:00:00-04:00,8.199999809265137,8.479999542236328,7.869999885559082,8.020000457763672,118700,0.0,0.0
2022-06-29 00:00:00-04:00,7.900000095367432,7.900000095367432,7.460000038146973,7.800000190734863,195100,0.0,0.0
2022-06-30 00:00:00-04:00,7.739999771118164,7.840000152587891,7.46999979019165,7.730000019073486,205600,0.0,0.0
2022-07-01 00:00:00-04:00,7.670000076293945,7.909999847412109,7.570000171661377,7.909999847412109,72200,0.0,0.0
2022-07-05 00:00:00-04:00,8.0,8.010000228881836,7.480000019073486,7.71999979019165,183800,0.0,0.0
2022-07-06 00:00:00-04:00,7.760000228881836,7.760000228881836,7.110000133514404,7.269999980926514,175600,0.0,0.0
2022-07-07 00:00:00-04:00,7.449999809265137,7.630000114440918,7.320000171661377,7.599999904632568,79000,0.0,0.0
2022-07-08 00:00:00-04:00,7.590000152587891,7.800000190734863,7.400000095367432,7.730000019073486,113900,0.0,0.0
2022-07-11 00:00:00-04:00,7.71999979019165,7.71999979019165,7.045000076293945,7.159999847412109,165400,0.0,0.0
2022-07-12 00:00:00-04:00,7.25,7.489999771118164,7.150000095367432,7.260000228881836,46100,0.0,0.0
2022-07-13 00:00:00-04:00,7.230000019073486,7.230000019073486,6.909999847412109,7.110000133514404,162500,0.0,0.0
2022-07-14 00:00:00-04:00,6.949999809265137,6.949999809265137,6.519999980926514,6.519999980926514,139600,0.0,0.0
2022-07-15 00:00:00-04:00,6.710000038146973,6.809999942779541,6.461999893188477,6.699999809265137,160900,0.0,0.0
2022-07-18 00:00:00-04:00,6.639999866485596,6.900000095367432,6.510000228881836,6.860000133514404,198300,0.0,0.0
2022-07-19 00:00:00-04:00,6.889999866485596,7.389999866485596,6.75,7.369999885559082,150900,0.0,0.0
2022-07-20 00:00:00-04:00,7.400000095367432,7.739999771118164,7.369999885559082,7.71999979019165,82400,0.0,0.0
2022-07-21 00:00:00-04:00,7.510000228881836,8.079999923706055,7.5,7.940000057220459,92400,0.0,0.0
2022-07-22 00:00:00-04:00,7.929999828338623,8.1850004196167,7.864999771118164,8.039999961853027,117600,0.0,0.0
2022-07-25 00:00:00-04:00,7.989999771118164,8.149999618530273,7.909999847412109,8.069999694824219,62200,0.0,0.0
2022-07-26 00:00:00-04:00,8.140000343322754,8.149999618530273,7.75,7.909999847412109,63900,0.0,0.0
2022-07-27 00:00:00-04:00,7.909999847412109,8.100000381469727,7.790999889373779,8.0600004196167,81300,0.0,0.0
2022-07-28 00:00:00-04:00,8.079999923706055,8.279999732971191,8.015000343322754,8.239999771118164,91500,0.0,0.0
2022-07-29 00:00:00-04:00,8.25,8.25,7.829999923706055,7.940000057220459,60900,0.0,0.0
2022-08-01 00:00:00-04:00,8.029999732971191,8.09000015258789,7.75,8.029999732971191,87400,0.0,0.0
2022-08-02 00:00:00-04:00,8.079999923706055,8.390000343322754,8.0600004196167,8.369999885559082,105800,0.0,0.0
2022-08-03 00:00:00-04:00,8.399999618530273,9.09000015258789,8.399999618530273,8.989999771118164,143100,0.0,0.0
2022-08-04 00:00:00-04:00,8.8100004196167,9.140000343322754,8.744999885559082,8.850000381469727,161000,0.0,0.0
2022-08-05 00:00:00-04:00,8.720000267028809,9.0,7.965000152587891,8.479999542236328,154500,0.0,0.0
2022-08-08 00:00:00-04:00,8.380000114440918,8.829999923706055,8.380000114440918,8.529999732971191,105300,0.0,0.0
2022-08-09 00:00:00-04:00,8.470000267028809,8.619999885559082,8.3100004196167,8.430000305175781,79300,0.0,0.0
2022-08-10 00:00:00-04:00,8.5600004196167,8.979999542236328,8.5600004196167,8.960000038146973,71800,0.0,0.0
2022-08-11 00:00:00-04:00,8.979999542236328,9.425000190734863,8.970000267028809,9.109999656677246,59300,0.0,0.0
2022-08-12 00:00:00-04:00,9.199999809265137,9.510000228881836,9.149999618530273,9.420000076293945,105800,0.0,0.0
2022-08-15 00:00:00-04:00,9.449999809265137,9.5600004196167,9.260000228881836,9.4399995803833,75900,0.0,0.0
2022-08-16 00:00:00-04:00,9.350000381469727,9.930000305175781,9.295000076293945,9.890000343322754,91900,0.0,0.0
2022-08-17 00:00:00-04:00,9.899999618530273,9.899999618530273,9.510000228881836,9.739999771118164,51000,0.0,0.0
2022-08-18 00:00:00-04:00,9.770000457763672,9.920000076293945,9.5600004196167,9.699999809265137,61100,0.0,0.0
2022-08-19 00:00:00-04:00,9.600000381469727,9.600000381469727,9.319999694824219,9.470000267028809,88400,0.0,0.0
2022-08-22 00:00:00-04:00,9.369999885559082,9.4399995803833,9.079999923706055,9.350000381469727,88900,0.0,0.0
2022-08-23 00:00:00-04:00,9.270000457763672,9.670000076293945,9.270000457763672,9.619999885559082,92700,0.0,0.0
2022-08-24 00:00:00-04:00,9.680000305175781,9.819999694824219,9.425000190734863,9.6899995803833,46300,0.0,0.0
2022-08-25 00:00:00-04:00,9.800000190734863,10.180000305175781,9.649999618530273,10.15999984741211,51900,0.0,0.0
2022-08-26 00:00:00-04:00,10.0,10.119999885559082,9.75,9.850000381469727,44600,0.0,0.0
2022-08-29 00:00:00-04:00,9.800000190734863,9.949999809265137,9.029999732971191,9.09000015258789,145700,0.0,0.0
2022-08-30 00:00:00-04:00,9.140000343322754,9.239999771118164,8.90999984741211,9.239999771118164,111600,0.0,0.0
2022-08-31 00:00:00-04:00,9.260000228881836,9.680000305175781,9.210000038146973,9.319999694824219,97900,0.0,0.0
2022-09-01 00:00:00-04:00,9.184000015258789,9.710000038146973,9.184000015258789,9.460000038146973,117500,0.0,0.0
2022-09-02 00:00:00-04:00,9.630000114440918,9.725000381469727,9.289999961853027,9.4399995803833,75600,0.0,0.0
2022-09-06 00:00:00-04:00,9.40999984741211,9.40999984741211,9.10200023651123,9.15999984741211,285800,0.0,0.0
2022-09-07 00:00:00-04:00,9.180000305175781,9.680000305175781,9.130000114440918,9.649999618530273,39700,0.0,0.0
2022-09-08 00:00:00-04:00,9.529999732971191,9.699999809265137,9.210000038146973,9.600000381469727,26800,0.0,0.0
2022-09-09 00:00:00-04:00,9.760000228881836,9.960000038146973,9.670000076293945,9.890000343322754,76000,0.0,0.0
2022-09-12 00:00:00-04:00,9.960000038146973,10.029999732971191,9.890000343322754,10.0,106300,0.0,0.0
2022-09-13 00:00:00-04:00,9.699999809265137,9.75,9.479999542236328,9.529999732971191,89600,0.0,0.0
2022-09-14 00:00:00-04:00,9.600000381469727,9.729999542236328,9.270000457763672,9.380000114440918,63400,0.0,0.0
2022-09-15 00:00:00-04:00,9.369999885559082,9.550000190734863,9.3100004196167,9.34000015258789,44400,0.0,0.0
2022-09-16 00:00:00-04:00,9.229999542236328,9.229999542236328,8.720000267028809,8.899999618530273,124700,0.0,0.0
2022-09-19 00:00:00-04:00,8.84000015258789,9.100000381469727,8.619999885559082,8.670000076293945,76500,0.0,0.0
2022-09-20 00:00:00-04:00,8.640000343322754,8.640000343322754,8.220000267028809,8.260000228881836,74100,0.0,0.0
2022-09-21 00:00:00-04:00,8.359999656677246,8.359999656677246,7.880000114440918,7.920000076293945,134400,0.0,0.0
2022-09-22 00:00:00-04:00,7.829999923706055,7.989999771118164,7.579999923706055,7.659999847412109,60600,0.0,0.0
2022-09-23 00:00:00-04:00,7.519999980926514,7.610000133514404,7.21999979019165,7.360000133514404,56300,0.0,0.0
2022-09-26 00:00:00-04:00,7.440000057220459,7.5,7.079999923706055,7.474999904632568,119500,0.0,0.0
2022-09-27 00:00:00-04:00,7.53000020980835,7.949999809265137,7.275000095367432,7.369999885559082,56200,0.0,0.0
2022-09-28 00:00:00-04:00,7.389999866485596,7.550000190734863,7.239999771118164,7.260000228881836,79700,0.0,0.0
2022-09-29 00:00:00-04:00,7.090000152587891,7.269999980926514,6.710000038146973,7.03000020980835,121300,0.0,0.0
2022-09-30 00:00:00-04:00,7.039999961853027,7.130000114440918,6.960000038146973,7.03000020980835,83400,0.0,0.0
2022-10-03 00:00:00-04:00,7.179999828338623,7.179999828338623,6.929999828338623,6.96999979019165,87900,0.0,0.0
2022-10-04 00:00:00-04:00,7.0,7.284999847412109,6.940000057220459,7.170000076293945,88500,0.0,0.0
2022-10-05 00:00:00-04:00,7.119999885559082,7.199999809265137,7.050000190734863,7.139999866485596,36800,0.0,0.0
2022-10-06 00:00:00-04:00,7.090000152587891,7.139999866485596,6.960000038146973,7.0,109100,0.0,0.0
2022-10-07 00:00:00-04:00,6.96999979019165,7.019999980926514,6.909999847412109,6.980000019073486,57900,0.0,0.0
2022-10-10 00:00:00-04:00,6.989999771118164,7.039999961853027,6.849999904632568,7.0,99100,0.0,0.0
2022-10-11 00:00:00-04:00,6.989999771118164,7.039999961853027,6.840000152587891,6.929999828338623,54800,0.0,0.0
2022-10-12 00:00:00-04:00,6.929999828338623,7.050000190734863,6.860000133514404,6.980000019073486,65200,0.0,0.0
2022-10-13 00:00:00-04:00,6.820000171661377,7.119999885559082,6.820000171661377,7.039999961853027,122800,0.0,0.0
2022-10-14 00:00:00-04:00,7.28000020980835,7.349999904632568,6.989999771118164,7.050000190734863,172200,0.0,0.0
2022-10-17 00:00:00-04:00,7.309999942779541,7.929999828338623,7.119999885559082,7.670000076293945,172600,0.0,0.0
2022-10-18 00:00:00-04:00,7.650000095367432,7.820000171661377,7.599999904632568,7.650000095367432,123900,0.0,0.0
2022-10-19 00:00:00-04:00,7.489999771118164,7.630000114440918,7.110000133514404,7.28000020980835,63300,0.0,0.0
2022-10-20 00:00:00-04:00,7.25,7.340000152587891,6.980000019073486,7.21999979019165,78800,0.0,0.0
2022-10-21 00:00:00-04:00,7.269999980926514,7.329999923706055,7.21999979019165,7.25,55500,0.0,0.0
2022-10-24 00:00:00-04:00,7.21999979019165,7.289999961853027,7.125,7.139999866485596,54200,0.0,0.0
2022-10-25 00:00:00-04:00,7.150000095367432,7.2870001792907715,7.150000095367432,7.21999979019165,81400,0.0,0.0
2022-10-26 00:00:00-04:00,7.289999961853027,7.289999961853027,7.099999904632568,7.130000114440918,67600,0.0,0.0
2022-10-27 00:00:00-04:00,7.150000095367432,7.199999809265137,6.789999961853027,6.96999979019165,134100,0.0,0.0
2022-10-28 00:00:00-04:00,7.150000095367432,7.679999828338623,7.039999961853027,7.590000152587891,330300,0.0,0.0
2022-10-31 00:00:00-04:00,7.539999961853027,7.659999847412109,7.210000038146973,7.369999885559082,123600,0.0,0.0
2022-11-01 00:00:00-04:00,7.46999979019165,7.809999942779541,7.389999866485596,7.78000020980835,92900,0.0,0.0
2022-11-02 00:00:00-04:00,7.800000190734863,7.889999866485596,7.482999801635742,7.510000228881836,108600,0.0,0.0
2022-11-03 00:00:00-04:00,7.5,7.5,7.179999828338623,7.289999961853027,93600,0.0,0.0
2022-11-04 00:00:00-04:00,7.320000171661377,7.539999961853027,7.190000057220459,7.289999961853027,95800,0.0,0.0
2022-11-07 00:00:00-05:00,7.340000152587891,7.494999885559082,7.289999961853027,7.400000095367432,136400,0.0,0.0
2022-11-08 00:00:00-05:00,7.400000095367432,7.416999816894531,7.25,7.28000020980835,89700,0.0,0.0
2022-11-09 00:00:00-05:00,7.289999961853027,7.289999961853027,6.889999866485596,6.900000095367432,138300,0.0,0.0
2022-11-10 00:00:00-05:00,7.170000076293945,7.349999904632568,7.010000228881836,7.130000114440918,118600,0.0,0.0
2022-11-11 00:00:00-05:00,7.199999809265137,7.489999771118164,7.13700008392334,7.440000057220459,172400,0.0,0.0
2022-11-14 00:00:00-05:00,7.440000057220459,7.784999847412109,7.329999923706055,7.400000095367432,208700,0.0,0.0
2022-11-15 00:00:00-05:00,7.570000171661377,7.684999942779541,7.389999866485596,7.53000020980835,258800,0.0,0.0
2022-11-16 00:00:00-05:00,7.5,7.525000095367432,7.349999904632568,7.400000095367432,65400,0.0,0.0
2022-11-17 00:00:00-05:00,7.329999923706055,7.329999923706055,7.0,7.119999885559082,175300,0.0,0.0
2022-11-18 00:00:00-05:00,7.21999979019165,7.21999979019165,6.949999809265137,6.980000019073486,133300,0.0,0.0
2022-11-21 00:00:00-05:00,6.96999979019165,7.099999904632568,6.909999847412109,7.050000190734863,104400,0.0,0.0
2022-11-22 00:00:00-05:00,7.070000171661377,7.204999923706055,6.96999979019165,7.119999885559082,55900,0.0,0.0
2022-11-23 00:00:00-05:00,7.090000152587891,7.260000228881836,7.050000190734863,7.199999809265137,58100,0.0,0.0
2022-11-25 00:00:00-05:00,7.139999866485596,7.21999979019165,7.139999866485596,7.190000057220459,17900,0.0,0.0
2022-11-28 00:00:00-05:00,7.170000076293945,7.170000076293945,7.03000020980835,7.050000190734863,76400,0.0,0.0
2022-11-29 00:00:00-05:00,7.03000020980835,7.289999961853027,7.010000228881836,7.159999847412109,70200,0.0,0.0
2022-11-30 00:00:00-05:00,7.159999847412109,7.335000038146973,6.960000038146973,7.320000171661377,72300,0.0,0.0
2022-12-01 00:00:00-05:00,7.349999904632568,7.489999771118164,7.28000020980835,7.460000038146973,43700,0.0,0.0
2022-12-02 00:00:00-05:00,7.349999904632568,7.590000152587891,7.329999923706055,7.53000020980835,41200,0.0,0.0
2022-12-05 00:00:00-05:00,7.510000228881836,7.533999919891357,7.320000171661377,7.420000076293945,60000,0.0,0.0
2022-12-06 00:00:00-05:00,7.460000038146973,7.53000020980835,7.190000057220459,7.28000020980835,140800,0.0,0.0
2022-12-07 00:00:00-05:00,7.21999979019165,7.21999979019165,7.03000020980835,7.070000171661377,69900,0.0,0.0
2022-12-08 00:00:00-05:00,7.079999923706055,7.195000171661377,7.070000171661377,7.119999885559082,33500,0.0,0.0
2022-12-09 00:00:00-05:00,7.070000171661377,7.119999885559082,7.0,7.03000020980835,84600,0.0,0.0
2022-12-12 00:00:00-05:00,7.059999942779541,7.179999828338623,6.989999771118164,7.039999961853027,87500,0.0,0.0
2022-12-13 00:00:00-05:00,7.309999942779541,7.400000095367432,6.949999809265137,7.059999942779541,136300,0.0,0.0
2022-12-14 00:00:00-05:00,7.070000171661377,7.164999961853027,6.820000171661377,6.989999771118164,76600,0.0,0.0
2022-12-15 00:00:00-05:00,6.920000076293945,7.03000020980835,6.7179999351501465,6.980000019073486,60200,0.0,0.0
2022-12-16 00:00:00-05:00,6.880000114440918,7.199999809265137,6.789999961853027,7.110000133514404,129200,0.0,0.0
2022-12-19 00:00:00-05:00,7.199999809265137,7.239999771118164,6.900000095367432,6.960000038146973,67600,0.0,0.0
2022-12-20 00:00:00-05:00,6.909999847412109,7.059000015258789,6.840000152587891,6.96999979019165,117300,0.0,0.0
2022-12-21 00:00:00-05:00,7.03000020980835,7.090000152587891,6.940000057220459,6.960000038146973,64800,0.0,0.0
2022-12-22 00:00:00-05:00,6.889999866485596,6.889999866485596,6.769999980926514,6.809999942779541,89400,0.0,0.0
2022-12-23 00:00:00-05:00,6.800000190734863,6.900000095367432,6.659999847412109,6.860000133514404,45900,0.0,0.0
2022-12-27 00:00:00-05:00,6.809999942779541,6.883999824523926,6.788000106811523,6.829999923706055,62300,0.0,0.0
2022-12-28 00:00:00-05:00,6.829999923706055,6.860000133514404,6.695000171661377,6.710000038146973,830400,0.0,0.0
2022-12-29 00:00:00-05:00,6.789999961853027,6.869999885559082,6.554999828338623,6.590000152587891,225100,0.0,0.0
2022-12-30 00:00:00-05:00,6.510000228881836,6.5289998054504395,6.070000171661377,6.210000038146973,453400,0.0,0.0
2023-01-03 00:00:00-05:00,6.230000019073486,6.760000228881836,6.070000171661377,6.599999904632568,121500,0.0,0.0
2023-01-04 00:00:00-05:00,6.639999866485596,6.840000152587891,6.599999904632568,6.730000019073486,87200,0.0,0.0
2023-01-05 00:00:00-05:00,6.760000228881836,6.78000020980835,6.650000095367432,6.690000057220459,132200,0.0,0.0
2023-01-06 00:00:00-05:00,6.760000228881836,6.840000152587891,6.599999904632568,6.789999961853027,100100,0.0,0.0
2023-01-09 00:00:00-05:00,6.875,6.909999847412109,6.78000020980835,6.800000190734863,53500,0.0,0.0
2023-01-10 00:00:00-05:00,6.699999809265137,7.300000190734863,6.699999809265137,6.900000095367432,156500,0.0,0.0
2023-01-11 00:00:00-05:00,6.949999809265137,6.949999809265137,6.760000228881836,6.829999923706055,138100,0.0,0.0
2023-01-12 00:00:00-05:00,6.800000190734863,7.078000068664551,6.760000228881836,6.78000020980835,92900,0.0,0.0
2023-01-13 00:00:00-05:00,6.760000228881836,6.78000020980835,6.690000057220459,6.75,128100,0.0,0.0
2023-01-17 00:00:00-05:00,6.71999979019165,6.889999866485596,6.679999828338623,6.699999809265137,123400,0.0,0.0
2023-01-18 00:00:00-05:00,6.769999980926514,6.795000076293945,6.550000190734863,6.65500020980835,88000,0.0,0.0
2023-01-19 00:00:00-05:00,6.599999904632568,6.670000076293945,6.579999923706055,6.619999885559082,67600,0.0,0.0
2023-01-20 00:00:00-05:00,6.659999847412109,6.739999771118164,6.585000038146973,6.699999809265137,73000,0.0,0.0
2023-01-23 00:00:00-05:00,6.699999809265137,6.760000228881836,6.639999866485596,6.699999809265137,82100,0.0,0.0
2023-01-24 00:00:00-05:00,6.699999809265137,6.75,6.659999847412109,6.679999828338623,63100,0.0,0.0
2023-01-25 00:00:00-05:00,6.610000133514404,6.650000095367432,6.519999980926514,6.599999904632568,77100,0.0,0.0
2023-01-26 00:00:00-05:00,6.630000114440918,6.699999809265137,6.539999961853027,6.699999809265137,71300,0.0,0.0
2023-01-27 00:00:00-05:00,6.670000076293945,6.739999771118164,6.650000095367432,6.679999828338623,110600,0.0,0.0
2023-01-30 00:00:00-05:00,6.679999828338623,6.699999809265137,6.590000152587891,6.599999904632568,62000,0.0,0.0
2023-01-31 00:00:00-05:00,6.599999904632568,6.71999979019165,6.577000141143799,6.699999809265137,76800,0.0,0.0
2023-02-01 00:00:00-05:00,6.659999847412109,6.815000057220459,6.659999847412109,6.699999809265137,162000,0.0,0.0
2023-02-02 00:00:00-05:00,6.769999980926514,6.940000057220459,6.739999771118164,6.800000190734863,214300,0.0,0.0
2023-02-03 00:00:00-05:00,6.769999980926514,6.920000076293945,6.744999885559082,6.75,152000,0.0,0.0
2023-02-06 00:00:00-05:00,6.699999809265137,6.71999979019165,6.480000019073486,6.510000228881836,130400,0.0,0.0
2023-02-07 00:00:00-05:00,6.5,6.519999980926514,6.269999980926514,6.480000019073486,130700,0.0,0.0
2023-02-08 00:00:00-05:00,6.480000019073486,6.480000019073486,6.114999771118164,6.210000038146973,171700,0.0,0.0
2023-02-09 00:00:00-05:00,6.21999979019165,6.519999980926514,6.139999866485596,6.210000038146973,161600,0.0,0.0
2023-02-10 00:00:00-05:00,6.199999809265137,6.25,6.110000133514404,6.170000076293945,121200,0.0,0.0
2023-02-13 00:00:00-05:00,6.159999847412109,6.190000057220459,6.010000228881836,6.050000190734863,241100,0.0,0.0
2023-02-14 00:00:00-05:00,6.059999942779541,6.21999979019165,5.980000019073486,6.110000133514404,196900,0.0,0.0
2023-02-15 00:00:00-05:00,6.119999885559082,6.510000228881836,6.119999885559082,6.380000114440918,181200,0.0,0.0
2023-02-16 00:00:00-05:00,6.380000114440918,6.380000114440918,6.050000190734863,6.099999904632568,206500,0.0,0.0
2023-02-17 00:00:00-05:00,6.139999866485596,6.25,6.019999980926514,6.099999904632568,285700,0.0,0.0
2023-02-21 00:00:00-05:00,6.110000133514404,6.340000152587891,6.059999942779541,6.090000152587891,113500,0.0,0.0
2023-02-22 00:00:00-05:00,6.150000095367432,6.260000228881836,6.079999923706055,6.170000076293945,66400,0.0,0.0
2023-02-23 00:00:00-05:00,6.519999980926514,6.550000190734863,6.002999782562256,6.190000057220459,162900,0.0,0.0
2023-02-24 00:00:00-05:00,6.150000095367432,6.159999847412109,5.795000076293945,5.820000171661377,187300,0.0,0.0
2023-02-27 00:00:00-05:00,5.829999923706055,5.829999923706055,5.458000183105469,5.559999942779541,287800,0.0,0.0
2023-02-28 00:00:00-05:00,5.579999923706055,5.715000152587891,5.369999885559082,5.420000076293945,193900,0.0,0.0
2023-03-01 00:00:00-05:00,5.429999828338623,5.760000228881836,5.179999828338623,5.309999942779541,293200,0.0,0.0
2023-03-02 00:00:00-05:00,5.289999961853027,5.289999961853027,4.949999809265137,5.039999961853027,374900,0.0,0.0
2023-03-03 00:00:00-05:00,5.070000171661377,5.160999774932861,4.989999771118164,5.059999942779541,192500,0.0,0.0
2023-03-06 00:00:00-05:00,4.989999771118164,5.170000076293945,4.900000095367432,4.929999828338623,337300,0.0,0.0
2023-03-07 00:00:00-05:00,4.960000038146973,4.960000038146973,4.599999904632568,4.619999885559082,301400,0.0,0.0
2023-03-08 00:00:00-05:00,4.639999866485596,4.675000190734863,4.480000019073486,4.590000152587891,191800,0.0,0.0
2023-03-09 00:00:00-05:00,4.619999885559082,4.65500020980835,4.329999923706055,4.340000152587891,242000,0.0,0.0
2023-03-10 00:00:00-05:00,4.309999942779541,4.440000057220459,4.070000171661377,4.119999885559082,247900,0.0,0.0
2023-03-13 00:00:00-04:00,4.050000190734863,4.170000076293945,3.9600000381469727,4.0,112600,0.0,0.0
2023-03-14 00:00:00-04:00,4.130000114440918,4.275000095367432,3.9600000381469727,4.010000228881836,158000,0.0,0.0
2023-03-15 00:00:00-04:00,3.930000066757202,4.119999885559082,3.880000114440918,4.119999885559082,238800,0.0,0.0
2023-03-16 00:00:00-04:00,4.070000171661377,4.260000228881836,4.019999980926514,4.25,167700,0.0,0.0
2023-03-17 00:00:00-04:00,4.210000038146973,4.215000152587891,3.940000057220459,3.9800000190734863,440600,0.0,0.0
2023-03-20 00:00:00-04:00,3.9800000190734863,4.170000076293945,3.9609999656677246,4.099999904632568,160000,0.0,0.0
2023-03-21 00:00:00-04:00,4.159999847412109,4.260000228881836,4.019999980926514,4.119999885559082,409000,0.0,0.0
2023-03-22 00:00:00-04:00,4.119999885559082,4.130000114440918,3.869999885559082,3.869999885559082,88000,0.0,0.0
2023-03-23 00:00:00-04:00,3.9600000381469727,3.990000009536743,3.7100000381469727,3.75,152900,0.0,0.0
2023-03-24 00:00:00-04:00,3.694999933242798,3.7100000381469727,3.5799999237060547,3.6500000953674316,153300,0.0,0.0
2023-03-27 00:00:00-04:00,3.700000047683716,3.7049999237060547,3.569999933242798,3.6500000953674316,104000,0.0,0.0
2023-03-28 00:00:00-04:00,3.6500000953674316,3.740000009536743,3.559999942779541,3.740000009536743,301800,0.0,0.0
2023-03-29 00:00:00-04:00,3.7699999809265137,3.799999952316284,3.4700000286102295,3.609999895095825,697800,0.0,0.0
2023-03-30 00:00:00-04:00,3.6500000953674316,3.677999973297119,3.5799999237060547,3.6500000953674316,158200,0.0,0.0
2023-03-31 00:00:00-04:00,3.6600000858306885,3.696000099182129,3.615000009536743,3.690000057220459,111900,0.0,0.0
2023-04-03 00:00:00-04:00,3.690000057220459,3.75,3.5199999809265137,3.630000114440918,272300,0.0,0.0
2023-04-04 00:00:00-04:00,3.6700000762939453,3.6700000762939453,3.430000066757202,3.450000047683716,184200,0.0,0.0
2023-04-05 00:00:00-04:00,3.430000066757202,3.4700000286102295,3.3299999237060547,3.369999885559082,101700,0.0,0.0
2023-04-06 00:00:00-04:00,3.380000114440918,3.4600000381469727,3.319999933242798,3.4200000762939453,67700,0.0,0.0
2023-04-10 00:00:00-04:00,3.430000066757202,3.6500000953674316,3.4000000953674316,3.6500000953674316,237900,0.0,0.0
2023-04-11 00:00:00-04:00,3.690000057220459,3.9200000762939453,3.690000057220459,3.7300000190734863,186300,0.0,0.0
2023-04-12 00:00:00-04:00,3.75,3.809999942779541,3.5299999713897705,3.5399999618530273,99200,0.0,0.0
2023-04-13 00:00:00-04:00,3.559999942779541,3.687000036239624,3.5399999618530273,3.6500000953674316,99300,0.0,0.0
2023-04-14 00:00:00-04:00,3.630000114440918,3.740000009536743,3.569999933242798,3.630000114440918,130900,0.0,0.0
2023-04-17 00:00:00-04:00,3.6500000953674316,3.7100000381469727,3.5199999809265137,3.680000066757202,87400,0.0,0.0
2023-04-18 00:00:00-04:00,3.6500000953674316,3.859999895095825,3.6500000953674316,3.799999952316284,89400,0.0,0.0
2023-04-19 00:00:00-04:00,3.7899999618530273,4.130000114440918,3.7200000286102295,4.050000190734863,132900,0.0,0.0
2023-04-20 00:00:00-04:00,4.099999904632568,4.289999961853027,4.010000228881836,4.199999809265137,178200,0.0,0.0
2023-04-21 00:00:00-04:00,4.179999828338623,4.179999828338623,3.7899999618530273,3.880000114440918,138700,0.0,0.0
2023-04-24 00:00:00-04:00,3.859999895095825,3.875,3.680000066757202,3.700000047683716,78500,0.0,0.0
2023-04-25 00:00:00-04:00,3.7200000286102295,3.740000009536743,3.627000093460083,3.6500000953674316,107200,0.0,0.0
2023-04-26 00:00:00-04:00,3.6600000858306885,3.6600000858306885,3.5199999809265137,3.619999885559082,90800,0.0,0.0
2023-04-27 00:00:00-04:00,3.5,3.6700000762939453,3.200000047683716,3.2200000286102295,348100,0.0,0.0
2023-04-28 00:00:00-04:00,3.2200000286102295,3.700000047683716,3.2200000286102295,3.515000104904175,187700,0.0,0.0
2023-05-01 00:00:00-04:00,3.490000009536743,3.559999942779541,3.1600000858306885,3.240000009536743,314500,0.0,0.0
2023-05-02 00:00:00-04:00,3.2799999713897705,3.2799999713897705,2.9700000286102295,3.0,216300,0.0,0.0
2023-05-03 00:00:00-04:00,2.9800000190734863,3.049999952316284,2.9100000858306885,2.9200000762939453,171500,0.0,0.0
2023-05-04 00:00:00-04:00,2.9200000762939453,2.9200000762939453,2.640000104904175,2.680000066757202,255800,0.0,0.0
2023-05-05 00:00:00-04:00,2.7699999809265137,2.869999885559082,2.7119998931884766,2.7699999809265137,237300,0.0,0.0
2023-05-08 00:00:00-04:00,2.7699999809265137,2.8010001182556152,2.609999895095825,2.630000114440918,225000,0.0,0.0
2023-05-09 00:00:00-04:00,2.680000066757202,2.7079999446868896,2.569999933242798,2.6500000953674316,135300,0.0,0.0
2023-05-10 00:00:00-04:00,2.7100000381469727,2.940000057220459,2.6700000762939453,2.7799999713897705,225400,0.0,0.0
2023-05-11 00:00:00-04:00,2.7899999618530273,3.069999933242798,2.7039999961853027,2.950000047683716,271400,0.0,0.0
2023-05-12 00:00:00-04:00,3.190000057220459,3.5399999618530273,3.140000104904175,3.299999952316284,553800,0.0,0.0
2023-05-15 00:00:00-04:00,3.2699999809265137,3.450000047683716,3.2300000190734863,3.259999990463257,174000,0.0,0.0
2023-05-16 00:00:00-04:00,3.25,3.259999990463257,3.190000057220459,3.2100000381469727,88200,0.0,0.0
2023-05-17 00:00:00-04:00,3.190000057220459,3.25,3.1500000953674316,3.184999942779541,151900,0.0,0.0
2023-05-18 00:00:00-04:00,3.200000047683716,3.2799999713897705,3.109999895095825,3.259999990463257,150200,0.0,0.0
2023-05-19 00:00:00-04:00,3.2899999618530273,3.3299999237060547,3.2200000286102295,3.240000009536743,83300,0.0,0.0
2023-05-22 00:00:00-04:00,3.25,3.3399999141693115,3.234999895095825,3.2799999713897705,111400,0.0,0.0
2023-05-23 00:00:00-04:00,3.2899999618530273,3.380000114440918,3.193000078201294,3.2300000190734863,176500,0.0,0.0
2023-05-24 00:00:00-04:00,3.2200000286102295,3.2799999713897705,3.1600000858306885,3.190000057220459,127700,0.0,0.0
2023-05-25 00:00:00-04:00,3.200000047683716,3.259999990463257,3.180000066757202,3.200000047683716,122700,0.0,0.0
2023-05-26 00:00:00-04:00,3.240000009536743,3.259999990463257,3.2100000381469727,3.2300000190734863,64000,0.0,0.0
2023-05-30 00:00:00-04:00,3.2300000190734863,3.299999952316284,3.190000057220459,3.190000057220459,156800,0.0,0.0
2023-05-31 00:00:00-04:00,3.200000047683716,3.2699999809265137,3.180000066757202,3.2200000286102295,119600,0.0,0.0
2023-06-01 00:00:00-04:00,3.25,3.299999952316284,3.140000104904175,3.1700000762939453,232600,0.0,0.0
2023-06-02 00:00:00-04:00,3.180000066757202,3.2899999618530273,3.180000066757202,3.2899999618530273,165600,0.0,0.0
2023-06-05 00:00:00-04:00,3.2799999713897705,3.2899999618530273,3.190000057220459,3.200000047683716,148400,0.0,0.0
2023-06-06 00:00:00-04:00,3.200000047683716,3.509999990463257,3.200000047683716,3.4700000286102295,239600,0.0,0.0
2023-06-07 00:00:00-04:00,3.440000057220459,3.700000047683716,3.4200000762939453,3.630000114440918,192700,0.0,0.0
2023-06-08 00:00:00-04:00,3.630000114440918,3.630000114440918,3.4200000762939453,3.5199999809265137,99700,0.0,0.0
2023-06-09 00:00:00-04:00,3.440000057220459,3.4700000286102295,3.240000009536743,3.2799999713897705,73300,0.0,0.0
2023-06-12 00:00:00-04:00,3.2899999618530273,3.390000104904175,3.109999895095825,3.1600000858306885,190300,0.0,0.0
2023-06-13 00:00:00-04:00,3.2149999141693115,3.2300000190734863,3.0199999809265137,3.0399999618530273,145000,0.0,0.0
2023-06-14 00:00:00-04:00,3.1600000858306885,3.200000047683716,2.9700000286102295,3.049999952316284,145800,0.0,0.0
2023-06-15 00:00:00-04:00,3.049999952316284,3.1600000858306885,3.0,3.140000104904175,177700,0.0,0.0
2023-06-16 00:00:00-04:00,3.1500000953674316,3.1500000953674316,3.0199999809265137,3.0999999046325684,275900,0.0,0.0
2023-06-20 00:00:00-04:00,3.0799999237060547,3.0799999237060547,3.0,3.049999952316284,247700,0.0,0.0
2023-06-21 00:00:00-04:00,3.059999942779541,3.109999895095825,3.009999990463257,3.0999999046325684,266400,0.0,0.0
2023-06-22 00:00:00-04:00,3.0899999141693115,3.130000114440918,3.0199999809265137,3.0899999141693115,245200,0.0,0.0
2023-06-23 00:00:00-04:00,3.059999942779541,3.549999952316284,3.049999952316284,3.4000000953674316,2110400,0.0,0.0
2023-06-26 00:00:00-04:00,3.4200000762939453,3.799999952316284,3.4200000762939453,3.7699999809265137,244000,0.0,0.0
2023-06-27 00:00:00-04:00,3.75,4.260000228881836,3.680000066757202,4.099999904632568,376500,0.0,0.0
2023-06-28 00:00:00-04:00,4.059999942779541,4.110000133514404,3.7300000190734863,3.799999952316284,232200,0.0,0.0
2023-06-29 00:00:00-04:00,3.809999942779541,3.9700000286102295,3.799999952316284,3.9200000762939453,138900,0.0,0.0
2023-06-30 00:00:00-04:00,3.9600000381469727,4.159999847412109,3.950000047683716,4.099999904632568,159300,0.0,0.0
2023-07-03 00:00:00-04:00,4.139999866485596,4.179999828338623,3.9700000286102295,4.050000190734863,62900,0.0,0.0
2023-07-05 00:00:00-04:00,4.090000152587891,4.269999980926514,3.950000047683716,4.21999979019165,134300,0.0,0.0
2023-07-06 00:00:00-04:00,4.150000095367432,4.260000228881836,4.050000190734863,4.25,105700,0.0,0.0
2023-07-07 00:00:00-04:00,4.255000114440918,4.650000095367432,4.25,4.449999809265137,148000,0.0,0.0
2023-07-10 00:00:00-04:00,4.46999979019165,4.619999885559082,4.389999866485596,4.590000152587891,98500,0.0,0.0
2023-07-11 00:00:00-04:00,4.53000020980835,4.690000057220459,4.510000228881836,4.619999885559082,78100,0.0,0.0
2023-07-12 00:00:00-04:00,4.690000057220459,4.800000190734863,4.590000152587891,4.650000095367432,118700,0.0,0.0
2023-07-13 00:00:00-04:00,4.670000076293945,4.699999809265137,4.409999847412109,4.670000076293945,98600,0.0,0.0
2023-07-14 00:00:00-04:00,4.670000076293945,4.679999828338623,4.539999961853027,4.619999885559082,31100,0.0,0.0
2023-07-17 00:00:00-04:00,4.650000095367432,4.809999942779541,4.610000133514404,4.71999979019165,93000,0.0,0.0
2023-07-18 00:00:00-04:00,4.699999809265137,4.900000095367432,4.443999767303467,4.820000171661377,52800,0.0,0.0
2023-07-19 00:00:00-04:00,4.849999904632568,4.900000095367432,4.650000095367432,4.800000190734863,108500,0.0,0.0
2023-07-20 00:00:00-04:00,4.7789998054504395,4.900000095367432,4.730000019073486,4.849999904632568,42600,0.0,0.0
2023-07-21 00:00:00-04:00,4.849999904632568,5.03000020980835,4.755000114440918,4.860000133514404,103000,0.0,0.0
2023-07-24 00:00:00-04:00,4.860000133514404,5.179999828338623,4.800000190734863,5.079999923706055,107300,0.0,0.0
2023-07-25 00:00:00-04:00,5.110000133514404,5.150000095367432,4.949999809265137,5.010000228881836,93500,0.0,0.0
2023-07-26 00:00:00-04:00,5.070000171661377,5.079999923706055,4.909999847412109,4.949999809265137,119300,0.0,0.0
2023-07-27 00:00:00-04:00,4.960000038146973,5.019999980926514,4.760000228881836,4.840000152587891,102400,0.0,0.0
2023-07-28 00:00:00-04:00,5.190000057220459,5.949999809265137,5.110000133514404,5.539999961853027,274000,0.0,0.0
2023-07-31 00:00:00-04:00,5.78000020980835,6.590000152587891,5.630000114440918,6.340000152587891,269900,0.0,0.0
2023-08-01 00:00:00-04:00,6.489999771118164,6.489999771118164,5.5,5.599999904632568,162400,0.0,0.0
2023-08-02 00:00:00-04:00,5.599999904632568,5.599999904632568,5.0,5.090000152587891,211700,0.0,0.0
2023-08-03 00:00:00-04:00,5.099999904632568,5.364999771118164,5.03000020980835,5.179999828338623,48600,0.0,0.0
2023-08-04 00:00:00-04:00,5.199999809265137,5.429999828338623,5.13700008392334,5.269999980926514,107200,0.0,0.0
2023-08-07 00:00:00-04:00,5.159999847412109,5.236999988555908,4.860000133514404,5.050000190734863,180400,0.0,0.0
2023-08-08 00:00:00-04:00,4.949999809265137,5.190000057220459,4.860000133514404,5.099999904632568,82000,0.0,0.0
2023-08-09 00:00:00-04:00,5.150000095367432,5.150000095367432,4.889999866485596,4.940000057220459,82400,0.0,0.0
2023-08-10 00:00:00-04:00,4.889999866485596,5.079999923706055,4.809999942779541,4.929999828338623,64000,0.0,0.0
2023-08-11 00:00:00-04:00,4.900000095367432,5.059999942779541,4.71999979019165,4.960000038146973,30100,0.0,0.0
2023-08-14 00:00:00-04:00,4.945000171661377,4.960000038146973,4.820000171661377,4.920000076293945,58800,0.0,0.0
2023-08-15 00:00:00-04:00,4.860000133514404,4.880000114440918,4.610000133514404,4.75,127600,0.0,0.0
2023-08-16 00:00:00-04:00,4.739999771118164,4.840000152587891,4.599999904632568,4.639999866485596,61000,0.0,0.0
2023-08-17 00:00:00-04:00,4.619999885559082,4.739999771118164,4.460000038146973,4.510000228881836,60300,0.0,0.0
2023-08-18 00:00:00-04:00,4.46999979019165,4.619999885559082,4.46999979019165,4.53000020980835,20000,0.0,0.0
2023-08-21 00:00:00-04:00,4.519999980926514,4.559999942779541,4.360000133514404,4.389999866485596,92900,0.0,0.0
2023-08-22 00:00:00-04:00,4.440000057220459,4.440000057220459,4.320000171661377,4.329999923706055,25300,0.0,0.0
2023-08-23 00:00:00-04:00,4.380000114440918,4.539999961853027,4.349999904632568,4.449999809265137,33500,0.0,0.0
2023-08-24 00:00:00-04:00,4.434999942779541,4.46999979019165,4.340000152587891,4.409999847412109,25200,0.0,0.0
2023-08-25 00:00:00-04:00,4.409999847412109,4.550000190734863,4.409999847412109,4.449999809265137,22300,0.0,0.0
2023-08-28 00:00:00-04:00,4.429999828338623,4.510000228881836,4.329999923706055,4.380000114440918,60200,0.0,0.0
2023-08-29 00:00:00-04:00,4.429999828338623,4.804999828338623,4.4079999923706055,4.630000114440918,61200,0.0,0.0
2023-08-30 00:00:00-04:00,4.639999866485596,4.764999866485596,4.385000228881836,4.699999809265137,24900,0.0,0.0
2023-08-31 00:00:00-04:00,4.789999961853027,4.789999961853027,4.579999923706055,4.639999866485596,18300,0.0,0.0
2023-09-01 00:00:00-04:00,4.599999904632568,4.639999866485596,4.429999828338623,4.599999904632568,38400,0.0,0.0
2023-09-05 00:00:00-04:00,4.539999961853027,4.650000095367432,4.389999866485596,4.539999961853027,67800,0.0,0.0
2023-09-06 00:00:00-04:00,4.744999885559082,4.744999885559082,4.429999828338623,4.5,43100,0.0,0.0
2023-09-07 00:00:00-04:00,4.400000095367432,4.610000133514404,4.400000095367432,4.53000020980835,24800,0.0,0.0
2023-09-08 00:00:00-04:00,4.53000020980835,4.679999828338623,4.460000038146973,4.5,50200,0.0,0.0
2023-09-11 00:00:00-04:00,4.550000190734863,4.599999904632568,4.409999847412109,4.579999923706055,42700,0.0,0.0
2023-09-12 00:00:00-04:00,4.599999904632568,4.71999979019165,4.449999809265137,4.590000152587891,256300,0.0,0.0
2023-09-13 00:00:00-04:00,4.639999866485596,4.809999942779541,4.519999980926514,4.579999923706055,28000,0.0,0.0
2023-09-14 00:00:00-04:00,4.579999923706055,4.610000133514404,4.5,4.550000190734863,28400,0.0,0.0
2023-09-15 00:00:00-04:00,4.460000038146973,4.550000190734863,4.409999847412109,4.449999809265137,80700,0.0,0.0
2023-09-18 00:00:00-04:00,4.53000020980835,4.619999885559082,4.420000076293945,4.550000190734863,50300,0.0,0.0
2023-09-19 00:00:00-04:00,4.570000171661377,4.60099983215332,4.420000076293945,4.559999942779541,71500,0.0,0.0
2023-09-20 00:00:00-04:00,4.599999904632568,4.659999847412109,4.5,4.539999961853027,50000,0.0,0.0
2023-09-21 00:00:00-04:00,4.489999771118164,5.072000026702881,4.427000045776367,4.980000019073486,153200,0.0,0.0
2023-09-22 00:00:00-04:00,5.010000228881836,5.039999961853027,4.630000114440918,4.670000076293945,90900,0.0,0.0
2023-09-25 00:00:00-04:00,4.679999828338623,5.025000095367432,4.659999847412109,4.849999904632568,51200,0.0,0.0
2023-09-26 00:00:00-04:00,4.900000095367432,4.900000095367432,4.78000020980835,4.849999904632568,79300,0.0,0.0
2023-09-27 00:00:00-04:00,4.909999847412109,4.949999809265137,4.800000190734863,4.849999904632568,65600,0.0,0.0
2023-09-28 00:00:00-04:00,4.804999828338623,4.940000057220459,4.804999828338623,4.880000114440918,30700,0.0,0.0
2023-09-29 00:00:00-04:00,4.929999828338623,5.170000076293945,4.929999828338623,5.090000152587891,54100,0.0,0.0
2023-10-02 00:00:00-04:00,5.119999885559082,5.239999771118164,5.001999855041504,5.239999771118164,68600,0.0,0.0
2023-10-03 00:00:00-04:00,5.165999889373779,5.320000171661377,5.165999889373779,5.300000190734863,60100,0.0,0.0
2023-10-04 00:00:00-04:00,5.324999809265137,5.35699987411499,5.0,5.260000228881836,68400,0.0,0.0
2023-10-05 00:00:00-04:00,5.21999979019165,5.28000020980835,5.119999885559082,5.139999866485596,27400,0.0,0.0
2023-10-06 00:00:00-04:00,5.050000190734863,5.139999866485596,4.829999923706055,4.980000019073486,96200,0.0,0.0
2023-10-09 00:00:00-04:00,4.929999828338623,5.090000152587891,4.849999904632568,4.980000019073486,41700,0.0,0.0
2023-10-10 00:00:00-04:00,4.954999923706055,5.21999979019165,4.954999923706055,5.159999847412109,50900,0.0,0.0
2023-10-11 00:00:00-04:00,5.179999828338623,5.400000095367432,5.0,5.360000133514404,51700,0.0,0.0
2023-10-12 00:00:00-04:00,5.360000133514404,5.409999847412109,5.230000019073486,5.329999923706055,36100,0.0,0.0
2023-10-13 00:00:00-04:00,5.320000171661377,5.320000171661377,5.159999847412109,5.230000019073486,29800,0.0,0.0
2023-10-16 00:00:00-04:00,5.440000057220459,5.440000057220459,5.070000171661377,5.179999828338623,46700,0.0,0.0
2023-10-17 00:00:00-04:00,5.179999828338623,5.349999904632568,5.0,5.039999961853027,55700,0.0,0.0
2023-10-18 00:00:00-04:00,5.03000020980835,5.190000057220459,5.0,5.139999866485596,71200,0.0,0.0
2023-10-19 00:00:00-04:00,5.070000171661377,5.329999923706055,5.019999980926514,5.130000114440918,87600,0.0,0.0
2023-10-20 00:00:00-04:00,5.099999904632568,5.2179999351501465,4.960000038146973,5.039999961853027,137400,0.0,0.0
2023-10-23 00:00:00-04:00,4.929999828338623,5.210000038146973,4.920000076293945,5.039999961853027,48700,0.0,0.0
2023-10-24 00:00:00-04:00,5.110000133514404,5.199999809265137,5.050000190734863,5.099999904632568,26900,0.0,0.0
2023-10-25 00:00:00-04:00,5.099999904632568,5.260000228881836,5.099999904632568,5.179999828338623,54700,0.0,0.0
2023-10-26 00:00:00-04:00,5.179999828338623,5.400000095367432,5.150000095367432,5.400000095367432,114400,0.0,0.0
2023-10-27 00:00:00-04:00,5.28000020980835,5.28000020980835,4.690000057220459,4.769999980926514,235000,0.0,0.0
2023-10-30 00:00:00-04:00,4.849999904632568,4.849999904632568,4.610000133514404,4.659999847412109,148500,0.0,0.0
2023-10-31 00:00:00-04:00,4.599999904632568,4.639999866485596,4.425000190734863,4.510000228881836,91000,0.0,0.0
2023-11-01 00:00:00-04:00,4.579999923706055,4.789999961853027,4.519999980926514,4.699999809265137,98400,0.0,0.0
2023-11-02 00:00:00-04:00,4.650000095367432,4.949999809265137,4.650000095367432,4.789999961853027,34900,0.0,0.0
2023-11-03 00:00:00-04:00,4.90500020980835,5.03000020980835,4.900000095367432,4.909999847412109,29700,0.0,0.0
2023-11-06 00:00:00-05:00,4.860000133514404,5.034999847412109,4.860000133514404,4.940000057220459,20700,0.0,0.0
2023-11-07 00:00:00-05:00,4.985000133514404,5.079999923706055,4.869999885559082,4.909999847412109,22500,0.0,0.0
2023-11-08 00:00:00-05:00,4.860000133514404,4.889999866485596,4.769999980926514,4.820000171661377,84600,0.0,0.0
2023-11-09 00:00:00-05:00,4.789999961853027,4.869999885559082,4.724999904632568,4.869999885559082,18800,0.0,0.0
2023-11-10 00:00:00-05:00,4.869999885559082,4.900000095367432,4.829999923706055,4.849999904632568,20800,0.0,0.0
2023-11-13 00:00:00-05:00,4.789999961853027,4.900000095367432,4.789999961853027,4.849999904632568,20300,0.0,0.0
2023-11-14 00:00:00-05:00,4.909999847412109,5.28000020980835,4.909999847412109,5.269999980926514,53200,0.0,0.0
2023-11-15 00:00:00-05:00,5.090000152587891,5.380000114440918,4.960000038146973,5.019999980926514,41300,0.0,0.0
2023-11-16 00:00:00-05:00,5.005000114440918,5.079999923706055,4.940000057220459,5.059999942779541,20000,0.0,0.0
2023-11-17 00:00:00-05:00,5.059999942779541,5.210000038146973,5.050000190734863,5.170000076293945,20800,0.0,0.0
2023-11-20 00:00:00-05:00,5.130000114440918,5.300000190734863,5.130000114440918,5.190000057220459,15300,0.0,0.0
2023-11-21 00:00:00-05:00,5.150000095367432,5.230000019073486,4.880000114440918,4.949999809265137,23100,0.0,0.0
2023-11-22 00:00:00-05:00,4.940000057220459,4.96999979019165,4.809999942779541,4.949999809265137,26800,0.0,0.0
2023-11-24 00:00:00-05:00,4.980000019073486,5.0,4.929999828338623,4.989999771118164,10700,0.0,0.0
2023-11-27 00:00:00-05:00,5.070000171661377,5.070000171661377,4.960000038146973,4.96999979019165,58400,0.0,0.0
2023-11-28 00:00:00-05:00,4.96999979019165,5.159999847412109,4.889999866485596,5.0,27200,0.0,0.0
2023-11-29 00:00:00-05:00,5.0,5.010000228881836,4.880000114440918,4.949999809265137,21300,0.0,0.0
2023-11-30 00:00:00-05:00,4.929999828338623,5.0,4.869999885559082,4.869999885559082,33800,0.0,0.0
2023-12-01 00:00:00-05:00,4.840000152587891,5.0980000495910645,4.829999923706055,5.0,120200,0.0,0.0
2023-12-04 00:00:00-05:00,4.989999771118164,5.045000076293945,4.890999794006348,4.960000038146973,19200,0.0,0.0
2023-12-05 00:00:00-05:00,4.920000076293945,4.989999771118164,4.840000152587891,4.96999979019165,16200,0.0,0.0
2023-12-06 00:00:00-05:00,4.929999828338623,5.0,4.840000152587891,4.869999885559082,38000,0.0,0.0
2023-12-07 00:00:00-05:00,4.849999904632568,5.0,4.840000152587891,5.0,43100,0.0,0.0
2023-12-08 00:00:00-05:00,4.949999809265137,5.090000152587891,4.909999847412109,5.074999809265137,51100,0.0,0.0
2023-12-11 00:00:00-05:00,5.09499979019165,5.139999866485596,4.880000114440918,5.010000228881836,17200,0.0,0.0
2023-12-12 00:00:00-05:00,5.090000152587891,5.150000095367432,4.989999771118164,4.989999771118164,25100,0.0,0.0
2023-12-13 00:00:00-05:00,5.079999923706055,5.215000152587891,4.949999809265137,4.989999771118164,63900,0.0,0.0
2023-12-14 00:00:00-05:00,5.03000020980835,5.238999843597412,4.96999979019165,5.050000190734863,74300,0.0,0.0
2023-12-15 00:00:00-05:00,5.050000190734863,5.199999809265137,5.019999980926514,5.079999923706055,71300,0.0,0.0
2023-12-18 00:00:00-05:00,5.079999923706055,5.210000038146973,5.079999923706055,5.119999885559082,34500,0.0,0.0
2023-12-19 00:00:00-05:00,5.110000133514404,5.289999961853027,5.079999923706055,5.21999979019165,96200,0.0,0.0
2023-12-20 00:00:00-05:00,5.21999979019165,5.440000057220459,5.199999809265137,5.230000019073486,65600,0.0,0.0
2023-12-21 00:00:00-05:00,5.239999771118164,5.324999809265137,5.010000228881836,5.130000114440918,35900,0.0,0.0
2023-12-22 00:00:00-05:00,5.139999866485596,5.260000228881836,5.099999904632568,5.179999828338623,23900,0.0,0.0
2023-12-26 00:00:00-05:00,5.210000038146973,5.400000095367432,5.199999809265137,5.389999866485596,61500,0.0,0.0
2023-12-27 00:00:00-05:00,5.369999885559082,5.5,5.230000019073486,5.400000095367432,40700,0.0,0.0
2023-12-28 00:00:00-05:00,5.449999809265137,5.510000228881836,5.329999923706055,5.400000095367432,54500,0.0,0.0
2023-12-29 00:00:00-05:00,5.360000133514404,5.489999771118164,5.320000171661377,5.320000171661377,18700,0.0,0.0
2024-01-02 00:00:00-05:00,5.300000190734863,5.349999904632568,4.949999809265137,4.96999979019165,43700,0.0,0.0
2024-01-03 00:00:00-05:00,4.96999979019165,5.130000114440918,4.96999979019165,5.070000171661377,39400,0.0,0.0
2024-01-04 00:00:00-05:00,5.070000171661377,5.172999858856201,5.010000228881836,5.010000228881836,38900,0.0,0.0
2024-01-05 00:00:00-05:00,5.054999828338623,5.179999828338623,4.980000019073486,5.019999980926514,55300,0.0,0.0
2024-01-08 00:00:00-05:00,5.019999980926514,5.099999904632568,4.980000019073486,5.079999923706055,21900,0.0,0.0
2024-01-09 00:00:00-05:00,5.015999794006348,5.289999961853027,5.010000228881836,5.210000038146973,46300,0.0,0.0
2024-01-10 00:00:00-05:00,5.239999771118164,5.300000190734863,4.960000038146973,4.989999771118164,63500,0.0,0.0
2024-01-11 00:00:00-05:00,5.03000020980835,5.28000020980835,4.909999847412109,4.940000057220459,54000,0.0,0.0
2024-01-12 00:00:00-05:00,4.920000076293945,5.0,4.909999847412109,4.929999828338623,33800,0.0,0.0
2024-01-16 00:00:00-05:00,4.929999828338623,4.949999809265137,4.900000095367432,4.940000057220459,31100,0.0,0.0
2024-01-17 00:00:00-05:00,4.909999847412109,5.019999980926514,4.889999866485596,4.96999979019165,43100,0.0,0.0
2024-01-18 00:00:00-05:00,4.989999771118164,5.014999866485596,4.869999885559082,4.880000114440918,25600,0.0,0.0
2024-01-19 00:00:00-05:00,4.860000133514404,5.019999980926514,4.849999904632568,5.0,42100,0.0,0.0
2024-01-22 00:00:00-05:00,5.0,5.059999942779541,4.889999866485596,4.889999866485596,126500,0.0,0.0
2024-01-23 00:00:00-05:00,5.0,5.150000095367432,4.849999904632568,5.079999923706055,76300,0.0,0.0
2024-01-24 00:00:00-05:00,5.139999866485596,5.179999828338623,4.960000038146973,5.0,39700,0.0,0.0
2024-01-25 00:00:00-05:00,5.050000190734863,5.119999885559082,4.739999771118164,4.800000190734863,101200,0.0,0.0
2024-01-26 00:00:00-05:00,4.829999923706055,4.960000038146973,4.769999980926514,4.860000133514404,24500,0.0,0.0
2024-01-29 00:00:00-05:00,4.760000228881836,4.900000095367432,4.710000038146973,4.789999961853027,24500,0.0,0.0
2024-01-30 00:00:00-05:00,4.789999961853027,4.869999885559082,4.739999771118164,4.829999923706055,14300,0.0,0.0
2024-01-31 00:00:00-05:00,4.840000152587891,4.840000152587891,4.599999904632568,4.599999904632568,39000,0.0,0.0
2024-02-01 00:00:00-05:00,4.579999923706055,4.670000076293945,4.489999771118164,4.599999904632568,24300,0.0,0.0
2024-02-02 00:00:00-05:00,4.510000228881836,4.570000171661377,4.480000019073486,4.480000019073486,21100,0.0,0.0
2024-02-05 00:00:00-05:00,4.440000057220459,4.519999980926514,4.21999979019165,4.309999942779541,113600,0.0,0.0
2024-02-06 00:00:00-05:00,4.260000228881836,4.320000171661377,4.199999809265137,4.210000038146973,59600,0.0,0.0
2024-02-07 00:00:00-05:00,4.25,4.25,4.059999942779541,4.099999904632568,78900,0.0,0.0
2024-02-08 00:00:00-05:00,4.090000152587891,4.130000114440918,4.050000190734863,4.090000152587891,39000,0.0,0.0
2024-02-09 00:00:00-05:00,4.059999942779541,4.090000152587891,3.890000104904175,3.930000066757202,81400,0.0,0.0
2024-02-12 00:00:00-05:00,3.990000009536743,4.15500020980835,3.990000009536743,4.090000152587891,61900,0.0,0.0
2024-02-13 00:00:00-05:00,4.099999904632568,4.099999904632568,3.8299999237060547,3.8299999237060547,36600,0.0,0.0
2024-02-14 00:00:00-05:00,3.880000114440918,4.073999881744385,3.880000114440918,3.9800000190734863,65800,0.0,0.0
2024-02-15 00:00:00-05:00,3.950000047683716,4.099999904632568,3.950000047683716,4.050000190734863,29700,0.0,0.0
2024-02-16 00:00:00-05:00,4.010000228881836,4.119999885559082,3.9100000858306885,3.9100000858306885,30400,0.0,0.0
2024-02-20 00:00:00-05:00,3.930000066757202,4.010000228881836,3.8499999046325684,3.8499999046325684,30700,0.0,0.0
2024-02-21 00:00:00-05:00,3.940000057220459,3.9800000190734863,3.819999933242798,3.8499999046325684,75400,0.0,0.0
2024-02-22 00:00:00-05:00,3.869999885559082,4.269999980926514,3.869999885559082,4.21999979019165,289600,0.0,0.0
2024-02-23 00:00:00-05:00,4.230000019073486,4.710000038146973,4.230000019073486,4.699999809265137,69100,0.0,0.0
2024-02-26 00:00:00-05:00,4.710000038146973,4.710000038146973,4.300000190734863,4.480000019073486,46400,0.0,0.0
2024-02-27 00:00:00-05:00,4.079999923706055,4.284999847412109,3.8499999046325684,3.8499999046325684,137100,0.0,0.0
2024-02-28 00:00:00-05:00,3.6700000762939453,3.7799999713897705,3.369999885559082,3.390000104904175,82700,0.0,0.0
2024-02-29 00:00:00-05:00,3.4000000953674316,3.8499999046325684,3.4000000953674316,3.740000009536743,91500,0.0,0.0
2024-03-01 00:00:00-05:00,3.7100000381469727,3.940000057220459,3.680000066757202,3.740000009536743,78000,0.0,0.0
2024-03-04 00:00:00-05:00,3.700000047683716,3.759999990463257,3.5199999809265137,3.549999952316284,62900,0.0,0.0
2024-03-05 00:00:00-05:00,3.490000009536743,3.5899999141693115,3.450000047683716,3.4600000381469727,51800,0.0,0.0
2024-03-06 00:00:00-05:00,3.440000057220459,3.640000104904175,3.440000057220459,3.5,97900,0.0,0.0
2024-03-07 00:00:00-05:00,3.5199999809265137,3.5999999046325684,3.2950000762939453,3.509999990463257,176400,0.0,0.0
2024-03-08 00:00:00-05:00,3.509999990463257,3.869999885559082,3.509999990463257,3.75,94000,0.0,0.0
2024-03-11 00:00:00-04:00,3.7699999809265137,3.7899999618530273,3.6050000190734863,3.680000066757202,39500,0.0,0.0
2024-03-12 00:00:00-04:00,3.680000066757202,3.950000047683716,3.6600000858306885,3.809999942779541,144400,0.0,0.0
2024-03-13 00:00:00-04:00,3.819999933242798,3.9200000762939453,3.680000066757202,3.7300000190734863,115700,0.0,0.0
2024-03-14 00:00:00-04:00,3.7100000381469727,3.75,3.509999990463257,3.569999933242798,88500,0.0,0.0
2024-03-15 00:00:00-04:00,3.549999952316284,3.7699999809265137,3.549999952316284,3.6500000953674316,171800,0.0,0.0
2024-03-18 00:00:00-04:00,3.5999999046325684,3.640000104904175,3.359999895095825,3.369999885559082,88300,0.0,0.0
2024-03-19 00:00:00-04:00,3.549999952316284,3.740000009536743,3.450000047683716,3.4800000190734863,91500,0.0,0.0
2024-03-20 00:00:00-04:00,3.490000009536743,3.7039999961853027,3.490000009536743,3.6700000762939453,49500,0.0,0.0
2024-03-21 00:00:00-04:00,3.7799999713897705,3.7799999713897705,3.5,3.5,84400,0.0,0.0
2024-03-22 00:00:00-04:00,3.5299999713897705,3.559999942779541,3.240000009536743,3.4100000858306885,157500,0.0,0.0
2024-03-25 00:00:00-04:00,3.390000104904175,3.5199999809265137,3.319999933242798,3.4100000858306885,57600,0.0,0.0
2024-03-26 00:00:00-04:00,3.4040000438690186,3.4100000858306885,3.0999999046325684,3.130000114440918,145400,0.0,0.0
2024-03-27 00:00:00-04:00,3.0899999141693115,3.2799999713897705,3.0799999237060547,3.2300000190734863,120400,0.0,0.0
2024-03-28 00:00:00-04:00,3.309999942779541,3.7200000286102295,3.2899999618530273,3.5899999141693115,68800,0.0,0.0
2024-04-01 00:00:00-04:00,3.5899999141693115,3.6050000190734863,3.5199999809265137,3.549999952316284,35200,0.0,0.0
2024-04-02 00:00:00-04:00,3.5,3.5,3.259999990463257,3.299999952316284,78500,0.0,0.0
2024-04-03 00:00:00-04:00,3.259999990463257,3.259999990463257,3.0799999237060547,3.0799999237060547,92700,0.0,0.0
2024-04-04 00:00:00-04:00,3.0899999141693115,3.1500000953674316,2.9700000286102295,2.990000009536743,63700,0.0,0.0
2024-04-05 00:00:00-04:00,3.009999990463257,3.109999895095825,2.984999895095825,3.0999999046325684,55700,0.0,0.0
2024-04-08 00:00:00-04:00,3.0999999046325684,3.1600000858306885,3.0999999046325684,3.130000114440918,30900,0.0,0.0
2024-04-09 00:00:00-04:00,3.200000047683716,3.200000047683716,3.069999933242798,3.1500000953674316,56200,0.0,0.0
2024-04-10 00:00:00-04:00,3.109999895095825,3.190000057220459,3.0799999237060547,3.0999999046325684,70900,0.0,0.0
2024-04-11 00:00:00-04:00,3.0799999237060547,3.180000066757202,3.009999990463257,3.180000066757202,60400,0.0,0.0
2024-04-12 00:00:00-04:00,3.0899999141693115,3.3399999141693115,3.0799999237060547,3.119999885559082,53800,0.0,0.0
2024-04-15 00:00:00-04:00,3.109999895095825,3.109999895095825,2.8399999141693115,2.9100000858306885,42100,0.0,0.0
2024-04-16 00:00:00-04:00,3.119999885559082,3.119999885559082,2.859999895095825,2.869999885559082,37300,0.0,0.0
2024-04-17 00:00:00-04:00,2.924999952316284,2.924999952316284,2.75,2.75,31800,0.0,0.0
2024-04-18 00:00:00-04:00,2.7300000190734863,2.8399999141693115,2.6700000762939453,2.7899999618530273,35100,0.0,0.0
2024-04-19 00:00:00-04:00,2.8399999141693115,3.009999990463257,2.799999952316284,2.990000009536743,61000,0.0,0.0
2024-04-22 00:00:00-04:00,3.009999990463257,3.25,2.680000066757202,2.700000047683716,128200,0.0,0.0
2024-04-23 00:00:00-04:00,2.7100000381469727,2.8399999141693115,2.700000047683716,2.700000047683716,67500,0.0,0.0
2024-04-24 00:00:00-04:00,2.744999885559082,2.744999885559082,2.630000114440918,2.700000047683716,47000,0.0,0.0
2024-04-25 00:00:00-04:00,2.63100004196167,2.7899999618530273,2.609999895095825,2.759999990463257,24100,0.0,0.0
2024-04-26 00:00:00-04:00,2.740000009536743,2.890000104904175,2.609999895095825,2.680000066757202,55600,0.0,0.0
2024-04-29 00:00:00-04:00,2.7300000190734863,2.7300000190734863,2.6600000858306885,2.7300000190734863,41900,0.0,0.0
2024-04-30 00:00:00-04:00,2.622999906539917,2.700000047683716,2.5940001010894775,2.630000114440918,14000,0.0,0.0
2024-05-01 00:00:00-04:00,2.630000114440918,2.7300000190734863,2.609999895095825,2.609999895095825,23300,0.0,0.0
2024-05-02 00:00:00-04:00,2.6700000762939453,2.75,2.609999895095825,2.640000104904175,28600,0.0,0.0
2024-05-03 00:00:00-04:00,2.6500000953674316,3.069999933242798,2.6500000953674316,2.75,72700,0.0,0.0
2024-05-06 00:00:00-04:00,2.759999990463257,2.9800000190734863,2.759999990463257,2.8499999046325684,43500,0.0,0.0
2024-05-07 00:00:00-04:00,2.880000114440918,2.940000057220459,2.799999952316284,2.799999952316284,35100,0.0,0.0
2024-05-08 00:00:00-04:00,2.690000057220459,2.759999990463257,2.6500000953674316,2.700000047683716,62100,0.0,0.0
2024-05-09 00:00:00-04:00,2.700000047683716,2.7300000190734863,2.630000114440918,2.6700000762939453,35300,0.0,0.0
2024-05-10 00:00:00-04:00,2.6689999103546143,2.684999942779541,2.619999885559082,2.6700000762939453,16000,0.0,0.0
2024-05-13 00:00:00-04:00,2.680000066757202,2.740000009536743,2.6700000762939453,2.700000047683716,51900,0.0,0.0
2024-05-14 00:00:00-04:00,2.7200000286102295,2.859999895095825,2.688999891281128,2.7899999618530273,41600,0.0,0.0
2024-05-15 00:00:00-04:00,2.799999952316284,2.880000114440918,2.740000009536743,2.8399999141693115,34100,0.0,0.0
2024-05-16 00:00:00-04:00,2.8499999046325684,3.299999952316284,2.8350000381469727,3.299999952316284,87100,0.0,0.0
2024-05-17 00:00:00-04:00,3.259999990463257,3.3399999141693115,3.1500000953674316,3.1500000953674316,44100,0.0,0.0
2024-05-20 00:00:00-04:00,3.1500000953674316,3.1500000953674316,2.930000066757202,2.9800000190734863,33900,0.0,0.0
2024-05-21 00:00:00-04:00,3.0380001068115234,3.0380001068115234,2.9000000953674316,2.9000000953674316,25400,0.0,0.0
2024-05-22 00:00:00-04:00,2.871999979019165,2.880000114440918,2.7200000286102295,2.7799999713897705,28900,0.0,0.0
2024-05-23 00:00:00-04:00,2.75,2.869999885559082,2.4800000190734863,2.569999933242798,47400,0.0,0.0
2024-05-24 00:00:00-04:00,2.5899999141693115,2.749000072479248,2.5199999809265137,2.609999895095825,33100,0.0,0.0
2024-05-28 00:00:00-04:00,2.569999933242798,2.6600000858306885,2.4800000190734863,2.549999952316284,33700,0.0,0.0
2024-05-29 00:00:00-04:00,2.5199999809265137,2.7679998874664307,2.3399999141693115,2.3399999141693115,29500,0.0,0.0
2024-05-30 00:00:00-04:00,2.3980000019073486,2.4200000762939453,2.259999990463257,2.3299999237060547,47800,0.0,0.0
2024-05-31 00:00:00-04:00,2.319999933242798,2.4600000381469727,2.319999933242798,2.3299999237060547,26400,0.0,0.0
2024-06-03 00:00:00-04:00,2.369999885559082,2.4000000953674316,2.259999990463257,2.259999990463257,20700,0.0,0.0
2024-06-04 00:00:00-04:00,2.2899999618530273,2.2899999618530273,2.109999895095825,2.119999885559082,40700,0.0,0.0
2024-06-05 00:00:00-04:00,2.1500000953674316,2.255000114440918,2.0759999752044678,2.140000104904175,30000,0.0,0.0
2024-06-06 00:00:00-04:00,2.0999999046325684,2.180000066757202,1.9199999570846558,1.9500000476837158,46000,0.0,0.0
2024-06-07 00:00:00-04:00,1.9900000095367432,2.490000009536743,1.9900000095367432,2.369999885559082,155100,0.0,0.0
2024-06-10 00:00:00-04:00,2.299999952316284,2.4000000953674316,2.180000066757202,2.240000009536743,25700,0.0,0.0
2024-06-11 00:00:00-04:00,2.180000066757202,2.2049999237060547,2.069999933242798,2.069999933242798,13900,0.0,0.0
2024-06-12 00:00:00-04:00,2.119999885559082,2.1549999713897705,2.0199999809265137,2.0299999713897705,18200,0.0,0.0
2024-06-13 00:00:00-04:00,2.0179998874664307,2.109999895095825,1.9800000190734863,1.9800000190734863,28600,0.0,0.0
2024-06-14 00:00:00-04:00,1.9800000190734863,2.049999952316284,1.9299999475479126,1.940000057220459,32800,0.0,0.0
