Date,Open,High,Low,Close,Volume,Dividends,Stock Splits
2002-04-16 00:00:00-04:00,8.115885734558105,8.115885734558105,8.115885734558105,8.115885734558105,0,0.0,0.0
2002-04-17 00:00:00-04:00,8.115885734558105,8.115885734558105,8.115885734558105,8.115885734558105,0,0.0,0.0
2002-04-18 00:00:00-04:00,8.115885734558105,8.115885734558105,8.115885734558105,8.115885734558105,0,0.0,0.0
2002-04-19 00:00:00-04:00,8.215441703796387,8.215441703796387,8.215441703796387,8.215441703796387,122,0.0,0.0
2002-04-22 00:00:00-04:00,8.215441703796387,8.215441703796387,8.215441703796387,8.215441703796387,0,0.0,0.0
2002-04-23 00:00:00-04:00,8.198128206485817,8.440522193908691,8.198128206485817,8.440522193908691,1823,0.0,0.0
2002-04-24 00:00:00-04:00,8.462166681033231,8.592020988464355,8.462166681033231,8.592020988464355,243,0.0,0.0
2002-04-25 00:00:00-04:00,8.592020988464355,8.592020988464355,8.592020988464355,8.592020988464355,0,0.0,0.0
2002-04-26 00:00:00-04:00,8.483806478612223,8.873368263244629,8.483806478612223,8.873368263244629,4619,0.0,0.0
2002-04-29 00:00:00-04:00,9.089795721758819,9.522643089294434,9.072481144669982,9.522643089294434,1580,0.0,0.0
2002-04-30 00:00:00-04:00,9.522640973378325,9.578910827636719,9.522640973378325,9.578910827636719,243,0.0,0.0
2002-05-01 00:00:00-04:00,9.58324146270752,9.58324146270752,9.58324146270752,9.58324146270752,122,0.0,0.0
2002-05-02 00:00:00-04:00,9.414430618286133,9.414430618286133,9.414430618286133,9.414430618286133,122,0.0,0.0
2002-05-03 00:00:00-04:00,9.522643089294434,9.522643089294434,9.518313943266774,9.522643089294434,608,0.0,0.0
2002-05-06 00:00:00-04:00,9.522643089294434,9.522643089294434,9.522643089294434,9.522643089294434,0,0.0,0.0
2002-05-07 00:00:00-04:00,9.327862739562988,9.327862739562988,9.327862739562988,9.327862739562988,1337,0.0,0.0
2002-05-08 00:00:00-04:00,9.111434936523438,9.111434936523438,9.111434936523438,9.111434936523438,365,0.0,0.0
2002-05-09 00:00:00-04:00,9.111434936523438,9.111434936523438,9.111434936523438,9.111434936523438,0,0.0,0.0
2002-05-10 00:00:00-04:00,9.47935676574707,9.47935676574707,9.47935676574707,9.47935676574707,122,0.0,0.0
2002-05-13 00:00:00-04:00,9.414430618286133,9.414430618286133,9.414430618286133,9.414430618286133,122,0.0,0.0
2002-05-14 00:00:00-04:00,9.111436003471388,9.111436003471388,8.895012855529785,8.895012855529785,1823,0.0,0.0
2002-05-15 00:00:00-04:00,8.89501092162466,8.916653633117676,8.89501092162466,8.916653633117676,729,0.0,0.0
2002-05-16 00:00:00-04:00,8.916656912415515,8.916656912415515,8.89501419296291,8.912327766418457,972,0.0,0.0
2002-05-17 00:00:00-04:00,8.63530445098877,8.63530445098877,8.63530445098877,8.63530445098877,122,0.0,0.0
2002-05-20 00:00:00-04:00,8.656946182250977,8.656946182250977,8.656946182250977,8.656946182250977,365,0.0,0.0
2002-05-21 00:00:00-04:00,8.656946182250977,8.656946182250977,8.656946182250977,8.656946182250977,0,0.0,0.0
2002-05-22 00:00:00-04:00,8.656946182250977,8.656946182250977,8.656946182250977,8.656946182250977,0,0.0,0.0
2002-05-23 00:00:00-04:00,8.656946182250977,8.656946182250977,8.656946182250977,8.656946182250977,0,0.0,0.0
2002-05-24 00:00:00-04:00,8.35395336151123,8.35395336151123,8.35395336151123,8.35395336151123,122,0.0,0.0
2002-05-28 00:00:00-04:00,8.35395336151123,8.35395336151123,8.35395336151123,8.35395336151123,0,0.0,0.0
2002-05-29 00:00:00-04:00,8.224097791884821,8.224097791884821,8.115885734558105,8.115885734558105,851,0.0,0.0
2002-05-30 00:00:00-04:00,8.115885734558105,8.115885734558105,8.115885734558105,8.115885734558105,122,0.0,0.0
2002-05-31 00:00:00-04:00,8.219771017421643,8.224099159240723,8.219771017421643,8.224099159240723,486,0.0,0.0
2002-06-03 00:00:00-04:00,8.224099159240723,8.224099159240723,8.224099159240723,8.224099159240723,0,0.0,0.0
2002-06-04 00:00:00-04:00,8.224099159240723,8.224099159240723,8.224099159240723,8.224099159240723,0,0.0,0.0
2002-06-05 00:00:00-04:00,8.224099159240723,8.224099159240723,8.224099159240723,8.224099159240723,0,0.0,0.0
2002-06-06 00:00:00-04:00,8.224099159240723,8.224099159240723,8.224099159240723,8.224099159240723,0,0.0,0.0
2002-06-07 00:00:00-04:00,8.224099159240723,8.224099159240723,8.224099159240723,8.224099159240723,0,0.0,0.0
2002-06-10 00:00:00-04:00,8.176486240835517,8.224099314029125,7.964391231536866,7.964391231536865,1216,0.0,0.0
2002-06-11 00:00:00-04:00,7.860508366406812,7.860508366406812,7.791253073434964,7.834537506103516,1580,0.0,0.0
2002-06-12 00:00:00-04:00,7.834537506103515,7.834537506103515,7.834537506103515,7.834537506103516,0,0.0,0.0
2002-06-13 00:00:00-04:00,7.834537506103515,7.834537506103515,7.834537506103515,7.834537506103516,0,0.0,0.0
2002-06-14 00:00:00-04:00,7.882150650024414,7.882150650024414,7.882150650024414,7.882150650024414,122,0.0,0.0
2002-06-17 00:00:00-04:00,7.877822437560197,7.877822437560197,7.791253566741944,7.791253566741943,1216,0.0,0.0
2002-06-18 00:00:00-04:00,7.791253566741944,7.791253566741944,7.791253566741944,7.791253566741943,0,0.0,0.0
2002-06-19 00:00:00-04:00,7.791253566741944,7.791253566741944,7.791253566741944,7.791253566741943,122,0.0,0.0
2002-06-20 00:00:00-04:00,8.224099159240723,8.224099159240723,8.224099159240723,8.224099159240723,243,0.0,0.0
2002-06-21 00:00:00-04:00,8.224099159240723,8.224099159240723,8.224099159240723,8.224099159240723,0,0.0,0.0
2002-06-24 00:00:00-04:00,7.921108382191045,7.921108382191045,7.769611835479735,7.769611835479736,608,0.0,0.0
2002-06-25 00:00:00-04:00,7.769611835479735,7.769611835479735,7.769611835479735,7.769611835479736,0,0.0,0.0
2002-06-26 00:00:00-04:00,7.791255477634497,8.085591316223145,7.791255477634497,8.085591316223145,851,0.0,0.0
2002-06-27 00:00:00-04:00,7.791253566741944,7.791253566741944,7.791253566741944,7.791253566741943,122,0.0,0.0
2002-06-28 00:00:00-04:00,8.085591316223145,8.085591316223145,8.085591316223145,8.085591316223145,243,0.0,0.0
2002-07-01 00:00:00-04:00,8.133200645446777,8.133200645446777,8.133200645446777,8.133200645446777,243,0.0,0.0
2002-07-02 00:00:00-04:00,8.133200645446777,8.133200645446777,8.133200645446777,8.133200645446777,0,0.0,0.0
2002-07-03 00:00:00-04:00,7.890806469609378,8.19379997253418,7.890806469609378,8.19379997253418,729,0.0,0.0
2002-07-05 00:00:00-04:00,8.19379997253418,8.19379997253418,8.19379997253418,8.19379997253418,0,0.0,0.0
2002-07-08 00:00:00-04:00,8.06827449798584,8.06827449798584,8.06827449798584,8.06827449798584,122,0.0,0.0
2002-07-09 00:00:00-04:00,8.06827449798584,8.06827449798584,8.06827449798584,8.06827449798584,0,0.0,0.0
2002-07-10 00:00:00-04:00,8.189473125327899,8.189473125327899,8.120217323303223,8.120217323303223,365,0.0,0.0
2002-07-11 00:00:00-04:00,8.120217323303223,8.120217323303223,8.120217323303223,8.120217323303223,0,0.0,0.0
2002-07-12 00:00:00-04:00,8.211113929748535,8.211113929748535,8.211113929748535,8.211113929748535,972,0.0,0.0
2002-07-15 00:00:00-04:00,8.172159599154327,8.172159599154327,8.141860091511354,8.146188735961914,851,0.0,0.0
2002-07-16 00:00:00-04:00,8.141855239868164,8.141855239868164,8.141855239868164,8.141855239868164,365,0.0,0.0
2002-07-17 00:00:00-04:00,8.007677060058265,8.0509614944458,8.007677060058265,8.0509614944458,1094,0.0,0.0
2002-07-18 00:00:00-04:00,8.0509614944458,8.0509614944458,8.0509614944458,8.0509614944458,122,0.0,0.0
2002-07-19 00:00:00-04:00,8.0509614944458,8.0509614944458,8.0509614944458,8.0509614944458,0,0.0,0.0
2002-07-22 00:00:00-04:00,7.9903631738369985,7.9903631738369985,7.791253566741944,7.791253566741943,1823,0.0,0.0
2002-07-23 00:00:00-04:00,7.791253847092644,7.795581989736027,7.250193869210716,7.466618061065674,3890,0.0,0.0
2002-07-24 00:00:00-04:00,7.46661797769402,7.700355239268083,7.033770100572715,7.462289333343506,2431,0.0,0.0
2002-07-25 00:00:00-04:00,7.4925886451325034,7.873494285392854,7.4925886451325034,7.812895774841309,1823,0.0,0.0
2002-07-26 00:00:00-04:00,7.86916453137355,7.938419818878175,7.834536887621238,7.938419818878174,3768,0.0,0.0
2002-07-29 00:00:00-04:00,7.899465489220223,8.224100775462503,7.899465489220223,8.120217323303223,10210,0.0,0.0
2002-07-30 00:00:00-04:00,8.241412632059044,8.440522193908691,8.241412632059044,8.440522193908691,1459,0.0,0.0
2002-07-31 00:00:00-04:00,8.392907786079503,8.46649169921875,8.392907786079503,8.46649169921875,1702,0.0,0.0
2002-08-01 00:00:00-04:00,8.544404414394629,8.916653633117676,8.544404414394629,8.916653633117676,2066,0.0,0.0
2002-08-02 00:00:00-04:00,8.916653633117676,8.916653633117676,8.916653633117676,8.916653633117676,0,0.0,0.0
2002-08-05 00:00:00-04:00,8.916653633117676,8.916653633117676,8.916653633117676,8.916653633117676,608,0.0,0.0
2002-08-06 00:00:00-04:00,8.933971850333414,9.055168890054146,8.933971850333414,9.046512603759766,1337,0.0,0.0
2002-08-07 00:00:00-04:00,9.046512603759766,9.046512603759766,9.046512603759766,9.046512603759766,0,0.0,0.0
2002-08-08 00:00:00-04:00,9.046512603759766,9.046512603759766,9.046512603759766,9.046512603759766,0,0.0,0.0
2002-08-09 00:00:00-04:00,9.107108235697263,9.76070785522461,9.107108235697263,9.76070785522461,6199,0.0,0.0
2002-08-12 00:00:00-04:00,10.05937184521997,10.275794982910156,10.055042700078893,10.275794982910156,1580,0.0,0.0
2002-08-13 00:00:00-04:00,10.284453392028809,10.284453392028809,10.284453392028809,10.284453392028809,122,0.0,0.0
2002-08-14 00:00:00-04:00,10.388337998696786,11.158806586752576,10.388337998696786,10.474907875061035,8387,0.0,0.0
2002-08-15 00:00:00-04:00,10.435952700895735,10.435952700895735,10.098331451416016,10.098331451416016,2188,0.0,0.0
2002-08-16 00:00:00-04:00,10.128630701900624,10.128630701900624,10.063703536987305,10.063703536987305,243,0.0,0.0
2002-08-19 00:00:00-04:00,9.955487340921716,9.955487340921716,9.847274780273438,9.847274780273438,729,0.0,0.0
2002-08-20 00:00:00-04:00,9.847274780273438,9.847274780273438,9.847274780273438,9.847274780273438,0,0.0,0.0
2002-08-21 00:00:00-04:00,9.829962730407715,9.829962730407715,9.829962730407715,9.829962730407715,243,0.0,0.0
2002-08-22 00:00:00-04:00,9.825634002685547,9.825634002685547,9.825634002685547,9.825634002685547,122,0.0,0.0
2002-08-23 00:00:00-04:00,9.864593408514907,9.951163291931152,9.864593408514907,9.951163291931152,972,0.0,0.0
2002-08-26 00:00:00-04:00,9.890562057495119,9.890562057495119,9.881904770039608,9.890562057495117,851,0.0,0.0
2002-08-27 00:00:00-04:00,9.886231167530411,9.886231167530411,9.630850791931152,9.630850791931152,1459,0.0,0.0
2002-08-28 00:00:00-04:00,9.613540649414062,9.613540649414062,9.613540649414062,9.613540649414062,122,0.0,0.0
2002-08-29 00:00:00-04:00,9.609211995758953,9.609211995758953,9.50100040435791,9.50100040435791,1216,0.0,0.0
2002-08-30 00:00:00-04:00,9.436072332357895,9.436072332357895,9.414430618286133,9.414430618286133,486,0.0,0.0
2002-09-03 00:00:00-04:00,9.392788887023926,9.392788887023926,9.392788887023926,9.392788887023926,122,0.0,0.0
2002-09-04 00:00:00-04:00,9.436073492246429,9.436073492246429,9.198007583618164,9.198007583618164,1580,0.0,0.0
2002-09-05 00:00:00-04:00,9.094123372550248,9.094123372550248,8.981582641601562,8.981582641601562,1459,0.0,0.0
2002-09-06 00:00:00-04:00,9.089794158935549,9.111435871309348,9.089794158935549,9.089794158935547,851,0.0,0.0
2002-09-09 00:00:00-04:00,9.089794158935547,9.089794158935547,9.089794158935547,9.089794158935547,0,0.25504,0.0
2002-09-10 00:00:00-04:00,9.182055420437317,9.375361292821053,9.177661410692323,9.225988388061523,851,0.0,0.0
2002-09-11 00:00:00-04:00,9.397328332596606,10.201306838701438,9.397328332596606,9.871808052062988,7050,0.0,0.0
2002-09-12 00:00:00-04:00,9.779549239821609,9.779549239821609,9.028290537249786,9.546703338623047,7171,0.0,0.0
2002-09-13 00:00:00-04:00,9.28749540822013,9.555489291655391,9.28749540822013,9.493982315063477,608,0.0,0.0
2002-09-16 00:00:00-04:00,9.23917121714583,9.441264152526855,9.23917121714583,9.441264152526855,486,0.0,0.0
2002-09-17 00:00:00-04:00,9.247952461242676,9.247952461242676,9.247952461242676,9.247952461242676,122,0.0,0.0
2002-09-18 00:00:00-04:00,9.485197436046787,9.489590428734198,9.480804443359375,9.480804443359375,608,0.0,0.0
2002-09-19 00:00:00-04:00,9.274317356749352,9.274317356749352,9.160091400146484,9.160091400146484,1094,0.0,0.0
2002-09-20 00:00:00-04:00,9.164484024047852,9.164484024047852,9.164484024047852,9.164484024047852,608,0.0,0.0
2002-09-23 00:00:00-04:00,9.160088707140211,9.160088707140211,8.962388818972881,9.05025577545166,1094,0.0,0.0
2002-09-24 00:00:00-04:00,9.050254346492746,9.050254346492746,8.786653518676758,8.786653518676758,3403,0.0,0.0
2002-09-25 00:00:00-04:00,8.83059024810791,8.83059024810791,8.83059024810791,8.83059024810791,122,0.0,0.0
2002-09-26 00:00:00-04:00,8.83059024810791,8.83059024810791,8.83059024810791,8.83059024810791,0,0.0,0.0
2002-09-27 00:00:00-04:00,8.83059024810791,8.83059024810791,8.83059024810791,8.83059024810791,0,0.0,0.0
2002-09-30 00:00:00-04:00,8.83059024810791,8.83059024810791,8.83059024810791,8.83059024810791,0,0.0,0.0
2002-10-01 00:00:00-04:00,9.006321512847423,9.225988388061523,8.777868655236402,9.225988388061523,2796,0.0,0.0
2002-10-02 00:00:00-04:00,9.252347946166992,9.252347946166992,9.252347946166992,9.252347946166992,122,0.0,0.0
2002-10-03 00:00:00-04:00,9.256740937163105,9.256740937163105,9.252347946166992,9.252347946166992,365,0.0,0.0
2002-10-04 00:00:00-04:00,8.984355926513672,8.984355926513672,8.984355926513672,8.984355926513672,122,0.0,0.0
2002-10-07 00:00:00-04:00,8.830588828052628,9.212808609008789,8.830588828052628,9.212808609008789,1337,0.0,0.0
2002-10-08 00:00:00-04:00,9.212808609008789,9.212808609008789,9.212808609008789,9.212808609008789,0,0.0,0.0
2002-10-09 00:00:00-04:00,9.252347631460436,9.252347631460436,8.834980907538391,8.856947898864746,1094,0.0,0.0
2002-10-10 00:00:00-04:00,8.834983825683594,8.834983825683594,8.834983825683594,8.834983825683594,122,0.0,0.0
2002-10-11 00:00:00-04:00,8.834983825683594,8.834983825683594,8.834983825683594,8.834983825683594,0,0.0,0.0
2002-10-14 00:00:00-04:00,8.834983825683594,8.834983825683594,8.834983825683594,8.834983825683594,0,0.0,0.0
2002-10-15 00:00:00-04:00,9.054646010152974,9.054646010152974,9.006319046020508,9.006319046020508,1702,0.0,0.0
2002-10-16 00:00:00-04:00,9.006319046020508,9.006319046020508,9.006319046020508,9.006319046020508,122,0.0,0.0
2002-10-17 00:00:00-04:00,9.225990550690035,9.247956530377833,9.050257620453804,9.116156578063965,1580,0.0,0.0
2002-10-18 00:00:00-04:00,9.05025436467676,9.261133193969727,9.05025436467676,9.261133193969727,243,0.0,0.0
2002-10-21 00:00:00-04:00,9.050254511443823,9.050254511443823,9.006320530067212,9.03268051147461,1337,0.0,0.0
2002-10-22 00:00:00-04:00,9.006321113156785,9.006321113156785,8.896488189697266,8.896488189697266,1580,0.0,0.0
2002-10-23 00:00:00-04:00,9.04586148927317,9.230381379259983,9.04586148927317,9.225988388061523,2674,0.0,0.0
2002-10-24 00:00:00-04:00,9.33143138885498,9.33143138885498,9.33143138885498,9.33143138885498,122,0.0,0.0
2002-10-25 00:00:00-04:00,9.327037075045059,9.335823059082031,9.327037075045059,9.335823059082031,365,0.0,0.0
2002-10-28 00:00:00-05:00,9.309462547302246,9.309462547302246,9.287495551349462,9.309462547302246,486,0.0,0.0
2002-10-29 00:00:00-05:00,9.335823059082031,9.335823059082031,9.335823059082031,9.335823059082031,243,0.0,0.0
2002-10-30 00:00:00-05:00,9.335823059082031,9.335823059082031,9.335823059082031,9.335823059082031,0,0.0,0.0
2002-10-31 00:00:00-05:00,9.243565559387207,9.247958552576003,9.182059580556091,9.243565559387207,2553,0.0,0.0
2002-11-01 00:00:00-05:00,9.2435613714019,9.256741363543814,9.186448411635777,9.225988388061523,851,0.0,0.0
2002-11-04 00:00:00-05:00,9.256743583913602,9.322643560430283,9.256743583913602,9.287496566772461,1945,0.0,0.0
2002-11-05 00:00:00-05:00,9.287496566772461,9.287496566772461,9.287496566772461,9.287496566772461,0,0.0,0.0
2002-11-06 00:00:00-05:00,9.32703685760498,9.32703685760498,9.32703685760498,9.32703685760498,122,0.0,0.0
2002-11-07 00:00:00-05:00,9.225988388061523,9.225988388061523,9.225988388061523,9.225988388061523,122,0.0,0.0
2002-11-08 00:00:00-05:00,9.335821988889109,9.401721954345703,9.335821988889109,9.401721954345703,365,0.0,0.0
2002-11-11 00:00:00-05:00,9.445656711809466,9.467623710632324,9.445656711809466,9.467623710632324,243,0.0,0.0
2002-11-12 00:00:00-05:00,9.401721954345703,9.401721954345703,9.401721954345703,9.401721954345703,608,0.0,0.0
2002-11-13 00:00:00-05:00,9.485196698562532,9.537916680899954,9.467623710632324,9.467623710632324,851,0.0,0.0
2002-11-14 00:00:00-05:00,9.489588737487793,9.57745570540442,9.467622759418658,9.489588737487793,1580,0.0,0.0
2002-11-15 00:00:00-05:00,9.467622327745033,9.493982315063477,9.467622327745033,9.493982315063477,1459,0.0,0.0
2002-11-18 00:00:00-05:00,9.573060989379883,9.573060989379883,9.489587028401505,9.573060989379883,608,0.0,0.0
2002-11-19 00:00:00-05:00,9.573060989379883,9.573060989379883,9.573060989379883,9.573060989379883,0,0.0,0.0
2002-11-20 00:00:00-05:00,9.573060989379883,9.573060989379883,9.573060989379883,9.573060989379883,0,0.0,0.0
2002-11-21 00:00:00-05:00,9.313856444646948,9.775156274680281,9.313856444646948,9.643356323242188,3768,0.0,0.0
2002-11-22 00:00:00-05:00,9.924528121948242,9.924528121948242,9.924528121948242,9.924528121948242,122,0.0,0.0
2002-11-25 00:00:00-05:00,9.92892217889654,9.9904281373945,9.665322303771973,9.665322303771973,2917,0.0,0.0
2002-11-26 00:00:00-05:00,9.775155836365423,10.08268870308238,9.67850288249363,9.884988784790039,13614,0.0,0.0
2002-11-27 00:00:00-05:00,10.084000514868938,10.088613510131836,10.084000514868938,10.088613510131836,463,0.0,1.05
2002-11-29 00:00:00-05:00,9.954842442241265,10.07939338684082,9.954842442241265,10.07939338684082,463,0.0,0.0
2002-12-02 00:00:00-05:00,10.07939338684082,10.07939338684082,10.07939338684082,10.07939338684082,0,0.0,0.0
2002-12-03 00:00:00-05:00,10.07939338684082,10.07939338684082,10.07939338684082,10.07939338684082,0,0.0,0.0
2002-12-04 00:00:00-05:00,10.07939338684082,10.07939338684082,10.07939338684082,10.07939338684082,0,0.0,0.0
2002-12-05 00:00:00-05:00,9.94100284576416,9.959454836438109,9.94100284576416,9.94100284576416,1736,0.0,0.0
2002-12-06 00:00:00-05:00,9.94100284576416,9.94100284576416,9.94100284576416,9.94100284576416,1158,0.0,0.0
2002-12-09 00:00:00-05:00,9.941002378557128,10.02864933013916,9.941002378557128,10.02864933013916,232,0.0,0.0
2002-12-10 00:00:00-05:00,10.143975257873535,10.143975257873535,10.143975257873535,10.143975257873535,116,0.0,0.0
2002-12-11 00:00:00-05:00,10.143975257873535,10.143975257873535,10.143975257873535,10.143975257873535,0,0.0,0.0
2002-12-12 00:00:00-05:00,9.987133026123047,9.987133026123047,9.987133026123047,9.987133026123047,463,0.0,0.0
2002-12-13 00:00:00-05:00,10.167039506528985,10.600661277770996,10.167039506528985,10.600661277770996,2315,0.0,0.0
2002-12-16 00:00:00-05:00,10.600661277770996,10.600661277770996,10.600661277770996,10.600661277770996,0,0.0,0.0
2002-12-17 00:00:00-05:00,10.545306081703217,10.669857025146484,10.545306081703217,10.669857025146484,347,0.0,0.0
2002-12-18 00:00:00-05:00,10.669857025146484,10.669857025146484,10.669857025146484,10.669857025146484,0,0.0,0.0
2002-12-19 00:00:00-05:00,10.669857025146484,10.669857025146484,10.669857025146484,10.669857025146484,0,0.0,0.0
2002-12-20 00:00:00-05:00,10.342337608337402,10.342337608337402,10.342337608337402,10.342337608337402,232,0.0,0.0
2002-12-23 00:00:00-05:00,10.342337608337402,10.342337608337402,10.342337608337402,10.342337608337402,0,0.0,0.0
2002-12-24 00:00:00-05:00,10.748279571533203,10.748279571533203,10.748279571533203,10.748279571533203,116,0.0,0.0
2002-12-26 00:00:00-05:00,10.748279571533203,10.748279571533203,10.748279571533203,10.748279571533203,0,0.0,0.0
2002-12-27 00:00:00-05:00,10.748279571533203,10.748279571533203,10.748279571533203,10.748279571533203,116,0.0,0.0
2002-12-30 00:00:00-05:00,10.748279571533203,10.748279571533203,10.748279571533203,10.748279571533203,0,0.0,0.0
2002-12-31 00:00:00-05:00,10.614500137710046,10.785181045532227,10.53146618255331,10.785181045532227,926,0.0,0.0
2003-01-02 00:00:00-05:00,10.978925704956055,10.978925704956055,10.978925704956055,10.978925704956055,116,0.0,0.0
2003-01-03 00:00:00-05:00,10.978925704956055,10.978925704956055,10.978925704956055,10.978925704956055,0,0.0,0.0
2003-01-06 00:00:00-05:00,10.82208626481833,10.845151255002996,10.47611141204834,10.47611141204834,579,0.0,0.0
2003-01-07 00:00:00-05:00,10.96970272064209,10.96970272064209,10.96970272064209,10.96970272064209,116,0.0,0.0
2003-01-08 00:00:00-05:00,10.854374209564371,10.955860137939451,10.840535219331406,10.955860137939453,347,0.0,0.0
2003-01-09 00:00:00-05:00,10.96970358981778,10.96970358981778,10.858991622924805,10.858991622924805,232,0.0,0.0
2003-01-10 00:00:00-05:00,10.849763870239258,10.849763870239258,10.849763870239258,10.849763870239258,232,0.0,0.0
2003-01-13 00:00:00-05:00,10.849763870239258,10.849763870239258,10.849763870239258,10.849763870239258,0,0.0,0.0
2003-01-14 00:00:00-05:00,10.849763870239258,10.849763870239258,10.849763870239258,10.849763870239258,0,0.0,0.0
2003-01-15 00:00:00-05:00,10.849763870239258,10.849763870239258,10.849763870239258,10.849763870239258,0,0.0,0.0
2003-01-16 00:00:00-05:00,10.849763870239258,10.849763870239258,10.849763870239258,10.849763870239258,0,0.0,0.0
2003-01-17 00:00:00-05:00,10.849762992757096,11.0204439163208,10.831312019567164,11.0204439163208,2199,0.0,0.0
2003-01-21 00:00:00-05:00,10.983536628702048,10.983536628702048,10.563754961522408,10.568367958068848,3936,0.0,0.0
2003-01-22 00:00:00-05:00,10.568367958068848,10.568367958068848,10.568367958068848,10.568367958068848,0,0.0,0.0
2003-01-23 00:00:00-05:00,10.531470452187966,10.531470452187966,10.522244453430176,10.522244453430176,579,0.0,0.0
2003-01-24 00:00:00-05:00,10.517628279508754,11.071187019348143,10.379238339912233,11.071187019348145,2199,0.0,0.0
2003-01-27 00:00:00-05:00,11.071184626197658,11.071184626197658,10.978925704956055,10.978925704956055,232,0.0,0.0
2003-01-28 00:00:00-05:00,10.900502827927314,10.905116843078147,10.67908000946045,10.67908000946045,1389,0.0,0.0
2003-01-29 00:00:00-05:00,10.632953092298894,10.725213050842285,10.632953092298894,10.725213050842285,232,0.0,0.0
2003-01-30 00:00:00-05:00,10.817470962490928,10.817470962490928,10.61449909210205,10.61449909210205,232,0.0,0.0
2003-01-31 00:00:00-05:00,10.60988998413086,10.60988998413086,10.60988998413086,10.60988998413086,579,0.0,0.0
2003-02-03 00:00:00-05:00,10.725213050842285,10.725213050842285,10.725213050842285,10.725213050842285,1158,0.0,0.0
2003-02-04 00:00:00-05:00,10.868214746843528,10.868214746843528,10.863600730895996,10.863600730895996,1042,0.0,0.0
2003-02-05 00:00:00-05:00,10.840538024902344,10.840538024902344,10.840538024902344,10.840538024902344,116,0.0,0.0
2003-02-06 00:00:00-05:00,10.845151901245117,10.845151901245117,10.845151901245117,10.845151901245117,116,0.0,0.0
2003-02-07 00:00:00-05:00,10.845151901245117,10.845151901245117,10.845151901245117,10.845151901245117,0,0.0,0.0
2003-02-10 00:00:00-05:00,10.845151901245117,10.845151901245117,10.845151901245117,10.845151901245117,0,0.0,0.0
2003-02-11 00:00:00-05:00,10.840538902933304,10.845151901245117,10.840538902933304,10.845151901245117,579,0.0,0.0
2003-02-12 00:00:00-05:00,10.863602887023967,10.863602887023967,10.379239082336426,10.379239082336426,1158,0.0,0.0
2003-02-13 00:00:00-05:00,10.946635204874552,11.075800156792818,10.946635204874552,11.066573143005371,695,0.0,0.0
2003-02-14 00:00:00-05:00,11.06657314300537,11.06657314300537,11.06657314300537,11.066573143005371,0,0.0,0.0
2003-02-18 00:00:00-05:00,10.799019322344854,10.799019322344854,10.683694392270414,10.711372375488281,347,0.0,0.0
2003-02-19 00:00:00-05:00,10.4530470554007,10.4530470554007,10.379239082336426,10.379239082336426,579,0.0,0.0
2003-02-20 00:00:00-05:00,10.609888987342652,10.845151901245117,10.609888987342652,10.845151901245117,579,0.0,0.0
2003-02-21 00:00:00-05:00,10.845151901245117,10.845151901245117,10.845151901245117,10.845151901245117,0,0.0,0.0
2003-02-24 00:00:00-05:00,10.845151901245117,10.845151901245117,10.845151901245117,10.845151901245117,0,0.0,0.0
2003-02-25 00:00:00-05:00,10.845151901245117,10.845151901245117,10.845151901245117,10.845151901245117,0,0.0,0.0
2003-02-26 00:00:00-05:00,10.845151901245117,10.845151901245117,10.845151901245117,10.845151901245117,0,0.0,0.0
2003-02-27 00:00:00-05:00,10.845151901245117,10.845151901245117,10.845151901245117,10.845151901245117,0,0.0,0.0
2003-02-28 00:00:00-05:00,10.365399576976348,10.702148437499998,10.365399576976348,10.7021484375,232,0.0,0.0
2003-03-03 00:00:00-05:00,10.702148437499998,10.702148437499998,10.702148437499998,10.7021484375,0,0.0,0.0
2003-03-04 00:00:00-05:00,10.702148437499998,10.702148437499998,10.702148437499998,10.7021484375,0,0.0,0.0
2003-03-05 00:00:00-05:00,10.494564056396484,10.494564056396484,10.494564056396484,10.494564056396484,1042,0.0,0.0
2003-03-06 00:00:00-05:00,10.748279571533203,10.748279571533203,10.748279571533203,10.748279571533203,116,0.0,0.0
2003-03-07 00:00:00-05:00,10.748279571533203,10.748279571533203,10.748279571533203,10.748279571533203,0,0.27643,0.0
2003-03-10 00:00:00-05:00,10.289909541230255,10.523771286010742,10.05604779644977,10.523771286010742,810,0.0,0.0
2003-03-11 00:00:00-05:00,10.523771286010742,10.523771286010742,10.523771286010742,10.523771286010742,0,0.0,0.0
2003-03-12 00:00:00-05:00,10.64070087845997,10.645378112792969,10.523770020135023,10.645378112792969,579,0.0,0.0
2003-03-13 00:00:00-05:00,10.645378112792969,10.645378112792969,10.645378112792969,10.645378112792969,0,0.0,0.0
2003-03-14 00:00:00-05:00,10.523771286010742,10.523771286010742,10.523771286010742,10.523771286010742,463,0.0,0.0
2003-03-17 00:00:00-05:00,10.523771823449573,10.523771823449573,9.939117431640625,9.939117431640625,463,0.0,0.0
2003-03-18 00:00:00-05:00,9.822184861996938,9.822184861996938,9.56493700094422,9.700576782226562,1158,0.0,0.0
2003-03-19 00:00:00-05:00,9.705256474583855,9.9718599319458,9.705256474583855,9.9718599319458,695,0.0,0.0
2003-03-20 00:00:00-05:00,10.084111213684082,10.084111213684082,10.084111213684082,10.084111213684082,116,0.0,0.0
2003-03-21 00:00:00-05:00,10.084111213684082,10.084111213684082,10.084111213684082,10.084111213684082,0,0.0,0.0
2003-03-24 00:00:00-05:00,9.794122642295626,10.523771286010742,9.794122642295626,10.523771286010742,232,0.0,0.0
2003-03-25 00:00:00-05:00,10.523771286010742,10.523771286010742,10.523771286010742,10.523771286010742,0,0.0,0.0
2003-03-26 00:00:00-05:00,10.523771286010742,10.523771286010742,10.523771286010742,10.523771286010742,0,0.0,0.0
2003-03-27 00:00:00-05:00,10.112174780402496,10.24313735961914,10.112174780402496,10.24313735961914,463,0.0,0.0
2003-03-28 00:00:00-05:00,10.523769321187283,10.66408634185791,10.523769321187283,10.66408634185791,1505,0.0,0.0
2003-03-31 00:00:00-05:00,10.66408634185791,10.66408634185791,10.66408634185791,10.66408634185791,0,0.0,0.0
2003-04-01 00:00:00-05:00,10.664086510753153,10.664086510753153,10.593927999306686,10.640700340270996,3473,0.0,0.0
2003-04-02 00:00:00-05:00,10.87456494314488,11.113102912902834,10.523772292426923,11.113102912902832,3589,0.0,0.0
2003-04-03 00:00:00-05:00,10.766988633678498,11.024236580009283,10.757634162902832,10.757634162902832,2199,0.0,0.0
2003-04-04 00:00:00-05:00,10.874561309814453,10.874561309814453,10.874561309814453,10.874561309814453,232,0.0,0.0
2003-04-07 00:00:00-04:00,10.874563312730668,11.201968704916219,10.874563312730668,10.991494178771973,3010,0.0,0.0
2003-04-08 00:00:00-04:00,10.991494178771973,10.991494178771973,10.991494178771973,10.991494178771973,0,0.0,0.0
2003-04-09 00:00:00-04:00,10.986817267801515,10.986817267801515,10.86988639831543,10.86988639831543,232,0.0,0.0
2003-04-10 00:00:00-04:00,10.752955436706543,10.752955436706543,10.752955436706543,10.752955436706543,116,0.0,0.0
2003-04-11 00:00:00-04:00,10.752955436706543,10.752955436706543,10.752955436706543,10.752955436706543,0,0.0,0.0
2003-04-14 00:00:00-04:00,10.752955436706543,10.752955436706543,10.752955436706543,10.752955436706543,0,0.0,0.0
2003-04-15 00:00:00-04:00,10.752955436706543,10.752955436706543,10.752955436706543,10.752955436706543,0,0.0,0.0
2003-04-16 00:00:00-04:00,10.285230386047218,10.66408634185791,10.285230386047218,10.66408634185791,1389,0.0,0.0
2003-04-17 00:00:00-04:00,10.66408634185791,10.66408634185791,10.66408634185791,10.66408634185791,0,0.0,0.0
2003-04-21 00:00:00-04:00,10.66408634185791,10.66408634185791,10.66408634185791,10.66408634185791,0,0.0,0.0
2003-04-22 00:00:00-04:00,10.720213890075684,10.720213890075684,10.720213890075684,10.720213890075684,116,0.0,0.0
2003-04-23 00:00:00-04:00,10.500382423400879,10.500382423400879,10.500382423400879,10.500382423400879,116,0.0,0.0
2003-04-24 00:00:00-04:00,10.462965965270996,10.462965965270996,10.462965965270996,10.462965965270996,116,0.0,0.0
2003-04-25 00:00:00-04:00,10.462965965270996,10.462965965270996,10.462965965270996,10.462965965270996,0,0.0,0.0
2003-04-28 00:00:00-04:00,10.640700340270996,10.640700340270996,10.640700340270996,10.640700340270996,232,0.0,0.0
2003-04-29 00:00:00-04:00,9.934440612792969,9.934440612792969,9.934440612792969,9.934440612792969,116,0.0,0.0
2003-04-30 00:00:00-04:00,9.934440612792969,9.934440612792969,9.934440612792969,9.934440612792969,0,0.0,0.0
2003-05-01 00:00:00-04:00,9.784766693124773,9.826860763648003,9.663158617060189,9.822184562683105,1505,0.0,0.0
2003-05-02 00:00:00-04:00,9.887666051603018,10.294585434489512,9.887666051603018,10.056046485900879,463,0.0,0.0
2003-05-05 00:00:00-04:00,10.364745140075685,10.364745140075685,10.364745140075685,10.364745140075684,116,0.0,0.0
2003-05-06 00:00:00-04:00,10.640699801608681,10.640699801608681,10.636022567749023,10.636022567749023,1389,0.0,0.0
2003-05-07 00:00:00-04:00,10.636022567749023,10.636022567749023,10.636022567749023,10.636022567749023,0,0.0,0.0
2003-05-08 00:00:00-04:00,10.636022567749023,10.636022567749023,10.636022567749023,10.636022567749023,0,0.0,0.0
2003-05-09 00:00:00-04:00,9.822184562683105,9.822184562683105,9.822184562683105,9.822184562683105,116,0.0,0.0
2003-05-12 00:00:00-04:00,9.822184562683105,9.822184562683105,9.822184562683105,9.822184562683105,0,0.0,0.0
2003-05-13 00:00:00-04:00,9.822184562683105,9.822184562683105,9.822184562683105,9.822184562683105,0,0.0,0.0
2003-05-14 00:00:00-04:00,9.822184562683105,9.822184562683105,9.822184562683105,9.822184562683105,0,0.0,0.0
2003-05-15 00:00:00-04:00,9.822184562683105,9.822184562683105,9.822184562683105,9.822184562683105,0,0.0,0.0
2003-05-16 00:00:00-04:00,9.822184562683105,9.822184562683105,9.822184562683105,9.822184562683105,0,0.0,0.0
2003-05-19 00:00:00-04:00,10.299262668775564,10.299262668775564,10.056046485900879,10.056046485900879,1852,0.0,0.0
2003-05-20 00:00:00-04:00,10.056046485900879,10.056046485900879,10.056046485900879,10.056046485900879,0,0.0,0.0
2003-05-21 00:00:00-04:00,10.056046485900879,10.056046485900879,10.056046485900879,10.056046485900879,0,0.0,0.0
2003-05-22 00:00:00-04:00,10.056046485900879,10.056046485900879,10.056046485900879,10.056046485900879,0,0.0,0.0
2003-05-23 00:00:00-04:00,10.056046485900879,10.056046485900879,10.056046485900879,10.056046485900879,0,0.0,0.0
2003-05-27 00:00:00-04:00,10.056046485900879,10.056046485900879,10.056046485900879,10.056046485900879,0,0.0,0.0
2003-05-28 00:00:00-04:00,10.196362225536543,10.196362225536543,9.822184562683105,9.822184562683105,926,0.0,0.0
2003-05-29 00:00:00-04:00,9.939117431640625,9.939117431640625,9.939117431640625,9.939117431640625,116,0.0,0.0
2003-05-30 00:00:00-04:00,10.056046485900879,10.056046485900879,10.056046485900879,10.056046485900879,695,0.0,0.0
2003-06-02 00:00:00-04:00,10.056046485900879,10.056046485900879,10.056046485900879,10.056046485900879,347,0.0,0.0
2003-06-03 00:00:00-04:00,10.056046485900879,10.056046485900879,10.056046485900879,10.056046485900879,0,0.0,0.0
2003-06-04 00:00:00-04:00,10.289910316467285,10.289910316467285,10.289910316467285,10.289910316467285,579,0.0,0.0
2003-06-05 00:00:00-04:00,9.822186756301537,10.752955436706543,9.822186756301537,10.752955436706543,926,0.0,0.0
2003-06-06 00:00:00-04:00,10.752955436706543,10.752955436706543,10.752955436706543,10.752955436706543,0,0.0,0.0
2003-06-09 00:00:00-04:00,10.752955436706543,10.752955436706543,10.752955436706543,10.752955436706543,0,0.0,0.0
2003-06-10 00:00:00-04:00,10.752955436706543,10.752955436706543,10.752955436706543,10.752955436706543,0,0.0,0.0
2003-06-11 00:00:00-04:00,10.289910316467285,10.289910316467285,10.289910316467285,10.289910316467285,116,0.0,0.0
2003-06-12 00:00:00-04:00,10.24313735961914,10.24313735961914,10.24313735961914,10.24313735961914,116,0.0,0.0
2003-06-13 00:00:00-04:00,10.149591445922852,10.149591445922852,10.149591445922852,10.149591445922852,116,0.0,0.0
2003-06-16 00:00:00-04:00,10.149591445922852,10.149591445922852,10.149591445922852,10.149591445922852,0,0.0,0.0
2003-06-17 00:00:00-04:00,10.149591445922852,10.149591445922852,10.149591445922852,10.149591445922852,0,0.0,0.0
2003-06-18 00:00:00-04:00,10.056046485900879,10.056046485900879,10.056046485900879,10.056046485900879,463,0.0,0.0
2003-06-19 00:00:00-04:00,10.2431384034533,10.2431384034533,10.027985572814941,10.027985572814941,1736,0.0,0.0
2003-06-20 00:00:00-04:00,10.027985572814941,10.027985572814941,10.027985572814941,10.027985572814941,0,0.0,0.0
2003-06-23 00:00:00-04:00,10.027985572814941,10.027985572814941,10.027985572814941,10.027985572814941,0,0.0,0.0
2003-06-24 00:00:00-04:00,10.027985572814941,10.027985572814941,10.027985572814941,10.027985572814941,0,0.0,0.0
2003-06-25 00:00:00-04:00,10.027985572814941,10.027985572814941,10.027985572814941,10.027985572814941,0,0.0,0.0
2003-06-26 00:00:00-04:00,10.205718994140625,10.205718994140625,10.205718994140625,10.205718994140625,116,0.0,0.0
2003-06-27 00:00:00-04:00,10.056045789619091,10.056045789619091,9.939114940564105,10.00927448272705,53367,0.0,0.0
2003-06-30 00:00:00-04:00,10.079434135598335,10.24313735961914,10.079434135598335,10.24313735961914,810,0.0,0.0
2003-07-01 00:00:00-04:00,10.149591445922852,10.149591445922852,10.149591445922852,10.149591445922852,1158,0.0,0.0
2003-07-02 00:00:00-04:00,10.289910289444489,10.289910289444489,10.009277208032284,10.140238761901855,2547,0.0,0.0
2003-07-03 00:00:00-04:00,10.140238761901855,10.140238761901855,10.140238761901855,10.140238761901855,0,0.0,0.0
2003-07-07 00:00:00-04:00,10.126205000191653,10.126205000191653,10.056046485900879,10.056046485900879,463,0.0,0.0
2003-07-08 00:00:00-04:00,10.172977888478382,10.425548553466797,10.172977888478382,10.425548553466797,7756,0.0,0.0
2003-07-09 00:00:00-04:00,10.369423315683123,10.87456472246609,10.289910316467285,10.289910316467285,1852,0.0,0.0
2003-07-10 00:00:00-04:00,10.523771511486194,10.98214054107666,10.523771511486194,10.98214054107666,695,0.0,0.0
2003-07-11 00:00:00-04:00,10.406838417053223,10.406838417053223,10.406838417053223,10.406838417053223,116,0.0,0.0
2003-07-14 00:00:00-04:00,10.406838417053223,10.406838417053223,10.406838417053223,10.406838417053223,0,0.0,0.0
2003-07-15 00:00:00-04:00,10.406838417053223,10.406838417053223,10.406838417053223,10.406838417053223,0,0.0,0.0
2003-07-16 00:00:00-04:00,10.406841197667047,10.406841197667047,9.822187824398481,10.289910316467285,1273,0.0,0.0
2003-07-17 00:00:00-04:00,10.289910316467285,10.289910316467285,10.289910316467285,10.289910316467285,0,0.0,0.0
2003-07-18 00:00:00-04:00,9.939117431640625,9.939117431640625,9.939117431640625,9.939117431640625,116,0.0,0.0
2003-07-21 00:00:00-04:00,9.939117431640625,9.939117431640625,9.939117431640625,9.939117431640625,0,0.0,0.0
2003-07-22 00:00:00-04:00,9.939117431640625,9.939117431640625,9.939117431640625,9.939117431640625,0,0.0,0.0
2003-07-23 00:00:00-04:00,9.939117431640625,9.939117431640625,9.939117431640625,9.939117431640625,0,0.0,0.0
2003-07-24 00:00:00-04:00,9.939117431640625,9.939117431640625,9.939117431640625,9.939117431640625,0,0.0,0.0
2003-07-25 00:00:00-04:00,10.21507455249944,10.289910316467285,10.21507455249944,10.289910316467285,347,0.0,0.0
2003-07-28 00:00:00-04:00,10.28055287343441,10.28055287343441,10.17297649383545,10.17297649383545,1273,0.0,0.0
2003-07-29 00:00:00-04:00,10.24313735961914,10.24313735961914,10.24313735961914,10.24313735961914,116,0.0,0.0
2003-07-30 00:00:00-04:00,10.24313735961914,10.24313735961914,10.24313735961914,10.24313735961914,0,0.0,0.0
2003-07-31 00:00:00-04:00,10.24313735961914,10.24313735961914,10.24313735961914,10.24313735961914,0,0.0,0.0
2003-08-01 00:00:00-04:00,10.24313735961914,10.24313735961914,10.24313735961914,10.24313735961914,0,0.0,0.0
2003-08-04 00:00:00-04:00,10.24313735961914,10.24313735961914,10.24313735961914,10.24313735961914,0,0.0,0.0
2003-08-05 00:00:00-04:00,10.406841197667047,10.406841197667047,10.289910316467285,10.289910316467285,232,0.0,0.0
2003-08-06 00:00:00-04:00,10.289910316467285,10.289910316467285,10.289910316467285,10.289910316467285,0,0.0,0.0
2003-08-07 00:00:00-04:00,10.514415740966797,10.514415740966797,10.514415740966797,10.514415740966797,347,0.0,0.0
2003-08-08 00:00:00-04:00,10.336681293270232,10.336681293270232,10.294586181640625,10.294586181640625,1505,0.0,0.0
2003-08-11 00:00:00-04:00,10.28991010405318,10.420872688293457,10.28991010405318,10.420872688293457,1389,0.0,0.0
2003-08-12 00:00:00-04:00,10.420872688293457,10.420872688293457,10.420872688293457,10.420872688293457,0,0.0,0.0
2003-08-13 00:00:00-04:00,10.420872688293457,10.420872688293457,10.420872688293457,10.420872688293457,0,0.0,0.0
2003-08-14 00:00:00-04:00,10.420872688293457,10.420872688293457,10.420872688293457,10.420872688293457,116,0.0,0.0
2003-08-15 00:00:00-04:00,10.420872688293457,10.420872688293457,10.420872688293457,10.420872688293457,0,0.0,0.0
2003-08-18 00:00:00-04:00,10.420872688293457,10.420872688293457,10.420872688293457,10.420872688293457,0,0.0,0.0
2003-08-19 00:00:00-04:00,10.420872688293457,10.420872688293457,10.420872688293457,10.420872688293457,0,0.0,0.0
2003-08-20 00:00:00-04:00,10.420872688293457,10.420872688293457,10.420872688293457,10.420872688293457,0,0.0,0.0
2003-08-21 00:00:00-04:00,10.420872688293457,10.420872688293457,10.420872688293457,10.420872688293457,0,0.0,0.0
2003-08-22 00:00:00-04:00,10.420872688293457,10.420872688293457,10.420872688293457,10.420872688293457,0,0.0,0.0
2003-08-25 00:00:00-04:00,10.056047977117528,10.060725212097168,10.056047977117528,10.060725212097168,232,0.0,0.0
2003-08-26 00:00:00-04:00,10.060725212097168,10.060725212097168,10.060725212097168,10.060725212097168,0,0.0,0.0
2003-08-27 00:00:00-04:00,10.060725212097168,10.060725212097168,10.060725212097168,10.060725212097168,0,0.0,0.0
2003-08-28 00:00:00-04:00,10.060725212097168,10.060725212097168,10.060725212097168,10.060725212097168,0,0.0,0.0
2003-08-29 00:00:00-04:00,10.229104042053224,10.229104042053224,10.229104042053224,10.229104042053223,29056,0.0,0.0
2003-09-02 00:00:00-04:00,10.098142623901367,10.098142623901367,10.098142623901367,10.098142623901367,116,0.0,0.0
2003-09-03 00:00:00-04:00,10.098142623901367,10.098142623901367,10.098142623901367,10.098142623901367,0,0.0,0.0
2003-09-04 00:00:00-04:00,10.299262339005557,10.299262339005557,10.102818505281283,10.28523063659668,1736,0.0,0.0
2003-09-05 00:00:00-04:00,10.098141437542038,10.261844635009766,9.981210582207947,10.261844635009766,1736,0.0,0.0
2003-09-08 00:00:00-04:00,10.261842727661133,10.261842727661133,10.261842727661133,10.261842727661133,0,0.2937,0.0
2003-09-09 00:00:00-04:00,10.261842727661133,10.261842727661133,10.261842727661133,10.261842727661133,0,0.0,0.0
2003-09-10 00:00:00-04:00,10.261842727661133,10.261842727661133,10.261842727661133,10.261842727661133,0,0.0,0.0
2003-09-11 00:00:00-04:00,10.261842727661133,10.261842727661133,10.261842727661133,10.261842727661133,0,0.0,0.0
2003-09-12 00:00:00-04:00,10.261842727661133,10.261842727661133,10.261842727661133,10.261842727661133,0,0.0,0.0
2003-09-15 00:00:00-04:00,10.261842727661133,10.261842727661133,10.261842727661133,10.261842727661133,0,0.0,0.0
2003-09-16 00:00:00-04:00,10.261842727661133,10.261842727661133,10.261842727661133,10.261842727661133,0,0.0,0.0
2003-09-17 00:00:00-04:00,10.261842727661133,10.261842727661133,10.261842727661133,10.261842727661133,0,0.0,0.0
2003-09-18 00:00:00-04:00,10.214337348937988,10.214337348937988,10.214337348937988,10.214337348937988,926,0.0,0.0
2003-09-19 00:00:00-04:00,10.423372675406847,10.584901809692383,10.423372675406847,10.584901809692383,1852,0.0,0.0
2003-09-22 00:00:00-04:00,10.68941894259203,10.80819034576416,10.68941894259203,10.80819034576416,2778,0.0,0.0
2003-09-23 00:00:00-04:00,10.926962222384944,10.926962222384944,10.879453659057617,10.879453659057617,579,0.0,0.0
2003-09-24 00:00:00-04:00,10.922213554382324,10.922213554382324,10.922213554382324,10.922213554382324,116,0.0,0.0
2003-09-25 00:00:00-04:00,10.73692952529924,11.164506657218723,10.73692952529924,10.926963806152344,1621,0.0,0.0
2003-09-26 00:00:00-04:00,11.278526306152344,11.278526306152344,11.278526306152344,11.278526306152344,347,0.0,0.0
2003-09-29 00:00:00-04:00,11.278526306152344,11.278526306152344,11.278526306152344,11.278526306152344,0,0.0,0.0
2003-09-30 00:00:00-04:00,10.926963806152344,11.140752372112084,10.926963806152344,10.926963806152344,1505,0.0,0.0
2003-10-01 00:00:00-04:00,11.140750885009766,11.140750885009766,11.140750885009766,11.140750885009766,347,0.0,0.0
2003-10-02 00:00:00-04:00,11.140750866543552,11.283276557922362,11.140750866543552,11.283276557922363,232,0.0,0.0
2003-10-03 00:00:00-04:00,11.140750885009766,11.140750885009766,11.140750885009766,11.140750885009766,232,0.0,0.0
2003-10-06 00:00:00-04:00,11.140750885009766,11.140750885009766,11.140750885009766,11.140750885009766,0,0.0,0.0
2003-10-07 00:00:00-04:00,11.140750885009766,11.140750885009766,11.140750885009766,11.140750885009766,579,0.0,0.0
2003-10-08 00:00:00-04:00,11.283276557922362,11.283276557922362,11.283276557922362,11.283276557922363,463,0.0,0.0
2003-10-09 00:00:00-04:00,11.847440719604492,11.847440719604492,11.847440719604492,11.847440719604492,221,0.0,1.05
2003-10-10 00:00:00-04:00,11.847440719604492,11.847440719604492,11.847440719604492,11.847440719604492,0,0.0,0.0
2003-10-13 00:00:00-04:00,11.697785763367515,12.096857641149981,11.697785763367515,11.972147941589355,1544,0.0,0.0
2003-10-14 00:00:00-04:00,11.772616386413574,11.772616386413574,11.74268671872502,11.772616386413574,551,0.0,0.0
2003-10-15 00:00:00-04:00,11.737695693969727,11.737695693969727,11.737695693969727,11.737695693969727,221,0.0,0.0
2003-10-16 00:00:00-04:00,11.832473754882812,11.832473754882812,11.832473754882812,11.832473754882812,331,0.0,0.0
2003-10-17 00:00:00-04:00,11.832473754882812,11.832473754882812,11.832473754882812,11.832473754882812,0,0.0,0.0
2003-10-20 00:00:00-04:00,11.737695467541862,11.737695467541862,11.72273063659668,11.72273063659668,331,0.0,0.0
2003-10-21 00:00:00-04:00,11.598021779759959,11.598021779759959,11.348602294921875,11.348602294921875,1213,0.0,0.0
2003-10-22 00:00:00-04:00,11.433402583422643,11.593030929565428,11.348599434479846,11.59303092956543,3087,0.0,0.0
2003-10-23 00:00:00-04:00,11.428412935135484,11.428412935135484,11.323657035827637,11.323657035827637,551,0.0,0.0
2003-10-24 00:00:00-04:00,11.772616386413574,11.772616386413574,11.772616386413574,11.772616386413574,331,0.0,0.0
2003-10-27 00:00:00-05:00,11.937231442077861,11.972150080273796,11.2737741693978,11.72273063659668,1654,0.0,0.0
2003-10-28 00:00:00-05:00,11.72273063659668,11.72273063659668,11.72273063659668,11.72273063659668,0,0.0,0.0
2003-10-29 00:00:00-05:00,11.72273063659668,11.72273063659668,11.72273063659668,11.72273063659668,110,0.0,0.0
2003-10-30 00:00:00-05:00,11.72273063659668,11.72273063659668,11.72273063659668,11.72273063659668,0,0.0,0.0
2003-10-31 00:00:00-05:00,11.852429209793673,11.967163085937498,11.852429209793673,11.9671630859375,331,0.0,0.0
2003-11-03 00:00:00-05:00,11.972147942790789,12.046974182128906,11.972147942790789,12.046974182128906,4410,0.0,0.0
2003-11-04 00:00:00-05:00,12.096858024597168,12.096858024597168,12.096858024597168,12.096858024597168,331,0.0,0.0
2003-11-05 00:00:00-05:00,12.096858024597168,12.096858024597168,12.096858024597168,12.096858024597168,0,0.0,0.0
2003-11-06 00:00:00-05:00,12.096858024597168,12.096858024597168,12.096858024597168,12.096858024597168,0,0.0,0.0
2003-11-07 00:00:00-05:00,11.937229688018501,12.096858024597168,11.937229688018501,12.096858024597168,1654,0.0,0.0
2003-11-10 00:00:00-05:00,12.096860593814172,12.12180233001709,12.096860593814172,12.12180233001709,662,0.0,0.0
2003-11-11 00:00:00-05:00,11.972147941589355,11.972147941589355,11.972147941589355,11.972147941589355,551,0.0,0.0
2003-11-12 00:00:00-05:00,11.972147941589355,11.972147941589355,11.972147941589355,11.972147941589355,0,0.0,0.0
2003-11-13 00:00:00-05:00,11.852428436279297,11.907300882422858,11.852428436279297,11.852428436279297,992,0.0,0.0
2003-11-14 00:00:00-05:00,12.096858024597168,12.096858024597168,12.096858024597168,12.096858024597168,331,0.0,0.0
2003-11-17 00:00:00-05:00,12.096858024597168,12.096858024597168,12.096858024597168,12.096858024597168,0,0.0,0.0
2003-11-18 00:00:00-05:00,11.83746345480986,11.852428285755042,11.72273063659668,11.72273063659668,2205,0.0,0.0
2003-11-19 00:00:00-05:00,11.72273063659668,11.72273063659668,11.72273063659668,11.72273063659668,0,0.0,0.0
2003-11-20 00:00:00-05:00,11.91228910335035,11.922266006469727,11.91228910335035,11.922266006469727,551,0.0,0.0
2003-11-21 00:00:00-05:00,11.922266006469727,11.922266006469727,11.922266006469727,11.922266006469727,0,0.0,0.0
2003-11-24 00:00:00-05:00,11.283751953021657,11.283751953021657,10.974471092224123,10.974471092224121,1103,0.0,0.0
2003-11-25 00:00:00-05:00,10.974471092224123,10.974471092224123,10.974471092224123,10.974471092224121,0,0.0,0.0
2003-11-26 00:00:00-05:00,10.974471092224123,10.974471092224123,10.974471092224123,10.974471092224121,0,0.0,0.0
2003-11-28 00:00:00-05:00,10.974471092224123,10.974471092224123,10.974471092224123,10.974471092224121,0,0.0,0.0
2003-12-01 00:00:00-05:00,11.922266006469727,11.922266006469727,11.922266006469727,11.922266006469727,221,0.0,0.0
2003-12-02 00:00:00-05:00,11.34860076805736,11.847440719604492,11.288740393466023,11.847440719604492,772,0.0,0.0
2003-12-03 00:00:00-05:00,11.847440719604492,11.847440719604492,11.847440719604492,11.847440719604492,221,0.0,0.0
2003-12-04 00:00:00-05:00,11.72273063659668,11.72273063659668,11.72273063659668,11.72273063659668,662,0.0,0.0
2003-12-05 00:00:00-05:00,11.797557830810547,11.797557830810547,11.797557830810547,11.797557830810547,331,0.0,0.0
2003-12-08 00:00:00-05:00,11.797557830810547,11.797557830810547,11.797557830810547,11.797557830810547,0,0.0,0.0
2003-12-09 00:00:00-05:00,11.722730461035182,11.752661171463064,10.974471092224123,10.974471092224121,1433,0.0,0.0
2003-12-10 00:00:00-05:00,10.974471092224123,10.974471092224123,10.974471092224123,10.974471092224121,0,0.0,0.0
2003-12-11 00:00:00-05:00,11.682822227478027,11.682822227478027,11.682822227478027,11.682822227478027,110,0.0,0.0
2003-12-12 00:00:00-05:00,11.682822227478027,11.682822227478027,11.682822227478027,11.682822227478027,0,0.0,0.0
2003-12-15 00:00:00-05:00,11.682822610224548,11.682822610224548,11.22389030456543,11.22389030456543,992,0.0,0.0
2003-12-16 00:00:00-05:00,10.974473618922584,10.974473618922584,10.849763870239258,10.849763870239258,331,0.0,0.0
2003-12-17 00:00:00-05:00,10.849763870239258,10.849763870239258,10.849763870239258,10.849763870239258,0,0.0,0.0
2003-12-18 00:00:00-05:00,10.849763870239258,10.849763870239258,10.849763870239258,10.849763870239258,0,0.0,0.0
2003-12-19 00:00:00-05:00,11.468321800231934,11.468321800231934,11.468321800231934,11.468321800231934,1213,0.0,0.0
2003-12-22 00:00:00-05:00,11.468323496378957,11.473311424255371,11.273775427452895,11.473311424255371,6174,0.0,0.0
2003-12-23 00:00:00-05:00,11.473311424255371,11.473311424255371,11.473311424255371,11.473311424255371,772,0.0,0.0
2003-12-24 00:00:00-05:00,11.473311424255371,11.473311424255371,11.473311424255371,11.473311424255371,0,0.0,0.0
2003-12-26 00:00:00-05:00,11.473311424255371,11.473311424255371,11.473311424255371,11.473311424255371,0,0.0,0.0
2003-12-29 00:00:00-05:00,11.273775427452895,11.473311424255371,11.273775427452895,11.473311424255371,1323,0.0,0.0
2003-12-30 00:00:00-05:00,11.682822227478027,11.682822227478027,11.682822227478027,11.682822227478027,551,0.0,0.0
2003-12-31 00:00:00-05:00,11.682822227478027,11.682822227478027,11.682822227478027,11.682822227478027,0,0.0,0.0
2004-01-02 00:00:00-05:00,11.682822227478027,11.682822227478027,11.682822227478027,11.682822227478027,0,0.0,0.0
2004-01-05 00:00:00-05:00,11.682822227478027,11.682822227478027,11.682822227478027,11.682822227478027,221,0.0,0.0
2004-01-06 00:00:00-05:00,11.682822227478027,11.682822227478027,11.682822227478027,11.682822227478027,0,0.0,0.0
2004-01-07 00:00:00-05:00,11.682822227478027,11.682822227478027,11.682822227478027,11.682822227478027,0,0.0,0.0
2004-01-08 00:00:00-05:00,11.972149742387952,12.480966567993164,11.972149742387952,12.480966567993164,2977,0.0,0.0
2004-01-09 00:00:00-05:00,12.595698941240302,12.595698941240302,12.371221246341479,12.470989227294922,1764,0.0,0.0
2004-01-12 00:00:00-05:00,12.470992069000458,12.470992069000458,11.607999728745058,11.947210311889648,772,0.0,0.0
2004-01-13 00:00:00-05:00,10.849760786127167,12.46600122916248,10.849760786127167,12.416116714477539,1213,0.0,0.0
2004-01-14 00:00:00-05:00,11.977136917003705,11.987112769861245,11.972147941589355,11.972147941589355,992,0.0,0.0
2004-01-15 00:00:00-05:00,11.972147941589355,11.972147941589355,11.972147941589355,11.972147941589355,0,0.0,0.0
2004-01-16 00:00:00-05:00,11.972147941589355,11.972147941589355,11.972147941589355,11.972147941589355,0,0.0,0.0
2004-01-20 00:00:00-05:00,11.972147941589355,11.972147941589355,11.972147941589355,11.972147941589355,0,0.0,0.0
2004-01-21 00:00:00-05:00,12.22157236373539,12.456027030944824,12.096862612919479,12.456027030944824,20727,0.0,0.0
2004-01-22 00:00:00-05:00,12.456027030944824,12.456027030944824,12.456027030944824,12.456027030944824,0,0.0,0.0
2004-01-23 00:00:00-05:00,12.456027030944824,12.456027030944824,12.456027030944824,12.456027030944824,0,0.0,0.0
2004-01-26 00:00:00-05:00,11.98212718963623,11.98212718963623,11.98212718963623,11.98212718963623,331,0.0,0.0
2004-01-27 00:00:00-05:00,11.98212718963623,11.98212718963623,11.98212718963623,11.98212718963623,0,0.0,0.0
2004-01-28 00:00:00-05:00,12.002083778381346,12.002083778381346,12.002083778381346,12.002083778381348,331,0.0,0.0
2004-01-29 00:00:00-05:00,11.972147941589355,11.972147941589355,11.972147941589355,11.972147941589355,110,0.0,0.0
2004-01-30 00:00:00-05:00,12.371221246341479,12.470989227294924,11.982126225521617,12.470989227294922,882,0.0,0.0
2004-02-02 00:00:00-05:00,11.982128675501182,12.176676750183105,11.972151770467294,12.176676750183105,772,0.0,0.0
2004-02-03 00:00:00-05:00,11.972151013646172,11.972151013646172,11.967163085937498,11.9671630859375,331,0.0,0.0
2004-02-04 00:00:00-05:00,11.972149412239316,12.371221339043482,11.847439697359441,12.1317777633667,772,0.0,0.0
2004-02-05 00:00:00-05:00,12.1317777633667,12.1317777633667,12.1317777633667,12.1317777633667,0,0.0,0.0
2004-02-06 00:00:00-05:00,11.97214934811038,11.97214934811038,11.832473754882812,11.832473754882812,1985,0.0,0.0
2004-02-09 00:00:00-05:00,11.832473754882812,11.832473754882812,11.832473754882812,11.832473754882812,0,0.0,0.0
2004-02-10 00:00:00-05:00,11.832473754882812,11.832473754882812,11.832473754882812,11.832473754882812,0,0.0,0.0
2004-02-11 00:00:00-05:00,11.832473754882812,11.832473754882812,11.832473754882812,11.832473754882812,0,0.0,0.0
2004-02-12 00:00:00-05:00,11.73270606994629,11.73270606994629,11.73270606994629,11.732706069946289,441,0.0,0.0
2004-02-13 00:00:00-05:00,11.73270606994629,11.73270606994629,11.73270606994629,11.732706069946289,0,0.0,0.0
2004-02-17 00:00:00-05:00,11.972150390621678,12.3363037109375,11.972150390621678,12.3363037109375,221,0.0,0.0
2004-02-18 00:00:00-05:00,11.972147941589355,12.221567340710608,11.972147941589355,11.972147941589355,992,0.0,0.0
2004-02-19 00:00:00-05:00,11.972150531906289,12.371222496032713,11.972150531906289,12.371222496032715,441,0.0,0.0
2004-02-20 00:00:00-05:00,12.096857641149981,12.470987788817439,11.972147941589355,11.972147941589355,1213,0.0,0.0
2004-02-23 00:00:00-05:00,11.972147941589355,11.972147941589355,11.972147941589355,11.972147941589355,1433,0.0,0.0
2004-02-24 00:00:00-05:00,12.096858024597168,12.096858024597168,12.096858024597168,12.096858024597168,110,0.0,0.0
2004-02-25 00:00:00-05:00,12.12180233001709,12.12180233001709,12.12180233001709,12.12180233001709,331,0.0,0.0
2004-02-26 00:00:00-05:00,12.12180233001709,12.12180233001709,12.12180233001709,12.12180233001709,110,0.0,0.0
2004-02-27 00:00:00-05:00,12.12180233001709,12.12180233001709,12.12180233001709,12.12180233001709,0,0.0,0.0
2004-03-01 00:00:00-05:00,11.972147941589355,11.972147941589355,11.972147941589355,11.972147941589355,221,0.0,0.0
2004-03-02 00:00:00-05:00,11.88235855102539,11.88235855102539,11.88235855102539,11.88235855102539,110,0.0,0.0
2004-03-03 00:00:00-05:00,11.84743852594012,11.872380256652832,11.84743852594012,11.872380256652832,772,0.0,0.0
2004-03-04 00:00:00-05:00,11.598021381256784,11.767627716064455,11.598021381256784,11.767627716064453,221,0.0,0.0
2004-03-05 00:00:00-05:00,11.82250118255615,11.82250118255615,11.82250118255615,11.822501182556152,110,0.0,0.0
2004-03-08 00:00:00-05:00,11.84743824202873,11.972147941589355,11.84743824202873,11.972147941589355,2756,0.0,0.0
2004-03-09 00:00:00-05:00,11.972147941589355,11.972147941589355,11.972147941589355,11.972147941589355,0,0.0,0.0
2004-03-10 00:00:00-05:00,11.972150391688183,11.972150391688183,11.622962951660156,11.622962951660156,1764,0.0,0.0
2004-03-11 00:00:00-05:00,11.647906069055782,11.727720260620119,11.647906069055782,11.727720260620117,441,0.0,0.0
2004-03-12 00:00:00-05:00,11.636651039123535,11.636651039123535,11.636651039123535,11.636651039123535,110,0.29932,0.0
2004-03-15 00:00:00-05:00,10.963748560528332,11.383679781099216,10.963748560528332,11.221778869628906,772,0.0,0.0
2004-03-16 00:00:00-05:00,11.636651039123535,12.395563086542891,11.636651039123535,11.636651039123535,882,0.0,0.0
2004-03-17 00:00:00-05:00,11.81372780372621,12.188124258697501,11.68724267303475,12.142589569091797,5513,0.0,0.0
2004-03-18 00:00:00-05:00,12.142589569091795,12.142589569091795,12.142589569091795,12.142589569091797,0,0.0,0.0
2004-03-19 00:00:00-05:00,12.142589569091795,12.142589569091795,12.142589569091795,12.142589569091797,0,0.0,0.0
2004-03-22 00:00:00-05:00,11.889619307708875,12.643472218674022,11.889619307708875,12.142589569091797,772,0.0,0.0
2004-03-23 00:00:00-05:00,12.142588368146495,12.648529904792388,12.142588368146495,12.269073486328125,7166,0.0,0.0
2004-03-24 00:00:00-05:00,12.269074699783257,12.269074699783257,12.142589569091795,12.142589569091797,551,0.0,0.0
2004-03-25 00:00:00-05:00,11.844087729309724,11.844087729309724,11.636651039123535,11.636651039123535,331,0.0,0.0
2004-03-26 00:00:00-05:00,12.385438867603337,12.385438867603337,12.365200996398924,12.365200996398926,331,0.0,0.0
2004-03-29 00:00:00-05:00,12.395561218261719,12.395561218261719,12.395561218261719,12.395561218261719,221,0.0,0.0
2004-03-30 00:00:00-05:00,11.656885858657787,12.395559830474717,11.656885858657787,12.142589569091797,5182,0.0,0.0
2004-03-31 00:00:00-05:00,12.142589569091795,12.142589569091795,12.142589569091795,12.142589569091797,0,0.0,0.0
2004-04-01 00:00:00-05:00,12.142589569091795,12.142589569091795,12.142589569091795,12.142589569091797,0,0.0,0.0
2004-04-02 00:00:00-05:00,12.071760177612305,12.071760177612305,12.071760177612305,12.071760177612305,441,0.0,0.0
2004-04-05 00:00:00-04:00,12.385444099904468,12.385444099904468,12.355087280273438,12.355087280273438,551,0.0,0.0
2004-04-06 00:00:00-04:00,12.355087280273438,12.355087280273438,12.355087280273438,12.355087280273438,0,0.0,0.0
2004-04-07 00:00:00-04:00,12.390502280592239,12.400621219850793,12.390502280592239,12.395561218261719,662,0.0,0.0
2004-04-08 00:00:00-04:00,12.547345118698717,12.547345118698717,12.527107238769531,12.527107238769531,331,0.0,0.0
2004-04-12 00:00:00-04:00,12.390500893371627,12.390500893371627,12.142589569091795,12.142589569091797,441,0.0,0.0
2004-04-13 00:00:00-04:00,11.768195152282715,11.768195152282715,11.768195152282715,11.768195152282715,110,0.0,0.0
2004-04-14 00:00:00-04:00,11.768195152282715,11.768195152282715,11.768195152282715,11.768195152282715,0,0.0,0.0
2004-04-15 00:00:00-04:00,11.940214157104492,11.940214157104492,11.940214157104492,11.940214157104492,110,0.0,0.0
2004-04-16 00:00:00-04:00,11.940214157104492,11.940214157104492,11.940214157104492,11.940214157104492,0,0.0,0.0
2004-04-19 00:00:00-04:00,11.940214157104492,11.940214157104492,11.940214157104492,11.940214157104492,0,0.0,0.0
2004-04-20 00:00:00-04:00,11.940212338231545,12.547342211939354,11.940212338231545,12.24377727508545,772,0.0,0.0
2004-04-21 00:00:00-04:00,12.24377727508545,12.24377727508545,12.24377727508545,12.24377727508545,0,0.0,0.0
2004-04-22 00:00:00-04:00,12.24377727508545,12.24377727508545,12.24377727508545,12.24377727508545,0,0.0,0.0
2004-04-23 00:00:00-04:00,12.24377727508545,12.24377727508545,12.24377727508545,12.24377727508545,0,0.0,0.0
2004-04-26 00:00:00-04:00,12.24377727508545,12.24377727508545,12.24377727508545,12.24377727508545,0,0.0,0.0
2004-04-27 00:00:00-04:00,12.14259360624655,12.14259360624655,11.975632667541504,11.975632667541504,662,0.0,0.0
2004-04-28 00:00:00-04:00,11.975632667541504,11.975632667541504,11.975632667541504,11.975632667541504,0,0.0,0.0
2004-04-29 00:00:00-04:00,11.975632667541504,11.975632667541504,11.975632667541504,11.975632667541504,0,0.0,0.0
2004-04-30 00:00:00-04:00,11.975632667541504,11.975632667541504,11.975632667541504,11.975632667541504,0,0.0,0.0
2004-05-03 00:00:00-04:00,11.975632667541504,11.975632667541504,11.975632667541504,11.975632667541504,0,0.0,0.0
2004-05-04 00:00:00-04:00,12.142589569091795,12.142589569091795,12.142589569091795,12.142589569091797,6174,0.0,0.0
2004-05-05 00:00:00-04:00,12.142591219016685,12.547344543362472,12.142591219016685,12.193184852600098,331,0.0,0.0
2004-05-06 00:00:00-04:00,11.656888961791992,11.656888961791992,11.656888961791992,11.656888961791992,110,0.0,0.0
2004-05-07 00:00:00-04:00,12.142589569091795,12.142589569091795,12.142589569091795,12.142589569091797,331,0.0,0.0
2004-05-10 00:00:00-04:00,11.970569748794631,12.142589569091795,11.970569748794631,12.142589569091797,441,0.0,0.0
2004-05-11 00:00:00-04:00,12.142589569091795,12.142589569091795,12.142589569091795,12.142589569091797,772,0.0,0.0
2004-05-12 00:00:00-04:00,12.142593210566194,12.294375200130354,11.798553466796875,11.798553466796875,662,0.0,0.0
2004-05-13 00:00:00-04:00,11.6366468315006,12.269073486328127,11.6366468315006,12.269073486328125,772,0.0,0.0
2004-05-14 00:00:00-04:00,11.889622378404892,12.223543167114258,11.87950343766585,12.223543167114258,662,0.0,0.0
2004-05-17 00:00:00-04:00,12.223543167114258,12.223543167114258,12.223543167114258,12.223543167114258,0,0.0,0.0
2004-05-18 00:00:00-04:00,12.223543167114258,12.223543167114258,12.223543167114258,12.223543167114258,0,0.0,0.0
2004-05-19 00:00:00-04:00,12.223543167114258,12.223543167114258,12.223543167114258,12.223543167114258,0,0.0,0.0
2004-05-20 00:00:00-04:00,12.223543167114258,12.223543167114258,12.223543167114258,12.223543167114258,0,0.0,0.0
2004-05-21 00:00:00-04:00,12.016106605529785,12.016106605529785,12.016106605529785,12.016106605529785,3418,0.0,0.0
2004-05-24 00:00:00-04:00,11.65182876586914,11.65182876586914,11.65182876586914,11.65182876586914,441,0.0,0.0
2004-05-25 00:00:00-04:00,11.65182876586914,11.65182876586914,11.65182876586914,11.65182876586914,0,0.0,0.0
2004-05-26 00:00:00-04:00,12.405679548070164,12.405679548070164,11.30778692752824,11.383678436279297,17199,0.0,0.0
2004-05-27 00:00:00-04:00,11.2268378076475,11.36344190118551,11.216719931610314,11.221778869628906,1323,0.0,0.0
2004-05-28 00:00:00-04:00,11.221778869628908,11.221778869628908,11.221778869628908,11.221778869628906,0,0.0,0.0
2004-06-01 00:00:00-04:00,12.016106926904849,12.117295265197754,11.459571598253717,12.117295265197754,3528,0.0,0.0
2004-06-02 00:00:00-04:00,11.8744443268916,11.8744443268916,11.368502616882324,11.368502616882324,2977,0.0,0.0
2004-06-03 00:00:00-04:00,11.38367907796238,11.38367907796238,11.206599235534668,11.206599235534668,2536,0.0,0.0
2004-06-04 00:00:00-04:00,11.262250594704131,11.262250594704131,11.25719165802002,11.25719165802002,1213,0.0,0.0
2004-06-07 00:00:00-04:00,11.262250594704131,11.262250594704131,11.25719165802002,11.25719165802002,221,0.0,0.0
2004-06-08 00:00:00-04:00,11.257194334228426,11.83902645111084,11.257194334228426,11.83902645111084,6174,0.0,0.0
2004-06-09 00:00:00-04:00,11.83902645111084,11.83902645111084,11.83902645111084,11.83902645111084,0,0.0,0.0
2004-06-10 00:00:00-04:00,11.636650522542704,12.041403880243585,11.636650522542704,12.005988121032715,2977,0.0,0.0
2004-06-14 00:00:00-04:00,12.005988121032715,12.005988121032715,12.005988121032715,12.005988121032715,110,0.0,0.0
2004-06-15 00:00:00-04:00,12.04140281677246,12.04140281677246,12.04140281677246,12.041402816772461,662,0.0,0.0
2004-06-16 00:00:00-04:00,12.137530631988707,12.142589569091795,12.122351692840487,12.142589569091797,551,0.0,0.0
2004-06-17 00:00:00-04:00,11.575936945642377,12.137532234191895,11.575936945642377,12.137532234191895,662,0.0,0.0
2004-06-18 00:00:00-04:00,12.036344485431037,12.036344485431037,12.016106605529785,12.016106605529785,551,0.0,0.0
2004-06-21 00:00:00-04:00,12.142590655025025,12.157768531611152,11.919977188110352,11.919977188110352,16427,0.0,0.0
2004-06-22 00:00:00-04:00,11.919977188110352,11.919977188110352,11.919977188110352,11.919977188110352,0,0.0,0.0
2004-06-23 00:00:00-04:00,11.919977188110352,11.919977188110352,11.919977188110352,11.919977188110352,0,0.0,0.0
2004-06-24 00:00:00-04:00,12.395561218261719,12.395561218261719,12.395561218261719,12.395561218261719,882,0.0,0.0
2004-06-25 00:00:00-04:00,12.395561218261719,12.395561218261719,12.395561218261719,12.395561218261719,0,0.0,0.0
2004-06-28 00:00:00-04:00,12.395561218261719,12.395561218261719,12.395561218261719,12.395561218261719,0,0.0,0.0
2004-06-29 00:00:00-04:00,11.257194620590218,12.016106605529785,11.257194620590218,12.016106605529785,662,0.0,0.0
2004-06-30 00:00:00-04:00,12.016106605529785,12.016106605529785,12.016106605529785,12.016106605529785,0,0.0,0.0
2004-07-01 00:00:00-04:00,12.016106605529785,12.016106605529785,12.016106605529785,12.016106605529785,0,0.0,0.0
2004-07-02 00:00:00-04:00,11.925035857305833,12.046462059020998,11.925035857305833,12.046462059020996,772,0.0,0.0
2004-07-06 00:00:00-04:00,11.925037384033205,11.925037384033205,11.925037384033205,11.925037384033203,110,0.0,0.0
2004-07-07 00:00:00-04:00,11.864322662353516,11.864322662353516,11.864322662353516,11.864322662353516,551,0.0,0.0
2004-07-08 00:00:00-04:00,11.864322662353516,11.864322662353516,11.864322662353516,11.864322662353516,0,0.0,0.0
2004-07-09 00:00:00-04:00,12.016106605529785,12.016106605529785,12.016106605529785,12.016106605529785,110,0.0,0.0
2004-07-12 00:00:00-04:00,12.016106605529785,12.016106605529785,12.016106605529785,12.016106605529785,0,0.0,0.0
2004-07-13 00:00:00-04:00,12.016106605529785,12.016106605529785,12.016106605529785,12.016106605529785,0,0.0,0.0
2004-07-14 00:00:00-04:00,12.016106605529785,12.016106605529785,12.016106605529785,12.016106605529785,221,0.0,0.0
2004-07-15 00:00:00-04:00,12.016106605529785,12.016106605529785,12.016106605529785,12.016106605529785,0,0.0,0.0
2004-07-16 00:00:00-04:00,12.016106605529785,12.016106605529785,12.016106605529785,12.016106605529785,110,0.0,0.0
2004-07-19 00:00:00-04:00,11.636651039123535,11.636651039123535,11.636651039123535,11.636651039123535,110,0.0,0.0
2004-07-20 00:00:00-04:00,11.889621710687726,11.889621710687726,11.186363348217226,11.282491683959961,2536,0.0,0.0
2004-07-21 00:00:00-04:00,11.196479797363281,11.282490245892035,11.196479797363281,11.196479797363281,331,0.0,0.0
2004-07-22 00:00:00-04:00,11.196479797363281,11.196479797363281,11.196479797363281,11.196479797363281,0,0.0,0.0
2004-07-23 00:00:00-04:00,11.191423416137695,11.191423416137695,11.191423416137695,11.191423416137695,331,0.0,0.0
2004-07-26 00:00:00-04:00,11.196479797363281,11.196479797363281,11.196479797363281,11.196479797363281,331,0.0,0.0
2004-07-27 00:00:00-04:00,11.196478353551303,11.206597291127446,10.417329735463046,10.660181045532227,5954,0.0,0.0
2004-07-28 00:00:00-04:00,11.130708126100185,11.130708126100185,10.892915725708008,10.892915725708008,331,0.0,0.0
2004-07-29 00:00:00-04:00,10.938450933092769,11.130708650205547,10.938450933092769,11.11047077178955,4079,0.0,0.0
2004-07-30 00:00:00-04:00,11.570877075195312,11.570877075195312,11.570877075195312,11.570877075195312,110,0.0,0.0
2004-08-02 00:00:00-04:00,11.570877075195312,11.570877075195312,11.570877075195312,11.570877075195312,0,0.0,0.0
2004-08-03 00:00:00-04:00,11.570877075195312,11.570877075195312,11.570877075195312,11.570877075195312,0,0.0,0.0
2004-08-04 00:00:00-04:00,11.130707740783691,11.130707740783691,11.130707740783691,11.130707740783691,331,0.0,0.0
2004-08-05 00:00:00-04:00,11.570877075195312,11.570877075195312,11.570877075195312,11.570877075195312,882,0.0,0.0
2004-08-06 00:00:00-04:00,11.150948465076883,11.150948465076883,10.90303707122803,10.903037071228027,2426,0.0,0.0
2004-08-09 00:00:00-04:00,10.90303707122803,10.90303707122803,10.90303707122803,10.903037071228027,0,0.0,0.0
2004-08-10 00:00:00-04:00,10.90303707122803,10.90303707122803,10.90303707122803,10.903037071228027,0,0.0,0.0
2004-08-11 00:00:00-04:00,11.00422427835412,11.231896702795478,10.903035943091483,11.20154094696045,1103,0.0,0.0
2004-08-12 00:00:00-04:00,11.20154094696045,11.20154094696045,11.20154094696045,11.20154094696045,0,0.0,0.0
2004-08-13 00:00:00-04:00,10.90303707122803,10.90303707122803,10.90303707122803,10.903037071228027,110,0.0,0.0
2004-08-16 00:00:00-04:00,11.231896310229786,11.231896310229786,11.156005859375,11.156005859375,441,0.0,0.0
2004-08-17 00:00:00-04:00,11.23189357354846,11.23189357354846,10.725953102111816,10.725953102111816,331,0.0,0.0
2004-08-18 00:00:00-04:00,10.725959088781655,10.725959088781655,10.331324577331545,10.331324577331543,882,0.0,0.0
2004-08-19 00:00:00-04:00,10.877737908841635,11.231895446777344,10.877737908841635,11.231895446777344,662,0.0,0.0
2004-08-20 00:00:00-04:00,11.231895446777344,11.231895446777344,11.231895446777344,11.231895446777344,221,0.0,0.0
2004-08-23 00:00:00-04:00,10.624766567013985,11.231895446777344,10.624766567013985,11.231895446777344,551,0.0,0.0
2004-08-24 00:00:00-04:00,11.231895446777344,11.231895446777344,11.231895446777344,11.231895446777344,0,0.0,0.0
2004-08-25 00:00:00-04:00,11.231895446777344,11.231895446777344,11.231895446777344,11.231895446777344,0,0.0,0.0
2004-08-26 00:00:00-04:00,11.231895446777344,11.231895446777344,11.231895446777344,11.231895446777344,0,0.0,0.0
2004-08-27 00:00:00-04:00,11.231895446777344,11.231895446777344,11.231895446777344,11.231895446777344,221,0.0,0.0
2004-08-30 00:00:00-04:00,11.23189468758008,11.859262466430662,11.23189468758008,11.859262466430664,1103,0.0,0.0
2004-08-31 00:00:00-04:00,11.859262466430662,11.859262466430662,11.859262466430662,11.859262466430664,0,0.0,0.0
2004-09-01 00:00:00-04:00,11.859262466430662,11.859262466430662,11.859262466430662,11.859262466430664,0,0.0,0.0
2004-09-02 00:00:00-04:00,11.859262466430662,11.859262466430662,11.859262466430662,11.859262466430664,0,0.0,0.0
2004-09-03 00:00:00-04:00,11.859262466430662,11.859262466430662,11.859262466430662,11.859262466430664,0,0.0,0.0
2004-09-07 00:00:00-04:00,11.889619307708875,12.142589569091795,11.889619307708875,12.142589569091797,221,0.0,0.0
2004-09-08 00:00:00-04:00,12.142593383789062,12.142593383789062,12.142593383789062,12.142593383789062,0,0.30839,0.0
2004-09-09 00:00:00-04:00,12.204178810119627,12.204178810119627,12.204178810119627,12.204178810119629,221,0.0,0.0
2004-09-10 00:00:00-04:00,12.204178810119627,12.204178810119627,12.204178810119627,12.204178810119629,0,0.0,0.0
2004-09-13 00:00:00-04:00,12.204178810119627,12.204178810119627,12.204178810119627,12.204178810119629,0,0.0,0.0
2004-09-14 00:00:00-04:00,11.957834243774416,11.957834243774416,11.957834243774416,11.957834243774414,221,0.0,0.0
2004-09-15 00:00:00-04:00,12.276025192315213,12.276025192315213,12.060477067105259,12.188779830932617,882,0.0,0.0
2004-09-16 00:00:00-04:00,12.281156539916992,12.281156539916992,12.281156539916992,12.281156539916992,110,0.0,0.0
2004-09-17 00:00:00-04:00,12.317082594759976,12.317082594759976,12.188779830932617,12.188779830932617,1985,0.0,0.0
2004-09-20 00:00:00-04:00,12.383798570401156,12.542894363403319,12.286288872294913,12.54289436340332,1103,0.0,0.0
2004-09-21 00:00:00-04:00,12.542894363403319,12.542894363403319,12.542894363403319,12.54289436340332,0,0.0,0.0
2004-09-22 00:00:00-04:00,11.557528856717914,12.317082140251184,11.347112374973895,12.286290168762207,2095,0.0,0.0
2004-09-23 00:00:00-04:00,12.286290168762207,12.286290168762207,12.286290168762207,12.286290168762207,0,0.0,0.0
2004-09-24 00:00:00-04:00,12.286290168762207,12.286290168762207,12.286290168762207,12.286290168762207,0,0.0,0.0
2004-09-27 00:00:00-04:00,12.317081451416014,12.317081451416014,12.317081451416014,12.317081451416016,1103,0.0,0.0
2004-09-28 00:00:00-04:00,12.060477256774902,12.060477256774902,12.060477256774902,12.060477256774902,221,0.0,0.0
2004-09-29 00:00:00-04:00,12.060477256774902,12.060477256774902,12.060477256774902,12.060477256774902,0,0.0,0.0
2004-09-30 00:00:00-04:00,12.060477256774902,12.060477256774902,12.060477256774902,12.060477256774902,0,0.0,0.0
2004-10-01 00:00:00-04:00,12.301685466532549,12.317081451416014,12.301685466532549,12.317081451416016,331,0.0,0.0
2004-10-04 00:00:00-04:00,12.317081451416014,12.317081451416014,12.317081451416014,12.317081451416016,0,0.0,0.0
2004-10-05 00:00:00-04:00,12.568557989093447,12.573689625408278,12.450519561767578,12.450519561767578,1874,0.0,0.0
2004-10-06 00:00:00-04:00,12.399198532104492,12.399198532104492,12.399198532104492,12.399198532104492,221,0.0,0.0
2004-10-07 00:00:00-04:00,12.368402070082144,12.368402070082144,12.147721251346878,12.152853965759277,7166,0.0,0.0
2004-10-08 00:00:00-04:00,12.152853965759277,12.152853965759277,12.152853965759277,12.152853965759277,0,0.0,0.0
2004-10-11 00:00:00-04:00,12.152853965759277,12.152853965759277,12.152853965759277,12.152853965759277,0,0.0,0.0
2004-10-12 00:00:00-04:00,12.152853965759277,12.152853965759277,12.152853965759277,12.152853965759277,0,0.0,0.0
2004-10-13 00:00:00-04:00,12.086139895513451,12.132328943181225,12.086139895513451,12.122064590454102,1323,0.0,0.0
2004-10-14 00:00:00-04:00,12.116933822631838,12.116933822631838,12.116933822631838,12.116933822631836,331,0.0,0.0
2004-10-15 00:00:00-04:00,12.116933822631838,12.116933822631838,12.116933822631838,12.116933822631836,0,0.0,0.0
2004-10-18 00:00:00-04:00,12.116933822631838,12.116933822631838,12.116933822631838,12.116933822631836,0,0.0,0.0
2004-10-19 00:00:00-04:00,12.116933822631838,12.116933822631838,12.116933822631838,12.116933822631836,0,0.0,0.0
2004-10-20 00:00:00-04:00,12.116933822631838,12.116933822631838,12.116933822631838,12.116933822631836,0,0.0,0.0
2004-10-21 00:00:00-04:00,12.111799240112305,12.111799240112305,12.111799240112305,12.111799240112305,882,0.0,0.0
2004-10-22 00:00:00-04:00,12.111799240112305,12.111799240112305,12.111799240112305,12.111799240112305,882,0.0,0.0
2004-10-25 00:00:00-04:00,12.70199280013023,12.830295572388685,12.317083404146443,12.327347755432129,1544,0.0,0.0
2004-10-26 00:00:00-04:00,12.958597175242215,13.856717579211974,12.127194509004493,13.112560272216797,5072,0.0,0.0
2004-10-27 00:00:00-04:00,13.112560272216797,13.112560272216797,13.112560272216797,13.112560272216797,0,0.0,0.0
2004-10-28 00:00:00-04:00,13.343502998352053,13.343502998352053,13.343502998352053,13.34350299835205,2977,0.0,0.0
2004-10-29 00:00:00-04:00,13.718153648936386,13.9798919457687,13.41022630438123,13.497472763061523,6725,0.0,0.0
2004-11-01 00:00:00-05:00,13.497472763061523,13.497472763061523,13.497472763061523,13.497472763061523,0,0.0,0.0
2004-11-02 00:00:00-05:00,13.94396643523536,13.94396643523536,13.358904838562012,13.358904838562012,3087,0.0,0.0
2004-11-03 00:00:00-05:00,13.358904838562012,13.358904838562012,13.358904838562012,13.358904838562012,0,0.0,0.0
2004-11-04 00:00:00-05:00,13.358904838562012,13.358904838562012,13.358904838562012,13.358904838562012,0,0.0,0.0
2004-11-05 00:00:00-05:00,13.517998106988212,13.671962292875167,13.517998106988212,13.600112915039062,1433,0.0,0.0
2004-11-08 00:00:00-05:00,13.600112915039064,13.600112915039064,13.600112915039064,13.600112915039062,441,0.0,0.0
2004-11-09 00:00:00-05:00,13.60011376091039,13.60011376091039,13.415357589721681,13.41535758972168,1103,0.0,0.0
2004-11-10 00:00:00-05:00,13.415357589721681,13.415357589721681,13.415357589721681,13.41535758972168,0,0.0,0.0
2004-11-11 00:00:00-05:00,13.415357589721681,13.415357589721681,13.415357589721681,13.41535758972168,0,0.0,0.0
2004-11-12 00:00:00-05:00,13.415357589721681,13.415357589721681,13.415357589721681,13.41535758972168,0,0.0,0.0
2004-11-15 00:00:00-05:00,13.98502540588379,13.98502540588379,13.98502540588379,13.985025405883789,110,0.0,0.0
2004-11-16 00:00:00-05:00,13.600112915039064,13.600112915039064,13.600112915039064,13.600112915039062,221,0.0,0.0
2004-11-17 00:00:00-05:00,13.600116194285276,13.856721793691493,13.600116194285276,13.851590156555176,4410,0.0,0.0
2004-11-18 00:00:00-05:00,13.856719017028809,13.856719017028809,13.856719017028809,13.856719017028809,992,0.0,0.0
2004-11-19 00:00:00-05:00,13.856719621191605,13.856719621191605,13.805398941040037,13.805398941040039,551,0.0,0.0
2004-11-22 00:00:00-05:00,13.702752279237465,13.779733275744311,13.358900374707469,13.57444953918457,2756,0.0,0.0
2004-11-23 00:00:00-05:00,13.856719675207655,13.985022455295201,13.374300531385053,13.466678619384766,3308,0.0,0.0
2004-11-24 00:00:00-05:00,13.466678619384766,13.466678619384766,13.466678619384766,13.466678619384766,221,0.0,0.0
2004-11-26 00:00:00-05:00,13.466678619384766,13.466678619384766,13.466678619384766,13.466678619384766,0,0.0,0.0
2004-11-29 00:00:00-05:00,13.466678619384766,13.466678619384766,13.466678619384766,13.466678619384766,0,0.0,0.0
2004-11-30 00:00:00-05:00,13.600112915039064,13.600112915039064,13.600112915039064,13.600112915039062,221,0.0,0.0
2004-12-01 00:00:00-05:00,14.241628418217159,14.369931192210466,13.856719017028809,13.856719017028809,662,0.0,0.0
2004-12-02 00:00:00-05:00,14.11332968433221,14.11332968433221,13.707891464233397,13.707891464233398,1323,0.0,0.0
2004-12-03 00:00:00-05:00,13.707891464233397,13.707891464233397,13.707891464233397,13.707891464233398,0,0.0,0.0
2004-12-06 00:00:00-05:00,13.98502410307616,14.493103646938883,13.98502410307616,14.097930908203125,2095,0.0,0.0
2004-12-07 00:00:00-05:00,14.37172799156728,14.641164267319034,14.366339503478118,14.549556732177734,2205,0.0,1.05
2004-12-08 00:00:00-05:00,14.425616822448903,14.425616822448903,14.010685920715332,14.010685920715332,1155,0.0,0.0
2004-12-09 00:00:00-05:00,14.145400414496118,14.145400414496118,13.875964164733887,13.875964164733887,1365,0.0,0.0
2004-12-10 00:00:00-05:00,13.74124931364974,13.74124931364974,13.471814068323626,13.735860824584961,5145,0.0,0.0
2004-12-13 00:00:00-05:00,14.269341966410671,14.280118942260744,14.269341966410671,14.280118942260742,525,0.0,0.0
2004-12-14 00:00:00-05:00,13.477198600769043,13.477198600769043,13.477198600769043,13.477198600769043,525,0.0,0.0
2004-12-15 00:00:00-05:00,14.145397186279297,14.145397186279297,14.145397186279297,14.145397186279297,1995,0.0,0.0
2004-12-16 00:00:00-05:00,13.875964164733887,13.875964164733887,13.875964164733887,13.875964164733887,735,0.0,0.0
2004-12-17 00:00:00-05:00,13.471811294555664,13.471811294555664,13.471811294555664,13.471811294555664,420,0.0,0.0
2004-12-20 00:00:00-05:00,13.471811294555664,13.471811294555664,13.471811294555664,13.471811294555664,0,0.0,0.0
2004-12-21 00:00:00-05:00,13.471811294555664,13.471811294555664,13.471811294555664,13.471811294555664,420,0.0,0.0
2004-12-22 00:00:00-05:00,14.14001178741455,14.14001178741455,14.14001178741455,14.14001178741455,210,0.0,0.0
2004-12-23 00:00:00-05:00,13.48258985614168,13.498756401117465,13.337094188985452,13.417925834655762,1890,0.0,0.0
2004-12-27 00:00:00-05:00,13.417925834655762,13.417925834655762,13.417925834655762,13.417925834655762,0,0.0,0.0
2004-12-28 00:00:00-05:00,13.531086921691893,13.531086921691893,13.531086921691893,13.531086921691895,420,0.0,0.0
2004-12-29 00:00:00-05:00,13.531086921691893,13.531086921691893,13.531086921691893,13.531086921691895,0,0.0,0.0
2004-12-30 00:00:00-05:00,13.337087631225584,13.337087631225584,13.337087631225584,13.337087631225586,210,0.0,0.0
2004-12-31 00:00:00-05:00,13.337087631225584,13.337087631225584,13.337087631225584,13.337087631225586,0,0.0,0.0
2005-01-03 00:00:00-05:00,13.337087631225584,13.337087631225584,13.337087631225584,13.337087631225586,0,0.0,0.0
2005-01-04 00:00:00-05:00,13.06765583566265,13.06765583566265,12.7120005357281,12.738944053649902,4935,0.0,0.0
2005-01-05 00:00:00-05:00,13.20237224103073,13.20237224103073,12.776663401001818,12.965269088745117,2415,0.0,0.0
2005-01-06 00:00:00-05:00,12.965269088745117,12.965269088745117,12.965269088745117,12.965269088745117,0,0.0,0.0
2005-01-07 00:00:00-05:00,12.965269088745117,12.965269088745117,12.965269088745117,12.965269088745117,0,0.0,0.0
2005-01-10 00:00:00-05:00,12.76050036209365,13.261651356533074,12.76050036209365,13.01377010345459,2415,0.0,0.0
2005-01-11 00:00:00-05:00,13.01377010345459,13.01377010345459,13.01377010345459,13.01377010345459,0,0.0,0.0
2005-01-12 00:00:00-05:00,13.01377010345459,13.01377010345459,13.01377010345459,13.01377010345459,0,0.0,0.0
2005-01-13 00:00:00-05:00,13.01377010345459,13.01377010345459,13.01377010345459,13.01377010345459,630,0.0,0.0
2005-01-14 00:00:00-05:00,13.01377010345459,13.01377010345459,13.01377010345459,13.01377010345459,0,0.0,0.0
2005-01-18 00:00:00-05:00,13.01377010345459,13.01377010345459,13.01377010345459,13.01377010345459,0,0.0,0.0
2005-01-19 00:00:00-05:00,13.01377010345459,13.01377010345459,13.01377010345459,13.01377010345459,0,0.0,0.0
2005-01-20 00:00:00-05:00,13.01377010345459,13.01377010345459,13.01377010345459,13.01377010345459,0,0.0,0.0
2005-01-21 00:00:00-05:00,13.778965235480408,13.778965235480408,13.714300155639648,13.714300155639648,840,0.0,0.0
2005-01-24 00:00:00-05:00,13.784356623269328,13.84902171671895,12.868273735046387,12.868273735046387,3570,0.0,0.0
2005-01-25 00:00:00-05:00,12.88443300893152,12.88443300893152,12.819767951965332,12.819767951965332,2520,0.0,0.0
2005-01-26 00:00:00-05:00,12.765891075134276,12.932941795462803,12.765891075134276,12.765891075134277,420,0.0,0.0
2005-01-27 00:00:00-05:00,12.765891075134276,12.765891075134276,12.765891075134276,12.765891075134277,0,0.0,0.0
2005-01-28 00:00:00-05:00,12.765891075134276,12.765891075134276,12.765891075134276,12.765891075134277,0,0.0,0.0
2005-01-31 00:00:00-05:00,12.539559591408024,12.539559591408024,12.534171104431152,12.534171104431152,1155,0.0,0.0
2005-02-01 00:00:00-05:00,12.442566959569444,13.110768722334248,12.399456889917863,12.421011924743652,2940,0.0,0.0
2005-02-02 00:00:00-05:00,12.421011924743654,12.421011924743654,12.421011924743654,12.421011924743652,0,0.0,0.0
2005-02-03 00:00:00-05:00,12.399456889917863,12.421011924743654,12.399456889917863,12.421011924743652,315,0.0,0.0
2005-02-04 00:00:00-05:00,12.447951752296689,12.447951752296689,12.156960487365723,12.156960487365723,1365,0.0,0.0
2005-02-07 00:00:00-05:00,12.56111478259801,12.571891756692525,12.167737960815428,12.16773796081543,840,0.0,0.0
2005-02-08 00:00:00-05:00,12.598837647029734,12.7982203390443,12.25934886932373,12.25934886932373,1365,0.0,0.0
2005-02-09 00:00:00-05:00,12.394064129674934,12.394064129674934,12.167737960815428,12.16773796081543,630,0.0,0.0
2005-02-10 00:00:00-05:00,12.167737960815428,12.167737960815428,12.167737960815428,12.16773796081543,0,0.0,0.0
2005-02-11 00:00:00-05:00,12.200072441830052,12.528784248227495,11.601924357018657,11.855194091796875,7140,0.0,0.0
2005-02-14 00:00:00-05:00,12.0922993113285,12.0922993113285,11.995302200317383,11.995302200317383,1995,0.0,0.0
2005-02-15 00:00:00-05:00,12.097682208051918,12.388673406582082,12.097682208051918,12.37789535522461,2940,0.0,0.0
2005-02-16 00:00:00-05:00,12.388676497825923,12.388676497825923,12.372509956359863,12.372509956359863,840,0.0,0.0
2005-02-17 00:00:00-05:00,12.377896457039428,12.39945148246498,12.103071771477982,12.394062995910645,7560,0.0,0.0
2005-02-18 00:00:00-05:00,12.523392450476457,12.528780937194824,12.264733216704258,12.528780937194824,2205,0.0,0.0
2005-02-22 00:00:00-05:00,12.528780937194824,12.528780937194824,12.528780937194824,12.528780937194824,0,0.0,0.0
2005-02-23 00:00:00-05:00,12.523397697192758,12.905997681820024,12.523397697192758,12.857499122619629,2100,0.0,0.0
2005-02-24 00:00:00-05:00,12.857499122619629,12.857499122619629,12.857499122619629,12.857499122619629,0,0.0,0.0
2005-02-25 00:00:00-05:00,12.857499122619629,12.857499122619629,12.857499122619629,12.857499122619629,0,0.0,0.0
2005-02-28 00:00:00-05:00,12.905997276306154,12.905997276306154,12.905997276306154,12.905997276306152,210,0.0,0.0
2005-03-01 00:00:00-05:00,12.905997276306154,12.905997276306154,12.905997276306154,12.905997276306152,0,0.0,0.0
2005-03-02 00:00:00-05:00,12.905997276306154,12.905997276306154,12.905997276306154,12.905997276306152,0,0.0,0.0
2005-03-03 00:00:00-05:00,12.900602066711246,13.32631192201921,12.88443660736084,12.88443660736084,1995,0.0,0.0
2005-03-04 00:00:00-05:00,12.88443660736084,12.88443660736084,12.88443660736084,12.88443660736084,0,0.0,0.0
2005-03-07 00:00:00-05:00,12.66350269317627,12.66350269317627,12.66350269317627,12.66350269317627,420,0.0,0.0
2005-03-08 00:00:00-05:00,12.911383628845213,12.911383628845213,12.911383628845213,12.911383628845215,105,0.0,0.0
2005-03-09 00:00:00-05:00,12.674275547806502,12.932934761047362,12.668887061515854,12.932934761047363,945,0.0,0.0
2005-03-10 00:00:00-05:00,13.080464363098145,13.080464363098145,13.080464363098145,13.080464363098145,210,0.31429,0.0
2005-03-11 00:00:00-05:00,13.113251103641002,13.113251103641002,12.840058326721193,12.840058326721191,840,0.0,0.0
2005-03-14 00:00:00-05:00,12.840058326721193,12.840058326721193,12.840058326721193,12.840058326721191,0,0.0,0.0
2005-03-15 00:00:00-05:00,12.845518112182617,12.845518112182617,12.845518112182617,12.845518112182617,420,0.0,0.0
2005-03-16 00:00:00-05:00,12.845518112182617,12.845518112182617,12.845518112182617,12.845518112182617,0,0.0,0.0
2005-03-17 00:00:00-05:00,12.845518112182617,12.845518112182617,12.845518112182617,12.845518112182617,0,0.0,0.0
2005-03-18 00:00:00-05:00,12.845518112182617,12.845518112182617,12.845518112182617,12.845518112182617,0,0.0,0.0
2005-03-21 00:00:00-05:00,12.840054499009044,12.845518112182617,12.840054499009044,12.845518112182617,420,0.0,0.0
2005-03-22 00:00:00-05:00,13.107780202320582,13.386436462402346,13.107780202320582,13.386436462402344,315,0.0,0.0
2005-03-23 00:00:00-05:00,13.249847412109373,13.249847412109373,13.249847412109373,13.249847412109375,735,0.0,0.0
2005-03-24 00:00:00-05:00,13.386436462402346,13.386436462402346,13.386436462402346,13.386436462402344,105,0.0,0.0
2005-03-28 00:00:00-05:00,13.118708521017467,13.386436462402346,13.118708521017467,13.386436462402344,3990,0.0,0.0
2005-03-29 00:00:00-05:00,13.386436462402346,13.386436462402346,13.386436462402346,13.386436462402344,630,0.0,0.0
2005-03-30 00:00:00-05:00,13.299017906188965,13.299017906188965,13.299017906188965,13.299017906188965,105,0.0,0.0
2005-03-31 00:00:00-05:00,12.856447150939456,12.987579345703125,12.856447150939456,12.987579345703125,420,0.0,0.0
2005-04-01 00:00:00-05:00,12.987579345703125,12.987579345703125,12.987579345703125,12.987579345703125,0,0.0,0.0
2005-04-04 00:00:00-04:00,13.495719427118356,13.495719427118356,12.98211669921875,12.98211669921875,315,0.0,0.0
2005-04-05 00:00:00-04:00,13.222521605060892,13.238913536071777,13.222521605060892,13.238913536071777,420,0.0,0.0
2005-04-06 00:00:00-04:00,12.976651191711426,12.976651191711426,12.976651191711426,12.976651191711426,525,0.0,0.0
2005-04-07 00:00:00-04:00,13.107780456542969,13.107780456542969,13.107780456542969,13.107780456542969,105,0.0,0.0
2005-04-08 00:00:00-04:00,12.87283992767334,12.87283992767334,12.87283992767334,12.87283992767334,210,0.0,0.0
2005-04-11 00:00:00-04:00,12.872837853221505,12.883766174316406,12.872837853221505,12.883766174316406,315,0.0,0.0
2005-04-12 00:00:00-04:00,12.850980758666992,12.850980758666992,12.850980758666992,12.850980758666992,420,0.0,0.0
2005-04-13 00:00:00-04:00,12.850980758666992,12.850980758666992,12.850980758666992,12.850980758666992,0,0.0,0.0
2005-04-14 00:00:00-04:00,12.850980758666992,12.850980758666992,12.850980758666992,12.850980758666992,0,0.0,0.0
2005-04-15 00:00:00-04:00,12.90015983581543,12.90015983581543,12.90015983581543,12.90015983581543,315,0.0,0.0
2005-04-18 00:00:00-04:00,12.976652798867361,13.23345470428467,12.840056971947348,13.233454704284668,1575,0.0,0.0
2005-04-19 00:00:00-04:00,13.359120381824418,13.359120381824418,12.736242183133319,12.987579345703125,630,0.0,0.0
2005-04-20 00:00:00-04:00,13.00943097427937,13.00943097427937,12.730774710578585,12.856444358825684,945,0.0,0.0
2005-04-21 00:00:00-04:00,12.922011375427244,12.922011375427244,12.922011375427244,12.922011375427246,105,0.0,0.0
2005-04-22 00:00:00-04:00,12.922011375427244,12.922011375427244,12.922011375427244,12.922011375427246,0,0.0,0.0
2005-04-25 00:00:00-04:00,12.965724199421548,12.965724199421548,12.938405036926271,12.93840503692627,210,0.0,0.0
2005-04-26 00:00:00-04:00,12.976652604050178,13.932826660899734,12.976652604050178,13.604996681213379,7560,0.0,0.0
2005-04-27 00:00:00-04:00,13.5995271873204,13.5995271873204,13.386436462402346,13.386436462402344,1155,0.0,0.0
2005-04-28 00:00:00-04:00,13.113245010375977,13.113245010375977,13.113245010375977,13.113245010375977,210,0.0,0.0
2005-04-29 00:00:00-04:00,13.113245010375977,13.113245010375977,13.113245010375977,13.113245010375977,210,0.0,0.0
2005-05-02 00:00:00-04:00,12.98211258764425,12.98211258764425,12.687065469587818,12.769022941589355,1365,0.0,0.0
2005-05-03 00:00:00-04:00,12.692528757194177,12.692528757194177,12.56686019897461,12.56686019897461,1155,0.0,0.0
2005-05-04 00:00:00-04:00,12.779949819218627,12.779949819218627,12.681600417790001,12.687065124511719,315,0.0,0.0
2005-05-05 00:00:00-04:00,12.430266828820548,12.473976831367935,12.157073020935059,12.157073020935059,1470,0.0,0.0
2005-05-06 00:00:00-04:00,12.113361857734388,12.293668746948244,12.113361857734388,12.293668746948242,210,0.0,0.0
2005-05-09 00:00:00-04:00,12.435729348102473,12.534078768779757,12.157073020935059,12.157073020935059,630,0.0,0.0
2005-05-10 00:00:00-04:00,12.157073020935059,12.157073020935059,12.157073020935059,12.157073020935059,0,0.0,0.0
2005-05-11 00:00:00-04:00,12.157073020935059,12.157073020935059,12.157073020935059,12.157073020935059,0,0.0,0.0
2005-05-12 00:00:00-04:00,12.157073020935059,12.157073020935059,12.157073020935059,12.157073020935059,0,0.0,0.0
2005-05-13 00:00:00-04:00,16.39155950126332,16.39155950126332,12.168001317155559,13.102319717407227,8715,0.0,0.0
2005-05-16 00:00:00-04:00,12.118828326547543,12.911087416287097,12.118828326547543,12.87283992767334,1995,0.0,0.0
2005-05-17 00:00:00-04:00,12.7417030294174,12.856444358825684,12.648817243432333,12.856444358825684,1050,0.0,0.0
2005-05-18 00:00:00-04:00,12.894692203854472,13.113246568658168,12.894692203854472,12.927474975585938,2625,0.0,0.0
2005-05-19 00:00:00-04:00,12.927474975585938,12.927474975585938,12.927474975585938,12.927474975585938,0,0.0,0.0
2005-05-20 00:00:00-04:00,12.927474975585938,12.927474975585938,12.927474975585938,12.927474975585938,0,0.0,0.0
2005-05-23 00:00:00-04:00,12.927474975585938,12.927474975585938,12.927474975585938,12.927474975585938,0,0.0,0.0
2005-05-24 00:00:00-04:00,12.927474975585938,12.927474975585938,12.927474975585938,12.927474975585938,0,0.0,0.0
2005-05-25 00:00:00-04:00,12.566862353994333,12.566862353994333,12.11882635755352,12.41933822631836,525,0.0,0.0
2005-05-26 00:00:00-04:00,12.594182014465332,12.594182014465332,12.594182014465332,12.594182014465332,210,0.0,0.0
2005-05-27 00:00:00-04:00,12.594182014465332,12.594182014465332,12.594182014465332,12.594182014465332,0,0.0,0.0
2005-05-31 00:00:00-04:00,12.594182014465332,12.594182014465332,12.594182014465332,12.594182014465332,525,0.0,0.0
2005-06-01 00:00:00-04:00,12.594182014465332,12.594182014465332,12.594182014465332,12.594182014465332,0,0.0,0.0
2005-06-02 00:00:00-04:00,12.594182014465332,12.594182014465332,12.594182014465332,12.594182014465332,0,0.0,0.0
2005-06-03 00:00:00-04:00,12.233565507897007,12.233565507897007,12.21717357635498,12.21717357635498,735,0.0,0.0
2005-06-06 00:00:00-04:00,12.118826675761932,12.184392226947518,12.03686809539795,12.03686809539795,1995,0.0,0.0
2005-06-07 00:00:00-04:00,12.025937525210283,12.025937525210283,11.632539950438192,11.719962120056152,2205,0.0,0.0
2005-06-08 00:00:00-04:00,11.84017250305769,11.85656444096553,11.566979738704642,11.643473625183105,9345,0.0,0.0
2005-06-09 00:00:00-04:00,11.643473625183105,11.643473625183105,11.643473625183105,11.643473625183105,0,0.0,0.0
2005-06-10 00:00:00-04:00,11.911195755004883,11.911195755004883,11.905731049419703,11.911195755004883,525,0.0,0.0
2005-06-13 00:00:00-04:00,11.348421096801758,11.348421096801758,11.348421096801758,11.348421096801758,105,0.0,0.0
2005-06-14 00:00:00-04:00,11.665321208315365,11.911195755004883,11.665321208315365,11.911195755004883,2415,0.0,0.0
2005-06-15 00:00:00-04:00,11.905731049419703,11.971297668153856,11.856557453186866,11.911195755004883,3990,0.0,0.0
2005-06-16 00:00:00-04:00,12.020476341247559,12.020476341247559,12.020476341247559,12.020476341247559,2730,0.0,0.0
2005-06-17 00:00:00-04:00,12.020476341247559,12.020476341247559,12.020476341247559,12.020476341247559,0,0.0,0.0
2005-06-20 00:00:00-04:00,12.102431860938527,12.151606559753418,12.091504636426066,12.151606559753418,2310,0.0,0.0
2005-06-21 00:00:00-04:00,12.151606559753418,12.151606559753418,12.151606559753418,12.151606559753418,0,0.0,0.0
2005-06-22 00:00:00-04:00,11.818314799106444,12.03686809539795,11.818314799106444,12.03686809539795,945,0.0,0.0
2005-06-23 00:00:00-04:00,12.020476935270514,12.020476935270514,11.949446678161621,11.949446678161621,945,0.0,0.0
2005-06-24 00:00:00-04:00,11.95490824530468,12.56686019897461,11.95490824530468,12.56686019897461,2625,0.0,0.0
2005-06-27 00:00:00-04:00,12.20624830369982,12.55593490600586,12.20624830369982,12.55593490600586,1680,0.0,0.0
2005-06-28 00:00:00-04:00,12.293668746948244,12.293668746948244,12.293668746948244,12.293668746948242,630,0.0,0.0
2005-06-29 00:00:00-04:00,12.293669727202653,12.572326049889435,12.282742500305176,12.282742500305176,1470,0.0,0.0
2005-06-30 00:00:00-04:00,12.282742500305176,12.282742500305176,12.282742500305176,12.282742500305176,0,0.0,0.0
2005-07-01 00:00:00-04:00,12.293670863853322,12.293670863853322,12.266351699829102,12.266351699829102,945,0.0,0.0
2005-07-05 00:00:00-04:00,12.566865660121262,12.566865660121262,11.74728732216706,11.801925659179688,3360,0.0,0.0
2005-07-06 00:00:00-04:00,12.392022325127897,12.566865660121262,11.752750937017337,11.801925659179688,7245,0.0,0.0
2005-07-07 00:00:00-04:00,12.337379242487406,12.337379242487406,11.763674736022951,11.76367473602295,210,0.0,0.0
2005-07-08 00:00:00-04:00,11.763674736022951,11.763674736022951,11.763674736022951,11.76367473602295,0,0.0,0.0
2005-07-11 00:00:00-04:00,11.627079137562655,12.56139860257918,11.61068720324942,11.840169906616211,2625,0.0,0.0
2005-07-12 00:00:00-04:00,11.74728415582782,12.200783762754163,11.610687255859375,11.610687255859375,1365,0.0,0.0
2005-07-13 00:00:00-04:00,12.293669035105667,12.293669035105667,11.692645327468746,12.020476341247559,3465,0.0,0.0
2005-07-14 00:00:00-04:00,12.004083633422852,12.004083633422852,12.004083633422852,12.004083633422852,525,0.0,0.0
2005-07-15 00:00:00-04:00,12.020477366917088,12.020477366917088,11.889345169067381,11.889345169067383,210,0.0,0.0
2005-07-18 00:00:00-04:00,12.473974992481994,12.473974992481994,11.74728276585758,11.780065536499023,735,0.0,0.0
2005-07-19 00:00:00-04:00,11.780065536499023,11.780065536499023,11.780065536499023,11.780065536499023,0,0.0,0.0
2005-07-20 00:00:00-04:00,11.780065536499023,11.780065536499023,11.780065536499023,11.780065536499023,0,0.0,0.0
2005-07-21 00:00:00-04:00,12.020479429167057,12.020479429167057,11.987696647644043,11.987696647644043,210,0.0,0.0
2005-07-22 00:00:00-04:00,11.834705352783203,11.834705352783203,11.834705352783203,11.834705352783203,105,0.0,0.0
2005-07-25 00:00:00-04:00,11.834705352783203,11.834705352783203,11.834705352783203,11.834705352783203,0,0.0,0.0
2005-07-26 00:00:00-04:00,11.911201046297066,11.97130298614502,11.911201046297066,11.97130298614502,315,0.0,0.0
2005-07-27 00:00:00-04:00,11.965838519618552,12.195320129394531,11.911200197422552,12.195320129394531,1575,0.0,0.0
2005-07-28 00:00:00-04:00,12.047795014144016,12.430265426635742,12.047795014144016,12.430265426635742,525,0.0,0.0
2005-07-29 00:00:00-04:00,12.430265426635742,12.430265426635742,12.430265426635742,12.430265426635742,0,0.0,0.0
2005-08-01 00:00:00-04:00,11.752747260530604,12.020476341247559,11.752747260530604,12.020476341247559,315,0.0,0.0
2005-08-02 00:00:00-04:00,12.41933760862512,12.430265929162012,12.020476341247559,12.020476341247559,1575,0.0,0.0
2005-08-03 00:00:00-04:00,12.2226407137098,12.413875957918068,12.173465999156518,12.375628471374512,2625,0.0,0.0
2005-08-04 00:00:00-04:00,12.402944873205103,12.402944873205103,12.113361358642578,12.113361358642578,420,0.0,0.0
2005-08-05 00:00:00-04:00,12.113361358642578,12.113361358642578,12.113361358642578,12.113361358642578,0,0.0,0.0
2005-08-08 00:00:00-04:00,12.102434904062395,12.129754066467283,12.102434904062395,12.129754066467285,315,0.0,0.0
2005-08-09 00:00:00-04:00,12.129754066467283,12.129754066467283,12.129754066467283,12.129754066467285,0,0.0,0.0
2005-08-10 00:00:00-04:00,12.266351699829102,12.266351699829102,12.255423377666565,12.266351699829102,2520,0.0,0.0
2005-08-11 00:00:00-04:00,12.239027976989746,12.239027976989746,12.239027976989746,12.239027976989746,420,0.0,0.0
2005-08-12 00:00:00-04:00,12.184393113501692,12.293670863853322,12.184393113501692,12.266351699829102,2205,0.0,0.0
2005-08-15 00:00:00-04:00,12.266351699829102,12.266351699829102,12.266351699829102,12.266351699829102,0,0.0,0.0
2005-08-16 00:00:00-04:00,12.375626224908258,12.402945384228262,12.293668746948244,12.293668746948242,3780,0.0,0.0
2005-08-17 00:00:00-04:00,12.036866698404548,12.320987701416017,12.020475859637799,12.320987701416016,1470,0.0,0.0
2005-08-18 00:00:00-04:00,11.616150869021515,12.353770338887093,11.616150869021515,12.102433204650879,1575,0.0,0.0
2005-08-19 00:00:00-04:00,12.195321069437718,12.200784683227539,12.189857455647896,12.200784683227539,1470,0.0,0.0
2005-08-22 00:00:00-04:00,11.976763725280762,11.976763725280762,11.976763725280762,11.976763725280762,420,0.0,0.0
2005-08-23 00:00:00-04:00,11.911195755004883,11.911195755004883,11.883876604095875,11.911195755004883,1575,0.0,0.0
2005-08-24 00:00:00-04:00,11.801918057114628,11.911195755004883,11.763671683543706,11.911195755004883,1785,0.0,0.0
2005-08-25 00:00:00-04:00,11.911195755004883,11.911195755004883,11.911195755004883,11.911195755004883,945,0.0,0.0
2005-08-26 00:00:00-04:00,11.911195755004883,11.911195755004883,11.911195755004883,11.911195755004883,0,0.0,0.0
2005-08-29 00:00:00-04:00,11.867487907409668,11.867487907409668,11.867487907409668,11.867487907409668,315,0.0,0.0
2005-08-30 00:00:00-04:00,11.911195755004883,11.911195755004883,11.911195755004883,11.911195755004883,210,0.0,0.0
2005-08-31 00:00:00-04:00,11.938522338867186,11.938522338867186,11.938522338867186,11.938522338867188,420,0.0,0.0
2005-09-01 00:00:00-04:00,11.938522338867186,11.938522338867186,11.938522338867186,11.938522338867188,1155,0.0,0.0
2005-09-02 00:00:00-04:00,12.020476341247559,12.020476341247559,12.020476341247559,12.020476341247559,210,0.0,0.0
2005-09-06 00:00:00-04:00,12.020471745918726,12.020471745918726,11.878411293029785,11.878411293029785,1785,0.0,0.0
2005-09-07 00:00:00-04:00,12.072774887084961,12.072774887084961,12.072774887084961,12.072774887084961,0,0.33333,0.0
2005-09-08 00:00:00-04:00,11.900629565998228,11.900629565998228,11.856202125549316,11.856202125549316,210,0.0,0.0
2005-09-09 00:00:00-04:00,12.206056594848633,12.217163732163868,12.128311082280142,12.206056594848633,1050,0.0,0.0
2005-09-12 00:00:00-04:00,11.856201530574888,12.694744264356428,11.856201530574888,12.217164039611816,3570,0.0,0.0
2005-09-13 00:00:00-04:00,12.633659055761349,12.633659055761349,12.52814625202961,12.622551918029785,3255,0.0,0.0
2005-09-14 00:00:00-04:00,12.250484930662891,12.261590957641602,12.250484930662891,12.261590957641602,210,0.0,0.0
2005-09-15 00:00:00-04:00,12.011690274177367,12.41152375914119,11.889518468149843,12.383757591247559,945,0.0,0.0
2005-09-16 00:00:00-04:00,12.222717309399513,12.355995178222656,12.222717309399513,12.355995178222656,525,0.0,0.0
2005-09-19 00:00:00-04:00,12.228271177206567,12.228271177206567,12.217164039611818,12.217164039611816,630,0.0,0.0
2005-09-20 00:00:00-04:00,12.217164039611818,12.217164039611818,12.217164039611818,12.217164039611816,0,0.0,0.0
2005-09-21 00:00:00-04:00,12.217164039611818,12.217164039611818,12.217164039611818,12.217164039611816,0,0.0,0.0
2005-09-22 00:00:00-04:00,12.21716094614397,12.317119598388672,11.856198528505168,12.317119598388672,1470,0.0,0.0
2005-09-23 00:00:00-04:00,12.267143636393758,12.355995178222656,12.267143636393758,12.355995178222656,1365,0.0,0.0
2005-09-26 00:00:00-04:00,12.383761122398777,12.383761122398777,11.906182008722274,12.028352737426758,3885,0.0,0.0
2005-09-27 00:00:00-04:00,12.05056713356189,12.622551918029787,12.022799845312772,12.622551918029785,2625,0.0,0.0
2005-09-28 00:00:00-04:00,12.467060733499089,12.467060733499089,12.217164039611818,12.217164039611816,1680,0.0,0.0
2005-09-29 00:00:00-04:00,12.217164039611818,12.217164039611818,12.217164039611818,12.217164039611816,0,0.0,0.0
2005-09-30 00:00:00-04:00,12.217164039611818,12.217164039611818,12.217164039611818,12.217164039611816,0,0.0,0.0
2005-10-03 00:00:00-04:00,12.217164039611818,12.217164039611818,12.217164039611818,12.217164039611816,0,0.0,0.0
2005-10-04 00:00:00-04:00,12.633655490517352,12.844677701951184,11.93949794769287,11.939497947692871,3570,0.0,0.0
2005-10-05 00:00:00-04:00,11.93949794769287,11.93949794769287,11.93949794769287,11.939497947692871,0,0.0,0.0
2005-10-06 00:00:00-04:00,12.383757751914013,12.383757751914013,11.93949794769287,11.939497947692871,210,0.0,0.0
2005-10-07 00:00:00-04:00,11.939497569942652,11.939497569942652,11.795112609863281,11.795112609863281,630,0.0,0.0
2005-10-10 00:00:00-04:00,11.795112609863281,11.795112609863281,11.795112609863281,11.795112609863281,0,0.0,0.0
2005-10-11 00:00:00-04:00,11.883968063623795,11.883968063623795,11.76734924316406,11.767349243164062,1785,0.0,0.0
2005-10-12 00:00:00-04:00,11.76734924316406,11.76734924316406,11.76734924316406,11.767349243164062,0,0.0,0.0
2005-10-13 00:00:00-04:00,11.76734924316406,11.76734924316406,11.76734924316406,11.767349243164062,0,0.0,0.0
2005-10-14 00:00:00-04:00,11.745139330625445,12.100547790527344,11.117622067976017,12.100547790527344,4515,0.0,0.0
2005-10-17 00:00:00-04:00,12.100547790527344,12.100547790527344,12.100547790527344,12.100547790527344,0,0.0,0.0
2005-10-18 00:00:00-04:00,12.217163615966621,12.66142463684082,12.18384442865689,12.66142463684082,1680,0.0,0.0
2005-10-19 00:00:00-04:00,12.37820848426187,12.772490194596886,12.37820848426187,12.761383056640625,1260,0.0,0.0
2005-10-20 00:00:00-04:00,12.716956120022898,12.772488465808955,12.289355278015137,12.289355278015137,735,0.0,0.0
2005-10-21 00:00:00-04:00,12.78914793155152,12.78914793155152,12.272695541381836,12.272695541381836,2415,0.0,0.0
2005-10-24 00:00:00-04:00,12.22827378601352,12.22827378601352,11.833992004394531,11.833992004394531,2205,0.0,0.0
2005-10-25 00:00:00-04:00,12.078330993652344,12.078330993652344,12.028350551683342,12.078330993652344,2205,0.0,0.0
2005-10-26 00:00:00-04:00,12.855787696596714,12.855787696596714,12.494826316833496,12.494826316833496,525,0.0,0.0
2005-10-27 00:00:00-04:00,12.494826316833496,12.494826316833496,12.494826316833496,12.494826316833496,0,0.0,0.0
2005-10-28 00:00:00-04:00,12.71695463807649,12.744720807733842,11.7173680817746,11.878413200378418,1785,0.0,0.0
2005-10-31 00:00:00-05:00,12.161630056257993,12.161630056257993,11.717369079589846,11.717369079589844,525,0.0,0.0
2005-11-01 00:00:00-05:00,11.717369079589846,11.717369079589846,11.717369079589846,11.717369079589844,0,0.0,0.0
2005-11-02 00:00:00-05:00,12.211608708642022,12.63365650177002,12.211608708642022,12.63365650177002,1785,0.0,0.0
2005-11-03 00:00:00-05:00,12.63365650177002,12.63365650177002,12.63365650177002,12.63365650177002,0,0.0,0.0
2005-11-04 00:00:00-05:00,12.633657071364238,12.805807113647461,12.57257060383458,12.805807113647461,945,0.0,0.0
2005-11-07 00:00:00-05:00,12.378209357681932,12.378209357681932,11.717371860001668,12.228272438049316,5145,0.0,0.0
2005-11-08 00:00:00-05:00,11.93949794769287,11.93949794769287,11.93949794769287,11.939497947692871,210,0.0,0.0
2005-11-09 00:00:00-05:00,11.967268163457534,12.855789184570312,11.922841834361984,12.855789184570312,5670,0.0,0.0
2005-11-10 00:00:00-05:00,12.670586924266692,13.148722112026256,12.670586924266692,13.13706111907959,1600,0.0,1.05
2005-11-11 00:00:00-05:00,13.11956961341484,13.411115604824058,12.833854675292969,12.833854675292969,8700,0.0,0.0
2005-11-14 00:00:00-05:00,12.658923650164525,12.658923650164525,12.5423059463501,12.542305946350098,1000,0.0,0.0
2005-11-15 00:00:00-05:00,12.693908662094953,12.693908662094953,12.338222310748852,12.361546516418457,1600,0.0,0.0
2005-11-16 00:00:00-05:00,12.361546516418457,12.361546516418457,12.361546516418457,12.361546516418457,0,0.0,0.0
2005-11-17 00:00:00-05:00,12.361546516418457,12.361546516418457,12.361546516418457,12.361546516418457,300,0.0,0.0
2005-11-18 00:00:00-05:00,12.979627670997578,12.979627670997578,12.793038414441229,12.833854675292969,1100,0.0,0.0
2005-11-21 00:00:00-05:00,12.833854675292969,12.833854675292969,12.833854675292969,12.833854675292969,0,0.0,0.0
2005-11-22 00:00:00-05:00,12.244926452636719,12.886327584492392,12.099153518676758,12.099153518676758,900,0.0,0.0
2005-11-23 00:00:00-05:00,12.099153518676758,12.099153518676758,12.099153518676758,12.099153518676758,0,0.0,0.0
2005-11-25 00:00:00-05:00,12.2449312210083,12.2449312210083,12.2449312210083,12.2449312210083,100,0.0,0.0
2005-11-28 00:00:00-05:00,12.536474624609596,12.536474624609596,12.279913902282713,12.279913902282715,200,0.0,0.0
2005-11-29 00:00:00-05:00,12.279913902282713,12.279913902282713,12.279913902282713,12.279913902282715,0,0.0,0.0
2005-11-30 00:00:00-05:00,12.279913902282713,12.279913902282713,12.279913902282713,12.279913902282715,0,0.0,0.0
2005-12-01 00:00:00-05:00,13.090415012084643,13.090415012084643,12.2449312210083,12.2449312210083,600,0.0,0.0
2005-12-02 00:00:00-05:00,12.174959696109433,12.2449312210083,12.174959696109433,12.2449312210083,700,0.0,0.0
2005-12-05 00:00:00-05:00,12.2449312210083,12.2449312210083,12.01169465827817,12.2449312210083,5100,0.0,0.0
2005-12-06 00:00:00-05:00,12.2449312210083,12.2449312210083,12.2449312210083,12.2449312210083,0,0.0,0.0
2005-12-07 00:00:00-05:00,11.836766402110827,12.2449312210083,11.836766402110827,12.2449312210083,1500,0.0,0.0
2005-12-08 00:00:00-05:00,12.39069903605537,12.39069903605537,12.244926106219424,12.355713844299316,1200,0.0,0.0
2005-12-09 00:00:00-05:00,12.26242109301402,12.390700890086961,12.26242109301402,12.314899444580078,1500,0.0,0.0
2005-12-12 00:00:00-05:00,12.25076227409651,12.25076227409651,12.2449312210083,12.2449312210083,800,0.0,0.0
2005-12-13 00:00:00-05:00,12.303240639730749,12.39070421173459,12.2449312210083,12.2449312210083,700,0.0,0.0
2005-12-14 00:00:00-05:00,12.2449312210083,12.2449312210083,11.953385239555722,12.2449312210083,8900,0.0,0.0
2005-12-15 00:00:00-05:00,11.95338495823669,12.52481480151701,11.95338495823669,12.250761985778809,2200,0.0,0.0
2005-12-16 00:00:00-05:00,12.53647720246088,12.53647720246088,12.2449312210083,12.2449312210083,300,0.0,0.0
2005-12-19 00:00:00-05:00,12.099158230282011,12.2449312210083,12.040848811559565,12.2449312210083,800,0.0,0.0
2005-12-20 00:00:00-05:00,12.635602880641143,12.635602880641143,12.2449312210083,12.2449312210083,400,0.0,0.0
2005-12-21 00:00:00-05:00,12.2449312210083,12.2449312210083,12.2449312210083,12.2449312210083,0,0.0,0.0
2005-12-22 00:00:00-05:00,12.040848731994629,12.244931140094806,11.95338516056874,12.040848731994629,1300,0.0,0.0
2005-12-23 00:00:00-05:00,12.046677767286438,12.046677767286438,11.953383158437246,11.959214210510254,1500,0.0,0.0
2005-12-27 00:00:00-05:00,11.959214210510254,11.959214210510254,11.959214210510254,11.959214210510254,0,0.0,0.0
2005-12-28 00:00:00-05:00,12.099153518676758,12.104984569494263,11.895071188700967,12.099153518676758,5300,0.0,0.0
2005-12-29 00:00:00-05:00,12.274082202939729,12.274082202939729,12.070000958380707,12.12830924987793,1700,0.0,0.0
2005-12-30 00:00:00-05:00,12.472336051592416,12.478167104363155,11.87175207428115,12.052510261535645,1900,0.0,0.0
2006-01-03 00:00:00-05:00,12.052510261535645,12.052510261535645,12.052510261535645,12.052510261535645,0,0.0,0.0
2006-01-04 00:00:00-05:00,12.419855268666026,12.478164672851562,12.419855268666026,12.478164672851562,1200,0.0,0.0
2006-01-05 00:00:00-05:00,12.16329892950142,12.390704443394984,12.16329892950142,12.384873390197754,3900,0.0,0.0
2006-01-06 00:00:00-05:00,12.25075958153482,12.367377281188965,12.25075958153482,12.367377281188965,300,0.0,0.0
2006-01-09 00:00:00-05:00,12.390701293945312,12.390701293945312,12.390701293945312,12.390701293945312,300,0.0,0.0
2006-01-10 00:00:00-05:00,12.390701488415441,12.390701488415441,12.10498662284758,12.367377281188965,1100,0.0,0.0
2006-01-11 00:00:00-05:00,12.367380230606065,12.384873390197754,12.367380230606065,12.384873390197754,1300,0.0,0.0
2006-01-12 00:00:00-05:00,12.53647708892822,12.53647708892822,12.53647708892822,12.536477088928223,100,0.0,0.0
2006-01-13 00:00:00-05:00,12.53647708892822,12.53647708892822,12.53647708892822,12.536477088928223,100,0.0,0.0
2006-01-17 00:00:00-05:00,12.367377281188965,12.367377281188965,12.367377281188965,12.367377281188965,600,0.0,0.0
2006-01-18 00:00:00-05:00,12.367377465798684,12.53647463423654,12.367377465798684,12.402363777160645,5600,0.0,0.0
2006-01-19 00:00:00-05:00,12.402363777160646,12.402363777160646,12.402363777160646,12.402363777160645,0,0.0,0.0
2006-01-20 00:00:00-05:00,12.25075958153482,12.367377281188965,11.819271757279719,12.367377281188965,2600,0.0,0.0
2006-01-23 00:00:00-05:00,12.39070386681288,12.39653491973877,12.39070386681288,12.39653491973877,3100,0.0,0.0
2006-01-24 00:00:00-05:00,12.53647708892822,12.53647708892822,12.53647708892822,12.536477088928223,500,0.0,0.0
2006-01-25 00:00:00-05:00,12.472338234839818,12.472338234839818,12.02918815612793,12.02918815612793,1500,0.0,0.0
2006-01-26 00:00:00-05:00,12.029184061520944,12.367377281188965,12.029184061520944,12.367377281188965,2200,0.0,0.0
2006-01-27 00:00:00-05:00,12.367379230640896,12.530645370483398,12.367379230640896,12.530645370483398,1800,0.0,0.0
2006-01-30 00:00:00-05:00,12.478164219320506,12.478164219320506,11.947550773620605,11.947550773620605,6200,0.0,0.0
2006-01-31 00:00:00-05:00,11.982538223266602,11.982538223266602,11.982538223266602,11.982538223266602,100,0.0,0.0
2006-02-01 00:00:00-05:00,12.367377281188965,12.367377281188965,12.367377281188965,12.367377281188965,100,0.0,0.0
2006-02-02 00:00:00-05:00,12.536476529356202,12.553969687681597,11.912568340491918,11.930060386657715,1900,0.0,0.0
2006-02-03 00:00:00-05:00,11.935887272680683,11.935887272680683,11.87174793886412,11.895071029663086,4000,0.0,0.0
2006-02-06 00:00:00-05:00,11.912569151910663,11.924231258255285,11.807612419128418,11.807612419128418,5400,0.0,0.0
2006-02-07 00:00:00-05:00,11.81343851134236,12.093322273120299,11.521892648117205,11.830931663513184,4300,0.0,0.0
2006-02-08 00:00:00-05:00,11.516064091163168,11.516064091163168,11.247842372749826,11.259503364562988,4000,0.0,0.0
2006-02-09 00:00:00-05:00,11.516066551208496,11.516066551208496,11.516066551208496,11.516066551208496,100,0.0,0.0
2006-02-10 00:00:00-05:00,11.352798723768823,11.801779747009277,11.25367305775677,11.801779747009277,1200,0.0,0.0
2006-02-13 00:00:00-05:00,11.801779747009277,11.801779747009277,11.801779747009277,11.801779747009277,0,0.0,0.0
2006-02-14 00:00:00-05:00,11.801779747009277,11.801779747009277,11.801779747009277,11.801779747009277,0,0.0,0.0
2006-02-15 00:00:00-05:00,11.836764115364405,11.836764115364405,11.341136932373047,11.341136932373047,800,0.0,0.0
2006-02-16 00:00:00-05:00,11.51606541555157,11.790118217468262,11.51606541555157,11.790118217468262,300,0.0,0.0
2006-02-17 00:00:00-05:00,11.790118217468262,11.790118217468262,11.790118217468262,11.790118217468262,0,0.0,0.0
2006-02-21 00:00:00-05:00,11.44026327852744,11.44026327852744,11.411108016967775,11.411108016967773,3300,0.0,0.0
2006-02-22 00:00:00-05:00,11.510233879089357,11.510233879089357,11.510233879089357,11.510233879089355,300,0.0,0.0
2006-02-23 00:00:00-05:00,11.51023266284308,11.521894766434391,11.370290756225588,11.370290756225586,3200,0.0,0.0
2006-02-24 00:00:00-05:00,11.399447441101074,11.399447441101074,11.399447441101074,11.399447441101074,500,0.0,0.0
2006-02-27 00:00:00-05:00,11.510231585937271,11.690989726053074,10.938801909339372,11.142884254455566,5800,0.0,0.0
2006-02-28 00:00:00-05:00,11.690992541939714,11.690992541939714,11.370292431055816,11.60352897644043,1900,0.0,0.0
2006-03-01 00:00:00-05:00,11.685163583918802,11.685163583918802,11.16621097562562,11.230351448059082,2600,0.0,0.0
2006-03-02 00:00:00-05:00,11.346966549042966,11.370290756225588,11.346966549042966,11.370290756225586,500,0.0,0.0
2006-03-03 00:00:00-05:00,11.259503977603144,11.259503977603144,11.078745804823837,11.224518775939941,600,0.0,0.0
2006-03-06 00:00:00-05:00,10.962130381864002,11.306154789335167,10.938807277577068,11.253676414489746,2400,0.0,0.0
2006-03-07 00:00:00-05:00,11.358628644657744,11.358628644657744,11.037928581237791,11.037928581237793,300,0.0,0.0
2006-03-08 00:00:00-05:00,11.037928581237791,11.037928581237791,11.037928581237791,11.037928581237793,0,0.0,0.0
2006-03-09 00:00:00-05:00,11.227931022644043,11.227931022644043,11.227931022644043,11.227931022644043,100,0.34,0.0
2006-03-10 00:00:00-05:00,11.5782470703125,11.5782470703125,11.5782470703125,11.5782470703125,100,0.0,0.0
2006-03-13 00:00:00-05:00,11.227930347650027,11.269493103027344,11.227930347650027,11.269493103027344,1000,0.0,0.0
2006-03-14 00:00:00-05:00,11.227929276532874,11.275429725646973,11.067614836085276,11.275429725646973,1200,0.0,0.0
2006-03-15 00:00:00-05:00,11.352619386394181,11.40605640411377,11.293243538094504,11.40605640411377,400,0.0,0.0
2006-03-16 00:00:00-05:00,11.221993658635752,11.376370429992676,11.221993658635752,11.376370429992676,400,0.0,0.0
2006-03-17 00:00:00-05:00,11.251682677283648,11.38824635860153,11.251682677283648,11.287307739257812,1900,0.0,0.0
2006-03-20 00:00:00-05:00,11.251682432745731,11.299182891845703,11.251682432745731,11.299182891845703,1100,0.0,0.0
2006-03-21 00:00:00-05:00,11.281368940304487,11.5782470703125,11.281368940304487,11.5782470703125,500,0.0,0.0
2006-03-22 00:00:00-05:00,11.34668254852295,11.34668254852295,11.34668254852295,11.34668254852295,200,0.0,0.0
2006-03-23 00:00:00-05:00,11.281368146401283,11.281368146401283,11.121053695678713,11.121053695678711,400,0.0,0.0
2006-03-24 00:00:00-05:00,11.5782470703125,11.5782470703125,11.5782470703125,11.5782470703125,100,0.0,0.0
2006-03-27 00:00:00-05:00,11.5782470703125,11.5782470703125,11.5782470703125,11.5782470703125,0,0.0,0.0
2006-03-28 00:00:00-05:00,11.340744018554688,11.340744018554688,11.340744018554688,11.340744018554688,100,0.0,0.0
2006-03-29 00:00:00-05:00,11.572311591889335,11.726688385009766,11.54262422619327,11.726688385009766,2200,0.0,0.0
2006-03-30 00:00:00-05:00,11.720746807538022,11.904810905456543,11.720746807538022,11.904810905456543,1500,0.0,0.0
2006-03-31 00:00:00-05:00,11.797937637855652,11.845438094375696,11.786062240600588,11.786062240600586,900,0.0,0.0
2006-04-03 00:00:00-04:00,11.904814664583503,11.904814664583503,11.89887809753418,11.89887809753418,1400,0.0,0.0
2006-04-04 00:00:00-04:00,11.815751413198242,11.934503138959185,11.815751413198242,11.845439910888672,500,0.0,0.0
2006-04-05 00:00:00-04:00,11.679186820983887,11.679186820983887,11.679186820983887,11.679186820983887,100,0.0,0.0
2006-04-06 00:00:00-04:00,11.887001282694836,11.887001282694836,11.875125885009766,11.875125885009766,400,0.0,0.0
2006-04-07 00:00:00-04:00,11.887001037597656,11.887001037597656,11.875125640157442,11.887001037597656,1700,0.0,0.0
2006-04-10 00:00:00-04:00,12.16606288820085,12.16606288820085,11.96418571472168,11.96418571472168,2100,0.0,0.0
2006-04-11 00:00:00-04:00,11.898876935938071,11.898876935938071,11.744500160217287,11.744500160217285,1400,0.0,0.0
2006-04-12 00:00:00-04:00,11.744500160217287,11.744500160217287,11.744500160217287,11.744500160217285,0,0.0,0.0
2006-04-13 00:00:00-04:00,11.679185502466083,11.815749168395996,11.679185502466083,11.815749168395996,5900,0.0,0.0
2006-04-17 00:00:00-04:00,11.809811469985977,11.815749168395996,11.809811469985977,11.815749168395996,1000,0.0,0.0
2006-04-18 00:00:00-04:00,12.011688319269995,12.261065982377682,11.952312469482424,11.952312469482422,4800,0.0,0.0
2006-04-19 00:00:00-04:00,12.023566445568026,12.023566445568026,11.732625961303711,11.732625961303711,4500,0.0,0.0
2006-04-20 00:00:00-04:00,11.732625961303711,11.732625961303711,11.732625961303711,11.732625961303711,0,0.0,0.0
2006-04-21 00:00:00-04:00,12.142315785945991,12.142315785945991,11.815749168395996,11.815749168395996,1900,0.0,0.0
2006-04-24 00:00:00-04:00,12.154190050265855,12.154190050265855,11.815749168395996,11.815749168395996,600,0.0,0.0
2006-04-25 00:00:00-04:00,11.815751947677963,11.928565979003908,11.815751947677963,11.928565979003906,2800,0.0,0.0
2006-04-26 00:00:00-04:00,11.81574897774018,11.982001133037587,11.714810371398926,11.714810371398926,6200,0.0,0.0
2006-04-27 00:00:00-04:00,12.172006611228712,12.39763355255127,12.136381543125253,12.39763355255127,2500,0.0,0.0
2006-04-28 00:00:00-04:00,12.451068332782308,12.58763313293457,12.451068332782308,12.58763313293457,3500,0.0,0.0
2006-05-01 00:00:00-04:00,12.557943379876633,13.068574073316086,12.557943379876633,13.062636375427246,5000,0.0,0.0
2006-05-02 00:00:00-04:00,13.062639775527012,13.525770138904921,13.062639775527012,13.418893814086914,1500,0.0,0.0
2006-05-03 00:00:00-04:00,13.300139092878375,13.656393051147463,13.300139092878375,13.656393051147461,5100,0.0,0.0
2006-05-04 00:00:00-04:00,13.656393051147463,13.721706597705161,13.656393051147463,13.656393051147461,2200,0.0,0.0
2006-05-05 00:00:00-04:00,13.561392146609053,13.656393051147463,13.549516750416725,13.656393051147461,2400,0.0,0.0
2006-05-08 00:00:00-04:00,13.68608048833609,13.882019996643066,13.668268526444624,13.882019996643066,1000,0.0,0.0
2006-05-09 00:00:00-04:00,13.472331047058107,13.472331047058107,13.472331047058107,13.472331047058105,100,0.0,0.0
2006-05-10 00:00:00-04:00,13.472331047058107,13.472331047058107,13.472331047058107,13.472331047058105,0,0.0,0.0
2006-05-11 00:00:00-04:00,13.472331047058107,13.472331047058107,13.472331047058107,13.472331047058105,0,0.0,0.0
2006-05-12 00:00:00-04:00,13.484204758028161,13.484204758028161,13.122014192417485,13.288265228271484,2600,0.0,0.0
2006-05-15 00:00:00-04:00,13.163578084489329,13.270454406738283,13.163578084489329,13.270454406738281,800,0.0,0.0
2006-05-16 00:00:00-04:00,13.407017830706266,13.407017830706266,13.40108013153076,13.401080131530762,400,0.0,0.0
2006-05-17 00:00:00-04:00,13.359517952243536,13.418893814086914,13.359517952243536,13.418893814086914,2700,0.0,0.0
2006-05-18 00:00:00-04:00,13.12201343685632,13.46045432035779,13.12201343685632,13.389203071594238,400,0.0,0.0
2006-05-19 00:00:00-04:00,13.389203071594238,13.389203071594238,13.389203071594238,13.389203071594238,0,0.0,0.0
2006-05-22 00:00:00-04:00,13.389203071594238,13.389203071594238,13.389203071594238,13.389203071594238,0,0.0,0.0
2006-05-23 00:00:00-04:00,13.193268775939941,13.193268775939941,13.193268775939941,13.193268775939941,1400,0.0,0.0
2006-05-24 00:00:00-04:00,13.656390843278002,13.656390843278002,13.448575973510742,13.448575973510742,700,0.0,0.0
2006-05-25 00:00:00-04:00,13.454516410827637,13.454516410827637,13.454516410827637,13.454516410827637,100,0.0,0.0
2006-05-26 00:00:00-04:00,13.484205189822445,13.484205189822445,13.478268623352053,13.47826862335205,1300,0.0,0.0
2006-05-30 00:00:00-04:00,13.329829216003416,13.329829216003416,13.329829216003416,13.329829216003418,100,0.0,0.0
2006-05-31 00:00:00-04:00,13.329829216003416,13.329829216003416,13.329829216003416,13.329829216003418,0,0.0,0.0
2006-06-01 00:00:00-04:00,13.329829216003416,13.329829216003416,13.329829216003416,13.329829216003418,0,0.0,0.0
2006-06-02 00:00:00-04:00,13.329829216003416,13.329829216003416,13.329829216003416,13.329829216003418,0,0.0,0.0
2006-06-05 00:00:00-04:00,13.181387901306152,13.187324466619751,13.181387901306152,13.181387901306152,1200,0.0,0.0
2006-06-06 00:00:00-04:00,13.258575439453127,13.258575439453127,13.258575439453127,13.258575439453125,200,0.0,0.0
2006-06-07 00:00:00-04:00,13.13389301300049,13.181393483124339,13.13389301300049,13.133893013000488,1600,0.0,0.0
2006-06-08 00:00:00-04:00,13.163575847519175,13.217013999562568,13.122013092041016,13.122013092041016,1000,0.0,0.0
2006-06-09 00:00:00-04:00,13.110136032104494,13.110136032104494,13.110136032104494,13.110136032104492,600,0.0,0.0
2006-06-12 00:00:00-04:00,13.027012052317835,13.412953376770021,12.765758993034758,13.41295337677002,3100,0.0,0.0
2006-06-13 00:00:00-04:00,13.181388946401576,13.240763664245607,13.163575851548277,13.240763664245605,1300,0.0,0.0
2006-06-14 00:00:00-04:00,13.10420036315918,13.353578035492756,13.10420036315918,13.10420036315918,1800,0.0,0.0
2006-06-15 00:00:00-04:00,13.211076132456462,13.359515190124512,13.211076132456462,13.359515190124512,300,0.0,0.0
2006-06-16 00:00:00-04:00,13.359515190124512,13.359515190124512,13.359515190124512,13.359515190124512,0,0.0,0.0
2006-06-19 00:00:00-04:00,13.359515190124512,13.359515190124512,13.359515190124512,13.359515190124512,0,0.0,0.0
2006-06-20 00:00:00-04:00,13.513892539937235,13.513892539937235,13.377328872680664,13.377328872680664,600,0.0,0.0
2006-06-21 00:00:00-04:00,13.377328872680664,13.377328872680664,13.377328872680664,13.377328872680664,0,0.0,0.0
2006-06-22 00:00:00-04:00,13.371390830797438,13.371390830797438,13.347640037536623,13.347640037536621,300,0.0,0.0
2006-06-23 00:00:00-04:00,13.347640037536623,13.347640037536623,13.347640037536623,13.347640037536621,0,0.0,0.0
2006-06-26 00:00:00-04:00,13.347640037536623,13.347640037536623,13.347640037536623,13.347640037536621,0,0.0,0.0
2006-06-27 00:00:00-04:00,13.317954063415527,13.317954063415527,13.317954063415527,13.317954063415527,400,0.0,0.0
2006-06-28 00:00:00-04:00,13.270454406738283,13.359517631112295,13.270454406738283,13.270454406738281,900,0.0,0.0
2006-06-29 00:00:00-04:00,13.270454406738283,13.270454406738283,13.270454406738283,13.270454406738281,0,0.0,0.0
2006-06-30 00:00:00-04:00,13.359516424470916,13.359516424470916,13.282328605651857,13.282328605651855,5100,0.0,0.0
2006-07-03 00:00:00-04:00,13.282328605651857,13.282328605651857,13.282328605651857,13.282328605651855,0,0.0,0.0
2006-07-05 00:00:00-04:00,13.282328605651857,13.282328605651857,13.282328605651857,13.282328605651855,0,0.0,0.0
2006-07-06 00:00:00-04:00,13.098265487395121,13.323893547058105,13.098265487395121,13.323893547058105,800,0.0,0.0
2006-07-07 00:00:00-04:00,13.496078491210938,13.496078491210938,13.496078491210938,13.496078491210938,300,0.0,0.0
2006-07-10 00:00:00-04:00,13.359515833981781,13.65639396362582,13.074513101323548,13.264514923095703,6500,0.0,0.0
2006-07-11 00:00:00-04:00,13.24076366019288,13.61483072449662,13.122013092041016,13.122013092041016,1200,0.0,0.0
2006-07-12 00:00:00-04:00,12.973573866687609,13.359515190124512,12.973573866687609,13.359515190124512,700,0.0,0.0
2006-07-13 00:00:00-04:00,13.347641367480792,13.347641367480792,13.211077690124513,13.211077690124512,700,0.0,0.0
2006-07-14 00:00:00-04:00,13.323891420954695,13.323891420954695,13.282328661991194,13.288265228271484,1700,0.0,0.0
2006-07-17 00:00:00-04:00,12.967636108398438,12.967636108398438,12.967636108398438,12.967636108398438,100,0.0,0.0
2006-07-18 00:00:00-04:00,12.967636108398438,12.967636108398438,12.967636108398438,12.967636108398438,0,0.0,0.0
2006-07-19 00:00:00-04:00,12.967636108398438,12.967636108398438,12.967636108398438,12.967636108398438,0,0.0,0.0
2006-07-20 00:00:00-04:00,12.896383285522461,12.896383285522461,12.896383285522461,12.896383285522461,200,0.0,0.0
2006-07-21 00:00:00-04:00,12.896383285522461,12.896383285522461,12.896383285522461,12.896383285522461,0,0.0,0.0
2006-07-24 00:00:00-04:00,12.896383285522461,12.896383285522461,12.896383285522461,12.896383285522461,0,0.0,0.0
2006-07-25 00:00:00-04:00,12.866697311401367,12.866697311401367,12.866697311401367,12.866697311401367,300,0.0,0.0
2006-07-26 00:00:00-04:00,12.866697311401367,12.866697311401367,12.866697311401367,12.866697311401367,100,0.0,0.0
2006-07-27 00:00:00-04:00,12.866697311401367,12.866697311401367,12.866697311401367,12.866697311401367,0,0.0,0.0
2006-07-28 00:00:00-04:00,12.617318643943626,12.617318643943626,12.011687077234328,12.243252754211426,5900,0.0,0.0
2006-07-31 00:00:00-04:00,12.243252754211424,12.243252754211424,12.243252754211424,12.243252754211426,300,0.0,0.0
2006-08-01 00:00:00-04:00,12.106691773728622,12.243256596729527,12.023566246032715,12.023566246032715,900,0.0,0.0
2006-08-02 00:00:00-04:00,12.172006607055664,12.201693975048284,12.172006607055664,12.172006607055664,700,0.0,0.0
2006-08-03 00:00:00-04:00,12.02950255748122,12.053252220153809,12.02950255748122,12.053252220153809,500,0.0,0.0
2006-08-04 00:00:00-04:00,12.112624168395996,12.112624168395996,12.112624168395996,12.112624168395996,200,0.0,0.0
2006-08-07 00:00:00-04:00,12.112624168395996,12.112624168395996,12.112624168395996,12.112624168395996,0,0.0,0.0
2006-08-08 00:00:00-04:00,12.172006607055664,12.172006607055664,12.172006607055664,12.172006607055664,200,0.0,0.0
2006-08-09 00:00:00-04:00,12.23137664794922,12.23137664794922,12.23137664794922,12.231376647949219,1200,0.0,0.0
2006-08-10 00:00:00-04:00,12.290758344027136,12.290758344027136,12.172006607055664,12.172006607055664,600,0.0,0.0
2006-08-11 00:00:00-04:00,12.201692605433475,12.344195126803827,12.201692605433475,12.255130767822266,800,0.0,0.0
2006-08-14 00:00:00-04:00,12.255130767822266,12.255130767822266,12.255130767822266,12.255130767822266,0,0.0,0.0
2006-08-15 00:00:00-04:00,12.255130767822266,12.255130767822266,12.255130767822266,12.255130767822266,0,0.0,0.0
2006-08-16 00:00:00-04:00,12.54013113700481,12.795445345489005,12.54013113700481,12.73607063293457,1000,0.0,0.0
2006-08-17 00:00:00-04:00,12.73607063293457,12.747944895945428,12.73607063293457,12.73607063293457,2500,0.0,0.0
2006-08-18 00:00:00-04:00,12.83701283356299,13.080452847378213,12.641073282626339,12.64700984954834,5400,0.0,0.0
2006-08-21 00:00:00-04:00,12.350128962274914,12.350128962274914,12.183877944946289,12.183877944946289,4300,0.0,0.0
2006-08-22 00:00:00-04:00,12.6173168869989,12.6173168869989,12.350126194038978,12.409502029418945,2900,0.0,0.0
2006-08-23 00:00:00-04:00,12.670758212763673,12.688571307608285,12.61732006072998,12.61732006072998,1600,0.0,0.0
2006-08-24 00:00:00-04:00,12.61732006072998,12.61732006072998,12.61732006072998,12.61732006072998,0,0.0,0.0
2006-08-25 00:00:00-04:00,12.468881789313162,12.468881789313162,12.35013008117676,12.350130081176758,800,0.0,0.0
2006-08-28 00:00:00-04:00,12.35013008117676,12.35013008117676,12.35013008117676,12.350130081176758,600,0.0,0.0
2006-08-29 00:00:00-04:00,12.35606861114502,12.367944009257675,12.35606861114502,12.35606861114502,1200,0.0,0.0
2006-08-30 00:00:00-04:00,12.43919804316332,12.46888541257399,12.189820289611818,12.189820289611816,2200,0.0,0.0
2006-08-31 00:00:00-04:00,12.177944307154286,12.177944307154286,12.172006607055664,12.172006607055664,400,0.0,0.0
2006-09-01 00:00:00-04:00,12.047314406230228,12.177940368652342,12.047314406230228,12.177940368652344,500,0.0,0.0
2006-09-05 00:00:00-04:00,12.219500754223782,12.320439338684082,12.219500754223782,12.320439338684082,500,0.0,0.0
2006-09-06 00:00:00-04:00,12.22386085924227,12.676596446621613,12.22386085924227,12.260079383850098,1900,0.34,0.0
2006-09-07 00:00:00-04:00,12.676596244594265,12.736961218889366,12.676596244594265,12.730924606323242,10300,0.0,0.0
2006-09-08 00:00:00-04:00,12.736959457397461,12.736959457397461,12.736959457397461,12.736959457397461,2800,0.0,0.0
2006-09-11 00:00:00-04:00,12.380806922912598,12.380806922912598,12.380806922912598,12.380806922912598,300,0.0,0.0
2006-09-12 00:00:00-04:00,12.380806922912598,12.380806922912598,12.380806922912598,12.380806922912598,0,0.0,0.0
2006-09-13 00:00:00-04:00,12.121238583451568,12.145385029791491,12.085020065307617,12.085020065307617,600,0.0,0.0
2006-09-14 00:00:00-04:00,12.072948879665798,12.223860740661621,12.018620517598013,12.223860740661621,500,0.0,0.0
2006-09-15 00:00:00-04:00,12.362697595792257,12.362697595792257,12.229895591735838,12.22989559173584,300,0.0,0.0
2006-09-18 00:00:00-04:00,12.374770819260831,12.374770819260831,12.229895591735838,12.22989559173584,700,0.0,0.0
2006-09-19 00:00:00-04:00,12.229895591735838,12.229895591735838,12.229895591735838,12.22989559173584,0,0.0,0.0
2006-09-20 00:00:00-04:00,12.072949409484863,12.072949409484863,12.072949409484863,12.072949409484863,100,0.0,0.0
2006-09-21 00:00:00-04:00,12.072949409484863,12.072949409484863,12.072949409484863,12.072949409484863,400,0.0,0.0
2006-09-22 00:00:00-04:00,12.072949409484863,12.072949409484863,12.072949409484863,12.072949409484863,0,0.0,0.0
2006-09-25 00:00:00-04:00,12.072948274158296,12.676595687866213,12.072948274158296,12.676595687866211,2100,0.0,0.0
2006-09-26 00:00:00-04:00,12.525682427357983,12.555864334106445,12.525682427357983,12.555864334106445,600,0.0,0.0
2006-09-27 00:00:00-04:00,12.555864480835872,12.561901092529297,12.555864480835872,12.561901092529297,500,0.0,0.0
2006-09-28 00:00:00-04:00,12.561901092529297,12.561901092529297,12.561901092529297,12.561901092529297,0,0.0,0.0
2006-09-29 00:00:00-04:00,12.109164237976074,12.109164237976074,12.109164237976074,12.109164237976074,200,0.0,0.0
2006-10-02 00:00:00-04:00,12.109164237976074,12.109164237976074,12.109164237976074,12.109164237976074,0,0.0,0.0
2006-10-03 00:00:00-04:00,12.978418350219725,12.978418350219725,12.978418350219725,12.978418350219727,300,0.0,0.0
2006-10-04 00:00:00-04:00,12.573971714451243,12.573971714451243,12.44116973876953,12.441169738769531,200,0.0,0.0
2006-10-05 00:00:00-04:00,12.676594587546077,12.676594587546077,12.670557975769043,12.670557975769043,200,0.0,0.0
2006-10-06 00:00:00-04:00,12.44117457694595,12.44117457694595,12.302334785461426,12.302334785461426,1200,0.0,0.0
2006-10-09 00:00:00-04:00,12.302334785461426,12.302334785461426,12.302334785461426,12.302334785461426,0,0.0,0.0
2006-10-10 00:00:00-04:00,12.302334785461426,12.302334785461426,12.302334785461426,12.302334785461426,0,0.0,0.0
2006-10-11 00:00:00-04:00,12.115204548199472,12.115204548199472,12.06691279661618,12.072949409484863,3300,0.0,0.0
2006-10-12 00:00:00-04:00,12.072949810960768,12.072949810960768,12.018621444702148,12.018621444702148,1500,0.0,0.0
2006-10-13 00:00:00-04:00,13.769197184295038,13.769197184295038,12.676595687866213,12.676595687866211,2300,0.0,0.0
2006-10-16 00:00:00-04:00,12.676595687866213,12.676595687866213,12.676595687866213,12.676595687866211,0,0.0,0.0
2006-10-17 00:00:00-04:00,12.13330944946939,12.501533473690445,12.13330944946939,12.368731498718262,2500,0.0,0.0
2006-10-18 00:00:00-04:00,12.676592472801932,12.863722801208496,12.453242479775433,12.863722801208496,2200,0.0,0.0
2006-10-19 00:00:00-04:00,12.918055004425304,13.280243699222785,12.742997845282295,12.833544731140137,1700,0.0,0.0
2006-10-20 00:00:00-04:00,12.736959521250611,12.736959521250611,12.435135841369629,12.435135841369629,200,0.0,0.0
2006-10-23 00:00:00-04:00,12.435135841369629,12.435135841369629,12.435135841369629,12.435135841369629,0,0.0,0.0
2006-10-24 00:00:00-04:00,12.404953956604004,12.404953956604004,12.404953956604004,12.404953956604004,200,0.0,0.0
2006-10-25 00:00:00-04:00,12.13934967990274,12.68263211399149,12.13934967990274,12.46531867980957,1900,0.0,0.0
2006-10-26 00:00:00-04:00,12.465318679809569,12.465318679809569,12.465318679809569,12.46531867980957,0,0.0,0.0
2006-10-27 00:00:00-04:00,12.465318679809569,12.465318679809569,12.465318679809569,12.46531867980957,0,0.0,0.0
2006-10-30 00:00:00-05:00,12.139351403358242,12.139351403358242,12.018621444702148,12.018621444702148,2200,0.0,0.0
2006-10-31 00:00:00-05:00,12.024655224871896,12.223858803767545,12.024655224871896,12.121238708496094,1700,0.0,0.0
2006-11-01 00:00:00-05:00,12.223857544728801,12.223857544728801,12.109164237976074,12.109164237976074,300,0.0,0.0
2006-11-02 00:00:00-05:00,12.109164237976074,12.109164237976074,12.109164237976074,12.109164237976074,0,0.0,0.0
2006-11-03 00:00:00-05:00,12.223858173812056,12.241968007820534,12.223858173812056,12.235931396484375,900,0.0,0.0
2006-11-06 00:00:00-05:00,12.235931396484375,12.235931396484375,12.235931396484375,12.235931396484375,300,0.0,0.0
2006-11-07 00:00:00-05:00,12.235931396484375,12.235931396484375,12.235931396484375,12.235931396484375,0,0.0,0.0
2006-11-08 00:00:00-05:00,12.755068318521891,13.068965224715505,12.573974569530332,12.978418350219727,2200,0.0,0.0
2006-11-09 00:00:00-05:00,12.368731498718262,12.368731498718262,12.368731498718262,12.368731498718262,200,0.0,0.0
2006-11-10 00:00:00-05:00,12.368731498718262,12.368731498718262,12.368731498718262,12.368731498718262,0,0.0,0.0
2006-11-13 00:00:00-05:00,12.368731498718262,12.368731498718262,12.368731498718262,12.368731498718262,0,0.0,0.0
2006-11-14 00:00:00-05:00,12.374770875120241,12.435135841369629,12.374770875120241,12.435135841369629,400,0.0,0.0
2006-11-15 00:00:00-05:00,12.374772071838377,12.519647314027678,12.374772071838377,12.374772071838379,2800,0.0,0.0
2006-11-16 00:00:00-05:00,12.38684368133545,12.38684368133545,12.38684368133545,12.38684368133545,200,0.0,0.0
2006-11-17 00:00:00-05:00,12.386841989214501,12.386841989214501,12.139346705968814,12.356658935546875,3000,0.0,0.0
2006-11-20 00:00:00-05:00,12.386841396134804,12.471351639626283,12.374768175245816,12.441169738769531,1700,0.0,0.0
2006-11-21 00:00:00-05:00,12.278186954603251,12.42306217764871,12.133311731557795,12.417025566101074,2400,0.0,0.0
2006-11-22 00:00:00-05:00,12.417025566101074,12.417025566101074,12.417025566101074,12.417025566101074,0,0.0,0.0
2006-11-24 00:00:00-05:00,12.272151964700196,12.374772071838377,12.272151964700196,12.374772071838379,2100,0.0,0.0
2006-11-27 00:00:00-05:00,12.374772071838377,12.374772071838377,12.374772071838377,12.374772071838379,1100,0.0,0.0
2006-11-28 00:00:00-05:00,12.2600793838501,12.2600793838501,12.2600793838501,12.260079383850098,300,0.0,0.0
2006-11-29 00:00:00-05:00,12.525678634643555,12.525678634643555,12.525678634643555,12.525678634643555,200,0.0,0.0
2006-11-30 00:00:00-05:00,12.374772071838377,12.374772071838377,12.374772071838377,12.374772071838379,200,0.0,0.0
2006-12-01 00:00:00-05:00,12.374772071838377,12.374772071838377,12.374772071838377,12.374772071838379,300,0.0,0.0
2006-12-04 00:00:00-05:00,12.374772071838377,12.374772071838377,12.374772071838377,12.374772071838379,400,0.0,0.0
2006-12-05 00:00:00-05:00,12.374772071838377,12.374772071838377,12.374772071838377,12.374772071838379,0,0.0,0.0
2006-12-06 00:00:00-05:00,12.374772071838377,12.374772071838377,12.374772071838377,12.374772071838379,0,0.0,0.0
2006-12-07 00:00:00-05:00,12.374772071838377,12.374772071838377,12.374772071838377,12.374772071838379,0,0.0,0.0
2006-12-08 00:00:00-05:00,12.374770436633556,12.417025566101074,12.356660601990653,12.417025566101074,2300,0.0,0.0
2006-12-11 00:00:00-05:00,12.543792105869553,12.543792105869553,12.417025566101074,12.417025566101074,900,0.0,0.0
2006-12-12 00:00:00-05:00,12.417025566101074,12.43513540074398,12.417025566101074,12.417025566101074,1200,0.0,0.0
2006-12-13 00:00:00-05:00,12.435137992351896,12.435137992351896,12.2721529006958,12.2721529006958,2200,0.0,0.0
2006-12-14 00:00:00-05:00,12.2721529006958,12.2721529006958,12.2721529006958,12.2721529006958,0,0.0,0.0
2006-12-15 00:00:00-05:00,12.223860740661621,12.223860740661621,12.223860740661621,12.223860740661621,700,0.0,0.0
2006-12-18 00:00:00-05:00,12.19367736244693,12.19367736244693,11.897889137268065,11.897889137268066,2000,0.0,0.0
2006-12-19 00:00:00-05:00,11.62021447102302,11.928074836730955,11.62021447102302,11.928074836730957,500,0.0,0.0
2006-12-20 00:00:00-05:00,11.928074836730955,11.928074836730955,11.928074836730955,11.928074836730957,0,0.0,0.0
2006-12-21 00:00:00-05:00,12.072947195239259,12.435135841369629,11.922035355298767,12.435135841369629,3500,0.0,0.0
2006-12-22 00:00:00-05:00,12.314408018861805,12.314408018861805,12.066912651062012,12.066912651062012,700,0.0,0.0
2006-12-26 00:00:00-05:00,12.066912651062012,12.066912651062012,12.066912651062012,12.066912651062012,0,0.0,0.0
2006-12-27 00:00:00-05:00,12.066912651062012,12.066912651062012,12.066912651062012,12.066912651062012,0,0.0,0.0
2006-12-28 00:00:00-05:00,12.042764164991295,12.042764164991295,11.922034243748762,11.952216148376465,3700,0.0,0.0
2006-12-29 00:00:00-05:00,12.314406856206988,12.314406856206988,11.650394479113768,11.855634689331055,3800,0.0,0.0
2007-01-03 00:00:00-05:00,12.072949810960768,12.072949810960768,11.63832403225802,12.018621444702148,5700,0.0,0.0
2007-01-04 00:00:00-05:00,11.976364258069319,12.072947747943585,11.976364258069319,12.012582778930664,8400,0.0,0.0
2007-01-05 00:00:00-05:00,12.012582778930664,12.012582778930664,12.012582778930664,12.012582778930664,0,0.0,0.0
2007-01-08 00:00:00-05:00,12.01258427964063,12.302334785461426,11.982402367046607,12.302334785461426,2300,0.0,0.0
2007-01-09 00:00:00-05:00,12.012584164273104,12.26611614227295,12.012584164273104,12.26611614227295,2200,0.0,0.0
2007-01-10 00:00:00-05:00,12.26611614227295,12.26611614227295,12.26611614227295,12.26611614227295,0,0.0,0.0
2007-01-11 00:00:00-05:00,11.843563079833986,11.843563079833986,11.843563079833986,11.843563079833984,100,0.0,0.0
2007-01-12 00:00:00-05:00,12.07294557615915,12.10312747955322,12.07294557615915,12.103127479553223,1300,0.0,0.0
2007-01-16 00:00:00-05:00,12.217823028564453,12.217823028564453,12.217823028564453,12.217823028564453,200,0.0,0.0
2007-01-17 00:00:00-05:00,12.072949409484863,12.072949409484863,12.072949409484863,12.072949409484863,100,0.0,0.0
2007-01-18 00:00:00-05:00,12.072949409484863,12.103131322462104,12.072949409484863,12.072949409484863,1100,0.0,0.0
2007-01-19 00:00:00-05:00,12.10312747955322,12.10312747955322,12.10312747955322,12.103127479553223,700,0.0,0.0
2007-01-22 00:00:00-05:00,12.223860740661621,12.223860740661621,12.223860740661621,12.223860740661621,1000,0.0,0.0
2007-01-23 00:00:00-05:00,12.121239393110518,12.121239393110518,12.078984260559082,12.078984260559082,600,0.0,0.0
2007-01-24 00:00:00-05:00,12.072946917935406,12.62830252221507,12.072946917935406,12.555864334106445,3900,0.0,0.0
2007-01-25 00:00:00-05:00,12.604157593887805,12.610194206237793,12.604157593887805,12.610194206237793,700,0.0,0.0
2007-01-26 00:00:00-05:00,12.12727159909667,12.525678634643555,12.12727159909667,12.525678634643555,1400,0.0,0.0
2007-01-29 00:00:00-05:00,12.610194103921199,12.676595687866213,12.604157491620192,12.676595687866211,3900,0.0,0.0
2007-01-30 00:00:00-05:00,12.23593142444675,12.501535415649414,12.23593142444675,12.501535415649414,400,0.0,0.0
2007-01-31 00:00:00-05:00,12.501535415649414,12.501535415649414,12.501535415649414,12.501535415649414,0,0.0,0.0
2007-02-01 00:00:00-05:00,12.103125868753159,12.477387638404704,12.103125868753159,12.115199089050293,500,0.0,0.0
2007-02-02 00:00:00-05:00,12.115199089050293,12.115199089050293,12.115199089050293,12.115199089050293,0,0.0,0.0
2007-02-05 00:00:00-05:00,12.676592636131742,12.676592636131742,12.567935943603516,12.567935943603516,1300,0.0,0.0
2007-02-06 00:00:00-05:00,12.567935943603516,12.567935943603516,12.567935943603516,12.567935943603516,0,0.0,0.0
2007-02-07 00:00:00-05:00,12.555864334106445,12.555864334106445,12.555864334106445,12.555864334106445,300,0.0,0.0
2007-02-08 00:00:00-05:00,12.163490106501225,12.525678634643555,12.163490106501225,12.525678634643555,2600,0.0,0.0
2007-02-09 00:00:00-05:00,12.374771410149577,12.519646644592285,12.368734798127047,12.519646644592285,900,0.0,0.0
2007-02-12 00:00:00-05:00,12.525678634643555,12.525678634643555,12.525678634643555,12.525678634643555,100,0.0,0.0
2007-02-13 00:00:00-05:00,12.22385994814413,12.465318679809569,12.22385994814413,12.46531867980957,300,0.0,0.0
2007-02-14 00:00:00-05:00,12.374766843864718,12.525678634643555,12.326475116870112,12.525678634643555,900,0.0,0.0
2007-02-15 00:00:00-05:00,12.435137043925439,12.435137043925439,12.223860217303763,12.374772071838379,2200,0.0,0.0
2007-02-16 00:00:00-05:00,12.374766843864718,12.525678634643555,12.374766843864718,12.525678634643555,12800,0.0,0.0
2007-02-20 00:00:00-05:00,12.586045776146817,12.586045776146817,12.567935943603516,12.567935943603516,900,0.0,0.0
2007-02-21 00:00:00-05:00,12.525682427357983,12.646412357083713,12.525682427357983,12.555864334106445,600,0.0,0.0
2007-02-22 00:00:00-05:00,12.555864334106445,12.555864334106445,12.555864334106445,12.555864334106445,5500,0.0,0.0
2007-02-23 00:00:00-05:00,12.616226196289062,12.616226196289062,12.616226196289062,12.616226196289062,300,0.0,0.0
2007-02-26 00:00:00-05:00,12.616226196289062,12.616226196289062,12.616226196289062,12.616226196289062,0,0.0,0.0
2007-02-27 00:00:00-05:00,12.260077195808327,12.260077195808327,12.085020065307617,12.085020065307617,200,0.0,0.0
2007-02-28 00:00:00-05:00,12.13331237189843,12.16349427986354,12.08502062833466,12.139348983764648,9800,0.0,0.0
2007-03-01 00:00:00-05:00,12.133314386805523,12.133314386805523,11.909964316128935,12.072949409484863,2600,0.0,0.0
2007-03-02 00:00:00-05:00,12.072949409484863,12.072949409484863,12.072949409484863,12.072949409484863,0,0.0,0.0
2007-03-05 00:00:00-05:00,11.861668629555767,12.133310361701222,11.861668629555767,11.964288711547852,1600,0.0,0.0
2007-03-06 00:00:00-05:00,12.19367934471541,12.205751419067383,12.19367934471541,12.205751419067383,200,0.0,0.0
2007-03-07 00:00:00-05:00,12.205751419067383,12.205751419067383,12.205751419067383,12.205751419067383,0,0.0,0.0
2007-03-08 00:00:00-05:00,12.01541871598165,12.279426574707031,12.01541871598165,12.279426574707031,400,0.34,0.0
2007-03-09 00:00:00-05:00,12.297846136149746,12.297846136149746,12.113654034894717,12.279426574707031,20400,0.0,0.0
2007-03-12 00:00:00-04:00,12.28556642852127,12.28556642852127,12.279426574707031,12.279426574707031,5800,0.0,0.0
2007-03-13 00:00:00-04:00,12.279426574707031,12.279426574707031,12.279426574707031,12.279426574707031,0,0.0,0.0
2007-03-14 00:00:00-04:00,12.230310440063477,12.230310440063477,12.230310440063477,12.230310440063477,600,0.0,0.0
2007-03-15 00:00:00-04:00,12.181190392592534,12.18733024597168,12.181190392592534,12.18733024597168,1200,0.0,0.0
2007-03-16 00:00:00-04:00,12.02769575257986,12.580269591518297,12.02769575257986,12.506593704223633,400,0.0,0.0
2007-03-19 00:00:00-04:00,12.328545570373535,12.328545570373535,12.328545570373535,12.328545570373535,100,0.0,0.0
2007-03-20 00:00:00-04:00,11.990861046697837,12.156632423400879,11.990861046697837,12.156632423400879,800,0.0,0.0
2007-03-21 00:00:00-04:00,11.978579727859682,12.279425512386272,11.690013649899223,12.125932693481445,600,0.0,0.0
2007-03-22 00:00:00-04:00,12.463618278503416,12.463618278503416,12.463618278503416,12.463618278503418,500,0.0,0.0
2007-03-23 00:00:00-04:00,12.285565283145274,12.285565283145274,12.21802806854248,12.21802806854248,700,0.0,0.0
2007-03-26 00:00:00-04:00,12.279427053195297,12.42678003730675,11.665455700535533,11.990860939025879,4300,0.0,0.0
2007-03-27 00:00:00-04:00,12.021559715270996,12.02769956967027,12.021559715270996,12.021559715270996,1100,0.0,0.0
2007-03-28 00:00:00-04:00,12.334683228591,12.334683228591,12.021557732225286,12.273285865783691,600,0.0,0.0
2007-03-29 00:00:00-04:00,12.279425997260088,12.279425997260088,12.009278297424316,12.009278297424316,1300,0.0,0.0
2007-03-30 00:00:00-04:00,12.095235644509374,12.279426574707031,11.972440910339355,12.279426574707031,700,0.0,0.0
2007-04-02 00:00:00-04:00,12.396080703660473,12.586411476135256,12.396080703660473,12.586411476135254,1300,0.0,0.0
2007-04-03 00:00:00-04:00,12.586410183726873,12.586410183726873,12.07681411093534,12.21188735961914,2400,0.0,0.0
2007-04-04 00:00:00-04:00,12.580274161975689,12.580274161975689,12.132075309753418,12.132075309753418,300,0.0,0.0
2007-04-05 00:00:00-04:00,12.132075309753418,12.132075309753418,12.132075309753418,12.132075309753418,0,0.0,0.0
2007-04-09 00:00:00-04:00,12.567989581112064,12.567989581112064,12.371518991692648,12.37765884399414,400,0.0,0.0
2007-04-10 00:00:00-04:00,12.279423147415887,12.279423147415887,12.254863739013672,12.254863739013672,1000,0.0,0.0
2007-04-11 00:00:00-04:00,12.193470001220703,12.57413153920602,12.187330147890968,12.193470001220703,1700,0.0,0.0
2007-04-12 00:00:00-04:00,12.193470001220703,12.193470001220703,12.193470001220703,12.193470001220703,0,0.0,0.0
2007-04-13 00:00:00-04:00,12.267146110534668,12.267146110534668,12.267146110534668,12.267146110534668,200,0.0,0.0
2007-04-16 00:00:00-04:00,12.273287194888928,12.279427048940288,12.236449241638184,12.236449241638184,1400,0.0,0.0
2007-04-17 00:00:00-04:00,11.972442403002656,12.432920956964297,11.972442403002656,12.230310440063477,1800,0.0,0.0
2007-04-18 00:00:00-04:00,12.426778672471961,12.426778672471961,12.18733024597168,12.18733024597168,300,0.0,0.0
2007-04-19 00:00:00-04:00,12.125932497611712,12.297844873588845,12.052255430462298,12.138212203979492,2300,0.0,0.0
2007-04-20 00:00:00-04:00,12.138212203979492,12.138212203979492,12.138212203979492,12.138212203979492,0,0.0,0.0
2007-04-23 00:00:00-04:00,12.273288660758022,12.273288660758022,12.03384017944336,12.03384017944336,3500,0.0,0.0
2007-04-24 00:00:00-04:00,12.37152399003433,12.37152399003433,11.984722507221498,12.119795799255371,500,0.0,0.0
2007-04-25 00:00:00-04:00,12.316263262083258,12.316263262083258,12.138212203979492,12.138212203979492,1200,0.0,0.0
2007-04-26 00:00:00-04:00,12.095232561451363,12.095232561451363,11.972437858581543,11.972437858581543,1700,0.0,0.0
2007-04-27 00:00:00-04:00,11.972437858581543,11.972437858581543,11.972437858581543,11.972437858581543,0,0.0,0.0
2007-04-30 00:00:00-04:00,11.972437858581543,11.972437858581543,11.972437858581543,11.972437858581543,300,0.0,0.0
2007-05-01 00:00:00-04:00,12.21188624101491,12.279423444699018,11.972437858581543,11.972437858581543,1700,0.0,0.0
2007-05-02 00:00:00-04:00,12.125934959222235,12.334685325622559,12.03997933931298,12.334685325622559,400,0.0,0.0
2007-05-03 00:00:00-04:00,12.279425910292098,12.371521370407825,12.101373672485352,12.101373672485352,20700,0.0,0.0
2007-05-04 00:00:00-04:00,11.947883890450955,12.303988456726074,11.947883890450955,12.303988456726074,1300,0.0,0.0
2007-05-07 00:00:00-04:00,12.138210197473882,12.408356666564941,12.033835052715999,12.408356666564941,8500,0.0,0.0
2007-05-08 00:00:00-04:00,12.420638624724969,12.432918331291102,12.125932693481444,12.125932693481445,1100,0.0,0.0
2007-05-09 00:00:00-04:00,12.03384017944336,12.058398427524514,12.03384017944336,12.03384017944336,1100,0.0,0.0
2007-05-10 00:00:00-04:00,12.38993825758393,12.396078109741211,12.291702965181559,12.396078109741211,400,0.0,0.0
2007-05-11 00:00:00-04:00,12.303984925518536,12.303984925518536,11.88648427072824,12.125932693481445,2200,0.0,0.0
2007-05-14 00:00:00-04:00,12.230310440063477,12.230310440063477,12.230310440063477,12.230310440063477,100,0.0,0.0
2007-05-15 00:00:00-04:00,12.279425719170153,12.279425719170153,12.273285865783691,12.273285865783691,800,0.0,0.0
2007-05-16 00:00:00-04:00,11.8128080368042,11.8128080368042,11.8128080368042,11.8128080368042,200,0.0,0.0
2007-05-17 00:00:00-04:00,11.837366615520985,12.125932693481444,11.818947055671787,12.125932693481445,800,0.0,0.0
2007-05-18 00:00:00-04:00,12.125932693481444,12.125932693481444,12.125932693481444,12.125932693481445,0,0.0,0.0
2007-05-21 00:00:00-04:00,11.837364622270401,12.00313594877046,11.818945065522804,11.972437858581543,1500,0.0,0.0
2007-05-22 00:00:00-04:00,12.113654136657715,12.113654136657715,12.113654136657715,12.113654136657715,100,0.0,0.0
2007-05-23 00:00:00-04:00,11.843507766392722,12.12593402201307,11.665455514848016,12.089096069335938,8800,0.0,0.0
2007-05-24 00:00:00-04:00,12.125932693481444,12.125932693481444,12.125932693481444,12.125932693481445,200,0.0,0.0
2007-05-25 00:00:00-04:00,12.095234512099093,12.291705131530762,12.095234512099093,12.291705131530762,800,0.0,0.0
2007-05-29 00:00:00-04:00,12.279426574707031,12.279426574707031,12.279426574707031,12.279426574707031,1000,0.0,0.0
2007-05-30 00:00:00-04:00,12.279426574707031,12.279426574707031,12.279426574707031,12.279426574707031,0,0.0,0.0
2007-05-31 00:00:00-04:00,12.279426574707031,12.279426574707031,12.279426574707031,12.279426574707031,0,0.0,0.0
2007-06-01 00:00:00-04:00,11.782107218591793,11.96629810333252,11.782107218591793,11.96629810333252,200,0.0,0.0
2007-06-04 00:00:00-04:00,11.757552564513444,12.119795799255371,11.751412709731328,12.119795799255371,1100,0.0,0.0
2007-06-05 00:00:00-04:00,12.119795799255371,12.119795799255371,12.119795799255371,12.119795799255371,0,0.0,0.0
2007-06-06 00:00:00-04:00,12.119795799255371,12.119795799255371,12.119795799255371,12.119795799255371,0,0.0,0.0
2007-06-07 00:00:00-04:00,11.788251838424024,12.144355218383836,11.745272854949214,12.119795799255371,3100,0.0,0.0
2007-06-08 00:00:00-04:00,11.812805213273606,11.972437858581543,11.812805213273606,11.972437858581543,1400,0.0,0.0
2007-06-11 00:00:00-04:00,11.972437858581543,11.972437858581543,11.972437858581543,11.972437858581543,0,0.0,0.0
2007-06-12 00:00:00-04:00,11.972437858581543,11.972437858581543,11.972437858581543,11.972437858581543,400,0.0,0.0
2007-06-13 00:00:00-04:00,12.156632423400879,12.156632423400879,12.156632423400879,12.156632423400879,300,0.0,0.0
2007-06-14 00:00:00-04:00,11.837366104125975,11.837366104125975,11.837366104125975,11.837366104125977,200,0.0,0.0
2007-06-15 00:00:00-04:00,12.205746140995185,12.279423195432885,11.751407623291016,11.751407623291016,4100,0.0,0.0
2007-06-18 00:00:00-04:00,12.426778758272697,12.426778758272697,12.095234870910646,12.095234870910645,200,0.0,0.0
2007-06-19 00:00:00-04:00,12.187330055254831,12.187330055254831,12.125932693481444,12.125932693481445,400,0.0,0.0
2007-06-20 00:00:00-04:00,11.837364622270401,11.972437858581543,11.837364622270401,11.972437858581543,1000,0.0,0.0
2007-06-21 00:00:00-04:00,12.003138542175293,12.003138542175293,12.003138542175293,12.003138542175293,300,0.0,0.0
2007-06-22 00:00:00-04:00,12.003138542175293,12.003138542175293,12.003138542175293,12.003138542175293,0,0.0,0.0
2007-06-25 00:00:00-04:00,12.003138542175293,12.003138542175293,12.003138542175293,12.003138542175293,0,0.0,0.0
2007-06-26 00:00:00-04:00,12.003138542175293,12.003138542175293,12.003138542175293,12.003138542175293,0,0.0,0.0
2007-06-27 00:00:00-04:00,11.739132223032655,11.739132223032655,11.720712661743164,11.720712661743164,800,0.0,0.0
2007-06-28 00:00:00-04:00,11.972437858581543,11.972437858581543,11.966298006332345,11.972437858581543,700,0.0,0.0
2007-06-29 00:00:00-04:00,11.972440631709997,12.064536094665527,11.947881217024603,12.064536094665527,7500,0.0,0.0
2007-07-02 00:00:00-04:00,11.972437858581543,11.972437858581543,11.972437858581543,11.972437858581543,200,0.0,0.0
2007-07-03 00:00:00-04:00,12.254865654093152,12.254865654093152,11.671593666076658,11.67159366607666,300,0.0,0.0
2007-07-05 00:00:00-04:00,11.671593666076658,11.671593666076658,11.671593666076658,11.67159366607666,0,0.0,0.0
2007-07-06 00:00:00-04:00,11.671593875466247,11.818946838378906,11.671593875466247,11.818946838378906,1900,0.0,0.0
2007-07-09 00:00:00-04:00,11.818946838378906,11.818946838378906,11.818946838378906,11.818946838378906,0,0.0,0.0
2007-07-10 00:00:00-04:00,11.818946838378906,11.818946838378906,11.818946838378906,11.818946838378906,0,0.0,0.0
2007-07-11 00:00:00-04:00,11.972437858581543,11.972437858581543,11.904900654897434,11.972437858581543,2800,0.0,0.0
2007-07-12 00:00:00-04:00,12.064536375438182,12.279426574707031,12.064536375438182,12.279426574707031,3000,0.0,0.0
2007-07-13 00:00:00-04:00,11.800530433654785,11.800530433654785,11.665457140971627,11.800530433654785,1600,0.0,0.0
2007-07-16 00:00:00-04:00,11.677736282348633,11.677736282348633,11.677736282348633,11.677736282348633,100,0.0,0.0
2007-07-17 00:00:00-04:00,11.677736282348633,11.677736282348633,11.677736282348633,11.677736282348633,0,0.0,0.0
2007-07-18 00:00:00-04:00,12.027699090708603,12.027699090708603,11.978581428527832,11.978581428527832,600,0.0,0.0
2007-07-19 00:00:00-04:00,11.818946838378906,11.818946838378906,11.818946838378906,11.818946838378906,600,0.0,0.0
2007-07-20 00:00:00-04:00,11.818946838378906,11.818946838378906,11.818946838378906,11.818946838378906,0,0.0,0.0
2007-07-23 00:00:00-04:00,11.702293765212225,11.911044120788574,11.696153911100282,11.911044120788574,600,0.0,0.0
2007-07-24 00:00:00-04:00,11.911044120788574,11.911044120788574,11.911044120788574,11.911044120788574,0,0.0,0.0
2007-07-25 00:00:00-04:00,11.911044120788574,11.911044120788574,11.911044120788574,11.911044120788574,0,0.0,0.0
2007-07-26 00:00:00-04:00,11.677734199707633,11.702292442321777,11.677734199707633,11.702292442321777,400,0.0,0.0
2007-07-27 00:00:00-04:00,11.702292366958437,11.954020500183105,11.677734124502447,11.954020500183105,300,0.0,0.0
2007-07-30 00:00:00-04:00,11.94174376928011,11.94174376928011,11.87420654296875,11.87420654296875,1100,0.0,0.0
2007-07-31 00:00:00-04:00,11.818946838378906,11.818946838378906,11.818946838378906,11.818946838378906,100,0.0,0.0
2007-08-01 00:00:00-04:00,11.696152117089731,11.818946838378906,11.696152117089731,11.818946838378906,700,0.0,0.0
2007-08-02 00:00:00-04:00,11.788250370238979,11.97244130653189,11.788250370238979,11.84964656829834,2700,0.0,0.0
2007-08-03 00:00:00-04:00,11.84964656829834,11.84964656829834,11.84964656829834,11.84964656829834,0,0.0,0.0
2007-08-06 00:00:00-04:00,11.696155530138082,11.696155530138082,11.683876991271973,11.683876991271973,300,0.0,0.0
2007-08-07 00:00:00-04:00,11.677731739910367,11.751407623291016,11.677731739910367,11.751407623291016,1100,0.0,0.0
2007-08-08 00:00:00-04:00,11.818946838378906,11.818946838378906,11.818946838378906,11.818946838378906,400,0.0,0.0
2007-08-09 00:00:00-04:00,11.818946838378906,11.818946838378906,11.818946838378906,11.818946838378906,0,0.0,0.0
2007-08-10 00:00:00-04:00,11.702295885765501,11.702295885765501,11.64703835980232,11.653178215026855,3100,0.0,0.0
2007-08-13 00:00:00-04:00,11.653175452523906,11.788249893327652,11.647035598754883,11.647035598754883,10800,0.0,0.0
2007-08-14 00:00:00-04:00,12.027698821631244,12.027698821631244,11.66545563200543,11.84964656829834,3700,0.0,0.0
2007-08-15 00:00:00-04:00,11.81281009142517,12.03384017944336,11.81281009142517,12.03384017944336,1100,0.0,0.0
2007-08-16 00:00:00-04:00,12.03384017944336,12.03384017944336,12.03384017944336,12.03384017944336,0,0.0,0.0
2007-08-17 00:00:00-04:00,11.585638046264648,11.585638046264648,11.585638046264648,11.585638046264648,200,0.0,0.0
2007-08-20 00:00:00-04:00,11.585638046264648,11.585638046264648,11.585638046264648,11.585638046264648,0,0.0,0.0
2007-08-21 00:00:00-04:00,11.610197353038146,11.665454864501953,11.591777792197766,11.665454864501953,500,0.0,0.0
2007-08-22 00:00:00-04:00,11.591779511724289,11.665456594957746,11.51810359954834,11.51810359954834,1300,0.0,0.0
2007-08-23 00:00:00-04:00,11.818945065522804,12.267143740200622,11.818945065522804,11.972437858581543,5200,0.0,0.0
2007-08-24 00:00:00-04:00,11.6900131470248,11.763689041137695,11.665453734949018,11.763689041137695,300,0.0,0.0
2007-08-27 00:00:00-04:00,11.763689041137695,11.763689041137695,11.763689041137695,11.763689041137695,0,0.0,0.0
2007-08-28 00:00:00-04:00,11.763689041137695,11.763689041137695,11.763689041137695,11.763689041137695,0,0.0,0.0
2007-08-29 00:00:00-04:00,11.763687893121908,11.818945393842625,11.763687893121908,11.775967597961426,26200,0.0,0.0
2007-08-30 00:00:00-04:00,11.788250264435982,12.279426870846898,11.788250264435982,12.261007308959961,2600,0.0,0.0
2007-08-31 00:00:00-04:00,11.996998321532141,12.279424523464375,11.996998321532141,12.039976119995117,2000,0.0,0.0
2007-09-04 00:00:00-04:00,12.039976119995117,12.039976119995117,12.039976119995117,12.039976119995117,0,0.0,0.0
2007-09-05 00:00:00-04:00,12.039976119995117,12.039976119995117,12.039976119995117,12.039976119995117,0,0.0,0.0
2007-09-06 00:00:00-04:00,11.788248824383283,11.825086772599626,11.72685146331787,11.726851463317871,2600,0.0,0.0
2007-09-07 00:00:00-04:00,11.620416036365153,12.052425384521484,11.620416036365153,12.052425384521484,200,0.37,0.0
2007-09-10 00:00:00-04:00,11.601633800048148,12.052425384521484,11.595372656545475,12.052425384521484,600,0.0,0.0
2007-09-11 00:00:00-04:00,11.645460152896254,12.052424911054713,11.645460152896254,11.91468334197998,8600,0.0,0.0
2007-09-12 00:00:00-04:00,11.914683341979979,11.914683341979979,11.914683341979979,11.91468334197998,0,0.0,0.0
2007-09-13 00:00:00-04:00,11.507717682273364,11.870855641060462,11.507717682273364,11.539023399353027,1200,0.0,0.0
2007-09-14 00:00:00-04:00,11.539023399353027,11.539023399353027,11.539023399353027,11.539023399353027,0,0.0,0.0
2007-09-17 00:00:00-04:00,11.539023399353027,11.539023399353027,11.539023399353027,11.539023399353027,0,0.0,0.0
2007-09-18 00:00:00-04:00,11.539023399353027,11.539023399353027,11.539023399353027,11.539023399353027,0,0.0,0.0
2007-09-19 00:00:00-04:00,11.507714840977505,11.507714840977505,11.488932609558105,11.488932609558105,700,0.0,0.0
2007-09-20 00:00:00-04:00,11.495193751428141,11.495193751428141,11.488932609558105,11.488932609558105,700,0.0,0.0
2007-09-21 00:00:00-04:00,11.48893574227112,11.48893574227112,11.482674598693848,11.482674598693848,800,0.0,0.0
2007-09-24 00:00:00-04:00,11.488933977657283,11.488933977657283,11.081969261169434,11.081969261169434,600,0.0,0.0
2007-09-25 00:00:00-04:00,11.081969261169434,11.081969261169434,11.081969261169434,11.081969261169434,0,0.0,0.0
2007-09-26 00:00:00-04:00,11.081969261169434,11.081969261169434,11.081969261169434,11.081969261169434,0,0.0,0.0
2007-09-27 00:00:00-04:00,11.488932609558105,11.488932609558105,10.562305108225699,11.488932609558105,4600,0.0,0.0
2007-09-28 00:00:00-04:00,11.520239652291169,12.046163742856265,11.520239652291169,11.64546012878418,900,0.0,0.0
2007-10-01 00:00:00-04:00,11.651717069112296,11.651717069112296,11.257273546373552,11.332406044006348,1700,0.0,0.0
2007-10-02 00:00:00-04:00,11.150839805603027,11.150839805603027,11.150839805603027,11.150839805603027,800,0.0,0.0
2007-10-03 00:00:00-04:00,11.482670699542595,11.482670699542595,11.113271713256836,11.113271713256836,1000,0.0,0.0
2007-10-04 00:00:00-04:00,11.113272456690975,11.488932609558105,11.113272456690975,11.488932609558105,1500,0.0,0.0
2007-10-05 00:00:00-04:00,11.081968785171437,11.269798278808594,11.081968785171437,11.269798278808594,1700,0.0,0.0
2007-10-08 00:00:00-04:00,11.081967371788654,11.488932018892507,10.837787628173828,10.837787628173828,1600,0.0,0.0
2007-10-09 00:00:00-04:00,10.837787628173828,10.837787628173828,10.837787628173828,10.837787628173828,0,0.0,0.0
2007-10-10 00:00:00-04:00,10.994312556021777,10.994312556021777,10.988051414489746,10.988051414489746,1200,0.0,0.0
2007-10-11 00:00:00-04:00,10.988051414489746,10.988051414489746,10.988051414489746,10.988051414489746,0,0.0,0.0
2007-10-12 00:00:00-04:00,10.988051414489746,10.988051414489746,10.988051414489746,10.988051414489746,0,0.0,0.0
2007-10-15 00:00:00-04:00,10.837788185607616,10.956747492759547,10.837788185607616,10.869093894958496,3300,0.0,0.0
2007-10-16 00:00:00-04:00,10.869093894958496,10.869093894958496,10.869093894958496,10.869093894958496,0,0.0,0.0
2007-10-17 00:00:00-04:00,10.844050657688257,10.875356370879324,10.56230640411377,10.56230640411377,6500,0.0,0.0
2007-10-18 00:00:00-04:00,10.56230640411377,10.56230640411377,10.56230640411377,10.56230640411377,0,0.0,0.0
2007-10-19 00:00:00-04:00,10.56230640411377,10.56230640411377,10.56230640411377,10.56230640411377,0,0.0,0.0
2007-10-22 00:00:00-04:00,10.56230640411377,10.56230640411377,10.56230640411377,10.56230640411377,500,0.0,0.0
2007-10-23 00:00:00-04:00,10.380736856178764,10.468390464782715,10.380736856178764,10.468390464782715,2200,0.0,0.0
2007-10-24 00:00:00-04:00,10.380738283420214,10.380738283420214,10.280562375759473,10.330650329589844,1900,0.0,0.0
2007-10-25 00:00:00-04:00,10.21169045509566,10.343172073364258,10.205429311921826,10.343172073364258,1500,0.0,0.0
2007-10-26 00:00:00-04:00,10.249257642788331,10.462130546569824,10.249257642788331,10.462130546569824,1200,0.0,0.0
2007-10-29 00:00:00-04:00,10.48091278680509,10.48091278680509,10.36821460723877,10.36821460723877,1200,0.0,0.0
2007-10-30 00:00:00-04:00,10.48717212677002,10.612392570139058,10.48717212677002,10.48717212677002,500,0.0,0.0
2007-10-31 00:00:00-04:00,10.549785063222464,10.549785063222464,10.518479347229004,10.518479347229004,500,0.0,0.0
2007-11-01 00:00:00-04:00,10.518479896385777,10.549785614013672,10.487175372948906,10.549785614013672,2800,0.0,0.0
2007-11-02 00:00:00-04:00,11.113271713256836,11.113271713256836,11.113271713256836,11.113271713256836,100,0.0,0.0
2007-11-05 00:00:00-05:00,11.113271713256836,11.113271713256836,11.113271713256836,11.113271713256836,0,0.0,0.0
2007-11-06 00:00:00-05:00,11.113276434401499,11.113276434401499,10.944229125976562,10.944229125976562,1800,0.0,0.0
2007-11-07 00:00:00-05:00,10.944229125976562,10.944229125976562,10.944229125976562,10.944229125976562,0,0.0,0.0
2007-11-08 00:00:00-05:00,10.64369860777797,10.89413833618164,10.64369860777797,10.89413833618164,1500,0.0,0.0
2007-11-09 00:00:00-05:00,10.725090994018647,10.768918991088865,10.725090994018647,10.768918991088867,500,0.0,0.0
2007-11-12 00:00:00-05:00,10.768918991088865,10.768918991088865,10.768918991088865,10.768918991088867,0,0.0,0.0
2007-11-13 00:00:00-05:00,10.643698692321777,10.643698692321777,10.643698692321777,10.643698692321777,900,0.0,0.0
2007-11-14 00:00:00-05:00,10.330650329589844,10.330650329589844,10.330650329589844,10.330650329589844,1000,0.0,0.0
2007-11-15 00:00:00-05:00,10.017599354619565,10.956749294115149,10.017599354619565,10.800224304199219,1600,0.0,0.0
2007-11-16 00:00:00-05:00,10.800224304199219,10.800224304199219,10.800224304199219,10.800224304199219,0,0.0,0.0
2007-11-19 00:00:00-05:00,10.48717212677002,10.48717212677002,10.48717212677002,10.48717212677002,200,0.0,0.0
2007-11-20 00:00:00-05:00,10.48717212677002,10.48717212677002,10.48717212677002,10.48717212677002,0,0.0,0.0
2007-11-21 00:00:00-05:00,10.48717212677002,10.48717212677002,10.48717212677002,10.48717212677002,0,0.0,0.0
2007-11-23 00:00:00-05:00,10.95674991607666,10.95674991607666,10.95674991607666,10.95674991607666,100,0.0,0.0
2007-11-26 00:00:00-05:00,10.512218457198914,10.56230640411377,10.487173886646062,10.56230640411377,1600,0.0,0.0
2007-11-27 00:00:00-05:00,10.643699526968486,10.643699526968486,10.54978476998048,10.574828147888184,2300,0.0,0.0
2007-11-28 00:00:00-05:00,10.36195333553288,10.393259048461914,10.36195333553288,10.393259048461914,1800,0.0,0.0
2007-11-29 00:00:00-05:00,10.58108901977539,10.58108901977539,10.58108901977539,10.58108901977539,300,0.0,0.0
2007-11-30 00:00:00-05:00,10.64369842183442,10.649959564208983,10.64369842183442,10.649959564208984,1100,0.0,0.0
2007-12-03 00:00:00-05:00,10.643698692321777,10.643698692321777,10.643698692321777,10.643698692321777,200,0.0,0.0
2007-12-04 00:00:00-05:00,10.643698692321777,10.643698692321777,10.643698692321777,10.643698692321777,0,0.0,0.0
2007-12-05 00:00:00-05:00,10.643700871598837,10.643700871598837,10.430826758631573,10.637439727783203,1100,0.0,0.0
2007-12-06 00:00:00-05:00,10.643698692321777,10.643698692321777,10.643698692321777,10.643698692321777,400,0.0,0.0
2007-12-07 00:00:00-05:00,10.424561905085502,10.48717212677002,10.393257391338569,10.48717212677002,3300,0.0,0.0
2007-12-10 00:00:00-05:00,10.412042806742566,10.48717533458363,10.330650329589844,10.330650329589844,6300,0.0,0.0
2007-12-11 00:00:00-05:00,10.643697083885991,10.643697083885991,10.299342655907116,10.48717212677002,1100,0.0,0.0
2007-12-12 00:00:00-05:00,10.336911473092519,10.48717533458363,10.330650329589844,10.330650329589844,2700,0.0,0.0
2007-12-13 00:00:00-05:00,10.643700153387371,10.643700153387371,10.455870628356934,10.455870628356934,13600,0.0,0.0
2007-12-14 00:00:00-05:00,10.01759897640548,10.080209208846187,10.01759897640548,10.042643547058105,700,0.0,0.0
2007-12-17 00:00:00-05:00,10.042643547058105,10.042643547058105,10.042643547058105,10.042643547058105,0,0.0,0.0
2007-12-18 00:00:00-05:00,10.268040088754127,10.330650329589844,10.268040088754127,10.330650329589844,2100,0.0,0.0
2007-12-19 00:00:00-05:00,10.055166060677823,10.180386543273926,10.055166060677823,10.180386543273926,2400,0.0,0.0
2007-12-20 00:00:00-05:00,10.192906236230025,10.255515267402762,10.17412281036377,10.17412281036377,7900,0.0,0.0
2007-12-21 00:00:00-05:00,10.17412281036377,10.17412281036377,10.167861668408351,10.17412281036377,3700,0.0,0.0
2007-12-24 00:00:00-05:00,10.17412281036377,10.17412281036377,10.17412281036377,10.17412281036377,0,0.0,0.0
2007-12-26 00:00:00-05:00,10.04890235963685,10.17412281036377,10.04890235963685,10.17412281036377,1500,0.0,0.0
2007-12-27 00:00:00-05:00,10.048903625364346,10.174124091863632,10.017599105834961,10.017599105834961,6200,0.0,0.0
2007-12-28 00:00:00-05:00,9.86107411980629,10.092731624572707,9.86107411980629,10.017599105834961,5800,0.0,0.0
2007-12-31 00:00:00-05:00,9.898639750942191,9.917422580886827,9.854812351610843,9.86107349395752,6400,0.0,0.0
2008-01-02 00:00:00-05:00,10.167863144264215,10.58108901977539,10.167863144264215,10.58108901977539,500,0.0,0.0
2008-01-03 00:00:00-05:00,10.549785063222464,10.549785063222464,10.518479347229004,10.518479347229004,200,0.0,0.0
2008-01-04 00:00:00-05:00,10.518479347229004,10.518479347229004,10.518479347229004,10.518479347229004,500,0.0,0.0
2008-01-07 00:00:00-05:00,10.58108901977539,10.58108901977539,10.58108901977539,10.58108901977539,300,0.0,0.0
2008-01-08 00:00:00-05:00,8.314607090656295,11.169623098541251,8.314607090656295,10.017599105834961,1500,0.0,0.0
2008-01-09 00:00:00-05:00,11.24475404526482,11.24475404526482,10.643698692321777,10.643698692321777,500,0.0,0.0
2008-01-10 00:00:00-05:00,10.643698692321777,10.643698692321777,10.643698692321777,10.643698692321777,100,0.0,0.0
2008-01-11 00:00:00-05:00,11.150839734688065,11.150839734688065,9.71707147536688,9.867335319519043,1700,0.0,0.0
2008-01-14 00:00:00-05:00,8.903139866272499,8.903139866272499,8.871834754943848,8.871834754943848,400,0.0,0.0
2008-01-15 00:00:00-05:00,11.13831615447998,11.13831615447998,11.13831615447998,11.13831615447998,200,0.0,0.0
2008-01-16 00:00:00-05:00,10.624915156579469,10.937965114932096,10.524739265441895,10.524739265441895,700,0.0,0.0
2008-01-17 00:00:00-05:00,9.341410576833228,10.017598422590451,9.341410576833228,10.011337280273438,1100,0.0,0.0
2008-01-18 00:00:00-05:00,8.790444674888075,9.272541999816895,8.790444674888075,9.272541999816895,400,0.0,0.0
2008-01-22 00:00:00-05:00,9.266279333893298,10.286822319030762,8.652701075418216,10.286822319030762,500,0.0,0.0
2008-01-23 00:00:00-05:00,8.92818399918691,9.7233304977417,8.896878887285778,9.7233304977417,2300,0.0,0.0
2008-01-24 00:00:00-05:00,10.230474037954048,10.26803970336914,9.923685182983697,10.26803970336914,3400,0.0,0.0
2008-01-25 00:00:00-05:00,10.599871572194388,10.64369837443034,9.86107349395752,9.86107349395752,900,0.0,0.0
2008-01-28 00:00:00-05:00,9.86107349395752,9.86107349395752,9.86107349395752,9.86107349395752,0,0.0,0.0
2008-01-29 00:00:00-05:00,10.017600319602273,10.330650329589844,9.76716055045042,10.330650329589844,600,0.0,0.0
2008-01-30 00:00:00-05:00,9.836029970219055,9.936205863952637,9.836029970219055,9.936205863952637,400,0.0,0.0
2008-01-31 00:00:00-05:00,10.311866899081824,10.330650329589844,10.311866899081824,10.330650329589844,300,0.0,0.0
2008-02-01 00:00:00-05:00,10.643697709303636,10.643697709303636,10.17412281036377,10.17412281036377,1300,0.0,0.0
2008-02-04 00:00:00-05:00,10.643698692321777,10.643698692321777,10.643698692321777,10.643698692321777,500,0.0,0.0
2008-02-05 00:00:00-05:00,10.956748653860654,10.956748653860654,10.643698692321777,10.643698692321777,1000,0.0,0.0
2008-02-06 00:00:00-05:00,10.205428807258624,10.643699254226668,10.174124287128432,10.58108901977539,1200,0.0,0.0
2008-02-07 00:00:00-05:00,10.58108901977539,10.58108901977539,10.58108901977539,10.58108901977539,0,0.0,0.0
2008-02-08 00:00:00-05:00,10.58108901977539,10.58108901977539,10.58108901977539,10.58108901977539,0,0.0,0.0
2008-02-11 00:00:00-05:00,10.581088461175836,10.643698692321777,10.581088461175836,10.643698692321777,900,0.0,0.0
2008-02-12 00:00:00-05:00,10.518478230029894,10.643698692321777,10.349432158383934,10.643698692321777,3700,0.0,0.0
2008-02-13 00:00:00-05:00,10.95674981760978,10.95674981760978,10.518479347229004,10.518479347229004,500,0.0,0.0
2008-02-14 00:00:00-05:00,10.518479347229004,10.518479347229004,10.518479347229004,10.518479347229004,0,0.0,0.0
2008-02-15 00:00:00-05:00,10.518479347229004,10.518479347229004,10.518479347229004,10.518479347229004,0,0.0,0.0
2008-02-19 00:00:00-05:00,10.330650329589844,10.330650329589844,10.330650329589844,10.330650329589844,600,0.0,0.0
2008-02-20 00:00:00-05:00,10.643698692321777,10.643698692321777,10.643698692321777,10.643698692321777,100,0.0,0.0
2008-02-21 00:00:00-05:00,10.643698692321777,10.643698692321777,10.643698692321777,10.643698692321777,0,0.0,0.0
2008-02-22 00:00:00-05:00,10.355693906049607,10.800224304199219,10.20542886484232,10.800224304199219,500,0.0,0.0
2008-02-25 00:00:00-05:00,10.305606400841558,10.956751035597353,10.305606400841558,10.925446510314941,1600,0.0,0.0
2008-02-26 00:00:00-05:00,10.643698692321777,10.737613441945275,10.643698692321777,10.643698692321777,3500,0.0,0.0
2008-02-27 00:00:00-05:00,10.6374375497881,10.643698692321777,10.6374375497881,10.643698692321777,4000,0.0,0.0
2008-02-28 00:00:00-05:00,10.643698692321777,10.643698692321777,10.643698692321777,10.643698692321777,0,0.0,0.0
2008-02-29 00:00:00-05:00,10.643698692321777,10.70630892346772,10.643698692321777,10.643698692321777,3000,0.0,0.0
2008-03-03 00:00:00-05:00,10.336909294128418,10.336909294128418,10.336909294128418,10.336909294128418,100,0.0,0.0
2008-03-04 00:00:00-05:00,10.399520874023438,10.399520874023438,10.399520874023438,10.399520874023438,100,0.0,0.0
2008-03-05 00:00:00-05:00,10.58108901977539,10.58108901977539,10.58108901977539,10.58108901977539,100,0.0,0.0
2008-03-06 00:00:00-05:00,10.171417380386881,10.40185832977295,10.171417380386881,10.40185832977295,600,0.37,0.0
2008-03-07 00:00:00-05:00,10.1778190990332,10.1778190990332,10.165017127990723,10.165017127990723,1600,0.0,0.0
2008-03-10 00:00:00-04:00,10.165017127990723,10.165017127990723,10.165017127990723,10.165017127990723,0,0.0,0.0
2008-03-11 00:00:00-04:00,10.18421735924806,10.881941971569425,10.18421735924806,10.248229026794434,12300,0.0,0.0
2008-03-12 00:00:00-04:00,10.241827011108398,10.241827011108398,10.241827011108398,10.241827011108398,100,0.0,0.0
2008-03-13 00:00:00-04:00,10.24182957742569,10.881943926014795,10.049795150756836,10.049795150756836,6000,0.0,0.0
2008-03-14 00:00:00-04:00,10.120208638378301,10.120208638378301,9.844959259033203,9.844959259033203,2000,0.0,0.0
2008-03-17 00:00:00-04:00,9.76174259185791,9.76174259185791,9.76174259185791,9.76174259185791,1700,0.0,0.0
2008-03-18 00:00:00-04:00,9.76174259185791,9.76174259185791,9.76174259185791,9.76174259185791,0,0.0,0.0
2008-03-19 00:00:00-04:00,9.76174259185791,9.76174259185791,9.76174259185791,9.76174259185791,0,0.0,0.0
2008-03-20 00:00:00-04:00,9.76174259185791,9.76174259185791,9.76174259185791,9.76174259185791,0,0.0,0.0
2008-03-24 00:00:00-04:00,9.76174259185791,9.76174259185791,9.76174259185791,9.76174259185791,0,0.0,0.0
2008-03-25 00:00:00-04:00,9.76174259185791,9.76174259185791,9.76174259185791,9.76174259185791,0,0.0,0.0
2008-03-26 00:00:00-04:00,9.76174259185791,9.76174259185791,9.76174259185791,9.76174259185791,0,0.0,0.0
2008-03-27 00:00:00-04:00,10.241828168724673,10.241828168724673,10.01778793334961,10.01778793334961,1200,0.0,0.0
2008-03-28 00:00:00-04:00,9.825757026672363,9.825757026672363,9.825757026672363,9.825757026672363,1600,0.0,0.0
2008-03-31 00:00:00-04:00,9.825757026672363,9.825757026672363,9.825757026672363,9.825757026672363,0,0.0,0.0
2008-04-01 00:00:00-04:00,9.825757026672363,9.825757026672363,9.825757026672363,9.825757026672363,0,0.0,0.0
2008-04-02 00:00:00-04:00,11.016368754581865,11.20200252532959,10.913950543452561,11.20200252532959,2500,0.0,0.0
2008-04-03 00:00:00-04:00,10.29303778186273,10.561885833740234,10.29303778186273,10.561885833740234,400,0.0,0.0
2008-04-04 00:00:00-04:00,10.561885833740234,10.561885833740234,10.561885833740234,10.561885833740234,0,0.0,0.0
2008-04-07 00:00:00-04:00,9.851359647433245,9.921772003173828,9.851359647433245,9.921772003173828,300,0.0,0.0
2008-04-08 00:00:00-04:00,10.39545726776123,10.39545726776123,10.39545726776123,10.39545726776123,100,0.0,0.0
2008-04-09 00:00:00-04:00,10.40185832977295,10.40185832977295,10.40185832977295,10.40185832977295,100,0.0,0.0
2008-04-10 00:00:00-04:00,10.40185832977295,10.40185832977295,10.40185832977295,10.40185832977295,0,0.0,0.0
2008-04-11 00:00:00-04:00,10.40185832977295,10.40185832977295,10.40185832977295,10.40185832977295,100,0.0,0.0
2008-04-14 00:00:00-04:00,10.40185832977295,10.40185832977295,10.40185832977295,10.40185832977295,0,0.0,0.0
2008-04-15 00:00:00-04:00,10.401857745262884,10.401857745262884,9.921772003173828,9.921772003173828,700,0.0,0.0
2008-04-16 00:00:00-04:00,9.921772003173828,9.921772003173828,9.921772003173828,9.921772003173828,0,0.0,0.0
2008-04-17 00:00:00-04:00,9.844957519994585,9.844957519994585,9.76174259185791,9.76174259185791,700,0.0,0.0
2008-04-18 00:00:00-04:00,9.864161496051118,10.08180046081543,9.864161496051118,10.08180046081543,300,0.0,0.0
2008-04-21 00:00:00-04:00,9.940975063000746,9.940975063000746,9.8833646774292,9.8833646774292,500,0.0,0.0
2008-04-22 00:00:00-04:00,9.921772003173828,9.921772003173828,9.921772003173828,9.921772003173828,400,0.0,0.0
2008-04-23 00:00:00-04:00,9.921772003173828,9.921772003173828,9.921772003173828,9.921772003173828,1200,0.0,0.0
2008-04-24 00:00:00-04:00,10.235428449986033,10.40185832977295,10.235428449986033,10.40185832977295,5300,0.0,0.0
2008-04-25 00:00:00-04:00,9.934570862237512,10.235424041748047,9.851355958183419,10.235424041748047,600,0.0,0.0
2008-04-28 00:00:00-04:00,10.254629135131836,10.254629135131836,10.254629135131836,10.254629135131836,300,0.0,0.0
2008-04-29 00:00:00-04:00,10.523482552088465,10.555487788203536,10.517081260681152,10.517081260681152,800,0.0,0.0
2008-04-30 00:00:00-04:00,10.517081260681152,10.517081260681152,10.517081260681152,10.517081260681152,0,0.0,0.0
2008-05-01 00:00:00-04:00,10.561887056580405,10.581090927124023,10.561887056580405,10.581090927124023,1000,0.0,0.0
2008-05-02 00:00:00-04:00,10.561885833740234,10.561885833740234,10.561885833740234,10.561885833740234,500,0.0,0.0
2008-05-05 00:00:00-04:00,10.561886763057464,10.664304961267959,10.561886763057464,10.657903671264648,1200,0.0,0.0
2008-05-06 00:00:00-04:00,10.581090927124023,10.721915648346775,10.561887056580405,10.581090927124023,1100,0.0,0.0
2008-05-07 00:00:00-04:00,10.581090927124023,10.581090927124023,10.581090927124023,10.581090927124023,0,0.0,0.0
2008-05-08 00:00:00-04:00,10.689911150885012,10.689911150885012,10.587492942810059,10.587492942810059,700,0.0,0.0
2008-05-09 00:00:00-04:00,10.881945310320173,11.20200252532959,10.881945310320173,11.20200252532959,6200,0.0,0.0
2008-05-12 00:00:00-04:00,11.169992792928321,11.169992792928321,10.721912384033203,10.721912384033203,600,0.0,0.0
2008-05-13 00:00:00-04:00,10.721912384033203,10.721912384033203,10.721912384033203,10.721912384033203,0,0.0,0.0
2008-05-14 00:00:00-04:00,10.721912384033203,10.721912384033203,10.721912384033203,10.721912384033203,500,0.0,0.0
2008-05-15 00:00:00-04:00,10.721912384033203,10.721912384033203,10.721912384033203,10.721912384033203,0,0.0,0.0
2008-05-16 00:00:00-04:00,10.721912384033203,10.721912384033203,10.721912384033203,10.721912384033203,0,0.0,0.0
2008-05-19 00:00:00-04:00,10.721912384033203,10.721912384033203,10.721912384033203,10.721912384033203,100,0.0,0.0
2008-05-20 00:00:00-04:00,10.721912384033203,10.721912384033203,10.721912384033203,10.721912384033203,0,0.0,0.0
2008-05-21 00:00:00-04:00,10.721912384033203,10.721912384033203,10.721912384033203,10.721912384033203,300,0.0,0.0
2008-05-22 00:00:00-04:00,10.721912384033203,10.721912384033203,10.721912384033203,10.721912384033203,0,0.0,0.0
2008-05-23 00:00:00-04:00,10.721912384033203,10.721912384033203,10.721912384033203,10.721912384033203,0,0.0,0.0
2008-05-27 00:00:00-04:00,10.78592687726069,10.91394901275635,10.78592687726069,10.913949012756348,500,0.0,0.0
2008-05-28 00:00:00-04:00,10.805129467561343,10.805129467561343,10.785926818847656,10.785926818847656,500,0.0,0.0
2008-05-29 00:00:00-04:00,10.79232560365017,10.79232560365017,10.241827011108398,10.241827011108398,1600,0.0,0.0
2008-05-30 00:00:00-04:00,10.241827011108398,10.241827011108398,10.241827011108398,10.241827011108398,0,0.0,0.0
2008-06-02 00:00:00-04:00,10.55548454430016,10.561885833740234,10.55548454430016,10.561885833740234,500,0.0,0.0
2008-06-03 00:00:00-04:00,10.561886919461765,10.561886919461765,10.40185832977295,10.40185832977295,1000,0.0,0.0
2008-06-04 00:00:00-04:00,10.42106022593824,10.683506965637207,10.062595984338826,10.683506965637207,3000,0.0,0.0
2008-06-05 00:00:00-04:00,10.248229026794434,10.248229026794434,10.248229026794434,10.248229026794434,200,0.0,0.0
2008-06-06 00:00:00-04:00,10.645099374491569,10.645099374491569,10.024188995361328,10.024188995361328,2000,0.0,0.0
2008-06-09 00:00:00-04:00,10.088202280274853,10.088202280274853,9.972981502181417,10.049795150756836,2500,0.0,0.0
2008-06-10 00:00:00-04:00,9.97937865270496,10.235424041748047,9.97937865270496,10.235424041748047,1100,0.0,0.0
2008-06-11 00:00:00-04:00,9.88976616494244,9.921772003173828,9.88976616494244,9.921772003173828,900,0.0,0.0
2008-06-12 00:00:00-04:00,9.889765739440918,9.889765739440918,9.889765739440918,9.889765739440918,500,0.0,0.0
2008-06-13 00:00:00-04:00,9.825757026672363,9.825757026672363,9.825757026672363,9.825757026672363,200,0.0,0.0
2008-06-16 00:00:00-04:00,9.825757026672363,9.825757026672363,9.825757026672363,9.825757026672363,0,0.0,0.0
2008-06-17 00:00:00-04:00,9.825757026672363,9.825757026672363,9.825757026672363,9.825757026672363,0,0.0,0.0
2008-06-18 00:00:00-04:00,9.825757026672363,9.825757026672363,9.825757026672363,9.825757026672363,0,0.0,0.0
2008-06-19 00:00:00-04:00,10.088201750475694,10.088201750475694,10.08180046081543,10.08180046081543,800,0.0,0.0
2008-06-20 00:00:00-04:00,10.08180046081543,10.08180046081543,10.08180046081543,10.08180046081543,0,0.0,0.0
2008-06-23 00:00:00-04:00,9.633720680012512,9.921772003173828,9.633720680012512,9.921772003173828,1400,0.0,0.0
2008-06-24 00:00:00-04:00,9.921772003173828,9.921772003173828,9.921772003173828,9.921772003173828,0,0.0,0.0
2008-06-25 00:00:00-04:00,10.081798059808861,10.081798059808861,9.736136436462402,9.736136436462402,2400,0.0,0.0
2008-06-26 00:00:00-04:00,9.652921744990945,9.921769748297786,9.633718490600586,9.633718490600586,4000,0.0,0.0
2008-06-27 00:00:00-04:00,9.601714024778271,9.76174259185791,9.492894550327275,9.76174259185791,4100,0.0,0.0
2008-06-30 00:00:00-04:00,9.76174259185791,9.76174259185791,9.76174259185791,9.76174259185791,0,0.0,0.0
2008-07-01 00:00:00-04:00,9.76174259185791,9.76174259185791,9.76174259185791,9.76174259185791,0,0.0,0.0
2008-07-02 00:00:00-04:00,9.76174259185791,9.76174259185791,9.76174259185791,9.76174259185791,0,0.0,0.0
2008-07-03 00:00:00-04:00,9.684928752666174,9.723335266113281,9.390476170909418,9.723335266113281,3000,0.0,0.0
2008-07-07 00:00:00-04:00,9.390477164098787,9.921772003173828,9.390477164098787,9.921772003173828,600,0.0,0.0
2008-07-08 00:00:00-04:00,9.364873886108398,9.364873886108398,9.364873886108398,9.364873886108398,100,0.0,0.0
2008-07-09 00:00:00-04:00,9.921772003173828,9.921772003173828,9.921772003173828,9.921772003173828,100,0.0,0.0
2008-07-10 00:00:00-04:00,9.921772003173828,9.921772003173828,9.921772003173828,9.921772003173828,0,0.0,0.0
2008-07-11 00:00:00-04:00,9.921772003173828,9.921772003173828,9.921772003173828,9.921772003173828,0,0.0,0.0
2008-07-14 00:00:00-04:00,9.921772003173828,9.921772003173828,9.921772003173828,9.921772003173828,0,0.0,0.0
2008-07-15 00:00:00-04:00,9.921772003173828,9.921772003173828,9.921772003173828,9.921772003173828,0,0.0,0.0
2008-07-16 00:00:00-04:00,9.921772003173828,9.921772003173828,9.921772003173828,9.921772003173828,0,0.0,0.0
2008-07-17 00:00:00-04:00,9.627319760209181,9.65932559967041,9.60171521073232,9.65932559967041,500,0.0,0.0
2008-07-18 00:00:00-04:00,9.409680590598567,9.838557243347168,9.409680590598567,9.838557243347168,1900,0.0,0.0
2008-07-21 00:00:00-04:00,9.857760579383466,9.857760579383466,9.601715087890625,9.601715087890625,300,0.0,0.0
2008-07-22 00:00:00-04:00,9.608116779607881,9.729738240538083,9.12162971496582,9.12162971496582,3800,0.0,0.0
2008-07-23 00:00:00-04:00,9.26885552694293,9.26885552694293,8.750363243512833,9.083222389221191,900,0.0,0.0
2008-07-24 00:00:00-04:00,9.26245430917236,9.26245430917236,9.115227699279785,9.115227699279785,2200,0.0,0.0
2008-07-25 00:00:00-04:00,9.185640664626026,9.185640664626026,9.115227699279785,9.115227699279785,1400,0.0,0.0
2008-07-28 00:00:00-04:00,8.968002220937068,9.88976661951314,8.968002220937068,9.083222389221191,12200,0.0,0.0
2008-07-29 00:00:00-04:00,9.121628646192878,9.889765673253851,9.121628646192878,9.281657218933105,2200,0.0,0.0
2008-07-30 00:00:00-04:00,9.300860476732975,9.435284502253188,9.281657218933105,9.281657218933105,1700,0.0,0.0
2008-07-31 00:00:00-04:00,9.281655945584223,9.44808578491211,9.281655945584223,9.44808578491211,4100,0.0,0.0
2008-08-01 00:00:00-04:00,9.313661575317383,9.313661575317383,9.313661575317383,9.313661575317383,200,0.0,0.0
2008-08-04 00:00:00-04:00,9.748940013470481,9.76174259185791,9.748940013470481,9.76174259185791,3000,0.0,0.0
2008-08-05 00:00:00-04:00,9.761743672688802,9.825755350792315,9.601715087890625,9.601715087890625,1500,0.0,0.0
2008-08-06 00:00:00-04:00,9.47369209931616,9.921772003173828,9.47369209931616,9.921772003173828,5200,0.0,0.0
2008-08-07 00:00:00-04:00,9.761743422477476,9.921772003173828,9.761743422477476,9.921772003173828,1900,0.0,0.0
2008-08-08 00:00:00-04:00,10.241827011108398,10.241827011108398,10.241827011108398,10.241827011108398,200,0.0,0.0
2008-08-11 00:00:00-04:00,10.24182880844326,10.24182880844326,10.088201522827148,10.088201522827148,800,0.0,0.0
2008-08-12 00:00:00-04:00,10.088201522827148,10.088201522827148,10.088201522827148,10.088201522827148,0,0.0,0.0
2008-08-13 00:00:00-04:00,10.171414691042493,10.190617945798792,10.101001739501953,10.101001739501953,4300,0.0,0.0
2008-08-14 00:00:00-04:00,9.953777675399857,10.805129051208496,9.953777675399857,10.805129051208496,4100,0.0,0.0
2008-08-15 00:00:00-04:00,10.107405922093363,10.39545726776123,10.107405922093363,10.39545726776123,200,0.0,0.0
2008-08-18 00:00:00-04:00,10.39545726776123,10.39545726776123,10.39545726776123,10.39545726776123,0,0.0,0.0
2008-08-19 00:00:00-04:00,10.241827011108398,10.261030876285758,10.241827011108398,10.241827011108398,600,0.0,0.0
2008-08-20 00:00:00-04:00,10.241827011108398,10.241827011108398,10.241827011108398,10.241827011108398,0,0.0,0.0
2008-08-21 00:00:00-04:00,10.241827011108398,10.241827011108398,10.241827011108398,10.241827011108398,0,0.0,0.0
2008-08-22 00:00:00-04:00,10.421060562133789,10.421060562133789,10.421060562133789,10.421060562133789,200,0.0,0.0
2008-08-25 00:00:00-04:00,10.421060562133789,10.421060562133789,10.421060562133789,10.421060562133789,0,0.0,0.0
2008-08-26 00:00:00-04:00,10.421060562133789,10.421060562133789,10.421060562133789,10.421060562133789,0,0.0,0.0
2008-08-27 00:00:00-04:00,10.421060562133789,10.421060562133789,10.421060562133789,10.421060562133789,0,0.0,0.0
2008-08-28 00:00:00-04:00,10.421060562133789,10.421060562133789,10.421060562133789,10.421060562133789,0,0.0,0.0
2008-08-29 00:00:00-04:00,10.709112770369897,10.709112770369897,10.657903671264648,10.657903671264648,1700,0.0,0.0
2008-09-02 00:00:00-04:00,10.881945610046387,10.881945610046387,10.83073650307126,10.881945610046387,1800,0.0,0.0
2008-09-03 00:00:00-04:00,10.88194152445466,11.163592117533707,10.66430259629189,10.76672077178955,1400,0.0,0.0
2008-09-04 00:00:00-04:00,10.709114416159803,10.881945610046387,10.709114416159803,10.881945610046387,2200,0.0,0.0
2008-09-05 00:00:00-04:00,10.913948117176982,11.15719223022461,10.913948117176982,11.15719223022461,900,0.0,0.0
2008-09-08 00:00:00-04:00,10.521322550610646,11.071971333666786,10.521322550610646,11.045750617980957,500,0.41,0.0
2008-09-09 00:00:00-04:00,11.14408288077541,11.196525573730469,11.14408288077541,11.196525573730469,700,0.0,0.0
2008-09-10 00:00:00-04:00,11.294852393244922,11.37351703643799,11.294852393244922,11.373517036437988,200,0.0,0.0
2008-09-11 00:00:00-04:00,11.37351703643799,11.37351703643799,11.37351703643799,11.373517036437988,0,0.0,0.0
2008-09-12 00:00:00-04:00,11.229302406311035,11.242413392854882,11.229302406311035,11.229302406311035,1500,0.0,0.0
2008-09-15 00:00:00-04:00,11.229299116831472,11.235854608183049,11.209633893108872,11.21618938446045,1400,0.0,0.0
2008-09-16 00:00:00-04:00,11.209633758466447,11.209633758466447,10.849089240453143,11.137524604797363,2200,0.0,0.0
2008-09-17 00:00:00-04:00,11.144081115722656,11.144081115722656,11.137525623850012,11.144081115722656,1900,0.0,0.0
2008-09-18 00:00:00-04:00,10.436103370678014,11.124413705136744,10.436103370678014,10.71798324584961,3400,0.0,0.0
2008-09-19 00:00:00-04:00,10.816313742067413,11.078527158475335,10.685206408697352,10.881867408752441,3200,0.0,0.0
2008-09-22 00:00:00-04:00,10.881867408752441,10.881867408752441,10.881867408752441,10.881867408752441,0,0.0,0.0
2008-09-23 00:00:00-04:00,10.65898733837912,10.65898733837912,10.488548278808594,10.488548278808594,200,0.0,0.0
2008-09-24 00:00:00-04:00,10.488548278808594,10.488548278808594,10.488548278808594,10.488548278808594,0,0.0,0.0
2008-09-25 00:00:00-04:00,10.652429580688477,10.652429580688477,10.652429580688477,10.652429580688477,1000,0.0,0.0
2008-09-26 00:00:00-04:00,10.652429580688477,10.652429580688477,10.652429580688477,10.652429580688477,0,0.0,0.0
2008-09-29 00:00:00-04:00,10.849090233114755,11.727506138733588,10.849090233114755,11.144081115722656,1700,0.0,0.0
2008-09-30 00:00:00-04:00,11.111305171594363,11.111305171594363,11.10474967956543,11.10474967956543,500,0.0,0.0
2008-10-01 00:00:00-04:00,11.045750617980957,11.045750617980957,11.045750617980957,11.045750617980957,200,0.0,0.0
2008-10-02 00:00:00-04:00,10.652429580688477,10.652429580688477,10.652429580688477,10.652429580688477,200,0.0,0.0
2008-10-03 00:00:00-04:00,11.111306190490723,11.111306190490723,11.104750697860657,11.111306190490723,1500,0.0,0.0
2008-10-06 00:00:00-04:00,11.111306066763593,11.111306066763593,10.160780901638645,10.193557739257812,3100,0.0,0.0
2008-10-07 00:00:00-04:00,9.89201092568863,11.537401875755783,9.89201092568863,11.144081115722656,1900,0.0,0.0
2008-10-08 00:00:00-04:00,11.144081115722656,11.144081115722656,11.144081115722656,11.144081115722656,0,0.0,0.0
2008-10-09 00:00:00-04:00,10.51477037504989,10.51477037504989,9.99689769744873,9.99689769744873,2100,0.0,0.0
2008-10-10 00:00:00-04:00,9.839569268336405,10.22633457687698,9.839569268336405,10.193557739257812,3400,0.0,0.0
2008-10-13 00:00:00-04:00,10.481992786094452,10.488548278808594,10.436105587427846,10.488548278808594,700,0.0,0.0
2008-10-14 00:00:00-04:00,10.481990189336774,10.9801962591969,10.481990189336774,10.940864562988281,1200,0.0,0.0
2008-10-15 00:00:00-04:00,10.98019790649414,10.993308890641341,10.71798447521148,10.98019790649414,5900,0.0,0.0
2008-10-16 00:00:00-04:00,10.849090233114755,11.196523800371592,10.849090233114755,11.144081115722656,6200,0.0,0.0
2008-10-17 00:00:00-04:00,11.196526654818927,11.734064622093731,11.144083956800229,11.209637641906738,3600,0.0,0.0
2008-10-20 00:00:00-04:00,11.786503924058254,11.799614907368387,9.83301242280699,11.734061241149902,3900,0.0,0.0
2008-10-21 00:00:00-04:00,11.79961620085866,11.79961620085866,11.576734461482522,11.701286315917969,4100,0.0,0.0
2008-10-22 00:00:00-04:00,11.701286315917969,11.701286315917969,11.701286315917969,11.701286315917969,0,0.0,0.0
2008-10-23 00:00:00-04:00,11.701286315917969,11.701286315917969,11.701286315917969,11.701286315917969,0,0.0,0.0
2008-10-24 00:00:00-04:00,11.137526048774001,11.137526048774001,10.790092468261719,10.790092468261719,200,0.0,0.0
2008-10-27 00:00:00-04:00,11.432518429807327,11.432518429807327,10.816315843766345,10.835982322692871,1100,0.0,0.0
2008-10-28 00:00:00-04:00,10.534434187863782,10.54098967977541,10.521323204040527,10.521323204040527,1400,0.0,0.0
2008-10-29 00:00:00-04:00,10.521323204040527,10.521323204040527,10.521323204040527,10.521323204040527,0,0.0,0.0
2008-10-30 00:00:00-04:00,10.521323204040527,10.521323204040527,10.521323204040527,10.521323204040527,0,0.0,0.0
2008-10-31 00:00:00-04:00,11.01297378540039,11.01297378540039,11.01297378540039,11.01297378540039,200,0.0,0.0
2008-11-03 00:00:00-05:00,11.137525623850012,11.144081115722656,11.137525623850012,11.144081115722656,600,0.0,0.0
2008-11-04 00:00:00-05:00,11.144081115722656,11.144081115722656,11.144081115722656,11.144081115722656,0,0.0,0.0
2008-11-05 00:00:00-05:00,11.150636607595303,11.150636607595303,11.144081115722656,11.144081115722656,300,0.0,0.0
2008-11-06 00:00:00-05:00,11.144082858180948,11.144082858180948,10.822871208190918,10.822871208190918,200,0.0,0.0
2008-11-07 00:00:00-05:00,10.822871208190918,10.822871208190918,10.822871208190918,10.822871208190918,0,0.0,0.0
2008-11-10 00:00:00-05:00,10.822871208190918,10.822871208190918,10.822871208190918,10.822871208190918,0,0.0,0.0
2008-11-11 00:00:00-05:00,10.822871208190918,10.822871208190918,10.822871208190918,10.822871208190918,0,0.0,0.0
2008-11-12 00:00:00-05:00,10.48854733085746,10.554101001741774,10.416438793017624,10.422993659973145,1700,0.0,0.0
2008-11-13 00:00:00-05:00,10.809759407947464,10.809759407947464,10.757316719049964,10.770427703857422,700,0.0,0.0
2008-11-14 00:00:00-05:00,10.770427703857422,10.770427703857422,10.770427703857422,10.770427703857422,0,0.0,0.0
2008-11-17 00:00:00-05:00,10.816312789916992,10.816312789916992,10.803201807667696,10.816312789916992,4300,0.0,0.0
2008-11-18 00:00:00-05:00,11.432515834346793,11.432515834346793,10.508212790290921,11.340740203857422,800,0.0,0.0
2008-11-19 00:00:00-05:00,11.439074516296387,11.439074516296387,11.439074516296387,11.439074516296387,700,0.0,0.0
2008-11-20 00:00:00-05:00,11.439074516296387,11.439074516296387,11.439074516296387,11.439074516296387,0,0.0,0.0
2008-11-21 00:00:00-05:00,10.691762297228118,10.691762297228118,9.184034159173484,10.16077995300293,2800,0.0,0.0
2008-11-24 00:00:00-05:00,9.524910732240864,11.104748510412879,9.524910732240864,9.603574752807617,1200,0.0,0.0
2008-11-25 00:00:00-05:00,9.603577087530752,9.964121071654676,9.603577087530752,9.918233871459961,2400,0.0,0.0
2008-11-26 00:00:00-05:00,9.918233871459961,9.918233871459961,9.918233871459961,9.918233871459961,0,0.0,0.0
2008-11-28 00:00:00-05:00,9.918233871459961,9.918233871459961,9.918233871459961,9.918233871459961,0,0.0,0.0
2008-12-01 00:00:00-05:00,9.911678179052245,9.931344032287598,9.911678179052245,9.931344032287598,1000,0.0,0.0
2008-12-02 00:00:00-05:00,9.931340399697707,10.403325080871582,9.931340399697707,10.403325080871582,300,0.0,0.0
2008-12-03 00:00:00-05:00,10.403325080871582,10.403325080871582,10.403325080871582,10.403325080871582,0,0.0,0.0
2008-12-04 00:00:00-05:00,9.839567653065195,10.481990814208984,9.839567653065195,10.481990814208984,700,0.0,0.0
2008-12-05 00:00:00-05:00,9.83957019942364,9.86579154696698,9.347919464111328,9.347919464111328,2200,0.0,0.0
2008-12-08 00:00:00-05:00,10.488546682135974,10.488546682135974,9.833012514502476,9.859233856201172,1200,0.0,0.0
2008-12-09 00:00:00-05:00,9.859233856201172,9.859233856201172,9.859233856201172,9.859233856201172,0,0.0,0.0
2008-12-10 00:00:00-05:00,9.83301550543531,9.839570999145508,9.83301550543531,9.839570999145508,700,0.0,0.0
2008-12-11 00:00:00-05:00,9.839570999145508,9.839570999145508,9.839570999145508,9.839570999145508,0,0.0,0.0
2008-12-12 00:00:00-05:00,9.839570999145508,9.839570999145508,9.839570999145508,9.839570999145508,500,0.0,0.0
2008-12-15 00:00:00-05:00,10.475438763499382,10.475438763499382,9.833015391344679,10.305000305175781,1300,0.0,0.0
2008-12-16 00:00:00-05:00,10.180445469109483,10.357439994812012,10.180445469109483,10.357439994812012,500,0.0,0.0
2008-12-17 00:00:00-05:00,10.213223254691936,10.259110450744629,10.193557402835946,10.259110450744629,800,0.0,0.0
2008-12-18 00:00:00-05:00,10.481990814208984,10.481990814208984,10.481990814208984,10.481990814208984,200,0.0,0.0
2008-12-19 00:00:00-05:00,10.22633362212101,10.481991556316055,10.16077995300293,10.16077995300293,900,0.0,0.0
2008-12-22 00:00:00-05:00,10.226334517180582,10.226334517180582,9.177479470487024,9.249588012695312,8100,0.0,0.0
2008-12-23 00:00:00-05:00,9.944452156268914,10.226332013915313,9.944452156268914,9.964118003845215,5500,0.0,0.0
2008-12-24 00:00:00-05:00,9.439693200861257,10.488548278808594,9.439693200861257,10.488548278808594,3000,0.0,0.0
2008-12-26 00:00:00-05:00,10.488548278808594,10.488548278808594,10.488548278808594,10.488548278808594,0,0.0,0.0
2008-12-29 00:00:00-05:00,10.488548278808594,10.488548278808594,10.488548278808594,10.488548278808594,0,0.0,0.0
2008-12-30 00:00:00-05:00,10.488548278808594,10.488548278808594,10.488548278808594,10.488548278808594,0,0.0,0.0
2008-12-31 00:00:00-05:00,9.616686288385603,9.964119222155546,9.184033837810562,9.892010688781738,4500,0.0,0.0
2009-01-02 00:00:00-05:00,9.367584140411251,10.744205651062261,9.367584140411251,9.826457977294922,1200,0.0,0.0
2009-01-05 00:00:00-05:00,9.806790292072074,9.898565292358398,9.426580559003943,9.898565292358398,1200,0.0,0.0
2009-01-06 00:00:00-05:00,9.898565292358398,9.898565292358398,9.898565292358398,9.898565292358398,0,0.0,0.0
2009-01-07 00:00:00-05:00,9.472469709203901,9.813347816467285,9.472469709203901,9.813347816467285,400,0.0,0.0
2009-01-08 00:00:00-05:00,9.184035236671662,9.184035236671662,9.17747974395752,9.17747974395752,1200,0.0,0.0
2009-01-09 00:00:00-05:00,9.806791505371105,9.82645735602051,9.760904312133789,9.760904312133789,1500,0.0,0.0
2009-01-12 00:00:00-05:00,9.760904312133789,9.760904312133789,9.760904312133789,9.760904312133789,0,0.0,0.0
2009-01-13 00:00:00-05:00,9.688795155031517,9.695350646972656,9.688795155031517,9.695350646972656,300,0.0,0.0
2009-01-14 00:00:00-05:00,9.531468391418457,9.531468391418457,9.531468391418457,9.531468391418457,400,0.0,0.0
2009-01-15 00:00:00-05:00,9.531466549966002,9.531466549966002,9.210254965360978,9.439691543579102,900,0.0,0.0
2009-01-16 00:00:00-05:00,9.505245208740234,9.505245208740234,9.505245208740234,9.505245208740234,100,0.0,0.0
2009-01-20 00:00:00-05:00,9.70190715789795,9.70190715789795,9.70190715789795,9.70190715789795,300,0.0,0.0
2009-01-21 00:00:00-05:00,9.70190715789795,9.70190715789795,9.70190715789795,9.70190715789795,0,0.0,0.0
2009-01-22 00:00:00-05:00,9.701906983736755,9.701906983736755,9.315141677856445,9.315141677856445,700,0.0,0.0
2009-01-23 00:00:00-05:00,9.308583642195932,9.308583642195932,9.216809272766113,9.216809272766113,12700,0.0,0.0
2009-01-26 00:00:00-05:00,9.275809920623047,9.505247171377965,8.135180410097583,8.60060977935791,11800,0.0,0.0
2009-01-27 00:00:00-05:00,8.65960578338319,8.862821636434811,8.653050292118223,8.67271614074707,3300,0.0,0.0
2009-01-28 00:00:00-05:00,8.67271614074707,8.67271614074707,8.67271614074707,8.67271614074707,0,0.0,0.0
2009-01-29 00:00:00-05:00,8.65305137366776,8.68582820892334,8.646495881583418,8.68582820892334,1100,0.0,0.0
2009-01-30 00:00:00-05:00,8.535056127819058,8.98081898710412,8.436725616455078,8.436725616455078,2000,0.0,0.0
2009-02-02 00:00:00-05:00,8.292507494084102,9.125036239624023,8.292507494084102,9.125036239624023,200,0.0,0.0
2009-02-03 00:00:00-05:00,9.125036239624023,9.125036239624023,9.125036239624023,9.125036239624023,0,0.0,0.0
2009-02-04 00:00:00-05:00,9.125036239624023,9.125036239624023,9.125036239624023,9.125036239624023,0,0.0,0.0
2009-02-05 00:00:00-05:00,8.364617680998606,8.974264144897461,8.200734108683585,8.974264144897461,1100,0.0,0.0
2009-02-06 00:00:00-05:00,8.974264144897461,8.974264144897461,8.974264144897461,8.974264144897461,0,0.0,0.0
2009-02-09 00:00:00-05:00,8.521945237497857,8.915266036987305,8.521945237497857,8.915266036987305,4100,0.0,0.0
2009-02-10 00:00:00-05:00,8.849712371826172,8.849712371826172,8.849712371826172,8.849712371826172,1000,0.0,0.0
2009-02-11 00:00:00-05:00,8.849712371826172,8.849712371826172,8.849712371826172,8.849712371826172,0,0.0,0.0
2009-02-12 00:00:00-05:00,8.908709526062012,8.908709526062012,8.908709526062012,8.908709526062012,100,0.0,0.0
2009-02-13 00:00:00-05:00,8.272841386340586,8.915265216350369,8.266285894413745,8.299062728881836,1800,0.0,0.0
2009-02-17 00:00:00-05:00,8.521945237497857,8.915266036987305,8.312174477858777,8.915266036987305,2600,0.0,0.0
2009-02-18 00:00:00-05:00,8.462945772042984,8.462945772042984,8.049959182739258,8.049959182739258,1900,0.0,0.0
2009-02-19 00:00:00-05:00,8.567830085754395,8.567830085754395,8.567830085754395,8.567830085754395,500,0.0,0.0
2009-02-20 00:00:00-05:00,8.01062886038998,8.423615520660855,7.7418599128723145,7.7418599128723145,2500,0.0,0.0
2009-02-23 00:00:00-05:00,7.630418758073612,8.030294418334961,7.5779760690283915,8.030294418334961,1600,0.0,0.0
2009-02-24 00:00:00-05:00,8.030295243699276,8.030295243699276,7.558310368614897,8.017184257507324,1000,0.0,0.0
2009-02-25 00:00:00-05:00,8.1876220703125,8.194177562402293,8.1876220703125,8.1876220703125,1000,0.0,0.0
2009-02-26 00:00:00-05:00,7.735304375304414,8.325284957885742,7.728748882679555,8.325284957885742,600,0.0,0.0
2009-02-27 00:00:00-05:00,7.7025273954557605,8.489168366128645,7.7025273954557605,8.476058006286621,800,0.0,0.0
2009-03-02 00:00:00-05:00,8.476058006286621,8.476058006286621,8.476058006286621,8.476058006286621,0,0.0,0.0
2009-03-03 00:00:00-05:00,8.449836361103381,8.456391228208327,7.309206337744692,7.45997953414917,2000,0.0,0.0
2009-03-04 00:00:00-05:00,7.30920704111811,7.473090612669334,7.164989948272706,7.164989948272705,900,0.0,0.0
2009-03-05 00:00:00-05:00,6.340878996867997,7.614503321685731,6.340878996867997,7.287583351135254,1600,0.41,0.0
2009-03-06 00:00:00-05:00,6.735907079107215,7.219475746154784,6.735907079107215,7.219475746154785,300,0.0,0.0
2009-03-09 00:00:00-04:00,7.151368459035005,7.151368459035005,7.144557476043701,7.144557476043701,700,0.0,0.0
2009-03-10 00:00:00-04:00,6.8108256832163026,7.287583351135253,6.8108256832163026,7.287583351135254,500,0.0,0.0
2009-03-11 00:00:00-04:00,7.151368141174316,7.151368141174316,7.151368141174316,7.151368141174316,100,0.0,0.0
2009-03-12 00:00:00-04:00,6.947042343973532,7.491908550262451,6.906177751982176,7.491908550262451,4100,0.0,0.0
2009-03-13 00:00:00-04:00,7.6281245124107,7.6281245124107,7.348880767822265,7.348880767822266,400,0.0,0.0
2009-03-16 00:00:00-04:00,7.600882053375244,7.600882053375244,7.600882053375244,7.600882053375244,100,0.0,0.0
2009-03-17 00:00:00-04:00,7.628124713897705,7.628124713897705,7.628124713897705,7.628124713897705,100,0.0,0.0
2009-03-18 00:00:00-04:00,7.328448883235069,7.600881661614039,7.328448883235069,7.491908550262451,1600,0.0,0.0
2009-03-19 00:00:00-04:00,7.491908550262451,7.491908550262451,7.491908550262451,7.491908550262451,0,0.0,0.0
2009-03-20 00:00:00-04:00,7.614503625298477,7.614503625298477,7.491908550262451,7.491908550262451,300,0.0,0.0
2009-03-23 00:00:00-04:00,7.6145034001470115,7.628124713897705,7.6145034001470115,7.628124713897705,1500,0.0,0.0
2009-03-24 00:00:00-04:00,7.764341328641422,7.764341328641422,7.491908550262451,7.491908550262451,3100,0.0,0.0
2009-03-25 00:00:00-04:00,7.825640616186989,7.825640616186989,7.696235179901123,7.696235179901123,1100,0.0,0.0
2009-03-26 00:00:00-04:00,7.498717613306956,7.825636863708495,7.355690278873579,7.825636863708496,3000,0.0,0.0
2009-03-27 00:00:00-04:00,7.914180601270922,8.506722450256348,7.914180601270922,8.506722450256348,700,0.0,0.0
2009-03-30 00:00:00-04:00,8.104883996222549,8.459047317504883,8.104883996222549,8.459047317504883,1900,0.0,0.0
2009-03-31 00:00:00-04:00,8.200234413146973,8.200234413146973,8.200234413146973,8.200234413146973,200,0.0,0.0
2009-04-01 00:00:00-04:00,8.581640243530273,8.581640243530273,8.581640243530273,8.581640243530273,300,0.0,0.0
2009-04-02 00:00:00-04:00,8.84045133459704,10.556779700983387,8.806397726154108,10.549968719482422,3000,0.0,0.0
2009-04-03 00:00:00-04:00,9.541966468295868,10.216238021850586,9.541966468295868,10.216238021850586,600,0.0,0.0
2009-04-06 00:00:00-04:00,9.875696182250977,9.875696182250977,9.875696182250977,9.875696182250977,500,0.0,0.0
2009-04-07 00:00:00-04:00,9.535153904747729,9.535153904747729,9.058396339416504,9.058396339416504,400,0.0,0.0
2009-04-08 00:00:00-04:00,9.507914543151855,9.507914543151855,9.507914543151855,9.507914543151855,100,0.0,0.0
2009-04-09 00:00:00-04:00,9.514718859678693,9.514718859678693,8.860879898071289,8.860879898071289,1800,0.0,0.0
2009-04-13 00:00:00-04:00,9.535155296325684,9.535155296325684,9.535155296325684,9.535155296325684,100,0.0,0.0
2009-04-14 00:00:00-04:00,9.535155296325684,9.535155296325684,9.535155296325684,9.535155296325684,0,0.0,0.0
2009-04-15 00:00:00-04:00,9.535155296325684,9.535155296325684,9.535155296325684,9.535155296325684,0,0.0,0.0
2009-04-16 00:00:00-04:00,9.535155296325684,9.535155296325684,9.535155296325684,9.535155296325684,0,0.0,0.0
2009-04-17 00:00:00-04:00,9.535155296325684,9.535155296325684,9.535155296325684,9.535155296325684,0,0.0,0.0
2009-04-20 00:00:00-04:00,9.19461664132397,9.52834701538086,9.19461664132397,9.52834701538086,800,0.0,0.0
2009-04-21 00:00:00-04:00,9.52834701538086,9.52834701538086,9.52834701538086,9.52834701538086,0,0.0,0.0
2009-04-22 00:00:00-04:00,9.364885330200195,9.364885330200195,9.364885330200195,9.364885330200195,100,0.0,0.0
2009-04-23 00:00:00-04:00,9.19461441040039,9.201425391777,9.19461441040039,9.19461441040039,1100,0.0,0.0
2009-04-24 00:00:00-04:00,9.024344672711065,9.126506805419922,9.024344672711065,9.126506805419922,700,0.0,0.0
2009-04-27 00:00:00-04:00,9.126506354813126,9.126506354813126,8.935803413391113,8.935803413391113,700,0.0,0.0
2009-04-28 00:00:00-04:00,8.85407401850897,9.126506805419922,8.85407401850897,9.126506805419922,600,0.0,0.0
2009-04-29 00:00:00-04:00,9.126506805419922,9.126506805419922,9.126506805419922,9.126506805419922,0,0.0,0.0
2009-04-30 00:00:00-04:00,9.126506805419922,9.126506805419922,9.126506805419922,9.126506805419922,0,0.0,0.0
2009-05-01 00:00:00-04:00,9.364885330200195,9.364885330200195,9.364885330200195,9.364885330200195,200,0.0,0.0
2009-05-04 00:00:00-04:00,9.19461441040039,9.19461441040039,9.19461441040039,9.19461441040039,100,0.0,0.0
2009-05-05 00:00:00-04:00,9.19461441040039,9.19461441040039,9.19461441040039,9.19461441040039,0,0.0,0.0
2009-05-06 00:00:00-04:00,9.19461355167804,9.535154794332783,9.19461355167804,9.501100540161133,1200,0.0,0.0
2009-05-07 00:00:00-04:00,9.024344045465641,9.364885330200195,9.024344045465641,9.364885330200195,1800,0.0,0.0
2009-05-08 00:00:00-04:00,9.364885330200195,9.364885330200195,9.364885330200195,9.364885330200195,600,0.0,0.0
2009-05-11 00:00:00-04:00,9.364885771709336,9.364885771709336,8.751911690100755,9.31721019744873,1400,0.0,0.0
2009-05-12 00:00:00-04:00,9.364885330200195,9.364885330200195,9.364885330200195,9.364885330200195,200,0.0,0.0
2009-05-13 00:00:00-04:00,9.364885330200195,9.364885330200195,9.364885330200195,9.364885330200195,100,0.0,0.0
2009-05-14 00:00:00-04:00,9.364885330200195,9.364885330200195,9.364885330200195,9.364885330200195,0,0.0,0.0
2009-05-15 00:00:00-04:00,9.364887279064016,9.446617126464844,9.364887279064016,9.446617126464844,500,0.0,0.0
2009-05-18 00:00:00-04:00,9.364885330200195,9.364885330200195,9.364885330200195,9.364885330200195,100,0.0,0.0
2009-05-19 00:00:00-04:00,9.364885330200195,9.364885330200195,9.364885330200195,9.364885330200195,0,0.0,0.0
2009-05-20 00:00:00-04:00,9.364885506828426,9.3853178024292,9.364885506828426,9.3853178024292,300,0.0,0.0
2009-05-21 00:00:00-04:00,9.3853178024292,9.3853178024292,9.3853178024292,9.3853178024292,0,0.0,0.0
2009-05-22 00:00:00-04:00,9.453426361083984,9.453426361083984,9.446615379344145,9.453426361083984,900,0.0,0.0
2009-05-26 00:00:00-04:00,9.364885330200195,9.364885330200195,9.364885330200195,9.364885330200195,100,0.0,0.0
2009-05-27 00:00:00-04:00,9.371697425842285,9.371697425842285,9.371697425842285,9.371697425842285,400,0.0,0.0
2009-05-28 00:00:00-04:00,9.371697425842285,9.371697425842285,9.371697425842285,9.371697425842285,100,0.0,0.0
2009-05-29 00:00:00-04:00,9.364885525155044,9.364885525155044,8.71104621887207,8.71104621887207,4300,0.0,0.0
2009-06-01 00:00:00-04:00,8.71104621887207,8.71104621887207,8.71104621887207,8.71104621887207,0,0.0,0.0
2009-06-02 00:00:00-04:00,9.051587104797363,9.051587104797363,9.051587104797363,9.051587104797363,100,0.0,0.0
2009-06-03 00:00:00-04:00,8.969858185130848,8.99029048192542,8.963047203022322,8.983479499816895,2100,0.0,0.0
2009-06-04 00:00:00-04:00,9.453425745950774,9.535155572917787,9.453425745950774,9.480669021606445,700,0.0,0.0
2009-06-05 00:00:00-04:00,9.19461441040039,9.19461441040039,9.19461441040039,9.19461441040039,100,0.0,0.0
2009-06-08 00:00:00-04:00,9.19461441040039,9.19461441040039,9.19461441040039,9.19461441040039,0,0.0,0.0
2009-06-09 00:00:00-04:00,9.19461441040039,9.19461441040039,9.19461441040039,9.19461441040039,0,0.0,0.0
2009-06-10 00:00:00-04:00,9.19461441040039,9.19461441040039,9.19461441040039,9.19461441040039,200,0.0,0.0
2009-06-11 00:00:00-04:00,9.19461441040039,9.19461441040039,9.19461441040039,9.19461441040039,0,0.0,0.0
2009-06-12 00:00:00-04:00,9.19461441040039,9.19461441040039,9.19461441040039,9.19461441040039,0,0.0,0.0
2009-06-15 00:00:00-04:00,9.19461441040039,9.19461441040039,9.19461441040039,9.19461441040039,0,0.0,0.0
2009-06-16 00:00:00-04:00,9.19461441040039,9.19461441040039,9.19461441040039,9.19461441040039,0,0.0,0.0
2009-06-17 00:00:00-04:00,9.19461441040039,9.19461441040039,9.19461441040039,9.19461441040039,200,0.0,0.0
2009-06-18 00:00:00-04:00,9.19461441040039,9.19461441040039,9.19461441040039,9.19461441040039,100,0.0,0.0
2009-06-19 00:00:00-04:00,9.19461441040039,9.19461441040039,9.19461441040039,9.19461441040039,0,0.0,0.0
2009-06-22 00:00:00-04:00,8.758723616419047,8.758723616419047,8.172992706298828,8.172992706298828,1000,0.0,0.0
2009-06-23 00:00:00-04:00,8.854073524475098,8.854073524475098,8.854073524475098,8.854073524475098,5000,0.0,0.0
2009-06-24 00:00:00-04:00,8.854073524475098,8.854073524475098,8.854073524475098,8.854073524475098,0,0.0,0.0
2009-06-25 00:00:00-04:00,8.172992706298828,8.172992706298828,8.172992706298828,8.172992706298828,200,0.0,0.0
2009-06-26 00:00:00-04:00,8.854073524475098,8.854073524475098,8.854073524475098,8.854073524475098,1000,0.0,0.0
2009-06-29 00:00:00-04:00,8.6906156539917,8.6906156539917,8.6906156539917,8.6906156539917,100,0.0,0.0
2009-06-30 00:00:00-04:00,8.6906156539917,8.6906156539917,8.6906156539917,8.6906156539917,0,0.0,0.0
2009-07-01 00:00:00-04:00,8.554396629333496,8.554396629333496,8.554396629333496,8.554396629333496,200,0.0,0.0
2009-07-02 00:00:00-04:00,8.561206960804297,8.561206960804297,8.554396629333496,8.554396629333496,500,0.0,0.0
2009-07-06 00:00:00-04:00,8.554396629333496,8.554396629333496,8.554396629333496,8.554396629333496,0,0.0,0.0
2009-07-07 00:00:00-04:00,8.85407468621674,8.85407468621674,8.649749755859375,8.649749755859375,2300,0.0,0.0
2009-07-08 00:00:00-04:00,8.854073524475098,8.854073524475098,8.854073524475098,8.854073524475098,400,0.0,0.0
2009-07-09 00:00:00-04:00,8.854073524475098,8.854073524475098,8.854073524475098,8.854073524475098,0,0.0,0.0
2009-07-10 00:00:00-04:00,8.854073524475098,8.854073524475098,8.854073524475098,8.854073524475098,0,0.0,0.0
2009-07-13 00:00:00-04:00,8.854073524475098,8.854073524475098,8.854073524475098,8.854073524475098,0,0.0,0.0
2009-07-14 00:00:00-04:00,8.68380355834961,8.68380355834961,8.68380355834961,8.68380355834961,100,0.0,0.0
2009-07-15 00:00:00-04:00,8.683802879773653,8.854073524475098,8.683802879773653,8.854073524475098,2700,0.0,0.0
2009-07-16 00:00:00-04:00,8.854073524475098,8.854073524475098,8.854073524475098,8.854073524475098,0,0.0,0.0
2009-07-17 00:00:00-04:00,8.854073524475098,8.854073524475098,8.854073524475098,8.854073524475098,0,0.0,0.0
2009-07-20 00:00:00-04:00,9.024344564827109,9.024344564827109,8.724668502807617,8.724668502807617,5100,0.0,0.0
2009-07-21 00:00:00-04:00,8.847263446725353,8.847263446725353,8.772344589233398,8.772344589233398,1900,0.0,0.0
2009-07-22 00:00:00-04:00,8.717858455101393,9.977861026446122,8.717858455101393,9.868887901306152,5300,0.0,0.0
2009-07-23 00:00:00-04:00,8.792773914016648,8.833639144897461,8.724666061923037,8.833639144897461,700,0.0,0.0
2009-07-24 00:00:00-04:00,8.71785831451416,8.71785831451416,8.71785831451416,8.71785831451416,200,0.0,0.0
2009-07-27 00:00:00-04:00,8.71785831451416,8.71785831451416,8.71785831451416,8.71785831451416,0,0.0,0.0
2009-07-28 00:00:00-04:00,9.228670120239258,9.228670120239258,9.228670120239258,9.228670120239258,700,0.0,0.0
2009-07-29 00:00:00-04:00,9.86888731729434,9.86888731729434,9.432994842529297,9.432994842529297,1400,0.0,0.0
2009-07-30 00:00:00-04:00,9.855267379291156,9.862077713012695,9.855267379291156,9.862077713012695,300,0.0,0.0
2009-07-31 00:00:00-04:00,9.283158302307129,9.283158302307129,9.283158302307129,9.283158302307129,100,0.0,0.0
2009-08-03 00:00:00-04:00,9.582833406519002,9.582833406519002,9.507914543151855,9.507914543151855,200,0.0,0.0
2009-08-04 00:00:00-04:00,9.507914543151855,9.507914543151855,9.507914543151855,9.507914543151855,0,0.0,0.0
2009-08-05 00:00:00-04:00,9.283157175307002,9.283157175307002,9.262724876403809,9.262724876403809,1900,0.0,0.0
2009-08-06 00:00:00-04:00,9.262724876403809,9.262724876403809,9.262724876403809,9.262724876403809,0,0.0,0.0
2009-08-07 00:00:00-04:00,9.262723506873648,9.262723506873648,8.85407369204385,9.099263191223145,2700,0.0,0.0
2009-08-10 00:00:00-04:00,9.296777725219727,9.303588707469832,9.296777725219727,9.296777725219727,7200,0.0,0.0
2009-08-11 00:00:00-04:00,9.296776532925799,9.405750286358751,9.19461441040039,9.19461441040039,2600,0.0,0.0
2009-08-12 00:00:00-04:00,9.19461441040039,9.19461441040039,9.19461441040039,9.19461441040039,0,0.0,0.0
2009-08-13 00:00:00-04:00,9.024345951200948,9.092454482343202,8.847264289855957,8.847264289855957,1100,0.0,0.0
2009-08-14 00:00:00-04:00,8.956235715154072,8.956235715154072,8.704235237148161,8.71104621887207,3600,0.0,0.0
2009-08-17 00:00:00-04:00,8.68380355834961,8.68380355834961,8.68380355834961,8.68380355834961,200,0.0,0.0
2009-08-18 00:00:00-04:00,8.847264289855957,8.847264289855957,8.847264289855957,8.847264289855957,100,0.0,0.0
2009-08-19 00:00:00-04:00,8.847264289855957,8.847264289855957,8.847264289855957,8.847264289855957,0,0.0,0.0
2009-08-20 00:00:00-04:00,8.68380355834961,8.68380355834961,8.68380355834961,8.68380355834961,100,0.0,0.0
2009-08-21 00:00:00-04:00,8.68380355834961,8.68380355834961,8.68380355834961,8.68380355834961,0,0.0,0.0
2009-08-24 00:00:00-04:00,8.854074451592018,8.854074451592018,8.254721641540527,8.254721641540527,1500,0.0,0.0
2009-08-25 00:00:00-04:00,8.254721641540527,8.254721641540527,8.254721641540527,8.254721641540527,0,0.0,0.0
2009-08-26 00:00:00-04:00,8.254721641540527,8.254721641540527,8.254721641540527,8.254721641540527,0,0.0,0.0
2009-08-27 00:00:00-04:00,8.254721641540527,8.254721641540527,8.254721641540527,8.254721641540527,0,0.0,0.0
2009-08-28 00:00:00-04:00,8.309209334499274,8.309209334499274,8.275155067443848,8.275155067443848,600,0.0,0.0
2009-08-31 00:00:00-04:00,8.275155067443848,8.275155067443848,8.275155067443848,8.275155067443848,0,0.0,0.0
2009-09-01 00:00:00-04:00,8.247910324148842,8.247910324148842,8.22747802734375,8.22747802734375,700,0.0,0.0
2009-09-02 00:00:00-04:00,8.247910484269019,8.51353294601588,8.227478187067266,8.234289169311523,1600,0.0,0.0
2009-09-03 00:00:00-04:00,8.34326051685834,8.649747507979614,8.234287422195743,8.622504234313965,2400,0.0,0.0
2009-09-04 00:00:00-04:00,8.254721306260874,8.254721306260874,8.22747802734375,8.22747802734375,700,0.0,0.0
2009-09-08 00:00:00-04:00,8.22747820233309,8.247910499572754,8.22747820233309,8.247910499572754,300,0.0,0.0
2009-09-09 00:00:00-04:00,8.615693092346191,8.615693092346191,8.247908579974414,8.615693092346191,1100,0.0,0.0
2009-09-10 00:00:00-04:00,8.595260620117188,8.595260620117188,8.595260620117188,8.595260620117188,100,0.0,0.0
2009-09-11 00:00:00-04:00,8.595260620117188,8.595260620117188,8.595260620117188,8.595260620117188,0,0.0,0.0
2009-09-14 00:00:00-04:00,8.595260620117188,8.595260620117188,8.595260620117188,8.595260620117188,0,0.0,0.0
2009-09-15 00:00:00-04:00,8.384126289058987,8.513531684875488,8.34326105117798,8.513531684875488,8500,0.0,0.0
2009-09-16 00:00:00-04:00,8.38412650264907,8.38412650264907,8.377315521240234,8.377315521240234,800,0.0,0.0
2009-09-17 00:00:00-04:00,8.176536728505743,8.654251098632812,8.169613169162767,8.654251098632812,4200,0.2,0.0
2009-09-18 00:00:00-04:00,8.654251098632812,8.654251098632812,8.654251098632812,8.654251098632812,0,0.0,0.0
2009-09-21 00:00:00-04:00,8.654251098632812,8.654251098632812,8.654251098632812,8.654251098632812,0,0.0,0.0
2009-09-22 00:00:00-04:00,8.619635581970215,8.619635581970215,8.619635581970215,8.619635581970215,300,0.0,0.0
2009-09-23 00:00:00-04:00,8.619635581970215,8.619635581970215,8.619635581970215,8.619635581970215,0,0.0,0.0
2009-09-24 00:00:00-04:00,8.619635581970215,8.619635581970215,8.619635581970215,8.619635581970215,0,0.0,0.0
2009-09-25 00:00:00-04:00,9.339668704966058,9.339668704966058,8.238847732543945,8.238847732543945,4700,0.0,0.0
2009-09-28 00:00:00-04:00,8.654251098632812,8.654251098632812,8.654251098632812,8.654251098632812,300,0.0,0.0
2009-09-29 00:00:00-04:00,8.654251098632812,8.654251098632812,8.654251098632812,8.654251098632812,0,0.0,0.0
2009-09-30 00:00:00-04:00,8.654251098632812,8.654251098632812,8.654251098632812,8.654251098632812,0,0.0,0.0
2009-10-01 00:00:00-04:00,8.308084487915039,8.308084487915039,8.308084487915039,8.308084487915039,100,0.0,0.0
2009-10-02 00:00:00-04:00,8.308084487915039,8.308084487915039,8.308084487915039,8.308084487915039,500,0.0,0.0
2009-10-05 00:00:00-04:00,8.169614791870117,8.190384813757579,8.169614791870117,8.169614791870117,500,0.0,0.0
2009-10-06 00:00:00-04:00,8.18346118927002,8.18346118927002,8.18346118927002,8.18346118927002,100,0.0,0.0
2009-10-07 00:00:00-04:00,8.183461253039393,8.211154835645038,8.169614791870117,8.169614791870117,1300,0.0,0.0
2009-10-08 00:00:00-04:00,8.169614791870117,8.169614791870117,8.169614791870117,8.169614791870117,0,0.0,0.0
2009-10-09 00:00:00-04:00,8.169614791870117,8.169614791870117,8.169614791870117,8.169614791870117,0,0.0,0.0
2009-10-12 00:00:00-04:00,8.01037527724459,8.01037527724459,7.172643674246066,7.961911678314209,1400,0.0,0.0
2009-10-13 00:00:00-04:00,7.961911678314209,7.961911678314209,7.961911678314209,7.961911678314209,0,0.0,0.0
2009-10-14 00:00:00-04:00,8.155766810500914,8.155766810500914,7.594971656799316,7.594971656799316,400,0.0,0.0
2009-10-15 00:00:00-04:00,8.086532647410225,8.10730266571045,7.380345422532822,8.10730266571045,700,0.0,0.0
2009-10-16 00:00:00-04:00,8.169612046903604,8.211152076721191,7.712667757308917,8.211152076721191,1300,0.0,0.0
2009-10-19 00:00:00-04:00,7.961910615258012,8.21115279682217,7.594970571777383,7.650357723236084,1800,0.0,0.0
2009-10-20 00:00:00-04:00,7.7542095024786954,7.961911678314209,7.7542095024786954,7.961911678314209,1100,0.0,0.0
2009-10-21 00:00:00-04:00,7.84421438751234,7.84421438751234,7.823444366455078,7.823444366455078,600,0.0,0.0
2009-10-22 00:00:00-04:00,7.961911678314209,7.961911678314209,7.961911678314209,7.961911678314209,100,0.0,0.0
2009-10-23 00:00:00-04:00,8.13499641418457,8.13499641418457,8.13499641418457,8.13499641418457,100,0.0,0.0
2009-10-26 00:00:00-04:00,8.093454942753807,8.100378501759591,7.636510612642963,7.89267635345459,2200,0.0,0.0
2009-10-27 00:00:00-04:00,7.892676254651371,7.899599813570482,7.788825511932373,7.788825511932373,1100,0.0,0.0
2009-10-28 00:00:00-04:00,7.788825511932373,7.788825511932373,7.788825511932373,7.788825511932373,800,0.0,0.0
2009-10-29 00:00:00-04:00,8.093455575651552,8.993497848510742,8.093455575651552,8.993497848510742,7000,0.0,0.0
2009-10-30 00:00:00-04:00,8.675023257840612,8.688870379944753,8.654253234951522,8.668100357055664,1200,0.0,0.0
2009-11-02 00:00:00-05:00,8.668100357055664,8.668100357055664,8.668100357055664,8.668100357055664,0,0.0,0.0
2009-11-03 00:00:00-05:00,8.668100357055664,8.668100357055664,8.668100357055664,8.668100357055664,0,0.0,0.0
2009-11-04 00:00:00-05:00,8.668100357055664,8.668100357055664,8.668100357055664,8.668100357055664,0,0.0,0.0
2009-11-05 00:00:00-05:00,8.70271488154186,8.827336311340332,8.70271488154186,8.827336311340332,1900,0.0,0.0
2009-11-06 00:00:00-05:00,8.72348566023764,8.72348566023764,8.688868522644043,8.688868522644043,1200,0.0,0.0
2009-11-09 00:00:00-05:00,8.709638541093408,8.709638541093408,8.688868522644043,8.688868522644043,2700,0.0,0.0
2009-11-10 00:00:00-05:00,8.688868522644043,8.688868522644043,8.688868522644043,8.688868522644043,0,0.0,0.0
2009-11-11 00:00:00-05:00,9.035037524129613,9.035037524129613,8.702713966369629,8.702713966369629,300,0.0,0.0
2009-11-12 00:00:00-05:00,8.688868522644043,8.72348566023764,8.688868522644043,8.688868522644043,3000,0.0,0.0
2009-11-13 00:00:00-05:00,8.688868522644043,8.688868522644043,8.688868522644043,8.688868522644043,0,0.0,0.0
2009-11-16 00:00:00-05:00,8.688868522644043,8.688868522644043,8.688868522644043,8.688868522644043,1800,0.0,0.0
2009-11-17 00:00:00-05:00,8.688868522644043,8.688868522644043,8.688868522644043,8.688868522644043,1500,0.0,0.0
2009-11-18 00:00:00-05:00,8.688870970763674,8.688870970763674,8.481168746948242,8.481168746948242,600,0.0,0.0
2009-11-19 00:00:00-05:00,8.411930377660585,8.446547508239746,8.411930377660585,8.446547508239746,1200,0.0,0.0
2009-11-20 00:00:00-05:00,8.446547508239746,8.446547508239746,8.446547508239746,8.446547508239746,0,0.0,0.0
2009-11-23 00:00:00-05:00,8.391163558897274,8.391163558897274,8.321929931640625,8.321929931640625,400,0.0,0.0
2009-11-24 00:00:00-05:00,8.321929931640625,8.321929931640625,8.321929931640625,8.321929931640625,0,0.0,0.0
2009-11-25 00:00:00-05:00,8.121152270008679,8.308084487915039,8.100382243663717,8.308084487915039,900,0.0,0.0
2009-11-27 00:00:00-05:00,8.308084487915039,8.308084487915039,8.308084487915039,8.308084487915039,0,0.0,0.0
2009-11-30 00:00:00-05:00,8.100377466552402,8.425777435302734,8.100377466552402,8.425777435302734,1300,0.0,0.0
2009-12-01 00:00:00-05:00,7.7542087286839845,8.501935958862305,7.726515152020601,8.501935958862305,1600,0.0,0.0
2009-12-02 00:00:00-05:00,8.058839797973633,8.058839797973633,8.058839797973633,8.058839797973633,200,0.0,0.0
2009-12-03 00:00:00-05:00,7.9896028820144425,8.675019264221191,7.968832868687007,8.675019264221191,900,0.0,0.0
2009-12-04 00:00:00-05:00,9.007348424112024,9.007348424112024,8.308084487915039,8.308084487915039,1200,0.0,0.0
2009-12-07 00:00:00-05:00,8.308084487915039,8.308084487915039,8.308084487915039,8.308084487915039,0,0.0,0.0
2009-12-08 00:00:00-05:00,8.308084487915039,8.308084487915039,8.308084487915039,8.308084487915039,400,0.0,0.0
2009-12-09 00:00:00-05:00,8.315004209070374,8.315004209070374,7.89267635345459,7.89267635345459,4000,0.0,0.0
2009-12-10 00:00:00-05:00,7.899600667620767,8.626557926048106,7.899600667620767,8.13499641418457,1300,0.0,0.0
2009-12-11 00:00:00-05:00,7.975758436623806,7.975758436623806,7.968834877014161,7.96883487701416,400,0.0,0.0
2009-12-14 00:00:00-05:00,7.927294630252324,8.058839629245359,7.927294630252324,8.031146049499512,800,0.0,0.0
2009-12-15 00:00:00-05:00,8.031146049499512,8.031146049499512,8.031146049499512,8.031146049499512,0,0.0,0.0
2009-12-16 00:00:00-05:00,7.961913280803829,7.961913280803829,7.761134624481201,7.761134624481201,600,0.0,0.0
2009-12-17 00:00:00-05:00,8.16961394822874,8.59886476442286,8.031146049499512,8.031146049499512,1100,0.0,0.0
2009-12-18 00:00:00-05:00,8.031146049499512,8.031146049499512,8.031146049499512,8.031146049499512,200,0.0,0.0
2009-12-21 00:00:00-05:00,8.031146049499512,8.031146049499512,8.031146049499512,8.031146049499512,0,0.0,0.0
2009-12-22 00:00:00-05:00,8.031146049499512,8.031146049499512,8.031146049499512,8.031146049499512,0,0.0,0.0
2009-12-23 00:00:00-05:00,7.823443549886072,7.823443549886072,7.768056392669678,7.768056392669678,1900,0.0,0.0
2009-12-24 00:00:00-05:00,7.802672629770597,7.802672629770597,7.788825511932373,7.788825511932373,1900,0.0,0.0
2009-12-28 00:00:00-05:00,7.77497929212148,7.802673530996673,7.768056392669678,7.768056392669678,2100,0.0,0.0
2009-12-29 00:00:00-05:00,7.768056392669678,7.768056392669678,7.768056392669678,7.768056392669678,0,0.0,0.0
2009-12-30 00:00:00-05:00,7.809597885978329,7.8511385917663565,7.802674985236257,7.851138591766357,800,0.0,0.0
2009-12-31 00:00:00-05:00,7.8511385917663565,7.8511385917663565,7.8511385917663565,7.851138591766357,0,0.0,0.0
2010-01-04 00:00:00-05:00,7.85806131362915,7.954988516338691,7.85806131362915,7.85806131362915,3000,0.0,0.0
2010-01-05 00:00:00-05:00,7.871907773901778,7.948064956068853,7.85806131362915,7.85806131362915,2200,0.0,0.0
2010-01-06 00:00:00-05:00,7.871908180262898,8.169614684563564,7.802674554791706,8.01729965209961,6000,0.0,0.0
2010-01-07 00:00:00-05:00,7.9134505766540375,7.9134505766540375,7.77498197555542,7.77498197555542,2900,0.0,0.0
2010-01-08 00:00:00-05:00,7.809597078300203,7.858061340085189,7.78882705768781,7.795750617980957,2300,0.0,0.0
2010-01-11 00:00:00-05:00,7.788825511932373,7.809595528422789,7.788825511932373,7.788825511932373,1900,0.0,0.0
2010-01-12 00:00:00-05:00,7.788825511932373,7.788825511932373,7.788825511932373,7.788825511932373,0,0.0,0.0
2010-01-13 00:00:00-05:00,7.961911678314209,7.961911678314209,7.961911678314209,7.961911678314209,200,0.0,0.0
2010-01-14 00:00:00-05:00,7.961911562599964,7.961911562599964,7.885754385349477,7.9549880027771,1100,0.0,0.0
2010-01-15 00:00:00-05:00,7.823444366455078,7.823444366455078,7.823444366455078,7.823444366455078,300,0.0,0.0
2010-01-19 00:00:00-05:00,7.961911678314209,7.961911678314209,7.961911678314209,7.961911678314209,200,0.0,0.0
2010-01-20 00:00:00-05:00,7.961911678314209,7.961911678314209,7.961911678314209,7.961911678314209,0,0.0,0.0
2010-01-21 00:00:00-05:00,8.287313461303711,8.287313461303711,8.287313461303711,8.287313461303711,100,0.0,0.0
2010-01-22 00:00:00-05:00,8.301157530194697,8.64732757559331,8.093455370902136,8.529629707336426,3300,0.0,0.0
2010-01-25 00:00:00-05:00,8.605785501301057,8.605785501301057,8.294232006031532,8.363466262817383,5000,0.0,0.0
2010-01-26 00:00:00-05:00,8.411934452254043,8.488092308471096,8.23884937578571,8.481168746948242,2100,0.0,0.0
2010-01-27 00:00:00-05:00,8.550402156095055,8.550402156095055,8.321929931640625,8.321929931640625,200,0.0,0.0
2010-01-28 00:00:00-05:00,8.321929931640625,8.321929931640625,8.321929931640625,8.321929931640625,0,0.0,0.0
2010-01-29 00:00:00-05:00,8.481168746948242,8.481168746948242,8.453475161123995,8.481168746948242,2500,0.0,0.0
2010-02-01 00:00:00-05:00,8.550403594970703,8.550403594970703,8.294237084184982,8.550403594970703,300,0.0,0.0
2010-02-02 00:00:00-05:00,8.647327539289835,8.654251098632812,8.647327539289835,8.654251098632812,1300,0.0,0.0
2010-02-03 00:00:00-05:00,8.654251098632812,8.654251098632812,8.654251098632812,8.654251098632812,0,0.0,0.0
2010-02-04 00:00:00-05:00,9.000421524047852,9.000421524047852,9.000421524047852,9.000421524047852,500,0.0,0.0
2010-02-05 00:00:00-05:00,9.000422425507706,9.000422425507706,8.979652404785156,8.979652404785156,400,0.0,0.0
2010-02-08 00:00:00-05:00,8.979652404785156,8.979652404785156,8.979652404785156,8.979652404785156,0,0.0,0.0
2010-02-09 00:00:00-05:00,8.495012971717987,8.60578727722168,8.495012971717987,8.60578727722168,200,0.0,0.0
2010-02-10 00:00:00-05:00,8.51578481337797,8.654252724923325,8.51578481337797,8.619635581970215,600,0.0,0.0
2010-02-11 00:00:00-05:00,8.619633962184889,8.654251098632812,8.619633962184889,8.654251098632812,1900,0.0,0.0
2010-02-12 00:00:00-05:00,8.99349796441143,9.000421524047852,8.99349796441143,9.000421524047852,1400,0.0,0.0
2010-02-16 00:00:00-05:00,9.000421524047852,9.000421524047852,9.000421524047852,9.000421524047852,0,0.0,0.0
2010-02-17 00:00:00-05:00,8.827336311340332,8.827336311340332,8.827336311340332,8.827336311340332,1400,0.0,0.0
2010-02-18 00:00:00-05:00,8.827336311340332,8.827336311340332,8.827336311340332,8.827336311340332,9000,0.0,0.0
2010-02-19 00:00:00-05:00,8.82733646797542,8.82733646797542,8.709638595581055,8.709638595581055,300,0.0,0.0
2010-02-22 00:00:00-05:00,8.633480072021484,8.633480072021484,8.633480072021484,8.633480072021484,800,0.0,0.0
2010-02-23 00:00:00-05:00,8.661176767670714,9.305052757263184,8.654253206641291,9.305052757263184,1200,0.0,0.0
2010-02-24 00:00:00-05:00,9.332743499873622,9.450441360473633,9.332743499873622,9.450441360473633,2600,0.0,0.0
2010-02-25 00:00:00-05:00,9.30505039744406,9.665067556465948,9.30505039744406,9.658143997192383,3000,0.0,0.0
2010-02-26 00:00:00-05:00,9.000421408057939,9.021191426432548,8.972727830136131,8.993497848510742,1500,0.0,0.0
2010-03-01 00:00:00-05:00,9.422747785054039,9.450441360473633,9.422747785054039,9.450441360473633,400,0.0,0.0
2010-03-02 00:00:00-05:00,9.422748209876955,9.637373924255371,9.069655272424711,9.637373924255371,3500,0.0,0.0
2010-03-03 00:00:00-05:00,9.602755945791438,11.451304502197102,9.588909488805745,11.112056732177734,4900,0.0,0.0
2010-03-04 00:00:00-05:00,11.077442276276965,11.118982315063477,11.035901577223441,11.118982315063477,7900,0.0,0.0
2010-03-05 00:00:00-05:00,10.246635373370347,10.398950406426868,10.246635373370347,10.260481834411621,700,0.0,0.0
2010-03-08 00:00:00-05:00,10.260481834411621,10.260481834411621,10.260481834411621,10.260481834411621,0,0.0,0.0
2010-03-09 00:00:00-05:00,10.260481834411621,10.260481834411621,10.260481834411621,10.260481834411621,0,0.0,0.0
2010-03-10 00:00:00-05:00,10.378179972525217,10.731273651123047,10.378179972525217,10.731273651123047,600,0.0,0.0
2010-03-11 00:00:00-05:00,10.260480833483841,10.385102272033691,10.260480833483841,10.385102272033691,600,0.0,0.0
2010-03-12 00:00:00-05:00,10.385102272033691,10.385102272033691,10.385102272033691,10.385102272033691,0,0.0,0.0
2010-03-15 00:00:00-04:00,10.558185577392578,10.558185577392578,10.558185577392578,10.558185577392578,300,0.0,0.0
2010-03-16 00:00:00-04:00,11.015129695276125,11.035899711157368,10.959742546081543,10.959742546081543,300,0.0,0.0
2010-03-17 00:00:00-04:00,10.911279272030455,10.911279272030455,10.869738578796387,10.869738578796387,200,0.0,0.0
2010-03-18 00:00:00-04:00,11.42361337503133,11.42361337503133,11.070519712248084,11.285144805908203,2800,0.0,0.0
2010-03-19 00:00:00-04:00,11.049749690986442,11.285144805908203,11.049749690986442,11.285144805908203,200,0.0,0.0
2010-03-22 00:00:00-04:00,11.423611253499985,11.478998406756205,11.077441215515137,11.077441215515137,500,0.0,0.0
2010-03-23 00:00:00-04:00,11.077441215515137,11.077441215515137,11.077441215515137,11.077441215515137,0,0.0,0.0
2010-03-24 00:00:00-04:00,11.444383107288346,11.458228906624884,11.056672334383574,11.215910911560059,2400,0.0,0.0
2010-03-25 00:00:00-04:00,11.472076646470946,11.520540248102987,11.146677235131449,11.485923767089844,4000,0.0,0.0
2010-03-26 00:00:00-04:00,11.049748420715332,11.049748420715332,11.049748420715332,11.049748420715332,400,0.0,0.0
2010-03-29 00:00:00-04:00,11.077441409246948,11.077441409246948,10.800505638122559,10.800505638122559,900,0.0,0.0
2010-03-30 00:00:00-04:00,10.565112113952637,10.62049927977079,10.558188553158594,10.565112113952637,1900,0.0,0.0
2010-03-31 00:00:00-04:00,10.572035674746681,10.572035674746681,10.565112113952637,10.565112113952637,500,0.0,0.0
2010-04-01 00:00:00-04:00,10.782586097717285,10.782586097717285,10.782586097717285,10.782586097717285,4500,0.2,0.0
2010-04-05 00:00:00-04:00,10.600186790167033,10.803631782531738,10.600186790167033,10.803631782531738,400,0.0,0.0
2010-04-06 00:00:00-04:00,10.803631782531738,10.803631782531738,10.803631782531738,10.803631782531738,0,0.0,0.0
2010-04-07 00:00:00-04:00,10.733478074284635,10.733478074284635,10.663324356079102,10.663324356079102,200,0.0,0.0
2010-04-08 00:00:00-04:00,10.803631782531738,10.803631782531738,10.803631782531738,10.803631782531738,8200,0.0,0.0
2010-04-09 00:00:00-04:00,10.09508228302002,10.417788198551204,10.09508228302002,10.09508228302002,1000,0.0,0.0
2010-04-12 00:00:00-04:00,10.123142885034287,10.123142885034287,10.031943321228027,10.031943321228027,400,0.0,0.0
2010-04-13 00:00:00-04:00,9.982834692946588,10.523016529251827,9.982834692946588,10.50898551940918,11800,0.0,0.0
2010-04-14 00:00:00-04:00,10.50898551940918,10.50898551940918,10.50898551940918,10.50898551940918,0,0.0,0.0
2010-04-15 00:00:00-04:00,9.919701407034092,9.919701407034092,9.821486303149756,9.84253215789795,3500,0.0,0.0
2010-04-16 00:00:00-04:00,10.94393930041081,10.94393930041081,10.39674186706543,10.39674186706543,400,0.0,0.0
2010-04-19 00:00:00-04:00,9.702224080632208,9.89163875579834,9.660132376619005,9.89163875579834,1300,0.0,0.0
2010-04-20 00:00:00-04:00,10.137174606323242,10.137174606323242,10.137174606323242,10.137174606323242,100,0.0,0.0
2010-04-21 00:00:00-04:00,10.017912310318406,10.031943321228027,9.891636557308944,10.031943321228027,1100,0.0,0.0
2010-04-22 00:00:00-04:00,10.18628217467375,10.90184708094936,9.821483880820521,10.277481079101562,3600,0.0,0.0
2010-04-23 00:00:00-04:00,10.452865600585938,10.452865600585938,10.452865600585938,10.452865600585938,100,0.0,0.0
2010-04-26 00:00:00-04:00,10.242404170490687,10.333603068545928,10.242404170490687,10.312557220458984,1100,0.0,0.0
2010-04-27 00:00:00-04:00,10.796616084597304,10.796616084597304,9.996866521985694,10.221357345581055,1400,0.0,0.0
2010-04-28 00:00:00-04:00,10.705417747940928,10.705417747940928,9.926713943481445,9.926713943481445,5500,0.0,0.0
2010-04-29 00:00:00-04:00,10.067020179466654,10.067020179466654,10.031943321228027,10.031943321228027,1300,0.0,0.0
2010-04-30 00:00:00-04:00,9.828498840332031,10.691385983585386,9.786406474522753,9.828498840332031,2200,0.0,0.0
2010-05-03 00:00:00-04:00,9.646100719649835,10.045975226300314,9.646100719649835,9.653116226196289,3800,0.0,0.0
2010-05-04 00:00:00-04:00,9.856562024617062,9.856562024617062,9.428625457402685,9.575947761535645,8000,0.0,0.0
2010-05-05 00:00:00-04:00,9.414594542067245,9.484748270847962,9.070842742919922,9.070842742919922,12200,0.0,0.0
2010-05-06 00:00:00-04:00,9.351457005838833,9.477733459291445,8.979643821716309,8.979643821716309,1800,0.0,0.0
2010-05-07 00:00:00-04:00,8.979643821716309,8.979643821716309,8.979643821716309,8.979643821716309,0,0.0,0.0
2010-05-10 00:00:00-04:00,9.169058636059944,9.211151013909928,8.713061332702637,8.713061332702637,4800,0.0,0.0
2010-05-11 00:00:00-04:00,8.593800989720858,8.797246047614047,8.593800989720858,8.663954734802246,139800,0.0,0.0
2010-05-12 00:00:00-04:00,8.649919863212169,8.769180775278793,8.628874016681412,8.699027061462402,14900,0.0,0.0
2010-05-13 00:00:00-04:00,8.762166698867512,8.783213217865558,8.677982629981852,8.769182205200195,5600,0.0,0.0
2010-05-14 00:00:00-04:00,8.769182205200195,9.00068856189464,8.769182205200195,8.769182205200195,6400,0.0,0.0
2010-05-17 00:00:00-04:00,9.098902505937685,9.098902505937685,8.83231931994249,9.021733283996582,1800,0.0,0.0
2010-05-18 00:00:00-04:00,8.867396158106699,9.028748769008336,8.790226936340332,8.790226936340332,1000,0.0,0.0
2010-05-19 00:00:00-04:00,8.811275482177734,8.811275482177734,8.811275482177734,8.811275482177734,400,0.0,0.0
2010-05-20 00:00:00-04:00,8.804258346557617,8.804258346557617,8.804258346557617,8.804258346557617,1700,0.0,0.0
2010-05-21 00:00:00-04:00,8.804257584868507,8.874410629272461,8.804257584868507,8.874410629272461,500,0.0,0.0
2010-05-24 00:00:00-04:00,8.81127392377082,8.860381126403809,8.776197063732058,8.860381126403809,2000,0.0,0.0
2010-05-25 00:00:00-04:00,8.804261378251528,8.972629560206203,8.769184506418716,8.783215522766113,6000,0.0,0.0
2010-05-26 00:00:00-04:00,9.47071647644043,9.47071647644043,9.47071647644043,9.47071647644043,2000,0.0,0.0
2010-05-27 00:00:00-04:00,9.126966810871464,9.126966810871464,8.825306669060593,8.888444900512695,700,0.0,0.0
2010-05-28 00:00:00-04:00,9.47773265838623,9.47773265838623,9.47773265838623,9.47773265838623,100,0.0,0.0
2010-06-01 00:00:00-04:00,9.498777170613526,9.498777170613526,9.330409049987793,9.330409049987793,500,0.0,0.0
2010-06-02 00:00:00-04:00,8.94456637989391,9.695208207095593,8.94456637989391,9.646100997924805,5600,0.0,0.0
2010-06-03 00:00:00-04:00,9.646100389750554,9.695207595825195,9.646100389750554,9.695207595825195,400,0.0,0.0
2010-06-04 00:00:00-04:00,9.667148141399794,9.667148141399794,9.400564870628049,9.5057954788208,4900,0.0,0.0
2010-06-07 00:00:00-04:00,10.172249452009245,10.172249452009245,9.44265365600586,9.44265365600586,1500,0.0,0.0
2010-06-08 00:00:00-04:00,9.077858104578011,9.288318634033203,9.077858104578011,9.288318634033203,900,0.0,0.0
2010-06-09 00:00:00-04:00,8.986656894070743,9.54086910101418,8.986656894070743,9.084871292114258,5300,0.0,0.0
2010-06-10 00:00:00-04:00,9.084871252841214,9.190101824764175,8.97964134995366,9.12696361541748,4000,0.0,0.0
2010-06-11 00:00:00-04:00,8.979643821716309,8.979643821716309,8.979643821716309,8.979643821716309,100,0.0,0.0
2010-06-14 00:00:00-04:00,8.97964360463404,9.042781829833984,8.97964360463404,9.042781829833984,200,0.0,0.0
2010-06-15 00:00:00-04:00,9.000687905492716,9.091887474060059,9.000687905492716,9.091887474060059,600,0.0,0.0
2010-06-16 00:00:00-04:00,9.119949886457098,9.119949886457098,9.01471996307373,9.01471996307373,2200,0.0,0.0
2010-06-17 00:00:00-04:00,9.667146371941401,9.716254247723649,8.9235200881958,8.9235200881958,2500,0.0,0.0
2010-06-18 00:00:00-04:00,8.811274574160779,8.909488986676296,8.769182205200195,8.769182205200195,800,0.0,0.0
2010-06-21 00:00:00-04:00,8.951580702816246,9.162041194199695,8.951580702816246,9.091887474060059,900,0.0,0.0
2010-06-22 00:00:00-04:00,8.979643098934096,9.225179809840466,8.972627592299062,9.01471996307373,2700,0.0,0.0
2010-06-23 00:00:00-04:00,9.11293293771964,9.190102160422075,8.944564819335938,8.944564819335938,1100,0.0,0.0
2010-06-24 00:00:00-04:00,8.846348923272194,9.014717694973806,8.825303077697754,8.825303077697754,1800,0.0,0.0
2010-06-25 00:00:00-04:00,8.839335832641291,8.84635066986084,8.825304820131192,8.84635066986084,1400,0.0,0.0
2010-06-28 00:00:00-04:00,8.825304194796018,8.83933520631192,8.804258346557617,8.804258346557617,3900,0.0,0.0
2010-06-29 00:00:00-04:00,8.790227335041715,9.119948746275446,8.790227335041715,8.804258346557617,500,0.0,0.0
2010-06-30 00:00:00-04:00,9.119947957274785,9.119947957274785,8.839334441588182,8.874410629272461,1900,0.0,0.0
2010-07-01 00:00:00-04:00,8.853367368263696,9.119950620532771,8.853367368263696,8.979643821716309,6700,0.0,0.0
2010-07-02 00:00:00-04:00,8.874410629272461,8.944564342711809,8.874410629272461,8.874410629272461,8700,0.0,0.0
2010-07-06 00:00:00-04:00,8.97262720559942,9.05681127448508,8.769182205200195,8.769182205200195,1600,0.0,0.0
2010-07-07 00:00:00-04:00,8.993671834234906,8.993671834234906,8.73410415649414,8.73410415649414,3200,0.0,0.0
2010-07-08 00:00:00-04:00,8.73410415649414,8.73410415649414,8.73410415649414,8.73410415649414,0,0.0,0.0
2010-07-09 00:00:00-04:00,8.73410415649414,8.73410415649414,8.73410415649414,8.73410415649414,0,0.0,0.0
2010-07-12 00:00:00-04:00,8.769182205200195,8.769182205200195,8.769182205200195,8.769182205200195,200,0.0,0.0
2010-07-13 00:00:00-04:00,8.839333731858671,8.909486770629883,8.684995976105458,8.909486770629883,3000,0.0,0.0
2010-07-14 00:00:00-04:00,8.909486770629883,8.909486770629883,8.909486770629883,8.909486770629883,0,0.0,0.0
2010-07-15 00:00:00-04:00,8.909486770629883,8.909486770629883,8.909486770629883,8.909486770629883,0,0.0,0.0
2010-07-16 00:00:00-04:00,8.692016099027661,8.692016099027661,8.663954734802246,8.663954734802246,800,0.0,0.0
2010-07-19 00:00:00-04:00,8.66395411607403,9.07084420280273,8.66395411607403,8.713061332702637,1000,0.0,0.0
2010-07-20 00:00:00-04:00,8.713061332702637,8.713061332702637,8.713061332702637,8.713061332702637,0,0.0,0.0
2010-07-21 00:00:00-04:00,9.05681037902832,9.05681037902832,9.05681037902832,9.05681037902832,100,0.0,0.0
2010-07-22 00:00:00-04:00,9.05681037902832,9.05681037902832,9.05681037902832,9.05681037902832,0,0.0,0.0
2010-07-23 00:00:00-04:00,9.112932499884554,9.112932499884554,8.776196279295798,8.839334487915039,800,0.0,0.0
2010-07-26 00:00:00-04:00,8.825304820131192,9.014719474804528,8.797243464146494,8.84635066986084,3100,0.0,0.0
2010-07-27 00:00:00-04:00,8.825302722683224,8.916502275217606,8.825302722683224,8.909486770629883,400,0.0,0.0
2010-07-28 00:00:00-04:00,9.049794282304877,9.049794282304877,8.825303468801312,8.972625732421875,1200,0.0,0.0
2010-07-29 00:00:00-04:00,8.804258787213035,9.0989033534395,8.804258787213035,9.00770378112793,2400,0.0,0.0
2010-07-30 00:00:00-04:00,9.32339238791848,9.32339238791848,8.88142562431984,9.11994743347168,3800,0.0,0.0
2010-08-02 00:00:00-04:00,9.007703418893229,9.323393821716309,9.007703418893229,9.323393821716309,7300,0.0,0.0
2010-08-03 00:00:00-04:00,9.29533103796152,9.29533103796152,9.11994743347168,9.11994743347168,4800,0.0,0.0
2010-08-04 00:00:00-04:00,9.098901588262798,9.126962938219759,9.08487057876664,9.11994743347168,4600,0.0,0.0
2010-08-05 00:00:00-04:00,8.846349425991656,9.225178013036423,8.846349425991656,9.12696361541748,2600,0.0,0.0
2010-08-06 00:00:00-04:00,8.874410629272461,8.874410629272461,8.874410629272461,8.874410629272461,1400,0.0,0.0
2010-08-09 00:00:00-04:00,9.063825406070785,9.155024967456523,9.063825406070785,9.12696361541748,1800,0.0,0.0
2010-08-10 00:00:00-04:00,9.133980585706029,9.246226011865495,9.133980585706029,9.15502643585205,2500,0.0,0.0
2010-08-11 00:00:00-04:00,9.15502643585205,9.281302205763694,9.084872709984628,9.15502643585205,4400,0.0,0.0
2010-08-12 00:00:00-04:00,9.155024288176719,9.155024288176719,9.11994743347168,9.11994743347168,6300,0.0,0.0
2010-08-13 00:00:00-04:00,9.155025645692861,9.155025645692861,9.11994878578659,9.133979797363281,6800,0.0,0.0
2010-08-16 00:00:00-04:00,8.895457191346498,8.944564389590175,8.839334487915039,8.839334487915039,1300,0.0,0.0
2010-08-17 00:00:00-04:00,8.83933551150511,8.944565425365811,8.83933551150511,8.895458221435547,3800,0.0,0.0
2010-08-18 00:00:00-04:00,9.119950672430232,9.119950672430232,8.853367418644154,8.937551498413086,600,0.0,0.0
2010-08-19 00:00:00-04:00,8.937550059798093,8.937550059798093,8.663952011847133,8.77619743347168,5200,0.0,0.0
2010-08-20 00:00:00-04:00,9.028747672479819,9.028747672479819,8.909486770629883,8.909486770629883,900,0.0,0.0
2010-08-23 00:00:00-04:00,8.909490754651516,9.00770585569208,8.888444900512695,8.888444900512695,2200,0.0,0.0
2010-08-24 00:00:00-04:00,8.495582571504041,8.663951360314956,8.495582571504041,8.635890007019043,4100,0.0,0.0
2010-08-25 00:00:00-04:00,8.509614923681529,8.762167143143904,8.509614923681529,8.741121292114258,2100,0.0,0.0
2010-08-26 00:00:00-04:00,8.642904083114482,8.706042289733887,8.642904083114482,8.706042289733887,500,0.0,0.0
2010-08-27 00:00:00-04:00,8.727088725453457,8.790226936340332,8.727088725453457,8.790226936340332,500,0.0,0.0
2010-08-30 00:00:00-04:00,8.790226936340332,8.790226936340332,8.790226936340332,8.790226936340332,0,0.0,0.0
2010-08-31 00:00:00-04:00,8.769182205200195,8.769182205200195,8.769182205200195,8.769182205200195,1100,0.0,0.0
2010-09-01 00:00:00-04:00,8.937549989171803,8.951581001281738,8.88844278485799,8.951581001281738,4000,0.0,0.0
2010-09-02 00:00:00-04:00,9.00770378112793,9.00770378112793,9.00770378112793,9.00770378112793,100,0.0,0.0
2010-09-03 00:00:00-04:00,9.042778888348879,9.190101142881758,8.762164719743922,9.11994743347168,8400,0.0,0.0
2010-09-07 00:00:00-04:00,9.119951886675464,9.119951886675464,8.776200014592415,8.783215522766113,1500,0.0,0.0
2010-09-08 00:00:00-04:00,8.874409916726606,8.909486770629883,8.874409916726606,8.909486770629883,300,0.0,0.0
2010-09-09 00:00:00-04:00,9.05203914642334,9.05203914642334,9.05203914642334,9.05203914642334,0,0.2,0.0
2010-09-10 00:00:00-04:00,9.1518278192232,9.158955574035645,9.1518278192232,9.158955574035645,3000,0.0,0.0
2010-09-13 00:00:00-04:00,9.265867712478489,9.337143889855094,9.265867712478489,9.330016136169434,3100,0.0,0.0
2010-09-14 00:00:00-04:00,9.330017334820221,9.330017334820221,9.301506996154785,9.301506996154785,200,0.0,0.0
2010-09-15 00:00:00-04:00,9.272994995117188,9.272994995117188,9.272994995117188,9.272994995117188,200,0.0,0.0
2010-09-16 00:00:00-04:00,9.272994995117188,9.272994995117188,9.272994995117188,9.272994995117188,1800,0.0,0.0
2010-09-17 00:00:00-04:00,9.301508411032122,9.401294271669798,9.301508411032122,9.365656852722168,4500,0.0,0.0
2010-09-20 00:00:00-04:00,9.365656852722168,9.365656852722168,9.365656852722168,9.365656852722168,0,0.0,0.0
2010-09-21 00:00:00-04:00,9.401291638507447,9.45831298828125,9.401291638507447,9.45831298828125,800,0.0,0.0
2010-09-22 00:00:00-04:00,9.60799316872232,9.60799316872232,9.508207321166992,9.508207321166992,1700,0.0,0.0
2010-09-23 00:00:00-04:00,9.550972986529972,9.800438977862528,9.451187133789062,9.451187133789062,900,0.0,0.0
2010-09-24 00:00:00-04:00,9.458313442437683,9.479696024792077,9.372781753540039,9.372781753540039,2000,0.0,0.0
2010-09-27 00:00:00-04:00,9.265867216835833,9.607991218566895,9.230229130053855,9.607991218566895,1100,0.0,0.0
2010-09-28 00:00:00-04:00,9.265866765436137,9.479694595971111,9.265866765436137,9.444056510925293,4200,0.0,0.0
2010-09-29 00:00:00-04:00,9.479695320129395,9.479695320129395,9.479695320129395,9.479695320129395,600,0.0,0.0
2010-09-30 00:00:00-04:00,9.479695320129395,9.479695320129395,9.479695320129395,9.479695320129395,0,0.0,0.0
2010-10-01 00:00:00-04:00,9.479697380765586,9.80043888092041,9.479697380765586,9.80043888092041,1100,0.0,0.0
2010-10-04 00:00:00-04:00,9.80043888092041,9.80043888092041,9.80043888092041,9.80043888092041,0,0.0,0.0
2010-10-05 00:00:00-04:00,9.622247695922852,9.622247695922852,9.622247695922852,9.622247695922852,800,0.0,0.0
2010-10-06 00:00:00-04:00,9.622250312407512,9.657888412475586,9.622250312407512,9.657888412475586,900,0.0,0.0
2010-10-07 00:00:00-04:00,9.657888412475586,9.729163932871508,9.272998427168893,9.657888412475586,2800,0.0,0.0
2010-10-08 00:00:00-04:00,9.729162216186523,9.729162216186523,9.729162216186523,9.729162216186523,1200,0.0,0.0
2010-10-11 00:00:00-04:00,9.65788600656523,9.836075782775879,9.65788600656523,9.836075782775879,1700,0.0,0.0
2010-10-12 00:00:00-04:00,9.90735149383545,9.90735149383545,9.90735149383545,9.90735149383545,500,0.0,0.0
2010-10-13 00:00:00-04:00,9.90735079602085,9.978626974880287,9.764799118041992,9.764799118041992,1600,0.0,0.0
2010-10-14 00:00:00-04:00,9.800437691585739,9.836075782775879,9.800437691585739,9.836075782775879,300,0.0,0.0
2010-10-15 00:00:00-04:00,9.836075782775879,9.836075782775879,9.836075782775879,9.836075782775879,200,0.0,0.0
2010-10-18 00:00:00-04:00,9.836075989695809,9.90735149383545,9.836075989695809,9.90735149383545,600,0.0,0.0
2010-10-19 00:00:00-04:00,9.836075782775879,9.836075782775879,9.836075782775879,9.836075782775879,2100,0.0,0.0
2010-10-20 00:00:00-04:00,9.97862720489502,9.97862720489502,9.97862720489502,9.97862720489502,2500,0.0,0.0
2010-10-21 00:00:00-04:00,10.049903138280406,10.327878739976578,10.049903138280406,10.256603240966797,2600,0.0,0.0
2010-10-22 00:00:00-04:00,10.256603240966797,10.256603240966797,10.256603240966797,10.256603240966797,0,0.0,0.0
2010-10-25 00:00:00-04:00,9.907351258272733,9.978627440457737,9.907351258272733,9.942989349365234,2900,0.0,0.0
2010-10-26 00:00:00-04:00,9.928734286387357,9.97862720489502,9.907351024392614,9.97862720489502,1200,0.0,0.0
2010-10-27 00:00:00-04:00,9.985753744553966,9.985753744553966,9.757670402526855,9.757670402526855,1100,0.0,0.0
2010-10-28 00:00:00-04:00,9.771928064670332,9.771928064670332,9.707779631814669,9.729162216186523,2400,0.0,0.0
2010-10-29 00:00:00-04:00,9.729161252876631,9.97862720489502,9.707778670621924,9.97862720489502,2800,0.0,0.0
2010-11-01 00:00:00-04:00,9.97862720489502,9.97862720489502,9.942989114643817,9.97862720489502,3300,0.0,0.0
2010-11-02 00:00:00-04:00,9.97862720489502,9.985754958893267,9.907351024392614,9.97862720489502,1500,0.0,0.0
2010-11-03 00:00:00-04:00,9.950119472181042,10.007140159606934,9.950119472181042,10.007140159606934,4400,0.0,0.0
2010-11-04 00:00:00-04:00,9.978625288334811,9.978625288334811,9.301504422574357,9.971497535705566,4600,0.0,0.0
2010-11-05 00:00:00-04:00,9.985754236870266,10.071285239444787,9.636502473089303,10.064157485961914,2300,0.0,0.0
2010-11-08 00:00:00-05:00,10.064157485961914,10.064157485961914,10.064157485961914,10.064157485961914,0,0.0,0.0
2010-11-09 00:00:00-05:00,10.114051132161553,10.114051132161553,9.907351024392614,9.97862720489502,1500,0.0,0.0
2010-11-10 00:00:00-05:00,9.950118482414595,10.114052772521973,9.543845954983144,10.114052772521973,5000,0.0,0.0
2010-11-11 00:00:00-05:00,10.021393024875598,10.085540771484375,10.021393024875598,10.085540771484375,500,0.0,0.0
2010-11-12 00:00:00-05:00,9.978628678755326,9.978628678755326,9.764800785405399,9.80043888092041,2000,0.0,0.0
2010-11-15 00:00:00-05:00,9.864586837275509,9.907352006022137,9.864586837275509,9.87171459197998,1800,0.0,0.0
2010-11-16 00:00:00-05:00,9.978627677715156,9.978627677715156,9.90735149383545,9.90735149383545,2400,0.0,0.0
2010-11-17 00:00:00-05:00,9.90735150133489,9.97149993092717,9.90735150133489,9.91447925567627,400,0.0,0.0
2010-11-18 00:00:00-05:00,9.90735031641871,9.90735031641871,9.764798645340594,9.828947067260742,700,0.0,0.0
2010-11-19 00:00:00-05:00,9.800436029001236,9.800436029001236,9.693522453308105,9.693522453308105,300,0.0,0.0
2010-11-22 00:00:00-05:00,9.693521014452688,9.700648086631706,9.408417055357118,9.636500358581543,1200,0.0,0.0
2010-11-23 00:00:00-05:00,9.657885786300202,9.657885786300202,9.622247695922852,9.622247695922852,1000,0.0,0.0
2010-11-24 00:00:00-05:00,9.978627205803198,9.978627205803198,9.850330352783203,9.850330352783203,700,0.0,0.0
2010-11-26 00:00:00-05:00,9.850330352783203,9.850330352783203,9.850330352783203,9.850330352783203,0,0.0,0.0
2010-11-29 00:00:00-05:00,9.78618335723877,9.78618335723877,9.78618335723877,9.78618335723877,100,0.0,0.0
2010-11-30 00:00:00-05:00,9.786181226067315,9.885967735691988,9.786181226067315,9.828947067260742,1000,0.0,0.0
2010-12-01 00:00:00-05:00,9.942989349365234,9.942989349365234,9.907351258272733,9.942989349365234,5200,0.0,0.0
2010-12-02 00:00:00-05:00,9.942989349365234,9.942989349365234,9.942989349365234,9.942989349365234,0,0.0,0.0
2010-12-03 00:00:00-05:00,9.942989349365234,9.942989349365234,9.907351258272733,9.942989349365234,3100,0.0,0.0
2010-12-06 00:00:00-05:00,9.942989349365234,9.942989349365234,9.942989349365234,9.942989349365234,200,0.0,0.0
2010-12-07 00:00:00-05:00,10.106924057903338,10.106924057903338,9.942989114643817,9.97862720489502,1400,0.0,0.0
2010-12-08 00:00:00-05:00,9.97862720489502,9.97862720489502,9.97862720489502,9.97862720489502,0,0.0,0.0
2010-12-09 00:00:00-05:00,9.97862720489502,10.085540795908596,9.97862720489502,9.97862720489502,900,0.0,0.0
2010-12-10 00:00:00-05:00,10.049901487918122,10.106922149658203,10.049901487918122,10.106922149658203,300,0.0,0.0
2010-12-13 00:00:00-05:00,10.106924783508475,10.121179612788332,9.985755675799327,10.014266014099121,14000,0.0,0.0
2010-12-14 00:00:00-05:00,10.049904106908887,10.049904106908887,10.014266014099121,10.014266014099121,1300,0.0,0.0
2010-12-15 00:00:00-05:00,10.014266014099121,10.014266014099121,10.014266014099121,10.014266014099121,0,0.0,0.0
2010-12-16 00:00:00-05:00,10.028520591616237,10.035648345947266,10.028520591616237,10.035648345947266,200,0.0,0.0
2010-12-17 00:00:00-05:00,10.049904823303223,10.08554223891327,10.049904823303223,10.049904823303223,700,0.0,0.0
2010-12-20 00:00:00-05:00,10.2209651515919,10.256603240966797,10.2209651515919,10.256603240966797,3000,0.0,0.0
2010-12-21 00:00:00-05:00,10.228094541147723,10.263731956481934,10.228094541147723,10.263731956481934,1900,0.0,0.0
2010-12-22 00:00:00-05:00,9.992884142638989,10.285115300978223,9.992884142638989,10.049904823303223,1900,0.0,0.0
2010-12-23 00:00:00-05:00,10.00001075720055,10.007138511890226,9.992883682250977,9.992883682250977,1000,0.0,0.0
2010-12-27 00:00:00-05:00,9.942989349365234,9.942989349365234,9.942989349365234,9.942989349365234,300,0.0,0.0
2010-12-28 00:00:00-05:00,9.985754703215061,10.12117862701416,9.985754703215061,10.12117862701416,2000,0.0,0.0
2010-12-29 00:00:00-05:00,10.014266727953043,10.08554223891327,10.014266727953043,10.049904823303223,1600,0.0,0.0
2010-12-30 00:00:00-05:00,10.049904823303223,10.049904823303223,10.049904823303223,10.049904823303223,400,0.0,0.0
2010-12-31 00:00:00-05:00,10.085540305507285,10.156816482543945,10.085540305507285,10.156816482543945,1800,0.0,0.0
2011-01-03 00:00:00-05:00,10.14968872889228,10.156816482543945,10.14968872889228,10.156816482543945,16600,0.0,0.0
2011-01-04 00:00:00-05:00,10.121178861649273,10.163944705795158,10.035647853097537,10.085540771484375,900,0.0,0.0
2011-01-05 00:00:00-05:00,10.085542160850371,10.263731956481934,10.085542160850371,10.263731956481934,4900,0.0,0.0
2011-01-06 00:00:00-05:00,10.178198099193612,10.178198099193612,10.121177434864007,10.149687767028809,1700,0.0,0.0
2011-01-07 00:00:00-05:00,10.12117862701416,10.12117862701416,10.12117862701416,10.12117862701416,2500,0.0,0.0
2011-01-10 00:00:00-05:00,10.178199063758942,10.178199063758942,10.156816482543945,10.156816482543945,3600,0.0,0.0
2011-01-11 00:00:00-05:00,10.178199791105794,10.292241138721986,10.178199791105794,10.199583053588867,900,0.0,0.0
2011-01-12 00:00:00-05:00,10.121178394025616,10.192454571062276,10.121178394025616,10.156816482543945,1200,0.0,0.0
2011-01-13 00:00:00-05:00,10.178199063758942,10.23521973349227,10.156816482543945,10.156816482543945,33000,0.0,0.0
2011-01-14 00:00:00-05:00,10.121181707741615,10.228096008300781,10.121181707741615,10.228096008300781,600,0.0,0.0
2011-01-18 00:00:00-05:00,10.192454571062276,10.192454571062276,10.156816482543945,10.156816482543945,1500,0.0,0.0
2011-01-19 00:00:00-05:00,10.12117862701416,10.12117862701416,10.12117862701416,10.12117862701416,1900,0.0,0.0
2011-01-20 00:00:00-05:00,10.156816482543945,10.156816482543945,10.156816482543945,10.156816482543945,200,0.0,0.0
2011-01-21 00:00:00-05:00,10.15681954789466,10.242350578308105,10.15681954789466,10.242350578308105,1900,0.0,0.0
2011-01-24 00:00:00-05:00,10.242350578308105,10.242350578308105,10.242350578308105,10.242350578308105,0,0.0,0.0
2011-01-25 00:00:00-05:00,10.192456180275276,10.477559573954819,10.192456180275276,10.413411140441895,9500,0.0,0.0
2011-01-26 00:00:00-05:00,10.40628433227539,10.40628433227539,10.40628433227539,10.40628433227539,200,0.0,0.0
2011-01-27 00:00:00-05:00,10.370644780093377,10.441920280456543,10.370644780093377,10.441920280456543,300,0.0,0.0
2011-01-28 00:00:00-05:00,10.40628433227539,10.40628433227539,10.40628433227539,10.40628433227539,200,0.0,0.0
2011-01-31 00:00:00-05:00,10.370646237216476,10.40628433227539,10.370646237216476,10.40628433227539,1800,0.0,0.0
2011-02-01 00:00:00-05:00,10.477557903054498,10.58447216843934,10.441919814592884,10.513195991516113,3000,0.0,0.0
2011-02-02 00:00:00-05:00,10.58447412782983,10.58447412782983,10.40628433227539,10.40628433227539,1800,0.0,0.0
2011-02-03 00:00:00-05:00,10.477557655486077,10.77691650390625,10.470429902014173,10.77691650390625,4800,0.0,0.0
2011-02-04 00:00:00-05:00,10.77691650390625,10.77691650390625,10.77691650390625,10.77691650390625,0,0.0,0.0
2011-02-07 00:00:00-05:00,10.662877569826769,10.662877569826769,10.591601378528058,10.598729133605957,1800,0.0,0.0
2011-02-08 00:00:00-05:00,10.520326405733229,10.520326405733229,10.235222305677864,10.434795379638672,1800,0.0,0.0
2011-02-09 00:00:00-05:00,10.36351848225667,10.40628433227539,10.36351848225667,10.40628433227539,700,0.0,0.0
2011-02-10 00:00:00-05:00,10.370646237216476,10.40628433227539,10.370646237216476,10.40628433227539,1000,0.0,0.0
2011-02-11 00:00:00-05:00,10.335006245395594,10.335006245395594,10.085540305507285,10.156816482543945,2000,0.0,0.0
2011-02-14 00:00:00-05:00,10.085540074962687,10.19245433807373,10.085540074962687,10.19245433807373,1800,0.0,0.0
2011-02-15 00:00:00-05:00,10.121178394025616,10.192454571062276,10.121178394025616,10.156816482543945,3000,0.0,0.0
2011-02-16 00:00:00-05:00,10.156816482543945,10.156816482543945,10.156816482543945,10.156816482543945,0,0.0,0.0
2011-02-17 00:00:00-05:00,10.121182200826846,10.228096506594678,10.121182200826846,10.163948059082031,1600,0.0,0.0
2011-02-18 00:00:00-05:00,10.335006485714814,10.335006485714814,10.192454808066753,10.249475479125977,2500,0.0,0.0
2011-02-22 00:00:00-05:00,10.220965141214558,10.220965141214558,10.12117862701416,10.12117862701416,1100,0.0,0.0
2011-02-23 00:00:00-05:00,10.128308282830517,10.149690868553186,10.114052772521973,10.114052772521973,900,0.0,0.0
2011-02-24 00:00:00-05:00,10.114052772521973,10.114052772521973,10.114052772521973,10.114052772521973,0,0.0,0.0
2011-02-25 00:00:00-05:00,10.114052772521973,10.114052772521973,10.114052772521973,10.114052772521973,0,0.0,0.0
2011-02-28 00:00:00-05:00,10.114052772521973,10.114052772521973,10.114052772521973,10.114052772521973,0,0.0,0.0
2011-03-01 00:00:00-05:00,10.114052772521973,10.114052772521973,10.114052772521973,10.114052772521973,0,0.0,0.0
2011-03-02 00:00:00-05:00,10.114052772521973,10.114052772521973,10.114052772521973,10.114052772521973,0,0.0,0.0
2011-03-03 00:00:00-05:00,10.114052772521973,10.114052772521973,10.114052772521973,10.114052772521973,300,0.0,0.0
2011-03-04 00:00:00-05:00,10.142561208721382,10.142561208721382,10.12117862701416,10.12117862701416,400,0.0,0.0
2011-03-07 00:00:00-05:00,10.12117862701416,10.12117862701416,10.12117862701416,10.12117862701416,0,0.0,0.0
2011-03-08 00:00:00-05:00,10.157326705452737,10.24407958984375,10.157326705452737,10.24407958984375,800,0.2,0.0
2011-03-09 00:00:00-05:00,10.24407958984375,10.24407958984375,10.24407958984375,10.24407958984375,0,0.0,0.0
2011-03-10 00:00:00-05:00,10.24407958984375,10.24407958984375,10.24407958984375,10.24407958984375,500,0.0,0.0
2011-03-11 00:00:00-05:00,10.25130844116211,10.25130844116211,10.25130844116211,10.25130844116211,0,0.0,0.0
2011-03-14 00:00:00-04:00,10.121179810532654,10.236850326626637,10.121179810532654,10.21516227722168,1100,0.0,0.0
2011-03-15 00:00:00-04:00,10.207932465788872,10.207932465788872,10.121179580688477,10.121179580688477,17300,0.0,0.0
2011-03-16 00:00:00-04:00,10.128408456933501,10.30191421508789,10.121178877981086,10.30191421508789,15200,0.0,0.0
2011-03-17 00:00:00-04:00,10.301913988888892,10.338061193406688,10.294684410095215,10.294684410095215,27000,0.0,0.0
2011-03-18 00:00:00-04:00,10.280226255501494,10.280226255501494,10.20793184426095,10.265767097473145,2200,0.0,0.0
2011-03-21 00:00:00-04:00,10.258537191138023,10.258537191138023,10.121178641504432,10.207931518554688,2800,0.0,0.0
2011-03-22 00:00:00-04:00,10.193474093183415,10.193474093183415,10.171785354614258,10.171785354614258,600,0.0,0.0
2011-03-23 00:00:00-04:00,10.265768501268052,10.265768501268052,10.193474769592285,10.193474769592285,600,0.0,0.0
2011-03-24 00:00:00-04:00,10.193473590091534,10.193473590091534,10.157326383710945,10.186244010925293,1200,0.0,0.0
2011-03-25 00:00:00-04:00,10.186244010925293,10.186244010925293,10.186244010925293,10.186244010925293,0,0.0,0.0
2011-03-28 00:00:00-04:00,10.157327110008028,10.193474318973315,10.157327110008028,10.179015159606934,1500,0.0,0.0
2011-03-29 00:00:00-04:00,10.193474769592285,10.193474769592285,10.193474769592285,10.193474769592285,400,0.0,0.0
2011-03-30 00:00:00-04:00,10.229619979858398,10.229619979858398,10.229619979858398,10.229619979858398,1700,0.0,0.0
2011-03-31 00:00:00-04:00,10.229619979858398,10.229619979858398,10.229619979858398,10.229619979858398,0,0.0,0.0
2011-04-01 00:00:00-04:00,10.265767097473145,10.265767097473145,10.265767097473145,10.265767097473145,9700,0.0,0.0
2011-04-04 00:00:00-04:00,10.330831929699515,10.330831929699515,10.265767097473145,10.265767097473145,600,0.0,0.0
2011-04-05 00:00:00-04:00,10.359750972952176,10.366980552954962,10.193474769592285,10.193474769592285,1800,0.0,0.0
2011-04-06 00:00:00-04:00,10.193474769592285,10.193474769592285,10.193474769592285,10.193474769592285,0,0.0,0.0
2011-04-07 00:00:00-04:00,10.193474769592285,10.193474769592285,10.193474769592285,10.193474769592285,0,0.0,0.0
2011-04-08 00:00:00-04:00,10.345292783316872,10.345292783316872,10.258539199829102,10.258539199829102,1700,0.0,0.0
2011-04-11 00:00:00-04:00,10.374211311340332,10.374211311340332,10.374211311340332,10.374211311340332,200,0.0,0.0
2011-04-12 00:00:00-04:00,10.301914303093417,10.301914303093417,10.265767097473145,10.265767097473145,400,0.0,0.0
2011-04-13 00:00:00-04:00,10.265767097473145,10.265767097473145,10.265767097473145,10.265767097473145,0,0.0,0.0
2011-04-14 00:00:00-04:00,10.200702091574335,10.338061332702637,10.200702091574335,10.338061332702637,500,0.0,0.0
2011-04-15 00:00:00-04:00,10.236850870707606,10.236850870707606,10.193474769592285,10.193474769592285,2000,0.0,0.0
2011-04-18 00:00:00-04:00,10.22962051470131,10.22962051470131,10.113950001234116,10.121179580688477,5500,0.0,0.0
2011-04-19 00:00:00-04:00,10.265767631353,10.265767631353,10.157326698303223,10.157326698303223,1100,0.0,0.0
2011-04-20 00:00:00-04:00,10.092264188194426,10.092264188194426,9.976593649101208,10.005511283874512,2400,0.0,0.0
2011-04-21 00:00:00-04:00,9.976590884289308,9.976590884289308,9.969361305236816,9.969361305236816,600,0.0,0.0
2011-04-25 00:00:00-04:00,9.969362038385228,10.048885345458984,9.904297201029127,10.048885345458984,12200,0.0,0.0
2011-04-26 00:00:00-04:00,10.150098576094562,10.15732815652262,10.012739995215153,10.142868995666504,1800,0.0,0.0
2011-04-27 00:00:00-04:00,10.157326698303223,10.157326698303223,10.157326698303223,10.157326698303223,600,0.0,0.0
2011-04-28 00:00:00-04:00,10.19347390580336,10.19347390580336,10.121179490803083,10.157326698303223,5200,0.0,0.0
2011-04-29 00:00:00-04:00,10.193473501576797,10.229620018192891,10.121179089443386,10.222391128540039,2600,0.0,0.0
2011-05-02 00:00:00-04:00,10.33806163639301,10.33806163639301,10.193473501576797,10.222391128540039,10000,0.0,0.0
2011-05-03 00:00:00-04:00,10.338061332702637,10.338061332702637,10.338061332702637,10.338061332702637,1000,0.0,0.0
2011-05-04 00:00:00-04:00,10.265767097473145,10.265767097473145,10.092261337836558,10.265767097473145,2100,0.0,0.0
2011-05-05 00:00:00-04:00,10.229620018192891,10.229620018192891,10.193473501576797,10.222391128540039,5600,0.0,0.0
2011-05-06 00:00:00-04:00,10.19347463797016,10.23685073852539,10.19347463797016,10.23685073852539,300,0.0,0.0
2011-05-09 00:00:00-04:00,10.157326058294734,10.20070215300128,10.121178853072212,10.128408432006836,10900,0.0,0.0
2011-05-10 00:00:00-04:00,10.157326879362692,10.157326879362692,10.08503246307373,10.08503246307373,1500,0.0,0.0
2011-05-11 00:00:00-04:00,10.063343048095703,10.106719140421234,10.063343048095703,10.063343048095703,3200,0.0,0.0
2011-05-12 00:00:00-04:00,10.113950182815085,10.113950182815085,10.048885345458984,10.048885345458984,900,0.0,0.0
2011-05-13 00:00:00-04:00,10.085032911571888,10.092262491412425,10.012739181518555,10.012739181518555,3900,0.0,0.0
2011-05-16 00:00:00-04:00,10.012739181518555,10.012739181518555,10.012739181518555,10.012739181518555,0,0.0,0.0
2011-05-17 00:00:00-04:00,9.983821101953993,9.998279571533203,9.904297106191056,9.998279571533203,800,0.0,0.0
2011-05-18 00:00:00-04:00,10.085032372867317,10.121179580688477,10.02719711613372,10.121179580688477,600,0.0,0.0
2011-05-19 00:00:00-04:00,10.012739181518555,10.012739181518555,10.012739181518555,10.012739181518555,300,0.0,0.0
2011-05-20 00:00:00-04:00,10.012739181518555,10.012739181518555,10.012739181518555,10.012739181518555,0,0.0,0.0
2011-05-23 00:00:00-04:00,10.01273936713326,10.01273936713326,9.940444946289062,9.940444946289062,600,0.0,0.0
2011-05-24 00:00:00-04:00,9.933214740427431,10.121179671218211,9.933214740427431,10.08503246307373,1700,0.0,0.0
2011-05-25 00:00:00-04:00,10.08503246307373,10.08503246307373,10.08503246307373,10.08503246307373,0,0.0,0.0
2011-05-26 00:00:00-04:00,10.08503246307373,10.08503246307373,10.08503246307373,10.08503246307373,0,0.0,0.0
2011-05-27 00:00:00-04:00,10.142868995666504,10.142868995666504,10.142868995666504,10.142868995666504,100,0.0,0.0
2011-05-31 00:00:00-04:00,10.150097209055275,10.244079673610031,10.121179580688477,10.121179580688477,400,0.0,0.0
2011-06-01 00:00:00-04:00,10.099491622111783,10.099491622111783,10.08503246307373,10.08503246307373,1200,0.0,0.0
2011-06-02 00:00:00-04:00,10.012739181518555,10.085032911571888,10.012739181518555,10.012739181518555,300,0.0,0.0
2011-06-03 00:00:00-04:00,10.012739181518555,10.012739181518555,10.012739181518555,10.012739181518555,0,0.0,0.0
2011-06-06 00:00:00-04:00,10.012739181518555,10.012739181518555,10.012739181518555,10.012739181518555,100,0.0,0.0
2011-06-07 00:00:00-04:00,9.976590328925004,9.976590328925004,9.904295921325684,9.904295921325684,1000,0.0,0.0
2011-06-08 00:00:00-04:00,9.904295921325684,9.904295921325684,9.904295921325684,9.904295921325684,0,0.0,0.0
2011-06-09 00:00:00-04:00,9.904295921325684,9.904295921325684,9.904295921325684,9.904295921325684,0,0.0,0.0
2011-06-10 00:00:00-04:00,9.904295921325684,9.904295921325684,9.904295921325684,9.904295921325684,0,0.0,0.0
2011-06-13 00:00:00-04:00,10.012739181518555,10.012739181518555,10.012739181518555,10.012739181518555,100,0.0,0.0
2011-06-14 00:00:00-04:00,10.099493026733398,10.099493026733398,10.099493026733398,10.099493026733398,200,0.0,0.0
2011-06-15 00:00:00-04:00,10.099493026733398,10.099493026733398,10.099493026733398,10.099493026733398,0,0.0,0.0
2011-06-16 00:00:00-04:00,10.012739273989649,10.012739273989649,9.976592063903809,9.976592063903809,200,0.0,0.0
2011-06-17 00:00:00-04:00,9.976591971766547,10.113950541483359,9.542826833643822,10.012739181518555,1400,0.0,0.0
2011-06-20 00:00:00-04:00,9.91152549997573,9.91152549997573,9.904295921325684,9.904295921325684,2600,0.0,0.0
2011-06-21 00:00:00-04:00,9.904295921325684,9.904295921325684,9.904295921325684,9.904295921325684,0,0.0,0.0
2011-06-22 00:00:00-04:00,9.904295921325684,9.904295921325684,9.904295921325684,9.904295921325684,600,0.0,0.0
2011-06-23 00:00:00-04:00,9.976591335842455,9.983820915222168,9.976591335842455,9.983820915222168,1000,0.0,0.0
2011-06-24 00:00:00-04:00,9.904295921325684,9.904295921325684,9.904295921325684,9.904295921325684,300,0.0,0.0
2011-06-27 00:00:00-04:00,9.904295921325684,9.904295921325684,9.904295921325684,9.904295921325684,0,0.0,0.0
2011-06-28 00:00:00-04:00,9.904295921325684,9.904295921325684,9.904295921325684,9.904295921325684,0,0.0,0.0
2011-06-29 00:00:00-04:00,10.012740864930537,10.012740864930537,9.904299217442547,10.005511283874512,500,0.0,0.0
2011-06-30 00:00:00-04:00,9.904295921325684,9.904295921325684,9.904295921325684,9.904295921325684,300,0.0,0.0
2011-07-01 00:00:00-04:00,9.940443265181198,9.947672843933105,9.940443265181198,9.947672843933105,3300,0.0,0.0
2011-07-05 00:00:00-04:00,9.911527315841523,9.947674526263622,9.904297735866963,9.940444946289062,3000,0.0,0.0
2011-07-06 00:00:00-04:00,9.940443265181198,9.947672843933105,9.940443265181198,9.947672843933105,600,0.0,0.0
2011-07-07 00:00:00-04:00,9.947676014327902,10.005511283874512,9.947676014327902,10.005511283874512,400,0.0,0.0
2011-07-08 00:00:00-04:00,10.005511283874512,10.005511283874512,10.005511283874512,10.005511283874512,100,0.0,0.0
2011-07-11 00:00:00-04:00,9.983823230157233,10.063346553421121,9.954905595383929,10.005511283874512,1500,0.0,0.0
2011-07-12 00:00:00-04:00,10.005511283874512,10.005511283874512,10.005511283874512,10.005511283874512,400,0.0,0.0
2011-07-13 00:00:00-04:00,10.012739181518555,10.012739181518555,10.012739181518555,10.012739181518555,200,0.0,0.0
2011-07-14 00:00:00-04:00,10.02719765174895,10.02719765174895,10.012739181518555,10.012739181518555,2000,0.0,0.0
2011-07-15 00:00:00-04:00,10.012739181518555,10.012739181518555,10.012739181518555,10.012739181518555,0,0.0,0.0
2011-07-18 00:00:00-04:00,10.012739181518555,10.012739181518555,10.012739181518555,10.012739181518555,0,0.0,0.0
2011-07-19 00:00:00-04:00,10.012739181518555,10.012739181518555,10.012739181518555,10.012739181518555,0,0.0,0.0
2011-07-20 00:00:00-04:00,9.969361305236816,9.969361305236816,9.969361305236816,9.969361305236816,100,0.0,0.0
2011-07-21 00:00:00-04:00,10.027197205822821,10.08503246307373,10.027197205822821,10.08503246307373,400,0.0,0.0
2011-07-22 00:00:00-04:00,10.063343048095703,10.063343048095703,10.063343048095703,10.063343048095703,100,0.0,0.0
2011-07-25 00:00:00-04:00,10.005506405393442,10.005506405393442,9.954900741577148,9.954900741577148,1500,0.0,0.0
2011-07-26 00:00:00-04:00,9.976588784719779,10.012735982924472,9.954900741577148,9.954900741577148,2300,0.0,0.0
2011-07-27 00:00:00-04:00,9.991050534267732,10.012739273989649,9.95490401363258,9.976592063903809,4200,0.0,0.0
2011-07-28 00:00:00-04:00,9.99104725033138,10.041653603598133,9.954900741577148,9.954900741577148,3200,0.0,0.0
2011-07-29 00:00:00-04:00,9.954900741577148,9.976588784719779,9.954900741577148,9.954900741577148,2700,0.0,0.0
2011-08-01 00:00:00-04:00,9.95490401363258,9.976592063903809,9.90429764373213,9.976592063903809,9800,0.0,0.0
2011-08-02 00:00:00-04:00,9.940444946289062,9.947674526263622,9.940444946289062,9.940444946289062,2600,0.0,0.0
2011-08-03 00:00:00-04:00,9.998278305533486,10.027195930480957,9.976590259185523,10.027195930480957,2000,0.0,0.0
2011-08-04 00:00:00-04:00,9.983821551607084,10.034427231589486,9.983821551607084,10.012739181518555,6500,0.0,0.0
2011-08-05 00:00:00-04:00,10.012739181518555,10.012739181518555,10.012739181518555,10.012739181518555,200,0.0,0.0
2011-08-08 00:00:00-04:00,9.954903650711033,9.954903650711033,9.839232444763184,9.839232444763184,700,0.0,0.0
2011-08-09 00:00:00-04:00,9.839234040823637,9.839234040823637,9.78139877319336,9.78139877319336,1300,0.0,0.0
2011-08-10 00:00:00-04:00,9.78139877319336,9.78139877319336,9.78139877319336,9.78139877319336,400,0.0,0.0
2011-08-11 00:00:00-04:00,9.723561595299927,9.723561595299927,9.607891082763672,9.607891082763672,800,0.0,0.0
2011-08-12 00:00:00-04:00,9.607891082763672,9.607891082763672,9.607891082763672,9.607891082763672,0,0.0,0.0
2011-08-15 00:00:00-04:00,9.607891082763672,9.607891082763672,9.607891082763672,9.607891082763672,0,0.0,0.0
2011-08-16 00:00:00-04:00,9.607891082763672,9.607891082763672,9.607891082763672,9.607891082763672,0,0.0,0.0
2011-08-17 00:00:00-04:00,9.571744055746116,9.571744055746116,9.53559684753418,9.53559684753418,300,0.0,0.0
2011-08-18 00:00:00-04:00,9.52113684967581,9.578972097751475,9.101830956401978,9.383777618408203,1700,0.0,0.0
2011-08-19 00:00:00-04:00,9.311485277280237,9.311485277280237,9.036767463651165,9.137979507446289,1900,0.0,0.0
2011-08-22 00:00:00-04:00,9.174127298712378,9.195816040039062,9.174127298712378,9.195816040039062,1000,0.0,0.0
2011-08-23 00:00:00-04:00,9.21027206180046,9.217501640319824,9.181354437173557,9.217501640319824,3800,0.0,0.0
2011-08-24 00:00:00-04:00,9.217503455020434,9.253650665283203,9.217503455020434,9.253650665283203,200,0.0,0.0
2011-08-25 00:00:00-04:00,9.217501640319824,9.217501640319824,9.217501640319824,9.217501640319824,200,0.0,0.0
2011-08-26 00:00:00-04:00,9.217501640319824,9.217501640319824,9.217501640319824,9.217501640319824,0,0.0,0.0
2011-08-29 00:00:00-04:00,9.217501640319824,9.217501640319824,9.217501640319824,9.217501640319824,0,0.0,0.0
2011-08-30 00:00:00-04:00,9.181354522705078,9.181354522705078,9.181354522705078,9.181354522705078,100,0.0,0.0
2011-08-31 00:00:00-04:00,9.195813594212286,9.217501640319824,9.181354437173557,9.217501640319824,1100,0.0,0.0
2011-09-01 00:00:00-04:00,9.239191146541893,9.239191146541893,9.203043937683105,9.203043937683105,200,0.0,0.0
2011-09-02 00:00:00-04:00,9.203043937683105,9.203043937683105,9.203043937683105,9.203043937683105,0,0.0,0.0
2011-09-06 00:00:00-04:00,9.203043937683105,9.203043937683105,9.203043937683105,9.203043937683105,0,0.0,0.0
2011-09-07 00:00:00-04:00,9.246421724233183,9.246421724233183,9.195816040039062,9.195816040039062,3400,0.0,0.0
2011-09-08 00:00:00-04:00,9.283955574035645,9.283955574035645,9.283955574035645,9.283955574035645,200,0.2,0.0
2011-09-09 00:00:00-04:00,9.26926408208783,9.357402801513672,9.254574645748994,9.357402801513672,1600,0.0,0.0
2011-09-12 00:00:00-04:00,9.254575322528495,9.328023910522461,9.21785067829935,9.328023910522461,2800,0.0,0.0
2011-09-13 00:00:00-04:00,9.364746115625252,9.474919319152832,9.364746115625252,9.474919319152832,400,0.0,0.0
2011-09-14 00:00:00-04:00,9.474919319152832,9.474919319152832,9.474919319152832,9.474919319152832,0,0.0,0.0
2011-09-15 00:00:00-04:00,9.474919319152832,9.474919319152832,9.474919319152832,9.474919319152832,0,0.0,0.0
2011-09-16 00:00:00-04:00,9.46023149639783,9.621819496154785,9.438196992033237,9.621819496154785,1200,0.0,0.0
2011-09-19 00:00:00-04:00,9.585095429605344,9.585095429605344,9.364748271362771,9.39412784576416,1700,0.0,0.0
2011-09-20 00:00:00-04:00,9.36474815156803,9.36474815156803,9.291298866271973,9.291298866271973,500,0.0,0.0
2011-09-21 00:00:00-04:00,9.328022407669767,9.335367475425087,9.078295707702637,9.078295707702637,1100,0.0,0.0
2011-09-22 00:00:00-04:00,9.034225875742719,9.129709646435368,8.975466740003267,8.990156173706055,5700,0.0,0.0
2011-09-23 00:00:00-04:00,8.960779765226334,8.960779765226334,8.813881874084473,8.813881874084473,3200,0.0,0.0
2011-09-26 00:00:00-04:00,8.777154356875986,8.777154356875986,8.52008330653197,8.527427673339844,3000,0.0,0.0
2011-09-27 00:00:00-04:00,8.490705113839539,8.490705113839539,8.138149532755126,8.167529106140137,1700,0.0,0.0
2011-09-28 00:00:00-04:00,8.160184331940714,8.167529400667908,8.005941390991211,8.005941390991211,8700,0.0,0.0
2011-09-29 00:00:00-04:00,8.0059409509599,8.336462020874023,8.0059409509599,8.336462020874023,5000,0.0,0.0
2011-09-30 00:00:00-04:00,8.263012062419545,8.263012062419545,8.079389572143555,8.079389572143555,1200,0.0,0.0
2011-10-03 00:00:00-04:00,8.086734086865684,8.086734086865684,7.8957665419262995,8.0206298828125,18400,0.0,0.0
2011-10-04 00:00:00-04:00,8.07204532623291,8.07204532623291,8.07204532623291,8.07204532623291,300,0.0,0.0
2011-10-05 00:00:00-04:00,8.167530776928018,8.600880098353082,8.167530776928018,8.55681037902832,2200,0.0,0.0
2011-10-06 00:00:00-04:00,8.542118072509766,8.542118072509766,8.542118072509766,8.542118072509766,200,0.0,0.0
2011-10-07 00:00:00-04:00,8.542118072509766,8.542118072509766,8.542118072509766,8.542118072509766,0,0.0,0.0
2011-10-10 00:00:00-04:00,8.615564346313477,8.615564346313477,8.615564346313477,8.615564346313477,100,0.0,0.0
2011-10-11 00:00:00-04:00,8.615564346313477,8.615564346313477,8.615564346313477,8.615564346313477,0,0.0,0.0
2011-10-12 00:00:00-04:00,8.615564346313477,8.615564346313477,8.615564346313477,8.615564346313477,0,0.0,0.0
2011-10-13 00:00:00-04:00,8.615564346313477,8.615564346313477,8.615564346313477,8.615564346313477,0,0.0,0.0
2011-10-14 00:00:00-04:00,8.556807913215538,8.578843116760254,8.556807913215538,8.578843116760254,400,0.0,0.0
2011-10-17 00:00:00-04:00,8.578845588922913,8.578845588922913,8.55681037902832,8.55681037902832,800,0.0,0.0
2011-10-18 00:00:00-04:00,8.55680791394904,8.55680791394904,8.483359336853027,8.483359336853027,1000,0.0,0.0
2011-10-19 00:00:00-04:00,8.520083974902791,8.578843116760254,8.520083974902791,8.578843116760254,1000,0.0,0.0
2011-10-20 00:00:00-04:00,8.578843116760254,8.58618748414427,8.578843116760254,8.578843116760254,4300,0.0,0.0
2011-10-21 00:00:00-04:00,8.542119174903823,8.542119174903823,8.468669891357422,8.468669891357422,300,0.0,0.0
2011-10-24 00:00:00-04:00,8.505392762166068,8.571496963500977,8.468668128039548,8.571496963500977,900,0.0,0.0
2011-10-25 00:00:00-04:00,8.571496963500977,8.571496963500977,8.571496963500977,8.571496963500977,0,0.0,0.0
2011-10-26 00:00:00-04:00,8.571496963500977,8.571496963500977,8.571496963500977,8.571496963500977,0,0.0,0.0
2011-10-27 00:00:00-04:00,8.556810263810172,8.556810263810172,8.424602508544922,8.424602508544922,900,0.0,0.0
2011-10-28 00:00:00-04:00,8.35115299163931,8.813881874084473,8.35115299163931,8.813881874084473,5100,0.0,0.0
2011-10-31 00:00:00-04:00,8.85060597218677,9.063608076226888,8.81388132656654,8.86529541015625,3100,0.0,0.0
2011-11-01 00:00:00-04:00,8.828572273254395,8.835916642679333,8.777157484493316,8.828572273254395,2400,0.0,0.0
2011-11-02 00:00:00-04:00,8.828572273254395,8.828572273254395,8.828572273254395,8.828572273254395,0,0.0,0.0
2011-11-03 00:00:00-04:00,8.813880955774199,8.813880955774199,8.461326053766106,8.512740135192871,7200,0.0,0.0
2011-11-04 00:00:00-04:00,8.336461354069822,8.66698169708252,8.336461354069822,8.66698169708252,23600,0.0,0.0
2011-11-07 00:00:00-05:00,8.6302573379826,8.6302573379826,8.409910202026367,8.409910202026367,600,0.0,0.0
2011-11-08 00:00:00-05:00,8.593534687139481,8.813881874084473,8.593534687139481,8.813881874084473,1300,0.0,0.0
2011-11-09 00:00:00-05:00,8.813881874084473,8.813881874084473,8.813881874084473,8.813881874084473,0,0.0,0.0
2011-11-10 00:00:00-05:00,8.777153015136719,8.813877645418776,8.777153015136719,8.777153015136719,500,0.0,0.0
2011-11-11 00:00:00-05:00,8.850604462207766,8.8873291015625,8.850604462207766,8.8873291015625,300,0.0,0.0
2011-11-14 00:00:00-05:00,8.8873291015625,8.8873291015625,8.8873291015625,8.8873291015625,0,0.0,0.0
2011-11-15 00:00:00-05:00,8.813877645418776,8.813877645418776,8.777153015136719,8.777153015136719,500,0.0,0.0
2011-11-16 00:00:00-05:00,8.777153015136719,8.777153015136719,8.777153015136719,8.777153015136719,0,0.0,0.0
2011-11-17 00:00:00-05:00,8.740430680797676,8.740430680797676,8.703706741333008,8.703706741333008,800,0.0,0.0
2011-11-18 00:00:00-05:00,8.711050033569336,8.711050033569336,8.711050033569336,8.711050033569336,200,0.0,0.0
2011-11-21 00:00:00-05:00,8.674327850341797,8.674327850341797,8.63760320753032,8.674327850341797,1200,0.0,0.0
2011-11-22 00:00:00-05:00,8.674327850341797,8.674327850341797,8.674327850341797,8.674327850341797,0,0.0,0.0
2011-11-23 00:00:00-05:00,8.674326098638232,8.711050033569336,8.637601463242971,8.711050033569336,800,0.0,0.0
2011-11-25 00:00:00-05:00,8.711050033569336,8.711050033569336,8.711050033569336,8.711050033569336,0,0.0,0.0
2011-11-28 00:00:00-05:00,8.799190768708266,8.909364700317383,8.799190768708266,8.909364700317383,1000,0.0,0.0
2011-11-29 00:00:00-05:00,8.740432925363386,8.740432925363386,8.439292061448185,8.55681037902832,23100,0.0,0.0
2011-11-30 00:00:00-05:00,8.593532955581564,8.850604738629322,8.593532955581564,8.8212251663208,900,0.0,0.0
2011-12-01 00:00:00-05:00,8.762465885033572,8.762465885033572,8.703706741333008,8.703706741333008,500,0.0,0.0
2011-12-02 00:00:00-05:00,8.703706741333008,8.703706741333008,8.703706741333008,8.703706741333008,0,0.0,0.0
2011-12-05 00:00:00-05:00,8.703706741333008,8.703706741333008,8.703706741333008,8.703706741333008,0,0.0,0.0
2011-12-06 00:00:00-05:00,8.740429878234863,8.740429878234863,8.740429878234863,8.740429878234863,100,0.0,0.0
2011-12-07 00:00:00-05:00,8.740429878234863,8.740429878234863,8.740429878234863,8.740429878234863,0,0.0,0.0
2011-12-08 00:00:00-05:00,8.556808195038508,8.622912406921387,8.556808195038508,8.622912406921387,500,0.0,0.0
2011-12-09 00:00:00-05:00,8.659638801668404,8.69636344909668,8.659638801668404,8.69636344909668,200,0.0,0.0
2011-12-12 00:00:00-05:00,8.69636344909668,8.69636344909668,8.69636344909668,8.69636344909668,0,0.0,0.0
2011-12-13 00:00:00-05:00,8.681672096252441,8.681672096252441,8.681672096252441,8.681672096252441,300,0.0,0.0
2011-12-14 00:00:00-05:00,8.711051520987024,8.755121231079102,8.711051520987024,8.755121231079102,400,0.0,0.0
2011-12-15 00:00:00-05:00,8.66698130558547,8.740429878234863,8.66698130558547,8.740429878234863,400,0.0,0.0
2011-12-16 00:00:00-05:00,8.777153015136719,8.777153015136719,8.777153015136719,8.777153015136719,100,0.0,0.0
2011-12-19 00:00:00-05:00,8.740430273049666,8.740430273049666,8.652291561610562,8.66698169708252,1400,0.0,0.0
2011-12-20 00:00:00-05:00,8.703704455036666,8.777153015136719,8.703704455036666,8.777153015136719,300,0.0,0.0
2011-12-21 00:00:00-05:00,8.740430680797676,8.740430680797676,8.652291965246832,8.703706741333008,2300,0.0,0.0
2011-12-22 00:00:00-05:00,8.777153015136719,8.777153015136719,8.777153015136719,8.777153015136719,200,0.0,0.0
2011-12-23 00:00:00-05:00,8.740429878234863,8.740429878234863,8.740429878234863,8.740429878234863,300,0.0,0.0
2011-12-27 00:00:00-05:00,8.740430273049666,8.740430273049666,8.66698169708252,8.66698169708252,2000,0.0,0.0
2011-12-28 00:00:00-05:00,8.630257058866839,8.66698169708252,8.630257058866839,8.66698169708252,700,0.0,0.0
2011-12-29 00:00:00-05:00,8.703706741333008,8.703706741333008,8.703706741333008,8.703706741333008,100,0.0,0.0
2011-12-30 00:00:00-05:00,8.666982511359226,8.81388037755902,8.666982511359226,8.755121231079102,1300,0.0,0.0
2012-01-03 00:00:00-05:00,8.791843147435166,8.813877645418776,8.777153015136719,8.777153015136719,1700,0.0,0.0
2012-01-04 00:00:00-05:00,8.659638913269418,8.813881874084473,8.659638913269418,8.813881874084473,2000,0.0,0.0
2012-01-05 00:00:00-05:00,8.850605010986328,8.850605010986328,8.850605010986328,8.850605010986328,100,0.0,0.0
2012-01-06 00:00:00-05:00,8.88732925262396,8.924053192138672,8.88732925262396,8.924053192138672,200,0.0,0.0
2012-01-09 00:00:00-05:00,8.902020870754708,8.902020870754708,8.828572273254395,8.828572273254395,400,0.0,0.0
2012-01-10 00:00:00-05:00,8.865294447360496,8.865294447360496,8.813880369354496,8.850605010986328,1900,0.0,0.0
2012-01-11 00:00:00-05:00,8.828572013430858,8.828572013430858,8.777157226182908,8.813881874084473,3900,0.0,0.0
2012-01-12 00:00:00-05:00,8.813882133475682,8.865296221772342,8.813882133475682,8.828572273254395,500,0.0,0.0
2012-01-13 00:00:00-05:00,8.828572273254395,8.828572273254395,8.828572273254395,8.828572273254395,0,0.0,0.0
2012-01-17 00:00:00-05:00,8.828572273254395,8.828572273254395,8.828572273254395,8.828572273254395,0,0.0,0.0
2012-01-18 00:00:00-05:00,8.689015942166408,8.84325885772705,8.689015942166408,8.84325885772705,2700,0.0,0.0
2012-01-19 00:00:00-05:00,8.850606521986037,8.850606521986037,8.813881874084473,8.813881874084473,1300,0.0,0.0
2012-01-20 00:00:00-05:00,8.850604612645002,8.924053192138672,8.850604612645002,8.924053192138672,300,0.0,0.0
2012-01-23 00:00:00-05:00,8.924053192138672,8.924053192138672,8.924053192138672,8.924053192138672,0,0.0,0.0
2012-01-24 00:00:00-05:00,8.924053192138672,8.924053192138672,8.924053192138672,8.924053192138672,0,0.0,0.0
2012-01-25 00:00:00-05:00,8.821225438730199,8.96077823638916,8.821225438730199,8.96077823638916,1300,0.0,0.0
2012-01-26 00:00:00-05:00,8.997501924378525,9.18112441263115,8.997501924378525,9.151744842529297,1100,0.0,0.0
2012-01-27 00:00:00-05:00,9.217849183746752,9.474920250741441,9.217849183746752,9.254573822021484,1700,0.0,0.0
2012-01-30 00:00:00-05:00,9.254573822021484,9.254573822021484,9.254573822021484,9.254573822021484,0,0.0,0.0
2012-01-31 00:00:00-05:00,9.401471138000488,9.401471138000488,9.401471138000488,9.401471138000488,100,0.0,0.0
2012-02-01 00:00:00-05:00,9.548370361328125,9.548370361328125,9.548370361328125,9.548370361328125,300,0.0,0.0
2012-02-02 00:00:00-05:00,9.548368739005047,9.673232078552246,9.548368739005047,9.673232078552246,500,0.0,0.0
2012-02-03 00:00:00-05:00,9.599782950767693,9.695266723632812,9.585093516730687,9.695266723632812,400,0.0,0.0
2012-02-06 00:00:00-05:00,9.731990814208984,9.731990814208984,9.731990814208984,9.731990814208984,100,0.0,0.0
2012-02-07 00:00:00-05:00,9.555716672276738,9.555716672276738,9.47492231041627,9.482267379760742,600,0.0,0.0
2012-02-08 00:00:00-05:00,9.621817613479061,9.731990814208984,9.621817613479061,9.731990814208984,2300,0.0,0.0
2012-02-09 00:00:00-05:00,9.87889195710934,9.87889195710934,9.768718719482422,9.768718719482422,300,0.0,0.0
2012-02-10 00:00:00-05:00,9.842164854385542,9.915614128112793,9.842164854385542,9.915614128112793,800,0.0,0.0
2012-02-13 00:00:00-05:00,10.025787338239482,10.025787338239482,9.915614128112793,9.915614128112793,400,0.0,0.0
2012-02-14 00:00:00-05:00,9.915614128112793,9.915614128112793,9.915614128112793,9.915614128112793,0,0.0,0.0
2012-02-15 00:00:00-05:00,10.231444514831743,10.282858583601222,10.231444514831743,10.268168449401855,2000,0.0,0.0
2012-02-16 00:00:00-05:00,10.253479813475021,10.282859383695584,10.135961532592773,10.135961532592773,1300,0.0,0.0
2012-02-17 00:00:00-05:00,10.14330701313416,10.282859802246094,10.14330701313416,10.282859802246094,500,0.0,0.0
2012-02-21 00:00:00-05:00,10.282860221237398,10.282860221237398,10.216756007740875,10.238790512084961,1900,0.0,0.0
2012-02-22 00:00:00-05:00,10.282859802246094,10.282859802246094,10.282859802246094,10.282859802246094,3400,0.0,0.0
2012-02-23 00:00:00-05:00,10.429757659328192,10.466482298714775,10.282859802246094,10.282859802246094,1500,0.0,0.0
2012-02-24 00:00:00-05:00,10.282859802246094,10.282859802246094,10.282859802246094,10.282859802246094,0,0.0,0.0
2012-02-27 00:00:00-05:00,10.334274291992188,10.334274291992188,10.334274291992188,10.334274291992188,100,0.0,0.0
2012-02-28 00:00:00-05:00,10.41506836700068,10.41506836700068,10.29020501164867,10.30489444732666,1800,0.0,0.0
2012-02-29 00:00:00-05:00,10.42975779272791,10.42975779272791,10.290205001831055,10.290205001831055,1600,0.0,0.0
2012-03-01 00:00:00-05:00,10.290205001831055,10.290205001831055,10.290205001831055,10.290205001831055,1900,0.0,0.0
2012-03-02 00:00:00-05:00,10.290205001831055,10.290205001831055,10.290205001831055,10.290205001831055,0,0.0,0.0
2012-03-05 00:00:00-05:00,10.437105178833008,10.437105178833008,10.437105178833008,10.437105178833008,100,0.0,0.0
2012-03-06 00:00:00-05:00,10.363653304476601,10.363653304476601,10.319584298196622,10.356308937072754,600,0.0,0.0
2012-03-07 00:00:00-05:00,10.36365440718914,10.393033981323242,10.356310039003839,10.393033981323242,300,0.0,0.0
2012-03-08 00:00:00-05:00,10.393033981323242,10.393033981323242,10.393033981323242,10.393033981323242,0,0.0,0.0
2012-03-09 00:00:00-05:00,10.415067683511102,10.429757118225098,10.415067683511102,10.429757118225098,700,0.0,0.0
2012-03-12 00:00:00-04:00,10.429757118225098,10.429757118225098,10.429757118225098,10.429757118225098,100,0.0,0.0
2012-03-13 00:00:00-04:00,10.393034624426232,10.539933204650879,10.31958603477825,10.539933204650879,3900,0.0,0.0
2012-03-14 00:00:00-04:00,10.466483914538555,10.539933204650879,10.429759269482393,10.539933204650879,700,0.0,0.0
2012-03-15 00:00:00-04:00,10.517895687569764,10.517895687569764,10.503206253051758,10.503206253051758,500,0.0,0.0
2012-03-16 00:00:00-04:00,10.5405077296137,10.5405077296137,10.44353199005127,10.44353199005127,1200,0.22,0.0
2012-03-19 00:00:00-04:00,10.510666087362326,10.510666087362326,10.503206253051758,10.503206253051758,200,0.0,0.0
2012-03-20 00:00:00-04:00,10.592723846435547,10.592723846435547,10.592723846435547,10.592723846435547,1000,0.0,0.0
2012-03-21 00:00:00-04:00,10.704617378221794,10.704617378221794,10.480827331542969,10.480827331542969,2800,0.0,0.0
2012-03-22 00:00:00-04:00,10.480827331542969,10.480827331542969,10.480827331542969,10.480827331542969,0,0.0,0.0
2012-03-23 00:00:00-04:00,10.480827331542969,10.480827331542969,10.480827331542969,10.480827331542969,0,0.0,0.0
2012-03-26 00:00:00-04:00,10.368933760730126,10.592723846435547,10.35401480110127,10.592723846435547,2000,0.0,0.0
2012-03-27 00:00:00-04:00,10.592723846435547,10.592723846435547,10.592723846435547,10.592723846435547,0,0.0,0.0
2012-03-28 00:00:00-04:00,10.592723846435547,10.592723846435547,10.592723846435547,10.592723846435547,0,0.0,0.0
2012-03-29 00:00:00-04:00,10.592723846435547,10.592723846435547,10.592723846435547,10.592723846435547,0,0.0,0.0
2012-03-30 00:00:00-04:00,10.450989331777812,10.667319557190224,10.450989331777812,10.630021095275879,1600,0.0,0.0
2012-04-02 00:00:00-04:00,10.630021095275879,10.630021095275879,10.630021095275879,10.630021095275879,0,0.0,0.0
2012-04-03 00:00:00-04:00,10.630021095275879,10.630021095275879,10.630021095275879,10.630021095275879,0,0.0,0.0
2012-04-04 00:00:00-04:00,10.630021095275879,10.630021095275879,10.630021095275879,10.630021095275879,0,0.0,0.0
2012-04-05 00:00:00-04:00,10.630021095275879,10.630021095275879,10.630021095275879,10.630021095275879,0,0.0,0.0
2012-04-09 00:00:00-04:00,10.630021095275879,10.644940764605213,10.630021095275879,10.630021095275879,1100,0.0,0.0
2012-04-10 00:00:00-04:00,10.54050477926657,10.562883570929595,10.54050477926657,10.555423736572266,1000,0.0,0.0
2012-04-11 00:00:00-04:00,10.66731897967782,10.816512107849121,10.66731897967782,10.816512107849121,2100,0.0,0.0
2012-04-12 00:00:00-04:00,10.65239988786089,10.65239988786089,10.630021095275879,10.630021095275879,1300,0.0,0.0
2012-04-13 00:00:00-04:00,10.667318344116211,10.667318344116211,10.667318344116211,10.667318344116211,200,0.0,0.0
2012-04-16 00:00:00-04:00,10.704619244992793,10.704619244992793,10.592723846435547,10.592723846435547,400,0.0,0.0
2012-04-17 00:00:00-04:00,10.712075924196458,10.712075924196458,10.667318344116211,10.667318344116211,300,0.0,0.0
2012-04-18 00:00:00-04:00,10.667318344116211,10.667318344116211,10.667318344116211,10.667318344116211,0,0.0,0.0
2012-04-19 00:00:00-04:00,10.667318344116211,10.667318344116211,10.667318344116211,10.667318344116211,400,0.0,0.0
2012-04-20 00:00:00-04:00,10.667318344116211,10.667318344116211,10.667318344116211,10.667318344116211,200,0.0,0.0
2012-04-23 00:00:00-04:00,10.555422971097778,10.667318344116211,10.555422971097778,10.667318344116211,1300,0.0,0.0
2012-04-24 00:00:00-04:00,10.779214859008789,10.779214859008789,10.779214859008789,10.779214859008789,100,0.0,0.0
2012-04-25 00:00:00-04:00,10.779214859008789,10.779214859008789,10.779214859008789,10.779214859008789,0,0.0,0.0
2012-04-26 00:00:00-04:00,10.928408370997282,11.3013916015625,10.801594015692382,11.3013916015625,3400,0.0,0.0
2012-04-27 00:00:00-04:00,11.196955875109294,11.413286103432924,11.189496040344238,11.189496040344238,3700,0.0,0.0
2012-04-30 00:00:00-04:00,11.196955875109294,11.196955875109294,11.189496040344238,11.189496040344238,1700,0.0,0.0
2012-05-01 00:00:00-04:00,11.189496040344238,11.189496040344238,11.189496040344238,11.189496040344238,0,0.0,0.0
2012-05-02 00:00:00-04:00,11.308851600603573,11.413287162780762,11.308851600603573,11.413287162780762,300,0.0,0.0
2012-05-03 00:00:00-04:00,11.42074666038582,11.562479972839355,11.42074666038582,11.562479972839355,2700,0.0,0.0
2012-05-04 00:00:00-04:00,11.562479972839355,11.562479972839355,11.562479972839355,11.562479972839355,0,0.0,0.0
2012-05-07 00:00:00-04:00,11.450584411621094,11.450584411621094,11.450584411621094,11.450584411621094,100,0.0,0.0
2012-05-08 00:00:00-04:00,11.450584411621094,11.450584411621094,11.450584411621094,11.450584411621094,300,0.0,0.0
2012-05-09 00:00:00-04:00,11.555019251289245,11.562479085953825,11.450584411621094,11.450584411621094,500,0.0,0.0
2012-05-10 00:00:00-04:00,11.510262549000007,11.562479972839355,11.510262549000007,11.562479972839355,2900,0.0,0.0
2012-05-11 00:00:00-04:00,11.562479765491902,11.74897137461274,11.562479765491902,11.734051704406738,4400,0.0,0.0
2012-05-14 00:00:00-04:00,11.748970916411464,11.860865592956543,11.748970916411464,11.860865592956543,1700,0.0,0.0
2012-05-15 00:00:00-04:00,11.860865592956543,11.860865592956543,11.860865592956543,11.860865592956543,0,0.0,0.0
2012-05-16 00:00:00-04:00,11.860865592956543,11.860865592956543,11.860865592956543,11.860865592956543,0,0.0,0.0
2012-05-17 00:00:00-04:00,11.71913278653657,11.823568344116211,11.71913278653657,11.823568344116211,400,0.0,0.0
2012-05-18 00:00:00-04:00,11.771349778571242,11.771349778571242,11.748970985412598,11.748970985412598,1200,0.0,0.0
2012-05-21 00:00:00-04:00,11.771349778571242,11.771349778571242,11.748970985412598,11.748970985412598,700,0.0,0.0
2012-05-22 00:00:00-04:00,11.748970985412598,11.748970985412598,11.748970985412598,11.748970985412598,0,0.0,0.0
2012-05-23 00:00:00-04:00,11.76389026548084,11.845946311950684,11.748970596263241,11.845946311950684,4800,0.0,0.0
2012-05-24 00:00:00-04:00,11.845946311950684,11.845946311950684,11.845946311950684,11.845946311950684,300,0.0,0.0
2012-05-25 00:00:00-04:00,11.838486869456185,11.845946704312068,11.748970985412598,11.748970985412598,700,0.0,0.0
2012-05-29 00:00:00-04:00,11.748970985412598,11.763890655124367,11.748970985412598,11.748970985412598,2300,0.0,0.0
2012-05-30 00:00:00-04:00,11.748970985412598,11.748970985412598,11.748970985412598,11.748970985412598,12000,0.0,0.0
2012-05-31 00:00:00-04:00,11.748970985412598,11.748970985412598,11.748970985412598,11.748970985412598,9600,0.0,0.0
2012-06-01 00:00:00-04:00,11.74151071510404,11.748970549683264,11.674373626708984,11.674373626708984,2200,0.0,0.0
2012-06-04 00:00:00-04:00,11.696752675689982,11.696752675689982,11.629615589905143,11.637075424194336,6800,0.0,0.0
2012-06-05 00:00:00-04:00,11.637076239866383,11.860865592956543,11.637076239866383,11.860865592956543,4800,0.0,0.0
2012-06-06 00:00:00-04:00,11.93546302541587,11.93546302541587,11.748971415643748,11.823568344116211,2000,0.0,0.0
2012-06-07 00:00:00-04:00,11.823568344116211,11.823568344116211,11.823568344116211,11.823568344116211,0,0.0,0.0
2012-06-08 00:00:00-04:00,11.763890201078919,11.875784873962402,11.763890201078919,11.875784873962402,600,0.0,0.0
2012-06-11 00:00:00-04:00,11.748971549664478,11.763891220092773,11.748971549664478,11.763891220092773,2900,0.0,0.0
2012-06-12 00:00:00-04:00,11.748970985412598,11.763890655124367,11.748970985412598,11.748970985412598,2000,0.0,0.0
2012-06-13 00:00:00-04:00,11.74897117988903,11.80118860192654,11.71167271640123,11.741511344909668,6200,0.0,0.0
2012-06-14 00:00:00-04:00,11.82356847898787,11.82356847898787,11.763891220092773,11.763891220092773,400,0.0,0.0
2012-06-15 00:00:00-04:00,11.666915363451265,11.928003190286818,11.666915363451265,11.823568344116211,21400,0.0,0.0
2012-06-18 00:00:00-04:00,11.860865333635308,11.935462257307073,11.860865333635308,11.898163795471191,700,0.0,0.0
2012-06-19 00:00:00-04:00,11.860865466535397,11.860865466535397,11.756430625915527,11.756430625915527,500,0.0,0.0
2012-06-20 00:00:00-04:00,11.756430625915527,11.756430625915527,11.756430625915527,11.756430625915527,0,0.0,0.0
2012-06-21 00:00:00-04:00,11.77134888949793,11.801187515258789,11.748970098029522,11.801187515258789,2200,0.0,0.0
2012-06-22 00:00:00-04:00,11.748970791182968,11.763890460648089,11.748970791182968,11.756430625915527,1000,0.0,0.0
2012-06-25 00:00:00-04:00,11.756430625915527,11.756430625915527,11.756430625915527,11.756430625915527,0,0.0,0.0
2012-06-26 00:00:00-04:00,11.748970985412598,11.748970985412598,11.748970985412598,11.748970985412598,30000,0.0,0.0
2012-06-27 00:00:00-04:00,11.748970985412598,11.748970985412598,11.748970985412598,11.748970985412598,300,0.0,0.0
2012-06-28 00:00:00-04:00,11.748970985412598,11.748970985412598,11.748970985412598,11.748970985412598,0,0.0,0.0
2012-06-29 00:00:00-04:00,11.808647643297878,12.308445170781733,11.808647643297878,12.300985336303711,4300,0.0,0.0
2012-07-02 00:00:00-04:00,12.524776697008582,13.949572425163298,12.494937357679389,13.390097618103027,7100,0.0,0.0
2012-07-03 00:00:00-04:00,13.41993553461421,13.464693120789988,13.29312118810116,13.390097618103027,11200,0.0,0.0
2012-07-05 00:00:00-04:00,13.248362222045072,13.315499305725098,13.248362222045072,13.315499305725098,1000,0.0,0.0
2012-07-06 00:00:00-04:00,13.211062873311382,13.285659790039062,13.211062873311382,13.285659790039062,200,0.0,0.0
2012-07-09 00:00:00-04:00,13.285659790039062,13.285659790039062,13.285659790039062,13.285659790039062,0,0.0,0.0
2012-07-10 00:00:00-04:00,13.240903224088841,13.240903224088841,13.173766136169434,13.173766136169434,300,0.0,0.0
2012-07-11 00:00:00-04:00,13.173766136169434,13.173766136169434,13.173766136169434,13.173766136169434,0,0.0,0.0
2012-07-12 00:00:00-04:00,13.099169473349944,13.099169473349944,12.882839959069264,13.054411888122559,900,0.0,0.0
2012-07-13 00:00:00-04:00,12.94997746072214,12.94997746072214,12.838081359863281,12.838081359863281,30300,0.0,0.0
2012-07-16 00:00:00-04:00,12.808243191697036,12.808243191697036,12.62921142578125,12.62921142578125,1400,0.0,0.0
2012-07-17 00:00:00-04:00,12.539695739746094,12.539695739746094,12.539695739746094,12.539695739746094,300,0.0,0.0
2012-07-18 00:00:00-04:00,12.614292111904264,12.614292111904264,12.360663414001465,12.360663414001465,1100,0.0,0.0
2012-07-19 00:00:00-04:00,12.375582695007324,12.375582695007324,12.375582695007324,12.375582695007324,100,0.0,0.0
2012-07-20 00:00:00-04:00,12.286067008972168,12.286067008972168,12.286067008972168,12.286067008972168,100,0.0,0.0
2012-07-23 00:00:00-04:00,12.21147254994606,12.21147254994606,11.838488578796387,11.838488578796387,1600,0.0,0.0
2012-07-24 00:00:00-04:00,11.838488578796387,11.838488578796387,11.838488578796387,11.838488578796387,0,0.0,0.0
2012-07-25 00:00:00-04:00,11.920543527296104,11.920543527296104,11.562479972839355,11.562479972839355,3000,0.0,0.0
2012-07-26 00:00:00-04:00,11.562479972839355,11.577399643312908,11.39836715467549,11.562479972839355,5200,0.0,0.0
2012-07-27 00:00:00-04:00,11.59977696415732,11.637075424194336,11.59977696415732,11.637075424194336,900,0.0,0.0
2012-07-30 00:00:00-04:00,11.562479972839355,11.562479972839355,11.562479972839355,11.562479972839355,500,0.0,0.0
2012-07-31 00:00:00-04:00,11.525181770324707,11.562480235948287,11.487883304701127,11.525181770324707,1500,0.0,0.0
2012-08-01 00:00:00-04:00,11.525181770324707,11.525181770324707,11.525181770324707,11.525181770324707,1000,0.0,0.0
2012-08-02 00:00:00-04:00,11.525181314083998,11.637076706525201,11.525181314083998,11.569939613342285,900,0.0,0.0
2012-08-03 00:00:00-04:00,11.651994576727406,11.711671829223633,11.651994576727406,11.711671829223633,300,0.0,0.0
2012-08-06 00:00:00-04:00,11.726592621665622,12.04735770671553,11.726592621665622,11.823568344116211,1600,0.0,0.0
2012-08-07 00:00:00-04:00,11.748970985412598,11.748970985412598,11.748970985412598,11.748970985412598,200,0.0,0.0
2012-08-08 00:00:00-04:00,11.748970985412598,11.748970985412598,11.748970985412598,11.748970985412598,0,0.0,0.0
2012-08-09 00:00:00-04:00,11.748970985412598,11.748970985412598,11.748970985412598,11.748970985412598,0,0.0,0.0
2012-08-10 00:00:00-04:00,11.607239723205566,11.607239723205566,11.607239723205566,11.607239723205566,100,0.0,0.0
2012-08-13 00:00:00-04:00,11.562479972839355,11.562479972839355,11.562479972839355,11.562479972839355,6100,0.0,0.0
2012-08-14 00:00:00-04:00,11.599778564985524,11.599778564985524,11.562480099801128,11.584858894348145,1200,0.0,0.0
2012-08-15 00:00:00-04:00,11.584858894348145,11.584858894348145,11.584858894348145,11.584858894348145,0,0.0,0.0
2012-08-16 00:00:00-04:00,11.577399643312908,11.599778437614194,11.562479972839355,11.562479972839355,900,0.0,0.0
2012-08-17 00:00:00-04:00,11.562478954267267,11.599777415756376,11.562478954267267,11.592317581176758,2700,0.0,0.0
2012-08-20 00:00:00-04:00,11.592317581176758,11.592317581176758,11.592317581176758,11.592317581176758,0,0.0,0.0
2012-08-21 00:00:00-04:00,11.562480662030277,11.674375351615323,11.562480662030277,11.59977912902832,6300,0.0,0.0
2012-08-22 00:00:00-04:00,11.59977912902832,11.59977912902832,11.59977912902832,11.59977912902832,0,0.0,0.0
2012-08-23 00:00:00-04:00,11.59977912902832,11.59977912902832,11.59977912902832,11.59977912902832,0,0.0,0.0
2012-08-24 00:00:00-04:00,11.59977912902832,11.59977912902832,11.59977912902832,11.59977912902832,0,0.0,0.0
2012-08-27 00:00:00-04:00,11.637075424194336,11.637075424194336,11.637075424194336,11.637075424194336,1300,0.0,0.0
2012-08-28 00:00:00-04:00,11.59977912902832,11.59977912902832,11.59977912902832,11.59977912902832,100,0.0,0.0
2012-08-29 00:00:00-04:00,11.59977912902832,11.59977912902832,11.59977912902832,11.59977912902832,0,0.0,0.0
2012-08-30 00:00:00-04:00,11.569940497711704,11.59977912902832,11.569940497711704,11.59977912902832,500,0.0,0.0
2012-08-31 00:00:00-04:00,11.59977912902832,11.59977912902832,11.59977912902832,11.59977912902832,0,0.0,0.0
2012-09-04 00:00:00-04:00,11.59977912902832,11.59977912902832,11.59977912902832,11.59977912902832,400,0.0,0.0
2012-09-05 00:00:00-04:00,11.59977912902832,11.59977912902832,11.59977912902832,11.59977912902832,0,0.0,0.0
2012-09-06 00:00:00-04:00,11.637075424194336,11.637075424194336,11.637075424194336,11.637075424194336,100,0.0,0.0
2012-09-07 00:00:00-04:00,11.773270966716158,11.803536415100098,11.76570442422387,11.803536415100098,1900,0.22,0.0
2012-09-10 00:00:00-04:00,11.803536415100098,11.803536415100098,11.803536415100098,11.803536415100098,0,0.0,0.0
2012-09-11 00:00:00-04:00,11.841367721557617,11.841367721557617,11.841367721557617,11.841367721557617,200,0.0,0.0
2012-09-12 00:00:00-04:00,11.841367721557617,11.841367721557617,11.841367721557617,11.841367721557617,0,0.0,0.0
2012-09-13 00:00:00-04:00,11.841367721557617,11.91703170354756,11.833801900626792,11.841367721557617,900,0.0,0.0
2012-09-14 00:00:00-04:00,11.803537525357498,11.803537525357498,11.690041542053223,11.690041542053223,6700,0.0,0.0
2012-09-17 00:00:00-04:00,11.743004838246625,11.78083610534668,11.743004838246625,11.78083610534668,500,0.0,0.0
2012-09-18 00:00:00-04:00,11.750571376120813,11.841367721557617,11.750571376120813,11.841367721557617,500,0.0,0.0
2012-09-19 00:00:00-04:00,11.841367721557617,11.841367721557617,11.841367721557617,11.841367721557617,0,0.0,0.0
2012-09-20 00:00:00-04:00,11.795969498451171,11.917031288146973,11.795969498451171,11.917031288146973,1700,0.0,0.0
2012-09-21 00:00:00-04:00,11.803536415100098,11.811102236007176,11.576545191427941,11.803536415100098,5800,0.0,0.0
2012-09-24 00:00:00-04:00,11.803536415100098,11.803536415100098,11.803536415100098,11.803536415100098,0,0.0,0.0
2012-09-25 00:00:00-04:00,11.803536415100098,11.803536415100098,11.803536415100098,11.803536415100098,100,0.0,0.0
2012-09-26 00:00:00-04:00,11.690040856295274,11.727872848510742,11.690040856295274,11.727872848510742,400,0.0,0.0
2012-09-27 00:00:00-04:00,11.727872848510742,11.727872848510742,11.727872848510742,11.727872848510742,0,0.0,0.0
2012-09-28 00:00:00-04:00,11.765704051027223,11.917031288146973,11.765704051027223,11.917031288146973,1300,0.0,0.0
2012-10-01 00:00:00-04:00,11.93216609954834,11.93216609954834,11.93216609954834,11.93216609954834,17400,0.0,0.0
2012-10-02 00:00:00-04:00,11.917031288146973,11.917031288146973,11.917031288146973,11.917031288146973,0,0.0,0.0
2012-10-03 00:00:00-04:00,12.053224429129386,12.106188774108887,12.053224429129386,12.106188774108887,1400,0.0,0.0
2012-10-04 00:00:00-04:00,12.106188774108887,12.106188774108887,12.106188774108887,12.106188774108887,0,0.0,0.0
2012-10-05 00:00:00-04:00,12.242384634285,12.242384634285,12.144021034240723,12.144021034240723,600,0.0,0.0
2012-10-08 00:00:00-04:00,12.2802152633667,12.2802152633667,12.2802152633667,12.2802152633667,200,0.0,0.0
2012-10-09 00:00:00-04:00,12.287785000267723,12.287785000267723,12.21212100982666,12.21212100982666,500,0.0,0.0
2012-10-10 00:00:00-04:00,12.522340323145157,12.787163531123321,12.371013806565049,12.560173034667969,51000,0.0,0.0
2012-10-11 00:00:00-04:00,12.590437760715838,12.598004303020401,12.560173034667969,12.560173034667969,3000,0.0,0.0
2012-10-12 00:00:00-04:00,12.48451042175293,12.48451042175293,12.48451042175293,12.48451042175293,100,0.0,0.0
2012-10-15 00:00:00-04:00,12.484510982719879,12.598006248474121,12.47694443924685,12.598006248474121,10600,0.0,0.0
2012-10-16 00:00:00-04:00,12.673669485593514,12.741766929626465,12.613138584583172,12.741766929626465,16200,0.0,0.0
2012-10-17 00:00:00-04:00,12.71150004062856,12.71150004062856,12.068359073269438,12.681235313415527,1100,0.0,0.0
2012-10-18 00:00:00-04:00,12.63583755493164,12.63583755493164,12.63583755493164,12.63583755493164,100,0.0,0.0
2012-10-19 00:00:00-04:00,12.658535957336426,12.658535957336426,12.658535957336426,12.658535957336426,1100,0.0,0.0
2012-10-22 00:00:00-04:00,12.650969378655617,12.65853592139241,12.469376682483961,12.620704650878906,2700,0.0,0.0
2012-10-23 00:00:00-04:00,12.590437889099121,12.590437889099121,12.590437889099121,12.590437889099121,300,0.0,0.0
2012-10-24 00:00:00-04:00,12.552606582641602,12.552606582641602,12.552606582641602,12.552606582641602,300,0.0,0.0
2012-10-25 00:00:00-04:00,12.658536343635214,12.787164688110352,12.658536343635214,12.787164688110352,5200,0.0,0.0
2012-10-26 00:00:00-04:00,12.787163425653759,12.787163425653759,12.635836910321805,12.650968551635742,3900,0.0,0.0
2012-10-31 00:00:00-04:00,12.522341978184539,12.613139054669277,12.219687461853027,12.219687461853027,1500,0.0,0.0
2012-11-01 00:00:00-04:00,12.219687461853027,12.219687461853027,12.219687461853027,12.219687461853027,0,0.0,0.0
2012-11-02 00:00:00-04:00,12.219687461853027,12.219687461853027,12.219687461853027,12.219687461853027,0,0.0,0.0
2012-11-05 00:00:00-05:00,12.1818527425811,12.1818527425811,12.106188774108887,12.106188774108887,4600,0.0,0.0
2012-11-06 00:00:00-05:00,12.25751951583406,12.25751951583406,12.113758087158203,12.113758087158203,1600,0.0,0.0
2012-11-07 00:00:00-05:00,12.136455535888672,12.136455535888672,12.136455535888672,12.136455535888672,300,0.0,0.0
2012-11-08 00:00:00-05:00,12.136455535888672,12.136455535888672,12.136455535888672,12.136455535888672,0,0.0,0.0
2012-11-09 00:00:00-05:00,11.992693542985648,12.106188774108887,11.992693542985648,12.106188774108887,500,0.0,0.0
2012-11-12 00:00:00-05:00,12.106188774108887,12.106188774108887,12.106188774108887,12.106188774108887,0,0.0,0.0
2012-11-13 00:00:00-05:00,12.24238568344219,12.257518768310547,12.24238568344219,12.257518768310547,1000,0.0,0.0
2012-11-14 00:00:00-05:00,12.348316192626953,12.348316192626953,12.348316192626953,12.348316192626953,500,0.0,0.0
2012-11-15 00:00:00-05:00,12.408845287482903,12.560173249825661,12.257518768310547,12.257518768310547,400,0.0,0.0
2012-11-16 00:00:00-05:00,12.181855201721191,12.181855201721191,12.106191217974759,12.181855201721191,5000,0.0,0.0
2012-11-19 00:00:00-05:00,12.181855201721191,12.181855201721191,12.181855201721191,12.181855201721191,0,0.0,0.0
2012-11-20 00:00:00-05:00,12.227252598573834,12.257518768310547,12.227252598573834,12.257518768310547,1100,0.0,0.0
2012-11-21 00:00:00-05:00,12.121321856437362,12.136454938765837,12.106188774108887,12.106188774108887,4500,0.0,0.0
2012-11-23 00:00:00-05:00,12.106188774108887,12.106188774108887,12.106188774108887,12.106188774108887,1000,0.0,0.0
2012-11-26 00:00:00-05:00,12.091057544522373,12.39371202161754,12.07592518146021,12.151588439941406,28800,0.0,0.0
2012-11-27 00:00:00-05:00,12.151587576026458,12.151587576026458,12.144021034240723,12.144021034240723,300,0.0,0.0
2012-11-28 00:00:00-05:00,12.181856012454848,12.24238691484639,11.992696762084961,11.992696762084961,11300,0.0,0.0
2012-11-29 00:00:00-05:00,12.030528034890718,12.030528034890718,11.992696762084961,11.992696762084961,1600,0.0,0.0
2012-11-30 00:00:00-05:00,12.159153119088387,12.174286201416862,12.106188774108887,12.106188774108887,2100,0.0,0.0
2012-12-03 00:00:00-05:00,12.113758087158203,12.113758087158203,12.113758087158203,12.113758087158203,100,0.0,0.0
2012-12-04 00:00:00-05:00,11.96242913642435,11.969994956659061,11.91703060709035,11.954862594604492,1500,0.0,0.0
2012-12-05 00:00:00-05:00,11.917031288146973,11.96242982007549,11.879199298470738,11.917031288146973,10100,0.0,0.0
2012-12-06 00:00:00-05:00,11.795970132933704,11.894333022748588,11.3495542182297,11.538713455200195,7000,0.0,0.0
2012-12-07 00:00:00-05:00,11.74300479888916,11.74300479888916,11.74300479888916,11.74300479888916,2200,0.0,0.0
2012-12-10 00:00:00-05:00,11.727872271264483,11.727872271264483,11.61437702178955,11.61437702178955,4100,0.0,0.0
2012-12-11 00:00:00-05:00,11.591677810644661,11.591677810644661,11.538713455200195,11.538713455200195,2900,0.0,0.0
2012-12-12 00:00:00-05:00,11.65220832824707,11.65220832824707,11.65220832824707,11.65220832824707,600,0.0,0.0
2012-12-13 00:00:00-05:00,11.65220832824707,11.65220832824707,11.637075965007893,11.65220832824707,1200,0.0,0.0
2012-12-14 00:00:00-05:00,11.954861558749542,12.106188774108887,11.788401261061722,12.106188774108887,1400,0.0,0.0
2012-12-17 00:00:00-05:00,11.962430953979492,12.257519635522984,11.954864411009986,11.962430953979492,2100,0.0,0.0
2012-12-18 00:00:00-05:00,12.000262260437012,12.000262260437012,12.000262260437012,12.000262260437012,200,0.0,0.0
2012-12-19 00:00:00-05:00,12.184645652770996,12.184645652770996,12.184645652770996,12.184645652770996,0,0.24,0.0
2012-12-20 00:00:00-05:00,12.403062166784693,12.46546745300293,12.403062166784693,12.46546745300293,600,0.24,0.0
2012-12-21 00:00:00-05:00,12.46546745300293,12.46546745300293,12.46546745300293,12.46546745300293,0,0.0,0.0
2012-12-24 00:00:00-05:00,12.30945461982175,12.30945461982175,12.091036111273263,12.247049331665039,600,0.0,0.0
2012-12-26 00:00:00-05:00,12.247049331665039,12.247049331665039,12.247049331665039,12.247049331665039,0,0.0,0.0
2012-12-27 00:00:00-05:00,12.27045157999127,12.27045157999127,12.16904354095459,12.16904354095459,500,0.0,0.0
2012-12-28 00:00:00-05:00,12.091037040339806,12.091037040339806,11.950624759233172,12.013030052185059,800,0.0,0.0
2012-12-31 00:00:00-05:00,12.09103775024414,12.09103775024414,12.09103775024414,12.09103775024414,400,0.0,0.0
2013-01-02 00:00:00-05:00,12.130041449940322,12.348459991757219,12.130041449940322,12.33285903930664,36800,0.0,0.0
2013-01-03 00:00:00-05:00,12.270451128741378,12.270451128741378,12.247049331665039,12.247049331665039,600,0.0,0.0
2013-01-04 00:00:00-05:00,12.247049331665039,12.247049331665039,12.247049331665039,12.247049331665039,200,0.0,0.0
2013-01-07 00:00:00-05:00,12.169044742978933,12.169044742978933,12.09103775024414,12.09103775024414,2000,0.0,0.0
2013-01-08 00:00:00-05:00,12.130041246611537,12.130041246611537,12.09103775024414,12.09103775024414,600,0.0,0.0
2013-01-09 00:00:00-05:00,12.169044742978933,12.465469529939583,12.09103775024414,12.09103775024414,900,0.0,0.0
2013-01-10 00:00:00-05:00,12.09103775024414,12.09103775024414,12.09103775024414,12.09103775024414,0,0.0,0.0
2013-01-11 00:00:00-05:00,12.09103775024414,12.09103775024414,12.09103775024414,12.09103775024414,0,0.0,0.0
2013-01-14 00:00:00-05:00,12.130039484975333,12.286052703857422,12.130039484975333,12.286052703857422,1000,0.0,0.0
2013-01-15 00:00:00-05:00,12.286052703857422,12.286052703857422,12.286052703857422,12.286052703857422,0,0.0,0.0
2013-01-16 00:00:00-05:00,12.44206714630127,12.44206714630127,12.44206714630127,12.44206714630127,100,0.0,0.0
2013-01-17 00:00:00-05:00,12.481070518493652,12.582478561798212,12.481070518493652,12.481070518493652,800,0.0,0.0
2013-01-18 00:00:00-05:00,12.629283696768729,12.629283696768729,12.621482849121094,12.621482849121094,300,0.0,0.0
2013-01-22 00:00:00-05:00,12.63708532607375,12.995915412902834,12.621483629813447,12.995915412902832,11300,0.0,0.0
2013-01-23 00:00:00-05:00,12.995915412902834,12.995915412902834,12.995915412902834,12.995915412902832,0,0.0,0.0
2013-01-24 00:00:00-05:00,13.167530094631255,13.409351932020558,13.07392288933063,13.307942390441895,1100,0.0,0.0
2013-01-25 00:00:00-05:00,13.261138210886628,13.261138210886628,13.183131217956543,13.183131217956543,600,0.0,0.0
2013-01-28 00:00:00-05:00,13.261138210886628,13.339145203816711,13.183131217956543,13.183131217956543,1600,0.0,0.0
2013-01-29 00:00:00-05:00,13.222134590148926,13.222134590148926,13.222134590148926,13.222134590148926,200,0.0,0.0
2013-01-30 00:00:00-05:00,13.253336906433105,13.253336906433105,13.253336906433105,13.253336906433105,400,0.0,0.0
2013-01-31 00:00:00-05:00,13.222133606133696,13.339143335207739,13.183129371202728,13.323541641235352,1800,0.0,0.0
2013-02-01 00:00:00-05:00,13.261137008666992,13.33914399452517,13.253336161295225,13.261137008666992,4400,0.0,0.0
2013-02-04 00:00:00-05:00,13.276739495224666,13.424951140548972,13.276739495224666,13.393749237060547,1000,0.0,0.0
2013-02-05 00:00:00-05:00,13.385948389223543,13.393749237060547,13.385948389223543,13.393749237060547,500,0.0,0.0
2013-02-06 00:00:00-05:00,13.448352307054718,13.51075759550135,13.378146171569824,13.378146171569824,6500,0.0,0.0
2013-02-07 00:00:00-05:00,13.471755027770996,13.471755027770996,13.471755027770996,13.471755027770996,300,0.0,0.0
2013-02-08 00:00:00-05:00,13.541961840861143,13.65117073059082,13.541961840861143,13.65117073059082,2800,0.0,0.0
2013-02-11 00:00:00-05:00,13.651171059700888,13.682374450581369,13.573164070359255,13.627768516540527,1600,0.0,0.0
2013-02-12 00:00:00-05:00,13.612167358398438,13.682373495117334,13.612167358398438,13.612167358398438,1700,0.0,0.0
2013-02-13 00:00:00-05:00,13.65117073059082,13.721376870519764,13.65117073059082,13.65117073059082,1700,0.0,0.0
2013-02-14 00:00:00-05:00,13.752580642700195,13.752580642700195,13.752580642700195,13.752580642700195,200,0.0,0.0
2013-02-15 00:00:00-05:00,13.760380744934082,13.838387738770463,13.721377991945717,13.760380744934082,1100,0.0,0.0
2013-02-19 00:00:00-05:00,13.80718529453554,13.80718529453554,13.775981903076172,13.775981903076172,800,0.0,0.0
2013-02-20 00:00:00-05:00,13.775981903076172,13.775981903076172,13.775981903076172,13.775981903076172,0,0.0,0.0
2013-02-21 00:00:00-05:00,13.775981903076172,13.775981903076172,13.775981903076172,13.775981903076172,0,0.0,0.0
2013-02-22 00:00:00-05:00,13.846185684204102,13.846185684204102,13.846185684204102,13.846185684204102,100,0.0,0.0
2013-02-25 00:00:00-05:00,13.947593713430303,13.947593713430303,13.846185684204102,13.846185684204102,1800,0.0,0.0
2013-02-26 00:00:00-05:00,13.846186877700479,13.846186877700479,13.768179893493652,13.768179893493652,1600,0.0,0.0
2013-02-27 00:00:00-05:00,13.752577872437202,13.791582107543945,13.744778513275289,13.791582107543945,600,0.0,0.0
2013-02-28 00:00:00-05:00,13.791582107543945,13.791582107543945,13.791582107543945,13.791582107543945,0,0.0,0.0
2013-03-01 00:00:00-05:00,13.705773890309775,13.74477812431274,13.65116945056502,13.674571990966797,1600,0.0,0.0
2013-03-04 00:00:00-05:00,13.651171765594773,13.768181511727942,13.456155026086277,13.70577621459961,1900,0.0,0.0
2013-03-05 00:00:00-05:00,13.768182552420281,13.768182552420281,13.705777250574934,13.744781494140625,800,0.0,0.0
2013-03-06 00:00:00-05:00,13.768179893493652,13.768179893493652,13.768179893493652,13.768179893493652,100,0.0,0.0
2013-03-07 00:00:00-05:00,13.783782005310059,13.783782005310059,13.783782005310059,13.783782005310059,100,0.0,0.0
2013-03-08 00:00:00-05:00,13.814985487184304,13.814985487184304,13.807186126708983,13.807186126708984,700,0.0,0.0
2013-03-11 00:00:00-04:00,13.830587640767652,13.830587640767652,13.752580642700195,13.752580642700195,1100,0.0,0.0
2013-03-12 00:00:00-04:00,13.791581545612923,13.908591270446777,13.791581545612923,13.908591270446777,700,0.0,0.0
2013-03-13 00:00:00-04:00,13.869591259622354,13.869591259622354,13.65117197243393,13.713577270507812,1900,0.0,0.0
2013-03-14 00:00:00-04:00,13.75257585781621,13.838383674621582,13.658968682991453,13.838383674621582,600,0.0,0.0
2013-03-15 00:00:00-04:00,13.869590510008113,14.064607241931322,13.713576529325708,13.963197708129883,2600,0.0,0.0
2013-03-18 00:00:00-04:00,13.947596766319956,13.947596766319956,13.65117197243393,13.713577270507812,1800,0.0,0.0
2013-03-19 00:00:00-04:00,13.760380744934082,13.7993849857821,13.760380744934082,13.760380744934082,800,0.0,0.0
2013-03-20 00:00:00-04:00,13.830583874741125,13.908590851567515,13.81498218180398,13.892989158630371,800,0.0,0.0
2013-03-21 00:00:00-04:00,13.931996475584825,13.970999228703754,13.65897274017334,13.65897274017334,2700,0.0,0.0
2013-03-22 00:00:00-04:00,13.690173480391552,13.690173480391552,13.65117073059082,13.65117073059082,400,0.0,0.0
2013-03-25 00:00:00-04:00,13.924193591116463,13.963196338531635,13.88518935584185,13.931994438171387,1300,0.0,0.0
2013-03-26 00:00:00-04:00,14.08020533227815,14.27522203487402,14.04120258690272,14.267422676086426,5300,0.0,0.0
2013-03-27 00:00:00-04:00,14.251824215905955,14.251824215905955,14.095810223292785,14.158215522766113,2700,0.0,0.0
2013-03-28 00:00:00-04:00,14.158215522766113,14.158215522766113,14.158215522766113,14.158215522766113,0,0.0,0.0
2013-04-01 00:00:00-04:00,14.095808654254522,14.158213946781366,14.095808654254522,14.119211196899414,50500,0.0,0.0
2013-04-02 00:00:00-04:00,14.228421670656068,14.228421670656068,14.142613825932855,14.158215522766113,1700,0.0,0.0
2013-04-03 00:00:00-04:00,14.150413972848959,14.150413972848959,14.064607620239258,14.064607620239258,800,0.0,0.0
2013-04-04 00:00:00-04:00,14.041205693309099,14.259624984167841,14.041205693309099,14.10361099243164,1800,0.0,0.0
2013-04-05 00:00:00-04:00,14.181615950693775,14.220618699094086,14.095808118781711,14.134812355041504,1800,0.0,0.0
2013-04-08 00:00:00-04:00,14.09580952449925,14.09580952449925,14.064607620239258,14.064607620239258,2800,0.0,0.0
2013-04-09 00:00:00-04:00,14.064607412245598,14.064607412245598,14.056806564331055,14.056806564331055,600,0.0,0.0
2013-04-10 00:00:00-04:00,14.025600851918474,14.056804238413559,14.025600851918474,14.041202545166016,1400,0.0,0.0
2013-04-11 00:00:00-04:00,14.080206342461487,14.080206342461487,13.768179893493652,13.768179893493652,2200,0.0,0.0
2013-04-12 00:00:00-04:00,13.76818088769717,13.846187877536899,13.651171146867366,13.666772842407227,13500,0.0,0.0
2013-04-15 00:00:00-04:00,13.674575132492473,13.752580642700195,13.674575132492473,13.752580642700195,300,0.0,0.0
2013-04-16 00:00:00-04:00,13.752580642700195,13.752580642700195,13.752580642700195,13.752580642700195,0,0.0,0.0
2013-04-17 00:00:00-04:00,13.791584265065083,13.791584265065083,13.666773668917317,13.713577270507812,900,0.0,0.0
2013-04-18 00:00:00-04:00,13.752578738048957,13.791582975610694,13.729177683371441,13.736978530883789,400,0.0,0.0
2013-04-19 00:00:00-04:00,13.76817918605202,14.00220012664795,13.744778133494004,14.00220012664795,1800,0.0,0.0
2013-04-22 00:00:00-04:00,14.00220012664795,14.00220012664795,14.00220012664795,14.00220012664795,0,0.0,0.0
2013-04-23 00:00:00-04:00,13.96319725635681,14.04120424417413,13.96319725635681,14.033403396606445,1800,0.0,0.0
2013-04-24 00:00:00-04:00,14.033403396606445,14.033403396606445,14.033403396606445,14.033403396606445,200,0.0,0.0
2013-04-25 00:00:00-04:00,13.994400646627554,14.033403396606445,13.994400646627554,14.033403396606445,200,0.0,0.0
2013-04-26 00:00:00-04:00,14.010000853903387,14.033403396606445,13.96319725635681,14.033403396606445,1200,0.0,0.0
2013-04-29 00:00:00-04:00,13.651172135728215,13.846188880524332,13.651172135728215,13.807186126708984,700,0.0,0.0
2013-04-30 00:00:00-04:00,13.86178779602051,13.908591388780378,13.86178779602051,13.861787796020508,1500,0.0,0.0
2013-05-01 00:00:00-04:00,13.861787850602848,13.861787850602848,13.674571990966797,13.674571990966797,1700,0.0,0.0
2013-05-02 00:00:00-04:00,13.713576022987711,13.713576022987711,13.65117073059082,13.65117073059082,6400,0.0,0.0
2013-05-03 00:00:00-04:00,13.65117073059082,13.658971578122873,13.643369883058767,13.65117073059082,9500,0.0,0.0
2013-05-06 00:00:00-04:00,13.666772425654926,13.666772425654926,13.65117073059082,13.65117073059082,1000,0.0,0.0
2013-05-07 00:00:00-04:00,13.65117073059082,13.65117073059082,13.65117073059082,13.65117073059082,0,0.0,0.0
2013-05-08 00:00:00-04:00,13.666772425654926,13.697974327923605,13.65117073059082,13.65117073059082,2000,0.0,0.0
2013-05-09 00:00:00-04:00,13.651170400251965,13.690173149108887,13.651170400251965,13.690173149108887,500,0.0,0.0
2013-05-10 00:00:00-04:00,13.72917652130127,13.72917652130127,13.72917652130127,13.72917652130127,100,0.0,0.0
2013-05-13 00:00:00-04:00,13.729177385825306,13.760379287338942,13.690173149108887,13.690173149108887,700,0.0,0.0
2013-05-14 00:00:00-04:00,13.729178758970102,13.729178758970102,13.70577621459961,13.70577621459961,800,0.0,0.0
2013-05-15 00:00:00-04:00,13.69797399645217,13.69797399645217,13.690173149108887,13.690173149108887,200,0.0,0.0
2013-05-16 00:00:00-04:00,13.768179893493652,13.768179893493652,13.768179893493652,13.768179893493652,200,0.0,0.0
2013-05-17 00:00:00-04:00,13.768179893493652,13.768179893493652,13.768179893493652,13.768179893493652,0,0.0,0.0
2013-05-20 00:00:00-04:00,13.807184371398645,13.807184371398645,13.690173149108887,13.690173149108887,200,0.0,0.0
2013-05-21 00:00:00-04:00,13.736981311496942,13.736981311496942,13.697977066040039,13.697977066040039,900,0.0,0.0
2013-05-22 00:00:00-04:00,13.705774843795455,13.705774843795455,13.65897124759525,13.690173149108887,3800,0.0,0.0
2013-05-23 00:00:00-04:00,13.690173149108887,13.690173149108887,13.690173149108887,13.690173149108887,1100,0.0,0.0
2013-05-24 00:00:00-04:00,13.697973133893008,13.72917652130127,13.697973133893008,13.72917652130127,200,0.0,0.0
2013-05-28 00:00:00-04:00,13.736977368153335,13.736977368153335,13.72917652130127,13.72917652130127,1400,0.0,0.0
2013-05-29 00:00:00-04:00,13.775981280585999,13.814984030288208,13.729177683371441,13.736978530883789,1500,0.0,0.0
2013-05-30 00:00:00-04:00,13.775983188478353,13.783784037071072,13.729179584781773,13.752580642700195,1700,0.0,0.0
2013-05-31 00:00:00-04:00,13.768179267702195,13.768179267702195,13.72917652130127,13.72917652130127,1000,0.0,0.0
2013-06-03 00:00:00-04:00,13.7993849857821,13.7993849857821,13.690174599267303,13.760380744934082,2100,0.0,0.0
2013-06-04 00:00:00-04:00,13.736977368153335,13.799382655110456,13.72917652130127,13.72917652130127,2600,0.0,0.0
2013-06-05 00:00:00-04:00,13.65117184627894,13.760380744934082,13.65117184627894,13.760380744934082,2400,0.0,0.0
2013-06-06 00:00:00-04:00,13.76037842085013,13.799382655110456,13.72917652130127,13.72917652130127,2800,0.0,0.0
2013-06-07 00:00:00-04:00,13.760376703694808,13.869587058135979,13.760376703694808,13.838383674621582,1800,0.0,0.0
2013-06-10 00:00:00-04:00,13.861787850602848,13.861787850602848,13.65116945056502,13.674571990966797,5800,0.0,0.0
2013-06-11 00:00:00-04:00,13.690173149108887,13.75257843999566,13.690173149108887,13.690173149108887,5200,0.0,0.0
2013-06-12 00:00:00-04:00,13.729177718051817,13.807184705512814,13.65117073059082,13.65117073059082,4700,0.0,0.0
2013-06-13 00:00:00-04:00,13.713576022987711,13.744779413115923,13.65117073059082,13.65117073059082,1500,0.0,0.0
2013-06-14 00:00:00-04:00,13.65117073059082,13.65117073059082,13.65117073059082,13.65117073059082,1500,0.0,0.0
2013-06-17 00:00:00-04:00,13.658971578122873,13.658971578122873,13.65117073059082,13.65117073059082,1500,0.0,0.0
2013-06-18 00:00:00-04:00,13.65117073059082,13.721376870519764,13.65117073059082,13.65117073059082,2400,0.0,0.0
2013-06-19 00:00:00-04:00,13.65117073059082,13.838386607781493,13.65117073059082,13.65117073059082,11100,0.0,0.0
2013-06-20 00:00:00-04:00,13.65117092903621,13.674573471972568,13.41715145111084,13.41715145111084,1400,0.0,0.0
2013-06-21 00:00:00-04:00,13.666773044605838,13.666773044605838,13.44835376739502,13.44835376739502,30300,0.0,0.0
2013-06-24 00:00:00-04:00,13.65117073059082,13.666772425654926,13.573163743129822,13.65117073059082,8500,0.0,0.0
2013-06-25 00:00:00-04:00,13.67457327318698,13.67457327318698,13.65117073059082,13.65117073059082,600,0.0,0.0
2013-06-26 00:00:00-04:00,13.658971578122873,13.690173480391552,13.65117073059082,13.65117073059082,600,0.0,0.0
2013-06-27 00:00:00-04:00,13.65897274017334,13.65897274017334,13.65897274017334,13.65897274017334,200,0.0,0.0
2013-06-28 00:00:00-04:00,13.68237685571711,13.697977066040039,13.658974308442966,13.697977066040039,1300,0.0,0.0
2013-07-01 00:00:00-04:00,13.674575132492473,13.752580642700195,13.674575132492473,13.752580642700195,500,0.0,0.0
2013-07-02 00:00:00-04:00,13.729178758970102,13.729178758970102,13.697975366476111,13.70577621459961,700,0.0,0.0
2013-07-03 00:00:00-04:00,13.70577621459961,13.70577621459961,13.70577621459961,13.70577621459961,0,0.0,0.0
2013-07-05 00:00:00-04:00,13.7681795664799,13.807183801586643,13.7681795664799,13.791582107543945,1800,0.0,0.0
2013-07-08 00:00:00-04:00,13.830583991135658,13.853986530738323,13.79158124632389,13.846185684204102,600,0.0,0.0
2013-07-09 00:00:00-04:00,13.869591425529354,13.869591425529354,13.807186126708983,13.807186126708984,500,0.0,0.0
2013-07-10 00:00:00-04:00,13.768179267702195,13.768179267702195,13.72917652130127,13.72917652130127,3800,0.0,0.0
2013-07-11 00:00:00-04:00,13.768182339885634,13.775983188478353,13.744781281967212,13.752580642700195,900,0.0,0.0
2013-07-12 00:00:00-04:00,13.783784249846558,13.783784249846558,13.744781494140625,13.744781494140625,800,0.0,0.0
2013-07-15 00:00:00-04:00,13.783781587906912,13.807184129526801,13.768179893493652,13.768179893493652,1300,0.0,0.0
2013-07-16 00:00:00-04:00,13.768179893493652,13.807184129526801,13.768179893493652,13.768179893493652,3200,0.0,0.0
2013-07-17 00:00:00-04:00,13.799382954565294,13.807183801586643,13.744778513275289,13.791582107543945,700,0.0,0.0
2013-07-18 00:00:00-04:00,13.807183239019936,13.908591270446777,13.807183239019936,13.908591270446777,1100,0.0,0.0
2013-07-19 00:00:00-04:00,13.947594524645925,13.986598759585588,13.947594524645925,13.978797912597656,3500,0.0,0.0
2013-07-22 00:00:00-04:00,13.963195566787666,14.056804238413559,13.963195566787666,14.041202545166016,13000,0.0,0.0
2013-07-23 00:00:00-04:00,14.00220020968595,14.00220020968595,13.690172287040943,13.72917652130127,14100,0.0,0.0
2013-07-24 00:00:00-04:00,13.729175961909457,13.846185684204102,13.729175961909457,13.846185684204102,26900,0.0,0.0
2013-07-25 00:00:00-04:00,13.8851900100708,13.8851900100708,13.8851900100708,13.8851900100708,100,0.0,0.0
2013-07-26 00:00:00-04:00,14.033404943854594,14.821272780742492,14.033404943854594,14.540448188781738,70900,0.0,0.0
2013-07-29 00:00:00-04:00,14.977285023579936,14.985084383236694,14.470240350037965,14.548247337341309,2300,0.0,0.0
2013-07-30 00:00:00-04:00,14.665253978011274,14.805666227939382,14.47803814072687,14.524843215942383,6900,0.0,0.0
2013-07-31 00:00:00-04:00,14.696459959944844,15.523330426113354,14.478040700565087,15.359517097473145,1800,0.0,0.0
2013-08-01 00:00:00-04:00,15.53113169512481,15.53113169512481,14.790067552846603,14.821270942687988,15900,0.0,0.0
2013-08-02 00:00:00-04:00,14.821267871600783,14.821267871600783,14.517042322982872,14.813467025756836,1600,0.0,0.0
2013-08-05 00:00:00-04:00,14.727663795845993,14.727663795845993,14.478042602539062,14.478042602539062,1500,0.0,0.0
2013-08-06 00:00:00-04:00,14.485845914095652,14.696464389710918,14.485845914095652,14.602855682373047,2300,0.0,0.0
2013-08-07 00:00:00-04:00,14.790064536200877,14.813467073808633,14.524843215942383,14.524843215942383,1400,0.0,0.0
2013-08-08 00:00:00-04:00,14.478042602539062,14.727663795845993,14.478042602539062,14.478042602539062,1300,0.0,0.0
2013-08-09 00:00:00-04:00,14.556049597412397,14.774468885485799,14.478042602539062,14.478042602539062,600,0.0,0.0
2013-08-12 00:00:00-04:00,14.478042602539062,14.774468885485799,14.478042602539062,14.478042602539062,1000,0.0,0.0
2013-08-13 00:00:00-04:00,14.478039676780503,14.735461666340253,14.322027206420898,14.322027206420898,8600,0.0,0.0
2013-08-14 00:00:00-04:00,14.431237687657088,14.587251663208008,14.431237687657088,14.587251663208008,3300,0.0,0.0
2013-08-15 00:00:00-04:00,14.439038344288125,14.821270942687988,14.439038344288125,14.821270942687988,400,0.0,0.0
2013-08-16 00:00:00-04:00,14.797869148080741,15.055291175842285,14.563849663882825,15.055291175842285,1200,0.0,0.0
2013-08-19 00:00:00-04:00,14.907076457597602,14.907076457597602,14.602849405414865,14.704258918762207,6700,0.0,0.0
2013-08-20 00:00:00-04:00,14.860273361206055,14.860273361206055,14.860273361206055,14.860273361206055,200,0.0,0.0
2013-08-21 00:00:00-04:00,14.688659764393941,14.985084533691406,14.618453623901994,14.985084533691406,2200,0.0,0.0
2013-08-22 00:00:00-04:00,15.000686051474357,15.445323944091797,14.62625429851857,15.445323944091797,1600,0.0,0.0
2013-08-23 00:00:00-04:00,15.320510893655769,15.351714278642422,14.704258918762207,14.704258918762207,3900,0.0,0.0
2013-08-26 00:00:00-04:00,14.782265663223587,14.797865867614746,14.782265663223587,14.797865867614746,200,0.0,0.0
2013-08-27 00:00:00-04:00,14.766667946664175,14.766667946664175,14.665258407592773,14.665258407592773,3700,0.0,0.0
2013-08-28 00:00:00-04:00,14.743266105651854,14.961685402810602,14.61845550380678,14.743266105651855,3700,0.0,0.0
2013-08-29 00:00:00-04:00,14.766667571883383,15.016288757324219,14.766667571883383,15.016288757324219,900,0.0,0.0
2013-08-30 00:00:00-04:00,15.016288757324219,15.016288757324219,15.016288757324219,15.016288757324219,0,0.0,0.0
2013-09-03 00:00:00-04:00,15.203506213221635,15.203506213221635,14.899280548095703,14.899280548095703,200,0.0,0.0
2013-09-04 00:00:00-04:00,14.899279257996312,15.164502143859863,14.899279257996312,15.164502143859863,700,0.0,0.0
2013-09-05 00:00:00-04:00,15.2269092816362,15.2269092816362,15.109899520874022,15.109899520874023,200,0.0,0.0
2013-09-06 00:00:00-04:00,15.109899520874022,15.109899520874022,15.109899520874022,15.109899520874023,0,0.0,0.0
2013-09-09 00:00:00-04:00,15.133298873901367,15.133298873901367,15.133298873901367,15.133298873901367,1100,0.0,0.0
2013-09-10 00:00:00-04:00,15.109899520874022,15.109899520874022,15.109899520874022,15.109899520874023,100,0.0,0.0
2013-09-11 00:00:00-04:00,15.133298873901367,15.133298873901367,15.133298873901367,15.133298873901367,200,0.0,0.0
2013-09-12 00:00:00-04:00,15.25030862146969,15.25030862146969,15.133298873901367,15.133298873901367,500,0.0,0.0
2013-09-13 00:00:00-04:00,15.35171374918674,15.35171374918674,15.148896217346191,15.148896217346191,700,0.0,0.0
2013-09-16 00:00:00-04:00,15.133082856623172,15.133082856623172,14.911701202392578,14.911701202392578,800,0.26,0.0
2013-09-17 00:00:00-04:00,15.022396180768117,15.164713859558105,15.022396180768117,15.164713859558105,400,0.0,0.0
2013-09-18 00:00:00-04:00,15.180526105115412,15.488880046796755,15.180526105115412,15.433534622192383,1000,0.0,0.0
2013-09-19 00:00:00-04:00,15.60747653998027,15.60747653998027,15.457252177656482,15.480972290039062,1000,0.0,0.0
2013-09-20 00:00:00-04:00,15.647013664245605,15.647013664245605,15.647013664245605,15.647013664245605,600,0.0,0.0
2013-09-23 00:00:00-04:00,15.71026611328125,15.71026611328125,15.662825876655646,15.71026611328125,1300,0.0,0.0
2013-09-24 00:00:00-04:00,15.71026611328125,15.71026611328125,15.71026611328125,15.71026611328125,0,0.0,0.0
2013-09-25 00:00:00-04:00,15.813049981489764,15.813049981489764,15.662825584411621,15.662825584411621,4700,0.0,0.0
2013-09-26 00:00:00-04:00,15.654913753422285,15.654913753422285,15.496784210205078,15.496784210205078,500,0.0,0.0
2013-09-27 00:00:00-04:00,15.512600898742676,15.512600898742676,15.512600898742676,15.512600898742676,100,0.0,0.0
2013-09-30 00:00:00-04:00,15.512598686003477,15.536317289693434,15.43353315492128,15.465158462524414,2400,0.0,0.0
2013-10-01 00:00:00-04:00,15.615386840451595,15.647013664245605,15.615386840451595,15.647013664245605,300,0.0,0.0
2013-10-02 00:00:00-04:00,15.607479303688695,15.623292714743922,15.607479303688695,15.615386009216309,2200,0.0,0.0
2013-10-03 00:00:00-04:00,15.615386009216309,15.615386009216309,15.615386009216309,15.615386009216309,0,0.0,0.0
2013-10-04 00:00:00-04:00,15.670731320745329,15.749796867370607,15.670731320745329,15.749796867370605,5000,0.0,0.0
2013-10-07 00:00:00-04:00,15.654915805860531,15.813046877858987,15.654915805860531,15.741888046264648,700,0.0,0.0
2013-10-08 00:00:00-04:00,15.773518562316895,15.773518562316895,15.773518562316895,15.773518562316895,500,0.0,0.0
2013-10-09 00:00:00-04:00,15.876297623393839,15.876297623393839,15.773513491174526,15.813045501708984,5300,0.0,0.0
2013-10-10 00:00:00-04:00,15.836764587927627,16.579976592612713,15.813044478312362,16.548351287841797,6800,0.0,0.0
2013-10-11 00:00:00-04:00,16.326969450156074,16.556259337603986,15.900017998702447,16.287437438964844,3900,0.0,0.0
2013-10-14 00:00:00-04:00,16.287439564186172,16.287439564186172,16.2083740234375,16.2083740234375,1800,0.0,0.0
2013-10-15 00:00:00-04:00,16.208371908532822,16.30325084666116,16.208371908532822,16.287437438964844,400,0.0,0.0
2013-10-16 00:00:00-04:00,16.287437438964844,16.287437438964844,16.287437438964844,16.287437438964844,0,0.0,0.0
2013-10-17 00:00:00-04:00,16.485099170250525,16.556257991046884,16.44556565422508,16.548351287841797,3300,0.0,0.0
2013-10-18 00:00:00-04:00,16.08977719794055,16.40603786726583,16.08977719794055,16.39022445678711,3100,0.0,0.0
2013-10-21 00:00:00-04:00,16.026525497436523,16.026525497436523,16.026525497436523,16.026525497436523,600,0.0,0.0
2013-10-22 00:00:00-04:00,16.026525497436523,16.026525497436523,16.026525497436523,16.026525497436523,0,0.0,0.0
2013-10-23 00:00:00-04:00,16.5167293548584,16.5167293548584,16.5167293548584,16.5167293548584,100,0.0,0.0
2013-10-24 00:00:00-04:00,16.29534339904785,16.29534339904785,16.29534339904785,16.29534339904785,700,0.0,0.0
2013-10-25 00:00:00-04:00,16.406033407712005,16.406033407712005,15.813044248397114,15.85257625579834,8500,0.0,0.0
2013-10-28 00:00:00-04:00,16.39022209087171,16.40603549906778,16.168840408325195,16.168840408325195,2000,0.0,0.0
2013-10-29 00:00:00-04:00,16.485103830655355,16.485103830655355,16.406038284301758,16.406038284301758,300,0.0,0.0
2013-10-30 00:00:00-04:00,16.334879044817047,16.366505865806737,16.010711669921875,16.010711669921875,1500,0.0,0.0
2013-10-31 00:00:00-04:00,16.40603786726583,16.40603786726583,16.39022445678711,16.39022445678711,200,0.0,0.0
2013-11-01 00:00:00-04:00,16.461383491178253,16.485103607177734,16.461383491178253,16.485103607177734,800,0.0,0.0
2013-11-04 00:00:00-05:00,16.55626244712633,16.55626244712633,16.485103607177734,16.485103607177734,1100,0.0,0.0
2013-11-05 00:00:00-05:00,16.485104040743842,16.5167293548584,16.485104040743842,16.5167293548584,1300,0.0,0.0
2013-11-06 00:00:00-05:00,16.51672892046053,16.51672892046053,16.485103607177734,16.485103607177734,2500,0.0,0.0
2013-11-07 00:00:00-05:00,16.55626106262207,16.55626106262207,16.55626106262207,16.55626106262207,300,0.0,0.0
2013-11-08 00:00:00-05:00,16.55626106262207,16.55626106262207,16.55626106262207,16.55626106262207,0,0.0,0.0
2013-11-11 00:00:00-05:00,16.548356973457437,16.55626367937908,16.129310607910156,16.129310607910156,3100,0.0,0.0
2013-11-12 00:00:00-05:00,16.2716269108875,16.2716269108875,16.010711669921875,16.010711669921875,200,0.0,0.0
2013-11-13 00:00:00-05:00,16.168843153290837,16.406038284301758,16.010712060583643,16.406038284301758,700,0.0,0.0
2013-11-14 00:00:00-05:00,16.406038284301758,16.406038284301758,16.406038284301758,16.406038284301758,0,0.0,0.0
2013-11-15 00:00:00-05:00,16.342781847131686,16.52463150024414,16.342781847131686,16.52463150024414,400,0.0,0.0
2013-11-18 00:00:00-05:00,16.52463150024414,16.52463150024414,16.52463150024414,16.52463150024414,0,0.0,0.0
2013-11-19 00:00:00-05:00,16.524632852603293,16.55625966862827,16.421848716621298,16.43766212463379,3000,0.0,0.0
2013-11-20 00:00:00-05:00,16.01070945559698,16.319063377351117,16.01070945559698,16.224185943603516,14400,0.0,0.0
2013-11-21 00:00:00-05:00,16.564168185923705,16.761831283569336,16.524634661564725,16.761831283569336,18300,0.0,0.0
2013-11-22 00:00:00-05:00,16.287439130545838,16.398129979817067,16.287439130545838,16.366504669189453,1900,0.0,0.0
2013-11-25 00:00:00-05:00,16.350689257832165,16.350689257832165,16.20837160730933,16.326969146728516,10500,0.0,0.0
2013-11-26 00:00:00-05:00,16.334876154004235,16.4060349805881,15.88420459100613,16.287437438964844,12600,0.0,0.0
2013-11-27 00:00:00-05:00,16.374408165195465,16.374408165195465,16.247903919724052,16.287437438964844,1100,0.0,0.0
2013-11-29 00:00:00-05:00,16.2083740234375,16.2083740234375,16.2083740234375,16.2083740234375,100,0.0,0.0
2013-12-02 00:00:00-05:00,16.271623935257054,16.271623935257054,16.20837181289457,16.24790382385254,7400,0.0,0.0
2013-12-03 00:00:00-05:00,16.208371908532822,16.287437438964844,16.208371908532822,16.287437438964844,500,0.0,0.0
2013-12-04 00:00:00-05:00,16.287437438964844,16.287437438964844,16.287437438964844,16.287437438964844,0,0.0,0.0
2013-12-05 00:00:00-05:00,16.326971580535627,16.326971580535627,16.2083740234375,16.2083740234375,7300,0.0,0.0
2013-12-06 00:00:00-05:00,16.2083740234375,16.2083740234375,16.2083740234375,16.2083740234375,1000,0.0,0.0
2013-12-09 00:00:00-05:00,16.303252973945856,16.303252973945856,16.2083740234375,16.2083740234375,5200,0.0,0.0
2013-12-10 00:00:00-05:00,16.374408682675643,16.374408682675643,16.168840408325195,16.168840408325195,1100,0.0,0.0
2013-12-11 00:00:00-05:00,16.224187632110088,16.303253173828125,16.168842205322395,16.303253173828125,3800,0.0,0.0
2013-12-12 00:00:00-05:00,16.45347369562749,16.579977941098903,16.287437438964844,16.287437438964844,4500,0.0,0.0
2013-12-13 00:00:00-05:00,16.295346269066012,16.295346269066012,16.2083740234375,16.2083740234375,4500,0.0,0.0
2013-12-16 00:00:00-05:00,15.694451383219125,16.746019077987317,15.694451383219125,16.406038284301758,1100,0.0,0.0
2013-12-17 00:00:00-05:00,16.382317945896496,16.485103607177734,16.208374952716508,16.485103607177734,4600,0.0,0.0
2013-12-18 00:00:00-05:00,16.406038284301758,16.406038284301758,16.2083751724427,16.406038284301758,2300,0.0,0.0
2013-12-19 00:00:00-05:00,16.406035952473424,16.564167022705078,16.366503938940337,16.564167022705078,1900,0.0,0.0
2013-12-20 00:00:00-05:00,16.271623728869532,16.326969146728516,16.271623728869532,16.326969146728516,800,0.0,0.0
2013-12-23 00:00:00-05:00,16.40603551835217,16.40603551835217,16.358596801757812,16.358596801757812,700,0.0,0.0
2013-12-24 00:00:00-05:00,16.358596801757812,16.358596801757812,16.358596801757812,16.358596801757812,0,0.0,0.0
2013-12-26 00:00:00-05:00,16.54835596612826,16.579981279839778,16.406038284301758,16.406038284301758,1200,0.0,0.0
2013-12-27 00:00:00-05:00,16.5878832958178,16.603696702227978,16.52463117822653,16.548351287841797,23100,0.0,0.0
2013-12-30 00:00:00-05:00,16.595794040102522,16.659046173095703,16.54835531737009,16.659046173095703,900,0.0,0.0
2013-12-31 00:00:00-05:00,16.785546271069048,16.785546271069048,16.682762145996094,16.682762145996094,3500,0.0,0.0
2014-01-02 00:00:00-05:00,16.603700637817383,16.603700637817383,16.603700637817383,16.603700637817383,34100,0.0,0.0
2014-01-03 00:00:00-05:00,16.959497451782227,16.959497451782227,16.959497451782227,16.959497451782227,100,0.0,0.0
2014-01-06 00:00:00-05:00,18.14547065892145,18.14547065892145,17.481322614670106,17.544574737548828,4400,0.0,0.0
2014-01-07 00:00:00-05:00,17.00693321171927,17.378539294783888,17.00693321171927,17.19668960571289,800,0.0,0.0
2014-01-08 00:00:00-05:00,17.370632811388347,17.702706882124552,17.117624282836914,17.117624282836914,1800,0.0,0.0
2014-01-09 00:00:00-05:00,17.497140884399414,17.497140884399414,17.497140884399414,17.497140884399414,100,0.0,0.0
2014-01-10 00:00:00-05:00,17.51294785673952,18.02687154171774,17.51294785673952,17.868741989135742,3300,0.0,0.0
2014-01-13 00:00:00-05:00,18.145472324760807,18.69102136915514,18.145472324760807,18.327322006225586,4500,0.0,0.0
2014-01-14 00:00:00-05:00,18.414296284317313,18.540800555673002,18.185006349953955,18.192913055419922,4800,0.0,0.0
2014-01-15 00:00:00-05:00,18.224534613482408,18.382665674113962,17.868741989135742,17.868741989135742,8100,0.0,0.0
2014-01-16 00:00:00-05:00,17.742240374733136,18.050594329833984,17.742240374733136,18.050594329833984,400,0.0,0.0
2014-01-17 00:00:00-05:00,19.236572492822702,19.236572492822702,18.224536895751953,18.224536895751953,1800,0.0,0.0
2014-01-21 00:00:00-05:00,18.58032989501953,18.58032989501953,18.58032989501953,18.58032989501953,1500,0.0,0.0
2014-01-22 00:00:00-05:00,18.777991948638483,18.99146842956543,18.50126334462758,18.99146842956543,8200,0.0,0.0
2014-01-23 00:00:00-05:00,18.50126221064865,19.663521974647328,18.46173020166276,18.98356056213379,7500,0.0,0.0
2014-01-24 00:00:00-05:00,18.97565693757972,19.568646216879085,18.97565693757972,19.370983123779297,1500,0.0,0.0
2014-01-27 00:00:00-05:00,19.268200074789483,19.268200074789483,18.335229981007785,18.390575408935547,8400,0.0,0.0
2014-01-28 00:00:00-05:00,18.959843293081207,18.959843293081207,18.327322006225586,18.327322006225586,1700,0.0,0.0
2014-01-29 00:00:00-05:00,18.192913055419922,18.192913055419922,18.192913055419922,18.192913055419922,200,0.0,0.0
2014-01-30 00:00:00-05:00,18.192913055419922,18.192913055419922,18.192913055419922,18.192913055419922,0,0.0,0.0
2014-01-31 00:00:00-05:00,18.287787630751232,18.31941444764453,18.02687242358006,18.105937957763672,3700,0.0,0.0
2014-02-03 00:00:00-05:00,18.113847871299367,18.121754576923557,17.78968048095703,17.78968048095703,500,0.0,0.0
2014-02-04 00:00:00-05:00,17.78967792131799,17.78967792131799,17.3943517452887,17.473417282104492,2400,0.0,0.0
2014-02-05 00:00:00-05:00,17.39435577392578,17.576205495084814,16.271629113650388,17.39435577392578,8400,0.0,0.0
2014-02-06 00:00:00-05:00,17.512948778267948,17.710611860433612,17.512948778267948,17.59201431274414,2200,0.0,0.0
2014-02-07 00:00:00-05:00,17.38644462396661,17.789677494815045,17.38644462396661,17.457603454589844,1700,0.0,0.0
2014-02-10 00:00:00-05:00,17.75014305114746,17.75014305114746,17.75014305114746,17.75014305114746,300,0.0,0.0
2014-02-11 00:00:00-05:00,17.742238611788547,18.105937957763672,17.742238611788547,18.105937957763672,1400,0.0,0.0
2014-02-12 00:00:00-05:00,18.56451416015625,18.56451416015625,18.56451416015625,18.56451416015625,300,0.0,0.0
2014-02-13 00:00:00-05:00,17.813400268554688,17.813400268554688,17.813400268554688,17.813400268554688,200,0.0,0.0
2014-02-14 00:00:00-05:00,17.813400268554688,17.813400268554688,17.813400268554688,17.813400268554688,300,0.0,0.0
2014-02-18 00:00:00-05:00,17.710610806580192,17.710610806580192,17.607826673511962,17.63945198059082,1000,0.0,0.0
2014-02-19 00:00:00-05:00,17.63945198059082,17.63945198059082,17.63945198059082,17.63945198059082,0,0.0,0.0
2014-02-20 00:00:00-05:00,17.852932845027272,17.852932845027272,17.710615158081055,17.710615158081055,400,0.0,0.0
2014-02-21 00:00:00-05:00,18.129655838012695,18.129655838012695,18.129655838012695,18.129655838012695,200,0.0,0.0
2014-02-24 00:00:00-05:00,17.67107871312969,17.97152591519762,17.67107871312969,17.94780731201172,2800,0.0,0.0
2014-02-25 00:00:00-05:00,17.94780731201172,17.94780731201172,17.94780731201172,17.94780731201172,0,0.0,0.0
2014-02-26 00:00:00-05:00,17.686890933481276,17.75014305114746,17.686890933481276,17.75014305114746,800,0.0,0.0
2014-02-27 00:00:00-05:00,17.631549835205078,17.631549835205078,17.631549835205078,17.631549835205078,100,0.0,0.0
2014-02-28 00:00:00-05:00,17.884555190100073,17.94780731201172,17.884555190100073,17.94780731201172,1200,0.0,0.0
2014-03-03 00:00:00-05:00,17.38644906760799,17.59201890772039,17.38644906760799,17.39435577392578,2200,0.0,0.0
2014-03-04 00:00:00-05:00,17.84502410888672,17.84502410888672,17.84502410888672,17.84502410888672,400,0.0,0.0
2014-03-05 00:00:00-05:00,17.433887208362275,17.734336006085744,17.433887208362275,17.68689727783203,1700,0.0,0.0
2014-03-06 00:00:00-05:00,17.781768355955833,17.781768355955833,17.75014305114746,17.75014305114746,1200,0.0,0.0
2014-03-07 00:00:00-05:00,17.876651343786033,18.10593975684698,17.876651343786033,18.050594329833984,1100,0.0,0.0
2014-03-10 00:00:00-04:00,18.42219889776432,18.42219889776432,17.987340714480265,18.06640625,16400,0.0,0.0
2014-03-11 00:00:00-04:00,18.06640625,18.06640625,18.06640625,18.06640625,0,0.0,0.0
2014-03-12 00:00:00-04:00,18.105937957763672,18.105937957763672,18.105937957763672,18.105937957763672,200,0.0,0.0
2014-03-13 00:00:00-04:00,18.105938376465986,18.129658489684488,18.066406362484813,18.12175178527832,1100,0.0,0.0
2014-03-14 00:00:00-04:00,18.394259383687164,18.394259383687164,18.314109802246094,18.314109802246094,5000,0.31,0.0
2014-03-17 00:00:00-04:00,18.434335685433602,18.931261928723995,18.073663288793295,18.915231704711914,11400,0.0,0.0
2014-03-18 00:00:00-04:00,18.93126045255138,18.93126045255138,18.578603195415702,18.907215118408203,6200,0.0,0.0
2014-03-19 00:00:00-04:00,19.203767060556704,19.235827506856715,18.835081100463867,18.835081100463867,64600,0.0,0.0
2014-03-20 00:00:00-04:00,18.835081100463867,18.835081100463867,18.835081100463867,18.835081100463867,0,0.0,0.0
2014-03-21 00:00:00-04:00,18.041602903400488,18.55455780029297,18.041602903400488,18.55455780029297,1700,0.0,0.0
2014-03-24 00:00:00-04:00,18.089694019865235,18.386247057495996,18.089694019865235,18.29808235168457,5200,0.0,0.0
2014-03-25 00:00:00-04:00,18.04160263393435,18.113737106323242,18.04160263393435,18.113737106323242,2000,0.0,0.0
2014-03-26 00:00:00-04:00,18.434335680303246,18.59463486292684,18.410290344291816,18.498455047607422,1800,0.0,0.0
2014-03-27 00:00:00-04:00,18.113737106323242,18.161826245007116,18.033587522699346,18.113737106323242,1400,0.0,0.0
2014-03-28 00:00:00-04:00,18.39426604835483,18.434340089232055,18.033593565553097,18.233966827392578,6000,0.0,0.0
2014-03-31 00:00:00-04:00,18.033593565553097,18.233966827392578,18.033593565553097,18.233966827392578,1400,0.0,0.0
2014-04-01 00:00:00-04:00,18.434334894366597,18.786992163867392,18.298081053563532,18.322126388549805,34200,0.0,0.0
2014-04-02 00:00:00-04:00,18.129764532335916,18.43433106865693,18.06564518107223,18.25800323486328,3400,0.0,0.0
2014-04-03 00:00:00-04:00,18.458379769467108,18.77096147286956,18.073662062903097,18.39426040649414,5100,0.0,0.0
2014-04-04 00:00:00-04:00,18.04160499572754,18.434336325297586,17.680932586568133,18.04160499572754,2400,0.0,0.0
2014-04-07 00:00:00-04:00,18.03358835914651,18.161827087402344,18.03358835914651,18.161827087402344,4800,0.0,0.0
2014-04-08 00:00:00-04:00,18.274034744844876,18.35418432846877,18.113737106323242,18.113737106323242,2100,0.0,0.0
2014-04-09 00:00:00-04:00,18.057631883471544,18.514482498168945,18.057631883471544,18.514482498168945,2300,0.0,0.0
2014-04-10 00:00:00-04:00,18.514482498168945,18.514482498168945,18.514482498168945,18.514482498168945,0,0.0,0.0
2014-04-11 00:00:00-04:00,18.17785583396565,18.201899638106568,18.153810501098633,18.153810501098633,1500,0.0,0.0
2014-04-14 00:00:00-04:00,18.097706253135026,18.161825612054304,18.097706253135026,18.153810501098633,1200,0.0,0.0
2014-04-15 00:00:00-04:00,18.1698383479668,18.35418128967285,18.1698383479668,18.35418128967285,4800,0.0,0.0
2014-04-16 00:00:00-04:00,18.35418406134804,18.37021428358475,18.314110034482393,18.338153839111328,1600,0.0,0.0
2014-04-17 00:00:00-04:00,18.338153839111328,18.338153839111328,18.338153839111328,18.338153839111328,0,0.0,0.0
2014-04-21 00:00:00-04:00,18.097704492631205,18.39425745423868,18.097704492631205,18.37822723388672,4800,0.0,0.0
2014-04-22 00:00:00-04:00,18.37822723388672,18.37822723388672,18.37822723388672,18.37822723388672,0,0.0,0.0
2014-04-23 00:00:00-04:00,18.37822723388672,18.37822723388672,18.37822723388672,18.37822723388672,0,0.0,0.0
2014-04-24 00:00:00-04:00,18.37822723388672,18.37822723388672,18.37822723388672,18.37822723388672,0,0.0,0.0
2014-04-25 00:00:00-04:00,18.37822723388672,18.37822723388672,18.37822723388672,18.37822723388672,0,0.0,0.0
2014-04-28 00:00:00-04:00,18.19388837325461,18.209917068481445,18.19388837325461,18.209917068481445,500,0.0,0.0
2014-04-29 00:00:00-04:00,18.12175513392231,18.193889617919922,18.09770979634764,18.193889617919922,5400,0.0,0.0
2014-04-30 00:00:00-04:00,18.193889617919922,18.193889617919922,18.193889617919922,18.193889617919922,0,0.0,0.0
2014-05-01 00:00:00-04:00,18.193889617919922,18.193889617919922,18.193889617919922,18.193889617919922,100,0.0,0.0
2014-05-02 00:00:00-04:00,18.177858352661133,18.177858352661133,18.177858352661133,18.177858352661133,800,0.0,0.0
2014-05-05 00:00:00-04:00,18.02557531235003,18.274037685716024,18.02557531235003,18.193889617919922,1700,0.0,0.0
2014-05-06 00:00:00-04:00,18.153810501098633,18.153810501098633,18.153810501098633,18.153810501098633,600,0.0,0.0
2014-05-07 00:00:00-04:00,18.193889617919922,18.209918314243303,18.193889617919922,18.193889617919922,900,0.0,0.0
2014-05-08 00:00:00-04:00,18.193889617919922,18.193889617919922,18.193889617919922,18.193889617919922,200,0.0,0.0
2014-05-09 00:00:00-04:00,18.193889617919922,18.193889617919922,18.193889617919922,18.193889617919922,0,0.0,0.0
2014-05-12 00:00:00-04:00,18.193889617919922,18.354187282238527,18.193889617919922,18.193889617919922,700,0.0,0.0
2014-05-13 00:00:00-04:00,18.193889617919922,18.193889617919922,18.18587450539503,18.193889617919922,1600,0.0,0.0
2014-05-14 00:00:00-04:00,18.33815493127913,18.33815493127913,18.193887508734978,18.2259464263916,1900,0.0,0.0
2014-05-15 00:00:00-04:00,18.314109802246094,18.314109802246094,18.314109802246094,18.314109802246094,200,0.0,0.0
2014-05-16 00:00:00-04:00,18.314109802246094,18.314109802246094,18.314109802246094,18.314109802246094,0,0.0,0.0
2014-05-19 00:00:00-04:00,17.993513066029585,18.27403430893237,17.993513066029585,18.12175178527832,2900,0.0,0.0
2014-05-20 00:00:00-04:00,18.121752217558246,18.121752217558246,18.105721995088235,18.113737106323242,1200,0.0,0.0
2014-05-21 00:00:00-04:00,18.11373712880297,18.6747811574142,18.11373712880297,18.594633102416992,13800,0.0,0.0
2014-05-22 00:00:00-04:00,18.498452708223677,18.506467819213867,18.498452708223677,18.506467819213867,300,0.0,0.0
2014-05-23 00:00:00-04:00,18.073664523768713,18.073664523768713,18.065650939941406,18.065650939941406,700,0.0,0.0
2014-05-27 00:00:00-04:00,18.233963542514378,18.233963542514378,18.03359031677246,18.03359031677246,2500,0.0,0.0
2014-05-28 00:00:00-04:00,18.073661550148216,18.15381113377211,18.073661550148216,18.113737106323242,1200,0.0,0.0
2014-05-29 00:00:00-04:00,18.434335708618164,18.434335708618164,18.434335708618164,18.434335708618164,200,0.0,0.0
2014-05-30 00:00:00-04:00,18.426320596602043,18.546544219391247,18.41830548458592,18.434335708618164,2700,0.0,0.0
2014-06-02 00:00:00-04:00,18.31410790868631,18.31410790868631,18.249988555908203,18.249988555908203,300,0.0,0.0
2014-06-03 00:00:00-04:00,18.31410966275988,18.394259243590504,18.113736475046373,18.153810501098633,13200,0.0,0.0
2014-06-04 00:00:00-04:00,18.33815920664603,18.33815920664603,18.15381618314549,18.21793556213379,1200,0.0,0.0
2014-06-05 00:00:00-04:00,18.346166793182796,18.57860040210838,18.233958308170973,18.37822723388672,2000,0.0,0.0
2014-06-06 00:00:00-04:00,18.25800555385518,18.314109802246094,18.11373661300648,18.314109802246094,1300,0.0,0.0
2014-06-09 00:00:00-04:00,18.346168950229686,18.35418406134804,18.24999067426168,18.338153839111328,1900,0.0,0.0
2014-06-10 00:00:00-04:00,18.418304394124974,18.54654312133789,18.26602186101352,18.54654312133789,6000,0.0,0.0
2014-06-11 00:00:00-04:00,18.35418128967285,18.35418128967285,18.35418128967285,18.35418128967285,100,0.0,0.0
2014-06-12 00:00:00-04:00,18.61066179618074,18.61066179618074,18.594633102416992,18.594633102416992,600,0.0,0.0
2014-06-13 00:00:00-04:00,18.594633102416992,18.594633102416992,18.594633102416992,18.594633102416992,0,0.0,0.0
2014-06-16 00:00:00-04:00,18.674785024227777,18.84309933777073,18.530517578125,18.530517578125,600,0.0,0.0
2014-06-17 00:00:00-04:00,18.434337443880253,18.434337443880253,18.3541878449007,18.40227699279785,7700,0.0,0.0
2014-06-18 00:00:00-04:00,18.39426033528765,18.594633534893283,18.39426033528765,18.586618423461914,7600,0.0,0.0
2014-06-19 00:00:00-04:00,18.586618423461914,18.586618423461914,18.586618423461914,18.586618423461914,0,0.0,0.0
2014-06-20 00:00:00-04:00,18.458380152302745,18.995380401611328,18.458380152302745,18.995380401611328,3600,0.0,0.0
2014-06-23 00:00:00-04:00,18.907215118408203,18.907215118408203,18.907215118408203,18.907215118408203,400,0.0,0.0
2014-06-24 00:00:00-04:00,18.835081100463867,18.835081100463867,18.835081100463867,18.835081100463867,400,0.0,0.0
2014-06-25 00:00:00-04:00,18.85912905338492,18.85912905338492,18.666770935058594,18.666770935058594,1000,0.0,0.0
2014-06-26 00:00:00-04:00,18.426319299675473,18.49845377401711,18.41830418822349,18.4583797454834,5600,0.0,0.0
2014-06-27 00:00:00-04:00,18.40227699279785,18.40227699279785,18.40227699279785,18.40227699279785,300,0.0,0.0
2014-06-30 00:00:00-04:00,18.2019005443163,18.55455780029297,18.2019005443163,18.55455780029297,3600,0.0,0.0
2014-07-01 00:00:00-04:00,18.36219845036112,18.514482498168945,18.36219845036112,18.514482498168945,4000,0.0,0.0
2014-07-02 00:00:00-04:00,18.482423782348633,18.482423782348633,18.482423782348633,18.482423782348633,200,0.0,0.0
2014-07-03 00:00:00-04:00,18.394263147707193,18.554560814664946,18.394263147707193,18.442352294921875,3200,0.0,0.0
2014-07-07 00:00:00-04:00,18.474409711595992,18.498455047607422,18.474409711595992,18.498455047607422,500,0.0,0.0
2014-07-08 00:00:00-04:00,18.514482498168945,18.514482498168945,18.514482498168945,18.514482498168945,300,0.0,0.0
2014-07-09 00:00:00-04:00,18.514482498168945,18.514482498168945,18.514482498168945,18.514482498168945,0,0.0,0.0
2014-07-10 00:00:00-04:00,18.45036314046977,18.53852630185234,18.45036314046977,18.514482498168945,800,0.0,0.0
2014-07-11 00:00:00-04:00,18.55455780029297,18.55455780029297,18.55455780029297,18.55455780029297,500,0.0,0.0
2014-07-14 00:00:00-04:00,18.554560681543503,18.698829650878906,18.514486647273184,18.698829650878906,1400,0.0,0.0
2014-07-15 00:00:00-04:00,18.698829650878906,18.698829650878906,18.698829650878906,18.698829650878906,1100,0.0,0.0
2014-07-16 00:00:00-04:00,18.811038377258512,18.835083715321716,18.554560886156747,18.666770935058594,2500,0.0,0.0
2014-07-17 00:00:00-04:00,18.578601837158203,18.578601837158203,18.578601837158203,18.578601837158203,300,0.0,0.0
2014-07-18 00:00:00-04:00,18.586618423461914,18.586618423461914,18.586618423461914,18.586618423461914,200,0.0,0.0
2014-07-21 00:00:00-04:00,18.754932403564453,18.754932403564453,18.754932403564453,18.754932403564453,1100,0.0,0.0
2014-07-22 00:00:00-04:00,18.59463475063519,18.754932403564453,18.59463475063519,18.754932403564453,1200,0.0,0.0
2014-07-23 00:00:00-04:00,18.634705616876158,18.754929218336603,18.634705616876158,18.714855194091797,3200,0.0,0.0
2014-07-24 00:00:00-04:00,18.835081100463867,18.835081100463867,18.835081100463867,18.835081100463867,900,0.0,0.0
2014-07-25 00:00:00-04:00,18.835081100463867,18.835081100463867,18.835081100463867,18.835081100463867,3600,0.0,0.0
2014-07-28 00:00:00-04:00,18.762947515519862,18.762947515519862,18.754932403564453,18.754932403564453,1500,0.0,0.0
2014-07-29 00:00:00-04:00,18.835081100463867,18.835081100463867,18.835081100463867,18.835081100463867,1200,0.0,0.0
2014-07-30 00:00:00-04:00,18.843096212038873,18.851111323613875,18.835081100463867,18.835081100463867,2500,0.0,0.0
2014-07-31 00:00:00-04:00,18.83507964504576,19.03545283275901,18.754930064215237,18.7629451751709,6300,0.0,0.0
2014-08-01 00:00:00-04:00,18.762947515519862,18.762947515519862,18.754932403564453,18.754932403564453,500,0.0,0.0
2014-08-04 00:00:00-04:00,18.754932403564453,18.754932403564453,18.754932403564453,18.754932403564453,0,0.0,0.0
2014-08-05 00:00:00-04:00,18.754933301329434,18.819052671315678,18.67478370666504,18.67478370666504,6500,0.0,0.0
2014-08-06 00:00:00-04:00,18.594634981043406,18.658754348754883,18.594634981043406,18.658754348754883,700,0.0,0.0
2014-08-07 00:00:00-04:00,18.63471221923828,18.63471221923828,18.63471221923828,18.63471221923828,200,0.0,0.0
2014-08-08 00:00:00-04:00,18.67478370666504,18.67478370666504,18.402276002041912,18.67478370666504,14700,0.0,0.0
2014-08-11 00:00:00-04:00,18.51448515980741,18.754932403564453,18.51448515980741,18.754932403564453,3500,0.0,0.0
2014-08-12 00:00:00-04:00,18.754929218336603,18.754929218336603,18.714855194091797,18.714855194091797,3500,0.0,0.0
2014-08-13 00:00:00-04:00,18.594633102416992,18.594633102416992,18.594633102416992,18.594633102416992,100,0.0,0.0
2014-08-14 00:00:00-04:00,18.562570512558214,18.82706303817526,18.554555402239398,18.819047927856445,1300,0.0,0.0
2014-08-15 00:00:00-04:00,18.827065471448645,18.843095694158077,18.55455780029297,18.55455780029297,1400,0.0,0.0
2014-08-18 00:00:00-04:00,18.786989212036133,18.786989212036133,18.786989212036133,18.786989212036133,500,0.0,0.0
2014-08-19 00:00:00-04:00,18.69080924987793,18.69080924987793,18.69080924987793,18.69080924987793,100,0.0,0.0
2014-08-20 00:00:00-04:00,18.82706537888062,18.82706537888062,18.81103515625,18.81103515625,2000,0.0,0.0
2014-08-21 00:00:00-04:00,18.762947515519862,18.762947515519862,18.754932403564453,18.754932403564453,500,0.0,0.0
2014-08-22 00:00:00-04:00,18.53852653503418,18.53852653503418,18.53852653503418,18.53852653503418,200,0.0,0.0
2014-08-25 00:00:00-04:00,18.490440053058315,18.658754348754883,18.490440053058315,18.658754348754883,500,0.0,0.0
2014-08-26 00:00:00-04:00,18.658754348754883,18.658754348754883,18.658754348754883,18.658754348754883,0,0.0,0.0
2014-08-27 00:00:00-04:00,18.658754348754883,18.658754348754883,18.658754348754883,18.658754348754883,0,0.0,0.0
2014-08-28 00:00:00-04:00,18.658754348754883,18.658754348754883,18.658754348754883,18.658754348754883,0,0.0,0.0
2014-08-29 00:00:00-04:00,18.57860795392715,18.71486182485129,18.57860795392715,18.63471221923828,1000,0.0,0.0
2014-09-02 00:00:00-04:00,18.63470901259071,18.666769460809604,18.594634981043406,18.658754348754883,22700,0.0,0.0
2014-09-03 00:00:00-04:00,18.554557546192232,18.61066179618074,18.554557546192232,18.594633102416992,2000,0.0,0.0
2014-09-04 00:00:00-04:00,18.53051271977526,18.554556523458654,18.474406944153163,18.514482498168945,14200,0.0,0.0
2014-09-05 00:00:00-04:00,18.506470188036946,18.626693810826154,18.394261677263863,18.434335708618164,43900,0.0,0.0
2014-09-08 00:00:00-04:00,18.434335708618164,18.626693810826154,18.274036525748354,18.434335708618164,41000,0.0,0.0
2014-09-09 00:00:00-04:00,18.370214462280273,18.370214462280273,18.370214462280273,18.370214462280273,200,0.0,0.0
2014-09-10 00:00:00-04:00,18.442352294921875,18.442352294921875,18.442352294921875,18.442352294921875,200,0.0,0.0
2014-09-11 00:00:00-04:00,18.434333934970265,18.594633102416992,18.394259907471664,18.594633102416992,2500,0.0,0.0
2014-09-12 00:00:00-04:00,18.602764691072988,19.13148307800293,18.602764691072988,19.13148307800293,20700,0.34,0.0
2014-09-15 00:00:00-04:00,19.13148307800293,19.261629094740673,19.13148307800293,19.13148307800293,1600,0.0,0.0
2014-09-16 00:00:00-04:00,18.97693599636644,19.115216346891838,18.91186298149937,19.001338958740234,2900,0.0,0.0
2014-09-17 00:00:00-04:00,18.846790642975474,19.082679748535156,18.846790642975474,19.082679748535156,400,0.0,0.0
2014-09-18 00:00:00-04:00,18.936268199655796,18.936268199655796,18.911865234375,18.911865234375,1000,0.0,0.0
2014-09-19 00:00:00-04:00,18.789853510897487,18.936268199655796,18.789853510897487,18.911865234375,1700,0.0,0.0
2014-09-22 00:00:00-04:00,18.7166441059429,18.903728831442546,18.7166441059429,18.814252853393555,2000,0.0,0.0
2014-09-23 00:00:00-04:00,18.895599904691974,18.895599904691974,18.797991129377007,18.838661193847656,800,0.0,0.0
2014-09-24 00:00:00-04:00,18.895596434987077,18.895596434987077,18.749181747436523,18.749181747436523,500,0.0,0.0
2014-09-25 00:00:00-04:00,18.749186246155215,18.822393607496018,18.749186246155215,18.789857864379883,800,0.0,0.0
2014-09-26 00:00:00-04:00,18.71664601212708,18.749181747436523,18.71664601212708,18.749181747436523,800,0.0,0.0
2014-09-29 00:00:00-04:00,18.749178975595935,18.789850578048963,18.749178975595935,18.76544761657715,11500,0.0,0.0
2014-09-30 00:00:00-04:00,18.749181747436523,18.773584712516023,18.749181747436523,18.749181747436523,8700,0.0,0.0
2014-10-01 00:00:00-04:00,18.749181747436523,18.749181747436523,18.749181747436523,18.749181747436523,300,0.0,0.0
2014-10-02 00:00:00-04:00,18.741047068537096,18.83052149512302,18.741047068537096,18.814252853393555,2100,0.0,0.0
2014-10-03 00:00:00-04:00,18.789853016538395,18.789853016538395,18.708511352539062,18.708511352539062,2300,0.0,0.0
2014-10-06 00:00:00-04:00,18.749180875545623,18.830522537231445,18.749180875545623,18.830522537231445,300,0.0,0.0
2014-10-07 00:00:00-04:00,18.830519762300657,18.830519762300657,18.708508063483567,18.781715393066406,900,0.0,0.0
2014-10-08 00:00:00-04:00,18.781716777297945,18.903728485107422,18.708509442319652,18.903728485107422,2600,0.0,0.0
2014-10-09 00:00:00-04:00,18.903728485107422,18.903728485107422,18.903728485107422,18.903728485107422,0,0.0,0.0
2014-10-10 00:00:00-04:00,18.71664601212708,18.78985335590236,18.71664601212708,18.749181747436523,1500,0.0,0.0
2014-10-13 00:00:00-04:00,18.7410494969812,18.75731658935547,18.7410494969812,18.75731658935547,600,0.0,0.0
2014-10-14 00:00:00-04:00,18.724775829636865,18.724775829636865,18.667837142944336,18.667837142944336,9600,0.0,0.0
2014-10-15 00:00:00-04:00,18.667837142944336,18.667837142944336,18.667837142944336,18.667837142944336,0,0.0,0.0
2014-10-16 00:00:00-04:00,18.667837142944336,18.667837142944336,18.667837142944336,18.667837142944336,0,0.0,0.0
2014-10-17 00:00:00-04:00,18.903728485107422,18.903728485107422,18.903728485107422,18.903728485107422,100,0.0,0.0
2014-10-20 00:00:00-04:00,18.903728485107422,18.903728485107422,18.903728485107422,18.903728485107422,0,0.0,0.0
2014-10-21 00:00:00-04:00,18.505159699189104,18.82239051184979,18.505159699189104,18.610902786254883,1000,0.0,0.0
2014-10-22 00:00:00-04:00,18.610902786254883,18.610902786254883,18.610902786254883,18.610902786254883,0,0.0,0.0
2014-10-23 00:00:00-04:00,18.610902786254883,18.610902786254883,18.610902786254883,18.610902786254883,0,0.0,0.0
2014-10-24 00:00:00-04:00,18.610902786254883,18.610902786254883,18.610902786254883,18.610902786254883,0,0.0,0.0
2014-10-27 00:00:00-04:00,18.789857864379883,18.789857864379883,18.789857864379883,18.789857864379883,200,0.0,0.0
2014-10-28 00:00:00-04:00,18.928134387208893,19.03387747001118,18.724780992120177,18.98507308959961,2800,0.0,0.0
2014-10-29 00:00:00-04:00,19.09895032063853,19.09895032063853,18.95253562927246,18.95253562927246,1300,0.0,0.0
2014-10-30 00:00:00-04:00,18.928131623081903,19.074546294398566,18.928131623081903,19.001338958740234,1200,0.0,0.0
2014-10-31 00:00:00-04:00,19.082679748535156,19.082679748535156,19.082679748535156,19.082679748535156,100,0.0,0.0
2014-11-03 00:00:00-05:00,19.082679748535156,19.082679748535156,19.082679748535156,19.082679748535156,0,0.0,0.0
2014-11-04 00:00:00-05:00,18.99320463794897,19.08267906372678,18.99320463794897,19.001338958740234,900,0.0,0.0
2014-11-05 00:00:00-05:00,19.009471893310547,19.009471893310547,19.009471893310547,19.009471893310547,100,0.0,0.0
2014-11-06 00:00:00-05:00,19.00134159252873,19.082681708789877,18.7491822674367,18.75731658935547,8400,0.0,0.0
2014-11-07 00:00:00-05:00,18.911865234375,18.911865234375,18.911865234375,18.911865234375,300,0.0,0.0
2014-11-10 00:00:00-05:00,18.911865234375,18.911865234375,18.911865234375,18.911865234375,0,0.0,0.0
2014-11-11 00:00:00-05:00,19.107084274291992,19.107084274291992,19.107084274291992,19.107084274291992,100,0.0,0.0
2014-11-12 00:00:00-05:00,19.06641265783191,19.082679748535156,19.06641265783191,19.082679748535156,1200,0.0,0.0
2014-11-13 00:00:00-05:00,19.074548566653842,19.08268133695087,18.911865234375,18.911865234375,800,0.0,0.0
2014-11-14 00:00:00-05:00,19.082679748535156,19.082679748535156,19.082679748535156,19.082679748535156,200,0.0,0.0
2014-11-17 00:00:00-05:00,19.033875373499207,19.082679748535156,18.85492496405865,19.082679748535156,600,0.0,0.0
2014-11-18 00:00:00-05:00,18.9850715335106,18.9850715335106,18.89559555053711,18.89559555053711,400,0.0,0.0
2014-11-19 00:00:00-05:00,18.89559555053711,18.89559555053711,18.89559555053711,18.89559555053711,0,0.0,0.0
2014-11-20 00:00:00-05:00,18.89559555053711,18.89559555053711,18.89559555053711,18.89559555053711,0,0.0,0.0
2014-11-21 00:00:00-05:00,18.85492706298828,18.85492706298828,18.85492706298828,18.85492706298828,100,0.0,0.0
2014-11-24 00:00:00-05:00,18.85492706298828,18.85492706298828,18.85492706298828,18.85492706298828,0,0.0,0.0
2014-11-25 00:00:00-05:00,18.675970064831823,18.675970064831823,18.54582405090332,18.54582405090332,600,0.0,0.0
2014-11-26 00:00:00-05:00,18.54582405090332,18.54582405090332,18.54582405090332,18.54582405090332,0,0.0,0.0
2014-11-28 00:00:00-05:00,18.70850858099727,18.724777221679688,18.70850858099727,18.724777221679688,400,0.0,0.0
2014-12-01 00:00:00-05:00,18.667837142944336,18.944397808133353,18.667837142944336,18.667837142944336,2000,0.0,0.0
2014-12-02 00:00:00-05:00,18.708512209306125,18.75731658935547,18.708512209306125,18.75731658935547,300,0.0,0.0
2014-12-03 00:00:00-05:00,18.838661193847656,18.838661193847656,18.838661193847656,18.838661193847656,600,0.0,0.0
2014-12-04 00:00:00-05:00,18.838661193847656,18.838661193847656,18.838661193847656,18.838661193847656,0,0.0,0.0
2014-12-05 00:00:00-05:00,18.553964614868164,18.553964614868164,18.553964614868164,18.553964614868164,0,0.0,0.0
2014-12-08 00:00:00-05:00,18.830522537231445,18.830522537231445,18.830522537231445,18.830522537231445,0,0.0,0.0
2014-12-09 00:00:00-05:00,18.93626822792332,18.94440254969573,18.716646194458008,18.716646194458008,1200,0.0,0.0
2014-12-10 00:00:00-05:00,18.716646194458008,18.716646194458008,18.716646194458008,18.716646194458008,0,0.0,0.0
2014-12-11 00:00:00-05:00,18.72478482668401,18.789857864379883,18.667846112633075,18.789857864379883,900,0.0,0.0
2014-12-12 00:00:00-05:00,18.993206362880525,19.033876419067383,18.993206362880525,19.033876419067383,300,0.0,0.0
2014-12-15 00:00:00-05:00,19.033876419067383,19.033876419067383,19.033876419067383,19.033876419067383,0,0.0,0.0
2014-12-16 00:00:00-05:00,18.553964614868164,18.553964614868164,18.553964614868164,18.553964614868164,0,0.0,0.0
2014-12-17 00:00:00-05:00,18.708511352539062,18.708511352539062,18.708511352539062,18.708511352539062,300,0.0,0.0
2014-12-18 00:00:00-05:00,18.968801678714133,18.968801678714133,18.871192932128906,18.871192932128906,400,0.0,0.0
2014-12-19 00:00:00-05:00,18.871192932128906,18.871192932128906,18.871192932128906,18.871192932128906,0,0.0,0.0
2014-12-22 00:00:00-05:00,19.318571587403614,19.52192497253418,19.318571587403614,19.52192497253418,5700,0.0,0.0
2014-12-23 00:00:00-05:00,19.11521896444882,19.11521896444882,18.911865571210004,18.95253562927246,1400,0.0,0.0
2014-12-24 00:00:00-05:00,19.082680915949823,19.52192497253418,19.082680915949823,19.52192497253418,2600,0.0,0.0
2014-12-26 00:00:00-05:00,19.359242608871998,20.53869292200828,19.359242608871998,19.928632736206055,13500,0.0,0.0
2014-12-29 00:00:00-05:00,19.684608459472656,19.684608459472656,19.684608459472656,19.684608459472656,1400,0.0,0.0
2014-12-30 00:00:00-05:00,19.684608881608817,20.343473434448242,19.684608881608817,20.343473434448242,2000,0.0,0.0
2014-12-31 00:00:00-05:00,20.457351636179805,20.742046705170893,19.774084091186523,19.774084091186523,10000,0.0,0.0
2015-01-02 00:00:00-05:00,20.335342407226562,20.335342407226562,20.335342407226562,20.335342407226562,400,0.0,0.0
2015-01-05 00:00:00-05:00,20.156389919766493,20.221462946848362,20.156389919766493,20.172657012939453,3500,0.0,0.0
2015-01-06 00:00:00-05:00,20.131982459497415,20.131982459497415,20.091312408447266,20.091312408447266,6500,0.0,0.0
2015-01-07 00:00:00-05:00,20.140121809154245,20.15639045422192,20.115718841552734,20.115718841552734,3600,0.0,0.0
2015-01-08 00:00:00-05:00,19.286033586172767,19.96116828918457,19.042010153646995,19.96116828918457,3500,0.0,0.0
2015-01-09 00:00:00-05:00,19.839156595124834,19.87982820474735,19.765949249267578,19.765949249267578,1200,0.0,0.0
2015-01-12 00:00:00-05:00,20.22959629018463,20.22959629018463,19.765949249267578,19.765949249267578,900,0.0,0.0
2015-01-13 00:00:00-05:00,19.725278854370117,19.725278854370117,19.725278854370117,19.725278854370117,300,0.0,0.0
2015-01-14 00:00:00-05:00,19.52192497253418,19.5463279372766,19.52192497253418,19.52192497253418,1000,0.0,0.0
2015-01-15 00:00:00-05:00,19.52192497253418,19.52192497253418,19.52192497253418,19.52192497253418,0,0.0,0.0
2015-01-16 00:00:00-05:00,19.52192497253418,19.52192497253418,19.52192497253418,19.52192497253418,0,0.0,0.0
2015-01-20 00:00:00-05:00,19.51379065095337,19.52192497253418,19.51379065095337,19.52192497253418,1600,0.0,0.0
2015-01-21 00:00:00-05:00,19.52192340690386,19.562593460083008,19.52192340690386,19.562593460083008,1200,0.0,0.0
2015-01-22 00:00:00-05:00,19.79034996032715,19.79034996032715,19.79034996032715,19.79034996032715,100,0.0,0.0
2015-01-23 00:00:00-05:00,19.530059294114984,19.879827364773668,19.52192497253418,19.52192497253418,2000,0.0,0.0
2015-01-26 00:00:00-05:00,19.7740827762593,19.798485741051792,19.19655990600586,19.19655990600586,600,0.0,0.0
2015-01-27 00:00:00-05:00,19.19655990600586,19.19655990600586,19.19655990600586,19.19655990600586,0,0.0,0.0
2015-01-28 00:00:00-05:00,19.52192497253418,19.692741071341516,19.52192497253418,19.52192497253418,1500,0.0,0.0
2015-01-29 00:00:00-05:00,19.521926224299058,19.538194868503837,19.19656109752007,19.286035537719727,7900,0.0,0.0
2015-01-30 00:00:00-05:00,19.090815612499426,19.23723030090332,18.919999510337036,19.23723030090332,19900,0.0,0.0
2015-02-02 00:00:00-05:00,19.229093384741685,19.521922722040458,18.919996957619777,19.481252670288086,23100,0.0,0.0
2015-02-03 00:00:00-05:00,19.44058427727162,20.099448843528304,19.40804854078974,19.928632736206055,28300,0.0,0.0
2015-02-04 00:00:00-05:00,19.928632736206055,20.253997858341254,19.928632736206055,19.928632736206055,23200,0.0,0.0
2015-02-05 00:00:00-05:00,19.863557297843897,20.001837651879633,19.73341126480592,19.79034996032715,6200,0.0,0.0
2015-02-06 00:00:00-05:00,19.765948911835068,20.05877829026509,19.464986763082653,19.725278854370117,6600,0.0,0.0
2015-02-09 00:00:00-05:00,19.50565725080283,19.50565725080283,19.1802921295166,19.1802921295166,500,0.0,0.0
2015-02-10 00:00:00-05:00,19.399911695903324,19.64393511790439,19.399911695903324,19.562593460083008,1100,0.0,0.0
2015-02-11 00:00:00-05:00,19.88796615600586,19.88796615600586,19.88796615600586,19.88796615600586,100,0.0,0.0
2015-02-12 00:00:00-05:00,19.887962187156408,19.887962187156408,19.34297503922456,19.725278854370117,2900,0.0,0.0
2015-02-13 00:00:00-05:00,19.725278854370117,19.725278854370117,19.725278854370117,19.725278854370117,0,0.0,0.0
2015-02-17 00:00:00-05:00,19.34297536943631,19.765949249267578,19.34297536943631,19.765949249267578,700,0.0,0.0
2015-02-18 00:00:00-05:00,19.302305221557617,19.302305221557617,19.302305221557617,19.302305221557617,3900,0.0,0.0
2015-02-19 00:00:00-05:00,19.302305221557617,19.302305221557617,19.302305221557617,19.302305221557617,0,0.0,0.0
2015-02-20 00:00:00-05:00,19.302305221557617,19.302305221557617,19.302305221557617,19.302305221557617,0,0.0,0.0
2015-02-23 00:00:00-05:00,19.481255064420743,19.74968147277832,19.481255064420743,19.74968147277832,300,0.0,0.0
2015-02-24 00:00:00-05:00,19.62766908424254,19.62766908424254,19.481255942463843,19.603267669677734,800,0.0,0.0
2015-02-25 00:00:00-05:00,19.700878419564237,19.765951450744648,19.326708878142746,19.34297752380371,3600,0.0,0.0
2015-02-26 00:00:00-05:00,19.765948414105573,19.765948414105573,19.52192497253418,19.52192497253418,800,0.0,0.0
2015-02-27 00:00:00-05:00,19.725279396891622,19.733413718900987,19.52192600104738,19.603267669677734,5300,0.0,0.0
2015-03-02 00:00:00-05:00,19.611401991687096,19.611401991687096,19.603267669677734,19.603267669677734,2300,0.0,0.0
2015-03-03 00:00:00-05:00,19.359240615367106,19.56259398969434,19.359240615367106,19.440582275390625,2900,0.0,0.0
2015-03-04 00:00:00-05:00,19.554462258857406,19.554462258857406,19.318571587403614,19.52192497253418,1000,0.0,0.0
2015-03-05 00:00:00-05:00,19.521925337513,19.521925337513,19.36737632751465,19.36737632751465,1300,0.0,0.0
2015-03-06 00:00:00-05:00,19.879827364773668,19.928631742795307,19.456851951350927,19.52192497253418,1000,0.0,0.0
2015-03-09 00:00:00-04:00,19.440582275390625,19.440582275390625,19.440582275390625,19.440582275390625,300,0.0,0.0
2015-03-10 00:00:00-04:00,19.603267669677734,19.603267669677734,19.603267669677734,19.603267669677734,200,0.0,0.0
2015-03-11 00:00:00-04:00,20.083181255622005,20.083181255622005,19.725278854370117,19.725278854370117,500,0.0,0.0
2015-03-12 00:00:00-04:00,20.00997075488397,20.091312408447266,20.00997075488397,20.091312408447266,500,0.0,0.0
2015-03-13 00:00:00-04:00,20.305927626820267,20.594833411587544,20.12432889527005,20.553560256958008,1500,0.36,0.0
2015-03-16 00:00:00-04:00,20.47927289502871,20.47927289502871,20.264657185449582,20.28942108154297,12000,0.0,0.0
2015-03-17 00:00:00-04:00,20.404985427856445,20.404985427856445,20.404985427856445,20.404985427856445,100,0.0,0.0
2015-03-18 00:00:00-04:00,20.099571275239178,20.223387619250502,20.050045052516698,20.058298110961914,4000,0.0,0.0
2015-03-19 00:00:00-04:00,19.934480723224695,19.984006943354093,19.686848048167555,19.79415512084961,9100,0.0,0.0
2015-03-20 00:00:00-04:00,19.893206894634137,21.255189602847206,19.703355093515643,20.966283798217773,37800,0.0,0.0
2015-03-23 00:00:00-04:00,20.801195482705154,21.156135183485116,20.801195482705154,21.048828125,33700,0.0,0.0
2015-03-24 00:00:00-04:00,20.88374213763824,21.048831643033964,20.636109453954866,20.801198959350586,20000,0.0,0.0
2015-03-25 00:00:00-04:00,20.636108349553265,20.735162362371575,20.619599085015192,20.72690773010254,4900,0.0,0.0
2015-03-26 00:00:00-04:00,20.42974625263664,20.471017837524414,19.9427339937927,20.471017837524414,23700,0.0,0.0
2015-03-27 00:00:00-04:00,20.471017837524414,20.471017837524414,20.471017837524414,20.471017837524414,0,0.0,0.0
2015-03-30 00:00:00-04:00,20.54531042856199,20.54531042856199,19.99226262252853,20.058298110961914,6100,0.0,0.0
2015-03-31 00:00:00-04:00,20.07480495472563,20.471017837524414,19.901462408904926,20.471017837524414,5600,0.0,0.0
2015-04-01 00:00:00-04:00,19.85193775847284,20.050045805624453,19.81066616705559,20.02528190612793,4100,0.0,0.0
2015-04-02 00:00:00-04:00,20.01702727296242,20.471021076193328,20.01702727296242,20.02528190612793,33200,0.0,0.0
2015-04-06 00:00:00-04:00,20.124331642426853,20.19862175649143,20.09956932067871,20.09956932067871,3300,0.0,0.0
2015-04-07 00:00:00-04:00,20.206878298046206,20.206878298046206,20.149097442626953,20.149097442626953,2300,0.0,0.0
2015-04-08 00:00:00-04:00,20.206875506421127,20.685633123709522,20.11607770662489,20.50403594970703,9300,0.0,0.0
2015-04-09 00:00:00-04:00,20.50403594970703,20.50403594970703,20.50403594970703,20.50403594970703,0,0.0,0.0
2015-04-10 00:00:00-04:00,19.835431626052888,20.636112213134766,19.835431626052888,20.636112213134766,500,0.0,0.0
2015-04-13 00:00:00-04:00,20.446256209716214,20.627853393554688,20.446256209716214,20.627853393554688,200,0.0,0.0
2015-04-14 00:00:00-04:00,20.627853393554688,20.627853393554688,20.627853393554688,20.627853393554688,0,0.0,0.0
2015-04-15 00:00:00-04:00,20.627853393554688,20.627853393554688,20.627853393554688,20.627853393554688,200,0.0,0.0
2015-04-16 00:00:00-04:00,20.627853393554688,20.627853393554688,20.627853393554688,20.627853393554688,0,0.0,0.0
2015-04-17 00:00:00-04:00,20.627853393554688,20.627853393554688,20.627853393554688,20.627853393554688,0,0.0,0.0
2015-04-20 00:00:00-04:00,20.627853393554688,20.627853393554688,20.627853393554688,20.627853393554688,0,0.0,0.0
2015-04-21 00:00:00-04:00,20.627853393554688,20.627853393554688,20.627853393554688,20.627853393554688,0,0.0,0.0
2015-04-22 00:00:00-04:00,19.909720249303685,20.01702733195093,19.909720249303685,19.93448257446289,1500,0.0,0.0
2015-04-23 00:00:00-04:00,19.93448257446289,19.93448257446289,19.93448257446289,19.93448257446289,200,0.0,0.0
2015-04-24 00:00:00-04:00,20.01702337670012,20.35545539855957,19.93447863552245,20.35545539855957,4400,0.0,0.0
2015-04-27 00:00:00-04:00,19.94273567199707,20.017025790574696,19.94273567199707,19.94273567199707,900,0.0,0.0
2015-04-28 00:00:00-04:00,19.984007633302674,19.984007633302674,19.94273604417163,19.950990676879883,800,0.0,0.0
2015-04-29 00:00:00-04:00,19.96749913608472,20.124332427978516,19.9509898713348,20.124332427978516,400,0.0,0.0
2015-04-30 00:00:00-04:00,20.149097442626953,20.149097442626953,20.149097442626953,20.149097442626953,300,0.0,0.0
2015-05-01 00:00:00-04:00,20.140844294950863,20.182117462158203,20.140844294950863,20.182117462158203,9600,0.0,0.0
2015-05-04 00:00:00-04:00,20.182113272947504,20.223384857177734,20.182113272947504,20.223384857177734,2000,0.0,0.0
2015-05-05 00:00:00-04:00,20.223384857177734,20.223384857177734,20.223384857177734,20.223384857177734,0,0.0,0.0
2015-05-06 00:00:00-04:00,20.182114489589573,20.182114489589573,19.736373795864303,20.017024993896484,1300,0.0,0.0
2015-05-07 00:00:00-04:00,20.017024993896484,20.017024993896484,20.017024993896484,20.017024993896484,0,0.0,0.0
2015-05-08 00:00:00-04:00,20.058298071856864,20.058298071856864,20.017026482070296,20.050045013427734,900,0.0,0.0
2015-05-11 00:00:00-04:00,20.10782241821289,20.10782241821289,20.10782241821289,20.10782241821289,100,0.0,0.0
2015-05-12 00:00:00-04:00,20.066551212840366,20.066551212840366,20.017024993896484,20.017024993896484,1900,0.0,0.0
2015-05-13 00:00:00-04:00,20.017024993896484,20.017024993896484,20.017024993896484,20.017024993896484,800,0.0,0.0
2015-05-14 00:00:00-04:00,20.017024993896484,20.017024993896484,20.017024993896484,20.017024993896484,500,0.0,0.0
2015-05-15 00:00:00-04:00,20.025280743172672,20.041790008544922,20.025280743172672,20.041790008544922,400,0.0,0.0
2015-05-18 00:00:00-04:00,20.02528190612793,20.02528190612793,20.02528190612793,20.02528190612793,100,0.0,0.0
2015-05-19 00:00:00-04:00,20.02528190612793,20.02528190612793,20.02528190612793,20.02528190612793,0,0.0,0.0
2015-05-20 00:00:00-04:00,20.083059681515486,20.140840530395508,20.017024200736877,20.140840530395508,1200,0.0,0.0
2015-05-21 00:00:00-04:00,20.182117462158203,20.182117462158203,20.182117462158203,20.182117462158203,200,0.0,0.0
2015-05-22 00:00:00-04:00,19.818918543710847,20.182114489589573,19.818918543710847,20.017024993896484,2300,0.0,0.0
2015-05-26 00:00:00-04:00,20.017024993896484,20.017024993896484,20.017024993896484,20.017024993896484,0,0.0,0.0
2015-05-27 00:00:00-04:00,20.050041986760547,20.050041986760547,19.975751876831055,19.975751876831055,4300,0.0,0.0
2015-05-28 00:00:00-04:00,19.975751876831055,19.975751876831055,19.975751876831055,19.975751876831055,0,0.0,0.0
2015-05-29 00:00:00-04:00,20.017024993896484,20.017024993896484,20.017024993896484,20.017024993896484,1200,0.0,0.0
2015-06-01 00:00:00-04:00,19.89320451359098,19.89320451359098,19.81891441345215,19.81891441345215,900,0.0,0.0
2015-06-02 00:00:00-04:00,19.81891441345215,19.81891441345215,19.81891441345215,19.81891441345215,0,0.0,0.0
2015-06-03 00:00:00-04:00,20.14084397351969,20.14084397351969,20.12433470690023,20.13258934020996,500,0.0,0.0
2015-06-04 00:00:00-04:00,20.09956932067871,20.09956932067871,20.09956932067871,20.09956932067871,500,0.0,0.0
2015-06-05 00:00:00-04:00,19.95098802429699,19.95098802429699,19.810662435734137,19.835426330566406,2300,0.0,0.0
2015-06-08 00:00:00-04:00,19.8106632232666,19.8106632232666,19.8106632232666,19.8106632232666,1900,0.0,0.0
2015-06-09 00:00:00-04:00,19.81066557562264,19.81066557562264,19.62906837463379,19.62906837463379,2700,0.0,0.0
2015-06-10 00:00:00-04:00,19.61255645751953,19.61255645751953,19.61255645751953,19.61255645751953,100,0.0,0.0
2015-06-11 00:00:00-04:00,19.794154004812096,19.810663268727783,19.719863891601562,19.719863891601562,10500,0.0,0.0
2015-06-12 00:00:00-04:00,19.8106632232666,20.140840628772366,19.8106632232666,19.8106632232666,32900,0.0,0.0
2015-06-15 00:00:00-04:00,19.84368324279785,19.84368324279785,19.84368324279785,19.84368324279785,800,0.0,0.0
2015-06-16 00:00:00-04:00,19.686849584720914,19.73637580871582,19.686849584720914,19.73637580871582,600,0.0,0.0
2015-06-17 00:00:00-04:00,19.70335578918457,19.70335578918457,19.70335578918457,19.70335578918457,200,0.0,0.0
2015-06-18 00:00:00-04:00,19.76113547490186,19.85193327037442,19.76113547490186,19.769390106201172,28700,0.0,0.0
2015-06-19 00:00:00-04:00,19.81891631958711,19.81891631958711,19.769390106201172,19.769390106201172,600,0.0,0.0
2015-06-22 00:00:00-04:00,19.85193480855105,19.868444072428854,19.8106632232666,19.8106632232666,4000,0.0,0.0
2015-06-23 00:00:00-04:00,19.8106632232666,19.8106632232666,19.8106632232666,19.8106632232666,0,0.0,0.0
2015-06-24 00:00:00-04:00,19.8106632232666,19.8106632232666,19.8106632232666,19.8106632232666,0,0.0,0.0
2015-06-25 00:00:00-04:00,19.8106632232666,19.8106632232666,19.8106632232666,19.8106632232666,0,0.0,0.0
2015-06-26 00:00:00-04:00,19.85193410437971,19.85193410437971,19.60430145263672,19.60430145263672,5900,0.0,0.0
2015-06-29 00:00:00-04:00,19.60430182571634,19.645573410322257,19.60430182571634,19.61255645751953,1500,0.0,0.0
2015-06-30 00:00:00-04:00,19.93448024604994,20.017024993896484,19.604302829073877,20.017024993896484,7200,0.0,0.0
2015-07-01 00:00:00-04:00,19.604300668218457,19.81066172788391,19.604300668218457,19.728116989135742,2300,0.0,0.0
2015-07-02 00:00:00-04:00,19.728116989135742,19.728116989135742,19.728116989135742,19.728116989135742,5000,0.0,0.0
2015-07-06 00:00:00-04:00,19.728116989135742,19.728116989135742,19.728116989135742,19.728116989135742,5000,0.0,0.0
2015-07-07 00:00:00-04:00,19.728118900167217,19.728118900167217,19.64557415342307,19.678592681884766,5900,0.0,0.0
2015-07-08 00:00:00-04:00,20.01702515071661,20.01702515071661,19.64557456970215,19.64557456970215,3700,0.0,0.0
2015-07-09 00:00:00-04:00,19.64557456970215,19.64557456970215,19.64557456970215,19.64557456970215,0,0.0,0.0
2015-07-10 00:00:00-04:00,19.752880883083176,19.752880883083176,19.728116989135742,19.728116989135742,400,0.0,0.0
2015-07-13 00:00:00-04:00,19.6043029826606,19.653829201992483,19.6043029826606,19.64557456970215,2200,0.0,0.0
2015-07-14 00:00:00-04:00,19.686845406966626,19.81066172788391,19.686845406966626,19.728116989135742,1300,0.0,0.0
2015-07-15 00:00:00-04:00,19.8024085913277,19.8106632232666,19.8024085913277,19.8106632232666,800,0.0,0.0
2015-07-16 00:00:00-04:00,19.81065903387981,19.81065903387981,19.802404403686523,19.802404403686523,1700,0.0,0.0
2015-07-17 00:00:00-04:00,19.81065903387981,19.81065903387981,19.802404403686523,19.802404403686523,600,0.0,0.0
2015-07-20 00:00:00-04:00,19.802404403686523,19.802404403686523,19.802404403686523,19.802404403686523,0,0.0,0.0
2015-07-21 00:00:00-04:00,19.802404403686523,19.802404403686523,19.802404403686523,19.802404403686523,0,0.0,0.0
2015-07-22 00:00:00-04:00,19.752880883083176,19.752880883083176,19.728116989135742,19.728116989135742,3500,0.0,0.0
2015-07-23 00:00:00-04:00,19.728116989135742,19.728116989135742,19.728116989135742,19.728116989135742,0,0.0,0.0
2015-07-24 00:00:00-04:00,19.728116989135742,19.728116989135742,19.728116989135742,19.728116989135742,0,0.0,0.0
2015-07-27 00:00:00-04:00,19.728116989135742,19.728116989135742,19.728116989135742,19.728116989135742,0,0.0,0.0
2015-07-28 00:00:00-04:00,19.728119635873696,19.79415512084961,19.728119635873696,19.79415512084961,1800,0.0,0.0
2015-07-29 00:00:00-04:00,19.79415512084961,19.79415512084961,19.79415512084961,19.79415512084961,0,0.0,0.0
2015-07-30 00:00:00-04:00,19.79415512084961,19.79415512084961,19.79415512084961,19.79415512084961,0,0.0,0.0
2015-07-31 00:00:00-04:00,19.604302829073877,20.017024993896484,19.125545180856054,20.017024993896484,6100,0.0,0.0
2015-08-03 00:00:00-04:00,19.64557345435982,19.64557345435982,19.521757125854492,19.521757125854492,400,0.0,0.0
2015-08-04 00:00:00-04:00,19.150304801027083,19.199831008911133,18.787108936254597,19.199831008911133,4200,0.0,0.0
2015-08-05 00:00:00-04:00,19.199831008911133,19.199831008911133,19.199831008911133,19.199831008911133,0,0.0,0.0
2015-08-06 00:00:00-04:00,19.199831008911133,19.199831008911133,19.199831008911133,19.199831008911133,0,0.0,0.0
2015-08-07 00:00:00-04:00,19.199831008911133,19.199831008911133,19.199831008911133,19.199831008911133,0,0.0,0.0
2015-08-10 00:00:00-04:00,19.018238857977128,19.03474654866694,18.99347496032715,18.99347496032715,5300,0.0,0.0
2015-08-11 00:00:00-04:00,18.99347267965451,18.99347267965451,18.985218048095703,18.985218048095703,7900,0.0,0.0
2015-08-12 00:00:00-04:00,18.836640033337616,19.133800506591797,18.836640033337616,19.133800506591797,1100,0.0,0.0
2015-08-13 00:00:00-04:00,19.109033584594727,19.109033584594727,19.109033584594727,19.109033584594727,1000,0.0,0.0
2015-08-14 00:00:00-04:00,18.93568839362223,18.94394302368164,18.902669873384582,18.94394302368164,1000,0.0,0.0
2015-08-17 00:00:00-04:00,18.92743761653278,19.274124277552943,18.902673721313477,18.902673721313477,2300,0.0,0.0
2015-08-18 00:00:00-04:00,18.92743761653278,18.92743761653278,18.902673721313477,18.902673721313477,4400,0.0,0.0
2015-08-19 00:00:00-04:00,18.77885698235553,18.985218048095703,18.77885698235553,18.985218048095703,3200,0.0,0.0
2015-08-20 00:00:00-04:00,18.828383197298376,18.985218048095703,18.820128565739573,18.985218048095703,18200,0.0,0.0
2015-08-21 00:00:00-04:00,18.869656355092403,19.001727311213312,18.861401723533596,18.985218048095703,2500,0.0,0.0
2015-08-24 00:00:00-04:00,18.985218048095703,18.985218048095703,18.985218048095703,18.985218048095703,0,0.0,0.0
2015-08-25 00:00:00-04:00,18.985218048095703,18.985218048095703,18.985218048095703,18.985218048095703,0,0.0,0.0
2015-08-26 00:00:00-04:00,18.985218048095703,18.985218048095703,18.985218048095703,18.985218048095703,0,0.0,0.0
2015-08-27 00:00:00-04:00,18.828383197298376,18.985218048095703,18.828383197298376,18.985218048095703,1300,0.0,0.0
2015-08-28 00:00:00-04:00,18.787113189697266,18.787113189697266,18.787113189697266,18.787113189697266,200,0.0,0.0
2015-08-31 00:00:00-04:00,19.381429580094306,19.851932525634766,18.976962108061105,19.851932525634766,1600,0.0,0.0
2015-09-01 00:00:00-04:00,19.38968575306813,19.785898625620913,19.38968575306813,19.60430145263672,3000,0.0,0.0
2015-09-02 00:00:00-04:00,20.116075962137597,20.570069644978016,19.78589702071561,19.992258071899414,1000,0.0,0.0
2015-09-03 00:00:00-04:00,19.290630756306637,19.307138442993164,19.290630756306637,19.307138442993164,500,0.0,0.0
2015-09-04 00:00:00-04:00,18.811874264055458,19.42270278930664,18.811874264055458,19.42270278930664,500,0.0,0.0
2015-09-08 00:00:00-04:00,19.90146255493164,19.90146255493164,19.90146255493164,19.90146255493164,200,0.0,0.0
2015-09-09 00:00:00-04:00,19.191579113835875,19.414449442693655,18.985218048095703,18.985218048095703,1500,0.0,0.0
2015-09-10 00:00:00-04:00,19.067768096923828,19.067768096923828,19.067768096923828,19.067768096923828,100,0.0,0.0
2015-09-11 00:00:00-04:00,19.285778045654297,19.285778045654297,19.285778045654297,19.285778045654297,200,0.36,0.0
2015-09-14 00:00:00-04:00,19.285778045654297,19.285778045654297,19.285778045654297,19.285778045654297,0,0.0,0.0
2015-09-15 00:00:00-04:00,19.369627400279946,19.66310691833496,19.369627400279946,19.66310691833496,500,0.0,0.0
2015-09-16 00:00:00-04:00,19.495405197143555,19.495405197143555,19.495405197143555,19.495405197143555,600,0.0,0.0
2015-09-17 00:00:00-04:00,19.495405197143555,19.495405197143555,19.495405197143555,19.495405197143555,0,0.0,0.0
2015-09-18 00:00:00-04:00,19.294163520862018,19.705034255981445,19.294163520862018,19.705034255981445,2600,0.0,0.0
2015-09-21 00:00:00-04:00,20.099135404704892,20.38422966003418,19.705035274966164,20.38422966003418,1700,0.0,0.0
2015-09-22 00:00:00-04:00,20.459694282405756,20.753173828125,20.409384005787697,20.753173828125,3000,0.0,0.0
2015-09-23 00:00:00-04:00,20.585468292236328,20.585468292236328,20.585468292236328,20.585468292236328,200,0.0,0.0
2015-09-24 00:00:00-04:00,20.585468292236328,20.585468292236328,20.585468292236328,20.585468292236328,0,0.0,0.0
2015-09-25 00:00:00-04:00,20.761560376981365,20.837026596069336,20.761560376981365,20.837026596069336,1600,0.0,0.0
2015-09-28 00:00:00-04:00,20.837026596069336,20.837026596069336,20.837026596069336,20.837026596069336,0,0.0,0.0
2015-09-29 00:00:00-04:00,20.837026596069336,20.837026596069336,20.837026596069336,20.837026596069336,0,0.0,0.0
2015-09-30 00:00:00-04:00,20.92087735179091,20.92087735179091,20.66932276438969,20.79509925842285,1700,0.0,0.0
2015-10-01 00:00:00-04:00,21.23112387493804,21.23112387493804,20.946029663085938,20.946029663085938,4800,0.0,0.0
2015-10-02 00:00:00-04:00,20.946029663085938,20.946029663085938,20.946029663085938,20.946029663085938,0,0.0,0.0
2015-10-05 00:00:00-04:00,20.63578367371345,20.96280288696289,20.63578367371345,20.96280288696289,800,0.0,0.0
2015-10-06 00:00:00-04:00,20.962800784986847,20.962800784986847,20.44292262181187,20.54354476928711,700,0.0,0.0
2015-10-07 00:00:00-04:00,20.811865663502967,21.382054026777222,20.75317008481319,21.298202514648438,3300,0.0,0.0
2015-10-08 00:00:00-04:00,21.298202514648438,21.298202514648438,21.298202514648438,21.298202514648438,100,0.0,0.0
2015-10-09 00:00:00-04:00,21.298202514648438,21.298202514648438,21.298202514648438,21.298202514648438,0,0.0,0.0
2015-10-12 00:00:00-04:00,20.753173828125,20.753173828125,20.753173828125,20.753173828125,200,0.0,0.0
2015-10-13 00:00:00-04:00,20.753173828125,20.753173828125,20.753173828125,20.753173828125,0,0.0,0.0
2015-10-14 00:00:00-04:00,20.98795672168935,20.98795672168935,20.54354476928711,20.54354476928711,1100,0.0,0.0
2015-10-15 00:00:00-04:00,21.373668670654297,21.382053981782985,20.75317004114231,21.373668670654297,1100,0.0,0.0
2015-10-16 00:00:00-04:00,20.96280288696289,20.987958826187825,20.96280288696289,20.96280288696289,800,0.0,0.0
2015-10-19 00:00:00-04:00,20.96280288696289,20.96280288696289,20.96280288696289,20.96280288696289,0,0.0,0.0
2015-10-20 00:00:00-04:00,20.635782649571244,20.753173828125,20.635782649571244,20.753173828125,1200,0.0,0.0
2015-10-21 00:00:00-04:00,20.753173828125,20.753173828125,20.753173828125,20.753173828125,0,0.0,0.0
2015-10-22 00:00:00-04:00,20.753173911166048,20.778329849243164,20.753173911166048,20.778329849243164,900,0.0,0.0
2015-10-23 00:00:00-04:00,20.82863998413086,20.82863998413086,20.753173769748624,20.82863998413086,1700,0.0,0.0
2015-10-26 00:00:00-04:00,20.82863998413086,20.82863998413086,20.82863998413086,20.82863998413086,0,0.0,0.0
2015-10-27 00:00:00-04:00,20.837026596069336,20.837026596069336,20.837026596069336,20.837026596069336,800,0.0,0.0
2015-10-28 00:00:00-04:00,20.837026596069336,20.837026596069336,20.837026596069336,20.837026596069336,0,0.0,0.0
2015-10-29 00:00:00-04:00,20.837026596069336,20.837026596069336,20.837026596069336,20.837026596069336,0,0.0,0.0
2015-10-30 00:00:00-04:00,21.3820542061683,21.3820542061683,20.962798241341467,21.172426223754883,4100,0.0,0.0
2015-11-02 00:00:00-05:00,21.15565560132151,21.583296877365026,21.15565560132151,21.172426223754883,8800,0.0,0.0
2015-11-03 00:00:00-05:00,21.172426223754883,21.172426223754883,21.172426223754883,21.172426223754883,500,0.0,0.0
2015-11-04 00:00:00-05:00,21.130501267006032,21.180811534971568,21.130501267006032,21.172426223754883,2000,0.0,0.0
2015-11-05 00:00:00-05:00,21.298202693336016,21.59168218858171,21.172426223754883,21.172426223754883,43000,0.0,0.0
2015-11-06 00:00:00-05:00,20.904107501999206,20.954417781612868,20.837026596069336,20.837026596069336,1600,0.0,0.0
2015-11-09 00:00:00-05:00,21.17243112571868,21.17243112571868,20.837026596069336,20.837026596069336,4000,0.0,0.0
2015-11-10 00:00:00-05:00,20.92087745666504,20.92087745666504,20.92087745666504,20.92087745666504,100,0.0,0.0
2015-11-11 00:00:00-05:00,20.92087745666504,20.92087745666504,20.92087745666504,20.92087745666504,0,0.0,0.0
2015-11-12 00:00:00-05:00,20.870565618434476,20.870565618434476,19.160001769266927,20.744789123535156,13500,0.0,0.0
2015-11-13 00:00:00-05:00,20.744789123535156,20.744789123535156,20.744789123535156,20.744789123535156,0,0.0,0.0
2015-11-16 00:00:00-05:00,20.744789895099217,20.78671646118164,20.744789895099217,20.78671646118164,1600,0.0,0.0
2015-11-17 00:00:00-05:00,20.166215327796394,20.753174436439764,20.166215327796394,20.744789123535156,1100,0.0,0.0
2015-11-18 00:00:00-05:00,20.75317365115451,20.786714901503768,20.33391761779785,20.33391761779785,1900,0.0,0.0
2015-11-19 00:00:00-05:00,20.33391761779785,20.33391761779785,20.33391761779785,20.33391761779785,200,0.0,0.0
2015-11-20 00:00:00-05:00,20.5435444389863,20.744787131366405,20.5435444389863,20.71963119506836,800,0.0,0.0
2015-11-23 00:00:00-05:00,20.434537194105918,20.434537194105918,20.384225324922934,20.417766571044922,3500,0.0,0.0
2015-11-24 00:00:00-05:00,20.585470598077908,20.585470598077908,20.33391761779785,20.33391761779785,700,0.0,0.0
2015-11-25 00:00:00-05:00,20.45969375158222,20.54354527666004,20.124289250605752,20.14105987548828,10400,0.0,0.0
2015-11-27 00:00:00-05:00,20.199756962168394,20.392614364624023,20.199756962168394,20.392614364624023,2000,0.0,0.0
2015-11-30 00:00:00-05:00,20.417769493279096,20.526775360107422,20.291993000989528,20.526775360107422,1300,0.0,0.0
2015-12-01 00:00:00-05:00,20.526775360107422,20.526775360107422,20.526775360107422,20.526775360107422,200,0.0,0.0
2015-12-02 00:00:00-05:00,20.501623153686523,20.501623153686523,20.501623153686523,20.501623153686523,300,0.0,0.0
2015-12-03 00:00:00-05:00,20.434541702270508,20.434541702270508,20.434541702270508,20.434541702270508,400,0.0,0.0
2015-12-04 00:00:00-05:00,20.526775360107422,20.526775360107422,20.526775360107422,20.526775360107422,300,0.0,0.0
2015-12-07 00:00:00-05:00,20.577085429944162,20.577085429944162,20.37584114074707,20.37584114074707,1400,0.0,0.0
2015-12-08 00:00:00-05:00,20.37584114074707,20.37584114074707,20.37584114074707,20.37584114074707,0,0.0,0.0
2015-12-09 00:00:00-05:00,20.42615301271371,20.442922037367858,20.37584114074707,20.37584114074707,2500,0.0,0.0
2015-12-10 00:00:00-05:00,20.350685737448487,20.350685737448487,20.16621208190918,20.16621208190918,1800,0.0,0.0
2015-12-11 00:00:00-05:00,20.16621208190918,20.16621208190918,20.16621208190918,20.16621208190918,0,0.0,0.0
2015-12-14 00:00:00-05:00,20.166211515803575,20.36745578880343,20.166211515803575,20.275218963623047,2100,0.0,0.0
2015-12-15 00:00:00-05:00,20.33391761779785,20.33391761779785,20.308761680035907,20.33391761779785,3500,0.0,0.0
2015-12-16 00:00:00-05:00,20.233294279180875,20.233294279180875,20.174598693847656,20.174598693847656,500,0.0,0.0
2015-12-17 00:00:00-05:00,20.1829833984375,20.1829833984375,20.1829833984375,20.1829833984375,500,0.0,0.0
2015-12-18 00:00:00-05:00,20.157830387858247,20.2919921875,20.157830387858247,20.2919921875,1000,0.0,0.0
2015-12-21 00:00:00-05:00,20.2919921875,20.2919921875,20.2919921875,20.2919921875,0,0.0,0.0
2015-12-22 00:00:00-05:00,20.2919921875,20.2919921875,20.2919921875,20.2919921875,0,0.0,0.0
2015-12-23 00:00:00-05:00,20.2919921875,20.2919921875,20.2919921875,20.2919921875,0,0.0,0.0
2015-12-24 00:00:00-05:00,20.2919921875,20.2919921875,20.2919921875,20.2919921875,0,0.0,0.0
2015-12-28 00:00:00-05:00,20.124287123469145,20.16621208190918,20.124287123469145,20.16621208190918,1800,0.0,0.0
2015-12-29 00:00:00-05:00,20.291992827233944,20.95441653393209,20.291992827233944,20.753173828125,10800,0.0,0.0
2015-12-30 00:00:00-05:00,20.753173828125,20.753173828125,20.753173828125,20.753173828125,0,0.0,0.0
2015-12-31 00:00:00-05:00,21.382056253882645,21.5665283203125,21.348515005803723,21.5665283203125,5500,0.0,0.0
2016-01-04 00:00:00-05:00,21.105346613080865,21.801311492919922,21.0382657186145,21.801311492919922,14500,0.0,0.0
2016-01-05 00:00:00-05:00,21.885162537107096,21.885162537107096,21.75938606262207,21.75938606262207,6600,0.0,0.0
2016-01-06 00:00:00-05:00,21.71746253967285,21.71746253967285,21.71746253967285,21.71746253967285,300,0.0,0.0
2016-01-07 00:00:00-05:00,21.15565666634853,21.390440594231595,21.15565666634853,21.382055282592773,800,0.0,0.0
2016-01-08 00:00:00-05:00,20.476463467474936,20.9711856842041,20.476463467474936,20.9711856842041,900,0.0,0.0
2016-01-11 00:00:00-05:00,20.96280288696289,20.996344139262803,20.96280288696289,20.96280288696289,900,0.0,0.0
2016-01-12 00:00:00-05:00,20.96280288696289,20.96280288696289,20.96280288696289,20.96280288696289,0,0.0,0.0
2016-01-13 00:00:00-05:00,20.96280220959375,20.96280220959375,20.300376892089844,20.300376892089844,1200,0.0,0.0
2016-01-14 00:00:00-05:00,20.585471999331112,20.837026596069336,20.333919001927843,20.837026596069336,700,0.0,0.0
2016-01-15 00:00:00-05:00,20.325527604265197,20.518384951164304,19.7469539642334,19.7469539642334,1800,0.0,0.0
2016-01-19 00:00:00-05:00,20.124285957220984,20.124285957220984,20.040434445865653,20.107515335083008,1200,0.0,0.0
2016-01-20 00:00:00-05:00,20.040438365524192,20.35907385112865,19.956586837768555,19.956586837768555,2600,0.0,0.0
2016-01-21 00:00:00-05:00,19.956588168462233,20.71963408318176,19.839196981377683,20.635784149169922,21800,0.0,0.0
2016-01-22 00:00:00-05:00,19.914661584441195,21.457523915140477,19.914661584441195,20.33391761779785,26400,0.0,0.0
2016-01-25 00:00:00-05:00,20.14106318569729,20.769947328136617,20.032055705380163,20.468082427978516,14900,0.0,0.0
2016-01-26 00:00:00-05:00,20.635780162124625,20.778327261472146,20.585468292236328,20.585468292236328,3600,0.0,0.0
2016-01-27 00:00:00-05:00,20.560314178466797,20.560314178466797,20.560314178466797,20.560314178466797,100,0.0,0.0
2016-01-28 00:00:00-05:00,20.560314178466797,20.560314178466797,20.560314178466797,20.560314178466797,0,0.0,0.0
2016-01-29 00:00:00-05:00,20.92087745666504,20.92087745666504,20.92087745666504,20.92087745666504,500,0.0,0.0
2016-02-01 00:00:00-05:00,20.258451461791992,20.258451461791992,20.258451461791992,20.258451461791992,300,0.0,0.0
2016-02-02 00:00:00-05:00,20.208141753156458,20.79509925842285,20.208141753156458,20.79509925842285,400,0.0,0.0
2016-02-03 00:00:00-05:00,20.79509925842285,20.79509925842285,20.79509925842285,20.79509925842285,0,0.0,0.0
2016-02-04 00:00:00-05:00,20.694473266601562,20.694473266601562,20.694473266601562,20.694473266601562,900,0.0,0.0
2016-02-05 00:00:00-05:00,20.627397537231445,20.627397537231445,20.627397537231445,20.627397537231445,100,0.0,0.0
2016-02-08 00:00:00-05:00,20.627397537231445,20.627397537231445,20.627397537231445,20.627397537231445,0,0.0,0.0
2016-02-09 00:00:00-05:00,20.275218963623047,20.275218963623047,20.275218963623047,20.275218963623047,300,0.0,0.0
2016-02-10 00:00:00-05:00,21.021495819091797,21.021495819091797,21.021495819091797,21.021495819091797,100,0.0,0.0
2016-02-11 00:00:00-05:00,21.021495819091797,21.021495819091797,21.021495819091797,21.021495819091797,0,0.0,0.0
2016-02-12 00:00:00-05:00,20.79509773897304,20.95441547275268,20.54354476928711,20.54354476928711,1600,0.0,0.0
2016-02-16 00:00:00-05:00,20.795095993909438,20.795095993909438,20.417766571044922,20.417766571044922,1100,0.0,0.0
2016-02-17 00:00:00-05:00,20.54354476928711,20.54354476928711,20.54354476928711,20.54354476928711,100,0.0,0.0
2016-02-18 00:00:00-05:00,20.459693552651284,20.543545076913812,20.266836166381836,20.266836166381836,3400,0.0,0.0
2016-02-19 00:00:00-05:00,20.5267724222721,20.5267724222721,20.417766571044922,20.417766571044922,1000,0.0,0.0
2016-02-22 00:00:00-05:00,20.291991799601178,20.820253675675545,20.291991799601178,20.54354476928711,17100,0.0,0.0
2016-02-23 00:00:00-05:00,20.54354476928711,20.54354476928711,20.43453890891248,20.54354476928711,59500,0.0,0.0
2016-02-24 00:00:00-05:00,20.54354865301804,20.54354865301804,20.40100151675839,20.468082427978516,15400,0.0,0.0
2016-02-25 00:00:00-05:00,20.468082427978516,20.468082427978516,20.468082427978516,20.468082427978516,0,0.0,0.0
2016-02-26 00:00:00-05:00,20.468082427978516,20.468082427978516,20.468082427978516,20.468082427978516,0,0.0,0.0
2016-02-29 00:00:00-05:00,20.526774144818773,20.54354476928711,20.526774144818773,20.54354476928711,2200,0.0,0.0
2016-03-01 00:00:00-05:00,20.54354294858362,20.56869888305664,20.107516347059086,20.56869888305664,700,0.0,0.0
2016-03-02 00:00:00-05:00,20.501623153686523,20.501623153686523,20.501623153686523,20.501623153686523,600,0.0,0.0
2016-03-03 00:00:00-05:00,20.13267250975149,20.70286090292639,20.13267250975149,20.367456436157227,800,0.0,0.0
2016-03-04 00:00:00-05:00,20.459693908691406,20.459693908691406,20.4429232836801,20.459693908691406,44000,0.0,0.0
2016-03-07 00:00:00-05:00,20.669322868002805,20.96280242177463,20.627397902893215,20.92087745666504,2200,0.0,0.0
2016-03-08 00:00:00-05:00,20.510002064171097,21.382055282592773,20.510002064171097,21.382055282592773,2900,0.0,0.0
2016-03-09 00:00:00-05:00,21.18081283569336,21.38205551924848,21.18081283569336,21.18081283569336,1000,0.0,0.0
2016-03-10 00:00:00-05:00,21.298203765539203,21.382055282592773,21.298203765539203,21.382055282592773,500,0.0,0.0
2016-03-11 00:00:00-05:00,21.705509185791016,21.705509185791016,21.705509185791016,21.705509185791016,0,0.38,0.0
2016-03-14 00:00:00-04:00,21.109670330719247,21.79062843322754,21.109670330719247,21.79062843322754,2300,0.0,0.0
2016-03-15 00:00:00-04:00,21.211819193359116,21.313963499020318,21.211819193359116,21.27991485595703,800,0.0,0.0
2016-03-16 00:00:00-04:00,21.27991485595703,21.27991485595703,21.27991485595703,21.27991485595703,0,0.0,0.0
2016-03-17 00:00:00-04:00,21.27991485595703,21.27991485595703,21.27991485595703,21.27991485595703,400,0.0,0.0
2016-03-18 00:00:00-04:00,21.279913006406844,21.279913006406844,21.067113876342773,21.067113876342773,3000,0.0,0.0
2016-03-21 00:00:00-04:00,21.084140028929102,21.27991485595703,21.06711570739746,21.27991485595703,800,0.0,0.0
2016-03-22 00:00:00-04:00,21.27991485595703,21.27991485595703,21.27991485595703,21.27991485595703,400,0.0,0.0
2016-03-23 00:00:00-04:00,21.27991485595703,21.27991485595703,21.27991485595703,21.27991485595703,2300,0.0,0.0
2016-03-24 00:00:00-04:00,21.27991485595703,21.27991485595703,21.27991485595703,21.27991485595703,0,0.0,0.0
2016-03-28 00:00:00-04:00,21.27991485595703,21.27991485595703,21.27991485595703,21.27991485595703,0,0.0,0.0
2016-03-29 00:00:00-04:00,21.279913812854858,21.279913812854858,20.769195556640625,20.769195556640625,600,0.0,0.0
2016-03-30 00:00:00-04:00,20.769195556640625,20.769195556640625,20.769195556640625,20.769195556640625,5300,0.0,0.0
2016-03-31 00:00:00-04:00,20.769195556640625,21.101163316120598,20.769195556640625,20.769195556640625,4300,0.0,0.0
2016-04-01 00:00:00-04:00,20.68407440185547,20.68407440185547,20.68407440185547,20.68407440185547,100,0.0,0.0
2016-04-04 00:00:00-04:00,20.68407440185547,20.68407440185547,20.68407440185547,20.68407440185547,0,0.0,0.0
2016-04-05 00:00:00-04:00,20.854315536597763,20.854315536597763,20.769195556640625,20.769195556640625,1000,0.0,0.0
2016-04-06 00:00:00-04:00,20.854312558913435,20.854312558913435,20.44573866169173,20.845800399780273,2300,0.0,0.0
2016-04-07 00:00:00-04:00,20.845800399780273,20.845800399780273,20.845800399780273,20.845800399780273,0,0.0,0.0
2016-04-08 00:00:00-04:00,20.854315536597763,20.854315536597763,20.68407557668349,20.769195556640625,300,0.0,0.0
2016-04-11 00:00:00-04:00,20.769195556640625,20.854315536597763,20.769195556640625,20.769195556640625,4300,0.0,0.0
2016-04-12 00:00:00-04:00,20.641513105521494,20.726633071899414,20.641513105521494,20.726633071899414,600,0.0,0.0
2016-04-13 00:00:00-04:00,20.68407440185547,20.68407440185547,20.68407440185547,20.68407440185547,11600,0.0,0.0
2016-04-14 00:00:00-04:00,20.68407440185547,20.743659520911116,20.68407440185547,20.68407440185547,3000,0.0,0.0
2016-04-15 00:00:00-04:00,20.83728789172088,20.83728789172088,20.726633071899414,20.726633071899414,500,0.0,0.0
2016-04-18 00:00:00-04:00,20.68407440185547,20.85431435210034,20.68407440185547,20.68407440185547,900,0.0,0.0
2016-04-19 00:00:00-04:00,20.68407440185547,20.68407440185547,20.68407440185547,20.68407440185547,0,0.0,0.0
2016-04-20 00:00:00-04:00,20.68407440185547,20.68407440185547,20.68407440185547,20.68407440185547,0,0.0,0.0
2016-04-21 00:00:00-04:00,20.85431480407715,20.85431480407715,20.85431480407715,20.85431480407715,200,0.0,0.0
2016-04-22 00:00:00-04:00,20.85431480407715,20.85431480407715,20.85431480407715,20.85431480407715,0,0.0,0.0
2016-04-25 00:00:00-04:00,20.811758041381836,20.811758041381836,20.811758041381836,20.811758041381836,200,0.0,0.0
2016-04-26 00:00:00-04:00,20.786221558271045,20.811758041381836,20.786221558271045,20.811758041381836,500,0.0,0.0
2016-04-27 00:00:00-04:00,20.811758041381836,20.811758041381836,20.811758041381836,20.811758041381836,0,0.0,0.0
2016-04-28 00:00:00-04:00,21.23735382745068,21.23735382745068,21.17776870727539,21.17776870727539,800,0.0,0.0
2016-04-29 00:00:00-04:00,20.803244198034914,20.803244198034914,20.769195556640625,20.769195556640625,3100,0.0,0.0
2016-05-02 00:00:00-04:00,20.777709397234116,20.973484230497373,20.769197236197186,20.811758041381836,27500,0.0,0.0
2016-05-03 00:00:00-04:00,20.981995199881386,21.058603021334175,20.837291717529297,20.837291717529297,4500,0.0,0.0
2016-05-04 00:00:00-04:00,20.428714752197266,20.428714752197266,20.428714752197266,20.428714752197266,800,0.0,0.0
2016-05-05 00:00:00-04:00,20.003116528193154,20.428714752197266,20.003116528193154,20.428714752197266,2500,0.0,0.0
2016-05-06 00:00:00-04:00,20.105259496184356,20.241450789041007,20.071210861206055,20.071210861206055,1600,0.0,0.0
2016-05-09 00:00:00-04:00,20.06269695334943,20.266983874824202,20.020137786865234,20.020137786865234,2000,0.0,0.0
2016-05-10 00:00:00-04:00,20.020140846800132,20.471273925186324,20.020140846800132,20.428714752197266,11100,0.0,0.0
2016-05-11 00:00:00-04:00,20.36913254303783,20.36913254303783,20.088237762451172,20.088237762451172,2700,0.0,0.0
2016-05-12 00:00:00-04:00,20.00311677359292,20.037165411224585,19.952045440673828,19.952045440673828,1600,0.0,0.0
2016-05-13 00:00:00-04:00,19.84989960443193,20.071210861206055,19.84989960443193,20.071210861206055,1100,0.0,0.0
2016-05-16 00:00:00-04:00,19.80734370217412,20.00311851501465,19.594544569035666,20.00311851501465,2800,0.0,0.0
2016-05-17 00:00:00-04:00,19.883949545001087,20.428714752197266,19.466863480300464,20.428714752197266,179600,0.0,0.0
2016-05-18 00:00:00-04:00,20.045673672424794,20.19037711888236,20.045673672424794,20.156330108642578,1700,0.0,0.0
2016-05-19 00:00:00-04:00,20.173353383853346,20.173353383853346,20.003113470860303,20.020137786865234,2100,0.0,0.0
2016-05-20 00:00:00-04:00,20.173358470936826,20.598956737213733,20.00311851501465,20.00311851501465,4200,0.0,0.0
2016-05-23 00:00:00-04:00,20.07121168597642,20.47127342224121,20.00311603674989,20.47127342224121,1800,0.0,0.0
2016-05-24 00:00:00-04:00,20.47127342224121,20.47127342224121,20.47127342224121,20.47127342224121,0,0.0,0.0
2016-05-25 00:00:00-04:00,20.51383595955968,20.51383595955968,20.301036834716797,20.301036834716797,800,0.0,0.0
2016-05-26 00:00:00-04:00,20.301036834716797,20.301036834716797,20.301036834716797,20.301036834716797,0,0.0,0.0
2016-05-27 00:00:00-04:00,20.301036834716797,20.301036834716797,20.301036834716797,20.301036834716797,0,0.0,0.0
2016-05-31 00:00:00-04:00,20.641515731811523,20.641515731811523,20.641515731811523,20.641515731811523,200,0.0,0.0
2016-06-01 00:00:00-04:00,20.85431480407715,20.85431480407715,20.85431480407715,20.85431480407715,500,0.0,0.0
2016-06-02 00:00:00-04:00,20.68407440185547,21.050089158411993,20.68407440185547,20.68407440185547,22200,0.0,0.0
2016-06-03 00:00:00-04:00,20.684072824055054,20.684072824055054,20.51383451032461,20.58193016052246,1200,0.0,0.0
2016-06-06 00:00:00-04:00,20.684070872142836,21.024550714530083,20.684070872142836,21.007526397705078,3800,0.0,0.0
2016-06-07 00:00:00-04:00,21.033067064334173,21.48420184375078,21.02455652709701,21.27991485595703,10500,0.0,0.0
2016-06-08 00:00:00-04:00,21.330986197023304,21.48420184375078,21.262890534425384,21.27991485595703,11400,0.0,0.0
2016-06-09 00:00:00-04:00,21.27991485595703,21.475689682984957,21.27991485595703,21.27991485595703,7300,0.0,0.0
2016-06-10 00:00:00-04:00,20.913895786414717,21.688484398983533,20.913895786414717,21.535268783569336,6600,0.0,0.0
2016-06-13 00:00:00-04:00,20.93943654296745,21.27991485595703,20.93943654296745,21.27991485595703,2000,0.0,0.0
2016-06-14 00:00:00-04:00,21.194791793823242,21.194791793823242,21.194791793823242,21.194791793823242,500,0.0,0.0
2016-06-15 00:00:00-04:00,21.262886685040886,21.49271011352539,21.169256180624817,21.49271011352539,5100,0.0,0.0
2016-06-16 00:00:00-04:00,21.44163938140476,21.44163938140476,21.16074461324349,21.24586296081543,500,0.0,0.0
2016-06-17 00:00:00-04:00,21.339493185528674,21.611875769900326,20.922407150268555,20.922407150268555,1400,0.0,0.0
2016-06-20 00:00:00-04:00,21.620391346987468,21.628903507035968,20.964969635009766,20.964969635009766,1100,0.0,0.0
2016-06-21 00:00:00-04:00,21.24586296081543,21.24586296081543,21.24586296081543,21.24586296081543,100,0.0,0.0
2016-06-22 00:00:00-04:00,20.854315136421874,21.135209928420295,20.854315136421874,20.973482131958008,1700,0.0,0.0
2016-06-23 00:00:00-04:00,21.211817408516755,21.211817408516755,20.85431480407715,20.85431480407715,900,0.0,0.0
2016-06-24 00:00:00-04:00,21.662954561707704,21.662954561707704,21.135211944580078,21.135211944580078,900,0.0,0.0
2016-06-27 00:00:00-04:00,21.135211944580078,21.135211944580078,21.135211944580078,21.135211944580078,0,0.0,0.0
2016-06-28 00:00:00-04:00,21.27991543447566,21.57783457526406,20.811757944328676,21.135211944580078,8200,0.0,0.0
2016-06-29 00:00:00-04:00,21.06711370711781,21.518248443700088,20.854314578763084,21.11818504333496,13100,0.0,0.0
2016-06-30 00:00:00-04:00,20.956459435116095,21.28842556469735,20.60746736163583,20.973482131958008,1500,0.0,0.0
2016-07-01 00:00:00-04:00,21.731045325152724,21.731045325152724,21.492709741568103,21.696996688842773,1300,0.0,0.0
2016-07-05 00:00:00-04:00,21.696996192187463,21.696996192187463,21.186278023927212,21.30544662475586,300,0.0,0.0
2016-07-06 00:00:00-04:00,21.15223329264502,21.237353267121094,20.990505503493324,21.211816787719727,3700,0.0,0.0
2016-07-07 00:00:00-04:00,21.2799140261473,21.2799140261473,20.93092356600077,21.0926513671875,1400,0.0,0.0
2016-07-08 00:00:00-04:00,20.89687156677246,20.89687156677246,20.89687156677246,20.89687156677246,200,0.0,0.0
2016-07-11 00:00:00-04:00,21.10116559500142,21.441643928072313,20.7777099609375,20.7777099609375,8000,0.0,0.0
2016-07-12 00:00:00-04:00,20.871337675747714,21.109671646481875,20.871337675747714,21.024553298950195,25600,0.0,0.0
2016-07-13 00:00:00-04:00,21.024553298950195,21.050088153798335,21.007528980032493,21.024553298950195,25000,0.0,0.0
2016-07-14 00:00:00-04:00,21.27991172047172,21.407590866088867,21.033063965220606,21.407590866088867,6200,0.0,0.0
2016-07-15 00:00:00-04:00,21.28842387998332,21.407590866088867,21.27991172047172,21.407590866088867,2500,0.0,0.0
2016-07-18 00:00:00-04:00,21.407590866088867,21.407590866088867,21.407590866088867,21.407590866088867,0,0.0,0.0
2016-07-19 00:00:00-04:00,21.731045325152724,21.731045325152724,21.41610193339906,21.696996688842773,1000,0.0,0.0
2016-07-20 00:00:00-04:00,21.696996688842773,21.696996688842773,21.696996688842773,21.696996688842773,20000,0.0,0.0
2016-07-21 00:00:00-04:00,21.49271012155102,21.603364944458008,21.47568580309506,21.603364944458008,3900,0.0,0.0
2016-07-22 00:00:00-04:00,21.722538330231902,21.77360967330981,21.722538330231902,21.731050491333008,5000,0.0,0.0
2016-07-25 00:00:00-04:00,21.492713992493716,21.78212096425513,21.39056968688965,21.39056968688965,7300,0.0,0.0
2016-07-26 00:00:00-04:00,22.06301197035231,22.06301197035231,21.4927102859426,21.55229377746582,12400,0.0,0.0
2016-07-27 00:00:00-04:00,22.071525620749078,22.071525620749078,21.16074562072754,21.16074562072754,4300,0.0,0.0
2016-07-28 00:00:00-04:00,21.49270876048815,21.875747783848748,21.390564479749234,21.458660125732422,11300,0.0,0.0
2016-07-29 00:00:00-04:00,21.696996688842773,21.696996688842773,21.696996688842773,21.696996688842773,200,0.0,0.0
2016-08-01 00:00:00-04:00,21.816161577364014,22.0034258120591,21.816161577364014,21.960865020751953,2000,0.0,0.0
2016-08-02 00:00:00-04:00,22.020456314086914,22.020456314086914,22.020456314086914,22.020456314086914,300,0.0,0.0
2016-08-03 00:00:00-04:00,21.960865020751953,21.960865020751953,21.960865020751953,21.960865020751953,100,0.0,0.0
2016-08-04 00:00:00-04:00,22.08003321688808,22.08003321688808,21.9438419342041,21.9438419342041,400,0.0,0.0
2016-08-05 00:00:00-04:00,21.9438419342041,21.9438419342041,21.9438419342041,21.9438419342041,0,0.0,0.0
2016-08-08 00:00:00-04:00,22.07152557373047,22.07152557373047,22.07152557373047,22.07152557373047,100,0.0,0.0
2016-08-09 00:00:00-04:00,22.08003715143143,22.12259632603093,21.02455371078507,21.518247604370117,14400,0.0,0.0
2016-08-10 00:00:00-04:00,21.279910966461777,21.85872480451408,21.203303157100247,21.705509185791016,9000,0.0,0.0
2016-08-11 00:00:00-04:00,21.705509185791016,21.705509185791016,21.705509185791016,21.705509185791016,0,0.0,0.0
2016-08-12 00:00:00-04:00,21.714021345001004,21.714021345001004,21.662950013269437,21.705509185791016,1000,0.0,0.0
2016-08-15 00:00:00-04:00,21.492712298331156,22.088550516409175,21.492712298331156,21.71402359008789,800,0.0,0.0
2016-08-16 00:00:00-04:00,21.95235621775769,22.01193970675983,21.577829342350675,21.901283264160156,3200,0.0,0.0
2016-08-17 00:00:00-04:00,21.765091618686906,21.892770753573263,21.71402028943802,21.782115936279297,2700,0.0,0.0
2016-08-18 00:00:00-04:00,21.72253345873072,22.122595199592382,21.67146050357772,21.807653427124023,5500,0.0,0.0
2016-08-19 00:00:00-04:00,21.807653427124023,21.807653427124023,21.807653427124023,21.807653427124023,0,0.0,0.0
2016-08-22 00:00:00-04:00,22.216227891243882,22.57373046875,22.03747579072662,22.57373046875,2200,0.0,0.0
2016-08-23 00:00:00-04:00,22.04599042548949,22.437541684592684,22.04599042548949,22.326885223388672,2200,0.0,0.0
2016-08-24 00:00:00-04:00,22.25878606513408,22.973791188036053,22.250273906108063,22.548192977905273,2700,0.0,0.0
2016-08-25 00:00:00-04:00,22.43753886896653,22.556705852052065,22.352418899536133,22.352418899536133,1500,0.0,0.0
2016-08-26 00:00:00-04:00,22.46307270546259,23.229150772094727,22.267297921113624,23.229150772094727,4000,0.0,0.0
2016-08-29 00:00:00-04:00,23.722848507788992,23.722848507788992,23.10147379384956,23.450464248657227,5300,0.0,0.0
2016-08-30 00:00:00-04:00,23.722846919417282,23.722846919417282,23.1440330457509,23.458974838256836,3000,0.0,0.0
2016-08-31 00:00:00-04:00,23.01635658721871,23.535585403442383,22.820580137515083,23.535585403442383,3500,0.0,0.0
2016-09-01 00:00:00-04:00,23.467489078503355,23.535584738881813,22.905699474498924,23.40790557861328,3200,0.0,0.0
2016-09-02 00:00:00-04:00,23.433438587357458,23.527069091796875,23.33129430016275,23.527069091796875,1900,0.0,0.0
2016-09-06 00:00:00-04:00,23.22915467970825,23.722848614849205,23.135522539473882,23.612192153930664,8300,0.0,0.0
2016-09-07 00:00:00-04:00,23.51856081884655,23.620705122919883,23.263202493956168,23.314273834228516,5900,0.0,0.0
2016-09-08 00:00:00-04:00,23.305759158726104,23.620702574066176,23.118496515582134,23.561119079589844,8700,0.0,0.0
2016-09-09 00:00:00-04:00,23.75098803978269,23.949487904824277,23.008769149124806,23.56111717224121,7900,0.38,0.0
2016-09-12 00:00:00-04:00,23.61290237818934,23.92359733581543,23.302205774436203,23.92359733581543,31100,0.0,0.0
2016-09-13 00:00:00-04:00,23.871814252673474,23.871814252673474,23.120966348966036,23.172748565673828,21200,0.0,0.0
2016-09-14 00:00:00-04:00,23.138225446459334,23.215899592758355,22.88794336648344,23.129594802856445,3000,0.0,0.0
2016-09-15 00:00:00-04:00,23.319466720058177,23.58701009928866,23.069182982683806,23.23316192626953,5500,0.0,0.0
2016-09-16 00:00:00-04:00,23.561117907245574,23.733727492917595,22.922465074062305,23.405771255493164,8800,0.0,0.0
2016-09-19 00:00:00-04:00,22.879315746563787,23.7337298226437,22.879315746563787,23.673316955566406,2900,0.0,0.0
2016-09-20 00:00:00-04:00,23.80277040932165,23.80277040932165,23.552488327026367,23.552488327026367,3700,0.0,0.0
2016-09-21 00:00:00-04:00,23.854553087118283,23.923596591790943,23.63016128540039,23.63016128540039,4000,0.0,0.0
2016-09-22 00:00:00-04:00,23.794139435282396,23.802770078845434,23.526596069335938,23.526596069335938,2400,0.0,0.0
2016-09-23 00:00:00-04:00,23.517964024319987,23.75098644825525,23.517964024319987,23.587007522583008,1300,0.0,0.0
2016-09-26 00:00:00-04:00,23.794142137318538,23.794142137318538,23.353989142381888,23.41440200805664,6500,0.0,0.0
2016-09-27 00:00:00-04:00,23.56111849725974,23.66468458048184,22.698073839541404,23.25905418395996,3400,0.0,0.0
2016-09-28 00:00:00-04:00,23.155484832426403,23.259050901030534,22.706701278686523,22.706701278686523,2700,0.0,0.0
2016-09-29 00:00:00-04:00,22.870683530460735,23.750989480288585,22.870683530460735,23.716466903686523,7300,0.0,0.0
2016-09-30 00:00:00-04:00,23.561115812065868,23.820030167549856,23.552486815063908,23.60426902770996,4100,0.0,0.0
2016-10-03 00:00:00-04:00,23.630160425162597,23.733726501464844,23.630160425162597,23.733726501464844,900,0.0,0.0
2016-10-04 00:00:00-04:00,23.733726610452923,23.94948776145704,23.733726610452923,23.74235725402832,4700,0.0,0.0
2016-10-05 00:00:00-04:00,24.053056716918945,24.053056716918945,23.95812127235458,24.053056716918945,1900,0.0,0.0
2016-10-06 00:00:00-04:00,24.087574690675545,24.087574690675545,23.949487686157227,23.949487686157227,200,0.0,0.0
2016-10-07 00:00:00-04:00,24.06168159064935,24.06168159064935,23.60426902770996,23.60426902770996,400,0.0,0.0
2016-10-10 00:00:00-04:00,23.086440705060436,24.096202850341797,23.086440705060436,24.096202850341797,200,0.0,0.0
2016-10-11 00:00:00-04:00,23.39714241027832,23.39714241027832,23.39714241027832,23.39714241027832,400,0.0,0.0
2016-10-12 00:00:00-04:00,24.881574349609796,24.881574349609796,23.55248659651492,23.587007522583008,600,0.0,0.0
2016-10-13 00:00:00-04:00,23.52659825645354,24.51909931269239,23.517967612088164,23.56974983215332,1700,0.0,0.0
2016-10-14 00:00:00-04:00,23.61290252228113,24.363750457763672,23.61290252228113,24.363750457763672,600,0.0,0.0
2016-10-17 00:00:00-04:00,23.561120285765895,23.914968490600586,23.517968708055193,23.914968490600586,1400,0.0,0.0
2016-10-18 00:00:00-04:00,23.17274968583647,24.294707096793257,23.17274968583647,23.517967224121094,500,0.0,0.0
2016-10-19 00:00:00-04:00,23.768248827809746,23.906335830688477,23.768248827809746,23.906335830688477,200,0.0,0.0
2016-10-20 00:00:00-04:00,23.906335830688477,23.906335830688477,23.906335830688477,23.906335830688477,0,0.0,0.0
2016-10-21 00:00:00-04:00,23.51796751885575,23.776880264282227,23.51796751885575,23.776880264282227,1500,0.0,0.0
2016-10-24 00:00:00-04:00,23.517970227657344,23.561121808156262,23.431665420532227,23.431665420532227,3400,0.0,0.0
2016-10-25 00:00:00-04:00,23.08644281073497,24.165248549554363,23.08644281073497,23.906335830688477,1300,0.0,0.0
2016-10-26 00:00:00-04:00,23.39714183299123,24.424163818359375,23.39714183299123,24.424163818359375,300,0.0,0.0
2016-10-27 00:00:00-04:00,24.303335330413287,24.303335330413287,23.889074325561523,23.889074325561523,400,0.0,0.0
2016-10-28 00:00:00-04:00,23.90633629964077,23.90633629964077,23.345355987548828,23.345355987548828,1200,0.0,0.0
2016-10-31 00:00:00-04:00,23.837294883068306,23.837294883068306,23.129596859836628,23.785511016845703,500,0.0,0.0
2016-11-01 00:00:00-04:00,23.172749368586086,23.172749368586086,23.043292999267578,23.043292999267578,900,0.0,0.0
2016-11-02 00:00:00-04:00,23.000139236450195,23.000139236450195,23.000139236450195,23.000139236450195,200,0.0,0.0
2016-11-03 00:00:00-04:00,23.517966087270754,23.517966087270754,22.78437782504792,23.172748565673828,2000,0.0,0.0
2016-11-04 00:00:00-04:00,22.741226503917783,23.000139236450195,22.698073284411045,23.000139236450195,3100,0.0,0.0
2016-11-07 00:00:00-05:00,22.352853241023563,23.38850734674451,22.352853241023563,22.905202865600586,2000,0.0,0.0
2016-11-08 00:00:00-05:00,23.38850892105391,23.38850892105391,23.302204132080078,23.302204132080078,300,0.0,0.0
2016-11-09 00:00:00-05:00,23.18137855072564,24.16524887084961,23.172747907165103,24.16524887084961,2000,0.0,0.0
2016-11-10 00:00:00-05:00,24.16524915413676,24.20840072631836,24.10483629463173,24.20840072631836,700,0.0,0.0
2016-11-11 00:00:00-05:00,24.251556396484375,24.251556396484375,24.251556396484375,24.251556396484375,300,0.0,0.0
2016-11-14 00:00:00-05:00,24.68307823898849,24.85568618774414,24.27744618485216,24.85568618774414,1400,0.0,0.0
2016-11-15 00:00:00-05:00,23.94948965984842,24.85568590744591,23.94948965984842,24.81253433227539,1000,0.0,0.0
2016-11-16 00:00:00-05:00,24.81253433227539,24.81253433227539,24.81253433227539,24.81253433227539,0,0.0,0.0
2016-11-17 00:00:00-05:00,24.337859635162875,24.94198989868164,23.647422931835255,24.94198989868164,3100,0.0,0.0
2016-11-18 00:00:00-05:00,25.11460012265072,26.063949584960938,25.11460012265072,26.063949584960938,1900,0.0,0.0
2016-11-21 00:00:00-05:00,25.761883531262285,29.705995733423524,24.68307770203126,28.178409576416016,6900,0.0,0.0
2016-11-22 00:00:00-05:00,28.005797440322052,29.775038181034187,28.005797440322052,28.9982967376709,13700,0.0,0.0
2016-11-23 00:00:00-05:00,28.955148168673045,29.343518930617343,27.841819748517448,29.30036735534668,7000,0.0,0.0
2016-11-25 00:00:00-05:00,29.343518930617343,29.51612852395416,29.30036735534668,29.30036735534668,800,0.0,0.0
2016-11-28 00:00:00-05:00,29.21405954749753,29.472975571531748,29.127756400988797,29.170907974243164,8400,0.0,0.0
2016-11-29 00:00:00-05:00,28.911996841430664,29.274474027518828,28.911996841430664,28.911996841430664,9700,0.0,0.0
2016-11-30 00:00:00-05:00,28.998293514609355,29.34351262712396,28.558142273794015,29.024187088012695,1600,0.0,0.0
2016-12-01 00:00:00-05:00,29.12775421142578,29.99079878065321,28.480470784505208,29.12775421142578,2300,0.0,0.0
2016-12-02 00:00:00-05:00,29.170910975457133,30.16341372369006,28.653085458620858,30.120262145996094,2500,0.0,0.0
2016-12-05 00:00:00-05:00,29.90449564063197,30.85384334988064,28.635819070346447,29.12775421142578,8600,0.0,0.0
2016-12-06 00:00:00-05:00,28.566777390930227,29.731889676118765,28.566777390930227,29.084606170654297,5100,0.0,0.0
2016-12-07 00:00:00-05:00,29.127758081010775,30.206563935863027,28.56677771958593,29.990802764892578,1200,0.0,0.0
2016-12-08 00:00:00-05:00,29.72325632476437,30.594933258004904,29.429821014404297,29.429821014404297,2300,0.0,0.0
2016-12-09 00:00:00-05:00,28.868846893310547,28.868846893310547,28.868846893310547,28.868846893310547,400,0.0,0.0
2016-12-12 00:00:00-05:00,29.343513986008276,30.249710083007812,29.214055989756798,30.249710083007812,2100,0.0,0.0
2016-12-13 00:00:00-05:00,30.638081170760646,30.724384307861328,30.379168467204945,30.724384307861328,1900,0.0,0.0
2016-12-14 00:00:00-05:00,30.2928616510071,31.112754612008054,29.472971982259754,30.249710083007812,6300,0.0,0.0
2016-12-15 00:00:00-05:00,30.292868739662303,31.026458736327733,30.292868739662303,30.59493637084961,6900,0.0,0.0
2016-12-16 00:00:00-05:00,30.63808508504032,32.19156479709859,30.63808508504032,31.803194046020508,13200,0.0,0.0
2016-12-19 00:00:00-05:00,31.88950375598506,32.51089372916613,31.88950375598506,31.932655334472656,2300,0.0,0.0
2016-12-20 00:00:00-05:00,31.88950204941053,31.88950204941053,30.465476989746094,30.465476989746094,3500,0.0,0.0
2016-12-21 00:00:00-05:00,30.4654721799079,31.11275559715348,29.55927605421483,29.68873405456543,5900,0.0,0.0
2016-12-22 00:00:00-05:00,29.30036587792441,29.30036587792441,28.264711662378815,28.307863235473633,3400,0.0,0.0
2016-12-23 00:00:00-05:00,29.34351750608146,30.16341056543748,28.33375686630117,28.7393856048584,13100,0.0,0.0
2016-12-27 00:00:00-05:00,28.99829790032254,29.343517065048218,26.219294817944274,27.617427825927734,27200,0.0,0.0
2016-12-28 00:00:00-05:00,27.531126015899815,28.86884630874677,26.063950991453446,27.315364837646484,38500,0.0,0.0
2016-12-29 00:00:00-05:00,27.401665774444602,27.57427535115959,26.366011606408524,27.099599838256836,28200,0.0,0.0
2016-12-30 00:00:00-05:00,26.970146471683037,28.17841035051612,26.797536875813424,27.22905921936035,6000,0.0,0.0
2017-01-03 00:00:00-05:00,27.61742785549903,27.833189010620117,27.61742785549903,27.833189010620117,6200,0.0,0.0
2017-01-04 00:00:00-05:00,28.17840580940878,28.696231221312956,27.919489811203015,28.394166946411133,2600,0.0,0.0
2017-01-05 00:00:00-05:00,29.300369539676467,29.559282302856445,29.300369539676467,29.559282302856445,600,0.0,0.0
2017-01-06 00:00:00-05:00,28.52362291193925,29.904496225041136,28.480471341085337,29.21405792236328,5700,0.0,0.0
2017-01-09 00:00:00-05:00,28.696230277417754,29.516123229508974,28.696230277417754,28.955142974853516,2200,0.0,0.0
2017-01-10 00:00:00-05:00,29.343515559605187,30.681233992842316,29.343515559605187,30.206560134887695,21800,0.0,0.0
2017-01-11 00:00:00-05:00,29.81818941755981,30.336018138081585,29.81818941755981,30.206560134887695,1700,0.0,0.0
2017-01-12 00:00:00-05:00,29.947654712458952,31.155915436691544,29.947654712458952,30.163415908813477,1900,0.0,0.0
2017-01-13 00:00:00-05:00,30.249716948438714,30.577674865722656,30.120262215059984,30.577674865722656,1100,0.0,0.0
2017-01-17 00:00:00-05:00,30.46547284902169,30.767540425722835,30.206560134887695,30.206560134887695,2400,0.0,0.0
2017-01-18 00:00:00-05:00,30.724385563155685,30.724385563155685,30.206560134887695,30.206560134887695,102800,0.0,0.0
2017-01-19 00:00:00-05:00,30.20656396311226,30.465476710059523,30.20656396311226,30.422325134277344,47000,0.0,0.0
2017-01-20 00:00:00-05:00,31.02645492553711,31.02645492553711,31.02645492553711,31.02645492553711,2100,0.0,0.0
2017-01-23 00:00:00-05:00,30.594932422210604,31.699628481739058,30.594932422210604,31.630586624145508,23700,0.0,0.0
2017-01-24 00:00:00-05:00,31.45797890486359,31.45797890486359,31.199066162109375,31.199066162109375,3100,0.0,0.0
2017-01-25 00:00:00-05:00,31.19906428476527,31.932650893802396,31.11275784753776,31.414825439453125,28600,0.0,0.0
2017-01-26 00:00:00-05:00,31.199064792828317,31.673738682420662,31.06960678100586,31.06960678100586,6200,0.0,0.0
2017-01-27 00:00:00-05:00,31.544282105610463,31.932652866491598,31.112759769576794,31.846349716186523,20100,0.0,0.0
2017-01-30 00:00:00-05:00,31.63058528632914,31.932649573501273,31.311256420171382,31.716888427734375,8800,0.0,0.0
2017-01-31 00:00:00-05:00,31.760041311601324,31.846347748828833,31.414825439453125,31.414825439453125,5400,0.0,0.0
2017-02-01 00:00:00-05:00,31.587430098349053,31.587430098349053,31.199062673767845,31.457975387573242,7600,0.0,0.0
2017-02-02 00:00:00-05:00,31.457975711264854,31.932649573501273,31.15590813183891,31.716888427734375,8000,0.0,0.0
2017-02-03 00:00:00-05:00,31.846348473225493,32.96830584467228,31.552913164485194,32.79569625854492,26000,0.0,0.0
2017-02-06 00:00:00-05:00,32.88199883850454,32.88199883850454,32.66623768262917,32.70939254760742,4600,0.0,0.0
2017-02-07 00:00:00-05:00,32.821586642065085,34.52178563827123,32.75254478276064,33.65874099731445,5700,0.0,0.0
2017-02-08 00:00:00-05:00,33.6587407150809,33.6587407150809,32.105261032835664,33.6155891418457,3500,0.0,0.0
2017-02-09 00:00:00-05:00,33.05460543570121,33.61558570720317,32.4073220265468,32.838844299316406,2100,0.0,0.0
2017-02-10 00:00:00-05:00,33.054610951223424,33.52928487202378,32.49363387837,33.4429817199707,3500,0.0,0.0
2017-02-13 00:00:00-05:00,33.57243978847389,34.521787631436716,33.149546441396936,34.306026458740234,27600,0.0,0.0
2017-02-14 00:00:00-05:00,34.26287135621739,34.34917449951172,33.91765219853229,34.34917449951172,11700,0.0,0.0
2017-02-15 00:00:00-05:00,34.30602117303409,34.392324311913825,33.74504089355469,33.74504089355469,2500,0.0,0.0
2017-02-16 00:00:00-05:00,33.960802925157125,34.30602207425238,33.960802925157125,34.21971893310547,2300,0.0,0.0
2017-02-17 00:00:00-05:00,34.18520072879088,34.306026458740234,33.87450411334728,34.306026458740234,5200,0.0,0.0
2017-02-21 00:00:00-05:00,34.30602617900808,34.39232933048126,34.176568159544104,34.262874603271484,2600,0.0,0.0
2017-02-22 00:00:00-05:00,34.43548419847205,34.43548419847205,33.78820068566058,34.262874603271484,8700,0.0,0.0
2017-02-23 00:00:00-05:00,34.13341686213221,34.39232961091714,34.13341686213221,34.306026458740234,2700,0.0,0.0
2017-02-24 00:00:00-05:00,34.13341875988408,34.34917994457646,33.74504796898691,34.090267181396484,4300,0.0,0.0
2017-02-27 00:00:00-05:00,33.917655689435726,34.306026458740234,33.87450411334728,34.306026458740234,17500,0.0,0.0
2017-02-28 00:00:00-05:00,34.478637691801964,34.478637691801964,33.65874453819005,34.047115325927734,24600,0.0,0.0
2017-03-01 00:00:00-05:00,34.13341437459281,34.1765659475365,34.00395965576172,34.00395965576172,2500,0.0,0.0
2017-03-02 00:00:00-05:00,34.39233152306406,34.39233152306406,33.01146125793457,34.090267181396484,6400,0.0,0.0
2017-03-03 00:00:00-05:00,34.090266904064286,34.090266904064286,33.745047694463146,34.047115325927734,1500,0.0,0.0
2017-03-06 00:00:00-05:00,33.9176575751917,34.41822510396014,33.9176575751917,34.090267181396484,9700,0.0,0.0
2017-03-07 00:00:00-05:00,34.09026280164911,34.521785115594035,33.78819849878926,34.00395965576172,9800,0.0,0.0
2017-03-08 00:00:00-05:00,34.04711340464843,35.34168042921868,33.83135223388672,33.83135223388672,9400,0.0,0.0
2017-03-09 00:00:00-05:00,33.701898035611656,33.78820448905418,33.14092090338077,33.39983367919922,44900,0.0,0.0
2017-03-10 00:00:00-05:00,33.48703334161289,33.83585459574439,33.399825533101705,33.57423782348633,8900,0.4,0.0
2017-03-13 00:00:00-04:00,33.53063635445836,33.57423859639885,32.484165914697584,33.356224060058594,12900,0.0,0.0
2017-03-14 00:00:00-04:00,33.39983037953689,33.39983037953689,32.658582196141666,33.312625885009766,11200,0.0,0.0
2017-03-15 00:00:00-04:00,33.26901755207946,34.882323692188116,33.26901755207946,33.9666633605957,22700,0.0,0.0
2017-03-16 00:00:00-04:00,34.05386560274826,34.62070465617529,33.05100085844166,34.53349685668945,12600,0.0,0.0
2017-03-17 00:00:00-04:00,34.315486430192244,35.40555910366262,33.00739922202779,33.39982604980469,54600,0.0,0.0
2017-03-20 00:00:00-04:00,34.05387659777145,34.70792033521894,33.81842045309374,34.6643180847168,22200,0.0,0.0
2017-03-21 00:00:00-04:00,34.31549424004647,34.577114402531656,34.01027515266515,34.44630432128906,48200,0.0,0.0
2017-03-22 00:00:00-04:00,34.053867850251464,34.18467789479478,33.74864884850056,33.87945556640625,8600,0.0,0.0
2017-03-23 00:00:00-04:00,33.44343078939109,33.879459891347366,33.05972637725927,33.79225540161133,10000,0.0,0.0
2017-03-24 00:00:00-04:00,33.74865293995277,34.01026973411839,33.43471145629883,33.43471145629883,3600,0.0,0.0
2017-03-27 00:00:00-04:00,33.53063456109823,33.92306137084961,32.87659098705849,33.92306137084961,8800,0.0,0.0
2017-03-28 00:00:00-04:00,33.57424112722134,34.05387247799689,33.173095148510015,33.66144561767578,27100,0.0,0.0
2017-03-29 00:00:00-04:00,33.66144664492272,33.70505221811872,32.74578616065562,33.487037658691406,3500,0.0,0.0
2017-03-30 00:00:00-04:00,33.3562204999236,33.83585176335318,32.77194320167825,33.22541046142578,14000,0.0,0.0
2017-03-31 00:00:00-04:00,33.39982983893757,33.57424215180706,33.39982983893757,33.487037658691406,1800,0.0,0.0
2017-04-03 00:00:00-04:00,33.66144440128886,33.66144440128886,32.78938622170482,32.96379852294922,12600,0.0,0.0
2017-04-04 00:00:00-04:00,33.094608580542,33.2690208817864,32.920196279297606,32.96379852294922,5400,0.0,0.0
2017-04-05 00:00:00-04:00,33.007401276432304,33.31262363998395,32.74578448384376,32.87659454345703,6200,0.0,0.0
2017-04-06 00:00:00-04:00,32.920199801675956,33.138214369898975,31.91733145719474,33.09461212158203,24500,0.0,0.0
2017-04-07 00:00:00-04:00,33.00740513773226,33.347510667185695,32.48417149134581,32.789390563964844,4500,0.0,0.0
2017-04-10 00:00:00-04:00,32.83298718445112,32.83298718445112,32.00453136477817,32.09173583984375,4600,0.0,0.0
2017-04-11 00:00:00-04:00,31.96092912724538,32.178943641546816,31.65570681124088,32.09173583984375,4000,0.0,0.0
2017-04-12 00:00:00-04:00,32.37079774506396,32.37079774506396,31.960932674797167,32.13534164428711,3500,0.0,0.0
2017-04-13 00:00:00-04:00,32.17894322275732,32.17894322275732,30.609236078905784,31.7429141998291,1400,0.0,0.0
2017-04-17 00:00:00-04:00,31.568507024093552,31.742919326762397,31.04527011608702,31.350492477416992,7600,0.0,0.0
2017-04-18 00:00:00-04:00,31.306889979853924,31.437696710817665,31.17607992225223,31.394094467163086,4200,0.0,0.0
2017-04-19 00:00:00-04:00,31.481299121138573,31.742919237727012,30.69644875128716,30.870861053466797,18200,0.0,0.0
2017-04-20 00:00:00-04:00,31.001667785123047,31.350492389482323,30.69644875128716,30.870861053466797,8400,0.0,0.0
2017-04-21 00:00:00-04:00,30.914464234705644,31.8301246906149,30.914464234705644,31.612110137939453,2600,0.0,0.0
2017-04-24 00:00:00-04:00,31.699315741860342,31.917330302194014,31.699315741860342,31.83012580871582,12700,0.0,0.0
2017-04-25 00:00:00-04:00,32.091739907854816,32.091739907854816,31.91732760897733,32.04813766479492,7400,0.0,0.0
2017-04-26 00:00:00-04:00,31.83012558659942,32.44056701660156,31.83012558659942,32.44056701660156,3900,0.0,0.0
2017-04-27 00:00:00-04:00,33.18180921822056,33.18180921822056,32.70217794042188,33.051002502441406,1500,0.0,0.0
2017-04-28 00:00:00-04:00,33.13821029663086,33.13821029663086,32.702181213780456,33.13821029663086,7600,0.0,0.0
2017-05-01 00:00:00-04:00,33.138209273499356,33.487033859665,33.00739922202779,33.39982604980469,3500,0.0,0.0
2017-05-02 00:00:00-04:00,33.312617515925226,33.443424224853516,32.920190735865575,33.443424224853516,4400,0.0,0.0
2017-05-03 00:00:00-04:00,33.26902309926409,33.487037658691406,33.05100853983677,33.487037658691406,3500,0.0,0.0
2017-05-04 00:00:00-04:00,33.66144638710914,33.66144638710914,33.00740271383651,33.5306396484375,6500,0.0,0.0
2017-05-05 00:00:00-04:00,33.3998288196744,33.66144561767578,33.3998288196744,33.66144561767578,6300,0.0,0.0
2017-05-08 00:00:00-04:00,33.57424189466138,33.74865420619504,33.356227336903835,33.5306396484375,7400,0.0,0.0
2017-05-09 00:00:00-04:00,33.92306440479632,34.22828343599075,33.61784204696396,34.14107894897461,6500,0.0,0.0
2017-05-10 00:00:00-04:00,33.96666692118071,34.184681467110444,33.96666692118071,34.01026916503906,6700,0.0,0.0
2017-05-11 00:00:00-04:00,33.96666692118071,34.01026916503906,33.74865237525097,34.01026916503906,7700,0.0,0.0
2017-05-12 00:00:00-04:00,33.92306467732235,34.01026916503906,33.64400632466333,34.01026916503906,6100,0.0,0.0
2017-05-15 00:00:00-04:00,34.01026983261109,34.882328033447266,32.39696349171936,34.882328033447266,7600,0.0,0.0
2017-05-16 00:00:00-04:00,34.707915727952425,34.882328033447266,33.6614452216214,34.882328033447266,19900,0.0,0.0
2017-05-17 00:00:00-04:00,34.42013852573344,34.75151824951172,34.05387234861264,34.75151824951172,6900,0.0,0.0
2017-05-18 00:00:00-04:00,34.795126006182066,37.132242415932474,34.795126006182066,35.274757385253906,21800,0.0,0.0
2017-05-19 00:00:00-04:00,35.231152902277046,35.40556188241027,33.530638732873626,34.83872604370117,4600,0.0,0.0
2017-05-22 00:00:00-04:00,35.013136534263914,35.318355560302734,34.48989964109151,35.318355560302734,4600,0.0,0.0
2017-05-23 00:00:00-04:00,35.274755429649765,35.31835767503207,34.489901706216045,34.707916259765625,6000,0.0,0.0
2017-05-24 00:00:00-04:00,34.92593574144765,36.408435580096665,33.79226056835319,34.44630432128906,3500,0.0,0.0
2017-05-25 00:00:00-04:00,34.66431517819241,35.40556335449219,34.010271495585,35.40556335449219,6400,0.0,0.0
2017-05-26 00:00:00-04:00,35.18754550535016,36.45203050555278,35.013136534263914,35.318355560302734,4200,0.0,0.0
2017-05-30 00:00:00-04:00,35.53637724284884,36.93166925178994,34.141085233907745,34.44630432128906,8500,0.0,0.0
2017-05-31 00:00:00-04:00,36.58283629390178,36.58283629390178,34.22827886582933,34.271881103515625,2800,0.0,0.0
2017-06-01 00:00:00-04:00,34.48990117774338,36.14681308998734,34.402696688314975,34.882328033447266,7800,0.0,0.0
2017-06-02 00:00:00-04:00,35.10034170495459,36.19041442871094,34.5335025579461,36.19041442871094,5900,0.0,0.0
2017-06-05 00:00:00-04:00,35.97240254340722,36.408431665145486,34.96953423275392,35.40556335449219,12200,0.0,0.0
2017-06-06 00:00:00-04:00,35.40555669802271,35.40555669802271,34.05386734008789,34.05386734008789,11100,0.0,0.0
2017-06-07 00:00:00-04:00,34.271886627534336,34.882328033447266,34.22828438282013,34.882328033447266,4500,0.0,0.0
2017-06-08 00:00:00-04:00,34.79511692850956,34.88232140135799,33.92305889347561,34.53349685668945,12000,0.0,0.0
2017-06-09 00:00:00-04:00,34.664313483238224,34.882328033447266,34.53350342245758,34.882328033447266,5900,0.0,0.0
2017-06-12 00:00:00-04:00,34.664313759388605,34.88232831133445,34.22828465549693,34.75151824951172,10200,0.0,0.0
2017-06-13 00:00:00-04:00,34.75151622169576,34.882326275885475,34.359092712402344,34.359092712402344,16200,0.0,0.0
2017-06-14 00:00:00-04:00,34.53350092319925,35.57997135379512,34.09747185433745,34.489898681640625,8400,0.0,0.0
2017-06-15 00:00:00-04:00,34.48990206874364,35.972401713791136,34.402697577062426,35.710784912109375,11500,0.0,0.0
2017-06-16 00:00:00-04:00,36.10321287307336,36.10321287307336,35.318359117582894,35.361961364746094,10100,0.0,0.0
2017-06-19 00:00:00-04:00,35.62357817436351,36.408431929853975,35.30091755338997,35.361961364746094,12500,0.0,0.0
2017-06-20 00:00:00-04:00,36.08577130888044,36.62644649230819,35.361961364746094,35.361961364746094,10800,0.0,0.0
2017-06-21 00:00:00-04:00,35.361954492006035,35.928793574874796,35.14393997192383,35.14393997192383,10300,0.0,0.0
2017-06-22 00:00:00-04:00,35.3619550054152,36.32122090368672,34.70791143567273,34.96952819824219,10500,0.0,0.0
2017-06-23 00:00:00-04:00,34.707914767855385,35.31835615688217,33.18181295860739,34.14107894897461,407100,0.0,0.0
2017-06-26 00:00:00-04:00,34.359099818219704,35.318362658536884,34.184687485442424,34.44630432128906,25700,0.0,0.0
2017-06-27 00:00:00-04:00,34.838731238378294,35.01314357115557,34.359099818219704,34.44630432128906,25700,0.0,0.0
2017-06-28 00:00:00-04:00,34.57710874138819,34.96953226758925,34.57710874138819,34.92593002319336,16800,0.0,0.0
2017-06-29 00:00:00-04:00,35.05674275641543,35.05674275641543,34.22828674316406,34.22828674316406,19000,0.0,0.0
2017-06-30 00:00:00-04:00,34.40269694009199,34.88232828873448,34.01027008151611,34.83872604370117,6200,0.0,0.0
2017-07-03 00:00:00-04:00,34.88232371959824,34.96952819824219,34.32420707234669,34.96952819824219,4500,0.0,0.0
2017-07-05 00:00:00-04:00,34.2718831182558,36.05960158158846,34.2718831182558,35.928794860839844,12100,0.0,0.0
2017-07-06 00:00:00-04:00,36.146814857430165,36.146814857430165,34.96953423275392,35.40556335449219,4300,0.0,0.0
2017-07-07 00:00:00-04:00,35.62357503210299,36.62644326158734,34.70791461589089,36.23401641845703,13700,0.0,0.0
2017-07-10 00:00:00-04:00,36.01600135468026,36.539238246837435,35.75438457192061,36.40842819213867,9100,0.0,0.0
2017-07-11 00:00:00-04:00,36.495632677512596,36.495632677512596,35.57997227453489,36.40842819213867,15800,0.0,0.0
2017-07-12 00:00:00-04:00,36.626441955566406,36.95782498090869,36.32122293659181,36.626441955566406,12600,0.0,0.0
2017-07-13 00:00:00-04:00,36.582844037687416,36.626446284603354,35.719504911543815,36.539241790771484,12400,0.0,0.0
2017-07-14 00:00:00-04:00,36.277617368191606,36.67004419732881,36.190412884666806,36.626441955566406,16100,0.0,0.0
2017-07-17 00:00:00-04:00,36.36482698524733,36.40842922917624,35.824151841925385,36.146812438964844,4300,0.0,0.0
2017-07-18 00:00:00-04:00,36.146812714450924,36.19041495871213,36.0160026550293,36.0160026550293,4300,0.0,0.0
2017-07-19 00:00:00-04:00,35.36195849332852,36.19041442871094,35.23115176246053,36.19041442871094,2800,0.0,0.0
2017-07-20 00:00:00-04:00,35.79798758283106,36.539239030968155,35.79798758283106,36.19041442871094,8100,0.0,0.0
2017-07-21 00:00:00-04:00,36.408427670931395,36.670044449945856,36.27761761810525,36.58283996582031,18700,0.0,0.0
2017-07-24 00:00:00-04:00,36.45203096168076,36.62644326158734,36.23401641845703,36.23401641845703,13200,0.0,0.0
2017-07-25 00:00:00-04:00,36.62644825639955,37.06247740230907,36.61772913720225,36.93166732788086,13900,0.0,0.0
2017-07-26 00:00:00-04:00,36.626441688530655,37.06247075625126,36.626441688530655,36.75725173950195,2600,0.0,0.0
2017-07-27 00:00:00-04:00,36.97526786140048,37.0624723480348,35.667180602058075,36.23401641845703,4000,0.0,0.0
2017-07-28 00:00:00-04:00,35.527650206021974,36.931661021737156,35.527650206021974,35.53636932373047,2500,0.0,0.0
2017-07-31 00:00:00-04:00,35.797986101277,36.8008542962828,35.53636932373047,35.53636932373047,5700,0.0,0.0
2017-08-01 00:00:00-04:00,35.79799193326206,37.062477111816406,35.75438968434053,37.062477111816406,9200,0.0,0.0
2017-08-02 00:00:00-04:00,37.062473962715956,37.062473962715956,35.79798889160156,35.79798889160156,1900,0.0,0.0
2017-08-03 00:00:00-04:00,36.05960897836749,36.844462770404235,35.754389907374524,35.97240447998047,4800,0.0,0.0
2017-08-04 00:00:00-04:00,35.92880223078696,36.32122912680533,35.71078765818101,35.97240447998047,6300,0.0,0.0
2017-08-07 00:00:00-04:00,35.75438664638481,36.45203254976714,35.75438664638481,35.79798889160156,4700,0.0,0.0
2017-08-08 00:00:00-04:00,35.88518881421508,36.713641270994685,35.49276204031891,35.841583251953125,10700,0.0,0.0
2017-08-09 00:00:00-04:00,35.18754798210772,36.45203307131406,35.18754798210772,35.710784912109375,2300,0.0,0.0
2017-08-10 00:00:00-04:00,36.66132538685333,36.66132538685333,35.492767333984375,35.492767333984375,10400,0.0,0.0
2017-08-11 00:00:00-04:00,35.44916229602146,35.70205661107226,34.92592545184163,35.14393997192383,9100,0.0,0.0
2017-08-14 00:00:00-04:00,35.44916811042761,35.88519722210992,35.44916811042761,35.710784912109375,8800,0.0,0.0
2017-08-15 00:00:00-04:00,35.53636905655731,36.19041265882524,35.492766815067014,35.667179107666016,5400,0.0,0.0
2017-08-16 00:00:00-04:00,35.36196029210827,36.10321177795108,35.36196029210827,35.710784912109375,5600,0.0,0.0
2017-08-17 00:00:00-04:00,35.14394680229188,35.63230061977908,35.05674230796548,35.361961364746094,9400,0.0,0.0
2017-08-18 00:00:00-04:00,34.795127118563734,35.97240447998047,34.795127118563734,35.97240447998047,15100,0.0,0.0
2017-08-21 00:00:00-04:00,35.972402804945546,35.972402804945546,35.361961364746094,35.361961364746094,1900,0.0,0.0
2017-08-22 00:00:00-04:00,36.10321151935808,36.408430564694285,35.62357683863247,35.75438690185547,3300,0.0,0.0
2017-08-23 00:00:00-04:00,35.44916356481952,35.928794860839844,35.44916356481952,35.928794860839844,1800,0.0,0.0
2017-08-24 00:00:00-04:00,35.92879588324563,35.92879588324563,35.143942229869005,35.667179107666016,5600,0.0,0.0
2017-08-25 00:00:00-04:00,35.4927694393602,35.88519629506409,34.446298933029176,34.882328033447266,8200,0.0,0.0
2017-08-28 00:00:00-04:00,35.14394281665843,35.14394281665843,34.315486907958984,34.315486907958984,1600,0.0,0.0
2017-08-29 00:00:00-04:00,33.181814874941594,35.14394588586421,32.96380031817241,34.62071228027344,6700,0.0,0.0
2017-08-30 00:00:00-04:00,33.35622593847508,35.05674008301905,33.35622593847508,34.92593002319336,14600,0.0,0.0
2017-08-31 00:00:00-04:00,35.49276907061878,36.27761944723456,35.49276907061878,36.0160026550293,3300,0.0,0.0
2017-09-01 00:00:00-04:00,35.18754473590989,35.53636932373047,35.100340252273654,35.53636932373047,2900,0.0,0.0
2017-09-05 00:00:00-04:00,34.882326275885475,34.882326275885475,34.14107817317806,34.359092712402344,2300,0.0,0.0
2017-09-06 00:00:00-04:00,35.10906719387644,35.10906719387644,34.184687485442424,34.44630432128906,5500,0.0,0.0
2017-09-07 00:00:00-04:00,34.184675877300535,34.847438524832604,34.0974680772059,34.57710266113281,7400,0.0,0.0
2017-09-08 00:00:00-04:00,34.559672836590074,34.577114402531656,34.2282897369771,34.44630432128906,3000,0.0,0.0
2017-09-11 00:00:00-04:00,34.84273195944911,35.32726992062421,34.23485742932065,34.93083190917969,3300,0.4,0.0
2017-09-12 00:00:00-04:00,36.340402007102966,36.340402007102966,34.5784431219101,35.23917770385742,7900,0.0,0.0
2017-09-13 00:00:00-04:00,35.50347007731893,36.560646057128906,35.062980365787254,36.560646057128906,25600,0.0,0.0
2017-09-14 00:00:00-04:00,36.29635290234386,36.69279431485632,35.85586319081219,36.560646057128906,5800,0.0,0.0
2017-09-15 00:00:00-04:00,36.73684310913086,36.73684310913086,36.384449990886935,36.73684310913086,11900,0.0,0.0
2017-09-18 00:00:00-04:00,36.73684460582837,38.014265510668764,36.69279630442077,37.48567581176758,4700,0.0,0.0
2017-09-19 00:00:00-04:00,37.17733107834357,37.92616221856096,37.17733107834357,37.74996566772461,1900,0.0,0.0
2017-09-20 00:00:00-04:00,36.736848337570834,37.3975830078125,36.736848337570834,37.3975830078125,2600,0.0,0.0
2017-09-21 00:00:00-04:00,37.57378005981445,37.57378005981445,37.57378005981445,37.57378005981445,1000,0.0,0.0
2017-09-22 00:00:00-04:00,37.57377345549353,38.058311462402344,37.432816883289696,38.058311462402344,3900,0.0,0.0
2017-09-25 00:00:00-04:00,37.617828366244915,38.05831815189024,37.35353516699179,37.57378005981445,2000,0.0,0.0
2017-09-26 00:00:00-04:00,38.058313949795554,39.467879763959466,38.058313949795554,39.291683197021484,3100,0.0,0.0
2017-09-27 00:00:00-04:00,39.33573204763627,41.47651228534058,39.29168038854799,39.6881217956543,23900,0.0,0.0
2017-09-28 00:00:00-04:00,39.600031870449946,39.600031870449946,39.009773818054406,39.24763870239258,7800,0.0,0.0
2017-09-29 00:00:00-04:00,38.763094323421505,39.07143577490809,37.70591835155788,38.058311462402344,7900,0.0,0.0
2017-10-02 00:00:00-04:00,38.27856352160187,38.27856352160187,37.089239069140206,37.83807373046875,9600,0.0,0.0
2017-10-03 00:00:00-04:00,38.058311956693665,38.9833396838372,38.058311956693665,38.2345085144043,7500,0.0,0.0
2017-10-04 00:00:00-04:00,38.41070121257704,39.555977142486675,37.79401830960388,38.058311462402344,41500,0.0,0.0
2017-10-05 00:00:00-04:00,37.97022247732736,38.304995693308356,37.88212585449219,37.88212585449219,14600,0.0,0.0
2017-10-06 00:00:00-04:00,38.877626491715255,38.877626491715255,37.61782553087115,38.10236358642578,21000,0.0,0.0
2017-10-09 00:00:00-04:00,38.014262174313984,38.014262174313984,37.15089941128282,37.74996566772461,6700,0.0,0.0
2017-10-10 00:00:00-04:00,37.88211823862587,38.05831480954419,37.88211823862587,37.97021484375,26300,0.0,0.0
2017-10-11 00:00:00-04:00,37.52972179613564,38.45475287193493,37.52972179613564,38.058311462402344,12100,0.0,0.0
2017-10-12 00:00:00-04:00,38.14641090684192,38.14641090684192,37.66187286376953,37.66187286376953,12400,0.0,0.0
2017-10-13 00:00:00-04:00,37.74996665024599,38.14640805977857,37.48567349744753,38.058311462402344,16400,0.0,0.0
2017-10-16 00:00:00-04:00,38.10236310531072,38.30498798559613,37.88211823186962,37.92616653442383,20200,0.0,0.0
2017-10-17 00:00:00-04:00,37.88211639574216,38.71904754638672,37.88211639574216,38.71904754638672,2100,0.0,0.0
2017-10-18 00:00:00-04:00,38.983342578119924,38.983342578119924,37.44162846486095,37.79402160644531,4100,0.0,0.0
2017-10-19 00:00:00-04:00,38.2785530090332,38.2785530090332,38.23450471415111,38.2785530090332,1300,0.0,0.0
2017-10-20 00:00:00-04:00,38.71905088662901,38.71905088662901,37.92616796800268,38.54285430908203,5400,0.0,0.0
2017-10-23 00:00:00-04:00,37.882114896379036,38.27855630580068,37.60901006751751,38.01426315307617,3300,0.0,0.0
2017-10-24 00:00:00-04:00,37.61782356116689,38.05831329054666,37.001137267901214,37.17733383178711,2300,0.0,0.0
2017-10-25 00:00:00-04:00,37.794025423489515,37.83807373046875,36.868994173573654,37.83807373046875,5900,0.0,0.0
2017-10-26 00:00:00-04:00,37.70592498779297,37.79402496134455,37.39758348203835,37.70592498779297,5600,0.0,0.0
2017-10-27 00:00:00-04:00,35.988009700164234,38.983341217041016,35.988009700164234,38.983341217041016,2700,0.0,0.0
2017-10-30 00:00:00-04:00,38.67500061256,38.67500061256,36.560648511027736,37.66187286376953,2400,0.0,0.0
2017-10-31 00:00:00-04:00,37.045184299517715,38.36665344238281,37.045184299517715,38.36665344238281,5400,0.0,0.0
2017-11-01 00:00:00-04:00,37.30948350848677,38.172846445940436,37.22138689560555,37.70592498779297,4300,0.0,0.0
2017-11-02 00:00:00-04:00,37.529723759595235,38.983341217041016,37.42400716507898,38.983341217041016,1600,0.0,0.0
2017-11-03 00:00:00-04:00,38.807148963629665,38.807148963629665,37.44163131713867,37.44163131713867,4200,0.0,0.0
2017-11-06 00:00:00-05:00,37.79402210398286,38.27856015953749,37.61782553087115,38.10236358642578,5500,0.0,0.0
2017-11-07 00:00:00-05:00,37.987837703601,38.54285576764275,37.44163131713867,37.44163131713867,2500,0.0,0.0
2017-11-08 00:00:00-05:00,37.35353424047105,38.27856209524768,37.30948257446289,37.30948257446289,5100,0.0,0.0
2017-11-09 00:00:00-05:00,38.23451087146328,38.630948949914306,37.49448797199398,37.66187286376953,1400,0.0,0.0
2017-11-10 00:00:00-05:00,37.001140114789955,37.001140114789955,36.7808952331543,36.7808952331543,2700,0.0,0.0
2017-11-13 00:00:00-05:00,36.95708796786585,36.95708796786585,35.247985713253605,36.73684310913086,3500,0.0,0.0
2017-11-14 00:00:00-05:00,37.15972083707708,38.76310348510742,37.15972083707708,38.76310348510742,3400,0.0,0.0
2017-11-15 00:00:00-05:00,38.2345137817161,38.2345137817161,36.95709276316962,37.22138595581055,3200,0.0,0.0
2017-11-16 00:00:00-05:00,37.26543473292396,37.44163131713867,36.95709323105094,37.44163131713867,3800,0.0,0.0
2017-11-17 00:00:00-05:00,36.95709276316962,37.441630843123036,36.95709276316962,37.22138595581055,3100,0.0,0.0
2017-11-20 00:00:00-05:00,37.0892386070683,37.88212156549803,36.957093687776926,37.57378005981445,2600,0.0,0.0
2017-11-21 00:00:00-05:00,37.30947824201541,37.838067926699985,36.957088479562245,37.001136779785156,11800,0.0,0.0
2017-11-22 00:00:00-05:00,37.13328790662716,37.13328790662716,36.604698181152344,36.604698181152344,4300,0.0,0.0
2017-11-24 00:00:00-05:00,36.82494957711639,37.88212585449219,36.56065634794013,37.88212585449219,5500,0.0,0.0
2017-11-27 00:00:00-05:00,37.529723103799846,37.882116226922896,36.78089191800072,37.001136779785156,9600,0.0,0.0
2017-11-28 00:00:00-05:00,37.22138265050548,37.52972412109375,36.78089291499654,37.52972412109375,6500,0.0,0.0
2017-11-29 00:00:00-05:00,37.39758770755725,37.88212585449219,37.13329447838098,37.88212585449219,3900,0.0,0.0
2017-11-30 00:00:00-05:00,37.838072751503745,40.17266656770527,37.74997277915424,39.24763870239258,15700,0.0,0.0
2017-12-01 00:00:00-05:00,39.555977142486675,39.58240544956559,38.058311462402344,38.058311462402344,2000,0.0,0.0
2017-12-04 00:00:00-05:00,38.76309620314968,38.76309620314968,37.26543045043945,37.26543045043945,4000,0.0,0.0
2017-12-05 00:00:00-05:00,38.32260513305664,38.71904654794636,37.353529106143824,38.32260513305664,33700,0.0,0.0
2017-12-06 00:00:00-05:00,38.10236260486625,38.58690064793864,37.66187286376953,37.66187286376953,8400,0.0,0.0
2017-12-07 00:00:00-05:00,37.794027242247964,39.53836649579733,37.794027242247964,38.76310348510742,6100,0.0,0.0
2017-12-08 00:00:00-05:00,38.32260461520081,38.49880117062304,37.926163205668225,38.058311462402344,3200,0.0,0.0
2017-12-11 00:00:00-05:00,37.35353667586478,37.35353667586478,36.516605377197266,36.516605377197266,800,0.0,0.0
2017-12-12 00:00:00-05:00,36.82494070401531,37.79402012505278,36.47255093691345,37.17733383178711,1500,0.0,0.0
2017-12-13 00:00:00-05:00,37.573779595467286,37.573779595467286,37.44163131713867,37.44163131713867,2000,0.0,0.0
2017-12-14 00:00:00-05:00,36.10254296889705,37.39758403350389,36.10254296889705,36.12016296386719,6400,0.0,0.0
2017-12-15 00:00:00-05:00,36.208251729078476,37.74996566772461,36.07610683645348,37.74996566772461,38800,0.0,0.0
2017-12-18 00:00:00-05:00,37.57378431389834,37.88212585449219,37.13329447838098,37.88212585449219,3400,0.0,0.0
2017-12-19 00:00:00-05:00,37.203761134234696,37.88211570241886,36.73684310913086,36.73684310913086,3100,0.0,0.0
2017-12-20 00:00:00-05:00,37.17733052089738,37.882113353005415,36.78088912762735,37.3535270690918,17600,0.0,0.0
2017-12-21 00:00:00-05:00,37.441627993221175,37.66187286376953,37.02756656117585,37.66187286376953,4200,0.0,0.0
2017-12-22 00:00:00-05:00,37.04518508911133,37.661871374393264,36.780891927039036,37.04518508911133,4900,0.0,0.0
2017-12-26 00:00:00-05:00,37.26542944548556,37.61782256391538,36.8249397277832,36.8249397277832,5500,0.0,0.0
2017-12-27 00:00:00-05:00,37.001136779785156,37.22138164156959,36.91304017933933,37.001136779785156,9000,0.0,0.0
2017-12-28 00:00:00-05:00,37.133285530983116,37.17733383178711,36.95708896709722,37.17733383178711,1500,0.0,0.0
2017-12-29 00:00:00-05:00,37.177333323009805,37.177333323009805,36.60469533838476,36.91304016113281,6000,0.0,0.0
2018-01-02 00:00:00-05:00,37.08042742125213,37.08042742125213,36.12015962841146,36.296356201171875,28300,0.0,0.0
2018-01-03 00:00:00-05:00,36.516604444487136,36.73684934058094,35.67967316719659,36.032066345214844,35100,0.0,0.0
2018-01-04 00:00:00-05:00,35.72372007269198,36.03206493152791,35.371330269169846,35.45942687988281,19400,0.0,0.0
2018-01-05 00:00:00-05:00,35.76776225364333,36.208251953125,34.97488281097816,36.208251953125,37000,0.0,0.0
2018-01-08 00:00:00-05:00,33.56532039487528,36.21707079220034,33.56532039487528,35.988014221191406,15700,0.0,0.0
2018-01-09 00:00:00-05:00,35.85586929321289,36.78089717272827,35.72372101299482,35.85586929321289,10100,0.0,0.0
2018-01-10 00:00:00-05:00,35.89991247968481,37.04518508911133,35.45942275600769,37.04518508911133,23400,0.0,0.0
2018-01-11 00:00:00-05:00,36.824944952722326,37.44163131713867,36.736848340950125,37.44163131713867,18300,0.0,0.0
2018-01-12 00:00:00-05:00,37.48567628787216,37.61782455444336,37.44162798590509,37.61782455444336,11100,0.0,0.0
2018-01-16 00:00:00-05:00,38.14641477353978,38.14641477353978,37.450440105498934,37.70592498779297,5600,0.0,0.0
2018-01-17 00:00:00-05:00,36.3404041177819,37.99664650704661,36.2963558152277,37.92616653442383,8300,0.0,0.0
2018-01-18 00:00:00-05:00,37.66187187919656,37.97021334563546,36.868989021682346,37.26543045043945,5800,0.0,0.0
2018-01-19 00:00:00-05:00,37.04519449487507,37.88212585449219,37.04519449487507,37.88212585449219,4800,0.0,0.0
2018-01-22 00:00:00-05:00,37.44162798590509,37.61782455444336,37.177334813432715,37.61782455444336,4400,0.0,0.0
2018-01-23 00:00:00-05:00,37.221391101216156,37.88212585449219,37.07162617026221,37.88212585449219,2200,0.0,0.0
2018-01-24 00:00:00-05:00,37.705917370182945,38.10235876939731,37.653060757400816,37.74996566772461,6300,0.0,0.0
2018-01-25 00:00:00-05:00,37.529725096789235,38.01426650698213,37.133287013060595,37.97021484375,13600,0.0,0.0
2018-01-26 00:00:00-05:00,38.10236358642578,38.10236358642578,37.265432384647724,38.10236358642578,17500,0.0,0.0
2018-01-29 00:00:00-05:00,37.61783262531592,38.01427414941569,37.15972279309739,37.88212585449219,6300,0.0,0.0
2018-01-30 00:00:00-05:00,37.591393392510135,37.97021484375,37.591393392510135,37.97021484375,1900,0.0,0.0
2018-01-31 00:00:00-05:00,37.37995969832124,38.14641090684192,37.37995969832124,37.66187286376953,3300,0.0,0.0
2018-02-01 00:00:00-05:00,37.794021122981626,37.794021122981626,37.04518654686151,37.61782455444336,6300,0.0,0.0
2018-02-02 00:00:00-05:00,36.98351679665012,38.102361098070375,36.98351679665012,37.04518508911133,14200,0.0,0.0
2018-02-05 00:00:00-05:00,36.868987998210166,38.14640885066895,36.25230508245131,36.69279479980469,6200,0.0,0.0
2018-02-06 00:00:00-05:00,36.03206625895705,38.23451521462263,36.03206625895705,37.83807373046875,10600,0.0,0.0
2018-02-07 00:00:00-05:00,37.55615526790731,37.55615526790731,36.68398412504058,37.17733383178711,6700,0.0,0.0
2018-02-08 00:00:00-05:00,37.0451908554419,37.0451908554419,35.8558697606559,36.12016296386719,18600,0.0,0.0
2018-02-09 00:00:00-05:00,36.12016249297866,36.5606522794784,35.811820986696986,35.85586929321289,25100,0.0,0.0
2018-02-12 00:00:00-05:00,35.7237210157913,35.89991760253906,34.66654485597509,35.89991760253906,8700,0.0,0.0
2018-02-13 00:00:00-05:00,35.547521607107626,37.3094806133716,35.239180125279475,36.296356201171875,11700,0.0,0.0
2018-02-14 00:00:00-05:00,35.85586786283735,37.30948208389616,35.85586786283735,36.95709228515625,10400,0.0,0.0
2018-02-15 00:00:00-05:00,36.95709276316962,37.22138595581055,35.591575133966245,37.22138595581055,59500,0.0,0.0
2018-02-16 00:00:00-05:00,36.95709323105094,37.44163131713867,36.81613663581323,37.44163131713867,7500,0.0,0.0
2018-02-20 00:00:00-05:00,37.35353572409854,37.35353572409854,36.076114654541016,36.076114654541016,5700,0.0,0.0
2018-02-21 00:00:00-05:00,36.780896646836226,37.44163131713867,36.51660345084931,37.44163131713867,4800,0.0,0.0
2018-02-22 00:00:00-05:00,37.22138642361399,37.44163131369455,36.560651753372326,37.3975830078125,5000,0.0,0.0
2018-02-23 00:00:00-05:00,37.441627993221175,37.66187286376953,37.35353138926984,37.66187286376953,7800,0.0,0.0
2018-02-26 00:00:00-05:00,37.52971855335961,38.2785530090332,37.44162196359541,38.2785530090332,5900,0.0,0.0
2018-02-27 00:00:00-05:00,38.102355836482474,39.644069656455756,38.102355836482474,39.60002136230469,11800,0.0,0.0
2018-02-28 00:00:00-05:00,39.02739090858985,39.7762254948252,37.97021484375,37.97021484375,13300,0.0,0.0
2018-03-01 00:00:00-05:00,38.410710290974585,39.20359329743819,37.882123860445894,38.76310348510742,11800,0.0,0.0
2018-03-02 00:00:00-05:00,37.838075551346925,40.17266954029765,37.838075551346925,38.76310348510742,26400,0.0,0.0
2018-03-05 00:00:00-05:00,38.54285197311573,40.04051775049079,38.54285197311573,39.20358657836914,15300,0.0,0.0
2018-03-06 00:00:00-05:00,39.02739238715236,39.73217533685645,38.23451282898658,38.630950927734375,15800,0.0,0.0
2018-03-07 00:00:00-05:00,38.67500120015724,40.08456704881456,38.322608057657874,39.64407730102539,26500,0.0,0.0
2018-03-08 00:00:00-05:00,39.864314487880506,40.084559319305264,38.54284549933198,39.60002136230469,9000,0.0,0.0
2018-03-09 00:00:00-05:00,40.08456370316816,40.08456370316816,39.740982266276745,39.86431884765625,5700,0.0,0.0
2018-03-12 00:00:00-04:00,40.14022959423642,40.27373504638672,36.93613269447622,40.27373504638672,4900,0.46,0.0
2018-03-13 00:00:00-04:00,39.33920379520168,40.71874530689004,39.33920379520168,39.47270584106445,9300,0.0,0.0
2018-03-14 00:00:00-04:00,39.8287195971145,40.700945898187825,39.51721141643993,40.62974548339844,9400,0.0,0.0
2018-03-15 00:00:00-04:00,40.1847321003218,40.71874709762669,39.60621302392104,40.540740966796875,6800,0.0,0.0
2018-03-16 00:00:00-04:00,40.40723931930167,41.163761138916016,39.25020115492501,41.163761138916016,22900,0.0,0.0
2018-03-19 00:00:00-04:00,40.85225545643457,41.119262974118925,39.944427180159934,40.71875,11800,0.0,0.0
2018-03-20 00:00:00-04:00,40.27373347200152,40.67424641761082,40.05122665723908,40.22923278808594,6500,0.0,0.0
2018-03-21 00:00:00-04:00,39.96222372374024,40.229231211957256,38.84968969351567,40.184730529785156,25600,0.0,0.0
2018-03-22 00:00:00-04:00,39.650714215048396,40.31823466781078,39.42820739746094,39.42820739746094,6400,0.0,0.0
2018-03-23 00:00:00-04:00,39.517203577112674,40.40723065411806,39.29469680786133,39.29469680786133,13500,0.0,0.0
2018-03-26 00:00:00-04:00,39.9177198882323,40.58524031041133,38.609382169486814,40.095726013183594,7500,0.0,0.0
2018-03-27 00:00:00-04:00,39.8732163007809,40.67424210710985,39.85541535006424,39.91771697998047,6400,0.0,0.0
2018-03-28 00:00:00-04:00,40.09572825450935,40.522940941162716,39.69521529977663,40.05122756958008,10300,0.0,0.0
2018-03-29 00:00:00-04:00,40.451741184192215,40.585243241157826,40.05122822292602,40.27373504638672,11800,0.0,0.0
2018-04-02 00:00:00-04:00,40.0957352736706,40.985762708802845,39.739726336728836,39.82872772216797,2700,0.0,0.0
2018-04-03 00:00:00-04:00,40.22924074701452,40.58524968395629,39.7842270294484,39.82872772216797,17300,0.0,0.0
2018-04-04 00:00:00-04:00,40.05122217551799,40.94124933497395,39.68631117594842,40.00672149658203,12700,0.0,0.0
2018-04-05 00:00:00-04:00,39.78421494238177,40.49623599512739,39.51720747200019,39.91771697998047,10200,0.0,0.0
2018-04-06 00:00:00-04:00,40.00672753727082,40.7009477400091,40.00672753727082,40.27373504638672,9300,0.0,0.0
2018-04-09 00:00:00-04:00,40.496236288693666,41.25275802612305,40.496236288693666,41.25275802612305,6600,0.0,0.0
2018-04-10 00:00:00-04:00,41.25276473181544,41.608777016231436,40.4072414979008,41.43077087402344,6000,0.0,0.0
2018-04-11 00:00:00-04:00,39.73971925410625,41.786781311035156,39.73971925410625,41.786781311035156,8000,0.0,0.0
2018-04-12 00:00:00-04:00,40.49624028288556,41.20826141102027,40.1847321003218,40.540740966796875,6200,0.0,0.0
2018-04-13 00:00:00-04:00,40.407241448544525,40.71874965063945,39.78422164916992,39.78422164916992,8700,0.0,0.0
2018-04-16 00:00:00-04:00,40.0067262189181,40.451739851174835,38.96539255394134,40.140228271484375,15300,0.0,0.0
2018-04-17 00:00:00-04:00,40.229228524745814,40.40723463672826,39.91771697998047,39.91771697998047,10800,0.0,0.0
2018-04-18 00:00:00-04:00,40.140235966390165,41.11926818214677,39.56172017066534,39.82872772216797,12000,0.0,0.0
2018-04-19 00:00:00-04:00,39.75751427979298,40.56744230920869,39.47270584106445,39.47270584106445,7200,0.0,0.0
2018-04-20 00:00:00-04:00,39.0721998183837,40.4072407680526,39.0721998183837,39.87322235107422,8900,0.0,0.0
2018-04-23 00:00:00-04:00,39.42821151066661,40.656450222532634,39.42821151066661,40.36273956298828,10500,0.0,0.0
2018-04-24 00:00:00-04:00,40.4962389455279,40.763246435362625,39.87321920579058,40.095726013183594,6900,0.0,0.0
2018-04-25 00:00:00-04:00,40.362737687331574,41.119262948005726,38.271174839083486,41.03025817871094,8200,0.0,0.0
2018-04-26 00:00:00-04:00,41.43077375265063,41.83128675165024,39.42821215283758,41.60877990722656,9800,0.0,0.0
2018-04-27 00:00:00-04:00,40.67424959418504,41.395169557399576,39.86432486100371,40.3182373046875,7000,0.0,0.0
2018-04-30 00:00:00-04:00,40.62974890679405,41.16376394585555,40.3182373046875,40.3182373046875,2400,0.0,0.0
2018-05-01 00:00:00-04:00,40.09572733731462,40.540740966796875,39.917721206484806,40.540740966796875,1200,0.0,0.0
2018-05-02 00:00:00-04:00,40.54074449636612,40.94125747680664,39.784222618455594,40.94125747680664,6200,0.0,0.0
2018-05-03 00:00:00-04:00,39.98892502072036,40.4072389189328,39.98892502072036,40.22923278808594,5400,0.0,0.0
2018-05-04 00:00:00-04:00,40.22923782820806,41.16376588825579,40.22923782820806,40.98575973510742,3100,0.0,0.0
2018-05-07 00:00:00-04:00,40.49624510640071,41.119264940920786,40.451744417188905,41.074764251708984,2300,0.0,0.0
2018-05-08 00:00:00-04:00,40.80774687056338,40.95015109062474,40.095725770256536,40.184730529785156,11200,0.0,0.0
2018-05-09 00:00:00-04:00,40.763253826091486,41.38627367878767,40.763253826091486,40.80775451660156,3800,0.0,0.0
2018-05-10 00:00:00-04:00,41.25276069117662,41.74227838309737,40.976854423204315,41.519771575927734,8400,0.0,0.0
2018-05-11 00:00:00-04:00,41.697772059531495,41.83127749471599,41.519769339531166,41.56427001953125,7100,0.0,0.0
2018-05-14 00:00:00-04:00,41.003558497995826,41.430771205603236,40.40724182128906,40.40724182128906,6700,0.0,0.0
2018-05-15 00:00:00-04:00,40.67425244507134,40.852258602296686,40.50514506787399,40.80775451660156,7200,0.0,0.0
2018-05-16 00:00:00-04:00,40.62974215879253,41.56427001953125,40.50513550153435,41.56427001953125,8200,0.0,0.0
2018-05-17 00:00:00-04:00,41.34176611436705,41.83128041895623,41.34176611436705,41.742279052734375,7700,0.0,0.0
2018-05-18 00:00:00-04:00,42.09828949973872,42.70350831937817,40.98575540410511,41.786781311035156,12900,0.0,0.0
2018-05-21 00:00:00-04:00,41.653273629837365,41.83127975463867,41.20826001542631,41.83127975463867,9000,0.0,0.0
2018-05-22 00:00:00-04:00,41.83127749471599,42.187289725085144,41.56427001953125,41.56427001953125,8400,0.0,0.0
2018-05-23 00:00:00-04:00,41.8312781953917,42.09828567504883,39.828717005186775,42.09828567504883,7500,0.0,0.0
2018-05-24 00:00:00-04:00,42.32079405145394,42.32079405145394,41.25276069783053,41.83127975463867,11000,0.0,0.0
2018-05-25 00:00:00-04:00,41.75117561197613,42.19618920979945,41.448566229648904,42.09828567504883,7000,0.0,0.0
2018-05-29 00:00:00-04:00,41.96479031295932,42.27629852294922,41.920286229945184,42.27629852294922,1700,0.0,0.0
2018-05-30 00:00:00-04:00,42.32079313843811,42.32079313843811,41.07475708207943,42.00928497314453,7000,0.0,0.0
2018-05-31 00:00:00-04:00,41.53757320127433,42.27629750312285,41.43077087402344,41.43077087402344,2800,0.0,0.0
2018-06-01 00:00:00-04:00,41.78677949833453,42.45429992675781,41.5642726888601,42.45429992675781,2300,0.0,0.0
2018-06-04 00:00:00-04:00,42.36529700365386,42.54330313799216,40.87895308157598,41.786781311035156,7400,0.0,0.0
2018-06-05 00:00:00-04:00,41.92028178517809,42.21399240504229,41.35066489291544,41.742279052734375,14300,0.0,0.0
2018-06-06 00:00:00-04:00,41.74228181544539,42.09829069907973,41.2082633972168,41.2082633972168,15600,0.0,0.0
2018-06-07 00:00:00-04:00,39.339201645196404,41.65327093219093,39.339201645196404,41.25275802612305,11100,0.0,0.0
2018-06-08 00:00:00-04:00,40.94125050592525,41.386264098380956,40.85224914550781,40.85224914550781,4200,0.0,0.0
2018-06-11 00:00:00-04:00,40.05123014035432,41.34177045724715,40.05123014035432,40.94125747680664,9700,0.0,0.0
2018-06-12 00:00:00-04:00,40.896747126976315,40.896747126976315,40.49623424115881,40.585235595703125,11900,0.0,0.0
2018-06-13 00:00:00-04:00,40.49623780705495,41.38626501160561,40.22923032472662,40.67424392700195,13500,0.0,0.0
2018-06-14 00:00:00-04:00,40.6742515134865,41.43077342038586,40.095732364550535,40.98575973510742,9700,0.0,0.0
2018-06-15 00:00:00-04:00,40.718752529531876,41.60877990722656,40.718752529531876,41.60877990722656,13100,0.0,0.0
2018-06-18 00:00:00-04:00,41.5642766971292,42.23179718992512,41.03025826578159,42.05379104614258,1400,0.0,0.0
2018-06-19 00:00:00-04:00,41.65327316731986,43.166320118553465,41.226060509651155,42.63230514526367,18200,0.0,0.0
2018-06-20 00:00:00-04:00,42.98831310433415,43.12181854248047,42.72130562322586,43.12181854248047,5500,0.0,0.0
2018-06-21 00:00:00-04:00,43.46003233581329,43.611335338933266,41.83128083530333,42.67680740356445,19000,0.0,0.0
2018-06-22 00:00:00-04:00,42.54330674295949,43.5223388671875,41.742284163338276,43.5223388671875,60600,0.0,0.0
2018-06-25 00:00:00-04:00,43.07732411545779,43.32653068131409,41.60877766338214,41.65327835083008,26300,0.0,0.0
2018-06-26 00:00:00-04:00,41.43077187345327,42.27629852294922,41.43077187345327,42.27629852294922,12700,0.0,0.0
2018-06-27 00:00:00-04:00,41.608772947433145,42.27629336904972,41.368465188229045,41.83127975463867,7200,0.0,0.0
2018-06-28 00:00:00-04:00,41.742279052734375,41.742279052734375,41.17265876528724,41.742279052734375,5100,0.0,0.0
2018-06-29 00:00:00-04:00,41.6087772959803,42.01818904918196,41.03025817871094,41.03025817871094,5100,0.0,0.0
2018-07-02 00:00:00-04:00,41.69777365285604,41.92028045654297,41.47526684916912,41.92028045654297,1200,0.0,0.0
2018-07-03 00:00:00-04:00,41.74228376323858,41.87578582763672,40.94125779611031,41.87578582763672,2300,0.0,0.0
2018-07-05 00:00:00-04:00,41.47526816369983,41.742279052734375,41.34176611436705,41.742279052734375,1900,0.0,0.0
2018-07-06 00:00:00-04:00,41.60877069953133,41.697772059531495,41.28836037123594,41.56427001953125,6900,0.0,0.0
2018-07-09 00:00:00-04:00,41.564275676035855,41.9202845596702,41.2082633972168,41.2082633972168,4000,0.0,0.0
2018-07-10 00:00:00-04:00,41.56427249751543,42.27629360551886,41.119258880615234,41.119258880615234,9200,0.0,0.0
2018-07-11 00:00:00-04:00,41.11035425605136,42.05378428990065,41.11035425605136,41.56427001953125,6700,0.0,0.0
2018-07-12 00:00:00-04:00,41.920281126108726,42.14278793334961,41.78677907887486,42.14278793334961,2800,0.0,0.0
2018-07-13 00:00:00-04:00,42.05378655506108,42.05378655506108,41.519771575927734,41.519771575927734,1900,0.0,0.0
2018-07-16 00:00:00-04:00,41.2082633972168,41.2082633972168,41.2082633972168,41.2082633972168,1600,0.0,0.0
2018-07-17 00:00:00-04:00,41.38626390434667,41.74227613471583,41.29726254434651,41.56427001953125,3200,0.0,0.0
2018-07-18 00:00:00-04:00,41.56427921737883,41.83128675165024,41.519778527531095,41.60877990722656,2000,0.0,0.0
2018-07-19 00:00:00-04:00,41.65327362311885,41.69777430551589,41.519771575927734,41.519771575927734,2200,0.0,0.0
2018-07-20 00:00:00-04:00,41.51977380712002,42.09828949973872,39.47270835500649,41.786781311035156,4200,0.0,0.0
2018-07-23 00:00:00-04:00,43.81604473970162,43.81604473970162,40.80775143484962,42.05379104614258,2400,0.0,0.0
2018-07-24 00:00:00-04:00,41.564273584816725,42.54330220953429,41.564273584816725,41.964786529541016,1800,0.0,0.0
2018-07-25 00:00:00-04:00,42.49879950420273,42.49879950420273,41.92028045654297,41.92028045654297,1900,0.0,0.0
2018-07-26 00:00:00-04:00,41.96478718059766,42.498802185058594,41.96478718059766,42.498802185058594,800,0.0,0.0
2018-07-27 00:00:00-04:00,42.43649854185245,42.43649854185245,41.83127975463867,41.83127975463867,1600,0.0,0.0
2018-07-30 00:00:00-04:00,41.83128384519524,41.92028521870685,41.386270187267634,41.43077087402344,14100,0.0,0.0
2018-07-31 00:00:00-04:00,41.83128607168895,42.009292223371425,41.635478965319734,41.69778060913086,2900,0.0,0.0
2018-08-01 00:00:00-04:00,41.60877990722656,41.96479221637844,41.60877990722656,41.60877990722656,2900,0.0,0.0
2018-08-02 00:00:00-04:00,41.875782416397776,42.676808318273764,41.875782416397776,42.498802185058594,1600,0.0,0.0
2018-08-03 00:00:00-04:00,42.454297200269885,42.454297200269885,41.56427001953125,41.56427001953125,2300,0.0,0.0
2018-08-06 00:00:00-04:00,42.098287008302336,42.23179244995117,42.098287008302336,42.23179244995117,300,0.0,0.0
2018-08-07 00:00:00-04:00,41.875781766721985,41.964786529541016,41.608774268633965,41.964786529541016,2300,0.0,0.0
2018-08-08 00:00:00-04:00,41.920286229945184,42.27629852294922,41.60877801995529,42.27629852294922,1200,0.0,0.0
2018-08-09 00:00:00-04:00,42.23179402762903,42.23179402762903,41.920282450539226,41.964786529541016,1100,0.0,0.0
2018-08-10 00:00:00-04:00,41.25276759807469,41.724484416978676,41.25276759807469,41.60877990722656,1800,0.0,0.0
2018-08-13 00:00:00-04:00,41.83128675165024,42.05379359607391,41.60877990722656,41.60877990722656,7700,0.0,0.0
2018-08-14 00:00:00-04:00,42.329696225045446,42.329696225045446,41.83127975463867,41.83127975463867,1400,0.0,0.0
2018-08-15 00:00:00-04:00,42.0537865618442,42.231792686645505,41.83127975463867,41.83127975463867,2400,0.0,0.0
2018-08-16 00:00:00-04:00,41.920281119447104,42.0537865618442,41.83127975463867,41.83127975463867,1800,0.0,0.0
2018-08-17 00:00:00-04:00,41.69777341266659,42.18729109410559,41.69777341266659,42.00928497314453,10100,0.0,0.0
2018-08-20 00:00:00-04:00,42.14278793334961,42.14278793334961,42.14278793334961,42.14278793334961,1200,0.0,0.0
2018-08-21 00:00:00-04:00,41.83127975463867,42.32079405145394,41.83127975463867,41.83127975463867,2100,0.0,0.0
2018-08-22 00:00:00-04:00,42.009285215128365,42.40979814080171,41.92028045654297,41.92028045654297,2000,0.0,0.0
2018-08-23 00:00:00-04:00,41.78677794603573,42.40979766845703,41.78677794603573,42.40979766845703,1100,0.0,0.0
2018-08-24 00:00:00-04:00,42.142787260229895,42.187291337114786,41.92028045654297,41.92028045654297,3100,0.0,0.0
2018-08-27 00:00:00-04:00,42.00928587943998,42.09828724424841,41.83127975463867,41.83127975463867,2800,0.0,0.0
2018-08-28 00:00:00-04:00,42.231792686645505,42.231792686645505,41.83127975463867,41.83127975463867,3100,0.0,0.0
2018-08-29 00:00:00-04:00,41.9024820007319,42.09828567504883,41.8312781953917,42.09828567504883,1500,0.0,0.0
2018-08-30 00:00:00-04:00,41.96478519703576,42.00928587943998,41.83127975463867,41.83127975463867,1400,0.0,0.0
2018-08-31 00:00:00-04:00,42.05379324918108,42.32080078125,42.05379324918108,42.32080078125,2300,0.0,0.0
2018-09-04 00:00:00-04:00,42.36529474059049,42.36529474059049,42.14278793334961,42.14278793334961,3700,0.0,0.0
2018-09-05 00:00:00-04:00,42.098291733292015,42.23179718992512,42.05379104614258,42.05379104614258,1400,0.0,0.0
2018-09-06 00:00:00-04:00,42.05379104614258,42.18729650277568,42.05379104614258,42.05379104614258,1400,0.0,0.0
2018-09-07 00:00:00-04:00,42.098291733292015,42.23179718992512,42.05379104614258,42.05379104614258,4000,0.0,0.0
2018-09-10 00:00:00-04:00,41.74227815587946,42.23179244995117,41.74227815587946,42.23179244995117,2800,0.0,0.0
2018-09-11 00:00:00-04:00,42.28571237213823,42.42052473093846,42.01609108295847,42.24077606201172,14300,0.46,0.0
2018-09-12 00:00:00-04:00,42.28571237213823,42.37558842081195,42.24077606201172,42.24077606201172,4200,0.0,0.0
2018-09-13 00:00:00-04:00,42.061033522020715,42.15090958379075,41.971160888671875,41.971160888671875,2800,0.0,0.0
2018-09-14 00:00:00-04:00,40.98253880794522,42.37558842081195,40.98253880794522,42.24077606201172,3400,0.0,0.0
2018-09-17 00:00:00-04:00,42.32166279160772,42.42052473093846,42.24077606201172,42.24077606201172,2400,0.0,0.0
2018-09-18 00:00:00-04:00,42.28571237213823,42.28571237213823,42.24077606201172,42.24077606201172,2500,0.0,0.0
2018-09-19 00:00:00-04:00,42.24077606201172,42.3126769009507,42.24077606201172,42.24077606201172,3900,0.0,0.0
2018-09-20 00:00:00-04:00,42.240778910185924,42.40255238028585,42.240778910185924,42.37559127807617,2500,0.0,0.0
2018-09-21 00:00:00-04:00,42.240784976356906,42.690155029296875,42.150912337137484,42.690155029296875,18800,0.0,0.0
2018-09-24 00:00:00-04:00,42.51040021754548,42.51040021754548,42.240778910185924,42.37559127807617,3100,0.0,0.0
2018-09-25 00:00:00-04:00,42.42052473093846,42.42052473093846,42.1509034417587,42.24077606201172,1100,0.0,0.0
2018-09-26 00:00:00-04:00,42.19584371300844,42.24078002735334,42.061031341552734,42.061031341552734,3200,0.0,0.0
2018-09-27 00:00:00-04:00,41.971162686714074,42.105971642512536,41.88128662109375,41.88128662109375,6200,0.0,0.0
2018-09-28 00:00:00-04:00,41.92622143462816,42.19584274291992,41.88128169289541,42.19584274291992,3300,0.0,0.0
2018-10-01 00:00:00-04:00,42.6721807283038,42.6721807283038,42.15091323852539,42.15091323852539,3500,0.0,0.0
2018-10-02 00:00:00-04:00,42.14192026340315,42.15989547575715,41.971160888671875,41.971160888671875,5800,0.0,0.0
2018-10-03 00:00:00-04:00,42.20483290643647,42.510404667677825,41.97116199650898,42.258758544921875,6500,0.0,0.0
2018-10-04 00:00:00-04:00,42.31268461350454,42.31268461350454,41.98014831542969,41.98014831542969,2300,0.0,0.0
2018-10-05 00:00:00-04:00,42.5104035456073,42.5104035456073,41.971160888671875,41.971160888671875,4100,0.0,0.0
2018-10-08 00:00:00-04:00,41.61165743497847,42.30368758187297,41.61165743497847,42.24077606201172,4300,0.0,0.0
2018-10-09 00:00:00-04:00,42.240776664893204,42.240776664893204,42.10596430416886,42.123939514160156,3900,0.0,0.0
2018-10-10 00:00:00-04:00,42.510400258042274,42.510400258042274,42.1059665824072,42.11495590209961,6700,0.0,0.0
2018-10-11 00:00:00-04:00,42.01609802246094,42.24078303862383,42.01609802246094,42.01609802246094,2700,0.0,0.0
2018-10-12 00:00:00-04:00,42.24078221713959,42.52837875796131,41.971160888671875,41.971160888671875,8300,0.0,0.0
2018-10-15 00:00:00-04:00,42.24078221713959,42.5104035456073,41.971160888671875,41.971160888671875,3600,0.0,0.0
2018-10-16 00:00:00-04:00,41.42292716907991,42.384578704833984,41.42292716907991,42.384578704833984,2800,0.0,0.0
2018-10-17 00:00:00-04:00,40.982540283380835,42.24077758274585,40.982540283380835,41.665584564208984,12500,0.0,0.0
2018-10-18 00:00:00-04:00,41.67457355414916,42.043056823326395,41.458877870368916,41.7015380859375,2200,0.0,0.0
2018-10-19 00:00:00-04:00,41.2431822255638,41.69255227104333,41.11735916137695,41.11735916137695,9900,0.0,0.0
2018-10-22 00:00:00-04:00,41.216214296533266,41.45887449233007,40.66798238326131,41.162288665771484,8900,0.0,0.0
2018-10-23 00:00:00-04:00,40.66798340426277,41.34203837781409,38.78063084968744,39.922027587890625,13200,0.0,0.0
2018-10-24 00:00:00-04:00,40.3174800394691,41.08140772666687,39.64342498779297,39.64342498779297,5200,0.0,0.0
2018-10-25 00:00:00-04:00,39.11316459203726,39.46367263793945,38.070626345683124,39.46367263793945,21700,0.0,0.0
2018-10-26 00:00:00-04:00,40.40734986631726,40.40734986631726,36.524793312808974,37.47745895385742,5200,0.0,0.0
2018-10-29 00:00:00-04:00,37.33366593309135,39.149121412454406,37.33366593309135,39.09519577026367,17700,0.0,0.0
2018-10-30 00:00:00-04:00,39.18506602981921,39.18506602981921,38.19645331537796,39.023292541503906,3400,0.0,0.0
2018-10-31 00:00:00-04:00,39.445697531515506,39.544559478759766,39.445697531515506,39.544559478759766,3500,0.0,0.0
2018-11-01 00:00:00-04:00,39.00532085337277,39.526588317127384,38.825572151642405,39.10417938232422,6500,0.0,0.0
2018-11-02 00:00:00-04:00,39.16709234168582,39.16709234168582,38.1065788269043,38.1065788269043,6000,0.0,0.0
2018-11-05 00:00:00-05:00,38.62784662769406,38.645821839960405,38.08860397338867,38.08860397338867,6200,0.0,0.0
2018-11-06 00:00:00-05:00,37.55835015651313,38.8165842580429,37.55835015651313,37.7021484375,3500,0.0,0.0
2018-11-07 00:00:00-05:00,37.38758372366906,38.56493439238381,37.38758372366906,38.448097229003906,4600,0.0,0.0
2018-11-08 00:00:00-05:00,37.75606603673335,38.03467667203667,36.75846751276948,37.980751037597656,5800,0.0,0.0
2018-11-09 00:00:00-05:00,37.45948573386712,37.65720964288875,36.92922896474467,37.54935836791992,15600,0.0,0.0
2018-11-12 00:00:00-05:00,36.84834059267537,37.74708060713086,36.533782958984375,36.533782958984375,33200,0.0,0.0
2018-11-13 00:00:00-05:00,36.956188104485335,37.47745895385742,35.922639154142296,37.47745895385742,8400,0.0,0.0
2018-11-14 00:00:00-05:00,37.459487993326185,37.65721191427401,36.80340812558829,37.1988525390625,16500,0.0,0.0
2018-11-15 00:00:00-05:00,37.09998847275543,37.97176742553711,37.09998847275543,37.97176742553711,7800,0.0,0.0
2018-11-16 00:00:00-05:00,37.72910654434478,38.16050135300958,37.22581088669193,37.7470817565918,14400,0.0,0.0
2018-11-19 00:00:00-05:00,37.387580056119376,37.56732872943568,36.49782943725586,36.49782943725586,6200,0.0,0.0
2018-11-20 00:00:00-05:00,36.372008698004244,36.39896980076194,34.64642612467068,35.62605285644531,3100,0.0,0.0
2018-11-21 00:00:00-05:00,35.54517173437578,36.2192268371582,35.21263884362781,36.2192268371582,4200,0.0,0.0
2018-11-23 00:00:00-05:00,36.983154336113635,38.57392120361328,35.994538226540385,38.57392120361328,2500,0.0,0.0
2018-11-26 00:00:00-05:00,36.97416675587365,36.97416675587365,36.228214263916016,36.228214263916016,8700,0.0,0.0
2018-11-27 00:00:00-05:00,36.43491820844687,36.43491820844687,35.29351806640625,35.29351806640625,3700,0.0,0.0
2018-11-28 00:00:00-05:00,35.71593065423826,35.71593065423826,34.87111282348633,34.87111282348633,6600,0.0,0.0
2018-11-29 00:00:00-05:00,34.78123993387024,35.60807911790073,34.78123993387024,34.969974517822266,5900,0.0,0.0
2018-11-30 00:00:00-05:00,35.311493233174666,36.84833771505473,35.311493233174666,36.39896774291992,9800,0.0,0.0
2018-12-03 00:00:00-05:00,37.117963901444476,37.117963901444476,35.09579876049921,36.26416015625,67500,0.0,0.0
2018-12-04 00:00:00-05:00,35.73390453403578,36.174288687431655,34.017311096191406,34.017311096191406,15900,0.0,0.0
2018-12-06 00:00:00-05:00,33.68477227200205,33.88249615432483,33.25337751564205,33.52299880981445,4700,0.0,0.0
2018-12-07 00:00:00-05:00,33.93642191033715,34.08022017751743,33.28034210205078,33.28034210205078,33300,0.0,0.0
2018-12-10 00:00:00-05:00,33.72971138977713,33.72971138977713,32.55236417395322,33.31629180908203,11600,0.0,0.0
2018-12-11 00:00:00-05:00,33.34325260071112,33.74768628605666,32.7590736582529,33.073631286621094,5500,0.0,0.0
2018-12-12 00:00:00-05:00,33.17249588243357,33.33426936948221,32.26476991925739,33.04667282104492,115500,0.0,0.0
2018-12-13 00:00:00-05:00,32.14792600043506,32.88489242962801,31.644630432128906,31.644630432128906,9700,0.0,0.0
2018-12-14 00:00:00-05:00,32.0041332387683,32.022108450903474,31.105393202536316,31.401975631713867,4300,0.0,0.0
2018-12-17 00:00:00-05:00,31.00652940812352,31.00652940812352,29.847154007433524,29.963991165161133,13700,0.0,0.0
2018-12-18 00:00:00-05:00,29.883104058756135,30.341459935813813,27.51043108203683,29.388797760009766,8400,0.0,0.0
2018-12-19 00:00:00-05:00,29.05626583916271,30.530198890286666,29.05626583916271,30.107789993286133,9700,0.0,0.0
2018-12-20 00:00:00-05:00,30.06285330423884,30.404375459863402,28.40018398249312,29.52360725402832,9600,0.0,0.0
2018-12-21 00:00:00-05:00,28.930440118403094,30.152727098748645,28.90347901479642,29.218036651611328,23500,0.0,0.0
2018-12-24 00:00:00-05:00,28.759681114783653,29.245001556416703,28.058663270494993,29.20905113220215,3600,0.0,0.0
2018-12-26 00:00:00-05:00,28.70575815420156,30.83577286236493,28.70575815420156,30.017919540405273,12000,0.0,0.0
2018-12-27 00:00:00-05:00,29.325885634125893,29.325885634125893,28.220434188842773,28.220434188842773,15100,0.0,0.0
2018-12-28 00:00:00-05:00,28.52600724727086,29.83816853189741,28.52600724727086,29.69437026977539,6300,0.0,0.0
2018-12-31 00:00:00-05:00,29.5505729287255,29.5505729287255,29.065252493278688,29.218036651611328,10200,0.0,0.0
2019-01-02 00:00:00-05:00,29.43373410080287,31.0155149439744,28.975378223310837,30.57513427734375,10200,0.0,0.0
2019-01-03 00:00:00-05:00,30.377413319446745,31.006532046657377,28.92145538330078,28.92145538330078,12700,0.0,0.0
2019-01-04 00:00:00-05:00,29.69437072057881,30.916657681382553,29.649434405812418,30.35045051574707,6400,0.0,0.0
2019-01-07 00:00:00-05:00,30.620071518898214,30.620071518898214,29.703356307692115,30.107789993286133,13600,0.0,0.0
2019-01-08 00:00:00-05:00,29.586516390272305,30.566143035888672,29.12816054159891,30.566143035888672,7500,0.0,0.0
2019-01-09 00:00:00-05:00,30.55715958623455,30.55715958623455,30.38640022277832,30.38640022277832,1400,0.0,0.0
2019-01-10 00:00:00-05:00,30.26057779007196,30.26057779007196,29.613487243652344,29.613487243652344,1900,0.0,0.0
2019-01-11 00:00:00-05:00,30.242602364624478,30.81779541594885,29.65841999338634,30.107789993286133,10300,0.0,0.0
2019-01-14 00:00:00-05:00,29.874119495237558,30.51222408067703,29.721331910480732,30.422348022460938,5600,0.0,0.0
2019-01-15 00:00:00-05:00,30.33247665328137,31.45590171451401,29.29892422557885,30.206653594970703,16900,0.0,0.0
2019-01-16 00:00:00-05:00,30.55716226155548,30.55716226155548,29.748294830322266,29.748294830322266,3300,0.0,0.0
2019-01-17 00:00:00-05:00,30.1077918649505,30.1077918649505,29.76626968383789,29.76626968383789,5300,0.0,0.0
2019-01-18 00:00:00-05:00,29.86513070760733,30.467288308916018,29.86513070760733,30.242603302001953,26000,0.0,0.0
2019-01-22 00:00:00-05:00,30.251590825591013,30.844759138703726,30.242604933335034,30.332477569580078,4200,0.0,0.0
2019-01-23 00:00:00-05:00,30.736907265048142,30.736907265048142,30.314498387476828,30.503232955932617,3800,0.0,0.0
2019-01-24 00:00:00-05:00,30.467290775954236,30.70994758605957,30.467290775954236,30.70994758605957,2500,0.0,0.0
2019-01-25 00:00:00-05:00,30.736908935186495,31.204254150390625,30.736908935186495,31.204254150390625,2100,0.0,0.0
2019-01-28 00:00:00-05:00,31.18627726756533,31.18627726756533,30.78184360027175,31.09640121459961,5300,0.0,0.0
2019-01-29 00:00:00-05:00,31.357041307244472,31.455903266056644,30.79083408849747,31.150331497192383,3300,0.0,0.0
2019-01-30 00:00:00-05:00,31.312102999459132,31.401975631713867,30.781846240945416,31.401975631713867,3400,0.0,0.0
2019-01-31 00:00:00-05:00,31.123369237371456,31.455902099609375,31.015517961709495,31.455902099609375,6700,0.0,0.0
2019-02-01 00:00:00-05:00,31.905269622802734,31.905269622802734,31.45589962811537,31.905269622802734,6700,0.0,0.0
2019-02-04 00:00:00-05:00,31.770458221435547,31.905270595319415,31.635649275972764,31.770458221435547,3500,0.0,0.0
2019-02-05 00:00:00-05:00,32.2917266654272,32.345652296638086,31.707544326782227,31.707544326782227,2100,0.0,0.0
2019-02-06 00:00:00-05:00,33.28033674359819,33.28033674359819,31.5547578152695,31.644630432128906,3400,0.0,0.0
2019-02-07 00:00:00-05:00,31.50083841692457,31.50083841692457,31.455902099609375,31.455902099609375,2500,0.0,0.0
2019-02-08 00:00:00-05:00,31.545772552490234,31.734510557634657,31.545772552490234,31.545772552490234,1700,0.0,0.0
2019-02-11 00:00:00-05:00,31.725525628156763,31.79742648357549,31.02450942993164,31.02450942993164,3700,0.0,0.0
2019-02-12 00:00:00-05:00,31.464888916355275,31.590715408325195,31.464888916355275,31.590715408325195,1400,0.0,0.0
2019-02-13 00:00:00-05:00,32.43552351899617,32.43552351899617,32.03108987343848,32.37261199951172,1500,0.0,0.0
2019-02-14 00:00:00-05:00,32.354639889360854,32.354639889360854,31.707545994478913,31.815397262573242,2400,0.0,0.0
2019-02-15 00:00:00-05:00,31.959195256396768,32.39957593127463,31.905269622802734,31.905269622802734,3300,0.0,0.0
2019-02-19 00:00:00-05:00,31.563748544104556,31.860334396362305,31.446914809961594,31.860334396362305,10300,0.0,0.0
2019-02-20 00:00:00-05:00,31.860334606462036,32.31869051120348,31.419950485229492,31.419950485229492,6100,0.0,0.0
2019-02-21 00:00:00-05:00,31.671602353124236,32.08502197265625,31.635651926620227,32.08502197265625,4200,0.0,0.0
2019-02-22 00:00:00-05:00,33.576925396711935,33.576925396711935,32.34565261357595,32.80400848388672,3300,0.0,0.0
2019-02-25 00:00:00-05:00,33.61288070070187,33.61288070070187,31.995145797729492,31.995145797729492,3200,0.0,0.0
2019-02-26 00:00:00-05:00,31.91425636020925,32.01311831020857,31.276151773658658,31.36602783203125,33200,0.0,0.0
2019-02-27 00:00:00-05:00,31.545778985975698,32.20186233520508,31.545778985975698,32.20186233520508,900,0.0,0.0
2019-02-28 00:00:00-05:00,32.05805280640376,32.264766014722525,31.554760621755282,32.04008102416992,14000,0.0,0.0
2019-03-01 00:00:00-05:00,32.30071184595195,32.59729766845703,32.30071184595195,32.59729766845703,1100,0.0,0.0
2019-03-04 00:00:00-05:00,33.11857334765323,33.11857334765323,32.34565969405768,32.39958190917969,7500,0.0,0.0
2019-03-05 00:00:00-05:00,32.17489687038035,32.44451823125523,31.78843832937177,32.39958190917969,3500,0.0,0.0
2019-03-06 00:00:00-05:00,32.399574952001565,32.62425994255417,32.00413060286049,32.04008102416992,8200,0.0,0.0
2019-03-07 00:00:00-05:00,30.69197629402893,32.13894499908852,30.620075439197382,32.12995910644531,8200,0.0,0.0
2019-03-08 00:00:00-05:00,31.482865126647212,32.345658242518496,31.482865126647212,32.12995910644531,4800,0.0,0.0
2019-03-11 00:00:00-04:00,32.07603031818912,32.6332516031976,32.07603031818912,32.35464096069336,5000,0.0,0.0
2019-03-12 00:00:00-04:00,32.43670853321975,33.21183231717523,32.29992034608967,32.600852966308594,6500,0.52,0.0
2019-03-13 00:00:00-04:00,32.600852966308594,32.719402496576784,31.98987361544196,32.600852966308594,6000,0.0,0.0
2019-03-14 00:00:00-04:00,32.646456019634016,32.73764932671073,32.646456019634016,32.69205093383789,1100,0.0,0.0
2019-03-15 00:00:00-04:00,32.60086030430264,32.82883834838867,32.60086030430264,32.82883834838867,13800,0.0,0.0
2019-03-18 00:00:00-04:00,32.59173872740248,32.682928542417436,32.59173872740248,32.6099739074707,1800,0.0,0.0
2019-03-19 00:00:00-04:00,32.59174135546849,32.72852608902069,31.9989970740694,32.646453857421875,2600,0.0,0.0
2019-03-20 00:00:00-04:00,32.65556893689425,32.792353645356215,32.473185846943515,32.600852966308594,3300,0.0,0.0
2019-03-21 00:00:00-04:00,32.56438107370715,32.8105977643291,32.11754608154297,32.11754608154297,5800,0.0,0.0
2019-03-22 00:00:00-04:00,32.1266657537505,32.2725715637207,31.643353410474617,32.2725715637207,7000,0.0,0.0
2019-03-25 00:00:00-04:00,31.962518677209875,32.272568932955785,31.734540650298722,32.23609161376953,5900,0.0,0.0
2019-03-26 00:00:00-04:00,32.25432572976367,32.920021057128906,31.962514174717768,32.920021057128906,2800,0.0,0.0
2019-03-27 00:00:00-04:00,31.853091724226807,32.63733673095703,31.853091724226807,32.63733673095703,2500,0.0,0.0
2019-03-28 00:00:00-04:00,32.555265104239965,33.05681610107422,32.354643314038725,33.05681610107422,1800,0.0,0.0
2019-03-29 00:00:00-04:00,32.88355024961708,33.33950628119357,32.509666442871094,32.509666442871094,11800,0.0,0.0
2019-04-01 00:00:00-04:00,32.42759453489802,33.26655197143555,32.42759453489802,33.26655197143555,15500,0.0,0.0
2019-04-02 00:00:00-04:00,32.89266933153855,33.23007583618164,32.77411978392447,33.23007583618164,4400,0.0,0.0
2019-04-03 00:00:00-04:00,33.211834933295336,33.211834933295336,32.69204534712582,32.746761322021484,7400,0.0,0.0
2019-04-04 00:00:00-04:00,33.2118342705293,33.2118342705293,32.61909354166251,32.874427795410156,5800,0.0,0.0
2019-04-05 00:00:00-04:00,32.54614136746159,33.4671745300293,32.48230779920465,33.4671745300293,3500,0.0,0.0
2019-04-08 00:00:00-04:00,33.4124567710074,33.4124567710074,33.0841678782323,33.184478759765625,1700,0.0,0.0
2019-04-09 00:00:00-04:00,33.08416714365548,33.41245602914149,32.874427795410156,32.874427795410156,8200,0.0,0.0
2019-04-10 00:00:00-04:00,32.78323724148788,33.5583610534668,32.78323724148788,33.5583610534668,2700,0.0,0.0
2019-04-11 00:00:00-04:00,33.21183712132975,33.467174875663105,33.10240864299752,33.12976837158203,2600,0.0,0.0
2019-04-12 00:00:00-04:00,33.011218483240526,33.631318985166736,32.82883536879131,33.4671745300293,5800,0.0,0.0
2019-04-15 00:00:00-04:00,33.01121757469235,33.39421897369289,32.82883446526276,32.938262939453125,2800,0.0,0.0
2019-04-16 00:00:00-04:00,33.36686178949887,33.36686178949887,32.746761322021484,32.746761322021484,4500,0.0,0.0
2019-04-17 00:00:00-04:00,33.27567197667447,33.36686178949887,32.66468909901217,32.746761322021484,4700,0.0,0.0
2019-04-18 00:00:00-04:00,32.701168232277425,33.4671745300293,32.701168232277425,33.4671745300293,7200,0.0,0.0
2019-04-22 00:00:00-04:00,33.056813419876676,33.77722480928686,32.582618713378906,32.582618713378906,3100,0.0,0.0
2019-04-23 00:00:00-04:00,32.75588335142838,33.60396194458008,32.69204977806589,33.60396194458008,8000,0.0,0.0
2019-04-24 00:00:00-04:00,33.22096086251016,33.22096086251016,32.82883834838867,32.82883834838867,1600,0.0,0.0
2019-04-25 00:00:00-04:00,33.95960356411569,33.95960356411569,32.8197135925293,32.8197135925293,2800,0.0,0.0
2019-04-26 00:00:00-04:00,32.87442665517891,33.45804977416992,32.82883175125802,33.45804977416992,1100,0.0,0.0
2019-04-29 00:00:00-04:00,32.8835544315717,33.594844818115234,32.8835544315717,33.594844818115234,800,0.0,0.0
2019-04-30 00:00:00-04:00,32.92914509259405,33.5036506652832,32.82883420925659,33.5036506652832,7600,0.0,0.0
2019-05-01 00:00:00-04:00,33.16624269100225,33.16624269100225,32.783241271972656,32.783241271972656,4900,0.0,0.0
2019-05-02 00:00:00-04:00,32.828838058997846,33.211839499925105,32.828838058997846,33.05681610107422,2400,0.0,0.0
2019-05-03 00:00:00-04:00,33.4124635474341,33.430702209472656,33.166246827917234,33.430702209472656,12800,0.0,0.0
2019-05-06 00:00:00-04:00,32.92002257363212,32.92002257363212,32.883548736572266,32.883548736572266,1100,0.0,0.0
2019-05-07 00:00:00-04:00,32.82883646072609,33.029458241160064,32.50054753953184,32.55526351928711,3400,0.0,0.0
2019-05-08 00:00:00-04:00,32.737647724409214,33.01122067491174,32.737647724409214,32.96562576293945,2400,0.0,0.0
2019-05-09 00:00:00-04:00,32.974736958904344,33.12064273612068,32.8197135925293,32.8197135925293,1500,0.0,0.0
2019-05-10 00:00:00-04:00,33.10241054863927,33.21183903327109,32.87443250976618,33.06593322753906,7500,0.0,0.0
2019-05-13 00:00:00-04:00,32.9473879053407,32.9473879053407,32.82883834838867,32.82883834838867,2700,0.0,0.0
2019-05-14 00:00:00-04:00,32.8288395363891,33.047699997246056,32.14490537938099,32.792362213134766,19400,0.0,0.0
2019-05-15 00:00:00-04:00,32.82883759772532,33.23919876343065,32.82883759772532,33.06593322753906,17700,0.0,0.0
2019-05-16 00:00:00-04:00,33.24831377606856,33.2574348449707,33.20271886756345,33.2574348449707,1600,0.0,0.0
2019-05-17 00:00:00-04:00,33.12976380394752,33.12976380394752,32.8197135925293,32.8197135925293,1900,0.0,0.0
2019-05-20 00:00:00-04:00,32.93826477494091,33.211837714995944,32.93826477494091,33.11153030395508,1300,0.0,0.0
2019-05-21 00:00:00-04:00,33.12064445952466,33.2300729284639,32.82883288990784,32.874427795410156,5100,0.0,0.0
2019-05-22 00:00:00-04:00,33.02033996582031,33.02033996582031,33.02033996582031,33.02033996582031,1100,0.0,0.0
2019-05-23 00:00:00-04:00,32.7741198964266,32.7741198964266,32.23609161376953,32.23609161376953,2800,0.0,0.0
2019-05-24 00:00:00-04:00,32.37288343171702,32.792362213134766,32.37288343171702,32.792362213134766,3100,0.0,0.0
2019-05-28 00:00:00-04:00,32.46407190089311,32.46407190089311,32.17226028442383,32.17226028442383,1400,0.0,0.0
2019-05-29 00:00:00-04:00,32.14489910505253,32.14489910505253,32.09930419921875,32.09930419921875,2400,0.0,0.0
2019-05-30 00:00:00-04:00,32.60997026002427,32.60997026002427,32.236086494412554,32.28168487548828,2400,0.0,0.0
2019-05-31 00:00:00-04:00,32.865313952601355,32.865313952601355,31.99899673461914,31.99899673461914,3200,0.0,0.0
2019-06-03 00:00:00-04:00,31.9625186920166,32.272568947906144,30.99589408381344,31.9625186920166,9800,0.0,0.0
2019-06-04 00:00:00-04:00,31.980757907197173,32.55526351928711,31.95340165665388,32.55526351928711,4700,0.0,0.0
2019-06-05 00:00:00-04:00,32.36376412789481,32.64645467148638,31.798376083374023,31.798376083374023,1800,0.0,0.0
2019-06-06 00:00:00-04:00,31.962518622665208,32.13578414916992,31.962518622665208,32.13578414916992,1700,0.0,0.0
2019-06-07 00:00:00-04:00,32.50054718332765,32.50054718332765,31.734540868492676,31.907806396484375,3400,0.0,0.0
2019-06-10 00:00:00-04:00,31.962520185978764,32.19961929321289,31.962520185978764,32.19961929321289,1800,0.0,0.0
2019-06-11 00:00:00-04:00,31.962520185978764,32.19961929321289,31.95340259508612,32.19961929321289,3400,0.0,0.0
2019-06-12 00:00:00-04:00,31.91692352294922,31.91692352294922,31.91692352294922,31.91692352294922,800,0.0,0.0
2019-06-13 00:00:00-04:00,31.962517176326518,32.6099739074707,31.898683610082358,32.6099739074707,3600,0.0,0.0
2019-06-14 00:00:00-04:00,32.07194717095743,33.15712480590515,31.944280032415023,31.9625186920166,3900,0.0,0.0
2019-06-17 00:00:00-04:00,32.044589926554316,32.15401840209961,31.916922791973384,32.15401840209961,1800,0.0,0.0
2019-06-18 00:00:00-04:00,31.980756626979,31.980756626979,31.91692305915418,31.926040649414062,1300,0.0,0.0
2019-06-19 00:00:00-04:00,31.907806727753627,31.916924318373226,31.780136108398438,31.780136108398438,1300,0.0,0.0
2019-06-20 00:00:00-04:00,32.01723427809725,32.63733478227017,31.862207412719727,31.862207412719727,1000,0.0,0.0
2019-06-21 00:00:00-04:00,31.65247007888994,32.14490347768391,31.141801498216616,31.20563507080078,5800,0.0,0.0
2019-06-24 00:00:00-04:00,31.369777082816082,31.524800467343827,31.32417869567871,31.32417869567871,3300,0.0,0.0
2019-06-25 00:00:00-04:00,31.5886362966838,31.5886362966838,31.260347366333008,31.260347366333008,1600,0.0,0.0
2019-06-26 00:00:00-04:00,31.506562466846503,31.53392219543457,31.506562466846503,31.53392219543457,600,0.0,0.0
2019-06-27 00:00:00-04:00,31.497440030871502,32.28168487548828,31.460962717478147,32.28168487548828,8100,0.0,0.0
2019-06-28 00:00:00-04:00,32.19049777591025,34.40644454956055,31.9534021506427,34.40644454956055,32700,0.0,0.0
2019-07-01 00:00:00-04:00,33.74074447476077,33.74074447476077,32.22697067260742,32.22697067260742,5200,0.0,0.0
2019-07-02 00:00:00-04:00,32.19049645741221,32.21785618592652,31.70718415723864,31.91692352294922,3600,0.0,0.0
2019-07-03 00:00:00-04:00,31.91692371309451,32.93826429788632,31.91692371309451,32.13578414916992,3800,0.0,0.0
2019-07-05 00:00:00-04:00,31.615992138808164,32.48230936520648,31.615992138808164,32.208736419677734,2500,0.0,0.0
2019-07-08 00:00:00-04:00,32.50054805443162,33.166243497991466,32.126664216852284,32.646453857421875,4700,0.0,0.0
2019-07-09 00:00:00-04:00,32.82883932260532,33.43070123770632,32.82883932260532,32.910911560058594,9000,0.0,0.0
2019-07-10 00:00:00-04:00,33.4580560242861,33.54012825814244,32.82883788383341,32.837955474853516,3300,0.0,0.0
2019-07-11 00:00:00-04:00,33.129768426766695,33.51276984090178,33.129768426766695,33.23007583618164,2100,0.0,0.0
2019-07-12 00:00:00-04:00,32.78324297139518,33.51277200641327,32.74676564997707,32.837955474853516,5100,0.0,0.0
2019-07-15 00:00:00-04:00,32.673814180475865,32.80148132557739,32.02635390669574,32.62821578979492,4700,0.0,0.0
2019-07-16 00:00:00-04:00,32.33640225437037,32.37287957327706,31.597755679187166,31.91692352294922,11900,0.0,0.0
2019-07-17 00:00:00-04:00,32.920023150073824,32.920023150073824,32.52790069580078,32.52790069580078,1600,0.0,0.0
2019-07-18 00:00:00-04:00,32.54613728480958,32.920021057128906,32.454947478358285,32.920021057128906,2500,0.0,0.0
2019-07-19 00:00:00-04:00,32.345525613581735,32.482310351163655,31.953403104242966,32.290809631347656,10000,0.0,0.0
2019-07-22 00:00:00-04:00,32.73764525390965,32.73764525390965,32.10842368870147,32.37287902832031,1400,0.0,0.0
2019-07-23 00:00:00-04:00,32.54614107220755,32.54614107220755,32.04459012102362,32.37287902832031,1500,0.0,0.0
2019-07-24 00:00:00-04:00,32.37288186536435,32.92002777302973,32.290809631347656,32.290809631347656,2600,0.0,0.0
2019-07-25 00:00:00-04:00,32.44583552349305,32.44583552349305,32.19961882891656,32.208736419677734,2000,0.0,0.0
2019-07-26 00:00:00-04:00,32.9200207647213,33.37597675026407,32.45494719008163,32.600852966308594,41000,0.0,0.0
2019-07-29 00:00:00-04:00,32.83795593953781,33.26655577559359,32.61909896526979,32.82883834838867,14200,0.0,0.0
2019-07-30 00:00:00-04:00,33.45806021458638,34.1511154936537,33.0294638095869,33.27568054199219,4500,0.0,0.0
2019-07-31 00:00:00-04:00,33.90489203960791,34.65265968074094,33.27567394509409,33.79546356201172,18900,0.0,0.0
2019-08-01 00:00:00-04:00,34.342605141075566,34.424677358693344,33.69514846801758,33.69514846801758,7700,0.0,0.0
2019-08-02 00:00:00-04:00,32.63733459457856,34.078153890457806,32.63733459457856,33.576602935791016,2700,0.0,0.0
2019-08-05 00:00:00-04:00,33.39421924365623,33.41245790261348,32.71028518676758,32.71028518676758,4600,0.0,0.0
2019-08-06 00:00:00-04:00,32.655573714979006,33.43069761234875,32.655573714979006,33.23007583618164,4400,0.0,0.0
2019-08-07 00:00:00-04:00,33.01121611831657,33.08416727166889,32.60085500987123,32.65557098388672,4200,0.0,0.0
2019-08-08 00:00:00-04:00,32.74676474922807,33.284793050005035,32.60085894623781,32.646453857421875,9100,0.0,0.0
2019-08-09 00:00:00-04:00,32.62821331565005,32.64645197480566,31.825733184814453,31.825733184814453,3900,0.0,0.0
2019-08-12 00:00:00-04:00,31.907808398583388,32.17226028442383,31.52480347779941,32.17226028442383,2200,0.0,0.0
2019-08-13 00:00:00-04:00,31.81661209969742,32.68292927647068,31.81661209969742,32.37287902832031,2700,0.0,0.0
2019-08-14 00:00:00-04:00,31.187396022373818,31.734541917338593,30.330196380615234,30.330196380615234,7800,0.0,0.0
2019-08-15 00:00:00-04:00,31.460966374752292,31.916922409168993,31.17827238109329,31.232988357543945,3700,0.0,0.0
2019-08-16 00:00:00-04:00,31.47008447980622,31.935161590576172,31.150916641959025,31.935161590576172,7800,0.0,0.0
2019-08-19 00:00:00-04:00,31.980757011631336,32.37287949222502,31.97163942126179,32.36376190185547,2400,0.0,0.0
2019-08-20 00:00:00-04:00,31.479207836637237,31.77101944635483,31.479207836637237,31.76190185546875,2000,0.0,0.0
2019-08-21 00:00:00-04:00,31.853090488431796,32.00811387838237,31.734540939331055,31.734540939331055,3300,0.0,0.0
2019-08-22 00:00:00-04:00,31.780132059687343,32.00811006148903,31.07796287536621,31.07796287536621,6100,0.0,0.0
2019-08-23 00:00:00-04:00,31.196510433735305,31.196510433735305,29.773929860344982,30.093097686767578,10000,0.0,0.0
2019-08-26 00:00:00-04:00,30.193409161886088,30.685842514038086,29.883358919272066,30.685842514038086,2800,0.0,0.0
2019-08-27 00:00:00-04:00,30.822629489039365,30.95029663144255,30.622011184692383,30.622011184692383,2800,0.0,0.0
2019-08-28 00:00:00-04:00,30.97765631487862,31.242108190033406,30.767916941433025,31.169157028198242,6600,0.0,0.0
2019-08-29 00:00:00-04:00,31.2968236479017,31.30594471714677,31.014129638671875,31.014129638671875,1700,0.0,0.0
2019-08-30 00:00:00-04:00,30.822631664529293,31.10532569885254,30.603774684582053,31.10532569885254,2800,0.0,0.0
2019-09-03 00:00:00-04:00,30.831749624092033,31.087083901160486,30.138694473951055,30.64024543762207,4700,0.0,0.0
2019-09-04 00:00:00-04:00,30.777034888739127,30.922940692768623,30.58553417320081,30.831750869750977,2100,0.0,0.0
2019-09-05 00:00:00-04:00,31.460968679724033,31.460968679724033,30.311960919426614,30.622011184692383,21400,0.0,0.0
2019-09-06 00:00:00-04:00,30.53081591860033,30.80438884594943,30.311958968188453,30.45786476135254,3800,0.0,0.0
2019-09-09 00:00:00-04:00,31.141801662932554,32.27257079354907,30.457867542768607,32.07194900512695,11500,0.0,0.0
2019-09-10 00:00:00-04:00,32.30335043954798,32.877219834767565,31.67394392961403,32.86796188354492,19900,0.52,0.0
2019-09-11 00:00:00-04:00,32.15525321018985,33.682486705753135,31.89608355347183,33.626953125,7100,0.0,0.0
2019-09-12 00:00:00-04:00,33.173406202537116,33.691741943359375,33.173406202537116,33.691741943359375,8500,0.0,0.0
2019-09-13 00:00:00-04:00,33.617697071582036,34.24710358204631,33.45108925817244,34.191566467285156,4100,0.0,0.0
2019-09-16 00:00:00-04:00,33.96016329387062,34.65436126126607,33.96016329387062,34.182308197021484,8600,0.0,0.0
2019-09-17 00:00:00-04:00,34.015705316975975,34.247104672873775,33.81207275390625,33.81207275390625,5000,0.0,0.0
2019-09-18 00:00:00-04:00,33.895379714229705,34.24710775549854,33.895379714229705,34.2100830078125,4400,0.0,0.0
2019-09-19 00:00:00-04:00,33.95091377979451,34.339663002883306,33.81207275390625,33.81207275390625,3600,0.0,0.0
2019-09-20 00:00:00-04:00,33.765793561197995,34.27487143758068,33.432577924038725,34.24710464477539,18300,0.0,0.0
2019-09-23 00:00:00-04:00,34.24710248023615,34.24710248023615,34.126773834228516,34.126773834228516,5400,0.0,0.0
2019-09-24 00:00:00-04:00,34.0897509233929,34.14528450272463,33.69174379410556,33.80281448364258,4000,0.0,0.0
2019-09-25 00:00:00-04:00,33.64546198306445,35.404098345930734,33.182663311875814,35.18195343017578,7000,0.0,0.0
2019-09-26 00:00:00-04:00,34.978328704833984,35.17270332315744,34.90427921354462,34.978328704833984,5800,0.0,0.0
2019-09-27 00:00:00-04:00,35.02460457018989,35.03385899029174,34.34891891479492,34.34891891479492,4700,0.0,0.0
2019-09-30 00:00:00-04:00,34.34891602615193,35.17269705001517,34.34891602615193,34.617340087890625,8800,0.0,0.0
2019-10-01 00:00:00-04:00,34.67287459929059,34.95981103827685,34.45998764038086,34.45998764038086,2500,0.0,0.0
2019-10-02 00:00:00-04:00,34.561805885874946,34.561805885874946,34.34891891479492,34.34891891479492,3100,0.0,0.0
2019-10-03 00:00:00-04:00,34.589576128316665,34.589576128316665,34.08049823095044,34.3211555480957,5000,0.0,0.0
2019-10-04 00:00:00-04:00,34.247100772664204,34.247100772664204,33.80281448364258,33.80281448364258,11300,0.0,0.0
2019-10-07 00:00:00-04:00,33.50662356662602,33.64546104558995,32.95126305814966,33.35852813720703,1700,0.0,0.0
2019-10-08 00:00:00-04:00,33.460346965956404,33.747279896283416,32.81242808861913,33.50662612915039,2600,0.0,0.0
2019-10-09 00:00:00-04:00,33.92314644733568,34.01570477587285,33.56216049194336,33.56216049194336,1600,0.0,0.0
2019-10-10 00:00:00-04:00,33.80281811662185,33.9786803548625,33.57141876220703,33.57141876220703,5000,0.0,0.0
2019-10-11 00:00:00-04:00,33.90463386951602,34.015704569260755,33.76579284667969,33.76579284667969,3700,0.0,0.0
2019-10-14 00:00:00-04:00,33.50662600019382,33.72876739501953,33.39555530278096,33.72876739501953,2900,0.0,0.0
2019-10-15 00:00:00-04:00,33.42331852719472,33.96942106659445,33.42331852719472,33.96016311645508,2400,0.0,0.0
2019-10-16 00:00:00-04:00,33.719510583771424,33.80281448364258,33.55290278402912,33.80281448364258,1700,0.0,0.0
2019-10-17 00:00:00-04:00,33.886118234908146,34.01570129394531,33.867605864920904,34.01570129394531,5000,0.0,0.0
2019-10-18 00:00:00-04:00,33.78430125780059,33.978675842285156,33.77504683843758,33.978675842285156,2900,0.0,0.0
2019-10-21 00:00:00-04:00,34.01570760977282,34.24710698126787,34.01570760977282,34.15454864501953,8200,0.0,0.0
2019-10-22 00:00:00-04:00,33.95091606822414,34.15454864501953,33.608445987056236,34.15454864501953,8200,0.0,0.0
2019-10-23 00:00:00-04:00,34.01570528906745,34.24710464477539,34.01570528906745,34.24710464477539,1900,0.0,0.0
2019-10-24 00:00:00-04:00,33.83984017112241,34.08049392700195,33.83984017112241,34.08049392700195,2100,0.0,0.0
2019-10-25 00:00:00-04:00,34.247105175296205,34.94130325317383,33.82133120160769,34.94130325317383,22300,0.0,0.0
2019-10-28 00:00:00-04:00,34.75617940725718,34.75617940725718,34.24710157648417,34.29338073730469,5000,0.0,0.0
2019-10-29 00:00:00-04:00,34.41371664973647,34.42297107150603,34.01570942703186,34.265621185302734,6000,0.0,0.0
2019-10-30 00:00:00-04:00,34.01570474810343,34.87651062011719,34.01570474810343,34.87651062011719,343400,0.0,0.0
2019-10-31 00:00:00-04:00,34.63585078655626,36.098296279359936,34.63585078655626,35.16344451904297,17300,0.0,0.0
2019-11-01 00:00:00-04:00,35.62624490504984,36.54258433898292,35.62624490504984,36.366722106933594,12700,0.0,0.0
2019-11-04 00:00:00-05:00,36.56109727230098,37.06092071533203,36.1630901081326,37.06092071533203,13000,0.0,0.0
2019-11-05 00:00:00-05:00,36.764726337100186,38.31973010265493,36.764726337100186,38.171634674072266,9200,0.0,0.0
2019-11-06 00:00:00-05:00,37.31083213782683,38.6436911110205,37.31083213782683,37.495948791503906,1600,0.0,0.0
2019-11-07 00:00:00-05:00,37.4959521828995,38.35675811767578,37.4959521828995,38.35675811767578,5300,0.0,0.0
2019-11-08 00:00:00-05:00,37.99577127909014,37.99577127909014,37.21826934814453,37.21826934814453,13200,0.0,0.0
2019-11-11 00:00:00-05:00,37.04240385446264,37.45892333984375,36.57034726073957,37.45892333984375,3200,0.0,0.0
2019-11-12 00:00:00-05:00,37.181244605986706,37.59776412807788,37.181244605986706,37.21826934814453,5800,0.0,0.0
2019-11-13 00:00:00-05:00,37.532974769974416,37.532974769974416,36.87580144751817,37.338600158691406,3500,0.0,0.0
2019-11-14 00:00:00-05:00,37.07943382990297,37.44041625792188,36.792497359257034,37.107200622558594,5500,0.0,0.0
2019-11-15 00:00:00-05:00,37.25529283353774,37.49594658769793,36.79249416479814,37.366363525390625,7200,0.0,0.0
2019-11-18 00:00:00-05:00,37.07017445326649,37.46818161010742,36.792495944763786,37.46818161010742,4500,0.0,0.0
2019-11-19 00:00:00-05:00,37.56999948691298,38.273451973799375,37.48669557772752,37.77363204956055,8100,0.0,0.0
2019-11-20 00:00:00-05:00,37.26454883611925,37.76437226699741,36.79249572753906,36.79249572753906,8700,0.0,0.0
2019-11-21 00:00:00-05:00,36.87579963268542,37.162736090605954,36.561096383340704,36.79249572753906,5100,0.0,0.0
2019-11-22 00:00:00-05:00,37.31083081206158,37.31083081206158,37.00538198877501,37.19050216674805,1800,0.0,0.0
2019-11-25 00:00:00-05:00,37.24603841374734,38.097586269408865,37.24603841374734,37.366363525390625,5700,0.0,0.0
2019-11-26 00:00:00-05:00,37.20901725802329,37.579254110164065,37.12571334838867,37.12571334838867,1900,0.0,0.0
2019-11-27 00:00:00-05:00,36.80175177985093,37.236783696116774,36.792497359257034,37.107200622558594,6800,0.0,0.0
2019-11-29 00:00:00-05:00,37.48669346548618,37.66255569458008,37.48669346548618,37.66255569458008,900,0.0,0.0
2019-12-02 00:00:00-05:00,37.47744006160552,37.47744006160552,36.32044331833493,36.82952117919922,8600,0.0,0.0
2019-12-03 00:00:00-05:00,36.53333051387918,36.53333051387918,36.12606539805302,36.19085693359375,4500,0.0,0.0
2019-12-04 00:00:00-05:00,36.65365322142519,36.92207729721352,36.65365322142519,36.69993591308594,3900,0.0,0.0
2019-12-05 00:00:00-05:00,37.00538127105552,37.671812486483546,36.71844482421875,36.71844482421875,3900,0.0,0.0
2019-12-06 00:00:00-05:00,37.17199070349161,37.440414791562944,37.023895263671875,37.023895263671875,3700,0.0,0.0
2019-12-09 00:00:00-05:00,37.03315336620935,37.18124882075461,36.801753997802734,36.801753997802734,2900,0.0,0.0
2019-12-10 00:00:00-05:00,37.07943111177474,37.190501805129095,36.73695755004883,36.73695755004883,2200,0.0,0.0
2019-12-11 00:00:00-05:00,36.875797715522275,37.34785079956055,36.875797715522275,37.34785079956055,3500,0.0,0.0
2019-12-12 00:00:00-05:00,37.30157094163477,38.171634674072266,37.30157094163477,38.171634674072266,4900,0.0,0.0
2019-12-13 00:00:00-05:00,37.986518133344916,37.986518133344916,37.264549760541975,37.50520706176758,2100,0.0,0.0
2019-12-16 00:00:00-05:00,37.71809351768383,37.73660588912743,37.36636552200309,37.699581146240234,6600,0.0,0.0
2019-12-17 00:00:00-05:00,37.71809439597084,37.94949374809336,37.51446183622337,37.523719787597656,7800,0.0,0.0
2019-12-18 00:00:00-05:00,37.40339261339327,37.76437505202445,37.40339261339327,37.61627960205078,3400,0.0,0.0
2019-12-19 00:00:00-05:00,37.61627705003378,37.85693434671025,37.46818161010742,37.46818161010742,8800,0.0,0.0
2019-12-20 00:00:00-05:00,37.54223295774264,37.54223295774264,35.4041016275523,36.25564956665039,60800,0.0,0.0
2019-12-23 00:00:00-05:00,36.533331402762386,36.56109819556289,35.95020403783401,36.01499557495117,4900,0.0,0.0
2019-12-24 00:00:00-05:00,36.32969665527344,36.32969665527344,36.32969665527344,36.32969665527344,300,0.0,0.0
2019-12-26 00:00:00-05:00,36.24639528638055,36.32969919647366,36.03350830078125,36.03350830078125,1500,0.0,0.0
2019-12-27 00:00:00-05:00,36.24639421492902,37.181246039784895,36.07978639966775,36.8572883605957,18800,0.0,0.0
2019-12-30 00:00:00-05:00,36.88505228579142,37.43115485317199,36.65365295267887,37.13496398925781,24300,0.0,0.0
2019-12-31 00:00:00-05:00,37.273808475361015,37.468183085881435,36.90356809552541,37.116455078125,13700,0.0,0.0
2020-01-02 00:00:00-05:00,37.35710867835498,37.35710867835498,37.00538070549091,37.329341888427734,6700,0.0,0.0
2020-01-03 00:00:00-05:00,36.3204437021002,37.20901636291103,36.3204437021002,36.8572883605957,3400,0.0,0.0
2020-01-06 00:00:00-05:00,36.699940323705285,37.35711366613315,36.598124039213126,36.968360900878906,7000,0.0,0.0
2020-01-07 00:00:00-05:00,37.11645323817796,37.13496560933943,36.570350646972656,36.570350646972656,4700,0.0,0.0
2020-01-08 00:00:00-05:00,36.357463287207466,36.97761535644531,36.357463287207466,36.97761535644531,3600,0.0,0.0
2020-01-09 00:00:00-05:00,36.96836307939765,36.97762103173744,36.366726819658986,36.644405364990234,4400,0.0,0.0
2020-01-10 00:00:00-05:00,36.570350415613696,36.82026212840191,36.56109599552839,36.76472854614258,3600,0.0,0.0
2020-01-13 00:00:00-05:00,36.5518414168932,36.97761535644531,36.5518414168932,36.97761535644531,3200,0.0,0.0
2020-01-14 00:00:00-05:00,37.023892851790976,37.24603776248609,36.66291046142578,36.66291046142578,4300,0.0,0.0
2020-01-15 00:00:00-05:00,36.829522662811684,37.15348035162798,36.394490739937815,36.922080993652344,6000,0.0,0.0
2020-01-16 00:00:00-05:00,37.051663714273154,37.26455069786668,36.88505589565666,36.903568267822266,9800,0.0,0.0
2020-01-17 00:00:00-05:00,37.39413520224866,37.39413520224866,36.551841735839844,36.551841735839844,5000,0.0,0.0
2020-01-21 00:00:00-05:00,36.607375735780806,37.18124512372305,36.607375735780806,37.023895263671875,5600,0.0,0.0
2020-01-22 00:00:00-05:00,36.894311487976275,37.44966849393641,36.75547047104937,36.98686981201172,4700,0.0,0.0
2020-01-23 00:00:00-05:00,37.09794471360416,37.28306136504676,36.74621672029038,37.01464080810547,4400,0.0,0.0
2020-01-24 00:00:00-05:00,36.98687009923312,37.209015021866485,36.551841735839844,36.551841735839844,2900,0.0,0.0
2020-01-27 00:00:00-05:00,36.58886315115268,36.968357934158135,35.913177490234375,35.913177490234375,4800,0.0,0.0
2020-01-28 00:00:00-05:00,36.30192896350885,36.49630355834961,35.940946564269254,36.49630355834961,3200,0.0,0.0
2020-01-29 00:00:00-05:00,36.15383293997969,36.94984367694459,35.83912970690106,36.23713684082031,7500,0.0,0.0
2020-01-30 00:00:00-05:00,35.99648126446202,36.570350646972656,35.88541056836694,36.570350646972656,2700,0.0,0.0
2020-01-31 00:00:00-05:00,37.67181805761417,37.67181805761417,36.13532638549805,36.13532638549805,19100,0.0,0.0
2020-02-03 00:00:00-05:00,36.63514363076396,36.99612602072612,35.7928466796875,35.7928466796875,8200,0.0,0.0
2020-02-04 00:00:00-05:00,36.20011543380042,37.023896567487185,35.56145095825195,35.56145095825195,10800,0.0,0.0
2020-02-05 00:00:00-05:00,36.20936354025919,36.385229278047035,35.635494232177734,35.635494232177734,10900,0.0,0.0
2020-02-06 00:00:00-05:00,36.05201735959717,36.05201735959717,35.33930697894406,35.40409851074219,6500,0.0,0.0
2020-02-07 00:00:00-05:00,35.40410083939335,35.40410083939335,35.107909951442196,35.31154251098633,34400,0.0,0.0
2020-02-10 00:00:00-05:00,35.83913495648348,35.885414123535156,35.2189828191938,35.885414123535156,10100,0.0,0.0
2020-02-11 00:00:00-05:00,35.74656767020246,36.052016481992766,35.579959869384766,35.579959869384766,5500,0.0,0.0
2020-02-12 00:00:00-05:00,35.968714410292264,36.005739152550504,35.68177795410156,35.68177795410156,2600,0.0,0.0
2020-02-13 00:00:00-05:00,35.68177993784924,36.01499557495117,35.68177993784924,36.01499557495117,2500,0.0,0.0
2020-02-14 00:00:00-05:00,35.876150694426734,36.32044051674113,35.57070541381836,35.57070541381836,8600,0.0,0.0
2020-02-18 00:00:00-05:00,35.54293737529868,38.21791298048714,35.26525536338937,36.82025909423828,29500,0.0,0.0
2020-02-19 00:00:00-05:00,37.023891628072185,37.85693060205319,36.792492305396735,36.82025909423828,29300,0.0,0.0
2020-02-20 00:00:00-05:00,36.74621605099532,37.144223199920454,36.10755161018005,36.98686981201172,11200,0.0,0.0
2020-02-21 00:00:00-05:00,36.977613880370896,36.977613880370896,36.32044062631174,36.45927810668945,5500,0.0,0.0
2020-02-24 00:00:00-05:00,36.033506313440206,37.02389522832808,36.033506313440206,37.01464080810547,11800,0.0,0.0
2020-02-25 00:00:00-05:00,37.014644695699104,37.023899116893695,36.13532638549805,36.13532638549805,12900,0.0,0.0
2020-02-26 00:00:00-05:00,36.42225517326659,37.236781849213465,36.413000753131705,36.56109619140625,40700,0.0,0.0
2020-02-27 00:00:00-05:00,36.36672504460185,36.82952377452285,35.82062240206011,36.09830093383789,18000,0.0,0.0
2020-02-28 00:00:00-05:00,35.829869819103564,36.55183809764541,35.14492981000105,36.34820556640625,38600,0.0,0.0
2020-03-02 00:00:00-05:00,34.36743227843266,36.64440102361325,34.36743227843266,35.95945739746094,12300,0.0,0.0
2020-03-03 00:00:00-05:00,36.3574662021645,36.6906818444856,34.247105175296205,34.94130325317383,40600,0.0,0.0
2020-03-04 00:00:00-05:00,35.20046958268166,35.468893688220355,34.24710534748278,35.17270278930664,16100,0.0,0.0
2020-03-05 00:00:00-05:00,34.635850838000906,35.02460355764111,33.321504307363156,33.626953125,16100,0.0,0.0
2020-03-06 00:00:00-05:00,33.76579353909711,33.76579353909711,32.395909777907605,32.91424560546875,11300,0.0,0.0
2020-03-09 00:00:00-04:00,31.70171178351345,31.70171178351345,28.230721442252854,28.508399963378906,25000,0.0,0.0
2020-03-10 00:00:00-04:00,29.165571544758137,29.61911401628001,27.81419854973824,28.749052047729492,13800,0.0,0.0
2020-03-11 00:00:00-04:00,28.390636285170764,28.532117499743407,26.938091258012463,26.975820541381836,15500,0.58,0.0
2020-03-12 00:00:00-04:00,25.82510286912471,25.82510286912471,21.674977001499506,23.58969497680664,26300,0.0,0.0
2020-03-13 00:00:00-04:00,23.6274195468569,25.58929708584401,23.344457149505615,25.4666805267334,13700,0.0,0.0
2020-03-16 00:00:00-04:00,24.24051025003003,24.646089248496693,21.84475474808023,22.32579231262207,16000,0.0,0.0
2020-03-17 00:00:00-04:00,24.523471640087376,24.872460297308482,22.118285718075885,24.381990432739258,15000,0.0,0.0
2020-03-18 00:00:00-04:00,23.57082779547694,24.48574124030354,20.61858002060168,21.3071231842041,16500,0.0,0.0
2020-03-19 00:00:00-04:00,20.750629803747508,22.891717947083478,20.42050578797257,22.089988708496094,22100,0.0,0.0
2020-03-20 00:00:00-04:00,22.3540885968695,22.60875405352392,19.741395193793917,20.882678985595703,17900,0.0,0.0
2020-03-23 00:00:00-04:00,20.411073883298982,20.411073883298982,19.335814529079194,19.53388786315918,5700,0.0,0.0
2020-03-24 00:00:00-04:00,22.618186253019903,23.3255940934532,20.9298404760153,23.250137329101562,13000,0.0,0.0
2020-03-25 00:00:00-04:00,23.240705555480137,24.532904699314546,23.17468110999794,24.00470733642578,7700,0.0,0.0
2020-03-26 00:00:00-04:00,23.900955281775953,24.80643653869629,23.165250411254675,24.80643653869629,61400,0.0,0.0
2020-03-27 00:00:00-04:00,24.60836148565905,24.60836148565905,22.69364356994629,22.69364356994629,6500,0.0,0.0
2020-03-30 00:00:00-04:00,22.467273130455972,23.240705428799345,21.693840832112603,23.06149673461914,8900,0.0,0.0
2020-03-31 00:00:00-04:00,23.768903780714854,23.768903780714854,22.372950963830885,22.929445266723633,16500,0.0,0.0
2020-04-01 00:00:00-04:00,22.467274116734547,22.97660865694769,21.45803915634697,21.769298553466797,16800,0.0,0.0
2020-04-02 00:00:00-04:00,22.231471461967153,23.00490379333496,21.59952034747836,23.00490379333496,19100,0.0,0.0
2020-04-03 00:00:00-04:00,23.259571063135954,23.674584191808172,22.391817320838378,23.00490379333496,16700,0.0,0.0
2020-04-06 00:00:00-04:00,23.948112777519704,24.551768689559367,22.86342111857087,23.797199249267578,22000,0.0,0.0
2020-04-07 00:00:00-04:00,24.730977075490724,24.730977075490724,21.81645667357782,22.16544532775879,22400,0.0,0.0
2020-04-08 00:00:00-04:00,22.26920019069067,23.97641066972987,22.19374342363455,23.85379409790039,13100,0.0,0.0
2020-04-09 00:00:00-04:00,24.28766869978303,25.042236328125,23.86322328444621,25.042236328125,13200,0.0,0.0
2020-04-13 00:00:00-04:00,24.863028704732002,25.93828807088981,24.74984265612166,25.023374557495117,9400,0.0,0.0
2020-04-14 00:00:00-04:00,25.183720618360944,25.730782626597225,24.51404023986428,25.419523239135742,15500,0.0,0.0
2020-04-15 00:00:00-04:00,24.58006434915168,24.995077459759443,23.64628619955762,23.78776741027832,15700,0.0,0.0
2020-04-16 00:00:00-04:00,23.391617636806554,23.391617636806554,21.59951820317745,22.6842098236084,17200,0.0,0.0
2020-04-17 00:00:00-04:00,23.250137040795035,23.401050567626953,22.54272920913374,23.401050567626953,17800,0.0,0.0
2020-04-20 00:00:00-04:00,23.165246513027753,23.702876143731288,21.778727897053848,22.62761688232422,10000,0.0,0.0
2020-04-21 00:00:00-04:00,21.882482598576782,22.910582106640266,21.401445065526158,22.061691284179688,9900,0.0,0.0
2020-04-22 00:00:00-04:00,22.35408912743013,22.401248931884766,21.70327339157505,22.401248931884766,10000,0.0,0.0
2020-04-23 00:00:00-04:00,20.995863708504153,24.410284347196168,20.995863708504153,23.750038146972656,17000,0.0,0.0
2020-04-24 00:00:00-04:00,23.627421515859673,24.099026750100634,22.608754281860445,23.570829391479492,15700,0.0,0.0
2020-04-27 00:00:00-04:00,23.335026883047853,24.91018844471063,23.335026883047853,24.551769256591797,27200,0.0,0.0
2020-04-28 00:00:00-04:00,25.655325976386894,26.381596684406844,25.004510236364975,26.070337295532227,24200,0.0,0.0
2020-04-29 00:00:00-04:00,27.35310354612804,27.95675766938709,26.607966413577856,26.6268310546875,24800,0.0,0.0
2020-04-30 00:00:00-04:00,27.730387281838606,28.201992513839368,26.192955017089844,26.192955017089844,48200,0.0,0.0
2020-05-01 00:00:00-04:00,26.07033733022931,26.07033733022931,23.48594080724841,25.05167007446289,21400,0.0,0.0
2020-05-04 00:00:00-04:00,24.50460719140616,24.957347778080685,23.966977519851262,24.52347183227539,14400,0.0,0.0
2020-05-05 00:00:00-04:00,24.523471497591597,24.561200778815152,23.24070472048915,23.401050567626953,23000,0.0,0.0
2020-05-06 00:00:00-04:00,23.599126796735536,24.438583553772222,22.571027222844403,23.344459533691406,30400,0.0,0.0
2020-05-07 00:00:00-04:00,23.438780458610903,23.5048049034386,22.646483522616137,23.353891372680664,18100,0.0,0.0
2020-05-08 00:00:00-04:00,23.34445897536991,24.099026626678484,22.920013547114348,23.90095329284668,21600,0.0,0.0
2020-05-11 00:00:00-04:00,24.04243468892279,24.04243468892279,22.514434733422764,23.06149673461914,27600,0.0,0.0
2020-05-12 00:00:00-04:00,23.014336188221115,23.014336188221115,21.76929859723841,22.240903854370117,35000,0.0,0.0
2020-05-13 00:00:00-04:00,22.174877860805907,22.250334624727,21.23166741227668,21.542926788330078,11200,0.0,0.0
2020-05-14 00:00:00-04:00,20.75063069086512,22.05226036990019,20.46766826469309,21.816457748413086,18100,0.0,0.0
2020-05-15 00:00:00-04:00,21.693839304742145,22.10885238647461,21.22223410246514,22.10885238647461,7600,0.0,0.0
2020-05-18 00:00:00-04:00,22.56159408884046,24.14618793639937,22.56159408884046,24.05186653137207,18100,0.0,0.0
2020-05-19 00:00:00-04:00,24.099026900185105,24.099026900185105,21.807026958686073,22.514434814453125,13000,0.0,0.0
2020-05-20 00:00:00-04:00,22.54272920913374,23.56139641476476,22.54272920913374,23.401050567626953,9900,0.0,0.0
2020-05-21 00:00:00-04:00,23.401051471133027,23.995275080128714,22.901151068838004,23.202978134155273,10600,0.0,0.0
2020-05-22 00:00:00-04:00,23.372756056633264,23.570829391479492,23.042632032858354,23.570829391479492,6300,0.0,0.0
2020-05-26 00:00:00-04:00,24.2782367765951,24.514039389187165,23.410483090295063,23.834928512573242,14800,0.0,0.0
2020-05-27 00:00:00-04:00,24.419720281870582,24.523474016862718,23.96697965486525,24.155622482299805,16400,0.0,0.0
2020-05-28 00:00:00-04:00,24.514040144266552,24.514040144266552,22.93887857167233,23.16524887084961,14400,0.0,0.0
2020-05-29 00:00:00-04:00,23.118089342131572,23.674583675547595,22.401249153340917,23.052064895629883,13900,0.0,0.0
2020-06-01 00:00:00-04:00,22.8539891776505,24.514039815019004,22.608754240411056,23.353891372680664,15200,0.0,0.0
2020-06-02 00:00:00-04:00,23.73117600731505,23.90095418495428,23.344459846706254,23.448213577270508,4500,0.0,0.0
2020-06-03 00:00:00-04:00,23.580261277284045,24.24993983402395,22.967174843880894,23.797199249267578,10400,0.0,0.0
2020-06-04 00:00:00-04:00,23.76890365713162,24.136755150712787,23.467074807056335,24.023569107055664,15400,0.0,0.0
2020-06-05 00:00:00-04:00,24.504608925792656,25.09883256201319,24.17448488334028,24.636659622192383,30600,0.0,0.0
2020-06-08 00:00:00-04:00,25.42895348664324,26.25897971027864,25.381793682609253,25.53270721435547,15600,0.0,0.0
2020-06-09 00:00:00-04:00,24.825298291802596,25.645892159527257,24.730976888760626,24.863027572631836,11800,0.0,0.0
2020-06-10 00:00:00-04:00,25.438386307584764,25.438386307584764,22.844557456012684,23.01433563232422,12000,0.0,0.0
2020-06-11 00:00:00-04:00,22.269198675987816,24.146187202992383,21.06188868617731,21.080753326416016,20700,0.0,0.0
2020-06-12 00:00:00-04:00,21.69384077713637,21.976803198095233,21.00529756684692,21.278827667236328,19100,0.0,0.0
2020-06-15 00:00:00-04:00,20.95813515726687,21.542926416844583,20.5714190239609,21.22223472595215,15700,0.0,0.0
2020-06-16 00:00:00-04:00,21.778729110013483,22.11828544264553,21.080753603294042,21.69384002685547,17900,0.0,0.0
2020-06-17 00:00:00-04:00,21.77872828580328,22.259765805816897,21.53349336585333,21.63724708557129,10300,0.0,0.0
2020-06-18 00:00:00-04:00,21.807025821096698,22.13714803067514,21.335420608520508,21.335420608520508,8500,0.0,0.0
2020-06-19 00:00:00-04:00,21.797593980608468,21.97680267002843,20.863815855043946,21.033592224121094,21200,0.0,0.0
2020-06-22 00:00:00-04:00,21.033594314497694,21.571225833282348,21.033594314497694,21.42974281311035,7500,0.0,0.0
2020-06-23 00:00:00-04:00,21.514630582256835,21.759865523364443,20.939273411803626,21.127914428710938,9800,0.0,0.0
2020-06-24 00:00:00-04:00,20.93927497430481,21.788164111310383,20.760064465693524,20.80722427368164,14300,0.0,0.0
2020-06-25 00:00:00-04:00,20.750632317511588,21.52406468877382,20.750632317511588,21.458040237426758,11300,0.0,0.0
2020-06-26 00:00:00-04:00,21.203369787519215,22.306926049719134,20.67517245660377,22.174877166748047,57800,0.0,0.0
2020-06-29 00:00:00-04:00,22.0805566517185,22.0805566517185,21.561791620045085,21.68440818786621,13800,0.0,0.0
2020-06-30 00:00:00-04:00,21.778731513550515,21.939077377319336,21.212804829717534,21.939077377319336,16800,0.0,0.0
2020-07-01 00:00:00-04:00,22.071124591864578,22.30692720886961,21.71270540559066,22.297494888305664,8500,0.0,0.0
2020-07-02 00:00:00-04:00,22.87285534093978,23.344460605701425,22.335225626956515,22.523866653442383,11000,0.0,0.0
2020-07-06 00:00:00-04:00,22.76910111976653,23.099225157841623,22.53329849243164,22.53329849243164,5800,0.0,0.0
2020-07-07 00:00:00-04:00,21.79759438086135,22.382383860604502,21.448605717893713,21.608951568603516,12200,0.0,0.0
2020-07-08 00:00:00-04:00,21.693839793800848,22.061691284179688,21.42030790677886,22.061691284179688,10100,0.0,0.0
2020-07-09 00:00:00-04:00,22.06169228418913,22.589891441891435,21.222235542850793,21.278827667236328,16000,0.0,0.0
2020-07-10 00:00:00-04:00,21.212802260750227,22.061691284179688,21.212802260750227,22.061691284179688,5200,0.0,0.0
2020-07-13 00:00:00-04:00,22.023965167141125,22.023965167141125,21.278828021045342,21.599519729614258,10800,0.0,0.0
2020-07-14 00:00:00-04:00,21.590086494982533,21.976802633234602,21.42974064748549,21.8353214263916,11500,0.0,0.0
2020-07-15 00:00:00-04:00,22.16544618779976,22.92001384904854,21.882483764589267,22.731372833251953,22500,0.0,0.0
2020-07-16 00:00:00-04:00,22.11828533114844,23.09922324409564,21.882482723349547,22.023963928222656,5100,0.0,0.0
2020-07-17 00:00:00-04:00,22.05225959017435,22.637050862359008,21.552359201677206,21.976802825927734,3700,0.0,0.0
2020-07-20 00:00:00-04:00,21.967373360264283,21.967373360264283,21.580655401005295,21.70327377319336,2900,0.0,0.0
2020-07-21 00:00:00-04:00,21.882483390874963,22.61818639827021,21.458037964276798,22.15601348876953,6700,0.0,0.0
2020-07-22 00:00:00-04:00,22.156013762687845,22.16544608328788,21.70327316807328,22.042829513549805,7700,0.0,0.0
2020-07-23 00:00:00-04:00,22.108853566234203,22.108853566234203,21.458037848634792,21.467470169067383,5500,0.0,0.0
2020-07-24 00:00:00-04:00,21.599519563369533,21.816457541310793,21.495767634241357,21.712705612182617,4100,0.0,0.0
2020-07-27 00:00:00-04:00,21.712707520363747,21.712707520363747,21.316559013249996,21.458040237426758,5500,0.0,0.0
2020-07-28 00:00:00-04:00,21.363715485948397,21.693839490170248,21.363715485948397,21.4863338470459,7100,0.0,0.0
2020-07-29 00:00:00-04:00,21.750434212812348,21.750434212812348,21.429742490241797,21.618385314941406,3200,0.0,0.0
2020-07-30 00:00:00-04:00,21.34485129057284,21.656110661258896,21.03359191988679,21.22223472595215,7300,0.0,0.0
2020-07-31 00:00:00-04:00,21.118482236978952,21.51463071364413,20.750630722586727,20.79779052734375,9400,0.0,0.0
2020-08-03 00:00:00-04:00,21.68440906134346,21.68440906134346,20.844952296592734,20.977001190185547,9200,0.0,0.0
2020-08-04 00:00:00-04:00,21.21280201165883,21.21280201165883,20.910974966786437,20.939271926879883,7400,0.0,0.0
2020-08-05 00:00:00-04:00,21.3071231842041,21.3071231842041,20.967566862852298,21.3071231842041,4300,0.0,0.0
2020-08-06 00:00:00-04:00,21.22223661242711,21.401447114216367,21.090187715862022,21.259965896606445,5400,0.0,0.0
2020-08-07 00:00:00-04:00,21.325989949267733,22.061692986803724,21.137347129933183,21.95794105529785,14800,0.0,0.0
2020-08-10 00:00:00-04:00,21.788163376947765,22.156014904144556,21.580655911118768,21.91077995300293,5900,0.0,0.0
2020-08-11 00:00:00-04:00,22.07112329541047,22.222036817506556,21.4863338470459,21.4863338470459,6200,0.0,0.0
2020-08-12 00:00:00-04:00,21.910777638119296,22.42954444885254,21.703271993244662,22.42954444885254,6600,0.0,0.0
2020-08-13 00:00:00-04:00,22.05226007681784,22.401248743554312,21.788162295642227,22.259767532348633,5700,0.0,0.0
2020-08-14 00:00:00-04:00,22.156014764163906,22.259768496422893,21.6844095070322,22.240903854370117,3600,0.0,0.0
2020-08-17 00:00:00-04:00,22.372949647033796,22.637049202042128,21.891912135606677,22.62761688232422,9000,0.0,0.0
2020-08-18 00:00:00-04:00,22.2786329267577,22.2786329267577,21.590087890625,21.590087890625,4200,0.0,0.0
2020-08-19 00:00:00-04:00,21.693839443707414,22.071123248139585,21.674974803728034,22.033395767211914,6400,0.0,0.0
2020-08-20 00:00:00-04:00,21.674977271129176,21.83532313114493,21.599520501653014,21.731571197509766,7800,0.0,0.0
2020-08-21 00:00:00-04:00,21.561790947477693,21.59951842908,21.410877423006216,21.552358627319336,4300,0.0,0.0
2020-08-24 00:00:00-04:00,21.70327216927051,21.92964245616004,21.514629364013672,21.514629364013672,4700,0.0,0.0
2020-08-25 00:00:00-04:00,21.816456977024778,22.014532107566627,21.78816181482678,21.976802825927734,3600,0.0,0.0
2020-08-26 00:00:00-04:00,21.87305387954719,21.87305387954719,21.4486083984375,21.4486083984375,3500,0.0,0.0
2020-08-27 00:00:00-04:00,21.47690188238098,22.023963858788456,21.45803724204907,21.514629364013672,7500,0.0,0.0
2020-08-28 00:00:00-04:00,21.722137786345943,21.797594552035395,21.514630331426556,21.788162231445312,4200,0.0,0.0
2020-08-31 00:00:00-04:00,21.75986477810996,21.75986477810996,21.505197525024414,21.505197525024414,8100,0.0,0.0
2020-09-01 00:00:00-04:00,21.55235836010432,21.665542602539062,21.458036958721305,21.665542602539062,6000,0.0,0.0
2020-09-02 00:00:00-04:00,21.476902075875476,21.69384004455354,21.467469755624542,21.656110763549805,4700,0.0,0.0
2020-09-03 00:00:00-04:00,21.693840990201142,21.693840990201142,21.458038370742432,21.674976348876953,5500,0.0,0.0
2020-09-04 00:00:00-04:00,21.854187473233356,22.023965651981637,21.561792720406462,21.882484436035156,14600,0.0,0.0
2020-09-08 00:00:00-04:00,21.7127057792985,21.8353223506778,21.54292760428775,21.599519729614258,6400,0.0,0.0
2020-09-09 00:00:00-04:00,21.70327215179081,21.797593554343262,21.552358627319336,21.552358627319336,11000,0.0,0.0
2020-09-10 00:00:00-04:00,21.693842877398477,21.693842877398477,21.410880429044962,21.458040237426758,8300,0.0,0.0
2020-09-11 00:00:00-04:00,21.505200045808554,21.712707520363747,21.458040237426758,21.458040237426758,10300,0.0,0.0
2020-09-14 00:00:00-04:00,21.719368441626326,22.096843496625898,21.680652104653777,22.067806243896484,9000,0.58,0.0
2020-09-15 00:00:00-04:00,21.680651421432973,21.777440414717685,21.622578763900744,21.690330505371094,10300,0.0,0.0
2020-09-16 00:00:00-04:00,21.700010800252393,21.864551544189453,21.680652631295892,21.864551544189453,13900,0.0,0.0
2020-09-17 00:00:00-04:00,21.583861653467473,22.609822360926877,21.583861653467473,21.941980361938477,12000,0.0,0.0
2020-09-18 00:00:00-04:00,22.145236664049065,22.513034474130862,21.58386271095795,21.825834274291992,24400,0.0,0.0
2020-09-21 00:00:00-04:00,21.487077492229393,21.854873489245968,21.438682067558336,21.458040237426758,21900,0.0,0.0
2020-09-22 00:00:00-04:00,21.458039305584833,21.66129454208659,21.409645729112018,21.419322967529297,15100,0.0,0.0
2020-09-23 00:00:00-04:00,21.758083766379528,21.816158274064055,21.438681358501146,21.448360443115234,6300,0.0,0.0
2020-09-24 00:00:00-04:00,21.438681358501146,21.487076781571584,21.09024354287713,21.448360443115234,21000,0.0,0.0
2020-09-25 00:00:00-04:00,21.361249820550874,21.59354230530938,21.361249820550874,21.43868064880371,15200,0.0,0.0
2020-09-28 00:00:00-04:00,21.583862352280217,21.95166015625,21.583862352280217,21.95166015625,5200,0.0,0.0
2020-09-29 00:00:00-04:00,21.845192768148586,21.845192768148586,21.48707588288849,21.777441024780273,9600,0.0,0.0
2020-09-30 00:00:00-04:00,21.738724281480327,21.806477869678357,21.53546905517578,21.53546905517578,3800,0.0,0.0
2020-10-01 00:00:00-04:00,21.535469765139922,21.758083166839988,21.535469765139922,21.545148849487305,5600,0.0,0.0
2020-10-02 00:00:00-04:00,21.487075805664062,21.777440946512275,21.36124955749237,21.487075805664062,11400,0.0,0.0
2020-10-05 00:00:00-04:00,21.661293739941225,21.874229899168174,21.661293739941225,21.67097282409668,8400,0.0,0.0
2020-10-06 00:00:00-04:00,21.96133882510665,22.242024868634857,21.59354102808788,21.709688186645508,13200,0.0,0.0
2020-10-07 00:00:00-04:00,22.038770208644564,24.72949278420544,22.038770208644564,23.713212966918945,13700,0.0,0.0
2020-10-08 00:00:00-04:00,23.935826980956936,23.935826980956936,23.248628616333008,23.248628616333008,11000,0.0,0.0
2020-10-09 00:00:00-04:00,23.7906432780662,23.7906432780662,23.335737418031236,23.54867172241211,6300,0.0,0.0
2020-10-12 00:00:00-04:00,23.58738833277947,23.58738833277947,23.01633530708218,23.13248062133789,6500,0.0,0.0
2020-10-13 00:00:00-04:00,23.17119738142329,23.616424171056252,22.44528269268531,22.4549617767334,7400,0.0,0.0
2020-10-14 00:00:00-04:00,22.629179209860833,22.97761884286883,22.096842522628815,22.106521606445312,7200,0.0,0.0
2020-10-15 00:00:00-04:00,22.01941117343526,23.306699752807617,22.01941117343526,23.306699752807617,8300,0.0,0.0
2020-10-16 00:00:00-04:00,23.19055367887537,25.465086737066045,21.71936798095703,21.71936798095703,135800,0.0,0.0
2020-10-19 00:00:00-04:00,22.28074313310809,23.006657860194693,21.874230812095725,22.261384963989258,20800,0.0,0.0
2020-10-20 00:00:00-04:00,22.50335490186963,22.667895635211032,22.10652169429857,22.396886825561523,8000,0.0,0.0
2020-10-21 00:00:00-04:00,22.183952740645694,22.532392378519116,22.019412005660634,22.42592430114746,7600,0.0,0.0
2020-10-22 00:00:00-04:00,23.742249630217007,23.742249630217007,22.36785112460863,22.629179000854492,43700,0.0,0.0
2020-10-23 00:00:00-04:00,22.8324369268112,23.10344574308694,22.56142811053546,22.92922592163086,20900,0.0,0.0
2020-10-26 00:00:00-04:00,22.590465478907763,23.58738899230957,21.980696100677736,23.58738899230957,18400,0.0,0.0
2020-10-27 00:00:00-04:00,23.442204770429562,23.6357827626669,22.69693374633789,22.69693374633789,16400,0.0,0.0
2020-10-28 00:00:00-04:00,22.309778156291937,22.929226634745103,22.019413008898937,22.203311920166016,8200,0.0,0.0
2020-10-29 00:00:00-04:00,22.11620161572244,23.442204770429562,22.07748527883635,22.69693374633789,16200,0.0,0.0
2020-10-30 00:00:00-04:00,23.08408668439808,23.887432172046818,22.067805047141142,22.077484130859375,19100,0.0,0.0
2020-11-02 00:00:00-05:00,22.590464935324754,22.842115578655203,22.387207865440104,22.503355026245117,6300,0.0,0.0
2020-11-03 00:00:00-05:00,22.851795196533203,23.2099120790317,22.358172982246472,22.851795196533203,34100,0.0,0.0
2020-11-04 00:00:00-05:00,22.464639782309376,22.648538693313913,22.183953719709745,22.571107864379883,17400,0.0,0.0
2020-11-05 00:00:00-05:00,22.45496187772071,23.480920792177432,22.26138388808139,22.92922592163086,21800,0.0,0.0
2020-11-06 00:00:00-05:00,23.035692944322502,23.21959185617596,22.493677139282227,22.493677139282227,8100,0.0,0.0
2020-11-09 00:00:00-05:00,23.568029652332964,25.165041534330822,23.568029652332964,24.148761749267578,26000,0.0,0.0
2020-11-10 00:00:00-05:00,24.468164941933928,25.571554670651665,24.206835212680833,25.552196502685547,31700,0.0,0.0
2020-11-11 00:00:00-05:00,25.64898580235581,25.69737937675183,24.700457713860157,25.319904327392578,14800,0.0,0.0
2020-11-12 00:00:00-05:00,24.835959407552917,24.96178564566079,23.771284232769933,23.87775230407715,19000,0.0,0.0
2020-11-13 00:00:00-05:00,24.216514341866933,24.477844071607834,23.906791038216905,24.003578186035156,23200,0.0,0.0
2020-11-16 00:00:00-05:00,24.119726366026864,25.252153396606445,24.119726366026864,25.252153396606445,17200,0.0,0.0
2020-11-17 00:00:00-05:00,25.029539292768384,25.068253783226673,24.158440181250175,24.690778732299805,29700,0.0,0.0
2020-11-18 00:00:00-05:00,24.71981518841124,25.852240304712787,24.71981518841124,25.310224533081055,26100,0.0,0.0
2020-11-19 00:00:00-05:00,25.368298480093834,26.09421318916156,24.487522114112718,25.774810791015625,26300,0.0,0.0
2020-11-20 00:00:00-05:00,25.26183170843672,26.05549814479148,25.097290970697575,25.687702178955078,19700,0.0,0.0
2020-11-23 00:00:00-05:00,25.93935145700079,25.93935145700079,25.41669382795842,25.484445571899414,17800,0.0,0.0
2020-11-24 00:00:00-05:00,25.939351748519243,27.371824856056293,25.619949347710268,27.275035858154297,23700,0.0,0.0
2020-11-25 00:00:00-05:00,27.0330644807755,27.20728430903216,26.597514910133853,26.936275482177734,9700,0.0,0.0
2020-11-27 00:00:00-05:00,26.616873612605904,27.042744107314654,26.19100311789715,26.733020782470703,3400,0.0,0.0
2020-11-30 00:00:00-05:00,26.674945130725497,26.674945130725497,25.648986199646668,26.113571166992188,6600,0.0,0.0
2020-12-01 00:00:00-05:00,26.442652840264973,26.520083668721668,25.774810791015625,25.774810791015625,6100,0.0,0.0
2020-12-02 00:00:00-05:00,25.968389001718815,27.275035858154297,25.968389001718815,27.275035858154297,14700,0.0,0.0
2020-12-03 00:00:00-05:00,26.974990234324938,27.197603625745806,26.79109133240938,26.887880325317383,4300,0.0,0.0
2020-12-04 00:00:00-05:00,27.371824264526367,27.371824264526367,26.868522963190056,27.371824264526367,4700,0.0,0.0
2020-12-07 00:00:00-05:00,27.410538934168137,27.72994133016006,27.168567366110725,27.584758758544922,13100,0.0,0.0
2020-12-08 00:00:00-05:00,27.58475857230891,28.020308130310298,27.1976044352502,27.923519134521484,15600,0.0,0.0
2020-12-09 00:00:00-05:00,28.088060652537536,28.088060652537536,27.3040714263916,27.3040714263916,10400,0.0,0.0
2020-12-10 00:00:00-05:00,27.391180568322657,27.468611395699323,26.916916519878516,27.187925338745117,9900,0.0,0.0
2020-12-11 00:00:00-05:00,27.139532368749453,27.275035858154297,26.887881712642898,27.275035858154297,4200,0.0,0.0
2020-12-14 00:00:00-05:00,27.236319539023405,27.236319539023405,26.72334098815918,26.72334098815918,7700,0.0,0.0
2020-12-15 00:00:00-05:00,26.907236647021794,27.342786192059567,26.56847794098851,26.887880325317383,12600,0.0,0.0
2020-12-16 00:00:00-05:00,27.15888757808823,27.700905205681046,26.994346842229074,27.02338409423828,9100,0.0,0.0
2020-12-17 00:00:00-05:00,27.400859823495267,27.95255470275879,26.9653121090698,27.95255470275879,7200,0.0,0.0
2020-12-18 00:00:00-05:00,28.31067323378809,28.31067323378809,27.555721282958984,27.555721282958984,31000,0.0,0.0
2020-12-21 00:00:00-05:00,27.245998486235592,27.487970056887946,26.781413513646253,27.168567657470703,9600,0.0,0.0
2020-12-22 00:00:00-05:00,26.994347726214098,26.994347726214098,25.629628220731487,26.510404586791992,15900,0.0,0.0
2020-12-23 00:00:00-05:00,26.568477830634247,27.575078552845625,26.568477830634247,27.333106994628906,8200,0.0,0.0
2020-12-24 00:00:00-05:00,27.323427603441235,27.323427603441235,26.64590835571289,26.64590835571289,1400,0.0,0.0
2020-12-28 00:00:00-05:00,27.03306376812669,27.565400477235983,26.92659568786621,26.92659568786621,10900,0.0,0.0
2020-12-29 00:00:00-05:00,27.410537275254793,27.410537275254793,26.40393657302666,26.98466682434082,7400,0.0,0.0
2020-12-30 00:00:00-05:00,26.955631751628026,26.955631751628026,26.568477630615234,26.568477630615234,3700,0.0,0.0
2020-12-31 00:00:00-05:00,26.733018976003063,27.12985218990569,26.278111258044063,26.655588150024414,7400,0.0,0.0
2021-01-04 00:00:00-05:00,26.65558873979128,27.149209112516406,26.132929268298955,26.558799743652344,15800,0.0,0.0
2021-01-05 00:00:00-05:00,26.510403897225967,27.37182391833646,25.97806719614697,26.68462371826172,18600,0.0,0.0
2021-01-06 00:00:00-05:00,27.439575501995506,28.87204670607551,27.439575501995506,27.75897789001465,27900,0.0,0.0
2021-01-07 00:00:00-05:00,28.165490292671002,28.62039616635881,28.165490292671002,28.23324203491211,10500,0.0,0.0
2021-01-08 00:00:00-05:00,28.2622798875443,28.271957125701622,27.197604618872376,27.584758758544922,11500,0.0,0.0
2021-01-11 00:00:00-05:00,27.681548366606627,28.959157978802892,26.636231243346355,28.59136199951172,20100,0.0,0.0
2021-01-12 00:00:00-05:00,28.35906695209616,29.133377075195312,28.233242549369443,29.133377075195312,13700,0.0,0.0
2021-01-13 00:00:00-05:00,29.52052938009391,29.52052938009391,29.03658627550221,29.055944442749023,10200,0.0,0.0
2021-01-14 00:00:00-05:00,29.530209483241844,30.072225262190532,29.297917006549547,29.752822875976562,4400,0.0,0.0
2021-01-15 00:00:00-05:00,29.143056925764654,30.198053134733183,29.143056925764654,29.249523162841797,8000,0.0,0.0
2021-01-19 00:00:00-05:00,29.83993247274945,29.98511503839843,29.14305504997645,29.433420181274414,10700,0.0,0.0
2021-01-20 00:00:00-05:00,29.152736548273438,29.45278078827731,28.910764970119462,29.046268463134766,20400,0.0,0.0
2021-01-21 00:00:00-05:00,29.036588668823242,30.169015700751213,28.53328735550046,29.036588668823242,12700,0.0,0.0
2021-01-22 00:00:00-05:00,28.813974200728484,30.25612449645996,28.19452574333697,30.25612449645996,17100,0.0,0.0
2021-01-25 00:00:00-05:00,29.51085214729585,29.936722622952775,28.794616529111718,29.317276000976562,11500,0.0,0.0
2021-01-26 00:00:00-05:00,29.259200719373098,29.675392099758383,28.75589942932129,28.75589942932129,8000,0.0,0.0
2021-01-27 00:00:00-05:00,28.475215318004516,30.362594361205687,27.671869754436642,28.572004318237305,20900,0.0,0.0
2021-01-28 00:00:00-05:00,28.98819446833148,29.568924752320203,28.60103848421026,28.765579223632812,15100,0.0,0.0
2021-01-29 00:00:00-05:00,28.95915721569342,29.45277943396108,28.53328674081801,28.765579223632812,15100,0.0,0.0
2021-02-01 00:00:00-05:00,28.92044131049658,29.90768576176708,28.78493782168962,29.375349044799805,29800,0.0,0.0
2021-02-02 00:00:00-05:00,29.06562617621265,30.256125878979965,29.06562617621265,29.723787307739258,11900,0.0,0.0
2021-02-03 00:00:00-05:00,29.520531422739992,29.927043732569125,28.978515625,28.978515625,11900,0.0,0.0
2021-02-04 00:00:00-05:00,28.533285786577718,29.76250174903178,28.533285786577718,29.355989456176758,11400,0.0,0.0
2021-02-05 00:00:00-05:00,30.37226981302951,30.37226981302951,29.36566906967515,30.25612449645996,9700,0.0,0.0
2021-02-08 00:00:00-05:00,30.09158375851055,30.178693668982895,29.046266678938885,29.704429626464844,21300,0.0,0.0
2021-02-09 00:00:00-05:00,29.520531633132556,29.781861372620188,29.03658849160579,29.559247970581055,11200,0.0,0.0
2021-02-10 00:00:00-05:00,29.26888106970529,29.578604385877316,28.56232452392578,28.56232452392578,36100,0.0,0.0
2021-02-11 00:00:00-05:00,28.784936619132317,28.93979827018388,27.77833588729717,28.649433135986328,11000,0.0,0.0
2021-02-12 00:00:00-05:00,28.397783799390318,28.8914060271376,27.78801440495685,28.010629653930664,30300,0.0,0.0
2021-02-16 00:00:00-05:00,28.242921342248536,28.465534738828303,27.923518950517757,28.262279510498047,11400,0.0,0.0
2021-02-17 00:00:00-05:00,27.58475948068547,28.271957865832317,27.58475948068547,27.778337478637695,11700,0.0,0.0
2021-02-18 00:00:00-05:00,27.681547978358196,27.788014213816908,27.594438065466885,27.61379623413086,7200,0.0,0.0
2021-02-19 00:00:00-05:00,27.700906104139833,28.533287048339844,27.700906104139833,28.533287048339844,24800,0.0,0.0
2021-02-22 00:00:00-05:00,28.300994477129127,30.256125196912365,28.21388456463704,28.79461669921875,20300,0.0,0.0
2021-02-23 00:00:00-05:00,29.210807971308416,29.53988945132938,28.552645011266485,28.688148498535156,14800,0.0,0.0
2021-02-24 00:00:00-05:00,29.036587376288285,29.92704279633832,28.843009388674425,29.675392150878906,26300,0.0,0.0
2021-02-25 00:00:00-05:00,30.430345193704063,30.672316763971217,29.249522749298556,30.29483985900879,31400,0.0,0.0
2021-02-26 00:00:00-05:00,30.401307126633505,32.182217983800726,30.323876300065212,31.359516143798828,22500,0.0,0.0
2021-03-01 00:00:00-05:00,32.06607172769505,32.47258217069841,31.698273927697066,31.872493743896484,19300,0.0,0.0
2021-03-02 00:00:00-05:00,31.93056824669394,32.821021803097246,31.872493743896484,31.872493743896484,20300,0.0,0.0
2021-03-03 00:00:00-05:00,32.00799935641465,33.58565504497376,31.75635054525345,32.63712692260742,24000,0.0,0.0
2021-03-04 00:00:00-05:00,32.637128989119084,33.59533441050444,32.42419281005859,32.66616439819336,18300,0.0,0.0
2021-03-05 00:00:00-05:00,32.90813271514983,33.54693749663855,32.66616115106785,32.93716812133789,15200,0.0,0.0
2021-03-08 00:00:00-05:00,32.73391249311799,33.44046900852911,32.73391249311799,33.14042663574219,18800,0.0,0.0
2021-03-09 00:00:00-05:00,33.35336064218654,33.546938638479574,33.07267273217129,33.372718811035156,10700,0.0,0.0
2021-03-10 00:00:00-05:00,33.19849757794607,34.369639052251976,33.00491958984925,34.350284576416016,62100,0.0,0.0
2021-03-11 00:00:00-05:00,34.1276682190671,34.60193411542389,33.7114805202307,34.0986328125,16400,0.0,0.0
2021-03-12 00:00:00-05:00,34.09863256380519,35.03748341935359,33.70179934411239,34.88262176513672,27600,0.0,0.0
2021-03-15 00:00:00-04:00,34.76450752673222,34.76450752673222,33.927877328357,34.164100646972656,30200,0.6,0.0
2021-03-16 00:00:00-04:00,34.51843985846721,34.51843985846721,32.75659099941659,33.99677658081055,36700,0.0,0.0
2021-03-17 00:00:00-04:00,33.809763698599774,34.20347425667255,31.417982759208797,32.24477005004883,53600,0.0,0.0
2021-03-18 00:00:00-04:00,32.353037697232395,33.34715507628872,32.24476711587955,32.59910583496094,17300,0.0,0.0
2021-03-19 00:00:00-04:00,32.57942201013354,32.93376075180203,31.33924016899585,32.923919677734375,105400,0.0,0.0
2021-03-22 00:00:00-04:00,33.26841305894829,33.26841305894829,31.319553765619638,31.841217041015625,26900,0.0,0.0
2021-03-23 00:00:00-04:00,31.78216303062468,31.949487569712243,31.15222729249372,31.624679565429688,18000,0.0,0.0
2021-03-24 00:00:00-04:00,31.683733284509984,32.70737767807868,31.683733284509984,32.2250862121582,56000,0.0,0.0
2021-03-25 00:00:00-04:00,32.047917798139814,32.45146942138672,31.66404832311777,32.45146942138672,17700,0.0,0.0
2021-03-26 00:00:00-04:00,32.48099399716606,32.87470451719424,32.48099399716606,32.855018615722656,7400,0.0,0.0
2021-03-29 00:00:00-04:00,32.9239184842864,33.465267651233624,32.85501970420414,33.297943115234375,19700,0.0,0.0
2021-03-30 00:00:00-04:00,33.40621181192307,35.23695951003326,33.16998848263912,34.439701080322266,32200,0.0,0.0
2021-03-31 00:00:00-04:00,34.54796741098109,35.29601670375028,32.99281862603807,33.356998443603516,28200,0.0,0.0
2021-04-01 00:00:00-04:00,32.68769168521845,33.721177149745216,32.57942109998862,33.603065490722656,7900,0.0,0.0
2021-04-05 00:00:00-04:00,34.63655221309761,34.63655221309761,33.02234571392791,33.57353973388672,12800,0.0,0.0
2021-04-06 00:00:00-04:00,33.760547730437175,34.21331220252838,33.40620901151299,33.632591247558594,12100,0.0,0.0
2021-04-07 00:00:00-04:00,33.25857250322996,33.25857250322996,32.421938529136575,32.57942199707031,28200,0.0,0.0
2021-04-08 00:00:00-04:00,32.69753633662017,33.169986724853516,32.38256941113127,33.169986724853516,13600,0.0,0.0
2021-04-09 00:00:00-04:00,33.051875978224466,33.77039453148561,33.051875978224466,33.74086380004883,17800,0.0,0.0
2021-04-12 00:00:00-04:00,33.819606000886125,33.819606000886125,33.21919913429908,33.337310791015625,14500,0.0,0.0
2021-04-13 00:00:00-04:00,33.23888570737387,34.351114781793605,33.04203043907008,33.94756317138672,23800,0.0,0.0
2021-04-14 00:00:00-04:00,33.78023666778632,34.981050488788625,33.386526110332476,34.18378829956055,31200,0.0,0.0
2021-04-15 00:00:00-04:00,34.16410054989083,34.69560864731865,34.09520176926522,34.292057037353516,10700,0.0,0.0
2021-04-16 00:00:00-04:00,34.695607763245015,35.079473461149895,33.26841179934847,34.626708984375,14900,0.0,0.0
2021-04-19 00:00:00-04:00,34.53812747693762,34.990891995310506,33.51448301867545,34.360958099365234,18000,0.0,0.0
2021-04-20 00:00:00-04:00,34.597182566187676,35.06963295234798,34.57749666409326,35.02042007446289,19200,0.0,0.0
2021-04-21 00:00:00-04:00,35.246802632589436,35.246802632589436,34.794034389761215,34.981048583984375,14300,0.0,0.0
2021-04-22 00:00:00-04:00,34.961364851062854,35.10900349520312,34.52828623833505,34.83340835571289,16700,0.0,0.0
2021-04-23 00:00:00-04:00,35.207430706514,35.22711660871701,34.17394524641868,34.76450729370117,26600,0.0,0.0
2021-04-26 00:00:00-04:00,35.19758466908076,35.19758466908076,34.44953918457031,34.44953918457031,16200,0.0,0.0
2021-04-27 00:00:00-04:00,35.03026011399431,35.03026011399431,34.400326284377506,34.79403305053711,28300,0.0,0.0
2021-04-28 00:00:00-04:00,35.020421712215914,35.020421712215914,34.449541788885945,34.82356643676758,26700,0.0,0.0
2021-04-29 00:00:00-04:00,35.04994853853936,35.80783890519729,34.666082818153335,35.296016693115234,23600,0.0,0.0
2021-04-30 00:00:00-04:00,34.843252614862145,36.861010756057645,34.58733962834831,36.37871551513672,42500,0.0,0.0
2021-05-03 00:00:00-04:00,36.103120480549705,36.45745922919906,35.29601722182712,35.34523010253906,22100,0.0,0.0
2021-05-04 00:00:00-04:00,34.94167599978147,35.48302515869686,34.6267090798779,35.187744140625,27400,0.0,0.0
2021-05-05 00:00:00-04:00,35.06963248433662,35.246801846120114,34.6267090798779,35.187744140625,21600,0.0,0.0
2021-05-06 00:00:00-04:00,35.08931838616833,35.3845994042402,34.74482073616627,35.187744140625,12900,0.0,0.0
2021-05-07 00:00:00-04:00,34.498755138491774,35.41412899028512,34.498755138491774,35.2172737121582,16400,0.0,0.0
2021-05-10 00:00:00-04:00,35.10900159234493,35.729094377291965,35.020420663483044,35.286170959472656,23000,0.0,0.0
2021-05-11 00:00:00-04:00,34.892462804812936,35.41412605714622,34.498752281167775,34.538124084472656,12300,0.0,0.0
2021-05-12 00:00:00-04:00,34.92199143153242,34.99089021322353,34.341270446777344,34.341270446777344,21700,0.0,0.0
2021-05-13 00:00:00-04:00,34.69560810560251,35.20743029276002,34.58733752210932,34.93183517456055,21500,0.0,0.0
2021-05-14 00:00:00-04:00,35.26648911813003,36.41808625976287,34.89246447819969,36.28028869628906,12900,0.0,0.0
2021-05-17 00:00:00-04:00,35.73893899326061,36.378713922125456,35.73893899326061,36.231075286865234,7600,0.0,0.0
2021-05-18 00:00:00-04:00,36.270443473660215,36.43777176656227,35.75862503051758,35.75862503051758,12600,0.0,0.0
2021-05-19 00:00:00-04:00,35.39444125363224,36.152331594607084,34.79403437606113,35.670040130615234,23500,0.0,0.0
2021-05-20 00:00:00-04:00,35.69956632673803,36.56572723388672,35.55192394034044,36.56572723388672,22400,0.0,0.0
2021-05-21 00:00:00-04:00,36.81179488158317,37.235032378570864,36.0834315423224,37.077545166015625,21900,0.0,0.0
2021-05-24 00:00:00-04:00,37.43188432733744,37.64842549245879,36.97911984999449,37.25471496582031,23400,0.0,0.0
2021-05-25 00:00:00-04:00,37.03817930028107,37.323615503104016,35.67988204956055,35.67988204956055,20600,0.0,0.0
2021-05-26 00:00:00-04:00,35.80783796763002,35.975162506103516,35.66019557686944,35.975162506103516,10300,0.0,0.0
2021-05-27 00:00:00-04:00,36.10311937405204,37.53031539916992,36.10311937405204,37.53031539916992,16600,0.0,0.0
2021-05-28 00:00:00-04:00,36.910222279244316,37.3433008689614,36.08343315000116,37.225189208984375,15400,0.0,0.0
2021-06-01 00:00:00-04:00,37.43188454700107,37.43188454700107,36.96927899339325,37.343299865722656,13100,0.0,0.0
2021-06-02 00:00:00-04:00,37.00864729145802,37.0873908996582,36.95943441368385,37.0873908996582,5700,0.0,0.0
2021-06-03 00:00:00-04:00,36.95943410147575,37.18581634108611,36.92006229770824,37.12676239013672,10200,0.0,0.0
2021-06-04 00:00:00-04:00,37.23503325470269,37.776382419142834,37.12676267087428,37.431884765625,22500,0.0,0.0
2021-06-07 00:00:00-04:00,37.45157125888005,37.737011210806095,37.26456081867089,37.481101989746094,24000,0.0,0.0
2021-06-08 00:00:00-04:00,37.50078310863074,37.94370651245117,37.50078310863074,37.94370651245117,22200,0.0,0.0
2021-06-09 00:00:00-04:00,37.89449475545768,38.042137145996094,37.89449475545768,38.042137145996094,15500,0.0,0.0
2021-06-10 00:00:00-04:00,38.357104391978666,38.357104391978666,37.89449506885425,38.00276565551758,19200,0.0,0.0
2021-06-11 00:00:00-04:00,38.209461901184596,38.37679019505841,37.933866775630065,38.13072204589844,9600,0.0,0.0
2021-06-14 00:00:00-04:00,38.13072101723027,38.298045551888116,37.89449394834062,37.904335021972656,24000,0.0,0.0
2021-06-15 00:00:00-04:00,37.943707692338236,38.25867462158203,37.89449481365051,38.25867462158203,18000,0.0,0.0
2021-06-16 00:00:00-04:00,38.28820498944587,39.69571508383792,38.28820498944587,39.3315315246582,30100,0.0,0.0
2021-06-17 00:00:00-04:00,39.42996112424732,39.813826831814936,37.943707417606305,37.95355224609375,38400,0.0,0.0
2021-06-18 00:00:00-04:00,37.756699142711824,37.756699142711824,36.477145459227145,36.90038299560547,34400,0.0,0.0
2021-06-21 00:00:00-04:00,36.95943572921651,38.396472837702646,36.91022284969066,36.929908752441406,29000,0.0,0.0
2021-06-22 00:00:00-04:00,37.20550296963541,37.20550296963541,36.81179618837641,36.92006301879883,38000,0.0,0.0
2021-06-23 00:00:00-04:00,36.91022348936881,37.274403309814,36.91022348936881,37.19566345214844,40500,0.0,0.0
2021-06-24 00:00:00-04:00,37.20550338332105,37.855123146588326,37.15629050445422,37.786224365234375,36200,0.0,0.0
2021-06-25 00:00:00-04:00,37.845282213916555,37.983079777138656,37.31377410888672,37.31377410888672,663700,0.0,0.0
2021-06-28 00:00:00-04:00,37.53031396170711,38.33741716478022,37.303931722279465,37.471256256103516,21900,0.0,0.0
2021-06-29 00:00:00-04:00,37.45157079769569,37.73701074610679,36.959434509277344,36.959434509277344,42400,0.0,0.0
2021-06-30 00:00:00-04:00,36.85116667575493,36.94959619360682,36.427929135747284,36.51651382446289,18400,0.0,0.0
2021-07-01 00:00:00-04:00,36.86100910395716,36.86100910395716,36.339342080076285,36.57556915283203,18300,0.0,0.0
2021-07-02 00:00:00-04:00,36.55588452241797,37.01849385552979,36.55588452241797,36.76258087158203,14100,0.0,0.0
2021-07-06 00:00:00-04:00,36.91022202034692,36.91022202034692,35.92594943313767,36.231075286865234,33900,0.0,0.0
2021-07-07 00:00:00-04:00,36.08343495133008,36.447614778015705,35.66019741435672,35.86689376831055,23900,0.0,0.0
2021-07-08 00:00:00-04:00,35.54208230172848,35.92594799461731,35.384598844268915,35.48302459716797,15200,0.0,0.0
2021-07-09 00:00:00-04:00,35.679881499380656,36.654313018605016,35.679881499380656,36.31966018676758,10000,0.0,0.0
2021-07-12 00:00:00-04:00,36.06374769222175,37.06770620116028,36.06374769222175,36.7133674621582,11600,0.0,0.0
2021-07-13 00:00:00-04:00,36.72321025181342,36.72321025181342,36.280286852653965,36.38855743408203,11500,0.0,0.0
2021-07-14 00:00:00-04:00,36.48698403491697,36.58540979048237,36.3688723772981,36.398399353027344,3100,0.0,0.0
2021-07-15 00:00:00-04:00,36.41808546234746,37.23503350605704,36.41808546234746,37.17597579956055,11000,0.0,0.0
2021-07-16 00:00:00-04:00,37.60905466934813,38.86892613461586,37.36298652245939,38.51458740234375,29500,0.0,0.0
2021-07-19 00:00:00-04:00,37.6484267248292,37.88465379948523,37.15629042777261,37.225189208984375,17200,0.0,0.0
2021-07-20 00:00:00-04:00,37.42204378038791,38.878766741926235,37.42204378038791,37.992919921875,23400,0.0,0.0
2021-07-21 00:00:00-04:00,38.800025841344194,39.262635185733025,37.677955627441406,37.677955627441406,28400,0.0,0.0
2021-07-22 00:00:00-04:00,37.69763893379908,38.21930595260765,37.46141561804213,37.6484260559082,9200,0.0,0.0
2021-07-23 00:00:00-04:00,38.31773424207476,38.31773424207476,37.43188736265656,37.805912017822266,12300,0.0,0.0
2021-07-26 00:00:00-04:00,37.73701026996002,38.79018161351073,37.66811149082693,38.50474166870117,28600,0.0,0.0
2021-07-27 00:00:00-04:00,38.26852072188295,38.63270054191692,37.8846549987793,37.8846549987793,10400,0.0,0.0
2021-07-28 00:00:00-04:00,38.258673960639584,38.68191146850586,38.05197762090077,38.68191146850586,13100,0.0,0.0
2021-07-29 00:00:00-04:00,39.1642078168839,39.68587109553383,38.53427395103448,38.78034210205078,5600,0.0,0.0
2021-07-30 00:00:00-04:00,39.0756210175962,39.0756210175962,38.307885874777014,38.455528259277344,7400,0.0,0.0
2021-08-02 00:00:00-04:00,38.47521644177208,38.61301400630044,38.209462386737954,38.52442932128906,12600,0.0,0.0
2021-08-03 00:00:00-04:00,38.445690146494755,38.96735343708545,38.00276671358657,38.101192474365234,17600,0.0,0.0
2021-08-04 00:00:00-04:00,37.96339416503906,38.77049740268832,37.95355309103447,37.96339416503906,10600,0.0,0.0
2021-08-05 00:00:00-04:00,38.58348626378704,39.35121768218089,38.317732214027174,39.07562255859375,29300,0.0,0.0
2021-08-06 00:00:00-04:00,39.13467594497706,39.37090301513672,38.898452629519305,39.37090301513672,13800,0.0,0.0
2021-08-09 00:00:00-04:00,39.07562199346357,39.37090301513672,38.94766550734784,39.37090301513672,4700,0.0,0.0
2021-08-10 00:00:00-04:00,39.252792142239414,39.37090380232985,39.134676727447,39.164207458496094,12400,0.0,0.0
2021-08-11 00:00:00-04:00,39.13467656979287,39.29216003417969,39.105149593564704,39.29216003417969,2300,0.0,0.0
2021-08-12 00:00:00-04:00,39.37090289226558,39.37090289226558,39.154361724853516,39.154361724853516,4700,0.0,0.0
2021-08-13 00:00:00-04:00,38.77049670412088,39.27247782745683,38.46537460434997,39.07562255859375,16000,0.0,0.0
2021-08-16 00:00:00-04:00,39.02640877585223,39.36106159875533,38.88860746254942,39.06577682495117,3600,0.0,0.0
2021-08-17 00:00:00-04:00,38.85908026901102,39.124834311122484,38.49490047265167,38.97719192504883,10700,0.0,0.0
2021-08-18 00:00:00-04:00,39.02640816652707,39.075621043158776,38.11103439331055,38.11103439331055,13300,0.0,0.0
2021-08-19 00:00:00-04:00,37.97323899374568,38.53427407955792,37.796069624046865,37.96339416503906,14400,0.0,0.0
2021-08-20 00:00:00-04:00,38.002763904570735,38.37678852634699,37.953551027819024,37.98307800292969,6100,0.0,0.0
2021-08-23 00:00:00-04:00,38.21930704535618,38.426003391228754,37.95355299150487,38.09135055541992,10700,0.0,0.0
2021-08-24 00:00:00-04:00,38.31773280395207,38.36694568325001,37.95355299150487,38.09135055541992,5800,0.0,0.0
2021-08-25 00:00:00-04:00,37.963395227903185,38.750812584886624,37.963395227903185,38.40631866455078,10800,0.0,0.0
2021-08-26 00:00:00-04:00,38.66222528427296,38.66222528427296,38.00276446571848,38.37678909301758,10900,0.0,0.0
2021-08-27 00:00:00-04:00,38.55395598312338,39.164207699195465,38.30788783284651,38.56380081176758,16200,0.0,0.0
2021-08-30 00:00:00-04:00,38.51458957240504,38.90829637678884,38.051980228684364,38.366947174072266,9400,0.0,0.0
2021-08-31 00:00:00-04:00,38.71144442911494,39.09531015494472,38.32757494858305,38.53427505493164,8500,0.0,0.0
2021-09-01 00:00:00-04:00,38.73112604940844,39.29216114177014,38.67207209528746,39.04609298706055,12100,0.0,0.0
2021-09-02 00:00:00-04:00,39.213418770796956,39.36106115603842,38.888607025146484,38.888607025146484,7800,0.0,0.0
2021-09-03 00:00:00-04:00,38.85908136582503,38.85908136582503,38.20946160722848,38.73112487792969,10500,0.0,0.0
2021-09-07 00:00:00-04:00,38.74097092702537,38.967353179079076,38.52442974910353,38.70159912109375,4000,0.0,0.0
2021-09-08 00:00:00-04:00,38.43584542886518,38.800025250443035,38.18977727150407,38.31773376464844,8100,0.0,0.0
2021-09-09 00:00:00-04:00,38.14056268563384,38.28820507532997,37.95355224609375,37.95355224609375,10500,0.0,0.0
2021-09-10 00:00:00-04:00,38.23899090212225,38.23899090212225,37.10707960887911,37.55000305175781,24300,0.0,0.0
2021-09-13 00:00:00-04:00,37.810001373291016,38.189998626708984,37.810001373291016,38.08000183105469,10200,0.6,0.0
2021-09-14 00:00:00-04:00,38.25,38.25,37.65999984741211,38.0,15900,0.0,0.0
2021-09-15 00:00:00-04:00,38.040000915527344,38.11000061035156,37.91999816894531,38.0,3400,0.0,0.0
2021-09-16 00:00:00-04:00,38.060001373291016,38.150001525878906,37.810001373291016,38.11000061035156,3800,0.0,0.0
2021-09-17 00:00:00-04:00,37.970001220703125,38.380001068115234,37.90999984741211,38.380001068115234,10400,0.0,0.0
2021-09-20 00:00:00-04:00,37.900001525878906,37.900001525878906,36.83000183105469,37.7400016784668,13500,0.0,0.0
2021-09-21 00:00:00-04:00,37.63999938964844,37.63999938964844,37.11000061035156,37.119998931884766,6400,0.0,0.0
2021-09-22 00:00:00-04:00,37.70000076293945,37.70000076293945,37.150001525878906,37.16999816894531,8500,0.0,0.0
2021-09-23 00:00:00-04:00,37.16999816894531,37.86000061035156,37.09000015258789,37.5099983215332,7600,0.0,0.0
2021-09-24 00:00:00-04:00,37.5,37.95000076293945,37.220001220703125,37.61000061035156,15000,0.0,0.0
2021-09-27 00:00:00-04:00,38.5099983215332,38.65999984741211,37.90999984741211,38.619998931884766,4600,0.0,0.0
2021-09-28 00:00:00-04:00,38.380001068115234,38.83000183105469,37.90999984741211,38.400001525878906,6300,0.0,0.0
2021-09-29 00:00:00-04:00,38.16999816894531,38.54999923706055,38.11000061035156,38.310001373291016,3400,0.0,0.0
2021-09-30 00:00:00-04:00,38.4900016784668,38.529998779296875,38.29999923706055,38.29999923706055,1800,0.0,0.0
2021-10-01 00:00:00-04:00,37.619998931884766,38.709999084472656,37.619998931884766,38.310001373291016,9900,0.0,0.0
2021-10-04 00:00:00-04:00,38.5,38.849998474121094,38.36000061035156,38.43000030517578,4700,0.0,0.0
2021-10-05 00:00:00-04:00,38.84000015258789,38.90999984741211,38.040000915527344,38.90999984741211,5800,0.0,0.0
2021-10-06 00:00:00-04:00,38.31999969482422,38.97999954223633,38.31999969482422,38.97999954223633,3300,0.0,0.0
2021-10-07 00:00:00-04:00,38.810001373291016,40.0,38.59000015258789,39.45000076293945,8200,0.0,0.0
2021-10-08 00:00:00-04:00,39.02000045776367,39.790000915527344,38.9900016784668,39.060001373291016,5800,0.0,0.0
2021-10-11 00:00:00-04:00,39.34000015258789,39.5,38.95000076293945,39.380001068115234,3400,0.0,0.0
2021-10-12 00:00:00-04:00,39.349998474121094,39.56999969482422,39.20000076293945,39.20000076293945,4500,0.0,0.0
2021-10-13 00:00:00-04:00,39.20000076293945,39.459999084472656,39.060001373291016,39.150001525878906,10400,0.0,0.0
2021-10-14 00:00:00-04:00,39.33000183105469,39.4900016784668,39.15999984741211,39.2599983215332,1700,0.0,0.0
2021-10-15 00:00:00-04:00,39.40999984741211,39.779998779296875,39.310001373291016,39.310001373291016,3000,0.0,0.0
2021-10-18 00:00:00-04:00,39.439998626708984,39.54999923706055,39.439998626708984,39.5,5000,0.0,0.0
2021-10-19 00:00:00-04:00,39.59000015258789,39.59000015258789,39.5,39.59000015258789,1200,0.0,0.0
2021-10-20 00:00:00-04:00,39.369998931884766,39.900001525878906,39.369998931884766,39.7599983215332,3500,0.0,0.0
2021-10-21 00:00:00-04:00,39.900001525878906,40.27000045776367,39.77000045776367,39.810001373291016,4700,0.0,0.0
2021-10-22 00:00:00-04:00,40.04999923706055,40.13999938964844,39.849998474121094,39.849998474121094,4400,0.0,0.0
2021-10-25 00:00:00-04:00,39.88999938964844,39.97999954223633,39.88999938964844,39.939998626708984,2600,0.0,0.0
2021-10-26 00:00:00-04:00,40.0,40.04999923706055,39.75,40.029998779296875,6700,0.0,0.0
2021-10-27 00:00:00-04:00,39.689998626708984,40.040000915527344,39.689998626708984,39.79999923706055,4800,0.0,0.0
2021-10-28 00:00:00-04:00,39.83000183105469,39.880001068115234,39.619998931884766,39.79999923706055,9600,0.0,0.0
2021-10-29 00:00:00-04:00,40.380001068115234,40.380001068115234,39.880001068115234,39.95000076293945,20900,0.0,0.0
2021-11-01 00:00:00-04:00,40.20000076293945,40.45000076293945,39.849998474121094,39.959999084472656,34300,0.0,0.0
2021-11-02 00:00:00-04:00,39.93000030517578,40.099998474121094,39.310001373291016,39.91999816894531,33900,0.0,0.0
2021-11-03 00:00:00-04:00,39.900001525878906,40.02000045776367,39.650001525878906,39.650001525878906,40300,0.0,0.0
2021-11-04 00:00:00-04:00,39.68000030517578,39.790000915527344,39.13999938964844,39.349998474121094,8300,0.0,0.0
2021-11-05 00:00:00-04:00,39.79999923706055,39.79999923706055,39.20000076293945,39.20000076293945,7000,0.0,0.0
2021-11-08 00:00:00-05:00,39.5,40.0,39.33000183105469,39.70000076293945,6000,0.0,0.0
2021-11-09 00:00:00-05:00,39.77000045776367,39.84000015258789,39.470001220703125,39.470001220703125,9300,0.0,0.0
2021-11-10 00:00:00-05:00,39.93000030517578,39.93000030517578,39.66999816894531,39.68000030517578,3000,0.0,0.0
2021-11-11 00:00:00-05:00,39.86000061035156,40.279998779296875,39.38999938964844,39.40999984741211,17000,0.0,0.0
2021-11-12 00:00:00-05:00,39.560001373291016,39.72999954223633,39.54999923706055,39.54999923706055,2900,0.0,0.0
2021-11-15 00:00:00-05:00,39.650001525878906,39.88999938964844,39.56999969482422,39.56999969482422,4400,0.0,0.0
2021-11-16 00:00:00-05:00,39.5,39.540000915527344,39.060001373291016,39.060001373291016,17800,0.0,0.0
2021-11-17 00:00:00-05:00,39.119998931884766,39.22999954223633,39.029998779296875,39.029998779296875,5300,0.0,0.0
2021-11-18 00:00:00-05:00,39.310001373291016,39.310001373291016,39.060001373291016,39.29999923706055,3100,0.0,0.0
2021-11-19 00:00:00-05:00,39.11000061035156,39.380001068115234,39.11000061035156,39.31999969482422,2200,0.0,0.0
2021-11-22 00:00:00-05:00,39.75,40.84000015258789,39.310001373291016,39.65999984741211,16300,0.0,0.0
2021-11-23 00:00:00-05:00,39.0099983215332,40.0,39.0099983215332,39.31999969482422,4900,0.0,0.0
2021-11-24 00:00:00-05:00,40.0,40.06999969482422,39.540000915527344,39.709999084472656,6500,0.0,0.0
2021-11-26 00:00:00-05:00,39.040000915527344,39.90999984741211,39.040000915527344,39.45000076293945,3500,0.0,0.0
2021-11-29 00:00:00-05:00,39.529998779296875,39.7400016784668,39.11000061035156,39.27000045776367,5500,0.0,0.0
2021-11-30 00:00:00-05:00,39.099998474121094,39.779998779296875,39.099998474121094,39.45000076293945,4100,0.0,0.0
2021-12-01 00:00:00-05:00,39.79999923706055,40.099998474121094,39.18000030517578,39.18000030517578,8300,0.0,0.0
2021-12-02 00:00:00-05:00,39.900001525878906,39.900001525878906,39.88999938964844,39.88999938964844,1200,0.0,0.0
2021-12-03 00:00:00-05:00,39.66999816894531,39.66999816894531,39.310001373291016,39.310001373291016,2700,0.0,0.0
2021-12-06 00:00:00-05:00,40.58000183105469,40.65999984741211,39.5,39.63999938964844,4500,0.0,0.0
2021-12-07 00:00:00-05:00,39.83000183105469,39.880001068115234,39.720001220703125,39.720001220703125,2100,0.0,0.0
2021-12-08 00:00:00-05:00,39.93000030517578,40.560001373291016,39.58000183105469,39.68000030517578,5200,0.0,0.0
2021-12-09 00:00:00-05:00,40.18000030517578,40.790000915527344,39.36000061035156,39.36000061035156,4100,0.0,0.0
2021-12-10 00:00:00-05:00,39.939998626708984,40.400001525878906,39.25,40.36000061035156,3500,0.0,0.0
2021-12-13 00:00:00-05:00,40.20000076293945,40.20000076293945,39.310001373291016,39.310001373291016,6100,0.0,0.0
2021-12-14 00:00:00-05:00,39.15999984741211,39.599998474121094,38.4900016784668,38.4900016784668,17800,0.0,0.0
2021-12-15 00:00:00-05:00,39.06999969482422,39.34000015258789,38.310001373291016,39.34000015258789,9900,0.0,0.0
2021-12-16 00:00:00-05:00,39.04999923706055,39.93000030517578,38.400001525878906,39.93000030517578,10000,0.0,0.0
2021-12-17 00:00:00-05:00,39.099998474121094,42.27000045776367,39.099998474121094,42.27000045776367,27200,0.0,0.0
2021-12-20 00:00:00-05:00,42.400001525878906,42.400001525878906,40.29999923706055,40.88999938964844,12800,0.0,0.0
2021-12-21 00:00:00-05:00,41.5,41.5,39.400001525878906,40.08000183105469,23300,0.0,0.0
2021-12-22 00:00:00-05:00,40.970001220703125,40.970001220703125,39.2599983215332,39.689998626708984,5600,0.0,0.0
2021-12-23 00:00:00-05:00,39.59000015258789,42.02000045776367,39.15999984741211,39.83000183105469,8000,0.0,0.0
2021-12-27 00:00:00-05:00,40.56999969482422,40.75,39.41999816894531,39.41999816894531,10800,0.0,0.0
2021-12-28 00:00:00-05:00,39.95000076293945,40.81999969482422,39.29999923706055,39.5,3800,0.0,0.0
2021-12-29 00:00:00-05:00,40.119998931884766,40.310001373291016,39.33000183105469,40.2400016784668,4500,0.0,0.0
2021-12-30 00:00:00-05:00,39.36000061035156,40.5,39.36000061035156,40.5,1600,0.0,0.0
2021-12-31 00:00:00-05:00,39.900001525878906,40.29999923706055,39.900001525878906,40.29999923706055,1100,0.0,0.0
2022-01-03 00:00:00-05:00,40.150001525878906,40.150001525878906,39.779998779296875,39.779998779296875,4400,0.0,0.0
2022-01-04 00:00:00-05:00,40.25,41.04999923706055,39.630001068115234,39.630001068115234,3300,0.0,0.0
2022-01-05 00:00:00-05:00,40.209999084472656,41.0,39.79999923706055,40.63999938964844,6100,0.0,0.0
2022-01-06 00:00:00-05:00,40.470001220703125,40.65999984741211,39.779998779296875,40.060001373291016,2400,0.0,0.0
2022-01-07 00:00:00-05:00,40.939998626708984,41.72999954223633,40.47999954223633,41.0,3400,0.0,0.0
2022-01-10 00:00:00-05:00,40.869998931884766,41.38999938964844,40.52000045776367,40.70000076293945,9000,0.0,0.0
2022-01-11 00:00:00-05:00,41.0,41.150001525878906,40.75,41.150001525878906,2500,0.0,0.0
2022-01-12 00:00:00-05:00,40.86000061035156,41.810001373291016,40.290000915527344,40.290000915527344,5300,0.0,0.0
2022-01-13 00:00:00-05:00,40.66999816894531,41.38999938964844,40.099998474121094,40.099998474121094,4300,0.0,0.0
2022-01-14 00:00:00-05:00,40.5,41.0,40.31999969482422,40.95000076293945,5000,0.0,0.0
2022-01-18 00:00:00-05:00,40.900001525878906,41.75,40.41999816894531,41.4900016784668,4900,0.0,0.0
2022-01-19 00:00:00-05:00,41.29999923706055,41.720001220703125,41.29999923706055,41.689998626708984,16300,0.0,0.0
2022-01-20 00:00:00-05:00,41.689998626708984,41.79999923706055,41.02000045776367,41.02000045776367,8600,0.0,0.0
2022-01-21 00:00:00-05:00,41.04999923706055,41.09000015258789,40.459999084472656,40.459999084472656,4500,0.0,0.0
2022-01-24 00:00:00-05:00,40.650001525878906,40.650001525878906,40.13999938964844,40.279998779296875,4300,0.0,0.0
2022-01-25 00:00:00-05:00,40.400001525878906,41.5,40.400001525878906,40.849998474121094,5400,0.0,0.0
2022-01-26 00:00:00-05:00,40.70000076293945,41.380001068115234,40.70000076293945,40.79999923706055,5200,0.0,0.0
2022-01-27 00:00:00-05:00,41.0,41.34000015258789,40.33000183105469,40.349998474121094,7800,0.0,0.0
2022-01-28 00:00:00-05:00,40.11000061035156,40.5099983215332,39.79999923706055,40.459999084472656,6000,0.0,0.0
2022-01-31 00:00:00-05:00,39.5,42.58000183105469,39.5,42.58000183105469,13500,0.0,0.0
2022-02-01 00:00:00-05:00,41.56999969482422,43.77000045776367,41.56999969482422,43.5099983215332,18300,0.0,0.0
2022-02-02 00:00:00-05:00,43.79999923706055,43.970001220703125,42.66999816894531,43.970001220703125,14700,0.0,0.0
2022-02-03 00:00:00-05:00,43.88999938964844,44.47999954223633,43.31999969482422,43.380001068115234,19900,0.0,0.0
2022-02-04 00:00:00-05:00,43.68000030517578,44.25,43.0,43.7599983215332,22000,0.0,0.0
2022-02-07 00:00:00-05:00,42.5,43.650001525878906,42.5,42.95000076293945,9100,0.0,0.0
2022-02-08 00:00:00-05:00,42.81999969482422,42.81999969482422,41.43000030517578,42.0,15500,0.0,0.0
2022-02-09 00:00:00-05:00,42.5,42.810001373291016,41.369998931884766,41.369998931884766,8700,0.0,0.0
2022-02-10 00:00:00-05:00,41.18000030517578,42.22999954223633,41.099998474121094,41.790000915527344,2600,0.0,0.0
2022-02-11 00:00:00-05:00,42.61000061035156,42.689998626708984,41.650001525878906,42.0,3700,0.0,0.0
2022-02-14 00:00:00-05:00,42.0,42.150001525878906,41.150001525878906,41.150001525878906,2200,0.0,0.0
2022-02-15 00:00:00-05:00,41.709999084472656,41.95000076293945,40.61000061035156,41.95000076293945,3800,0.0,0.0
2022-02-16 00:00:00-05:00,41.2599983215332,41.70000076293945,40.599998474121094,41.130001068115234,3500,0.0,0.0
2022-02-17 00:00:00-05:00,41.0,41.400001525878906,40.900001525878906,40.900001525878906,1300,0.0,0.0
2022-02-18 00:00:00-05:00,41.880001068115234,41.880001068115234,41.220001220703125,41.220001220703125,2200,0.0,0.0
2022-02-22 00:00:00-05:00,40.529998779296875,41.77000045776367,40.529998779296875,41.77000045776367,4200,0.0,0.0
2022-02-23 00:00:00-05:00,42.0,42.0,41.380001068115234,41.970001220703125,2500,0.0,0.0
2022-02-24 00:00:00-05:00,40.709999084472656,42.58000183105469,40.560001373291016,42.58000183105469,4900,0.0,0.0
2022-02-25 00:00:00-05:00,40.66999816894531,42.58000183105469,40.66999816894531,41.20000076293945,3100,0.0,0.0
2022-02-28 00:00:00-05:00,40.619998931884766,40.95000076293945,40.119998931884766,40.119998931884766,7200,0.0,0.0
2022-03-01 00:00:00-05:00,40.209999084472656,40.540000915527344,39.31999969482422,39.31999969482422,7300,0.0,0.0
2022-03-02 00:00:00-05:00,40.13999938964844,40.13999938964844,39.209999084472656,39.25,6000,0.0,0.0
2022-03-03 00:00:00-05:00,39.939998626708984,40.0,38.810001373291016,39.88999938964844,6400,0.0,0.0
2022-03-04 00:00:00-05:00,38.810001373291016,40.20000076293945,38.810001373291016,39.04999923706055,7200,0.0,0.0
2022-03-07 00:00:00-05:00,38.970001220703125,39.0,38.31999969482422,38.31999969482422,5000,0.0,0.0
2022-03-08 00:00:00-05:00,38.90999984741211,39.290000915527344,38.34000015258789,38.38999938964844,2800,0.0,0.0
2022-03-09 00:00:00-05:00,39.04999923706055,39.279998779296875,38.9900016784668,39.279998779296875,2400,0.0,0.0
2022-03-10 00:00:00-05:00,37.970001220703125,39.13999938964844,37.970001220703125,39.13999938964844,4600,0.0,0.0
2022-03-11 00:00:00-05:00,38.36000061035156,38.97999954223633,38.349998474121094,38.5099983215332,5900,0.0,0.0
2022-03-14 00:00:00-04:00,39.63999938964844,39.70000076293945,38.59000015258789,38.59000015258789,10300,0.0,0.0
2022-03-15 00:00:00-04:00,39.02000045776367,39.52000045776367,38.709999084472656,38.95000076293945,11300,0.0,0.0
2022-03-16 00:00:00-04:00,38.95000076293945,39.79999923706055,38.65999984741211,38.810001373291016,30100,0.0,0.0
2022-03-17 00:00:00-04:00,38.970001220703125,40.130001068115234,38.970001220703125,39.29999923706055,26100,0.0,0.0
2022-03-18 00:00:00-04:00,39.029998779296875,39.099998474121094,38.7400016784668,39.0,9300,0.0,0.0
2022-03-21 00:00:00-04:00,38.810001373291016,39.0,38.58000183105469,38.9900016784668,3600,0.0,0.0
2022-03-22 00:00:00-04:00,39.150001525878906,39.150001525878906,38.79999923706055,39.119998931884766,9400,0.0,0.0
2022-03-23 00:00:00-04:00,39.119998931884766,39.150001525878906,38.43000030517578,38.9900016784668,10000,0.0,0.0
2022-03-24 00:00:00-04:00,38.40999984741211,39.099998474121094,38.40999984741211,38.43000030517578,1800,0.0,0.0
2022-03-25 00:00:00-04:00,38.9900016784668,38.9900016784668,38.45000076293945,38.790000915527344,6100,0.0,0.0
2022-03-28 00:00:00-04:00,37.38999938964844,38.93000030517578,37.38999938964844,38.61000061035156,8900,0.0,0.0
2022-03-29 00:00:00-04:00,38.939998626708984,39.540000915527344,38.7599983215332,39.0,5500,0.0,0.0
2022-03-30 00:00:00-04:00,38.810001373291016,39.0099983215332,38.79999923706055,38.79999923706055,7000,0.0,0.0
2022-03-31 00:00:00-04:00,39.08000183105469,39.27000045776367,38.0,38.0,42000,0.0,0.0
2022-04-01 00:00:00-04:00,38.54999923706055,39.22999954223633,38.0099983215332,38.0099983215332,5400,0.0,0.0
2022-04-04 00:00:00-04:00,38.59000015258789,38.7400016784668,38.20000076293945,38.7400016784668,5600,0.0,0.0
2022-04-05 00:00:00-04:00,38.70000076293945,38.81999969482422,38.099998474121094,38.099998474121094,6600,0.0,0.0
2022-04-06 00:00:00-04:00,38.189998626708984,38.939998626708984,38.189998626708984,38.90999984741211,7100,0.0,0.0
2022-04-07 00:00:00-04:00,38.7599983215332,39.400001525878906,38.7599983215332,38.84000015258789,10400,0.0,0.0
2022-04-08 00:00:00-04:00,38.5099983215332,39.040000915527344,38.5,38.75,6600,0.0,0.0
2022-04-11 00:00:00-04:00,38.79999923706055,38.79999923706055,38.150001525878906,38.15999984741211,2500,0.0,0.0
2022-04-12 00:00:00-04:00,38.75,39.13999938964844,38.56999969482422,38.91999816894531,1500,0.0,0.0
2022-04-13 00:00:00-04:00,38.7599983215332,38.79999923706055,38.369998931884766,38.79999923706055,5700,0.0,0.0
2022-04-14 00:00:00-04:00,38.0,39.20000076293945,38.0,38.7599983215332,2700,0.0,0.0
2022-04-18 00:00:00-04:00,38.779998779296875,39.31999969482422,38.18000030517578,38.18000030517578,2500,0.0,0.0
2022-04-19 00:00:00-04:00,38.619998931884766,39.20000076293945,38.5,38.79999923706055,3000,0.0,0.0
2022-04-20 00:00:00-04:00,38.560001373291016,38.959999084472656,38.560001373291016,38.959999084472656,1600,0.0,0.0
2022-04-21 00:00:00-04:00,38.5,39.5,38.5,38.75,3400,0.0,0.0
2022-04-22 00:00:00-04:00,38.880001068115234,39.369998931884766,38.369998931884766,38.90999984741211,3600,0.0,0.0
2022-04-25 00:00:00-04:00,38.84000015258789,39.0,38.41999816894531,38.5,3300,0.0,0.0
2022-04-26 00:00:00-04:00,38.529998779296875,38.849998474121094,38.34000015258789,38.4900016784668,1900,0.0,0.0
2022-04-27 00:00:00-04:00,39.72999954223633,39.72999954223633,38.099998474121094,38.099998474121094,14700,0.0,0.0
2022-04-28 00:00:00-04:00,37.13999938964844,38.630001068115234,37.13999938964844,37.34000015258789,15000,0.0,0.0
2022-04-29 00:00:00-04:00,37.970001220703125,38.119998931884766,37.29999923706055,38.119998931884766,3700,0.0,0.0
2022-05-02 00:00:00-04:00,37.77000045776367,38.02000045776367,36.65999984741211,36.65999984741211,17100,0.0,0.0
2022-05-03 00:00:00-04:00,36.9900016784668,37.65999984741211,36.84000015258789,37.0,5200,0.0,0.0
2022-05-04 00:00:00-04:00,37.029998779296875,38.38999938964844,37.029998779296875,38.38999938964844,6500,0.0,0.0
2022-05-05 00:00:00-04:00,37.849998474121094,38.13999938964844,37.529998779296875,37.68000030517578,4600,0.0,0.0
2022-05-06 00:00:00-04:00,39.040000915527344,39.040000915527344,37.0,37.119998931884766,50600,0.0,0.0
2022-05-09 00:00:00-04:00,37.31999969482422,37.349998474121094,37.0,37.0099983215332,9100,0.0,0.0
2022-05-10 00:00:00-04:00,37.599998474121094,37.880001068115234,37.31999969482422,37.33000183105469,6300,0.0,0.0
2022-05-11 00:00:00-04:00,37.16999816894531,37.4900016784668,37.16999816894531,37.369998931884766,4200,0.0,0.0
2022-05-12 00:00:00-04:00,37.290000915527344,37.29999923706055,36.900001525878906,37.27000045776367,7500,0.0,0.0
2022-05-13 00:00:00-04:00,37.0,37.220001220703125,37.0,37.220001220703125,5700,0.0,0.0
2022-05-16 00:00:00-04:00,37.0,37.13999938964844,37.0,37.0,4400,0.0,0.0
2022-05-17 00:00:00-04:00,37.34000015258789,37.40999984741211,37.0099983215332,37.0099983215332,3700,0.0,0.0
2022-05-18 00:00:00-04:00,37.08000183105469,37.209999084472656,37.08000183105469,37.189998626708984,1800,0.0,0.0
2022-05-19 00:00:00-04:00,37.16999816894531,37.16999816894531,36.560001373291016,36.7400016784668,7300,0.0,0.0
2022-05-20 00:00:00-04:00,36.529998779296875,36.880001068115234,36.369998931884766,36.369998931884766,3700,0.0,0.0
2022-05-23 00:00:00-04:00,36.52000045776367,37.04999923706055,36.22999954223633,36.65999984741211,7000,0.0,0.0
2022-05-24 00:00:00-04:00,36.599998474121094,37.0,36.599998474121094,37.0,2000,0.0,0.0
2022-05-25 00:00:00-04:00,36.29999923706055,37.22999954223633,36.29999923706055,36.91999816894531,5800,0.0,0.0
2022-05-26 00:00:00-04:00,37.060001373291016,38.29999923706055,37.040000915527344,37.11000061035156,18900,0.0,0.0
2022-05-27 00:00:00-04:00,37.380001068115234,38.630001068115234,37.310001373291016,38.29999923706055,13400,0.0,0.0
2022-05-31 00:00:00-04:00,37.91999816894531,38.88999938964844,37.540000915527344,37.540000915527344,15800,0.0,0.0
2022-06-01 00:00:00-04:00,38.09000015258789,38.279998779296875,37.279998779296875,37.709999084472656,11100,0.0,0.0
2022-06-02 00:00:00-04:00,38.040000915527344,38.290000915527344,37.119998931884766,37.119998931884766,16500,0.0,0.0
2022-06-03 00:00:00-04:00,37.349998474121094,38.02000045776367,37.349998474121094,38.0,10100,0.0,0.0
2022-06-06 00:00:00-04:00,39.0,39.0,37.720001220703125,37.95000076293945,11400,0.0,0.0
2022-06-07 00:00:00-04:00,37.63999938964844,38.400001525878906,37.63999938964844,38.099998474121094,7300,0.0,0.0
2022-06-08 00:00:00-04:00,37.9900016784668,38.36000061035156,37.83000183105469,38.20000076293945,5000,0.0,0.0
2022-06-09 00:00:00-04:00,37.900001525878906,37.95000076293945,37.5,37.77000045776367,6800,0.0,0.0
2022-06-10 00:00:00-04:00,37.20000076293945,37.4900016784668,36.709999084472656,36.709999084472656,6000,0.0,0.0
2022-06-13 00:00:00-04:00,36.099998474121094,36.290000915527344,33.97999954223633,33.97999954223633,9900,0.0,0.0
2022-06-14 00:00:00-04:00,34.790000915527344,35.279998779296875,34.0,34.0,11100,0.0,0.0
2022-06-15 00:00:00-04:00,34.5,35.54999923706055,34.0099983215332,34.0099983215332,14900,0.0,0.0
2022-06-16 00:00:00-04:00,34.06999969482422,36.09000015258789,34.06999969482422,34.7599983215332,17100,0.0,0.0
2022-06-17 00:00:00-04:00,34.900001525878906,35.400001525878906,33.97999954223633,33.97999954223633,25400,0.0,0.0
2022-06-21 00:00:00-04:00,34.70000076293945,35.189998626708984,33.66999816894531,34.06999969482422,16100,0.0,0.0
2022-06-22 00:00:00-04:00,33.90999984741211,34.27000045776367,33.65999984741211,33.810001373291016,6600,0.0,0.0
2022-06-23 00:00:00-04:00,33.849998474121094,33.88999938964844,33.040000915527344,33.040000915527344,8100,0.0,0.0
2022-06-24 00:00:00-04:00,33.040000915527344,34.20000076293945,32.61000061035156,32.81999969482422,46000,0.0,0.0
2022-06-27 00:00:00-04:00,32.849998474121094,33.70000076293945,32.529998779296875,32.709999084472656,20700,0.0,0.0
2022-06-28 00:00:00-04:00,33.0099983215332,33.70000076293945,32.619998931884766,33.25,22200,0.0,0.0
2022-06-29 00:00:00-04:00,33.130001068115234,33.66999816894531,33.130001068115234,33.33000183105469,7600,0.0,0.0
2022-06-30 00:00:00-04:00,33.279998779296875,34.09000015258789,33.279998779296875,33.9900016784668,6300,0.0,0.0
2022-07-01 00:00:00-04:00,33.59000015258789,33.97999954223633,33.189998626708984,33.189998626708984,13700,0.0,0.0
2022-07-05 00:00:00-04:00,34.56999969482422,34.599998474121094,33.400001525878906,33.61000061035156,13600,0.0,0.0
2022-07-06 00:00:00-04:00,34.209999084472656,34.209999084472656,33.220001220703125,33.779998779296875,7000,0.0,0.0
2022-07-07 00:00:00-04:00,34.18000030517578,34.18000030517578,33.560001373291016,33.75,2600,0.0,0.0
2022-07-08 00:00:00-04:00,34.189998626708984,34.189998626708984,33.459999084472656,33.459999084472656,7300,0.0,0.0
2022-07-11 00:00:00-04:00,33.290000915527344,33.939998626708984,33.0,33.04999923706055,115900,0.0,0.0
2022-07-12 00:00:00-04:00,33.130001068115234,33.70000076293945,32.79999923706055,33.189998626708984,112200,0.0,0.0
2022-07-13 00:00:00-04:00,32.849998474121094,33.619998931884766,32.849998474121094,33.0,11300,0.0,0.0
2022-07-14 00:00:00-04:00,32.65999984741211,33.93000030517578,32.65999984741211,33.29999923706055,13400,0.0,0.0
2022-07-15 00:00:00-04:00,33.25,33.9900016784668,33.25,33.34000015258789,8500,0.0,0.0
2022-07-18 00:00:00-04:00,33.5,33.810001373291016,33.34000015258789,33.75,4000,0.0,0.0
2022-07-19 00:00:00-04:00,33.720001220703125,34.5,33.439998626708984,34.060001373291016,7000,0.0,0.0
2022-07-20 00:00:00-04:00,34.36000061035156,35.11000061035156,33.720001220703125,34.099998474121094,11200,0.0,0.0
2022-07-21 00:00:00-04:00,34.40999984741211,34.9900016784668,34.400001525878906,34.9900016784668,2900,0.0,0.0
2022-07-22 00:00:00-04:00,34.380001068115234,35.0,34.380001068115234,35.0,2900,0.0,0.0
2022-07-25 00:00:00-04:00,35.0099983215332,35.88999938964844,34.59000015258789,34.59000015258789,15500,0.0,0.0
2022-07-26 00:00:00-04:00,35.040000915527344,35.810001373291016,34.38999938964844,35.810001373291016,10000,0.0,0.0
2022-07-27 00:00:00-04:00,35.4900016784668,35.95000076293945,34.70000076293945,35.95000076293945,16900,0.0,0.0
2022-07-28 00:00:00-04:00,36.459999084472656,37.150001525878906,35.4900016784668,36.099998474121094,26500,0.0,0.0
2022-07-29 00:00:00-04:00,35.95000076293945,37.09000015258789,35.709999084472656,36.33000183105469,8700,0.0,0.0
2022-08-01 00:00:00-04:00,36.31999969482422,36.43000030517578,35.81999969482422,36.33000183105469,10300,0.0,0.0
2022-08-02 00:00:00-04:00,36.27000045776367,36.61000061035156,35.880001068115234,36.36000061035156,7500,0.0,0.0
2022-08-03 00:00:00-04:00,36.36000061035156,36.810001373291016,36.33000183105469,36.33000183105469,2600,0.0,0.0
2022-08-04 00:00:00-04:00,35.75,36.400001525878906,35.75,36.08000183105469,4400,0.0,0.0
2022-08-05 00:00:00-04:00,36.06999969482422,36.47999954223633,36.06999969482422,36.47999954223633,1100,0.0,0.0
2022-08-08 00:00:00-04:00,36.619998931884766,36.81999969482422,36.2400016784668,36.72999954223633,5400,0.0,0.0
2022-08-09 00:00:00-04:00,36.63999938964844,36.86000061035156,36.439998626708984,36.439998626708984,2400,0.0,0.0
2022-08-10 00:00:00-04:00,37.27000045776367,37.459999084472656,36.25,36.59000015258789,3800,0.0,0.0
2022-08-11 00:00:00-04:00,36.630001068115234,37.45000076293945,36.61000061035156,37.45000076293945,3600,0.0,0.0
2022-08-12 00:00:00-04:00,36.540000915527344,38.43000030517578,36.540000915527344,38.43000030517578,5800,0.0,0.0
2022-08-15 00:00:00-04:00,37.75,38.0,37.18000030517578,37.86000061035156,9600,0.0,0.0
2022-08-16 00:00:00-04:00,37.599998474121094,38.279998779296875,37.58000183105469,37.70000076293945,7700,0.0,0.0
2022-08-17 00:00:00-04:00,37.779998779296875,37.93000030517578,37.25,37.70000076293945,5300,0.0,0.0
2022-08-18 00:00:00-04:00,38.029998779296875,38.029998779296875,37.33000183105469,37.72999954223633,6000,0.0,0.0
2022-08-19 00:00:00-04:00,38.5,38.5,37.25,37.779998779296875,3200,0.0,0.0
2022-08-22 00:00:00-04:00,37.439998626708984,38.470001220703125,37.439998626708984,38.099998474121094,17800,0.0,0.0
2022-08-23 00:00:00-04:00,38.5,38.7599983215332,38.11000061035156,38.7599983215332,8800,0.0,0.0
2022-08-24 00:00:00-04:00,38.31999969482422,38.70000076293945,38.09000015258789,38.189998626708984,12700,0.0,0.0
2022-08-25 00:00:00-04:00,38.20000076293945,38.540000915527344,38.20000076293945,38.349998474121094,2000,0.0,0.0
2022-08-26 00:00:00-04:00,38.220001220703125,38.45000076293945,38.029998779296875,38.349998474121094,5700,0.0,0.0
2022-08-29 00:00:00-04:00,38.18000030517578,38.31999969482422,38.029998779296875,38.31999969482422,1800,0.0,0.0
2022-08-30 00:00:00-04:00,38.439998626708984,38.439998626708984,38.04999923706055,38.20000076293945,4300,0.0,0.0
2022-08-31 00:00:00-04:00,37.9900016784668,38.439998626708984,37.9900016784668,38.22999954223633,5900,0.0,0.0
2022-09-01 00:00:00-04:00,38.0,38.369998931884766,37.650001525878906,38.13999938964844,15000,0.0,0.0
2022-09-02 00:00:00-04:00,38.029998779296875,38.09000015258789,37.709999084472656,38.09000015258789,11200,0.0,0.0
2022-09-06 00:00:00-04:00,38.0099983215332,38.0099983215332,37.119998931884766,37.7400016784668,24200,0.0,0.0
2022-09-07 00:00:00-04:00,37.630001068115234,37.95000076293945,37.45000076293945,37.95000076293945,40100,0.0,0.0
2022-09-08 00:00:00-04:00,37.5099983215332,38.16999816894531,37.5099983215332,37.7599983215332,4100,0.0,0.0
2022-09-09 00:00:00-04:00,37.93000030517578,38.970001220703125,37.90999984741211,38.209999084472656,15700,0.0,0.0
2022-09-12 00:00:00-04:00,37.939998626708984,38.369998931884766,37.5,37.869998931884766,25300,0.0,0.0
2022-09-13 00:00:00-04:00,37.72999954223633,38.0,37.70000076293945,37.880001068115234,6800,0.0,0.0
2022-09-14 00:00:00-04:00,37.5,38.189998626708984,37.5,37.7400016784668,14600,0.0,0.0
2022-09-15 00:00:00-04:00,37.95000076293945,37.9900016784668,37.630001068115234,37.70000076293945,8400,0.0,0.0
2022-09-16 00:00:00-04:00,37.540000915527344,38.95000076293945,37.540000915527344,38.650001525878906,54600,0.0,0.0
2022-09-19 00:00:00-04:00,38.29999923706055,38.56999969482422,38.150001525878906,38.56999969482422,11800,0.0,0.0
2022-09-20 00:00:00-04:00,38.02000045776367,38.650001525878906,38.02000045776367,38.650001525878906,6600,0.0,0.0
2022-09-21 00:00:00-04:00,38.59000015258789,38.59000015258789,38.25,38.38999938964844,3600,0.0,0.0
2022-09-22 00:00:00-04:00,38.16999816894531,38.40999984741211,38.0,38.04999923706055,9100,0.0,0.0
2022-09-23 00:00:00-04:00,37.630001068115234,37.97999954223633,37.560001373291016,37.84000015258789,5100,0.0,0.0
2022-09-26 00:00:00-04:00,37.70000076293945,37.900001525878906,37.5,37.54999923706055,3000,0.0,0.0
2022-09-27 00:00:00-04:00,37.54999923706055,37.650001525878906,37.0,37.15999984741211,9700,0.0,0.0
2022-09-28 00:00:00-04:00,37.400001525878906,37.400001525878906,37.0,37.0,6300,0.0,0.0
2022-09-29 00:00:00-04:00,36.7400016784668,37.189998626708984,36.47999954223633,36.79999923706055,14500,0.0,0.0
2022-09-30 00:00:00-04:00,36.939998626708984,37.0,36.650001525878906,36.650001525878906,8300,0.0,0.0
2022-10-03 00:00:00-04:00,36.75,37.22999954223633,36.43000030517578,36.75,29000,0.0,0.0
2022-10-04 00:00:00-04:00,36.90999984741211,36.9900016784668,36.66999816894531,36.68000030517578,11100,0.0,0.0
2022-10-05 00:00:00-04:00,36.7400016784668,36.7599983215332,36.22999954223633,36.380001068115234,15200,0.0,0.0
2022-10-06 00:00:00-04:00,36.40999984741211,36.70000076293945,36.27000045776367,36.66999816894531,11800,0.0,0.0
2022-10-07 00:00:00-04:00,36.400001525878906,36.650001525878906,36.20000076293945,36.279998779296875,7700,0.0,0.0
2022-10-10 00:00:00-04:00,36.099998474121094,36.52000045776367,36.099998474121094,36.29999923706055,17400,0.0,0.0
2022-10-11 00:00:00-04:00,36.29999923706055,37.06999969482422,36.060001373291016,36.08000183105469,19100,0.0,0.0
2022-10-12 00:00:00-04:00,36.36000061035156,36.689998626708984,36.20000076293945,36.689998626708984,8800,0.0,0.0
2022-10-13 00:00:00-04:00,36.40999984741211,37.47999954223633,36.40999984741211,37.47999954223633,29200,0.0,0.0
2022-10-14 00:00:00-04:00,37.29999923706055,37.939998626708984,37.150001525878906,37.4900016784668,16100,0.0,0.0
2022-10-17 00:00:00-04:00,37.65999984741211,37.79999923706055,37.220001220703125,37.77000045776367,23300,0.0,0.0
2022-10-18 00:00:00-04:00,37.650001525878906,37.86000061035156,37.310001373291016,37.439998626708984,14900,0.0,0.0
2022-10-19 00:00:00-04:00,37.369998931884766,37.75,36.9900016784668,37.27000045776367,9100,0.0,0.0
2022-10-20 00:00:00-04:00,37.029998779296875,37.290000915527344,36.810001373291016,37.060001373291016,8700,0.0,0.0
2022-10-21 00:00:00-04:00,36.77000045776367,37.209999084472656,36.459999084472656,36.93000030517578,11400,0.0,0.0
2022-10-24 00:00:00-04:00,37.36000061035156,37.70000076293945,37.20000076293945,37.31999969482422,7200,0.0,0.0
2022-10-25 00:00:00-04:00,37.29999923706055,37.66999816894531,37.15999984741211,37.529998779296875,11200,0.0,0.0
2022-10-26 00:00:00-04:00,37.20000076293945,38.380001068115234,37.0099983215332,38.2599983215332,13000,0.0,0.0
2022-10-27 00:00:00-04:00,37.91999816894531,38.31999969482422,36.25,36.529998779296875,41700,0.0,0.0
2022-10-28 00:00:00-04:00,37.2400016784668,37.2400016784668,36.79999923706055,36.79999923706055,5100,0.0,0.0
2022-10-31 00:00:00-04:00,36.75,37.5,36.380001068115234,36.380001068115234,13000,0.0,0.0
2022-11-01 00:00:00-04:00,37.15999984741211,37.15999984741211,36.5099983215332,36.7400016784668,4600,0.0,0.0
2022-11-02 00:00:00-04:00,36.5,37.0,36.47999954223633,36.7599983215332,108800,0.0,0.0
2022-11-03 00:00:00-04:00,36.7400016784668,36.7400016784668,36.400001525878906,36.7400016784668,21200,0.0,0.0
2022-11-04 00:00:00-04:00,36.77000045776367,36.84000015258789,36.52000045776367,36.650001525878906,19600,0.0,0.0
2022-11-07 00:00:00-05:00,36.599998474121094,36.75,36.5,36.540000915527344,24100,0.0,0.0
2022-11-08 00:00:00-05:00,36.61000061035156,36.779998779296875,36.439998626708984,36.70000076293945,14000,0.0,0.0
2022-11-09 00:00:00-05:00,36.68000030517578,36.779998779296875,36.560001373291016,36.560001373291016,3300,0.0,0.0
2022-11-10 00:00:00-05:00,37.09000015258789,37.5,36.79999923706055,37.439998626708984,6800,0.0,0.0
2022-11-11 00:00:00-05:00,37.540000915527344,38.099998474121094,37.540000915527344,37.869998931884766,6400,0.0,0.0
2022-11-14 00:00:00-05:00,37.90999984741211,38.33000183105469,37.65999984741211,37.91999816894531,14300,0.0,0.0
2022-11-15 00:00:00-05:00,38.72999954223633,38.880001068115234,38.189998626708984,38.20000076293945,8800,0.0,0.0
2022-11-16 00:00:00-05:00,38.060001373291016,38.5099983215332,35.0099983215332,38.0,78900,0.0,0.0
2022-11-17 00:00:00-05:00,38.0,38.060001373291016,37.43000030517578,37.900001525878906,21600,0.0,0.0
2022-11-18 00:00:00-05:00,37.88999938964844,38.099998474121094,37.79999923706055,38.0,4900,0.0,0.0
2022-11-21 00:00:00-05:00,38.040000915527344,38.65999984741211,37.79999923706055,37.91999816894531,6700,0.0,0.0
2022-11-22 00:00:00-05:00,38.0,38.38999938964844,37.88999938964844,38.04999923706055,21700,0.0,0.0
2022-11-23 00:00:00-05:00,38.18000030517578,38.75,38.0,38.75,6100,0.0,0.0
2022-11-25 00:00:00-05:00,38.54999923706055,38.95000076293945,38.400001525878906,38.41999816894531,3600,0.0,0.0
2022-11-28 00:00:00-05:00,38.47999954223633,38.90999984741211,38.290000915527344,38.34000015258789,15300,0.0,0.0
2022-11-29 00:00:00-05:00,38.58000183105469,38.689998626708984,38.29999923706055,38.689998626708984,5700,0.0,0.0
2022-11-30 00:00:00-05:00,37.709999084472656,38.95000076293945,37.709999084472656,38.93000030517578,7600,0.0,0.0
2022-12-01 00:00:00-05:00,38.619998931884766,38.939998626708984,37.72999954223633,37.72999954223633,16000,0.0,0.0
2022-12-02 00:00:00-05:00,38.099998474121094,38.869998931884766,38.099998474121094,38.869998931884766,14600,0.0,0.0
2022-12-05 00:00:00-05:00,38.95000076293945,38.95000076293945,37.52000045776367,37.68000030517578,34400,0.0,0.0
2022-12-06 00:00:00-05:00,37.939998626708984,38.11000061035156,37.79999923706055,37.939998626708984,6500,0.0,0.0
2022-12-07 00:00:00-05:00,38.15999984741211,38.2400016784668,37.79999923706055,37.939998626708984,5100,0.0,0.0
2022-12-08 00:00:00-05:00,37.97999954223633,38.189998626708984,37.720001220703125,37.900001525878906,3300,0.0,0.0
2022-12-09 00:00:00-05:00,37.900001525878906,38.040000915527344,37.709999084472656,37.720001220703125,8500,0.0,0.0
2022-12-12 00:00:00-05:00,38.02000045776367,38.02000045776367,37.7599983215332,38.0,10600,0.0,0.0
2022-12-13 00:00:00-05:00,38.38999938964844,38.599998474121094,37.79999923706055,37.810001373291016,14800,0.0,0.0
2022-12-14 00:00:00-05:00,38.16999816894531,38.16999816894531,37.45000076293945,37.45000076293945,12900,0.0,0.0
2022-12-15 00:00:00-05:00,37.45000076293945,37.599998474121094,37.209999084472656,37.22999954223633,10400,0.0,0.0
2022-12-16 00:00:00-05:00,37.310001373291016,37.560001373291016,37.11000061035156,37.16999816894531,8600,0.0,0.0
2022-12-19 00:00:00-05:00,37.310001373291016,37.349998474121094,37.060001373291016,37.06999969482422,2300,0.0,0.0
2022-12-20 00:00:00-05:00,37.310001373291016,37.83000183105469,37.220001220703125,37.599998474121094,5800,0.0,0.0
2022-12-21 00:00:00-05:00,37.779998779296875,37.84000015258789,37.599998474121094,37.689998626708984,86100,0.0,0.0
2022-12-22 00:00:00-05:00,37.79999923706055,37.88999938964844,37.20000076293945,37.650001525878906,12000,0.0,0.0
2022-12-23 00:00:00-05:00,37.959999084472656,37.959999084472656,36.5,37.380001068115234,71300,0.0,0.0
2022-12-27 00:00:00-05:00,37.27000045776367,37.79999923706055,37.2599983215332,37.40999984741211,14500,0.0,0.0
2022-12-28 00:00:00-05:00,37.529998779296875,37.63999938964844,37.25,37.25,5000,0.0,0.0
2022-12-29 00:00:00-05:00,37.33000183105469,37.84000015258789,37.33000183105469,37.380001068115234,6100,0.0,0.0
2022-12-30 00:00:00-05:00,37.47999954223633,37.59000015258789,37.29999923706055,37.38999938964844,9000,0.0,0.0
2023-01-03 00:00:00-05:00,37.65999984741211,37.68000030517578,37.25,37.36000061035156,6700,0.0,0.0
2023-01-04 00:00:00-05:00,37.560001373291016,37.810001373291016,37.11000061035156,37.52000045776367,36000,0.0,0.0
2023-01-05 00:00:00-05:00,37.790000915527344,38.20000076293945,37.4900016784668,37.91999816894531,17300,0.0,0.0
2023-01-06 00:00:00-05:00,38.349998474121094,38.5,38.02000045776367,38.31999969482422,5000,0.0,0.0
2023-01-09 00:00:00-05:00,38.5,39.06999969482422,38.060001373291016,38.93000030517578,6000,0.0,0.0
2023-01-10 00:00:00-05:00,39.2400016784668,39.650001525878906,38.810001373291016,39.11000061035156,12100,0.0,0.0
2023-01-11 00:00:00-05:00,39.130001068115234,39.400001525878906,39.0,39.11000061035156,173100,0.0,0.0
2023-01-12 00:00:00-05:00,39.68000030517578,39.709999084472656,39.040000915527344,39.20000076293945,4900,0.0,0.0
2023-01-13 00:00:00-05:00,39.2400016784668,39.529998779296875,38.91999816894531,39.34000015258789,12700,0.0,0.0
2023-01-17 00:00:00-05:00,39.20000076293945,39.560001373291016,39.20000076293945,39.45000076293945,3700,0.0,0.0
2023-01-18 00:00:00-05:00,39.95000076293945,39.95000076293945,39.0,39.29999923706055,12600,0.0,0.0
2023-01-19 00:00:00-05:00,39.290000915527344,39.86000061035156,39.20000076293945,39.4900016784668,8000,0.0,0.0
2023-01-20 00:00:00-05:00,39.650001525878906,39.650001525878906,39.209999084472656,39.47999954223633,11800,0.0,0.0
2023-01-23 00:00:00-05:00,39.599998474121094,39.599998474121094,39.0,39.22999954223633,10800,0.0,0.0
2023-01-24 00:00:00-05:00,39.43000030517578,39.52000045776367,39.15999984741211,39.52000045776367,3300,0.0,0.0
2023-01-25 00:00:00-05:00,39.41999816894531,39.66999816894531,39.150001525878906,39.66999816894531,50200,0.0,0.0
2023-01-26 00:00:00-05:00,39.9900016784668,39.9900016784668,39.400001525878906,39.5,4600,0.0,0.0
2023-01-27 00:00:00-05:00,39.849998474121094,39.88999938964844,39.22999954223633,39.369998931884766,7800,0.0,0.0
2023-01-30 00:00:00-05:00,39.880001068115234,39.880001068115234,38.900001525878906,39.43000030517578,4400,0.0,0.0
2023-01-31 00:00:00-05:00,39.459999084472656,39.970001220703125,39.459999084472656,39.540000915527344,14500,0.0,0.0
2023-02-01 00:00:00-05:00,39.349998474121094,39.95000076293945,38.54999923706055,39.790000915527344,10900,0.0,0.0
2023-02-02 00:00:00-05:00,40.0,40.56999969482422,39.20000076293945,39.900001525878906,20900,0.0,0.0
2023-02-03 00:00:00-05:00,37.0099983215332,40.34000015258789,37.0099983215332,40.0,12600,0.0,0.0
2023-02-06 00:00:00-05:00,39.599998474121094,40.09000015258789,39.599998474121094,39.66999816894531,4700,0.0,0.0
2023-02-07 00:00:00-05:00,39.630001068115234,40.029998779296875,39.630001068115234,39.9900016784668,8200,0.0,0.0
2023-02-08 00:00:00-05:00,39.9900016784668,39.9900016784668,39.31999969482422,39.650001525878906,10700,0.0,0.0
2023-02-09 00:00:00-05:00,39.79999923706055,39.79999923706055,39.220001220703125,39.79999923706055,7600,0.0,0.0
2023-02-10 00:00:00-05:00,39.790000915527344,39.810001373291016,39.5,39.72999954223633,10300,0.0,0.0
2023-02-13 00:00:00-05:00,39.369998931884766,39.689998626708984,39.029998779296875,39.310001373291016,10100,0.0,0.0
2023-02-14 00:00:00-05:00,39.20000076293945,39.47999954223633,38.709999084472656,39.0,23600,0.0,0.0
2023-02-15 00:00:00-05:00,39.09000015258789,39.4900016784668,38.65999984741211,39.16999816894531,34700,0.0,0.0
2023-02-16 00:00:00-05:00,39.130001068115234,39.22999954223633,38.56999969482422,38.599998474121094,11200,0.0,0.0
2023-02-17 00:00:00-05:00,38.5099983215332,39.04999923706055,38.5,39.04999923706055,10300,0.0,0.0
2023-02-21 00:00:00-05:00,38.72999954223633,39.119998931884766,38.63999938964844,38.63999938964844,4400,0.0,0.0
2023-02-22 00:00:00-05:00,39.5,39.5,38.0,38.61000061035156,7900,0.0,0.0
2023-02-23 00:00:00-05:00,38.83000183105469,38.959999084472656,38.40999984741211,38.959999084472656,5600,0.0,0.0
2023-02-24 00:00:00-05:00,38.61000061035156,39.060001373291016,38.59000015258789,38.79999923706055,9000,0.0,0.0
2023-02-27 00:00:00-05:00,39.15999984741211,39.15999984741211,38.650001525878906,38.970001220703125,6100,0.0,0.0
2023-02-28 00:00:00-05:00,38.70000076293945,39.13999938964844,38.70000076293945,38.970001220703125,11400,0.0,0.0
2023-03-01 00:00:00-05:00,38.720001220703125,39.04999923706055,38.619998931884766,38.619998931884766,10100,0.0,0.0
2023-03-02 00:00:00-05:00,38.619998931884766,38.84000015258789,38.36000061035156,38.66999816894531,7300,0.0,0.0
2023-03-03 00:00:00-05:00,38.5099983215332,38.72999954223633,38.369998931884766,38.599998474121094,4900,0.0,0.0
2023-03-06 00:00:00-05:00,38.68000030517578,38.68000030517578,38.22999954223633,38.5,10800,0.0,0.0
2023-03-07 00:00:00-05:00,38.90999984741211,38.95000076293945,38.16999816894531,38.16999816894531,11500,0.0,0.0
2023-03-08 00:00:00-05:00,38.4900016784668,38.4900016784668,38.119998931884766,38.400001525878906,11500,0.0,0.0
2023-03-09 00:00:00-05:00,38.029998779296875,38.099998474121094,36.81999969482422,37.29999923706055,21400,0.0,0.0
2023-03-10 00:00:00-05:00,37.25,37.25,36.66999816894531,37.13999938964844,17100,0.0,0.0
2023-03-13 00:00:00-04:00,36.150001525878906,36.150001525878906,35.41999816894531,35.5,11300,0.0,0.0
2023-03-14 00:00:00-04:00,36.220001220703125,36.959999084472656,35.439998626708984,35.470001220703125,17400,0.0,0.0
2023-03-15 00:00:00-04:00,34.15999984741211,35.27000045776367,34.0,34.66999816894531,21200,0.0,0.0
2023-03-16 00:00:00-04:00,34.720001220703125,35.29999923706055,34.29999923706055,35.29999923706055,20200,0.0,0.0
2023-03-17 00:00:00-04:00,35.9900016784668,35.9900016784668,34.400001525878906,34.959999084472656,10800,0.0,0.0
2023-03-20 00:00:00-04:00,34.939998626708984,36.20000076293945,34.540000915527344,34.709999084472656,10300,0.0,0.0
2023-03-21 00:00:00-04:00,35.29999923706055,35.779998779296875,34.939998626708984,35.4900016784668,12100,0.0,0.0
2023-03-22 00:00:00-04:00,35.380001068115234,36.099998474121094,34.119998931884766,34.119998931884766,25700,0.0,0.0
2023-03-23 00:00:00-04:00,34.66999816894531,34.66999816894531,33.66999816894531,34.02000045776367,8400,0.0,0.0
2023-03-24 00:00:00-04:00,33.709999084472656,34.34000015258789,33.709999084472656,34.20000076293945,10900,0.0,0.0
2023-03-27 00:00:00-04:00,35.119998931884766,35.119998931884766,34.040000915527344,34.099998474121094,7100,0.0,0.0
2023-03-28 00:00:00-04:00,34.06999969482422,34.5,33.81999969482422,34.15999984741211,10100,0.0,0.0
2023-03-29 00:00:00-04:00,34.2599983215332,34.279998779296875,33.86000061035156,33.869998931884766,12600,0.0,0.0
2023-03-30 00:00:00-04:00,34.290000915527344,34.290000915527344,33.310001373291016,33.310001373291016,12100,0.0,0.0
2023-03-31 00:00:00-04:00,33.689998626708984,33.689998626708984,33.20000076293945,33.56999969482422,6000,0.0,0.0
2023-04-03 00:00:00-04:00,33.369998931884766,33.880001068115234,33.040000915527344,33.20000076293945,18500,0.0,0.0
2023-04-04 00:00:00-04:00,33.47999954223633,33.47999954223633,32.560001373291016,32.56999969482422,8400,0.0,0.0
2023-04-05 00:00:00-04:00,32.209999084472656,33.02000045776367,32.209999084472656,32.400001525878906,11500,0.0,0.0
2023-04-06 00:00:00-04:00,32.529998779296875,32.529998779296875,32.220001220703125,32.220001220703125,2500,0.0,0.0
2023-04-10 00:00:00-04:00,32.099998474121094,32.66999816894531,32.099998474121094,32.27000045776367,11700,0.0,0.0
2023-04-11 00:00:00-04:00,32.31999969482422,32.45000076293945,32.119998931884766,32.119998931884766,14200,0.0,0.0
2023-04-12 00:00:00-04:00,32.11000061035156,32.63999938964844,32.060001373291016,32.40999984741211,10000,0.0,0.0
2023-04-13 00:00:00-04:00,32.2400016784668,32.650001525878906,32.119998931884766,32.130001068115234,6700,0.0,0.0
2023-04-14 00:00:00-04:00,32.18000030517578,32.400001525878906,31.700000762939453,31.989999771118164,69000,0.0,0.0
2023-04-17 00:00:00-04:00,31.860000610351562,32.720001220703125,31.860000610351562,32.25,10300,0.0,0.0
2023-04-18 00:00:00-04:00,32.150001525878906,32.4900016784668,32.150001525878906,32.27000045776367,3700,0.0,0.0
2023-04-19 00:00:00-04:00,32.349998474121094,32.45000076293945,32.119998931884766,32.20000076293945,8500,0.0,0.0
2023-04-20 00:00:00-04:00,32.25,32.369998931884766,31.959999084472656,32.11000061035156,5900,0.0,0.0
2023-04-21 00:00:00-04:00,32.04999923706055,32.38999938964844,31.950000762939453,31.950000762939453,6900,0.0,0.0
2023-04-24 00:00:00-04:00,32.209999084472656,32.209999084472656,31.440000534057617,32.0099983215332,6800,0.0,0.0
2023-04-25 00:00:00-04:00,31.8799991607666,31.889999389648438,31.1200008392334,31.360000610351562,11000,0.0,0.0
2023-04-26 00:00:00-04:00,31.06999969482422,31.5,30.3700008392334,30.799999237060547,20900,0.0,0.0
2023-04-27 00:00:00-04:00,30.649999618530273,31.1299991607666,30.59000015258789,30.790000915527344,7200,0.0,0.0
2023-04-28 00:00:00-04:00,30.530000686645508,31.219999313354492,30.520000457763672,30.850000381469727,7100,0.0,0.0
2023-05-01 00:00:00-04:00,30.899999618530273,30.920000076293945,30.530000686645508,30.530000686645508,5300,0.0,0.0
2023-05-02 00:00:00-04:00,30.459999084472656,30.459999084472656,27.6299991607666,27.6299991607666,19700,0.0,0.0
2023-05-03 00:00:00-04:00,27.649999618530273,27.8799991607666,26.850000381469727,27.09000015258789,15600,0.0,0.0
2023-05-04 00:00:00-04:00,27.059999465942383,28.309999465942383,24.780000686645508,25.579999923706055,25100,0.0,0.0
2023-05-05 00:00:00-04:00,25.56999969482422,26.899999618530273,25.190000534057617,25.809999465942383,16300,0.0,0.0
2023-05-08 00:00:00-04:00,26.25,26.25,25.280000686645508,25.280000686645508,39600,0.0,0.0
2023-05-09 00:00:00-04:00,25.25,25.459999084472656,24.1299991607666,24.969999313354492,14300,0.0,0.0
2023-05-10 00:00:00-04:00,24.8799991607666,25.0,24.15999984741211,24.56999969482422,11700,0.0,0.0
2023-05-11 00:00:00-04:00,24.079999923706055,24.670000076293945,24.020000457763672,24.229999542236328,8500,0.0,0.0
2023-05-12 00:00:00-04:00,24.0,24.510000228881836,23.889999389648438,24.25,9800,0.0,0.0
2023-05-15 00:00:00-04:00,24.049999237060547,24.610000610351562,24.0,24.010000228881836,13800,0.0,0.0
2023-05-16 00:00:00-04:00,24.34000015258789,24.389999389648438,23.450000762939453,23.969999313354492,23400,0.0,0.0
2023-05-17 00:00:00-04:00,24.010000228881836,24.280000686645508,23.920000076293945,24.280000686645508,38600,0.0,0.0
2023-05-18 00:00:00-04:00,24.0,24.469999313354492,23.799999237060547,23.989999771118164,19000,0.0,0.0
2023-05-19 00:00:00-04:00,24.280000686645508,24.280000686645508,23.440000534057617,23.829999923706055,23300,0.0,0.0
2023-05-22 00:00:00-04:00,23.59000015258789,24.170000076293945,23.520000457763672,23.520000457763672,23400,0.0,0.0
2023-05-23 00:00:00-04:00,23.739999771118164,23.8799991607666,23.6200008392334,23.790000915527344,19600,0.0,0.0
2023-05-24 00:00:00-04:00,23.940000534057617,23.950000762939453,23.5,23.6299991607666,15800,0.0,0.0
2023-05-25 00:00:00-04:00,23.5,23.690000534057617,23.260000228881836,23.5,17100,0.0,0.0
2023-05-26 00:00:00-04:00,23.200000762939453,23.59000015258789,23.200000762939453,23.389999389648438,26200,0.0,0.0
2023-05-30 00:00:00-04:00,23.670000076293945,23.670000076293945,23.31999969482422,23.600000381469727,8100,0.0,0.0
2023-05-31 00:00:00-04:00,23.81999969482422,23.81999969482422,23.520000457763672,23.729999542236328,13100,0.0,0.0
2023-06-01 00:00:00-04:00,23.799999237060547,24.049999237060547,23.549999237060547,24.0,27200,0.0,0.0
2023-06-02 00:00:00-04:00,24.260000228881836,24.700000762939453,24.260000228881836,24.489999771118164,12000,0.0,0.0
2023-06-05 00:00:00-04:00,24.75,24.899999618530273,24.489999771118164,24.489999771118164,10500,0.0,0.0
2023-06-06 00:00:00-04:00,24.899999618530273,25.149999618530273,24.520000457763672,24.760000228881836,20700,0.0,0.0
2023-06-07 00:00:00-04:00,24.81999969482422,25.5,24.81999969482422,25.329999923706055,19200,0.0,0.0
2023-06-08 00:00:00-04:00,25.329999923706055,25.719999313354492,25.020000457763672,25.639999389648438,17400,0.0,0.0
2023-06-09 00:00:00-04:00,25.969999313354492,25.969999313354492,25.3799991607666,25.389999389648438,10800,0.0,0.0
2023-06-12 00:00:00-04:00,25.450000762939453,25.700000762939453,25.139999389648438,25.549999237060547,13500,0.0,0.0
2023-06-13 00:00:00-04:00,25.479999542236328,25.649999618530273,25.40999984741211,25.510000228881836,15700,0.0,0.0
2023-06-14 00:00:00-04:00,25.440000534057617,25.719999313354492,25.280000686645508,25.280000686645508,8100,0.0,0.0
2023-06-15 00:00:00-04:00,25.489999771118164,25.68000030517578,25.25,25.549999237060547,15500,0.0,0.0
2023-06-16 00:00:00-04:00,25.610000610351562,25.610000610351562,25.25,25.25,29400,0.0,0.0
2023-06-20 00:00:00-04:00,25.5,25.5,24.889999389648438,25.290000915527344,25700,0.0,0.0
2023-06-21 00:00:00-04:00,25.030000686645508,25.399999618530273,25.030000686645508,25.25,31500,0.0,0.0
2023-06-22 00:00:00-04:00,25.1200008392334,25.600000381469727,25.010000228881836,25.15999984741211,24500,0.0,0.0
2023-06-23 00:00:00-04:00,24.860000610351562,25.25,24.360000610351562,24.889999389648438,672500,0.0,0.0
2023-06-26 00:00:00-04:00,24.719999313354492,25.09000015258789,24.5,25.049999237060547,26000,0.0,0.0
2023-06-27 00:00:00-04:00,25.239999771118164,25.239999771118164,25.040000915527344,25.1299991607666,21300,0.0,0.0
2023-06-28 00:00:00-04:00,24.649999618530273,25.059999465942383,24.40999984741211,24.93000030517578,11800,0.0,0.0
2023-06-29 00:00:00-04:00,24.81999969482422,25.059999465942383,24.75,24.989999771118164,12600,0.0,0.0
2023-06-30 00:00:00-04:00,25.270000457763672,25.479999542236328,24.84000015258789,24.93000030517578,13200,0.0,0.0
2023-07-03 00:00:00-04:00,25.079999923706055,25.079999923706055,24.389999389648438,24.989999771118164,18600,0.0,0.0
2023-07-05 00:00:00-04:00,25.1299991607666,25.1299991607666,24.540000915527344,24.75,15100,0.0,0.0
2023-07-06 00:00:00-04:00,24.59000015258789,25.0,24.170000076293945,24.510000228881836,23000,0.0,0.0
2023-07-07 00:00:00-04:00,24.5,24.719999313354492,24.450000762939453,24.579999923706055,60300,0.0,0.0
2023-07-10 00:00:00-04:00,24.3799991607666,24.920000076293945,24.3799991607666,24.690000534057617,33500,0.0,0.0
2023-07-11 00:00:00-04:00,24.899999618530273,24.899999618530273,24.40999984741211,24.5,15400,0.0,0.0
2023-07-12 00:00:00-04:00,24.610000610351562,24.899999618530273,24.559999465942383,24.75,14300,0.0,0.0
2023-07-13 00:00:00-04:00,24.950000762939453,25.010000228881836,24.739999771118164,24.989999771118164,11900,0.0,0.0
2023-07-14 00:00:00-04:00,25.010000228881836,25.010000228881836,24.739999771118164,24.950000762939453,12000,0.0,0.0
2023-07-17 00:00:00-04:00,25.010000228881836,25.270000457763672,24.860000610351562,24.899999618530273,11600,0.0,0.0
2023-07-18 00:00:00-04:00,25.09000015258789,26.739999771118164,25.0,25.709999084472656,20700,0.0,0.0
2023-07-19 00:00:00-04:00,25.639999389648438,26.579999923706055,25.639999389648438,26.579999923706055,20700,0.0,0.0
2023-07-20 00:00:00-04:00,26.5,27.049999237060547,26.5,27.049999237060547,13300,0.0,0.0
2023-07-21 00:00:00-04:00,27.1299991607666,27.31999969482422,26.81999969482422,26.81999969482422,8900,0.0,0.0
2023-07-24 00:00:00-04:00,27.030000686645508,27.350000381469727,26.81999969482422,27.329999923706055,8600,0.0,0.0
2023-07-25 00:00:00-04:00,27.3799991607666,27.760000228881836,27.299999237060547,27.5,10900,0.0,0.0
2023-07-26 00:00:00-04:00,27.770000457763672,28.959999084472656,27.770000457763672,28.809999465942383,9900,0.0,0.0
2023-07-27 00:00:00-04:00,29.0,29.510000228881836,28.68000030517578,29.510000228881836,10900,0.0,0.0
2023-07-28 00:00:00-04:00,29.899999618530273,33.58000183105469,29.540000915527344,30.149999618530273,24600,0.0,0.0
2023-07-31 00:00:00-04:00,29.940000534057617,30.489999771118164,29.020000457763672,29.719999313354492,14600,0.0,0.0
2023-08-01 00:00:00-04:00,29.100000381469727,30.239999771118164,29.100000381469727,29.520000457763672,8700,0.0,0.0
2023-08-02 00:00:00-04:00,29.670000076293945,29.690000534057617,29.25,29.459999084472656,13200,0.0,0.0
2023-08-03 00:00:00-04:00,29.700000762939453,30.0,29.239999771118164,29.780000686645508,5600,0.0,0.0
2023-08-04 00:00:00-04:00,29.989999771118164,30.600000381469727,29.989999771118164,30.399999618530273,5300,0.0,0.0
2023-08-07 00:00:00-04:00,30.600000381469727,30.600000381469727,30.030000686645508,30.030000686645508,7800,0.0,0.0
2023-08-08 00:00:00-04:00,30.010000228881836,30.010000228881836,29.270000457763672,29.84000015258789,4400,0.0,0.0
2023-08-09 00:00:00-04:00,29.68000030517578,29.959999084472656,29.510000228881836,29.510000228881836,7500,0.0,0.0
2023-08-10 00:00:00-04:00,29.790000915527344,29.790000915527344,29.18000030517578,29.299999237060547,15100,0.0,0.0
2023-08-11 00:00:00-04:00,29.010000228881836,29.729999542236328,29.010000228881836,29.510000228881836,6000,0.0,0.0
2023-08-14 00:00:00-04:00,29.799999237060547,29.799999237060547,29.270000457763672,29.270000457763672,3200,0.0,0.0
2023-08-15 00:00:00-04:00,29.389999389648438,29.389999389648438,28.049999237060547,28.860000610351562,15400,0.0,0.0
2023-08-16 00:00:00-04:00,28.829999923706055,29.020000457763672,28.510000228881836,28.799999237060547,5400,0.0,0.0
2023-08-17 00:00:00-04:00,28.719999313354492,29.290000915527344,28.6299991607666,28.959999084472656,6300,0.0,0.0
2023-08-18 00:00:00-04:00,28.850000381469727,29.829999923706055,28.850000381469727,29.43000030517578,7700,0.0,0.0
2023-08-21 00:00:00-04:00,29.25,29.84000015258789,28.899999618530273,28.90999984741211,7300,0.0,0.0
2023-08-22 00:00:00-04:00,29.200000762939453,29.200000762939453,28.3700008392334,28.440000534057617,9200,0.0,0.0
2023-08-23 00:00:00-04:00,28.280000686645508,28.809999465942383,28.110000610351562,28.43000030517578,9100,0.0,0.0
2023-08-24 00:00:00-04:00,28.81999969482422,28.81999969482422,28.420000076293945,28.459999084472656,3300,0.0,0.0
2023-08-25 00:00:00-04:00,28.270000457763672,29.010000228881836,28.270000457763672,28.729999542236328,6500,0.0,0.0
2023-08-28 00:00:00-04:00,28.5,28.81999969482422,28.5,28.670000076293945,5500,0.0,0.0
2023-08-29 00:00:00-04:00,28.950000762939453,28.950000762939453,28.90999984741211,28.940000534057617,3900,0.0,0.0
2023-08-30 00:00:00-04:00,28.799999237060547,29.190000534057617,28.5,28.540000915527344,6000,0.0,0.0
2023-08-31 00:00:00-04:00,28.829999923706055,28.829999923706055,28.110000610351562,28.31999969482422,6600,0.0,0.0
2023-09-01 00:00:00-04:00,28.200000762939453,28.989999771118164,28.200000762939453,28.969999313354492,5400,0.0,0.0
2023-09-05 00:00:00-04:00,28.940000534057617,28.940000534057617,28.079999923706055,28.1299991607666,10100,0.0,0.0
2023-09-06 00:00:00-04:00,28.5,28.5,27.809999465942383,27.809999465942383,5100,0.0,0.0
2023-09-07 00:00:00-04:00,27.649999618530273,28.979999542236328,27.290000915527344,27.31999969482422,32500,0.0,0.0
2023-09-08 00:00:00-04:00,27.739999771118164,27.739999771118164,27.31999969482422,27.399999618530273,6200,0.0,0.0
2023-09-11 00:00:00-04:00,27.670000076293945,27.799999237060547,27.389999389648438,27.549999237060547,5700,0.0,0.0
2023-09-12 00:00:00-04:00,27.6200008392334,28.170000076293945,27.260000228881836,27.860000610351562,4100,0.0,0.0
2023-09-13 00:00:00-04:00,27.860000610351562,27.860000610351562,27.6200008392334,27.6200008392334,4500,0.0,0.0
2023-09-14 00:00:00-04:00,28.25,29.0,27.760000228881836,28.8799991607666,12200,0.0,0.0
2023-09-15 00:00:00-04:00,29.0,29.229999542236328,28.75,29.139999389648438,40800,0.0,0.0
2023-09-18 00:00:00-04:00,28.600000381469727,28.719999313354492,27.829999923706055,27.829999923706055,8000,0.0,0.0
2023-09-19 00:00:00-04:00,28.010000228881836,28.149999618530273,27.399999618530273,27.399999618530273,4000,0.0,0.0
2023-09-20 00:00:00-04:00,27.459999084472656,27.459999084472656,26.979999542236328,26.979999542236328,4400,0.0,0.0
2023-09-21 00:00:00-04:00,27.06999969482422,27.600000381469727,26.809999465942383,27.049999237060547,6400,0.0,0.0
2023-09-22 00:00:00-04:00,27.239999771118164,27.5,26.920000076293945,27.299999237060547,5000,0.0,0.0
2023-09-25 00:00:00-04:00,27.1299991607666,27.600000381469727,27.040000915527344,27.600000381469727,7700,0.0,0.0
2023-09-26 00:00:00-04:00,27.239999771118164,27.239999771118164,26.860000610351562,26.860000610351562,4700,0.0,0.0
2023-09-27 00:00:00-04:00,27.110000610351562,27.399999618530273,26.760000228881836,26.760000228881836,5700,0.0,0.0
2023-09-28 00:00:00-04:00,27.34000015258789,27.360000610351562,27.030000686645508,27.030000686645508,3800,0.0,0.0
2023-09-29 00:00:00-04:00,27.450000762939453,27.450000762939453,26.799999237060547,26.799999237060547,11200,0.0,0.0
2023-10-02 00:00:00-04:00,26.540000915527344,27.200000762939453,26.3700008392334,26.959999084472656,7600,0.0,0.0
2023-10-03 00:00:00-04:00,26.90999984741211,27.190000534057617,26.670000076293945,26.670000076293945,5700,0.0,0.0
2023-10-04 00:00:00-04:00,26.739999771118164,26.799999237060547,26.510000228881836,26.65999984741211,6000,0.0,0.0
2023-10-05 00:00:00-04:00,27.079999923706055,27.299999237060547,26.700000762939453,27.18000030517578,16000,0.0,0.0
2023-10-06 00:00:00-04:00,27.049999237060547,27.670000076293945,27.049999237060547,27.670000076293945,5900,0.0,0.0
2023-10-09 00:00:00-04:00,27.56999969482422,28.399999618530273,27.56999969482422,27.690000534057617,3200,0.0,0.0
2023-10-10 00:00:00-04:00,28.18000030517578,29.0,27.899999618530273,27.899999618530273,11500,0.0,0.0
2023-10-11 00:00:00-04:00,28.1299991607666,29.100000381469727,27.84000015258789,28.420000076293945,14200,0.0,0.0
2023-10-12 00:00:00-04:00,27.700000762939453,28.200000762939453,27.100000381469727,28.079999923706055,14400,0.0,0.0
2023-10-13 00:00:00-04:00,28.100000381469727,28.100000381469727,27.329999923706055,27.610000610351562,6500,0.0,0.0
2023-10-16 00:00:00-04:00,27.75,27.940000534057617,27.610000610351562,27.610000610351562,7900,0.0,0.0
2023-10-17 00:00:00-04:00,27.850000381469727,28.110000610351562,27.200000762939453,27.510000228881836,16700,0.0,0.0
2023-10-18 00:00:00-04:00,27.670000076293945,28.739999771118164,26.829999923706055,27.399999618530273,14900,0.0,0.0
2023-10-19 00:00:00-04:00,27.270000457763672,28.260000228881836,27.25,27.25,11000,0.0,0.0
2023-10-20 00:00:00-04:00,27.40999984741211,27.540000915527344,26.639999389648438,27.15999984741211,9100,0.0,0.0
2023-10-23 00:00:00-04:00,26.989999771118164,27.0,26.5,26.6299991607666,8000,0.0,0.0
2023-10-24 00:00:00-04:00,26.530000686645508,27.290000915527344,25.950000762939453,26.260000228881836,8300,0.0,0.0
2023-10-25 00:00:00-04:00,26.040000915527344,26.260000228881836,25.34000015258789,25.75,16000,0.0,0.0
2023-10-26 00:00:00-04:00,26.5,26.5,25.729999542236328,26.5,7500,0.0,0.0
2023-10-27 00:00:00-04:00,26.43000030517578,26.469999313354492,25.6299991607666,25.700000762939453,7600,0.0,0.0
2023-10-30 00:00:00-04:00,25.809999465942383,25.809999465942383,24.389999389648438,24.68000030517578,33700,0.0,0.0
2023-10-31 00:00:00-04:00,24.760000228881836,25.149999618530273,24.1299991607666,24.719999313354492,81200,0.0,0.0
2023-11-01 00:00:00-04:00,24.829999923706055,25.229999542236328,24.829999923706055,24.860000610351562,6300,0.0,0.0
2023-11-02 00:00:00-04:00,26.010000228881836,26.010000228881836,24.799999237060547,25.399999618530273,15600,0.0,0.0
2023-11-03 00:00:00-04:00,26.25,27.5,25.360000610351562,26.0,13300,0.0,0.0
2023-11-06 00:00:00-05:00,25.690000534057617,26.139999389648438,25.559999465942383,25.889999389648438,7400,0.0,0.0
2023-11-07 00:00:00-05:00,25.700000762939453,26.489999771118164,25.700000762939453,26.149999618530273,12500,0.0,0.0
2023-11-08 00:00:00-05:00,26.5,26.6299991607666,26.200000762939453,26.56999969482422,29600,0.0,0.0
2023-11-09 00:00:00-05:00,27.09000015258789,27.09000015258789,26.520000457763672,26.56999969482422,7800,0.0,0.0
2023-11-10 00:00:00-05:00,26.790000915527344,27.389999389648438,26.780000686645508,27.219999313354492,10900,0.0,0.0
2023-11-13 00:00:00-05:00,27.239999771118164,27.25,27.020000457763672,27.020000457763672,12200,0.0,0.0
2023-11-14 00:00:00-05:00,27.350000381469727,28.6200008392334,27.350000381469727,28.399999618530273,27800,0.0,0.0
2023-11-15 00:00:00-05:00,27.81999969482422,28.59000015258789,27.530000686645508,27.530000686645508,16700,0.0,0.0
2023-11-16 00:00:00-05:00,27.299999237060547,28.170000076293945,27.299999237060547,28.170000076293945,7000,0.0,0.0
2023-11-17 00:00:00-05:00,28.25,28.299999237060547,27.899999618530273,28.100000381469727,12900,0.0,0.0
2023-11-20 00:00:00-05:00,28.280000686645508,28.600000381469727,27.760000228881836,28.020000457763672,12400,0.0,0.0
2023-11-21 00:00:00-05:00,27.8700008392334,28.030000686645508,27.40999984741211,27.719999313354492,15300,0.0,0.0
2023-11-22 00:00:00-05:00,27.989999771118164,27.989999771118164,27.850000381469727,27.899999618530273,3300,0.0,0.0
2023-11-24 00:00:00-05:00,27.920000076293945,28.06999969482422,27.770000457763672,27.860000610351562,5800,0.0,0.0
2023-11-27 00:00:00-05:00,28.309999465942383,28.309999465942383,27.649999618530273,27.649999618530273,7100,0.0,0.0
2023-11-28 00:00:00-05:00,28.190000534057617,28.190000534057617,27.56999969482422,27.56999969482422,8200,0.0,0.0
2023-11-29 00:00:00-05:00,27.8799991607666,28.479999542236328,27.6200008392334,27.6200008392334,9000,0.0,0.0
2023-11-30 00:00:00-05:00,28.190000534057617,28.190000534057617,26.829999923706055,27.3799991607666,16700,0.0,0.0
2023-12-01 00:00:00-05:00,27.799999237060547,28.1200008392334,27.309999465942383,27.68000030517578,26000,0.0,0.0
2023-12-04 00:00:00-05:00,28.489999771118164,29.100000381469727,27.90999984741211,28.729999542236328,27100,0.0,0.0
2023-12-05 00:00:00-05:00,29.0,29.709999084472656,28.799999237060547,29.15999984741211,36100,0.0,0.0
2023-12-06 00:00:00-05:00,29.0,29.25,28.959999084472656,29.06999969482422,21100,0.0,0.0
2023-12-07 00:00:00-05:00,29.0,29.170000076293945,28.510000228881836,29.010000228881836,12400,0.0,0.0
2023-12-08 00:00:00-05:00,29.40999984741211,29.40999984741211,28.950000762939453,29.110000610351562,11600,0.0,0.0
2023-12-11 00:00:00-05:00,29.010000228881836,29.649999618530273,28.5,28.700000762939453,21800,0.0,0.0
2023-12-12 00:00:00-05:00,28.639999389648438,28.940000534057617,28.479999542236328,28.479999542236328,11900,0.0,0.0
2023-12-13 00:00:00-05:00,28.68000030517578,29.729999542236328,28.68000030517578,29.399999618530273,37800,0.0,0.0
2023-12-14 00:00:00-05:00,29.760000228881836,30.209999084472656,29.31999969482422,30.0,19100,0.0,0.0
2023-12-15 00:00:00-05:00,30.209999084472656,30.809999465942383,29.280000686645508,30.5,53100,0.0,0.0
2023-12-18 00:00:00-05:00,30.790000915527344,30.790000915527344,30.399999618530273,30.5,29700,0.0,0.0
2023-12-19 00:00:00-05:00,30.610000610351562,30.8799991607666,30.389999389648438,30.530000686645508,17200,0.0,0.0
2023-12-20 00:00:00-05:00,30.690000534057617,30.950000762939453,30.6299991607666,30.860000610351562,17300,0.0,0.0
2023-12-21 00:00:00-05:00,31.0,31.229999542236328,30.989999771118164,31.229999542236328,15500,0.0,0.0
2023-12-22 00:00:00-05:00,31.25,31.760000228881836,31.06999969482422,31.639999389648438,11800,0.0,0.0
2023-12-26 00:00:00-05:00,31.399999618530273,31.989999771118164,31.399999618530273,31.809999465942383,16800,0.0,0.0
2023-12-27 00:00:00-05:00,31.809999465942383,32.439998626708984,31.809999465942383,32.099998474121094,7700,0.0,0.0
2023-12-28 00:00:00-05:00,31.950000762939453,32.2599983215332,31.420000076293945,31.93000030517578,8400,0.0,0.0
2023-12-29 00:00:00-05:00,32.0099983215332,32.040000915527344,31.389999389648438,31.530000686645508,23400,0.0,0.0
2024-01-02 00:00:00-05:00,31.399999618530273,32.0,31.25,31.770000457763672,13900,0.0,0.0
2024-01-03 00:00:00-05:00,31.860000610351562,31.860000610351562,30.889999389648438,30.889999389648438,11600,0.0,0.0
2024-01-04 00:00:00-05:00,30.850000381469727,31.5,30.65999984741211,30.65999984741211,9100,0.0,0.0
2024-01-05 00:00:00-05:00,30.65999984741211,31.530000686645508,30.65999984741211,31.280000686645508,33000,0.0,0.0
2024-01-08 00:00:00-05:00,31.209999084472656,31.450000762939453,30.790000915527344,30.790000915527344,20300,0.0,0.0
2024-01-09 00:00:00-05:00,30.559999465942383,30.559999465942383,30.059999465942383,30.200000762939453,11400,0.0,0.0
2024-01-10 00:00:00-05:00,30.1200008392334,30.139999389648438,29.809999465942383,29.81999969482422,10400,0.0,0.0
2024-01-11 00:00:00-05:00,30.059999465942383,30.059999465942383,29.559999465942383,29.600000381469727,11400,0.0,0.0
2024-01-12 00:00:00-05:00,29.940000534057617,29.979999542236328,29.309999465942383,29.329999923706055,12500,0.0,0.0
2024-01-16 00:00:00-05:00,29.31999969482422,29.579999923706055,29.31999969482422,29.450000762939453,24000,0.0,0.0
2024-01-17 00:00:00-05:00,29.389999389648438,29.8799991607666,29.350000381469727,29.450000762939453,14900,0.0,0.0
2024-01-18 00:00:00-05:00,29.790000915527344,29.940000534057617,29.450000762939453,29.5,9000,0.0,0.0
2024-01-19 00:00:00-05:00,29.6299991607666,30.34000015258789,29.6299991607666,29.93000030517578,5000,0.0,0.0
2024-01-22 00:00:00-05:00,29.950000762939453,30.950000762939453,29.93000030517578,30.56999969482422,12200,0.0,0.0
2024-01-23 00:00:00-05:00,30.43000030517578,30.90999984741211,30.209999084472656,30.209999084472656,8800,0.0,0.0
2024-01-24 00:00:00-05:00,30.280000686645508,31.09000015258789,30.260000228881836,30.799999237060547,8500,0.0,0.0
2024-01-25 00:00:00-05:00,31.299999237060547,31.299999237060547,30.719999313354492,30.93000030517578,10500,0.0,0.0
2024-01-26 00:00:00-05:00,30.68000030517578,31.18000030517578,30.559999465942383,30.600000381469727,14200,0.0,0.0
2024-01-29 00:00:00-05:00,30.559999465942383,30.889999389648438,30.510000228881836,30.510000228881836,11900,0.0,0.0
2024-01-30 00:00:00-05:00,30.520000457763672,30.690000534057617,30.360000610351562,30.649999618530273,10400,0.0,0.0
2024-01-31 00:00:00-05:00,30.520000457763672,30.56999969482422,29.469999313354492,29.469999313354492,14400,0.0,0.0
2024-02-01 00:00:00-05:00,29.520000457763672,29.56999969482422,28.860000610351562,29.56999969482422,15900,0.0,0.0
2024-02-02 00:00:00-05:00,31.0,31.239999771118164,28.75,29.700000762939453,50600,0.0,0.0
2024-02-05 00:00:00-05:00,29.350000381469727,29.670000076293945,28.950000762939453,29.299999237060547,45200,0.0,0.0
2024-02-06 00:00:00-05:00,29.299999237060547,29.56999969482422,28.770000457763672,28.790000915527344,31900,0.0,0.0
2024-02-07 00:00:00-05:00,28.850000381469727,28.850000381469727,28.649999618530273,28.649999618530273,17800,0.0,0.0
2024-02-08 00:00:00-05:00,28.649999618530273,29.549999237060547,28.59000015258789,28.649999618530273,19000,0.0,0.0
2024-02-09 00:00:00-05:00,28.68000030517578,29.190000534057617,28.649999618530273,29.010000228881836,30400,0.0,0.0
2024-02-12 00:00:00-05:00,29.479999542236328,30.239999771118164,29.479999542236328,29.6200008392334,12800,0.0,0.0
2024-02-13 00:00:00-05:00,29.25,29.25,28.5,28.5,20000,0.0,0.0
2024-02-14 00:00:00-05:00,28.84000015258789,28.84000015258789,28.510000228881836,28.700000762939453,10500,0.0,0.0
2024-02-15 00:00:00-05:00,28.799999237060547,29.520000457763672,28.649999618530273,29.25,22600,0.0,0.0
2024-02-16 00:00:00-05:00,29.25,29.440000534057617,28.860000610351562,29.1299991607666,10500,0.0,0.0
2024-02-20 00:00:00-05:00,29.34000015258789,29.56999969482422,28.799999237060547,28.90999984741211,32600,0.0,0.0
2024-02-21 00:00:00-05:00,28.950000762939453,29.149999618530273,28.850000381469727,29.0,54600,0.0,0.0
2024-02-22 00:00:00-05:00,29.0,29.059999465942383,29.0,29.049999237060547,8200,0.0,0.0
2024-02-23 00:00:00-05:00,29.389999389648438,29.389999389648438,29.18000030517578,29.219999313354492,6900,0.0,0.0
2024-02-26 00:00:00-05:00,29.25,29.850000381469727,28.920000076293945,28.920000076293945,11500,0.0,0.0
2024-02-27 00:00:00-05:00,29.34000015258789,29.68000030517578,29.190000534057617,29.329999923706055,14000,0.0,0.0
2024-02-28 00:00:00-05:00,29.270000457763672,29.799999237060547,29.270000457763672,29.469999313354492,10600,0.0,0.0
2024-02-29 00:00:00-05:00,29.8700008392334,30.0,29.600000381469727,29.700000762939453,6900,0.0,0.0
2024-03-01 00:00:00-05:00,29.979999542236328,29.979999542236328,29.610000610351562,29.719999313354492,3600,0.0,0.0
2024-03-04 00:00:00-05:00,29.549999237060547,29.780000686645508,29.31999969482422,29.389999389648438,16200,0.0,0.0
2024-03-05 00:00:00-05:00,29.200000762939453,29.90999984741211,29.15999984741211,29.5,15100,0.0,0.0
2024-03-06 00:00:00-05:00,29.75,29.8799991607666,29.5,29.5,7100,0.0,0.0
2024-03-07 00:00:00-05:00,29.5,29.969999313354492,29.5,29.690000534057617,4800,0.0,0.0
2024-03-08 00:00:00-05:00,30.059999465942383,30.360000610351562,29.5,29.770000457763672,10700,0.0,0.0
2024-03-11 00:00:00-04:00,29.25,29.989999771118164,29.049999237060547,29.059999465942383,5600,0.0,0.0
2024-03-12 00:00:00-04:00,29.010000228881836,29.219999313354492,29.0,29.0,5500,0.0,0.0
2024-03-13 00:00:00-04:00,29.049999237060547,29.209999084472656,29.010000228881836,29.010000228881836,10400,0.0,0.0
2024-03-14 00:00:00-04:00,29.010000228881836,29.469999313354492,29.010000228881836,29.010000228881836,21000,0.0,0.0
2024-03-15 00:00:00-04:00,29.010000228881836,30.31999969482422,29.010000228881836,29.93000030517578,43000,0.0,0.0
2024-03-18 00:00:00-04:00,29.709999084472656,29.850000381469727,29.020000457763672,29.049999237060547,13900,0.0,0.0
2024-03-19 00:00:00-04:00,29.110000610351562,29.3799991607666,28.729999542236328,28.729999542236328,30500,0.0,0.0
2024-03-20 00:00:00-04:00,28.75,29.850000381469727,28.75,29.450000762939453,11100,0.0,0.0
2024-03-21 00:00:00-04:00,29.780000686645508,30.389999389648438,29.75,30.09000015258789,14300,0.0,0.0
2024-03-22 00:00:00-04:00,29.760000228881836,29.790000915527344,29.239999771118164,29.43000030517578,10400,0.0,0.0
2024-03-25 00:00:00-04:00,29.1299991607666,29.25,28.700000762939453,28.719999313354492,53700,0.0,0.0
2024-03-26 00:00:00-04:00,29.989999771118164,29.989999771118164,28.8799991607666,28.8799991607666,9700,0.0,0.0
2024-03-27 00:00:00-04:00,29.25,29.860000610351562,29.0,29.299999237060547,11000,0.0,0.0
2024-03-28 00:00:00-04:00,29.8700008392334,29.920000076293945,29.700000762939453,29.860000610351562,5000,0.0,0.0
2024-04-01 00:00:00-04:00,29.510000228881836,29.610000610351562,29.350000381469727,29.350000381469727,4100,0.0,0.0
2024-04-02 00:00:00-04:00,28.90999984741211,29.229999542236328,28.899999618530273,28.920000076293945,5900,0.0,0.0
2024-04-03 00:00:00-04:00,28.829999923706055,29.190000534057617,28.829999923706055,28.93000030517578,11100,0.0,0.0
2024-04-04 00:00:00-04:00,29.049999237060547,29.06999969482422,28.799999237060547,28.81999969482422,14100,0.0,0.0
2024-04-05 00:00:00-04:00,29.059999465942383,29.059999465942383,28.600000381469727,28.850000381469727,7300,0.0,0.0
2024-04-08 00:00:00-04:00,29.020000457763672,29.100000381469727,28.719999313354492,28.75,4800,0.0,0.0
2024-04-09 00:00:00-04:00,29.15999984741211,29.15999984741211,28.700000762939453,28.729999542236328,8100,0.0,0.0
2024-04-10 00:00:00-04:00,28.559999465942383,28.729999542236328,28.010000228881836,28.149999618530273,25200,0.0,0.0
2024-04-11 00:00:00-04:00,28.200000762939453,28.200000762939453,28.020000457763672,28.020000457763672,6600,0.0,0.0
2024-04-12 00:00:00-04:00,28.010000228881836,28.010000228881836,27.040000915527344,27.040000915527344,26900,0.0,0.0
2024-04-15 00:00:00-04:00,27.059999465942383,27.479999542236328,26.209999084472656,26.389999389648438,35400,0.0,0.0
2024-04-16 00:00:00-04:00,26.350000381469727,26.40999984741211,26.0,26.079999923706055,54300,0.0,0.0
2024-04-17 00:00:00-04:00,26.229999542236328,26.68000030517578,25.799999237060547,26.0,23400,0.0,0.0
2024-04-18 00:00:00-04:00,25.84000015258789,26.059999465942383,25.84000015258789,25.899999618530273,30700,0.0,0.0
2024-04-19 00:00:00-04:00,25.860000610351562,26.290000915527344,25.860000610351562,26.190000534057617,27200,0.0,0.0
2024-04-22 00:00:00-04:00,26.010000228881836,26.229999542236328,26.010000228881836,26.100000381469727,25000,0.0,0.0
2024-04-23 00:00:00-04:00,26.299999237060547,26.360000610351562,26.059999465942383,26.149999618530273,21300,0.0,0.0
2024-04-24 00:00:00-04:00,26.040000915527344,26.15999984741211,26.0,26.0,22400,0.0,0.0
2024-04-25 00:00:00-04:00,25.700000762939453,26.18000030517578,25.700000762939453,26.030000686645508,36300,0.0,0.0
2024-04-26 00:00:00-04:00,26.0,26.399999618530273,26.0,26.06999969482422,25200,0.0,0.0
2024-04-29 00:00:00-04:00,26.030000686645508,26.1200008392334,25.920000076293945,25.989999771118164,13600,0.0,0.0
2024-04-30 00:00:00-04:00,25.760000228881836,25.90999984741211,25.5,25.59000015258789,57100,0.0,0.0
2024-05-01 00:00:00-04:00,25.299999237060547,25.5,24.06999969482422,24.34000015258789,65300,0.0,0.0
2024-05-02 00:00:00-04:00,24.31999969482422,25.059999465942383,24.270000457763672,24.790000915527344,24100,0.0,0.0
2024-05-03 00:00:00-04:00,24.81999969482422,25.739999771118164,24.799999237060547,25.549999237060547,34200,0.0,0.0
2024-05-06 00:00:00-04:00,25.549999237060547,26.059999465942383,25.15999984741211,25.639999389648438,16800,0.0,0.0
2024-05-07 00:00:00-04:00,25.450000762939453,26.510000228881836,25.3799991607666,25.59000015258789,35200,0.0,0.0
2024-05-08 00:00:00-04:00,25.489999771118164,26.040000915527344,25.059999465942383,25.93000030517578,22800,0.0,0.0
2024-05-09 00:00:00-04:00,25.75,26.299999237060547,25.350000381469727,26.209999084472656,31500,0.0,0.0
2024-05-10 00:00:00-04:00,26.1299991607666,26.420000076293945,26.0,26.420000076293945,17600,0.0,0.0
2024-05-13 00:00:00-04:00,26.5,26.989999771118164,26.299999237060547,26.510000228881836,34000,0.0,0.0
2024-05-14 00:00:00-04:00,26.690000534057617,26.690000534057617,26.40999984741211,26.6200008392334,19400,0.0,0.0
2024-05-15 00:00:00-04:00,26.59000015258789,27.440000534057617,26.5,27.25,34800,0.0,0.0
2024-05-16 00:00:00-04:00,27.270000457763672,27.760000228881836,27.110000610351562,27.6200008392334,14000,0.0,0.0
2024-05-17 00:00:00-04:00,27.770000457763672,28.280000686645508,27.459999084472656,28.270000457763672,16200,0.0,0.0
2024-05-20 00:00:00-04:00,28.049999237060547,28.5,27.959999084472656,28.309999465942383,12700,0.0,0.0
2024-05-21 00:00:00-04:00,28.09000015258789,28.350000381469727,27.889999389648438,28.309999465942383,11200,0.0,0.0
2024-05-22 00:00:00-04:00,28.170000076293945,28.360000610351562,27.959999084472656,28.170000076293945,13800,0.0,0.0
2024-05-23 00:00:00-04:00,28.0,28.079999923706055,27.290000915527344,27.3799991607666,28400,0.0,0.0
2024-05-24 00:00:00-04:00,27.690000534057617,27.700000762939453,27.270000457763672,27.600000381469727,16500,0.0,0.0
2024-05-28 00:00:00-04:00,27.059999465942383,27.18000030517578,25.8700008392334,26.309999465942383,89800,0.0,0.0
2024-05-29 00:00:00-04:00,26.110000610351562,26.280000686645508,25.600000381469727,25.600000381469727,55000,0.0,0.0
2024-05-30 00:00:00-04:00,25.8799991607666,26.100000381469727,25.639999389648438,25.90999984741211,15700,0.0,0.0
2024-05-31 00:00:00-04:00,26.0,26.469999313354492,25.649999618530273,26.459999084472656,34100,0.0,0.0
2024-06-03 00:00:00-04:00,26.450000762939453,26.450000762939453,25.850000381469727,25.850000381469727,22400,0.0,0.0
2024-06-04 00:00:00-04:00,25.649999618530273,26.0,25.649999618530273,25.989999771118164,27700,0.0,0.0
2024-06-05 00:00:00-04:00,25.989999771118164,26.209999084472656,25.899999618530273,26.209999084472656,19300,0.0,0.0
2024-06-06 00:00:00-04:00,26.020000457763672,26.170000076293945,26.0,26.030000686645508,18500,0.0,0.0
2024-06-07 00:00:00-04:00,26.0,26.09000015258789,25.649999618530273,25.950000762939453,16900,0.0,0.0
2024-06-10 00:00:00-04:00,25.920000076293945,26.079999923706055,25.790000915527344,26.049999237060547,16600,0.0,0.0
2024-06-11 00:00:00-04:00,26.0,26.31999969482422,25.989999771118164,26.31999969482422,26200,0.0,0.0
2024-06-12 00:00:00-04:00,26.81999969482422,27.06999969482422,26.200000762939453,27.06999969482422,32100,0.0,0.0
2024-06-13 00:00:00-04:00,26.799999237060547,27.270000457763672,26.65999984741211,27.139999389648438,19200,0.0,0.0
2024-06-14 00:00:00-04:00,25.600000381469727,26.8700008392334,25.600000381469727,26.719999313354492,25700,0.0,0.0
