Date,Open,High,Low,Close,Volume,Dividends,Stock Splits
2020-11-23 00:00:00-05:00,10.0,10.0,9.680000305175781,9.75,236100,0.0,0.0
2020-11-24 00:00:00-05:00,9.75,9.812000274658203,9.699999809265137,9.75,129900,0.0,0.0
2020-11-25 00:00:00-05:00,9.800000190734863,9.850000381469727,9.720000267028809,9.75,75200,0.0,0.0
2020-11-27 00:00:00-05:00,9.819999694824219,9.850000381469727,9.699999809265137,9.729999542236328,103000,0.0,0.0
2020-11-30 00:00:00-05:00,10.239999771118164,10.239999771118164,9.729999542236328,9.75,213500,0.0,0.0
2020-12-01 00:00:00-05:00,9.8100004196167,9.829999923706055,9.720000267028809,9.779999732971191,61700,0.0,0.0
2020-12-02 00:00:00-05:00,9.819999694824219,9.880000114440918,9.800000190734863,9.829999923706055,26200,0.0,0.0
2020-12-03 00:00:00-05:00,9.800000190734863,9.864999771118164,9.75,9.850000381469727,54100,0.0,0.0
2020-12-04 00:00:00-05:00,9.869999885559082,10.0,9.84000015258789,9.949999809265137,296400,0.0,0.0
2020-12-07 00:00:00-05:00,9.989999771118164,10.100000381469727,9.850000381469727,9.899999618530273,172900,0.0,0.0
2020-12-08 00:00:00-05:00,9.949999809265137,9.949999809265137,9.850000381469727,9.930000305175781,163800,0.0,0.0
2020-12-09 00:00:00-05:00,9.970000267028809,9.998000144958496,9.850000381469727,9.890000343322754,410400,0.0,0.0
2020-12-10 00:00:00-05:00,10.050000190734863,10.050000190734863,9.859999656677246,9.930000305175781,541000,0.0,0.0
2020-12-11 00:00:00-05:00,9.949999809265137,10.119999885559082,9.949999809265137,10.020000457763672,480300,0.0,0.0
2020-12-14 00:00:00-05:00,10.300000190734863,10.5,10.029999732971191,10.119999885559082,543900,0.0,0.0
2020-12-15 00:00:00-05:00,10.199999809265137,10.239999771118164,10.050000190734863,10.069999694824219,224100,0.0,0.0
2020-12-16 00:00:00-05:00,10.100000381469727,10.140000343322754,10.050000190734863,10.100000381469727,94300,0.0,0.0
2020-12-17 00:00:00-05:00,10.079999923706055,10.15999984741211,10.079999923706055,10.119999885559082,104600,0.0,0.0
2020-12-18 00:00:00-05:00,10.09000015258789,10.170000076293945,10.09000015258789,10.100000381469727,592600,0.0,0.0
2020-12-21 00:00:00-05:00,10.100000381469727,10.140000343322754,10.050000190734863,10.079999923706055,63600,0.0,0.0
2020-12-22 00:00:00-05:00,10.069999694824219,10.1899995803833,10.0600004196167,10.119999885559082,144000,0.0,0.0
2020-12-23 00:00:00-05:00,10.149999618530273,10.1899995803833,10.100000381469727,10.1899995803833,230200,0.0,0.0
2020-12-24 00:00:00-05:00,10.380000114440918,10.390000343322754,10.15999984741211,10.180000305175781,156400,0.0,0.0
2020-12-28 00:00:00-05:00,10.369999885559082,10.369999885559082,10.130000114440918,10.350000381469727,391500,0.0,0.0
2020-12-29 00:00:00-05:00,10.449999809265137,10.479999542236328,10.25,10.279999732971191,271400,0.0,0.0
2020-12-30 00:00:00-05:00,10.199999809265137,10.359999656677246,10.199999809265137,10.25,415200,0.0,0.0
2020-12-31 00:00:00-05:00,10.25,10.270000457763672,10.119999885559082,10.119999885559082,172100,0.0,0.0
2021-01-04 00:00:00-05:00,10.180000305175781,10.25,10.170000076293945,10.239999771118164,271100,0.0,0.0
2021-01-05 00:00:00-05:00,10.270000457763672,10.300000190734863,10.199999809265137,10.199999809265137,86800,0.0,0.0
2021-01-06 00:00:00-05:00,10.369999885559082,10.369999885559082,10.15999984741211,10.15999984741211,192000,0.0,0.0
2021-01-07 00:00:00-05:00,10.430000305175781,10.460000038146973,10.215999603271484,10.350000381469727,531300,0.0,0.0
2021-01-08 00:00:00-05:00,10.449999809265137,10.5,10.350000381469727,10.420000076293945,78400,0.0,0.0
2021-01-11 00:00:00-05:00,10.600000381469727,10.600000381469727,10.461999893188477,10.5,283400,0.0,0.0
2021-01-12 00:00:00-05:00,10.609999656677246,10.800000190734863,10.600000381469727,10.6899995803833,479100,0.0,0.0
2021-01-13 00:00:00-05:00,10.800000190734863,10.800000190734863,10.600000381469727,10.6899995803833,482800,0.0,0.0
2021-01-14 00:00:00-05:00,10.770000457763672,10.770000457763672,10.520000457763672,10.5600004196167,521800,0.0,0.0
2021-01-15 00:00:00-05:00,10.65999984741211,10.746999740600586,10.4399995803833,10.489999771118164,282700,0.0,0.0
2021-01-19 00:00:00-05:00,10.579999923706055,10.619999885559082,10.359999656677246,10.420000076293945,284300,0.0,0.0
2021-01-20 00:00:00-05:00,10.449999809265137,10.5,10.350000381469727,10.5,435900,0.0,0.0
2021-01-21 00:00:00-05:00,10.579999923706055,10.59000015258789,10.430000305175781,10.489999771118164,351400,0.0,0.0
2021-01-22 00:00:00-05:00,10.479999542236328,10.640000343322754,10.470000267028809,10.510000228881836,273800,0.0,0.0
2021-01-25 00:00:00-05:00,10.550000190734863,10.640000343322754,10.420000076293945,10.4399995803833,512500,0.0,0.0
2021-01-26 00:00:00-05:00,10.5,10.529999732971191,10.359999656677246,10.430000305175781,257100,0.0,0.0
2021-01-27 00:00:00-05:00,10.359999656677246,10.375,10.100000381469727,10.149999618530273,460400,0.0,0.0
2021-01-28 00:00:00-05:00,10.149999618530273,10.291999816894531,10.109999656677246,10.239999771118164,228800,0.0,0.0
2021-01-29 00:00:00-05:00,10.229999542236328,10.3100004196167,10.119999885559082,10.25,185400,0.0,0.0
2021-02-01 00:00:00-05:00,10.210000038146973,10.329000473022461,10.180000305175781,10.1899995803833,347300,0.0,0.0
2021-02-02 00:00:00-05:00,10.220000267028809,10.430000305175781,10.220000267028809,10.380000114440918,255300,0.0,0.0
2021-02-03 00:00:00-05:00,10.40999984741211,10.470000267028809,10.350000381469727,10.359999656677246,194300,0.0,0.0
2021-02-04 00:00:00-05:00,10.390000343322754,10.489999771118164,10.319999694824219,10.449999809265137,194500,0.0,0.0
2021-02-05 00:00:00-05:00,10.4399995803833,10.579999923706055,10.350000381469727,10.460000038146973,354300,0.0,0.0
2021-02-08 00:00:00-05:00,10.515000343322754,10.529999732971191,10.399999618530273,10.399999618530273,298900,0.0,0.0
2021-02-09 00:00:00-05:00,10.420000076293945,10.420000076293945,10.359999656677246,10.40999984741211,353700,0.0,0.0
2021-02-10 00:00:00-05:00,10.430000305175781,10.4399995803833,10.319999694824219,10.430000305175781,164800,0.0,0.0
2021-02-11 00:00:00-05:00,10.399999618530273,10.460000038146973,10.3100004196167,10.319999694824219,202300,0.0,0.0
2021-02-12 00:00:00-05:00,10.350000381469727,10.399999618530273,10.3100004196167,10.359999656677246,274000,0.0,0.0
2021-02-16 00:00:00-05:00,10.470000267028809,10.489999771118164,10.380000114440918,10.430000305175781,201100,0.0,0.0
2021-02-17 00:00:00-05:00,10.4399995803833,10.524999618530273,10.390000343322754,10.4399995803833,208200,0.0,0.0
2021-02-18 00:00:00-05:00,10.380000114440918,10.461000442504883,10.350000381469727,10.399999618530273,246300,0.0,0.0
2021-02-19 00:00:00-05:00,10.369999885559082,10.489999771118164,10.369999885559082,10.479999542236328,253700,0.0,0.0
2021-02-22 00:00:00-05:00,10.479999542236328,10.531000137329102,10.390000343322754,10.420000076293945,319800,0.0,0.0
2021-02-23 00:00:00-05:00,10.329999923706055,10.390000343322754,10.010000228881836,10.34000015258789,735800,0.0,0.0
2021-02-24 00:00:00-05:00,10.300000190734863,10.449999809265137,10.25,10.270000457763672,581600,0.0,0.0
2021-02-25 00:00:00-05:00,10.289999961853027,10.329999923706055,10.199999809265137,10.220000267028809,376900,0.0,0.0
2021-02-26 00:00:00-05:00,10.300000190734863,10.3100004196167,10.180000305175781,10.220000267028809,618200,0.0,0.0
2021-03-01 00:00:00-05:00,10.329999923706055,10.329999923706055,10.180000305175781,10.239999771118164,257200,0.0,0.0
2021-03-02 00:00:00-05:00,10.239999771118164,10.75,10.100000381469727,10.300000190734863,1406600,0.0,0.0
2021-03-03 00:00:00-05:00,10.0600004196167,10.149999618530273,10.0,10.020000457763672,958200,0.0,0.0
2021-03-04 00:00:00-05:00,10.0,10.020000457763672,9.850000381469727,9.890000343322754,692500,0.0,0.0
2021-03-05 00:00:00-05:00,9.970000267028809,10.069999694824219,9.890000343322754,10.039999961853027,1064000,0.0,0.0
2021-03-08 00:00:00-05:00,10.069999694824219,10.130000114440918,9.9399995803833,10.0,216800,0.0,0.0
2021-03-09 00:00:00-05:00,10.039999961853027,10.039999961853027,9.960000038146973,10.0,117000,0.0,0.0
2021-03-10 00:00:00-05:00,10.010000228881836,10.039999961853027,9.949999809265137,10.0,164300,0.0,0.0
2021-03-11 00:00:00-05:00,10.020000457763672,10.09000015258789,9.949999809265137,10.029999732971191,551500,0.0,0.0
2021-03-12 00:00:00-05:00,10.010000228881836,10.079999923706055,9.989999771118164,10.029999732971191,122300,0.0,0.0
2021-03-15 00:00:00-04:00,10.050000190734863,10.079999923706055,9.960000038146973,9.979999542236328,82600,0.0,0.0
2021-03-16 00:00:00-04:00,10.0,10.041999816894531,9.960000038146973,10.010000228881836,156000,0.0,0.0
2021-03-17 00:00:00-04:00,9.979999542236328,10.010000228881836,9.949999809265137,9.989999771118164,123500,0.0,0.0
2021-03-18 00:00:00-04:00,10.010000228881836,10.029999732971191,9.899999618530273,10.020000457763672,342100,0.0,0.0
2021-03-19 00:00:00-04:00,10.010000228881836,10.024999618530273,9.899999618530273,9.970000267028809,298700,0.0,0.0
2021-03-22 00:00:00-04:00,9.960000038146973,9.989999771118164,9.90999984741211,9.930000305175781,49900,0.0,0.0
2021-03-23 00:00:00-04:00,9.949999809265137,9.960000038146973,9.779999732971191,9.819999694824219,197500,0.0,0.0
2021-03-24 00:00:00-04:00,9.800000190734863,9.86400032043457,9.710000038146973,9.75,269200,0.0,0.0
2021-03-25 00:00:00-04:00,9.65999984741211,9.760000228881836,9.59000015258789,9.710000038146973,371700,0.0,0.0
2021-03-26 00:00:00-04:00,9.699999809265137,9.960000038146973,9.699999809265137,9.9399995803833,68500,0.0,0.0
2021-03-29 00:00:00-04:00,9.949999809265137,9.949999809265137,9.800000190734863,9.890000343322754,60500,0.0,0.0
2021-03-30 00:00:00-04:00,9.829999923706055,9.930000305175781,9.770000457763672,9.800000190734863,325800,0.0,0.0
2021-03-31 00:00:00-04:00,9.8100004196167,9.819999694824219,9.75,9.770000457763672,34800,0.0,0.0
2021-04-01 00:00:00-04:00,9.819999694824219,9.829999923706055,9.779999732971191,9.8100004196167,106800,0.0,0.0
2021-04-05 00:00:00-04:00,9.850000381469727,9.899999618530273,9.770000457763672,9.859999656677246,252600,0.0,0.0
2021-04-06 00:00:00-04:00,9.869999885559082,9.960000038146973,9.869999885559082,9.930000305175781,184200,0.0,0.0
2021-04-07 00:00:00-04:00,9.930000305175781,9.979999542236328,9.920000076293945,9.960000038146973,49600,0.0,0.0
2021-04-08 00:00:00-04:00,9.979999542236328,10.0,9.890000343322754,9.90999984741211,222700,0.0,0.0
2021-04-09 00:00:00-04:00,9.949999809265137,10.0,9.899999618530273,9.9399995803833,459100,0.0,0.0
2021-04-12 00:00:00-04:00,9.930000305175781,10.0,9.920000076293945,9.989999771118164,176900,0.0,0.0
2021-04-13 00:00:00-04:00,9.960000038146973,10.0,9.899999618530273,9.960000038146973,89200,0.0,0.0
2021-04-14 00:00:00-04:00,9.9399995803833,9.960000038146973,9.90999984741211,9.949999809265137,27300,0.0,0.0
2021-04-15 00:00:00-04:00,9.9399995803833,9.970000267028809,9.909000396728516,9.930000305175781,171600,0.0,0.0
2021-04-16 00:00:00-04:00,9.944999694824219,9.970000267028809,9.880000114440918,9.9399995803833,267200,0.0,0.0
2021-04-19 00:00:00-04:00,9.899999618530273,9.949999809265137,9.859999656677246,9.9399995803833,190200,0.0,0.0
2021-04-20 00:00:00-04:00,9.960000038146973,9.979999542236328,9.800000190734863,9.850000381469727,170200,0.0,0.0
2021-04-21 00:00:00-04:00,9.84000015258789,9.859999656677246,9.8100004196167,9.829999923706055,170300,0.0,0.0
2021-04-22 00:00:00-04:00,9.850000381469727,9.880000114440918,9.770000457763672,9.8100004196167,177200,0.0,0.0
2021-04-23 00:00:00-04:00,9.84000015258789,9.869999885559082,9.765000343322754,9.779999732971191,414300,0.0,0.0
2021-04-26 00:00:00-04:00,10.579999923706055,10.850000381469727,10.149999618530273,10.220000267028809,22804300,0.0,0.0
2021-04-27 00:00:00-04:00,10.270000457763672,10.420000076293945,10.130000114440918,10.229999542236328,3894600,0.0,0.0
2021-04-28 00:00:00-04:00,10.229999542236328,10.369999885559082,10.180000305175781,10.279999732971191,3169000,0.0,0.0
2021-04-29 00:00:00-04:00,10.34000015258789,10.399999618530273,10.239999771118164,10.270000457763672,1671800,0.0,0.0
2021-04-30 00:00:00-04:00,10.390000343322754,10.390000343322754,10.270000457763672,10.359999656677246,2471300,0.0,0.0
2021-05-03 00:00:00-04:00,10.430000305175781,10.449999809265137,10.319999694824219,10.359999656677246,2060300,0.0,0.0
2021-05-04 00:00:00-04:00,10.430000305175781,10.479999542236328,10.199999809265137,10.279999732971191,1377000,0.0,0.0
2021-05-05 00:00:00-04:00,10.40999984741211,10.4399995803833,10.194999694824219,10.220000267028809,2325400,0.0,0.0
2021-05-06 00:00:00-04:00,10.270000457763672,10.300000190734863,10.170000076293945,10.210000038146973,1512500,0.0,0.0
2021-05-07 00:00:00-04:00,10.1899995803833,10.300000190734863,10.109999656677246,10.130000114440918,911300,0.0,0.0
2021-05-10 00:00:00-04:00,10.1899995803833,10.220000267028809,10.069999694824219,10.130000114440918,1376500,0.0,0.0
2021-05-11 00:00:00-04:00,9.989999771118164,10.140000343322754,9.960000038146973,10.069999694824219,900200,0.0,0.0
2021-05-12 00:00:00-04:00,10.039999961853027,10.15999984741211,10.020000457763672,10.109999656677246,1727300,0.0,0.0
2021-05-13 00:00:00-04:00,10.09000015258789,10.116000175476074,9.989999771118164,10.0,794900,0.0,0.0
2021-05-14 00:00:00-04:00,10.020000457763672,10.149999618530273,10.015000343322754,10.119999885559082,866900,0.0,0.0
2021-05-17 00:00:00-04:00,10.329999923706055,10.449999809265137,10.199999809265137,10.300000190734863,1862000,0.0,0.0
2021-05-18 00:00:00-04:00,10.359999656677246,10.4399995803833,10.319999694824219,10.369999885559082,670900,0.0,0.0
2021-05-19 00:00:00-04:00,10.199999809265137,10.350000381469727,10.12600040435791,10.3100004196167,687100,0.0,0.0
2021-05-20 00:00:00-04:00,10.329999923706055,10.350000381469727,10.260000228881836,10.3100004196167,505800,0.0,0.0
2021-05-21 00:00:00-04:00,10.319999694824219,10.380000114440918,10.25,10.270000457763672,480500,0.0,0.0
2021-05-24 00:00:00-04:00,10.3100004196167,10.3149995803833,10.180000305175781,10.180000305175781,381400,0.0,0.0
2021-05-25 00:00:00-04:00,10.210000038146973,10.229999542236328,10.100000381469727,10.100000381469727,493300,0.0,0.0
2021-05-26 00:00:00-04:00,10.109999656677246,10.199999809265137,10.010000228881836,10.109999656677246,955000,0.0,0.0
2021-05-27 00:00:00-04:00,10.119999885559082,10.1850004196167,10.029999732971191,10.039999961853027,609900,0.0,0.0
2021-05-28 00:00:00-04:00,10.079999923706055,10.145000457763672,10.050000190734863,10.0600004196167,779700,0.0,0.0
2021-06-01 00:00:00-04:00,10.140000343322754,10.149999618530273,10.029999732971191,10.039999961853027,831000,0.0,0.0
2021-06-02 00:00:00-04:00,10.069999694824219,10.109999656677246,10.039999961853027,10.069999694824219,882300,0.0,0.0
2021-06-03 00:00:00-04:00,10.109999656677246,10.180000305175781,10.020000457763672,10.050000190734863,763900,0.0,0.0
2021-06-04 00:00:00-04:00,10.050000190734863,10.119999885559082,10.039999961853027,10.0600004196167,376200,0.0,0.0
2021-06-07 00:00:00-04:00,10.0600004196167,10.100000381469727,10.050000190734863,10.069999694824219,796200,0.0,0.0
2021-06-08 00:00:00-04:00,10.100000381469727,10.119999885559082,10.0600004196167,10.109999656677246,523700,0.0,0.0
2021-06-09 00:00:00-04:00,10.119999885559082,10.130000114440918,10.09000015258789,10.119999885559082,528300,0.0,0.0
2021-06-10 00:00:00-04:00,10.100000381469727,10.260000228881836,10.079999923706055,10.1899995803833,707200,0.0,0.0
2021-06-11 00:00:00-04:00,10.170000076293945,10.270000457763672,10.170000076293945,10.260000228881836,595800,0.0,0.0
2021-06-14 00:00:00-04:00,10.25,10.300000190734863,10.220000267028809,10.239999771118164,651200,0.0,0.0
2021-06-15 00:00:00-04:00,10.279999732971191,10.300000190734863,10.180000305175781,10.199999809265137,307200,0.0,0.0
2021-06-16 00:00:00-04:00,10.170000076293945,10.225000381469727,10.140000343322754,10.199999809265137,295700,0.0,0.0
2021-06-17 00:00:00-04:00,10.210000038146973,10.220999717712402,10.145000457763672,10.170000076293945,488300,0.0,0.0
2021-06-18 00:00:00-04:00,10.15999984741211,10.1899995803833,10.079999923706055,10.119999885559082,574500,0.0,0.0
2021-06-21 00:00:00-04:00,10.180000305175781,10.1899995803833,10.050000190734863,10.09000015258789,521300,0.0,0.0
2021-06-22 00:00:00-04:00,10.149999618530273,10.15999984741211,10.100000381469727,10.109999656677246,384800,0.0,0.0
2021-06-23 00:00:00-04:00,10.140000343322754,10.140000343322754,10.100000381469727,10.119999885559082,258900,0.0,0.0
2021-06-24 00:00:00-04:00,10.130000114440918,10.130000114440918,10.095000267028809,10.109999656677246,575000,0.0,0.0
2021-06-25 00:00:00-04:00,10.119999885559082,10.15999984741211,10.098999977111816,10.109999656677246,382000,0.0,0.0
2021-06-28 00:00:00-04:00,10.119999885559082,10.130000114440918,10.085000038146973,10.100000381469727,799400,0.0,0.0
2021-06-29 00:00:00-04:00,10.09000015258789,10.109999656677246,10.079999923706055,10.100000381469727,229600,0.0,0.0
2021-06-30 00:00:00-04:00,10.079999923706055,10.130000114440918,10.069999694824219,10.079999923706055,314000,0.0,0.0
2021-07-01 00:00:00-04:00,10.100000381469727,10.100000381469727,10.0600004196167,10.069999694824219,129200,0.0,0.0
2021-07-02 00:00:00-04:00,10.09000015258789,10.09000015258789,10.045000076293945,10.0600004196167,232400,0.0,0.0
2021-07-06 00:00:00-04:00,10.0600004196167,10.085000038146973,10.050000190734863,10.0600004196167,267800,0.0,0.0
2021-07-07 00:00:00-04:00,10.0600004196167,10.079999923706055,10.020000457763672,10.069999694824219,374700,0.0,0.0
2021-07-08 00:00:00-04:00,10.0,10.020000457763672,9.949999809265137,9.970000267028809,990900,0.0,0.0
2021-07-09 00:00:00-04:00,10.0,10.029999732971191,9.961000442504883,10.0,367600,0.0,0.0
2021-07-12 00:00:00-04:00,9.994999885559082,10.029999732971191,9.970000267028809,9.979999542236328,354600,0.0,0.0
2021-07-13 00:00:00-04:00,9.979999542236328,10.0,9.960000038146973,9.989999771118164,238100,0.0,0.0
2021-07-14 00:00:00-04:00,9.989999771118164,9.989999771118164,9.949999809265137,9.960000038146973,527300,0.0,0.0
2021-07-15 00:00:00-04:00,9.949999809265137,9.970000267028809,9.899999618530273,9.960000038146973,851900,0.0,0.0
2021-07-16 00:00:00-04:00,9.930000305175781,9.949999809265137,9.869999885559082,9.899999618530273,235500,0.0,0.0
2021-07-19 00:00:00-04:00,9.850000381469727,9.90999984741211,9.84000015258789,9.899999618530273,561500,0.0,0.0
2021-07-20 00:00:00-04:00,9.920000076293945,9.9399995803833,9.869999885559082,9.890000343322754,407400,0.0,0.0
2021-07-21 00:00:00-04:00,9.899999618530273,9.920000076293945,9.880000114440918,9.890000343322754,206100,0.0,0.0
2021-07-22 00:00:00-04:00,9.890000343322754,9.89799976348877,9.859999656677246,9.880000114440918,230200,0.0,0.0
2021-07-23 00:00:00-04:00,9.880000114440918,9.90999984741211,9.869999885559082,9.890000343322754,268200,0.0,0.0
2021-07-26 00:00:00-04:00,9.869999885559082,9.960000038146973,9.869999885559082,9.930000305175781,180800,0.0,0.0
2021-07-27 00:00:00-04:00,9.9399995803833,9.949999809265137,9.890000343322754,9.9399995803833,169100,0.0,0.0
2021-07-28 00:00:00-04:00,9.9399995803833,9.949999809265137,9.890000343322754,9.890000343322754,379800,0.0,0.0
2021-07-29 00:00:00-04:00,9.899999618530273,9.90999984741211,9.880000114440918,9.890000343322754,252400,0.0,0.0
2021-07-30 00:00:00-04:00,9.930000305175781,9.949999809265137,9.890000343322754,9.899999618530273,415900,0.0,0.0
2021-08-02 00:00:00-04:00,9.989999771118164,10.010000228881836,9.899999618530273,9.90999984741211,753500,0.0,0.0
2021-08-03 00:00:00-04:00,9.90999984741211,9.930000305175781,9.880000114440918,9.890000343322754,1067700,0.0,0.0
2021-08-04 00:00:00-04:00,9.890000343322754,9.899999618530273,9.859999656677246,9.890000343322754,481500,0.0,0.0
2021-08-05 00:00:00-04:00,9.899999618530273,9.899999618530273,9.859999656677246,9.880000114440918,838600,0.0,0.0
2021-08-06 00:00:00-04:00,9.90999984741211,9.9399995803833,9.880000114440918,9.890000343322754,195100,0.0,0.0
2021-08-09 00:00:00-04:00,9.90999984741211,9.949999809265137,9.899999618530273,9.949999809265137,286700,0.0,0.0
2021-08-10 00:00:00-04:00,9.989999771118164,9.989999771118164,9.90999984741211,9.930000305175781,266200,0.0,0.0
2021-08-11 00:00:00-04:00,9.920000076293945,9.944999694824219,9.920000076293945,9.9399995803833,195200,0.0,0.0
2021-08-12 00:00:00-04:00,9.960000038146973,9.970000267028809,9.90999984741211,9.970000267028809,331600,0.0,0.0
2021-08-13 00:00:00-04:00,9.970000267028809,9.979999542236328,9.949999809265137,9.960000038146973,229800,0.0,0.0
2021-08-16 00:00:00-04:00,9.9399995803833,9.949999809265137,9.899999618530273,9.90999984741211,248200,0.0,0.0
2021-08-17 00:00:00-04:00,9.899999618530273,9.920000076293945,9.869999885559082,9.890000343322754,344800,0.0,0.0
2021-08-18 00:00:00-04:00,9.920000076293945,9.920000076293945,9.850000381469727,9.859999656677246,370600,0.0,0.0
2021-08-19 00:00:00-04:00,9.859999656677246,9.869999885559082,9.8100004196167,9.819999694824219,373200,0.0,0.0
2021-08-20 00:00:00-04:00,9.84000015258789,9.869999885559082,9.819999694824219,9.84000015258789,398000,0.0,0.0
2021-08-23 00:00:00-04:00,9.880000114440918,9.880000114440918,9.829999923706055,9.850000381469727,305000,0.0,0.0
2021-08-24 00:00:00-04:00,9.84000015258789,9.899999618530273,9.819999694824219,9.899999618530273,673200,0.0,0.0
2021-08-25 00:00:00-04:00,9.90999984741211,9.960000038146973,9.880000114440918,9.90999984741211,307200,0.0,0.0
2021-08-26 00:00:00-04:00,9.90999984741211,9.960000038146973,9.90999984741211,9.930000305175781,211300,0.0,0.0
2021-08-27 00:00:00-04:00,9.9399995803833,9.989999771118164,9.930000305175781,9.989999771118164,253400,0.0,0.0
2021-08-30 00:00:00-04:00,10.010000228881836,10.020000457763672,9.970000267028809,9.979999542236328,313400,0.0,0.0
2021-08-31 00:00:00-04:00,9.970000267028809,10.010000228881836,9.970000267028809,10.010000228881836,255500,0.0,0.0
2021-09-01 00:00:00-04:00,9.979999542236328,10.0,9.979999542236328,10.0,104200,0.0,0.0
2021-09-02 00:00:00-04:00,10.020000457763672,10.020000457763672,9.979999542236328,10.0,160100,0.0,0.0
2021-09-03 00:00:00-04:00,10.0,10.020000457763672,9.989999771118164,10.0,249300,0.0,0.0
2021-09-07 00:00:00-04:00,10.010000228881836,10.010000228881836,9.979999542236328,10.0,236500,0.0,0.0
2021-09-08 00:00:00-04:00,9.989999771118164,10.039999961853027,9.989999771118164,10.010000228881836,300700,0.0,0.0
2021-09-09 00:00:00-04:00,10.25,10.260000228881836,10.029999732971191,10.050000190734863,731300,0.0,0.0
2021-09-10 00:00:00-04:00,10.079999923706055,10.079999923706055,10.029999732971191,10.039999961853027,232700,0.0,0.0
2021-09-13 00:00:00-04:00,10.039999961853027,10.050000190734863,9.989999771118164,10.0,223400,0.0,0.0
2021-09-14 00:00:00-04:00,10.029999732971191,10.029999732971191,9.989999771118164,10.0,165500,0.0,0.0
2021-09-15 00:00:00-04:00,10.020000457763672,10.024999618530273,10.0,10.010000228881836,178400,0.0,0.0
2021-09-16 00:00:00-04:00,10.100000381469727,10.109999656677246,9.984999656677246,10.020000457763672,602500,0.0,0.0
2021-09-17 00:00:00-04:00,10.020000457763672,10.039999961853027,9.989999771118164,10.0,347700,0.0,0.0
2021-09-20 00:00:00-04:00,9.9399995803833,9.989999771118164,9.90999984741211,9.949999809265137,659000,0.0,0.0
2021-09-21 00:00:00-04:00,9.960000038146973,9.994999885559082,9.9350004196167,9.989999771118164,379000,0.0,0.0
2021-09-22 00:00:00-04:00,9.989999771118164,10.09000015258789,9.979999542236328,10.029999732971191,475000,0.0,0.0
2021-09-23 00:00:00-04:00,10.010000228881836,10.020000457763672,10.0,10.010000228881836,315400,0.0,0.0
2021-09-24 00:00:00-04:00,10.010000228881836,10.015000343322754,9.989999771118164,10.0,990200,0.0,0.0
2021-09-27 00:00:00-04:00,10.010000228881836,10.020000457763672,9.989999771118164,10.010000228881836,1009500,0.0,0.0
2021-09-28 00:00:00-04:00,10.010000228881836,10.020000457763672,9.994999885559082,10.010000228881836,1582100,0.0,0.0
2021-09-29 00:00:00-04:00,10.010000228881836,10.100000381469727,9.989999771118164,10.039999961853027,3060300,0.0,0.0
2021-09-30 00:00:00-04:00,10.029999732971191,10.039999961853027,10.0,10.020000457763672,1522500,0.0,0.0
2021-10-01 00:00:00-04:00,10.020000457763672,10.039999961853027,10.0,10.0,635200,0.0,0.0
2021-10-04 00:00:00-04:00,10.020000457763672,10.024999618530273,9.979999542236328,10.0,723500,0.0,0.0
2021-10-05 00:00:00-04:00,9.989999771118164,10.020000457763672,9.982000350952148,10.020000457763672,247800,0.0,0.0
2021-10-06 00:00:00-04:00,10.020000457763672,10.020000457763672,9.979999542236328,9.989999771118164,500000,0.0,0.0
2021-10-07 00:00:00-04:00,9.989999771118164,10.0,9.979999542236328,9.984999656677246,245800,0.0,0.0
2021-10-08 00:00:00-04:00,9.979999542236328,10.0,9.960000038146973,9.979999542236328,197100,0.0,0.0
2021-10-11 00:00:00-04:00,9.989999771118164,10.029999732971191,9.970000267028809,10.0,1159300,0.0,0.0
2021-10-12 00:00:00-04:00,10.0,10.029999732971191,9.989999771118164,10.020000457763672,485800,0.0,0.0
2021-10-13 00:00:00-04:00,10.010000228881836,10.029999732971191,10.0,10.020000457763672,505400,0.0,0.0
2021-10-14 00:00:00-04:00,10.029999732971191,10.029999732971191,10.010000228881836,10.020000457763672,331100,0.0,0.0
2021-10-15 00:00:00-04:00,10.010000228881836,10.055000305175781,10.010000228881836,10.020000457763672,1040700,0.0,0.0
2021-10-18 00:00:00-04:00,10.010000228881836,10.029999732971191,10.008000373840332,10.020000457763672,837700,0.0,0.0
2021-10-19 00:00:00-04:00,10.020000457763672,10.029999732971191,10.010000228881836,10.029999732971191,131900,0.0,0.0
2021-10-20 00:00:00-04:00,10.039999961853027,10.140000343322754,10.029999732971191,10.109999656677246,1342400,0.0,0.0
2021-10-21 00:00:00-04:00,10.100000381469727,10.194999694824219,10.072999954223633,10.170000076293945,704100,0.0,0.0
2021-10-22 00:00:00-04:00,10.199999809265137,10.677000045776367,10.1899995803833,10.520000457763672,3404500,0.0,0.0
2021-10-25 00:00:00-04:00,10.600000381469727,10.819999694824219,10.451000213623047,10.5,1797500,0.0,0.0
2021-10-26 00:00:00-04:00,10.649999618530273,11.510000228881836,10.645000457763672,11.5,12548200,0.0,0.0
2021-10-27 00:00:00-04:00,11.520000457763672,11.800000190734863,11.010000228881836,11.220000267028809,7074500,0.0,0.0
2021-10-28 00:00:00-04:00,11.25,11.5600004196167,11.149999618530273,11.229999542236328,2848800,0.0,0.0
2021-10-29 00:00:00-04:00,11.3100004196167,11.399999618530273,11.109999656677246,11.1899995803833,1353400,0.0,0.0
2021-11-01 00:00:00-04:00,11.199999809265137,11.274999618530273,10.800000190734863,11.199999809265137,2070800,0.0,0.0
2021-11-02 00:00:00-04:00,11.180000305175781,11.649999618530273,10.9399995803833,11.239999771118164,3248600,0.0,0.0
2021-11-03 00:00:00-04:00,11.1899995803833,11.199999809265137,10.932999610900879,11.039999961853027,1468900,0.0,0.0
2021-11-04 00:00:00-04:00,11.050000190734863,11.09000015258789,10.710000038146973,10.850000381469727,1558500,0.0,0.0
2021-11-05 00:00:00-04:00,10.800000190734863,10.869999885559082,10.562999725341797,10.789999961853027,886300,0.0,0.0
2021-11-08 00:00:00-05:00,10.720000267028809,10.847999572753906,10.630000114440918,10.770000457763672,1465300,0.0,0.0
2021-11-09 00:00:00-05:00,10.779999732971191,11.369999885559082,10.609999656677246,11.319999694824219,4976500,0.0,0.0
2021-11-10 00:00:00-05:00,11.199999809265137,11.4399995803833,10.824000358581543,11.020000457763672,3082300,0.0,0.0
2021-11-11 00:00:00-05:00,11.34000015258789,11.930000305175781,11.119999885559082,11.890000343322754,5855200,0.0,0.0
2021-11-12 00:00:00-05:00,11.630000114440918,11.800000190734863,11.220000267028809,11.800000190734863,3765100,0.0,0.0
2021-11-15 00:00:00-05:00,12.149999618530273,12.479999542236328,11.9399995803833,12.3100004196167,3355900,0.0,0.0
2021-11-16 00:00:00-05:00,12.079999923706055,12.140000343322754,11.710000038146973,11.880000114440918,2722000,0.0,0.0
2021-11-17 00:00:00-05:00,11.75,11.920000076293945,11.3100004196167,11.550000190734863,2668900,0.0,0.0
2021-11-18 00:00:00-05:00,11.489999771118164,11.5,11.100000381469727,11.34000015258789,1773900,0.0,0.0
2021-11-19 00:00:00-05:00,11.279999732971191,11.765000343322754,11.140000343322754,11.5,2024500,0.0,0.0
2021-11-22 00:00:00-05:00,11.529999732971191,11.699999809265137,11.149999618530273,11.539999961853027,1882700,0.0,0.0
2021-11-23 00:00:00-05:00,11.479999542236328,11.529999732971191,10.770000457763672,11.0600004196167,2322500,0.0,0.0
2021-11-24 00:00:00-05:00,10.899999618530273,11.140000343322754,10.739999771118164,11.079999923706055,920700,0.0,0.0
2021-11-26 00:00:00-05:00,10.770000457763672,10.960000038146973,10.699999809265137,10.720000267028809,889400,0.0,0.0
2021-11-29 00:00:00-05:00,10.8100004196167,10.996999740600586,10.75,10.970000267028809,707200,0.0,0.0
2021-11-30 00:00:00-05:00,10.949999809265137,11.09000015258789,10.449999809265137,10.510000228881836,1589300,0.0,0.0
2021-12-01 00:00:00-05:00,10.630000114440918,10.9399995803833,10.470000267028809,10.5,1150300,0.0,0.0
2021-12-02 00:00:00-05:00,10.399999618530273,10.520000457763672,10.279999732971191,10.40999984741211,1100400,0.0,0.0
2021-12-03 00:00:00-05:00,10.630000114440918,10.699999809265137,10.322999954223633,10.4399995803833,1653600,0.0,0.0
2021-12-06 00:00:00-05:00,10.420000076293945,10.489999771118164,10.210000038146973,10.300000190734863,1506900,0.0,0.0
2021-12-07 00:00:00-05:00,10.399999618530273,10.449999809265137,10.279999732971191,10.300000190734863,1189100,0.0,0.0
2021-12-08 00:00:00-05:00,10.279999732971191,10.449999809265137,10.229999542236328,10.350000381469727,1257400,0.0,0.0
2021-12-09 00:00:00-05:00,10.329999923706055,10.350000381469727,10.199999809265137,10.220000267028809,767600,0.0,0.0
2021-12-10 00:00:00-05:00,10.220000267028809,10.289999961853027,10.140000343322754,10.170000076293945,932300,0.0,0.0
2021-12-13 00:00:00-05:00,10.170000076293945,10.180999755859375,9.984999656677246,10.010000228881836,2553400,0.0,0.0
2021-12-14 00:00:00-05:00,9.989999771118164,10.010000228881836,9.930000305175781,9.989999771118164,3979000,0.0,0.0
2021-12-15 00:00:00-05:00,9.989999771118164,10.0,9.970000267028809,9.970000267028809,1074900,0.0,0.0
2021-12-16 00:00:00-05:00,9.989999771118164,9.989999771118164,9.9399995803833,9.949999809265137,1458900,0.0,0.0
2021-12-17 00:00:00-05:00,9.949999809265137,9.975000381469727,9.899999618530273,9.949999809265137,1398700,0.0,0.0
2021-12-20 00:00:00-05:00,9.920000076293945,9.970000267028809,9.859999656677246,9.9399995803833,995000,0.0,0.0
2021-12-21 00:00:00-05:00,9.930000305175781,9.960000038146973,9.90999984741211,9.949999809265137,706700,0.0,0.0
2021-12-22 00:00:00-05:00,9.930000305175781,9.9399995803833,9.90999984741211,9.9399995803833,485500,0.0,0.0
2021-12-23 00:00:00-05:00,9.920000076293945,9.960000038146973,9.90999984741211,9.960000038146973,454400,0.0,0.0
2021-12-27 00:00:00-05:00,9.9399995803833,9.970000267028809,9.914999961853027,9.9399995803833,498600,0.0,0.0
2021-12-28 00:00:00-05:00,9.9399995803833,9.9399995803833,9.920000076293945,9.920000076293945,191100,0.0,0.0
2021-12-29 00:00:00-05:00,9.930000305175781,9.949999809265137,9.899999618530273,9.90999984741211,368000,0.0,0.0
2021-12-30 00:00:00-05:00,9.90999984741211,9.949999809265137,9.90999984741211,9.930000305175781,266400,0.0,0.0
2021-12-31 00:00:00-05:00,9.930000305175781,9.9399995803833,9.90999984741211,9.920000076293945,385500,0.0,0.0
2022-01-03 00:00:00-05:00,9.9399995803833,9.979999542236328,9.920000076293945,9.949999809265137,1057200,0.0,0.0
2022-01-04 00:00:00-05:00,9.96500015258789,9.970000267028809,9.930000305175781,9.930000305175781,537800,0.0,0.0
2022-01-05 00:00:00-05:00,9.930000305175781,9.960000038146973,9.90999984741211,9.920000076293945,571400,0.0,0.0
2022-01-06 00:00:00-05:00,9.920000076293945,9.960000038146973,9.920000076293945,9.960000038146973,1110500,0.0,0.0
2022-01-07 00:00:00-05:00,9.949999809265137,9.970000267028809,9.920000076293945,9.930000305175781,370800,0.0,0.0
2022-01-10 00:00:00-05:00,9.930000305175781,9.960000038146973,9.920000076293945,9.960000038146973,570700,0.0,0.0
2022-01-11 00:00:00-05:00,9.960000038146973,9.970000267028809,9.930000305175781,9.960000038146973,653400,0.0,0.0
2022-01-12 00:00:00-05:00,9.960000038146973,9.970000267028809,9.930000305175781,9.930000305175781,285000,0.0,0.0
2022-01-13 00:00:00-05:00,9.9399995803833,10.008000373840332,9.930000305175781,9.970000267028809,3069200,0.0,0.0
2022-01-14 00:00:00-05:00,9.970000267028809,10.0,9.970000267028809,9.970000267028809,883200,0.0,0.0
2022-01-18 00:00:00-05:00,9.970000267028809,9.979999542236328,9.960000038146973,9.979999542236328,1468200,0.0,0.0
2022-01-19 00:00:00-05:00,9.970000267028809,10.0,9.960000038146973,9.970000267028809,2461500,0.0,0.0
2022-01-20 00:00:00-05:00,9.699999809265137,9.930000305175781,9.270000457763672,9.699999809265137,2694400,0.0,0.0
2022-01-21 00:00:00-05:00,9.180000305175781,9.260000228881836,8.170000076293945,8.239999771118164,2203100,0.0,0.0
2022-01-24 00:00:00-05:00,7.710000038146973,8.039999961853027,7.611999988555908,7.929999828338623,1176500,0.0,0.0
2022-01-25 00:00:00-05:00,7.840000152587891,8.125,7.690000057220459,8.079999923706055,715300,0.0,0.0
2022-01-26 00:00:00-05:00,8.270000457763672,8.720000267028809,7.630000114440918,8.010000228881836,1079500,0.0,0.0
2022-01-27 00:00:00-05:00,7.989999771118164,8.25,7.989999771118164,8.140000343322754,522700,0.0,0.0
2022-01-28 00:00:00-05:00,8.600000381469727,8.600000381469727,7.690000057220459,8.25,248800,0.0,0.0
2022-01-31 00:00:00-05:00,8.300000190734863,8.899999618530273,8.149999618530273,8.710000038146973,329500,0.0,0.0
2022-02-01 00:00:00-05:00,8.699999809265137,8.850000381469727,8.420000076293945,8.649999618530273,234100,0.0,0.0
2022-02-02 00:00:00-05:00,8.649999618530273,8.65999984741211,8.152000427246094,8.59000015258789,332900,0.0,0.0
2022-02-03 00:00:00-05:00,8.039999961853027,8.34000015258789,7.724999904632568,8.270000457763672,309500,0.0,0.0
2022-02-04 00:00:00-05:00,8.0,8.630000114440918,7.929999828338623,8.5,232900,0.0,0.0
2022-02-07 00:00:00-05:00,8.270000457763672,8.850000381469727,8.270000457763672,8.800000190734863,146300,0.0,0.0
2022-02-08 00:00:00-05:00,8.529999732971191,8.65999984741211,8.289999961853027,8.489999771118164,286700,0.0,0.0
2022-02-09 00:00:00-05:00,8.609999656677246,8.619999885559082,8.300000190734863,8.359999656677246,137200,0.0,0.0
2022-02-10 00:00:00-05:00,8.199999809265137,8.5,8.15999984741211,8.399999618530273,183500,0.0,0.0
2022-02-11 00:00:00-05:00,8.489999771118164,8.699999809265137,8.350000381469727,8.350000381469727,516000,0.0,0.0
2022-02-14 00:00:00-05:00,8.210000038146973,8.430000305175781,8.199999809265137,8.260000228881836,134200,0.0,0.0
2022-02-15 00:00:00-05:00,8.399999618530273,8.420000076293945,8.1899995803833,8.399999618530273,173800,0.0,0.0
2022-02-16 00:00:00-05:00,8.369999885559082,8.489999771118164,7.800000190734863,7.949999809265137,518500,0.0,0.0
2022-02-17 00:00:00-05:00,7.940000057220459,8.0,7.079999923706055,7.809999942779541,566600,0.0,0.0
2022-02-18 00:00:00-05:00,7.690000057220459,7.869999885559082,7.420000076293945,7.78000020980835,264300,0.0,0.0
2022-02-22 00:00:00-05:00,7.420000076293945,7.989999771118164,7.300000190734863,7.480000019073486,188500,0.0,0.0
2022-02-23 00:00:00-05:00,7.900000095367432,8.100000381469727,7.630000114440918,7.989999771118164,251200,0.0,0.0
2022-02-24 00:00:00-05:00,7.71999979019165,7.920000076293945,7.453999996185303,7.920000076293945,304400,0.0,0.0
2022-02-25 00:00:00-05:00,7.800000190734863,8.5600004196167,7.769999980926514,8.239999771118164,206000,0.0,0.0
2022-02-28 00:00:00-05:00,7.880000114440918,8.449999809265137,7.869999885559082,8.449999809265137,185900,0.0,0.0
2022-03-01 00:00:00-05:00,8.329999923706055,8.789999961853027,8.229999542236328,8.3100004196167,178400,0.0,0.0
2022-03-02 00:00:00-05:00,8.430000305175781,8.720000267028809,8.270000457763672,8.539999961853027,441600,0.0,0.0
2022-03-03 00:00:00-05:00,8.399999618530273,8.489999771118164,7.96999979019165,8.149999618530273,183500,0.0,0.0
2022-03-04 00:00:00-05:00,8.109999656677246,8.289999961853027,8.010000228881836,8.100000381469727,182700,0.0,0.0
2022-03-07 00:00:00-05:00,8.100000381469727,8.100000381469727,7.71999979019165,7.769999980926514,184100,0.0,0.0
2022-03-08 00:00:00-05:00,7.690000057220459,8.069999694824219,7.630000114440918,8.0,232600,0.0,0.0
2022-03-09 00:00:00-05:00,8.239999771118164,8.430000305175781,8.010000228881836,8.350000381469727,301200,0.0,0.0
2022-03-10 00:00:00-05:00,8.289999961853027,8.520000457763672,8.25,8.350000381469727,135800,0.0,0.0
2022-03-11 00:00:00-05:00,8.529999732971191,8.630000114440918,8.329999923706055,8.390000343322754,174900,0.0,0.0
2022-03-14 00:00:00-04:00,8.40999984741211,8.40999984741211,7.929999828338623,7.96999979019165,146400,0.0,0.0
2022-03-15 00:00:00-04:00,8.029999732971191,8.229999542236328,7.96999979019165,8.079999923706055,143600,0.0,0.0
2022-03-16 00:00:00-04:00,8.229999542236328,8.520000457763672,8.130000114440918,8.520000457763672,167300,0.0,0.0
2022-03-17 00:00:00-04:00,8.430000305175781,8.770000457763672,8.390000343322754,8.6899995803833,137700,0.0,0.0
2022-03-18 00:00:00-04:00,8.470000267028809,8.880000114440918,8.319999694824219,8.6899995803833,253900,0.0,0.0
2022-03-21 00:00:00-04:00,8.6899995803833,9.109999656677246,8.640000343322754,9.010000228881836,175400,0.0,0.0
2022-03-22 00:00:00-04:00,8.84000015258789,9.59000015258789,8.84000015258789,9.470000267028809,381400,0.0,0.0
2022-03-23 00:00:00-04:00,9.569999694824219,9.6899995803833,9.359999656677246,9.640000343322754,246500,0.0,0.0
2022-03-24 00:00:00-04:00,9.619999885559082,10.1899995803833,9.520000457763672,10.15999984741211,381600,0.0,0.0
2022-03-25 00:00:00-04:00,10.119999885559082,10.1899995803833,9.739999771118164,10.010000228881836,304800,0.0,0.0
2022-03-28 00:00:00-04:00,10.180000305175781,10.399999618530273,10.180000305175781,10.350000381469727,211400,0.0,0.0
2022-03-29 00:00:00-04:00,10.380000114440918,10.829999923706055,10.199999809265137,10.619999885559082,359300,0.0,0.0
2022-03-30 00:00:00-04:00,10.300000190734863,10.789999961853027,10.300000190734863,10.680000305175781,344200,0.0,0.0
2022-03-31 00:00:00-04:00,10.789999961853027,10.84000015258789,10.399999618530273,10.710000038146973,245400,0.0,0.0
2022-04-01 00:00:00-04:00,10.630000114440918,10.800000190734863,10.494999885559082,10.609999656677246,198100,0.0,0.0
2022-04-04 00:00:00-04:00,10.609999656677246,10.920000076293945,10.420000076293945,10.720000267028809,306200,0.0,0.0
2022-04-05 00:00:00-04:00,10.550000190734863,10.739999771118164,9.770000457763672,9.880000114440918,240800,0.0,0.0
2022-04-06 00:00:00-04:00,9.979999542236328,10.09000015258789,9.430000305175781,9.4399995803833,212600,0.0,0.0
2022-04-07 00:00:00-04:00,9.420000076293945,9.609999656677246,9.0600004196167,9.420000076293945,193000,0.0,0.0
2022-04-08 00:00:00-04:00,9.350000381469727,9.640000343322754,9.260000228881836,9.479999542236328,145100,0.0,0.0
2022-04-11 00:00:00-04:00,9.460000038146973,9.760000228881836,9.260000228881836,9.609999656677246,188000,0.0,0.0
2022-04-12 00:00:00-04:00,9.680000305175781,10.25,9.680000305175781,10.0600004196167,358200,0.0,0.0
2022-04-13 00:00:00-04:00,10.25,11.09000015258789,9.609999656677246,11.050000190734863,728500,0.0,0.0
2022-04-14 00:00:00-04:00,10.770000457763672,11.079999923706055,10.026000022888184,10.989999771118164,1259700,0.0,0.0
2022-04-18 00:00:00-04:00,10.699999809265137,10.850000381469727,9.930999755859375,9.949999809265137,407500,0.0,0.0
2022-04-19 00:00:00-04:00,9.920000076293945,10.09000015258789,9.430000305175781,9.600000381469727,372300,0.0,0.0
2022-04-20 00:00:00-04:00,9.65999984741211,9.979999542236328,9.329999923706055,9.5,278400,0.0,0.0
2022-04-21 00:00:00-04:00,9.550000190734863,9.6899995803833,9.010000228881836,9.1899995803833,294000,0.0,0.0
2022-04-22 00:00:00-04:00,9.220000267028809,9.470000267028809,9.11299991607666,9.300000190734863,221000,0.0,0.0
2022-04-25 00:00:00-04:00,9.239999771118164,9.479999542236328,8.949999809265137,9.4399995803833,322700,0.0,0.0
2022-04-26 00:00:00-04:00,9.430000305175781,9.430000305175781,8.970000267028809,9.119999885559082,417300,0.0,0.0
2022-04-27 00:00:00-04:00,9.010000228881836,9.949999809265137,9.010000228881836,9.920000076293945,363300,0.0,0.0
2022-04-28 00:00:00-04:00,9.84000015258789,10.239999771118164,9.789999961853027,10.229999542236328,427600,0.0,0.0
2022-04-29 00:00:00-04:00,10.130000114440918,10.239999771118164,9.569999694824219,9.579999923706055,410700,0.0,0.0
2022-05-02 00:00:00-04:00,9.510000228881836,9.729999542236328,9.1899995803833,9.600000381469727,481900,0.0,0.0
2022-05-03 00:00:00-04:00,9.710000038146973,10.119999885559082,9.479999542236328,9.880000114440918,327900,0.0,0.0
2022-05-04 00:00:00-04:00,9.789999961853027,9.930000305175781,9.229999542236328,9.760000228881836,364900,0.0,0.0
2022-05-05 00:00:00-04:00,9.640000343322754,10.079999923706055,9.402000427246094,10.039999961853027,643500,0.0,0.0
2022-05-06 00:00:00-04:00,10.029999732971191,10.119999885559082,9.300000190734863,9.420000076293945,465400,0.0,0.0
2022-05-09 00:00:00-04:00,9.220000267028809,9.375,8.354999542236328,8.449999809265137,398700,0.0,0.0
2022-05-10 00:00:00-04:00,8.399999618530273,8.699999809265137,7.21999979019165,7.239999771118164,748300,0.0,0.0
2022-05-11 00:00:00-04:00,7.25,7.559999942779541,6.929999828338623,7.039999961853027,508000,0.0,0.0
2022-05-12 00:00:00-04:00,6.900000095367432,7.425000190734863,6.820000171661377,7.130000114440918,719600,0.0,0.0
2022-05-13 00:00:00-04:00,7.21999979019165,8.25,7.21999979019165,8.1899995803833,529100,0.0,0.0
2022-05-16 00:00:00-04:00,8.149999618530273,8.770000457763672,8.029999732971191,8.609999656677246,336400,0.0,0.0
2022-05-17 00:00:00-04:00,8.829999923706055,9.020000457763672,8.670000076293945,8.949999809265137,275700,0.0,0.0
2022-05-18 00:00:00-04:00,8.75,8.9399995803833,8.640000343322754,8.670000076293945,194400,0.0,0.0
2022-05-19 00:00:00-04:00,8.539999961853027,9.079999923706055,8.539999961853027,8.930000305175781,211700,0.0,0.0
2022-05-20 00:00:00-04:00,9.079999923706055,9.180000305175781,8.529999732971191,8.789999961853027,265700,0.0,0.0
2022-05-23 00:00:00-04:00,8.899999618530273,9.029999732971191,8.645000457763672,8.9399995803833,229400,0.0,0.0
2022-05-24 00:00:00-04:00,8.710000038146973,9.09000015258789,8.09000015258789,8.119999885559082,477400,0.0,0.0
2022-05-25 00:00:00-04:00,6.659999847412109,7.079999923706055,6.170000076293945,6.230000019073486,2019200,0.0,0.0
2022-05-26 00:00:00-04:00,6.28000020980835,6.360000133514404,6.0,6.03000020980835,852900,0.0,0.0
2022-05-27 00:00:00-04:00,6.050000190734863,7.230000019073486,6.03000020980835,7.21999979019165,832500,0.0,0.0
2022-05-31 00:00:00-04:00,7.090000152587891,7.389999866485596,6.949999809265137,7.0,437500,0.0,0.0
2022-06-01 00:00:00-04:00,6.940000057220459,7.099999904632568,6.630000114440918,6.630000114440918,342800,0.0,0.0
2022-06-02 00:00:00-04:00,6.699999809265137,7.050000190734863,6.699999809265137,6.889999866485596,291400,0.0,0.0
2022-06-03 00:00:00-04:00,6.869999885559082,6.909999847412109,6.179999828338623,6.380000114440918,275800,0.0,0.0
2022-06-06 00:00:00-04:00,6.320000171661377,6.429999828338623,5.619999885559082,5.900000095367432,1103900,0.0,0.0
2022-06-07 00:00:00-04:00,5.809999942779541,6.070000171661377,5.630000114440918,5.860000133514404,595300,0.0,0.0
2022-06-08 00:00:00-04:00,5.869999885559082,6.139999866485596,5.760000228881836,5.980000019073486,382200,0.0,0.0
2022-06-09 00:00:00-04:00,5.880000114440918,5.940000057220459,5.539999961853027,5.539999961853027,285900,0.0,0.0
2022-06-10 00:00:00-04:00,5.460000038146973,5.539999961853027,5.25,5.260000228881836,342900,0.0,0.0
2022-06-13 00:00:00-04:00,5.090000152587891,5.090000152587891,4.539999961853027,4.559999942779541,462100,0.0,0.0
2022-06-14 00:00:00-04:00,4.630000114440918,4.880000114440918,4.630000114440918,4.730000019073486,329400,0.0,0.0
2022-06-15 00:00:00-04:00,4.699999809265137,4.75,4.309999942779541,4.460000038146973,402300,0.0,0.0
2022-06-16 00:00:00-04:00,4.269999980926514,4.360000133514404,4.139999866485596,4.210000038146973,301100,0.0,0.0
2022-06-17 00:00:00-04:00,4.320000171661377,4.619999885559082,4.309999942779541,4.579999923706055,310400,0.0,0.0
2022-06-21 00:00:00-04:00,4.670000076293945,4.739999771118164,4.550000190734863,4.559999942779541,205100,0.0,0.0
2022-06-22 00:00:00-04:00,4.480000019073486,4.710000038146973,4.389999866485596,4.590000152587891,216000,0.0,0.0
2022-06-23 00:00:00-04:00,4.579999923706055,4.724999904632568,4.309999942779541,4.440000057220459,211000,0.0,0.0
2022-06-24 00:00:00-04:00,4.489999771118164,4.739999771118164,4.409999847412109,4.5,295600,0.0,0.0
2022-06-27 00:00:00-04:00,4.480000019073486,4.5,4.230000019073486,4.239999771118164,245700,0.0,0.0
2022-06-28 00:00:00-04:00,4.260000228881836,4.340000152587891,4.199999809265137,4.239999771118164,176800,0.0,0.0
2022-06-29 00:00:00-04:00,4.210000038146973,4.28000020980835,4.099999904632568,4.179999828338623,303400,0.0,0.0
2022-06-30 00:00:00-04:00,4.170000076293945,4.170000076293945,3.9000000953674316,4.099999904632568,254200,0.0,0.0
2022-07-01 00:00:00-04:00,4.170000076293945,4.28000020980835,4.050000190734863,4.269999980926514,192500,0.0,0.0
2022-07-05 00:00:00-04:00,4.230000019073486,4.360000133514404,4.050000190734863,4.360000133514404,109900,0.0,0.0
2022-07-06 00:00:00-04:00,4.349999904632568,4.400000095367432,4.159999847412109,4.300000190734863,133200,0.0,0.0
2022-07-07 00:00:00-04:00,4.340000152587891,4.550000190734863,4.300000190734863,4.550000190734863,104000,0.0,0.0
2022-07-08 00:00:00-04:00,4.53000020980835,4.670000076293945,4.420000076293945,4.590000152587891,138800,0.0,0.0
2022-07-11 00:00:00-04:00,4.559999942779541,4.559999942779541,4.320000171661377,4.340000152587891,175700,0.0,0.0
2022-07-12 00:00:00-04:00,4.360000133514404,4.480000019073486,4.28000020980835,4.400000095367432,185500,0.0,0.0
2022-07-13 00:00:00-04:00,4.340000152587891,4.590000152587891,4.260000228881836,4.539999961853027,161200,0.0,0.0
2022-07-14 00:00:00-04:00,4.409999847412109,4.451000213623047,4.260000228881836,4.28000020980835,182700,0.0,0.0
2022-07-15 00:00:00-04:00,4.199999809265137,4.260000228881836,3.950000047683716,4.150000095367432,206300,0.0,0.0
2022-07-18 00:00:00-04:00,4.179999828338623,4.360000133514404,4.050000190734863,4.179999828338623,345300,0.0,0.0
2022-07-19 00:00:00-04:00,4.25,4.389999866485596,4.230000019073486,4.349999904632568,137000,0.0,0.0
2022-07-20 00:00:00-04:00,4.440000057220459,4.760000228881836,4.400000095367432,4.71999979019165,203800,0.0,0.0
2022-07-21 00:00:00-04:00,4.75,4.829999923706055,4.570000171661377,4.78000020980835,124000,0.0,0.0
2022-07-22 00:00:00-04:00,4.900000095367432,4.900000095367432,4.409999847412109,4.409999847412109,203900,0.0,0.0
2022-07-25 00:00:00-04:00,4.369999885559082,4.699999809265137,4.369999885559082,4.599999904632568,92100,0.0,0.0
2022-07-26 00:00:00-04:00,4.630000114440918,4.710000038146973,4.420000076293945,4.519999980926514,123200,0.0,0.0
2022-07-27 00:00:00-04:00,4.590000152587891,4.820000171661377,3.9000000953674316,3.940000057220459,917200,0.0,0.0
2022-07-28 00:00:00-04:00,3.940000057220459,4.119999885559082,3.940000057220459,4.070000171661377,176700,0.0,0.0
2022-07-29 00:00:00-04:00,4.0,4.269999980926514,4.0,4.269999980926514,196500,0.0,0.0
2022-08-01 00:00:00-04:00,4.269999980926514,4.340000152587891,4.159999847412109,4.300000190734863,84400,0.0,0.0
2022-08-02 00:00:00-04:00,4.369999885559082,4.710000038146973,4.329999923706055,4.679999828338623,192200,0.0,0.0
2022-08-03 00:00:00-04:00,4.699999809265137,4.909999847412109,4.699999809265137,4.909999847412109,190200,0.0,0.0
2022-08-04 00:00:00-04:00,4.96999979019165,5.130000114440918,4.949999809265137,5.019999980926514,208200,0.0,0.0
2022-08-05 00:00:00-04:00,4.980000019073486,5.239999771118164,4.909999847412109,5.239999771118164,142300,0.0,0.0
2022-08-08 00:00:00-04:00,5.199999809265137,5.429999828338623,5.199999809265137,5.349999904632568,149000,0.0,0.0
2022-08-09 00:00:00-04:00,5.349999904632568,5.349999904632568,5.0,5.050000190734863,232700,0.0,0.0
2022-08-10 00:00:00-04:00,5.119999885559082,5.670000076293945,5.119999885559082,5.659999847412109,283500,0.0,0.0
2022-08-11 00:00:00-04:00,5.0,5.53000020980835,4.61299991607666,4.96999979019165,454600,0.0,0.0
2022-08-12 00:00:00-04:00,5.070000171661377,5.230000019073486,4.96999979019165,5.159999847412109,243400,0.0,0.0
2022-08-15 00:00:00-04:00,5.099999904632568,5.539999961853027,5.099999904632568,5.5,412300,0.0,0.0
2022-08-16 00:00:00-04:00,5.340000152587891,5.440000057220459,4.920000076293945,5.159999847412109,765100,0.0,0.0
2022-08-17 00:00:00-04:00,5.090000152587891,5.090000152587891,4.699999809265137,4.75,436200,0.0,0.0
2022-08-18 00:00:00-04:00,4.630000114440918,4.730000019073486,4.389999866485596,4.510000228881836,215700,0.0,0.0
2022-08-19 00:00:00-04:00,4.460000038146973,4.519999980926514,4.159999847412109,4.159999847412109,428100,0.0,0.0
2022-08-22 00:00:00-04:00,4.090000152587891,4.329999923706055,4.039999961853027,4.21999979019165,449900,0.0,0.0
2022-08-23 00:00:00-04:00,4.21999979019165,4.340000152587891,4.110000133514404,4.289999961853027,140000,0.0,0.0
2022-08-24 00:00:00-04:00,4.329999923706055,4.489999771118164,4.25,4.489999771118164,176300,0.0,0.0
2022-08-25 00:00:00-04:00,4.53000020980835,4.550000190734863,4.130000114440918,4.170000076293945,319700,0.0,0.0
2022-08-26 00:00:00-04:00,4.199999809265137,4.269999980926514,4.079999923706055,4.170000076293945,134200,0.0,0.0
2022-08-29 00:00:00-04:00,4.170000076293945,4.210000038146973,4.050000190734863,4.070000171661377,119800,0.0,0.0
2022-08-30 00:00:00-04:00,4.110000133514404,4.320000171661377,4.050000190734863,4.260000228881836,721800,0.0,0.0
2022-08-31 00:00:00-04:00,4.260000228881836,4.260000228881836,4.0,4.139999866485596,223800,0.0,0.0
2022-09-01 00:00:00-04:00,4.130000114440918,4.130000114440918,3.9000000953674316,3.930000066757202,244700,0.0,0.0
2022-09-02 00:00:00-04:00,3.950000047683716,4.150000095367432,3.9000000953674316,3.930000066757202,326600,0.0,0.0
2022-09-06 00:00:00-04:00,3.9200000762939453,4.199999809265137,3.9200000762939453,4.090000152587891,459000,0.0,0.0
2022-09-07 00:00:00-04:00,4.03000020980835,4.239999771118164,4.03000020980835,4.179999828338623,109300,0.0,0.0
2022-09-08 00:00:00-04:00,4.179999828338623,4.230000019073486,3.940000057220459,4.0,173400,0.0,0.0
2022-09-09 00:00:00-04:00,4.010000228881836,4.239999771118164,3.9700000286102295,4.179999828338623,229100,0.0,0.0
2022-09-12 00:00:00-04:00,4.21999979019165,4.28000020980835,4.150000095367432,4.190000057220459,131000,0.0,0.0
2022-09-13 00:00:00-04:00,4.079999923706055,4.179999828338623,4.039999961853027,4.139999866485596,147400,0.0,0.0
2022-09-14 00:00:00-04:00,4.170000076293945,4.25,4.073999881744385,4.210000038146973,162500,0.0,0.0
2022-09-15 00:00:00-04:00,4.090000152587891,4.400000095367432,4.090000152587891,4.239999771118164,191400,0.0,0.0
2022-09-16 00:00:00-04:00,4.159999847412109,4.21999979019165,4.059999942779541,4.199999809265137,98000,0.0,0.0
2022-09-19 00:00:00-04:00,4.21999979019165,4.28000020980835,4.130000114440918,4.139999866485596,159400,0.0,0.0
2022-09-20 00:00:00-04:00,4.170000076293945,4.260000228881836,4.050000190734863,4.050000190734863,243900,0.0,0.0
2022-09-21 00:00:00-04:00,4.039999961853027,4.090000152587891,3.950000047683716,3.9800000190734863,96000,0.0,0.0
2022-09-22 00:00:00-04:00,4.070000171661377,4.119999885559082,3.8299999237060547,3.940000057220459,246700,0.0,0.0
2022-09-23 00:00:00-04:00,3.7799999713897705,3.9000000953674316,3.680000066757202,3.7300000190734863,189500,0.0,0.0
2022-09-26 00:00:00-04:00,3.7100000381469727,3.884999990463257,3.680000066757202,3.75,191000,0.0,0.0
2022-09-27 00:00:00-04:00,3.809999942779541,3.9000000953674316,3.75,3.859999895095825,123600,0.0,0.0
2022-09-28 00:00:00-04:00,3.8499999046325684,4.190000057220459,3.809999942779541,4.179999828338623,156400,0.0,0.0
2022-09-29 00:00:00-04:00,4.039999961853027,4.039999961853027,3.8499999046325684,3.8499999046325684,206200,0.0,0.0
2022-09-30 00:00:00-04:00,3.7799999713897705,4.114999771118164,3.7799999713897705,4.079999923706055,140100,0.0,0.0
2022-10-03 00:00:00-04:00,4.150000095367432,4.170000076293945,4.019999980926514,4.130000114440918,163100,0.0,0.0
2022-10-04 00:00:00-04:00,4.239999771118164,4.440000057220459,4.239999771118164,4.420000076293945,514000,0.0,0.0
2022-10-05 00:00:00-04:00,4.239999771118164,4.329999923706055,4.239999771118164,4.300000190734863,86900,0.0,0.0
2022-10-06 00:00:00-04:00,4.349999904632568,4.389999866485596,4.25,4.369999885559082,79700,0.0,0.0
2022-10-07 00:00:00-04:00,4.320000171661377,4.389999866485596,4.1579999923706055,4.260000228881836,137200,0.0,0.0
2022-10-10 00:00:00-04:00,4.28000020980835,4.369999885559082,3.950000047683716,3.950000047683716,76800,0.0,0.0
2022-10-11 00:00:00-04:00,4.079999923706055,4.210000038146973,3.890000104904175,4.170000076293945,102200,0.0,0.0
2022-10-12 00:00:00-04:00,4.139999866485596,4.159999847412109,3.940000057220459,3.9800000190734863,148500,0.0,0.0
2022-10-13 00:00:00-04:00,3.7899999618530273,4.139999866485596,3.7200000286102295,4.090000152587891,134700,0.0,0.0
2022-10-14 00:00:00-04:00,4.179999828338623,4.179999828338623,3.9700000286102295,4.079999923706055,155700,0.0,0.0
2022-10-17 00:00:00-04:00,4.150000095367432,4.164999961853027,3.940000057220459,4.050000190734863,136100,0.0,0.0
2022-10-18 00:00:00-04:00,4.150000095367432,4.170000076293945,4.03000020980835,4.090000152587891,72100,0.0,0.0
2022-10-19 00:00:00-04:00,4.130000114440918,4.139999866485596,3.9000000953674316,3.9200000762939453,68600,0.0,0.0
2022-10-20 00:00:00-04:00,3.930000066757202,4.039999961853027,3.8499999046325684,3.9200000762939453,91000,0.0,0.0
2022-10-21 00:00:00-04:00,3.869999885559082,4.03000020980835,3.609999895095825,3.6500000953674316,486600,0.0,0.0
2022-10-24 00:00:00-04:00,3.700000047683716,3.9100000858306885,3.690000057220459,3.859999895095825,127300,0.0,0.0
2022-10-25 00:00:00-04:00,3.950000047683716,4.28000020980835,3.890000104904175,4.230000019073486,101400,0.0,0.0
2022-10-26 00:00:00-04:00,4.210000038146973,4.210000038146973,3.930000066757202,3.9800000190734863,46300,0.0,0.0
2022-10-27 00:00:00-04:00,4.059999942779541,4.059999942779541,3.880000114440918,3.880000114440918,52300,0.0,0.0
2022-10-28 00:00:00-04:00,3.930000066757202,4.110000133514404,3.809999942779541,4.03000020980835,52500,0.0,0.0
2022-10-31 00:00:00-04:00,3.9600000381469727,4.119999885559082,3.8499999046325684,4.119999885559082,67100,0.0,0.0
2022-11-01 00:00:00-04:00,4.099999904632568,4.159999847412109,3.940000057220459,3.9800000190734863,74600,0.0,0.0
2022-11-02 00:00:00-04:00,4.03000020980835,4.199999809265137,3.819999933242798,3.819999933242798,76100,0.0,0.0
2022-11-03 00:00:00-04:00,3.819999933242798,3.9000000953674316,3.7100000381469727,3.7100000381469727,43900,0.0,0.0
2022-11-04 00:00:00-04:00,3.799999952316284,3.799999952316284,3.315000057220459,3.319999933242798,364900,0.0,0.0
2022-11-07 00:00:00-05:00,3.4100000858306885,3.7200000286102295,3.4000000953674316,3.509999990463257,209300,0.0,0.0
2022-11-08 00:00:00-05:00,3.5999999046325684,3.7190001010894775,3.450000047683716,3.509999990463257,208000,0.0,0.0
2022-11-09 00:00:00-05:00,3.4700000286102295,3.5199999809265137,3.4000000953674316,3.450000047683716,211300,0.0,0.0
2022-11-10 00:00:00-05:00,3.5,3.9100000858306885,3.4769999980926514,3.9100000858306885,201800,0.0,0.0
2022-11-11 00:00:00-05:00,3.9800000190734863,3.9800000190734863,3.609999895095825,3.9800000190734863,161000,0.0,0.0
2022-11-14 00:00:00-05:00,3.9800000190734863,3.9800000190734863,3.6600000858306885,3.8499999046325684,128500,0.0,0.0
2022-11-15 00:00:00-05:00,3.9600000381469727,3.9600000381469727,3.700000047683716,3.8499999046325684,77100,0.0,0.0
2022-11-16 00:00:00-05:00,3.8399999141693115,3.8399999141693115,3.609999895095825,3.630000114440918,90200,0.0,0.0
2022-11-17 00:00:00-05:00,3.5299999713897705,3.7200000286102295,3.5299999713897705,3.619999885559082,151400,0.0,0.0
2022-11-18 00:00:00-05:00,3.569999933242798,3.640000104904175,3.490000009536743,3.490000009536743,62400,0.0,0.0
2022-11-21 00:00:00-05:00,3.619999885559082,3.75,3.5199999809265137,3.5899999141693115,139200,0.0,0.0
2022-11-22 00:00:00-05:00,3.5999999046325684,3.75,3.4800000190734863,3.700000047683716,88300,0.0,0.0
2022-11-23 00:00:00-05:00,3.700000047683716,3.753000020980835,3.450000047683716,3.619999885559082,150800,0.0,0.0
2022-11-25 00:00:00-05:00,3.5399999618530273,3.569999933242798,3.200000047683716,3.2300000190734863,353700,0.0,0.0
2022-11-28 00:00:00-05:00,3.2699999809265137,3.4000000953674316,3.2699999809265137,3.309999942779541,123800,0.0,0.0
2022-11-29 00:00:00-05:00,3.3499999046325684,3.359999895095825,3.069999933242798,3.109999895095825,309800,0.0,0.0
2022-11-30 00:00:00-05:00,3.059999942779541,3.2200000286102295,3.049999952316284,3.190000057220459,144900,0.0,0.0
2022-12-01 00:00:00-05:00,3.25,3.25,3.059999942779541,3.0999999046325684,144600,0.0,0.0
2022-12-02 00:00:00-05:00,3.059999942779541,3.1600000858306885,3.009999990463257,3.119999885559082,133600,0.0,0.0
2022-12-05 00:00:00-05:00,3.1700000762939453,3.299999952316284,2.9100000858306885,2.9800000190734863,308000,0.0,0.0
2022-12-06 00:00:00-05:00,2.990000009536743,3.065000057220459,2.9200000762939453,2.9200000762939453,195100,0.0,0.0
2022-12-07 00:00:00-05:00,3.0,3.3499999046325684,2.9800000190734863,3.240000009536743,264400,0.0,0.0
2022-12-08 00:00:00-05:00,3.299999952316284,3.3299999237060547,3.0999999046325684,3.109999895095825,194000,0.0,0.0
2022-12-09 00:00:00-05:00,3.180000066757202,3.240000009536743,3.049999952316284,3.0899999141693115,250000,0.0,0.0
2022-12-12 00:00:00-05:00,3.0999999046325684,3.0999999046325684,3.0,3.0299999713897705,108500,0.0,0.0
2022-12-13 00:00:00-05:00,3.0899999141693115,3.4100000858306885,2.950000047683716,3.1500000953674316,302600,0.0,0.0
2022-12-14 00:00:00-05:00,3.140000104904175,3.1600000858306885,3.059999942779541,3.130000114440918,77100,0.0,0.0
2022-12-15 00:00:00-05:00,3.049999952316284,3.059999942779541,2.9000000953674316,2.9200000762939453,49700,0.0,0.0
2022-12-16 00:00:00-05:00,2.890000104904175,2.9700000286102295,2.8399999141693115,2.8399999141693115,98600,0.0,0.0
2022-12-19 00:00:00-05:00,2.8499999046325684,2.877000093460083,2.7899999618530273,2.8499999046325684,122800,0.0,0.0
2022-12-20 00:00:00-05:00,2.8499999046325684,2.9600000381469727,2.7899999618530273,2.9200000762939453,90300,0.0,0.0
2022-12-21 00:00:00-05:00,2.940000057220459,2.9619998931884766,2.859999895095825,2.9000000953674316,265600,0.0,0.0
2022-12-22 00:00:00-05:00,2.859999895095825,2.930000066757202,2.690000057220459,2.859999895095825,157600,0.0,0.0
2022-12-23 00:00:00-05:00,2.88100004196167,2.9800000190734863,2.7899999618530273,2.9600000381469727,205200,0.0,0.0
2022-12-27 00:00:00-05:00,2.940000057220459,2.940000057220459,2.569999933242798,2.6500000953674316,224300,0.0,0.0
2022-12-28 00:00:00-05:00,2.6600000858306885,2.7799999713897705,2.6600000858306885,2.6700000762939453,114000,0.0,0.0
2022-12-29 00:00:00-05:00,2.690000057220459,2.8499999046325684,2.690000057220459,2.8299999237060547,113400,0.0,0.0
2022-12-30 00:00:00-05:00,2.7899999618530273,3.0,2.7899999618530273,3.0,74800,0.0,0.0
2023-01-03 00:00:00-05:00,2.9800000190734863,3.240000009536743,2.950000047683716,3.140000104904175,220300,0.0,0.0
2023-01-04 00:00:00-05:00,3.109999895095825,3.1700000762939453,2.990000009536743,3.1700000762939453,72100,0.0,0.0
2023-01-05 00:00:00-05:00,3.0899999141693115,3.0899999141693115,2.9000000953674316,2.9000000953674316,116500,0.0,0.0
2023-01-06 00:00:00-05:00,2.9000000953674316,3.0799999237060547,2.859999895095825,3.059999942779541,93800,0.0,0.0
2023-01-09 00:00:00-05:00,3.0899999141693115,3.240000009536743,2.890000104904175,2.950000047683716,513900,0.0,0.0
2023-01-10 00:00:00-05:00,2.950000047683716,3.0799999237060547,2.9200000762939453,3.0799999237060547,65600,0.0,0.0
2023-01-11 00:00:00-05:00,3.0899999141693115,3.180000066757202,3.0399999618530273,3.1700000762939453,197200,0.0,0.0
2023-01-12 00:00:00-05:00,3.2899999618530273,3.359999895095825,3.1600000858306885,3.3399999141693115,203800,0.0,0.0
2023-01-13 00:00:00-05:00,3.3499999046325684,3.3499999046325684,3.1700000762939453,3.190000057220459,189600,0.0,0.0
2023-01-17 00:00:00-05:00,3.2699999809265137,3.309999942779541,3.049999952316284,3.2799999713897705,217900,0.0,0.0
2023-01-18 00:00:00-05:00,3.25,3.3499999046325684,2.950000047683716,3.0999999046325684,428800,0.0,0.0
2023-01-19 00:00:00-05:00,3.1500000953674316,3.200000047683716,3.0999999046325684,3.200000047683716,240400,0.0,0.0
2023-01-20 00:00:00-05:00,3.2200000286102295,3.2200000286102295,2.9600000381469727,2.9700000286102295,754900,0.0,0.0
2023-01-23 00:00:00-05:00,3.0199999809265137,3.1600000858306885,2.950000047683716,3.1600000858306885,207500,0.0,0.0
2023-01-24 00:00:00-05:00,3.119999885559082,3.200000047683716,3.059999942779541,3.119999885559082,58000,0.0,0.0
2023-01-25 00:00:00-05:00,3.0999999046325684,3.190000057220459,2.984999895095825,3.1700000762939453,56300,0.0,0.0
2023-01-26 00:00:00-05:00,3.140000104904175,3.180000066757202,3.0999999046325684,3.1500000953674316,43200,0.0,0.0
2023-01-27 00:00:00-05:00,3.130000114440918,3.25,3.130000114440918,3.25,63600,0.0,0.0
2023-01-30 00:00:00-05:00,3.299999952316284,3.299999952316284,3.180000066757202,3.2300000190734863,101400,0.0,0.0
2023-01-31 00:00:00-05:00,3.2300000190734863,3.369999885559082,3.2100000381469727,3.3499999046325684,118200,0.0,0.0
2023-02-01 00:00:00-05:00,3.369999885559082,3.4100000858306885,3.2300000190734863,3.4100000858306885,217400,0.0,0.0
2023-02-02 00:00:00-05:00,3.450000047683716,3.5,3.259999990463257,3.299999952316284,192500,0.0,0.0
2023-02-03 00:00:00-05:00,3.2699999809265137,3.490000009536743,3.2200000286102295,3.4600000381469727,102800,0.0,0.0
2023-02-06 00:00:00-05:00,3.4700000286102295,3.630000114440918,3.4100000858306885,3.5999999046325684,151500,0.0,0.0
2023-02-07 00:00:00-05:00,3.609999895095825,4.03000020980835,3.5299999713897705,4.019999980926514,259900,0.0,0.0
2023-02-08 00:00:00-05:00,4.059999942779541,4.070000171661377,3.859999895095825,3.890000104904175,124800,0.0,0.0
2023-02-09 00:00:00-05:00,3.9200000762939453,3.990000009536743,3.8299999237060547,3.8299999237060547,55100,0.0,0.0
2023-02-10 00:00:00-05:00,3.799999952316284,3.990000009536743,3.759999990463257,3.990000009536743,95500,0.0,0.0
2023-02-13 00:00:00-05:00,3.990000009536743,4.050000190734863,3.9200000762939453,3.9600000381469727,45700,0.0,0.0
2023-02-14 00:00:00-05:00,3.9100000858306885,4.03000020980835,3.9100000858306885,4.019999980926514,64900,0.0,0.0
2023-02-15 00:00:00-05:00,3.990000009536743,4.03000020980835,3.930000066757202,4.03000020980835,41500,0.0,0.0
2023-02-16 00:00:00-05:00,3.9800000190734863,4.050000190734863,3.890000104904175,3.9100000858306885,271400,0.0,0.0
2023-02-17 00:00:00-05:00,3.9100000858306885,4.050000190734863,3.890000104904175,3.940000057220459,116900,0.0,0.0
2023-02-21 00:00:00-05:00,3.930000066757202,4.0,3.8299999237060547,3.8499999046325684,134000,0.0,0.0
2023-02-22 00:00:00-05:00,3.819999933242798,3.9000000953674316,3.75,3.869999885559082,54400,0.0,0.0
2023-02-23 00:00:00-05:00,3.859999895095825,3.9800000190734863,3.6500000953674316,3.75,73800,0.0,0.0
2023-02-24 00:00:00-05:00,3.680000066757202,3.7899999618530273,3.6600000858306885,3.700000047683716,28600,0.0,0.0
2023-02-27 00:00:00-05:00,3.7100000381469727,3.930000066757202,3.6500000953674316,3.809999942779541,63300,0.0,0.0
2023-02-28 00:00:00-05:00,3.930000066757202,3.940000057220459,3.799999952316284,3.859999895095825,47900,0.0,0.0
2023-03-01 00:00:00-05:00,3.8499999046325684,3.950000047683716,3.7699999809265137,3.9000000953674316,35600,0.0,0.0
2023-03-02 00:00:00-05:00,3.9100000858306885,3.924999952316284,3.7639999389648438,3.890000104904175,36900,0.0,0.0
2023-03-03 00:00:00-05:00,3.869999885559082,4.0,3.740000009536743,3.9800000190734863,88100,0.0,0.0
2023-03-06 00:00:00-05:00,3.9000000953674316,4.045000076293945,3.88700008392334,3.9600000381469727,158400,0.0,0.0
2023-03-07 00:00:00-05:00,3.9600000381469727,4.099999904632568,3.869999885559082,4.079999923706055,144400,0.0,0.0
2023-03-08 00:00:00-05:00,4.150000095367432,4.179999828338623,3.890000104904175,4.050000190734863,277400,0.0,0.0
2023-03-09 00:00:00-05:00,4.050000190734863,4.050000190734863,3.7200000286102295,3.7699999809265137,289300,0.0,0.0
2023-03-10 00:00:00-05:00,3.75,3.8299999237060547,3.700000047683716,3.7899999618530273,181600,0.0,0.0
2023-03-13 00:00:00-04:00,3.75,3.940000057220459,3.680000066757202,3.809999942779541,197600,0.0,0.0
2023-03-14 00:00:00-04:00,3.5999999046325684,4.0,3.5,4.0,351800,0.0,0.0
2023-03-15 00:00:00-04:00,3.890000104904175,3.9800000190734863,3.5399999618530273,3.640000104904175,304400,0.0,0.0
2023-03-16 00:00:00-04:00,3.569999933242798,3.8399999141693115,3.5299999713897705,3.6500000953674316,137700,0.0,0.0
2023-03-17 00:00:00-04:00,3.5999999046325684,3.7799999713897705,3.509999990463257,3.640000104904175,63100,0.0,0.0
2023-03-20 00:00:00-04:00,3.6700000762939453,3.7200000286102295,3.569999933242798,3.609999895095825,52200,0.0,0.0
2023-03-21 00:00:00-04:00,3.6700000762939453,3.9000000953674316,3.6700000762939453,3.9000000953674316,136500,0.0,0.0
2023-03-22 00:00:00-04:00,3.859999895095825,3.950000047683716,3.7170000076293945,3.890000104904175,106200,0.0,0.0
2023-03-23 00:00:00-04:00,3.9000000953674316,3.950000047683716,3.7699999809265137,3.7899999618530273,94200,0.0,0.0
2023-03-24 00:00:00-04:00,3.75,3.890000104904175,3.7100000381469727,3.799999952316284,162300,0.0,0.0
2023-03-27 00:00:00-04:00,3.8399999141693115,3.869999885559082,3.7100000381469727,3.8499999046325684,155400,0.0,0.0
2023-03-28 00:00:00-04:00,3.8299999237060547,4.03000020980835,3.759999990463257,4.0,167600,0.0,0.0
2023-03-29 00:00:00-04:00,3.890000104904175,4.019999980926514,3.880000114440918,3.940000057220459,204700,0.0,0.0
2023-03-30 00:00:00-04:00,3.9600000381469727,3.9700000286102295,3.880000114440918,3.940000057220459,65800,0.0,0.0
2023-03-31 00:00:00-04:00,3.950000047683716,4.050000190734863,3.880000114440918,4.03000020980835,160700,0.0,0.0
2023-04-03 00:00:00-04:00,4.0,4.150000095367432,3.9600000381469727,4.130000114440918,351500,0.0,0.0
2023-04-04 00:00:00-04:00,4.070000171661377,4.099999904632568,3.740000009536743,3.7899999618530273,242200,0.0,0.0
2023-04-05 00:00:00-04:00,3.809999942779541,3.809999942779541,3.549999952316284,3.569999933242798,117500,0.0,0.0
2023-04-06 00:00:00-04:00,3.569999933242798,3.7699999809265137,3.5299999713897705,3.740000009536743,139200,0.0,0.0
2023-04-10 00:00:00-04:00,3.7100000381469727,3.859999895095825,3.640000104904175,3.740000009536743,118500,0.0,0.0
2023-04-11 00:00:00-04:00,3.7300000190734863,3.8399999141693115,3.680000066757202,3.7899999618530273,76800,0.0,0.0
2023-04-12 00:00:00-04:00,3.8299999237060547,3.890000104904175,3.7100000381469727,3.7100000381469727,65700,0.0,0.0
2023-04-13 00:00:00-04:00,3.7300000190734863,3.859999895095825,3.7300000190734863,3.809999942779541,78200,0.0,0.0
2023-04-14 00:00:00-04:00,3.799999952316284,3.890000104904175,3.680000066757202,3.700000047683716,138500,0.0,0.0
2023-04-17 00:00:00-04:00,3.7100000381469727,3.809999942779541,3.6600000858306885,3.7899999618530273,260500,0.0,0.0
2023-04-18 00:00:00-04:00,3.799999952316284,3.890000104904175,3.740000009536743,3.7899999618530273,127900,0.0,0.0
2023-04-19 00:00:00-04:00,3.7799999713897705,3.8299999237060547,3.509999990463257,3.559999942779541,132300,0.0,0.0
2023-04-20 00:00:00-04:00,3.5999999046325684,3.8499999046325684,3.569999933242798,3.6600000858306885,134900,0.0,0.0
2023-04-21 00:00:00-04:00,3.6700000762939453,3.7899999618530273,3.569999933242798,3.609999895095825,123100,0.0,0.0
2023-04-24 00:00:00-04:00,3.619999885559082,3.640000104904175,3.4600000381469727,3.630000114440918,120800,0.0,0.0
2023-04-25 00:00:00-04:00,3.5490000247955322,3.6040000915527344,3.299999952316284,3.309999942779541,242700,0.0,0.0
2023-04-26 00:00:00-04:00,3.319999933242798,3.6600000858306885,3.299999952316284,3.4800000190734863,157100,0.0,0.0
2023-04-27 00:00:00-04:00,3.490000009536743,3.5299999713897705,3.4200000762939453,3.490000009536743,64200,0.0,0.0
2023-04-28 00:00:00-04:00,3.549999952316284,3.6600000858306885,3.507999897003174,3.5999999046325684,45100,0.0,0.0
2023-05-01 00:00:00-04:00,3.680000066757202,3.680000066757202,3.430000066757202,3.490000009536743,168300,0.0,0.0
2023-05-02 00:00:00-04:00,3.4100000858306885,3.5999999046325684,3.309999942779541,3.4000000953674316,167300,0.0,0.0
2023-05-03 00:00:00-04:00,3.359999895095825,3.5299999713897705,3.3399999141693115,3.4700000286102295,117800,0.0,0.0
2023-05-04 00:00:00-04:00,3.430000066757202,3.5299999713897705,3.319999933242798,3.4100000858306885,83200,0.0,0.0
2023-05-05 00:00:00-04:00,3.440000057220459,3.6600000858306885,3.4000000953674316,3.6600000858306885,183800,0.0,0.0
2023-05-08 00:00:00-04:00,3.630000114440918,3.7899999618530273,3.559999942779541,3.7899999618530273,192700,0.0,0.0
2023-05-09 00:00:00-04:00,3.75,3.809999942779541,3.6600000858306885,3.75,124200,0.0,0.0
2023-05-10 00:00:00-04:00,3.734999895095825,3.884999990463257,3.7300000190734863,3.859999895095825,78500,0.0,0.0
2023-05-11 00:00:00-04:00,3.7899999618530273,3.8499999046325684,3.680000066757202,3.7799999713897705,98200,0.0,0.0
2023-05-12 00:00:00-04:00,3.8299999237060547,3.869999885559082,3.75,3.8499999046325684,105200,0.0,0.0
2023-05-15 00:00:00-04:00,3.799999952316284,3.799999952316284,3.619999885559082,3.7300000190734863,270100,0.0,0.0
2023-05-16 00:00:00-04:00,3.6600000858306885,3.759999990463257,3.6500000953674316,3.700000047683716,99300,0.0,0.0
2023-05-17 00:00:00-04:00,3.680000066757202,3.880000114440918,3.6700000762939453,3.880000114440918,178600,0.0,0.0
2023-05-18 00:00:00-04:00,3.8399999141693115,3.859999895095825,3.6500000953674316,3.7200000286102295,246900,0.0,0.0
2023-05-19 00:00:00-04:00,3.75,3.880000114440918,3.6700000762939453,3.6700000762939453,175500,0.0,0.0
2023-05-22 00:00:00-04:00,3.7100000381469727,3.7249999046325684,3.5399999618530273,3.6500000953674316,391000,0.0,0.0
2023-05-23 00:00:00-04:00,3.6600000858306885,3.7300000190734863,3.4100000858306885,3.5399999618530273,412200,0.0,0.0
2023-05-24 00:00:00-04:00,3.380000114440918,3.5399999618530273,3.2300000190734863,3.430000066757202,432300,0.0,0.0
2023-05-25 00:00:00-04:00,3.390000104904175,3.450000047683716,3.0299999713897705,3.069999933242798,364600,0.0,0.0
2023-05-26 00:00:00-04:00,3.109999895095825,3.390000104904175,3.0199999809265137,3.0999999046325684,480900,0.0,0.0
2023-05-30 00:00:00-04:00,3.049999952316284,3.059999942779541,2.8399999141693115,2.940000057220459,360400,0.0,0.0
2023-05-31 00:00:00-04:00,2.930000066757202,2.9700000286102295,2.859999895095825,2.9100000858306885,131300,0.0,0.0
2023-06-01 00:00:00-04:00,2.869999885559082,3.119999885559082,2.869999885559082,3.0999999046325684,248900,0.0,0.0
2023-06-02 00:00:00-04:00,3.1500000953674316,3.240000009536743,3.0299999713897705,3.1700000762939453,136800,0.0,0.0
2023-06-05 00:00:00-04:00,3.2100000381469727,3.299999952316284,3.0999999046325684,3.25,283900,0.0,0.0
2023-06-06 00:00:00-04:00,3.190000057220459,3.4049999713897705,3.190000057220459,3.309999942779541,170900,0.0,0.0
2023-06-07 00:00:00-04:00,3.2899999618530273,3.3499999046325684,3.2300000190734863,3.319999933242798,172000,0.0,0.0
2023-06-08 00:00:00-04:00,3.259999990463257,3.430000066757202,3.25,3.3299999237060547,312800,0.0,0.0
2023-06-09 00:00:00-04:00,3.309999942779541,3.440000057220459,3.25,3.440000057220459,313500,0.0,0.0
2023-06-12 00:00:00-04:00,3.4000000953674316,3.640000104904175,3.390000104904175,3.559999942779541,386900,0.0,0.0
2023-06-13 00:00:00-04:00,3.5299999713897705,3.6600000858306885,3.5299999713897705,3.6600000858306885,421800,0.0,0.0
2023-06-14 00:00:00-04:00,3.619999885559082,3.75,3.5899999141693115,3.700000047683716,356500,0.0,0.0
2023-06-15 00:00:00-04:00,3.619999885559082,3.7100000381469727,3.559999942779541,3.6500000953674316,430200,0.0,0.0
2023-06-16 00:00:00-04:00,3.609999895095825,3.809999942779541,3.609999895095825,3.75,343100,0.0,0.0
2023-06-20 00:00:00-04:00,3.9000000953674316,3.9800000190734863,3.7699999809265137,3.9700000286102295,394700,0.0,0.0
2023-06-21 00:00:00-04:00,3.950000047683716,4.0,3.9000000953674316,3.950000047683716,590100,0.0,0.0
2023-06-22 00:00:00-04:00,3.930000066757202,4.0,3.690000057220459,4.0,533600,0.0,0.0
2023-06-23 00:00:00-04:00,3.890000104904175,3.990000009536743,3.5999999046325684,3.819999933242798,18219600,0.0,0.0
2023-06-26 00:00:00-04:00,3.7699999809265137,3.8299999237060547,2.859999895095825,3.0299999713897705,2188900,0.0,0.0
2023-06-27 00:00:00-04:00,3.009999990463257,3.065000057220459,2.740000009536743,2.869999885559082,879500,0.0,0.0
2023-06-28 00:00:00-04:00,2.809999942779541,2.880000114440918,2.7200000286102295,2.7899999618530273,557600,0.0,0.0
2023-06-29 00:00:00-04:00,2.7899999618530273,2.950000047683716,2.7699999809265137,2.9100000858306885,449000,0.0,0.0
2023-06-30 00:00:00-04:00,2.9800000190734863,3.0299999713897705,2.869999885559082,2.9000000953674316,451100,0.0,0.0
2023-07-03 00:00:00-04:00,2.9000000953674316,2.9700000286102295,2.8410000801086426,2.950000047683716,139000,0.0,0.0
2023-07-05 00:00:00-04:00,2.9700000286102295,2.9700000286102295,2.7699999809265137,2.799999952316284,259900,0.0,0.0
2023-07-06 00:00:00-04:00,2.75,2.7899999618530273,2.680000066757202,2.7200000286102295,237600,0.0,0.0
2023-07-07 00:00:00-04:00,2.7200000286102295,2.884999990463257,2.7200000286102295,2.869999885559082,282600,0.0,0.0
2023-07-10 00:00:00-04:00,2.819999933242798,2.9619998931884766,2.809999942779541,2.890000104904175,209100,0.0,0.0
2023-07-11 00:00:00-04:00,2.890000104904175,3.0,2.869999885559082,2.930000066757202,219900,0.0,0.0
2023-07-12 00:00:00-04:00,2.950000047683716,3.009999990463257,2.880000114440918,2.9000000953674316,469000,0.0,0.0
2023-07-13 00:00:00-04:00,2.9000000953674316,3.069999933242798,2.9000000953674316,3.0299999713897705,225600,0.0,0.0
2023-07-14 00:00:00-04:00,2.9700000286102295,3.0350000858306885,2.950000047683716,2.9700000286102295,205900,0.0,0.0
2023-07-17 00:00:00-04:00,2.9700000286102295,3.119999885559082,2.9700000286102295,3.0899999141693115,225400,0.0,0.0
2023-07-18 00:00:00-04:00,3.0899999141693115,3.259999990463257,3.0899999141693115,3.2100000381469727,250500,0.0,0.0
2023-07-19 00:00:00-04:00,3.2100000381469727,3.259999990463257,3.1700000762939453,3.2300000190734863,220700,0.0,0.0
2023-07-20 00:00:00-04:00,3.25,3.369999885559082,3.2249999046325684,3.319999933242798,346400,0.0,0.0
2023-07-21 00:00:00-04:00,3.309999942779541,3.450000047683716,3.2699999809265137,3.380000114440918,954100,0.0,0.0
2023-07-24 00:00:00-04:00,3.390000104904175,3.4600000381469727,3.319999933242798,3.4100000858306885,194400,0.0,0.0
2023-07-25 00:00:00-04:00,3.390000104904175,3.440000057220459,3.180000066757202,3.2300000190734863,252700,0.0,0.0
2023-07-26 00:00:00-04:00,3.1700000762939453,3.253000020980835,3.069999933242798,3.0799999237060547,502300,0.0,0.0
2023-07-27 00:00:00-04:00,3.0999999046325684,3.1389999389648438,2.9749999046325684,3.0,288400,0.0,0.0
2023-07-28 00:00:00-04:00,3.0,3.059999942779541,2.9700000286102295,3.0399999618530273,228300,0.0,0.0
2023-07-31 00:00:00-04:00,3.0399999618530273,3.0899999141693115,3.0,3.0299999713897705,379500,0.0,0.0
2023-08-01 00:00:00-04:00,3.0199999809265137,3.0380001068115234,2.924999952316284,3.009999990463257,150000,0.0,0.0
2023-08-02 00:00:00-04:00,2.930000066757202,3.0,2.890000104904175,2.9700000286102295,132600,0.0,0.0
2023-08-03 00:00:00-04:00,2.950000047683716,2.9800000190734863,2.890000104904175,2.940000057220459,229600,0.0,0.0
2023-08-04 00:00:00-04:00,2.950000047683716,3.009999990463257,2.950000047683716,2.9800000190734863,152100,0.0,0.0
2023-08-07 00:00:00-04:00,2.990000009536743,3.0799999237060547,2.940000057220459,3.0299999713897705,180600,0.0,0.0
2023-08-08 00:00:00-04:00,2.990000009536743,3.0999999046325684,2.950000047683716,3.0899999141693115,178400,0.0,0.0
2023-08-09 00:00:00-04:00,3.0999999046325684,3.1700000762939453,2.9800000190734863,3.130000114440918,248600,0.0,0.0
2023-08-10 00:00:00-04:00,3.1600000858306885,3.25,3.072000026702881,3.109999895095825,328000,0.0,0.0
2023-08-11 00:00:00-04:00,3.049999952316284,3.1500000953674316,3.009999990463257,3.109999895095825,156900,0.0,0.0
2023-08-14 00:00:00-04:00,3.059999942779541,3.1600000858306885,3.0,3.119999885559082,146600,0.0,0.0
2023-08-15 00:00:00-04:00,3.109999895095825,3.130000114440918,2.940000057220459,2.950000047683716,314300,0.0,0.0
2023-08-16 00:00:00-04:00,2.950000047683716,3.009999990463257,2.8399999141693115,2.930000066757202,404600,0.0,0.0
2023-08-17 00:00:00-04:00,3.194999933242798,3.5899999141693115,3.1700000762939453,3.4100000858306885,1341300,0.0,0.0
2023-08-18 00:00:00-04:00,3.450000047683716,3.5999999046325684,3.319999933242798,3.4800000190734863,564100,0.0,0.0
2023-08-21 00:00:00-04:00,3.4700000286102295,3.5299999713897705,3.2300000190734863,3.4100000858306885,510300,0.0,0.0
2023-08-22 00:00:00-04:00,3.4100000858306885,3.5,3.2899999618530273,3.4600000381469727,324300,0.0,0.0
2023-08-23 00:00:00-04:00,3.4100000858306885,3.640000104904175,3.4100000858306885,3.5999999046325684,398600,0.0,0.0
2023-08-24 00:00:00-04:00,3.5399999618530273,3.6600000858306885,3.5299999713897705,3.5299999713897705,321100,0.0,0.0
2023-08-25 00:00:00-04:00,3.5299999713897705,3.740000009536743,3.5299999713897705,3.680000066757202,337900,0.0,0.0
2023-08-28 00:00:00-04:00,3.630000114440918,3.8299999237060547,3.615000009536743,3.7799999713897705,392000,0.0,0.0
2023-08-29 00:00:00-04:00,3.7699999809265137,3.927999973297119,3.734999895095825,3.869999885559082,462300,0.0,0.0
2023-08-30 00:00:00-04:00,3.8499999046325684,3.869999885559082,3.7750000953674316,3.809999942779541,285600,0.0,0.0
2023-08-31 00:00:00-04:00,3.759999990463257,3.890000104904175,3.759999990463257,3.7799999713897705,377100,0.0,0.0
2023-09-01 00:00:00-04:00,3.7899999618530273,3.890000104904175,3.7899999618530273,3.869999885559082,219400,0.0,0.0
2023-09-05 00:00:00-04:00,3.7799999713897705,3.8420000076293945,3.6500000953674316,3.7100000381469727,230500,0.0,0.0
2023-09-06 00:00:00-04:00,3.680000066757202,3.7100000381469727,3.578000068664551,3.6700000762939453,270300,0.0,0.0
2023-09-07 00:00:00-04:00,3.6700000762939453,3.684999942779541,3.5799999237060547,3.5999999046325684,415800,0.0,0.0
2023-09-08 00:00:00-04:00,3.569999933242798,3.6679999828338623,3.5399999618530273,3.6500000953674316,213000,0.0,0.0
2023-09-11 00:00:00-04:00,3.6500000953674316,3.6600000858306885,3.569999933242798,3.609999895095825,255600,0.0,0.0
2023-09-12 00:00:00-04:00,3.5999999046325684,3.7100000381469727,3.509999990463257,3.559999942779541,352900,0.0,0.0
2023-09-13 00:00:00-04:00,3.549999952316284,3.5999999046325684,3.490000009536743,3.5,183900,0.0,0.0
2023-09-14 00:00:00-04:00,3.5299999713897705,3.549999952316284,3.4749999046325684,3.549999952316284,341700,0.0,0.0
2023-09-15 00:00:00-04:00,3.559999942779541,3.559999942779541,3.430000066757202,3.5,697600,0.0,0.0
2023-09-18 00:00:00-04:00,3.490000009536743,3.549999952316284,3.4000000953674316,3.5199999809265137,227000,0.0,0.0
2023-09-19 00:00:00-04:00,3.5299999713897705,3.609999895095825,3.484999895095825,3.5799999237060547,221200,0.0,0.0
2023-09-20 00:00:00-04:00,3.5799999237060547,3.6500000953674316,3.509999990463257,3.5299999713897705,166900,0.0,0.0
2023-09-21 00:00:00-04:00,3.4600000381469727,3.5399999618530273,3.390000104904175,3.5,179000,0.0,0.0
2023-09-22 00:00:00-04:00,3.509999990463257,3.559999942779541,3.4700000286102295,3.5,160400,0.0,0.0
2023-09-25 00:00:00-04:00,3.4200000762939453,3.505000114440918,3.240000009536743,3.4700000286102295,215400,0.0,0.0
2023-09-26 00:00:00-04:00,3.4600000381469727,3.5250000953674316,3.4000000953674316,3.4800000190734863,137900,0.0,0.0
2023-09-27 00:00:00-04:00,3.490000009536743,3.5799999237060547,3.434999942779541,3.569999933242798,246400,0.0,0.0
2023-09-28 00:00:00-04:00,3.569999933242798,3.75,3.5199999809265137,3.700000047683716,313200,0.0,0.0
2023-09-29 00:00:00-04:00,3.7100000381469727,3.7200000286102295,3.575000047683716,3.690000057220459,470000,0.0,0.0
2023-10-02 00:00:00-04:00,3.640000104904175,3.6649999618530273,3.430000066757202,3.5999999046325684,212300,0.0,0.0
2023-10-03 00:00:00-04:00,3.5999999046325684,3.619999885559082,3.5199999809265137,3.5899999141693115,185300,0.0,0.0
2023-10-04 00:00:00-04:00,3.559999942779541,3.5999999046325684,3.4600000381469727,3.559999942779541,196200,0.0,0.0
2023-10-05 00:00:00-04:00,3.549999952316284,3.549999952316284,3.299999952316284,3.4800000190734863,325000,0.0,0.0
2023-10-06 00:00:00-04:00,3.4600000381469727,3.640000104904175,3.4149999618530273,3.630000114440918,137800,0.0,0.0
2023-10-09 00:00:00-04:00,3.609999895095825,3.700000047683716,3.5199999809265137,3.6700000762939453,169000,0.0,0.0
2023-10-10 00:00:00-04:00,3.6700000762939453,3.7799999713897705,3.634999990463257,3.700000047683716,296600,0.0,0.0
2023-10-11 00:00:00-04:00,3.7899999618530273,3.805000066757202,3.6500000953674316,3.7799999713897705,526200,0.0,0.0
2023-10-12 00:00:00-04:00,3.7300000190734863,3.8450000286102295,3.690000057220459,3.799999952316284,181100,0.0,0.0
2023-10-13 00:00:00-04:00,3.8399999141693115,3.8499999046325684,3.759999990463257,3.819999933242798,208000,0.0,0.0
2023-10-16 00:00:00-04:00,3.8399999141693115,3.8399999141693115,3.619999885559082,3.740000009536743,249000,0.0,0.0
2023-10-17 00:00:00-04:00,3.700000047683716,3.7750000953674316,3.630000114440918,3.740000009536743,214600,0.0,0.0
2023-10-18 00:00:00-04:00,3.680000066757202,3.7200000286102295,3.430000066757202,3.440000057220459,267600,0.0,0.0
2023-10-19 00:00:00-04:00,3.380000114440918,3.5299999713897705,3.3499999046325684,3.440000057220459,213400,0.0,0.0
2023-10-20 00:00:00-04:00,3.549999952316284,3.5899999141693115,3.430000066757202,3.5199999809265137,319900,0.0,0.0
2023-10-23 00:00:00-04:00,3.5,3.549999952316284,3.4200000762939453,3.430000066757202,212500,0.0,0.0
2023-10-24 00:00:00-04:00,3.450000047683716,3.609999895095825,3.450000047683716,3.5999999046325684,216200,0.0,0.0
2023-10-25 00:00:00-04:00,3.559999942779541,3.630000114440918,3.5,3.559999942779541,165600,0.0,0.0
2023-10-26 00:00:00-04:00,3.5799999237060547,3.619999885559082,3.4800000190734863,3.569999933242798,262500,0.0,0.0
2023-10-27 00:00:00-04:00,3.5399999618530273,3.5999999046325684,3.440000057220459,3.5199999809265137,280300,0.0,0.0
2023-10-30 00:00:00-04:00,3.5799999237060547,3.75,3.4600000381469727,3.75,205100,0.0,0.0
2023-10-31 00:00:00-04:00,3.8299999237060547,3.880000114440918,3.6500000953674316,3.8299999237060547,656500,0.0,0.0
2023-11-01 00:00:00-04:00,3.7699999809265137,3.7899999618530273,3.559999942779541,3.630000114440918,287500,0.0,0.0
2023-11-02 00:00:00-04:00,3.7200000286102295,3.7899999618530273,3.640000104904175,3.7799999713897705,253100,0.0,0.0
2023-11-03 00:00:00-04:00,3.8299999237060547,3.8399999141693115,3.6649999618530273,3.8299999237060547,427900,0.0,0.0
2023-11-06 00:00:00-05:00,3.799999952316284,3.8450000286102295,3.6500000953674316,3.700000047683716,328300,0.0,0.0
2023-11-07 00:00:00-05:00,3.7200000286102295,3.875,3.680000066757202,3.8299999237060547,418700,0.0,0.0
2023-11-08 00:00:00-05:00,3.859999895095825,3.86299991607666,3.740000009536743,3.8299999237060547,277800,0.0,0.0
2023-11-09 00:00:00-05:00,3.809999942779541,3.859999895095825,3.5299999713897705,3.5299999713897705,374000,0.0,0.0
2023-11-10 00:00:00-05:00,3.490000009536743,3.5190000534057617,3.2699999809265137,3.4200000762939453,325200,0.0,0.0
2023-11-13 00:00:00-05:00,3.390000104904175,3.390000104904175,3.2300000190734863,3.25,317900,0.0,0.0
2023-11-14 00:00:00-05:00,3.2899999618530273,3.4800000190734863,3.2300000190734863,3.440000057220459,598800,0.0,0.0
2023-11-15 00:00:00-05:00,3.369999885559082,3.450000047683716,3.2699999809265137,3.299999952316284,342600,0.0,0.0
2023-11-16 00:00:00-05:00,3.25,3.359999895095825,3.234999895095825,3.25,359900,0.0,0.0
2023-11-17 00:00:00-05:00,3.25,3.3450000286102295,3.200000047683716,3.319999933242798,401500,0.0,0.0
2023-11-20 00:00:00-05:00,3.319999933242798,3.319999933242798,3.1700000762939453,3.180000066757202,222800,0.0,0.0
2023-11-21 00:00:00-05:00,3.1500000953674316,3.1700000762939453,3.069999933242798,3.0799999237060547,238500,0.0,0.0
2023-11-22 00:00:00-05:00,3.0,3.180000066757202,2.9749999046325684,3.0999999046325684,583500,0.0,0.0
2023-11-24 00:00:00-05:00,3.0799999237060547,3.130000114440918,3.059999942779541,3.0799999237060547,104800,0.0,0.0
2023-11-27 00:00:00-05:00,3.0299999713897705,3.059999942779541,2.9700000286102295,3.0,166800,0.0,0.0
2023-11-28 00:00:00-05:00,2.990000009536743,3.049999952316284,2.940000057220459,3.0399999618530273,417700,0.0,0.0
2023-11-29 00:00:00-05:00,3.0299999713897705,3.140000104904175,2.9700000286102295,3.0299999713897705,356300,0.0,0.0
2023-11-30 00:00:00-05:00,3.049999952316284,3.049999952316284,3.0,3.0399999618530273,194500,0.0,0.0
2023-12-01 00:00:00-05:00,3.049999952316284,3.0799999237060547,3.009999990463257,3.059999942779541,1091800,0.0,0.0
2023-12-04 00:00:00-05:00,3.0999999046325684,3.130000114440918,3.009999990463257,3.0299999713897705,413100,0.0,0.0
2023-12-05 00:00:00-05:00,2.9800000190734863,3.0299999713897705,2.9000000953674316,2.9800000190734863,477700,0.0,0.0
2023-12-06 00:00:00-05:00,2.990000009536743,3.115000009536743,2.990000009536743,3.0899999141693115,620900,0.0,0.0
2023-12-07 00:00:00-05:00,3.0899999141693115,3.0899999141693115,3.0299999713897705,3.049999952316284,312000,0.0,0.0
2023-12-08 00:00:00-05:00,3.0199999809265137,3.0399999618530273,2.950000047683716,3.0,416600,0.0,0.0
2023-12-11 00:00:00-05:00,3.0,3.0,2.950000047683716,2.990000009536743,223000,0.0,0.0
2023-12-12 00:00:00-05:00,2.9800000190734863,3.005000114440918,2.9700000286102295,3.0,271200,0.0,0.0
2023-12-13 00:00:00-05:00,2.9800000190734863,3.1700000762939453,2.9800000190734863,3.1700000762939453,621600,0.0,0.0
2023-12-14 00:00:00-05:00,3.1700000762939453,3.200000047683716,2.9600000381469727,3.0299999713897705,735100,0.0,0.0
2023-12-15 00:00:00-05:00,3.0299999713897705,3.049999952316284,2.9100000858306885,3.0,876000,0.0,0.0
2023-12-18 00:00:00-05:00,2.9700000286102295,3.0399999618530273,2.9600000381469727,3.0,384100,0.0,0.0
2023-12-19 00:00:00-05:00,3.0299999713897705,3.069999933242798,3.0,3.0299999713897705,482000,0.0,0.0
2023-12-20 00:00:00-05:00,3.049999952316284,3.0899999141693115,2.990000009536743,2.990000009536743,420100,0.0,0.0
2023-12-21 00:00:00-05:00,3.0299999713897705,3.069999933242798,2.994999885559082,3.049999952316284,294800,0.0,0.0
2023-12-22 00:00:00-05:00,3.0899999141693115,3.0899999141693115,3.0350000858306885,3.049999952316284,303500,0.0,0.0
2023-12-26 00:00:00-05:00,3.0399999618530273,3.130000114440918,3.0199999809265137,3.130000114440918,234900,0.0,0.0
2023-12-27 00:00:00-05:00,3.109999895095825,3.2200000286102295,3.0999999046325684,3.2100000381469727,245900,0.0,0.0
2023-12-28 00:00:00-05:00,3.1500000953674316,3.2699999809265137,3.1500000953674316,3.25,191300,0.0,0.0
2023-12-29 00:00:00-05:00,3.259999990463257,3.259999990463257,3.130000114440918,3.1700000762939453,208400,0.0,0.0
2024-01-02 00:00:00-05:00,3.109999895095825,3.1600000858306885,3.049999952316284,3.059999942779541,188000,0.0,0.0
2024-01-03 00:00:00-05:00,3.0899999141693115,3.0899999141693115,2.8949999809265137,2.9100000858306885,428900,0.0,0.0
2024-01-04 00:00:00-05:00,2.990000009536743,2.990000009536743,2.7899999618530273,2.8299999237060547,284800,0.0,0.0
2024-01-05 00:00:00-05:00,2.799999952316284,2.8299999237060547,2.7100000381469727,2.7300000190734863,646300,0.0,0.0
2024-01-08 00:00:00-05:00,2.7300000190734863,2.799999952316284,2.6700000762939453,2.799999952316284,273500,0.0,0.0
2024-01-09 00:00:00-05:00,2.759999990463257,2.759999990463257,2.680000066757202,2.680000066757202,319900,0.0,0.0
2024-01-10 00:00:00-05:00,2.6700000762939453,2.759999990463257,2.630000114440918,2.759999990463257,437000,0.0,0.0
2024-01-11 00:00:00-05:00,2.7100000381469727,2.759999990463257,2.690000057220459,2.75,403800,0.0,0.0
2024-01-12 00:00:00-05:00,2.799999952316284,2.869999885559082,2.7249999046325684,2.740000009536743,384900,0.0,0.0
2024-01-16 00:00:00-05:00,2.7200000286102295,2.890000104904175,2.7149999141693115,2.869999885559082,647000,0.0,0.0
2024-01-17 00:00:00-05:00,2.799999952316284,2.944999933242798,2.799999952316284,2.940000057220459,439400,0.0,0.0
2024-01-18 00:00:00-05:00,2.940000057220459,3.0199999809265137,2.9000000953674316,2.990000009536743,635500,0.0,0.0
2024-01-19 00:00:00-05:00,2.9600000381469727,3.0199999809265137,2.890000104904175,3.0199999809265137,479400,0.0,0.0
2024-01-22 00:00:00-05:00,3.0199999809265137,3.130000114440918,3.0,3.119999885559082,324600,0.0,0.0
2024-01-23 00:00:00-05:00,3.190000057220459,3.190000057220459,3.0999999046325684,3.140000104904175,277800,0.0,0.0
2024-01-24 00:00:00-05:00,3.190000057220459,3.190000057220459,3.0399999618530273,3.109999895095825,259300,0.0,0.0
2024-01-25 00:00:00-05:00,3.140000104904175,3.309999942779541,3.130000114440918,3.190000057220459,470200,0.0,0.0
2024-01-26 00:00:00-05:00,3.2100000381469727,3.2790000438690186,3.130000114440918,3.140000104904175,167100,0.0,0.0
2024-01-29 00:00:00-05:00,3.130000114440918,3.2699999809265137,3.130000114440918,3.259999990463257,205600,0.0,0.0
2024-01-30 00:00:00-05:00,3.265000104904175,3.2699999809265137,3.200000047683716,3.2100000381469727,159500,0.0,0.0
2024-01-31 00:00:00-05:00,3.200000047683716,3.2699999809265137,3.119999885559082,3.130000114440918,430000,0.0,0.0
2024-02-01 00:00:00-05:00,3.1700000762939453,3.2300000190734863,3.134999990463257,3.2100000381469727,449900,0.0,0.0
2024-02-02 00:00:00-05:00,3.1600000858306885,3.2200000286102295,3.125,3.1500000953674316,270300,0.0,0.0
2024-02-05 00:00:00-05:00,3.119999885559082,3.128000020980835,3.0399999618530273,3.059999942779541,329000,0.0,0.0
2024-02-06 00:00:00-05:00,3.049999952316284,3.1500000953674316,3.0369999408721924,3.130000114440918,150200,0.0,0.0
2024-02-07 00:00:00-05:00,3.109999895095825,3.1410000324249268,3.071000099182129,3.109999895095825,367000,0.0,0.0
2024-02-08 00:00:00-05:00,3.119999885559082,3.2699999809265137,3.069999933242798,3.2699999809265137,684200,0.0,0.0
2024-02-09 00:00:00-05:00,3.25,3.365000009536743,3.2330000400543213,3.309999942779541,247500,0.0,0.0
2024-02-12 00:00:00-05:00,3.359999895095825,3.4100000858306885,3.319999933242798,3.380000114440918,435000,0.0,0.0
2024-02-13 00:00:00-05:00,3.2200000286102295,3.259999990463257,3.119999885559082,3.1500000953674316,484300,0.0,0.0
2024-02-14 00:00:00-05:00,3.200000047683716,3.259999990463257,3.184999942779541,3.25,232600,0.0,0.0
2024-02-15 00:00:00-05:00,3.2699999809265137,3.319999933242798,3.2200000286102295,3.319999933242798,236300,0.0,0.0
2024-02-16 00:00:00-05:00,3.4200000762939453,3.4200000762939453,3.299999952316284,3.3299999237060547,531600,0.0,0.0
2024-02-20 00:00:00-05:00,3.259999990463257,3.2799999713897705,3.190000057220459,3.200000047683716,187700,0.0,0.0
2024-02-21 00:00:00-05:00,3.200000047683716,3.240000009536743,3.200000047683716,3.2100000381469727,177200,0.0,0.0
2024-02-22 00:00:00-05:00,3.200000047683716,3.2300000190734863,3.1600000858306885,3.190000057220459,222600,0.0,0.0
2024-02-23 00:00:00-05:00,3.200000047683716,3.2300000190734863,3.190000057220459,3.200000047683716,153200,0.0,0.0
2024-02-26 00:00:00-05:00,3.200000047683716,3.2300000190734863,3.1649999618530273,3.2200000286102295,203300,0.0,0.0
2024-02-27 00:00:00-05:00,3.2699999809265137,3.2950000762939453,3.2300000190734863,3.240000009536743,82000,0.0,0.0
2024-02-28 00:00:00-05:00,3.200000047683716,3.2339999675750732,3.190000057220459,3.2200000286102295,152500,0.0,0.0
2024-02-29 00:00:00-05:00,3.259999990463257,3.319999933242798,3.240000009536743,3.299999952316284,181300,0.0,0.0
2024-03-01 00:00:00-05:00,3.2899999618530273,3.309999942779541,3.2300000190734863,3.259999990463257,210900,0.0,0.0
2024-03-04 00:00:00-05:00,3.259999990463257,3.2699999809265137,3.190000057220459,3.200000047683716,123500,0.0,0.0
2024-03-05 00:00:00-05:00,3.180000066757202,3.240000009536743,3.109999895095825,3.119999885559082,308000,0.0,0.0
2024-03-06 00:00:00-05:00,3.440000057220459,3.549999952316284,3.3559999465942383,3.509999990463257,715900,0.0,0.0
2024-03-07 00:00:00-05:00,3.5899999141693115,3.7750000953674316,3.5230000019073486,3.5899999141693115,635900,0.0,0.0
2024-03-08 00:00:00-05:00,3.569999933242798,3.640000104904175,3.4749999046325684,3.5,375200,0.0,0.0
2024-03-11 00:00:00-04:00,3.450000047683716,3.5299999713897705,3.434999942779541,3.4800000190734863,293500,0.0,0.0
2024-03-12 00:00:00-04:00,3.4600000381469727,3.615000009536743,3.450000047683716,3.569999933242798,280200,0.0,0.0
2024-03-13 00:00:00-04:00,3.5199999809265137,3.609999895095825,3.4200000762939453,3.490000009536743,392900,0.0,0.0
2024-03-14 00:00:00-04:00,3.430000066757202,3.4600000381469727,3.3499999046325684,3.390000104904175,261100,0.0,0.0
2024-03-15 00:00:00-04:00,3.380000114440918,3.450000047683716,3.380000114440918,3.430000066757202,749700,0.0,0.0
2024-03-18 00:00:00-04:00,3.4000000953674316,3.450000047683716,3.380000114440918,3.4100000858306885,241400,0.0,0.0
2024-03-19 00:00:00-04:00,3.4000000953674316,3.4800000190734863,3.369999885559082,3.4800000190734863,158600,0.0,0.0
2024-03-20 00:00:00-04:00,3.440000057220459,3.5299999713897705,3.359999895095825,3.509999990463257,279300,0.0,0.0
2024-03-21 00:00:00-04:00,3.5,3.619999885559082,3.5,3.5999999046325684,224600,0.0,0.0
2024-03-22 00:00:00-04:00,3.5899999141693115,3.5999999046325684,3.4100000858306885,3.4100000858306885,278300,0.0,0.0
2024-03-25 00:00:00-04:00,3.4000000953674316,3.4800000190734863,3.4000000953674316,3.4000000953674316,99300,0.0,0.0
2024-03-26 00:00:00-04:00,3.430000066757202,3.430000066757202,3.255000114440918,3.309999942779541,291600,0.0,0.0
2024-03-27 00:00:00-04:00,3.3299999237060547,3.4000000953674316,3.2699999809265137,3.380000114440918,415400,0.0,0.0
2024-03-28 00:00:00-04:00,3.380000114440918,3.4649999141693115,3.359999895095825,3.450000047683716,226600,0.0,0.0
2024-04-01 00:00:00-04:00,3.440000057220459,3.440000057220459,3.3299999237060547,3.3299999237060547,127300,0.0,0.0
2024-04-02 00:00:00-04:00,3.2899999618530273,3.2899999618530273,3.200000047683716,3.259999990463257,504400,0.0,0.0
2024-04-03 00:00:00-04:00,3.2300000190734863,3.3299999237060547,3.2100000381469727,3.2899999618530273,288300,0.0,0.0
2024-04-04 00:00:00-04:00,3.3499999046325684,3.3550000190734863,3.25,3.2699999809265137,265800,0.0,0.0
2024-04-05 00:00:00-04:00,3.2799999713897705,3.2799999713897705,3.2300000190734863,3.25,189600,0.0,0.0
2024-04-08 00:00:00-04:00,3.25,3.259999990463257,3.200000047683716,3.2100000381469727,287700,0.0,0.0
2024-04-09 00:00:00-04:00,3.2300000190734863,3.299999952316284,3.200000047683716,3.2899999618530273,490900,0.0,0.0
2024-04-10 00:00:00-04:00,3.240000009536743,3.2899999618530273,3.180000066757202,3.2300000190734863,419700,0.0,0.0
2024-04-11 00:00:00-04:00,3.2300000190734863,3.380000114440918,3.2300000190734863,3.369999885559082,245400,0.0,0.0
2024-04-12 00:00:00-04:00,3.3299999237060547,3.380000114440918,3.1649999618530273,3.200000047683716,396900,0.0,0.0
2024-04-15 00:00:00-04:00,3.200000047683716,3.259999990463257,3.1500000953674316,3.1600000858306885,282400,0.0,0.0
2024-04-16 00:00:00-04:00,3.1500000953674316,3.1600000858306885,3.0899999141693115,3.140000104904175,212600,0.0,0.0
2024-04-17 00:00:00-04:00,3.140000104904175,3.1700000762939453,3.059999942779541,3.0799999237060547,361700,0.0,0.0
2024-04-18 00:00:00-04:00,3.069999933242798,3.109999895095825,3.0350000858306885,3.049999952316284,503700,0.0,0.0
2024-04-19 00:00:00-04:00,3.0299999713897705,3.130000114440918,3.0299999713897705,3.0999999046325684,414600,0.0,0.0
2024-04-22 00:00:00-04:00,3.119999885559082,3.140000104904175,3.0399999618530273,3.049999952316284,348500,0.0,0.0
2024-04-23 00:00:00-04:00,3.049999952316284,3.109999895095825,3.0399999618530273,3.049999952316284,410200,0.0,0.0
2024-04-24 00:00:00-04:00,3.049999952316284,3.069999933242798,2.9700000286102295,3.0,322400,0.0,0.0
2024-04-25 00:00:00-04:00,2.9700000286102295,3.0,2.9000000953674316,2.990000009536743,370400,0.0,0.0
2024-04-26 00:00:00-04:00,3.0,3.009999990463257,2.9779999256134033,3.009999990463257,298200,0.0,0.0
2024-04-29 00:00:00-04:00,3.0299999713897705,3.1500000953674316,3.009999990463257,3.1500000953674316,271200,0.0,0.0
2024-04-30 00:00:00-04:00,3.109999895095825,3.200000047683716,3.0999999046325684,3.1600000858306885,324300,0.0,0.0
2024-05-01 00:00:00-04:00,3.1700000762939453,3.3399999141693115,3.119999885559082,3.259999990463257,1107400,0.0,0.0
2024-05-02 00:00:00-04:00,3.319999933242798,3.494999885559082,3.2799999713897705,3.4600000381469727,246900,0.0,0.0
2024-05-03 00:00:00-04:00,3.509999990463257,3.559999942779541,3.430000066757202,3.490000009536743,310900,0.0,0.0
2024-05-06 00:00:00-04:00,3.490000009536743,3.494999885559082,3.450000047683716,3.490000009536743,271700,0.0,0.0
2024-05-07 00:00:00-04:00,3.490000009536743,3.505000114440918,3.4749999046325684,3.4800000190734863,505700,0.0,0.0
2024-05-08 00:00:00-04:00,3.549999952316284,3.549999952316284,3.4100000858306885,3.5,412300,0.0,0.0
2024-05-09 00:00:00-04:00,3.5,3.5299999713897705,3.4600000381469727,3.5,453200,0.0,0.0
2024-05-10 00:00:00-04:00,3.4700000286102295,3.4700000286102295,3.2850000858306885,3.3499999046325684,517700,0.0,0.0
2024-05-13 00:00:00-04:00,3.3499999046325684,3.450000047683716,3.3399999141693115,3.450000047683716,294800,0.0,0.0
2024-05-14 00:00:00-04:00,3.450000047683716,3.509999990463257,3.450000047683716,3.5,384400,0.0,0.0
2024-05-15 00:00:00-04:00,3.509999990463257,3.5199999809265137,3.4749999046325684,3.4800000190734863,204500,0.0,0.0
2024-05-16 00:00:00-04:00,3.450000047683716,3.509999990463257,3.450000047683716,3.5,223900,0.0,0.0
2024-05-17 00:00:00-04:00,3.5,3.5999999046325684,3.484999895095825,3.5999999046325684,947600,0.0,0.0
2024-05-20 00:00:00-04:00,3.559999942779541,3.7200000286102295,3.549999952316284,3.7200000286102295,712200,0.0,0.0
2024-05-21 00:00:00-04:00,3.700000047683716,3.890000104904175,3.680000066757202,3.8499999046325684,2536200,0.0,0.0
2024-05-22 00:00:00-04:00,3.880000114440918,3.9800000190734863,3.8499999046325684,3.890000104904175,1041300,0.0,0.0
2024-05-23 00:00:00-04:00,3.9000000953674316,3.927000045776367,3.700000047683716,3.7899999618530273,602700,0.0,0.0
2024-05-24 00:00:00-04:00,3.809999942779541,3.8550000190734863,3.7699999809265137,3.8399999141693115,475200,0.0,0.0
2024-05-28 00:00:00-04:00,3.8399999141693115,3.8499999046325684,3.700000047683716,3.740000009536743,491300,0.0,0.0
2024-05-29 00:00:00-04:00,3.690000057220459,3.700000047683716,3.5999999046325684,3.630000114440918,357200,0.0,0.0
2024-05-30 00:00:00-04:00,3.6700000762939453,3.7300000190734863,3.6600000858306885,3.690000057220459,222600,0.0,0.0
2024-05-31 00:00:00-04:00,3.680000066757202,3.680000066757202,3.5999999046325684,3.630000114440918,257500,0.0,0.0
2024-06-03 00:00:00-04:00,3.640000104904175,3.6449999809265137,3.5299999713897705,3.559999942779541,287600,0.0,0.0
2024-06-04 00:00:00-04:00,3.5299999713897705,3.640000104904175,3.509999990463257,3.640000104904175,415600,0.0,0.0
2024-06-05 00:00:00-04:00,3.6700000762939453,3.7100000381469727,3.630000114440918,3.7100000381469727,288700,0.0,0.0
2024-06-06 00:00:00-04:00,3.680000066757202,3.7300000190734863,3.674999952316284,3.7100000381469727,182900,0.0,0.0
2024-06-07 00:00:00-04:00,3.6500000953674316,3.6600000858306885,3.4600000381469727,3.4700000286102295,211700,0.0,0.0
2024-06-10 00:00:00-04:00,3.4000000953674316,3.4649999141693115,3.3399999141693115,3.430000066757202,261400,0.0,0.0
2024-06-11 00:00:00-04:00,3.380000114440918,3.4800000190734863,3.369999885559082,3.4600000381469727,218300,0.0,0.0
2024-06-12 00:00:00-04:00,3.5399999618530273,3.5999999046325684,3.490000009536743,3.509999990463257,204300,0.0,0.0
2024-06-13 00:00:00-04:00,3.4800000190734863,3.509999990463257,3.380000114440918,3.440000057220459,154700,0.0,0.0
2024-06-14 00:00:00-04:00,3.380000114440918,3.3949999809265137,3.2899999618530273,3.3499999046325684,225300,0.0,0.0
