Date,Open,High,Low,Close,Volume,Dividends,Stock Splits
2007-12-31 00:00:00+08:00,11.116591453552246,11.248482704162598,10.777441024780273,11.116591453552246,610879,0.0,0.0
2008-01-02 00:00:00+08:00,11.135432243347168,11.418058395385742,11.041223526000977,11.116591453552246,478725,0.0,0.0
2008-01-03 00:00:00+08:00,10.73975658416748,10.890490531921387,10.70207405090332,10.815123558044434,314727,0.0,0.0
2008-01-04 00:00:00+08:00,10.833966255187988,10.984699249267578,10.73975658416748,10.833966255187988,197965,0.0,0.0
2008-01-07 00:00:00+08:00,10.720915794372559,10.720915794372559,10.174507141113281,10.193347930908203,302520,0.0,0.0
2008-01-08 00:00:00+08:00,10.08029842376709,10.362923622131348,10.08029842376709,10.136822700500488,324811,0.0,0.0
2008-01-09 00:00:00+08:00,9.646940231323242,9.986089706420898,9.646940231323242,9.986089706420898,295621,0.0,0.0
2008-01-10 00:00:00+08:00,10.023773193359375,10.30639934539795,10.004932403564453,10.061456680297852,248385,0.0,0.0
2008-01-11 00:00:00+08:00,10.268714904785156,10.268714904785156,10.117981910705566,10.174507141113281,230340,0.0,0.0
2008-01-14 00:00:00+08:00,10.268714904785156,10.362923622131348,10.042614936828613,10.099140167236328,191065,0.0,0.0
2008-01-15 00:00:00+08:00,10.362923622131348,10.532499313354492,10.193347930908203,10.268714904785156,496770,0.0,0.0
2008-01-16 00:00:00+08:00,10.08029842376709,10.155665397644043,9.986089706420898,10.042614936828613,266961,0.0,0.0
2008-01-17 00:00:00+08:00,10.136822700500488,10.136822700500488,9.910722732543945,9.986089706420898,248385,0.0,0.0
2008-01-18 00:00:00+08:00,9.96724796295166,9.986089706420898,9.835356712341309,9.910722732543945,192127,0.0,0.0
2008-01-21 00:00:00+08:00,10.174507141113281,10.174507141113281,9.948407173156738,9.986089706420898,216541,0.0,0.0
2008-01-22 00:00:00+08:00,9.759989738464355,9.797673225402832,9.288948059082031,9.4208402633667,429897,0.0,0.0
2008-01-23 00:00:00+08:00,9.590415000915527,9.590415000915527,8.761381149291992,8.761381149291992,612471,0.0,0.0
2008-01-24 00:00:00+08:00,8.855588912963867,9.006322860717773,8.158447265625,8.158447265625,1437769,0.0,0.0
2008-01-25 00:00:00+08:00,8.365704536437988,8.7236967086792,8.365704536437988,8.7236967086792,900662,0.0,0.0
2008-01-28 00:00:00+08:00,8.855588912963867,8.855588912963867,8.384547233581543,8.459914207458496,322688,0.0,0.0
2008-01-29 00:00:00+08:00,8.497596740722656,8.648330688476562,8.42223072052002,8.42223072052002,355594,0.0,0.0
2008-01-30 00:00:00+08:00,8.648330688476562,8.648330688476562,8.42223072052002,8.42223072052002,193188,0.0,0.0
2008-01-31 00:00:00+08:00,8.441072463989258,8.441072463989258,8.19612979888916,8.42223072052002,143830,0.0,0.0
2008-02-01 00:00:00+08:00,8.478755950927734,8.57296371459961,8.30918025970459,8.459914207458496,726580,0.0,0.0
2008-02-12 00:00:00+08:00,8.384547233581543,8.516439437866211,8.328022003173828,8.478755950927734,285537,0.0,0.0
2008-02-13 00:00:00+08:00,8.516439437866211,8.648330688476562,8.441072463989258,8.441072463989258,230340,0.0,0.0
2008-02-14 00:00:00+08:00,8.648330688476562,8.761381149291992,8.57296371459961,8.704855918884277,406014,0.0,0.0
2008-02-15 00:00:00+08:00,8.214971542358398,8.704855918884277,8.214971542358398,8.57296371459961,348164,0.0,0.0
2008-02-18 00:00:00+08:00,8.57296371459961,9.006322860717773,8.554121971130371,8.968639373779297,756301,0.0,0.0
2008-02-19 00:00:00+08:00,9.270106315612793,9.571573257446289,9.025163650512695,9.571573257446289,710127,0.0,0.0
2008-02-20 00:00:00+08:00,9.477364540100098,9.759989738464355,9.364315032958984,9.4208402633667,680406,0.0,0.0
2008-02-21 00:00:00+08:00,9.60925579071045,9.684622764587402,9.45852279663086,9.571573257446289,475010,0.0,0.0
2008-02-22 00:00:00+08:00,9.4208402633667,9.60925579071045,9.4208402633667,9.533889770507812,366209,0.0,0.0
2008-02-25 00:00:00+08:00,9.722306251525879,9.948407173156738,9.722306251525879,9.797673225402832,568951,0.0,0.0
2008-02-26 00:00:00+08:00,9.891881942749023,10.287556648254395,9.891881942749023,10.268714904785156,1288101,0.0,0.0
2008-02-27 00:00:00+08:00,10.362923622131348,10.607865333557129,10.362923622131348,10.4948148727417,812029,0.0,0.0
2008-02-29 00:00:00+08:00,10.362923622131348,10.70207405090332,10.362923622131348,10.664389610290527,514285,0.0,0.0
2008-03-03 00:00:00+08:00,10.362923622131348,10.551340103149414,10.174507141113281,10.475974082946777,553559,0.0,0.0
2008-03-04 00:00:00+08:00,10.287556648254395,10.683232307434082,10.287556648254395,10.551340103149414,1019017,0.0,0.0
2008-03-05 00:00:00+08:00,11.286166191101074,11.286166191101074,10.965856552124023,11.060066223144531,1166562,0.0,0.0
2008-03-06 00:00:00+08:00,11.078907012939453,11.455740928649902,11.078907012939453,11.305007934570312,864041,0.0,0.0
2008-03-07 00:00:00+08:00,11.154273986816406,11.813733100891113,11.154273986816406,11.493424415588379,913931,0.0,0.0
2008-03-10 00:00:00+08:00,11.493424415588379,11.606473922729492,11.060066223144531,11.078907012939453,743033,0.0,0.0
2008-03-11 00:00:00+08:00,11.022381782531738,11.22964096069336,10.85280704498291,11.003540992736816,571074,0.0,0.0
2008-03-12 00:00:00+08:00,11.267324447631836,11.267324447631836,10.758599281311035,10.833966255187988,597080,0.0,0.0
2008-03-13 00:00:00+08:00,10.871648788452148,10.871648788452148,10.268714904785156,10.268714904785156,686244,0.0,0.0
2008-03-14 00:00:00+08:00,10.287556648254395,10.607865333557129,10.249874114990234,10.249874114990234,953205,0.0,0.0
2008-03-17 00:00:00+08:00,10.174507141113281,10.174507141113281,9.759989738464355,9.873040199279785,227155,0.0,0.0
2008-03-18 00:00:00+08:00,9.910722732543945,10.34408187866211,9.910722732543945,10.174507141113281,274922,0.0,0.0
2008-03-19 00:00:00+08:00,10.457132339477539,10.457132339477539,10.231032371520996,10.268714904785156,231401,0.0,0.0
2008-03-20 00:00:00+08:00,10.362923622131348,10.362923622131348,10.004932403564453,10.042614936828613,225033,0.0,0.0
2008-03-21 00:00:00+08:00,10.268714904785156,10.325240135192871,10.136822700500488,10.325240135192871,237770,0.0,0.0
2008-03-24 00:00:00+08:00,11.041223526000977,11.041223526000977,10.58902359008789,10.815123558044434,551967,0.0,0.0
2008-03-25 00:00:00+08:00,10.928174018859863,10.928174018859863,10.70207405090332,10.70207405090332,398584,0.0,0.0
2008-03-26 00:00:00+08:00,10.73975658416748,11.305007934570312,10.73975658416748,10.833966255187988,396461,0.0,0.0
2008-03-27 00:00:00+08:00,10.947015762329102,11.078907012939453,10.777441024780273,10.871648788452148,503139,0.0,0.0
2008-03-28 00:00:00+08:00,10.928174018859863,11.22964096069336,10.890490531921387,11.041223526000977,360901,0.0,0.0
2008-03-31 00:00:00+08:00,11.041223526000977,11.135432243347168,10.871648788452148,10.890490531921387,276514,0.0,0.0
2008-04-01 00:00:00+08:00,10.928174018859863,11.022381782531738,10.890490531921387,10.890490531921387,427775,0.0,0.0
2008-04-02 00:00:00+08:00,11.078907012939453,11.210799217224121,10.984699249267578,11.022381782531738,555682,0.0,0.0
2008-04-03 00:00:00+08:00,11.060066223144531,11.210799217224121,11.060066223144531,11.1919584274292,644316,0.0,0.0
2008-04-07 00:00:00+08:00,11.210799217224121,11.926782608032227,11.135432243347168,11.681840896606445,2243961,0.0,0.0
2008-04-08 00:00:00+08:00,11.681840896606445,11.926782608032227,11.512266159057617,11.531107902526855,757363,0.0,0.0
2008-04-09 00:00:00+08:00,11.58763313293457,12.322458267211914,11.58763313293457,12.096358299255371,1819370,0.0,0.0
2008-04-10 00:00:00+08:00,11.964466094970703,12.548558235168457,11.964466094970703,12.435507774353027,1351259,0.0,0.0
2008-04-11 00:00:00+08:00,12.529717445373535,12.699292182922363,12.435507774353027,12.435507774353027,827420,0.0,0.0
2008-04-14 00:00:00+08:00,12.247092247009277,12.247092247009277,11.681840896606445,11.681840896606445,789738,0.0,0.0
2008-04-15 00:00:00+08:00,11.681840896606445,12.039833068847656,11.681840896606445,11.870258331298828,740910,0.0,0.0
2008-04-16 00:00:00+08:00,11.964466094970703,12.058674812316895,11.681840896606445,11.870258331298828,961697,0.0,0.0
2008-04-17 00:00:00+08:00,12.058674812316895,12.303616523742676,11.870258331298828,11.983307838439941,891640,0.0,0.0
2008-04-18 00:00:00+08:00,11.907940864562988,11.945625305175781,11.794891357421875,11.832574844360352,775939,0.0,0.0
2008-04-21 00:00:00+08:00,11.870258331298828,12.058674812316895,11.832574844360352,12.058674812316895,488809,0.0,0.0
2008-04-22 00:00:00+08:00,12.15288257598877,12.15288257598877,11.832574844360352,11.907940864562988,291906,0.0,0.0
2008-04-23 00:00:00+08:00,12.058674812316895,12.058674812316895,11.889100074768066,11.926782608032227,356125,0.0,0.0
2008-04-24 00:00:00+08:00,11.964466094970703,12.416666984558105,11.832574844360352,11.889100074768066,1012117,0.0,0.0
2008-04-25 00:00:00+08:00,11.907940864562988,12.058674812316895,11.832574844360352,11.832574844360352,320035,0.0,0.0
2008-04-28 00:00:00+08:00,11.870258331298828,12.039833068847656,11.776049613952637,11.776049613952637,432020,0.0,0.0
2008-04-29 00:00:00+08:00,11.794891357421875,12.058674812316895,11.342691421508789,11.493424415588379,432551,0.0,0.0
2008-04-30 00:00:00+08:00,11.531107902526855,11.73836612701416,11.493424415588379,11.531107902526855,396992,0.0,0.0
2008-05-02 00:00:00+08:00,11.58763313293457,11.681840896606445,11.418058395385742,11.418058395385742,451127,0.0,0.0
2008-05-05 00:00:00+08:00,11.323848724365234,11.549948692321777,10.758599281311035,10.758599281311035,399115,0.0,0.0
2008-05-06 00:00:00+08:00,10.777441024780273,11.022381782531738,10.777441024780273,10.965856552124023,277576,0.0,0.0
2008-05-07 00:00:00+08:00,11.041223526000977,11.154273986816406,11.003540992736816,11.003540992736816,368332,0.0,0.0
2008-05-08 00:00:00+08:00,11.116591453552246,11.116591453552246,10.73975658416748,11.060066223144531,401238,0.0,0.0
2008-05-09 00:00:00+08:00,11.116591453552246,11.681840896606445,10.947015762329102,11.286166191101074,933037,0.0,0.0
2008-05-12 00:00:00+08:00,11.286166191101074,11.493424415588379,11.154273986816406,11.154273986816406,150198,0.0,0.0
2008-05-13 00:00:00+08:00,11.305007934570312,11.418058395385742,11.154273986816406,11.210799217224121,317912,0.0,0.0
2008-05-14 00:00:00+08:00,11.399215698242188,11.399215698242188,11.173115730285645,11.210799217224121,322688,0.0,0.0
2008-05-15 00:00:00+08:00,11.305007934570312,11.757207870483398,11.305007934570312,11.700682640075684,775408,0.0,0.0
2008-05-16 00:00:00+08:00,11.776049613952637,11.907940864562988,11.606473922729492,11.606473922729492,520123,0.0,0.0
2008-05-19 00:00:00+08:00,11.700682640075684,11.776049613952637,11.58763313293457,11.644158363342285,344979,0.0,0.0
2008-05-20 00:00:00+08:00,11.644158363342285,12.058674812316895,11.549948692321777,11.832574844360352,1347544,0.0,0.0
2008-05-21 00:00:00+08:00,11.776049613952637,11.832574844360352,11.58763313293457,11.62531566619873,914461,0.0,0.0
2008-05-22 00:00:00+08:00,11.58763313293457,11.776049613952637,11.549948692321777,11.681840896606445,472357,0.0,0.0
2008-05-23 00:00:00+08:00,11.681840896606445,12.15288257598877,11.681840896606445,11.794891357421875,2586818,0.0,0.0
2008-05-26 00:00:00+08:00,11.870258331298828,11.870258331298828,11.305007934570312,11.305007934570312,661299,0.0,0.0
2008-05-27 00:00:00+08:00,11.342691421508789,11.455740928649902,11.135432243347168,11.305007934570312,415568,0.0,0.0
2008-05-28 00:00:00+08:00,11.342691421508789,11.493424415588379,11.116591453552246,11.154273986816406,382662,0.0,0.0
2008-05-29 00:00:00+08:00,11.210799217224121,11.436899185180664,11.116591453552246,11.116591453552246,365678,0.0,0.0
2008-05-30 00:00:00+08:00,11.248482704162598,11.361533164978027,10.758599281311035,10.928174018859863,220787,0.0,0.0
2008-06-02 00:00:00+08:00,11.022381782531738,11.210799217224121,10.947015762329102,11.097748756408691,242016,0.0,0.0
2008-06-03 00:00:00+08:00,11.097748756408691,11.097748756408691,10.607865333557129,10.73975658416748,256877,0.0,0.0
2008-06-04 00:00:00+08:00,11.097748756408691,11.097748756408691,10.73975658416748,11.022381782531738,426713,0.0,0.0
2008-06-05 00:00:00+08:00,10.758599281311035,11.003540992736816,10.73975658416748,10.833966255187988,372578,0.0,0.0
2008-06-06 00:00:00+08:00,10.833966255187988,10.984699249267578,10.683232307434082,10.683232307434082,482441,0.0,0.0
2008-06-09 00:00:00+08:00,10.325240135192871,10.457132339477539,10.212189674377441,10.362923622131348,340203,0.0,0.0
2008-06-10 00:00:00+08:00,10.30639934539795,10.58902359008789,10.136822700500488,10.136822700500488,1075806,0.0,0.0
2008-06-11 00:00:00+08:00,10.174507141113281,10.325240135192871,9.628097534179688,9.703465461730957,433082,0.0,0.0
2008-06-12 00:00:00+08:00,9.4208402633667,9.4208402633667,9.025163650512695,9.025163650512695,624148,0.0,0.0
2008-06-13 00:00:00+08:00,9.08168888092041,9.307788848876953,9.04400634765625,9.19473934173584,441043,0.0,0.0
2008-06-16 00:00:00+08:00,9.439681053161621,9.439681053161621,9.270106315612793,9.326630592346191,199026,0.0,0.0
2008-06-17 00:00:00+08:00,9.383155822753906,9.383155822753906,9.04400634765625,9.138214111328125,151791,0.0,0.0
2008-06-18 00:00:00+08:00,9.138214111328125,9.326630592346191,9.062848091125488,9.288948059082031,170366,0.0,0.0
2008-06-19 00:00:00+08:00,9.9295654296875,9.9295654296875,9.9295654296875,9.9295654296875,643785,0.0,0.0
2008-06-20 00:00:00+08:00,9.9295654296875,9.9295654296875,9.4208402633667,9.4208402633667,813621,0.0,0.0
2008-06-23 00:00:00+08:00,8.761381149291992,9.119373321533203,8.761381149291992,8.780221939086914,421936,0.0,0.0
2008-06-24 00:00:00+08:00,8.761381149291992,8.949797630310059,8.177289009094238,8.214971542358398,547721,0.0,0.0
2008-06-25 00:00:00+08:00,8.177289009094238,8.742539405822754,8.177289009094238,8.57296371459961,1061476,0.0,0.0
2008-06-26 00:00:00+08:00,8.761381149291992,8.855588912963867,8.629488945007324,8.855588912963867,289252,0.0,0.0
2008-06-27 00:00:00+08:00,8.252655029296875,8.591806411743164,8.252655029296875,8.30918025970459,554090,0.0,0.0
2008-06-30 00:00:00+08:00,8.403388977050781,8.441072463989258,7.743929862976074,7.743929862976074,661299,0.0,0.0
2008-07-01 00:00:00+08:00,7.743929862976074,7.743929862976074,7.216362953186035,7.216362953186035,1081644,0.0,0.0
2008-07-02 00:00:00+08:00,7.140995979309082,7.498988151550293,7.046788215637207,7.329412937164307,694205,0.0,0.0
2008-07-03 00:00:00+08:00,6.877213001251221,7.819296836853027,6.877213001251221,7.762772083282471,592834,0.0,0.0
2008-07-04 00:00:00+08:00,7.762772083282471,7.856979846954346,7.461305141448975,7.630879878997803,430428,0.0,0.0
2008-07-07 00:00:00+08:00,7.348255157470703,7.894662857055664,7.348255157470703,7.856979846954346,622555,0.0,0.0
2008-07-08 00:00:00+08:00,7.819296836853027,7.819296836853027,7.310571193695068,7.630879878997803,342326,0.0,0.0
2008-07-09 00:00:00+08:00,7.687405109405518,7.781612873077393,7.3859381675720215,7.536672115325928,325342,0.0,0.0
2008-07-10 00:00:00+08:00,7.3859381675720215,7.743929862976074,7.348255157470703,7.649722099304199,792392,0.0,0.0
2008-07-11 00:00:00+08:00,7.725088119506836,7.762772083282471,7.536672115325928,7.668562889099121,409199,0.0,0.0
2008-07-14 00:00:00+08:00,7.649722099304199,7.819296836853027,7.536672115325928,7.574355125427246,738787,0.0,0.0
2008-07-15 00:00:00+08:00,7.40477991104126,7.42362117767334,7.046788215637207,7.046788215637207,491463,0.0,0.0
2008-07-16 00:00:00+08:00,6.613429069519043,7.235205173492432,6.556903839111328,6.556903839111328,908623,0.0,0.0
2008-07-17 00:00:00+08:00,6.575746059417725,6.9337382316589355,6.575746059417725,6.783003807067871,372047,0.0,0.0
2008-07-18 00:00:00+08:00,6.971420764923096,7.065629959106445,6.311962127685547,6.349646091461182,656523,0.0,0.0
2008-07-21 00:00:00+08:00,6.311962127685547,6.575746059417725,6.311962127685547,6.5003790855407715,452719,0.0,0.0
2008-07-22 00:00:00+08:00,6.5003790855407715,6.575746059417725,6.406170845031738,6.5003790855407715,188412,0.0,0.0
2008-07-23 00:00:00+08:00,6.5003790855407715,6.952579021453857,6.5003790855407715,6.952579021453857,612471,0.0,0.0
2008-07-24 00:00:00+08:00,7.310571193695068,7.329412937164307,6.952579021453857,7.197521209716797,339141,0.0,0.0
2008-07-25 00:00:00+08:00,6.971420764923096,7.103312969207764,6.9337382316589355,7.103312969207764,298274,0.0,0.0
2008-07-28 00:00:00+08:00,7.103312969207764,7.103312969207764,7.103312969207764,7.103312969207764,0,0.0,0.0
2008-07-29 00:00:00+08:00,7.103312969207764,7.103312969207764,7.103312969207764,7.103312969207764,0,0.0,0.0
2008-07-30 00:00:00+08:00,7.103312969207764,7.103312969207764,7.103312969207764,7.103312969207764,0,0.0,0.0
2008-07-31 00:00:00+08:00,7.103312969207764,7.103312969207764,7.103312969207764,7.103312969207764,0,0.0,0.0
2008-08-01 00:00:00+08:00,7.103312969207764,7.103312969207764,7.103312969207764,7.103312969207764,0,0.0,0.0
2008-08-04 00:00:00+08:00,7.103312969207764,7.103312969207764,7.103312969207764,7.103312969207764,0,0.0,0.0
2008-08-05 00:00:00+08:00,7.103312969207764,7.103312969207764,7.103312969207764,7.103312969207764,0,0.0,0.0
2008-08-06 00:00:00+08:00,7.103312969207764,7.103312969207764,7.103312969207764,7.103312969207764,0,0.0,0.0
2008-08-07 00:00:00+08:00,7.103312969207764,7.103312969207764,7.103312969207764,7.103312969207764,0,0.0,0.0
2008-08-08 00:00:00+08:00,7.103312969207764,7.103312969207764,7.103312969207764,7.103312969207764,0,0.0,0.0
2008-08-11 00:00:00+08:00,7.103312969207764,7.103312969207764,7.103312969207764,7.103312969207764,0,0.0,0.0
2008-08-12 00:00:00+08:00,7.103312969207764,7.103312969207764,7.103312969207764,7.103312969207764,0,0.0,0.0
2008-08-13 00:00:00+08:00,7.103312969207764,7.103312969207764,7.103312969207764,7.103312969207764,0,0.0,0.0
2008-08-14 00:00:00+08:00,7.103312969207764,7.103312969207764,7.103312969207764,7.103312969207764,0,0.0,0.0
2008-08-15 00:00:00+08:00,7.103312969207764,7.103312969207764,7.103312969207764,7.103312969207764,0,0.0,0.0
2008-08-18 00:00:00+08:00,7.084471225738525,7.084471225738525,6.594587802886963,6.594587802886963,380539,0.0,0.0
2008-08-19 00:00:00+08:00,6.443853855133057,6.632270812988281,6.3684868812561035,6.632270812988281,103493,0.0,0.0
2008-08-20 00:00:00+08:00,6.443853855133057,6.594587802886963,6.443853855133057,6.575746059417725,215479,0.0,0.0
2008-08-21 00:00:00+08:00,6.5003790855407715,6.613429069519043,6.443853855133057,6.443853855133057,135338,0.0,0.0
2008-08-22 00:00:00+08:00,6.5003790855407715,6.556903839111328,6.311962127685547,6.3873291015625,80672,0.0,0.0
2008-08-25 00:00:00+08:00,6.575746059417725,6.575746059417725,6.3684868812561035,6.3684868812561035,92348,0.0,0.0
2008-08-26 00:00:00+08:00,6.217753887176514,6.406170845031738,6.198912143707275,6.2742791175842285,191065,0.0,0.0
2008-08-27 00:00:00+08:00,6.255436897277832,6.462696075439453,6.255436897277832,6.330803871154785,106678,0.0,0.0
2008-08-28 00:00:00+08:00,6.349646091461182,6.406170845031738,6.198912143707275,6.198912143707275,129500,0.0,0.0
2008-08-29 00:00:00+08:00,6.198912143707275,6.330803871154785,6.198912143707275,6.2742791175842285,175674,0.0,0.0
2008-09-01 00:00:00+08:00,6.217753887176514,6.255436897277832,5.935129165649414,6.010495185852051,132684,0.0,0.0
2008-09-02 00:00:00+08:00,5.897445201873779,6.085862159729004,5.765553951263428,5.8409199714660645,231401,0.0,0.0
2008-09-03 00:00:00+08:00,5.935129165649414,5.935129165649414,5.445244789123535,5.445244789123535,900662,0.0,0.0
2008-09-04 00:00:00+08:00,5.652503967285156,5.652503967285156,5.068410873413086,5.068410873413086,617248,0.0,0.0
2008-09-05 00:00:00+08:00,4.917677879333496,5.011886119842529,4.7292609214782715,4.785786151885986,610348,0.0,0.0
2008-09-08 00:00:00+08:00,4.993044853210449,5.106094837188721,4.993044853210449,5.106094837188721,203272,0.0,0.0
2008-09-09 00:00:00+08:00,5.426403045654297,5.426403045654297,4.917677879333496,4.917677879333496,340733,0.0,0.0
2008-09-10 00:00:00+08:00,4.804627895355225,5.2568278312683105,4.804627895355225,5.143777847290039,429897,0.0,0.0
2008-09-11 00:00:00+08:00,5.275670051574707,5.50177001953125,5.143777847290039,5.275670051574707,343918,0.0,0.0
2008-09-12 00:00:00+08:00,5.3887200355529785,5.464087009429932,4.917677879333496,5.464087009429932,380539,0.0,0.0
2008-09-15 00:00:00+08:00,5.2568278312683105,5.275670051574707,5.087253093719482,5.087253093719482,221317,0.0,0.0
2008-09-16 00:00:00+08:00,4.748103141784668,4.766944885253906,4.748103141784668,4.748103141784668,241485,0.0,0.0
2008-09-17 00:00:00+08:00,4.71042013168335,4.974203109741211,4.427793979644775,4.427793979644775,854488,0.0,0.0
2008-09-18 00:00:00+08:00,4.126327037811279,4.126327037811279,4.126327037811279,4.126327037811279,75895,0.0,0.0
2008-09-19 00:00:00+08:00,4.145168781280518,4.371269226074219,4.145168781280518,4.371269226074219,812560,0.0,0.0
2008-09-22 00:00:00+08:00,4.48431921005249,4.522003173828125,4.371269226074219,4.48431921005249,337549,0.0,0.0
2008-09-23 00:00:00+08:00,4.182851791381836,4.46547794342041,4.182851791381836,4.446636199951172,340733,0.0,0.0
2008-09-24 00:00:00+08:00,4.446636199951172,4.748103141784668,4.164011001586914,4.748103141784668,1506235,0.0,0.0
2008-09-25 00:00:00+08:00,4.71042013168335,5.068410873413086,4.71042013168335,5.068410873413086,1494028,0.0,0.0
2008-09-26 00:00:00+08:00,5.219144821166992,5.369877815246582,4.748103141784668,4.842310905456543,890048,0.0,0.0
2008-09-29 00:00:00+08:00,4.842310905456543,4.842310905456543,4.842310905456543,4.842310905456543,0,0.0,0.0
2008-09-30 00:00:00+08:00,4.522003173828125,4.522003173828125,4.522003173828125,4.522003173828125,57319,0.0,0.0
2008-10-01 00:00:00+08:00,4.522003173828125,4.748103141784668,4.522003173828125,4.597369194030762,368863,0.0,0.0
2008-10-02 00:00:00+08:00,4.6162109375,4.71042013168335,4.522003173828125,4.597369194030762,191596,0.0,0.0
2008-10-03 00:00:00+08:00,4.522003173828125,4.804627895355225,4.427793979644775,4.766944885253906,318442,0.0,0.0
2008-10-06 00:00:00+08:00,4.7292609214782715,4.7292609214782715,4.446636199951172,4.446636199951172,458557,0.0,0.0
2008-10-07 00:00:00+08:00,4.164011001586914,4.48431921005249,4.164011001586914,4.427793979644775,193188,0.0,0.0
2008-10-08 00:00:00+08:00,4.164011001586914,4.295903205871582,4.126327037811279,4.126327037811279,459088,0.0,0.0
2008-10-09 00:00:00+08:00,3.956752061843872,4.220536231994629,3.956752061843872,3.956752061843872,536045,0.0,0.0
2008-10-13 00:00:00+08:00,3.8248610496520996,3.8248610496520996,3.8248610496520996,3.8248610496520996,118885,0.0,0.0
2008-10-14 00:00:00+08:00,3.6929690837860107,4.050961017608643,3.6929690837860107,3.956752061843872,684121,0.0,0.0
2008-10-15 00:00:00+08:00,3.8813860416412354,3.9190690517425537,3.8248610496520996,3.8248610496520996,346041,0.0,0.0
2008-10-16 00:00:00+08:00,3.6929690837860107,3.6929690837860107,3.6929690837860107,3.6929690837860107,66873,0.0,0.0
2008-10-17 00:00:00+08:00,3.5799190998077393,3.655284881591797,3.5799190998077393,3.5799190998077393,1045554,0.0,0.0
2008-10-20 00:00:00+08:00,3.4668691158294678,3.4857099056243896,3.4668691158294678,3.4668691158294678,175674,0.0,0.0
2008-10-21 00:00:00+08:00,3.6929690837860107,3.6929690837860107,3.4857099056243896,3.5233941078186035,541352,0.0,0.0
2008-10-22 00:00:00+08:00,3.4480268955230713,3.504551887512207,3.410343885421753,3.4668691158294678,373639,0.0,0.0
2008-10-23 00:00:00+08:00,3.353818893432617,3.353818893432617,3.353818893432617,3.353818893432617,29721,0.0,0.0
2008-10-24 00:00:00+08:00,3.2407679557800293,3.2972939014434814,3.2407679557800293,3.2407679557800293,528084,0.0,0.0
2008-10-27 00:00:00+08:00,3.0146679878234863,3.0900349617004395,3.0146679878234863,3.0146679878234863,485094,0.0,0.0
2008-10-28 00:00:00+08:00,2.826251983642578,3.203084945678711,2.8074100017547607,3.127717971801758,869349,0.0,0.0
2008-10-29 00:00:00+08:00,3.2219269275665283,3.278451919555664,3.127717971801758,3.146559953689575,836974,0.0,0.0
2008-10-30 00:00:00+08:00,3.203084945678711,3.353818893432617,3.1654019355773926,3.353818893432617,382131,0.0,0.0
2008-10-31 00:00:00+08:00,3.3915019035339355,3.5799190998077393,3.3915019035339355,3.5422348976135254,266430,0.0,0.0
2008-11-03 00:00:00+08:00,3.6929690837860107,3.7494940757751465,3.5799190998077393,3.7494940757751465,367801,0.0,0.0
2008-11-04 00:00:00+08:00,3.768336057662964,3.787177085876465,3.6741271018981934,3.768336057662964,425652,0.0,0.0
2008-11-05 00:00:00+08:00,3.8248610496520996,4.032118797302246,3.787177085876465,3.8060190677642822,520654,0.0,0.0
2008-11-06 00:00:00+08:00,3.768336057662964,3.768336057662964,3.5422348976135254,3.598759889602661,494117,0.0,0.0
2008-11-07 00:00:00+08:00,3.353818893432617,3.6741271018981934,3.353818893432617,3.6176021099090576,356125,0.0,0.0
2008-11-10 00:00:00+08:00,3.5422348976135254,3.655284881591797,3.5233941078186035,3.5233941078186035,231401,0.0,0.0
2008-11-11 00:00:00+08:00,3.5799190998077393,3.5799190998077393,3.3161349296569824,3.3161349296569824,196903,0.0,0.0
2008-11-12 00:00:00+08:00,3.372659921646118,3.5422348976135254,3.372659921646118,3.372659921646118,294559,0.0,0.0
2008-11-13 00:00:00+08:00,3.146559953689575,3.2596099376678467,3.146559953689575,3.146559953689575,451127,0.0,0.0
2008-11-14 00:00:00+08:00,3.2407679557800293,3.278451919555664,2.9958269596099854,2.9958269596099854,275983,0.0,0.0
2008-11-17 00:00:00+08:00,2.845093011856079,2.9958269596099854,2.7885680198669434,2.7885680198669434,617248,0.0,0.0
2008-11-18 00:00:00+08:00,2.6566760540008545,2.6943600177764893,2.6001510620117188,2.6001510620117188,465457,0.0,0.0
2008-11-19 00:00:00+08:00,2.4305760860443115,2.6001510620117188,2.4305760860443115,2.543626070022583,765324,0.0,0.0
2008-11-20 00:00:00+08:00,2.374051094055176,2.4305760860443115,2.374051094055176,2.374051094055176,213887,0.0,0.0
2008-11-21 00:00:00+08:00,2.2610011100769043,2.5059430599212646,2.223318099975586,2.5059430599212646,455373,0.0,0.0
2008-11-24 00:00:00+08:00,2.5059430599212646,2.6001510620117188,2.4117350578308105,2.4305760860443115,156567,0.0,0.0
2008-11-25 00:00:00+08:00,2.449418067932129,2.5813100337982178,2.449418067932129,2.449418067932129,332242,0.0,0.0
2008-11-26 00:00:00+08:00,2.4682600498199463,2.524785041809082,2.449418067932129,2.524785041809082,200619,0.0,0.0
2008-11-27 00:00:00+08:00,2.5813100337982178,2.6943600177764893,2.5813100337982178,2.6943600177764893,424059,0.0,0.0
2008-11-28 00:00:00+08:00,2.8074100017547607,2.882776975631714,2.7132010459899902,2.882776975631714,562051,0.0,0.0
2008-12-01 00:00:00+08:00,2.9204599857330322,3.071192979812622,2.9204599857330322,3.071192979812622,692613,0.0,0.0
2008-12-02 00:00:00+08:00,2.9393019676208496,2.9393019676208496,2.8639349937438965,2.8639349937438965,424590,0.0,0.0
2008-12-03 00:00:00+08:00,2.882776975631714,3.0146679878234863,2.826251983642578,2.845093011856079,432020,0.0,0.0
2008-12-04 00:00:00+08:00,2.9958269596099854,2.9958269596099854,2.7885680198669434,2.8074100017547607,242547,0.0,0.0
2008-12-05 00:00:00+08:00,2.8074100017547607,2.845093011856079,2.750885009765625,2.750885009765625,148075,0.0,0.0
2008-12-08 00:00:00+08:00,2.845093011856079,2.882776975631714,2.826251983642578,2.882776975631714,151260,0.0,0.0
2008-12-09 00:00:00+08:00,2.9204599857330322,2.976984977722168,2.882776975631714,2.882776975631714,279168,0.0,0.0
2008-12-10 00:00:00+08:00,2.845093011856079,3.071192979812622,2.845093011856079,3.071192979812622,557805,0.0,0.0
2008-12-11 00:00:00+08:00,3.071192979812622,3.1654019355773926,3.0146679878234863,3.0335099697113037,559928,0.0,0.0
2008-12-12 00:00:00+08:00,3.0335099697113037,3.071192979812622,2.826251983642578,2.882776975631714,363555,0.0,0.0
2008-12-15 00:00:00+08:00,2.976984977722168,3.071192979812622,2.9581429958343506,2.9581429958343506,226625,0.0,0.0
2008-12-16 00:00:00+08:00,2.8639349937438965,2.976984977722168,2.8639349937438965,2.9581429958343506,161344,0.0,0.0
2008-12-17 00:00:00+08:00,3.0335099697113037,3.0335099697113037,2.9393019676208496,2.9958269596099854,399645,0.0,0.0
2008-12-18 00:00:00+08:00,2.9958269596099854,2.9958269596099854,2.901618003845215,2.9393019676208496,264838,0.0,0.0
2008-12-19 00:00:00+08:00,2.882776975631714,2.9958269596099854,2.882776975631714,2.976984977722168,352410,0.0,0.0
2008-12-22 00:00:00+08:00,3.052351951599121,3.108876943588257,2.901618003845215,2.9393019676208496,374701,0.0,0.0
2008-12-23 00:00:00+08:00,2.901618003845215,2.901618003845215,2.750885009765625,2.8639349937438965,289252,0.0,0.0
2008-12-24 00:00:00+08:00,2.826251983642578,2.882776975631714,2.769726037979126,2.882776975631714,264307,0.0,0.0
2008-12-25 00:00:00+08:00,2.826251983642578,2.882776975631714,2.826251983642578,2.845093011856079,207518,0.0,0.0
2008-12-26 00:00:00+08:00,2.8639349937438965,2.901618003845215,2.826251983642578,2.8639349937438965,467049,0.0,0.0
2008-12-29 00:00:00+08:00,2.826251983642578,2.8639349937438965,2.750885009765625,2.826251983642578,236178,0.0,0.0
2008-12-30 00:00:00+08:00,2.826251983642578,2.9581429958343506,2.826251983642578,2.901618003845215,272799,0.0,0.0
2008-12-31 00:00:00+08:00,2.9581429958343506,2.976984977722168,2.9204599857330322,2.9204599857330322,236709,0.0,0.0
2009-01-02 00:00:00+08:00,2.9204599857330322,2.9204599857330322,2.9204599857330322,2.9204599857330322,0,0.0,0.0
2009-01-05 00:00:00+08:00,3.0335099697113037,3.0335099697113037,2.976984977722168,3.0146679878234863,402830,0.0,0.0
2009-01-06 00:00:00+08:00,3.0335099697113037,3.052351951599121,2.976984977722168,3.0146679878234863,206987,0.0,0.0
2009-01-07 00:00:00+08:00,3.0146679878234863,3.052351951599121,3.0146679878234863,3.052351951599121,248916,0.0,0.0
2009-01-08 00:00:00+08:00,3.0146679878234863,3.0146679878234863,2.901618003845215,2.901618003845215,580627,0.0,0.0
2009-01-09 00:00:00+08:00,2.901618003845215,2.9393019676208496,2.901618003845215,2.901618003845215,126315,0.0,0.0
2009-01-12 00:00:00+08:00,2.9204599857330322,2.9204599857330322,2.845093011856079,2.845093011856079,93409,0.0,0.0
2009-01-13 00:00:00+08:00,2.8074100017547607,2.9204599857330322,2.8074100017547607,2.901618003845215,105086,0.0,0.0
2009-01-14 00:00:00+08:00,2.9204599857330322,2.9393019676208496,2.901618003845215,2.901618003845215,97655,0.0,0.0
2009-01-15 00:00:00+08:00,2.8074100017547607,2.845093011856079,2.769726037979126,2.8074100017547607,179920,0.0,0.0
2009-01-16 00:00:00+08:00,2.826251983642578,2.9581429958343506,2.9204599857330322,2.9204599857330322,410260,0.0,0.0
2009-01-19 00:00:00+08:00,2.9204599857330322,2.9393019676208496,2.8639349937438965,2.882776975631714,224502,0.0,0.0
2009-01-20 00:00:00+08:00,2.845093011856079,2.8639349937438965,2.769726037979126,2.769726037979126,174612,0.0,0.0
2009-01-21 00:00:00+08:00,2.7320430278778076,2.845093011856079,2.7132010459899902,2.8074100017547607,162936,0.0,0.0
2009-02-02 00:00:00+08:00,2.8074100017547607,2.8639349937438965,2.675518035888672,2.7320430278778076,486686,0.0,0.0
2009-02-03 00:00:00+08:00,2.7320430278778076,2.8074100017547607,2.7320430278778076,2.7885680198669434,265899,0.0,0.0
2009-02-04 00:00:00+08:00,2.826251983642578,2.845093011856079,2.7885680198669434,2.7885680198669434,232463,0.0,0.0
2009-02-05 00:00:00+08:00,2.7885680198669434,2.8074100017547607,2.750885009765625,2.8074100017547607,121539,0.0,0.0
2009-02-06 00:00:00+08:00,2.845093011856079,2.8639349937438965,2.7885680198669434,2.7885680198669434,272799,0.0,0.0
2009-02-09 00:00:00+08:00,2.826251983642578,2.882776975631714,2.8074100017547607,2.8074100017547607,273330,0.0,0.0
2009-02-10 00:00:00+08:00,2.826251983642578,2.845093011856079,2.8074100017547607,2.826251983642578,105616,0.0,0.0
2009-02-11 00:00:00+08:00,2.8074100017547607,2.8639349937438965,2.769726037979126,2.8639349937438965,158690,0.0,0.0
2009-02-12 00:00:00+08:00,2.882776975631714,3.0335099697113037,2.845093011856079,2.9204599857330322,663953,0.0,0.0
2009-02-13 00:00:00+08:00,2.901618003845215,3.108876943588257,2.901618003845215,3.108876943588257,760547,0.0,0.0
2009-02-16 00:00:00+08:00,3.3161349296569824,3.3161349296569824,3.3161349296569824,3.3161349296569824,204864,0.0,0.0
2009-02-17 00:00:00+08:00,3.5422348976135254,3.5422348976135254,3.5422348976135254,3.5422348976135254,696859,0.0,0.0
2009-02-18 00:00:00+08:00,3.787177085876465,3.787177085876465,3.410343885421753,3.787177085876465,4577617,0.0,0.0
2009-02-19 00:00:00+08:00,3.7494940757751465,4.032118797302246,3.5233941078186035,3.768336057662964,2447233,0.0,0.0
2009-02-20 00:00:00+08:00,3.730652093887329,3.994436025619507,3.5799190998077393,3.598759889602661,1581069,0.0,0.0
2009-02-23 00:00:00+08:00,3.4857099056243896,3.8437020778656006,3.4857099056243896,3.8437020778656006,1737106,0.0,0.0
2009-02-24 00:00:00+08:00,3.8437020778656006,4.107485771179199,3.768336057662964,4.107485771179199,1352851,0.0,0.0
2009-02-25 00:00:00+08:00,4.390110969543457,4.390110969543457,4.390110969543457,4.390110969543457,793453,0.0,0.0
2009-02-26 00:00:00+08:00,4.691577911376953,4.691577911376953,4.3335862159729,4.6350531578063965,5863065,0.0,0.0
2009-02-27 00:00:00+08:00,4.522003173828125,4.9553608894348145,4.522003173828125,4.9553608894348145,4399289,0.0,0.0
2009-03-02 00:00:00+08:00,5.1626200675964355,5.294511795043945,4.898836135864258,5.294511795043945,4574432,0.0,0.0
2009-03-03 00:00:00+08:00,5.4829277992248535,5.5959792137146,5.294511795043945,5.445244789123535,4283057,0.0,0.0
2009-03-04 00:00:00+08:00,5.464087009429932,5.558294773101807,5.068410873413086,5.35103702545166,3935423,0.0,0.0
2009-03-05 00:00:00+08:00,5.445244789123535,5.445244789123535,5.011886119842529,5.011886119842529,2222731,0.0,0.0
2009-03-06 00:00:00+08:00,4.9553608894348145,5.1626200675964355,4.7292609214782715,4.974203109741211,1878813,0.0,0.0
2009-03-09 00:00:00+08:00,4.993044853210449,5.313353061676025,4.936520099639893,5.313353061676025,2090577,0.0,0.0
2009-03-10 00:00:00+08:00,5.464087009429932,5.671345233917236,5.3887200355529785,5.671345233917236,3309683,0.0,0.0
2009-03-11 00:00:00+08:00,6.029336929321289,6.067020893096924,5.859762191772461,6.067020893096924,4867931,0.0,0.0
2009-03-12 00:00:00+08:00,6.217753887176514,6.406170845031738,5.897445201873779,5.897445201873779,4094645,0.0,0.0
2009-03-13 00:00:00+08:00,6.123546123504639,6.180070877075195,5.7467122077941895,5.803236961364746,3190798,0.0,0.0
2009-03-16 00:00:00+08:00,5.8409199714660645,5.953969955444336,5.671345233917236,5.727869987487793,1562493,0.0,0.0
2009-03-17 00:00:00+08:00,5.8409199714660645,6.123546123504639,5.652503967285156,6.123546123504639,3361695,0.0,0.0
2009-03-18 00:00:00+08:00,6.23659610748291,6.5003790855407715,6.104703903198242,6.1423869132995605,3580360,0.0,0.0
2009-03-19 00:00:00+08:00,6.217753887176514,6.330803871154785,5.8409199714660645,5.8409199714660645,3121271,0.0,0.0
2009-03-20 00:00:00+08:00,5.8409199714660645,6.029336929321289,5.784395217895508,5.822079181671143,1542325,0.0,0.0
2009-03-23 00:00:00+08:00,5.784395217895508,6.010495185852051,5.784395217895508,5.878603935241699,1034939,0.0,0.0
2009-03-24 00:00:00+08:00,5.991653919219971,6.23659610748291,5.803236961364746,5.991653919219971,2924367,0.0,0.0
2009-03-25 00:00:00+08:00,5.935129165649414,6.123546123504639,5.935129165649414,5.991653919219971,2333125,0.0,0.0
2009-03-26 00:00:00+08:00,6.029336929321289,6.406170845031738,6.029336929321289,6.406170845031738,3310214,0.0,0.0
2009-03-27 00:00:00+08:00,6.801846027374268,6.839529037475586,6.613429069519043,6.839529037475586,5020252,0.0,0.0
2009-03-30 00:00:00+08:00,7.009105205535889,7.291729927062988,6.443853855133057,7.291729927062988,5311628,0.0,0.0
2009-03-31 00:00:00+08:00,7.442462921142578,7.725088119506836,6.783003807067871,6.783003807067871,6591238,0.0,0.0
2009-04-02 00:00:00+08:00,7.140995979309082,7.197521209716797,6.783003807067871,6.896053791046143,3466782,0.0,0.0
2009-04-03 00:00:00+08:00,6.990262985229492,7.12215518951416,6.801846027374268,6.801846027374268,1695708,0.0,0.0
2009-04-06 00:00:00+08:00,6.896053791046143,7.27288818359375,6.707637786865234,7.27288818359375,4583986,0.0,0.0
2009-04-07 00:00:00+08:00,7.348255157470703,7.649722099304199,7.065629959106445,7.536672115325928,4397166,0.0,0.0
2009-04-08 00:00:00+08:00,7.442462921142578,7.875822067260742,7.442462921142578,7.536672115325928,3796370,0.0,0.0
2009-04-09 00:00:00+08:00,7.725088119506836,7.9135050773620605,7.630879878997803,7.630879878997803,2572488,0.0,0.0
2009-04-10 00:00:00+08:00,7.630879878997803,7.875822067260742,7.574355125427246,7.574355125427246,1863421,0.0,0.0
2009-04-13 00:00:00+08:00,7.725088119506836,7.762772083282471,7.536672115325928,7.536672115325928,1992922,0.0,0.0
2009-04-14 00:00:00+08:00,7.55551290512085,7.800455093383789,7.536672115325928,7.630879878997803,1612382,0.0,0.0
2009-04-15 00:00:00+08:00,7.875822067260742,7.875822067260742,7.630879878997803,7.819296836853027,1711630,0.0,0.0
2009-04-16 00:00:00+08:00,8.00771427154541,8.233814239501953,8.00771427154541,8.064238548278809,1764704,0.0,0.0
2009-04-17 00:00:00+08:00,8.139604568481445,8.384547233581543,7.517829895019531,7.517829895019531,3066074,0.0,0.0
2009-04-20 00:00:00+08:00,7.27288818359375,7.461305141448975,7.009105205535889,7.009105205535889,1793364,0.0,0.0
2009-04-21 00:00:00+08:00,6.556903839111328,7.498988151550293,6.556903839111328,7.498988151550293,2540643,0.0,0.0
2009-04-22 00:00:00+08:00,7.725088119506836,7.894662857055664,7.536672115325928,7.649722099304199,2276336,0.0,0.0
2009-04-23 00:00:00+08:00,7.875822067260742,7.988872051239014,7.687405109405518,7.838138103485107,5010168,0.0,0.0
2009-04-24 00:00:00+08:00,7.9135050773620605,8.101922035217285,7.536672115325928,7.668562889099121,2720033,0.0,0.0
2009-04-27 00:00:00+08:00,7.725088119506836,7.800455093383789,7.140995979309082,7.140995979309082,6032370,0.0,0.0
2009-04-28 00:00:00+08:00,6.952579021453857,6.971420764923096,6.651113033294678,6.651113033294678,2308180,0.0,0.0
2009-04-29 00:00:00+08:00,6.462696075439453,6.651113033294678,6.198912143707275,6.311962127685547,1836885,0.0,0.0
2009-04-30 00:00:00+08:00,6.594587802886963,6.745320796966553,6.5003790855407715,6.745320796966553,903316,0.0,0.0
2009-05-04 00:00:00+08:00,7.065629959106445,7.216362953186035,6.971420764923096,7.216362953186035,1547101,0.0,0.0
2009-05-05 00:00:00+08:00,7.536672115325928,7.536672115325928,6.839529037475586,6.858370780944824,1259972,0.0,0.0
2009-05-06 00:00:00+08:00,6.858370780944824,7.140995979309082,6.613429069519043,6.990262985229492,1378327,0.0,0.0
2009-05-07 00:00:00+08:00,7.178679943084717,7.310571193695068,6.971420764923096,7.009105205535889,1476513,0.0,0.0
2009-05-08 00:00:00+08:00,7.065629959106445,7.348255157470703,7.009105205535889,7.310571193695068,1537017,0.0,0.0
2009-05-11 00:00:00+08:00,7.42362117767334,7.725088119506836,7.348255157470703,7.367095947265625,1435646,0.0,0.0
2009-05-12 00:00:00+08:00,7.367095947265625,7.367095947265625,6.896053791046143,6.9337382316589355,1048738,0.0,0.0
2009-05-13 00:00:00+08:00,6.9337382316589355,7.12215518951416,6.896053791046143,6.9337382316589355,1146394,0.0,0.0
2009-05-14 00:00:00+08:00,6.594587802886963,6.858370780944824,6.594587802886963,6.688796043395996,830605,0.0,0.0
2009-05-15 00:00:00+08:00,6.745320796966553,7.065629959106445,6.707637786865234,6.764163017272949,1212736,0.0,0.0
2009-05-18 00:00:00+08:00,6.783003807067871,6.971420764923096,6.783003807067871,6.801846027374268,827951,0.0,0.0
2009-05-19 00:00:00+08:00,7.1598381996154785,7.216362953186035,6.896053791046143,6.9337382316589355,1180892,0.0,0.0
2009-05-20 00:00:00+08:00,7.084471225738525,7.12215518951416,6.820687770843506,6.971420764923096,1421316,0.0,0.0
2009-05-21 00:00:00+08:00,7.065629959106445,7.442462921142578,7.0279459953308105,7.442462921142578,2494469,0.0,0.0
2009-05-22 00:00:00+08:00,7.630879878997803,7.894662857055664,7.348255157470703,7.536672115325928,3615388,0.0,0.0
2009-05-25 00:00:00+08:00,7.819296836853027,8.064238548278809,7.498988151550293,8.064238548278809,5544622,0.0,0.0
2009-05-26 00:00:00+08:00,8.271496772766113,8.610647201538086,8.19612979888916,8.478755950927734,6266957,0.0,0.0
2009-05-27 00:00:00+08:00,8.53528118133545,8.6671724319458,8.101922035217285,8.271496772766113,2306057,0.0,0.0
2009-06-01 00:00:00+08:00,8.403388977050781,8.836747169494629,7.743929862976074,8.836747169494629,4216184,0.0,0.0
2009-06-02 00:00:00+08:00,9.213581085205078,9.439681053161621,8.780221939086914,9.439681053161621,6433608,0.0,0.0
2009-06-03 00:00:00+08:00,9.797673225402832,10.08029842376709,9.60925579071045,10.061456680297852,5241040,0.0,0.0
2009-06-04 00:00:00+08:00,10.061456680297852,10.362923622131348,9.4208402633667,9.797673225402832,3696591,0.0,0.0
2009-06-05 00:00:00+08:00,9.797673225402832,9.986089706420898,9.232422828674316,9.533889770507812,2770453,0.0,0.0
2009-06-08 00:00:00+08:00,9.326630592346191,9.703465461730957,9.04400634765625,9.100530624389648,2354354,0.0,0.0
2009-06-09 00:00:00+08:00,9.100530624389648,9.100530624389648,8.478755950927734,8.478755950927734,1973284,0.0,0.0
2009-06-10 00:00:00+08:00,8.478755950927734,8.57296371459961,7.9135050773620605,7.9135050773620605,1532241,0.0,0.0
2009-06-11 00:00:00+08:00,7.894662857055664,8.365704536437988,7.838138103485107,8.365704536437988,1196283,0.0,0.0
2009-06-12 00:00:00+08:00,8.365704536437988,8.836747169494629,8.328022003173828,8.384547233581543,1541263,0.0,0.0
2009-06-15 00:00:00+08:00,8.648330688476562,8.648330688476562,7.800455093383789,7.800455093383789,1012648,0.0,0.0
2009-06-16 00:00:00+08:00,7.819296836853027,7.988872051239014,7.367095947265625,7.593196868896484,847058,0.0,0.0
2009-06-17 00:00:00+08:00,7.6120381355285645,7.762772083282471,7.517829895019531,7.536672115325928,749933,0.0,0.0
2009-06-18 00:00:00+08:00,7.630879878997803,7.649722099304199,7.348255157470703,7.536672115325928,766916,0.0,0.0
2009-06-19 00:00:00+08:00,7.574355125427246,7.725088119506836,7.536672115325928,7.725088119506836,402299,0.0,0.0
2009-06-22 00:00:00+08:00,7.743929862976074,7.743929862976074,7.593196868896484,7.668562889099121,524369,0.0,0.0
2009-06-23 00:00:00+08:00,7.536672115325928,8.177289009094238,7.348255157470703,8.177289009094238,2096416,0.0,0.0
2009-06-24 00:00:00+08:00,8.214971542358398,8.742539405822754,8.19612979888916,8.57296371459961,2956742,0.0,0.0
2009-06-25 00:00:00+08:00,8.478755950927734,8.836747169494629,8.328022003173828,8.403388977050781,1315700,0.0,0.0
2009-06-26 00:00:00+08:00,8.554121971130371,8.591806411743164,8.083080291748047,8.19612979888916,1344890,0.0,0.0
2009-06-29 00:00:00+08:00,8.271496772766113,8.290339469909668,7.838138103485107,7.838138103485107,592834,0.0,0.0
2009-06-30 00:00:00+08:00,7.9135050773620605,8.101922035217285,7.800455093383789,7.9135050773620605,505793,0.0,0.0
2009-07-01 00:00:00+08:00,7.988872051239014,8.101922035217285,7.9135050773620605,7.988872051239014,542414,0.0,0.0
2009-07-02 00:00:00+08:00,8.271496772766113,8.53528118133545,8.19612979888916,8.53528118133545,1398495,0.0,0.0
2009-07-03 00:00:00+08:00,8.987481117248535,9.08168888092041,8.742539405822754,9.08168888092041,4293141,0.0,0.0
2009-07-06 00:00:00+08:00,9.119373321533203,9.703465461730957,8.6671724319458,9.45852279663086,5750548,0.0,0.0
2009-07-07 00:00:00+08:00,9.552730560302734,9.722306251525879,9.232422828674316,9.232422828674316,2378768,0.0,0.0
2009-07-08 00:00:00+08:00,9.157055854797363,9.4208402633667,9.119373321533203,9.19473934173584,1351790,0.0,0.0
2009-07-09 00:00:00+08:00,9.232422828674316,9.722306251525879,9.232422828674316,9.60925579071045,3131355,0.0,0.0
2009-07-10 00:00:00+08:00,9.703465461730957,9.778830528259277,9.345473289489746,9.778830528259277,3180183,0.0,0.0
2009-07-13 00:00:00+08:00,9.778830528259277,9.873040199279785,9.4208402633667,9.4208402633667,6277041,0.0,0.0
2009-07-14 00:00:00+08:00,9.45852279663086,9.703465461730957,9.45852279663086,9.628097534179688,1707384,0.0,0.0
2009-07-15 00:00:00+08:00,9.703465461730957,9.703465461730957,9.45852279663086,9.477364540100098,1498804,0.0,0.0
2009-07-16 00:00:00+08:00,9.60925579071045,9.60925579071045,9.232422828674316,9.232422828674316,1816186,0.0,0.0
2009-07-17 00:00:00+08:00,9.251263618469238,9.703465461730957,9.062848091125488,9.703465461730957,3555415,0.0,0.0
2009-07-20 00:00:00+08:00,9.60925579071045,9.703465461730957,9.326630592346191,9.326630592346191,1578946,0.0,0.0
2009-07-21 00:00:00+08:00,9.4208402633667,9.515048027038574,9.270106315612793,9.270106315612793,1079521,0.0,0.0
2009-07-22 00:00:00+08:00,9.270106315612793,9.496206283569336,9.232422828674316,9.477364540100098,2093762,0.0,0.0
2009-07-23 00:00:00+08:00,9.496206283569336,9.60925579071045,9.326630592346191,9.552730560302734,1580007,0.0,0.0
2009-07-24 00:00:00+08:00,9.590415000915527,9.703465461730957,9.45852279663086,9.45852279663086,3596282,0.0,0.0
2009-07-27 00:00:00+08:00,9.45852279663086,9.628097534179688,9.383155822753906,9.4208402633667,1966385,0.0,0.0
2009-07-28 00:00:00+08:00,9.383155822753906,9.778830528259277,9.383155822753906,9.515048027038574,2680758,0.0,0.0
2009-07-29 00:00:00+08:00,9.60925579071045,9.665781021118164,9.496206283569336,9.515048027038574,1639450,0.0,0.0
2009-07-30 00:00:00+08:00,9.515048027038574,9.778830528259277,9.496206283569336,9.533889770507812,1935071,0.0,0.0
2009-07-31 00:00:00+08:00,9.552730560302734,9.797673225402832,9.552730560302734,9.628097534179688,2189295,0.0,0.0
2009-08-03 00:00:00+08:00,9.628097534179688,9.910722732543945,9.628097534179688,9.722306251525879,2504022,0.0,0.0
2009-08-04 00:00:00+08:00,9.891881942749023,10.08029842376709,9.515048027038574,9.515048027038574,2584164,0.0,0.0
2009-08-05 00:00:00+08:00,9.552730560302734,9.96724796295166,9.477364540100098,9.496206283569336,3409993,0.0,0.0
2009-08-06 00:00:00+08:00,9.552730560302734,9.628097534179688,9.232422828674316,9.326630592346191,1592745,0.0,0.0
2009-08-10 00:00:00+08:00,9.345473289489746,9.533889770507812,9.326630592346191,9.326630592346191,585404,0.0,0.0
2009-08-11 00:00:00+08:00,9.439681053161621,9.477364540100098,9.213581085205078,9.326630592346191,842281,0.0,0.0
2009-08-12 00:00:00+08:00,9.326630592346191,9.590415000915527,9.251263618469238,9.345473289489746,1653780,0.0,0.0
2009-08-13 00:00:00+08:00,9.4208402633667,9.60925579071045,9.383155822753906,9.439681053161621,1309861,0.0,0.0
2009-08-14 00:00:00+08:00,9.552730560302734,9.60925579071045,9.45852279663086,9.477364540100098,1119857,0.0,0.0
2009-08-17 00:00:00+08:00,9.477364540100098,9.571573257446289,9.4208402633667,9.4208402633667,784431,0.0,0.0
2009-08-18 00:00:00+08:00,9.364315032958984,9.4208402633667,9.04400634765625,9.04400634765625,1509950,0.0,0.0
2009-08-19 00:00:00+08:00,9.062848091125488,9.383155822753906,9.062848091125488,9.175897598266602,617248,0.0,0.0
2009-08-20 00:00:00+08:00,9.232422828674316,9.326630592346191,8.89327335357666,9.062848091125488,1396903,0.0,0.0
2009-08-21 00:00:00+08:00,9.119373321533203,9.326630592346191,8.912114143371582,8.949797630310059,643785,0.0,0.0
2009-08-24 00:00:00+08:00,9.04400634765625,9.19473934173584,8.987481117248535,8.987481117248535,389561,0.0,0.0
2009-08-25 00:00:00+08:00,9.006322860717773,9.138214111328125,8.874430656433105,8.93095588684082,557275,0.0,0.0
2009-08-26 00:00:00+08:00,8.968639373779297,9.04400634765625,8.30918025970459,8.42223072052002,1403271,0.0,0.0
2009-08-27 00:00:00+08:00,8.42223072052002,8.53528118133545,8.19612979888916,8.252655029296875,381600,0.0,0.0
2009-08-28 00:00:00+08:00,8.271496772766113,8.817906379699707,8.271496772766113,8.780221939086914,2328879,0.0,0.0
2009-08-31 00:00:00+08:00,8.780221939086914,8.855588912963867,8.403388977050781,8.57296371459961,359840,0.0,0.0
2009-09-01 00:00:00+08:00,8.6671724319458,9.100530624389648,8.6671724319458,9.04400634765625,896416,0.0,0.0
2009-09-02 00:00:00+08:00,9.006322860717773,9.326630592346191,8.874430656433105,9.251263618469238,1527995,0.0,0.0
2009-09-03 00:00:00+08:00,9.326630592346191,9.439681053161621,9.138214111328125,9.232422828674316,1191507,0.0,0.0
2009-09-04 00:00:00+08:00,9.307788848876953,9.515048027038574,9.232422828674316,9.232422828674316,1445200,0.0,0.0
2009-09-07 00:00:00+08:00,9.401997566223145,9.665781021118164,9.401997566223145,9.552730560302734,2032727,0.0,0.0
2009-09-08 00:00:00+08:00,9.60925579071045,9.703465461730957,9.345473289489746,9.345473289489746,1367181,0.0,0.0
2009-09-09 00:00:00+08:00,9.4208402633667,9.533889770507812,9.345473289489746,9.439681053161621,920830,0.0,0.0
2009-09-10 00:00:00+08:00,9.515048027038574,9.60925579071045,9.19473934173584,9.232422828674316,845996,0.0,0.0
2009-09-11 00:00:00+08:00,9.307788848876953,9.873040199279785,9.307788848876953,9.873040199279785,5060058,0.0,0.0
2009-09-14 00:00:00+08:00,10.551340103149414,10.551340103149414,10.513656616210938,10.551340103149414,3587790,0.0,0.0
2009-09-15 00:00:00+08:00,11.286166191101074,11.286166191101074,10.928174018859863,10.965856552124023,11636966,0.0,0.0
2009-09-16 00:00:00+08:00,11.116591453552246,11.719525337219238,10.984699249267578,11.719525337219238,7040773,0.0,0.0
2009-09-17 00:00:00+08:00,12.492033004760742,12.529717445373535,12.284774780273438,12.529717445373535,9083054,0.0,0.0
2009-09-18 00:00:00+08:00,13.113808631896973,13.39643383026123,12.718133926391602,13.39643383026123,11299947,0.0,0.0
2009-09-21 00:00:00+08:00,13.754426002502441,13.88631820678711,13.00075912475586,13.39643383026123,7770538,0.0,0.0
2009-09-22 00:00:00+08:00,13.39643383026123,14.319676399230957,13.39643383026123,14.055892944335938,9883938,0.0,0.0
2009-09-23 00:00:00+08:00,14.13125991821289,14.28199291229248,13.076126098632812,13.076126098632812,7856518,0.0,0.0
2009-09-24 00:00:00+08:00,12.435507774353027,12.47319221496582,12.171725273132324,12.171725273132324,3498095,0.0,0.0
2009-09-25 00:00:00+08:00,12.171725273132324,13.00075912475586,12.171725273132324,13.00075912475586,6095528,0.0,0.0
2009-09-28 00:00:00+08:00,12.88770866394043,12.88770866394043,12.11520004272461,12.11520004272461,2875539,0.0,0.0
2009-09-29 00:00:00+08:00,12.341300010681152,12.36014175415039,11.757207870483398,12.15288257598877,2268375,0.0,0.0
2009-09-30 00:00:00+08:00,12.247092247009277,12.944233894348145,12.247092247009277,12.812341690063477,2886154,0.0,0.0
2009-10-01 00:00:00+08:00,12.981917381286621,13.094966888427734,12.284774780273438,12.62392520904541,4281996,0.0,0.0
2009-10-02 00:00:00+08:00,12.247092247009277,12.812341690063477,12.209407806396484,12.228249549865723,2939228,0.0,0.0
2009-10-05 00:00:00+08:00,12.247092247009277,12.812341690063477,12.247092247009277,12.529717445373535,2793275,0.0,0.0
2009-10-06 00:00:00+08:00,12.529717445373535,12.868866920471191,12.529717445373535,12.642766952514648,2575141,0.0,0.0
2009-10-07 00:00:00+08:00,12.661608695983887,13.471800804138184,12.62392520904541,12.812341690063477,5440597,0.0,0.0
2009-10-08 00:00:00+08:00,12.963074684143066,13.170333862304688,12.661608695983887,12.661608695983887,3251302,0.0,0.0
2009-10-09 00:00:00+08:00,12.699292182922363,12.981917381286621,12.529717445373535,12.548558235168457,1899512,0.0,0.0
2009-10-12 00:00:00+08:00,13.00075912475586,13.170333862304688,12.736974716186523,12.831184387207031,3636618,0.0,0.0
2009-10-13 00:00:00+08:00,12.774659156799316,13.094966888427734,12.567399978637695,12.850025177001953,3045906,0.0,0.0
2009-10-14 00:00:00+08:00,13.00075912475586,13.735584259033203,12.868866920471191,13.735584259033203,11226175,0.0,0.0
2009-10-15 00:00:00+08:00,13.829792976379395,13.848633766174316,13.03844165802002,13.094966888427734,6077483,0.0,0.0
2009-10-16 00:00:00+08:00,13.283384323120117,13.415275573730469,13.094966888427734,13.094966888427734,2363908,0.0,0.0
2009-10-19 00:00:00+08:00,13.094966888427734,13.415275573730469,13.057284355163574,13.094966888427734,2086862,0.0,0.0
2009-10-20 00:00:00+08:00,13.321066856384277,13.321066856384277,12.906550407409668,12.944233894348145,2124545,0.0,0.0
2009-10-21 00:00:00+08:00,13.302226066589355,13.641375541687012,13.226859092712402,13.339908599853516,5408753,0.0,0.0
2009-10-22 00:00:00+08:00,13.490641593933105,13.547167778015137,13.189175605773926,13.226859092712402,3279431,0.0,0.0
2009-10-23 00:00:00+08:00,13.471800804138184,13.471800804138184,13.132651329040527,13.15149211883545,2250860,0.0,0.0
2009-10-26 00:00:00+08:00,13.170333862304688,13.566008567810059,13.170333862304688,13.24570083618164,7342232,0.0,0.0
2009-10-27 00:00:00+08:00,13.264541625976562,13.377592086791992,13.189175605773926,13.208017349243164,2033788,0.0,0.0
2009-10-28 00:00:00+08:00,13.226859092712402,13.283384323120117,12.906550407409668,12.906550407409668,1843784,0.0,0.0
2009-10-29 00:00:00+08:00,12.812341690063477,12.812341690063477,12.020991325378418,12.284774780273438,2617600,0.0,0.0
2009-10-30 00:00:00+08:00,12.435507774353027,12.567399978637695,12.284774780273438,12.303616523742676,1799202,0.0,0.0
2009-11-02 00:00:00+08:00,11.964466094970703,12.058674812316895,11.512266159057617,11.681840896606445,2482793,0.0,0.0
2009-11-03 00:00:00+08:00,11.681840896606445,11.776049613952637,11.38037395477295,11.399215698242188,2091108,0.0,0.0
2009-11-04 00:00:00+08:00,11.493424415588379,11.757207870483398,11.436899185180664,11.681840896606445,1338521,0.0,0.0
2009-11-05 00:00:00+08:00,11.493424415588379,12.15288257598877,11.493424415588379,11.889100074768066,2500307,0.0,0.0
2009-11-06 00:00:00+08:00,12.039833068847656,12.15288257598877,11.58763313293457,11.58763313293457,1272179,0.0,0.0
2009-11-09 00:00:00+08:00,11.681840896606445,11.870258331298828,11.58763313293457,11.681840896606445,952675,0.0,0.0
2009-11-10 00:00:00+08:00,11.757207870483398,12.058674812316895,11.681840896606445,11.813733100891113,1582661,0.0,0.0
2009-11-11 00:00:00+08:00,11.776049613952637,12.00214958190918,11.681840896606445,11.700682640075684,2208401,0.0,0.0
2009-11-12 00:00:00+08:00,11.776049613952637,12.51087474822998,11.719525337219238,12.51087474822998,4328701,0.0,0.0
2009-11-13 00:00:00+08:00,12.567399978637695,13.094966888427734,12.435507774353027,12.718133926391602,6240420,0.0,0.0
2009-11-16 00:00:00+08:00,12.774659156799316,12.850025177001953,12.529717445373535,12.548558235168457,2861209,0.0,0.0
2009-11-17 00:00:00+08:00,12.548558235168457,12.774659156799316,12.058674812316895,12.171725273132324,3552230,0.0,0.0
2009-11-18 00:00:00+08:00,12.36014175415039,12.36014175415039,12.171725273132324,12.209407806396484,1314638,0.0,0.0
2009-11-19 00:00:00+08:00,12.209407806396484,12.62392520904541,12.209407806396484,12.284774780273438,2103846,0.0,0.0
2009-11-20 00:00:00+08:00,12.284774780273438,12.36014175415039,12.134041786193848,12.134041786193848,1357628,0.0,0.0
2009-11-23 00:00:00+08:00,12.134041786193848,12.228249549865723,11.889100074768066,11.926782608032227,1120388,0.0,0.0
2009-11-24 00:00:00+08:00,11.964466094970703,12.247092247009277,11.964466094970703,12.077515602111816,1641573,0.0,0.0
2009-11-25 00:00:00+08:00,12.077515602111816,12.397825241088867,12.077515602111816,12.15288257598877,1309331,0.0,0.0
2009-11-26 00:00:00+08:00,12.247092247009277,12.605084419250488,12.15288257598877,12.284774780273438,2623969,0.0,0.0
2009-11-27 00:00:00+08:00,12.247092247009277,12.247092247009277,11.606473922729492,11.62531566619873,1920210,0.0,0.0
2009-11-30 00:00:00+08:00,11.757207870483398,12.077515602111816,11.757207870483398,11.889100074768066,1152763,0.0,0.0
2009-12-01 00:00:00+08:00,11.907940864562988,12.228249549865723,11.870258331298828,11.983307838439941,1860768,0.0,0.0
2009-12-02 00:00:00+08:00,12.096358299255371,12.529717445373535,12.00214958190918,12.00214958190918,2222200,0.0,0.0
2009-12-03 00:00:00+08:00,12.077515602111816,12.190567016601562,11.907940864562988,11.964466094970703,810437,0.0,0.0
2009-12-04 00:00:00+08:00,11.964466094970703,12.303616523742676,11.870258331298828,11.983307838439941,2201502,0.0,0.0
2009-12-07 00:00:00+08:00,12.00214958190918,12.322458267211914,11.983307838439941,12.096358299255371,2087924,0.0,0.0
2009-12-08 00:00:00+08:00,12.15288257598877,12.51087474822998,12.058674812316895,12.228249549865723,2387260,0.0,0.0
2009-12-09 00:00:00+08:00,12.228249549865723,12.62392520904541,12.15288257598877,12.378982543945312,2784252,0.0,0.0
2009-12-10 00:00:00+08:00,12.51087474822998,13.189175605773926,12.435507774353027,12.435507774353027,6201145,0.0,0.0
2009-12-11 00:00:00+08:00,13.094966888427734,13.170333862304688,12.62392520904541,12.812341690063477,4562225,0.0,0.0
2009-12-14 00:00:00+08:00,12.906550407409668,13.132651329040527,12.718133926391602,12.774659156799316,2742855,0.0,0.0
2009-12-15 00:00:00+08:00,12.88770866394043,13.00075912475586,12.718133926391602,12.718133926391602,3489073,0.0,0.0
2009-12-16 00:00:00+08:00,12.812341690063477,13.189175605773926,12.718133926391602,12.906550407409668,4500660,0.0,0.0
2009-12-17 00:00:00+08:00,13.00075912475586,13.170333862304688,12.642766952514648,12.661608695983887,4457139,0.0,0.0
2009-12-18 00:00:00+08:00,12.718133926391602,13.547167778015137,12.718133926391602,13.547167778015137,11141787,0.0,0.0
2009-12-21 00:00:00+08:00,14.018210411071777,14.489252090454102,13.77326774597168,14.489252090454102,18036077,0.0,0.0
2009-12-22 00:00:00+08:00,14.526934623718262,14.583459854125977,13.622533798217773,13.77326774597168,9118082,0.0,0.0
2009-12-23 00:00:00+08:00,13.77326774597168,14.0370512008667,13.584851264953613,13.622533798217773,4568594,0.0,0.0
2009-12-24 00:00:00+08:00,13.792108535766602,14.338518142700195,13.660218238830566,13.660218238830566,5232548,0.0,0.0
2009-12-25 00:00:00+08:00,13.716743469238281,14.43272590637207,13.716743469238281,14.28199291229248,8336305,0.0,0.0
2009-12-28 00:00:00+08:00,14.828401565551758,14.884926795959473,14.508092880249023,14.545777320861816,11808394,0.0,0.0
2009-12-29 00:00:00+08:00,14.602301597595215,14.960293769836426,14.545777320861816,14.639985084533691,5809460,0.0,0.0
2009-12-30 00:00:00+08:00,14.65882682800293,14.92261028289795,14.639985084533691,14.639985084533691,4809549,0.0,0.0
2009-12-31 00:00:00+08:00,14.847243309020996,15.582069396972656,14.80955982208252,15.431336402893066,9139312,0.0,0.0
2010-01-04 00:00:00+08:00,15.638593673706055,16.01542854309082,15.073344230651855,15.224077224731445,6590707,0.0,0.0
2010-01-05 00:00:00+08:00,15.261759757995605,15.450177192687988,14.300834655761719,14.508092880249023,6065276,0.0,0.0
2010-01-06 00:00:00+08:00,14.508092880249023,14.696510314941406,14.225467681884766,14.24431037902832,4241129,0.0,0.0
2010-01-07 00:00:00+08:00,14.24431037902832,14.734192848205566,14.13125991821289,14.24431037902832,5031929,0.0,0.0
2010-01-08 00:00:00+08:00,14.319676399230957,14.65882682800293,14.150100708007812,14.187785148620605,2082616,0.0,0.0
2010-01-11 00:00:00+08:00,14.187785148620605,14.319676399230957,13.660218238830566,14.225467681884766,4554264,0.0,0.0
2010-01-12 00:00:00+08:00,14.24431037902832,14.602301597595215,14.055892944335938,14.338518142700195,4423703,0.0,0.0
2010-01-13 00:00:00+08:00,14.300834655761719,14.489252090454102,14.112418174743652,14.13125991821289,2613355,0.0,0.0
2010-01-14 00:00:00+08:00,14.413885116577148,14.734192848205566,14.338518142700195,14.338518142700195,4172663,0.0,0.0
2010-01-15 00:00:00+08:00,14.583459854125977,14.677667617797852,14.357359886169434,14.357359886169434,4265012,0.0,0.0
2010-01-18 00:00:00+08:00,14.263151168823242,15.355969429016113,14.263151168823242,15.355969429016113,11718700,0.0,0.0
2010-01-19 00:00:00+08:00,15.525544166564941,16.279211044311523,15.073344230651855,15.073344230651855,14981148,0.0,0.0
2010-01-20 00:00:00+08:00,15.242918968200684,15.355969429016113,14.621143341064453,14.621143341064453,4863154,0.0,0.0
2010-01-21 00:00:00+08:00,14.621143341064453,14.979134559631348,14.43272590637207,14.508092880249023,3882880,0.0,0.0
2010-01-22 00:00:00+08:00,14.13125991821289,14.376200675964355,14.0370512008667,14.055892944335938,3290577,0.0,0.0
2010-01-25 00:00:00+08:00,13.867476463317871,14.43272590637207,13.792108535766602,13.961684226989746,3060236,0.0,0.0
2010-01-26 00:00:00+08:00,14.0370512008667,14.206625938415527,13.00075912475586,13.00075912475586,3805393,0.0,0.0
2010-01-27 00:00:00+08:00,12.963074684143066,13.113808631896973,12.435507774353027,12.435507774353027,2175496,0.0,0.0
2010-01-28 00:00:00+08:00,12.529717445373535,13.283384323120117,12.529717445373535,13.226859092712402,1939317,0.0,0.0
2010-01-29 00:00:00+08:00,13.00075912475586,13.113808631896973,12.812341690063477,12.831184387207031,1597522,0.0,0.0
2010-02-01 00:00:00+08:00,12.906550407409668,13.094966888427734,12.736974716186523,12.755817413330078,890578,0.0,0.0
2010-02-02 00:00:00+08:00,13.057284355163574,13.226859092712402,12.661608695983887,12.755817413330078,3171691,0.0,0.0
2010-02-03 00:00:00+08:00,12.868866920471191,13.00075912475586,12.755817413330078,12.812341690063477,1274302,0.0,0.0
2010-02-04 00:00:00+08:00,12.831184387207031,13.076126098632812,12.812341690063477,12.850025177001953,961166,0.0,0.0
2010-02-05 00:00:00+08:00,12.36014175415039,12.435507774353027,11.964466094970703,11.964466094970703,1702608,0.0,0.0
2010-02-08 00:00:00+08:00,11.286166191101074,11.436899185180664,10.928174018859863,11.305007934570312,2158512,0.0,0.0
2010-02-09 00:00:00+08:00,11.323848724365234,11.719525337219238,11.210799217224121,11.681840896606445,1751436,0.0,0.0
2010-02-10 00:00:00+08:00,12.00214958190918,12.039833068847656,11.73836612701416,11.813733100891113,1206368,0.0,0.0
2010-02-22 00:00:00+08:00,12.209407806396484,12.529717445373535,12.058674812316895,12.397825241088867,1596460,0.0,0.0
2010-02-23 00:00:00+08:00,12.586241722106934,12.699292182922363,12.397825241088867,12.548558235168457,1314638,0.0,0.0
2010-02-24 00:00:00+08:00,12.548558235168457,13.189175605773926,12.435507774353027,13.15149211883545,3123925,0.0,0.0
2010-02-25 00:00:00+08:00,13.189175605773926,13.283384323120117,12.718133926391602,12.755817413330078,2340555,0.0,0.0
2010-02-26 00:00:00+08:00,12.812341690063477,12.906550407409668,12.586241722106934,12.62392520904541,1896858,0.0,0.0
2010-03-01 00:00:00+08:00,12.642766952514648,12.981917381286621,12.642766952514648,12.906550407409668,1363997,0.0,0.0
2010-03-02 00:00:00+08:00,13.094966888427734,13.132651329040527,12.736974716186523,12.774659156799316,1321538,0.0,0.0
2010-03-03 00:00:00+08:00,12.793499946594238,13.339908599853516,12.793499946594238,13.208017349243164,4788320,0.0,0.0
2010-03-04 00:00:00+08:00,13.283384323120117,13.50948429107666,13.00075912475586,13.00075912475586,2247145,0.0,0.0
2010-03-05 00:00:00+08:00,13.189175605773926,13.264541625976562,13.094966888427734,13.15149211883545,1321007,0.0,0.0
2010-03-08 00:00:00+08:00,13.377592086791992,13.377592086791992,13.132651329040527,13.170333862304688,1695177,0.0,0.0
2010-03-09 00:00:00+08:00,13.283384323120117,13.339908599853516,13.170333862304688,13.170333862304688,1399556,0.0,0.0
2010-03-10 00:00:00+08:00,13.302226066589355,13.660218238830566,13.189175605773926,13.377592086791992,3673770,0.0,0.0
2010-03-11 00:00:00+08:00,13.471800804138184,13.641375541687012,13.339908599853516,13.339908599853516,1171870,0.0,0.0
2010-03-12 00:00:00+08:00,13.452959060668945,13.547167778015137,13.321066856384277,13.35875129699707,1478636,0.0,0.0
2010-03-15 00:00:00+08:00,13.377592086791992,13.434117317199707,13.094966888427734,13.094966888427734,1276956,0.0,0.0
2010-03-16 00:00:00+08:00,13.057284355163574,13.471800804138184,13.057284355163574,13.264541625976562,1798671,0.0,0.0
2010-03-17 00:00:00+08:00,13.339908599853516,13.961684226989746,13.339908599853516,13.754426002502441,4399289,0.0,0.0
2010-03-18 00:00:00+08:00,13.942843437194824,14.168943405151367,13.792108535766602,13.810951232910156,3755503,0.0,0.0
2010-03-19 00:00:00+08:00,13.905158996582031,14.24431037902832,13.735584259033203,14.093576431274414,5161429,0.0,0.0
2010-03-22 00:00:00+08:00,14.093576431274414,14.093576431274414,14.093576431274414,14.093576431274414,0,0.0,0.0
2010-03-23 00:00:00+08:00,14.77187728881836,15.035659790039062,14.150100708007812,14.526934623718262,4639713,0.0,0.0
2010-03-24 00:00:00+08:00,14.696510314941406,14.80955982208252,14.338518142700195,14.357359886169434,3272001,0.0,0.0
2010-03-25 00:00:00+08:00,14.187785148620605,14.790718078613281,14.0370512008667,14.583459854125977,9289511,0.0,0.0
2010-03-26 00:00:00+08:00,14.696510314941406,14.734192848205566,14.470410346984863,14.470410346984863,2500838,0.0,0.0
2010-03-29 00:00:00+08:00,14.489252090454102,14.583459854125977,14.150100708007812,14.150100708007812,2530029,0.0,0.0
2010-03-30 00:00:00+08:00,14.168943405151367,14.357359886169434,14.150100708007812,14.225467681884766,2209993,0.0,0.0
2010-03-31 00:00:00+08:00,14.225467681884766,14.300834655761719,13.942843437194824,13.980525970458984,1852807,0.0,0.0
2010-04-01 00:00:00+08:00,14.0370512008667,14.263151168823242,13.961684226989746,13.961684226989746,1727022,0.0,0.0
2010-04-02 00:00:00+08:00,14.0370512008667,14.074734687805176,13.829792976379395,13.848633766174316,1770012,0.0,0.0
2010-04-06 00:00:00+08:00,13.92400074005127,14.112418174743652,13.810951232910156,13.829792976379395,2164350,0.0,0.0
2010-04-07 00:00:00+08:00,13.848633766174316,13.980525970458984,13.810951232910156,13.848633766174316,1272179,0.0,0.0
2010-04-08 00:00:00+08:00,13.961684226989746,14.093576431274414,13.829792976379395,13.867476463317871,1762581,0.0,0.0
2010-04-09 00:00:00+08:00,13.88631820678711,14.0370512008667,13.848633766174316,13.867476463317871,1317823,0.0,0.0
2010-04-12 00:00:00+08:00,14.0370512008667,14.508092880249023,14.0370512008667,14.338518142700195,3656786,0.0,0.0
2010-04-13 00:00:00+08:00,14.338518142700195,14.470410346984863,13.999367713928223,14.0370512008667,3086773,0.0,0.0
2010-04-14 00:00:00+08:00,14.225467681884766,15.01681900024414,14.093576431274414,14.847243309020996,5699597,0.0,0.0
2010-04-15 00:00:00+08:00,15.073344230651855,15.12986946105957,14.545777320861816,14.65882682800293,6287655,0.0,0.0
2010-04-16 00:00:00+08:00,14.65882682800293,14.997977256774902,14.564618110656738,14.734192848205566,5507470,0.0,0.0
2010-04-19 00:00:00+08:00,14.65882682800293,14.696510314941406,13.716743469238281,13.792108535766602,3875981,0.0,0.0
2010-04-20 00:00:00+08:00,13.980525970458984,14.168943405151367,13.942843437194824,14.0370512008667,1738167,0.0,0.0
2010-04-21 00:00:00+08:00,14.13125991821289,14.376200675964355,14.13125991821289,14.319676399230957,2560811,0.0,0.0
2010-04-22 00:00:00+08:00,14.319676399230957,15.261759757995605,14.225467681884766,15.16755199432373,9707732,0.0,0.0
2010-04-23 00:00:00+08:00,15.355969429016113,16.20384407043457,15.20523452758789,15.261759757995605,15929577,0.0,0.0
2010-04-26 00:00:00+08:00,15.355969429016113,15.713960647583008,14.884926795959473,14.92261028289795,5902339,0.0,0.0
2010-04-27 00:00:00+08:00,14.941452026367188,15.337126731872559,14.92261028289795,14.941452026367188,3333036,0.0,0.0
2010-04-28 00:00:00+08:00,14.526934623718262,15.224077224731445,14.526934623718262,14.941452026367188,3819192,0.0,0.0
2010-04-29 00:00:00+08:00,14.997977256774902,15.31828498840332,14.941452026367188,15.0545015335083,3571337,0.0,0.0
2010-04-30 00:00:00+08:00,15.092185020446777,15.224077224731445,14.338518142700195,14.413885116577148,3996989,0.0,0.0
2010-05-03 00:00:00+08:00,14.13125991821289,14.319676399230957,13.942843437194824,14.055892944335938,2096416,0.0,0.0
2010-05-04 00:00:00+08:00,14.13125991821289,14.357359886169434,13.980525970458984,14.24431037902832,3252363,0.0,0.0
2010-05-05 00:00:00+08:00,13.942843437194824,14.0370512008667,13.377592086791992,13.50948429107666,2850064,0.0,0.0
2010-05-06 00:00:00+08:00,13.39643383026123,13.697900772094727,13.377592086791992,13.471800804138184,5085002,0.0,0.0
2010-05-07 00:00:00+08:00,12.548558235168457,13.566008567810059,12.548558235168457,13.339908599853516,6727637,0.0,0.0
2010-05-10 00:00:00+08:00,13.339908599853516,13.622533798217773,13.24570083618164,13.50948429107666,4055901,0.0,0.0
2010-05-11 00:00:00+08:00,13.697900772094727,14.263151168823242,13.603693008422852,13.810951232910156,4958156,0.0,0.0
2010-05-12 00:00:00+08:00,14.13125991821289,14.13125991821289,13.716743469238281,13.754426002502441,1935602,0.0,0.0
2010-05-13 00:00:00+08:00,13.92400074005127,14.28199291229248,13.905158996582031,13.92400074005127,2496592,0.0,0.0
2010-05-14 00:00:00+08:00,13.848633766174316,14.0370512008667,13.829792976379395,13.92400074005127,1900042,0.0,0.0
2010-05-17 00:00:00+08:00,13.848633766174316,14.24431037902832,13.754426002502441,13.961684226989746,4297918,0.0,0.0
2010-05-18 00:00:00+08:00,14.13125991821289,14.489252090454102,13.88631820678711,14.319676399230957,4350992,0.0,0.0
2010-05-19 00:00:00+08:00,14.300834655761719,14.508092880249023,14.074734687805176,14.150100708007812,3620165,0.0,0.0
2010-05-20 00:00:00+08:00,14.263151168823242,14.263151168823242,13.490641593933105,13.50948429107666,3136662,0.0,0.0
2010-05-21 00:00:00+08:00,12.642766952514648,12.981917381286621,12.642766952514648,12.755817413330078,2062448,0.0,0.0
2010-05-24 00:00:00+08:00,12.981917381286621,13.566008567810059,12.850025177001953,13.528326034545898,1905350,0.0,0.0
2010-05-25 00:00:00+08:00,13.528326034545898,13.528326034545898,12.586241722106934,13.434117317199707,3008755,0.0,0.0
2010-05-26 00:00:00+08:00,13.377592086791992,13.50948429107666,13.057284355163574,13.226859092712402,2410613,0.0,0.0
2010-05-27 00:00:00+08:00,13.189175605773926,13.377592086791992,13.094966888427734,13.24570083618164,1914372,0.0,0.0
2010-05-28 00:00:00+08:00,13.471800804138184,13.566008567810059,13.113808631896973,13.113808631896973,2819812,0.0,0.0
2010-05-31 00:00:00+08:00,13.189175605773926,13.302226066589355,13.057284355163574,13.076126098632812,1435646,0.0,0.0
2010-06-01 00:00:00+08:00,13.076126098632812,13.566008567810059,13.00075912475586,13.00075912475586,2763553,0.0,0.0
2010-06-02 00:00:00+08:00,13.00075912475586,13.057284355163574,12.435507774353027,12.47319221496582,1995575,0.0,0.0
2010-06-03 00:00:00+08:00,12.718133926391602,12.88770866394043,12.642766952514648,12.680450439453125,1261564,0.0,0.0
2010-06-04 00:00:00+08:00,12.680450439453125,12.88770866394043,12.680450439453125,12.680450439453125,1025386,0.0,0.0
2010-06-07 00:00:00+08:00,12.077515602111816,12.416666984558105,12.077515602111816,12.171725273132324,1236089,0.0,0.0
2010-06-08 00:00:00+08:00,12.15288257598877,12.36014175415039,12.15288257598877,12.171725273132324,722865,0.0,0.0
2010-06-09 00:00:00+08:00,12.209407806396484,12.416666984558105,11.418058395385742,11.606473922729492,1621936,0.0,0.0
2010-06-10 00:00:00+08:00,11.681840896606445,11.907940864562988,11.681840896606445,11.73836612701416,644316,0.0,0.0
2010-06-11 00:00:00+08:00,11.964466094970703,12.134041786193848,11.926782608032227,11.964466094970703,969658,0.0,0.0
2010-06-14 00:00:00+08:00,12.077515602111816,12.134041786193848,11.926782608032227,11.926782608032227,850773,0.0,0.0
2010-06-15 00:00:00+08:00,11.926782608032227,12.171725273132324,11.926782608032227,12.077515602111816,757894,0.0,0.0
2010-06-17 00:00:00+08:00,12.15288257598877,12.2659330368042,12.00214958190918,12.00214958190918,812029,0.0,0.0
2010-06-18 00:00:00+08:00,12.058674812316895,12.11520004272461,11.870258331298828,11.964466094970703,814683,0.0,0.0
2010-06-21 00:00:00+08:00,12.020991325378418,12.284774780273438,12.020991325378418,12.190567016601562,1055638,0.0,0.0
2010-06-22 00:00:00+08:00,12.190567016601562,12.284774780273438,12.096358299255371,12.190567016601562,637947,0.0,0.0
2010-06-23 00:00:00+08:00,12.190567016601562,13.00075912475586,12.15288257598877,13.00075912475586,2450949,0.0,0.0
2010-06-24 00:00:00+08:00,13.170333862304688,13.189175605773926,12.642766952514648,12.642766952514648,1403271,0.0,0.0
2010-06-25 00:00:00+08:00,12.62392520904541,12.868866920471191,12.47319221496582,12.548558235168457,954267,0.0,0.0
2010-06-28 00:00:00+08:00,12.548558235168457,12.548558235168457,12.548558235168457,12.548558235168457,0,0.0,0.0
2010-06-29 00:00:00+08:00,12.548558235168457,12.755817413330078,12.36014175415039,12.378982543945312,790269,0.0,0.0
2010-06-30 00:00:00+08:00,12.058674812316895,12.190567016601562,11.945625305175781,12.077515602111816,763201,0.0,0.0
2010-07-01 00:00:00+08:00,12.077515602111816,12.209407806396484,12.00214958190918,12.058674812316895,379477,0.0,0.0
2010-07-02 00:00:00+08:00,12.058674812316895,12.228249549865723,12.020991325378418,12.020991325378418,609287,0.0,0.0
2010-07-05 00:00:00+08:00,12.171725273132324,12.322458267211914,12.058674812316895,12.15288257598877,769039,0.0,0.0
2010-07-06 00:00:00+08:00,12.228249549865723,12.397825241088867,12.096358299255371,12.2659330368042,926138,0.0,0.0
2010-07-07 00:00:00+08:00,12.341300010681152,12.88770866394043,12.322458267211914,12.605084419250488,1742944,0.0,0.0
2010-07-08 00:00:00+08:00,12.906550407409668,12.944233894348145,12.435507774353027,12.435507774353027,897478,0.0,0.0
2010-07-09 00:00:00+08:00,12.435507774353027,12.62392520904541,12.397825241088867,12.397825241088867,873595,0.0,0.0
2010-07-12 00:00:00+08:00,12.416666984558105,12.548558235168457,12.341300010681152,12.341300010681152,912339,0.0,0.0
2010-07-13 00:00:00+08:00,12.397825241088867,12.548558235168457,12.228249549865723,12.247092247009277,1116142,0.0,0.0
2010-07-14 00:00:00+08:00,12.341300010681152,12.47319221496582,12.247092247009277,12.2659330368042,1212206,0.0,0.0
2010-07-15 00:00:00+08:00,12.284774780273438,12.51087474822998,12.284774780273438,12.435507774353027,1156478,0.0,0.0
2010-07-16 00:00:00+08:00,12.435507774353027,12.47319221496582,12.209407806396484,12.2659330368042,1232904,0.0,0.0
2010-07-19 00:00:00+08:00,12.15288257598877,12.303616523742676,12.15288257598877,12.190567016601562,579035,0.0,0.0
2010-07-20 00:00:00+08:00,12.190567016601562,12.812341690063477,12.190567016601562,12.812341690063477,2479078,0.0,0.0
2010-07-21 00:00:00+08:00,12.906550407409668,12.906550407409668,12.47319221496582,12.548558235168457,1436177,0.0,0.0
2010-07-22 00:00:00+08:00,12.548558235168457,12.736974716186523,12.492033004760742,12.529717445373535,778062,0.0,0.0
2010-07-23 00:00:00+08:00,12.661608695983887,12.680450439453125,12.492033004760742,12.492033004760742,1040246,0.0,0.0
2010-07-26 00:00:00+08:00,12.529717445373535,12.605084419250488,12.435507774353027,12.435507774353027,868287,0.0,0.0
2010-07-27 00:00:00+08:00,12.435507774353027,12.586241722106934,12.341300010681152,12.435507774353027,679875,0.0,0.0
2010-07-28 00:00:00+08:00,12.548558235168457,12.548558235168457,12.378982543945312,12.454350471496582,744095,0.0,0.0
2010-07-29 00:00:00+08:00,12.529717445373535,12.567399978637695,12.435507774353027,12.548558235168457,817867,0.0,0.0
2010-07-30 00:00:00+08:00,12.586241722106934,12.661608695983887,12.548558235168457,12.642766952514648,1054046,0.0,0.0
2010-08-02 00:00:00+08:00,12.755817413330078,13.50948429107666,12.718133926391602,13.50948429107666,5606718,0.0,0.0
2010-08-03 00:00:00+08:00,14.451567649841309,14.451567649841309,14.13125991821289,14.451567649841309,5569036,0.0,0.0
2010-08-04 00:00:00+08:00,14.941452026367188,15.242918968200684,14.319676399230957,14.696510314941406,12903838,0.0,0.0
2010-08-05 00:00:00+08:00,15.0545015335083,15.186393737792969,14.639985084533691,14.734192848205566,8299153,0.0,0.0
2010-08-06 00:00:00+08:00,14.715352058410645,14.941452026367188,14.43272590637207,14.621143341064453,4747453,0.0,0.0
2010-08-09 00:00:00+08:00,14.884926795959473,15.600911140441895,14.413885116577148,15.431336402893066,11106228,0.0,0.0
2010-08-10 00:00:00+08:00,15.355969429016113,15.355969429016113,14.376200675964355,14.43272590637207,6000526,0.0,0.0
2010-08-11 00:00:00+08:00,14.168943405151367,14.470410346984863,13.848633766174316,13.905158996582031,3180714,0.0,0.0
2010-08-12 00:00:00+08:00,13.754426002502441,14.300834655761719,13.754426002502441,14.13125991821289,1624058,0.0,0.0
2010-08-13 00:00:00+08:00,14.300834655761719,14.470410346984863,13.189175605773926,13.848633766174316,4153557,0.0,0.0
2010-08-16 00:00:00+08:00,13.716743469238281,13.905158996582031,13.566008567810059,13.679059028625488,2017866,0.0,0.0
2010-08-17 00:00:00+08:00,13.679059028625488,14.055892944335938,13.660218238830566,13.679059028625488,2319326,0.0,0.0
2010-08-18 00:00:00+08:00,13.754426002502441,14.24431037902832,13.697900772094727,14.13125991821289,3843606,0.0,0.0
2010-08-19 00:00:00+08:00,14.13125991821289,14.263151168823242,13.77326774597168,13.942843437194824,2119768,0.0,0.0
2010-08-20 00:00:00+08:00,13.77326774597168,14.074734687805176,13.679059028625488,13.848633766174316,1659087,0.0,0.0
2010-08-23 00:00:00+08:00,13.754426002502441,13.942843437194824,13.660218238830566,13.660218238830566,1567269,0.0,0.0
2010-08-24 00:00:00+08:00,13.660218238830566,13.754426002502441,13.622533798217773,13.622533798217773,1064130,0.0,0.0
2010-08-25 00:00:00+08:00,13.622533798217773,13.697900772094727,13.283384323120117,13.302226066589355,1636796,0.0,0.0
2010-08-26 00:00:00+08:00,13.302226066589355,13.547167778015137,12.62392520904541,12.736974716186523,2403182,0.0,0.0
2010-08-27 00:00:00+08:00,12.755817413330078,13.264541625976562,12.718133926391602,13.094966888427734,1401679,0.0,0.0
2010-08-30 00:00:00+08:00,13.189175605773926,13.302226066589355,12.925392150878906,12.925392150878906,1026447,0.0,0.0
2010-08-31 00:00:00+08:00,12.906550407409668,12.906550407409668,12.247092247009277,12.397825241088867,1316230,0.0,0.0
2010-09-01 00:00:00+08:00,12.62392520904541,12.718133926391602,12.47319221496582,12.586241722106934,611941,0.0,0.0
2010-09-02 00:00:00+08:00,12.62392520904541,12.831184387207031,12.435507774353027,12.529717445373535,1251480,0.0,0.0
2010-09-03 00:00:00+08:00,12.548558235168457,13.00075912475586,12.529717445373535,12.850025177001953,1103935,0.0,0.0
2010-09-06 00:00:00+08:00,12.850025177001953,13.019599914550781,12.774659156799316,12.774659156799316,809375,0.0,0.0
2010-09-07 00:00:00+08:00,12.868866920471191,12.963074684143066,12.718133926391602,12.718133926391602,765855,0.0,0.0
2010-09-08 00:00:00+08:00,12.718133926391602,12.88770866394043,12.47319221496582,12.548558235168457,1069437,0.0,0.0
2010-09-09 00:00:00+08:00,12.736974716186523,12.736974716186523,12.567399978637695,12.586241722106934,507916,0.0,0.0
2010-09-10 00:00:00+08:00,12.736974716186523,12.736974716186523,12.51087474822998,12.567399978637695,841220,0.0,0.0
2010-09-13 00:00:00+08:00,12.718133926391602,12.868866920471191,12.548558235168457,12.642766952514648,996726,0.0,0.0
2010-09-14 00:00:00+08:00,12.699292182922363,12.793499946594238,12.62392520904541,12.718133926391602,710658,0.0,0.0
2010-09-15 00:00:00+08:00,12.718133926391602,12.793499946594238,12.642766952514648,12.642766952514648,785492,0.0,0.0
2010-09-16 00:00:00+08:00,12.661608695983887,12.774659156799316,12.605084419250488,12.642766952514648,596019,0.0,0.0
2010-09-17 00:00:00+08:00,12.680450439453125,12.755817413330078,12.642766952514648,12.680450439453125,677221,0.0,0.0
2010-09-20 00:00:00+08:00,12.812341690063477,12.831184387207031,12.661608695983887,12.661608695983887,648031,0.0,0.0
2010-09-21 00:00:00+08:00,12.793499946594238,12.963074684143066,12.680450439453125,12.755817413330078,1277486,0.0,0.0
2010-09-23 00:00:00+08:00,12.868866920471191,12.868866920471191,12.774659156799316,12.812341690063477,812029,0.0,0.0
2010-09-24 00:00:00+08:00,12.812341690063477,12.963074684143066,12.699292182922363,12.736974716186523,756832,0.0,0.0
2010-09-27 00:00:00+08:00,12.755817413330078,12.88770866394043,12.642766952514648,12.642766952514648,850773,0.0,0.0
2010-09-28 00:00:00+08:00,12.642766952514648,12.718133926391602,12.548558235168457,12.567399978637695,994072,0.0,0.0
2010-09-29 00:00:00+08:00,12.680450439453125,12.755817413330078,12.605084419250488,12.642766952514648,796107,0.0,0.0
2010-09-30 00:00:00+08:00,12.642766952514648,12.755817413330078,12.62392520904541,12.680450439453125,494117,0.0,0.0
2010-10-01 00:00:00+08:00,12.718133926391602,12.718133926391602,12.586241722106934,12.605084419250488,728703,0.0,0.0
2010-10-04 00:00:00+08:00,12.605084419250488,12.680450439453125,12.51087474822998,12.51087474822998,1042900,0.0,0.0
2010-10-05 00:00:00+08:00,12.47319221496582,12.605084419250488,12.435507774353027,12.454350471496582,690490,0.0,0.0
2010-10-06 00:00:00+08:00,12.605084419250488,12.605084419250488,12.378982543945312,12.378982543945312,1071029,0.0,0.0
2010-10-07 00:00:00+08:00,12.416666984558105,12.435507774353027,12.2659330368042,12.284774780273438,772754,0.0,0.0
2010-10-08 00:00:00+08:00,12.247092247009277,12.47319221496582,12.171725273132324,12.2659330368042,1168154,0.0,0.0
2010-10-11 00:00:00+08:00,12.341300010681152,12.341300010681152,12.077515602111816,12.077515602111816,683060,0.0,0.0
2010-10-12 00:00:00+08:00,12.077515602111816,12.171725273132324,11.926782608032227,11.926782608032227,676691,0.0,0.0
2010-10-13 00:00:00+08:00,11.983307838439941,12.11520004272461,11.719525337219238,11.832574844360352,667137,0.0,0.0
2010-10-14 00:00:00+08:00,11.889100074768066,11.926782608032227,11.776049613952637,11.832574844360352,1007341,0.0,0.0
2010-10-15 00:00:00+08:00,11.832574844360352,11.870258331298828,11.323848724365234,11.436899185180664,1477575,0.0,0.0
2010-10-18 00:00:00+08:00,11.493424415588379,11.493424415588379,10.833966255187988,10.890490531921387,1463245,0.0,0.0
2010-10-19 00:00:00+08:00,11.022381782531738,11.248482704162598,10.928174018859863,11.154273986816406,869349,0.0,0.0
2010-10-20 00:00:00+08:00,11.116591453552246,11.62531566619873,11.078907012939453,11.606473922729492,1205306,0.0,0.0
2010-10-21 00:00:00+08:00,11.606473922729492,11.73836612701416,11.493424415588379,11.512266159057617,599734,0.0,0.0
2010-10-22 00:00:00+08:00,11.531107902526855,11.644158363342285,11.493424415588379,11.531107902526855,475010,0.0,0.0
2010-10-25 00:00:00+08:00,11.493424415588379,11.644158363342285,11.305007934570312,11.455740928649902,380539,0.0,0.0
2010-10-26 00:00:00+08:00,11.399215698242188,11.493424415588379,11.286166191101074,11.305007934570312,730295,0.0,0.0
2010-10-27 00:00:00+08:00,11.38037395477295,11.399215698242188,11.173115730285645,11.210799217224121,662892,0.0,0.0
2010-10-28 00:00:00+08:00,11.210799217224121,11.455740928649902,11.116591453552246,11.305007934570312,518000,0.0,0.0
2010-10-29 00:00:00+08:00,11.418058395385742,11.418058395385742,11.22964096069336,11.267324447631836,319504,0.0,0.0
2010-11-01 00:00:00+08:00,11.267324447631836,11.267324447631836,10.758599281311035,10.796281814575195,1433523,0.0,0.0
2010-11-02 00:00:00+08:00,10.796281814575195,10.796281814575195,10.042614936828613,10.155665397644043,1617159,0.0,0.0
2010-11-03 00:00:00+08:00,10.193347930908203,10.193347930908203,9.45852279663086,9.45852279663086,2475893,0.0,0.0
2010-11-04 00:00:00+08:00,9.45852279663086,9.741147994995117,9.45852279663086,9.590415000915527,684121,0.0,0.0
2010-11-05 00:00:00+08:00,9.703465461730957,9.835356712341309,9.60925579071045,9.60925579071045,454311,0.0,0.0
2010-11-08 00:00:00+08:00,9.703465461730957,9.759989738464355,9.4208402633667,9.515048027038574,398,0.0,0.0
2010-11-09 00:00:00+08:00,9.515048027038574,9.60925579071045,9.439681053161621,9.533889770507812,488809,0.0,0.0
2010-11-10 00:00:00+08:00,9.590415000915527,9.590415000915527,9.477364540100098,9.496206283569336,390623,0.0,0.0
2010-11-11 00:00:00+08:00,9.496206283569336,9.797673225402832,9.439681053161621,9.590415000915527,674037,0.0,0.0
2010-11-12 00:00:00+08:00,9.703465461730957,9.81651496887207,9.590415000915527,9.628097534179688,607164,0.0,0.0
2010-11-15 00:00:00+08:00,9.590415000915527,9.646940231323242,8.968639373779297,9.138214111328125,1397964,0.0,0.0
2010-11-16 00:00:00+08:00,9.119373321533203,9.439681053161621,9.119373321533203,9.383155822753906,573197,0.0,0.0
2010-11-17 00:00:00+08:00,9.383155822753906,9.4208402633667,9.232422828674316,9.4208402633667,408137,0.0,0.0
2010-11-18 00:00:00+08:00,9.4208402633667,9.552730560302734,9.383155822753906,9.383155822753906,342326,0.0,0.0
2010-11-19 00:00:00+08:00,9.60925579071045,9.60925579071045,9.4208402633667,9.477364540100098,389561,0.0,0.0
2010-11-22 00:00:00+08:00,9.515048027038574,9.533889770507812,9.4208402633667,9.477364540100098,289783,0.0,0.0
2010-11-23 00:00:00+08:00,9.515048027038574,9.571573257446289,9.401997566223145,9.45852279663086,316319,0.0,0.0
2010-11-24 00:00:00+08:00,9.08168888092041,9.552730560302734,9.08168888092041,9.251263618469238,455904,0.0,0.0
2010-11-25 00:00:00+08:00,9.364315032958984,9.383155822753906,9.232422828674316,9.326630592346191,347633,0.0,0.0
2010-11-26 00:00:00+08:00,9.326630592346191,9.364315032958984,9.213581085205078,9.270106315612793,289783,0.0,0.0
2010-11-29 00:00:00+08:00,9.4208402633667,9.552730560302734,9.364315032958984,9.383155822753906,299867,0.0,0.0
2010-11-30 00:00:00+08:00,9.4208402633667,9.552730560302734,9.364315032958984,9.4208402633667,282352,0.0,0.0
2010-12-01 00:00:00+08:00,9.326630592346191,9.533889770507812,9.326630592346191,9.533889770507812,447412,0.0,0.0
2010-12-02 00:00:00+08:00,9.533889770507812,9.628097534179688,9.533889770507812,9.60925579071045,576381,0.0,0.0
2010-12-03 00:00:00+08:00,9.665781021118164,9.759989738464355,9.533889770507812,9.60925579071045,388500,0.0,0.0
2010-12-06 00:00:00+08:00,9.628097534179688,9.703465461730957,9.628097534179688,9.684622764587402,331711,0.0,0.0
2010-12-07 00:00:00+08:00,9.684622764587402,9.873040199279785,9.533889770507812,9.854198455810547,469703,0.0,0.0
2010-12-08 00:00:00+08:00,9.948407173156738,10.532499313354492,9.854198455810547,10.532499313354492,1729675,0.0,0.0
2010-12-09 00:00:00+08:00,10.720915794372559,11.267324447631836,10.720915794372559,11.267324447631836,3481112,0.0,0.0
2010-12-10 00:00:00+08:00,11.493424415588379,12.039833068847656,11.399215698242188,11.813733100891113,5796722,0.0,0.0
2010-12-13 00:00:00+08:00,12.435507774353027,12.435507774353027,11.681840896606445,11.870258331298828,2157981,0.0,0.0
2010-12-14 00:00:00+08:00,11.870258331298828,11.907940864562988,11.22964096069336,11.870258331298828,2274744,0.0,0.0
2010-12-15 00:00:00+08:00,11.776049613952637,11.851415634155273,11.267324447631836,11.361533164978027,1110835,0.0,0.0
2010-12-16 00:00:00+08:00,11.323848724365234,11.493424415588379,11.267324447631836,11.286166191101074,697920,0.0,0.0
2010-12-17 00:00:00+08:00,11.305007934570312,11.47458267211914,11.210799217224121,11.38037395477295,648562,0.0,0.0
2010-12-20 00:00:00+08:00,11.38037395477295,11.47458267211914,11.210799217224121,11.22964096069336,443697,0.0,0.0
2010-12-21 00:00:00+08:00,11.22964096069336,11.418058395385742,11.22964096069336,11.286166191101074,516939,0.0,0.0
2010-12-22 00:00:00+08:00,11.399215698242188,11.418058395385742,11.116591453552246,11.154273986816406,639,0.0,0.0
2010-12-23 00:00:00+08:00,11.116591453552246,11.926782608032227,11.116591453552246,11.926782608032227,2254045,0.0,0.0
2010-12-24 00:00:00+08:00,12.134041786193848,12.134041786193848,11.493424415588379,11.493424415588379,1575231,0.0,0.0
2010-12-27 00:00:00+08:00,11.493424415588379,11.493424415588379,11.1919584274292,11.1919584274292,1295001,0.0,0.0
2010-12-28 00:00:00+08:00,11.22964096069336,11.399215698242188,11.210799217224121,11.210799217224121,451127,0.0,0.0
2010-12-29 00:00:00+08:00,11.305007934570312,11.342691421508789,11.022381782531738,11.041223526000977,490402,0.0,0.0
2010-12-30 00:00:00+08:00,11.116591453552246,11.38037395477295,11.041223526000977,11.135432243347168,520123,0.0,0.0
2010-12-31 00:00:00+08:00,11.1919584274292,11.305007934570312,11.116591453552246,11.135432243347168,618310,0.0,0.0
2011-01-03 00:00:00+08:00,11.154273986816406,11.22964096069336,10.984699249267578,11.116591453552246,533391,0.0,0.0
2011-01-04 00:00:00+08:00,11.210799217224121,11.22964096069336,11.078907012939453,11.135432243347168,602918,0.0,0.0
2011-01-05 00:00:00+08:00,11.173115730285645,11.1919584274292,10.833966255187988,10.833966255187988,835912,0.0,0.0
2011-01-06 00:00:00+08:00,10.947015762329102,11.097748756408691,10.890490531921387,10.928174018859863,394869,0.0,0.0
2011-01-07 00:00:00+08:00,10.965856552124023,11.22964096069336,10.928174018859863,10.928174018859863,653869,0.0,0.0
2011-01-10 00:00:00+08:00,10.947015762329102,11.116591453552246,10.909332275390625,10.909332275390625,346041,0.0,0.0
2011-01-11 00:00:00+08:00,10.928174018859863,11.154273986816406,10.928174018859863,11.003540992736816,528084,0.0,0.0
2011-01-12 00:00:00+08:00,11.116591453552246,11.135432243347168,10.947015762329102,10.947015762329102,438920,0.0,0.0
2011-01-13 00:00:00+08:00,10.984699249267578,11.455740928649902,10.928174018859863,11.399215698242188,1603890,0.0,0.0
2011-01-14 00:00:00+08:00,11.47458267211914,12.190567016601562,11.47458267211914,12.190567016601562,6525957,0.0,0.0
2011-01-17 00:00:00+08:00,12.661608695983887,13.03844165802002,12.529717445373535,13.03844165802002,7993979,0.0,0.0
2011-01-18 00:00:00+08:00,13.339908599853516,13.735584259033203,12.680450439453125,12.774659156799316,6275979,0.0,0.0
2011-01-19 00:00:00+08:00,12.812341690063477,13.566008567810059,12.812341690063477,13.208017349243164,5735157,0.0,0.0
2011-01-20 00:00:00+08:00,13.189175605773926,13.189175605773926,12.812341690063477,13.057284355163574,2679697,0.0,0.0
2011-01-21 00:00:00+08:00,12.812341690063477,13.094966888427734,12.774659156799316,13.094966888427734,1810878,0.0,0.0
2011-01-24 00:00:00+08:00,13.189175605773926,13.434117317199707,12.812341690063477,12.812341690063477,1586376,0.0,0.0
2011-01-25 00:00:00+08:00,12.850025177001953,12.906550407409668,12.567399978637695,12.88770866394043,2087924,0.0,0.0
2011-01-26 00:00:00+08:00,12.88770866394043,12.963074684143066,12.586241722106934,12.605084419250488,1343829,0.0,0.0
2011-01-27 00:00:00+08:00,12.718133926391602,12.793499946594238,12.303616523742676,12.303616523742676,1023263,0.0,0.0
2011-01-28 00:00:00+08:00,12.2659330368042,12.51087474822998,12.247092247009277,12.247092247009277,1269525,0.0,0.0
2011-02-08 00:00:00+08:00,12.435507774353027,12.812341690063477,12.2659330368042,12.680450439453125,1335337,0.0,0.0
2011-02-09 00:00:00+08:00,13.057284355163574,13.057284355163574,12.567399978637695,12.586241722106934,1500396,0.0,0.0
2011-02-10 00:00:00+08:00,12.529717445373535,12.736974716186523,12.2659330368042,12.718133926391602,1336929,0.0,0.0
2011-02-11 00:00:00+08:00,12.718133926391602,12.718133926391602,11.889100074768066,12.228249549865723,1108712,0.0,0.0
2011-02-14 00:00:00+08:00,12.228249549865723,12.341300010681152,12.077515602111816,12.171725273132324,689428,0.0,0.0
2011-02-15 00:00:00+08:00,12.322458267211914,12.850025177001953,12.171725273132324,12.661608695983887,1912249,0.0,0.0
2011-02-16 00:00:00+08:00,12.661608695983887,12.661608695983887,12.341300010681152,12.378982543945312,1189384,0.0,0.0
2011-02-17 00:00:00+08:00,12.397825241088867,12.529717445373535,12.209407806396484,12.397825241088867,765855,0.0,0.0
2011-02-18 00:00:00+08:00,12.341300010681152,12.51087474822998,12.247092247009277,12.247092247009277,737726,0.0,0.0
2011-02-21 00:00:00+08:00,12.247092247009277,12.416666984558105,12.039833068847656,12.077515602111816,698451,0.0,0.0
2011-02-22 00:00:00+08:00,12.039833068847656,12.11520004272461,11.757207870483398,11.983307838439941,1116673,0.0,0.0
2011-02-23 00:00:00+08:00,11.964466094970703,12.096358299255371,11.399215698242188,11.681840896606445,1084298,0.0,0.0
2011-02-24 00:00:00+08:00,11.681840896606445,11.776049613952637,11.493424415588379,11.493424415588379,671914,0.0,0.0
2011-02-25 00:00:00+08:00,11.512266159057617,12.284774780273438,11.512266159057617,12.15288257598877,1380450,0.0,0.0
2011-03-01 00:00:00+08:00,12.284774780273438,12.567399978637695,12.15288257598877,12.171725273132324,1699954,0.0,0.0
2011-03-02 00:00:00+08:00,12.058674812316895,12.171725273132324,11.926782608032227,12.00214958190918,613533,0.0,0.0
2011-03-03 00:00:00+08:00,12.020991325378418,12.171725273132324,12.020991325378418,12.096358299255371,503139,0.0,0.0
2011-03-04 00:00:00+08:00,12.284774780273438,12.435507774353027,12.096358299255371,12.134041786193848,673506,0.0,0.0
2011-03-07 00:00:00+08:00,12.096358299255371,12.322458267211914,12.058674812316895,12.058674812316895,458557,0.0,0.0
2011-03-08 00:00:00+08:00,12.134041786193848,12.190567016601562,11.889100074768066,11.889100074768066,490402,0.0,0.0
2011-03-09 00:00:00+08:00,11.964466094970703,12.039833068847656,11.776049613952637,11.776049613952637,741972,0.0,0.0
2011-03-10 00:00:00+08:00,11.776049613952637,11.964466094970703,11.531107902526855,11.549948692321777,544006,0.0,0.0
2011-03-11 00:00:00+08:00,11.512266159057617,11.776049613952637,11.493424415588379,11.776049613952637,297213,0.0,0.0
2011-03-14 00:00:00+08:00,11.512266159057617,11.644158363342285,11.135432243347168,11.154273986816406,650685,0.0,0.0
2011-03-15 00:00:00+08:00,11.116591453552246,11.305007934570312,10.381765365600586,10.381765365600586,1017955,0.0,0.0
2011-03-16 00:00:00+08:00,10.419448852539062,10.607865333557129,10.004932403564453,10.400607109069824,891640,0.0,0.0
2011-03-17 00:00:00+08:00,10.174507141113281,10.928174018859863,9.891881942749023,10.928174018859863,783369,0.0,0.0
2011-03-18 00:00:00+08:00,10.928174018859863,11.154273986816406,10.645548820495605,11.154273986816406,973904,0.0,0.0
2011-03-21 00:00:00+08:00,11.116591453552246,11.305007934570312,11.022381782531738,11.022381782531738,522246,0.0,0.0
2011-03-22 00:00:00+08:00,11.116591453552246,11.267324447631836,11.022381782531738,11.022381782531738,514816,0.0,0.0
2011-03-23 00:00:00+08:00,11.022381782531738,11.173115730285645,11.022381782531738,11.041223526000977,337018,0.0,0.0
2011-03-24 00:00:00+08:00,11.116591453552246,11.210799217224121,11.078907012939453,11.116591453552246,448473,0.0,0.0
2011-03-25 00:00:00+08:00,11.210799217224121,11.267324447631836,11.041223526000977,11.041223526000977,425652,0.0,0.0
2011-03-28 00:00:00+08:00,11.041223526000977,11.323848724365234,11.003540992736816,11.097748756408691,434143,0.0,0.0
2011-03-29 00:00:00+08:00,10.947015762329102,11.267324447631836,10.777441024780273,10.777441024780273,557275,0.0,0.0
2011-03-30 00:00:00+08:00,11.003540992736816,11.003540992736816,10.85280704498291,10.85280704498291,289252,0.0,0.0
2011-03-31 00:00:00+08:00,10.928174018859863,11.041223526000977,10.85280704498291,11.022381782531738,312604,0.0,0.0
2011-04-01 00:00:00+08:00,11.041223526000977,11.041223526000977,10.833966255187988,10.871648788452148,402299,0.0,0.0
2011-04-06 00:00:00+08:00,10.928174018859863,11.078907012939453,10.928174018859863,10.965856552124023,357717,0.0,0.0
2011-04-07 00:00:00+08:00,10.965856552124023,11.003540992736816,10.909332275390625,10.909332275390625,410260,0.0,0.0
2011-04-08 00:00:00+08:00,10.890490531921387,11.003540992736816,10.890490531921387,10.909332275390625,333303,0.0,0.0
2011-04-11 00:00:00+08:00,10.928174018859863,10.928174018859863,10.815123558044434,10.815123558044434,236709,0.0,0.0
2011-04-12 00:00:00+08:00,10.777441024780273,10.984699249267578,10.777441024780273,10.871648788452148,243078,0.0,0.0
2011-04-13 00:00:00+08:00,10.871648788452148,11.62531566619873,10.796281814575195,11.62531566619873,1489782,0.0,0.0
2011-04-14 00:00:00+08:00,11.776049613952637,11.776049613952637,11.493424415588379,11.493424415588379,1095974,0.0,0.0
2011-04-15 00:00:00+08:00,11.493424415588379,11.58763313293457,11.1919584274292,11.1919584274292,570012,0.0,0.0
2011-04-18 00:00:00+08:00,11.135432243347168,11.267324447631836,11.022381782531738,11.022381782531738,426182,0.0,0.0
2011-04-19 00:00:00+08:00,10.928174018859863,10.928174018859863,10.777441024780273,10.777441024780273,524369,0.0,0.0
2011-04-20 00:00:00+08:00,10.928174018859863,11.173115730285645,10.928174018859863,10.947015762329102,450066,0.0,0.0
2011-04-21 00:00:00+08:00,11.078907012939453,11.154273986816406,10.909332275390625,11.078907012939453,472357,0.0,0.0
2011-04-22 00:00:00+08:00,11.097748756408691,11.097748756408691,10.947015762329102,10.947015762329102,271207,0.0,0.0
2011-04-25 00:00:00+08:00,10.928174018859863,10.984699249267578,10.85280704498291,10.85280704498291,214948,0.0,0.0
2011-04-26 00:00:00+08:00,10.777441024780273,10.984699249267578,10.777441024780273,10.871648788452148,249977,0.0,0.0
2011-04-27 00:00:00+08:00,11.041223526000977,11.041223526000977,10.890490531921387,10.890490531921387,257408,0.0,0.0
2011-04-28 00:00:00+08:00,10.890490531921387,10.984699249267578,10.777441024780273,10.777441024780273,332772,0.0,0.0
2011-04-29 00:00:00+08:00,10.777441024780273,10.85280704498291,10.570181846618652,10.70207405090332,461742,0.0,0.0
2011-05-03 00:00:00+08:00,10.70207405090332,10.70207405090332,10.231032371520996,10.231032371520996,501547,0.0,0.0
2011-05-04 00:00:00+08:00,10.231032371520996,10.362923622131348,10.004932403564453,10.174507141113281,432020,0.0,0.0
2011-05-05 00:00:00+08:00,10.155665397644043,10.362923622131348,10.155665397644043,10.249874114990234,318973,0.0,0.0
2011-05-06 00:00:00+08:00,10.212189674377441,10.212189674377441,10.004932403564453,10.08029842376709,501547,0.0,0.0
2011-05-09 00:00:00+08:00,10.023773193359375,10.155665397644043,9.891881942749023,9.891881942749023,512693,0.0,0.0
2011-05-10 00:00:00+08:00,9.9295654296875,9.986089706420898,9.571573257446289,9.9295654296875,720211,0.0,0.0
2011-05-11 00:00:00+08:00,9.854198455810547,9.910722732543945,9.515048027038574,9.515048027038574,518531,0.0,0.0
2011-05-12 00:00:00+08:00,9.439681053161621,9.628097534179688,9.439681053161621,9.515048027038574,358779,0.0,0.0
2011-05-13 00:00:00+08:00,9.515048027038574,9.646940231323242,9.515048027038574,9.533889770507812,510570,0.0,0.0
2011-05-16 00:00:00+08:00,9.552730560302734,9.835356712341309,9.552730560302734,9.81651496887207,645377,0.0,0.0
2011-05-17 00:00:00+08:00,9.854198455810547,9.854198455810547,9.477364540100098,9.533889770507812,591773,0.0,0.0
2011-05-18 00:00:00+08:00,9.552730560302734,9.646940231323242,9.552730560302734,9.590415000915527,304113,0.0,0.0
2011-05-19 00:00:00+08:00,9.60925579071045,9.665781021118164,9.477364540100098,9.477364540100098,383193,0.0,0.0
2011-05-20 00:00:00+08:00,9.477364540100098,9.590415000915527,9.326630592346191,9.326630592346191,565766,0.0,0.0
2011-05-23 00:00:00+08:00,9.439681053161621,9.439681053161621,9.119373321533203,9.119373321533203,399115,0.0,0.0
2011-05-24 00:00:00+08:00,9.119373321533203,9.138214111328125,8.93095588684082,9.006322860717773,386377,0.0,0.0
2011-05-25 00:00:00+08:00,9.025163650512695,9.157055854797363,8.780221939086914,9.157055854797363,965943,0.0,0.0
2011-05-26 00:00:00+08:00,9.19473934173584,9.232422828674316,9.04400634765625,9.100530624389648,341264,0.0,0.0
2011-05-27 00:00:00+08:00,9.175897598266602,9.19473934173584,8.968639373779297,8.968639373779297,291375,0.0,0.0
2011-05-30 00:00:00+08:00,8.987481117248535,9.062848091125488,8.968639373779297,8.968639373779297,299336,0.0,0.0
2011-05-31 00:00:00+08:00,8.93095588684082,9.08168888092041,8.912114143371582,9.062848091125488,346572,0.0,0.0
2011-06-01 00:00:00+08:00,9.100530624389648,9.590415000915527,9.100530624389648,9.496206283569336,1076337,0.0,0.0
2011-06-02 00:00:00+08:00,9.4208402633667,9.4208402633667,9.232422828674316,9.270106315612793,360901,0.0,0.0
2011-06-03 00:00:00+08:00,9.307788848876953,9.401997566223145,9.251263618469238,9.270106315612793,304643,0.0,0.0
2011-06-07 00:00:00+08:00,9.251263618469238,9.345473289489746,9.100530624389648,9.307788848876953,228217,0.0,0.0
2011-06-08 00:00:00+08:00,9.307788848876953,9.383155822753906,9.19473934173584,9.19473934173584,314727,0.0,0.0
2011-06-09 00:00:00+08:00,9.19473934173584,9.307788848876953,9.119373321533203,9.157055854797363,254754,0.0,0.0
2011-06-10 00:00:00+08:00,9.232422828674316,9.270106315612793,9.04400634765625,9.157055854797363,326404,0.0,0.0
2011-06-13 00:00:00+08:00,9.157055854797363,9.157055854797363,8.780221939086914,8.799063682556152,485625,0.0,0.0
2011-06-14 00:00:00+08:00,8.855588912963867,9.401997566223145,8.799063682556152,9.383155822753906,999910,0.0,0.0
2011-06-15 00:00:00+08:00,9.288948059082031,9.307788848876953,8.968639373779297,8.987481117248535,604510,0.0,0.0
2011-06-16 00:00:00+08:00,8.949797630310059,8.968639373779297,8.57296371459961,8.648330688476562,525430,0.0,0.0
2011-06-17 00:00:00+08:00,8.648330688476562,8.742539405822754,8.290339469909668,8.290339469909668,570543,0.0,0.0
2011-06-20 00:00:00+08:00,8.346863746643066,8.497596740722656,7.725088119506836,7.725088119506836,843343,0.0,0.0
2011-06-21 00:00:00+08:00,7.725088119506836,7.875822067260742,7.197521209716797,7.27288818359375,1144802,0.0,0.0
2011-06-22 00:00:00+08:00,7.42362117767334,7.781612873077393,7.367095947265625,7.762772083282471,864572,0.0,0.0
2011-06-23 00:00:00+08:00,7.630879878997803,7.668562889099121,7.498988151550293,7.536672115325928,413445,0.0,0.0
2011-06-24 00:00:00+08:00,7.536672115325928,7.574355125427246,7.480146884918213,7.517829895019531,259530,0.0,0.0
2011-06-27 00:00:00+08:00,7.517829895019531,7.517829895019531,7.348255157470703,7.348255157470703,322688,0.0,0.0
2011-06-28 00:00:00+08:00,7.536672115325928,7.593196868896484,7.367095947265625,7.40477991104126,353471,0.0,0.0
2011-06-29 00:00:00+08:00,7.498988151550293,7.55551290512085,7.442462921142578,7.498988151550293,290844,0.0,0.0
2011-06-30 00:00:00+08:00,7.55551290512085,7.574355125427246,7.480146884918213,7.480146884918213,222910,0.0,0.0
2011-07-01 00:00:00+08:00,7.536672115325928,7.668562889099121,7.536672115325928,7.536672115325928,241485,0.0,0.0
2011-07-04 00:00:00+08:00,7.593196868896484,7.725088119506836,7.536672115325928,7.574355125427246,374701,0.0,0.0
2011-07-05 00:00:00+08:00,7.649722099304199,8.101922035217285,7.574355125427246,8.101922035217285,1278548,0.0,0.0
2011-07-06 00:00:00+08:00,8.101922035217285,8.177289009094238,7.819296836853027,7.819296836853027,540822,0.0,0.0
2011-07-07 00:00:00+08:00,7.894662857055664,7.894662857055664,7.687405109405518,7.687405109405518,372047,0.0,0.0
2011-07-08 00:00:00+08:00,7.743929862976074,7.819296836853027,7.649722099304199,7.687405109405518,231401,0.0,0.0
2011-07-11 00:00:00+08:00,8.214971542358398,8.214971542358398,7.762772083282471,7.762772083282471,959043,0.0,0.0
2011-07-12 00:00:00+08:00,7.6120381355285645,7.687405109405518,7.27288818359375,7.27288818359375,763732,0.0,0.0
2011-07-13 00:00:00+08:00,7.197521209716797,7.40477991104126,7.197521209716797,7.2540459632873535,388500,0.0,0.0
2011-07-14 00:00:00+08:00,7.2540459632873535,7.367095947265625,7.1598381996154785,7.178679943084717,451127,0.0,0.0
2011-07-15 00:00:00+08:00,7.178679943084717,7.3859381675720215,7.178679943084717,7.27288818359375,387438,0.0,0.0
2011-07-18 00:00:00+08:00,7.367095947265625,7.367095947265625,7.1598381996154785,7.1598381996154785,331711,0.0,0.0
2011-07-19 00:00:00+08:00,7.1598381996154785,7.310571193695068,7.140995979309082,7.2540459632873535,315258,0.0,0.0
2011-07-20 00:00:00+08:00,7.27288818359375,7.42362117767334,7.27288818359375,7.367095947265625,318973,0.0,0.0
2011-07-21 00:00:00+08:00,7.3859381675720215,7.461305141448975,7.2540459632873535,7.27288818359375,304113,0.0,0.0
2011-07-22 00:00:00+08:00,7.42362117767334,7.42362117767334,7.348255157470703,7.348255157470703,411322,0.0,0.0
2011-07-25 00:00:00+08:00,7.461305141448975,7.461305141448975,7.2540459632873535,7.2540459632873535,191596,0.0,0.0
2011-07-26 00:00:00+08:00,7.2540459632873535,7.40477991104126,7.2540459632873535,7.348255157470703,161875,0.0,0.0
2011-07-27 00:00:00+08:00,7.367095947265625,7.442462921142578,7.348255157470703,7.367095947265625,120477,0.0,0.0
2011-07-28 00:00:00+08:00,7.348255157470703,7.348255157470703,7.2540459632873535,7.27288818359375,153383,0.0,0.0
2011-07-29 00:00:00+08:00,7.27288818359375,7.348255157470703,6.990262985229492,7.065629959106445,316319,0.0,0.0
2011-08-01 00:00:00+08:00,7.065629959106445,7.310571193695068,7.065629959106445,7.12215518951416,223440,0.0,0.0
2011-08-02 00:00:00+08:00,7.178679943084717,7.2540459632873535,7.084471225738525,7.12215518951416,220787,0.0,0.0
2011-08-03 00:00:00+08:00,7.065629959106445,7.065629959106445,6.877213001251221,6.914896011352539,245731,0.0,0.0
2011-08-04 00:00:00+08:00,6.971420764923096,7.046788215637207,6.896053791046143,6.896053791046143,186289,0.0,0.0
2011-08-05 00:00:00+08:00,6.5003790855407715,6.5003790855407715,6.425012111663818,6.425012111663818,420344,0.0,0.0
2011-08-08 00:00:00+08:00,6.255436897277832,6.255436897277832,5.991653919219971,5.991653919219971,678283,0.0,0.0
2011-08-09 00:00:00+08:00,5.652503967285156,5.935129165649414,5.577136993408203,5.5959792137146,1098628,0.0,0.0
2011-08-10 00:00:00+08:00,5.803236961364746,5.972812175750732,5.765553951263428,5.859762191772461,559928,0.0,0.0
2011-08-11 00:00:00+08:00,5.464087009429932,5.7467122077941895,5.464087009429932,5.633662223815918,369924,0.0,0.0
2011-08-12 00:00:00+08:00,5.7467122077941895,5.822079181671143,5.633662223815918,5.652503967285156,447943,0.0,0.0
2011-08-15 00:00:00+08:00,5.709029197692871,5.8409199714660645,5.709029197692871,5.784395217895508,229809,0.0,0.0
2011-08-16 00:00:00+08:00,5.803236961364746,5.897445201873779,5.727869987487793,5.765553951263428,502078,0.0,0.0
2011-08-17 00:00:00+08:00,5.765553951263428,5.765553951263428,5.652503967285156,5.671345233917236,199557,0.0,0.0
2011-08-18 00:00:00+08:00,5.727869987487793,5.727869987487793,5.464087009429932,5.4829277992248535,361963,0.0,0.0
2011-08-19 00:00:00+08:00,5.2568278312683105,5.313353061676025,5.106094837188721,5.1626200675964355,521715,0.0,0.0
2011-08-22 00:00:00+08:00,5.1626200675964355,5.2568278312683105,4.804627895355225,4.842310905456543,572666,0.0,0.0
2011-08-23 00:00:00+08:00,4.842310905456543,5.087253093719482,4.842310905456543,5.068410873413086,338080,0.0,0.0
2011-08-24 00:00:00+08:00,5.087253093719482,5.181461811065674,5.049570083618164,5.087253093719482,177266,0.0,0.0
2011-08-25 00:00:00+08:00,5.087253093719482,5.237987041473389,5.087253093719482,5.124937057495117,222910,0.0,0.0
2011-08-26 00:00:00+08:00,5.124937057495117,5.181461811065674,5.011886119842529,5.030727863311768,170366,0.0,0.0
2011-08-29 00:00:00+08:00,5.030727863311768,5.143777847290039,5.030727863311768,5.143777847290039,130561,0.0,0.0
2011-08-30 00:00:00+08:00,5.332194805145264,5.332194805145264,5.200303077697754,5.294511795043945,179920,0.0,0.0
2011-08-31 00:00:00+08:00,5.35103702545166,5.652503967285156,5.332194805145264,5.539453029632568,325873,0.0,0.0
2011-09-01 00:00:00+08:00,5.652503967285156,5.784395217895508,5.633662223815918,5.652503967285156,342856,0.0,0.0
2011-09-02 00:00:00+08:00,5.6148200035095215,5.652503967285156,5.520611763000488,5.652503967285156,185758,0.0,0.0
2011-09-05 00:00:00+08:00,5.275670051574707,5.5959792137146,5.275670051574707,5.426403045654297,137461,0.0,0.0
2011-09-06 00:00:00+08:00,5.464087009429932,5.50177001953125,5.369877815246582,5.464087009429932,157098,0.0,0.0
2011-09-07 00:00:00+08:00,5.464087009429932,5.5959792137146,5.332194805145264,5.464087009429932,186819,0.0,0.0
2011-09-08 00:00:00+08:00,5.633662223815918,5.633662223815918,5.407561779022217,5.426403045654297,116762,0.0,0.0
2011-09-09 00:00:00+08:00,5.426403045654297,5.558294773101807,5.426403045654297,5.558294773101807,173551,0.0,0.0
2011-09-13 00:00:00+08:00,5.464087009429932,5.464087009429932,5.313353061676025,5.332194805145264,156037,0.0,0.0
2011-09-14 00:00:00+08:00,5.35103702545166,5.464087009429932,5.200303077697754,5.200303077697754,177266,0.0,0.0
2011-09-15 00:00:00+08:00,5.275670051574707,5.558294773101807,5.275670051574707,5.464087009429932,230871,0.0,0.0
2011-09-16 00:00:00+08:00,5.5959792137146,5.5959792137146,5.4829277992248535,5.539453029632568,196373,0.0,0.0
2011-09-19 00:00:00+08:00,5.539453029632568,5.539453029632568,5.369877815246582,5.3887200355529785,157098,0.0,0.0
2011-09-20 00:00:00+08:00,5.407561779022217,5.4829277992248535,5.332194805145264,5.4829277992248535,116231,0.0,0.0
2011-09-21 00:00:00+08:00,5.4829277992248535,5.520611763000488,5.407561779022217,5.520611763000488,118354,0.0,0.0
2011-09-22 00:00:00+08:00,5.445244789123535,5.50177001953125,5.35103702545166,5.3887200355529785,169305,0.0,0.0
2011-09-23 00:00:00+08:00,5.200303077697754,5.237987041473389,5.087253093719482,5.106094837188721,262715,0.0,0.0
2011-09-26 00:00:00+08:00,5.219144821166992,5.219144821166992,4.766944885253906,4.804627895355225,247854,0.0,0.0
2011-09-27 00:00:00+08:00,4.898836135864258,5.087253093719482,4.8611531257629395,4.974203109741211,228217,0.0,0.0
2011-09-28 00:00:00+08:00,5.068410873413086,5.143777847290039,4.974203109741211,5.030727863311768,204334,0.0,0.0
2011-09-29 00:00:00+08:00,5.030727863311768,5.143777847290039,4.993044853210449,5.143777847290039,132684,0.0,0.0
2011-09-30 00:00:00+08:00,5.049570083618164,5.1626200675964355,5.049570083618164,5.124937057495117,83325,0.0,0.0
2011-10-03 00:00:00+08:00,5.106094837188721,5.106094837188721,4.898836135864258,4.974203109741211,136399,0.0,0.0
2011-10-04 00:00:00+08:00,4.917677879333496,4.993044853210449,4.898836135864258,4.974203109741211,65280,0.0,0.0
2011-10-05 00:00:00+08:00,4.974203109741211,5.011886119842529,4.898836135864258,5.011886119842529,93409,0.0,0.0
2011-10-06 00:00:00+08:00,5.011886119842529,5.124937057495117,4.9553608894348145,5.030727863311768,107739,0.0,0.0
2011-10-07 00:00:00+08:00,5.049570083618164,5.106094837188721,4.974203109741211,4.993044853210449,261653,0.0,0.0
2011-10-11 00:00:00+08:00,4.993044853210449,5.124937057495117,4.993044853210449,5.030727863311768,153914,0.0,0.0
2011-10-12 00:00:00+08:00,5.011886119842529,5.049570083618164,4.898836135864258,5.030727863311768,120477,0.0,0.0
2011-10-13 00:00:00+08:00,5.049570083618164,5.068410873413086,5.011886119842529,5.030727863311768,136399,0.0,0.0
2011-10-14 00:00:00+08:00,5.049570083618164,5.068410873413086,4.974203109741211,4.974203109741211,92348,0.0,0.0
2011-10-17 00:00:00+08:00,5.030727863311768,5.087253093719482,5.011886119842529,5.068410873413086,100840,0.0,0.0
2011-10-18 00:00:00+08:00,4.936520099639893,5.049570083618164,4.936520099639893,4.993044853210449,98717,0.0,0.0
2011-10-19 00:00:00+08:00,4.9553608894348145,5.049570083618164,4.9553608894348145,5.011886119842529,42989,0.0,0.0
2011-10-20 00:00:00+08:00,5.011886119842529,5.011886119842529,4.917677879333496,4.917677879333496,130030,0.0,0.0
2011-10-21 00:00:00+08:00,4.936520099639893,4.993044853210449,4.898836135864258,4.898836135864258,217071,0.0,0.0
2011-10-24 00:00:00+08:00,5.011886119842529,5.011886119842529,4.898836135864258,4.898836135864258,204334,0.0,0.0
2011-10-25 00:00:00+08:00,4.898836135864258,4.9553608894348145,4.898836135864258,4.898836135864258,126846,0.0,0.0
2011-10-26 00:00:00+08:00,4.898836135864258,4.898836135864258,4.804627895355225,4.804627895355225,142237,0.0,0.0
2011-10-27 00:00:00+08:00,4.804627895355225,4.842310905456543,4.766944885253906,4.804627895355225,195311,0.0,0.0
2011-10-28 00:00:00+08:00,4.898836135864258,4.993044853210449,4.842310905456543,4.842310905456543,300397,0.0,0.0
2011-10-31 00:00:00+08:00,4.804627895355225,4.917677879333496,4.804627895355225,4.8611531257629395,200088,0.0,0.0
2011-11-01 00:00:00+08:00,4.8611531257629395,4.898836135864258,4.766944885253906,4.804627895355225,166651,0.0,0.0
2011-11-02 00:00:00+08:00,4.6162109375,4.691577911376953,4.540843963623047,4.653893947601318,181512,0.0,0.0
2011-11-03 00:00:00+08:00,4.6350531578063965,4.748103141784668,4.578527927398682,4.6162109375,188412,0.0,0.0
2011-11-04 00:00:00+08:00,4.653893947601318,4.917677879333496,4.653893947601318,4.879994869232178,292967,0.0,0.0
2011-11-07 00:00:00+08:00,4.898836135864258,5.219144821166992,4.898836135864258,5.219144821166992,778062,0.0,0.0
2011-11-08 00:00:00+08:00,5.181461811065674,5.4829277992248535,5.181461811065674,5.181461811065674,432020,0.0,0.0
2011-11-09 00:00:00+08:00,5.332194805145264,5.332194805145264,5.087253093719482,5.106094837188721,155506,0.0,0.0
2011-11-10 00:00:00+08:00,4.936520099639893,4.936520099639893,4.785786151885986,4.804627895355225,250508,0.0,0.0
2011-11-11 00:00:00+08:00,4.898836135864258,4.898836135864258,4.804627895355225,4.8611531257629395,127377,0.0,0.0
2011-11-14 00:00:00+08:00,4.8611531257629395,4.9553608894348145,4.8611531257629395,4.898836135864258,115170,0.0,0.0
2011-11-15 00:00:00+08:00,4.804627895355225,4.898836135864258,4.785786151885986,4.842310905456543,136399,0.0,0.0
2011-11-16 00:00:00+08:00,4.842310905456543,4.898836135864258,4.748103141784668,4.748103141784668,144360,0.0,0.0
2011-11-17 00:00:00+08:00,4.748103141784668,4.9553608894348145,4.748103141784668,4.879994869232178,229809,0.0,0.0
2011-11-18 00:00:00+08:00,4.879994869232178,4.936520099639893,4.691577911376953,4.842310905456543,198496,0.0,0.0
2011-11-21 00:00:00+08:00,4.842310905456543,4.842310905456543,4.522003173828125,4.522003173828125,316850,0.0,0.0
2011-11-22 00:00:00+08:00,4.239377975463867,4.427793979644775,4.220536231994629,4.239377975463867,689959,0.0,0.0
2011-11-23 00:00:00+08:00,3.9755940437316895,4.371269226074219,3.9755940437316895,4.145168781280518,279699,0.0,0.0
2011-11-24 00:00:00+08:00,4.145168781280518,4.427793979644775,4.013277053833008,4.427793979644775,289252,0.0,0.0
2011-11-25 00:00:00+08:00,4.427793979644775,4.48431921005249,4.239377975463867,4.3335862159729,226625,0.0,0.0
2011-11-28 00:00:00+08:00,4.371269226074219,4.446636199951172,4.3335862159729,4.352427959442139,251569,0.0,0.0
2011-11-29 00:00:00+08:00,4.427793979644775,4.48431921005249,4.427793979644775,4.48431921005249,183104,0.0,0.0
2011-11-30 00:00:00+08:00,4.48431921005249,4.48431921005249,4.201694011688232,4.201694011688232,107209,0.0,0.0
2011-12-01 00:00:00+08:00,4.4089531898498535,4.427793979644775,4.3335862159729,4.371269226074219,159221,0.0,0.0
2011-12-02 00:00:00+08:00,4.427793979644775,4.427793979644775,4.258218765258789,4.295903205871582,108801,0.0,0.0
2011-12-05 00:00:00+08:00,4.314743995666504,4.314743995666504,4.220536231994629,4.295903205871582,56788,0.0,0.0
2011-12-06 00:00:00+08:00,4.2770609855651855,4.295903205871582,4.145168781280518,4.201694011688232,168774,0.0,0.0
2011-12-07 00:00:00+08:00,4.239377975463867,4.2770609855651855,4.145168781280518,4.182851791381836,78549,0.0,0.0
2011-12-08 00:00:00+08:00,4.145168781280518,4.201694011688232,3.9755940437316895,4.032118797302246,117823,0.0,0.0
2011-12-09 00:00:00+08:00,3.956752061843872,4.050961017608643,3.862544059753418,4.050961017608643,161875,0.0,0.0
2011-12-12 00:00:00+08:00,3.9190690517425537,4.220536231994629,3.9190690517425537,4.050961017608643,157629,0.0,0.0
2011-12-13 00:00:00+08:00,3.8813860416412354,4.032118797302246,3.8813860416412354,3.956752061843872,52012,0.0,0.0
2011-12-14 00:00:00+08:00,3.956752061843872,4.0698018074035645,3.9002270698547363,3.9755940437316895,113047,0.0,0.0
2011-12-15 00:00:00+08:00,3.9755940437316895,3.9755940437316895,3.8813860416412354,3.9002270698547363,41928,0.0,0.0
2011-12-16 00:00:00+08:00,3.787177085876465,3.9002270698547363,3.787177085876465,3.862544059753418,90756,0.0,0.0
2011-12-19 00:00:00+08:00,3.8060190677642822,3.862544059753418,3.598759889602661,3.598759889602661,321096,0.0,0.0
2011-12-20 00:00:00+08:00,3.5799190998077393,3.768336057662964,3.5799190998077393,3.6741271018981934,176735,0.0,0.0
2011-12-21 00:00:00+08:00,3.768336057662964,3.9190690517425537,3.768336057662964,3.9190690517425537,324811,0.0,0.0
2011-12-22 00:00:00+08:00,3.9002270698547363,3.9755940437316895,3.8437020778656006,3.8437020778656006,100840,0.0,0.0
2011-12-23 00:00:00+08:00,3.8813860416412354,4.107485771179199,3.8813860416412354,4.107485771179199,351348,0.0,0.0
2011-12-26 00:00:00+08:00,4.201694011688232,4.201694011688232,4.050961017608643,4.126327037811279,178858,0.0,0.0
2011-12-27 00:00:00+08:00,4.145168781280518,4.182851791381836,4.107485771179199,4.164011001586914,105616,0.0,0.0
2011-12-28 00:00:00+08:00,4.145168781280518,4.258218765258789,4.126327037811279,4.201694011688232,157629,0.0,0.0
2011-12-29 00:00:00+08:00,4.088644027709961,4.201694011688232,4.050961017608643,4.145168781280518,113047,0.0,0.0
2011-12-30 00:00:00+08:00,4.182851791381836,4.258218765258789,4.107485771179199,4.182851791381836,185227,0.0,0.0
2012-01-02 00:00:00+08:00,4.164011001586914,4.164011001586914,4.050961017608643,4.107485771179199,57319,0.0,0.0
2012-01-03 00:00:00+08:00,4.107485771179199,4.145168781280518,4.0698018074035645,4.107485771179199,93409,0.0,0.0
2012-01-04 00:00:00+08:00,4.145168781280518,4.182851791381836,4.050961017608643,4.0698018074035645,141176,0.0,0.0
2012-01-05 00:00:00+08:00,4.0698018074035645,4.164011001586914,4.0698018074035645,4.088644027709961,90756,0.0,0.0
2012-01-06 00:00:00+08:00,4.088644027709961,4.145168781280518,4.0698018074035645,4.088644027709961,136930,0.0,0.0
2012-01-09 00:00:00+08:00,4.088644027709961,4.107485771179199,3.956752061843872,3.9755940437316895,208049,0.0,0.0
2012-01-10 00:00:00+08:00,3.9755940437316895,4.088644027709961,3.9755940437316895,4.013277053833008,290844,0.0,0.0
2012-01-11 00:00:00+08:00,4.013277053833008,4.088644027709961,3.956752061843872,3.9755940437316895,378416,0.0,0.0
2012-01-12 00:00:00+08:00,3.9755940437316895,4.032118797302246,3.8813860416412354,3.8813860416412354,344449,0.0,0.0
2012-01-13 00:00:00+08:00,3.9190690517425537,3.994436025619507,3.9190690517425537,3.9755940437316895,367270,0.0,0.0
2012-01-16 00:00:00+08:00,3.994436025619507,4.050961017608643,3.9190690517425537,3.9755940437316895,124723,0.0,0.0
2012-01-17 00:00:00+08:00,4.013277053833008,4.050961017608643,3.9190690517425537,4.013277053833008,228217,0.0,0.0
2012-01-18 00:00:00+08:00,4.032118797302246,4.126327037811279,4.013277053833008,4.0698018074035645,223440,0.0,0.0
2012-01-30 00:00:00+08:00,4.088644027709961,4.258218765258789,4.088644027709961,4.239377975463867,147545,0.0,0.0
2012-01-31 00:00:00+08:00,4.239377975463867,4.371269226074219,4.201694011688232,4.352427959442139,331711,0.0,0.0
2012-02-01 00:00:00+08:00,4.371269226074219,4.653893947601318,4.352427959442139,4.653893947601318,390092,0.0,0.0
2012-02-02 00:00:00+08:00,4.974203109741211,4.974203109741211,4.974203109741211,4.974203109741211,327465,0.0,0.0
2012-02-03 00:00:00+08:00,5.313353061676025,5.313353061676025,4.993044853210449,5.313353061676025,1597522,0.0,0.0
2012-02-06 00:00:00+08:00,6.029336929321289,6.067020893096924,5.426403045654297,6.067020893096924,2084739,0.0,0.0
2012-02-07 00:00:00+08:00,6.180070877075195,6.3684868812561035,5.671345233917236,6.3684868812561035,1431931,0.0,0.0
2012-02-08 00:00:00+08:00,6.217753887176514,6.688796043395996,6.1423869132995605,6.462696075439453,1034939,0.0,0.0
2012-02-09 00:00:00+08:00,6.3684868812561035,6.556903839111328,6.23659610748291,6.443853855133057,838035,0.0,0.0
2012-02-10 00:00:00+08:00,6.217753887176514,6.443853855133057,6.217753887176514,6.349646091461182,623086,0.0,0.0
2012-02-13 00:00:00+08:00,6.349646091461182,6.349646091461182,6.029336929321289,6.029336929321289,823174,0.0,0.0
2012-02-14 00:00:00+08:00,6.029336929321289,6.3684868812561035,6.029336929321289,6.23659610748291,686244,0.0,0.0
2012-02-15 00:00:00+08:00,6.217753887176514,6.556903839111328,6.217753887176514,6.406170845031738,737195,0.0,0.0
2012-02-16 00:00:00+08:00,6.51922082901001,6.51922082901001,6.0481791496276855,6.085862159729004,661299,0.0,0.0
2012-02-17 00:00:00+08:00,6.123546123504639,6.293120861053467,5.8409199714660645,5.859762191772461,637947,0.0,0.0
2012-02-20 00:00:00+08:00,5.859762191772461,5.972812175750732,5.709029197692871,5.709029197692871,607164,0.0,0.0
2012-02-21 00:00:00+08:00,5.7467122077941895,5.916286945343018,5.709029197692871,5.727869987487793,393807,0.0,0.0
2012-02-22 00:00:00+08:00,5.765553951263428,6.123546123504639,5.727869987487793,6.123546123504639,735072,0.0,0.0
2012-02-23 00:00:00+08:00,6.123546123504639,6.5003790855407715,6.123546123504639,6.255436897277832,1264749,0.0,0.0
2012-02-24 00:00:00+08:00,6.406170845031738,6.425012111663818,6.123546123504639,6.180070877075195,461211,0.0,0.0
2012-02-29 00:00:00+08:00,6.293120861053467,6.293120861053467,5.991653919219971,6.029336929321289,378416,0.0,0.0
2012-03-01 00:00:00+08:00,6.029336929321289,6.217753887176514,5.991653919219971,6.085862159729004,420875,0.0,0.0
2012-03-02 00:00:00+08:00,6.198912143707275,6.5003790855407715,6.029336929321289,6.5003790855407715,957982,0.0,0.0
2012-03-05 00:00:00+08:00,7.065629959106445,7.2540459632873535,6.801846027374268,7.1598381996154785,1088544,0.0,0.0
2012-03-06 00:00:00+08:00,7.12215518951416,7.649722099304199,6.6699538230896,7.649722099304199,2150020,0.0,0.0
2012-03-07 00:00:00+08:00,7.498988151550293,7.894662857055664,7.178679943084717,7.442462921142578,1179300,0.0,0.0
2012-03-08 00:00:00+08:00,7.348255157470703,7.630879878997803,7.178679943084717,7.348255157470703,693674,0.0,0.0
2012-03-09 00:00:00+08:00,7.3859381675720215,7.442462921142578,7.197521209716797,7.197521209716797,464926,0.0,0.0
2012-03-12 00:00:00+08:00,7.197521209716797,7.27288818359375,6.971420764923096,6.971420764923096,487217,0.0,0.0
2012-03-13 00:00:00+08:00,7.065629959106445,7.2540459632873535,7.065629959106445,7.1598381996154785,387438,0.0,0.0
2012-03-14 00:00:00+08:00,7.27288818359375,7.310571193695068,7.065629959106445,7.084471225738525,313135,0.0,0.0
2012-03-15 00:00:00+08:00,7.2540459632873535,7.461305141448975,6.990262985229492,7.348255157470703,534453,0.0,0.0
2012-03-16 00:00:00+08:00,7.2540459632873535,7.42362117767334,7.178679943084717,7.197521209716797,297744,0.0,0.0
2012-03-19 00:00:00+08:00,7.2540459632873535,7.2540459632873535,6.896053791046143,6.896053791046143,316319,0.0,0.0
2012-03-20 00:00:00+08:00,6.896053791046143,7.009105205535889,6.896053791046143,6.914896011352539,151791,0.0,0.0
2012-03-21 00:00:00+08:00,6.914896011352539,7.3859381675720215,6.783003807067871,7.3859381675720215,842812,0.0,0.0
2012-03-22 00:00:00+08:00,7.42362117767334,7.498988151550293,7.178679943084717,7.367095947265625,627332,0.0,0.0
2012-03-23 00:00:00+08:00,7.348255157470703,7.856979846954346,7.12215518951416,7.819296836853027,905439,0.0,0.0
2012-03-26 00:00:00+08:00,7.875822067260742,7.9135050773620605,7.630879878997803,7.630879878997803,617248,0.0,0.0
2012-03-27 00:00:00+08:00,7.687405109405518,7.706246852874756,7.367095947265625,7.3859381675720215,396992,0.0,0.0
2012-03-28 00:00:00+08:00,7.310571193695068,7.517829895019531,7.2540459632873535,7.2540459632873535,356125,0.0,0.0
2012-03-29 00:00:00+08:00,7.2540459632873535,7.27288818359375,6.764163017272949,6.820687770843506,628394,0.0,0.0
2012-03-30 00:00:00+08:00,6.820687770843506,7.0279459953308105,6.764163017272949,6.971420764923096,415568,0.0,0.0
2012-04-02 00:00:00+08:00,7.103312969207764,7.103312969207764,6.783003807067871,6.914896011352539,287129,0.0,0.0
2012-04-03 00:00:00+08:00,6.9337382316589355,6.952579021453857,6.5003790855407715,6.877213001251221,385315,0.0,0.0
2012-04-05 00:00:00+08:00,6.594587802886963,6.764163017272949,6.406170845031738,6.764163017272949,564705,0.0,0.0
2012-04-06 00:00:00+08:00,6.688796043395996,6.858370780944824,6.594587802886963,6.783003807067871,225033,0.0,0.0
2012-04-09 00:00:00+08:00,6.349646091461182,6.7264790534973145,6.349646091461182,6.538063049316406,157629,0.0,0.0
2012-04-10 00:00:00+08:00,6.538063049316406,6.820687770843506,6.538063049316406,6.6699538230896,186819,0.0,0.0
2012-04-11 00:00:00+08:00,6.556903839111328,6.688796043395996,6.556903839111328,6.556903839111328,218664,0.0,0.0
2012-04-12 00:00:00+08:00,6.6699538230896,6.6699538230896,6.462696075439453,6.51922082901001,108270,0.0,0.0
2012-04-13 00:00:00+08:00,6.538063049316406,6.914896011352539,6.538063049316406,6.7264790534973145,403891,0.0,0.0
2012-04-16 00:00:00+08:00,6.688796043395996,6.688796043395996,6.51922082901001,6.538063049316406,167182,0.0,0.0
2012-04-17 00:00:00+08:00,6.556903839111328,6.6699538230896,6.425012111663818,6.538063049316406,103493,0.0,0.0
2012-04-18 00:00:00+08:00,6.575746059417725,6.632270812988281,6.1423869132995605,6.1423869132995605,182043,0.0,0.0
2012-04-19 00:00:00+08:00,6.23659610748291,6.2742791175842285,6.010495185852051,6.010495185852051,254223,0.0,0.0
2012-04-20 00:00:00+08:00,5.991653919219971,5.991653919219971,5.7467122077941895,5.7467122077941895,333834,0.0,0.0
2012-04-23 00:00:00+08:00,5.727869987487793,5.859762191772461,5.652503967285156,5.765553951263428,245731,0.0,0.0
2012-04-24 00:00:00+08:00,5.7467122077941895,5.822079181671143,5.407561779022217,5.652503967285156,663422,0.0,0.0
2012-04-25 00:00:00+08:00,5.727869987487793,5.727869987487793,5.6148200035095215,5.709029197692871,197434,0.0,0.0
2012-04-26 00:00:00+08:00,5.709029197692871,5.709029197692871,5.4829277992248535,5.4829277992248535,185227,0.0,0.0
2012-04-27 00:00:00+08:00,5.5959792137146,5.7467122077941895,5.520611763000488,5.520611763000488,118354,0.0,0.0
2012-04-30 00:00:00+08:00,5.6148200035095215,5.6148200035095215,5.464087009429932,5.464087009429932,125254,0.0,0.0
2012-05-02 00:00:00+08:00,5.50177001953125,5.5959792137146,5.294511795043945,5.50177001953125,441574,0.0,0.0
2012-05-03 00:00:00+08:00,5.50177001953125,5.50177001953125,5.124937057495117,5.181461811065674,953736,0.0,0.0
2012-05-04 00:00:00+08:00,5.106094837188721,5.275670051574707,5.049570083618164,5.219144821166992,603980,0.0,0.0
2012-05-07 00:00:00+08:00,5.200303077697754,5.219144821166992,4.879994869232178,4.917677879333496,207518,0.0,0.0
2012-05-08 00:00:00+08:00,4.9553608894348145,4.993044853210449,4.879994869232178,4.898836135864258,179389,0.0,0.0
2012-05-09 00:00:00+08:00,4.842310905456543,4.898836135864258,4.71042013168335,4.7292609214782715,207518,0.0,0.0
2012-05-10 00:00:00+08:00,4.71042013168335,4.823470115661621,4.6350531578063965,4.71042013168335,249977,0.0,0.0
2012-05-11 00:00:00+08:00,4.71042013168335,4.879994869232178,4.71042013168335,4.71042013168335,340203,0.0,0.0
2012-05-14 00:00:00+08:00,4.8611531257629395,4.8611531257629395,4.559686183929443,4.559686183929443,133215,0.0,0.0
2012-05-15 00:00:00+08:00,4.559686183929443,4.8611531257629395,4.446636199951172,4.8611531257629395,257938,0.0,0.0
2012-05-16 00:00:00+08:00,4.898836135864258,5.143777847290039,4.766944885253906,4.766944885253906,350817,0.0,0.0
2012-05-17 00:00:00+08:00,4.804627895355225,4.8611531257629395,4.672736167907715,4.672736167907715,214418,0.0,0.0
2012-05-18 00:00:00+08:00,4.6162109375,4.6350531578063965,4.5031609535217285,4.559686183929443,153914,0.0,0.0
2012-05-21 00:00:00+08:00,4.597369194030762,4.672736167907715,4.522003173828125,4.559686183929443,80141,0.0,0.0
2012-05-22 00:00:00+08:00,4.6162109375,4.785786151885986,4.578527927398682,4.71042013168335,136399,0.0,0.0
2012-05-23 00:00:00+08:00,4.672736167907715,4.672736167907715,4.540843963623047,4.540843963623047,111985,0.0,0.0
2012-05-24 00:00:00+08:00,4.559686183929443,4.6162109375,4.2770609855651855,4.48431921005249,251569,0.0,0.0
2012-05-25 00:00:00+08:00,4.46547794342041,4.48431921005249,4.3335862159729,4.3335862159729,169305,0.0,0.0
2012-05-28 00:00:00+08:00,4.352427959442139,4.4089531898498535,4.258218765258789,4.2770609855651855,137991,0.0,0.0
2012-05-29 00:00:00+08:00,4.239377975463867,4.559686183929443,4.239377975463867,4.559686183929443,257938,0.0,0.0
2012-05-30 00:00:00+08:00,4.672736167907715,4.8611531257629395,4.6162109375,4.8611531257629395,428836,0.0,0.0
2012-05-31 00:00:00+08:00,4.842310905456543,4.8611531257629395,4.6162109375,4.672736167907715,235117,0.0,0.0
2012-06-01 00:00:00+08:00,4.672736167907715,4.766944885253906,4.427793979644775,4.427793979644775,260592,0.0,0.0
2012-06-04 00:00:00+08:00,4.295903205871582,4.295903205871582,4.126327037811279,4.126327037811279,266430,0.0,0.0
2012-06-05 00:00:00+08:00,4.4089531898498535,4.4089531898498535,4.201694011688232,4.390110969543457,204334,0.0,0.0
2012-06-06 00:00:00+08:00,4.427793979644775,4.48431921005249,4.295903205871582,4.314743995666504,256346,0.0,0.0
2012-06-07 00:00:00+08:00,4.4089531898498535,4.427793979644775,4.3335862159729,4.352427959442139,139053,0.0,0.0
2012-06-08 00:00:00+08:00,4.314743995666504,4.46547794342041,4.295903205871582,4.3335862159729,124192,0.0,0.0
2012-06-11 00:00:00+08:00,4.4089531898498535,4.540843963623047,4.3335862159729,4.390110969543457,163467,0.0,0.0
2012-06-12 00:00:00+08:00,4.371269226074219,4.371269226074219,4.220536231994629,4.258218765258789,86510,0.0,0.0
2012-06-13 00:00:00+08:00,4.295903205871582,4.352427959442139,4.2770609855651855,4.295903205871582,80672,0.0,0.0
2012-06-14 00:00:00+08:00,4.314743995666504,4.314743995666504,4.239377975463867,4.314743995666504,93409,0.0,0.0
2012-06-15 00:00:00+08:00,4.3335862159729,4.352427959442139,4.258218765258789,4.2770609855651855,191065,0.0,0.0
2012-06-18 00:00:00+08:00,4.295903205871582,4.446636199951172,4.295903205871582,4.4089531898498535,193188,0.0,0.0
2012-06-19 00:00:00+08:00,4.352427959442139,4.371269226074219,4.295903205871582,4.295903205871582,56788,0.0,0.0
2012-06-20 00:00:00+08:00,4.390110969543457,4.427793979644775,4.3335862159729,4.390110969543457,165059,0.0,0.0
2012-06-21 00:00:00+08:00,4.352427959442139,4.427793979644775,4.295903205871582,4.295903205871582,87571,0.0,0.0
2012-06-22 00:00:00+08:00,4.2770609855651855,4.314743995666504,4.201694011688232,4.314743995666504,97655,0.0,0.0
2012-06-25 00:00:00+08:00,4.295903205871582,4.314743995666504,4.220536231994629,4.239377975463867,137461,0.0,0.0
2012-06-26 00:00:00+08:00,4.201694011688232,4.2770609855651855,4.201694011688232,4.2770609855651855,99248,0.0,0.0
2012-06-27 00:00:00+08:00,4.201694011688232,4.295903205871582,4.201694011688232,4.2770609855651855,65811,0.0,0.0
2012-06-28 00:00:00+08:00,4.295903205871582,4.352427959442139,4.201694011688232,4.201694011688232,108801,0.0,0.0
2012-06-29 00:00:00+08:00,4.258218765258789,4.295903205871582,4.145168781280518,4.220536231994629,144360,0.0,0.0
2012-07-02 00:00:00+08:00,4.239377975463867,4.5031609535217285,4.220536231994629,4.5031609535217285,954798,0.0,0.0
2012-07-03 00:00:00+08:00,4.559686183929443,4.559686183929443,4.295903205871582,4.352427959442139,412383,0.0,0.0
2012-07-04 00:00:00+08:00,4.427793979644775,4.5031609535217285,4.295903205871582,4.352427959442139,166651,0.0,0.0
2012-07-05 00:00:00+08:00,4.3335862159729,4.427793979644775,4.314743995666504,4.352427959442139,195842,0.0,0.0
2012-07-06 00:00:00+08:00,4.390110969543457,4.4089531898498535,4.295903205871582,4.3335862159729,100309,0.0,0.0
2012-07-09 00:00:00+08:00,4.4089531898498535,4.4089531898498535,4.314743995666504,4.3335862159729,125784,0.0,0.0
2012-07-10 00:00:00+08:00,4.427793979644775,4.427793979644775,4.314743995666504,4.352427959442139,89694,0.0,0.0
2012-07-11 00:00:00+08:00,4.390110969543457,4.390110969543457,4.239377975463867,4.295903205871582,184696,0.0,0.0
2012-07-12 00:00:00+08:00,4.314743995666504,4.3335862159729,4.239377975463867,4.239377975463867,113577,0.0,0.0
2012-07-13 00:00:00+08:00,4.239377975463867,4.258218765258789,4.145168781280518,4.145168781280518,120477,0.0,0.0
2012-07-16 00:00:00+08:00,4.182851791381836,4.182851791381836,3.994436025619507,3.994436025619507,82795,0.0,0.0
2012-07-17 00:00:00+08:00,3.994436025619507,3.994436025619507,3.9190690517425537,3.9190690517425537,133746,0.0,0.0
2012-07-18 00:00:00+08:00,3.9190690517425537,4.013277053833008,3.9190690517425537,3.937911033630371,68465,0.0,0.0
2012-07-19 00:00:00+08:00,3.937911033630371,4.013277053833008,3.8248610496520996,3.8248610496520996,212295,0.0,0.0
2012-07-20 00:00:00+08:00,3.8248610496520996,3.9190690517425537,3.8248610496520996,3.862544059753418,82264,0.0,0.0
2012-07-23 00:00:00+08:00,3.9002270698547363,3.937911033630371,3.768336057662964,3.8813860416412354,95002,0.0,0.0
2012-07-24 00:00:00+08:00,3.8060190677642822,3.8437020778656006,3.730652093887329,3.730652093887329,47766,0.0,0.0
2012-07-25 00:00:00+08:00,3.6929690837860107,3.8060190677642822,3.6929690837860107,3.730652093887329,99778,0.0,0.0
2012-07-26 00:00:00+08:00,3.768336057662964,3.8437020778656006,3.768336057662964,3.768336057662964,52012,0.0,0.0
2012-07-27 00:00:00+08:00,3.9190690517425537,3.9190690517425537,3.862544059753418,3.862544059753418,96594,0.0,0.0
2012-07-30 00:00:00+08:00,3.9190690517425537,4.107485771179199,3.9190690517425537,3.937911033630371,211233,0.0,0.0
2012-07-31 00:00:00+08:00,3.956752061843872,3.994436025619507,3.8248610496520996,3.9190690517425537,102963,0.0,0.0
2012-08-01 00:00:00+08:00,3.8813860416412354,3.8813860416412354,3.8060190677642822,3.8060190677642822,126846,0.0,0.0
2012-08-02 00:00:00+08:00,3.8060190677642822,3.8060190677642822,3.8060190677642822,3.8060190677642822,0,0.0,0.0
2012-08-03 00:00:00+08:00,3.8060190677642822,3.8248610496520996,3.7494940757751465,3.7494940757751465,88633,0.0,0.0
2012-08-06 00:00:00+08:00,3.8060190677642822,3.862544059753418,3.7494940757751465,3.7494940757751465,146483,0.0,0.0
2012-08-07 00:00:00+08:00,3.7494940757751465,3.768336057662964,3.5799190998077393,3.598759889602661,128438,0.0,0.0
2012-08-08 00:00:00+08:00,3.768336057662964,3.768336057662964,3.598759889602661,3.598759889602661,133215,0.0,0.0
2012-08-09 00:00:00+08:00,3.6741271018981934,3.7494940757751465,3.636444091796875,3.730652093887329,152852,0.0,0.0
2012-08-10 00:00:00+08:00,3.7494940757751465,3.937911033630371,3.6929690837860107,3.787177085876465,237770,0.0,0.0
2012-08-13 00:00:00+08:00,3.8060190677642822,3.8437020778656006,3.768336057662964,3.768336057662964,128438,0.0,0.0
2012-08-14 00:00:00+08:00,3.8060190677642822,3.8437020778656006,3.8060190677642822,3.8248610496520996,115170,0.0,0.0
2012-08-15 00:00:00+08:00,3.8248610496520996,3.8437020778656006,3.7118101119995117,3.7118101119995117,228217,0.0,0.0
2012-08-16 00:00:00+08:00,3.730652093887329,3.8060190677642822,3.730652093887329,3.8060190677642822,123131,0.0,0.0
2012-08-17 00:00:00+08:00,3.8248610496520996,3.8437020778656006,3.768336057662964,3.787177085876465,92348,0.0,0.0
2012-08-20 00:00:00+08:00,3.8248610496520996,3.8437020778656006,3.7118101119995117,3.730652093887329,75895,0.0,0.0
2012-08-21 00:00:00+08:00,3.730652093887329,3.8060190677642822,3.730652093887329,3.8060190677642822,104555,0.0,0.0
2012-08-22 00:00:00+08:00,3.862544059753418,3.956752061843872,3.8437020778656006,3.9190690517425537,257408,0.0,0.0
2012-08-23 00:00:00+08:00,3.956752061843872,4.0698018074035645,3.9002270698547363,3.9002270698547363,195842,0.0,0.0
2012-08-24 00:00:00+08:00,3.956752061843872,4.032118797302246,3.862544059753418,3.9190690517425537,193188,0.0,0.0
2012-08-27 00:00:00+08:00,3.9755940437316895,3.9755940437316895,3.9002270698547363,3.9002270698547363,102432,0.0,0.0
2012-08-28 00:00:00+08:00,3.937911033630371,3.9755940437316895,3.8060190677642822,3.9002270698547363,253692,0.0,0.0
2012-08-29 00:00:00+08:00,3.956752061843872,3.956752061843872,3.862544059753418,3.9002270698547363,50950,0.0,0.0
2012-08-30 00:00:00+08:00,3.8437020778656006,4.164011001586914,3.8060190677642822,4.164011001586914,1155947,0.0,0.0
2012-08-31 00:00:00+08:00,4.2770609855651855,4.2770609855651855,4.013277053833008,4.013277053833008,659176,0.0,0.0
2012-09-03 00:00:00+08:00,3.994436025619507,4.013277053833008,3.7494940757751465,3.8060190677642822,605041,0.0,0.0
2012-09-04 00:00:00+08:00,3.8813860416412354,3.8813860416412354,3.6741271018981934,3.768336057662964,405484,0.0,0.0
2012-09-05 00:00:00+08:00,3.7494940757751465,3.787177085876465,3.6929690837860107,3.730652093887329,238832,0.0,0.0
2012-09-06 00:00:00+08:00,3.730652093887329,3.7494940757751465,3.6929690837860107,3.6929690837860107,168244,0.0,0.0
2012-09-07 00:00:00+08:00,3.730652093887329,3.8248610496520996,3.7118101119995117,3.768336057662964,289252,0.0,0.0
2012-09-10 00:00:00+08:00,3.768336057662964,3.8437020778656006,3.730652093887329,3.8060190677642822,237239,0.0,0.0
2012-09-11 00:00:00+08:00,3.862544059753418,3.862544059753418,3.787177085876465,3.787177085876465,191596,0.0,0.0
2012-09-12 00:00:00+08:00,3.8437020778656006,3.862544059753418,3.7494940757751465,3.7494940757751465,322688,0.0,0.0
2012-09-13 00:00:00+08:00,3.787177085876465,3.8248610496520996,3.7494940757751465,3.7494940757751465,253692,0.0,0.0
2012-09-14 00:00:00+08:00,3.8248610496520996,3.8437020778656006,3.636444091796875,3.6929690837860107,732949,0.0,0.0
2012-09-17 00:00:00+08:00,3.730652093887329,3.8060190677642822,3.7118101119995117,3.7494940757751465,212826,0.0,0.0
2012-09-18 00:00:00+08:00,3.8060190677642822,3.8060190677642822,3.7494940757751465,3.7494940757751465,172489,0.0,0.0
2012-09-19 00:00:00+08:00,3.787177085876465,3.787177085876465,3.6741271018981934,3.768336057662964,340733,0.0,0.0
2012-09-20 00:00:00+08:00,3.768336057662964,3.768336057662964,3.6929690837860107,3.730652093887329,205395,0.0,0.0
2012-09-21 00:00:00+08:00,3.7494940757751465,3.8248610496520996,3.730652093887329,3.768336057662964,577443,0.0,0.0
2012-09-24 00:00:00+08:00,3.8248610496520996,3.8248610496520996,3.730652093887329,3.768336057662964,349756,0.0,0.0
2012-09-25 00:00:00+08:00,3.768336057662964,3.8060190677642822,3.730652093887329,3.730652093887329,216010,0.0,0.0
2012-09-26 00:00:00+08:00,3.7494940757751465,3.768336057662964,3.6929690837860107,3.6929690837860107,183635,0.0,0.0
2012-09-27 00:00:00+08:00,3.7118101119995117,3.7494940757751465,3.6741271018981934,3.730652093887329,184166,0.0,0.0
2012-09-28 00:00:00+08:00,3.730652093887329,3.7494940757751465,3.655284881591797,3.655284881591797,231932,0.0,0.0
2012-10-01 00:00:00+08:00,3.655284881591797,3.7118101119995117,3.636444091796875,3.6741271018981934,100309,0.0,0.0
2012-10-02 00:00:00+08:00,3.6741271018981934,3.6929690837860107,3.636444091796875,3.636444091796875,178328,0.0,0.0
2012-10-03 00:00:00+08:00,3.636444091796875,3.6741271018981934,3.598759889602661,3.6176021099090576,252631,0.0,0.0
2012-10-04 00:00:00+08:00,3.636444091796875,3.636444091796875,3.561077117919922,3.5799190998077393,122600,0.0,0.0
2012-10-05 00:00:00+08:00,3.636444091796875,3.636444091796875,3.561077117919922,3.5799190998077393,179920,0.0,0.0
2012-10-08 00:00:00+08:00,3.6176021099090576,3.636444091796875,3.5799190998077393,3.598759889602661,122069,0.0,0.0
2012-10-09 00:00:00+08:00,3.636444091796875,3.8437020778656006,3.636444091796875,3.7494940757751465,839627,0.0,0.0
2012-10-11 00:00:00+08:00,3.7118101119995117,3.8060190677642822,3.5799190998077393,3.5799190998077393,464395,0.0,0.0
2012-10-12 00:00:00+08:00,3.5799190998077393,3.6741271018981934,3.561077117919922,3.561077117919922,303582,0.0,0.0
2012-10-15 00:00:00+08:00,3.5799190998077393,3.6176021099090576,3.5422348976135254,3.561077117919922,165590,0.0,0.0
2012-10-16 00:00:00+08:00,3.598759889602661,3.6176021099090576,3.429184913635254,3.4857099056243896,300928,0.0,0.0
2012-10-17 00:00:00+08:00,3.561077117919922,3.561077117919922,3.4857099056243896,3.504551887512207,84387,0.0,0.0
2012-10-18 00:00:00+08:00,3.561077117919922,3.561077117919922,3.4668691158294678,3.504551887512207,115700,0.0,0.0
2012-10-19 00:00:00+08:00,3.4857099056243896,3.4857099056243896,3.410343885421753,3.4480268955230713,216010,0.0,0.0
2012-10-22 00:00:00+08:00,3.410343885421753,3.4480268955230713,3.3915019035339355,3.410343885421753,170366,0.0,0.0
2012-10-23 00:00:00+08:00,3.410343885421753,3.4480268955230713,3.353818893432617,3.353818893432617,158690,0.0,0.0
2012-10-24 00:00:00+08:00,3.3161349296569824,3.372659921646118,3.3161349296569824,3.3161349296569824,97125,0.0,0.0
2012-10-25 00:00:00+08:00,3.372659921646118,3.3915019035339355,3.3161349296569824,3.3161349296569824,110393,0.0,0.0
2012-10-26 00:00:00+08:00,3.3161349296569824,3.3161349296569824,3.0900349617004395,3.146559953689575,408137,0.0,0.0
2012-10-29 00:00:00+08:00,3.1654019355773926,3.1654019355773926,2.9393019676208496,2.9581429958343506,498893,0.0,0.0
2012-10-30 00:00:00+08:00,2.769726037979126,3.146559953689575,2.769726037979126,3.146559953689575,813621,0.0,0.0
2012-10-31 00:00:00+08:00,3.1842429637908936,3.3349769115448,3.052351951599121,3.071192979812622,174082,0.0,0.0
2012-11-01 00:00:00+08:00,2.8639349937438965,2.976984977722168,2.8639349937438965,2.8639349937438965,517469,0.0,0.0
2012-11-02 00:00:00+08:00,2.901618003845215,2.9204599857330322,2.750885009765625,2.8639349937438965,322688,0.0,0.0
2012-11-05 00:00:00+08:00,2.845093011856079,2.845093011856079,2.675518035888672,2.675518035888672,409199,0.0,0.0
2012-11-06 00:00:00+08:00,2.6378350257873535,2.750885009765625,2.543626070022583,2.6566760540008545,417160,0.0,0.0
2012-11-07 00:00:00+08:00,2.6566720008850098,2.6566720008850098,2.6566720008850098,2.6566720008850098,0,0.0,0.62
2012-11-08 00:00:00+08:00,2.6566720008850098,2.6566720008850098,2.6566720008850098,2.6566720008850098,0,0.0,0.0
2012-11-09 00:00:00+08:00,2.6566720008850098,2.6566720008850098,2.6566720008850098,2.6566720008850098,0,0.0,0.0
2012-11-12 00:00:00+08:00,2.6566720008850098,2.6566720008850098,2.6566720008850098,2.6566720008850098,0,0.0,0.0
2012-11-13 00:00:00+08:00,2.6566720008850098,2.6566720008850098,2.6566720008850098,2.6566720008850098,0,0.0,0.0
2012-11-14 00:00:00+08:00,2.6566720008850098,2.6566720008850098,2.6566720008850098,2.6566720008850098,0,0.0,0.0
2012-11-15 00:00:00+08:00,2.6566720008850098,2.6566720008850098,2.6566720008850098,2.6566720008850098,0,0.0,0.0
2012-11-16 00:00:00+08:00,2.6566720008850098,2.6566720008850098,2.6566720008850098,2.6566720008850098,0,0.0,0.0
2012-11-19 00:00:00+08:00,2.827004909515381,2.827004909515381,2.827004909515381,2.827004909515381,209727,0.0,0.0
2012-11-20 00:00:00+08:00,3.0139150619506836,3.0139150619506836,3.0139150619506836,3.0139150619506836,201166,0.0,0.0
2012-11-21 00:00:00+08:00,3.2241880893707275,3.2241880893707275,2.838686943054199,2.96718692779541,1617895,0.0,0.0
2012-11-22 00:00:00+08:00,2.9204599857330322,3.037277936935425,2.8036420345306396,2.9788689613342285,598364,0.0,0.0
2012-11-23 00:00:00+08:00,3.0139150619506836,3.0139150619506836,2.862051010131836,2.885413885116577,487080,0.0,0.0
2012-11-26 00:00:00+08:00,2.8970959186553955,3.0840060710906982,2.8970959186553955,3.0840060710906982,588948,0.0,0.0
2012-11-27 00:00:00+08:00,3.282597064971924,3.282597064971924,3.0606420040130615,3.154097080230713,588948,0.0,0.0
2012-11-28 00:00:00+08:00,3.130733013153076,3.235869884490967,3.130733013153076,3.200824022293091,527314,0.0,0.0
2012-11-29 00:00:00+08:00,3.1891419887542725,3.3293240070343018,3.177459955215454,3.235869884490967,463111,0.0,0.0
2012-11-30 00:00:00+08:00,3.235869884490967,3.457824945449829,3.2241880893707275,3.457824945449829,1265211,0.0,0.0
2012-12-03 00:00:00+08:00,3.469506025314331,3.6914610862731934,3.469506025314331,3.6914610862731934,2676803,0.0,0.0
2012-12-04 00:00:00+08:00,3.7381889820098877,3.9484620094299316,3.7381889820098877,3.9484620094299316,956184,0.0,0.0
2012-12-05 00:00:00+08:00,4.217144012451172,4.217144012451172,4.217144012451172,4.217144012451172,353540,0.0,0.0
2012-12-06 00:00:00+08:00,4.509190082550049,4.509190082550049,4.509190082550049,4.509190082550049,276497,0.0,0.0
2012-12-07 00:00:00+08:00,4.8246002197265625,4.8246002197265625,4.509190082550049,4.754508972167969,6760920,0.0,0.0
2012-12-10 00:00:00+08:00,4.672736167907715,5.081601142883301,4.4858269691467285,4.801236152648926,2547543,0.0,0.0
2012-12-11 00:00:00+08:00,4.801236152648926,4.801236152648926,4.47414493560791,4.672736167907715,2844585,0.0,0.0
2012-12-12 00:00:00+08:00,4.696100234985352,4.731144905090332,4.47414493560791,4.567599773406982,841476,0.0,0.0
2012-12-13 00:00:00+08:00,4.567599773406982,4.88300895690918,4.567599773406982,4.871326923370361,2716181,0.0,0.0
2012-12-14 00:00:00+08:00,4.847963809967041,4.894690990447998,4.555918216705322,4.6143269538879395,2931900,0.0,0.0
2012-12-17 00:00:00+08:00,4.544236183166504,4.6143269538879395,4.439098834991455,4.439098834991455,1015250,0.0,0.0
2012-12-18 00:00:00+08:00,4.439098834991455,4.555918216705322,4.22882604598999,4.22882604598999,945912,0.0,0.0
2012-12-19 00:00:00+08:00,4.263872146606445,4.520872116088867,4.263872146606445,4.450780868530273,981865,0.0,0.0
2012-12-20 00:00:00+08:00,4.3222808837890625,4.544236183166504,4.3222808837890625,4.544236183166504,554707,0.0,0.0
2012-12-21 00:00:00+08:00,4.555918216705322,4.555918216705322,4.427418231964111,4.544236183166504,206303,0.0,0.0
2012-12-24 00:00:00+08:00,4.47414493560791,4.6143269538879395,4.47414493560791,4.4858269691467285,406613,0.0,0.0
2012-12-25 00:00:00+08:00,4.4858269691467285,4.555918216705322,4.439098834991455,4.5325541496276855,385213,0.0,0.0
2012-12-26 00:00:00+08:00,4.5325541496276855,4.6143269538879395,4.5325541496276855,4.544236183166504,279065,0.0,0.0
2012-12-27 00:00:00+08:00,4.5325541496276855,4.567599773406982,4.47414493560791,4.555918216705322,201166,0.0,0.0
2012-12-28 00:00:00+08:00,4.4858269691467285,4.602644920349121,4.392372131347656,4.590962886810303,831204,0.0,0.0
2013-01-02 00:00:00+08:00,4.555918216705322,4.602644920349121,4.462462902069092,4.462462902069092,632605,0.0,0.0
2013-01-03 00:00:00+08:00,4.509190082550049,4.5325541496276855,4.439098834991455,4.497509002685547,325291,0.0,0.0
2013-01-04 00:00:00+08:00,4.450780868530273,4.497509002685547,4.439098834991455,4.462462902069092,152373,0.0,0.0
2013-01-07 00:00:00+08:00,4.462462902069092,4.731144905090332,4.450780868530273,4.6610541343688965,844901,0.0,0.0
2013-01-08 00:00:00+08:00,4.649372100830078,4.684418201446533,4.5325541496276855,4.626008987426758,298754,0.0,0.0
2013-01-09 00:00:00+08:00,4.626008987426758,4.649372100830078,4.5325541496276855,4.555918216705322,237976,0.0,0.0
2013-01-10 00:00:00+08:00,4.672736167907715,4.672736167907715,4.5325541496276855,4.5325541496276855,202022,0.0,0.0
2013-01-11 00:00:00+08:00,4.5325541496276855,4.602644920349121,4.5325541496276855,4.5325541496276855,254240,0.0,0.0
2013-01-14 00:00:00+08:00,4.544236183166504,4.555918216705322,4.450780868530273,4.5325541496276855,316730,0.0,0.0
2013-01-15 00:00:00+08:00,4.462462902069092,4.555918216705322,4.450780868530273,4.450780868530273,331283,0.0,0.0
2013-01-16 00:00:00+08:00,4.439098834991455,4.520872116088867,4.404054164886475,4.462462902069092,400621,0.0,0.0
2013-01-17 00:00:00+08:00,4.462462902069092,4.47414493560791,4.1587347984313965,4.392372131347656,449415,0.0,0.0
2013-01-18 00:00:00+08:00,4.392372131347656,4.47414493560791,4.100326061248779,4.462462902069092,1198441,0.0,0.0
2013-01-21 00:00:00+08:00,4.415736198425293,4.520872116088867,4.287234783172607,4.450780868530273,404045,0.0,0.0
2013-01-22 00:00:00+08:00,4.427418231964111,4.439098834991455,4.298916816711426,4.298916816711426,195174,0.0,0.0
2013-01-23 00:00:00+08:00,4.22882604598999,4.357326030731201,4.20546293258667,4.275554180145264,166069,0.0,0.0
2013-01-24 00:00:00+08:00,4.22882604598999,4.357326030731201,4.182098865509033,4.182098865509033,278209,0.0,0.0
2013-01-25 00:00:00+08:00,4.287234783172607,4.287234783172607,4.053598880767822,4.053598880767822,424590,0.0,0.0
2013-01-28 00:00:00+08:00,4.076961994171143,4.076961994171143,3.796597957611084,3.796597957611084,1029803,0.0,0.0
2013-01-29 00:00:00+08:00,3.7381889820098877,3.9134159088134766,3.7381889820098877,3.8199620246887207,417742,0.0,0.0
2013-01-30 00:00:00+08:00,3.8199620246887207,4.0302348136901855,3.8199620246887207,3.9484620094299316,385213,0.0,0.0
2013-01-31 00:00:00+08:00,3.9718260765075684,4.041916847229004,3.9484620094299316,3.9718260765075684,333851,0.0,0.0
2013-02-01 00:00:00+08:00,3.9951889514923096,4.0302348136901855,3.925097942352295,3.9484620094299316,352684,0.0,0.0
2013-02-04 00:00:00+08:00,3.9718260765075684,4.20546293258667,3.925097942352295,4.112008094787598,624901,0.0,0.0
2013-02-05 00:00:00+08:00,4.123690128326416,4.193780899047852,4.0302348136901855,4.065279960632324,436574,0.0,0.0
2013-02-06 00:00:00+08:00,4.088644027709961,4.112008094787598,3.831644058227539,3.8666889667510986,469960,0.0,0.0
2013-02-18 00:00:00+08:00,3.8900530338287354,3.9718260765075684,3.7849159240722656,3.796597957611084,513617,0.0,0.0
2013-02-19 00:00:00+08:00,3.796597957611084,3.843324899673462,3.7031428813934326,3.8082799911499023,650582,0.0,0.0
2013-02-20 00:00:00+08:00,3.7732338905334473,3.96014404296875,3.7732338905334473,3.925097942352295,635173,0.0,0.0
2013-02-21 00:00:00+08:00,3.8550069332122803,4.076961994171143,3.8550069332122803,3.9835081100463867,331283,0.0,0.0
2013-02-22 00:00:00+08:00,3.9484620094299316,3.9484620094299316,3.878371000289917,3.9017350673675537,266225,0.0,0.0
2013-02-25 00:00:00+08:00,3.9835081100463867,4.018552780151367,3.9134159088134766,3.925097942352295,215719,0.0,0.0
2013-02-26 00:00:00+08:00,3.9017350673675537,3.96014404296875,3.8666889667510986,3.9134159088134766,301322,0.0,0.0
2013-02-27 00:00:00+08:00,3.9134159088134766,3.9367799758911133,3.831644058227539,3.843324899673462,280777,0.0,0.0
2013-03-01 00:00:00+08:00,3.9017350673675537,3.9017350673675537,3.8199620246887207,3.843324899673462,166925,0.0,0.0
2013-03-04 00:00:00+08:00,3.8550069332122803,3.8550069332122803,3.7615530490875244,3.796597957611084,160933,0.0,0.0
2013-03-05 00:00:00+08:00,3.796597957611084,3.8550069332122803,3.796597957611084,3.8550069332122803,164357,0.0,0.0
2013-03-06 00:00:00+08:00,3.9134159088134766,3.9134159088134766,3.749871015548706,3.8082799911499023,317586,0.0,0.0
2013-03-07 00:00:00+08:00,3.7849159240722656,3.831644058227539,3.7732338905334473,3.796597957611084,267081,0.0,0.0
2013-03-08 00:00:00+08:00,3.8199620246887207,3.96014404296875,3.8199620246887207,3.9484620094299316,671983,0.0,0.0
2013-03-11 00:00:00+08:00,3.96014404296875,3.9951889514923096,3.9134159088134766,3.9835081100463867,552994,0.0,0.0
2013-03-12 00:00:00+08:00,3.9718260765075684,4.006871223449707,3.9134159088134766,3.96014404296875,317229,0.0,0.0
2013-03-13 00:00:00+08:00,3.9718260765075684,3.9835081100463867,3.843324899673462,3.878371000289917,440855,0.0,0.0
2013-03-14 00:00:00+08:00,3.9484620094299316,3.9484620094299316,3.7615530490875244,3.9017350673675537,491972,0.0,0.0
2013-03-15 00:00:00+08:00,3.9017350673675537,3.9017350673675537,3.7849159240722656,3.8082799911499023,319333,0.0,0.0
2013-03-18 00:00:00+08:00,3.8082799911499023,3.8199620246887207,3.7732338905334473,3.8082799911499023,127377,0.0,0.0
2013-03-19 00:00:00+08:00,3.8082799911499023,3.8666889667510986,3.7265069484710693,3.7265069484710693,446049,0.0,0.0
2013-03-20 00:00:00+08:00,3.749871015548706,3.796597957611084,3.668097972869873,3.6914610862731934,284204,0.0,0.0
2013-03-21 00:00:00+08:00,3.7031428813934326,3.749871015548706,3.5746428966522217,3.6447339057922363,156653,0.0,0.0
2013-03-22 00:00:00+08:00,3.6447339057922363,3.7031428813934326,3.5980069637298584,3.6797800064086914,484220,0.0,0.0
2013-03-25 00:00:00+08:00,3.6797800064086914,3.714824914932251,3.6447339057922363,3.668097972869873,184057,0.0,0.0
2013-03-26 00:00:00+08:00,3.6797800064086914,3.714824914932251,3.6213700771331787,3.6914610862731934,458468,0.0,0.0
2013-03-27 00:00:00+08:00,3.6914610862731934,3.6914610862731934,3.6213700771331787,3.6564159393310547,149048,0.0,0.0
2013-03-28 00:00:00+08:00,3.6213700771331787,3.6564159393310547,3.6096889972686768,3.6564159393310547,62752,0.0,0.0
2013-03-29 00:00:00+08:00,3.6914610862731934,3.6914610862731934,3.633052110671997,3.633052110671997,265443,0.0,0.0
2013-04-01 00:00:00+08:00,3.6447339057922363,3.6447339057922363,3.422779083251953,3.4811880588531494,448404,0.0,0.0
2013-04-02 00:00:00+08:00,3.469506025314331,3.58632493019104,3.469506025314331,3.551279067993164,303657,0.0,0.0
2013-04-03 00:00:00+08:00,3.5162339210510254,3.5629611015319824,3.34100604057312,3.34100604057312,552138,0.0,0.0
2013-04-08 00:00:00+08:00,3.1424150466918945,3.154097080230713,3.1073689460754395,3.1073689460754395,685721,0.0,0.0
2013-04-09 00:00:00+08:00,3.1073689460754395,3.154097080230713,3.037277936935425,3.0956881046295166,201558,0.0,0.0
2013-04-10 00:00:00+08:00,3.0956881046295166,3.1424150466918945,3.0956881046295166,3.130733013153076,104030,0.0,0.0
2013-04-11 00:00:00+08:00,3.177459955215454,3.2241880893707275,3.1424150466918945,3.1424150466918945,285889,0.0,0.0
2013-04-12 00:00:00+08:00,3.1657791137695312,3.212506055831909,3.154097080230713,3.177459955215454,125665,0.0,0.0
2013-04-15 00:00:00+08:00,3.2241880893707275,3.3994150161743164,3.177459955215454,3.3994150161743164,671421,0.0,0.0
2013-04-16 00:00:00+08:00,3.3877339363098145,3.6213700771331787,3.3526880741119385,3.5980069637298584,801805,0.0,0.0
2013-04-17 00:00:00+08:00,3.5980069637298584,3.5980069637298584,3.4811880588531494,3.4928700923919678,324878,0.0,0.0
2013-04-18 00:00:00+08:00,3.4928700923919678,3.504551887512207,3.3293240070343018,3.3994150161743164,140279,0.0,0.0
2013-04-19 00:00:00+08:00,3.3994150161743164,3.4811880588531494,3.376051902770996,3.4110970497131348,117281,0.0,0.0
2013-04-22 00:00:00+08:00,3.469506025314331,3.4928700923919678,3.4110970497131348,3.422779083251953,227426,0.0,0.0
2013-04-23 00:00:00+08:00,3.422779083251953,3.6096889972686768,3.422779083251953,3.4928700923919678,786598,0.0,0.0
2013-04-24 00:00:00+08:00,3.5162339210510254,3.6797800064086914,3.4811880588531494,3.668097972869873,787509,0.0,0.0
2013-04-25 00:00:00+08:00,3.6564159393310547,3.8900530338287354,3.6564159393310547,3.668097972869873,773717,0.0,0.0
2013-04-26 00:00:00+08:00,3.668097972869873,3.7615530490875244,3.5980069637298584,3.5980069637298584,556033,0.0,0.0
2013-04-29 00:00:00+08:00,3.6564159393310547,3.6564159393310547,3.539597988128662,3.551279067993164,150370,0.0,0.0
2013-04-30 00:00:00+08:00,3.5629611015319824,3.5746428966522217,3.3877339363098145,3.422779083251953,356176,0.0,0.0
2013-05-02 00:00:00+08:00,3.4344611167907715,3.5279159545898438,3.4344611167907715,3.457824945449829,247221,0.0,0.0
2013-05-03 00:00:00+08:00,3.4811880588531494,3.4811880588531494,3.4110970497131348,3.4461429119110107,156548,0.0,0.0
2013-05-06 00:00:00+08:00,3.4461429119110107,3.504551887512207,3.4344611167907715,3.504551887512207,197153,0.0,0.0
2013-05-07 00:00:00+08:00,3.5629611015319824,3.5629611015319824,3.469506025314331,3.4928700923919678,133009,0.0,0.0
2013-05-08 00:00:00+08:00,3.4928700923919678,3.5162339210510254,3.3994150161743164,3.457824945449829,354180,0.0,0.0
2013-05-09 00:00:00+08:00,3.469506025314331,3.5629611015319824,3.4461429119110107,3.504551887512207,467006,0.0,0.0
2013-05-10 00:00:00+08:00,3.5162339210510254,3.551279067993164,3.469506025314331,3.4811880588531494,166809,0.0,0.0
2013-05-13 00:00:00+08:00,3.3994150161743164,3.5162339210510254,3.3526880741119385,3.3994150161743164,204594,0.0,0.0
2013-05-14 00:00:00+08:00,3.504551887512207,3.504551887512207,3.34100604057312,3.376051902770996,255014,0.0,0.0
2013-05-15 00:00:00+08:00,3.376051902770996,3.422779083251953,3.3176429271698,3.4110970497131348,295258,0.0,0.0
2013-05-16 00:00:00+08:00,3.3877339363098145,3.4461429119110107,3.364370107650757,3.364370107650757,349223,0.0,0.0
2013-05-17 00:00:00+08:00,3.4110970497131348,3.4344611167907715,3.364370107650757,3.364370107650757,479684,0.0,0.0
2013-05-20 00:00:00+08:00,3.422779083251953,3.5980069637298584,3.422779083251953,3.5980069637298584,743072,0.0,0.0
2013-05-21 00:00:00+08:00,3.8082799911499023,3.843324899673462,3.6797800064086914,3.843324899673462,1189165,0.0,0.0
2013-05-22 00:00:00+08:00,4.006871223449707,4.112008094787598,3.796597957611084,4.112008094787598,2521326,0.0,0.0
2013-05-23 00:00:00+08:00,4.088644027709961,4.22882604598999,3.96014404296875,3.9718260765075684,2038430,0.0,0.0
2013-05-24 00:00:00+08:00,3.9835081100463867,4.053598880767822,3.9134159088134766,3.925097942352295,891528,0.0,0.0
2013-05-27 00:00:00+08:00,3.9134159088134766,3.9718260765075684,3.8082799911499023,3.8550069332122803,524061,0.0,0.0
2013-05-28 00:00:00+08:00,3.831644058227539,3.8900530338287354,3.7849159240722656,3.8082799911499023,440263,0.0,0.0
2013-05-29 00:00:00+08:00,3.8550069332122803,3.8900530338287354,3.8082799911499023,3.8199620246887207,925881,0.0,0.0
2013-05-30 00:00:00+08:00,3.8082799911499023,4.076961994171143,3.8082799911499023,4.076961994171143,2539280,0.0,0.0
2013-05-31 00:00:00+08:00,4.22882604598999,4.345644950866699,4.006871223449707,4.20546293258667,2363828,0.0,0.0
2013-06-03 00:00:00+08:00,4.123690128326416,4.217144012451172,4.006871223449707,4.088644027709961,871544,0.0,0.0
2013-06-04 00:00:00+08:00,4.147052764892578,4.147052764892578,3.9484620094299316,3.9484620094299316,816994,0.0,0.0
2013-06-05 00:00:00+08:00,3.9484620094299316,4.0302348136901855,3.9017350673675537,4.006871223449707,378578,0.0,0.0
2013-06-06 00:00:00+08:00,4.041916847229004,4.041916847229004,3.831644058227539,3.831644058227539,438879,0.0,0.0
2013-06-07 00:00:00+08:00,3.831644058227539,3.925097942352295,3.714824914932251,3.7381889820098877,476111,0.0,0.0
2013-06-10 00:00:00+08:00,3.843324899673462,3.878371000289917,3.749871015548706,3.796597957611084,276318,0.0,0.0
2013-06-11 00:00:00+08:00,3.843324899673462,3.843324899673462,3.633052110671997,3.633052110671997,217362,0.0,0.0
2013-06-13 00:00:00+08:00,3.5162339210510254,3.6096889972686768,3.422779083251953,3.422779083251953,561024,0.0,0.0
2013-06-14 00:00:00+08:00,3.422779083251953,3.539597988128662,3.422779083251953,3.539597988128662,596105,0.0,0.0
2013-06-17 00:00:00+08:00,3.5629611015319824,3.58632493019104,3.4811880588531494,3.539597988128662,400368,0.0,0.0
2013-06-18 00:00:00+08:00,3.5629611015319824,3.5746428966522217,3.4461429119110107,3.469506025314331,1434831,0.0,0.0
2013-06-19 00:00:00+08:00,3.4811880588531494,3.539597988128662,3.4461429119110107,3.4461429119110107,422227,0.0,0.0
2013-06-20 00:00:00+08:00,3.4928700923919678,3.4928700923919678,3.34100604057312,3.3877339363098145,641678,0.0,0.0
2013-06-21 00:00:00+08:00,3.364370107650757,3.4110970497131348,3.282597064971924,3.4110970497131348,220256,0.0,0.0
2013-06-24 00:00:00+08:00,3.364370107650757,3.4811880588531494,3.364370107650757,3.3994150161743164,297988,0.0,0.0
2013-06-25 00:00:00+08:00,3.422779083251953,3.422779083251953,3.3059608936309814,3.3059608936309814,281530,0.0,0.0
2013-06-26 00:00:00+08:00,3.376051902770996,3.4344611167907715,3.34100604057312,3.3526880741119385,547869,0.0,0.0
2013-06-27 00:00:00+08:00,3.3526880741119385,3.457824945449829,3.3293240070343018,3.376051902770996,458906,0.0,0.0
2013-06-28 00:00:00+08:00,3.422779083251953,3.5279159545898438,3.3877339363098145,3.4811880588531494,450102,0.0,0.0
2013-07-01 00:00:00+08:00,3.4811880588531494,3.5279159545898438,3.422779083251953,3.4811880588531494,344121,0.0,0.0
2013-07-02 00:00:00+08:00,3.5279159545898438,3.539597988128662,3.469506025314331,3.469506025314331,162851,0.0,0.0
2013-07-03 00:00:00+08:00,3.469506025314331,3.4928700923919678,3.364370107650757,3.4461429119110107,537483,0.0,0.0
2013-07-04 00:00:00+08:00,3.3877339363098145,3.4110970497131348,3.364370107650757,3.376051902770996,240207,0.0,0.0
2013-07-05 00:00:00+08:00,3.3293240070343018,3.422779083251953,3.3293240070343018,3.34100604057312,484259,0.0,0.0
2013-07-08 00:00:00+08:00,3.34100604057312,3.34100604057312,3.3059608936309814,3.3059608936309814,92536,0.0,0.0
2013-07-09 00:00:00+08:00,3.3059608936309814,3.3176429271698,3.259232997894287,3.2709150314331055,444108,0.0,0.0
2013-07-10 00:00:00+08:00,3.34100604057312,3.34100604057312,3.294279098510742,3.294279098510742,208888,0.0,0.0
2013-07-11 00:00:00+08:00,3.294279098510742,3.34100604057312,3.2709150314331055,3.3059608936309814,599721,0.0,0.0
2013-07-12 00:00:00+08:00,3.294279098510742,3.3293240070343018,3.2709150314331055,3.2709150314331055,439999,0.0,0.0
2013-07-15 00:00:00+08:00,3.3059608936309814,3.3059608936309814,3.212506055831909,3.2709150314331055,262924,0.0,0.0
2013-07-16 00:00:00+08:00,3.212506055831909,3.3059608936309814,3.212506055831909,3.259232997894287,166240,0.0,0.0
2013-07-17 00:00:00+08:00,3.2709150314331055,3.3059608936309814,3.2475509643554688,3.2475509643554688,184225,0.0,0.0
2013-07-18 00:00:00+08:00,3.259232997894287,3.2709150314331055,3.1891419887542725,3.2241880893707275,201645,0.0,0.0
2013-07-19 00:00:00+08:00,3.2475509643554688,3.2475509643554688,3.1657791137695312,3.177459955215454,250190,0.0,0.0
2013-07-22 00:00:00+08:00,3.177459955215454,3.2241880893707275,3.177459955215454,3.212506055831909,83939,0.0,0.0
2013-07-23 00:00:00+08:00,3.212506055831909,3.259232997894287,3.200824022293091,3.212506055831909,168024,0.0,0.0
2013-07-24 00:00:00+08:00,3.2475509643554688,3.2475509643554688,3.1891419887542725,3.212506055831909,155848,0.0,0.0
2013-07-25 00:00:00+08:00,3.212506055831909,3.235869884490967,3.200824022293091,3.212506055831909,139960,0.0,0.0
2013-07-26 00:00:00+08:00,3.212506055831909,3.2475509643554688,3.200824022293091,3.200824022293091,291194,0.0,0.0
2013-07-29 00:00:00+08:00,3.1657791137695312,3.2241880893707275,2.9788689613342285,3.0840060710906982,610119,0.0,0.0
2013-07-30 00:00:00+08:00,3.0840060710906982,3.1657791137695312,3.07232403755188,3.0956881046295166,480900,0.0,0.0
2013-07-31 00:00:00+08:00,3.130733013153076,3.177459955215454,3.0840060710906982,3.1424150466918945,429903,0.0,0.0
2013-08-01 00:00:00+08:00,3.1424150466918945,3.1891419887542725,3.119050979614258,3.119050979614258,141775,0.0,0.0
2013-08-02 00:00:00+08:00,3.177459955215454,3.177459955215454,3.0956881046295166,3.0956881046295166,121087,0.0,0.0
2013-08-05 00:00:00+08:00,3.037277936935425,3.1424150466918945,3.037277936935425,3.0956881046295166,151003,0.0,0.0
2013-08-06 00:00:00+08:00,3.0956881046295166,3.1073689460754395,3.0255959033966064,3.1073689460754395,250013,0.0,0.0
2013-08-07 00:00:00+08:00,3.0840060710906982,3.0956881046295166,3.037277936935425,3.037277936935425,66094,0.0,0.0
2013-08-08 00:00:00+08:00,3.037277936935425,3.0956881046295166,3.037277936935425,3.0956881046295166,49124,0.0,0.0
2013-08-09 00:00:00+08:00,3.0956881046295166,3.1073689460754395,3.07232403755188,3.07232403755188,54100,0.0,0.0
2013-08-12 00:00:00+08:00,3.07232403755188,3.130733013153076,3.0139150619506836,3.0606420040130615,474428,0.0,0.0
2013-08-13 00:00:00+08:00,3.0606420040130615,3.1073689460754395,3.048959970474243,3.048959970474243,201031,0.0,0.0
2013-08-14 00:00:00+08:00,3.048959970474243,3.259232997894287,3.0139150619506836,3.259232997894287,1129068,0.0,0.0
2013-08-15 00:00:00+08:00,3.4811880588531494,3.4811880588531494,3.3293240070343018,3.4811880588531494,3794831,0.0,0.0
2013-08-16 00:00:00+08:00,3.3526880741119385,3.6447339057922363,3.34100604057312,3.5746428966522217,2462473,0.0,0.0
2013-08-19 00:00:00+08:00,3.5980069637298584,3.7732338905334473,3.5629611015319824,3.7615530490875244,1827256,0.0,0.0
2013-08-20 00:00:00+08:00,3.796597957611084,3.831644058227539,3.6447339057922363,3.7031428813934326,1058414,0.0,0.0
2013-08-22 00:00:00+08:00,3.6797800064086914,3.6914610862731934,3.5279159545898438,3.58632493019104,701456,0.0,0.0
2013-08-23 00:00:00+08:00,3.6213700771331787,3.831644058227539,3.58632493019104,3.7031428813934326,1415666,0.0,0.0
2013-08-26 00:00:00+08:00,3.7381889820098877,3.9484620094299316,3.7381889820098877,3.9017350673675537,1927588,0.0,0.0
2013-08-27 00:00:00+08:00,3.9134159088134766,3.9134159088134766,3.714824914932251,3.749871015548706,813643,0.0,0.0
2013-08-28 00:00:00+08:00,3.633052110671997,3.7381889820098877,3.6213700771331787,3.6447339057922363,472656,0.0,0.0
2013-08-29 00:00:00+08:00,3.7265069484710693,3.7265069484710693,3.5746428966522217,3.5980069637298584,909091,0.0,0.0
2013-08-30 00:00:00+08:00,3.5980069637298584,3.749871015548706,3.5980069637298584,3.633052110671997,1147918,0.0,0.0
2013-09-02 00:00:00+08:00,3.7031428813934326,3.7381889820098877,3.633052110671997,3.6447339057922363,1198299,0.0,0.0
2013-09-03 00:00:00+08:00,3.7381889820098877,3.7381889820098877,3.6564159393310547,3.6797800064086914,678321,0.0,0.0
2013-09-04 00:00:00+08:00,3.6797800064086914,3.714824914932251,3.6213700771331787,3.633052110671997,451152,0.0,0.0
2013-09-05 00:00:00+08:00,3.6564159393310547,3.7031428813934326,3.6096889972686768,3.6213700771331787,570803,0.0,0.0
2013-09-06 00:00:00+08:00,3.6564159393310547,3.6797800064086914,3.6213700771331787,3.6213700771331787,641656,0.0,0.0
2013-09-09 00:00:00+08:00,3.6797800064086914,3.6797800064086914,3.5629611015319824,3.5629611015319824,515328,0.0,0.0
2013-09-10 00:00:00+08:00,3.58632493019104,3.58632493019104,3.5162339210510254,3.5279159545898438,477173,0.0,0.0
2013-09-11 00:00:00+08:00,3.5279159545898438,3.5629611015319824,3.469506025314331,3.4811880588531494,337552,0.0,0.0
2013-09-12 00:00:00+08:00,3.4811880588531494,3.5279159545898438,3.3877339363098145,3.469506025314331,580762,0.0,0.0
2013-09-13 00:00:00+08:00,3.457824945449829,3.4811880588531494,3.422779083251953,3.4461429119110107,253677,0.0,0.0
2013-09-16 00:00:00+08:00,3.376051902770996,3.4461429119110107,3.376051902770996,3.4344611167907715,268826,0.0,0.0
2013-09-17 00:00:00+08:00,3.504551887512207,3.504551887512207,3.4110970497131348,3.4461429119110107,246366,0.0,0.0
2013-09-18 00:00:00+08:00,3.4811880588531494,3.4811880588531494,3.3994150161743164,3.4344611167907715,257214,0.0,0.0
2013-09-23 00:00:00+08:00,3.457824945449829,3.469506025314331,3.4344611167907715,3.4344611167907715,206450,0.0,0.0
2013-09-24 00:00:00+08:00,3.3994150161743164,3.469506025314331,3.3994150161743164,3.422779083251953,381015,0.0,0.0
2013-09-25 00:00:00+08:00,3.422779083251953,3.504551887512207,3.4110970497131348,3.504551887512207,628953,0.0,0.0
2013-09-26 00:00:00+08:00,3.5162339210510254,3.539597988128662,3.469506025314331,3.504551887512207,547001,0.0,0.0
2013-09-27 00:00:00+08:00,3.504551887512207,3.5629611015319824,3.504551887512207,3.5162339210510254,304402,0.0,0.0
2013-09-30 00:00:00+08:00,3.5279159545898438,3.5629611015319824,3.4928700923919678,3.504551887512207,261938,0.0,0.0
2013-10-01 00:00:00+08:00,3.504551887512207,3.551279067993164,3.4928700923919678,3.504551887512207,270239,0.0,0.0
2013-10-02 00:00:00+08:00,3.5279159545898438,3.539597988128662,3.504551887512207,3.504551887512207,248719,0.0,0.0
2013-10-03 00:00:00+08:00,3.4928700923919678,3.7265069484710693,3.4928700923919678,3.6213700771331787,812698,0.0,0.0
2013-10-04 00:00:00+08:00,3.6213700771331787,3.6213700771331787,3.539597988128662,3.539597988128662,471828,0.0,0.0
2013-10-07 00:00:00+08:00,3.5629611015319824,3.5980069637298584,3.4928700923919678,3.4928700923919678,657021,0.0,0.0
2013-10-08 00:00:00+08:00,3.5279159545898438,3.5629611015319824,3.469506025314331,3.5162339210510254,527647,0.0,0.0
2013-10-09 00:00:00+08:00,3.504551887512207,3.539597988128662,3.469506025314331,3.4811880588531494,382723,0.0,0.0
2013-10-11 00:00:00+08:00,3.539597988128662,3.58632493019104,3.4461429119110107,3.504551887512207,584891,0.0,0.0
2013-10-14 00:00:00+08:00,3.5279159545898438,3.5279159545898438,3.4110970497131348,3.4344611167907715,305504,0.0,0.0
2013-10-15 00:00:00+08:00,3.4110970497131348,3.504551887512207,3.4110970497131348,3.4344611167907715,333909,0.0,0.0
2013-10-16 00:00:00+08:00,3.4928700923919678,3.4928700923919678,3.4344611167907715,3.4344611167907715,364535,0.0,0.0
2013-10-17 00:00:00+08:00,3.4461429119110107,3.4928700923919678,3.422779083251953,3.4811880588531494,365155,0.0,0.0
2013-10-18 00:00:00+08:00,3.4811880588531494,3.4928700923919678,3.4461429119110107,3.4928700923919678,287694,0.0,0.0
2013-10-21 00:00:00+08:00,3.504551887512207,3.504551887512207,3.4461429119110107,3.469506025314331,167989,0.0,0.0
2013-10-22 00:00:00+08:00,3.4811880588531494,3.504551887512207,3.4461429119110107,3.4928700923919678,306835,0.0,0.0
2013-10-23 00:00:00+08:00,3.4811880588531494,3.4928700923919678,3.422779083251953,3.422779083251953,304119,0.0,0.0
2013-10-24 00:00:00+08:00,3.422779083251953,3.4461429119110107,3.364370107650757,3.3877339363098145,526771,0.0,0.0
2013-10-25 00:00:00+08:00,3.376051902770996,3.4110970497131348,3.376051902770996,3.4110970497131348,194164,0.0,0.0
2013-10-28 00:00:00+08:00,3.4461429119110107,3.4461429119110107,3.376051902770996,3.376051902770996,183926,0.0,0.0
2013-10-29 00:00:00+08:00,3.3526880741119385,3.4110970497131348,3.3526880741119385,3.4110970497131348,82401,0.0,0.0
2013-10-30 00:00:00+08:00,3.3994150161743164,3.4344611167907715,3.3994150161743164,3.4344611167907715,182936,0.0,0.0
2013-10-31 00:00:00+08:00,3.4344611167907715,3.4344611167907715,3.376051902770996,3.3877339363098145,149832,0.0,0.0
2013-11-01 00:00:00+08:00,3.376051902770996,3.4110970497131348,3.3526880741119385,3.3526880741119385,146160,0.0,0.0
2013-11-04 00:00:00+08:00,3.3526880741119385,3.3994150161743164,3.3176429271698,3.364370107650757,207174,0.0,0.0
2013-11-05 00:00:00+08:00,3.364370107650757,3.376051902770996,3.282597064971924,3.282597064971924,209108,0.0,0.0
2013-11-06 00:00:00+08:00,3.282597064971924,3.3176429271698,3.2475509643554688,3.2475509643554688,187641,0.0,0.0
2013-11-07 00:00:00+08:00,3.2241880893707275,3.2709150314331055,3.200824022293091,3.200824022293091,315501,0.0,0.0
2013-11-08 00:00:00+08:00,3.200824022293091,3.2241880893707275,3.177459955215454,3.212506055831909,148957,0.0,0.0
2013-11-11 00:00:00+08:00,3.200824022293091,3.212506055831909,3.07232403755188,3.0840060710906982,300471,0.0,0.0
2013-11-12 00:00:00+08:00,3.0840060710906982,3.130733013153076,3.048959970474243,3.130733013153076,291906,0.0,0.0
2013-11-13 00:00:00+08:00,3.130733013153076,3.130733013153076,3.07232403755188,3.0956881046295166,102072,0.0,0.0
2013-11-14 00:00:00+08:00,3.3059608936309814,3.3059608936309814,3.3059608936309814,3.3059608936309814,290425,0.0,0.0
2013-11-15 00:00:00+08:00,3.5279159545898438,3.5279159545898438,3.34100604057312,3.4461429119110107,1480597,0.0,0.0
2013-11-18 00:00:00+08:00,3.5162339210510254,3.539597988128662,3.4461429119110107,3.457824945449829,636335,0.0,0.0
2013-11-19 00:00:00+08:00,3.4928700923919678,3.4928700923919678,3.3877339363098145,3.3877339363098145,268510,0.0,0.0
2013-11-20 00:00:00+08:00,3.422779083251953,3.4344611167907715,3.34100604057312,3.376051902770996,158770,0.0,0.0
2013-11-21 00:00:00+08:00,3.376051902770996,3.376051902770996,3.3176429271698,3.3293240070343018,207350,0.0,0.0
2013-11-22 00:00:00+08:00,3.3526880741119385,3.376051902770996,3.3293240070343018,3.3293240070343018,164798,0.0,0.0
2013-11-25 00:00:00+08:00,3.3293240070343018,3.364370107650757,3.294279098510742,3.3059608936309814,367237,0.0,0.0
2013-11-26 00:00:00+08:00,3.3059608936309814,3.4110970497131348,3.3059608936309814,3.3877339363098145,382374,0.0,0.0
2013-11-27 00:00:00+08:00,3.3877339363098145,3.3994150161743164,3.34100604057312,3.3877339363098145,301300,0.0,0.0
2013-11-28 00:00:00+08:00,3.4110970497131348,3.457824945449829,3.364370107650757,3.376051902770996,524154,0.0,0.0
2013-11-29 00:00:00+08:00,3.4110970497131348,3.422779083251953,3.3877339363098145,3.3994150161743164,286342,0.0,0.0
2013-12-02 00:00:00+08:00,3.4344611167907715,3.504551887512207,3.376051902770996,3.4461429119110107,425511,0.0,0.0
2013-12-03 00:00:00+08:00,3.4461429119110107,3.469506025314331,3.422779083251953,3.4344611167907715,234551,0.0,0.0
2013-12-04 00:00:00+08:00,3.4461429119110107,3.4811880588531494,3.4110970497131348,3.4461429119110107,197724,0.0,0.0
2013-12-05 00:00:00+08:00,3.4461429119110107,3.469506025314331,3.4344611167907715,3.4461429119110107,215900,0.0,0.0
2013-12-06 00:00:00+08:00,3.457824945449829,3.4811880588531494,3.422779083251953,3.457824945449829,318972,0.0,0.0
2013-12-09 00:00:00+08:00,3.4811880588531494,3.5162339210510254,3.457824945449829,3.469506025314331,522143,0.0,0.0
2013-12-10 00:00:00+08:00,3.469506025314331,3.4928700923919678,3.422779083251953,3.4461429119110107,327700,0.0,0.0
2013-12-11 00:00:00+08:00,3.422779083251953,3.4461429119110107,3.376051902770996,3.376051902770996,378527,0.0,0.0
2013-12-12 00:00:00+08:00,3.364370107650757,3.4110970497131348,3.3526880741119385,3.376051902770996,255561,0.0,0.0
2013-12-13 00:00:00+08:00,3.3994150161743164,3.422779083251953,3.364370107650757,3.376051902770996,289751,0.0,0.0
2013-12-16 00:00:00+08:00,3.3877339363098145,3.422779083251953,3.376051902770996,3.376051902770996,150668,0.0,0.0
2013-12-17 00:00:00+08:00,3.3994150161743164,3.4461429119110107,3.3877339363098145,3.3877339363098145,235219,0.0,0.0
2013-12-18 00:00:00+08:00,3.422779083251953,3.422779083251953,3.376051902770996,3.4110970497131348,273063,0.0,0.0
2013-12-19 00:00:00+08:00,3.422779083251953,3.457824945449829,3.3877339363098145,3.422779083251953,279170,0.0,0.0
2013-12-20 00:00:00+08:00,3.376051902770996,3.4344611167907715,3.376051902770996,3.3877339363098145,301976,0.0,0.0
2013-12-23 00:00:00+08:00,3.3877339363098145,3.4461429119110107,3.3877339363098145,3.3994150161743164,443081,0.0,0.0
2013-12-24 00:00:00+08:00,3.4110970497131348,3.4344611167907715,3.4110970497131348,3.422779083251953,158724,0.0,0.0
2013-12-25 00:00:00+08:00,3.4344611167907715,3.4344611167907715,3.3877339363098145,3.3994150161743164,695075,0.0,0.0
2013-12-26 00:00:00+08:00,3.4110970497131348,3.633052110671997,3.4110970497131348,3.633052110671997,1267736,0.0,0.0
2013-12-27 00:00:00+08:00,3.6797800064086914,3.714824914932251,3.5629611015319824,3.633052110671997,1801072,0.0,0.0
2013-12-30 00:00:00+08:00,3.633052110671997,3.633052110671997,3.5629611015319824,3.5629611015319824,753257,0.0,0.0
2013-12-31 00:00:00+08:00,3.5980069637298584,3.714824914932251,3.5629611015319824,3.5980069637298584,789665,0.0,0.0
2014-01-02 00:00:00+08:00,3.5746428966522217,3.7031428813934326,3.5746428966522217,3.6914610862731934,917928,0.0,0.0
2014-01-03 00:00:00+08:00,3.6914610862731934,3.714824914932251,3.6447339057922363,3.6797800064086914,485967,0.0,0.0
2014-01-06 00:00:00+08:00,3.6797800064086914,3.831644058227539,3.6213700771331787,3.714824914932251,640332,0.0,0.0
2014-01-07 00:00:00+08:00,3.6914610862731934,3.7849159240722656,3.6797800064086914,3.7381889820098877,996419,0.0,0.0
2014-01-08 00:00:00+08:00,3.796597957611084,3.8199620246887207,3.7615530490875244,3.8082799911499023,1317603,0.0,0.0
2014-01-09 00:00:00+08:00,3.831644058227539,4.065279960632324,3.831644058227539,4.065279960632324,3752076,0.0,0.0
2014-01-10 00:00:00+08:00,4.263872146606445,4.345644950866699,4.263872146606445,4.345644950866699,2232640,0.0,0.0
2014-01-13 00:00:00+08:00,4.649372100830078,4.649372100830078,4.380690097808838,4.602644920349121,7674737,0.0,0.0
2014-01-14 00:00:00+08:00,4.497509002685547,4.555918216705322,4.287234783172607,4.287234783172607,4799062,0.0,0.0
2014-01-15 00:00:00+08:00,4.100326061248779,4.263872146606445,3.9951889514923096,4.006871223449707,4289176,0.0,0.0
2014-01-16 00:00:00+08:00,4.065279960632324,4.20546293258667,4.041916847229004,4.147052764892578,1825415,0.0,0.0
2014-01-17 00:00:00+08:00,4.147052764892578,4.1587347984313965,3.9835081100463867,4.018552780151367,1203916,0.0,0.0
2014-01-20 00:00:00+08:00,4.298916816711426,4.298916816711426,4.298916816711426,4.298916816711426,753192,0.0,0.0
2014-01-21 00:00:00+08:00,4.590962886810303,4.590962886810303,4.439098834991455,4.47414493560791,6757556,0.0,0.0
2014-01-22 00:00:00+08:00,4.3222808837890625,4.5325541496276855,4.263872146606445,4.3222808837890625,1950223,0.0,0.0
2014-01-23 00:00:00+08:00,4.415736198425293,4.415736198425293,4.22882604598999,4.3222808837890625,1555665,0.0,0.0
2014-01-24 00:00:00+08:00,4.3690080642700195,4.497509002685547,4.287234783172607,4.462462902069092,1344422,0.0,0.0
2014-01-27 00:00:00+08:00,4.427418231964111,4.439098834991455,4.22882604598999,4.3222808837890625,1615495,0.0,0.0
2014-02-05 00:00:00+08:00,4.1587347984313965,4.439098834991455,4.1587347984313965,4.404054164886475,1160400,0.0,0.0
2014-02-06 00:00:00+08:00,4.497509002685547,4.707781791687012,4.439098834991455,4.707781791687012,1868279,0.0,0.0
2014-02-07 00:00:00+08:00,5.034873008728027,5.034873008728027,4.74282693862915,4.906373023986816,4871825,0.0,0.0
2014-02-10 00:00:00+08:00,4.847963809967041,5.023190975189209,4.672736167907715,4.789555072784424,2603860,0.0,0.0
2014-02-11 00:00:00+08:00,4.731144905090332,4.812918186187744,4.626008987426758,4.684418201446533,1786159,0.0,0.0
2014-02-12 00:00:00+08:00,4.696100234985352,4.906373023986816,4.696100234985352,4.754508972167969,1317313,0.0,0.0
2014-02-13 00:00:00+08:00,4.766191005706787,4.789555072784424,4.6610541343688965,4.6610541343688965,1187331,0.0,0.0
2014-02-14 00:00:00+08:00,4.672736167907715,4.847963809967041,4.672736167907715,4.731144905090332,2038874,0.0,0.0
2014-02-17 00:00:00+08:00,4.731144905090332,5.058237075805664,4.71946382522583,5.011509895324707,5181746,0.0,0.0
2014-02-18 00:00:00+08:00,4.9414191246032715,5.361965179443359,4.88300895690918,5.361965179443359,6836952,0.0,0.0
2014-02-19 00:00:00+08:00,5.73578405380249,5.73578405380249,5.73578405380249,5.73578405380249,3228578,0.0,0.0
2014-02-20 00:00:00+08:00,6.132966041564941,6.132966041564941,5.8409199714660645,6.0511932373046875,12312699,0.0,0.0
2014-02-21 00:00:00+08:00,5.911011219024658,6.471739768981934,5.899330139160156,6.471739768981934,8370721,0.0,0.0
2014-02-24 00:00:00+08:00,6.915649890899658,6.915649890899658,6.65864896774292,6.915649890899658,5604551,0.0,0.0
2014-02-25 00:00:00+08:00,7.324513912200928,7.3946051597595215,6.810513019561768,7.242741107940674,10911206,0.0,0.0
2014-02-26 00:00:00+08:00,7.242741107940674,7.593196868896484,6.950695037841797,7.277787208557129,6123227,0.0,0.0
2014-02-27 00:00:00+08:00,7.090877056121826,7.382923126220703,7.090877056121826,7.277787208557129,4758135,0.0,0.0
2014-03-03 00:00:00+08:00,7.254423141479492,7.254423141479492,6.9390130043029785,7.020785808563232,4576142,0.0,0.0
2014-03-04 00:00:00+08:00,7.009105205535889,7.009105205535889,6.775467872619629,6.8922858238220215,3009408,0.0,0.0
2014-03-05 00:00:00+08:00,7.009105205535889,7.371242046356201,7.009105205535889,7.371242046356201,5980475,0.0,0.0
2014-03-06 00:00:00+08:00,7.581514835357666,7.861878871917725,7.441332817077637,7.476377964019775,6859658,0.0,0.0
2014-03-07 00:00:00+08:00,7.476377964019775,7.581514835357666,7.0558319091796875,7.079195976257324,4557829,0.0,0.0
2014-03-10 00:00:00+08:00,7.009105205535889,7.371242046356201,7.009105205535889,7.231060028076172,2576838,0.0,0.0
2014-03-11 00:00:00+08:00,7.2661051750183105,7.289468765258789,7.044149875640869,7.231060028076172,2427077,0.0,0.0
2014-03-12 00:00:00+08:00,7.1376051902771,7.196013927459717,7.044149875640869,7.079195976257324,2180616,0.0,0.0
2014-03-13 00:00:00+08:00,7.1025590896606445,7.184331893920898,6.915649890899658,6.927331924438477,2447016,0.0,0.0
2014-03-14 00:00:00+08:00,6.8922858238220215,7.160967826843262,6.775467872619629,7.032467842102051,2323486,0.0,0.0
2014-03-17 00:00:00+08:00,7.090877056121826,7.1025590896606445,6.8922858238220215,6.985741138458252,1209203,0.0,0.0
2014-03-18 00:00:00+08:00,6.985741138458252,7.242741107940674,6.9390130043029785,7.160967826843262,2670943,0.0,0.0
2014-03-19 00:00:00+08:00,7.160967826843262,7.160967826843262,6.915649890899658,6.915649890899658,1593752,0.0,0.0
2014-03-20 00:00:00+08:00,6.845559120178223,6.857241153717041,6.565195083618164,6.717058181762695,2245431,0.0,0.0
2014-03-21 00:00:00+08:00,6.845559120178223,6.962377071380615,6.717058181762695,6.833877086639404,1192637,0.0,0.0
2014-03-24 00:00:00+08:00,6.833877086639404,6.9390130043029785,6.553513050079346,6.775467872619629,1093746,0.0,0.0
2014-03-25 00:00:00+08:00,6.833877086639404,6.985741138458252,6.798830986022949,6.798830986022949,934886,0.0,0.0
2014-03-26 00:00:00+08:00,6.868922233581543,6.950695037841797,6.752103805541992,6.950695037841797,1026597,0.0,0.0
2014-03-27 00:00:00+08:00,6.950695037841797,7.429650783538818,6.845559120178223,7.429650783538818,4026942,0.0,0.0
2014-03-28 00:00:00+08:00,7.710014820098877,7.733378887176514,7.196013927459717,7.2661051750183105,7546199,0.0,0.0
2014-03-31 00:00:00+08:00,7.301150798797607,7.359560012817383,7.125923156738281,7.231060028076172,2117995,0.0,0.0
2014-04-01 00:00:00+08:00,7.231060028076172,7.616559982299805,7.160967826843262,7.441332817077637,2655265,0.0,0.0
2014-04-02 00:00:00+08:00,7.417969226837158,7.429650783538818,7.2661051750183105,7.277787208557129,1447497,0.0,0.0
2014-04-03 00:00:00+08:00,7.359560012817383,7.40628719329834,7.254423141479492,7.277787208557129,976031,0.0,0.0
2014-04-07 00:00:00+08:00,7.301150798797607,7.476377964019775,7.289468765258789,7.3946051597595215,1537657,0.0,0.0
2014-04-08 00:00:00+08:00,7.359560012817383,7.780106067657471,7.312831878662109,7.569832801818848,3588321,0.0,0.0
2014-04-09 00:00:00+08:00,7.546469211578369,7.733378887176514,7.476377964019775,7.5114240646362305,3258749,0.0,0.0
2014-04-10 00:00:00+08:00,7.5114240646362305,7.534787178039551,7.254423141479492,7.3478779792785645,3053105,0.0,0.0
2014-04-11 00:00:00+08:00,7.242741107940674,7.312831878662109,7.125923156738281,7.231060028076172,1444036,0.0,0.0
2014-04-14 00:00:00+08:00,7.312831878662109,7.312831878662109,7.032467842102051,7.1025590896606445,1014755,0.0,0.0
2014-04-15 00:00:00+08:00,7.2193779945373535,7.277787208557129,7.079195976257324,7.277787208557129,1113153,0.0,0.0
2014-04-16 00:00:00+08:00,7.301150798797607,7.301150798797607,7.184331893920898,7.277787208557129,847160,0.0,0.0
2014-04-17 00:00:00+08:00,7.336195945739746,7.359560012817383,7.242741107940674,7.277787208557129,819185,0.0,0.0
2014-04-18 00:00:00+08:00,7.301150798797607,7.65160608291626,7.277787208557129,7.429650783538818,1976807,0.0,0.0
2014-04-21 00:00:00+08:00,7.429650783538818,7.453013896942139,7.301150798797607,7.312831878662109,894251,0.0,0.0
2014-04-22 00:00:00+08:00,7.242741107940674,7.476377964019775,7.242741107940674,7.359560012817383,765303,0.0,0.0
2014-04-23 00:00:00+08:00,7.359560012817383,7.3946051597595215,7.277787208557129,7.289468765258789,1051663,0.0,0.0
2014-04-24 00:00:00+08:00,7.289468765258789,7.5114240646362305,7.231060028076172,7.289468765258789,1738001,0.0,0.0
2014-04-25 00:00:00+08:00,7.289468765258789,7.3478779792785645,6.787149906158447,6.985741138458252,2825335,0.0,0.0
2014-04-28 00:00:00+08:00,6.775467872619629,7.114241123199463,6.705377101898193,6.99742317199707,1230216,0.0,0.0
2014-04-29 00:00:00+08:00,7.125923156738281,7.17264986038208,7.009105205535889,7.17264986038208,1024297,0.0,0.0
2014-04-30 00:00:00+08:00,7.2193779945373535,7.2193779945373535,7.044149875640869,7.114241123199463,832406,0.0,0.0
2014-05-02 00:00:00+08:00,7.1025590896606445,7.196013927459717,7.067513942718506,7.125923156738281,592903,0.0,0.0
2014-05-05 00:00:00+08:00,7.125923156738281,7.125923156738281,6.974059104919434,7.090877056121826,562280,0.0,0.0
2014-05-06 00:00:00+08:00,7.160967826843262,7.581514835357666,7.044149875640869,7.581514835357666,8362293,0.0,0.0
2014-05-07 00:00:00+08:00,7.558150768280029,7.558150768280029,7.254423141479492,7.3478779792785645,3340169,0.0,0.0
2014-05-08 00:00:00+08:00,7.3478779792785645,7.534787178039551,7.3478779792785645,7.429650783538818,2528273,0.0,0.0
2014-05-09 00:00:00+08:00,7.371242046356201,7.417969226837158,7.090877056121826,7.1025590896606445,2278799,0.0,0.0
2014-05-12 00:00:00+08:00,7.009105205535889,7.009105205535889,6.752103805541992,6.868922233581543,2580694,0.0,0.0
2014-05-13 00:00:00+08:00,6.90396785736084,7.032467842102051,6.38996696472168,6.425012111663818,5202469,0.0,0.0
2014-05-14 00:00:00+08:00,6.553513050079346,6.553513050079346,6.016148090362549,6.24978494644165,3804949,0.0,0.0
2014-05-15 00:00:00+08:00,6.343239784240723,6.483421802520752,6.3315582275390625,6.425012111663818,1124428,0.0,0.0
2014-05-16 00:00:00+08:00,6.646966934204102,6.646966934204102,6.378284931182861,6.483421802520752,1125777,0.0,0.0
2014-05-19 00:00:00+08:00,6.600240230560303,6.833877086639404,6.495102882385254,6.705377101898193,1762324,0.0,0.0
2014-05-20 00:00:00+08:00,6.787149906158447,6.787149906158447,6.588558197021484,6.623603820800781,907327,0.0,0.0
2014-05-21 00:00:00+08:00,6.623603820800781,6.682013034820557,6.600240230560303,6.682013034820557,389643,0.0,0.0
2014-05-22 00:00:00+08:00,6.705377101898193,6.728740215301514,6.6352858543396,6.717058181762695,805386,0.0,0.0
2014-05-23 00:00:00+08:00,6.717058181762695,6.752103805541992,6.6352858543396,6.693695068359375,802236,0.0,0.0
2014-05-26 00:00:00+08:00,6.798830986022949,6.798830986022949,6.576876163482666,6.682013034820557,542565,0.0,0.0
2014-05-27 00:00:00+08:00,6.717058181762695,6.717058181762695,6.576876163482666,6.65864896774292,659180,0.0,0.0
2014-05-28 00:00:00+08:00,6.565195083618164,6.65864896774292,6.541831016540527,6.576876163482666,709906,0.0,0.0
2014-05-29 00:00:00+08:00,6.611921787261963,6.6352858543396,6.436694145202637,6.436694145202637,842261,0.0,0.0
2014-05-30 00:00:00+08:00,6.506784915924072,6.553513050079346,6.273148059844971,6.273148059844971,1391302,0.0,0.0
2014-06-03 00:00:00+08:00,6.1680121421813965,6.518466949462891,6.14464807510376,6.448376178741455,857741,0.0,0.0
2014-06-04 00:00:00+08:00,6.448376178741455,6.460058212280273,6.296512126922607,6.378284931182861,894401,0.0,0.0
2014-06-05 00:00:00+08:00,6.378284931182861,6.541831016540527,6.3315582275390625,6.506784915924072,1108778,0.0,0.0
2014-06-06 00:00:00+08:00,6.553513050079346,6.950695037841797,6.530148983001709,6.950695037841797,2099705,0.0,0.0
2014-06-09 00:00:00+08:00,7.3478779792785645,7.429650783538818,7.184331893920898,7.254423141479492,8885223,0.0,0.0
2014-06-10 00:00:00+08:00,7.2193779945373535,7.242741107940674,6.950695037841797,6.985741138458252,2997716,0.0,0.0
2014-06-11 00:00:00+08:00,6.506784915924072,6.506784915924072,6.506784915924072,6.506784915924072,1555164,0.0,0.0
2014-06-12 00:00:00+08:00,6.214738845825195,6.413331031799316,6.214738845825195,6.308194160461426,3151808,0.0,0.0
2014-06-13 00:00:00+08:00,6.308194160461426,6.518466949462891,6.308194160461426,6.38996696472168,1643716,0.0,0.0
2014-06-16 00:00:00+08:00,6.38996696472168,6.483421802520752,6.343239784240723,6.366602897644043,674490,0.0,0.0
2014-06-17 00:00:00+08:00,6.366602897644043,6.366602897644043,6.191376209259033,6.203056812286377,1896213,0.0,0.0
2014-06-18 00:00:00+08:00,6.203056812286377,6.308194160461426,6.179694175720215,6.203056812286377,1487140,0.0,0.0
2014-06-19 00:00:00+08:00,6.214738845825195,6.471739768981934,6.214738845825195,6.38996696472168,995392,0.0,0.0
2014-06-20 00:00:00+08:00,6.3315582275390625,6.343239784240723,6.238102912902832,6.261466979980469,686753,0.0,0.0
2014-06-23 00:00:00+08:00,6.261466979980469,6.296512126922607,6.086238861083984,6.1212849617004395,1083550,0.0,0.0
2014-06-24 00:00:00+08:00,6.226420879364014,6.238102912902832,6.097920894622803,6.203056812286377,594355,0.0,0.0
2014-06-25 00:00:00+08:00,6.191376209259033,6.401648998260498,6.191376209259033,6.308194160461426,1079008,0.0,0.0
2014-06-26 00:00:00+08:00,6.354920864105225,6.354920864105225,6.238102912902832,6.238102912902832,934833,0.0,0.0
2014-06-27 00:00:00+08:00,6.24978494644165,6.261466979980469,6.191376209259033,6.191376209259033,641350,0.0,0.0
2014-06-30 00:00:00+08:00,6.191376209259033,6.273148059844971,6.191376209259033,6.191376209259033,601788,0.0,0.0
2014-07-01 00:00:00+08:00,6.284830093383789,6.436694145202637,6.203056812286377,6.284830093383789,1251398,0.0,0.0
2014-07-02 00:00:00+08:00,6.366602897644043,6.366602897644043,6.14464807510376,6.14464807510376,1149562,0.0,0.0
2014-07-03 00:00:00+08:00,6.191376209259033,6.24978494644165,6.14464807510376,6.14464807510376,646068,0.0,0.0
2014-07-04 00:00:00+08:00,6.097920894622803,6.214738845825195,6.097920894622803,6.097920894622803,1001240,0.0,0.0
2014-07-07 00:00:00+08:00,6.097920894622803,6.097920894622803,5.782511234283447,5.852602005004883,1791700,0.0,0.0
2014-07-08 00:00:00+08:00,5.899330139160156,6.238102912902832,5.899330139160156,6.062874794006348,1657186,0.0,0.0
2014-07-09 00:00:00+08:00,6.0395121574401855,6.132966041564941,5.899330139160156,5.934374809265137,926395,0.0,0.0
2014-07-10 00:00:00+08:00,5.946056842803955,6.016148090362549,5.8759660720825195,5.887648105621338,1038200,0.0,0.0
2014-07-11 00:00:00+08:00,5.8409199714660645,5.8409199714660645,5.478783130645752,5.560555934906006,4126986,0.0,0.0
2014-07-14 00:00:00+08:00,5.572237968444824,5.6656928062438965,5.513829231262207,5.525510787963867,863493,0.0,0.0
2014-07-15 00:00:00+08:00,5.583920001983643,5.607284069061279,5.39700984954834,5.443737983703613,842031,0.0,0.0
2014-07-16 00:00:00+08:00,5.443737983703613,5.537191867828369,5.373647212982178,5.373647212982178,999590,0.0,0.0
2014-07-17 00:00:00+08:00,5.39700984954834,5.537191867828369,5.39700984954834,5.49046516418457,674713,0.0,0.0
2014-07-18 00:00:00+08:00,5.443737983703613,5.49046516418457,5.385328769683838,5.49046516418457,485536,0.0,0.0
2014-07-21 00:00:00+08:00,5.49046516418457,5.560555934906006,5.350283145904541,5.408691883087158,911633,0.0,0.0
2014-07-22 00:00:00+08:00,5.408691883087158,5.455420017242432,5.350283145904541,5.408691883087158,456184,0.0,0.0
2014-07-23 00:00:00+08:00,5.408691883087158,5.408691883087158,5.408691883087158,5.408691883087158,0,0.0,0.0
2014-07-24 00:00:00+08:00,5.443737983703613,5.572237968444824,5.420373916625977,5.513829231262207,428725,0.0,0.0
2014-07-25 00:00:00+08:00,5.49046516418457,5.537191867828369,5.443737983703613,5.49046516418457,301382,0.0,0.0
2014-07-28 00:00:00+08:00,5.49046516418457,5.583920001983643,5.443737983703613,5.513829231262207,725146,0.0,0.0
2014-07-29 00:00:00+08:00,5.49046516418457,5.595602035522461,5.373647212982178,5.39700984954834,435653,0.0,0.0
2014-07-30 00:00:00+08:00,5.408691883087158,5.455420017242432,5.373647212982178,5.39700984954834,380300,0.0,0.0
2014-07-31 00:00:00+08:00,5.455420017242432,5.455420017242432,5.350283145904541,5.39700984954834,281907,0.0,0.0
2014-08-01 00:00:00+08:00,5.046555042266846,5.361965179443359,5.046555042266846,5.268509864807129,475904,0.0,0.0
2014-08-04 00:00:00+08:00,5.303555965423584,5.361965179443359,5.175055027008057,5.315237045288086,286583,0.0,0.0
2014-08-05 00:00:00+08:00,5.338601112365723,5.361965179443359,5.22178316116333,5.233465194702148,444468,0.0,0.0
2014-08-06 00:00:00+08:00,5.338601112365723,5.338601112365723,5.046555042266846,5.069919109344482,509767,0.0,0.0
2014-08-07 00:00:00+08:00,5.1283278465271,5.151691913604736,5.023190975189209,5.023190975189209,557644,0.0,0.0
2014-08-08 00:00:00+08:00,5.023190975189209,5.046555042266846,4.684418201446533,4.789555072784424,751676,0.0,0.0
2014-08-11 00:00:00+08:00,4.789555072784424,5.116645812988281,4.789555072784424,5.116645812988281,605849,0.0,0.0
2014-08-12 00:00:00+08:00,5.303555965423584,5.303555965423584,5.140009880065918,5.140009880065918,734251,0.0,0.0
2014-08-13 00:00:00+08:00,5.198419094085693,5.315237045288086,5.186737060546875,5.186737060546875,450698,0.0,0.0
2014-08-14 00:00:00+08:00,5.291873931884766,5.291873931884766,5.151691913604736,5.151691913604736,238506,0.0,0.0
2014-08-15 00:00:00+08:00,5.093282222747803,5.163373947143555,5.058237075805664,5.058237075805664,315992,0.0,0.0
2014-08-18 00:00:00+08:00,4.906373023986816,5.023190975189209,4.789555072784424,4.8246002197265625,681923,0.0,0.0
2014-08-19 00:00:00+08:00,4.906373023986816,4.976463794708252,4.88300895690918,4.88300895690918,412510,0.0,0.0
2014-08-20 00:00:00+08:00,4.98814582824707,4.999827861785889,4.894690990447998,4.964782238006592,236640,0.0,0.0
2014-08-21 00:00:00+08:00,4.964782238006592,4.964782238006592,4.789555072784424,4.812918186187744,273271,0.0,0.0
2014-08-22 00:00:00+08:00,4.88300895690918,5.140009880065918,4.836281776428223,5.140009880065918,999825,0.0,0.0
2014-08-25 00:00:00+08:00,5.151691913604736,5.432055950164795,5.081601142883301,5.361965179443359,1346809,0.0,0.0
2014-08-26 00:00:00+08:00,5.6306471824646,5.654010772705078,5.408691883087158,5.654010772705078,2119532,0.0,0.0
2014-08-27 00:00:00+08:00,5.6306471824646,5.6306471824646,5.49046516418457,5.513829231262207,1008049,0.0,0.0
2014-08-28 00:00:00+08:00,5.782511234283447,5.782511234283447,5.525510787963867,5.560555934906006,428052,0.0,0.0
2014-08-29 00:00:00+08:00,5.560555934906006,5.583920001983643,5.49046516418457,5.5488739013671875,254702,0.0,0.0
2014-09-01 00:00:00+08:00,5.49046516418457,5.560555934906006,5.49046516418457,5.537191867828369,350801,0.0,0.0
2014-09-02 00:00:00+08:00,5.583920001983643,5.583920001983643,5.350283145904541,5.373647212982178,572154,0.0,0.0
2014-09-03 00:00:00+08:00,5.420373916625977,5.467101097106934,5.373647212982178,5.432055950164795,350318,0.0,0.0
2014-09-04 00:00:00+08:00,5.268509864807129,5.443737983703613,5.268509864807129,5.443737983703613,283346,0.0,0.0
2014-09-05 00:00:00+08:00,5.49046516418457,5.49046516418457,5.361965179443359,5.385328769683838,158445,0.0,0.0
2014-09-09 00:00:00+08:00,5.385328769683838,5.525510787963867,5.338601112365723,5.385328769683838,337191,0.0,0.0
2014-09-10 00:00:00+08:00,5.315237045288086,5.338601112365723,5.140009880065918,5.326919078826904,826667,0.0,0.0
2014-09-11 00:00:00+08:00,5.373647212982178,5.39700984954834,5.245145797729492,5.303555965423584,454893,0.0,0.0
2014-09-12 00:00:00+08:00,5.245145797729492,5.315237045288086,5.163373947143555,5.163373947143555,267514,0.0,0.0
2014-09-15 00:00:00+08:00,5.163373947143555,5.233465194702148,5.023190975189209,5.046555042266846,381914,0.0,0.0
2014-09-16 00:00:00+08:00,5.034873008728027,5.198419094085693,5.034873008728027,5.081601142883301,428185,0.0,0.0
2014-09-17 00:00:00+08:00,5.1283278465271,5.140009880065918,5.023190975189209,5.034873008728027,211718,0.0,0.0
2014-09-18 00:00:00+08:00,5.046555042266846,5.163373947143555,5.046555042266846,5.069919109344482,207404,0.0,0.0
2014-09-19 00:00:00+08:00,5.151691913604736,5.175055027008057,5.081601142883301,5.104963779449463,159109,0.0,0.0
2014-09-22 00:00:00+08:00,5.104963779449463,5.104963779449463,4.929737091064453,4.9414191246032715,446476,0.0,0.0
2014-09-23 00:00:00+08:00,4.964782238006592,4.98814582824707,4.9414191246032715,4.953100204467773,117395,0.0,0.0
2014-09-24 00:00:00+08:00,5.011509895324707,5.011509895324707,4.906373023986816,4.906373023986816,130287,0.0,0.0
2014-09-25 00:00:00+08:00,4.98814582824707,4.98814582824707,4.801236152648926,4.812918186187744,201175,0.0,0.0
2014-09-26 00:00:00+08:00,4.801236152648926,4.871326923370361,4.789555072784424,4.8246002197265625,262464,0.0,0.0
2014-09-29 00:00:00+08:00,4.836281776428223,4.929737091064453,4.8246002197265625,4.847963809967041,208105,0.0,0.0
2014-09-30 00:00:00+08:00,4.789555072784424,4.871326923370361,4.766191005706787,4.8246002197265625,278297,0.0,0.0
2014-10-01 00:00:00+08:00,4.8246002197265625,4.9414191246032715,4.801236152648926,4.8246002197265625,249041,0.0,0.0
2014-10-02 00:00:00+08:00,4.6143269538879395,4.859645843505859,4.6143269538879395,4.847963809967041,308586,0.0,0.0
2014-10-03 00:00:00+08:00,4.836281776428223,4.953100204467773,4.836281776428223,4.9414191246032715,266722,0.0,0.0
2014-10-06 00:00:00+08:00,5.023190975189209,5.023190975189209,4.906373023986816,4.918055057525635,196749,0.0,0.0
2014-10-07 00:00:00+08:00,4.789555072784424,4.953100204467773,4.789555072784424,4.906373023986816,226882,0.0,0.0
2014-10-08 00:00:00+08:00,4.8246002197265625,4.929737091064453,4.8246002197265625,4.894690990447998,201208,0.0,0.0
2014-10-09 00:00:00+08:00,4.906373023986816,4.918055057525635,4.579280853271484,4.579280853271484,642518,0.0,0.0
2014-10-13 00:00:00+08:00,4.439098834991455,4.544236183166504,4.287234783172607,4.298916816711426,512316,0.0,0.0
2014-10-14 00:00:00+08:00,4.1587347984313965,4.333962917327881,4.1587347984313965,4.3222808837890625,299285,0.0,0.0
2014-10-15 00:00:00+08:00,4.3222808837890625,4.427418231964111,4.112008094787598,4.193780899047852,379392,0.0,0.0
2014-10-16 00:00:00+08:00,4.170416831970215,4.170416831970215,3.9951889514923096,4.088644027709961,523043,0.0,0.0
2014-10-17 00:00:00+08:00,4.147052764892578,4.147052764892578,4.076961994171143,4.088644027709961,179783,0.0,0.0
2014-10-20 00:00:00+08:00,4.088644027709961,4.22882604598999,4.088644027709961,4.100326061248779,242849,0.0,0.0
2014-10-21 00:00:00+08:00,4.147052764892578,4.1587347984313965,4.006871223449707,4.088644027709961,212730,0.0,0.0
2014-10-22 00:00:00+08:00,4.112008094787598,4.182098865509033,4.065279960632324,4.076961994171143,430794,0.0,0.0
2014-10-23 00:00:00+08:00,4.076961994171143,4.123690128326416,4.041916847229004,4.053598880767822,150898,0.0,0.0
2014-10-24 00:00:00+08:00,4.041916847229004,4.100326061248779,3.96014404296875,3.96014404296875,313290,0.0,0.0
2014-10-27 00:00:00+08:00,3.9951889514923096,3.9951889514923096,3.7849159240722656,3.796597957611084,351985,0.0,0.0
2014-10-28 00:00:00+08:00,3.796597957611084,3.8900530338287354,3.6914610862731934,3.7381889820098877,594947,0.0,0.0
2014-10-29 00:00:00+08:00,3.749871015548706,3.9951889514923096,3.7381889820098877,3.9951889514923096,606994,0.0,0.0
2014-10-30 00:00:00+08:00,3.9951889514923096,4.193780899047852,3.9951889514923096,4.100326061248779,899173,0.0,0.0
2014-10-31 00:00:00+08:00,4.135371208190918,4.240508079528809,4.065279960632324,4.100326061248779,604658,0.0,0.0
2014-11-03 00:00:00+08:00,4.20546293258667,4.20546293258667,4.053598880767822,4.076961994171143,211393,0.0,0.0
2014-11-04 00:00:00+08:00,4.076961994171143,4.263872146606445,4.076961994171143,4.170416831970215,354396,0.0,0.0
2014-11-05 00:00:00+08:00,4.170416831970215,4.20546293258667,4.112008094787598,4.135371208190918,334878,0.0,0.0
2014-11-06 00:00:00+08:00,4.088644027709961,4.170416831970215,4.018552780151367,4.018552780151367,315464,0.0,0.0
2014-11-07 00:00:00+08:00,3.9835081100463867,4.147052764892578,3.9835081100463867,4.088644027709961,259256,0.0,0.0
2014-11-10 00:00:00+08:00,4.135371208190918,4.135371208190918,4.065279960632324,4.123690128326416,223427,0.0,0.0
2014-11-11 00:00:00+08:00,4.123690128326416,4.135371208190918,4.053598880767822,4.065279960632324,158028,0.0,0.0
2014-11-12 00:00:00+08:00,4.041916847229004,4.088644027709961,3.9835081100463867,3.9951889514923096,134423,0.0,0.0
2014-11-13 00:00:00+08:00,4.018552780151367,4.053598880767822,3.96014404296875,3.9718260765075684,144754,0.0,0.0
2014-11-14 00:00:00+08:00,3.9484620094299316,4.018552780151367,3.9484620094299316,4.006871223449707,49666,0.0,0.0
2014-11-17 00:00:00+08:00,4.006871223449707,4.041916847229004,3.8666889667510986,3.9134159088134766,217106,0.0,0.0
2014-11-18 00:00:00+08:00,3.878371000289917,3.9367799758911133,3.7849159240722656,3.8199620246887207,541117,0.0,0.0
2014-11-19 00:00:00+08:00,3.58632493019104,3.7849159240722656,3.5629611015319824,3.633052110671997,1014813,0.0,0.0
2014-11-20 00:00:00+08:00,3.633052110671997,3.796597957611084,3.633052110671997,3.7265069484710693,640089,0.0,0.0
2014-11-21 00:00:00+08:00,3.7615530490875244,3.9835081100463867,3.7615530490875244,3.9835081100463867,820863,0.0,0.0
2014-11-24 00:00:00+08:00,3.9718260765075684,3.9835081100463867,3.878371000289917,3.8900530338287354,702188,0.0,0.0
2014-11-25 00:00:00+08:00,3.8900530338287354,3.9718260765075684,3.8550069332122803,3.925097942352295,387224,0.0,0.0
2014-11-26 00:00:00+08:00,3.8550069332122803,3.96014404296875,3.8550069332122803,3.878371000289917,366894,0.0,0.0
2014-11-27 00:00:00+08:00,3.925097942352295,3.9484620094299316,3.8900530338287354,3.9134159088134766,304832,0.0,0.0
2014-11-28 00:00:00+08:00,3.8900530338287354,3.9484620094299316,3.8666889667510986,3.8666889667510986,359419,0.0,0.0
2014-12-01 00:00:00+08:00,3.7381889820098877,3.96014404296875,3.6564159393310547,3.878371000289917,300476,0.0,0.0
2014-12-02 00:00:00+08:00,3.843324899673462,3.843324899673462,3.843324899673462,3.843324899673462,372199,0.0,0.0
2014-12-03 00:00:00+08:00,3.96014404296875,3.96014404296875,3.96014404296875,3.96014404296875,478540,0.0,0.0
2014-12-04 00:00:00+08:00,4.088644027709961,4.088644027709961,4.088644027709961,4.088644027709961,844514,0.0,0.0
2014-12-05 00:00:00+08:00,4.088644027709961,4.1587347984313965,3.9951889514923096,4.100326061248779,265262,0.0,0.0
2014-12-08 00:00:00+08:00,4.170416831970215,4.357326030731201,4.147052764892578,4.252190113067627,777295,0.0,0.0
2014-12-09 00:00:00+08:00,4.22882604598999,4.380690097808838,4.170416831970215,4.263872146606445,626998,0.0,0.0
2014-12-10 00:00:00+08:00,4.3222808837890625,4.3222808837890625,4.100326061248779,4.100326061248779,505964,0.0,0.0
2014-12-11 00:00:00+08:00,4.100326061248779,4.100326061248779,4.018552780151367,4.088644027709961,318445,0.0,0.0
2014-12-12 00:00:00+08:00,4.100326061248779,4.182098865509033,4.041916847229004,4.123690128326416,264318,0.0,0.0
2014-12-15 00:00:00+08:00,4.018552780151367,4.065279960632324,3.96014404296875,4.018552780151367,266397,0.0,0.0
2014-12-16 00:00:00+08:00,4.018552780151367,4.263872146606445,4.018552780151367,4.112008094787598,484392,0.0,0.0
2014-12-17 00:00:00+08:00,4.100326061248779,4.252190113067627,4.100326061248779,4.123690128326416,402338,0.0,0.0
2014-12-18 00:00:00+08:00,4.147052764892578,4.263872146606445,4.135371208190918,4.263872146606445,462091,0.0,0.0
2014-12-19 00:00:00+08:00,4.439098834991455,4.439098834991455,4.217144012451172,4.275554180145264,541953,0.0,0.0
2014-12-22 00:00:00+08:00,4.3222808837890625,4.345644950866699,4.1587347984313965,4.193780899047852,462262,0.0,0.0
2014-12-23 00:00:00+08:00,4.217144012451172,4.287234783172607,4.170416831970215,4.252190113067627,361244,0.0,0.0
2014-12-24 00:00:00+08:00,4.252190113067627,4.298916816711426,4.147052764892578,4.252190113067627,447463,0.0,0.0
2014-12-25 00:00:00+08:00,4.275554180145264,4.275554180145264,4.170416831970215,4.182098865509033,577991,0.0,0.0
2014-12-26 00:00:00+08:00,4.20546293258667,4.298916816711426,4.193780899047852,4.240508079528809,415334,0.0,0.0
2014-12-29 00:00:00+08:00,4.380690097808838,4.590962886810303,4.380690097808838,4.509190082550049,902859,0.0,0.0
2014-12-30 00:00:00+08:00,4.509190082550049,4.544236183166504,4.392372131347656,4.392372131347656,673900,0.0,0.0
2014-12-31 00:00:00+08:00,4.380690097808838,4.439098834991455,4.380690097808838,4.415736198425293,338670,0.0,0.0
2015-01-05 00:00:00+08:00,4.626008987426758,4.626008987426758,4.439098834991455,4.602644920349121,772648,0.0,0.0
2015-01-06 00:00:00+08:00,4.555918216705322,4.567599773406982,4.462462902069092,4.5325541496276855,559500,0.0,0.0
2015-01-07 00:00:00+08:00,4.579280853271484,4.847963809967041,4.5325541496276855,4.847963809967041,1250928,0.0,0.0
2015-01-08 00:00:00+08:00,5.023190975189209,5.116645812988281,4.88300895690918,5.011509895324707,1817402,0.0,0.0
2015-01-09 00:00:00+08:00,4.999827861785889,5.023190975189209,4.789555072784424,4.789555072784424,954905,0.0,0.0
2015-01-12 00:00:00+08:00,4.731144905090332,4.754508972167969,4.497509002685547,4.497509002685547,1257912,0.0,0.0
2015-01-13 00:00:00+08:00,4.544236183166504,4.731144905090332,4.544236183166504,4.696100234985352,732336,0.0,0.0
2015-01-14 00:00:00+08:00,4.707781791687012,4.766191005706787,4.5325541496276855,4.544236183166504,580577,0.0,0.0
2015-01-15 00:00:00+08:00,4.6610541343688965,4.672736167907715,4.567599773406982,4.602644920349121,320477,0.0,0.0
2015-01-16 00:00:00+08:00,4.602644920349121,4.6610541343688965,4.555918216705322,4.590962886810303,351735,0.0,0.0
2015-01-19 00:00:00+08:00,4.590962886810303,4.707781791687012,4.567599773406982,4.567599773406982,463214,0.0,0.0
2015-01-20 00:00:00+08:00,4.567599773406982,4.649372100830078,4.567599773406982,4.6143269538879395,309814,0.0,0.0
2015-01-21 00:00:00+08:00,4.6143269538879395,4.766191005706787,4.6143269538879395,4.649372100830078,436078,0.0,0.0
2015-01-22 00:00:00+08:00,4.684418201446533,4.71946382522583,4.626008987426758,4.696100234985352,438843,0.0,0.0
2015-01-23 00:00:00+08:00,4.696100234985352,4.871326923370361,4.696100234985352,4.871326923370361,786066,0.0,0.0
2015-01-26 00:00:00+08:00,4.98814582824707,4.999827861785889,4.754508972167969,4.789555072784424,584360,0.0,0.0
2015-01-27 00:00:00+08:00,4.8246002197265625,4.847963809967041,4.696100234985352,4.71946382522583,325026,0.0,0.0
2015-01-28 00:00:00+08:00,4.672736167907715,4.836281776428223,4.672736167907715,4.74282693862915,585524,0.0,0.0
2015-01-29 00:00:00+08:00,4.789555072784424,4.847963809967041,4.672736167907715,4.707781791687012,674681,0.0,0.0
2015-01-30 00:00:00+08:00,4.812918186187744,4.812918186187744,4.626008987426758,4.684418201446533,610776,0.0,0.0
2015-02-02 00:00:00+08:00,4.74282693862915,4.766191005706787,4.6143269538879395,4.626008987426758,300922,0.0,0.0
2015-02-03 00:00:00+08:00,4.6143269538879395,4.696100234985352,4.602644920349121,4.602644920349121,254747,0.0,0.0
2015-02-04 00:00:00+08:00,4.6610541343688965,4.696100234985352,4.602644920349121,4.602644920349121,443002,0.0,0.0
2015-02-05 00:00:00+08:00,4.649372100830078,4.672736167907715,4.602644920349121,4.637691020965576,258234,0.0,0.0
2015-02-06 00:00:00+08:00,4.707781791687012,4.707781791687012,4.579280853271484,4.637691020965576,144018,0.0,0.0
2015-02-09 00:00:00+08:00,4.649372100830078,4.649372100830078,4.567599773406982,4.567599773406982,94173,0.0,0.0
2015-02-10 00:00:00+08:00,4.544236183166504,4.602644920349121,4.544236183166504,4.579280853271484,97920,0.0,0.0
2015-02-11 00:00:00+08:00,4.590962886810303,4.590962886810303,4.439098834991455,4.4858269691467285,330513,0.0,0.0
2015-02-12 00:00:00+08:00,4.4858269691467285,4.4858269691467285,4.345644950866699,4.427418231964111,249113,0.0,0.0
2015-02-13 00:00:00+08:00,4.427418231964111,4.555918216705322,4.427418231964111,4.4858269691467285,205846,0.0,0.0
2015-02-24 00:00:00+08:00,4.4858269691467285,4.6143269538879395,4.47414493560791,4.509190082550049,174117,0.0,0.0
2015-02-25 00:00:00+08:00,4.555918216705322,4.6143269538879395,4.450780868530273,4.520872116088867,184405,0.0,0.0
2015-02-26 00:00:00+08:00,4.520872116088867,4.544236183166504,4.462462902069092,4.4858269691467285,262674,0.0,0.0
2015-03-02 00:00:00+08:00,4.4858269691467285,4.544236183166504,4.462462902069092,4.462462902069092,243823,0.0,0.0
2015-03-03 00:00:00+08:00,4.497509002685547,4.497509002685547,4.450780868530273,4.450780868530273,62695,0.0,0.0
2015-03-04 00:00:00+08:00,4.462462902069092,4.497509002685547,4.439098834991455,4.4858269691467285,206398,0.0,0.0
2015-03-05 00:00:00+08:00,4.462462902069092,4.509190082550049,4.450780868530273,4.47414493560791,117191,0.0,0.0
2015-03-06 00:00:00+08:00,4.4858269691467285,4.5325541496276855,4.4858269691467285,4.5325541496276855,212310,0.0,0.0
2015-03-09 00:00:00+08:00,4.509190082550049,4.509190082550049,4.47414493560791,4.47414493560791,109124,0.0,0.0
2015-03-10 00:00:00+08:00,4.47414493560791,4.497509002685547,4.462462902069092,4.47414493560791,128412,0.0,0.0
2015-03-11 00:00:00+08:00,4.3222808837890625,4.462462902069092,4.3222808837890625,4.380690097808838,223969,0.0,0.0
2015-03-12 00:00:00+08:00,4.380690097808838,4.427418231964111,4.3222808837890625,4.333962917327881,228337,0.0,0.0
2015-03-13 00:00:00+08:00,4.345644950866699,4.567599773406982,4.3222808837890625,4.47414493560791,540558,0.0,0.0
2015-03-16 00:00:00+08:00,4.47414493560791,4.47414493560791,4.47414493560791,4.47414493560791,0,0.0,0.0
2015-03-17 00:00:00+08:00,4.404054164886475,4.415736198425293,4.345644950866699,4.345644950866699,90756,0.0,0.0
2015-03-18 00:00:00+08:00,4.345644950866699,4.392372131347656,4.310598850250244,4.333962917327881,234141,0.0,0.0
2015-03-19 00:00:00+08:00,4.380690097808838,4.427418231964111,4.3222808837890625,4.333962917327881,200425,0.0,0.0
2015-03-20 00:00:00+08:00,4.333962917327881,4.357326030731201,4.287234783172607,4.287234783172607,204716,0.0,0.0
2015-03-23 00:00:00+08:00,4.333962917327881,4.3690080642700195,4.3222808837890625,4.3222808837890625,225365,0.0,0.0
2015-03-24 00:00:00+08:00,4.275554180145264,4.310598850250244,4.088644027709961,4.135371208190918,647932,0.0,0.0
2015-03-25 00:00:00+08:00,4.100326061248779,4.147052764892578,3.9835081100463867,4.123690128326416,862694,0.0,0.0
2015-03-26 00:00:00+08:00,4.065279960632324,4.112008094787598,4.0302348136901855,4.053598880767822,206266,0.0,0.0
2015-03-27 00:00:00+08:00,4.0302348136901855,4.0302348136901855,3.9017350673675537,3.9134159088134766,567752,0.0,0.0
2015-03-30 00:00:00+08:00,3.9134159088134766,3.9484620094299316,3.878371000289917,3.9134159088134766,253932,0.0,0.0
2015-03-31 00:00:00+08:00,3.8550069332122803,4.170416831970215,3.8550069332122803,4.041916847229004,511742,0.0,0.0
2015-04-01 00:00:00+08:00,4.041916847229004,4.041916847229004,3.8550069332122803,3.8900530338287354,459282,0.0,0.0
2015-04-02 00:00:00+08:00,3.9134159088134766,4.0302348136901855,3.9134159088134766,3.9718260765075684,320186,0.0,0.0
2015-04-07 00:00:00+08:00,3.9718260765075684,3.9835081100463867,3.9134159088134766,3.925097942352295,147137,0.0,0.0
2015-04-08 00:00:00+08:00,3.925097942352295,3.925097942352295,3.796597957611084,3.8666889667510986,392592,0.0,0.0
2015-04-09 00:00:00+08:00,3.8666889667510986,4.006871223449707,3.8666889667510986,3.9367799758911133,358693,0.0,0.0
2015-04-10 00:00:00+08:00,3.9951889514923096,3.9951889514923096,3.843324899673462,3.8666889667510986,319374,0.0,0.0
2015-04-13 00:00:00+08:00,3.8550069332122803,3.925097942352295,3.8082799911499023,3.843324899673462,267161,0.0,0.0
2015-04-14 00:00:00+08:00,3.831644058227539,3.9367799758911133,3.831644058227539,3.8666889667510986,509208,0.0,0.0
2015-04-15 00:00:00+08:00,3.8550069332122803,3.9017350673675537,3.8082799911499023,3.831644058227539,636805,0.0,0.0
2015-04-16 00:00:00+08:00,3.831644058227539,3.9134159088134766,3.8082799911499023,3.8199620246887207,609595,0.0,0.0
2015-04-17 00:00:00+08:00,3.8199620246887207,3.8550069332122803,3.796597957611084,3.8199620246887207,344240,0.0,0.0
2015-04-20 00:00:00+08:00,3.7849159240722656,3.8082799911499023,3.749871015548706,3.796597957611084,144326,0.0,0.0
2015-04-21 00:00:00+08:00,3.8082799911499023,3.8082799911499023,3.749871015548706,3.7615530490875244,154129,0.0,0.0
2015-04-22 00:00:00+08:00,3.7615530490875244,4.018552780151367,3.749871015548706,4.018552780151367,912802,0.0,0.0
2015-04-23 00:00:00+08:00,4.298916816711426,4.298916816711426,4.298916816711426,4.298916816711426,829684,0.0,0.0
2015-04-24 00:00:00+08:00,4.590962886810303,4.590962886810303,4.590962886810303,4.590962886810303,1011285,0.0,0.0
2015-04-27 00:00:00+08:00,4.906373023986816,4.906373023986816,4.906373023986816,4.906373023986816,814224,0.0,0.0
2015-04-28 00:00:00+08:00,5.245145797729492,5.245145797729492,4.754508972167969,4.918055057525635,5833181,0.0,0.0
2015-04-29 00:00:00+08:00,4.906373023986816,4.918055057525635,4.707781791687012,4.906373023986816,1683561,0.0,0.0
2015-04-30 00:00:00+08:00,4.906373023986816,4.906373023986816,4.684418201446533,4.801236152648926,1208648,0.0,0.0
2015-05-04 00:00:00+08:00,4.71946382522583,5.1283278465271,4.71946382522583,5.1283278465271,2197311,0.0,0.0
2015-05-05 00:00:00+08:00,5.478783130645752,5.478783130645752,5.280191898345947,5.478783130645752,5446887,0.0,0.0
2015-05-06 00:00:00+08:00,5.478783130645752,5.700737953186035,5.104963779449463,5.373647212982178,3409951,0.0,0.0
2015-05-07 00:00:00+08:00,5.233465194702148,5.373647212982178,5.198419094085693,5.210101127624512,1685556,0.0,0.0
2015-05-08 00:00:00+08:00,5.2568278312683105,5.432055950164795,5.1283278465271,5.140009880065918,1432761,0.0,0.0
2015-05-11 00:00:00+08:00,5.023190975189209,5.081601142883301,4.789555072784424,4.789555072784424,2190994,0.0,0.0
2015-05-12 00:00:00+08:00,4.462462902069092,4.71946382522583,4.462462902069092,4.590962886810303,1572963,0.0,0.0
2015-05-13 00:00:00+08:00,4.649372100830078,4.836281776428223,4.590962886810303,4.74282693862915,479907,0.0,0.0
2015-05-14 00:00:00+08:00,4.74282693862915,4.789555072784424,4.626008987426758,4.672736167907715,393924,0.0,0.0
2015-05-15 00:00:00+08:00,4.626008987426758,4.871326923370361,4.626008987426758,4.731144905090332,584679,0.0,0.0
2015-05-18 00:00:00+08:00,4.404054164886475,4.497509002685547,4.404054164886475,4.404054164886475,1695404,0.0,0.0
2015-05-19 00:00:00+08:00,4.100326061248779,4.100326061248779,4.100326061248779,4.100326061248779,526438,0.0,0.0
2015-05-20 00:00:00+08:00,3.8199620246887207,3.8199620246887207,3.8199620246887207,3.8199620246887207,9416,0.0,0.0
2015-05-21 00:00:00+08:00,3.5629611015319824,3.5629611015319824,3.5629611015319824,3.5629611015319824,17976,0.0,0.0
2015-05-22 00:00:00+08:00,3.3176429271698,3.3176429271698,3.3176429271698,3.3176429271698,101225,0.0,0.0
2015-05-25 00:00:00+08:00,3.0956881046295166,3.259232997894287,3.0956881046295166,3.259232997894287,2345857,0.0,0.0
2015-05-26 00:00:00+08:00,3.154097080230713,3.235869884490967,3.048959970474243,3.154097080230713,1057502,0.0,0.0
2015-05-27 00:00:00+08:00,3.212506055831909,3.212506055831909,3.0956881046295166,3.130733013153076,340517,0.0,0.0
2015-05-28 00:00:00+08:00,3.235869884490967,3.34100604057312,3.212506055831909,3.34100604057312,263205,0.0,0.0
2015-05-29 00:00:00+08:00,3.5746428966522217,3.5746428966522217,3.364370107650757,3.376051902770996,315532,0.0,0.0
2015-06-01 00:00:00+08:00,3.07232403755188,3.7031428813934326,3.07232403755188,3.3526880741119385,201695,0.0,0.0
2015-06-02 00:00:00+08:00,3.4811880588531494,3.4811880588531494,3.2709150314331055,3.294279098510742,86698,0.0,0.0
2015-06-03 00:00:00+08:00,3.2475509643554688,3.376051902770996,3.177459955215454,3.1891419887542725,65914,0.0,0.0
2015-06-04 00:00:00+08:00,3.0255959033966064,3.364370107650757,3.0255959033966064,3.154097080230713,114913,0.0,0.0
2015-06-05 00:00:00+08:00,3.0606420040130615,3.200824022293091,2.9204599857330322,3.200824022293091,57353,0.0,0.0
2015-06-08 00:00:00+08:00,3.037277936935425,3.200824022293091,3.037277936935425,3.0840060710906982,31673,0.0,0.0
2015-06-09 00:00:00+08:00,3.0956881046295166,3.0956881046295166,2.9204599857330322,2.96718692779541,214007,0.0,0.0
2015-06-10 00:00:00+08:00,2.8153231143951416,3.0022330284118652,2.8153231143951416,3.0022330284118652,138448,0.0,0.0
2015-06-11 00:00:00+08:00,2.908777952194214,2.908777952194214,2.7101869583129883,2.7335500717163086,99470,0.0,0.0
2015-06-12 00:00:00+08:00,2.6284139156341553,2.745232105255127,2.4648680686950684,2.5466411113739014,376652,0.0,0.0
2015-06-15 00:00:00+08:00,2.371412992477417,2.7919600009918213,2.3130040168762207,2.7919600009918213,531354,0.0,0.0
2015-06-16 00:00:00+08:00,2.6284139156341553,2.7101869583129883,2.5466411113739014,2.5816869735717773,102246,0.0,0.0
2015-06-17 00:00:00+08:00,2.663459062576294,2.663459062576294,2.45318603515625,2.45318603515625,45318,0.0,0.0
2015-06-18 00:00:00+08:00,2.45318603515625,2.4648680686950684,2.4298229217529297,2.45318603515625,51430,0.0,0.0
2015-06-22 00:00:00+08:00,2.45318603515625,2.5115950107574463,2.406459093093872,2.5115950107574463,65912,0.0,0.0
2015-06-23 00:00:00+08:00,2.5115950107574463,2.5115950107574463,2.45318603515625,2.4999139308929443,59100,0.0,0.0
2015-06-24 00:00:00+08:00,2.3830950260162354,2.488231897354126,2.3130040168762207,2.45318603515625,99950,0.0,0.0
2015-06-25 00:00:00+08:00,2.4415040016174316,2.570004940032959,2.4415040016174316,2.5115950107574463,82915,0.0,0.0
2015-06-26 00:00:00+08:00,2.5115950107574463,2.5933680534362793,2.4765501022338867,2.5816869735717773,102719,0.0,0.0
2015-06-29 00:00:00+08:00,2.5232770442962646,2.663459062576294,2.5232770442962646,2.5933680534362793,82178,0.0,0.0
2015-06-30 00:00:00+08:00,2.570004940032959,2.6050500869750977,2.488231897354126,2.6050500869750977,71064,0.0,0.0
2015-07-01 00:00:00+08:00,2.6284139156341553,2.6284139156341553,2.5466411113739014,2.5466411113739014,30939,0.0,0.0
2015-07-02 00:00:00+08:00,2.5115950107574463,2.616731882095337,2.3947770595550537,2.616731882095337,55316,0.0,0.0
2015-07-03 00:00:00+08:00,2.570004940032959,2.7685959339141846,2.4298229217529297,2.651777982711792,46653,0.0,0.0
2015-07-06 00:00:00+08:00,2.4648680686950684,2.5933680534362793,2.4648680686950684,2.488231897354126,20544,0.0,0.0
2015-07-07 00:00:00+08:00,2.4648680686950684,2.6284139156341553,2.4648680686950684,2.5583229064941406,52218,0.0,0.0
2015-07-08 00:00:00+08:00,2.371412992477417,2.371412992477417,2.3130040168762207,2.3130040168762207,419831,0.0,0.0
2015-07-09 00:00:00+08:00,2.2312309741973877,2.4648680686950684,2.2195489406585693,2.45318603515625,111193,0.0,0.0
2015-07-10 00:00:00+08:00,2.45318603515625,2.45318603515625,2.45318603515625,2.45318603515625,0,0.0,0.0
2015-07-13 00:00:00+08:00,2.45318603515625,2.45318603515625,2.348050117492676,2.348050117492676,23112,0.0,0.0
2015-07-14 00:00:00+08:00,2.3363680839538574,2.4298229217529297,2.3363680839538574,2.4298229217529297,23971,0.0,0.0
2015-07-15 00:00:00+08:00,2.3363680839538574,2.3363680839538574,2.289639949798584,2.3363680839538574,80723,0.0,0.0
2015-07-16 00:00:00+08:00,2.348050117492676,2.348050117492676,2.3363680839538574,2.3363680839538574,10979,0.0,0.0
2015-07-17 00:00:00+08:00,2.3363680839538574,2.3363680839538574,2.3130040168762207,2.3363680839538574,50506,0.0,0.0
2015-07-20 00:00:00+08:00,2.4181408882141113,2.4181408882141113,2.2312309741973877,2.242913007736206,21571,0.0,0.0
2015-07-21 00:00:00+08:00,2.1845040321350098,2.2195489406585693,2.1845040321350098,2.2195489406585693,78380,0.0,0.0
2015-07-22 00:00:00+08:00,2.196186065673828,2.2195489406585693,2.196186065673828,2.2195489406585693,101371,0.0,0.0
2015-07-23 00:00:00+08:00,2.1728219985961914,2.1728219985961914,2.161139965057373,2.161139965057373,51361,0.0,0.0
2015-07-24 00:00:00+08:00,2.1260950565338135,2.324686050415039,2.114413022994995,2.324686050415039,42269,0.0,0.0
2015-07-27 00:00:00+08:00,2.2195489406585693,2.2312309741973877,2.1027309894561768,2.114413022994995,80466,0.0,0.0
2015-07-28 00:00:00+08:00,2.0209579467773438,2.0209579467773438,1.927502989768982,1.927502989768982,56670,0.0,0.0
2015-07-29 00:00:00+08:00,1.9859130382537842,2.07936692237854,1.7873209714889526,2.07936692237854,55641,0.0,0.0
2015-07-30 00:00:00+08:00,2.2078680992126465,2.2078680992126465,2.0209579467773438,2.1845040321350098,14723,0.0,0.0
2015-07-31 00:00:00+08:00,2.0209579467773438,2.0209579467773438,1.9975939989089966,2.0209579467773438,53587,0.0,0.0
2015-08-03 00:00:00+08:00,1.8924579620361328,2.114413022994995,1.880776047706604,2.1027309894561768,156824,0.0,0.0
2015-08-04 00:00:00+08:00,2.056004047393799,2.0676848888397217,2.0443220138549805,2.0443220138549805,88171,0.0,0.0
2015-08-05 00:00:00+08:00,1.9625489711761475,2.161139965057373,1.9625489711761475,2.161139965057373,39378,0.0,0.0
2015-08-06 00:00:00+08:00,2.056004047393799,2.2078680992126465,2.056004047393799,2.2078680992126465,17206,0.0,0.0
2015-08-07 00:00:00+08:00,2.3363680839538574,2.3363680839538574,2.1845040321350098,2.3130040168762207,34669,0.0,0.0
2015-08-10 00:00:00+08:00,2.1027309894561768,2.3363680839538574,2.1027309894561768,2.3363680839538574,5137,0.0,0.0
2015-08-11 00:00:00+08:00,2.324686050415039,2.324686050415039,2.161139965057373,2.161139965057373,73620,0.0,0.0
2015-08-12 00:00:00+08:00,2.2078680992126465,2.2195489406585693,2.2078680992126465,2.2195489406585693,2568,0.0,0.0
2015-08-13 00:00:00+08:00,2.289639949798584,2.289639949798584,2.0443220138549805,2.2195489406585693,35989,0.0,0.0
2015-08-14 00:00:00+08:00,2.056004047393799,2.196186065673828,2.0209579467773438,2.196186065673828,28377,0.0,0.0
2015-08-17 00:00:00+08:00,2.0092759132385254,2.0910489559173584,1.9859130382537842,2.0910489559173584,144668,0.0,0.0
2015-08-18 00:00:00+08:00,2.07936692237854,2.1027309894561768,1.9391850233078003,1.9975939989089966,31142,0.0,0.0
2015-08-19 00:00:00+08:00,1.8340489864349365,1.9742310047149658,1.8340489864349365,1.927502989768982,47081,0.0,0.0
2015-08-20 00:00:00+08:00,2.07936692237854,2.07936692237854,1.9041399955749512,1.9742310047149658,32560,0.0,0.0
2015-08-21 00:00:00+08:00,1.8340489864349365,1.8340489864349365,1.799003005027771,1.799003005027771,70198,0.0,0.0
2015-08-24 00:00:00+08:00,1.7522759437561035,1.845729947090149,1.6237750053405762,1.845729947090149,107153,0.0,0.0
2015-08-25 00:00:00+08:00,1.67050302028656,1.9625489711761475,1.67050302028656,1.9625489711761475,46383,0.0,0.0
2015-08-26 00:00:00+08:00,1.7756390571594238,1.9859130382537842,1.7756390571594238,1.9859130382537842,105294,0.0,0.0
2015-08-27 00:00:00+08:00,1.8223669528961182,1.9859130382537842,1.8223669528961182,1.9859130382537842,47085,0.0,0.0
2015-08-28 00:00:00+08:00,2.137777090072632,2.137777090072632,2.137777090072632,2.137777090072632,856,0.0,0.0
2015-08-31 00:00:00+08:00,2.196186065673828,2.196186065673828,1.9508670568466187,2.0676848888397217,24826,0.0,0.0
2015-09-01 00:00:00+08:00,2.056004047393799,2.056004047393799,1.9391850233078003,1.9391850233078003,27055,0.0,0.0
2015-09-02 00:00:00+08:00,1.9859130382537842,1.9859130382537842,1.7873209714889526,1.7873209714889526,109606,0.0,0.0
2015-09-03 00:00:00+08:00,1.7522759437561035,1.8690940141677856,1.7522759437561035,1.8690940141677856,17132,0.0,0.0
2015-09-04 00:00:00+08:00,1.7873209714889526,1.845729947090149,1.7405940294265747,1.845729947090149,46993,0.0,0.0
2015-09-07 00:00:00+08:00,1.845729947090149,1.845729947090149,1.6938669681549072,1.7289119958877563,213151,0.0,0.0
2015-09-08 00:00:00+08:00,1.7289119958877563,1.880776047706604,1.7289119958877563,1.845729947090149,41573,0.0,0.0
2015-09-09 00:00:00+08:00,1.7522759437561035,1.799003005027771,1.7405940294265747,1.799003005027771,277661,0.0,0.0
2015-09-10 00:00:00+08:00,1.799003005027771,1.799003005027771,1.717229962348938,1.7522759437561035,55652,0.0,0.0
2015-09-11 00:00:00+08:00,1.717229962348938,1.7756390571594238,1.6938669681549072,1.7756390571594238,63329,0.0,0.0
2015-09-14 00:00:00+08:00,1.7756390571594238,1.7756390571594238,1.6938669681549072,1.6938669681549072,12155,0.0,0.0
2015-09-15 00:00:00+08:00,1.6938669681549072,1.845729947090149,1.6938669681549072,1.799003005027771,164389,0.0,0.0
2015-09-16 00:00:00+08:00,1.8106850385665894,1.8340489864349365,1.7055480480194092,1.799003005027771,59922,0.0,0.0
2015-09-17 00:00:00+08:00,1.6938669681549072,1.7873209714889526,1.6938669681549072,1.7873209714889526,11533,0.0,0.0
2015-09-18 00:00:00+08:00,1.845729947090149,1.880776047706604,1.7639579772949219,1.8690940141677856,84421,0.0,0.0
2015-09-21 00:00:00+08:00,1.7639579772949219,1.8340489864349365,1.7522759437561035,1.8340489864349365,16264,0.0,0.0
2015-09-22 00:00:00+08:00,1.8574119806289673,1.8690940141677856,1.8574119806289673,1.8690940141677856,32529,0.0,0.0
2015-09-23 00:00:00+08:00,1.927502989768982,1.927502989768982,1.8690940141677856,1.9041399955749512,30817,0.0,0.0
2015-09-24 00:00:00+08:00,1.9041399955749512,1.9391850233078003,1.880776047706604,1.9391850233078003,105319,0.0,0.0
2015-09-25 00:00:00+08:00,1.8924579620361328,1.8924579620361328,1.8106850385665894,1.8106850385665894,108716,0.0,0.0
2015-09-29 00:00:00+08:00,1.8106850385665894,1.8106850385665894,1.8106850385665894,1.8106850385665894,0,0.0,0.0
2015-09-30 00:00:00+08:00,1.7522759437561035,1.927502989768982,1.7055480480194092,1.927502989768982,30252,0.0,0.0
2015-10-01 00:00:00+08:00,1.927502989768982,1.9859130382537842,1.8690940141677856,1.9625489711761475,79400,0.0,0.0
2015-10-02 00:00:00+08:00,1.8574119806289673,1.927502989768982,1.8574119806289673,1.927502989768982,20181,0.0,0.0
2015-10-05 00:00:00+08:00,1.7522759437561035,2.0209579467773438,1.7522759437561035,1.9158220291137695,130938,0.0,0.0
2015-10-06 00:00:00+08:00,1.8924579620361328,1.9742310047149658,1.8690940141677856,1.9742310047149658,27923,0.0,0.0
2015-10-07 00:00:00+08:00,1.8924579620361328,1.9508670568466187,1.8106850385665894,1.9508670568466187,36294,0.0,0.0
2015-10-08 00:00:00+08:00,1.8223669528961182,1.9508670568466187,1.8223669528961182,1.9508670568466187,77059,0.0,0.0
2015-10-12 00:00:00+08:00,2.07936692237854,2.07936692237854,1.7639579772949219,1.7639579772949219,394788,0.0,0.0
2015-10-13 00:00:00+08:00,1.6938669681549072,1.9391850233078003,1.6938669681549072,1.9391850233078003,381789,0.0,0.0
2015-10-14 00:00:00+08:00,1.9859130382537842,2.0092759132385254,1.9041399955749512,1.9508670568466187,124666,0.0,0.0
2015-10-15 00:00:00+08:00,1.9625489711761475,2.137777090072632,1.9625489711761475,2.137777090072632,915426,0.0,0.0
2015-10-16 00:00:00+08:00,2.3130040168762207,2.324686050415039,2.1845040321350098,2.242913007736206,236437,0.0,0.0
2015-10-19 00:00:00+08:00,2.277959108352661,2.4648680686950684,2.277959108352661,2.4648680686950684,996264,0.0,0.0
2015-10-20 00:00:00+08:00,2.7101869583129883,2.7101869583129883,2.5933680534362793,2.7101869583129883,918371,0.0,0.0
2015-10-21 00:00:00+08:00,2.9788689613342285,2.9788689613342285,2.827004909515381,2.9788689613342285,737816,0.0,0.0
2015-10-22 00:00:00+08:00,3.2709150314331055,3.2709150314331055,2.8737330436706543,3.200824022293091,377699,0.0,0.0
2015-10-23 00:00:00+08:00,3.200824022293091,3.364370107650757,2.885413885116577,3.119050979614258,299916,0.0,0.0
2015-10-26 00:00:00+08:00,2.8153231143951416,3.07232403755188,2.8153231143951416,2.8153231143951416,375854,0.0,0.0
2015-10-27 00:00:00+08:00,2.5466411113739014,2.5466411113739014,2.534959077835083,2.534959077835083,162658,0.0,0.0
2015-10-28 00:00:00+08:00,2.289639949798584,2.5933680534362793,2.289639949798584,2.5933680534362793,451983,0.0,0.0
2015-10-29 00:00:00+08:00,2.5933680534362793,2.5933680534362793,2.3363680839538574,2.4181408882141113,437946,0.0,0.0
2015-10-30 00:00:00+08:00,2.2662770748138428,2.4648680686950684,2.2078680992126465,2.3130040168762207,248248,0.0,0.0
2015-11-02 00:00:00+08:00,2.3363680839538574,2.4181408882141113,2.3013219833374023,2.3947770595550537,184923,0.0,0.0
2015-11-03 00:00:00+08:00,2.348050117492676,2.4648680686950684,2.289639949798584,2.4415040016174316,61111,0.0,0.0
2015-11-04 00:00:00+08:00,2.3013219833374023,2.4181408882141113,2.3013219833374023,2.3947770595550537,237205,0.0,0.0
2015-11-05 00:00:00+08:00,2.3363680839538574,2.534959077835083,2.289639949798584,2.406459093093872,151859,0.0,0.0
2015-11-06 00:00:00+08:00,2.4415040016174316,2.4415040016174316,2.289639949798584,2.289639949798584,100652,0.0,0.0
2015-11-09 00:00:00+08:00,2.2662770748138428,2.4999139308929443,2.2195489406585693,2.4999139308929443,172289,0.0,0.0
2015-11-10 00:00:00+08:00,2.4999139308929443,2.4999139308929443,2.289639949798584,2.324686050415039,210358,0.0,0.0
2015-11-11 00:00:00+08:00,2.289639949798584,2.3363680839538574,2.277959108352661,2.324686050415039,100580,0.0,0.0
2015-11-12 00:00:00+08:00,2.2545950412750244,2.277959108352661,2.1027309894561768,2.2078680992126465,434010,0.0,0.0
2015-11-13 00:00:00+08:00,2.1845040321350098,2.1845040321350098,2.07936692237854,2.161139965057373,98839,0.0,0.0
2015-11-16 00:00:00+08:00,1.9508670568466187,2.1494579315185547,1.9508670568466187,2.056004047393799,105805,0.0,0.0
2015-11-17 00:00:00+08:00,2.07936692237854,2.0910489559173584,1.9041399955749512,2.0910489559173584,145823,0.0,0.0
2015-11-18 00:00:00+08:00,1.9742310047149658,2.032639980316162,1.9508670568466187,1.9742310047149658,41348,0.0,0.0
2015-11-19 00:00:00+08:00,1.927502989768982,1.9391850233078003,1.8690940141677856,1.9391850233078003,135518,0.0,0.0
2015-11-20 00:00:00+08:00,1.8340489864349365,1.927502989768982,1.8340489864349365,1.927502989768982,29789,0.0,0.0
2015-11-23 00:00:00+08:00,1.8106850385665894,1.8690940141677856,1.7873209714889526,1.927502989768982,200054,0.0,0.0
2015-11-24 00:00:00+08:00,1.9391850233078003,1.9391850233078003,1.8223669528961182,1.8340489864349365,130116,0.0,0.0
2015-11-25 00:00:00+08:00,1.799003005027771,1.8223669528961182,1.799003005027771,1.8223669528961182,42918,0.0,0.0
2015-11-26 00:00:00+08:00,1.880776047706604,1.880776047706604,1.799003005027771,1.8106850385665894,115658,0.0,0.0
2015-11-27 00:00:00+08:00,1.7522759437561035,1.9625489711761475,1.7522759437561035,1.8690940141677856,66513,0.0,0.0
2015-11-30 00:00:00+08:00,1.799003005027771,1.9041399955749512,1.799003005027771,1.799003005027771,53247,0.0,0.0
2015-12-01 00:00:00+08:00,1.8924579620361328,1.9742310047149658,1.8924579620361328,1.9742310047149658,112498,0.0,0.0
2015-12-02 00:00:00+08:00,1.9975939989089966,2.0910489559173584,1.9975939989089966,2.07936692237854,87169,0.0,0.0
2015-12-03 00:00:00+08:00,2.07936692237854,2.07936692237854,1.9625489711761475,1.9625489711761475,114753,0.0,0.0
2015-12-04 00:00:00+08:00,1.9158220291137695,1.9158220291137695,1.7756390571594238,1.7756390571594238,378967,0.0,0.0
2015-12-07 00:00:00+08:00,1.8924579620361328,1.8924579620361328,1.8106850385665894,1.8223669528961182,52991,0.0,0.0
2015-12-08 00:00:00+08:00,1.9041399955749512,1.9041399955749512,1.7639579772949219,1.845729947090149,30728,0.0,0.0
2015-12-09 00:00:00+08:00,1.845729947090149,1.845729947090149,1.845729947090149,1.845729947090149,37836,0.0,0.0
2015-12-10 00:00:00+08:00,1.845729947090149,1.8924579620361328,1.845729947090149,1.8924579620361328,34966,0.0,0.0
2015-12-11 00:00:00+08:00,1.8924579620361328,1.9391850233078003,1.8924579620361328,1.9391850233078003,84986,0.0,0.0
2015-12-14 00:00:00+08:00,1.8574119806289673,1.8690940141677856,1.8574119806289673,1.8690940141677856,13508,0.0,0.0
2015-12-15 00:00:00+08:00,1.9859130382537842,1.9859130382537842,1.9158220291137695,1.9158220291137695,17980,0.0,0.0
2015-12-16 00:00:00+08:00,1.9625489711761475,1.9742310047149658,1.7873209714889526,1.9625489711761475,203012,0.0,0.0
2015-12-17 00:00:00+08:00,2.1027309894561768,2.1027309894561768,1.8924579620361328,1.8924579620361328,83894,0.0,0.0
2015-12-18 00:00:00+08:00,1.8223669528961182,1.8690940141677856,1.8223669528961182,1.8340489864349365,69338,0.0,0.0
2015-12-21 00:00:00+08:00,1.799003005027771,1.8340489864349365,1.799003005027771,1.8340489864349365,39308,0.0,0.0
2015-12-22 00:00:00+08:00,1.8690940141677856,1.8690940141677856,1.8690940141677856,1.8690940141677856,5136,0.0,0.0
2015-12-23 00:00:00+08:00,1.8690940141677856,1.927502989768982,1.8106850385665894,1.8690940141677856,45712,0.0,0.0
2015-12-24 00:00:00+08:00,1.8223669528961182,1.8223669528961182,1.7756390571594238,1.7756390571594238,146066,0.0,0.0
2015-12-25 00:00:00+08:00,1.7756390571594238,1.8690940141677856,1.7756390571594238,1.8690940141677856,20544,0.0,0.0
2015-12-28 00:00:00+08:00,1.7756390571594238,1.8574119806289673,1.7756390571594238,1.8574119806289673,49649,0.0,0.0
2015-12-29 00:00:00+08:00,1.8574119806289673,1.880776047706604,1.845729947090149,1.8690940141677856,35112,0.0,0.0
2015-12-30 00:00:00+08:00,1.799003005027771,1.8574119806289673,1.799003005027771,1.8574119806289673,35106,0.0,0.0
2015-12-31 00:00:00+08:00,1.8223669528961182,1.8574119806289673,1.8223669528961182,1.8574119806289673,60949,0.0,0.0
2016-01-04 00:00:00+08:00,1.799003005027771,1.799003005027771,1.7522759437561035,1.7522759437561035,101202,0.0,0.0
2016-01-05 00:00:00+08:00,1.67050302028656,1.799003005027771,1.67050302028656,1.799003005027771,74149,0.0,0.0
2016-01-06 00:00:00+08:00,1.7522759437561035,1.7522759437561035,1.6938669681549072,1.6938669681549072,148309,0.0,0.0
2016-01-07 00:00:00+08:00,1.6938669681549072,1.6938669681549072,1.6938669681549072,1.6938669681549072,37668,0.0,0.0
2016-01-08 00:00:00+08:00,1.6938669681549072,1.6938669681549072,1.6004120111465454,1.6938669681549072,40233,0.0,0.0
2016-01-11 00:00:00+08:00,1.6938669681549072,1.6938669681549072,1.6938669681549072,1.6938669681549072,203289,0.0,0.0
2016-01-12 00:00:00+08:00,1.6938669681549072,1.6938669681549072,1.5303210020065308,1.5303210020065308,159222,0.0,0.0
2016-01-13 00:00:00+08:00,1.5303210020065308,1.5303210020065308,1.436866044998169,1.5303210020065308,135581,0.0,0.0
2016-01-14 00:00:00+08:00,1.5186389684677124,1.5186389684677124,1.4719120264053345,1.5186389684677124,59117,0.0,0.0
2016-01-15 00:00:00+08:00,1.5186389684677124,1.588729977607727,1.4485479593276978,1.588729977607727,150860,0.0,0.0
2016-01-18 00:00:00+08:00,1.4485479593276978,1.5069570541381836,1.4485479593276978,1.5069570541381836,103320,0.0,0.0
2016-01-19 00:00:00+08:00,1.5653660297393799,1.6237750053405762,1.5653660297393799,1.6237750053405762,23113,0.0,0.0
2016-01-20 00:00:00+08:00,1.5536839962005615,1.5536839962005615,1.5186389684677124,1.5186389684677124,35439,0.0,0.0
2016-01-21 00:00:00+08:00,1.5186389684677124,1.6120940446853638,1.5186389684677124,1.6120940446853638,83032,0.0,0.0
2016-01-22 00:00:00+08:00,1.6120940446853638,1.6120940446853638,1.4952750205993652,1.4952750205993652,44344,0.0,0.0
2016-01-25 00:00:00+08:00,1.4952750205993652,1.4952750205993652,1.4719120264053345,1.4719120264053345,105866,0.0,0.0
2016-01-26 00:00:00+08:00,1.436866044998169,1.436866044998169,1.355093002319336,1.355093002319336,97143,0.0,0.0
2016-01-27 00:00:00+08:00,1.3667750358581543,1.436866044998169,1.3667750358581543,1.4135019779205322,70622,0.0,0.0
2016-01-28 00:00:00+08:00,1.378456950187683,1.4952750205993652,1.3667750358581543,1.4952750205993652,66391,0.0,0.0
2016-01-29 00:00:00+08:00,1.4018210172653198,1.4952750205993652,1.3667750358581543,1.4835929870605469,366802,0.0,0.0
2016-02-01 00:00:00+08:00,1.4952750205993652,1.588729977607727,1.4952750205993652,1.5069570541381836,47081,0.0,0.0
2016-02-02 00:00:00+08:00,1.4602299928665161,1.5069570541381836,1.4485479593276978,1.4952750205993652,35110,0.0,0.0
2016-02-03 00:00:00+08:00,1.4485479593276978,1.4952750205993652,1.436866044998169,1.4952750205993652,29104,0.0,0.0
2016-02-15 00:00:00+08:00,1.4251840114593506,1.588729977607727,1.4018210172653198,1.4018210172653198,123198,0.0,0.0
2016-02-16 00:00:00+08:00,1.3434109687805176,1.5420030355453491,1.2616380453109741,1.4835929870605469,669490,0.0,0.0
2016-02-17 00:00:00+08:00,1.4251840114593506,1.4251840114593506,1.3901389837265015,1.3901389837265015,80555,0.0,0.0
2016-02-18 00:00:00+08:00,1.3901389837265015,1.4018210172653198,1.3667750358581543,1.3667750358581543,50994,0.0,0.0
2016-02-19 00:00:00+08:00,1.4018210172653198,1.4018210172653198,1.3901389837265015,1.3901389837265015,60779,0.0,0.0
2016-02-22 00:00:00+08:00,1.4719120264053345,1.5069570541381836,1.4602299928665161,1.4602299928665161,99303,0.0,0.0
2016-02-23 00:00:00+08:00,1.4602299928665161,1.5186389684677124,1.4251840114593506,1.5186389684677124,78439,0.0,0.0
2016-02-24 00:00:00+08:00,1.5770479440689087,1.588729977607727,1.5770479440689087,1.5770479440689087,20568,0.0,0.0
2016-02-25 00:00:00+08:00,1.6237750053405762,1.6237750053405762,1.5770479440689087,1.5770479440689087,62133,0.0,0.0
2016-02-26 00:00:00+08:00,1.5770479440689087,1.7055480480194092,1.5770479440689087,1.5770479440689087,83112,0.0,0.0
2016-03-01 00:00:00+08:00,1.5186389684677124,1.6938669681549072,1.5069570541381836,1.6354570388793945,255589,0.0,0.0
2016-03-02 00:00:00+08:00,1.5770479440689087,1.67050302028656,1.5770479440689087,1.6354570388793945,306595,0.0,0.0
2016-03-03 00:00:00+08:00,1.588729977607727,1.6120940446853638,1.5186389684677124,1.6120940446853638,298701,0.0,0.0
2016-03-04 00:00:00+08:00,1.6354570388793945,1.6588209867477417,1.6354570388793945,1.6354570388793945,94440,0.0,0.0
2016-03-07 00:00:00+08:00,1.7405940294265747,1.799003005027771,1.588729977607727,1.799003005027771,139486,0.0,0.0
2016-03-08 00:00:00+08:00,1.799003005027771,1.8340489864349365,1.799003005027771,1.8340489864349365,121470,0.0,0.0
2016-03-09 00:00:00+08:00,1.927502989768982,1.927502989768982,1.8924579620361328,1.8924579620361328,140464,0.0,0.0
2016-03-10 00:00:00+08:00,1.9625489711761475,1.9625489711761475,1.8106850385665894,1.8106850385665894,70161,0.0,0.0
2016-03-11 00:00:00+08:00,1.927502989768982,1.927502989768982,1.6938669681549072,1.6938669681549072,111509,0.0,0.0
2016-03-14 00:00:00+08:00,1.8574119806289673,1.8574119806289673,1.7405940294265747,1.7405940294265747,64964,0.0,0.0
2016-03-15 00:00:00+08:00,1.7055480480194092,1.7055480480194092,1.67050302028656,1.67050302028656,62527,0.0,0.0
2016-03-16 00:00:00+08:00,1.7873209714889526,1.7873209714889526,1.67050302028656,1.7289119958877563,64407,0.0,0.0
2016-03-17 00:00:00+08:00,1.717229962348938,1.717229962348938,1.6588209867477417,1.67050302028656,68545,0.0,0.0
2016-03-18 00:00:00+08:00,1.67050302028656,1.7289119958877563,1.67050302028656,1.7055480480194092,72794,0.0,0.0
2016-03-21 00:00:00+08:00,1.67050302028656,1.717229962348938,1.67050302028656,1.6821850538253784,36837,0.0,0.0
2016-03-22 00:00:00+08:00,1.7055480480194092,1.7522759437561035,1.7055480480194092,1.7055480480194092,83582,0.0,0.0
2016-03-23 00:00:00+08:00,1.7055480480194092,1.7055480480194092,1.6938669681549072,1.7055480480194092,37834,0.0,0.0
2016-03-24 00:00:00+08:00,1.67050302028656,1.7522759437561035,1.67050302028656,1.7405940294265747,54100,0.0,0.0
2016-03-25 00:00:00+08:00,1.7522759437561035,1.7522759437561035,1.7055480480194092,1.7522759437561035,173945,0.0,0.0
2016-03-28 00:00:00+08:00,1.8106850385665894,1.9041399955749512,1.8106850385665894,1.8924579620361328,249410,0.0,0.0
2016-03-29 00:00:00+08:00,1.7756390571594238,1.7756390571594238,1.7522759437561035,1.7522759437561035,155112,0.0,0.0
2016-03-30 00:00:00+08:00,1.7522759437561035,1.7756390571594238,1.7522759437561035,1.7756390571594238,187669,0.0,0.0
2016-03-31 00:00:00+08:00,1.6938669681549072,1.7289119958877563,1.6938669681549072,1.7289119958877563,61693,0.0,0.0
2016-04-01 00:00:00+08:00,1.799003005027771,1.799003005027771,1.7756390571594238,1.7756390571594238,102388,0.0,0.0
2016-04-06 00:00:00+08:00,1.7756390571594238,1.845729947090149,1.7756390571594238,1.8223669528961182,194856,0.0,0.0
2016-04-07 00:00:00+08:00,1.6588209867477417,1.9859130382537842,1.6588209867477417,1.9742310047149658,416360,0.0,0.0
2016-04-08 00:00:00+08:00,1.9508670568466187,2.161139965057373,1.9508670568466187,2.161139965057373,480162,0.0,0.0
2016-04-11 00:00:00+08:00,2.2195489406585693,2.371412992477417,2.2195489406585693,2.371412992477417,749094,0.0,0.0
2016-04-12 00:00:00+08:00,2.6050500869750977,2.6050500869750977,2.3947770595550537,2.3947770595550537,1200178,0.0,0.0
2016-04-13 00:00:00+08:00,2.3947770595550537,2.6284139156341553,2.3363680839538574,2.570004940032959,1092883,0.0,0.0
2016-04-14 00:00:00+08:00,2.570004940032959,2.570004940032959,2.45318603515625,2.5583229064941406,507651,0.0,0.0
2016-04-15 00:00:00+08:00,2.5115950107574463,2.5115950107574463,2.3947770595550537,2.3947770595550537,105298,0.0,0.0
2016-04-18 00:00:00+08:00,2.45318603515625,2.4648680686950684,2.45318603515625,2.4648680686950684,142323,0.0,0.0
2016-04-19 00:00:00+08:00,2.488231897354126,2.488231897354126,2.3363680839538574,2.3363680839538574,104497,0.0,0.0
2016-04-20 00:00:00+08:00,2.5583229064941406,2.5583229064941406,2.3947770595550537,2.3947770595550537,82017,0.0,0.0
2016-04-21 00:00:00+08:00,2.5232770442962646,2.5232770442962646,2.3947770595550537,2.3947770595550537,63568,0.0,0.0
2016-04-22 00:00:00+08:00,2.3947770595550537,2.5232770442962646,2.2195489406585693,2.2195489406585693,116271,0.0,0.0
2016-04-25 00:00:00+08:00,2.2195489406585693,2.277959108352661,2.1845040321350098,2.2195489406585693,24830,0.0,0.0
2016-04-26 00:00:00+08:00,2.348050117492676,2.348050117492676,2.2195489406585693,2.2195489406585693,63345,0.0,0.0
2016-04-27 00:00:00+08:00,2.3363680839538574,2.3363680839538574,2.161139965057373,2.161139965057373,22277,0.0,0.0
2016-04-28 00:00:00+08:00,2.161139965057373,2.161139965057373,2.1027309894561768,2.1027309894561768,267664,0.0,0.0
2016-04-29 00:00:00+08:00,2.114413022994995,2.114413022994995,2.1027309894561768,2.1027309894561768,139738,0.0,0.0
2016-05-03 00:00:00+08:00,1.9041399955749512,2.161139965057373,1.9041399955749512,2.161139965057373,171505,0.0,0.0
2016-05-04 00:00:00+08:00,2.0443220138549805,2.161139965057373,2.0443220138549805,2.056004047393799,91150,0.0,0.0
2016-05-05 00:00:00+08:00,1.9625489711761475,1.9625489711761475,1.880776047706604,1.880776047706604,100326,0.0,0.0
2016-05-06 00:00:00+08:00,1.880776047706604,1.880776047706604,1.8690940141677856,1.8690940141677856,43006,0.0,0.0
2016-05-09 00:00:00+08:00,1.717229962348938,2.0092759132385254,1.717229962348938,1.8690940141677856,88171,0.0,0.0
2016-05-10 00:00:00+08:00,1.7639579772949219,1.927502989768982,1.7639579772949219,1.8340489864349365,204279,0.0,0.0
2016-05-11 00:00:00+08:00,1.7756390571594238,1.8574119806289673,1.7756390571594238,1.7756390571594238,58209,0.0,0.0
2016-05-12 00:00:00+08:00,1.7756390571594238,1.8690940141677856,1.7756390571594238,1.8690940141677856,69423,0.0,0.0
2016-05-13 00:00:00+08:00,1.927502989768982,1.927502989768982,1.799003005027771,1.927502989768982,107860,0.0,0.0
2016-05-16 00:00:00+08:00,1.8340489864349365,1.927502989768982,1.8340489864349365,1.8690940141677856,22257,0.0,0.0
2016-05-17 00:00:00+08:00,2.032639980316162,2.032639980316162,1.880776047706604,1.927502989768982,65058,0.0,0.0
2016-05-18 00:00:00+08:00,2.032639980316162,2.114413022994995,2.032639980316162,2.114413022994995,148600,0.0,0.0
2016-05-19 00:00:00+08:00,2.114413022994995,2.2195489406585693,2.114413022994995,2.2195489406585693,69338,0.0,0.0
2016-05-20 00:00:00+08:00,2.2662770748138428,2.3363680839538574,2.2662770748138428,2.3363680839538574,165000,0.0,0.0
2016-05-23 00:00:00+08:00,2.1728219985961914,2.3363680839538574,2.1728219985961914,2.3363680839538574,71461,0.0,0.0
2016-05-24 00:00:00+08:00,2.2195489406585693,2.3830950260162354,2.2195489406585693,2.348050117492676,54062,0.0,0.0
2016-05-25 00:00:00+08:00,2.348050117492676,2.348050117492676,2.2312309741973877,2.277959108352661,126319,0.0,0.0
2016-05-26 00:00:00+08:00,2.277959108352661,2.277959108352661,2.2195489406585693,2.277959108352661,79131,0.0,0.0
2016-05-27 00:00:00+08:00,2.3363680839538574,2.3363680839538574,2.07936692237854,2.2195489406585693,123855,0.0,0.0
2016-05-30 00:00:00+08:00,2.242913007736206,2.242913007736206,2.196186065673828,2.196186065673828,57338,0.0,0.0
2016-05-31 00:00:00+08:00,2.2662770748138428,2.2662770748138428,2.196186065673828,2.196186065673828,61767,0.0,0.0
2016-06-01 00:00:00+08:00,2.196186065673828,2.277959108352661,2.161139965057373,2.161139965057373,80747,0.0,0.0
2016-06-02 00:00:00+08:00,2.1027309894561768,2.196186065673828,2.1027309894561768,2.196186065673828,55282,0.0,0.0
2016-06-03 00:00:00+08:00,2.277959108352661,2.277959108352661,2.2545950412750244,2.2545950412750244,31673,0.0,0.0
2016-06-06 00:00:00+08:00,2.3013219833374023,2.3013219833374023,2.1027309894561768,2.1027309894561768,141245,0.0,0.0
2016-06-07 00:00:00+08:00,2.1027309894561768,2.1027309894561768,2.1027309894561768,2.1027309894561768,0,0.0,0.0
2016-06-08 00:00:00+08:00,2.2078680992126465,2.2078680992126465,2.2078680992126465,2.2078680992126465,38541,0.0,0.0
2016-06-13 00:00:00+08:00,2.1027309894561768,2.2078680992126465,2.0910489559173584,2.1027309894561768,76203,0.0,0.0
2016-06-14 00:00:00+08:00,2.1845040321350098,2.1845040321350098,2.0443220138549805,2.161139965057373,59922,0.0,0.0
2016-06-15 00:00:00+08:00,2.161139965057373,2.196186065673828,2.161139965057373,2.196186065673828,48963,0.0,0.0
2016-06-16 00:00:00+08:00,2.1027309894561768,2.1845040321350098,2.1027309894561768,2.1845040321350098,73789,0.0,0.0
2016-06-17 00:00:00+08:00,2.1845040321350098,2.1845040321350098,2.1027309894561768,2.1027309894561768,57727,0.0,0.0
2016-06-20 00:00:00+08:00,2.1494579315185547,2.1494579315185547,2.0443220138549805,2.07936692237854,31477,0.0,0.0
2016-06-21 00:00:00+08:00,2.0910489559173584,2.1260950565338135,2.056004047393799,2.1027309894561768,80899,0.0,0.0
2016-06-22 00:00:00+08:00,2.1027309894561768,2.1027309894561768,2.0443220138549805,2.056004047393799,125836,0.0,0.0
2016-06-23 00:00:00+08:00,2.1027309894561768,2.1027309894561768,2.056004047393799,2.07936692237854,77213,0.0,0.0
2016-06-24 00:00:00+08:00,2.1027309894561768,2.1027309894561768,2.07936692237854,2.1027309894561768,107382,0.0,0.0
2016-06-27 00:00:00+08:00,1.9975939989089966,2.1027309894561768,1.9975939989089966,2.0209579467773438,33487,0.0,0.0
2016-06-28 00:00:00+08:00,2.0910489559173584,2.0910489559173584,2.032639980316162,2.032639980316162,18202,0.0,0.0
2016-06-29 00:00:00+08:00,2.0910489559173584,2.0910489559173584,1.9975939989089966,1.9975939989089966,104819,0.0,0.0
2016-06-30 00:00:00+08:00,2.0910489559173584,2.0910489559173584,2.07936692237854,2.0910489559173584,214058,0.0,0.0
2016-07-01 00:00:00+08:00,2.056004047393799,2.0676848888397217,2.0443220138549805,2.0676848888397217,106792,0.0,0.0
2016-07-04 00:00:00+08:00,1.9975939989089966,2.161139965057373,1.9975939989089966,2.1027309894561768,140560,0.0,0.0
2016-07-05 00:00:00+08:00,2.1027309894561768,2.1027309894561768,2.1027309894561768,2.1027309894561768,31672,0.0,0.0
2016-07-06 00:00:00+08:00,2.114413022994995,2.114413022994995,2.0443220138549805,2.0443220138549805,56507,0.0,0.0
2016-07-07 00:00:00+08:00,2.114413022994995,2.161139965057373,2.0443220138549805,2.0443220138549805,95791,0.0,0.0
2016-07-08 00:00:00+08:00,2.0443220138549805,2.0443220138549805,2.0443220138549805,2.0443220138549805,0,0.0,0.0
2016-07-11 00:00:00+08:00,2.07936692237854,2.07936692237854,2.0443220138549805,2.07936692237854,26702,0.0,0.0
2016-07-12 00:00:00+08:00,1.9975939989089966,2.0910489559173584,1.9975939989089966,2.0910489559173584,46567,0.0,0.0
2016-07-13 00:00:00+08:00,2.0443220138549805,2.0443220138549805,2.0443220138549805,2.0443220138549805,30097,0.0,0.0
2016-07-14 00:00:00+08:00,2.0443220138549805,2.1845040321350098,2.0443220138549805,2.1027309894561768,38779,0.0,0.0
2016-07-15 00:00:00+08:00,2.114413022994995,2.114413022994995,1.9975939989089966,2.1027309894561768,140149,0.0,0.0
2016-07-18 00:00:00+08:00,2.0443220138549805,2.056004047393799,2.0443220138549805,2.0443220138549805,103990,0.0,0.0
2016-07-19 00:00:00+08:00,2.0910489559173584,2.1027309894561768,2.056004047393799,2.1027309894561768,60350,0.0,0.0
2016-07-20 00:00:00+08:00,2.0209579467773438,2.0910489559173584,2.0209579467773438,2.0910489559173584,86768,0.0,0.0
2016-07-21 00:00:00+08:00,1.9975939989089966,2.0092759132385254,1.9975939989089966,1.9975939989089966,126060,0.0,0.0
2016-07-22 00:00:00+08:00,2.0209579467773438,2.0209579467773438,1.9859130382537842,1.9859130382537842,417827,0.0,0.0
2016-07-25 00:00:00+08:00,1.8924579620361328,1.9508670568466187,1.8924579620361328,1.9508670568466187,118139,0.0,0.0
2016-07-26 00:00:00+08:00,1.9859130382537842,2.0443220138549805,1.9508670568466187,2.032639980316162,97587,0.0,0.0
2016-07-27 00:00:00+08:00,2.0443220138549805,2.056004047393799,1.9508670568466187,2.056004047393799,51043,0.0,0.0
2016-07-28 00:00:00+08:00,1.9975939989089966,2.0443220138549805,1.9975939989089966,1.9975939989089966,99676,0.0,0.0
2016-07-29 00:00:00+08:00,1.9041399955749512,2.0443220138549805,1.9041399955749512,1.9859130382537842,73106,0.0,0.0
2016-08-01 00:00:00+08:00,2.0443220138549805,2.0443220138549805,1.9508670568466187,2.0443220138549805,101457,0.0,0.0
2016-08-02 00:00:00+08:00,2.0092759132385254,2.07936692237854,2.0092759132385254,2.0209579467773438,30841,0.0,0.0
2016-08-03 00:00:00+08:00,2.0910489559173584,2.0910489559173584,1.9742310047149658,2.032639980316162,52645,0.0,0.0
2016-08-04 00:00:00+08:00,1.9975939989089966,1.9975939989089966,1.9975939989089966,1.9975939989089966,8760,0.0,0.0
2016-08-05 00:00:00+08:00,1.9859130382537842,2.0443220138549805,1.9859130382537842,2.0443220138549805,109772,0.0,0.0
2016-08-08 00:00:00+08:00,1.845729947090149,1.8690940141677856,1.845729947090149,1.845729947090149,497276,0.0,0.0
2016-08-09 00:00:00+08:00,1.8690940141677856,1.9041399955749512,1.8690940141677856,1.8690940141677856,63681,0.0,0.0
2016-08-10 00:00:00+08:00,1.8690940141677856,1.880776047706604,1.8690940141677856,1.8690940141677856,73687,0.0,0.0
2016-08-11 00:00:00+08:00,1.8690940141677856,1.8690940141677856,1.8574119806289673,1.8574119806289673,56193,0.0,0.0
2016-08-12 00:00:00+08:00,1.7756390571594238,1.8690940141677856,1.7756390571594238,1.8690940141677856,110210,0.0,0.0
2016-08-15 00:00:00+08:00,1.880776047706604,2.056004047393799,1.880776047706604,2.056004047393799,505463,0.0,0.0
2016-08-16 00:00:00+08:00,2.1027309894561768,2.2545950412750244,2.1027309894561768,2.2545950412750244,497077,0.0,0.0
2016-08-17 00:00:00+08:00,2.4181408882141113,2.4765501022338867,2.277959108352661,2.3363680839538574,618868,0.0,0.0
2016-08-18 00:00:00+08:00,2.3363680839538574,2.348050117492676,2.3363680839538574,2.3363680839538574,144566,0.0,0.0
2016-08-19 00:00:00+08:00,2.277959108352661,2.45318603515625,2.277959108352661,2.3363680839538574,103832,0.0,0.0
2016-08-22 00:00:00+08:00,2.3363680839538574,2.3363680839538574,2.277959108352661,2.3363680839538574,131854,0.0,0.0
2016-08-23 00:00:00+08:00,2.3947770595550537,2.3947770595550537,2.3947770595550537,2.3947770595550537,52246,0.0,0.0
2016-08-24 00:00:00+08:00,2.406459093093872,2.406459093093872,2.324686050415039,2.324686050415039,19390,0.0,0.0
2016-08-25 00:00:00+08:00,2.3363680839538574,2.3363680839538574,2.3363680839538574,2.3363680839538574,34764,0.0,0.0
2016-08-26 00:00:00+08:00,2.3363680839538574,2.5232770442962646,2.3363680839538574,2.3947770595550537,129551,0.0,0.0
2016-08-29 00:00:00+08:00,2.2312309741973877,2.4298229217529297,2.2312309741973877,2.3947770595550537,122478,0.0,0.0
2016-08-30 00:00:00+08:00,2.359731912612915,2.3947770595550537,2.359731912612915,2.371412992477417,104318,0.0,0.0
2016-08-31 00:00:00+08:00,2.4415040016174316,2.4415040016174316,2.3130040168762207,2.3130040168762207,137967,0.0,0.0
2016-09-01 00:00:00+08:00,2.3363680839538574,2.3363680839538574,2.2078680992126465,2.2078680992126465,40935,0.0,0.0
2016-09-02 00:00:00+08:00,2.3013219833374023,2.3013219833374023,2.1494579315185547,2.2545950412750244,65999,0.0,0.0
2016-09-05 00:00:00+08:00,2.114413022994995,2.2545950412750244,2.114413022994995,2.2545950412750244,117239,0.0,0.0
2016-09-06 00:00:00+08:00,2.2545950412750244,2.2545950412750244,2.1728219985961914,2.2312309741973877,65913,0.0,0.0
2016-09-07 00:00:00+08:00,2.1728219985961914,2.196186065673828,2.1728219985961914,2.1845040321350098,79256,0.0,0.0
2016-09-08 00:00:00+08:00,2.196186065673828,2.196186065673828,2.1728219985961914,2.1845040321350098,76185,0.0,0.0
2016-09-09 00:00:00+08:00,2.1845040321350098,2.1845040321350098,2.1845040321350098,2.1845040321350098,29999,0.0,0.0
2016-09-12 00:00:00+08:00,2.196186065673828,2.2078680992126465,2.196186065673828,2.196186065673828,21626,0.0,0.0
2016-09-13 00:00:00+08:00,2.2195489406585693,2.2195489406585693,2.196186065673828,2.196186065673828,162508,0.0,0.0
2016-09-14 00:00:00+08:00,2.1027309894561768,2.1845040321350098,2.1027309894561768,2.1845040321350098,160916,0.0,0.0
2016-09-19 00:00:00+08:00,2.1260950565338135,2.196186065673828,2.1260950565338135,2.1728219985961914,44895,0.0,0.0
2016-09-20 00:00:00+08:00,2.161139965057373,2.161139965057373,2.137777090072632,2.137777090072632,90749,0.0,0.0
2016-09-21 00:00:00+08:00,2.161139965057373,2.161139965057373,2.1260950565338135,2.1260950565338135,145610,0.0,0.0
2016-09-22 00:00:00+08:00,2.1260950565338135,2.196186065673828,2.1260950565338135,2.196186065673828,41240,0.0,0.0
2016-09-23 00:00:00+08:00,2.2195489406585693,2.2195489406585693,2.1728219985961914,2.196186065673828,37340,0.0,0.0
2016-09-26 00:00:00+08:00,2.2195489406585693,2.2195489406585693,2.2078680992126465,2.2195489406585693,72112,0.0,0.0
2016-09-27 00:00:00+08:00,2.2195489406585693,2.2195489406585693,2.2195489406585693,2.2195489406585693,0,0.0,0.0
2016-09-28 00:00:00+08:00,2.2195489406585693,2.2195489406585693,2.2195489406585693,2.2195489406585693,0,0.0,0.0
2016-09-29 00:00:00+08:00,2.1728219985961914,2.2195489406585693,2.1728219985961914,2.196186065673828,120394,0.0,0.0
2016-09-30 00:00:00+08:00,2.2312309741973877,2.277959108352661,2.2312309741973877,2.2312309741973877,62489,0.0,0.0
2016-10-03 00:00:00+08:00,2.2312309741973877,2.2312309741973877,2.137777090072632,2.1845040321350098,109794,0.0,0.0
2016-10-04 00:00:00+08:00,2.196186065673828,2.2078680992126465,2.1728219985961914,2.2078680992126465,90965,0.0,0.0
2016-10-05 00:00:00+08:00,2.196186065673828,2.196186065673828,2.196186065673828,2.196186065673828,56778,0.0,0.0
2016-10-06 00:00:00+08:00,2.196186065673828,2.196186065673828,2.1494579315185547,2.161139965057373,129557,0.0,0.0
2016-10-07 00:00:00+08:00,2.161139965057373,2.161139965057373,2.161139965057373,2.161139965057373,25852,0.0,0.0
2016-10-11 00:00:00+08:00,2.161139965057373,2.161139965057373,2.161139965057373,2.161139965057373,30137,0.0,0.0
2016-10-12 00:00:00+08:00,2.161139965057373,2.161139965057373,2.0443220138549805,2.056004047393799,75253,0.0,0.0
2016-10-13 00:00:00+08:00,2.1728219985961914,2.1728219985961914,2.1494579315185547,2.1494579315185547,55780,0.0,0.0
2016-10-14 00:00:00+08:00,2.1494579315185547,2.1494579315185547,2.114413022994995,2.114413022994995,22427,0.0,0.0
2016-10-17 00:00:00+08:00,2.114413022994995,2.114413022994995,2.1027309894561768,2.1027309894561768,60372,0.0,0.0
2016-10-18 00:00:00+08:00,2.161139965057373,2.161139965057373,2.161139965057373,2.161139965057373,263657,0.0,0.0
2016-10-19 00:00:00+08:00,2.161139965057373,2.2195489406585693,2.1027309894561768,2.1027309894561768,38747,0.0,0.0
2016-10-20 00:00:00+08:00,2.07936692237854,2.1260950565338135,2.07936692237854,2.1260950565338135,49701,0.0,0.0
2016-10-21 00:00:00+08:00,2.1728219985961914,2.1728219985961914,2.137777090072632,2.137777090072632,5362,0.0,0.0
2016-10-24 00:00:00+08:00,2.1845040321350098,2.1845040321350098,2.114413022994995,2.114413022994995,11814,0.0,0.0
2016-10-25 00:00:00+08:00,2.114413022994995,2.114413022994995,2.114413022994995,2.114413022994995,18519,0.0,0.0
2016-10-26 00:00:00+08:00,2.1260950565338135,2.1260950565338135,2.114413022994995,2.114413022994995,8697,0.0,0.0
2016-10-27 00:00:00+08:00,2.114413022994995,2.137777090072632,2.07936692237854,2.137777090072632,95567,0.0,0.0
2016-10-28 00:00:00+08:00,2.137777090072632,2.161139965057373,2.0092759132385254,2.0092759132385254,51631,0.0,0.0
2016-10-31 00:00:00+08:00,2.0443220138549805,2.0443220138549805,2.0443220138549805,2.0443220138549805,2653,0.0,0.0
2016-11-01 00:00:00+08:00,2.0676848888397217,2.1027309894561768,2.056004047393799,2.1027309894561768,44256,0.0,0.0
2016-11-02 00:00:00+08:00,2.1027309894561768,2.1027309894561768,2.0209579467773438,2.0209579467773438,243112,0.0,0.0
2016-11-03 00:00:00+08:00,2.1027309894561768,2.1027309894561768,2.0209579467773438,2.0676848888397217,51447,0.0,0.0
2016-11-04 00:00:00+08:00,2.0443220138549805,2.0443220138549805,2.0443220138549805,2.0443220138549805,8561,0.0,0.0
2016-11-07 00:00:00+08:00,2.0092759132385254,2.0209579467773438,1.9859130382537842,1.9859130382537842,109246,0.0,0.0
2016-11-08 00:00:00+08:00,1.9975939989089966,2.0910489559173584,1.9975939989089966,2.0676848888397217,47082,0.0,0.0
2016-11-09 00:00:00+08:00,2.0443220138549805,2.0443220138549805,2.0209579467773438,2.0443220138549805,86381,0.0,0.0
2016-11-10 00:00:00+08:00,2.0910489559173584,2.0910489559173584,2.0443220138549805,2.0443220138549805,26543,0.0,0.0
2016-11-11 00:00:00+08:00,1.9975939989089966,2.0443220138549805,1.9975939989089966,2.0092759132385254,66330,0.0,0.0
2016-11-14 00:00:00+08:00,2.1494579315185547,2.1494579315185547,2.0443220138549805,2.1027309894561768,42852,0.0,0.0
2016-11-15 00:00:00+08:00,2.114413022994995,2.1260950565338135,2.1027309894561768,2.1027309894561768,129182,0.0,0.0
2016-11-16 00:00:00+08:00,2.0443220138549805,2.1027309894561768,2.0443220138549805,2.0676848888397217,96947,0.0,0.0
2016-11-17 00:00:00+08:00,2.0676848888397217,2.1494579315185547,2.0676848888397217,2.1494579315185547,72790,0.0,0.0
2016-11-18 00:00:00+08:00,2.1260950565338135,2.1260950565338135,2.0910489559173584,2.1260950565338135,31690,0.0,0.0
2016-11-21 00:00:00+08:00,2.0910489559173584,2.1260950565338135,2.07936692237854,2.07936692237854,65158,0.0,0.0
2016-11-22 00:00:00+08:00,2.0443220138549805,2.1260950565338135,2.0443220138549805,2.0676848888397217,68449,0.0,0.0
2016-11-23 00:00:00+08:00,2.0676848888397217,2.1027309894561768,2.0676848888397217,2.0910489559173584,240853,0.0,0.0
2016-11-24 00:00:00+08:00,2.2312309741973877,2.2312309741973877,2.07936692237854,2.1027309894561768,205446,0.0,0.0
2016-11-25 00:00:00+08:00,2.1027309894561768,2.1027309894561768,2.0676848888397217,2.0676848888397217,197427,0.0,0.0
2016-11-28 00:00:00+08:00,2.0676848888397217,2.0676848888397217,2.0676848888397217,2.0676848888397217,157989,0.0,0.0
2016-11-29 00:00:00+08:00,2.056004047393799,2.07936692237854,2.0209579467773438,2.056004047393799,97813,0.0,0.0
2016-11-30 00:00:00+08:00,2.056004047393799,2.056004047393799,2.056004047393799,2.056004047393799,229056,0.0,0.0
2016-12-01 00:00:00+08:00,2.056004047393799,2.07936692237854,2.056004047393799,2.07936692237854,205447,0.0,0.0
2016-12-02 00:00:00+08:00,2.07936692237854,2.07936692237854,2.0092759132385254,2.0092759132385254,85688,0.0,0.0
2016-12-05 00:00:00+08:00,2.1027309894561768,2.1027309894561768,2.056004047393799,2.0910489559173584,185929,0.0,0.0
2016-12-06 00:00:00+08:00,2.161139965057373,2.161139965057373,2.1260950565338135,2.161139965057373,288482,0.0,0.0
2016-12-07 00:00:00+08:00,2.1728219985961914,2.1728219985961914,2.114413022994995,2.1494579315185547,207364,0.0,0.0
2016-12-08 00:00:00+08:00,2.2078680992126465,2.2078680992126465,2.1027309894561768,2.1027309894561768,127039,0.0,0.0
2016-12-09 00:00:00+08:00,2.1027309894561768,2.137777090072632,2.0910489559173584,2.1260950565338135,62587,0.0,0.0
2016-12-12 00:00:00+08:00,2.1494579315185547,2.1494579315185547,2.0676848888397217,2.0676848888397217,69184,0.0,0.0
2016-12-13 00:00:00+08:00,2.07936692237854,2.1260950565338135,2.0676848888397217,2.07936692237854,52313,0.0,0.0
2016-12-14 00:00:00+08:00,2.0676848888397217,2.114413022994995,2.056004047393799,2.114413022994995,60007,0.0,0.0
2016-12-15 00:00:00+08:00,2.1494579315185547,2.1494579315185547,2.07936692237854,2.1027309894561768,34700,0.0,0.0
2016-12-16 00:00:00+08:00,2.0910489559173584,2.1494579315185547,2.07936692237854,2.1494579315185547,65983,0.0,0.0
2016-12-19 00:00:00+08:00,2.1494579315185547,2.161139965057373,2.137777090072632,2.161139965057373,132376,0.0,0.0
2016-12-20 00:00:00+08:00,2.1728219985961914,2.1728219985961914,2.1260950565338135,2.1728219985961914,175657,0.0,0.0
2016-12-21 00:00:00+08:00,2.196186065673828,2.2195489406585693,2.196186065673828,2.196186065673828,107794,0.0,0.0
2016-12-22 00:00:00+08:00,2.161139965057373,2.1845040321350098,2.161139965057373,2.1845040321350098,42322,0.0,0.0
2016-12-23 00:00:00+08:00,2.1845040321350098,2.1845040321350098,2.1027309894561768,2.1027309894561768,48504,0.0,0.0
2016-12-26 00:00:00+08:00,2.07936692237854,2.1260950565338135,2.0676848888397217,2.1260950565338135,36847,0.0,0.0
2016-12-27 00:00:00+08:00,2.161139965057373,2.161139965057373,2.137777090072632,2.137777090072632,16309,0.0,0.0
2016-12-28 00:00:00+08:00,2.1260950565338135,2.137777090072632,2.1260950565338135,2.137777090072632,13758,0.0,0.0
2016-12-29 00:00:00+08:00,2.1260950565338135,2.1260950565338135,2.0910489559173584,2.1027309894561768,53280,0.0,0.0
2016-12-30 00:00:00+08:00,2.1027309894561768,2.1027309894561768,2.1027309894561768,2.1027309894561768,49653,0.0,0.0
2017-01-03 00:00:00+08:00,2.2195489406585693,2.2195489406585693,2.1260950565338135,2.137777090072632,103785,0.0,0.0
2017-01-04 00:00:00+08:00,2.056004047393799,2.137777090072632,2.056004047393799,2.1027309894561768,27563,0.0,0.0
2017-01-05 00:00:00+08:00,2.1027309894561768,2.1027309894561768,2.0910489559173584,2.1027309894561768,181735,0.0,0.0
2017-01-06 00:00:00+08:00,2.1027309894561768,2.1260950565338135,2.1027309894561768,2.1260950565338135,101235,0.0,0.0
2017-01-09 00:00:00+08:00,2.07936692237854,2.137777090072632,2.07936692237854,2.0910489559173584,73627,0.0,0.0
2017-01-10 00:00:00+08:00,2.0676848888397217,2.1260950565338135,2.0676848888397217,2.1027309894561768,101275,0.0,0.0
2017-01-11 00:00:00+08:00,2.056004047393799,2.161139965057373,2.056004047393799,2.1027309894561768,68002,0.0,0.0
2017-01-12 00:00:00+08:00,2.0910489559173584,2.1494579315185547,2.0910489559173584,2.1260950565338135,102776,0.0,0.0
2017-01-13 00:00:00+08:00,2.137777090072632,2.137777090072632,2.137777090072632,2.137777090072632,2571,0.0,0.0
2017-01-16 00:00:00+08:00,2.1027309894561768,2.1728219985961914,2.1027309894561768,2.1260950565338135,29961,0.0,0.0
2017-01-17 00:00:00+08:00,2.1494579315185547,2.1494579315185547,2.114413022994995,2.114413022994995,51034,0.0,0.0
2017-01-18 00:00:00+08:00,2.137777090072632,2.1494579315185547,2.114413022994995,2.1494579315185547,286256,0.0,0.0
2017-01-19 00:00:00+08:00,2.1728219985961914,2.277959108352661,2.1728219985961914,2.277959108352661,592874,0.0,0.0
2017-01-20 00:00:00+08:00,2.3947770595550537,2.4999139308929443,2.3947770595550537,2.4999139308929443,731922,0.0,0.0
2017-01-23 00:00:00+08:00,2.4999139308929443,2.4999139308929443,2.3947770595550537,2.4648680686950684,426018,0.0,0.0
2017-01-24 00:00:00+08:00,2.616731882095337,2.6284139156341553,2.371412992477417,2.371412992477417,463642,0.0,0.0
2017-02-02 00:00:00+08:00,2.4415040016174316,2.534959077835083,2.3363680839538574,2.534959077835083,331351,0.0,0.0
2017-02-03 00:00:00+08:00,2.5115950107574463,2.5115950107574463,2.406459093093872,2.4999139308929443,134143,0.0,0.0
2017-02-06 00:00:00+08:00,2.6284139156341553,2.6284139156341553,2.4765501022338867,2.4765501022338867,350791,0.0,0.0
2017-02-07 00:00:00+08:00,2.5816869735717773,2.5816869735717773,2.45318603515625,2.45318603515625,243281,0.0,0.0
2017-02-08 00:00:00+08:00,2.5232770442962646,2.5232770442962646,2.406459093093872,2.5115950107574463,195754,0.0,0.0
2017-02-09 00:00:00+08:00,2.5115950107574463,2.5115950107574463,2.45318603515625,2.45318603515625,113595,0.0,0.0
2017-02-10 00:00:00+08:00,2.45318603515625,2.5115950107574463,2.45318603515625,2.4999139308929443,177436,0.0,0.0
2017-02-13 00:00:00+08:00,2.4999139308929443,2.5232770442962646,2.4999139308929443,2.4999139308929443,150752,0.0,0.0
2017-02-14 00:00:00+08:00,2.4999139308929443,2.534959077835083,2.4999139308929443,2.5232770442962646,385238,0.0,0.0
2017-02-15 00:00:00+08:00,2.5583229064941406,2.5583229064941406,2.4999139308929443,2.4999139308929443,232446,0.0,0.0
2017-02-16 00:00:00+08:00,2.5115950107574463,2.5115950107574463,2.4181408882141113,2.4181408882141113,29310,0.0,0.0
2017-02-17 00:00:00+08:00,2.3947770595550537,2.488231897354126,2.3947770595550537,2.45318603515625,67812,0.0,0.0
2017-02-20 00:00:00+08:00,2.2312309741973877,2.4415040016174316,2.2312309741973877,2.359731912612915,74668,0.0,0.0
2017-02-21 00:00:00+08:00,2.3363680839538574,2.45318603515625,2.3363680839538574,2.3830950260162354,67635,0.0,0.0
2017-02-22 00:00:00+08:00,2.3947770595550537,2.45318603515625,2.3947770595550537,2.4415040016174316,59648,0.0,0.0
2017-02-23 00:00:00+08:00,2.4415040016174316,2.4648680686950684,2.4415040016174316,2.45318603515625,110367,0.0,0.0
2017-02-24 00:00:00+08:00,2.45318603515625,2.4648680686950684,2.406459093093872,2.4415040016174316,158177,0.0,0.0
2017-03-01 00:00:00+08:00,2.359731912612915,2.45318603515625,2.359731912612915,2.45318603515625,105668,0.0,0.0
2017-03-02 00:00:00+08:00,2.488231897354126,2.570004940032959,2.488231897354126,2.5115950107574463,284843,0.0,0.0
2017-03-03 00:00:00+08:00,2.4999139308929443,2.5115950107574463,2.488231897354126,2.5115950107574463,107028,0.0,0.0
2017-03-06 00:00:00+08:00,2.5115950107574463,2.570004940032959,2.5115950107574463,2.5115950107574463,231144,0.0,0.0
2017-03-07 00:00:00+08:00,2.5466411113739014,2.5466411113739014,2.5115950107574463,2.5115950107574463,158828,0.0,0.0
2017-03-08 00:00:00+08:00,2.5115950107574463,2.5115950107574463,2.45318603515625,2.5115950107574463,165641,0.0,0.0
2017-03-09 00:00:00+08:00,2.5583229064941406,2.5583229064941406,2.5115950107574463,2.5115950107574463,99169,0.0,0.0
2017-03-10 00:00:00+08:00,2.7101869583129883,2.7101869583129883,2.4765501022338867,2.4765501022338867,246723,0.0,0.0
2017-03-13 00:00:00+08:00,2.371412992477417,2.45318603515625,2.371412992477417,2.4298229217529297,93598,0.0,0.0
2017-03-14 00:00:00+08:00,2.4298229217529297,2.488231897354126,2.3947770595550537,2.4765501022338867,121487,0.0,0.0
2017-03-15 00:00:00+08:00,2.45318603515625,2.5583229064941406,2.45318603515625,2.4999139308929443,187762,0.0,0.0
2017-03-16 00:00:00+08:00,2.5466411113739014,2.5466411113739014,2.45318603515625,2.488231897354126,55918,0.0,0.0
2017-03-17 00:00:00+08:00,2.5583229064941406,2.5583229064941406,2.4765501022338867,2.5115950107574463,90911,0.0,0.0
2017-03-20 00:00:00+08:00,2.570004940032959,2.756913900375366,2.570004940032959,2.756913900375366,724123,0.0,0.0
2017-03-21 00:00:00+08:00,3.0255959033966064,3.0255959033966064,3.0255959033966064,3.0255959033966064,696593,0.0,0.0
2017-03-22 00:00:00+08:00,3.3176429271698,3.3176429271698,3.048959970474243,3.177459955215454,2529465,0.0,0.0
2017-03-23 00:00:00+08:00,3.294279098510742,3.3176429271698,3.154097080230713,3.3059608936309814,1304599,0.0,0.0
2017-03-24 00:00:00+08:00,3.3059608936309814,3.3059608936309814,3.07232403755188,3.2709150314331055,649976,0.0,0.0
2017-03-27 00:00:00+08:00,3.1657791137695312,3.376051902770996,3.1657791137695312,3.376051902770996,992774,0.0,0.0
2017-03-28 00:00:00+08:00,3.4811880588531494,3.504551887512207,3.2241880893707275,3.2241880893707275,1149910,0.0,0.0
2017-03-29 00:00:00+08:00,3.0606420040130615,3.2241880893707275,3.0606420040130615,3.200824022293091,177733,0.0,0.0
2017-03-30 00:00:00+08:00,3.364370107650757,3.364370107650757,3.154097080230713,3.154097080230713,823500,0.0,0.0
2017-03-31 00:00:00+08:00,3.154097080230713,3.259232997894287,3.154097080230713,3.212506055831909,254349,0.0,0.0
2017-04-05 00:00:00+08:00,3.3293240070343018,3.5279159545898438,3.3293240070343018,3.469506025314331,1081499,0.0,0.0
2017-04-06 00:00:00+08:00,3.376051902770996,3.551279067993164,3.376051902770996,3.4811880588531494,930733,0.0,0.0
2017-04-07 00:00:00+08:00,3.4461429119110107,3.504551887512207,3.4461429119110107,3.504551887512207,234838,0.0,0.0
2017-04-10 00:00:00+08:00,3.5162339210510254,3.8550069332122803,3.5162339210510254,3.796597957611084,1233335,0.0,0.0
2017-04-11 00:00:00+08:00,4.0302348136901855,4.0302348136901855,3.633052110671997,3.7381889820098877,719549,0.0,0.0
2017-04-12 00:00:00+08:00,3.7381889820098877,3.7381889820098877,3.6564159393310547,3.6564159393310547,467368,0.0,0.0
2017-04-13 00:00:00+08:00,3.504551887512207,3.504551887512207,3.4811880588531494,3.4811880588531494,605232,0.0,0.0
2017-04-14 00:00:00+08:00,3.3059608936309814,3.34100604057312,3.1424150466918945,3.154097080230713,690355,0.0,0.0
2017-04-17 00:00:00+08:00,3.2709150314331055,3.3293240070343018,3.2709150314331055,3.3293240070343018,756966,0.0,0.0
2017-04-18 00:00:00+08:00,3.4344611167907715,3.6447339057922363,3.4344611167907715,3.6447339057922363,373041,0.0,0.0
2017-04-19 00:00:00+08:00,3.6447339057922363,3.6447339057922363,3.3877339363098145,3.504551887512207,169965,0.0,0.0
2017-04-20 00:00:00+08:00,3.504551887512207,3.504551887512207,3.3293240070343018,3.457824945449829,284994,0.0,0.0
2017-04-21 00:00:00+08:00,3.294279098510742,3.6213700771331787,3.294279098510742,3.5162339210510254,192021,0.0,0.0
2017-04-24 00:00:00+08:00,3.6447339057922363,3.6447339057922363,3.4110970497131348,3.4811880588531494,198494,0.0,0.0
2017-04-25 00:00:00+08:00,3.504551887512207,3.504551887512207,3.3994150161743164,3.4928700923919678,60098,0.0,0.0
2017-04-26 00:00:00+08:00,3.504551887512207,3.5162339210510254,3.4928700923919678,3.504551887512207,236480,0.0,0.0
2017-04-27 00:00:00+08:00,3.3526880741119385,3.422779083251953,3.3526880741119385,3.422779083251953,124549,0.0,0.0
2017-04-28 00:00:00+08:00,3.4110970497131348,3.4461429119110107,3.3994150161743164,3.3994150161743164,178328,0.0,0.0
2017-05-02 00:00:00+08:00,3.504551887512207,3.504551887512207,3.457824945449829,3.504551887512207,246976,0.0,0.0
2017-05-03 00:00:00+08:00,3.4344611167907715,3.504551887512207,3.4344611167907715,3.457824945449829,69509,0.0,0.0
2017-05-04 00:00:00+08:00,3.457824945449829,3.457824945449829,3.422779083251953,3.4344611167907715,147613,0.0,0.0
2017-05-05 00:00:00+08:00,3.3877339363098145,3.457824945449829,3.3877339363098145,3.457824945449829,140392,0.0,0.0
2017-05-08 00:00:00+08:00,3.3877339363098145,3.4461429119110107,3.3877339363098145,3.4461429119110107,81702,0.0,0.0
2017-05-09 00:00:00+08:00,3.3877339363098145,3.3877339363098145,3.3059608936309814,3.3877339363098145,48138,0.0,0.0
2017-05-10 00:00:00+08:00,3.376051902770996,3.376051902770996,3.3293240070343018,3.3293240070343018,13200,0.0,0.0
2017-05-11 00:00:00+08:00,3.1891419887542725,3.3059608936309814,3.1891419887542725,3.2709150314331055,57697,0.0,0.0
2017-05-12 00:00:00+08:00,3.3877339363098145,3.3994150161743164,3.376051902770996,3.3877339363098145,212382,0.0,0.0
2017-05-15 00:00:00+08:00,3.3877339363098145,3.4811880588531494,3.3877339363098145,3.4811880588531494,232521,0.0,0.0
2017-05-16 00:00:00+08:00,3.469506025314331,3.469506025314331,3.457824945449829,3.469506025314331,275168,0.0,0.0
2017-05-17 00:00:00+08:00,3.504551887512207,3.504551887512207,3.4461429119110107,3.4461429119110107,182387,0.0,0.0
2017-05-18 00:00:00+08:00,3.4461429119110107,3.4461429119110107,3.294279098510742,3.294279098510742,250131,0.0,0.0
2017-05-19 00:00:00+08:00,3.3293240070343018,3.3293240070343018,3.1891419887542725,3.2709150314331055,58587,0.0,0.0
2017-05-22 00:00:00+08:00,3.376051902770996,3.376051902770996,3.130733013153076,3.2241880893707275,39070,0.0,0.0
2017-05-23 00:00:00+08:00,3.0606420040130615,3.235869884490967,3.0606420040130615,3.212506055831909,109570,0.0,0.0
2017-05-24 00:00:00+08:00,3.2241880893707275,3.2241880893707275,3.212506055831909,3.212506055831909,188669,0.0,0.0
2017-05-25 00:00:00+08:00,3.212506055831909,3.3877339363098145,3.177459955215454,3.2241880893707275,57775,0.0,0.0
2017-05-26 00:00:00+08:00,3.422779083251953,3.4461429119110107,3.235869884490967,3.4110970497131348,39225,0.0,0.0
2017-05-31 00:00:00+08:00,3.282597064971924,3.282597064971924,3.2709150314331055,3.2709150314331055,179250,0.0,0.0
2017-06-01 00:00:00+08:00,3.2709150314331055,3.2709150314331055,3.212506055831909,3.212506055831909,191617,0.0,0.0
2017-06-02 00:00:00+08:00,3.2709150314331055,3.4811880588531494,3.2709150314331055,3.2709150314331055,114023,0.0,0.0
2017-06-05 00:00:00+08:00,3.2709150314331055,3.282597064971924,3.2709150314331055,3.282597064971924,138310,0.0,0.0
2017-06-06 00:00:00+08:00,3.1657791137695312,3.3877339363098145,3.1657791137695312,3.282597064971924,156043,0.0,0.0
2017-06-07 00:00:00+08:00,3.2709150314331055,3.457824945449829,3.2709150314331055,3.457824945449829,57579,0.0,0.0
2017-06-08 00:00:00+08:00,3.457824945449829,3.457824945449829,3.4461429119110107,3.4461429119110107,101014,0.0,0.0
2017-06-09 00:00:00+08:00,3.4461429119110107,3.4461429119110107,3.3293240070343018,3.3293240070343018,201046,0.0,0.0
2017-06-12 00:00:00+08:00,3.34100604057312,3.4110970497131348,3.34100604057312,3.4110970497131348,117136,0.0,0.0
2017-06-13 00:00:00+08:00,3.4344611167907715,3.4344611167907715,3.2475509643554688,3.2475509643554688,215461,0.0,0.0
2017-06-14 00:00:00+08:00,3.235869884490967,3.2709150314331055,3.235869884490967,3.2709150314331055,111282,0.0,0.0
2017-06-15 00:00:00+08:00,3.235869884490967,3.3877339363098145,3.235869884490967,3.3877339363098145,138675,0.0,0.0
2017-06-16 00:00:00+08:00,3.3877339363098145,3.4110970497131348,3.3877339363098145,3.3877339363098145,121402,0.0,0.0
2017-06-19 00:00:00+08:00,3.4344611167907715,3.4811880588531494,3.4344611167907715,3.4461429119110107,247820,0.0,0.0
2017-06-20 00:00:00+08:00,3.4461429119110107,3.504551887512207,3.4461429119110107,3.4461429119110107,175655,0.0,0.0
2017-06-21 00:00:00+08:00,3.4461429119110107,3.4461429119110107,3.3994150161743164,3.4461429119110107,273591,0.0,0.0
2017-06-22 00:00:00+08:00,3.4461429119110107,3.4811880588531494,3.4461429119110107,3.4461429119110107,309302,0.0,0.0
2017-06-23 00:00:00+08:00,3.4461429119110107,3.4461429119110107,3.3059608936309814,3.3994150161743164,127575,0.0,0.0
2017-06-26 00:00:00+08:00,3.4461429119110107,3.504551887512207,3.4344611167907715,3.504551887512207,435296,0.0,0.0
2017-06-27 00:00:00+08:00,3.6213700771331787,3.6213700771331787,3.422779083251953,3.4344611167907715,663850,0.0,0.0
2017-06-28 00:00:00+08:00,3.4344611167907715,3.4461429119110107,3.4344611167907715,3.4344611167907715,64373,0.0,0.0
2017-06-29 00:00:00+08:00,3.6213700771331787,3.7732338905334473,3.504551887512207,3.7732338905334473,1383978,0.0,0.0
2017-06-30 00:00:00+08:00,4.088644027709961,4.147052764892578,4.088644027709961,4.147052764892578,1803120,0.0,0.0
2017-07-03 00:00:00+08:00,4.555918216705322,4.555918216705322,4.555918216705322,4.555918216705322,5239077,0.0,0.0
2017-07-04 00:00:00+08:00,5.011509895324707,5.011509895324707,4.672736167907715,4.672736167907715,4561217,0.0,0.0
2017-07-05 00:00:00+08:00,5.140009880065918,5.140009880065918,5.140009880065918,5.140009880065918,3200038,0.0,0.0
2017-07-06 00:00:00+08:00,5.654010772705078,5.654010772705078,5.654010772705078,5.654010772705078,1569588,0.0,0.0
2017-07-07 00:00:00+08:00,6.214738845825195,6.214738845825195,5.093282222747803,5.957738876342773,7108655,0.0,0.0
2017-07-10 00:00:00+08:00,5.525510787963867,6.074556827545166,5.525510787963867,5.8409199714660645,866368,0.0,0.0
2017-07-11 00:00:00+08:00,5.957738876342773,5.957738876342773,5.618965148925781,5.724102020263672,678877,0.0,0.0
2017-07-12 00:00:00+08:00,5.8409199714660645,5.969420909881592,5.8409199714660645,5.969420909881592,2393398,0.0,0.0
2017-07-13 00:00:00+08:00,6.074556827545166,6.074556827545166,5.8759660720825195,5.8759660720825195,1174605,0.0,0.0
2017-07-14 00:00:00+08:00,5.350283145904541,5.957738876342773,5.350283145904541,5.957738876342773,1430291,0.0,0.0
2017-07-17 00:00:00+08:00,5.957738876342773,5.957738876342773,5.852602005004883,5.957738876342773,759097,0.0,0.0
2017-07-18 00:00:00+08:00,5.957738876342773,6.1212849617004395,5.957738876342773,6.1212849617004395,833057,0.0,0.0
2017-07-19 00:00:00+08:00,6.132966041564941,6.284830093383789,6.132966041564941,6.284830093383789,917206,0.0,0.0
2017-07-20 00:00:00+08:00,6.775467872619629,6.775467872619629,6.413331031799316,6.413331031799316,691420,0.0,0.0
2017-07-21 00:00:00+08:00,6.296512126922607,6.296512126922607,6.296512126922607,6.296512126922607,758308,0.0,0.0
2017-07-24 00:00:00+08:00,6.296512126922607,6.296512126922607,5.957738876342773,6.074556827545166,949830,0.0,0.0
2017-07-25 00:00:00+08:00,6.062874794006348,6.24978494644165,6.062874794006348,6.203056812286377,802875,0.0,0.0
2017-07-26 00:00:00+08:00,6.308194160461426,6.308194160461426,6.074556827545166,6.14464807510376,654299,0.0,0.0
2017-07-27 00:00:00+08:00,6.191376209259033,6.191376209259033,6.14464807510376,6.14464807510376,342526,0.0,0.0
2017-07-28 00:00:00+08:00,6.074556827545166,6.086238861083984,6.074556827545166,6.086238861083984,414734,0.0,0.0
2017-07-31 00:00:00+08:00,6.086238861083984,6.366602897644043,6.074556827545166,6.366602897644043,661334,0.0,0.0
2017-08-01 00:00:00+08:00,6.425012111663818,6.425012111663818,6.308194160461426,6.378284931182861,517184,0.0,0.0
2017-08-02 00:00:00+08:00,6.308194160461426,6.425012111663818,6.308194160461426,6.425012111663818,184152,0.0,0.0
2017-08-03 00:00:00+08:00,6.541831016540527,6.541831016540527,6.413331031799316,6.541831016540527,452908,0.0,0.0
2017-08-04 00:00:00+08:00,6.541831016540527,6.65864896774292,6.541831016540527,6.6352858543396,710411,0.0,0.0
2017-08-07 00:00:00+08:00,6.740421772003174,6.950695037841797,6.740421772003174,6.950695037841797,1199131,0.0,0.0
2017-08-08 00:00:00+08:00,6.950695037841797,7.125923156738281,6.950695037841797,6.99742317199707,987844,0.0,0.0
2017-08-09 00:00:00+08:00,7.009105205535889,7.020785808563232,7.009105205535889,7.009105205535889,1008740,0.0,0.0
2017-08-10 00:00:00+08:00,7.009105205535889,7.067513942718506,6.915649890899658,7.067513942718506,1164937,0.0,0.0
2017-08-11 00:00:00+08:00,7.067513942718506,7.067513942718506,6.8922858238220215,6.8922858238220215,878391,0.0,0.0
2017-08-14 00:00:00+08:00,6.962377071380615,6.962377071380615,6.203056812286377,6.203056812286377,958777,0.0,0.0
2017-08-15 00:00:00+08:00,5.583920001983643,6.413331031799316,5.583920001983643,6.413331031799316,1395791,0.0,0.0
2017-08-16 00:00:00+08:00,5.782511234283447,6.413331031799316,5.782511234283447,5.957738876342773,607496,0.0,0.0
2017-08-17 00:00:00+08:00,5.899330139160156,6.074556827545166,5.899330139160156,6.0395121574401855,442928,0.0,0.0
2017-08-18 00:00:00+08:00,6.0395121574401855,6.074556827545166,6.0395121574401855,6.0395121574401855,249977,0.0,0.0
2017-08-21 00:00:00+08:00,5.864284038543701,6.0395121574401855,5.864284038543701,6.0395121574401855,561562,0.0,0.0
2017-08-22 00:00:00+08:00,5.899330139160156,6.074556827545166,5.899330139160156,6.074556827545166,123212,0.0,0.0
2017-08-23 00:00:00+08:00,6.074556827545166,6.308194160461426,6.074556827545166,6.308194160461426,837910,0.0,0.0
2017-08-24 00:00:00+08:00,6.308194160461426,6.308194160461426,5.8409199714660645,5.899330139160156,309380,0.0,0.0
2017-08-25 00:00:00+08:00,5.922692775726318,6.074556827545166,5.922692775726318,6.074556827545166,542414,0.0,0.0
2017-08-28 00:00:00+08:00,6.074556827545166,6.425012111663818,5.957738876342773,6.425012111663818,297988,0.0,0.0
2017-08-29 00:00:00+08:00,6.541831016540527,7.067513942718506,6.541831016540527,7.009105205535889,2164567,0.0,0.0
2017-08-30 00:00:00+08:00,7.009105205535889,7.009105205535889,6.413331031799316,6.541831016540527,515024,0.0,0.0
2017-08-31 00:00:00+08:00,6.366602897644043,6.8922858238220215,6.366602897644043,6.7637858390808105,434277,0.0,0.0
2017-09-01 00:00:00+08:00,6.8922858238220215,6.950695037841797,6.425012111663818,6.553513050079346,131301,0.0,0.0
2017-09-04 00:00:00+08:00,6.670331001281738,6.670331001281738,6.413331031799316,6.425012111663818,536141,0.0,0.0
2017-09-05 00:00:00+08:00,6.8922858238220215,6.8922858238220215,6.425012111663818,6.65864896774292,353229,0.0,0.0
2017-09-06 00:00:00+08:00,6.483421802520752,6.880603790283203,6.483421802520752,6.833877086639404,489009,0.0,0.0
2017-09-07 00:00:00+08:00,7.009105205535889,7.009105205535889,6.623603820800781,6.775467872619629,325288,0.0,0.0
2017-09-08 00:00:00+08:00,6.600240230560303,6.775467872619629,6.600240230560303,6.611921787261963,206216,0.0,0.0
2017-09-11 00:00:00+08:00,6.611921787261963,6.611921787261963,6.611921787261963,6.611921787261963,0,0.0,0.0
2017-09-12 00:00:00+08:00,7.2661051750183105,7.2661051750183105,6.775467872619629,7.009105205535889,2858508,0.0,0.0
2017-09-13 00:00:00+08:00,6.623603820800781,7.009105205535889,6.623603820800781,7.009105205535889,870456,0.0,0.0
2017-09-14 00:00:00+08:00,7.032467842102051,7.032467842102051,6.845559120178223,6.845559120178223,286047,0.0,0.0
2017-09-15 00:00:00+08:00,6.8922858238220215,6.8922858238220215,6.646966934204102,6.646966934204102,299082,0.0,0.0
2017-09-18 00:00:00+08:00,6.623603820800781,6.65864896774292,6.611921787261963,6.65864896774292,107193,0.0,0.0
2017-09-19 00:00:00+08:00,6.65864896774292,6.775467872619629,6.65864896774292,6.775467872619629,214983,0.0,0.0
2017-09-20 00:00:00+08:00,6.775467872619629,6.775467872619629,6.670331001281738,6.670331001281738,326610,0.0,0.0
2017-09-21 00:00:00+08:00,6.670331001281738,6.670331001281738,6.646966934204102,6.670331001281738,82334,0.0,0.0
2017-09-22 00:00:00+08:00,6.623603820800781,6.6352858543396,6.623603820800781,6.6352858543396,85757,0.0,0.0
2017-09-25 00:00:00+08:00,6.541831016540527,6.541831016540527,6.495102882385254,6.495102882385254,143129,0.0,0.0
2017-09-26 00:00:00+08:00,6.541831016540527,6.541831016540527,6.436694145202637,6.471739768981934,146862,0.0,0.0
2017-09-27 00:00:00+08:00,6.646966934204102,6.646966934204102,6.541831016540527,6.541831016540527,255476,0.0,0.0
2017-09-28 00:00:00+08:00,6.518466949462891,6.541831016540527,6.518466949462891,6.541831016540527,195981,0.0,0.0
2017-09-29 00:00:00+08:00,6.226420879364014,6.413331031799316,6.226420879364014,6.401648998260498,161973,0.0,0.0
2017-10-02 00:00:00+08:00,6.343239784240723,6.343239784240723,6.261466979980469,6.261466979980469,144571,0.0,0.0
2017-10-03 00:00:00+08:00,6.261466979980469,6.308194160461426,6.261466979980469,6.308194160461426,236095,0.0,0.0
2017-10-05 00:00:00+08:00,6.308194160461426,6.308194160461426,6.24978494644165,6.24978494644165,108161,0.0,0.0
2017-10-06 00:00:00+08:00,6.191376209259033,6.191376209259033,6.132966041564941,6.132966041564941,192846,0.0,0.0
2017-10-11 00:00:00+08:00,6.074556827545166,6.191376209259033,6.0511932373046875,6.191376209259033,265988,0.0,0.0
2017-10-12 00:00:00+08:00,6.436694145202637,6.436694145202637,6.308194160461426,6.308194160461426,113230,0.0,0.0
2017-10-13 00:00:00+08:00,6.541831016540527,6.541831016540527,6.24978494644165,6.24978494644165,78374,0.0,0.0
2017-10-16 00:00:00+08:00,6.24978494644165,6.308194160461426,6.24978494644165,6.24978494644165,65814,0.0,0.0
2017-10-17 00:00:00+08:00,6.308194160461426,6.308194160461426,6.24978494644165,6.261466979980469,31496,0.0,0.0
2017-10-18 00:00:00+08:00,6.308194160461426,6.308194160461426,5.957738876342773,6.074556827545166,111639,0.0,0.0
2017-10-19 00:00:00+08:00,6.074556827545166,6.074556827545166,6.062874794006348,6.062874794006348,118871,0.0,0.0
2017-10-20 00:00:00+08:00,6.0511932373046875,6.074556827545166,6.016148090362549,6.0511932373046875,22814,0.0,0.0
2017-10-23 00:00:00+08:00,6.0511932373046875,6.086238861083984,6.0511932373046875,6.0511932373046875,53578,0.0,0.0
2017-10-24 00:00:00+08:00,5.700737953186035,6.191376209259033,5.700737953186035,6.191376209259033,63003,0.0,0.0
2017-10-25 00:00:00+08:00,6.074556827545166,6.074556827545166,6.0044660568237305,6.074556827545166,51606,0.0,0.0
2017-10-26 00:00:00+08:00,6.1680121421813965,6.1680121421813965,5.969420909881592,5.969420909881592,39825,0.0,0.0
2017-10-27 00:00:00+08:00,6.074556827545166,6.074556827545166,5.899330139160156,5.957738876342773,100669,0.0,0.0
2017-10-30 00:00:00+08:00,5.957738876342773,6.074556827545166,5.957738876342773,6.074556827545166,98398,0.0,0.0
2017-10-31 00:00:00+08:00,6.074556827545166,6.074556827545166,5.8409199714660645,5.852602005004883,132521,0.0,0.0
2017-11-01 00:00:00+08:00,6.074556827545166,6.074556827545166,5.8409199714660645,5.8409199714660645,204420,0.0,0.0
2017-11-02 00:00:00+08:00,5.8409199714660645,6.074556827545166,5.8409199714660645,5.957738876342773,103305,0.0,0.0
2017-11-03 00:00:00+08:00,5.8409199714660645,5.8409199714660645,5.8409199714660645,5.8409199714660645,10829,0.0,0.0
2017-11-06 00:00:00+08:00,5.8409199714660645,6.284830093383789,5.8409199714660645,5.957738876342773,34412,0.0,0.0
2017-11-07 00:00:00+08:00,5.899330139160156,5.899330139160156,5.8409199714660645,5.899330139160156,15408,0.0,0.0
2017-11-08 00:00:00+08:00,5.8409199714660645,5.899330139160156,5.8409199714660645,5.899330139160156,26237,0.0,0.0
2017-11-09 00:00:00+08:00,5.957738876342773,5.957738876342773,5.8409199714660645,5.8409199714660645,115558,0.0,0.0
2017-11-10 00:00:00+08:00,5.782511234283447,5.957738876342773,5.782511234283447,5.852602005004883,125185,0.0,0.0
2017-11-13 00:00:00+08:00,5.607284069061279,5.957738876342773,5.607284069061279,5.957738876342773,113150,0.0,0.0
2017-11-14 00:00:00+08:00,5.957738876342773,5.957738876342773,5.957738876342773,5.957738876342773,265619,0.0,0.0
2017-11-15 00:00:00+08:00,5.607284069061279,6.179694175720215,5.607284069061279,5.677374839782715,95294,0.0,0.0
2017-11-16 00:00:00+08:00,5.677374839782715,5.73578405380249,5.677374839782715,5.73578405380249,33592,0.0,0.0
2017-11-17 00:00:00+08:00,5.73578405380249,5.8409199714660645,5.73578405380249,5.782511234283447,77575,0.0,0.0
2017-11-20 00:00:00+08:00,5.8409199714660645,5.8409199714660645,5.8409199714660645,5.8409199714660645,72439,0.0,0.0
2017-11-21 00:00:00+08:00,5.8409199714660645,5.957738876342773,5.8409199714660645,5.957738876342773,69766,0.0,0.0
2017-11-22 00:00:00+08:00,5.8409199714660645,5.864284038543701,5.8409199714660645,5.852602005004883,113308,0.0,0.0
2017-11-23 00:00:00+08:00,5.8409199714660645,5.957738876342773,5.8409199714660645,5.957738876342773,422810,0.0,0.0
2017-11-24 00:00:00+08:00,5.946056842803955,5.957738876342773,5.946056842803955,5.957738876342773,101097,0.0,0.0
2017-11-27 00:00:00+08:00,5.899330139160156,5.957738876342773,5.8759660720825195,5.957738876342773,88594,0.0,0.0
2017-11-28 00:00:00+08:00,5.957738876342773,5.969420909881592,5.957738876342773,5.969420909881592,496497,0.0,0.0
2017-11-29 00:00:00+08:00,6.016148090362549,6.191376209259033,6.016148090362549,6.074556827545166,130544,0.0,0.0
2017-11-30 00:00:00+08:00,6.016148090362549,6.191376209259033,6.016148090362549,6.074556827545166,51047,0.0,0.0
2017-12-01 00:00:00+08:00,6.24978494644165,6.24978494644165,6.074556827545166,6.074556827545166,297299,0.0,0.0
2017-12-04 00:00:00+08:00,6.027830123901367,6.1680121421813965,6.027830123901367,6.14464807510376,111336,0.0,0.0
2017-12-05 00:00:00+08:00,6.074556827545166,6.191376209259033,6.074556827545166,6.191376209259033,241646,0.0,0.0
2017-12-06 00:00:00+08:00,6.097920894622803,6.109602928161621,6.074556827545166,6.074556827545166,240835,0.0,0.0
2017-12-07 00:00:00+08:00,6.074556827545166,6.074556827545166,5.467101097106934,5.981101989746094,66187,0.0,0.0
2017-12-08 00:00:00+08:00,5.957738876342773,5.969420909881592,5.946056842803955,5.946056842803955,288978,0.0,0.0
2017-12-11 00:00:00+08:00,5.899330139160156,5.957738876342773,5.899330139160156,5.957738876342773,19479,0.0,0.0
2017-12-12 00:00:00+08:00,5.957738876342773,5.992784023284912,5.957738876342773,5.992784023284912,30496,0.0,0.0
2017-12-13 00:00:00+08:00,5.899330139160156,6.074556827545166,5.899330139160156,6.074556827545166,106811,0.0,0.0
2017-12-14 00:00:00+08:00,6.016148090362549,6.016148090362549,5.957738876342773,5.957738876342773,78481,0.0,0.0
2017-12-15 00:00:00+08:00,5.957738876342773,5.957738876342773,5.8409199714660645,5.8409199714660645,83500,0.0,0.0
2017-12-18 00:00:00+08:00,5.8409199714660645,5.8409199714660645,5.8292388916015625,5.8409199714660645,125602,0.0,0.0
2017-12-19 00:00:00+08:00,5.8409199714660645,5.957738876342773,5.8409199714660645,5.957738876342773,131698,0.0,0.0
2017-12-20 00:00:00+08:00,5.8409199714660645,5.8409199714660645,5.8409199714660645,5.8409199714660645,75076,0.0,0.0
2017-12-21 00:00:00+08:00,5.8409199714660645,5.8409199714660645,5.8409199714660645,5.8409199714660645,307404,0.0,0.0
2017-12-22 00:00:00+08:00,5.2568278312683105,5.8409199714660645,5.2568278312683105,5.8409199714660645,418153,0.0,0.0
2017-12-25 00:00:00+08:00,5.8409199714660645,5.8409199714660645,5.6656928062438965,5.8409199714660645,247507,0.0,0.0
2017-12-26 00:00:00+08:00,5.8409199714660645,5.8409199714660645,5.724102020263672,5.8292388916015625,87608,0.0,0.0
2017-12-27 00:00:00+08:00,5.6656928062438965,5.8409199714660645,5.6656928062438965,5.747466087341309,87796,0.0,0.0
2017-12-28 00:00:00+08:00,5.747466087341309,5.770829200744629,5.747466087341309,5.770829200744629,55026,0.0,0.0
2017-12-29 00:00:00+08:00,5.782511234283447,5.8409199714660645,5.782511234283447,5.8409199714660645,79754,0.0,0.0
2018-01-02 00:00:00+08:00,5.8409199714660645,5.957738876342773,5.8409199714660645,5.8409199714660645,199638,0.0,0.0
2018-01-03 00:00:00+08:00,5.8409199714660645,5.8409199714660645,5.607284069061279,5.8292388916015625,336298,0.0,0.0
2018-01-04 00:00:00+08:00,5.8292388916015625,5.8292388916015625,5.8292388916015625,5.8292388916015625,0,0.0,0.0
2018-01-05 00:00:00+08:00,5.8292388916015625,5.8292388916015625,5.8292388916015625,5.8292388916015625,0,0.0,0.0
2018-01-08 00:00:00+08:00,5.8292388916015625,5.8292388916015625,5.8292388916015625,5.8292388916015625,0,0.0,0.0
2018-01-09 00:00:00+08:00,5.8292388916015625,5.8292388916015625,5.8292388916015625,5.8292388916015625,0,0.0,0.0
2018-01-10 00:00:00+08:00,5.8292388916015625,5.8292388916015625,5.8292388916015625,5.8292388916015625,0,0.0,0.0
2018-01-11 00:00:00+08:00,5.8292388916015625,5.8292388916015625,5.8292388916015625,5.8292388916015625,0,0.0,0.0
2018-01-12 00:00:00+08:00,5.8292388916015625,5.8292388916015625,5.8292388916015625,5.8292388916015625,0,0.0,0.0
2018-01-15 00:00:00+08:00,9.216973304748535,9.216973304748535,8.30578899383545,8.30578899383545,192631,0.0,0.0
2018-01-16 00:00:00+08:00,8.294107437133789,8.294107437133789,7.955334186553955,8.002060890197754,360053,0.0,0.0
2018-01-17 00:00:00+08:00,7.978696823120117,8.247380256652832,7.978696823120117,8.200652122497559,110682,0.0,0.0
2018-01-18 00:00:00+08:00,8.200652122497559,8.200652122497559,8.002060890197754,8.002060890197754,192519,0.0,0.0
2018-01-19 00:00:00+08:00,8.177289009094238,8.177289009094238,8.002060890197754,8.002060890197754,162949,0.0,0.0
2018-01-22 00:00:00+08:00,7.850196838378906,8.118879318237305,7.850196838378906,7.943652153015137,69884,0.0,0.0
2018-01-23 00:00:00+08:00,7.745060920715332,8.037107467651367,7.745060920715332,7.931970119476318,64296,0.0,0.0
2018-01-24 00:00:00+08:00,7.838514804840088,7.838514804840088,7.733378887176514,7.768424034118652,59749,0.0,0.0
2018-01-25 00:00:00+08:00,7.768424034118652,7.768424034118652,7.289468765258789,7.301150798797607,120912,0.0,0.0
2018-01-26 00:00:00+08:00,7.009105205535889,7.009105205535889,6.985741138458252,6.985741138458252,154532,0.0,0.0
2018-01-29 00:00:00+08:00,6.8922858238220215,6.8922858238220215,6.460058212280273,6.460058212280273,228100,0.0,0.0
2018-01-30 00:00:00+08:00,6.097920894622803,6.460058212280273,6.097920894622803,6.460058212280273,251000,0.0,0.0
2018-01-31 00:00:00+08:00,6.319876194000244,6.471739768981934,6.319876194000244,6.471739768981934,70851,0.0,0.0
2018-02-01 00:00:00+08:00,6.483421802520752,7.114241123199463,6.483421802520752,7.114241123199463,249442,0.0,0.0
2018-02-02 00:00:00+08:00,7.114241123199463,7.65160608291626,7.114241123199463,7.65160608291626,234370,0.0,0.0
2018-02-05 00:00:00+08:00,8.177289009094238,8.177289009094238,7.2661051750183105,7.301150798797607,11032,0.0,0.0
2018-02-06 00:00:00+08:00,6.868922233581543,7.277787208557129,6.6352858543396,7.277787208557129,110170,0.0,0.0
2018-02-07 00:00:00+08:00,7.277787208557129,7.277787208557129,7.079195976257324,7.079195976257324,20774,0.0,0.0
2018-02-08 00:00:00+08:00,7.079195976257324,7.079195976257324,7.079195976257324,7.079195976257324,1010,0.0,0.0
2018-02-09 00:00:00+08:00,7.079195976257324,7.079195976257324,7.079195976257324,7.079195976257324,0,0.0,0.0
2018-02-12 00:00:00+08:00,6.880603790283203,7.2193779945373535,6.880603790283203,7.125923156738281,13475,0.0,0.0
2018-02-21 00:00:00+08:00,6.845559120178223,7.032467842102051,6.845559120178223,7.032467842102051,11930,0.0,0.0
2018-02-22 00:00:00+08:00,6.833877086639404,6.950695037841797,6.833877086639404,6.950695037841797,14136,0.0,0.0
2018-02-23 00:00:00+08:00,6.8922858238220215,7.009105205535889,6.8922858238220215,7.009105205535889,51704,0.0,0.0
2018-02-26 00:00:00+08:00,7.184331893920898,7.184331893920898,6.962377071380615,7.184331893920898,39868,0.0,0.0
2018-02-27 00:00:00+08:00,7.0558319091796875,7.464695930480957,7.0558319091796875,7.464695930480957,6414,0.0,0.0
2018-03-01 00:00:00+08:00,6.915649890899658,6.915649890899658,6.915649890899658,6.915649890899658,8038,0.0,0.0
2018-03-02 00:00:00+08:00,6.915649890899658,7.009105205535889,6.915649890899658,7.009105205535889,20786,0.0,0.0
2018-03-05 00:00:00+08:00,6.8922858238220215,6.974059104919434,6.8922858238220215,6.974059104919434,6441,0.0,0.0
2018-03-06 00:00:00+08:00,6.974059104919434,7.009105205535889,6.974059104919434,7.009105205535889,35052,0.0,0.0
2018-03-07 00:00:00+08:00,7.628242015838623,7.628242015838623,7.020785808563232,7.032467842102051,29805,0.0,0.0
2018-03-08 00:00:00+08:00,7.020785808563232,7.149287223815918,7.020785808563232,7.149287223815918,32009,0.0,0.0
2018-03-09 00:00:00+08:00,7.114241123199463,7.125923156738281,6.950695037841797,7.009105205535889,23475,0.0,0.0
2018-03-12 00:00:00+08:00,6.833877086639404,6.915649890899658,6.833877086639404,6.8922858238220215,46627,0.0,0.0
2018-03-13 00:00:00+08:00,6.8922858238220215,6.99742317199707,6.845559120178223,6.880603790283203,31452,0.0,0.0
2018-03-14 00:00:00+08:00,6.787149906158447,6.822195053100586,6.787149906158447,6.798830986022949,62235,0.0,0.0
2018-03-15 00:00:00+08:00,7.020785808563232,7.020785808563232,6.6352858543396,6.775467872619629,96529,0.0,0.0
2018-03-16 00:00:00+08:00,6.7637858390808105,6.845559120178223,6.7637858390808105,6.845559120178223,36103,0.0,0.0
2018-03-19 00:00:00+08:00,6.705377101898193,7.359560012817383,6.705377101898193,7.359560012817383,24389,0.0,0.0
2018-03-20 00:00:00+08:00,6.775467872619629,7.079195976257324,6.775467872619629,7.079195976257324,4194,0.0,0.0
2018-03-21 00:00:00+08:00,6.8922858238220215,6.8922858238220215,6.8922858238220215,6.8922858238220215,32744,0.0,0.0
2018-03-22 00:00:00+08:00,6.90396785736084,6.90396785736084,6.90396785736084,6.90396785736084,1190,0.0,0.0
2018-03-23 00:00:00+08:00,6.90396785736084,6.927331924438477,6.740421772003174,6.927331924438477,42765,0.0,0.0
2018-03-26 00:00:00+08:00,7.009105205535889,7.009105205535889,7.009105205535889,7.009105205535889,27416,0.0,0.0
2018-03-27 00:00:00+08:00,6.974059104919434,7.009105205535889,6.974059104919434,7.009105205535889,41632,0.0,0.0
2018-03-28 00:00:00+08:00,6.810513019561768,6.927331924438477,6.810513019561768,6.927331924438477,47582,0.0,0.0
2018-03-29 00:00:00+08:00,6.857241153717041,6.974059104919434,6.857241153717041,6.974059104919434,6664,0.0,0.0
2018-03-30 00:00:00+08:00,6.787149906158447,6.974059104919434,6.787149906158447,6.974059104919434,44669,0.0,0.0
2018-04-02 00:00:00+08:00,6.787149906158447,6.833877086639404,6.787149906158447,6.810513019561768,45407,0.0,0.0
2018-04-03 00:00:00+08:00,6.693695068359375,6.705377101898193,6.693695068359375,6.705377101898193,10352,0.0,0.0
2018-04-09 00:00:00+08:00,6.693695068359375,6.9390130043029785,6.693695068359375,6.90396785736084,23269,0.0,0.0
2018-04-10 00:00:00+08:00,6.8922858238220215,6.8922858238220215,6.425012111663818,6.425012111663818,131561,0.0,0.0
2018-04-11 00:00:00+08:00,6.425012111663818,6.541831016540527,6.273148059844971,6.506784915924072,48934,0.0,0.0
2018-04-12 00:00:00+08:00,6.65864896774292,6.8922858238220215,6.65864896774292,6.868922233581543,76997,0.0,0.0
2018-04-13 00:00:00+08:00,7.2193779945373535,7.2193779945373535,6.798830986022949,6.90396785736084,85457,0.0,0.0
2018-04-16 00:00:00+08:00,6.775467872619629,6.775467872619629,6.576876163482666,6.65864896774292,24743,0.0,0.0
2018-04-17 00:00:00+08:00,7.090877056121826,7.090877056121826,6.611921787261963,6.611921787261963,30508,0.0,0.0
2018-04-18 00:00:00+08:00,6.611921787261963,6.646966934204102,6.611921787261963,6.646966934204102,4547,0.0,0.0
2018-04-19 00:00:00+08:00,6.074556827545166,6.682013034820557,6.074556827545166,6.682013034820557,19783,0.0,0.0
2018-04-20 00:00:00+08:00,6.483421802520752,6.541831016540527,6.483421802520752,6.541831016540527,7754,0.0,0.0
2018-04-23 00:00:00+08:00,6.3315582275390625,6.541831016540527,6.3315582275390625,6.541831016540527,30883,0.0,0.0
2018-04-24 00:00:00+08:00,6.284830093383789,6.600240230560303,6.284830093383789,6.401648998260498,8807,0.0,0.0
2018-04-25 00:00:00+08:00,6.273148059844971,6.378284931182861,6.191376209259033,6.378284931182861,17858,0.0,0.0
2018-04-26 00:00:00+08:00,6.378284931182861,6.378284931182861,6.238102912902832,6.308194160461426,20738,0.0,0.0
2018-04-27 00:00:00+08:00,6.296512126922607,6.308194160461426,6.132966041564941,6.296512126922607,5100,0.0,0.0
2018-04-30 00:00:00+08:00,6.296512126922607,6.296512126922607,6.296512126922607,6.296512126922607,989,0.0,0.0
2018-05-02 00:00:00+08:00,6.483421802520752,6.483421802520752,5.957738876342773,6.0511932373046875,33221,0.0,0.0
2018-05-03 00:00:00+08:00,6.319876194000244,6.448376178741455,5.969420909881592,6.366602897644043,65912,0.0,0.0
2018-05-04 00:00:00+08:00,6.506784915924072,6.506784915924072,6.203056812286377,6.203056812286377,6391,0.0,0.0
2018-05-07 00:00:00+08:00,6.775467872619629,6.775467872619629,6.3315582275390625,6.646966934204102,62491,0.0,0.0
2018-05-08 00:00:00+08:00,7.242741107940674,7.242741107940674,6.319876194000244,6.775467872619629,47100,0.0,0.0
2018-05-09 00:00:00+08:00,6.611921787261963,6.985741138458252,6.38996696472168,6.38996696472168,46365,0.0,0.0
2018-05-10 00:00:00+08:00,6.191376209259033,6.425012111663818,6.191376209259033,6.425012111663818,27392,0.0,0.0
2018-05-11 00:00:00+08:00,6.413331031799316,6.413331031799316,6.413331031799316,6.413331031799316,4970,0.0,0.0
2018-05-14 00:00:00+08:00,6.214738845825195,6.214738845825195,6.214738845825195,6.214738845825195,3597,0.0,0.0
2018-05-15 00:00:00+08:00,6.308194160461426,6.308194160461426,6.086238861083984,6.284830093383789,5064,0.0,0.0
2018-05-16 00:00:00+08:00,6.436694145202637,6.436694145202637,6.109602928161621,6.109602928161621,8785,0.0,0.0
2018-05-17 00:00:00+08:00,5.899330139160156,6.191376209259033,5.607284069061279,6.086238861083984,51429,0.0,0.0
2018-05-18 00:00:00+08:00,5.911011219024658,5.911011219024658,5.899330139160156,5.899330139160156,5781,0.0,0.0
2018-05-21 00:00:00+08:00,5.911011219024658,6.0395121574401855,5.8409199714660645,6.0395121574401855,91155,0.0,0.0
2018-05-22 00:00:00+08:00,5.899330139160156,5.957738876342773,5.899330139160156,5.899330139160156,15073,0.0,0.0
2018-05-23 00:00:00+08:00,6.425012111663818,6.425012111663818,5.677374839782715,5.689055919647217,39574,0.0,0.0
2018-05-24 00:00:00+08:00,5.689055919647217,5.864284038543701,5.677374839782715,5.864284038543701,42209,0.0,0.0
2018-05-25 00:00:00+08:00,5.981101989746094,5.981101989746094,5.899330139160156,5.957738876342773,14706,0.0,0.0
2018-05-28 00:00:00+08:00,5.724102020263672,5.899330139160156,5.6656928062438965,5.6656928062438965,27514,0.0,0.0
2018-05-29 00:00:00+08:00,5.6656928062438965,5.6656928062438965,5.502147197723389,5.607284069061279,45259,0.0,0.0
2018-05-30 00:00:00+08:00,5.607284069061279,5.805874824523926,5.607284069061279,5.805874824523926,36750,0.0,0.0
2018-05-31 00:00:00+08:00,5.794192790985107,6.191376209259033,5.794192790985107,5.8409199714660645,45393,0.0,0.0
2018-06-01 00:00:00+08:00,5.817556858062744,6.0044660568237305,5.817556858062744,6.0044660568237305,24141,0.0,0.0
2018-06-04 00:00:00+08:00,6.0044660568237305,6.0044660568237305,6.0044660568237305,6.0044660568237305,307,0.0,0.0
2018-06-05 00:00:00+08:00,5.852602005004883,5.899330139160156,5.852602005004883,5.852602005004883,38140,0.0,0.0
2018-06-06 00:00:00+08:00,5.899330139160156,5.899330139160156,5.794192790985107,5.794192790985107,77212,0.0,0.0
2018-06-07 00:00:00+08:00,5.852602005004883,5.852602005004883,5.8409199714660645,5.8409199714660645,13823,0.0,0.0
2018-06-08 00:00:00+08:00,5.782511234283447,5.899330139160156,5.782511234283447,5.899330139160156,95731,0.0,0.0
2018-06-11 00:00:00+08:00,5.899330139160156,5.934374809265137,5.899330139160156,5.899330139160156,23742,0.0,0.0
2018-06-12 00:00:00+08:00,5.8409199714660645,5.981101989746094,5.724102020263672,5.981101989746094,44512,0.0,0.0
2018-06-13 00:00:00+08:00,5.981101989746094,5.981101989746094,5.934374809265137,5.934374809265137,11463,0.0,0.0
2018-06-14 00:00:00+08:00,6.296512126922607,6.296512126922607,5.934374809265137,5.934374809265137,34914,0.0,0.0
2018-06-15 00:00:00+08:00,5.864284038543701,6.238102912902832,5.864284038543701,6.074556827545166,44350,0.0,0.0
2018-06-19 00:00:00+08:00,5.864284038543701,6.0511932373046875,5.689055919647217,5.969420909881592,43623,0.0,0.0
2018-06-20 00:00:00+08:00,5.805874824523926,5.899330139160156,5.805874824523926,5.899330139160156,19221,0.0,0.0
2018-06-21 00:00:00+08:00,5.8409199714660645,5.969420909881592,5.8409199714660645,5.957738876342773,70570,0.0,0.0
2018-06-22 00:00:00+08:00,5.957738876342773,6.1212849617004395,5.911011219024658,5.911011219024658,11174,0.0,0.0
2018-06-25 00:00:00+08:00,6.343239784240723,6.343239784240723,5.934374809265137,5.934374809265137,36830,0.0,0.0
2018-06-26 00:00:00+08:00,5.957738876342773,5.969420909881592,5.957738876342773,5.969420909881592,16273,0.0,0.0
2018-06-27 00:00:00+08:00,5.981101989746094,5.981101989746094,5.957738876342773,5.969420909881592,22392,0.0,0.0
2018-06-28 00:00:00+08:00,5.8759660720825195,5.969420909881592,5.8759660720825195,5.8759660720825195,35853,0.0,0.0
2018-06-29 00:00:00+08:00,5.8409199714660645,6.074556827545166,5.8409199714660645,6.074556827545166,31058,0.0,0.0
2018-07-02 00:00:00+08:00,5.922692775726318,5.922692775726318,5.922692775726318,5.922692775726318,8374,0.0,0.0
2018-07-03 00:00:00+08:00,6.109602928161621,6.109602928161621,5.7591471672058105,5.770829200744629,68818,0.0,0.0
2018-07-04 00:00:00+08:00,5.794192790985107,5.794192790985107,5.794192790985107,5.794192790985107,6847,0.0,0.0
2018-07-05 00:00:00+08:00,5.794192790985107,5.957738876342773,5.794192790985107,5.852602005004883,23872,0.0,0.0
2018-07-06 00:00:00+08:00,5.957738876342773,5.957738876342773,5.689055919647217,5.689055919647217,15921,0.0,0.0
2018-07-09 00:00:00+08:00,5.525510787963867,5.8409199714660645,5.525510787963867,5.8292388916015625,13708,0.0,0.0
2018-07-10 00:00:00+08:00,5.817556858062744,5.8292388916015625,5.654010772705078,5.654010772705078,13692,0.0,0.0
2018-07-11 00:00:00+08:00,5.654010772705078,5.654010772705078,5.654010772705078,5.654010772705078,0,0.0,0.0
2018-07-12 00:00:00+08:00,5.992784023284912,5.992784023284912,5.8409199714660645,5.8409199714660645,10496,0.0,0.0
2018-07-13 00:00:00+08:00,5.8409199714660645,6.016148090362549,5.8409199714660645,6.016148090362549,27645,0.0,0.0
2018-07-16 00:00:00+08:00,5.852602005004883,5.957738876342773,5.852602005004883,5.957738876342773,46038,0.0,0.0
2018-07-17 00:00:00+08:00,5.957738876342773,6.016148090362549,5.957738876342773,5.957738876342773,4326,0.0,0.0
2018-07-18 00:00:00+08:00,5.852602005004883,6.074556827545166,5.852602005004883,6.074556827545166,70488,0.0,0.0
2018-07-19 00:00:00+08:00,6.062874794006348,6.074556827545166,5.852602005004883,6.074556827545166,55290,0.0,0.0
2018-07-20 00:00:00+08:00,5.957738876342773,5.957738876342773,5.911011219024658,5.911011219024658,24711,0.0,0.0
2018-07-23 00:00:00+08:00,5.911011219024658,5.911011219024658,5.911011219024658,5.911011219024658,588,0.0,0.0
2018-07-24 00:00:00+08:00,5.957738876342773,5.957738876342773,5.8409199714660645,5.8409199714660645,51362,0.0,0.0
2018-07-25 00:00:00+08:00,5.852602005004883,5.852602005004883,5.8409199714660645,5.8409199714660645,25916,0.0,0.0
2018-07-26 00:00:00+08:00,5.8409199714660645,5.8409199714660645,5.724102020263672,5.724102020263672,13383,0.0,0.0
2018-07-27 00:00:00+08:00,5.6306471824646,5.8409199714660645,5.6306471824646,5.782511234283447,13993,0.0,0.0
2018-07-30 00:00:00+08:00,5.782511234283447,5.782511234283447,5.782511234283447,5.782511234283447,699,0.0,0.0
2018-07-31 00:00:00+08:00,5.782511234283447,5.969420909881592,5.782511234283447,5.8409199714660645,16123,0.0,0.0
2018-08-01 00:00:00+08:00,5.8409199714660645,5.8409199714660645,5.8409199714660645,5.8409199714660645,21940,0.0,0.0
2018-08-02 00:00:00+08:00,5.8409199714660645,5.957738876342773,5.8409199714660645,5.8409199714660645,71969,0.0,0.0
2018-08-03 00:00:00+08:00,5.8409199714660645,5.8409199714660645,5.7124199867248535,5.8409199714660645,21330,0.0,0.0
2018-08-06 00:00:00+08:00,5.8409199714660645,5.8409199714660645,5.8409199714660645,5.8409199714660645,11309,0.0,0.0
2018-08-07 00:00:00+08:00,5.8409199714660645,5.957738876342773,5.8409199714660645,5.957738876342773,53688,0.0,0.0
2018-08-08 00:00:00+08:00,5.8409199714660645,5.852602005004883,5.8409199714660645,5.852602005004883,6393,0.0,0.0
2018-08-09 00:00:00+08:00,5.8409199714660645,5.899330139160156,5.8409199714660645,5.899330139160156,12385,0.0,0.0
2018-08-10 00:00:00+08:00,5.8409199714660645,5.864284038543701,5.8409199714660645,5.864284038543701,10659,0.0,0.0
2018-08-13 00:00:00+08:00,5.8409199714660645,5.8409199714660645,5.572237968444824,5.572237968444824,39273,0.0,0.0
2018-08-14 00:00:00+08:00,5.8409199714660645,5.8409199714660645,5.8292388916015625,5.8409199714660645,87058,0.0,0.0
2018-08-15 00:00:00+08:00,5.8409199714660645,5.957738876342773,5.8409199714660645,5.957738876342773,15272,0.0,0.0
2018-08-16 00:00:00+08:00,5.8409199714660645,6.366602897644043,5.8409199714660645,6.308194160461426,81861,0.0,0.0
2018-08-17 00:00:00+08:00,6.273148059844971,6.284830093383789,5.911011219024658,5.957738876342773,10010,0.0,0.0
2018-08-20 00:00:00+08:00,6.38996696472168,6.38996696472168,5.981101989746094,6.296512126922607,81636,0.0,0.0
2018-08-21 00:00:00+08:00,6.319876194000244,6.413331031799316,6.319876194000244,6.343239784240723,23362,0.0,0.0
2018-08-22 00:00:00+08:00,6.284830093383789,6.3315582275390625,6.284830093383789,6.3315582275390625,28831,0.0,0.0
2018-08-23 00:00:00+08:00,6.308194160461426,6.425012111663818,6.308194160461426,6.425012111663818,52085,0.0,0.0
2018-08-24 00:00:00+08:00,6.203056812286377,7.067513942718506,6.203056812286377,6.6352858543396,82329,0.0,0.0
2018-08-27 00:00:00+08:00,6.717058181762695,6.950695037841797,6.65864896774292,6.787149906158447,22996,0.0,0.0
2018-08-28 00:00:00+08:00,6.483421802520752,6.822195053100586,6.483421802520752,6.822195053100586,20325,0.0,0.0
2018-08-29 00:00:00+08:00,6.8922858238220215,7.125923156738281,6.8922858238220215,7.114241123199463,150769,0.0,0.0
2018-08-30 00:00:00+08:00,7.114241123199463,7.359560012817383,7.114241123199463,7.184331893920898,101813,0.0,0.0
2018-08-31 00:00:00+08:00,7.2193779945373535,7.417969226837158,7.2193779945373535,7.417969226837158,104387,0.0,0.0
2018-09-03 00:00:00+08:00,8.095516204833984,8.153924942016602,7.604877948760986,8.095516204833984,375141,0.0,0.0
2018-09-04 00:00:00+08:00,7.721696853637695,8.632881164550781,7.721696853637695,8.177289009094238,283932,0.0,0.0
2018-09-05 00:00:00+08:00,8.177289009094238,8.761381149291992,8.177289009094238,8.212333679199219,188966,0.0,0.0
2018-09-06 00:00:00+08:00,8.30578899383545,8.644561767578125,8.270743370056152,8.34083366394043,233660,0.0,0.0
2018-09-07 00:00:00+08:00,8.34083366394043,8.34083366394043,7.745060920715332,8.060469627380371,103095,0.0,0.0
2018-09-10 00:00:00+08:00,7.733378887176514,8.118879318237305,7.733378887176514,8.118879318237305,58540,0.0,0.0
2018-09-11 00:00:00+08:00,8.188970565795898,8.352516174316406,8.060469627380371,8.352516174316406,64459,0.0,0.0
2018-09-12 00:00:00+08:00,7.943652153015137,8.352516174316406,7.943652153015137,8.095516204833984,18432,0.0,0.0
2018-09-13 00:00:00+08:00,8.177289009094238,8.177289009094238,8.118879318237305,8.118879318237305,15466,0.0,0.0
2018-09-14 00:00:00+08:00,8.118879318237305,8.294107437133789,8.118879318237305,8.294107437133789,53684,0.0,0.0
2018-09-17 00:00:00+08:00,8.02542495727539,8.02542495727539,8.02542495727539,8.02542495727539,171,0.0,0.0
2018-09-18 00:00:00+08:00,8.282424926757812,8.282424926757812,7.721696853637695,7.943652153015137,51770,0.0,0.0
2018-09-19 00:00:00+08:00,7.803470134735107,8.083833694458008,7.803470134735107,8.060469627380371,15460,0.0,0.0
2018-09-20 00:00:00+08:00,7.721696853637695,8.200652122497559,7.721696853637695,7.967016220092773,8978,0.0,0.0
2018-09-21 00:00:00+08:00,8.200652122497559,8.200652122497559,7.943652153015137,8.188970565795898,8558,0.0,0.0
2018-09-25 00:00:00+08:00,8.177289009094238,8.177289009094238,7.885242938995361,7.931970119476318,25966,0.0,0.0
2018-09-26 00:00:00+08:00,7.896924018859863,7.896924018859863,7.476377964019775,7.8268327713012695,26786,0.0,0.0
2018-09-27 00:00:00+08:00,7.254423141479492,7.663288116455078,7.254423141479492,7.663288116455078,3508,0.0,0.0
2018-09-28 00:00:00+08:00,7.663288116455078,7.686651229858398,7.663288116455078,7.686651229858398,15001,0.0,0.0
2018-10-01 00:00:00+08:00,7.838514804840088,8.118879318237305,7.838514804840088,7.861878871917725,31539,0.0,0.0
2018-10-02 00:00:00+08:00,7.125923156738281,7.780106067657471,7.125923156738281,7.593196868896484,34242,0.0,0.0
2018-10-03 00:00:00+08:00,6.8922858238220215,7.499742031097412,6.8922858238220215,7.359560012817383,54523,0.0,0.0
2018-10-04 00:00:00+08:00,7.359560012817383,7.359560012817383,7.359560012817383,7.359560012817383,2145,0.0,0.0
2018-10-05 00:00:00+08:00,6.752103805541992,6.8922858238220215,6.752103805541992,6.8922858238220215,42436,0.0,0.0
2018-10-08 00:00:00+08:00,6.284830093383789,7.009105205535889,6.284830093383789,6.8922858238220215,15869,0.0,0.0
2018-10-09 00:00:00+08:00,6.425012111663818,6.8922858238220215,6.425012111663818,6.880603790283203,40635,0.0,0.0
2018-10-11 00:00:00+08:00,6.24978494644165,6.24978494644165,6.203056812286377,6.203056812286377,82178,0.0,0.0
2018-10-12 00:00:00+08:00,6.203056812286377,6.38996696472168,6.203056812286377,6.38996696472168,4539,0.0,0.0
2018-10-15 00:00:00+08:00,6.425012111663818,6.425012111663818,6.425012111663818,6.425012111663818,4732,0.0,0.0
2018-10-16 00:00:00+08:00,6.413331031799316,6.600240230560303,6.413331031799316,6.600240230560303,5992,0.0,0.0
2018-10-17 00:00:00+08:00,6.425012111663818,6.425012111663818,6.425012111663818,6.425012111663818,2996,0.0,0.0
2018-10-18 00:00:00+08:00,6.38996696472168,6.38996696472168,6.366602897644043,6.366602897644043,9524,0.0,0.0
2018-10-19 00:00:00+08:00,6.682013034820557,6.682013034820557,6.646966934204102,6.646966934204102,5136,0.0,0.0
2018-10-22 00:00:00+08:00,6.8922858238220215,6.8922858238220215,6.717058181762695,6.7637858390808105,4280,0.0,0.0
2018-10-23 00:00:00+08:00,6.179694175720215,6.366602897644043,6.179694175720215,6.366602897644043,10530,0.0,0.0
2018-10-24 00:00:00+08:00,6.378284931182861,6.857241153717041,6.308194160461426,6.857241153717041,2946,0.0,0.0
2018-10-25 00:00:00+08:00,7.429650783538818,7.429650783538818,6.425012111663818,6.425012111663818,6592,0.0,0.0
2018-10-26 00:00:00+08:00,6.950695037841797,6.950695037841797,6.950695037841797,6.950695037841797,1562,0.0,0.0
2018-10-29 00:00:00+08:00,6.308194160461426,6.308194160461426,6.296512126922607,6.296512126922607,2746,0.0,0.0
2018-10-30 00:00:00+08:00,6.425012111663818,6.425012111663818,6.425012111663818,6.425012111663818,10272,0.0,0.0
2018-10-31 00:00:00+08:00,6.425012111663818,6.425012111663818,6.425012111663818,6.425012111663818,435,0.0,0.0
2018-11-01 00:00:00+08:00,6.425012111663818,6.425012111663818,6.425012111663818,6.425012111663818,11668,0.0,0.0
2018-11-02 00:00:00+08:00,6.413331031799316,6.413331031799316,6.413331031799316,6.413331031799316,2,0.0,0.0
2018-11-05 00:00:00+08:00,5.8409199714660645,6.074556827545166,5.8409199714660645,6.074556827545166,151528,0.0,0.0
2018-11-06 00:00:00+08:00,6.074556827545166,6.074556827545166,6.074556827545166,6.074556827545166,85602,0.0,0.0
2018-11-07 00:00:00+08:00,5.887648105621338,5.887648105621338,5.677374839782715,5.852602005004883,13126,0.0,0.0
2018-11-08 00:00:00+08:00,6.074556827545166,6.074556827545166,5.8759660720825195,5.8759660720825195,3530,0.0,0.0
2018-11-09 00:00:00+08:00,6.074556827545166,6.097920894622803,6.074556827545166,6.074556827545166,11984,0.0,0.0
2018-11-12 00:00:00+08:00,5.8759660720825195,5.8759660720825195,5.8759660720825195,5.8759660720825195,2833,0.0,0.0
2018-11-13 00:00:00+08:00,5.864284038543701,6.0395121574401855,5.864284038543701,6.0395121574401855,5806,0.0,0.0
2018-11-14 00:00:00+08:00,5.852602005004883,5.957738876342773,5.8409199714660645,5.957738876342773,21073,0.0,0.0
2018-11-15 00:00:00+08:00,5.864284038543701,5.957738876342773,5.864284038543701,5.957738876342773,7709,0.0,0.0
2018-11-16 00:00:00+08:00,5.957738876342773,5.957738876342773,5.957738876342773,5.957738876342773,20276,0.0,0.0
2018-11-19 00:00:00+08:00,5.957738876342773,5.957738876342773,5.957738876342773,5.957738876342773,0,0.0,0.0
2018-11-20 00:00:00+08:00,5.899330139160156,5.899330139160156,5.899330139160156,5.899330139160156,1081,0.0,0.0
2018-11-21 00:00:00+08:00,6.074556827545166,6.074556827545166,6.074556827545166,6.074556827545166,4188,0.0,0.0
2018-11-22 00:00:00+08:00,6.296512126922607,6.296512126922607,5.934374809265137,6.14464807510376,3964,0.0,0.0
2018-11-23 00:00:00+08:00,6.191376209259033,6.378284931182861,6.074556827545166,6.378284931182861,5991,0.0,0.0
2018-11-26 00:00:00+08:00,6.074556827545166,6.074556827545166,5.981101989746094,5.981101989746094,5136,0.0,0.0
2018-11-27 00:00:00+08:00,5.8409199714660645,5.969420909881592,5.8409199714660645,5.969420909881592,19224,0.0,0.0
2018-11-28 00:00:00+08:00,5.969420909881592,5.981101989746094,5.969420909881592,5.981101989746094,3237,0.0,0.0
2018-11-29 00:00:00+08:00,6.074556827545166,6.074556827545166,6.074556827545166,6.074556827545166,9330,0.0,0.0
2018-11-30 00:00:00+08:00,6.074556827545166,6.074556827545166,6.074556827545166,6.074556827545166,33,0.0,0.0
2018-12-03 00:00:00+08:00,6.074556827545166,6.074556827545166,6.074556827545166,6.074556827545166,856,0.0,0.0
2018-12-04 00:00:00+08:00,5.8409199714660645,5.8759660720825195,5.8409199714660645,5.864284038543701,43110,0.0,0.0
2018-12-05 00:00:00+08:00,5.8409199714660645,6.156330108642578,5.8409199714660645,5.8759660720825195,25159,0.0,0.0
2018-12-06 00:00:00+08:00,5.8759660720825195,5.8759660720825195,5.8409199714660645,5.8409199714660645,9387,0.0,0.0
2018-12-07 00:00:00+08:00,6.0511932373046875,6.0511932373046875,5.911011219024658,5.911011219024658,19166,0.0,0.0
2018-12-10 00:00:00+08:00,5.911011219024658,5.911011219024658,5.899330139160156,5.899330139160156,9416,0.0,0.0
2018-12-11 00:00:00+08:00,5.899330139160156,5.922692775726318,5.8409199714660645,5.922692775726318,43548,0.0,0.0
2018-12-12 00:00:00+08:00,5.899330139160156,5.911011219024658,5.899330139160156,5.911011219024658,11214,0.0,0.0
2018-12-13 00:00:00+08:00,5.899330139160156,5.911011219024658,5.899330139160156,5.911011219024658,7301,0.0,0.0
2018-12-14 00:00:00+08:00,5.911011219024658,5.911011219024658,5.864284038543701,5.864284038543701,22256,0.0,0.0
2018-12-17 00:00:00+08:00,5.385328769683838,5.864284038543701,5.385328769683838,5.8409199714660645,29342,0.0,0.0
2018-12-18 00:00:00+08:00,5.8409199714660645,5.8409199714660645,5.805874824523926,5.805874824523926,14754,0.0,0.0
2018-12-19 00:00:00+08:00,5.8409199714660645,5.8409199714660645,5.794192790985107,5.794192790985107,3455,0.0,0.0
2018-12-20 00:00:00+08:00,5.268509864807129,5.8409199714660645,5.268509864807129,5.8409199714660645,45550,0.0,0.0
2018-12-21 00:00:00+08:00,5.817556858062744,6.1680121421813965,5.782511234283447,5.957738876342773,46497,0.0,0.0
2018-12-24 00:00:00+08:00,5.724102020263672,5.899330139160156,5.724102020263672,5.887648105621338,6333,0.0,0.0
2018-12-25 00:00:00+08:00,5.805874824523926,5.805874824523926,5.805874824523926,5.805874824523926,1129,0.0,0.0
2018-12-26 00:00:00+08:00,5.6306471824646,5.642329216003418,5.6306471824646,5.6306471824646,6165,0.0,0.0
2018-12-27 00:00:00+08:00,5.6306471824646,5.6306471824646,5.6306471824646,5.6306471824646,0,0.0,0.0
2018-12-28 00:00:00+08:00,5.654010772705078,5.654010772705078,5.443737983703613,5.443737983703613,29258,0.0,0.0
2019-01-02 00:00:00+08:00,5.443737983703613,5.443737983703613,5.443737983703613,5.443737983703613,17,0.0,0.0
2019-01-03 00:00:00+08:00,5.969420909881592,5.969420909881592,5.023190975189209,5.023190975189209,25372,0.0,0.0
2019-01-04 00:00:00+08:00,5.140009880065918,5.245145797729492,5.058237075805664,5.058237075805664,31802,0.0,0.0
2019-01-07 00:00:00+08:00,5.058237075805664,5.22178316116333,5.046555042266846,5.093282222747803,18212,0.0,0.0
2019-01-08 00:00:00+08:00,5.034873008728027,5.058237075805664,5.034873008728027,5.058237075805664,3229,0.0,0.0
2019-01-09 00:00:00+08:00,5.046555042266846,5.140009880065918,5.023190975189209,5.081601142883301,20023,0.0,0.0
2019-01-10 00:00:00+08:00,5.583920001983643,5.583920001983643,5.5488739013671875,5.583920001983643,118493,0.0,0.0
2019-01-11 00:00:00+08:00,6.132966041564941,6.132966041564941,5.8409199714660645,6.132966041564941,164755,0.0,0.0
2019-01-14 00:00:00+08:00,6.541831016540527,6.65864896774292,5.911011219024658,5.911011219024658,90351,0.0,0.0
2019-01-15 00:00:00+08:00,5.899330139160156,5.899330139160156,5.8409199714660645,5.8409199714660645,20733,0.0,0.0
2019-01-16 00:00:00+08:00,5.8409199714660645,5.8409199714660645,5.8409199714660645,5.8409199714660645,4679,0.0,0.0
2019-01-17 00:00:00+08:00,5.7591471672058105,5.794192790985107,5.7591471672058105,5.794192790985107,2396,0.0,0.0
2019-01-18 00:00:00+08:00,5.6656928062438965,5.6656928062438965,5.6656928062438965,5.6656928062438965,3776,0.0,0.0
2019-01-21 00:00:00+08:00,5.385328769683838,5.607284069061279,5.385328769683838,5.607284069061279,2569,0.0,0.0
2019-01-22 00:00:00+08:00,5.326919078826904,5.6656928062438965,5.326919078826904,5.6656928062438965,17911,0.0,0.0
2019-01-23 00:00:00+08:00,5.6306471824646,5.782511234283447,5.6306471824646,5.689055919647217,12990,0.0,0.0
2019-01-24 00:00:00+08:00,5.724102020263672,5.747466087341309,5.724102020263672,5.747466087341309,10637,0.0,0.0
2019-01-25 00:00:00+08:00,5.724102020263672,5.724102020263672,5.724102020263672,5.724102020263672,8572,0.0,0.0
2019-01-28 00:00:00+08:00,5.8409199714660645,5.8409199714660645,5.6306471824646,5.724102020263672,40332,0.0,0.0
2019-01-29 00:00:00+08:00,5.852602005004883,5.852602005004883,5.852602005004883,5.852602005004883,5999,0.0,0.0
2019-01-30 00:00:00+08:00,5.8409199714660645,5.8409199714660645,5.8409199714660645,5.8409199714660645,47946,0.0,0.0
2019-02-11 00:00:00+08:00,5.8409199714660645,5.8409199714660645,5.8409199714660645,5.8409199714660645,1491,0.0,0.0
2019-02-12 00:00:00+08:00,5.8409199714660645,5.8409199714660645,5.8409199714660645,5.8409199714660645,171,0.0,0.0
2019-02-13 00:00:00+08:00,5.8409199714660645,5.852602005004883,5.8409199714660645,5.852602005004883,5386,0.0,0.0
2019-02-14 00:00:00+08:00,5.8409199714660645,5.8409199714660645,5.6306471824646,5.677374839782715,63657,0.0,0.0
2019-02-15 00:00:00+08:00,5.607284069061279,5.8292388916015625,5.607284069061279,5.7591471672058105,5202,0.0,0.0
2019-02-18 00:00:00+08:00,6.3315582275390625,6.3315582275390625,5.618965148925781,5.7591471672058105,9903,0.0,0.0
2019-02-19 00:00:00+08:00,5.8409199714660645,5.8409199714660645,5.6656928062438965,5.8292388916015625,8151,0.0,0.0
2019-02-20 00:00:00+08:00,5.8292388916015625,5.8292388916015625,5.8292388916015625,5.8292388916015625,615,0.0,0.0
2019-02-21 00:00:00+08:00,5.724102020263672,5.724102020263672,5.6306471824646,5.6306471824646,25339,0.0,0.0
2019-02-22 00:00:00+08:00,5.677374839782715,5.677374839782715,5.677374839782715,5.677374839782715,997,0.0,0.0
2019-02-25 00:00:00+08:00,5.8292388916015625,5.8409199714660645,5.677374839782715,5.677374839782715,44290,0.0,0.0
2019-02-26 00:00:00+08:00,5.677374839782715,5.677374839782715,5.677374839782715,5.677374839782715,6286,0.0,0.0
2019-02-27 00:00:00+08:00,5.724102020263672,5.724102020263672,5.724102020263672,5.724102020263672,8600,0.0,0.0
2019-03-04 00:00:00+08:00,5.724102020263672,5.724102020263672,5.642329216003418,5.642329216003418,11913,0.0,0.0
2019-03-05 00:00:00+08:00,6.1680121421813965,6.1680121421813965,6.1680121421813965,6.1680121421813965,2615,0.0,0.0
2019-03-06 00:00:00+08:00,5.595602035522461,5.782511234283447,5.595602035522461,5.782511234283447,9733,0.0,0.0
2019-03-07 00:00:00+08:00,5.770829200744629,5.770829200744629,5.770829200744629,5.770829200744629,5,0.0,0.0
2019-03-08 00:00:00+08:00,5.560555934906006,5.654010772705078,5.560555934906006,5.654010772705078,27696,0.0,0.0
2019-03-11 00:00:00+08:00,5.502147197723389,5.724102020263672,5.502147197723389,5.689055919647217,22532,0.0,0.0
2019-03-12 00:00:00+08:00,5.513829231262207,5.677374839782715,5.513829231262207,5.677374839782715,13473,0.0,0.0
2019-03-13 00:00:00+08:00,5.6656928062438965,5.6656928062438965,5.443737983703613,5.443737983703613,12292,0.0,0.0
2019-03-14 00:00:00+08:00,5.338601112365723,5.338601112365723,5.338601112365723,5.338601112365723,1878,0.0,0.0
2019-03-15 00:00:00+08:00,5.338601112365723,5.595602035522461,5.280191898345947,5.49046516418457,38379,0.0,0.0
2019-03-18 00:00:00+08:00,5.39700984954834,5.39700984954834,5.280191898345947,5.280191898345947,14353,0.0,0.0
2019-03-19 00:00:00+08:00,5.315237045288086,5.794192790985107,5.315237045288086,5.794192790985107,39061,0.0,0.0
2019-03-20 00:00:00+08:00,5.805874824523926,5.8292388916015625,5.5488739013671875,5.5488739013671875,21991,0.0,0.0
2019-03-21 00:00:00+08:00,5.583920001983643,5.583920001983643,5.49046516418457,5.49046516418457,27452,0.0,0.0
2019-03-22 00:00:00+08:00,5.49046516418457,5.49046516418457,5.49046516418457,5.49046516418457,9015,0.0,0.0
2019-03-25 00:00:00+08:00,5.49046516418457,5.49046516418457,5.49046516418457,5.49046516418457,214,0.0,0.0
2019-03-26 00:00:00+08:00,5.49046516418457,5.700737953186035,5.280191898345947,5.700737953186035,68800,0.0,0.0
2019-03-27 00:00:00+08:00,5.443737983703613,5.654010772705078,5.443737983703613,5.455420017242432,20822,0.0,0.0
2019-03-28 00:00:00+08:00,5.981101989746094,5.981101989746094,5.373647212982178,5.373647212982178,23881,0.0,0.0
2019-03-29 00:00:00+08:00,5.700737953186035,5.7124199867248535,5.326919078826904,5.49046516418457,50560,0.0,0.0
2019-04-01 00:00:00+08:00,5.49046516418457,5.5488739013671875,5.291873931884766,5.291873931884766,60406,0.0,0.0
2019-04-02 00:00:00+08:00,5.595602035522461,5.595602035522461,5.385328769683838,5.385328769683838,53358,0.0,0.0
2019-04-03 00:00:00+08:00,5.373647212982178,5.607284069061279,5.373647212982178,5.467101097106934,109264,0.0,0.0
2019-04-08 00:00:00+08:00,5.432055950164795,5.607284069061279,5.432055950164795,5.467101097106934,92407,0.0,0.0
2019-04-09 00:00:00+08:00,5.595602035522461,5.607284069061279,5.502147197723389,5.607284069061279,67523,0.0,0.0
2019-04-10 00:00:00+08:00,5.618965148925781,6.1680121421813965,5.607284069061279,5.911011219024658,107193,0.0,0.0
2019-04-11 00:00:00+08:00,5.49046516418457,6.191376209259033,5.49046516418457,5.747466087341309,59815,0.0,0.0
2019-04-12 00:00:00+08:00,5.572237968444824,5.689055919647217,5.513829231262207,5.689055919647217,28506,0.0,0.0
2019-04-15 00:00:00+08:00,5.6656928062438965,5.700737953186035,5.642329216003418,5.6656928062438965,45547,0.0,0.0
2019-04-16 00:00:00+08:00,5.6656928062438965,5.770829200744629,5.513829231262207,5.700737953186035,117133,0.0,0.0
2019-04-17 00:00:00+08:00,5.700737953186035,5.700737953186035,5.595602035522461,5.607284069061279,50355,0.0,0.0
2019-04-18 00:00:00+08:00,5.607284069061279,5.6656928062438965,5.607284069061279,5.6656928062438965,11156,0.0,0.0
2019-04-19 00:00:00+08:00,5.607284069061279,5.607284069061279,5.607284069061279,5.607284069061279,12429,0.0,0.0
2019-04-22 00:00:00+08:00,6.1680121421813965,6.1680121421813965,5.770829200744629,5.957738876342773,147029,0.0,0.0
2019-04-23 00:00:00+08:00,5.922692775726318,5.934374809265137,5.73578405380249,5.8409199714660645,33820,0.0,0.0
2019-04-24 00:00:00+08:00,5.8409199714660645,5.8409199714660645,5.8409199714660645,5.8409199714660645,856,0.0,0.0
2019-04-25 00:00:00+08:00,5.8409199714660645,5.8409199714660645,5.805874824523926,5.805874824523926,13882,0.0,0.0
2019-04-26 00:00:00+08:00,5.8409199714660645,6.191376209259033,5.8409199714660645,5.957738876342773,91312,0.0,0.0
2019-04-29 00:00:00+08:00,5.946056842803955,5.946056842803955,5.852602005004883,5.899330139160156,9846,0.0,0.0
2019-04-30 00:00:00+08:00,5.782511234283447,5.899330139160156,5.782511234283447,5.899330139160156,86458,0.0,0.0
2019-05-02 00:00:00+08:00,5.899330139160156,5.899330139160156,5.747466087341309,5.8409199714660645,55131,0.0,0.0
2019-05-03 00:00:00+08:00,5.805874824523926,5.805874824523926,5.794192790985107,5.794192790985107,14584,0.0,0.0
2019-05-06 00:00:00+08:00,5.794192790985107,5.794192790985107,5.794192790985107,5.794192790985107,0,0.0,0.0
2019-05-07 00:00:00+08:00,5.724102020263672,5.724102020263672,5.724102020263672,5.724102020263672,24812,0.0,0.0
2019-05-08 00:00:00+08:00,5.502147197723389,5.502147197723389,5.502147197723389,5.502147197723389,18986,0.0,0.0
2019-05-09 00:00:00+08:00,5.5488739013671875,5.5488739013671875,5.513829231262207,5.525510787963867,33393,0.0,0.0
2019-05-10 00:00:00+08:00,5.607284069061279,5.782511234283447,5.607284069061279,5.782511234283447,6191,0.0,0.0
2019-05-13 00:00:00+08:00,5.5488739013671875,5.5488739013671875,5.268509864807129,5.268509864807129,33075,0.0,0.0
2019-05-14 00:00:00+08:00,5.151691913604736,5.420373916625977,5.081601142883301,5.408691883087158,62329,0.0,0.0
2019-05-15 00:00:00+08:00,5.39700984954834,5.700737953186035,5.233465194702148,5.700737953186035,127107,0.0,0.0
2019-05-16 00:00:00+08:00,5.7124199867248535,5.8292388916015625,5.502147197723389,5.6306471824646,97625,0.0,0.0
2019-05-17 00:00:00+08:00,5.6306471824646,5.794192790985107,5.6306471824646,5.794192790985107,22628,0.0,0.0
2019-05-20 00:00:00+08:00,5.724102020263672,5.8409199714660645,5.5488739013671875,5.8409199714660645,29471,0.0,0.0
2019-05-21 00:00:00+08:00,5.8409199714660645,5.8409199714660645,5.817556858062744,5.8409199714660645,89837,0.0,0.0
2019-05-22 00:00:00+08:00,5.8409199714660645,5.8409199714660645,5.618965148925781,5.8409199714660645,53429,0.0,0.0
2019-05-23 00:00:00+08:00,5.724102020263672,5.724102020263672,5.724102020263672,5.724102020263672,87847,0.0,0.0
2019-05-24 00:00:00+08:00,5.724102020263672,5.8409199714660645,5.724102020263672,5.73578405380249,48916,0.0,0.0
2019-05-27 00:00:00+08:00,5.73578405380249,5.73578405380249,5.73578405380249,5.73578405380249,0,0.0,0.0
2019-05-28 00:00:00+08:00,5.724102020263672,5.724102020263672,5.724102020263672,5.724102020263672,26351,0.0,0.0
2019-05-29 00:00:00+08:00,5.5488739013671875,5.560555934906006,5.5488739013671875,5.560555934906006,24101,0.0,0.0
2019-05-30 00:00:00+08:00,5.583920001983643,5.8409199714660645,5.583920001983643,5.618965148925781,66415,0.0,0.0
2019-05-31 00:00:00+08:00,5.607284069061279,5.677374839782715,5.607284069061279,5.677374839782715,17911,0.0,0.0
2019-06-03 00:00:00+08:00,5.8409199714660645,5.8409199714660645,5.805874824523926,5.817556858062744,10324,0.0,0.0
2019-06-04 00:00:00+08:00,5.700737953186035,5.700737953186035,5.689055919647217,5.689055919647217,9419,0.0,0.0
2019-06-05 00:00:00+08:00,5.689055919647217,5.689055919647217,5.513829231262207,5.560555934906006,35954,0.0,0.0
2019-06-06 00:00:00+08:00,5.677374839782715,5.677374839782715,5.677374839782715,5.677374839782715,25816,0.0,0.0
2019-06-10 00:00:00+08:00,5.677374839782715,5.677374839782715,5.677374839782715,5.677374839782715,11397,0.0,0.0
2019-06-11 00:00:00+08:00,5.677374839782715,5.677374839782715,5.572237968444824,5.677374839782715,20403,0.0,0.0
2019-06-12 00:00:00+08:00,5.677374839782715,5.677374839782715,5.677374839782715,5.677374839782715,648,0.0,0.0
2019-06-13 00:00:00+08:00,5.677374839782715,5.677374839782715,5.49046516418457,5.49046516418457,18070,0.0,0.0
2019-06-14 00:00:00+08:00,5.607284069061279,5.724102020263672,5.502147197723389,5.724102020263672,62467,0.0,0.0
2019-06-17 00:00:00+08:00,5.303555965423584,5.689055919647217,5.303555965423584,5.689055919647217,18569,0.0,0.0
2019-06-18 00:00:00+08:00,5.6306471824646,5.7124199867248535,5.6306471824646,5.7124199867248535,56826,0.0,0.0
2019-06-19 00:00:00+08:00,5.572237968444824,5.677374839782715,5.5488739013671875,5.5488739013671875,34210,0.0,0.0
2019-06-20 00:00:00+08:00,5.537191867828369,5.560555934906006,5.537191867828369,5.560555934906006,4950,0.0,0.0
2019-06-21 00:00:00+08:00,5.408691883087158,5.502147197723389,5.408691883087158,5.502147197723389,16723,0.0,0.0
2019-06-24 00:00:00+08:00,5.502147197723389,5.502147197723389,5.502147197723389,5.502147197723389,4097,0.0,0.0
2019-06-25 00:00:00+08:00,5.502147197723389,5.502147197723389,5.467101097106934,5.49046516418457,10272,0.0,0.0
2019-06-26 00:00:00+08:00,4.9414191246032715,5.069919109344482,4.9414191246032715,5.023190975189209,76591,0.0,0.0
2019-06-27 00:00:00+08:00,5.011509895324707,5.1283278465271,4.999827861785889,5.1283278465271,34796,0.0,0.0
2019-06-28 00:00:00+08:00,4.9414191246032715,5.104963779449463,4.9414191246032715,5.104963779449463,36180,0.0,0.0
2019-07-01 00:00:00+08:00,5.093282222747803,5.116645812988281,5.081601142883301,5.116645812988281,21942,0.0,0.0
2019-07-02 00:00:00+08:00,5.595602035522461,5.595602035522461,5.023190975189209,5.023190975189209,8131,0.0,0.0
2019-07-03 00:00:00+08:00,4.976463794708252,5.245145797729492,4.906373023986816,5.245145797729492,15408,0.0,0.0
2019-07-04 00:00:00+08:00,5.245145797729492,5.245145797729492,5.245145797729492,5.245145797729492,0,0.0,0.0
2019-07-05 00:00:00+08:00,4.929737091064453,5.1283278465271,4.918055057525635,5.034873008728027,47081,0.0,0.0
2019-07-08 00:00:00+08:00,4.964782238006592,4.98814582824707,4.953100204467773,4.964782238006592,18832,0.0,0.0
2019-07-09 00:00:00+08:00,5.069919109344482,5.186737060546875,5.069919109344482,5.186737060546875,8560,0.0,0.0
2019-07-10 00:00:00+08:00,4.976463794708252,4.976463794708252,4.801236152648926,4.906373023986816,20544,0.0,0.0
2019-07-11 00:00:00+08:00,4.789555072784424,4.894690990447998,4.544236183166504,4.637691020965576,66623,0.0,0.0
2019-07-12 00:00:00+08:00,4.626008987426758,4.672736167907715,4.602644920349121,4.672736167907715,132445,0.0,0.0
2019-07-15 00:00:00+08:00,4.555918216705322,4.672736167907715,4.555918216705322,4.672736167907715,6356,0.0,0.0
2019-07-16 00:00:00+08:00,4.567599773406982,4.649372100830078,4.497509002685547,4.649372100830078,24518,0.0,0.0
2019-07-17 00:00:00+08:00,4.5325541496276855,4.5325541496276855,4.298916816711426,4.439098834991455,31626,0.0,0.0
2019-07-18 00:00:00+08:00,4.3690080642700195,4.392372131347656,4.3690080642700195,4.392372131347656,16458,0.0,0.0
2019-07-19 00:00:00+08:00,4.333962917327881,4.345644950866699,4.333962917327881,4.345644950866699,18742,0.0,0.0
2019-07-22 00:00:00+08:00,4.3690080642700195,4.3690080642700195,4.3690080642700195,4.3690080642700195,8189,0.0,0.0
2019-07-23 00:00:00+08:00,4.3690080642700195,4.3690080642700195,4.3690080642700195,4.3690080642700195,0,0.0,0.0
2019-07-24 00:00:00+08:00,4.263872146606445,4.345644950866699,4.22882604598999,4.310598850250244,18533,0.0,0.0
2019-07-25 00:00:00+08:00,4.240508079528809,4.404054164886475,4.240508079528809,4.380690097808838,38000,0.0,0.0
2019-07-26 00:00:00+08:00,4.333962917327881,4.392372131347656,4.217144012451172,4.310598850250244,33564,0.0,0.0
2019-07-29 00:00:00+08:00,4.427418231964111,4.462462902069092,4.357326030731201,4.462462902069092,19990,0.0,0.0
2019-07-30 00:00:00+08:00,4.544236183166504,4.754508972167969,4.450780868530273,4.696100234985352,49148,0.0,0.0
2019-07-31 00:00:00+08:00,4.555918216705322,4.71946382522583,4.555918216705322,4.71946382522583,21365,0.0,0.0
2019-08-01 00:00:00+08:00,4.71946382522583,4.71946382522583,4.590962886810303,4.602644920349121,4541,0.0,0.0
2019-08-02 00:00:00+08:00,4.6143269538879395,4.6143269538879395,4.6143269538879395,4.6143269538879395,2568,0.0,0.0
2019-08-05 00:00:00+08:00,4.6143269538879395,4.6143269538879395,4.6143269538879395,4.6143269538879395,0,0.0,0.0
2019-08-06 00:00:00+08:00,4.462462902069092,4.684418201446533,4.462462902069092,4.684418201446533,6849,0.0,0.0
2019-08-07 00:00:00+08:00,4.684418201446533,4.684418201446533,4.684418201446533,4.684418201446533,0,0.0,0.0
2019-08-08 00:00:00+08:00,4.462462902069092,4.590962886810303,4.439098834991455,4.579280853271484,54413,0.0,0.0
2019-08-12 00:00:00+08:00,4.579280853271484,4.579280853271484,4.579280853271484,4.579280853271484,0,0.0,0.0
2019-08-13 00:00:00+08:00,4.439098834991455,4.450780868530273,4.439098834991455,4.439098834991455,32641,0.0,0.0
2019-08-14 00:00:00+08:00,4.439098834991455,4.439098834991455,4.439098834991455,4.439098834991455,18575,0.0,0.0
2019-08-15 00:00:00+08:00,4.439098834991455,4.439098834991455,4.439098834991455,4.439098834991455,4280,0.0,0.0
2019-08-16 00:00:00+08:00,4.345644950866699,4.544236183166504,4.345644950866699,4.544236183166504,19347,0.0,0.0
2019-08-19 00:00:00+08:00,4.590962886810303,4.637691020965576,4.520872116088867,4.602644920349121,35458,0.0,0.0
2019-08-20 00:00:00+08:00,4.555918216705322,4.555918216705322,4.520872116088867,4.544236183166504,14998,0.0,0.0
2019-08-21 00:00:00+08:00,4.555918216705322,4.579280853271484,4.555918216705322,4.579280853271484,11099,0.0,0.0
2019-08-22 00:00:00+08:00,4.579280853271484,4.579280853271484,4.509190082550049,4.509190082550049,24123,0.0,0.0
2019-08-23 00:00:00+08:00,4.462462902069092,4.509190082550049,4.450780868530273,4.450780868530273,40751,0.0,0.0
2019-08-26 00:00:00+08:00,4.450780868530273,4.450780868530273,4.450780868530273,4.450780868530273,0,0.0,0.0
2019-08-27 00:00:00+08:00,4.450780868530273,4.450780868530273,4.450780868530273,4.450780868530273,0,0.0,0.0
2019-08-28 00:00:00+08:00,4.380690097808838,4.520872116088867,4.380690097808838,4.415736198425293,32655,0.0,0.0
2019-08-29 00:00:00+08:00,4.392372131347656,4.392372131347656,4.392372131347656,4.392372131347656,2155,0.0,0.0
2019-08-30 00:00:00+08:00,4.509190082550049,4.509190082550049,4.392372131347656,4.404054164886475,50114,0.0,0.0
2019-09-02 00:00:00+08:00,4.357326030731201,4.450780868530273,4.357326030731201,4.450780868530273,3226,0.0,0.0
2019-09-03 00:00:00+08:00,4.439098834991455,4.439098834991455,4.439098834991455,4.439098834991455,2585,0.0,0.0
2019-09-04 00:00:00+08:00,4.439098834991455,4.439098834991455,4.439098834991455,4.439098834991455,8614,0.0,0.0
2019-09-05 00:00:00+08:00,4.380690097808838,4.404054164886475,4.380690097808838,4.404054164886475,10417,0.0,0.0
2019-09-06 00:00:00+08:00,4.333962917327881,4.439098834991455,4.275554180145264,4.415736198425293,13696,0.0,0.0
2019-09-10 00:00:00+08:00,4.053598880767822,4.380690097808838,4.053598880767822,4.380690097808838,17242,0.0,0.0
2019-09-11 00:00:00+08:00,4.380690097808838,4.380690097808838,4.380690097808838,4.380690097808838,0,0.0,0.0
2019-09-12 00:00:00+08:00,4.380690097808838,4.380690097808838,4.380690097808838,4.380690097808838,0,0.0,0.0
2019-09-16 00:00:00+08:00,3.9484620094299316,4.041916847229004,3.9484620094299316,4.041916847229004,28003,0.0,0.0
2019-09-17 00:00:00+08:00,4.041916847229004,4.041916847229004,4.041916847229004,4.041916847229004,1284,0.0,0.0
2019-09-18 00:00:00+08:00,3.878371000289917,4.018552780151367,3.878371000289917,4.018552780151367,15004,0.0,0.0
2019-09-19 00:00:00+08:00,3.749871015548706,3.8082799911499023,3.749871015548706,3.8082799911499023,14680,0.0,0.0
2019-09-20 00:00:00+08:00,3.8666889667510986,3.8666889667510986,3.749871015548706,3.749871015548706,14580,0.0,0.0
2019-09-23 00:00:00+08:00,3.749871015548706,3.749871015548706,3.5162339210510254,3.7381889820098877,34642,0.0,0.0
2019-09-24 00:00:00+08:00,3.6213700771331787,3.796597957611084,3.6213700771331787,3.796597957611084,20334,0.0,0.0
2019-09-25 00:00:00+08:00,3.422779083251953,3.7265069484710693,3.422779083251953,3.7265069484710693,15446,0.0,0.0
2019-09-26 00:00:00+08:00,3.7381889820098877,3.7615530490875244,3.6213700771331787,3.6213700771331787,21317,0.0,0.0
2019-09-27 00:00:00+08:00,3.6213700771331787,3.6213700771331787,3.5980069637298584,3.5980069637298584,5137,0.0,0.0
2019-10-01 00:00:00+08:00,3.6213700771331787,3.6213700771331787,3.5629611015319824,3.5629611015319824,10271,0.0,0.0
2019-10-02 00:00:00+08:00,3.4344611167907715,3.4811880588531494,3.2709150314331055,3.3526880741119385,57529,0.0,0.0
2019-10-03 00:00:00+08:00,3.3994150161743164,3.3994150161743164,3.3994150161743164,3.3994150161743164,4265,0.0,0.0
2019-10-04 00:00:00+08:00,3.364370107650757,3.364370107650757,3.364370107650757,3.364370107650757,2497,0.0,0.0
2019-10-07 00:00:00+08:00,3.3176429271698,3.3176429271698,3.3176429271698,3.3176429271698,7852,0.0,0.0
2019-10-08 00:00:00+08:00,3.282597064971924,3.3176429271698,3.2475509643554688,3.2475509643554688,14089,0.0,0.0
2019-10-09 00:00:00+08:00,3.2475509643554688,3.2475509643554688,3.1657791137695312,3.212506055831909,13934,0.0,0.0
2019-10-14 00:00:00+08:00,3.212506055831909,3.212506055831909,3.212506055831909,3.212506055831909,1884,0.0,0.0
2019-10-15 00:00:00+08:00,3.3176429271698,3.3293240070343018,3.3176429271698,3.3293240070343018,8483,0.0,0.0
2019-10-16 00:00:00+08:00,3.212506055831909,3.3293240070343018,3.212506055831909,3.3293240070343018,14869,0.0,0.0
2019-10-17 00:00:00+08:00,3.235869884490967,3.3176429271698,3.177459955215454,3.3176429271698,14608,0.0,0.0
2019-10-18 00:00:00+08:00,3.2709150314331055,3.34100604057312,3.2709150314331055,3.282597064971924,17940,0.0,0.0
2019-10-21 00:00:00+08:00,3.282597064971924,3.457824945449829,3.282597064971924,3.457824945449829,21904,0.0,0.0
2019-10-22 00:00:00+08:00,3.457824945449829,3.504551887512207,3.457824945449829,3.504551887512207,6100,0.0,0.0
2019-10-23 00:00:00+08:00,3.714824914932251,3.714824914932251,3.469506025314331,3.469506025314331,6201,0.0,0.0
2019-10-24 00:00:00+08:00,3.3877339363098145,3.3877339363098145,3.3293240070343018,3.3526880741119385,22176,0.0,0.0
2019-10-25 00:00:00+08:00,3.3526880741119385,3.3526880741119385,3.3526880741119385,3.3526880741119385,0,0.0,0.0
2019-10-28 00:00:00+08:00,3.2709150314331055,3.469506025314331,3.2709150314331055,3.469506025314331,30020,0.0,0.0
2019-10-29 00:00:00+08:00,3.376051902770996,3.4928700923919678,3.364370107650757,3.469506025314331,25535,0.0,0.0
2019-10-30 00:00:00+08:00,3.422779083251953,3.504551887512207,3.422779083251953,3.504551887512207,9202,0.0,0.0
2019-10-31 00:00:00+08:00,3.539597988128662,3.539597988128662,3.4811880588531494,3.4811880588531494,5678,0.0,0.0
2019-11-01 00:00:00+08:00,3.422779083251953,3.422779083251953,3.4110970497131348,3.4110970497131348,6245,0.0,0.0
2019-11-04 00:00:00+08:00,3.3994150161743164,3.3994150161743164,3.3526880741119385,3.376051902770996,14552,0.0,0.0
2019-11-05 00:00:00+08:00,3.3877339363098145,3.3877339363098145,3.3877339363098145,3.3877339363098145,2568,0.0,0.0
2019-11-06 00:00:00+08:00,3.3877339363098145,3.3877339363098145,3.3877339363098145,3.3877339363098145,3423,0.0,0.0
2019-11-07 00:00:00+08:00,3.34100604057312,3.4344611167907715,3.3293240070343018,3.4344611167907715,14552,0.0,0.0
2019-11-08 00:00:00+08:00,3.34100604057312,3.4344611167907715,3.3293240070343018,3.4344611167907715,16137,0.0,0.0
2019-11-11 00:00:00+08:00,3.3293240070343018,3.3293240070343018,3.3176429271698,3.3293240070343018,25680,0.0,0.0
2019-11-12 00:00:00+08:00,3.2709150314331055,3.2709150314331055,3.259232997894287,3.2709150314331055,8560,0.0,0.0
2019-11-13 00:00:00+08:00,3.2709150314331055,3.2709150314331055,3.259232997894287,3.2709150314331055,9654,0.0,0.0
2019-11-14 00:00:00+08:00,3.2709150314331055,3.2709150314331055,3.2709150314331055,3.2709150314331055,0,0.0,0.0
2019-11-15 00:00:00+08:00,3.2709150314331055,3.2709150314331055,3.1424150466918945,3.1657791137695312,28848,0.0,0.0
2019-11-18 00:00:00+08:00,3.119050979614258,3.119050979614258,3.037277936935425,3.0606420040130615,171205,0.0,0.0
2019-11-19 00:00:00+08:00,3.048959970474243,3.177459955215454,3.048959970474243,3.0606420040130615,29994,0.0,0.0
2019-11-20 00:00:00+08:00,3.1657791137695312,3.177459955215454,3.0956881046295166,3.0956881046295166,5992,0.0,0.0
2019-11-21 00:00:00+08:00,3.1657791137695312,3.177459955215454,3.0956881046295166,3.0956881046295166,6847,0.0,0.0
2019-11-22 00:00:00+08:00,3.0956881046295166,3.0956881046295166,3.0956881046295166,3.0956881046295166,0,0.0,0.0
2019-11-25 00:00:00+08:00,3.0840060710906982,3.0840060710906982,3.037277936935425,3.037277936935425,56497,0.0,0.0
2019-11-26 00:00:00+08:00,3.130733013153076,3.2475509643554688,3.0022330284118652,3.154097080230713,83890,0.0,0.0
2019-11-27 00:00:00+08:00,3.1073689460754395,3.1891419887542725,3.1073689460754395,3.1891419887542725,42801,0.0,0.0
2019-11-28 00:00:00+08:00,3.048959970474243,3.130733013153076,3.048959970474243,3.130733013153076,5136,0.0,0.0
2019-11-29 00:00:00+08:00,3.119050979614258,3.119050979614258,3.1073689460754395,3.119050979614258,27255,0.0,0.0
2019-12-02 00:00:00+08:00,3.037277936935425,3.0606420040130615,2.96718692779541,3.0606420040130615,19960,0.0,0.0
2019-12-03 00:00:00+08:00,3.0606420040130615,3.0606420040130615,3.0606420040130615,3.0606420040130615,0,0.0,0.0
2019-12-04 00:00:00+08:00,3.154097080230713,3.259232997894287,3.154097080230713,3.259232997894287,25680,0.0,0.0
2019-12-05 00:00:00+08:00,3.154097080230713,3.259232997894287,3.154097080230713,3.259232997894287,25680,0.0,0.0
2019-12-06 00:00:00+08:00,3.2241880893707275,3.2241880893707275,3.200824022293091,3.212506055831909,12755,0.0,0.0
2019-12-09 00:00:00+08:00,3.212506055831909,3.212506055831909,3.119050979614258,3.130733013153076,15408,0.0,0.0
2019-12-10 00:00:00+08:00,3.07232403755188,3.3526880741119385,3.037277936935425,3.294279098510742,27392,0.0,0.0
2019-12-11 00:00:00+08:00,3.2475509643554688,3.4928700923919678,3.2475509643554688,3.4811880588531494,55641,0.0,0.0
2019-12-12 00:00:00+08:00,3.469506025314331,3.7031428813934326,3.469506025314331,3.7031428813934326,48793,0.0,0.0
2019-12-13 00:00:00+08:00,3.6797800064086914,3.7031428813934326,3.504551887512207,3.5279159545898438,77598,0.0,0.0
2019-12-16 00:00:00+08:00,3.6213700771331787,3.7265069484710693,3.3526880741119385,3.7031428813934326,107003,0.0,0.0
2019-12-17 00:00:00+08:00,3.5629611015319824,3.7381889820098877,3.504551887512207,3.7381889820098877,172061,0.0,0.0
2019-12-18 00:00:00+08:00,3.633052110671997,4.041916847229004,3.633052110671997,4.0302348136901855,153229,0.0,0.0
2019-12-19 00:00:00+08:00,4.018552780151367,4.287234783172607,3.8666889667510986,4.123690128326416,25680,0.0,0.0
2019-12-20 00:00:00+08:00,3.9718260765075684,4.3222808837890625,3.96014404296875,4.3222808837890625,39983,0.0,0.0
2019-12-23 00:00:00+08:00,4.672736167907715,4.672736167907715,4.439098834991455,4.555918216705322,81322,0.0,0.0
2019-12-24 00:00:00+08:00,4.672736167907715,4.672736167907715,4.439098834991455,4.555918216705322,81322,0.0,0.0
2019-12-25 00:00:00+08:00,4.544236183166504,4.672736167907715,4.345644950866699,4.47414493560791,50505,0.0,0.0
2019-12-26 00:00:00+08:00,4.462462902069092,4.47414493560791,4.392372131347656,4.392372131347656,5136,0.0,0.0
2019-12-27 00:00:00+08:00,4.380690097808838,4.672736167907715,4.380690097808838,4.439098834991455,76063,0.0,0.0
2019-12-30 00:00:00+08:00,4.20546293258667,4.579280853271484,4.20546293258667,4.404054164886475,98443,0.0,0.0
2019-12-31 00:00:00+08:00,4.263872146606445,4.439098834991455,4.263872146606445,4.439098834991455,10236,0.0,0.0
2020-01-02 00:00:00+08:00,4.555918216705322,4.649372100830078,4.555918216705322,4.649372100830078,49221,0.0,0.0
2020-01-03 00:00:00+08:00,4.649372100830078,4.649372100830078,4.649372100830078,4.649372100830078,0,0.0,0.0
2020-01-06 00:00:00+08:00,4.20546293258667,4.3222808837890625,4.20546293258667,4.3222808837890625,9416,0.0,0.0
2020-01-07 00:00:00+08:00,4.20546293258667,4.3222808837890625,4.20546293258667,4.3222808837890625,9985,0.0,0.0
2020-01-08 00:00:00+08:00,4.3222808837890625,4.3222808837890625,4.3222808837890625,4.3222808837890625,0,0.0,0.0
2020-01-09 00:00:00+08:00,4.076961994171143,4.147052764892578,4.018552780151367,4.147052764892578,17120,0.0,0.0
2020-01-10 00:00:00+08:00,4.193780899047852,4.217144012451172,4.147052764892578,4.147052764892578,12840,0.0,0.0
2020-01-13 00:00:00+08:00,4.147052764892578,4.3222808837890625,4.0302348136901855,4.20546293258667,18832,0.0,0.0
2020-01-14 00:00:00+08:00,4.193780899047852,4.217144012451172,4.182098865509033,4.20546293258667,60778,0.0,0.0
2020-01-15 00:00:00+08:00,4.439098834991455,4.439098834991455,4.147052764892578,4.147052764892578,4280,0.0,0.0
2020-01-16 00:00:00+08:00,4.439098834991455,4.439098834991455,4.147052764892578,4.147052764892578,5326,0.0,0.0
2020-01-17 00:00:00+08:00,4.147052764892578,4.147052764892578,4.147052764892578,4.147052764892578,0,0.0,0.0
2020-01-20 00:00:00+08:00,4.006871223449707,4.135371208190918,3.9718260765075684,4.135371208190918,9727,0.0,0.0
2020-01-30 00:00:00+08:00,3.539597988128662,3.539597988128662,3.539597988128662,3.539597988128662,856,0.0,0.0
2020-01-31 00:00:00+08:00,3.539597988128662,3.539597988128662,3.539597988128662,3.539597988128662,1730,0.0,0.0
2020-02-03 00:00:00+08:00,3.4110970497131348,3.7265069484710693,3.4110970497131348,3.7265069484710693,8560,0.0,0.0
2020-02-04 00:00:00+08:00,3.7265069484710693,3.796597957611084,3.7265069484710693,3.796597957611084,6848,0.0,0.0
2020-02-05 00:00:00+08:00,3.422779083251953,3.504551887512207,3.422779083251953,3.504551887512207,1712,0.0,0.0
2020-02-06 00:00:00+08:00,3.5162339210510254,3.6096889972686768,3.5162339210510254,3.5629611015319824,6848,0.0,0.0
2020-02-07 00:00:00+08:00,3.5629611015319824,3.5629611015319824,3.5629611015319824,3.5629611015319824,0,0.0,0.0
2020-02-10 00:00:00+08:00,3.5629611015319824,3.5629611015319824,3.5629611015319824,3.5629611015319824,0,0.0,0.0
2020-02-11 00:00:00+08:00,3.5746428966522217,3.5746428966522217,3.5746428966522217,3.5746428966522217,856,0.0,0.0
2020-02-12 00:00:00+08:00,3.5629611015319824,3.5746428966522217,3.5629611015319824,3.5746428966522217,8560,0.0,0.0
2020-02-13 00:00:00+08:00,3.7381889820098877,4.112008094787598,3.7381889820098877,4.112008094787598,63346,0.0,0.0
2020-02-14 00:00:00+08:00,3.7381889820098877,4.112008094787598,3.7381889820098877,4.112008094787598,65064,0.0,0.0
2020-02-17 00:00:00+08:00,4.427418231964111,4.439098834991455,4.427418231964111,4.439098834991455,26536,0.0,0.0
2020-02-18 00:00:00+08:00,4.427418231964111,4.439098834991455,4.427418231964111,4.439098834991455,26536,0.0,0.0
2020-02-19 00:00:00+08:00,4.707781791687012,4.71946382522583,4.392372131347656,4.392372131347656,29104,0.0,0.0
2020-02-20 00:00:00+08:00,4.707781791687012,4.71946382522583,4.392372131347656,4.392372131347656,29104,0.0,0.0
2020-02-21 00:00:00+08:00,4.450780868530273,4.509190082550049,4.450780868530273,4.509190082550049,15741,0.0,0.0
2020-02-24 00:00:00+08:00,4.509190082550049,4.509190082550049,4.509190082550049,4.509190082550049,0,0.0,0.0
2020-02-25 00:00:00+08:00,4.439098834991455,4.439098834991455,4.439098834991455,4.439098834991455,6848,0.0,0.0
2020-02-26 00:00:00+08:00,4.100326061248779,4.275554180145264,4.100326061248779,4.275554180145264,2568,0.0,0.0
2020-02-27 00:00:00+08:00,4.287234783172607,4.3222808837890625,4.287234783172607,4.298916816711426,12840,0.0,0.0
2020-03-02 00:00:00+08:00,4.147052764892578,4.147052764892578,3.96014404296875,3.96014404296875,15408,0.0,0.0
2020-03-03 00:00:00+08:00,3.9718260765075684,4.3222808837890625,3.9718260765075684,4.065279960632324,13696,0.0,0.0
2020-03-04 00:00:00+08:00,4.065279960632324,4.065279960632324,4.065279960632324,4.065279960632324,0,0.0,0.0
2020-03-05 00:00:00+08:00,4.088644027709961,4.088644027709961,3.9484620094299316,3.9484620094299316,24824,0.0,0.0
2020-03-06 00:00:00+08:00,3.9484620094299316,3.9484620094299316,3.9484620094299316,3.9484620094299316,0,0.0,0.0
2020-03-09 00:00:00+08:00,3.96014404296875,3.96014404296875,3.96014404296875,3.96014404296875,5136,0.0,0.0
2020-03-10 00:00:00+08:00,3.6914610862731934,4.3222808837890625,3.6914610862731934,4.3222808837890625,23968,0.0,0.0
2020-03-11 00:00:00+08:00,4.20546293258667,4.20546293258667,4.20546293258667,4.20546293258667,5992,0.0,0.0
2020-03-12 00:00:00+08:00,3.7849159240722656,4.088644027709961,3.7849159240722656,4.088644027709961,54785,0.0,0.0
2020-03-13 00:00:00+08:00,4.088644027709961,4.088644027709961,4.088644027709961,4.088644027709961,0,0.0,0.0
2020-03-16 00:00:00+08:00,3.5629611015319824,3.5980069637298584,3.5629611015319824,3.5746428966522217,20544,0.0,0.0
2020-03-17 00:00:00+08:00,3.3526880741119385,3.3526880741119385,3.2241880893707275,3.2241880893707275,17976,0.0,0.0
2020-03-18 00:00:00+08:00,3.3526880741119385,3.3526880741119385,3.212506055831909,3.212506055831909,11128,0.0,0.0
2020-03-19 00:00:00+08:00,2.8970959186553955,2.9788689613342285,2.8970959186553955,2.908777952194214,37665,0.0,0.0
2020-03-20 00:00:00+08:00,2.908777952194214,2.908777952194214,2.908777952194214,2.908777952194214,0,0.0,0.0
2020-03-23 00:00:00+08:00,2.6868228912353516,2.6868228912353516,2.6868228912353516,2.6868228912353516,856,0.0,0.0
2020-03-24 00:00:00+08:00,2.6868228912353516,2.908777952194214,2.6868228912353516,2.7101869583129883,19688,0.0,0.0
2020-03-25 00:00:00+08:00,2.7335500717163086,2.9204599857330322,2.7335500717163086,2.9204599857330322,17976,0.0,0.0
2020-03-26 00:00:00+08:00,2.9204599857330322,2.9204599857330322,2.9204599857330322,2.9204599857330322,0,0.0,0.0
2020-03-27 00:00:00+08:00,2.9204599857330322,2.9204599857330322,2.9204599857330322,2.9204599857330322,0,0.0,0.0
2020-03-30 00:00:00+08:00,2.9204599857330322,2.9204599857330322,2.9204599857330322,2.9204599857330322,0,0.0,0.0
2020-03-31 00:00:00+08:00,3.119050979614258,3.119050979614258,3.119050979614258,3.119050979614258,1712,0.0,0.0
2020-04-01 00:00:00+08:00,2.9788689613342285,2.9788689613342285,2.9788689613342285,2.9788689613342285,1712,0.0,0.0
2020-04-06 00:00:00+08:00,2.780277967453003,3.1424150466918945,2.780277967453003,3.1424150466918945,5136,0.0,0.0
2020-04-07 00:00:00+08:00,3.1424150466918945,3.1424150466918945,3.1424150466918945,3.1424150466918945,0,0.0,0.0
2020-04-08 00:00:00+08:00,3.364370107650757,3.4461429119110107,3.364370107650757,3.4461429119110107,24824,0.0,0.0
2020-04-09 00:00:00+08:00,3.2241880893707275,3.2241880893707275,3.2241880893707275,3.2241880893707275,2568,0.0,0.0
2020-04-10 00:00:00+08:00,3.130733013153076,3.154097080230713,3.130733013153076,3.154097080230713,3424,0.0,0.0
2020-04-13 00:00:00+08:00,3.154097080230713,3.154097080230713,3.154097080230713,3.154097080230713,0,0.0,0.0
2020-04-14 00:00:00+08:00,3.364370107650757,3.469506025314331,3.364370107650757,3.469506025314331,11984,0.0,0.0
2020-04-15 00:00:00+08:00,3.469506025314331,3.469506025314331,3.469506025314331,3.469506025314331,0,0.0,0.0
2020-04-16 00:00:00+08:00,3.714824914932251,3.714824914932251,3.282597064971924,3.294279098510742,3424,0.0,0.0
2020-04-17 00:00:00+08:00,3.4928700923919678,3.4928700923919678,3.4928700923919678,3.4928700923919678,856,0.0,0.0
2020-04-20 00:00:00+08:00,3.4928700923919678,3.4928700923919678,3.4928700923919678,3.4928700923919678,0,0.0,0.0
2020-04-21 00:00:00+08:00,3.7849159240722656,3.7849159240722656,3.7849159240722656,3.7849159240722656,1712,0.0,0.0
2020-04-22 00:00:00+08:00,3.7849159240722656,3.7849159240722656,3.7849159240722656,3.7849159240722656,0,0.0,0.0
2020-04-23 00:00:00+08:00,4.065279960632324,4.065279960632324,3.9718260765075684,3.9718260765075684,4280,0.0,0.0
2020-04-24 00:00:00+08:00,4.088644027709961,4.123690128326416,4.088644027709961,4.123690128326416,8560,0.0,0.0
2020-04-27 00:00:00+08:00,4.112008094787598,4.123690128326416,4.112008094787598,4.123690128326416,4280,0.0,0.0
2020-04-28 00:00:00+08:00,3.7381889820098877,3.9718260765075684,3.7381889820098877,3.9718260765075684,7704,0.0,0.0
2020-04-29 00:00:00+08:00,3.6564159393310547,3.7381889820098877,3.6564159393310547,3.7381889820098877,30817,0.0,0.0
2020-04-30 00:00:00+08:00,3.7381889820098877,3.7381889820098877,3.7381889820098877,3.7381889820098877,0,0.0,0.0
2020-05-04 00:00:00+08:00,3.4461429119110107,3.5279159545898438,3.4461429119110107,3.5279159545898438,8560,0.0,0.0
2020-05-05 00:00:00+08:00,3.364370107650757,3.504551887512207,3.3293240070343018,3.504551887512207,71050,0.0,0.0
2020-05-06 00:00:00+08:00,3.504551887512207,3.7732338905334473,3.504551887512207,3.6447339057922363,34241,0.0,0.0
2020-05-07 00:00:00+08:00,3.633052110671997,3.6447339057922363,3.58632493019104,3.58632493019104,27392,0.0,0.0
2020-05-08 00:00:00+08:00,3.58632493019104,3.58632493019104,3.58632493019104,3.58632493019104,0,0.0,0.0
2020-05-11 00:00:00+08:00,3.3293240070343018,3.7615530490875244,3.3293240070343018,3.7615530490875244,16264,0.0,0.0
2020-05-12 00:00:00+08:00,3.7615530490875244,3.7615530490875244,3.7615530490875244,3.7615530490875244,11128,0.0,0.0
2020-05-13 00:00:00+08:00,3.539597988128662,3.539597988128662,3.4928700923919678,3.504551887512207,23968,0.0,0.0
2020-05-14 00:00:00+08:00,3.6096889972686768,3.714824914932251,3.4811880588531494,3.4928700923919678,149805,0.0,0.0
2020-05-15 00:00:00+08:00,3.5279159545898438,3.5279159545898438,3.5279159545898438,3.5279159545898438,7704,0.0,0.0
2020-05-18 00:00:00+08:00,3.3293240070343018,3.504551887512207,3.3293240070343018,3.504551887512207,10272,0.0,0.0
2020-05-19 00:00:00+08:00,3.504551887512207,3.504551887512207,3.504551887512207,3.504551887512207,8560,0.0,0.0
2020-05-20 00:00:00+08:00,3.4928700923919678,3.504551887512207,3.4928700923919678,3.504551887512207,5136,0.0,0.0
2020-05-21 00:00:00+08:00,3.504551887512207,3.504551887512207,3.504551887512207,3.504551887512207,0,0.0,0.0
2020-05-22 00:00:00+08:00,3.3877339363098145,3.457824945449829,3.34100604057312,3.364370107650757,20544,0.0,0.0
2020-05-25 00:00:00+08:00,3.457824945449829,3.457824945449829,3.4461429119110107,3.4461429119110107,7704,0.0,0.0
2020-05-26 00:00:00+08:00,3.4461429119110107,3.4461429119110107,3.4461429119110107,3.4461429119110107,0,0.0,0.0
2020-05-27 00:00:00+08:00,3.2475509643554688,3.469506025314331,3.2475509643554688,3.469506025314331,53073,0.0,0.0
2020-05-28 00:00:00+08:00,3.3877339363098145,3.469506025314331,3.3877339363098145,3.469506025314331,47081,0.0,0.0
2020-05-29 00:00:00+08:00,3.469506025314331,3.714824914932251,3.457824945449829,3.714824914932251,36809,0.0,0.0
2020-06-01 00:00:00+08:00,3.5162339210510254,3.6096889972686768,3.5162339210510254,3.6096889972686768,7704,0.0,0.0
2020-06-02 00:00:00+08:00,3.58632493019104,3.7381889820098877,3.58632493019104,3.7381889820098877,29961,0.0,0.0
2020-06-03 00:00:00+08:00,3.8550069332122803,3.9835081100463867,3.7615530490875244,3.9835081100463867,16264,0.0,0.0
2020-06-04 00:00:00+08:00,3.9835081100463867,3.9835081100463867,3.9718260765075684,3.9718260765075684,19688,0.0,0.0
2020-06-05 00:00:00+08:00,3.878371000289917,3.9835081100463867,3.878371000289917,3.9835081100463867,10272,0.0,0.0
2020-06-08 00:00:00+08:00,3.8199620246887207,3.8199620246887207,3.8199620246887207,3.8199620246887207,856,0.0,0.0
2020-06-09 00:00:00+08:00,3.7381889820098877,3.7732338905334473,3.7381889820098877,3.7732338905334473,13696,0.0,0.0
2020-06-10 00:00:00+08:00,3.8082799911499023,3.9718260765075684,3.7381889820098877,3.9718260765075684,77898,0.0,0.0
2020-06-11 00:00:00+08:00,3.96014404296875,4.0302348136901855,3.96014404296875,4.0302348136901855,68482,0.0,0.0
2020-06-12 00:00:00+08:00,3.749871015548706,4.345644950866699,3.749871015548706,4.287234783172607,116419,0.0,0.0
2020-06-15 00:00:00+08:00,3.9835081100463867,4.041916847229004,3.9718260765075684,4.041916847229004,47081,0.0,0.0
2020-06-16 00:00:00+08:00,4.217144012451172,4.217144012451172,4.0302348136901855,4.0302348136901855,76186,0.0,0.0
2020-06-17 00:00:00+08:00,4.20546293258667,4.20546293258667,4.053598880767822,4.123690128326416,78754,0.0,0.0
2020-06-18 00:00:00+08:00,4.427418231964111,4.5325541496276855,4.310598850250244,4.357326030731201,120700,0.0,0.0
2020-06-19 00:00:00+08:00,4.1587347984313965,4.555918216705322,4.1587347984313965,4.555918216705322,51361,0.0,0.0
2020-06-22 00:00:00+08:00,4.649372100830078,4.812918186187744,4.450780868530273,5.011509895324707,103579,0.0,0.0
2020-06-23 00:00:00+08:00,4.439098834991455,4.801236152648926,4.439098834991455,4.602644920349121,41945,0.0,0.0
2020-06-24 00:00:00+08:00,4.509190082550049,4.684418201446533,4.509190082550049,4.602644920349121,89883,0.0,0.0
2020-06-29 00:00:00+08:00,4.345644950866699,4.5325541496276855,4.345644950866699,4.5325541496276855,1712,0.0,0.0
2020-06-30 00:00:00+08:00,4.5325541496276855,4.672736167907715,4.509190082550049,4.5325541496276855,98443,0.0,0.0
2020-07-01 00:00:00+08:00,4.520872116088867,4.5325541496276855,4.520872116088867,4.520872116088867,21400,0.0,0.0
2020-07-02 00:00:00+08:00,4.5325541496276855,4.5325541496276855,4.520872116088867,4.520872116088867,34241,0.0,0.0
2020-07-03 00:00:00+08:00,4.626008987426758,4.7778730392456055,4.626008987426758,4.7778730392456055,36809,0.0,0.0
2020-07-06 00:00:00+08:00,4.626008987426758,4.672736167907715,4.6143269538879395,4.626008987426758,35953,0.0,0.0
2020-07-07 00:00:00+08:00,4.590962886810303,4.672736167907715,4.579280853271484,4.626008987426758,31673,0.0,0.0
2020-07-08 00:00:00+08:00,4.626008987426758,4.672736167907715,4.626008987426758,4.672736167907715,19688,0.0,0.0
2020-07-09 00:00:00+08:00,4.6610541343688965,4.672736167907715,4.649372100830078,4.672736167907715,82178,0.0,0.0
2020-07-10 00:00:00+08:00,4.672736167907715,4.672736167907715,4.275554180145264,4.6610541343688965,41945,0.0,0.0
2020-07-13 00:00:00+08:00,4.544236183166504,4.6610541343688965,4.544236183166504,4.626008987426758,14552,0.0,0.0
2020-07-14 00:00:00+08:00,4.637691020965576,4.672736167907715,4.590962886810303,4.590962886810303,29104,0.0,0.0
2020-07-15 00:00:00+08:00,4.392372131347656,4.672736167907715,4.392372131347656,4.672736167907715,22256,0.0,0.0
2020-07-16 00:00:00+08:00,4.544236183166504,4.672736167907715,4.544236183166504,4.6610541343688965,50505,0.0,0.0
2020-07-17 00:00:00+08:00,4.6143269538879395,4.649372100830078,4.6143269538879395,4.649372100830078,12840,0.0,0.0
2020-07-20 00:00:00+08:00,4.649372100830078,4.649372100830078,4.5325541496276855,4.5325541496276855,63346,0.0,0.0
2020-07-21 00:00:00+08:00,4.5325541496276855,4.5325541496276855,4.5325541496276855,4.5325541496276855,0,0.0,0.0
2020-07-22 00:00:00+08:00,4.672736167907715,4.672736167907715,4.310598850250244,4.555918216705322,53073,0.0,0.0
2020-07-23 00:00:00+08:00,4.544236183166504,4.544236183166504,4.544236183166504,4.544236183166504,3424,0.0,0.0
2020-07-24 00:00:00+08:00,4.5325541496276855,4.812918186187744,4.5325541496276855,4.5325541496276855,41945,0.0,0.0
2020-07-27 00:00:00+08:00,4.672736167907715,4.672736167907715,4.088644027709961,4.088644027709961,226847,0.0,0.0
2020-07-28 00:00:00+08:00,4.298916816711426,4.298916816711426,4.088644027709961,4.088644027709961,54785,0.0,0.0
2020-07-29 00:00:00+08:00,4.217144012451172,4.310598850250244,4.217144012451172,4.310598850250244,11128,0.0,0.0
2020-07-30 00:00:00+08:00,4.170416831970215,4.170416831970215,4.112008094787598,4.112008094787598,19688,0.0,0.0
2020-07-31 00:00:00+08:00,4.182098865509033,4.22882604598999,4.182098865509033,4.217144012451172,11128,0.0,0.0
2020-08-03 00:00:00+08:00,4.22882604598999,4.22882604598999,4.22882604598999,4.22882604598999,8560,0.0,0.0
2020-08-04 00:00:00+08:00,4.135371208190918,4.135371208190918,4.135371208190918,4.135371208190918,856,0.0,0.0
2020-08-05 00:00:00+08:00,4.088644027709961,4.088644027709961,4.041916847229004,4.041916847229004,11984,0.0,0.0
2020-08-06 00:00:00+08:00,3.9484620094299316,4.088644027709961,3.9017350673675537,4.088644027709961,14552,0.0,0.0
2020-08-07 00:00:00+08:00,4.182098865509033,4.182098865509033,3.925097942352295,4.088644027709961,52217,0.0,0.0
2020-08-10 00:00:00+08:00,4.088644027709961,4.100326061248779,3.9835081100463867,4.100326061248779,9416,0.0,0.0
2020-08-11 00:00:00+08:00,4.100326061248779,4.100326061248779,4.100326061248779,4.100326061248779,0,0.0,0.0
2020-08-12 00:00:00+08:00,4.088644027709961,4.100326061248779,3.96014404296875,4.076961994171143,27392,0.0,0.0
2020-08-13 00:00:00+08:00,4.193780899047852,4.20546293258667,4.006871223449707,4.147052764892578,8560,0.0,0.0
2020-08-14 00:00:00+08:00,4.123690128326416,4.20546293258667,4.053598880767822,4.053598880767822,37665,0.0,0.0
2020-08-17 00:00:00+08:00,3.8550069332122803,4.3222808837890625,3.8550069332122803,4.3222808837890625,43657,0.0,0.0
2020-08-18 00:00:00+08:00,4.135371208190918,4.135371208190918,4.123690128326416,4.135371208190918,18832,0.0,0.0
2020-08-19 00:00:00+08:00,4.006871223449707,4.006871223449707,4.006871223449707,4.006871223449707,2568,0.0,0.0
2020-08-20 00:00:00+08:00,3.8666889667510986,4.263872146606445,3.633052110671997,4.263872146606445,65058,0.0,0.0
2020-08-21 00:00:00+08:00,4.088644027709961,4.088644027709961,3.96014404296875,4.427418231964111,23112,0.0,0.0
2020-08-24 00:00:00+08:00,3.9484620094299316,4.076961994171143,3.9484620094299316,4.0302348136901855,17976,0.0,0.0
2020-08-25 00:00:00+08:00,3.8900530338287354,3.9134159088134766,3.831644058227539,3.9134159088134766,47081,0.0,0.0
2020-08-26 00:00:00+08:00,4.041916847229004,4.076961994171143,3.9134159088134766,4.076961994171143,14552,0.0,0.0
2020-08-27 00:00:00+08:00,3.9484620094299316,3.9718260765075684,3.9367799758911133,3.9718260765075684,2568,0.0,0.0
2020-08-28 00:00:00+08:00,3.9718260765075684,3.9718260765075684,3.9718260765075684,3.9718260765075684,0,0.0,0.0
2020-08-31 00:00:00+08:00,3.9718260765075684,3.9718260765075684,3.9718260765075684,3.9718260765075684,0,0.0,0.0
2020-09-01 00:00:00+08:00,3.8666889667510986,3.8666889667510986,3.8666889667510986,3.8666889667510986,856,0.0,0.0
2020-09-02 00:00:00+08:00,3.8199620246887207,3.843324899673462,3.8199620246887207,3.843324899673462,6848,0.0,0.0
2020-09-03 00:00:00+08:00,3.8666889667510986,3.8666889667510986,3.8666889667510986,3.8666889667510986,2568,0.0,0.0
2020-09-04 00:00:00+08:00,3.8199620246887207,3.8199620246887207,3.8199620246887207,3.8199620246887207,2568,0.0,0.0
2020-09-07 00:00:00+08:00,3.843324899673462,3.843324899673462,3.7265069484710693,3.8082799911499023,41945,0.0,0.0
2020-09-08 00:00:00+08:00,3.9134159088134766,4.182098865509033,3.9134159088134766,4.182098865509033,105291,0.0,0.0
2020-09-09 00:00:00+08:00,4.590962886810303,4.590962886810303,4.041916847229004,4.065279960632324,243112,0.0,0.0
2020-09-10 00:00:00+08:00,4.427418231964111,4.427418231964111,4.404054164886475,4.404054164886475,14552,0.0,0.0
2020-09-11 00:00:00+08:00,4.182098865509033,4.182098865509033,4.053598880767822,4.100326061248779,47937,0.0,0.0
2020-09-14 00:00:00+08:00,4.217144012451172,4.240508079528809,4.100326061248779,4.088644027709961,36809,0.0,0.0
2020-09-15 00:00:00+08:00,4.217144012451172,4.217144012451172,4.053598880767822,4.053598880767822,40233,0.0,0.0
2020-09-16 00:00:00+08:00,4.170416831970215,4.170416831970215,4.076961994171143,4.100326061248779,65058,0.0,0.0
2020-09-17 00:00:00+08:00,4.3690080642700195,4.509190082550049,4.20546293258667,4.509190082550049,149805,0.0,0.0
2020-09-18 00:00:00+08:00,4.953100204467773,4.953100204467773,4.953100204467773,4.953100204467773,89883,0.0,0.0
2020-09-21 00:00:00+08:00,5.443737983703613,5.443737983703613,5.443737983703613,5.443737983703613,67626,0.0,0.0
2020-09-22 00:00:00+08:00,5.981101989746094,5.981101989746094,5.981101989746094,5.981101989746094,484512,0.0,0.0
2020-09-23 00:00:00+08:00,6.576876163482666,6.576876163482666,6.238102912902832,6.576876163482666,1395327,0.0,0.0
2020-09-24 00:00:00+08:00,7.114241123199463,7.114241123199463,6.238102912902832,6.425012111663818,783266,0.0,0.0
2020-09-25 00:00:00+08:00,5.957738876342773,6.191376209259033,5.782511234283447,5.782511234283447,502489,0.0,0.0
2020-09-28 00:00:00+08:00,5.373647212982178,5.432055950164795,5.210101127624512,5.210101127624512,405757,0.0,0.0
2020-09-29 00:00:00+08:00,5.338601112365723,5.338601112365723,5.023190975189209,5.140009880065918,141244,0.0,0.0
2020-09-30 00:00:00+08:00,5.583920001983643,5.583920001983643,5.034873008728027,5.49046516418457,204591,0.0,0.0
2020-10-05 00:00:00+08:00,5.373647212982178,5.373647212982178,4.9414191246032715,5.116645812988281,87314,0.0,0.0
2020-10-06 00:00:00+08:00,5.140009880065918,5.478783130645752,5.093282222747803,5.478783130645752,45369,0.0,0.0
2020-10-07 00:00:00+08:00,5.724102020263672,5.724102020263672,5.478783130645752,5.502147197723389,89883,0.0,0.0
2020-10-08 00:00:00+08:00,5.502147197723389,5.7124199867248535,5.478783130645752,5.6656928062438965,89883,0.0,0.0
2020-10-12 00:00:00+08:00,5.899330139160156,5.899330139160156,5.8409199714660645,5.8409199714660645,35953,0.0,0.0
2020-10-13 00:00:00+08:00,5.8409199714660645,5.8409199714660645,5.572237968444824,5.583920001983643,69338,0.0,0.0
2020-10-14 00:00:00+08:00,5.782511234283447,5.934374809265137,5.607284069061279,5.8409199714660645,76186,0.0,0.0
2020-10-15 00:00:00+08:00,6.027830123901367,6.027830123901367,5.5488739013671875,5.8409199714660645,11128,0.0,0.0
2020-10-16 00:00:00+08:00,5.817556858062744,5.957738876342773,5.373647212982178,5.899330139160156,155797,0.0,0.0
2020-10-19 00:00:00+08:00,5.817556858062744,5.899330139160156,5.6656928062438965,5.677374839782715,107859,0.0,0.0
2020-10-20 00:00:00+08:00,5.8292388916015625,5.8292388916015625,5.607284069061279,5.607284069061279,2568,0.0,0.0
2020-10-21 00:00:00+08:00,5.607284069061279,5.8409199714660645,5.2568278312683105,5.73578405380249,110427,0.0,0.0
2020-10-22 00:00:00+08:00,5.432055950164795,5.8409199714660645,5.432055950164795,5.537191867828369,279921,0.0,0.0
2020-10-23 00:00:00+08:00,5.724102020263672,5.981101989746094,5.303555965423584,5.49046516418457,150661,0.0,0.0
2020-10-26 00:00:00+08:00,5.49046516418457,5.49046516418457,5.49046516418457,5.49046516418457,40233,0.0,0.0
2020-10-27 00:00:00+08:00,5.303555965423584,5.5488739013671875,5.280191898345947,5.5488739013671875,16264,0.0,0.0
2020-10-28 00:00:00+08:00,5.502147197723389,5.537191867828369,5.373647212982178,5.537191867828369,14552,0.0,0.0
2020-10-29 00:00:00+08:00,5.49046516418457,5.537191867828369,5.280191898345947,5.537191867828369,50505,0.0,0.0
2020-10-30 00:00:00+08:00,5.537191867828369,5.595602035522461,5.537191867828369,5.5488739013671875,1238674,0.0,0.0
2020-11-02 00:00:00+08:00,5.5488739013671875,5.6306471824646,5.326919078826904,5.5488739013671875,64202,0.0,0.0
2020-11-03 00:00:00+08:00,5.607284069061279,5.607284069061279,5.537191867828369,5.537191867828369,130972,0.0,0.0
2020-11-04 00:00:00+08:00,5.537191867828369,5.607284069061279,5.420373916625977,5.420373916625977,890270,0.0,0.0
2020-11-05 00:00:00+08:00,5.583920001983643,5.595602035522461,5.315237045288086,5.39700984954834,12840,0.0,0.0
2020-11-06 00:00:00+08:00,5.7124199867248535,5.7124199867248535,5.350283145904541,5.49046516418457,128404,0.0,0.0
2020-11-09 00:00:00+08:00,5.326919078826904,5.607284069061279,5.326919078826904,5.607284069061279,28248,0.0,0.0
2020-11-10 00:00:00+08:00,5.817556858062744,5.817556858062744,5.525510787963867,5.525510787963867,6848,0.0,0.0
2020-11-11 00:00:00+08:00,5.817556858062744,5.817556858062744,5.5488739013671875,5.724102020263672,16264,0.0,0.0
2020-11-12 00:00:00+08:00,5.724102020263672,5.724102020263672,5.5488739013671875,5.5488739013671875,10272,0.0,0.0
2020-11-13 00:00:00+08:00,5.607284069061279,5.607284069061279,5.385328769683838,5.49046516418457,46225,0.0,0.0
2020-11-16 00:00:00+08:00,5.560555934906006,5.607284069061279,5.49046516418457,5.572237968444824,107003,0.0,0.0
2020-11-17 00:00:00+08:00,5.560555934906006,6.074556827545166,5.560555934906006,5.817556858062744,72762,0.0,0.0
2020-11-18 00:00:00+08:00,5.946056842803955,5.946056842803955,5.6656928062438965,5.689055919647217,54785,0.0,0.0
2020-11-19 00:00:00+08:00,5.805874824523926,5.8409199714660645,5.642329216003418,5.700737953186035,112995,0.0,0.0
2020-11-20 00:00:00+08:00,5.689055919647217,5.689055919647217,5.432055950164795,5.443737983703613,31673,0.0,0.0
2020-11-23 00:00:00+08:00,5.595602035522461,5.642329216003418,5.49046516418457,5.49046516418457,8560,0.0,0.0
2020-11-24 00:00:00+08:00,5.513829231262207,5.5488739013671875,5.478783130645752,5.525510787963867,27392,0.0,0.0
2020-11-25 00:00:00+08:00,5.595602035522461,5.595602035522461,5.502147197723389,5.525510787963867,18832,0.0,0.0
2020-11-26 00:00:00+08:00,5.525510787963867,5.537191867828369,5.513829231262207,5.537191867828369,12840,0.0,0.0
2020-11-27 00:00:00+08:00,5.595602035522461,5.8292388916015625,5.595602035522461,5.7124199867248535,88171,0.0,0.0
2020-11-30 00:00:00+08:00,5.6656928062438965,5.817556858062744,5.6656928062438965,5.782511234283447,60778,0.0,0.0
2020-12-01 00:00:00+08:00,5.8409199714660645,5.8409199714660645,5.502147197723389,5.6656928062438965,27392,0.0,0.0
2020-12-02 00:00:00+08:00,5.7124199867248535,6.226420879364014,5.607284069061279,6.0511932373046875,317586,0.0,0.0
2020-12-03 00:00:00+08:00,6.0511932373046875,6.646966934204102,6.0395121574401855,6.425012111663818,874006,0.0,0.0
2020-12-04 00:00:00+08:00,7.009105205535889,7.0558319091796875,6.833877086639404,6.985741138458252,1180464,0.0,0.0
2020-12-07 00:00:00+08:00,7.044149875640869,7.184331893920898,6.950695037841797,7.067513942718506,686535,0.0,0.0
2020-12-08 00:00:00+08:00,6.950695037841797,7.231060028076172,6.950695037841797,7.020785808563232,754161,0.0,0.0
2020-12-09 00:00:00+08:00,7.020785808563232,7.184331893920898,7.009105205535889,7.020785808563232,326147,0.0,0.0
2020-12-10 00:00:00+08:00,7.020785808563232,7.184331893920898,6.845559120178223,6.845559120178223,281633,0.0,0.0
2020-12-11 00:00:00+08:00,6.728740215301514,6.833877086639404,6.65864896774292,6.682013034820557,177198,0.0,0.0
2020-12-14 00:00:00+08:00,6.682013034820557,7.2193779945373535,6.682013034820557,7.1376051902771,290193,0.0,0.0
2020-12-15 00:00:00+08:00,7.1376051902771,7.301150798797607,7.1376051902771,7.231060028076172,214007,0.0,0.0
2020-12-16 00:00:00+08:00,7.242741107940674,7.277787208557129,7.125923156738281,7.242741107940674,163501,0.0,0.0
2020-12-17 00:00:00+08:00,7.231060028076172,7.242741107940674,7.009105205535889,7.242741107940674,151517,0.0,0.0
2020-12-18 00:00:00+08:00,7.2193779945373535,7.242741107940674,7.125923156738281,7.2193779945373535,57353,0.0,0.0
2020-12-21 00:00:00+08:00,7.207695960998535,7.2193779945373535,7.009105205535889,7.1376051902771,112995,0.0,0.0
2020-12-22 00:00:00+08:00,6.600240230560303,7.079195976257324,6.425012111663818,6.425012111663818,470816,0.0,0.0
2020-12-23 00:00:00+08:00,6.1212849617004395,7.009105205535889,6.1212849617004395,6.845559120178223,79610,0.0,0.0
2020-12-24 00:00:00+08:00,6.985741138458252,7.079195976257324,6.8922858238220215,6.974059104919434,138676,0.0,0.0
2020-12-25 00:00:00+08:00,7.114241123199463,7.114241123199463,6.553513050079346,7.009105205535889,57353,0.0,0.0
2020-12-28 00:00:00+08:00,7.114241123199463,7.114241123199463,6.8922858238220215,6.962377071380615,54785,0.0,0.0
2020-12-29 00:00:00+08:00,7.009105205535889,7.067513942718506,6.950695037841797,6.99742317199707,88171,0.0,0.0
2020-12-30 00:00:00+08:00,6.99742317199707,7.032467842102051,6.8922858238220215,7.032467842102051,82178,0.0,0.0
2020-12-31 00:00:00+08:00,7.17264986038208,7.17264986038208,6.950695037841797,6.99742317199707,65914,0.0,0.0
2021-01-04 00:00:00+08:00,7.114241123199463,7.231060028076172,6.915649890899658,7.1025590896606445,153229,0.0,0.0
2021-01-05 00:00:00+08:00,7.0558319091796875,7.1025590896606445,6.845559120178223,7.1025590896606445,81322,0.0,0.0
2021-01-06 00:00:00+08:00,7.009105205535889,7.009105205535889,6.845559120178223,6.915649890899658,89027,0.0,0.0
2021-01-07 00:00:00+08:00,7.301150798797607,7.301150798797607,6.950695037841797,7.032467842102051,206303,0.0,0.0
2021-01-08 00:00:00+08:00,7.009105205535889,7.090877056121826,6.8922858238220215,7.009105205535889,67626,0.0,0.0
2021-01-11 00:00:00+08:00,7.009105205535889,7.067513942718506,6.950695037841797,7.067513942718506,78754,0.0,0.0
2021-01-12 00:00:00+08:00,6.728740215301514,7.044149875640869,6.728740215301514,7.044149875640869,47937,0.0,0.0
2021-01-13 00:00:00+08:00,7.044149875640869,7.067513942718506,6.985741138458252,6.99742317199707,171205,0.0,0.0
2021-01-14 00:00:00+08:00,6.99742317199707,7.020785808563232,6.950695037841797,6.950695037841797,66770,0.0,0.0
2021-01-15 00:00:00+08:00,6.775467872619629,7.009105205535889,6.775467872619629,6.833877086639404,95875,0.0,0.0
2021-01-18 00:00:00+08:00,6.833877086639404,6.962377071380615,6.425012111663818,6.425012111663818,55641,0.0,0.0
2021-01-19 00:00:00+08:00,6.857241153717041,6.857241153717041,6.600240230560303,6.623603820800781,90739,0.0,0.0
2021-01-20 00:00:00+08:00,6.65864896774292,6.717058181762695,6.319876194000244,6.717058181762695,55641,0.0,0.0
2021-01-21 00:00:00+08:00,6.705377101898193,6.705377101898193,6.214738845825195,6.308194160461426,85602,0.0,0.0
2021-01-22 00:00:00+08:00,5.899330139160156,6.460058212280273,5.899330139160156,6.425012111663818,103579,0.0,0.0
2021-01-25 00:00:00+08:00,6.600240230560303,6.728740215301514,6.436694145202637,6.436694145202637,37665,0.0,0.0
2021-01-26 00:00:00+08:00,6.646966934204102,6.868922233581543,6.495102882385254,6.495102882385254,8560,0.0,0.0
2021-01-27 00:00:00+08:00,6.600240230560303,6.752103805541992,6.495102882385254,6.495102882385254,68482,0.0,0.0
2021-01-28 00:00:00+08:00,6.6352858543396,6.6352858543396,6.425012111663818,6.541831016540527,20544,0.0,0.0
2021-01-29 00:00:00+08:00,6.541831016540527,6.646966934204102,6.425012111663818,6.425012111663818,41945,0.0,0.0
2021-02-01 00:00:00+08:00,6.962377071380615,7.067513942718506,6.950695037841797,7.067513942718506,808091,0.0,0.0
2021-02-02 00:00:00+08:00,6.857241153717041,7.593196868896484,6.717058181762695,7.593196868896484,307314,0.0,0.0
2021-02-03 00:00:00+08:00,7.8268327713012695,8.002060890197754,7.534787178039551,7.593196868896484,366380,0.0,0.0
2021-02-04 00:00:00+08:00,7.593196868896484,8.165607452392578,7.593196868896484,7.593196868896484,172061,0.0,0.0
2021-02-05 00:00:00+08:00,7.710014820098877,7.8268327713012695,7.534787178039551,7.593196868896484,181478,0.0,0.0
2021-02-17 00:00:00+08:00,7.8268327713012695,7.8268327713012695,7.534787178039551,7.593196868896484,189182,0.0,0.0
2021-02-18 00:00:00+08:00,7.710014820098877,7.710014820098877,7.476377964019775,7.534787178039551,122412,0.0,0.0
2021-02-19 00:00:00+08:00,7.254423141479492,7.534787178039551,7.254423141479492,7.417969226837158,47081,0.0,0.0
2021-02-22 00:00:00+08:00,7.417969226837158,7.488059997558594,7.254423141479492,7.324513912200928,183190,0.0,0.0
2021-02-23 00:00:00+08:00,7.382923126220703,7.453013896942139,7.371242046356201,7.453013896942139,231983,0.0,0.0
2021-02-24 00:00:00+08:00,7.453013896942139,7.476377964019775,7.196013927459717,7.301150798797607,145524,0.0,0.0
2021-02-25 00:00:00+08:00,7.336195945739746,7.336195945739746,7.231060028076172,7.231060028076172,58209,0.0,0.0
2021-02-26 00:00:00+08:00,7.125923156738281,7.2193779945373535,7.009105205535889,7.125923156738281,110427,0.0,0.0
2021-03-02 00:00:00+08:00,7.324513912200928,7.324513912200928,6.99742317199707,7.125923156738281,71906,0.0,0.0
2021-03-03 00:00:00+08:00,7.125923156738281,7.125923156738281,6.775467872619629,6.845559120178223,192606,0.0,0.0
2021-03-04 00:00:00+08:00,6.775467872619629,7.020785808563232,6.775467872619629,6.775467872619629,145524,0.0,0.0
2021-03-05 00:00:00+08:00,6.775467872619629,6.950695037841797,6.775467872619629,6.927331924438477,84746,0.0,0.0
2021-03-08 00:00:00+08:00,7.009105205535889,7.067513942718506,6.8922858238220215,6.8922858238220215,83890,0.0,0.0
2021-03-09 00:00:00+08:00,6.880603790283203,6.9390130043029785,6.576876163482666,6.9390130043029785,59066,0.0,0.0
2021-03-10 00:00:00+08:00,6.8922858238220215,7.009105205535889,6.868922233581543,6.974059104919434,60778,0.0,0.0
2021-03-11 00:00:00+08:00,6.8922858238220215,6.950695037841797,6.717058181762695,6.775467872619629,60778,0.0,0.0
2021-03-12 00:00:00+08:00,6.787149906158447,6.90396785736084,6.775467872619629,6.8922858238220215,54785,0.0,0.0
2021-03-15 00:00:00+08:00,6.670331001281738,6.752103805541992,6.611921787261963,6.611921787261963,102723,0.0,0.0
2021-03-16 00:00:00+08:00,6.623603820800781,6.798830986022949,6.576876163482666,6.682013034820557,109571,0.0,0.0
2021-03-17 00:00:00+08:00,6.553513050079346,6.600240230560303,6.296512126922607,6.343239784240723,63346,0.0,0.0
2021-03-18 00:00:00+08:00,6.460058212280273,6.880603790283203,6.460058212280273,6.7637858390808105,90739,0.0,0.0
2021-03-19 00:00:00+08:00,6.483421802520752,6.787149906158447,6.483421802520752,6.787149906158447,16264,0.0,0.0
2021-03-22 00:00:00+08:00,6.6352858543396,6.728740215301514,6.623603820800781,6.623603820800781,34241,0.0,0.0
2021-03-23 00:00:00+08:00,6.880603790283203,6.880603790283203,6.623603820800781,6.728740215301514,83890,0.0,0.0
2021-03-24 00:00:00+08:00,6.65864896774292,6.65864896774292,6.483421802520752,6.65864896774292,45369,0.0,0.0
2021-03-25 00:00:00+08:00,6.822195053100586,6.822195053100586,6.65864896774292,6.705377101898193,64202,0.0,0.0
2021-03-26 00:00:00+08:00,6.7637858390808105,6.880603790283203,6.682013034820557,6.682013034820557,48793,0.0,0.0
2021-03-29 00:00:00+08:00,6.483421802520752,6.7637858390808105,6.483421802520752,6.576876163482666,32529,0.0,0.0
2021-03-30 00:00:00+08:00,6.600240230560303,6.600240230560303,6.448376178741455,6.448376178741455,76186,0.0,0.0
2021-03-31 00:00:00+08:00,6.460058212280273,6.7637858390808105,6.460058212280273,6.553513050079346,17976,0.0,0.0
2021-04-01 00:00:00+08:00,6.425012111663818,6.553513050079346,6.425012111663818,6.495102882385254,63346,0.0,0.0
2021-04-07 00:00:00+08:00,6.308194160461426,6.425012111663818,6.214738845825195,6.425012111663818,116419,0.0,0.0
2021-04-08 00:00:00+08:00,6.471739768981934,6.717058181762695,6.471739768981934,6.541831016540527,280777,0.0,0.0
2021-04-09 00:00:00+08:00,6.810513019561768,6.8922858238220215,6.565195083618164,6.588558197021484,236264,0.0,0.0
2021-04-12 00:00:00+08:00,6.65864896774292,7.067513942718506,6.65864896774292,7.032467842102051,328715,0.0,0.0
2021-04-13 00:00:00+08:00,7.17264986038208,7.17264986038208,6.833877086639404,6.962377071380615,194318,0.0,0.0
2021-04-14 00:00:00+08:00,7.009105205535889,7.359560012817383,6.833877086639404,7.312831878662109,924511,0.0,0.0
2021-04-15 00:00:00+08:00,7.476377964019775,7.476377964019775,7.032467842102051,7.067513942718506,280777,0.0,0.0
2021-04-16 00:00:00+08:00,7.009105205535889,7.184331893920898,7.009105205535889,7.009105205535889,227703,0.0,0.0
2021-04-19 00:00:00+08:00,6.8922858238220215,7.009105205535889,6.8922858238220215,7.009105205535889,54785,0.0,0.0
2021-04-20 00:00:00+08:00,7.009105205535889,7.009105205535889,6.950695037841797,6.950695037841797,71906,0.0,0.0
2021-04-21 00:00:00+08:00,6.962377071380615,7.125923156738281,6.845559120178223,7.1025590896606445,167781,0.0,0.0
2021-04-22 00:00:00+08:00,7.009105205535889,7.090877056121826,6.845559120178223,6.845559120178223,233696,0.0,0.0
2021-04-23 00:00:00+08:00,7.009105205535889,7.009105205535889,6.845559120178223,7.009105205535889,69338,0.0,0.0
2021-04-26 00:00:00+08:00,6.985741138458252,7.009105205535889,6.985741138458252,6.985741138458252,269649,0.0,0.0
2021-04-27 00:00:00+08:00,6.985741138458252,6.985741138458252,6.8922858238220215,6.90396785736084,56497,0.0,0.0
2021-04-28 00:00:00+08:00,6.90396785736084,7.1025590896606445,6.822195053100586,6.845559120178223,126692,0.0,0.0
2021-04-29 00:00:00+08:00,6.670331001281738,7.032467842102051,6.65864896774292,6.8922858238220215,108715,0.0,0.0
2021-05-03 00:00:00+08:00,7.009105205535889,7.067513942718506,6.798830986022949,6.8922858238220215,276497,0.0,0.0
2021-05-04 00:00:00+08:00,6.8922858238220215,6.99742317199707,6.787149906158447,6.868922233581543,162645,0.0,0.0
2021-05-05 00:00:00+08:00,6.927331924438477,7.067513942718506,6.927331924438477,6.974059104919434,75330,0.0,0.0
2021-05-06 00:00:00+08:00,6.915649890899658,6.962377071380615,6.845559120178223,6.962377071380615,26536,0.0,0.0
2021-05-07 00:00:00+08:00,7.009105205535889,7.009105205535889,6.845559120178223,6.845559120178223,109571,0.0,0.0
2021-05-10 00:00:00+08:00,6.798830986022949,6.985741138458252,6.798830986022949,6.833877086639404,60778,0.0,0.0
2021-05-11 00:00:00+08:00,6.775467872619629,6.880603790283203,6.682013034820557,6.775467872619629,171205,0.0,0.0
2021-05-12 00:00:00+08:00,6.717058181762695,6.717058181762695,6.308194160461426,6.308194160461426,87314,0.0,0.0
2021-05-13 00:00:00+08:00,5.7591471672058105,6.845559120178223,5.7591471672058105,6.7637858390808105,124124,0.0,0.0
2021-05-14 00:00:00+08:00,6.7637858390808105,6.787149906158447,6.425012111663818,6.787149906158447,35097,0.0,0.0
2021-05-17 00:00:00+08:00,6.226420879364014,6.24978494644165,6.109602928161621,6.109602928161621,35097,0.0,0.0
2021-05-18 00:00:00+08:00,6.062874794006348,6.506784915924072,6.062874794006348,6.319876194000244,57353,0.0,0.0
2021-05-19 00:00:00+08:00,6.308194160461426,6.425012111663818,6.097920894622803,6.425012111663818,70194,0.0,0.0
2021-05-20 00:00:00+08:00,5.992784023284912,6.191376209259033,5.992784023284912,6.109602928161621,22256,0.0,0.0
2021-05-21 00:00:00+08:00,6.132966041564941,6.273148059844971,6.062874794006348,6.062874794006348,33385,0.0,0.0
2021-05-24 00:00:00+08:00,6.0511932373046875,6.0511932373046875,6.0511932373046875,6.0511932373046875,856,0.0,0.0
2021-05-25 00:00:00+08:00,6.027830123901367,6.518466949462891,5.981101989746094,6.413331031799316,41089,0.0,0.0
2021-05-26 00:00:00+08:00,6.191376209259033,6.191376209259033,6.191376209259033,6.191376209259033,26536,0.0,0.0
2021-05-27 00:00:00+08:00,6.366602897644043,6.366602897644043,6.191376209259033,6.191376209259033,1712,0.0,0.0
2021-05-28 00:00:00+08:00,6.191376209259033,6.191376209259033,6.179694175720215,6.191376209259033,12840,0.0,0.0
2021-05-31 00:00:00+08:00,6.097920894622803,6.24978494644165,5.934374809265137,6.24978494644165,45369,0.0,0.0
2021-06-01 00:00:00+08:00,6.214738845825195,6.226420879364014,6.062874794006348,6.062874794006348,20544,0.0,0.0
2021-06-02 00:00:00+08:00,6.0395121574401855,6.0395121574401855,5.946056842803955,6.0044660568237305,30817,0.0,0.0
2021-06-03 00:00:00+08:00,6.016148090362549,6.600240230560303,5.981101989746094,6.24978494644165,62490,0.0,0.0
2021-06-04 00:00:00+08:00,6.24978494644165,6.541831016540527,6.24978494644165,6.401648998260498,18832,0.0,0.0
2021-06-07 00:00:00+08:00,6.950695037841797,6.950695037841797,6.3315582275390625,6.3315582275390625,60778,0.0,0.0
2021-06-08 00:00:00+08:00,6.191376209259033,6.319876194000244,6.132966041564941,6.132966041564941,49649,0.0,0.0
2021-06-09 00:00:00+08:00,6.191376209259033,6.191376209259033,6.132966041564941,6.132966041564941,11128,0.0,0.0
2021-06-10 00:00:00+08:00,6.097920894622803,6.483421802520752,6.097920894622803,6.132966041564941,46225,0.0,0.0
2021-06-11 00:00:00+08:00,6.132966041564941,6.541831016540527,6.074556827545166,6.366602897644043,76186,0.0,0.0
2021-06-15 00:00:00+08:00,6.413331031799316,6.413331031799316,6.226420879364014,6.366602897644043,36809,0.0,0.0
2021-06-16 00:00:00+08:00,6.425012111663818,6.425012111663818,6.191376209259033,6.214738845825195,19688,0.0,0.0
2021-06-17 00:00:00+08:00,6.016148090362549,6.693695068359375,6.016148090362549,6.308194160461426,43657,0.0,0.0
2021-06-18 00:00:00+08:00,6.308194160461426,6.308194160461426,5.992784023284912,6.109602928161621,22256,0.0,0.0
2021-06-21 00:00:00+08:00,6.016148090362549,6.016148090362549,5.8409199714660645,5.911011219024658,76186,0.0,0.0
2021-06-22 00:00:00+08:00,5.946056842803955,6.179694175720215,5.8409199714660645,5.934374809265137,59066,0.0,0.0
2021-06-23 00:00:00+08:00,5.934374809265137,6.448376178741455,5.8409199714660645,6.425012111663818,227703,0.0,0.0
2021-06-24 00:00:00+08:00,6.24978494644165,6.425012111663818,6.074556827545166,6.1212849617004395,31673,0.0,0.0
2021-06-25 00:00:00+08:00,6.24978494644165,6.24978494644165,6.027830123901367,6.074556827545166,59922,0.0,0.0
2021-06-28 00:00:00+08:00,5.946056842803955,6.074556827545166,5.8759660720825195,6.062874794006348,171205,0.0,0.0
2021-06-29 00:00:00+08:00,5.946056842803955,6.062874794006348,5.946056842803955,6.0511932373046875,88171,0.0,0.0
2021-06-30 00:00:00+08:00,6.191376209259033,6.191376209259033,6.0395121574401855,6.14464807510376,38521,0.0,0.0
2021-07-01 00:00:00+08:00,6.132966041564941,6.132966041564941,6.0511932373046875,6.0511932373046875,17976,0.0,0.0
2021-07-02 00:00:00+08:00,6.0511932373046875,6.425012111663818,6.0511932373046875,6.38996696472168,103579,0.0,0.0
2021-07-05 00:00:00+08:00,6.600240230560303,6.868922233581543,6.366602897644043,6.588558197021484,249104,0.0,0.0
2021-07-06 00:00:00+08:00,6.541831016540527,6.65864896774292,6.343239784240723,6.600240230560303,49649,0.0,0.0
2021-07-07 00:00:00+08:00,6.565195083618164,6.728740215301514,6.3315582275390625,6.425012111663818,153229,0.0,0.0
2021-07-08 00:00:00+08:00,6.541831016540527,6.541831016540527,6.425012111663818,6.541831016540527,16264,0.0,0.0
2021-07-09 00:00:00+08:00,6.319876194000244,6.530148983001709,6.319876194000244,6.530148983001709,35097,0.0,0.0
2021-07-12 00:00:00+08:00,6.425012111663818,6.436694145202637,6.191376209259033,6.436694145202637,68482,0.0,0.0
2021-07-13 00:00:00+08:00,6.24978494644165,6.401648998260498,6.24978494644165,6.401648998260498,29961,0.0,0.0
2021-07-14 00:00:00+08:00,6.401648998260498,6.413331031799316,6.401648998260498,6.413331031799316,13696,0.0,0.0
2021-07-15 00:00:00+08:00,6.273148059844971,6.378284931182861,6.226420879364014,6.366602897644043,170349,0.0,0.0
2021-07-16 00:00:00+08:00,6.366602897644043,6.366602897644043,6.24978494644165,6.354920864105225,30817,0.0,0.0
2021-07-19 00:00:00+08:00,6.354920864105225,6.354920864105225,6.226420879364014,6.261466979980469,89883,0.0,0.0
2021-07-20 00:00:00+08:00,6.752103805541992,6.752103805541992,6.203056812286377,6.24978494644165,68482,0.0,0.0
2021-07-21 00:00:00+08:00,6.284830093383789,6.3315582275390625,6.191376209259033,6.3315582275390625,139532,0.0,0.0
2021-07-22 00:00:00+08:00,6.238102912902832,6.308194160461426,6.238102912902832,6.308194160461426,58209,0.0,0.0
2021-07-23 00:00:00+08:00,6.38996696472168,6.506784915924072,6.308194160461426,6.506784915924072,68482,0.0,0.0
2021-07-26 00:00:00+08:00,6.506784915924072,6.565195083618164,6.308194160461426,6.354920864105225,132684,0.0,0.0
2021-07-27 00:00:00+08:00,6.354920864105225,6.366602897644043,6.319876194000244,6.319876194000244,92451,0.0,0.0
2021-07-28 00:00:00+08:00,6.319876194000244,6.413331031799316,6.238102912902832,6.413331031799316,17976,0.0,0.0
2021-07-29 00:00:00+08:00,6.284830093383789,6.541831016540527,6.24978494644165,6.495102882385254,162645,0.0,0.0
2021-07-30 00:00:00+08:00,6.495102882385254,6.495102882385254,6.343239784240723,6.436694145202637,79610,0.0,0.0
2021-08-02 00:00:00+08:00,6.425012111663818,6.530148983001709,6.308194160461426,6.518466949462891,59066,0.0,0.0
2021-08-03 00:00:00+08:00,6.646966934204102,6.646966934204102,6.413331031799316,6.600240230560303,58209,0.0,0.0
2021-08-04 00:00:00+08:00,6.588558197021484,6.588558197021484,6.354920864105225,6.354920864105225,38521,0.0,0.0
2021-08-05 00:00:00+08:00,6.366602897644043,6.413331031799316,6.366602897644043,6.413331031799316,19688,0.0,0.0
2021-08-06 00:00:00+08:00,6.425012111663818,6.717058181762695,6.413331031799316,6.611921787261963,233696,0.0,0.0
2021-08-09 00:00:00+08:00,6.436694145202637,6.600240230560303,6.425012111663818,6.483421802520752,46225,0.0,0.0
2021-08-10 00:00:00+08:00,6.425012111663818,6.65864896774292,6.401648998260498,6.518466949462891,63346,0.0,0.0
2021-08-11 00:00:00+08:00,6.483421802520752,6.518466949462891,6.425012111663818,6.425012111663818,74474,0.0,0.0
2021-08-12 00:00:00+08:00,6.425012111663818,6.717058181762695,6.378284931182861,6.646966934204102,70194,0.0,0.0
2021-08-13 00:00:00+08:00,7.067513942718506,7.301150798797607,6.717058181762695,7.301150798797607,1174472,0.0,0.0
2021-08-16 00:00:00+08:00,7.8268327713012695,7.9202880859375,7.312831878662109,7.593196868896484,1104277,0.0,0.0
2021-08-17 00:00:00+08:00,7.593196868896484,7.593196868896484,7.593196868896484,7.593196868896484,0,0.0,0.0
2021-08-18 00:00:00+08:00,7.359560012817383,7.359560012817383,6.9390130043029785,7.359560012817383,134396,0.0,0.0
2021-08-19 00:00:00+08:00,7.336195945739746,7.336195945739746,7.067513942718506,7.242741107940674,338987,0.0,0.0
2021-08-20 00:00:00+08:00,7.242741107940674,7.289468765258789,7.125923156738281,7.277787208557129,61634,0.0,0.0
2021-08-23 00:00:00+08:00,7.184331893920898,7.534787178039551,7.184331893920898,7.301150798797607,62490,0.0,0.0
2021-08-24 00:00:00+08:00,7.160967826843262,7.301150798797607,7.149287223815918,7.2193779945373535,67626,0.0,0.0
2021-08-25 00:00:00+08:00,7.301150798797607,7.3478779792785645,7.254423141479492,7.289468765258789,94163,0.0,0.0
2021-08-26 00:00:00+08:00,7.359560012817383,7.359560012817383,7.0558319091796875,7.289468765258789,38521,0.0,0.0
2021-08-27 00:00:00+08:00,7.2193779945373535,7.289468765258789,7.2193779945373535,7.289468765258789,63346,0.0,0.0
2021-08-30 00:00:00+08:00,7.289468765258789,7.289468765258789,7.277787208557129,7.289468765258789,75330,0.0,0.0
2021-08-31 00:00:00+08:00,7.289468765258789,7.359560012817383,7.2193779945373535,7.301150798797607,86458,0.0,0.0
2021-09-01 00:00:00+08:00,7.289468765258789,7.359560012817383,7.2661051750183105,7.289468765258789,149805,0.0,0.0
2021-09-02 00:00:00+08:00,7.277787208557129,7.3478779792785645,7.090877056121826,7.242741107940674,131828,0.0,0.0
2021-09-03 00:00:00+08:00,7.324513912200928,7.324513912200928,7.242741107940674,7.301150798797607,4280,0.0,0.0
2021-09-06 00:00:00+08:00,7.289468765258789,7.301150798797607,7.254423141479492,7.2661051750183105,27392,0.0,0.0
2021-09-07 00:00:00+08:00,7.1376051902771,7.289468765258789,7.020785808563232,7.289468765258789,59922,0.0,0.0
2021-09-08 00:00:00+08:00,7.289468765258789,7.289468765258789,7.2193779945373535,7.289468765258789,45369,0.0,0.0
2021-09-09 00:00:00+08:00,7.336195945739746,7.336195945739746,7.289468765258789,7.289468765258789,46225,0.0,0.0
2021-09-10 00:00:00+08:00,7.277787208557129,7.289468765258789,7.242741107940674,7.289468765258789,75330,0.0,0.0
2021-09-13 00:00:00+08:00,7.0558319091796875,7.242741107940674,7.0558319091796875,7.2193779945373535,62490,0.0,0.0
2021-09-14 00:00:00+08:00,7.289468765258789,7.301150798797607,7.2193779945373535,7.242741107940674,112139,0.0,0.0
2021-09-15 00:00:00+08:00,7.196013927459717,7.2193779945373535,7.067513942718506,7.125923156738281,96731,0.0,0.0
2021-09-16 00:00:00+08:00,7.1376051902771,7.196013927459717,7.125923156738281,7.1376051902771,74474,0.0,0.0
2021-09-17 00:00:00+08:00,7.196013927459717,7.534787178039551,7.1025590896606445,7.499742031097412,322723,0.0,0.0
2021-09-22 00:00:00+08:00,7.067513942718506,7.488059997558594,7.067513942718506,7.488059997558594,62490,0.0,0.0
2021-09-23 00:00:00+08:00,7.441332817077637,7.453013896942139,7.359560012817383,7.417969226837158,84746,0.0,0.0
2021-09-24 00:00:00+08:00,7.429650783538818,7.476377964019775,7.242741107940674,7.3946051597595215,113851,0.0,0.0
2021-09-27 00:00:00+08:00,7.277787208557129,7.40628719329834,7.2661051750183105,7.3946051597595215,45369,0.0,0.0
2021-09-28 00:00:00+08:00,7.277787208557129,7.301150798797607,7.242741107940674,7.301150798797607,37665,0.0,0.0
2021-09-29 00:00:00+08:00,7.254423141479492,7.301150798797607,7.17264986038208,7.17264986038208,48793,0.0,0.0
2021-09-30 00:00:00+08:00,7.242741107940674,7.242741107940674,7.207695960998535,7.242741107940674,50505,0.0,0.0
2021-10-01 00:00:00+08:00,7.359560012817383,7.359560012817383,7.184331893920898,7.3478779792785645,41945,0.0,0.0
2021-10-04 00:00:00+08:00,7.301150798797607,7.301150798797607,6.927331924438477,7.184331893920898,161789,0.0,0.0
2021-10-05 00:00:00+08:00,7.125923156738281,7.184331893920898,7.125923156738281,7.184331893920898,25680,0.0,0.0
2021-10-06 00:00:00+08:00,7.125923156738281,7.301150798797607,7.090877056121826,7.301150798797607,11128,0.0,0.0
2021-10-07 00:00:00+08:00,7.417969226837158,8.002060890197754,7.336195945739746,7.698332786560059,176342,0.0,0.0
2021-10-08 00:00:00+08:00,7.67496919631958,7.943652153015137,7.593196868896484,7.710014820098877,37665,0.0,0.0
2021-10-12 00:00:00+08:00,7.710014820098877,7.710014820098877,7.593196868896484,7.698332786560059,55641,0.0,0.0
2021-10-13 00:00:00+08:00,7.476377964019775,7.686651229858398,7.254423141479492,7.593196868896484,29961,0.0,0.0
2021-10-14 00:00:00+08:00,7.464695930480957,7.534787178039551,7.301150798797607,7.534787178039551,44513,0.0,0.0
2021-10-15 00:00:00+08:00,7.359560012817383,7.534787178039551,7.359560012817383,7.3946051597595215,33385,0.0,0.0
2021-10-18 00:00:00+08:00,7.382923126220703,7.476377964019775,7.371242046356201,7.476377964019775,54785,0.0,0.0
2021-10-19 00:00:00+08:00,7.546469211578369,7.581514835357666,7.476377964019775,7.488059997558594,40233,0.0,0.0
2021-10-20 00:00:00+08:00,7.885242938995361,7.885242938995361,7.429650783538818,7.488059997558594,17120,0.0,0.0
2021-10-21 00:00:00+08:00,7.9903788566589355,7.9903788566589355,7.534787178039551,7.593196868896484,17976,0.0,0.0
2021-10-22 00:00:00+08:00,7.593196868896484,7.639924049377441,7.441332817077637,7.534787178039551,34241,0.0,0.0
2021-10-25 00:00:00+08:00,7.417969226837158,7.499742031097412,7.371242046356201,7.417969226837158,65914,0.0,0.0
2021-10-26 00:00:00+08:00,7.417969226837158,7.464695930480957,7.359560012817383,7.429650783538818,47081,0.0,0.0
2021-10-27 00:00:00+08:00,7.417969226837158,7.476377964019775,7.242741107940674,7.476377964019775,92451,0.0,0.0
2021-10-28 00:00:00+08:00,7.476377964019775,7.488059997558594,7.417969226837158,7.417969226837158,37665,0.0,0.0
2021-10-29 00:00:00+08:00,7.371242046356201,7.453013896942139,7.301150798797607,7.429650783538818,89883,0.0,0.0
2021-11-01 00:00:00+08:00,7.359560012817383,7.417969226837158,7.184331893920898,7.2193779945373535,142956,0.0,0.0
2021-11-02 00:00:00+08:00,7.2193779945373535,7.312831878662109,7.114241123199463,7.207695960998535,33385,0.0,0.0
2021-11-03 00:00:00+08:00,7.277787208557129,7.3478779792785645,7.207695960998535,7.242741107940674,24824,0.0,0.0
2021-11-04 00:00:00+08:00,7.207695960998535,7.336195945739746,7.184331893920898,7.184331893920898,53929,0.0,0.0
2021-11-05 00:00:00+08:00,7.184331893920898,7.242741107940674,7.184331893920898,7.196013927459717,59066,0.0,0.0
2021-11-08 00:00:00+08:00,7.184331893920898,7.301150798797607,7.149287223815918,7.301150798797607,45369,0.0,0.0
2021-11-09 00:00:00+08:00,7.336195945739746,7.359560012817383,7.196013927459717,7.336195945739746,33385,0.0,0.0
2021-11-10 00:00:00+08:00,7.3478779792785645,7.3478779792785645,7.2661051750183105,7.2661051750183105,22256,0.0,0.0
2021-11-11 00:00:00+08:00,7.2193779945373535,7.242741107940674,7.196013927459717,7.196013927459717,29961,0.0,0.0
2021-11-12 00:00:00+08:00,7.184331893920898,7.196013927459717,7.1376051902771,7.2193779945373535,77898,0.0,0.0
2021-11-15 00:00:00+08:00,7.160967826843262,7.242741107940674,7.067513942718506,7.160967826843262,83890,0.0,0.0
2021-11-16 00:00:00+08:00,7.149287223815918,7.160967826843262,7.1025590896606445,7.160967826843262,71050,0.0,0.0
2021-11-17 00:00:00+08:00,7.149287223815918,7.231060028076172,7.125923156738281,7.231060028076172,89883,0.0,0.0
2021-11-18 00:00:00+08:00,7.125923156738281,7.231060028076172,7.125923156738281,7.231060028076172,21400,0.0,0.0
2021-11-19 00:00:00+08:00,7.231060028076172,7.242741107940674,7.149287223815918,7.231060028076172,17976,0.0,0.0
2021-11-22 00:00:00+08:00,7.312831878662109,7.312831878662109,7.125923156738281,7.160967826843262,23112,0.0,0.0
2021-11-23 00:00:00+08:00,7.1376051902771,7.242741107940674,7.1025590896606445,7.242741107940674,164357,0.0,0.0
2021-11-24 00:00:00+08:00,7.2661051750183105,7.277787208557129,7.1025590896606445,7.125923156738281,96731,0.0,0.0
2021-11-25 00:00:00+08:00,7.125923156738281,7.160967826843262,7.114241123199463,7.160967826843262,9416,0.0,0.0
2021-11-26 00:00:00+08:00,7.079195976257324,7.149287223815918,6.8922858238220215,6.90396785736084,156653,0.0,0.0
2021-11-29 00:00:00+08:00,6.717058181762695,6.857241153717041,6.717058181762695,6.833877086639404,34241,0.0,0.0
2021-11-30 00:00:00+08:00,6.90396785736084,7.090877056121826,6.880603790283203,6.8922858238220215,43657,0.0,0.0
2021-12-01 00:00:00+08:00,6.915649890899658,7.020785808563232,6.915649890899658,7.020785808563232,28248,0.0,0.0
2021-12-02 00:00:00+08:00,6.962377071380615,7.009105205535889,6.8922858238220215,6.8922858238220215,141244,0.0,0.0
2021-12-03 00:00:00+08:00,6.927331924438477,7.009105205535889,6.868922233581543,7.009105205535889,121556,0.0,0.0
2021-12-06 00:00:00+08:00,6.787149906158447,6.90396785736084,6.775467872619629,6.90396785736084,27392,0.0,0.0
2021-12-07 00:00:00+08:00,6.90396785736084,7.009105205535889,6.705377101898193,6.90396785736084,108715,0.0,0.0
2021-12-08 00:00:00+08:00,6.90396785736084,6.985741138458252,6.845559120178223,6.90396785736084,92451,0.0,0.0
2021-12-09 00:00:00+08:00,6.90396785736084,6.99742317199707,6.880603790283203,6.99742317199707,104435,0.0,0.0
2021-12-10 00:00:00+08:00,6.974059104919434,7.009105205535889,6.915649890899658,6.974059104919434,133540,0.0,0.0
2021-12-13 00:00:00+08:00,6.974059104919434,6.99742317199707,6.8922858238220215,6.8922858238220215,48793,0.0,0.0
2021-12-14 00:00:00+08:00,6.927331924438477,6.985741138458252,6.915649890899658,6.927331924438477,196886,0.0,0.0
2021-12-15 00:00:00+08:00,6.985741138458252,6.99742317199707,6.962377071380615,6.985741138458252,51361,0.0,0.0
2021-12-16 00:00:00+08:00,6.974059104919434,7.020785808563232,6.927331924438477,7.020785808563232,136108,0.0,0.0
2021-12-17 00:00:00+08:00,7.020785808563232,7.067513942718506,7.009105205535889,7.067513942718506,49649,0.0,0.0
2021-12-20 00:00:00+08:00,7.125923156738281,7.242741107940674,7.125923156738281,7.160967826843262,81322,0.0,0.0
2021-12-21 00:00:00+08:00,7.207695960998535,7.242741107940674,7.114241123199463,7.114241123199463,156653,0.0,0.0
2021-12-22 00:00:00+08:00,7.114241123199463,7.125923156738281,7.067513942718506,7.114241123199463,98443,0.0,0.0
2021-12-23 00:00:00+08:00,7.114241123199463,7.125923156738281,7.114241123199463,7.125923156738281,62490,0.0,0.0
2021-12-24 00:00:00+08:00,7.184331893920898,7.184331893920898,7.032467842102051,7.090877056121826,47937,0.0,0.0
2021-12-27 00:00:00+08:00,7.090877056121826,7.090877056121826,7.044149875640869,7.090877056121826,112139,0.0,0.0
2021-12-28 00:00:00+08:00,7.17264986038208,7.231060028076172,7.032467842102051,7.067513942718506,115563,0.0,0.0
2021-12-29 00:00:00+08:00,7.067513942718506,7.079195976257324,7.067513942718506,7.067513942718506,76186,0.0,0.0
2021-12-30 00:00:00+08:00,7.067513942718506,7.114241123199463,7.009105205535889,7.114241123199463,47937,0.0,0.0
2022-01-03 00:00:00+08:00,7.125923156738281,7.160967826843262,7.032467842102051,7.1376051902771,106147,0.0,0.0
2022-01-04 00:00:00+08:00,7.1025590896606445,7.149287223815918,7.0558319091796875,7.1376051902771,66770,0.0,0.0
2022-01-05 00:00:00+08:00,7.1376051902771,7.324513912200928,7.1376051902771,7.2661051750183105,290193,0.0,0.0
2022-01-06 00:00:00+08:00,7.231060028076172,7.301150798797607,7.125923156738281,7.301150798797607,209727,0.0,0.0
2022-01-07 00:00:00+08:00,7.312831878662109,7.312831878662109,7.184331893920898,7.277787208557129,133540,0.0,0.0
2022-01-10 00:00:00+08:00,8.002060890197754,8.002060890197754,8.002060890197754,8.002060890197754,566691,0.0,0.0
2022-01-11 00:00:00+08:00,8.796425819396973,8.796425819396973,8.294107437133789,8.469334602355957,2031357,0.0,0.0
2022-01-12 00:00:00+08:00,7.628242015838623,8.177289009094238,7.628242015838623,7.710014820098877,832916,0.0,0.0
2022-01-13 00:00:00+08:00,7.8268327713012695,8.165607452392578,7.803470134735107,7.908606052398682,142100,0.0,0.0
2022-01-14 00:00:00+08:00,8.153924942016602,8.153924942016602,7.686651229858398,7.908606052398682,163501,0.0,0.0
2022-01-17 00:00:00+08:00,7.943652153015137,8.037107467651367,7.569832801818848,7.569832801818848,165213,0.0,0.0
2022-01-18 00:00:00+08:00,7.3946051597595215,7.768424034118652,7.3946051597595215,7.698332786560059,93307,0.0,0.0
2022-01-19 00:00:00+08:00,7.5114240646362305,7.803470134735107,7.499742031097412,7.628242015838623,37665,0.0,0.0
2022-01-20 00:00:00+08:00,7.628242015838623,7.628242015838623,7.534787178039551,7.616559982299805,51361,0.0,0.0
2022-01-21 00:00:00+08:00,7.616559982299805,7.65160608291626,7.523106098175049,7.593196868896484,64202,0.0,0.0
2022-01-24 00:00:00+08:00,7.488059997558594,7.593196868896484,7.476377964019775,7.639924049377441,93307,0.0,0.0
2022-01-25 00:00:00+08:00,7.488059997558594,7.488059997558594,7.17264986038208,7.242741107940674,172061,0.0,0.0
2022-01-26 00:00:00+08:00,7.009105205535889,7.382923126220703,7.009105205535889,7.382923126220703,182334,0.0,0.0
2022-02-07 00:00:00+08:00,7.417969226837158,7.429650783538818,7.312831878662109,7.324513912200928,41945,0.0,0.0
2022-02-08 00:00:00+08:00,7.359560012817383,7.359560012817383,7.336195945739746,7.336195945739746,29961,0.0,0.0
2022-02-09 00:00:00+08:00,7.3478779792785645,7.359560012817383,7.301150798797607,7.3478779792785645,97587,0.0,0.0
2022-02-10 00:00:00+08:00,7.336195945739746,7.336195945739746,7.312831878662109,7.40628719329834,55641,0.0,0.0
2022-02-11 00:00:00+08:00,7.324513912200928,7.3478779792785645,7.301150798797607,7.312831878662109,44513,0.0,0.0
2022-02-14 00:00:00+08:00,7.196013927459717,7.312831878662109,7.125923156738281,7.312831878662109,213151,0.0,0.0
2022-02-15 00:00:00+08:00,7.312831878662109,7.441332817077637,7.242741107940674,7.289468765258789,30817,0.0,0.0
2022-02-16 00:00:00+08:00,7.336195945739746,7.336195945739746,7.289468765258789,7.289468765258789,35953,0.0,0.0
2022-02-17 00:00:00+08:00,7.2661051750183105,7.2661051750183105,7.184331893920898,7.242741107940674,142956,0.0,0.0
2022-02-18 00:00:00+08:00,7.40628719329834,7.464695930480957,7.184331893920898,7.184331893920898,109571,0.0,0.0
2022-02-21 00:00:00+08:00,7.184331893920898,7.184331893920898,7.1376051902771,7.160967826843262,71050,0.0,0.0
2022-02-22 00:00:00+08:00,7.149287223815918,7.2661051750183105,7.1025590896606445,7.125923156738281,51361,0.0,0.0
2022-02-23 00:00:00+08:00,7.184331893920898,7.184331893920898,7.125923156738281,7.125923156738281,39377,0.0,0.0
2022-02-24 00:00:00+08:00,7.184331893920898,7.242741107940674,6.962377071380615,7.009105205535889,101011,0.0,0.0
2022-02-25 00:00:00+08:00,7.009105205535889,7.067513942718506,7.009105205535889,7.020785808563232,16264,0.0,0.0
2022-03-01 00:00:00+08:00,7.009105205535889,7.032467842102051,7.009105205535889,7.032467842102051,9416,0.0,0.0
2022-03-02 00:00:00+08:00,7.125923156738281,7.184331893920898,7.125923156738281,7.184331893920898,10272,0.0,0.0
2022-03-03 00:00:00+08:00,7.17264986038208,7.17264986038208,7.149287223815918,7.149287223815918,11128,0.0,0.0
2022-03-04 00:00:00+08:00,7.160967826843262,7.17264986038208,7.1025590896606445,7.125923156738281,65058,0.0,0.0
2022-03-07 00:00:00+08:00,7.067513942718506,7.067513942718506,7.020785808563232,7.032467842102051,68482,0.0,0.0
2022-03-08 00:00:00+08:00,7.020785808563232,7.020785808563232,6.950695037841797,6.974059104919434,56497,0.0,0.0
2022-03-09 00:00:00+08:00,6.962377071380615,7.231060028076172,6.868922233581543,6.868922233581543,49649,0.0,0.0
2022-03-10 00:00:00+08:00,6.868922233581543,6.868922233581543,6.868922233581543,6.868922233581543,0,0.0,0.0
2022-03-11 00:00:00+08:00,6.8922858238220215,6.9390130043029785,6.8922858238220215,6.915649890899658,22256,0.0,0.0
2022-03-14 00:00:00+08:00,6.915649890899658,7.032467842102051,6.915649890899658,6.927331924438477,17976,0.0,0.0
2022-03-15 00:00:00+08:00,6.927331924438477,7.009105205535889,6.880603790283203,6.880603790283203,20544,0.0,0.0
2022-03-16 00:00:00+08:00,6.880603790283203,6.90396785736084,6.868922233581543,6.868922233581543,37665,0.0,0.0
2022-03-17 00:00:00+08:00,7.090877056121826,7.090877056121826,6.8922858238220215,6.915649890899658,41945,0.0,0.0
2022-03-18 00:00:00+08:00,7.020785808563232,7.020785808563232,6.927331924438477,6.99742317199707,74474,0.0,0.0
2022-03-21 00:00:00+08:00,6.962377071380615,7.067513942718506,6.962377071380615,7.0558319091796875,37665,0.0,0.0
2022-03-22 00:00:00+08:00,7.0558319091796875,7.0558319091796875,6.974059104919434,6.974059104919434,48793,0.0,0.0
2022-03-23 00:00:00+08:00,6.974059104919434,7.125923156738281,6.974059104919434,7.067513942718506,25680,0.0,0.0
2022-03-24 00:00:00+08:00,7.079195976257324,7.079195976257324,7.009105205535889,7.079195976257324,20544,0.0,0.0
2022-03-25 00:00:00+08:00,7.1025590896606445,7.149287223815918,7.067513942718506,7.090877056121826,30817,0.0,0.0
2022-03-28 00:00:00+08:00,7.067513942718506,7.090877056121826,7.067513942718506,7.090877056121826,27392,0.0,0.0
2022-03-29 00:00:00+08:00,7.1025590896606445,7.1025590896606445,7.090877056121826,7.1025590896606445,14552,0.0,0.0
2022-03-30 00:00:00+08:00,7.114241123199463,7.160967826843262,7.1025590896606445,7.160967826843262,40233,0.0,0.0
2022-03-31 00:00:00+08:00,7.149287223815918,7.207695960998535,7.149287223815918,7.149287223815918,70194,0.0,0.0
2022-04-01 00:00:00+08:00,7.149287223815918,7.149287223815918,7.125923156738281,7.125923156738281,7704,0.0,0.0
2022-04-06 00:00:00+08:00,7.149287223815918,7.184331893920898,7.1376051902771,7.1376051902771,107003,0.0,0.0
2022-04-07 00:00:00+08:00,7.184331893920898,7.184331893920898,7.1376051902771,7.1376051902771,95019,0.0,0.0
2022-04-08 00:00:00+08:00,7.149287223815918,7.207695960998535,7.149287223815918,7.160967826843262,28248,0.0,0.0
2022-04-11 00:00:00+08:00,7.160967826843262,7.160967826843262,7.1376051902771,7.1376051902771,47937,0.0,0.0
2022-04-12 00:00:00+08:00,7.125923156738281,7.125923156738281,7.114241123199463,7.125923156738281,46225,0.0,0.0
2022-04-13 00:00:00+08:00,7.1376051902771,7.149287223815918,7.1376051902771,7.149287223815918,41089,0.0,0.0
2022-04-14 00:00:00+08:00,7.1376051902771,7.1376051902771,7.009105205535889,7.009105205535889,95019,0.0,0.0
2022-04-15 00:00:00+08:00,7.032467842102051,7.032467842102051,7.009105205535889,7.009105205535889,25680,0.0,0.0
2022-04-18 00:00:00+08:00,7.020785808563232,7.1025590896606445,7.009105205535889,7.1025590896606445,21400,0.0,0.0
2022-04-19 00:00:00+08:00,7.032467842102051,7.032467842102051,7.032467842102051,7.032467842102051,1712,0.0,0.0
2022-04-20 00:00:00+08:00,7.0558319091796875,7.0558319091796875,7.0558319091796875,7.0558319091796875,856,0.0,0.0
2022-04-21 00:00:00+08:00,7.0558319091796875,7.1025590896606445,7.044149875640869,7.1025590896606445,5992,0.0,0.0
2022-04-22 00:00:00+08:00,7.1025590896606445,7.1025590896606445,7.1025590896606445,7.1025590896606445,856,0.0,0.0
2022-04-25 00:00:00+08:00,7.009105205535889,7.009105205535889,6.927331924438477,6.99742317199707,37665,0.0,0.0
2022-04-26 00:00:00+08:00,6.99742317199707,7.160967826843262,6.99742317199707,7.009105205535889,9416,0.0,0.0
2022-04-27 00:00:00+08:00,6.985741138458252,6.985741138458252,6.985741138458252,6.985741138458252,9416,0.0,0.0
2022-04-28 00:00:00+08:00,6.99742317199707,6.99742317199707,6.99742317199707,6.99742317199707,1712,0.0,0.0
2022-04-29 00:00:00+08:00,6.99742317199707,7.067513942718506,6.99742317199707,7.067513942718506,10272,0.0,0.0
2022-05-03 00:00:00+08:00,7.0558319091796875,7.0558319091796875,7.044149875640869,7.044149875640869,9416,0.0,0.0
2022-05-04 00:00:00+08:00,7.009105205535889,7.009105205535889,7.009105205535889,7.009105205535889,37665,0.0,0.0
2022-05-05 00:00:00+08:00,7.009105205535889,7.009105205535889,7.009105205535889,6.985741138458252,20544,0.0,0.0
2022-05-06 00:00:00+08:00,6.868922233581543,7.2661051750183105,6.868922233581543,7.020785808563232,8560,0.0,0.0
2022-05-09 00:00:00+08:00,7.009105205535889,7.009105205535889,6.962377071380615,6.985741138458252,63346,0.0,0.0
2022-05-10 00:00:00+08:00,6.985741138458252,7.009105205535889,6.8922858238220215,7.009105205535889,69338,0.0,0.0
2022-05-11 00:00:00+08:00,7.009105205535889,7.009105205535889,6.974059104919434,7.009105205535889,10272,0.0,0.0
2022-05-12 00:00:00+08:00,7.196013927459717,7.196013927459717,6.845559120178223,6.8922858238220215,23968,0.0,0.0
2022-05-13 00:00:00+08:00,6.90396785736084,6.90396785736084,6.8922858238220215,6.8922858238220215,4280,0.0,0.0
2022-05-16 00:00:00+08:00,6.950695037841797,7.1025590896606445,6.8922858238220215,6.915649890899658,44513,0.0,0.0
2022-05-17 00:00:00+08:00,7.149287223815918,7.149287223815918,6.8922858238220215,6.8922858238220215,54785,0.0,0.0
2022-05-18 00:00:00+08:00,7.114241123199463,7.114241123199463,6.8922858238220215,6.915649890899658,61634,0.0,0.0
2022-05-19 00:00:00+08:00,6.915649890899658,6.974059104919434,6.8922858238220215,6.974059104919434,16264,0.0,0.0
2022-05-20 00:00:00+08:00,6.99742317199707,6.99742317199707,6.99742317199707,6.99742317199707,17120,0.0,0.0
2022-05-23 00:00:00+08:00,6.880603790283203,7.009105205535889,6.880603790283203,6.9390130043029785,28248,0.0,0.0
2022-05-24 00:00:00+08:00,6.9390130043029785,6.9390130043029785,6.8922858238220215,6.8922858238220215,24824,0.0,0.0
2022-05-25 00:00:00+08:00,6.8922858238220215,6.985741138458252,6.8922858238220215,6.8922858238220215,83890,0.0,0.0
2022-05-26 00:00:00+08:00,7.032467842102051,7.0558319091796875,6.985741138458252,7.044149875640869,52217,0.0,0.0
2022-05-27 00:00:00+08:00,7.032467842102051,7.032467842102051,6.8922858238220215,7.009105205535889,62490,0.0,0.0
2022-05-30 00:00:00+08:00,7.020785808563232,7.020785808563232,6.962377071380615,7.020785808563232,3424,0.0,0.0
2022-05-31 00:00:00+08:00,7.020785808563232,7.020785808563232,7.009105205535889,7.009105205535889,15408,0.0,0.0
2022-06-01 00:00:00+08:00,6.985741138458252,6.99742317199707,6.8922858238220215,6.915649890899658,48793,0.0,0.0
2022-06-02 00:00:00+08:00,6.99742317199707,6.99742317199707,6.915649890899658,6.915649890899658,14552,0.0,0.0
2022-06-06 00:00:00+08:00,6.915649890899658,6.950695037841797,6.915649890899658,6.950695037841797,5136,0.0,0.0
2022-06-07 00:00:00+08:00,7.020785808563232,7.032467842102051,6.927331924438477,6.927331924438477,5992,0.0,0.0
2022-06-08 00:00:00+08:00,6.950695037841797,7.231060028076172,6.9390130043029785,7.090877056121826,104435,0.0,0.0
2022-06-09 00:00:00+08:00,7.125923156738281,7.196013927459717,7.044149875640869,7.0558319091796875,68482,0.0,0.0
2022-06-10 00:00:00+08:00,7.0558319091796875,7.125923156738281,7.0558319091796875,7.067513942718506,43657,0.0,0.0
2022-06-13 00:00:00+08:00,7.044149875640869,7.160967826843262,6.99742317199707,7.009105205535889,47081,0.0,0.0
2022-06-14 00:00:00+08:00,7.020785808563232,7.020785808563232,7.009105205535889,7.009105205535889,4280,0.0,0.0
2022-06-15 00:00:00+08:00,6.962377071380615,7.044149875640869,6.9390130043029785,7.032467842102051,19688,0.0,0.0
2022-06-16 00:00:00+08:00,6.99742317199707,6.99742317199707,6.927331924438477,6.927331924438477,20544,0.0,0.0
2022-06-17 00:00:00+08:00,6.927331924438477,7.032467842102051,6.927331924438477,6.927331924438477,24824,0.0,0.0
2022-06-20 00:00:00+08:00,6.927331924438477,6.927331924438477,6.927331924438477,6.927331924438477,0,0.0,0.0
2022-06-21 00:00:00+08:00,6.90396785736084,7.020785808563232,6.90396785736084,7.020785808563232,13696,0.0,0.0
2022-06-22 00:00:00+08:00,6.90396785736084,7.009105205535889,6.880603790283203,7.009105205535889,15408,0.0,0.0
2022-06-23 00:00:00+08:00,6.915649890899658,6.915649890899658,6.8922858238220215,6.90396785736084,11128,0.0,0.0
2022-06-24 00:00:00+08:00,6.950695037841797,7.0558319091796875,6.90396785736084,6.90396785736084,11984,0.0,0.0
2022-06-27 00:00:00+08:00,6.950695037841797,6.962377071380615,6.8922858238220215,6.8922858238220215,28248,0.0,0.0
2022-06-28 00:00:00+08:00,6.8922858238220215,6.8922858238220215,6.845559120178223,6.8922858238220215,32529,0.0,0.0
2022-06-29 00:00:00+08:00,6.8922858238220215,6.8922858238220215,6.868922233581543,6.880603790283203,11984,0.0,0.0
2022-06-30 00:00:00+08:00,6.845559120178223,6.950695037841797,6.833877086639404,6.857241153717041,47937,0.0,0.0
2022-07-01 00:00:00+08:00,6.868922233581543,6.868922233581543,6.284830093383789,6.775467872619629,21400,0.0,0.0
2022-07-04 00:00:00+08:00,6.7637858390808105,6.775467872619629,6.705377101898193,6.775467872619629,20544,0.0,0.0
2022-07-05 00:00:00+08:00,6.775467872619629,6.775467872619629,6.775467872619629,6.775467872619629,5136,0.0,0.0
2022-07-06 00:00:00+08:00,6.7637858390808105,6.775467872619629,6.682013034820557,6.717058181762695,41089,0.0,0.0
2022-07-07 00:00:00+08:00,6.752103805541992,6.833877086639404,6.752103805541992,6.833877086639404,21400,0.0,0.0
2022-07-08 00:00:00+08:00,6.740421772003174,6.775467872619629,6.740421772003174,6.775467872619629,19688,0.0,0.0
2022-07-11 00:00:00+08:00,7.0558319091796875,7.0558319091796875,7.0558319091796875,7.0558319091796875,856,0.0,0.0
2022-07-12 00:00:00+08:00,6.7637858390808105,6.775467872619629,6.7637858390808105,6.775467872619629,7704,0.0,0.0
2022-07-13 00:00:00+08:00,6.775467872619629,6.775467872619629,6.775467872619629,6.775467872619629,29104,0.0,0.0
2022-07-14 00:00:00+08:00,6.261466979980469,6.775467872619629,6.261466979980469,6.717058181762695,46225,0.0,0.0
2022-07-15 00:00:00+08:00,6.646966934204102,6.822195053100586,6.646966934204102,6.670331001281738,99299,0.0,0.0
2022-07-18 00:00:00+08:00,6.880603790283203,6.915649890899658,6.705377101898193,6.717058181762695,37665,0.0,0.0
2022-07-19 00:00:00+08:00,6.717058181762695,6.717058181762695,6.717058181762695,6.717058181762695,0,0.0,0.0
2022-07-20 00:00:00+08:00,6.717058181762695,6.868922233581543,6.682013034820557,6.868922233581543,7704,0.0,0.0
2022-07-21 00:00:00+08:00,6.857241153717041,6.857241153717041,6.693695068359375,6.693695068359375,27392,0.0,0.0
2022-07-22 00:00:00+08:00,6.646966934204102,6.822195053100586,6.623603820800781,6.775467872619629,184046,0.0,0.0
2022-07-25 00:00:00+08:00,6.670331001281738,6.775467872619629,6.670331001281738,6.775467872619629,25680,0.0,0.0
2022-07-26 00:00:00+08:00,6.693695068359375,6.775467872619629,6.693695068359375,6.705377101898193,16264,0.0,0.0
2022-07-27 00:00:00+08:00,6.705377101898193,6.775467872619629,6.705377101898193,6.775467872619629,9416,0.0,0.0
2022-07-28 00:00:00+08:00,6.65864896774292,7.009105205535889,6.541831016540527,7.009105205535889,47081,0.0,0.0
2022-07-29 00:00:00+08:00,6.962377071380615,6.962377071380615,6.868922233581543,6.8922858238220215,11128,0.0,0.0
2022-08-01 00:00:00+08:00,6.705377101898193,6.833877086639404,6.682013034820557,6.833877086639404,18832,0.0,0.0
2022-08-02 00:00:00+08:00,6.833877086639404,6.833877086639404,6.775467872619629,6.775467872619629,23968,0.0,0.0
2022-08-03 00:00:00+08:00,6.752103805541992,6.775467872619629,6.611921787261963,6.775467872619629,35097,0.0,0.0
2022-08-04 00:00:00+08:00,6.775467872619629,6.775467872619629,6.752103805541992,6.7637858390808105,13696,0.0,0.0
2022-08-05 00:00:00+08:00,6.775467872619629,6.775467872619629,6.7637858390808105,6.775467872619629,3424,0.0,0.0
2022-08-08 00:00:00+08:00,6.775467872619629,6.775467872619629,6.775467872619629,6.775467872619629,1712,0.0,0.0
2022-08-09 00:00:00+08:00,6.775467872619629,6.775467872619629,6.775467872619629,6.775467872619629,2568,0.0,0.0
2022-08-10 00:00:00+08:00,6.7637858390808105,6.880603790283203,6.740421772003174,6.880603790283203,14552,0.0,0.0
2022-08-11 00:00:00+08:00,6.833877086639404,6.868922233581543,6.775467872619629,6.868922233581543,5136,0.0,0.0
2022-08-12 00:00:00+08:00,6.752103805541992,6.880603790283203,6.740421772003174,6.845559120178223,17120,0.0,0.0
2022-08-15 00:00:00+08:00,6.6352858543396,6.752103805541992,6.600240230560303,6.740421772003174,129260,0.0,0.0
2022-08-16 00:00:00+08:00,6.6352858543396,6.705377101898193,6.600240230560303,6.705377101898193,174629,0.0,0.0
2022-08-17 00:00:00+08:00,6.611921787261963,6.705377101898193,6.506784915924072,6.705377101898193,161789,0.0,0.0
2022-08-18 00:00:00+08:00,6.705377101898193,6.705377101898193,6.600240230560303,6.600240230560303,7704,0.0,0.0
2022-08-19 00:00:00+08:00,6.752103805541992,6.752103805541992,6.611921787261963,6.717058181762695,47081,0.0,0.0
2022-08-22 00:00:00+08:00,6.611921787261963,6.611921787261963,6.588558197021484,6.611921787261963,16264,0.0,0.0
2022-08-23 00:00:00+08:00,6.717058181762695,6.787149906158447,6.717058181762695,6.787149906158447,54785,0.0,0.0
2022-08-24 00:00:00+08:00,6.787149906158447,6.787149906158447,6.787149906158447,6.787149906158447,0,0.0,0.0
2022-08-25 00:00:00+08:00,6.833877086639404,7.009105205535889,6.752103805541992,6.950695037841797,18832,0.0,0.0
2022-08-26 00:00:00+08:00,6.950695037841797,6.950695037841797,6.8922858238220215,6.8922858238220215,17976,0.0,0.0
2022-08-29 00:00:00+08:00,6.880603790283203,7.067513942718506,6.717058181762695,7.067513942718506,6848,0.0,0.0
2022-08-30 00:00:00+08:00,6.775467872619629,7.0558319091796875,6.775467872619629,6.90396785736084,75330,0.0,0.0
2022-08-31 00:00:00+08:00,6.985741138458252,6.99742317199707,6.8922858238220215,6.90396785736084,15408,0.0,0.0
2022-09-01 00:00:00+08:00,6.950695037841797,6.962377071380615,6.950695037841797,6.962377071380615,8560,0.0,0.0
2022-09-02 00:00:00+08:00,6.962377071380615,6.962377071380615,6.962377071380615,6.962377071380615,0,0.0,0.0
2022-09-05 00:00:00+08:00,6.833877086639404,6.950695037841797,6.787149906158447,6.950695037841797,140388,0.0,0.0
2022-09-06 00:00:00+08:00,6.775467872619629,6.868922233581543,6.717058181762695,6.868922233581543,45369,0.0,0.0
2022-09-07 00:00:00+08:00,6.693695068359375,6.752103805541992,6.693695068359375,6.752103805541992,9416,0.0,0.0
2022-09-08 00:00:00+08:00,6.752103805541992,6.845559120178223,6.728740215301514,6.845559120178223,16264,0.0,0.0
2022-09-12 00:00:00+08:00,6.868922233581543,6.880603790283203,6.857241153717041,6.857241153717041,9416,0.0,0.0
2022-09-13 00:00:00+08:00,6.810513019561768,6.833877086639404,6.7637858390808105,6.7637858390808105,19688,0.0,0.0
2022-09-14 00:00:00+08:00,6.775467872619629,6.775467872619629,6.717058181762695,6.717058181762695,25680,0.0,0.0
2022-09-15 00:00:00+08:00,6.822195053100586,6.833877086639404,6.693695068359375,6.822195053100586,136964,0.0,0.0
2022-09-16 00:00:00+08:00,6.775467872619629,6.822195053100586,6.775467872619629,6.822195053100586,3424,0.0,0.0
2022-09-19 00:00:00+08:00,6.682013034820557,6.682013034820557,6.682013034820557,6.682013034820557,856,0.0,0.0
2022-09-20 00:00:00+08:00,6.7637858390808105,6.9390130043029785,6.7637858390808105,6.8922858238220215,77898,0.0,0.0
2022-09-21 00:00:00+08:00,6.9390130043029785,6.9390130043029785,6.798830986022949,6.798830986022949,46225,0.0,0.0
2022-09-22 00:00:00+08:00,7.032467842102051,7.032467842102051,6.798830986022949,6.915649890899658,14552,0.0,0.0
2022-09-23 00:00:00+08:00,6.99742317199707,6.99742317199707,6.810513019561768,6.810513019561768,21400,0.0,0.0
2022-09-26 00:00:00+08:00,6.8922858238220215,7.020785808563232,6.752103805541992,6.752103805541992,25680,0.0,0.0
2022-09-27 00:00:00+08:00,6.985741138458252,6.985741138458252,6.8922858238220215,6.8922858238220215,6848,0.0,0.0
2022-09-28 00:00:00+08:00,6.775467872619629,6.798830986022949,6.775467872619629,6.787149906158447,20544,0.0,0.0
2022-09-29 00:00:00+08:00,6.810513019561768,6.810513019561768,6.787149906158447,6.798830986022949,23968,0.0,0.0
2022-09-30 00:00:00+08:00,6.985741138458252,6.985741138458252,6.752103805541992,6.810513019561768,5992,0.0,0.0
2022-10-03 00:00:00+08:00,7.044149875640869,7.044149875640869,6.880603790283203,6.880603790283203,3424,0.0,0.0
2022-10-04 00:00:00+08:00,6.880603790283203,6.99742317199707,6.868922233581543,6.99742317199707,38521,0.0,0.0
2022-10-05 00:00:00+08:00,6.8922858238220215,6.950695037841797,6.822195053100586,6.868922233581543,55641,0.0,0.0
2022-10-06 00:00:00+08:00,6.868922233581543,6.880603790283203,6.868922233581543,6.880603790283203,5136,0.0,0.0
2022-10-07 00:00:00+08:00,6.833877086639404,6.974059104919434,6.775467872619629,6.775467872619629,40233,0.0,0.0
2022-10-11 00:00:00+08:00,6.880603790283203,6.880603790283203,6.728740215301514,6.775467872619629,31673,0.0,0.0
2022-10-12 00:00:00+08:00,6.880603790283203,6.915649890899658,6.670331001281738,6.775467872619629,25680,0.0,0.0
2022-10-13 00:00:00+08:00,6.99742317199707,6.99742317199707,6.717058181762695,6.728740215301514,59066,0.0,0.0
2022-10-14 00:00:00+08:00,6.962377071380615,7.160967826843262,6.775467872619629,6.775467872619629,22256,0.0,0.0
2022-10-17 00:00:00+08:00,6.740421772003174,6.7637858390808105,6.740421772003174,6.7637858390808105,1712,0.0,0.0
2022-10-18 00:00:00+08:00,6.985741138458252,7.184331893920898,6.8922858238220215,6.915649890899658,9416,0.0,0.0
2022-10-19 00:00:00+08:00,7.114241123199463,7.114241123199463,6.868922233581543,6.99742317199707,19688,0.0,0.0
2022-10-20 00:00:00+08:00,6.985741138458252,6.985741138458252,6.798830986022949,6.962377071380615,5992,0.0,0.0
2022-10-21 00:00:00+08:00,6.833877086639404,6.985741138458252,6.822195053100586,6.985741138458252,5992,0.0,0.0
2022-10-24 00:00:00+08:00,7.020785808563232,7.020785808563232,6.740421772003174,6.7637858390808105,249960,0.0,0.0
2022-10-25 00:00:00+08:00,6.775467872619629,6.833877086639404,6.7637858390808105,6.833877086639404,154941,0.0,0.0
2022-10-26 00:00:00+08:00,6.868922233581543,6.8922858238220215,6.868922233581543,6.868922233581543,8560,0.0,0.0
2022-10-27 00:00:00+08:00,6.8922858238220215,6.950695037841797,6.8922858238220215,7.009105205535889,54785,0.0,0.0
2022-10-28 00:00:00+08:00,6.8922858238220215,6.8922858238220215,6.8922858238220215,6.8922858238220215,11128,0.0,0.0
2022-10-31 00:00:00+08:00,6.99742317199707,6.99742317199707,6.99742317199707,6.99742317199707,856,0.0,0.0
2022-11-01 00:00:00+08:00,6.857241153717041,7.009105205535889,6.6352858543396,7.009105205535889,89883,0.0,0.0
2022-11-02 00:00:00+08:00,6.775467872619629,6.8922858238220215,6.775467872619629,6.8922858238220215,14552,0.0,0.0
2022-11-03 00:00:00+08:00,6.962377071380615,6.962377071380615,6.740421772003174,6.810513019561768,120700,0.0,0.0
2022-11-04 00:00:00+08:00,6.717058181762695,6.775467872619629,6.623603820800781,6.775467872619629,167781,0.0,0.0
2022-11-07 00:00:00+08:00,6.740421772003174,6.775467872619629,6.65864896774292,6.740421772003174,28248,0.0,0.0
2022-11-08 00:00:00+08:00,6.65864896774292,6.775467872619629,6.65864896774292,6.7637858390808105,78754,0.0,0.0
2022-11-09 00:00:00+08:00,6.7637858390808105,6.775467872619629,6.728740215301514,6.740421772003174,44513,0.0,0.0
2022-11-10 00:00:00+08:00,6.740421772003174,6.752103805541992,6.717058181762695,6.740421772003174,29961,0.0,0.0
2022-11-11 00:00:00+08:00,6.775467872619629,6.787149906158447,6.728740215301514,6.787149906158447,27392,0.0,0.0
2022-11-14 00:00:00+08:00,6.787149906158447,6.798830986022949,6.752103805541992,6.798830986022949,13696,0.0,0.0
2022-11-15 00:00:00+08:00,6.717058181762695,6.787149906158447,6.705377101898193,6.787149906158447,27392,0.0,0.0
2022-11-16 00:00:00+08:00,6.65864896774292,6.822195053100586,6.65864896774292,6.787149906158447,11128,0.0,0.0
2022-11-17 00:00:00+08:00,6.787149906158447,6.787149906158447,6.787149906158447,6.787149906158447,0,0.0,0.0
2022-11-18 00:00:00+08:00,6.833877086639404,6.833877086639404,6.833877086639404,6.833877086639404,5992,0.0,0.0
2022-11-21 00:00:00+08:00,6.775467872619629,6.833877086639404,6.728740215301514,6.833877086639404,39377,0.0,0.0
2022-11-22 00:00:00+08:00,6.728740215301514,6.775467872619629,6.682013034820557,6.775467872619629,85602,0.0,0.0
2022-11-23 00:00:00+08:00,6.775467872619629,6.775467872619629,6.717058181762695,6.775467872619629,59066,0.0,0.0
2022-11-24 00:00:00+08:00,6.717058181762695,6.775467872619629,6.6352858543396,6.775467872619629,40233,0.0,0.0
2022-11-25 00:00:00+08:00,6.740421772003174,6.775467872619629,6.717058181762695,6.775467872619629,9416,0.0,0.0
2022-11-28 00:00:00+08:00,6.775467872619629,6.775467872619629,6.717058181762695,6.717058181762695,17120,0.0,0.0
2022-11-29 00:00:00+08:00,6.775467872619629,6.833877086639404,6.717058181762695,6.833877086639404,14552,0.0,0.0
2022-11-30 00:00:00+08:00,6.833877086639404,6.845559120178223,6.728740215301514,6.845559120178223,20544,0.0,0.0
2022-12-01 00:00:00+08:00,6.822195053100586,6.915649890899658,6.822195053100586,6.915649890899658,35097,0.0,0.0
2022-12-02 00:00:00+08:00,6.752103805541992,7.125923156738281,6.752103805541992,7.020785808563232,74474,0.0,0.0
2022-12-05 00:00:00+08:00,6.915649890899658,7.114241123199463,6.857241153717041,6.9390130043029785,120700,0.0,0.0
2022-12-06 00:00:00+08:00,6.90396785736084,6.99742317199707,6.90396785736084,6.99742317199707,16264,0.0,0.0
2022-12-07 00:00:00+08:00,6.927331924438477,6.985741138458252,6.8922858238220215,6.985741138458252,18832,0.0,0.0
2022-12-08 00:00:00+08:00,6.985741138458252,7.032467842102051,6.985741138458252,7.032467842102051,112995,0.0,0.0
2022-12-09 00:00:00+08:00,7.009105205535889,7.009105205535889,6.857241153717041,6.8922858238220215,54785,0.0,0.0
2022-12-12 00:00:00+08:00,6.974059104919434,6.974059104919434,6.974059104919434,6.974059104919434,1712,0.0,0.0
2022-12-13 00:00:00+08:00,6.974059104919434,6.974059104919434,6.974059104919434,6.974059104919434,856,0.0,0.0
2022-12-14 00:00:00+08:00,6.974059104919434,6.974059104919434,6.974059104919434,6.974059104919434,8560,0.0,0.0
2022-12-15 00:00:00+08:00,6.974059104919434,7.032467842102051,6.974059104919434,6.985741138458252,40233,0.0,0.0
2022-12-16 00:00:00+08:00,7.009105205535889,7.009105205535889,7.009105205535889,7.009105205535889,3424,0.0,0.0
2022-12-19 00:00:00+08:00,7.242741107940674,7.242741107940674,6.8922858238220215,7.009105205535889,30817,0.0,0.0
2022-12-20 00:00:00+08:00,7.009105205535889,7.125923156738281,6.8922858238220215,7.009105205535889,44513,0.0,0.0
2022-12-21 00:00:00+08:00,7.009105205535889,7.020785808563232,7.009105205535889,7.020785808563232,37665,0.0,0.0
2022-12-22 00:00:00+08:00,7.020785808563232,7.020785808563232,7.020785808563232,7.020785808563232,0,0.0,0.0
2022-12-23 00:00:00+08:00,7.009105205535889,7.032467842102051,6.90396785736084,7.032467842102051,17120,0.0,0.0
2022-12-26 00:00:00+08:00,7.009105205535889,7.044149875640869,6.9390130043029785,7.009105205535889,7704,0.0,0.0
2022-12-27 00:00:00+08:00,6.880603790283203,7.044149875640869,6.880603790283203,7.044149875640869,21400,0.0,0.0
2022-12-28 00:00:00+08:00,6.857241153717041,7.020785808563232,6.857241153717041,7.009105205535889,41945,0.0,0.0
2022-12-29 00:00:00+08:00,6.974059104919434,7.009105205535889,6.974059104919434,7.009105205535889,18832,0.0,0.0
2022-12-30 00:00:00+08:00,7.009105205535889,7.17264986038208,6.845559120178223,7.009105205535889,28248,0.0,0.0
2023-01-03 00:00:00+08:00,6.99742317199707,7.090877056121826,6.99742317199707,7.090877056121826,32529,0.0,0.0
2023-01-04 00:00:00+08:00,7.009105205535889,7.067513942718506,6.950695037841797,7.067513942718506,50505,0.0,0.0
2023-01-05 00:00:00+08:00,7.067513942718506,7.067513942718506,6.8922858238220215,7.009105205535889,81322,0.0,0.0
2023-01-06 00:00:00+08:00,7.009105205535889,7.009105205535889,6.927331924438477,6.985741138458252,48793,0.0,0.0
2023-01-09 00:00:00+08:00,6.985741138458252,7.1025590896606445,6.915649890899658,6.99742317199707,35953,0.0,0.0
2023-01-10 00:00:00+08:00,6.985741138458252,6.985741138458252,6.927331924438477,6.927331924438477,17120,0.0,0.0
2023-01-11 00:00:00+08:00,6.927331924438477,6.9390130043029785,6.927331924438477,6.9390130043029785,17120,0.0,0.0
2023-01-12 00:00:00+08:00,6.927331924438477,6.985741138458252,6.90396785736084,6.9390130043029785,25680,0.0,0.0
2023-01-13 00:00:00+08:00,6.915649890899658,6.9390130043029785,6.833877086639404,6.915649890899658,33385,0.0,0.0
2023-01-16 00:00:00+08:00,6.915649890899658,6.962377071380615,6.740421772003174,6.915649890899658,146381,0.0,0.0
2023-01-17 00:00:00+08:00,6.8922858238220215,6.8922858238220215,6.775467872619629,6.775467872619629,140388,0.0,0.0
2023-01-30 00:00:00+08:00,6.425012111663818,6.8922858238220215,6.425012111663818,6.868922233581543,51361,0.0,0.0
2023-01-31 00:00:00+08:00,6.798830986022949,6.822195053100586,6.717058181762695,6.822195053100586,35097,0.0,0.0
2023-02-01 00:00:00+08:00,6.857241153717041,6.857241153717041,6.857241153717041,6.857241153717041,4280,0.0,0.0
2023-02-02 00:00:00+08:00,6.857241153717041,6.868922233581543,6.7637858390808105,6.845559120178223,18832,0.0,0.0
2023-02-03 00:00:00+08:00,6.693695068359375,6.974059104919434,6.693695068359375,6.868922233581543,14552,0.0,0.0
2023-02-06 00:00:00+08:00,6.880603790283203,6.880603790283203,6.880603790283203,6.880603790283203,2568,0.0,0.0
2023-02-07 00:00:00+08:00,6.798830986022949,7.114241123199463,6.798830986022949,7.009105205535889,29104,0.0,0.0
2023-02-08 00:00:00+08:00,6.810513019561768,7.160967826843262,6.810513019561768,7.090877056121826,47081,0.0,0.0
2023-02-09 00:00:00+08:00,6.950695037841797,7.020785808563232,6.950695037841797,7.020785808563232,50505,0.0,0.0
2023-02-10 00:00:00+08:00,7.067513942718506,7.067513942718506,6.974059104919434,7.009105205535889,43657,0.0,0.0
2023-02-13 00:00:00+08:00,6.810513019561768,7.032467842102051,6.798830986022949,7.032467842102051,46225,0.0,0.0
2023-02-14 00:00:00+08:00,6.974059104919434,7.009105205535889,6.974059104919434,7.009105205535889,41089,0.0,0.0
2023-02-15 00:00:00+08:00,7.009105205535889,7.032467842102051,7.009105205535889,6.962377071380615,24824,0.0,0.0
2023-02-16 00:00:00+08:00,7.009105205535889,7.009105205535889,7.009105205535889,7.009105205535889,54785,0.0,0.0
2023-02-17 00:00:00+08:00,7.149287223815918,7.149287223815918,6.962377071380615,7.009105205535889,124124,0.0,0.0
2023-02-20 00:00:00+08:00,7.009105205535889,7.009105205535889,7.009105205535889,7.009105205535889,0,0.0,0.0
2023-02-21 00:00:00+08:00,7.710014820098877,7.710014820098877,7.710014820098877,7.710014820098877,273929,0.0,0.0
2023-02-22 00:00:00+08:00,8.481017112731934,8.481017112731934,8.177289009094238,8.481017112731934,1694082,0.0,0.0
2023-02-23 00:00:00+08:00,8.39924430847168,8.94828987121582,8.352516174316406,8.644561767578125,1068324,0.0,0.0
2023-02-24 00:00:00+08:00,8.644561767578125,8.749698638916016,8.43428897857666,8.644561767578125,439143,0.0,0.0
2023-03-01 00:00:00+08:00,8.749698638916016,8.749698638916016,8.551108360290527,8.644561767578125,154085,0.0,0.0
2023-03-02 00:00:00+08:00,8.621198654174805,8.644561767578125,8.516061782836914,8.644561767578125,265369,0.0,0.0
2023-03-03 00:00:00+08:00,8.644561767578125,8.644561767578125,8.41092586517334,8.644561767578125,181478,0.0,0.0
2023-03-06 00:00:00+08:00,8.644561767578125,9.509018898010254,8.644561767578125,9.509018898010254,1291748,0.0,0.0
2023-03-07 00:00:00+08:00,9.46229076385498,10.023019790649414,9.403882026672363,9.9295654296875,986145,0.0,0.0
2023-03-08 00:00:00+08:00,9.95292854309082,10.922520637512207,9.95292854309082,10.922520637512207,2016805,0.0,0.0
2023-03-09 00:00:00+08:00,11.798660278320312,11.798660278320312,10.747294425964355,11.179521560668945,1055484,0.0,0.0
2023-03-10 00:00:00+08:00,11.214568138122559,11.565023422241211,10.86411190032959,11.319704055786133,837196,0.0,0.0
2023-03-13 00:00:00+08:00,11.331385612487793,11.681840896606445,11.331385612487793,11.401476860046387,544434,0.0,0.0
2023-03-14 00:00:00+08:00,11.331385612487793,11.331385612487793,10.86411190032959,11.319704055786133,394629,0.0,0.0
2023-03-15 00:00:00+08:00,11.319704055786133,11.4365234375,10.887475967407227,11.237931251525879,356108,0.0,0.0
2023-03-16 00:00:00+08:00,10.887475967407227,11.004294395446777,10.116474151611328,10.186565399169922,1214705,0.0,0.0
2023-03-17 00:00:00+08:00,10.396839141845703,10.86411190032959,10.396839141845703,10.630475044250488,405757,0.0,0.0
2023-03-20 00:00:00+08:00,10.513656616210938,10.630475044250488,10.291702270507812,10.513656616210938,265369,0.0,0.0
2023-03-21 00:00:00+08:00,10.431883811950684,11.132795333862305,10.431883811950684,11.097748756408691,284201,0.0,0.0
2023-03-22 00:00:00+08:00,11.109431266784668,12.207524299621582,11.097748756408691,11.97388744354248,1768556,0.0,0.0
2023-03-23 00:00:00+08:00,12.032296180725098,13.083662033081055,12.032296180725098,12.850025177001953,1475794,0.0,0.0
2023-03-24 00:00:00+08:00,13.375707626342773,14.135027885437012,13.317298889160156,13.959799766540527,2868554,0.0,0.0
2023-03-27 00:00:00+08:00,14.952756881713867,15.186393737792969,13.90139102935791,14.543891906738281,2112680,0.0,0.0
2023-03-28 00:00:00+08:00,15.653667449951172,15.653667449951172,14.602301597595215,15.361620903015137,1539996,0.0,0.0
2023-03-29 00:00:00+08:00,15.536849021911621,15.595257759094238,15.069575309753418,15.595257759094238,1265211,0.0,0.0
2023-03-30 00:00:00+08:00,15.770485877990723,17.1138973236084,15.770485877990723,17.1138973236084,2351512,0.0,0.0
2023-03-31 00:00:00+08:00,17.814807891845703,18.74935531616211,17.814807891845703,18.340490341186523,1563965,0.0,0.0
2023-04-06 00:00:00+08:00,19.099811553955078,19.216629028320312,16.938669204711914,16.938669204711914,1555405,0.0,0.0
2023-04-07 00:00:00+08:00,16.646623611450195,18.574127197265625,15.361620903015137,18.16526222229004,2833457,0.0,0.0
2023-04-10 00:00:00+08:00,17.522762298583984,17.756399154663086,17.3475341796875,17.464353561401367,1211281,0.0,0.0
2023-04-11 00:00:00+08:00,18.632537841796875,18.632537841796875,17.87321662902832,18.22367286682129,1118830,0.0,0.0
2023-04-12 00:00:00+08:00,18.16526222229004,18.22367286682129,17.990036010742188,18.16526222229004,856885,0.0,0.0
2023-04-13 00:00:00+08:00,18.690946578979492,19.742311477661133,18.690946578979492,19.742311477661133,2064742,0.0,0.0
2023-04-14 00:00:00+08:00,20.443222045898438,21.669815063476562,20.443222045898438,21.611406326293945,2462796,0.0,0.0
2023-04-17 00:00:00+08:00,22.54595375061035,23.013227462768555,21.845043182373047,21.845043182373047,2159762,0.0,0.0
2023-04-18 00:00:00+08:00,21.611406326293945,22.487545013427734,21.144132614135742,22.487545013427734,1057196,0.0,0.0
2023-04-19 00:00:00+08:00,23.013227462768555,23.597320556640625,23.013227462768555,23.480501174926758,1813070,0.0,0.0
2023-04-20 00:00:00+08:00,23.130046844482422,23.71413803100586,22.02027130126953,22.662771224975586,975017,0.0,0.0
2023-04-21 00:00:00+08:00,22.60436248779297,23.363683700561523,20.443222045898438,20.443222045898438,2146921,0.0,0.0
2023-04-24 00:00:00+08:00,20.38481330871582,20.38481330871582,18.98299217224121,20.0927677154541,1208713,0.0,0.0
2023-04-25 00:00:00+08:00,19.975948333740234,21.43617820739746,19.975948333740234,20.501632690429688,566691,0.0,0.0
2023-04-26 00:00:00+08:00,20.326404571533203,21.027315139770508,20.0927677154541,20.560041427612305,558987,0.0,0.0
2023-04-27 00:00:00+08:00,20.326404571533203,20.73526954650879,20.267995834350586,20.560041427612305,329571,0.0,0.0
2023-04-28 00:00:00+08:00,20.852087020874023,20.91049575805664,20.267995834350586,20.91049575805664,763578,0.0,0.0
2023-05-02 00:00:00+08:00,21.20254135131836,22.54595375061035,21.20254135131836,22.253908157348633,1352526,0.0,0.0
2023-05-03 00:00:00+08:00,22.370725631713867,23.363683700561523,22.07868003845215,23.363683700561523,1876416,0.0,0.0
2023-05-04 00:00:00+08:00,24.123003005981445,25.700050354003906,24.123003005981445,25.700050354003906,3657813,0.0,0.0
2023-05-05 00:00:00+08:00,26.809825897216797,27.0434627532959,25.34959602355957,25.466413497924805,1993692,0.0,0.0
2023-05-08 00:00:00+08:00,25.524824142456055,25.524824142456055,23.42209243774414,23.830957412719727,2184587,0.0,0.0
2023-05-09 00:00:00+08:00,24.064592361450195,24.356639862060547,23.013227462768555,23.363683700561523,1014394,0.0,0.0
2023-05-10 00:00:00+08:00,22.954818725585938,23.830957412719727,22.54595375061035,23.42209243774414,1161631,0.0,0.0
2023-05-11 00:00:00+08:00,23.94777488708496,24.006183624267578,21.085723876953125,21.085723876953125,2774391,0.0,0.0
2023-05-12 00:00:00+08:00,19.391857147216797,21.43617820739746,18.98299217224121,21.43617820739746,1962875,0.0,0.0
2023-05-15 00:00:00+08:00,20.91049575805664,21.43617820739746,20.443222045898438,20.73526954650879,541866,0.0,0.0
2023-05-16 00:00:00+08:00,20.67685890197754,20.67685890197754,19.80072021484375,20.326404571533203,610348,0.0,0.0
2023-05-17 00:00:00+08:00,20.0927677154541,21.903453826904297,20.0927677154541,20.852087020874023,1154783,0.0,0.0
2023-05-18 00:00:00+08:00,20.67685890197754,21.20254135131836,20.501632690429688,20.501632690429688,910815,0.0,0.0
2023-05-19 00:00:00+08:00,20.501632690429688,21.027315139770508,19.6254940032959,19.917539596557617,718208,0.0,0.0
2023-05-22 00:00:00+08:00,19.859130859375,20.793678283691406,18.924583435058594,20.618450164794922,667702,0.0,0.0
2023-05-23 00:00:00+08:00,20.618450164794922,20.91049575805664,20.326404571533203,20.73526954650879,428870,0.0,0.0
2023-05-24 00:00:00+08:00,20.67685890197754,20.73526954650879,20.209585189819336,20.501632690429688,219143,0.0,0.0
2023-05-25 00:00:00+08:00,20.501632690429688,20.501632690429688,19.859130859375,19.975948333740234,300466,0.0,0.0
2023-05-26 00:00:00+08:00,20.03435707092285,20.443222045898438,19.742311477661133,19.742311477661133,403189,0.0,0.0
2023-05-29 00:00:00+08:00,20.560041427612305,20.560041427612305,19.6254940032959,20.560041427612305,494784,0.0,0.0
2023-05-30 00:00:00+08:00,20.793678283691406,20.793678283691406,20.209585189819336,20.267995834350586,297898,0.0,0.0
2023-05-31 00:00:00+08:00,20.443222045898438,20.73526954650879,20.15117645263672,20.209585189819336,330427,0.0,0.0
2023-06-01 00:00:00+08:00,20.618450164794922,20.618450164794922,20.209585189819336,20.267995834350586,212295,0.0,0.0
2023-06-02 00:00:00+08:00,20.67685890197754,21.20254135131836,20.326404571533203,20.968904495239258,689959,0.0,0.0
2023-06-05 00:00:00+08:00,21.027315139770508,21.085723876953125,20.618450164794922,20.73526954650879,395485,0.0,0.0
2023-06-06 00:00:00+08:00,20.91049575805664,21.319360733032227,20.326404571533203,20.560041427612305,391205,0.0,0.0
2023-06-07 00:00:00+08:00,20.267995834350586,20.73526954650879,20.267995834350586,20.443222045898438,255096,0.0,0.0
2023-06-08 00:00:00+08:00,20.443222045898438,20.618450164794922,20.267995834350586,20.501632690429688,299610,0.0,0.0
2023-06-09 00:00:00+08:00,20.91049575805664,21.611406326293945,20.560041427612305,21.144132614135742,1027235,0.0,0.0
2023-06-12 00:00:00+08:00,22.429136276245117,23.246864318847656,21.961862564086914,23.18845558166504,3741704,0.0,0.0
2023-06-13 00:00:00+08:00,22.253908157348633,22.779590606689453,21.611406326293945,22.253908157348633,1828478,0.0,0.0
2023-06-14 00:00:00+08:00,22.487545013427734,22.662771224975586,22.195499420166016,22.253908157348633,636885,0.0,0.0
2023-06-15 00:00:00+08:00,21.728225708007812,23.071636199951172,21.728225708007812,22.487545013427734,969025,0.0,0.0
2023-06-16 00:00:00+08:00,22.487545013427734,23.071636199951172,22.487545013427734,22.896408081054688,432294,0.0,0.0
2023-06-19 00:00:00+08:00,22.662771224975586,24.181411743164062,22.60436248779297,23.830957412719727,1311437,0.0,0.0
2023-06-20 00:00:00+08:00,24.47345733642578,25.583232879638672,23.480501174926758,25.583232879638672,1367934,0.0,0.0
2023-06-21 00:00:00+08:00,26.868234634399414,26.868234634399414,25.524824142456055,26.284143447875977,2196571,0.0,0.0
2023-06-26 00:00:00+08:00,26.16732406616211,26.75141716003418,25.700050354003906,26.284143447875977,1250658,0.0,0.0
2023-06-27 00:00:00+08:00,26.634599685668945,26.634599685668945,26.284143447875977,26.284143447875977,772994,0.0,0.0
2023-06-28 00:00:00+08:00,26.517780303955078,26.634599685668945,25.34959602355957,25.408004760742188,1050348,0.0,0.0
2023-06-29 00:00:00+08:00,25.524824142456055,25.524824142456055,23.597320556640625,24.999141693115234,1125678,0.0,0.0
2023-06-30 00:00:00+08:00,24.82391357421875,25.291187286376953,24.298229217529297,24.5318660736084,628325,0.0,0.0
2023-07-03 00:00:00+08:00,24.765504837036133,26.400962829589844,24.415048599243164,26.284143447875977,724200,0.0,0.0
2023-07-04 00:00:00+08:00,25.933687210083008,26.517780303955078,25.700050354003906,26.400962829589844,947624,0.0,0.0
2023-07-05 00:00:00+08:00,26.868234634399414,26.868234634399414,26.517780303955078,26.868234634399414,1019531,0.0,0.0
2023-07-06 00:00:00+08:00,26.108915328979492,27.0434627532959,25.583232879638672,25.816869735717773,3688630,0.0,0.0
2023-07-07 00:00:00+08:00,25.816869735717773,27.452327728271484,25.232778549194336,26.868234634399414,2556959,0.0,0.0
2023-07-10 00:00:00+08:00,27.56914520263672,28.854148864746094,26.868234634399414,28.620512008666992,2430267,0.0,0.0
2023-07-11 00:00:00+08:00,27.978010177612305,27.978010177612305,26.284143447875977,26.284143447875977,1968867,0.0,0.0
2023-07-12 00:00:00+08:00,26.75141716003418,26.75141716003418,24.298229217529297,25.05755043029785,1129958,0.0,0.0
2023-07-13 00:00:00+08:00,24.648685455322266,24.765504837036133,23.246864318847656,23.655729293823242,1373927,0.0,0.0
2023-07-14 00:00:00+08:00,23.480501174926758,25.232778549194336,23.480501174926758,25.11595916748047,571827,0.0,0.0
2023-07-17 00:00:00+08:00,27.218690872192383,27.218690872192383,25.700050354003906,26.284143447875977,1036651,0.0,0.0
2023-07-18 00:00:00+08:00,26.284143447875977,26.284143447875977,25.174367904663086,25.408004760742188,596652,0.0,0.0
2023-07-19 00:00:00+08:00,27.335508346557617,27.335508346557617,25.992097854614258,26.284143447875977,796107,0.0,0.0
2023-07-20 00:00:00+08:00,26.16732406616211,26.75141716003418,25.700050354003906,25.933687210083008,492216,0.0,0.0
2023-07-21 00:00:00+08:00,25.34959602355957,25.933687210083008,25.232778549194336,25.583232879638672,538442,0.0,0.0
2023-07-24 00:00:00+08:00,25.700050354003906,25.700050354003906,23.363683700561523,23.772546768188477,820076,0.0,0.0
2023-07-25 00:00:00+08:00,23.772546768188477,24.707094192504883,23.363683700561523,24.415048599243164,270505,0.0,0.0
2023-07-26 00:00:00+08:00,24.882322311401367,24.882322311401367,24.064592361450195,24.415048599243164,149805,0.0,0.0
2023-07-27 00:00:00+08:00,24.356639862060547,24.59027671813965,23.830957412719727,24.181411743164062,233696,0.0,0.0
2023-07-28 00:00:00+08:00,23.94777488708496,24.47345733642578,23.772546768188477,23.772546768188477,281633,0.0,0.0
2023-07-31 00:00:00+08:00,24.298229217529297,24.765504837036133,23.830957412719727,23.94777488708496,324435,0.0,0.0
2023-08-01 00:00:00+08:00,23.94777488708496,24.415048599243164,23.363683700561523,23.597320556640625,313306,0.0,0.0
2023-08-02 00:00:00+08:00,23.655729293823242,23.94777488708496,23.130046844482422,23.246864318847656,484512,0.0,0.0
2023-08-04 00:00:00+08:00,23.830957412719727,23.830957412719727,23.130046844482422,23.305273056030273,203734,0.0,0.0
2023-08-07 00:00:00+08:00,23.363683700561523,23.363683700561523,21.027315139770508,21.961862564086914,744745,0.0,0.0
2023-08-08 00:00:00+08:00,22.195499420166016,22.195499420166016,21.728225708007812,21.903453826904297,202878,0.0,0.0
2023-08-09 00:00:00+08:00,21.552997589111328,22.02027130126953,20.91049575805664,22.02027130126953,421166,0.0,0.0
2023-08-10 00:00:00+08:00,21.961862564086914,23.363683700561523,21.552997589111328,22.1370906829834,575251,0.0,0.0
2023-08-11 00:00:00+08:00,21.961862564086914,22.721181869506836,21.961862564086914,22.662771224975586,266225,0.0,0.0
2023-08-14 00:00:00+08:00,22.662771224975586,22.896408081054688,21.961862564086914,22.195499420166016,243112,0.0,0.0
2023-08-15 00:00:00+08:00,22.253908157348633,24.006183624267578,22.195499420166016,24.006183624267578,850037,0.0,0.0
2023-08-16 00:00:00+08:00,24.064592361450195,25.232778549194336,23.830957412719727,24.181411743164062,1137663,0.0,0.0
2023-08-17 00:00:00+08:00,24.181411743164062,25.583232879638672,24.064592361450195,25.11595916748047,2301863,0.0,0.0
2023-08-18 00:00:00+08:00,25.700050354003906,26.108915328979492,24.765504837036133,24.999141693115234,1444977,0.0,0.0
2023-08-21 00:00:00+08:00,25.174367904663086,25.933687210083008,25.11595916748047,25.232778549194336,1055484,0.0,0.0
2023-08-22 00:00:00+08:00,25.232778549194336,25.466413497924805,23.480501174926758,23.538911819458008,1188168,0.0,0.0
2023-08-23 00:00:00+08:00,23.480501174926758,23.94777488708496,22.954818725585938,23.42209243774414,617197,0.0,0.0
2023-08-24 00:00:00+08:00,24.356639862060547,25.758459091186523,23.538911819458008,25.758459091186523,4712441,0.0,0.0
2023-08-25 00:00:00+08:00,27.685964584350586,28.328466415405273,27.393917083740234,28.328466415405273,13982384,0.0,0.0
2023-08-28 00:00:00+08:00,30.548015594482422,31.132108688354492,25.524824142456055,27.62755584716797,19154513,0.0,0.0
2023-08-29 00:00:00+08:00,26.45937156677246,28.970966339111328,26.45937156677246,26.45937156677246,4905904,0.0,0.0
2023-08-30 00:00:00+08:00,27.685964584350586,28.445283889770508,26.809825897216797,27.978010177612305,4422247,0.0,0.0
2023-08-31 00:00:00+08:00,28.620512008666992,30.723243713378906,27.685964584350586,30.723243713378906,16462301,0.0,0.0
2023-09-01 00:00:00+08:00,31.36574363708496,33.760520935058594,30.956880569458008,33.760520935058594,15978644,0.0,0.0
2023-09-04 00:00:00+08:00,36.56416320800781,36.79780197143555,31.540971755981445,32.24188232421875,34343899,0.0,0.0
2023-09-05 00:00:00+08:00,31.89142608642578,35.45438766479492,31.774608612060547,35.45438766479492,18670857,0.0,0.0
2023-09-06 00:00:00+08:00,35.80484390258789,37.90757751464844,35.33757019042969,35.74643325805664,46797415,0.0,0.0
2023-09-07 00:00:00+08:00,35.04552459716797,37.323482513427734,34.695068359375,34.75347900390625,16727670,0.0,0.0
2023-09-08 00:00:00+08:00,34.928707122802734,35.51279830932617,32.70915603637695,32.94279479980469,11408303,0.0,0.0
2023-09-11 00:00:00+08:00,32.7675666809082,34.98711395263672,32.00824737548828,33.41006851196289,10316010,0.0,0.0
2023-09-12 00:00:00+08:00,30.372787475585938,34.2277946472168,30.372787475585938,30.372787475585938,13417404,0.0,0.0
2023-09-13 00:00:00+08:00,30.84006118774414,31.599380493164062,29.7886962890625,30.31437873840332,5058277,0.0,0.0
2023-09-14 00:00:00+08:00,30.372787475585938,31.307334899902344,30.0223331451416,30.89847183227539,3651821,0.0,0.0
2023-09-15 00:00:00+08:00,31.19051742553711,31.307334899902344,29.905513763427734,30.0223331451416,2628866,0.0,0.0
2023-09-18 00:00:00+08:00,30.0223331451416,31.774608612060547,29.5550594329834,31.073698043823242,3133923,0.0,0.0
2023-09-19 00:00:00+08:00,31.307334899902344,34.16938781738281,31.307334899902344,33.176429748535156,12797639,0.0,0.0
2023-09-20 00:00:00+08:00,32.70915603637695,33.87733840942383,32.125064849853516,32.30029296875,6415084,0.0,0.0
2023-09-21 00:00:00+08:00,31.599380493164062,33.87733840942383,31.540971755981445,33.29324722290039,7870334,0.0,0.0
2023-09-22 00:00:00+08:00,33.00120162963867,33.64370346069336,32.53392791748047,33.234840393066406,4160302,0.0,0.0
2023-09-25 00:00:00+08:00,33.29324722290039,33.87733840942383,32.1834716796875,32.1834716796875,3990809,0.0,0.0
2023-09-26 00:00:00+08:00,32.358699798583984,33.35165786743164,32.30029296875,32.417110443115234,3809330,0.0,0.0
2023-09-27 00:00:00+08:00,32.417110443115234,33.176429748535156,32.24188232421875,32.358699798583984,2157194,0.0,0.0
2023-09-28 00:00:00+08:00,32.53392791748047,33.00120162963867,32.24188232421875,32.30029296875,1871280,0.0,0.0
2023-10-02 00:00:00+08:00,32.358699798583984,32.88438415527344,30.956880569458008,31.19051742553711,3472055,0.0,0.0
2023-10-03 00:00:00+08:00,31.307334899902344,31.94983673095703,30.548015594482422,30.548015594482422,2061318,0.0,0.0
2023-10-04 00:00:00+08:00,30.60642433166504,30.89847183227539,30.0223331451416,30.664833068847656,1859295,0.0,0.0
2023-10-05 00:00:00+08:00,30.956880569458008,32.94279479980469,30.956880569458008,31.833017349243164,8325741,0.0,0.0
2023-10-06 00:00:00+08:00,31.774608612060547,32.358699798583984,31.42415428161621,31.599380493164062,1647856,0.0,0.0
2023-10-11 00:00:00+08:00,31.774608612060547,32.066654205322266,30.431196212768555,31.132108688354492,1639296,0.0,0.0
2023-10-12 00:00:00+08:00,30.60642433166504,31.19051742553711,30.139150619506836,30.372787475585938,1987700,0.0,0.0
2023-10-13 00:00:00+08:00,30.197559356689453,30.548015594482422,29.905513763427734,30.139150619506836,1143655,0.0,0.0
2023-10-16 00:00:00+08:00,29.905513763427734,30.372787475585938,28.737329483032227,28.737329483032227,1744587,0.0,0.0
2023-10-17 00:00:00+08:00,28.737329483032227,29.730287551879883,28.620512008666992,29.029375076293945,1311437,0.0,0.0
2023-10-18 00:00:00+08:00,29.087785720825195,29.7886962890625,28.094829559326172,28.270055770874023,949336,0.0,0.0
2023-10-19 00:00:00+08:00,27.62755584716797,28.328466415405273,26.634599685668945,26.868234634399414,2372057,0.0,0.0
2023-10-20 00:00:00+08:00,26.926645278930664,27.218690872192383,26.108915328979492,26.98505401611328,1031515,0.0,0.0
2023-10-23 00:00:00+08:00,26.868234634399414,28.970966339111328,26.868234634399414,28.503692626953125,1915793,0.0,0.0
2023-10-24 00:00:00+08:00,28.270055770874023,30.08074188232422,28.094829559326172,30.08074188232422,1703498,0.0,0.0
2023-10-25 00:00:00+08:00,29.905513763427734,31.540971755981445,29.905513763427734,30.25596809387207,2678516,0.0,0.0
2023-10-26 00:00:00+08:00,29.613468170166016,30.548015594482422,29.321422576904297,29.43824005126953,1279763,0.0,0.0
2023-10-27 00:00:00+08:00,29.43824005126953,29.96392250061035,28.91255760192871,28.970966339111328,1040931,0.0,0.0
2023-10-30 00:00:00+08:00,29.5550594329834,29.613468170166016,28.970966339111328,29.5550594329834,535874,0.0,0.0
2023-10-31 00:00:00+08:00,29.5550594329834,30.0223331451416,28.270055770874023,28.38687515258789,888558,0.0,0.0
2023-11-01 00:00:00+08:00,28.91255760192871,29.029375076293945,28.211647033691406,28.211647033691406,456263,0.0,0.0
2023-11-02 00:00:00+08:00,28.737329483032227,29.087785720825195,28.38687515258789,28.562101364135742,473384,0.0,0.0
2023-11-03 00:00:00+08:00,29.029375076293945,29.379831314086914,28.620512008666992,28.67892074584961,652294,0.0,0.0
2023-11-06 00:00:00+08:00,29.26301383972168,29.7886962890625,28.970966339111328,29.49665069580078,1097429,0.0,0.0
2023-11-07 00:00:00+08:00,29.49665069580078,29.730287551879883,28.91255760192871,28.970966339111328,731905,0.0,0.0
2023-11-08 00:00:00+08:00,28.970966339111328,29.5550594329834,28.737329483032227,28.970966339111328,482800,0.0,0.0
2023-11-09 00:00:00+08:00,29.43824005126953,29.43824005126953,28.15323829650879,28.211647033691406,629181,0.0,0.0
2023-11-10 00:00:00+08:00,28.094829559326172,29.43824005126953,28.094829559326172,28.970966339111328,1090581,0.0,0.0
2023-11-13 00:00:00+08:00,29.905513763427734,31.482563018798828,29.20460319519043,30.31437873840332,3578202,0.0,0.0
2023-11-14 00:00:00+08:00,30.25596809387207,30.89847183227539,30.139150619506836,30.31437873840332,1233538,0.0,0.0
2023-11-15 00:00:00+08:00,30.89847183227539,31.307334899902344,30.548015594482422,30.548015594482422,2376337,0.0,0.0
2023-11-16 00:00:00+08:00,30.60642433166504,31.132108688354492,30.31437873840332,30.723243713378906,1519452,0.0,0.0
2023-11-17 00:00:00+08:00,30.781652450561523,31.073698043823242,30.548015594482422,31.073698043823242,1475794,0.0,0.0
2023-11-20 00:00:00+08:00,30.956880569458008,31.42415428161621,30.723243713378906,30.956880569458008,1112838,0.0,0.0
2023-11-21 00:00:00+08:00,31.307334899902344,31.307334899902344,30.664833068847656,30.781652450561523,1283188,0.0,0.0
2023-11-22 00:00:00+08:00,30.84006118774414,31.307334899902344,30.84006118774414,31.132108688354492,1097429,0.0,0.0
2023-11-23 00:00:00+08:00,31.307334899902344,32.47551727294922,31.015289306640625,31.073698043823242,2822328,0.0,0.0
2023-11-24 00:00:00+08:00,31.073698043823242,31.307334899902344,30.60642433166504,31.073698043823242,1064044,0.0,0.0
2023-11-27 00:00:00+08:00,31.19051742553711,31.248926162719727,30.139150619506836,30.197559356689453,1050348,0.0,0.0
2023-11-28 00:00:00+08:00,30.431196212768555,33.176429748535156,30.372787475585938,33.176429748535156,4941857,0.0,0.0
2023-11-29 00:00:00+08:00,34.16938781738281,35.980072021484375,33.526885986328125,34.870296478271484,15565182,0.0,0.0
2023-11-30 00:00:00+08:00,35.04552459716797,36.44734573364258,34.28620529174805,34.870296478271484,10073754,0.0,0.0
2023-12-01 00:00:00+08:00,34.578250885009766,35.571205139160156,34.2277946472168,34.46143341064453,2663963,0.0,0.0
2023-12-04 00:00:00+08:00,34.636661529541016,35.10393524169922,33.58529281616211,33.58529281616211,3413845,0.0,0.0
2023-12-05 00:00:00+08:00,33.468475341796875,35.45438766479492,32.82597351074219,34.46143341064453,4519835,0.0,0.0
2023-12-06 00:00:00+08:00,35.04552459716797,35.629615783691406,34.05256652832031,34.34461212158203,3802482,0.0,0.0
2023-12-07 00:00:00+08:00,33.87733840942383,35.39598083496094,33.87733840942383,34.40302276611328,2687076,0.0,0.0
2023-12-08 00:00:00+08:00,34.46143341064453,35.10393524169922,34.46143341064453,34.75347900390625,2415714,0.0,0.0
2023-12-11 00:00:00+08:00,34.75347900390625,35.39598083496094,34.46143341064453,34.46143341064453,2460228,0.0,0.0
2023-12-12 00:00:00+08:00,35.629615783691406,36.62257385253906,34.519840240478516,34.519840240478516,6477574,0.0,0.0
2023-12-13 00:00:00+08:00,34.40302276611328,35.571205139160156,34.05256652832031,34.8118896484375,3299993,0.0,0.0
2023-12-14 00:00:00+08:00,35.22075271606445,35.45438766479492,34.11097717285156,34.2277946472168,2532991,0.0,0.0
2023-12-15 00:00:00+08:00,33.99415969848633,34.40302276611328,33.526885986328125,33.760520935058594,1432137,0.0,0.0
2023-12-18 00:00:00+08:00,33.818931579589844,34.11097717285156,32.417110443115234,32.47551727294922,1757428,0.0,0.0
2023-12-19 00:00:00+08:00,32.53392791748047,32.59233856201172,31.540971755981445,31.71619987487793,1420152,0.0,0.0
2023-12-20 00:00:00+08:00,32.1834716796875,32.53392791748047,31.89142608642578,31.89142608642578,556419,0.0,0.0
2023-12-21 00:00:00+08:00,31.42415428161621,31.94983673095703,31.132108688354492,31.540971755981445,755873,0.0,0.0
2023-12-22 00:00:00+08:00,31.94983673095703,32.1834716796875,31.307334899902344,31.307334899902344,830348,0.0,0.0
2023-12-25 00:00:00+08:00,31.482563018798828,31.71619987487793,31.015289306640625,31.015289306640625,647158,0.0,0.0
2023-12-26 00:00:00+08:00,31.19051742553711,31.833017349243164,31.132108688354492,31.599380493164062,753305,0.0,0.0
2023-12-27 00:00:00+08:00,31.94983673095703,32.125064849853516,31.599380493164062,31.65778923034668,478520,0.0,0.0
2023-12-28 00:00:00+08:00,31.774608612060547,32.6507453918457,31.71619987487793,32.30029296875,1137663,0.0,0.0
2023-12-29 00:00:00+08:00,32.066654205322266,32.47551727294922,31.89142608642578,32.24188232421875,595796,0.0,0.0
2024-01-02 00:00:00+08:00,32.125064849853516,33.234840393066406,32.066654205322266,33.234840393066406,805523,0.0,0.0
2024-01-03 00:00:00+08:00,33.05961227416992,33.29324722290039,32.358699798583984,32.59233856201172,670271,0.0,0.0
2024-01-04 00:00:00+08:00,32.82597351074219,33.87733840942383,32.82597351074219,32.88438415527344,1038363,0.0,0.0
2024-01-05 00:00:00+08:00,32.82597351074219,33.526885986328125,32.82597351074219,32.88438415527344,617197,0.0,0.0
2024-01-08 00:00:00+08:00,33.234840393066406,33.64370346069336,33.00120162963867,33.526885986328125,839764,0.0,0.0
2024-01-09 00:00:00+08:00,33.760520935058594,33.760520935058594,33.05961227416992,33.29324722290039,588948,0.0,0.0
2024-01-10 00:00:00+08:00,33.05961227416992,33.70211410522461,33.05961227416992,33.118019104003906,808091,0.0,0.0
2024-01-11 00:00:00+08:00,33.00120162963867,33.00120162963867,31.65778923034668,32.066654205322266,1682097,0.0,0.0
2024-01-12 00:00:00+08:00,32.066654205322266,32.47551727294922,31.540971755981445,31.540971755981445,586380,0.0,0.0
2024-01-15 00:00:00+08:00,32.24188232421875,34.34461212158203,31.89142608642578,33.468475341796875,2512103,0.0,0.0
2024-01-16 00:00:00+08:00,33.05961227416992,33.70211410522461,32.24188232421875,32.358699798583984,951048,0.0,0.0
2024-01-17 00:00:00+08:00,32.358699798583984,32.6507453918457,31.540971755981445,31.540971755981445,962177,0.0,0.0
2024-01-18 00:00:00+08:00,31.540971755981445,32.00824737548828,31.307334899902344,31.599380493164062,458831,0.0,0.0
2024-01-19 00:00:00+08:00,32.00824737548828,32.00824737548828,31.599380493164062,31.599380493164062,348403,0.0,0.0
2024-01-22 00:00:00+08:00,31.94983673095703,32.1834716796875,31.774608612060547,32.00824737548828,341555,0.0,0.0
2024-01-23 00:00:00+08:00,32.00824737548828,33.234840393066406,31.833017349243164,32.70915603637695,906535,0.0,0.0
2024-01-24 00:00:00+08:00,33.35165786743164,34.05256652832031,33.05961227416992,33.35165786743164,1768556,0.0,0.0
2024-01-25 00:00:00+08:00,33.760520935058594,33.99415969848633,33.176429748535156,33.176429748535156,1143655,0.0,0.0
2024-01-26 00:00:00+08:00,33.41006851196289,33.468475341796875,32.70915603637695,32.7675666809082,509337,0.0,0.0
2024-01-29 00:00:00+08:00,32.7675666809082,33.41006851196289,32.70915603637695,32.70915603637695,370660,0.0,0.0
2024-01-30 00:00:00+08:00,32.6507453918457,33.818931579589844,32.358699798583984,33.58529281616211,1138519,0.0,0.0
2024-01-31 00:00:00+08:00,33.93574905395508,34.34461212158203,33.526885986328125,34.05256652832031,1801085,0.0,0.0
2024-02-01 00:00:00+08:00,34.11097717285156,34.11097717285156,33.176429748535156,33.64370346069336,941632,0.0,0.0
2024-02-02 00:00:00+08:00,34.11097717285156,34.870296478271484,33.526885986328125,34.28620529174805,2799216,0.0,0.0
2024-02-05 00:00:00+08:00,34.636661529541016,34.636661529541016,33.526885986328125,33.64370346069336,1248946,0.0,0.0
2024-02-15 00:00:00+08:00,35.04552459716797,36.038482666015625,33.41006851196289,34.578250885009766,5327927,0.0,0.0
2024-02-16 00:00:00+08:00,35.980072021484375,38.02439498901367,35.1623420715332,38.02439498901367,8155392,0.0,0.0
2024-02-19 00:00:00+08:00,41.82099151611328,41.82099151611328,41.82099151611328,41.82099151611328,2148633,0.0,0.0
2024-02-20 00:00:00+08:00,45.968048095703125,45.968048095703125,44.858272552490234,45.968048095703125,17291793,0.0,0.0
2024-02-21 00:00:00+08:00,45.968048095703125,46.02645492553711,42.6971321105957,44.449405670166016,24214503,0.0,0.0
2024-02-22 00:00:00+08:00,45.617591857910156,47.83713912963867,43.51485824584961,44.566226959228516,15149152,0.0,0.0
2024-02-23 00:00:00+08:00,45.32554626464844,47.54509353637695,44.507816314697266,44.566226959228516,15240747,0.0,0.0
2024-02-26 00:00:00+08:00,44.68304443359375,45.44236373901367,42.405086517333984,42.405086517333984,11525579,0.0,0.0
2024-02-27 00:00:00+08:00,42.63872146606445,42.63872146606445,39.2509880065918,40.36076354980469,3886373,0.0,0.0
2024-02-29 00:00:00+08:00,39.776668548583984,42.054630279541016,39.776668548583984,41.93781280517578,1519452,0.0,0.0
2024-03-01 00:00:00+08:00,41.52894592285156,41.70417404174805,41.06167221069336,41.178489685058594,1173616,0.0,0.0
2024-03-04 00:00:00+08:00,41.6457633972168,42.6971321105957,41.58735656738281,42.17144775390625,1146223,0.0,0.0
2024-03-05 00:00:00+08:00,42.17144775390625,42.5803108215332,41.58735656738281,42.405086517333984,981865,0.0,0.0
2024-03-06 00:00:00+08:00,42.054630279541016,44.2741813659668,42.054630279541016,43.690086364746094,1368791,0.0,0.0
2024-03-07 00:00:00+08:00,44.04054260253906,44.04054260253906,42.46349334716797,42.52190399169922,1157351,0.0,0.0
2024-03-08 00:00:00+08:00,42.87236022949219,43.22281265258789,40.53599166870117,42.054630279541016,1305444,0.0,0.0
2024-03-11 00:00:00+08:00,42.054630279541016,43.105995178222656,42.054630279541016,43.105995178222656,854317,0.0,0.0
2024-03-12 00:00:00+08:00,43.806907653808594,44.39099884033203,43.22281265258789,44.21577072143555,1835327,0.0,0.0
2024-03-13 00:00:00+08:00,44.21577072143555,44.21577072143555,44.21577072143555,44.21577072143555,0,0.0,0.0
2024-03-14 00:00:00+08:00,43.339630126953125,43.57326889038086,39.776668548583984,41.295310974121094,4356333,0.0,0.0
2024-03-15 00:00:00+08:00,41.295310974121094,41.47053909301758,38.725303649902344,38.783714294433594,3109954,0.0,0.0
2024-03-18 00:00:00+08:00,38.783714294433594,38.783714294433594,38.783714294433594,38.783714294433594,0,0.0,0.0
2024-03-19 00:00:00+08:00,39.65985107421875,40.30235290527344,38.90053176879883,38.95894241333008,1195017,0.0,0.0
2024-03-20 00:00:00+08:00,39.36780548095703,39.36780548095703,38.02439498901367,38.082801818847656,1577662,0.0,0.0
2024-03-21 00:00:00+08:00,38.082801818847656,38.25802993774414,37.55712127685547,37.79075622558594,1481786,0.0,0.0
2024-03-22 00:00:00+08:00,38.082801818847656,40.30235290527344,37.96598434448242,39.01734924316406,2067311,0.0,0.0
2024-03-25 00:00:00+08:00,39.01734924316406,39.01734924316406,39.01734924316406,39.01734924316406,0,0.0,0.0
2024-03-26 00:00:00+08:00,42.46349334716797,44.1573600769043,41.70417404174805,43.164405822753906,9257958,0.0,0.0
2024-03-27 00:00:00+08:00,43.51485824584961,43.806907653808594,41.996219635009766,42.2298583984375,3092834,0.0,0.0
2024-03-28 00:00:00+08:00,42.52190399169922,43.105995178222656,41.47053909301758,41.52894592285156,1424432,0.0,0.0
2024-03-29 00:00:00+08:00,41.82099151611328,41.82099151611328,40.1855354309082,40.24394226074219,1652136,0.0,0.0
2024-04-01 00:00:00+08:00,40.41917037963867,41.003265380859375,40.36076354980469,40.41917037963867,648014,0.0,0.0
2024-04-02 00:00:00+08:00,40.886444091796875,40.886444091796875,39.42621612548828,39.42621612548828,1400464,0.0,0.0
2024-04-03 00:00:00+08:00,39.893489837646484,40.0687141418457,39.13417053222656,39.42621612548828,641166,0.0,0.0
2024-04-08 00:00:00+08:00,39.2509880065918,41.12008285522461,38.95894241333008,41.12008285522461,1069180,0.0,0.0
2024-04-09 00:00:00+08:00,41.12008285522461,42.81394958496094,40.76962661743164,41.52894592285156,2119528,0.0,0.0
2024-04-10 00:00:00+08:00,42.63872146606445,43.690086364746094,41.58735656738281,41.7625846862793,4096956,0.0,0.0
2024-04-11 00:00:00+08:00,41.82099151611328,42.46349334716797,40.886444091796875,41.295310974121094,3692910,0.0,0.0
2024-04-12 00:00:00+08:00,41.295310974121094,45.2087287902832,41.06167221069336,45.03350067138672,13773513,0.0,0.0
2024-04-15 00:00:00+08:00,45.38395309448242,48.479644775390625,44.68304443359375,44.68304443359375,14179271,0.0,0.0
2024-04-16 00:00:00+08:00,44.68304443359375,44.799861907958984,41.236900329589844,41.996219635009766,4953842,0.0,0.0
2024-04-17 00:00:00+08:00,42.288265228271484,46.02645492553711,42.288265228271484,45.73440933227539,7483409,0.0,0.0
2024-04-18 00:00:00+08:00,45.79281997680664,47.19464111328125,44.507816314697266,44.68304443359375,10068617,0.0,0.0
2024-04-19 00:00:00+08:00,45.2087287902832,46.49372863769531,42.288265228271484,43.28122329711914,6605122,0.0,0.0
2024-04-22 00:00:00+08:00,44.39099884033203,44.68304443359375,41.178489685058594,41.236900329589844,3404428,0.0,0.0
2024-04-23 00:00:00+08:00,42.5803108215332,42.63872146606445,40.652809143066406,40.652809143066406,1605055,0.0,0.0
2024-04-24 00:00:00+08:00,40.886444091796875,41.82099151611328,40.886444091796875,41.178489685058594,1387623,0.0,0.0
2024-04-25 00:00:00+08:00,41.003265380859375,41.295310974121094,40.24394226074219,40.36076354980469,1183032,0.0,0.0
2024-04-26 00:00:00+08:00,40.47758102416992,41.41212844848633,40.30235290527344,40.30235290527344,1073460,0.0,0.0
2024-04-29 00:00:00+08:00,40.652809143066406,40.76962661743164,39.30939865112305,39.543033599853516,2134081,0.0,0.0
2024-04-30 00:00:00+08:00,39.71826171875,40.1855354309082,39.543033599853516,40.1855354309082,675407,0.0,0.0
2024-05-02 00:00:00+08:00,40.1855354309082,40.594398498535156,40.01030731201172,40.1855354309082,664278,0.0,0.0
2024-05-03 00:00:00+08:00,40.594398498535156,40.82803726196289,39.71826171875,39.71826171875,745601,0.0,0.0
2024-05-06 00:00:00+08:00,39.95189666748047,39.95189666748047,39.543033599853516,39.601444244384766,515329,0.0,0.0
2024-05-07 00:00:00+08:00,39.71826171875,41.52894592285156,39.601444244384766,41.12008285522461,1300308,0.0,0.0
2024-05-08 00:00:00+08:00,41.12008285522461,43.398040771484375,40.594398498535156,42.405086517333984,2874546,0.0,0.0
2024-05-09 00:00:00+08:00,42.405086517333984,42.98917770385742,41.178489685058594,41.295310974121094,1228402,0.0,0.0
2024-05-10 00:00:00+08:00,41.236900329589844,41.52894592285156,40.594398498535156,41.003265380859375,756729,0.0,0.0
2024-05-13 00:00:00+08:00,41.003265380859375,41.003265380859375,39.71826171875,39.835079193115234,1065756,0.0,0.0
2024-05-14 00:00:00+08:00,39.835079193115234,40.711219787597656,39.07575988769531,39.2509880065918,1588790,0.0,0.0
2024-05-15 00:00:00+08:00,39.36780548095703,39.65985107421875,38.55007553100586,39.2509880065918,1742019,0.0,0.0
2024-05-16 00:00:00+08:00,40.1855354309082,41.12008285522461,39.71826171875,39.776668548583984,1554549,0.0,0.0
2024-05-17 00:00:00+08:00,39.776668548583984,41.35371780395508,39.776668548583984,40.1855354309082,1511747,0.0,0.0
2024-05-20 00:00:00+08:00,40.886444091796875,42.288265228271484,40.53599166870117,41.12008285522461,2966141,0.0,0.0
2024-05-21 00:00:00+08:00,41.178489685058594,42.2298583984375,41.06167221069336,41.178489685058594,1763420,0.0,0.0
2024-05-22 00:00:00+08:00,41.41212844848633,41.6457633972168,40.0687141418457,40.12712478637695,1606767,0.0,0.0
2024-05-23 00:00:00+08:00,39.835079193115234,40.1855354309082,39.484622955322266,39.543033599853516,1174472,0.0,0.0
2024-05-24 00:00:00+08:00,39.543033599853516,40.1855354309082,39.30939865112305,39.601444244384766,569259,0.0,0.0
2024-05-27 00:00:00+08:00,40.12712478637695,40.1855354309082,39.30939865112305,39.484622955322266,1020387,0.0,0.0
2024-05-28 00:00:00+08:00,39.484622955322266,40.1855354309082,39.484622955322266,39.601444244384766,1077741,0.0,0.0
2024-05-29 00:00:00+08:00,39.65985107421875,40.12712478637695,39.484622955322266,39.65985107421875,558131,0.0,0.0
2024-05-30 00:00:00+08:00,39.65985107421875,39.95189666748047,39.484622955322266,39.65985107421875,456263,0.0,0.0
2024-05-31 00:00:00+08:00,39.95189666748047,39.95189666748047,39.484622955322266,39.484622955322266,540154,0.0,0.0
2024-06-03 00:00:00+08:00,40.1855354309082,40.24394226074219,39.42621612548828,39.42621612548828,726768,0.0,0.0
2024-06-04 00:00:00+08:00,39.484622955322266,39.484622955322266,39.07575988769531,39.30939865112305,482800,0.0,0.0
2024-06-05 00:00:00+08:00,39.19257736206055,39.543033599853516,39.13417053222656,39.2509880065918,366380,0.0,0.0
2024-06-06 00:00:00+08:00,39.71826171875,39.95189666748047,38.783714294433594,39.71826171875,825212,0.0,0.0
2024-06-07 00:00:00+08:00,39.71826171875,41.996219635009766,39.71826171875,40.711219787597656,2645130,0.0,0.0
2024-06-11 00:00:00+08:00,41.236900329589844,41.236900329589844,40.12712478637695,40.12712478637695,816652,0.0,0.0
2024-06-12 00:00:00+08:00,39.07575988769531,39.543033599853516,39.01734924316406,39.2509880065918,911671,0.0,0.0
2024-06-13 00:00:00+08:00,39.36780548095703,41.12008285522461,39.13417053222656,39.95189666748047,2255637,0.0,0.0
2024-06-14 00:00:00+08:00,40.652809143066406,42.63872146606445,40.01030731201172,40.886444091796875,4721002,0.0,0.0
2024-06-17 00:00:00+08:00,41.295310974121094,41.93781280517578,40.53599166870117,40.711219787597656,1601631,0.0,0.0
2024-06-18 00:00:00+08:00,40.886444091796875,41.003265380859375,40.01030731201172,40.01030731201172,943344,0.0,0.0
2024-06-19 00:00:00+08:00,40.47758102416992,40.76962661743164,39.543033599853516,39.543033599853516,996418,0.0,0.0
2024-06-20 00:00:00+08:00,39.95189666748047,40.36076354980469,39.543033599853516,39.65985107421875,551282,0.0,0.0
2024-06-21 00:00:00+08:00,39.776668548583984,40.01030731201172,39.543033599853516,39.601444244384766,403189,0.0,0.0
2024-06-24 00:00:00+08:00,39.601444244384766,40.0687141418457,39.36780548095703,39.484622955322266,456263,0.0,0.0
2024-06-25 00:00:00+08:00,39.543033599853516,39.835079193115234,39.36780548095703,39.776668548583984,308170,0.0,0.0
2024-06-26 00:00:00+08:00,39.95189666748047,40.0687141418457,39.601444244384766,39.601444244384766,418598,0.0,0.0
2024-06-27 00:00:00+08:00,39.65985107421875,39.95189666748047,39.2509880065918,39.2509880065918,629181,0.0,0.0
2024-06-28 00:00:00+08:00,39.36780548095703,39.543033599853516,39.19257736206055,39.30939865112305,422022,0.0,0.0
2024-07-01 00:00:00+08:00,39.30939865112305,39.65985107421875,39.13417053222656,39.13417053222656,582099,0.0,0.0
2024-07-02 00:00:00+08:00,39.13417053222656,39.601444244384766,39.07575988769531,39.07575988769531,342411,0.0,0.0
2024-07-03 00:00:00+08:00,39.13417053222656,39.36780548095703,38.95894241333008,38.95894241333008,470816,0.0,0.0
2024-07-04 00:00:00+08:00,39.19257736206055,39.65985107421875,38.90053176879883,39.2509880065918,825212,0.0,0.0
2024-07-05 00:00:00+08:00,39.601444244384766,39.893489837646484,39.2509880065918,39.30939865112305,484512,0.0,0.0
2024-07-08 00:00:00+08:00,39.601444244384766,39.601444244384766,38.90053176879883,38.95894241333008,914239,0.0,0.0
2024-07-09 00:00:00+08:00,39.13417053222656,40.0687141418457,38.84212112426758,39.543033599853516,886846,0.0,0.0
2024-07-10 00:00:00+08:00,39.543033599853516,40.01030731201172,39.01734924316406,39.543033599853516,767858,0.0,0.0
2024-07-11 00:00:00+08:00,39.13417053222656,39.2509880065918,38.84212112426758,38.84212112426758,1052060,0.0,0.0
2024-07-12 00:00:00+08:00,39.19257736206055,42.6971321105957,38.90053176879883,42.6971321105957,10393909,0.0,0.0
2024-07-15 00:00:00+08:00,46.72736740112305,46.72736740112305,41.82099151611328,41.87940216064453,17979185,0.0,0.0
2024-07-16 00:00:00+08:00,41.87940216064453,42.93076705932617,40.944854736328125,41.003265380859375,2212836,0.0,0.0
2024-07-17 00:00:00+08:00,41.12008285522461,42.054630279541016,40.886444091796875,40.886444091796875,1019531,0.0,0.0
2024-07-18 00:00:00+08:00,40.53599166870117,40.53599166870117,39.65985107421875,39.65985107421875,1384199,0.0,0.0
2024-07-19 00:00:00+08:00,40.1855354309082,40.1855354309082,39.2509880065918,39.2509880065918,1000698,0.0,0.0
2024-07-22 00:00:00+08:00,39.13417053222656,39.543033599853516,38.66689682006836,38.783714294433594,984433,0.0,0.0
2024-07-23 00:00:00+08:00,39.01734924316406,39.42621612548828,38.90053176879883,38.90053176879883,448559,0.0,0.0
2024-07-26 00:00:00+08:00,38.725303649902344,39.36780548095703,38.433258056640625,38.783714294433594,634317,0.0,0.0
2024-07-29 00:00:00+08:00,39.30939865112305,39.30939865112305,37.089847564697266,37.089847564697266,1021243,0.0,0.0
2024-07-30 00:00:00+08:00,36.7393913269043,37.031436920166016,34.28620529174805,36.21371078491211,1731747,0.0,0.0
2024-07-31 00:00:00+08:00,35.980072021484375,36.68098068237305,35.629615783691406,35.629615783691406,505913,0.0,0.0
2024-08-01 00:00:00+08:00,36.272117614746094,36.330528259277344,35.86325454711914,36.21371078491211,297898,0.0,0.0
2024-08-02 00:00:00+08:00,35.39598083496094,35.86325454711914,35.1623420715332,35.629615783691406,353540,0.0,0.0
2024-08-05 00:00:00+08:00,34.98711395263672,34.98711395263672,32.066654205322266,32.066654205322266,1319141,0.0,0.0
2024-08-06 00:00:00+08:00,31.94983673095703,32.88438415527344,28.91255760192871,30.89847183227539,1170192,0.0,0.0
2024-08-07 00:00:00+08:00,32.70915603637695,33.29324722290039,30.956880569458008,33.00120162963867,459687,0.0,0.0
2024-08-08 00:00:00+08:00,33.05961227416992,33.05961227416992,31.599380493164062,32.066654205322266,285913,0.0,0.0
2024-08-09 00:00:00+08:00,32.53392791748047,33.234840393066406,32.53392791748047,32.59233856201172,504201,0.0,0.0
2024-08-12 00:00:00+08:00,33.234840393066406,33.58529281616211,32.70915603637695,33.234840393066406,365524,0.0,0.0
2024-08-13 00:00:00+08:00,33.05961227416992,33.05961227416992,31.94983673095703,32.24188232421875,568403,0.0,0.0
2024-08-14 00:00:00+08:00,32.6507453918457,32.6507453918457,31.132108688354492,31.36574363708496,755873,0.0,0.0
2024-08-15 00:00:00+08:00,31.94983673095703,31.94983673095703,31.19051742553711,31.19051742553711,361244,0.0,0.0
2024-08-16 00:00:00+08:00,31.540971755981445,31.774608612060547,31.19051742553711,31.248926162719727,322723,0.0,0.0
2024-08-19 00:00:00+08:00,31.71619987487793,31.71619987487793,31.19051742553711,31.42415428161621,280777,0.0,0.0
2024-08-20 00:00:00+08:00,31.65778923034668,32.24188232421875,31.599380493164062,31.94983673095703,416886,0.0,0.0
2024-08-21 00:00:00+08:00,31.774608612060547,32.24188232421875,31.482563018798828,31.540971755981445,296186,0.0,0.0
2024-08-22 00:00:00+08:00,31.89142608642578,31.89142608642578,31.307334899902344,31.36574363708496,202022,0.0,0.0
2024-08-23 00:00:00+08:00,31.36574363708496,31.36574363708496,30.548015594482422,31.073698043823242,365524,0.0,0.0
2024-08-26 00:00:00+08:00,31.073698043823242,31.65778923034668,31.073698043823242,31.248926162719727,253384,0.0,0.0
2024-08-27 00:00:00+08:00,31.248926162719727,31.36574363708496,31.073698043823242,31.36574363708496,166925,0.0,0.0
2024-08-28 00:00:00+08:00,31.599380493164062,31.599380493164062,30.956880569458008,31.132108688354492,192606,0.0,0.0
2024-08-29 00:00:00+08:00,31.132108688354492,31.36574363708496,30.60642433166504,30.781652450561523,361244,0.0,0.0
2024-08-30 00:00:00+08:00,31.073698043823242,31.36574363708496,30.89847183227539,31.132108688354492,191750,0.0,0.0
2024-09-02 00:00:00+08:00,31.42415428161621,32.70915603637695,31.307334899902344,32.125064849853516,630037,0.0,0.0
2024-09-03 00:00:00+08:00,32.125064849853516,32.125064849853516,31.307334899902344,31.307334899902344,352684,0.0,0.0
2024-09-04 00:00:00+08:00,30.548015594482422,30.60642433166504,30.0223331451416,30.197559356689453,520465,0.0,0.0
2024-09-05 00:00:00+08:00,30.84006118774414,30.84006118774414,29.730287551879883,29.7886962890625,311594,0.0,0.0
2024-09-06 00:00:00+08:00,29.730287551879883,30.197559356689453,29.379831314086914,29.613468170166016,539298,0.0,0.0
2024-09-09 00:00:00+08:00,29.49665069580078,29.905513763427734,29.20460319519043,29.730287551879883,188326,0.0,0.0
2024-09-10 00:00:00+08:00,30.139150619506836,30.139150619506836,29.379831314086914,29.730287551879883,275641,0.0,0.0
2024-09-11 00:00:00+08:00,32.6507453918457,32.6507453918457,32.6507453918457,32.6507453918457,602644,0.0,0.0
2024-09-12 00:00:00+08:00,34.05256652832031,35.86325454711914,33.99415969848633,34.05256652832031,3889797,0.0,0.0
2024-09-13 00:00:00+08:00,33.93574905395508,34.98711395263672,33.29324722290039,33.58529281616211,992994,0.0,0.0
2024-09-16 00:00:00+08:00,33.58529281616211,33.93574905395508,33.468475341796875,33.526885986328125,362100,0.0,0.0
2024-09-18 00:00:00+08:00,33.58529281616211,33.760520935058594,33.00120162963867,33.176429748535156,385213,0.0,0.0
2024-09-19 00:00:00+08:00,33.234840393066406,33.234840393066406,32.82597351074219,32.82597351074219,260232,0.0,0.0
2024-09-20 00:00:00+08:00,33.00120162963867,33.87733840942383,32.59233856201172,33.35165786743164,617197,0.0,0.0
2024-09-23 00:00:00+08:00,33.526885986328125,33.70211410522461,33.176429748535156,33.176429748535156,287625,0.0,0.0
2024-09-24 00:00:00+08:00,33.176429748535156,33.176429748535156,32.417110443115234,32.53392791748047,263657,0.0,0.0
2024-09-25 00:00:00+08:00,32.6507453918457,32.88438415527344,32.47551727294922,32.59233856201172,260232,0.0,0.0
2024-09-26 00:00:00+08:00,32.82597351074219,33.05961227416992,32.6507453918457,32.7675666809082,244824,0.0,0.0
2024-09-27 00:00:00+08:00,32.82597351074219,33.29324722290039,32.82597351074219,32.94279479980469,182334,0.0,0.0
2024-09-30 00:00:00+08:00,32.7675666809082,32.88438415527344,32.47551727294922,32.59233856201172,178910,0.0,0.0
2024-10-01 00:00:00+08:00,32.59233856201172,32.70915603637695,32.1834716796875,32.30029296875,186614,0.0,0.0
2024-10-04 00:00:00+08:00,32.30029296875,32.47551727294922,31.89142608642578,31.89142608642578,235408,0.0,0.0
2024-10-07 00:00:00+08:00,31.94983673095703,32.88438415527344,31.94983673095703,32.7675666809082,285057,0.0,0.0
2024-10-08 00:00:00+08:00,32.7675666809082,33.176429748535156,32.47551727294922,32.94279479980469,355252,0.0,0.0
2024-10-09 00:00:00+08:00,33.118019104003906,34.928707122802734,32.94279479980469,33.00120162963867,520465,0.0,0.0
2024-10-11 00:00:00+08:00,33.29324722290039,33.468475341796875,33.00120162963867,33.00120162963867,275641,0.0,0.0
2024-10-14 00:00:00+08:00,33.468475341796875,33.526885986328125,32.24188232421875,32.417110443115234,359532,0.0,0.0
2024-10-15 00:00:00+08:00,32.47551727294922,32.70915603637695,32.125064849853516,32.1834716796875,246536,0.0,0.0
2024-10-16 00:00:00+08:00,32.47551727294922,32.47551727294922,31.94983673095703,32.066654205322266,125836,0.0,0.0
2024-10-17 00:00:00+08:00,32.066654205322266,32.47551727294922,31.89142608642578,31.89142608642578,240544,0.0,0.0
2024-10-18 00:00:00+08:00,32.00824737548828,32.00824737548828,31.42415428161621,31.42415428161621,347547,0.0,0.0
2024-10-21 00:00:00+08:00,31.36574363708496,31.774608612060547,31.19051742553711,31.540971755981445,194318,0.0,0.0
2024-10-22 00:00:00+08:00,31.482563018798828,31.89142608642578,31.42415428161621,31.89142608642578,155797,0.0,0.0
2024-10-23 00:00:00+08:00,31.89142608642578,33.64370346069336,31.89142608642578,33.05961227416992,733617,0.0,0.0
2024-10-24 00:00:00+08:00,33.176429748535156,33.176429748535156,32.24188232421875,32.30029296875,299610,0.0,0.0
2024-10-25 00:00:00+08:00,32.70915603637695,32.70915603637695,32.24188232421875,32.24188232421875,153229,0.0,0.0
2024-10-28 00:00:00+08:00,32.24188232421875,32.417110443115234,31.71619987487793,31.833017349243164,172917,0.0,0.0
2024-10-29 00:00:00+08:00,31.65778923034668,31.833017349243164,31.540971755981445,31.774608612060547,110427,0.0,0.0
2024-10-30 00:00:00+08:00,31.89142608642578,32.00824737548828,31.36574363708496,31.36574363708496,143812,0.0,0.0
2024-11-01 00:00:00+08:00,31.482563018798828,31.89142608642578,31.42415428161621,31.774608612060547,64202,0.0,0.0
2024-11-04 00:00:00+08:00,31.774608612060547,31.89142608642578,31.482563018798828,31.482563018798828,83034,0.0,0.0
2024-11-05 00:00:00+08:00,31.540971755981445,31.599380493164062,31.36574363708496,31.42415428161621,83890,0.0,0.0
2024-11-06 00:00:00+08:00,31.482563018798828,31.774608612060547,31.42415428161621,31.71619987487793,118132,0.0,0.0
2024-11-07 00:00:00+08:00,31.71619987487793,32.1834716796875,31.71619987487793,31.89142608642578,148093,0.0,0.0
2024-11-08 00:00:00+08:00,32.1834716796875,33.176429748535156,31.36574363708496,31.774608612060547,484512,0.0,0.0
2024-11-11 00:00:00+08:00,31.540971755981445,32.417110443115234,31.540971755981445,31.71619987487793,181478,0.0,0.0
2024-11-12 00:00:00+08:00,31.65778923034668,31.65778923034668,31.307334899902344,31.65778923034668,108715,0.0,0.0
2024-11-13 00:00:00+08:00,31.307334899902344,31.89142608642578,31.307334899902344,31.540971755981445,205447,0.0,0.0
2024-11-14 00:00:00+08:00,31.540971755981445,31.833017349243164,30.84006118774414,30.84006118774414,257664,0.0,0.0
2024-11-15 00:00:00+08:00,31.073698043823242,31.482563018798828,30.84006118774414,30.956880569458008,114707,0.0,0.0
2024-11-18 00:00:00+08:00,30.956880569458008,31.073698043823242,30.139150619506836,30.139150619506836,197742,0.0,0.0
2024-11-19 00:00:00+08:00,30.117647171020508,30.647058486938477,30.117647171020508,30.352941513061523,274550,0.0,0.0
2024-11-20 00:00:00+08:00,30.352941513061523,30.352941513061523,29.58823585510254,30.235294342041016,228792,0.0,0.0
2024-11-21 00:00:00+08:00,31.0,31.0,30.47058868408203,30.47058868408203,158100,0.0,0.0
2024-11-22 00:00:00+08:00,30.647058486938477,30.764705657958984,30.47058868408203,30.47058868408203,104550,0.0,0.0
2024-11-25 00:00:00+08:00,30.705881118774414,31.52941131591797,30.705881118774414,30.705881118774414,174250,0.0,0.0
2024-11-26 00:00:00+08:00,30.882352828979492,30.882352828979492,30.47058868408203,30.705881118774414,112200,0.0,0.0
2024-11-27 00:00:00+08:00,30.764705657958984,30.764705657958984,29.882352828979492,29.882352828979492,226950,0.0,0.0
2024-11-28 00:00:00+08:00,30.0,30.0,29.235294342041016,29.294116973876953,206550,0.0,0.0
2024-11-29 00:00:00+08:00,29.294116973876953,29.705881118774414,29.294116973876953,29.52941131591797,160650,0.0,0.0
2024-12-02 00:00:00+08:00,29.647058486938477,29.705881118774414,29.294116973876953,29.294116973876953,220150,0.0,0.0
2024-12-03 00:00:00+08:00,29.294116973876953,30.117647171020508,29.176469802856445,30.0,434350,0.0,0.0
2024-12-04 00:00:00+08:00,30.058822631835938,30.058822631835938,29.41176414489746,29.41176414489746,443700,0.0,0.0
2024-12-05 00:00:00+08:00,29.41176414489746,30.352941513061523,29.352941513061523,29.52941131591797,436050,0.0,0.0
2024-12-06 00:00:00+08:00,29.58823585510254,29.764705657958984,29.235294342041016,29.235294342041016,256700,0.0,0.0
2024-12-09 00:00:00+08:00,29.294116973876953,30.0,29.176469802856445,30.0,318750,0.0,0.0
2024-12-10 00:00:00+08:00,30.176469802856445,30.764705657958984,30.117647171020508,30.235294342041016,413100,0.0,0.0
2024-12-11 00:00:00+08:00,30.41176414489746,30.47058868408203,29.823528289794922,29.823528289794922,289850,0.0,0.0
2024-12-12 00:00:00+08:00,30.235294342041016,30.41176414489746,29.47058868408203,29.47058868408203,245650,0.0,0.0
2024-12-13 00:00:00+08:00,29.52941131591797,29.58823585510254,29.176469802856445,29.176469802856445,221000,0.0,0.0
2024-12-16 00:00:00+08:00,28.235294342041016,28.47058868408203,27.294116973876953,27.41176414489746,1260550,0.0,0.0
2024-12-17 00:00:00+08:00,27.52941131591797,27.823528289794922,27.41176414489746,27.41176414489746,240550,0.0,0.0
2024-12-18 00:00:00+08:00,27.352941513061523,28.47058868408203,27.294116973876953,27.882352828979492,676600,0.0,0.0
2024-12-19 00:00:00+08:00,27.352941513061523,27.882352828979492,27.235294342041016,27.41176414489746,349350,0.0,0.0
2024-12-20 00:00:00+08:00,27.52941131591797,27.823528289794922,27.058822631835938,27.352941513061523,252450,0.0,0.0
2024-12-23 00:00:00+08:00,27.352941513061523,27.647058486938477,27.176469802856445,27.235294342041016,237150,0.0,0.0
2024-12-24 00:00:00+08:00,27.235294342041016,27.352941513061523,27.058822631835938,27.058822631835938,549950,0.0,0.0
2024-12-25 00:00:00+08:00,27.176469802856445,27.823528289794922,27.058822631835938,27.176469802856445,531250,0.0,0.0
2024-12-26 00:00:00+08:00,27.352941513061523,28.176469802856445,27.352941513061523,27.647058486938477,434350,0.0,0.0
2024-12-27 00:00:00+08:00,27.647058486938477,27.705881118774414,27.47058868408203,27.47058868408203,149600,0.0,0.0
2024-12-30 00:00:00+08:00,27.647058486938477,27.647058486938477,27.294116973876953,27.352941513061523,96050,0.0,0.0
2024-12-31 00:00:00+08:00,27.352941513061523,27.647058486938477,27.235294342041016,27.47058868408203,136000,0.0,0.0
2025-01-02 00:00:00+08:00,27.294116973876953,27.705881118774414,27.294116973876953,27.352941513061523,190400,0.0,0.0
2025-01-03 00:00:00+08:00,27.647058486938477,27.647058486938477,26.705881118774414,26.764705657958984,396100,0.0,0.0
2025-01-06 00:00:00+08:00,26.823528289794922,27.235294342041016,26.705881118774414,26.764705657958984,234600,0.0,0.0
2025-01-07 00:00:00+08:00,26.823528289794922,26.882352828979492,26.0,26.117647171020508,580550,0.0,0.0
2025-01-08 00:00:00+08:00,26.117647171020508,27.47058868408203,26.117647171020508,27.41176414489746,555050,0.0,0.0
2025-01-09 00:00:00+08:00,26.705881118774414,26.94117546081543,26.176469802856445,26.294116973876953,504900,0.0,0.0
2025-01-10 00:00:00+08:00,26.294116973876953,26.47058868408203,26.176469802856445,26.176469802856445,148750,0.0,0.0
2025-01-13 00:00:00+08:00,26.058822631835938,26.058822631835938,24.705881118774414,24.705881118774414,316200,0.0,0.0
2025-01-14 00:00:00+08:00,24.235294342041016,25.176469802856445,24.235294342041016,24.94117546081543,200600,0.0,0.0
2025-01-15 00:00:00+08:00,25.0,25.294116973876953,24.705881118774414,24.705881118774414,299200,0.0,0.0
2025-01-16 00:00:00+08:00,25.41176414489746,25.41176414489746,24.823528289794922,25.058822631835938,257550,0.0,0.0
2025-01-17 00:00:00+08:00,25.058822631835938,25.058822631835938,24.58823585510254,24.58823585510254,126650,0.0,0.0
2025-01-20 00:00:00+08:00,24.647058486938477,24.882352828979492,23.94117546081543,24.352941513061523,326400,0.0,0.0
2025-01-21 00:00:00+08:00,24.352941513061523,24.47058868408203,24.058822631835938,24.176469802856445,300050,0.0,0.0
2025-01-22 00:00:00+08:00,24.176469802856445,24.58823585510254,24.058822631835938,24.235294342041016,484500,0.0,0.0
2025-02-03 00:00:00+08:00,24.235294342041016,24.235294342041016,22.882352828979492,23.647058486938477,394474,0.0,0.0
2025-02-04 00:00:00+08:00,23.647058486938477,23.764705657958984,23.294116973876953,23.52941131591797,116585,0.0,0.0
2025-02-05 00:00:00+08:00,23.764705657958984,24.117647171020508,23.47058868408203,24.0,201812,0.0,0.0
2025-02-06 00:00:00+08:00,24.117647171020508,24.235294342041016,23.882352828979492,24.235294342041016,268441,0.0,0.0
2025-02-07 00:00:00+08:00,24.294116973876953,24.52941131591797,24.058822631835938,24.52941131591797,335846,0.0,0.0
2025-02-10 00:00:00+08:00,24.52941131591797,24.882352828979492,24.352941513061523,24.823528289794922,187510,0.0,0.0
2025-02-11 00:00:00+08:00,26.117647171020508,27.294116973876953,25.94117546081543,27.294116973876953,813501,0.0,0.0
2025-02-12 00:00:00+08:00,28.176469802856445,28.705881118774414,27.294116973876953,27.647058486938477,2466887,0.0,0.0
2025-02-13 00:00:00+08:00,27.647058486938477,27.647058486938477,26.705881118774414,27.176469802856445,858008,0.0,0.0
2025-02-14 00:00:00+08:00,27.176469802856445,27.52941131591797,26.94117546081543,27.294116973876953,361612,0.0,0.0
2025-02-17 00:00:00+08:00,27.58823585510254,27.58823585510254,27.0,27.058822631835938,342663,0.0,0.0
2025-02-18 00:00:00+08:00,27.058822631835938,27.52941131591797,27.0,27.058822631835938,127772,0.0,0.0
2025-02-19 00:00:00+08:00,26.94117546081543,27.294116973876953,26.94117546081543,27.058822631835938,366932,0.0,0.0
2025-02-20 00:00:00+08:00,27.117647171020508,28.52941131591797,27.0,28.0,921312,0.0,0.0
2025-02-21 00:00:00+08:00,27.882352828979492,28.352941513061523,27.294116973876953,27.823528289794922,688759,0.0,0.0
2025-02-24 00:00:00+08:00,27.647058486938477,27.647058486938477,27.41176414489746,27.58823585510254,211009,0.0,0.0
2025-02-25 00:00:00+08:00,27.58823585510254,27.647058486938477,27.294116973876953,27.41176414489746,231354,0.0,0.0
2025-02-26 00:00:00+08:00,27.52941131591797,27.58823585510254,27.294116973876953,27.352941513061523,186467,0.0,0.0
2025-02-27 00:00:00+08:00,27.294116973876953,28.058822631835938,27.294116973876953,27.52941131591797,319600,0.0,0.0
2025-03-03 00:00:00+08:00,27.764705657958984,27.764705657958984,26.94117546081543,26.94117546081543,294964,0.0,0.0
2025-03-04 00:00:00+08:00,26.705881118774414,27.117647171020508,26.235294342041016,27.0,171701,0.0,0.0
2025-03-05 00:00:00+08:00,26.94117546081543,27.294116973876953,26.94117546081543,27.294116973876953,218450,0.0,0.0
2025-03-06 00:00:00+08:00,27.647058486938477,27.647058486938477,27.0,27.0,168370,0.0,0.0
2025-03-07 00:00:00+08:00,27.176469802856445,27.176469802856445,26.58823585510254,26.705881118774414,203624,0.0,0.0
2025-03-10 00:00:00+08:00,26.705881118774414,26.705881118774414,26.352941513061523,26.47058868408203,211140,0.0,0.0
2025-03-11 00:00:00+08:00,25.41176414489746,25.94117546081543,25.117647171020508,25.58823585510254,330005,0.0,0.0
2025-03-12 00:00:00+08:00,25.47058868408203,25.764705657958984,25.41176414489746,25.47058868408203,232900,0.0,0.0
2025-03-13 00:00:00+08:00,25.47058868408203,25.823528289794922,25.0,25.0,284367,0.0,0.0
2025-03-14 00:00:00+08:00,25.0,25.352941513061523,24.823528289794922,25.352941513061523,256326,0.0,0.0
2025-03-17 00:00:00+08:00,25.41176414489746,25.823528289794922,25.294116973876953,25.294116973876953,233477,0.0,0.0
2025-03-18 00:00:00+08:00,25.294116973876953,25.705881118774414,25.235294342041016,25.52941131591797,204042,0.0,0.0
2025-03-19 00:00:00+08:00,25.47058868408203,25.647058486938477,25.41176414489746,25.52941131591797,168300,0.0,0.0
2025-03-20 00:00:00+08:00,25.705881118774414,26.294116973876953,25.705881118774414,26.176469802856445,189396,0.0,0.0
2025-03-21 00:00:00+08:00,26.117647171020508,26.235294342041016,26.058822631835938,26.117647171020508,63762,0.0,0.0
2025-03-24 00:00:00+08:00,26.117647171020508,26.117647171020508,25.882352828979492,25.882352828979492,99653,0.0,0.0
2025-03-25 00:00:00+08:00,25.882352828979492,26.117647171020508,25.705881118774414,25.823528289794922,88400,0.0,0.0
2025-03-26 00:00:00+08:00,25.823528289794922,26.176469802856445,25.823528289794922,26.117647171020508,87460,0.0,0.0
2025-03-27 00:00:00+08:00,26.117647171020508,26.235294342041016,25.764705657958984,25.764705657958984,141108,0.0,0.0
2025-03-28 00:00:00+08:00,25.764705657958984,25.764705657958984,24.705881118774414,25.058822631835938,320663,0.0,0.0
2025-03-31 00:00:00+08:00,24.94117546081543,24.94117546081543,22.823528289794922,23.058822631835938,513360,0.0,0.0
2025-04-01 00:00:00+08:00,23.058822631835938,23.647058486938477,23.058822631835938,23.47058868408203,206550,0.0,0.0
2025-04-02 00:00:00+08:00,23.47058868408203,23.764705657958984,23.352941513061523,23.47058868408203,68850,0.0,0.0
2025-04-07 00:00:00+08:00,21.176469802856445,21.176469802856445,21.176469802856445,21.176469802856445,73974,0.0,0.0
2025-04-08 00:00:00+08:00,21.764705657958984,21.764705657958984,19.058822631835938,21.647058486938477,1684797,0.0,0.0
2025-04-09 00:00:00+08:00,21.52941131591797,21.52941131591797,19.52941131591797,19.52941131591797,458178,0.0,0.0
2025-04-10 00:00:00+08:00,21.41176414489746,21.47058868408203,20.705881118774414,21.47058868408203,643981,0.0,0.0
2025-04-11 00:00:00+08:00,20.823528289794922,21.764705657958984,19.705881118774414,21.764705657958984,233155,0.0,0.0
2025-04-14 00:00:00+08:00,21.41176414489746,22.352941513061523,21.294116973876953,21.47058868408203,231242,0.0,0.0
2025-04-15 00:00:00+08:00,21.47058868408203,21.647058486938477,21.235294342041016,21.58823585510254,145042,0.0,0.0
2025-04-16 00:00:00+08:00,21.58823585510254,21.705881118774414,20.94117546081543,21.058822631835938,198908,0.0,0.0
2025-04-17 00:00:00+08:00,20.705881118774414,20.882352828979492,20.52941131591797,20.58823585510254,93508,0.0,0.0
2025-04-18 00:00:00+08:00,20.58823585510254,20.58823585510254,20.294116973876953,20.41176414489746,107996,0.0,0.0
2025-04-21 00:00:00+08:00,20.235294342041016,20.294116973876953,19.52941131591797,19.647058486938477,179956,0.0,0.0
2025-04-22 00:00:00+08:00,19.176469802856445,20.058822631835938,19.117647171020508,20.058822631835938,144410,0.0,0.0
2025-04-23 00:00:00+08:00,20.117647171020508,20.52941131591797,19.882352828979492,19.882352828979492,154386,0.0,0.0
2025-04-24 00:00:00+08:00,20.058822631835938,20.117647171020508,19.823528289794922,20.0,74035,0.0,0.0
2025-04-25 00:00:00+08:00,20.176469802856445,20.47058868408203,20.058822631835938,20.47058868408203,95353,0.0,0.0
2025-04-28 00:00:00+08:00,20.52941131591797,20.823528289794922,20.52941131591797,20.764705657958984,141950,0.0,0.0
2025-04-29 00:00:00+08:00,20.647058486938477,21.0,20.647058486938477,21.0,77358,0.0,0.0
2025-04-30 00:00:00+08:00,21.0,21.0,20.58823585510254,20.58823585510254,90100,0.0,0.0
2025-05-02 00:00:00+08:00,20.764705657958984,21.352941513061523,20.764705657958984,21.117647171020508,200604,0.0,0.0
2025-05-05 00:00:00+08:00,21.117647171020508,21.117647171020508,20.235294342041016,20.705881118774414,146200,0.0,0.0
2025-05-06 00:00:00+08:00,20.823528289794922,22.294116973876953,20.705881118774414,22.058822631835938,251781,0.0,0.0
2025-05-07 00:00:00+08:00,22.0,24.235294342041016,21.764705657958984,24.176469802856445,1340669,0.0,0.0
2025-05-08 00:00:00+08:00,23.94117546081543,25.52941131591797,23.94117546081543,24.58823585510254,1385641,0.0,0.0
2025-05-09 00:00:00+08:00,24.58823585510254,25.058822631835938,23.764705657958984,24.294116973876953,316589,0.0,0.0
2025-05-12 00:00:00+08:00,24.235294342041016,24.705881118774414,24.0,24.117647171020508,242386,0.0,0.0
2025-05-13 00:00:00+08:00,24.352941513061523,24.58823585510254,23.823528289794922,23.823528289794922,647364,0.0,0.0
2025-05-14 00:00:00+08:00,24.705881118774414,26.176469802856445,24.352941513061523,26.176469802856445,2000653,0.0,0.0
2025-05-15 00:00:00+08:00,26.94117546081543,26.94117546081543,25.882352828979492,26.058822631835938,1419525,0.0,0.0
2025-05-16 00:00:00+08:00,26.294116973876953,28.176469802856445,26.0,27.294116973876953,1291448,0.0,0.0
2025-05-19 00:00:00+08:00,28.058822631835938,28.058822631835938,26.294116973876953,26.294116973876953,738837,0.0,0.0
2025-05-20 00:00:00+08:00,26.294116973876953,26.58823585510254,25.58823585510254,25.94117546081543,484822,0.0,0.0
2025-05-21 00:00:00+08:00,26.176469802856445,26.41176414489746,25.823528289794922,26.0,191059,0.0,0.0
2025-05-22 00:00:00+08:00,25.705881118774414,26.647058486938477,25.58823585510254,26.352941513061523,358726,0.0,0.0
2025-05-23 00:00:00+08:00,26.58823585510254,28.176469802856445,26.58823585510254,26.705881118774414,135558,0.0,0.0
2025-05-26 00:00:00+08:00,26.882352828979492,26.882352828979492,25.882352828979492,25.94117546081543,362103,0.0,0.0
2025-05-27 00:00:00+08:00,25.94117546081543,25.94117546081543,25.058822631835938,25.352941513061523,515270,0.0,0.0
2025-05-28 00:00:00+08:00,25.823528289794922,25.823528289794922,24.94117546081543,25.117647171020508,173104,0.0,0.0
2025-05-29 00:00:00+08:00,25.117647171020508,25.294116973876953,24.823528289794922,25.0,191335,0.0,0.0
2025-06-02 00:00:00+08:00,24.705881118774414,24.764705657958984,24.235294342041016,24.294116973876953,191250,0.0,0.0
2025-06-03 00:00:00+08:00,24.352941513061523,24.705881118774414,24.352941513061523,24.47058868408203,74802,0.0,0.0
2025-06-04 00:00:00+08:00,24.52941131591797,25.235294342041016,24.52941131591797,24.823528289794922,157441,0.0,0.0
2025-06-05 00:00:00+08:00,24.823528289794922,25.352941513061523,24.823528289794922,25.294116973876953,141950,0.0,0.0
2025-06-06 00:00:00+08:00,25.58823585510254,25.58823585510254,24.882352828979492,25.47058868408203,185474,0.0,0.0
2025-06-09 00:00:00+08:00,25.823528289794922,25.823528289794922,24.94117546081543,24.94117546081543,123473,0.0,0.0
2025-06-10 00:00:00+08:00,24.94117546081543,25.352941513061523,24.94117546081543,25.0,197939,0.0,0.0
2025-06-11 00:00:00+08:00,24.47058868408203,24.47058868408203,23.52941131591797,23.705881118774414,767635,0.0,0.0
2025-06-12 00:00:00+08:00,23.705881118774414,24.352941513061523,23.705881118774414,23.94117546081543,219300,0.0,0.0
2025-06-13 00:00:00+08:00,24.352941513061523,24.352941513061523,23.58823585510254,23.58823585510254,156559,0.0,0.0
2025-06-16 00:00:00+08:00,23.294116973876953,23.52941131591797,22.764705657958984,23.52941131591797,154142,0.0,0.0
2025-06-17 00:00:00+08:00,23.52941131591797,23.94117546081543,23.352941513061523,23.52941131591797,99450,0.0,0.0
2025-06-18 00:00:00+08:00,23.47058868408203,23.764705657958984,23.294116973876953,23.47058868408203,74800,0.0,0.0
2025-06-19 00:00:00+08:00,23.47058868408203,23.705881118774414,23.117647171020508,23.294116973876953,100300,0.0,0.0
2025-06-20 00:00:00+08:00,23.235294342041016,23.47058868408203,22.58823585510254,22.882352828979492,170157,0.0,0.0
2025-06-23 00:00:00+08:00,22.47058868408203,23.0,22.47058868408203,22.705881118774414,73100,0.0,0.0
2025-06-24 00:00:00+08:00,22.94117546081543,23.823528289794922,22.94117546081543,23.176469802856445,130240,0.0,0.0
2025-06-25 00:00:00+08:00,23.647058486938477,23.647058486938477,23.176469802856445,23.294116973876953,56371,0.0,0.0
2025-06-26 00:00:00+08:00,23.52941131591797,23.58823585510254,23.235294342041016,23.294116973876953,60435,0.0,0.0
2025-06-27 00:00:00+08:00,23.235294342041016,23.41176414489746,23.176469802856445,23.352941513061523,120883,0.0,0.0
2025-06-30 00:00:00+08:00,23.41176414489746,23.41176414489746,23.0,23.0,108112,0.0,0.0
2025-07-01 00:00:00+08:00,22.94117546081543,23.52941131591797,22.94117546081543,23.176469802856445,177029,0.0,0.0
2025-07-02 00:00:00+08:00,23.41176414489746,23.41176414489746,23.117647171020508,23.117647171020508,106258,0.0,0.0
2025-07-03 00:00:00+08:00,23.176469802856445,23.352941513061523,23.176469802856445,23.294116973876953,69109,0.0,0.0
2025-07-04 00:00:00+08:00,23.235294342041016,23.235294342041016,22.47058868408203,22.52941131591797,221255,0.0,0.0
2025-07-07 00:00:00+08:00,22.352941513061523,22.47058868408203,22.058822631835938,22.235294342041016,79900,0.0,0.0
2025-07-08 00:00:00+08:00,22.235294342041016,22.235294342041016,21.647058486938477,21.647058486938477,135690,0.0,0.0
2025-07-09 00:00:00+08:00,21.52941131591797,22.176469802856445,21.52941131591797,21.94117546081543,122329,0.0,0.0
2025-07-10 00:00:00+08:00,21.94117546081543,22.0,21.705881118774414,21.94117546081543,59896,0.0,0.0
2025-07-11 00:00:00+08:00,21.823528289794922,22.52941131591797,21.823528289794922,22.47058868408203,112662,0.0,0.0
2025-07-14 00:00:00+08:00,22.47058868408203,22.705881118774414,22.294116973876953,22.47058868408203,120700,0.0,0.0
2025-07-15 00:00:00+08:00,22.352941513061523,22.52941131591797,22.235294342041016,22.41176414489746,70566,0.0,0.0
2025-07-16 00:00:00+08:00,22.41176414489746,22.47058868408203,22.352941513061523,22.41176414489746,91411,0.0,0.0
2025-07-17 00:00:00+08:00,22.705881118774414,22.705881118774414,22.352941513061523,22.41176414489746,114041,0.0,0.0
2025-07-18 00:00:00+08:00,22.47058868408203,24.176469802856445,22.352941513061523,22.94117546081543,507626,0.0,0.0
2025-07-21 00:00:00+08:00,22.94117546081543,23.176469802856445,22.705881118774414,22.94117546081543,129532,0.0,0.0
2025-07-22 00:00:00+08:00,23.117647171020508,23.52941131591797,22.0,22.235294342041016,224553,0.0,0.0
2025-07-23 00:00:00+08:00,22.352941513061523,22.764705657958984,22.352941513061523,22.47058868408203,138017,0.0,0.0
2025-07-24 00:00:00+08:00,22.823528289794922,24.705881118774414,22.294116973876953,24.705881118774414,1416143,0.0,0.0
2025-07-25 00:00:00+08:00,26.823528289794922,27.058822631835938,25.058822631835938,25.058822631835938,3227204,0.0,0.0
2025-07-28 00:00:00+08:00,25.176469802856445,26.823528289794922,25.058822631835938,26.0,1873304,0.0,0.0
2025-07-29 00:00:00+08:00,25.882352828979492,28.58823585510254,25.882352828979492,28.58823585510254,6359027,0.0,0.0
2025-07-30 00:00:00+08:00,29.41176414489746,31.294116973876953,29.117647171020508,29.52941131591797,16587390,0.0,0.0
2025-07-31 00:00:00+08:00,30.0,32.47058868408203,30.0,31.705881118774414,14755507,0.0,0.0
2025-08-04 00:00:00+08:00,30.58823585510254,30.58823585510254,29.058822631835938,29.58823585510254,3189879,0.0,0.0
2025-08-05 00:00:00+08:00,30.176469802856445,31.41176414489746,29.94117546081543,30.705881118774414,3758926,0.0,0.0
2025-08-06 00:00:00+08:00,31.47058868408203,31.47058868408203,29.882352828979492,31.176469802856445,2949538,0.0,0.0
2025-08-07 00:00:00+08:00,31.176469802856445,33.647056579589844,30.705881118774414,30.882352828979492,7038912,0.0,0.0
2025-08-08 00:00:00+08:00,31.235294342041016,32.94117736816406,30.94117546081543,31.705881118774414,4772314,0.0,0.0
2025-08-11 00:00:00+08:00,33.17647171020508,34.70588302612305,33.05882263183594,34.117645263671875,8774062,0.0,0.0
2025-08-12 00:00:00+08:00,35.05882263183594,35.88235092163086,33.764705657958984,35.647056579589844,9380707,0.0,0.0
2025-08-13 00:00:00+08:00,34.17647171020508,35.29411697387695,32.117645263671875,32.235294342041016,9366115,0.0,0.0
2025-08-14 00:00:00+08:00,32.588233947753906,33.17647171020508,30.882352828979492,30.94117546081543,4695532,0.0,0.0
2025-08-15 00:00:00+08:00,30.647058486938477,31.352941513061523,30.117647171020508,30.52941131591797,2616468,0.0,0.0
2025-08-18 00:00:00+08:00,30.52941131591797,31.705881118774414,30.47058868408203,31.235294342041016,1996722,0.0,0.0
2025-08-19 00:00:00+08:00,31.41176414489746,31.52941131591797,30.235294342041016,30.235294342041016,1653680,0.0,0.0
2025-08-20 00:00:00+08:00,30.235294342041016,30.647058486938477,29.41176414489746,29.823528289794922,1538292,0.0,0.0
2025-08-21 00:00:00+08:00,30.176469802856445,32.70588302612305,29.823528289794922,32.647056579589844,4594795,0.0,0.0
2025-08-22 00:00:00+08:00,33.764705657958984,34.70588302612305,32.235294342041016,33.29411697387695,7039728,0.0,0.0
2025-08-25 00:00:00+08:00,34.35293960571289,34.35293960571289,32.35293960571289,32.41176223754883,2253783,0.0,0.0
2025-08-26 00:00:00+08:00,32.117645263671875,32.235294342041016,31.235294342041016,31.294116973876953,1850556,0.0,0.0
2025-08-27 00:00:00+08:00,31.41176414489746,33.117645263671875,31.41176414489746,31.647058486938477,2019790,0.0,0.0
2025-08-28 00:00:00+08:00,31.823528289794922,32.70588302612305,31.117647171020508,31.294116973876953,1868803,0.0,0.0
2025-08-29 00:00:00+08:00,31.705881118774414,32.05882263183594,30.94117546081543,30.94117546081543,1298009,0.0,0.0
2025-09-01 00:00:00+08:00,30.764705657958984,30.823528289794922,29.764705657958984,30.0,1214956,0.0,0.0
2025-09-02 00:00:00+08:00,30.58823585510254,30.764705657958984,29.41176414489746,29.58823585510254,807160,0.0,0.0
2025-09-03 00:00:00+08:00,29.647058486938477,30.764705657958984,29.647058486938477,30.0,792369,0.0,0.0
2025-09-04 00:00:00+08:00,29.94117546081543,30.41176414489746,29.176469802856445,29.41176414489746,1304157,0.0,0.0
2025-09-05 00:00:00+08:00,29.882352828979492,29.882352828979492,29.176469802856445,29.52941131591797,792880,0.0,0.0
2025-09-08 00:00:00+08:00,30.0,30.235294342041016,29.294116973876953,29.647058486938477,572145,0.0,0.0
2025-09-09 00:00:00+08:00,29.882352828979492,30.47058868408203,29.294116973876953,29.294116973876953,823083,0.0,0.0
2025-09-10 00:00:00+08:00,29.41176414489746,29.41176414489746,28.764705657958984,29.117647171020508,989790,0.0,0.0
2025-09-11 00:00:00+08:00,28.764705657958984,29.117647171020508,27.764705657958984,27.764705657958984,1286538,0.0,0.0
2025-09-12 00:00:00+08:00,28.0,28.94117546081543,27.882352828979492,28.0,553472,0.0,0.0
2025-09-15 00:00:00+08:00,28.176469802856445,28.176469802856445,27.294116973876953,27.294116973876953,556665,0.0,0.0
2025-09-16 00:00:00+08:00,27.52941131591797,27.58823585510254,26.94117546081543,27.235294342041016,527170,0.0,0.0
2025-09-17 00:00:00+08:00,27.117647171020508,27.58823585510254,27.0,27.0,511540,0.0,0.0
2025-09-18 00:00:00+08:00,27.058822631835938,27.41176414489746,26.882352828979492,27.294116973876953,513342,0.0,0.0
2025-09-19 00:00:00+08:00,27.176469802856445,27.52941131591797,27.176469802856445,27.176469802856445,300885,0.0,0.0
2025-09-22 00:00:00+08:00,27.41176414489746,27.52941131591797,27.0,27.176469802856445,313190,0.0,0.0
2025-09-23 00:00:00+08:00,27.294116973876953,27.294116973876953,26.705881118774414,26.764705657958984,556940,0.0,0.0
2025-09-24 00:00:00+08:00,27.0,29.058822631835938,26.764705657958984,28.294116973876953,1500941,0.0,0.0
2025-09-25 00:00:00+08:00,28.352941513061523,30.0,27.882352828979492,28.0,1719631,0.0,0.0
2025-09-26 00:00:00+08:00,28.0,28.0,27.117647171020508,27.294116973876953,384927,0.0,0.0
2025-09-30 00:00:00+08:00,27.41176414489746,27.47058868408203,26.94117546081543,27.235294342041016,260875,0.0,0.0
2025-10-01 00:00:00+08:00,27.235294342041016,27.47058868408203,27.176469802856445,27.235294342041016,204085,0.0,0.0
2025-10-02 00:00:00+08:00,27.41176414489746,28.0,27.117647171020508,27.176469802856445,376436,0.0,0.0
2025-10-03 00:00:00+08:00,27.235294342041016,27.41176414489746,27.117647171020508,27.294116973876953,206635,0.0,0.0
2025-10-07 00:00:00+08:00,27.294116973876953,27.47058868408203,26.823528289794922,27.176469802856445,454481,0.0,0.0
2025-10-08 00:00:00+08:00,27.176469802856445,27.41176414489746,27.058822631835938,27.235294342041016,358837,0.0,0.0
2025-10-09 00:00:00+08:00,27.294116973876953,27.58823585510254,27.294116973876953,27.352941513061523,365476,0.0,0.0
2025-10-13 00:00:00+08:00,26.52941131591797,27.117647171020508,26.352941513061523,26.823528289794922,436900,0.0,0.0
2025-10-14 00:00:00+08:00,26.823528289794922,27.058822631835938,25.352941513061523,25.52941131591797,842572,0.0,0.0
2025-10-15 00:00:00+08:00,25.647058486938477,25.882352828979492,25.41176414489746,25.52941131591797,176885,0.0,0.0
2025-10-16 00:00:00+08:00,25.52941131591797,25.764705657958984,25.352941513061523,25.705881118774414,340901,0.0,0.0
2025-10-17 00:00:00+08:00,25.705881118774414,25.705881118774414,25.41176414489746,25.52941131591797,189550,0.0,0.0
2025-10-20 00:00:00+08:00,25.705881118774414,26.294116973876953,25.52941131591797,25.764705657958984,395109,0.0,0.0
2025-10-21 00:00:00+08:00,25.764705657958984,26.117647171020508,25.705881118774414,26.117647171020508,357255,0.0,0.0
2025-10-22 00:00:00+08:00,26.058822631835938,26.117647171020508,25.823528289794922,26.0,272000,0.0,0.0
2025-10-23 00:00:00+08:00,26.0,26.0,25.235294342041016,25.52941131591797,222848,0.0,0.0
2025-10-27 00:00:00+08:00,25.882352828979492,25.882352828979492,25.294116973876953,25.352941513061523,352413,0.0,0.0
2025-10-28 00:00:00+08:00,25.47058868408203,25.47058868408203,24.823528289794922,24.823528289794922,302608,0.0,0.0
2025-10-29 00:00:00+08:00,24.823528289794922,27.294116973876953,24.764705657958984,26.882352828979492,2210993,0.0,0.0
2025-10-30 00:00:00+08:00,26.882352828979492,26.94117546081543,25.235294342041016,25.41176414489746,1184908,0.0,0.0
2025-10-31 00:00:00+08:00,25.647058486938477,27.94117546081543,25.47058868408203,27.94117546081543,3185256,0.0,0.0
2025-11-03 00:00:00+08:00,29.705881118774414,30.705881118774414,29.41176414489746,30.705881118774414,12736448,0.0,0.0
2025-11-04 00:00:00+08:00,31.176469802856445,33.17647171020508,30.176469802856445,31.0,15659986,0.0,0.0
2025-11-05 00:00:00+08:00,30.235294342041016,30.47058868408203,29.41176414489746,29.705881118774414,2589312,0.0,0.0
2025-11-06 00:00:00+08:00,30.47058868408203,30.47058868408203,28.705881118774414,29.52941131591797,2336695,0.0,0.0
2025-11-07 00:00:00+08:00,29.352941513061523,29.352941513061523,28.352941513061523,28.352941513061523,1003000,0.0,0.0
2025-11-10 00:00:00+08:00,28.352941513061523,28.647058486938477,26.823528289794922,26.94117546081543,1334673,0.0,0.0
2025-11-11 00:00:00+08:00,27.117647171020508,27.352941513061523,26.58823585510254,26.764705657958984,1089955,0.0,0.0
2025-11-12 00:00:00+08:00,26.823528289794922,29.41176414489746,26.823528289794922,29.41176414489746,2351497,0.0,0.0
2025-11-13 00:00:00+08:00,29.41176414489746,29.764705657958984,28.47058868408203,28.52941131591797,2742270,0.0,0.0
2025-11-14 00:00:00+08:00,28.0,28.94117546081543,27.52941131591797,27.52941131591797,754800,0.0,0.0
2025-11-17 00:00:00+08:00,27.58823585510254,27.882352828979492,27.117647171020508,27.176469802856445,502427,0.0,0.0
2025-11-18 00:00:00+08:00,27.058822631835938,27.058822631835938,26.47058868408203,26.58823585510254,469234,0.0,0.0
2025-11-19 00:00:00+08:00,26.647058486938477,26.764705657958984,26.058822631835938,26.058822631835938,455685,0.0,0.0
2025-11-20 00:00:00+08:00,27.176469802856445,28.647058486938477,26.94117546081543,28.176469802856445,3491822,0.0,0.0
2025-11-21 00:00:00+08:00,27.52941131591797,27.823528289794922,26.882352828979492,27.058822631835938,1471542,0.0,0.0
2025-11-24 00:00:00+08:00,27.117647171020508,29.294116973876953,26.94117546081543,27.647058486938477,2596271,0.0,0.0
2025-11-25 00:00:00+08:00,28.117647171020508,29.58823585510254,27.647058486938477,28.94117546081543,2185010,0.0,0.0
2025-11-26 00:00:00+08:00,28.823528289794922,29.176469802856445,28.117647171020508,28.235294342041016,1376039,0.0,0.0
2025-11-27 00:00:00+08:00,28.352941513061523,29.0,28.235294342041016,28.47058868408203,807923,0.0,0.0
2025-11-28 00:00:00+08:00,28.58823585510254,28.58823585510254,28.117647171020508,28.235294342041016,718250,0.0,0.0
2025-12-01 00:00:00+08:00,28.47058868408203,28.52941131591797,27.647058486938477,27.647058486938477,414887,0.0,0.0
2025-12-02 00:00:00+08:00,27.764705657958984,29.294116973876953,27.764705657958984,28.117647171020508,1709775,0.0,0.0
2025-12-03 00:00:00+08:00,28.52941131591797,28.94117546081543,28.235294342041016,28.235294342041016,573742,0.0,0.0
2025-12-04 00:00:00+08:00,28.294116973876953,28.41176414489746,27.764705657958984,27.823528289794922,852082,0.0,0.0
2025-12-05 00:00:00+08:00,28.058822631835938,28.235294342041016,27.705881118774414,27.823528289794922,336600,0.0,0.0
2025-12-08 00:00:00+08:00,27.823528289794922,28.41176414489746,27.705881118774414,27.764705657958984,402273,0.0,0.0
2025-12-09 00:00:00+08:00,27.823528289794922,27.94117546081543,27.647058486938477,27.764705657958984,555058,0.0,0.0
2025-12-10 00:00:00+08:00,27.823528289794922,28.764705657958984,27.764705657958984,28.0,1393172,0.0,0.0
2025-12-11 00:00:00+08:00,27.647058486938477,27.647058486938477,26.94117546081543,27.235294342041016,1190960,0.0,0.0
2025-12-12 00:00:00+08:00,27.235294342041016,27.235294342041016,26.94117546081543,27.117647171020508,380043,0.0,0.0
2025-12-15 00:00:00+08:00,27.058822631835938,28.764705657958984,26.882352828979492,28.294116973876953,2445025,0.0,0.0
2025-12-16 00:00:00+08:00,28.94117546081543,31.117647171020508,28.882352828979492,31.117647171020508,9898965,0.0,0.0
2025-12-17 00:00:00+08:00,31.823528289794922,32.47058868408203,29.41176414489746,30.117647171020508,9516025,0.0,0.0
2025-12-18 00:00:00+08:00,29.47058868408203,29.705881118774414,28.764705657958984,28.823528289794922,1669402,0.0,0.0
2025-12-19 00:00:00+08:00,29.0,29.41176414489746,28.41176414489746,28.58823585510254,1138830,0.0,0.0
2025-12-22 00:00:00+08:00,28.705881118774414,29.235294342041016,28.58823585510254,29.0,752205,0.0,0.0
2025-12-23 00:00:00+08:00,28.94117546081543,29.235294342041016,28.352941513061523,29.0,1064761,0.0,0.0
2025-12-24 00:00:00+08:00,28.882352828979492,28.94117546081543,28.41176414489746,28.47058868408203,799935,0.0,0.0
2025-12-26 00:00:00+08:00,28.705881118774414,29.58823585510254,28.58823585510254,29.176469802856445,1145746,0.0,0.0
2025-12-29 00:00:00+08:00,29.58823585510254,30.294116973876953,29.176469802856445,29.58823585510254,1523497,0.0,0.0
2025-12-30 00:00:00+08:00,29.176469802856445,29.176469802856445,28.58823585510254,28.882352828979492,923967,0.0,0.0
2025-12-31 00:00:00+08:00,28.94117546081543,29.117647171020508,28.58823585510254,28.58823585510254,640381,0.0,0.0
2026-01-02 00:00:00+08:00,28.882352828979492,29.41176414489746,28.52941131591797,29.117647171020508,784847,0.0,0.0
2026-01-05 00:00:00+08:00,29.294116973876953,29.41176414489746,28.58823585510254,28.58823585510254,907579,0.0,0.0
2026-01-06 00:00:00+08:00,28.764705657958984,29.058822631835938,28.647058486938477,28.882352828979492,654976,0.0,0.0
2026-01-07 00:00:00+08:00,29.0,29.352941513061523,28.58823585510254,28.94117546081543,827941,0.0,0.0
2026-01-08 00:00:00+08:00,29.352941513061523,29.705881118774414,28.41176414489746,28.47058868408203,1170780,0.0,0.0
2026-01-09 00:00:00+08:00,28.764705657958984,29.647058486938477,28.176469802856445,29.352941513061523,1500631,0.0,0.0
2026-01-12 00:00:00+08:00,29.94117546081543,30.47058868408203,29.764705657958984,30.117647171020508,1654355,0.0,0.0
2026-01-13 00:00:00+08:00,30.41176414489746,30.764705657958984,29.705881118774414,29.705881118774414,1296724,0.0,0.0
2026-01-14 00:00:00+08:00,30.0,32.29411697387695,30.0,31.647058486938477,6032750,0.0,0.0
2026-01-15 00:00:00+08:00,32.35293960571289,34.764705657958984,31.647058486938477,34.117645263671875,16903381,0.0,0.0
2026-01-16 00:00:00+08:00,35.0,36.0,33.588233947753906,33.764705657958984,13524451,0.0,0.0
2026-01-19 00:00:00+08:00,33.88235092163086,36.41176223754883,32.94117736816406,35.82352828979492,9954733,0.0,0.0
2026-01-20 00:00:00+08:00,36.647056579589844,39.35293960571289,36.0,39.35293960571289,12450156,0.0,0.0
2026-01-21 00:00:00+08:00,40.588233947753906,42.35293960571289,39.35293960571289,40.0,22250344,0.0,0.0
2026-01-22 00:00:00+08:00,40.35293960571289,41.29411697387695,37.82352828979492,39.0,9903033,0.0,0.0
2026-01-23 00:00:00+08:00,39.05882263183594,39.35293960571289,36.235294342041016,36.47058868408203,5820643,0.0,0.0
2026-01-26 00:00:00+08:00,36.647056579589844,37.647056579589844,35.647056579589844,36.117645263671875,3562497,0.0,0.0
2026-01-27 00:00:00+08:00,36.29411697387695,36.29411697387695,33.88235092163086,34.52941131591797,4254316,0.0,0.0
2026-01-28 00:00:00+08:00,34.82352828979492,35.88235092163086,34.117645263671875,35.82352828979492,3557233,0.0,0.0
2026-01-29 00:00:00+08:00,35.35293960571289,35.41176223754883,33.647056579589844,34.05882263183594,2842327,0.0,0.0
2026-01-30 00:00:00+08:00,33.82352828979492,33.82352828979492,32.588233947753906,32.82352828979492,2056300,0.0,0.0
2026-02-02 00:00:00+08:00,32.82352828979492,33.41176223754883,31.882352828979492,32.117645263671875,1240243,0.0,0.0
2026-02-03 00:00:00+08:00,32.70588302612305,33.17647171020508,32.05882263183594,32.235294342041016,1160271,0.0,0.0
2026-02-04 00:00:00+08:00,32.235294342041016,32.588233947753906,31.882352828979492,32.35293960571289,981006,0.0,0.0
2026-02-05 00:00:00+08:00,32.29411697387695,32.52941131591797,30.705881118774414,30.705881118774414,1637287,0.0,0.0
2026-02-06 00:00:00+08:00,30.58823585510254,30.705881118774414,29.52941131591797,29.58823585510254,1263121,0.0,0.0
2026-02-09 00:00:00+08:00,30.294116973876953,30.52941131591797,29.41176414489746,29.47058868408203,978964,0.0,0.0
2026-02-10 00:00:00+08:00,29.823528289794922,29.882352828979492,29.294116973876953,29.352941513061523,804847,0.0,0.0
2026-02-11 00:00:00+08:00,28.882352828979492,30.47058868408203,28.882352828979492,29.352941513061523,1521593,0.0,0.0
2026-02-23 00:00:00+08:00,29.41176414489746,30.117647171020508,28.882352828979492,29.764705657958984,958289,0.0,0.0
2026-02-24 00:00:00+08:00,29.764705657958984,30.352941513061523,29.705881118774414,29.764705657958984,1109811,0.0,0.0
2026-02-25 00:00:00+08:00,30.0,32.70588302612305,29.41176414489746,31.882352828979492,5380037,0.0,0.85
2026-02-26 00:00:00+08:00,32.47058868408203,33.47058868408203,31.294116973876953,32.94117736816406,4610793,0.0,0.0
2026-03-02 00:00:00+08:00,32.17647171020508,33.29411697387695,31.764705657958984,31.882352828979492,1829638,0.0,0.0
2026-03-03 00:00:00+08:00,32.764705657958984,34.117645263671875,31.94117546081543,32.235294342041016,2616249,0.0,0.0
2026-03-04 00:00:00+08:00,31.764705657958984,31.764705657958984,30.235294342041016,30.352941513061523,1255895,0.0,0.0
2026-03-05 00:00:00+08:00,31.0,31.764705657958984,30.94117546081543,31.0,821527,0.0,0.0
2026-03-06 00:00:00+08:00,31.058822631835938,34.0,31.058822631835938,33.17647171020508,4486494,0.0,0.0
2026-03-09 00:00:00+08:00,31.352941513061523,31.47058868408203,29.882352828979492,30.294116973876953,2009995,0.0,0.0
2026-03-10 00:00:00+08:00,32.235294342041016,32.235294342041016,30.41176414489746,30.705881118774414,899470,0.0,0.0
2026-03-11 00:00:00+08:00,30.823528289794922,32.05882263183594,30.823528289794922,31.235294342041016,887400,0.0,0.0
2026-03-12 00:00:00+08:00,31.235294342041016,31.47058868408203,30.235294342041016,30.352941513061523,1159570,0.0,0.0
2026-03-13 00:00:00+08:00,30.0,30.58823585510254,29.58823585510254,29.823528289794922,1029822,0.0,0.0
2026-03-16 00:00:00+08:00,29.94117546081543,30.117647171020508,29.41176414489746,29.52941131591797,1026763,0.0,0.0
2026-03-17 00:00:00+08:00,29.705881118774414,30.58823585510254,29.705881118774414,30.176469802856445,697867,0.0,0.0
2026-03-18 00:00:00+08:00,30.352941513061523,30.58823585510254,29.882352828979492,30.352941513061523,816850,0.0,0.0
2026-03-19 00:00:00+08:00,29.882352828979492,31.176469802856445,29.647058486938477,30.0,809532,0.0,0.0
2026-03-20 00:00:00+08:00,30.176469802856445,30.52941131591797,28.882352828979492,29.058822631835938,1688276,0.0,0.0
2026-03-23 00:00:00+08:00,28.58823585510254,28.94117546081543,28.176469802856445,28.294116973876953,736166,0.0,0.0
2026-03-24 00:00:00+08:00,28.823528289794922,28.94117546081543,27.47058868408203,27.647058486938477,1028267,0.0,0.0
2026-03-25 00:00:00+08:00,28.117647171020508,28.52941131591797,27.882352828979492,28.235294342041016,791605,0.0,0.0
2026-03-26 00:00:00+08:00,28.352941513061523,28.352941513061523,27.294116973876953,27.352941513061523,983790,0.0,0.0
2026-03-27 00:00:00+08:00,27.058822631835938,27.352941513061523,26.58823585510254,27.176469802856445,645044,0.0,0.0
2026-03-30 00:00:00+08:00,26.52941131591797,27.117647171020508,26.41176414489746,26.47058868408203,1087852,0.0,0.0
2026-03-31 00:00:00+08:00,26.47058868408203,27.47058868408203,26.41176414489746,26.47058868408203,844708,0.0,0.0
2026-04-01 00:00:00+08:00,26.470590591430664,26.470590591430664,26.470590591430664,26.470590591430664,0,0.0,0.85
2026-04-02 00:00:00+08:00,26.470590591430664,26.470590591430664,26.470590591430664,26.470590591430664,0,0.0,0.0
2026-04-07 00:00:00+08:00,26.470590591430664,26.470590591430664,26.470590591430664,26.470590591430664,0,0.0,0.0
2026-04-08 00:00:00+08:00,26.470590591430664,26.470590591430664,26.470590591430664,26.470590591430664,0,0.0,0.0
2026-04-09 00:00:00+08:00,26.470590591430664,26.470590591430664,26.470590591430664,26.470590591430664,0,0.0,0.0
2026-04-10 00:00:00+08:00,26.470590591430664,26.470590591430664,26.470590591430664,26.470590591430664,0,0.0,0.0
2026-04-13 00:00:00+08:00,26.600000381469727,27.0,25.25,25.299999237060547,1012829,0.0,0.0
2026-04-14 00:00:00+08:00,25.350000381469727,25.75,24.149999618530273,24.149999618530273,1298133,0.0,0.0
2026-04-15 00:00:00+08:00,24.799999237060547,25.25,24.200000762939453,24.200000762939453,659859,0.0,0.0
2026-04-16 00:00:00+08:00,24.25,24.899999618530273,24.149999618530273,24.799999237060547,587937,0.0,0.0
2026-04-17 00:00:00+08:00,25.149999618530273,25.5,24.850000381469727,25.299999237060547,628967,0.0,0.0
2026-04-20 00:00:00+08:00,25.399999618530273,25.899999618530273,24.899999618530273,25.100000381469727,620801,0.0,0.0
2026-04-21 00:00:00+08:00,25.0,25.0,24.25,24.5,1632080,0.0,0.0
2026-04-22 00:00:00+08:00,24.600000381469727,24.700000762939453,24.299999237060547,24.350000381469727,773557,0.0,0.0
2026-04-23 00:00:00+08:00,24.5,24.899999618530273,23.200000762939453,23.450000762939453,1346377,0.0,0.0
2026-04-24 00:00:00+08:00,23.899999618530273,23.899999618530273,22.600000381469727,22.75,901203,0.0,0.0
2026-04-27 00:00:00+08:00,22.850000381469727,23.049999237060547,22.549999237060547,22.700000762939453,1054876,0.0,0.0
2026-04-28 00:00:00+08:00,22.850000381469727,23.899999618530273,22.649999618530273,23.299999237060547,1144925,0.0,0.0
2026-04-29 00:00:00+08:00,23.299999237060547,23.700000762939453,22.950000762939453,23.600000381469727,613402,0.0,0.0
2026-04-30 00:00:00+08:00,23.600000381469727,23.850000381469727,23.399999618530273,23.5,428299,0.0,0.0
2026-05-04 00:00:00+08:00,23.5,24.5,23.149999618530273,23.850000381469727,699401,0.0,0.0
2026-05-05 00:00:00+08:00,23.850000381469727,24.5,23.799999237060547,23.850000381469727,434400,0.0,0.0
2026-05-06 00:00:00+08:00,24.0,24.0,23.450000762939453,23.649999618530273,565203,0.0,0.0
2026-05-07 00:00:00+08:00,23.950000762939453,24.299999237060547,23.549999237060547,24.200000762939453,651101,0.0,0.0
2026-05-08 00:00:00+08:00,24.25,25.200000762939453,24.200000762939453,24.299999237060547,1501951,0.0,0.0
2026-05-11 00:00:00+08:00,24.799999237060547,24.799999237060547,23.799999237060547,23.799999237060547,680912,0.0,0.0
2026-05-12 00:00:00+08:00,24.299999237060547,25.350000381469727,24.25,24.399999618530273,1071029,0.0,0.0
2026-05-13 00:00:00+08:00,24.5,26.799999237060547,24.5,26.799999237060547,2676548,0.0,0.0
2026-05-14 00:00:00+08:00,28.0,28.049999237060547,26.299999237060547,26.649999618530273,5322956,0.0,0.0
2026-05-15 00:00:00+08:00,26.799999237060547,26.799999237060547,25.399999618530273,25.399999618530273,1591894,0.0,0.0
2026-05-18 00:00:00+08:00,25.0,25.75,25.0,25.200000762939453,609108,0.0,0.0
2026-05-19 00:00:00+08:00,25.299999237060547,26.100000381469727,24.950000762939453,25.299999237060547,1046205,0.0,0.0
2026-05-20 00:00:00+08:00,25.299999237060547,25.450000762939453,24.75,24.75,617657,0.0,0.0
2026-05-21 00:00:00+08:00,25.200000762939453,25.649999618530273,25.0,25.299999237060547,657078,0.0,0.0
2026-05-22 00:00:00+08:00,25.649999618530273,25.75,25.25,25.450000762939453,785591,0.0,0.0
2026-05-25 00:00:00+08:00,26.0,26.799999237060547,25.600000381469727,26.549999237060547,1889030,0.0,0.0
2026-05-26 00:00:00+08:00,27.200000762939453,27.25,26.200000762939453,26.75,1483675,0.0,0.0
2026-05-27 00:00:00+08:00,27.200000762939453,27.299999237060547,26.200000762939453,26.200000762939453,1294550,0.0,0.0
2026-05-28 00:00:00+08:00,26.25,26.600000381469727,25.200000762939453,25.200000762939453,1479825,0.0,0.0
2026-05-29 00:00:00+08:00,25.549999237060547,25.549999237060547,25.049999237060547,25.100000381469727,888738,0.0,0.0
2026-06-01 00:00:00+08:00,25.700000762939453,27.399999618530273,25.649999618530273,26.549999237060547,1597331,0.0,0.0
2026-06-02 00:00:00+08:00,26.850000381469727,26.850000381469727,26.0,26.600000381469727,970045,0.0,0.0
2026-06-03 00:00:00+08:00,26.850000381469727,29.25,26.700000762939453,29.25,4033342,0.0,0.0
2026-06-04 00:00:00+08:00,29.25,31.899999618530273,28.799999237060547,30.25,11903640,0.0,0.0
2026-06-05 00:00:00+08:00,31.0,31.100000381469727,28.100000381469727,30.950000762939453,5672060,0.0,0.0
