Date,Open,High,Low,Close,Volume,Dividends,Stock Splits
2010-01-04 00:00:00+09:00,82.5999984741211,82.5999984741211,80.0,80.0,6000,0.0,0.0
2010-01-05 00:00:00+09:00,82.66666412353516,82.66666412353516,82.66666412353516,82.66666412353516,6000,0.0,0.0
2010-01-06 00:00:00+09:00,83.33333587646484,83.33333587646484,83.33333587646484,83.33333587646484,1500,0.0,0.0
2010-01-07 00:00:00+09:00,83.33333587646484,83.33333587646484,83.33333587646484,83.33333587646484,1500,0.0,0.0
2010-01-08 00:00:00+09:00,80.66666412353516,85.33333587646484,80.66666412353516,85.33333587646484,3000,0.0,0.0
2010-01-12 00:00:00+09:00,80.0,80.0,80.0,80.0,3000,0.0,0.0
2010-01-13 00:00:00+09:00,80.0,80.0,80.0,80.0,3000,0.0,0.0
2010-01-14 00:00:00+09:00,80.0,80.0,80.0,80.0,3000,0.0,0.0
2010-01-15 00:00:00+09:00,80.0,80.0,80.0,80.0,1500,0.0,0.0
2010-01-18 00:00:00+09:00,80.0,80.0,80.0,80.0,1500,0.0,0.0
2010-01-19 00:00:00+09:00,80.0,80.0,80.0,80.0,1500,0.0,0.0
2010-01-20 00:00:00+09:00,80.0,80.0,80.0,80.0,1500,0.0,0.0
2010-01-21 00:00:00+09:00,80.0,80.0,80.0,80.0,1500,0.0,0.0
2010-01-22 00:00:00+09:00,80.0,80.0,80.0,80.0,1500,0.0,0.0
2010-01-25 00:00:00+09:00,80.0,82.0,80.0,82.0,1500,0.0,0.0
2010-01-26 00:00:00+09:00,76.53333282470703,76.53333282470703,76.53333282470703,76.53333282470703,13500,0.0,0.0
2010-01-27 00:00:00+09:00,76.53333282470703,78.53333282470703,76.53333282470703,78.53333282470703,13500,0.0,0.0
2010-01-28 00:00:00+09:00,78.53333282470703,78.53333282470703,78.53333282470703,78.53333282470703,13500,0.0,0.0
2010-01-29 00:00:00+09:00,78.53333282470703,80.53333282470703,78.53333282470703,80.53333282470703,13500,0.0,0.0
2010-02-01 00:00:00+09:00,80.53333282470703,82.53333282470703,80.53333282470703,82.53333282470703,13500,0.0,0.0
2010-02-02 00:00:00+09:00,82.53333282470703,82.53333282470703,82.53333282470703,82.53333282470703,13500,0.0,0.0
2010-02-03 00:00:00+09:00,82.53333282470703,82.53333282470703,82.53333282470703,82.53333282470703,13500,0.0,0.0
2010-02-04 00:00:00+09:00,82.53333282470703,82.53333282470703,82.53333282470703,82.53333282470703,13500,0.0,0.0
2010-02-05 00:00:00+09:00,82.53333282470703,82.53333282470703,82.53333282470703,82.53333282470703,13500,0.0,0.0
2010-02-08 00:00:00+09:00,82.53333282470703,82.53333282470703,82.53333282470703,82.53333282470703,13500,0.0,0.0
2010-02-09 00:00:00+09:00,82.53333282470703,82.53333282470703,82.53333282470703,82.53333282470703,13500,0.0,0.0
2010-02-10 00:00:00+09:00,72.53333282470703,72.53333282470703,70.53333282470703,70.53333282470703,7500,0.0,0.0
2010-02-12 00:00:00+09:00,72.53333282470703,72.53333282470703,72.53333282470703,72.53333282470703,7500,0.0,0.0
2010-02-15 00:00:00+09:00,72.53333282470703,72.53333282470703,72.53333282470703,72.53333282470703,7500,0.0,0.0
2010-02-16 00:00:00+09:00,52.53333282470703,60.53333282470703,52.53333282470703,60.53333282470703,192000,0.0,0.0
2010-02-17 00:00:00+09:00,56.33333206176758,58.599998474121094,53.400001525878906,58.599998474121094,82500,0.0,0.0
2010-02-18 00:00:00+09:00,58.599998474121094,58.599998474121094,58.599998474121094,58.599998474121094,4500,0.0,0.0
2010-02-19 00:00:00+09:00,58.33333206176758,59.33333206176758,58.33333206176758,58.33333206176758,1500,0.0,0.0
2010-02-22 00:00:00+09:00,59.33333206176758,60.33333206176758,59.33333206176758,60.33333206176758,1500,0.0,0.0
2010-02-23 00:00:00+09:00,60.33333206176758,60.33333206176758,60.33333206176758,60.33333206176758,1500,0.0,0.0
2010-02-24 00:00:00+09:00,60.33333206176758,60.33333206176758,60.33333206176758,60.33333206176758,1500,0.0,0.0
2010-02-25 00:00:00+09:00,60.33333206176758,60.33333206176758,58.666664123535156,58.666664123535156,1500,0.0,0.0
2010-02-26 00:00:00+09:00,55.666664123535156,57.666664123535156,55.666664123535156,57.666664123535156,18000,0.0,0.0
2010-03-01 00:00:00+09:00,57.666664123535156,57.666664123535156,57.666664123535156,57.666664123535156,18000,0.0,0.0
2010-03-02 00:00:00+09:00,57.666664123535156,57.666664123535156,56.666664123535156,56.666664123535156,1500,0.0,0.0
2010-03-03 00:00:00+09:00,56.666664123535156,56.666664123535156,56.666664123535156,56.666664123535156,6000,0.0,0.0
2010-03-04 00:00:00+09:00,56.666664123535156,56.666664123535156,56.666664123535156,56.666664123535156,6000,0.0,0.0
2010-03-05 00:00:00+09:00,54.666664123535156,54.733333587646484,54.666664123535156,54.733333587646484,4500,0.0,0.0
2010-03-08 00:00:00+09:00,54.733333587646484,54.733333587646484,54.733333587646484,54.733333587646484,4500,0.0,0.0
2010-03-09 00:00:00+09:00,54.733333587646484,54.733333587646484,54.733333587646484,54.733333587646484,4500,0.0,0.0
2010-03-10 00:00:00+09:00,54.733333587646484,54.733333587646484,54.733333587646484,54.733333587646484,4500,0.0,0.0
2010-03-11 00:00:00+09:00,54.733333587646484,55.733333587646484,54.733333587646484,55.733333587646484,4500,0.0,0.0
2010-03-12 00:00:00+09:00,55.733333587646484,56.733333587646484,55.733333587646484,56.733333587646484,4500,0.0,0.0
2010-03-15 00:00:00+09:00,60.0,60.0,60.0,60.0,6000,0.0,0.0
2010-03-16 00:00:00+09:00,60.0,60.0,60.0,60.0,6000,0.0,0.0
2010-03-17 00:00:00+09:00,60.0,60.0,60.0,60.0,6000,0.0,0.0
2010-03-18 00:00:00+09:00,60.0,60.0,58.0,58.0,1500,0.0,0.0
2010-03-19 00:00:00+09:00,58.0,58.400001525878906,57.400001525878906,57.400001525878906,1500,0.0,0.0
2010-03-23 00:00:00+09:00,58.400001525878906,58.400001525878906,58.400001525878906,58.400001525878906,1500,0.0,0.0
2010-03-24 00:00:00+09:00,58.400001525878906,58.400001525878906,58.400001525878906,58.400001525878906,1500,0.0,0.0
2010-03-25 00:00:00+09:00,57.400001525878906,57.46666717529297,57.400001525878906,57.46666717529297,46500,0.0,0.0
2010-03-26 00:00:00+09:00,61.20000076293945,61.20000076293945,61.20000076293945,61.20000076293945,7500,0.0,0.0
2010-03-29 00:00:00+09:00,61.20000076293945,61.20000076293945,61.20000076293945,61.20000076293945,7500,0.0,0.0
2010-03-30 00:00:00+09:00,54.33333206176758,55.20000076293945,53.53333282470703,53.86666488647461,204000,0.0,0.0
2010-03-31 00:00:00+09:00,53.46666717529297,53.46666717529297,52.0,52.0,52500,0.0,0.0
2010-04-01 00:00:00+09:00,54.266666412353516,54.266666412353516,52.0,54.266666412353516,79500,0.0,0.0
2010-04-02 00:00:00+09:00,54.266666412353516,55.266666412353516,54.266666412353516,55.266666412353516,79500,0.0,0.0
2010-04-05 00:00:00+09:00,55.266666412353516,55.266666412353516,55.266666412353516,55.266666412353516,6000,0.0,0.0
2010-04-06 00:00:00+09:00,55.266666412353516,55.266666412353516,55.266666412353516,55.266666412353516,6000,0.0,0.0
2010-04-07 00:00:00+09:00,55.266666412353516,55.266666412353516,55.266666412353516,55.266666412353516,6000,0.0,0.0
2010-04-08 00:00:00+09:00,56.266666412353516,56.266666412353516,55.93333435058594,55.93333435058594,19500,0.0,0.0
2010-04-09 00:00:00+09:00,55.93333435058594,55.93333435058594,55.93333435058594,55.93333435058594,19500,0.0,0.0
2010-04-12 00:00:00+09:00,55.33333206176758,56.599998474121094,55.33333206176758,56.599998474121094,306000,0.0,0.0
2010-04-13 00:00:00+09:00,55.33333206176758,55.33333206176758,53.33333206176758,53.33333206176758,277500,0.0,0.0
2010-04-14 00:00:00+09:00,54.33333206176758,54.666664123535156,53.33333206176758,54.599998474121094,15000,0.0,0.0
2010-04-15 00:00:00+09:00,53.599998474121094,54.599998474121094,53.33333206176758,54.53333282470703,162000,0.0,0.0
2010-04-16 00:00:00+09:00,54.599998474121094,54.599998474121094,54.599998474121094,54.599998474121094,3000,0.0,0.0
2010-04-19 00:00:00+09:00,54.599998474121094,54.599998474121094,54.599998474121094,54.599998474121094,3000,0.0,0.0
2010-04-20 00:00:00+09:00,53.33333206176758,53.53333282470703,52.79999923706055,52.79999923706055,106500,0.0,0.0
2010-04-21 00:00:00+09:00,52.133331298828125,52.133331298828125,52.133331298828125,52.133331298828125,3000,0.0,0.0
2010-04-22 00:00:00+09:00,52.599998474121094,52.599998474121094,52.599998474121094,52.599998474121094,3000,0.0,0.0
2010-04-23 00:00:00+09:00,52.599998474121094,53.666664123535156,52.599998474121094,53.666664123535156,6000,0.0,0.0
2010-04-26 00:00:00+09:00,54.666664123535156,54.666664123535156,54.666664123535156,54.666664123535156,9000,0.0,0.0
2010-04-27 00:00:00+09:00,53.33333206176758,53.33333206176758,53.33333206176758,53.33333206176758,9000,0.0,0.0
2010-04-28 00:00:00+09:00,53.33333206176758,53.33333206176758,52.0,52.133331298828125,514500,0.0,0.0
2010-04-30 00:00:00+09:00,52.666664123535156,53.33333206176758,52.666664123535156,53.33333206176758,3000,0.0,0.0
2010-05-06 00:00:00+09:00,51.0,52.0,51.0,51.0,3000,0.0,0.0
2010-05-07 00:00:00+09:00,51.06666564941406,52.06666564941406,51.06666564941406,51.06666564941406,3000,0.0,0.0
2010-05-10 00:00:00+09:00,53.53333282470703,53.53333282470703,51.06666564941406,53.53333282470703,13500,0.0,0.0
2010-05-11 00:00:00+09:00,53.53333282470703,53.53333282470703,53.53333282470703,53.53333282470703,13500,0.0,0.0
2010-05-12 00:00:00+09:00,53.53333282470703,53.53333282470703,53.53333282470703,53.53333282470703,13500,0.0,0.0
2010-05-13 00:00:00+09:00,53.53333282470703,53.53333282470703,53.53333282470703,53.53333282470703,13500,0.0,0.0
2010-05-14 00:00:00+09:00,53.53333282470703,53.53333282470703,53.53333282470703,53.53333282470703,13500,0.0,0.0
2010-05-17 00:00:00+09:00,53.53333282470703,54.53333282470703,53.53333282470703,54.53333282470703,13500,0.0,0.0
2010-05-18 00:00:00+09:00,54.53333282470703,54.53333282470703,54.53333282470703,54.53333282470703,13500,0.0,0.0
2010-05-19 00:00:00+09:00,54.53333282470703,54.53333282470703,54.53333282470703,54.53333282470703,13500,0.0,0.0
2010-05-20 00:00:00+09:00,54.53333282470703,54.53333282470703,54.53333282470703,54.53333282470703,13500,0.0,0.0
2010-05-21 00:00:00+09:00,51.0,53.0,48.06666564941406,53.0,60000,0.0,0.0
2010-05-24 00:00:00+09:00,53.0,53.0,49.33333206176758,49.33333206176758,1500,0.0,0.0
2010-05-25 00:00:00+09:00,48.733333587646484,53.0,48.0,51.79999923706055,21000,0.0,0.0
2010-05-26 00:00:00+09:00,55.266666412353516,58.666664123535156,52.0,52.0,16500,0.0,0.0
2010-05-27 00:00:00+09:00,50.06666564941406,51.33333206176758,50.0,50.666664123535156,7500,0.0,0.0
2010-05-28 00:00:00+09:00,50.666664123535156,50.666664123535156,50.666664123535156,50.666664123535156,7500,0.0,0.0
2010-05-31 00:00:00+09:00,48.666664123535156,49.666664123535156,48.666664123535156,49.666664123535156,6000,0.0,0.0
2010-06-01 00:00:00+09:00,49.666664123535156,49.666664123535156,49.666664123535156,49.666664123535156,6000,0.0,0.0
2010-06-02 00:00:00+09:00,49.666664123535156,49.666664123535156,49.666664123535156,49.666664123535156,6000,0.0,0.0
2010-06-03 00:00:00+09:00,49.666664123535156,52.666664123535156,49.666664123535156,49.666664123535156,7500,0.0,0.0
2010-06-04 00:00:00+09:00,52.666664123535156,52.666664123535156,52.666664123535156,52.666664123535156,7500,0.0,0.0
2010-06-07 00:00:00+09:00,50.0,53.33333206176758,50.0,53.33333206176758,6000,0.0,0.0
2010-06-08 00:00:00+09:00,53.33333206176758,53.33333206176758,53.33333206176758,53.33333206176758,6000,0.0,0.0
2010-06-09 00:00:00+09:00,53.33333206176758,53.33333206176758,53.33333206176758,53.33333206176758,3000,0.0,0.0
2010-06-10 00:00:00+09:00,53.33333206176758,53.33333206176758,53.33333206176758,53.33333206176758,13500,0.0,0.0
2010-06-11 00:00:00+09:00,53.33333206176758,53.33333206176758,53.33333206176758,53.33333206176758,13500,0.0,0.0
2010-06-14 00:00:00+09:00,53.33333206176758,53.33333206176758,53.33333206176758,53.33333206176758,13500,0.0,0.0
2010-06-15 00:00:00+09:00,53.33333206176758,53.33333206176758,53.33333206176758,53.33333206176758,1500,0.0,0.0
2010-06-16 00:00:00+09:00,53.33333206176758,53.33333206176758,53.33333206176758,53.33333206176758,1500,0.0,0.0
2010-06-17 00:00:00+09:00,53.33333206176758,53.33333206176758,53.33333206176758,53.33333206176758,1500,0.0,0.0
2010-06-18 00:00:00+09:00,53.33333206176758,53.33333206176758,53.33333206176758,53.33333206176758,1500,0.0,0.0
2010-06-21 00:00:00+09:00,53.33333206176758,53.33333206176758,53.33333206176758,53.33333206176758,3000,0.0,0.0
2010-06-22 00:00:00+09:00,54.599998474121094,54.599998474121094,54.599998474121094,54.599998474121094,3000,0.0,0.0
2010-06-23 00:00:00+09:00,54.599998474121094,54.599998474121094,54.599998474121094,54.599998474121094,3000,0.0,0.0
2010-06-24 00:00:00+09:00,54.599998474121094,54.599998474121094,54.599998474121094,54.599998474121094,3000,0.0,0.0
2010-06-25 00:00:00+09:00,54.599998474121094,54.599998474121094,53.400001525878906,54.266666412353516,4500,0.0,0.0
2010-06-28 00:00:00+09:00,56.666664123535156,56.666664123535156,56.666664123535156,56.666664123535156,7500,0.0,0.0
2010-06-29 00:00:00+09:00,55.33333206176758,55.33333206176758,55.33333206176758,55.33333206176758,1500,0.0,0.0
2010-06-30 00:00:00+09:00,49.33333206176758,53.33333206176758,48.733333587646484,53.33333206176758,10500,0.0,0.0
2010-07-01 00:00:00+09:00,53.33333206176758,53.33333206176758,53.33333206176758,53.33333206176758,0,0.0,0.0
2010-07-02 00:00:00+09:00,53.33333206176758,53.33333206176758,53.33333206176758,53.33333206176758,10500,0.0,0.0
2010-07-05 00:00:00+09:00,53.33333206176758,53.33333206176758,53.33333206176758,53.33333206176758,3000,0.0,0.0
2010-07-06 00:00:00+09:00,53.33333206176758,53.33333206176758,53.33333206176758,53.33333206176758,3000,0.0,0.0
2010-07-07 00:00:00+09:00,53.33333206176758,53.33333206176758,53.33333206176758,53.33333206176758,9000,0.0,0.0
2010-07-08 00:00:00+09:00,53.33333206176758,53.33333206176758,53.33333206176758,53.33333206176758,6000,0.0,0.0
2010-07-09 00:00:00+09:00,53.33333206176758,53.33333206176758,53.33333206176758,53.33333206176758,6000,0.0,0.0
2010-07-12 00:00:00+09:00,53.33333206176758,53.33333206176758,53.33333206176758,53.33333206176758,6000,0.0,0.0
2010-07-13 00:00:00+09:00,53.33333206176758,53.33333206176758,53.33333206176758,53.33333206176758,6000,0.0,0.0
2010-07-14 00:00:00+09:00,53.33333206176758,53.33333206176758,53.33333206176758,53.33333206176758,6000,0.0,0.0
2010-07-15 00:00:00+09:00,53.33333206176758,53.33333206176758,53.33333206176758,53.33333206176758,6000,0.0,0.0
2010-07-16 00:00:00+09:00,53.33333206176758,53.33333206176758,53.33333206176758,53.33333206176758,6000,0.0,0.0
2010-07-21 00:00:00+09:00,53.33333206176758,53.33333206176758,53.33333206176758,53.33333206176758,1500,0.0,0.0
2010-07-22 00:00:00+09:00,53.33333206176758,53.33333206176758,53.33333206176758,53.33333206176758,1500,0.0,0.0
2010-07-23 00:00:00+09:00,56.666664123535156,56.666664123535156,56.666664123535156,56.666664123535156,31500,0.0,0.0
2010-07-26 00:00:00+09:00,61.666664123535156,61.666664123535156,61.666664123535156,61.666664123535156,9000,0.0,0.0
2010-07-27 00:00:00+09:00,60.0,60.0,60.0,60.0,3000,0.0,0.0
2010-07-28 00:00:00+09:00,60.0,60.0,60.0,60.0,3000,0.0,0.0
2010-07-29 00:00:00+09:00,60.0,60.0,60.0,60.0,3000,0.0,0.0
2010-07-30 00:00:00+09:00,60.0,60.0,60.0,60.0,3000,0.0,0.0
2010-08-02 00:00:00+09:00,59.0,59.0,56.666664123535156,56.666664123535156,4500,0.0,0.0
2010-08-03 00:00:00+09:00,56.666664123535156,56.666664123535156,56.666664123535156,56.666664123535156,4500,0.0,0.0
2010-08-04 00:00:00+09:00,56.666664123535156,56.666664123535156,56.666664123535156,56.666664123535156,4500,0.0,0.0
2010-08-05 00:00:00+09:00,56.666664123535156,56.666664123535156,56.666664123535156,56.666664123535156,4500,0.0,0.0
2010-08-06 00:00:00+09:00,60.0,60.0,60.0,60.0,4500,0.0,0.0
2010-08-09 00:00:00+09:00,60.0,60.0,60.0,60.0,4500,0.0,0.0
2010-08-10 00:00:00+09:00,60.0,60.0,60.0,60.0,4500,0.0,0.0
2010-08-11 00:00:00+09:00,60.0,60.0,60.0,60.0,4500,0.0,0.0
2010-08-12 00:00:00+09:00,60.0,60.0,60.0,60.0,4500,0.0,0.0
2010-08-13 00:00:00+09:00,59.0,59.0,59.0,59.0,4500,0.0,0.0
2010-08-16 00:00:00+09:00,53.0,58.599998474121094,53.0,58.599998474121094,7500,0.0,0.0
2010-08-17 00:00:00+09:00,58.599998474121094,58.599998474121094,58.599998474121094,58.599998474121094,3000,0.0,0.0
2010-08-18 00:00:00+09:00,58.599998474121094,58.599998474121094,58.599998474121094,58.599998474121094,7500,0.0,0.0
2010-08-19 00:00:00+09:00,58.599998474121094,58.599998474121094,58.599998474121094,58.599998474121094,7500,0.0,0.0
2010-08-20 00:00:00+09:00,58.599998474121094,58.599998474121094,58.599998474121094,58.599998474121094,7500,0.0,0.0
2010-08-23 00:00:00+09:00,58.599998474121094,58.599998474121094,58.599998474121094,58.599998474121094,7500,0.0,0.0
2010-08-24 00:00:00+09:00,58.599998474121094,58.599998474121094,58.599998474121094,58.599998474121094,7500,0.0,0.0
2010-08-25 00:00:00+09:00,58.599998474121094,58.599998474121094,52.666664123535156,52.666664123535156,3000,0.0,0.0
2010-08-26 00:00:00+09:00,59.93333435058594,59.93333435058594,59.93333435058594,59.93333435058594,6000,0.0,0.0
2010-08-27 00:00:00+09:00,59.93333435058594,59.93333435058594,59.93333435058594,59.93333435058594,6000,0.0,0.0
2010-08-30 00:00:00+09:00,53.33333206176758,53.33333206176758,53.33333206176758,53.33333206176758,4500,0.0,0.0
2010-08-31 00:00:00+09:00,53.33333206176758,53.33333206176758,53.33333206176758,53.33333206176758,15000,0.0,0.0
2010-09-01 00:00:00+09:00,53.33333206176758,53.33333206176758,53.33333206176758,53.33333206176758,7500,0.0,0.0
2010-09-02 00:00:00+09:00,51.33333206176758,51.33333206176758,51.33333206176758,51.33333206176758,3000,0.0,0.0
2010-09-03 00:00:00+09:00,51.33333206176758,51.33333206176758,51.33333206176758,51.33333206176758,3000,0.0,0.0
2010-09-06 00:00:00+09:00,51.33333206176758,52.33333206176758,51.33333206176758,52.33333206176758,7500,0.0,0.0
2010-09-07 00:00:00+09:00,52.33333206176758,53.0,52.33333206176758,53.0,7500,0.0,0.0
2010-09-08 00:00:00+09:00,53.0,53.0,53.0,53.0,7500,0.0,0.0
2010-09-09 00:00:00+09:00,53.0,53.0,53.0,53.0,7500,0.0,0.0
2010-09-10 00:00:00+09:00,53.0,53.0,53.0,53.0,7500,0.0,0.0
2010-09-13 00:00:00+09:00,51.0,51.0,51.0,51.0,3000,0.0,0.0
2010-09-14 00:00:00+09:00,58.0,58.0,58.0,58.0,4500,0.0,0.0
2010-09-16 00:00:00+09:00,58.0,58.0,58.0,58.0,4500,0.0,0.0
2010-09-17 00:00:00+09:00,58.0,58.0,58.0,58.0,4500,0.0,0.0
2010-09-21 00:00:00+09:00,54.666664123535156,54.666664123535156,54.666664123535156,54.666664123535156,7500,0.0,0.0
2010-09-22 00:00:00+09:00,54.666664123535156,54.666664123535156,54.666664123535156,54.666664123535156,7500,0.0,0.0
2010-09-24 00:00:00+09:00,54.666664123535156,55.33333206176758,54.666664123535156,55.33333206176758,1500,0.0,0.0
2010-09-27 00:00:00+09:00,54.733333587646484,54.733333587646484,54.733333587646484,54.733333587646484,16500,0.0,0.0
2010-09-28 00:00:00+09:00,51.733333587646484,51.733333587646484,51.733333587646484,51.733333587646484,1500,0.0,0.0
2010-09-29 00:00:00+09:00,51.733333587646484,51.733333587646484,51.733333587646484,51.733333587646484,1500,0.0,0.0
2010-09-30 00:00:00+09:00,51.733333587646484,51.733333587646484,51.733333587646484,51.733333587646484,1500,0.0,0.0
2010-10-01 00:00:00+09:00,51.733333587646484,51.733333587646484,51.733333587646484,51.733333587646484,1500,0.0,0.0
2010-10-04 00:00:00+09:00,51.733333587646484,51.733333587646484,51.733333587646484,51.733333587646484,1500,0.0,0.0
2010-10-05 00:00:00+09:00,51.733333587646484,51.733333587646484,51.733333587646484,51.733333587646484,1500,0.0,0.0
2010-10-06 00:00:00+09:00,51.733333587646484,51.733333587646484,51.733333587646484,51.733333587646484,1500,0.0,0.0
2010-10-07 00:00:00+09:00,51.733333587646484,52.0,51.733333587646484,52.0,4500,0.0,0.0
2010-10-08 00:00:00+09:00,52.0,52.33333206176758,52.0,52.33333206176758,7500,0.0,0.0
2010-10-12 00:00:00+09:00,52.33333206176758,52.33333206176758,52.33333206176758,52.33333206176758,7500,0.0,0.0
2010-10-13 00:00:00+09:00,51.33333206176758,51.33333206176758,51.33333206176758,51.33333206176758,6000,0.0,0.0
2010-10-14 00:00:00+09:00,51.33333206176758,51.33333206176758,51.33333206176758,51.33333206176758,6000,0.0,0.0
2010-10-15 00:00:00+09:00,52.666664123535156,52.666664123535156,52.666664123535156,52.666664123535156,4500,0.0,0.0
2010-10-18 00:00:00+09:00,51.53333282470703,51.53333282470703,51.53333282470703,51.53333282470703,1500,0.0,0.0
2010-10-19 00:00:00+09:00,51.53333282470703,51.53333282470703,51.53333282470703,51.53333282470703,1500,0.0,0.0
2010-10-20 00:00:00+09:00,52.53333282470703,52.666664123535156,52.53333282470703,52.666664123535156,3000,0.0,0.0
2010-10-21 00:00:00+09:00,52.666664123535156,52.666664123535156,52.666664123535156,52.666664123535156,3000,0.0,0.0
2010-10-22 00:00:00+09:00,51.33333206176758,51.33333206176758,51.33333206176758,51.33333206176758,3000,0.0,0.0
2010-10-25 00:00:00+09:00,53.0,53.0,53.0,53.0,3000,0.0,0.0
2010-10-26 00:00:00+09:00,49.0,51.79999923706055,49.0,51.79999923706055,12000,0.0,0.0
2010-10-27 00:00:00+09:00,52.33333206176758,52.33333206176758,52.33333206176758,52.33333206176758,4500,0.0,0.0
2010-10-28 00:00:00+09:00,52.33333206176758,52.33333206176758,52.33333206176758,52.33333206176758,3000,0.0,0.0
2010-10-29 00:00:00+09:00,53.0,53.0,53.0,53.0,4500,0.0,0.0
2010-11-01 00:00:00+09:00,53.0,53.0,53.0,53.0,4500,0.0,0.0
2010-11-02 00:00:00+09:00,51.0,53.20000076293945,50.400001525878906,53.20000076293945,10500,0.0,0.0
2010-11-04 00:00:00+09:00,53.33333206176758,53.33333206176758,53.33333206176758,53.33333206176758,1500,0.0,0.0
2010-11-05 00:00:00+09:00,53.33333206176758,53.33333206176758,53.33333206176758,53.33333206176758,1500,0.0,0.0
2010-11-08 00:00:00+09:00,51.33333206176758,51.33333206176758,50.400001525878906,50.400001525878906,3000,0.0,0.0
2010-11-09 00:00:00+09:00,49.400001525878906,49.400001525878906,49.400001525878906,49.400001525878906,7500,0.0,0.0
2010-11-10 00:00:00+09:00,47.400001525878906,47.400001525878906,46.79999923706055,46.79999923706055,3000,0.0,0.0
2010-11-11 00:00:00+09:00,45.133331298828125,45.133331298828125,44.0,44.0,24000,0.0,0.0
2010-11-12 00:00:00+09:00,44.0,44.0,43.33333206176758,43.33333206176758,15000,0.0,0.0
2010-11-15 00:00:00+09:00,41.33333206176758,41.53333282470703,41.33333206176758,41.53333282470703,3000,0.0,0.0
2010-11-16 00:00:00+09:00,41.666664123535156,41.666664123535156,41.666664123535156,41.666664123535156,1500,0.0,0.0
2010-11-17 00:00:00+09:00,41.666664123535156,41.666664123535156,41.666664123535156,41.666664123535156,1500,0.0,0.0
2010-11-18 00:00:00+09:00,42.0,42.0,42.0,42.0,1500,0.0,0.0
2010-11-19 00:00:00+09:00,42.0,42.0,42.0,42.0,1500,0.0,0.0
2010-11-22 00:00:00+09:00,43.33333206176758,43.33333206176758,43.33333206176758,43.33333206176758,1500,0.0,0.0
2010-11-24 00:00:00+09:00,43.33333206176758,43.33333206176758,43.33333206176758,43.33333206176758,1500,0.0,0.0
2010-11-25 00:00:00+09:00,44.400001525878906,44.400001525878906,44.400001525878906,44.400001525878906,1500,0.0,0.0
2010-11-26 00:00:00+09:00,47.20000076293945,47.20000076293945,47.20000076293945,47.20000076293945,9000,0.0,0.0
2010-11-29 00:00:00+09:00,47.20000076293945,47.20000076293945,47.20000076293945,47.20000076293945,9000,0.0,0.0
2010-11-30 00:00:00+09:00,46.93333435058594,46.93333435058594,46.93333435058594,46.93333435058594,3000,0.0,0.0
2010-12-01 00:00:00+09:00,46.93333435058594,46.93333435058594,46.93333435058594,46.93333435058594,3000,0.0,0.0
2010-12-02 00:00:00+09:00,46.93333435058594,46.93333435058594,46.93333435058594,46.93333435058594,3000,0.0,0.0
2010-12-03 00:00:00+09:00,44.86666488647461,44.86666488647461,44.86666488647461,44.86666488647461,3000,0.0,0.0
2010-12-06 00:00:00+09:00,44.86666488647461,44.86666488647461,44.86666488647461,44.86666488647461,3000,0.0,0.0
2010-12-07 00:00:00+09:00,44.86666488647461,44.86666488647461,44.86666488647461,44.86666488647461,3000,0.0,0.0
2010-12-08 00:00:00+09:00,44.86666488647461,44.86666488647461,44.86666488647461,44.86666488647461,3000,0.0,0.0
2010-12-09 00:00:00+09:00,44.86666488647461,44.86666488647461,44.86666488647461,44.86666488647461,3000,0.0,0.0
2010-12-10 00:00:00+09:00,44.86666488647461,44.86666488647461,44.86666488647461,44.86666488647461,1500,0.0,0.0
2010-12-13 00:00:00+09:00,46.0,46.0,46.0,46.0,1500,0.0,0.0
2010-12-14 00:00:00+09:00,44.666664123535156,44.666664123535156,43.33333206176758,43.33333206176758,7500,0.0,0.0
2010-12-15 00:00:00+09:00,44.06666564941406,44.06666564941406,44.06666564941406,44.06666564941406,7500,0.0,0.0
2010-12-16 00:00:00+09:00,44.06666564941406,44.06666564941406,44.06666564941406,44.06666564941406,1500,0.0,0.0
2010-12-17 00:00:00+09:00,45.266666412353516,45.33333206176758,45.266666412353516,45.33333206176758,3000,0.0,0.0
2010-12-20 00:00:00+09:00,45.33333206176758,45.33333206176758,45.33333206176758,45.33333206176758,3000,0.0,0.0
2010-12-21 00:00:00+09:00,45.33333206176758,45.33333206176758,45.33333206176758,45.33333206176758,3000,0.0,0.0
2010-12-22 00:00:00+09:00,46.666664123535156,46.666664123535156,45.33333206176758,45.33333206176758,9000,0.0,0.0
2010-12-24 00:00:00+09:00,45.33333206176758,45.599998474121094,45.33333206176758,45.599998474121094,6000,0.0,0.0
2010-12-27 00:00:00+09:00,47.79999923706055,47.79999923706055,47.79999923706055,47.79999923706055,6000,0.0,0.0
2010-12-28 00:00:00+09:00,45.33333206176758,45.33333206176758,45.33333206176758,45.33333206176758,1500,0.0,0.0
2010-12-29 00:00:00+09:00,45.33333206176758,45.33333206176758,45.33333206176758,45.33333206176758,1500,0.0,0.0
2010-12-30 00:00:00+09:00,45.33333206176758,45.33333206176758,45.33333206176758,45.33333206176758,1500,0.0,0.0
2011-01-04 00:00:00+09:00,45.33333206176758,45.33333206176758,45.33333206176758,45.33333206176758,1500,0.0,0.0
2011-01-05 00:00:00+09:00,45.33333206176758,45.33333206176758,45.33333206176758,45.33333206176758,3000,0.0,0.0
2011-01-06 00:00:00+09:00,45.33333206176758,45.33333206176758,45.33333206176758,45.33333206176758,3000,0.0,0.0
2011-01-07 00:00:00+09:00,45.33333206176758,45.33333206176758,45.33333206176758,45.33333206176758,3000,0.0,0.0
2011-01-11 00:00:00+09:00,45.33333206176758,45.33333206176758,45.33333206176758,45.33333206176758,3000,0.0,0.0
2011-01-12 00:00:00+09:00,45.33333206176758,45.33333206176758,45.33333206176758,45.33333206176758,3000,0.0,0.0
2011-01-13 00:00:00+09:00,45.33333206176758,45.33333206176758,45.33333206176758,45.33333206176758,3000,0.0,0.0
2011-01-14 00:00:00+09:00,45.33333206176758,45.33333206176758,45.33333206176758,45.33333206176758,3000,0.0,0.0
2011-01-17 00:00:00+09:00,45.33333206176758,45.33333206176758,45.33333206176758,45.33333206176758,3000,0.0,0.0
2011-01-18 00:00:00+09:00,45.33333206176758,45.33333206176758,45.33333206176758,45.33333206176758,4500,0.0,0.0
2011-01-19 00:00:00+09:00,45.33333206176758,45.33333206176758,45.33333206176758,45.33333206176758,4500,0.0,0.0
2011-01-20 00:00:00+09:00,45.33333206176758,45.33333206176758,45.33333206176758,45.33333206176758,1500,0.0,0.0
2011-01-21 00:00:00+09:00,45.33333206176758,45.33333206176758,45.33333206176758,45.33333206176758,1500,0.0,0.0
2011-01-24 00:00:00+09:00,48.666664123535156,48.666664123535156,48.666664123535156,48.666664123535156,1500,0.0,0.0
2011-01-25 00:00:00+09:00,48.599998474121094,49.0,48.599998474121094,49.0,6000,0.0,0.0
2011-01-26 00:00:00+09:00,49.0,49.0,49.0,49.0,0,0.0,0.0
2011-01-27 00:00:00+09:00,51.33333206176758,51.33333206176758,51.33333206176758,51.33333206176758,7500,0.0,0.0
2011-01-28 00:00:00+09:00,51.33333206176758,51.33333206176758,51.33333206176758,51.33333206176758,7500,0.0,0.0
2011-01-31 00:00:00+09:00,51.33333206176758,51.33333206176758,51.33333206176758,51.33333206176758,7500,0.0,0.0
2011-02-01 00:00:00+09:00,51.33333206176758,51.33333206176758,51.33333206176758,51.33333206176758,7500,0.0,0.0
2011-02-02 00:00:00+09:00,51.33333206176758,51.33333206176758,51.33333206176758,51.33333206176758,1500,0.0,0.0
2011-02-03 00:00:00+09:00,51.33333206176758,51.33333206176758,51.33333206176758,51.33333206176758,1500,0.0,0.0
2011-02-04 00:00:00+09:00,51.33333206176758,51.33333206176758,51.33333206176758,51.33333206176758,1500,0.0,0.0
2011-02-07 00:00:00+09:00,44.33333206176758,44.33333206176758,41.666664123535156,42.0,25500,0.0,0.0
2011-02-08 00:00:00+09:00,43.33333206176758,43.33333206176758,43.33333206176758,43.33333206176758,1500,0.0,0.0
2011-02-09 00:00:00+09:00,44.33333206176758,44.33333206176758,41.666664123535156,41.666664123535156,12000,0.0,0.0
2011-02-10 00:00:00+09:00,41.133331298828125,41.133331298828125,41.133331298828125,41.133331298828125,4500,0.0,0.0
2011-02-14 00:00:00+09:00,43.133331298828125,43.133331298828125,40.46666717529297,40.46666717529297,6000,0.0,0.0
2011-02-15 00:00:00+09:00,42.46666717529297,44.666664123535156,42.46666717529297,44.666664123535156,13500,0.0,0.0
2011-02-16 00:00:00+09:00,44.666664123535156,44.666664123535156,44.666664123535156,44.666664123535156,13500,0.0,0.0
2011-02-17 00:00:00+09:00,44.666664123535156,44.666664123535156,44.666664123535156,44.666664123535156,13500,0.0,0.0
2011-02-18 00:00:00+09:00,44.666664123535156,44.666664123535156,44.666664123535156,44.666664123535156,13500,0.0,0.0
2011-02-21 00:00:00+09:00,44.666664123535156,44.666664123535156,44.666664123535156,44.666664123535156,13500,0.0,0.0
2011-02-22 00:00:00+09:00,44.666664123535156,45.33333206176758,44.666664123535156,45.33333206176758,15000,0.0,0.0
2011-02-23 00:00:00+09:00,45.33333206176758,45.33333206176758,45.33333206176758,45.33333206176758,15000,0.0,0.0
2011-02-24 00:00:00+09:00,42.666664123535156,42.666664123535156,40.46666717529297,41.133331298828125,13500,0.0,0.0
2011-02-25 00:00:00+09:00,41.79999923706055,41.79999923706055,41.79999923706055,41.79999923706055,1500,0.0,0.0
2011-02-28 00:00:00+09:00,43.79999923706055,43.79999923706055,43.79999923706055,43.79999923706055,7500,0.0,0.0
2011-03-01 00:00:00+09:00,41.666664123535156,41.666664123535156,41.666664123535156,41.666664123535156,1500,0.0,0.0
2011-03-02 00:00:00+09:00,41.666664123535156,41.666664123535156,41.666664123535156,41.666664123535156,1500,0.0,0.0
2011-03-03 00:00:00+09:00,41.666664123535156,41.666664123535156,41.666664123535156,41.666664123535156,1500,0.0,0.0
2011-03-04 00:00:00+09:00,44.400001525878906,44.400001525878906,44.400001525878906,44.400001525878906,7500,0.0,0.0
2011-03-07 00:00:00+09:00,44.400001525878906,44.400001525878906,44.400001525878906,44.400001525878906,7500,0.0,0.0
2011-03-08 00:00:00+09:00,44.400001525878906,44.400001525878906,44.400001525878906,44.400001525878906,0,0.0,0.0
2011-03-09 00:00:00+09:00,44.400001525878906,44.400001525878906,44.400001525878906,44.400001525878906,7500,0.0,0.0
2011-03-10 00:00:00+09:00,44.400001525878906,44.400001525878906,44.400001525878906,44.400001525878906,7500,0.0,0.0
2011-03-11 00:00:00+09:00,44.400001525878906,44.400001525878906,44.400001525878906,44.400001525878906,7500,0.0,0.0
2011-03-14 00:00:00+09:00,44.400001525878906,44.400001525878906,44.400001525878906,44.400001525878906,0,0.0,0.0
2011-03-15 00:00:00+09:00,40.666664123535156,40.666664123535156,37.733333587646484,37.733333587646484,9000,0.0,0.0
2011-03-16 00:00:00+09:00,37.733333587646484,37.733333587646484,37.733333587646484,37.733333587646484,9000,0.0,0.0
2011-03-17 00:00:00+09:00,37.733333587646484,37.733333587646484,37.733333587646484,37.733333587646484,9000,0.0,0.0
2011-03-18 00:00:00+09:00,37.733333587646484,37.733333587646484,37.733333587646484,37.733333587646484,9000,0.0,0.0
2011-03-22 00:00:00+09:00,42.0,42.0,42.0,42.0,1500,0.0,0.0
2011-03-23 00:00:00+09:00,49.33333206176758,49.33333206176758,47.33333206176758,49.33333206176758,441000,0.0,0.0
2011-03-24 00:00:00+09:00,59.33333206176758,59.33333206176758,55.33333206176758,59.33333206176758,573000,0.0,0.0
2011-03-25 00:00:00+09:00,59.266666412353516,59.266666412353516,49.33333206176758,50.53333282470703,319500,0.0,0.0
2011-03-28 00:00:00+09:00,54.0,55.666664123535156,47.33333206176758,49.33333206176758,133500,0.0,0.0
2011-03-29 00:00:00+09:00,50.0,51.06666564941406,46.33333206176758,46.33333206176758,78000,0.0,0.0
2011-03-30 00:00:00+09:00,47.20000076293945,47.79999923706055,44.133331298828125,47.79999923706055,64500,0.0,0.0
2011-03-31 00:00:00+09:00,52.666664123535156,53.266666412353516,49.33333206176758,50.33333206176758,96000,0.0,0.0
2011-04-01 00:00:00+09:00,53.33333206176758,53.33333206176758,48.133331298828125,49.133331298828125,64500,0.0,0.0
2011-04-04 00:00:00+09:00,50.06666564941406,54.0,49.33333206176758,53.33333206176758,112500,0.0,0.0
2011-04-05 00:00:00+09:00,54.33333206176758,56.0,50.0,53.0,103500,0.0,0.0
2011-04-06 00:00:00+09:00,55.86666488647461,63.0,55.666664123535156,63.0,1423500,0.0,0.0
2011-04-07 00:00:00+09:00,73.0,73.0,73.0,73.0,655500,0.0,0.0
2011-04-08 00:00:00+09:00,72.33333587646484,93.0,69.0,85.33333587646484,4441500,0.0,0.0
2011-04-11 00:00:00+09:00,105.33333587646484,105.33333587646484,105.33333587646484,105.33333587646484,313500,0.0,0.0
2011-04-12 00:00:00+09:00,123.33333587646484,132.0,120.73332977294922,132.0,1890000,0.0,0.0
2011-04-13 00:00:00+09:00,146.6666717529297,158.6666717529297,138.1999969482422,158.6666717529297,2791500,0.0,0.0
2011-04-14 00:00:00+09:00,155.3333282470703,192.0,125.33333587646484,133.3333282470703,4632000,0.0,0.0
2011-04-15 00:00:00+09:00,133.3333282470703,134.60000610351562,115.06666564941406,120.0,2233500,0.0,0.0
2011-04-18 00:00:00+09:00,126.66666412353516,129.3333282470703,112.73332977294922,128.3333282470703,1414500,0.0,0.0
2011-04-19 00:00:00+09:00,131.0,152.53334045410156,123.93333435058594,146.06666564941406,2794500,0.0,0.0
2011-04-20 00:00:00+09:00,152.73333740234375,163.3333282470703,134.0,138.06666564941406,2107500,0.0,0.0
2011-04-21 00:00:00+09:00,132.06666564941406,135.93333435058594,121.66666412353516,122.33333587646484,1146000,0.0,0.0
2011-04-22 00:00:00+09:00,123.33333587646484,140.93333435058594,119.26666259765625,129.06666564941406,1795500,0.0,0.0
2011-04-25 00:00:00+09:00,124.33333587646484,126.66666412353516,120.73332977294922,120.93333435058594,681000,0.0,0.0
2011-04-26 00:00:00+09:00,122.0,133.3333282470703,121.53333282470703,128.86666870117188,1348500,0.0,0.0
2011-04-27 00:00:00+09:00,126.66666412353516,127.33333587646484,122.0,122.13333129882812,502500,0.0,0.0
2011-04-28 00:00:00+09:00,120.66666412353516,121.0,107.66666412353516,113.33333587646484,682500,0.0,0.0
2011-05-02 00:00:00+09:00,113.33333587646484,113.33333587646484,113.33333587646484,113.33333587646484,0,0.0,0.0
2011-05-06 00:00:00+09:00,106.5999984741211,106.5999984741211,106.5999984741211,106.5999984741211,0,0.0,0.0
2011-05-09 00:00:00+09:00,106.5999984741211,106.5999984741211,106.5999984741211,106.5999984741211,0,0.0,0.0
2011-05-10 00:00:00+09:00,108.66666412353516,108.66666412353516,103.19999694824219,104.66666412353516,306000,0.0,0.0
2011-05-11 00:00:00+09:00,107.06666564941406,108.66666412353516,103.66666412353516,106.33333587646484,468000,0.0,0.0
2011-05-12 00:00:00+09:00,105.33333587646484,105.33333587646484,100.06666564941406,100.66666412353516,210000,0.0,0.0
2011-05-13 00:00:00+09:00,100.66666412353516,117.06666564941406,90.5999984741211,109.06666564941406,1401000,0.0,0.0
2011-05-16 00:00:00+09:00,113.33333587646484,135.73333740234375,111.73332977294922,123.86666870117188,4119000,0.0,0.0
2011-05-17 00:00:00+09:00,122.46666717529297,131.60000610351562,107.46666717529297,109.0,1587000,0.0,0.0
2011-05-18 00:00:00+09:00,111.0,117.33333587646484,104.19999694824219,117.13333129882812,681000,0.0,0.0
2011-05-19 00:00:00+09:00,117.0,117.0,110.06666564941406,110.66666412353516,295500,0.0,0.0
2011-05-20 00:00:00+09:00,108.06666564941406,109.46666717529297,100.66666412353516,105.33333587646484,474000,0.0,0.0
2011-05-23 00:00:00+09:00,102.19999694824219,103.33333587646484,98.26666259765625,103.33333587646484,324000,0.0,0.0
2011-05-24 00:00:00+09:00,98.0,104.66666412353516,97.66666412353516,100.0,189000,0.0,0.0
2011-05-25 00:00:00+09:00,101.86666870117188,102.26666259765625,95.33333587646484,95.33333587646484,165000,0.0,0.0
2011-05-26 00:00:00+09:00,92.06666564941406,95.19999694824219,91.46666717529297,93.0,291000,0.0,0.0
2011-05-27 00:00:00+09:00,93.4000015258789,93.4000015258789,89.46666717529297,93.0,232500,0.0,0.0
2011-05-30 00:00:00+09:00,93.0,93.0,93.0,93.0,0,0.0,0.0
2011-05-31 00:00:00+09:00,93.0,93.0,93.0,93.0,0,0.0,0.0
2011-06-01 00:00:00+09:00,99.86666870117188,100.5999984741211,93.33333587646484,94.46666717529297,261000,0.0,0.0
2011-06-02 00:00:00+09:00,90.80000305175781,92.66666412353516,90.73332977294922,91.0,142500,0.0,0.0
2011-06-03 00:00:00+09:00,90.73332977294922,93.4000015258789,89.53333282470703,90.19999694824219,181500,0.0,0.0
2011-06-06 00:00:00+09:00,91.66666412353516,91.66666412353516,84.0,84.0,171000,0.0,0.0
2011-06-07 00:00:00+09:00,84.33333587646484,87.0,81.46666717529297,85.80000305175781,151500,0.0,0.0
2011-06-08 00:00:00+09:00,87.13333129882812,87.13333129882812,83.13333129882812,83.73332977294922,103500,0.0,0.0
2011-06-09 00:00:00+09:00,83.80000305175781,83.80000305175781,78.33333587646484,79.4000015258789,184500,0.0,0.0
2011-06-10 00:00:00+09:00,82.0,86.46666717529297,81.53333282470703,84.0,241500,0.0,0.0
2011-06-13 00:00:00+09:00,80.86666870117188,95.26666259765625,80.0,95.06666564941406,817500,0.0,0.0
2011-06-14 00:00:00+09:00,103.33333587646484,108.66666412353516,100.06666564941406,108.53333282470703,1549500,0.0,0.0
2011-06-15 00:00:00+09:00,108.66666412353516,108.66666412353516,100.33333587646484,104.0,625500,0.0,0.0
2011-06-16 00:00:00+09:00,102.33333587646484,114.66666412353516,98.06666564941406,111.66666412353516,1125000,0.0,0.0
2011-06-17 00:00:00+09:00,113.33333587646484,118.66666412353516,104.0,104.0,915000,0.0,0.0
2011-06-20 00:00:00+09:00,108.66666412353516,110.66666412353516,103.4000015258789,107.26666259765625,189000,0.0,0.0
2011-06-21 00:00:00+09:00,103.73332977294922,103.73332977294922,97.33333587646484,101.0,190500,0.0,0.0
2011-06-22 00:00:00+09:00,100.19999694824219,103.33333587646484,99.0,102.0,121500,0.0,0.0
2011-06-23 00:00:00+09:00,102.06666564941406,105.0,100.0,103.86666870117188,144000,0.0,0.0
2011-06-24 00:00:00+09:00,103.33333587646484,103.33333587646484,99.66666412353516,101.33333587646484,66000,0.0,0.0
2011-06-27 00:00:00+09:00,98.19999694824219,99.4000015258789,97.46666717529297,98.66666412353516,78000,0.0,0.0
2011-06-28 00:00:00+09:00,100.33333587646484,100.33333587646484,93.66666412353516,97.19999694824219,102000,0.0,0.0
2011-06-29 00:00:00+09:00,98.66666412353516,99.66666412353516,96.5999984741211,99.66666412353516,25500,0.0,0.0
2011-06-30 00:00:00+09:00,97.4000015258789,98.5999984741211,95.13333129882812,95.4000015258789,94500,0.0,0.0
2011-07-01 00:00:00+09:00,94.33333587646484,96.33333587646484,94.0,94.0,85500,0.0,0.0
2011-07-04 00:00:00+09:00,94.0,94.66666412353516,92.53333282470703,92.66666412353516,78000,0.0,0.0
2011-07-05 00:00:00+09:00,93.33333587646484,98.13333129882812,92.19999694824219,98.13333129882812,78000,0.0,0.0
2011-07-06 00:00:00+09:00,96.26666259765625,100.86666870117188,94.4000015258789,95.19999694824219,103500,0.0,0.0
2011-07-07 00:00:00+09:00,97.19999694824219,99.33333587646484,95.33333587646484,99.0,82500,0.0,0.0
2011-07-08 00:00:00+09:00,99.13333129882812,102.66666412353516,99.13333129882812,99.93333435058594,300000,0.0,0.0
2011-07-11 00:00:00+09:00,119.93333435058594,119.93333435058594,119.93333435058594,119.93333435058594,226500,0.0,0.0
2011-07-12 00:00:00+09:00,133.26666259765625,146.60000610351562,124.86666870117188,128.8000030517578,7998000,0.0,0.0
2011-07-13 00:00:00+09:00,123.73332977294922,139.8000030517578,123.73332977294922,127.46666717529297,1725000,0.0,0.0
2011-07-14 00:00:00+09:00,127.46666717529297,127.46666717529297,127.46666717529297,127.46666717529297,0,0.0,0.0
2011-07-15 00:00:00+09:00,127.53333282470703,129.0,120.13333129882812,122.0,819000,0.0,0.0
2011-07-19 00:00:00+09:00,163.53334045410156,180.0,140.1999969482422,144.0,5934000,0.0,0.0
2011-07-20 00:00:00+09:00,146.6666717529297,151.93333435058594,138.3333282470703,143.26666259765625,1411500,0.0,0.0
2011-07-21 00:00:00+09:00,146.53334045410156,146.6666717529297,132.6666717529297,136.1999969482422,876000,0.0,0.0
2011-07-22 00:00:00+09:00,136.1999969482422,136.3333282470703,129.06666564941406,132.86666870117188,496500,0.0,0.0
2011-07-25 00:00:00+09:00,135.86666870117188,140.0,128.6666717529297,134.39999389648438,774000,0.0,0.0
2011-07-26 00:00:00+09:00,131.3333282470703,133.3333282470703,129.26666259765625,131.3333282470703,276000,0.0,0.0
2011-07-27 00:00:00+09:00,130.93333435058594,130.93333435058594,121.86666870117188,123.33333587646484,480000,0.0,0.0
2011-07-28 00:00:00+09:00,124.66666412353516,124.66666412353516,116.13333129882812,117.80000305175781,517500,0.0,0.0
2011-07-29 00:00:00+09:00,120.53333282470703,128.6666717529297,116.73332977294922,116.80000305175781,1119000,0.0,0.0
2011-08-01 00:00:00+09:00,117.13333129882812,125.66666412353516,117.13333129882812,123.4000015258789,393000,0.0,0.0
2011-08-02 00:00:00+09:00,130.0,131.60000610351562,123.66666412353516,123.86666870117188,1020000,0.0,0.0
2011-08-03 00:00:00+09:00,118.53333282470703,121.33333587646484,114.73332977294922,120.0,324000,0.0,0.0
2011-08-04 00:00:00+09:00,119.33333587646484,120.0,115.33333587646484,115.33333587646484,177000,0.0,0.0
2011-08-05 00:00:00+09:00,104.66666412353516,111.26666259765625,102.06666564941406,109.86666870117188,370500,0.0,0.0
2011-08-08 00:00:00+09:00,104.66666412353516,109.33333587646484,97.73332977294922,97.73332977294922,285000,0.0,0.0
2011-08-09 00:00:00+09:00,87.73332977294922,99.66666412353516,86.80000305175781,98.26666259765625,369000,0.0,0.0
2011-08-10 00:00:00+09:00,102.93333435058594,106.0,100.0,105.33333587646484,250500,0.0,0.0
2011-08-11 00:00:00+09:00,98.0,115.66666412353516,97.66666412353516,113.13333129882812,460500,0.0,0.0
2011-08-12 00:00:00+09:00,115.66666412353516,116.0,108.06666564941406,110.66666412353516,0,0.0,0.0
2011-08-15 00:00:00+09:00,108.06666564941406,112.5999984741211,108.0,110.5999984741211,145500,0.0,0.0
2011-08-16 00:00:00+09:00,108.4000015258789,110.0,104.33333587646484,104.73332977294922,141000,0.0,0.0
2011-08-17 00:00:00+09:00,102.66666412353516,107.13333129882812,102.33333587646484,104.5999984741211,93000,0.0,0.0
2011-08-18 00:00:00+09:00,104.66666412353516,106.33333587646484,98.0,98.80000305175781,150000,0.0,0.0
2011-08-19 00:00:00+09:00,96.0,98.13333129882812,93.66666412353516,95.19999694824219,130500,0.0,0.0
2011-08-22 00:00:00+09:00,96.66666412353516,99.33333587646484,91.4000015258789,91.4000015258789,93000,0.0,0.0
2011-08-23 00:00:00+09:00,92.0,94.66666412353516,87.73332977294922,92.5999984741211,72000,0.0,0.0
2011-08-24 00:00:00+09:00,96.5999984741211,97.33333587646484,92.0,92.0,72000,0.0,0.0
2011-08-25 00:00:00+09:00,92.13333129882812,92.93333435058594,90.0,92.66666412353516,54000,0.0,0.0
2011-08-26 00:00:00+09:00,89.80000305175781,95.33333587646484,89.80000305175781,94.0,75000,0.0,0.0
2011-08-29 00:00:00+09:00,92.80000305175781,100.06666564941406,92.80000305175781,98.13333129882812,0,0.0,0.0
2011-08-30 00:00:00+09:00,102.0,108.0,100.0,100.0,243000,0.0,0.0
2011-08-31 00:00:00+09:00,100.13333129882812,103.33333587646484,100.0,100.0,58500,0.0,0.0
2011-09-01 00:00:00+09:00,100.0,100.66666412353516,97.66666412353516,98.33333587646484,61500,0.0,0.0
2011-09-02 00:00:00+09:00,97.06666564941406,98.0,94.33333587646484,95.66666412353516,49500,0.0,0.0
2011-09-05 00:00:00+09:00,93.66666412353516,95.66666412353516,92.80000305175781,92.80000305175781,52500,0.0,0.0
2011-09-06 00:00:00+09:00,90.80000305175781,107.73332977294922,90.80000305175781,98.66666412353516,580500,0.0,0.0
2011-09-07 00:00:00+09:00,99.66666412353516,104.0,97.73332977294922,101.93333435058594,208500,0.0,0.0
2011-09-08 00:00:00+09:00,104.5999984741211,104.66666412353516,98.06666564941406,100.33333587646484,93000,0.0,0.0
2011-09-09 00:00:00+09:00,100.46666717529297,100.46666717529297,97.66666412353516,99.66666412353516,45000,0.0,0.0
2011-09-12 00:00:00+09:00,96.66666412353516,96.66666412353516,93.80000305175781,93.80000305175781,52500,0.0,0.0
2011-09-13 00:00:00+09:00,93.80000305175781,96.0,93.33333587646484,93.5999984741211,36000,0.0,0.0
2011-09-14 00:00:00+09:00,93.46666717529297,93.86666870117188,90.33333587646484,90.46666717529297,40500,0.0,0.0
2011-09-15 00:00:00+09:00,89.66666412353516,92.33333587646484,88.33333587646484,90.93333435058594,54000,0.0,0.0
2011-09-16 00:00:00+09:00,89.66666412353516,92.0,89.33333587646484,92.0,51000,0.0,0.0
2011-09-20 00:00:00+09:00,90.0,90.0,88.0,88.53333282470703,24000,0.0,0.0
2011-09-21 00:00:00+09:00,88.13333129882812,88.13333129882812,83.4000015258789,84.19999694824219,67500,0.0,0.0
2011-09-22 00:00:00+09:00,82.66666412353516,82.66666412353516,75.13333129882812,75.33333587646484,156000,0.0,0.0
2011-09-26 00:00:00+09:00,71.33333587646484,72.66666412353516,61.733333587646484,63.33333206176758,267000,0.0,0.0
2011-09-27 00:00:00+09:00,71.33333587646484,71.33333587646484,65.93333435058594,68.0,175500,0.0,0.0
2011-09-28 00:00:00+09:00,71.5999984741211,72.53333282470703,68.86666870117188,70.0,66000,0.0,0.0
2011-09-29 00:00:00+09:00,68.66666412353516,74.53333282470703,67.66666412353516,72.66666412353516,42000,0.0,0.0
2011-09-30 00:00:00+09:00,74.66666412353516,77.33333587646484,72.33333587646484,74.26666259765625,63000,0.0,0.0
2011-10-03 00:00:00+09:00,74.0,74.0,68.33333587646484,70.5999984741211,54000,0.0,0.0
2011-10-04 00:00:00+09:00,67.26666259765625,68.13333129882812,67.06666564941406,67.66666412353516,52500,0.0,0.0
2011-10-05 00:00:00+09:00,68.06666564941406,70.86666870117188,65.33333587646484,70.86666870117188,63000,0.0,0.0
2011-10-06 00:00:00+09:00,72.86666870117188,74.0,70.33333587646484,70.66666412353516,58500,0.0,0.0
2011-10-07 00:00:00+09:00,72.66666412353516,72.66666412353516,69.33333587646484,69.33333587646484,54000,0.0,0.0
2011-10-11 00:00:00+09:00,70.86666870117188,73.0,69.4000015258789,70.0,130500,0.0,0.0
2011-10-12 00:00:00+09:00,70.0,70.0,69.0,69.06666564941406,42000,0.0,0.0
2011-10-13 00:00:00+09:00,69.33333587646484,75.66666412353516,69.33333587646484,72.73332977294922,127500,0.0,0.0
2011-10-14 00:00:00+09:00,70.66666412353516,74.5999984741211,69.93333435058594,70.26666259765625,75000,0.0,0.0
2011-10-17 00:00:00+09:00,71.4000015258789,77.86666870117188,71.33333587646484,75.0,73500,0.0,0.0
2011-10-18 00:00:00+09:00,77.0,78.0,75.13333129882812,77.19999694824219,0,0.0,0.0
2011-10-19 00:00:00+09:00,78.5999984741211,80.19999694824219,76.86666870117188,80.13333129882812,117000,0.0,0.0
2011-10-20 00:00:00+09:00,78.66666412353516,81.26666259765625,76.0,76.0,123000,0.0,0.0
2011-10-21 00:00:00+09:00,75.13333129882812,75.19999694824219,72.26666259765625,74.0,57000,0.0,0.0
2011-10-24 00:00:00+09:00,74.73332977294922,74.73332977294922,72.06666564941406,72.19999694824219,45000,0.0,0.0
2011-10-25 00:00:00+09:00,73.13333129882812,75.66666412353516,73.13333129882812,75.66666412353516,46500,0.0,0.0
2011-10-26 00:00:00+09:00,71.66666412353516,72.86666870117188,71.66666412353516,72.0,78000,0.0,0.0
2011-10-27 00:00:00+09:00,71.5999984741211,71.66666412353516,70.0,71.66666412353516,45000,0.0,0.0
2011-10-28 00:00:00+09:00,72.66666412353516,73.33333587646484,70.66666412353516,72.66666412353516,46500,0.0,0.0
2011-10-31 00:00:00+09:00,73.33333587646484,76.0,73.33333587646484,73.33333587646484,51000,0.0,0.0
2011-11-01 00:00:00+09:00,74.0,75.33333587646484,72.33333587646484,72.33333587646484,45000,0.0,0.0
2011-11-02 00:00:00+09:00,71.33333587646484,73.33333587646484,68.4000015258789,72.66666412353516,72000,0.0,0.0
2011-11-04 00:00:00+09:00,71.66666412353516,75.86666870117188,71.66666412353516,74.66666412353516,49500,0.0,0.0
2011-11-07 00:00:00+09:00,77.33333587646484,88.0,75.93333435058594,85.86666870117188,574500,0.0,0.0
2011-11-08 00:00:00+09:00,86.66666412353516,89.33333587646484,81.53333282470703,86.26666259765625,312000,0.0,0.0
2011-11-09 00:00:00+09:00,78.26666259765625,78.66666412353516,73.06666564941406,75.46666717529297,325500,0.0,0.0
2011-11-10 00:00:00+09:00,72.66666412353516,72.66666412353516,68.66666412353516,71.19999694824219,78000,0.0,0.0
2011-11-11 00:00:00+09:00,70.06666564941406,73.33333587646484,67.46666717529297,70.33333587646484,108000,0.0,0.0
2011-11-14 00:00:00+09:00,70.86666870117188,72.66666412353516,69.66666412353516,71.66666412353516,49500,0.0,0.0
2011-11-15 00:00:00+09:00,71.0,71.33333587646484,69.0,69.0,90000,0.0,0.0
2011-11-16 00:00:00+09:00,68.13333129882812,69.26666259765625,66.5999984741211,66.5999984741211,70500,0.0,0.0
2011-11-17 00:00:00+09:00,64.66666412353516,68.0,62.666664123535156,68.0,49500,0.0,0.0
2011-11-18 00:00:00+09:00,66.66666412353516,66.66666412353516,63.33333206176758,63.400001525878906,85500,0.0,0.0
2011-11-21 00:00:00+09:00,64.33333587646484,71.19999694824219,64.33333587646484,69.33333587646484,87000,0.0,0.0
2011-11-22 00:00:00+09:00,69.33333587646484,69.33333587646484,69.33333587646484,69.33333587646484,0,0.0,0.0
2011-11-24 00:00:00+09:00,66.19999694824219,66.5999984741211,64.13333129882812,65.19999694824219,37500,0.0,0.0
2011-11-25 00:00:00+09:00,65.0,66.0,63.33333206176758,63.666664123535156,117000,0.0,0.0
2011-11-28 00:00:00+09:00,63.33333206176758,65.33333587646484,63.266666412353516,65.33333587646484,60000,0.0,0.0
2011-11-29 00:00:00+09:00,64.66666412353516,66.13333129882812,63.0,66.13333129882812,69000,0.0,0.0
2011-11-30 00:00:00+09:00,66.13333129882812,67.66666412353516,65.33333587646484,67.66666412353516,48000,0.0,0.0
2011-12-01 00:00:00+09:00,70.0,74.53333282470703,66.80000305175781,70.73332977294922,273000,0.0,0.0
2011-12-02 00:00:00+09:00,70.0,71.0,67.80000305175781,70.0,85500,0.0,0.0
2011-12-05 00:00:00+09:00,71.26666259765625,73.33333587646484,70.0,72.06666564941406,60000,0.0,0.0
2011-12-06 00:00:00+09:00,72.33333587646484,76.53333282470703,71.53333282470703,73.33333587646484,175500,0.0,0.0
2011-12-07 00:00:00+09:00,73.93333435058594,73.93333435058594,71.13333129882812,72.26666259765625,63000,0.0,0.0
2011-12-08 00:00:00+09:00,73.0,73.0,69.0,70.4000015258789,42000,0.0,0.0
2011-12-09 00:00:00+09:00,69.19999694824219,70.46666717529297,68.73332977294922,70.0,49500,0.0,0.0
2011-12-12 00:00:00+09:00,70.66666412353516,71.26666259765625,70.19999694824219,70.4000015258789,31500,0.0,0.0
2011-12-13 00:00:00+09:00,70.33333587646484,70.73332977294922,69.19999694824219,70.66666412353516,19500,0.0,0.0
2011-12-14 00:00:00+09:00,70.0,70.66666412353516,70.0,70.66666412353516,9000,0.0,0.0
2011-12-15 00:00:00+09:00,69.66666412353516,69.66666412353516,67.13333129882812,68.73332977294922,0,0.0,0.0
2011-12-16 00:00:00+09:00,69.66666412353516,69.66666412353516,67.13333129882812,68.73332977294922,72000,0.0,0.0
2011-12-19 00:00:00+09:00,66.86666870117188,67.26666259765625,64.33333587646484,66.66666412353516,54000,0.0,0.0
2011-12-20 00:00:00+09:00,68.0,68.66666412353516,66.80000305175781,66.80000305175781,16500,0.0,0.0
2011-12-21 00:00:00+09:00,68.66666412353516,68.66666412353516,66.5999984741211,66.66666412353516,21000,0.0,0.0
2011-12-22 00:00:00+09:00,65.86666870117188,66.66666412353516,65.33333587646484,65.33333587646484,22500,0.0,0.0
2011-12-26 00:00:00+09:00,65.33333587646484,65.33333587646484,65.33333587646484,65.33333587646484,0,0.0,0.0
2011-12-27 00:00:00+09:00,63.93333435058594,65.13333129882812,63.93333435058594,64.46666717529297,82500,0.0,0.0
2011-12-28 00:00:00+09:00,64.19999694824219,65.06666564941406,63.733333587646484,63.733333587646484,46500,0.0,0.0
2011-12-29 00:00:00+09:00,64.0,64.66666412353516,63.79999923706055,63.79999923706055,36000,0.0,0.0
2011-12-30 00:00:00+09:00,63.86666488647461,64.80000305175781,63.86666488647461,64.66666412353516,25500,0.0,0.0
2012-01-04 00:00:00+09:00,64.86666870117188,67.26666259765625,64.86666870117188,67.26666259765625,25500,0.0,0.0
2012-01-05 00:00:00+09:00,66.73332977294922,71.33333587646484,65.4000015258789,68.26666259765625,37500,0.0,0.0
2012-01-06 00:00:00+09:00,70.26666259765625,70.26666259765625,66.66666412353516,66.66666412353516,75000,0.0,0.0
2012-01-10 00:00:00+09:00,67.33333587646484,69.0,66.0,68.66666412353516,34500,0.0,0.0
2012-01-11 00:00:00+09:00,68.06666564941406,70.33333587646484,68.0,69.33333587646484,64500,0.0,0.0
2012-01-12 00:00:00+09:00,70.4000015258789,70.4000015258789,66.66666412353516,68.66666412353516,54000,0.0,0.0
2012-01-13 00:00:00+09:00,68.66666412353516,70.0,67.66666412353516,70.0,12000,0.0,0.0
2012-01-16 00:00:00+09:00,68.0,68.66666412353516,67.53333282470703,67.53333282470703,45000,0.0,0.0
2012-01-17 00:00:00+09:00,67.33333587646484,70.33333587646484,67.33333587646484,68.93333435058594,82500,0.0,0.0
2012-01-18 00:00:00+09:00,70.33333587646484,70.66666412353516,67.46666717529297,67.66666412353516,102000,0.0,0.0
2012-01-19 00:00:00+09:00,67.66666412353516,71.53333282470703,67.66666412353516,71.0,130500,0.0,0.0
2012-01-20 00:00:00+09:00,70.19999694824219,70.19999694824219,68.0,68.66666412353516,70500,0.0,0.0
2012-01-23 00:00:00+09:00,70.13333129882812,70.19999694824219,68.86666870117188,68.86666870117188,39000,0.0,0.0
2012-01-24 00:00:00+09:00,68.93333435058594,70.0,68.66666412353516,69.4000015258789,22500,0.0,0.0
2012-01-25 00:00:00+09:00,68.73332977294922,69.53333282470703,67.86666870117188,68.19999694824219,49500,0.0,0.0
2012-01-26 00:00:00+09:00,68.0,68.66666412353516,68.0,68.13333129882812,28500,0.0,0.0
2012-01-27 00:00:00+09:00,68.33333587646484,71.93333435058594,68.26666259765625,71.66666412353516,106500,0.0,0.0
2012-01-30 00:00:00+09:00,71.5999984741211,76.0,71.5999984741211,74.33333587646484,153000,0.0,0.0
2012-01-31 00:00:00+09:00,75.33333587646484,75.33333587646484,71.66666412353516,71.80000305175781,78000,0.0,0.0
2012-02-01 00:00:00+09:00,71.66666412353516,72.66666412353516,69.33333587646484,72.66666412353516,67500,0.0,0.0
2012-02-02 00:00:00+09:00,72.66666412353516,72.66666412353516,69.86666870117188,70.5999984741211,72000,0.0,0.0
2012-02-03 00:00:00+09:00,70.66666412353516,70.66666412353516,68.66666412353516,68.73332977294922,70500,0.0,0.0
2012-02-06 00:00:00+09:00,70.66666412353516,71.93333435058594,70.33333587646484,71.0,58500,0.0,0.0
2012-02-07 00:00:00+09:00,71.33333587646484,83.33333587646484,71.33333587646484,76.5999984741211,616500,0.0,0.0
2012-02-08 00:00:00+09:00,77.86666870117188,80.0,73.73332977294922,74.0,139500,0.0,0.0
2012-02-09 00:00:00+09:00,73.33333587646484,73.33333587646484,71.53333282470703,72.06666564941406,81000,0.0,0.0
2012-02-10 00:00:00+09:00,70.73332977294922,72.73332977294922,70.73332977294922,70.80000305175781,124500,0.0,0.0
2012-02-13 00:00:00+09:00,73.33333587646484,79.93333435058594,73.26666259765625,76.73332977294922,282000,0.0,0.0
2012-02-14 00:00:00+09:00,70.0,71.66666412353516,67.73332977294922,70.19999694824219,303000,0.0,0.0
2012-02-15 00:00:00+09:00,68.66666412353516,70.5999984741211,68.06666564941406,68.86666870117188,139500,0.0,0.0
2012-02-16 00:00:00+09:00,68.66666412353516,70.33333587646484,68.66666412353516,70.33333587646484,39000,0.0,0.0
2012-02-17 00:00:00+09:00,69.66666412353516,70.06666564941406,68.66666412353516,68.73332977294922,79500,0.0,0.0
2012-02-20 00:00:00+09:00,68.73332977294922,69.19999694824219,66.86666870117188,66.86666870117188,70500,0.0,0.0
2012-02-21 00:00:00+09:00,66.86666870117188,68.33333587646484,66.86666870117188,68.33333587646484,49500,0.0,0.0
2012-02-22 00:00:00+09:00,68.66666412353516,70.13333129882812,68.5999984741211,70.0,81000,0.0,0.0
2012-02-23 00:00:00+09:00,69.33333587646484,69.46666717529297,68.80000305175781,69.46666717529297,39000,0.0,0.0
2012-02-24 00:00:00+09:00,68.46666717529297,70.0,68.46666717529297,69.66666412353516,42000,0.0,0.0
2012-02-27 00:00:00+09:00,71.33333587646484,71.33333587646484,69.53333282470703,69.53333282470703,82500,0.0,0.0
2012-02-28 00:00:00+09:00,69.33333587646484,69.33333587646484,67.5999984741211,68.86666870117188,66000,0.0,0.0
2012-02-29 00:00:00+09:00,68.26666259765625,68.86666870117188,67.80000305175781,67.93333435058594,85500,0.0,0.0
2012-03-01 00:00:00+09:00,67.80000305175781,68.46666717529297,67.73332977294922,68.26666259765625,18000,0.0,0.0
2012-03-02 00:00:00+09:00,68.33333587646484,68.5999984741211,67.5999984741211,67.66666412353516,43500,0.0,0.0
2012-03-05 00:00:00+09:00,68.0,68.5999984741211,68.0,68.4000015258789,46500,0.0,0.0
2012-03-06 00:00:00+09:00,68.4000015258789,68.4000015258789,68.4000015258789,68.4000015258789,0,0.0,0.0
2012-03-07 00:00:00+09:00,69.26666259765625,70.5999984741211,68.66666412353516,69.33333587646484,57000,0.0,0.0
2012-03-08 00:00:00+09:00,69.33333587646484,69.33333587646484,69.33333587646484,69.33333587646484,0,0.0,0.0
2012-03-09 00:00:00+09:00,72.33333587646484,78.5999984741211,70.66666412353516,73.66666412353516,343500,0.0,0.0
2012-03-12 00:00:00+09:00,73.66666412353516,73.66666412353516,73.66666412353516,73.66666412353516,0,0.0,0.0
2012-03-13 00:00:00+09:00,93.33333587646484,106.33333587646484,93.33333587646484,106.33333587646484,1474500,0.0,0.0
2012-03-14 00:00:00+09:00,116.66666412353516,119.93333435058594,101.80000305175781,111.66666412353516,2806500,0.0,0.0
2012-03-15 00:00:00+09:00,108.0,108.66666412353516,94.26666259765625,99.0,1236000,0.0,0.0
2012-03-16 00:00:00+09:00,100.0,104.4000015258789,95.06666564941406,95.93333435058594,493500,0.0,0.0
2012-03-19 00:00:00+09:00,100.66666412353516,108.26666259765625,96.0,100.13333129882812,1243500,0.0,0.0
2012-03-21 00:00:00+09:00,102.0,102.13333129882812,97.13333129882812,97.66666412353516,423000,0.0,0.0
2012-03-22 00:00:00+09:00,98.0,98.0,92.66666412353516,93.33333587646484,235500,0.0,0.0
2012-03-23 00:00:00+09:00,93.33333587646484,94.5999984741211,88.0,94.5999984741211,235500,0.0,0.0
2012-03-26 00:00:00+09:00,97.33333587646484,97.5999984741211,93.33333587646484,93.33333587646484,178500,0.0,0.0
2012-03-27 00:00:00+09:00,90.13333129882812,93.33333587646484,89.73332977294922,93.33333587646484,99000,0.0,0.0
2012-03-28 00:00:00+09:00,90.13333129882812,93.26666259765625,90.13333129882812,90.80000305175781,42000,0.0,0.0
2012-03-29 00:00:00+09:00,89.53333282470703,93.26666259765625,89.19999694824219,93.26666259765625,60000,0.0,0.0
2012-03-30 00:00:00+09:00,91.46666717529297,91.53333282470703,90.5999984741211,90.5999984741211,27000,0.0,0.0
2012-04-02 00:00:00+09:00,90.0,92.33333587646484,89.33333587646484,91.66666412353516,118500,0.0,0.0
2012-04-03 00:00:00+09:00,92.33333587646484,94.66666412353516,90.46666717529297,94.0,93000,0.0,0.0
2012-04-04 00:00:00+09:00,94.66666412353516,94.66666412353516,88.0,91.33333587646484,165000,0.0,0.0
2012-04-05 00:00:00+09:00,91.26666259765625,91.26666259765625,88.13333129882812,91.19999694824219,64500,0.0,0.0
2012-04-06 00:00:00+09:00,89.73332977294922,93.33333587646484,89.33333587646484,93.33333587646484,90000,0.0,0.0
2012-04-09 00:00:00+09:00,91.33333587646484,93.13333129882812,91.33333587646484,91.53333282470703,22500,0.0,0.0
2012-04-10 00:00:00+09:00,92.0,92.0,86.66666412353516,87.66666412353516,94500,0.0,0.0
2012-04-11 00:00:00+09:00,84.66666412353516,85.26666259765625,80.80000305175781,81.19999694824219,169500,0.0,0.0
2012-04-12 00:00:00+09:00,83.33333587646484,83.33333587646484,80.0,81.93333435058594,63000,0.0,0.0
2012-04-13 00:00:00+09:00,81.46666717529297,81.46666717529297,78.19999694824219,79.19999694824219,114000,0.0,0.0
2012-04-16 00:00:00+09:00,78.66666412353516,79.33333587646484,77.93333435058594,78.33333587646484,46500,0.0,0.0
2012-04-17 00:00:00+09:00,78.66666412353516,79.66666412353516,78.66666412353516,79.33333587646484,51000,0.0,0.0
2012-04-18 00:00:00+09:00,79.66666412353516,85.06666564941406,79.66666412353516,80.80000305175781,141000,0.0,0.0
2012-04-19 00:00:00+09:00,80.0,81.26666259765625,78.66666412353516,79.93333435058594,78000,0.0,0.0
2012-04-20 00:00:00+09:00,78.93333435058594,79.33333587646484,77.80000305175781,78.80000305175781,46500,0.0,0.0
2012-04-23 00:00:00+09:00,78.4000015258789,79.93333435058594,78.4000015258789,78.86666870117188,18000,0.0,0.0
2012-04-24 00:00:00+09:00,79.46666717529297,79.86666870117188,78.13333129882812,79.86666870117188,42000,0.0,0.0
2012-04-25 00:00:00+09:00,79.0,79.86666870117188,78.66666412353516,78.66666412353516,12000,0.0,0.0
2012-04-26 00:00:00+09:00,79.06666564941406,79.5999984741211,77.4000015258789,77.66666412353516,69000,0.0,0.0
2012-04-27 00:00:00+09:00,77.66666412353516,78.0,77.0,77.33333587646484,43500,0.0,0.0
2012-05-01 00:00:00+09:00,77.13333129882812,77.46666717529297,76.93333435058594,76.93333435058594,0,0.0,0.0
2012-05-02 00:00:00+09:00,77.13333129882812,77.46666717529297,76.93333435058594,76.93333435058594,21000,0.0,0.0
2012-05-07 00:00:00+09:00,74.19999694824219,74.19999694824219,71.0,72.0,70500,0.0,0.0
2012-05-08 00:00:00+09:00,72.0,75.19999694824219,72.0,75.19999694824219,24000,0.0,0.0
2012-05-09 00:00:00+09:00,73.33333587646484,74.0,72.13333129882812,72.66666412353516,24000,0.0,0.0
2012-05-10 00:00:00+09:00,70.0,70.0,65.06666564941406,66.33333587646484,219000,0.0,0.0
2012-05-11 00:00:00+09:00,67.66666412353516,67.66666412353516,60.599998474121094,61.733333587646484,180000,0.0,0.0
2012-05-14 00:00:00+09:00,59.33333206176758,59.33333206176758,54.53333282470703,54.79999923706055,135000,0.0,0.0
2012-05-15 00:00:00+09:00,55.79999923706055,55.79999923706055,51.0,51.666664123535156,181500,0.0,0.0
2012-05-16 00:00:00+09:00,58.666664123535156,58.666664123535156,54.666664123535156,54.666664123535156,105000,0.0,0.0
2012-05-17 00:00:00+09:00,55.33333206176758,58.133331298828125,52.53333282470703,58.133331298828125,52500,0.0,0.0
2012-05-18 00:00:00+09:00,56.666664123535156,56.666664123535156,54.0,54.06666564941406,22500,0.0,0.0
2012-05-21 00:00:00+09:00,55.33333206176758,55.33333206176758,55.33333206176758,55.33333206176758,1500,0.0,0.0
2012-05-22 00:00:00+09:00,55.93333435058594,57.33333206176758,55.93333435058594,57.0,9000,0.0,0.0
2012-05-23 00:00:00+09:00,57.733333587646484,61.33333206176758,57.733333587646484,59.86666488647461,48000,0.0,0.0
2012-05-24 00:00:00+09:00,58.33333206176758,61.666664123535156,58.33333206176758,59.33333206176758,25500,0.0,0.0
2012-05-25 00:00:00+09:00,59.79999923706055,59.79999923706055,57.0,57.06666564941406,9000,0.0,0.0
2012-05-28 00:00:00+09:00,59.0,59.0,57.33333206176758,57.33333206176758,18000,0.0,0.0
2012-05-29 00:00:00+09:00,56.400001525878906,57.33333206176758,54.666664123535156,56.93333435058594,28500,0.0,0.0
2012-05-30 00:00:00+09:00,56.93333435058594,56.93333435058594,56.93333435058594,56.93333435058594,1500,0.0,0.0
2012-05-31 00:00:00+09:00,54.93333435058594,58.666664123535156,54.733333587646484,58.666664123535156,25500,0.0,0.0
2012-06-01 00:00:00+09:00,61.33333206176758,61.33333206176758,61.266666412353516,61.266666412353516,4500,0.0,0.0
2012-06-04 00:00:00+09:00,55.266666412353516,56.666664123535156,54.266666412353516,56.666664123535156,160500,0.0,0.0
2012-06-05 00:00:00+09:00,56.0,56.0,56.0,56.0,4500,0.0,0.0
2012-06-06 00:00:00+09:00,56.0,59.133331298828125,54.06666564941406,59.133331298828125,82500,0.0,0.0
2012-06-07 00:00:00+09:00,58.666664123535156,59.133331298828125,58.666664123535156,58.79999923706055,7500,0.0,0.0
2012-06-08 00:00:00+09:00,58.79999923706055,58.79999923706055,58.20000076293945,58.20000076293945,6000,0.0,0.0
2012-06-11 00:00:00+09:00,57.733333587646484,58.266666412353516,57.666664123535156,58.266666412353516,4500,0.0,0.0
2012-06-12 00:00:00+09:00,57.33333206176758,57.33333206176758,56.666664123535156,56.93333435058594,22500,0.0,0.0
2012-06-13 00:00:00+09:00,56.666664123535156,56.666664123535156,55.93333435058594,55.93333435058594,13500,0.0,0.0
2012-06-14 00:00:00+09:00,54.93333435058594,54.93333435058594,54.666664123535156,54.666664123535156,4500,0.0,0.0
2012-06-15 00:00:00+09:00,54.20000076293945,54.20000076293945,54.06666564941406,54.133331298828125,18000,0.0,0.0
2012-06-18 00:00:00+09:00,54.06666564941406,55.33333206176758,53.400001525878906,54.0,111000,0.0,0.0
2012-06-19 00:00:00+09:00,54.0,57.06666564941406,53.86666488647461,57.06666564941406,25500,0.0,0.0
2012-06-20 00:00:00+09:00,56.86666488647461,57.20000076293945,56.86666488647461,57.133331298828125,16500,0.0,0.0
2012-06-21 00:00:00+09:00,57.133331298828125,58.666664123535156,57.133331298828125,58.666664123535156,27000,0.0,0.0
2012-06-22 00:00:00+09:00,58.53333282470703,59.133331298828125,58.400001525878906,59.133331298828125,21000,0.0,0.0
2012-06-25 00:00:00+09:00,59.266666412353516,64.26666259765625,59.266666412353516,62.266666412353516,73500,0.0,0.0
2012-06-26 00:00:00+09:00,62.20000076293945,62.20000076293945,60.0,60.0,49500,0.0,0.0
2012-06-27 00:00:00+09:00,58.93333435058594,60.0,58.400001525878906,58.400001525878906,18000,0.0,0.0
2012-06-28 00:00:00+09:00,59.400001525878906,61.06666564941406,59.400001525878906,60.33333206176758,18000,0.0,0.0
2012-06-29 00:00:00+09:00,60.46666717529297,61.33333206176758,60.46666717529297,60.93333435058594,16500,0.0,0.0
2012-07-02 00:00:00+09:00,63.20000076293945,63.20000076293945,60.133331298828125,60.33333206176758,12000,0.0,0.0
2012-07-03 00:00:00+09:00,60.400001525878906,61.0,60.400001525878906,61.0,4500,0.0,0.0
2012-07-04 00:00:00+09:00,61.0,62.0,61.0,61.0,15000,0.0,0.0
2012-07-05 00:00:00+09:00,60.33333206176758,60.33333206176758,60.0,60.0,12000,0.0,0.0
2012-07-06 00:00:00+09:00,60.0,60.599998474121094,58.666664123535156,60.599998474121094,12000,0.0,0.0
2012-07-09 00:00:00+09:00,58.666664123535156,59.666664123535156,58.666664123535156,59.666664123535156,6000,0.0,0.0
2012-07-10 00:00:00+09:00,58.79999923706055,58.79999923706055,57.400001525878906,57.400001525878906,6000,0.0,0.0
2012-07-11 00:00:00+09:00,55.400001525878906,57.06666564941406,55.400001525878906,57.06666564941406,12000,0.0,0.0
2012-07-12 00:00:00+09:00,56.666664123535156,56.666664123535156,53.20000076293945,53.20000076293945,34500,0.0,0.0
2012-07-13 00:00:00+09:00,53.33333206176758,56.266666412353516,53.33333206176758,54.266666412353516,10500,0.0,0.0
2012-07-17 00:00:00+09:00,53.266666412353516,54.666664123535156,53.266666412353516,53.599998474121094,33000,0.0,0.0
2012-07-18 00:00:00+09:00,53.733333587646484,53.733333587646484,53.33333206176758,53.33333206176758,25500,0.0,0.0
2012-07-19 00:00:00+09:00,54.0,54.0,53.400001525878906,54.0,16500,0.0,0.0
2012-07-20 00:00:00+09:00,54.0,55.266666412353516,53.666664123535156,55.20000076293945,21000,0.0,0.0
2012-07-23 00:00:00+09:00,54.666664123535156,54.666664123535156,54.666664123535156,54.666664123535156,1500,0.0,0.0
2012-07-24 00:00:00+09:00,53.46666717529297,53.46666717529297,53.0,53.0,16500,0.0,0.0
2012-07-25 00:00:00+09:00,52.666664123535156,53.33333206176758,52.666664123535156,53.20000076293945,6000,0.0,0.0
2012-07-26 00:00:00+09:00,52.599998474121094,53.599998474121094,52.599998474121094,53.599998474121094,13500,0.0,0.0
2012-07-27 00:00:00+09:00,52.53333282470703,53.46666717529297,52.53333282470703,53.46666717529297,16500,0.0,0.0
2012-07-30 00:00:00+09:00,51.46666717529297,53.666664123535156,51.46666717529297,51.53333282470703,30000,0.0,0.0
2012-07-31 00:00:00+09:00,51.79999923706055,52.0,51.0,52.0,16500,0.0,0.0
2012-08-01 00:00:00+09:00,53.0,53.0,51.0,51.0,24000,0.0,0.0
2012-08-02 00:00:00+09:00,50.666664123535156,51.33333206176758,50.33333206176758,50.86666488647461,10500,0.0,0.0
2012-08-03 00:00:00+09:00,52.599998474121094,52.599998474121094,52.599998474121094,52.599998474121094,1500,0.0,0.0
2012-08-06 00:00:00+09:00,50.53333282470703,53.33333206176758,50.0,53.33333206176758,52500,0.0,0.0
2012-08-07 00:00:00+09:00,53.33333206176758,53.33333206176758,53.33333206176758,53.33333206176758,52500,0.0,0.0
2012-08-08 00:00:00+09:00,53.33333206176758,53.33333206176758,53.33333206176758,53.33333206176758,52500,0.0,0.0
2012-08-09 00:00:00+09:00,52.400001525878906,54.0,52.400001525878906,54.0,6000,0.0,0.0
2012-08-10 00:00:00+09:00,52.666664123535156,52.733333587646484,52.666664123535156,52.733333587646484,4500,0.0,0.0
2012-08-13 00:00:00+09:00,52.733333587646484,52.733333587646484,52.733333587646484,52.733333587646484,1500,0.0,0.0
2012-08-14 00:00:00+09:00,53.33333206176758,53.33333206176758,53.33333206176758,53.33333206176758,3000,0.0,0.0
2012-08-15 00:00:00+09:00,53.33333206176758,53.666664123535156,53.33333206176758,53.33333206176758,9000,0.0,0.0
2012-08-16 00:00:00+09:00,55.0,63.33333206176758,55.0,62.33333206176758,550500,0.0,0.0
2012-08-17 00:00:00+09:00,72.33333587646484,72.33333587646484,72.33333587646484,72.33333587646484,136500,0.0,0.0
2012-08-20 00:00:00+09:00,84.33333587646484,91.66666412353516,77.0,89.86666870117188,2445000,0.0,0.0
2012-08-21 00:00:00+09:00,83.93333435058594,87.86666870117188,74.5999984741211,78.19999694824219,786000,0.0,0.0
2012-08-22 00:00:00+09:00,77.33333587646484,77.33333587646484,72.66666412353516,75.66666412353516,274500,0.0,0.0
2012-08-23 00:00:00+09:00,74.66666412353516,74.66666412353516,69.73332977294922,70.73332977294922,379500,0.0,0.0
2012-08-24 00:00:00+09:00,72.33333587646484,76.46666717529297,70.73332977294922,72.33333587646484,580500,0.0,0.0
2012-08-27 00:00:00+09:00,72.4000015258789,75.0,71.46666717529297,74.66666412353516,214500,0.0,0.0
2012-08-28 00:00:00+09:00,72.66666412353516,74.66666412353516,68.80000305175781,73.33333587646484,249000,0.0,0.0
2012-08-29 00:00:00+09:00,73.33333587646484,79.46666717529297,73.33333587646484,73.4000015258789,207000,0.0,0.0
2012-08-30 00:00:00+09:00,74.0,75.93333435058594,70.66666412353516,70.66666412353516,81000,0.0,0.0
2012-08-31 00:00:00+09:00,68.66666412353516,71.13333129882812,67.4000015258789,67.4000015258789,84000,0.0,0.0
2012-09-03 00:00:00+09:00,67.4000015258789,70.0,63.33333206176758,66.66666412353516,195000,0.0,0.0
2012-09-04 00:00:00+09:00,67.33333587646484,68.0,64.66666412353516,64.66666412353516,106500,0.0,0.0
2012-09-05 00:00:00+09:00,64.73332977294922,64.80000305175781,60.79999923706055,60.86666488647461,159000,0.0,0.0
2012-09-06 00:00:00+09:00,60.400001525878906,61.0,59.0,61.0,61500,0.0,0.0
2012-09-07 00:00:00+09:00,60.599998474121094,60.599998474121094,59.53333282470703,60.0,51000,0.0,0.0
2012-09-10 00:00:00+09:00,58.0,63.53333282470703,57.33333206176758,62.666664123535156,261000,0.0,0.0
2012-09-11 00:00:00+09:00,62.86666488647461,62.86666488647461,58.666664123535156,59.93333435058594,99000,0.0,0.0
2012-09-12 00:00:00+09:00,59.93333435058594,60.666664123535156,58.0,59.733333587646484,42000,0.0,0.0
2012-09-13 00:00:00+09:00,60.666664123535156,63.133331298828125,60.666664123535156,62.06666564941406,414000,0.0,0.0
2012-09-14 00:00:00+09:00,62.0,62.33333206176758,60.133331298828125,60.93333435058594,76500,0.0,0.0
2012-09-18 00:00:00+09:00,63.599998474121094,63.599998474121094,61.53333282470703,62.666664123535156,48000,0.0,0.0
2012-09-19 00:00:00+09:00,62.599998474121094,66.66666412353516,62.33333206176758,65.33333587646484,88500,0.0,0.0
2012-09-20 00:00:00+09:00,66.46666717529297,66.46666717529297,62.599998474121094,62.79999923706055,22500,0.0,0.0
2012-09-21 00:00:00+09:00,63.79999923706055,66.5999984741211,62.400001525878906,66.46666717529297,40500,0.0,0.0
2012-09-24 00:00:00+09:00,66.46666717529297,67.33333587646484,65.86666870117188,65.86666870117188,28500,0.0,0.0
2012-09-25 00:00:00+09:00,63.86666488647461,65.4000015258789,62.86666488647461,64.33333587646484,76500,0.0,0.0
2012-09-26 00:00:00+09:00,64.19999694824219,64.19999694824219,63.06666564941406,63.06666564941406,10500,0.0,0.0
2012-09-27 00:00:00+09:00,62.0,62.33333206176758,61.46666717529297,61.46666717529297,18000,0.0,0.0
2012-09-28 00:00:00+09:00,62.0,62.0,61.53333282470703,61.53333282470703,16500,0.0,0.0
2012-10-01 00:00:00+09:00,61.46666717529297,62.33333206176758,61.46666717529297,61.53333282470703,24000,0.0,0.0
2012-10-02 00:00:00+09:00,61.53333282470703,61.53333282470703,61.53333282470703,61.53333282470703,312000,0.0,0.0
2012-10-03 00:00:00+09:00,61.53333282470703,61.53333282470703,60.33333206176758,60.400001525878906,27000,0.0,0.0
2012-10-04 00:00:00+09:00,61.266666412353516,61.266666412353516,60.20000076293945,60.666664123535156,12000,0.0,0.0
2012-10-05 00:00:00+09:00,60.53333282470703,60.666664123535156,58.733333587646484,60.0,15000,0.0,0.0
2012-10-09 00:00:00+09:00,60.0,60.0,59.0,59.0,10500,0.0,0.0
2012-10-10 00:00:00+09:00,58.0,58.0,57.0,57.0,37500,0.0,0.0
2012-10-11 00:00:00+09:00,57.266666412353516,59.400001525878906,57.266666412353516,59.400001525878906,33000,0.0,0.0
2012-10-12 00:00:00+09:00,59.666664123535156,61.266666412353516,59.666664123535156,61.266666412353516,6000,0.0,0.0
2012-10-15 00:00:00+09:00,61.266666412353516,61.266666412353516,58.733333587646484,59.599998474121094,16500,0.0,0.0
2012-10-16 00:00:00+09:00,59.733333587646484,59.86666488647461,57.79999923706055,57.79999923706055,16500,0.0,0.0
2012-10-17 00:00:00+09:00,57.733333587646484,59.0,57.666664123535156,59.0,6000,0.0,0.0
2012-10-18 00:00:00+09:00,59.0,61.33333206176758,59.0,60.0,55500,0.0,0.0
2012-10-19 00:00:00+09:00,60.0,61.0,60.0,61.0,9000,0.0,0.0
2012-10-22 00:00:00+09:00,59.0,61.666664123535156,59.0,59.400001525878906,25500,0.0,0.0
2012-10-23 00:00:00+09:00,60.06666564941406,60.666664123535156,59.53333282470703,60.666664123535156,10500,0.0,0.0
2012-10-24 00:00:00+09:00,59.79999923706055,62.266666412353516,59.79999923706055,62.266666412353516,61500,0.0,0.0
2012-10-25 00:00:00+09:00,61.93333435058594,61.93333435058594,60.133331298828125,60.79999923706055,24000,0.0,0.0
2012-10-26 00:00:00+09:00,60.86666488647461,60.86666488647461,58.666664123535156,59.86666488647461,49500,0.0,0.0
2012-10-29 00:00:00+09:00,60.46666717529297,63.33333206176758,60.46666717529297,63.33333206176758,51000,0.0,0.0
2012-10-30 00:00:00+09:00,62.33333206176758,62.33333206176758,60.133331298828125,61.0,28500,0.0,0.0
2012-10-31 00:00:00+09:00,64.0,64.53333282470703,62.33333206176758,63.33333206176758,46500,0.0,0.0
2012-11-01 00:00:00+09:00,63.33333206176758,63.33333206176758,62.33333206176758,62.400001525878906,7500,0.0,0.0
2012-11-02 00:00:00+09:00,61.400001525878906,61.93333435058594,60.86666488647461,61.733333587646484,21000,0.0,0.0
2012-11-05 00:00:00+09:00,61.733333587646484,62.33333206176758,61.733333587646484,62.0,12000,0.0,0.0
2012-11-06 00:00:00+09:00,61.0,64.66666412353516,60.133331298828125,64.66666412353516,70500,0.0,0.0
2012-11-07 00:00:00+09:00,64.46666717529297,64.46666717529297,63.0,63.0,13500,0.0,0.0
2012-11-08 00:00:00+09:00,62.666664123535156,62.666664123535156,61.33333206176758,62.0,15000,0.0,0.0
2012-11-09 00:00:00+09:00,61.0,62.0,60.06666564941406,61.0,16500,0.0,0.0
2012-11-12 00:00:00+09:00,58.20000076293945,60.0,58.133331298828125,59.93333435058594,28500,0.0,0.0
2012-11-13 00:00:00+09:00,58.46666717529297,58.46666717529297,54.666664123535156,55.733333587646484,82500,0.0,0.0
2012-11-14 00:00:00+09:00,55.33333206176758,55.666664123535156,55.33333206176758,55.400001525878906,12000,0.0,0.0
2012-11-15 00:00:00+09:00,56.400001525878906,57.33333206176758,55.79999923706055,55.79999923706055,13500,0.0,0.0
2012-11-16 00:00:00+09:00,58.0,58.666664123535156,58.0,58.666664123535156,13500,0.0,0.0
2012-11-19 00:00:00+09:00,57.733333587646484,58.666664123535156,57.733333587646484,58.53333282470703,15000,0.0,0.0
2012-11-20 00:00:00+09:00,58.666664123535156,58.666664123535156,58.666664123535156,58.666664123535156,1500,0.0,0.0
2012-11-21 00:00:00+09:00,59.0,59.0,56.06666564941406,57.33333206176758,27000,0.0,0.0
2012-11-22 00:00:00+09:00,58.666664123535156,58.666664123535156,58.666664123535156,58.666664123535156,1500,0.0,0.0
2012-11-26 00:00:00+09:00,58.666664123535156,58.666664123535156,56.133331298828125,58.53333282470703,33000,0.0,0.0
2012-11-27 00:00:00+09:00,58.53333282470703,58.93333435058594,58.53333282470703,58.93333435058594,3000,0.0,0.0
2012-11-28 00:00:00+09:00,58.666664123535156,58.666664123535156,57.06666564941406,58.0,4500,0.0,0.0
2012-11-29 00:00:00+09:00,57.33333206176758,58.666664123535156,57.33333206176758,58.666664123535156,6000,0.0,0.0
2012-11-30 00:00:00+09:00,57.666664123535156,58.33333206176758,57.33333206176758,58.0,15000,0.0,0.0
2012-12-03 00:00:00+09:00,57.33333206176758,57.666664123535156,57.20000076293945,57.666664123535156,15000,0.0,0.0
2012-12-04 00:00:00+09:00,58.266666412353516,58.266666412353516,57.33333206176758,58.0,10500,0.0,0.0
2012-12-05 00:00:00+09:00,57.0,58.0,56.733333587646484,58.0,33000,0.0,0.0
2012-12-06 00:00:00+09:00,58.666664123535156,59.0,58.666664123535156,59.0,18000,0.0,0.0
2012-12-07 00:00:00+09:00,58.666664123535156,60.0,58.666664123535156,59.33333206176758,15000,0.0,0.0
2012-12-10 00:00:00+09:00,59.400001525878906,59.46666717529297,59.400001525878906,59.46666717529297,3000,0.0,0.0
2012-12-11 00:00:00+09:00,61.0,61.599998474121094,61.0,61.599998474121094,9000,0.0,0.0
2012-12-12 00:00:00+09:00,62.599998474121094,63.33333206176758,61.599998474121094,62.666664123535156,34500,0.0,0.0
2012-12-13 00:00:00+09:00,62.666664123535156,64.13333129882812,62.0,63.33333206176758,34500,0.0,0.0
2012-12-14 00:00:00+09:00,63.33333206176758,63.33333206176758,61.06666564941406,62.0,15000,0.0,0.0
2012-12-17 00:00:00+09:00,61.0,61.0,60.266666412353516,60.666664123535156,31500,0.0,0.0
2012-12-18 00:00:00+09:00,61.33333206176758,63.133331298828125,60.86666488647461,63.133331298828125,42000,0.0,0.0
2012-12-19 00:00:00+09:00,62.666664123535156,64.0,62.53333282470703,63.666664123535156,37500,0.0,0.0
2012-12-20 00:00:00+09:00,63.666664123535156,63.666664123535156,62.0,63.666664123535156,123000,0.0,0.0
2012-12-21 00:00:00+09:00,63.666664123535156,63.666664123535156,61.666664123535156,62.86666488647461,21000,0.0,0.0
2012-12-25 00:00:00+09:00,62.93333435058594,63.33333206176758,62.33333206176758,63.33333206176758,27000,0.0,0.0
2012-12-26 00:00:00+09:00,63.33333206176758,64.33333587646484,62.133331298828125,64.0,0,0.0,0.0
2012-12-27 00:00:00+09:00,63.33333206176758,64.33333587646484,62.133331298828125,64.0,40500,0.0,0.0
2012-12-28 00:00:00+09:00,64.33333587646484,64.33333587646484,60.33333206176758,62.33333206176758,31500,0.0,0.0
2013-01-04 00:00:00+09:00,62.400001525878906,62.400001525878906,61.46666717529297,61.666664123535156,25500,0.0,0.0
2013-01-07 00:00:00+09:00,61.666664123535156,61.733333587646484,61.666664123535156,61.666664123535156,15000,0.0,0.0
2013-01-08 00:00:00+09:00,62.0,65.33333587646484,62.0,63.33333206176758,22500,0.0,0.0
2013-01-09 00:00:00+09:00,65.0,65.0,62.266666412353516,63.599998474121094,24000,0.0,0.0
2013-01-10 00:00:00+09:00,62.599998474121094,63.666664123535156,62.599998474121094,63.666664123535156,30000,0.0,0.0
2013-01-11 00:00:00+09:00,63.93333435058594,63.93333435058594,62.20000076293945,62.266666412353516,24000,0.0,0.0
2013-01-15 00:00:00+09:00,62.666664123535156,63.33333206176758,62.0,62.266666412353516,49500,0.0,0.0
2013-01-16 00:00:00+09:00,63.266666412353516,64.13333129882812,61.93333435058594,61.93333435058594,63000,0.0,0.0
2013-01-17 00:00:00+09:00,62.06666564941406,62.46666717529297,61.400001525878906,61.400001525878906,16500,0.0,0.0
2013-01-18 00:00:00+09:00,60.733333587646484,62.0,60.733333587646484,62.0,48000,0.0,0.0
2013-01-21 00:00:00+09:00,62.0,62.0,62.0,62.0,16500,0.0,0.0
2013-01-22 00:00:00+09:00,61.666664123535156,62.79999923706055,61.20000076293945,62.79999923706055,33000,0.0,0.0
2013-01-23 00:00:00+09:00,62.79999923706055,62.79999923706055,61.06666564941406,61.06666564941406,13500,0.0,0.0
2013-01-24 00:00:00+09:00,61.79999923706055,62.133331298828125,60.400001525878906,62.06666564941406,28500,0.0,0.0
2013-01-25 00:00:00+09:00,62.06666564941406,62.06666564941406,62.0,62.0,4500,0.0,0.0
2013-01-28 00:00:00+09:00,60.733333587646484,61.20000076293945,60.46666717529297,60.79999923706055,57000,0.0,0.0
2013-01-29 00:00:00+09:00,61.86666488647461,66.66666412353516,61.86666488647461,65.0,103500,0.0,0.0
2013-01-30 00:00:00+09:00,69.0,75.0,67.66666412353516,70.80000305175781,339000,0.0,0.0
2013-01-31 00:00:00+09:00,72.80000305175781,83.33333587646484,72.80000305175781,80.0,381000,0.0,0.0
2013-02-01 00:00:00+09:00,80.0,82.33333587646484,72.19999694824219,77.93333435058594,150000,0.0,0.0
2013-02-04 00:00:00+09:00,77.33333587646484,77.33333587646484,72.80000305175781,72.86666870117188,33000,0.0,0.0
2013-02-05 00:00:00+09:00,70.66666412353516,72.0,68.0,70.0,42000,0.0,0.0
2013-02-06 00:00:00+09:00,72.66666412353516,72.66666412353516,70.06666564941406,70.53333282470703,25500,0.0,0.0
2013-02-07 00:00:00+09:00,68.26666259765625,68.33333587646484,65.66666412353516,65.66666412353516,115500,0.0,0.0
2013-02-08 00:00:00+09:00,65.66666412353516,66.5999984741211,62.666664123535156,63.666664123535156,60000,0.0,0.0
2013-02-12 00:00:00+09:00,64.66666412353516,65.73332977294922,61.33333206176758,63.266666412353516,33000,0.0,0.0
2013-02-13 00:00:00+09:00,62.33333206176758,64.0,61.33333206176758,64.0,79500,0.0,0.0
2013-02-14 00:00:00+09:00,74.0,74.0,65.26666259765625,67.26666259765625,198000,0.0,0.0
2013-02-15 00:00:00+09:00,65.4000015258789,67.19999694824219,64.0,65.0,48000,0.0,0.0
2013-02-18 00:00:00+09:00,65.33333587646484,65.33333587646484,63.0,63.0,16500,0.0,0.0
2013-02-19 00:00:00+09:00,62.666664123535156,66.53333282470703,62.666664123535156,63.46666717529297,39000,0.0,0.0
2013-02-20 00:00:00+09:00,65.46666717529297,66.33333587646484,65.46666717529297,66.33333587646484,10500,0.0,0.0
2013-02-21 00:00:00+09:00,66.33333587646484,66.33333587646484,64.66666412353516,65.66666412353516,12000,0.0,0.0
2013-02-22 00:00:00+09:00,64.66666412353516,66.33333587646484,64.33333587646484,65.33333587646484,13500,0.0,0.0
2013-02-25 00:00:00+09:00,66.0,66.06666564941406,65.4000015258789,66.0,30000,0.0,0.0
2013-02-26 00:00:00+09:00,65.06666564941406,67.86666870117188,65.06666564941406,66.73332977294922,100500,0.0,0.0
2013-02-27 00:00:00+09:00,67.5999984741211,67.5999984741211,65.5999984741211,66.0,27000,0.0,0.0
2013-02-28 00:00:00+09:00,67.33333587646484,67.33333587646484,66.46666717529297,66.53333282470703,45000,0.0,0.0
2013-03-01 00:00:00+09:00,66.4000015258789,68.66666412353516,66.33333587646484,67.66666412353516,57000,0.0,0.0
2013-03-04 00:00:00+09:00,67.66666412353516,68.66666412353516,65.80000305175781,67.46666717529297,78000,0.0,0.0
2013-03-05 00:00:00+09:00,68.0,80.0,68.0,78.0,363000,0.0,0.0
2013-03-06 00:00:00+09:00,78.06666564941406,78.66666412353516,70.0,77.0,279000,0.0,0.0
2013-03-07 00:00:00+09:00,77.0,77.19999694824219,71.33333587646484,71.33333587646484,117000,0.0,0.0
2013-03-08 00:00:00+09:00,72.4000015258789,72.4000015258789,70.19999694824219,70.4000015258789,45000,0.0,0.0
2013-03-11 00:00:00+09:00,72.66666412353516,74.53333282470703,71.0,73.66666412353516,109500,0.0,0.0
2013-03-12 00:00:00+09:00,74.66666412353516,76.53333282470703,72.73332977294922,74.26666259765625,168000,0.0,0.0
2013-03-13 00:00:00+09:00,73.4000015258789,73.4000015258789,70.19999694824219,72.53333282470703,58500,0.0,0.0
2013-03-14 00:00:00+09:00,71.19999694824219,73.19999694824219,70.73332977294922,73.0,54000,0.0,0.0
2013-03-15 00:00:00+09:00,71.93333435058594,71.93333435058594,70.66666412353516,71.33333587646484,48000,0.0,0.0
2013-03-18 00:00:00+09:00,71.73332977294922,71.73332977294922,70.66666412353516,70.66666412353516,18000,0.0,0.0
2013-03-19 00:00:00+09:00,70.80000305175781,71.4000015258789,70.66666412353516,70.66666412353516,42000,0.0,0.0
2013-03-21 00:00:00+09:00,70.80000305175781,72.33333587646484,70.80000305175781,71.26666259765625,31500,0.0,0.0
2013-03-22 00:00:00+09:00,71.26666259765625,71.26666259765625,70.4000015258789,70.66666412353516,63000,0.0,0.0
2013-03-25 00:00:00+09:00,72.0,72.0,69.13333129882812,70.66666412353516,45000,0.0,0.0
2013-03-26 00:00:00+09:00,70.66666412353516,70.66666412353516,69.19999694824219,69.19999694824219,13500,0.0,0.0
2013-03-27 00:00:00+09:00,69.13333129882812,69.13333129882812,68.33333587646484,68.4000015258789,16500,0.0,0.0
2013-03-28 00:00:00+09:00,68.33333587646484,68.33333587646484,68.0,68.33333587646484,28500,0.0,0.0
2013-03-29 00:00:00+09:00,67.73332977294922,68.46666717529297,67.73332977294922,68.4000015258789,25500,0.0,0.0
2013-04-01 00:00:00+09:00,68.46666717529297,68.46666717529297,66.53333282470703,66.66666412353516,40500,0.0,0.0
2013-04-02 00:00:00+09:00,66.5999984741211,66.5999984741211,63.33333206176758,65.73332977294922,84000,0.0,0.0
2013-04-03 00:00:00+09:00,66.0,66.66666412353516,63.666664123535156,65.66666412353516,48000,0.0,0.0
2013-04-04 00:00:00+09:00,64.4000015258789,64.53333282470703,64.0,64.33333587646484,22500,0.0,0.0
2013-04-05 00:00:00+09:00,66.33333587646484,66.33333587646484,64.06666564941406,65.66666412353516,61500,0.0,0.0
2013-04-08 00:00:00+09:00,66.66666412353516,66.66666412353516,64.66666412353516,65.66666412353516,27000,0.0,0.0
2013-04-09 00:00:00+09:00,65.66666412353516,65.73332977294922,63.93333435058594,64.33333587646484,78000,0.0,0.0
2013-04-10 00:00:00+09:00,65.19999694824219,65.33333587646484,64.46666717529297,65.33333587646484,27000,0.0,0.0
2013-04-11 00:00:00+09:00,65.73332977294922,67.93333435058594,65.73332977294922,67.66666412353516,58500,0.0,0.0
2013-04-12 00:00:00+09:00,67.66666412353516,69.33333587646484,66.53333282470703,69.33333587646484,69000,0.0,0.0
2013-04-15 00:00:00+09:00,70.0,72.0,67.80000305175781,71.86666870117188,76500,0.0,0.0
2013-04-16 00:00:00+09:00,70.66666412353516,71.66666412353516,70.66666412353516,70.66666412353516,45000,0.0,0.0
2013-04-17 00:00:00+09:00,70.86666870117188,73.33333587646484,70.86666870117188,73.0,64500,0.0,0.0
2013-04-18 00:00:00+09:00,73.26666259765625,74.0,71.66666412353516,73.66666412353516,31500,0.0,0.0
2013-04-19 00:00:00+09:00,73.33333587646484,76.0,73.33333587646484,76.0,181500,0.0,0.0
2013-04-22 00:00:00+09:00,76.06666564941406,76.06666564941406,73.4000015258789,74.80000305175781,82500,0.0,0.0
2013-04-23 00:00:00+09:00,74.33333587646484,74.46666717529297,73.80000305175781,73.80000305175781,57000,0.0,0.0
2013-04-24 00:00:00+09:00,74.0,76.0,73.4000015258789,73.4000015258789,81000,0.0,0.0
2013-04-25 00:00:00+09:00,73.4000015258789,73.66666412353516,73.33333587646484,73.33333587646484,67500,0.0,0.0
2013-04-26 00:00:00+09:00,75.33333587646484,77.5999984741211,74.66666412353516,74.73332977294922,187500,0.0,0.0
2013-04-30 00:00:00+09:00,78.53333282470703,78.66666412353516,75.4000015258789,75.4000015258789,105000,0.0,0.0
2013-05-01 00:00:00+09:00,76.33333587646484,80.66666412353516,75.86666870117188,79.33333587646484,181500,0.0,0.0
2013-05-02 00:00:00+09:00,82.0,83.26666259765625,80.06666564941406,82.13333129882812,193500,0.0,0.0
2013-05-07 00:00:00+09:00,86.66666412353516,102.13333129882812,85.33333587646484,102.13333129882812,454500,0.0,0.0
2013-05-08 00:00:00+09:00,113.26666259765625,120.0,106.66666412353516,110.0,610500,0.0,0.0
2013-05-09 00:00:00+09:00,111.0,120.0,95.53333282470703,96.66666412353516,390000,0.0,0.0
2013-05-10 00:00:00+09:00,100.0,103.33333587646484,92.73332977294922,95.33333587646484,147000,0.0,0.0
2013-05-13 00:00:00+09:00,98.5999984741211,98.5999984741211,80.73332977294922,90.06666564941406,249000,0.0,0.0
2013-05-14 00:00:00+09:00,96.0,98.53333282470703,93.46666717529297,95.33333587646484,244500,0.0,0.0
2013-05-15 00:00:00+09:00,95.06666564941406,96.5999984741211,83.33333587646484,91.53333282470703,183000,0.0,0.0
2013-05-16 00:00:00+09:00,91.46666717529297,91.46666717529297,80.66666412353516,89.86666870117188,220500,0.0,0.0
2013-05-17 00:00:00+09:00,87.66666412353516,93.33333587646484,87.5999984741211,93.19999694824219,70500,0.0,0.0
2013-05-20 00:00:00+09:00,92.0,93.33333587646484,91.86666870117188,93.33333587646484,112500,0.0,0.0
2013-05-21 00:00:00+09:00,93.33333587646484,96.0,84.73332977294922,87.33333587646484,156000,0.0,0.0
2013-05-22 00:00:00+09:00,83.33333587646484,86.66666412353516,83.06666564941406,85.33333587646484,153000,0.0,0.0
2013-05-23 00:00:00+09:00,82.66666412353516,83.66666412353516,77.33333587646484,82.0,339000,0.0,0.0
2013-05-24 00:00:00+09:00,76.66666412353516,79.66666412353516,75.33333587646484,75.66666412353516,226500,0.0,0.0
2013-05-27 00:00:00+09:00,75.66666412353516,77.66666412353516,75.66666412353516,77.66666412353516,58500,0.0,0.0
2013-05-28 00:00:00+09:00,75.66666412353516,80.0,75.66666412353516,79.86666870117188,82500,0.0,0.0
2013-05-29 00:00:00+09:00,81.66666412353516,83.19999694824219,79.33333587646484,82.0,73500,0.0,0.0
2013-05-30 00:00:00+09:00,81.0,82.66666412353516,75.33333587646484,80.0,76500,0.0,0.0
2013-05-31 00:00:00+09:00,78.06666564941406,78.06666564941406,78.06666564941406,78.06666564941406,3000,0.0,0.0
2013-06-03 00:00:00+09:00,81.33333587646484,81.33333587646484,76.66666412353516,78.66666412353516,42000,0.0,0.0
2013-06-04 00:00:00+09:00,77.06666564941406,77.26666259765625,76.33333587646484,76.66666412353516,36000,0.0,0.0
2013-06-05 00:00:00+09:00,76.19999694824219,76.4000015258789,69.46666717529297,70.66666412353516,129000,0.0,0.0
2013-06-06 00:00:00+09:00,70.66666412353516,70.66666412353516,66.26666259765625,69.19999694824219,129000,0.0,0.0
2013-06-07 00:00:00+09:00,66.33333587646484,66.33333587646484,62.666664123535156,66.26666259765625,135000,0.0,0.0
2013-06-10 00:00:00+09:00,68.66666412353516,68.66666412353516,68.06666564941406,68.06666564941406,12000,0.0,0.0
2013-06-11 00:00:00+09:00,68.93333435058594,71.80000305175781,68.93333435058594,70.33333587646484,24000,0.0,0.0
2013-06-12 00:00:00+09:00,67.13333129882812,73.33333587646484,67.13333129882812,73.33333587646484,46500,0.0,0.0
2013-06-13 00:00:00+09:00,73.19999694824219,73.19999694824219,70.66666412353516,70.66666412353516,27000,0.0,0.0
2013-06-14 00:00:00+09:00,71.0,71.66666412353516,68.0,71.0,22500,0.0,0.0
2013-06-17 00:00:00+09:00,69.0,69.46666717529297,69.0,69.33333587646484,4500,0.0,0.0
2013-06-18 00:00:00+09:00,71.33333587646484,71.33333587646484,70.73332977294922,70.73332977294922,6000,0.0,0.0
2013-06-19 00:00:00+09:00,70.80000305175781,71.93333435058594,69.0,71.93333435058594,10500,0.0,0.0
2013-06-20 00:00:00+09:00,69.93333435058594,71.0,69.93333435058594,70.0,28500,0.0,0.0
2013-06-21 00:00:00+09:00,67.0,68.0,67.0,68.0,16500,0.0,0.0
2013-06-24 00:00:00+09:00,68.66666412353516,68.66666412353516,68.66666412353516,68.66666412353516,1500,0.0,0.0
2013-06-25 00:00:00+09:00,67.66666412353516,67.66666412353516,64.53333282470703,67.26666259765625,33000,0.0,0.0
2013-06-26 00:00:00+09:00,67.53333282470703,68.5999984741211,65.33333587646484,68.0,18000,0.0,0.0
2013-06-27 00:00:00+09:00,65.0,66.0,61.666664123535156,66.0,18000,0.0,0.0
2013-06-28 00:00:00+09:00,66.66666412353516,69.86666870117188,66.66666412353516,69.86666870117188,7500,0.0,0.0
2013-07-01 00:00:00+09:00,69.86666870117188,69.86666870117188,67.53333282470703,69.66666412353516,13500,0.0,0.0
2013-07-02 00:00:00+09:00,70.0,72.66666412353516,70.0,72.66666412353516,22500,0.0,0.0
2013-07-03 00:00:00+09:00,73.26666259765625,77.0,73.26666259765625,75.66666412353516,45000,0.0,0.0
2013-07-04 00:00:00+09:00,76.66666412353516,76.66666412353516,74.13333129882812,74.33333587646484,39000,0.0,0.0
2013-07-05 00:00:00+09:00,75.0,76.66666412353516,75.0,76.0,15000,0.0,0.0
2013-07-08 00:00:00+09:00,76.0,76.0,74.0,74.33333587646484,36000,0.0,0.0
2013-07-09 00:00:00+09:00,74.0,74.0,73.66666412353516,73.66666412353516,9000,0.0,0.0
2013-07-10 00:00:00+09:00,74.0,74.80000305175781,73.66666412353516,74.80000305175781,45000,0.0,0.0
2013-07-11 00:00:00+09:00,74.0,74.66666412353516,74.0,74.66666412353516,6000,0.0,0.0
2013-07-12 00:00:00+09:00,75.19999694824219,75.19999694824219,74.46666717529297,74.46666717529297,6000,0.0,0.0
2013-07-16 00:00:00+09:00,74.33333587646484,74.33333587646484,72.66666412353516,72.66666412353516,16500,0.0,0.0
2013-07-17 00:00:00+09:00,72.0,74.0,72.0,74.0,15000,0.0,0.0
2013-07-18 00:00:00+09:00,76.0,76.0,74.06666564941406,76.0,10500,0.0,0.0
2013-07-19 00:00:00+09:00,76.0,76.0,73.33333587646484,75.33333587646484,36000,0.0,0.0
2013-07-22 00:00:00+09:00,75.33333587646484,76.33333587646484,75.33333587646484,76.0,7500,0.0,0.0
2013-07-23 00:00:00+09:00,76.0,77.33333587646484,76.0,77.33333587646484,15000,0.0,0.0
2013-07-24 00:00:00+09:00,78.5999984741211,81.4000015258789,78.5999984741211,80.06666564941406,55500,0.0,0.0
2013-07-25 00:00:00+09:00,81.33333587646484,85.86666870117188,80.13333129882812,82.66666412353516,91500,0.0,0.0
2013-07-26 00:00:00+09:00,82.0,82.0,80.53333282470703,81.33333587646484,19500,0.0,0.0
2013-07-29 00:00:00+09:00,81.66666412353516,82.66666412353516,78.06666564941406,82.66666412353516,48000,0.0,0.0
2013-07-30 00:00:00+09:00,78.66666412353516,82.0,78.66666412353516,80.0,25500,0.0,0.0
2013-07-31 00:00:00+09:00,78.73332977294922,78.73332977294922,77.46666717529297,77.46666717529297,22500,0.0,0.0
2013-08-01 00:00:00+09:00,76.80000305175781,76.80000305175781,70.73332977294922,75.93333435058594,75000,0.0,0.0
2013-08-02 00:00:00+09:00,75.93333435058594,78.53333282470703,74.66666412353516,78.46666717529297,75000,0.0,0.0
2013-08-05 00:00:00+09:00,82.26666259765625,83.33333587646484,74.19999694824219,75.73332977294922,214500,0.0,0.0
2013-08-06 00:00:00+09:00,76.13333129882812,77.33333587646484,75.33333587646484,76.06666564941406,25500,0.0,0.0
2013-08-07 00:00:00+09:00,76.0,76.06666564941406,76.0,76.06666564941406,3000,0.0,0.0
2013-08-08 00:00:00+09:00,76.26666259765625,78.33333587646484,74.0,76.0,76500,0.0,0.0
2013-08-09 00:00:00+09:00,76.66666412353516,78.0,73.73332977294922,77.46666717529297,55500,0.0,0.0
2013-08-12 00:00:00+09:00,73.73332977294922,74.0,70.66666412353516,71.06666564941406,42000,0.0,0.0
2013-08-13 00:00:00+09:00,70.66666412353516,71.86666870117188,70.0,70.66666412353516,15000,0.0,0.0
2013-08-14 00:00:00+09:00,68.66666412353516,73.26666259765625,68.53333282470703,73.26666259765625,105000,0.0,0.0
2013-08-15 00:00:00+09:00,72.80000305175781,72.80000305175781,72.66666412353516,72.66666412353516,4500,0.0,0.0
2013-08-16 00:00:00+09:00,72.46666717529297,72.46666717529297,70.0,70.0,13500,0.0,0.0
2013-08-19 00:00:00+09:00,71.66666412353516,71.66666412353516,70.0,70.0,15000,0.0,0.0
2013-08-20 00:00:00+09:00,70.0,72.26666259765625,70.0,72.0,15000,0.0,0.0
2013-08-21 00:00:00+09:00,72.33333587646484,72.66666412353516,72.0,72.5999984741211,13500,0.0,0.0
2013-08-22 00:00:00+09:00,72.5999984741211,72.86666870117188,70.06666564941406,72.86666870117188,22500,0.0,0.0
2013-08-23 00:00:00+09:00,71.0,74.33333587646484,71.0,71.80000305175781,67500,0.0,0.0
2013-08-26 00:00:00+09:00,73.5999984741211,73.5999984741211,73.26666259765625,73.26666259765625,4500,0.0,0.0
2013-08-27 00:00:00+09:00,69.26666259765625,70.33333587646484,66.73332977294922,70.33333587646484,55500,0.0,0.0
2013-08-28 00:00:00+09:00,68.66666412353516,70.19999694824219,68.66666412353516,70.19999694824219,10500,0.0,0.0
2013-08-29 00:00:00+09:00,68.66666412353516,70.0,67.66666412353516,67.66666412353516,39000,0.0,0.0
2013-08-30 00:00:00+09:00,69.5999984741211,69.5999984741211,68.26666259765625,68.26666259765625,6000,0.0,0.0
2013-09-02 00:00:00+09:00,67.73332977294922,70.66666412353516,66.33333587646484,70.66666412353516,75000,0.0,0.0
2013-09-03 00:00:00+09:00,72.0,79.0,70.66666412353516,71.0,88500,0.0,0.0
2013-09-04 00:00:00+09:00,70.66666412353516,71.66666412353516,70.33333587646484,71.33333587646484,9000,0.0,0.0
2013-09-05 00:00:00+09:00,72.0,72.0,71.93333435058594,71.93333435058594,4500,0.0,0.0
2013-09-06 00:00:00+09:00,70.33333587646484,71.93333435058594,70.19999694824219,71.86666870117188,12000,0.0,0.0
2013-09-09 00:00:00+09:00,75.06666564941406,76.26666259765625,73.26666259765625,76.26666259765625,63000,0.0,0.0
2013-09-10 00:00:00+09:00,76.26666259765625,78.19999694824219,75.5999984741211,77.66666412353516,124500,0.0,0.0
2013-09-11 00:00:00+09:00,78.66666412353516,80.0,76.0,76.33333587646484,66000,0.0,0.0
2013-09-12 00:00:00+09:00,76.33333587646484,83.19999694824219,75.66666412353516,83.19999694824219,102000,0.0,0.0
2013-09-13 00:00:00+09:00,82.0,82.0,77.66666412353516,79.0,87000,0.0,0.0
2013-09-17 00:00:00+09:00,80.33333587646484,82.06666564941406,80.06666564941406,81.33333587646484,43500,0.0,0.0
2013-09-18 00:00:00+09:00,81.33333587646484,82.53333282470703,79.33333587646484,80.93333435058594,75000,0.0,0.0
2013-09-19 00:00:00+09:00,80.93333435058594,81.0,79.93333435058594,80.0,51000,0.0,0.0
2013-09-20 00:00:00+09:00,78.0,79.46666717529297,76.80000305175781,76.80000305175781,54000,0.0,0.0
2013-09-24 00:00:00+09:00,75.33333587646484,78.0,74.80000305175781,78.0,24000,0.0,0.0
2013-09-25 00:00:00+09:00,77.66666412353516,77.66666412353516,77.0,77.0,7500,0.0,0.0
2013-09-26 00:00:00+09:00,78.33333587646484,78.33333587646484,78.26666259765625,78.33333587646484,7500,0.0,0.0
2013-09-27 00:00:00+09:00,78.86666870117188,78.86666870117188,75.46666717529297,78.0,37500,0.0,0.0
2013-09-30 00:00:00+09:00,78.0,79.0,75.33333587646484,79.0,15000,0.0,0.0
2013-10-01 00:00:00+09:00,79.93333435058594,80.0,78.0,79.93333435058594,18000,0.0,0.0
2013-10-02 00:00:00+09:00,76.19999694824219,78.0,73.53333282470703,74.53333282470703,25500,0.0,0.0
2013-10-03 00:00:00+09:00,74.80000305175781,77.5999984741211,74.80000305175781,77.0,9000,0.0,0.0
2013-10-04 00:00:00+09:00,73.93333435058594,77.0,73.66666412353516,77.0,21000,0.0,0.0
2013-10-07 00:00:00+09:00,77.33333587646484,78.0,77.33333587646484,77.66666412353516,12000,0.0,0.0
2013-10-08 00:00:00+09:00,77.66666412353516,77.66666412353516,77.66666412353516,77.66666412353516,13500,0.0,0.0
2013-10-09 00:00:00+09:00,77.33333587646484,77.33333587646484,76.66666412353516,76.66666412353516,7500,0.0,0.0
2013-10-10 00:00:00+09:00,76.0,78.0,76.0,78.0,18000,0.0,0.0
2013-10-11 00:00:00+09:00,78.66666412353516,78.66666412353516,73.33333587646484,77.80000305175781,82500,0.0,0.0
2013-10-15 00:00:00+09:00,79.80000305175781,79.80000305175781,79.80000305175781,79.80000305175781,1500,0.0,0.0
2013-10-16 00:00:00+09:00,78.5999984741211,78.5999984741211,76.5999984741211,78.26666259765625,9000,0.0,0.0
2013-10-17 00:00:00+09:00,76.26666259765625,77.53333282470703,76.0,77.53333282470703,22500,0.0,0.0
2013-10-18 00:00:00+09:00,77.53333282470703,77.53333282470703,77.46666717529297,77.53333282470703,4500,0.0,0.0
2013-10-21 00:00:00+09:00,77.46666717529297,79.0,76.53333282470703,79.0,39000,0.0,0.0
2013-10-22 00:00:00+09:00,78.93333435058594,79.0,77.93333435058594,78.93333435058594,7500,0.0,0.0
2013-10-23 00:00:00+09:00,79.0,80.5999984741211,76.5999984741211,78.0,90000,0.0,0.0
2013-10-24 00:00:00+09:00,78.0,83.33333587646484,78.0,81.26666259765625,115500,0.0,0.0
2013-10-25 00:00:00+09:00,80.0,80.5999984741211,78.4000015258789,78.53333282470703,54000,0.0,0.0
2013-10-28 00:00:00+09:00,78.33333587646484,80.33333587646484,78.33333587646484,80.0,55500,0.0,0.0
2013-10-29 00:00:00+09:00,80.0,80.0,80.0,80.0,0,0.0,0.0
2013-10-30 00:00:00+09:00,79.0,79.4000015258789,78.33333587646484,78.33333587646484,10500,0.0,0.0
2013-10-31 00:00:00+09:00,76.66666412353516,76.86666870117188,76.66666412353516,76.73332977294922,21000,0.0,0.0
2013-11-01 00:00:00+09:00,76.13333129882812,76.5999984741211,75.46666717529297,76.5999984741211,34500,0.0,0.0
2013-11-05 00:00:00+09:00,77.26666259765625,77.26666259765625,75.66666412353516,75.66666412353516,6000,0.0,0.0
2013-11-06 00:00:00+09:00,75.53333282470703,77.19999694824219,75.33333587646484,75.33333587646484,12000,0.0,0.0
2013-11-07 00:00:00+09:00,75.80000305175781,76.4000015258789,75.33333587646484,76.33333587646484,25500,0.0,0.0
2013-11-08 00:00:00+09:00,74.4000015258789,77.80000305175781,74.4000015258789,74.66666412353516,36000,0.0,0.0
2013-11-11 00:00:00+09:00,74.66666412353516,74.73332977294922,70.80000305175781,72.93333435058594,52500,0.0,0.0
2013-11-12 00:00:00+09:00,71.19999694824219,72.06666564941406,70.73332977294922,71.26666259765625,46500,0.0,0.0
2013-11-13 00:00:00+09:00,71.13333129882812,71.66666412353516,70.66666412353516,70.66666412353516,16500,0.0,0.0
2013-11-14 00:00:00+09:00,70.0,71.5999984741211,70.0,70.86666870117188,22500,0.0,0.0
2013-11-15 00:00:00+09:00,72.0,74.66666412353516,72.0,74.66666412353516,39000,0.0,0.0
2013-11-18 00:00:00+09:00,72.13333129882812,75.0,72.13333129882812,74.26666259765625,16500,0.0,0.0
2013-11-19 00:00:00+09:00,74.66666412353516,74.66666412353516,72.0,73.26666259765625,9000,0.0,0.0
2013-11-20 00:00:00+09:00,72.13333129882812,76.0,72.13333129882812,75.19999694824219,22500,0.0,0.0
2013-11-21 00:00:00+09:00,74.0,74.0,72.4000015258789,72.4000015258789,22500,0.0,0.0
2013-11-22 00:00:00+09:00,70.4000015258789,72.13333129882812,70.4000015258789,70.46666717529297,208500,0.0,0.0
2013-11-25 00:00:00+09:00,71.33333587646484,73.0,71.33333587646484,72.0,21000,0.0,0.0
2013-11-26 00:00:00+09:00,72.26666259765625,72.86666870117188,71.66666412353516,72.86666870117188,7500,0.0,0.0
2013-11-27 00:00:00+09:00,72.86666870117188,72.86666870117188,71.5999984741211,71.5999984741211,4500,0.0,0.0
2013-11-28 00:00:00+09:00,71.5999984741211,73.06666564941406,70.73332977294922,70.73332977294922,13500,0.0,0.0
2013-11-29 00:00:00+09:00,71.26666259765625,71.46666717529297,70.53333282470703,70.53333282470703,21000,0.0,0.0
2013-12-02 00:00:00+09:00,73.33333587646484,73.33333587646484,71.0,71.0,57000,0.0,0.0
2013-12-03 00:00:00+09:00,72.13333129882812,72.13333129882812,71.19999694824219,71.33333587646484,28500,0.0,0.0
2013-12-04 00:00:00+09:00,71.93333435058594,71.93333435058594,71.19999694824219,71.19999694824219,19500,0.0,0.0
2013-12-05 00:00:00+09:00,71.19999694824219,72.0,71.19999694824219,71.53333282470703,31500,0.0,0.0
2013-12-06 00:00:00+09:00,71.46666717529297,71.66666412353516,70.66666412353516,71.66666412353516,9000,0.0,0.0
2013-12-09 00:00:00+09:00,72.06666564941406,72.13333129882812,71.73332977294922,71.73332977294922,28500,0.0,0.0
2013-12-10 00:00:00+09:00,72.0,72.26666259765625,71.33333587646484,72.26666259765625,39000,0.0,0.0
2013-12-11 00:00:00+09:00,71.66666412353516,71.66666412353516,71.26666259765625,71.26666259765625,6000,0.0,0.0
2013-12-12 00:00:00+09:00,71.26666259765625,71.66666412353516,70.5999984741211,71.66666412353516,108000,0.0,0.0
2013-12-13 00:00:00+09:00,71.33333587646484,72.53333282470703,70.66666412353516,72.53333282470703,13500,0.0,0.0
2013-12-16 00:00:00+09:00,72.4000015258789,72.66666412353516,72.26666259765625,72.46666717529297,13500,0.0,0.0
2013-12-17 00:00:00+09:00,72.0,72.0,71.19999694824219,72.0,9000,0.0,0.0
2013-12-18 00:00:00+09:00,71.33333587646484,72.66666412353516,71.0,72.66666412353516,22500,0.0,0.0
2013-12-19 00:00:00+09:00,72.66666412353516,72.66666412353516,71.66666412353516,71.66666412353516,36000,0.0,0.0
2013-12-20 00:00:00+09:00,71.33333587646484,72.0,70.66666412353516,71.93333435058594,87000,0.0,0.0
2013-12-24 00:00:00+09:00,71.80000305175781,72.06666564941406,69.33333587646484,70.93333435058594,241500,0.0,0.0
2013-12-25 00:00:00+09:00,69.33333587646484,71.4000015258789,69.33333587646484,70.26666259765625,28500,0.0,0.0
2013-12-26 00:00:00+09:00,70.93333435058594,71.33333587646484,70.93333435058594,71.33333587646484,7500,0.0,0.0
2013-12-27 00:00:00+09:00,73.33333587646484,73.33333587646484,72.66666412353516,72.80000305175781,21000,0.0,0.0
2013-12-30 00:00:00+09:00,70.80000305175781,74.33333587646484,70.4000015258789,73.26666259765625,57000,0.0,0.0
2014-01-06 00:00:00+09:00,73.33333587646484,73.4000015258789,71.53333282470703,73.33333587646484,40500,0.0,0.0
2014-01-07 00:00:00+09:00,73.0,73.06666564941406,71.93333435058594,71.93333435058594,12000,0.0,0.0
2014-01-08 00:00:00+09:00,73.33333587646484,73.53333282470703,73.26666259765625,73.33333587646484,7500,0.0,0.0
2014-01-09 00:00:00+09:00,73.73332977294922,73.73332977294922,71.66666412353516,72.0,16500,0.0,0.0
2014-01-10 00:00:00+09:00,72.66666412353516,75.33333587646484,72.06666564941406,73.4000015258789,60000,0.0,0.0
2014-01-14 00:00:00+09:00,73.33333587646484,73.33333587646484,72.06666564941406,72.26666259765625,22500,0.0,0.0
2014-01-15 00:00:00+09:00,72.66666412353516,74.86666870117188,72.06666564941406,74.86666870117188,99000,0.0,0.0
2014-01-16 00:00:00+09:00,74.66666412353516,78.66666412353516,73.46666717529297,74.06666564941406,156000,0.0,0.0
2014-01-17 00:00:00+09:00,74.06666564941406,76.26666259765625,72.66666412353516,76.26666259765625,90000,0.0,0.0
2014-01-20 00:00:00+09:00,76.73332977294922,82.0,76.66666412353516,80.66666412353516,163500,0.0,0.0
2014-01-21 00:00:00+09:00,82.5999984741211,84.66666412353516,78.66666412353516,82.86666870117188,213000,0.0,0.0
2014-01-22 00:00:00+09:00,80.86666870117188,82.0,79.73332977294922,81.73332977294922,27000,0.0,0.0
2014-01-23 00:00:00+09:00,79.80000305175781,80.53333282470703,76.80000305175781,76.80000305175781,46500,0.0,0.0
2014-01-24 00:00:00+09:00,76.13333129882812,76.13333129882812,75.0,75.33333587646484,15000,0.0,0.0
2014-01-27 00:00:00+09:00,73.73332977294922,73.73332977294922,72.06666564941406,72.53333282470703,72000,0.0,0.0
2014-01-28 00:00:00+09:00,74.53333282470703,75.80000305175781,73.19999694824219,74.66666412353516,10500,0.0,0.0
2014-01-29 00:00:00+09:00,75.19999694824219,77.06666564941406,75.13333129882812,77.06666564941406,18000,0.0,0.0
2014-01-30 00:00:00+09:00,76.46666717529297,76.46666717529297,74.06666564941406,76.4000015258789,10500,0.0,0.0
2014-01-31 00:00:00+09:00,74.4000015258789,74.4000015258789,71.33333587646484,71.33333587646484,103500,0.0,0.0
2014-02-03 00:00:00+09:00,70.93333435058594,73.33333587646484,70.66666412353516,70.66666412353516,42000,0.0,0.0
2014-02-04 00:00:00+09:00,66.66666412353516,70.46666717529297,61.666664123535156,66.66666412353516,154500,0.0,0.0
2014-02-05 00:00:00+09:00,66.73332977294922,67.33333587646484,65.33333587646484,65.33333587646484,28500,0.0,0.0
2014-02-06 00:00:00+09:00,66.0,67.33333587646484,66.0,67.33333587646484,9000,0.0,0.0
2014-02-07 00:00:00+09:00,66.06666564941406,68.46666717529297,66.06666564941406,68.33333587646484,12000,0.0,0.0
2014-02-10 00:00:00+09:00,68.33333587646484,68.33333587646484,67.46666717529297,67.46666717529297,13500,0.0,0.0
2014-02-12 00:00:00+09:00,67.66666412353516,71.33333587646484,67.66666412353516,71.26666259765625,28500,0.0,0.0
2014-02-13 00:00:00+09:00,68.80000305175781,71.0,68.80000305175781,69.66666412353516,16500,0.0,0.0
2014-02-14 00:00:00+09:00,64.33333587646484,64.33333587646484,59.400001525878906,64.33333587646484,306000,0.0,0.0
2014-02-17 00:00:00+09:00,62.666664123535156,62.666664123535156,60.733333587646484,60.733333587646484,28500,0.0,0.0
2014-02-18 00:00:00+09:00,60.733333587646484,61.133331298828125,60.733333587646484,61.133331298828125,4500,0.0,0.0
2014-02-19 00:00:00+09:00,61.133331298828125,61.33333206176758,59.33333206176758,61.06666564941406,43500,0.0,0.0
2014-02-20 00:00:00+09:00,61.0,61.79999923706055,59.33333206176758,61.79999923706055,55500,0.0,0.0
2014-02-21 00:00:00+09:00,61.46666717529297,62.666664123535156,61.46666717529297,62.33333206176758,6000,0.0,0.0
2014-02-24 00:00:00+09:00,62.33333206176758,62.33333206176758,60.0,60.666664123535156,13500,0.0,0.0
2014-02-25 00:00:00+09:00,61.666664123535156,61.666664123535156,59.733333587646484,61.0,13500,0.0,0.0
2014-02-26 00:00:00+09:00,58.06666564941406,60.0,58.06666564941406,60.0,72000,0.0,0.0
2014-02-27 00:00:00+09:00,59.0,60.0,59.0,60.0,7500,0.0,0.0
2014-02-28 00:00:00+09:00,60.0,60.0,59.79999923706055,59.79999923706055,3000,0.0,0.0
2014-03-03 00:00:00+09:00,58.666664123535156,58.79999923706055,58.53333282470703,58.53333282470703,13500,0.0,0.0
2014-03-04 00:00:00+09:00,58.46666717529297,58.46666717529297,58.46666717529297,58.46666717529297,6000,0.0,0.0
2014-03-05 00:00:00+09:00,58.400001525878906,60.33333206176758,58.400001525878906,60.33333206176758,18000,0.0,0.0
2014-03-06 00:00:00+09:00,60.79999923706055,60.93333435058594,59.0,60.93333435058594,12000,0.0,0.0
2014-03-07 00:00:00+09:00,64.19999694824219,64.19999694824219,63.86666488647461,63.86666488647461,16500,0.0,0.0
2014-03-10 00:00:00+09:00,64.06666564941406,64.19999694824219,61.666664123535156,62.33333206176758,19500,0.0,0.0
2014-03-11 00:00:00+09:00,62.33333206176758,62.33333206176758,62.33333206176758,62.33333206176758,0,0.0,0.0
2014-03-12 00:00:00+09:00,62.33333206176758,63.666664123535156,62.33333206176758,63.666664123535156,19500,0.0,0.0
2014-03-13 00:00:00+09:00,61.666664123535156,61.666664123535156,61.666664123535156,61.666664123535156,1500,0.0,0.0
2014-03-14 00:00:00+09:00,61.666664123535156,61.666664123535156,60.666664123535156,60.666664123535156,6000,0.0,0.0
2014-03-17 00:00:00+09:00,60.46666717529297,62.79999923706055,58.79999923706055,62.599998474121094,12000,0.0,0.0
2014-03-18 00:00:00+09:00,61.33333206176758,61.93333435058594,61.33333206176758,61.93333435058594,3000,0.0,0.0
2014-03-19 00:00:00+09:00,61.93333435058594,61.93333435058594,61.93333435058594,61.93333435058594,0,0.0,0.0
2014-03-20 00:00:00+09:00,60.0,60.93333435058594,58.266666412353516,60.93333435058594,10500,0.0,0.0
2014-03-24 00:00:00+09:00,58.733333587646484,60.86666488647461,58.599998474121094,60.86666488647461,18000,0.0,0.0
2014-03-25 00:00:00+09:00,60.86666488647461,60.86666488647461,58.86666488647461,58.86666488647461,3000,0.0,0.0
2014-03-26 00:00:00+09:00,60.0,60.0,58.266666412353516,58.266666412353516,34500,0.0,0.0
2014-03-27 00:00:00+09:00,58.266666412353516,58.266666412353516,58.266666412353516,58.266666412353516,0,0.0,0.0
2014-03-28 00:00:00+09:00,57.266666412353516,60.0,56.79999923706055,60.0,12000,0.0,0.0
2014-03-31 00:00:00+09:00,59.0,59.0,58.0,58.0,4500,0.0,0.0
2014-04-01 00:00:00+09:00,59.93333435058594,59.93333435058594,59.93333435058594,59.93333435058594,3000,0.0,0.0
2014-04-02 00:00:00+09:00,59.93333435058594,59.93333435058594,59.93333435058594,59.93333435058594,0,0.0,0.0
2014-04-03 00:00:00+09:00,59.93333435058594,59.93333435058594,58.666664123535156,58.666664123535156,25500,0.0,0.0
2014-04-04 00:00:00+09:00,59.666664123535156,59.666664123535156,59.666664123535156,59.666664123535156,3000,0.0,0.0
2014-04-07 00:00:00+09:00,58.46666717529297,60.0,56.666664123535156,60.0,76500,0.0,0.0
2014-04-08 00:00:00+09:00,58.0,58.0,57.400001525878906,57.400001525878906,3000,0.0,0.0
2014-04-09 00:00:00+09:00,57.400001525878906,57.86666488647461,56.599998474121094,56.666664123535156,79500,0.0,0.0
2014-04-10 00:00:00+09:00,59.133331298828125,59.133331298828125,57.20000076293945,57.20000076293945,19500,0.0,0.0
2014-04-11 00:00:00+09:00,56.733333587646484,59.0,56.06666564941406,58.599998474121094,9000,0.0,0.0
2014-04-14 00:00:00+09:00,56.93333435058594,57.666664123535156,56.93333435058594,57.666664123535156,3000,0.0,0.0
2014-04-15 00:00:00+09:00,58.46666717529297,58.46666717529297,58.46666717529297,58.46666717529297,15000,0.0,0.0
2014-04-16 00:00:00+09:00,58.53333282470703,58.53333282470703,58.53333282470703,58.53333282470703,1500,0.0,0.0
2014-04-17 00:00:00+09:00,58.53333282470703,58.53333282470703,58.0,58.0,28500,0.0,0.0
2014-04-18 00:00:00+09:00,58.0,58.0,58.0,58.0,0,0.0,0.0
2014-04-21 00:00:00+09:00,57.06666564941406,59.33333206176758,57.06666564941406,59.33333206176758,16500,0.0,0.0
2014-04-22 00:00:00+09:00,59.93333435058594,59.93333435058594,57.33333206176758,57.33333206176758,13500,0.0,0.0
2014-04-23 00:00:00+09:00,57.0,58.46666717529297,56.79999923706055,58.46666717529297,24000,0.0,0.0
2014-04-24 00:00:00+09:00,58.46666717529297,58.46666717529297,58.46666717529297,58.46666717529297,0,0.0,0.0
2014-04-25 00:00:00+09:00,57.0,58.266666412353516,57.0,58.266666412353516,18000,0.0,0.0
2014-04-28 00:00:00+09:00,57.400001525878906,57.46666717529297,57.33333206176758,57.33333206176758,21000,0.0,0.0
2014-04-30 00:00:00+09:00,56.79999923706055,56.79999923706055,56.666664123535156,56.666664123535156,7500,0.0,0.0
2014-05-01 00:00:00+09:00,57.33333206176758,57.33333206176758,57.33333206176758,57.33333206176758,4500,0.0,0.0
2014-05-02 00:00:00+09:00,57.33333206176758,57.33333206176758,57.33333206176758,57.33333206176758,0,0.0,0.0
2014-05-07 00:00:00+09:00,56.79999923706055,57.33333206176758,56.0,57.33333206176758,57000,0.0,0.0
2014-05-08 00:00:00+09:00,56.33333206176758,57.400001525878906,56.133331298828125,56.133331298828125,10500,0.0,0.0
2014-05-09 00:00:00+09:00,56.133331298828125,56.133331298828125,55.93333435058594,55.93333435058594,4500,0.0,0.0
2014-05-12 00:00:00+09:00,55.733333587646484,57.133331298828125,53.733333587646484,57.133331298828125,40500,0.0,0.0
2014-05-13 00:00:00+09:00,54.06666564941406,56.33333206176758,54.06666564941406,56.33333206176758,12000,0.0,0.0
2014-05-14 00:00:00+09:00,56.33333206176758,56.33333206176758,56.33333206176758,56.33333206176758,1500,0.0,0.0
2014-05-15 00:00:00+09:00,56.33333206176758,56.33333206176758,56.33333206176758,56.33333206176758,0,0.0,0.0
2014-05-16 00:00:00+09:00,56.0,56.0,56.0,56.0,9000,0.0,0.0
2014-05-19 00:00:00+09:00,53.733333587646484,54.733333587646484,53.733333587646484,53.79999923706055,4500,0.0,0.0
2014-05-20 00:00:00+09:00,52.79999923706055,53.33333206176758,52.133331298828125,53.33333206176758,22500,0.0,0.0
2014-05-21 00:00:00+09:00,53.33333206176758,54.733333587646484,53.33333206176758,54.733333587646484,12000,0.0,0.0
2014-05-22 00:00:00+09:00,53.733333587646484,54.266666412353516,53.33333206176758,53.33333206176758,18000,0.0,0.0
2014-05-23 00:00:00+09:00,54.33333206176758,54.400001525878906,54.33333206176758,54.400001525878906,6000,0.0,0.0
2014-05-26 00:00:00+09:00,55.400001525878906,56.400001525878906,54.33333206176758,56.400001525878906,21000,0.0,0.0
2014-05-27 00:00:00+09:00,56.400001525878906,56.400001525878906,56.400001525878906,56.400001525878906,1500,0.0,0.0
2014-05-28 00:00:00+09:00,56.400001525878906,56.400001525878906,56.400001525878906,56.400001525878906,0,0.0,0.0
2014-05-29 00:00:00+09:00,56.400001525878906,56.400001525878906,56.400001525878906,56.400001525878906,0,0.0,0.0
2014-05-30 00:00:00+09:00,55.0,55.599998474121094,55.0,55.46666717529297,18000,0.0,0.0
2014-06-02 00:00:00+09:00,55.20000076293945,56.666664123535156,55.20000076293945,56.666664123535156,9000,0.0,0.0
2014-06-03 00:00:00+09:00,56.666664123535156,56.666664123535156,56.666664123535156,56.666664123535156,7500,0.0,0.0
2014-06-04 00:00:00+09:00,55.33333206176758,56.599998474121094,55.33333206176758,56.599998474121094,15000,0.0,0.0
2014-06-05 00:00:00+09:00,56.599998474121094,56.599998474121094,56.599998474121094,56.599998474121094,0,0.0,0.0
2014-06-06 00:00:00+09:00,56.666664123535156,56.666664123535156,56.666664123535156,56.666664123535156,3000,0.0,0.0
2014-06-09 00:00:00+09:00,56.666664123535156,56.733333587646484,56.666664123535156,56.733333587646484,7500,0.0,0.0
2014-06-10 00:00:00+09:00,57.133331298828125,57.133331298828125,56.599998474121094,56.599998474121094,7500,0.0,0.0
2014-06-11 00:00:00+09:00,57.20000076293945,59.0,57.20000076293945,58.86666488647461,22500,0.0,0.0
2014-06-12 00:00:00+09:00,58.666664123535156,58.733333587646484,58.666664123535156,58.666664123535156,9000,0.0,0.0
2014-06-13 00:00:00+09:00,58.666664123535156,58.666664123535156,58.666664123535156,58.666664123535156,6000,0.0,0.0
2014-06-16 00:00:00+09:00,58.93333435058594,58.93333435058594,58.06666564941406,58.06666564941406,7500,0.0,0.0
2014-06-17 00:00:00+09:00,58.06666564941406,58.06666564941406,56.733333587646484,56.733333587646484,205500,0.0,0.0
2014-06-18 00:00:00+09:00,57.0,57.33333206176758,57.0,57.33333206176758,10500,0.0,0.0
2014-06-19 00:00:00+09:00,57.666664123535156,57.666664123535156,57.666664123535156,57.666664123535156,4500,0.0,0.0
2014-06-20 00:00:00+09:00,56.666664123535156,56.666664123535156,56.666664123535156,56.666664123535156,10500,0.0,0.0
2014-06-23 00:00:00+09:00,58.93333435058594,66.66666412353516,58.666664123535156,66.66666412353516,993000,0.0,0.0
2014-06-24 00:00:00+09:00,62.666664123535156,64.46666717529297,60.20000076293945,60.400001525878906,1513500,0.0,0.0
2014-06-25 00:00:00+09:00,60.86666488647461,60.86666488647461,58.733333587646484,59.79999923706055,177000,0.0,0.0
2014-06-26 00:00:00+09:00,59.733333587646484,61.0,59.0,59.666664123535156,103500,0.0,0.0
2014-06-27 00:00:00+09:00,59.133331298828125,59.20000076293945,57.93333435058594,58.666664123535156,162000,0.0,0.0
2014-06-30 00:00:00+09:00,58.599998474121094,58.599998474121094,57.46666717529297,57.79999923706055,108000,0.0,0.0
2014-07-01 00:00:00+09:00,57.86666488647461,58.33333206176758,57.86666488647461,57.86666488647461,18000,0.0,0.0
2014-07-02 00:00:00+09:00,58.266666412353516,58.733333587646484,58.133331298828125,58.53333282470703,28500,0.0,0.0
2014-07-03 00:00:00+09:00,58.599998474121094,59.33333206176758,58.0,58.666664123535156,52500,0.0,0.0
2014-07-04 00:00:00+09:00,58.0,58.33333206176758,57.86666488647461,58.0,27000,0.0,0.0
2014-07-07 00:00:00+09:00,58.0,59.20000076293945,58.0,59.20000076293945,31500,0.0,0.0
2014-07-08 00:00:00+09:00,58.20000076293945,59.400001525878906,58.0,59.400001525878906,34500,0.0,0.0
2014-07-09 00:00:00+09:00,59.400001525878906,59.93333435058594,58.666664123535156,59.93333435058594,79500,0.0,0.0
2014-07-10 00:00:00+09:00,59.79999923706055,63.0,58.0,58.0,261000,0.0,0.0
2014-07-11 00:00:00+09:00,57.733333587646484,57.733333587646484,57.0,57.266666412353516,63000,0.0,0.0
2014-07-14 00:00:00+09:00,58.266666412353516,60.733333587646484,58.266666412353516,59.266666412353516,61500,0.0,0.0
2014-07-15 00:00:00+09:00,60.266666412353516,60.266666412353516,59.53333282470703,59.53333282470703,16500,0.0,0.0
2014-07-16 00:00:00+09:00,60.400001525878906,60.400001525878906,58.733333587646484,58.733333587646484,31500,0.0,0.0
2014-07-17 00:00:00+09:00,59.53333282470703,59.53333282470703,58.33333206176758,58.33333206176758,9000,0.0,0.0
2014-07-18 00:00:00+09:00,58.0,59.133331298828125,58.0,58.46666717529297,15000,0.0,0.0
2014-07-22 00:00:00+09:00,58.46666717529297,59.599998474121094,58.0,59.33333206176758,16500,0.0,0.0
2014-07-23 00:00:00+09:00,59.33333206176758,59.86666488647461,58.53333282470703,59.266666412353516,22500,0.0,0.0
2014-07-24 00:00:00+09:00,58.666664123535156,59.266666412353516,58.20000076293945,58.666664123535156,34500,0.0,0.0
2014-07-25 00:00:00+09:00,58.46666717529297,60.0,58.46666717529297,59.400001525878906,19500,0.0,0.0
2014-07-28 00:00:00+09:00,58.79999923706055,59.33333206176758,58.33333206176758,58.46666717529297,21000,0.0,0.0
2014-07-29 00:00:00+09:00,58.666664123535156,59.0,58.400001525878906,59.0,37500,0.0,0.0
2014-07-30 00:00:00+09:00,59.0,60.0,58.79999923706055,58.79999923706055,6000,0.0,0.0
2014-07-31 00:00:00+09:00,59.0,60.0,59.0,59.33333206176758,6000,0.0,0.0
2014-08-01 00:00:00+09:00,59.0,62.0,59.0,59.133331298828125,121500,0.0,0.0
2014-08-04 00:00:00+09:00,58.79999923706055,59.46666717529297,58.79999923706055,59.46666717529297,4500,0.0,0.0
2014-08-05 00:00:00+09:00,60.46666717529297,60.46666717529297,60.46666717529297,60.46666717529297,4500,0.0,0.0
2014-08-06 00:00:00+09:00,58.666664123535156,58.79999923706055,58.0,58.06666564941406,49500,0.0,0.0
2014-08-07 00:00:00+09:00,58.53333282470703,58.53333282470703,58.53333282470703,58.53333282470703,1500,0.0,0.0
2014-08-08 00:00:00+09:00,57.0,57.20000076293945,56.06666564941406,56.93333435058594,49500,0.0,0.0
2014-08-11 00:00:00+09:00,58.93333435058594,58.93333435058594,58.93333435058594,58.93333435058594,4500,0.0,0.0
2014-08-12 00:00:00+09:00,58.86666488647461,58.86666488647461,58.46666717529297,58.46666717529297,6000,0.0,0.0
2014-08-13 00:00:00+09:00,58.46666717529297,58.46666717529297,58.46666717529297,58.46666717529297,6000,0.0,0.0
2014-08-14 00:00:00+09:00,58.0,58.86666488647461,58.0,58.599998474121094,6000,0.0,0.0
2014-08-15 00:00:00+09:00,58.0,58.0,57.0,57.0,9000,0.0,0.0
2014-08-18 00:00:00+09:00,56.0,56.666664123535156,55.0,56.666664123535156,34500,0.0,0.0
2014-08-19 00:00:00+09:00,56.0,57.20000076293945,55.53333282470703,57.20000076293945,6000,0.0,0.0
2014-08-20 00:00:00+09:00,57.20000076293945,57.20000076293945,56.599998474121094,56.599998474121094,42000,0.0,0.0
2014-08-21 00:00:00+09:00,56.666664123535156,58.33333206176758,56.666664123535156,58.33333206176758,6000,0.0,0.0
2014-08-22 00:00:00+09:00,58.733333587646484,58.733333587646484,58.733333587646484,58.733333587646484,3000,0.0,0.0
2014-08-25 00:00:00+09:00,58.733333587646484,58.733333587646484,58.733333587646484,58.733333587646484,1500,0.0,0.0
2014-08-26 00:00:00+09:00,58.79999923706055,59.0,58.79999923706055,59.0,67500,0.0,0.0
2014-08-27 00:00:00+09:00,58.06666564941406,58.86666488647461,58.06666564941406,58.86666488647461,4500,0.0,0.0
2014-08-28 00:00:00+09:00,58.733333587646484,58.79999923706055,55.93333435058594,58.0,72000,0.0,0.0
2014-08-29 00:00:00+09:00,57.0,58.93333435058594,57.0,58.93333435058594,18000,0.0,0.0
2014-09-01 00:00:00+09:00,58.93333435058594,58.93333435058594,58.599998474121094,58.666664123535156,9000,0.0,0.0
2014-09-02 00:00:00+09:00,58.93333435058594,59.06666564941406,58.93333435058594,59.06666564941406,6000,0.0,0.0
2014-09-03 00:00:00+09:00,59.666664123535156,59.666664123535156,59.53333282470703,59.53333282470703,24000,0.0,0.0
2014-09-04 00:00:00+09:00,59.53333282470703,59.53333282470703,59.53333282470703,59.53333282470703,0,0.0,0.0
2014-09-05 00:00:00+09:00,57.666664123535156,59.0,57.666664123535156,59.0,30000,0.0,0.0
2014-09-08 00:00:00+09:00,59.0,59.0,57.400001525878906,57.53333282470703,15000,0.0,0.0
2014-09-09 00:00:00+09:00,57.266666412353516,57.33333206176758,56.599998474121094,57.33333206176758,34500,0.0,0.0
2014-09-10 00:00:00+09:00,56.06666564941406,56.666664123535156,55.733333587646484,56.666664123535156,36000,0.0,0.0
2014-09-11 00:00:00+09:00,56.0,56.93333435058594,56.0,56.93333435058594,12000,0.0,0.0
2014-09-12 00:00:00+09:00,56.20000076293945,56.733333587646484,56.0,56.733333587646484,36000,0.0,0.0
2014-09-16 00:00:00+09:00,56.0,56.33333206176758,55.733333587646484,55.733333587646484,19500,0.0,0.0
2014-09-17 00:00:00+09:00,55.53333282470703,56.53333282470703,55.53333282470703,56.53333282470703,10500,0.0,0.0
2014-09-18 00:00:00+09:00,56.53333282470703,56.79999923706055,54.33333206176758,55.33333206176758,54000,0.0,0.0
2014-09-19 00:00:00+09:00,55.79999923706055,55.86666488647461,55.733333587646484,55.733333587646484,13500,0.0,0.0
2014-09-22 00:00:00+09:00,56.0,57.733333587646484,56.0,57.733333587646484,54000,0.0,0.0
2014-09-24 00:00:00+09:00,55.733333587646484,56.666664123535156,55.733333587646484,56.666664123535156,9000,0.0,0.0
2014-09-25 00:00:00+09:00,56.666664123535156,56.666664123535156,56.400001525878906,56.400001525878906,10500,0.0,0.0
2014-09-26 00:00:00+09:00,57.33333206176758,57.33333206176758,56.33333206176758,56.53333282470703,13500,0.0,0.0
2014-09-29 00:00:00+09:00,56.733333587646484,56.733333587646484,55.599998474121094,56.400001525878906,42000,0.0,0.0
2014-09-30 00:00:00+09:00,56.33333206176758,56.666664123535156,56.0,56.06666564941406,15000,0.0,0.0
2014-10-01 00:00:00+09:00,56.53333282470703,56.666664123535156,55.666664123535156,55.666664123535156,21000,0.0,0.0
2014-10-02 00:00:00+09:00,55.733333587646484,55.79999923706055,55.46666717529297,55.46666717529297,37500,0.0,0.0
2014-10-03 00:00:00+09:00,55.46666717529297,55.46666717529297,55.46666717529297,55.46666717529297,1500,0.0,0.0
2014-10-06 00:00:00+09:00,55.733333587646484,55.733333587646484,55.733333587646484,55.733333587646484,4500,0.0,0.0
2014-10-07 00:00:00+09:00,56.733333587646484,56.733333587646484,56.666664123535156,56.733333587646484,13500,0.0,0.0
2014-10-08 00:00:00+09:00,55.733333587646484,56.666664123535156,55.666664123535156,56.666664123535156,37500,0.0,0.0
2014-10-09 00:00:00+09:00,56.06666564941406,57.06666564941406,56.06666564941406,56.133331298828125,46500,0.0,0.0
2014-10-10 00:00:00+09:00,55.46666717529297,55.79999923706055,55.46666717529297,55.79999923706055,33000,0.0,0.0
2014-10-14 00:00:00+09:00,55.79999923706055,55.79999923706055,55.666664123535156,55.666664123535156,3000,0.0,0.0
2014-10-15 00:00:00+09:00,55.666664123535156,55.666664123535156,55.33333206176758,55.33333206176758,9000,0.0,0.0
2014-10-16 00:00:00+09:00,55.666664123535156,55.666664123535156,54.20000076293945,55.33333206176758,135000,0.0,0.0
2014-10-17 00:00:00+09:00,55.666664123535156,56.0,55.33333206176758,55.46666717529297,21000,0.0,0.0
2014-10-20 00:00:00+09:00,55.53333282470703,60.33333206176758,55.53333282470703,57.33333206176758,223500,0.0,0.0
2014-10-21 00:00:00+09:00,57.666664123535156,59.666664123535156,55.33333206176758,56.0,106500,0.0,0.0
2014-10-22 00:00:00+09:00,56.06666564941406,57.266666412353516,56.06666564941406,56.33333206176758,6000,0.0,0.0
2014-10-23 00:00:00+09:00,57.33333206176758,57.33333206176758,56.33333206176758,56.33333206176758,4500,0.0,0.0
2014-10-24 00:00:00+09:00,56.666664123535156,56.666664123535156,56.666664123535156,56.666664123535156,3000,0.0,0.0
2014-10-27 00:00:00+09:00,58.666664123535156,58.666664123535156,56.666664123535156,56.666664123535156,13500,0.0,0.0
2014-10-28 00:00:00+09:00,56.666664123535156,56.666664123535156,55.79999923706055,55.79999923706055,19500,0.0,0.0
2014-10-29 00:00:00+09:00,56.666664123535156,56.666664123535156,56.666664123535156,56.666664123535156,18000,0.0,0.0
2014-10-30 00:00:00+09:00,56.666664123535156,57.0,56.666664123535156,57.0,61500,0.0,0.0
2014-10-31 00:00:00+09:00,57.266666412353516,57.33333206176758,56.0,56.0,21000,0.0,0.0
2014-11-04 00:00:00+09:00,56.733333587646484,57.33333206176758,56.733333587646484,57.33333206176758,216000,0.0,0.0
2014-11-05 00:00:00+09:00,57.33333206176758,58.33333206176758,57.33333206176758,58.33333206176758,151500,0.0,0.0
2014-11-06 00:00:00+09:00,58.33333206176758,58.599998474121094,58.33333206176758,58.599998474121094,3000,0.0,0.0
2014-11-07 00:00:00+09:00,58.666664123535156,58.666664123535156,58.666664123535156,58.666664123535156,1500,0.0,0.0
2014-11-10 00:00:00+09:00,59.266666412353516,60.33333206176758,59.266666412353516,60.33333206176758,70500,0.0,0.0
2014-11-11 00:00:00+09:00,59.33333206176758,59.33333206176758,57.400001525878906,59.0,82500,0.0,0.0
2014-11-12 00:00:00+09:00,58.0,58.0,57.400001525878906,57.666664123535156,22500,0.0,0.0
2014-11-13 00:00:00+09:00,57.666664123535156,57.733333587646484,57.400001525878906,57.666664123535156,49500,0.0,0.0
2014-11-14 00:00:00+09:00,57.666664123535156,57.666664123535156,57.06666564941406,57.06666564941406,85500,0.0,0.0
2014-11-17 00:00:00+09:00,57.400001525878906,57.53333282470703,57.33333206176758,57.400001525878906,6000,0.0,0.0
2014-11-18 00:00:00+09:00,57.400001525878906,57.400001525878906,57.400001525878906,57.400001525878906,0,0.0,0.0
2014-11-19 00:00:00+09:00,58.400001525878906,59.0,58.0,58.0,15000,0.0,0.0
2014-11-20 00:00:00+09:00,58.93333435058594,59.0,58.53333282470703,59.0,24000,0.0,0.0
2014-11-21 00:00:00+09:00,60.0,60.33333206176758,58.0,59.93333435058594,52500,0.0,0.0
2014-11-25 00:00:00+09:00,60.0,60.666664123535156,58.666664123535156,60.33333206176758,75000,0.0,0.0
2014-11-26 00:00:00+09:00,60.06666564941406,60.06666564941406,59.06666564941406,59.400001525878906,34500,0.0,0.0
2014-11-27 00:00:00+09:00,58.53333282470703,58.79999923706055,58.53333282470703,58.79999923706055,6000,0.0,0.0
2014-11-28 00:00:00+09:00,59.79999923706055,60.0,59.79999923706055,60.0,12000,0.0,0.0
2014-12-01 00:00:00+09:00,60.0,62.0,59.93333435058594,62.0,19500,0.0,0.0
2014-12-02 00:00:00+09:00,62.666664123535156,64.0,61.599998474121094,63.0,121500,0.0,0.0
2014-12-03 00:00:00+09:00,62.0,65.33333587646484,61.666664123535156,65.19999694824219,189000,0.0,0.0
2014-12-04 00:00:00+09:00,63.20000076293945,65.13333129882812,62.666664123535156,64.0,19500,0.0,0.0
2014-12-05 00:00:00+09:00,63.86666488647461,64.0,63.86666488647461,64.0,30000,0.0,0.0
2014-12-08 00:00:00+09:00,65.26666259765625,65.66666412353516,64.13333129882812,65.33333587646484,39000,0.0,0.0
2014-12-09 00:00:00+09:00,65.33333587646484,65.33333587646484,62.53333282470703,64.19999694824219,99000,0.0,0.0
2014-12-10 00:00:00+09:00,63.20000076293945,63.79999923706055,62.33333206176758,62.33333206176758,66000,0.0,0.0
2014-12-11 00:00:00+09:00,62.33333206176758,64.0,62.33333206176758,64.0,3000,0.0,0.0
2014-12-12 00:00:00+09:00,64.5999984741211,64.66666412353516,63.93333435058594,64.0,52500,0.0,0.0
2014-12-15 00:00:00+09:00,62.06666564941406,64.66666412353516,62.06666564941406,62.599998474121094,16500,0.0,0.0
2014-12-16 00:00:00+09:00,62.0,63.06666564941406,62.0,63.06666564941406,4500,0.0,0.0
2014-12-17 00:00:00+09:00,61.599998474121094,61.599998474121094,61.599998474121094,61.599998474121094,13500,0.0,0.0
2014-12-18 00:00:00+09:00,62.0,64.0,62.0,63.86666488647461,21000,0.0,0.0
2014-12-19 00:00:00+09:00,63.86666488647461,64.0,63.86666488647461,64.0,30000,0.0,0.0
2014-12-22 00:00:00+09:00,64.0,64.53333282470703,63.86666488647461,64.53333282470703,19500,0.0,0.0
2014-12-24 00:00:00+09:00,65.33333587646484,65.33333587646484,61.06666564941406,61.06666564941406,76500,0.0,0.0
2014-12-25 00:00:00+09:00,61.33333206176758,62.400001525878906,60.33333206176758,60.33333206176758,51000,0.0,0.0
2014-12-26 00:00:00+09:00,61.666664123535156,61.666664123535156,61.33333206176758,61.33333206176758,10500,0.0,0.0
2014-12-29 00:00:00+09:00,61.666664123535156,61.666664123535156,61.666664123535156,61.666664123535156,1500,0.0,0.0
2014-12-30 00:00:00+09:00,61.666664123535156,61.79999923706055,61.666664123535156,61.79999923706055,28500,0.0,0.0
2015-01-05 00:00:00+09:00,62.666664123535156,64.66666412353516,62.666664123535156,63.33333206176758,58500,0.0,0.0
2015-01-06 00:00:00+09:00,63.33333206176758,63.33333206176758,63.33333206176758,63.33333206176758,0,0.0,0.0
2015-01-07 00:00:00+09:00,63.33333206176758,63.33333206176758,63.33333206176758,63.33333206176758,0,0.0,0.0
2015-01-08 00:00:00+09:00,62.33333206176758,64.0,62.06666564941406,62.06666564941406,25500,0.0,0.0
2015-01-09 00:00:00+09:00,62.133331298828125,64.66666412353516,62.133331298828125,63.666664123535156,85500,0.0,0.0
2015-01-13 00:00:00+09:00,63.666664123535156,63.666664123535156,63.666664123535156,63.666664123535156,1500,0.0,0.0
2015-01-14 00:00:00+09:00,63.06666564941406,63.666664123535156,63.0,63.0,72000,0.0,0.0
2015-01-15 00:00:00+09:00,62.666664123535156,63.666664123535156,62.666664123535156,62.93333435058594,9000,0.0,0.0
2015-01-16 00:00:00+09:00,63.33333206176758,63.33333206176758,62.733333587646484,63.33333206176758,42000,0.0,0.0
2015-01-19 00:00:00+09:00,63.133331298828125,63.666664123535156,63.133331298828125,63.666664123535156,12000,0.0,0.0
2015-01-20 00:00:00+09:00,63.666664123535156,63.666664123535156,63.666664123535156,63.666664123535156,7500,0.0,0.0
2015-01-21 00:00:00+09:00,63.0,63.666664123535156,63.0,63.666664123535156,7500,0.0,0.0
2015-01-22 00:00:00+09:00,63.666664123535156,63.666664123535156,63.266666412353516,63.33333206176758,15000,0.0,0.0
2015-01-23 00:00:00+09:00,64.0,64.0,63.400001525878906,64.0,9000,0.0,0.0
2015-01-26 00:00:00+09:00,64.0,65.0,64.0,65.0,19500,0.0,0.0
2015-01-27 00:00:00+09:00,65.0,65.0,65.0,65.0,0,0.0,0.0
2015-01-28 00:00:00+09:00,65.06666564941406,65.06666564941406,65.06666564941406,65.06666564941406,4500,0.0,0.0
2015-01-29 00:00:00+09:00,63.133331298828125,63.133331298828125,62.86666488647461,62.86666488647461,4500,0.0,0.0
2015-01-30 00:00:00+09:00,62.733333587646484,64.33333587646484,62.266666412353516,64.33333587646484,12000,0.0,0.0
2015-02-02 00:00:00+09:00,63.33333206176758,64.33333587646484,63.33333206176758,64.0,51000,0.0,0.0
2015-02-03 00:00:00+09:00,65.0,65.0,65.0,65.0,34500,0.0,0.0
2015-02-04 00:00:00+09:00,65.0,65.0,65.0,65.0,25500,0.0,0.0
2015-02-05 00:00:00+09:00,65.0,65.0,65.0,65.0,1500,0.0,0.0
2015-02-06 00:00:00+09:00,65.0,65.06666564941406,65.0,65.06666564941406,6000,0.0,0.0
2015-02-09 00:00:00+09:00,65.26666259765625,65.26666259765625,65.26666259765625,65.26666259765625,1500,0.0,0.0
2015-02-10 00:00:00+09:00,65.33333587646484,65.33333587646484,65.33333587646484,65.33333587646484,6000,0.0,0.0
2015-02-12 00:00:00+09:00,64.0,65.0,64.0,65.0,4500,0.0,0.0
2015-02-13 00:00:00+09:00,65.0,65.0,64.86666870117188,64.86666870117188,15000,0.0,0.0
2015-02-16 00:00:00+09:00,66.86666870117188,66.86666870117188,62.266666412353516,66.0,84000,0.0,0.0
2015-02-17 00:00:00+09:00,65.86666870117188,65.86666870117188,63.33333206176758,65.13333129882812,37500,0.0,0.0
2015-02-18 00:00:00+09:00,65.13333129882812,66.19999694824219,64.19999694824219,66.19999694824219,30000,0.0,0.0
2015-02-19 00:00:00+09:00,66.66666412353516,72.53333282470703,65.86666870117188,72.53333282470703,219000,0.0,0.0
2015-02-20 00:00:00+09:00,73.13333129882812,76.53333282470703,72.66666412353516,75.80000305175781,150000,0.0,0.0
2015-02-23 00:00:00+09:00,75.80000305175781,75.80000305175781,71.80000305175781,73.33333587646484,46500,0.0,0.0
2015-02-24 00:00:00+09:00,71.33333587646484,72.86666870117188,70.53333282470703,72.86666870117188,18000,0.0,0.0
2015-02-25 00:00:00+09:00,73.33333587646484,73.33333587646484,69.0,73.0,18000,0.0,0.0
2015-02-26 00:00:00+09:00,74.66666412353516,74.66666412353516,73.33333587646484,73.33333587646484,4500,0.0,0.0
2015-02-27 00:00:00+09:00,73.33333587646484,73.33333587646484,73.26666259765625,73.33333587646484,19500,0.0,0.0
2015-03-02 00:00:00+09:00,73.33333587646484,74.0,72.66666412353516,73.33333587646484,19500,0.0,0.0
2015-03-03 00:00:00+09:00,73.33333587646484,75.33333587646484,72.66666412353516,74.66666412353516,25500,0.0,0.0
2015-03-04 00:00:00+09:00,74.66666412353516,74.66666412353516,74.66666412353516,74.66666412353516,1500,0.0,0.0
2015-03-05 00:00:00+09:00,73.33333587646484,74.0,71.33333587646484,74.0,28500,0.0,0.0
2015-03-06 00:00:00+09:00,73.33333587646484,75.33333587646484,73.33333587646484,75.33333587646484,28500,0.0,0.0
2015-03-09 00:00:00+09:00,75.33333587646484,75.33333587646484,74.66666412353516,74.66666412353516,15000,0.0,0.0
2015-03-10 00:00:00+09:00,74.66666412353516,74.66666412353516,74.66666412353516,74.66666412353516,3000,0.0,0.0
2015-03-11 00:00:00+09:00,74.53333282470703,74.53333282470703,68.53333282470703,73.33333587646484,133500,0.0,0.0
2015-03-12 00:00:00+09:00,73.33333587646484,73.33333587646484,73.0,73.33333587646484,22500,0.0,0.0
2015-03-13 00:00:00+09:00,73.33333587646484,76.33333587646484,73.33333587646484,76.33333587646484,75000,0.0,0.0
2015-03-16 00:00:00+09:00,76.33333587646484,79.19999694824219,76.33333587646484,78.4000015258789,27000,0.0,0.0
2015-03-17 00:00:00+09:00,78.33333587646484,78.4000015258789,74.5999984741211,78.4000015258789,28500,0.0,0.0
2015-03-18 00:00:00+09:00,78.4000015258789,78.4000015258789,78.4000015258789,78.4000015258789,0,0.0,0.0
2015-03-19 00:00:00+09:00,75.80000305175781,78.0,75.80000305175781,77.66666412353516,15000,0.0,0.0
2015-03-20 00:00:00+09:00,77.66666412353516,77.66666412353516,77.66666412353516,77.66666412353516,0,0.0,0.0
2015-03-23 00:00:00+09:00,74.4000015258789,77.26666259765625,74.4000015258789,77.26666259765625,22500,0.0,0.0
2015-03-24 00:00:00+09:00,73.33333587646484,76.53333282470703,73.33333587646484,75.33333587646484,28500,0.0,0.0
2015-03-25 00:00:00+09:00,72.33333587646484,73.4000015258789,72.33333587646484,72.93333435058594,9000,0.0,0.0
2015-03-26 00:00:00+09:00,71.0,73.0,71.0,73.0,18000,0.0,0.0
2015-03-27 00:00:00+09:00,72.0,72.0,70.66666412353516,71.66666412353516,27000,0.0,0.0
2015-03-30 00:00:00+09:00,73.33333587646484,73.33333587646484,71.26666259765625,73.19999694824219,33000,0.0,0.0
2015-03-31 00:00:00+09:00,73.19999694824219,73.19999694824219,73.19999694824219,73.19999694824219,0,0.0,0.0
2015-04-01 00:00:00+09:00,72.53333282470703,72.5999984741211,70.66666412353516,72.4000015258789,18000,0.0,0.0
2015-04-02 00:00:00+09:00,70.80000305175781,72.0,70.80000305175781,71.19999694824219,123000,0.0,0.0
2015-04-03 00:00:00+09:00,71.19999694824219,76.53333282470703,71.19999694824219,74.66666412353516,124500,0.0,0.0
2015-04-06 00:00:00+09:00,72.73332977294922,73.19999694824219,72.73332977294922,73.19999694824219,12000,0.0,0.0
2015-04-07 00:00:00+09:00,73.33333587646484,76.0,72.93333435058594,75.93333435058594,51000,0.0,0.0
2015-04-08 00:00:00+09:00,75.86666870117188,75.86666870117188,72.53333282470703,74.0,54000,0.0,0.0
2015-04-09 00:00:00+09:00,73.46666717529297,75.26666259765625,73.33333587646484,75.26666259765625,85500,0.0,0.0
2015-04-10 00:00:00+09:00,73.26666259765625,74.5999984741211,73.26666259765625,73.73332977294922,13500,0.0,0.0
2015-04-13 00:00:00+09:00,75.19999694824219,75.19999694824219,73.46666717529297,74.46666717529297,4500,0.0,0.0
2015-04-14 00:00:00+09:00,74.0,74.0,74.0,74.0,24000,0.0,0.0
2015-04-15 00:00:00+09:00,74.0,74.86666870117188,73.66666412353516,73.66666412353516,39000,0.0,0.0
2015-04-16 00:00:00+09:00,73.66666412353516,77.93333435058594,73.66666412353516,77.33333587646484,213000,0.0,0.0
2015-04-17 00:00:00+09:00,77.33333587646484,77.93333435058594,77.33333587646484,77.93333435058594,9000,0.0,0.0
2015-04-20 00:00:00+09:00,74.13333129882812,77.13333129882812,74.13333129882812,76.33333587646484,22500,0.0,0.0
2015-04-21 00:00:00+09:00,74.4000015258789,76.19999694824219,74.4000015258789,74.46666717529297,34500,0.0,0.0
2015-04-22 00:00:00+09:00,75.66666412353516,76.0,74.4000015258789,74.5999984741211,18000,0.0,0.0
2015-04-23 00:00:00+09:00,75.80000305175781,75.80000305175781,74.19999694824219,74.19999694824219,30000,0.0,0.0
2015-04-24 00:00:00+09:00,74.19999694824219,74.19999694824219,74.06666564941406,74.06666564941406,201000,0.0,0.0
2015-04-27 00:00:00+09:00,74.26666259765625,74.5999984741211,74.06666564941406,74.5999984741211,16500,0.0,0.0
2015-04-28 00:00:00+09:00,74.66666412353516,74.66666412353516,73.73332977294922,73.73332977294922,4500,0.0,0.0
2015-04-30 00:00:00+09:00,73.73332977294922,73.73332977294922,72.93333435058594,72.93333435058594,43500,0.0,0.0
2015-05-01 00:00:00+09:00,73.06666564941406,73.80000305175781,72.86666870117188,73.80000305175781,22500,0.0,0.0
2015-05-07 00:00:00+09:00,73.80000305175781,74.66666412353516,73.06666564941406,73.33333587646484,9000,0.0,0.0
2015-05-08 00:00:00+09:00,73.33333587646484,73.33333587646484,73.33333587646484,73.33333587646484,21000,0.0,0.0
2015-05-11 00:00:00+09:00,75.26666259765625,75.26666259765625,75.0,75.19999694824219,9000,0.0,0.0
2015-05-12 00:00:00+09:00,75.19999694824219,76.66666412353516,75.19999694824219,76.66666412353516,24000,0.0,0.0
2015-05-13 00:00:00+09:00,72.86666870117188,77.19999694824219,72.86666870117188,77.19999694824219,70500,0.0,0.0
2015-05-14 00:00:00+09:00,77.19999694824219,78.33333587646484,77.19999694824219,77.66666412353516,33000,0.0,0.0
2015-05-15 00:00:00+09:00,77.66666412353516,77.66666412353516,76.19999694824219,76.33333587646484,15000,0.0,0.0
2015-05-18 00:00:00+09:00,76.0,76.0,74.66666412353516,74.66666412353516,25500,0.0,0.0
2015-05-19 00:00:00+09:00,76.5999984741211,76.5999984741211,76.5999984741211,76.5999984741211,1500,0.0,0.0
2015-05-20 00:00:00+09:00,74.73332977294922,74.73332977294922,74.73332977294922,74.73332977294922,1500,0.0,0.0
2015-05-21 00:00:00+09:00,76.46666717529297,76.46666717529297,74.80000305175781,74.80000305175781,7500,0.0,0.0
2015-05-22 00:00:00+09:00,74.80000305175781,74.80000305175781,74.80000305175781,74.80000305175781,0,0.0,0.0
2015-05-25 00:00:00+09:00,75.33333587646484,75.33333587646484,74.06666564941406,74.73332977294922,18000,0.0,0.0
2015-05-26 00:00:00+09:00,76.53333282470703,76.66666412353516,76.26666259765625,76.66666412353516,15000,0.0,0.0
2015-05-27 00:00:00+09:00,77.19999694824219,77.19999694824219,75.19999694824219,75.46666717529297,9000,0.0,0.0
2015-05-28 00:00:00+09:00,75.66666412353516,77.93333435058594,75.66666412353516,77.93333435058594,6000,0.0,0.0
2015-05-29 00:00:00+09:00,77.13333129882812,77.13333129882812,77.13333129882812,77.13333129882812,1500,0.0,0.0
2015-06-01 00:00:00+09:00,77.13333129882812,77.86666870117188,75.4000015258789,77.86666870117188,25500,0.0,0.0
2015-06-02 00:00:00+09:00,75.86666870117188,76.86666870117188,75.86666870117188,76.86666870117188,24000,0.0,0.0
2015-06-03 00:00:00+09:00,76.66666412353516,76.86666870117188,76.26666259765625,76.26666259765625,21000,0.0,0.0
2015-06-04 00:00:00+09:00,76.0,76.33333587646484,75.86666870117188,75.86666870117188,43500,0.0,0.0
2015-06-05 00:00:00+09:00,75.4000015258789,75.80000305175781,75.33333587646484,75.80000305175781,16500,0.0,0.0
2015-06-08 00:00:00+09:00,76.66666412353516,81.33333587646484,76.66666412353516,78.46666717529297,93000,0.0,0.0
2015-06-09 00:00:00+09:00,78.46666717529297,78.46666717529297,77.06666564941406,77.33333587646484,27000,0.0,0.0
2015-06-10 00:00:00+09:00,77.33333587646484,79.93333435058594,77.33333587646484,78.13333129882812,49500,0.0,0.0
2015-06-11 00:00:00+09:00,77.73332977294922,79.73332977294922,77.73332977294922,78.73332977294922,6000,0.0,0.0
2015-06-12 00:00:00+09:00,77.86666870117188,79.66666412353516,77.86666870117188,79.26666259765625,42000,0.0,0.0
2015-06-15 00:00:00+09:00,79.86666870117188,83.66666412353516,79.86666870117188,81.66666412353516,55500,0.0,0.0
2015-06-16 00:00:00+09:00,79.66666412353516,81.33333587646484,79.0,80.66666412353516,36000,0.0,0.0
2015-06-17 00:00:00+09:00,81.4000015258789,81.4000015258789,81.33333587646484,81.33333587646484,12000,0.0,0.0
2015-06-18 00:00:00+09:00,81.19999694824219,81.19999694824219,79.4000015258789,80.4000015258789,12000,0.0,0.0
2015-06-19 00:00:00+09:00,81.0,81.0,80.46666717529297,81.0,21000,0.0,0.0
2015-06-22 00:00:00+09:00,81.19999694824219,81.46666717529297,79.86666870117188,80.93333435058594,6000,0.0,0.0
2015-06-23 00:00:00+09:00,81.0,85.26666259765625,81.0,84.46666717529297,36000,0.0,0.0
2015-06-24 00:00:00+09:00,85.86666870117188,86.0,84.0,85.33333587646484,21000,0.0,0.0
2015-06-25 00:00:00+09:00,86.26666259765625,86.66666412353516,84.66666412353516,86.53333282470703,16500,0.0,0.0
2015-06-26 00:00:00+09:00,87.26666259765625,87.33333587646484,83.0,83.0,34500,0.0,0.0
2015-06-29 00:00:00+09:00,80.66666412353516,82.93333435058594,78.13333129882812,82.93333435058594,78000,0.0,0.0
2015-06-30 00:00:00+09:00,82.93333435058594,82.93333435058594,80.0,80.66666412353516,9000,0.0,0.0
2015-07-01 00:00:00+09:00,80.93333435058594,83.33333587646484,80.93333435058594,83.33333587646484,6000,0.0,0.0
2015-07-02 00:00:00+09:00,81.53333282470703,84.5999984741211,81.53333282470703,81.73332977294922,13500,0.0,0.0
2015-07-03 00:00:00+09:00,81.53333282470703,82.66666412353516,81.53333282470703,82.13333129882812,9000,0.0,0.0
2015-07-06 00:00:00+09:00,82.13333129882812,82.13333129882812,78.80000305175781,82.0,42000,0.0,0.0
2015-07-07 00:00:00+09:00,82.0,82.0,82.0,82.0,6000,0.0,0.0
2015-07-08 00:00:00+09:00,83.19999694824219,83.19999694824219,76.0,80.0,34500,0.0,0.0
2015-07-09 00:00:00+09:00,79.80000305175781,79.80000305175781,74.0,79.19999694824219,172500,0.0,0.0
2015-07-10 00:00:00+09:00,77.19999694824219,81.19999694824219,77.19999694824219,81.06666564941406,12000,0.0,0.0
2015-07-13 00:00:00+09:00,80.4000015258789,86.0,80.4000015258789,83.19999694824219,111000,0.0,0.0
2015-07-14 00:00:00+09:00,85.19999694824219,86.66666412353516,84.46666717529297,85.93333435058594,22500,0.0,0.0
2015-07-15 00:00:00+09:00,85.93333435058594,87.66666412353516,85.33333587646484,87.0,19500,0.0,0.0
2015-07-16 00:00:00+09:00,86.5999984741211,86.5999984741211,84.5999984741211,86.33333587646484,31500,0.0,0.0
2015-07-17 00:00:00+09:00,86.0,86.46666717529297,86.0,86.46666717529297,4500,0.0,0.0
2015-07-21 00:00:00+09:00,86.66666412353516,86.66666412353516,83.13333129882812,84.53333282470703,21000,0.0,0.0
2015-07-22 00:00:00+09:00,82.0,83.53333282470703,82.0,83.53333282470703,12000,0.0,0.0
2015-07-23 00:00:00+09:00,83.53333282470703,84.0,81.26666259765625,83.4000015258789,28500,0.0,0.0
2015-07-24 00:00:00+09:00,84.0,84.0,81.33333587646484,83.26666259765625,16500,0.0,0.0
2015-07-27 00:00:00+09:00,84.93333435058594,84.93333435058594,82.80000305175781,82.80000305175781,7500,0.0,0.0
2015-07-28 00:00:00+09:00,80.80000305175781,83.33333587646484,79.46666717529297,80.80000305175781,13500,0.0,0.0
2015-07-29 00:00:00+09:00,80.66666412353516,80.66666412353516,80.66666412353516,80.66666412353516,4500,0.0,0.0
2015-07-30 00:00:00+09:00,78.80000305175781,83.86666870117188,78.80000305175781,83.86666870117188,3000,0.0,0.0
2015-07-31 00:00:00+09:00,82.66666412353516,84.0,82.0,82.0,10500,0.0,0.0
2015-08-03 00:00:00+09:00,82.0,82.0,82.0,82.0,0,0.0,0.0
2015-08-04 00:00:00+09:00,81.66666412353516,81.66666412353516,81.66666412353516,81.66666412353516,4500,0.0,0.0
2015-08-05 00:00:00+09:00,73.26666259765625,73.26666259765625,67.33333587646484,71.33333587646484,712500,0.0,0.0
2015-08-06 00:00:00+09:00,71.80000305175781,71.80000305175781,65.86666870117188,65.86666870117188,187500,0.0,0.0
2015-08-07 00:00:00+09:00,64.86666870117188,65.53333282470703,62.06666564941406,65.13333129882812,148500,0.0,0.0
2015-08-10 00:00:00+09:00,65.13333129882812,65.13333129882812,63.0,63.0,40500,0.0,0.0
2015-08-11 00:00:00+09:00,63.0,63.0,59.266666412353516,61.79999923706055,138000,0.0,0.0
2015-08-12 00:00:00+09:00,63.33333206176758,63.33333206176758,61.33333206176758,63.20000076293945,72000,0.0,0.0
2015-08-13 00:00:00+09:00,63.20000076293945,63.20000076293945,61.06666564941406,63.133331298828125,16500,0.0,0.0
2015-08-14 00:00:00+09:00,62.20000076293945,62.20000076293945,61.133331298828125,61.79999923706055,16500,0.0,0.0
2015-08-17 00:00:00+09:00,62.599998474121094,62.86666488647461,62.0,62.0,12000,0.0,0.0
2015-08-18 00:00:00+09:00,61.266666412353516,61.599998474121094,61.0,61.133331298828125,30000,0.0,0.0
2015-08-19 00:00:00+09:00,61.33333206176758,61.33333206176758,60.33333206176758,60.33333206176758,40500,0.0,0.0
2015-08-20 00:00:00+09:00,60.0,60.0,59.33333206176758,59.33333206176758,24000,0.0,0.0
2015-08-21 00:00:00+09:00,57.33333206176758,58.0,56.666664123535156,56.666664123535156,61500,0.0,0.0
2015-08-24 00:00:00+09:00,56.33333206176758,56.33333206176758,49.0,49.0,186000,0.0,0.0
2015-08-25 00:00:00+09:00,52.0,52.46666717529297,43.33333206176758,52.46666717529297,252000,0.0,0.0
2015-08-26 00:00:00+09:00,54.33333206176758,54.33333206176758,50.33333206176758,52.266666412353516,177000,0.0,0.0
2015-08-27 00:00:00+09:00,55.266666412353516,55.33333206176758,52.733333587646484,53.0,24000,0.0,0.0
2015-08-28 00:00:00+09:00,52.0,53.33333206176758,50.53333282470703,52.53333282470703,40500,0.0,0.0
2015-08-31 00:00:00+09:00,50.53333282470703,50.666664123535156,50.33333206176758,50.599998474121094,19500,0.0,0.0
2015-09-01 00:00:00+09:00,53.20000076293945,53.20000076293945,50.666664123535156,50.733333587646484,22500,0.0,0.0
2015-09-02 00:00:00+09:00,50.666664123535156,50.733333587646484,50.33333206176758,50.733333587646484,13500,0.0,0.0
2015-09-03 00:00:00+09:00,50.733333587646484,50.79999923706055,49.93333435058594,50.79999923706055,31500,0.0,0.0
2015-09-04 00:00:00+09:00,51.666664123535156,51.666664123535156,50.06666564941406,50.06666564941406,15000,0.0,0.0
2015-09-07 00:00:00+09:00,51.06666564941406,51.06666564941406,47.33333206176758,48.33333206176758,7500,0.0,0.0
2015-09-08 00:00:00+09:00,48.33333206176758,48.33333206176758,46.666664123535156,46.666664123535156,57000,0.0,0.0
2015-09-09 00:00:00+09:00,46.733333587646484,49.400001525878906,46.733333587646484,49.400001525878906,7500,0.0,0.0
2015-09-10 00:00:00+09:00,50.0,50.0,50.0,50.0,6000,0.0,0.0
2015-09-11 00:00:00+09:00,48.0,49.0,48.0,49.0,9000,0.0,0.0
2015-09-14 00:00:00+09:00,49.0,51.666664123535156,47.0,51.46666717529297,54000,0.0,0.0
2015-09-15 00:00:00+09:00,51.46666717529297,51.53333282470703,47.666664123535156,47.666664123535156,27000,0.0,0.0
2015-09-16 00:00:00+09:00,48.20000076293945,48.266666412353516,47.733333587646484,48.0,16500,0.0,0.0
2015-09-17 00:00:00+09:00,49.666664123535156,50.0,48.0,48.20000076293945,39000,0.0,0.0
2015-09-18 00:00:00+09:00,48.133331298828125,48.20000076293945,48.06666564941406,48.06666564941406,7500,0.0,0.0
2015-09-24 00:00:00+09:00,47.733333587646484,47.733333587646484,46.79999923706055,46.79999923706055,6000,0.0,0.0
2015-09-25 00:00:00+09:00,46.0,46.33333206176758,46.0,46.0,15000,0.0,0.0
2015-09-28 00:00:00+09:00,47.0,47.0,46.733333587646484,47.0,12000,0.0,0.0
2015-09-29 00:00:00+09:00,46.733333587646484,47.733333587646484,46.733333587646484,46.79999923706055,7500,0.0,0.0
2015-09-30 00:00:00+09:00,48.33333206176758,48.33333206176758,48.33333206176758,48.33333206176758,1500,0.0,0.0
2015-10-01 00:00:00+09:00,49.0,49.0,48.666664123535156,48.666664123535156,6000,0.0,0.0
2015-10-02 00:00:00+09:00,46.733333587646484,47.733333587646484,46.733333587646484,47.0,12000,0.0,0.0
2015-10-05 00:00:00+09:00,46.133331298828125,47.46666717529297,46.133331298828125,47.46666717529297,12000,0.0,0.0
2015-10-06 00:00:00+09:00,47.666664123535156,48.33333206176758,47.666664123535156,48.33333206176758,16500,0.0,0.0
2015-10-07 00:00:00+09:00,48.133331298828125,48.666664123535156,48.133331298828125,48.666664123535156,13500,0.0,0.0
2015-10-08 00:00:00+09:00,49.0,50.0,48.06666564941406,49.06666564941406,19500,0.0,0.0
2015-10-09 00:00:00+09:00,48.06666564941406,50.33333206176758,48.06666564941406,50.33333206176758,6000,0.0,0.0
2015-10-13 00:00:00+09:00,53.266666412353516,53.266666412353516,50.266666412353516,50.266666412353516,16500,0.0,0.0
2015-10-14 00:00:00+09:00,50.06666564941406,50.06666564941406,50.06666564941406,50.06666564941406,1500,0.0,0.0
2015-10-15 00:00:00+09:00,49.400001525878906,50.266666412353516,48.133331298828125,48.93333435058594,256500,0.0,0.0
2015-10-16 00:00:00+09:00,51.93333435058594,51.93333435058594,51.93333435058594,51.93333435058594,9000,0.0,0.0
2015-10-19 00:00:00+09:00,51.93333435058594,51.93333435058594,50.0,50.666664123535156,7500,0.0,0.0
2015-10-20 00:00:00+09:00,50.666664123535156,50.666664123535156,50.666664123535156,50.666664123535156,0,0.0,0.0
2015-10-21 00:00:00+09:00,48.666664123535156,49.599998474121094,48.666664123535156,49.599998474121094,21000,0.0,0.0
2015-10-22 00:00:00+09:00,48.599998474121094,49.599998474121094,48.599998474121094,48.666664123535156,12000,0.0,0.0
2015-10-23 00:00:00+09:00,48.266666412353516,48.599998474121094,48.266666412353516,48.46666717529297,15000,0.0,0.0
2015-10-26 00:00:00+09:00,49.20000076293945,49.20000076293945,48.20000076293945,48.33333206176758,124500,0.0,0.0
2015-10-27 00:00:00+09:00,48.33333206176758,48.93333435058594,48.266666412353516,48.93333435058594,43500,0.0,0.0
2015-10-28 00:00:00+09:00,48.93333435058594,50.666664123535156,48.33333206176758,49.33333206176758,147000,0.0,0.0
2015-10-29 00:00:00+09:00,48.400001525878906,49.33333206176758,48.400001525878906,49.33333206176758,10500,0.0,0.0
2015-10-30 00:00:00+09:00,49.33333206176758,49.33333206176758,49.33333206176758,49.33333206176758,7500,0.0,0.0
2015-11-02 00:00:00+09:00,49.33333206176758,49.33333206176758,48.33333206176758,48.33333206176758,6000,0.0,0.0
2015-11-04 00:00:00+09:00,48.33333206176758,48.33333206176758,48.33333206176758,48.33333206176758,12000,0.0,0.0
2015-11-05 00:00:00+09:00,48.33333206176758,48.33333206176758,47.400001525878906,47.400001525878906,7500,0.0,0.0
2015-11-06 00:00:00+09:00,46.666664123535156,47.400001525878906,46.666664123535156,47.266666412353516,72000,0.0,0.0
2015-11-09 00:00:00+09:00,47.20000076293945,47.266666412353516,47.20000076293945,47.20000076293945,18000,0.0,0.0
2015-11-10 00:00:00+09:00,45.53333282470703,46.20000076293945,45.53333282470703,46.0,19500,0.0,0.0
2015-11-11 00:00:00+09:00,45.666664123535156,45.666664123535156,44.666664123535156,44.79999923706055,52500,0.0,0.0
2015-11-12 00:00:00+09:00,44.86666488647461,44.86666488647461,44.266666412353516,44.400001525878906,16500,0.0,0.0
2015-11-13 00:00:00+09:00,45.733333587646484,45.733333587646484,45.733333587646484,45.733333587646484,1500,0.0,0.0
2015-11-16 00:00:00+09:00,44.46666717529297,45.33333206176758,44.46666717529297,45.266666412353516,24000,0.0,0.0
2015-11-17 00:00:00+09:00,45.33333206176758,45.33333206176758,45.33333206176758,45.33333206176758,6000,0.0,0.0
2015-11-18 00:00:00+09:00,45.266666412353516,45.266666412353516,45.266666412353516,45.266666412353516,1500,0.0,0.0
2015-11-19 00:00:00+09:00,44.599998474121094,45.86666488647461,44.599998474121094,45.86666488647461,21000,0.0,0.0
2015-11-20 00:00:00+09:00,45.666664123535156,45.666664123535156,44.666664123535156,44.666664123535156,10500,0.0,0.0
2015-11-24 00:00:00+09:00,46.666664123535156,46.666664123535156,44.79999923706055,44.79999923706055,33000,0.0,0.0
2015-11-25 00:00:00+09:00,44.79999923706055,45.400001525878906,44.79999923706055,45.33333206176758,12000,0.0,0.0
2015-11-26 00:00:00+09:00,45.93333435058594,45.93333435058594,45.93333435058594,45.93333435058594,3000,0.0,0.0
2015-11-27 00:00:00+09:00,45.666664123535156,45.666664123535156,45.33333206176758,45.33333206176758,6000,0.0,0.0
2015-11-30 00:00:00+09:00,45.400001525878906,45.400001525878906,45.400001525878906,45.400001525878906,1500,0.0,0.0
2015-12-01 00:00:00+09:00,46.53333282470703,46.53333282470703,45.93333435058594,45.93333435058594,4500,0.0,0.0
2015-12-02 00:00:00+09:00,45.93333435058594,45.93333435058594,45.93333435058594,45.93333435058594,1500,0.0,0.0
2015-12-03 00:00:00+09:00,46.666664123535156,47.400001525878906,46.666664123535156,46.666664123535156,22500,0.0,0.0
2015-12-04 00:00:00+09:00,47.0,47.666664123535156,46.93333435058594,47.666664123535156,42000,0.0,0.0
2015-12-07 00:00:00+09:00,48.0,48.06666564941406,48.0,48.0,84000,0.0,0.0
2015-12-08 00:00:00+09:00,48.266666412353516,48.666664123535156,48.0,48.0,19500,0.0,0.0
2015-12-09 00:00:00+09:00,48.0,48.0,48.0,48.0,0,0.0,0.0
2015-12-10 00:00:00+09:00,46.133331298828125,46.46666717529297,45.79999923706055,46.0,24000,0.0,0.0
2015-12-11 00:00:00+09:00,44.666664123535156,46.599998474121094,44.666664123535156,46.0,57000,0.0,0.0
2015-12-14 00:00:00+09:00,48.666664123535156,48.666664123535156,48.33333206176758,48.33333206176758,40500,0.0,0.0
2015-12-15 00:00:00+09:00,49.0,49.0,46.666664123535156,47.599998474121094,123000,0.0,0.0
2015-12-16 00:00:00+09:00,47.599998474121094,47.599998474121094,47.599998474121094,47.599998474121094,0,0.0,0.0
2015-12-17 00:00:00+09:00,48.33333206176758,48.33333206176758,47.33333206176758,47.33333206176758,7500,0.0,0.0
2015-12-18 00:00:00+09:00,46.79999923706055,46.86666488647461,46.79999923706055,46.86666488647461,18000,0.0,0.0
2015-12-21 00:00:00+09:00,46.86666488647461,46.86666488647461,45.666664123535156,45.666664123535156,31500,0.0,0.0
2015-12-22 00:00:00+09:00,45.666664123535156,45.666664123535156,45.666664123535156,45.666664123535156,0,0.0,0.0
2015-12-24 00:00:00+09:00,45.666664123535156,45.666664123535156,45.666664123535156,45.666664123535156,3000,0.0,0.0
2015-12-25 00:00:00+09:00,45.666664123535156,45.666664123535156,45.666664123535156,45.666664123535156,27000,0.0,0.0
2015-12-28 00:00:00+09:00,46.33333206176758,46.33333206176758,45.599998474121094,45.599998474121094,18000,0.0,0.0
2015-12-29 00:00:00+09:00,46.93333435058594,47.93333435058594,46.93333435058594,47.93333435058594,3000,0.0,0.0
2015-12-30 00:00:00+09:00,46.93333435058594,46.93333435058594,46.93333435058594,46.93333435058594,1500,0.0,0.0
2016-01-04 00:00:00+09:00,47.0,48.0,47.0,47.53333282470703,40500,0.0,0.0
2016-01-05 00:00:00+09:00,46.733333587646484,46.733333587646484,46.733333587646484,46.733333587646484,3000,0.0,0.0
2016-01-06 00:00:00+09:00,46.06666564941406,47.733333587646484,46.06666564941406,47.733333587646484,3000,0.0,0.0
2016-01-07 00:00:00+09:00,46.06666564941406,46.46666717529297,45.666664123535156,46.46666717529297,7500,0.0,0.0
2016-01-08 00:00:00+09:00,46.666664123535156,47.133331298828125,46.666664123535156,46.79999923706055,18000,0.0,0.0
2016-01-12 00:00:00+09:00,45.79999923706055,45.93333435058594,45.79999923706055,45.86666488647461,6000,0.0,0.0
2016-01-13 00:00:00+09:00,45.93333435058594,45.93333435058594,45.93333435058594,45.93333435058594,1500,0.0,0.0
2016-01-14 00:00:00+09:00,45.93333435058594,45.93333435058594,45.93333435058594,45.93333435058594,0,0.0,0.0
2016-01-15 00:00:00+09:00,45.93333435058594,45.93333435058594,45.93333435058594,45.93333435058594,0,0.0,0.0
2016-01-18 00:00:00+09:00,45.599998474121094,45.93333435058594,45.133331298828125,45.93333435058594,25500,0.0,0.0
2016-01-19 00:00:00+09:00,46.599998474121094,46.599998474121094,45.93333435058594,45.93333435058594,3000,0.0,0.0
2016-01-20 00:00:00+09:00,45.33333206176758,45.46666717529297,45.33333206176758,45.33333206176758,6000,0.0,0.0
2016-01-21 00:00:00+09:00,44.0,45.33333206176758,44.0,44.733333587646484,22500,0.0,0.0
2016-01-22 00:00:00+09:00,44.733333587646484,44.733333587646484,44.733333587646484,44.733333587646484,0,0.0,0.0
2016-01-25 00:00:00+09:00,44.733333587646484,44.733333587646484,44.733333587646484,44.733333587646484,0,0.0,0.0
2016-01-26 00:00:00+09:00,47.733333587646484,47.733333587646484,46.06666564941406,46.06666564941406,7500,0.0,0.0
2016-01-27 00:00:00+09:00,46.06666564941406,46.06666564941406,45.400001525878906,46.06666564941406,7500,0.0,0.0
2016-01-28 00:00:00+09:00,46.06666564941406,46.06666564941406,46.06666564941406,46.06666564941406,0,0.0,0.0
2016-01-29 00:00:00+09:00,46.666664123535156,46.666664123535156,46.666664123535156,46.666664123535156,1500,0.0,0.0
2016-02-01 00:00:00+09:00,46.400001525878906,47.06666564941406,46.400001525878906,47.06666564941406,3000,0.0,0.0
2016-02-02 00:00:00+09:00,47.06666564941406,47.266666412353516,47.06666564941406,47.266666412353516,3000,0.0,0.0
2016-02-03 00:00:00+09:00,47.266666412353516,47.266666412353516,47.266666412353516,47.266666412353516,0,0.0,0.0
2016-02-04 00:00:00+09:00,46.666664123535156,46.666664123535156,46.666664123535156,46.666664123535156,1500,0.0,0.0
2016-02-05 00:00:00+09:00,45.666664123535156,46.79999923706055,44.733333587646484,46.79999923706055,10500,0.0,0.0
2016-02-08 00:00:00+09:00,46.79999923706055,46.79999923706055,46.79999923706055,46.79999923706055,0,0.0,0.0
2016-02-09 00:00:00+09:00,46.79999923706055,46.79999923706055,44.46666717529297,45.20000076293945,6000,0.0,0.0
2016-02-10 00:00:00+09:00,44.06666564941406,45.266666412353516,44.0,45.266666412353516,30000,0.0,0.0
2016-02-12 00:00:00+09:00,43.400001525878906,43.400001525878906,42.666664123535156,42.666664123535156,3000,0.0,0.0
2016-02-15 00:00:00+09:00,44.666664123535156,44.666664123535156,44.666664123535156,44.666664123535156,1500,0.0,0.0
2016-02-16 00:00:00+09:00,43.400001525878906,43.400001525878906,43.0,43.0,21000,0.0,0.0
2016-02-17 00:00:00+09:00,43.599998474121094,43.599998474121094,42.0,42.0,25500,0.0,0.0
2016-02-18 00:00:00+09:00,42.666664123535156,43.0,41.53333282470703,43.0,43500,0.0,0.0
2016-02-19 00:00:00+09:00,43.20000076293945,44.33333206176758,43.20000076293945,44.33333206176758,4500,0.0,0.0
2016-02-22 00:00:00+09:00,43.33333206176758,43.33333206176758,42.33333206176758,43.20000076293945,19500,0.0,0.0
2016-02-23 00:00:00+09:00,42.53333282470703,42.53333282470703,41.400001525878906,41.400001525878906,16500,0.0,0.0
2016-02-24 00:00:00+09:00,41.33333206176758,42.0,41.20000076293945,41.46666717529297,19500,0.0,0.0
2016-02-25 00:00:00+09:00,41.733333587646484,42.666664123535156,41.733333587646484,42.0,15000,0.0,0.0
2016-02-26 00:00:00+09:00,43.33333206176758,43.33333206176758,43.0,43.0,10500,0.0,0.0
2016-02-29 00:00:00+09:00,43.0,43.0,43.0,43.0,0,0.0,0.0
2016-03-01 00:00:00+09:00,43.0,43.0,43.0,43.0,0,0.0,0.0
2016-03-02 00:00:00+09:00,43.93333435058594,43.93333435058594,43.93333435058594,43.93333435058594,4500,0.0,0.0
2016-03-03 00:00:00+09:00,44.53333282470703,44.53333282470703,44.53333282470703,44.53333282470703,1500,0.0,0.0
2016-03-04 00:00:00+09:00,44.53333282470703,49.33333206176758,44.53333282470703,49.266666412353516,69000,0.0,0.0
2016-03-07 00:00:00+09:00,51.0,51.0,45.599998474121094,47.400001525878906,46500,0.0,0.0
2016-03-08 00:00:00+09:00,48.33333206176758,48.33333206176758,46.733333587646484,46.86666488647461,313500,0.0,0.0
2016-03-09 00:00:00+09:00,46.86666488647461,46.86666488647461,46.86666488647461,46.86666488647461,0,0.0,0.0
2016-03-10 00:00:00+09:00,46.86666488647461,47.666664123535156,46.86666488647461,46.86666488647461,9000,0.0,0.0
2016-03-11 00:00:00+09:00,46.733333587646484,46.733333587646484,43.86666488647461,43.86666488647461,64500,0.0,0.0
2016-03-14 00:00:00+09:00,43.93333435058594,45.0,43.93333435058594,45.0,27000,0.0,0.0
2016-03-15 00:00:00+09:00,45.133331298828125,46.46666717529297,45.133331298828125,46.46666717529297,3000,0.0,0.0
2016-03-16 00:00:00+09:00,46.53333282470703,46.733333587646484,44.666664123535156,44.666664123535156,16500,0.0,0.0
2016-03-17 00:00:00+09:00,45.06666564941406,45.06666564941406,45.06666564941406,45.06666564941406,1500,0.0,0.0
2016-03-18 00:00:00+09:00,45.400001525878906,45.400001525878906,45.400001525878906,45.400001525878906,15000,0.0,0.0
2016-03-22 00:00:00+09:00,45.53333282470703,45.53333282470703,44.86666488647461,45.46666717529297,10500,0.0,0.0
2016-03-23 00:00:00+09:00,44.400001525878906,45.46666717529297,44.400001525878906,45.46666717529297,78000,0.0,0.0
2016-03-24 00:00:00+09:00,45.46666717529297,47.266666412353516,45.46666717529297,47.20000076293945,10500,0.0,0.0
2016-03-25 00:00:00+09:00,47.266666412353516,48.0,47.266666412353516,47.400001525878906,9000,0.0,0.0
2016-03-28 00:00:00+09:00,48.400001525878906,48.400001525878906,47.33333206176758,47.33333206176758,9000,0.0,0.0
2016-03-29 00:00:00+09:00,47.133331298828125,47.79999923706055,47.133331298828125,47.33333206176758,7500,0.0,0.0
2016-03-30 00:00:00+09:00,47.400001525878906,48.33333206176758,47.400001525878906,47.733333587646484,13500,0.0,0.0
2016-03-31 00:00:00+09:00,47.06666564941406,50.20000076293945,47.06666564941406,49.20000076293945,27000,0.0,0.0
2016-04-01 00:00:00+09:00,51.20000076293945,51.20000076293945,47.400001525878906,47.93333435058594,75000,0.0,0.0
2016-04-04 00:00:00+09:00,47.20000076293945,47.93333435058594,46.93333435058594,47.133331298828125,42000,0.0,0.0
2016-04-05 00:00:00+09:00,46.666664123535156,46.666664123535156,43.0,43.33333206176758,69000,0.0,0.0
2016-04-06 00:00:00+09:00,43.33333206176758,45.0,43.33333206176758,45.0,27000,0.0,0.0
2016-04-07 00:00:00+09:00,44.33333206176758,44.33333206176758,43.733333587646484,43.733333587646484,3000,0.0,0.0
2016-04-08 00:00:00+09:00,43.33333206176758,45.33333206176758,43.33333206176758,45.20000076293945,21000,0.0,0.0
2016-04-11 00:00:00+09:00,44.666664123535156,46.33333206176758,44.666664123535156,46.33333206176758,9000,0.0,0.0
2016-04-12 00:00:00+09:00,46.666664123535156,48.666664123535156,46.666664123535156,48.666664123535156,22500,0.0,0.0
2016-04-13 00:00:00+09:00,48.53333282470703,48.53333282470703,48.53333282470703,48.53333282470703,9000,0.0,0.0
2016-04-14 00:00:00+09:00,47.53333282470703,50.33333206176758,47.53333282470703,47.733333587646484,30000,0.0,0.0
2016-04-15 00:00:00+09:00,47.86666488647461,47.86666488647461,47.86666488647461,47.86666488647461,1500,0.0,0.0
2016-04-18 00:00:00+09:00,46.86666488647461,48.0,46.666664123535156,47.46666717529297,28500,0.0,0.0
2016-04-19 00:00:00+09:00,47.46666717529297,47.46666717529297,47.46666717529297,47.46666717529297,0,0.0,0.0
2016-04-20 00:00:00+09:00,47.93333435058594,48.599998474121094,47.0,47.20000076293945,19500,0.0,0.0
2016-04-21 00:00:00+09:00,46.79999923706055,46.79999923706055,46.79999923706055,46.79999923706055,3000,0.0,0.0
2016-04-22 00:00:00+09:00,47.93333435058594,48.0,47.400001525878906,47.46666717529297,15000,0.0,0.0
2016-04-25 00:00:00+09:00,49.0,49.0,47.46666717529297,47.46666717529297,13500,0.0,0.0
2016-04-26 00:00:00+09:00,47.46666717529297,47.46666717529297,47.400001525878906,47.46666717529297,10500,0.0,0.0
2016-04-27 00:00:00+09:00,48.46666717529297,49.33333206176758,48.46666717529297,48.46666717529297,22500,0.0,0.0
2016-04-28 00:00:00+09:00,47.46666717529297,47.666664123535156,46.733333587646484,47.266666412353516,25500,0.0,0.0
2016-05-02 00:00:00+09:00,47.06666564941406,47.266666412353516,47.06666564941406,47.266666412353516,4500,0.0,0.0
2016-05-06 00:00:00+09:00,47.33333206176758,48.599998474121094,47.33333206176758,48.599998474121094,4500,0.0,0.0
2016-05-09 00:00:00+09:00,48.33333206176758,48.666664123535156,47.666664123535156,47.666664123535156,51000,0.0,0.0
2016-05-10 00:00:00+09:00,49.133331298828125,49.133331298828125,48.133331298828125,49.133331298828125,12000,0.0,0.0
2016-05-11 00:00:00+09:00,49.33333206176758,51.0,49.33333206176758,49.33333206176758,31500,0.0,0.0
2016-05-12 00:00:00+09:00,47.400001525878906,47.86666488647461,46.733333587646484,47.400001525878906,51000,0.0,0.0
2016-05-13 00:00:00+09:00,47.0,47.666664123535156,46.33333206176758,46.33333206176758,36000,0.0,0.0
2016-05-16 00:00:00+09:00,45.666664123535156,45.666664123535156,45.666664123535156,45.666664123535156,3000,0.0,0.0
2016-05-17 00:00:00+09:00,46.33333206176758,46.33333206176758,46.33333206176758,46.33333206176758,3000,0.0,0.0
2016-05-18 00:00:00+09:00,45.733333587646484,46.666664123535156,44.0,44.06666564941406,61500,0.0,0.0
2016-05-19 00:00:00+09:00,45.33333206176758,45.33333206176758,44.666664123535156,44.666664123535156,16500,0.0,0.0
2016-05-20 00:00:00+09:00,45.33333206176758,45.666664123535156,44.599998474121094,44.599998474121094,22500,0.0,0.0
2016-05-23 00:00:00+09:00,45.93333435058594,46.599998474121094,45.93333435058594,46.599998474121094,3000,0.0,0.0
2016-05-24 00:00:00+09:00,46.599998474121094,46.599998474121094,46.599998474121094,46.599998474121094,0,0.0,0.0
2016-05-25 00:00:00+09:00,45.400001525878906,45.666664123535156,45.0,45.20000076293945,16500,0.0,0.0
2016-05-26 00:00:00+09:00,45.20000076293945,45.20000076293945,43.86666488647461,43.86666488647461,27000,0.0,0.0
2016-05-27 00:00:00+09:00,44.53333282470703,44.733333587646484,43.86666488647461,44.733333587646484,33000,0.0,0.0
2016-05-30 00:00:00+09:00,44.733333587646484,44.86666488647461,43.33333206176758,43.33333206176758,37500,0.0,0.0
2016-05-31 00:00:00+09:00,43.400001525878906,45.0,43.400001525878906,45.0,10500,0.0,0.0
2016-06-01 00:00:00+09:00,44.33333206176758,44.33333206176758,43.33333206176758,43.33333206176758,58500,0.0,0.0
2016-06-02 00:00:00+09:00,43.33333206176758,43.93333435058594,42.46666717529297,42.46666717529297,73500,0.0,0.0
2016-06-03 00:00:00+09:00,43.133331298828125,43.133331298828125,41.93333435058594,41.93333435058594,64500,0.0,0.0
2016-06-06 00:00:00+09:00,42.20000076293945,42.20000076293945,42.20000076293945,42.20000076293945,1500,0.0,0.0
2016-06-07 00:00:00+09:00,42.46666717529297,42.93333435058594,42.33333206176758,42.33333206176758,16500,0.0,0.0
2016-06-08 00:00:00+09:00,42.06666564941406,42.133331298828125,41.400001525878906,41.400001525878906,75000,0.0,0.0
2016-06-09 00:00:00+09:00,42.666664123535156,42.666664123535156,42.666664123535156,42.666664123535156,1500,0.0,0.0
2016-06-10 00:00:00+09:00,41.733333587646484,41.733333587646484,41.53333282470703,41.53333282470703,15000,0.0,0.0
2016-06-13 00:00:00+09:00,42.20000076293945,42.20000076293945,41.133331298828125,41.133331298828125,52500,0.0,0.0
2016-06-14 00:00:00+09:00,41.06666564941406,41.666664123535156,39.53333282470703,39.53333282470703,90000,0.0,0.0
2016-06-15 00:00:00+09:00,39.53333282470703,43.53333282470703,39.33333206176758,39.400001525878906,91500,0.0,0.0
2016-06-16 00:00:00+09:00,39.20000076293945,39.20000076293945,38.133331298828125,38.133331298828125,34500,0.0,0.0
2016-06-17 00:00:00+09:00,38.133331298828125,40.0,38.133331298828125,39.20000076293945,25500,0.0,0.0
2016-06-20 00:00:00+09:00,39.86666488647461,39.86666488647461,37.53333282470703,37.53333282470703,141000,0.0,0.0
2016-06-21 00:00:00+09:00,38.86666488647461,39.06666564941406,38.20000076293945,38.20000076293945,19500,0.0,0.0
2016-06-22 00:00:00+09:00,39.53333282470703,39.53333282470703,38.86666488647461,38.86666488647461,3000,0.0,0.0
2016-06-23 00:00:00+09:00,39.0,39.266666412353516,38.86666488647461,38.86666488647461,10500,0.0,0.0
2016-06-24 00:00:00+09:00,38.666664123535156,39.06666564941406,36.400001525878906,36.400001525878906,49500,0.0,0.0
2016-06-27 00:00:00+09:00,37.733333587646484,37.733333587646484,35.266666412353516,35.266666412353516,94500,0.0,0.0
2016-06-28 00:00:00+09:00,35.266666412353516,35.666664123535156,33.06666564941406,34.33333206176758,75000,0.0,0.0
2016-06-29 00:00:00+09:00,35.33333206176758,36.0,35.33333206176758,35.33333206176758,4500,0.0,0.0
2016-06-30 00:00:00+09:00,34.666664123535156,35.33333206176758,33.733333587646484,33.79999923706055,79500,0.0,0.0
2016-07-01 00:00:00+09:00,33.733333587646484,34.33333206176758,33.53333282470703,33.86666488647461,42000,0.0,0.0
2016-07-04 00:00:00+09:00,34.46666717529297,34.46666717529297,34.0,34.46666717529297,13500,0.0,0.0
2016-07-05 00:00:00+09:00,34.266666412353516,34.33333206176758,33.53333282470703,34.0,28500,0.0,0.0
2016-07-06 00:00:00+09:00,33.266666412353516,34.599998474121094,33.20000076293945,34.599998474121094,25500,0.0,0.0
2016-07-07 00:00:00+09:00,33.666664123535156,34.33333206176758,33.666664123535156,34.0,10500,0.0,0.0
2016-07-08 00:00:00+09:00,34.666664123535156,34.666664123535156,34.666664123535156,34.666664123535156,4500,0.0,0.0
2016-07-11 00:00:00+09:00,34.666664123535156,34.666664123535156,34.666664123535156,34.666664123535156,0,0.0,0.0
2016-07-12 00:00:00+09:00,35.0,36.0,34.666664123535156,34.79999923706055,40500,0.0,0.0
2016-07-13 00:00:00+09:00,35.46666717529297,35.46666717529297,34.666664123535156,34.93333435058594,25500,0.0,0.0
2016-07-14 00:00:00+09:00,34.666664123535156,34.666664123535156,33.266666412353516,34.266666412353516,73500,0.0,0.0
2016-07-15 00:00:00+09:00,33.86666488647461,33.86666488647461,33.86666488647461,33.86666488647461,4500,0.0,0.0
2016-07-19 00:00:00+09:00,34.53333282470703,34.93333435058594,34.266666412353516,34.266666412353516,25500,0.0,0.0
2016-07-20 00:00:00+09:00,34.266666412353516,34.86666488647461,34.0,34.86666488647461,9000,0.0,0.0
2016-07-21 00:00:00+09:00,34.93333435058594,35.33333206176758,34.93333435058594,34.93333435058594,25500,0.0,0.0
2016-07-22 00:00:00+09:00,34.93333435058594,34.93333435058594,34.93333435058594,34.93333435058594,0,0.0,0.0
2016-07-25 00:00:00+09:00,34.93333435058594,35.20000076293945,34.93333435058594,35.20000076293945,3000,0.0,0.0
2016-07-26 00:00:00+09:00,35.666664123535156,35.86666488647461,35.599998474121094,35.86666488647461,49500,0.0,0.0
2016-07-27 00:00:00+09:00,35.86666488647461,35.86666488647461,35.86666488647461,35.86666488647461,0,0.0,0.0
2016-07-28 00:00:00+09:00,34.79999923706055,34.79999923706055,34.79999923706055,34.79999923706055,1500,0.0,0.0
2016-07-29 00:00:00+09:00,35.93333435058594,35.93333435058594,35.93333435058594,35.93333435058594,7500,0.0,0.0
2016-08-01 00:00:00+09:00,35.93333435058594,36.06666564941406,35.266666412353516,35.93333435058594,25500,0.0,0.0
2016-08-02 00:00:00+09:00,35.33333206176758,35.33333206176758,35.33333206176758,35.33333206176758,9000,0.0,0.0
2016-08-03 00:00:00+09:00,35.33333206176758,35.33333206176758,35.33333206176758,35.33333206176758,0,0.0,0.0
2016-08-04 00:00:00+09:00,35.33333206176758,35.33333206176758,35.33333206176758,35.33333206176758,0,0.0,0.0
2016-08-05 00:00:00+09:00,36.0,36.0,35.93333435058594,35.93333435058594,36000,0.0,0.0
2016-08-08 00:00:00+09:00,35.93333435058594,35.93333435058594,35.93333435058594,35.93333435058594,0,0.0,0.0
2016-08-09 00:00:00+09:00,35.266666412353516,35.266666412353516,35.266666412353516,35.266666412353516,1500,0.0,0.0
2016-08-10 00:00:00+09:00,35.93333435058594,35.93333435058594,35.93333435058594,35.93333435058594,1500,0.0,0.0
2016-08-12 00:00:00+09:00,36.33333206176758,36.33333206176758,35.400001525878906,35.400001525878906,4500,0.0,0.0
2016-08-15 00:00:00+09:00,35.400001525878906,36.0,35.400001525878906,36.0,3000,0.0,0.0
2016-08-16 00:00:00+09:00,36.666664123535156,38.599998474121094,34.46666717529297,34.733333587646484,58500,0.0,0.0
2016-08-17 00:00:00+09:00,34.733333587646484,36.0,34.733333587646484,35.133331298828125,7500,0.0,0.0
2016-08-18 00:00:00+09:00,34.86666488647461,34.86666488647461,34.86666488647461,34.86666488647461,1500,0.0,0.0
2016-08-19 00:00:00+09:00,34.86666488647461,34.86666488647461,34.86666488647461,34.86666488647461,0,0.0,0.0
2016-08-22 00:00:00+09:00,34.86666488647461,35.46666717529297,34.86666488647461,35.46666717529297,3000,0.0,0.0
2016-08-23 00:00:00+09:00,35.53333282470703,35.53333282470703,34.86666488647461,35.53333282470703,4500,0.0,0.0
2016-08-24 00:00:00+09:00,36.599998474121094,36.666664123535156,36.599998474121094,36.599998474121094,9000,0.0,0.0
2016-08-25 00:00:00+09:00,36.53333282470703,36.53333282470703,36.53333282470703,36.53333282470703,1500,0.0,0.0
2016-08-26 00:00:00+09:00,36.53333282470703,37.06666564941406,36.20000076293945,36.20000076293945,66000,0.0,0.0
2016-08-29 00:00:00+09:00,36.20000076293945,36.666664123535156,36.20000076293945,36.266666412353516,12000,0.0,0.0
2016-08-30 00:00:00+09:00,35.0,35.0,33.46666717529297,33.599998474121094,124500,0.0,0.0
2016-08-31 00:00:00+09:00,33.733333587646484,33.93333435058594,33.733333587646484,33.79999923706055,27000,0.0,0.0
2016-09-01 00:00:00+09:00,33.79999923706055,33.79999923706055,33.79999923706055,33.79999923706055,0,0.0,0.0
2016-09-02 00:00:00+09:00,34.133331298828125,34.133331298828125,33.93333435058594,33.93333435058594,9000,0.0,0.0
2016-09-05 00:00:00+09:00,34.599998474121094,34.599998474121094,34.0,34.20000076293945,13500,0.0,0.0
2016-09-06 00:00:00+09:00,34.20000076293945,34.666664123535156,34.20000076293945,34.20000076293945,40500,0.0,0.0
2016-09-07 00:00:00+09:00,34.86666488647461,34.86666488647461,34.0,34.0,349500,0.0,0.0
2016-09-08 00:00:00+09:00,34.133331298828125,34.133331298828125,33.53333282470703,34.0,45000,0.0,0.0
2016-09-09 00:00:00+09:00,34.266666412353516,34.266666412353516,33.79999923706055,34.06666564941406,9000,0.0,0.0
2016-09-12 00:00:00+09:00,34.20000076293945,34.20000076293945,34.20000076293945,34.20000076293945,1500,0.0,0.0
2016-09-13 00:00:00+09:00,34.0,34.53333282470703,33.733333587646484,34.46666717529297,49500,0.0,0.0
2016-09-14 00:00:00+09:00,34.0,34.0,34.0,34.0,15000,0.0,0.0
2016-09-15 00:00:00+09:00,34.20000076293945,34.20000076293945,33.733333587646484,33.733333587646484,9000,0.0,0.0
2016-09-16 00:00:00+09:00,34.20000076293945,34.86666488647461,34.20000076293945,34.20000076293945,16500,0.0,0.0
2016-09-20 00:00:00+09:00,33.79999923706055,33.79999923706055,33.79999923706055,33.79999923706055,3000,0.0,0.0
2016-09-21 00:00:00+09:00,34.33333206176758,34.33333206176758,34.133331298828125,34.133331298828125,10500,0.0,0.0
2016-09-23 00:00:00+09:00,34.33333206176758,35.266666412353516,34.33333206176758,35.266666412353516,10500,0.0,0.0
2016-09-26 00:00:00+09:00,35.599998474121094,35.599998474121094,35.33333206176758,35.33333206176758,6000,0.0,0.0
2016-09-27 00:00:00+09:00,35.0,35.0,35.0,35.0,1500,0.0,0.0
2016-09-28 00:00:00+09:00,35.0,35.0,35.0,35.0,0,0.0,0.0
2016-09-29 00:00:00+09:00,36.20000076293945,36.33333206176758,36.20000076293945,36.33333206176758,31500,0.0,0.0
2016-09-30 00:00:00+09:00,36.666664123535156,36.666664123535156,35.06666564941406,35.53333282470703,9000,0.0,0.0
2016-10-03 00:00:00+09:00,36.79999923706055,39.666664123535156,36.79999923706055,37.666664123535156,117000,0.0,0.0
2016-10-04 00:00:00+09:00,37.46666717529297,37.46666717529297,36.86666488647461,36.86666488647461,15000,0.0,0.0
2016-10-05 00:00:00+09:00,36.86666488647461,38.79999923706055,36.86666488647461,38.79999923706055,19500,0.0,0.0
2016-10-06 00:00:00+09:00,38.79999923706055,38.79999923706055,37.133331298828125,38.33333206176758,22500,0.0,0.0
2016-10-07 00:00:00+09:00,38.33333206176758,38.33333206176758,37.266666412353516,37.33333206176758,31500,0.0,0.0
2016-10-11 00:00:00+09:00,37.53333282470703,37.53333282470703,36.733333587646484,36.733333587646484,60000,0.0,0.0
2016-10-12 00:00:00+09:00,36.79999923706055,37.46666717529297,36.79999923706055,36.79999923706055,15000,0.0,0.0
2016-10-13 00:00:00+09:00,36.79999923706055,37.20000076293945,36.79999923706055,37.0,7500,0.0,0.0
2016-10-14 00:00:00+09:00,37.0,37.0,37.0,37.0,0,0.0,0.0
2016-10-17 00:00:00+09:00,37.733333587646484,37.733333587646484,37.733333587646484,37.733333587646484,1500,0.0,0.0
2016-10-18 00:00:00+09:00,37.733333587646484,37.733333587646484,37.733333587646484,37.733333587646484,3000,0.0,0.0
2016-10-19 00:00:00+09:00,37.733333587646484,37.733333587646484,36.33333206176758,36.599998474121094,22500,0.0,0.0
2016-10-20 00:00:00+09:00,36.599998474121094,36.666664123535156,36.599998474121094,36.666664123535156,4500,0.0,0.0
2016-10-21 00:00:00+09:00,37.33333206176758,37.400001525878906,36.666664123535156,36.666664123535156,22500,0.0,0.0
2016-10-24 00:00:00+09:00,37.33333206176758,37.33333206176758,37.33333206176758,37.33333206176758,6000,0.0,0.0
2016-10-25 00:00:00+09:00,37.33333206176758,37.33333206176758,36.599998474121094,37.33333206176758,19500,0.0,0.0
2016-10-26 00:00:00+09:00,38.0,38.133331298828125,37.400001525878906,37.733333587646484,16500,0.0,0.0
2016-10-27 00:00:00+09:00,39.0,39.0,37.79999923706055,38.33333206176758,13500,0.0,0.0
2016-10-28 00:00:00+09:00,39.0,39.33333206176758,37.0,37.666664123535156,34500,0.0,0.0
2016-10-31 00:00:00+09:00,37.33333206176758,38.0,37.33333206176758,37.666664123535156,12000,0.0,0.0
2016-11-01 00:00:00+09:00,37.666664123535156,38.0,37.666664123535156,38.0,3000,0.0,0.0
2016-11-02 00:00:00+09:00,38.0,38.0,38.0,38.0,0,0.0,0.0
2016-11-04 00:00:00+09:00,36.733333587646484,36.733333587646484,36.53333282470703,36.53333282470703,10500,0.0,0.0
2016-11-07 00:00:00+09:00,36.666664123535156,37.86666488647461,36.666664123535156,37.86666488647461,7500,0.0,0.0
2016-11-08 00:00:00+09:00,39.666664123535156,39.666664123535156,37.46666717529297,38.133331298828125,10500,0.0,0.0
2016-11-09 00:00:00+09:00,37.400001525878906,37.46666717529297,37.33333206176758,37.33333206176758,16500,0.0,0.0
2016-11-10 00:00:00+09:00,38.0,38.266666412353516,38.0,38.266666412353516,9000,0.0,0.0
2016-11-11 00:00:00+09:00,38.0,38.53333282470703,38.0,38.133331298828125,13500,0.0,0.0
2016-11-14 00:00:00+09:00,38.53333282470703,38.93333435058594,38.133331298828125,38.133331298828125,24000,0.0,0.0
2016-11-15 00:00:00+09:00,38.133331298828125,39.53333282470703,38.133331298828125,39.53333282470703,25500,0.0,0.0
2016-11-16 00:00:00+09:00,39.53333282470703,40.599998474121094,39.46666717529297,40.599998474121094,43500,0.0,0.0
2016-11-17 00:00:00+09:00,39.33333206176758,40.20000076293945,39.0,40.20000076293945,18000,0.0,0.0
2016-11-18 00:00:00+09:00,40.0,40.0,39.20000076293945,39.53333282470703,19500,0.0,0.0
2016-11-21 00:00:00+09:00,38.93333435058594,40.20000076293945,38.93333435058594,39.46666717529297,69000,0.0,0.0
2016-11-22 00:00:00+09:00,40.133331298828125,40.599998474121094,40.06666564941406,40.266666412353516,78000,0.0,0.0
2016-11-24 00:00:00+09:00,40.46666717529297,40.46666717529297,40.0,40.46666717529297,27000,0.0,0.0
2016-11-25 00:00:00+09:00,40.53333282470703,40.53333282470703,40.53333282470703,40.53333282470703,1500,0.0,0.0
2016-11-28 00:00:00+09:00,40.79999923706055,40.79999923706055,40.79999923706055,40.79999923706055,3000,0.0,0.0
2016-11-29 00:00:00+09:00,40.79999923706055,40.79999923706055,40.79999923706055,40.79999923706055,4500,0.0,0.0
2016-11-30 00:00:00+09:00,40.79999923706055,40.79999923706055,40.0,40.0,19500,0.0,0.0
2016-12-01 00:00:00+09:00,40.0,40.0,40.0,40.0,0,0.0,0.0
2016-12-02 00:00:00+09:00,40.0,41.0,38.79999923706055,38.79999923706055,99000,0.0,0.0
2016-12-05 00:00:00+09:00,39.0,39.0,37.79999923706055,37.79999923706055,57000,0.0,0.0
2016-12-06 00:00:00+09:00,37.93333435058594,38.0,37.06666564941406,38.0,115500,0.0,0.0
2016-12-07 00:00:00+09:00,38.33333206176758,39.133331298828125,37.666664123535156,37.666664123535156,87000,0.0,0.0
2016-12-08 00:00:00+09:00,38.20000076293945,38.266666412353516,37.733333587646484,37.733333587646484,162000,0.0,0.0
2016-12-09 00:00:00+09:00,37.733333587646484,37.733333587646484,37.733333587646484,37.733333587646484,0,0.0,0.0
2016-12-12 00:00:00+09:00,39.20000076293945,39.20000076293945,38.666664123535156,39.133331298828125,18000,0.0,0.0
2016-12-13 00:00:00+09:00,39.20000076293945,39.20000076293945,39.133331298828125,39.133331298828125,33000,0.0,0.0
2016-12-14 00:00:00+09:00,37.79999923706055,38.33333206176758,37.400001525878906,38.0,91500,0.0,0.0
2016-12-15 00:00:00+09:00,38.0,38.133331298828125,37.93333435058594,37.93333435058594,25500,0.0,0.0
2016-12-16 00:00:00+09:00,37.666664123535156,38.46666717529297,37.666664123535156,38.46666717529297,21000,0.0,0.0
2016-12-19 00:00:00+09:00,39.46666717529297,40.0,38.79999923706055,39.33333206176758,88500,0.0,0.0
2016-12-20 00:00:00+09:00,39.06666564941406,39.599998474121094,39.0,39.599998474121094,10500,0.0,0.0
2016-12-21 00:00:00+09:00,39.400001525878906,40.0,39.400001525878906,39.93333435058594,39000,0.0,0.0
2016-12-22 00:00:00+09:00,39.93333435058594,39.93333435058594,39.33333206176758,39.86666488647461,126000,0.0,0.0
2016-12-26 00:00:00+09:00,39.93333435058594,39.93333435058594,39.599998474121094,39.599998474121094,33000,0.0,0.0
2016-12-27 00:00:00+09:00,39.33333206176758,40.33333206176758,39.133331298828125,39.20000076293945,64500,0.0,0.0
2016-12-28 00:00:00+09:00,39.79999923706055,39.79999923706055,39.20000076293945,39.733333587646484,40500,0.0,0.0
2016-12-29 00:00:00+09:00,39.06666564941406,39.06666564941406,38.06666564941406,38.733333587646484,106500,0.0,0.0
2016-12-30 00:00:00+09:00,38.666664123535156,39.79999923706055,38.599998474121094,38.733333587646484,42000,0.0,0.0
2017-01-04 00:00:00+09:00,39.33333206176758,39.400001525878906,39.33333206176758,39.400001525878906,21000,0.0,0.0
2017-01-05 00:00:00+09:00,39.0,39.599998474121094,38.33333206176758,39.06666564941406,21000,0.0,0.0
2017-01-06 00:00:00+09:00,39.599998474121094,39.599998474121094,38.599998474121094,38.666664123535156,18000,0.0,0.0
2017-01-10 00:00:00+09:00,38.666664123535156,38.86666488647461,38.666664123535156,38.86666488647461,9000,0.0,0.0
2017-01-11 00:00:00+09:00,39.86666488647461,41.266666412353516,39.86666488647461,40.46666717529297,40500,0.0,0.0
2017-01-12 00:00:00+09:00,40.400001525878906,40.400001525878906,40.06666564941406,40.33333206176758,15000,0.0,0.0
2017-01-13 00:00:00+09:00,40.33333206176758,40.33333206176758,39.86666488647461,39.86666488647461,15000,0.0,0.0
2017-01-16 00:00:00+09:00,39.86666488647461,40.133331298828125,39.53333282470703,40.133331298828125,12000,0.0,0.0
2017-01-17 00:00:00+09:00,40.133331298828125,40.133331298828125,40.06666564941406,40.06666564941406,9000,0.0,0.0
2017-01-18 00:00:00+09:00,39.666664123535156,40.06666564941406,39.666664123535156,40.06666564941406,16500,0.0,0.0
2017-01-19 00:00:00+09:00,39.666664123535156,40.133331298828125,39.666664123535156,40.133331298828125,19500,0.0,0.0
2017-01-20 00:00:00+09:00,40.133331298828125,40.599998474121094,39.400001525878906,40.599998474121094,108000,0.0,0.0
2017-01-23 00:00:00+09:00,41.0,41.0,39.86666488647461,39.86666488647461,27000,0.0,0.0
2017-01-24 00:00:00+09:00,39.86666488647461,39.86666488647461,39.86666488647461,39.86666488647461,0,0.0,0.0
2017-01-25 00:00:00+09:00,40.666664123535156,41.666664123535156,40.33333206176758,41.33333206176758,159000,0.0,0.0
2017-01-26 00:00:00+09:00,42.0,44.33333206176758,41.400001525878906,42.86666488647461,27000,0.0,0.0
2017-01-27 00:00:00+09:00,42.733333587646484,42.79999923706055,41.33333206176758,42.20000076293945,330000,0.0,0.0
2017-01-30 00:00:00+09:00,41.46666717529297,42.0,40.733333587646484,41.86666488647461,54000,0.0,0.0
2017-01-31 00:00:00+09:00,42.0,42.733333587646484,42.0,42.733333587646484,18000,0.0,0.0
2017-02-01 00:00:00+09:00,42.86666488647461,44.06666564941406,41.599998474121094,43.06666564941406,154500,0.0,0.0
2017-02-02 00:00:00+09:00,43.599998474121094,44.06666564941406,42.93333435058594,42.93333435058594,15000,0.0,0.0
2017-02-03 00:00:00+09:00,44.33333206176758,44.46666717529297,43.733333587646484,43.86666488647461,57000,0.0,0.0
2017-02-06 00:00:00+09:00,43.266666412353516,43.733333587646484,43.0,43.06666564941406,13500,0.0,0.0
2017-02-07 00:00:00+09:00,43.06666564941406,43.06666564941406,43.06666564941406,43.06666564941406,4500,0.0,0.0
2017-02-08 00:00:00+09:00,45.0,45.0,43.33333206176758,43.53333282470703,12000,0.0,0.0
2017-02-09 00:00:00+09:00,41.53333282470703,42.133331298828125,41.400001525878906,41.93333435058594,81000,0.0,0.0
2017-02-10 00:00:00+09:00,41.86666488647461,41.86666488647461,40.86666488647461,40.86666488647461,34500,0.0,0.0
2017-02-13 00:00:00+09:00,41.20000076293945,42.20000076293945,41.20000076293945,42.20000076293945,36000,0.0,0.0
2017-02-14 00:00:00+09:00,45.53333282470703,48.86666488647461,45.33333206176758,48.86666488647461,745500,0.0,0.0
2017-02-15 00:00:00+09:00,51.86666488647461,54.86666488647461,45.93333435058594,46.86666488647461,943500,0.0,0.0
2017-02-16 00:00:00+09:00,47.133331298828125,47.33333206176758,46.266666412353516,46.33333206176758,51000,0.0,0.0
2017-02-17 00:00:00+09:00,46.666664123535156,47.266666412353516,46.666664123535156,47.266666412353516,57000,0.0,0.0
2017-02-20 00:00:00+09:00,47.33333206176758,47.33333206176758,45.53333282470703,45.53333282470703,76500,0.0,0.0
2017-02-21 00:00:00+09:00,45.599998474121094,46.266666412353516,45.599998474121094,45.79999923706055,42000,0.0,0.0
2017-02-22 00:00:00+09:00,46.0,46.0,46.0,46.0,3000,0.0,0.0
2017-02-23 00:00:00+09:00,45.53333282470703,45.53333282470703,44.666664123535156,44.666664123535156,24000,0.0,0.0
2017-02-24 00:00:00+09:00,44.666664123535156,45.93333435058594,44.666664123535156,45.93333435058594,12000,0.0,0.0
2017-02-27 00:00:00+09:00,46.400001525878906,46.400001525878906,45.400001525878906,45.46666717529297,43500,0.0,0.0
2017-02-28 00:00:00+09:00,45.33333206176758,50.93333435058594,45.33333206176758,47.599998474121094,390000,0.0,0.0
2017-03-01 00:00:00+09:00,47.733333587646484,48.133331298828125,47.400001525878906,47.666664123535156,52500,0.0,0.0
2017-03-02 00:00:00+09:00,48.666664123535156,50.733333587646484,48.46666717529297,50.400001525878906,199500,0.0,0.0
2017-03-03 00:00:00+09:00,52.0,55.06666564941406,52.0,53.46666717529297,345000,0.0,0.0
2017-03-06 00:00:00+09:00,59.266666412353516,63.46666717529297,57.266666412353516,63.46666717529297,696000,0.0,0.0
2017-03-07 00:00:00+09:00,73.46666717529297,73.46666717529297,73.46666717529297,73.46666717529297,921000,0.0,0.0
2017-03-08 00:00:00+09:00,93.46666717529297,93.46666717529297,78.19999694824219,79.26666259765625,7683000,0.0,0.0
2017-03-09 00:00:00+09:00,74.66666412353516,77.66666412353516,71.66666412353516,72.13333129882812,1294500,0.0,0.0
2017-03-10 00:00:00+09:00,72.93333435058594,81.66666412353516,67.06666564941406,67.66666412353516,1467000,0.0,0.0
2017-03-13 00:00:00+09:00,70.66666412353516,71.0,68.0,68.0,423000,0.0,0.0
2017-03-14 00:00:00+09:00,67.4000015258789,69.33333587646484,64.13333129882812,67.4000015258789,415500,0.0,0.0
2017-03-15 00:00:00+09:00,67.4000015258789,67.93333435058594,64.73332977294922,64.86666870117188,174000,0.0,0.0
2017-03-16 00:00:00+09:00,64.86666870117188,65.86666870117188,64.0,64.66666412353516,123000,0.0,0.0
2017-03-17 00:00:00+09:00,64.66666412353516,66.4000015258789,63.33333206176758,63.33333206176758,108000,0.0,0.0
2017-03-21 00:00:00+09:00,61.79999923706055,62.266666412353516,60.733333587646484,61.86666488647461,231000,0.0,0.0
2017-03-22 00:00:00+09:00,61.86666488647461,61.86666488647461,60.20000076293945,60.46666717529297,78000,0.0,0.0
2017-03-23 00:00:00+09:00,59.86666488647461,59.93333435058594,58.666664123535156,59.53333282470703,159000,0.0,0.0
2017-03-24 00:00:00+09:00,60.20000076293945,60.266666412353516,59.93333435058594,60.20000076293945,33000,0.0,0.0
2017-03-27 00:00:00+09:00,61.33333206176758,63.33333206176758,60.266666412353516,60.93333435058594,153000,0.0,0.0
2017-03-28 00:00:00+09:00,60.46666717529297,61.133331298828125,59.133331298828125,59.33333206176758,66000,0.0,0.0
2017-03-29 00:00:00+09:00,59.400001525878906,60.46666717529297,59.400001525878906,60.400001525878906,22500,0.0,0.0
2017-03-30 00:00:00+09:00,60.46666717529297,61.266666412353516,60.266666412353516,60.53333282470703,66000,0.0,0.0
2017-03-31 00:00:00+09:00,60.20000076293945,60.86666488647461,60.06666564941406,60.33333206176758,87000,0.0,0.0
2017-04-03 00:00:00+09:00,60.133331298828125,60.599998474121094,59.93333435058594,59.93333435058594,87000,0.0,0.0
2017-04-04 00:00:00+09:00,59.06666564941406,59.400001525878906,55.46666717529297,55.46666717529297,190500,0.0,0.0
2017-04-05 00:00:00+09:00,55.06666564941406,55.06666564941406,53.79999923706055,54.33333206176758,73500,0.0,0.0
2017-04-06 00:00:00+09:00,54.666664123535156,54.666664123535156,52.666664123535156,52.93333435058594,40500,0.0,0.0
2017-04-07 00:00:00+09:00,52.06666564941406,52.599998474121094,51.733333587646484,52.20000076293945,51000,0.0,0.0
2017-04-10 00:00:00+09:00,51.20000076293945,53.33333206176758,50.93333435058594,51.06666564941406,202500,0.0,0.0
2017-04-11 00:00:00+09:00,51.06666564941406,53.93333435058594,50.93333435058594,52.0,121500,0.0,0.0
2017-04-12 00:00:00+09:00,51.400001525878906,53.733333587646484,50.733333587646484,53.33333206176758,199500,0.0,0.0
2017-04-13 00:00:00+09:00,52.666664123535156,53.86666488647461,52.666664123535156,53.79999923706055,82500,0.0,0.0
2017-04-14 00:00:00+09:00,53.79999923706055,58.666664123535156,53.666664123535156,57.79999923706055,70500,0.0,0.0
2017-04-17 00:00:00+09:00,56.93333435058594,59.400001525878906,56.06666564941406,59.33333206176758,114000,0.0,0.0
2017-04-18 00:00:00+09:00,61.33333206176758,62.133331298828125,59.733333587646484,62.06666564941406,142500,0.0,0.0
2017-04-19 00:00:00+09:00,62.266666412353516,69.86666870117188,62.0,68.93333435058594,409500,0.0,0.0
2017-04-20 00:00:00+09:00,68.66666412353516,71.26666259765625,66.73332977294922,67.73332977294922,361500,0.0,0.0
2017-04-21 00:00:00+09:00,69.73332977294922,70.33333587646484,68.4000015258789,70.19999694824219,178500,0.0,0.0
2017-04-24 00:00:00+09:00,71.33333587646484,72.4000015258789,69.4000015258789,71.86666870117188,240000,0.0,0.0
2017-04-25 00:00:00+09:00,71.66666412353516,73.4000015258789,68.73332977294922,72.80000305175781,121500,0.0,0.0
2017-04-26 00:00:00+09:00,74.80000305175781,76.66666412353516,72.0,76.5999984741211,177000,0.0,0.0
2017-04-27 00:00:00+09:00,77.73332977294922,82.0,77.53333282470703,79.33333587646484,222000,0.0,0.0
2017-04-28 00:00:00+09:00,80.93333435058594,82.66666412353516,79.66666412353516,79.66666412353516,189000,0.0,0.0
2017-05-01 00:00:00+09:00,79.66666412353516,82.66666412353516,79.5999984741211,80.0,144000,0.0,0.0
2017-05-02 00:00:00+09:00,79.19999694824219,82.66666412353516,79.13333129882812,79.73332977294922,253500,0.0,0.0
2017-05-08 00:00:00+09:00,80.26666259765625,86.66666412353516,79.86666870117188,81.93333435058594,183000,0.0,0.0
2017-05-09 00:00:00+09:00,81.46666717529297,81.46666717529297,80.0,80.19999694824219,160500,0.0,0.0
2017-05-10 00:00:00+09:00,78.80000305175781,78.80000305175781,74.19999694824219,74.19999694824219,145500,0.0,0.0
2017-05-11 00:00:00+09:00,75.19999694824219,77.46666717529297,75.19999694824219,75.33333587646484,15000,0.0,0.0
2017-05-12 00:00:00+09:00,76.06666564941406,76.06666564941406,67.5999984741211,68.26666259765625,73500,0.0,0.0
2017-05-15 00:00:00+09:00,67.0,67.26666259765625,66.06666564941406,67.26666259765625,33000,0.0,0.0
2017-05-16 00:00:00+09:00,65.46666717529297,65.86666870117188,65.46666717529297,65.66666412353516,6000,0.0,0.0
2017-05-17 00:00:00+09:00,65.33333587646484,65.66666412353516,63.53333282470703,64.19999694824219,34500,0.0,0.0
2017-05-18 00:00:00+09:00,64.19999694824219,64.73332977294922,62.33333206176758,63.599998474121094,69000,0.0,0.0
2017-05-19 00:00:00+09:00,63.599998474121094,65.73332977294922,63.599998474121094,65.0,13500,0.0,0.0
2017-05-22 00:00:00+09:00,66.0,66.0,65.33333587646484,65.46666717529297,12000,0.0,0.0
2017-05-23 00:00:00+09:00,63.46666717529297,64.33333587646484,62.46666717529297,63.400001525878906,25500,0.0,0.0
2017-05-24 00:00:00+09:00,65.46666717529297,67.86666870117188,65.46666717529297,67.4000015258789,21000,0.0,0.0
2017-05-25 00:00:00+09:00,67.53333282470703,67.53333282470703,66.19999694824219,67.13333129882812,18000,0.0,0.0
2017-05-26 00:00:00+09:00,67.13333129882812,67.66666412353516,67.13333129882812,67.66666412353516,10500,0.0,0.0
2017-05-29 00:00:00+09:00,69.66666412353516,73.0,69.33333587646484,72.26666259765625,49500,0.0,0.0
2017-05-30 00:00:00+09:00,72.26666259765625,72.26666259765625,70.46666717529297,72.13333129882812,15000,0.0,0.0
2017-05-31 00:00:00+09:00,72.13333129882812,72.13333129882812,72.13333129882812,72.13333129882812,0,0.0,0.0
2017-06-01 00:00:00+09:00,70.26666259765625,70.26666259765625,68.13333129882812,68.13333129882812,31500,0.0,0.0
2017-06-02 00:00:00+09:00,68.13333129882812,68.13333129882812,66.73332977294922,67.46666717529297,18000,0.0,0.0
2017-06-05 00:00:00+09:00,66.19999694824219,66.19999694824219,66.19999694824219,66.19999694824219,1500,0.0,0.0
2017-06-06 00:00:00+09:00,69.19999694824219,70.13333129882812,66.26666259765625,66.53333282470703,51000,0.0,0.0
2017-06-07 00:00:00+09:00,66.19999694824219,67.4000015258789,64.33333587646484,65.5999984741211,48000,0.0,0.0
2017-06-08 00:00:00+09:00,65.5999984741211,66.73332977294922,65.5999984741211,66.73332977294922,6000,0.0,0.0
2017-06-09 00:00:00+09:00,65.66666412353516,65.66666412353516,64.73332977294922,65.66666412353516,12000,0.0,0.0
2017-06-12 00:00:00+09:00,61.733333587646484,61.93333435058594,60.266666412353516,61.93333435058594,102000,0.0,0.0
2017-06-13 00:00:00+09:00,61.93333435058594,63.0,61.93333435058594,63.0,36000,0.0,0.0
2017-06-14 00:00:00+09:00,63.0,63.0,63.0,63.0,1500,0.0,0.0
2017-06-15 00:00:00+09:00,63.06666564941406,65.73332977294922,63.06666564941406,65.73332977294922,87000,0.0,0.0
2017-06-16 00:00:00+09:00,65.33333587646484,65.33333587646484,64.46666717529297,64.46666717529297,4500,0.0,0.0
2017-06-19 00:00:00+09:00,66.4000015258789,66.4000015258789,66.4000015258789,66.4000015258789,1500,0.0,0.0
2017-06-20 00:00:00+09:00,69.93333435058594,69.93333435058594,65.33333587646484,65.33333587646484,25500,0.0,0.0
2017-06-21 00:00:00+09:00,65.33333587646484,65.33333587646484,65.33333587646484,65.33333587646484,1500,0.0,0.0
2017-06-22 00:00:00+09:00,65.53333282470703,66.66666412353516,65.53333282470703,66.06666564941406,10500,0.0,0.0
2017-06-23 00:00:00+09:00,66.06666564941406,66.33333587646484,66.06666564941406,66.33333587646484,7500,0.0,0.0
2017-06-26 00:00:00+09:00,66.4000015258789,66.4000015258789,66.33333587646484,66.33333587646484,7500,0.0,0.0
2017-06-27 00:00:00+09:00,66.33333587646484,66.4000015258789,66.0,66.0,18000,0.0,0.0
2017-06-28 00:00:00+09:00,66.06666564941406,69.33333587646484,65.26666259765625,69.33333587646484,94500,0.0,0.0
2017-06-29 00:00:00+09:00,69.13333129882812,69.19999694824219,66.0,66.0,36000,0.0,0.0
2017-06-30 00:00:00+09:00,66.33333587646484,66.66666412353516,66.33333587646484,66.4000015258789,9000,0.0,0.0
2017-07-03 00:00:00+09:00,66.66666412353516,72.66666412353516,66.66666412353516,67.19999694824219,58500,0.0,0.0
2017-07-04 00:00:00+09:00,67.66666412353516,69.19999694824219,67.5999984741211,69.19999694824219,28500,0.0,0.0
2017-07-05 00:00:00+09:00,69.19999694824219,69.19999694824219,69.19999694824219,69.19999694824219,0,0.0,0.0
2017-07-06 00:00:00+09:00,70.46666717529297,70.46666717529297,67.13333129882812,68.26666259765625,21000,0.0,0.0
2017-07-07 00:00:00+09:00,68.26666259765625,68.26666259765625,68.26666259765625,68.26666259765625,0,0.0,0.0
2017-07-10 00:00:00+09:00,70.26666259765625,71.5999984741211,70.26666259765625,70.53333282470703,75000,0.0,0.0
2017-07-11 00:00:00+09:00,70.33333587646484,70.4000015258789,68.73332977294922,69.06666564941406,66000,0.0,0.0
2017-07-12 00:00:00+09:00,70.26666259765625,70.33333587646484,69.06666564941406,70.33333587646484,22500,0.0,0.0
2017-07-13 00:00:00+09:00,72.33333587646484,72.33333587646484,72.13333129882812,72.33333587646484,51000,0.0,0.0
2017-07-14 00:00:00+09:00,73.0,75.0,72.13333129882812,72.26666259765625,67500,0.0,0.0
2017-07-17 00:00:00+09:00,72.26666259765625,72.26666259765625,72.26666259765625,72.26666259765625,0,0.0,0.0
2017-07-18 00:00:00+09:00,72.26666259765625,72.26666259765625,72.26666259765625,72.26666259765625,0,0.0,0.0
2017-07-19 00:00:00+09:00,72.66666412353516,72.73332977294922,72.33333587646484,72.73332977294922,6000,0.0,0.0
2017-07-20 00:00:00+09:00,73.33333587646484,73.4000015258789,73.06666564941406,73.4000015258789,25500,0.0,0.0
2017-07-21 00:00:00+09:00,73.4000015258789,74.4000015258789,73.4000015258789,74.26666259765625,33000,0.0,0.0
2017-07-24 00:00:00+09:00,74.26666259765625,74.26666259765625,73.66666412353516,73.66666412353516,21000,0.0,0.0
2017-07-25 00:00:00+09:00,73.66666412353516,73.66666412353516,73.26666259765625,73.26666259765625,31500,0.0,0.0
2017-07-26 00:00:00+09:00,74.19999694824219,74.19999694824219,71.33333587646484,71.53333282470703,54000,0.0,0.0
2017-07-27 00:00:00+09:00,74.86666870117188,75.5999984741211,74.66666412353516,75.0,48000,0.0,0.0
2017-07-28 00:00:00+09:00,73.53333282470703,73.5999984741211,73.4000015258789,73.4000015258789,16500,0.0,0.0
2017-07-31 00:00:00+09:00,76.0,76.0,74.0,74.0,3000,0.0,0.0
2017-08-01 00:00:00+09:00,75.0,76.66666412353516,74.66666412353516,76.0,99000,0.0,0.0
2017-08-02 00:00:00+09:00,77.26666259765625,77.26666259765625,76.0,76.93333435058594,75000,0.0,0.0
2017-08-03 00:00:00+09:00,77.66666412353516,77.66666412353516,77.5999984741211,77.66666412353516,22500,0.0,0.0
2017-08-04 00:00:00+09:00,73.66666412353516,77.33333587646484,73.19999694824219,77.33333587646484,138000,0.0,0.0
2017-08-07 00:00:00+09:00,79.33333587646484,80.06666564941406,78.86666870117188,79.33333587646484,151500,0.0,0.0
2017-08-08 00:00:00+09:00,79.06666564941406,79.93333435058594,77.66666412353516,79.93333435058594,151500,0.0,0.0
2017-08-09 00:00:00+09:00,79.0,79.0,79.0,79.0,3000,0.0,0.0
2017-08-10 00:00:00+09:00,78.73332977294922,78.93333435058594,76.66666412353516,78.93333435058594,156000,0.0,0.0
2017-08-11 00:00:00+09:00,78.93333435058594,78.93333435058594,78.93333435058594,78.93333435058594,0,0.0,0.0
2017-08-14 00:00:00+09:00,78.93333435058594,79.0,77.33333587646484,77.33333587646484,72000,0.0,0.0
2017-08-15 00:00:00+09:00,76.66666412353516,76.66666412353516,76.33333587646484,76.33333587646484,25500,0.0,0.0
2017-08-16 00:00:00+09:00,72.66666412353516,76.26666259765625,72.26666259765625,72.26666259765625,36000,0.0,0.0
2017-08-17 00:00:00+09:00,76.26666259765625,78.46666717529297,76.26666259765625,77.0,24000,0.0,0.0
2017-08-18 00:00:00+09:00,73.4000015258789,77.33333587646484,73.4000015258789,76.46666717529297,19500,0.0,0.0
2017-08-21 00:00:00+09:00,76.46666717529297,76.53333282470703,76.06666564941406,76.53333282470703,10500,0.0,0.0
2017-08-22 00:00:00+09:00,72.80000305175781,74.06666564941406,72.80000305175781,74.06666564941406,4500,0.0,0.0
2017-08-23 00:00:00+09:00,75.33333587646484,75.46666717529297,74.33333587646484,74.33333587646484,43500,0.0,0.0
2017-08-24 00:00:00+09:00,74.33333587646484,76.13333129882812,74.33333587646484,76.13333129882812,22500,0.0,0.0
2017-08-25 00:00:00+09:00,76.0,76.0,76.0,76.0,25500,0.0,0.0
2017-08-28 00:00:00+09:00,76.5999984741211,76.5999984741211,75.66666412353516,75.66666412353516,28500,0.0,0.0
2017-08-29 00:00:00+09:00,75.93333435058594,79.0,75.93333435058594,76.73332977294922,90000,0.0,0.0
2017-08-30 00:00:00+09:00,76.73332977294922,76.73332977294922,76.73332977294922,76.73332977294922,0,0.0,0.0
2017-08-31 00:00:00+09:00,76.66666412353516,76.73332977294922,76.66666412353516,76.73332977294922,6000,0.0,0.0
2017-09-01 00:00:00+09:00,76.66666412353516,76.66666412353516,76.66666412353516,76.66666412353516,16500,0.0,0.0
2017-09-04 00:00:00+09:00,72.66666412353516,75.33333587646484,72.66666412353516,75.33333587646484,24000,0.0,0.0
2017-09-05 00:00:00+09:00,73.33333587646484,73.33333587646484,73.33333587646484,73.33333587646484,3000,0.0,0.0
2017-09-06 00:00:00+09:00,69.33333587646484,74.33333587646484,69.33333587646484,73.4000015258789,97500,0.0,0.0
2017-09-07 00:00:00+09:00,76.53333282470703,76.5999984741211,74.46666717529297,75.4000015258789,70500,0.0,0.0
2017-09-08 00:00:00+09:00,72.4000015258789,73.73332977294922,72.4000015258789,73.73332977294922,54000,0.0,0.0
2017-09-11 00:00:00+09:00,73.73332977294922,73.73332977294922,73.73332977294922,73.73332977294922,0,0.0,0.0
2017-09-12 00:00:00+09:00,74.0,74.0,73.33333587646484,73.33333587646484,22500,0.0,0.0
2017-09-13 00:00:00+09:00,72.46666717529297,74.73332977294922,72.46666717529297,74.66666412353516,7500,0.0,0.0
2017-09-14 00:00:00+09:00,74.73332977294922,74.73332977294922,74.4000015258789,74.4000015258789,10500,0.0,0.0
2017-09-15 00:00:00+09:00,74.4000015258789,74.4000015258789,74.4000015258789,74.4000015258789,0,0.0,0.0
2017-09-18 00:00:00+09:00,74.4000015258789,74.4000015258789,74.4000015258789,74.4000015258789,0,0.0,0.0
2017-09-19 00:00:00+09:00,74.4000015258789,74.4000015258789,74.4000015258789,74.4000015258789,0,0.0,0.0
2017-09-20 00:00:00+09:00,76.33333587646484,76.33333587646484,76.0,76.0,4500,0.0,0.0
2017-09-21 00:00:00+09:00,76.06666564941406,76.06666564941406,76.0,76.0,10500,0.0,0.0
2017-09-22 00:00:00+09:00,76.0,76.0,76.0,76.0,0,0.0,0.0
2017-09-25 00:00:00+09:00,74.0,75.19999694824219,74.0,75.19999694824219,3000,0.0,0.0
2017-09-26 00:00:00+09:00,75.19999694824219,75.66666412353516,75.19999694824219,75.66666412353516,6000,0.0,0.0
2017-09-27 00:00:00+09:00,75.66666412353516,75.66666412353516,75.66666412353516,75.66666412353516,0,0.0,0.0
2017-09-28 00:00:00+09:00,75.66666412353516,75.66666412353516,75.66666412353516,75.66666412353516,6000,0.0,0.0
2017-09-29 00:00:00+09:00,75.33333587646484,75.33333587646484,75.33333587646484,75.33333587646484,6000,0.0,0.0
2017-10-02 00:00:00+09:00,79.93333435058594,80.13333129882812,79.66666412353516,80.06666564941406,43500,0.0,0.0
2017-10-03 00:00:00+09:00,80.06666564941406,80.06666564941406,80.06666564941406,80.06666564941406,0,0.0,0.0
2017-10-04 00:00:00+09:00,76.06666564941406,78.0,76.06666564941406,78.0,19500,0.0,0.0
2017-10-05 00:00:00+09:00,78.19999694824219,79.80000305175781,78.19999694824219,79.80000305175781,33000,0.0,0.0
2017-10-06 00:00:00+09:00,79.80000305175781,79.80000305175781,79.80000305175781,79.80000305175781,1500,0.0,0.0
2017-10-09 00:00:00+09:00,79.80000305175781,79.80000305175781,79.80000305175781,79.80000305175781,0,0.0,0.0
2017-10-10 00:00:00+09:00,80.0,80.19999694824219,80.0,80.19999694824219,7500,0.0,0.0
2017-10-11 00:00:00+09:00,80.73332977294922,86.0,80.73332977294922,85.5999984741211,91500,0.0,0.0
2017-10-12 00:00:00+09:00,85.5999984741211,88.5999984741211,85.0,88.5999984741211,97500,0.0,0.0
2017-10-13 00:00:00+09:00,87.66666412353516,88.66666412353516,87.33333587646484,88.33333587646484,49500,0.0,0.0
2017-10-16 00:00:00+09:00,86.73332977294922,88.33333587646484,85.33333587646484,85.33333587646484,46500,0.0,0.0
2017-10-17 00:00:00+09:00,85.33333587646484,85.33333587646484,85.33333587646484,85.33333587646484,0,0.0,0.0
2017-10-18 00:00:00+09:00,85.13333129882812,85.13333129882812,85.13333129882812,85.13333129882812,6000,0.0,0.0
2017-10-19 00:00:00+09:00,85.13333129882812,85.19999694824219,85.13333129882812,85.19999694824219,16500,0.0,0.0
2017-10-20 00:00:00+09:00,86.0,86.0,86.0,86.0,15000,0.0,0.0
2017-10-23 00:00:00+09:00,86.0,86.0,86.0,86.0,0,0.0,0.0
2017-10-24 00:00:00+09:00,86.0,86.0,85.66666412353516,85.66666412353516,12000,0.0,0.0
2017-10-25 00:00:00+09:00,86.4000015258789,86.66666412353516,86.4000015258789,86.66666412353516,9000,0.0,0.0
2017-10-26 00:00:00+09:00,86.66666412353516,86.66666412353516,86.66666412353516,86.66666412353516,0,0.0,0.0
2017-10-27 00:00:00+09:00,87.33333587646484,88.0,87.33333587646484,87.93333435058594,27000,0.0,0.0
2017-10-30 00:00:00+09:00,87.5999984741211,87.66666412353516,87.06666564941406,87.06666564941406,37500,0.0,0.0
2017-10-31 00:00:00+09:00,89.0,89.0,88.66666412353516,89.0,67500,0.0,0.0
2017-11-01 00:00:00+09:00,89.33333587646484,91.19999694824219,89.33333587646484,90.0,105000,0.0,0.0
2017-11-02 00:00:00+09:00,91.86666870117188,92.53333282470703,91.80000305175781,92.46666717529297,45000,0.0,0.0
2017-11-03 00:00:00+09:00,92.46666717529297,92.46666717529297,92.46666717529297,92.46666717529297,0,0.0,0.0
2017-11-06 00:00:00+09:00,92.66666412353516,92.73332977294922,92.33333587646484,92.33333587646484,31500,0.0,0.0
2017-11-07 00:00:00+09:00,92.93333435058594,93.46666717529297,92.93333435058594,93.46666717529297,33000,0.0,0.0
2017-11-08 00:00:00+09:00,90.33333587646484,90.33333587646484,90.33333587646484,90.33333587646484,4500,0.0,0.0
2017-11-09 00:00:00+09:00,90.33333587646484,90.33333587646484,90.33333587646484,90.33333587646484,0,0.0,0.0
2017-11-10 00:00:00+09:00,91.5999984741211,95.0,91.5999984741211,94.0,13500,0.0,0.0
2017-11-13 00:00:00+09:00,90.13333129882812,90.13333129882812,90.0,90.0,19500,0.0,0.0
2017-11-14 00:00:00+09:00,88.06666564941406,88.46666717529297,87.33333587646484,88.4000015258789,12000,0.0,0.0
2017-11-15 00:00:00+09:00,87.33333587646484,87.66666412353516,87.33333587646484,87.66666412353516,3000,0.0,0.0
2017-11-16 00:00:00+09:00,87.73332977294922,87.80000305175781,87.73332977294922,87.80000305175781,3000,0.0,0.0
2017-11-17 00:00:00+09:00,87.80000305175781,87.80000305175781,87.80000305175781,87.80000305175781,0,0.0,0.0
2017-11-20 00:00:00+09:00,87.66666412353516,87.66666412353516,87.66666412353516,87.66666412353516,15000,0.0,0.0
2017-11-21 00:00:00+09:00,88.66666412353516,88.66666412353516,88.66666412353516,88.66666412353516,7500,0.0,0.0
2017-11-22 00:00:00+09:00,88.66666412353516,88.66666412353516,88.66666412353516,88.66666412353516,0,0.0,0.0
2017-11-23 00:00:00+09:00,88.66666412353516,88.66666412353516,88.66666412353516,88.66666412353516,0,0.0,0.0
2017-11-24 00:00:00+09:00,88.66666412353516,88.66666412353516,88.66666412353516,88.66666412353516,0,0.0,0.0
2017-11-27 00:00:00+09:00,88.66666412353516,88.66666412353516,88.66666412353516,88.66666412353516,0,0.0,0.0
2017-11-28 00:00:00+09:00,88.66666412353516,88.66666412353516,88.66666412353516,88.66666412353516,0,0.0,0.0
2017-11-29 00:00:00+09:00,92.0,92.0,92.0,92.0,3000,0.0,0.0
2017-11-30 00:00:00+09:00,92.0,93.33333587646484,92.0,93.0,55500,0.0,0.0
2017-12-01 00:00:00+09:00,93.0,93.0,93.0,93.0,0,0.0,0.0
2017-12-04 00:00:00+09:00,94.66666412353516,96.0,93.66666412353516,96.0,66000,0.0,0.0
2017-12-05 00:00:00+09:00,96.0,99.0,96.0,99.0,69000,0.0,0.0
2017-12-06 00:00:00+09:00,99.0,106.0,98.0,98.19999694824219,238500,0.0,0.0
2017-12-07 00:00:00+09:00,102.86666870117188,103.26666259765625,100.0,103.13333129882812,75000,0.0,0.0
2017-12-08 00:00:00+09:00,103.13333129882812,110.66666412353516,103.13333129882812,110.66666412353516,55500,0.0,0.0
2017-12-11 00:00:00+09:00,115.26666259765625,137.3333282470703,115.13333129882812,137.3333282470703,379500,0.0,0.0
2017-12-12 00:00:00+09:00,136.0,142.06666564941406,127.86666870117188,132.6666717529297,346500,0.0,0.0
2017-12-13 00:00:00+09:00,128.13333129882812,129.46665954589844,128.0,128.3333282470703,46500,0.0,0.0
2017-12-14 00:00:00+09:00,127.33333587646484,131.6666717529297,126.66666412353516,130.53334045410156,75000,0.0,0.0
2017-12-15 00:00:00+09:00,132.6666717529297,137.53334045410156,132.3333282470703,134.3333282470703,99000,0.0,0.0
2017-12-18 00:00:00+09:00,136.0,143.3333282470703,133.3333282470703,138.6666717529297,160500,0.0,0.0
2017-12-19 00:00:00+09:00,139.3333282470703,157.1999969482422,138.6666717529297,157.06666564941406,204000,0.0,0.0
2017-12-20 00:00:00+09:00,150.6666717529297,150.6666717529297,138.6666717529297,141.93333435058594,142500,0.0,0.0
2017-12-21 00:00:00+09:00,140.06666564941406,143.73333740234375,140.0,142.6666717529297,90000,0.0,0.0
2017-12-22 00:00:00+09:00,142.6666717529297,145.86666870117188,142.6666717529297,145.0,96000,0.0,0.0
2017-12-25 00:00:00+09:00,146.0,153.3333282470703,145.53334045410156,152.13333129882812,54000,0.0,0.0
2017-12-26 00:00:00+09:00,152.13333129882812,153.0,152.13333129882812,152.6666717529297,19500,0.0,0.0
2017-12-27 00:00:00+09:00,156.0,172.0,155.3333282470703,168.39999389648438,189000,0.0,0.0
2017-12-28 00:00:00+09:00,167.60000610351562,167.60000610351562,167.26666259765625,167.39999389648438,19500,0.0,0.0
2017-12-29 00:00:00+09:00,167.39999389648438,167.39999389648438,163.0,163.0,24000,0.0,0.0
2018-01-01 00:00:00+09:00,163.0,163.0,163.0,163.0,0,0.0,0.0
2018-01-02 00:00:00+09:00,163.0,163.0,163.0,163.0,0,0.0,0.0
2018-01-03 00:00:00+09:00,163.0,163.0,163.0,163.0,0,0.0,0.0
2018-01-04 00:00:00+09:00,171.26666259765625,173.3333282470703,160.0,173.26666259765625,51000,0.0,0.0
2018-01-05 00:00:00+09:00,172.93333435058594,175.0,166.26666259765625,175.0,105000,0.0,0.0
2018-01-08 00:00:00+09:00,175.0,175.0,175.0,175.0,0,0.0,0.0
2018-01-09 00:00:00+09:00,175.86666870117188,193.3333282470703,175.86666870117188,190.0,48000,0.0,0.0
2018-01-10 00:00:00+09:00,193.3333282470703,223.3333282470703,193.3333282470703,216.3333282470703,403500,0.0,0.0
2018-01-11 00:00:00+09:00,223.3333282470703,258.3333435058594,221.6666717529297,251.6666717529297,400500,0.0,0.0
2018-01-12 00:00:00+09:00,298.0,298.0,264.6666564941406,269.3333435058594,348000,0.0,0.0
2018-01-15 00:00:00+09:00,262.3333435058594,262.3333435058594,223.0,223.0,216000,0.0,0.0
2018-01-16 00:00:00+09:00,220.3333282470703,220.3333282470703,201.0,201.0,202500,0.0,0.0
2018-01-17 00:00:00+09:00,200.3333282470703,200.3333282470703,196.0,196.73333740234375,69000,0.0,0.0
2018-01-18 00:00:00+09:00,203.6666717529297,203.6666717529297,193.3333282470703,193.3333282470703,82500,0.0,0.0
2018-01-19 00:00:00+09:00,193.3333282470703,193.3333282470703,187.93333435058594,188.60000610351562,42000,0.0,0.0
2018-01-22 00:00:00+09:00,188.60000610351562,188.60000610351562,188.60000610351562,188.60000610351562,0,0.0,0.0
2018-01-23 00:00:00+09:00,190.26666259765625,195.3333282470703,190.26666259765625,193.39999389648438,30000,0.0,0.0
2018-01-24 00:00:00+09:00,190.06666564941406,191.1999969482422,189.0,189.3333282470703,31500,0.0,0.0
2018-01-25 00:00:00+09:00,186.73333740234375,189.3333282470703,183.6666717529297,189.1999969482422,21000,0.0,0.0
2018-01-26 00:00:00+09:00,192.53334045410156,193.3333282470703,191.06666564941406,192.3333282470703,45000,0.0,0.0
2018-01-29 00:00:00+09:00,187.06666564941406,188.13333129882812,187.06666564941406,188.13333129882812,15000,0.0,0.0
2018-01-30 00:00:00+09:00,188.13333129882812,191.53334045410156,188.13333129882812,191.39999389648438,7500,0.0,0.0
2018-01-31 00:00:00+09:00,188.06666564941406,188.06666564941406,185.39999389648438,185.39999389648438,10500,0.0,0.0
2018-02-01 00:00:00+09:00,185.39999389648438,185.39999389648438,179.1999969482422,179.1999969482422,10500,0.0,0.0
2018-02-02 00:00:00+09:00,179.1999969482422,179.1999969482422,179.1999969482422,179.1999969482422,16500,0.0,0.0
2018-02-05 00:00:00+09:00,169.1999969482422,172.53334045410156,169.1999969482422,172.3333282470703,19500,0.0,0.0
2018-02-06 00:00:00+09:00,166.0,166.0,156.86666870117188,156.86666870117188,42000,0.0,0.0
2018-02-07 00:00:00+09:00,155.3333282470703,155.46665954589844,155.3333282470703,155.46665954589844,4500,0.0,0.0
2018-02-08 00:00:00+09:00,155.46665954589844,155.46665954589844,155.46665954589844,155.46665954589844,0,0.0,0.0
2018-02-09 00:00:00+09:00,155.46665954589844,157.0,155.46665954589844,156.0,19500,0.0,0.0
2018-02-12 00:00:00+09:00,156.0,156.0,156.0,156.0,0,0.0,0.0
2018-02-13 00:00:00+09:00,156.0,156.0,156.0,156.0,0,0.0,0.0
2018-02-14 00:00:00+09:00,156.0,156.0,156.0,156.0,0,0.0,0.0
2018-02-15 00:00:00+09:00,149.3333282470703,155.8000030517578,149.3333282470703,152.46665954589844,6000,0.0,0.0
2018-02-16 00:00:00+09:00,152.46665954589844,152.46665954589844,152.46665954589844,152.46665954589844,0,0.0,0.0
2018-02-19 00:00:00+09:00,165.8000030517578,185.8000030517578,165.8000030517578,185.8000030517578,120000,0.0,0.0
2018-02-20 00:00:00+09:00,219.3333282470703,219.3333282470703,214.3333282470703,219.3333282470703,274500,0.0,0.0
2018-02-21 00:00:00+09:00,228.6666717529297,238.6666717529297,195.3333282470703,196.8000030517578,613500,0.0,0.0
2018-02-22 00:00:00+09:00,190.13333129882812,194.0,183.3333282470703,189.1999969482422,121500,0.0,0.0
2018-02-23 00:00:00+09:00,184.1999969482422,186.60000610351562,179.53334045410156,179.53334045410156,60000,0.0,0.0
2018-02-26 00:00:00+09:00,186.1999969482422,188.13333129882812,180.6666717529297,183.60000610351562,46500,0.0,0.0
2018-02-27 00:00:00+09:00,184.0,186.6666717529297,180.6666717529297,185.3333282470703,12000,0.0,0.0
2018-02-28 00:00:00+09:00,185.3333282470703,193.3333282470703,185.06666564941406,193.3333282470703,103500,0.0,0.0
2018-03-01 00:00:00+09:00,193.3333282470703,196.6666717529297,193.3333282470703,195.26666259765625,46500,0.0,0.0
2018-03-02 00:00:00+09:00,195.26666259765625,204.6666717529297,181.3333282470703,204.6666717529297,118500,0.0,0.0
2018-03-05 00:00:00+09:00,200.3333282470703,201.3333282470703,193.39999389648438,198.39999389648438,96000,0.0,0.0
2018-03-06 00:00:00+09:00,198.39999389648438,207.3333282470703,198.39999389648438,205.3333282470703,52500,0.0,0.0
2018-03-07 00:00:00+09:00,205.0,251.6666717529297,199.06666564941406,244.0,201000,0.0,0.0
2018-03-08 00:00:00+09:00,243.3333282470703,246.3333282470703,231.0,240.3333282470703,154500,0.0,0.0
2018-03-09 00:00:00+09:00,243.6666717529297,276.6666564941406,243.6666717529297,271.3333435058594,255000,0.0,0.0
2018-03-12 00:00:00+09:00,266.6666564941406,295.0,260.0,290.0,201000,0.0,0.0
2018-03-13 00:00:00+09:00,286.6666564941406,286.6666564941406,256.6666564941406,271.0,144000,0.0,0.0
2018-03-14 00:00:00+09:00,270.6666564941406,270.6666564941406,238.3333282470703,241.0,138000,0.0,0.0
2018-03-15 00:00:00+09:00,236.3333282470703,236.3333282470703,224.3333282470703,224.3333282470703,127500,0.0,0.0
2018-03-16 00:00:00+09:00,223.3333282470703,223.3333282470703,200.0,211.6666717529297,357000,0.0,0.0
2018-03-19 00:00:00+09:00,211.6666717529297,254.0,211.6666717529297,236.3333282470703,322500,0.0,0.0
2018-03-20 00:00:00+09:00,236.3333282470703,257.3333435058594,236.3333282470703,253.3333282470703,196500,0.0,0.0
2018-03-21 00:00:00+09:00,253.3333282470703,253.3333282470703,253.3333282470703,253.3333282470703,0,0.0,0.0
2018-03-22 00:00:00+09:00,256.0,268.3333435058594,254.6666717529297,265.6666564941406,123000,0.0,0.0
2018-03-23 00:00:00+09:00,253.3333282470703,263.0,232.6666717529297,254.6666717529297,94500,0.0,0.0
2018-03-26 00:00:00+09:00,261.3333435058594,276.6666564941406,245.3333282470703,272.0,103500,0.0,0.0
2018-03-27 00:00:00+09:00,272.0,272.0,272.0,272.0,0,0.0,0.0
2018-03-28 00:00:00+09:00,262.0,263.6666564941406,248.0,262.0,40500,0.0,0.0
2018-03-29 00:00:00+09:00,248.0,252.0,248.0,250.0,15000,0.0,0.0
2018-03-30 00:00:00+09:00,246.6666717529297,265.3333435058594,243.3333282470703,264.6666564941406,15000,0.0,0.0
2018-04-02 00:00:00+09:00,264.6666564941406,264.6666564941406,264.6666564941406,264.6666564941406,0,0.0,0.0
2018-04-03 00:00:00+09:00,264.6666564941406,264.6666564941406,264.6666564941406,264.6666564941406,0,0.0,0.0
2018-04-04 00:00:00+09:00,258.3333435058594,276.6666564941406,258.0,258.0,48000,0.0,0.0
2018-04-05 00:00:00+09:00,257.6666564941406,257.6666564941406,248.0,248.0,6000,0.0,0.0
2018-04-06 00:00:00+09:00,248.0,248.0,248.0,248.0,0,0.0,0.0
2018-04-09 00:00:00+09:00,248.0,248.0,248.0,248.0,0,0.0,0.0
2018-04-10 00:00:00+09:00,248.0,248.0,248.0,248.0,0,0.0,0.0
2018-04-11 00:00:00+09:00,248.0,248.0,248.0,248.0,0,0.0,0.0
2018-04-12 00:00:00+09:00,248.0,248.0,248.0,248.0,0,0.0,0.0
2018-04-13 00:00:00+09:00,242.6666717529297,248.3333282470703,242.6666717529297,248.3333282470703,12000,0.0,0.0
2018-04-16 00:00:00+09:00,248.6666717529297,253.3333282470703,248.6666717529297,248.6666717529297,4500,0.0,0.0
2018-04-17 00:00:00+09:00,246.6666717529297,264.0,246.6666717529297,259.6666564941406,75000,0.0,0.0
2018-04-18 00:00:00+09:00,259.6666564941406,260.0,259.6666564941406,259.6666564941406,19500,0.0,0.0
2018-04-19 00:00:00+09:00,247.6666717529297,249.3333282470703,247.6666717529297,249.0,19500,0.0,0.0
2018-04-20 00:00:00+09:00,259.6666564941406,259.6666564941406,250.3333282470703,250.3333282470703,12000,0.0,0.0
2018-04-23 00:00:00+09:00,251.3333282470703,253.3333282470703,251.3333282470703,251.6666717529297,22500,0.0,0.0
2018-04-24 00:00:00+09:00,252.3333282470703,256.3333435058594,252.3333282470703,254.0,13500,0.0,0.0
2018-04-25 00:00:00+09:00,256.6666564941406,263.3333435058594,256.6666564941406,258.6666564941406,55500,0.0,0.0
2018-04-26 00:00:00+09:00,258.6666564941406,258.6666564941406,258.6666564941406,258.6666564941406,0,0.0,0.0
2018-04-27 00:00:00+09:00,258.6666564941406,258.6666564941406,258.6666564941406,258.6666564941406,0,0.0,0.0
2018-04-30 00:00:00+09:00,258.6666564941406,258.6666564941406,258.6666564941406,258.6666564941406,0,0.0,0.0
2018-05-01 00:00:00+09:00,258.6666564941406,258.6666564941406,258.6666564941406,258.6666564941406,4500,0.0,0.0
2018-05-02 00:00:00+09:00,253.6666717529297,256.0,253.6666717529297,256.0,3000,0.0,0.0
2018-05-03 00:00:00+09:00,256.0,256.0,256.0,256.0,0,0.0,0.0
2018-05-04 00:00:00+09:00,256.0,256.0,256.0,256.0,0,0.0,0.0
2018-05-07 00:00:00+09:00,247.0,253.3333282470703,247.0,253.3333282470703,3000,0.0,0.0
2018-05-08 00:00:00+09:00,253.3333282470703,253.3333282470703,253.3333282470703,253.3333282470703,0,0.0,0.0
2018-05-09 00:00:00+09:00,253.3333282470703,253.3333282470703,253.3333282470703,253.3333282470703,0,0.0,0.0
2018-05-10 00:00:00+09:00,253.3333282470703,253.3333282470703,253.3333282470703,253.3333282470703,0,0.0,0.0
2018-05-11 00:00:00+09:00,253.3333282470703,253.3333282470703,253.3333282470703,253.3333282470703,0,0.0,0.0
2018-05-14 00:00:00+09:00,245.6666717529297,245.6666717529297,233.3333282470703,233.3333282470703,12000,0.0,0.0
2018-05-15 00:00:00+09:00,196.0,209.3333282470703,192.6666717529297,203.3333282470703,70500,0.0,0.0
2018-05-16 00:00:00+09:00,240.6666717529297,240.6666717529297,210.3333282470703,213.0,40500,0.0,0.0
2018-05-17 00:00:00+09:00,213.0,213.0,213.0,213.0,0,0.0,0.0
2018-05-18 00:00:00+09:00,219.3333282470703,219.3333282470703,211.3333282470703,212.0,10500,0.0,0.0
2018-05-21 00:00:00+09:00,210.6666717529297,211.0,210.0,210.0,24000,0.0,0.0
2018-05-22 00:00:00+09:00,210.0,210.0,210.0,210.0,0,0.0,0.0
2018-05-23 00:00:00+09:00,210.0,210.0,210.0,210.0,0,0.0,0.0
2018-05-24 00:00:00+09:00,210.0,210.0,210.0,210.0,0,0.0,0.0
2018-05-25 00:00:00+09:00,210.0,210.0,210.0,210.0,0,0.0,0.0
2018-05-28 00:00:00+09:00,229.6666717529297,229.6666717529297,205.0,206.3333282470703,22500,0.0,0.0
2018-05-29 00:00:00+09:00,206.3333282470703,206.3333282470703,200.0,200.6666717529297,13500,0.0,0.0
2018-05-30 00:00:00+09:00,200.6666717529297,200.6666717529297,200.6666717529297,200.6666717529297,0,0.0,0.0
2018-05-31 00:00:00+09:00,200.6666717529297,200.6666717529297,200.6666717529297,200.6666717529297,0,0.0,0.0
2018-06-01 00:00:00+09:00,200.6666717529297,200.6666717529297,200.6666717529297,200.6666717529297,0,0.0,0.0
2018-06-04 00:00:00+09:00,200.6666717529297,200.6666717529297,200.6666717529297,200.6666717529297,0,0.0,0.0
2018-06-05 00:00:00+09:00,200.6666717529297,200.6666717529297,200.6666717529297,200.6666717529297,0,0.0,0.0
2018-06-06 00:00:00+09:00,199.0,199.0,199.0,199.0,3000,0.0,0.0
2018-06-07 00:00:00+09:00,206.0,206.0,201.3333282470703,205.6666717529297,18000,0.0,0.0
2018-06-08 00:00:00+09:00,206.3333282470703,206.3333282470703,205.6666717529297,205.6666717529297,7500,0.0,0.0
2018-06-11 00:00:00+09:00,205.6666717529297,205.6666717529297,205.6666717529297,205.6666717529297,0,0.0,0.0
2018-06-12 00:00:00+09:00,205.6666717529297,205.6666717529297,205.6666717529297,205.6666717529297,0,0.0,0.0
2018-06-13 00:00:00+09:00,205.6666717529297,205.6666717529297,205.6666717529297,205.6666717529297,0,0.0,0.0
2018-06-14 00:00:00+09:00,205.6666717529297,205.6666717529297,205.6666717529297,205.6666717529297,0,0.0,0.0
2018-06-15 00:00:00+09:00,210.0,215.3333282470703,210.0,211.0,13500,0.0,0.0
2018-06-18 00:00:00+09:00,211.0,211.0,211.0,211.0,0,0.0,0.0
2018-06-19 00:00:00+09:00,215.6666717529297,243.3333282470703,215.6666717529297,229.0,16500,0.0,0.0
2018-06-20 00:00:00+09:00,228.6666717529297,275.6666564941406,228.3333282470703,263.3333435058594,81000,0.0,0.0
2018-06-21 00:00:00+09:00,262.3333435058594,262.3333435058594,237.6666717529297,240.0,36000,0.0,0.0
2018-06-22 00:00:00+09:00,237.3333282470703,240.3333282470703,237.3333282470703,240.3333282470703,9000,0.0,0.0
2018-06-25 00:00:00+09:00,263.3333435058594,263.3333435058594,220.6666717529297,220.6666717529297,15000,0.0,0.0
2018-06-26 00:00:00+09:00,202.0,252.3333282470703,202.0,251.0,27000,0.0,0.0
2018-06-27 00:00:00+09:00,251.0,251.0,251.0,251.0,0,0.0,0.0
2018-06-28 00:00:00+09:00,232.0,255.3333282470703,232.0,255.3333282470703,4500,0.0,0.0
2018-06-29 00:00:00+09:00,264.6666564941406,300.0,252.0,293.3333435058594,127500,0.0,0.0
2018-07-02 00:00:00+09:00,288.6666564941406,288.6666564941406,267.3333435058594,267.3333435058594,25500,0.0,0.0
2018-07-03 00:00:00+09:00,244.0,245.0,240.3333282470703,245.0,6000,0.0,0.0
2018-07-04 00:00:00+09:00,245.0,247.0,243.3333282470703,243.6666717529297,10500,0.0,0.0
2018-07-05 00:00:00+09:00,243.6666717529297,243.6666717529297,243.6666717529297,243.6666717529297,0,0.0,0.0
2018-07-06 00:00:00+09:00,243.6666717529297,243.6666717529297,243.6666717529297,243.6666717529297,0,0.0,0.0
2018-07-09 00:00:00+09:00,243.6666717529297,243.6666717529297,243.6666717529297,243.6666717529297,0,0.0,0.0
2018-07-10 00:00:00+09:00,243.6666717529297,243.6666717529297,243.6666717529297,243.6666717529297,0,0.0,0.0
2018-07-11 00:00:00+09:00,213.3333282470703,214.6666717529297,211.0,213.0,13500,0.0,0.0
2018-07-12 00:00:00+09:00,214.6666717529297,214.6666717529297,214.6666717529297,214.6666717529297,1500,0.0,0.0
2018-07-13 00:00:00+09:00,214.6666717529297,214.6666717529297,214.6666717529297,214.6666717529297,0,0.0,0.0
2018-07-16 00:00:00+09:00,214.6666717529297,214.6666717529297,214.6666717529297,214.6666717529297,0,0.0,0.0
2018-07-17 00:00:00+09:00,214.6666717529297,214.6666717529297,214.6666717529297,214.6666717529297,0,0.0,0.0
2018-07-18 00:00:00+09:00,214.6666717529297,214.6666717529297,214.6666717529297,214.6666717529297,0,0.0,0.0
2018-07-19 00:00:00+09:00,214.6666717529297,214.6666717529297,214.6666717529297,214.6666717529297,0,0.0,0.0
2018-07-20 00:00:00+09:00,214.6666717529297,214.6666717529297,214.6666717529297,214.6666717529297,0,0.0,0.0
2018-07-23 00:00:00+09:00,214.6666717529297,214.6666717529297,214.6666717529297,214.6666717529297,0,0.0,0.0
2018-07-24 00:00:00+09:00,214.6666717529297,214.6666717529297,214.6666717529297,214.6666717529297,0,0.0,0.0
2018-07-25 00:00:00+09:00,214.6666717529297,214.6666717529297,214.6666717529297,214.6666717529297,0,0.0,0.0
2018-07-26 00:00:00+09:00,214.6666717529297,214.6666717529297,214.6666717529297,214.6666717529297,0,0.0,0.0
2018-07-27 00:00:00+09:00,214.6666717529297,214.6666717529297,214.6666717529297,214.6666717529297,0,0.0,0.0
2018-07-30 00:00:00+09:00,214.6666717529297,214.6666717529297,214.6666717529297,214.6666717529297,0,0.0,0.0
2018-07-31 00:00:00+09:00,214.6666717529297,214.6666717529297,214.6666717529297,214.6666717529297,0,0.0,0.0
2018-08-01 00:00:00+09:00,214.6666717529297,214.6666717529297,214.6666717529297,214.6666717529297,0,0.0,0.0
2018-08-02 00:00:00+09:00,214.6666717529297,214.6666717529297,214.6666717529297,214.6666717529297,0,0.0,0.0
2018-08-03 00:00:00+09:00,214.6666717529297,214.6666717529297,214.6666717529297,214.6666717529297,0,0.0,0.0
2018-08-06 00:00:00+09:00,214.6666717529297,214.6666717529297,214.6666717529297,214.6666717529297,0,0.0,0.0
2018-08-07 00:00:00+09:00,214.6666717529297,214.6666717529297,214.6666717529297,214.6666717529297,0,0.0,0.0
2018-08-08 00:00:00+09:00,214.6666717529297,214.6666717529297,214.6666717529297,214.6666717529297,0,0.0,0.0
2018-08-09 00:00:00+09:00,214.6666717529297,214.6666717529297,214.6666717529297,214.6666717529297,0,0.0,0.0
2018-08-10 00:00:00+09:00,214.6666717529297,214.6666717529297,214.6666717529297,214.6666717529297,0,0.0,0.0
2018-08-13 00:00:00+09:00,214.6666717529297,214.6666717529297,214.6666717529297,214.6666717529297,0,0.0,0.0
2018-08-14 00:00:00+09:00,214.6666717529297,214.6666717529297,214.6666717529297,214.6666717529297,0,0.0,0.0
2018-08-15 00:00:00+09:00,214.6666717529297,214.6666717529297,214.6666717529297,214.6666717529297,0,0.0,0.0
2018-08-16 00:00:00+09:00,212.3333282470703,212.3333282470703,212.3333282470703,212.3333282470703,3000,0.0,0.0
2018-08-17 00:00:00+09:00,203.0,203.6666717529297,203.0,203.0,4500,0.0,0.0
2018-08-20 00:00:00+09:00,203.0,203.0,203.0,203.0,0,0.0,0.0
2018-08-21 00:00:00+09:00,203.0,203.0,203.0,203.0,0,0.0,0.0
2018-08-22 00:00:00+09:00,203.0,203.0,203.0,203.0,0,0.0,0.0
2018-08-23 00:00:00+09:00,203.0,203.0,203.0,203.0,0,0.0,0.0
2018-08-24 00:00:00+09:00,203.0,203.0,203.0,203.0,0,0.0,0.0
2018-08-27 00:00:00+09:00,203.0,203.0,203.0,203.0,0,0.0,0.0
2018-08-28 00:00:00+09:00,203.0,203.0,203.0,203.0,0,0.0,0.0
2018-08-29 00:00:00+09:00,203.0,203.0,203.0,203.0,0,0.0,0.0
2018-08-30 00:00:00+09:00,203.0,203.0,203.0,203.0,0,0.0,0.0
2018-08-31 00:00:00+09:00,203.0,203.0,203.0,203.0,0,0.0,0.0
2018-09-03 00:00:00+09:00,203.0,203.0,203.0,203.0,0,0.0,0.0
2018-09-04 00:00:00+09:00,203.0,203.0,203.0,203.0,0,0.0,0.0
2018-09-05 00:00:00+09:00,203.0,203.0,203.0,203.0,0,0.0,0.0
2018-09-06 00:00:00+09:00,233.3333282470703,233.3333282470703,205.3333282470703,205.3333282470703,6000,0.0,0.0
2018-09-07 00:00:00+09:00,205.3333282470703,205.3333282470703,205.3333282470703,205.3333282470703,0,0.0,0.0
2018-09-10 00:00:00+09:00,205.3333282470703,205.3333282470703,205.3333282470703,205.3333282470703,0,0.0,0.0
2018-09-11 00:00:00+09:00,205.3333282470703,205.3333282470703,205.3333282470703,205.3333282470703,0,0.0,0.0
2018-09-12 00:00:00+09:00,200.6666717529297,201.0,200.6666717529297,200.6666717529297,19500,0.0,0.0
2018-09-13 00:00:00+09:00,228.6666717529297,233.3333282470703,228.3333282470703,231.6666717529297,48000,0.0,0.0
2018-09-14 00:00:00+09:00,231.6666717529297,231.6666717529297,231.6666717529297,231.6666717529297,0,0.0,0.0
2018-09-17 00:00:00+09:00,231.6666717529297,231.6666717529297,231.6666717529297,231.6666717529297,0,0.0,0.0
2018-09-18 00:00:00+09:00,225.3333282470703,258.3333435058594,211.3333282470703,251.0,76500,0.0,0.0
2018-09-19 00:00:00+09:00,251.0,251.0,251.0,251.0,0,0.0,0.0
2018-09-20 00:00:00+09:00,227.6666717529297,246.3333282470703,223.0,246.3333282470703,13500,0.0,0.0
2018-09-21 00:00:00+09:00,232.3333282470703,232.6666717529297,224.6666717529297,230.0,22500,0.0,0.0
2018-09-24 00:00:00+09:00,230.0,230.0,230.0,230.0,0,0.0,0.0
2018-09-25 00:00:00+09:00,232.0,232.0,232.0,232.0,1500,0.0,0.0
2018-09-26 00:00:00+09:00,232.0,232.0,232.0,232.0,0,0.0,0.0
2018-09-27 00:00:00+09:00,232.0,232.0,232.0,232.0,0,0.0,0.0
2018-09-28 00:00:00+09:00,221.3333282470703,221.3333282470703,216.3333282470703,221.0,9000,0.0,0.0
2018-10-01 00:00:00+09:00,224.0,224.0,224.0,224.0,1500,0.0,0.0
2018-10-02 00:00:00+09:00,224.0,224.0,224.0,224.0,0,0.0,0.0
2018-10-03 00:00:00+09:00,224.0,224.0,224.0,224.0,0,0.0,0.0
2018-10-04 00:00:00+09:00,224.0,224.0,224.0,224.0,0,0.0,0.0
2018-10-05 00:00:00+09:00,224.0,224.0,224.0,224.0,0,0.0,0.0
2018-10-08 00:00:00+09:00,224.0,224.0,224.0,224.0,0,0.0,0.0
2018-10-09 00:00:00+09:00,224.0,224.0,224.0,224.0,0,0.0,0.0
2018-10-10 00:00:00+09:00,224.0,224.0,224.0,224.0,0,0.0,0.0
2018-10-11 00:00:00+09:00,224.0,224.0,224.0,224.0,0,0.0,0.0
2018-10-12 00:00:00+09:00,220.0,220.0,220.0,220.0,4500,0.0,0.0
2018-10-15 00:00:00+09:00,220.0,220.0,220.0,220.0,0,0.0,0.0
2018-10-16 00:00:00+09:00,220.0,220.0,220.0,220.0,0,0.0,0.0
2018-10-17 00:00:00+09:00,215.3333282470703,215.3333282470703,215.3333282470703,215.3333282470703,10500,0.0,0.0
2018-10-18 00:00:00+09:00,215.3333282470703,215.3333282470703,215.3333282470703,215.3333282470703,0,0.0,0.0
2018-10-19 00:00:00+09:00,238.6666717529297,239.6666717529297,238.6666717529297,238.6666717529297,15000,0.0,0.0
2018-10-22 00:00:00+09:00,233.3333282470703,233.3333282470703,226.6666717529297,226.6666717529297,19500,0.0,0.0
2018-10-23 00:00:00+09:00,226.6666717529297,226.6666717529297,226.6666717529297,226.6666717529297,0,0.0,0.0
2018-10-24 00:00:00+09:00,226.6666717529297,226.6666717529297,226.6666717529297,226.6666717529297,0,0.0,0.0
2018-10-25 00:00:00+09:00,226.6666717529297,226.6666717529297,226.6666717529297,226.6666717529297,1500,0.0,0.0
2018-10-26 00:00:00+09:00,226.6666717529297,226.6666717529297,226.6666717529297,226.6666717529297,0,0.0,0.0
2018-10-29 00:00:00+09:00,226.6666717529297,226.6666717529297,226.6666717529297,226.6666717529297,0,0.0,0.0
2018-10-30 00:00:00+09:00,226.6666717529297,226.6666717529297,226.6666717529297,226.6666717529297,0,0.0,0.0
2018-10-31 00:00:00+09:00,226.6666717529297,226.6666717529297,226.6666717529297,226.6666717529297,0,0.0,0.0
2018-11-01 00:00:00+09:00,226.6666717529297,226.6666717529297,226.6666717529297,226.6666717529297,0,0.0,0.0
2018-11-02 00:00:00+09:00,226.6666717529297,226.6666717529297,226.6666717529297,226.6666717529297,0,0.0,0.0
2018-11-05 00:00:00+09:00,226.6666717529297,226.6666717529297,226.6666717529297,226.6666717529297,0,0.0,0.0
2018-11-06 00:00:00+09:00,226.6666717529297,226.6666717529297,226.6666717529297,226.6666717529297,0,0.0,0.0
2018-11-07 00:00:00+09:00,226.6666717529297,226.6666717529297,226.6666717529297,226.6666717529297,0,0.0,0.0
2018-11-08 00:00:00+09:00,226.6666717529297,226.6666717529297,226.6666717529297,226.6666717529297,0,0.0,0.0
2018-11-09 00:00:00+09:00,226.6666717529297,226.6666717529297,226.6666717529297,226.6666717529297,0,0.0,0.0
2018-11-12 00:00:00+09:00,258.6666564941406,268.0,249.3333282470703,268.0,27000,0.0,0.0
2018-11-13 00:00:00+09:00,268.0,268.0,268.0,268.0,0,0.0,0.0
2018-11-14 00:00:00+09:00,261.3333435058594,268.0,261.3333435058594,268.0,10500,0.0,0.0
2018-11-15 00:00:00+09:00,268.0,268.0,268.0,268.0,0,0.0,0.0
2018-11-16 00:00:00+09:00,268.0,268.0,268.0,268.0,0,0.0,0.0
2018-11-19 00:00:00+09:00,227.0,227.0,221.3333282470703,221.3333282470703,36000,0.0,0.0
2018-11-20 00:00:00+09:00,207.3333282470703,207.3333282470703,206.6666717529297,207.3333282470703,16500,0.0,0.0
2018-11-21 00:00:00+09:00,188.13333129882812,202.6666717529297,188.13333129882812,202.6666717529297,9000,0.0,0.0
2018-11-22 00:00:00+09:00,202.6666717529297,202.6666717529297,202.6666717529297,202.6666717529297,0,0.0,0.0
2018-11-23 00:00:00+09:00,202.6666717529297,202.6666717529297,202.6666717529297,202.6666717529297,0,0.0,0.0
2018-11-26 00:00:00+09:00,202.6666717529297,202.6666717529297,202.6666717529297,202.6666717529297,0,0.0,0.0
2018-11-27 00:00:00+09:00,202.6666717529297,202.6666717529297,202.6666717529297,202.6666717529297,0,0.0,0.0
2018-11-28 00:00:00+09:00,210.3333282470703,210.3333282470703,210.3333282470703,210.3333282470703,1500,0.0,0.0
2018-11-29 00:00:00+09:00,210.3333282470703,210.3333282470703,210.3333282470703,210.3333282470703,0,0.0,0.0
2018-11-30 00:00:00+09:00,210.3333282470703,210.3333282470703,210.3333282470703,210.3333282470703,0,0.0,0.0
2018-12-03 00:00:00+09:00,210.3333282470703,210.3333282470703,210.3333282470703,210.3333282470703,0,0.0,0.0
2018-12-04 00:00:00+09:00,210.3333282470703,210.3333282470703,210.3333282470703,210.3333282470703,3000,0.0,0.0
2018-12-05 00:00:00+09:00,210.3333282470703,210.3333282470703,210.3333282470703,210.3333282470703,0,0.0,0.0
2018-12-06 00:00:00+09:00,210.3333282470703,210.3333282470703,210.3333282470703,210.3333282470703,0,0.0,0.0
2018-12-07 00:00:00+09:00,210.3333282470703,210.3333282470703,210.3333282470703,210.3333282470703,0,0.0,0.0
2018-12-10 00:00:00+09:00,196.3333282470703,200.0,196.3333282470703,200.0,9000,0.0,0.0
2018-12-11 00:00:00+09:00,200.3333282470703,200.3333282470703,200.3333282470703,200.3333282470703,1500,0.0,0.0
2018-12-12 00:00:00+09:00,200.3333282470703,200.3333282470703,200.3333282470703,200.3333282470703,1500,0.0,0.0
2018-12-13 00:00:00+09:00,213.3333282470703,213.3333282470703,213.3333282470703,213.3333282470703,7500,0.0,0.0
2018-12-14 00:00:00+09:00,213.3333282470703,213.3333282470703,213.3333282470703,213.3333282470703,0,0.0,0.0
2018-12-17 00:00:00+09:00,213.3333282470703,213.3333282470703,213.3333282470703,213.3333282470703,0,0.0,0.0
2018-12-18 00:00:00+09:00,213.3333282470703,213.3333282470703,213.3333282470703,213.3333282470703,0,0.0,0.0
2018-12-19 00:00:00+09:00,202.0,202.0,202.0,202.0,3000,0.0,0.0
2018-12-20 00:00:00+09:00,202.0,202.0,202.0,202.0,1500,0.0,0.0
2018-12-21 00:00:00+09:00,202.0,202.0,202.0,202.0,0,0.0,0.0
2018-12-24 00:00:00+09:00,202.0,202.0,202.0,202.0,0,0.0,0.0
2018-12-25 00:00:00+09:00,206.0,206.0,206.0,206.0,3000,0.0,0.0
2018-12-26 00:00:00+09:00,206.0,206.0,206.0,206.0,0,0.0,0.0
2018-12-27 00:00:00+09:00,206.0,206.0,206.0,206.0,0,0.0,0.0
2018-12-28 00:00:00+09:00,206.0,206.0,206.0,206.0,0,0.0,0.0
2018-12-31 00:00:00+09:00,206.0,206.0,206.0,206.0,0,0.0,0.0
2019-01-04 00:00:00+09:00,206.0,206.0,206.0,206.0,0,0.0,0.0
2019-01-07 00:00:00+09:00,206.0,206.0,206.0,206.0,0,0.0,0.0
2019-01-08 00:00:00+09:00,206.0,206.0,206.0,206.0,0,0.0,0.0
2019-01-09 00:00:00+09:00,203.0,203.0,203.0,203.0,1500,0.0,0.0
2019-01-10 00:00:00+09:00,203.0,203.0,203.0,203.0,1500,0.0,0.0
2019-01-11 00:00:00+09:00,203.0,203.0,203.0,203.0,0,0.0,0.0
2019-01-15 00:00:00+09:00,203.0,203.0,203.0,203.0,0,0.0,0.0
2019-01-16 00:00:00+09:00,203.0,203.0,203.0,203.0,0,0.0,0.0
2019-01-17 00:00:00+09:00,203.0,203.0,203.0,203.0,0,0.0,0.0
2019-01-18 00:00:00+09:00,203.0,203.0,203.0,203.0,0,0.0,0.0
2019-01-21 00:00:00+09:00,203.0,203.0,203.0,203.0,0,0.0,0.0
2019-01-22 00:00:00+09:00,191.60000610351562,191.60000610351562,191.60000610351562,191.60000610351562,1500,0.0,0.0
2019-01-23 00:00:00+09:00,191.60000610351562,191.60000610351562,191.60000610351562,191.60000610351562,0,0.0,0.0
2019-01-24 00:00:00+09:00,191.60000610351562,191.60000610351562,191.60000610351562,191.60000610351562,0,0.0,0.0
2019-01-25 00:00:00+09:00,200.0,200.0,195.3333282470703,195.3333282470703,3000,0.0,0.0
2019-01-28 00:00:00+09:00,195.3333282470703,195.3333282470703,195.3333282470703,195.3333282470703,0,0.0,0.0
2019-01-29 00:00:00+09:00,195.3333282470703,195.3333282470703,195.3333282470703,195.3333282470703,0,0.0,0.0
2019-01-30 00:00:00+09:00,195.3333282470703,195.3333282470703,195.3333282470703,195.3333282470703,0,0.0,0.0
2019-01-31 00:00:00+09:00,195.3333282470703,195.3333282470703,195.3333282470703,195.3333282470703,0,0.0,0.0
2019-02-01 00:00:00+09:00,195.3333282470703,195.3333282470703,195.3333282470703,195.3333282470703,0,0.0,0.0
2019-02-04 00:00:00+09:00,195.3333282470703,195.3333282470703,195.3333282470703,195.3333282470703,0,0.0,0.0
2019-02-05 00:00:00+09:00,195.3333282470703,195.3333282470703,195.3333282470703,195.3333282470703,0,0.0,0.0
2019-02-06 00:00:00+09:00,195.3333282470703,195.3333282470703,195.3333282470703,195.3333282470703,0,0.0,0.0
2019-02-07 00:00:00+09:00,219.3333282470703,219.3333282470703,219.3333282470703,219.3333282470703,1500,0.0,0.0
2019-02-08 00:00:00+09:00,219.3333282470703,219.3333282470703,219.3333282470703,219.3333282470703,0,0.0,0.0
2019-02-12 00:00:00+09:00,219.3333282470703,219.3333282470703,219.3333282470703,219.3333282470703,0,0.0,0.0
2019-02-13 00:00:00+09:00,219.3333282470703,219.3333282470703,219.3333282470703,219.3333282470703,0,0.0,0.0
2019-02-14 00:00:00+09:00,219.3333282470703,219.3333282470703,219.3333282470703,219.3333282470703,0,0.0,0.0
2019-02-15 00:00:00+09:00,216.3333282470703,216.3333282470703,208.6666717529297,208.6666717529297,10500,0.0,0.0
2019-02-18 00:00:00+09:00,208.6666717529297,208.6666717529297,208.6666717529297,208.6666717529297,0,0.0,0.0
2019-02-19 00:00:00+09:00,202.0,202.0,202.0,202.0,3000,0.0,0.0
2019-02-20 00:00:00+09:00,202.0,202.0,202.0,202.0,0,0.0,0.0
2019-02-21 00:00:00+09:00,202.0,202.0,202.0,202.0,0,0.0,0.0
2019-02-22 00:00:00+09:00,202.0,202.0,202.0,202.0,0,0.0,0.0
2019-02-25 00:00:00+09:00,210.6666717529297,210.6666717529297,210.6666717529297,210.6666717529297,1500,0.0,0.0
2019-02-26 00:00:00+09:00,210.6666717529297,210.6666717529297,210.6666717529297,210.6666717529297,0,0.0,0.0
2019-02-27 00:00:00+09:00,210.6666717529297,210.6666717529297,210.6666717529297,210.6666717529297,0,0.0,0.0
2019-02-28 00:00:00+09:00,202.0,202.0,202.0,202.0,10500,0.0,0.0
2019-03-01 00:00:00+09:00,202.0,202.0,202.0,202.0,6000,0.0,0.0
2019-03-04 00:00:00+09:00,215.6666717529297,215.6666717529297,215.6666717529297,215.6666717529297,1500,0.0,0.0
2019-03-05 00:00:00+09:00,215.6666717529297,215.6666717529297,215.6666717529297,215.6666717529297,1500,0.0,0.0
2019-03-06 00:00:00+09:00,215.6666717529297,215.6666717529297,215.6666717529297,215.6666717529297,0,0.0,0.0
2019-03-07 00:00:00+09:00,215.6666717529297,215.6666717529297,215.6666717529297,215.6666717529297,3000,0.0,0.0
2019-03-08 00:00:00+09:00,215.6666717529297,215.6666717529297,215.6666717529297,215.6666717529297,0,0.0,0.0
2019-03-11 00:00:00+09:00,204.0,213.3333282470703,204.0,213.3333282470703,3000,0.0,0.0
2019-03-12 00:00:00+09:00,213.3333282470703,213.3333282470703,213.3333282470703,213.3333282470703,0,0.0,0.0
2019-03-13 00:00:00+09:00,208.0,208.0,208.0,208.0,1500,0.0,0.0
2019-03-14 00:00:00+09:00,212.3333282470703,212.3333282470703,212.3333282470703,212.3333282470703,1500,0.0,0.0
2019-03-15 00:00:00+09:00,212.3333282470703,212.3333282470703,212.3333282470703,212.3333282470703,0,0.0,0.0
2019-03-18 00:00:00+09:00,212.3333282470703,212.3333282470703,212.3333282470703,212.3333282470703,1500,0.0,0.0
2019-03-19 00:00:00+09:00,212.3333282470703,212.3333282470703,212.3333282470703,212.3333282470703,0,0.0,0.0
2019-03-20 00:00:00+09:00,203.0,203.0,197.3333282470703,197.3333282470703,7500,0.0,0.0
2019-03-22 00:00:00+09:00,197.3333282470703,197.3333282470703,197.3333282470703,197.3333282470703,0,0.0,0.0
2019-03-25 00:00:00+09:00,208.6666717529297,226.6666717529297,207.6666717529297,207.6666717529297,15000,0.0,0.0
2019-03-26 00:00:00+09:00,221.0,225.6666717529297,221.0,224.6666717529297,6000,0.0,0.0
2019-03-27 00:00:00+09:00,224.3333282470703,224.3333282470703,224.3333282470703,224.3333282470703,3000,0.0,0.0
2019-03-28 00:00:00+09:00,224.3333282470703,224.3333282470703,224.3333282470703,224.3333282470703,3000,0.0,0.0
2019-03-29 00:00:00+09:00,224.3333282470703,224.3333282470703,224.3333282470703,224.3333282470703,0,0.0,0.0
2019-04-01 00:00:00+09:00,225.0,225.0,215.6666717529297,215.6666717529297,3000,0.0,0.0
2019-04-02 00:00:00+09:00,225.0,225.0,215.6666717529297,220.3333282470703,4500,0.0,0.0
2019-04-03 00:00:00+09:00,220.3333282470703,220.3333282470703,220.3333282470703,220.3333282470703,0,0.0,0.0
2019-04-04 00:00:00+09:00,220.3333282470703,220.3333282470703,220.3333282470703,220.3333282470703,0,0.0,0.0
2019-04-05 00:00:00+09:00,220.3333282470703,220.3333282470703,220.3333282470703,220.3333282470703,0,0.0,0.0
2019-04-08 00:00:00+09:00,220.3333282470703,220.3333282470703,220.3333282470703,220.3333282470703,0,0.0,0.0
2019-04-09 00:00:00+09:00,211.0,211.0,211.0,211.0,1500,0.0,0.0
2019-04-10 00:00:00+09:00,211.0,211.0,211.0,211.0,0,0.0,0.0
2019-04-11 00:00:00+09:00,211.0,211.0,211.0,211.0,0,0.0,0.0
2019-04-12 00:00:00+09:00,211.0,211.0,211.0,211.0,0,0.0,0.0
2019-04-15 00:00:00+09:00,208.3333282470703,208.3333282470703,208.3333282470703,208.3333282470703,1500,0.0,0.0
2019-04-16 00:00:00+09:00,208.6666717529297,208.6666717529297,208.3333282470703,208.3333282470703,6000,0.0,0.0
2019-04-17 00:00:00+09:00,208.3333282470703,208.3333282470703,208.3333282470703,208.3333282470703,3000,0.0,0.0
2019-04-18 00:00:00+09:00,208.3333282470703,208.3333282470703,208.3333282470703,208.3333282470703,0,0.0,0.0
2019-04-19 00:00:00+09:00,203.6666717529297,203.6666717529297,203.6666717529297,203.6666717529297,3000,0.0,0.0
2019-04-22 00:00:00+09:00,205.0,205.0,204.6666717529297,204.6666717529297,4500,0.0,0.0
2019-04-23 00:00:00+09:00,204.6666717529297,204.6666717529297,204.6666717529297,204.6666717529297,0,0.0,0.0
2019-04-24 00:00:00+09:00,202.0,206.6666717529297,202.0,206.6666717529297,6000,0.0,0.0
2019-04-25 00:00:00+09:00,206.6666717529297,206.6666717529297,206.6666717529297,206.6666717529297,1500,0.0,0.0
2019-04-26 00:00:00+09:00,202.3333282470703,202.3333282470703,202.0,202.0,13500,0.0,0.0
2019-05-07 00:00:00+09:00,207.3333282470703,207.3333282470703,203.3333282470703,203.3333282470703,3000,0.0,0.0
2019-05-08 00:00:00+09:00,202.3333282470703,202.3333282470703,202.3333282470703,202.3333282470703,1500,0.0,0.0
2019-05-09 00:00:00+09:00,202.3333282470703,202.3333282470703,202.3333282470703,202.3333282470703,0,0.0,0.0
2019-05-10 00:00:00+09:00,202.0,202.0,202.0,202.0,4500,0.0,0.0
2019-05-13 00:00:00+09:00,205.3333282470703,205.3333282470703,202.0,205.3333282470703,31500,0.0,0.0
2019-05-14 00:00:00+09:00,202.3333282470703,202.3333282470703,202.0,202.0,9000,0.0,0.0
2019-05-15 00:00:00+09:00,202.0,202.0,202.0,202.0,1500,0.0,0.0
2019-05-16 00:00:00+09:00,202.0,202.0,202.0,202.0,0,0.0,0.0
2019-05-17 00:00:00+09:00,202.0,202.0,197.3333282470703,197.39999389648438,13500,0.0,0.0
2019-05-20 00:00:00+09:00,202.0,202.0,202.0,202.0,4500,0.0,0.0
2019-05-21 00:00:00+09:00,202.0,202.0,202.0,202.0,15000,0.0,0.0
2019-05-22 00:00:00+09:00,197.26666259765625,197.26666259765625,192.0,192.0,6000,0.0,0.0
2019-05-23 00:00:00+09:00,192.0,192.0,192.0,192.0,0,0.0,0.0
2019-05-24 00:00:00+09:00,192.0,192.0,192.0,192.0,0,0.0,0.0
2019-05-27 00:00:00+09:00,198.6666717529297,200.0,198.6666717529297,198.6666717529297,6000,0.0,0.0
2019-05-28 00:00:00+09:00,198.6666717529297,198.6666717529297,198.6666717529297,198.6666717529297,0,0.0,0.0
2019-05-29 00:00:00+09:00,205.3333282470703,205.3333282470703,205.3333282470703,205.3333282470703,1500,0.0,0.0
2019-05-30 00:00:00+09:00,205.3333282470703,205.3333282470703,205.3333282470703,205.3333282470703,0,0.0,0.0
2019-05-31 00:00:00+09:00,202.0,202.0,202.0,202.0,15000,0.0,0.0
2019-06-03 00:00:00+09:00,202.0,202.0,202.0,202.0,9000,0.0,0.0
2019-06-04 00:00:00+09:00,202.0,202.0,202.0,202.0,4500,0.0,0.0
2019-06-05 00:00:00+09:00,202.0,202.0,202.0,202.0,0,0.0,0.0
2019-06-06 00:00:00+09:00,202.0,202.0,202.0,202.0,4500,0.0,0.0
2019-06-07 00:00:00+09:00,202.0,202.0,202.0,202.0,4500,0.0,0.0
2019-06-10 00:00:00+09:00,202.0,202.0,202.0,202.0,10500,0.0,0.0
2019-06-11 00:00:00+09:00,202.0,202.0,202.0,202.0,0,0.0,0.0
2019-06-12 00:00:00+09:00,202.0,202.0,202.0,202.0,0,0.0,0.0
2019-06-13 00:00:00+09:00,202.0,202.0,202.0,202.0,3000,0.0,0.0
2019-06-14 00:00:00+09:00,202.0,202.0,198.6666717529297,198.6666717529297,36000,0.0,0.0
2019-06-17 00:00:00+09:00,198.6666717529297,198.6666717529297,198.6666717529297,198.6666717529297,0,0.0,0.0
2019-06-18 00:00:00+09:00,198.6666717529297,198.6666717529297,198.6666717529297,198.6666717529297,0,0.0,0.0
2019-06-19 00:00:00+09:00,198.6666717529297,198.6666717529297,198.6666717529297,198.6666717529297,0,0.0,0.0
2019-06-20 00:00:00+09:00,198.6666717529297,198.6666717529297,198.6666717529297,198.6666717529297,0,0.0,0.0
2019-06-21 00:00:00+09:00,198.6666717529297,198.6666717529297,198.6666717529297,198.6666717529297,0,0.0,0.0
2019-06-24 00:00:00+09:00,198.6666717529297,198.6666717529297,198.6666717529297,198.6666717529297,0,0.0,0.0
2019-06-25 00:00:00+09:00,198.6666717529297,198.6666717529297,198.6666717529297,198.6666717529297,0,0.0,0.0
2019-06-26 00:00:00+09:00,220.0,220.0,201.3333282470703,201.3333282470703,3000,0.0,0.0
2019-06-27 00:00:00+09:00,201.3333282470703,201.3333282470703,201.3333282470703,201.3333282470703,0,0.0,0.0
2019-06-28 00:00:00+09:00,200.6666717529297,201.0,200.6666717529297,200.6666717529297,18000,0.0,0.0
2019-07-01 00:00:00+09:00,200.6666717529297,201.0,200.6666717529297,200.6666717529297,19500,0.0,0.0
2019-07-02 00:00:00+09:00,200.6666717529297,200.6666717529297,200.6666717529297,200.6666717529297,0,0.0,0.0
2019-07-03 00:00:00+09:00,200.6666717529297,200.6666717529297,200.6666717529297,200.6666717529297,7500,0.0,0.0
2019-07-04 00:00:00+09:00,210.0,210.0,210.0,210.0,1500,0.0,0.0
2019-07-05 00:00:00+09:00,201.0,201.0,201.0,201.0,1500,0.0,0.0
2019-07-08 00:00:00+09:00,201.0,201.0,201.0,201.0,0,0.0,0.0
2019-07-09 00:00:00+09:00,206.6666717529297,206.6666717529297,202.0,202.0,4500,0.0,0.0
2019-07-10 00:00:00+09:00,202.0,202.0,202.0,202.0,0,0.0,0.0
2019-07-11 00:00:00+09:00,200.6666717529297,200.6666717529297,200.6666717529297,200.6666717529297,3000,0.0,0.0
2019-07-12 00:00:00+09:00,200.6666717529297,200.6666717529297,200.6666717529297,200.6666717529297,7500,0.0,0.0
2019-07-16 00:00:00+09:00,200.6666717529297,200.6666717529297,200.6666717529297,200.6666717529297,7500,0.0,0.0
2019-07-17 00:00:00+09:00,196.0,196.0,196.0,196.0,1500,0.0,0.0
2019-07-18 00:00:00+09:00,196.0,196.0,196.0,196.0,0,0.0,0.0
2019-07-19 00:00:00+09:00,196.0,196.0,196.0,196.0,0,0.0,0.0
2019-07-22 00:00:00+09:00,196.0,196.0,196.0,196.0,0,0.0,0.0
2019-07-23 00:00:00+09:00,196.0,196.0,196.0,196.0,0,0.0,0.0
2019-07-24 00:00:00+09:00,196.0,196.0,196.0,196.0,0,0.0,0.0
2019-07-25 00:00:00+09:00,196.0,196.0,196.0,196.0,0,0.0,0.0
2019-07-26 00:00:00+09:00,207.3333282470703,207.3333282470703,207.3333282470703,207.3333282470703,3000,0.0,0.0
2019-07-29 00:00:00+09:00,202.6666717529297,202.6666717529297,202.6666717529297,202.6666717529297,7500,0.0,0.0
2019-07-30 00:00:00+09:00,202.6666717529297,202.6666717529297,202.6666717529297,202.6666717529297,9000,0.0,0.0
2019-07-31 00:00:00+09:00,202.6666717529297,202.6666717529297,202.6666717529297,202.6666717529297,0,0.0,0.0
2019-08-01 00:00:00+09:00,202.6666717529297,202.6666717529297,202.6666717529297,202.6666717529297,0,0.0,0.0
2019-08-02 00:00:00+09:00,202.6666717529297,202.6666717529297,202.6666717529297,202.6666717529297,0,0.0,0.0
2019-08-05 00:00:00+09:00,202.6666717529297,202.6666717529297,202.6666717529297,202.6666717529297,0,0.0,0.0
2019-08-06 00:00:00+09:00,202.6666717529297,202.6666717529297,202.6666717529297,202.6666717529297,0,0.0,0.0
2019-08-07 00:00:00+09:00,202.6666717529297,202.6666717529297,202.6666717529297,202.6666717529297,0,0.0,0.0
2019-08-08 00:00:00+09:00,202.6666717529297,202.6666717529297,202.6666717529297,202.6666717529297,1500,0.0,0.0
2019-08-09 00:00:00+09:00,202.6666717529297,202.6666717529297,202.6666717529297,202.6666717529297,0,0.0,0.0
2019-08-13 00:00:00+09:00,202.6666717529297,202.6666717529297,202.6666717529297,202.6666717529297,0,0.0,0.0
2019-08-14 00:00:00+09:00,202.6666717529297,202.6666717529297,202.6666717529297,202.6666717529297,0,0.0,0.0
2019-08-15 00:00:00+09:00,202.0,202.0,193.6666717529297,193.6666717529297,15000,0.0,0.0
2019-08-16 00:00:00+09:00,193.73333740234375,193.73333740234375,193.73333740234375,193.73333740234375,1500,0.0,0.0
2019-08-19 00:00:00+09:00,193.73333740234375,193.73333740234375,193.73333740234375,193.73333740234375,0,0.0,0.0
2019-08-20 00:00:00+09:00,193.73333740234375,193.73333740234375,193.73333740234375,193.73333740234375,0,0.0,0.0
2019-08-21 00:00:00+09:00,193.73333740234375,193.73333740234375,193.73333740234375,193.73333740234375,3000,0.0,0.0
2019-08-22 00:00:00+09:00,193.73333740234375,193.73333740234375,193.73333740234375,193.73333740234375,7500,0.0,0.0
2019-08-23 00:00:00+09:00,193.73333740234375,194.0,193.73333740234375,193.8000030517578,6000,0.0,0.0
2019-08-26 00:00:00+09:00,200.0,200.0,200.0,200.0,4500,0.0,0.0
2019-08-27 00:00:00+09:00,200.0,200.0,200.0,200.0,1500,0.0,0.0
2019-08-28 00:00:00+09:00,200.0,200.0,200.0,200.0,0,0.0,0.0
2019-08-29 00:00:00+09:00,200.0,200.0,200.0,200.0,0,0.0,0.0
2019-08-30 00:00:00+09:00,200.0,200.0,200.0,200.0,0,0.0,0.0
2019-09-02 00:00:00+09:00,200.0,200.0,200.0,200.0,0,0.0,0.0
2019-09-03 00:00:00+09:00,200.0,200.0,200.0,200.0,0,0.0,0.0
2019-09-04 00:00:00+09:00,200.0,200.0,200.0,200.0,0,0.0,0.0
2019-09-05 00:00:00+09:00,200.0,200.0,200.0,200.0,7500,0.0,0.0
2019-09-06 00:00:00+09:00,200.0,200.0,200.0,200.0,12000,0.0,0.0
2019-09-09 00:00:00+09:00,200.0,200.0,200.0,200.0,0,0.0,0.0
2019-09-10 00:00:00+09:00,200.0,200.0,200.0,200.0,0,0.0,0.0
2019-09-11 00:00:00+09:00,200.0,200.0,200.0,200.0,0,0.0,0.0
2019-09-12 00:00:00+09:00,200.0,200.0,200.0,200.0,0,0.0,0.0
2019-09-13 00:00:00+09:00,200.0,200.0,200.0,200.0,4500,0.0,0.0
2019-09-17 00:00:00+09:00,200.0,200.0,200.0,200.0,4500,0.0,0.0
2019-09-18 00:00:00+09:00,200.0,200.0,200.0,200.0,3000,0.0,0.0
2019-09-19 00:00:00+09:00,200.0,200.0,200.0,200.0,0,0.0,0.0
2019-09-20 00:00:00+09:00,200.0,200.0,200.0,200.0,0,0.0,0.0
2019-09-24 00:00:00+09:00,200.0,200.0,200.0,200.0,3000,0.0,0.0
2019-09-25 00:00:00+09:00,200.0,206.6666717529297,200.0,203.3333282470703,4500,0.0,0.0
2019-09-26 00:00:00+09:00,207.3333282470703,213.3333282470703,207.3333282470703,208.6666717529297,12000,0.0,0.0
2019-09-27 00:00:00+09:00,208.6666717529297,208.6666717529297,208.6666717529297,208.6666717529297,0,0.0,0.0
2019-09-30 00:00:00+09:00,208.6666717529297,208.6666717529297,208.6666717529297,208.6666717529297,0,0.0,0.0
2019-10-01 00:00:00+09:00,213.0,213.0,203.6666717529297,203.6666717529297,3000,0.0,0.0
2019-10-02 00:00:00+09:00,203.6666717529297,203.6666717529297,203.6666717529297,203.6666717529297,0,0.0,0.0
2019-10-03 00:00:00+09:00,203.6666717529297,203.6666717529297,203.6666717529297,203.6666717529297,0,0.0,0.0
2019-10-04 00:00:00+09:00,203.6666717529297,203.6666717529297,203.6666717529297,203.6666717529297,0,0.0,0.0
2019-10-07 00:00:00+09:00,203.6666717529297,203.6666717529297,203.6666717529297,203.6666717529297,0,0.0,0.0
2019-10-08 00:00:00+09:00,203.6666717529297,203.6666717529297,203.6666717529297,203.6666717529297,0,0.0,0.0
2019-10-09 00:00:00+09:00,203.6666717529297,203.6666717529297,203.6666717529297,203.6666717529297,0,0.0,0.0
2019-10-10 00:00:00+09:00,203.6666717529297,203.6666717529297,203.6666717529297,203.6666717529297,0,0.0,0.0
2019-10-11 00:00:00+09:00,203.6666717529297,203.6666717529297,203.6666717529297,203.6666717529297,0,0.0,0.0
2019-10-15 00:00:00+09:00,208.3333282470703,208.3333282470703,208.3333282470703,208.3333282470703,1500,0.0,0.0
2019-10-16 00:00:00+09:00,208.3333282470703,208.3333282470703,208.3333282470703,208.3333282470703,0,0.0,0.0
2019-10-17 00:00:00+09:00,208.3333282470703,208.3333282470703,208.3333282470703,208.3333282470703,0,0.0,0.0
2019-10-18 00:00:00+09:00,208.3333282470703,208.3333282470703,208.3333282470703,208.3333282470703,0,0.0,0.0
2019-10-21 00:00:00+09:00,208.3333282470703,208.3333282470703,208.3333282470703,208.3333282470703,0,0.0,0.0
2019-10-23 00:00:00+09:00,208.3333282470703,208.3333282470703,208.3333282470703,208.3333282470703,0,0.0,0.0
2019-10-24 00:00:00+09:00,208.3333282470703,208.3333282470703,208.3333282470703,208.3333282470703,0,0.0,0.0
2019-10-25 00:00:00+09:00,208.3333282470703,208.3333282470703,208.3333282470703,208.3333282470703,0,0.0,0.0
2019-10-28 00:00:00+09:00,213.3333282470703,213.3333282470703,208.6666717529297,208.6666717529297,4500,0.0,0.0
2019-10-29 00:00:00+09:00,199.3333282470703,206.6666717529297,199.3333282470703,206.6666717529297,4500,0.0,0.0
2019-10-30 00:00:00+09:00,206.6666717529297,206.6666717529297,206.6666717529297,206.6666717529297,0,0.0,0.0
2019-10-31 00:00:00+09:00,206.6666717529297,206.6666717529297,206.6666717529297,206.6666717529297,0,0.0,0.0
2019-11-01 00:00:00+09:00,206.6666717529297,206.6666717529297,206.6666717529297,206.6666717529297,0,0.0,0.0
2019-11-05 00:00:00+09:00,200.3333282470703,200.3333282470703,200.3333282470703,200.3333282470703,1500,0.0,0.0
2019-11-06 00:00:00+09:00,200.3333282470703,200.3333282470703,200.3333282470703,200.3333282470703,1500,0.0,0.0
2019-11-07 00:00:00+09:00,200.0,200.0,200.0,200.0,1500,0.0,0.0
2019-11-08 00:00:00+09:00,200.0,200.0,200.0,200.0,1500,0.0,0.0
2019-11-11 00:00:00+09:00,195.3333282470703,195.3333282470703,195.3333282470703,195.3333282470703,1500,0.0,0.0
2019-11-12 00:00:00+09:00,194.0,194.0,194.0,194.0,1500,0.0,0.0
2019-11-13 00:00:00+09:00,197.3333282470703,197.3333282470703,194.0,194.0,3000,0.0,0.0
2019-11-14 00:00:00+09:00,197.3333282470703,197.3333282470703,194.0,194.0,3000,0.0,0.0
2019-11-15 00:00:00+09:00,194.0,194.0,194.0,194.0,0,0.0,0.0
2019-11-18 00:00:00+09:00,194.0,194.0,194.0,194.0,0,0.0,0.0
2019-11-19 00:00:00+09:00,194.0,194.0,194.0,194.0,0,0.0,0.0
2019-11-20 00:00:00+09:00,194.0,194.0,194.0,194.0,0,0.0,0.0
2019-11-21 00:00:00+09:00,194.0,194.0,194.0,194.0,0,0.0,0.0
2019-11-22 00:00:00+09:00,197.3333282470703,197.3333282470703,197.3333282470703,197.3333282470703,3000,0.0,0.0
2019-11-25 00:00:00+09:00,201.3333282470703,201.3333282470703,201.3333282470703,201.3333282470703,3000,0.0,0.0
2019-11-26 00:00:00+09:00,201.3333282470703,201.3333282470703,201.3333282470703,201.3333282470703,3000,0.0,0.0
2019-11-27 00:00:00+09:00,201.3333282470703,201.3333282470703,201.3333282470703,201.3333282470703,0,0.0,0.0
2019-11-28 00:00:00+09:00,201.3333282470703,201.3333282470703,201.3333282470703,201.3333282470703,0,0.0,0.0
2019-11-29 00:00:00+09:00,197.3333282470703,197.3333282470703,197.3333282470703,197.3333282470703,3000,0.0,0.0
2019-12-02 00:00:00+09:00,197.3333282470703,197.3333282470703,197.3333282470703,197.3333282470703,0,0.0,0.0
2019-12-03 00:00:00+09:00,197.3333282470703,197.3333282470703,197.3333282470703,197.3333282470703,0,0.0,0.0
2019-12-04 00:00:00+09:00,197.3333282470703,197.3333282470703,197.3333282470703,197.3333282470703,0,0.0,0.0
2019-12-05 00:00:00+09:00,197.3333282470703,197.3333282470703,197.3333282470703,197.3333282470703,0,0.0,0.0
2019-12-06 00:00:00+09:00,197.3333282470703,197.3333282470703,197.3333282470703,197.3333282470703,0,0.0,0.0
2019-12-09 00:00:00+09:00,193.3333282470703,193.3333282470703,193.3333282470703,193.3333282470703,3000,0.0,0.0
2019-12-10 00:00:00+09:00,193.3333282470703,193.3333282470703,193.3333282470703,193.3333282470703,0,0.0,0.0
2019-12-11 00:00:00+09:00,193.3333282470703,193.3333282470703,193.3333282470703,193.3333282470703,0,0.0,0.0
2019-12-12 00:00:00+09:00,193.3333282470703,193.3333282470703,193.3333282470703,193.3333282470703,0,0.0,0.0
2019-12-13 00:00:00+09:00,193.3333282470703,193.3333282470703,193.3333282470703,193.3333282470703,0,0.0,0.0
2019-12-16 00:00:00+09:00,193.3333282470703,193.3333282470703,193.3333282470703,193.3333282470703,0,0.0,0.0
2019-12-17 00:00:00+09:00,196.6666717529297,196.6666717529297,196.6666717529297,196.6666717529297,1500,0.0,0.0
2019-12-18 00:00:00+09:00,196.6666717529297,196.6666717529297,196.6666717529297,196.6666717529297,1500,0.0,0.0
2019-12-19 00:00:00+09:00,196.6666717529297,196.6666717529297,196.6666717529297,196.6666717529297,0,0.0,0.0
2019-12-20 00:00:00+09:00,196.6666717529297,196.6666717529297,196.6666717529297,196.6666717529297,0,0.0,0.0
2019-12-23 00:00:00+09:00,196.6666717529297,196.6666717529297,196.6666717529297,196.6666717529297,1500,0.0,0.0
2019-12-24 00:00:00+09:00,196.6666717529297,196.6666717529297,196.6666717529297,196.6666717529297,0,0.0,0.0
2019-12-25 00:00:00+09:00,200.0,200.0,200.0,200.0,3000,0.0,0.0
2019-12-26 00:00:00+09:00,200.0,200.0,200.0,200.0,3000,0.0,0.0
2019-12-27 00:00:00+09:00,200.0,200.0,200.0,200.0,0,0.0,0.0
2019-12-30 00:00:00+09:00,200.0,200.0,200.0,200.0,0,0.0,0.0
2020-01-06 00:00:00+09:00,192.73333740234375,192.73333740234375,192.73333740234375,192.73333740234375,1500,0.0,0.0
2020-01-07 00:00:00+09:00,192.73333740234375,192.73333740234375,192.73333740234375,192.73333740234375,0,0.0,0.0
2020-01-08 00:00:00+09:00,192.73333740234375,192.73333740234375,192.73333740234375,192.73333740234375,0,0.0,0.0
2020-01-09 00:00:00+09:00,191.3333282470703,191.3333282470703,191.3333282470703,191.3333282470703,1500,0.0,0.0
2020-01-10 00:00:00+09:00,191.3333282470703,191.3333282470703,191.3333282470703,191.3333282470703,1500,0.0,0.0
2020-01-14 00:00:00+09:00,191.3333282470703,198.0,191.3333282470703,198.0,3000,0.0,0.0
2020-01-15 00:00:00+09:00,198.0,198.0,198.0,198.0,0,0.0,0.0
2020-01-16 00:00:00+09:00,198.0,198.0,198.0,198.0,0,0.0,0.0
2020-01-17 00:00:00+09:00,198.0,198.0,198.0,198.0,0,0.0,0.0
2020-01-20 00:00:00+09:00,198.0,198.0,198.0,198.0,1500,0.0,0.0
2020-01-21 00:00:00+09:00,198.0,198.0,198.0,198.0,0,0.0,0.0
2020-01-22 00:00:00+09:00,198.0,198.0,198.0,198.0,1500,0.0,0.0
2020-01-23 00:00:00+09:00,198.0,198.0,198.0,198.0,1500,0.0,0.0
2020-01-24 00:00:00+09:00,197.3333282470703,197.3333282470703,197.3333282470703,197.3333282470703,3000,0.0,0.0
2020-01-27 00:00:00+09:00,197.3333282470703,197.3333282470703,197.3333282470703,197.3333282470703,3000,0.0,0.0
2020-01-28 00:00:00+09:00,197.3333282470703,197.3333282470703,197.3333282470703,197.3333282470703,0,0.0,0.0
2020-01-29 00:00:00+09:00,197.3333282470703,197.3333282470703,197.3333282470703,197.3333282470703,0,0.0,0.0
2020-01-30 00:00:00+09:00,197.3333282470703,197.3333282470703,197.3333282470703,197.3333282470703,0,0.0,0.0
2020-01-31 00:00:00+09:00,197.3333282470703,197.3333282470703,197.3333282470703,197.3333282470703,0,0.0,0.0
2020-02-03 00:00:00+09:00,197.3333282470703,197.3333282470703,197.3333282470703,197.3333282470703,0,0.0,0.0
2020-02-04 00:00:00+09:00,197.3333282470703,197.3333282470703,197.3333282470703,197.3333282470703,0,0.0,0.0
2020-02-05 00:00:00+09:00,197.3333282470703,197.3333282470703,197.3333282470703,197.3333282470703,0,0.0,0.0
2020-02-06 00:00:00+09:00,192.0,192.0,192.0,192.0,1500,0.0,0.0
2020-02-07 00:00:00+09:00,192.0,192.0,192.0,192.0,1500,0.0,0.0
2020-02-10 00:00:00+09:00,192.0,192.0,192.0,192.0,0,0.0,0.0
2020-02-12 00:00:00+09:00,192.0,192.0,192.0,192.0,0,0.0,0.0
2020-02-13 00:00:00+09:00,192.0,192.0,192.0,192.0,0,0.0,0.0
2020-02-14 00:00:00+09:00,192.0,192.0,192.0,192.0,0,0.0,0.0
2020-02-17 00:00:00+09:00,192.0,192.0,192.0,192.0,0,0.0,0.0
2020-02-18 00:00:00+09:00,192.0,192.0,192.0,192.0,0,0.0,0.0
2020-02-19 00:00:00+09:00,192.0,192.0,192.0,192.0,0,0.0,0.0
2020-02-20 00:00:00+09:00,192.0,192.0,192.0,192.0,0,0.0,0.0
2020-02-21 00:00:00+09:00,192.0,192.0,192.0,192.0,0,0.0,0.0
2020-02-25 00:00:00+09:00,192.0,192.0,192.0,192.0,0,0.0,0.0
2020-02-26 00:00:00+09:00,199.93333435058594,199.93333435058594,199.93333435058594,199.93333435058594,1500,0.0,0.0
2020-02-27 00:00:00+09:00,199.93333435058594,199.93333435058594,199.93333435058594,199.93333435058594,0,0.0,0.0
2020-02-28 00:00:00+09:00,199.93333435058594,199.93333435058594,199.93333435058594,199.93333435058594,0,0.0,0.0
2020-03-02 00:00:00+09:00,199.93333435058594,199.93333435058594,199.93333435058594,199.93333435058594,0,0.0,0.0
2020-03-03 00:00:00+09:00,199.3333282470703,199.3333282470703,199.3333282470703,199.3333282470703,1500,0.0,0.0
2020-03-04 00:00:00+09:00,199.3333282470703,199.3333282470703,199.3333282470703,199.3333282470703,0,0.0,0.0
2020-03-05 00:00:00+09:00,199.3333282470703,199.3333282470703,199.3333282470703,199.3333282470703,0,0.0,0.0
2020-03-06 00:00:00+09:00,199.3333282470703,199.3333282470703,199.3333282470703,199.3333282470703,0,0.0,0.0
2020-03-09 00:00:00+09:00,173.39999389648438,173.39999389648438,173.39999389648438,173.39999389648438,1500,0.0,0.0
2020-03-10 00:00:00+09:00,143.39999389648438,193.39999389648438,143.39999389648438,193.39999389648438,4500,0.0,0.0
2020-03-11 00:00:00+09:00,193.39999389648438,193.46665954589844,193.39999389648438,193.46665954589844,3000,0.0,0.0
2020-03-12 00:00:00+09:00,193.46665954589844,193.46665954589844,193.46665954589844,193.46665954589844,0,0.0,0.0
2020-03-13 00:00:00+09:00,193.46665954589844,193.46665954589844,193.46665954589844,193.46665954589844,0,0.0,0.0
2020-03-16 00:00:00+09:00,193.46665954589844,193.46665954589844,193.46665954589844,193.46665954589844,0,0.0,0.0
2020-03-17 00:00:00+09:00,191.3333282470703,191.3333282470703,191.3333282470703,191.3333282470703,1500,0.0,0.0
2020-03-18 00:00:00+09:00,196.60000610351562,199.93333435058594,196.60000610351562,199.93333435058594,3000,0.0,0.0
2020-03-19 00:00:00+09:00,199.93333435058594,199.93333435058594,199.93333435058594,199.93333435058594,1500,0.0,0.0
2020-03-23 00:00:00+09:00,199.93333435058594,199.93333435058594,199.93333435058594,199.93333435058594,1500,0.0,0.0
2020-03-24 00:00:00+09:00,199.3333282470703,199.3333282470703,199.3333282470703,199.3333282470703,1500,0.0,0.0
2020-03-25 00:00:00+09:00,199.3333282470703,199.3333282470703,198.0,198.0,4500,0.0,0.0
2020-03-26 00:00:00+09:00,198.46665954589844,198.46665954589844,198.0,198.1999969482422,7500,0.0,0.0
2020-03-27 00:00:00+09:00,198.1999969482422,198.1999969482422,198.1999969482422,198.1999969482422,0,0.0,0.0
2020-03-30 00:00:00+09:00,198.1999969482422,198.1999969482422,198.1999969482422,198.1999969482422,0,0.0,0.0
2020-03-31 00:00:00+09:00,198.1999969482422,198.1999969482422,198.1999969482422,198.1999969482422,0,0.0,0.0
2020-04-01 00:00:00+09:00,198.1999969482422,198.1999969482422,198.1999969482422,198.1999969482422,0,0.0,0.0
2020-04-02 00:00:00+09:00,198.1999969482422,198.1999969482422,198.1999969482422,198.1999969482422,0,0.0,0.0
2020-04-03 00:00:00+09:00,198.1999969482422,198.1999969482422,198.1999969482422,198.1999969482422,0,0.0,0.0
2020-04-06 00:00:00+09:00,198.1999969482422,198.1999969482422,198.1999969482422,198.1999969482422,0,0.0,0.0
2020-04-07 00:00:00+09:00,198.1999969482422,198.1999969482422,198.1999969482422,198.1999969482422,0,0.0,0.0
2020-04-08 00:00:00+09:00,198.1999969482422,198.1999969482422,198.1999969482422,198.1999969482422,0,0.0,0.0
2020-04-09 00:00:00+09:00,198.1999969482422,198.1999969482422,198.1999969482422,198.1999969482422,0,0.0,0.0
2020-04-10 00:00:00+09:00,198.1999969482422,198.1999969482422,198.1999969482422,198.1999969482422,0,0.0,0.0
2020-04-13 00:00:00+09:00,198.1999969482422,198.1999969482422,198.1999969482422,198.1999969482422,0,0.0,0.0
2020-04-14 00:00:00+09:00,198.1999969482422,198.1999969482422,198.1999969482422,198.1999969482422,0,0.0,0.0
2020-04-15 00:00:00+09:00,198.1999969482422,198.1999969482422,198.1999969482422,198.1999969482422,0,0.0,0.0
2020-04-16 00:00:00+09:00,198.1999969482422,198.1999969482422,198.1999969482422,198.1999969482422,0,0.0,0.0
2020-04-17 00:00:00+09:00,198.1999969482422,198.1999969482422,198.1999969482422,198.1999969482422,0,0.0,0.0
2020-04-20 00:00:00+09:00,176.8000030517578,176.8000030517578,176.8000030517578,176.8000030517578,3000,0.0,0.0
2020-04-21 00:00:00+09:00,176.8000030517578,186.6666717529297,176.8000030517578,186.6666717529297,9000,0.0,0.0
2020-04-22 00:00:00+09:00,183.3333282470703,193.3333282470703,183.3333282470703,193.3333282470703,9000,0.0,0.0
2020-04-23 00:00:00+09:00,193.3333282470703,193.3333282470703,193.3333282470703,193.3333282470703,0,0.0,0.0
2020-04-24 00:00:00+09:00,193.3333282470703,193.3333282470703,193.3333282470703,193.3333282470703,0,0.0,0.0
2020-04-27 00:00:00+09:00,184.6666717529297,186.0,184.6666717529297,186.0,7500,0.0,0.0
2020-04-28 00:00:00+09:00,186.0,186.6666717529297,186.0,186.6666717529297,3000,0.0,0.0
2020-04-30 00:00:00+09:00,186.6666717529297,186.6666717529297,186.6666717529297,186.6666717529297,0,0.0,0.0
2020-05-01 00:00:00+09:00,184.0,184.0,184.0,184.0,1500,0.0,0.0
2020-05-07 00:00:00+09:00,184.0,188.0,184.0,188.0,15000,0.0,0.0
2020-05-08 00:00:00+09:00,193.26666259765625,193.26666259765625,186.6666717529297,188.0,7500,0.0,0.0
2020-05-11 00:00:00+09:00,188.0,188.0,188.0,188.0,3000,0.0,0.0
2020-05-12 00:00:00+09:00,188.0,188.0,188.0,188.0,4500,0.0,0.0
2020-05-13 00:00:00+09:00,190.0,196.6666717529297,190.0,196.6666717529297,21000,0.0,0.0
2020-05-14 00:00:00+09:00,196.0,196.0,196.0,196.0,3000,0.0,0.0
2020-05-15 00:00:00+09:00,196.0,196.0,196.0,196.0,0,0.0,0.0
2020-05-18 00:00:00+09:00,196.0,196.0,196.0,196.0,0,0.0,0.0
2020-05-19 00:00:00+09:00,196.0,196.0,196.0,196.0,0,0.0,0.0
2020-05-20 00:00:00+09:00,195.3333282470703,200.0,195.3333282470703,200.0,22500,0.0,0.0
2020-05-21 00:00:00+09:00,200.0,200.0,200.0,200.0,0,0.0,0.0
2020-05-22 00:00:00+09:00,200.0,200.0,200.0,200.0,0,0.0,0.0
2020-05-25 00:00:00+09:00,200.0,200.0,200.0,200.0,6000,0.0,0.0
2020-05-26 00:00:00+09:00,198.0,198.0,198.0,198.0,12000,0.0,0.0
2020-05-27 00:00:00+09:00,198.0,198.0,198.0,198.0,25500,0.0,0.0
2020-05-28 00:00:00+09:00,196.6666717529297,198.0,196.6666717529297,198.0,28500,0.0,0.0
2020-05-29 00:00:00+09:00,198.0,198.0,198.0,198.0,0,0.0,0.0
2020-06-01 00:00:00+09:00,197.3333282470703,197.3333282470703,197.3333282470703,197.3333282470703,3000,0.0,0.0
2020-06-02 00:00:00+09:00,197.3333282470703,197.3333282470703,197.3333282470703,197.3333282470703,0,0.0,0.0
2020-06-03 00:00:00+09:00,197.3333282470703,198.6666717529297,196.6666717529297,196.6666717529297,27000,0.0,0.0
2020-06-04 00:00:00+09:00,196.6666717529297,196.6666717529297,196.6666717529297,196.6666717529297,0,0.0,0.0
2020-06-05 00:00:00+09:00,196.6666717529297,196.6666717529297,196.6666717529297,196.6666717529297,0,0.0,0.0
2020-06-08 00:00:00+09:00,196.6666717529297,196.6666717529297,196.6666717529297,196.6666717529297,0,0.0,0.0
2020-06-09 00:00:00+09:00,196.6666717529297,196.6666717529297,196.6666717529297,196.6666717529297,0,0.0,0.0
2020-06-10 00:00:00+09:00,196.6666717529297,196.6666717529297,196.6666717529297,196.6666717529297,0,0.0,0.0
2020-06-11 00:00:00+09:00,196.6666717529297,196.6666717529297,196.6666717529297,196.6666717529297,0,0.0,0.0
2020-06-12 00:00:00+09:00,196.6666717529297,196.6666717529297,196.6666717529297,196.6666717529297,0,0.0,0.0
2020-06-15 00:00:00+09:00,196.6666717529297,196.6666717529297,196.6666717529297,196.6666717529297,0,0.0,0.0
2020-06-16 00:00:00+09:00,196.6666717529297,196.6666717529297,196.6666717529297,196.6666717529297,0,0.0,0.0
2020-06-17 00:00:00+09:00,196.6666717529297,196.6666717529297,196.6666717529297,196.6666717529297,0,0.0,0.0
2020-06-18 00:00:00+09:00,196.6666717529297,196.6666717529297,196.6666717529297,196.6666717529297,0,0.0,0.0
2020-06-19 00:00:00+09:00,196.6666717529297,196.6666717529297,196.6666717529297,196.6666717529297,0,0.0,0.0
2020-06-22 00:00:00+09:00,199.3333282470703,199.3333282470703,199.3333282470703,199.3333282470703,1500,0.0,0.0
2020-06-23 00:00:00+09:00,199.3333282470703,199.3333282470703,199.3333282470703,199.3333282470703,0,0.0,0.0
2020-06-24 00:00:00+09:00,199.3333282470703,199.3333282470703,199.3333282470703,199.3333282470703,1500,0.0,0.0
2020-06-25 00:00:00+09:00,199.3333282470703,199.3333282470703,199.3333282470703,199.3333282470703,0,0.0,0.0
2020-06-26 00:00:00+09:00,200.0,200.0,200.0,200.0,4500,0.0,0.0
2020-06-29 00:00:00+09:00,200.0,200.0,200.0,200.0,0,0.0,0.0
2020-06-30 00:00:00+09:00,200.0,200.0,200.0,200.0,0,0.0,0.0
2020-07-01 00:00:00+09:00,200.0,200.0,200.0,200.0,0,0.0,0.0
2020-07-02 00:00:00+09:00,200.0,200.0,200.0,200.0,0,0.0,0.0
2020-07-03 00:00:00+09:00,200.0,200.0,200.0,200.0,0,0.0,0.0
2020-07-06 00:00:00+09:00,193.3333282470703,193.3333282470703,190.0,190.0,3000,0.0,0.0
2020-07-07 00:00:00+09:00,190.0,190.0,190.0,190.0,0,0.0,0.0
2020-07-08 00:00:00+09:00,190.0,190.0,190.0,190.0,0,0.0,0.0
2020-07-09 00:00:00+09:00,190.0,190.0,190.0,190.0,0,0.0,0.0
2020-07-10 00:00:00+09:00,190.0,190.0,190.0,190.0,0,0.0,0.0
2020-07-13 00:00:00+09:00,190.0,190.0,190.0,190.0,0,0.0,0.0
2020-07-14 00:00:00+09:00,190.0,190.0,190.0,190.0,0,0.0,0.0
2020-07-15 00:00:00+09:00,190.0,190.0,190.0,190.0,0,0.0,0.0
2020-07-16 00:00:00+09:00,190.0,190.0,190.0,190.0,0,0.0,0.0
2020-07-17 00:00:00+09:00,190.0,190.0,190.0,190.0,0,0.0,0.0
2020-07-20 00:00:00+09:00,190.0,190.0,190.0,190.0,0,0.0,0.0
2020-07-21 00:00:00+09:00,190.0,190.0,190.0,190.0,0,0.0,0.0
2020-07-22 00:00:00+09:00,190.0,190.0,190.0,190.0,0,0.0,0.0
2020-07-27 00:00:00+09:00,189.3333282470703,191.3333282470703,189.3333282470703,191.3333282470703,7500,0.0,0.0
2020-07-28 00:00:00+09:00,191.3333282470703,191.3333282470703,191.3333282470703,191.3333282470703,0,0.0,0.0
2020-07-29 00:00:00+09:00,191.3333282470703,191.3333282470703,191.3333282470703,191.3333282470703,0,0.0,0.0
2020-07-30 00:00:00+09:00,191.3333282470703,191.3333282470703,191.3333282470703,191.3333282470703,0,0.0,0.0
2020-07-31 00:00:00+09:00,191.3333282470703,191.3333282470703,191.3333282470703,191.3333282470703,0,0.0,0.0
2020-08-03 00:00:00+09:00,191.3333282470703,191.3333282470703,191.3333282470703,191.3333282470703,0,0.0,0.0
2020-08-04 00:00:00+09:00,191.3333282470703,191.3333282470703,191.3333282470703,191.3333282470703,0,0.0,0.0
2020-08-05 00:00:00+09:00,191.3333282470703,191.3333282470703,191.3333282470703,191.3333282470703,0,0.0,0.0
2020-08-06 00:00:00+09:00,191.3333282470703,191.3333282470703,191.3333282470703,191.3333282470703,0,0.0,0.0
2020-08-07 00:00:00+09:00,191.3333282470703,191.3333282470703,191.3333282470703,191.3333282470703,0,0.0,0.0
2020-08-11 00:00:00+09:00,191.3333282470703,191.3333282470703,191.3333282470703,191.3333282470703,0,0.0,0.0
2020-08-12 00:00:00+09:00,191.3333282470703,191.3333282470703,191.3333282470703,191.3333282470703,0,0.0,0.0
2020-08-13 00:00:00+09:00,191.3333282470703,191.3333282470703,191.3333282470703,191.3333282470703,0,0.0,0.0
2020-08-14 00:00:00+09:00,191.3333282470703,191.3333282470703,191.3333282470703,191.3333282470703,0,0.0,0.0
2020-08-17 00:00:00+09:00,191.3333282470703,191.3333282470703,191.3333282470703,191.3333282470703,0,0.0,0.0
2020-08-18 00:00:00+09:00,191.3333282470703,191.3333282470703,191.3333282470703,191.3333282470703,0,0.0,0.0
2020-08-19 00:00:00+09:00,191.3333282470703,191.3333282470703,191.3333282470703,191.3333282470703,0,0.0,0.0
2020-08-20 00:00:00+09:00,191.3333282470703,191.3333282470703,191.3333282470703,191.3333282470703,0,0.0,0.0
2020-08-21 00:00:00+09:00,191.3333282470703,191.3333282470703,191.3333282470703,191.3333282470703,0,0.0,0.0
2020-08-24 00:00:00+09:00,191.3333282470703,191.3333282470703,191.3333282470703,191.3333282470703,0,0.0,0.0
2020-08-25 00:00:00+09:00,191.3333282470703,191.3333282470703,191.3333282470703,191.3333282470703,0,0.0,0.0
2020-08-26 00:00:00+09:00,199.3333282470703,199.3333282470703,199.3333282470703,199.3333282470703,4500,0.0,0.0
2020-08-27 00:00:00+09:00,198.73333740234375,198.73333740234375,198.73333740234375,198.73333740234375,1500,0.0,0.0
2020-08-28 00:00:00+09:00,198.73333740234375,198.73333740234375,198.73333740234375,198.73333740234375,0,0.0,0.0
2020-08-31 00:00:00+09:00,198.73333740234375,198.73333740234375,198.73333740234375,198.73333740234375,0,0.0,0.0
2020-09-01 00:00:00+09:00,198.73333740234375,198.73333740234375,198.73333740234375,198.73333740234375,0,0.0,0.0
2020-09-02 00:00:00+09:00,198.73333740234375,198.73333740234375,198.73333740234375,198.73333740234375,0,0.0,0.0
2020-09-03 00:00:00+09:00,192.06666564941406,192.06666564941406,192.06666564941406,192.06666564941406,1500,0.0,0.0
2020-09-04 00:00:00+09:00,192.06666564941406,192.06666564941406,186.86666870117188,190.1999969482422,6000,0.0,0.0
2020-09-07 00:00:00+09:00,189.3333282470703,189.3333282470703,187.39999389648438,187.39999389648438,3000,0.0,0.0
2020-09-08 00:00:00+09:00,187.39999389648438,187.39999389648438,187.39999389648438,187.39999389648438,0,0.0,0.0
2020-09-09 00:00:00+09:00,187.39999389648438,197.6666717529297,187.39999389648438,191.39999389648438,6000,0.0,0.0
2020-09-10 00:00:00+09:00,191.39999389648438,191.39999389648438,191.39999389648438,191.39999389648438,0,0.0,0.0
2020-09-11 00:00:00+09:00,191.39999389648438,191.39999389648438,191.39999389648438,191.39999389648438,0,0.0,0.0
2020-09-14 00:00:00+09:00,191.39999389648438,191.39999389648438,191.39999389648438,191.39999389648438,0,0.0,0.0
2020-09-15 00:00:00+09:00,191.39999389648438,191.39999389648438,191.39999389648438,191.39999389648438,0,0.0,0.0
2020-09-16 00:00:00+09:00,191.39999389648438,191.39999389648438,191.39999389648438,191.39999389648438,0,0.0,0.0
2020-09-17 00:00:00+09:00,191.39999389648438,191.39999389648438,191.39999389648438,191.39999389648438,0,0.0,0.0
2020-09-18 00:00:00+09:00,191.39999389648438,191.39999389648438,191.39999389648438,191.39999389648438,0,0.0,0.0
2020-09-23 00:00:00+09:00,191.39999389648438,191.39999389648438,191.39999389648438,191.39999389648438,0,0.0,0.0
2020-09-24 00:00:00+09:00,191.39999389648438,191.39999389648438,191.39999389648438,191.39999389648438,0,0.0,0.0
2020-09-25 00:00:00+09:00,191.39999389648438,191.39999389648438,191.39999389648438,191.39999389648438,0,0.0,0.0
2020-09-28 00:00:00+09:00,191.39999389648438,191.39999389648438,191.39999389648438,191.39999389648438,4500,0.0,0.0
2020-09-29 00:00:00+09:00,191.39999389648438,191.39999389648438,191.39999389648438,191.39999389648438,0,0.0,0.0
2020-09-30 00:00:00+09:00,191.39999389648438,191.39999389648438,191.39999389648438,191.39999389648438,0,0.0,0.0
2020-10-02 00:00:00+09:00,191.39999389648438,191.39999389648438,191.39999389648438,191.39999389648438,0,0.0,0.0
2020-10-05 00:00:00+09:00,191.39999389648438,191.39999389648438,191.39999389648438,191.39999389648438,0,0.0,0.0
2020-10-06 00:00:00+09:00,191.39999389648438,191.39999389648438,191.39999389648438,191.39999389648438,0,0.0,0.0
2020-10-07 00:00:00+09:00,191.39999389648438,191.39999389648438,191.39999389648438,191.39999389648438,0,0.0,0.0
2020-10-08 00:00:00+09:00,191.39999389648438,191.39999389648438,191.39999389648438,191.39999389648438,0,0.0,0.0
2020-10-09 00:00:00+09:00,184.73333740234375,184.73333740234375,184.73333740234375,184.73333740234375,10500,0.0,0.0
2020-10-12 00:00:00+09:00,188.0,188.0,188.0,188.0,1500,0.0,0.0
2020-10-13 00:00:00+09:00,188.0,188.0,188.0,188.0,0,0.0,0.0
2020-10-14 00:00:00+09:00,188.0,188.0,188.0,188.0,0,0.0,0.0
2020-10-15 00:00:00+09:00,188.0,188.0,188.0,188.0,0,0.0,0.0
2020-10-16 00:00:00+09:00,188.0,188.0,188.0,188.0,0,0.0,0.0
2020-10-19 00:00:00+09:00,188.0,188.0,188.0,188.0,0,0.0,0.0
2020-10-20 00:00:00+09:00,188.0,188.0,188.0,188.0,0,0.0,0.0
2020-10-21 00:00:00+09:00,188.0,188.0,188.0,188.0,0,0.0,0.0
2020-10-22 00:00:00+09:00,188.0,188.0,188.0,188.0,0,0.0,0.0
2020-10-23 00:00:00+09:00,188.3333282470703,193.8000030517578,188.3333282470703,193.8000030517578,3000,0.0,0.0
2020-10-26 00:00:00+09:00,192.0,192.0,192.0,192.0,9000,0.0,0.0
2020-10-27 00:00:00+09:00,182.0,184.0,182.0,184.0,12000,0.0,0.0
2020-10-28 00:00:00+09:00,184.06666564941406,200.0,184.06666564941406,200.0,22500,0.0,0.0
2020-10-29 00:00:00+09:00,200.0,200.0,200.0,200.0,0,0.0,0.0
2020-10-30 00:00:00+09:00,200.0,200.0,200.0,200.0,0,0.0,0.0
2020-11-02 00:00:00+09:00,200.0,200.0,200.0,200.0,0,0.0,0.0
2020-11-04 00:00:00+09:00,194.8000030517578,194.8000030517578,194.8000030517578,194.8000030517578,1500,0.0,0.0
2020-11-05 00:00:00+09:00,194.8000030517578,194.8000030517578,194.8000030517578,194.8000030517578,0,0.0,0.0
2020-11-06 00:00:00+09:00,194.8000030517578,194.8000030517578,194.8000030517578,194.8000030517578,0,0.0,0.0
2020-11-09 00:00:00+09:00,194.8000030517578,194.8000030517578,194.8000030517578,194.8000030517578,0,0.0,0.0
2020-11-10 00:00:00+09:00,194.8000030517578,194.8000030517578,194.8000030517578,194.8000030517578,0,0.0,0.0
2020-11-11 00:00:00+09:00,194.8000030517578,194.8000030517578,194.8000030517578,194.8000030517578,0,0.0,0.0
2020-11-12 00:00:00+09:00,194.8000030517578,194.8000030517578,194.8000030517578,194.8000030517578,0,0.0,0.0
2020-11-13 00:00:00+09:00,194.8000030517578,194.8000030517578,194.8000030517578,194.8000030517578,0,0.0,0.0
2020-11-16 00:00:00+09:00,194.8000030517578,194.8000030517578,194.8000030517578,194.8000030517578,0,0.0,0.0
2020-11-17 00:00:00+09:00,194.8000030517578,194.8000030517578,194.8000030517578,194.8000030517578,6000,0.0,0.0
2020-11-18 00:00:00+09:00,194.8000030517578,194.8000030517578,194.8000030517578,194.8000030517578,0,0.0,0.0
2020-11-19 00:00:00+09:00,194.8000030517578,194.8000030517578,194.8000030517578,194.8000030517578,0,0.0,0.0
2020-11-20 00:00:00+09:00,194.8000030517578,194.8000030517578,194.8000030517578,194.8000030517578,0,0.0,0.0
2020-11-24 00:00:00+09:00,194.8000030517578,194.8000030517578,194.8000030517578,194.8000030517578,0,0.0,0.0
2020-11-25 00:00:00+09:00,197.53334045410156,197.53334045410156,197.0,197.0,4500,0.0,0.0
2020-11-26 00:00:00+09:00,195.0,195.0,192.46665954589844,194.13333129882812,12000,0.0,0.0
2020-11-27 00:00:00+09:00,194.13333129882812,194.13333129882812,194.13333129882812,194.13333129882812,0,0.0,0.0
2020-11-30 00:00:00+09:00,194.13333129882812,194.13333129882812,194.13333129882812,194.13333129882812,0,0.0,0.0
2020-12-01 00:00:00+09:00,190.8000030517578,197.46665954589844,190.8000030517578,197.46665954589844,3000,0.0,0.0
2020-12-02 00:00:00+09:00,197.46665954589844,197.46665954589844,197.46665954589844,197.46665954589844,1500,0.0,0.0
2020-12-03 00:00:00+09:00,197.46665954589844,197.46665954589844,197.46665954589844,197.46665954589844,0,0.0,0.0
2020-12-04 00:00:00+09:00,200.0,200.0,200.0,200.0,1500,0.0,0.0
2020-12-07 00:00:00+09:00,200.0,200.0,200.0,200.0,0,0.0,0.0
2020-12-08 00:00:00+09:00,200.0,200.0,200.0,200.0,0,0.0,0.0
2020-12-09 00:00:00+09:00,200.0,200.0,200.0,200.0,3000,0.0,0.0
2020-12-10 00:00:00+09:00,200.0,200.0,200.0,200.0,0,0.0,0.0
2020-12-11 00:00:00+09:00,200.0,200.0,200.0,200.0,0,0.0,0.0
2020-12-14 00:00:00+09:00,200.0,200.0,200.0,200.0,0,0.0,0.0
2020-12-15 00:00:00+09:00,200.0,200.0,200.0,200.0,0,0.0,0.0
2020-12-16 00:00:00+09:00,200.0,200.0,200.0,200.0,0,0.0,0.0
2020-12-17 00:00:00+09:00,199.93333435058594,199.93333435058594,199.93333435058594,199.93333435058594,1500,0.0,0.0
2020-12-18 00:00:00+09:00,199.93333435058594,199.93333435058594,199.93333435058594,199.93333435058594,0,0.0,0.0
2020-12-21 00:00:00+09:00,199.93333435058594,199.93333435058594,199.93333435058594,199.93333435058594,0,0.0,0.0
2020-12-22 00:00:00+09:00,199.93333435058594,199.93333435058594,199.93333435058594,199.93333435058594,0,0.0,0.0
2020-12-23 00:00:00+09:00,199.93333435058594,199.93333435058594,199.93333435058594,199.93333435058594,0,0.0,0.0
2020-12-24 00:00:00+09:00,199.93333435058594,199.93333435058594,199.93333435058594,199.93333435058594,0,0.0,0.0
2020-12-25 00:00:00+09:00,200.0,200.0,200.0,200.0,1500,0.0,0.0
2020-12-28 00:00:00+09:00,198.0,198.0,198.0,198.0,4500,0.0,0.0
2020-12-29 00:00:00+09:00,198.0,198.0,198.0,198.0,0,0.0,0.0
2020-12-30 00:00:00+09:00,198.0,198.0,198.0,198.0,0,0.0,0.0
2021-01-04 00:00:00+09:00,198.0,198.0,198.0,198.0,0,0.0,0.0
2021-01-05 00:00:00+09:00,200.0,200.0,200.0,200.0,1500,0.0,0.0
2021-01-06 00:00:00+09:00,200.0,200.0,200.0,200.0,0,0.0,0.0
2021-01-07 00:00:00+09:00,200.0,200.0,200.0,200.0,0,0.0,0.0
2021-01-08 00:00:00+09:00,200.0,200.0,200.0,200.0,0,0.0,0.0
2021-01-12 00:00:00+09:00,200.0,200.0,200.0,200.0,0,0.0,0.0
2021-01-13 00:00:00+09:00,200.0,200.0,200.0,200.0,0,0.0,0.0
2021-01-14 00:00:00+09:00,200.0,200.0,200.0,200.0,0,0.0,0.0
2021-01-15 00:00:00+09:00,200.0,200.0,200.0,200.0,1500,0.0,0.0
2021-01-18 00:00:00+09:00,200.0,200.0,200.0,200.0,0,0.0,0.0
2021-01-19 00:00:00+09:00,200.0,200.0,200.0,200.0,0,0.0,0.0
2021-01-20 00:00:00+09:00,200.0,200.0,195.3333282470703,195.3333282470703,6000,0.0,0.0
2021-01-21 00:00:00+09:00,195.3333282470703,195.3333282470703,195.3333282470703,195.3333282470703,3000,0.0,0.0
2021-01-22 00:00:00+09:00,195.3333282470703,195.3333282470703,195.3333282470703,195.3333282470703,0,0.0,0.0
2021-01-25 00:00:00+09:00,198.60000610351562,199.93333435058594,198.60000610351562,199.93333435058594,4500,0.0,0.0
2021-01-26 00:00:00+09:00,199.3333282470703,199.3333282470703,199.3333282470703,199.3333282470703,3000,0.0,0.0
2021-01-27 00:00:00+09:00,199.3333282470703,199.3333282470703,199.3333282470703,199.3333282470703,3000,0.0,0.0
2021-01-28 00:00:00+09:00,199.3333282470703,199.3333282470703,199.3333282470703,199.3333282470703,0,0.0,0.0
2021-01-29 00:00:00+09:00,199.3333282470703,199.3333282470703,199.3333282470703,199.3333282470703,0,0.0,0.0
2021-02-01 00:00:00+09:00,199.3333282470703,199.3333282470703,199.3333282470703,199.3333282470703,0,0.0,0.0
2021-02-02 00:00:00+09:00,199.3333282470703,199.3333282470703,199.3333282470703,199.3333282470703,0,0.0,0.0
2021-02-03 00:00:00+09:00,199.3333282470703,199.3333282470703,199.3333282470703,199.3333282470703,0,0.0,0.0
2021-02-04 00:00:00+09:00,199.3333282470703,199.3333282470703,199.3333282470703,199.3333282470703,0,0.0,0.0
2021-02-05 00:00:00+09:00,199.3333282470703,199.3333282470703,199.3333282470703,199.3333282470703,0,0.0,0.0
2021-02-08 00:00:00+09:00,199.3333282470703,199.3333282470703,199.3333282470703,199.3333282470703,0,0.0,0.0
2021-02-09 00:00:00+09:00,199.3333282470703,199.3333282470703,199.3333282470703,199.3333282470703,1500,0.0,0.0
2021-02-10 00:00:00+09:00,199.3333282470703,199.3333282470703,199.3333282470703,199.3333282470703,0,0.0,0.0
2021-02-12 00:00:00+09:00,199.3333282470703,199.3333282470703,199.3333282470703,199.3333282470703,3000,0.0,0.0
2021-02-15 00:00:00+09:00,199.3333282470703,199.3333282470703,199.3333282470703,199.3333282470703,1500,0.0,0.0
2021-02-16 00:00:00+09:00,193.3333282470703,193.3333282470703,193.3333282470703,193.3333282470703,3000,0.0,0.0
2021-02-17 00:00:00+09:00,190.0,190.93333435058594,190.0,190.93333435058594,3000,0.0,0.0
2021-02-18 00:00:00+09:00,197.60000610351562,199.6666717529297,197.60000610351562,199.6666717529297,6000,0.0,0.0
2021-02-19 00:00:00+09:00,199.6666717529297,199.6666717529297,199.6666717529297,199.6666717529297,0,0.0,0.0
2021-02-22 00:00:00+09:00,199.6666717529297,199.6666717529297,199.6666717529297,199.6666717529297,0,0.0,0.0
2021-02-24 00:00:00+09:00,199.6666717529297,199.6666717529297,199.6666717529297,199.6666717529297,0,0.0,0.0
2021-02-25 00:00:00+09:00,199.6666717529297,199.6666717529297,199.6666717529297,199.6666717529297,1500,0.0,0.0
2021-02-26 00:00:00+09:00,199.6666717529297,199.6666717529297,199.6666717529297,199.6666717529297,6000,0.0,0.0
2021-03-01 00:00:00+09:00,199.6666717529297,199.6666717529297,199.6666717529297,199.6666717529297,0,0.0,0.0
2021-03-02 00:00:00+09:00,199.6666717529297,199.6666717529297,199.6666717529297,199.6666717529297,0,0.0,0.0
2021-03-03 00:00:00+09:00,199.6666717529297,199.6666717529297,199.6666717529297,199.6666717529297,0,0.0,0.0
2021-03-04 00:00:00+09:00,199.6666717529297,199.6666717529297,199.6666717529297,199.6666717529297,0,0.0,0.0
2021-03-05 00:00:00+09:00,199.6666717529297,199.6666717529297,199.6666717529297,199.6666717529297,0,0.0,0.0
2021-03-08 00:00:00+09:00,199.93333435058594,199.93333435058594,199.93333435058594,199.93333435058594,1500,0.0,0.0
2021-03-09 00:00:00+09:00,202.6666717529297,203.3333282470703,202.6666717529297,202.6666717529297,45000,0.0,0.0
2021-03-10 00:00:00+09:00,202.6666717529297,202.6666717529297,202.6666717529297,202.6666717529297,7500,0.0,0.0
2021-03-11 00:00:00+09:00,202.6666717529297,206.6666717529297,202.6666717529297,202.6666717529297,49500,0.0,0.0
2021-03-12 00:00:00+09:00,202.6666717529297,202.6666717529297,202.6666717529297,202.6666717529297,0,0.0,0.0
2021-03-15 00:00:00+09:00,203.3333282470703,203.3333282470703,203.3333282470703,203.3333282470703,1500,0.0,0.0
2021-03-16 00:00:00+09:00,203.0,203.0,203.0,203.0,1500,0.0,0.0
2021-03-17 00:00:00+09:00,210.0,210.0,210.0,210.0,1500,0.0,0.0
2021-03-18 00:00:00+09:00,210.0,210.0,210.0,210.0,0,0.0,0.0
2021-03-19 00:00:00+09:00,213.3333282470703,216.6666717529297,213.3333282470703,216.6666717529297,4500,0.0,0.0
2021-03-22 00:00:00+09:00,216.6666717529297,216.6666717529297,216.6666717529297,216.6666717529297,0,0.0,0.0
2021-03-23 00:00:00+09:00,216.6666717529297,216.6666717529297,216.6666717529297,216.6666717529297,0,0.0,0.0
2021-03-24 00:00:00+09:00,216.6666717529297,216.6666717529297,216.6666717529297,216.6666717529297,0,0.0,0.0
2021-03-25 00:00:00+09:00,219.6666717529297,219.6666717529297,219.6666717529297,219.6666717529297,1500,0.0,0.0
2021-03-26 00:00:00+09:00,218.3333282470703,218.3333282470703,218.3333282470703,218.3333282470703,3000,0.0,0.0
2021-03-29 00:00:00+09:00,218.3333282470703,218.3333282470703,218.3333282470703,218.3333282470703,0,0.0,0.0
2021-03-30 00:00:00+09:00,218.3333282470703,218.3333282470703,218.3333282470703,218.3333282470703,0,0.0,0.0
2021-03-31 00:00:00+09:00,218.3333282470703,218.3333282470703,218.3333282470703,218.3333282470703,0,0.0,0.0
2021-04-01 00:00:00+09:00,218.3333282470703,218.3333282470703,218.3333282470703,218.3333282470703,0,0.0,0.0
2021-04-02 00:00:00+09:00,218.3333282470703,218.3333282470703,218.3333282470703,218.3333282470703,0,0.0,0.0
2021-04-05 00:00:00+09:00,220.0,220.0,220.0,220.0,3000,0.0,0.0
2021-04-06 00:00:00+09:00,252.6666717529297,266.6666564941406,219.0,219.0,192000,0.0,0.0
2021-04-07 00:00:00+09:00,209.6666717529297,209.6666717529297,197.0,197.0,84000,0.0,0.0
2021-04-08 00:00:00+09:00,198.06666564941406,198.06666564941406,195.3333282470703,195.3333282470703,27000,0.0,0.0
2021-04-09 00:00:00+09:00,193.3333282470703,193.3333282470703,192.06666564941406,193.3333282470703,9000,0.0,0.0
2021-04-12 00:00:00+09:00,193.3333282470703,193.3333282470703,193.3333282470703,193.3333282470703,0,0.0,0.0
2021-04-13 00:00:00+09:00,190.3333282470703,190.6666717529297,190.3333282470703,190.6666717529297,6000,0.0,0.0
2021-04-14 00:00:00+09:00,190.6666717529297,190.6666717529297,190.6666717529297,190.6666717529297,1500,0.0,0.0
2021-04-15 00:00:00+09:00,190.6666717529297,190.6666717529297,187.6666717529297,187.6666717529297,4500,0.0,0.0
2021-04-16 00:00:00+09:00,190.0,190.0,190.0,190.0,3000,0.0,0.0
2021-04-19 00:00:00+09:00,193.3333282470703,193.3333282470703,193.3333282470703,193.3333282470703,1500,0.0,0.0
2021-04-20 00:00:00+09:00,190.0,202.6666717529297,190.0,202.6666717529297,10500,0.0,0.0
2021-04-21 00:00:00+09:00,207.0,207.0,193.3333282470703,193.6666717529297,13500,0.0,0.0
2021-04-22 00:00:00+09:00,190.3333282470703,190.3333282470703,190.3333282470703,190.3333282470703,1500,0.0,0.0
2021-04-23 00:00:00+09:00,190.6666717529297,190.6666717529297,190.6666717529297,190.6666717529297,1500,0.0,0.0
2021-04-26 00:00:00+09:00,200.6666717529297,200.6666717529297,200.6666717529297,200.6666717529297,6000,0.0,0.0
2021-04-27 00:00:00+09:00,200.6666717529297,204.6666717529297,200.6666717529297,204.6666717529297,4500,0.0,0.0
2021-04-28 00:00:00+09:00,204.6666717529297,204.6666717529297,204.6666717529297,204.6666717529297,0,0.0,0.0
2021-04-30 00:00:00+09:00,204.6666717529297,204.6666717529297,204.6666717529297,204.6666717529297,0,0.0,0.0
2021-05-06 00:00:00+09:00,204.6666717529297,204.6666717529297,204.6666717529297,204.6666717529297,0,0.0,0.0
2021-05-07 00:00:00+09:00,200.3333282470703,200.3333282470703,200.3333282470703,200.3333282470703,1500,0.0,0.0
2021-05-10 00:00:00+09:00,200.3333282470703,200.3333282470703,200.3333282470703,200.3333282470703,0,0.0,0.0
2021-05-11 00:00:00+09:00,189.0,189.0,189.0,189.0,7500,0.0,0.0
2021-05-12 00:00:00+09:00,189.0,189.0,189.0,189.0,0,0.0,0.0
2021-05-13 00:00:00+09:00,199.0,200.3333282470703,199.0,200.3333282470703,6000,0.0,0.0
2021-05-14 00:00:00+09:00,205.0,205.0,205.0,205.0,1500,0.0,0.0
2021-05-17 00:00:00+09:00,195.6666717529297,195.6666717529297,187.13333129882812,192.3333282470703,6000,0.0,0.0
2021-05-18 00:00:00+09:00,199.0,199.0,198.6666717529297,198.6666717529297,4500,0.0,0.0
2021-05-19 00:00:00+09:00,192.0,192.0,192.0,192.0,1500,0.0,0.0
2021-05-20 00:00:00+09:00,192.0,192.0,192.0,192.0,0,0.0,0.0
2021-05-21 00:00:00+09:00,192.0,192.0,192.0,192.0,0,0.0,0.0
2021-05-24 00:00:00+09:00,188.6666717529297,192.0,188.6666717529297,192.0,3000,0.0,0.0
2021-05-25 00:00:00+09:00,188.6666717529297,190.6666717529297,188.6666717529297,190.6666717529297,4500,0.0,0.0
2021-05-26 00:00:00+09:00,197.3333282470703,197.3333282470703,197.3333282470703,197.3333282470703,3000,0.0,0.0
2021-05-27 00:00:00+09:00,197.3333282470703,197.3333282470703,197.3333282470703,197.3333282470703,0,0.0,0.0
2021-05-28 00:00:00+09:00,197.3333282470703,197.3333282470703,197.3333282470703,197.3333282470703,0,0.0,0.0
2021-05-31 00:00:00+09:00,197.3333282470703,197.3333282470703,197.3333282470703,197.3333282470703,6000,0.0,0.0
2021-06-01 00:00:00+09:00,197.3333282470703,197.3333282470703,197.3333282470703,197.3333282470703,0,0.0,0.0
2021-06-02 00:00:00+09:00,197.3333282470703,197.3333282470703,197.3333282470703,197.3333282470703,0,0.0,0.0
2021-06-03 00:00:00+09:00,197.3333282470703,197.3333282470703,197.3333282470703,197.3333282470703,0,0.0,0.0
2021-06-04 00:00:00+09:00,197.3333282470703,197.3333282470703,197.3333282470703,197.3333282470703,0,0.0,0.0
2021-06-07 00:00:00+09:00,197.3333282470703,197.3333282470703,197.3333282470703,197.3333282470703,0,0.0,0.0
2021-06-08 00:00:00+09:00,197.3333282470703,197.3333282470703,197.3333282470703,197.3333282470703,0,0.0,0.0
2021-06-09 00:00:00+09:00,197.3333282470703,197.3333282470703,197.3333282470703,197.3333282470703,0,0.0,0.0
2021-06-10 00:00:00+09:00,197.3333282470703,197.3333282470703,195.3333282470703,195.3333282470703,3000,0.0,0.0
2021-06-11 00:00:00+09:00,198.6666717529297,198.6666717529297,198.6666717529297,198.6666717529297,1500,0.0,0.0
2021-06-14 00:00:00+09:00,198.6666717529297,198.6666717529297,198.6666717529297,198.6666717529297,0,0.0,0.0
2021-06-15 00:00:00+09:00,198.6666717529297,198.6666717529297,198.6666717529297,198.6666717529297,0,0.0,0.0
2021-06-16 00:00:00+09:00,198.6666717529297,198.6666717529297,198.6666717529297,198.6666717529297,0,0.0,0.0
2021-06-17 00:00:00+09:00,198.6666717529297,198.6666717529297,198.6666717529297,198.6666717529297,0,0.0,0.0
2021-06-18 00:00:00+09:00,198.6666717529297,198.6666717529297,195.3333282470703,195.3333282470703,3000,0.0,0.0
2021-06-21 00:00:00+09:00,195.3333282470703,195.3333282470703,195.3333282470703,195.3333282470703,1500,0.0,0.0
2021-06-22 00:00:00+09:00,195.3333282470703,195.3333282470703,195.3333282470703,195.3333282470703,0,0.0,0.0
2021-06-23 00:00:00+09:00,193.3333282470703,193.3333282470703,190.0,190.0,3000,0.0,0.0
2021-06-24 00:00:00+09:00,190.0,190.0,190.0,190.0,0,0.0,0.0
2021-06-25 00:00:00+09:00,190.0,190.0,190.0,190.0,0,0.0,0.0
2021-06-28 00:00:00+09:00,190.0,191.60000610351562,190.0,191.60000610351562,7500,0.0,0.0
2021-06-29 00:00:00+09:00,186.73333740234375,186.73333740234375,186.73333740234375,186.73333740234375,4500,0.0,0.0
2021-06-30 00:00:00+09:00,186.73333740234375,186.73333740234375,186.73333740234375,186.73333740234375,0,0.0,0.0
2021-07-01 00:00:00+09:00,193.39999389648438,193.39999389648438,187.73333740234375,187.73333740234375,7500,0.0,0.0
2021-07-02 00:00:00+09:00,187.73333740234375,187.73333740234375,187.73333740234375,187.73333740234375,0,0.0,0.0
2021-07-05 00:00:00+09:00,187.0,187.0,186.3333282470703,187.0,9000,0.0,0.0
2021-07-06 00:00:00+09:00,187.0,187.0,187.0,187.0,0,0.0,0.0
2021-07-07 00:00:00+09:00,187.3333282470703,187.3333282470703,187.3333282470703,187.3333282470703,1500,0.0,0.0
2021-07-08 00:00:00+09:00,186.73333740234375,186.73333740234375,186.6666717529297,186.6666717529297,4500,0.0,0.0
2021-07-09 00:00:00+09:00,188.53334045410156,188.53334045410156,188.53334045410156,188.53334045410156,1500,0.0,0.0
2021-07-12 00:00:00+09:00,188.3333282470703,188.3333282470703,187.26666259765625,188.3333282470703,9000,0.0,0.0
2021-07-13 00:00:00+09:00,188.3333282470703,188.3333282470703,188.3333282470703,188.3333282470703,0,0.0,0.0
2021-07-14 00:00:00+09:00,188.3333282470703,188.3333282470703,188.3333282470703,188.3333282470703,0,0.0,0.0
2021-07-15 00:00:00+09:00,190.0,190.0,190.0,190.0,1500,0.0,0.0
2021-07-16 00:00:00+09:00,190.0,190.0,190.0,190.0,7500,0.0,0.0
2021-07-19 00:00:00+09:00,190.0,190.0,190.0,190.0,1500,0.0,0.0
2021-07-20 00:00:00+09:00,186.6666717529297,186.6666717529297,186.6666717529297,186.6666717529297,3000,0.0,0.0
2021-07-21 00:00:00+09:00,188.60000610351562,188.60000610351562,188.60000610351562,188.60000610351562,1500,0.0,0.0
2021-07-26 00:00:00+09:00,189.86666870117188,189.93333435058594,186.6666717529297,186.6666717529297,15000,0.0,0.0
2021-07-27 00:00:00+09:00,188.3333282470703,192.1999969482422,186.0,187.53334045410156,87000,0.0,0.0
2021-07-28 00:00:00+09:00,185.8000030517578,185.8000030517578,182.1999969482422,183.39999389648438,18000,0.0,0.0
2021-07-29 00:00:00+09:00,185.73333740234375,191.8000030517578,185.73333740234375,190.8000030517578,34500,0.0,0.0
2021-07-30 00:00:00+09:00,187.46665954589844,189.26666259765625,187.06666564941406,189.26666259765625,10500,0.0,0.0
2021-08-02 00:00:00+09:00,190.0,190.0,186.6666717529297,187.3333282470703,6000,0.0,0.0
2021-08-03 00:00:00+09:00,188.39999389648438,188.39999389648438,188.39999389648438,188.39999389648438,1500,0.0,0.0
2021-08-04 00:00:00+09:00,188.6666717529297,190.6666717529297,188.6666717529297,190.6666717529297,13500,0.0,0.0
2021-08-05 00:00:00+09:00,200.6666717529297,206.6666717529297,186.6666717529297,188.6666717529297,87000,0.0,0.0
2021-08-06 00:00:00+09:00,185.3333282470703,185.3333282470703,173.3333282470703,173.3333282470703,57000,0.0,0.0
2021-08-10 00:00:00+09:00,179.6666717529297,179.73333740234375,167.86666870117188,173.39999389648438,24000,0.0,0.0
2021-08-11 00:00:00+09:00,173.0,180.6666717529297,173.0,180.6666717529297,24000,0.0,0.0
2021-08-12 00:00:00+09:00,180.6666717529297,180.6666717529297,169.3333282470703,173.3333282470703,66000,0.0,0.0
2021-08-13 00:00:00+09:00,173.3333282470703,175.60000610351562,172.6666717529297,172.6666717529297,12000,0.0,0.0
2021-08-16 00:00:00+09:00,175.13333129882812,175.13333129882812,174.0,174.0,3000,0.0,0.0
2021-08-17 00:00:00+09:00,176.3333282470703,176.3333282470703,176.3333282470703,176.3333282470703,3000,0.0,0.0
2021-08-18 00:00:00+09:00,176.3333282470703,176.3333282470703,176.3333282470703,176.3333282470703,0,0.0,0.0
2021-08-19 00:00:00+09:00,176.60000610351562,176.6666717529297,173.3333282470703,173.3333282470703,16500,0.0,0.0
2021-08-20 00:00:00+09:00,176.1999969482422,176.6666717529297,176.1999969482422,176.6666717529297,10500,0.0,0.0
2021-08-23 00:00:00+09:00,175.3333282470703,175.3333282470703,175.3333282470703,175.3333282470703,3000,0.0,0.0
2021-08-24 00:00:00+09:00,176.6666717529297,180.0,176.6666717529297,180.0,13500,0.0,0.0
2021-08-25 00:00:00+09:00,180.0,180.0,179.1999969482422,180.0,10500,0.0,0.0
2021-08-26 00:00:00+09:00,186.1999969482422,186.3333282470703,184.46665954589844,186.3333282470703,12000,0.0,0.0
2021-08-27 00:00:00+09:00,186.6666717529297,188.0,186.6666717529297,188.0,10500,0.0,0.0
2021-08-30 00:00:00+09:00,189.3333282470703,193.3333282470703,189.3333282470703,192.6666717529297,15000,0.0,0.0
2021-08-31 00:00:00+09:00,192.6666717529297,192.6666717529297,192.6666717529297,192.6666717529297,18000,0.0,0.0
2021-09-01 00:00:00+09:00,187.53334045410156,190.0,187.53334045410156,190.0,13500,0.0,0.0
2021-09-02 00:00:00+09:00,190.0,190.0,190.0,190.0,0,0.0,0.0
2021-09-03 00:00:00+09:00,186.6666717529297,186.6666717529297,186.6666717529297,186.6666717529297,3000,0.0,0.0
2021-09-06 00:00:00+09:00,186.6666717529297,186.6666717529297,186.6666717529297,186.6666717529297,1500,0.0,0.0
2021-09-07 00:00:00+09:00,186.6666717529297,186.6666717529297,186.6666717529297,186.6666717529297,0,0.0,0.0
2021-09-08 00:00:00+09:00,190.0,190.0,190.0,190.0,7500,0.0,0.0
2021-09-09 00:00:00+09:00,190.0,193.1999969482422,190.0,193.1999969482422,7500,0.0,0.0
2021-09-10 00:00:00+09:00,193.1999969482422,193.1999969482422,188.3333282470703,188.3333282470703,7500,0.0,0.0
2021-09-13 00:00:00+09:00,188.73333740234375,190.0,188.73333740234375,190.0,6000,0.0,0.0
2021-09-14 00:00:00+09:00,190.0,193.39999389648438,190.0,193.39999389648438,9000,0.0,0.0
2021-09-15 00:00:00+09:00,193.39999389648438,193.39999389648438,193.39999389648438,193.39999389648438,0,0.0,0.0
2021-09-16 00:00:00+09:00,196.3333282470703,196.6666717529297,196.3333282470703,196.3333282470703,12000,0.0,0.0
2021-09-17 00:00:00+09:00,196.3333282470703,196.3333282470703,196.3333282470703,196.3333282470703,1500,0.0,0.0
2021-09-21 00:00:00+09:00,196.3333282470703,196.3333282470703,196.3333282470703,196.3333282470703,6000,0.0,0.0
2021-09-22 00:00:00+09:00,194.6666717529297,194.6666717529297,194.6666717529297,194.6666717529297,1500,0.0,0.0
2021-09-24 00:00:00+09:00,194.6666717529297,194.6666717529297,194.6666717529297,194.6666717529297,4500,0.0,0.0
2021-09-27 00:00:00+09:00,196.6666717529297,198.0,194.6666717529297,194.6666717529297,21000,0.0,0.0
2021-09-28 00:00:00+09:00,194.6666717529297,194.6666717529297,194.6666717529297,194.6666717529297,0,0.0,0.0
2021-09-29 00:00:00+09:00,193.3333282470703,193.3333282470703,193.3333282470703,193.3333282470703,3000,0.0,0.0
2021-09-30 00:00:00+09:00,193.3333282470703,193.3333282470703,193.3333282470703,193.3333282470703,0,0.0,0.0
2021-10-01 00:00:00+09:00,195.93333435058594,195.93333435058594,195.93333435058594,195.93333435058594,1500,0.0,0.0
2021-10-04 00:00:00+09:00,195.93333435058594,195.93333435058594,195.93333435058594,195.93333435058594,0,0.0,0.0
2021-10-05 00:00:00+09:00,191.86666870117188,191.86666870117188,189.3333282470703,189.3333282470703,34500,0.0,0.0
2021-10-06 00:00:00+09:00,189.3333282470703,189.3333282470703,189.3333282470703,189.3333282470703,0,0.0,0.0
2021-10-07 00:00:00+09:00,189.3333282470703,189.3333282470703,189.3333282470703,189.3333282470703,0,0.0,0.0
2021-10-08 00:00:00+09:00,189.3333282470703,189.3333282470703,189.3333282470703,189.3333282470703,0,0.0,0.0
2021-10-11 00:00:00+09:00,189.3333282470703,189.3333282470703,189.3333282470703,189.3333282470703,0,0.0,0.0
2021-10-12 00:00:00+09:00,196.0,196.0,196.0,196.0,1500,0.0,0.0
2021-10-13 00:00:00+09:00,196.0,196.0,193.3333282470703,194.3333282470703,4500,0.0,0.0
2021-10-14 00:00:00+09:00,194.3333282470703,194.3333282470703,194.3333282470703,194.3333282470703,3000,0.0,0.0
2021-10-15 00:00:00+09:00,194.3333282470703,194.3333282470703,194.3333282470703,194.3333282470703,0,0.0,0.0
2021-10-18 00:00:00+09:00,194.73333740234375,194.73333740234375,194.73333740234375,194.73333740234375,1500,0.0,0.0
2021-10-19 00:00:00+09:00,201.0,201.3333282470703,196.6666717529297,201.3333282470703,7500,0.0,0.0
2021-10-20 00:00:00+09:00,201.0,201.0,196.73333740234375,196.73333740234375,7500,0.0,0.0
2021-10-21 00:00:00+09:00,196.73333740234375,196.73333740234375,196.73333740234375,196.73333740234375,0,0.0,0.0
2021-10-22 00:00:00+09:00,196.1999969482422,196.1999969482422,196.1999969482422,196.1999969482422,7500,0.0,0.0
2021-10-25 00:00:00+09:00,196.06666564941406,196.06666564941406,196.06666564941406,196.06666564941406,1500,0.0,0.0
2021-10-26 00:00:00+09:00,196.06666564941406,196.06666564941406,196.06666564941406,196.06666564941406,3000,0.0,0.0
2021-10-27 00:00:00+09:00,199.39999389648438,199.39999389648438,199.39999389648438,199.39999389648438,1500,0.0,0.0
2021-10-28 00:00:00+09:00,196.06666564941406,196.06666564941406,196.06666564941406,196.06666564941406,3000,0.0,0.0
2021-10-29 00:00:00+09:00,196.06666564941406,196.06666564941406,196.06666564941406,196.06666564941406,0,0.0,0.0
2021-11-01 00:00:00+09:00,196.06666564941406,196.06666564941406,196.06666564941406,196.06666564941406,15000,0.0,0.0
2021-11-02 00:00:00+09:00,198.6666717529297,200.0,197.39999389648438,197.6666717529297,6000,0.0,0.0
2021-11-04 00:00:00+09:00,198.73333740234375,199.13333129882812,198.6666717529297,199.13333129882812,6000,0.0,0.0
2021-11-05 00:00:00+09:00,199.06666564941406,199.6666717529297,199.06666564941406,199.6666717529297,9000,0.0,0.0
2021-11-08 00:00:00+09:00,199.6666717529297,201.3333282470703,199.6666717529297,201.3333282470703,6000,0.0,0.0
2021-11-09 00:00:00+09:00,202.0,202.6666717529297,202.0,202.6666717529297,6000,0.0,0.0
2021-11-10 00:00:00+09:00,211.6666717529297,217.6666717529297,204.0,217.6666717529297,39000,0.0,0.0
2021-11-11 00:00:00+09:00,208.6666717529297,208.6666717529297,192.6666717529297,192.6666717529297,37500,0.0,0.0
2021-11-12 00:00:00+09:00,193.3333282470703,200.0,193.3333282470703,197.39999389648438,7500,0.0,0.0
2021-11-15 00:00:00+09:00,201.0,201.0,195.0,195.0,12000,0.0,0.0
2021-11-16 00:00:00+09:00,195.0,195.0,195.0,195.0,0,0.0,0.0
2021-11-17 00:00:00+09:00,195.3333282470703,198.6666717529297,195.3333282470703,198.6666717529297,3000,0.0,0.0
2021-11-18 00:00:00+09:00,211.3333282470703,213.0,208.0,208.0,24000,0.0,0.0
2021-11-19 00:00:00+09:00,212.6666717529297,221.3333282470703,212.6666717529297,221.3333282470703,31500,0.0,0.0
2021-11-22 00:00:00+09:00,230.6666717529297,230.6666717529297,222.0,225.3333282470703,9000,0.0,0.0
2021-11-24 00:00:00+09:00,225.3333282470703,225.3333282470703,213.3333282470703,214.0,19500,0.0,0.0
2021-11-25 00:00:00+09:00,218.6666717529297,222.6666717529297,218.6666717529297,222.6666717529297,10500,0.0,0.0
2021-11-26 00:00:00+09:00,233.3333282470703,242.6666717529297,229.3333282470703,229.6666717529297,22500,0.0,0.0
2021-11-29 00:00:00+09:00,276.3333435058594,276.3333435058594,276.3333435058594,276.3333435058594,13500,0.0,0.0
2021-11-30 00:00:00+09:00,323.0,323.0,323.0,323.0,21000,0.0,0.0
2021-12-01 00:00:00+09:00,394.0,510.0,378.6666564941406,510.0,1194000,0.0,0.0
2021-12-02 00:00:00+09:00,610.0,610.0,610.0,610.0,36000,0.0,0.0
2021-12-03 00:00:00+09:00,690.0,690.0,510.0,510.0,2142000,0.0,0.0
2021-12-06 00:00:00+09:00,420.0,440.0,410.0,410.0,874500,0.0,0.0
2021-12-07 00:00:00+09:00,408.6666564941406,476.6666564941406,382.6666564941406,476.6666564941406,676500,0.0,0.0
2021-12-08 00:00:00+09:00,536.0,576.6666870117188,480.0,576.6666870117188,1444500,0.0,0.0
2021-12-09 00:00:00+09:00,676.6666870117188,676.6666870117188,676.6666870117188,676.6666870117188,39000,0.0,0.0
2021-12-10 00:00:00+09:00,876.6666870117188,876.6666870117188,876.6666870117188,876.6666870117188,81000,0.0,0.0
2021-12-13 00:00:00+09:00,1150.0,1576.6666259765625,934.6666870117188,1261.3333740234375,6424500,0.0,0.0
2021-12-14 00:00:00+09:00,1314.6666259765625,1453.3333740234375,1007.3333129882812,1038.0,3589500,0.0,0.0
2021-12-15 00:00:00+09:00,944.6666870117188,944.6666870117188,771.3333129882812,771.3333129882812,1785000,0.0,0.0
2021-12-16 00:00:00+09:00,779.3333129882812,971.3333129882812,688.0,971.3333129882812,6490500,0.0,0.0
2021-12-17 00:00:00+09:00,1171.3333740234375,1171.3333740234375,1171.3333740234375,1171.3333740234375,57000,0.0,0.0
2021-12-20 00:00:00+09:00,1251.3333740234375,1362.0,904.6666870117188,904.6666870117188,5197500,0.0,0.0
2021-12-21 00:00:00+09:00,960.0,1104.6666259765625,884.0,1104.6666259765625,3852000,0.0,0.0
2021-12-22 00:00:00+09:00,1200.0,1280.6666259765625,990.6666870117188,1032.0,5890500,0.0,0.0
2021-12-23 00:00:00+09:00,1085.3333740234375,1115.3333740234375,906.6666870117188,1042.6666259765625,1282500,0.0,0.0
2021-12-24 00:00:00+09:00,1069.3333740234375,1090.6666259765625,993.3333129882812,1000.6666870117188,445500,0.0,0.0
2021-12-27 00:00:00+09:00,934.6666870117188,959.3333129882812,832.0,899.3333129882812,352500,0.0,0.0
2021-12-28 00:00:00+09:00,926.0,961.3333129882812,850.0,860.6666870117188,237000,0.0,0.0
2021-12-29 00:00:00+09:00,777.3333129882812,780.0,694.0,694.0,414000,0.0,5.0
2021-12-30 00:00:00+09:00,716.6666870117188,716.6666870117188,554.0,566.3333129882812,448200,0.0,0.0
2022-01-04 00:00:00+09:00,557.6666870117188,557.6666870117188,481.3333435058594,530.6666870117188,609900,0.0,0.0
2022-01-05 00:00:00+09:00,520.0,521.6666870117188,466.6666564941406,476.3333435058594,447300,0.0,0.0
2022-01-06 00:00:00+09:00,462.0,515.3333129882812,453.3333435058594,479.0,413400,0.0,0.0
2022-01-07 00:00:00+09:00,459.0,476.6666564941406,433.6666564941406,476.6666564941406,372600,0.0,0.0
2022-01-11 00:00:00+09:00,426.6666564941406,438.3333435058594,412.6666564941406,424.6666564941406,297300,0.0,0.0
2022-01-12 00:00:00+09:00,428.6666564941406,454.6666564941406,422.3333435058594,446.0,302100,0.0,0.0
2022-01-13 00:00:00+09:00,441.3333435058594,446.0,401.6666564941406,419.6666564941406,259800,0.0,0.0
2022-01-14 00:00:00+09:00,415.3333435058594,426.0,396.6666564941406,424.6666564941406,149400,0.0,0.0
2022-01-17 00:00:00+09:00,385.3333435058594,406.6666564941406,375.0,398.0,207300,0.0,0.0
2022-01-18 00:00:00+09:00,398.0,493.3333435058594,392.6666564941406,424.3333435058594,1072200,0.0,0.0
2022-01-19 00:00:00+09:00,433.3333435058594,524.3333129882812,433.3333435058594,524.3333129882812,1725600,0.0,0.0
2022-01-20 00:00:00+09:00,657.6666870117188,657.6666870117188,657.6666870117188,657.6666870117188,81900,0.0,0.0
2022-01-21 00:00:00+09:00,704.3333129882812,791.0,558.6666870117188,633.3333129882812,6219600,0.0,0.0
2022-01-24 00:00:00+09:00,606.6666870117188,609.0,515.0,523.6666870117188,1374900,0.0,0.0
2022-01-25 00:00:00+09:00,487.0,506.6666564941406,453.6666564941406,457.0,1045800,0.0,0.0
2022-01-26 00:00:00+09:00,479.6666564941406,557.0,462.3333435058594,557.0,549600,0.0,0.0
2022-01-27 00:00:00+09:00,650.3333129882812,690.3333129882812,596.0,690.3333129882812,5237100,0.0,0.0
2022-01-28 00:00:00+09:00,705.0,856.6666870117188,680.3333129882812,721.6666870117188,6586200,0.0,0.0
2022-01-31 00:00:00+09:00,671.6666870117188,815.0,660.3333129882812,691.3333129882812,3011400,0.0,0.0
2022-02-01 00:00:00+09:00,768.6666870117188,858.0,736.6666870117188,858.0,3813000,0.0,0.0
2022-02-02 00:00:00+09:00,984.3333129882812,1025.0,956.0,1025.0,2955600,0.0,0.0
2022-02-03 00:00:00+09:00,995.6666870117188,1163.3333740234375,841.6666870117188,859.3333129882812,6632700,0.0,0.0
2022-02-04 00:00:00+09:00,926.0,1026.6666259765625,873.6666870117188,1026.6666259765625,5358000,0.0,0.0
2022-02-07 00:00:00+09:00,1166.6666259765625,1216.6666259765625,995.6666870117188,1011.6666870117188,7708500,0.0,0.0
2022-02-08 00:00:00+09:00,1113.3333740234375,1183.3333740234375,1003.3333129882812,1058.3333740234375,4497600,0.0,0.0
2022-02-09 00:00:00+09:00,1016.6666870117188,1090.0,870.6666870117188,1023.3333129882812,2718300,0.0,0.0
2022-02-10 00:00:00+09:00,1013.3333129882812,1055.0,953.6666870117188,979.6666870117188,1073400,0.0,0.0
2022-02-14 00:00:00+09:00,900.6666870117188,996.6666870117188,885.6666870117188,943.6666870117188,597600,0.0,0.0
2022-02-15 00:00:00+09:00,927.0,956.0,847.0,883.3333129882812,564900,0.0,0.0
2022-02-16 00:00:00+09:00,898.3333129882812,937.3333129882812,853.3333129882812,898.6666870117188,660900,0.0,0.0
2022-02-17 00:00:00+09:00,889.6666870117188,892.3333129882812,806.0,818.3333129882812,369000,0.0,0.0
2022-02-18 00:00:00+09:00,826.6666870117188,850.0,801.0,825.0,381900,0.0,0.0
2022-02-21 00:00:00+09:00,808.3333129882812,891.3333129882812,808.3333129882812,865.0,750900,0.0,0.0
2022-02-22 00:00:00+09:00,878.0,883.0,813.3333129882812,826.6666870117188,404100,0.0,0.0
2022-02-24 00:00:00+09:00,849.0,943.6666870117188,833.3333129882812,928.0,877500,0.0,0.0
2022-02-25 00:00:00+09:00,966.6666870117188,1016.6666870117188,890.3333129882812,904.3333129882812,1016700,0.0,0.0
2022-02-28 00:00:00+09:00,883.0,886.6666870117188,821.6666870117188,831.6666870117188,600900,0.0,0.0
2022-03-01 00:00:00+09:00,825.6666870117188,834.6666870117188,756.3333129882812,757.0,540000,0.0,0.0
2022-03-02 00:00:00+09:00,737.3333129882812,816.6666870117188,737.3333129882812,760.6666870117188,525600,0.0,0.0
2022-03-03 00:00:00+09:00,744.0,791.0,686.6666870117188,707.3333129882812,461400,0.0,0.0
2022-03-04 00:00:00+09:00,706.6666870117188,712.0,662.3333129882812,690.3333129882812,329700,0.0,0.0
2022-03-07 00:00:00+09:00,716.6666870117188,857.0,680.0,857.0,842100,0.0,0.0
2022-03-08 00:00:00+09:00,933.3333129882812,1016.6666870117188,810.0,860.6666870117188,3625800,0.0,0.0
2022-03-09 00:00:00+09:00,877.3333129882812,958.3333129882812,859.0,878.6666870117188,1064100,0.0,0.0
2022-03-10 00:00:00+09:00,866.6666870117188,888.3333129882812,804.0,819.6666870117188,753000,0.0,0.0
2022-03-11 00:00:00+09:00,803.0,816.6666870117188,654.6666870117188,666.6666870117188,1142700,0.0,0.0
2022-03-14 00:00:00+09:00,733.3333129882812,786.6666870117188,670.3333129882812,697.0,997800,0.0,0.0
2022-03-15 00:00:00+09:00,716.6666870117188,779.3333129882812,698.3333129882812,717.3333129882812,832200,0.0,0.0
2022-03-16 00:00:00+09:00,726.6666870117188,745.3333129882812,686.3333129882812,712.6666870117188,380400,0.0,0.0
2022-03-17 00:00:00+09:00,700.0,725.0,700.0,720.0,236700,0.0,0.0
2022-03-18 00:00:00+09:00,732.3333129882812,738.3333129882812,706.0,712.6666870117188,174900,0.0,0.0
2022-03-22 00:00:00+09:00,716.6666870117188,739.6666870117188,700.0,710.3333129882812,237300,0.0,0.0
2022-03-23 00:00:00+09:00,711.0,715.6666870117188,702.0,714.3333129882812,186900,0.0,0.0
2022-03-24 00:00:00+09:00,701.6666870117188,713.6666870117188,690.0,694.6666870117188,195900,0.0,0.0
2022-03-25 00:00:00+09:00,704.0,713.0,690.0,692.0,129600,0.0,0.0
2022-03-28 00:00:00+09:00,725.3333129882812,846.6666870117188,708.6666870117188,723.6666870117188,1561500,0.0,0.0
2022-03-29 00:00:00+09:00,766.3333129882812,799.6666870117188,745.6666870117188,754.3333129882812,441900,0.0,0.0
2022-03-30 00:00:00+09:00,754.3333129882812,754.6666870117188,717.0,740.0,200400,0.0,0.0
2022-03-31 00:00:00+09:00,727.0,735.6666870117188,719.0,734.0,89400,0.0,0.0
2022-04-01 00:00:00+09:00,730.0,730.0,708.3333129882812,714.3333129882812,97200,0.0,0.0
2022-04-04 00:00:00+09:00,712.6666870117188,720.0,704.3333129882812,716.6666870117188,101100,0.0,0.0
2022-04-05 00:00:00+09:00,732.6666870117188,740.6666870117188,708.6666870117188,716.3333129882812,89400,0.0,0.0
2022-04-06 00:00:00+09:00,709.3333129882812,718.6666870117188,696.3333129882812,698.6666870117188,99900,0.0,0.0
2022-04-07 00:00:00+09:00,690.0,693.0,676.6666870117188,684.3333129882812,73800,0.0,0.0
2022-04-08 00:00:00+09:00,701.0,718.3333129882812,682.0,682.3333129882812,80700,0.0,0.0
2022-04-11 00:00:00+09:00,682.3333129882812,692.3333129882812,660.3333129882812,664.0,107100,0.0,0.0
2022-04-12 00:00:00+09:00,650.6666870117188,666.6666870117188,627.0,629.0,132600,0.0,0.0
2022-04-13 00:00:00+09:00,642.3333129882812,665.3333129882812,628.0,644.3333129882812,82200,0.0,0.0
2022-04-14 00:00:00+09:00,644.0,676.6666870117188,631.6666870117188,668.3333129882812,100500,0.0,0.0
2022-04-15 00:00:00+09:00,651.6666870117188,661.6666870117188,646.0,650.3333129882812,43800,0.0,0.0
2022-04-18 00:00:00+09:00,650.3333129882812,658.0,632.3333129882812,651.3333129882812,39000,0.0,0.0
2022-04-19 00:00:00+09:00,664.6666870117188,769.6666870117188,656.6666870117188,712.6666870117188,795600,0.0,0.0
2022-04-20 00:00:00+09:00,727.0,765.0,676.6666870117188,680.6666870117188,406200,0.0,0.0
2022-04-21 00:00:00+09:00,680.6666870117188,696.0,659.3333129882812,661.3333129882812,97800,0.0,0.0
2022-04-22 00:00:00+09:00,654.6666870117188,693.3333129882812,638.3333129882812,644.0,91800,0.0,0.0
2022-04-25 00:00:00+09:00,635.0,661.6666870117188,633.3333129882812,634.6666870117188,55200,0.0,0.0
2022-04-26 00:00:00+09:00,658.6666870117188,658.6666870117188,638.6666870117188,638.6666870117188,31200,0.0,0.0
2022-04-27 00:00:00+09:00,627.3333129882812,679.3333129882812,627.3333129882812,645.0,73200,0.0,0.0
2022-04-28 00:00:00+09:00,645.0,649.6666870117188,633.6666870117188,635.0,34200,0.0,0.0
2022-05-02 00:00:00+09:00,645.3333129882812,645.3333129882812,631.6666870117188,633.6666870117188,18600,0.0,0.0
2022-05-06 00:00:00+09:00,636.6666870117188,639.6666870117188,627.6666870117188,629.0,37200,0.0,0.0
2022-05-09 00:00:00+09:00,616.6666870117188,619.3333129882812,597.0,597.0,54900,0.0,0.0
2022-05-10 00:00:00+09:00,580.3333129882812,583.3333129882812,548.6666870117188,558.0,80400,0.0,0.0
2022-05-11 00:00:00+09:00,562.6666870117188,608.6666870117188,555.6666870117188,579.0,104400,0.0,0.0
2022-05-12 00:00:00+09:00,571.3333129882812,573.0,540.0,565.0,87300,0.0,0.0
2022-05-13 00:00:00+09:00,497.3333435058594,551.3333129882812,488.6666564941406,526.0,256200,0.0,0.0
2022-05-16 00:00:00+09:00,532.0,563.6666870117188,532.0,557.6666870117188,56700,0.0,0.0
2022-05-17 00:00:00+09:00,568.6666870117188,570.0,535.3333129882812,540.6666870117188,34200,0.0,0.0
2022-05-18 00:00:00+09:00,545.3333129882812,573.3333129882812,526.6666870117188,537.0,63600,0.0,0.0
2022-05-19 00:00:00+09:00,516.6666870117188,547.6666870117188,516.6666870117188,532.0,23700,0.0,0.0
2022-05-20 00:00:00+09:00,527.0,561.6666870117188,522.3333129882812,541.3333129882812,63000,0.0,0.0
2022-05-23 00:00:00+09:00,538.0,560.0,538.0,555.0,36300,0.0,0.0
2022-05-24 00:00:00+09:00,551.0,558.6666870117188,540.0,548.6666870117188,28800,0.0,0.0
2022-05-25 00:00:00+09:00,560.0,572.0,541.6666870117188,562.6666870117188,63600,0.0,0.0
2022-05-26 00:00:00+09:00,568.6666870117188,581.6666870117188,555.6666870117188,564.3333129882812,32700,0.0,0.0
2022-05-27 00:00:00+09:00,566.6666870117188,566.6666870117188,543.0,543.3333129882812,34200,0.0,0.0
2022-05-30 00:00:00+09:00,545.0,559.0,545.0,552.6666870117188,18000,0.0,0.0
2022-05-31 00:00:00+09:00,553.3333129882812,623.3333129882812,547.0,600.0,237900,0.0,0.0
2022-06-01 00:00:00+09:00,586.6666870117188,609.6666870117188,569.6666870117188,575.0,57900,0.0,0.0
2022-06-02 00:00:00+09:00,575.3333129882812,575.3333129882812,560.0,560.6666870117188,31500,0.0,0.0
2022-06-03 00:00:00+09:00,560.6666870117188,563.0,546.6666870117188,555.6666870117188,21900,0.0,0.0
2022-06-06 00:00:00+09:00,555.6666870117188,569.6666870117188,552.0,568.3333129882812,15000,0.0,0.0
2022-06-07 00:00:00+09:00,570.0,570.6666870117188,556.6666870117188,557.0,17700,0.0,0.0
2022-06-08 00:00:00+09:00,566.0,577.6666870117188,559.6666870117188,572.6666870117188,42000,0.0,0.0
2022-06-09 00:00:00+09:00,572.6666870117188,575.3333129882812,552.3333129882812,560.3333129882812,41100,0.0,0.0
2022-06-10 00:00:00+09:00,552.0,556.3333129882812,546.0,548.3333129882812,36900,0.0,0.0
2022-06-13 00:00:00+09:00,541.6666870117188,547.3333129882812,516.6666870117188,547.3333129882812,46500,0.0,0.0
2022-06-14 00:00:00+09:00,526.6666870117188,537.6666870117188,516.6666870117188,528.3333129882812,20700,0.0,0.0
2022-06-15 00:00:00+09:00,541.6666870117188,541.6666870117188,518.6666870117188,529.3333129882812,13500,0.0,0.0
2022-06-16 00:00:00+09:00,537.3333129882812,537.3333129882812,506.6666564941406,511.0,24000,0.0,0.0
2022-06-17 00:00:00+09:00,504.6666564941406,508.0,494.6666564941406,495.0,40500,0.0,0.0
2022-06-20 00:00:00+09:00,501.6666564941406,501.6666564941406,467.0,489.3333435058594,41400,0.0,0.0
2022-06-21 00:00:00+09:00,489.3333435058594,529.6666870117188,489.3333435058594,524.0,42600,0.0,0.0
2022-06-22 00:00:00+09:00,518.0,519.6666870117188,496.6666564941406,513.3333129882812,20100,0.0,0.0
2022-06-23 00:00:00+09:00,501.0,520.3333129882812,495.0,500.0,27900,0.0,0.0
2022-06-24 00:00:00+09:00,499.3333435058594,521.6666870117188,484.0,520.0,59100,0.0,0.0
2022-06-27 00:00:00+09:00,506.6666564941406,518.6666870117188,506.6666564941406,517.0,15600,0.0,0.0
2022-06-28 00:00:00+09:00,505.0,529.3333129882812,505.0,517.0,16800,0.0,0.0
2022-06-29 00:00:00+09:00,543.6666870117188,605.3333129882812,543.3333129882812,605.3333129882812,252000,0.0,0.0
2022-06-30 00:00:00+09:00,600.0,600.0,542.0,563.0,119100,0.0,0.0
2022-07-01 00:00:00+09:00,540.3333129882812,574.6666870117188,536.6666870117188,568.0,49500,0.0,0.0
2022-07-04 00:00:00+09:00,565.6666870117188,593.3333129882812,565.0,573.6666870117188,39600,0.0,0.0
2022-07-05 00:00:00+09:00,569.6666870117188,592.0,569.6666870117188,586.6666870117188,17700,0.0,0.0
2022-07-06 00:00:00+09:00,598.0,626.6666870117188,586.6666870117188,609.6666870117188,60300,0.0,0.0
2022-07-07 00:00:00+09:00,615.6666870117188,622.0,604.3333129882812,610.3333129882812,33300,0.0,0.0
2022-07-08 00:00:00+09:00,622.6666870117188,633.6666870117188,616.6666870117188,633.6666870117188,33600,0.0,0.0
2022-07-11 00:00:00+09:00,647.0,647.0,607.0,646.0,32700,0.0,0.0
2022-07-12 00:00:00+09:00,646.0,662.6666870117188,635.6666870117188,650.0,27600,0.0,0.0
2022-07-13 00:00:00+09:00,659.3333129882812,680.0,646.0,680.0,61800,0.0,0.0
2022-07-14 00:00:00+09:00,687.3333129882812,688.3333129882812,663.0,683.3333129882812,36900,0.0,0.0
2022-07-15 00:00:00+09:00,683.3333129882812,683.3333129882812,660.0,680.6666870117188,26700,0.0,0.0
2022-07-19 00:00:00+09:00,681.6666870117188,681.6666870117188,635.3333129882812,652.0,29700,0.0,0.0
2022-07-20 00:00:00+09:00,638.6666870117188,652.0,628.3333129882812,652.0,33000,0.0,0.0
2022-07-21 00:00:00+09:00,638.6666870117188,659.6666870117188,636.6666870117188,658.3333129882812,11400,0.0,0.0
2022-07-22 00:00:00+09:00,660.0,660.0,641.6666870117188,656.3333129882812,4800,0.0,0.0
2022-07-25 00:00:00+09:00,657.0,657.0,625.3333129882812,639.6666870117188,25500,0.0,0.0
2022-07-26 00:00:00+09:00,639.6666870117188,639.6666870117188,620.6666870117188,626.3333129882812,12600,0.0,0.0
2022-07-27 00:00:00+09:00,620.6666870117188,624.3333129882812,614.0,615.6666870117188,9000,0.0,0.0
2022-07-28 00:00:00+09:00,612.0,639.3333129882812,608.6666870117188,639.3333129882812,6600,0.0,0.0
2022-07-29 00:00:00+09:00,633.3333129882812,633.6666870117188,613.3333129882812,621.0,13200,0.0,0.0
2022-08-01 00:00:00+09:00,619.6666870117188,631.3333129882812,615.0,630.6666870117188,9600,0.0,0.0
2022-08-02 00:00:00+09:00,636.3333129882812,636.3333129882812,616.6666870117188,616.6666870117188,6300,0.0,0.0
2022-08-03 00:00:00+09:00,613.3333129882812,613.3333129882812,604.0,607.3333129882812,11700,0.0,0.0
2022-08-04 00:00:00+09:00,605.3333129882812,611.6666870117188,593.3333129882812,608.0,13500,0.0,0.0
2022-08-05 00:00:00+09:00,598.3333129882812,598.3333129882812,586.6666870117188,586.6666870117188,17400,0.0,0.0
2022-08-08 00:00:00+09:00,520.0,584.0,518.0,550.6666870117188,90900,0.0,0.0
2022-08-09 00:00:00+09:00,574.6666870117188,575.0,552.0,573.3333129882812,22500,0.0,0.0
2022-08-10 00:00:00+09:00,546.6666870117188,566.3333129882812,540.3333129882812,566.3333129882812,28500,0.0,0.0
2022-08-12 00:00:00+09:00,566.3333129882812,567.6666870117188,552.0,563.0,10200,0.0,0.0
2022-08-15 00:00:00+09:00,567.0,593.3333129882812,567.0,586.0,32700,0.0,0.0
2022-08-16 00:00:00+09:00,580.6666870117188,580.6666870117188,557.3333129882812,563.0,20700,0.0,0.0
2022-08-17 00:00:00+09:00,563.0,574.6666870117188,550.3333129882812,573.3333129882812,18000,0.0,0.0
2022-08-18 00:00:00+09:00,571.6666870117188,572.3333129882812,561.0,569.0,3300,0.0,0.0
2022-08-19 00:00:00+09:00,574.6666870117188,574.6666870117188,557.6666870117188,560.0,11700,0.0,0.0
2022-08-22 00:00:00+09:00,566.3333129882812,569.3333129882812,558.0,564.0,6000,0.0,0.0
2022-08-23 00:00:00+09:00,573.0,573.0,549.6666870117188,556.0,23400,0.0,0.0
2022-08-24 00:00:00+09:00,552.0,566.6666870117188,550.0,550.3333129882812,24300,0.0,0.0
2022-08-25 00:00:00+09:00,550.3333129882812,683.6666870117188,550.0,683.6666870117188,825300,0.0,0.0
2022-08-26 00:00:00+09:00,850.3333129882812,850.3333129882812,776.6666870117188,800.0,4230300,0.0,0.0
2022-08-29 00:00:00+09:00,966.6666870117188,966.6666870117188,966.6666870117188,966.6666870117188,57300,0.0,0.0
2022-08-30 00:00:00+09:00,1100.0,1133.3333740234375,1060.0,1133.3333740234375,1163400,0.0,0.0
2022-08-31 00:00:00+09:00,1320.0,1353.3333740234375,1051.6666259765625,1066.6666259765625,4877700,0.0,0.0
2022-09-01 00:00:00+09:00,1133.3333740234375,1198.3333740234375,1061.6666259765625,1125.0,2864700,0.0,0.0
2022-09-02 00:00:00+09:00,1066.6666259765625,1098.3333740234375,943.0,974.6666870117188,1204800,0.0,0.0
2022-09-05 00:00:00+09:00,972.0,1021.6666870117188,950.6666870117188,1020.0,472200,0.0,0.0
2022-09-06 00:00:00+09:00,992.3333129882812,1015.0,956.6666870117188,972.0,275700,0.0,0.0
2022-09-07 00:00:00+09:00,950.0,970.3333129882812,916.6666870117188,948.6666870117188,215400,0.0,0.0
2022-09-08 00:00:00+09:00,965.0,979.3333129882812,910.6666870117188,910.6666870117188,214200,0.0,0.0
2022-09-09 00:00:00+09:00,936.6666870117188,961.6666870117188,917.6666870117188,929.0,151800,0.0,0.0
2022-09-12 00:00:00+09:00,949.6666870117188,961.3333129882812,929.0,945.0,110100,0.0,0.0
2022-09-13 00:00:00+09:00,938.6666870117188,958.3333129882812,933.3333129882812,955.6666870117188,67200,0.0,0.0
2022-09-14 00:00:00+09:00,930.6666870117188,991.6666870117188,927.0,980.3333129882812,116100,0.0,0.0
2022-09-15 00:00:00+09:00,980.3333129882812,1148.3333740234375,980.3333129882812,1148.3333740234375,673200,0.0,0.0
2022-09-16 00:00:00+09:00,1145.0,1145.0,1016.6666870117188,1023.3333129882812,569400,0.0,0.0
2022-09-20 00:00:00+09:00,1046.6666259765625,1110.0,1030.0,1036.6666259765625,217500,0.0,0.0
2022-09-21 00:00:00+09:00,1013.3333129882812,1021.6666870117188,971.6666870117188,996.6666870117188,95400,0.0,0.0
2022-09-22 00:00:00+09:00,996.6666870117188,1031.6666259765625,978.0,997.0,98100,0.0,0.0
2022-09-26 00:00:00+09:00,1015.0,1015.0,966.6666870117188,970.0,67800,0.0,0.0
2022-09-27 00:00:00+09:00,970.3333129882812,1056.6666259765625,970.3333129882812,1040.0,151200,0.0,0.0
2022-09-28 00:00:00+09:00,1058.3333740234375,1058.3333740234375,981.6666870117188,1050.0,437400,0.0,0.0
2022-09-29 00:00:00+09:00,981.0,990.0,860.0,875.0,231500,0.0,0.0
2022-09-30 00:00:00+09:00,845.0,860.0,757.0,779.0,178500,0.0,0.0
2022-10-03 00:00:00+09:00,768.0,792.0,740.0,758.0,130500,0.0,0.0
2022-10-04 00:00:00+09:00,791.0,921.0,785.0,851.0,353600,0.0,0.0
2022-10-05 00:00:00+09:00,836.0,863.0,809.0,817.0,160000,0.0,0.0
2022-10-06 00:00:00+09:00,817.0,826.0,796.0,796.0,111900,0.0,0.0
2022-10-07 00:00:00+09:00,781.0,800.0,761.0,770.0,78400,0.0,0.0
2022-10-11 00:00:00+09:00,762.0,785.0,748.0,771.0,55500,0.0,0.0
2022-10-12 00:00:00+09:00,759.0,762.0,734.0,742.0,54300,0.0,0.0
2022-10-13 00:00:00+09:00,735.0,880.0,705.0,800.0,553400,0.0,0.0
2022-10-14 00:00:00+09:00,800.0,805.0,760.0,771.0,136300,0.0,0.0
2022-10-17 00:00:00+09:00,757.0,758.0,722.0,739.0,70800,0.0,0.0
2022-10-18 00:00:00+09:00,745.0,745.0,728.0,738.0,33400,0.0,0.0
2022-10-19 00:00:00+09:00,743.0,754.0,725.0,734.0,41400,0.0,0.0
2022-10-20 00:00:00+09:00,747.0,748.0,729.0,738.0,25100,0.0,0.0
2022-10-21 00:00:00+09:00,731.0,734.0,715.0,721.0,29600,0.0,0.0
2022-10-24 00:00:00+09:00,726.0,771.0,715.0,754.0,82400,0.0,0.0
2022-10-25 00:00:00+09:00,739.0,839.0,739.0,779.0,192900,0.0,0.0
2022-10-26 00:00:00+09:00,764.0,793.0,745.0,754.0,94700,0.0,0.0
2022-10-27 00:00:00+09:00,762.0,767.0,746.0,748.0,30900,0.0,0.0
2022-10-28 00:00:00+09:00,742.0,761.0,740.0,740.0,23100,0.0,0.0
2022-10-31 00:00:00+09:00,752.0,752.0,721.0,726.0,45900,0.0,0.0
2022-11-01 00:00:00+09:00,738.0,740.0,723.0,727.0,37800,0.0,0.0
2022-11-02 00:00:00+09:00,723.0,745.0,715.0,727.0,34900,0.0,0.0
2022-11-04 00:00:00+09:00,727.0,740.0,716.0,719.0,24300,0.0,0.0
2022-11-07 00:00:00+09:00,717.0,728.0,703.0,720.0,31900,0.0,0.0
2022-11-08 00:00:00+09:00,731.0,748.0,719.0,737.0,44800,0.0,0.0
2022-11-09 00:00:00+09:00,725.0,737.0,723.0,724.0,24900,0.0,0.0
2022-11-10 00:00:00+09:00,725.0,752.0,719.0,746.0,41800,0.0,0.0
2022-11-11 00:00:00+09:00,761.0,761.0,710.0,721.0,87400,0.0,0.0
2022-11-14 00:00:00+09:00,721.0,755.0,721.0,727.0,47300,0.0,0.0
2022-11-15 00:00:00+09:00,739.0,739.0,719.0,721.0,27300,0.0,0.0
2022-11-16 00:00:00+09:00,735.0,871.0,730.0,871.0,689500,0.0,0.0
2022-11-17 00:00:00+09:00,915.0,1021.0,885.0,1021.0,780800,0.0,0.0
2022-11-18 00:00:00+09:00,1106.0,1125.0,921.0,975.0,2907900,0.0,0.0
2022-11-21 00:00:00+09:00,990.0,997.0,916.0,946.0,462800,0.0,0.0
2022-11-22 00:00:00+09:00,961.0,1096.0,961.0,1096.0,3245700,0.0,0.0
2022-11-24 00:00:00+09:00,1156.0,1168.0,1034.0,1131.0,2398900,0.0,0.0
2022-11-25 00:00:00+09:00,1141.0,1394.0,1135.0,1277.0,6415300,0.0,0.0
2022-11-28 00:00:00+09:00,1427.0,1577.0,1422.0,1577.0,7161100,0.0,0.0
2022-11-29 00:00:00+09:00,1537.0,1561.0,1384.0,1404.0,3550100,0.0,0.0
2022-11-30 00:00:00+09:00,1337.0,1387.0,1290.0,1331.0,1496900,0.0,0.0
2022-12-01 00:00:00+09:00,1335.0,1337.0,1238.0,1249.0,507100,0.0,0.0
2022-12-02 00:00:00+09:00,1274.0,1346.0,1224.0,1230.0,533100,0.0,0.0
2022-12-05 00:00:00+09:00,1200.0,1270.0,1195.0,1235.0,300800,0.0,0.0
2022-12-06 00:00:00+09:00,1218.0,1274.0,1175.0,1251.0,234200,0.0,0.0
2022-12-07 00:00:00+09:00,1213.0,1270.0,1195.0,1270.0,176700,0.0,0.0
2022-12-08 00:00:00+09:00,1254.0,1263.0,1210.0,1216.0,95500,0.0,0.0
2022-12-09 00:00:00+09:00,1230.0,1243.0,1198.0,1200.0,124600,0.0,0.0
2022-12-12 00:00:00+09:00,1228.0,1258.0,1205.0,1239.0,104200,0.0,0.0
2022-12-13 00:00:00+09:00,1232.0,1246.0,1208.0,1229.0,85400,0.0,0.0
2022-12-14 00:00:00+09:00,1235.0,1235.0,1216.0,1217.0,48500,0.0,0.0
2022-12-15 00:00:00+09:00,1229.0,1269.0,1211.0,1262.0,108900,0.0,0.0
2022-12-16 00:00:00+09:00,1232.0,1270.0,1186.0,1208.0,232900,0.0,0.0
2022-12-19 00:00:00+09:00,1212.0,1230.0,1125.0,1200.0,123800,0.0,0.0
2022-12-20 00:00:00+09:00,1170.0,1219.0,1034.0,1052.0,337300,0.0,0.0
2022-12-21 00:00:00+09:00,1050.0,1071.0,1014.0,1027.0,144100,0.0,0.0
2022-12-22 00:00:00+09:00,1011.0,1012.0,942.0,945.0,266600,0.0,0.0
2022-12-23 00:00:00+09:00,959.0,959.0,913.0,913.0,105300,0.0,0.0
2022-12-26 00:00:00+09:00,922.0,922.0,875.0,895.0,128500,0.0,0.0
2022-12-27 00:00:00+09:00,904.0,944.0,884.0,930.0,109800,0.0,0.0
2022-12-28 00:00:00+09:00,929.0,935.0,904.0,905.0,49600,0.0,0.0
2022-12-29 00:00:00+09:00,919.0,1052.0,919.0,1052.0,355900,0.0,0.0
2022-12-30 00:00:00+09:00,1142.0,1288.0,1125.0,1172.0,2790300,0.0,0.0
2023-01-04 00:00:00+09:00,1090.0,1172.0,1074.0,1075.0,331200,0.0,0.0
2023-01-05 00:00:00+09:00,1076.0,1100.0,1000.0,1005.0,176000,0.0,0.0
2023-01-06 00:00:00+09:00,1055.0,1206.0,1050.0,1058.0,719300,0.0,0.0
2023-01-10 00:00:00+09:00,1100.0,1110.0,1035.0,1051.0,119100,0.0,0.0
2023-01-11 00:00:00+09:00,1051.0,1067.0,1040.0,1047.0,76500,0.0,0.0
2023-01-12 00:00:00+09:00,1047.0,1047.0,1013.0,1013.0,39500,0.0,0.0
2023-01-13 00:00:00+09:00,1028.0,1028.0,995.0,1019.0,56200,0.0,0.0
2023-01-16 00:00:00+09:00,1006.0,1041.0,997.0,997.0,48800,0.0,0.0
2023-01-17 00:00:00+09:00,998.0,1034.0,998.0,1016.0,45200,0.0,0.0
2023-01-18 00:00:00+09:00,1036.0,1147.0,1016.0,1059.0,420400,0.0,0.0
2023-01-19 00:00:00+09:00,1047.0,1070.0,1034.0,1045.0,49000,0.0,0.0
2023-01-20 00:00:00+09:00,1050.0,1057.0,1017.0,1025.0,54700,0.0,0.0
2023-01-23 00:00:00+09:00,1022.0,1041.0,1000.0,1022.0,52800,0.0,0.0
2023-01-24 00:00:00+09:00,1046.0,1052.0,1012.0,1016.0,48700,0.0,0.0
2023-01-25 00:00:00+09:00,1023.0,1032.0,1015.0,1020.0,34000,0.0,0.0
2023-01-26 00:00:00+09:00,1022.0,1032.0,1014.0,1016.0,53400,0.0,0.0
2023-01-27 00:00:00+09:00,1023.0,1029.0,1005.0,1011.0,46400,0.0,0.0
2023-01-30 00:00:00+09:00,1020.0,1023.0,1004.0,1007.0,31800,0.0,0.0
2023-01-31 00:00:00+09:00,1015.0,1039.0,1006.0,1020.0,63900,0.0,0.0
2023-02-01 00:00:00+09:00,1025.0,1044.0,1007.0,1044.0,62900,0.0,0.0
2023-02-02 00:00:00+09:00,1074.0,1074.0,1024.0,1036.0,62200,0.0,0.0
2023-02-03 00:00:00+09:00,1025.0,1037.0,1017.0,1020.0,34100,0.0,0.0
2023-02-06 00:00:00+09:00,1020.0,1035.0,1010.0,1012.0,30400,0.0,0.0
2023-02-07 00:00:00+09:00,1015.0,1065.0,1015.0,1049.0,82800,0.0,0.0
2023-02-08 00:00:00+09:00,1051.0,1051.0,1031.0,1040.0,28200,0.0,0.0
2023-02-09 00:00:00+09:00,1045.0,1082.0,1045.0,1060.0,97700,0.0,0.0
2023-02-10 00:00:00+09:00,1050.0,1053.0,1031.0,1045.0,40100,0.0,0.0
2023-02-13 00:00:00+09:00,1034.0,1038.0,1002.0,1021.0,53100,0.0,0.0
2023-02-14 00:00:00+09:00,1026.0,1049.0,1005.0,1010.0,72500,0.0,0.0
2023-02-15 00:00:00+09:00,1010.0,1010.0,985.0,991.0,99000,0.0,0.0
2023-02-16 00:00:00+09:00,993.0,1023.0,993.0,1012.0,52900,0.0,0.0
2023-02-17 00:00:00+09:00,998.0,1015.0,998.0,1003.0,32700,0.0,0.0
2023-02-20 00:00:00+09:00,1001.0,1012.0,999.0,1005.0,23000,0.0,0.0
2023-02-21 00:00:00+09:00,1005.0,1008.0,996.0,998.0,45100,0.0,0.0
2023-02-22 00:00:00+09:00,1003.0,1003.0,985.0,994.0,37700,0.0,0.0
2023-02-24 00:00:00+09:00,998.0,1144.0,974.0,1144.0,479400,0.0,0.0
2023-02-27 00:00:00+09:00,1199.0,1199.0,1056.0,1056.0,625000,0.0,0.0
2023-02-28 00:00:00+09:00,1067.0,1189.0,1065.0,1067.0,391100,0.0,0.0
2023-03-01 00:00:00+09:00,1091.0,1170.0,1048.0,1077.0,313900,0.0,0.0
2023-03-02 00:00:00+09:00,1100.0,1109.0,1032.0,1051.0,136500,0.0,0.0
2023-03-03 00:00:00+09:00,1041.0,1060.0,1010.0,1027.0,97700,0.0,0.0
2023-03-06 00:00:00+09:00,1034.0,1057.0,1009.0,1019.0,102600,0.0,0.0
2023-03-07 00:00:00+09:00,1015.0,1050.0,1015.0,1046.0,73000,0.0,0.0
2023-03-08 00:00:00+09:00,1058.0,1067.0,1035.0,1035.0,69700,0.0,0.0
2023-03-09 00:00:00+09:00,1030.0,1044.0,1010.0,1016.0,90300,0.0,0.0
2023-03-10 00:00:00+09:00,1016.0,1028.0,1003.0,1019.0,75500,0.0,0.0
2023-03-13 00:00:00+09:00,1007.0,1019.0,1000.0,1015.0,50100,0.0,0.0
2023-03-14 00:00:00+09:00,1012.0,1018.0,1002.0,1007.0,40600,0.0,0.0
2023-03-15 00:00:00+09:00,1037.0,1055.0,1005.0,1008.0,111500,0.0,0.0
2023-03-16 00:00:00+09:00,1008.0,1019.0,992.0,1012.0,69300,0.0,0.0
2023-03-17 00:00:00+09:00,1009.0,1025.0,1004.0,1015.0,35700,0.0,0.0
2023-03-20 00:00:00+09:00,1010.0,1022.0,995.0,996.0,42400,0.0,0.0
2023-03-22 00:00:00+09:00,1011.0,1020.0,1002.0,1013.0,26100,0.0,0.0
2023-03-23 00:00:00+09:00,1003.0,1013.0,1000.0,1011.0,14800,0.0,0.0
2023-03-24 00:00:00+09:00,1005.0,1017.0,1001.0,1009.0,15500,0.0,0.0
2023-03-27 00:00:00+09:00,1009.0,1014.0,996.0,1001.0,41000,0.0,0.0
2023-03-28 00:00:00+09:00,994.0,998.0,956.0,966.0,96600,0.0,0.0
2023-03-29 00:00:00+09:00,961.0,975.0,951.0,968.0,43300,0.0,0.0
2023-03-30 00:00:00+09:00,958.0,974.0,952.0,960.0,27600,0.0,0.0
2023-03-31 00:00:00+09:00,967.0,967.0,950.0,953.0,26800,0.0,0.0
2023-04-03 00:00:00+09:00,960.0,985.0,957.0,977.0,40400,0.0,0.0
2023-04-04 00:00:00+09:00,979.0,979.0,962.0,965.0,21500,0.0,0.0
2023-04-05 00:00:00+09:00,974.0,1013.0,961.0,967.0,114000,0.0,0.0
2023-04-06 00:00:00+09:00,967.0,967.0,917.0,923.0,83900,0.0,0.0
2023-04-07 00:00:00+09:00,923.0,937.0,890.0,934.0,92100,0.0,0.0
2023-04-10 00:00:00+09:00,912.0,924.0,902.0,913.0,48100,0.0,0.0
2023-04-11 00:00:00+09:00,914.0,926.0,913.0,915.0,21400,0.0,0.0
2023-04-12 00:00:00+09:00,921.0,921.0,907.0,912.0,22700,0.0,0.0
2023-04-13 00:00:00+09:00,901.0,913.0,870.0,904.0,69200,0.0,0.0
2023-04-14 00:00:00+09:00,902.0,910.0,894.0,897.0,30600,0.0,0.0
2023-04-17 00:00:00+09:00,910.0,910.0,893.0,898.0,29700,0.0,0.0
2023-04-18 00:00:00+09:00,897.0,910.0,890.0,900.0,47900,0.0,0.0
2023-04-19 00:00:00+09:00,895.0,904.0,891.0,891.0,21600,0.0,0.0
2023-04-20 00:00:00+09:00,891.0,919.0,888.0,900.0,62400,0.0,0.0
2023-04-21 00:00:00+09:00,909.0,911.0,890.0,901.0,33100,0.0,0.0
2023-04-24 00:00:00+09:00,892.0,905.0,890.0,898.0,27200,0.0,0.0
2023-04-25 00:00:00+09:00,898.0,912.0,892.0,906.0,23900,0.0,0.0
2023-04-26 00:00:00+09:00,914.0,914.0,894.0,898.0,23500,0.0,0.0
2023-04-27 00:00:00+09:00,893.0,898.0,883.0,888.0,21500,0.0,0.0
2023-04-28 00:00:00+09:00,888.0,900.0,882.0,900.0,24000,0.0,0.0
2023-05-01 00:00:00+09:00,902.0,915.0,895.0,913.0,28700,0.0,0.0
2023-05-02 00:00:00+09:00,913.0,923.0,905.0,908.0,24500,0.0,0.0
2023-05-08 00:00:00+09:00,908.0,910.0,901.0,903.0,10100,0.0,0.0
2023-05-09 00:00:00+09:00,908.0,913.0,902.0,908.0,18600,0.0,0.0
2023-05-10 00:00:00+09:00,903.0,909.0,897.0,898.0,26600,0.0,0.0
2023-05-11 00:00:00+09:00,910.0,960.0,901.0,944.0,89900,0.0,0.0
2023-05-12 00:00:00+09:00,820.0,820.0,794.0,810.0,183600,0.0,0.0
2023-05-15 00:00:00+09:00,795.0,795.0,762.0,790.0,79500,0.0,0.0
2023-05-16 00:00:00+09:00,797.0,798.0,764.0,775.0,45300,0.0,0.0
2023-05-17 00:00:00+09:00,770.0,823.0,765.0,774.0,81400,0.0,0.0
2023-05-18 00:00:00+09:00,783.0,783.0,770.0,774.0,31400,0.0,0.0
2023-05-19 00:00:00+09:00,774.0,774.0,760.0,762.0,24500,0.0,0.0
2023-05-22 00:00:00+09:00,761.0,912.0,759.0,912.0,613500,0.0,0.0
2023-05-23 00:00:00+09:00,1002.0,1003.0,873.0,930.0,1278700,0.0,0.0
2023-05-24 00:00:00+09:00,915.0,925.0,869.0,874.0,216300,0.0,0.0
2023-05-25 00:00:00+09:00,859.0,859.0,803.0,816.0,112300,0.0,0.0
2023-05-26 00:00:00+09:00,801.0,813.0,794.0,794.0,65000,0.0,0.0
2023-05-29 00:00:00+09:00,793.0,795.0,777.0,778.0,49800,0.0,0.0
2023-05-30 00:00:00+09:00,774.0,789.0,770.0,784.0,31400,0.0,0.0
2023-05-31 00:00:00+09:00,788.0,815.0,780.0,801.0,66200,0.0,0.0
2023-06-01 00:00:00+09:00,800.0,800.0,785.0,785.0,24600,0.0,0.0
2023-06-02 00:00:00+09:00,785.0,805.0,785.0,797.0,19300,0.0,0.0
2023-06-05 00:00:00+09:00,810.0,824.0,807.0,811.0,41300,0.0,0.0
2023-06-06 00:00:00+09:00,806.0,814.0,800.0,809.0,21200,0.0,0.0
2023-06-07 00:00:00+09:00,818.0,820.0,790.0,804.0,39700,0.0,0.0
2023-06-08 00:00:00+09:00,800.0,805.0,791.0,796.0,33600,0.0,0.0
2023-06-09 00:00:00+09:00,794.0,905.0,794.0,818.0,272200,0.0,0.0
2023-06-12 00:00:00+09:00,820.0,838.0,816.0,821.0,44400,0.0,0.0
2023-06-13 00:00:00+09:00,828.0,836.0,814.0,819.0,30300,0.0,0.0
2023-06-14 00:00:00+09:00,822.0,822.0,801.0,805.0,21800,0.0,0.0
2023-06-15 00:00:00+09:00,803.0,803.0,778.0,789.0,45900,0.0,0.0
2023-06-16 00:00:00+09:00,804.0,810.0,793.0,806.0,25900,0.0,0.0
2023-06-19 00:00:00+09:00,812.0,819.0,802.0,813.0,23400,0.0,0.0
2023-06-20 00:00:00+09:00,813.0,870.0,807.0,834.0,260600,0.0,0.0
2023-06-21 00:00:00+09:00,834.0,853.0,828.0,842.0,56100,0.0,0.0
2023-06-22 00:00:00+09:00,836.0,845.0,822.0,822.0,34700,0.0,0.0
2023-06-23 00:00:00+09:00,831.0,831.0,811.0,821.0,38400,0.0,0.0
2023-06-26 00:00:00+09:00,814.0,820.0,801.0,801.0,34100,0.0,0.0
2023-06-27 00:00:00+09:00,801.0,801.0,787.0,788.0,27700,0.0,0.0
2023-06-28 00:00:00+09:00,801.0,805.0,780.0,787.0,34900,0.0,0.0
2023-06-29 00:00:00+09:00,783.0,800.0,779.0,784.0,29400,0.0,0.0
2023-06-30 00:00:00+09:00,781.0,793.0,771.0,780.0,71400,0.0,0.0
2023-07-03 00:00:00+09:00,785.0,793.0,778.0,790.0,21200,0.0,0.0
2023-07-04 00:00:00+09:00,790.0,790.0,775.0,780.0,29800,0.0,0.0
2023-07-05 00:00:00+09:00,780.0,790.0,773.0,790.0,31000,0.0,0.0
2023-07-06 00:00:00+09:00,776.0,786.0,754.0,764.0,72100,0.0,0.0
2023-07-07 00:00:00+09:00,762.0,762.0,736.0,743.0,49200,0.0,0.0
2023-07-10 00:00:00+09:00,745.0,747.0,732.0,746.0,32100,0.0,0.0
2023-07-11 00:00:00+09:00,746.0,766.0,746.0,761.0,24000,0.0,0.0
2023-07-12 00:00:00+09:00,762.0,762.0,741.0,741.0,21400,0.0,0.0
2023-07-13 00:00:00+09:00,743.0,759.0,740.0,755.0,18600,0.0,0.0
2023-07-14 00:00:00+09:00,759.0,765.0,744.0,744.0,15700,0.0,0.0
2023-07-18 00:00:00+09:00,744.0,750.0,736.0,737.0,14600,0.0,0.0
2023-07-19 00:00:00+09:00,743.0,758.0,740.0,758.0,18600,0.0,0.0
2023-07-20 00:00:00+09:00,757.0,784.0,755.0,777.0,30700,0.0,0.0
2023-07-21 00:00:00+09:00,765.0,767.0,739.0,749.0,33800,0.0,0.0
2023-07-24 00:00:00+09:00,750.0,750.0,740.0,742.0,17300,0.0,0.0
2023-07-25 00:00:00+09:00,736.0,737.0,723.0,732.0,33400,0.0,0.0
2023-07-26 00:00:00+09:00,737.0,748.0,730.0,741.0,15000,0.0,0.0
2023-07-27 00:00:00+09:00,740.0,761.0,735.0,738.0,41800,0.0,0.0
2023-07-28 00:00:00+09:00,735.0,735.0,725.0,730.0,17000,0.0,0.0
2023-07-31 00:00:00+09:00,726.0,750.0,726.0,742.0,17200,0.0,0.0
2023-08-01 00:00:00+09:00,750.0,850.0,750.0,758.0,370200,0.0,0.0
2023-08-02 00:00:00+09:00,761.0,765.0,732.0,733.0,43600,0.0,0.0
2023-08-03 00:00:00+09:00,728.0,728.0,711.0,720.0,36300,0.0,0.0
2023-08-04 00:00:00+09:00,716.0,724.0,712.0,722.0,20700,0.0,0.0
2023-08-07 00:00:00+09:00,721.0,739.0,716.0,739.0,27100,0.0,0.0
2023-08-08 00:00:00+09:00,739.0,739.0,728.0,729.0,18100,0.0,0.0
2023-08-09 00:00:00+09:00,729.0,739.0,726.0,731.0,13400,0.0,0.0
2023-08-10 00:00:00+09:00,724.0,800.0,715.0,784.0,110900,0.0,0.0
2023-08-14 00:00:00+09:00,769.0,794.0,769.0,790.0,32900,0.0,0.0
2023-08-15 00:00:00+09:00,779.0,822.0,779.0,808.0,73000,0.0,0.0
2023-08-16 00:00:00+09:00,807.0,814.0,795.0,800.0,25400,0.0,0.0
2023-08-17 00:00:00+09:00,807.0,826.0,793.0,794.0,67400,0.0,0.0
2023-08-18 00:00:00+09:00,795.0,797.0,781.0,795.0,16800,0.0,0.0
2023-08-21 00:00:00+09:00,805.0,814.0,785.0,802.0,32000,0.0,0.0
2023-08-22 00:00:00+09:00,809.0,810.0,783.0,786.0,20300,0.0,0.0
2023-08-23 00:00:00+09:00,791.0,802.0,782.0,798.0,22700,0.0,0.0
2023-08-24 00:00:00+09:00,793.0,796.0,775.0,777.0,17300,0.0,0.0
2023-08-25 00:00:00+09:00,770.0,774.0,747.0,767.0,31700,0.0,0.0
2023-08-28 00:00:00+09:00,760.0,763.0,756.0,756.0,14800,0.0,0.0
2023-08-29 00:00:00+09:00,757.0,797.0,755.0,794.0,37100,0.0,0.0
2023-08-30 00:00:00+09:00,798.0,798.0,780.0,785.0,19800,0.0,0.0
2023-08-31 00:00:00+09:00,779.0,797.0,779.0,781.0,14100,0.0,0.0
2023-09-01 00:00:00+09:00,777.0,791.0,766.0,781.0,22800,0.0,0.0
2023-09-04 00:00:00+09:00,787.0,804.0,784.0,803.0,33400,0.0,0.0
2023-09-05 00:00:00+09:00,803.0,812.0,793.0,802.0,16800,0.0,0.0
2023-09-06 00:00:00+09:00,802.0,811.0,785.0,807.0,35000,0.0,0.0
2023-09-07 00:00:00+09:00,803.0,803.0,787.0,788.0,25900,0.0,0.0
2023-09-08 00:00:00+09:00,780.0,811.0,778.0,809.0,48800,0.0,0.0
2023-09-11 00:00:00+09:00,803.0,803.0,781.0,783.0,31800,0.0,0.0
2023-09-12 00:00:00+09:00,787.0,794.0,779.0,780.0,19200,0.0,0.0
2023-09-13 00:00:00+09:00,776.0,796.0,766.0,789.0,32900,0.0,0.0
2023-09-14 00:00:00+09:00,789.0,798.0,783.0,789.0,20700,0.0,0.0
2023-09-15 00:00:00+09:00,781.0,788.0,778.0,778.0,27100,0.0,0.0
2023-09-19 00:00:00+09:00,775.0,775.0,760.0,773.0,26400,0.0,0.0
2023-09-20 00:00:00+09:00,767.0,774.0,762.0,766.0,15100,0.0,0.0
2023-09-21 00:00:00+09:00,775.0,775.0,760.0,769.0,19400,0.0,0.0
2023-09-22 00:00:00+09:00,760.0,774.0,755.0,768.0,20000,0.0,0.0
2023-09-25 00:00:00+09:00,765.0,795.0,764.0,776.0,31100,0.0,0.0
2023-09-26 00:00:00+09:00,782.0,797.0,767.0,783.0,32300,0.0,0.0
2023-09-27 00:00:00+09:00,774.0,779.0,763.0,767.0,18400,0.0,0.0
2023-09-28 00:00:00+09:00,761.0,778.0,761.0,772.0,17200,0.0,0.0
2023-09-29 00:00:00+09:00,768.0,786.0,768.0,778.0,20600,0.0,0.0
2023-10-02 00:00:00+09:00,783.0,787.0,767.0,767.0,14100,0.0,0.0
2023-10-03 00:00:00+09:00,767.0,767.0,732.0,738.0,24500,0.0,0.0
2023-10-04 00:00:00+09:00,716.0,725.0,685.0,685.0,61800,0.0,0.0
2023-10-05 00:00:00+09:00,705.0,714.0,695.0,704.0,26300,0.0,0.0
2023-10-06 00:00:00+09:00,698.0,708.0,684.0,693.0,38100,0.0,0.0
2023-10-10 00:00:00+09:00,714.0,735.0,703.0,734.0,27700,0.0,0.0
2023-10-11 00:00:00+09:00,734.0,734.0,715.0,715.0,14000,0.0,0.0
2023-10-12 00:00:00+09:00,705.0,721.0,705.0,714.0,22000,0.0,0.0
2023-10-13 00:00:00+09:00,703.0,710.0,695.0,697.0,10400,0.0,0.0
2023-10-16 00:00:00+09:00,697.0,697.0,668.0,671.0,25700,0.0,0.0
2023-10-17 00:00:00+09:00,687.0,706.0,687.0,698.0,23800,0.0,0.0
2023-10-18 00:00:00+09:00,698.0,714.0,695.0,714.0,13100,0.0,0.0
2023-10-19 00:00:00+09:00,699.0,708.0,695.0,705.0,7500,0.0,0.0
2023-10-20 00:00:00+09:00,709.0,712.0,694.0,697.0,25300,0.0,0.0
2023-10-23 00:00:00+09:00,697.0,702.0,662.0,679.0,23700,0.0,0.0
2023-10-24 00:00:00+09:00,684.0,688.0,658.0,688.0,20400,0.0,0.0
2023-10-25 00:00:00+09:00,684.0,690.0,669.0,686.0,10700,0.0,0.0
2023-10-26 00:00:00+09:00,690.0,695.0,680.0,690.0,11600,0.0,0.0
2023-10-27 00:00:00+09:00,700.0,707.0,691.0,699.0,15800,0.0,0.0
2023-10-30 00:00:00+09:00,686.0,700.0,686.0,686.0,7900,0.0,0.0
2023-10-31 00:00:00+09:00,688.0,702.0,684.0,699.0,12500,0.0,0.0
2023-11-01 00:00:00+09:00,700.0,712.0,700.0,709.0,12800,0.0,0.0
2023-11-02 00:00:00+09:00,709.0,725.0,709.0,719.0,23500,0.0,0.0
2023-11-06 00:00:00+09:00,720.0,736.0,715.0,719.0,12900,0.0,0.0
2023-11-07 00:00:00+09:00,719.0,733.0,715.0,732.0,18000,0.0,0.0
2023-11-08 00:00:00+09:00,735.0,737.0,714.0,721.0,12800,0.0,0.0
2023-11-09 00:00:00+09:00,721.0,723.0,713.0,719.0,7000,0.0,0.0
2023-11-10 00:00:00+09:00,707.0,716.0,702.0,716.0,12400,0.0,0.0
2023-11-13 00:00:00+09:00,691.0,696.0,667.0,671.0,32700,0.0,0.0
2023-11-14 00:00:00+09:00,681.0,708.0,654.0,658.0,83800,0.0,0.0
2023-11-15 00:00:00+09:00,658.0,665.0,617.0,630.0,44400,0.0,0.0
2023-11-16 00:00:00+09:00,632.0,634.0,610.0,616.0,32000,0.0,0.0
2023-11-17 00:00:00+09:00,615.0,630.0,606.0,628.0,23400,0.0,0.0
2023-11-20 00:00:00+09:00,627.0,639.0,613.0,615.0,30700,0.0,0.0
2023-11-21 00:00:00+09:00,615.0,619.0,610.0,610.0,14700,0.0,0.0
2023-11-22 00:00:00+09:00,602.0,606.0,594.0,601.0,25700,0.0,0.0
2023-11-24 00:00:00+09:00,603.0,616.0,599.0,603.0,18900,0.0,0.0
2023-11-27 00:00:00+09:00,622.0,622.0,600.0,609.0,24300,0.0,0.0
2023-11-28 00:00:00+09:00,615.0,619.0,608.0,619.0,17400,0.0,0.0
2023-11-29 00:00:00+09:00,614.0,621.0,605.0,614.0,13700,0.0,0.0
2023-11-30 00:00:00+09:00,610.0,615.0,606.0,615.0,13700,0.0,0.0
2023-12-01 00:00:00+09:00,616.0,616.0,602.0,602.0,13300,0.0,0.0
2023-12-04 00:00:00+09:00,603.0,607.0,594.0,604.0,11900,0.0,0.0
2023-12-05 00:00:00+09:00,605.0,624.0,601.0,622.0,42600,0.0,0.0
2023-12-06 00:00:00+09:00,622.0,625.0,601.0,617.0,18700,0.0,0.0
2023-12-07 00:00:00+09:00,615.0,615.0,601.0,607.0,11500,0.0,0.0
2023-12-08 00:00:00+09:00,606.0,615.0,605.0,615.0,13300,0.0,0.0
2023-12-11 00:00:00+09:00,615.0,622.0,608.0,609.0,13600,0.0,0.0
2023-12-12 00:00:00+09:00,608.0,610.0,595.0,600.0,24400,0.0,0.0
2023-12-13 00:00:00+09:00,597.0,603.0,593.0,601.0,14600,0.0,0.0
2023-12-14 00:00:00+09:00,605.0,605.0,581.0,600.0,24600,0.0,0.0
2023-12-15 00:00:00+09:00,595.0,602.0,591.0,593.0,14000,0.0,0.0
2023-12-18 00:00:00+09:00,590.0,597.0,579.0,580.0,23600,0.0,0.0
2023-12-19 00:00:00+09:00,586.0,587.0,541.0,545.0,60400,0.0,0.0
2023-12-20 00:00:00+09:00,546.0,553.0,535.0,536.0,25800,0.0,0.0
2023-12-21 00:00:00+09:00,536.0,537.0,520.0,528.0,17400,0.0,0.0
2023-12-22 00:00:00+09:00,532.0,545.0,532.0,534.0,12800,0.0,0.0
2023-12-25 00:00:00+09:00,530.0,531.0,502.0,512.0,21300,0.0,0.0
2023-12-26 00:00:00+09:00,509.0,509.0,490.0,497.0,37100,0.0,0.0
2023-12-27 00:00:00+09:00,485.0,519.0,485.0,512.0,72900,0.0,0.0
2023-12-28 00:00:00+09:00,520.0,555.0,505.0,555.0,34600,0.0,0.0
2023-12-29 00:00:00+09:00,551.0,551.0,530.0,538.0,20800,0.0,0.0
2024-01-04 00:00:00+09:00,538.0,560.0,529.0,559.0,28800,0.0,0.0
2024-01-05 00:00:00+09:00,564.0,564.0,548.0,548.0,21300,0.0,0.0
2024-01-09 00:00:00+09:00,548.0,565.0,548.0,560.0,12100,0.0,0.0
2024-01-10 00:00:00+09:00,553.0,562.0,547.0,556.0,6900,0.0,0.0
2024-01-11 00:00:00+09:00,551.0,554.0,539.0,540.0,19600,0.0,0.0
2024-01-12 00:00:00+09:00,541.0,549.0,535.0,540.0,7100,0.0,0.0
2024-01-15 00:00:00+09:00,556.0,556.0,539.0,541.0,3700,0.0,0.0
2024-01-16 00:00:00+09:00,556.0,570.0,539.0,544.0,21100,0.0,0.0
2024-01-17 00:00:00+09:00,550.0,644.0,550.0,644.0,70600,0.0,0.0
2024-01-18 00:00:00+09:00,689.0,744.0,655.0,744.0,1215100,0.0,0.0
2024-01-19 00:00:00+09:00,746.0,750.0,655.0,669.0,602800,0.0,0.0
2024-01-22 00:00:00+09:00,656.0,704.0,652.0,673.0,206500,0.0,0.0
2024-01-23 00:00:00+09:00,681.0,682.0,652.0,663.0,79300,0.0,0.0
2024-01-24 00:00:00+09:00,669.0,669.0,632.0,634.0,63100,0.0,0.0
2024-01-25 00:00:00+09:00,633.0,640.0,615.0,624.0,53600,0.0,0.0
2024-01-26 00:00:00+09:00,630.0,637.0,605.0,605.0,37700,0.0,0.0
2024-01-29 00:00:00+09:00,612.0,618.0,590.0,594.0,34600,0.0,0.0
2024-01-30 00:00:00+09:00,602.0,605.0,591.0,598.0,16500,0.0,0.0
2024-01-31 00:00:00+09:00,592.0,604.0,589.0,590.0,19900,0.0,0.0
2024-02-01 00:00:00+09:00,590.0,594.0,582.0,587.0,17400,0.0,0.0
2024-02-02 00:00:00+09:00,586.0,607.0,586.0,607.0,22100,0.0,0.0
2024-02-05 00:00:00+09:00,607.0,619.0,601.0,603.0,14600,0.0,0.0
2024-02-06 00:00:00+09:00,603.0,603.0,594.0,600.0,7300,0.0,0.0
2024-02-07 00:00:00+09:00,592.0,597.0,582.0,585.0,19500,0.0,0.0
2024-02-08 00:00:00+09:00,591.0,654.0,555.0,590.0,110700,0.0,0.0
2024-02-09 00:00:00+09:00,587.0,589.0,580.0,582.0,13700,0.0,0.0
2024-02-13 00:00:00+09:00,583.0,614.0,575.0,605.0,47700,0.0,0.0
2024-02-14 00:00:00+09:00,613.0,613.0,586.0,607.0,12000,0.0,0.0
2024-02-15 00:00:00+09:00,597.0,621.0,597.0,615.0,18600,0.0,0.0
2024-02-16 00:00:00+09:00,616.0,630.0,610.0,620.0,21000,0.0,0.0
2024-02-19 00:00:00+09:00,625.0,649.0,624.0,648.0,39900,0.0,0.0
2024-02-20 00:00:00+09:00,748.0,748.0,748.0,748.0,76400,0.0,0.0
2024-02-21 00:00:00+09:00,822.0,860.0,748.0,756.0,829000,0.0,0.0
2024-02-22 00:00:00+09:00,755.0,815.0,706.0,710.0,285700,0.0,0.0
2024-02-26 00:00:00+09:00,732.0,741.0,700.0,704.0,78400,0.0,0.0
2024-02-27 00:00:00+09:00,729.0,729.0,689.0,693.0,78300,0.0,0.0
2024-02-28 00:00:00+09:00,693.0,710.0,685.0,690.0,38000,0.0,0.0
2024-02-29 00:00:00+09:00,686.0,699.0,675.0,699.0,31700,0.0,0.0
2024-03-01 00:00:00+09:00,704.0,706.0,685.0,686.0,20000,0.0,0.0
2024-03-04 00:00:00+09:00,691.0,700.0,681.0,683.0,18200,0.0,0.0
2024-03-05 00:00:00+09:00,681.0,688.0,673.0,673.0,17500,0.0,0.0
2024-03-06 00:00:00+09:00,663.0,692.0,663.0,677.0,25600,0.0,0.0
2024-03-07 00:00:00+09:00,687.0,687.0,670.0,671.0,14100,0.0,0.0
2024-03-08 00:00:00+09:00,664.0,677.0,651.0,675.0,31800,0.0,0.0
2024-03-11 00:00:00+09:00,670.0,670.0,643.0,650.0,18100,0.0,0.0
2024-03-12 00:00:00+09:00,650.0,669.0,647.0,668.0,13000,0.0,0.0
2024-03-13 00:00:00+09:00,668.0,670.0,652.0,654.0,21500,0.0,0.0
2024-03-14 00:00:00+09:00,654.0,661.0,650.0,655.0,6400,0.0,0.0
2024-03-15 00:00:00+09:00,655.0,665.0,650.0,656.0,5600,0.0,0.0
2024-03-18 00:00:00+09:00,662.0,669.0,650.0,661.0,11900,0.0,0.0
2024-03-19 00:00:00+09:00,671.0,689.0,669.0,682.0,45800,0.0,0.0
2024-03-21 00:00:00+09:00,697.0,697.0,680.0,688.0,20400,0.0,0.0
2024-03-22 00:00:00+09:00,689.0,690.0,680.0,688.0,9700,0.0,0.0
2024-03-25 00:00:00+09:00,687.0,703.0,682.0,693.0,18700,0.0,0.0
2024-03-26 00:00:00+09:00,702.0,702.0,680.0,681.0,21100,0.0,0.0
2024-03-27 00:00:00+09:00,689.0,689.0,669.0,678.0,23200,0.0,0.0
2024-03-28 00:00:00+09:00,678.0,690.0,666.0,667.0,11000,0.0,0.0
2024-03-29 00:00:00+09:00,668.0,690.0,668.0,689.0,13800,0.0,0.0
2024-04-01 00:00:00+09:00,692.0,700.0,683.0,695.0,20300,0.0,0.0
2024-04-02 00:00:00+09:00,696.0,696.0,682.0,682.0,11600,0.0,0.0
2024-04-03 00:00:00+09:00,680.0,682.0,673.0,682.0,8500,0.0,0.0
2024-04-04 00:00:00+09:00,682.0,720.0,647.0,660.0,124100,0.0,0.0
2024-04-05 00:00:00+09:00,655.0,675.0,649.0,674.0,19500,0.0,0.0
2024-04-08 00:00:00+09:00,672.0,750.0,644.0,645.0,260500,0.0,0.0
2024-04-09 00:00:00+09:00,655.0,663.0,644.0,661.0,37600,0.0,0.0
2024-04-10 00:00:00+09:00,651.0,660.0,646.0,654.0,16700,0.0,0.0
2024-04-11 00:00:00+09:00,654.0,654.0,646.0,647.0,15700,0.0,0.0
2024-04-12 00:00:00+09:00,646.0,652.0,646.0,646.0,8600,0.0,0.0
2024-04-15 00:00:00+09:00,645.0,645.0,629.0,638.0,20400,0.0,0.0
2024-04-16 00:00:00+09:00,633.0,633.0,617.0,619.0,9500,0.0,0.0
2024-04-17 00:00:00+09:00,616.0,620.0,602.0,610.0,9900,0.0,0.0
2024-04-18 00:00:00+09:00,596.0,616.0,596.0,611.0,12600,0.0,0.0
2024-04-19 00:00:00+09:00,611.0,611.0,591.0,601.0,7400,0.0,0.0
2024-04-22 00:00:00+09:00,587.0,610.0,587.0,606.0,10400,0.0,0.0
2024-04-23 00:00:00+09:00,608.0,611.0,601.0,602.0,1500,0.0,0.0
2024-04-24 00:00:00+09:00,607.0,610.0,600.0,610.0,3500,0.0,0.0
2024-04-25 00:00:00+09:00,605.0,615.0,605.0,613.0,4200,0.0,0.0
2024-04-26 00:00:00+09:00,624.0,624.0,601.0,617.0,7200,0.0,0.0
2024-04-30 00:00:00+09:00,615.0,622.0,592.0,619.0,15700,0.0,0.0
2024-05-01 00:00:00+09:00,615.0,619.0,606.0,619.0,800,0.0,0.0
2024-05-02 00:00:00+09:00,621.0,621.0,612.0,614.0,1200,0.0,0.0
2024-05-07 00:00:00+09:00,614.0,630.0,614.0,630.0,10100,0.0,0.0
2024-05-08 00:00:00+09:00,630.0,640.0,630.0,640.0,5300,0.0,0.0
2024-05-09 00:00:00+09:00,643.0,643.0,631.0,631.0,1500,0.0,0.0
2024-05-10 00:00:00+09:00,646.0,646.0,634.0,641.0,3300,0.0,0.0
2024-05-13 00:00:00+09:00,644.0,648.0,641.0,648.0,12900,0.0,0.0
2024-05-14 00:00:00+09:00,640.0,653.0,635.0,649.0,7800,0.0,0.0
2024-05-15 00:00:00+09:00,649.0,669.0,633.0,638.0,59400,0.0,0.0
2024-05-16 00:00:00+09:00,630.0,639.0,613.0,639.0,8600,0.0,0.0
2024-05-17 00:00:00+09:00,629.0,654.0,629.0,650.0,14200,0.0,0.0
2024-05-20 00:00:00+09:00,648.0,655.0,623.0,645.0,17600,0.0,0.0
2024-05-21 00:00:00+09:00,653.0,653.0,641.0,642.0,6600,0.0,0.0
2024-05-22 00:00:00+09:00,642.0,647.0,638.0,638.0,3800,0.0,0.0
2024-05-23 00:00:00+09:00,639.0,645.0,631.0,636.0,6800,0.0,0.0
2024-05-24 00:00:00+09:00,633.0,645.0,631.0,644.0,6000,0.0,0.0
2024-05-27 00:00:00+09:00,647.0,647.0,637.0,640.0,7000,0.0,0.0
2024-05-28 00:00:00+09:00,632.0,645.0,632.0,641.0,4000,0.0,0.0
2024-05-29 00:00:00+09:00,634.0,644.0,634.0,640.0,5600,0.0,0.0
2024-05-30 00:00:00+09:00,640.0,646.0,634.0,635.0,6800,0.0,0.0
2024-05-31 00:00:00+09:00,642.0,644.0,631.0,639.0,8300,0.0,0.0
2024-06-03 00:00:00+09:00,639.0,645.0,633.0,644.0,8300,0.0,0.0
2024-06-04 00:00:00+09:00,642.0,650.0,637.0,645.0,8000,0.0,0.0
2024-06-05 00:00:00+09:00,650.0,653.0,640.0,644.0,7200,0.0,0.0
2024-06-06 00:00:00+09:00,644.0,654.0,640.0,647.0,4800,0.0,0.0
2024-06-07 00:00:00+09:00,647.0,658.0,637.0,650.0,9800,0.0,0.0
2024-06-10 00:00:00+09:00,646.0,660.0,622.0,629.0,36300,0.0,0.0
2024-06-11 00:00:00+09:00,626.0,631.0,621.0,629.0,8300,0.0,0.0
2024-06-12 00:00:00+09:00,629.0,632.0,624.0,628.0,3300,0.0,0.0
2024-06-13 00:00:00+09:00,628.0,633.0,626.0,632.0,4300,0.0,0.0
2024-06-14 00:00:00+09:00,607.0,627.0,607.0,622.0,13500,0.0,0.0
2024-06-17 00:00:00+09:00,627.0,627.0,614.0,621.0,8600,0.0,0.0
2024-06-18 00:00:00+09:00,626.0,627.0,615.0,621.0,4900,0.0,0.0
2024-06-19 00:00:00+09:00,621.0,625.0,617.0,624.0,5400,0.0,0.0
2024-06-20 00:00:00+09:00,627.0,629.0,616.0,623.0,8200,0.0,0.0
2024-06-21 00:00:00+09:00,625.0,627.0,618.0,627.0,7900,0.0,0.0
2024-06-24 00:00:00+09:00,630.0,630.0,615.0,628.0,8300,0.0,0.0
2024-06-25 00:00:00+09:00,631.0,635.0,620.0,628.0,8500,0.0,0.0
2024-06-26 00:00:00+09:00,629.0,633.0,626.0,626.0,6600,0.0,0.0
2024-06-27 00:00:00+09:00,623.0,632.0,615.0,622.0,7900,0.0,0.0
2024-06-28 00:00:00+09:00,620.0,630.0,618.0,630.0,4000,0.0,0.0
2024-07-01 00:00:00+09:00,631.0,632.0,623.0,624.0,5700,0.0,0.0
2024-07-02 00:00:00+09:00,624.0,631.0,624.0,625.0,3300,0.0,0.0
2024-07-03 00:00:00+09:00,625.0,630.0,625.0,626.0,3300,0.0,0.0
2024-07-04 00:00:00+09:00,626.0,634.0,624.0,629.0,7800,0.0,0.0
2024-07-05 00:00:00+09:00,624.0,632.0,624.0,631.0,3200,0.0,0.0
2024-07-08 00:00:00+09:00,631.0,633.0,627.0,629.0,2500,0.0,0.0
2024-07-09 00:00:00+09:00,629.0,632.0,625.0,625.0,2400,0.0,0.0
2024-07-10 00:00:00+09:00,624.0,631.0,620.0,622.0,3900,0.0,0.0
2024-07-11 00:00:00+09:00,628.0,629.0,620.0,624.0,8700,0.0,0.0
2024-07-12 00:00:00+09:00,624.0,628.0,616.0,621.0,10000,0.0,0.0
2024-07-16 00:00:00+09:00,618.0,628.0,615.0,625.0,6100,0.0,0.0
2024-07-17 00:00:00+09:00,625.0,625.0,616.0,620.0,6500,0.0,0.0
2024-07-18 00:00:00+09:00,616.0,628.0,616.0,619.0,5500,0.0,0.0
2024-07-19 00:00:00+09:00,619.0,625.0,618.0,619.0,4400,0.0,0.0
2024-07-22 00:00:00+09:00,619.0,619.0,615.0,615.0,3900,0.0,0.0
2024-07-23 00:00:00+09:00,610.0,618.0,600.0,604.0,9200,0.0,0.0
2024-07-24 00:00:00+09:00,604.0,613.0,600.0,600.0,10200,0.0,0.0
2024-07-25 00:00:00+09:00,595.0,600.0,584.0,599.0,14300,0.0,0.0
2024-07-26 00:00:00+09:00,600.0,600.0,590.0,591.0,3300,0.0,0.0
2024-07-29 00:00:00+09:00,591.0,602.0,591.0,592.0,2800,0.0,0.0
2024-07-30 00:00:00+09:00,592.0,601.0,592.0,595.0,2600,0.0,0.0
2024-07-31 00:00:00+09:00,597.0,600.0,585.0,595.0,2800,0.0,0.0
2024-08-01 00:00:00+09:00,590.0,602.0,580.0,600.0,13400,0.0,0.0
2024-08-02 00:00:00+09:00,599.0,604.0,565.0,568.0,12100,0.0,0.0
2024-08-05 00:00:00+09:00,468.0,500.0,468.0,468.0,28200,0.0,0.0
2024-08-06 00:00:00+09:00,455.0,477.0,440.0,456.0,31900,0.0,0.0
2024-08-07 00:00:00+09:00,424.0,462.0,424.0,446.0,33900,0.0,0.0
2024-08-08 00:00:00+09:00,445.0,453.0,429.0,431.0,13100,0.0,0.0
2024-08-09 00:00:00+09:00,433.0,445.0,433.0,435.0,9900,0.0,0.0
2024-08-13 00:00:00+09:00,449.0,465.0,442.0,460.0,16700,0.0,0.0
2024-08-14 00:00:00+09:00,465.0,496.0,465.0,480.0,22800,0.0,0.0
2024-08-15 00:00:00+09:00,484.0,486.0,476.0,484.0,4900,0.0,0.0
2024-08-16 00:00:00+09:00,484.0,495.0,476.0,476.0,16100,0.0,0.0
2024-08-19 00:00:00+09:00,480.0,489.0,480.0,480.0,6400,0.0,0.0
2024-08-20 00:00:00+09:00,480.0,486.0,478.0,486.0,9300,0.0,0.0
2024-08-21 00:00:00+09:00,486.0,486.0,475.0,476.0,7000,0.0,0.0
2024-08-22 00:00:00+09:00,477.0,481.0,471.0,471.0,10400,0.0,0.0
2024-08-23 00:00:00+09:00,479.0,479.0,469.0,469.0,20000,0.0,0.0
2024-08-26 00:00:00+09:00,469.0,470.0,462.0,466.0,26500,0.0,0.0
2024-08-27 00:00:00+09:00,471.0,471.0,462.0,467.0,8300,0.0,0.0
2024-08-28 00:00:00+09:00,473.0,473.0,462.0,470.0,8100,0.0,0.0
2024-08-29 00:00:00+09:00,470.0,472.0,462.0,463.0,17000,0.0,0.0
2024-08-30 00:00:00+09:00,463.0,468.0,461.0,463.0,6900,0.0,0.0
2024-09-02 00:00:00+09:00,463.0,464.0,451.0,459.0,10300,0.0,0.0
2024-09-05 00:00:00+09:00,453.0,464.0,448.0,462.0,13300,0.0,0.0
2024-09-06 00:00:00+09:00,465.0,465.0,454.0,455.0,13200,0.0,0.0
