Date,Open,High,Low,Close,Volume,Dividends,Stock Splits
2013-12-19 00:00:00+09:00,293.1288254774167,326.5730538875917,270.57037353515625,270.57037353515625,10054200,0.0,0.0
2013-12-20 00:00:00+09:00,288.5384517297327,296.6699981454341,254.04500641689015,255.35653686523438,2280600,0.0,0.0
2013-12-24 00:00:00+09:00,258.63533733085814,259.81572176697506,234.1095798298664,236.33920288085938,648000,0.0,0.0
2013-12-25 00:00:00+09:00,236.0769194121645,260.73385011131927,228.60115029744594,251.02845764160156,1054200,0.0,0.0
2013-12-26 00:00:00+09:00,261.5207919160079,283.554639306705,243.68385182783265,263.8815612792969,1467000,0.0,0.0
2013-12-27 00:00:00+09:00,262.3076725661517,266.89804068598266,251.81535797871078,255.88111877441406,315000,0.0,0.0
2013-12-30 00:00:00+09:00,259.42229012106077,259.42229012106077,248.405367450389,252.7334442138672,459000,0.0,0.0
2014-01-06 00:00:00+09:00,253.25806563488644,253.6515271433741,238.0442126350353,240.66729736328125,409800,0.0,0.0
2014-01-07 00:00:00+09:00,241.06074458385845,241.06074458385845,227.55188424980923,232.92919921875,354600,0.0,0.0
2014-01-08 00:00:00+09:00,233.45380909747018,254.83189937021297,229.65036404230668,240.1426544189453,529200,0.0,0.0
2014-01-09 00:00:00+09:00,247.74957488569163,267.029186495783,238.69996127279163,243.2903289794922,669600,0.0,0.0
2014-01-10 00:00:00+09:00,239.09343490437368,243.29034136327155,236.07688887486717,236.732666015625,126600,0.0,0.0
2014-01-14 00:00:00+09:00,231.61768888789587,259.55345674070327,230.8307658497886,242.24114990234375,377400,0.0,0.0
2014-01-15 00:00:00+09:00,236.99493742528276,243.9460976758794,233.71610003140705,234.896484375,224400,0.0,0.0
2014-01-16 00:00:00+09:00,239.74922622174944,240.14268776588523,228.6011571428975,229.51922607421875,234000,0.0,0.0
2014-01-17 00:00:00+09:00,233.19148419169647,233.58494562508238,225.19108570286338,230.04379272460938,231600,0.0,0.0
2014-01-20 00:00:00+09:00,230.17498757015616,233.5849953910054,230.0438417360799,230.8307647705078,156600,0.0,0.0
2014-01-21 00:00:00+09:00,231.4865007380944,236.0768927691558,230.30611627424864,233.32266235351562,141600,0.0,0.0
2014-01-22 00:00:00+09:00,235.6834506214368,241.32305773982608,233.45382733510365,238.6999969482422,193800,0.0,0.0
2014-01-23 00:00:00+09:00,240.66726709730105,251.02841084614494,237.781867054599,239.355712890625,308400,0.0,0.0
2014-01-24 00:00:00+09:00,231.61765042380665,237.91303368320814,229.51917332735195,232.1422576904297,231000,0.0,0.0
2014-01-27 00:00:00+09:00,224.273038817937,230.83073801643806,221.6499543355401,227.4207305908203,220800,0.0,0.0
2014-01-28 00:00:00+09:00,225.32228395982753,235.55228251889446,225.32228395982753,228.9945831298828,104400,0.0,0.0
2014-01-29 00:00:00+09:00,230.43730347636037,230.9619108281584,226.24037261702057,230.17498779296875,64200,0.0,0.0
2014-01-30 00:00:00+09:00,223.3549931389147,228.20767711862615,216.40383175042135,219.02691650390625,125400,0.0,0.0
2014-01-31 00:00:00+09:00,220.99420564228768,224.92882043701695,188.59920649651963,199.48497009277344,340800,0.0,0.0
2014-02-03 00:00:00+09:00,187.81230728590026,187.81230728590026,170.5,170.5,260400,0.0,0.0
2014-02-04 00:00:00+09:00,147.02346210116008,153.97462416814855,137.84270059031633,137.97384643554688,322800,0.0,0.0
2014-02-05 00:00:00+09:00,157.1222905327372,162.49959349830328,141.6461347684968,158.69613647460938,349800,0.0,0.0
2014-02-06 00:00:00+09:00,162.49960306395516,171.54921776243208,155.28613806991814,163.94229125976562,137400,0.0,0.0
2014-02-07 00:00:00+09:00,167.87688729930858,176.00843222673376,158.95843145139716,163.1553497314453,130200,0.0,0.0
2014-02-10 00:00:00+09:00,161.5815328131146,163.81115618001374,159.6142251408466,161.31922912597656,58800,0.0,0.0
2014-02-12 00:00:00+09:00,162.89306916120822,170.2376801933545,161.97498827938017,165.77845764160156,136200,0.0,0.0
2014-02-13 00:00:00+09:00,163.94229425524398,165.1226788026997,154.1057563597795,157.25344848632812,54600,0.0,0.0
2014-02-14 00:00:00+09:00,157.64691717585856,163.54884018170384,152.1384557037363,162.7619171142578,44400,0.0,0.0
2014-02-17 00:00:00+09:00,162.76189856369507,167.48343643024054,160.00766814154355,161.9749755859375,45000,0.0,0.0
2014-02-18 00:00:00+09:00,165.12270590555772,165.12270590555772,158.30271318361292,160.66348266601562,56400,0.0,0.0
2014-02-19 00:00:00+09:00,160.66345944684664,177.0576855917316,160.66345944684664,166.1719207763672,136800,0.0,0.0
2014-02-20 00:00:00+09:00,168.53270226879806,170.1065484782888,157.38462094907408,159.3519287109375,94800,0.0,0.0
2014-02-21 00:00:00+09:00,160.7945878355627,162.36843375893687,157.9092116477044,161.18804931640625,27600,0.0,0.0
2014-02-24 00:00:00+09:00,161.45037841796875,165.12267787327693,160.53229755039547,161.45037841796875,30000,0.0,0.0
2014-02-25 00:00:00+09:00,161.8438447715248,164.99153697448804,161.71268692723706,162.63076782226562,22200,0.0,0.0
2014-02-26 00:00:00+09:00,170.90011454621106,170.90011454621106,158.63388853718487,161.39035034179688,58800,10.0,0.0
2014-02-27 00:00:00+09:00,161.39035651660006,161.39035651660006,157.25567626953125,157.25567626953125,32400,0.0,0.0
2014-02-28 00:00:00+09:00,161.25253415100823,161.25253415100823,151.60494243168566,154.3614044189453,64800,0.0,0.0
2014-03-03 00:00:00+09:00,158.49608077269323,158.49608077269323,149.12413044193934,152.98316955566406,50400,0.0,0.0
2014-03-04 00:00:00+09:00,149.6754404706251,154.2235892142076,146.3676959298378,149.1241455078125,70200,0.0,0.0
2014-03-05 00:00:00+09:00,155.3261728380741,156.42876280853565,151.32931889477342,152.70755004882812,25200,0.0,0.0
2014-03-06 00:00:00+09:00,154.3613976973534,162.21729004468048,154.3613976973534,158.9095458984375,55200,0.0,0.0
2014-03-07 00:00:00+09:00,163.04424028075888,165.11158055220534,159.87431011917855,161.941650390625,85200,0.0,0.0
2014-03-10 00:00:00+09:00,169.24625644446994,170.76230172919085,161.94164594071617,164.83592224121094,53400,0.0,0.0
2014-03-11 00:00:00+09:00,166.07630666051273,168.6949414942976,165.24937067279558,165.5250244140625,39000,0.0,0.0
2014-03-12 00:00:00+09:00,161.94165169139268,164.9737549865502,160.01213829522538,161.11471557617188,34200,0.0,0.0
2014-03-13 00:00:00+09:00,165.24938779142175,167.45455485978724,160.56342512095438,164.28463745117188,49200,0.0,0.0
2014-03-14 00:00:00+09:00,164.2846295825528,165.38720675490467,158.49607734613113,161.52816772460938,69000,0.0,0.0
2014-03-17 00:00:00+09:00,164.83591311040078,164.83591311040078,158.4960785487209,160.70123291015625,58200,0.0,0.0
2014-03-18 00:00:00+09:00,163.04421937665165,163.59550163299434,161.52816162660417,163.4576873779297,7200,0.0,0.0
2014-03-19 00:00:00+09:00,164.4224490709508,164.4224490709508,158.358255503129,162.0794677734375,39000,0.0,0.0
2014-03-20 00:00:00+09:00,160.56344174610007,160.56344174610007,139.61438397261728,144.4381866455078,154800,0.0,0.0
2014-03-24 00:00:00+09:00,144.43818055447366,146.78116203350083,138.64962768554688,138.64962768554688,40800,0.0,0.0
2014-03-25 00:00:00+09:00,141.40606265597873,142.37082557407075,130.93153529026242,133.96363830566406,94800,0.0,0.0
2014-03-26 00:00:00+09:00,135.75534502736082,137.68485835586299,130.6559016229811,132.86106872558594,58800,0.0,0.0
2014-03-27 00:00:00+09:00,130.9315346937254,135.06621486950667,129.55331638049336,134.37710571289062,57600,0.0,0.0
2014-03-28 00:00:00+09:00,135.06620613490324,146.09202763598552,132.30975706865354,136.30661010742188,85200,0.0,0.0
2014-03-31 00:00:00+09:00,140.99257450161383,142.646446343275,136.72006803797558,136.85789489746094,195600,0.0,0.0
2014-04-01 00:00:00+09:00,137.5470106515191,144.57596632059142,137.4091964033688,143.05992126464844,69000,0.0,0.0
2014-04-02 00:00:00+09:00,143.33558904645642,146.09205117487926,140.57913953607732,145.54075622558594,105000,0.0,0.0
2014-04-03 00:00:00+09:00,145.67857298691854,149.813253273983,144.98945119371257,146.092041015625,51000,0.0,0.0
2014-04-04 00:00:00+09:00,143.33557682383687,144.85163465060415,136.44444732649288,139.61436462402344,97800,0.0,0.0
2014-04-07 00:00:00+09:00,140.30348890806408,140.30348890806408,136.5822766418997,137.9604949951172,60000,0.0,0.0
2014-04-08 00:00:00+09:00,135.61751590136075,161.80382907206877,135.47968901658484,154.3614044189453,437400,0.0,0.0
2014-04-09 00:00:00+09:00,166.76545455860122,185.64715836771418,165.38722349016854,183.9932861328125,1045800,0.0,0.0
2014-04-10 00:00:00+09:00,192.95174265820884,214.3142532835907,179.85859261272228,186.61190795898438,1930200,0.0,0.0
2014-04-11 00:00:00+09:00,167.45454439994478,179.1694755804406,160.2877613389536,171.31358337402344,353400,0.0,0.0
2014-04-14 00:00:00+09:00,163.04423446746713,164.698106625656,154.08575186524862,155.7396240234375,241200,0.0,0.0
2014-04-15 00:00:00+09:00,153.12099782485254,153.12099782485254,137.68485384808227,137.9604949951172,346800,0.0,0.0
2014-04-16 00:00:00+09:00,137.5470333405653,142.78430370326564,137.13356529182806,137.6848602294922,199200,0.0,0.0
2014-04-17 00:00:00+09:00,139.75221081457735,141.68172431211687,136.4444661799128,137.13357543945312,208800,0.0,0.0
2014-04-18 00:00:00+09:00,137.82267585492866,151.60493460779182,137.82267585492866,149.3997802734375,210000,0.0,0.0
2014-04-21 00:00:00+09:00,151.60493966447183,152.2940614577299,144.71381005819129,148.2971954345703,90000,0.0,0.0
2014-04-22 00:00:00+09:00,144.71383094787598,147.33246638056673,137.82270034684916,138.92527770996094,99000,0.0,0.0
2014-04-23 00:00:00+09:00,139.20090297200974,139.7521978995213,137.82268458029574,139.33872985839844,82800,0.0,0.0
2014-04-24 00:00:00+09:00,140.579130055099,141.68170726128156,137.82268073062116,137.9604949951172,76200,0.0,0.0
2014-04-25 00:00:00+09:00,139.06310191671776,141.26825660019978,137.9605119569323,140.5791473388672,45600,0.0,0.0
2014-04-28 00:00:00+09:00,138.37396943803972,139.61437358425135,137.27139218075496,137.6848602294922,46200,0.0,0.0
2014-04-30 00:00:00+09:00,137.96047191922145,138.92523469953738,136.85789489746094,136.85789489746094,42000,0.0,0.0
2014-05-01 00:00:00+09:00,136.85790878272468,141.9573516845703,136.85790878272468,141.9573516845703,44400,0.0,0.0
2014-05-02 00:00:00+09:00,141.13042433246707,141.5438923601813,138.09832125654856,138.37396240234375,34200,0.0,0.0
2014-05-07 00:00:00+09:00,140.30349030384053,141.95736243858897,138.7874324349591,140.9925994873047,27000,0.0,0.0
2014-05-08 00:00:00+09:00,140.57913583143934,144.1625213623047,140.30349467307843,144.1625213623047,75600,0.0,0.0
2014-05-09 00:00:00+09:00,144.02471166120134,164.0089928003703,142.78430748216147,158.49609375,279600,0.0,0.0
2014-05-12 00:00:00+09:00,162.49294300239626,162.49294300239626,146.09204795710866,147.60809326171875,136200,0.0,0.0
2014-05-13 00:00:00+09:00,151.74279955501976,161.2525662846259,149.53763204938573,156.1531219482422,91200,0.0,0.0
2014-05-14 00:00:00+09:00,155.05049949468568,160.56341034939962,151.8805823776972,160.01211547851562,53400,0.0,0.0
2014-05-15 00:00:00+09:00,156.0152742056157,164.69810283633558,155.7396204402309,162.0794677734375,84000,0.0,0.0
2014-05-16 00:00:00+09:00,161.2525227295065,161.9416318684903,153.67227172851562,153.67227172851562,97800,0.0,0.0
2014-05-19 00:00:00+09:00,150.64019583590704,158.35826183233902,150.50236894770603,151.88059997558594,91800,0.0,0.0
2014-05-20 00:00:00+09:00,151.8805853162224,153.67227159968678,147.47025149990512,151.4671173095703,44400,0.0,0.0
2014-05-21 00:00:00+09:00,151.46712925031605,151.46712925031605,139.20090234061405,139.752197265625,81000,0.0,0.0
2014-05-22 00:00:00+09:00,141.95734475977665,147.7458965105126,141.95734475977665,142.64645385742188,21000,0.0,0.0
2014-05-23 00:00:00+09:00,146.22986610384228,146.91898794805743,140.85478133279193,145.12728881835938,24000,0.0,0.0
2014-05-26 00:00:00+09:00,145.26508833510357,151.19145432302932,145.26508833510357,149.53758239746094,19800,0.0,0.0
2014-05-27 00:00:00+09:00,152.29408196441616,154.22359548565709,150.22674154235642,152.70755004882812,35400,0.0,0.0
2014-05-28 00:00:00+09:00,156.84220152753406,156.84220152753406,152.7075214575467,153.67227172851562,20400,0.0,0.0
2014-05-29 00:00:00+09:00,152.98316832511654,153.8101043701172,149.12412924243273,153.8101043701172,46200,0.0,0.0
2014-05-30 00:00:00+09:00,153.81011199951172,155.73962532754135,147.47026446735254,148.84849548339844,63600,0.0,0.0
2014-06-02 00:00:00+09:00,148.84849548339844,148.84849548339844,148.84849548339844,148.84849548339844,0,0.0,0.0
2014-06-03 00:00:00+09:00,158.2204177873572,159.1851806640625,154.9126737735585,159.1851806640625,66600,0.0,0.0
2014-06-04 00:00:00+09:00,159.18518951214912,161.11470275476697,156.0152721954106,157.25567626953125,52800,0.0,0.0
2014-06-05 00:00:00+09:00,157.39349493967057,158.22043101223986,154.3614044189453,154.3614044189453,36600,0.0,0.0
2014-06-06 00:00:00+09:00,154.63703657822538,164.0089739830128,154.63703657822538,162.76856994628906,67200,0.0,0.0
2014-06-09 00:00:00+09:00,168.69495534212396,186.06061250969552,168.69495534212396,172.8296356201172,259800,0.0,0.0
2014-06-10 00:00:00+09:00,177.7912363295033,177.7912363295033,164.00896574135737,168.55711364746094,120600,0.0,0.0
2014-06-11 00:00:00+09:00,169.5218963623047,170.90012736801262,164.00898495751613,169.5218963623047,90600,0.0,0.0
2014-06-12 00:00:00+09:00,170.90013433483983,175.0348149024727,166.90326804076557,171.03794860839844,58200,0.0,0.0
2014-06-13 00:00:00+09:00,170.3488300389849,175.03480529785156,166.90325888234383,175.03480529785156,48000,0.0,0.0
2014-06-16 00:00:00+09:00,174.75914455700666,183.3041586656496,172.69180446911605,175.72390747070312,93600,0.0,0.0
2014-06-17 00:00:00+09:00,179.8585969275778,195.8460235595703,179.8585969275778,195.8460235595703,331800,0.0,0.0
2014-06-18 00:00:00+09:00,198.46467280161957,203.01282155332336,192.5382929494454,196.6729736328125,203400,0.0,0.0
2014-06-19 00:00:00+09:00,197.08642478476796,210.86869675237546,197.08642478476796,205.63143920898438,166800,0.0,0.0
2014-06-20 00:00:00+09:00,206.7340151709845,210.86869547440418,203.5640978110437,206.4583740234375,183600,0.0,0.0
2014-06-23 00:00:00+09:00,210.59305183336903,225.34007386827557,210.59305183336903,224.5131378173828,220800,0.0,0.0
2014-06-24 00:00:00+09:00,219.0002240080349,223.96183996867444,216.38157653808594,216.38157653808594,122400,0.0,0.0
2014-06-25 00:00:00+09:00,211.00650337459913,212.24689473599383,199.9806818120247,211.14431762695312,132600,0.0,0.0
2014-06-26 00:00:00+09:00,206.8718477761901,206.8718477761901,202.73716735839844,202.73716735839844,61800,0.0,0.0
2014-06-27 00:00:00+09:00,199.84288968110084,206.73401945698598,186.06061751128738,195.8460235595703,90000,0.0,0.0
2014-06-30 00:00:00+09:00,196.39730834960938,210.0417529296875,196.39730834960938,206.7340087890625,32400,0.0,0.0
2014-07-01 00:00:00+09:00,209.07700160503103,211.14434180751337,209.07700160503103,209.21482849121094,8400,0.0,0.0
2014-07-02 00:00:00+09:00,211.00654878867522,218.58680116715664,211.00654878867522,215.00340270996094,71400,0.0,0.0
2014-07-03 00:00:00+09:00,220.37844225174018,220.37844225174018,212.52255031406088,216.38157653808594,46200,0.0,0.0
2014-07-04 00:00:00+09:00,212.24688326206143,219.13802452065016,212.24688326206143,215.1411590576172,39600,0.0,0.0
2014-07-07 00:00:00+09:00,215.1412138872011,215.27905340331608,211.14436002359534,214.86558532714844,19800,0.0,0.0
2014-07-08 00:00:00+09:00,217.4841581741182,217.4841581741182,208.25003571863294,208.80133056640625,40800,0.0,0.0
2014-07-09 00:00:00+09:00,206.73401168530668,216.3815904852592,206.73401168530668,212.7982177734375,52200,0.0,0.0
2014-07-10 00:00:00+09:00,213.625182739939,214.86558697797201,209.4904893284512,210.1796112060547,25200,0.0,0.0
2014-07-11 00:00:00+09:00,209.49048113944605,209.49048113944605,202.32370978965696,207.83660888671875,42000,0.0,0.0
2014-07-14 00:00:00+09:00,199.98069389879805,202.1858608682009,193.08956446922255,200.25634765625,115200,0.0,0.0
2014-07-15 00:00:00+09:00,205.3558003297204,205.3558003297204,197.08643907324787,198.32684326171875,27600,0.0,0.0
2014-07-16 00:00:00+09:00,197.0864140313951,198.32681806225992,191.71132989764757,192.40045166015625,61800,0.0,0.0
2014-07-17 00:00:00+09:00,188.54142826466745,189.09272319660198,170.90012924123934,174.34568786621094,403200,0.0,0.0
2014-07-18 00:00:00+09:00,173.93222977001318,178.89384658707894,172.41618439303554,177.6534423828125,127800,0.0,0.0
2014-07-22 00:00:00+09:00,177.1021427800578,177.1021427800578,172.41616759231786,172.8296356201172,130800,0.0,0.0
2014-07-23 00:00:00+09:00,174.3456840173434,174.62133778624698,169.52189447804744,170.76229858398438,70200,0.0,0.0
2014-07-24 00:00:00+09:00,170.90010499804018,172.00268208745874,168.14364334743138,170.2109832763672,69000,0.0,0.0
2014-07-25 00:00:00+09:00,169.65971686517412,170.76229405743226,169.38406310357755,169.7975311279297,53400,0.0,0.0
2014-07-28 00:00:00+09:00,169.93536952099745,172.82964588753512,169.38407457849956,170.0731964111328,118800,0.0,0.0
2014-07-29 00:00:00+09:00,171.58923112520003,181.09899574177737,171.58923112520003,179.3072967529297,145200,0.0,0.0
2014-07-30 00:00:00+09:00,182.47724628650678,182.61506056487048,176.1373983224085,176.82650756835938,97800,0.0,0.0
2014-07-31 00:00:00+09:00,181.92595131891957,181.92595131891957,176.55086639358785,176.82650756835938,43200,0.0,0.0
2014-08-01 00:00:00+09:00,176.41300464526896,176.41300464526896,166.7654266357422,166.7654266357422,201000,0.0,0.0
2014-08-04 00:00:00+09:00,165.80070224338107,169.79755619618422,165.80070224338107,167.45457458496094,76200,0.0,0.0
2014-08-05 00:00:00+09:00,167.17889579847966,170.21098599736217,165.80066495114286,165.93849182128906,74400,0.0,0.0
2014-08-06 00:00:00+09:00,165.9385083327015,166.6276175159176,165.111572265625,165.111572265625,49800,0.0,0.0
2014-08-07 00:00:00+09:00,165.1115827048794,167.31673727780998,156.15309966645103,158.49609375,94800,0.0,0.0
2014-08-08 00:00:00+09:00,154.36140432119865,154.36140432119865,148.4350249321906,150.5023651123047,279600,0.0,0.0
2014-08-11 00:00:00+09:00,150.226716303331,154.08574269747228,149.12412651811135,149.3997802734375,176400,0.0,0.0
2014-08-12 00:00:00+09:00,149.39977216094044,151.46711212341634,149.39977216094044,150.9158172607422,99000,0.0,0.0
2014-08-13 00:00:00+09:00,151.32928204580588,159.87428283691406,151.32928204580588,159.87428283691406,62400,0.0,0.0
2014-08-14 00:00:00+09:00,159.59865716491083,163.73333740234375,154.36139973684337,163.73333740234375,77400,0.0,0.0
2014-08-15 00:00:00+09:00,161.3903798951063,164.97376575562976,158.90957138750284,164.00900268554688,71400,0.0,0.0
2014-08-18 00:00:00+09:00,164.00898684619978,164.00898684619978,157.944793063729,158.35826110839844,48000,0.0,0.0
2014-08-19 00:00:00+09:00,159.18517373670838,161.66598163909865,158.4960646365027,159.87428283691406,36600,0.0,0.0
2014-08-20 00:00:00+09:00,159.18520347182462,161.39037066965673,158.49609424289628,160.28778076171875,30600,0.0,0.0
2014-08-21 00:00:00+09:00,159.18517373670838,161.25251365536693,159.18517373670838,159.87428283691406,33600,0.0,0.0
2014-08-22 00:00:00+09:00,159.32302779215524,162.6307722264696,159.32302779215524,161.941650390625,38400,0.0,0.0
2014-08-25 00:00:00+09:00,161.94162800253164,162.63074974310658,159.87428801689063,160.4255828857422,30000,0.0,0.0
2014-08-26 00:00:00+09:00,160.56343570036128,166.0763348074512,160.56343570036128,163.31988525390625,42600,0.0,0.0
2014-08-27 00:00:00+09:00,163.45768633996707,163.7333274663881,158.49607035613712,160.01211547851562,57000,0.0,0.0
2014-08-28 00:00:00+09:00,159.87428283691406,160.4255776879035,158.4960646365027,159.87428283691406,36600,0.0,0.0
2014-08-29 00:00:00+09:00,158.63390226549697,160.83906937641513,157.944793063729,158.35826110839844,32400,0.0,0.0
2014-09-01 00:00:00+09:00,158.08262569032004,159.4608441438907,157.80697190517085,158.49609375,37200,0.0,0.0
2014-09-02 00:00:00+09:00,159.18519719773735,159.18519719773735,157.80696617615806,158.35826110839844,22800,0.0,0.0
2014-09-03 00:00:00+09:00,158.08261052869645,162.63075874896543,158.08261052869645,160.70123291015625,41400,0.0,0.0
2014-09-04 00:00:00+09:00,158.49607035613712,160.70122460358914,158.49607035613712,160.01211547851562,22800,0.0,0.0
2014-09-05 00:00:00+09:00,159.3230063534421,162.63075034266208,159.3230063534421,160.01211547851562,16800,0.0,0.0
2014-09-08 00:00:00+09:00,159.87431011917855,162.6307722264696,159.87431011917855,161.941650390625,21600,0.0,0.0
2014-09-09 00:00:00+09:00,162.630776020031,163.31988525390625,161.25254493423654,163.31988525390625,16800,0.0,0.0
2014-09-10 00:00:00+09:00,164.28464844344776,164.28464844344776,158.0826274781084,159.46084594726562,42000,0.0,0.0
2014-09-11 00:00:00+09:00,158.2204380260679,159.87431024452175,158.2204380260679,159.7364959716797,51000,0.0,0.0
2014-09-12 00:00:00+09:00,160.56341983837112,160.7012341007052,157.6691436767578,157.6691436767578,39000,0.0,0.0
2014-09-16 00:00:00+09:00,159.87430448387389,159.87430448387389,157.66915001742146,159.59866333007812,26400,0.0,0.0
2014-09-17 00:00:00+09:00,158.6338891300888,160.9768829345703,158.6338891300888,160.9768829345703,10200,0.0,0.0
2014-09-18 00:00:00+09:00,160.97688113878854,165.38720232819298,159.87429137790582,162.21728515625,72000,0.0,0.0
2014-09-19 00:00:00+09:00,165.11156504858155,174.4835025264527,163.18203923104744,172.27833557128906,138000,0.0,0.0
2014-09-22 00:00:00+09:00,180.54770787629815,191.57353076663617,179.03166259154506,184.68238830566406,271800,0.0,0.0
2014-09-24 00:00:00+09:00,183.99327516346668,183.99327516346668,172.27834332532152,175.03480529785156,108600,0.0,0.0
2014-09-25 00:00:00+09:00,175.17263528364194,178.75603364589253,174.89699410887042,176.82650756835938,42600,0.0,0.0
2014-09-26 00:00:00+09:00,172.967449466458,175.58607169980732,172.41615459825934,175.44825744628906,46800,0.0,0.0
2014-09-29 00:00:00+09:00,174.4835102615725,176.27520928069936,170.62447107346966,171.17576599121094,55200,0.0,0.0
2014-09-30 00:00:00+09:00,168.83279867561384,178.48037851899014,168.2815037121474,177.6534423828125,68400,0.0,0.0
2014-10-01 00:00:00+09:00,177.5156119339558,177.5156119339558,168.14366149902344,168.14366149902344,57000,0.0,0.0
2014-10-02 00:00:00+09:00,165.38722229003906,168.8327936270961,163.73335006713867,165.38722229003906,43800,0.0,0.0
2014-10-03 00:00:00+09:00,166.2141564207663,171.72706797075315,166.2141564207663,170.48666381835938,16800,0.0,0.0
2014-10-06 00:00:00+09:00,175.99955817726283,175.99955817726283,171.17576858263925,173.3809356689453,21000,0.0,0.0
2014-10-07 00:00:00+09:00,173.38092908434336,173.38092908434336,169.38406310357755,169.7975311279297,15000,0.0,0.0
2014-10-08 00:00:00+09:00,165.66285088440833,173.6565702278972,165.66285088440833,169.7975311279297,19800,0.0,0.0
2014-10-09 00:00:00+09:00,176.55084260378032,176.55084260378032,168.97059144756483,172.27833557128906,56400,0.0,0.0
2014-10-10 00:00:00+09:00,168.97060328849014,175.72391888702558,167.73019915516997,174.34568786621094,55200,0.0,0.0
2014-10-14 00:00:00+09:00,170.21100315494547,175.03480529785156,168.14366298456946,175.03480529785156,58200,0.0,0.0
2014-10-15 00:00:00+09:00,162.63076504165497,164.00898341636895,141.9573632405142,150.5023651123047,246000,0.0,0.0
2014-10-16 00:00:00+09:00,143.47341890034733,143.61124579502706,133.8258264877771,137.82269287109375,217800,0.0,0.0
2014-10-17 00:00:00+09:00,137.82268072394078,139.47655284215588,135.75534057617188,135.75534057617188,58200,0.0,0.0
2014-10-20 00:00:00+09:00,135.7553206614413,137.8226605059402,133.136685985729,134.79055786132812,131400,0.0,0.0
2014-10-21 00:00:00+09:00,135.06621087638072,135.61750575620047,131.62065257712325,132.99887084960938,45600,0.0,0.0
2014-10-22 00:00:00+09:00,133.68800295986492,141.26824189985862,133.68800295986492,140.16566467285156,82800,0.0,0.0
2014-10-23 00:00:00+09:00,140.57912976019142,148.84849033432033,139.61436682052877,146.092041015625,33600,0.0,0.0
2014-10-24 00:00:00+09:00,146.0920447400997,146.0920447400997,138.51179314788277,139.752197265625,30000,0.0,0.0
2014-10-27 00:00:00+09:00,138.5118195869817,139.06311461722368,136.58230590820312,136.58230590820312,51000,0.0,0.0
2014-10-28 00:00:00+09:00,135.34186559948986,137.8226736494721,135.34186559948986,136.44444274902344,43200,0.0,0.0
2014-10-29 00:00:00+09:00,136.44445416024513,137.822685175959,133.68800474686068,135.06622314453125,50400,0.0,0.0
2014-10-30 00:00:00+09:00,136.4444478932786,137.8226788456896,133.68799860649935,136.99574279785156,54000,0.0,0.0
2014-10-31 00:00:00+09:00,133.68799448103942,140.0278289067959,133.68799448103942,139.8900146484375,54600,0.0,0.0
2014-11-04 00:00:00+09:00,142.64645358027315,150.50234522672298,139.20088286265855,149.53758239746094,67200,0.0,0.0
2014-11-05 00:00:00+09:00,145.40292303475707,158.08261799290054,144.7138138415261,155.7396240234375,100200,0.0,0.0
2014-11-06 00:00:00+09:00,155.73962666478022,155.73962666478022,151.7427730873849,151.88059997558594,34800,0.0,0.0
2014-11-07 00:00:00+09:00,153.39664455544204,158.49608797848379,152.98317651081823,154.4992218017578,71400,0.0,0.0
2014-11-10 00:00:00+09:00,157.1178518801454,158.49608285703818,154.36140254440278,157.8069610595703,37200,0.0,0.0
2014-11-11 00:00:00+09:00,158.49608285703818,160.7012372784151,156.29091581761833,157.8069610595703,34200,0.0,0.0
2014-11-12 00:00:00+09:00,155.6018117414036,157.11785703307672,152.2940673828125,152.2940673828125,46800,0.0,0.0
2014-11-13 00:00:00+09:00,151.60493773450915,151.60493773450915,139.33872391079012,147.3324432373047,58200,0.0,0.0
2014-11-14 00:00:00+09:00,144.71380821595415,147.3324432373047,137.6848518168935,147.3324432373047,78600,0.0,0.0
2014-11-17 00:00:00+09:00,141.1304146537752,142.09516490691746,136.44443978836287,138.51177978515625,62400,0.0,0.0
2014-11-18 00:00:00+09:00,138.64961940846143,143.7490501241569,138.64961940846143,140.16566467285156,20400,0.0,0.0
2014-11-19 00:00:00+09:00,141.81954578162453,141.81954578162453,138.7874424432525,140.44131469726562,15000,0.0,0.0
2014-11-20 00:00:00+09:00,140.5791473388672,140.5791473388672,137.9605119569323,140.5791473388672,19800,0.0,0.0
2014-11-21 00:00:00+09:00,139.2008819580078,139.2008819580078,139.2008819580078,139.2008819580078,28800,0.0,0.0
2014-11-25 00:00:00+09:00,140.71694363042337,146.7811366180177,140.71694363042337,144.85162353515625,33000,0.0,0.0
2014-11-26 00:00:00+09:00,144.85163078235595,144.85163078235595,139.61436089563603,139.8900146484375,69600,0.0,0.0
2014-11-27 00:00:00+09:00,143.33556237899043,144.4381520724411,142.3708121697728,143.05992126464844,31200,0.0,0.0
2014-11-28 00:00:00+09:00,144.57597578856328,144.57597578856328,140.44129571245526,140.71694946289062,16800,0.0,0.0
2014-12-01 00:00:00+09:00,143.88685722571577,145.12726116731676,143.05992126464844,143.05992126464844,22200,0.0,0.0
2014-12-02 00:00:00+09:00,142.646477978565,142.922119140625,140.30349655594608,142.922119140625,22200,0.0,0.0
2014-12-03 00:00:00+09:00,141.40608349968406,141.40608349968406,140.5791473388672,140.5791473388672,18600,0.0,0.0
2014-12-04 00:00:00+09:00,141.54387558269713,141.54387558269713,139.2008819580078,139.2008819580078,22800,0.0,0.0
2014-12-05 00:00:00+09:00,139.33873740060486,140.44131469726562,138.2361601039441,140.44131469726562,13800,0.0,0.0
2014-12-08 00:00:00+09:00,144.57598624834003,149.53760269863244,144.438171981194,146.2298583984375,124200,0.0,0.0
2014-12-09 00:00:00+09:00,146.22983883043509,146.91896054612175,142.3708127419721,142.64645385742188,16200,0.0,0.0
2014-12-10 00:00:00+09:00,139.89001344766902,144.57597578856328,139.89001344766902,140.71694946289062,22800,0.0,0.0
2014-12-11 00:00:00+09:00,139.20088036778648,144.7137908935547,139.20088036778648,144.7137908935547,33000,0.0,0.0
2014-12-12 00:00:00+09:00,145.26508573154385,146.64330389945502,144.7137908935547,144.7137908935547,22200,0.0,0.0
2014-12-15 00:00:00+09:00,144.71379666565124,146.6433097485127,144.71379666565124,144.85162353515625,13200,0.0,0.0
2014-12-16 00:00:00+09:00,140.85476193290302,144.16250595182083,140.02782592817354,141.9573516845703,19800,0.0,0.0
2014-12-17 00:00:00+09:00,140.3034928270328,141.26824317762396,139.33872985839844,139.33872985839844,27000,0.0,0.0
2014-12-18 00:00:00+09:00,143.47340961885172,143.47340961885172,139.752197265625,139.752197265625,22200,0.0,0.0
2014-12-19 00:00:00+09:00,139.3387380536519,140.5791422499752,138.09833385732858,140.02784729003906,40800,0.0,0.0
2014-12-22 00:00:00+09:00,139.33875535553963,140.30351850071287,138.23617791680277,138.78746032714844,25800,0.0,0.0
2014-12-24 00:00:00+09:00,138.37397521372472,138.37397521372472,136.85792984442352,137.82269287109375,365400,0.0,0.0
2014-12-25 00:00:00+09:00,137.54704624823603,137.68487315009685,135.47970581054688,135.47970581054688,51000,0.0,0.0
2014-12-26 00:00:00+09:00,137.68485322883433,138.37396240234375,137.68485322883433,138.37396240234375,11400,0.0,0.0
2014-12-29 00:00:00+09:00,141.6817131697808,141.6817131697808,137.9605007484321,138.09832763671875,20400,0.0,0.0
2014-12-30 00:00:00+09:00,139.20092844393045,141.26826902784052,138.0983510051936,138.78746032714844,18000,0.0,0.0
2015-01-05 00:00:00+09:00,140.30347967511142,142.23299281346613,139.33871679691302,141.9573516845703,10800,0.0,0.0
2015-01-06 00:00:00+09:00,141.26823172767686,141.95735348572302,139.75218657245134,140.71694946289062,10800,0.0,0.0
2015-01-07 00:00:00+09:00,139.7521978995213,139.7521978995213,139.20090297200974,139.33872985839844,2400,0.0,0.0
2015-01-08 00:00:00+09:00,138.6496094248366,141.40605860289455,138.6496094248366,140.71694946289062,12600,0.0,0.0
2015-01-09 00:00:00+09:00,140.85475387282787,140.85475387282787,139.2008819580078,139.2008819580078,22800,0.0,0.0
2015-01-13 00:00:00+09:00,139.20088891140674,139.75218378323228,137.6848437864389,138.51177978515625,33600,0.0,0.0
2015-01-14 00:00:00+09:00,138.51178494163534,139.7521889858888,138.0983169268842,139.06307983398438,24000,0.0,0.0
2015-01-15 00:00:00+09:00,130.93154602598534,130.93154602598534,126.79686549234323,126.9346923828125,110400,0.0,0.0
2015-01-16 00:00:00+09:00,126.93466869289593,126.93466869289593,120.31918107372219,121.97305297851562,119400,0.0,0.0
2015-01-19 00:00:00+09:00,121.97305169204067,121.97305169204067,120.45700666798382,121.6974105834961,67200,0.0,0.0
2015-01-20 00:00:00+09:00,122.6621844917245,122.6621844917245,121.00831228456398,121.28396606445312,92400,0.0,0.0
2015-01-21 00:00:00+09:00,121.28398251901999,121.69745062690524,121.28398251901999,121.55962371826172,12000,0.0,0.0
2015-01-22 00:00:00+09:00,123.62696956772749,124.5917327335801,122.66220640187487,123.9026107788086,15600,0.0,0.0
2015-01-23 00:00:00+09:00,124.0404135794224,124.0404135794224,122.24871451059407,122.52436828613281,19200,0.0,0.0
2015-01-26 00:00:00+09:00,122.80001576855143,124.45388803479455,122.80001576855143,123.35131072998047,4200,0.0,0.0
2015-01-27 00:00:00+09:00,123.3512884263704,123.902570670076,122.66216669467578,122.93782043457031,23400,0.0,0.0
2015-01-28 00:00:00+09:00,122.66216669467578,123.48910267827593,122.52435244277024,122.93782043457031,30000,0.0,0.0
2015-01-29 00:00:00+09:00,122.6621825558588,126.10775380574611,122.52436828613281,122.52436828613281,25200,0.0,0.0
2015-01-30 00:00:00+09:00,122.66219397486907,124.04042512673654,122.24872589111328,122.24872589111328,13800,0.0,0.0
2015-02-02 00:00:00+09:00,122.24872521686449,122.66219329833984,121.97308403522908,122.66219329833984,7800,0.0,0.0
2015-02-03 00:00:00+09:00,121.6974105834961,121.6974105834961,121.6974105834961,121.6974105834961,1200,0.0,0.0
2015-02-04 00:00:00+09:00,121.6974105834961,122.66216077242267,121.55958372020325,121.6974105834961,9000,0.0,0.0
2015-02-05 00:00:00+09:00,121.55961034074141,121.6974372342172,121.42178344726562,121.42178344726562,13800,0.0,0.0
2015-02-06 00:00:00+09:00,121.28396093403946,121.83524323441088,120.45702486543928,120.732666015625,56400,0.0,0.0
2015-02-09 00:00:00+09:00,120.87051441113475,122.3865599340322,120.87051441113475,121.55962371826172,1800,0.0,0.0
2015-02-10 00:00:00+09:00,121.69745585406808,124.45390581901663,121.69745585406808,123.9026107788086,51600,0.0,0.0
2015-02-12 00:00:00+09:00,124.0404148026122,126.79686425887797,124.0404148026122,126.65904998779297,61200,0.0,0.0
2015-02-13 00:00:00+09:00,120.59484423277385,121.69743411624326,120.31920307092828,121.28396606445312,43200,0.0,0.0
2015-02-16 00:00:00+09:00,121.14613199402503,121.14613199402503,115.21975273028256,117.0114517211914,158400,0.0,0.0
2015-02-17 00:00:00+09:00,117.01146047025817,121.28396794432695,115.7710562956618,121.1461410522461,99000,0.0,0.0
2015-02-18 00:00:00+09:00,121.83522482874783,121.97305169204067,119.76788496956068,121.6974105834961,44400,0.0,0.0
2015-02-19 00:00:00+09:00,121.69743027192014,127.4859828141263,121.69743027192014,125.96992492675781,103200,0.0,0.0
2015-02-20 00:00:00+09:00,125.41862661413249,126.10773571805336,124.17822265625,124.17822265625,11400,0.0,0.0
2015-02-23 00:00:00+09:00,124.31604766845703,125.41863747183332,124.31604766845703,124.31604766845703,34800,0.0,0.0
2015-02-24 00:00:00+09:00,125.5564516840831,125.5564516840831,120.18136740338738,122.11089324951172,66600,0.0,0.0
2015-02-25 00:00:00+09:00,134.84356504310117,138.83210722287546,134.84356504310117,138.6787109375,32400,15.0,0.0
2015-02-26 00:00:00+09:00,138.0650871254284,139.59914833061325,134.99697875976562,134.99697875976562,31800,0.0,0.0
2015-02-27 00:00:00+09:00,136.99124786956267,138.06509215679577,136.99124786956267,137.75828552246094,1800,0.0,0.0
2015-03-02 00:00:00+09:00,137.75828552246094,137.75828552246094,137.29806854860496,137.75828552246094,9600,0.0,0.0
2015-03-03 00:00:00+09:00,136.53100048814412,137.91165110221985,135.76397705078125,135.76397705078125,8400,0.0,0.0
2015-03-04 00:00:00+09:00,131.92887497955195,134.99699782318243,131.92887497955195,133.4629364013672,28200,0.0,0.0
2015-03-05 00:00:00+09:00,132.84928203908296,133.92312622070312,132.84928203908296,133.92312622070312,5400,0.0,0.0
2015-03-06 00:00:00+09:00,137.14462627296066,138.525276873024,135.15034850241219,137.60484313964844,27000,0.0,0.0
2015-03-09 00:00:00+09:00,137.4514512393562,137.4514512393562,135.30377692216044,135.9174041748047,7800,0.0,0.0
2015-03-10 00:00:00+09:00,138.06509769962946,138.06509769962946,135.15038539995683,136.53103637695312,19200,0.0,0.0
2015-03-11 00:00:00+09:00,136.37761456601405,137.14463806152344,136.22420424902998,137.14463806152344,12600,0.0,0.0
2015-03-12 00:00:00+09:00,138.06509769962946,138.21850804530948,135.917423083649,136.53103637695312,4800,0.0,0.0
2015-03-13 00:00:00+09:00,138.06508059838137,139.29232107768712,136.68442979239757,138.37188720703125,24000,0.0,0.0
2015-03-16 00:00:00+09:00,138.83210907704876,139.59914669299664,138.83210907704876,138.9855194091797,10800,0.0,0.0
2015-03-17 00:00:00+09:00,139.59914854920095,140.36617213064093,139.29232788085938,139.29232788085938,16200,0.0,0.0
2015-03-18 00:00:00+09:00,139.29232416841506,139.29232416841506,137.2980601008812,138.6787109375,17400,0.0,0.0
2015-03-19 00:00:00+09:00,138.6787109375,138.6787109375,138.6787109375,138.6787109375,600,0.0,0.0
2015-03-20 00:00:00+09:00,138.67871260786703,140.97979736328125,137.29806175461846,140.97979736328125,11400,0.0,0.0
2015-03-23 00:00:00+09:00,142.51383794541925,142.51383794541925,140.05935701573446,140.21275329589844,4800,0.0,0.0
2015-03-24 00:00:00+09:00,138.37188720703125,140.212754948343,138.37188720703125,138.37188720703125,5400,0.0,0.0
2015-03-25 00:00:00+09:00,138.3718855762818,140.21275329589844,137.91166864637765,140.21275329589844,8400,0.0,0.0
2015-03-26 00:00:00+09:00,142.667246366802,142.667246366802,139.90594482421875,139.90594482421875,69600,0.0,0.0
2015-03-27 00:00:00+09:00,142.20703125,142.20703125,142.20703125,142.20703125,600,0.0,0.0
2015-03-30 00:00:00+09:00,142.2070283470993,148.03643798828125,141.74681142688215,148.03643798828125,7800,0.0,0.0
2015-03-31 00:00:00+09:00,145.73537691410277,145.73537691410277,142.20705130440848,144.96835327148438,3600,0.0,0.0
2015-04-01 00:00:00+09:00,142.66725158691406,142.66725158691406,142.66725158691406,142.66725158691406,1800,0.0,0.0
2015-04-02 00:00:00+09:00,142.66723477324732,142.66723477324732,141.13317380379468,142.51382446289062,7200,0.0,0.0
2015-04-03 00:00:00+09:00,144.81492596149235,144.81492596149235,142.66725158691406,142.66725158691406,1800,0.0,0.0
2015-04-06 00:00:00+09:00,142.66725158691406,143.4342751396835,141.13319043666877,142.66725158691406,6000,0.0,0.0
2015-04-07 00:00:00+09:00,142.66725158691406,142.66725158691406,141.13319043666877,142.66725158691406,21600,0.0,0.0
2015-04-08 00:00:00+09:00,142.66724817961165,142.66724817961165,142.20703125,142.20703125,4200,0.0,0.0
2015-04-09 00:00:00+09:00,142.51382751044744,142.6672378240847,140.8263702392578,140.8263702392578,5400,0.0,0.0
2015-04-10 00:00:00+09:00,143.127468527517,143.127468527517,142.66725158691406,142.66725158691406,1800,0.0,0.0
2015-04-13 00:00:00+09:00,143.28085327148438,143.28085327148438,142.66722611201527,143.28085327148438,14400,0.0,0.0
2015-04-14 00:00:00+09:00,144.04788553031386,147.2694037370621,143.89447521985284,144.5081024169922,24600,0.0,0.0
2015-04-15 00:00:00+09:00,148.80346164119817,148.9568579037934,144.0478825619511,146.195556640625,42600,0.0,0.0
2015-04-16 00:00:00+09:00,146.1955767833012,146.1955767833012,138.21849250932104,142.66725158691406,70200,0.0,0.0
2015-04-17 00:00:00+09:00,144.96835327148438,145.73537691410277,142.05364095800158,144.96835327148438,9600,0.0,0.0
2015-04-20 00:00:00+09:00,144.66152778819233,144.66152778819233,141.28659891961857,142.36044311523438,5400,0.0,0.0
2015-04-21 00:00:00+09:00,142.3604447863427,142.66725139810316,140.36616669813375,140.5195770263672,25200,0.0,0.0
2015-04-22 00:00:00+09:00,142.51383255573188,142.51383255573188,138.21848406887494,139.4457244873047,21000,0.0,0.0
2015-04-23 00:00:00+09:00,141.44002473311895,141.44002473311895,136.2242275550717,140.36618041992188,46800,0.0,0.0
2015-04-24 00:00:00+09:00,140.6729560236811,141.1331729071225,138.06506503241485,138.21847534179688,7200,0.0,0.0
2015-04-27 00:00:00+09:00,140.21275805949426,140.8263853351159,138.06508366187833,138.6787109375,28800,0.0,0.0
2015-04-28 00:00:00+09:00,140.21275805949426,140.21275805949426,138.6787109375,138.6787109375,9600,0.0,0.0
2015-04-30 00:00:00+09:00,140.82635341053916,140.82635341053916,138.83207575039074,140.67294311523438,18600,0.0,0.0
2015-05-01 00:00:00+09:00,140.5195674126392,143.43426513671875,138.06507255236204,143.43426513671875,41400,0.0,0.0
2015-05-07 00:00:00+09:00,143.4342787303455,143.4342787303455,141.13319396972656,141.13319396972656,5400,0.0,0.0
2015-05-08 00:00:00+09:00,141.28660583496094,141.28660583496094,141.28660583496094,141.28660583496094,7200,0.0,0.0
2015-05-11 00:00:00+09:00,141.28659370215803,141.9002209405221,139.59913635253906,139.59913635253906,16800,0.0,0.0
2015-05-12 00:00:00+09:00,139.75253295898438,139.90594328011449,139.75253295898438,139.75253295898438,7200,0.0,0.0
2015-05-13 00:00:00+09:00,139.75255679710546,139.75255679710546,138.83212280273438,138.83212280273438,13800,0.0,0.0
2015-05-14 00:00:00+09:00,140.82636633306316,141.1331729071225,138.21847534179688,138.21847534179688,7800,0.0,0.0
2015-05-15 00:00:00+09:00,138.37188720703125,138.52529753370933,138.37188720703125,138.37188720703125,8400,0.0,0.0
2015-05-18 00:00:00+09:00,138.3718716064742,138.3718716064742,138.21847534179688,138.21847534179688,8400,0.0,0.0
2015-05-19 00:00:00+09:00,138.8321157649866,138.8321157649866,137.75828552246094,137.75828552246094,9600,0.0,0.0
2015-05-20 00:00:00+09:00,137.9116650335764,138.06507535442768,135.4571841681904,135.61058044433594,9600,0.0,0.0
2015-05-21 00:00:00+09:00,135.61056674542695,135.76397705078125,135.61056674542695,135.76397705078125,1200,0.0,0.0
2015-05-22 00:00:00+09:00,136.2242076830353,136.5310142800321,133.61631649679805,135.61058044433594,13200,0.0,0.0
2015-05-25 00:00:00+09:00,134.84356842583506,135.7640023400046,134.3833514687503,134.99697875976562,10200,0.0,0.0
2015-05-26 00:00:00+09:00,134.69014660863976,135.61058044433594,134.22992969079166,135.61058044433594,9600,0.0,0.0
2015-05-27 00:00:00+09:00,135.7640141697335,138.83212280273438,135.7640141697335,138.83212280273438,2400,0.0,0.0
2015-05-28 00:00:00+09:00,139.44572952270508,139.44572952270508,138.06507873535156,138.06507873535156,5400,0.0,0.0
2015-05-29 00:00:00+09:00,138.0650718740169,138.0650718740169,135.4571807535206,137.14463806152344,8400,0.0,0.0
2015-06-01 00:00:00+09:00,136.531020982126,138.52529907226562,136.07080404168656,138.52529907226562,9000,0.0,0.0
2015-06-02 00:00:00+09:00,136.2242079306378,139.90594328011449,136.2242079306378,139.75253295898438,6000,0.0,0.0
2015-06-03 00:00:00+09:00,139.9059481158438,142.36044311523438,139.75253778941118,142.36044311523438,7800,0.0,0.0
2015-06-04 00:00:00+09:00,142.36044311523438,142.36044311523438,142.36044311523438,142.36044311523438,0,0.0,0.0
2015-06-05 00:00:00+09:00,140.9797976821565,141.13319396972656,138.8321092091076,141.13319396972656,6600,0.0,0.0
2015-06-08 00:00:00+09:00,141.13319365050435,141.28660398243423,138.83210889509013,140.97979736328125,12000,0.0,0.0
2015-06-09 00:00:00+09:00,140.36618041992188,140.36618041992188,138.06509549500512,140.36618041992188,10800,0.0,0.0
2015-06-10 00:00:00+09:00,139.5991131822112,140.67294311523438,139.5991131822112,140.67294311523438,4800,0.0,0.0
2015-06-11 00:00:00+09:00,142.51384977045674,142.51384977045674,141.13319886618524,141.746826171875,18000,0.0,0.0
2015-06-12 00:00:00+09:00,138.83208343591448,139.29230030260226,137.60484313964844,137.60484313964844,49200,0.0,0.0
2015-06-15 00:00:00+09:00,139.7525427972558,141.13319365050435,137.4514580418416,140.97979736328125,47400,0.0,0.0
2015-06-16 00:00:00+09:00,142.51383770192197,142.51383770192197,137.7582721308417,138.06507873535156,97200,0.0,0.0
2015-06-17 00:00:00+09:00,138.06507873535156,138.06507873535156,138.06507873535156,138.06507873535156,0,0.0,0.0
2015-06-18 00:00:00+09:00,137.75827551976874,140.05936022196585,137.75827551976874,138.52529907226562,4200,0.0,0.0
2015-06-19 00:00:00+09:00,138.52530060741793,138.83210722287546,137.91167333179627,138.6787109375,12000,0.0,0.0
2015-06-22 00:00:00+09:00,138.67872650014465,138.83212280273438,138.67872650014465,138.83212280273438,3000,0.0,0.0
2015-06-23 00:00:00+09:00,139.59914669299664,139.59914669299664,138.37189212536273,138.9855194091797,6000,0.0,0.0
2015-06-24 00:00:00+09:00,138.985510976691,139.90594482421875,138.985510976691,139.90594482421875,7800,0.0,0.0
2015-06-25 00:00:00+09:00,139.9059531291857,141.13319365050435,139.5991465100327,140.97979736328125,13800,0.0,0.0
2015-06-26 00:00:00+09:00,141.44001109354167,142.66725158691406,139.59914333112988,142.66725158691406,31200,0.0,0.0
2015-06-29 00:00:00+09:00,141.1331818182338,141.1331818182338,137.91166343073832,139.4457244873047,21000,0.0,0.0
2015-06-30 00:00:00+09:00,139.4457244873047,139.4457244873047,139.4457244873047,139.4457244873047,1200,0.0,0.0
2015-07-01 00:00:00+09:00,141.13318395679528,144.20130611641864,141.13318395679528,143.8944854736328,15600,0.0,0.0
2015-07-02 00:00:00+09:00,142.20705136973606,144.81494299160306,142.20705136973606,142.8206787109375,10200,0.0,0.0
2015-07-03 00:00:00+09:00,142.82065380075574,145.7353515625,142.82065380075574,145.7353515625,17400,0.0,0.0
2015-07-06 00:00:00+09:00,146.50239235257214,147.57622248021707,141.13318553552372,142.05361938476562,44400,0.0,0.0
2015-07-07 00:00:00+09:00,148.95687021978875,154.63288352272727,144.9683283025568,151.87158203125,49800,0.0,0.0
2015-07-08 00:00:00+09:00,150.1841329649977,151.87159039897304,138.0650821808846,142.66725158691406,52800,0.0,0.0
2015-07-09 00:00:00+09:00,140.36616376225905,147.26941771778,139.1389232961796,144.35470581054688,45600,0.0,0.0
2015-07-10 00:00:00+09:00,147.26940180127076,147.26940180127076,141.43999266153867,144.2012939453125,10800,0.0,0.0
2015-07-13 00:00:00+09:00,142.3604368863008,145.7353515625,142.3604368863008,145.7353515625,11400,0.0,0.0
2015-07-14 00:00:00+09:00,152.6386139135164,153.0988308540041,148.80348210592325,152.9454345703125,38400,0.0,0.0
2015-07-15 00:00:00+09:00,169.0530147244056,175.95626831054688,169.0530147244056,175.95626831054688,195000,0.0,0.0
2015-07-16 00:00:00+09:00,170.4336669465233,188.84234333877765,165.6780875302891,172.12112426757812,430800,0.0,0.0
2015-07-17 00:00:00+09:00,181.32545420587715,181.32545420587715,164.9110565185547,164.9110565185547,102000,0.0,0.0
2015-07-21 00:00:00+09:00,168.7462158203125,169.5132534584592,166.5985413318576,168.7462158203125,15600,0.0,0.0
2015-07-22 00:00:00+09:00,172.58135303036198,172.58135303036198,166.13831585056178,167.5189666748047,61200,0.0,0.0
2015-07-23 00:00:00+09:00,171.81432301677998,181.01866149902344,170.43367224444344,181.01866149902344,87600,0.0,0.0
2015-07-24 00:00:00+09:00,182.85952105635772,184.08676145113017,179.4845924148519,182.0924835205078,40200,0.0,0.0
2015-07-27 00:00:00+09:00,184.24017982837424,186.08104752342976,168.89961102134302,174.88243103027344,76200,0.0,0.0
2015-07-28 00:00:00+09:00,169.82007302998645,174.88246003088037,167.51898802958013,174.7290496826172,55800,0.0,0.0
2015-07-29 00:00:00+09:00,173.3483785006371,173.3483785006371,169.05302969642815,171.9677276611328,16800,0.0,0.0
2015-07-30 00:00:00+09:00,169.513256284019,177.18353448038877,169.513256284019,173.1949920654297,20400,0.0,0.0
2015-07-31 00:00:00+09:00,173.19497318001467,173.65519010250833,167.97917671018462,168.59280395507812,51000,0.0,0.0
2015-08-03 00:00:00+09:00,168.59280084229226,173.19496998225742,165.67808903874578,170.28025817871094,35400,0.0,0.0
2015-08-04 00:00:00+09:00,174.8824411895194,176.26309204101562,168.13259726377353,176.26309204101562,34800,0.0,0.0
2015-08-05 00:00:00+09:00,174.88244270968383,176.87672086074917,174.88244270968383,176.41650390625,22800,0.0,0.0
2015-08-06 00:00:00+09:00,180.86525466690077,180.86525466690077,173.34837341308594,173.34837341308594,15000,0.0,0.0
2015-08-07 00:00:00+09:00,169.2064242934431,173.34837677061927,169.2064242934431,169.66664123535156,30000,0.0,0.0
2015-08-10 00:00:00+09:00,178.56417000192747,178.56417000192747,170.58707181511798,173.34837341308594,10800,0.0,0.0
2015-08-11 00:00:00+09:00,177.79714646183845,177.79714646183845,173.34837341308594,173.34837341308594,2400,0.0,0.0
2015-08-12 00:00:00+09:00,170.28024419351024,170.89387137667663,164.14401449595974,166.44509887695312,40200,0.0,0.0
2015-08-13 00:00:00+09:00,166.44512061282435,167.212158203125,166.44512061282435,167.212158203125,7200,0.0,0.0
2015-08-14 00:00:00+09:00,168.74620529431368,168.74620529431368,164.45085658533785,167.212158203125,38400,0.0,0.0
2015-08-17 00:00:00+09:00,164.1440311240555,167.21215330598946,162.45657375528592,164.604248046875,49800,0.0,0.0
2015-08-18 00:00:00+09:00,164.14402128416407,167.5189498640933,163.37699780701405,167.36553955078125,9600,0.0,0.0
2015-08-19 00:00:00+09:00,161.6895338527031,166.9053157531518,161.07590666953672,166.44509887695312,25200,0.0,0.0
2015-08-20 00:00:00+09:00,163.99065161862097,167.05876006964402,161.229349799288,166.9053497314453,16800,0.0,0.0
2015-08-21 00:00:00+09:00,165.678082999041,168.746190965603,160.1554802324063,161.2293243408203,55800,0.0,0.0
2015-08-24 00:00:00+09:00,154.786285739588,168.5927924741983,153.55903133337492,154.93968200683594,42600,0.0,0.0
2015-08-25 00:00:00+09:00,151.87159395217896,153.25224480628967,140.0593635485784,147.26942443847656,21000,0.0,0.0
2015-08-26 00:00:00+09:00,147.26941625694482,151.56477891267437,147.26941625694482,150.3375244140625,16800,0.0,0.0
2015-08-27 00:00:00+09:00,154.9396835003279,154.9396835003279,152.63859902237897,153.09881591796875,6600,0.0,0.0
2015-08-28 00:00:00+09:00,151.87161406172353,152.0250244140625,151.87161406172353,152.0250244140625,5400,0.0,0.0
2015-08-31 00:00:00+09:00,163.53041329942792,175.0358360445869,161.38272502386124,172.12112426757812,81600,0.0,0.0
2015-09-01 00:00:00+09:00,174.57563500143308,174.57563500143308,153.55905151367188,153.55905151367188,25200,0.0,0.0
2015-09-02 00:00:00+09:00,153.40564493732109,154.17266845703125,148.95687200676704,154.17266845703125,7200,0.0,0.0
2015-09-03 00:00:00+09:00,156.4737581919475,157.24078173680982,149.57050415406744,152.79202270507812,10800,0.0,0.0
2015-09-04 00:00:00+09:00,152.79202270507812,152.79202270507812,152.79202270507812,152.79202270507812,1800,0.0,0.0
2015-09-07 00:00:00+09:00,144.20130809982712,150.3375244140625,141.28659622150644,150.3375244140625,25200,0.0,0.0
2015-09-08 00:00:00+09:00,142.0536075765253,142.51382446289062,142.0536075765253,142.51382446289062,1200,0.0,0.0
2015-09-09 00:00:00+09:00,151.71818724778356,151.71818724778356,143.5876922607422,143.5876922607422,4800,0.0,0.0
2015-09-10 00:00:00+09:00,145.88877670448252,149.7239227294922,145.88877670448252,149.7239227294922,1800,0.0,0.0
2015-09-11 00:00:00+09:00,146.5023893682794,151.87158203125,146.19556872831149,151.87158203125,5400,0.0,0.0
2015-09-14 00:00:00+09:00,151.87158367165944,151.87158367165944,148.03643798828125,148.03643798828125,8400,0.0,0.0
2015-09-15 00:00:00+09:00,148.03645318645943,148.03645318645943,145.88877868652344,145.88877868652344,83400,0.0,0.0
2015-09-16 00:00:00+09:00,145.88877868652344,145.88877868652344,145.88877868652344,145.88877868652344,0,0.0,0.0
2015-09-17 00:00:00+09:00,151.87158203125,151.87158203125,151.87158203125,151.87158203125,4200,0.0,0.0
2015-09-18 00:00:00+09:00,151.8715903096436,151.8715903096436,148.80348205566406,148.80348205566406,6600,0.0,0.0
2015-09-24 00:00:00+09:00,147.72963784665333,148.80348205566406,147.5762275183071,148.80348205566406,7800,0.0,0.0
2015-09-25 00:00:00+09:00,148.80348205566406,148.80348205566406,148.80348205566406,148.80348205566406,1200,0.0,0.0
2015-09-28 00:00:00+09:00,148.80348205566406,148.80348205566406,148.80348205566406,148.80348205566406,0,0.0,0.0
2015-09-29 00:00:00+09:00,156.01353672534955,168.59280395507812,156.01353672534955,168.59280395507812,24600,0.0,0.0
2015-09-30 00:00:00+09:00,165.67810075255468,165.67810075255468,159.5418701171875,159.5418701171875,7200,0.0,0.0
2015-10-01 00:00:00+09:00,159.5418701171875,159.5418701171875,159.5418701171875,159.5418701171875,0,0.0,0.0
2015-10-02 00:00:00+09:00,168.43939363267828,168.74620023277208,168.13258703258447,168.59280395507812,22200,0.0,0.0
2015-10-05 00:00:00+09:00,172.27453587379992,172.27453587379992,159.54185857748814,164.14402770996094,4200,0.0,0.0
2015-10-06 00:00:00+09:00,171.9677155151296,171.9677155151296,162.7633772351993,170.28025817871094,5400,0.0,0.0
2015-10-07 00:00:00+09:00,161.075931125217,169.9734634308455,161.075931125217,169.82005310058594,25800,0.0,0.0
2015-10-08 00:00:00+09:00,169.82004452039803,170.28026144321754,164.1440311240555,164.604248046875,25800,0.0,0.0
2015-10-09 00:00:00+09:00,164.9110655513418,168.28598022460938,164.75765523175485,168.28598022460938,14400,0.0,0.0
2015-10-13 00:00:00+09:00,168.28598693244143,171.20069885253906,163.68381760844846,171.20069885253906,8400,0.0,0.0
2015-10-14 00:00:00+09:00,171.2007003906933,173.34837474628375,169.20642231747667,171.35411071777344,34200,0.0,0.0
2015-10-15 00:00:00+09:00,177.9505157470703,187.15485301062057,170.28023937567977,177.9505157470703,168600,0.0,0.0
2015-10-16 00:00:00+09:00,173.34838174548653,180.71185302734375,172.88816479037044,180.71185302734375,24000,0.0,0.0
2015-10-19 00:00:00+09:00,188.6889655794792,188.6889655794792,182.552734375,182.552734375,55800,0.0,0.0
2015-10-20 00:00:00+09:00,182.55270847877847,182.55270847877847,162.91679107251147,172.88815307617188,34800,0.0,0.0
2015-10-21 00:00:00+09:00,170.28025817871094,170.28025817871094,162.60998096033754,170.28025817871094,48600,0.0,0.0
2015-10-22 00:00:00+09:00,174.88244270968383,176.41650390625,169.3598392556938,176.41650390625,22200,0.0,0.0
2015-10-23 00:00:00+09:00,175.0358429777961,175.0358429777961,170.58706997698073,173.04156494140625,13200,0.0,0.0
2015-10-26 00:00:00+09:00,176.416530093326,176.416530093326,173.80862426757812,173.80862426757812,21600,0.0,0.0
2015-10-27 00:00:00+09:00,173.96199560165405,176.72329711914062,173.96199560165405,176.72329711914062,26400,0.0,0.0
2015-10-28 00:00:00+09:00,176.41649710594032,180.86525614637745,175.49606323242188,175.49606323242188,19200,0.0,0.0
2015-10-29 00:00:00+09:00,176.41650067585417,176.72330729166666,173.8085952849748,173.96200561523438,22800,0.0,0.0
2015-10-30 00:00:00+09:00,174.26880707511145,177.33692932128906,174.26880707511145,177.33692932128906,5400,0.0,0.0
2015-11-02 00:00:00+09:00,174.72901419714285,176.41648555120676,173.80858038390994,176.1096649169922,12600,0.0,0.0
2015-11-04 00:00:00+09:00,174.8824686690454,177.9505774728976,173.80862426757812,173.80862426757812,14400,0.0,0.0
2015-11-05 00:00:00+09:00,177.79712939726602,177.79712939726602,176.10965810844118,177.18350219726562,6000,0.0,0.0
2015-11-06 00:00:00+09:00,173.8085868599224,174.88243103027344,171.20069564016242,174.88243103027344,9600,0.0,0.0
2015-11-09 00:00:00+09:00,173.50180903063657,174.7290496826172,173.19500237881846,174.7290496826172,9000,0.0,0.0
2015-11-10 00:00:00+09:00,176.4164905209885,176.72329711914062,173.8085852802251,176.72329711914062,3000,0.0,0.0
2015-11-11 00:00:00+09:00,173.8085755833138,179.48458862304688,173.8085755833138,179.48458862304688,21600,0.0,0.0
2015-11-12 00:00:00+09:00,181.01863753138977,182.85950498409983,176.41646889961464,177.9505157470703,34800,0.0,0.0
2015-11-13 00:00:00+09:00,175.64944130552053,179.1777801513672,175.64944130552053,179.1777801513672,6000,0.0,0.0
2015-11-16 00:00:00+09:00,174.57562968091912,178.7175821193923,171.81432805527035,175.6494598388672,18000,0.0,0.0
2015-11-17 00:00:00+09:00,175.49606829490733,178.2573699951172,175.34265796332676,178.2573699951172,6000,0.0,0.0
2015-11-18 00:00:00+09:00,178.25735658504217,182.55270509909718,178.10394626500246,180.55844116210938,26400,0.0,0.0
2015-11-19 00:00:00+09:00,181.01866212136295,191.4502410888672,179.484601020813,191.4502410888672,102000,0.0,0.0
2015-11-20 00:00:00+09:00,196.0523998259913,197.12624394322634,189.9161697977565,192.06385803222656,87600,0.0,0.0
2015-11-24 00:00:00+09:00,196.35922925302856,196.35922925302856,189.45597493501535,193.13771057128906,28200,0.0,0.0
2015-11-25 00:00:00+09:00,193.2911141018176,193.9047413678366,189.91618520577265,192.21726989746094,27600,0.0,0.0
2015-11-26 00:00:00+09:00,191.7570443032327,194.0581288910503,188.68893620104447,188.99574279785156,22800,0.0,0.0
2015-11-27 00:00:00+09:00,188.99574461370656,191.2968292236328,185.0072026380697,191.2968292236328,26400,0.0,0.0
2015-11-30 00:00:00+09:00,187.46171727225558,193.90475485720555,185.00722208213412,189.76280212402344,33000,0.0,0.0
2015-12-01 00:00:00+09:00,185.9276512127433,190.37641046283235,185.9276512127433,189.149169921875,13800,0.0,0.0
2015-12-02 00:00:00+09:00,189.4559697816917,192.3706817626953,189.4559697816917,192.3706817626953,18000,0.0,0.0
2015-12-03 00:00:00+09:00,191.7570338187155,191.7570338187155,187.61508178710938,187.61508178710938,6000,0.0,0.0
2015-12-04 00:00:00+09:00,184.70039708906847,185.92763753977556,184.70039708906847,185.16061401367188,20400,0.0,0.0
2015-12-07 00:00:00+09:00,185.00721587519897,185.16062620840572,184.0867819653721,184.8538055419922,11400,0.0,0.0
2015-12-08 00:00:00+09:00,185.00721402061254,185.62084130258148,184.5469970703125,184.5469970703125,15000,0.0,0.0
2015-12-09 00:00:00+09:00,184.08677673339844,184.08677673339844,184.08677673339844,184.08677673339844,5400,0.0,0.0
2015-12-10 00:00:00+09:00,182.55271036080518,182.55271036080518,174.88243289773632,175.18923950195312,31200,0.0,0.0
2015-12-11 00:00:00+09:00,173.34837674238136,184.08677673339844,173.34837674238136,184.08677673339844,16800,0.0,0.0
2015-12-14 00:00:00+09:00,175.18923776379862,181.01866149902344,173.8085869914621,181.01866149902344,42000,0.0,0.0
2015-12-15 00:00:00+09:00,183.93334918342958,183.93334918342958,176.7232891179964,179.79139709472656,16800,0.0,0.0
2015-12-16 00:00:00+09:00,179.4846024908009,183.47314453125,179.4846024908009,183.47314453125,10800,0.0,0.0
2015-12-17 00:00:00+09:00,178.87099336942634,183.0129461544837,178.87099336942634,181.78570556640625,10200,0.0,0.0
2015-12-18 00:00:00+09:00,183.31973408715893,184.08675756209936,179.48458862304688,179.48458862304688,8400,0.0,0.0
2015-12-21 00:00:00+09:00,179.33120050328117,179.33120050328117,172.27454995324268,178.4107666015625,9000,0.0,0.0
2015-12-22 00:00:00+09:00,174.42221099620753,176.56988525390625,173.34836684500533,176.56988525390625,7800,0.0,0.0
2015-12-24 00:00:00+09:00,173.80859854413623,179.94482928839557,169.5132496633909,172.27455139160156,25800,0.0,0.0
2015-12-25 00:00:00+09:00,172.27455139160156,172.27455139160156,172.27455139160156,172.27455139160156,0,0.0,0.0
2015-12-28 00:00:00+09:00,165.21787517522267,168.89961055517193,165.21787517522267,168.59280395507812,7800,0.0,0.0
2015-12-29 00:00:00+09:00,168.59281952844893,173.3483854703638,163.83723954182682,168.7462158203125,9000,0.0,0.0
2015-12-30 00:00:00+09:00,173.34837341308594,173.34837341308594,170.28026520802362,173.34837341308594,6000,0.0,0.0
2016-01-04 00:00:00+09:00,177.9505510581093,178.71758867874584,174.88244270968383,176.41650390625,57600,0.0,0.0
2016-01-05 00:00:00+09:00,169.51324997603115,173.34838190914803,169.51324997603115,172.42794799804688,60600,0.0,0.0
2016-01-06 00:00:00+09:00,176.41649777354527,217.836022238618,176.41649777354527,196.35922241210938,337200,0.0,0.0
2016-01-07 00:00:00+09:00,196.6660293238395,201.88181156587981,184.24017285268198,194.51834106445312,93000,0.0,0.0
2016-01-08 00:00:00+09:00,189.762775728752,194.51834106445312,184.0867625356671,194.51834106445312,28200,0.0,0.0
2016-01-12 00:00:00+09:00,199.42734469858567,202.1886463295905,194.21154804734107,196.35922241210938,100800,0.0,0.0
2016-01-13 00:00:00+09:00,196.3592090512297,202.03522225476186,196.3592090512297,200.65457153320312,82200,0.0,0.0
2016-01-14 00:00:00+09:00,196.35922718956635,199.42734955069065,184.85380344711703,194.82518005371094,58800,0.0,0.0
2016-01-15 00:00:00+09:00,217.83603297226838,226.2733345640518,199.42735452516703,201.7284393310547,744000,0.0,0.0
2016-01-18 00:00:00+09:00,201.5750069480844,219.37005615234375,191.75704150192124,219.37005615234375,176400,0.0,0.0
2016-01-19 00:00:00+09:00,230.10845184326172,234.40381429257104,214.76788370547584,220.90411376953125,159000,0.0,0.0
2016-01-20 00:00:00+09:00,220.90411049979073,222.43817150427432,204.33630221230644,206.1771697998047,91200,0.0,0.0
2016-01-21 00:00:00+09:00,201.57502586194,213.84747328764288,197.89329022975843,205.56356811523438,69000,0.0,0.0
2016-01-22 00:00:00+09:00,211.8531902202878,211.8531902202878,200.96138058687623,211.23956298828125,43800,0.0,0.0
2016-01-25 00:00:00+09:00,225.04607780943525,225.04607780943525,212.92702735626096,216.3019561767578,61800,0.0,0.0
2016-01-26 00:00:00+09:00,216.30194744332564,216.30194744332564,209.39869380151737,213.08042907714844,23400,0.0,0.0
2016-01-27 00:00:00+09:00,221.67115750967312,221.67115750967312,212.16001197957624,213.23385620117188,31200,0.0,0.0
2016-01-28 00:00:00+09:00,217.52920499814124,217.52920499814124,211.54638470370634,213.23385620117188,27600,0.0,0.0
2016-01-29 00:00:00+09:00,214.00086136617784,216.9155731201172,208.17145190300454,216.9155731201172,34200,0.0,0.0
2016-02-01 00:00:00+09:00,218.60303949538152,228.42100524902344,216.30195486911435,228.42100524902344,48600,0.0,0.0
2016-02-02 00:00:00+09:00,237.4719441731771,237.4719441731771,223.97224240682812,227.80738830566406,41400,0.0,0.0
2016-02-03 00:00:00+09:00,233.9435820831453,233.9435820831453,222.43816024372344,227.0403289794922,37800,0.0,0.0
2016-02-04 00:00:00+09:00,233.17657422898566,233.17657422898566,222.7449951171875,222.7449951171875,26400,0.0,0.0
2016-02-05 00:00:00+09:00,227.34715395514542,227.34715395514542,207.2510201966842,219.37005615234375,47400,0.0,0.0
2016-02-08 00:00:00+09:00,214.7679066108564,221.9779815673828,207.40443536654465,221.9779815673828,26400,0.0,0.0
2016-02-09 00:00:00+09:00,206.48397727789325,219.37005044624004,200.9613744914589,216.45535278320312,37200,0.0,0.0
2016-02-10 00:00:00+09:00,216.45538242739457,216.45538242739457,201.42161897560243,201.8818359375,58200,0.0,0.0
2016-02-12 00:00:00+09:00,183.47314453125,195.28538841728627,183.47314453125,183.47314453125,96000,0.0,0.0
2016-02-15 00:00:00+09:00,191.7570472365167,195.59219295644706,182.5527087444486,185.16061401367188,82200,0.0,0.0
2016-02-16 00:00:00+09:00,192.98431929611473,193.13771558847304,186.54128176526345,187.4617156982422,25800,0.0,0.0
2016-02-17 00:00:00+09:00,187.46172495646653,191.60367785943072,182.552734375,182.552734375,38400,0.0,0.0
2016-02-18 00:00:00+09:00,186.08103598702886,187.92190356795675,182.55269709378038,185.62081909179688,29400,0.0,0.0
2016-02-19 00:00:00+09:00,182.70611475870592,195.89899493796753,182.70611475870592,190.83660888671875,38400,0.0,0.0
2016-02-22 00:00:00+09:00,184.0867654999556,193.59791036921808,184.0867654999556,190.83660888671875,46200,0.0,0.0
2016-02-23 00:00:00+09:00,187.92192416760116,193.13770685550432,187.92192416760116,188.38214111328125,57000,0.0,0.0
2016-02-24 00:00:00+09:00,184.54699208257273,191.6036564780221,184.54699208257273,190.06959533691406,68400,0.0,0.0
2016-02-25 00:00:00+09:00,183.9635781279642,189.9130482374721,183.9635781279642,188.19082641601562,51600,4.16667,0.0
2016-02-26 00:00:00+09:00,187.87769279857673,189.7564697265625,184.74640269657726,189.7564697265625,37800,0.0,0.0
2016-02-29 00:00:00+09:00,188.19082552902984,190.06960253708647,185.2161048222275,187.87770080566406,36600,0.0,0.0
2016-03-01 00:00:00+09:00,187.8777053755552,187.8777053755552,185.05953979492188,185.05953979492188,11400,0.0,0.0
2016-03-02 00:00:00+09:00,187.72111943588231,189.59989632542886,184.9029541015625,184.9029541015625,20400,0.0,0.0
2016-03-03 00:00:00+09:00,182.39791329396976,188.8170623779297,182.39791329396976,188.8170623779297,29400,0.0,0.0
2016-03-04 00:00:00+09:00,188.3473941669905,190.2261711661625,187.5645751953125,187.5645751953125,16200,0.0,0.0
2016-03-07 00:00:00+09:00,190.85244393820483,191.79183248206158,189.59991632377475,190.06961059570312,16200,0.0,0.0
2016-03-08 00:00:00+09:00,189.44334046780435,192.5746304946182,188.19081298993476,188.5039520263672,23400,0.0,0.0
2016-03-09 00:00:00+09:00,188.0342649104278,188.0342649104278,186.3120431467663,186.46861267089844,13800,0.0,0.0
2016-03-10 00:00:00+09:00,186.31203790557063,189.13020325708646,186.31203790557063,188.97364807128906,14400,0.0,0.0
2016-03-11 00:00:00+09:00,189.91303161911497,198.68065215284795,189.91303161911497,195.70591735839844,33000,0.0,0.0
2016-03-14 00:00:00+09:00,200.4028760334959,203.53418060212917,198.99379327779022,199.77662658691406,51600,0.0,0.0
2016-03-15 00:00:00+09:00,199.77662292046878,199.77662292046878,194.92311096191406,194.92311096191406,19200,0.0,0.0
2016-03-16 00:00:00+09:00,195.7059427840325,195.7059427840325,185.5292382887852,190.22618103027344,40800,0.0,0.0
2016-03-17 00:00:00+09:00,190.22616937060909,195.23623654313377,190.22616937060909,191.16555786132812,13800,0.0,0.0
2016-03-18 00:00:00+09:00,195.23624201643668,195.23624201643668,192.1049517375667,192.57464599609375,2400,0.0,0.0
2016-03-22 00:00:00+09:00,195.70592992274,195.70592992274,192.73120927124296,194.92311096191406,16800,0.0,0.0
2016-03-23 00:00:00+09:00,195.07968054962288,198.99378968892677,194.2968472546175,198.8372344970703,15000,0.0,0.0
2016-03-24 00:00:00+09:00,203.53418145898488,205.09981941596163,198.0544056077729,204.16043090820312,193800,0.0,0.0
2016-03-25 00:00:00+09:00,203.84730813447118,203.84730813447118,196.01907527287563,196.48876953125,43200,0.0,0.0
2016-03-28 00:00:00+09:00,201.18572112483724,201.18572112483724,194.4534316753308,198.99380493164062,18000,0.0,0.0
2016-03-29 00:00:00+09:00,199.46347106341685,199.46347106341685,192.73119689787876,195.70591735839844,23400,0.0,0.0
2016-03-30 00:00:00+09:00,194.9231163938661,194.9231163938661,188.5039663347761,192.2615203857422,25200,0.0,0.0
2016-03-31 00:00:00+09:00,191.47868077330787,193.6705967869215,190.22616757547914,190.69586181640625,12600,0.0,0.0
2016-04-01 00:00:00+09:00,191.00899012857937,191.16555965647976,181.61510513317495,183.65045166015625,55200,0.0,0.0
2016-04-04 00:00:00+09:00,181.14542450923474,181.9282578736908,177.07474548300507,179.11009216308594,26400,0.0,0.0
2016-04-05 00:00:00+09:00,175.03939109440591,175.82222442438695,172.2212255079096,173.00405883789062,55200,0.0,0.0
2016-04-06 00:00:00+09:00,170.34244845024537,175.3525301599709,160.16574416587466,173.00405883789062,48600,0.0,0.0
2016-04-07 00:00:00+09:00,173.0040670639896,175.50909370403141,171.1252899169922,171.1252899169922,57600,0.0,0.0
2016-04-08 00:00:00+09:00,167.83740211706134,175.82220366957378,167.52426308846066,175.66563415527344,23400,0.0,0.0
2016-04-11 00:00:00+09:00,181.92825344976737,194.29685976736835,177.23131071297416,194.1403045654297,13200,0.0,0.0
2016-04-12 00:00:00+09:00,193.20089794258595,194.1402864020573,187.8776918942715,189.5998992919922,8400,0.0,0.0
2016-04-13 00:00:00+09:00,187.87769637084358,190.69586181640625,185.99891940713516,190.69586181640625,17400,0.0,0.0
2016-04-14 00:00:00+09:00,195.70591422401657,196.48874745597763,188.5039459606963,191.00897216796875,55200,0.0,0.0
2016-04-15 00:00:00+09:00,188.19080693434003,191.00897216796875,186.3120301119209,191.00897216796875,29400,0.0,0.0
2016-04-18 00:00:00+09:00,187.7211151123047,187.7211151123047,187.251420900736,187.7211151123047,5400,0.0,0.0
2016-04-19 00:00:00+09:00,192.57463420332894,192.57463420332894,188.0342614269183,189.44334411621094,12600,0.0,0.0
2016-04-20 00:00:00+09:00,192.2615087499941,193.35745239257812,190.53928702491012,193.35745239257812,10200,0.0,0.0
2016-04-21 00:00:00+09:00,195.3928043087971,195.3928043087971,191.16555613865486,194.6099853515625,67200,0.0,0.0
2016-04-22 00:00:00+09:00,194.6099706335585,194.766525812807,190.85241698872022,191.00897216796875,40800,0.0,0.0
2016-04-25 00:00:00+09:00,191.79182954265272,201.96853383382162,191.79182954265272,197.27159118652344,31800,0.0,0.0
2016-04-26 00:00:00+09:00,201.18570096690064,202.75133885210596,192.57463526254966,193.8271484375,55800,0.0,0.0
2016-04-27 00:00:00+09:00,197.27157481395417,197.42814433384675,193.04432678222656,193.04432678222656,64200,0.0,0.0
2016-04-28 00:00:00+09:00,203.2210368829355,203.2210368829355,194.45341582654328,194.6099853515625,48000,0.0,0.0
2016-05-02 00:00:00+09:00,192.57462614780593,194.60997250295446,191.16554351745614,191.47866821289062,60600,0.0,0.0
2016-05-06 00:00:00+09:00,199.62004245063264,199.62004245063264,195.7059191932318,196.01905822753906,4800,0.0,0.0
2016-05-09 00:00:00+09:00,195.7059326350259,204.63012338105884,195.7059326350259,203.5341796875,39600,0.0,0.0
2016-05-10 00:00:00+09:00,206.0392033403907,206.0392033403907,198.8372344970703,198.8372344970703,23400,0.0,0.0
2016-05-11 00:00:00+09:00,198.83721815885434,206.50888061523438,194.14027611048715,206.50888061523438,56400,0.0,0.0
2016-05-12 00:00:00+09:00,206.35235725724237,215.7462428025807,205.2563991656423,214.80685424804688,64200,0.0,0.0
2016-05-13 00:00:00+09:00,215.27653088524596,231.4026901940549,215.27653088524596,230.15017700195312,148800,0.0,0.0
2016-05-16 00:00:00+09:00,234.84711342669547,242.67536009687217,217.62499655338124,220.75628662109375,541200,0.0,0.0
2016-05-17 00:00:00+09:00,227.01887028522506,227.01887028522506,214.02398773816745,214.18055725097656,73800,0.0,0.0
2016-05-18 00:00:00+09:00,209.4836317582564,209.64020128343677,206.03920254180292,206.66546630859375,47400,0.0,0.0
2016-05-19 00:00:00+09:00,203.53417436246696,206.66546450117454,199.6200509386345,206.19577026367188,31800,0.0,0.0
2016-05-20 00:00:00+09:00,204.6301037958875,209.7967400490914,204.31697910397287,206.50888061523438,19800,0.0,0.0
2016-05-23 00:00:00+09:00,215.90279731164708,218.87753250275188,210.10991079993218,210.7361602783203,27000,0.0,0.0
2016-05-24 00:00:00+09:00,210.73615216849242,214.49370622994508,210.73615216849242,212.61492919921875,15000,0.0,0.0
2016-05-25 00:00:00+09:00,209.01394114774814,213.71088364545037,206.82203942679743,207.6048583984375,30000,0.0,0.0
2016-05-26 00:00:00+09:00,210.57958071753234,210.57958071753234,208.38766479492188,208.38766479492188,13800,0.0,0.0
2016-05-27 00:00:00+09:00,209.01396003929347,211.2058619583573,208.231140996899,208.5442657470703,18000,0.0,0.0
2016-05-30 00:00:00+09:00,209.79674929089842,222.63506289995556,208.5442361341356,208.85736083984375,28200,0.0,0.0
2016-05-31 00:00:00+09:00,209.9533224522223,215.1199590226349,209.7967529296875,209.7967529296875,18000,0.0,0.0
2016-06-01 00:00:00+09:00,210.10988764467785,216.84216196597342,210.10988764467785,212.45835876464844,13800,0.0,0.0
2016-06-02 00:00:00+09:00,214.0240138818646,214.0240138818646,206.6654752238413,209.01394653320312,22200,0.0,0.0
2016-06-03 00:00:00+09:00,209.013952066796,209.3270768050237,206.19578642095155,206.35235595703125,10800,0.0,0.0
2016-06-06 00:00:00+09:00,211.0492706298828,211.67552002304507,209.01392426728103,211.0492706298828,10800,0.0,0.0
2016-06-07 00:00:00+09:00,211.83209592301324,212.771484375,210.89270747102648,212.771484375,7200,0.0,0.0
2016-06-08 00:00:00+09:00,213.8674567756571,213.8674567756571,212.61492919921875,212.61492919921875,5400,0.0,0.0
2016-06-09 00:00:00+09:00,212.6149246887584,212.6149246887584,207.4482879638672,207.4482879638672,6000,0.0,0.0
2016-06-10 00:00:00+09:00,213.55430123061356,213.55430123061356,208.38766479492188,208.38766479492188,12600,0.0,0.0
2016-06-13 00:00:00+09:00,208.23109191911584,208.23109191911584,203.53415010390216,203.84727478027344,22200,0.0,0.0
2016-06-14 00:00:00+09:00,203.37760291774578,205.4129493723436,197.27157788788273,201.6553955078125,13800,0.0,0.0
2016-06-15 00:00:00+09:00,201.81194392500672,210.42300935361493,201.81194392500672,207.91796875,5400,0.0,0.0
2016-06-16 00:00:00+09:00,205.4129461715544,207.4482782605068,187.56456559314904,193.04432678222656,117600,0.0,0.0
2016-06-17 00:00:00+09:00,194.29684371719637,198.83723087698567,189.59990136840088,197.89784240722656,36000,0.0,0.0
2016-06-20 00:00:00+09:00,203.53416691526462,203.53416691526462,195.70592035403092,200.24630737304688,11400,0.0,0.0
2016-06-21 00:00:00+09:00,205.88264814853423,205.88264814853423,198.8372344970703,198.8372344970703,4200,0.0,0.0
2016-06-22 00:00:00+09:00,205.41295202446693,205.41295202446693,198.21096891315275,198.5240936279297,19200,0.0,0.0
2016-06-23 00:00:00+09:00,198.36754025363936,199.77662298393216,198.36754025363936,198.8372344970703,12000,0.0,0.0
2016-06-24 00:00:00+09:00,198.83723619822004,198.83723619822004,175.50907901894627,183.49388122558594,138000,0.0,0.0
2016-06-27 00:00:00+09:00,184.2766945441597,189.91302490234375,183.49386132734793,189.91302490234375,30000,0.0,0.0
2016-06-28 00:00:00+09:00,189.91301804036357,194.76651500636817,189.91301804036357,192.10491943359375,9000,0.0,0.0
2016-06-29 00:00:00+09:00,195.70593172726737,195.70593172726737,194.14029379117935,195.39280700683594,7200,0.0,0.0
2016-06-30 00:00:00+09:00,204.78671302198887,204.78671302198887,194.6100080549898,200.87258911132812,28200,0.0,0.0
2016-07-01 00:00:00+09:00,210.26646351978914,210.26646351978914,205.5695208176797,206.03921508789062,16200,0.0,0.0
2016-07-04 00:00:00+09:00,206.03919344924435,209.17049781108256,204.31698608398438,204.31698608398438,9000,0.0,0.0
2016-07-05 00:00:00+09:00,202.28166111273865,202.75135538338273,201.18571737052352,201.96853637695312,13800,0.0,0.0
2016-07-06 00:00:00+09:00,200.4028598053567,200.71599883722143,199.6200408935547,199.6200408935547,11400,0.0,0.0
2016-07-07 00:00:00+09:00,200.40286581174814,200.40286581174814,193.35745239257812,193.35745239257812,10800,0.0,0.0
2016-07-08 00:00:00+09:00,200.40285760940114,200.40285760940114,194.14027771574874,195.23622131347656,24000,0.0,0.0
2016-07-11 00:00:00+09:00,195.23622131347656,195.23622131347656,195.23622131347656,195.23622131347656,0,0.0,0.0
2016-07-12 00:00:00+09:00,204.31698632053542,209.4836227562271,204.1604168020832,208.38766479492188,21600,0.0,0.0
2016-07-13 00:00:00+09:00,209.17049378253648,215.90276792957434,206.66545320809809,211.0492706298828,49200,0.0,0.0
2016-07-14 00:00:00+09:00,205.25636991565793,207.29171627174554,200.87255250790375,203.2210235595703,31200,0.0,0.0
2016-07-15 00:00:00+09:00,199.1503619118351,202.43822166037953,193.670600442238,195.54937744140625,51600,0.0,0.0
2016-07-19 00:00:00+09:00,194.2968662535698,195.39282437338508,179.57978807627282,191.79183959960938,137400,0.0,0.0
2016-07-20 00:00:00+09:00,199.46348663371947,201.96852741058746,192.10494816495412,195.54937744140625,19200,0.0,0.0
2016-07-21 00:00:00+09:00,196.01905580118446,200.24630370663704,195.7059167707533,199.30691528320312,24600,0.0,0.0
2016-07-22 00:00:00+09:00,204.94326618198843,204.94326618198843,196.33220000048146,196.48876953125,16800,0.0,0.0
2016-07-25 00:00:00+09:00,197.897825298098,197.897825298098,195.8624790116077,197.58468627929688,8400,0.0,0.0
2016-07-26 00:00:00+09:00,195.70592992274,195.70592992274,193.82715294961315,194.92311096191406,20400,0.0,0.0
2016-07-27 00:00:00+09:00,198.21095233363204,198.83721604473217,194.2968292236328,194.2968292236328,12000,0.0,0.0
2016-07-28 00:00:00+09:00,194.29684719289486,195.2362356794583,194.1402920010881,194.92311096191406,10800,0.0,0.0
2016-07-29 00:00:00+09:00,193.67059217232165,193.67059217232165,189.5998992919922,189.5998992919922,19200,0.0,0.0
2016-08-01 00:00:00+09:00,193.82714934924113,193.9837188720703,190.38273451844293,193.9837188720703,9600,0.0,0.0
2016-08-02 00:00:00+09:00,198.5241064148513,198.5241064148513,193.5140389860694,193.6706085205078,22800,0.0,0.0
2016-08-03 00:00:00+09:00,192.57463526254966,193.8271484375,192.26151055229468,193.8271484375,25800,0.0,0.0
2016-08-04 00:00:00+09:00,193.20090172448926,201.96852273987113,193.20090172448926,194.4534149169922,22200,0.0,0.0
2016-08-05 00:00:00+09:00,200.5594233328457,200.5594233328457,194.14027404630488,194.2968292236328,31800,0.0,0.0
2016-08-08 00:00:00+09:00,194.29685254178332,196.3321990966797,194.29685254178332,196.3321990966797,4800,0.0,0.0
2016-08-09 00:00:00+09:00,196.33220460237138,196.33220460237138,192.57465044730208,193.6706085205078,16800,0.0,0.0
2016-08-10 00:00:00+09:00,193.67057984646215,194.92309293473295,193.67057984646215,194.2968292236328,4200,0.0,0.0
2016-08-12 00:00:00+09:00,192.26151145667123,195.54937109857073,192.26151145667123,193.9837188720703,10800,0.0,0.0
2016-08-15 00:00:00+09:00,192.5746361683991,196.0190653331278,192.5746361683991,193.9837188720703,18600,0.0,0.0
2016-08-16 00:00:00+09:00,194.14027953726068,195.70591735839844,194.14027953726068,195.70591735839844,2400,0.0,0.0
2016-08-17 00:00:00+09:00,195.70593261846344,241.89253862200036,195.70593261846344,227.6451416015625,423600,0.0,0.0
2016-08-18 00:00:00+09:00,218.25125275728817,219.1906412402233,197.584706132715,202.59478759765625,232200,0.0,0.0
2016-08-19 00:00:00+09:00,198.99377349587422,205.09979816360055,198.68064880371094,198.68064880371094,39000,0.0,0.0
2016-08-22 00:00:00+09:00,198.8372380643152,200.0897512912915,196.80189152828905,199.9331817626953,30600,0.0,0.0
2016-08-23 00:00:00+09:00,200.08974405868761,203.22103417990778,197.89784240722656,197.89784240722656,16800,0.0,0.0
2016-08-24 00:00:00+09:00,197.2715821783227,198.0544011391486,191.79182078467952,194.92311096191406,28800,0.0,0.0
2016-08-25 00:00:00+09:00,194.92310551763737,195.0796750390018,193.51402282714844,193.51402282714844,10200,0.0,0.0
2016-08-26 00:00:00+09:00,193.51402266285737,193.51402266285737,188.66051084398367,189.44334411621094,27600,0.0,0.0
2016-08-29 00:00:00+09:00,188.81709820782697,191.6352638527199,188.81709820782697,190.22618103027344,12600,0.0,0.0
2016-08-30 00:00:00+09:00,190.22618719043498,191.79183959960938,190.22618719043498,191.79183959960938,5400,0.0,0.0
2016-08-31 00:00:00+09:00,191.79183959960938,193.3574776748516,191.79183959960938,191.79183959960938,15000,0.0,0.0
2016-09-01 00:00:00+09:00,191.79181089992218,193.04432403947658,190.53928342643775,192.41806030273438,5400,0.0,0.0
2016-09-02 00:00:00+09:00,190.85241329537442,192.41805106113932,189.91302490234375,189.91302490234375,12600,0.0,0.0
2016-09-05 00:00:00+09:00,190.06958192392892,191.79180355049226,190.06958192392892,190.38272094726562,5400,0.0,0.0
2016-09-06 00:00:00+09:00,190.38271909885907,190.38271909885907,189.91302490234375,189.91302490234375,4800,0.0,0.0
2016-09-07 00:00:00+09:00,189.9130383344362,190.22616304294988,189.44334410470051,189.5998992919922,11400,0.0,0.0
2016-09-08 00:00:00+09:00,189.5998895511544,192.10493009235645,189.5998895511544,191.00897216796875,10200,0.0,0.0
2016-09-09 00:00:00+09:00,191.16554987923652,193.04432678222656,191.16554987923652,193.04432678222656,10800,0.0,0.0
2016-09-12 00:00:00+09:00,192.7312083050673,192.7312083050673,190.38273710043174,190.69586181640625,10800,0.0,0.0
2016-09-13 00:00:00+09:00,190.69584930733953,192.57462614780593,190.69584930733953,191.47866821289062,4800,0.0,0.0
2016-09-14 00:00:00+09:00,191.47866452518832,191.47866452518832,190.53927612304688,190.53927612304688,6600,0.0,0.0
2016-09-15 00:00:00+09:00,190.22616122731938,190.22616122731938,186.31203790557063,188.97364807128906,33000,0.0,0.0
2016-09-16 00:00:00+09:00,190.69587082757687,190.69587082757687,189.13021850585938,189.13021850585938,3600,0.0,0.0
2016-09-20 00:00:00+09:00,189.13021850585938,189.13021850585938,189.13021850585938,189.13021850585938,0,0.0,0.0
2016-09-21 00:00:00+09:00,189.5999100436871,192.57464511201232,189.5999100436871,192.2615203857422,6600,0.0,0.0
2016-09-23 00:00:00+09:00,190.6958751138041,195.70594258840632,190.6958751138041,194.1403045654297,13200,0.0,0.0
2016-09-26 00:00:00+09:00,196.33218108721147,197.27156951346606,194.29683471901654,195.70591735839844,21600,0.0,0.0
2016-09-27 00:00:00+09:00,195.86248687408417,196.17561157152574,195.70591735839844,195.70591735839844,6000,0.0,0.0
2016-09-28 00:00:00+09:00,195.70591735839844,198.68065215284795,194.29683471901654,195.70591735839844,18600,0.0,0.0
2016-09-29 00:00:00+09:00,198.83724601730316,202.9079249182413,197.27159367051235,201.96853637695312,15600,0.0,0.0
2016-09-30 00:00:00+09:00,203.22102264338605,203.53416167148305,200.08973269992407,202.90789794921875,8400,0.0,0.0
2016-10-03 00:00:00+09:00,206.66546281650517,210.42301668589616,206.66546281650517,209.7967529296875,4200,0.0,0.0
2016-10-04 00:00:00+09:00,205.09981405858204,206.66546630859375,205.09981405858204,206.66546630859375,8400,0.0,0.0
2016-10-05 00:00:00+09:00,206.66546450117454,207.1351587386772,205.88264554998028,206.19577026367188,8400,0.0,0.0
2016-10-06 00:00:00+09:00,207.91797495281583,207.91797495281583,205.41294860839844,205.41294860839844,4800,0.0,0.0
2016-10-07 00:00:00+09:00,208.23112496457105,208.23112496457105,200.4028778076172,200.4028778076172,13800,0.0,0.0
2016-10-11 00:00:00+09:00,200.40287513293796,203.5341796875,200.40287513293796,203.5341796875,6600,0.0,0.0
2016-10-12 00:00:00+09:00,207.13515783656229,207.13515783656229,205.09981137160486,205.8826446533203,6600,0.0,0.0
2016-10-13 00:00:00+09:00,207.91795098967168,216.05932150553775,207.91795098967168,214.96336364746094,51000,0.0,0.0
2016-10-14 00:00:00+09:00,205.56950723006358,207.29172899629032,197.5847051642524,198.36753845214844,135600,0.0,0.0
2016-10-17 00:00:00+09:00,199.62003721413038,200.71599513759625,198.36752411154768,198.68064880371094,52800,0.0,0.0
2016-10-18 00:00:00+09:00,198.83723627688042,201.34226270831425,198.83723627688042,199.46348571777344,26400,0.0,0.0
2016-10-19 00:00:00+09:00,200.4028760334959,202.5947920983254,199.77662658691406,199.77662658691406,18600,0.0,0.0
2016-10-20 00:00:00+09:00,201.9685246752996,202.1250942010868,198.52409544549585,198.8372344970703,21600,0.0,0.0
2016-10-21 00:00:00+09:00,199.1503718227007,201.34227365283493,198.2109832763672,198.2109832763672,37200,0.0,0.0
2016-10-24 00:00:00+09:00,198.36754558731135,201.81196057579714,198.36754558731135,200.4028778076172,60600,0.0,0.0
2016-10-25 00:00:00+09:00,201.9685472464569,201.9685472464569,199.62007576684695,200.87258911132812,19800,0.0,0.0
2016-10-26 00:00:00+09:00,202.43821987041582,203.37760836169386,202.43821987041582,203.06448364257812,21600,0.0,0.0
2016-10-27 00:00:00+09:00,203.3776163760257,205.2563934326172,201.18571458797948,205.2563934326172,22200,0.0,0.0
2016-10-28 00:00:00+09:00,206.35233707103757,206.35233707103757,203.53417168312018,205.41294860839844,28800,0.0,0.0
2016-10-31 00:00:00+09:00,210.42300750587194,210.42300750587194,204.16041321879197,207.29171752929688,21000,0.0,0.0
2016-11-01 00:00:00+09:00,209.01393751664594,209.01393751664594,205.56950830019247,206.66546630859375,15600,0.0,0.0
2016-11-02 00:00:00+09:00,205.88265915910472,205.88265915910472,199.7766336679534,201.8119659423828,55800,0.0,0.0
2016-11-04 00:00:00+09:00,200.0897512912915,201.3422645182678,199.9331817626953,199.9331817626953,8400,0.0,0.0
2016-11-07 00:00:00+09:00,199.62004453851134,201.18569672463323,199.4634750197201,200.55943298339844,16800,0.0,0.0
2016-11-08 00:00:00+09:00,201.18569672463323,201.18569672463323,200.2463082797461,200.55943298339844,14400,0.0,0.0
2016-11-09 00:00:00+09:00,200.40286487429415,200.87255910004166,192.57463255647906,193.04432678222656,52200,0.0,0.0
2016-11-10 00:00:00+09:00,196.80190045686695,199.62006609586743,196.80190045686695,198.2109832763672,9600,0.0,0.0
2016-11-11 00:00:00+09:00,199.77661586842592,202.594781228636,198.36753318832086,201.0291290283203,15000,0.0,0.0
2016-11-14 00:00:00+09:00,201.9685174817237,201.9685174817237,200.55943480161864,201.0291290283203,12600,0.0,0.0
2016-11-15 00:00:00+09:00,201.18570934261973,201.18570934261973,199.30693233501216,199.77662658691406,11400,0.0,0.0
2016-11-16 00:00:00+09:00,199.776623923105,203.06448364257812,199.776623923105,203.06448364257812,24600,0.0,0.0
2016-11-17 00:00:00+09:00,201.65539475784195,206.66546178060713,200.55943677345283,205.41294860839844,47400,0.0,0.0
2016-11-18 00:00:00+09:00,205.56950748709227,210.4230194091797,205.56950748709227,210.4230194091797,30600,0.0,0.0
2016-11-21 00:00:00+09:00,210.42301668589616,213.86744584414808,209.7967529296875,209.7967529296875,43200,0.0,0.0
2016-11-22 00:00:00+09:00,209.7967529296875,209.7967529296875,208.23111504006155,209.7967529296875,19800,0.0,0.0
2016-11-24 00:00:00+09:00,209.79676188567393,215.433092930369,209.79676188567393,212.14523315429688,37200,0.0,0.0
2016-11-25 00:00:00+09:00,212.9280725865413,218.2512647258011,212.9280725865413,217.62501525878906,48600,0.0,0.0
2016-11-28 00:00:00+09:00,216.84216761450656,219.1906387956526,215.27652971636292,217.93812561035156,27600,0.0,0.0
2016-11-29 00:00:00+09:00,217.62499385209745,220.13002014160156,213.8674400839112,220.13002014160156,22800,0.0,0.0
2016-11-30 00:00:00+09:00,219.19064598463487,223.88758850097656,219.19064598463487,223.88758850097656,23400,0.0,0.0
2016-12-01 00:00:00+09:00,227.01888685473335,234.8471193897481,225.14010989961537,230.15017700195312,50400,0.0,0.0
2016-12-02 00:00:00+09:00,230.15018690293329,231.55926967989004,225.6098138440498,228.74110412597656,14400,0.0,0.0
2016-12-05 00:00:00+09:00,228.42794614526653,228.42794614526653,222.94817103218207,228.11480712890625,25200,0.0,0.0
2016-12-06 00:00:00+09:00,223.41789067154775,223.73102972357663,219.81690624466196,222.79164123535156,10800,0.0,0.0
2016-12-07 00:00:00+09:00,222.63506797264364,222.63506797264364,216.05934866543475,217.93812561035156,24000,0.0,0.0
2016-12-08 00:00:00+09:00,217.93809603277822,218.40779020526267,215.74619467249374,218.251220703125,19200,0.0,0.0
2016-12-09 00:00:00+09:00,217.93813999229508,217.93813999229508,217.15532099156428,217.62501525878906,10200,0.0,0.0
2016-12-12 00:00:00+09:00,217.93812741515458,221.8522508607887,217.7815578904714,218.40782165527344,11400,0.0,0.0
2016-12-13 00:00:00+09:00,219.19063711324694,222.16537203117608,218.5643876923685,221.5391082763672,14400,0.0,0.0
2016-12-14 00:00:00+09:00,226.07949466329924,226.23604985103356,225.14010620117188,225.14010620117188,9000,0.0,0.0
2016-12-15 00:00:00+09:00,225.14011427187762,225.14011427187762,223.26133728027344,223.26133728027344,17400,0.0,0.0
2016-12-16 00:00:00+09:00,227.0188921756845,236.25620764354528,227.0188921756845,235.473388671875,85200,0.0,0.0
2016-12-19 00:00:00+09:00,237.97841863820724,240.6400146484375,235.16025309775242,240.6400146484375,67800,0.0,0.0
2016-12-20 00:00:00+09:00,240.6399902149142,240.6399902149142,237.97839447493064,238.1349639892578,28800,0.0,0.0
2016-12-21 00:00:00+09:00,239.54405922623152,240.64000288242403,236.8824633461391,237.5087127685547,16800,0.0,0.0
2016-12-22 00:00:00+09:00,236.72588589846558,239.38748168945312,236.41276119774056,239.38748168945312,17400,0.0,0.0
2016-12-26 00:00:00+09:00,239.38748168945312,240.48343964288566,236.88245541579306,239.38748168945312,27600,0.0,0.0
2016-12-27 00:00:00+09:00,241.10967554227568,242.51875811752507,239.85716247558594,239.85716247558594,25200,0.0,0.0
2016-12-28 00:00:00+09:00,240.3268890580353,240.48345858769704,237.03902927265662,240.1703338623047,10800,0.0,0.0
2016-12-29 00:00:00+09:00,236.88247320407115,238.76125021736468,235.0036961907776,236.09963989257812,26400,0.0,0.0
2016-12-30 00:00:00+09:00,239.70064596654498,239.70064596654498,236.56934129382296,237.82186889648438,13200,0.0,0.0
2017-01-04 00:00:00+09:00,239.85720140153197,257.54901405063345,238.13499386359882,254.2611541748047,105000,0.0,0.0
2017-01-05 00:00:00+09:00,254.10457830630511,254.10457830630511,250.03388542566645,252.5389404296875,43800,0.0,0.0
2017-01-06 00:00:00+09:00,252.85205152961368,254.4177180785832,248.62480344954537,249.09449768066406,57000,0.0,0.0
2017-01-10 00:00:00+09:00,254.10455693361462,255.67019467854672,251.28639179202185,255.20050048828125,28200,0.0,0.0
2017-01-11 00:00:00+09:00,259.1146885262522,261.46315993685914,258.4884103715144,260.3671875,34800,0.0,0.0
2017-01-12 00:00:00+09:00,262.2459357419499,262.4025195973185,260.36715882041267,260.52374267578125,37200,0.0,0.0
2017-01-13 00:00:00+09:00,263.0287979879758,263.81163134746606,260.3671875,260.3671875,36000,0.0,0.0
2017-01-16 00:00:00+09:00,266.9428995691149,284.94786563080834,266.9428995691149,274.1448974609375,232200,0.0,0.0
2017-01-17 00:00:00+09:00,273.0488690930431,280.40742067680674,259.8974322773805,260.05401611328125,132000,0.0,0.0
2017-01-18 00:00:00+09:00,266.3166414672792,266.3166414672792,250.19048166924753,256.1399230957031,69000,0.0,0.0
2017-01-19 00:00:00+09:00,270.8570269421551,273.8317476349513,259.8974753348517,263.3419189453125,43200,0.0,0.0
2017-01-20 00:00:00+09:00,263.18533148252146,263.18533148252146,260.2106108304259,262.40252685546875,20400,0.0,0.0
2017-01-23 00:00:00+09:00,271.6398638366804,277.7458898091949,263.81164452228984,271.9530029296875,42000,0.0,0.0
2017-01-24 00:00:00+09:00,269.291348070479,276.0236511230469,269.291348070479,276.0236511230469,30000,0.0,0.0
2017-01-25 00:00:00+09:00,273.048886294858,279.937744140625,273.048886294858,279.937744140625,34200,0.0,0.0
2017-01-26 00:00:00+09:00,289.6447808447534,292.7760565575903,284.9478386076378,291.2104187011719,72000,0.0,0.0
2017-01-27 00:00:00+09:00,291.21041321756184,291.6801074324289,289.17508117575795,289.644775390625,36600,0.0,0.0
2017-01-30 00:00:00+09:00,292.77607101900503,296.377069801282,289.8013503445182,294.9679870605469,43800,0.0,0.0
2017-01-31 00:00:00+09:00,297.47304069313134,300.2912064323332,289.64482164059126,294.1851806640625,63000,0.0,0.0
2017-02-01 00:00:00+09:00,289.6447880307532,295.4376740442955,284.16501239554657,293.2457580566406,53400,0.0,0.0
2017-02-02 00:00:00+09:00,291.9932574152492,294.81142281013786,291.9932574152492,292.6195068359375,26400,0.0,0.0
2017-02-03 00:00:00+09:00,289.8013360205858,293.55888981015573,289.64478083530713,291.3669738769531,25200,0.0,0.0
2017-02-06 00:00:00+09:00,291.36695630633864,294.3417053222656,291.36695630633864,294.3417053222656,26400,0.0,0.0
2017-02-07 00:00:00+09:00,299.8214883468863,299.8214883468863,292.77607455804673,296.0639343261719,33000,0.0,0.0
2017-02-08 00:00:00+09:00,292.77607280081685,295.7508221612695,291.21043485753677,295.43768310546875,13800,0.0,0.0
2017-02-09 00:00:00+09:00,295.43764329274705,295.59419846561934,292.7760333467696,292.9326171875,30000,0.0,0.0
2017-02-10 00:00:00+09:00,293.5589169750423,295.9073883108426,290.4276123046875,290.4276123046875,45000,0.0,0.0
2017-02-13 00:00:00+09:00,291.83664577890977,297.316420858854,285.10437197681574,285.7306213378906,56400,0.0,0.0
2017-02-14 00:00:00+09:00,291.210424126134,295.7508112625489,288.0791196871037,292.77606201171875,37200,0.0,0.0
2017-02-15 00:00:00+09:00,292.6195068359375,292.6195068359375,289.80134144104886,292.6195068359375,10200,0.0,0.0
2017-02-16 00:00:00+09:00,292.77606563935876,293.55889892578125,288.86195654296876,293.55889892578125,27600,0.0,0.0
2017-02-17 00:00:00+09:00,356.1847839355469,356.1847839355469,356.1847839355469,356.1847839355469,59400,0.0,0.0
2017-02-20 00:00:00+09:00,379.6694607514692,433.52773743556764,373.87657529654587,409.7298889160156,2204400,0.0,0.0
2017-02-21 00:00:00+09:00,394.0734830376332,396.73509339280855,375.2857126901894,377.321044921875,389400,0.0,0.0
2017-02-22 00:00:00+09:00,375.75539078712666,378.73011140823763,356.18478796101004,372.7806701660156,499800,0.0,0.0
2017-02-23 00:00:00+09:00,372.6241108217521,407.0683763551295,365.26558637998346,387.3412170410156,477000,0.0,0.0
2017-02-24 00:00:00+09:00,376.55525544028495,396.06506909232354,373.06570495605473,380.6792907714844,216000,5.33333,0.0
2017-02-27 00:00:00+09:00,382.106819917251,382.106819917251,363.2314629674368,364.341796875,150600,0.0,0.0
2017-02-28 00:00:00+09:00,370.0520259378131,371.63818006399555,344.19753651552537,346.5767822265625,241200,0.0,0.0
2017-03-01 00:00:00+09:00,345.7837023514762,345.7837023514762,328.494498355611,338.6459655761719,154200,0.0,0.0
2017-03-02 00:00:00+09:00,340.23211023658325,352.12833786723303,340.23211023658325,344.197509765625,119400,0.0,0.0
2017-03-03 00:00:00+09:00,354.82484485568034,354.82484485568034,345.78371137112657,348.3215637207031,37200,0.0,0.0
2017-03-06 00:00:00+09:00,353.55588082091447,353.55588082091447,346.5767510158635,347.3698425292969,50400,0.0,0.0
2017-03-07 00:00:00+09:00,351.81111747490866,351.81111747490866,347.0526261247362,350.5422058105469,39000,0.0,0.0
2017-03-08 00:00:00+09:00,345.46645367659204,345.46645367659204,336.58392728013285,338.011474609375,69600,0.0,0.0
2017-03-09 00:00:00+09:00,339.914903817894,360.0592041015625,339.914903817894,360.0592041015625,93000,0.0,0.0
2017-03-10 00:00:00+09:00,364.81771454791397,370.36926895527245,357.2041276637386,367.19696044921875,127200,0.0,0.0
2017-03-13 00:00:00+09:00,369.1002913889461,370.2105962638327,348.95599365234375,348.95599365234375,211800,0.0,0.0
2017-03-14 00:00:00+09:00,356.0937300841657,356.88682159109834,348.95599365234375,348.95599365234375,35400,0.0,0.0
2017-03-15 00:00:00+09:00,348.9560263118539,351.4939077541543,327.54281501228166,344.3561706542969,84000,0.0,0.0
2017-03-16 00:00:00+09:00,337.0597487172702,344.1974847774726,336.4252929708708,341.0251770019531,21000,0.0,0.0
2017-03-17 00:00:00+09:00,338.64595908020465,345.62505998649993,337.85286755032007,342.6113586425781,56400,0.0,0.0
2017-03-21 00:00:00+09:00,337.0598164958839,343.8803405761719,326.43252812818326,343.8803405761719,117600,0.0,0.0
2017-03-22 00:00:00+09:00,331.66683763178366,348.9560126956417,331.66683763178366,348.48016357421875,42600,0.0,0.0
2017-03-23 00:00:00+09:00,348.48014949919525,348.48014949919525,337.3770134622881,338.17010498046875,38400,0.0,0.0
2017-03-24 00:00:00+09:00,343.5630874633789,343.5630874633789,335.632258588681,338.8045959472656,15000,0.0,0.0
2017-03-27 00:00:00+09:00,338.64594919177745,338.64594919177745,327.5427842717035,329.12896728515625,55200,0.0,0.0
2017-03-28 00:00:00+09:00,326.4325296705226,329.12901797385564,320.0878837701531,320.2464904785156,30000,0.0,0.0
2017-03-29 00:00:00+09:00,323.1015673412626,335.1564025878906,320.8809283312811,335.1564025878906,33000,0.0,0.0
2017-03-30 00:00:00+09:00,333.0943993208893,337.37704159787216,330.87376031090776,335.1564025878906,54000,0.0,0.0
2017-03-31 00:00:00+09:00,339.5976338662259,341.18378777302485,333.7288092283768,337.85284423828125,46200,0.0,0.0
2017-04-03 00:00:00+09:00,337.8528643890422,348.9560004859111,335.94946796994907,348.7973937988281,25200,0.0,0.0
2017-04-04 00:00:00+09:00,349.2732900400255,349.2732900400255,325.1635891299284,334.6805725097656,76800,0.0,0.0
2017-04-05 00:00:00+09:00,332.1426712098302,340.0734992102463,330.87373059757687,338.9631652832031,24000,0.0,0.0
2017-04-06 00:00:00+09:00,328.33588590848257,330.0806756597026,312.6328652780769,314.3776550292969,94800,0.0,0.0
2017-04-07 00:00:00+09:00,325.1635536274639,325.9566451703674,301.37109777561227,315.0121154785156,116400,0.0,0.0
2017-04-10 00:00:00+09:00,321.35674780048953,334.68052254306593,317.39134833208794,331.3495788574219,73800,0.0,0.0
2017-04-11 00:00:00+09:00,309.30190992503896,312.15700447819313,299.7849280811916,305.4951171875,114600,0.0,0.0
2017-04-12 00:00:00+09:00,302.9572672159464,303.1158738999732,285.5094573626121,291.69549560546875,103800,0.0,0.0
2017-04-13 00:00:00+09:00,294.23335538358293,294.23335538358293,272.8201455271181,282.3371276855469,105600,0.0,0.0
2017-04-14 00:00:00+09:00,307.7157661370402,307.7157661370402,282.3371276855469,282.3371276855469,142800,0.0,0.0
2017-04-17 00:00:00+09:00,288.6818093475783,303.4331320777846,288.6818093475783,302.0055847167969,69600,0.0,0.0
2017-04-18 00:00:00+09:00,308.3502192803298,309.3019174879851,293.91613947873196,296.1367492675781,52800,0.0,0.0
2017-04-19 00:00:00+09:00,300.8952388897751,302.32278619453973,297.7229309082031,297.7229309082031,18600,0.0,0.0
2017-04-20 00:00:00+09:00,354.8248189771805,356.8868220456027,335.4736127228665,352.7627868652344,399000,0.0,0.0
2017-04-21 00:00:00+09:00,357.2040736019249,380.5206799058105,341.0252039216778,343.4044494628906,189000,0.0,0.0
2017-04-24 00:00:00+09:00,351.33525805658127,351.33525805658127,341.1838198211802,344.6733703613281,33600,0.0,0.0
2017-04-25 00:00:00+09:00,348.16295823328414,359.26609497518285,344.83201430636194,358.9488525390625,46800,0.0,0.0
2017-04-26 00:00:00+09:00,364.81765568171437,371.95539223389886,362.4384101643196,369.4175109863281,67800,0.0,0.0
2017-04-27 00:00:00+09:00,368.94166149428213,369.41751059725993,354.50758171846354,365.6107177734375,73800,0.0,0.0
2017-04-28 00:00:00+09:00,361.6453369152772,365.6107366301028,354.9834491299958,361.3280944824219,53400,0.0,0.0
2017-05-01 00:00:00+09:00,361.32805179407774,364.5003886172646,357.36265254773593,361.6452941894531,25200,0.0,0.0
2017-05-02 00:00:00+09:00,357.8385264579588,361.6453192926179,353.39727783203125,353.39727783203125,34800,0.0,0.0
2017-05-08 00:00:00+09:00,364.50041288099743,365.6107177734375,355.45927992441915,365.6107177734375,60600,0.0,0.0
2017-05-09 00:00:00+09:00,367.19690821468424,384.01023384433086,366.56242336890705,381.4723815917969,91200,0.0,0.0
2017-05-10 00:00:00+09:00,384.0102298714861,386.3894754097233,378.14143389167583,380.0448303222656,33600,0.0,0.0
2017-05-11 00:00:00+09:00,386.8653416444703,412.40258789996284,386.548099210819,396.38232421875,138600,0.0,0.0
2017-05-12 00:00:00+09:00,389.40316816023164,402.72694288067083,389.40316816023164,393.2099609375,46800,0.0,0.0
2017-05-15 00:00:00+09:00,393.20999380232416,396.54093776083704,386.2308924896957,396.2237243652344,18600,0.0,0.0
2017-05-16 00:00:00+09:00,402.8855903121075,403.6786528013933,396.6995518693491,402.0924987792969,21600,0.0,0.0
2017-05-17 00:00:00+09:00,404.4717544445313,404.4717544445313,391.9410705566406,391.9410705566406,60600,0.0,0.0
2017-05-18 00:00:00+09:00,386.07218831979037,390.5134655063067,380.6792420716162,384.9618835449219,35400,0.0,0.0
2017-05-19 00:00:00+09:00,385.27915529191677,390.3548595440362,380.67927108513027,381.9482116699219,38400,0.0,0.0
2017-05-22 00:00:00+09:00,381.78955046355657,404.4716985330547,381.78955046355657,399.3959655761719,49800,0.0,0.0
2017-05-23 00:00:00+09:00,404.31315166740234,439.0501379737906,402.72696854676917,436.0364074707031,171000,0.0,0.0
2017-05-24 00:00:00+09:00,428.4228058551495,456.65653908846036,428.4228058551495,447.1395568847656,127200,0.0,0.0
2017-05-25 00:00:00+09:00,459.6702096683163,459.6702096683163,439.68454837838954,450.9463195800781,60000,0.0,0.0
2017-05-26 00:00:00+09:00,450.7876873236549,451.2635364056445,421.91952904530024,448.56707763671875,55800,0.0,0.0
2017-05-29 00:00:00+09:00,439.6845810774202,445.07752801840695,439.6845810774202,440.9535217285156,14400,0.0,0.0
2017-05-30 00:00:00+09:00,434.2916465050096,437.7811970904977,403.0442107996213,432.2296142578125,72000,0.0,0.0
2017-05-31 00:00:00+09:00,436.8294814752073,439.3673337052899,418.4299729374151,419.69891357421875,37200,0.0,0.0
2017-06-01 00:00:00+09:00,415.57490581768474,436.1950545750174,414.7818432802288,432.7054748535156,57600,0.0,0.0
2017-06-02 00:00:00+09:00,432.7054276392278,439.05010150774103,422.39538342905985,427.788330078125,13200,0.0,0.0
2017-06-05 00:00:00+09:00,424.4574021173142,432.0709878055171,413.19563027233914,425.09185791015625,40800,0.0,0.0
2017-06-06 00:00:00+09:00,422.5539889334011,424.93323436658466,418.5885895592696,424.7746276855469,16800,0.0,0.0
2017-06-07 00:00:00+09:00,424.29878374521905,453.6427917480469,424.29878374521905,453.6427917480469,49800,0.0,0.0
2017-06-08 00:00:00+09:00,453.8014011473755,497.26227271812013,453.8014011473755,493.2968444824219,105600,0.0,0.0
2017-06-09 00:00:00+09:00,515.5031832914548,534.5371462672987,498.0553451722343,507.57232666015625,222000,0.0,0.0
2017-06-12 00:00:00+09:00,496.46925477603094,496.46925477603094,469.66306902872526,484.572998046875,66000,0.0,0.0
2017-06-13 00:00:00+09:00,482.98677562094576,578.9496459960938,473.469794820533,578.9496459960938,134400,0.0,0.0
2017-06-14 00:00:00+09:00,612.2591146624304,612.2591146624304,555.1572265150418,576.5704345703125,145800,0.0,0.0
2017-06-15 00:00:00+09:00,572.6051025390625,585.2943924991887,556.7434465236186,572.6051025390625,26400,0.0,0.0
2017-06-16 00:00:00+09:00,594.0182911645425,594.0182911645425,565.4673461914062,565.4673461914062,29400,0.0,0.0
2017-06-19 00:00:00+09:00,561.5019070936539,574.1911963661903,536.1232704615359,550.3987426757812,96000,0.0,0.0
2017-06-20 00:00:00+09:00,571.812000064217,572.6051206466516,532.1579459021926,540.0887451171875,94800,0.0,0.0
2017-06-21 00:00:00+09:00,540.0886838020534,549.6056650144244,504.4000042556623,518.6754760742188,180600,0.0,0.0
2017-06-22 00:00:00+09:00,526.6062556568297,533.7439913122101,507.57229390914864,531.36474609375,46200,0.0,0.0
2017-06-23 00:00:00+09:00,531.3648473287667,533.744093000518,511.5378194265236,525.8132934570312,58800,0.0,0.0
2017-06-26 00:00:00+09:00,525.0202625413924,551.1919665065108,521.0548334873558,543.2611083984375,58800,0.0,0.0
2017-06-27 00:00:00+09:00,554.3641748126951,570.225830078125,539.2956400671162,570.225830078125,45000,0.0,0.0
2017-06-28 00:00:00+09:00,571.0189021667188,578.1566384438029,546.4333854635562,562.2949829101562,82200,0.0,0.0
2017-06-29 00:00:00+09:00,578.1565642438798,618.6037312897479,563.0880311773733,617.8106689453125,83400,0.0,0.0
2017-06-30 00:00:00+09:00,617.8107294620851,682.0503540039062,592.4320929967952,682.0503540039062,136800,0.0,0.0
2017-07-03 00:00:00+09:00,691.5673856241226,712.1874747925496,658.2579482583033,688.39501953125,109200,0.0,0.0
2017-07-04 00:00:00+09:00,692.3605091332564,693.9466923195098,636.0516740223812,650.3271484375,121200,0.0,0.0
2017-07-05 00:00:00+09:00,650.3270803158077,659.0509997957909,633.6723619094158,655.0855712890625,55200,0.0,0.0
2017-07-06 00:00:00+09:00,666.1887277287545,666.1887277287545,640.8100901672148,661.4302368164062,57000,0.0,0.0
2017-07-07 00:00:00+09:00,664.6026338929961,744.7039276930449,657.4648965668647,738.3592529296875,167400,0.0,0.0
2017-07-10 00:00:00+09:00,716.1530162927479,751.84170481232,706.6360326875287,734.3939208984375,127800,0.0,0.0
2017-07-11 00:00:00+09:00,719.3252461879856,751.0485601299011,712.1875092641124,745.4969482421875,51600,0.0,0.0
2017-07-12 00:00:00+09:00,745.4969213366724,758.1862696902917,729.6353230252228,743.11767578125,59400,0.0,0.0
2017-07-13 00:00:00+09:00,751.048517217198,757.3931331734269,713.7736516043966,754.2208251953125,75600,0.0,0.0
2017-07-14 00:00:00+09:00,732.0145144253664,824.805084222087,693.1534678370856,781.185546875,229800,0.0,0.0
2017-07-17 00:00:00+09:00,781.185546875,781.185546875,781.185546875,781.185546875,0,0.0,0.0
2017-07-18 00:00:00+09:00,781.185589291495,840.6667270062547,766.1170537661054,815.2881469726562,126600,0.0,0.0
2017-07-19 00:00:00+09:00,807.3573566562657,853.3561456845827,789.9095741793146,790.70263671875,147600,0.0,0.0
2017-07-20 00:00:00+09:00,775.6340274235404,777.2202104411525,727.2560553003723,739.1522827148438,129600,0.0,0.0
2017-07-21 00:00:00+09:00,747.0830758901743,751.841566819411,732.807603102464,742.3245849609375,21000,0.0,0.0
2017-07-24 00:00:00+09:00,738.35914771367,789.9094848632812,737.5660852639072,789.9094848632812,81000,0.0,0.0
2017-07-25 00:00:00+09:00,787.5302879963446,796.2542078299533,770.0825064161776,778.0133056640625,49800,0.0,0.0
2017-07-26 00:00:00+09:00,770.082458922837,802.5987744947199,762.1516020770218,789.9094848632812,61800,0.0,0.0
2017-07-27 00:00:00+09:00,789.9094848632812,793.0817927493792,770.082458922837,789.9094848632812,45600,0.0,0.0
2017-07-28 00:00:00+09:00,789.9095623210426,789.9095623210426,737.5661575889253,760.5655517578125,78600,0.0,0.0
2017-07-31 00:00:00+09:00,760.5655068192141,763.7378148289472,724.876823883282,729.6353149414062,30000,0.0,0.0
2017-08-01 00:00:00+09:00,725.6698703798631,728.0491158565184,640.8100956834752,658.2579345703125,123600,0.0,0.0
2017-08-02 00:00:00+09:00,643.1893694264753,723.2906566897765,640.0170613472036,718.5321655273438,92400,0.0,0.0
2017-08-03 00:00:00+09:00,696.3258666627975,716.9459555346951,689.1881301870526,716.1528930664062,23400,0.0,0.0
2017-08-04 00:00:00+09:00,694.7396441007916,729.63526202528,694.7396441007916,723.2905883789062,8400,0.0,0.0
2017-08-07 00:00:00+09:00,739.1523744279913,739.1523744279913,701.8775045419432,720.118408203125,20400,0.0,0.0
2017-08-08 00:00:00+09:00,709.0151565906613,722.4975670738622,707.4289735670353,716.1528930664062,9000,0.0,0.0
2017-08-09 00:00:00+09:00,727.2560741255377,727.2560741255377,697.9120070188991,705.0497436523438,42000,0.0,0.0
2017-08-10 00:00:00+09:00,693.9466198337269,722.4975656816921,693.9466198337269,717.7390747070312,32400,0.0,0.0
2017-08-11 00:00:00+09:00,717.7390747070312,717.7390747070312,717.7390747070312,717.7390747070312,0,0.0,0.0
2017-08-14 00:00:00+09:00,695.5327418274136,717.739071673336,678.8780234864956,697.9119873046875,63000,0.0,0.0
2017-08-15 00:00:00+09:00,697.9119725359014,728.8421630859375,684.4296205080193,728.8421630859375,52800,0.0,0.0
2017-08-16 00:00:00+09:00,728.8422512284998,728.8422512284998,706.6359772540242,712.9806518554688,66600,0.0,0.0
2017-08-17 00:00:00+09:00,708.22216796875,712.1875388107123,700.2913101107168,708.22216796875,9000,0.0,0.0
2017-08-18 00:00:00+09:00,686.0157726073882,712.1874733414938,686.0157726073882,689.981201171875,13200,0.0,0.0
2017-08-21 00:00:00+09:00,687.6019570515564,689.9812025776863,677.2919124673429,688.39501953125,8400,0.0,0.0
2017-08-22 00:00:00+09:00,691.5673895705078,727.2560726661122,685.2227154356061,706.6359252929688,33600,0.0,0.0
2017-08-23 00:00:00+09:00,706.6359181483853,715.3598377347889,697.9119985619816,711.3944091796875,22800,0.0,0.0
2017-08-24 00:00:00+09:00,718.5321817723345,718.5321817723345,706.6359535972958,707.4290161132812,9000,0.0,0.0
2017-08-25 00:00:00+09:00,696.3258810906325,712.9805998791221,683.6365328127979,686.8088989257812,22200,0.0,0.0
2017-08-28 00:00:00+09:00,686.8088984910938,712.187478856602,678.0849788164852,706.6359252929688,26400,0.0,0.0
2017-08-29 00:00:00+09:00,705.8429407831145,705.8429407831145,693.946711770405,695.5328369140625,3600,0.0,0.0
2017-08-30 00:00:00+09:00,717.7390489711811,717.7390489711811,703.4635765590717,713.7736206054688,6000,0.0,0.0
2017-08-31 00:00:00+09:00,721.7045707001064,752.6347674170689,721.7045707001064,734.3939208984375,36000,0.0,0.0
2017-09-01 00:00:00+09:00,808.9435322927412,808.9435322927412,764.53092684373,777.2202758789062,43800,0.0,0.0
2017-09-04 00:00:00+09:00,799.4265144312067,799.4265144312067,766.910138827111,779.5994873046875,18000,0.0,0.0
2017-09-05 00:00:00+09:00,779.5995664430558,779.5995664430558,714.5668086332879,730.428466796875,39600,0.0,0.0
2017-09-06 00:00:00+09:00,709.0151927320263,765.3240249399851,706.6359471188316,751.8416137695312,11400,0.0,0.0
2017-09-07 00:00:00+09:00,784.3579436329401,784.3579436329401,719.3251953125,719.3251953125,20400,0.0,0.0
2017-09-08 00:00:00+09:00,716.9459787482834,716.9459787482834,700.291259765625,700.291259765625,26400,0.0,0.0
2017-09-11 00:00:00+09:00,700.2912440776327,722.4975742817423,700.2912440776327,711.3944091796875,3000,0.0,0.0
2017-09-12 00:00:00+09:00,712.9806518554688,712.9806518554688,712.9806518554688,712.9806518554688,1200,0.0,0.0
2017-09-13 00:00:00+09:00,713.7737407625689,713.7737407625689,694.7397743422338,695.5328369140625,21000,0.0,0.0
2017-09-14 00:00:00+09:00,695.5327418274136,707.4289692137835,682.0503895142261,697.9119873046875,18000,0.0,0.0
2017-09-15 00:00:00+09:00,764.5308696894709,770.8755437327484,735.9799236252951,754.2208251953125,86400,0.0,0.0
2017-09-18 00:00:00+09:00,754.2208251953125,754.2208251953125,754.2208251953125,754.2208251953125,0,0.0,0.0
2017-09-19 00:00:00+09:00,776.4271240234375,793.0818431359007,766.9101416734585,776.4271240234375,64800,0.0,0.0
2017-09-20 00:00:00+09:00,787.5302918385812,787.5302918385812,755.013916015625,755.013916015625,36000,0.0,0.0
2017-09-21 00:00:00+09:00,753.42771538725,758.9792685219273,743.9107339637776,744.7037963867188,14400,0.0,0.0
2017-09-22 00:00:00+09:00,745.4969130771211,745.4969130771211,728.8421943736861,729.6353149414062,6600,0.0,0.0
2017-09-25 00:00:00+09:00,729.6352484317811,743.1175998094552,729.6352484317811,732.8075561523438,15000,0.0,0.0
2017-09-26 00:00:00+09:00,728.049120525981,728.049120525981,712.1874645508652,716.1528930664062,25200,0.0,0.0
2017-09-27 00:00:00+09:00,716.1529121821459,743.11767578125,716.1529121821459,743.11767578125,9600,0.0,0.0
2017-09-28 00:00:00+09:00,738.3591551362731,755.8069939028293,738.3591551362731,743.9107666015625,25200,0.0,0.0
2017-09-29 00:00:00+09:00,743.1176923816436,757.3931660330757,743.1176923816436,753.4277954101562,15000,0.0,0.0
2017-10-02 00:00:00+09:00,772.461755487631,796.2542114257812,762.1516525230654,796.2542114257812,45000,0.0,0.0
2017-10-03 00:00:00+09:00,793.081787109375,794.6679700846672,779.5994351240532,793.081787109375,21000,0.0,0.0
2017-10-04 00:00:00+09:00,793.0817998058958,793.0817998058958,785.1510009765625,785.1510009765625,15600,0.0,0.0
2017-10-05 00:00:00+09:00,780.392529736768,793.0818198010326,778.8063466960916,792.2887573242188,18000,0.0,0.0
2017-10-06 00:00:00+09:00,785.1510827685959,791.4957573452388,780.3925913578771,790.70263671875,13800,0.0,0.0
2017-10-09 00:00:00+09:00,790.70263671875,790.70263671875,790.70263671875,790.70263671875,0,0.0,0.0
2017-10-10 00:00:00+09:00,785.9440889736636,789.9095175607158,778.8063523691993,789.116455078125,18000,0.0,0.0
2017-10-11 00:00:00+09:00,785.1509738910523,786.7371568370191,779.5994207107368,782.771728515625,15600,0.0,0.0
2017-10-12 00:00:00+09:00,780.3924765261064,781.1855389488456,765.323941971792,766.1170043945312,30000,0.0,0.0
2017-10-13 00:00:00+09:00,766.1171174131642,777.2202834046916,766.1171174131642,772.4617919921875,22800,0.0,0.0
2017-10-16 00:00:00+09:00,789.9095077755323,789.9095077755323,747.0830886792685,754.2208251953125,69600,0.0,0.0
2017-10-17 00:00:00+09:00,739.1523452612084,760.5655564192225,737.566162109375,737.566162109375,54000,0.0,0.0
2017-10-18 00:00:00+09:00,737.5661561447822,738.3592186707591,722.4976196289062,722.4976196289062,36000,0.0,0.0
2017-10-19 00:00:00+09:00,726.4629232926203,733.6006596287499,724.8767983870672,725.6698608398438,10200,0.0,0.0
2017-10-20 00:00:00+09:00,725.6698877671186,735.9799323839738,717.7390886839261,728.0491333007812,14400,0.0,0.0
2017-10-23 00:00:00+09:00,728.0491133586015,739.1522782405808,718.5321314846328,720.911376953125,35400,0.0,0.0
2017-10-24 00:00:00+09:00,720.9113643585335,730.4283460662369,720.9113643585335,728.8421630859375,21000,0.0,0.0
2017-10-25 00:00:00+09:00,728.8422360108265,737.5661561447822,722.4976196289062,722.4976196289062,30600,0.0,0.0
2017-10-26 00:00:00+09:00,722.4975391754007,736.7730115756585,722.4975391754007,735.1868286132812,21600,0.0,0.0
2017-10-27 00:00:00+09:00,727.5732959650645,741.3729202835648,705.6842367012366,732.331787109375,39000,0.0,3.0
2017-10-30 00:00:00+09:00,739.9454036341392,778.4891835018983,725.6699296090433,728.5250244140625,101600,0.0,0.0
2017-10-31 00:00:00+09:00,722.8147893655712,725.6698839911099,685.2227101293104,689.981201171875,37200,0.0,0.0
2017-11-01 00:00:00+09:00,704.2566497632245,704.2566497632245,652.8649482940162,681.4158935546875,95000,0.0,0.0
2017-11-02 00:00:00+09:00,681.8917864474193,686.6502776298856,650.4857446431419,652.864990234375,84400,0.0,0.0
2017-11-03 00:00:00+09:00,652.864990234375,652.864990234375,652.864990234375,652.864990234375,0,0.0,0.0
2017-11-06 00:00:00+09:00,654.2925605607345,654.7684096956878,646.2031252665291,653.8167114257812,46200,0.0,0.0
2017-11-07 00:00:00+09:00,674.2781937016608,674.2781937016608,660.9544185261869,665.237060546875,19200,0.0,0.0
2017-11-08 00:00:00+09:00,665.2369940676838,665.2369940676838,646.6788804992719,656.1958618164062,28200,0.0,0.0
2017-11-09 00:00:00+09:00,663.333678302961,663.333678302961,646.6789589768465,648.1065063476562,19600,0.0,0.0
2017-11-10 00:00:00+09:00,642.8722268001109,642.8722268001109,623.362410886858,640.4929809570312,49800,0.0,0.0
2017-11-13 00:00:00+09:00,630.500054471721,630.500054471721,599.5698631202781,606.2317504882812,53200,0.0,0.0
2017-11-14 00:00:00+09:00,600.5215807811894,614.797054175354,600.5215807811894,613.3695068359375,49000,0.0,0.0
2017-11-15 00:00:00+09:00,610.038529073525,610.038529073525,566.2604131025699,586.721923828125,108200,0.0,0.0
2017-11-16 00:00:00+09:00,576.2531985600272,586.2460285928601,572.9222552157496,584.8184814453125,32600,0.0,0.0
2017-11-17 00:00:00+09:00,591.9563057360504,642.39631249491,573.398190041753,639.0653686523438,50200,0.0,0.0
2017-11-20 00:00:00+09:00,629.0725556110365,650.9616157911481,625.7416116705847,630.9759521484375,63600,0.0,0.0
2017-11-21 00:00:00+09:00,649.0581534216883,649.0581534216883,621.9347555147702,637.1619262695312,70400,0.0,0.0
2017-11-22 00:00:00+09:00,644.7755057645804,652.8649401542468,642.3962603558551,649.5339965820312,42400,0.0,0.0
2017-11-23 00:00:00+09:00,649.5339965820312,649.5339965820312,649.5339965820312,649.5339965820312,0,0.0,0.0
2017-11-24 00:00:00+09:00,657.6234780432085,661.4302709696525,650.9615904219314,659.051025390625,49800,0.0,0.0
2017-11-27 00:00:00+09:00,665.7129668865028,674.7541008184853,665.7129668865028,671.4231567382812,19200,0.0,0.0
2017-11-28 00:00:00+09:00,672.8506443079197,692.3604578981776,672.8506443079197,686.6502685546875,61600,0.0,0.0
2017-11-29 00:00:00+09:00,697.1190033062857,707.1118354355908,690.9329643690968,699.0223999023438,34200,0.0,0.0
2017-11-30 00:00:00+09:00,709.0151565906613,717.1045912631722,703.7808165084483,716.1528930664062,49000,0.0,0.0
2017-12-01 00:00:00+09:00,714.24946366431,714.24946366431,675.2298394001705,675.7056884765625,25000,0.0,0.0
2017-12-04 00:00:00+09:00,665.2370673087873,678.0849935014463,642.3963096329492,652.864990234375,35200,0.0,0.0
2017-12-05 00:00:00+09:00,650.4858134979656,650.4858134979656,620.9831650437785,640.4929809570312,20200,0.0,0.0
2017-12-06 00:00:00+09:00,634.3068966310751,658.0993533689249,634.3068966310751,646.203125,14000,0.0,0.0
2017-12-07 00:00:00+09:00,646.6789412959929,666.1887548303091,642.3962993006552,663.8095092773438,15400,0.0,0.0
2017-12-08 00:00:00+09:00,703.7808604778941,703.7808604778941,685.2227444815195,695.215576171875,49400,0.0,0.0
2017-12-11 00:00:00+09:00,705.684172942598,705.684172942598,689.981153585143,701.8773803710938,29000,0.0,0.0
2017-12-12 00:00:00+09:00,713.773623519723,726.1456996607316,697.1189056375961,707.5875854492188,43400,0.0,0.0
2017-12-13 00:00:00+09:00,707.5876650383908,710.4427598536097,685.2227556525103,691.8846435546875,16200,0.0,0.0
2017-12-14 00:00:00+09:00,691.4087944188177,692.8363418264271,680.4642642938123,691.8846435546875,4800,0.0,0.0
2017-12-15 00:00:00+09:00,691.8845675328469,693.7879638671875,668.5679624371732,693.7879638671875,18400,0.0,0.0
2017-12-18 00:00:00+09:00,693.7879923638692,713.2978055922084,693.7879923638692,711.3944091796875,22800,0.0,0.0
2017-12-19 00:00:00+09:00,713.7736364753854,748.5106201171875,713.7736364753854,748.5106201171875,48400,0.0,0.0
2017-12-20 00:00:00+09:00,747.0830550283756,756.6000366210938,742.3245642320164,756.6000366210938,43200,0.0,0.0
2017-12-21 00:00:00+09:00,751.8415309853356,761.8343614604571,739.9453042292386,758.50341796875,32800,0.0,0.0
2017-12-22 00:00:00+09:00,770.3997498871581,774.6823921039489,760.8827671831784,774.20654296875,59400,0.0,0.0
2017-12-25 00:00:00+09:00,773.2547697473744,783.7234497070312,771.3513733910733,783.7234497070312,28400,0.0,0.0
2017-12-26 00:00:00+09:00,777.5374264754831,784.199313850426,775.6340300826423,781.820068359375,9400,0.0,0.0
2017-12-27 00:00:00+09:00,784.675160647229,890.7895092368784,784.675160647229,861.286865234375,138000,0.0,0.0
2017-12-28 00:00:00+09:00,861.2868581918569,899.8306347186749,861.2868581918569,866.0453491210938,73800,0.0,0.0
2017-12-29 00:00:00+09:00,882.7000724394995,941.7053603006844,874.1347887177146,940.753662109375,56000,0.0,0.0
2018-01-01 00:00:00+09:00,940.753662109375,940.753662109375,940.753662109375,940.753662109375,0,0.0,0.0
2018-01-02 00:00:00+09:00,940.753662109375,940.753662109375,940.753662109375,940.753662109375,0,0.0,0.0
2018-01-03 00:00:00+09:00,940.753662109375,940.753662109375,940.753662109375,940.753662109375,0,0.0,0.0
2018-01-04 00:00:00+09:00,983.580111595892,985.0076589276713,885.079345703125,885.079345703125,117400,0.0,0.0
2018-01-05 00:00:00+09:00,900.3065195960455,1009.275966206772,896.0238775895104,1004.0416259765625,128800,0.0,0.0
2018-01-08 00:00:00+09:00,1004.0416259765624,1004.0416259765624,1004.0416259765624,1004.0416259765625,0,0.0,0.0
2018-01-09 00:00:00+09:00,1023.0755996535084,1231.4975125131534,1004.041635008792,1073.991455078125,267600,0.0,0.0
2018-01-10 00:00:00+09:00,1118.2453396595101,1165.8302477301274,1011.1792965006208,1024.0272216796875,122800,0.0,0.0
2018-01-11 00:00:00+09:00,1024.0271946174773,1041.633610138317,975.490589668136,1000.2347412109375,80000,0.0,0.0
2018-01-12 00:00:00+09:00,986.9110422279095,1051.6265204067888,957.4083977640087,1034.9718017578125,75800,0.0,0.0
2018-01-15 00:00:00+09:00,987.3868007834898,1037.3509521484375,977.3939705105003,1037.3509521484375,105200,0.0,0.0
2018-01-16 00:00:00+09:00,891.2653681767451,927.9057490361201,826.5498902952517,916.009521484375,509400,0.0,0.0
2018-01-17 00:00:00+09:00,926.0024367655604,927.4299842014785,857.0043106961841,863.6661987304688,133400,0.0,0.0
2018-01-18 00:00:00+09:00,877.4657354114612,886.5068682600609,857.0042242277883,868.9004516601562,127400,0.0,0.0
2018-01-19 00:00:00+09:00,876.9898683504294,962.1668550214695,876.9898683504294,935.04345703125,135800,0.0,0.0
2018-01-22 00:00:00+09:00,956.4566882961158,1009.2759382467968,906.4925329373634,994.0487670898438,125000,0.0,0.0
2018-01-23 00:00:00+09:00,986.9111724729962,986.9111724729962,924.0990824216773,940.2779541015625,166800,0.0,0.0
2018-01-24 00:00:00+09:00,927.9056399975423,1015.461864489618,919.3403571667957,998.331298828125,167800,0.0,0.0
2018-01-25 00:00:00+09:00,965.0219429681912,998.3313788694601,941.2294887529991,997.8555297851562,82800,0.0,0.0
2018-01-26 00:00:00+09:00,1000.7106686438342,1022.5997274919637,964.0702875284869,1021.1721801757812,67000,0.0,0.0
2018-01-29 00:00:00+09:00,1036.8750715664844,1036.8750715664844,998.331298828125,998.331298828125,41000,0.0,0.0
2018-01-30 00:00:00+09:00,999.758991051774,999.758991051774,942.6570972268274,947.4155883789062,62000,0.0,0.0
2018-01-31 00:00:00+09:00,942.6571618821049,989.7662275188179,927.9058382988918,964.0703735351562,52600,0.0,0.0
2018-02-01 00:00:00+09:00,994.0487470783171,1051.6264868564292,964.0702544665727,1044.964599609375,127400,0.0,0.0
2018-02-02 00:00:00+09:00,1044.9647221117948,1079.7017096865495,1023.0756614482509,1075.4190673828125,70800,0.0,0.0
2018-02-05 00:00:00+09:00,1038.3027921923162,1142.5137507120767,1007.8484481500119,1119.1971435546875,115400,0.0,0.0
2018-02-06 00:00:00+09:00,1000.2348254735368,1040.206150563821,882.2242466355553,920.2921752929688,141000,0.0,0.0
2018-02-07 00:00:00+09:00,1048.771462890625,1053.5299541015625,943.1329580078125,951.6982421875,116000,0.0,0.0
2018-02-08 00:00:00+09:00,1017.8413789310557,1084.4602630125648,965.9738191818809,1067.8055419921875,86000,0.0,0.0
2018-02-09 00:00:00+09:00,976.4424454454352,1093.9771842490525,974.0631997206656,1090.646240234375,92000,0.0,0.0
2018-02-12 00:00:00+09:00,1090.646240234375,1090.646240234375,1090.646240234375,1090.646240234375,0,0.0,0.0
2018-02-13 00:00:00+09:00,1099.2114676626472,1103.9699588646502,1009.7518330649946,1040.2061767578125,79800,0.0,0.0
2018-02-14 00:00:00+09:00,1023.075641358452,1075.4190462651636,985.0077105172073,1014.9862060546875,44600,0.0,0.0
2018-02-15 00:00:00+09:00,975.9665339239103,1056.3850342813657,975.9665339239103,1028.3099365234375,56800,0.0,0.0
2018-02-16 00:00:00+09:00,1058.288474794966,1065.9020609445702,1049.2473412423112,1051.6265869140625,56000,0.0,0.0
2018-02-19 00:00:00+09:00,1074.4672309701734,1153.934027946267,1056.3849657899846,1149.175537109375,116600,0.0,0.0
2018-02-20 00:00:00+09:00,1116.8178575851612,1178.6782416865976,1100.1631387886207,1178.202392578125,97400,0.0,0.0
2018-02-21 00:00:00+09:00,1178.2023465548518,1208.6566883074813,1123.003852128211,1176.2989501953125,105000,0.0,0.0
2018-02-22 00:00:00+09:00,1143.4654808678106,1174.8715240377128,1130.141704977549,1145.8447265625,63800,0.0,0.0
2018-02-23 00:00:00+09:00,1165.8302743274908,1168.2095197853018,1113.011025164082,1148.69970703125,53600,0.0,0.0
2018-02-26 00:00:00+09:00,1128.5976179961187,1155.4006148611663,1105.6236206832205,1127.1617431640625,59400,7.0,0.0
2018-02-27 00:00:00+09:00,1128.5975247325068,1132.4265239682404,1084.0854086171025,1100.8372802734375,58400,0.0,0.0
2018-02-28 00:00:00+09:00,1100.8372100229076,1128.1188278365187,1057.2823464959142,1093.6578369140625,43600,0.0,0.0
2018-03-01 00:00:00+09:00,1093.6578490946142,1105.1448461967022,1070.6838548904386,1103.2303466796875,33200,0.0,0.0
2018-03-02 00:00:00+09:00,1075.9489236923462,1096.0511722666695,1067.3336743033506,1074.034423828125,19600,0.0,0.0
2018-03-05 00:00:00+09:00,1074.0341815547324,1074.0341815547324,983.5740833756572,1001.283203125,51400,0.0,0.0
2018-03-06 00:00:00+09:00,1073.077078933613,1093.6579506526787,1034.787085037677,1065.897705078125,20800,0.0,0.0
2018-03-07 00:00:00+09:00,1083.1281551815055,1109.452524839032,1066.376283581261,1077.86328125,20200,0.0,0.0
2018-03-08 00:00:00+09:00,1092.7005927004275,1115.6745867650882,1049.6243538291885,1107.5379638671875,58200,0.0,0.0
2018-03-09 00:00:00+09:00,1131.4693414482858,1136.2555907775932,1086.4785977527956,1094.1365966796875,28600,0.0,0.0
2018-03-12 00:00:00+09:00,1100.3586993120575,1126.6830701089968,1086.9572014517976,1107.0594482421875,27000,0.0,0.0
2018-03-13 00:00:00+09:00,1091.743273283306,1123.3325131064967,1080.7349018297698,1109.452392578125,12600,0.0,0.0
2018-03-14 00:00:00+09:00,1098.4441717739762,1126.6830415494292,1098.4441717739762,1124.2899169921875,24000,0.0,0.0
2018-03-15 00:00:00+09:00,1100.3587271733538,1167.3662181712964,1094.6152279449589,1163.05859375,68800,0.0,0.0
2018-03-16 00:00:00+09:00,1163.058464047402,1286.5436836870026,1129.5547222847197,1263.091064453125,84600,0.0,0.0
2018-03-19 00:00:00+09:00,1261.1765030656848,1261.1765030656848,1155.879034119024,1178.85302734375,67400,0.0,0.0
2018-03-20 00:00:00+09:00,1130.9907012045633,1284.6293025954499,1119.9823278961821,1258.304931640625,62800,0.0,0.0
2018-03-21 00:00:00+09:00,1258.304931640625,1258.304931640625,1258.304931640625,1258.304931640625,0,0.0,0.0
2018-03-22 00:00:00+09:00,1220.9720883845594,1371.2603031053557,1220.9720883845594,1322.919189453125,90600,0.0,0.0
2018-03-23 00:00:00+09:00,1316.2186473231893,1353.5513944109016,1245.3821528490687,1289.4156494140625,89600,0.0,0.0
2018-03-26 00:00:00+09:00,1265.4842352775918,1270.7491091762504,1202.3057484936878,1251.12548828125,47600,0.0,0.0
2018-03-27 00:00:00+09:00,1287.5010281846978,1388.0122608682616,1251.6041593691393,1371.739013671875,69800,0.0,0.0
2018-03-28 00:00:00+09:00,1385.6189855458786,1411.9433531469228,1359.7732428103077,1407.1571044921875,49400,0.0,0.0
2018-03-29 00:00:00+09:00,1435.874713886063,1500.4890760109358,1388.490848327823,1411.46484375,105400,0.0,0.0
2018-03-30 00:00:00+09:00,1389.448160942176,1500.489143835247,1296.1163003208449,1299.4666748046875,142800,0.0,0.0
2018-04-02 00:00:00+09:00,1284.6291062254343,1328.6625927279454,1206.1346302861753,1232.9376220703125,174200,0.0,0.0
2018-04-03 00:00:00+09:00,1206.1347230887025,1352.5939394637592,1206.1347230887025,1318.611572265625,109600,0.0,0.0
2018-04-04 00:00:00+09:00,1321.0047942748693,1326.7482933804122,1235.3309326171875,1235.3309326171875,78200,0.0,0.0
2018-04-05 00:00:00+09:00,1307.124499201027,1354.0297357157472,1257.3475135119363,1297.552001953125,67200,0.0,0.0
2018-04-06 00:00:00+09:00,1332.49167239011,1332.49167239011,1245.8605686894598,1263.091064453125,62200,0.0,0.0
2018-04-09 00:00:00+09:00,1306.6460575587314,1435.8747885260784,1282.7148110832966,1359.2947998046875,101200,0.0,0.0
2018-04-10 00:00:00+09:00,1435.8747148091813,1440.6609638585453,1318.1329881948286,1352.1153564453125,113400,0.0,0.0
2018-04-11 00:00:00+09:00,1354.9872006528012,1409.0718186936938,1276.97133569116,1328.1842041015625,75800,0.0,0.0
2018-04-12 00:00:00+09:00,1318.1329709511963,1365.9954608187054,1306.167348484319,1337.756591796875,29200,0.0,0.0
2018-04-13 00:00:00+09:00,1355.4657058943562,1363.6023291288916,1273.620848652854,1282.7147216796875,54800,0.0,0.0
2018-04-16 00:00:00+09:00,1426.302310160304,1426.302310160304,1282.7148292716827,1291.330078125,122800,0.0,0.0
2018-04-17 00:00:00+09:00,1339.192548157307,1401.8924137072024,1283.1934315974768,1386.576416015625,116200,0.0,0.0
2018-04-18 00:00:00+09:00,1364.0809849330358,1507.66845703125,1334.4062406994049,1507.66845703125,158200,0.0,0.0
2018-04-19 00:00:00+09:00,1498.0958979535576,1498.0958979535576,1389.9266733728853,1400.4564208984375,166200,0.0,0.0
2018-04-20 00:00:00+09:00,1383.225951183289,1452.626561190755,1365.0382051123668,1392.31982421875,58200,0.0,0.0
2018-04-23 00:00:00+09:00,1424.8663827311198,1459.8060017903647,1394.2343879394532,1435.874755859375,60400,0.0,0.0
2018-04-24 00:00:00+09:00,1420.5586899630543,1420.5586899630543,1354.5084543785188,1360.251953125,95200,0.0,0.0
2018-04-25 00:00:00+09:00,1354.0299057692623,1381.7901512746062,1346.3719070091677,1363.123779296875,48800,0.0,0.0
2018-04-26 00:00:00+09:00,1358.3376448817012,1379.8757682149208,1293.2446499190828,1312.3896484375,95600,0.0,0.0
2018-04-27 00:00:00+09:00,1312.3894487779826,1391.3625556519312,1304.7314505356603,1387.054931640625,108800,0.0,0.0
2018-04-30 00:00:00+09:00,1387.054931640625,1387.054931640625,1387.054931640625,1387.054931640625,0,0.0,0.0
2018-05-01 00:00:00+09:00,1344.9358894046543,1381.790004523572,1307.6031494140625,1307.6031494140625,120600,0.0,0.0
2018-05-02 00:00:00+09:00,1318.6115251095673,1330.5771469345182,1222.8865505099618,1243.946044921875,127200,0.0,0.0
2018-05-03 00:00:00+09:00,1243.946044921875,1243.946044921875,1243.946044921875,1243.946044921875,0,0.0,0.0
2018-05-04 00:00:00+09:00,1243.946044921875,1243.946044921875,1243.946044921875,1243.946044921875,0,0.0,0.0
2018-05-07 00:00:00+09:00,1247.2966890437874,1265.9630631315495,1198.95556640625,1198.95556640625,112800,0.0,0.0
2018-05-08 00:00:00+09:00,1212.8355222635191,1252.0827648939883,1179.3317785545821,1242.9888916015625,92600,0.0,0.0
2018-05-09 00:00:00+09:00,1226.7155424828852,1263.091032622838,1194.6476761752951,1257.3475341796875,38000,0.0,0.0
2018-05-10 00:00:00+09:00,1281.278901743823,1286.065150909844,1208.527914420304,1216.1859130859375,43000,0.0,0.0
2018-05-11 00:00:00+09:00,1216.1860886526222,1225.2799633808393,1184.5968395967097,1209.0067138671875,30600,0.0,0.0
2018-05-14 00:00:00+09:00,1209.0064739947552,1209.0064739947552,1151.5714871066434,1163.537109375,62400,0.0,0.0
2018-05-15 00:00:00+09:00,1159.2294921875,1195.1263592040411,1149.1783694228686,1159.2294921875,41000,0.0,0.0
2018-05-16 00:00:00+09:00,1172.1524146955683,1186.9897870334867,1150.61429355988,1170.2379150390625,18000,0.0,0.0
2018-05-17 00:00:00+09:00,1186.5111125044828,1215.7072310453354,1161.143993116529,1209.485107421875,62600,0.0,0.0
2018-05-18 00:00:00+09:00,1197.0408308806702,1205.1774538814586,1160.1867149359236,1176.4599609375,30000,0.0,0.0
2018-05-21 00:00:00+09:00,1176.4600225339552,1227.1942627245978,1172.6310232742842,1197.0408935546875,34800,0.0,0.0
2018-05-22 00:00:00+09:00,1197.99816060151,1237.2454035776682,1173.1096650556537,1211.399658203125,41200,0.0,0.0
2018-05-23 00:00:00+09:00,1211.3996629549172,1282.7147754718205,1209.006538373813,1266.4415283203125,46000,0.0,0.0
2018-05-24 00:00:00+09:00,1252.5613956078287,1273.1422668386795,1216.1859022695808,1247.775146484375,55000,0.0,0.0
2018-05-25 00:00:00+09:00,1232.4591648147768,1282.2361563257425,1211.3996684062913,1271.227783203125,43400,0.0,0.0
2018-05-28 00:00:00+09:00,1281.7573778717885,1282.7146275938735,1209.4850238543727,1210.9208984375,36600,0.0,0.0
2018-05-29 00:00:00+09:00,1234.8523293348057,1265.9629500351011,1209.0065829068678,1222.4080810546875,35800,0.0,0.0
2018-05-30 00:00:00+09:00,1198.476824193219,1263.5698146446077,1196.5623244740605,1244.9034423828125,48200,0.0,0.0
2018-05-31 00:00:00+09:00,1264.5271307331168,1338.2353737811484,1240.5958829902493,1325.3125,63600,0.0,0.0
2018-06-01 00:00:00+09:00,1330.5771606445312,1346.8504064941405,1243.467432861328,1244.4246826171875,62400,0.0,0.0
2018-06-04 00:00:00+09:00,1268.3559185701088,1297.552035940968,1242.9888001987067,1266.9200439453125,26600,0.0,0.0
2018-06-05 00:00:00+09:00,1266.9202226344162,1275.5354715983071,1169.7593593194233,1177.4173583984375,76800,0.0,0.0
2018-06-06 00:00:00+09:00,1184.5965860883975,1196.5622081700985,1137.2127226448615,1149.1783447265625,43600,0.0,0.0
2018-06-07 00:00:00+09:00,1147.7425422123042,1147.7425422123042,1112.8029235377844,1138.1700439453125,29200,0.0,0.0
2018-06-08 00:00:00+09:00,1147.2638930096848,1200.8698821699204,1147.2638930096848,1178.37451171875,34800,0.0,0.0
2018-06-11 00:00:00+09:00,1177.4173791273583,1177.4173791273583,1141.5205078125,1141.5205078125,42400,0.0,0.0
2018-06-12 00:00:00+09:00,1127.1615843928716,1130.5119585290713,1084.0853454988767,1098.444091796875,53400,0.0,0.0
2018-06-13 00:00:00+09:00,1109.9312154611869,1128.5975877781277,1074.5129705521192,1080.2564697265625,28600,0.0,0.0
2018-06-14 00:00:00+09:00,1087.9144091674088,1149.1783970131758,1087.9144091674088,1141.9990234375,44000,0.0,0.0
2018-06-15 00:00:00+09:00,1141.9989821982476,1148.6997306269045,1090.7861192077983,1099.4013671875,18600,0.0,0.0
2018-06-18 00:00:00+09:00,1100.837164233856,1134.819528868901,1087.435668321444,1123.8111572265625,18000,0.0,0.0
2018-06-19 00:00:00+09:00,1123.3325859834104,1131.9478337668365,1086.4784704654203,1089.3502197265625,24400,0.0,0.0
2018-06-20 00:00:00+09:00,1110.8883973500615,1110.8883973500615,1063.0259071583312,1096.051025390625,22400,0.0,0.0
2018-06-21 00:00:00+09:00,1096.5297285975414,1114.7174761692158,1087.435854811704,1089.8289794921875,12000,0.0,0.0
2018-06-22 00:00:00+09:00,1077.3846125972163,1084.0853609652133,1062.5472412109375,1062.5472412109375,8800,0.0,0.0
2018-06-25 00:00:00+09:00,1086.4785711061909,1086.4785711061909,999.3688354492188,999.3688354492188,24000,0.0,0.0
2018-06-26 00:00:00+09:00,975.4375144475266,1052.9747457235321,915.6094038950532,1035.265625,31200,0.0,0.0
2018-06-27 00:00:00+09:00,1035.2656973295122,1048.6671950295706,1005.1123275043808,1024.25732421875,24000,0.0,0.0
2018-06-28 00:00:00+09:00,1048.1885802018198,1066.8549521780167,1000.3260879551615,1042.9237060546875,33600,0.0,0.0
2018-06-29 00:00:00+09:00,1041.487775221342,1072.119768610205,1018.5137801796948,1027.1290283203125,7200,0.0,0.0
2018-07-02 00:00:00+09:00,1027.6076723376436,1028.0862972432503,986.9245553610717,1002.7191772460938,16600,0.0,0.0
2018-07-03 00:00:00+09:00,983.5742131098881,1047.70995255355,958.2070922851562,958.2070922851562,23800,0.0,0.0
2018-07-04 00:00:00+09:00,973.5231030522561,973.5231030522561,930.925484482123,938.1048583984375,22800,0.0,0.0
2018-07-05 00:00:00+09:00,933.3185451138806,934.275794903741,862.960685559142,876.3621826171875,51400,0.0,0.0
2018-07-06 00:00:00+09:00,909.3872508289019,944.8054911243432,881.1483835663201,933.797119140625,22200,0.0,0.0
2018-07-09 00:00:00+09:00,957.2498303623827,1038.1374410280039,940.497958331041,1019.4710693359375,30000,0.0,0.0
2018-07-10 00:00:00+09:00,1066.8549463338484,1066.8549463338484,1000.3260824754344,1017.5565795898438,20800,0.0,0.0
2018-07-11 00:00:00+09:00,1041.0091636163725,1050.1030367698029,986.9245495986023,997.9329223632812,20000,0.0,0.0
2018-07-12 00:00:00+09:00,997.9328795088098,1043.40224332336,967.7795119265293,1012.2916259765625,21000,0.0,0.0
2018-07-13 00:00:00+09:00,1012.2916997898728,1052.9748177483311,997.932952275123,1012.7703247070312,46200,0.0,0.0
2018-07-16 00:00:00+09:00,1012.7703247070312,1012.7703247070312,1012.7703247070312,1012.7703247070312,0,0.0,0.0
2018-07-17 00:00:00+09:00,1101.315852492467,1220.0148231218159,1095.0937290320576,1203.7415771484375,179000,0.0,0.0
2018-07-18 00:00:00+09:00,1197.0408643826418,1292.2872186457946,1173.5882444886995,1291.80859375,99400,0.0,0.0
2018-07-19 00:00:00+09:00,1267.8773223263254,1311.432186928702,1253.039950868373,1309.0390625,38800,0.0,0.0
2018-07-20 00:00:00+09:00,1304.2528529165422,1316.6971003205165,1271.7063597061479,1301.381103515625,38400,0.0,0.0
2018-07-23 00:00:00+09:00,1262.1338559781198,1334.88484047136,1262.1338559781198,1296.5948486328125,24600,0.0,0.0
2018-07-24 00:00:00+09:00,1301.8598530056508,1338.7139738444137,1222.8867369225875,1228.151611328125,54600,0.0,0.0
2018-07-25 00:00:00+09:00,1229.5872987319342,1265.4841642067863,1187.9469347811057,1243.946044921875,33600,0.0,0.0
2018-07-26 00:00:00+09:00,1231.980532208935,1232.4591571243232,1186.989790162455,1193.2119140625,26200,0.0,0.0
2018-07-27 00:00:00+09:00,1193.2118339872222,1193.2118339872222,1132.4264738121813,1149.1783447265625,48000,0.0,0.0
2018-07-30 00:00:00+09:00,1141.9991401646676,1171.1952623566394,1126.6831416377315,1137.212890625,29800,0.0,0.0
2018-07-31 00:00:00+09:00,1133.8624106045427,1137.6914098805394,1098.9227922110722,1110.4097900390625,30600,0.0,0.0
2018-08-01 00:00:00+09:00,1133.8624981514156,1134.3411230978704,1098.9228770602153,1099.880126953125,19600,0.0,0.0
2018-08-02 00:00:00+09:00,1120.9395968674069,1124.289971409709,1098.4442249405204,1108.0167236328125,15200,0.0,0.0
2018-08-03 00:00:00+09:00,1131.9479908507058,1156.836487901123,1104.187744140625,1104.187744140625,22200,0.0,0.0
2018-08-06 00:00:00+09:00,1109.4525065177418,1122.3753786816671,1063.5045166015625,1063.5045166015625,13600,0.0,0.0
2018-08-07 00:00:00+09:00,1111.3670376347163,1135.7769079703623,1069.2480456830128,1078.3419189453125,7800,0.0,0.0
2018-08-08 00:00:00+09:00,1099.4014686400385,1099.4014686400385,1056.8038496983916,1071.16259765625,4800,0.0,0.0
2018-08-09 00:00:00+09:00,1064.4616943147264,1131.9477999345,1062.54719486452,1101.79443359375,11200,0.0,0.0
2018-08-10 00:00:00+09:00,1173.1095764339598,1173.1095764339598,1124.7684637371706,1139.6058349609375,20000,0.0,0.0
2018-08-13 00:00:00+09:00,1115.674557367369,1123.3325551871367,1029.04345703125,1029.04345703125,22600,0.0,0.0
2018-08-14 00:00:00+09:00,1076.905988444528,1081.2136123983062,1052.9747442568719,1053.453369140625,8000,0.0,0.0
2018-08-15 00:00:00+09:00,1053.4533117090205,1065.418933150513,1009.8984496619869,1037.65869140625,11600,0.0,0.0
2018-08-16 00:00:00+09:00,1034.3084328955272,1088.393047850268,1005.1123133181894,1083.128173828125,23000,0.0,0.0
2018-08-17 00:00:00+09:00,1073.0769569393487,1080.2563299786395,1041.4877155664688,1047.7098388671875,4200,0.0,0.0
2018-08-20 00:00:00+09:00,1054.4105888976906,1090.7860790276156,1011.3343505859375,1011.3343505859375,11400,0.0,0.0
2018-08-21 00:00:00+09:00,1035.2655671179514,1065.418933150513,1006.0694508007092,1037.65869140625,21800,0.0,0.0
2018-08-22 00:00:00+09:00,1061.590040292917,1109.4525308381342,1058.2396659547517,1082.6495361328125,15200,0.0,0.0
2018-08-23 00:00:00+09:00,1067.812201857409,1096.0510722785596,1058.7183283319537,1084.08544921875,11600,0.0,0.0
2018-08-24 00:00:00+09:00,1072.5984345337072,1137.212798059834,1072.5984345337072,1110.888427734375,9600,0.0,0.0
2018-08-27 00:00:00+09:00,1134.8196676032258,1149.1784149790574,1106.1021728515625,1106.1021728515625,17200,0.0,0.0
2018-08-28 00:00:00+09:00,1109.4525107731895,1181.2462452925936,1109.4525107731895,1145.8280029296875,37600,0.0,0.0
2018-08-29 00:00:00+09:00,1201.3485417107643,1201.3485417107643,1159.2295490133351,1165.9302978515625,26000,0.0,0.0
2018-08-30 00:00:00+09:00,1195.6050249133027,1196.0836498231959,1113.2815404116661,1151.571533203125,21200,0.0,0.0
2018-08-31 00:00:00+09:00,1151.5714844791112,1181.246227636927,1108.495244411314,1122.3753662109375,12600,0.0,0.0
2018-09-03 00:00:00+09:00,1122.3754093008981,1122.3754093008981,1084.5640415675202,1087.435791015625,14200,0.0,0.0
2018-09-04 00:00:00+09:00,1083.606869829709,1094.6152435073075,1064.9404970720416,1081.2137451171875,11400,0.0,0.0
2018-09-05 00:00:00+09:00,1081.2135901920644,1125.2470785929806,1081.2135901920644,1093.6578369140625,11200,0.0,0.0
2018-09-06 00:00:00+09:00,1117.5892110587724,1186.989825878268,1109.4525872523488,1171.673828125,25400,0.0,0.0
2018-09-07 00:00:00+09:00,1172.6310907553147,1183.6394642603645,1132.9052211501346,1172.1524658203125,24000,0.0,0.0
2018-09-10 00:00:00+09:00,1196.0836345966045,1219.5362548828125,1181.2462625787996,1219.5362548828125,25200,0.0,0.0
2018-09-11 00:00:00+09:00,1218.5790202795201,1228.15151847496,1158.7509065580198,1201.8271484375,20600,0.0,0.0
2018-09-12 00:00:00+09:00,1190.8187908151021,1196.5622898061717,1171.1951692622808,1184.1180419921875,8400,0.0,0.0
2018-09-13 00:00:00+09:00,1172.6310325815314,1193.690528676873,1171.195157847758,1174.5455322265625,7400,0.0,0.0
2018-09-14 00:00:00+09:00,1222.4080299287684,1230.066028550092,1160.6654160443475,1220.4935302734375,28600,0.0,0.0
2018-09-17 00:00:00+09:00,1220.4935302734375,1220.4935302734375,1220.4935302734375,1220.4935302734375,0,0.0,0.0
2018-09-18 00:00:00+09:00,1189.8615093959434,1196.562258040973,1174.5455124930188,1178.37451171875,10400,0.0,0.0
2018-09-19 00:00:00+09:00,1183.1607085972194,1225.2796982236575,1177.8958348939145,1185.5538330078125,22800,0.0,0.0
2018-09-20 00:00:00+09:00,1185.5537753676285,1196.562147121143,1174.0667787552654,1178.85302734375,7400,0.0,0.0
2018-09-21 00:00:00+09:00,1196.5622011556666,1203.2629494821383,1116.1532212380057,1153.4859619140625,19600,0.0,0.0
2018-09-24 00:00:00+09:00,1153.4859619140625,1153.4859619140625,1153.4859619140625,1153.4859619140625,0,0.0,0.0
2018-09-25 00:00:00+09:00,1164.972906683939,1182.2034016061336,1137.2126648648475,1169.7591552734375,8600,0.0,0.0
2018-09-26 00:00:00+09:00,1182.2035371668198,1231.0232783777574,1182.2035371668198,1220.4935302734375,17000,0.0,0.0
2018-09-27 00:00:00+09:00,1203.7416910707927,1243.9461849276304,1175.502820385633,1175.9814453125,37400,0.0,0.0
2018-09-28 00:00:00+09:00,1199.912638296973,1225.2797582928802,1177.4172677345646,1183.1607666015625,9600,0.0,0.0
2018-10-01 00:00:00+09:00,1207.0920873562795,1273.1423284566629,1184.5967153873084,1268.3560791015625,44600,0.0,0.0
2018-10-02 00:00:00+09:00,1289.8941710050801,1292.2872956266108,1233.416429936954,1253.5186767578125,40600,0.0,0.0
2018-10-03 00:00:00+09:00,1256.3904867006863,1280.3217340664137,1241.074488386621,1242.03173828125,35200,0.0,0.0
2018-10-04 00:00:00+09:00,1244.903394087358,1323.397879527699,1244.903394087358,1316.218505859375,36600,0.0,0.0
2018-10-05 00:00:00+09:00,1310.9536148227523,1402.3709716796875,1283.1933703321647,1402.3709716796875,80800,0.0,0.0
2018-10-08 00:00:00+09:00,1402.3709716796875,1402.3709716796875,1402.3709716796875,1402.3709716796875,0,0.0,0.0
2018-10-09 00:00:00+09:00,1384.6617373248052,1409.0716054905727,1359.2946194270469,1370.7816162109375,41400,0.0,0.0
2018-10-10 00:00:00+09:00,1370.7816614000176,1382.7472834443613,1343.9786680206876,1367.909912109375,26200,0.0,0.0
2018-10-11 00:00:00+09:00,1296.1162127662687,1330.0985802353991,1268.3559689182466,1277.928466796875,38600,0.0,0.0
2018-10-12 00:00:00+09:00,1275.535335419112,1361.6878158601778,1227.1942213938473,1350.679443359375,51000,0.0,0.0
2018-10-15 00:00:00+09:00,1438.267845517113,1471.7715890066966,1244.4247581845239,1256.390380859375,131600,0.0,0.0
2018-10-16 00:00:00+09:00,1247.7751859894925,1247.7751859894925,1156.8364497647117,1166.8875732421875,86400,0.0,0.0
2018-10-17 00:00:00+09:00,1190.818695661301,1190.818695661301,1127.1615869302107,1157.7935791015625,47400,0.0,0.0
2018-10-18 00:00:00+09:00,1162.1012937385728,1267.8773999643656,1162.1012937385728,1243.467529296875,40200,0.0,0.0
2018-10-19 00:00:00+09:00,1202.3057932044048,1273.6209059382647,1194.1691696038972,1197.9981689453125,29000,0.0,0.0
2018-10-22 00:00:00+09:00,1220.014851497221,1266.92009098201,1197.0408566475282,1245.860595703125,21600,0.0,0.0
2018-10-23 00:00:00+09:00,1289.4154485155343,1303.7741951582464,1224.8010886233305,1236.2880859375,53400,0.0,0.0
2018-10-24 00:00:00+09:00,1236.288134765625,1236.288134765625,1148.6997767857142,1206.134765625,48600,0.0,0.0
2018-10-25 00:00:00+09:00,1148.6997463559144,1169.7592417057729,1125.7257514287962,1141.041748046875,26600,0.0,0.0
2018-10-26 00:00:00+09:00,1186.0325451959216,1186.0325451959216,1034.787071312987,1074.512939453125,54600,0.0,0.0
2018-10-29 00:00:00+09:00,1063.5045476750697,1096.0510414833075,976.3948142471386,998.4115600585938,62600,0.0,0.0
2018-10-30 00:00:00+09:00,938.5833703260878,1049.6243401963848,938.5833703260878,1011.3343505859375,51400,0.0,0.0
2018-10-31 00:00:00+09:00,1083.1280645902923,1115.19593040008,1030.4793296787007,1083.606689453125,31400,0.0,0.0
2018-11-01 00:00:00+09:00,1095.5723723909748,1129.0761146659281,1077.8632514742137,1122.3753662109375,24200,0.0,0.0
2018-11-02 00:00:00+09:00,1122.3753267176012,1196.562182001707,1116.631828243993,1139.127197265625,38400,0.0,0.0
2018-11-05 00:00:00+09:00,1148.6997463559144,1154.921869982009,1072.11976326552,1141.041748046875,27600,0.0,0.0
2018-11-06 00:00:00+09:00,1139.1273443827617,1139.1273443827617,1095.5724753328327,1108.0167236328125,33800,0.0,0.0
2018-11-07 00:00:00+09:00,1108.0165432710785,1165.4515260756268,1091.7432981431232,1128.597412109375,18400,0.0,0.0
2018-11-08 00:00:00+09:00,1167.3661940635216,1167.3661940635216,1136.7341988113421,1153.0074462890625,7600,0.0,0.0
2018-11-09 00:00:00+09:00,1155.4006313875786,1155.4006313875786,1124.7686345322327,1141.5205078125,12200,0.0,0.0
2018-11-12 00:00:00+09:00,1135.2983229561405,1144.8708214633593,1119.0250754938688,1120.9395751953125,11200,0.0,0.0
2018-11-13 00:00:00+09:00,1096.5295405477234,1150.614149051387,1085.521168905385,1123.8111572265625,21800,0.0,0.0
2018-11-14 00:00:00+09:00,1123.8113668149924,1138.17011511331,1104.187744140625,1104.187744140625,15000,0.0,0.0
2018-11-15 00:00:00+09:00,1104.187675097492,1164.01578926619,1104.187675097492,1138.1700439453125,16000,0.0,0.0
2018-11-16 00:00:00+09:00,1157.7935085731951,1164.015631603973,1132.4263916015625,1132.4263916015625,18400,0.0,0.0
2018-11-19 00:00:00+09:00,1156.3578446502058,1190.3402150848765,1130.512098122428,1163.05859375,19600,0.0,0.0
2018-11-20 00:00:00+09:00,1158.272298869681,1180.767669963431,1124.7685546875,1124.7685546875,29800,0.0,0.0
2018-11-21 00:00:00+09:00,1124.7684874252957,1163.5371033748484,1113.7601149951756,1158.7508544921875,20800,0.0,0.0
2018-11-22 00:00:00+09:00,1175.024092317207,1195.126337481086,1152.5287227290569,1181.2462158203125,25200,0.0,0.0
2018-11-23 00:00:00+09:00,1181.2462158203125,1181.2462158203125,1181.2462158203125,1181.2462158203125,0,0.0,0.0
2018-11-26 00:00:00+09:00,1181.2462957651337,1265.9629061178196,1168.3234229994698,1248.2537841796875,25600,0.0,0.0
2018-11-27 00:00:00+09:00,1226.2370877908584,1263.0912079157201,1185.0753432358179,1218.1004638671875,36800,0.0,0.0
2018-11-28 00:00:00+09:00,1213.792729110124,1225.2797265464974,1166.8874895782658,1168.3233642578125,26400,0.0,0.0
2018-11-29 00:00:00+09:00,1186.9897578124999,1243.9461211914063,1168.3233866210937,1196.562255859375,66200,0.0,0.0
2018-11-30 00:00:00+09:00,1196.562243061287,1217.143113641941,1190.3401193973682,1196.0836181640625,12400,0.0,0.0
2018-12-03 00:00:00+09:00,1220.4935320925977,1263.5697744017482,1220.4935320925977,1252.5614013671875,27000,0.0,0.0
2018-12-04 00:00:00+09:00,1247.2964977819101,1263.0911195880508,1176.9386370091008,1178.37451171875,39400,0.0,0.0
2018-12-05 00:00:00+09:00,1167.3661262670314,1196.5622450461576,1156.3577536126068,1177.8958740234375,17400,0.0,0.0
2018-12-06 00:00:00+09:00,1177.417244158293,1194.1691155182689,1148.6997503983348,1164.0157470703125,16800,0.0,0.0
2018-12-07 00:00:00+09:00,1190.8187511765814,1206.13474797628,1184.118002576713,1191.7760009765625,15200,0.0,0.0
2018-12-10 00:00:00+09:00,1176.459870990954,1191.7758660567436,1081.6921515213817,1082.1707763671875,48400,0.0,0.0
2018-12-11 00:00:00+09:00,1082.6496496367872,1120.4610211316176,1045.7955280532185,1063.9832763671875,19000,0.0,0.0
2018-12-12 00:00:00+09:00,1111.8457968081063,1111.8457968081063,1063.983300174094,1097.0084228515625,11400,0.0,0.0
2018-12-13 00:00:00+09:00,1118.5463403207523,1156.8363305756347,1110.4097173915898,1139.6058349609375,12200,0.0,0.0
2018-12-14 00:00:00+09:00,1187.4684425258238,1194.1691914961427,1132.4265759839175,1143.91357421875,18800,0.0,0.0
2018-12-17 00:00:00+09:00,1144.870683262712,1153.0073060116526,1100.8371954449153,1129.5546875,17800,0.0,0.0
2018-12-18 00:00:00+09:00,1101.3159074454472,1107.0594063108733,1064.4617897256298,1082.6495361328125,15600,0.0,0.0
2018-12-19 00:00:00+09:00,1058.7183241733285,1114.2388149527617,1045.795451319495,1070.205322265625,18200,0.0,0.0
2018-12-20 00:00:00+09:00,1057.2823112773308,1057.7609361353107,969.6939622670313,1010.3770751953125,32000,0.0,0.0
2018-12-21 00:00:00+09:00,988.3603967978805,993.1466456927855,876.3621726571038,985.4886474609375,60800,0.0,0.0
2018-12-24 00:00:00+09:00,985.4886474609375,985.4886474609375,985.4886474609375,985.4886474609375,0,0.0,0.0
2018-12-25 00:00:00+09:00,894.5500028492075,956.2926194182539,864.39663196665,865.3538818359375,58400,0.0,0.0
2018-12-26 00:00:00+09:00,909.3872823832947,914.1735312379436,814.1409301757812,814.1409301757812,35400,0.0,0.0
2018-12-27 00:00:00+09:00,948.1559331214045,964.9078047313233,861.5248256529673,938.5834350585938,46800,0.0,0.0
2018-12-28 00:00:00+09:00,938.5834178465067,1028.5648979868142,938.5834178465067,1013.2489013671875,36200,0.0,0.0
2018-12-31 00:00:00+09:00,1013.2489013671875,1013.2489013671875,1013.2489013671875,1013.2489013671875,0,0.0,0.0
2019-01-04 00:00:00+09:00,959.6428641771956,1029.0434703146987,959.6428641771956,1020.42822265625,14000,0.0,0.0
2019-01-07 00:00:00+09:00,1116.1532592235683,1129.076131435848,1040.5305255368942,1086.478515625,15800,0.0,0.0
2019-01-08 00:00:00+09:00,1086.4783608971989,1100.358480926282,1052.9746228959636,1071.6409912109375,17000,0.0,0.0
2019-01-09 00:00:00+09:00,1071.1625219247398,1071.1625219247398,981.181041083877,999.847412109375,32400,0.0,0.0
2019-01-10 00:00:00+09:00,993.1466448639768,1014.206139983984,977.3520235239714,994.58251953125,13600,0.0,0.0
2019-01-11 00:00:00+09:00,1012.7703078213069,1046.752676372967,995.0611861817094,1018.992431640625,35000,0.0,0.0
2019-01-15 00:00:00+09:00,1042.9235761123496,1091.2646872584473,1036.2228280326924,1083.606689453125,57600,0.0,0.0
2019-01-16 00:00:00+09:00,1227.1942615327382,1239.1598842075894,1091.2647879464287,1105.62353515625,196000,0.0,0.0
2019-01-17 00:00:00+09:00,1084.0854504750482,1125.7258187714408,1048.6672061769673,1116.1533203125,61600,0.0,0.0
2019-01-18 00:00:00+09:00,1116.153140419408,1116.153140419408,1075.4700285259046,1082.1707763671875,21600,0.0,0.0
2019-01-21 00:00:00+09:00,1090.7861139744887,1109.9311093930844,1074.5128678686824,1085.521240234375,20800,0.0,0.0
2019-01-22 00:00:00+09:00,1085.5212274188768,1086.4784771785055,1062.5472331877895,1085.0426025390625,18000,0.0,0.0
2019-01-23 00:00:00+09:00,1063.5044931807674,1063.5044931807674,1034.3083752311604,1035.265625,21600,0.0,0.0
2019-01-24 00:00:00+09:00,1038.616100934975,1038.616100934975,996.9757319113148,1007.02685546875,22200,0.0,0.0
2019-01-25 00:00:00+09:00,1005.1123046875,1014.206177920387,994.582556733631,1005.1123046875,17200,0.0,0.0
2019-01-28 00:00:00+09:00,1021.3855168269231,1043.4022618006993,1017.0778928103147,1026.650390625,10200,0.0,0.0
2019-01-29 00:00:00+09:00,1026.650387100352,1026.650387100352,994.1038946421589,994.58251953125,15000,0.0,0.0
2019-01-30 00:00:00+09:00,991.2321619499462,994.582536229835,955.3352946654238,958.6856689453125,27200,0.0,0.0
2019-01-31 00:00:00+09:00,962.036086023879,1013.7275772132217,962.036086023879,974.001708984375,24800,0.0,0.0
2019-02-01 00:00:00+09:00,994.1039336205945,996.9756830677412,963.9505644255548,966.3436889648438,15600,0.0,0.0
2019-02-04 00:00:00+09:00,984.5314045231517,993.1466525938453,960.1215349895199,981.1810302734375,10400,0.0,0.0
2019-02-05 00:00:00+09:00,1013.7275411752554,1031.4366625272312,976.8734237670899,995.539794921875,17200,0.0,0.0
2019-02-06 00:00:00+09:00,996.0184610616434,1019.9497071227112,951.0277184668358,958.2070922851562,69000,0.0,0.0
2019-02-07 00:00:00+09:00,960.6002212002484,960.6002212002484,947.6773482693034,951.50634765625,16200,0.0,0.0
2019-02-08 00:00:00+09:00,950.5490646987665,953.8994390456403,933.3185680577013,934.2758178710938,23000,0.0,0.0
2019-02-12 00:00:00+09:00,936.6689639174482,982.1383310979069,936.6689639174482,962.5147094726562,22000,0.0,0.0
2019-02-13 00:00:00+09:00,966.8223133164379,967.7795631316027,945.7628173828125,945.7628173828125,20800,0.0,0.0
2019-02-14 00:00:00+09:00,948.1559407552083,973.5230608258929,936.6689429873512,954.856689453125,37200,0.0,0.0
2019-02-15 00:00:00+09:00,962.9933342662284,962.9933342662284,940.9765880553703,941.933837890625,22200,0.0,0.0
2019-02-18 00:00:00+09:00,942.8910599211732,968.7368047108906,942.41243501766,959.164306640625,35200,0.0,0.0
2019-02-19 00:00:00+09:00,966.8222450633017,988.8389892578125,952.4634988494903,988.8389892578125,34600,0.0,0.0
2019-02-20 00:00:00+09:00,994.5825935168913,994.5825935168913,965.8650980351716,974.4803466796875,18000,0.0,0.0
2019-02-21 00:00:00+09:00,997.4542473861118,1026.6503649919432,987.8817498104294,1025.693115234375,29600,0.0,0.0
2019-02-22 00:00:00+09:00,1026.6503822716484,1052.0175012741645,1026.6503822716484,1049.145751953125,23200,0.0,0.0
2019-02-25 00:00:00+09:00,1052.0174672506544,1063.5044641633094,1022.3427252262957,1022.8213500976562,25400,0.0,0.0
2019-02-26 00:00:00+09:00,1031.9322790590002,1063.5807597364603,1024.2599201068888,1027.6165771484375,23000,2.0,0.0
2019-02-27 00:00:00+09:00,1037.6866243191373,1037.6866243191373,988.7753324150004,994.5296020507812,20200,0.0,0.0
2019-02-28 00:00:00+09:00,995.4886598398988,1035.7685478102994,995.4886598398988,1021.3828735351562,15000,0.0,0.0
2019-03-01 00:00:00+09:00,1021.3828514046261,1038.1661376953125,1002.2019527866988,1038.1661376953125,10400,0.0,0.0
2019-03-04 00:00:00+09:00,1021.8623380260308,1045.8384604574253,1021.8623380260308,1027.1370849609375,12800,0.0,0.0
2019-03-05 00:00:00+09:00,1027.1371792751233,1034.3300166650051,1017.5467294219475,1033.3709716796875,10200,0.0,0.0
2019-03-06 00:00:00+09:00,1033.3709233268023,1059.26513671875,1019.4647716903859,1059.26513671875,7600,0.0,0.0
2019-03-07 00:00:00+09:00,1078.9256522325966,1088.0365799625608,1040.0843287522232,1061.662841796875,43400,0.0,0.0
2019-03-08 00:00:00+09:00,1061.1832278319375,1061.1832278319375,983.021065095107,999.3248291015625,34000,0.0,0.0
2019-03-11 00:00:00+09:00,1023.3009648126609,1083.7207968493972,993.0910487942928,1024.260009765625,18200,0.0,0.0
2019-03-12 00:00:00+09:00,1034.3299127683695,1034.3299127683695,1002.6814314319241,1010.8333129882812,11600,0.0,0.0
2019-03-13 00:00:00+09:00,1039.6047407913904,1069.814657152026,1021.3828864786263,1049.1951904296875,25800,0.0,0.0
2019-03-14 00:00:00+09:00,1078.9256352789298,1097.1474904525296,1057.8266450779197,1094.7498779296875,17600,0.0,0.0
2019-03-15 00:00:00+09:00,1097.6267937225045,1117.287212482934,1085.1592110939396,1086.5977783203125,17400,0.0,0.0
2019-03-18 00:00:00+09:00,1115.848688851708,1115.848688851708,1098.1063590332667,1107.21728515625,4200,0.0,0.0
2019-03-19 00:00:00+09:00,1112.9717066023084,1120.164543999566,1085.63892449273,1104.81982421875,8200,0.0,0.0
2019-03-20 00:00:00+09:00,1125.4392215526814,1150.8539121118174,1117.2873396752227,1150.3743896484375,40600,0.0,0.0
2019-03-22 00:00:00+09:00,1150.3742802198724,1174.8299235259221,1108.655829874258,1171.4732666015625,31600,0.0,0.0
2019-03-25 00:00:00+09:00,1123.521056979676,1187.7770627992563,1123.521056979676,1176.748046875,15800,0.0,0.0
2019-03-26 00:00:00+09:00,1187.7771851084183,1187.7771851084183,1145.5792067920918,1174.830078125,16400,0.0,0.0
2019-03-27 00:00:00+09:00,1162.3624337275694,1177.707152324633,1162.3624337275694,1175.7890625,4600,0.0,0.0
2019-03-28 00:00:00+09:00,1151.8129336872303,1241.4836325213319,1139.3453498921147,1222.302734375,43600,0.0,0.0
2019-03-29 00:00:00+09:00,1230.4545671701892,1244.3607177734375,1192.572294837202,1244.3607177734375,37000,0.0,0.0
2019-04-01 00:00:00+09:00,1244.360825181808,1244.360825181808,1199.2857124391915,1213.67138671875,20800,0.0,0.0
2019-04-02 00:00:00+09:00,1198.806200622819,1241.9632238452405,1153.731087479401,1236.6884765625,27600,0.0,0.0
2019-04-03 00:00:00+09:00,1198.8061835562949,1214.630425179238,1166.6781778369862,1200.2447509765625,13600,0.0,0.0
2019-04-04 00:00:00+09:00,1181.543340848573,1199.2856718596922,1181.0638183888132,1193.0518798828125,9800,0.0,0.0
2019-04-05 00:00:00+09:00,1220.8642695376093,1220.8642695376093,1178.186767578125,1178.186767578125,11200,0.0,0.0
2019-04-08 00:00:00+09:00,1246.7582737561122,1260.6644237326225,1152.2923583984375,1152.2923583984375,90000,0.0,0.0
2019-04-09 00:00:00+09:00,1160.4444044275328,1160.4444044275328,1088.0365097711042,1111.0535888671875,43800,0.0,0.0
2019-04-10 00:00:00+09:00,1100.5039147103187,1117.2871988126547,1060.2240328647122,1065.498779296875,39000,0.0,0.0
2019-04-11 00:00:00+09:00,1093.3112359550562,1102.9016853932585,1060.7037078651686,1066.9375,29600,0.0,0.0
2019-04-12 00:00:00+09:00,1056.8675010210707,1075.0893544869512,1055.9084561018137,1073.1712646484375,44600,0.0,0.0
2019-04-15 00:00:00+09:00,1054.9494220823829,1156.128662109375,1054.9494220823829,1156.128662109375,78400,0.0,0.0
2019-04-16 00:00:00+09:00,1139.345374899382,1186.3385763893396,1132.6320604008165,1154.2105712890625,39200,0.0,0.0
2019-04-17 00:00:00+09:00,1154.2104704036567,1168.116620649484,1113.9305869329849,1138.38623046875,17600,0.0,0.0
2019-04-18 00:00:00+09:00,1149.415282400031,1149.415282400031,1093.3111572265625,1093.3111572265625,20800,0.0,0.0
2019-04-19 00:00:00+09:00,1093.3112291252419,1115.3692626953125,1087.0774370293523,1115.3692626953125,10200,0.0,0.0
2019-04-22 00:00:00+09:00,1122.5620890691757,1122.5620890691757,1079.884589741044,1094.270263671875,11600,0.0,0.0
2019-04-23 00:00:00+09:00,1099.0655131950598,1107.6969177489477,1081.323181612068,1082.2822265625,7200,0.0,0.0
2019-04-24 00:00:00+09:00,1097.6270047722253,1097.6270047722253,1071.2532672176285,1075.5689697265625,8800,0.0,0.0
2019-04-25 00:00:00+09:00,1069.3352027666042,1077.487085478278,1063.5809326171875,1063.5809326171875,12800,0.0,0.0
2019-04-26 00:00:00+09:00,1063.5808728993368,1076.5279800085711,1049.674720819048,1066.4580078125,9600,0.0,0.0
2019-05-07 00:00:00+09:00,1024.259932768285,1076.0483563352207,1023.7804103278504,1050.6336669921875,14200,0.0,0.0
2019-05-08 00:00:00+09:00,1050.6336551092368,1052.551744849281,1021.3827865735619,1029.53466796875,8800,0.0,0.0
2019-05-09 00:00:00+09:00,1041.0432581672976,1041.0432581672976,1004.5995512945594,1010.3538208007812,8600,0.0,0.0
2019-05-10 00:00:00+09:00,1010.3537910642217,1040.0841826380147,997.4066850562796,1011.7923583984375,7600,0.0,0.0
2019-05-13 00:00:00+09:00,1026.6576320263223,1050.6337560811173,1006.0381653391987,1045.3590087890625,13000,0.0,0.0
2019-05-14 00:00:00+09:00,997.4067057885142,1052.551788079706,997.4067057885142,1052.072265625,25800,0.0,0.0
2019-05-15 00:00:00+09:00,1052.0721984076456,1054.4698105279913,1028.0960772041897,1041.522705078125,6200,0.0,0.0
2019-05-16 00:00:00+09:00,1048.236158486363,1078.4460752222462,1032.8914388744856,1077.966552734375,20600,0.0,0.0
2019-05-17 00:00:00+09:00,1069.3350859479538,1086.118372050276,1063.1012939670914,1075.08935546875,16400,0.0,0.0
2019-05-20 00:00:00+09:00,1088.9954544469488,1092.831633943019,1013.7104318365696,1037.20703125,23200,0.0,0.0
2019-05-21 00:00:00+09:00,1061.1831702065128,1061.1831702065128,1011.7923583984375,1011.7923583984375,20000,0.0,0.0
2019-05-22 00:00:00+09:00,1019.4648033336399,1041.5228376484788,997.8862915039062,997.8862915039062,14800,0.0,0.0
2019-05-23 00:00:00+09:00,1006.9971151912914,1025.698490187701,959.5243940465591,978.2257690429688,45800,0.0,0.0
2019-05-24 00:00:00+09:00,994.5295547477756,995.0090771946165,959.5244161283988,963.360595703125,47000,0.0,0.0
2019-05-27 00:00:00+09:00,963.3606853332519,993.0910798034669,955.2088029785157,959.0449829101562,50800,0.0,0.0
2019-05-28 00:00:00+09:00,959.0449267094679,971.0329882933362,958.0858817827584,968.6353759765625,17000,0.0,0.0
2019-05-29 00:00:00+09:00,988.7753503581213,988.7753503581213,958.5654342220583,968.1558837890625,29800,0.0,0.0
2019-05-30 00:00:00+09:00,959.5244787289,969.1149282914079,958.085911294524,967.1968383789062,18200,0.0,0.0
2019-05-31 00:00:00+09:00,977.2667023545011,977.2667023545011,940.3434756217747,940.822998046875,70400,0.0,0.0
2019-06-03 00:00:00+09:00,938.9049533562911,939.8639982524671,902.4612473016036,911.0926513671875,34400,0.0,0.0
2019-06-04 00:00:00+09:00,911.092658458409,931.232601434858,887.5960583192184,924.519287109375,32600,0.0,0.0
2019-06-05 00:00:00+09:00,937.9460096837817,965.758314674405,925.4784246879849,926.9169921875,17000,0.0,0.0
2019-06-06 00:00:00+09:00,956.6473187457075,956.6473187457075,905.8179373988178,916.367431640625,24200,0.0,0.0
2019-06-07 00:00:00+09:00,925.4784158901334,930.273640842932,887.1166162677445,906.7770385742188,17600,0.0,0.0
2019-06-10 00:00:00+09:00,913.0107641327247,923.0807357959533,891.91177588596,896.2274780273438,45400,0.0,0.0
2019-06-11 00:00:00+09:00,896.2274569884677,915.8878773932441,891.9117549483949,913.9697875976562,37600,0.0,0.0
2019-06-12 00:00:00+09:00,913.9698508626982,949.9340370194151,913.9698508626982,918.7650756835938,35000,0.0,0.0
2019-06-13 00:00:00+09:00,948.9749554521842,982.0620054401583,935.5483264715571,969.5944213867188,88200,0.0,0.0
2019-06-14 00:00:00+09:00,989.7344026722463,1049.1951904296875,983.5006104073533,1049.1951904296875,70800,0.0,0.0
2019-06-17 00:00:00+09:00,1018.0260767579024,1047.2769437773238,1001.2427924024965,1042.002197265625,50800,0.0,0.0
2019-06-18 00:00:00+09:00,1018.0262096386238,1075.5689063680795,1018.0262096386238,1070.773681640625,36400,0.0,0.0
2019-06-19 00:00:00+09:00,1070.7737534843682,1110.0945988877352,1061.6628258909052,1096.66796875,35600,0.0,0.0
2019-06-20 00:00:00+09:00,1102.9017040062363,1105.29931640625,1079.4051024861035,1105.29931640625,20000,0.0,0.0
2019-06-21 00:00:00+09:00,1119.684800972641,1119.684800972641,1094.270113841356,1098.5858154296875,7000,0.0,0.0
2019-06-24 00:00:00+09:00,1109.135398744493,1112.4920558094352,1088.5159339169904,1095.229248046875,14000,0.0,0.0
2019-06-25 00:00:00+09:00,1081.3232525055369,1108.6560353848342,1057.3471271728197,1106.2584228515625,11600,0.0,0.0
2019-06-26 00:00:00+09:00,1092.8317319261794,1115.369288486307,1065.0194280860221,1105.29931640625,15400,0.0,0.0
2019-06-27 00:00:00+09:00,1093.3111358523834,1114.4101226846224,1077.9664181562096,1109.1353759765625,10000,0.0,0.0
2019-06-28 00:00:00+09:00,1092.3521813975394,1126.8777990712106,1086.118389317571,1109.614990234375,21200,0.0,0.0
2019-07-01 00:00:00+09:00,1109.615046582713,1109.615046582713,1091.3931918851576,1099.0655517578125,7400,0.0,0.0
2019-07-02 00:00:00+09:00,1086.1184054398823,1086.59792791469,1066.9375064475664,1080.3641357421875,7600,0.0,0.0
2019-07-03 00:00:00+09:00,1069.8146589657865,1069.8146589657865,1036.2480851748385,1053.0313720703125,19200,0.0,0.0
2019-07-04 00:00:00+09:00,1055.428946451447,1073.650800138478,1031.452823179038,1038.1661376953125,10400,0.0,0.0
2019-07-05 00:00:00+09:00,1021.8623666946446,1039.1251753295612,1018.9852319221585,1023.7804565429688,15600,0.0,0.0
2019-07-08 00:00:00+09:00,1024.2599440620575,1044.8794092281007,1008.9152257989554,1015.6285400390625,20800,0.0,0.0
2019-07-09 00:00:00+09:00,1015.6285162857632,1030.9732341899862,1004.5995002921029,1027.6165771484375,12800,0.0,0.0
2019-07-10 00:00:00+09:00,1028.5756336939514,1053.5108005713807,1028.5756336939514,1048.715576171875,16600,0.0,0.0
2019-07-11 00:00:00+09:00,1070.294218117409,1078.9256231022268,1060.2242456351214,1065.978515625,18400,0.0,0.0
2019-07-12 00:00:00+09:00,1059.7446028148854,1073.6507537115513,1041.0432274710934,1067.896484375,17200,0.0,0.0
2019-07-16 00:00:00+09:00,951.8520953930521,1012.2719261333667,949.4544830620872,980.1439208984375,72600,0.0,0.0
2019-07-17 00:00:00+09:00,980.1439344618055,983.0210692987775,942.7411815811691,945.1387939453125,40400,0.0,0.0
2019-07-18 00:00:00+09:00,935.5482887202858,935.5482887202858,896.7069707365117,897.666015625,38400,0.0,0.0
2019-07-19 00:00:00+09:00,901.9817794099562,920.2036335394503,896.7070321619448,898.6251220703125,25600,0.0,0.0
2019-07-22 00:00:00+09:00,897.6660254396985,897.6660254396985,858.345184581763,858.82470703125,52600,0.0,0.0
2019-07-23 00:00:00+09:00,858.3451432180187,858.3451432180187,838.2052013101098,840.123291015625,53000,0.0,0.0
2019-07-24 00:00:00+09:00,844.9185691771468,848.7547488328887,824.778625984502,825.7376708984375,40200,0.0,0.0
2019-07-25 00:00:00+09:00,825.2581133800518,825.7376358166467,805.5976934796554,817.5857543945312,44400,0.0,0.0
2019-07-26 00:00:00+09:00,811.3520113942126,817.1062809785687,776.8263938880759,793.6096801757812,102800,0.0,0.0
2019-07-29 00:00:00+09:00,817.5857949448069,839.1643056618252,805.5977334353522,837.2462158203125,65800,0.0,0.0
2019-07-30 00:00:00+09:00,845.3981201304416,883.2803955078125,826.2172212051905,883.2803955078125,90800,0.0,0.0
2019-07-31 00:00:00+09:00,881.8418257600877,881.8418257600877,853.5499999200413,878.4851684570312,35800,0.0,0.0
2019-08-01 00:00:00+09:00,866.0175538576085,878.005615234375,858.345194576478,878.005615234375,22200,0.0,0.0
2019-08-02 00:00:00+09:00,858.82475192986,860.2633193535281,815.1882067452608,825.2581787109375,59600,0.0,0.0
2019-08-05 00:00:00+09:00,813.7496388664489,824.2991333007812,779.703543192013,824.2991333007812,52600,0.0,0.0
2019-08-06 00:00:00+09:00,784.978284153411,811.3520200290601,784.978284153411,810.8724975585938,18200,0.0,0.0
2019-08-07 00:00:00+09:00,830.0533954143241,830.0533954143241,805.5977494489107,808.9544067382812,11600,0.0,0.0
2019-08-08 00:00:00+09:00,807.5158091179003,809.4338989257812,799.8434498863762,809.4338989257812,4800,0.0,0.0
2019-08-09 00:00:00+09:00,802.241090284919,819.5038991613428,802.241090284919,805.1182250976562,5600,0.0,0.0
2019-08-13 00:00:00+09:00,801.7615257085756,819.5038561219831,779.7034933027177,783.5396728515625,16800,0.0,0.0
2019-08-14 00:00:00+09:00,784.0192419154043,792.6506464135556,745.6574441458433,753.809326171875,57200,0.0,0.0
2019-08-15 00:00:00+09:00,739.9031239207447,739.9031239207447,705.8570307267247,715.927001953125,65400,0.0,0.0
2019-08-16 00:00:00+09:00,715.9270174034469,722.1608092495587,679.9628336758793,687.6351928710938,81800,0.0,0.0
2019-08-19 00:00:00+09:00,689.5532921500827,721.2017742654551,679.9628430242124,705.8570556640625,60800,0.0,0.0
2019-08-20 00:00:00+09:00,720.2427102216546,730.7922039798946,710.1727389069711,727.435546875,18400,0.0,0.0
2019-08-21 00:00:00+09:00,746.6165007827585,752.8502930179388,706.3366124939006,714.0089721679688,38000,0.0,0.0
2019-08-22 00:00:00+09:00,714.4884298033634,728.8741028866526,693.3894426145392,707.2955932617188,26200,0.0,0.0
2019-08-23 00:00:00+09:00,695.7871379878749,697.7052279616527,680.9219406910975,691.471435546875,33200,0.0,0.0
2019-08-26 00:00:00+09:00,678.0447557012855,682.8399802819168,651.6710205078125,651.6710205078125,47800,0.0,0.0
2019-08-27 00:00:00+09:00,658.8638598579313,662.2205170770037,648.3143657408465,656.4662475585938,50400,0.0,0.0
2019-08-28 00:00:00+09:00,652.1505010254647,652.1505010254647,617.6248862652931,632.0105590820312,67600,0.0,0.0
2019-08-29 00:00:00+09:00,632.0106286693111,660.3024549906232,629.1334937891777,650.2324829101562,39600,0.0,0.0
2019-08-30 00:00:00+09:00,679.0038061894687,679.0038061894687,650.7119809315742,662.2205200195312,30200,0.0,0.0
2019-09-02 00:00:00+09:00,667.0157795497349,678.0447967529296,656.4662848336357,671.3314819335938,17400,0.0,0.0
2019-09-03 00:00:00+09:00,671.3314320572194,693.3894648248139,671.3314320572194,692.430419921875,20400,0.0,0.0
2019-09-04 00:00:00+09:00,690.9919047994151,690.9919047994151,669.4133928521746,673.2495727539062,14400,0.0,0.0
2019-09-05 00:00:00+09:00,680.9218919914721,698.6642229799822,649.752932146792,654.5481567382812,85600,0.0,0.0
2019-09-06 00:00:00+09:00,655.0277126184915,665.577207258028,633.9287233394185,660.781982421875,72600,0.0,0.0
2019-09-09 00:00:00+09:00,670.3724067246889,675.1676313793719,653.5891204332983,671.8109741210938,14000,0.0,0.0
2019-09-10 00:00:00+09:00,671.8109500237634,683.7990112304688,663.6590684032038,683.7990112304688,27800,0.0,0.0
2019-09-11 00:00:00+09:00,683.7990488904587,700.5823355041797,676.1266892956149,698.6642456054688,28400,0.0,0.0
2019-09-12 00:00:00+09:00,704.418502149395,733.6693725585938,696.2666202320772,733.6693725585938,40600,0.0,0.0
2019-09-13 00:00:00+09:00,740.8622071115594,749.0140890021073,720.2427411531147,728.8741455078125,26200,0.0,0.0
2019-09-17 00:00:00+09:00,719.2836894426525,719.2836894426525,696.746133840116,715.447509765625,21800,0.0,0.0
2019-09-18 00:00:00+09:00,729.8332139957344,729.8332139957344,704.4185225753836,714.0089721679688,16400,0.0,0.0
2019-09-19 00:00:00+09:00,721.2017160161507,728.8740746971736,704.4184314014132,712.5703125,18600,0.0,0.0
2019-09-20 00:00:00+09:00,714.0089995799589,718.8042245603482,706.816162109375,706.816162109375,17200,0.0,0.0
2019-09-24 00:00:00+09:00,708.7341904018236,713.5294149647588,693.8689942567245,705.8570556640625,28200,0.0,0.0
2019-09-25 00:00:00+09:00,704.4185077011376,704.4185077011376,677.0857269394188,683.3195190429688,50800,0.0,0.0
2019-09-26 00:00:00+09:00,690.5123943172089,704.4185467027638,683.3195568764047,700.1028442382812,22800,0.0,0.0
2019-09-27 00:00:00+09:00,700.1027468959021,704.8979711897097,685.7170740144794,690.0327758789062,26800,0.0,0.0
2019-09-30 00:00:00+09:00,690.5123527197023,696.2666223256998,667.4952742957123,676.606201171875,51000,0.0,0.0
2019-10-01 00:00:00+09:00,679.4833650942202,685.7171574345341,673.2495727539062,673.2495727539062,23600,0.0,0.0
2019-10-02 00:00:00+09:00,670.8519594464983,679.0038417271205,662.7000771658761,671.3314819335938,19600,0.0,0.0
2019-10-03 00:00:00+09:00,668.933864643335,668.933864643335,648.3143978478774,660.781982421875,42200,0.0,0.0
2019-10-04 00:00:00+09:00,662.2204821993716,671.3314084570023,647.8348091610073,649.2733764648438,36600,0.0,0.0
2019-10-07 00:00:00+09:00,656.9457781595243,678.0447666551586,649.7529411723762,672.77001953125,20000,0.0,0.0
2019-10-08 00:00:00+09:00,676.1267194356004,700.1028442382812,675.1676744434932,700.1028442382812,30600,0.0,0.0
2019-10-09 00:00:00+09:00,700.1027645478613,734.1488578923121,698.1846747819767,721.6812744140625,35200,0.0,0.0
2019-10-10 00:00:00+09:00,726.4765150375788,726.4765150375788,690.0328086726573,694.3485107421875,28000,0.0,0.0
2019-10-11 00:00:00+09:00,701.0618611847276,718.8041928289375,694.8280689854106,705.3775634765625,22200,0.0,0.0
2019-10-15 00:00:00+09:00,794.0891715706168,849.2342529296875,779.2239757259978,849.2342529296875,289200,0.0,0.0
2019-10-16 00:00:00+09:00,875.1285027838372,923.0807495117188,849.71381201806,923.0807495117188,263800,0.0,0.0
2019-10-17 00:00:00+09:00,915.4083973277699,915.4083973277699,867.4561502178815,875.6080322265625,85800,0.0,0.0
2019-10-18 00:00:00+09:00,887.1165643025082,890.9527440400326,859.3042612054566,861.2223510742188,28400,0.0,0.0
2019-10-21 00:00:00+09:00,868.415194695456,879.9237339956718,865.0585373995597,874.6489868164062,25800,0.0,0.0
2019-10-23 00:00:00+09:00,873.6899404662146,875.1285078764224,861.2223562444135,871.7718505859375,18000,0.0,0.0
2019-10-24 00:00:00+09:00,882.3213009717988,904.3793334960938,876.5670316176348,904.3793334960938,39800,0.0,0.0
2019-10-25 00:00:00+09:00,913.4902850902023,920.2035995213114,881.3622803127516,893.350341796875,26800,0.0,0.0
2019-10-28 00:00:00+09:00,893.3503665031624,893.8298889757889,868.4151979265846,881.3623046875,13000,0.0,0.0
2019-10-29 00:00:00+09:00,881.3623060776716,894.7889353323914,876.5670813438431,884.2394409179688,13400,0.0,0.0
2019-10-30 00:00:00+09:00,880.8828059134723,880.8828059134723,863.1404739489658,866.4971313476562,19600,0.0,0.0
2019-10-31 00:00:00+09:00,880.8827697822254,880.8827697822254,843.000494979397,856.4271240234375,17400,0.0,0.0
2019-11-01 00:00:00+09:00,855.9476054116026,925.9578857421875,855.4680829435849,925.9578857421875,32400,0.0,0.0
2019-11-05 00:00:00+09:00,920.6831323818898,920.6831323818898,893.8298743540846,913.4902954101562,27600,0.0,0.0
2019-11-06 00:00:00+09:00,904.8589110343687,910.6131807388798,891.9118041992188,891.9118041992188,19000,0.0,0.0
2019-11-07 00:00:00+09:00,891.9117753979478,907.2564941144717,877.5261016012067,895.2684326171875,14200,0.0,0.0
2019-11-08 00:00:00+09:00,895.2684516193319,901.9817662003016,870.812805645799,871.7718505859375,12600,0.0,0.0
2019-11-11 00:00:00+09:00,871.7718543132753,879.4442138671875,871.7718543132753,879.4442138671875,2200,0.0,0.0
2019-11-12 00:00:00+09:00,879.4441627437233,897.666015625,874.6489383012821,897.666015625,8000,0.0,0.0
2019-11-13 00:00:00+09:00,897.6660775711287,913.0107968458489,894.3094202297837,899.5841674804688,12600,0.0,0.0
2019-11-14 00:00:00+09:00,899.5841548178513,899.5841548178513,871.7718515239092,873.68994140625,8400,0.0,0.0
2019-11-15 00:00:00+09:00,874.1694065335009,889.0346021465226,872.7308392161118,880.4031982421875,5800,0.0,0.0
2019-11-18 00:00:00+09:00,888.5550559411313,901.0226390250327,887.1164886622196,892.3912353515625,9600,0.0,0.0
2019-11-19 00:00:00+09:00,888.0755932735511,890.4732055664062,875.6080093507043,890.4732055664062,5600,0.0,0.0
2019-11-20 00:00:00+09:00,885.1984505431293,887.1165403601242,875.1284790039062,875.1284790039062,12000,0.0,0.0
2019-11-21 00:00:00+09:00,876.5670849871892,898.1455963791058,875.1285175610615,891.9118041992188,22200,0.0,0.0
2019-11-22 00:00:00+09:00,891.9117559462942,918.7650131145697,891.9117559462942,915.8878784179688,33400,0.0,0.0
2019-11-25 00:00:00+09:00,918.7650894935686,949.4545288085938,918.7650894935686,949.4545288085938,43600,0.0,0.0
2019-11-26 00:00:00+09:00,956.1678186735311,974.8691952674467,939.8640544634508,961.4425659179688,43000,0.0,0.0
2019-11-27 00:00:00+09:00,971.0329501249274,971.0329501249274,944.1796932325838,954.7291870117188,29000,0.0,0.0
2019-11-28 00:00:00+09:00,954.7292128247615,955.6882577397035,929.7940450362695,945.6182861328125,26600,0.0,0.0
2019-11-29 00:00:00+09:00,964.7992033870046,992.1319839998571,949.4544844464558,983.0210571289062,49000,0.0,0.0
2019-12-02 00:00:00+09:00,983.5005523341406,999.3247933029493,972.4715359013345,989.2548217773438,33800,0.0,0.0
2019-12-03 00:00:00+09:00,972.4715329174411,989.7343411940822,961.442516518476,983.5005493164062,19800,0.0,0.0
2019-12-04 00:00:00+09:00,982.061979421852,982.061979421852,963.3606038371586,978.705322265625,19200,0.0,0.0
2019-12-05 00:00:00+09:00,979.1848769187927,997.4067306518555,968.6353826522827,982.06201171875,26200,0.0,0.0
2019-12-06 00:00:00+09:00,996.4477182652828,1054.9494611085765,993.5705833713504,1051.11328125,72800,0.0,0.0
2019-12-09 00:00:00+09:00,1051.592739136751,1053.510828948218,1028.5756613991477,1044.39990234375,43800,0.0,0.0
2019-12-10 00:00:00+09:00,1032.8913896199676,1052.0722882201526,1020.9033279948519,1036.248046875,32600,0.0,0.0
2019-12-11 00:00:00+09:00,1036.2480176254653,1049.1951238151403,1016.5875971152182,1038.6456298828125,35600,0.0,0.0
2019-12-12 00:00:00+09:00,1035.7685653023098,1087.077471083489,1029.5347730111384,1058.78564453125,72200,0.0,0.0
2019-12-13 00:00:00+09:00,1119.6849359710832,1119.6849359710832,1054.4698818845447,1059.74462890625,59600,0.0,0.0
2019-12-16 00:00:00+09:00,1043.9202839379172,1087.5568231378945,1022.8212979511151,1086.5977783203125,57200,0.0,0.0
2019-12-17 00:00:00+09:00,1096.1883712652075,1133.5911240905295,1067.4170229380368,1130.7139892578125,50800,0.0,0.0
2019-12-18 00:00:00+09:00,1130.7139659446493,1130.7139659446493,1073.1712704767283,1084.6798095703125,45400,0.0,0.0
2019-12-19 00:00:00+09:00,1086.1184288231102,1086.1184288231102,1062.1423045665294,1064.5399169921875,18000,0.0,0.0
2019-12-20 00:00:00+09:00,1069.3350147725016,1069.3350147725016,1039.125101799108,1056.867431640625,20800,0.0,0.0
2019-12-23 00:00:00+09:00,1056.867551037865,1061.6627758610857,1022.3419323106751,1051.11328125,24600,0.0,0.0
2019-12-24 00:00:00+09:00,1061.1832773420545,1109.615049150255,1052.072349972195,1104.81982421875,35200,0.0,0.0
2019-12-25 00:00:00+09:00,1102.901494317722,1127.836658537079,1092.8315241522123,1110.5738525390625,20000,0.0,0.0
2019-12-26 00:00:00+09:00,1106.2583154791964,1135.0296630859375,1102.90165825841,1135.0296630859375,17600,0.0,0.0
2019-12-27 00:00:00+09:00,1128.79584407005,1143.6610399775145,1118.2463502002363,1141.263427734375,33600,0.0,0.0
2019-12-30 00:00:00+09:00,1145.0996895052294,1189.2157579451293,1132.1525824630849,1186.338623046875,56200,0.0,0.0
2020-01-06 00:00:00+09:00,1156.1286140947213,1204.5603810061966,1155.1695692053852,1180.104736328125,45400,0.0,0.0
2020-01-07 00:00:00+09:00,1196.4085118767748,1213.1917976145253,1172.9119118439244,1203.121826171875,53200,0.0,0.0
2020-01-08 00:00:00+09:00,1203.1219044961736,1203.1219044961736,1151.8129990433674,1174.830078125,34600,0.0,0.0
2020-01-09 00:00:00+09:00,1184.4203833135634,1210.314594122848,1156.6080828147026,1190.6541748046875,38600,0.0,0.0
2020-01-10 00:00:00+09:00,1190.654252531501,1190.654252531501,1160.9238604022407,1164.280517578125,26000,0.0,0.0
2020-01-14 00:00:00+09:00,1165.2396176200823,1196.8881010616153,1151.81298828125,1151.81298828125,88800,0.0,0.0
2020-01-15 00:00:00+09:00,1295.6697240049966,1391.57421875,1285.5997520567712,1391.57421875,217800,0.0,0.0
2020-01-16 00:00:00+09:00,1438.0878515698205,1632.7739695215869,1420.3455206234773,1599.2073974609375,948600,0.0,0.0
2020-01-17 00:00:00+09:00,1582.4241492203234,1582.4241492203234,1428.4974365234375,1428.4974365234375,292000,0.0,0.0
2020-01-20 00:00:00+09:00,1438.0879043923285,1467.3387754053101,1384.8609095982142,1403.082763671875,107800,0.0,0.0
2020-01-21 00:00:00+09:00,1414.591262759244,1415.0707852211963,1369.0366288737769,1384.38134765625,55400,0.0,0.0
2020-01-22 00:00:00+09:00,1390.1356680687782,1390.1356680687782,1357.048616983319,1362.3233642578125,40200,0.0,0.0
2020-01-23 00:00:00+09:00,1348.417232835412,1366.639087333188,1331.633945797987,1340.744873046875,58000,0.0,0.0
2020-01-24 00:00:00+09:00,1333.072403520072,1349.376166728591,1300.9443995503436,1305.7396240234375,53800,0.0,0.0
2020-01-27 00:00:00+09:00,1283.2020808151533,1301.9034564324145,1270.7344970703125,1270.7344970703125,35000,0.0,0.0
2020-01-28 00:00:00+09:00,1252.0331365137924,1371.4342284295085,1252.0331365137924,1359.4461669921875,62400,0.0,0.0
2020-01-29 00:00:00+09:00,1335.4700965252237,1353.6919506250292,1279.365966796875,1279.365966796875,60400,0.0,0.0
2020-01-30 00:00:00+09:00,1276.968306466897,1283.6816208831706,1201.6832805129718,1245.31982421875,51600,0.0,0.0
2020-01-31 00:00:00+09:00,1247.7174584788431,1327.318187959046,1247.7174584788431,1289.4359130859375,38200,0.0,0.0
2020-02-03 00:00:00+09:00,1223.741380935837,1278.406944190808,1218.94615608891,1261.6236572265625,34200,0.0,0.0
2020-02-04 00:00:00+09:00,1309.5758906442766,1360.4052734375,1299.505918581468,1360.4052734375,35000,0.0,0.0
2020-02-05 00:00:00+09:00,1407.8779685163397,1424.181732456924,1362.8028564453125,1362.8028564453125,90200,0.0,0.0
2020-02-06 00:00:00+09:00,1366.6389115359805,1385.8198085399943,1343.1423127060636,1358.966552734375,38200,0.0,0.0
2020-02-07 00:00:00+09:00,1365.2005141472316,1394.930908203125,1349.8557946345124,1394.930908203125,33800,0.0,0.0
2020-02-10 00:00:00+09:00,1411.2346210434491,1464.9411373726596,1393.4922897561207,1415.07080078125,71000,0.0,0.0
2020-02-12 00:00:00+09:00,1415.070756353726,1428.9769074666565,1376.7089601801244,1388.697021484375,34400,0.0,0.0
2020-02-13 00:00:00+09:00,1412.673096778999,1460.1458179538533,1395.410289079052,1414.5911865234375,46200,0.0,0.0
2020-02-14 00:00:00+09:00,1390.615196932729,1398.2875566399441,1358.966713140467,1375.75,35000,0.0,0.0
2020-02-17 00:00:00+09:00,1334.0315083148696,1362.8028564453125,1305.2601601844267,1362.8028564453125,40600,0.0,0.0
2020-02-18 00:00:00+09:00,1343.1423894166048,1346.019524131528,1268.336886828604,1274.5706787109375,61200,0.0,0.0
2020-02-19 00:00:00+09:00,1278.886373971255,1353.6918761607994,1278.886373971255,1319.166259765625,27200,0.0,0.0
2020-02-20 00:00:00+09:00,1343.1423503759127,1357.5280235323844,1311.4938694316747,1317.7276611328125,14800,0.0,0.0
2020-02-21 00:00:00+09:00,1278.8863659627561,1322.0433861864713,1278.8863659627561,1303.821533203125,19800,0.0,0.0
2020-02-25 00:00:00+09:00,1183.9410176319022,1268.3369751463674,1168.5962980838176,1201.683349609375,78600,0.0,0.0
2020-02-26 00:00:00+09:00,1183.461437425477,1248.6764923241255,1171.4733758632253,1206.478515625,136000,0.0,0.0
2020-02-27 00:00:00+09:00,1167.9942801941656,1197.8195048119737,1039.0723415236398,1114.116455078125,90300,4.0,2.0
2020-02-28 00:00:00+09:00,977.4977707885627,1075.6323895094615,942.8620230047159,1007.322998046875,125900,0.0,0.0
2020-03-02 00:00:00+09:00,978.4599248688096,1106.4197773836097,978.4599248688096,1084.2913818359375,45700,0.0,0.0
2020-03-03 00:00:00+09:00,1142.0175695764915,1142.0175695764915,982.3082885742188,982.3082885742188,41700,0.0,0.0
2020-03-04 00:00:00+09:00,983.2703425624402,1006.36083984375,950.5588047472514,1006.36083984375,73100,0.0,0.0
2020-03-05 00:00:00+09:00,1006.3609321679095,1022.7167025759921,938.0515381106231,951.52099609375,90600,0.0,0.0
2020-03-06 00:00:00+09:00,924.5820509558251,938.0515085139745,879.363157724895,888.0220947265625,44200,0.0,0.0
2020-03-09 00:00:00+09:00,844.727422740232,844.727422740232,756.2138431364718,776.4180297851562,64800,0.0,0.0
2020-03-10 00:00:00+09:00,763.9106737713481,868.7800231933593,736.9717583234919,827.4095458984375,72800,0.0,0.0
2020-03-11 00:00:00+09:00,812.9779766892533,863.0073906393612,742.7443763362172,752.3654174804688,111500,0.0,0.0
2020-03-12 00:00:00+09:00,736.9717448540271,780.2664296039372,719.6538709540629,753.3275146484375,124700,0.0,0.0
2020-03-13 00:00:00+09:00,681.1696880595583,767.7590551857734,625.3676514671087,705.2222900390625,124600,0.0,0.0
2020-03-16 00:00:00+09:00,745.6307200381631,777.3801571494655,702.3360330682052,731.1991577148438,64400,0.0,0.0
2020-03-17 00:00:00+09:00,682.1318045635613,777.3801101373167,682.1318045635613,754.2896118164062,46400,0.0,0.0
2020-03-18 00:00:00+09:00,769.6832876430304,797.5843068200903,678.2833972354206,693.6770629882812,44000,0.0,0.0
2020-03-19 00:00:00+09:00,693.6770652379745,704.2602104773888,558.9824894636105,600.3529663085938,108500,0.0,0.0
2020-03-23 00:00:00+09:00,629.2161008834839,634.9887256622314,590.7319356918335,615.7466430664062,39100,0.0,0.0
2020-03-24 00:00:00+09:00,625.3676392431972,707.146484375,625.3676392431972,707.146484375,44500,0.0,0.0
2020-03-25 00:00:00+09:00,779.3043390447443,846.6516276041666,740.8201741536458,793.7359008789062,73400,0.0,0.0
2020-03-26 00:00:00+09:00,779.3043458808974,858.1968845997042,774.4938252273115,792.7738037109375,73200,0.0,0.0
2020-03-27 00:00:00+09:00,827.4095484699311,827.4095484699311,758.1380513887275,776.4180297851562,29700,0.0,0.0
2020-03-30 00:00:00+09:00,733.1233461934436,736.9717627088947,670.5865778173625,691.7528686523438,80900,0.0,0.0
2020-03-31 00:00:00+09:00,692.7149814880113,710.0328560252116,675.397106950811,682.1318359375,31000,0.0,0.0
2020-04-01 00:00:00+09:00,671.5486814264666,680.2076185795299,626.3297874049136,658.0792236328125,40400,0.0,0.0
2020-04-02 00:00:00+09:00,638.837158203125,649.420303896249,617.6708668168769,638.837158203125,29900,0.0,0.0
2020-04-03 00:00:00+09:00,658.0791763797884,658.0791763797884,596.5045166015625,596.5045166015625,26400,0.0,0.0
2020-04-06 00:00:00+09:00,588.8077165980538,672.5107743497381,579.1866754771706,642.685546875,45800,0.0,0.0
2020-04-07 00:00:00+09:00,671.5486406955147,712.9191156953816,643.6476226723486,706.1843872070312,47000,0.0,0.0
2020-04-08 00:00:00+09:00,710.9948996267011,725.4264605122228,660.0033844978578,715.805419921875,34500,0.0,0.0
2020-04-09 00:00:00+09:00,714.8433148914758,739.8580203923888,688.8665053328353,724.46435546875,21200,0.0,0.0
2020-04-10 00:00:00+09:00,710.0328399658204,720.615985276964,673.4728834364149,692.7149658203125,32900,0.0,0.0
2020-04-13 00:00:00+09:00,691.7528827924533,691.7528827924533,649.420300257171,656.155029296875,67900,0.0,0.0
2020-04-14 00:00:00+09:00,657.1170931157377,681.1696953527706,652.3065726683312,653.2686767578125,59400,0.0,0.0
2020-04-15 00:00:00+09:00,749.4791259765625,749.4791259765625,749.4791259765625,749.4791259765625,6000,0.0,0.0
2020-04-16 00:00:00+09:00,778.3422310706412,815.8642916537748,740.8201704875078,777.380126953125,179400,0.0,0.0
2020-04-17 00:00:00+09:00,793.7358954253366,841.8411012086904,775.4559172276622,786.0390625,79000,0.0,0.0
2020-04-20 00:00:00+09:00,771.6075067564498,882.2494809172874,760.0622572787972,827.4095458984375,100700,0.0,0.0
2020-04-21 00:00:00+09:00,828.3716169953495,859.158947708301,754.2896024673101,772.569580078125,83200,0.0,0.0
2020-04-22 00:00:00+09:00,758.1380310812115,815.8642771026235,736.0096367730035,779.3043212890625,65000,0.0,0.0
2020-04-23 00:00:00+09:00,781.2285238441981,812.9779589265362,765.8348583497312,771.6074829101562,43600,0.0,0.0
2020-04-24 00:00:00+09:00,810.0916264941751,913.0367619275204,800.47058579947,816.8263549804688,185300,0.0,0.0
2020-04-27 00:00:00+09:00,860.1210948497326,961.1420288085938,858.1968865838495,961.1420288085938,335900,0.0,0.0
2020-04-28 00:00:00+09:00,932.2788765647194,975.5735612349076,913.9988985928622,931.3167724609375,169400,0.0,0.0
2020-04-30 00:00:00+09:00,972.6872363645639,1005.3987754707905,948.6346340805736,966.9146118164062,127400,0.0,0.0
2020-05-01 00:00:00+09:00,952.4830448376379,1001.5503532080617,938.0514835522191,959.2177734375,68200,0.0,0.0
2020-05-07 00:00:00+09:00,962.1041313050284,990.9672552441793,953.4451941232833,969.8009643554688,64500,0.0,0.0
2020-05-08 00:00:00+09:00,998.6640437679827,1168.9564674162802,990.967211060715,1128.548095703125,239200,0.0,0.0
2020-05-11 00:00:00+09:00,1205.516396696671,1229.5689983865489,1081.404971976902,1106.419677734375,272400,0.0,0.0
2020-05-12 00:00:00+09:00,1106.4197896859844,1142.0176437889247,1084.2913938922648,1091.026123046875,122300,0.0,0.0
2020-05-13 00:00:00+09:00,1064.0872349395609,1076.594589418959,1005.3988793054622,1028.4893798828125,183100,0.0,0.0
2020-05-14 00:00:00+09:00,1015.0197739896184,1015.0197739896184,953.4451147144188,964.0282592773438,135400,0.0,0.0
2020-05-15 00:00:00+09:00,964.9904405025014,989.043043705455,928.4304836340118,987.1188354492188,82400,0.0,0.0
2020-05-18 00:00:00+09:00,968.8388602241637,985.1946304563492,939.9757362850128,969.8009643554688,79300,0.0,0.0
2020-05-19 00:00:00+09:00,990.9672090528563,1021.7545398195471,976.5356477559701,1001.5503540039062,69500,0.0,0.0
2020-05-20 00:00:00+09:00,1030.413423883079,1058.314440963013,1005.3987189148625,1042.9207763671875,121500,0.0,0.0
2020-05-21 00:00:00+09:00,1044.8450451190656,1062.162918795072,976.5356545081505,1000.5882568359375,128500,0.0,0.0
2020-05-22 00:00:00+09:00,995.777731402656,1058.3144971429194,995.777731402656,1035.2239990234375,73600,0.0,0.0
2020-05-25 00:00:00+09:00,1057.352463735661,1095.8366298406897,1040.0345889883981,1092.9503173828125,100200,0.0,0.0
2020-05-26 00:00:00+09:00,1092.950236794801,1119.8891510819967,1063.1250102625484,1087.1776123046875,77400,0.0,0.0
2020-05-27 00:00:00+09:00,1075.6323152867758,1079.480731441648,1001.5503043054863,1025.6029052734375,125100,0.0,0.0
2020-05-28 00:00:00+09:00,1029.4513654068198,1039.0724062050144,977.4977450965691,1002.512451171875,88900,0.0,0.0
2020-05-29 00:00:00+09:00,995.7777815654548,1028.4893222159142,982.3083236505597,1011.1714477539062,50600,0.0,0.0
2020-06-01 00:00:00+09:00,1011.1714370211541,1011.1714370211541,967.8767513256719,995.7777709960938,114500,0.0,0.0
2020-06-02 00:00:00+09:00,1000.5882637677455,1036.1861154594826,984.232494071542,999.6261596679688,130000,0.0,0.0
2020-06-03 00:00:00+09:00,993.8534909692141,997.7019071975557,957.293536799969,971.72509765625,156700,0.0,0.0
2020-06-04 00:00:00+09:00,980.3841043701171,1001.5503951416015,953.4451888427734,962.1041259765625,70400,0.0,0.0
2020-06-05 00:00:00+09:00,951.5209586403587,952.4830627441406,914.9610026966442,931.3167724609375,103700,0.0,0.0
2020-06-08 00:00:00+09:00,952.4830436327348,975.5735416601951,936.1272741966171,967.876708984375,74400,0.0,0.0
2020-06-09 00:00:00+09:00,967.8767397500635,968.8388438651232,925.5441586874365,946.71044921875,55800,0.0,0.0
2020-06-10 00:00:00+09:00,933.2409382351539,954.4072275559511,932.2788341751176,945.748291015625,48300,0.0,0.0
2020-06-11 00:00:00+09:00,938.051486581757,938.051486581757,878.4010330760453,890.9083862304688,87400,0.0,0.0
2020-06-12 00:00:00+09:00,833.1821848152732,870.7042462561459,815.8643103041013,859.1589965820312,95900,0.0,0.0
2020-06-15 00:00:00+09:00,858.1968754098284,866.8558124935598,794.6980034624644,802.3948364257812,65900,0.0,0.0
2020-06-16 00:00:00+09:00,820.6747941300675,898.6052259290541,820.6747941300675,889.9462890625,75700,0.0,0.0
2020-06-17 00:00:00+09:00,877.4389277657085,902.4536340397309,857.2347419289981,899.5673217773438,50200,0.0,0.0
2020-06-18 00:00:00+09:00,894.7567956424455,894.7567956424455,874.5526099343901,891.8704833984375,31300,0.0,0.0
2020-06-19 00:00:00+09:00,891.8704999526254,894.7568122502067,859.1589605800373,872.62841796875,41100,0.0,0.0
2020-06-22 00:00:00+09:00,863.9694754968629,888.0220778213857,837.0305608933971,864.9315795898438,97800,0.0,0.0
2020-06-23 00:00:00+09:00,864.9315461057524,870.7041704401623,837.0305284894379,861.0831298828125,56600,0.0,0.0
2020-06-24 00:00:00+09:00,863.969461692954,901.4915207197082,863.969461692954,866.8557739257812,66200,0.0,0.0
2020-06-25 00:00:00+09:00,852.4242799968389,863.9695298387825,810.0916972430455,832.2200927734375,113300,0.0,0.0
2020-06-26 00:00:00+09:00,827.4095474763146,837.0305887260392,787.0011742274713,818.7506103515625,125600,0.0,0.0
2020-06-29 00:00:00+09:00,810.0916511060555,827.4095248826694,780.2664240463313,787.9632568359375,49800,0.0,0.0
2020-06-30 00:00:00+09:00,791.8116455078125,806.243206483046,775.4558764025478,791.8116455078125,54800,0.0,0.0
2020-07-01 00:00:00+09:00,787.0011413498211,801.432702621517,771.6074759933454,772.569580078125,35600,0.0,0.0
2020-07-02 00:00:00+09:00,772.5695482710718,781.2284846775968,736.0095945546325,751.4032592773438,62800,0.0,0.0
2020-07-03 00:00:00+09:00,755.2516746038123,771.6074433531942,740.820113942593,760.0621948242188,24100,0.0,0.0
2020-07-06 00:00:00+09:00,780.2664408391348,786.0390655555773,758.1380460927721,768.72119140625,22900,0.0,0.0
2020-07-07 00:00:00+09:00,760.0622543315864,785.0769614361702,742.7443801822591,768.72119140625,57100,0.0,0.0
2020-07-08 00:00:00+09:00,761.9864261376597,797.5842768536867,761.9864261376597,790.8495483398438,37500,0.0,0.0
2020-07-09 00:00:00+09:00,788.9253520601114,805.2811215540406,755.251708984375,755.251708984375,52900,0.0,0.0
2020-07-10 00:00:00+09:00,750.4412301177391,759.1001673883284,738.89598042362,749.4791259765625,38100,0.0,0.0
2020-07-13 00:00:00+09:00,750.4412335726483,769.6833164847676,749.4791294270424,765.8348999023438,17300,0.0,0.0
2020-07-14 00:00:00+09:00,769.6832888971561,769.6832888971561,725.4264997855696,727.3507080078125,40400,0.0,0.0
2020-07-15 00:00:00+09:00,808.1674497490687,871.6663208007812,808.1674497490687,871.6663208007812,162900,0.0,0.0
2020-07-16 00:00:00+09:00,857.2347155998343,893.7946698005006,843.7652587890625,843.7652587890625,163800,0.0,0.0
2020-07-17 00:00:00+09:00,858.1968591816648,863.0073796927727,841.8410894438975,855.310546875,51600,0.0,0.0
2020-07-20 00:00:00+09:00,869.7421528621996,888.0221317387281,833.1821951091425,840.8790283203125,41500,0.0,0.0
2020-07-21 00:00:00+09:00,855.3105227664454,884.1736450195312,848.5757942407254,884.1736450195312,31400,0.0,0.0
2020-07-22 00:00:00+09:00,876.4767896091748,879.3631017593697,843.7652519069663,844.7273559570312,45700,0.0,0.0
2020-07-27 00:00:00+09:00,844.727404518872,854.3484455726177,835.1063634651263,837.99267578125,20200,0.0,0.0
2020-07-28 00:00:00+09:00,835.1063369056542,839.9168572795346,780.2664046434165,782.1906127929688,70600,0.0,0.0
2020-07-29 00:00:00+09:00,780.2664035323762,797.5842768536867,772.5695709451271,790.8495483398438,27100,0.0,0.0
2020-07-30 00:00:00+09:00,789.8875053822616,790.8496095301084,738.8959855463786,757.1759643554688,55200,0.0,0.0
2020-07-31 00:00:00+09:00,744.668629130379,756.213879194416,704.26025390625,704.26025390625,43200,0.0,0.0
2020-08-03 00:00:00+09:00,707.1464765919935,728.312765687264,706.1843725422085,716.7675170898438,23500,0.0,0.0
2020-08-04 00:00:00+09:00,720.6159817044387,757.1759380525946,720.6159817044387,752.3654174804688,13500,0.0,0.0
2020-08-05 00:00:00+09:00,762.9485627391455,770.6453956545466,745.6306886794927,752.3654174804688,12400,0.0,0.0
2020-08-06 00:00:00+09:00,756.2138467436855,810.0916780638463,756.2138467436855,792.7738037109375,21000,0.0,0.0
2020-08-07 00:00:00+09:00,807.2053279583964,820.6747851591324,792.7737666718934,814.9021606445312,32300,0.0,0.0
2020-08-11 00:00:00+09:00,826.4474305161485,861.0831784772444,809.1295565356005,854.3484497070312,60500,0.0,0.0
2020-08-12 00:00:00+09:00,862.0452368951613,870.7041734264743,820.6747623566658,835.1063232421875,39900,0.0,0.0
2020-08-13 00:00:00+09:00,850.5000248714688,851.4621289720021,813.940069051202,821.6369018554688,22400,0.0,0.0
2020-08-14 00:00:00+09:00,827.4095318859513,892.8326111513521,823.5611154585747,871.6663208007812,41700,0.0,0.0
2020-08-17 00:00:00+09:00,857.2347900252537,868.7800397225635,841.8411237621739,850.5000610351562,21600,0.0,0.0
2020-08-18 00:00:00+09:00,851.4621275794603,851.4621275794603,812.9779636210666,830.2958374023438,34000,0.0,0.0
2020-08-19 00:00:00+09:00,825.485300969503,825.485300969503,790.8495540756777,798.54638671875,45100,0.0,0.0
2020-08-20 00:00:00+09:00,794.6980057117551,842.8032118686409,787.0011727266533,827.4095458984375,46200,0.0,0.0
2020-08-21 00:00:00+09:00,823.5611128373579,850.5000277432529,807.2053430730646,846.651611328125,40600,0.0,0.0
2020-08-24 00:00:00+09:00,846.6516098835059,846.6516098835059,806.2432375936113,812.9779663085938,21300,0.0,0.0
2020-08-25 00:00:00+09:00,823.5611367449665,872.6284474622483,823.5611367449665,860.12109375,43200,0.0,0.0
2020-08-26 00:00:00+09:00,872.6284380562697,912.07470703125,861.083188600178,912.07470703125,50200,0.0,0.0
2020-08-27 00:00:00+09:00,938.0514367834314,938.0514367834314,877.4388824066559,888.984130859375,65300,0.0,0.0
2020-08-28 00:00:00+09:00,893.7947213008486,902.4536583209859,785.0769564924569,837.0305786132812,83600,0.0,0.0
2020-08-31 00:00:00+09:00,824.5232156039089,887.0599822483126,824.5232156039089,855.310546875,36500,0.0,0.0
2020-09-01 00:00:00+09:00,848.5758209403702,852.4242373618686,832.2200511490026,837.99267578125,21000,0.0,0.0
2020-09-02 00:00:00+09:00,837.9926874984112,918.8094334798883,824.5232298348318,887.0599975585938,124800,0.0,0.0
2020-09-03 00:00:00+09:00,889.9462814504058,909.1883632114956,841.8410770476811,848.5758056640625,69400,0.0,0.0
2020-09-04 00:00:00+09:00,819.7126867461623,839.9168726870888,818.7505826537372,822.5989990234375,38300,0.0,0.0
2020-09-07 00:00:00+09:00,820.6747793713685,820.6747793713685,788.9253447649731,807.205322265625,54700,0.0,0.0
2020-09-08 00:00:00+09:00,816.8263787085857,850.5000221182447,799.5085049550468,838.9547729492188,29900,0.0,0.0
2020-09-09 00:00:00+09:00,845.6895016311505,845.6895016311505,820.674795098261,838.9547729492188,19700,0.0,0.0
2020-09-10 00:00:00+09:00,849.537929156879,869.7421154675183,846.6516168267877,854.3484497070312,30800,0.0,0.0
2020-09-11 00:00:00+09:00,868.7799713970863,868.7799713970863,823.5610803055437,842.8031616210938,30200,0.0,0.0
2020-09-14 00:00:00+09:00,842.8032118686409,842.8032118686409,822.5990252827489,827.4095458984375,20000,0.0,0.0
2020-09-15 00:00:00+09:00,827.4095389513466,832.2200595266451,819.7127060308688,828.3716430664062,16800,0.0,0.0
2020-09-16 00:00:00+09:00,837.0306013733115,859.1589965820312,823.5611434201777,859.1589965820312,14200,0.0,0.0
2020-09-17 00:00:00+09:00,872.6284235052724,886.0978809794442,856.2726537152066,880.3252563476562,29700,0.0,0.0
2020-09-18 00:00:00+09:00,874.5526053963126,898.6052073049021,860.121044251159,875.5147094726562,35900,0.0,0.0
2020-09-23 00:00:00+09:00,863.9694879460282,874.5526331213136,853.3863427707428,871.6663208007812,32700,0.0,0.0
2020-09-24 00:00:00+09:00,857.2347866151391,875.5147652298278,846.651641101372,867.8179321289062,43400,0.0,0.0
2020-09-25 00:00:00+09:00,881.2872985575623,901.4914833498208,856.2725935766707,888.984130859375,38600,0.0,0.0
2020-09-28 00:00:00+09:00,900.5294467123792,921.6957371265592,886.0978850663475,896.6810302734375,31800,0.0,0.0
2020-09-29 00:00:00+09:00,900.5294041215681,939.0135666908659,887.0599472223139,911.112548828125,38100,0.0,0.0
2020-09-30 00:00:00+09:00,904.3778491786001,928.4304515503713,896.6810164196332,898.605224609375,25700,0.0,0.0
2020-10-02 00:00:00+09:00,927.4683761760754,927.4683761760754,871.6663369455646,894.7568359375,32500,0.0,0.0
2020-10-05 00:00:00+09:00,904.377886531329,960.1799263385811,897.6431575890743,952.4830932617188,44300,0.0,0.0
2020-10-06 00:00:00+09:00,955.3693210377412,994.8155870624616,942.8619683957567,981.3461303710938,49600,0.0,0.0
2020-10-07 00:00:00+09:00,981.3461802205242,981.3461802205242,947.6725367815847,965.9525146484375,32200,0.0,0.0
2020-10-08 00:00:00+09:00,965.952530014791,968.8388423554727,928.4304695859296,955.369384765625,25000,0.0,0.0
2020-10-09 00:00:00+09:00,954.4072709517045,954.4072709517045,922.6578355268998,931.3167724609375,19800,0.0,0.0
2020-10-12 00:00:00+09:00,938.0514745028962,938.0514745028962,910.1504562869127,926.5062255859375,20300,0.0,0.0
2020-10-13 00:00:00+09:00,933.2409518647266,949.5967211242116,929.3925355683773,943.8240966796875,29600,0.0,0.0
2020-10-14 00:00:00+09:00,939.0136162982724,970.7630520952426,926.5062628024962,946.71044921875,69100,0.0,0.0
2020-10-15 00:00:00+09:00,874.5526160415338,899.5673223309507,844.7273893118446,848.5758056640625,106900,0.0,0.0
2020-10-16 00:00:00+09:00,849.5379236394708,878.4010467529297,843.7652990167791,846.651611328125,35000,0.0,0.0
2020-10-19 00:00:00+09:00,851.4621481431269,870.7042305870393,824.5232327216494,869.7421264648438,28600,0.0,0.0
2020-10-20 00:00:00+09:00,867.8179016113281,867.8179016113281,837.0305702903054,846.651611328125,12000,0.0,0.0
2020-10-21 00:00:00+09:00,848.5758195356889,861.0831728848544,841.8410908092152,846.651611328125,19900,0.0,0.0
2020-10-22 00:00:00+09:00,846.6515778842038,846.6515778842038,814.9021437135461,842.8031616210938,20800,0.0,0.0
2020-10-23 00:00:00+09:00,834.1442708188529,834.1442708188529,796.6222101937833,811.0537719726562,22500,0.0,0.0
2020-10-26 00:00:00+09:00,812.9780011858259,812.9780011858259,768.7212105887277,774.4938354492188,43500,0.0,0.0
2020-10-27 00:00:00+09:00,760.0622337893061,772.5695870035605,735.0475273607973,771.6074829101562,31100,0.0,0.0
2020-10-28 00:00:00+09:00,761.0243253887825,768.7211580096551,747.5548683022554,764.8727416992188,28700,0.0,0.0
2020-10-29 00:00:00+09:00,759.1001392073903,802.3948239530589,750.4412022582566,795.6600952148438,33800,0.0,0.0
2020-10-30 00:00:00+09:00,790.8496058872768,799.5085431780134,765.8348981584821,774.4938354492188,33100,0.0,0.0
2020-11-02 00:00:00+09:00,765.8348114013671,777.380059814453,756.2137710571288,769.6832275390625,25900,0.0,0.0
2020-11-04 00:00:00+09:00,784.1148513519836,815.8642870508982,775.4559143431886,803.35693359375,20800,0.0,0.0
2020-11-05 00:00:00+09:00,807.2053322968659,831.2579345703125,794.6979791146737,831.2579345703125,23100,0.0,0.0
2020-11-06 00:00:00+09:00,841.8410835585145,841.8410835585145,796.6221910702285,805.2811279296875,18100,0.0,0.0
2020-11-09 00:00:00+09:00,827.4095234893946,827.4095234893946,793.7358800915705,796.6221923828125,8900,0.0,0.0
2020-11-10 00:00:00+09:00,828.3716500215752,845.6895242380541,804.3190469431322,827.4095458984375,49200,0.0,0.0
2020-11-11 00:00:00+09:00,843.7653188301608,918.8094406873473,841.8411105774125,886.097900390625,90900,0.0,0.0
2020-11-12 00:00:00+09:00,886.0979053062081,886.0979053062081,837.0305945889262,860.12109375,41200,0.0,0.0
2020-11-13 00:00:00+09:00,835.1063708289195,846.6516201952179,788.9253733637257,794.697998046875,57100,0.0,0.0
2020-11-16 00:00:00+09:00,794.6980081815849,809.1295700735024,760.0622596409831,776.4180297851562,64300,0.0,0.0
2020-11-17 00:00:00+09:00,788.9253888276456,803.3569508183953,771.6075144387462,784.1148681640625,37600,0.0,0.0
2020-11-18 00:00:00+09:00,775.4559431645588,779.3043597559462,753.3275477640814,757.1759643554688,53100,0.0,0.0
2020-11-19 00:00:00+09:00,749.4790511870049,757.1758835483605,739.8580107353104,751.4032592773438,24500,0.0,0.0
2020-11-20 00:00:00+09:00,740.8201571232968,757.1759268260189,733.1233243220158,736.9717407226562,37900,0.0,0.0
2020-11-24 00:00:00+09:00,750.4412037457607,753.3275160678597,729.2749133837008,744.6685791015625,50300,0.0,0.0
2020-11-25 00:00:00+09:00,741.7823145321989,744.6686270401062,707.1465644373102,712.919189453125,62800,0.0,0.0
2020-11-26 00:00:00+09:00,726.388635126915,739.8580932617188,719.6539060595131,739.8580932617188,17400,0.0,0.0
2020-11-27 00:00:00+09:00,725.426494251598,731.1991188742898,713.8812450062145,719.6538696289062,23800,0.0,0.0
2020-11-30 00:00:00+09:00,719.6539186382422,727.3507519926619,706.1844602680078,712.919189453125,27600,0.0,0.0
2020-12-01 00:00:00+09:00,719.6538361580141,725.4264605122228,713.8812118038055,715.805419921875,16500,0.0,0.0
2020-12-02 00:00:00+09:00,720.6159778071385,737.9338517731312,712.919144933364,736.0096435546875,22900,0.0,0.0
2020-12-03 00:00:00+09:00,737.9338112978797,745.6306437494874,731.199082902723,733.123291015625,35100,0.0,0.0
2020-12-04 00:00:00+09:00,738.8959445927904,738.8959445927904,714.8433422297438,720.615966796875,22800,0.0,0.0
2020-12-07 00:00:00+09:00,720.615985276964,721.5780893961588,684.0560287475586,692.7149658203125,42000,0.0,0.0
2020-12-08 00:00:00+09:00,688.8665206929996,705.2222900390625,679.245479901198,705.2222900390625,28200,0.0,0.0
2020-12-09 00:00:00+09:00,702.3359999742653,702.3359999742653,681.1697095640819,693.6770629882812,25300,0.0,0.0
2020-12-10 00:00:00+09:00,689.8286213099198,689.8286213099198,680.2075805664062,680.2075805664062,28700,0.0,0.0
2020-12-11 00:00:00+09:00,694.6391545143448,694.6391545143448,684.0560095009683,686.9423217773438,9100,0.0,0.0
2020-12-14 00:00:00+09:00,693.6770434399585,694.6391475223995,681.1696903682256,687.9044189453125,20500,0.0,0.0
2020-12-15 00:00:00+09:00,697.5255021927891,697.5255021927891,681.1697317965444,682.1318359375,18900,0.0,0.0
2020-12-16 00:00:00+09:00,694.639134638727,694.639134638727,675.3970533467955,681.169677734375,30900,0.0,0.0
2020-12-17 00:00:00+09:00,683.0938997349725,683.0938997349725,676.3591711460361,679.2454833984375,27600,0.0,0.0
2020-12-18 00:00:00+09:00,674.4349629777687,679.2454833984375,673.4728588936349,679.2454833984375,20000,0.0,0.0
2020-12-21 00:00:00+09:00,680.2075747161123,680.2075747161123,665.7760137249642,672.5107421875,29100,0.0,0.0
2020-12-22 00:00:00+09:00,663.8518230381296,663.8518230381296,641.7234289368587,644.6097412109375,38200,0.0,0.0
2020-12-23 00:00:00+09:00,646.5339965820312,662.8897673288982,642.6855799357097,646.5339965820312,17600,0.0,0.0
2020-12-24 00:00:00+09:00,654.2307659646739,663.851806640625,650.3823496942935,663.851806640625,20100,0.0,0.0
2020-12-25 00:00:00+09:00,664.8139289152538,678.2833862304688,663.8518248213098,678.2833862304688,23400,0.0,0.0
2020-12-28 00:00:00+09:00,680.207588710265,684.056005053746,667.7002355939518,670.5865478515625,28200,0.0,0.0
2020-12-29 00:00:00+09:00,673.472888653095,700.4118041992188,673.472888653095,700.4118041992188,23800,0.0,0.0
2020-12-30 00:00:00+09:00,700.4117972500858,701.3739013671875,681.1697149080504,701.3739013671875,23000,0.0,0.0
2021-01-04 00:00:00+09:00,713.881212797619,715.8054209183673,684.0559869260204,707.146484375,27500,0.0,0.0
2021-01-05 00:00:00+09:00,702.3359929557652,704.260201155644,694.63916015625,694.63916015625,15000,0.0,0.0
2021-01-06 00:00:00+09:00,687.9044314566742,701.3738888558258,684.0560150569165,694.63916015625,10600,0.0,0.0
2021-01-07 00:00:00+09:00,702.335966102249,716.7675270495555,689.82861328125,689.82861328125,14700,0.0,0.0
2021-01-08 00:00:00+09:00,690.7907173444038,698.4875498496339,689.82861328125,689.82861328125,7800,0.0,0.0
2021-01-12 00:00:00+09:00,693.6770629882812,694.6391670978351,684.0560218927434,693.6770629882812,17000,0.0,0.0
2021-01-13 00:00:00+09:00,689.8286190901131,703.2980760876885,689.8286190901131,697.5254516601562,16300,0.0,0.0
2021-01-14 00:00:00+09:00,697.5254879722112,700.4118003362341,684.0560302734375,684.0560302734375,22100,0.0,0.0
2021-01-15 00:00:00+09:00,673.4728684071371,673.4728684071371,654.2307864526474,660.9655151367188,54800,0.0,0.0
2021-01-18 00:00:00+09:00,663.8518606978112,670.5865897193831,661.9276524059335,664.81396484375,16400,0.0,0.0
2021-01-19 00:00:00+09:00,666.7381453040692,673.4728740445145,664.8139370925135,668.662353515625,17200,0.0,0.0
2021-01-20 00:00:00+09:00,668.6623327916536,676.3591653993274,660.0033961080208,671.5486450195312,19300,0.0,0.0
2021-01-21 00:00:00+09:00,673.4728452176024,686.9423021219544,673.4728452176024,681.169677734375,22500,0.0,0.0
2021-01-22 00:00:00+09:00,692.7149673655064,693.6770714868474,682.1318220307555,684.0560302734375,36900,0.0,0.0
2021-01-25 00:00:00+09:00,686.9423217773438,693.6770504222196,681.1696972245929,686.9423217773438,34800,0.0,0.0
2021-01-26 00:00:00+09:00,693.6770422498165,698.4875626537681,683.093897361123,696.5633544921875,27300,0.0,0.0
2021-01-27 00:00:00+09:00,699.4496736856252,699.4496736856252,688.8665286917574,695.6012573242188,17100,0.0,0.0
2021-01-28 00:00:00+09:00,690.7907231613685,707.1464923727101,687.9044109476023,697.5254516601562,29800,0.0,0.0
2021-01-29 00:00:00+09:00,696.5633838508702,710.032841549644,684.0560302734375,684.0560302734375,36100,0.0,0.0
2021-02-01 00:00:00+09:00,683.0939054088432,695.6012586064699,683.0939054088432,686.9423217773438,36600,0.0,0.0
2021-02-02 00:00:00+09:00,687.9044088412422,725.4264675053099,687.9044088412422,714.8433227539062,30400,0.0,0.0
2021-02-03 00:00:00+09:00,711.9570746170847,736.9717826441715,711.9570746170847,731.1991577148438,24500,0.0,0.0
2021-02-04 00:00:00+09:00,735.0475479227028,743.706485005562,718.6917778773023,726.3886108398438,17600,0.0,0.0
2021-02-05 00:00:00+09:00,735.0475621876982,760.0622698014157,726.3886249367961,758.1380615234375,28700,0.0,0.0
2021-02-08 00:00:00+09:00,787.0011568936435,787.0011568936435,758.1380337801846,761.9864501953125,36200,0.0,0.0
2021-02-09 00:00:00+09:00,768.7212159615249,769.6833201116644,747.5549246584542,748.5170288085938,30300,0.0,0.0
2021-02-10 00:00:00+09:00,746.5927873162952,759.100140712058,740.8201626720971,744.6685791015625,13200,0.0,0.0
2021-02-12 00:00:00+09:00,742.7443884787904,769.6833041230989,739.8580760883287,759.1001586914062,50400,0.0,0.0
2021-02-15 00:00:00+09:00,759.1001392817589,763.9106598095267,751.4033064373305,753.3275146484375,19100,0.0,0.0
2021-02-16 00:00:00+09:00,744.6685488714985,747.5548610764268,713.8812186855968,714.8433227539062,81100,0.0,0.0
2021-02-17 00:00:00+09:00,714.8433852970833,754.2896555490084,712.9191769921113,739.8580932617188,45800,0.0,0.0
2021-02-18 00:00:00+09:00,742.7443583462353,761.9864401686767,735.0475256172588,737.933837890625,38200,0.0,0.0
2021-02-19 00:00:00+09:00,737.9338462724817,784.1148431708899,737.9338462724817,770.6453857421875,32600,0.0,0.0
2021-02-22 00:00:00+09:00,771.607472467997,803.3569071206701,770.645368387613,798.54638671875,50000,0.0,0.0
2021-02-24 00:00:00+09:00,799.5085129173615,854.3484470163863,799.5085129173615,829.333740234375,143700,0.0,0.0
2021-02-25 00:00:00+09:00,822.4797186794051,841.0834266019154,798.9802981457078,812.6882934570312,78800,15.0,0.0
2021-02-26 00:00:00+09:00,798.0011801066689,850.8748779296875,797.0220375543909,850.8748779296875,60000,0.0,0.0
2021-03-01 00:00:00+09:00,850.8748540743975,851.8539965992243,808.7717255068496,834.2294311523438,46800,0.0,0.0
2021-03-02 00:00:00+09:00,842.0625964506173,842.0625964506173,786.2514708719136,793.10546875,98100,0.0,0.0
2021-03-03 00:00:00+09:00,793.1054344605864,798.0011470189851,774.5017267386714,784.2931518554688,25400,0.0,0.0
2021-03-04 00:00:00+09:00,791.1471587276216,791.1471587276216,748.0648877078006,765.689453125,49000,0.0,0.0
2021-03-05 00:00:00+09:00,764.7103200290024,764.7103200290024,747.0857543945312,747.0857543945312,34300,0.0,0.0
2021-03-08 00:00:00+09:00,760.7937327417834,801.9177182953933,760.7937327417834,795.063720703125,44400,0.0,0.0
2021-03-09 00:00:00+09:00,790.1680629943469,797.0220610624515,774.501781695822,788.2097778320312,25800,0.0,0.0
2021-03-10 00:00:00+09:00,802.896876525879,802.896876525879,753.9397499084473,783.3140258789062,40200,0.0,0.0
2021-03-11 00:00:00+09:00,783.3140258789062,793.1054512023926,765.6894602966308,783.3140258789062,27600,0.0,0.0
2021-03-12 00:00:00+09:00,798.0011607024629,811.7091561010328,791.147163003178,808.771728515625,17000,0.0,0.0
2021-03-15 00:00:00+09:00,808.7717389617397,808.7717389617397,787.2306030571898,800.9385986328125,19200,0.0,0.0
2021-03-16 00:00:00+09:00,801.9177472478693,814.6466003787879,794.0846068596118,807.7926025390625,14000,0.0,0.0
2021-03-17 00:00:00+09:00,804.8551594177028,831.2920077197441,804.8551594177028,819.5422973632812,13500,0.0,0.0
2021-03-18 00:00:00+09:00,823.4588779868205,832.2711608665844,802.8968846007049,811.7091674804688,17300,0.0,0.0
2021-03-19 00:00:00+09:00,806.813465998723,815.6257490011362,800.9386106637808,814.6466064453125,10500,0.0,0.0
2021-03-22 00:00:00+09:00,818.5631600296368,819.5423025655575,798.9803093112246,815.625732421875,11700,0.0,0.0
2021-03-23 00:00:00+09:00,816.6048854758523,818.5631705729166,794.0846068596118,807.7926025390625,9900,0.0,0.0
2021-03-24 00:00:00+09:00,793.1054384653804,794.0845809820044,767.6477330331584,769.6060180664062,39400,0.0,0.0
2021-03-25 00:00:00+09:00,784.2931632426248,795.0637310274798,773.5225954577697,787.2305908203125,27600,0.0,0.0
2021-03-26 00:00:00+09:00,797.0220502827586,800.9386205544184,781.3557691961197,796.0429077148438,10800,0.0,0.0
2021-03-29 00:00:00+09:00,806.8134305732195,867.5202663687772,804.8551455475564,842.0625610351562,124300,0.0,0.0
2021-03-30 00:00:00+09:00,842.0625764453556,898.8528432288796,842.0625764453556,888.082275390625,177400,0.0,0.0
2021-03-31 00:00:00+09:00,886.1240043509048,886.1240043509048,841.0834472236764,854.7914428710938,56800,0.0,0.0
2021-04-01 00:00:00+09:00,860.6662946622549,895.9154261842585,860.6662946622549,880.2491455078125,40400,0.0,0.0
2021-04-02 00:00:00+09:00,883.1865606792902,883.1865606792902,854.7914273536811,866.5411376953125,19500,0.0,0.0
2021-04-05 00:00:00+09:00,886.1239998619835,903.7485656050948,869.4785766601562,869.4785766601562,34900,0.0,0.0
2021-04-06 00:00:00+09:00,881.2283144948924,994.8088528075675,869.4786036349606,961.5180053710938,385200,0.0,0.0
2021-04-07 00:00:00+09:00,932.1437227933891,938.9977207551051,864.5828857421875,864.5828857421875,125800,0.0,0.0
2021-04-08 00:00:00+09:00,853.8122711891352,855.7705562147984,833.2502784196721,842.0625610351562,43700,0.0,0.0
2021-04-09 00:00:00+09:00,840.1043150797055,856.7497385719607,840.1043150797055,846.9583129882812,19700,0.0,0.0
2021-04-12 00:00:00+09:00,850.8748763443588,850.8748763443588,824.438027482106,829.333740234375,21400,0.0,0.0
2021-04-13 00:00:00+09:00,836.1877213963922,847.9374317673017,822.4797259636645,830.3128662109375,17600,0.0,0.0
2021-04-14 00:00:00+09:00,831.2920276295055,861.6454467773438,825.4171723105691,861.6454467773438,15900,0.0,0.0
2021-04-15 00:00:00+09:00,858.7080104282924,869.4785784040179,822.479736328125,822.479736328125,32500,0.0,0.0
2021-04-16 00:00:00+09:00,823.4588894477257,823.4588894477257,808.7717511103704,814.6466064453125,20800,0.0,0.0
2021-04-19 00:00:00+09:00,816.6048968771229,826.3963224991508,808.7717563795006,810.7300415039062,20800,0.0,0.0
2021-04-20 00:00:00+09:00,813.6674858563757,815.6257710208916,808.7717729450858,809.7509155273438,9700,0.0,0.0
2021-04-21 00:00:00+09:00,808.7717389617397,809.7508815028557,798.0011710094648,800.9385986328125,20700,0.0,0.0
2021-04-22 00:00:00+09:00,798.0011470189851,799.9594320423446,783.314009343789,784.2931518554688,23100,0.0,0.0
2021-04-23 00:00:00+09:00,784.2931963000215,800.9386199418445,779.397483464191,785.2723388671875,21300,0.0,0.0
2021-04-26 00:00:00+09:00,786.2514503608315,814.6465836864406,786.2514503608315,808.771728515625,8200,0.0,0.0
2021-04-27 00:00:00+09:00,819.5423139362243,827.3754543322696,811.7091735401792,818.5631713867188,8900,0.0,0.0
2021-04-28 00:00:00+09:00,833.2503157465201,833.2503157465201,809.7508943858662,825.4171752929688,17800,0.0,0.0
2021-04-30 00:00:00+09:00,825.4171535563919,830.3128662109375,819.5422983709371,830.3128662109375,9000,0.0,0.0
2021-05-06 00:00:00+09:00,830.3128508811774,842.0625610351562,827.3754233426826,842.0625610351562,8000,0.0,0.0
2021-05-07 00:00:00+09:00,845.0000331759038,845.0000331759038,835.2086075307601,843.041748046875,15700,0.0,0.0
2021-05-10 00:00:00+09:00,851.8539954876078,851.8539954876078,822.4797197811386,823.4588623046875,6500,0.0,0.0
2021-05-11 00:00:00+09:00,821.5006150921571,831.2920407785953,805.8343339938561,806.8134765625,11000,0.0,0.0
2021-05-12 00:00:00+09:00,802.8969116210938,807.7926244968321,781.3557749678449,802.8969116210938,23600,0.0,0.0
2021-05-13 00:00:00+09:00,798.0011762389387,801.9177464290684,787.2306082160818,797.0220336914062,6500,0.0,0.0
2021-05-14 00:00:00+09:00,793.1054911893957,805.8343447516946,793.1054911893957,798.9803466796875,5300,0.0,0.0
2021-05-17 00:00:00+09:00,798.9802959177754,802.8968659958036,784.2931581251692,791.1471557617188,14900,0.0,0.0
2021-05-18 00:00:00+09:00,812.6882948133681,889.0614116753472,812.6882948133681,881.228271484375,73300,0.0,0.0
2021-05-19 00:00:00+09:00,862.6245755585852,900.8111345220185,861.6454330210612,894.936279296875,23300,0.0,0.0
2021-05-20 00:00:00+09:00,881.2283217644376,893.957175301035,860.6663275899341,889.0614624023438,15700,0.0,0.0
2021-05-21 00:00:00+09:00,888.0823085721686,890.0405937068371,876.3325977641575,886.1240234375,13400,0.0,0.0
2021-05-24 00:00:00+09:00,885.1448375597678,897.8736903122866,876.3325548849471,895.9154052734375,12400,0.0,0.0
2021-05-25 00:00:00+09:00,894.9362906120075,897.8737182617188,891.9988629622964,897.8737182617188,7500,0.0,0.0
2021-05-26 00:00:00+09:00,893.9571224444703,922.3522555779749,891.0196948789354,917.45654296875,20900,0.0,0.0
2021-05-27 00:00:00+09:00,923.3314095355095,950.7474004867229,910.6025565938746,920.3939819335938,37700,0.0,0.0
2021-05-28 00:00:00+09:00,934.1020104861954,938.9977233294144,900.8111631523058,907.6651611328125,18900,0.0,0.0
2021-05-31 00:00:00+09:00,895.9154398709057,916.477433572861,895.9154398709057,915.498291015625,7800,0.0,0.0
2021-06-01 00:00:00+09:00,915.4983010770973,915.4983010770973,891.0197368771749,896.8945922851562,8100,0.0,0.0
2021-06-02 00:00:00+09:00,889.0614570483826,903.7485956560101,889.0614570483826,892.97802734375,6100,0.0,0.0
2021-06-03 00:00:00+09:00,892.9780167289401,900.8111572265625,891.9988741667374,900.8111572265625,3200,0.0,0.0
2021-06-04 00:00:00+09:00,899.8320086542905,901.7902937656165,893.9571533203125,893.9571533203125,2500,0.0,0.0
2021-06-07 00:00:00+09:00,879.2700113412291,921.3731410602411,876.3325836864143,919.4148559570312,17200,0.0,0.0
2021-06-08 00:00:00+09:00,931.1645688657408,952.7057050540124,926.2688560956791,951.7265625,22800,0.0,0.0
2021-06-09 00:00:00+09:00,966.4136745698991,994.8088078652659,961.5179619327669,971.3093872070312,49200,0.0,0.0
2021-06-10 00:00:00+09:00,956.6222403174455,1012.4333638569485,956.6222403174455,989.9130859375,29600,0.0,0.0
2021-06-11 00:00:00+09:00,989.9130888498374,998.7253715398953,962.4970982585462,964.4553833007812,15900,0.0,0.0
2021-06-14 00:00:00+09:00,969.3511239373574,969.3511239373574,938.9977049049755,966.4136962890625,11800,0.0,0.0
2021-06-15 00:00:00+09:00,956.622258624462,964.4553989202611,942.9142631068137,952.7056884765625,6200,0.0,0.0
2021-06-16 00:00:00+09:00,944.8725368853696,962.4971023402263,944.8725368853696,949.7682495117188,3200,0.0,0.0
2021-06-17 00:00:00+09:00,949.7682713325777,956.6222691669365,922.3522799951425,944.87255859375,10800,0.0,0.0
2021-06-18 00:00:00+09:00,944.8725452828915,944.8725452828915,895.915418584296,920.3939819335938,13000,0.0,0.0
2021-06-21 00:00:00+09:00,905.7068578454832,907.6651429435275,882.2074366689518,887.1031494140625,12800,0.0,0.0
2021-06-22 00:00:00+09:00,890.0405583785752,931.164544574285,890.0405583785752,924.310546875,11700,0.0,0.0
2021-06-23 00:00:00+09:00,924.3105800490977,937.0394333760449,922.352294921875,922.352294921875,1600,0.0,0.0
2021-06-24 00:00:00+09:00,922.3522775019699,922.3522775019699,904.7277116898304,912.5608520507812,3400,0.0,0.0
2021-06-25 00:00:00+09:00,908.6442945075758,937.0394287109375,906.6860093901025,937.0394287109375,6800,0.0,0.0
2021-06-28 00:00:00+09:00,930.1853990063225,957.6013897138773,922.352258804164,949.7682495117188,9500,0.0,0.0
2021-06-29 00:00:00+09:00,951.7265785217286,951.7265785217286,929.2062994003296,939.9768676757812,4900,0.0,0.0
2021-06-30 00:00:00+09:00,939.9768168986344,939.9768168986344,932.1436767578125,932.1436767578125,1400,0.0,0.0
2021-07-01 00:00:00+09:00,928.227150303543,937.0394333760449,922.352294921875,922.352294921875,4400,0.0,0.0
2021-07-02 00:00:00+09:00,920.3939676730432,942.9142456054688,920.3939676730432,942.9142456054688,2000,0.0,0.0
2021-07-05 00:00:00+09:00,942.9142894124434,949.7682873624819,931.1645786409488,933.1228637695312,5800,0.0,0.0
2021-07-06 00:00:00+09:00,933.1228691076956,948.789150225978,925.2897285485544,929.206298828125,5300,0.0,0.0
2021-07-07 00:00:00+09:00,929.2062564810527,962.4971023402263,929.2062564810527,949.7682495117188,8000,0.0,0.0
2021-07-08 00:00:00+09:00,964.4553926519233,973.267675427423,945.8516845703125,945.8516845703125,10600,0.0,0.0
2021-07-09 00:00:00+09:00,925.2897291183472,958.5805765151978,925.2897291183472,939.9768676757812,2700,0.0,0.0
2021-07-12 00:00:00+09:00,954.6639683546771,970.3302488610102,952.7056832913854,956.6222534179688,5300,0.0,0.0
2021-07-13 00:00:00+09:00,971.3094210477022,984.0382743477226,945.8517144476617,980.1217041015625,23100,0.0,0.0
2021-07-14 00:00:00+09:00,970.3302477134146,1011.4542339939024,960.5388224085366,1003.62109375,29100,0.0,0.0
2021-07-15 00:00:00+09:00,1062.369672624455,1078.0359535110829,1003.6211192996003,1052.5782470703125,148900,0.0,0.0
2021-07-16 00:00:00+09:00,1077.0567673903245,1135.8053183388877,1068.2444847480401,1120.1390380859375,59600,0.0,0.0
2021-07-19 00:00:00+09:00,1134.8261534702117,1134.8261534702117,1078.035888671875,1078.035888671875,39500,0.0,0.0
2021-07-20 00:00:00+09:00,1077.056746175352,1083.9107436510133,1050.6198987692296,1078.035888671875,19800,0.0,0.0
2021-07-21 00:00:00+09:00,1067.2653460439271,1120.1390420864705,1018.3082200786095,1105.451904296875,52900,0.0,0.0
2021-07-26 00:00:00+09:00,1125.0348411239497,1168.1171152836134,1097.618848476891,1165.1796875,39400,0.0,0.0
2021-07-27 00:00:00+09:00,1174.971022002551,1199.4495849609375,1174.971022002551,1199.4495849609375,37800,0.0,0.0
2021-07-28 00:00:00+09:00,1192.5956742326184,1192.5956742326184,1152.4508280556583,1158.32568359375,14100,0.0,0.0
2021-07-29 00:00:00+09:00,1158.3256893382354,1170.0754004726891,1120.1391281512606,1165.1796875,13600,0.0,0.0
2021-07-30 00:00:00+09:00,1151.4716493197627,1214.1367730922668,1144.617651407145,1196.51220703125,26500,0.0,0.0
2021-08-02 00:00:00+09:00,1196.512231509168,1196.512231509168,1091.7439755586925,1123.0765380859375,34900,0.0,0.0
2021-08-03 00:00:00+09:00,1121.1181678434389,1154.4090130021088,1084.8898951707688,1106.4310302734375,13200,0.0,0.0
2021-08-04 00:00:00+09:00,1105.4519807719748,1135.8054009703196,1049.6408533105023,1072.1611328125,16100,0.0,0.0
2021-08-05 00:00:00+09:00,1075.098521269352,1089.785659538059,1059.432240449398,1067.265380859375,10300,0.0,0.0
2021-08-06 00:00:00+09:00,1058.453134988627,1069.2237034297693,1017.3291463951742,1029.078857421875,20400,0.0,0.0
2021-08-10 00:00:00+09:00,1019.2873972051937,1027.1205376255987,966.4136993674603,1009.4959716796875,31800,0.0,0.0
2021-08-11 00:00:00+09:00,1016.3499960937501,1116.2225390625001,1016.3499960937501,1101.535400390625,28800,0.0,0.0
2021-08-12 00:00:00+09:00,1093.7022146823058,1113.2850654375843,1072.1610788514993,1089.78564453125,13900,0.0,0.0
2021-08-13 00:00:00+09:00,1089.7856836199549,1102.5145370674475,1068.2445470165055,1094.681396484375,7800,0.0,0.0
2021-08-16 00:00:00+09:00,1081.9525135997235,1150.4924918368101,1044.745096842448,1139.721923828125,30600,0.0,0.0
2021-08-17 00:00:00+09:00,1139.7219840537964,1144.6176970437182,1107.4102783203125,1107.4102783203125,15700,0.0,0.0
2021-08-18 00:00:00+09:00,1108.3893666877448,1153.4299239913105,1090.7648007863495,1125.0347900390625,37100,0.0,0.0
2021-08-19 00:00:00+09:00,1125.0347630480835,1126.9930481012568,1071.1819240858167,1076.07763671875,15900,0.0,0.0
2021-08-20 00:00:00+09:00,1076.0776990479378,1126.9931133795965,1073.1402712980346,1108.389404296875,15100,0.0,0.0
2021-08-23 00:00:00+09:00,1108.3893797797996,1172.03364628659,1108.3893797797996,1160.283935546875,17800,0.0,0.0
2021-08-24 00:00:00+09:00,1160.2838603052599,1160.2838603052599,1130.909585360823,1135.8052978515625,12100,0.0,0.0
2021-08-25 00:00:00+09:00,1135.805404031065,1166.1588243112055,1133.8471188517012,1158.32568359375,13000,0.0,0.0
2021-08-26 00:00:00+09:00,1158.3256399021964,1173.0127781934332,1150.4924994802036,1168.1170654296875,11300,0.0,0.0
2021-08-27 00:00:00+09:00,1168.1170364638506,1168.1170364638506,1132.8679054389565,1155.38818359375,13100,0.0,0.0
2021-08-30 00:00:00+09:00,1155.38820784613,1182.80419921875,1142.659354708842,1182.80419921875,24600,0.0,0.0
2021-08-31 00:00:00+09:00,1173.991881193938,1179.8667363125064,1146.5758906406184,1163.2213134765625,11000,0.0,0.0
2021-09-01 00:00:00+09:00,1153.429902720963,1160.2839004451114,1130.9096244844754,1140.7010498046875,17000,0.0,0.0
2021-09-02 00:00:00+09:00,1129.930522983939,1129.930522983939,1087.827392578125,1087.827392578125,20300,0.0,0.0
2021-09-03 00:00:00+09:00,1087.827351249892,1087.827351249892,1055.51564774742,1061.3905029296875,24300,0.0,0.0
2021-09-06 00:00:00+09:00,1060.411406433433,1099.5771093487954,1045.7242678401722,1094.681396484375,23800,0.0,0.0
2021-09-07 00:00:00+09:00,1093.7022359008233,1094.6813784575832,1070.2028145385852,1074.119384765625,8700,0.0,0.0
2021-09-08 00:00:00+09:00,1074.1194305022902,1132.8679864094347,1074.1194305022902,1128.951416015625,15500,0.0,0.0
2021-09-09 00:00:00+09:00,1128.9513523646763,1131.8887799944196,1093.7022208077567,1096.6396484375,12000,0.0,0.0
2021-09-10 00:00:00+09:00,1132.8679697443335,1149.5133936731613,1096.6396941345322,1129.9305419921875,27900,0.0,0.0
2021-09-13 00:00:00+09:00,1121.1182695159114,1150.4925473198216,1108.3894158008836,1122.097412109375,20200,0.0,0.0
2021-09-14 00:00:00+09:00,1122.0973178008728,1194.5538636274562,1114.2641777115123,1171.054443359375,36500,0.0,0.0
2021-09-15 00:00:00+09:00,1170.0753946699335,1194.5539594119823,1132.8679762620193,1158.32568359375,25100,0.0,0.0
2021-09-16 00:00:00+09:00,1135.8053808170996,1165.179657907197,1126.9930976900703,1130.90966796875,17800,0.0,0.0
2021-09-17 00:00:00+09:00,1129.930475982379,1251.344149311508,1113.2850530259661,1249.3858642578125,75000,0.0,0.0
2021-09-21 00:00:00+09:00,1199.4496572289481,1221.9699365075326,1174.9710927957044,1202.3870849609375,26100,0.0,0.0
2021-09-22 00:00:00+09:00,1204.3453414351852,1217.0741946373457,1155.388213734568,1189.658203125,16600,0.0,0.0
2021-09-24 00:00:00+09:00,1194.5538495308656,1214.1366995231747,1171.0544295400944,1193.57470703125,25700,0.0,0.0
2021-09-27 00:00:00+09:00,1188.6790359098568,1197.4913187131424,1155.3881897641113,1162.2421875,17500,0.0,0.0
2021-09-28 00:00:00+09:00,1161.2630852537454,1198.4705028251133,1153.429944712405,1188.6790771484375,23500,0.0,0.0
2021-09-29 00:00:00+09:00,1167.1379560571474,1184.7625225076747,1135.805393478432,1166.1588134765625,16000,0.0,0.0
2021-09-30 00:00:00+09:00,1170.0753391810827,1250.3650277273996,1162.2421988351005,1233.7196044921875,36300,0.0,0.0
2021-10-01 00:00:00+09:00,1204.3453308255187,1218.0533264609312,1158.3256311923485,1197.4913330078125,33000,0.0,0.0
2021-10-04 00:00:00+09:00,1199.449661779475,1316.9467715048113,1199.449661779475,1310.0927734375,126800,0.0,0.0
2021-10-05 00:00:00+09:00,1263.0939024897634,1272.885328090459,1206.3036340057274,1218.0533447265625,83200,0.0,0.0
2021-10-06 00:00:00+09:00,1276.8018277298152,1327.7172380380593,1224.9072749156433,1258.1981201171875,110200,0.0,0.0
2021-10-07 00:00:00+09:00,1268.9687146928925,1268.9687146928925,1165.1796068553565,1191.616455078125,117000,0.0,0.0
2021-10-08 00:00:00+09:00,1211.199334766419,1260.156462283251,1197.4913390617062,1204.3453369140625,70000,0.0,0.0
2021-10-11 00:00:00+09:00,1221.9698795547545,1261.135580822535,1175.9501805651123,1256.2398681640625,51800,0.0,0.0
2021-10-12 00:00:00+09:00,1237.6362091064454,1265.0522010803222,1235.677923965454,1253.302490234375,20500,0.0,0.0
2021-10-13 00:00:00+09:00,1251.3441702706473,1261.1355957031249,1220.9907514299664,1233.7196044921875,47900,0.0,0.0
2021-10-14 00:00:00+09:00,1233.7196296517175,1292.4681834446565,1219.0324912034828,1282.6767578125,91900,0.0,0.0
2021-10-15 00:00:00+09:00,1370.7995109530916,1402.132071203448,1321.8423855619099,1373.7369384765625,159500,0.0,0.0
2021-10-18 00:00:00+09:00,1390.382379664606,1390.382379664606,1313.0301205142514,1336.529541015625,62400,0.0,0.0
2021-10-19 00:00:00+09:00,1322.8216210644018,1326.7381913710321,1275.8227773848375,1303.23876953125,58800,0.0,0.0
2021-10-20 00:00:00+09:00,1315.9675895536384,1323.800729967648,1266.0313194143262,1305.197021484375,65500,0.0,0.0
2021-10-21 00:00:00+09:00,1280.718483357935,1290.5099090716806,1259.1773467876944,1274.8436279296875,52000,0.0,0.0
2021-10-22 00:00:00+09:00,1282.676742794097,1333.5921554851602,1239.5944705170432,1305.197021484375,66200,0.0,0.0
2021-10-25 00:00:00+09:00,1334.5713291964084,1424.6524460607295,1322.8216183010622,1361.0081787109375,107600,0.0,0.0
2021-10-26 00:00:00+09:00,1367.8621706237382,1468.7138553583445,1342.404463797527,1455.005859375,124300,0.0,0.0
2021-10-27 00:00:00+09:00,1459.9015418380643,1466.7555396870694,1410.9444143451715,1420.73583984375,62500,0.0,0.0
2021-10-28 00:00:00+09:00,1410.9444541260095,1487.3175751682224,1400.1738857739026,1447.1727294921875,51700,0.0,0.0
2021-10-29 00:00:00+09:00,1432.485579110234,1487.317562999621,1410.9444425822608,1433.4647216796875,52500,0.0,0.0
2021-11-01 00:00:00+09:00,1438.3603571620556,1461.8597775649755,1361.987240852566,1387.4449462890625,59900,0.0,0.0
2021-11-02 00:00:00+09:00,1385.4866588961693,1396.2572265625,1360.0289535030242,1365.90380859375,40700,0.0,0.0
2021-11-04 00:00:00+09:00,1390.3823884043788,1431.506374540283,1372.7578229175629,1422.694091796875,43800,0.0,0.0
2021-11-05 00:00:00+09:00,1433.4647021793633,1439.339557516164,1372.7578636990895,1391.361572265625,40600,0.0,0.0
2021-11-08 00:00:00+09:00,1391.361549576938,1399.194689898272,1339.4669949481008,1385.4866943359375,41500,0.0,0.0
2021-11-09 00:00:00+09:00,1373.7369872491588,1375.6952723343322,1283.6558733311813,1291.489013671875,92100,0.0,0.0
2021-11-10 00:00:00+09:00,1286.5932489483173,1294.4263889723557,1239.5944088040865,1272.88525390625,52800,0.0,0.0
2021-11-11 00:00:00+09:00,1269.9478365777077,1282.6766892188105,1240.5735612520862,1265.0521240234375,40700,0.0,0.0
2021-11-12 00:00:00+09:00,1275.8227566249652,1321.8424569790507,1271.9061863820643,1318.905029296875,36400,0.0,0.0
2021-11-15 00:00:00+09:00,1318.9050590132756,1321.842486761635,1212.1785174895585,1230.7822265625,100800,0.0,0.0
2021-11-16 00:00:00+09:00,1242.5319491910898,1265.052228806058,1228.8239529037176,1244.490234375,40600,0.0,0.0
2021-11-17 00:00:00+09:00,1240.5735997396334,1282.676729012565,1215.1158936676284,1269.9478759765625,60800,0.0,0.0
2021-11-18 00:00:00+09:00,1277.781012581523,1277.781012581523,1207.2827498184045,1226.8656005859375,72300,0.0,0.0
2021-11-19 00:00:00+09:00,1230.7822125127059,1230.7822125127059,1155.388234498801,1173.991943359375,70800,0.0,0.0
2021-11-22 00:00:00+09:00,1158.3256887148505,1163.2214016849048,1126.9931257065027,1143.6385498046875,67900,0.0,0.0
2021-11-24 00:00:00+09:00,1131.8887586996589,1146.5758965720593,1093.7022002314177,1112.305908203125,73400,0.0,0.0
2021-11-25 00:00:00+09:00,1124.0556166080564,1154.4090348265665,1115.2433338994565,1148.5341796875,46900,0.0,0.0
2021-11-26 00:00:00+09:00,1155.388158162435,1155.388158162435,1105.4518903096518,1127.97216796875,35700,0.0,0.0
2021-11-29 00:00:00+09:00,1108.3893230646306,1109.3684655761717,1062.3696250221947,1077.0567626953125,58400,0.0,0.0
2021-11-30 00:00:00+09:00,1098.597923116481,1145.5967647471325,1090.7647828447057,1104.4727783203125,104700,0.0,0.0
2021-12-01 00:00:00+09:00,1104.472828125,1117.201681640625,1064.327982421875,1101.535400390625,81800,0.0,0.0
2021-12-02 00:00:00+09:00,1093.702217187137,1093.702217187137,1016.3499565266322,1053.557373046875,77300,0.0,0.0
2021-12-03 00:00:00+09:00,1053.5573350214327,1112.3058853014381,1053.5573350214327,1106.4310302734375,89400,0.0,0.0
2021-12-06 00:00:00+09:00,1083.9108163584833,1121.1182337221892,1047.6825415569801,1080.973388671875,79500,0.0,0.0
2021-12-07 00:00:00+09:00,1110.3476233574138,1170.0753173828125,1110.3476233574138,1170.0753173828125,60900,0.0,0.0
2021-12-08 00:00:00+09:00,1195.5330569066625,1196.5121994594117,1155.388212243949,1168.1170654296875,26700,0.0,0.0
2021-12-09 00:00:00+09:00,1173.0127118332941,1203.366129251351,1159.3047168703008,1172.0335693359375,17700,0.0,0.0
2021-12-10 00:00:00+09:00,1184.762498194661,1184.762498194661,1131.8887999281224,1138.7427978515625,26500,0.0,0.0
2021-12-13 00:00:00+09:00,1152.450733191313,1173.9918683911508,1139.7218805732273,1149.5133056640625,27600,0.0,0.0
2021-12-14 00:00:00+09:00,1133.8470819091797,1206.303631184896,1085.8690965779622,1174.9710693359375,64100,0.0,0.0
2021-12-15 00:00:00+09:00,1184.7625068777672,1195.5330751221106,1159.3048001184102,1188.6790771484375,29700,0.0,0.0
2021-12-16 00:00:00+09:00,1209.2410698193032,1215.115925219235,1166.1587968864696,1167.137939453125,31600,0.0,0.0
2021-12-17 00:00:00+09:00,1174.9711134453783,1194.5539653361345,1157.3465467436974,1165.1796875,33700,0.0,0.0
2021-12-20 00:00:00+09:00,1140.7010769431565,1158.3256429388448,1119.1599407262042,1131.8887939453125,39100,0.0,0.0
2021-12-21 00:00:00+09:00,1149.513314289147,1193.5747275285096,1141.6801741577046,1177.908447265625,28600,0.0,0.0
2021-12-22 00:00:00+09:00,1171.0545234375002,1238.6153613281251,1171.0545234375002,1223.92822265625,67000,0.0,0.0
2021-12-23 00:00:00+09:00,1250.3650355017214,1296.3847353205006,1231.7613270643426,1262.11474609375,86000,0.0,0.0
2021-12-24 00:00:00+09:00,1267.9896299300656,1308.1344753564229,1260.156489359069,1274.8436279296875,41100,0.0,0.0
2021-12-27 00:00:00+09:00,1275.822770501062,1315.9676159274193,1244.4902082170759,1274.8436279296875,39400,0.0,0.0
2021-12-28 00:00:00+09:00,1274.8435477435453,1303.2386805273877,1263.0938376260933,1301.2803955078125,28800,0.0,0.0
2021-12-29 00:00:00+09:00,1307.1552530171516,1355.133236086695,1291.4889728311782,1322.821533203125,47700,0.0,0.0
2021-12-30 00:00:00+09:00,1313.030132779208,1329.6755557898318,1279.7392867579604,1292.4681396484375,27500,0.0,0.0
2022-01-04 00:00:00+09:00,1297.363873347183,1311.0718689900966,1276.8018798828125,1276.8018798828125,37900,0.0,0.0
2022-01-05 00:00:00+09:00,1267.0104694589797,1267.0104694589797,1217.0741990243523,1254.2816162109375,61900,0.0,0.0
2022-01-06 00:00:00+09:00,1224.9073051676496,1283.6558569742515,1224.9073051676496,1234.69873046875,44700,0.0,0.0
2022-01-07 00:00:00+09:00,1241.5527509465026,1290.5098783497558,1195.5330511874445,1240.5736083984375,31600,0.0,0.0
2022-01-11 00:00:00+09:00,1213.1576570551447,1323.8007686348308,1213.1576570551447,1288.5516357421875,68100,0.0,0.0
2022-01-12 00:00:00+09:00,1259.1773244598767,1317.9258777006173,1230.7821903935185,1268.96875,114000,0.0,0.0
2022-01-13 00:00:00+09:00,1267.9896263937349,1267.9896263937349,1197.4913614513805,1210.22021484375,71800,0.0,0.0
2022-01-14 00:00:00+09:00,1203.3662089472232,1283.6558990478516,1161.2630787725034,1261.1356201171875,135600,0.0,0.0
2022-01-17 00:00:00+09:00,1057.4739493161358,1093.70222350567,998.7253965763505,1060.411376953125,231800,0.0,0.0
2022-01-18 00:00:00+09:00,1031.0371167082444,1098.5979534156222,1004.600267561879,1059.4322509765625,103500,0.0,0.0
2022-01-19 00:00:00+09:00,1057.4739512567935,1067.2653767313934,1003.6211111464938,1013.4125366210938,87600,0.0,0.0
2022-01-20 00:00:00+09:00,1037.8911221460223,1037.8911221460223,982.0799957664722,997.7462768554688,66200,0.0,0.0
2022-01-21 00:00:00+09:00,997.7462768554688,1012.433415376403,975.2259977900361,997.7462768554688,38300,0.0,0.0
2022-01-24 00:00:00+09:00,1009.4959437423128,1022.2247965732051,979.1425254532617,1007.5376586914062,41200,0.0,0.0
2022-01-25 00:00:00+09:00,1003.6210916810116,1034.9536525920287,974.2468158269332,982.0799560546875,34700,0.0,0.0
2022-01-26 00:00:00+09:00,975.2259867510458,1012.4334039162462,975.2259867510458,994.808837890625,21100,0.0,0.0
2022-01-27 00:00:00+09:00,1000.6836727883318,1001.6628153253067,934.1019802740398,952.7056884765625,57400,0.0,0.0
2022-01-28 00:00:00+09:00,949.7682909569886,951.7265760929824,893.9571645811656,896.8945922851562,56500,0.0,0.0
2022-01-31 00:00:00+09:00,911.581694954716,1027.120513434476,911.581694954716,992.8505249023438,110100,0.0,0.0
2022-02-01 00:00:00+09:00,991.8713750264731,1010.4750829489834,966.413669448301,975.2259521484375,54900,0.0,0.0
2022-02-02 00:00:00+09:00,990.8922800436029,1019.2874145507812,983.0591394898985,1019.2874145507812,29600,0.0,0.0
2022-02-03 00:00:00+09:00,989.9130892698793,1022.2247924804688,948.7891033654926,1022.2247924804688,47800,0.0,0.0
2022-02-04 00:00:00+09:00,978.1634296520959,979.1425722243202,945.8517247686933,972.28857421875,36800,0.0,0.0
2022-02-07 00:00:00+09:00,973.267721663711,984.0382900121022,936.0603037329051,957.6014404296875,32700,0.0,0.0
2022-02-08 00:00:00+09:00,933.1228577692464,945.8517110231816,921.3731470733062,926.2688598632812,38300,0.0,0.0
2022-02-09 00:00:00+09:00,939.9768313512145,971.309392396255,930.1854060246394,967.392822265625,30900,0.0,0.0
2022-02-10 00:00:00+09:00,967.3928097327388,985.0173750922421,947.8099593332906,953.684814453125,25900,0.0,0.0
2022-02-14 00:00:00+09:00,951.7265773358375,951.7265773358375,917.4565874111931,918.4357299804688,35400,0.0,0.0
2022-02-15 00:00:00+09:00,930.1854451497396,939.9768708881579,888.0823144745408,892.97802734375,38300,0.0,0.0
2022-02-16 00:00:00+09:00,907.6651409796949,944.872557762034,903.7485707920802,934.1019897460938,51000,0.0,0.0
2022-02-17 00:00:00+09:00,919.4148719565383,931.1645827802639,892.9780226031553,907.6651611328125,43300,0.0,0.0
2022-02-18 00:00:00+09:00,897.8737396680555,897.8737396680555,868.4994624706272,882.2074584960938,27000,0.0,0.0
2022-02-21 00:00:00+09:00,879.270011945753,879.270011945753,847.9374502728532,850.8748779296875,30000,0.0,0.0
2022-02-22 00:00:00+09:00,844.0208646014383,875.3534257003317,840.1042944640767,862.6245727539062,36600,0.0,0.0
2022-02-24 00:00:00+09:00,849.8957126303592,851.8539976825028,826.3962920046349,845.0,48200,0.0,0.0
2022-02-25 00:00:00+09:00,863.0,907.0,861.0,898.0,56900,18.0,0.0
2022-02-28 00:00:00+09:00,898.0,932.0,879.0,909.0,50600,0.0,0.0
2022-03-01 00:00:00+09:00,920.0,930.0,909.0,910.0,43000,0.0,0.0
2022-03-02 00:00:00+09:00,895.0,900.0,871.0,890.0,39100,0.0,0.0
2022-03-03 00:00:00+09:00,902.0,925.0,892.0,901.0,39900,0.0,0.0
2022-03-04 00:00:00+09:00,899.0,907.0,872.0,890.0,30900,0.0,0.0
2022-03-07 00:00:00+09:00,920.0,945.0,912.0,929.0,61300,0.0,0.0
2022-03-08 00:00:00+09:00,902.0,918.0,862.0,880.0,30500,0.0,0.0
2022-03-09 00:00:00+09:00,880.0,899.0,860.0,880.0,36300,0.0,0.0
2022-03-10 00:00:00+09:00,892.0,923.0,892.0,921.0,14800,0.0,0.0
2022-03-11 00:00:00+09:00,923.0,951.0,920.0,946.0,30500,0.0,0.0
2022-03-14 00:00:00+09:00,955.0,978.0,932.0,978.0,50000,0.0,0.0
2022-03-15 00:00:00+09:00,978.0,978.0,945.0,955.0,20100,0.0,0.0
2022-03-16 00:00:00+09:00,982.0,1038.0,975.0,1034.0,46800,0.0,0.0
2022-03-17 00:00:00+09:00,1061.0,1080.0,1012.0,1018.0,46500,0.0,0.0
2022-03-18 00:00:00+09:00,1038.0,1091.0,1032.0,1072.0,27000,0.0,0.0
2022-03-22 00:00:00+09:00,1078.0,1087.0,1040.0,1040.0,35400,0.0,0.0
2022-03-23 00:00:00+09:00,1053.0,1109.0,1053.0,1088.0,36900,0.0,0.0
2022-03-24 00:00:00+09:00,1066.0,1103.0,1066.0,1088.0,21100,0.0,0.0
2022-03-25 00:00:00+09:00,1088.0,1133.0,1087.0,1102.0,26500,0.0,0.0
2022-03-28 00:00:00+09:00,1091.0,1122.0,1071.0,1107.0,25100,0.0,0.0
2022-03-29 00:00:00+09:00,1115.0,1184.0,1115.0,1156.0,67400,0.0,0.0
2022-03-30 00:00:00+09:00,1156.0,1183.0,1122.0,1134.0,30300,0.0,0.0
2022-03-31 00:00:00+09:00,1134.0,1159.0,1130.0,1152.0,15500,0.0,0.0
2022-04-01 00:00:00+09:00,1152.0,1152.0,1099.0,1117.0,30900,0.0,0.0
2022-04-04 00:00:00+09:00,1117.0,1158.0,1117.0,1158.0,22100,0.0,0.0
2022-04-05 00:00:00+09:00,1159.0,1183.0,1131.0,1163.0,35900,0.0,0.0
2022-04-06 00:00:00+09:00,1144.0,1160.0,1130.0,1145.0,20700,0.0,0.0
2022-04-07 00:00:00+09:00,1145.0,1145.0,1121.0,1128.0,9800,0.0,0.0
2022-04-08 00:00:00+09:00,1151.0,1165.0,1126.0,1127.0,24200,0.0,0.0
2022-04-11 00:00:00+09:00,1128.0,1154.0,1114.0,1122.0,25700,0.0,0.0
2022-04-12 00:00:00+09:00,1136.0,1137.0,1067.0,1083.0,21900,0.0,0.0
2022-04-13 00:00:00+09:00,1089.0,1118.0,1079.0,1109.0,18500,0.0,0.0
2022-04-14 00:00:00+09:00,1103.0,1136.0,1070.0,1071.0,43700,0.0,0.0
2022-04-15 00:00:00+09:00,1071.0,1071.0,1016.0,1058.0,19200,0.0,0.0
2022-04-18 00:00:00+09:00,1040.0,1057.0,1008.0,1040.0,24000,0.0,0.0
2022-04-19 00:00:00+09:00,1040.0,1117.0,1040.0,1073.0,48400,0.0,0.0
2022-04-20 00:00:00+09:00,1073.0,1108.0,1040.0,1057.0,34400,0.0,0.0
2022-04-21 00:00:00+09:00,1051.0,1096.0,1051.0,1094.0,33200,0.0,0.0
2022-04-22 00:00:00+09:00,1078.0,1099.0,1041.0,1062.0,49000,0.0,0.0
2022-04-25 00:00:00+09:00,1032.0,1032.0,975.0,1018.0,37300,0.0,0.0
2022-04-26 00:00:00+09:00,1018.0,1018.0,984.0,994.0,30300,0.0,0.0
2022-04-27 00:00:00+09:00,981.0,1020.0,973.0,998.0,18600,0.0,0.0
2022-04-28 00:00:00+09:00,1026.0,1085.0,1006.0,1052.0,69700,0.0,0.0
2022-05-02 00:00:00+09:00,1052.0,1097.0,1051.0,1082.0,64600,0.0,0.0
2022-05-06 00:00:00+09:00,1053.0,1099.0,1038.0,1086.0,90000,0.0,0.0
2022-05-09 00:00:00+09:00,1056.0,1065.0,1000.0,1005.0,56000,0.0,0.0
2022-05-10 00:00:00+09:00,1005.0,1049.0,1001.0,1049.0,70300,0.0,0.0
2022-05-11 00:00:00+09:00,1072.0,1116.0,1029.0,1060.0,161900,0.0,0.0
2022-05-12 00:00:00+09:00,1060.0,1090.0,1034.0,1048.0,96600,0.0,0.0
2022-05-13 00:00:00+09:00,1055.0,1116.0,1032.0,1099.0,114800,0.0,0.0
2022-05-16 00:00:00+09:00,1088.0,1107.0,1070.0,1082.0,41300,0.0,0.0
2022-05-17 00:00:00+09:00,1082.0,1126.0,1082.0,1113.0,30800,0.0,0.0
2022-05-18 00:00:00+09:00,1122.0,1138.0,1091.0,1128.0,29700,0.0,0.0
2022-05-19 00:00:00+09:00,1092.0,1118.0,1068.0,1080.0,56400,0.0,0.0
2022-05-20 00:00:00+09:00,1080.0,1144.0,1058.0,1143.0,63300,0.0,0.0
2022-05-23 00:00:00+09:00,1144.0,1184.0,1139.0,1173.0,26100,0.0,0.0
2022-05-24 00:00:00+09:00,1153.0,1170.0,1141.0,1143.0,13700,0.0,0.0
2022-05-25 00:00:00+09:00,1140.0,1140.0,1105.0,1122.0,4500,0.0,0.0
2022-05-26 00:00:00+09:00,1095.0,1144.0,1095.0,1129.0,7600,0.0,0.0
2022-05-27 00:00:00+09:00,1142.0,1154.0,1096.0,1096.0,9600,0.0,0.0
2022-05-30 00:00:00+09:00,1156.0,1169.0,1130.0,1168.0,20500,0.0,0.0
2022-05-31 00:00:00+09:00,1160.0,1174.0,1148.0,1174.0,7400,0.0,0.0
2022-06-01 00:00:00+09:00,1175.0,1199.0,1169.0,1173.0,5100,0.0,0.0
2022-06-02 00:00:00+09:00,1170.0,1183.0,1148.0,1183.0,7200,0.0,0.0
2022-06-03 00:00:00+09:00,1177.0,1189.0,1167.0,1182.0,6700,0.0,0.0
2022-06-06 00:00:00+09:00,1168.0,1180.0,1135.0,1170.0,7200,0.0,0.0
2022-06-07 00:00:00+09:00,1173.0,1175.0,1141.0,1154.0,5800,0.0,0.0
2022-06-08 00:00:00+09:00,1176.0,1176.0,1140.0,1141.0,4800,0.0,0.0
2022-06-09 00:00:00+09:00,1167.0,1241.0,1161.0,1210.0,29700,0.0,0.0
2022-06-10 00:00:00+09:00,1201.0,1314.0,1186.0,1261.0,57300,0.0,0.0
2022-06-13 00:00:00+09:00,1207.0,1248.0,1207.0,1217.0,24200,0.0,0.0
2022-06-14 00:00:00+09:00,1203.0,1259.0,1189.0,1259.0,12900,0.0,0.0
2022-06-15 00:00:00+09:00,1278.0,1278.0,1228.0,1238.0,5600,0.0,0.0
2022-06-16 00:00:00+09:00,1268.0,1279.0,1203.0,1203.0,12400,0.0,0.0
2022-06-17 00:00:00+09:00,1181.0,1218.0,1163.0,1193.0,9000,0.0,0.0
2022-06-20 00:00:00+09:00,1249.0,1249.0,1144.0,1177.0,16600,0.0,0.0
2022-06-21 00:00:00+09:00,1177.0,1227.0,1160.0,1201.0,9500,0.0,0.0
2022-06-22 00:00:00+09:00,1244.0,1244.0,1160.0,1182.0,10200,0.0,0.0
2022-06-23 00:00:00+09:00,1152.0,1218.0,1147.0,1218.0,15100,0.0,0.0
2022-06-24 00:00:00+09:00,1218.0,1249.0,1156.0,1213.0,16700,0.0,0.0
2022-06-27 00:00:00+09:00,1247.0,1247.0,1192.0,1218.0,7800,0.0,0.0
2022-06-28 00:00:00+09:00,1188.0,1197.0,1166.0,1182.0,12900,0.0,0.0
2022-06-29 00:00:00+09:00,1172.0,1202.0,1161.0,1161.0,9000,0.0,0.0
2022-06-30 00:00:00+09:00,1189.0,1189.0,1150.0,1157.0,9000,0.0,0.0
2022-07-01 00:00:00+09:00,1166.0,1176.0,1124.0,1160.0,12300,0.0,0.0
2022-07-04 00:00:00+09:00,1160.0,1175.0,1135.0,1148.0,3300,0.0,0.0
2022-07-05 00:00:00+09:00,1148.0,1177.0,1148.0,1177.0,3900,0.0,0.0
2022-07-06 00:00:00+09:00,1197.0,1226.0,1162.0,1162.0,9900,0.0,0.0
2022-07-07 00:00:00+09:00,1162.0,1218.0,1162.0,1167.0,9200,0.0,0.0
2022-07-08 00:00:00+09:00,1176.0,1180.0,1158.0,1158.0,11100,0.0,0.0
2022-07-11 00:00:00+09:00,1159.0,1165.0,1112.0,1126.0,19700,0.0,0.0
2022-07-12 00:00:00+09:00,1149.0,1162.0,1107.0,1107.0,12600,0.0,0.0
2022-07-13 00:00:00+09:00,1100.0,1106.0,1072.0,1072.0,15700,0.0,0.0
2022-07-14 00:00:00+09:00,1072.0,1165.0,1068.0,1106.0,22600,0.0,0.0
2022-07-15 00:00:00+09:00,1086.0,1120.0,1071.0,1118.0,21100,0.0,0.0
2022-07-19 00:00:00+09:00,1118.0,1154.0,1116.0,1117.0,11900,0.0,0.0
2022-07-20 00:00:00+09:00,1117.0,1159.0,1110.0,1151.0,8500,0.0,0.0
2022-07-21 00:00:00+09:00,1167.0,1234.0,1133.0,1156.0,23200,0.0,0.0
2022-07-22 00:00:00+09:00,1181.0,1234.0,1181.0,1228.0,11600,0.0,0.0
2022-07-25 00:00:00+09:00,1258.0,1258.0,1209.0,1209.0,6000,0.0,0.0
2022-07-26 00:00:00+09:00,1207.0,1207.0,1178.0,1189.0,9600,0.0,0.0
2022-07-27 00:00:00+09:00,1189.0,1189.0,1153.0,1170.0,12300,0.0,0.0
2022-07-28 00:00:00+09:00,1184.0,1209.0,1166.0,1182.0,19900,0.0,0.0
2022-07-29 00:00:00+09:00,1208.0,1208.0,1160.0,1173.0,6200,0.0,0.0
2022-08-01 00:00:00+09:00,1186.0,1210.0,1179.0,1210.0,3600,0.0,0.0
2022-08-02 00:00:00+09:00,1210.0,1257.0,1180.0,1245.0,42500,0.0,0.0
2022-08-03 00:00:00+09:00,1250.0,1257.0,1240.0,1250.0,7500,0.0,0.0
2022-08-04 00:00:00+09:00,1260.0,1313.0,1256.0,1313.0,21700,0.0,0.0
2022-08-05 00:00:00+09:00,1274.0,1299.0,1251.0,1261.0,11200,0.0,0.0
2022-08-08 00:00:00+09:00,1265.0,1321.0,1254.0,1300.0,20600,0.0,0.0
2022-08-09 00:00:00+09:00,1304.0,1321.0,1286.0,1321.0,12900,0.0,0.0
2022-08-10 00:00:00+09:00,1321.0,1359.0,1298.0,1340.0,22000,0.0,0.0
2022-08-12 00:00:00+09:00,1340.0,1363.0,1310.0,1310.0,15700,0.0,0.0
2022-08-15 00:00:00+09:00,1340.0,1389.0,1322.0,1365.0,18800,0.0,0.0
2022-08-16 00:00:00+09:00,1385.0,1385.0,1328.0,1347.0,5300,0.0,0.0
2022-08-17 00:00:00+09:00,1347.0,1351.0,1310.0,1312.0,10900,0.0,0.0
2022-08-18 00:00:00+09:00,1306.0,1337.0,1303.0,1320.0,14700,0.0,0.0
2022-08-19 00:00:00+09:00,1320.0,1368.0,1320.0,1362.0,17300,0.0,0.0
2022-08-22 00:00:00+09:00,1350.0,1364.0,1333.0,1350.0,8600,0.0,0.0
2022-08-23 00:00:00+09:00,1335.0,1377.0,1328.0,1371.0,17100,0.0,0.0
2022-08-24 00:00:00+09:00,1371.0,1381.0,1347.0,1351.0,10700,0.0,0.0
2022-08-25 00:00:00+09:00,1341.0,1372.0,1340.0,1372.0,10800,0.0,0.0
2022-08-26 00:00:00+09:00,1372.0,1372.0,1320.0,1350.0,19300,0.0,0.0
2022-08-29 00:00:00+09:00,1323.0,1370.0,1320.0,1350.0,17400,0.0,0.0
2022-08-30 00:00:00+09:00,1350.0,1363.0,1345.0,1360.0,13900,0.0,0.0
2022-08-31 00:00:00+09:00,1350.0,1384.0,1342.0,1384.0,13900,0.0,0.0
2022-09-01 00:00:00+09:00,1354.0,1365.0,1332.0,1349.0,22400,0.0,0.0
2022-09-02 00:00:00+09:00,1341.0,1370.0,1313.0,1360.0,26900,0.0,0.0
2022-09-05 00:00:00+09:00,1342.0,1377.0,1338.0,1338.0,6300,0.0,0.0
2022-09-06 00:00:00+09:00,1351.0,1371.0,1340.0,1369.0,10800,0.0,0.0
2022-09-07 00:00:00+09:00,1353.0,1372.0,1335.0,1372.0,8500,0.0,0.0
2022-09-08 00:00:00+09:00,1372.0,1372.0,1343.0,1368.0,7800,0.0,0.0
2022-09-09 00:00:00+09:00,1388.0,1415.0,1370.0,1389.0,23300,0.0,0.0
2022-09-12 00:00:00+09:00,1389.0,1406.0,1385.0,1391.0,21200,0.0,0.0
2022-09-13 00:00:00+09:00,1361.0,1388.0,1361.0,1375.0,15900,0.0,0.0
2022-09-14 00:00:00+09:00,1353.0,1365.0,1330.0,1355.0,9100,0.0,0.0
2022-09-15 00:00:00+09:00,1385.0,1391.0,1350.0,1350.0,20200,0.0,0.0
2022-09-16 00:00:00+09:00,1350.0,1386.0,1338.0,1350.0,6900,0.0,0.0
2022-09-20 00:00:00+09:00,1380.0,1400.0,1332.0,1350.0,19500,0.0,0.0
2022-09-21 00:00:00+09:00,1349.0,1371.0,1335.0,1350.0,8300,0.0,0.0
2022-09-22 00:00:00+09:00,1350.0,1375.0,1339.0,1369.0,10800,0.0,0.0
2022-09-26 00:00:00+09:00,1369.0,1370.0,1330.0,1335.0,13100,0.0,0.0
2022-09-27 00:00:00+09:00,1356.0,1359.0,1340.0,1349.0,3600,0.0,0.0
2022-09-28 00:00:00+09:00,1349.0,1368.0,1329.0,1348.0,11100,0.0,0.0
2022-09-29 00:00:00+09:00,1348.0,1356.0,1330.0,1342.0,5500,0.0,0.0
2022-09-30 00:00:00+09:00,1342.0,1370.0,1333.0,1333.0,6400,0.0,0.0
2022-10-03 00:00:00+09:00,1332.0,1354.0,1310.0,1317.0,7300,0.0,0.0
2022-10-04 00:00:00+09:00,1335.0,1339.0,1270.0,1310.0,6300,0.0,0.0
2022-10-05 00:00:00+09:00,1306.0,1348.0,1299.0,1348.0,10800,0.0,0.0
2022-10-06 00:00:00+09:00,1348.0,1348.0,1317.0,1323.0,3900,0.0,0.0
2022-10-07 00:00:00+09:00,1293.0,1333.0,1293.0,1309.0,8300,0.0,0.0
2022-10-11 00:00:00+09:00,1305.0,1332.0,1260.0,1260.0,9000,0.0,0.0
2022-10-12 00:00:00+09:00,1260.0,1349.0,1258.0,1349.0,55900,0.0,0.0
2022-10-13 00:00:00+09:00,1345.0,1345.0,1297.0,1325.0,5600,0.0,0.0
2022-10-14 00:00:00+09:00,1325.0,1436.0,1311.0,1436.0,27100,0.0,0.0
2022-10-17 00:00:00+09:00,1410.0,1438.0,1370.0,1438.0,15300,0.0,0.0
2022-10-18 00:00:00+09:00,1438.0,1448.0,1395.0,1448.0,7500,0.0,0.0
2022-10-19 00:00:00+09:00,1418.0,1441.0,1411.0,1441.0,10600,0.0,0.0
2022-10-20 00:00:00+09:00,1421.0,1425.0,1383.0,1418.0,9600,0.0,0.0
2022-10-21 00:00:00+09:00,1388.0,1400.0,1353.0,1358.0,10700,0.0,0.0
2022-10-24 00:00:00+09:00,1362.0,1367.0,1324.0,1330.0,13000,0.0,0.0
2022-10-25 00:00:00+09:00,1330.0,1333.0,1282.0,1333.0,11700,0.0,0.0
2022-10-26 00:00:00+09:00,1334.0,1349.0,1326.0,1326.0,5600,0.0,0.0
2022-10-27 00:00:00+09:00,1316.0,1330.0,1312.0,1326.0,4800,0.0,0.0
2022-10-28 00:00:00+09:00,1312.0,1347.0,1312.0,1335.0,5000,0.0,0.0
2022-10-31 00:00:00+09:00,1305.0,1334.0,1268.0,1279.0,20200,0.0,0.0
2022-11-01 00:00:00+09:00,1264.0,1278.0,1216.0,1219.0,18000,0.0,0.0
2022-11-02 00:00:00+09:00,1215.0,1218.0,1195.0,1207.0,13500,0.0,0.0
2022-11-04 00:00:00+09:00,1187.0,1227.0,1186.0,1218.0,16500,0.0,0.0
2022-11-07 00:00:00+09:00,1242.0,1278.0,1236.0,1278.0,20500,0.0,0.0
2022-11-08 00:00:00+09:00,1296.0,1300.0,1244.0,1244.0,17400,0.0,0.0
2022-11-09 00:00:00+09:00,1250.0,1263.0,1226.0,1239.0,6200,0.0,0.0
2022-11-10 00:00:00+09:00,1231.0,1232.0,1197.0,1202.0,18900,0.0,0.0
2022-11-11 00:00:00+09:00,1262.0,1262.0,1202.0,1208.0,34200,0.0,0.0
2022-11-14 00:00:00+09:00,1208.0,1231.0,1188.0,1190.0,20000,0.0,0.0
2022-11-15 00:00:00+09:00,1177.0,1200.0,1161.0,1187.0,14600,0.0,0.0
2022-11-16 00:00:00+09:00,1181.0,1223.0,1161.0,1190.0,10800,0.0,0.0
2022-11-17 00:00:00+09:00,1199.0,1283.0,1188.0,1242.0,42700,0.0,0.0
2022-11-18 00:00:00+09:00,1227.0,1279.0,1220.0,1276.0,19500,0.0,0.0
2022-11-21 00:00:00+09:00,1268.0,1268.0,1233.0,1233.0,11100,0.0,0.0
2022-11-22 00:00:00+09:00,1260.0,1442.0,1260.0,1427.0,186700,0.0,0.0
2022-11-24 00:00:00+09:00,1367.0,1371.0,1312.0,1343.0,47000,0.0,0.0
2022-11-25 00:00:00+09:00,1327.0,1331.0,1296.0,1299.0,27400,0.0,0.0
2022-11-28 00:00:00+09:00,1304.0,1305.0,1271.0,1279.0,14300,0.0,0.0
2022-11-29 00:00:00+09:00,1275.0,1292.0,1250.0,1292.0,12000,0.0,0.0
2022-11-30 00:00:00+09:00,1292.0,1292.0,1258.0,1287.0,16700,0.0,0.0
2022-12-01 00:00:00+09:00,1295.0,1306.0,1267.0,1306.0,24000,0.0,0.0
2022-12-02 00:00:00+09:00,1306.0,1306.0,1272.0,1287.0,10700,0.0,0.0
2022-12-05 00:00:00+09:00,1288.0,1289.0,1250.0,1251.0,14700,0.0,0.0
2022-12-06 00:00:00+09:00,1246.0,1280.0,1238.0,1246.0,13900,0.0,0.0
2022-12-07 00:00:00+09:00,1236.0,1250.0,1234.0,1248.0,5300,0.0,0.0
2022-12-08 00:00:00+09:00,1248.0,1250.0,1210.0,1236.0,12900,0.0,0.0
2022-12-09 00:00:00+09:00,1263.0,1263.0,1233.0,1248.0,8700,0.0,0.0
2022-12-12 00:00:00+09:00,1239.0,1247.0,1232.0,1247.0,2700,0.0,0.0
2022-12-13 00:00:00+09:00,1248.0,1315.0,1248.0,1307.0,20800,0.0,0.0
2022-12-14 00:00:00+09:00,1307.0,1313.0,1274.0,1300.0,10800,0.0,0.0
2022-12-15 00:00:00+09:00,1313.0,1346.0,1301.0,1345.0,15700,0.0,0.0
2022-12-16 00:00:00+09:00,1338.0,1354.0,1300.0,1321.0,13500,0.0,0.0
2022-12-19 00:00:00+09:00,1301.0,1337.0,1280.0,1311.0,10700,0.0,0.0
2022-12-20 00:00:00+09:00,1337.0,1337.0,1258.0,1300.0,15600,0.0,0.0
2022-12-21 00:00:00+09:00,1270.0,1327.0,1263.0,1327.0,23200,0.0,0.0
2022-12-22 00:00:00+09:00,1338.0,1369.0,1286.0,1286.0,13000,0.0,0.0
2022-12-23 00:00:00+09:00,1286.0,1425.0,1286.0,1385.0,114000,0.0,0.0
2022-12-26 00:00:00+09:00,1370.0,1393.0,1343.0,1370.0,11000,0.0,0.0
2022-12-27 00:00:00+09:00,1389.0,1397.0,1357.0,1391.0,9900,0.0,0.0
2022-12-28 00:00:00+09:00,1390.0,1399.0,1336.0,1351.0,11900,0.0,0.0
2022-12-29 00:00:00+09:00,1381.0,1381.0,1321.0,1361.0,11400,0.0,0.0
2022-12-30 00:00:00+09:00,1361.0,1398.0,1361.0,1385.0,24600,0.0,0.0
2023-01-04 00:00:00+09:00,1361.0,1396.0,1351.0,1360.0,11900,0.0,0.0
2023-01-05 00:00:00+09:00,1380.0,1403.0,1352.0,1376.0,13100,0.0,0.0
2023-01-06 00:00:00+09:00,1397.0,1423.0,1380.0,1383.0,9900,0.0,0.0
2023-01-10 00:00:00+09:00,1397.0,1414.0,1367.0,1372.0,16500,0.0,0.0
2023-01-11 00:00:00+09:00,1380.0,1399.0,1354.0,1368.0,9900,0.0,0.0
2023-01-12 00:00:00+09:00,1372.0,1388.0,1360.0,1374.0,7900,0.0,0.0
2023-01-13 00:00:00+09:00,1388.0,1388.0,1340.0,1340.0,19400,0.0,0.0
2023-01-16 00:00:00+09:00,1350.0,1350.0,1235.0,1240.0,65800,0.0,0.0
2023-01-17 00:00:00+09:00,1252.0,1283.0,1224.0,1265.0,66600,0.0,0.0
2023-01-18 00:00:00+09:00,1261.0,1297.0,1238.0,1279.0,28600,0.0,0.0
2023-01-19 00:00:00+09:00,1265.0,1284.0,1247.0,1262.0,10600,0.0,0.0
2023-01-20 00:00:00+09:00,1261.0,1292.0,1258.0,1282.0,9100,0.0,0.0
2023-01-23 00:00:00+09:00,1300.0,1300.0,1283.0,1295.0,5400,0.0,0.0
2023-01-24 00:00:00+09:00,1318.0,1318.0,1296.0,1303.0,4200,0.0,0.0
2023-01-25 00:00:00+09:00,1303.0,1396.0,1301.0,1361.0,44500,0.0,0.0
2023-01-26 00:00:00+09:00,1368.0,1415.0,1355.0,1400.0,48500,0.0,0.0
2023-01-27 00:00:00+09:00,1394.0,1409.0,1364.0,1380.0,20600,0.0,0.0
2023-01-30 00:00:00+09:00,1380.0,1422.0,1355.0,1407.0,21600,0.0,0.0
2023-01-31 00:00:00+09:00,1415.0,1464.0,1415.0,1449.0,21900,0.0,0.0
2023-02-01 00:00:00+09:00,1422.0,1447.0,1406.0,1426.0,15200,0.0,0.0
2023-02-02 00:00:00+09:00,1400.0,1414.0,1362.0,1392.0,37600,0.0,0.0
2023-02-03 00:00:00+09:00,1366.0,1366.0,1340.0,1348.0,10100,0.0,0.0
2023-02-06 00:00:00+09:00,1393.0,1415.0,1384.0,1400.0,16700,0.0,0.0
2023-02-07 00:00:00+09:00,1400.0,1409.0,1376.0,1400.0,8400,0.0,0.0
2023-02-08 00:00:00+09:00,1430.0,1430.0,1395.0,1408.0,9300,0.0,0.0
2023-02-09 00:00:00+09:00,1408.0,1480.0,1401.0,1473.0,17000,0.0,0.0
2023-02-10 00:00:00+09:00,1460.0,1465.0,1430.0,1450.0,21800,0.0,0.0
2023-02-13 00:00:00+09:00,1441.0,1465.0,1420.0,1455.0,10000,0.0,0.0
2023-02-14 00:00:00+09:00,1469.0,1469.0,1442.0,1453.0,3300,0.0,0.0
2023-02-15 00:00:00+09:00,1466.0,1494.0,1459.0,1487.0,8500,0.0,0.0
2023-02-16 00:00:00+09:00,1499.0,1503.0,1494.0,1503.0,6500,0.0,0.0
2023-02-17 00:00:00+09:00,1501.0,1505.0,1482.0,1499.0,6600,0.0,0.0
2023-02-20 00:00:00+09:00,1495.0,1495.0,1426.0,1447.0,6100,0.0,0.0
2023-02-21 00:00:00+09:00,1431.0,1472.0,1431.0,1457.0,4300,0.0,0.0
2023-02-22 00:00:00+09:00,1597.0,1597.0,1457.0,1516.0,29700,0.0,0.0
2023-02-24 00:00:00+09:00,1556.0,1556.0,1494.0,1521.0,11800,0.0,0.0
2023-02-27 00:00:00+09:00,1468.0,1500.0,1468.0,1480.0,15500,0.0,0.0
2023-02-28 00:00:00+09:00,1480.0,1526.0,1468.0,1482.0,17100,0.0,0.0
2023-03-01 00:00:00+09:00,1492.0,1526.0,1467.0,1518.0,6000,0.0,0.0
2023-03-02 00:00:00+09:00,1518.0,1518.0,1472.0,1509.0,5500,0.0,0.0
2023-03-03 00:00:00+09:00,1514.0,1517.0,1481.0,1514.0,5900,0.0,0.0
2023-03-06 00:00:00+09:00,1514.0,1514.0,1489.0,1502.0,6600,0.0,0.0
2023-03-07 00:00:00+09:00,1487.0,1505.0,1486.0,1500.0,15000,0.0,0.0
2023-03-08 00:00:00+09:00,1500.0,1505.0,1452.0,1500.0,14400,0.0,0.0
2023-03-09 00:00:00+09:00,1500.0,1500.0,1473.0,1473.0,4200,0.0,0.0
2023-03-10 00:00:00+09:00,1503.0,1505.0,1433.0,1472.0,14700,0.0,0.0
2023-03-13 00:00:00+09:00,1497.0,1497.0,1391.0,1419.0,23300,0.0,0.0
2023-03-14 00:00:00+09:00,1400.0,1401.0,1365.0,1388.0,8300,0.0,0.0
2023-03-15 00:00:00+09:00,1388.0,1461.0,1375.0,1418.0,9600,0.0,0.0
2023-03-16 00:00:00+09:00,1394.0,1459.0,1377.0,1442.0,29100,0.0,0.0
2023-03-17 00:00:00+09:00,1432.0,1464.0,1384.0,1384.0,7300,0.0,0.0
2023-03-20 00:00:00+09:00,1384.0,1384.0,1335.0,1355.0,11200,0.0,0.0
2023-03-22 00:00:00+09:00,1353.0,1385.0,1344.0,1385.0,2900,0.0,0.0
2023-03-23 00:00:00+09:00,1355.0,1355.0,1316.0,1346.0,9600,0.0,0.0
2023-03-24 00:00:00+09:00,1466.0,1470.0,1372.0,1417.0,38400,0.0,0.0
2023-03-27 00:00:00+09:00,1440.0,1513.0,1408.0,1502.0,39600,0.0,0.0
2023-03-28 00:00:00+09:00,1500.0,1512.0,1468.0,1496.0,7100,0.0,0.0
2023-03-29 00:00:00+09:00,1476.0,1476.0,1430.0,1430.0,10800,0.0,0.0
2023-03-30 00:00:00+09:00,1419.0,1449.0,1415.0,1426.0,5700,0.0,0.0
2023-03-31 00:00:00+09:00,1414.0,1433.0,1388.0,1394.0,7900,0.0,0.0
2023-04-03 00:00:00+09:00,1387.0,1400.0,1369.0,1383.0,10600,0.0,0.0
2023-04-04 00:00:00+09:00,1373.0,1388.0,1359.0,1359.0,11600,0.0,0.0
2023-04-05 00:00:00+09:00,1352.0,1400.0,1330.0,1360.0,12300,0.0,0.0
2023-04-06 00:00:00+09:00,1360.0,1360.0,1343.0,1360.0,3800,0.0,0.0
2023-04-07 00:00:00+09:00,1361.0,1361.0,1331.0,1345.0,5100,0.0,0.0
2023-04-10 00:00:00+09:00,1345.0,1360.0,1343.0,1360.0,3800,0.0,0.0
2023-04-11 00:00:00+09:00,1360.0,1385.0,1351.0,1381.0,2500,0.0,0.0
2023-04-12 00:00:00+09:00,1371.0,1387.0,1364.0,1387.0,4300,0.0,0.0
2023-04-13 00:00:00+09:00,1374.0,1411.0,1372.0,1400.0,8300,0.0,0.0
2023-04-14 00:00:00+09:00,1430.0,1430.0,1380.0,1393.0,19500,0.0,0.0
2023-04-17 00:00:00+09:00,1360.0,1400.0,1301.0,1303.0,39200,0.0,0.0
2023-04-18 00:00:00+09:00,1300.0,1300.0,1266.0,1283.0,24900,0.0,0.0
2023-04-19 00:00:00+09:00,1280.0,1280.0,1253.0,1272.0,12600,0.0,0.0
2023-04-20 00:00:00+09:00,1261.0,1277.0,1261.0,1268.0,9300,0.0,0.0
2023-04-21 00:00:00+09:00,1260.0,1263.0,1246.0,1254.0,11800,0.0,0.0
2023-04-24 00:00:00+09:00,1254.0,1293.0,1249.0,1293.0,12500,0.0,0.0
2023-04-25 00:00:00+09:00,1289.0,1295.0,1264.0,1266.0,16500,0.0,0.0
2023-04-26 00:00:00+09:00,1262.0,1267.0,1244.0,1244.0,12100,0.0,0.0
2023-04-27 00:00:00+09:00,1274.0,1324.0,1264.0,1300.0,24800,0.0,0.0
2023-04-28 00:00:00+09:00,1321.0,1321.0,1290.0,1292.0,6800,0.0,0.0
2023-05-01 00:00:00+09:00,1299.0,1312.0,1280.0,1310.0,15300,0.0,0.0
2023-05-02 00:00:00+09:00,1310.0,1345.0,1299.0,1342.0,19900,0.0,0.0
2023-05-08 00:00:00+09:00,1342.0,1345.0,1312.0,1314.0,17900,0.0,0.0
2023-05-09 00:00:00+09:00,1314.0,1322.0,1284.0,1290.0,8700,0.0,0.0
2023-05-10 00:00:00+09:00,1283.0,1283.0,1262.0,1263.0,8900,0.0,0.0
2023-05-11 00:00:00+09:00,1271.0,1295.0,1261.0,1261.0,8600,0.0,0.0
2023-05-12 00:00:00+09:00,1257.0,1268.0,1250.0,1268.0,9500,0.0,0.0
2023-05-15 00:00:00+09:00,1274.0,1281.0,1254.0,1281.0,8900,0.0,0.0
2023-05-16 00:00:00+09:00,1281.0,1281.0,1255.0,1259.0,9500,0.0,0.0
2023-05-17 00:00:00+09:00,1259.0,1260.0,1232.0,1243.0,14200,0.0,0.0
2023-05-18 00:00:00+09:00,1233.0,1234.0,1221.0,1234.0,9800,0.0,0.0
2023-05-19 00:00:00+09:00,1222.0,1222.0,1194.0,1213.0,21800,0.0,0.0
2023-05-22 00:00:00+09:00,1220.0,1255.0,1215.0,1255.0,20700,0.0,0.0
2023-05-23 00:00:00+09:00,1230.0,1260.0,1230.0,1250.0,13900,0.0,0.0
2023-05-24 00:00:00+09:00,1250.0,1260.0,1233.0,1250.0,10600,0.0,0.0
2023-05-25 00:00:00+09:00,1250.0,1268.0,1245.0,1268.0,10600,0.0,0.0
2023-05-26 00:00:00+09:00,1267.0,1300.0,1250.0,1298.0,16800,0.0,0.0
2023-05-29 00:00:00+09:00,1310.0,1349.0,1303.0,1326.0,20100,0.0,0.0
2023-05-30 00:00:00+09:00,1347.0,1347.0,1290.0,1315.0,14100,0.0,0.0
2023-05-31 00:00:00+09:00,1315.0,1323.0,1260.0,1313.0,11400,0.0,0.0
2023-06-01 00:00:00+09:00,1310.0,1318.0,1300.0,1300.0,2800,0.0,0.0
2023-06-02 00:00:00+09:00,1320.0,1320.0,1295.0,1302.0,2000,0.0,0.0
2023-06-05 00:00:00+09:00,1302.0,1349.0,1302.0,1348.0,19500,0.0,0.0
2023-06-06 00:00:00+09:00,1325.0,1379.0,1325.0,1360.0,14800,0.0,0.0
2023-06-07 00:00:00+09:00,1360.0,1380.0,1352.0,1377.0,6900,0.0,0.0
2023-06-08 00:00:00+09:00,1380.0,1442.0,1380.0,1439.0,20100,0.0,0.0
2023-06-09 00:00:00+09:00,1449.0,1450.0,1385.0,1387.0,19500,0.0,0.0
2023-06-12 00:00:00+09:00,1377.0,1377.0,1331.0,1367.0,9700,0.0,0.0
2023-06-13 00:00:00+09:00,1381.0,1433.0,1354.0,1432.0,22000,0.0,0.0
2023-06-14 00:00:00+09:00,1435.0,1435.0,1385.0,1415.0,9400,0.0,0.0
2023-06-15 00:00:00+09:00,1385.0,1419.0,1378.0,1378.0,9000,0.0,0.0
2023-06-16 00:00:00+09:00,1368.0,1379.0,1341.0,1365.0,11600,0.0,0.0
2023-06-19 00:00:00+09:00,1360.0,1398.0,1351.0,1387.0,8800,0.0,0.0
2023-06-20 00:00:00+09:00,1384.0,1384.0,1358.0,1369.0,13100,0.0,0.0
2023-06-21 00:00:00+09:00,1358.0,1418.0,1356.0,1412.0,17000,0.0,0.0
2023-06-22 00:00:00+09:00,1382.0,1417.0,1369.0,1369.0,9500,0.0,0.0
2023-06-23 00:00:00+09:00,1367.0,1374.0,1325.0,1344.0,11800,0.0,0.0
2023-06-26 00:00:00+09:00,1325.0,1339.0,1319.0,1339.0,2700,0.0,0.0
2023-06-27 00:00:00+09:00,1350.0,1350.0,1325.0,1339.0,3500,0.0,0.0
2023-06-28 00:00:00+09:00,1339.0,1348.0,1323.0,1332.0,7100,0.0,0.0
2023-06-29 00:00:00+09:00,1332.0,1337.0,1303.0,1321.0,9600,0.0,0.0
2023-06-30 00:00:00+09:00,1321.0,1322.0,1301.0,1303.0,7200,0.0,0.0
2023-07-03 00:00:00+09:00,1300.0,1323.0,1292.0,1309.0,14800,0.0,0.0
2023-07-04 00:00:00+09:00,1298.0,1312.0,1298.0,1303.0,10600,0.0,0.0
2023-07-05 00:00:00+09:00,1298.0,1298.0,1282.0,1295.0,11800,0.0,0.0
2023-07-06 00:00:00+09:00,1280.0,1328.0,1280.0,1326.0,18000,0.0,0.0
2023-07-07 00:00:00+09:00,1313.0,1355.0,1307.0,1355.0,20900,0.0,0.0
2023-07-10 00:00:00+09:00,1356.0,1370.0,1336.0,1336.0,20200,0.0,0.0
2023-07-11 00:00:00+09:00,1335.0,1343.0,1301.0,1314.0,15200,0.0,0.0
2023-07-12 00:00:00+09:00,1314.0,1371.0,1295.0,1369.0,24800,0.0,0.0
2023-07-13 00:00:00+09:00,1369.0,1400.0,1344.0,1400.0,18600,0.0,0.0
2023-07-14 00:00:00+09:00,1415.0,1415.0,1371.0,1400.0,33100,0.0,0.0
2023-07-18 00:00:00+09:00,1310.0,1333.0,1261.0,1289.0,72000,0.0,0.0
2023-07-19 00:00:00+09:00,1291.0,1303.0,1269.0,1280.0,34900,0.0,0.0
2023-07-20 00:00:00+09:00,1273.0,1273.0,1224.0,1233.0,118300,0.0,0.0
2023-07-21 00:00:00+09:00,1233.0,1233.0,1210.0,1226.0,22000,0.0,0.0
2023-07-24 00:00:00+09:00,1236.0,1236.0,1208.0,1218.0,10100,0.0,0.0
2023-07-25 00:00:00+09:00,1212.0,1223.0,1206.0,1216.0,12000,0.0,0.0
2023-07-26 00:00:00+09:00,1213.0,1217.0,1194.0,1207.0,41000,0.0,0.0
2023-07-27 00:00:00+09:00,1213.0,1216.0,1199.0,1215.0,6100,0.0,0.0
2023-07-28 00:00:00+09:00,1215.0,1215.0,1177.0,1191.0,24600,0.0,0.0
2023-07-31 00:00:00+09:00,1194.0,1200.0,1181.0,1186.0,13800,0.0,0.0
2023-08-01 00:00:00+09:00,1186.0,1199.0,1181.0,1196.0,7500,0.0,0.0
2023-08-02 00:00:00+09:00,1212.0,1212.0,1163.0,1176.0,15300,0.0,0.0
2023-08-03 00:00:00+09:00,1166.0,1169.0,1142.0,1146.0,34700,0.0,0.0
2023-08-04 00:00:00+09:00,1169.0,1169.0,1147.0,1161.0,8800,0.0,0.0
2023-08-07 00:00:00+09:00,1149.0,1163.0,1149.0,1158.0,8700,0.0,0.0
2023-08-08 00:00:00+09:00,1158.0,1279.0,1158.0,1264.0,102500,0.0,0.0
2023-08-09 00:00:00+09:00,1264.0,1337.0,1262.0,1319.0,60100,0.0,0.0
2023-08-10 00:00:00+09:00,1319.0,1353.0,1318.0,1335.0,28300,0.0,0.0
2023-08-14 00:00:00+09:00,1318.0,1340.0,1277.0,1324.0,32100,0.0,0.0
2023-08-15 00:00:00+09:00,1324.0,1357.0,1312.0,1349.0,29100,0.0,0.0
2023-08-16 00:00:00+09:00,1330.0,1365.0,1310.0,1320.0,25600,0.0,0.0
2023-08-17 00:00:00+09:00,1326.0,1326.0,1277.0,1299.0,33900,0.0,0.0
2023-08-18 00:00:00+09:00,1271.0,1278.0,1247.0,1250.0,34400,0.0,0.0
2023-08-21 00:00:00+09:00,1236.0,1272.0,1236.0,1268.0,25600,0.0,0.0
2023-08-22 00:00:00+09:00,1268.0,1293.0,1243.0,1258.0,13900,0.0,0.0
2023-08-23 00:00:00+09:00,1260.0,1260.0,1225.0,1258.0,23700,0.0,0.0
2023-08-24 00:00:00+09:00,1255.0,1314.0,1251.0,1314.0,15000,0.0,0.0
2023-08-25 00:00:00+09:00,1298.0,1406.0,1297.0,1400.0,52200,0.0,0.0
2023-08-28 00:00:00+09:00,1397.0,1460.0,1395.0,1445.0,37400,0.0,0.0
2023-08-29 00:00:00+09:00,1445.0,1520.0,1423.0,1502.0,49900,0.0,0.0
2023-08-30 00:00:00+09:00,1502.0,1580.0,1466.0,1523.0,52600,0.0,0.0
2023-08-31 00:00:00+09:00,1529.0,1537.0,1446.0,1476.0,42900,0.0,0.0
2023-09-01 00:00:00+09:00,1475.0,1475.0,1418.0,1431.0,22700,0.0,0.0
2023-09-04 00:00:00+09:00,1431.0,1456.0,1400.0,1430.0,30900,0.0,0.0
2023-09-05 00:00:00+09:00,1429.0,1478.0,1418.0,1453.0,36300,0.0,0.0
2023-09-06 00:00:00+09:00,1453.0,1528.0,1444.0,1505.0,32200,0.0,0.0
2023-09-07 00:00:00+09:00,1499.0,1524.0,1489.0,1524.0,13700,0.0,0.0
2023-09-08 00:00:00+09:00,1493.0,1504.0,1483.0,1490.0,11100,0.0,0.0
2023-09-11 00:00:00+09:00,1507.0,1550.0,1492.0,1526.0,21500,0.0,0.0
2023-09-12 00:00:00+09:00,1526.0,1586.0,1526.0,1566.0,23600,0.0,0.0
2023-09-13 00:00:00+09:00,1550.0,1587.0,1527.0,1549.0,15100,0.0,0.0
2023-09-14 00:00:00+09:00,1538.0,1637.0,1538.0,1625.0,31600,0.0,0.0
2023-09-15 00:00:00+09:00,1625.0,1642.0,1592.0,1642.0,22300,0.0,0.0
2023-09-19 00:00:00+09:00,1682.0,1764.0,1677.0,1730.0,77300,0.0,0.0
2023-09-20 00:00:00+09:00,1695.0,1742.0,1655.0,1692.0,66700,0.0,0.0
2023-09-21 00:00:00+09:00,1703.0,1750.0,1683.0,1683.0,68300,0.0,0.0
2023-09-22 00:00:00+09:00,1676.0,1769.0,1656.0,1732.0,47200,0.0,0.0
2023-09-25 00:00:00+09:00,1732.0,1751.0,1700.0,1722.0,20700,0.0,0.0
2023-09-26 00:00:00+09:00,1722.0,1750.0,1709.0,1750.0,4000,0.0,0.0
2023-09-27 00:00:00+09:00,1710.0,1732.0,1707.0,1719.0,11100,0.0,0.0
2023-09-28 00:00:00+09:00,1719.0,1769.0,1717.0,1748.0,13500,0.0,0.0
2023-09-29 00:00:00+09:00,1714.0,1750.0,1714.0,1722.0,10900,0.0,0.0
2023-10-02 00:00:00+09:00,1735.0,1735.0,1640.0,1672.0,43100,0.0,0.0
2023-10-03 00:00:00+09:00,1670.0,1695.0,1636.0,1654.0,20800,0.0,0.0
2023-10-04 00:00:00+09:00,1616.0,1626.0,1551.0,1580.0,35200,0.0,0.0
2023-10-05 00:00:00+09:00,1562.0,1630.0,1562.0,1592.0,16000,0.0,0.0
2023-10-06 00:00:00+09:00,1562.0,1615.0,1562.0,1593.0,9700,0.0,0.0
2023-10-10 00:00:00+09:00,1608.0,1650.0,1581.0,1630.0,20800,0.0,0.0
2023-10-11 00:00:00+09:00,1648.0,1648.0,1610.0,1610.0,3200,0.0,0.0
2023-10-12 00:00:00+09:00,1621.0,1670.0,1605.0,1670.0,5300,0.0,0.0
2023-10-13 00:00:00+09:00,1637.0,1637.0,1560.0,1605.0,25000,0.0,0.0
2023-10-16 00:00:00+09:00,1573.0,1700.0,1550.0,1607.0,48300,0.0,0.0
2023-10-17 00:00:00+09:00,1612.0,1711.0,1603.0,1694.0,32400,0.0,0.0
2023-10-18 00:00:00+09:00,1725.0,1725.0,1670.0,1691.0,13200,0.0,0.0
2023-10-19 00:00:00+09:00,1700.0,1769.0,1671.0,1765.0,38300,0.0,0.0
2023-10-20 00:00:00+09:00,1773.0,1774.0,1725.0,1750.0,24800,0.0,0.0
2023-10-23 00:00:00+09:00,1750.0,1750.0,1665.0,1686.0,34800,0.0,0.0
2023-10-24 00:00:00+09:00,1708.0,1719.0,1592.0,1701.0,30300,0.0,0.0
2023-10-25 00:00:00+09:00,1741.0,1741.0,1666.0,1716.0,15500,0.0,0.0
2023-10-26 00:00:00+09:00,1702.0,1708.0,1641.0,1664.0,19200,0.0,0.0
2023-10-27 00:00:00+09:00,1625.0,1625.0,1500.0,1539.0,49800,0.0,0.0
2023-10-30 00:00:00+09:00,1579.0,1629.0,1539.0,1608.0,15400,0.0,0.0
2023-10-31 00:00:00+09:00,1608.0,1627.0,1570.0,1596.0,16300,0.0,0.0
2023-11-01 00:00:00+09:00,1556.0,1603.0,1556.0,1574.0,5300,0.0,0.0
2023-11-02 00:00:00+09:00,1590.0,1650.0,1579.0,1650.0,7900,0.0,0.0
2023-11-06 00:00:00+09:00,1690.0,1705.0,1631.0,1657.0,36200,0.0,0.0
2023-11-07 00:00:00+09:00,1617.0,1656.0,1600.0,1629.0,12000,0.0,0.0
2023-11-08 00:00:00+09:00,1643.0,1658.0,1618.0,1646.0,11800,0.0,0.0
2023-11-09 00:00:00+09:00,1650.0,1665.0,1607.0,1636.0,6100,0.0,0.0
2023-11-10 00:00:00+09:00,1637.0,1637.0,1585.0,1600.0,11000,0.0,0.0
2023-11-13 00:00:00+09:00,1585.0,1621.0,1557.0,1587.0,17800,0.0,0.0
2023-11-14 00:00:00+09:00,1587.0,1599.0,1570.0,1599.0,5800,0.0,0.0
2023-11-15 00:00:00+09:00,1617.0,1617.0,1528.0,1535.0,32200,0.0,0.0
2023-11-16 00:00:00+09:00,1518.0,1518.0,1444.0,1463.0,37200,0.0,0.0
2023-11-17 00:00:00+09:00,1447.0,1561.0,1447.0,1524.0,40300,0.0,0.0
2023-11-20 00:00:00+09:00,1558.0,1565.0,1514.0,1550.0,18500,0.0,0.0
2023-11-21 00:00:00+09:00,1560.0,1585.0,1493.0,1542.0,39300,0.0,0.0
2023-11-22 00:00:00+09:00,1582.0,1582.0,1533.0,1534.0,2000,0.0,0.0
2023-11-24 00:00:00+09:00,1574.0,1600.0,1518.0,1561.0,31100,0.0,0.0
2023-11-27 00:00:00+09:00,1561.0,1573.0,1540.0,1562.0,8200,0.0,0.0
2023-11-28 00:00:00+09:00,1569.0,1579.0,1550.0,1575.0,3600,0.0,0.0
2023-11-29 00:00:00+09:00,1575.0,1575.0,1476.0,1501.0,41300,0.0,0.0
2023-11-30 00:00:00+09:00,1484.0,1484.0,1423.0,1424.0,22700,0.0,0.0
2023-12-01 00:00:00+09:00,1454.0,1495.0,1435.0,1478.0,11800,0.0,0.0
2023-12-04 00:00:00+09:00,1486.0,1488.0,1453.0,1453.0,5500,0.0,0.0
2023-12-05 00:00:00+09:00,1479.0,1479.0,1435.0,1443.0,3500,0.0,0.0
2023-12-06 00:00:00+09:00,1476.0,1483.0,1458.0,1473.0,6600,0.0,0.0
2023-12-07 00:00:00+09:00,1454.0,1454.0,1381.0,1428.0,22300,0.0,0.0
2023-12-08 00:00:00+09:00,1428.0,1455.0,1402.0,1455.0,13700,0.0,0.0
2023-12-11 00:00:00+09:00,1459.0,1482.0,1444.0,1477.0,3700,0.0,0.0
2023-12-12 00:00:00+09:00,1483.0,1502.0,1466.0,1476.0,5800,0.0,0.0
2023-12-13 00:00:00+09:00,1488.0,1506.0,1472.0,1495.0,8900,0.0,0.0
2023-12-14 00:00:00+09:00,1495.0,1502.0,1420.0,1420.0,20100,0.0,0.0
2023-12-15 00:00:00+09:00,1480.0,1480.0,1414.0,1427.0,8800,0.0,0.0
2023-12-18 00:00:00+09:00,1415.0,1495.0,1415.0,1452.0,9500,0.0,0.0
2023-12-19 00:00:00+09:00,1482.0,1489.0,1447.0,1488.0,10600,0.0,0.0
2023-12-20 00:00:00+09:00,1495.0,1520.0,1475.0,1506.0,15900,0.0,0.0
2023-12-21 00:00:00+09:00,1475.0,1495.0,1465.0,1469.0,6000,0.0,0.0
2023-12-22 00:00:00+09:00,1499.0,1524.0,1483.0,1500.0,9800,0.0,0.0
2023-12-25 00:00:00+09:00,1541.0,1541.0,1504.0,1523.0,2800,0.0,0.0
2023-12-26 00:00:00+09:00,1518.0,1518.0,1463.0,1463.0,10400,0.0,0.0
2023-12-27 00:00:00+09:00,1468.0,1485.0,1421.0,1425.0,7400,0.0,0.0
2023-12-28 00:00:00+09:00,1440.0,1482.0,1428.0,1478.0,10400,0.0,0.0
2023-12-29 00:00:00+09:00,1478.0,1478.0,1462.0,1465.0,2600,0.0,0.0
2024-01-04 00:00:00+09:00,1495.0,1498.0,1466.0,1486.0,5600,0.0,0.0
2024-01-05 00:00:00+09:00,1486.0,1494.0,1470.0,1473.0,8600,0.0,0.0
2024-01-09 00:00:00+09:00,1501.0,1506.0,1474.0,1475.0,8500,0.0,0.0
2024-01-10 00:00:00+09:00,1496.0,1515.0,1491.0,1506.0,9500,0.0,0.0
2024-01-11 00:00:00+09:00,1519.0,1524.0,1501.0,1514.0,11500,0.0,0.0
2024-01-12 00:00:00+09:00,1511.0,1514.0,1476.0,1499.0,18900,0.0,0.0
2024-01-15 00:00:00+09:00,1508.0,1508.0,1466.0,1470.0,7000,0.0,0.0
2024-01-16 00:00:00+09:00,1444.0,1447.0,1420.0,1420.0,14600,0.0,0.0
2024-01-17 00:00:00+09:00,1426.0,1427.0,1396.0,1406.0,19300,0.0,0.0
2024-01-18 00:00:00+09:00,1427.0,1427.0,1383.0,1392.0,15200,0.0,0.0
2024-01-19 00:00:00+09:00,1395.0,1412.0,1387.0,1412.0,16900,0.0,0.0
2024-01-22 00:00:00+09:00,1417.0,1450.0,1396.0,1417.0,28100,0.0,0.0
2024-01-23 00:00:00+09:00,1446.0,1446.0,1422.0,1428.0,8400,0.0,0.0
2024-01-24 00:00:00+09:00,1444.0,1455.0,1427.0,1455.0,7300,0.0,0.0
2024-01-25 00:00:00+09:00,1454.0,1454.0,1430.0,1454.0,2400,0.0,0.0
2024-01-26 00:00:00+09:00,1454.0,1462.0,1450.0,1452.0,1700,0.0,0.0
2024-01-29 00:00:00+09:00,1453.0,1459.0,1440.0,1456.0,4700,0.0,0.0
2024-01-30 00:00:00+09:00,1456.0,1464.0,1454.0,1462.0,2800,0.0,0.0
2024-01-31 00:00:00+09:00,1470.0,1490.0,1459.0,1485.0,8500,0.0,0.0
2024-02-01 00:00:00+09:00,1472.0,1490.0,1471.0,1480.0,3400,0.0,0.0
2024-02-02 00:00:00+09:00,1489.0,1519.0,1481.0,1498.0,5000,0.0,0.0
2024-02-05 00:00:00+09:00,1498.0,1513.0,1497.0,1513.0,5500,0.0,0.0
2024-02-06 00:00:00+09:00,1515.0,1523.0,1509.0,1523.0,5400,0.0,0.0
2024-02-07 00:00:00+09:00,1523.0,1555.0,1523.0,1549.0,11700,0.0,0.0
2024-02-08 00:00:00+09:00,1565.0,1618.0,1556.0,1582.0,17500,0.0,0.0
2024-02-09 00:00:00+09:00,1622.0,1622.0,1555.0,1566.0,15400,0.0,0.0
2024-02-13 00:00:00+09:00,1567.0,1569.0,1500.0,1523.0,19200,0.0,0.0
2024-02-14 00:00:00+09:00,1520.0,1520.0,1463.0,1495.0,16400,0.0,0.0
2024-02-15 00:00:00+09:00,1487.0,1541.0,1452.0,1492.0,18800,0.0,0.0
2024-02-16 00:00:00+09:00,1509.0,1509.0,1458.0,1476.0,9000,0.0,0.0
2024-02-19 00:00:00+09:00,1481.0,1482.0,1445.0,1471.0,20500,0.0,0.0
2024-02-20 00:00:00+09:00,1441.0,1463.0,1434.0,1460.0,32800,0.0,0.0
2024-02-21 00:00:00+09:00,1461.0,1473.0,1433.0,1440.0,21300,0.0,0.0
2024-02-22 00:00:00+09:00,1470.0,1470.0,1400.0,1417.0,42800,0.0,0.0
2024-02-26 00:00:00+09:00,1430.0,1460.0,1409.0,1426.0,32900,0.0,0.0
2024-02-27 00:00:00+09:00,1455.0,1455.0,1427.0,1446.0,29800,0.0,0.0
2024-02-28 00:00:00+09:00,1400.0,1430.0,1384.0,1415.0,43300,0.0,0.0
2024-02-29 00:00:00+09:00,1414.0,1465.0,1413.0,1460.0,22400,0.0,0.0
2024-03-01 00:00:00+09:00,1460.0,1509.0,1405.0,1458.0,26200,0.0,0.0
2024-03-04 00:00:00+09:00,1456.0,1479.0,1418.0,1418.0,15200,0.0,0.0
2024-03-05 00:00:00+09:00,1418.0,1466.0,1418.0,1466.0,7900,0.0,0.0
2024-03-06 00:00:00+09:00,1465.0,1465.0,1430.0,1454.0,7300,0.0,0.0
2024-03-07 00:00:00+09:00,1454.0,1455.0,1417.0,1417.0,10700,0.0,0.0
2024-03-08 00:00:00+09:00,1416.0,1432.0,1416.0,1416.0,10800,0.0,0.0
2024-03-11 00:00:00+09:00,1436.0,1436.0,1409.0,1428.0,10600,0.0,0.0
2024-03-12 00:00:00+09:00,1429.0,1440.0,1424.0,1437.0,2500,0.0,0.0
2024-03-13 00:00:00+09:00,1439.0,1444.0,1415.0,1438.0,6600,0.0,0.0
2024-03-14 00:00:00+09:00,1442.0,1444.0,1428.0,1440.0,7900,0.0,0.0
2024-03-15 00:00:00+09:00,1440.0,1459.0,1432.0,1432.0,7400,0.0,0.0
2024-03-18 00:00:00+09:00,1435.0,1435.0,1424.0,1424.0,4000,0.0,0.0
2024-03-19 00:00:00+09:00,1422.0,1463.0,1422.0,1463.0,11300,0.0,0.0
2024-03-21 00:00:00+09:00,1469.0,1481.0,1455.0,1455.0,16400,0.0,0.0
2024-03-22 00:00:00+09:00,1455.0,1457.0,1437.0,1445.0,5800,0.0,0.0
2024-03-25 00:00:00+09:00,1441.0,1451.0,1410.0,1418.0,13300,0.0,0.0
2024-03-26 00:00:00+09:00,1418.0,1429.0,1410.0,1411.0,3300,0.0,0.0
2024-03-27 00:00:00+09:00,1416.0,1453.0,1416.0,1425.0,10300,0.0,0.0
2024-03-28 00:00:00+09:00,1415.0,1443.0,1415.0,1432.0,2400,0.0,0.0
2024-03-29 00:00:00+09:00,1432.0,1432.0,1412.0,1416.0,6200,0.0,0.0
2024-04-01 00:00:00+09:00,1432.0,1432.0,1401.0,1417.0,7300,0.0,0.0
2024-04-02 00:00:00+09:00,1417.0,1440.0,1410.0,1432.0,5100,0.0,0.0
2024-04-03 00:00:00+09:00,1431.0,1439.0,1409.0,1437.0,7000,0.0,0.0
2024-04-04 00:00:00+09:00,1440.0,1447.0,1422.0,1447.0,7400,0.0,0.0
2024-04-05 00:00:00+09:00,1450.0,1457.0,1434.0,1457.0,7800,0.0,0.0
2024-04-08 00:00:00+09:00,1460.0,1460.0,1412.0,1429.0,8600,0.0,0.0
2024-04-09 00:00:00+09:00,1421.0,1430.0,1406.0,1428.0,6200,0.0,0.0
2024-04-10 00:00:00+09:00,1423.0,1428.0,1413.0,1418.0,5000,0.0,0.0
2024-04-11 00:00:00+09:00,1418.0,1418.0,1385.0,1387.0,22200,0.0,0.0
2024-04-12 00:00:00+09:00,1400.0,1405.0,1360.0,1362.0,43200,0.0,0.0
2024-04-15 00:00:00+09:00,1362.0,1419.0,1350.0,1404.0,26900,0.0,0.0
2024-04-16 00:00:00+09:00,1381.0,1395.0,1326.0,1342.0,13800,0.0,0.0
2024-04-17 00:00:00+09:00,1342.0,1365.0,1332.0,1341.0,7800,0.0,0.0
2024-04-18 00:00:00+09:00,1342.0,1395.0,1342.0,1368.0,5400,0.0,0.0
2024-04-19 00:00:00+09:00,1351.0,1351.0,1300.0,1306.0,11300,0.0,0.0
2024-04-22 00:00:00+09:00,1323.0,1350.0,1305.0,1328.0,9300,0.0,0.0
2024-04-23 00:00:00+09:00,1326.0,1326.0,1305.0,1306.0,3400,0.0,0.0
2024-04-24 00:00:00+09:00,1307.0,1345.0,1301.0,1328.0,8800,0.0,0.0
2024-04-25 00:00:00+09:00,1328.0,1328.0,1309.0,1309.0,900,0.0,0.0
2024-04-26 00:00:00+09:00,1301.0,1325.0,1297.0,1302.0,6600,0.0,0.0
2024-04-30 00:00:00+09:00,1362.0,1376.0,1346.0,1371.0,9600,0.0,0.0
2024-05-01 00:00:00+09:00,1352.0,1380.0,1352.0,1353.0,6600,0.0,0.0
2024-05-02 00:00:00+09:00,1353.0,1359.0,1300.0,1348.0,13400,0.0,0.0
2024-05-07 00:00:00+09:00,1350.0,1365.0,1331.0,1353.0,6200,0.0,0.0
2024-05-08 00:00:00+09:00,1353.0,1375.0,1332.0,1353.0,21300,0.0,0.0
2024-05-09 00:00:00+09:00,1353.0,1358.0,1312.0,1358.0,7900,0.0,0.0
2024-05-10 00:00:00+09:00,1354.0,1355.0,1337.0,1347.0,7600,0.0,0.0
2024-05-13 00:00:00+09:00,1359.0,1359.0,1320.0,1340.0,4000,0.0,0.0
2024-05-14 00:00:00+09:00,1340.0,1350.0,1340.0,1340.0,600,0.0,0.0
2024-05-15 00:00:00+09:00,1355.0,1357.0,1322.0,1325.0,9100,0.0,0.0
2024-05-16 00:00:00+09:00,1344.0,1351.0,1322.0,1351.0,800,0.0,0.0
2024-05-17 00:00:00+09:00,1341.0,1384.0,1325.0,1384.0,7300,0.0,0.0
2024-05-20 00:00:00+09:00,1381.0,1389.0,1364.0,1368.0,2100,0.0,0.0
2024-05-21 00:00:00+09:00,1384.0,1400.0,1379.0,1400.0,6700,0.0,0.0
2024-05-22 00:00:00+09:00,1396.0,1396.0,1375.0,1381.0,2300,0.0,0.0
2024-05-23 00:00:00+09:00,1381.0,1381.0,1367.0,1380.0,2200,0.0,0.0
2024-05-24 00:00:00+09:00,1361.0,1393.0,1337.0,1364.0,5300,0.0,0.0
2024-05-27 00:00:00+09:00,1379.0,1379.0,1340.0,1347.0,3800,0.0,0.0
2024-05-28 00:00:00+09:00,1351.0,1365.0,1331.0,1365.0,3300,0.0,0.0
2024-05-29 00:00:00+09:00,1366.0,1366.0,1326.0,1350.0,5100,0.0,0.0
2024-05-30 00:00:00+09:00,1329.0,1350.0,1327.0,1350.0,5500,0.0,0.0
2024-05-31 00:00:00+09:00,1339.0,1349.0,1330.0,1330.0,3100,0.0,0.0
2024-06-03 00:00:00+09:00,1330.0,1359.0,1330.0,1346.0,2300,0.0,0.0
2024-06-04 00:00:00+09:00,1335.0,1384.0,1330.0,1355.0,13400,0.0,0.0
2024-06-05 00:00:00+09:00,1350.0,1363.0,1338.0,1350.0,2800,0.0,0.0
2024-06-06 00:00:00+09:00,1357.0,1357.0,1335.0,1335.0,900,0.0,0.0
2024-06-07 00:00:00+09:00,1331.0,1345.0,1327.0,1334.0,7700,0.0,0.0
2024-06-10 00:00:00+09:00,1333.0,1347.0,1326.0,1338.0,9000,0.0,0.0
2024-06-11 00:00:00+09:00,1330.0,1347.0,1324.0,1335.0,16900,0.0,0.0
2024-06-12 00:00:00+09:00,1326.0,1354.0,1326.0,1339.0,2800,0.0,0.0
2024-06-13 00:00:00+09:00,1339.0,1339.0,1338.0,1339.0,1300,0.0,0.0
2024-06-14 00:00:00+09:00,1309.0,1339.0,1309.0,1339.0,7800,0.0,0.0
2024-06-17 00:00:00+09:00,1332.0,1359.0,1332.0,1359.0,1900,0.0,0.0
2024-06-18 00:00:00+09:00,1365.0,1365.0,1323.0,1338.0,3600,0.0,0.0
2024-06-19 00:00:00+09:00,1338.0,1345.0,1321.0,1321.0,4100,0.0,0.0
2024-06-20 00:00:00+09:00,1321.0,1340.0,1321.0,1340.0,2200,0.0,0.0
2024-06-21 00:00:00+09:00,1345.0,1345.0,1345.0,1345.0,200,0.0,0.0
2024-06-24 00:00:00+09:00,1331.0,1344.0,1331.0,1344.0,1000,0.0,0.0
2024-06-25 00:00:00+09:00,1343.0,1365.0,1342.0,1361.0,7500,0.0,0.0
2024-06-26 00:00:00+09:00,1369.0,1369.0,1341.0,1349.0,5500,0.0,0.0
2024-06-27 00:00:00+09:00,1349.0,1350.0,1318.0,1339.0,31800,0.0,0.0
2024-06-28 00:00:00+09:00,1333.0,1338.0,1320.0,1325.0,18400,0.0,0.0
2024-07-01 00:00:00+09:00,1325.0,1327.0,1319.0,1325.0,5200,0.0,0.0
2024-07-02 00:00:00+09:00,1325.0,1325.0,1320.0,1320.0,1100,0.0,0.0
2024-07-03 00:00:00+09:00,1320.0,1340.0,1307.0,1340.0,16500,0.0,0.0
2024-07-04 00:00:00+09:00,1343.0,1343.0,1339.0,1341.0,3000,0.0,0.0
2024-07-05 00:00:00+09:00,1331.0,1341.0,1331.0,1341.0,1100,0.0,0.0
2024-07-08 00:00:00+09:00,1335.0,1389.0,1331.0,1381.0,6900,0.0,0.0
2024-07-09 00:00:00+09:00,1373.0,1419.0,1350.0,1410.0,8900,0.0,0.0
2024-07-10 00:00:00+09:00,1410.0,1414.0,1380.0,1400.0,2100,0.0,0.0
2024-07-11 00:00:00+09:00,1400.0,1413.0,1384.0,1390.0,1600,0.0,0.0
2024-07-12 00:00:00+09:00,1375.0,1411.0,1375.0,1410.0,7800,0.0,0.0
2024-07-16 00:00:00+09:00,1452.0,1467.0,1439.0,1451.0,14500,0.0,0.0
2024-07-17 00:00:00+09:00,1452.0,1469.0,1452.0,1459.0,4200,0.0,0.0
2024-07-18 00:00:00+09:00,1459.0,1468.0,1454.0,1458.0,1700,0.0,0.0
2024-07-19 00:00:00+09:00,1466.0,1468.0,1435.0,1457.0,3200,0.0,0.0
2024-07-22 00:00:00+09:00,1455.0,1467.0,1422.0,1467.0,5800,0.0,0.0
2024-07-23 00:00:00+09:00,1467.0,1467.0,1465.0,1466.0,1300,0.0,0.0
2024-07-24 00:00:00+09:00,1466.0,1466.0,1452.0,1452.0,2200,0.0,0.0
2024-07-25 00:00:00+09:00,1455.0,1465.0,1440.0,1460.0,5600,0.0,0.0
2024-07-26 00:00:00+09:00,1459.0,1481.0,1458.0,1469.0,12100,0.0,0.0
2024-07-29 00:00:00+09:00,1481.0,1489.0,1475.0,1476.0,8400,0.0,0.0
2024-07-30 00:00:00+09:00,1476.0,1486.0,1469.0,1486.0,2400,0.0,0.0
2024-07-31 00:00:00+09:00,1487.0,1487.0,1470.0,1483.0,10400,0.0,0.0
2024-08-01 00:00:00+09:00,1481.0,1482.0,1441.0,1476.0,3300,0.0,0.0
2024-08-02 00:00:00+09:00,1459.0,1468.0,1408.0,1412.0,15300,0.0,0.0
2024-08-05 00:00:00+09:00,1390.0,1431.0,1280.0,1310.0,19400,0.0,0.0
2024-08-06 00:00:00+09:00,1430.0,1476.0,1373.0,1373.0,20700,0.0,0.0
2024-08-07 00:00:00+09:00,1373.0,1399.0,1324.0,1386.0,6200,0.0,0.0
2024-08-08 00:00:00+09:00,1402.0,1448.0,1401.0,1448.0,3800,0.0,0.0
2024-08-09 00:00:00+09:00,1418.0,1449.0,1401.0,1421.0,2600,0.0,0.0
2024-08-13 00:00:00+09:00,1421.0,1475.0,1402.0,1475.0,7800,0.0,0.0
2024-08-14 00:00:00+09:00,1475.0,1484.0,1448.0,1480.0,4700,0.0,0.0
2024-08-15 00:00:00+09:00,1483.0,1485.0,1468.0,1477.0,2600,0.0,0.0
2024-08-16 00:00:00+09:00,1490.0,1525.0,1487.0,1525.0,9200,0.0,0.0
2024-08-19 00:00:00+09:00,1525.0,1549.0,1489.0,1548.0,11500,0.0,0.0
2024-08-20 00:00:00+09:00,1549.0,1550.0,1522.0,1548.0,3600,0.0,0.0
2024-08-21 00:00:00+09:00,1541.0,1541.0,1510.0,1525.0,1500,0.0,0.0
2024-08-22 00:00:00+09:00,1524.0,1524.0,1504.0,1512.0,5000,0.0,0.0
2024-08-23 00:00:00+09:00,1512.0,1514.0,1489.0,1498.0,4700,0.0,0.0
2024-08-26 00:00:00+09:00,1478.0,1531.0,1478.0,1531.0,3000,0.0,0.0
2024-08-27 00:00:00+09:00,1545.0,1550.0,1519.0,1521.0,2900,0.0,0.0
2024-08-28 00:00:00+09:00,1530.0,1538.0,1507.0,1538.0,2200,0.0,0.0
2024-08-29 00:00:00+09:00,1523.0,1538.0,1511.0,1511.0,2300,0.0,0.0
2024-08-30 00:00:00+09:00,1501.0,1527.0,1501.0,1519.0,2600,0.0,0.0
2024-09-02 00:00:00+09:00,1505.0,1551.0,1500.0,1549.0,6900,0.0,0.0
2024-09-03 00:00:00+09:00,1551.0,1560.0,1532.0,1560.0,4700,0.0,0.0
2024-09-04 00:00:00+09:00,1531.0,1610.0,1530.0,1533.0,4800,0.0,0.0
2024-09-05 00:00:00+09:00,1528.0,1569.0,1521.0,1526.0,2400,0.0,0.0
2024-09-06 00:00:00+09:00,1565.0,1565.0,1538.0,1565.0,11000,0.0,0.0
2024-09-09 00:00:00+09:00,1550.0,1580.0,1515.0,1580.0,8400,0.0,0.0
2024-09-10 00:00:00+09:00,1580.0,1580.0,1539.0,1578.0,1400,0.0,0.0
2024-09-11 00:00:00+09:00,1570.0,1579.0,1570.0,1577.0,1700,0.0,0.0
2024-09-12 00:00:00+09:00,1577.0,1600.0,1572.0,1600.0,8400,0.0,0.0
2024-09-13 00:00:00+09:00,1594.0,1637.0,1585.0,1634.0,6400,0.0,0.0
2024-09-17 00:00:00+09:00,1650.0,1650.0,1610.0,1611.0,5300,0.0,0.0
2024-09-18 00:00:00+09:00,1621.0,1626.0,1575.0,1575.0,4600,0.0,0.0
2024-09-19 00:00:00+09:00,1615.0,1620.0,1579.0,1611.0,4400,0.0,0.0
2024-09-20 00:00:00+09:00,1615.0,1615.0,1582.0,1604.0,2900,0.0,0.0
