Date,Open,High,Low,Close,Volume,Dividends,Stock Splits
2002-08-02 00:00:00-04:00,14.672883030031171,14.94507538317908,14.63035358324971,14.74943733215332,10800,0.0,0.0
2002-08-05 00:00:00-04:00,14.638864995533588,14.885540444506514,14.638864995533588,14.800479888916016,6950,0.0,0.0
2002-08-06 00:00:00-04:00,14.7579385145126,14.868516011881463,14.545288108316146,14.621842384338379,78100,0.0,0.0
2002-08-07 00:00:00-04:00,14.715410248288402,14.868518829345703,14.417700921114932,14.868518829345703,48300,0.0,0.0
2002-08-08 00:00:00-04:00,14.749432666262717,15.132204055786133,14.672878388358033,15.132204055786133,5100,0.0,0.0
2002-08-09 00:00:00-04:00,15.14071626963511,15.39589786529541,14.894042511797661,15.39589786529541,23400,0.0,0.0
2002-08-12 00:00:00-04:00,15.234291142527619,15.438435554504395,15.098194867876433,15.438435554504395,7750,0.0,0.0
2002-08-13 00:00:00-04:00,15.310843643155728,15.395904210096779,14.613349914550781,14.613349914550781,13600,0.0,0.0
2002-08-14 00:00:00-04:00,14.638871696132197,14.970607852540029,14.587835988375568,14.92807674407959,23200,0.0,0.0
2002-08-15 00:00:00-04:00,14.843008315057869,15.047152638414266,14.383682370709828,14.851512908935547,40700,0.0,0.0
2002-08-16 00:00:00-04:00,14.808986106714581,15.395902155654339,14.630360400130177,14.800479888916016,78150,0.0,0.0
2002-08-19 00:00:00-04:00,14.672884734337764,15.225775718688965,14.672884734337764,15.225775718688965,7000,0.0,0.0
2002-08-20 00:00:00-04:00,15.2257789020729,15.2257789020729,14.63035834151062,14.672887802124023,10800,0.0,0.0
2002-08-21 00:00:00-04:00,14.63035358324971,14.800472992769954,14.58782251407385,14.74943733215332,33500,0.0,0.0
2002-08-22 00:00:00-04:00,14.638864995533588,14.800479888916016,14.638864995533588,14.800479888916016,13100,0.0,0.0
2002-08-23 00:00:00-04:00,14.468749026340852,14.885544065487021,14.468749026340852,14.860025405883789,57850,0.0,0.0
2002-08-26 00:00:00-04:00,14.630358474580612,14.877032268692833,14.596333607864477,14.766454696655273,13950,0.0,0.0
2002-08-27 00:00:00-04:00,14.621848519141864,14.67288418377147,14.332643715583211,14.460233688354492,19000,0.0,0.0
2002-08-28 00:00:00-04:00,14.443222843163149,14.6048376916729,13.907344249802517,14.162524223327637,37700,0.0,0.0
2002-08-29 00:00:00-04:00,14.239079658063945,14.4517301934993,14.02642912262859,14.366669654846191,27500,0.0,0.0
2002-08-30 00:00:00-04:00,14.04344237515508,14.902550783184225,14.04344237515508,14.672887802124023,37300,0.0,0.0
2002-09-03 00:00:00-04:00,14.843006037386374,14.843006037386374,14.162523441557465,14.443222045898438,10850,0.0,0.0
2002-09-04 00:00:00-04:00,14.383673345336566,14.621842384338379,14.375167134401446,14.621842384338379,19550,0.0,0.0
2002-09-05 00:00:00-04:00,14.468742162161849,14.519777834760708,14.400694057898441,14.417706489562988,6900,0.0,0.0
2002-09-06 00:00:00-04:00,14.46024247348577,14.800483148382803,14.46024247348577,14.791976928710938,7800,0.0,0.0
2002-09-09 00:00:00-04:00,14.664377178232328,14.664377178232328,14.383678604319318,14.400691032409668,8650,0.0,0.0
2002-09-10 00:00:00-04:00,14.400699544766812,14.587831497192383,14.358168449400502,14.587831497192383,9650,0.0,0.0
2002-09-11 00:00:00-04:00,14.468739902858514,14.536787996496168,14.375173165708796,14.460233688354492,5750,0.0,0.0
2002-09-12 00:00:00-04:00,14.417700615113636,14.596326207626568,14.417700615113636,14.553796768188477,8300,0.0,0.0
2002-09-13 00:00:00-04:00,14.54529864836136,14.570815677263427,14.39218998536887,14.502767562866211,23550,0.0,0.0
2002-09-16 00:00:00-04:00,14.502765403096163,14.502765403096163,14.417706489562988,14.417706489562988,2400,0.0,0.0
2002-09-17 00:00:00-04:00,14.41770786766679,14.477249761789182,14.332647323608398,14.332647323608398,4200,0.0,0.0
2002-09-18 00:00:00-04:00,14.264602252057044,14.460240409397555,14.188047908333317,14.383686065673828,35550,0.0,0.0
2002-09-19 00:00:00-04:00,14.358160934569323,14.358160934569323,14.230570960039735,14.247583389282227,11150,0.0,0.0
2002-09-20 00:00:00-04:00,14.460235385279345,14.6728859056511,14.3751748526517,14.409199714660645,24000,0.0,0.0
2002-09-23 00:00:00-04:00,14.315634890317734,14.443224895207852,14.205057318718282,14.332647323608398,7050,0.0,0.0
2002-09-24 00:00:00-04:00,14.36667192089197,14.460238690408099,14.205058656594225,14.324142456054688,23150,0.0,0.0
2002-09-25 00:00:00-04:00,14.179540004254804,14.409203008124342,14.162527569361854,14.324142456054688,25050,0.0,0.0
2002-09-26 00:00:00-04:00,14.379770584130323,14.627993609359496,14.294178013777564,14.542399406433105,14350,0.21,0.0
2002-09-27 00:00:00-04:00,14.550968511780697,14.773512931987483,14.200033519455491,14.336983680725098,10700,0.0,0.0
2002-09-30 00:00:00-04:00,14.251387998499576,14.49961116136984,14.174353336407048,14.448253631591797,6700,0.0,0.0
2002-10-01 00:00:00-04:00,14.319864009220119,14.422577442922034,14.200033030380087,14.371221542358398,16750,0.0,0.0
2002-10-02 00:00:00-04:00,14.371222889537439,14.371222889537439,14.011728286743164,14.011728286743164,13850,0.0,0.0
2002-10-03 00:00:00-04:00,13.994615342147688,14.00317493561983,13.26706622277095,13.506729125976562,17400,0.0,0.0
2002-10-04 00:00:00-04:00,13.506721450763576,13.69502831870623,12.65934176945258,12.950361251831055,23800,0.0,0.0
2002-10-07 00:00:00-04:00,13.061624118976862,13.130099146324348,12.496704735216753,12.753485679626465,31700,0.0,0.0
2002-10-08 00:00:00-04:00,12.736367330932952,12.950351995465521,12.393991377908812,12.753485679626465,14150,0.0,0.0
2002-10-09 00:00:00-04:00,12.625095207421609,12.787723193300208,12.54806059758401,12.753485679626465,11100,0.0,0.0
2002-10-10 00:00:00-04:00,12.625097597302405,13.224254608154297,12.41967247637379,13.224254608154297,27100,0.0,0.0
2002-10-11 00:00:00-04:00,13.10442988699404,13.523839911113548,12.779172883711384,12.9246826171875,45100,0.0,0.0
2002-10-14 00:00:00-04:00,12.916119446343695,13.52383615985494,12.839084806896391,13.481039047241211,17100,0.0,0.0
2002-10-15 00:00:00-04:00,13.506721842472434,14.379779498640135,13.506721842472434,14.371221542358398,15450,0.0,0.0
2002-10-16 00:00:00-04:00,14.088752113601243,14.636554065442231,14.028836657753102,14.482484817504883,13700,0.0,0.0
2002-10-17 00:00:00-04:00,14.636565999202254,14.705041094941063,14.43970030302506,14.473937034606934,8500,0.0,0.0
2002-10-18 00:00:00-04:00,14.439689612658134,14.448247564786461,13.746377944946289,13.746377944946289,6400,0.0,0.0
2002-10-21 00:00:00-04:00,13.746384303490482,13.772063069475019,13.463924407958984,13.463924407958984,9050,0.0,0.0
2002-10-22 00:00:00-04:00,13.42968620007425,13.481042913195678,12.96747904713046,13.292736053466797,17100,0.0,0.0
2002-10-23 00:00:00-04:00,13.292726299701414,13.737813949584961,13.267048370125952,13.737813949584961,11850,0.0,0.0
2002-10-24 00:00:00-04:00,13.695025819720644,14.550964933453185,13.695025819720644,14.122995376586914,30000,0.0,0.0
2002-10-25 00:00:00-04:00,14.071634316642838,14.550959587097168,13.968920942401489,14.550959587097168,8400,0.0,0.0
2002-10-28 00:00:00-05:00,14.550960948638759,14.550960948638759,13.73781836024411,13.746377944946289,19950,0.0,0.0
2002-10-29 00:00:00-05:00,13.746377706909646,14.071635389664781,13.523834222515104,13.797735214233398,8100,0.0,0.0
2002-10-30 00:00:00-05:00,13.806282769031549,13.86619981578716,13.609417370266602,13.772046089172363,4150,0.0,0.0
2002-10-31 00:00:00-05:00,13.754938007954467,14.182907462502266,13.609428328105258,14.174347877502441,18700,0.0,0.0
2002-11-01 00:00:00-05:00,14.165796279907227,14.208594229038036,14.003168970934635,14.165796279907227,7400,0.0,0.0
2002-11-04 00:00:00-05:00,14.20859652863672,14.294190808176568,13.532404332392069,13.68647289276123,25600,0.0,0.0
2002-11-05 00:00:00-05:00,13.592317583763815,14.122999906539917,13.481045365333557,13.695030212402344,22100,0.0,0.0
2002-11-06 00:00:00-05:00,13.780622668162437,13.909013233029324,13.695028414059642,13.814859390258789,7450,0.0,0.0
2002-11-07 00:00:00-05:00,13.695030212402344,14.122999906539917,13.660792669522834,13.695030212402344,9650,0.0,0.0
2002-11-08 00:00:00-05:00,13.71214273711581,14.054517999747024,13.617988927676965,13.840533256530762,6050,0.0,0.0
2002-11-11 00:00:00-05:00,13.643677372893485,13.729272478883514,13.532405939083086,13.549524307250977,2750,0.0,0.0
2002-11-12 00:00:00-05:00,13.789183148785607,13.789183148785607,13.48960405633481,13.65223217010498,4200,0.0,0.0
2002-11-13 00:00:00-05:00,13.50671435350286,13.592308562033217,13.14721998373435,13.224254608154297,16900,0.0,0.0
2002-11-14 00:00:00-05:00,13.215701942742774,13.446805936990435,13.172905632359694,13.344093322753906,12400,0.0,0.0
2002-11-15 00:00:00-05:00,13.18146379796612,13.344092708570843,13.121548313157675,13.232820510864258,7650,0.0,0.0
2002-11-18 00:00:00-05:00,13.352645760283439,13.352645760283439,13.010269746568536,13.061626434326172,13200,0.0,0.0
2002-11-19 00:00:00-05:00,13.044504757057906,13.190014392046168,13.035945174697021,13.095861434936523,2600,0.0,0.0
2002-11-20 00:00:00-05:00,13.053075072881104,13.249940731342681,12.8818873663303,13.172906875610352,8100,0.0,0.0
2002-11-21 00:00:00-05:00,13.095871627156157,13.566638411664885,13.095871627156157,13.267059326171875,15050,0.0,0.0
2002-11-22 00:00:00-05:00,13.181466245280216,13.583757986096778,13.172907471780858,13.386892318725586,15400,0.0,0.0
2002-11-25 00:00:00-05:00,13.609435947059865,13.823420794128651,13.241382565176991,13.695030212402344,16100,0.0,0.0
2002-11-26 00:00:00-05:00,13.686458594081873,13.754933619660692,13.523830612403852,13.643661499023438,14400,0.0,0.0
2002-11-27 00:00:00-05:00,13.652231644650168,13.806300163269043,13.575196977197068,13.806300163269043,13050,0.0,0.0
2002-11-29 00:00:00-05:00,13.82341336892447,14.037398101052013,13.754938319946614,14.020278930664062,10000,0.0,0.0
2002-12-02 00:00:00-05:00,14.285634574707128,14.311311721801758,13.97749574896776,14.311311721801758,3350,0.0,0.0
2002-12-03 00:00:00-05:00,14.294175014482772,14.405446312137887,14.011715346894707,14.25137710571289,4700,0.0,0.0
2002-12-04 00:00:00-05:00,14.140110611871282,14.311297407388158,13.883327969735205,14.148670196533203,6200,0.0,0.0
2002-12-05 00:00:00-05:00,14.080195943442963,14.234263578298146,14.080195943442963,14.19146728515625,6200,0.0,0.0
2002-12-06 00:00:00-05:00,14.122997136741256,14.242828105174613,13.421127237218156,13.874773979187012,8100,0.0,0.0
2002-12-09 00:00:00-05:00,13.900443663770895,13.900443663770895,13.25848966778815,13.532390594482422,7950,0.0,0.0
2002-12-10 00:00:00-05:00,13.626550092697382,13.866213620604405,13.481040385142085,13.763500213623047,6150,0.0,0.0
2002-12-11 00:00:00-05:00,13.600874262902991,13.831977423810638,13.48104248032558,13.780621528625488,4500,0.0,0.0
2002-12-12 00:00:00-05:00,13.737823588825803,13.960367978060749,13.69502728160059,13.780621528625488,9900,0.0,0.0
2002-12-13 00:00:00-05:00,13.703591233783339,13.703591233783339,13.32697740647716,13.395452499389648,5900,0.0,0.0
2002-12-16 00:00:00-05:00,13.395432815285767,13.772046089172363,13.395432815285767,13.772046089172363,7850,0.0,0.0
2002-12-17 00:00:00-05:00,13.85765159038335,14.20858641744499,13.780616956874802,14.045957565307617,10550,0.0,0.0
2002-12-18 00:00:00-05:00,14.191469106205592,14.508167266845703,13.951805589165124,14.508167266845703,7650,0.0,0.0
2002-12-19 00:00:00-05:00,14.414024257982364,14.414024257982364,13.823425425095841,13.986054420471191,9500,0.0,0.0
2002-12-20 00:00:00-05:00,14.294183731079102,14.336980033372889,13.789179527655845,14.294183731079102,14700,0.0,0.0
2002-12-23 00:00:00-05:00,14.148670755076875,14.3369767273513,13.626547498104909,14.174347877502441,9350,0.0,0.0
2002-12-24 00:00:00-05:00,14.208587276074576,14.225706447349644,13.840533256530762,13.840533256530762,1500,0.0,0.0
2002-12-26 00:00:00-05:00,14.225705710171574,14.268502003567505,13.660785331673805,14.020278930664062,9600,0.0,0.0
2002-12-27 00:00:00-05:00,13.990114641633065,14.188372192721449,13.826337522447435,13.878056526184082,7250,0.23,0.0
2002-12-30 00:00:00-05:00,14.16251892055535,14.16251892055535,13.57636450733835,13.645323753356934,7900,0.0,0.0
2002-12-31 00:00:00-05:00,13.774610953870454,14.653841860062213,13.507394297951429,14.196986198425293,17950,0.0,0.0
2003-01-02 00:00:00-05:00,14.472830955615928,14.472830955615928,14.231472862446964,14.429730415344238,6150,0.0,0.0
2003-01-03 00:00:00-05:00,14.429730710098667,14.438350818329088,14.188372611999512,14.188372611999512,7600,0.0,0.0
2003-01-06 00:00:00-05:00,14.438355898509505,14.65385374774099,14.248718383068319,14.464216232299805,18350,0.0,0.0
2003-01-07 00:00:00-05:00,14.662461190467143,14.774519251836075,14.317665258428091,14.326285362243652,12000,0.0,0.0
2003-01-08 00:00:00-05:00,14.395254621522357,14.395254621522357,13.886679649353027,13.886679649353027,8600,0.0,0.0
2003-01-09 00:00:00-05:00,13.947020354067986,14.222857323958602,13.947020354067986,14.214237213134766,6250,0.0,0.0
2003-01-10 00:00:00-05:00,14.21424077674234,14.21424077674234,13.860824364951318,14.05908203125,9550,0.0,0.0
2003-01-13 00:00:00-05:00,13.990110278443913,14.309047597605339,13.964251606699047,14.05044937133789,4000,0.0,0.0
2003-01-14 00:00:00-05:00,14.171133402546522,14.438350169205801,14.171133402546522,14.395251274108887,3900,0.0,0.0
2003-01-15 00:00:00-05:00,14.27457069061237,14.446969550565663,13.791856184507473,14.015974044799805,12050,0.0,0.0
2003-01-16 00:00:00-05:00,14.248706125096014,14.343523979187012,14.050447024832948,14.343523979187012,2850,0.0,0.0
2003-01-17 00:00:00-05:00,14.153887890479817,14.352145364325665,13.886671223812943,13.895291328430176,4900,0.0,0.0
2003-01-21 00:00:00-05:00,14.110797573030855,14.110797573030855,13.886679649353027,13.886679649353027,11050,0.0,0.0
2003-01-22 00:00:00-05:00,14.007354190395311,14.007354190395311,13.740136610288095,13.765996932983398,6100,0.0,0.0
2003-01-23 00:00:00-05:00,14.102171742092468,14.102171742092468,13.748754780258258,14.093551635742188,4150,0.0,0.0
2003-01-24 00:00:00-05:00,13.800480194997272,13.964258993861423,13.64532150598048,13.886679649353027,8000,0.0,0.0
2003-01-27 00:00:00-05:00,13.886671746279111,14.334905694421527,13.852191326512898,13.938390731811523,9500,0.0,0.0
2003-01-28 00:00:00-05:00,14.222857829998643,14.222857829998643,13.705662670993258,13.826342582702637,8350,0.0,0.0
2003-01-29 00:00:00-05:00,13.81771158447909,14.13664722442627,13.791851271463052,14.13664722442627,3150,0.0,0.0
2003-01-30 00:00:00-05:00,13.96425320963282,14.04183252200656,13.791854372331809,13.81771469116211,8250,0.0,0.0
2003-01-31 00:00:00-05:00,14.179766647762818,14.179766647762818,13.791869656039125,13.964268684387207,18750,0.0,0.0
2003-02-03 00:00:00-05:00,14.093551515549999,14.093551515549999,13.81771469116211,13.81771469116211,6950,0.0,0.0
2003-02-04 00:00:00-05:00,13.878052971407023,13.878052971407023,13.70565414428711,13.70565414428711,32250,0.0,0.0
2003-02-05 00:00:00-05:00,13.757379211998115,13.938397391974096,13.671179765510944,13.8004789352417,45300,0.0,0.0
2003-02-06 00:00:00-05:00,13.964255951301855,13.964255951301855,13.748757362365723,13.748757362365723,6700,0.0,0.0
2003-02-07 00:00:00-05:00,13.791852454393782,13.826332874705894,13.748752751062108,13.757372856140137,13350,0.0,0.0
2003-02-10 00:00:00-05:00,13.834956603726232,13.834956603726232,13.679798763533231,13.722898483276367,10100,0.0,0.0
2003-02-11 00:00:00-05:00,13.671174543274832,13.748753851067088,13.662555259565663,13.70565414428711,9000,0.0,0.0
2003-02-12 00:00:00-05:00,13.791853557847066,13.826333980917875,13.619455552785684,13.70565414428711,9250,0.0,0.0
2003-02-13 00:00:00-05:00,13.740121050695121,13.869420051574707,13.705641481538786,13.869420051574707,7300,0.0,0.0
2003-02-14 00:00:00-05:00,13.852197791731669,13.86943800966128,13.671179613764934,13.791858673095703,6650,0.0,0.0
2003-02-18 00:00:00-05:00,13.662558886257784,13.791857218861107,13.576359449816403,13.6884183883667,9000,0.0,0.0
2003-02-19 00:00:00-05:00,13.610839050789993,13.705657773164484,13.533259722456888,13.55911922454834,9950,0.0,0.0
2003-02-20 00:00:00-05:00,13.533257177730054,13.576356887817383,13.516017786930279,13.576356887817383,8500,0.0,0.0
2003-02-21 00:00:00-05:00,13.559116674959013,13.576356887817383,13.507397680501093,13.576356887817383,5900,0.0,0.0
2003-02-24 00:00:00-05:00,13.593597100675753,13.619456597904712,13.533257177730054,13.576356887817383,13750,0.0,0.0
2003-02-25 00:00:00-05:00,13.567742653724933,13.567742653724933,13.403964670977654,13.447064399719238,10300,0.0,0.0
2003-02-26 00:00:00-05:00,13.516018221911406,13.516018221911406,13.360859589427042,13.472918510437012,9650,0.0,0.0
2003-02-27 00:00:00-05:00,13.507402092956744,13.524641489388102,13.403963248192,13.481542587280273,7950,0.0,0.0
2003-02-28 00:00:00-05:00,13.533257586399866,13.576357297788697,13.403959274291992,13.403959274291992,19450,0.0,0.0
2003-03-03 00:00:00-05:00,13.576362610339322,13.576362610339322,13.403964519381722,13.438444137573242,38150,0.0,0.0
2003-03-04 00:00:00-05:00,13.533263035143456,13.533263035143456,13.412584781137761,13.447064399719238,19950,0.0,0.0
2003-03-05 00:00:00-05:00,13.533263035143456,13.533263035143456,13.369485052396177,13.447064399719238,28050,0.0,0.0
2003-03-06 00:00:00-05:00,13.481544018300715,13.533263035143456,13.447064399719238,13.447064399719238,21750,0.0,0.0
2003-03-07 00:00:00-05:00,13.455683535639531,13.576362610339322,13.438444137573242,13.438444137573242,28500,0.0,0.0
2003-03-10 00:00:00-05:00,13.53324647550023,13.576346151503895,13.455667223105221,13.498766899108887,21350,0.0,0.0
2003-03-11 00:00:00-05:00,13.576361322799908,13.576361322799908,13.43844286311358,13.481542587280273,17800,0.0,0.0
2003-03-12 00:00:00-05:00,13.481539261174527,13.490158546234262,13.360860227692957,13.455678939819336,15650,0.0,0.0
2003-03-13 00:00:00-05:00,13.533265264396517,13.55912477707757,13.386726655772081,13.541885375976562,14900,0.0,0.0
2003-03-14 00:00:00-05:00,13.662560952882828,13.662560952882828,13.447063151241514,13.567741394042969,70350,0.0,0.0
2003-03-17 00:00:00-05:00,13.662560952882828,13.662560952882828,13.516022382002024,13.567741394042969,20150,0.0,0.0
2003-03-18 00:00:00-05:00,13.498781544763006,13.86943800966128,13.498781544763006,13.791858673095703,23000,0.0,0.0
2003-03-19 00:00:00-05:00,13.809096648750202,13.8349553273281,13.576358676844688,13.765996932983398,11350,0.0,0.0
2003-03-20 00:00:00-05:00,13.584980990293388,13.834957573802058,13.576360881328583,13.791858673095703,6100,0.0,0.0
2003-03-21 00:00:00-05:00,13.87805908949088,14.16251612875848,13.671180570157167,13.998737335205078,13200,0.0,0.0
2003-03-24 00:00:00-05:00,14.10216389451644,14.205601824924287,13.834945678710938,13.834945678710938,10750,0.0,0.0
2003-03-25 00:00:00-05:00,13.92977004059564,14.084928634779489,13.800471760148046,13.972868919372559,20600,0.0,0.0
2003-03-26 00:00:00-05:00,13.964253939460301,14.076312038680548,13.860814302850095,14.007352828979492,14600,0.0,0.0
2003-03-27 00:00:00-05:00,14.029065804327546,14.33310162470891,13.942198190381168,14.115933418273926,15600,0.25,0.0
2003-03-28 00:00:00-05:00,14.159366396816152,14.159366396816152,13.98563282578532,14.115933418273926,14900,0.0,0.0
2003-03-31 00:00:00-05:00,14.115943556981154,14.115943556981154,13.942208204303832,14.055136680603027,9150,0.0,0.0
2003-04-01 00:00:00-05:00,14.011691950165886,14.33310162470891,14.011691950165886,14.115933418273926,15200,0.0,0.0
2003-04-02 00:00:00-05:00,14.246242957253418,14.289677619934082,14.07250927711966,14.289677619934082,19550,0.0,0.0
2003-04-03 00:00:00-05:00,14.341785915261125,14.550267156289037,14.289666019219554,14.298351287841797,19400,0.0,0.0
2003-04-04 00:00:00-05:00,14.454721084540143,14.724010961409586,14.33310737038142,14.65451717376709,12950,0.0,0.0
2003-04-07 00:00:00-04:00,14.828247073253976,15.410258019241164,14.758753303144857,15.245209693908691,29150,0.0,0.0
2003-04-08 00:00:00-04:00,15.184401328449102,15.366823492218726,15.028039947178568,15.167027473449707,12050,0.0,0.0
2003-04-09 00:00:00-04:00,15.201784719131867,15.279965458807874,14.984616366001411,14.993303298950195,4500,0.0,0.0
2003-04-10 00:00:00-04:00,15.028046648892207,15.201781962638892,14.854312992008266,15.175721168518066,9750,0.0,0.0
2003-04-11 00:00:00-04:00,15.245208164084975,15.418943400354904,14.94117398590561,15.167027473449707,11450,0.0,0.0
2003-04-14 00:00:00-04:00,15.02805068217298,15.462387426245762,15.02805068217298,15.34946060180664,17250,0.0,0.0
2003-04-15 00:00:00-04:00,15.366832246834313,15.584000587463379,15.097542311512948,15.584000587463379,5900,0.0,0.0
2003-04-16 00:00:00-04:00,15.59267593702399,15.59267593702399,15.201772551525782,15.436314582824707,17900,0.0,0.0
2003-04-17 00:00:00-04:00,15.636116339744618,15.662177130114696,15.21046670487507,15.549248695373535,8500,0.0,0.0
2003-04-21 00:00:00-04:00,15.5926856971114,15.5926856971114,14.59371012150859,14.611083984375,26550,0.0,0.0
2003-04-22 00:00:00-04:00,14.593701765736435,14.897737564368821,14.593701765736435,14.767436981201172,14300,0.0,0.0
2003-04-23 00:00:00-04:00,14.697945709984438,14.871680954806225,14.680571854129843,14.732691764831543,8750,0.0,0.0
2003-04-24 00:00:00-04:00,14.680573570166047,14.889054894204657,14.411285400390625,14.411285400390625,6950,0.0,0.0
2003-04-25 00:00:00-04:00,14.680585944289337,14.810886674534904,14.428671420063065,14.6892728805542,10100,0.0,0.0
2003-04-28 00:00:00-04:00,14.85431045427114,15.401573782411079,14.767442812238421,15.20177936553955,12800,0.0,0.0
2003-04-29 00:00:00-04:00,15.24520938955127,15.931461805432786,15.001982027456265,15.722980499267578,27100,0.0,0.0
2003-04-30 00:00:00-04:00,15.879337341224966,16.331045880000936,15.46237319155702,15.905396461486816,26600,0.0,0.0
2003-05-01 00:00:00-04:00,15.879341714170401,15.905400841608568,15.445005250338344,15.84459400177002,10700,0.0,0.0
2003-05-02 00:00:00-04:00,15.940141933457348,16.053068638131563,15.809841379798966,15.85327434539795,7600,0.0,0.0
2003-05-05 00:00:00-04:00,15.89672696944557,15.89672696944557,15.427644064818782,15.78380012512207,14000,0.0,0.0
2003-05-06 00:00:00-04:00,15.775114889320868,15.922789490491773,15.775114889320868,15.914102554321289,8250,0.0,0.0
2003-05-07 00:00:00-04:00,15.983585260366443,16.053079044490808,15.48844184137253,15.549248695373535,13800,0.0,0.0
2003-05-08 00:00:00-04:00,15.462375706901524,15.662171716960337,15.37550974941553,15.445003509521484,9500,0.0,0.0
2003-05-09 00:00:00-04:00,15.54055863108799,15.636113186311345,15.201776708913807,15.245209693908691,19450,0.0,0.0
2003-05-12 00:00:00-04:00,15.340764249132045,15.583993272945047,15.158343723918922,15.245209693908691,34950,0.0,0.0
2003-05-13 00:00:00-04:00,15.245223255685785,15.453706408336819,15.184416359855751,15.41895866394043,84650,0.0,0.0
2003-05-14 00:00:00-04:00,15.505809477055141,15.505809477055141,15.288641281737455,15.340761184692383,21950,0.0,0.0
2003-05-15 00:00:00-04:00,15.28864007596908,15.63610882970121,15.080158823729803,15.158339500427246,21250,0.0,0.0
2003-05-16 00:00:00-04:00,15.080167045601664,15.427635988777658,14.897744814895132,14.984612464904785,45000,0.0,0.0
2003-05-19 00:00:00-04:00,14.941179468331265,15.271274550132807,14.941179468331265,14.984612464904785,25250,0.0,0.0
2003-05-20 00:00:00-04:00,14.993303298950195,15.106230113558292,14.984616366001411,14.993303298950195,5750,0.0,0.0
2003-05-21 00:00:00-04:00,14.993294632542483,15.193089004290448,14.993294632542483,15.123595237731934,15950,0.0,0.0
2003-05-22 00:00:00-04:00,15.236522893447285,15.323388854720243,15.071474584677054,15.167027473449707,12350,0.0,0.0
2003-05-23 00:00:00-04:00,15.201773844595959,16.027013658904483,14.984605646816016,15.879339218139648,14000,0.0,0.0
2003-05-27 00:00:00-04:00,15.809839877288235,16.89568048268272,15.653478565013625,16.417909622192383,33200,0.0,0.0
2003-05-28 00:00:00-04:00,16.417928087047734,16.591663442051406,16.305001266099545,16.3310604095459,9150,0.0,0.0
2003-05-29 00:00:00-04:00,16.4179373597529,16.504805086316857,16.331069633188942,16.426624298095703,21600,0.0,0.0
2003-05-30 00:00:00-04:00,16.504780149500743,16.904368768353,16.504780149500743,16.669828414916992,18350,0.0,0.0
2003-06-02 00:00:00-04:00,16.6785284947764,16.82620302623036,16.504793167114258,16.504793167114258,9600,0.0,0.0
2003-06-03 00:00:00-04:00,16.504789468683512,16.791451535286146,16.322368906692066,16.374488830566406,21950,0.0,0.0
2003-06-04 00:00:00-04:00,16.5047772019962,16.721945323075094,16.226802272113012,16.417909622192383,19750,0.0,0.0
2003-06-05 00:00:00-04:00,16.452674423010933,16.548227368968163,16.331059022095282,16.383180618286133,9850,0.0,0.0
2003-06-06 00:00:00-04:00,16.331054640087125,16.548222928688613,16.287621645111848,16.44398307800293,8850,0.0,0.0
2003-06-09 00:00:00-04:00,16.452661366793016,16.496094338955608,16.07044491568782,16.192058563232422,29550,0.0,0.0
2003-06-10 00:00:00-04:00,16.400542988953838,16.400542988953838,16.035700318783768,16.218122482299805,13550,0.0,0.0
2003-06-11 00:00:00-04:00,16.287611042810028,16.470031491195993,15.98357530530528,16.157310485839844,19400,0.0,0.0
2003-06-12 00:00:00-04:00,16.24417543069992,16.33104134995938,16.122560161386506,16.200740814208984,31850,0.0,0.0
2003-06-13 00:00:00-04:00,16.24418054763883,16.357107272364924,16.096506118774414,16.096506118774414,27000,0.0,0.0
2003-06-16 00:00:00-04:00,16.226822307776605,16.591665267944336,16.096521605615983,16.591665267944336,22250,0.0,0.0
2003-06-17 00:00:00-04:00,16.54821760628731,16.939121062788782,16.304990261674856,16.9217472076416,13550,0.0,0.0
2003-06-18 00:00:00-04:00,16.921757071791195,16.93913093706607,16.66115572011999,16.80883026123047,8750,0.0,0.0
2003-06-19 00:00:00-04:00,16.869641494600028,17.04337687854339,16.530859318460227,16.765399932861328,8350,0.0,0.0
2003-06-20 00:00:00-04:00,16.93043882374742,16.982558746760468,16.67852448179895,16.748018264770508,10950,0.0,0.0
2003-06-23 00:00:00-04:00,16.643776584072178,16.878318720418946,16.5221628793868,16.73064422607422,11050,0.0,0.0
2003-06-24 00:00:00-04:00,16.80013020141922,17.43426087669254,16.782756349719804,17.234466552734375,19450,0.0,0.0
2003-06-25 00:00:00-04:00,16.93913428937025,17.62538719177246,16.93913428937025,17.62538719177246,32000,0.0,0.0
2003-06-26 00:00:00-04:00,16.807326911361,17.935982202175047,16.676088350956512,17.92723274230957,42200,0.29,0.0
2003-06-27 00:00:00-04:00,18.02346509488682,18.32968934448883,17.71724084528481,17.935972213745117,20400,0.0,0.0
2003-06-30 00:00:00-04:00,17.93596547140104,18.07595336108948,17.51600180233572,17.918466567993164,24400,0.0,0.0
2003-07-01 00:00:00-04:00,17.935973570868132,17.935973570868132,17.533508623466908,17.629749298095703,24400,0.0,0.0
2003-07-02 00:00:00-04:00,17.524760058318677,17.717243086145174,17.498511690019924,17.61225128173828,19250,0.0,0.0
2003-07-03 00:00:00-04:00,17.717255295096304,17.717255295096304,17.45477810638836,17.603515625,7900,0.0,0.0
2003-07-07 00:00:00-04:00,17.93597898483276,17.953477901424776,17.332279712716627,17.498516082763672,20250,0.0,0.0
2003-07-08 00:00:00-04:00,17.498506319862173,17.498506319862173,16.886057931151957,16.97355079650879,19250,0.0,0.0
2003-07-09 00:00:00-04:00,17.148541409308937,17.358523344673365,16.851066583678982,16.92106056213379,13650,0.0,0.0
2003-07-10 00:00:00-04:00,16.842303244668408,17.279765666607844,16.623572033698686,16.71981430053711,17200,0.0,0.0
2003-07-11 00:00:00-04:00,16.912313980810914,16.912313980810914,16.57984294383756,16.62358856201172,13200,0.0,0.0
2003-07-14 00:00:00-04:00,16.88606987052115,16.929817168525087,16.492354201218436,16.754831314086914,32400,0.0,0.0
2003-07-15 00:00:00-04:00,16.85980640049407,16.85980640049407,16.413594417157494,16.641075134277344,20600,0.0,0.0
2003-07-16 00:00:00-04:00,16.833569510324843,17.017304766827674,16.59733918144474,16.606088638305664,19850,0.0,0.0
2003-07-17 00:00:00-04:00,16.74607812026461,16.74607812026461,16.413607073516612,16.474851608276367,11500,0.0,0.0
2003-07-18 00:00:00-04:00,16.75481697614438,16.75481697614438,16.492340087890625,16.492340087890625,8450,0.0,0.0
2003-07-21 00:00:00-04:00,16.754821187197468,16.754821187197468,16.474845324349435,16.518590927124023,10950,0.0,0.0
2003-07-22 00:00:00-04:00,16.6585864011841,17.58600719107544,16.509848963002515,17.533512115478516,28450,0.0,0.0
2003-07-23 00:00:00-04:00,17.45475968971907,17.883472868957302,17.131036607672343,17.804729461669922,11350,0.0,0.0
2003-07-24 00:00:00-04:00,17.89223242410725,18.312196387566924,17.73474552061276,17.970975875854492,13200,0.0,0.0
2003-07-25 00:00:00-04:00,17.9884691705353,18.320941820152076,17.76098832311016,18.14595603942871,9900,0.0,0.0
2003-07-28 00:00:00-04:00,18.19846212789806,18.373448014600367,18.102221392121972,18.329702377319336,15150,0.0,0.0
2003-07-29 00:00:00-04:00,18.320954660542476,18.320954660542476,17.761000771052313,17.81349754333496,9250,0.0,0.0
2003-07-30 00:00:00-04:00,17.89223336214127,17.89223336214127,17.32353025442062,17.498516082763672,14250,0.0,0.0
2003-07-31 00:00:00-04:00,17.498516082763672,17.795990989673736,17.454770460072176,17.498516082763672,18350,0.0,0.0
2003-08-01 00:00:00-04:00,17.463508129388774,17.699738360118722,17.104788891074804,17.3322696685791,9400,0.0,0.0
2003-08-04 00:00:00-04:00,17.38477445734659,17.621003128938188,17.06105121288649,17.463516235351562,6550,0.0,0.0
2003-08-05 00:00:00-04:00,17.41976293693052,17.725987131795613,17.06979314370796,17.11353874206543,11000,0.0,0.0
2003-08-06 00:00:00-04:00,17.1135363668324,17.262273716906787,16.894805067828145,17.052291870117188,15750,0.0,0.0
2003-08-07 00:00:00-04:00,17.043540068929687,17.367263081106312,16.886053288345767,17.061038970947266,17450,0.0,0.0
2003-08-08 00:00:00-04:00,17.07854942738715,17.16604232788086,16.89481416947153,17.16604232788086,4300,0.0,0.0
2003-08-11 00:00:00-04:00,17.18353564036612,17.341022491455078,17.11354166974746,17.341022491455078,3100,0.0,0.0
2003-08-12 00:00:00-04:00,17.218534895039493,17.629749298095703,17.157290374242613,17.629749298095703,7450,0.0,0.0
2003-08-13 00:00:00-04:00,17.42851975368988,17.586006644373164,17.42851975368988,17.43726921081543,11150,0.0,0.0
2003-08-14 00:00:00-04:00,17.498511261647888,17.498511261647888,17.061048480106688,17.41101837158203,23850,0.0,0.0
2003-08-15 00:00:00-04:00,17.498516082763672,17.586008996935195,17.06105318069458,17.498516082763672,10100,0.0,0.0
2003-08-18 00:00:00-04:00,17.262286186682918,17.36727802031447,17.017308022856938,17.104799270629883,30000,0.0,0.0
2003-08-19 00:00:00-04:00,17.3235226724469,17.3235226724469,17.061045713598958,17.14853858947754,9750,0.0,0.0
2003-08-20 00:00:00-04:00,17.061043690278947,17.253526659354453,17.061043690278947,17.11353874206543,7800,0.0,0.0
2003-08-21 00:00:00-04:00,17.192294137113798,17.279787063598633,17.11355067015632,17.279787063598633,7650,0.0,0.0
2003-08-22 00:00:00-04:00,17.27978510375294,17.35852856177946,17.104799270629883,17.104799270629883,8600,0.0,0.0
2003-08-25 00:00:00-04:00,17.06105791180107,17.279789423490826,17.06105791180107,17.271039962768555,5450,0.0,0.0
2003-08-26 00:00:00-04:00,17.314783517905017,17.542262772281095,17.157296596576472,17.376028060913086,9200,0.0,0.0
2003-08-27 00:00:00-04:00,17.3235226724469,17.542254027749447,17.14853858947754,17.14853858947754,22700,0.0,0.0
2003-08-28 00:00:00-04:00,17.323515826062366,17.323515826062366,17.061038970947266,17.061038970947266,17700,0.0,0.0
2003-08-29 00:00:00-04:00,16.859822478341307,17.253538131713867,16.85107301909453,17.253538131713867,21500,0.0,0.0
2003-09-02 00:00:00-04:00,17.279785740855814,17.279785740855814,17.02605644035128,17.236040115356445,13500,0.0,0.0
2003-09-03 00:00:00-04:00,17.27102708919653,17.542253494262695,17.157287522164832,17.542253494262695,12800,0.0,0.0
2003-09-04 00:00:00-04:00,17.498511261647888,17.542256872286774,17.18353752492604,17.41101837158203,7000,0.0,0.0
2003-09-05 00:00:00-04:00,17.341033979757718,17.402278536024607,17.244791580601742,17.271039962768555,12700,0.0,0.0
2003-09-08 00:00:00-04:00,17.201032771924027,17.314774005412875,17.201032771924027,17.3060245513916,8500,0.0,0.0
2003-09-09 00:00:00-04:00,17.323525481516178,17.472262893991708,17.279779870877288,17.41101837158203,4850,0.0,0.0
2003-09-10 00:00:00-04:00,17.297284020822964,17.37602747884948,17.104799270629883,17.104799270629883,4700,0.0,0.0
2003-09-11 00:00:00-04:00,17.061064916047624,17.446033001927248,17.034816523104805,17.24479866027832,26450,0.0,0.0
2003-09-12 00:00:00-04:00,17.174784761778184,17.542253494262695,17.174784761778184,17.542253494262695,15800,0.0,0.0
2003-09-15 00:00:00-04:00,17.419758351084727,17.577245133772532,17.323516057489474,17.550996780395508,22350,0.0,0.0
2003-09-16 00:00:00-04:00,17.54225125283822,17.55100070592083,17.45476005958719,17.51600456237793,12550,0.0,0.0
2003-09-17 00:00:00-04:00,17.55974911676816,17.55974911676816,17.332268356484704,17.428510665893555,6800,0.0,0.0
2003-09-18 00:00:00-04:00,17.393520905934714,17.542258330776498,17.376023661497257,17.489763259887695,9400,0.0,0.0
2003-09-19 00:00:00-04:00,17.533505708849898,17.56850185686436,17.446012835632107,17.542253494262695,14050,0.0,0.0
2003-09-22 00:00:00-04:00,17.507262298437436,17.507262298437436,17.34102595917999,17.45476722717285,8950,0.0,0.0
2003-09-23 00:00:00-04:00,17.498516082763672,17.498516082763672,17.367277545900652,17.498516082763672,14600,0.0,0.0
2003-09-24 00:00:00-04:00,17.498519039821677,17.498519039821677,17.183545163092464,17.2010440826416,15650,0.0,0.0
2003-09-25 00:00:00-04:00,17.218538207872452,17.314780569806235,17.04355239868164,17.04355239868164,10900,0.0,0.0
2003-09-26 00:00:00-04:00,17.1008995698984,17.1008995698984,16.606756378929415,16.889123916625977,14200,0.33,0.0
2003-09-29 00:00:00-04:00,17.065605129655317,17.286204987398488,16.827356879362288,17.268556594848633,14300,0.0,0.0
2003-09-30 00:00:00-04:00,17.339156725160432,17.339156725160432,17.074437443236576,17.162677764892578,13350,0.0,0.0
2003-10-01 00:00:00-04:00,17.074438250222496,17.347981745544804,17.074438250222496,17.2950382232666,12650,0.0,0.0
2003-10-02 00:00:00-04:00,17.38328068859364,17.42740001541489,17.039143543819026,17.250919342041016,7900,0.0,0.0
2003-10-03 00:00:00-04:00,17.339148863251328,17.42738914489746,17.08325389782527,17.42738914489746,8900,0.0,0.0
2003-10-06 00:00:00-04:00,17.339165537469455,17.69212532043457,17.339165537469455,17.69212532043457,17400,0.0,0.0
2003-10-07 00:00:00-04:00,17.74506672888904,18.036258697509766,17.55976183083332,18.036258697509766,26050,0.0,0.0
2003-10-08 00:00:00-04:00,17.956838312830318,17.956838312830318,17.81565446338563,17.939189910888672,34500,0.0,0.0
2003-10-09 00:00:00-04:00,17.948002968204282,18.089186729990015,17.850938500835387,17.95682716369629,15750,0.0,0.0
2003-10-10 00:00:00-04:00,18.00095431490733,18.00095431490733,17.850946292156273,17.9127140045166,10550,0.0,0.0
2003-10-13 00:00:00-04:00,17.86860082659874,18.089200836803663,17.86860082659874,18.009784698486328,13000,0.0,0.0
2003-10-14 00:00:00-04:00,18.04507734466667,18.442156261595795,17.948012823996734,18.256853103637695,9500,0.0,0.0
2003-10-15 00:00:00-04:00,18.353914206504896,18.353914206504896,18.000954641580563,18.07154655456543,14450,0.0,0.0
2003-10-16 00:00:00-04:00,18.005185900402456,18.005185900402456,17.801687893653355,17.91670799255371,17250,0.11,0.0
2003-10-17 00:00:00-04:00,17.916710775890543,17.916710775890543,17.704364776611328,17.704364776611328,9100,0.0,0.0
2003-10-20 00:00:00-04:00,17.87247642964075,17.87247642964075,17.722064437470184,17.783998489379883,9050,0.0,0.0
2003-10-21 00:00:00-04:00,17.872472826413368,17.872472826413368,17.704364942567196,17.792842864990234,13200,0.0,0.0
2003-10-22 00:00:00-04:00,17.84592690823569,17.960947012965356,17.5981890912188,17.624732971191406,21750,0.0,0.0
2003-10-23 00:00:00-04:00,17.624714636015963,17.828212441377605,17.607018734443454,17.660104751586914,8250,0.0,0.0
2003-10-24 00:00:00-04:00,17.651283865675314,17.78399994312727,17.651283865675314,17.76630401611328,8300,0.0,0.0
2003-10-27 00:00:00-05:00,17.775150526596164,17.783998489379883,17.70436851190274,17.783998489379883,6450,0.0,0.0
2003-10-28 00:00:00-05:00,17.810548996061726,18.005200892926343,17.7220727021165,17.987504959106445,9750,0.0,0.0
2003-10-29 00:00:00-05:00,17.99634453346015,18.014040459027594,17.76630256381244,17.783998489379883,7700,0.0,0.0
2003-10-30 00:00:00-05:00,17.87248409753976,18.129068378045606,17.84594019780037,17.960960388183594,8750,0.0,0.0
2003-10-31 00:00:00-05:00,18.03173585488883,18.03173585488883,17.837085723876953,17.837085723876953,15000,0.0,0.0
2003-11-03 00:00:00-05:00,17.960944567743994,18.09366226196289,17.872468355032172,18.09366226196289,13000,0.0,0.0
2003-11-04 00:00:00-05:00,18.137899780719415,18.314855575561523,17.94324975645352,18.314855575561523,20750,0.0,0.0
2003-11-05 00:00:00-05:00,18.35910164421729,18.748403549194336,18.173299497854586,18.748403549194336,22950,0.0,0.0
2003-11-06 00:00:00-05:00,18.88111484006909,18.88111484006909,18.580290946875515,18.7130069732666,11100,0.0,0.0
2003-11-07 00:00:00-05:00,18.792638089715055,18.9695939275724,18.668770015760476,18.766094207763672,10500,0.0,0.0
2003-11-10 00:00:00-05:00,18.97844188822286,18.97844188822286,18.67761797641094,18.766094207763672,7350,0.0,0.0
2003-11-11 00:00:00-05:00,18.88996212308816,19.02267814472223,18.713006302525553,19.013830184936523,10800,0.0,0.0
2003-11-12 00:00:00-05:00,19.022681928214237,19.093463933002223,18.668771904274312,18.75724983215332,22050,0.0,0.0
2003-11-13 00:00:00-05:00,18.81490788707604,18.939099854109145,18.655235401403072,18.903615951538086,21050,0.11,0.0
2003-11-14 00:00:00-05:00,18.95684037719856,18.98345161015638,18.726200103759766,18.726200103759766,23250,0.0,0.0
2003-11-17 00:00:00-05:00,18.72619459084364,18.89473798984292,18.717323618480787,18.761676788330078,9050,0.0,0.0
2003-11-18 00:00:00-05:00,18.894743028895256,18.894743028895256,18.61974958016852,18.68184471130371,17700,0.0,0.0
2003-11-19 00:00:00-05:00,18.806043034193355,19.02781240161561,18.628626863469155,18.735076904296875,17000,0.0,0.0
2003-11-20 00:00:00-05:00,18.868132486590305,18.965709828242634,18.531042202437206,18.539913177490234,12400,0.0,0.0
2003-11-21 00:00:00-05:00,18.956843319538166,18.96571260392375,18.58427077261149,18.850393295288086,9650,0.0,0.0
2003-11-24 00:00:00-05:00,18.93909464394012,18.97457684478438,18.64635929612315,18.96570587158203,22000,0.0,0.0
2003-11-25 00:00:00-05:00,18.983451020722708,19.116512257276696,18.77055270384324,18.894742965698242,10750,0.0,0.0
2003-11-26 00:00:00-05:00,19.063300920499444,19.063300920499444,18.717341134419257,18.797178268432617,10700,0.0,0.0
2003-11-28 00:00:00-05:00,18.850387468360147,19.107640627130483,18.672971380107143,18.841516494750977,10600,0.0,0.0
2003-12-01 00:00:00-05:00,18.850386659279366,19.409244436948633,18.841515686050947,19.382633209228516,41150,0.0,0.0
2003-12-02 00:00:00-05:00,19.47135229993423,20.04795235129254,19.382644209271547,20.021339416503906,43900,0.0,0.0
2003-12-03 00:00:00-05:00,20.047949051947523,20.367295757024905,19.799566777362163,19.843921661376953,28550,0.0,0.0
2003-12-04 00:00:00-05:00,20.136663992765808,20.225370407104492,19.737478360376137,20.225370407104492,16250,0.0,0.0
2003-12-05 00:00:00-05:00,20.30518505084864,20.30518505084864,20.047933688566197,20.07454490661621,27800,0.0,0.0
2003-12-08 00:00:00-05:00,20.074554296321956,20.438257468781686,20.003588195053908,20.260841369628906,25800,0.0,0.0
2003-12-09 00:00:00-05:00,20.03020111751642,20.402773572165003,19.96810599040254,20.260841369628906,19250,0.0,0.0
2003-12-10 00:00:00-05:00,20.314077344263517,20.314077344263517,19.83505630493164,19.83505630493164,15050,0.0,0.0
2003-12-11 00:00:00-05:00,20.003596545663477,20.526972395488407,19.950372370485052,20.127788543701172,22200,0.0,0.0
2003-12-12 00:00:00-05:00,20.127770785714823,20.225348072125445,19.85277579065113,19.87051773071289,25400,0.0,0.0
2003-12-15 00:00:00-05:00,19.8882799592063,20.07456544399474,19.515707297663173,19.560060501098633,37250,0.0,0.0
2003-12-16 00:00:00-05:00,19.6534318017143,19.6534318017143,19.466678856021478,19.55560874938965,39900,0.11,0.0
2003-12-17 00:00:00-05:00,19.608966006931897,19.6534318017143,19.52003780976036,19.55560874938965,19600,0.0,0.0
2003-12-18 00:00:00-05:00,19.555611238005245,19.555611238005245,19.466681333319993,19.475574493408203,15350,0.0,0.0
2003-12-19 00:00:00-05:00,19.520048141479492,19.528939608945482,19.34218826060412,19.520048141479492,20950,0.0,0.0
2003-12-22 00:00:00-05:00,19.564495114851802,19.608959197998047,19.520031031705557,19.608959197998047,28800,0.0,0.0
2003-12-23 00:00:00-05:00,19.608955982966958,19.857959217869755,19.56449190711092,19.831279754638672,37350,0.0,0.0
2003-12-24 00:00:00-05:00,19.87574740697998,19.87574740697998,19.75124492965249,19.78681755065918,6400,0.0,0.0
2003-12-26 00:00:00-05:00,19.92021911583538,19.92021911583538,19.786825128366605,19.89354133605957,8050,0.0,0.0
2003-12-29 00:00:00-05:00,19.87574740697998,19.87574740697998,19.662316769527617,19.78681755065918,30100,0.0,0.0
2003-12-30 00:00:00-05:00,19.875742772115107,19.893529078470827,19.742348866838267,19.88463592529297,13250,0.0,0.0
2003-12-31 00:00:00-05:00,19.875749588012695,19.875749588012695,19.75124709702313,19.875749588012695,16600,0.0,0.0
2004-01-02 00:00:00-05:00,19.875757281242056,19.938007702733803,19.75125474206179,19.769041061401367,21550,0.0,0.0
2004-01-05 00:00:00-05:00,19.786825944022763,20.080293407030066,19.76014646695059,19.9468994140625,36050,0.0,0.0
2004-01-06 00:00:00-05:00,20.098066512975016,20.098066512975016,19.875742772115107,19.88463592529297,27300,0.0,0.0
2004-01-07 00:00:00-05:00,19.911323205017627,20.1870059967041,19.884645428929243,20.1870059967041,27350,0.0,0.0
2004-01-08 00:00:00-05:00,20.186988229707804,20.186988229707804,19.92909197985777,20.053592681884766,22150,0.0,0.0
2004-01-09 00:00:00-05:00,20.062495333984486,20.13363886829595,19.88463734630366,20.009138107299805,18250,0.0,0.0
2004-01-12 00:00:00-05:00,20.1870059967041,20.1870059967041,19.991359925675464,20.1870059967041,18700,0.0,0.0
2004-01-13 00:00:00-05:00,20.142560345590162,20.18702617718278,19.875772140826598,20.178133010864258,23200,0.0,0.0
2004-01-14 00:00:00-05:00,20.227146022010015,20.44109535217285,20.155829578622402,20.44109535217285,22850,0.11,0.0
2004-01-15 00:00:00-05:00,20.441097559433203,20.503499241595822,20.066685766139155,20.244976043701172,16650,0.0,0.0
2004-01-16 00:00:00-05:00,20.485672009934905,20.51241631972321,20.102345404561714,20.369783401489258,14500,0.0,0.0
2004-01-20 00:00:00-05:00,20.414343900137847,21.10968025493151,20.414343900137847,20.69069480895996,24100,0.0,0.0
2004-01-21 00:00:00-05:00,20.56588681439137,20.904640999895715,20.512399937849633,20.637203216552734,21300,0.0,0.0
2004-01-22 00:00:00-05:00,20.860073635631533,20.860073635631533,20.565893173217773,20.565893173217773,8300,0.0,0.0
2004-01-23 00:00:00-05:00,20.690692711431524,20.88681411743164,20.512402533624666,20.88681411743164,9550,0.0,0.0
2004-01-26 00:00:00-05:00,21.127520271438545,21.13643334038677,20.628303394418836,20.949228286743164,19000,0.0,0.0
2004-01-27 00:00:00-05:00,20.726364135742188,20.975972574007677,20.663962451255408,20.726364135742188,18100,0.0,0.0
2004-01-28 00:00:00-05:00,20.860073153802237,20.895732215243363,20.548063167462942,20.6461238861084,30950,0.0,0.0
2004-01-29 00:00:00-05:00,20.59263110282081,20.78875078368528,20.298450731365534,20.637203216552734,9050,0.0,0.0
2004-01-30 00:00:00-05:00,20.8600780527896,20.895737122605254,20.458923719271706,20.592641830444336,15300,0.0,0.0
2004-02-02 00:00:00-05:00,20.92247492375961,21.038365173750172,20.512405916882592,20.548063278198242,14300,0.0,0.0
2004-02-03 00:00:00-05:00,20.280632683270458,20.958139737387118,20.173657169328624,20.868993759155273,14850,0.0,0.0
2004-02-04 00:00:00-05:00,20.70852053310952,21.038359970368283,20.2538778116369,20.476741790771484,8650,0.0,0.0
2004-02-05 00:00:00-05:00,20.262791500860025,20.59263092063645,19.808148803484645,20.200389862060547,17650,0.0,0.0
2004-02-06 00:00:00-05:00,19.834905883324065,20.548070358552245,19.834905883324065,20.289548873901367,12050,0.0,0.0
2004-02-09 00:00:00-05:00,20.50348591844859,20.50348591844859,20.25387765167502,20.458913803100586,13700,0.0,0.0
2004-02-10 00:00:00-05:00,20.271726568723672,20.50350553093775,20.271726568723672,20.494590759277344,12600,0.0,0.0
2004-02-11 00:00:00-05:00,20.552657672480716,20.552657672480716,20.016501044493534,20.427555084228516,16050,0.11,0.0
2004-02-12 00:00:00-05:00,20.55266761779785,20.55266761779785,20.23990929143047,20.55266761779785,11850,0.0,0.0
2004-02-13 00:00:00-05:00,20.382874370999204,20.552657672480716,20.320323076873105,20.427555084228516,7450,0.0,0.0
2004-02-17 00:00:00-05:00,20.284592500339837,20.55267012455389,20.284592500339837,20.320335388183594,12200,0.0,0.0
2004-02-18 00:00:00-05:00,20.463301222191507,20.552660958542475,20.105863981182853,20.15947914123535,19050,0.0,0.0
2004-02-19 00:00:00-05:00,20.28460160610739,20.40970432631316,20.10588197347338,20.1326904296875,12150,0.0,0.0
2004-02-20 00:00:00-05:00,20.329253894880868,20.329253894880868,19.81096968793441,19.98075294494629,17350,0.0,0.0
2004-02-23 00:00:00-05:00,20.01649922728824,20.01649922728824,19.560766220092773,19.560766220092773,33450,0.0,0.0
2004-02-24 00:00:00-05:00,19.560775808940523,19.748431470667672,19.069299697875977,19.069299697875977,36450,0.0,0.0
2004-02-25 00:00:00-05:00,19.078241949013023,19.14972943721426,18.89058622723718,19.122920989990234,14350,0.0,0.0
2004-02-26 00:00:00-05:00,19.489299631094774,19.52504423665737,19.13186209745184,19.426748275756836,14600,0.0,0.0
2004-02-27 00:00:00-05:00,19.73057317945416,19.73057317945416,19.26590347290039,19.26590347290039,10500,0.0,0.0
2004-03-01 00:00:00-05:00,19.569723289214007,19.569723289214007,19.221221906961723,19.426748275756836,13150,0.0,0.0
2004-03-02 00:00:00-05:00,19.65906834084207,19.65906834084207,19.20333518841329,19.32843780517578,17450,0.0,0.0
2004-03-03 00:00:00-05:00,19.21227970838643,19.74843669229038,19.122919927003093,19.6501407623291,99150,0.0,0.0
2004-03-04 00:00:00-05:00,19.703748081933142,19.85565913830975,19.560773170566378,19.659069061279297,25950,0.0,0.0
2004-03-05 00:00:00-05:00,19.659072574314116,19.891407272901674,19.578648959249357,19.810983657836914,19750,0.0,0.0
2004-03-08 00:00:00-05:00,19.712680997423874,20.007566916856227,19.712680997423874,19.84671974182129,12100,0.0,0.0
2004-03-09 00:00:00-05:00,19.837789686674373,20.016507483901194,19.76630222690455,19.97182846069336,19200,0.0,0.0
2004-03-10 00:00:00-05:00,19.971837037855853,20.079067421364314,19.81098975819694,19.864604949951172,16700,0.0,0.0
2004-03-11 00:00:00-05:00,19.855668800592763,20.10587586943954,19.659078627896438,19.864604949951172,10000,0.0,0.0
2004-03-12 00:00:00-05:00,20.10586304987209,20.642019738747706,19.703745107116596,20.481172561645508,15900,0.0,0.0
2004-03-15 00:00:00-05:00,20.46330451965332,20.624151730124975,20.293521163667076,20.46330451965332,11750,0.0,0.0
2004-03-16 00:00:00-05:00,20.593184000335388,20.593184000335388,19.9034597173891,20.14531135559082,14150,0.11,0.0
2004-03-17 00:00:00-05:00,20.15426960137872,20.422992512664326,19.795971816831706,19.894502639770508,17100,0.0,0.0
2004-03-18 00:00:00-05:00,19.885553854577925,19.966171098708585,19.742234689123247,19.813894271850586,8850,0.0,0.0
2004-03-19 00:00:00-05:00,19.840752576570008,19.867625543211634,19.607858657836914,19.607858657836914,19650,0.0,0.0
2004-03-22 00:00:00-05:00,19.88554907373253,20.01095288623123,19.58995315248645,19.822845458984375,15500,0.0,0.0
2004-03-23 00:00:00-05:00,19.966164921103253,19.966164921103253,19.589951801061645,19.79597282409668,19300,0.0,0.0
2004-03-24 00:00:00-05:00,19.903468062651296,19.966171694345128,19.625787384861404,19.652660369873047,21400,0.0,0.0
2004-03-25 00:00:00-05:00,19.65265465165585,20.154271599759088,19.65265465165585,19.939292907714844,21750,0.0,0.0
2004-03-26 00:00:00-05:00,20.14531616570734,20.14531616570734,19.670570433863123,19.71535873413086,14450,0.0,0.0
2004-03-29 00:00:00-05:00,19.80493976530525,20.387174181275206,19.661620577020322,19.930343627929688,14250,0.0,0.0
2004-03-30 00:00:00-05:00,19.975110246670386,20.602132349399035,19.67951450304066,20.07364273071289,17750,0.0,0.0
2004-03-31 00:00:00-05:00,20.557345788560326,20.557345788560326,20.07364273071289,20.07364273071289,16600,0.0,0.0
2004-04-01 00:00:00-05:00,20.378207950867523,20.378207950867523,19.76014314342859,19.939292907714844,10350,0.0,0.0
2004-04-02 00:00:00-05:00,19.795974804382322,20.378209005702626,19.70639991760254,19.70639991760254,11550,0.0,0.0
2004-04-05 00:00:00-04:00,19.79598549150736,20.33343339383557,19.79598549150736,20.15428352355957,22100,0.0,0.0
2004-04-06 00:00:00-04:00,19.966153029549922,20.378194830213825,19.79596103390725,20.199045181274414,12000,0.0,0.0
2004-04-07 00:00:00-04:00,20.127386945418902,20.279663644167414,20.028856169874178,20.07364273071289,26300,0.0,0.0
2004-04-08 00:00:00-04:00,20.243845110425617,20.333419986500243,19.984078140659072,20.064695358276367,10750,0.0,0.0
2004-04-12 00:00:00-04:00,19.885552062818356,20.172190367900576,19.885552062818356,19.9213809967041,20150,0.0,0.0
2004-04-13 00:00:00-04:00,19.88554304093589,19.88554304093589,19.751179901451202,19.7601375579834,16500,0.0,0.0
2004-04-14 00:00:00-04:00,19.70639991760254,19.795974804382322,19.661613328462078,19.70639991760254,15550,0.0,0.0
2004-04-15 00:00:00-04:00,19.92868890825628,19.92868890825628,19.309004110652964,19.470661163330078,49400,0.115,0.0
2004-04-16 00:00:00-04:00,19.48860687229828,20.018481555437408,19.308987696904353,19.668224334716797,6400,0.0,0.0
2004-04-19 00:00:00-04:00,19.542487521469358,19.740067199352612,19.470640210150446,19.533506393432617,11850,0.0,0.0
2004-04-20 00:00:00-04:00,19.713137458625425,19.89275498913988,19.47065199380605,19.569442749023438,16050,0.0,0.0
2004-04-21 00:00:00-04:00,19.470657549950666,19.713143083965686,19.353904494472374,19.443714141845703,16550,0.0,0.0
2004-04-22 00:00:00-04:00,19.506585136225574,19.578432529043134,19.407796041712032,19.488624572753906,10450,0.0,0.0
2004-04-23 00:00:00-04:00,19.659249132063003,19.659249132063003,19.44370708438797,19.452688217163086,7250,0.0,0.0
2004-04-26 00:00:00-04:00,19.44369682604022,19.713125528217407,19.362868386684568,19.533506393432617,18750,0.0,0.0
2004-04-27 00:00:00-04:00,19.704151706820117,19.704151706820117,19.398800092241334,19.497589111328125,31050,0.0,0.0
2004-04-28 00:00:00-04:00,19.614351717400492,19.614351717400492,18.859953442656124,18.994667053222656,11750,0.0,0.0
2004-04-29 00:00:00-04:00,19.165295574080975,19.165295574080975,18.85994396335058,18.868925094604492,13350,0.0,0.0
2004-04-30 00:00:00-04:00,19.44370979123474,19.44370979123474,18.40192222595215,18.40192222595215,24350,0.0,0.0
2004-05-03 00:00:00-04:00,18.671356149107943,18.671356149107943,17.476890695860135,17.602624893188477,51250,0.0,0.0
2004-05-04 00:00:00-04:00,17.467907115500637,17.665486931459956,17.1984782250366,17.566696166992188,47050,0.0,0.0
2004-05-05 00:00:00-04:00,18.10554250889447,18.14146702684867,17.65649631231876,17.907962799072266,26250,0.0,0.0
2004-05-06 00:00:00-04:00,18.24027182342615,18.24027182342615,17.96186342004889,18.13250160217285,24850,0.0,0.0
2004-05-07 00:00:00-04:00,18.18637096131612,18.18637096131612,17.827134346650613,17.907962799072266,44500,0.0,0.0
2004-05-10 00:00:00-04:00,17.952884360029223,18.44683668901964,17.243391563592994,17.854093551635742,25750,0.0,0.0
2004-05-11 00:00:00-04:00,17.51280298233032,17.997773733299983,17.333183805013686,17.961849212646484,13650,0.0,0.0
2004-05-12 00:00:00-04:00,17.95288228278165,18.37498545648116,17.791225237924927,18.13250160217285,25550,0.0,0.0
2004-05-13 00:00:00-04:00,18.013155819942458,18.229313483637558,17.84203035864985,17.932096481323242,12150,0.115,0.0
2004-05-14 00:00:00-04:00,17.932096588242224,17.97712879091322,17.16653711775639,17.256603240966797,27550,0.0,0.0
2004-05-17 00:00:00-04:00,17.157529802266474,17.42772816352944,17.1485247363059,17.382694244384766,21850,0.0,0.0
2004-05-18 00:00:00-04:00,17.256607058395765,18.013159912134935,17.031442559494078,17.310646057128906,18050,0.0,0.0
2004-05-19 00:00:00-04:00,17.508792113680947,17.553824326823232,17.211575040482963,17.47276496887207,12300,0.0,0.0
2004-05-20 00:00:00-04:00,17.2566027065164,17.824018062660777,17.2566027065164,17.382694244384766,6450,0.0,0.0
2004-05-21 00:00:00-04:00,17.580844397851227,17.598857969961006,17.445746042765432,17.48177146911621,7250,0.0,0.0
2004-05-24 00:00:00-04:00,17.292634871123944,18.00415382186033,17.292634871123944,17.625877380371094,6500,0.0,0.0
2004-05-25 00:00:00-04:00,18.01315800512168,18.01315800512168,17.661901973739766,17.815013885498047,14950,0.0,0.0
2004-05-26 00:00:00-04:00,17.815017693995756,17.968129638486335,17.607865027071576,17.923095703125,12650,0.0,0.0
2004-05-27 00:00:00-04:00,17.878069033947895,18.175286228095757,17.878069033947895,18.094226837158203,17300,0.0,0.0
2004-05-28 00:00:00-04:00,18.19328418206271,18.229309592721656,18.10321807861328,18.10321807861328,10350,0.0,0.0
2004-06-01 00:00:00-04:00,18.274337683078162,18.274337683078162,17.968114059601913,18.04917335510254,13500,0.0,0.0
2004-06-02 00:00:00-04:00,17.9050674363788,18.103213153635622,17.9050674363788,18.022153854370117,12100,0.0,0.0
2004-06-03 00:00:00-04:00,17.96811897804837,18.148249459015826,17.85103253344496,18.013151168823242,5900,0.0,0.0
2004-06-04 00:00:00-04:00,17.85103253344496,18.148249459015826,17.85103253344496,18.013151168823242,12550,0.0,0.0
2004-06-07 00:00:00-04:00,17.96811902445277,18.68864438591934,17.96811902445277,18.46347999572754,15800,0.0,0.0
2004-06-08 00:00:00-04:00,18.679653957344588,18.679653957344588,18.319390961217636,18.328397750854492,18450,0.0,0.0
2004-06-09 00:00:00-04:00,18.319380349235814,18.373419337883988,18.103222676774646,18.193288803100586,9850,0.0,0.0
2004-06-10 00:00:00-04:00,18.436467542283058,18.436467542283058,18.193291202362868,18.346403121948242,16650,0.0,0.0
2004-06-14 00:00:00-04:00,18.12124718691979,18.364423641596684,18.12124718691979,18.148265838623047,17350,0.0,0.0
2004-06-15 00:00:00-04:00,18.471158981323242,18.471158981323242,18.164058901233936,18.471158981323242,14800,0.115,0.0
2004-06-16 00:00:00-04:00,18.516319170210366,18.534384285308047,18.073734187022367,18.155025482177734,24250,0.0,0.0
2004-06-17 00:00:00-04:00,18.272454221631353,18.272454221631353,18.082775588688243,18.11890411376953,13000,0.0,0.0
2004-06-18 00:00:00-04:00,18.344705401600184,18.35373795982814,18.02857275475908,18.0647029876709,27100,0.0,0.0
2004-06-21 00:00:00-04:00,18.227276663774415,18.227276663774415,18.019533094622545,18.1008243560791,11150,0.0,0.0
2004-06-22 00:00:00-04:00,17.929219206449172,18.353739133606442,17.911154088837943,18.136962890625,14200,0.0,0.0
2004-06-23 00:00:00-04:00,17.929230362952566,18.651818289189315,17.929230362952566,18.218265533447266,13550,0.0,0.0
2004-06-24 00:00:00-04:00,18.47117264554789,18.5163337460582,18.127942079641535,18.281492233276367,13400,0.0,0.0
2004-06-25 00:00:00-04:00,18.389865441139634,18.940837628330538,18.127926460074786,18.24534797668457,84650,0.0,0.0
2004-06-28 00:00:00-04:00,18.507294239077904,18.507294239077904,18.20019404700542,18.209226608276367,15700,0.0,0.0
2004-06-29 00:00:00-04:00,18.290526235041426,18.344719904468963,17.884069407370674,18.19116973876953,19200,0.0,0.0
2004-06-30 00:00:00-04:00,18.32665137690172,18.335682216962105,17.884064411393727,18.200197219848633,16800,0.0,0.0
2004-07-01 00:00:00-04:00,18.109859466552734,18.27244202788494,18.01050479679275,18.109859466552734,10600,0.0,0.0
2004-07-02 00:00:00-04:00,18.10986269443353,18.371801694997313,18.10986269443353,18.155025482177734,6850,0.0,0.0
2004-07-06 00:00:00-04:00,18.118912211785272,18.29052752028152,18.06471853854965,18.2363338470459,13650,0.0,0.0
2004-07-07 00:00:00-04:00,18.254385280006503,18.51632435390077,18.06470668673246,18.507291793823242,10200,0.0,0.0
2004-07-08 00:00:00-04:00,18.660852908448557,18.841500771292473,18.516335307287704,18.778274536132812,41650,0.0,0.0
2004-07-09 00:00:00-04:00,18.877623400972475,18.922786213939098,18.787299497824392,18.832462310791016,27200,0.0,0.0
2004-07-12 00:00:00-04:00,18.91375327463942,18.91375327463942,18.462135490679067,18.63374900817871,34650,0.0,0.0
2004-07-13 00:00:00-04:00,18.832459910924317,18.832459910924317,18.59761848177979,18.76923370361328,23500,0.0,0.0
2004-07-14 00:00:00-04:00,18.913753509521484,18.9679471618899,18.742138267105496,18.913753509521484,24400,0.0,0.0
2004-07-15 00:00:00-04:00,19.022434586044707,19.29418296046602,18.569519476853166,18.66010284423828,54000,0.12,0.0
2004-07-16 00:00:00-04:00,19.07679473838295,19.113028796987585,18.180022520738348,18.22531509399414,54550,0.0,0.0
2004-07-19 00:00:00-04:00,18.56046716997023,18.705399915127146,18.13472744703862,18.651050567626953,22050,0.0,0.0
2004-07-20 00:00:00-04:00,18.67823262803913,19.113031015349755,18.578590683046407,19.02244758605957,17750,0.0,0.0
2004-07-21 00:00:00-04:00,19.15830921657203,19.15830921657203,18.70539409690019,18.750686645507812,14700,0.0,0.0
2004-07-22 00:00:00-04:00,19.022446133236283,19.113029555608232,18.56953074911161,18.823163986206055,13650,0.0,0.0
2004-07-23 00:00:00-04:00,18.931851218659595,19.10395944391791,18.66010284423828,18.66010284423828,11550,0.0,0.0
2004-07-26 00:00:00-04:00,18.904699489006166,19.0224567946741,18.67824167002195,18.931873321533203,16750,0.0,0.0
2004-07-27 00:00:00-04:00,18.931873321533203,18.977165921971675,18.795998975689884,18.931873321533203,18800,0.0,0.0
2004-07-28 00:00:00-04:00,18.85940205290606,18.97716105611594,18.73258625966675,18.886577606201172,13950,0.0,0.0
2004-07-29 00:00:00-04:00,18.968103231173416,18.968103231173416,18.777877806630737,18.841285705566406,8550,0.0,0.0
2004-07-30 00:00:00-04:00,18.922804875477727,18.931863390813774,18.77787208557129,18.77787208557129,15550,0.0,0.0
2004-08-02 00:00:00-04:00,18.977156880764714,18.977156880764714,18.66011573968618,18.922805786132812,10850,0.0,0.0
2004-08-03 00:00:00-04:00,18.795984198343522,18.931858437362923,18.66010995932412,18.66916847229004,28400,0.0,0.0
2004-08-04 00:00:00-04:00,18.922805786132812,18.931864301904795,18.669174255458163,18.922805786132812,10250,0.0,0.0
2004-08-05 00:00:00-04:00,18.660124629846564,19.0224567946741,18.660124629846564,18.931873321533203,13550,0.0,0.0
2004-08-06 00:00:00-04:00,18.6601205268553,18.931869158789794,18.6601205268553,18.841285705566406,8800,0.0,0.0
2004-08-09 00:00:00-04:00,18.70541070637164,19.113035367120286,18.70541070637164,18.886577606201172,11550,0.0,0.0
2004-08-10 00:00:00-04:00,18.91375026287949,19.53877412815536,18.91375026287949,19.384782791137695,23200,0.0,0.0
2004-08-11 00:00:00-04:00,19.20360851907777,21.015269634925307,19.20360851907777,20.281545639038086,105500,0.0,0.0
2004-08-12 00:00:00-04:00,20.245304804073754,20.643870565769994,19.92826389653661,20.426469802856445,31700,0.0,0.0
2004-08-13 00:00:00-04:00,20.236259778245394,20.797873894725218,20.236259778245394,20.680116653442383,25550,0.0,0.0
2004-08-16 00:00:00-04:00,19.980778609854,20.888995819392818,19.980778609854,20.707351684570312,26800,0.12,0.0
2004-08-17 00:00:00-04:00,20.96165927625969,21.02523422241211,20.671029961113003,21.02523422241211,16700,0.0,0.0
2004-08-18 00:00:00-04:00,20.43489458649282,21.343112123670277,20.43489458649282,21.324947357177734,27200,0.0,0.0
2004-08-19 00:00:00-04:00,21.343123273888317,21.343123273888317,21.070658563307223,21.225055694580078,29050,0.0,0.0
2004-08-20 00:00:00-04:00,21.252301901755718,21.433946203630185,21.17056213914105,21.424863815307617,16500,0.0,0.0
2004-08-23 00:00:00-04:00,21.116054925423157,21.479341545424603,21.116054925423157,21.170547485351562,18650,0.0,0.0
2004-08-24 00:00:00-04:00,21.52476468329661,21.52476468329661,20.979833602905273,20.979833602905273,25250,0.0,0.0
2004-08-25 00:00:00-04:00,21.461192109685395,21.524768829345703,21.04341263136286,21.524768829345703,15450,0.0,0.0
2004-08-26 00:00:00-04:00,21.524749986125073,21.524749986125073,20.84358703380829,20.870832443237305,35400,0.0,0.0
2004-08-27 00:00:00-04:00,20.75278666696977,21.2068957768278,20.75278666696977,21.116073608398438,8100,0.0,0.0
2004-08-30 00:00:00-04:00,21.47935625658391,21.47935625658391,20.96167225198542,21.10698699951172,12400,0.0,0.0
2004-08-31 00:00:00-04:00,20.843595436135516,21.479346741872035,20.843595436135516,21.33403205871582,14500,0.0,0.0
2004-09-01 00:00:00-04:00,21.07065917877436,21.76090336338006,21.07065917877436,21.10698699951172,28500,0.0,0.0
2004-09-02 00:00:00-04:00,21.134242172071517,21.4793643951416,20.916269968192132,21.4793643951416,16700,0.0,0.0
2004-09-03 00:00:00-04:00,21.479357372353263,21.479357372353263,21.088823318481445,21.088823318481445,10200,0.0,0.0
2004-09-07 00:00:00-04:00,21.379442745819215,21.43393531578546,21.17055138508806,21.30678367614746,15000,0.0,0.0
2004-09-08 00:00:00-04:00,21.334036096420416,21.4157758377019,21.061571447007452,21.161474227905273,12950,0.0,0.0
2004-09-09 00:00:00-04:00,21.424868312712217,21.588347872258385,21.24322397270785,21.53385353088379,57750,0.0,0.0
2004-09-10 00:00:00-04:00,21.43393693112252,21.706401533775217,21.243210323435477,21.388525009155273,37450,0.0,0.0
2004-09-13 00:00:00-04:00,21.470282003443824,21.4793643951416,21.179652398271312,21.4793643951416,8350,0.0,0.0
2004-09-14 00:00:00-04:00,21.57017856389181,21.57017856389181,21.188726915786187,21.424863815307617,9800,0.0,0.0
2004-09-15 00:00:00-04:00,21.06064352355647,21.397541753614732,21.06064352355647,21.306488037109375,25600,0.12,0.0
2004-09-16 00:00:00-04:00,21.30649252747159,21.352020263671875,21.24275543349675,21.352020263671875,31650,0.0,0.0
2004-09-17 00:00:00-04:00,21.17900914775187,21.74353893798288,21.142586974599006,21.233640670776367,25700,0.0,0.0
2004-09-20 00:00:00-04:00,21.297377737089082,21.306483280377297,21.08795545157451,21.233640670776367,30050,0.0,0.0
2004-09-21 00:00:00-04:00,21.215434320604018,21.324699127751487,21.09706570484069,21.306488037109375,13100,0.0,0.0
2004-09-22 00:00:00-04:00,21.033327013369725,21.397540114791113,21.033327013369725,21.324697494506836,15850,0.0,0.0
2004-09-23 00:00:00-04:00,21.13348685415914,21.388436921534932,21.13348685415914,21.215435028076172,11450,0.0,0.0
2004-09-24 00:00:00-04:00,21.069757636727054,21.160811390258697,20.3049088857907,20.314014434814453,47850,0.0,0.0
2004-09-27 00:00:00-04:00,20.241154313851517,20.98779132248991,19.667519113974635,20.714632034301758,54800,0.0,0.0
2004-09-28 00:00:00-04:00,20.842118238210062,20.85122378466362,20.578064337878473,20.614484786987305,141650,0.0,0.0
2004-09-29 00:00:00-04:00,20.687337651758146,20.760180322701768,20.578074513695842,20.660022735595703,42100,0.0,0.0
2004-09-30 00:00:00-04:00,20.714648664855904,20.74196531028738,20.605383819835783,20.678226470947266,26100,0.0,0.0
2004-10-01 00:00:00-04:00,20.71465149932277,20.732862598768985,20.578071726888222,20.587177276611328,24500,0.0,0.0
2004-10-04 00:00:00-04:00,20.705534349957265,21.033327009529195,20.623586185064283,20.878536224365234,43250,0.0,0.0
2004-10-05 00:00:00-04:00,21.060637636275708,21.124376435705578,20.77837275704797,20.851215362548828,40350,0.0,0.0
2004-10-06 00:00:00-04:00,20.769263286228455,20.987791061401367,20.705526235557734,20.987791061401367,24400,0.0,0.0
2004-10-07 00:00:00-04:00,21.033317707695872,21.160791802619315,20.823895484120413,21.042423248291016,18400,0.0,0.0
2004-10-08 00:00:00-04:00,21.1699100899324,21.1699100899324,20.76927474603898,20.99690818786621,23400,0.0,0.0
2004-10-11 00:00:00-04:00,20.996912772071834,21.115283160220503,20.933175672317496,21.060649871826172,16000,0.0,0.0
2004-10-12 00:00:00-04:00,21.033326731742275,21.124380440054715,20.86032485961914,20.86032485961914,17650,0.0,0.0
2004-10-13 00:00:00-04:00,21.115268847754685,21.124374389648438,20.814792912078943,21.124374389648438,37450,0.0,0.0
2004-10-14 00:00:00-04:00,21.608223227932164,21.608223227932164,20.75010149963377,20.859649658203125,12500,0.12,0.0
2004-10-15 00:00:00-04:00,20.813987731933594,20.987438123041848,20.6861830970157,20.813987731933594,13950,0.0,0.0
2004-10-18 00:00:00-04:00,20.67705663522817,21.042214026209038,20.67705663522817,21.005699157714844,19250,0.0,0.0
2004-10-19 00:00:00-04:00,20.786617526266195,21.087872777029087,20.786617526266195,20.896163940429688,11000,0.0,0.0
2004-10-20 00:00:00-04:00,20.814006839240026,21.07874724455375,20.814006839240026,21.0422306060791,8200,0.0,0.0
2004-10-21 00:00:00-04:00,21.087869950942665,21.087869950942665,20.814000469818776,20.996580123901367,9400,0.0,0.0
2004-10-22 00:00:00-04:00,20.81400097073489,21.544317863432667,20.81400097073489,21.361738204956055,36600,0.0,0.0
2004-10-25 00:00:00-04:00,21.27044837571775,21.42564056306027,20.905290799973198,21.361738204956055,22400,0.0,0.0
2004-10-26 00:00:00-04:00,21.361743952625964,21.361743952625964,21.133520188727804,21.33435821533203,21750,0.0,0.0
2004-10-27 00:00:00-04:00,21.361736162742062,21.361736162742062,20.978320309563244,21.306962966918945,23700,0.0,0.0
2004-10-28 00:00:00-04:00,21.352598190307617,21.352598190307617,21.142632908671036,21.352598190307617,29900,0.0,0.0
2004-10-29 00:00:00-04:00,21.352610154697622,21.352610154697622,21.087871551513672,21.087871551513672,23050,0.0,0.0
2004-11-01 00:00:00-05:00,21.352614252759594,21.352614252759594,20.95094169213444,21.19742202758789,28050,0.0,0.0
2004-11-02 00:00:00-05:00,21.352602442094625,21.352602442094625,21.096993088755184,21.288700103759766,26200,0.0,0.0
2004-11-03 00:00:00-05:00,21.288697731610927,22.12856067301687,20.960055181127924,21.845563888549805,27000,0.0,0.0
2004-11-04 00:00:00-05:00,21.909473419189453,22.00076324001111,21.37999454787405,21.909473419189453,22700,0.0,0.0
2004-11-05 00:00:00-05:00,21.927725908205808,22.228981018066406,21.580825029452367,22.228981018066406,22500,0.0,0.0
2004-11-08 00:00:00-05:00,22.110293413377466,22.40242097396296,21.955101354181856,22.009876251220703,18550,0.0,0.0
2004-11-09 00:00:00-05:00,21.90947521939355,22.548502276442655,21.90947521939355,22.457212448120117,30150,0.0,0.0
2004-11-10 00:00:00-05:00,22.283754653987245,22.365915298461914,21.872951431613895,22.365915298461914,15550,0.0,0.0
2004-11-11 00:00:00-05:00,22.037272343481483,22.8132330051269,22.037272343481483,22.80410385131836,15850,0.0,0.0
2004-11-12 00:00:00-05:00,22.822366555383347,23.251426419789535,22.603272045396672,23.14188003540039,14600,0.0,0.0
2004-11-15 00:00:00-05:00,23.654308815459785,23.654308815459785,22.69349446497935,23.10527229309082,21100,0.12,0.0
2004-11-16 00:00:00-05:00,22.757567326213355,23.16934371974977,22.217681208726237,22.547101974487305,11800,0.0,0.0
2004-11-17 00:00:00-05:00,22.693495134035143,23.196779354935902,22.281719039122564,22.418977737426758,19100,0.0,0.0
2004-11-18 00:00:00-05:00,22.483049018198916,22.812471544436093,22.217682229550377,22.309186935424805,34100,0.0,0.0
2004-11-19 00:00:00-05:00,22.19936991712837,22.464736578192753,21.412417258512072,21.815044403076172,26600,0.0,0.0
2004-11-22 00:00:00-05:00,22.300018644935374,22.300018644935374,21.22939810257057,21.778432846069336,36300,0.0,0.0
2004-11-23 00:00:00-05:00,21.961459167614038,21.970609985041342,21.46732549857954,21.696090698242188,41400,0.0,0.0
2004-11-24 00:00:00-05:00,21.833351214311747,21.934006715332135,21.5954351972218,21.696090698242188,10550,0.0,0.0
2004-11-26 00:00:00-05:00,21.6869244035583,22.052948083274092,21.6869244035583,21.998044967651367,5700,0.0,0.0
2004-11-29 00:00:00-05:00,22.281719039122564,22.473880867680624,21.96144757952009,22.418977737426758,21950,0.0,0.0
2004-11-30 00:00:00-05:00,22.556238383637822,22.775852668957743,22.01635261105749,22.44643211364746,23350,0.0,0.0
2004-12-01 00:00:00-05:00,22.446431037911825,22.446431037911825,21.96144842356926,22.181062698364258,28700,0.0,0.0
2004-12-02 00:00:00-05:00,22.05295586461374,22.556238383637822,22.05295586461374,22.44643211364746,16100,0.0,0.0
2004-12-03 00:00:00-05:00,22.44643714729702,22.44643714729702,22.217671997287084,22.382381439208984,31150,0.0,0.0
2004-12-06 00:00:00-05:00,22.382382029381628,22.675202895200616,22.28172654755412,22.528793334960938,23000,0.0,0.0
2004-12-07 00:00:00-05:00,22.327474948904847,22.44643378648898,22.02550506591797,22.02550506591797,54050,0.0,0.0
2004-12-08 00:00:00-05:00,22.007185634371837,22.290855405072396,21.961433346368732,22.01633644104004,25150,0.0,0.0
2004-12-09 00:00:00-05:00,21.970596897062066,22.0804031500977,21.82418739612194,22.062103271484375,18150,0.0,0.0
2004-12-10 00:00:00-05:00,22.135318633660553,22.190221786499023,21.869950195151706,22.190221786499023,45400,0.0,0.0
2004-12-13 00:00:00-05:00,22.327479496808994,22.59284792290418,21.92485232236856,22.5104923248291,33650,0.0,0.0
2004-12-14 00:00:00-05:00,22.60198974609375,22.60198974609375,22.409826178595566,22.60198974609375,13650,0.0,0.0
2004-12-15 00:00:00-05:00,22.657037319518906,22.657037319518906,22.042453665114763,22.326812744140625,37800,0.12,0.0
2004-12-16 00:00:00-05:00,22.014923095703125,22.161689109707368,21.739737256842393,22.014923095703125,47200,0.0,0.0
2004-12-17 00:00:00-05:00,22.235070851308787,22.235070851308787,21.88650202528303,22.005748748779297,26450,0.0,0.0
2004-12-20 00:00:00-05:00,22.00575161856497,22.125000107201313,20.932523968783023,21.18936538696289,37750,0.0,0.0
2004-12-21 00:00:00-05:00,20.93253539204683,21.730577618247825,20.84997923935052,21.675539016723633,35850,0.0,0.0
2004-12-22 00:00:00-05:00,21.877339067202875,22.088315079375814,21.73974609185485,21.996585845947266,31700,0.0,0.0
2004-12-23 00:00:00-05:00,22.014932042550896,22.014932042550896,21.86816596890106,21.996585845947266,19700,0.0,0.0
2004-12-27 00:00:00-05:00,21.82229943033331,22.09748534576276,21.648014084113658,21.77643394470215,17800,0.0,0.0
2004-12-28 00:00:00-05:00,22.06079164950948,22.088310939256854,21.61132041450472,21.923198699951172,16050,0.0,0.0
2004-12-29 00:00:00-05:00,22.143358384335652,22.198396990215027,21.84982615133944,21.858999252319336,14850,0.0,0.0
2004-12-30 00:00:00-05:00,22.189207403493533,22.235071124727888,21.858983011921964,21.950712203979492,13850,0.0,0.0
2004-12-31 00:00:00-05:00,21.556283844371304,22.125003592212305,21.556283844371304,21.739742279052734,19250,0.0,0.0
2005-01-03 00:00:00-05:00,22.15251343784544,22.22589643630997,21.87732763100063,22.024093627929688,33450,0.0,0.0
2005-01-04 00:00:00-05:00,22.42770851445068,22.42770851445068,21.64801280083455,21.923198699951172,39800,0.0,0.0
2005-01-05 00:00:00-05:00,22.01492691489465,22.134173665864417,21.55628260416768,21.730567932128906,24900,0.0,0.0
2005-01-06 00:00:00-05:00,22.033270814713756,22.033270814713756,21.693873290270087,21.96906089782715,19350,0.0,0.0
2005-01-07 00:00:00-05:00,22.06078583477747,22.14334193267036,21.69387081613618,21.950712203979492,22200,0.0,0.0
2005-01-10 00:00:00-05:00,22.18003851011316,22.1983847019171,21.868160247802734,21.868160247802734,21200,0.0,0.0
2005-01-11 00:00:00-05:00,22.005747452561295,22.21672335455987,21.85898145555457,22.18003273010254,26600,0.0,0.0
2005-01-12 00:00:00-05:00,22.25360164863863,22.25360164863863,21.793816505104285,22.069686889648438,18250,0.12,0.0
2005-01-13 00:00:00-05:00,22.06049081575291,22.069686729029605,21.77542451993979,21.839794158935547,22550,0.0,0.0
2005-01-14 00:00:00-05:00,21.848987187048444,22.1340534452185,21.848987187048444,22.11566162109375,18550,0.0,0.0
2005-01-18 00:00:00-05:00,22.06969420136742,22.30878276568857,21.996128624187197,22.161651611328125,17950,0.0,0.0
2005-01-19 00:00:00-05:00,22.19842126526585,22.20761717657823,21.88576729640796,21.940942764282227,20550,0.0,0.0
2005-01-20 00:00:00-05:00,22.11566588131019,22.11566588131019,21.867383223562094,22.023710250854492,17600,0.0,0.0
2005-01-21 00:00:00-05:00,22.271999147452984,22.271999147452984,21.894975344360496,21.9869327545166,8800,0.0,0.0
2005-01-24 00:00:00-05:00,22.06048743553404,22.069683347401693,21.92255226540095,21.977725982666016,14950,0.0,0.0
2005-01-25 00:00:00-05:00,22.023716278345592,22.069694106156735,21.9593448638916,21.9593448638916,16450,0.0,0.0
2005-01-26 00:00:00-05:00,22.11566470242542,22.11566470242542,21.931751697376363,22.069686889648438,28050,0.0,0.0
2005-01-27 00:00:00-05:00,22.023713469816876,22.10647495247631,21.996125724283235,22.060495376586914,21100,0.0,0.0
2005-01-28 00:00:00-05:00,22.069684397753285,22.10646804697452,21.885769659528968,22.078880310058594,15250,0.0,0.0
2005-01-31 00:00:00-05:00,22.106464385986328,22.106464385986328,21.913353767437197,22.106464385986328,18500,0.0,0.0
2005-02-01 00:00:00-05:00,22.06048732005677,22.12485694885254,21.931748062465225,22.12485694885254,27800,0.0,0.0
2005-02-02 00:00:00-05:00,22.060490976304816,22.069686889648438,21.867382057912135,22.069686889648438,13650,0.0,0.0
2005-02-03 00:00:00-05:00,21.940952571637013,22.06969187967382,21.894972994522774,22.051300048828125,14350,0.0,0.0
2005-02-04 00:00:00-05:00,22.09727903729843,22.15245277442423,21.959342063571718,22.060495376586914,14150,0.0,0.0
2005-02-07 00:00:00-05:00,22.069683542029395,22.290380166976785,21.977726176482765,22.207618713378906,33950,0.0,0.0
2005-02-08 00:00:00-05:00,22.069678677046063,23.08120596719877,22.069678677046063,22.42831039428711,42400,0.0,0.0
2005-02-09 00:00:00-05:00,22.621894824784846,22.91688256603209,22.345342498666334,22.483617782592773,27900,0.12,0.0
2005-02-10 00:00:00-05:00,22.29924691743115,22.437522174036364,21.985822064717855,22.3637752532959,27900,0.0,0.0
2005-02-11 00:00:00-05:00,22.566589289142094,22.566589289142094,22.03192342677449,22.253164291381836,20800,0.0,0.0
2005-02-14 00:00:00-05:00,22.363792892064744,22.585033828783274,22.124114771053,22.26239013671875,16500,0.0,0.0
2005-02-15 00:00:00-05:00,22.05958804675616,22.400667190551758,22.05958804675616,22.400667190551758,33800,0.0,0.0
2005-02-16 00:00:00-05:00,22.17943077892315,22.40989037234832,22.133339563544983,22.20708656311035,31400,0.0,0.0
2005-02-17 00:00:00-05:00,22.133340331017433,22.317706957190172,22.031937543748732,22.234743118286133,26900,0.0,0.0
2005-02-18 00:00:00-05:00,22.078019414112532,22.35457009340482,22.078019414112532,22.271604537963867,10850,0.0,0.0
2005-02-22 00:00:00-05:00,22.428326134969712,22.548164342289425,21.80147579940924,22.105682373046875,34200,0.0,0.0
2005-02-23 00:00:00-05:00,22.38222357243758,22.42831476151057,22.133326931604664,22.280820846557617,15700,0.0,0.0
2005-02-24 00:00:00-05:00,22.13333117577349,22.492847442626953,22.13333117577349,22.492847442626953,8800,0.0,0.0
2005-02-25 00:00:00-05:00,22.585031104396425,23.036731515492377,22.511284134386194,22.861581802368164,10700,0.0,0.0
2005-02-28 00:00:00-05:00,23.184225782356553,23.221100147014734,22.677215576171875,22.677215576171875,15050,0.0,0.0
2005-03-01 00:00:00-05:00,22.861594325537,22.99987150853507,22.308492626614385,22.529733657836914,18700,0.0,0.0
2005-03-02 00:00:00-05:00,22.308484778671954,22.898460654383342,22.308484778671954,22.400667190551758,14500,0.0,0.0
2005-03-03 00:00:00-05:00,22.43753328113787,22.723302520686442,22.243946419448342,22.373004913330078,18300,0.0,0.0
2005-03-04 00:00:00-05:00,22.68641517482272,22.750943500686525,22.22549655206413,22.538921356201172,10350,0.0,0.0
2005-03-07 00:00:00-05:00,22.64956351114729,22.861585867847353,22.49285095222403,22.7694034576416,12850,0.0,0.0
2005-03-08 00:00:00-05:00,22.53895225392128,22.88003151770573,22.51129646566818,22.529733657836914,29150,0.0,0.0
2005-03-09 00:00:00-05:00,22.585036107546692,22.668001686970456,22.031932830810547,22.031932830810547,17300,0.0,0.0
2005-03-10 00:00:00-05:00,22.031937028275333,22.446765004426055,21.755386216352974,21.801477432250977,22600,0.0,0.0
2005-03-11 00:00:00-05:00,22.059598219780682,22.953781038551273,22.022723831410293,22.77863121032715,33200,0.0,0.0
2005-03-14 00:00:00-05:00,22.71408806476705,22.769399611467477,22.548156941198705,22.72330665588379,21950,0.0,0.0
2005-03-15 00:00:00-05:00,22.58503130566566,22.76018102035074,22.36379039366336,22.72330665588379,26150,0.0,0.0
2005-03-16 00:00:00-05:00,22.91737384229964,22.91737384229964,22.150381135613316,22.178104400634766,14950,0.12,0.0
2005-03-17 00:00:00-05:00,22.178096714275586,22.362914891917256,21.845424699543287,22.150373458862305,34050,0.0,0.0
2005-03-18 00:00:00-05:00,22.196584747048103,22.3721601233677,21.77150353122376,21.81770896911621,23300,0.0,0.0
2005-03-21 00:00:00-05:00,21.974807759954828,22.187347523604174,21.771507322935854,21.8084716796875,10850,0.0,0.0
2005-03-22 00:00:00-05:00,21.882386892671278,22.09492654231193,21.143116017209543,21.15235710144043,27200,0.0,0.0
2005-03-23 00:00:00-05:00,21.06919479173122,21.07843587845594,19.86788171843035,20.376129150390625,132900,0.0,0.0
2005-03-24 00:00:00-05:00,20.468538255080787,20.597911706669837,20.339166566048803,20.376129150390625,19500,0.0,0.0
2005-03-28 00:00:00-05:00,20.607156922245707,20.607156922245707,20.3576545595759,20.44082260131836,15250,0.0,0.0
2005-03-29 00:00:00-05:00,20.237524453722685,20.283729905792132,19.036210900841482,19.350400924682617,46200,0.0,0.0
2005-03-30 00:00:00-05:00,19.405834149279894,19.535205812923607,19.2487392309025,19.452037811279297,46450,0.0,0.0
2005-03-31 00:00:00-05:00,19.63685029137403,19.756980835278878,19.433551769936514,19.609127044677734,49000,0.0,0.0
2005-04-01 00:00:00-05:00,19.756992445192328,19.775474620517308,19.415081014466413,19.572175979614258,16300,0.0,0.0
2005-04-04 00:00:00-04:00,19.72927094184318,20.03421978443126,19.5814170643797,19.895606994628906,17600,0.0,0.0
2005-04-05 00:00:00-04:00,19.784717518809092,20.31144722587482,19.683067307776266,20.274484634399414,19000,0.0,0.0
2005-04-06 00:00:00-04:00,20.329923573609893,20.329923573609893,19.951047866197168,20.228273391723633,16650,0.0,0.0
2005-04-07 00:00:00-04:00,20.108131699251484,20.782714731479498,20.0804084569817,20.68106460571289,18150,0.0,0.0
2005-04-08 00:00:00-04:00,20.764251901364343,20.791975169444328,20.431581497192383,20.431581497192383,18200,0.0,0.0
2005-04-11 00:00:00-04:00,20.339159159496546,20.967538727495267,20.339159159496546,20.66259002685547,18400,0.0,0.0
2005-04-12 00:00:00-04:00,20.671844326563633,20.819698229732747,20.145112813646406,20.7550106048584,20600,0.0,0.0
2005-04-13 00:00:00-04:00,20.907912156921807,20.935715868618633,20.333316256562796,20.527936935424805,14950,0.13,0.0
2005-04-14 00:00:00-04:00,20.388930328994316,20.56501704042034,20.296253019418902,20.463071823120117,12250,0.0,0.0
2005-04-15 00:00:00-04:00,20.46307170509118,20.574284829474742,20.296252902352162,20.32405662536621,11100,0.0,0.0
2005-04-18 00:00:00-04:00,20.268443195667007,21.000589944979374,20.268443195667007,20.648418426513672,24150,0.0,0.0
2005-04-19 00:00:00-04:00,20.676230633807002,20.96353050132814,20.34259475799612,20.583553314208984,21600,0.0,0.0
2005-04-20 00:00:00-04:00,20.620626253881124,20.982065878743242,20.47234324021087,20.49087905883789,10800,0.0,0.0
2005-04-21 00:00:00-04:00,20.731830024796235,20.93571863449347,20.398192511044257,20.926450729370117,11950,0.0,0.0
2005-04-22 00:00:00-04:00,20.870842822545477,20.991322040852385,20.527937440534796,20.648418426513672,13550,0.0,0.0
2005-04-25 00:00:00-04:00,20.805973349802535,20.898648873939667,20.60208295428729,20.778169631958008,12500,0.0,0.0
2005-04-26 00:00:00-04:00,20.852308637462656,20.852308637462656,20.44452966249297,20.509403228759766,9350,0.0,0.0
2005-04-27 00:00:00-04:00,20.50942007853022,20.77818423692446,20.444546458965696,20.53722381591797,14000,0.0,0.0
2005-04-28 00:00:00-04:00,20.481616252360585,20.66696918179117,20.388938903808594,20.388938903808594,13250,0.0,0.0
2005-04-29 00:00:00-04:00,20.574293600912576,20.574293600912576,20.1294426813977,20.388938903808594,20450,0.0,0.0
2005-05-02 00:00:00-04:00,20.45379736878416,20.991323471069336,20.45379736878416,20.991323471069336,16050,0.0,0.0
2005-05-03 00:00:00-04:00,20.870842776654694,21.399100937027697,20.870842776654694,20.963520050048828,14250,0.0,0.0
2005-05-04 00:00:00-04:00,20.991332600682757,21.287898611248018,20.86158541297867,21.028404235839844,14750,0.0,0.0
2005-05-05 00:00:00-04:00,20.759623657573833,21.380558910755802,20.565003030951992,20.666946411132812,16700,0.0,0.0
2005-05-06 00:00:00-04:00,20.759623657573833,20.84303300260361,20.666946411132812,20.666946411132812,10000,0.0,0.0
2005-05-09 00:00:00-04:00,20.82450325612165,20.982054090590083,20.648418381111956,20.963520050048828,13650,0.0,0.0
2005-05-10 00:00:00-04:00,20.666957219742823,20.778170327169672,20.453800678819764,20.574281692504883,19300,0.0,0.0
2005-05-11 00:00:00-04:00,20.79271188953431,21.238867089105163,20.25360724683707,20.894954681396484,18850,0.13,0.0
2005-05-12 00:00:00-04:00,20.727651540979167,20.885665104383452,20.49527875790602,20.588228225708008,20750,0.0,0.0
2005-05-13 00:00:00-04:00,20.569630028453933,21.11802972640692,20.169950485229492,20.169950485229492,19400,0.0,0.0
2005-05-16 00:00:00-04:00,20.123480926603715,20.88566330578919,20.104890680071513,20.699766159057617,19000,0.0,0.0
2005-05-17 00:00:00-04:00,20.4487948102857,20.82059072499107,20.4487948102857,20.541744232177734,16800,0.0,0.0
2005-05-18 00:00:00-04:00,20.718356538118595,21.22957591097989,20.551047863985517,20.978612899780273,18400,0.0,0.0
2005-05-19 00:00:00-04:00,21.13662911952836,21.238873716156533,20.913551450137213,21.02509117126465,11400,0.0,0.0
2005-05-20 00:00:00-04:00,20.913542512645453,21.26674822835487,20.913542512645453,21.043670654296875,16650,0.0,0.0
2005-05-23 00:00:00-04:00,20.960021138276712,21.025086996853098,20.448801802362986,20.66258430480957,25100,0.0,0.0
2005-05-24 00:00:00-04:00,20.44880706940887,21.00650216223824,20.44880706940887,20.950733184814453,16600,0.0,0.0
2005-05-25 00:00:00-04:00,20.91355509668453,21.00650458502038,20.560349168445143,20.634708404541016,19450,0.0,0.0
2005-05-26 00:00:00-04:00,20.89497121475143,20.99721586037887,20.532470049875336,20.5975341796875,14750,0.0,0.0
2005-05-27 00:00:00-04:00,20.857767054747374,20.99719027342587,20.690458483188216,20.885650634765625,16400,0.0,0.0
2005-05-31 00:00:00-04:00,21.01578017216738,21.359690654543346,20.922830770249252,21.118022918701172,16900,0.0,0.0
2005-06-01 00:00:00-04:00,21.396886767473806,21.517719837303375,20.969319915206164,21.313232421875,24100,0.0,0.0
2005-06-02 00:00:00-04:00,21.396887495505073,21.54560594321563,21.17380982393924,21.47124671936035,27650,0.0,0.0
2005-06-03 00:00:00-04:00,21.685025055528154,21.685025055528154,20.913547593011597,21.108739852905273,32400,0.0,0.0
2005-06-06 00:00:00-04:00,21.406182058244593,21.68502869716703,21.15521901949618,21.619964599609375,37250,0.0,0.0
2005-06-07 00:00:00-04:00,21.685018319305826,22.30777716953657,21.545595066568794,22.0289306640625,31100,0.0,0.0
2005-06-08 00:00:00-04:00,21.843038483923337,21.954578183901134,21.47124243876966,21.703615188598633,27050,0.0,0.0
2005-06-09 00:00:00-04:00,21.95457642885476,22.252013241200636,21.843036737793433,21.982460021972656,16250,0.0,0.0
2005-06-10 00:00:00-04:00,22.0382231999862,22.140467742232936,21.480530209563806,21.87091636657715,17700,0.0,0.0
2005-06-13 00:00:00-04:00,22.335671249656123,22.335671249656123,21.378294800781553,21.564193725585938,35850,0.0,0.0
2005-06-14 00:00:00-04:00,21.57816507667898,21.792548151051193,21.307856369393107,21.568843841552734,21750,0.13,0.0
2005-06-15 00:00:00-04:00,21.67138795235443,21.811203002929688,21.44768351586505,21.811203002929688,23850,0.0,0.0
2005-06-16 00:00:00-04:00,21.522236965747293,22.221313519131435,21.522236965747293,22.20267105102539,21750,0.0,0.0
2005-06-17 00:00:00-04:00,22.221328385683094,22.426390338509645,21.811202702185188,22.295896530151367,33150,0.0,0.0
2005-06-20 00:00:00-04:00,22.463657016356834,22.463657016356834,21.904395499108787,22.04421043395996,35250,0.0,0.0
2005-06-21 00:00:00-04:00,22.14673812521731,22.2679105722822,21.885748991282824,22.109453201293945,34400,0.0,0.0
2005-06-22 00:00:00-04:00,22.10945993692542,22.370449150370085,21.941683061686238,22.33316421508789,25650,0.0,0.0
2005-06-23 00:00:00-04:00,22.090832629671393,22.361141462845122,21.8112007791857,21.876447677612305,23900,0.0,0.0
2005-06-24 00:00:00-04:00,21.951013487932308,22.128113463343333,21.81119846643706,21.97897720336914,49950,0.0,0.0
2005-06-27 00:00:00-04:00,22.072190389557136,22.081511629125313,21.81120101518219,21.83916473388672,13900,0.0,0.0
2005-06-28 00:00:00-04:00,22.05354301662674,22.212000498433884,21.913728009819085,22.081506729125977,20100,0.0,0.0
2005-06-29 00:00:00-04:00,22.0908244893414,22.0908244893414,21.811192741898253,21.99761390686035,21100,0.0,0.0
2005-06-30 00:00:00-04:00,22.090834881925026,22.090834881925026,21.74595609785089,21.811203002929688,17750,0.0,0.0
2005-07-01 00:00:00-04:00,21.97896792678817,21.9976103958777,21.680695532730496,21.92304229736328,11100,0.0,0.0
2005-07-05 00:00:00-04:00,21.904412105733712,22.389105906670974,21.904412105733712,22.15608024597168,20850,0.0,0.0
2005-07-06 00:00:00-04:00,22.0069398720207,22.407744218328297,21.997618633985127,22.221323013305664,9950,0.0,0.0
2005-07-07 00:00:00-04:00,22.36115071102328,22.454361366402132,21.969667380708415,22.370471954345703,15550,0.0,0.0
2005-07-08 00:00:00-04:00,22.454361366402132,22.454361366402132,22.118803718176423,22.370471954345703,15900,0.0,0.0
2005-07-11 00:00:00-04:00,22.389105662598098,22.631452560424805,22.370463183262654,22.631452560424805,20000,0.0,0.0
2005-07-12 00:00:00-04:00,22.58484214794928,23.218672104329666,22.463669610568022,23.153425216674805,26350,0.0,0.0
2005-07-13 00:00:00-04:00,23.153436368461463,23.302572691459186,22.75263183371313,22.808557510375977,27150,0.0,0.0
2005-07-14 00:00:00-04:00,22.752617772504532,23.30255829038515,22.510270952943234,22.55687713623047,17450,0.0,0.0
2005-07-15 00:00:00-04:00,22.49163397771766,23.02293393000399,22.49163397771766,22.5848445892334,24150,0.0,0.0
2005-07-18 00:00:00-04:00,22.603502172730636,23.16276443772817,22.491649008592837,22.994985580444336,17100,0.0,0.0
2005-07-19 00:00:00-04:00,22.8524450603437,23.226308823999574,22.8524450603437,23.095455169677734,12250,0.135,0.0
2005-07-20 00:00:00-04:00,22.964588214305362,23.684276600833684,22.90850913227203,23.618850708007812,19750,0.0,0.0
2005-07-21 00:00:00-04:00,23.674938648556125,23.824484111748763,23.039369538626158,23.104795455932617,31100,0.0,0.0
2005-07-22 00:00:00-04:00,23.160874398188753,23.366498947143555,22.768317144567845,23.366498947143555,19900,0.0,0.0
2005-07-25 00:00:00-04:00,23.31976157635693,23.441266559984296,22.917857596884726,23.011323928833008,14500,0.0,0.0
2005-07-26 00:00:00-04:00,22.964591891118552,23.422574996948242,22.964591891118552,23.422574996948242,19050,0.0,0.0
2005-07-27 00:00:00-04:00,23.422576351278916,23.83382720216478,23.301071349940187,23.777748107910156,9800,0.0,0.0
2005-07-28 00:00:00-04:00,23.833815831404465,24.301145553588867,23.702964079663683,24.301145553588867,17950,0.0,0.0
2005-07-29 00:00:00-04:00,24.534811544450253,24.534811544450253,24.020749539464656,24.179641723632812,26000,0.0,0.0
2005-08-01 00:00:00-04:00,24.245087715687323,24.581564198036663,23.42258568611566,23.843183517456055,20400,0.0,0.0
2005-08-02 00:00:00-04:00,23.665596142817915,24.721763174464225,23.628210661574634,24.01142120361328,30000,0.0,0.0
2005-08-03 00:00:00-04:00,23.964665557446953,24.291796691868395,23.712308883666992,23.712308883666992,20750,0.0,0.0
2005-08-04 00:00:00-04:00,23.572118353171746,23.92729005800208,22.001891464000067,22.3570613861084,69600,0.0,0.0
2005-08-05 00:00:00-04:00,22.160772663820214,22.431824735075246,20.889637141083075,21.478471755981445,55000,0.0,0.0
2005-08-08 00:00:00-04:00,21.45045045255547,21.917780512238835,21.45045045255547,21.628034591674805,35000,0.0,0.0
2005-08-09 00:00:00-04:00,21.964508667803408,22.42249182609901,21.506525509507807,21.54391098022461,39200,0.0,0.0
2005-08-10 00:00:00-04:00,21.65607520137329,22.05797934098647,21.618687940608012,21.973859786987305,28000,0.0,0.0
2005-08-11 00:00:00-04:00,21.97384641355656,22.34770988005996,21.68410244985663,22.104698181152344,25250,0.0,0.0
2005-08-12 00:00:00-04:00,22.16078504045863,22.16078504045863,21.599990535059078,21.843002319335938,25900,0.0,0.0
2005-08-15 00:00:00-04:00,21.618674783337113,22.254243567753704,21.618674783337113,22.104698181152344,30650,0.0,0.0
2005-08-16 00:00:00-04:00,22.048636810266668,22.431847393962347,21.927129971891127,22.011249542236328,28500,0.0,0.0
2005-08-17 00:00:00-04:00,22.01124526502987,22.104711634220354,21.749541570563775,21.973859786987305,29700,0.0,0.0
2005-08-18 00:00:00-04:00,21.833657828473186,21.964509655952355,21.22612741181144,21.27286148071289,28200,0.0,0.0
2005-08-19 00:00:00-04:00,21.27989721850119,21.68299507763523,21.02678788823458,21.533004760742188,18700,0.135,0.0
2005-08-22 00:00:00-04:00,21.467387764601362,21.776743067767146,21.411141833487378,21.682998657226562,19900,0.0,0.0
2005-08-23 00:00:00-04:00,21.842363223185302,21.964231491088867,21.514260474273883,21.964231491088867,20550,0.0,0.0
2005-08-24 00:00:00-04:00,21.79548082942039,22.123585199511286,21.67361441151376,21.74860954284668,21000,0.0,0.0
2005-08-25 00:00:00-04:00,21.65486508105667,22.048589965731335,21.65486508105667,21.795480728149414,12700,0.0,0.0
2005-08-26 00:00:00-04:00,21.79548485572661,21.90797846751956,21.570499420166016,21.570499420166016,17650,0.0,0.0
2005-08-29 00:00:00-04:00,21.49550628361285,21.598625288390167,21.345515979223375,21.467382431030273,19900,0.0,0.0
2005-08-30 00:00:00-04:00,21.561123195544006,21.61736910323316,21.261142637168287,21.354887008666992,15950,0.0,0.0
2005-08-31 00:00:00-04:00,21.401744483412383,22.0485782623291,21.382995263612127,22.0485782623291,16950,0.0,0.0
2005-09-01 00:00:00-04:00,22.029848565082506,22.048597801498083,21.495507843417794,21.711118698120117,25800,0.0,0.0
2005-09-02 00:00:00-04:00,21.56110955985984,21.729848964238244,21.46736524764695,21.579858779907227,15850,0.0,0.0
2005-09-06 00:00:00-04:00,21.467372467446047,22.076708019722478,21.467372467446047,21.973590850830078,21800,0.0,0.0
2005-09-07 00:00:00-04:00,21.729873118686807,22.132972857662217,21.645503322714,22.02985382080078,14300,0.0,0.0
2005-09-08 00:00:00-04:00,21.945463110358748,22.114202541492283,21.795472902245457,22.011083602905273,10050,0.0,0.0
2005-09-09 00:00:00-04:00,21.8423540259583,21.98297147402541,21.476752952244123,21.729862213134766,39100,0.0,0.0
2005-09-12 00:00:00-04:00,21.664232233378378,22.020458535841087,21.57048790493313,21.6361083984375,17550,0.0,0.0
2005-09-13 00:00:00-04:00,21.57048222597409,21.645477311381118,21.46736331303047,21.5423583984375,18050,0.0,0.0
2005-09-14 00:00:00-04:00,21.551733178851247,21.60797904634744,21.204881576596858,21.233003616333008,24250,0.0,0.0
2005-09-15 00:00:00-04:00,21.27989589455327,21.504881355895158,21.139278416692274,21.195526123046875,21800,0.0,0.0
2005-09-16 00:00:00-04:00,21.27988932768339,21.84235191345215,21.25176548318497,21.84235191345215,42350,0.0,0.0
2005-09-19 00:00:00-04:00,21.68298740578583,21.68298740578583,21.186145327379325,21.561120986938477,39800,0.0,0.0
2005-09-20 00:00:00-04:00,21.6715996229153,21.6715996229153,21.323726782216,21.342531204223633,14850,0.135,0.0
2005-09-21 00:00:00-04:00,21.248515449470517,21.56818351907859,21.088681414666482,21.314329147338867,27500,0.0,0.0
2005-09-22 00:00:00-04:00,21.342531204223633,21.50236520471175,21.0228632032474,21.342531204223633,11900,0.0,0.0
2005-09-23 00:00:00-04:00,21.28610860728102,21.34252184857477,21.11687246997497,21.220294952392578,9050,0.0,0.0
2005-09-26 00:00:00-04:00,21.323720932006836,21.40833901453765,21.041660059141496,21.323720932006836,22100,0.0,0.0
2005-09-27 00:00:00-04:00,21.342515205942227,21.342515205942227,21.0416500592128,21.229690551757812,11000,0.0,0.0
2005-09-28 00:00:00-04:00,21.154489161266028,21.342529782237033,21.060468850780527,21.257911682128906,10750,0.0,0.0
2005-09-29 00:00:00-04:00,21.389531089698625,21.389531089698625,21.00404957396267,21.220294952392578,14500,0.0,0.0
2005-09-30 00:00:00-04:00,21.37072846101251,21.37072846101251,20.985246913077614,21.201492309570312,23950,0.0,0.0
2005-10-03 00:00:00-04:00,21.182679881223,21.577563454018332,21.11686445801801,21.30490493774414,23450,0.0,0.0
2005-10-04 00:00:00-04:00,21.34253009591377,21.511764505329037,20.938244010185997,20.97585105895996,21700,0.0,0.0
2005-10-05 00:00:00-04:00,21.01345187289012,21.098069941913796,20.40232276916504,20.40232276916504,30950,0.0,0.0
2005-10-06 00:00:00-04:00,20.37413215637207,20.6843980554726,20.345925513439653,20.37413215637207,24250,0.0,0.0
2005-10-07 00:00:00-04:00,20.44932599089228,20.60915987496637,20.317698719285527,20.364707946777344,15850,0.0,0.0
2005-10-10 00:00:00-04:00,20.543342374015786,20.543342374015786,19.74417310400582,19.904006958007812,38400,0.0,0.0
2005-10-11 00:00:00-04:00,20.15787515363306,20.740797763381416,20.15787515363306,20.355316162109375,46050,0.0,0.0
2005-10-12 00:00:00-04:00,20.27070591593876,20.63738503440305,20.21429443359375,20.21429443359375,41000,0.0,0.0
2005-10-13 00:00:00-04:00,20.21428936884093,20.223691579090794,18.888608209510235,19.452728271484375,51150,0.0,0.0
2005-10-14 00:00:00-04:00,19.37751336498646,19.86641576974331,19.37751336498646,19.819406509399414,29350,0.0,0.0
2005-10-17 00:00:00-04:00,19.725390361204973,19.969842511853123,19.34931081916502,19.697185516357422,26650,0.0,0.0
2005-10-18 00:00:00-04:00,19.800599294171185,19.960433267392244,19.339901793307686,19.490333557128906,16800,0.0,0.0
2005-10-19 00:00:00-04:00,19.525704513047174,20.204858779907227,19.289886834383058,20.204858779907227,32200,0.135,0.0
2005-10-20 00:00:00-04:00,20.13883389114657,20.242592465780614,19.554005146856248,19.648332595825195,13550,0.0,0.0
2005-10-21 00:00:00-04:00,19.55399568581021,20.14825706738341,19.365342678297026,20.091659545898438,8450,0.0,0.0
2005-10-24 00:00:00-04:00,20.242589916269026,20.44067771406972,20.091666736585744,20.374649047851562,12500,0.0,0.0
2005-10-25 00:00:00-04:00,20.37464720578074,20.459541711570555,19.704924082232864,20.308618545532227,15800,0.0,0.0
2005-10-26 00:00:00-04:00,20.138831020865712,20.299187121514283,19.497406618271416,19.704925537109375,16050,0.0,0.0
2005-10-27 00:00:00-04:00,19.572871184459718,19.60116995916612,19.10123573423177,19.20499610900879,18250,0.0,0.0
2005-10-28 00:00:00-04:00,19.440809167590405,19.93130855073768,18.676758626236822,19.884145736694336,34550,0.0,0.0
2005-10-31 00:00:00-05:00,20.072811643105354,20.37465813712773,19.99735001959976,20.280330657958984,21450,0.0,0.0
2005-11-01 00:00:00-05:00,20.16712797905023,20.18599382597223,19.93131028996376,20.148263931274414,12250,0.0,0.0
2005-11-02 00:00:00-05:00,20.280318804035037,21.317916870117188,20.185991380001028,21.317916870117188,36250,0.0,0.0
2005-11-03 00:00:00-05:00,21.449988062731183,21.619777176019227,21.32736359154934,21.41225814819336,19750,0.0,0.0
2005-11-04 00:00:00-05:00,21.544314274370766,21.685804594031985,21.22360192359359,21.308496475219727,16650,0.0,0.0
2005-11-07 00:00:00-05:00,21.544293060875447,21.544293060875447,20.987763458931706,21.110387802124023,16900,0.0,0.0
2005-11-08 00:00:00-05:00,21.03492920301815,21.402805882483904,20.90287192272791,21.29904556274414,10500,0.0,0.0
2005-11-09 00:00:00-05:00,21.317921616621845,21.591469228166165,21.22359417158552,21.4405460357666,14800,0.0,0.0
2005-11-10 00:00:00-05:00,21.506566640820328,21.695221460131926,21.365076425909475,21.657489776611328,22350,0.0,0.0
2005-11-11 00:00:00-05:00,21.40282102241728,21.676368696398647,21.138704475860457,21.185867309570312,25450,0.0,0.0
2005-11-14 00:00:00-05:00,21.18586487093384,21.242462423847044,20.846288549187495,21.223596572875977,22450,0.0,0.0
2005-11-15 00:00:00-05:00,21.185857935371203,21.49713897705078,21.00663780725664,21.49713897705078,14900,0.0,0.0
2005-11-16 00:00:00-05:00,21.39338127627694,21.629198967948163,21.166996508170108,21.572603225708008,11550,0.0,0.0
2005-11-17 00:00:00-05:00,21.75943946838379,21.806741875874415,21.45669972971297,21.75943946838379,35200,0.135,0.0
2005-11-18 00:00:00-05:00,21.8067484509624,22.232477464626925,21.664839381231467,22.005422592163086,23900,0.0,0.0
2005-11-21 00:00:00-05:00,22.00542010642744,22.260857485771908,21.891891780783837,22.194631576538086,40000,0.0,0.0
2005-11-22 00:00:00-05:00,22.15679287556229,22.166253720964562,21.910816308518434,22.12841033935547,8450,0.0,0.0
2005-11-23 00:00:00-05:00,21.99596929951153,22.28924838491943,21.99596929951153,22.13787841796875,9800,0.0,0.0
2005-11-25 00:00:00-05:00,22.298699696947217,22.402767181396484,22.147329794732773,22.402767181396484,8550,0.0,0.0
2005-11-28 00:00:00-05:00,22.137868248828664,22.393305627398632,22.0243417280008,22.24193572998047,19650,0.0,0.0
2005-11-29 00:00:00-05:00,22.41223447851816,22.41223447851816,21.90135955810547,21.90135955810547,16150,0.0,0.0
2005-11-30 00:00:00-05:00,22.213553264890606,22.30815990218169,21.863511052726576,22.194631576538086,13700,0.0,0.0
2005-12-01 00:00:00-05:00,22.308175541549065,22.308175541549065,22.090581386363098,22.23249053955078,20700,0.0,0.0
2005-12-02 00:00:00-05:00,22.232464813989402,22.412217162418134,22.137858219844244,22.298688888549805,12850,0.0,0.0
2005-12-05 00:00:00-05:00,22.22301974945459,22.31762641075763,21.8635166018694,21.97704315185547,14300,0.0,0.0
2005-12-06 00:00:00-05:00,22.23247884719126,22.23247884719126,21.797290765690594,21.929738998413086,16200,0.0,0.0
2005-12-07 00:00:00-05:00,21.939200241203288,22.05272678431328,21.759447776061958,21.920278549194336,19200,0.0,0.0
2005-12-08 00:00:00-05:00,22.118947261390726,22.610900345823453,22.00542073696568,22.402767181396484,26700,0.0,0.0
2005-12-09 00:00:00-05:00,22.42170717548481,22.58253805344973,22.260876297519886,22.289257049560547,10250,0.0,0.0
2005-12-12 00:00:00-05:00,22.232485616495218,22.364933889545302,22.185183177398013,22.213563919067383,13600,0.0,0.0
2005-12-13 00:00:00-05:00,22.46899172966666,22.487913418933246,21.806747041108892,21.816207885742188,18900,0.0,0.0
2005-12-14 00:00:00-05:00,20.81338212102309,21.76890578947938,18.98748058259969,20.349811553955078,136300,0.0,0.0
2005-12-15 00:00:00-05:00,20.094376776158875,20.13222016018239,19.46051452953998,19.58350372314453,40400,0.0,0.0
2005-12-16 00:00:00-05:00,19.867327092677964,21.210736901599844,19.867327092677964,20.605257034301758,89950,0.0,0.0
2005-12-19 00:00:00-05:00,20.878085562192098,21.248196499750406,20.242252884031178,20.50797462463379,39500,0.135,0.0
2005-12-20 00:00:00-05:00,20.54593205825766,20.830634286388644,20.41307210451187,20.536441802978516,31050,0.0,0.0
2005-12-21 00:00:00-05:00,20.716743884987842,20.859094031153575,20.08091154270593,20.156831741333008,27250,0.0,0.0
2005-12-22 00:00:00-05:00,20.166339621588694,20.669312508486037,20.11889013474713,20.631351470947266,20150,0.0,0.0
2005-12-23 00:00:00-05:00,20.631344333792804,20.64083458989446,20.346643891068144,20.50797462463379,11850,0.0,0.0
2005-12-27 00:00:00-05:00,20.46054106656901,20.5269711067395,20.071449279785156,20.071449279785156,23350,0.0,0.0
2005-12-28 00:00:00-05:00,20.394091154610003,20.4130716647594,20.02398025710213,20.090410232543945,13550,0.0,0.0
2005-12-29 00:00:00-05:00,20.251754617583952,20.37512439666138,20.023993772307108,20.118894577026367,26550,0.0,0.0
2005-12-30 00:00:00-05:00,20.299205075161517,20.34665638480699,20.061953957181295,20.289714813232422,22050,0.0,0.0
2006-01-03 00:00:00-05:00,20.58390421266152,20.68829345703125,20.175832065348498,20.68829345703125,20350,0.0,0.0
2006-01-04 00:00:00-05:00,20.688295604079084,20.83064771495302,20.175834159212673,20.194814682006836,25150,0.0,0.0
2006-01-05 00:00:00-05:00,20.194810492189266,20.3086899851631,20.10939996741794,20.242259979248047,14650,0.0,0.0
2006-01-06 00:00:00-05:00,20.34664932394531,20.356139582581015,20.17582828866609,20.270729064941406,15200,0.0,0.0
2006-01-09 00:00:00-05:00,20.346642380040716,20.356132635437586,20.16633114766243,20.28021240234375,15150,0.0,0.0
2006-01-10 00:00:00-05:00,20.261248902794982,20.308698409536575,19.83419610179001,19.938587188720703,42400,0.0,0.0
2006-01-11 00:00:00-05:00,19.929073673181875,20.30867471446447,19.796213761253107,19.881624221801758,24700,0.0,0.0
2006-01-12 00:00:00-05:00,19.929094153714466,19.96705520189443,19.691843032836914,19.691843032836914,22150,0.0,0.0
2006-01-13 00:00:00-05:00,19.92908492396818,20.02398569038434,19.596933146552395,19.853164672851562,29600,0.0,0.0
2006-01-17 00:00:00-05:00,19.78414088134529,19.803181022142212,19.44139292382752,19.479475021362305,31950,0.135,0.0
2006-01-18 00:00:00-05:00,19.431874204854886,19.955515364444697,19.422353225378924,19.631811141967773,25350,0.0,0.0
2006-01-19 00:00:00-05:00,19.517548959165953,19.59371493124705,19.38425896200904,19.469945907592773,22300,0.0,0.0
2006-01-20 00:00:00-05:00,19.622301331122916,19.641341484970965,19.27955313866733,19.44140625,14750,0.0,0.0
2006-01-23 00:00:00-05:00,19.508042797006624,19.508042797006624,19.184336715905413,19.203378677368164,23200,0.0,0.0
2006-01-24 00:00:00-05:00,19.222417596469175,19.707976641270808,19.146251578614475,19.3652286529541,44650,0.0,0.0
2006-01-25 00:00:00-05:00,19.17481026477193,19.412829267327453,19.089123278576672,19.098644256591797,27800,0.0,0.0
2006-01-26 00:00:00-05:00,19.2319388220168,19.2319388220168,18.91775376734943,19.00343894958496,78900,0.0,0.0
2006-01-27 00:00:00-05:00,19.041517765269916,19.184328785321313,18.993914697233,19.05103874206543,36750,0.0,0.0
2006-01-30 00:00:00-05:00,19.27002676952132,19.717502038909494,19.09865272117726,19.336671829223633,31500,0.0,0.0
2006-01-31 00:00:00-05:00,19.63182780608732,19.679430927933016,19.174829483032227,19.174829483032227,39750,0.0,0.0
2006-02-01 00:00:00-05:00,19.508034260251428,19.66036625340987,19.336660313963034,19.517555236816406,21900,0.0,0.0
2006-02-02 00:00:00-05:00,19.393786634108416,19.993593644427357,19.393786634108416,19.74605369567871,33000,0.0,0.0
2006-02-03 00:00:00-05:00,19.803178453376784,19.945991294444877,19.498514448854174,19.612764358520508,23500,0.0,0.0
2006-02-06 00:00:00-05:00,19.707969921446377,19.81269702532461,19.517554033765155,19.64132308959961,27500,0.0,0.0
2006-02-07 00:00:00-05:00,19.860298697474214,19.860298697474214,19.517550881383208,19.68892478942871,17550,0.0,0.0
2006-02-08 00:00:00-05:00,19.58420893854932,19.679416930464384,19.346189866732352,19.574687957763672,26250,0.0,0.0
2006-02-09 00:00:00-05:00,19.888869067108406,20.279220121247477,19.631809901267797,19.755578994750977,36750,0.0,0.0
2006-02-10 00:00:00-05:00,19.99359873862568,20.736218774084858,19.793663622891152,20.43155288696289,29600,0.0,0.0
2006-02-13 00:00:00-05:00,20.260190260161707,20.555333491265205,20.2221063253396,20.469646453857422,16500,0.0,0.0
2006-02-14 00:00:00-05:00,20.61244525211418,20.707653216296823,20.250657167349186,20.307781219482422,16200,0.0,0.0
2006-02-15 00:00:00-05:00,20.200323046736795,20.57281251860822,20.066609904975476,20.429546356201172,20150,0.135,0.0
2006-02-16 00:00:00-05:00,20.295842175161386,20.5155143826714,19.923354360539552,20.076169967651367,29450,0.0,0.0
2006-02-17 00:00:00-05:00,20.486864179790633,21.54702230843065,19.923355901832537,21.41330909729004,55350,0.0,0.0
2006-02-21 00:00:00-05:00,21.317791586864857,21.48015835414693,20.77338590295004,21.002609252929688,32050,0.0,0.0
2006-02-22 00:00:00-05:00,20.887999096807356,21.35599701101826,20.362693977154482,20.410449981689453,50550,0.0,0.0
2006-02-23 00:00:00-05:00,20.553722926069383,20.630130743494302,19.942458564963985,20.028417587280273,37800,0.0,0.0
2006-02-24 00:00:00-05:00,19.92335789216207,20.14303013861128,19.75143984826058,19.980663299560547,31200,0.0,0.0
2006-02-27 00:00:00-05:00,20.123913695253382,20.133464893443495,19.35028485890224,19.675018310546875,33700,0.0,0.0
2006-02-28 00:00:00-05:00,19.760989932072743,19.79919292760246,19.359848459627997,19.550867080688477,29250,0.0,0.0
2006-03-01 00:00:00-05:00,19.436254926083475,20.439107626876794,19.34074471131606,20.343597412109375,27750,0.0,0.0
2006-03-02 00:00:00-05:00,20.14302262580459,20.391348394187222,19.942451042158652,20.305389404296875,18600,0.0,0.0
2006-03-03 00:00:00-05:00,20.085729672423206,20.410463430411127,20.057076050821973,20.13348388671875,11900,0.0,0.0
2006-03-06 00:00:00-05:00,20.057064073305767,20.114369460580555,19.866043686782593,19.94245147705078,19800,0.0,0.0
2006-03-07 00:00:00-05:00,19.84694940247483,20.305396289538592,19.722785565328817,20.181232452392578,23900,0.0,0.0
2006-03-08 00:00:00-05:00,20.190769700292602,20.343585223681963,19.85648688144384,20.219423294067383,16950,0.0,0.0
2006-03-09 00:00:00-05:00,20.16213511726569,20.534623045375326,19.760993570952902,20.104827880859375,24150,0.0,0.0
2006-03-10 00:00:00-05:00,20.037963140550946,20.42955332212059,20.009311355664003,20.190778732299805,11600,0.0,0.0
2006-03-13 00:00:00-05:00,20.143040287795884,20.15259149745907,19.96157094760929,20.05708122253418,12900,0.0,0.0
2006-03-14 00:00:00-05:00,20.143033429146705,20.553726196289062,20.009320182805045,20.553726196289062,17400,0.0,0.0
2006-03-15 00:00:00-05:00,20.410458181068915,20.534620199328153,20.228988934346,20.486865997314453,16850,0.0,0.0
2006-03-16 00:00:00-05:00,20.534620199328153,20.534620199328153,20.32449916007943,20.486865997314453,11150,0.0,0.0
2006-03-17 00:00:00-05:00,20.591925606085795,20.630130425061584,20.391355771581022,20.486865997314453,61350,0.0,0.0
2006-03-20 00:00:00-05:00,20.48687809841044,20.6301426107804,20.114388180200013,20.23855209350586,15050,0.0,0.0
2006-03-21 00:00:00-05:00,20.149902083618528,20.293624267511962,20.054086685180664,20.054086685180664,15000,0.135,0.0
2006-03-22 00:00:00-05:00,20.063683949265712,20.0924273117932,19.881634733969676,19.987031936645508,16500,0.0,0.0
2006-03-23 00:00:00-05:00,20.12115294674551,20.360690481825817,19.872033690958833,20.284038543701172,9400,0.0,0.0
2006-03-24 00:00:00-05:00,20.226559316554752,20.36069981286611,20.101998717813753,20.351118087768555,9150,0.0,0.0
2006-03-27 00:00:00-05:00,20.351109721254392,20.561902104160442,20.22655100124774,20.504413604736328,11550,0.0,0.0
2006-03-28 00:00:00-05:00,20.619391627885943,20.619391627885943,20.216968492540584,20.494831085205078,18600,0.0,0.0
2006-03-29 00:00:00-05:00,20.3894366058881,20.609810709952573,20.312784664147134,20.504413604736328,12650,0.0,0.0
2006-03-30 00:00:00-05:00,20.69605997840073,20.69605997840073,20.446940523016245,20.600244522094727,9700,0.0,0.0
2006-03-31 00:00:00-05:00,20.743966854295174,20.858945767708857,20.600244583173946,20.648151397705078,25250,0.0,0.0
2006-04-03 00:00:00-04:00,20.64813693674605,20.83018599401607,20.513996487982112,20.657718658447266,11700,0.0,0.0
2006-04-04 00:00:00-04:00,20.571499336944576,20.791875434706736,20.408613609482714,20.600244522094727,9700,0.0,0.0
2006-04-05 00:00:00-04:00,20.60023493037084,20.916424509689403,20.504419518677672,20.87809944152832,13350,0.0,0.0
2006-04-06 00:00:00-04:00,20.88767098466996,21.031394958496094,20.763112278550384,21.031394958496094,10900,0.0,0.0
2006-04-07 00:00:00-04:00,21.031392258990735,21.079299025766165,20.561897172466693,20.906831741333008,12600,0.0,0.0
2006-04-10 00:00:00-04:00,21.060143231881277,21.060143231881277,20.504416128964017,20.743953704833984,12550,0.0,0.0
2006-04-11 00:00:00-04:00,20.91641847691644,20.926000198074867,20.466088547629067,20.504413604736328,9900,0.0,0.0
2006-04-12 00:00:00-04:00,20.657705181121102,20.801427257820308,20.56188985414651,20.609798431396484,40800,0.0,0.0
2006-04-13 00:00:00-04:00,20.609813467951906,20.696047142391066,20.552324960834696,20.676883697509766,12950,0.0,0.0
2006-04-17 00:00:00-04:00,20.60981665429285,20.973913025694515,20.60981665429285,20.87809944152832,40650,0.0,0.0
2006-04-18 00:00:00-04:00,20.85646961967809,21.365866073605883,20.702689350582293,21.35625457763672,19800,0.135,0.0
2006-04-19 00:00:00-04:00,21.375489814927366,21.52927017211914,21.11598477471383,21.52927017211914,13050,0.0,0.0
2006-04-20 00:00:00-04:00,21.461979118509056,21.461979118509056,21.05830545536572,21.212085723876953,7400,0.0,0.0
2006-04-21 00:00:00-04:00,21.529269774693596,21.625382954465838,21.14481888881104,21.298599243164062,14500,0.0,0.0
2006-04-24 00:00:00-04:00,21.28898928603588,21.471604157528237,21.164043426513672,21.164043426513672,13250,0.0,0.0
2006-04-25 00:00:00-04:00,21.433158149548138,21.433158149548138,20.933372878252747,21.164043426513672,15200,0.0,0.0
2006-04-26 00:00:00-04:00,21.337041056456282,21.337041056456282,20.904532749055466,21.30820655822754,18350,0.0,0.0
2006-04-27 00:00:00-04:00,21.14481385880078,21.27937117854905,20.904531883132588,21.03908920288086,11050,0.0,0.0
2006-04-28 00:00:00-04:00,21.308198849997822,21.38508898425344,20.914136682787113,21.212085723876953,25750,0.0,0.0
2006-05-01 00:00:00-04:00,21.039091127673466,21.23131745907653,20.962200961753474,20.99103546142578,19300,0.0,0.0
2006-05-02 00:00:00-04:00,20.991035439464397,21.115981271501358,20.77958794170718,20.846866607666016,8400,0.0,0.0
2006-05-03 00:00:00-04:00,20.82764507795557,20.952590918811417,20.66425323486328,20.66425323486328,11100,0.0,0.0
2006-05-04 00:00:00-04:00,20.616201371100033,23.02863162738504,20.616201371100033,22.58651351928711,84000,0.0,0.0
2006-05-05 00:00:00-04:00,22.461564452374372,22.807569321004777,21.202485324337836,21.317821502685547,30250,0.0,0.0
2006-05-08 00:00:00-04:00,21.221706059008053,21.577324223814617,21.221706059008053,21.327430725097656,22000,0.0,0.0
2006-05-09 00:00:00-04:00,21.337040672288442,21.452374996714717,21.23131601389266,21.365873336791992,14300,0.0,0.0
2006-05-10 00:00:00-04:00,21.365884073093294,21.51005296767365,21.240938186645508,21.240938186645508,14200,0.0,0.0
2006-05-11 00:00:00-04:00,21.23130944872636,21.41392421134002,21.1159733267584,21.144807815551758,17950,0.0,0.0
2006-05-12 00:00:00-04:00,21.14481732962411,21.33704367499412,20.568140126720376,20.85647964477539,23100,0.0,0.0
2006-05-15 00:00:00-04:00,20.760350936614778,21.135190013058175,20.69307231604339,20.91413116455078,11550,0.0,0.0
2006-05-16 00:00:00-04:00,20.885313802503013,21.240932016831962,20.81803512678829,20.962203979492188,18350,0.0,0.0
2006-05-17 00:00:00-04:00,20.85646930176515,21.00063807269423,20.760356176743965,20.875690460205078,15200,0.0,0.0
2006-05-18 00:00:00-04:00,20.940774614532092,21.06611177627757,20.873286222324882,20.921493530273438,8500,0.135,0.0
2006-05-19 00:00:00-04:00,21.066122415732867,21.066122415732867,20.420158874344168,20.55513572692871,14900,0.0,0.0
2006-05-22 00:00:00-04:00,20.4394288091561,20.535839734593207,20.246603280440837,20.3622989654541,27250,0.0,0.0
2006-05-23 00:00:00-04:00,20.304450025600246,20.47799263213948,19.97664773300848,20.044137954711914,28450,0.0,0.0
2006-05-24 00:00:00-04:00,20.333392932969815,20.439447253356835,20.00559034170284,20.217697143554688,24750,0.0,0.0
2006-05-25 00:00:00-04:00,20.439431332630967,20.439431332630967,20.22732285707292,20.294811248779297,28100,0.0,0.0
2006-05-26 00:00:00-04:00,20.073060672381203,20.535839734593207,20.063419212053386,20.3622989654541,6750,0.0,0.0
2006-05-30 00:00:00-04:00,20.62260339794841,21.34569610434402,20.32372559420245,20.873275756835938,24700,0.0,0.0
2006-05-31 00:00:00-04:00,21.239652633666992,21.40355378916578,20.96005578767234,21.239652633666992,24650,0.0,0.0
2006-06-01 00:00:00-04:00,21.326424241032868,21.49996502083064,21.01790300835533,21.152881622314453,19750,0.0,0.0
2006-06-02 00:00:00-04:00,21.075750060001695,21.41319197015723,20.516558244560468,21.162521362304688,19550,0.0,0.0
2006-06-05 00:00:00-04:00,21.162525932281643,21.230014328886647,20.44907243951792,20.477996826171875,20400,0.0,0.0
2006-06-06 00:00:00-04:00,20.612971246945868,20.612971246945868,20.246604919433594,20.246604919433594,20350,0.0,0.0
2006-06-07 00:00:00-04:00,20.362302223305623,20.969699609773915,20.29481199021286,20.85400390625,15900,0.0,0.0
2006-06-08 00:00:00-04:00,20.921506339644043,20.921506339644043,20.478008029585553,20.786527633666992,15150,0.0,0.0
2006-06-09 00:00:00-04:00,20.680468231375777,20.921499321070502,20.526208481084858,20.612977981567383,18550,0.0,0.0
2006-06-12 00:00:00-04:00,20.63224819939971,20.921486432198297,20.294804513928096,20.54547691345215,21250,0.0,0.0
2006-06-13 00:00:00-04:00,20.34303321095956,20.487651560069754,20.09236054767159,20.15020751953125,19700,0.0,0.0
2006-06-14 00:00:00-04:00,20.30445184716276,20.449070085946005,19.976649525163037,20.246604919433594,18750,0.0,0.0
2006-06-15 00:00:00-04:00,20.198410537684858,20.439441680908203,20.00558488753751,20.439441680908203,22900,0.0,0.0
2006-06-16 00:00:00-04:00,20.333375833322293,21.21072854891371,20.265887445803052,21.152881622314453,61450,0.0,0.0
2006-06-19 00:00:00-04:00,21.114322478994225,21.210735279868786,20.97934566112258,21.10468101501465,22450,0.0,0.0
2006-06-20 00:00:00-04:00,20.889511795731703,21.22799961832891,20.5510239731345,20.59937858581543,15750,0.135,0.0
2006-06-21 00:00:00-04:00,20.754096442705112,20.754096442705112,20.37692564630856,20.473636627197266,13100,0.0,0.0
2006-06-22 00:00:00-04:00,20.357585906982422,20.454296901295276,20.222191621709698,20.357585906982422,13650,0.0,0.0
2006-06-23 00:00:00-04:00,20.26086713037787,20.744420027574407,20.251195851080993,20.37691879272461,16550,0.0,0.0
2006-06-26 00:00:00-04:00,20.696080038659208,20.937856678934686,20.46397468534787,20.83147621154785,16950,0.0,0.0
2006-06-27 00:00:00-04:00,20.99587468035693,21.150613369129903,20.367256020363424,20.386598587036133,13350,0.0,0.0
2006-06-28 00:00:00-04:00,20.676732850843212,20.676732850843212,20.40594425470951,20.58969497680664,12750,0.0,0.0
2006-06-29 00:00:00-04:00,20.792785086838002,21.16995594697558,20.531665947692517,20.97653579711914,16900,0.0,0.0
2006-06-30 00:00:00-04:00,21.179627711459727,21.179627711459727,20.686403274536133,20.686403274536133,60850,0.0,0.0
2006-07-03 00:00:00-04:00,20.87982041017758,22.185413986812193,20.87014912802669,21.518110275268555,28100,0.0,0.0
2006-07-05 00:00:00-04:00,21.566469191476184,21.769562468392827,20.599362916618798,20.763771057128906,17100,0.0,0.0
2006-07-06 00:00:00-04:00,20.676737069097978,21.227989347850176,20.657396340149138,21.208646774291992,13000,0.0,0.0
2006-07-07 00:00:00-04:00,21.324692003097763,21.324692003097763,20.899166582644014,21.073246002197266,16700,0.0,0.0
2006-07-10 00:00:00-04:00,21.07325745309164,21.46977108215197,20.995887140484957,21.286020278930664,9750,0.0,0.0
2006-07-11 00:00:00-04:00,21.063581366930727,21.518120782318075,20.94752776906089,21.402067184448242,12950,0.0,0.0
2006-07-12 00:00:00-04:00,21.208641467027835,21.392392180630004,21.015219469066725,21.044233322143555,15900,0.0,0.0
2006-07-13 00:00:00-04:00,21.03456316067838,21.208642599214535,20.551009984570833,20.57035255432129,19550,0.0,0.0
2006-07-14 00:00:00-04:00,20.570340224390733,20.73474827950492,20.454286720059827,20.5606689453125,15550,0.0,0.0
2006-07-17 00:00:00-04:00,20.88949772645856,20.96686616140582,20.46397041194415,20.551010131835938,13500,0.0,0.0
2006-07-18 00:00:00-04:00,20.841151001544333,21.082927703857422,20.686414059632742,21.082927703857422,15950,0.0,0.0
2006-07-19 00:00:00-04:00,21.179946073560668,21.46131134033203,20.859772889282123,21.46131134033203,18000,0.14,0.0
2006-07-20 00:00:00-04:00,21.422498793708034,21.422498793708034,20.937387859203277,21.189645767211914,22100,0.0,0.0
2006-07-21 00:00:00-04:00,21.150820020808492,21.150820020808492,20.47166633605957,20.47166633605957,19000,0.0,0.0
2006-07-24 00:00:00-04:00,20.714232178883105,21.053810119628906,20.56869930443516,21.053810119628906,11350,0.0,0.0
2006-07-25 00:00:00-04:00,21.053808427737636,21.529216766357422,20.772443289271433,21.529216766357422,17000,0.0,0.0
2006-07-26 00:00:00-04:00,21.490418485708247,21.519525814014077,21.228458082611,21.451610565185547,9900,0.0,0.0
2006-07-27 00:00:00-04:00,21.49041736711747,21.49041736711747,20.859773424397183,21.247861862182617,15750,0.0,0.0
2006-07-28 00:00:00-04:00,21.01501147663505,21.538932322301925,21.01501147663505,21.519527435302734,13150,0.0,0.0
2006-07-31 00:00:00-04:00,21.587437790645893,21.713565826416016,21.199349391486148,21.713565826416016,15050,0.0,0.0
2006-08-01 00:00:00-04:00,21.732962429327817,21.752367304530924,21.014998701769617,21.141128540039062,7050,0.0,0.0
2006-08-02 00:00:00-04:00,21.354582555850257,21.69416056416244,20.96649419658688,21.228452682495117,15350,0.0,0.0
2006-08-03 00:00:00-04:00,21.509823985908398,21.587441679723536,20.966500129202444,21.558334350585938,18300,0.0,0.0
2006-08-04 00:00:00-04:00,21.616555841003905,21.67476866712609,21.141147084809216,21.44191551208496,8550,0.0,0.0
2006-08-07 00:00:00-04:00,21.480710823614796,21.60684069840829,21.121729781159168,21.238155364990234,14250,0.0,0.0
2006-08-08 00:00:00-04:00,21.344877820738702,21.344877820738702,20.976194381713867,20.976194381713867,16050,0.0,0.0
2006-08-09 00:00:00-04:00,21.247852107391616,21.247852107391616,20.782146195852533,20.92767906188965,15350,0.0,0.0
2006-08-10 00:00:00-04:00,20.733643584334057,21.247860026005835,20.733643584334057,21.09262466430664,14600,0.0,0.0
2006-08-11 00:00:00-04:00,21.209052110856778,21.247860026005835,21.053816749157583,21.09262466430664,8450,0.0,0.0
2006-08-14 00:00:00-04:00,21.044116407015192,21.33518227659896,21.044116407015192,21.179946899414062,18050,0.0,0.0
2006-08-15 00:00:00-04:00,21.32547350185503,21.529221030504544,21.17023817076545,21.471006393432617,15450,0.0,0.0
2006-08-16 00:00:00-04:00,21.40308692823438,21.529216766357422,21.22844675271063,21.529216766357422,15250,0.0,0.0
2006-08-17 00:00:00-04:00,21.52922273062027,21.538925170898438,21.383689827550263,21.538925170898438,6300,0.0,0.0
2006-08-18 00:00:00-04:00,21.558333734536777,21.558333734536777,21.24786296814822,21.451610565185547,8900,0.0,0.0
2006-08-21 00:00:00-04:00,21.3737442199294,21.510007973901484,21.28614861181544,21.490541458129883,8100,0.14,0.0
2006-08-22 00:00:00-04:00,21.441868768841726,21.626795028177877,21.43213551470376,21.597597122192383,5850,0.0,0.0
2006-08-23 00:00:00-04:00,21.60733872762865,21.60733872762865,21.198551177978516,21.198551177978516,10750,0.0,0.0
2006-08-24 00:00:00-04:00,21.519743318235726,21.55867449712438,21.24721764029793,21.46134376525879,9200,0.0,0.0
2006-08-25 00:00:00-04:00,21.422398737003604,21.558660559665945,21.295868310450203,21.548927307128906,8650,0.0,0.0
2006-08-28 00:00:00-04:00,21.55866009051767,21.63652425269144,21.461329423693442,21.62679100036621,15300,0.0,0.0
2006-08-29 00:00:00-04:00,21.597600314008933,21.996654510498047,21.58786705843253,21.996654510498047,23850,0.0,0.0
2006-08-30 00:00:00-04:00,21.95771604124786,21.95771604124786,21.685192378426933,21.947982788085938,14050,0.0,0.0
2006-08-31 00:00:00-04:00,22.181582378851427,22.21078028879031,21.860390518094455,22.035585403442383,20150,0.0,0.0
2006-09-01 00:00:00-04:00,22.093985851532132,22.278912143568753,21.90905770306678,22.191314697265625,10550,0.0,0.0
2006-09-05 00:00:00-04:00,21.996657372397426,22.434642791748047,21.996657372397426,22.434642791748047,16950,0.0,0.0
2006-09-06 00:00:00-04:00,22.424911221320816,22.463842391967773,22.055054889815707,22.463842391967773,13900,0.0,0.0
2006-09-07 00:00:00-04:00,22.473569356732657,22.473569356732657,22.093981731161975,22.249710083007812,10100,0.0,0.0
2006-09-08 00:00:00-04:00,22.385976101590074,22.385976101590074,21.92852421478497,22.191314697265625,20250,0.0,0.0
2006-09-11 00:00:00-04:00,22.230254725982224,22.26918590525801,21.889598089279822,22.00639533996582,13400,0.0,0.0
2006-09-12 00:00:00-04:00,21.9577209408978,22.093984659142397,21.724128382172452,22.084251403808594,17900,0.0,0.0
2006-09-13 00:00:00-04:00,22.093994140625,22.14265858174938,21.96746362341452,22.093994140625,43350,0.0,0.0
2006-09-14 00:00:00-04:00,22.035594583560425,22.093994140625,22.035594583560425,22.093994140625,13950,0.0,0.0
2006-09-15 00:00:00-04:00,22.09397935615148,22.09397935615148,21.996648682603375,22.016115188598633,42200,0.0,0.0
2006-09-18 00:00:00-04:00,22.05505163780719,22.093984659142397,21.947987685563998,22.084251403808594,10500,0.0,0.0
2006-09-19 00:00:00-04:00,22.015911813752684,22.015911813752684,21.72301793478247,21.869464874267578,19100,0.14,0.0
2006-09-20 00:00:00-04:00,21.869464874267578,21.879228251856432,21.732781312371326,21.869464874267578,33800,0.0,0.0
2006-09-21 00:00:00-04:00,21.869460862374886,21.869460862374886,21.60585530235509,21.752304077148438,17950,0.0,0.0
2006-09-22 00:00:00-04:00,21.596083776210087,21.752293992204475,21.478925183127963,21.51797866821289,11700,0.0,0.0
2006-09-25 00:00:00-04:00,21.664437814349874,21.771831234967802,21.47893737921168,21.59609603881836,19350,0.0,0.0
2006-09-26 00:00:00-04:00,21.67419971648278,21.67419971648278,21.576567817148902,21.66443634033203,36950,0.0,0.0
2006-09-27 00:00:00-04:00,21.4984564973527,21.674193493260315,21.3812978793566,21.43011474609375,32750,0.0,0.0
2006-09-28 00:00:00-04:00,21.400832991267958,21.67420196533203,21.23485930383152,21.67420196533203,80100,0.0,0.0
2006-09-29 00:00:00-04:00,21.869461312432648,21.869461312432648,21.439882079357012,21.488698959350586,29300,0.0,0.0
2006-10-02 00:00:00-04:00,21.478930050331076,21.762062294837612,21.40082492463498,21.439876556396484,14600,0.0,0.0
2006-10-03 00:00:00-04:00,21.381298031480938,21.703481905546166,21.381298031480938,21.654666900634766,18900,0.0,0.0
2006-10-04 00:00:00-04:00,21.508229214349235,21.869464874267578,21.508229214349235,21.869464874267578,20900,0.0,0.0
2006-10-05 00:00:00-04:00,21.791367407473015,21.967104541754978,21.566815230190294,21.70349884033203,23100,0.0,0.0
2006-10-06 00:00:00-04:00,21.654665505092794,21.888980865478516,21.586323757751913,21.888980865478516,14450,0.0,0.0
2006-10-09 00:00:00-04:00,21.762079880921558,22.00615882873535,21.762079880921558,22.00615882873535,9950,0.0,0.0
2006-10-10 00:00:00-04:00,22.103769480288857,22.103769480288857,21.674192250668177,21.888980865478516,12300,0.0,0.0
2006-10-11 00:00:00-04:00,22.045196061088816,22.045196061088816,21.576565234977814,21.644906997680664,29900,0.0,0.0
2006-10-12 00:00:00-04:00,21.840163067345557,22.201398503373547,21.752294585679785,22.191635131835938,16700,0.0,0.0
2006-10-13 00:00:00-04:00,22.14283198797753,22.29904229184335,21.9085165321788,22.25998878479004,12000,0.0,0.0
2006-10-16 00:00:00-04:00,22.25999167217568,22.50407053639767,22.00615129209789,22.45525550842285,14650,0.0,0.0
2006-10-17 00:00:00-04:00,22.39666893627272,22.67979934720638,22.152590161045342,22.6602725982666,18800,0.0,0.0
2006-10-18 00:00:00-04:00,22.67004317720624,22.845780249166374,22.45525445712933,22.591938018798828,17150,0.0,0.0
2006-10-19 00:00:00-04:00,21.90644120652475,22.67027655559904,21.90644120652475,22.396080017089844,20300,0.14,0.0
2006-10-20 00:00:00-04:00,22.474421208476528,22.768203735351562,22.03374555034022,22.768203735351562,15900,0.0,0.0
2006-10-23 00:00:00-04:00,22.76821326359999,22.905311584472656,22.425465593593792,22.905311584472656,14450,0.0,0.0
2006-10-24 00:00:00-04:00,22.73883330336621,23.01303180150305,22.719249163932794,22.973859786987305,8300,0.0,0.0
2006-10-25 00:00:00-04:00,22.973845338731994,23.042396321022824,22.80736998520983,22.934675216674805,13250,0.0,0.0
2006-10-26 00:00:00-04:00,23.04240736835698,23.522253267507953,23.013028361861306,23.4634952545166,22000,0.0,0.0
2006-10-27 00:00:00-04:00,23.21866149149236,23.404724682290862,23.02280717238822,23.09135627746582,11350,0.0,0.0
2006-10-30 00:00:00-05:00,23.091368493893487,23.424323067124593,22.83675606331535,23.35577392578125,14650,0.0,0.0
2006-10-31 00:00:00-05:00,23.424323151214715,23.424323151214715,23.013026433854147,23.18929672241211,14500,0.0,0.0
2006-11-01 00:00:00-05:00,23.169703374589716,23.355766605507707,22.885713896916034,22.96405601501465,15650,0.0,0.0
2006-11-02 00:00:00-05:00,22.82696375463175,23.071783191328684,22.396082890878468,22.464632034301758,13350,0.0,0.0
2006-11-03 00:00:00-05:00,22.650691100539937,23.20888092700261,22.464629692876255,23.159915924072266,16750,0.0,0.0
2006-11-06 00:00:00-05:00,23.20888357745526,23.375360870782373,23.0913694248262,23.2872257232666,8750,0.0,0.0
2006-11-07 00:00:00-05:00,23.434116449478765,23.483079588999015,23.08157586789602,23.26763916015625,13850,0.0,0.0
2006-11-08 00:00:00-05:00,23.40472189254055,23.747469244897445,23.306793810749607,23.492856979370117,16750,0.0,0.0
2006-11-09 00:00:00-05:00,23.502671526530083,23.649562850005992,23.306815183345858,23.3753662109375,11100,0.0,0.0
2006-11-10 00:00:00-05:00,23.375351802248947,23.50265703936992,23.3165938148177,23.473278045654297,12300,0.0,0.0
2006-11-13 00:00:00-05:00,23.600584047744558,23.600584047744558,23.30679972778694,23.434106826782227,15700,0.0,0.0
2006-11-14 00:00:00-05:00,23.404732879206385,23.747480392456055,23.404732879206385,23.747480392456055,13300,0.0,0.0
2006-11-15 00:00:00-05:00,23.571202467919356,24.286074392709658,23.571202467919356,24.276283264160156,20700,0.0,0.0
2006-11-16 00:00:00-05:00,24.178390423541384,24.433003097017984,24.051083152890183,24.070669174194336,18500,0.0,0.0
2006-11-17 00:00:00-05:00,24.06082353345581,24.1197474747677,23.618889290720844,24.031360626220703,11900,0.14,0.0
2006-11-20 00:00:00-05:00,23.667994136112686,24.06082353345581,23.667994136112686,24.031360626220703,7900,0.0,0.0
2006-11-21 00:00:00-05:00,24.060843686710836,24.424212354333147,23.933174728073745,24.22779655456543,8150,0.0,0.0
2006-11-22 00:00:00-05:00,24.119753084361534,24.247423838914724,23.962621288879735,24.070650100708008,5550,0.0,0.0
2006-11-24 00:00:00-05:00,24.443829313318155,24.443829313318155,24.0509999585367,24.237594604492188,2850,0.0,0.0
2006-11-27 00:00:00-05:00,24.443830495774645,24.443830495774645,23.324266312199686,23.363550186157227,15950,0.0,0.0
2006-11-28 00:00:00-05:00,23.127858124758596,24.38491439819336,23.078755139682368,24.38491439819336,16900,0.0,0.0
2006-11-29 00:00:00-05:00,24.453655198405713,24.453655198405713,23.92333593110515,23.942975997924805,17400,0.0,0.0
2006-11-30 00:00:00-05:00,24.07063492309759,24.149200771299213,23.717087669611495,24.04117202758789,18500,0.0,0.0
2006-12-01 00:00:00-05:00,23.884041652769763,24.100099152147607,23.61888119798296,23.62870216369629,11300,0.0,0.0
2006-12-04 00:00:00-05:00,23.942973436462392,24.139389068913996,23.62870992306646,24.129568099975586,18150,0.0,0.0
2006-12-05 00:00:00-05:00,24.237594236825004,24.25723617255565,23.677812180608164,23.785839080810547,28500,0.0,0.0
2006-12-06 00:00:00-05:00,23.67780852972112,23.962609061269692,23.667987563370094,23.746553421020508,9650,0.0,0.0
2006-12-07 00:00:00-05:00,23.618884571009808,23.893866030780202,23.618884571009808,23.766197204589844,13300,0.0,0.0
2006-12-08 00:00:00-05:00,23.579622268676758,23.913527936852102,23.579622268676758,23.579622268676758,17500,0.0,0.0
2006-12-11 00:00:00-05:00,23.648357861593716,24.060829295877976,23.5894339061699,24.02154541015625,21300,0.0,0.0
2006-12-12 00:00:00-05:00,24.159041219018196,24.159041219018196,23.952804530450223,23.96262550354004,21850,0.0,0.0
2006-12-13 00:00:00-05:00,24.080457006973198,24.286691665649414,23.942965361364728,24.286691665649414,19900,0.0,0.0
2006-12-14 00:00:00-05:00,24.49293124556208,24.689344963055298,24.296515654910966,24.52239227294922,25900,0.0,0.0
2006-12-15 00:00:00-05:00,24.650068002941374,24.846481760546883,24.45365237217759,24.728633880615234,44150,0.0,0.0
2006-12-18 00:00:00-05:00,24.502130426701743,24.74833351405292,23.635496385713015,23.684736251831055,20550,0.14,0.0
2006-12-19 00:00:00-05:00,23.527160426450386,24.019566475582494,23.527160426450386,23.901390075683594,10800,0.0,0.0
2006-12-20 00:00:00-05:00,23.98017978922931,24.02941965268938,23.73397671516819,24.01957130432129,9050,0.0,0.0
2006-12-21 00:00:00-05:00,24.029422305204243,24.93544979289725,24.029422305204243,24.827119827270508,14000,0.0,0.0
2006-12-22 00:00:00-05:00,24.86650773483643,24.89605277667884,24.472583235505155,24.797571182250977,11200,0.0,0.0
2006-12-26 00:00:00-05:00,24.630160796837885,24.984693897148663,24.34456427083625,24.610464096069336,16150,0.0,0.0
2006-12-27 00:00:00-05:00,24.52182913852766,24.718792375937777,24.47258926836545,24.580917358398438,14950,0.0,0.0
2006-12-28 00:00:00-05:00,24.45288325238658,24.620301376884594,23.78321075439453,23.78321075439453,28250,0.0,0.0
2006-12-29 00:00:00-05:00,24.068810628211036,24.118050486724474,23.477922934148797,23.49761962890625,36900,0.0,0.0
2007-01-03 00:00:00-05:00,23.56654621524682,24.02940707600942,23.300646583617933,23.82259750366211,31050,0.0,0.0
2007-01-04 00:00:00-05:00,23.871841869478477,24.088499826136122,23.63548722265747,23.812753677368164,15100,0.0,0.0
2007-01-05 00:00:00-05:00,23.635489554678635,23.901389262979958,23.2711082642235,23.40898323059082,14000,0.0,0.0
2007-01-08 00:00:00-05:00,23.458227196356123,23.99002670622065,23.29080904084843,23.537012100219727,17150,0.0,0.0
2007-01-09 00:00:00-05:00,23.635482361424497,23.753660599718543,23.468064286229232,23.694570541381836,22050,0.0,0.0
2007-01-10 00:00:00-05:00,23.63550187309082,23.73398350657155,23.43853860612936,23.71428680419922,15150,0.0,0.0
2007-01-11 00:00:00-05:00,23.576394558460414,23.842292311709897,23.517304499178838,23.82259750366211,10850,0.0,0.0
2007-01-12 00:00:00-05:00,23.76351910990919,23.88169740810675,23.65519103814011,23.871849060058594,10500,0.0,0.0
2007-01-16 00:00:00-05:00,23.881705017602183,23.980186651082914,23.63550187309082,23.71428680419922,19500,0.0,0.0
2007-01-17 00:00:00-05:00,23.832474024838717,23.881713920745334,23.53702901425413,23.64535903930664,15950,0.0,0.0
2007-01-18 00:00:00-05:00,23.586259736696064,23.763524405927715,23.261271692200253,23.2711181640625,15200,0.0,0.0
2007-01-19 00:00:00-05:00,23.36988193577167,23.99215795758971,23.14270263813814,23.7353458404541,15900,0.14,0.0
2007-01-22 00:00:00-05:00,23.72547108660844,24.00203656603775,23.22172439826944,23.340251922607422,19350,0.0,0.0
2007-01-23 00:00:00-05:00,23.656327948665126,23.80448828499454,23.508165728374824,23.75510025024414,20350,0.0,0.0
2007-01-24 00:00:00-05:00,23.804487151924025,23.804487151924025,23.39951470605151,23.666202545166016,12800,0.0,0.0
2007-01-25 00:00:00-05:00,23.498291814119106,23.58718651559053,22.36239141891789,22.619203567504883,37300,0.0,0.0
2007-01-26 00:00:00-05:00,22.47103809584903,23.300738114720303,22.47103809584903,23.1427001953125,20100,0.0,0.0
2007-01-29 00:00:00-05:00,23.350131753992944,23.70571812879242,23.20197139248023,23.518047332763672,15250,0.0,0.0
2007-01-30 00:00:00-05:00,23.69584682994907,23.70572444120831,23.468667422871633,23.59707260131836,11500,0.0,0.0
2007-01-31 00:00:00-05:00,23.676093628540603,23.705726464847935,22.757498310555718,22.76737403869629,27700,0.0,0.0
2007-02-01 00:00:00-05:00,22.757486326766056,23.458779461091137,22.757486326766056,23.409393310546875,20900,0.0,0.0
2007-02-02 00:00:00-05:00,23.41926244377258,23.45877286025925,22.806866059912032,23.35999870300293,16550,0.0,0.0
2007-02-05 00:00:00-05:00,23.40939370407651,23.40939370407651,23.00442123413086,23.00442123413086,20250,0.0,0.0
2007-02-06 00:00:00-05:00,23.014284020320474,23.192077079664042,23.014284020320474,23.182199478149414,14800,0.0,0.0
2007-02-07 00:00:00-05:00,23.18220807413347,23.43902015686035,23.142699537385017,23.43902015686035,20200,0.0,0.0
2007-02-08 00:00:00-05:00,23.439022783251627,23.448900389535684,23.142702130572943,23.211843490600586,17050,0.0,0.0
2007-02-09 00:00:00-05:00,23.211843240427164,23.261229387354415,23.024172490974276,23.24147605895996,12350,0.0,0.0
2007-02-12 00:00:00-05:00,23.211847393826336,23.49829237234934,23.014299002847636,23.488414764404297,20150,0.0,0.0
2007-02-13 00:00:00-05:00,23.44890675296335,23.468661970892523,23.211849789697116,23.42915153503418,11300,0.0,0.0
2007-02-14 00:00:00-05:00,23.498296993599002,23.508172719525156,23.1920967389676,23.330381393432617,18950,0.0,0.0
2007-02-15 00:00:00-05:00,23.24121536924753,23.27093627490669,23.043081666869604,23.211496353149414,21750,0.14,0.0
2007-02-16 00:00:00-05:00,23.28084671026235,23.28084671026235,22.894484326964427,23.0430850982666,12300,0.0,0.0
2007-02-20 00:00:00-05:00,22.904390561374004,23.171871185302734,22.805322753833867,23.171871185302734,14400,0.0,0.0
2007-02-21 00:00:00-05:00,23.082708398854514,23.082708398854514,22.815227797506218,22.894481658935547,10000,0.0,0.0
2007-02-22 00:00:00-05:00,22.805308963652312,23.072791315397943,22.78549503621335,23.013349533081055,22300,0.0,0.0
2007-02-23 00:00:00-05:00,22.934112408091398,22.98364726274839,22.706257745353724,22.75579071044922,13200,0.0,0.0
2007-02-26 00:00:00-05:00,22.74587248359655,22.983635889168582,22.191095612903126,22.557645797729492,21400,0.0,0.0
2007-02-27 00:00:00-05:00,22.75577837182329,22.75577837182329,21.398556212679413,21.755197525024414,44250,0.0,0.0
2007-02-28 00:00:00-05:00,22.2406293102173,22.26044135170537,21.79482530942755,21.854265213012695,28900,0.0,0.0
2007-03-01 00:00:00-05:00,21.794827518475607,22.28025754100347,21.794827518475607,21.933521270751953,17150,0.0,0.0
2007-03-02 00:00:00-05:00,21.824545646337317,22.0226792830604,21.448088524310748,21.596689224243164,31050,0.0,0.0
2007-03-05 00:00:00-05:00,21.547164251638016,21.86417969921739,21.299495697021484,21.299495697021484,29750,0.0,0.0
2007-03-06 00:00:00-05:00,21.418375861262753,22.042499741641734,21.34902708383311,22.0325927734375,17650,0.0,0.0
2007-03-07 00:00:00-05:00,22.042492412961934,22.042492412961934,21.547155504805488,21.636316299438477,15950,0.0,0.0
2007-03-08 00:00:00-05:00,21.893886978344092,21.99295471643903,21.48771095275879,21.48771095275879,13700,0.0,0.0
2007-03-09 00:00:00-05:00,21.695772111858066,21.864186859735554,21.339130561311762,21.606611251831055,12400,0.0,0.0
2007-03-12 00:00:00-04:00,21.646230498209526,21.794831242404634,21.30940113693476,21.656137466430664,15200,0.0,0.0
2007-03-13 00:00:00-04:00,21.487712165977975,21.487712165977975,20.98246837377113,21.041908264160156,31050,0.0,0.0
2007-03-14 00:00:00-04:00,21.279674105049278,21.65613123081237,21.08154046635962,21.58678436279297,25500,0.0,0.0
2007-03-15 00:00:00-04:00,21.53726522213332,22.042509486549974,21.507544304381113,22.022695541381836,13700,0.0,0.0
2007-03-16 00:00:00-04:00,22.072230404302182,22.359525050992936,21.80474781321775,22.022695541381836,56000,0.0,0.0
2007-03-19 00:00:00-04:00,22.25054046257277,22.577464745471858,22.21091447921472,22.49820899963379,14650,0.0,0.0
2007-03-20 00:00:00-04:00,22.617457778140164,23.00501466039716,22.40877199087649,22.816204071044922,13800,0.14,0.0
2007-03-21 00:00:00-04:00,22.687016407639167,23.2236353157272,22.41870695359515,23.144136428833008,18250,0.0,0.0
2007-03-22 00:00:00-04:00,23.253444999014544,23.253444999014544,22.6075163398147,22.69695281982422,21200,0.0,0.0
2007-03-23 00:00:00-04:00,22.72676266291218,23.044758152619302,22.657199491061444,23.034820556640625,9200,0.0,0.0
2007-03-26 00:00:00-04:00,22.925511548013866,23.352818747509343,22.925511548013866,23.25344467163086,23300,0.0,0.0
2007-03-27 00:00:00-04:00,23.034816224489226,23.432310511866493,23.034816224489226,23.173938751220703,16350,0.0,0.0
2007-03-28 00:00:00-04:00,23.154067683662735,23.342878214544843,23.144131983187062,23.164005279541016,15150,0.0,0.0
2007-03-29 00:00:00-04:00,23.352822674341674,23.491945266723633,23.114325989371245,23.491945266723633,21850,0.0,0.0
2007-03-30 00:00:00-04:00,23.601265269662687,23.601265269662687,23.054710411053083,23.53170394897461,19250,0.0,0.0
2007-04-02 00:00:00-04:00,23.551569259867374,23.70062944092415,23.1242620175424,23.482006072998047,19600,0.0,0.0
2007-04-03 00:00:00-04:00,23.412443259344823,23.65093991261013,23.31306917996688,23.59131622314453,16100,0.0,0.0
2007-04-04 00:00:00-04:00,23.650949805352184,23.650949805352184,23.372704541192746,23.641014099121094,9500,0.0,0.0
2007-04-05 00:00:00-04:00,23.650940796116902,23.650940796116902,23.412444133942287,23.442256927490234,6500,0.0,0.0
2007-04-09 00:00:00-04:00,23.611200967563846,23.700637485635973,23.39257942083403,23.650949478149414,17200,0.0,0.0
2007-04-10 00:00:00-04:00,23.601253509521484,23.70062758758952,23.462130937467965,23.601253509521484,10350,0.0,0.0
2007-04-11 00:00:00-04:00,23.76026151200978,23.839760429631163,23.392579728787272,23.581388473510742,19300,0.0,0.0
2007-04-12 00:00:00-04:00,23.362764156020756,23.849695205688477,23.362764156020756,23.849695205688477,13400,0.0,0.0
2007-04-13 00:00:00-04:00,23.849690454708565,23.87950325012207,23.601256179138687,23.87950325012207,15750,0.0,0.0
2007-04-16 00:00:00-04:00,23.94906030858445,24.267055821811343,23.909309921729704,24.257118225097656,13600,0.0,0.0
2007-04-17 00:00:00-04:00,24.346553528882243,24.545301662789292,24.24717946192872,24.416114807128906,13450,0.0,0.0
2007-04-18 00:00:00-04:00,24.426093991400034,24.665272160004818,24.017497715764474,24.047393798828125,12750,0.14,0.0
2007-04-19 00:00:00-04:00,23.897902866303138,24.117150902299603,23.778314756503917,23.957698822021484,13150,0.0,0.0
2007-04-20 00:00:00-04:00,24.455984795415148,24.455984795415148,23.768346574543518,24.186908721923828,20550,0.0,0.0
2007-04-23 00:00:00-04:00,24.615434610722428,24.615434610722428,23.798240473252637,23.818172454833984,20350,0.0,0.0
2007-04-24 00:00:00-04:00,23.907872966494242,24.50581932067871,23.77831884181682,24.50581932067871,17850,0.0,0.0
2007-04-25 00:00:00-04:00,24.60546195048225,24.61542793857159,24.226762006358946,24.515769958496094,17050,0.0,0.0
2007-04-26 00:00:00-04:00,24.69516047141211,24.754954514938696,24.246700392916768,24.436050415039062,18200,0.0,0.0
2007-04-27 00:00:00-04:00,24.137094911259872,24.137094911259872,23.549114313224944,24.097232818603516,48050,0.0,0.0
2007-04-30 00:00:00-04:00,24.087249466843197,24.087249466843197,23.419543263717244,23.718515396118164,31750,0.0,0.0
2007-05-01 00:00:00-04:00,23.828141431417112,23.91783345895368,23.280025174976874,23.50923728942871,12650,0.0,0.0
2007-05-02 00:00:00-04:00,23.280023005476043,23.588961126634565,22.921254928763922,23.539133071899414,41400,0.0,0.0
2007-05-03 00:00:00-04:00,23.658718462165275,23.907862509029886,23.220224407454456,23.419540405273438,21950,0.0,0.0
2007-05-04 00:00:00-04:00,23.91782737450533,23.91782737450533,23.120567222349074,23.130531311035156,25800,0.0,0.0
2007-05-07 00:00:00-04:00,23.120579879858536,23.4095861304267,23.0308878260362,23.200305938720703,14700,0.0,0.0
2007-05-08 00:00:00-04:00,23.409583465059068,23.41954945888453,22.961125147827126,23.080713272094727,28700,0.0,0.0
2007-05-09 00:00:00-04:00,22.921252311544215,23.419540405273438,22.921252311544215,23.419540405273438,23700,0.0,0.0
2007-05-10 00:00:00-04:00,23.170389183545545,23.41953315326109,22.871417180213946,22.961109161376953,74750,0.0,0.0
2007-05-11 00:00:00-04:00,22.991021894223145,23.39961814880371,22.921261836243882,23.39961814880371,18900,0.0,0.0
2007-05-14 00:00:00-04:00,23.419552072909028,23.419552072909028,22.781743603440876,22.821605682373047,43900,0.0,0.0
2007-05-15 00:00:00-04:00,22.851497070888787,23.120573154081534,22.522626936148306,22.911291122436523,42100,0.0,0.0
2007-05-16 00:00:00-04:00,22.921253110631937,22.93121910095215,22.462828960812082,22.93121910095215,67650,0.0,0.0
2007-05-17 00:00:00-04:00,22.781743603440876,22.97109180480225,22.572461511384653,22.821605682373047,27850,0.0,0.0
2007-05-18 00:00:00-04:00,22.86158320353709,23.11149118740911,22.49171854848199,23.041515350341797,25100,0.14,0.0
2007-05-21 00:00:00-04:00,23.341396546399586,23.341396546399586,22.761610336766452,23.031511306762695,23950,0.0,0.0
2007-05-22 00:00:00-04:00,22.911564626215142,23.281429290771484,22.581686155295873,23.281429290771484,18450,0.0,0.0
2007-05-23 00:00:00-04:00,23.291426082638864,23.341408829299276,22.88157709325765,22.98154067993164,15500,0.0,0.0
2007-05-24 00:00:00-04:00,22.991523083335345,23.01151616969842,22.281785677257083,22.45172119140625,33300,0.0,0.0
2007-05-25 00:00:00-04:00,22.791609891730616,23.09150064959225,22.4917210405158,22.711639404296875,16100,0.0,0.0
2007-05-29 00:00:00-04:00,23.00152826987198,23.01152481680995,22.441734987870223,22.82159423828125,34450,0.0,0.0
2007-05-30 00:00:00-04:00,22.591685739189902,23.191465377807617,22.491722148312466,23.191465377807617,24300,0.0,0.0
2007-05-31 00:00:00-04:00,23.39138236631458,23.39138236631458,22.991530051102906,23.091493606567383,66200,0.0,0.0
2007-06-01 00:00:00-04:00,23.541334672890848,23.541334672890848,22.991537792681136,23.221452713012695,21400,0.0,0.0
2007-06-04 00:00:00-04:00,23.18147399598549,23.241451401224168,22.98154676966011,23.231454849243164,35600,0.0,0.0
2007-06-05 00:00:00-04:00,23.161473103307955,23.591315160707552,22.68165020945818,22.961545944213867,34200,0.0,0.0
2007-06-06 00:00:00-04:00,22.92157076202452,23.111501447949593,22.761629733871025,22.991544723510742,19100,0.0,0.0
2007-06-07 00:00:00-04:00,23.111497490869098,23.111497490869098,22.681655336310055,22.72163963317871,19000,0.0,0.0
2007-06-08 00:00:00-04:00,22.691655772384802,23.001541276101268,22.571699047945952,22.991544723510742,65550,0.0,0.0
2007-06-11 00:00:00-04:00,22.971545644541784,23.501351354178055,22.881578601270586,23.431377410888672,31000,0.0,0.0
2007-06-12 00:00:00-04:00,23.12149005108049,23.161476250992177,22.30179201936042,22.591686248779297,39700,0.0,0.0
2007-06-13 00:00:00-04:00,22.73163211503644,23.071507157493585,22.351772782867933,22.881576538085938,28550,0.0,0.0
2007-06-14 00:00:00-04:00,22.981550963521084,22.981550963521084,22.54171212932827,22.7916202545166,32550,0.0,0.0
2007-06-15 00:00:00-04:00,22.95154412893872,23.131478149504876,22.721629283391415,23.071500778198242,57750,0.0,0.0
2007-06-18 00:00:00-04:00,23.09150589160977,23.171476397197665,22.731637663140617,22.891578674316406,18250,0.0,0.0
2007-06-19 00:00:00-04:00,22.81135293536776,23.062027143448727,22.701055671814558,22.911623001098633,47100,0.14,0.0
2007-06-20 00:00:00-04:00,22.89156155608273,22.96175000673234,22.460401744958745,22.670969009399414,43200,0.0,0.0
2007-06-21 00:00:00-04:00,22.94170522509018,22.94170522509018,22.440356753355324,22.60079002380371,50800,0.0,0.0
2007-06-22 00:00:00-04:00,22.500506150147153,22.801314283742133,22.179643630981445,22.179643630981445,106850,0.0,0.0
2007-06-25 00:00:00-04:00,22.169634699982236,22.650928875187095,21.497827529907227,21.497827529907227,40600,0.0,0.0
2007-06-26 00:00:00-04:00,21.56800395076432,22.049297856536462,21.457706713507047,21.738462448120117,41250,0.0,0.0
2007-06-27 00:00:00-04:00,21.557987611851402,22.54063030911423,21.557987611851402,22.470441818237305,55700,0.0,0.0
2007-06-28 00:00:00-04:00,22.590755550919624,22.590755550919624,21.76854271552324,21.788597106933594,37750,0.0,0.0
2007-06-29 00:00:00-04:00,22.289952783405695,22.500520137816626,21.27722863241184,21.51787567138672,61700,0.0,0.0
2007-07-02 00:00:00-04:00,21.658256429123835,21.989146375558672,21.36747336976055,21.447689056396484,25250,0.0,0.0
2007-07-03 00:00:00-04:00,21.457726063294437,21.59810501343553,21.267213003277476,21.29729461669922,16200,0.0,0.0
2007-07-05 00:00:00-04:00,21.267194285442717,21.748490114120557,21.14687176264227,21.357437133789062,26950,0.0,0.0
2007-07-06 00:00:00-04:00,21.307312548413684,21.35744663647163,21.156908371746987,21.28725814819336,18400,0.0,0.0
2007-07-09 00:00:00-04:00,21.13685417175293,21.257178661721824,21.066665682809774,21.13685417175293,39200,0.0,0.0
2007-07-10 00:00:00-04:00,21.056639959918915,21.537934128575877,20.94634266241681,21.437664031982422,51700,0.0,0.0
2007-07-11 00:00:00-04:00,21.60811351842858,21.60811351842858,21.006497017329302,21.056631088256836,30750,0.0,0.0
2007-07-12 00:00:00-04:00,20.926288049509314,21.447689056396484,20.926288049509314,21.447689056396484,27250,0.0,0.0
2007-07-13 00:00:00-04:00,21.27722811596562,21.27722811596562,20.98644700144697,21.106769561767578,21100,0.0,0.0
2007-07-16 00:00:00-04:00,21.10677885939035,21.35745320172275,21.006510652452157,21.327373504638672,31950,0.0,0.0
2007-07-17 00:00:00-04:00,21.317322900388167,21.317322900388167,21.016512872306958,21.12681007385254,24250,0.0,0.0
2007-07-18 00:00:00-04:00,21.076687589925555,21.357441475191106,21.076687589925555,21.33738899230957,47900,0.0,0.0
2007-07-19 00:00:00-04:00,21.297161862335056,21.427941888732615,21.04566018796587,21.1663818359375,27650,0.14,0.0
2007-07-20 00:00:00-04:00,21.16637453971532,21.619076246246582,21.055713227120975,21.347454071044922,47100,0.0,0.0
2007-07-23 00:00:00-04:00,21.377626650182503,21.377626650182503,21.045644760131832,21.045644760131836,31250,0.0,0.0
2007-07-24 00:00:00-04:00,21.04564145655744,21.206602231388167,20.753898852924376,20.85449981689453,46450,0.0,0.0
2007-07-25 00:00:00-04:00,21.12613024077172,21.12613024077172,19.969223492299893,20.7036075592041,85100,0.0,0.0
2007-07-26 00:00:00-04:00,20.37162834044128,20.633190218525744,19.073879243653526,19.60706329345703,80250,0.0,0.0
2007-07-27 00:00:00-04:00,19.516521069439985,19.516521069439985,18.490394223243104,19.31532096862793,64450,0.0,0.0
2007-07-30 00:00:00-04:00,19.737833686839178,20.12011502809944,19.11410927669447,19.214710235595703,59300,0.0,0.0
2007-07-31 00:00:00-04:00,20.351508558479924,20.51246942539268,19.154362350666908,20.049707412719727,72900,0.0,0.0
2007-08-01 00:00:00-04:00,19.325363324477312,19.77806653398065,18.118157963806876,18.329418182373047,110400,0.0,0.0
2007-08-02 00:00:00-04:00,18.168468719662254,18.80225360548081,17.403903891661287,18.741891860961914,77750,0.0,0.0
2007-08-03 00:00:00-04:00,18.842492324999473,19.617117422183313,17.564864216990422,18.047748565673828,47450,0.0,0.0
2007-08-06 00:00:00-04:00,20.9249189723616,20.9249189723616,18.38978592370504,19.25494956970215,96000,0.0,0.0
2007-08-07 00:00:00-04:00,19.95915910984317,20.019518932324996,18.46021040638269,19.164413452148438,57550,0.0,0.0
2007-08-08 00:00:00-04:00,19.57687643975305,20.512462355473165,19.34549551316539,20.391742706298828,70200,0.0,0.0
2007-08-09 00:00:00-04:00,20.4822846341287,21.085886753901864,20.391743932401855,20.522523880004883,63650,0.0,0.0
2007-08-10 00:00:00-04:00,21.32733965600092,21.629140853881836,20.42193222474774,21.629140853881836,55350,0.0,0.0
2007-08-13 00:00:00-04:00,21.991290610440362,22.101949959798453,21.588886696688544,21.790088653564453,33150,0.0,0.0
2007-08-14 00:00:00-04:00,21.790096082504487,21.830337255120796,19.617122650146484,19.617122650146484,58600,0.0,0.0
2007-08-15 00:00:00-04:00,19.61712753891926,20.140251400470355,18.983344262705387,19.094003677368164,56250,0.0,0.0
2007-08-16 00:00:00-04:00,18.9028465495986,20.50239372253418,18.108101187563225,20.50239372253418,81150,0.0,0.0
2007-08-17 00:00:00-04:00,21.03558720163288,21.810212351933377,20.120121812661147,21.448049545288086,40450,0.0,0.0
2007-08-20 00:00:00-04:00,21.48831115973061,21.48831115973061,20.522543395851958,20.924945831298828,14300,0.0,0.0
2007-08-21 00:00:00-04:00,20.79371087379858,21.379164781421686,19.945811845477635,19.986186981201172,24950,0.14,0.0
2007-08-22 00:00:00-04:00,20.137597395417483,21.096529412880553,20.036656676399243,20.854272842407227,23750,0.0,0.0
2007-08-23 00:00:00-04:00,20.99557618104179,21.38924455806834,20.803791047018606,21.177268981933594,14800,0.0,0.0
2007-08-24 00:00:00-04:00,21.22775345866666,21.23784772335057,20.258725227136516,21.147001266479492,19700,0.0,0.0
2007-08-27 00:00:00-04:00,21.197473175717356,21.197473175717356,20.09722322352642,20.299104690551758,20200,0.0,0.0
2007-08-28 00:00:00-04:00,20.238538874591846,21.086437946397773,19.622804064918842,19.632898330688477,38350,0.0,0.0
2007-08-29 00:00:00-04:00,19.784297802543332,19.986177233266076,19.63288774818045,19.955896377563477,16050,0.0,0.0
2007-08-30 00:00:00-04:00,19.98618086571339,20.05684070085609,19.642983653297712,19.925617218017578,17500,0.0,0.0
2007-08-31 00:00:00-04:00,20.268822755090103,20.90474613028686,19.48148731054153,20.652395248413086,43200,0.0,0.0
2007-09-04 00:00:00-04:00,20.64229450328827,21.197465447269977,20.248625978646086,20.632200241088867,23350,0.0,0.0
2007-09-05 00:00:00-04:00,20.460613401991825,20.965315250534584,20.066944650934833,20.157791137695312,59000,0.0,0.0
2007-09-06 00:00:00-04:00,20.1981544310234,20.490880302339622,19.93570941778063,20.097213745117188,21600,0.0,0.0
2007-09-07 00:00:00-04:00,19.865063654642984,19.93572160037091,19.61271274830918,19.9155330657959,27200,0.0,0.0
2007-09-10 00:00:00-04:00,19.98617389680532,19.98617389680532,19.289687377949782,19.74391746520996,22950,0.0,0.0
2007-09-11 00:00:00-04:00,19.693454964113926,19.925617218017578,19.390632875067574,19.925617218017578,24300,0.0,0.0
2007-09-12 00:00:00-04:00,19.814575350431568,20.066926040670438,19.481472516327578,19.74391746520996,50000,0.0,0.0
2007-09-13 00:00:00-04:00,20.389943412081212,20.43031853497723,19.58241977604103,19.592514038085938,37050,0.0,0.0
2007-09-14 00:00:00-04:00,19.68336539555074,19.976093292236328,19.198852247882293,19.976093292236328,32600,0.0,0.0
2007-09-17 00:00:00-04:00,20.036654676790572,20.14768772387414,19.542047320774284,19.814584732055664,32000,0.0,0.0
2007-09-18 00:00:00-04:00,20.03743472676195,21.30370330810547,19.551186123074928,21.30370330810547,47500,0.14,0.0
2007-09-19 00:00:00-04:00,21.303715873794015,21.303715873794015,20.564213117653285,21.151762008666992,35050,0.0,0.0
2007-09-20 00:00:00-04:00,20.939039570252067,21.242943579573314,20.01719521884644,20.300840377807617,27700,0.0,0.0
2007-09-21 00:00:00-04:00,20.776953426456434,20.776953426456434,20.280575936944754,20.381877899169922,28400,0.0,0.0
2007-09-24 00:00:00-04:00,20.462910510687266,20.462910510687266,19.75379900432916,19.976661682128906,27650,0.0,0.0
2007-09-25 00:00:00-04:00,19.885487661201243,19.885487661201243,19.551192720212676,19.733535766601562,32600,0.0,0.0
2007-09-26 00:00:00-04:00,19.78419570121534,20.007058441436055,19.510681020825857,19.682893753051758,18050,0.0,0.0
2007-09-27 00:00:00-04:00,19.79432062513235,20.01718330383301,19.34859333555761,20.017183303833008,29750,0.0,0.0
2007-09-28 00:00:00-04:00,20.138753205646154,20.138753205646154,19.632245306858355,19.77406883239746,23100,0.0,0.0
2007-10-01 00:00:00-04:00,19.844973104131725,20.513563156127926,19.62211039752421,20.51356315612793,28450,0.0,0.0
2007-10-02 00:00:00-04:00,20.493302383116244,20.58447392949515,19.96653387785449,20.51356315612793,23400,0.0,0.0
2007-10-03 00:00:00-04:00,20.310959578564518,20.310959578564518,19.976664547822875,20.209659576416016,22400,0.0,0.0
2007-10-04 00:00:00-04:00,20.25018842147103,20.392010034864338,20.077975634275774,20.300840377807617,13200,0.0,0.0
2007-10-05 00:00:00-04:00,20.665507860442904,20.88837242126465,20.27043258578325,20.88837242126465,30400,0.0,0.0
2007-10-08 00:00:00-04:00,20.888375758847005,21.020066894051077,20.462909267319038,20.473037719726562,16050,0.0,0.0
2007-10-09 00:00:00-04:00,20.493306170227513,20.857992423136235,20.260313034057617,20.260313034057617,26350,0.0,0.0
2007-10-10 00:00:00-04:00,20.26031186086023,20.797210820755634,20.26031186086023,20.624998092651367,15400,0.0,0.0
2007-10-11 00:00:00-04:00,20.695916026316766,21.111252408406493,19.80446091438669,20.04758644104004,45000,0.0,0.0
2007-10-12 00:00:00-04:00,20.027314682619497,20.331218526121834,19.83484121790881,20.037445068359375,23700,0.0,0.0
2007-10-15 00:00:00-04:00,19.834844645161194,20.027318143129275,18.862350632178174,18.943391799926758,74050,0.0,0.0
2007-10-16 00:00:00-04:00,18.568576221448968,18.882610522371962,18.23428114442153,18.750919342041016,598450,0.0,0.0
2007-10-17 00:00:00-04:00,18.831954117343948,18.862345271177176,18.639480674080108,18.680002212524414,107800,0.0,0.0
2007-10-18 00:00:00-04:00,18.639484752739538,18.81169746446451,18.639484752739538,18.80156707763672,54700,0.0,0.0
2007-10-19 00:00:00-04:00,18.730400085449215,18.801579362565743,18.608377082185285,18.73040008544922,84150,0.14,0.0
2007-10-22 00:00:00-04:00,18.608368181547785,18.832076590613887,18.557526419208532,18.750728607177734,49250,0.0,0.0
2007-10-23 00:00:00-04:00,18.842246483194348,19.11679473189958,18.760898494783717,19.055784225463867,57350,0.0,0.0
2007-10-24 00:00:00-04:00,18.87274296635529,19.574370288587332,18.811732485135877,19.472684860229492,135900,0.0,0.0
2007-10-25 00:00:00-04:00,19.482868323663656,19.523543301547356,18.974442737055544,19.218486785888672,55900,0.0,0.0
2007-10-26 00:00:00-04:00,19.533714161260647,19.533714161260647,19.086300948605803,19.360851287841797,28050,0.0,0.0
2007-10-29 00:00:00-04:00,19.52354058917974,19.80825763685169,19.177811083158574,19.259159088134766,55800,0.0,0.0
2007-10-30 00:00:00-04:00,19.27949625093745,19.421856726196747,18.81174566798578,18.91343116760254,58050,0.0,0.0
2007-10-31 00:00:00-04:00,19.1574675527161,19.1574675527161,18.98460285424564,19.14729881286621,46200,0.0,0.0
2007-11-01 00:00:00-04:00,18.943928855658026,19.116793562895964,18.710053645715202,18.750728607177734,61050,0.0,0.0
2007-11-02 00:00:00-04:00,18.638879114222256,19.177810852899704,18.628710371286143,18.882923126220703,32750,0.0,0.0
2007-11-05 00:00:00-05:00,18.618535824950726,18.79140052200386,18.567694065606954,18.679548263549805,33000,0.0,0.0
2007-11-06 00:00:00-05:00,18.76089778164966,18.88291878988286,18.557526848609047,18.832077026367188,32050,0.0,0.0
2007-11-07 00:00:00-05:00,18.567688379547885,18.710046813706473,18.384654998779297,18.384654998779297,58200,0.0,0.0
2007-11-08 00:00:00-05:00,18.496524035270067,18.974443405296746,18.364332291982205,18.771072387695312,46300,0.0,0.0
2007-11-09 00:00:00-05:00,18.527019765473817,19.289657819687175,18.506684224706333,19.19814109802246,39200,0.0,0.0
2007-11-12 00:00:00-05:00,19.30998082758955,19.523520331260915,19.106611995912562,19.42183494567871,99700,0.0,0.0
2007-11-13 00:00:00-05:00,19.828584141468454,20.143807243737623,19.584540261696674,20.072628021240234,109750,0.0,0.0
2007-11-14 00:00:00-05:00,20.092969004284505,20.255664952538737,19.82858760349921,19.930273056030273,92250,0.0,0.0
2007-11-15 00:00:00-05:00,19.798079939210723,20.07263005913611,19.330329607031366,20.011619567871094,93450,0.0,0.0
2007-11-16 00:00:00-05:00,20.05230204066557,20.286179256561073,19.828595507514944,20.276010513305664,62050,0.0,0.0
2007-11-19 00:00:00-05:00,20.21477471393234,20.255592963176944,19.39842919225277,19.908645629882812,49750,0.14,0.0
2007-11-20 00:00:00-05:00,19.79640704362474,19.990289929432528,18.826996507230184,19.429052352905273,53400,0.0,0.0
2007-11-21 00:00:00-05:00,19.398437671341114,19.837224310908695,19.163738474560997,19.78620147705078,29950,0.0,0.0
2007-11-23 00:00:00-05:00,19.867840451385888,20.020907040432064,19.490281129089066,19.91886329650879,8650,0.0,0.0
2007-11-26 00:00:00-05:00,19.898448536830227,19.95967398735801,19.04128444415332,19.52088737487793,54350,0.0,0.0
2007-11-27 00:00:00-05:00,19.745376064362663,19.857622354521133,19.59231152591296,19.84741973876953,110550,0.0,0.0
2007-11-28 00:00:00-05:00,20.153552178466608,20.347434997558594,19.775991104058168,20.347434997558594,47650,0.0,0.0
2007-11-29 00:00:00-05:00,20.408659130055202,20.408659130055202,19.796398966889264,20.082120895385742,41950,0.0,0.0
2007-11-30 00:00:00-05:00,20.408649684805532,20.459670530489344,19.908638001086256,19.990272521972656,46700,0.0,0.0
2007-12-03 00:00:00-05:00,20.367840015601907,20.51070194696499,19.857623558942684,19.878032684326172,47250,0.0,0.0
2007-12-04 00:00:00-05:00,20.388251054587432,20.388251054587432,18.959645231119676,19.000463485717773,82000,0.0,0.0
2007-12-05 00:00:00-05:00,19.23516946709748,19.500482377591773,19.184146630662696,19.429052352905273,60450,0.0,0.0
2007-12-06 00:00:00-05:00,19.58211220878844,19.58211220878844,19.194346531445934,19.388229370117188,53850,0.0,0.0
2007-12-07 00:00:00-05:00,19.58211675487108,19.58211675487108,19.29639471293547,19.439254760742188,30050,0.0,0.0
2007-12-10 00:00:00-05:00,19.79640332934165,20.061716190056845,19.714768752684808,19.898447036743164,63550,0.0,0.0
2007-12-11 00:00:00-05:00,20.0413058449077,20.153554110879853,19.13312099134163,19.15353012084961,68050,0.0,0.0
2007-12-12 00:00:00-05:00,19.79639891752292,19.89844260218301,18.980053332885,19.204547882080078,47300,0.0,0.0
2007-12-13 00:00:00-05:00,19.327007293701172,19.949470284707232,18.9698552485732,19.327007293701172,34750,0.0,0.0
2007-12-14 00:00:00-05:00,19.092310115370474,19.510689646785547,18.92904090881348,18.929040908813477,37750,0.0,0.0
2007-12-17 00:00:00-05:00,19.10250962959407,19.429049902628783,18.89842414855957,18.89842414855957,41800,0.0,0.0
2007-12-18 00:00:00-05:00,19.20570388560274,19.77931369461528,19.01108553919117,19.68712615966797,58200,0.14,0.0
2007-12-19 00:00:00-05:00,19.61542607219777,19.943203120865515,19.25691919257793,19.820287704467773,43300,0.0,0.0
2007-12-20 00:00:00-05:00,20.045647990748485,20.1071057420346,19.052072871178378,19.717870712280273,47600,0.0,0.0
2007-12-21 00:00:00-05:00,20.03539270392325,20.03539270392325,19.47202608826699,19.96369171142578,105100,0.0,0.0
2007-12-24 00:00:00-05:00,19.871507371726178,20.014911333583537,19.8100496473335,19.9227237701416,32500,0.0,0.0
2007-12-26 00:00:00-05:00,19.871511474840855,20.0251567944005,19.769080610565677,20.014915466308594,40000,0.0,0.0
2007-12-27 00:00:00-05:00,19.881768942338642,20.01492974701886,19.052082061767578,19.052082061767578,39700,0.0,0.0
2007-12-28 00:00:00-05:00,19.338870764547433,19.338870764547433,18.109706367437713,18.21213722229004,89450,0.0,0.0
2007-12-31 00:00:00-05:00,18.427229834519345,18.929138590279994,17.413169047937018,17.423412322998047,228750,0.0,0.0
2008-01-02 00:00:00-05:00,17.454147165591177,20.35292841518412,17.44390388758559,19.144248962402344,176150,0.0,0.0
2008-01-03 00:00:00-05:00,19.226194544590566,20.168554694643166,19.031576156616214,19.03157615661621,79900,0.0,0.0
2008-01-04 00:00:00-05:00,18.929149365849405,18.970122489417793,17.659011840820312,17.659011840820312,73900,0.0,0.0
2008-01-07 00:00:00-05:00,17.771669806200975,18.34527933827949,17.464377520166412,17.669239044189453,65550,0.0,0.0
2008-01-08 00:00:00-05:00,17.792164082621532,18.355530587992973,16.798587799072266,16.798587799072266,56200,0.0,0.0
2008-01-09 00:00:00-05:00,16.829323544304245,17.20831512191086,16.296684726024107,17.157100677490234,69500,0.0,0.0
2008-01-10 00:00:00-05:00,17.095643984695915,18.949634727182605,17.095643984695915,18.201892852783203,57350,0.0,0.0
2008-01-11 00:00:00-05:00,18.099469005233114,18.21214317778651,17.372211456298828,17.372211456298828,45800,0.0,0.0
2008-01-14 00:00:00-05:00,17.361955207858735,18.181397703137872,16.97271855732238,17.730703353881836,39700,0.0,0.0
2008-01-15 00:00:00-05:00,17.515608107840528,17.76144096416213,17.36196281685276,17.464391708374023,52400,0.0,0.0
2008-01-16 00:00:00-05:00,17.413177857411043,18.5501565662279,17.392691296924664,18.201892852783203,40700,0.0,0.0
2008-01-17 00:00:00-05:00,18.242866451610496,18.539915757138374,18.099464416503903,18.099464416503906,37150,0.0,0.0
2008-01-18 00:00:00-05:00,17.91435250951762,18.52109594624769,16.875690049377607,17.533851623535156,46950,0.14,0.0
2008-01-22 00:00:00-05:00,16.52603577241528,18.51080582156345,16.412914534349106,18.006900787353516,43850,0.0,0.0
2008-01-23 00:00:00-05:00,17.585274344858203,19.456923071587138,16.505475644569316,19.374652862548828,48950,0.0,0.0
2008-01-24 00:00:00-05:00,19.528909259311096,19.65231555360681,19.035288005081235,19.374652862548828,48350,0.0,0.0
2008-01-25 00:00:00-05:00,19.652302584193052,20.403017991422274,19.31293795068702,19.765422821044922,48750,0.0,0.0
2008-01-28 00:00:00-05:00,19.847716055940886,19.847716055940886,18.685648523664504,18.9427433013916,54150,0.0,0.0
2008-01-29 00:00:00-05:00,19.0969911155682,19.405505885820954,18.541667667475807,18.87074851989746,28500,0.0,0.0
2008-01-30 00:00:00-05:00,18.76791243680666,19.28210181863698,17.73953367314602,17.7703857421875,111800,0.0,0.0
2008-01-31 00:00:00-05:00,16.659731962516062,17.173921196402652,16.659731962516062,17.019662857055664,769200,0.0,0.0
2008-02-01 00:00:00-05:00,17.143066357019748,17.420728969058402,16.978525985769277,17.379592895507812,147850,0.0,0.0
2008-02-04 00:00:00-05:00,17.482431411743164,17.574985617311647,17.225336832158707,17.482431411743164,105950,0.0,0.0
2008-02-05 00:00:00-05:00,17.482436063987027,17.52357214917572,17.35902976989746,17.35902976989746,77150,0.0,0.0
2008-02-06 00:00:00-05:00,17.616119730077653,17.68810786000112,17.379593187614187,17.482431411743164,125750,0.0,0.0
2008-02-07 00:00:00-05:00,17.379588496410054,17.57498087336602,17.338454394747217,17.554412841796875,95400,0.0,0.0
2008-02-08 00:00:00-05:00,17.54413765882702,17.636691886010297,17.482435494530314,17.58527374267578,68000,0.0,0.0
2008-02-11 00:00:00-05:00,17.63668432970798,17.63668432970798,17.482428004317942,17.492712020874023,69900,0.0,0.0
2008-02-12 00:00:00-05:00,17.657255804319636,17.657255804319636,17.47214739318267,17.482431411743164,107850,0.0,0.0
2008-02-13 00:00:00-05:00,17.63669269315402,17.63669269315402,17.48243629461449,17.60584259033203,48400,0.0,0.0
2008-02-14 00:00:00-05:00,17.626401005144068,17.636685022103887,17.46186065673828,17.46186065673828,38750,0.0,0.0
2008-02-15 00:00:00-05:00,17.43100988301313,17.544130142178837,17.43100988301313,17.492712020874023,45450,0.0,0.0
2008-02-19 00:00:00-05:00,17.70955900856363,17.70955900856363,17.451402165961884,17.492708206176758,73400,0.14,0.0
2008-02-20 00:00:00-05:00,17.55467769955382,17.709571520633528,17.55467769955382,17.57533073425293,77200,0.0,0.0
2008-02-21 00:00:00-05:00,17.678593938166664,17.699245003283973,17.55467769955382,17.57533073425293,241050,0.0,0.0
2008-02-22 00:00:00-05:00,17.657939779694356,17.71989691026685,17.5340235489677,17.66826629638672,84750,0.0,0.0
2008-02-25 00:00:00-05:00,17.647618873320944,18.10197590432019,17.606312793419967,17.988386154174805,74950,0.0,0.0
2008-02-26 00:00:00-05:00,17.905760937959293,18.484031784228733,17.657930575272392,18.30848503112793,60800,0.0,0.0
2008-02-27 00:00:00-05:00,18.174245964998914,18.380770301103635,17.957393147071013,18.329139709472656,45600,0.0,0.0
2008-02-28 00:00:00-05:00,18.205231932906337,18.277517551958876,17.296520101644838,17.306846618652344,83100,0.0,0.0
2008-02-29 00:00:00-05:00,17.317176480568882,17.885121238611294,17.29652344256462,17.348154067993164,185600,0.0,0.0
2008-03-03 00:00:00-05:00,17.368802616993722,17.451412778077888,16.635637683569467,16.924772262573242,96950,0.0,0.0
2008-03-04 00:00:00-05:00,16.80085776764067,17.957400006428774,16.78020473526692,17.420434951782227,66800,0.0,0.0
2008-03-05 00:00:00-05:00,17.544355868662095,17.761208851765,17.410115046423016,17.5030517578125,30800,0.0,0.0
2008-03-06 00:00:00-05:00,17.430763500120687,17.482396092908814,16.780208587646484,16.780208587646484,47450,0.0,0.0
2008-03-07 00:00:00-05:00,16.780208587646484,17.399785914029835,16.718251445882757,16.780208587646484,36950,0.0,0.0
2008-03-10 00:00:00-04:00,17.193259482041377,17.348153321241707,16.780208587646484,16.780208587646484,108650,0.0,0.0
2008-03-11 00:00:00-04:00,17.213913312615134,18.040015139483277,17.059019466275124,17.967731475830078,82900,0.0,0.0
2008-03-12 00:00:00-04:00,18.0193591878874,18.318820280382102,17.554675805210945,17.895442962646484,68450,0.0,0.0
2008-03-13 00:00:00-04:00,17.89545234238178,18.380787042330745,17.61664216664014,18.215566635131836,50200,0.0,0.0
2008-03-14 00:00:00-04:00,18.308503926187388,18.370463057988733,17.05902431193374,17.25522232055664,59150,0.0,0.0
2008-03-17 00:00:00-04:00,16.78021174758228,17.75088300938703,16.78021174758228,17.296525955200195,70450,0.0,0.0
2008-03-18 00:00:00-04:00,17.81500522190802,18.468290328979492,17.389851013940532,18.468290328979492,72600,0.14,0.0
2008-03-19 00:00:00-04:00,18.789756543642582,18.820864144828466,18.281643308656836,18.29201316833496,71050,0.0,0.0
2008-03-20 00:00:00-04:00,18.31274909971586,18.75864308440008,17.6698337554464,18.634206771850586,158800,0.0,0.0
2008-03-24 00:00:00-04:00,18.67567253112793,18.945282696086654,18.343845244362313,18.67567253112793,114300,0.0,0.0
2008-03-25 00:00:00-04:00,18.706788214083577,18.851962205178005,18.25052455626885,18.39569854736328,49650,0.0,0.0
2008-03-26 00:00:00-04:00,18.343848198649283,18.42680503370093,18.022388732208054,18.27126121520996,71700,0.0,0.0
2008-03-27 00:00:00-04:00,18.540864570378044,19.235628622938346,18.426800188329878,18.91417121887207,85300,0.0,0.0
2008-03-28 00:00:00-04:00,18.986763118265753,19.059350101484977,18.665305630646216,18.893436431884766,63150,0.0,0.0
2008-03-31 00:00:00-04:00,19.08008525264587,19.494869327689948,18.86232435494016,19.40154266357422,89350,0.0,0.0
2008-04-01 00:00:00-04:00,19.443033318680786,19.8992970543565,19.100836011385912,19.640056610107422,54850,0.0,0.0
2008-04-02 00:00:00-04:00,19.847439589628582,19.847439589628582,19.411915743875912,19.48450469970703,28650,0.0,0.0
2008-04-03 00:00:00-04:00,19.48450707997087,19.640050905774032,19.411918115272144,19.494874954223633,44850,0.0,0.0
2008-04-04 00:00:00-04:00,19.47413722787105,19.702268040525887,19.42228796737196,19.494874954223633,37900,0.0,0.0
2008-04-07 00:00:00-04:00,19.70226235413523,19.816328716464778,19.28747827909115,19.40154266357422,46850,0.0,0.0
2008-04-08 00:00:00-04:00,19.443038750193722,20.054846527761004,19.443038750193722,20.02373695373535,45550,0.0,0.0
2008-04-09 00:00:00-04:00,20.106691102664985,20.106691102664985,17.638722590211948,18.883075714111328,99500,0.0,0.0
2008-04-10 00:00:00-04:00,18.955661656646143,19.00750895343003,18.509767784053384,18.61346435546875,50500,0.0,0.0
2008-04-11 00:00:00-04:00,18.540865345559897,18.86232474091263,17.66981975906671,17.6905574798584,48300,0.0,0.0
2008-04-14 00:00:00-04:00,17.939430997180544,18.55123836668623,17.835736441953294,18.198671340942383,28000,0.0,0.0
2008-04-15 00:00:00-04:00,18.354225868351403,18.613466335543666,18.219419717816656,18.468290328979492,34550,0.0,0.0
2008-04-16 00:00:00-04:00,19.31858948568729,20.1066803655686,19.235632655060147,19.878549575805664,236700,0.0,0.0
2008-04-17 00:00:00-04:00,20.220745438023616,20.220745438023616,19.567460686432334,19.7022647857666,110550,0.0,0.0
2008-04-18 00:00:00-04:00,20.12900082342817,20.12900082342817,19.254731762946342,19.806354522705078,126700,0.14,0.0
2008-04-21 00:00:00-04:00,19.868796902170768,19.900021498562637,19.358807072069215,19.754308700561523,60500,0.0,0.0
2008-04-22 00:00:00-04:00,19.702269017065536,20.004098831207532,19.25472640991211,19.25472640991211,53900,0.0,0.0
2008-04-23 00:00:00-04:00,19.546150696083973,19.879205117225865,19.254727085004347,19.47329330444336,43450,0.0,0.0
2008-04-24 00:00:00-04:00,19.67103937558046,20.004093699607502,19.36920963886609,19.66063117980957,36100,0.0,0.0
2008-04-25 00:00:00-04:00,19.847989104981533,19.847989104981533,18.99453628540039,19.514934539794922,104150,0.0,0.0
2008-04-28 00:00:00-04:00,19.77511778616391,19.82715677574763,19.109009190723338,19.494102478027344,109050,0.0,0.0
2008-04-29 00:00:00-04:00,19.671045947534594,19.71267874452737,19.171464294587416,19.32758331298828,81300,0.0,0.0
2008-04-30 00:00:00-04:00,19.556560314429458,19.983286570637134,19.379624892209613,19.546152114868164,71050,0.0,0.0
2008-05-01 00:00:00-04:00,19.58777768199974,20.149808396821424,19.46288329103529,19.56696128845215,74500,0.0,0.0
2008-05-02 00:00:00-04:00,19.993685503836613,19.993685503836613,19.56695940303192,19.66063117980957,99650,0.0,0.0
2008-05-05 00:00:00-04:00,20.347567791682387,20.347567791682387,19.671050563101613,19.83757781982422,157300,0.0,0.0
2008-05-06 00:00:00-04:00,19.25472158799851,19.306760582010032,18.68228471323027,18.744731903076172,145600,0.0,0.0
2008-05-07 00:00:00-04:00,18.75515009858604,19.285956458186938,18.55739824261831,18.578214645385742,81050,0.0,0.0
2008-05-08 00:00:00-04:00,18.723929489534466,18.78637672599961,18.474138558512035,18.68229866027832,62150,0.0,0.0
2008-05-09 00:00:00-04:00,18.90086682778566,19.067394131409685,18.328429469723318,18.484548568725586,85650,0.0,0.0
2008-05-12 00:00:00-04:00,18.609438991478694,19.50452454193493,18.609438991478694,19.233917236328125,89700,0.0,0.0
2008-05-13 00:00:00-04:00,19.358805590806803,19.358805590806803,19.077790200265035,19.213092803955078,63350,0.0,0.0
2008-05-14 00:00:00-04:00,19.30676541695563,19.46288640840794,19.12983001378244,19.25472640991211,65150,0.0,0.0
2008-05-15 00:00:00-04:00,19.764714892119112,19.764714892119112,19.254725113810448,19.28594970703125,71150,0.0,0.0
2008-05-16 00:00:00-04:00,19.35880662264329,19.35880662264329,18.89044761344318,18.984119415283203,76500,0.0,0.0
2008-05-19 00:00:00-04:00,19.025907677889748,19.328902237072974,18.80649947390884,19.03635597229004,88150,0.14,0.0
2008-05-20 00:00:00-04:00,19.308015745446696,19.3289123451752,18.806509308819116,18.942333221435547,44300,0.0,0.0
2008-05-21 00:00:00-04:00,19.02591218762065,19.224425842663262,18.670680057851737,18.848297119140625,49400,0.0,0.0
2008-05-22 00:00:00-04:00,19.109490164345413,19.109490164345413,18.660223560129655,18.806495666503906,39050,0.0,0.0
2008-05-23 00:00:00-04:00,18.806498589748205,19.01546048231317,18.545297220446145,18.984115600585938,38250,0.0,0.0
2008-05-27 00:00:00-04:00,19.172189911955094,19.22442941323302,18.53485763375642,18.827404022216797,52650,0.0,0.0
2008-05-28 00:00:00-04:00,18.858744221559842,19.161738865388923,18.607991064326608,18.77515983581543,32900,0.0,0.0
2008-05-29 00:00:00-04:00,18.785607562100058,18.806504156103195,18.46171832628699,18.503509521484375,73900,0.0,0.0
2008-05-30 00:00:00-04:00,18.503514428448927,18.60799543336314,18.26320951211283,18.57665252685547,58300,0.0,0.0
2008-06-02 00:00:00-04:00,18.576645177632518,18.681124148403732,18.106481837927536,18.357234954833984,73350,0.0,0.0
2008-06-03 00:00:00-04:00,18.378133191984674,18.430372682048645,17.991554189961352,18.106483459472656,68700,0.0,0.0
2008-06-04 00:00:00-04:00,18.12738659431874,18.858749683188055,18.096041693283524,18.639341354370117,47700,0.0,0.0
2008-06-05 00:00:00-04:00,18.618432770733566,19.067699432373047,18.075133459318,19.067699432373047,36300,0.0,0.0
2008-06-06 00:00:00-04:00,19.015469415312094,19.22442941323302,18.346792240661124,18.827404022216797,52900,0.0,0.0
2008-06-09 00:00:00-04:00,19.109497129673077,19.109497129673077,18.20051529763666,18.40947723388672,50750,0.0,0.0
2008-06-10 00:00:00-04:00,18.3572352132653,18.555748847580794,18.231859649451366,18.493061065673828,31450,0.0,0.0
2008-06-11 00:00:00-04:00,18.493062551713678,18.639334718853423,18.190067927999845,18.231861114501953,27550,0.0,0.0
2008-06-12 00:00:00-04:00,18.399025535824684,18.660226911436922,18.179615344050063,18.200511932373047,34200,0.0,0.0
2008-06-13 00:00:00-04:00,18.315438253562114,18.618430764676944,18.148269559262616,18.5975341796875,41050,0.0,0.0
2008-06-16 00:00:00-04:00,18.597547297152907,19.015471320485325,18.47217168440073,18.942333221435547,30750,0.0,0.0
2008-06-17 00:00:00-04:00,19.015472293705844,19.015472293705844,18.210971098268473,18.284107208251953,31500,0.0,0.0
2008-06-18 00:00:00-04:00,18.21066941633207,18.672228705094973,18.05331756704139,18.378509521484375,31700,0.14,0.0
2008-06-19 00:00:00-04:00,18.357535121725764,18.640766143798828,18.357535121725764,18.640766143798828,23150,0.0,0.0
2008-06-20 00:00:00-04:00,18.567330939467144,18.567330939467144,18.074298858642578,18.074298858642578,77900,0.0,0.0
2008-06-23 00:00:00-04:00,18.116254969532626,18.2526242735192,17.539302989130555,17.549793243408203,53600,0.0,0.0
2008-06-24 00:00:00-04:00,17.455382917673678,17.507834188947587,16.794512906113756,17.203622817993164,98300,0.0,0.0
2008-06-25 00:00:00-04:00,17.1721614451268,17.81205122351821,17.130200410052073,17.308530807495117,73950,0.0,0.0
2008-06-26 00:00:00-04:00,17.14069344013458,17.14069344013458,16.259531569221444,16.532272338867188,80900,0.0,0.0
2008-06-27 00:00:00-04:00,16.437850542666464,16.616180844693027,15.535709779783428,16.18609046936035,182250,0.0,0.0
2008-06-30 00:00:00-04:00,16.018264304812142,16.16512397466637,15.745523488787908,15.986793518066406,74750,0.0,0.0
2008-07-01 00:00:00-04:00,15.923850434671378,16.102180851955,14.476227576937049,14.937788009643555,128550,0.0,0.0
2008-07-02 00:00:00-04:00,14.874841708207164,15.378361952009357,14.864351453026503,14.99023151397705,83850,0.0,0.0
2008-07-03 00:00:00-04:00,14.832884309425935,15.200034301986307,14.686023712158203,14.686023712158203,85350,0.0,0.0
2008-07-07 00:00:00-04:00,14.68601504410882,15.116105324621433,14.287394515720079,14.45523452758789,135150,0.0,0.0
2008-07-08 00:00:00-04:00,14.37132500806394,14.811905860900879,13.899274380140394,14.811905860900879,98700,0.0,0.0
2008-07-09 00:00:00-04:00,14.790925098539544,14.948274961125826,14.203483677432438,14.444754600524902,52550,0.0,0.0
2008-07-10 00:00:00-04:00,14.392304790052817,15.147585355996325,14.371324274129133,15.000725746154785,46650,0.0,0.0
2008-07-11 00:00:00-04:00,14.707012805215532,15.168573379516602,14.58113164818141,15.168573379516602,49050,0.0,0.0
2008-07-14 00:00:00-04:00,15.21051634692745,15.60913689537834,14.266415732452748,14.329355239868164,41300,0.0,0.0
2008-07-15 00:00:00-04:00,14.203476279459805,14.266416791954962,11.07745316792339,13.54260540008545,145800,0.0,0.0
2008-07-16 00:00:00-04:00,13.458693106421352,14.665044784545897,12.955172719157359,14.665044784545898,68500,0.0,0.0
2008-07-17 00:00:00-04:00,14.686021301616849,16.15462303161621,14.686021301616849,16.15462303161621,70850,0.0,0.0
2008-07-18 00:00:00-04:00,16.154632428498893,16.259533041834576,15.609151840209961,15.609151840209961,51500,0.0,0.0
2008-07-21 00:00:00-04:00,16.072896371504882,16.431243074379704,15.756708045136806,16.209911346435547,36150,0.14,0.0
2008-07-22 00:00:00-04:00,15.830477772526043,17.221704483032227,15.556447964355291,17.221704483032227,60650,0.0,0.0
2008-07-23 00:00:00-04:00,17.126838774556106,17.495724934830886,16.810650780768285,17.45356559753418,39300,0.0,0.0
2008-07-24 00:00:00-04:00,17.63274465878624,17.643284496636067,16.96875095639537,17.021448135375977,53400,0.0,0.0
2008-07-25 00:00:00-04:00,17.242782753234376,17.253322592333344,16.810658396386117,16.916053771972656,26550,0.0,0.0
2008-07-28 00:00:00-04:00,16.968746356735657,16.968746356735657,16.157197154699592,16.27313232421875,28100,0.0,0.0
2008-07-29 00:00:00-04:00,16.241524631980802,17.39034127717318,16.241524631980802,17.3060245513916,45100,0.0,0.0
2008-07-30 00:00:00-04:00,17.453573280273794,17.632746522117834,16.7052628062755,17.126846313476562,39100,0.0,0.0
2008-07-31 00:00:00-04:00,17.274391467615498,17.421947129626613,16.92658499545773,17.400867462158203,29750,0.0,0.0
2008-08-01 00:00:00-04:00,17.506272880722424,17.506272880722424,16.526089947350588,16.652565002441406,47100,0.0,0.0
2008-08-04 00:00:00-04:00,16.757969639462054,16.757969639462054,15.809405699543428,15.946420669555664,39750,0.0,0.0
2008-08-05 00:00:00-04:00,15.819942956898156,18.591857418295678,15.34566106451741,15.735626220703125,106150,0.0,0.0
2008-08-06 00:00:00-04:00,15.809398538907939,15.988571802759655,14.976770256064167,15.303498268127441,48600,0.0,0.0
2008-08-07 00:00:00-04:00,15.282416361323873,15.46158959907428,14.302233473058042,14.344391822814941,72050,0.0,0.0
2008-08-08 00:00:00-04:00,14.238997487381,15.208640607499884,14.112522428904766,15.071625709533691,107800,0.0,0.0
2008-08-11 00:00:00-04:00,15.134865560483414,15.314038844710089,15.018930319862754,15.292960166931152,64600,0.0,0.0
2008-08-12 00:00:00-04:00,15.282424599594059,15.661849951942317,15.177028165818767,15.377281188964844,54500,0.0,0.0
2008-08-13 00:00:00-04:00,15.29296285311182,16.02019495407766,15.29296285311182,15.735626220703125,40650,0.0,0.0
2008-08-14 00:00:00-04:00,15.545917680892497,18.655102021179058,15.545917680892497,16.188833236694336,133300,0.0,0.0
2008-08-15 00:00:00-04:00,16.367988828886237,16.905509357046657,15.81993047600096,16.27313232421875,57350,0.0,0.0
2008-08-18 00:00:00-04:00,16.304763318518106,16.863361900018504,16.199366904589112,16.389080047607422,61800,0.0,0.0
2008-08-19 00:00:00-04:00,16.39966449692191,16.56906048503611,16.23026850880771,16.431427001953125,42900,0.14,0.0
2008-08-20 00:00:00-04:00,16.484363833474482,16.939616345867204,16.156159332194,16.39966583251953,25900,0.0,0.0
2008-08-21 00:00:00-04:00,16.632588512703855,16.664350015745818,15.880892876177583,16.187923431396484,32100,0.0,0.0
2008-08-22 00:00:00-04:00,16.283204608260103,16.674933073589205,16.060872126891724,16.558473587036133,35600,0.0,0.0
2008-08-25 00:00:00-04:00,16.389076113380863,16.558473102059875,15.891475677490234,15.891475677490234,53700,0.0,0.0
2008-08-26 00:00:00-04:00,16.15615710146561,16.780805529521178,15.912649625082063,16.727869033813477,33050,0.0,0.0
2008-08-27 00:00:00-04:00,16.727875012676996,16.89727105174329,16.41025693458768,16.590240478515625,34900,0.0,0.0
2008-08-28 00:00:00-04:00,16.844328533330277,16.844328533330277,16.399663584432133,16.579647064208984,45300,0.0,0.0
2008-08-29 00:00:00-04:00,16.844328533330277,16.844328533330277,16.52671056844879,16.579647064208984,27750,0.0,0.0
2008-09-02 00:00:00-04:00,16.865511141743227,16.876097637925966,16.547893033618017,16.62200355529785,38050,0.0,0.0
2008-09-03 00:00:00-04:00,16.569060789128997,16.854917281577848,16.569060789128997,16.791393280029297,21800,0.0,0.0
2008-09-04 00:00:00-04:00,16.84433274632255,16.8549202500586,16.547889709472656,16.547889709472656,26400,0.0,0.0
2008-09-05 00:00:00-04:00,16.54788515120259,17.64895999445217,16.54788515120259,17.543087005615234,34250,0.0,0.0
2008-09-08 00:00:00-04:00,16.98195980608971,18.114795889187633,16.98195980608971,17.733654022216797,38950,0.0,0.0
2008-09-09 00:00:00-04:00,16.738461686077443,18.273614475959057,16.738461686077443,17.44780731201172,41700,0.0,0.0
2008-09-10 00:00:00-04:00,17.924231447454307,18.146562937471508,17.46897894577004,17.96657943725586,30500,0.0,0.0
2008-09-11 00:00:00-04:00,17.733655066498926,18.31595338034187,17.468973647595956,18.178319931030273,44400,0.0,0.0
2008-09-12 00:00:00-04:00,17.818359661380008,18.474770712710864,17.744249159643886,17.9348201751709,24200,0.0,0.0
2008-09-15 00:00:00-04:00,17.013726348567772,17.69131033646517,16.801981352349838,16.823156356811523,40100,0.0,0.0
2008-09-16 00:00:00-04:00,16.55847343458286,18.781797218116868,16.54788593326287,18.771209716796875,78050,0.0,0.0
2008-09-17 00:00:00-04:00,18.12538574160041,18.12538574160041,16.5161221157927,16.97137451171875,86350,0.0,0.0
2008-09-18 00:00:00-04:00,17.428622700961853,18.959875106811523,16.067510240068383,18.959875106811523,112650,0.14,0.0
2008-09-19 00:00:00-04:00,19.90627796917548,20.352893277532775,18.183620371380577,19.83184242248535,220700,0.0,0.0
2008-09-22 00:00:00-04:00,19.417129312484985,19.417129312484985,18.077283361154596,19.06621742248535,56300,0.0,0.0
2008-09-23 00:00:00-04:00,18.88544259049315,19.140651027473496,18.353757839729994,19.023679733276367,28300,0.0,0.0
2008-09-24 00:00:00-04:00,19.087476366876864,19.140644011177216,18.491988203991657,18.513256072998047,21000,0.0,0.0
2008-09-25 00:00:00-04:00,18.449456912955966,19.130012584657727,18.13044492068385,18.94923973083496,34850,0.0,0.0
2008-09-26 00:00:00-04:00,18.406921817575384,18.704665948538054,16.801234962528035,17.54559326171875,66300,0.0,0.0
2008-09-29 00:00:00-04:00,17.109618863268857,17.907146148897112,14.887175998394108,15.918644905090332,66900,0.0,0.0
2008-09-30 00:00:00-04:00,16.982011704513294,16.992644629107623,15.748503210048437,16.205751419067383,42050,0.0,0.0
2008-10-01 00:00:00-04:00,16.003706325044796,16.833133999588554,16.003706325044796,16.354618072509766,23400,0.0,0.0
2008-10-02 00:00:00-04:00,16.25891560345377,17.003273867003188,16.003707229798184,16.131311416625977,26150,0.0,0.0
2008-10-03 00:00:00-04:00,16.163224004134875,16.822513290883485,14.993517597622954,15.08922004699707,39050,0.0,0.0
2008-10-06 00:00:00-04:00,14.8659054824931,14.8659054824931,10.644329195627959,13.090079307556152,155300,0.0,0.0
2008-10-07 00:00:00-04:00,12.760440439172404,13.451630557317433,11.250454906074975,11.271722793579102,85300,0.0,0.0
2008-10-08 00:00:00-04:00,10.718763455747958,11.845935464365157,7.826398914932652,11.005873680114746,188250,0.0,0.0
2008-10-09 00:00:00-04:00,10.931433055712017,11.356781264941706,10.325313049136266,10.495451927185059,86800,0.0,0.0
2008-10-10 00:00:00-04:00,10.24024579706637,11.697061519118131,8.879133467882841,11.675793647766113,114050,0.0,0.0
2008-10-13 00:00:00-04:00,12.654091153715312,13.175142753351953,11.67579155707327,13.164508819580078,70750,0.0,0.0
2008-10-14 00:00:00-04:00,13.536695442831915,14.472460876233592,12.696633442203233,12.78170394897461,65300,0.0,0.0
2008-10-15 00:00:00-04:00,12.76042782721881,13.377181757739105,11.271711653019691,11.378047943115234,36050,0.0,0.0
2008-10-16 00:00:00-04:00,11.42058989989866,13.940775871276857,10.633696595237115,13.940775871276855,52450,0.0,0.0
2008-10-17 00:00:00-04:00,13.292113192468022,14.089639984016102,12.7604286647693,12.866765975952148,50800,0.0,0.0
2008-10-20 00:00:00-04:00,13.036905160569804,13.579223634605247,12.82423154745035,12.973102569580078,28400,0.0,0.0
2008-10-21 00:00:00-04:00,12.801989093563517,13.037279715729456,12.256540704072313,12.406271934509277,35150,0.14,0.0
2008-10-22 00:00:00-04:00,12.085424616738266,12.459751309581257,11.326074900448702,11.78596305847168,32950,0.0,0.0
2008-10-23 00:00:00-04:00,11.903594691374956,12.053325807855822,10.802004464290814,11.187026023864746,37550,0.0,0.0
2008-10-24 00:00:00-04:00,9.818067783474275,10.844793832856947,9.62555633047732,10.384905815124512,46200,0.0,0.0
2008-10-27 00:00:00-04:00,10.3314276260721,10.684364518642735,9.882235031898498,9.914320945739746,39200,0.0,0.0
2008-10-28 00:00:00-04:00,10.374204528391708,11.443710170905494,10.053352631645561,11.433014869689941,93200,0.0,0.0
2008-10-29 00:00:00-04:00,11.614830471568732,11.978462539474718,10.9731277222876,11.347454071044922,61800,0.0,0.0
2008-10-30 00:00:00-04:00,11.764566675748446,12.064028087360386,11.411629757072829,11.657615661621094,47800,0.0,0.0
2008-10-31 00:00:00-04:00,12.192369396652683,12.876853682695279,11.657616335045802,12.737817764282227,66300,0.0,0.0
2008-11-03 00:00:00-05:00,13.32604410564703,13.358128998384414,13.133532709302035,13.208398818969727,47000,0.0,0.0
2008-11-04 00:00:00-05:00,13.443691035457249,13.582726947593143,13.14422962006635,13.43299674987793,35800,0.0,0.0
2008-11-05 00:00:00-05:00,13.197702443321127,13.432994017534641,12.299317359924316,12.299317359924316,37000,0.0,0.0
2008-11-06 00:00:00-05:00,12.2993138935044,12.962407215802484,11.657610151946267,11.732476234436035,33200,0.0,0.0
2008-11-07 00:00:00-05:00,11.85012298053698,11.882207865694,11.379540925046967,11.764562606811523,38700,0.0,0.0
2008-11-10 00:00:00-05:00,11.9784660100669,12.555999161732043,10.812704402826437,11.315372467041016,60900,0.0,0.0
2008-11-11 00:00:00-05:00,11.176331893596695,11.26189224911063,9.95709631754317,10.203082084655762,78000,0.0,0.0
2008-11-12 00:00:00-05:00,10.010574622583391,10.149610508725418,9.550687789916992,9.550687789916992,72650,0.0,0.0
2008-11-13 00:00:00-05:00,9.475819612923747,10.01057243347168,8.791336655396833,10.01057243347168,98200,0.0,0.0
2008-11-14 00:00:00-05:00,9.785979791092434,10.010576098754903,8.791339874267578,8.791339874267578,70050,0.0,0.0
2008-11-17 00:00:00-05:00,8.845271302622054,8.845271302622054,8.338286454680556,8.370647430419922,59900,0.14,0.0
2008-11-18 00:00:00-05:00,8.359865253429938,8.359865253429938,7.2272381423823004,7.701862812042236,134600,0.0,0.0
2008-11-19 00:00:00-05:00,7.561629748673558,7.658711660700295,6.515298416876112,6.547659397125244,112900,0.0,0.0
2008-11-20 00:00:00-05:00,6.493725313939856,6.569233933231854,5.93280553817749,5.93280553817749,88850,0.0,0.0
2008-11-21 00:00:00-05:00,6.116182473570247,6.364281603490815,5.091424974176459,6.331920623779297,163350,0.0,0.0
2008-11-24 00:00:00-05:00,6.580022583219227,6.79576134055986,5.8896596913224,6.159332752227783,140750,0.0,0.0
2008-11-25 00:00:00-05:00,6.3427085897162465,6.472151496193626,5.630771575369884,5.93280553817749,104650,0.0,0.0
2008-11-26 00:00:00-05:00,5.803359666379942,6.3103443815445255,5.533686825165559,6.256410121917725,98050,0.0,0.0
2008-11-28 00:00:00-05:00,6.784973383126878,6.784973383126878,6.12697104692658,6.4721527099609375,59350,0.0,0.0
2008-12-01 00:00:00-05:00,6.731036921105938,6.78497171954238,5.932805196152885,5.9975266456604,156100,0.0,0.0
2008-12-02 00:00:00-05:00,6.450578479322068,7.550844349704607,6.2348402750746885,7.540057182312012,103800,0.0,0.0
2008-12-03 00:00:00-05:00,7.30274276039279,7.993105301721838,6.482937339007098,7.205660343170166,116800,0.0,0.0
2008-12-04 00:00:00-05:00,7.054646771344673,7.399828451926984,6.860482365344911,7.0330729484558105,52800,0.0,0.0
2008-12-05 00:00:00-05:00,6.903627386279124,7.982319149311478,6.903627386279124,7.960745334625244,81600,0.0,0.0
2008-12-08 00:00:00-05:00,8.090187890963623,9.276749193126522,8.090187890963623,9.007076263427734,115600,0.0,0.0
2008-12-09 00:00:00-05:00,9.007079684739002,9.26596554869389,8.295142530142085,8.305929183959961,68300,0.0,0.0
2008-12-10 00:00:00-05:00,8.521672208693385,8.953149380214711,8.316720539361738,8.597180366516113,53400,0.0,0.0
2008-12-11 00:00:00-05:00,8.5540277709956,8.60796257923767,7.540057182312012,7.540057182312012,82150,0.0,0.0
2008-12-12 00:00:00-05:00,7.367467302357309,8.154912592448294,7.011498975147501,8.144125938415527,65150,0.0,0.0
2008-12-15 00:00:00-05:00,8.198057238657533,8.198057238657533,7.10857883310583,7.32431697845459,56800,0.0,0.0
2008-12-16 00:00:00-05:00,7.453762445497467,8.273568710287831,7.453762445497467,8.23042106628418,65250,0.0,0.0
2008-12-17 00:00:00-05:00,8.154910838660411,8.198058474233187,7.669499681286492,8.133337020874023,66300,0.0,0.0
2008-12-18 00:00:00-05:00,8.655953177212837,8.960816653486901,7.926458170824228,8.547073364257812,75800,0.14,0.0
2008-12-19 00:00:00-05:00,8.971713399589511,9.527001750845374,8.590633433391776,9.494338035583496,122300,0.0,0.0
2008-12-22 00:00:00-05:00,8.645071334316752,9.526999197749662,8.187775289755928,8.743062973022461,61800,0.0,0.0
2008-12-23 00:00:00-05:00,8.743063940936606,8.971711988529847,8.002680108222496,8.176888465881348,62150,0.0,0.0
2008-12-24 00:00:00-05:00,8.155111111218414,8.514415519150955,7.861135155041067,8.492639541625977,20750,0.0,0.0
2008-12-26 00:00:00-05:00,8.666850338779092,8.7104023087886,8.046233987372947,8.56885814666748,31200,0.0,0.0
2008-12-29 00:00:00-05:00,8.547085201356573,8.568861194105763,7.806700928703504,7.9809088706970215,55200,0.0,0.0
2008-12-30 00:00:00-05:00,8.078896564833887,8.590632366910656,7.948240681645817,8.514416694641113,67750,0.0,0.0
2008-12-31 00:00:00-05:00,8.6995139887145,8.873721867391202,8.253106040015235,8.808394432067871,71250,0.0,0.0
2009-01-02 00:00:00-05:00,8.873721675024905,9.516113992489982,8.459977972136954,9.298354148864746,55050,0.0,0.0
2009-01-05 00:00:00-05:00,9.777419224847993,9.99517996028579,9.254795951861615,9.929851531982422,66700,0.0,0.0
2009-01-06 00:00:00-05:00,10.136728153415115,11.334407494543795,9.973407535288093,10.474255561828613,116650,0.0,0.0
2009-01-07 00:00:00-05:00,10.517810083484216,11.105762167705047,9.984298218579553,10.180282592773438,63200,0.0,0.0
2009-01-08 00:00:00-05:00,10.212945038694462,10.46336856269508,9.799200877059766,10.365377426147461,31450,0.0,0.0
2009-01-09 00:00:00-05:00,10.354491276551972,10.354491276551972,9.69032241781796,9.722987174987793,46150,0.0,0.0
2009-01-12 00:00:00-05:00,10.191170580937417,10.191170580937417,9.537891014547073,9.570554733276367,41250,0.0,0.0
2009-01-13 00:00:00-05:00,9.570546764682703,10.125834712543346,9.505218343256733,9.766530990600586,29100,0.0,0.0
2009-01-14 00:00:00-05:00,9.581436095625845,10.343595560859232,9.254796028137207,9.254796028137207,48350,0.0,0.0
2009-01-15 00:00:00-05:00,9.363678454900336,9.89719009399414,8.753950125678577,9.89719009399414,61700,0.0,0.0
2009-01-16 00:00:00-05:00,9.87541030849716,10.14761016077865,9.341898847231853,9.766530990600586,60050,0.0,0.0
2009-01-20 00:00:00-05:00,9.50316857405687,9.865298477020056,8.285095359228656,8.383857727050781,105800,0.14,0.0
2009-01-21 00:00:00-05:00,8.504569351276459,9.569012517947838,8.504569351276459,9.536090850830078,45200,0.0,0.0
2009-01-22 00:00:00-05:00,9.28369766542256,9.327592174973091,8.70209462898227,8.888647079467773,42600,0.0,0.0
2009-01-23 00:00:00-05:00,8.66917019789799,9.590955016550394,8.581381217384772,8.866695404052734,39450,0.0,0.0
2009-01-26 00:00:00-05:00,8.789879741203618,9.492191540043452,8.789879741203618,9.228824615478516,27700,0.0,0.0
2009-01-27 00:00:00-05:00,9.470253290086678,9.909198556968072,9.272727396726017,9.876277923583984,56550,0.0,0.0
2009-01-28 00:00:00-05:00,10.051854835716837,10.852931160730991,9.88725064183083,10.699299812316895,71600,0.0,0.0
2009-01-29 00:00:00-05:00,10.64442531850674,10.64442531850674,10.007954597473145,10.007954597473145,42650,0.0,0.0
2009-01-30 00:00:00-05:00,10.249371483416152,10.523712257398268,9.612900971499805,9.645821571350098,46100,0.0,0.0
2009-02-02 00:00:00-05:00,9.920169927397735,11.412584501775163,9.393435741097866,11.280900955200195,97100,0.0,0.0
2009-02-03 00:00:00-05:00,11.280895873306955,11.401606521517987,10.457873293078263,10.918766021728516,60250,0.0,0.0
2009-02-04 00:00:00-05:00,9.20688036649631,9.20688036649631,6.639049546369365,6.715864658355713,501150,0.0,0.0
2009-02-05 00:00:00-05:00,7.198704058246074,8.175357367177915,7.023126076396843,7.6376495361328125,247550,0.0,0.0
2009-02-06 00:00:00-05:00,7.725437089442223,8.197303089485015,7.13286098770902,7.560832500457764,106050,0.0,0.0
2009-02-09 00:00:00-05:00,7.582783339309665,8.372885531738694,7.571809973915163,8.26314926147461,80750,0.0,0.0
2009-02-10 00:00:00-05:00,8.493593981999664,8.833777157236812,8.328989861208209,8.383857727050781,105200,0.0,0.0
2009-02-11 00:00:00-05:00,8.504572549515217,8.778913599499578,8.339967814871795,8.537493705749512,56950,0.0,0.0
2009-02-12 00:00:00-05:00,8.55943931477579,8.77891190304638,8.241203800151473,8.745990753173828,35900,0.0,0.0
2009-02-13 00:00:00-05:00,8.844748758223254,8.88864324885721,8.614301897499583,8.724038124084473,54850,0.0,0.0
2009-02-17 00:00:00-05:00,9.011891659530615,9.011891659530615,8.724042298927294,8.735113143920898,168050,0.14,0.0
2009-02-18 00:00:00-05:00,8.812613935800652,9.056178937032646,8.303342236401697,8.347626686096191,91250,0.0,0.0
2009-02-19 00:00:00-05:00,8.469405720146124,8.856894760328064,8.314410209655762,8.314410209655762,72550,0.0,0.0
2009-02-20 00:00:00-05:00,8.591184921651552,8.635469336471457,7.993344265759093,8.225837707519531,105150,0.0,0.0
2009-02-23 00:00:00-05:00,8.35869042875304,8.812605887531356,7.539427801786538,7.572641372680664,86850,0.0,0.0
2009-02-24 00:00:00-05:00,7.517293799696294,7.926925296195237,7.484080720473339,7.882640838623047,69600,0.0,0.0
2009-02-25 00:00:00-05:00,8.026559691604882,8.048701904120417,7.539430488351147,7.661212921142578,55350,0.0,0.0
2009-02-26 00:00:00-05:00,7.8604924721075795,7.915848264805393,7.52835929965659,7.539430141448975,48500,0.0,0.0
2009-02-27 00:00:00-05:00,7.771922021420141,7.84942000961336,7.306935148084532,7.31800651550293,86550,0.0,0.0
2009-03-02 00:00:00-05:00,7.20729798875651,7.539431208200934,6.266252547217214,6.299466133117676,125150,0.0,0.0
2009-03-03 00:00:00-05:00,6.221967132007264,6.587313879458259,5.269851525896171,5.546629428863525,168950,0.0,0.0
2009-03-04 00:00:00-05:00,6.399104733631434,7.174082576263409,5.812335403475524,6.996944904327393,139300,0.0,0.0
2009-03-05 00:00:00-05:00,6.974806452776937,7.0190908946176895,5.834480755597094,5.945191860198975,82900,0.0,0.0
2009-03-06 00:00:00-05:00,5.84555047817673,6.122328425425566,5.568772530927893,5.779123306274414,81300,0.0,0.0
2009-03-09 00:00:00-04:00,5.54663218932455,5.745912188590883,5.54663218932455,5.590916633605957,84700,0.0,0.0
2009-03-10 00:00:00-04:00,5.867696899900722,6.365897350986905,5.812341059596739,6.210901737213135,87100,0.0,0.0
2009-03-11 00:00:00-04:00,6.853019963671386,6.952660163464088,6.498744108339906,6.642668724060059,69550,0.0,0.0
2009-03-12 00:00:00-04:00,6.576242318046788,7.196224689483643,6.498744323650219,7.196224689483643,78900,0.0,0.0
2009-03-13 00:00:00-04:00,7.550497155785568,7.982270294867308,7.550497155785568,7.860487937927246,103250,0.0,0.0
2009-03-16 00:00:00-04:00,7.993348176342517,8.668686624609512,7.993348176342517,8.170486450195312,65350,0.0,0.0
2009-03-17 00:00:00-04:00,8.192630014228392,8.192630014228392,7.373366748849447,8.104061126708984,129750,0.0,0.0
2009-03-18 00:00:00-04:00,8.081917451934798,8.735113143920898,7.993348052425389,8.735113143920898,74450,0.0,0.0
2009-03-19 00:00:00-04:00,8.846814588975464,8.857984532336927,8.03138848335935,8.087239265441895,61850,0.14,0.0
2009-03-20 00:00:00-04:00,8.19893887735086,8.656917572006591,7.472874716397019,7.640428066253662,87350,0.0,0.0
2009-03-23 00:00:00-04:00,7.975538659582658,8.355326392346784,7.651602251979508,8.321815490722656,87600,0.0,0.0
2009-03-24 00:00:00-04:00,8.020216969816513,8.478196306417017,7.774472388641582,7.830323696136475,78650,0.0,0.0
2009-03-25 00:00:00-04:00,7.718625768627035,8.377669253695172,7.484050986912541,7.5957536697387695,103250,0.0,0.0
2009-03-26 00:00:00-04:00,7.997876553346065,8.154260001276745,7.640429889818893,7.830323696136475,77700,0.0,0.0
2009-03-27 00:00:00-04:00,7.70745281065001,7.8526658155172395,7.327665115654996,7.361176013946533,143400,0.0,0.0
2009-03-30 00:00:00-04:00,7.282981072419071,7.36117277897847,6.601597722794091,6.70212984085083,111250,0.0,0.0
2009-03-31 00:00:00-04:00,6.903194853227049,7.227131147678054,6.813833190294017,6.992557048797607,97700,0.0,0.0
2009-04-01 00:00:00-04:00,7.11543346726646,7.271817006701968,7.003731319553849,7.14894437789917,72250,0.0,0.0
2009-04-02 00:00:00-04:00,7.61809085618766,7.629260800131686,7.26064359513896,7.495218276977539,90050,0.0,0.0
2009-04-03 00:00:00-04:00,7.3388353332977,7.506388220921564,7.26064359513896,7.495218276977539,44750,0.0,0.0
2009-04-06 00:00:00-04:00,7.137774278159927,7.539902564047748,5.7638364562946,6.378199100494385,343650,0.0,0.0
2009-04-07 00:00:00-04:00,6.143620100953987,6.5569180526397055,6.054258439253022,6.132449626922607,148450,0.0,0.0
2009-04-08 00:00:00-04:00,6.232982522559905,6.6909613609313965,6.210642104410994,6.6909613609313965,67300,0.0,0.0
2009-04-09 00:00:00-04:00,6.925537200962503,7.350005750945009,6.825005568436511,7.327665328979492,108400,0.0,0.0
2009-04-13 00:00:00-04:00,7.495216812141165,7.495216812141165,7.070748372471874,7.417025089263916,65950,0.0,0.0
2009-04-14 00:00:00-04:00,7.417026559845835,7.595750457195682,6.925536774249632,6.981388092041016,71550,0.0,0.0
2009-04-15 00:00:00-04:00,6.925539365095605,6.925539365095605,6.534581592211437,6.780326843261719,107050,0.0,0.0
2009-04-16 00:00:00-04:00,6.7021306361120425,7.215960694158298,6.7021306361120425,7.093088150024414,55300,0.0,0.0
2009-04-17 00:00:00-04:00,6.9590487480163565,7.093091292286883,6.143622471414071,6.959048748016357,182400,0.0,0.0
2009-04-20 00:00:00-04:00,6.702133250151743,6.89202711079474,6.255324260280754,6.434048175811768,100700,0.0,0.0
2009-04-21 00:00:00-04:00,6.478728157781146,6.947876975328465,6.434047318014734,6.847345352172852,91600,0.0,0.0
2009-04-22 00:00:00-04:00,6.813837280727024,7.0260716239187095,6.579262508390839,6.612773418426514,80200,0.0,0.0
2009-04-23 00:00:00-04:00,6.741991378385087,6.77570157103136,6.3374717456564875,6.449838161468506,65650,0.07,0.0
2009-04-24 00:00:00-04:00,6.506023063255993,6.753229768030103,6.449839575133118,6.697046279907227,86800,0.0,0.0
2009-04-27 00:00:00-04:00,6.741994857788086,6.933018131154313,6.685811352984274,6.741994857788086,70200,0.0,0.0
2009-04-28 00:00:00-04:00,6.741991938612076,7.191458175013957,6.685808458134823,7.168984889984131,74800,0.0,0.0
2009-04-29 00:00:00-04:00,7.236402625235937,7.3038224605753905,7.011669304965868,7.281349182128906,60150,0.0,0.0
2009-04-30 00:00:00-04:00,7.348769857980453,7.584739576560079,7.326296576963598,7.539793014526367,78450,0.0,0.0
2009-05-01 00:00:00-04:00,7.5735055285728565,7.595979353883095,7.191459606992066,7.270115852355957,50950,0.0,0.0
2009-05-04 00:00:00-04:00,7.483609023348909,7.786998563868317,7.079089993193195,7.112799644470215,111250,0.0,0.0
2009-05-05 00:00:00-04:00,7.112803978125236,7.180223857561782,6.798177874088023,7.135277271270752,101150,0.0,0.0
2009-05-06 00:00:00-04:00,6.989200597922117,7.281353944619387,6.977964219252145,7.135277271270752,86800,0.0,0.0
2009-05-07 00:00:00-04:00,7.315061702700148,7.315061702700148,6.933015311353849,7.011671543121338,58750,0.0,0.0
2009-05-08 00:00:00-04:00,7.20269326346825,7.539793014526367,7.20269326346825,7.539793014526367,69900,0.0,0.0
2009-05-11 00:00:00-04:00,7.5285619739342655,7.910608584796154,7.258882391541663,7.798242092132568,112900,0.0,0.0
2009-05-12 00:00:00-04:00,8.079153346294953,8.562329218948737,7.809473403186658,8.438726425170898,161150,0.0,0.0
2009-05-13 00:00:00-04:00,8.539860126261878,8.551097041650447,7.629690876206891,7.640927791595459,122150,0.0,0.0
2009-05-14 00:00:00-04:00,7.798237424132652,8.011733900298006,7.6072142330475785,7.843183994293213,74300,0.0,0.0
2009-05-15 00:00:00-04:00,7.809479114082213,7.921846151768601,7.472379608440285,7.595983028411865,88200,0.0,0.0
2009-05-18 00:00:00-04:00,7.7195795636312114,8.213992301083419,7.3038235807073,8.20275592803955,61000,0.0,0.0
2009-05-19 00:00:00-04:00,8.303887415245185,8.416253851592497,8.146574404358947,8.326360702514648,52750,0.0,0.0
2009-05-20 00:00:00-04:00,8.427495148497863,8.461205364846368,8.034212148729106,8.056685447692871,67700,0.0,0.0
2009-05-21 00:00:00-04:00,7.989263346862466,8.15781331049693,7.865659968756449,8.000499725341797,43950,0.0,0.0
2009-05-22 00:00:00-04:00,8.045442849329968,8.180283083706062,7.921840060209439,7.955549716949463,33050,0.0,0.0
2009-05-26 00:00:00-04:00,7.933077861542974,8.315124278721033,7.933077861542974,8.303887367248535,49850,0.0,0.0
2009-05-27 00:00:00-04:00,8.241795464283193,8.298245793659976,7.5982578332291775,7.643418312072754,71700,0.07,0.0
2009-05-28 00:00:00-04:00,7.711152312238405,8.095016586334458,7.677282251791638,7.914374828338623,61950,0.0,0.0
2009-05-29 00:00:00-04:00,7.9482477522787045,8.049859046936035,7.688574862430603,8.049859046936035,53600,0.0,0.0
2009-06-01 00:00:00-04:00,8.196634091827134,8.45630654769003,8.11760299328931,8.43372631072998,84050,0.0,0.0
2009-06-02 00:00:00-04:00,8.456303211660103,8.456303211660103,8.106309407675017,8.29824161529541,72050,0.0,0.0
2009-06-03 00:00:00-04:00,8.298241373481753,8.388562283058166,8.14017978172303,8.365982055664062,34950,0.0,0.0
2009-06-04 00:00:00-04:00,8.422430138125726,8.806294416608345,8.309529038088165,8.74984359741211,79400,0.0,0.0
2009-06-05 00:00:00-04:00,8.828883490666243,8.851463733318363,8.62566076844171,8.704691886901855,60500,0.0,0.0
2009-06-08 00:00:00-04:00,8.557914898477277,8.749847114875891,8.46759398213796,8.512754440307617,62350,0.0,0.0
2009-06-09 00:00:00-04:00,8.388565315519728,8.648238293601093,8.3546952313621,8.377275466918945,55800,0.0,0.0
2009-06-10 00:00:00-04:00,8.354690907243489,8.580493145943988,7.903085891487489,8.128888130187988,98000,0.0,0.0
2009-06-11 00:00:00-04:00,8.241795194357403,8.546628685745672,8.117603612427263,8.275665283203125,51350,0.0,0.0
2009-06-12 00:00:00-04:00,8.377270491742829,8.55791226891627,8.207918556465245,8.50146198272705,39900,0.0,0.0
2009-06-15 00:00:00-04:00,8.241789013524027,8.557912118002923,8.18533818997532,8.546622276306152,41400,0.0,0.0
2009-06-16 00:00:00-04:00,8.580495378408672,8.625655837898575,8.37727331070411,8.445013999938965,42800,0.0,0.0
2009-06-17 00:00:00-04:00,8.445012728046166,8.62565453879954,8.128889020872698,8.535333633422852,69350,0.0,0.0
2009-06-18 00:00:00-04:00,8.52966483925278,8.575035353754721,8.280127009492107,8.314154624938965,30850,0.07,0.0
2009-06-19 00:00:00-04:00,8.46160468295784,8.60905904911245,8.257437473492246,8.506975173950195,59800,0.0,0.0
2009-06-22 00:00:00-04:00,8.348181957341222,8.404894824441909,8.087301254272461,8.087301254272461,58500,0.0,0.0
2009-06-23 00:00:00-04:00,8.132669089751344,8.31415107016521,7.951187109337479,7.985214710235596,31850,0.0,0.0
2009-06-24 00:00:00-04:00,8.166700157323248,8.35952511379452,7.9738757417111685,8.234756469726562,46500,0.0,0.0
2009-06-25 00:00:00-04:00,8.178045476727966,8.359527587890625,7.973878101669974,8.359527587890625,45050,0.0,0.0
2009-06-26 00:00:00-04:00,8.314158717104984,8.84726333618164,8.291473448688496,8.84726333618164,125650,0.0,0.0
2009-06-29 00:00:00-04:00,8.790540034184069,8.790540034184069,8.348177525839802,8.393548011779785,46200,0.0,0.0
2009-06-30 00:00:00-04:00,8.529665096208682,8.824573990214613,8.189385686334024,8.541007995605469,53100,0.0,0.0
2009-07-01 00:00:00-04:00,8.688458442687988,8.835912830986207,8.529661700367829,8.688458442687988,60950,0.0,0.0
2009-07-02 00:00:00-04:00,8.518317872854599,8.79054081260027,8.438919244999328,8.52966022491455,39000,0.0,0.0
2009-07-06 00:00:00-04:00,8.506980569078225,8.506980569078225,8.302813230129681,8.438924789428711,29750,0.0,0.0
2009-07-07 00:00:00-04:00,8.438920048251454,8.654430166492727,8.291465671424433,8.325493812561035,25900,0.0,0.0
2009-07-08 00:00:00-04:00,8.416234665780612,8.541003793463267,8.155354057458124,8.427577018737793,49550,0.0,0.0
2009-07-09 00:00:00-04:00,8.529662734328435,8.631746637195443,8.3935512244118,8.461606979370117,37350,0.0,0.0
2009-07-10 00:00:00-04:00,8.541004150792368,8.688457990558392,8.393549770167374,8.654430389404297,23250,0.0,0.0
2009-07-13 00:00:00-04:00,8.67712053373572,8.745176315307617,8.518323710067957,8.745176315307617,43550,0.0,0.0
2009-07-14 00:00:00-04:00,8.779199028635265,8.937996304404455,8.631745188076689,8.89262580871582,23650,0.0,0.0
2009-07-15 00:00:00-04:00,8.994709415525225,9.300960540771484,8.62040254476413,9.300960540771484,71100,0.0,0.0
2009-07-16 00:00:00-04:00,9.278279256205892,9.641243366195122,9.119481917226416,9.516474723815918,78700,0.0,0.0
2009-07-17 00:00:00-04:00,9.53915309812236,9.902116966810178,9.482439723210474,9.766005516052246,37050,0.0,0.0
2009-07-20 00:00:00-04:00,9.811381502224476,10.355828692320014,9.811381502224476,10.310458183288574,70700,0.0,0.0
2009-07-21 00:00:00-04:00,10.48694738731681,10.52110652086723,10.247831280665315,10.373082160949707,31350,0.07,0.0
2009-07-22 00:00:00-04:00,10.270610363804021,10.304769515991211,9.963174736419704,10.304769515991211,35300,0.0,0.0
2009-07-23 00:00:00-04:00,10.259222934237608,11.318165268685695,10.247836188967248,11.284006118774414,77100,0.0,0.0
2009-07-24 00:00:00-04:00,11.841940335991215,11.841940335991215,10.714678927121756,11.067660331726074,63050,0.0,0.0
2009-07-27 00:00:00-04:00,11.284003373546705,11.580052163153063,11.056273953041634,11.500347137451172,97700,0.0,0.0
2009-07-28 00:00:00-04:00,11.477573959157512,11.636985100720654,11.27261693227627,11.454801559448242,63200,0.0,0.0
2009-07-29 00:00:00-04:00,11.38648115560195,11.614210561534097,11.329548532644049,11.58005142211914,48400,0.0,0.0
2009-07-30 00:00:00-04:00,11.728076067798042,11.978578962833975,11.705302583749553,11.796394348144531,54950,0.0,0.0
2009-07-31 00:00:00-04:00,11.796388571886125,11.933026151572186,11.306770849485813,11.409249305725098,59600,0.0,0.0
2009-08-03 00:00:00-04:00,11.67114170329322,11.716687578699368,11.11320445809309,11.272614479064941,65600,0.0,0.0
2009-08-04 00:00:00-04:00,11.21568433349405,11.898872548906715,11.022114067652263,11.841939926147461,67950,0.0,0.0
2009-08-05 00:00:00-04:00,11.853328639204848,11.853328639204848,11.215686198773458,11.443415641784668,51850,0.0,0.0
2009-08-06 00:00:00-04:00,11.397866184425839,11.466184452988424,11.135976592537792,11.261228561401367,44650,0.0,0.0
2009-08-07 00:00:00-04:00,11.523118799161239,11.716689065678429,11.329548532644049,11.58005142211914,59650,0.0,0.0
2009-08-10 00:00:00-04:00,11.557274373233756,11.68252632228164,11.443410248343742,11.65975284576416,28550,0.0,0.0
2009-08-11 00:00:00-04:00,11.511728148619904,11.659752483689482,11.113202095031738,11.113202095031738,43150,0.0,0.0
2009-08-12 00:00:00-04:00,11.101824590235367,11.602829529844861,11.101824590235367,11.363713264465332,40250,0.0,0.0
2009-08-13 00:00:00-04:00,11.488954995579915,11.511727383978501,10.987949420022758,11.318157196044922,38200,0.0,0.0
2009-08-14 00:00:00-04:00,11.215684938887152,11.27261647881996,9.735442096744249,10.202287673950195,240150,0.0,0.0
2009-08-17 00:00:00-04:00,10.054263411354901,10.16812866449418,8.494315524384158,8.722044944763184,288500,0.0,0.0
2009-08-18 00:00:00-04:00,8.232429993160975,8.642343670736004,7.981927522001237,8.164111137390137,385600,0.0,0.0
2009-08-19 00:00:00-04:00,7.9295404281767885,8.50165735635843,7.895213718029294,8.490215301513672,180300,0.07,0.0
2009-08-20 00:00:00-04:00,8.43299991308733,9.028001251221824,8.272807392023852,8.970789909362793,174150,0.0,0.0
2009-08-21 00:00:00-04:00,9.096658609717974,9.142427918662444,8.879254665038344,9.02800464630127,91050,0.0,0.0
2009-08-24 00:00:00-04:00,9.073772321108654,9.348388670931762,8.86781046795115,9.005118370056152,94500,0.0,0.0
2009-08-25 00:00:00-04:00,8.867811125796948,8.98223438603944,8.593195301214964,8.741945266723633,125950,0.0,0.0
2009-08-26 00:00:00-04:00,8.604637251039314,8.799157063920774,8.410117438157853,8.673291206359863,101350,0.0,0.0
2009-08-27 00:00:00-04:00,8.581752599265796,8.741945161680414,8.444444688624696,8.673291206359863,72100,0.0,0.0
2009-08-28 00:00:00-04:00,8.673290533787984,8.673290533787984,8.547424685987364,8.650405883789062,74600,0.0,0.0
2009-08-31 00:00:00-04:00,8.593193879177239,8.661847823961592,8.455885443995479,8.570308685302734,105900,0.0,0.0
2009-09-01 00:00:00-04:00,8.444443189419873,8.63896296776679,8.227038763362321,8.3300199508667,140850,0.0,0.0
2009-09-02 00:00:00-04:00,8.238483299006376,8.455887790629657,8.227041244506836,8.227041244506836,80150,0.0,0.0
2009-09-03 00:00:00-04:00,8.238477857514827,8.513094077092171,8.238477857514827,8.421555519104004,100100,0.0,0.0
2009-09-04 00:00:00-04:00,8.410120887162183,8.410120887162183,8.261370316824905,8.341466903686523,84450,0.0,0.0
2009-09-08 00:00:00-04:00,8.352906056344354,8.753387733979904,8.352906056344354,8.73050308227539,111650,0.0,0.0
2009-09-09 00:00:00-04:00,8.764828866577492,9.062329853106908,8.673290269372465,9.016560554504395,65200,0.0,0.0
2009-09-10 00:00:00-04:00,8.982234924392678,9.039446830749512,8.707619083351503,9.039446830749512,56900,0.0,0.0
2009-09-11 00:00:00-04:00,9.027999058566445,9.06232629183511,8.925018449986181,8.993672370910645,54150,0.0,0.0
2009-09-14 00:00:00-04:00,9.005118515388371,9.417042228351352,9.005118515388371,9.314062118530273,100450,0.0,0.0
2009-09-15 00:00:00-04:00,9.32550019515176,9.84040601098382,9.279730910547334,9.794636726379395,104150,0.0,0.0
2009-09-16 00:00:00-04:00,9.817524967136713,10.16079529218039,9.817524967136713,9.98915958404541,84150,0.0,0.0
2009-09-17 00:00:00-04:00,10.069249446462377,10.298095801585852,9.69165268770227,10.149345397949219,85100,0.0,0.0
2009-09-18 00:00:00-04:00,10.18955911573758,10.396337444272342,9.810466243789952,10.373361587524414,127750,0.07,0.0
2009-09-21 00:00:00-04:00,10.224018206379728,10.315919409923236,9.684098909448812,10.258481979370117,49350,0.0,0.0
2009-09-22 00:00:00-04:00,10.338899038105444,10.338899038105444,9.615175973972164,10.235509872436523,54600,0.0,0.0
2009-09-23 00:00:00-04:00,10.201042175292969,10.361869809120181,10.10914098326274,10.201042175292969,70900,0.0,0.0
2009-09-24 00:00:00-04:00,10.235508416835291,10.235508416835291,9.753026442693985,9.982779502868652,48700,0.0,0.0
2009-09-25 00:00:00-04:00,9.913855115826909,10.350386521227588,9.879392427270021,10.315922737121582,60100,0.0,0.0
2009-09-28 00:00:00-04:00,10.350384496767317,10.660550824211256,10.097655607167473,10.62608814239502,80900,0.0,0.0
2009-09-29 00:00:00-04:00,10.614601929717148,10.626089857359585,10.109145164489746,10.109145164489746,149350,0.0,0.0
2009-09-30 00:00:00-04:00,10.235506130709858,10.315919409923236,9.867901316535827,10.258481979370117,80700,0.0,0.0
2009-10-01 00:00:00-04:00,10.155092652331108,10.189555329096839,9.362443417878126,10.074679374694824,92600,0.0,0.0
2009-10-02 00:00:00-04:00,9.982779243557891,10.166582782472188,9.936828632716562,10.12063217163086,51550,0.0,0.0
2009-10-05 00:00:00-04:00,10.16657729612731,10.315915879110042,9.913848525109382,10.304429054260254,57800,0.0,0.0
2009-10-06 00:00:00-04:00,10.338896570978937,10.62608814239502,10.16658206634885,10.62608814239502,49800,0.0,0.0
2009-10-07 00:00:00-04:00,10.591626132999638,10.614600890486072,10.292946616833184,10.580138206481934,20850,0.0,0.0
2009-10-08 00:00:00-04:00,10.637584418325435,10.913288280371292,10.626096483519417,10.752460479736328,35250,0.0,0.0
2009-10-09 00:00:00-04:00,10.7754321907327,10.90179613818135,10.580141756598843,10.87882137298584,37500,0.0,0.0
2009-10-12 00:00:00-04:00,10.913287113144163,10.913287113144163,10.672045985768465,10.729484558105469,25500,0.0,0.0
2009-10-13 00:00:00-04:00,10.717986729452571,10.7754252487611,10.614597613806946,10.660548210144043,25100,0.0,0.0
2009-10-14 00:00:00-04:00,10.786915603604003,10.913279498132146,10.568649400133985,10.9017915725708,49850,0.0,0.0
2009-10-15 00:00:00-04:00,10.844361767084948,10.855849701890966,10.729485705674055,10.752460479736328,18900,0.0,0.0
2009-10-16 00:00:00-04:00,10.683527912775242,10.855842437356685,10.35038569518183,10.672039985656738,49000,0.0,0.0
2009-10-19 00:00:00-04:00,10.752453284388208,10.832867678668707,10.591626686925268,10.672039985656738,23950,0.0,0.0
2009-10-20 00:00:00-04:00,10.735457720627592,10.735457720627592,10.15890255216555,10.320337295532227,31200,0.07,0.0
2009-10-21 00:00:00-04:00,10.308808089257067,10.585555463898688,10.158904681761614,10.170434951782227,42550,0.0,0.0
2009-10-22 00:00:00-04:00,10.18196614770972,10.377995030709588,10.00900000374133,10.366463661193848,28500,0.0,0.0
2009-10-23 00:00:00-04:00,10.366469093740795,10.37800046929955,10.020535524825643,10.066659927368164,31500,0.0,0.0
2009-10-26 00:00:00-04:00,10.032061001332327,10.308807253855129,9.962874988047554,9.997467994689941,43450,0.0,0.0
2009-10-27 00:00:00-04:00,10.008999824523926,10.320339098030688,9.951344077669516,10.008999824523926,23750,0.0,0.0
2009-10-28 00:00:00-04:00,10.00900246589892,10.124312890346246,9.351728537811162,9.467040061950684,44900,0.0,0.0
2009-10-29 00:00:00-04:00,9.547759056091309,9.743788019897723,9.397854489669205,9.547759056091309,39450,0.0,0.0
2009-10-30 00:00:00-04:00,9.628475975807575,9.64000624846777,9.374791282515945,9.467040061950684,52350,0.0,0.0
2009-11-02 00:00:00-05:00,9.4785725376043,9.766850281816296,9.351729626347934,9.628477096557617,32350,0.0,0.0
2009-11-03 00:00:00-05:00,9.443976679971437,9.490101066576356,9.317134891730934,9.386322021484375,34350,0.0,0.0
2009-11-04 00:00:00-05:00,9.397853400602722,9.478571911440516,9.109576225280762,9.109576225280762,61350,0.0,0.0
2009-11-05 00:00:00-05:00,9.271008848427762,9.340195965817697,9.028855587100876,9.201822280883789,50350,0.0,0.0
2009-11-06 00:00:00-05:00,9.282545134971818,9.294076510593714,9.09804697394527,9.259482383728027,21100,0.0,0.0
2009-11-09 00:00:00-05:00,9.305603340630114,9.305603340630114,9.16723018348489,9.224885940551758,66500,0.0,0.0
2009-11-10 00:00:00-05:00,9.305601384451666,9.432444243272906,9.247946739196777,9.247946739196777,52450,0.0,0.0
2009-11-11 00:00:00-05:00,9.386321766160991,9.386321766160991,9.155699289563637,9.17876148223877,47650,0.0,0.0
2009-11-12 00:00:00-05:00,9.178762813339567,9.317135989457178,9.109576225280762,9.109576225280762,48200,0.0,0.0
2009-11-13 00:00:00-05:00,9.132635713339816,9.224884470065113,9.086511334977168,9.201822280883789,31100,0.0,0.0
2009-11-16 00:00:00-05:00,9.282543742542321,9.386323908186803,9.247950720558274,9.317136764526367,53100,0.0,0.0
2009-11-17 00:00:00-05:00,9.033394334756212,9.496644873163648,9.033394334756212,9.369251251220703,38150,0.07,0.0
2009-11-18 00:00:00-05:00,9.26502276912185,9.346091364919097,9.26502276912185,9.322929382324219,32600,0.0,0.0
2009-11-19 00:00:00-05:00,9.230275374374482,9.265019440260263,9.056556701660156,9.056556701660156,40250,0.0,0.0
2009-11-20 00:00:00-05:00,9.05655649781557,9.253437692609625,9.044974958701589,9.091300010681152,42950,0.0,0.0
2009-11-23 00:00:00-05:00,9.091301010839956,9.322926848457746,9.091301010839956,9.276601791381836,45150,0.0,0.0
2009-11-24 00:00:00-05:00,9.2534380310899,9.2534380310899,8.929162655371329,8.97548770904541,76600,0.0,0.0
2009-11-25 00:00:00-05:00,9.010230295244885,9.044973803673779,8.917579650878906,8.917579650878906,38450,0.0,0.0
2009-11-27 00:00:00-05:00,8.801769603907815,8.906001264083534,8.685956954956055,8.685956954956055,32600,0.0,0.0
2009-11-30 00:00:00-05:00,8.74385874446935,9.044971466064453,8.7091146927817,9.044971466064453,62600,0.0,0.0
2009-12-01 00:00:00-05:00,9.183950134035292,9.253437712151383,8.801768178277696,8.882837295532227,64950,0.0,0.0
2009-12-02 00:00:00-05:00,8.848092081783006,9.079717864340784,8.848092081783006,8.917579650878906,45850,0.0,0.0
2009-12-03 00:00:00-05:00,8.975485573905145,9.021810616559158,8.697535317981064,8.732278823852539,38050,0.0,0.0
2009-12-04 00:00:00-05:00,8.929164506710874,9.11446475982666,8.882839443431926,9.11446475982666,35950,0.0,0.0
2009-12-07 00:00:00-05:00,9.010226169510911,9.265013806196663,9.010226169510911,9.253432273864746,43200,0.0,0.0
2009-12-08 00:00:00-05:00,9.16078428317312,9.265015888636434,9.033390712315715,9.149203300476074,27700,0.0,0.0
2009-12-09 00:00:00-05:00,9.126044409605276,9.24185704379048,8.97548770904541,8.97548770904541,43550,0.0,0.0
2009-12-10 00:00:00-05:00,9.033394302257113,9.195531990116399,8.906000128534288,8.97548770904541,27550,0.0,0.0
2009-12-11 00:00:00-05:00,9.033392499681602,9.033392499681602,8.685954114217658,8.96390438079834,39500,0.0,0.0
2009-12-14 00:00:00-05:00,8.929164142080921,9.36925277749784,8.882839080693698,9.299764633178711,74600,0.0,0.0
2009-12-15 00:00:00-05:00,9.241857976927097,9.403995681157184,9.183951377868652,9.183951377868652,47850,0.0,0.0
2009-12-16 00:00:00-05:00,9.26502115444991,9.334509299077983,9.126045969670352,9.160789489746094,32350,0.0,0.0
2009-12-17 00:00:00-05:00,9.102883438873759,9.26502115444991,9.102883438873759,9.160789489746094,35550,0.0,0.0
2009-12-18 00:00:00-05:00,9.306199496642186,9.306199496642186,9.061911715479912,9.131708145141602,87750,0.07,0.0
2009-12-21 00:00:00-05:00,9.131706364211158,9.29456466832665,9.003745990774112,9.096808433532715,36850,0.0,0.0
2009-12-22 00:00:00-05:00,9.050274972530241,9.236398696899414,9.015376496864796,9.236398696899414,52750,0.0,0.0
2009-12-23 00:00:00-05:00,9.28293095351862,9.28293095351862,9.015377784187296,9.061908721923828,43850,0.0,0.0
2009-12-24 00:00:00-05:00,9.120069837189352,9.166600760465432,8.782720366091596,8.829251289367676,38250,0.0,0.0
2009-12-28 00:00:00-05:00,8.864153496279062,9.003746333694647,8.79435707757127,8.840888023376465,70250,0.0,0.0
2009-12-29 00:00:00-05:00,8.852521627454957,9.003746934059139,8.736194255185328,8.817623138427734,57700,0.0,0.0
2009-12-30 00:00:00-05:00,8.852520556692824,9.02701187133789,8.736193198493643,9.02701187133789,77600,0.0,0.0
2009-12-31 00:00:00-05:00,9.027015666852506,9.120077592540827,8.840891260783032,8.945586204528809,48050,0.0,0.0
2010-01-04 00:00:00-05:00,9.108439091177726,9.294562830507362,9.050275699983464,9.282930374145508,44900,0.0,0.0
2010-01-05 00:00:00-05:00,9.306200595208528,9.306200595208528,9.189873198706978,9.201505661010742,39750,0.0,0.0
2010-01-06 00:00:00-05:00,9.201502780260656,9.282932209664704,9.085175420178162,9.096808433532715,33450,0.0,0.0
2010-01-07 00:00:00-05:00,9.108442438862625,9.143340930159647,9.015380534994161,9.0735445022583,44800,0.0,0.0
2010-01-08 00:00:00-05:00,9.061908259106067,9.213134076372524,9.015377323746005,9.050275802612305,55150,0.0,0.0
2010-01-11 00:00:00-05:00,9.038643253055563,9.189869078045557,9.015377784187296,9.061908721923828,56950,0.0,0.0
2010-01-12 00:00:00-05:00,9.015377362388852,9.178235636847138,9.015377362388852,9.154970169067383,32800,0.0,0.0
2010-01-13 00:00:00-05:00,9.154970129826195,9.178235597506225,9.038642791426037,9.050275802612305,46300,0.0,0.0
2010-01-14 00:00:00-05:00,9.073537064371704,9.189864348849854,9.015373144786505,9.143333435058594,30000,0.0,0.0
2010-01-15 00:00:00-05:00,9.189870965273236,9.201503424749939,8.95721567412006,8.980481147766113,73650,0.0,0.0
2010-01-19 00:00:00-05:00,9.056437192668753,9.220037192386018,9.033065764137715,9.19666576385498,49250,0.07,0.0
2010-01-20 00:00:00-05:00,9.12655169264447,9.173294550804536,9.009694547244308,9.114866256713867,33750,0.0,0.0
2010-01-21 00:00:00-05:00,9.091496902898811,9.103182341496785,8.869467997347797,8.892839431762695,49850,0.0,0.0
2010-01-22 00:00:00-05:00,8.881148447493183,8.974634132642802,8.600691392044332,8.64743423461914,94650,0.0,0.0
2010-01-25 00:00:00-05:00,8.705867917924376,8.729239353731757,8.518896431465334,8.530582427978516,49000,0.0,0.0
2010-01-26 00:00:00-05:00,8.530579651724738,8.705865084624435,8.472150802612305,8.472150802612305,37800,0.0,0.0
2010-01-27 00:00:00-05:00,8.448785709006746,8.752614503422416,8.355299926109616,8.460471153259277,53550,0.0,0.0
2010-01-28 00:00:00-05:00,8.507213202307563,8.62407041170345,8.296869668175836,8.4020414352417,49600,0.0,0.0
2010-01-29 00:00:00-05:00,8.483840582069115,8.729240409106216,8.483840582069115,8.624069213867188,49700,0.0,0.0
2010-02-01 00:00:00-05:00,8.717549943827244,8.76429279415189,8.659121102312074,8.705863952636719,52100,0.0,0.0
2010-02-02 00:00:00-05:00,8.752609034560013,9.2901525075663,8.729237603438822,9.184981346130371,116650,0.0,0.0
2010-02-03 00:00:00-05:00,9.325207029220053,9.629035539190909,9.243406767157012,9.348578453063965,117250,0.0,0.0
2010-02-04 00:00:00-05:00,9.348578040054694,9.348578040054694,9.009692130680206,9.021377563476562,59350,0.0,0.0
2010-02-05 00:00:00-05:00,9.009689445137653,9.336889266967773,9.009689445137653,9.336889266967773,57550,0.0,0.0
2010-02-08 00:00:00-05:00,9.348577365235817,9.687463250148125,9.13823457511672,9.465435028076172,120350,0.0,0.0
2010-02-09 00:00:00-05:00,9.72252293626125,10.154894631659277,9.535551512785085,10.002981185913086,172450,0.0,0.0
2010-02-10 00:00:00-05:00,9.9562403238353,10.143211784753515,9.874439473855219,9.944554328918457,45550,0.0,0.0
2010-02-11 00:00:00-05:00,9.932869245043246,10.143212715087826,9.886126375526441,10.06141185760498,57300,0.0,0.0
2010-02-12 00:00:00-05:00,10.01466523760462,10.131522924852485,9.827693829558033,10.096466064453125,66850,0.0,0.0
2010-02-16 00:00:00-05:00,10.184466673775212,10.59512996673584,10.114066644683689,10.59512996673584,112550,0.07,0.0
2010-02-17 00:00:00-05:00,10.677262881868868,10.853261265614991,10.548196356082638,10.794594764709473,86700,0.0,0.0
2010-02-18 00:00:00-05:00,10.818061343290319,10.829793747786034,10.677262418608258,10.806327819824219,43150,0.0,0.0
2010-02-19 00:00:00-05:00,10.68899613561617,10.853262127400814,10.618597224115982,10.66553020477295,54300,0.0,0.0
2010-02-22 00:00:00-05:00,10.747660494627214,10.935392379760742,10.618595103340487,10.935392379760742,76000,0.0,0.0
2010-02-23 00:00:00-05:00,11.134855482949071,11.439920292638925,10.911924195234219,11.181788444519043,139500,0.0,0.0
2010-02-24 00:00:00-05:00,11.26392152111322,11.651118718498047,11.146588562342657,11.615918159484863,68950,0.0,0.0
2010-02-25 00:00:00-05:00,11.45166052634742,11.580725966587364,11.146595537812217,11.545526504516602,51100,0.0,0.0
2010-02-26 00:00:00-05:00,11.592460084353208,11.639393075829505,11.451661109924316,11.451661109924316,70950,0.0,0.0
2010-03-01 00:00:00-05:00,11.557252938237626,11.897517180005563,11.475119418521201,11.87405014038086,133100,0.0,0.0
2010-03-02 00:00:00-05:00,12.026581490733344,12.319912746604889,11.979648534552695,12.190847396850586,139700,0.0,0.0
2010-03-03 00:00:00-05:00,11.897516587440558,11.967915464868323,11.651118278503418,11.651118278503418,159000,0.0,0.0
2010-03-04 00:00:00-05:00,11.639383998644984,11.791916381730502,11.51031865248181,11.674583435058594,76550,0.0,0.0
2010-03-05 00:00:00-05:00,11.733256814770703,12.07352121764023,11.674590306902736,11.956188201904297,70950,0.0,0.0
2010-03-08 00:00:00-05:00,12.026589822523533,12.660185729390335,12.003122768690714,12.50765323638916,130000,0.0,0.0
2010-03-09 00:00:00-05:00,12.601515284427144,12.847913677987245,12.437250434700655,12.589781761169434,133350,0.0,0.0
2010-03-10 00:00:00-05:00,12.636715258361248,13.199910920531508,12.61324821295233,12.812713623046875,207000,0.0,0.0
2010-03-11 00:00:00-05:00,12.84791832734814,12.883117790888768,12.683653418178025,12.800985336303711,96750,0.0,0.0
2010-03-12 00:00:00-05:00,12.894849680975195,12.906583206989044,12.636718822494267,12.742317199707031,99900,0.0,0.0
2010-03-15 00:00:00-04:00,12.89484378728698,13.446306949210507,12.87137786495519,13.375906944274902,165000,0.0,0.0
2010-03-16 00:00:00-04:00,13.669239585397223,13.77483904365724,12.906578571917464,13.258576393127441,165250,0.0,0.0
2010-03-17 00:00:00-04:00,13.422838914041126,13.575371314299211,13.199907633030099,13.481505393981934,77850,0.0,0.0
2010-03-18 00:00:00-04:00,13.575383699806281,13.83351577567072,13.481517693850313,13.716182708740234,90900,0.0,0.0
2010-03-19 00:00:00-04:00,13.839747923929972,14.01627486855079,12.968879718426965,13.263092041015625,105300,0.07,0.0
2010-03-22 00:00:00-04:00,13.133638561859753,13.710294473799777,11.556660253835194,13.33370304107666,700350,0.0,0.0
2010-03-23 00:00:00-04:00,13.54552994391595,14.228102157452089,13.521992429220683,14.098648071289062,249150,0.0,0.0
2010-03-24 00:00:00-04:00,14.122183493257289,14.122183493257289,13.639675736810513,13.863276481628418,111600,0.0,0.0
2010-03-25 00:00:00-04:00,14.028037904016125,14.416397921502824,13.980963996512601,14.004500389099121,91450,0.0,0.0
2010-03-26 00:00:00-04:00,14.028036410793822,14.369322484448608,14.016267654588052,14.286943435668945,90400,0.0,0.0
2010-03-29 00:00:00-04:00,14.275180541467575,14.498781389545531,14.23987538068281,14.34579086303711,76900,0.0,0.0
2010-03-30 00:00:00-04:00,14.35755512128464,14.35755512128464,14.098648071289062,14.098648071289062,107350,0.0,0.0
2010-03-31 00:00:00-04:00,14.110423585526243,14.110423585526243,13.780906078313706,13.886822700500488,72750,0.0,0.0
2010-04-01 00:00:00-04:00,14.016271427506936,14.251641003327618,13.710290417774717,14.169261932373047,91950,0.0,0.0
2010-04-05 00:00:00-04:00,14.110420342297616,14.216336940139854,14.016272504733571,14.133957862854004,94650,0.0,0.0
2010-04-06 00:00:00-04:00,14.086882185816814,14.463473489068726,13.969196842385285,14.251640319824219,73400,0.0,0.0
2010-04-07 00:00:00-04:00,14.263413645446926,14.45170935736079,14.2045709548911,14.404635429382324,69450,0.0,0.0
2010-04-08 00:00:00-04:00,14.404630373444451,14.475241801793453,14.357556461988642,14.381093978881836,58900,0.0,0.0
2010-04-09 00:00:00-04:00,14.45170428490026,14.45170428490026,14.357556461988642,14.381093978881836,61650,0.0,0.0
2010-04-12 00:00:00-04:00,14.487009349837454,15.098970147633096,14.487009349837454,14.840063095092773,100600,0.0,0.0
2010-04-13 00:00:00-04:00,14.76945509440983,14.993055909372332,14.651769746115464,14.887139320373535,63450,0.0,0.0
2010-04-14 00:00:00-04:00,15.004818712453199,15.369642249483237,14.792985618543485,15.310799598693848,92250,0.0,0.0
2010-04-15 00:00:00-04:00,15.334337241274712,15.499096452510383,15.028357452308901,15.452022552490234,66500,0.0,0.0
2010-04-16 00:00:00-04:00,15.47556478896252,15.510871069066262,14.23987416593056,14.945982933044434,231900,0.0,0.0
2010-04-19 00:00:00-04:00,14.745918168669384,15.534407115882633,14.604696418436806,15.25196361541748,88900,0.0,0.0
2010-04-20 00:00:00-04:00,15.43488001515565,15.647286982226365,15.222473048084936,15.611885070800781,79250,0.07,0.0
2010-04-21 00:00:00-04:00,15.682677872379628,15.942286098832117,15.316866229407031,15.411270141601562,85000,0.0,0.0
2010-04-22 00:00:00-04:00,15.364070394878253,15.694480184176784,15.234265705054819,15.647278785705566,48750,0.0,0.0
2010-04-23 00:00:00-04:00,15.70627625009761,15.788878392071348,15.45846869880661,15.7180757522583,43850,0.0,0.0
2010-04-26 00:00:00-04:00,15.777079254374492,16.07208821827537,15.753479122454763,15.883282661437988,57550,0.0,0.0
2010-04-27 00:00:00-04:00,15.942279956516073,16.308090333177553,15.930479331367108,15.954080581665039,76150,0.0,0.0
2010-04-28 00:00:00-04:00,16.04848808635564,16.23729364319302,15.871482032793182,15.883282661437988,51950,0.0,0.0
2010-04-29 00:00:00-04:00,16.07209201370497,16.48510511084733,15.942288444068591,16.449703216552734,61350,0.0,0.0
2010-04-30 00:00:00-04:00,16.520500231312212,16.591302870323393,15.718075574244436,15.836079597473145,68800,0.0,0.0
2010-05-03 00:00:00-04:00,15.965876164200528,16.532293653314643,15.859672814656053,16.367088317871094,129100,0.0,0.0
2010-05-04 00:00:00-04:00,16.166488864899016,16.272692257957996,15.340464099974346,15.682674407958984,149000,0.0,0.0
2010-05-05 00:00:00-04:00,15.37586501077252,15.411266892395325,11.894759885782438,13.818218231201172,637500,0.0,0.0
2010-05-06 00:00:00-04:00,13.570412289012562,13.806419234182282,5.015152367678556,12.98039436340332,315400,0.0,0.0
2010-05-07 00:00:00-04:00,12.897793546052828,13.570413690598896,11.941963912682628,13.511411666870117,188800,0.0,0.0
2010-05-10 00:00:00-04:00,14.160429494494188,14.750447390098111,14.042425465225472,14.25483226776123,187050,0.0,0.0
2010-05-11 00:00:00-04:00,14.290236135405259,14.39643955977896,14.042428520323314,14.207633972167969,104850,0.0,0.0
2010-05-12 00:00:00-04:00,14.278431728143792,14.915650930246176,14.17222834023178,14.632441520690918,100800,0.0,0.0
2010-05-13 00:00:00-04:00,14.538038556869349,14.703243949695471,14.266630902979651,14.31383228302002,46550,0.0,0.0
2010-05-14 00:00:00-04:00,14.243030289397652,14.243030289397652,13.192799255030362,13.41700553894043,116550,0.0,0.0
2010-05-17 00:00:00-04:00,13.369806719750724,13.806419869756528,12.213372072498045,13.204601287841797,258350,0.0,0.0
2010-05-18 00:00:00-04:00,13.494609565602621,13.731358012883579,13.175000968013745,13.234188079833984,68300,0.07,0.0
2010-05-19 00:00:00-04:00,13.23419599911616,13.25787018067062,12.606813818859367,13.080309867858887,82600,0.0,0.0
2010-05-20 00:00:00-04:00,12.701521084700477,12.701521084700477,11.470432360831733,11.943928718566895,176000,0.0,0.0
2010-05-21 00:00:00-04:00,11.707177015861904,12.72519196680157,11.340217494986412,12.393745422363281,134450,0.0,0.0
2010-05-24 00:00:00-04:00,12.42925733468792,13.080313897047068,12.405582016939707,12.890915870666504,68700,0.0,0.0
2010-05-25 00:00:00-04:00,12.535789602428544,13.423593385842453,11.896570923526564,13.388081550598145,145450,0.0,0.0
2010-05-26 00:00:00-04:00,13.684005423000496,14.346897763024048,13.376233414968132,13.482769966125488,104050,0.0,0.0
2010-05-27 00:00:00-04:00,13.885249610882314,13.932600226264784,13.54196555166504,13.8734130859375,66850,0.0,0.0
2010-05-28 00:00:00-04:00,13.897090807580495,13.908928464443942,13.032962176768416,13.340734481811523,65800,0.0,0.0
2010-06-01 00:00:00-04:00,13.257869795784694,13.601153885115606,12.973772851973093,13.16317081451416,70350,0.0,0.0
2010-06-02 00:00:00-04:00,13.175006978374554,13.565640514132495,12.961933730179032,13.470941543579102,50100,0.0,0.0
2010-06-03 00:00:00-04:00,13.470942561592373,13.837900817992999,13.470942561592373,13.601153373718262,40400,0.0,0.0
2010-06-04 00:00:00-04:00,13.293382672129072,13.51829361692808,12.902749061584473,12.902749061584473,70500,0.0,0.0
2010-06-07 00:00:00-04:00,12.973774432993755,13.305220907831625,12.796214103698729,12.79621410369873,61150,0.0,0.0
2010-06-08 00:00:00-04:00,12.8317304884025,12.843568148921666,12.003113443385297,12.488446235656738,87150,0.0,0.0
2010-06-09 00:00:00-04:00,12.67784428835765,12.90275419371462,12.322722375092722,12.488446235656738,46900,0.0,0.0
2010-06-10 00:00:00-04:00,12.748862236938315,12.808048249765031,12.37006520722251,12.583138465881348,41650,0.0,0.0
2010-06-11 00:00:00-04:00,12.452930423443357,13.151335238486485,12.452930423443357,13.139498710632324,46900,0.0,0.0
2010-06-14 00:00:00-04:00,13.210524646641218,13.778719849896351,12.938265268238647,13.411760330200195,72300,0.0,0.0
2010-06-15 00:00:00-04:00,13.612990449210187,13.802388396575068,13.269706387386137,13.74320125579834,53850,0.0,0.0
2010-06-16 00:00:00-04:00,13.70768959048763,13.885249886087918,13.553803474146996,13.719527244567871,69500,0.0,0.0
2010-06-17 00:00:00-04:00,13.885256093365824,13.885256093365824,13.470948175452278,13.636672019958496,63700,0.0,0.0
2010-06-18 00:00:00-04:00,13.701969383434964,13.701969383434964,13.227031554613047,13.286397933959961,62800,0.07,0.0
2010-06-21 00:00:00-04:00,13.393263106511357,13.393263106511357,13.096426594464218,13.17954158782959,45500,0.0,0.0
2010-06-22 00:00:00-04:00,13.17953556287373,13.547612035436744,13.132041787951376,13.191408157348633,40550,0.0,0.0
2010-06-23 00:00:00-04:00,13.23890068918073,13.595104533822443,13.191406918717888,13.535737037658691,39800,0.0,0.0
2010-06-24 00:00:00-04:00,13.476373401778762,13.52386718185549,12.977688144802599,13.072675704956055,48250,0.0,0.0
2010-06-25 00:00:00-04:00,13.09642278918849,13.54761429228363,12.977688898273623,13.310145378112793,112250,0.0,0.0
2010-06-28 00:00:00-04:00,13.393265235290299,13.512000311917953,13.274531291004255,13.405138969421387,24250,0.0,0.0
2010-06-29 00:00:00-04:00,13.19141321494104,13.20328694630925,12.680855221862851,12.823336601257324,68950,0.0,0.0
2010-06-30 00:00:00-04:00,12.858953309676162,13.191409774898947,12.645230730148132,12.835206985473633,34450,0.0,0.0
2010-07-01 00:00:00-04:00,12.858952993211831,13.037054383541339,12.479002756593673,12.870826721191406,41450,0.0,0.0
2010-07-02 00:00:00-04:00,12.953938783140512,13.013306282589047,12.633356097863807,12.787711143493652,19850,0.0,0.0
2010-07-06 00:00:00-04:00,12.989564722375368,13.238907427296736,12.182170213573013,12.253410339355469,65100,0.0,0.0
2010-07-07 00:00:00-04:00,12.229660918623045,12.692725016249053,12.170293407241454,12.668978691101074,65800,0.0,0.0
2010-07-08 00:00:00-04:00,12.835211279148563,13.215161652219646,12.823337546904735,13.17954158782959,57900,0.0,0.0
2010-07-09 00:00:00-04:00,13.17953775840411,13.345765432153144,12.953941440685988,13.310145378112793,57600,0.0,0.0
2010-07-12 00:00:00-04:00,13.310149795026149,13.523872454873356,13.310149795026149,13.36951732635498,48800,0.0,0.0
2010-07-13 00:00:00-04:00,13.52387231873328,13.71384751119995,13.440757322773013,13.65447998046875,50400,0.0,0.0
2010-07-14 00:00:00-04:00,13.654473143906243,13.832574514586051,13.547611868561997,13.761334419250488,34300,0.0,0.0
2010-07-15 00:00:00-04:00,13.820704489385365,13.820704489385365,13.3576392542615,13.666349411010742,29150,0.0,0.0
2010-07-16 00:00:00-04:00,13.511992314532073,13.547612363501173,12.977687050631806,13.001433372497559,43800,0.0,0.0
2010-07-19 00:00:00-04:00,12.977681399946606,13.393251476549581,12.763958934508222,13.155782699584961,43800,0.0,0.0
2010-07-20 00:00:00-04:00,13.066460651138334,13.221304893493654,12.661483576659741,13.221304893493652,35100,0.07,0.0
2010-07-21 00:00:00-04:00,13.364243984324771,13.388065574864397,12.80442240751708,12.816333770751953,41750,0.0,0.0
2010-07-22 00:00:00-04:00,13.161747595254866,13.352324750962357,12.86397050547955,13.245124816894531,58600,0.0,0.0
2010-07-23 00:00:00-04:00,13.245131356109013,13.697752892341464,13.054554106312196,13.673930168151855,43550,0.0,0.0
2010-07-26 00:00:00-04:00,13.66201425996565,13.828768716219809,13.399970082513995,13.685835838317871,63650,0.0,0.0
2010-07-27 00:00:00-04:00,13.840680073360689,13.840680073360689,13.459525732288855,13.685835838317871,50850,0.0,0.0
2010-07-28 00:00:00-04:00,13.578629005054985,14.233738548265745,13.459518901880552,14.066984176635742,102650,0.0,0.0
2010-07-29 00:00:00-04:00,14.162276813419506,14.221831314282824,13.709655564096698,14.09080982208252,58900,0.0,0.0
2010-07-30 00:00:00-04:00,13.91215003737315,14.507704389850703,13.57863878211628,14.448148727416992,120050,0.0,0.0
2010-08-02 00:00:00-04:00,14.591075644920318,15.162807043311942,14.507698433303867,14.698275566101074,105350,0.0,0.0
2010-08-03 00:00:00-04:00,14.567255106157774,14.900766274181793,14.114634916279929,14.46005630493164,54650,0.0,0.0
2010-08-04 00:00:00-04:00,14.495792099488249,14.650636357502345,14.24565924207005,14.602992057800293,34000,0.0,0.0
2010-08-05 00:00:00-04:00,14.531520736531165,14.531520736531165,14.221832312222345,14.233743667602539,27000,0.0,0.0
2010-08-06 00:00:00-04:00,14.055078462942836,14.352855544208873,13.876411532625564,14.174188613891602,38700,0.0,0.0
2010-08-09 00:00:00-04:00,14.293309183128223,14.293309183128223,14.043176226986272,14.281397819519043,34700,0.0,0.0
2010-08-10 00:00:00-04:00,14.090818877740112,14.090818877740112,13.697753012600753,13.721575736999512,40850,0.0,0.0
2010-08-11 00:00:00-04:00,13.423797975940847,13.423797975940847,12.53046629244299,12.542376518249512,126050,0.0,0.0
2010-08-12 00:00:00-04:00,12.351789359222723,12.64956634802538,12.089745291016246,12.6138334274292,58750,0.0,0.0
2010-08-13 00:00:00-04:00,12.530463826007903,12.768685334197649,12.411352503948153,12.470908164978027,41800,0.0,0.0
2010-08-16 00:00:00-04:00,12.399437738402401,13.01881462548125,12.339882093732598,12.673393249511719,54150,0.0,0.0
2010-08-17 00:00:00-04:00,12.78059014272988,13.066456967370165,12.744857215623322,12.935434341430664,37150,0.0,0.0
2010-08-18 00:00:00-04:00,12.93543441702472,13.042634334900137,12.863968562393959,12.959257125854492,41550,0.0,0.0
2010-08-19 00:00:00-04:00,12.929393369497198,13.084737423572387,12.379714847229685,12.487260818481445,49950,0.07,0.0
2010-08-20 00:00:00-04:00,12.391656196340131,12.678444497566451,12.188514198072637,12.642596244812012,45100,0.0,0.0
2010-08-23 00:00:00-04:00,12.77404079962003,12.905486294453585,12.427504645269124,12.475302696228027,46600,0.0,0.0
2010-08-24 00:00:00-04:00,12.236311145047841,12.977181426216468,12.212412691898043,12.439453125,45000,0.0,0.0
2010-08-25 00:00:00-04:00,12.379711157613226,13.024985653211688,12.379711157613226,13.001087188720703,33150,0.0,0.0
2010-08-26 00:00:00-04:00,13.024981684359746,13.024981684359746,12.427505439396537,12.535051345825195,36400,0.0,0.0
2010-08-27 00:00:00-04:00,12.65454783050889,12.881588316164553,12.451405803534868,12.85768985748291,33850,0.0,0.0
2010-08-30 00:00:00-04:00,12.750139394279842,12.797937434180993,12.30800724029541,12.30800724029541,48650,0.0,0.0
2010-08-31 00:00:00-04:00,12.308005450360097,12.809885366132091,12.308005450360097,12.463349342346191,47150,0.0,0.0
2010-09-01 00:00:00-04:00,12.750143891019535,13.299822113541676,12.750143891019535,13.287872314453125,74850,0.0,0.0
2010-09-02 00:00:00-04:00,13.192283258324002,13.347627310791848,12.845746876540703,12.953292846679688,33300,0.0,0.0
2010-09-03 00:00:00-04:00,13.084725124755566,13.144472957024702,12.905482767543276,13.096674919128418,31050,0.0,0.0
2010-09-07 00:00:00-04:00,13.024981989685676,13.467115424166789,12.893537622966889,12.941335678100586,41150,0.0,0.0
2010-09-08 00:00:00-04:00,12.94133358248982,13.383465805780231,12.94133358248982,13.275919914245605,30650,0.0,0.0
2010-09-09 00:00:00-04:00,13.44321199696855,13.622454367756717,13.252019830902452,13.467111587524414,30450,0.0,0.0
2010-09-10 00:00:00-04:00,13.479065755813595,13.741955661467587,13.479065755813595,13.694157600402832,29700,0.0,0.0
2010-09-13 00:00:00-04:00,13.72999764012543,13.861443084044035,13.419309859438703,13.622451782226562,59900,0.0,0.0
2010-09-14 00:00:00-04:00,13.622457680964645,13.634407479148965,13.38346741525562,13.395417213439941,25750,0.0,0.0
2010-09-15 00:00:00-04:00,13.287875702652062,13.78975599638713,13.287875702652062,13.730008125305176,32850,0.0,0.0
2010-09-16 00:00:00-04:00,13.741954866881773,13.837550983483737,13.455166517075881,13.634408950805664,33750,0.0,0.0
2010-09-17 00:00:00-04:00,13.801700745324721,13.801700745324721,13.50296263888737,13.741952896118164,56350,0.0,0.0
2010-09-20 00:00:00-04:00,13.711990397501486,13.879794893454465,13.484256785848867,13.783906936645508,59800,0.07,0.0
2010-09-21 00:00:00-04:00,13.652061239821744,13.723976635670017,13.484256744384764,13.484256744384766,51300,0.0,0.0
2010-09-22 00:00:00-04:00,13.38836422866012,13.508224705023327,13.06474162832399,13.328433990478516,36900,0.0,0.0
2010-09-23 00:00:00-04:00,13.196593483400962,13.56815904625913,12.920914738404091,12.96885871887207,32950,0.0,0.0
2010-09-24 00:00:00-04:00,13.112686038697833,13.400350963192597,13.004812977970834,13.340420722961426,52850,0.0,0.0
2010-09-27 00:00:00-04:00,13.304472399190114,13.60412266815318,13.304472399190114,13.59213638305664,30900,0.0,0.0
2010-09-28 00:00:00-04:00,13.54418321418117,13.652057420851904,13.244533148128818,13.460280418395996,55550,0.0,0.0
2010-09-29 00:00:00-04:00,13.472265037011741,13.688013423795727,13.316446884675988,13.652055740356445,68800,0.0,0.0
2010-09-30 00:00:00-04:00,13.664048256486046,13.664048256486046,13.460286035098687,13.508231163024902,37800,0.0,0.0
2010-10-01 00:00:00-04:00,13.628090553616149,13.640076835597702,13.42432833222879,13.508231163024902,34400,0.0,0.0
2010-10-04 00:00:00-04:00,13.496238718169556,13.556168957636233,13.18460238740223,13.220560073852539,42950,0.0,0.0
2010-10-05 00:00:00-04:00,13.40035346013829,13.652059601551288,13.232548984838132,13.628087043762207,55150,0.0,0.0
2010-10-06 00:00:00-04:00,13.520219071886276,13.783911614130643,13.50823393052403,13.664051055908203,47750,0.0,0.0
2010-10-07 00:00:00-04:00,13.78390473480857,13.78390473480857,13.556171159534046,13.6400728225708,35700,0.0,0.0
2010-10-08 00:00:00-04:00,13.580139447649184,13.783901562188337,13.580139447649184,13.747943878173828,34200,0.0,0.0
2010-10-11 00:00:00-04:00,13.747941854570213,13.843829759877629,13.652053949262797,13.699997901916504,33150,0.0,0.0
2010-10-12 00:00:00-04:00,13.628088721062301,13.879794893454465,13.580144742657822,13.783906936645508,54500,0.0,0.0
2010-10-13 00:00:00-04:00,13.879792268099088,14.083554423545268,13.735960360091383,13.951708793640137,58050,0.0,0.0
2010-10-14 00:00:00-04:00,13.891780944566921,13.999655179965393,13.66404619359802,13.939724922180176,41700,0.0,0.0
2010-10-15 00:00:00-04:00,14.011640548298127,14.023626828667899,13.688018979836551,13.783906936645508,64650,0.0,0.0
2010-10-18 00:00:00-04:00,13.783909724236615,14.275335888034816,13.723979453342357,14.107532501220703,57400,0.0,0.0
2010-10-19 00:00:00-04:00,13.873100124474036,14.17364388899599,13.64468736789008,13.81299114227295,48400,0.07,0.0
2010-10-20 00:00:00-04:00,13.825014432765547,14.0053402493821,13.692775577012315,13.921188354492188,54500,0.0,0.0
2010-10-21 00:00:00-04:00,13.921196776104726,14.353979685686141,13.524478822367358,13.897153854370117,54350,0.0,0.0
2010-10-22 00:00:00-04:00,13.993318875843467,14.029383808598977,13.728840027174806,13.788949012756348,28250,0.0,0.0
2010-10-25 00:00:00-04:00,13.94523319764596,14.161623960539618,13.82501521543998,13.885124206542969,28800,0.0,0.0
2010-10-26 00:00:00-04:00,13.752879056709835,14.12555374507507,13.752879056709835,14.005335807800293,30400,0.0,0.0
2010-10-27 00:00:00-04:00,13.981299103981852,14.101515948046938,13.825016174861888,13.873103141784668,34900,0.0,0.0
2010-10-28 00:00:00-04:00,13.945232730063601,14.005340572667533,13.704796773713435,13.728840827941895,34600,0.0,0.0
2010-10-29 00:00:00-04:00,13.704795974348773,13.945231916674942,13.704795974348773,13.788949012756348,33250,0.0,0.0
2010-11-01 00:00:00-04:00,13.78894886003075,13.957252642014698,13.284035221111855,13.416274070739746,80600,0.0,0.0
2010-11-02 00:00:00-04:00,13.584590080385782,13.644699114333509,13.344155091079331,13.63267707824707,54150,0.0,0.0
2010-11-03 00:00:00-04:00,13.668731041593263,13.78894901275635,13.404252192924602,13.788949012756348,46700,0.0,0.0
2010-11-04 00:00:00-04:00,13.969275780923939,14.101514641084433,13.716818941356728,14.077471733093262,72450,0.0,0.0
2010-11-05 00:00:00-04:00,14.029379844665527,14.065444767231067,13.849054085354613,14.029379844665527,41450,0.0,0.0
2010-11-08 00:00:00-05:00,13.945233673679915,14.137581534588545,13.885124680525047,14.017363548278809,37150,0.0,0.0
2010-11-09 00:00:00-05:00,14.0894944226505,14.16162429649832,13.885124535942218,13.957254409790039,39800,0.0,0.0
2010-11-10 00:00:00-05:00,13.957259953170807,14.161629921048354,13.885130050675278,13.945239067077637,34350,0.0,0.0
2010-11-11 00:00:00-05:00,13.885131820260675,14.065457745965197,13.825022796197743,13.897153854370117,29600,0.0,0.0
2010-11-12 00:00:00-05:00,13.704803466796875,13.96928246005682,13.704803466796875,13.704803466796875,25850,0.0,0.0
2010-11-15 00:00:00-05:00,13.825013168009862,13.909165055201298,13.584578385688994,13.81299114227295,28950,0.0,0.0
2010-11-16 00:00:00-05:00,13.752883247205725,13.933210208063416,13.392231618457478,13.596601486206055,54800,0.0,0.0
2010-11-17 00:00:00-05:00,13.626756872171525,13.638816224856365,13.433811829386745,13.49410629272461,15450,0.07,0.0
2010-11-18 00:00:00-05:00,13.626754183458377,13.97646729201422,13.51822233079571,13.711167335510254,24100,0.0,0.0
2010-11-19 00:00:00-05:00,13.747339253038145,13.916166645985712,13.662926131585625,13.86793041229248,22850,0.0,0.0
2010-11-22 00:00:00-05:00,13.855867747752765,13.904103969892981,13.349386840259356,13.662922859191895,38400,0.0,0.0
2010-11-23 00:00:00-05:00,13.566451126944106,13.626746695294543,13.05997019286814,13.156442642211914,58950,0.0,0.0
2010-11-24 00:00:00-05:00,13.301154536733153,13.578513758283076,13.180564520877066,13.506158828735352,41200,0.0,0.0
2010-11-26 00:00:00-05:00,13.39762708526984,13.530277598517747,13.240859028731238,13.3614501953125,18200,0.0,0.0
2010-11-29 00:00:00-05:00,13.325272087320956,13.566453248395035,13.120267812897364,13.385567665100098,49200,0.0,0.0
2010-11-30 00:00:00-05:00,13.289103047298159,13.566461258790488,13.216748081232282,13.49410629272461,35100,0.0,0.0
2010-12-01 00:00:00-05:00,13.711159280132076,13.976459080771015,13.542331925172338,13.62674617767334,59200,0.0,0.0
2010-12-02 00:00:00-05:00,13.590579173167072,13.928232978388454,13.530283563295335,13.843818664550781,32000,0.0,0.0
2010-12-03 00:00:00-05:00,13.723221711212794,13.92822599191965,13.711162365278854,13.86793041229248,28350,0.0,0.0
2010-12-06 00:00:00-05:00,13.795575960963525,13.964403359714645,13.783517764657603,13.807635307312012,29100,0.0,0.0
2010-12-07 00:00:00-05:00,13.867930412292482,13.988521571546817,13.843811720424604,13.86793041229248,35700,0.0,0.0
2010-12-08 00:00:00-05:00,13.86793271262899,13.988523891886329,13.80763712300032,13.952345848083496,33900,0.0,0.0
2010-12-09 00:00:00-05:00,14.048810188675063,14.169401298036878,13.95233776120243,14.157341957092285,39300,0.0,0.0
2010-12-10 00:00:00-05:00,14.169408588331253,14.241763521184048,14.000581178369828,14.205585479736328,34200,0.0,0.0
2010-12-13 00:00:00-05:00,14.229702200719272,14.314115318972606,14.04881546869322,14.193525314331055,32350,0.0,0.0
2010-12-14 00:00:00-05:00,14.193527400501386,14.446766792482615,14.072936228092813,14.434708595275879,41050,0.0,0.0
2010-12-15 00:00:00-05:00,14.446764669091056,14.675887632982223,14.109111046035238,14.193525314331055,50650,0.0,0.0
2010-12-16 00:00:00-05:00,14.20557552370788,14.579406973034699,14.181457996354899,14.410579681396484,51250,0.0,0.0
2010-12-17 00:00:00-05:00,14.350295883670782,14.531182662062262,14.265882743780423,14.36235523223877,86900,0.0,0.0
2010-12-20 00:00:00-05:00,14.374408896027033,14.579413140436797,14.21764087677002,14.21764087677002,39700,0.0,0.0
2010-12-21 00:00:00-05:00,14.405118348978165,14.550257943897474,14.30835861903196,14.380928993225098,32300,0.07,0.0
2010-12-22 00:00:00-05:00,14.51397104865741,14.51397104865741,14.22369190451629,14.405116081237793,37350,0.0,0.0
2010-12-23 00:00:00-05:00,14.368828422057007,14.562347810346012,14.332543825119455,14.393017768859863,28150,0.0,0.0
2010-12-27 00:00:00-05:00,14.5018741700369,14.513969421386719,14.332545265006047,14.513969421386719,37250,0.0,0.0
2010-12-28 00:00:00-05:00,14.489777817404137,14.5139683182652,14.211593978301341,14.368828773498535,34050,0.0,0.0
2010-12-29 00:00:00-05:00,14.320449581131188,14.50187373203225,14.163214778732511,14.259974479675293,31600,0.0,0.0
2010-12-30 00:00:00-05:00,14.259981276378936,14.320456406658957,14.066461782256598,14.126936912536621,33950,0.0,0.0
2010-12-31 00:00:00-05:00,14.066455906473147,14.139025109722121,13.933411598205566,13.933411598205566,36750,0.0,0.0
2011-01-03 00:00:00-05:00,13.993883535731955,14.296257863840019,13.969694189285901,14.018074035644531,47750,0.0,0.0
2011-01-04 00:00:00-05:00,14.126921445899733,14.272060907587836,13.933402163648926,14.114826202392578,48100,0.0,0.0
2011-01-05 00:00:00-05:00,14.12693383247268,14.489782228107448,14.12693383247268,14.344642639160156,43550,0.0,0.0
2011-01-06 00:00:00-05:00,14.320451934693603,14.562351226806642,14.06645738960821,14.56235122680664,48100,0.0,0.0
2011-01-07 00:00:00-05:00,14.5381671776093,14.5381671776093,14.272077282486402,14.489786148071289,24500,0.0,0.0
2011-01-10 00:00:00-05:00,14.393024752711021,14.562354876360327,14.272075653076172,14.272075653076172,35000,0.0,0.0
2011-01-11 00:00:00-05:00,14.380924023929065,14.393018120893029,14.078549683965207,14.368828773498535,35200,0.0,0.0
2011-01-12 00:00:00-05:00,14.453499598419961,14.574449849171758,14.284170631527939,14.441404342651367,52850,0.0,0.0
2011-01-13 00:00:00-05:00,14.477688723171303,14.562353198507491,14.272074008668875,14.380928993225098,25050,0.0,0.0
2011-01-14 00:00:00-05:00,14.356741777243457,14.513976662840294,14.356741777243457,14.489786148071289,22350,0.0,0.0
2011-01-18 00:00:00-05:00,14.405118479832733,14.622828450922833,14.332549258447353,14.574448585510254,52150,0.0,0.0
2011-01-19 00:00:00-05:00,14.616908136519603,14.701819264539065,13.986136451725448,14.071048736572266,47850,0.07,0.0
2011-01-20 00:00:00-05:00,13.949738236014614,14.289383712632189,13.864827156066896,13.864827156066895,28000,0.0,0.0
2011-01-21 00:00:00-05:00,13.937609418855743,14.289385422363637,13.864828814999953,13.88908863067627,39700,0.0,0.0
2011-01-24 00:00:00-05:00,13.86482880970636,13.98613020169531,13.792047049051517,13.81630802154541,41250,0.0,0.0
2011-01-25 00:00:00-05:00,13.804173307779084,13.937605145151567,13.646480505342614,13.913345336914062,34200,0.0,0.0
2011-01-26 00:00:00-05:00,14.046786084057977,14.471343987359804,13.974005456354774,14.313651084899902,62000,0.0,0.0
2011-01-27 00:00:00-05:00,14.289382929868147,14.410685457571464,13.779914164436834,13.828434944152832,54600,0.0,0.0
2011-01-28 00:00:00-05:00,13.767783653293298,13.949736272376285,13.403877258300783,13.403877258300781,75300,0.0,0.0
2011-01-31 00:00:00-05:00,13.670743987840233,13.792045365018069,12.688196701518264,12.785238265991211,140050,0.0,0.0
2011-02-01 00:00:00-05:00,12.736719350103,13.610094715164443,12.736719350103,13.367490768432617,86850,0.0,0.0
2011-02-02 00:00:00-05:00,13.343231906003636,13.573705402648887,13.306841597444292,13.331101417541504,22400,0.0,0.0
2011-02-03 00:00:00-05:00,13.355362394465768,13.585835891111019,13.173408538014941,13.331101417541504,52250,0.0,0.0
2011-02-04 00:00:00-05:00,13.294712054736769,13.488795256629299,13.076367874194105,13.100628852844238,57900,0.0,0.0
2011-02-07 00:00:00-05:00,13.149148717917729,13.464534476970853,13.100627920896253,13.331101417541504,53100,0.0,0.0
2011-02-08 00:00:00-05:00,13.343227802660989,13.719264731557908,13.270446051097274,13.707134246826172,67150,0.0,0.0
2011-02-09 00:00:00-05:00,13.707137484378586,13.707137484378586,13.18553808598195,13.258319854736328,112400,0.0,0.0
2011-02-10 00:00:00-05:00,13.137025452964524,13.67075567050407,13.11276561952783,13.47667121887207,44300,0.0,0.0
2011-02-11 00:00:00-05:00,13.46452899322297,13.925475798781983,13.46452899322297,13.840564727783203,56500,0.0,0.0
2011-02-14 00:00:00-05:00,13.804173069109316,14.083167221562555,13.767782778968996,13.937604904174805,75500,0.0,0.0
2011-02-15 00:00:00-05:00,13.840568839732695,14.131693589785556,13.828438352607094,13.97400188446045,65800,0.0,0.0
2011-02-16 00:00:00-05:00,13.992248091521951,14.053084184859832,13.785406070384338,13.870575904846191,77150,0.07,0.0
2011-02-17 00:00:00-05:00,13.882741425537075,13.99224614625098,13.77323670482317,13.98007869720459,47500,0.0,0.0
2011-02-18 00:00:00-05:00,14.028751057519909,14.211259360614333,13.943581212287114,14.17475700378418,44950,0.0,0.0
2011-02-22 00:00:00-05:00,14.089594875129245,14.174764767007817,13.7854153637312,13.821916580200195,52650,0.0,0.0
2011-02-23 00:00:00-05:00,13.919247387441466,14.126089450781826,13.432560862141912,13.542065620422363,61950,0.0,0.0
2011-02-24 00:00:00-05:00,13.60290980791175,13.894921896581234,13.590742347462298,13.797584533691406,35200,0.0,0.0
2011-02-25 00:00:00-05:00,13.809743555103497,14.016585614932874,13.651570146977962,13.931414604187012,44100,0.0,0.0
2011-02-28 00:00:00-05:00,13.980084758449602,14.138258183575381,13.627236705585112,13.858413696289062,105550,0.0,0.0
2011-03-01 00:00:00-05:00,13.955753694813923,13.992254904448558,13.761079029625828,13.809747695922852,34550,0.0,0.0
2011-03-02 00:00:00-05:00,13.821916580200195,13.99225752431009,13.7854153637312,13.821916580200195,46350,0.0,0.0
2011-03-03 00:00:00-05:00,13.980079436048491,13.980079436048491,13.894909608926163,13.955745697021484,43700,0.0,0.0
2011-03-04 00:00:00-05:00,13.992253658929027,13.992253658929027,13.688074231561005,13.846247673034668,36550,0.0,0.0
2011-03-07 00:00:00-05:00,13.992257255147946,13.992257255147946,13.615074157714846,13.615074157714844,38300,0.0,0.0
2011-03-08 00:00:00-05:00,13.615065241108669,13.89491080632213,13.615065241108669,13.870575904846191,44750,0.0,0.0
2011-03-09 00:00:00-05:00,13.9070782570601,13.992248091521951,13.79757352112231,13.870575904846191,23450,0.0,0.0
2011-03-10 00:00:00-05:00,13.761070520323772,13.834072894451259,13.505559890173934,13.590729713439941,39400,0.0,0.0
2011-03-11 00:00:00-05:00,13.505566921253598,13.834080096556862,13.505566921253598,13.688074111938477,37350,0.0,0.0
2011-03-14 00:00:00-04:00,13.529897423302957,13.639402175562633,13.432560123594833,13.566398620605469,25550,0.0,0.0
2011-03-15 00:00:00-04:00,13.38389634764399,13.542069807358454,13.33522768006666,13.396063804626465,40000,0.0,0.0
2011-03-16 00:00:00-04:00,13.40822696412512,13.590734118956421,13.335223405981283,13.359557151794434,66300,0.0,0.0
2011-03-17 00:00:00-04:00,13.390070072292813,13.670809353256736,13.29242152551732,13.536542892456055,43300,0.07,0.0
2011-03-18 00:00:00-04:00,13.634195042745773,13.70743089015236,13.475515821281093,13.646401405334473,46900,0.0,0.0
2011-03-21 00:00:00-04:00,13.731842683180474,13.731842683180474,13.341248419358969,13.69522476196289,29950,0.0,0.0
2011-03-22 00:00:00-04:00,13.695231350341349,13.695231350341349,13.426697082748655,13.609787940979004,25400,0.0,0.0
2011-03-23 00:00:00-04:00,13.560958924687117,13.71963815660576,13.512134635178526,13.70743179321289,22900,0.0,0.0
2011-03-24 00:00:00-04:00,13.731844298727408,13.878317164892957,13.609782994891352,13.866110801696777,50750,0.0,0.0
2011-03-25 00:00:00-04:00,13.841704365090559,13.866115936459904,13.695231444684605,13.792880058288574,24350,0.0,0.0
2011-03-28 00:00:00-04:00,13.853898514025786,13.91492797065439,13.670806651953171,13.731837272644043,39450,0.0,0.0
2011-03-29 00:00:00-04:00,13.69522134690603,13.902724788833577,13.42668727545936,13.829487800598145,87600,0.0,0.0
2011-03-30 00:00:00-04:00,13.927137657171052,13.927137657171052,13.744046915389134,13.914931297302246,76250,0.0,0.0
2011-03-31 00:00:00-04:00,13.927134772995421,13.96375268095608,13.731837711788838,13.805074691772461,99250,0.0,0.0
2011-04-01 00:00:00-04:00,13.914940246781159,13.9759709213149,13.683025080428902,13.841704368591309,82950,0.0,0.0
2011-04-04 00:00:00-04:00,13.939354310440217,14.15906429407157,13.756263433456361,14.11023998260498,62000,0.0,0.0
2011-04-05 00:00:00-04:00,14.122445187424074,14.15906429407157,13.988178621906806,14.11023998260498,20750,0.0,0.0
2011-04-06 00:00:00-04:00,14.159055039493099,14.232290876793197,14.036993758576074,14.146848678588867,27350,0.0,0.0
2011-04-07 00:00:00-04:00,14.207878510424527,14.207878510424527,13.878313769142895,13.93934440612793,20950,0.0,0.0
2011-04-08 00:00:00-04:00,14.02479076385498,14.159058437902711,13.792875671324328,14.02479076385498,51850,0.0,0.0
2011-04-11 00:00:00-04:00,14.110231749304603,14.171261229979669,13.683018400202787,13.69522476196289,28750,0.0,0.0
2011-04-12 00:00:00-04:00,13.69522134690603,13.963754254290262,13.69522134690603,13.829487800598145,55600,0.0,0.0
2011-04-13 00:00:00-04:00,13.93934401703986,14.049198927734029,13.7684584710642,13.914931297302246,30900,0.0,0.0
2011-04-14 00:00:00-04:00,13.817288158962139,14.061410795715409,13.817288158962139,13.975967407226562,12250,0.0,0.0
2011-04-15 00:00:00-04:00,13.951550586176733,14.146847690756843,13.841695673834781,14.098023414611816,66700,0.0,0.0
2011-04-18 00:00:00-04:00,13.914933278293356,14.098025210203595,13.829491075172873,13.902728080749512,35950,0.0,0.0
2011-04-19 00:00:00-04:00,13.957825450937253,14.092506974635551,13.786414300995252,13.90885066986084,28100,0.07,0.0
2011-04-20 00:00:00-04:00,14.153728014304257,14.214945624735897,13.810903324101488,14.129240036010742,69350,0.0,0.0
2011-04-21 00:00:00-04:00,14.19045505353873,14.19045505353873,13.89660639779463,13.970067977905273,22300,0.0,0.0
2011-04-25 00:00:00-04:00,13.921094657042666,14.068019000271903,13.774170313813428,13.90885066986084,40450,0.0,0.0
2011-04-26 00:00:00-04:00,13.92109177939882,14.080260076908031,13.92109177939882,13.99455451965332,26500,0.0,0.0
2011-04-27 00:00:00-04:00,14.043532134102643,14.080262927841721,13.933338585234523,14.031288146972656,14500,0.0,0.0
2011-04-28 00:00:00-04:00,14.019045082849816,14.06801986694336,13.89660870644144,14.06801986694336,11000,0.0,0.0
2011-04-29 00:00:00-04:00,14.080262987453727,14.080262987453727,13.810901107708016,13.90885066986084,66000,0.0,0.0
2011-05-02 00:00:00-04:00,13.994556262553388,14.043531039605554,13.82314395904541,13.82314395904541,40500,0.0,0.0
2011-05-03 00:00:00-04:00,13.79866119665432,14.080265955287528,13.79866119665432,13.835391998291016,52500,0.0,0.0
2011-05-04 00:00:00-04:00,13.823140873297234,14.080258687337238,13.774166107177734,13.774166107177734,35950,0.0,0.0
2011-05-05 00:00:00-04:00,13.774169065041448,13.945581367094022,13.529295181859755,13.578269958496094,66550,0.0,0.0
2011-05-06 00:00:00-04:00,13.700711522354581,13.810905103571171,13.602761931862327,13.676224708557129,25000,0.0,0.0
2011-05-09 00:00:00-04:00,13.71295094438522,13.786413696604704,13.639489359816569,13.725194931030273,25500,0.0,0.0
2011-05-10 00:00:00-04:00,13.823152954441374,13.945590560573274,13.688472521817525,13.884371757507324,28400,0.0,0.0
2011-05-11 00:00:00-04:00,13.872127290624071,13.89661527807656,13.55379045965078,13.651740074157715,46050,0.0,0.0
2011-05-12 00:00:00-04:00,13.541536276169758,13.835384873237143,13.541536276169758,13.737435340881348,24300,0.0,0.0
2011-05-13 00:00:00-04:00,13.712958875137426,13.823152483370604,13.55379045965078,13.651740074157715,27000,0.0,0.0
2011-05-16 00:00:00-04:00,13.615003205970718,13.700708788637709,13.48032283782959,13.48032283782959,48950,0.0,0.0
2011-05-17 00:00:00-04:00,13.468077129185515,13.712951025276901,13.468077129185515,13.56602668762207,101650,0.0,0.0
2011-05-18 00:00:00-04:00,13.535323638089842,13.621300814555914,13.252825360435189,13.326520919799805,75750,0.07,0.0
2011-05-19 00:00:00-04:00,13.400209422803197,13.400209422803197,13.08086409138967,13.301949501037598,137800,0.0,0.0
2011-05-20 00:00:00-04:00,13.228259559670526,13.326519514225557,12.958044098968662,13.01945686340332,50000,0.0,0.0
2011-05-23 00:00:00-04:00,12.97032470494939,13.142279010828183,11.361316169828017,12.15967845916748,550000,0.0,0.0
2011-05-24 00:00:00-04:00,11.938597972189054,12.135117910603487,11.57012250198638,12.061422348022461,312050,0.0,0.0
2011-05-25 00:00:00-04:00,11.582402990027912,12.208809876444818,11.557837416930662,12.110549926757812,154500,0.0,0.0
2011-05-26 00:00:00-04:00,12.012286467272745,12.45445728302002,11.877179368766997,12.45445728302002,92600,0.0,0.0
2011-05-27 00:00:00-04:00,12.380767746022626,12.46674492563281,12.159682231195044,12.257942199707031,78400,0.0,0.0
2011-05-31 00:00:00-04:00,12.28250467475773,12.454460161890673,12.221091917113757,12.356200218200684,98400,0.0,0.0
2011-06-01 00:00:00-04:00,12.282506076253686,12.331636053704658,11.975443424347343,11.987726211547852,74000,0.0,0.0
2011-06-02 00:00:00-04:00,11.975444335130387,11.987727123265053,11.840337179702509,11.926314353942871,89700,0.0,0.0
2011-06-03 00:00:00-04:00,11.815761519119931,11.975434114542516,11.791197135166536,11.852608680725098,50000,0.0,0.0
2011-06-06 00:00:00-04:00,11.815768712473721,12.159678496642053,11.815768712473721,11.864898681640625,46200,0.0,0.0
2011-06-07 00:00:00-04:00,11.864900513824821,12.085985994891459,11.828053324097395,11.901747703552246,30500,0.0,0.0
2011-06-08 00:00:00-04:00,11.901741000154146,12.110543576591095,11.791199493231982,11.803481101989746,35950,0.0,0.0
2011-06-09 00:00:00-04:00,11.815764562270962,12.012284369912404,11.742070220080645,11.840330123901367,36800,0.0,0.0
2011-06-10 00:00:00-04:00,11.778919009624223,11.840331750788026,11.545550827471892,11.594680786132812,53650,0.0,0.0
2011-06-13 00:00:00-04:00,11.570124091640634,11.656101283671806,11.398168536226898,11.557841300964355,93400,0.0,0.0
2011-06-14 00:00:00-04:00,11.631531620935544,11.877181466770066,11.508706112342852,11.864898681640625,46050,0.0,0.0
2011-06-15 00:00:00-04:00,11.717514095198455,11.815774078153257,11.58240691147345,11.619254112243652,35150,0.0,0.0
2011-06-16 00:00:00-04:00,11.539121673603901,11.896637161628021,11.526794445238554,11.65007495880127,46550,0.07,0.0
2011-06-17 00:00:00-04:00,11.736367555148153,11.871976414352718,11.613085918997955,11.662398338317871,71950,0.0,0.0
2011-06-20 00:00:00-04:00,11.588429901269938,11.711711545715724,11.55144587821656,11.613086700439453,47400,0.0,0.0
2011-06-21 00:00:00-04:00,11.613090922302588,11.773356648065308,11.55145007767057,11.65007495880127,54600,0.0,0.0
2011-06-22 00:00:00-04:00,11.551448567454793,11.63774503323658,11.526792938246212,11.563776969909668,41750,0.0,0.0
2011-06-23 00:00:00-04:00,11.526786832777649,11.72403646477247,11.366521212856721,11.711708068847656,52400,0.0,0.0
2011-06-24 00:00:00-04:00,11.711707131340537,11.73636392121642,11.403504312094734,11.465145111083984,126850,0.0,0.0
2011-06-27 00:00:00-04:00,11.428169415366819,11.65007480717207,11.415841011460609,11.600762367248535,73200,0.0,0.0
2011-06-28 00:00:00-04:00,11.650066332351287,11.650066332351287,11.428161101970614,11.465145111083984,40300,0.0,0.0
2011-06-29 00:00:00-04:00,11.477474396322773,11.588426432269367,11.440489208640033,11.526786804199219,55150,0.0,0.0
2011-06-30 00:00:00-04:00,11.600762010301187,11.613090413828061,11.37885544962254,11.391183853149414,59000,0.0,0.0
2011-07-01 00:00:00-04:00,11.428161288066788,11.551441712352336,11.403504497789395,11.514457702636719,59900,0.0,0.0
2011-07-05 00:00:00-04:00,11.477473506021925,11.514457515135295,11.440488321208104,11.465145111083984,27500,0.0,0.0
2011-07-06 00:00:00-04:00,11.440489208640033,11.526786804199219,11.440489208640033,11.526786804199219,54750,0.0,0.0
2011-07-07 00:00:00-04:00,11.58842666678443,11.945941925048828,11.563771050197523,11.945941925048828,63850,0.0,0.0
2011-07-08 00:00:00-04:00,11.773349056517613,11.871973874054259,11.711708251632068,11.76102066040039,39400,0.0,0.0
2011-07-11 00:00:00-04:00,11.650067446746524,11.859645477937038,11.650067446746524,11.76102066040039,25650,0.0,0.0
2011-07-12 00:00:00-04:00,11.674731708282998,12.019918790506297,11.674731708282998,11.82266902923584,35400,0.0,0.0
2011-07-13 00:00:00-04:00,11.798008745320345,12.019915249222613,11.798008745320345,11.921290397644043,32400,0.0,0.0
2011-07-14 00:00:00-04:00,11.921286096767291,11.958270108841184,11.711708068847658,11.711708068847656,26600,0.0,0.0
2011-07-15 00:00:00-04:00,11.773348349591828,11.908957171636999,11.711707548407478,11.74869155883789,38950,0.0,0.0
2011-07-18 00:00:00-04:00,11.71171866076815,11.85965601855682,11.514468850383262,11.539124488830566,50600,0.0,0.0
2011-07-19 00:00:00-04:00,11.687052159672051,11.83499057054188,11.588427336225921,11.77334976196289,34800,0.0,0.0
2011-07-20 00:00:00-04:00,11.77954037186682,11.829034189394594,11.631057739257812,11.631057739257812,42400,0.07,0.0
2011-07-21 00:00:00-04:00,11.631053489508789,11.816656122441799,11.631053489508789,11.767162322998047,50650,0.0,0.0
2011-07-22 00:00:00-04:00,11.730039188814922,11.76716041740521,11.692919140249705,11.717666625976562,20000,0.0,0.0
2011-07-25 00:00:00-04:00,11.705295783124424,11.730042094957163,11.544440626122856,11.569188117980957,29450,0.0,0.0
2011-07-26 00:00:00-04:00,11.569195325224062,11.643435486996916,11.420712641626164,11.433086395263672,22650,0.0,0.0
2011-07-27 00:00:00-04:00,11.383587757245444,11.53206919816303,10.93814343449268,11.173238754272461,91050,0.0,0.0
2011-07-28 00:00:00-04:00,11.111370594877462,11.24747946008733,11.012382972920575,11.197985649108887,30500,0.0,0.0
2011-07-29 00:00:00-04:00,11.098996921975111,11.272224653137831,11.07424942893734,11.136116981506348,41600,0.0,0.0
2011-08-01 00:00:00-04:00,11.24748215945396,11.296975982310792,11.012385615864643,11.185614585876465,42950,0.0,0.0
2011-08-02 00:00:00-04:00,11.148495265598223,11.272229241072052,10.962892532348633,10.962892532348633,36700,0.0,0.0
2011-08-03 00:00:00-04:00,10.950514224069073,11.136115680059959,10.665923987521062,11.061874389648438,36750,0.0,0.0
2011-08-04 00:00:00-04:00,10.93814531111036,10.987639133241029,10.591688556195667,10.604061126708984,91800,0.0,0.0
2011-08-05 00:00:00-04:00,10.653551358459874,11.012381742983367,10.319468466674403,10.418456077575684,74550,0.0,0.0
2011-08-08 00:00:00-04:00,10.059625351490753,10.208106762801183,8.94601358663718,9.106868743896484,166650,0.0,0.0
2011-08-09 00:00:00-04:00,9.354342139903187,10.641183410113642,9.094499253515908,10.505074501037598,115000,0.0,0.0
2011-08-10 00:00:00-04:00,10.2204804544097,10.2204804544097,9.280097007751465,9.280097007751465,101300,0.0,0.0
2011-08-11 00:00:00-04:00,9.292469959127683,9.515192055866397,9.057374117563835,9.391457557678223,101400,0.0,0.0
2011-08-12 00:00:00-04:00,9.428577720639199,9.861648764288217,9.317216965994534,9.750288009643555,63200,0.0,0.0
2011-08-15 00:00:00-04:00,9.88639694114993,10.084372166100177,9.83690313491237,9.923518180847168,55500,0.0,0.0
2011-08-16 00:00:00-04:00,9.874023784596897,9.9977583001908,9.688421716199686,9.923518180847168,82200,0.0,0.0
2011-08-17 00:00:00-04:00,9.91730427620326,10.190713405879528,9.91730427620326,10.141002655029297,51000,0.07,0.0
2011-08-18 00:00:00-04:00,9.793031924476603,9.793031924476603,9.420200528214114,9.544477462768555,71200,0.0,0.0
2011-08-19 00:00:00-04:00,9.345626042153079,9.730884492373114,9.171638488769531,9.171638488769531,67950,0.0,0.0
2011-08-22 00:00:00-04:00,9.469905352466231,9.55689944829895,9.295917753399591,9.320773124694824,81300,0.0,0.0
2011-08-23 00:00:00-04:00,9.445048833582916,9.954584772124008,9.445048833582916,9.942156791687012,91500,0.0,0.0
2011-08-24 00:00:00-04:00,9.942160143188081,10.215569878981151,9.56932890077896,9.69360637664795,68350,0.0,0.0
2011-08-25 00:00:00-04:00,9.9048767819076,9.9048767819076,9.619039654086984,9.69360637664795,63950,0.0,0.0
2011-08-26 00:00:00-04:00,9.61903632768767,9.880017988603107,9.56932559157032,9.855162620544434,47550,0.0,0.0
2011-08-29 00:00:00-04:00,9.967016946729972,10.37713099214924,9.929732989729715,10.327420234680176,49600,0.0,0.0
2011-08-30 00:00:00-04:00,10.265281551000756,10.339847095037262,10.016727762215814,10.290136337280273,28750,0.0,0.0
2011-08-31 00:00:00-04:00,10.35227198763635,10.439265491418933,10.054007530212402,10.054007530212402,57900,0.0,0.0
2011-09-01 00:00:00-04:00,9.99186844869152,10.240422154341049,9.693604001912085,9.743314743041992,62000,0.0,0.0
2011-09-02 00:00:00-04:00,9.569331930552305,9.755747610778466,9.44505500793457,9.44505500793457,51200,0.0,0.0
2011-09-06 00:00:00-04:00,9.271062081568543,9.494760415974126,9.171640599610507,9.308344841003418,75800,0.0,0.0
2011-09-07 00:00:00-04:00,9.507185779077528,9.730884051872799,9.407764324501853,9.681173324584961,42100,0.0,0.0
2011-09-08 00:00:00-04:00,9.643895513131788,9.929732045087007,9.37048578046318,9.420196533203125,45200,0.0,0.0
2011-09-09 00:00:00-04:00,9.370483867285294,9.544471466351935,9.196496268218652,9.320773124694824,53600,0.0,0.0
2011-09-12 00:00:00-04:00,9.196500905612398,9.556904267428369,9.17164552178368,9.519620895385742,46700,0.0,0.0
2011-09-13 00:00:00-04:00,9.556895368489835,9.681172171912625,9.382907843697932,9.643889427185059,36750,0.0,0.0
2011-09-14 00:00:00-04:00,9.768168639206833,9.904872860380651,9.532042358181116,9.805451393127441,41350,0.0,0.0
2011-09-15 00:00:00-04:00,9.929729877673505,9.929729877673505,9.494760589842533,9.581754684448242,53050,0.0,0.0
2011-09-16 00:00:00-04:00,9.581752739537956,9.581752739537956,9.407765178241432,9.482331275939941,70700,0.0,0.0
2011-09-19 00:00:00-04:00,9.39533693696405,9.631463202723298,9.345626206551435,9.569324493408203,53800,0.0,0.0
2011-09-20 00:00:00-04:00,9.525635321695372,9.600541948912687,9.375822067260742,9.375822067260742,45400,0.07,0.0
2011-09-21 00:00:00-04:00,9.375818939538089,9.588054014867527,9.163583268903894,9.213521003723145,42700,0.0,0.0
2011-09-22 00:00:00-04:00,9.088678083512486,9.300913191927336,8.938864260395443,9.02625560760498,115600,0.0,0.0
2011-09-23 00:00:00-04:00,9.013769718731195,9.176067659040143,8.988800850630186,9.138614654541016,37400,0.0,0.0
2011-09-26 00:00:00-04:00,9.176071831484863,9.28843208668304,9.076196313666506,9.250978469848633,36050,0.0,0.0
2011-09-27 00:00:00-04:00,9.3883076045014,9.463214242865169,9.138618809955501,9.250978469848633,52100,0.0,0.0
2011-09-28 00:00:00-04:00,9.275945348093641,9.313398956847736,8.92638111114502,8.92638111114502,73300,0.0,0.0
2011-09-29 00:00:00-04:00,9.176073240378754,9.188557979675478,8.789055251757366,8.976322174072266,58050,0.0,0.0
2011-09-30 00:00:00-04:00,8.851474353396402,9.076194216565025,8.564332008361816,8.564332008361816,96000,0.0,0.0
2011-10-03 00:00:00-04:00,8.576818915927682,8.876446092169333,8.289676478210934,8.30216121673584,98650,0.0,0.0
2011-10-04 00:00:00-04:00,8.264706257410426,8.814022162098507,8.06495523581658,8.75160026550293,98500,0.0,0.0
2011-10-05 00:00:00-04:00,8.78905007553103,8.826503676058127,8.476938920589431,8.651721000671387,50600,0.0,0.0
2011-10-06 00:00:00-04:00,8.651723439369707,8.901412790886862,8.614270423590353,8.776568412780762,42150,0.0,0.0
2011-10-07 00:00:00-04:00,8.789050575111805,8.863957185119002,8.427001662424615,8.601783752441406,50650,0.0,0.0
2011-10-10 00:00:00-04:00,8.789051553240565,8.93886478992759,8.501909218604656,8.739113807678223,59000,0.0,0.0
2011-10-11 00:00:00-04:00,8.701661190612148,8.863959179802556,8.614270423590353,8.776568412780762,57400,0.0,0.0
2011-10-12 00:00:00-04:00,8.801532741583568,9.35084772147763,8.776563878861111,9.300909996032715,73850,0.0,0.0
2011-10-13 00:00:00-04:00,9.250979890243688,9.250979890243688,8.91389966819892,8.976322174072266,62900,0.0,0.0
2011-10-14 00:00:00-04:00,9.051220716222526,9.17606502083364,8.938860544420221,9.063705444335938,70000,0.0,0.0
2011-10-17 00:00:00-04:00,9.02625560760498,9.201037706719205,8.926380122396852,9.02625560760498,51500,0.0,0.0
2011-10-18 00:00:00-04:00,9.101159152429023,9.413270236107124,8.926377112254588,9.338363647460938,62350,0.0,0.0
2011-10-19 00:00:00-04:00,9.294464248116624,9.407352671568527,9.093774249182909,9.131403923034668,52750,0.07,0.0
2011-10-20 00:00:00-04:00,9.118863251228952,9.294467053295229,8.968345706600715,9.143949508666992,34200,0.0,0.0
2011-10-21 00:00:00-04:00,9.281919222098244,9.357177953859459,9.131401758575816,9.269375801086426,40450,0.0,0.0
2011-10-24 00:00:00-04:00,9.319552779303773,9.69584721752046,9.29446652329623,9.645674705505371,57200,0.0,0.0
2011-10-25 00:00:00-04:00,9.59549757015492,9.59549757015492,9.219203313245616,9.269375801086426,46250,0.0,0.0
2011-10-26 00:00:00-04:00,9.457526256888812,9.645673451537427,9.231749982172541,9.595500946044922,44000,0.0,0.0
2011-10-27 00:00:00-04:00,9.796188802058754,10.034508449506943,9.608041649009838,10.021965026855469,83850,0.0,0.0
2011-10-28 00:00:00-04:00,9.921624062595129,10.247746006579519,9.909081232959181,10.034512519836426,49800,0.0,0.0
2011-10-31 00:00:00-04:00,9.934166418816703,10.435891512208666,9.909080164147106,10.335546493530273,117200,0.0,0.0
2011-11-01 00:00:00-04:00,10.009424106827629,10.285372878529135,9.78364783907185,9.833820343017578,79550,0.0,0.0
2011-11-02 00:00:00-04:00,10.034513096143828,10.26029002359336,9.87145211478663,10.134858131408691,50450,0.0,0.0
2011-11-03 00:00:00-04:00,10.247745805933604,10.323003978482879,9.971796382103069,10.297918319702148,37750,0.0,0.0
2011-11-04 00:00:00-04:00,10.222655973682986,10.398260318833142,10.097225323895794,10.373174667358398,33900,0.0,0.0
2011-11-07 00:00:00-05:00,10.24774129328826,10.661664648657252,10.09722381826377,10.611492156982422,53700,0.0,0.0
2011-11-08 00:00:00-05:00,10.661669774310575,10.96270486908375,10.636582918309243,10.93761920928955,49200,0.0,0.0
2011-11-09 00:00:00-05:00,10.699294957621527,10.724381804467939,10.122310638427734,10.122310638427734,76350,0.0,0.0
2011-11-10 00:00:00-05:00,10.297914814102114,10.410803230703813,10.197569820724311,10.348087310791016,40700,0.0,0.0
2011-11-11 00:00:00-05:00,10.41080543758023,10.636581122436745,10.235201063841224,10.586408615112305,32500,0.0,0.0
2011-11-14 00:00:00-05:00,10.53623550800839,10.5738657835148,10.348088915303792,10.486063003540039,43000,0.0,0.0
2011-11-15 00:00:00-05:00,10.58053207397461,10.58053207397461,10.36640215236862,10.58053207397461,28200,0.07,0.0
2011-11-16 00:00:00-05:00,10.454571157704041,10.555338010207185,10.215248982082349,10.253037452697754,57750,0.0,0.0
2011-11-17 00:00:00-05:00,10.240441164711816,10.35380417263531,9.698818438515394,9.824777603149414,63200,0.0,0.0
2011-11-18 00:00:00-05:00,9.849971152565551,9.96333358100865,9.736608123504533,9.7492036819458,38400,0.0,0.0
2011-11-21 00:00:00-05:00,9.761799440634316,9.761799440634316,9.257964510671547,9.421710968017578,68250,0.0,0.0
2011-11-22 00:00:00-05:00,9.409115248220543,9.472094842634329,9.320944536782752,9.383923530578613,24150,0.0,0.0
2011-11-23 00:00:00-05:00,9.320944833847658,9.320944833847658,9.069027048781647,9.132006645202637,58500,0.0,0.0
2011-11-25 00:00:00-05:00,9.081625637741896,9.194988701378291,9.069029474840915,9.157200813293457,25500,0.0,0.0
2011-11-28 00:00:00-05:00,9.320948377235007,9.33354394093668,9.194989737127406,9.220181465148926,61650,0.0,0.0
2011-11-29 00:00:00-05:00,9.24537077054695,9.308349773788875,9.169795606285833,9.182391166687012,25900,0.0,0.0
2011-11-30 00:00:00-05:00,9.346134470081598,9.446901321411133,9.194984193087294,9.446901321411133,109300,0.0,0.0
2011-12-01 00:00:00-05:00,9.446906320747097,9.724015308550369,9.346139416091361,9.547673225402832,47700,0.0,0.0
2011-12-02 00:00:00-05:00,9.686227413174377,9.72401469974541,9.62324780139853,9.698822975158691,26750,0.0,0.0
2011-12-05 00:00:00-05:00,9.761798590698916,9.925545033787953,9.724010718979196,9.837373733520508,43700,0.0,0.0
2011-12-06 00:00:00-05:00,9.83737778523959,10.051507745070026,9.673631274708304,9.93814468383789,31500,0.0,0.0
2011-12-07 00:00:00-05:00,9.887757980803377,10.051504437451099,9.648436375076221,9.963333129882812,25700,0.0,0.0
2011-12-08 00:00:00-05:00,9.862568230040232,9.862568230040232,9.610651016235352,9.610651016235352,34650,0.0,0.0
2011-12-09 00:00:00-05:00,9.63584488029597,10.013720785029879,9.63584488029597,9.9507417678833,44000,0.0,0.0
2011-12-12 00:00:00-05:00,9.698820218441876,9.837374964596165,9.648436783589029,9.761799812316895,44700,0.0,0.0
2011-12-13 00:00:00-05:00,9.799585603664921,9.812181159389162,9.509880614593884,9.535072326660156,32650,0.0,0.0
2011-12-14 00:00:00-05:00,9.459503232735198,9.724016078080203,9.446907068347343,9.673632621765137,41550,0.0,0.0
2011-12-15 00:00:00-05:00,9.724015235900879,9.87516619237334,9.509885865416297,9.724015235900879,43550,0.0,0.0
2011-12-16 00:00:00-05:00,9.761799958649181,9.812183394257291,9.635841369628906,9.635841369628906,90700,0.0,0.0
2011-12-19 00:00:00-05:00,9.654821990352954,9.756052004905891,9.465015411376953,9.465015411376953,40600,0.07,0.0
2011-12-20 00:00:00-05:00,9.604206734175186,9.705436746104661,9.42705360992014,9.55359172821045,76600,0.0,0.0
2011-12-21 00:00:00-05:00,9.477668615884877,9.642167686959507,9.325823597990665,9.55359172821045,47700,0.0,0.0
2011-12-22 00:00:00-05:00,9.553593321460568,9.692784309387207,9.553593321460568,9.692784309387207,40300,0.0,0.0
2011-12-23 00:00:00-05:00,9.75605597331125,9.806671001176055,9.680133431514045,9.781363487243652,22700,0.0,0.0
2011-12-27 00:00:00-05:00,9.730742921939964,9.806665420532227,9.718088870485394,9.806665420532227,42350,0.0,0.0
2011-12-28 00:00:00-05:00,9.743399086244608,9.79401409941638,9.490324020385742,9.490324020385742,36500,0.0,0.0
2011-12-29 00:00:00-05:00,9.566244045901817,9.8319730974584,9.52828309760996,9.68012809753418,35950,0.0,0.0
2011-12-30 00:00:00-05:00,9.73074390211393,9.73074390211393,9.59155233898488,9.654821395874023,39750,0.0,0.0
2012-01-03 00:00:00-05:00,9.831976954817467,10.12301362054323,9.730746915152615,10.009129524230957,53500,0.0,0.0
2012-01-04 00:00:00-05:00,9.996472752682587,10.123010260260154,9.756051186595998,9.93320369720459,30350,0.0,0.0
2012-01-05 00:00:00-05:00,9.933204253357543,10.009126762154928,9.86993579771562,9.99647331237793,23100,0.0,0.0
2012-01-06 00:00:00-05:00,10.021782920541835,10.148321065163916,9.933206339982096,10.059743881225586,33000,0.0,0.0
2012-01-09 00:00:00-05:00,10.08504849362599,10.236894102895407,10.072395044824281,10.211585998535156,39850,0.0,0.0
2012-01-10 00:00:00-05:00,10.287510669369562,10.527931663570662,10.24954971381297,10.515278816223145,54750,0.0,0.0
2012-01-11 00:00:00-05:00,10.502624712248839,10.667123794555664,10.452009702828047,10.667123794555664,33050,0.0,0.0
2012-01-12 00:00:00-05:00,10.69243009778866,10.755699157714844,10.54058507801999,10.755699157714844,32050,0.0,0.0
2012-01-13 00:00:00-05:00,10.616506693075467,10.818966690862425,10.616506693075467,10.692428588867188,39700,0.0,0.0
2012-01-17 00:00:00-05:00,10.793661367248665,10.844276379729335,10.730392299958558,10.806315422058105,59300,0.0,0.0
2012-01-18 00:00:00-05:00,10.818970724353035,10.856931686401367,10.768355706036182,10.856931686401367,60950,0.0,0.0
2012-01-19 00:00:00-05:00,10.888687937062393,10.91409969329834,10.609165888662343,10.91409969329834,52800,0.07,0.0
2012-01-20 00:00:00-05:00,10.863281227219838,11.028454065961151,10.799753025904,10.990336418151855,38700,0.0,0.0
2012-01-23 00:00:00-05:00,10.990339040893877,11.066573143005373,10.837872048370835,11.066573143005371,37350,0.0,0.0
2012-01-24 00:00:00-05:00,10.990336896698137,11.307976705408484,10.990336896698137,11.26986026763916,54200,0.0,0.0
2012-01-25 00:00:00-05:00,11.231743687984936,11.358798882844226,11.180921367701282,11.333388328552246,30600,0.0,0.0
2012-01-26 00:00:00-05:00,11.358803085597167,11.816205349088422,11.333392521903287,11.612915992736816,56000,0.0,0.0
2012-01-27 00:00:00-05:00,11.56209599553541,11.62562302348749,11.180927769320983,11.473155975341797,85150,0.0,0.0
2012-01-30 00:00:00-05:00,11.333391257054355,11.485858257302171,11.091984264553641,11.244452476501465,44350,0.0,0.0
2012-01-31 00:00:00-05:00,11.371508598327637,11.625620285388012,11.295275698059577,11.371508598327637,80150,0.0,0.0
2012-02-01 00:00:00-05:00,11.320682852998951,11.689144991241688,11.320682852998951,11.663734436035156,75250,0.0,0.0
2012-02-02 00:00:00-05:00,11.638329237705992,11.75267982992326,11.498568075940678,11.714563369750977,46300,0.0,0.0
2012-02-03 00:00:00-05:00,11.854321555363407,11.854321555363407,11.651032203215285,11.765382766723633,63550,0.0,0.0
2012-02-06 00:00:00-05:00,11.727270435780436,11.778094008622599,11.562098670846085,11.574803352355957,45200,0.0,0.0
2012-02-07 00:00:00-05:00,11.511266368250835,11.511266368250835,11.142804265264088,11.206331253051758,94300,0.0,0.0
2012-02-08 00:00:00-05:00,11.18091946205197,11.34609227774711,11.18091946205197,11.295269966125488,37250,0.0,0.0
2012-02-09 00:00:00-05:00,11.295272439328862,11.307977111241454,10.990337291131304,11.003043174743652,57650,0.0,0.0
2012-02-10 00:00:00-05:00,10.863286531934115,10.990341784909218,10.558352470753569,10.596468925476074,95950,0.0,0.0
2012-02-13 00:00:00-05:00,10.507527138148207,10.723521127932118,10.482115367761923,10.659994125366211,90750,0.0,0.0
2012-02-14 00:00:00-05:00,10.647291269006166,10.65999715781375,10.482118349608308,10.596468925476074,52300,0.0,0.0
2012-02-15 00:00:00-05:00,10.672701834921087,10.761641844873933,10.482118349608308,10.596468925476074,72000,0.0,0.0
2012-02-16 00:00:00-05:00,10.5773249140993,10.755953276731912,10.526288412890864,10.73043441772461,61400,0.07,0.0
2012-02-17 00:00:00-05:00,10.717673033654087,10.84526487180952,10.717673033654087,10.819746017456055,52150,0.0,0.0
2012-02-21 00:00:00-05:00,10.84527057509414,10.896307093834084,10.653883934020996,10.653883934020996,45350,0.0,0.0
2012-02-22 00:00:00-05:00,10.590088341908597,10.845270944295399,10.526292387110239,10.564569473266602,54600,0.0,0.0
2012-02-23 00:00:00-05:00,10.615603605887637,10.615603605887637,10.411457569898468,10.436976432800293,49350,0.0,0.0
2012-02-24 00:00:00-05:00,10.462492482178776,10.755953276731912,10.245587047841381,10.73043441772461,85100,0.0,0.0
2012-02-27 00:00:00-05:00,10.755957415119545,10.832511587983566,10.717679111880894,10.781475067138672,44500,0.0,0.0
2012-02-28 00:00:00-05:00,10.832510855730472,10.94734332407073,10.743197254490964,10.768714904785156,39950,0.0,0.0
2012-02-29 00:00:00-05:00,10.832512212783675,10.97286356580733,10.730439165206494,10.883548736572266,71300,0.0,0.0
2012-03-01 00:00:00-05:00,10.960103498499121,10.960103498499121,10.781475067138672,10.781475067138672,45150,0.0,0.0
2012-03-02 00:00:00-05:00,10.794235336598355,10.794235336598355,10.653885197619006,10.70492172241211,57250,0.0,0.0
2012-03-05 00:00:00-05:00,10.717677314073038,10.845269203186035,10.717677314073038,10.845269203186035,26050,0.0,0.0
2012-03-06 00:00:00-05:00,10.717676448704553,10.845268327515507,10.66663994054144,10.75595474243164,35600,0.0,0.0
2012-03-07 00:00:00-05:00,10.794239044189453,10.845275586512521,10.717683622301278,10.794239044189453,29300,0.0,0.0
2012-03-08 00:00:00-05:00,10.832506299095659,10.921821079571949,10.717673879059033,10.896302223205566,42100,0.0,0.0
2012-03-09 00:00:00-05:00,10.845273742623592,10.972865685141942,10.832514305010369,10.858033180236816,44250,0.0,0.0
2012-03-12 00:00:00-04:00,10.819752328403908,10.934584806362125,10.806994110591507,10.909067153930664,27850,0.0,0.0
2012-03-13 00:00:00-04:00,10.934584161733087,11.125972019316068,10.909066510805975,11.113212585449219,55150,0.0,0.0
2012-03-14 00:00:00-04:00,11.062176066788409,11.16424910411003,11.036657199054709,11.113212585449219,18850,0.0,0.0
2012-03-15 00:00:00-04:00,11.151489995904221,11.189768298622624,10.858030309236195,11.011139869689941,32800,0.0,0.0
2012-03-16 00:00:00-04:00,11.023899453756899,11.023899453756899,10.615606070191106,10.781475067138672,90300,0.0,0.0
2012-03-19 00:00:00-04:00,10.717676591731495,10.934582058520906,10.70491837712521,10.83250904083252,47750,0.0,0.0
2012-03-20 00:00:00-04:00,10.762043946421171,10.928599542634132,10.736420666457983,10.877351760864258,34100,0.07,0.0
2012-03-21 00:00:00-04:00,10.95422618333914,10.95422618333914,10.53143159572287,10.569867134094238,32300,0.0,0.0
2012-03-22 00:00:00-04:00,10.441746841907218,10.569866929793719,10.30081572270704,10.480183601379395,39550,0.0,0.0
2012-03-23 00:00:00-04:00,10.416123758765025,10.595491640904308,10.40331150535999,10.569867134094238,31500,0.0,0.0
2012-03-26 00:00:00-04:00,10.64673641681597,10.800479748594835,10.582676389780598,10.762042999267578,38600,0.0,0.0
2012-03-27 00:00:00-04:00,10.723608205251283,10.723608205251283,10.505804831539848,10.557052612304688,35050,0.0,0.0
2012-03-28 00:00:00-04:00,10.569864084353261,10.749231914739237,10.377685226102374,10.390496253967285,35650,0.0,0.0
2012-03-29 00:00:00-04:00,10.339252006102786,10.582679946276778,10.198320876737283,10.531432151794434,35050,0.0,0.0
2012-03-30 00:00:00-04:00,10.621111861343056,10.621111861343056,10.377685226102374,10.390496253967285,47850,0.0,0.0
2012-04-02 00:00:00-04:00,10.326442227422946,10.838920234457657,10.249569915445766,10.8261079788208,56000,0.0,0.0
2012-04-03 00:00:00-04:00,10.762042410958811,10.838914683567703,10.723606885576027,10.77485466003418,35200,0.0,0.0
2012-04-04 00:00:00-04:00,10.76204661604309,10.774858870124627,10.46737210323055,10.531432151794434,35200,0.0,0.0
2012-04-05 00:00:00-04:00,10.467376489766465,10.608307678191629,10.467376489766465,10.518624305725098,12550,0.0,0.0
2012-04-09 00:00:00-04:00,10.390497763112906,10.492993331979246,10.108634948730469,10.108634948730469,70000,0.0,0.0
2012-04-10 00:00:00-04:00,10.121447577141804,10.313627081382318,9.81396024817262,9.878020286560059,63000,0.0,0.0
2012-04-11 00:00:00-04:00,9.954890225928127,10.031761892002582,9.673027450321793,9.826770782470703,54150,0.0,0.0
2012-04-12 00:00:00-04:00,9.865206753712394,10.428933552120787,9.865206753712394,10.35206127166748,42100,0.0,0.0
2012-04-13 00:00:00-04:00,10.288003335895691,10.467371212237838,10.172696113586426,10.172696113586426,28850,0.0,0.0
2012-04-16 00:00:00-04:00,10.262379267376554,10.569865984595037,10.044575870552562,10.364874839782715,26000,0.0,0.0
2012-04-17 00:00:00-04:00,10.480180420023956,10.621111496443207,10.390495896990485,10.49299144744873,46600,0.0,0.0
2012-04-18 00:00:00-04:00,10.383623849951126,10.383623849951126,10.07481747552664,10.113418579101562,39100,0.07,0.0
2012-04-19 00:00:00-04:00,10.100548833805554,10.422222980996079,10.023347259355514,10.126282691955566,42000,0.0,0.0
2012-04-20 00:00:00-04:00,10.4222251176722,10.4222251176722,10.139152006445235,10.177752494812012,34950,0.0,0.0
2012-04-23 00:00:00-04:00,10.100553512573242,10.229222862925388,10.087686884309958,10.100553512573242,42550,0.0,0.0
2012-04-24 00:00:00-04:00,10.139156559866512,10.229224815533788,10.1262893156032,10.216358184814453,18800,0.0,0.0
2012-04-25 00:00:00-04:00,10.229220125832596,10.422225020033144,10.21635350101211,10.242087364196777,33650,0.0,0.0
2012-04-26 00:00:00-04:00,10.203490940551141,10.332160315464376,10.164890434849159,10.216358184814453,14550,0.0,0.0
2012-04-27 00:00:00-04:00,10.203488477549746,10.409360041259937,10.203488477549746,10.345025062561035,40450,0.0,0.0
2012-04-30 00:00:00-04:00,10.383621287241873,10.409355758969628,10.293553090369032,10.30642032623291,28000,0.0,0.0
2012-05-01 00:00:00-04:00,10.293553090369032,10.499423955842468,10.293553090369032,10.30642032623291,35000,0.0,0.0
2012-05-02 00:00:00-04:00,10.422225191285861,10.43509120277406,10.229220293913954,10.29355525970459,34800,0.0,0.0
2012-05-03 00:00:00-04:00,10.280686027138408,10.357888216530903,10.229218309905804,10.26781940460205,25500,0.0,0.0
2012-05-04 00:00:00-04:00,10.229222862925388,10.280690603066247,10.100553512573242,10.100553512573242,34150,0.0,0.0
2012-05-07 00:00:00-04:00,10.087684714566189,10.21635403724306,10.087684714566189,10.113418579101562,27500,0.0,0.0
2012-05-08 00:00:00-04:00,10.074818665182326,10.216355243611682,10.061952038167185,10.190621376037598,32100,0.0,0.0
2012-05-09 00:00:00-04:00,10.11341866210888,10.216354121095232,10.10055142296372,10.139152526855469,20500,0.0,0.0
2012-05-10 00:00:00-04:00,10.229221506187443,10.357891453017494,10.113419413001683,10.280689239501953,25000,0.0,0.0
2012-05-11 00:00:00-04:00,10.164887854013125,10.357892174151718,10.164887854013125,10.20348834991455,25750,0.0,0.0
2012-05-14 00:00:00-04:00,10.139155009448189,10.293558235733661,10.139155009448189,10.229223251342773,24350,0.0,0.0
2012-05-15 00:00:00-04:00,10.319291282180307,10.422226752025052,10.306424041677815,10.383625030517578,34500,0.0,0.0
2012-05-16 00:00:00-04:00,10.286703626824849,10.428856122034475,10.273780336596849,10.312549591064453,31300,0.07,0.0
2012-05-17 00:00:00-04:00,10.338393898711317,10.338393898711317,10.14454888986722,10.183318138122559,35550,0.0,0.0
2012-05-18 00:00:00-04:00,10.170394001731664,10.222085917616694,9.860242506421477,9.937780380249023,44150,0.0,0.0
2012-05-21 00:00:00-04:00,10.002398211334603,10.002398211334603,9.601785425176347,9.860245704650879,65850,0.0,0.0
2012-05-22 00:00:00-04:00,9.834400577489337,9.950707127771631,9.627632213022986,9.67932415008545,46000,0.0,0.0
2012-05-23 00:00:00-04:00,9.627633056479826,9.76978620396359,9.472557231706567,9.705171585083008,60500,0.0,0.0
2012-05-24 00:00:00-04:00,9.679319238419199,9.74393443506724,9.446705639675379,9.64055061340332,35250,0.0,0.0
2012-05-25 00:00:00-04:00,9.62762732758724,9.71808847965126,9.51132083632342,9.64055061340332,24700,0.0,0.0
2012-05-29 00:00:00-04:00,9.67932254931116,9.756861058297968,9.498400799513524,9.614707946777344,45700,0.0,0.0
2012-05-30 00:00:00-04:00,9.498402155223138,9.692247222924934,9.498402155223138,9.524248123168945,29000,0.0,0.0
2012-05-31 00:00:00-04:00,9.575932881938455,9.653470727661581,9.472549087640953,9.563010215759277,60400,0.0,0.0
2012-06-01 00:00:00-04:00,9.511325008794788,9.692246776074233,9.433787108532169,9.550093650817871,49600,0.0,0.0
2012-06-04 00:00:00-04:00,9.563010215759277,9.679316676235956,9.459626421461776,9.563010215759277,38800,0.0,0.0
2012-06-05 00:00:00-04:00,9.563016018263735,9.666399875290955,9.511324089750124,9.614707946777344,34050,0.0,0.0
2012-06-06 00:00:00-04:00,9.74393992762025,9.847323807560539,9.666402017665032,9.83440113067627,35850,0.0,0.0
2012-06-07 00:00:00-04:00,9.92485889792434,10.247933739062434,9.769783122069981,10.170395851135254,54500,0.0,0.0
2012-06-08 00:00:00-04:00,10.183316661481749,10.428852938701597,10.144547418848179,10.377161026000977,38050,0.0,0.0
2012-06-11 00:00:00-04:00,10.390087519140494,10.390087519140494,9.989474763955153,10.028244018554688,36500,0.0,0.0
2012-06-12 00:00:00-04:00,10.118703064662382,10.28670211564796,10.079934432106512,10.222086906433105,36100,0.0,0.0
2012-06-13 00:00:00-04:00,10.17039564544315,10.325471418161166,9.950704659317791,10.002396583557129,64150,0.0,0.0
2012-06-14 00:00:00-04:00,10.041163360967044,10.312546204470168,9.963625493711321,10.286700248718262,41200,0.0,0.0
2012-06-15 00:00:00-04:00,10.247933739062434,10.312548953776595,10.067012000565681,10.170395851135254,75200,0.0,0.0
2012-06-18 00:00:00-04:00,9.982174663332676,10.215827421782132,9.865347974623438,10.176885604858398,51550,0.07,0.0
2012-06-19 00:00:00-04:00,10.163906444998126,10.306694577421062,10.163906444998126,10.22881031036377,68100,0.0,0.0
2012-06-20 00:00:00-04:00,10.2677520879185,10.306694530755394,10.099003152876314,10.280733108520508,33800,0.0,0.0
2012-06-21 00:00:00-04:00,10.202848888011339,10.31967497911271,10.189867867350557,10.22881031036377,40800,0.0,0.0
2012-06-22 00:00:00-04:00,10.26774879873677,10.280729815180425,10.111980315226505,10.202845573425293,106900,0.0,0.0
2012-06-25 00:00:00-04:00,10.07303993443642,10.215827421782132,10.07303993443642,10.176885604858398,33250,0.0,0.0
2012-06-26 00:00:00-04:00,10.189867867350557,10.26775213440785,10.137945022645697,10.22881031036377,34600,0.0,0.0
2012-06-27 00:00:00-04:00,10.189867474218028,10.267751738270487,10.124964230325531,10.215828895568848,32700,0.0,0.0
2012-06-28 00:00:00-04:00,10.124964726256119,10.24179081857251,10.06006086021546,10.189867973327637,32400,0.0,0.0
2012-06-29 00:00:00-04:00,10.280736086624994,10.319677921773355,10.124967508092933,10.241793632507324,64750,0.0,0.0
2012-07-02 00:00:00-04:00,10.306698224911088,10.38458251953125,10.202852498750872,10.38458251953125,37600,0.0,0.0
2012-07-03 00:00:00-04:00,10.358612087049405,10.475438117980957,10.332650678068081,10.475438117980957,18400,0.0,0.0
2012-07-05 00:00:00-04:00,10.47544259719371,10.670154176263928,10.47544259719371,10.657173156738281,38300,0.0,0.0
2012-07-06 00:00:00-04:00,10.631210092514712,10.890825506240171,10.631210092514712,10.761017799377441,30900,0.0,0.0
2012-07-09 00:00:00-04:00,10.748039225496964,10.786982289175306,10.579289663372437,10.618232727050781,45700,0.0,0.0
2012-07-10 00:00:00-04:00,10.70909730225633,10.761020148749736,10.644193434654992,10.722078323364258,23650,0.0,0.0
2012-07-11 00:00:00-04:00,10.761022337272186,10.864868051378618,10.64419559941781,10.838907241821289,43350,0.0,0.0
2012-07-12 00:00:00-04:00,10.79996084073685,10.955729363869995,10.722077198139367,10.929768562316895,27000,0.0,0.0
2012-07-13 00:00:00-04:00,10.929772704577957,11.03361842602308,10.916791679912652,10.99467658996582,25850,0.0,0.0
2012-07-16 00:00:00-04:00,10.994672894842795,11.059576758417572,10.929769031268016,11.020633697509766,28300,0.0,0.0
2012-07-17 00:00:00-04:00,11.072555422379539,11.332169612517644,11.059575641326214,11.228323936462402,47150,0.0,0.0
2012-07-18 00:00:00-04:00,11.195741153612284,11.313042480068729,10.948104743767015,11.013272285461426,44250,0.07,0.0
2012-07-19 00:00:00-04:00,11.013268563371298,11.065402330513987,10.948101043701172,10.948101043701172,24350,0.0,0.0
2012-07-20 00:00:00-04:00,10.935068428933763,11.117535990694115,10.817767143249512,10.817767143249512,26800,0.0,0.0
2012-07-23 00:00:00-04:00,10.700469017028809,10.961137927200495,10.648335234994473,10.700469017028809,42300,0.0,0.0
2012-07-24 00:00:00-04:00,10.765640047363735,10.765640047363735,10.452837253693886,10.531037330627441,30150,0.0,0.0
2012-07-25 00:00:00-04:00,10.54407109110564,10.661372449473786,10.426769732737492,10.531037330627441,30100,0.0,0.0
2012-07-26 00:00:00-04:00,10.62226750332907,10.843836383145323,10.557101209356253,10.752602577209473,26150,0.0,0.0
2012-07-27 00:00:00-04:00,10.817770903345666,11.14360736885025,10.713503333821597,11.013272285461426,30450,0.0,0.0
2012-07-30 00:00:00-04:00,10.974170796499752,11.039338329517575,10.882936996055186,10.987204551696777,29100,0.0,0.0
2012-07-31 00:00:00-04:00,11.000243879247705,11.078445215913046,10.609240924825237,10.622273445129395,63400,0.0,0.0
2012-08-01 00:00:00-04:00,10.726538034124538,10.804739348690719,10.478902816772461,10.478902816772461,70650,0.0,0.0
2012-08-02 00:00:00-04:00,10.47889888989757,10.66136772686159,10.465865135192871,10.465865135192871,42100,0.0,0.0
2012-08-03 00:00:00-04:00,10.66136594589991,10.974168548756044,10.439797124801716,10.948101043701172,49350,0.0,0.0
2012-08-06 00:00:00-04:00,10.987206954635793,11.091474533081055,10.92203940736561,11.091474533081055,35950,0.0,0.0
2012-08-07 00:00:00-04:00,11.09147859591703,11.143612404236404,10.987210979278283,11.039344787597656,46300,0.0,0.0
2012-08-08 00:00:00-04:00,11.013266761849648,11.078434270859841,10.89596549422467,10.961133003234863,23900,0.0,0.0
2012-08-09 00:00:00-04:00,11.000244140625,11.143613054090041,10.94811032926538,11.000244140625,25250,0.0,0.0
2012-08-10 00:00:00-04:00,10.987204551696777,11.013270819123521,10.948103286105699,10.987204551696777,19050,0.0,0.0
2012-08-13 00:00:00-04:00,10.974173926524685,11.091475270819684,10.948106408695724,11.065407752990723,27200,0.0,0.0
2012-08-14 00:00:00-04:00,11.078437579988313,11.391240225111144,11.026303805801174,11.052370071411133,59650,0.0,0.0
2012-08-15 00:00:00-04:00,11.013272662189273,11.378209168006792,11.013272662189273,11.260909080505371,36050,0.0,0.0
2012-08-16 00:00:00-04:00,11.273943037858217,11.44337817655837,11.182709210468778,11.365178108215332,61650,0.0,0.0
2012-08-17 00:00:00-04:00,11.404280557460844,11.404280557460844,11.27394542533126,11.391246795654297,54450,0.0,0.0
2012-08-20 00:00:00-04:00,11.384698255291855,11.476300126361078,10.900521572081276,11.358527183532715,82450,0.07,0.0
2012-08-21 00:00:00-04:00,11.28000866059019,11.410867730661707,11.083721303447497,11.201494216918945,41600,0.0,0.0
2012-08-22 00:00:00-04:00,11.122983041133718,11.22766984050718,10.926695604299747,11.018296241760254,47800,0.0,0.0
2012-08-23 00:00:00-04:00,10.93977976278805,10.979038245815872,10.573375990283377,10.651891708374023,84600,0.0,0.0
2012-08-24 00:00:00-04:00,10.612636023805173,11.057555631721884,10.612636023805173,10.926697731018066,32500,0.0,0.0
2012-08-27 00:00:00-04:00,10.93978039249772,11.05755335243037,10.926695478700262,10.952866554260254,34850,0.0,0.0
2012-08-28 00:00:00-04:00,10.952868689404122,11.136071245897728,10.952868689404122,11.083727836608887,32100,0.0,0.0
2012-08-29 00:00:00-04:00,11.13607185092305,11.188415263055722,10.992126531584166,11.109899520874023,30450,0.0,0.0
2012-08-30 00:00:00-04:00,11.096813355849509,11.201501428080237,10.992126531584166,11.109899520874023,32650,0.0,0.0
2012-08-31 00:00:00-04:00,11.201497846620333,11.384699106526972,11.109895968702029,11.240755081176758,46950,0.0,0.0
2012-09-04 00:00:00-04:00,11.201497846620333,11.293098476573652,11.136068290382967,11.240755081176758,57100,0.0,0.0
2012-09-05 00:00:00-04:00,11.293100200924542,11.345443604313786,11.17532723130745,11.280014038085938,27950,0.0,0.0
2012-09-06 00:00:00-04:00,11.3585287461127,11.450129381818428,11.280013024104175,11.384699821472168,53950,0.0,0.0
2012-09-07 00:00:00-04:00,11.450129381818428,11.476301705142959,11.371613659809903,11.384699821472168,43000,0.0,0.0
2012-09-10 00:00:00-04:00,11.384702639385484,11.47630454572935,11.384702639385484,11.43704605102539,48400,0.0,0.0
2012-09-11 00:00:00-04:00,11.450130462646486,11.489387703373879,11.410873221919092,11.450130462646484,41150,0.0,0.0
2012-09-12 00:00:00-04:00,11.463213875518335,11.580986817411963,11.45012771576018,11.567900657653809,42750,0.0,0.0
2012-09-13 00:00:00-04:00,11.567901375570834,11.724931558519515,11.450128426368083,11.711845397949219,41850,0.0,0.0
2012-09-14 00:00:00-04:00,11.751102997236602,12.025906137936333,11.711845762269498,11.960477828979492,85050,0.0,0.0
2012-09-17 00:00:00-04:00,11.770002337668501,11.927636146545408,11.625504992721874,11.92763614654541,69050,0.07,0.0
2012-09-18 00:00:00-04:00,11.730596702083227,11.74373191605456,11.40219255031393,11.704323768615723,121900,0.0,0.0
2012-09-19 00:00:00-04:00,11.69118917832718,11.914504137593525,11.638644555721136,11.75687026977539,43150,0.0,0.0
2012-09-20 00:00:00-04:00,11.691186819033279,11.691186819033279,11.441600225212062,11.507281303405762,26750,0.0,0.0
2012-09-21 00:00:00-04:00,11.638642791270442,11.678052191822367,11.402192651771053,11.441600799560547,61500,0.0,0.0
2012-09-24 00:00:00-04:00,11.375917242865139,11.651776722894157,11.205146969250778,11.6123685836792,51500,0.0,0.0
2012-09-25 00:00:00-04:00,11.638641445954539,11.78314005908407,11.257692720656994,11.323373794555664,75950,0.0,0.0
2012-09-26 00:00:00-04:00,11.297103422490784,11.48100894735004,11.297103422490784,11.441600799560547,34800,0.0,0.0
2012-09-27 00:00:00-04:00,11.441598310064839,11.704321326101486,11.441598310064839,11.6123685836792,32750,0.0,0.0
2012-09-28 00:00:00-04:00,11.61237108928825,11.71746031837808,11.481008926544746,11.494145393371582,33800,0.0,0.0
2012-10-01 00:00:00-04:00,11.599237677999547,11.651782306386071,11.3233780657796,11.467875480651855,52850,0.0,0.0
2012-10-02 00:00:00-04:00,11.44159548047951,11.481003609948566,11.283961709841439,11.454731941223145,71850,0.0,0.0
2012-10-03 00:00:00-04:00,11.507277087437881,11.651774404314056,11.45473249468637,11.546685218811035,32950,0.0,0.0
2012-10-04 00:00:00-04:00,11.638640258901784,11.6780496508789,11.494142913272169,11.6123685836792,19300,0.0,0.0
2012-10-05 00:00:00-04:00,11.612370527410734,11.717459751415706,11.467871904832121,11.507281303405762,26900,0.0,0.0
2012-10-08 00:00:00-04:00,11.44159830084843,11.71745778065524,11.44159830084843,11.664913177490234,38900,0.0,0.0
2012-10-09 00:00:00-04:00,11.599233627319336,11.717459313092975,11.520417338645123,11.599233627319336,36650,0.0,0.0
2012-10-10 00:00:00-04:00,11.559823971160228,11.743729455856663,11.559823971160228,11.664913177490234,19650,0.0,0.0
2012-10-11 00:00:00-04:00,11.74373273494546,11.783142137894737,11.638643499272403,11.67805290222168,26300,0.0,0.0
2012-10-12 00:00:00-04:00,11.678052008560943,11.756868302903081,11.520418167114258,11.520418167114258,30050,0.0,0.0
2012-10-15 00:00:00-04:00,11.507280295377106,11.770003332375206,11.481007365296167,11.717458724975586,49900,0.0,0.0
2012-10-16 00:00:00-04:00,11.809412836162904,11.822549302717789,11.664915462346375,11.730596542358398,55700,0.0,0.0
2012-10-17 00:00:00-04:00,11.796277675327485,11.848823547363281,11.756869524063177,11.848823547363281,53950,0.0,0.0
2012-10-18 00:00:00-04:00,11.881791576997578,11.894979216540067,11.802666997385165,11.855416297912598,55350,0.07,0.0
2012-10-19 00:00:00-04:00,11.74991726094044,11.842228219028117,11.71035560142322,11.736729621887207,44650,0.0,0.0
2012-10-22 00:00:00-04:00,11.749915389419174,11.81585231654046,11.644416809082033,11.644416809082031,21000,0.0,0.0
2012-10-23 00:00:00-04:00,11.393858864634979,11.552106747216278,11.261985000329375,11.486169815063477,29250,0.0,0.0
2012-10-24 00:00:00-04:00,11.538915519817142,11.710350987028606,11.341106042534213,11.380667686462402,23800,0.0,0.0
2012-10-25 00:00:00-04:00,11.446609441752246,11.591669702632705,11.327923202103452,11.538920402526855,26600,0.0,0.0
2012-10-26 00:00:00-04:00,11.472982058629452,11.68397923322567,11.472982058629452,11.56529426574707,21350,0.0,0.0
2012-10-31 00:00:00-04:00,11.60485700428231,11.736729621887207,11.552107705711856,11.736729621887207,29500,0.0,0.0
2012-11-01 00:00:00-04:00,11.736729725915417,11.8949788806719,11.697168066047542,11.802666664123535,42450,0.0,0.0
2012-11-02 00:00:00-04:00,11.802664294163588,11.855413582609595,11.604854776901622,11.683978080749512,31400,0.0,0.0
2012-11-05 00:00:00-05:00,11.60485592157327,11.749916164697579,11.446608040626106,11.56529426574707,26250,0.0,0.0
2012-11-06 00:00:00-05:00,11.631224632263185,11.657599895873894,11.420227553944672,11.631224632263184,24100,0.0,0.0
2012-11-07 00:00:00-05:00,11.552104936559203,11.552104936559203,11.367481806997343,11.40704345703125,47050,0.0,0.0
2012-11-08 00:00:00-05:00,11.433416378101292,11.472978020001312,11.341105461120605,11.341105461120605,31200,0.0,0.0
2012-11-09 00:00:00-05:00,11.341111374842558,11.341111374842558,11.116926524440043,11.169675827026367,42750,0.0,0.0
2012-11-12 00:00:00-05:00,11.235610466051986,11.393858341365664,11.130110624867216,11.209235191345215,34000,0.0,0.0
2012-11-13 00:00:00-05:00,11.19605010697061,11.42023496252864,10.56305846137801,10.602620124816895,93800,0.0,0.0
2012-11-14 00:00:00-05:00,10.628989771691295,10.853173250779308,9.98281019942137,10.009184837341309,127750,0.0,0.0
2012-11-15 00:00:00-05:00,9.764091428219414,10.068805301977552,9.724346497405124,9.88332748413086,97450,0.07,0.0
2012-11-16 00:00:00-05:00,9.870079017908317,10.227786563519825,9.605110699579166,10.161544799804688,106600,0.0,0.0
2012-11-19 00:00:00-05:00,10.30727386669427,10.850458401877258,10.214534673818697,10.823962211608887,60700,0.0,0.0
2012-11-20 00:00:00-05:00,10.770967216905108,10.82396085426449,10.43975666754198,10.545743942260742,25450,0.0,0.0
2012-11-21 00:00:00-05:00,10.58549434877414,10.73122787475586,10.439762086261057,10.73122787475586,19650,0.0,0.0
2012-11-23 00:00:00-05:00,10.784220717819403,10.823965647572676,10.704729594844324,10.797468185424805,12550,0.0,0.0
2012-11-26 00:00:00-05:00,10.7974682984569,10.850461959838867,10.611991115354293,10.850461959838867,37650,0.0,0.0
2012-11-27 00:00:00-05:00,10.810718536376953,10.850463472085607,10.757724867609173,10.810718536376953,28600,0.0,0.0
2012-11-28 00:00:00-05:00,10.784220372390863,10.837214031520634,10.4795058847933,10.638486862182617,45100,0.0,0.0
2012-11-29 00:00:00-05:00,10.70473289508955,10.876962661743164,10.69148415993106,10.876962661743164,33350,0.0,0.0
2012-11-30 00:00:00-05:00,10.916705420436026,10.982947819511244,10.797469354794368,10.903456687927246,40900,0.0,0.0
2012-12-03 00:00:00-05:00,10.95644749941919,11.035937337654175,10.823962751069946,10.916701316833496,41900,0.0,0.0
2012-12-04 00:00:00-05:00,10.890209593384167,11.03594186558621,10.78422225660655,10.929954528808594,26550,0.0,0.0
2012-12-05 00:00:00-05:00,10.956449196854987,10.956449196854987,10.59874107897476,10.678232192993164,31300,0.0,0.0
2012-12-06 00:00:00-05:00,10.704726732750894,10.810714026067778,10.664981813624111,10.784217834472656,25550,0.0,0.0
2012-12-07 00:00:00-05:00,10.797469803317826,10.850463472085607,10.625241327424085,10.810718536376953,21900,0.0,0.0
2012-12-10 00:00:00-05:00,10.863714319509173,10.863714319509173,10.598745924100456,10.744478225708008,31450,0.0,0.0
2012-12-11 00:00:00-05:00,10.810723386619143,10.982953203252695,10.664991047991965,10.863717079162598,41500,0.0,0.0
2012-12-12 00:00:00-05:00,10.903457140853387,10.903457140853387,10.731228664959646,10.810718536376953,28950,0.0,0.0
2012-12-13 00:00:00-05:00,10.876965818165786,10.903462032702866,10.770978433078875,10.863717079162598,21050,0.0,0.0
2012-12-14 00:00:00-05:00,10.810719502148427,11.062440398884316,10.784223297131872,10.982949256896973,31700,0.0,0.0
2012-12-17 00:00:00-05:00,10.962991247516582,11.042819414188477,10.883164349670352,11.016209602355957,34900,0.07,0.0
2012-12-18 00:00:00-05:00,10.962992090072255,11.109343528747559,10.869860279152164,11.109343528747559,48450,0.0,0.0
2012-12-19 00:00:00-05:00,11.1093421108147,11.16256046295166,10.976295596059495,11.16256046295166,26450,0.0,0.0
2012-12-20 00:00:00-05:00,10.883163435856732,11.149255187710999,10.856553626258528,11.122645378112793,49200,0.0,0.0
2012-12-21 00:00:00-05:00,11.016208778029176,11.362128693013265,10.829945184442028,11.202473640441895,138800,0.0,0.0
2012-12-24 00:00:00-05:00,11.175864532680027,11.3754343125506,11.056124187348463,11.348824501037598,16800,0.0,0.0
2012-12-26 00:00:00-05:00,11.308904755489696,11.375427978404623,11.175858309659839,11.189163208007812,18950,0.0,0.0
2012-12-27 00:00:00-05:00,11.149258824393671,11.16256373353259,10.843252258328397,10.923080444335938,34550,0.0,0.0
2012-12-28 00:00:00-05:00,10.856553239149637,10.883163047799025,10.710203098054544,10.736811637878418,37600,0.0,0.0
2012-12-31 00:00:00-05:00,10.710202938779089,10.909771425379587,10.417501392116263,10.856553077697754,73950,0.0,0.0
2013-01-02 00:00:00-05:00,11.21577536554418,11.468562143240781,10.962987319022368,11.135947227478027,101050,0.0,0.0
2013-01-03 00:00:00-05:00,11.175862382783523,11.189167285980565,11.05612206048636,11.149253845214844,41550,0.0,0.0
2013-01-04 00:00:00-05:00,11.215777021656349,11.282298999571312,11.149253774915989,11.175862312316895,56300,0.0,0.0
2013-01-07 00:00:00-05:00,11.189167327240884,11.362127262964009,11.189167327240884,11.255690574645996,46000,0.0,0.0
2013-01-08 00:00:00-05:00,11.295608323099973,11.508481780914556,11.242389958646326,11.415349960327148,79800,0.0,0.0
2013-01-09 00:00:00-05:00,11.415350708743095,11.588310721763563,11.335523791241942,11.5350923538208,63850,0.0,0.0
2013-01-10 00:00:00-05:00,11.614913295785623,11.787873219823222,11.614913295785623,11.681436538696289,54350,0.0,0.0
2013-01-11 00:00:00-05:00,11.73465598576408,11.907615926110715,11.721352350987758,11.86770248413086,84400,0.0,0.0
2013-01-14 00:00:00-05:00,11.907613246324663,11.93422304753971,11.747958245509853,11.854394912719727,60400,0.0,0.0
2013-01-15 00:00:00-05:00,11.78787603204396,11.920922549606052,11.78787603204396,11.881009101867676,68750,0.0,0.0
2013-01-16 00:00:00-05:00,11.860970499650266,11.874327753955287,11.42019129812761,11.767472267150879,59700,0.07,0.0
2013-01-17 00:00:00-05:00,11.767473303080637,11.87432879929189,11.4869773070716,11.847614288330078,49350,0.0,0.0
2013-01-18 00:00:00-05:00,11.887685794478212,11.887685794478212,11.714046553694242,11.794187545776367,35600,0.0,0.0
2013-01-22 00:00:00-05:00,11.754118034407389,11.834259033203127,11.673975761793441,11.834259033203125,49050,0.0,0.0
2013-01-23 00:00:00-05:00,11.820900765296889,11.994539987077202,11.72740125300984,11.981184005737305,48500,0.0,0.0
2013-01-24 00:00:00-05:00,12.00789724223506,12.021254497392919,11.954469495421588,11.981184005737305,32450,0.0,0.0
2013-01-25 00:00:00-05:00,12.021259478803655,12.047974000189427,11.847618911251605,11.954474449157715,43900,0.0,0.0
2013-01-28 00:00:00-05:00,11.92775553675433,12.141466511069023,11.92775553675433,11.994539260864258,41600,0.0,0.0
2013-01-29 00:00:00-05:00,11.954471947812564,12.288395752353798,11.887686932140673,12.261682510375977,37850,0.0,0.0
2013-01-30 00:00:00-05:00,12.221607537991003,12.221607537991003,11.820900096470949,11.94111156463623,40600,0.0,0.0
2013-01-31 00:00:00-05:00,11.994543701338758,12.141471005937168,11.954473197274806,12.128113746643066,43100,0.0,0.0
2013-02-01 00:00:00-05:00,12.194896582895913,12.328465330434584,11.901043300201831,12.301752090454102,62100,0.0,0.0
2013-02-04 00:00:00-05:00,12.194900763431333,12.194900763431333,11.887690118523027,12.074687957763672,49450,0.0,0.0
2013-02-05 00:00:00-05:00,12.114756487348965,12.194898769295222,11.96783045656891,12.128113746643066,34050,0.0,0.0
2013-02-06 00:00:00-05:00,12.114748690108204,12.168176419079337,12.021250482863103,12.154820442199707,36250,0.0,0.0
2013-02-07 00:00:00-05:00,12.128110792055626,12.181538542397886,12.03461254741118,12.141468048095703,22200,0.0,0.0
2013-02-08 00:00:00-05:00,12.128114575636305,12.194899602853418,11.887688987182077,12.101401329040527,41800,0.0,0.0
2013-02-11 00:00:00-05:00,12.034615479221063,12.141471005937168,11.981187715863012,12.128113746643066,43750,0.0,0.0
2013-02-12 00:00:00-05:00,12.154825289567855,12.288394028354396,12.088040283265562,12.234966278076172,50650,0.0,0.0
2013-02-13 00:00:00-05:00,12.255078032786589,12.308710706244359,12.094180012413277,12.281893730163574,50450,0.07,0.0
2013-02-14 00:00:00-05:00,12.214854473160687,12.335528326931644,12.067364917831739,12.134406089782715,28400,0.0,0.0
2013-02-15 00:00:00-05:00,12.241672782299393,12.362346649169924,12.201448586243927,12.362346649169922,82450,0.0,0.0
2013-02-19 00:00:00-05:00,12.33552849062364,12.348936980932564,12.134406250805824,12.295304298400879,67050,0.0,0.0
2013-02-20 00:00:00-05:00,12.308714731004521,12.33553043714983,12.14781665802002,12.14781665802002,54600,0.0,0.0
2013-02-21 00:00:00-05:00,12.080769538879395,12.147810689359238,12.000319902562865,12.080769538879395,54200,0.0,0.0
2013-02-22 00:00:00-05:00,12.174622893494371,12.255072506756767,12.027133427667072,12.20143985748291,26450,0.0,0.0
2013-02-25 00:00:00-05:00,12.24167293978788,12.308714119878895,12.000325202941893,12.000325202941895,62400,0.0,0.0
2013-02-26 00:00:00-05:00,12.027140726142752,12.214854473160687,12.013732236011757,12.134406089782715,15700,0.0,0.0
2013-02-27 00:00:00-05:00,12.027137612699832,12.228259797784633,12.000320639379902,12.161218643188477,32250,0.0,0.0
2013-02-28 00:00:00-05:00,12.188031375488642,12.255072506756767,12.027133427667072,12.20143985748291,31600,0.0,0.0
2013-03-01 00:00:00-05:00,12.147817318519717,12.255082706341607,12.05395914514735,12.174633026123047,42000,0.0,0.0
2013-03-04 00:00:00-05:00,12.21485424041748,12.295303900966553,12.080773177774322,12.21485424041748,56200,0.0,0.0
2013-03-05 00:00:00-05:00,12.295303516159372,12.362344684734746,12.174629668464489,12.308712005615234,41450,0.0,0.0
2013-03-06 00:00:00-05:00,12.389158182279495,12.389158182279495,12.255077147670892,12.335525512695312,26450,0.0,0.0
2013-03-07 00:00:00-05:00,12.29530546994139,12.362346649169924,12.228264290712858,12.362346649169922,22550,0.0,0.0
2013-03-08 00:00:00-05:00,12.402571846381404,12.456204538352722,12.322122169072308,12.415980339050293,39650,0.0,0.0
2013-03-11 00:00:00-04:00,12.375753129419277,12.469611286264561,12.335528935745046,12.429387092590332,47150,0.0,0.0
2013-03-12 00:00:00-04:00,12.456204538352722,12.576878414964247,12.375754861043625,12.415980339050293,66150,0.0,0.0
2013-03-13 00:00:00-04:00,12.355414424848295,12.597676571914961,12.180446534238351,12.516922950744629,26200,0.07,0.0
2013-03-14 00:00:00-04:00,12.436169172341055,12.718809439146796,12.247743183507747,12.664973258972168,61350,0.0,0.0
2013-03-15 00:00:00-04:00,12.65150584338185,12.732260704040527,12.449620617067604,12.732260704040527,88350,0.0,0.0
2013-03-18 00:00:00-04:00,12.611134686866118,12.718807026793352,12.449626176975265,12.597675323486328,24400,0.0,0.0
2013-03-19 00:00:00-04:00,12.584217748790314,12.718807537323999,12.045854743988807,12.140069007873535,91050,0.0,0.0
2013-03-20 00:00:00-04:00,12.166983836704562,12.301574879861718,11.951639194497364,11.978556632995605,79700,0.0,0.0
2013-03-21 00:00:00-04:00,11.897807166141188,12.288119786588998,11.897807166141188,12.220824241638184,41150,0.0,0.0
2013-03-22 00:00:00-04:00,12.2477404462372,12.328494056673476,12.166985552245432,12.301576614379883,25800,0.0,0.0
2013-03-25 00:00:00-04:00,12.382329125547171,12.476543374099405,12.261197437091,12.341952323913574,25400,0.0,0.0
2013-03-26 00:00:00-04:00,12.43616394886345,12.43616394886345,12.19390188161121,12.234278678894043,19750,0.0,0.0
2013-03-27 00:00:00-04:00,12.234279359923505,12.328492320012957,12.19390256039307,12.315032958984375,21200,0.0,0.0
2013-03-28 00:00:00-04:00,12.368867720267009,12.503458748216076,12.247737335379052,12.38232707977295,69900,0.0,0.0
2013-04-01 00:00:00-04:00,12.40924726186131,12.584215105402109,12.382328539675655,12.449624061584473,66350,0.0,0.0
2013-04-02 00:00:00-04:00,12.543840396616185,12.597676571914961,12.449627410732239,12.516922950744629,66850,0.0,0.0
2013-04-03 00:00:00-04:00,12.516912821128479,12.58420830668036,12.234272808654286,12.247732162475586,44450,0.0,0.0
2013-04-04 00:00:00-04:00,12.301573489847645,12.503458748216076,12.301573489847645,12.38232707977295,34800,0.0,0.0
2013-04-05 00:00:00-04:00,12.261196856950846,12.476542783770128,12.207360696134856,12.449624061584473,37300,0.0,0.0
2013-04-08 00:00:00-04:00,12.449624061584473,12.476542783770128,12.24773877941334,12.449624061584473,50350,0.0,0.0
2013-04-09 00:00:00-04:00,12.449622593747483,12.516918107722017,12.38232707977295,12.38232707977295,84350,0.0,0.0
2013-04-10 00:00:00-04:00,12.422706928927985,12.584216715597025,12.40924884966847,12.476544380187988,42450,0.0,0.0
2013-04-11 00:00:00-04:00,12.449627240411493,12.476545969470445,12.315036162228028,12.422708511352539,36700,0.0,0.0
2013-04-12 00:00:00-04:00,12.382329143243034,12.490001470123422,12.32849297980284,12.36886978149414,30700,0.0,0.0
2013-04-15 00:00:00-04:00,12.422706828338157,12.422706828338157,11.9785581274834,12.180444717407227,66000,0.0,0.0
2013-04-16 00:00:00-04:00,12.234280152096364,12.368869920430976,12.045852936161433,12.328493118286133,46900,0.0,0.0
2013-04-17 00:00:00-04:00,12.18044456050203,12.261198168586935,12.072772227351852,12.193903923034668,55200,0.0,0.0
2013-04-18 00:00:00-04:00,12.200659157302168,12.200659157302168,11.889901006234355,12.079057693481445,49200,0.07,0.0
2013-04-19 00:00:00-04:00,12.092572956530292,12.24119758605957,11.997994583945252,12.24119758605957,33200,0.0,0.0
2013-04-22 00:00:00-04:00,12.25469959789189,12.443857504038359,12.10607635711933,12.403324127197266,41550,0.0,0.0
2013-04-23 00:00:00-04:00,12.457376948413577,12.56546688079834,12.349287016028812,12.56546688079834,45000,0.0,0.0
2013-04-24 00:00:00-04:00,12.578971976705509,12.592482244906757,12.376302491291135,12.511415481567383,19000,0.0,0.0
2013-04-25 00:00:00-04:00,12.578978444479844,12.633023410672227,12.497910350924455,12.56546688079834,35400,0.0,0.0
2013-04-26 00:00:00-04:00,12.565461913677854,12.592483741825513,12.403327079192522,12.53843879699707,38200,0.0,0.0
2013-04-29 00:00:00-04:00,12.538438141519954,12.700572967529297,12.511416314784926,12.700572967529297,34100,0.0,0.0
2013-04-30 00:00:00-04:00,12.754618134114343,12.754618134114343,12.497904977212638,12.524928092956543,45300,0.0,0.0
2013-05-01 00:00:00-04:00,12.76813416477766,12.76813416477766,12.038526535034181,12.03852653503418,115750,0.0,0.0
2013-05-02 00:00:00-04:00,11.957455435130697,12.21416858961641,11.849365550238495,11.930432319641113,142500,0.0,0.0
2013-05-03 00:00:00-04:00,12.052034687690561,12.254702915292002,11.619675114923133,12.133101463317871,96950,0.0,0.0
2013-05-06 00:00:00-04:00,12.173641390025498,12.241197924540108,11.808836876766836,11.889904975891113,92900,0.0,0.0
2013-05-07 00:00:00-04:00,11.876390128856656,11.943946644699837,11.727766824828352,11.916923522949219,98050,0.0,0.0
2013-05-08 00:00:00-04:00,11.916920761896321,11.943943877385905,11.849365550238495,11.930432319641113,42700,0.0,0.0
2013-05-09 00:00:00-04:00,11.943946644699837,11.97096847791709,11.889901689731966,11.916923522949219,39400,0.0,0.0
2013-05-10 00:00:00-04:00,11.970962731066004,12.03851921447762,11.889895981798263,11.99798583984375,29650,0.0,0.0
2013-05-13 00:00:00-04:00,11.943940470000681,12.052030324056847,11.876383989082402,11.903407096862793,41550,0.0,0.0
2013-05-14 00:00:00-04:00,11.889898934939804,11.984477262087214,11.86287581945022,11.930432319641113,36450,0.0,0.0
2013-05-15 00:00:00-04:00,11.957458205575145,11.957458205575145,11.876390128856656,11.916923522949219,49050,0.0,0.0
2013-05-16 00:00:00-04:00,11.869445502261947,11.977966043360704,11.78805444960443,11.842314720153809,51400,0.07,0.0
2013-05-17 00:00:00-04:00,11.855880737304688,11.910141010719494,11.80162046388988,11.855880737304688,42500,0.0,0.0
2013-05-20 00:00:00-04:00,11.869445502261947,11.923705772811324,11.774490352217256,11.842314720153809,38950,0.0,0.0
2013-05-21 00:00:00-04:00,11.86944264183453,11.896573417404396,11.557446484780552,11.73379135131836,81300,0.0,0.0
2013-05-22 00:00:00-04:00,11.801618901377624,11.855879167608476,11.638838102685074,11.720229148864746,38700,0.0,0.0
2013-05-23 00:00:00-04:00,11.69309935409679,11.733794233781902,11.530318541689436,11.611709594726562,47150,0.0,0.0
2013-05-24 00:00:00-04:00,11.571015306498861,11.706666652438456,11.571015306498861,11.679535865783691,25700,0.0,0.0
2013-05-28 00:00:00-04:00,11.801615380992326,11.828746152848122,11.625269244928871,11.652400016784668,49750,0.0,0.0
2013-05-29 00:00:00-04:00,11.571009635925293,11.693095528707202,11.543880156232913,11.571009635925293,24550,0.0,0.0
2013-05-30 00:00:00-04:00,11.543880156232913,11.611705795963582,11.489619903181673,11.571009635925293,43700,0.0,0.0
2013-05-31 00:00:00-04:00,11.530314766961002,11.55744554031376,11.218318635403142,11.408228874206543,66550,0.0,0.0
2013-06-03 00:00:00-04:00,11.394667922143086,11.530319254367138,11.191192217473986,11.421798706054688,108300,0.0,0.0
2013-06-04 00:00:00-04:00,11.421795540797302,11.50318528264307,11.35396989348141,11.394664764404297,40700,0.0,0.0
2013-06-05 00:00:00-04:00,11.394663794302817,11.489620209927455,11.326839446427874,11.381099700927734,30950,0.0,0.0
2013-06-06 00:00:00-04:00,11.367538142884527,11.489624080048804,11.299712478496934,11.32684326171875,42350,0.0,0.0
2013-06-07 00:00:00-04:00,11.394660975366795,11.611703233338458,11.394660975366795,11.503181457519531,33750,0.0,0.0
2013-06-10 00:00:00-04:00,11.598144549765644,11.598144549765644,11.435363732499962,11.54388427734375,26150,0.0,0.0
2013-06-11 00:00:00-04:00,11.503188868605491,11.503188868605491,11.218323389675742,11.245452880859375,52850,0.0,0.0
2013-06-12 00:00:00-04:00,11.245449062458185,11.340404189859346,11.191188804848009,11.29970932006836,32600,0.0,0.0
2013-06-13 00:00:00-04:00,11.272579191928013,11.435359955427595,11.20475355038656,11.381099700927734,62500,0.0,0.0
2013-06-14 00:00:00-04:00,11.435360610927091,11.435360610927091,11.259014450277375,11.29970932006836,64950,0.0,0.0
2013-06-17 00:00:00-04:00,11.347387854987339,11.469988893135785,11.306521275312905,11.415499687194824,52700,0.07,0.0
2013-06-18 00:00:00-04:00,11.401876517185203,11.401876517185203,11.265654158391671,11.347387313842773,39200,0.0,0.0
2013-06-19 00:00:00-04:00,11.374632977818244,11.374632977818244,11.252031941067788,11.279275894165039,30350,0.0,0.0
2013-06-20 00:00:00-04:00,11.23841206924446,11.23841206924446,11.129433631896973,11.129433631896973,34350,0.0,0.0
2013-06-21 00:00:00-04:00,11.115810287935659,11.156676874532748,10.639029330405977,10.965965270996094,104750,0.0,0.0
2013-06-24 00:00:00-04:00,10.761631178815854,10.870609617153193,10.570918911725512,10.652652740478516,69600,0.0,0.0
2013-06-25 00:00:00-04:00,10.788874658255915,11.08856598185339,10.693518209918052,10.97958755493164,40900,0.0,0.0
2013-06-26 00:00:00-04:00,11.088568748585104,11.088568748585104,10.788877350211006,10.870611190795898,28050,0.0,0.0
2013-06-27 00:00:00-04:00,10.911479124691546,11.238414507669951,10.856989244632281,11.211169242858887,33600,0.0,0.0
2013-06-28 00:00:00-04:00,11.211166810344864,11.306523917367999,11.129433631896973,11.129433631896973,112050,0.0,0.0
2013-07-01 00:00:00-04:00,11.211166221048234,11.51085755756376,11.211166221048234,11.306523323059082,37450,0.0,0.0
2013-07-02 00:00:00-04:00,11.252032423798505,11.279276378064568,11.102186128397015,11.143054008483887,43450,0.0,0.0
2013-07-03 00:00:00-04:00,11.102187343967241,11.211165771213826,11.102187343967241,11.183921813964844,10200,0.0,0.0
2013-07-05 00:00:00-04:00,11.306523403514236,11.306523403514236,11.088566538724868,11.252034187316895,19550,0.0,0.0
2013-07-08 00:00:00-04:00,11.224790661984628,11.292902517524398,11.074945619097605,11.17030143737793,51050,0.0,0.0
2013-07-09 00:00:00-04:00,11.197542663684558,11.320143699645996,11.074941627723122,11.320143699645996,31150,0.0,0.0
2013-07-10 00:00:00-04:00,11.347390194277644,11.647081538297547,11.279278348028745,11.551724433898926,63250,0.0,0.0
2013-07-11 00:00:00-04:00,11.647074371338721,11.71518617567542,11.524473383357586,11.674318313598633,41050,0.0,0.0
2013-07-12 00:00:00-04:00,11.674322808851617,11.715190686664773,11.510855194974331,11.633456230163574,21350,0.0,0.0
2013-07-15 00:00:00-04:00,11.71519410135641,11.919528353480159,11.633459621031616,11.905905723571777,56950,0.0,0.0
2013-07-16 00:00:00-04:00,11.878661155875083,11.946773002810946,11.79692667972696,11.892282485961914,37550,0.0,0.0
2013-07-17 00:00:00-04:00,11.953831803218053,12.076926392974771,11.858092146453938,11.967509269714355,25500,0.07,0.0
2013-07-18 00:00:00-04:00,12.008538523615407,12.008538523615407,11.85809032828885,11.912798881530762,25150,0.0,0.0
2013-07-19 00:00:00-04:00,11.885444158022299,11.953830176844576,11.80338197891942,11.8717679977417,17650,0.0,0.0
2013-07-22 00:00:00-04:00,11.817059239446115,11.967507434772672,11.776026846248582,11.912798881530762,24600,0.0,0.0
2013-07-23 00:00:00-04:00,11.926477148348944,12.035894262194402,11.926477148348944,12.022216796875,34850,0.0,0.0
2013-07-24 00:00:00-04:00,12.049568724538332,12.076922344005228,11.92647417605091,12.008536338806152,33650,0.0,0.0
2013-07-25 00:00:00-04:00,11.967501641812605,12.20001320663044,11.953824184034104,12.145304679870605,33750,0.0,0.0
2013-07-26 00:00:00-04:00,12.131630960304609,12.131630960304609,11.967505329451818,12.076922416687012,16850,0.0,0.0
2013-07-29 00:00:00-04:00,12.022209379142858,12.022209379142858,11.721311849544904,11.748666763305664,37450,0.0,0.0
2013-07-30 00:00:00-04:00,11.776026241739793,11.940151893040325,11.70764153196395,11.762350082397461,13600,0.0,0.0
2013-07-31 00:00:00-04:00,11.817060207528595,11.912799857456468,11.693965626561384,11.789705276489258,25300,0.0,0.0
2013-08-01 00:00:00-04:00,11.899115061410365,11.899115061410365,11.680280965329436,11.707635879516602,31900,0.0,0.0
2013-08-02 00:00:00-04:00,11.748671461189383,11.748671461189383,11.62557690875291,11.680285453796387,22700,0.0,0.0
2013-08-05 00:00:00-04:00,11.693960707309541,11.940148461326237,11.652929632365819,11.830731391906738,42600,0.0,0.0
2013-08-06 00:00:00-04:00,11.844408851672764,11.899117386382514,11.762346701785317,11.830731391906738,27900,0.0,0.0
2013-08-07 00:00:00-04:00,11.84441273185282,11.91279874873157,11.72131816234203,11.899121284484863,31800,0.0,0.0
2013-08-08 00:00:00-04:00,11.95383478796037,12.008543363250713,11.803386532000754,11.981189727783203,26050,0.0,0.0
2013-08-09 00:00:00-04:00,11.994860253437901,12.172662041929165,11.994860253437901,12.076922416687012,43800,0.0,0.0
2013-08-12 00:00:00-04:00,12.076922344005228,12.145308349204303,11.994860181249985,12.008536338806152,31450,0.0,0.0
2013-08-13 00:00:00-04:00,11.99486456818062,12.008540730738627,11.598225853832608,11.625580787658691,69250,0.0,0.0
2013-08-14 00:00:00-04:00,11.598225111878435,11.693966069790017,11.420423270803253,11.584548950195312,40250,0.0,0.0
2013-08-15 00:00:00-04:00,11.475134558244937,11.584551703848145,11.283653901261694,11.379393577575684,54750,0.0,0.0
2013-08-16 00:00:00-04:00,11.338358936217508,11.570870624163797,11.324681471195996,11.406744956970215,40600,0.0,0.0
2013-08-19 00:00:00-04:00,11.454817091371375,11.454817091371375,11.276264632674357,11.317468643188477,34600,0.07,0.0
2013-08-20 00:00:00-04:00,11.289996932157024,11.46854934645622,11.289996932157024,11.441079139709473,42950,0.0,0.0
2013-08-21 00:00:00-04:00,11.441079259921938,11.550957468360322,11.372405052185059,11.372405052185059,21650,0.0,0.0
2013-08-22 00:00:00-04:00,11.358671021249929,11.564692330305466,11.358671021249929,11.509753227233887,14350,0.0,0.0
2013-08-23 00:00:00-04:00,11.46854856104068,11.537221453501427,11.413609461161206,11.496017456054688,22500,0.0,0.0
2013-08-26 00:00:00-04:00,11.537225505998894,11.619634839690452,11.41361347023944,11.468552589416504,22100,0.0,0.0
2013-08-27 00:00:00-04:00,11.413610413334121,11.482283311523858,11.221322892788768,11.289997100830078,28800,0.0,0.0
2013-08-28 00:00:00-04:00,11.317465662954351,11.317465662954351,11.125179457955374,11.180118560791016,47150,0.0,0.0
2013-08-29 00:00:00-04:00,11.138914362542057,11.276262788259402,11.083975254225452,11.235058784484863,32800,0.0,0.0
2013-08-30 00:00:00-04:00,11.276262788259402,11.276262788259402,11.056506354992981,11.235058784484863,82550,0.0,0.0
2013-09-03 00:00:00-04:00,11.31746833476054,11.34493854758924,11.09771187153829,11.207590103149414,32600,0.0,0.0
2013-09-04 00:00:00-04:00,11.262527683717334,11.303731687491872,11.138914362542057,11.235058784484863,28450,0.0,0.0
2013-09-05 00:00:00-04:00,11.235060315978115,11.358673654003592,11.125182084366992,11.207590103149414,24400,0.0,0.0
2013-09-06 00:00:00-04:00,11.207587694106598,11.399875213020268,11.166383693572083,11.248791694641113,32950,0.0,0.0
2013-09-09 00:00:00-04:00,11.317465829052217,11.46854934645622,11.303730725678845,11.441079139709473,17750,0.0,0.0
2013-09-10 00:00:00-04:00,11.537222381008876,11.88059211032285,11.523488587323508,11.811919212341309,64250,0.0,0.0
2013-09-11 00:00:00-04:00,11.825652790390278,11.921797203544099,11.71577458380152,11.839387893676758,28850,0.0,0.0
2013-09-12 00:00:00-04:00,11.811919212341309,11.90806231739672,11.770713901730502,11.811919212341309,30800,0.0,0.0
2013-09-13 00:00:00-04:00,11.798185476782084,11.86685969257784,11.674572150320067,11.729511260986328,33300,0.0,0.0
2013-09-16 00:00:00-04:00,11.86052930319053,11.901902872517267,11.722615651778664,11.736407279968262,54700,0.07,0.0
2013-09-17 00:00:00-04:00,11.750198182776828,11.805363376887621,11.722614928100445,11.763988494873047,35000,0.0,0.0
2013-09-18 00:00:00-04:00,11.73640570448566,11.846736084707699,11.58470044524895,11.81915283203125,43700,0.0,0.0
2013-09-19 00:00:00-04:00,11.805360811788834,11.805360811788834,11.65365557451557,11.722612380981445,21250,0.0,0.0
2013-09-20 00:00:00-04:00,11.722612380981445,11.791569187447323,11.65365557451557,11.722612380981445,35650,0.0,0.0
2013-09-23 00:00:00-04:00,11.722612380981445,11.819151120888659,11.65365557451557,11.722612380981445,25500,0.0,0.0
2013-09-24 00:00:00-04:00,11.860525289513301,12.094977628428076,11.819150418946029,12.039811134338379,124750,0.0,0.0
2013-09-25 00:00:00-04:00,12.012232562977085,12.17772814581901,11.998440935596431,12.108771324157715,56350,0.0,0.0
2013-09-26 00:00:00-04:00,12.108766971327125,12.177723768199996,12.067393419300002,12.12255859375,40200,0.0,0.0
2013-09-27 00:00:00-04:00,12.108771191950984,12.177728012859392,12.094980879962872,12.136354446411133,25150,0.0,0.0
2013-09-30 00:00:00-04:00,12.136351183753739,12.150142807276163,12.01222920253514,12.039811134338379,57700,0.0,0.0
2013-10-01 00:00:00-04:00,12.094980879962872,12.20531126731954,11.998440804594315,12.136354446411133,42200,0.0,0.0
2013-10-02 00:00:00-04:00,12.108773054165749,12.122564683516845,11.998442649841309,11.998442649841309,41300,0.0,0.0
2013-10-03 00:00:00-04:00,11.998439037350321,12.012230662549035,11.888108666244158,11.901900291442871,20250,0.0,0.0
2013-10-04 00:00:00-04:00,11.874321962812303,12.067400849897904,11.874321962812303,12.012235641479492,30250,0.0,0.0
2013-10-07 00:00:00-04:00,11.88810741090934,12.067394573835317,11.88810741090934,11.943272590637207,27900,0.0,0.0
2013-10-08 00:00:00-04:00,11.984650520907568,12.012233778459947,11.860529807648195,11.929485321044922,27550,0.0,0.0
2013-10-09 00:00:00-04:00,12.02602847936255,12.02602847936255,11.888114786853935,11.915698051452637,45900,0.0,0.0
2013-10-10 00:00:00-04:00,11.970860794442865,12.136356402146966,11.929485906085208,12.053607940673828,43300,0.0,0.0
2013-10-11 00:00:00-04:00,12.067394132369554,12.122559310079293,12.012228954659813,12.094977378845215,60350,0.0,0.0
2013-10-14 00:00:00-04:00,11.998437331421982,12.094977378845215,11.957063776950072,12.094977378845215,37150,0.0,0.0
2013-10-15 00:00:00-04:00,12.094981012019037,12.17772814581901,12.012232562977085,12.108771324157715,42750,0.0,0.0
2013-10-16 00:00:00-04:00,12.108771828421133,12.24668547748707,12.108771828421133,12.177728652954102,29100,0.0,0.0
2013-10-17 00:00:00-04:00,12.177724759514124,12.384593851731186,12.177724759514124,12.329428672790527,62850,0.0,0.0
2013-10-18 00:00:00-04:00,12.405585289001465,12.405585289001465,12.253285052744696,12.405585289001465,61650,0.07,0.0
2013-10-21 00:00:00-04:00,12.364047684181555,12.405583867417018,12.294819831848145,12.294819831848145,47350,0.0,0.0
2013-10-22 00:00:00-04:00,12.322508576278722,12.391736419599424,12.294818231197212,12.377890586853027,31650,0.0,0.0
2013-10-23 00:00:00-04:00,12.26712964848161,12.377893697465655,12.26712964848161,12.322511672973633,66700,0.0,0.0
2013-10-24 00:00:00-04:00,12.322512233517786,12.377894260529105,12.280976043362216,12.336358070373535,27650,0.0,0.0
2013-10-25 00:00:00-04:00,12.350205979668493,12.364051818847656,12.280978104184568,12.364051818847656,21050,0.0,0.0
2013-10-28 00:00:00-04:00,12.377893697465655,12.391739533691565,12.29482132093343,12.322511672973633,31350,0.0,0.0
2013-10-29 00:00:00-04:00,12.322514301310163,12.364051818847656,12.253287746238138,12.364051818847656,49300,0.0,0.0
2013-10-30 00:00:00-04:00,12.377894514627657,12.460968217055846,12.23944010446295,12.280976295471191,59600,0.0,0.0
2013-10-31 00:00:00-04:00,12.225588231427205,12.322506402734195,12.197897891229944,12.211742401123047,49100,0.0,0.0
2013-11-01 00:00:00-04:00,12.184054343702712,12.280972533168077,11.96252629897542,11.976370811462402,88350,0.0,0.0
2013-11-04 00:00:00-05:00,11.990213680076414,12.197897160972111,11.990213680076414,12.156359672546387,33600,0.0,0.0
2013-11-05 00:00:00-05:00,12.114826681841933,12.350200563007768,11.934834812690923,12.225590705871582,40750,0.0,0.0
2013-11-06 00:00:00-05:00,12.322510180534634,12.350201849632581,12.170209961730297,12.294819831848145,36200,0.0,0.0
2013-11-07 00:00:00-05:00,12.322510007730447,12.336355842085252,12.253283476779288,12.267127990722656,56750,0.0,0.0
2013-11-08 00:00:00-05:00,12.350199893057857,12.599419593811037,12.336354060702403,12.599419593811035,154300,0.0,0.0
2013-11-11 00:00:00-05:00,12.682495490790705,12.931715261179429,12.627113466305612,12.876333236694336,120750,0.0,0.0
2013-11-12 00:00:00-05:00,12.85548353804982,12.924972903335375,12.577527402307002,12.633118629455566,99600,0.07,0.0
2013-11-13 00:00:00-05:00,12.619222243955948,12.869383463568157,12.577529149153776,12.81379222869873,46050,0.0,0.0
2013-11-14 00:00:00-05:00,12.81378877735726,12.924971217149576,12.81378877735726,12.869379997253418,46400,0.0,0.0
2013-11-15 00:00:00-05:00,12.924978420364186,12.95277338310305,12.785999630469961,12.841590881347656,54150,0.0,0.0
2013-11-18 00:00:00-05:00,12.952770316092124,13.202931548507525,12.883282262998652,13.11954402923584,138250,0.0,0.0
2013-11-19 00:00:00-05:00,13.189033407728969,13.24462464544354,12.994464738427794,13.11954402923584,95750,0.0,0.0
2013-11-20 00:00:00-05:00,13.119542928689624,13.411397233558544,13.091747974863774,13.300214767456055,97300,0.0,0.0
2013-11-21 00:00:00-05:00,13.38360368562902,13.466989881265514,13.2029318278837,13.425296783447266,86350,0.0,0.0
2013-11-22 00:00:00-05:00,13.494786195174013,13.74494743347168,13.439194956152274,13.74494743347168,126200,0.0,0.0
2013-11-25 00:00:00-05:00,13.786638393310202,13.786638393310202,13.550375332758355,13.703250885009766,94600,0.0,0.0
2013-11-26 00:00:00-05:00,13.744945957265555,13.744945957265555,13.216828580578959,13.300214767456055,238250,0.0,0.0
2013-11-27 00:00:00-05:00,13.272416272709233,13.550372363810114,13.216825054489055,13.536474227905273,55100,0.0,0.0
2013-11-29 00:00:00-05:00,13.592065920586304,13.77273771745842,13.536474700425593,13.564270973205566,41200,0.0,0.0
2013-12-02 00:00:00-05:00,13.564275912342474,13.633765294196222,13.341910950730256,13.383604049682617,68650,0.0,0.0
2013-12-03 00:00:00-05:00,13.314104946334613,13.439185477261981,13.286310009127837,13.397492408752441,45600,0.0,0.0
2013-12-04 00:00:00-05:00,13.397499573649752,13.411396386985691,13.24462269835928,13.272418975830078,44600,0.0,0.0
2013-12-05 00:00:00-05:00,13.244625633337668,13.328013158829087,13.00836252407836,13.022260665893555,87950,0.0,0.0
2013-12-06 00:00:00-05:00,13.161232261181198,13.397495241691663,13.022253569563619,13.24461841583252,64150,0.0,0.0
2013-12-09 00:00:00-05:00,13.216830231972569,13.411398909262783,13.202932090623351,13.314114570617676,45400,0.0,0.0
2013-12-10 00:00:00-05:00,13.314112907068752,13.397500419345391,13.202930440966263,13.300214767456055,81100,0.0,0.0
2013-12-11 00:00:00-05:00,13.3558060005073,13.3558060005073,13.202930440966263,13.300214767456055,54850,0.0,0.0
2013-12-12 00:00:00-05:00,13.23744498900886,13.390883035732296,12.888724090476922,12.930571556091309,74850,0.07,0.0
2013-12-13 00:00:00-05:00,12.930572271516127,13.042162858799276,12.888724803586397,12.91662311553955,54500,0.0,0.0
2013-12-16 00:00:00-05:00,12.958470996535391,13.25139666012776,12.93057401109393,13.223498344421387,100750,0.0,0.0
2013-12-17 00:00:00-05:00,13.195599417778322,13.251394710718126,13.084008831898714,13.153753280639648,39050,0.0,0.0
2013-12-18 00:00:00-05:00,13.22350320078558,13.33509517432859,13.111912557507967,13.321146011352539,31900,0.0,0.0
2013-12-19 00:00:00-05:00,13.321136654064391,13.376931936510406,13.181647782817125,13.209546089172363,35950,0.0,0.0
2013-12-20 00:00:00-05:00,13.26534712500844,13.5024775108173,13.26534712500844,13.335091590881348,101450,0.0,0.0
2013-12-23 00:00:00-05:00,13.432730837309814,13.669861184146916,13.39088469676939,13.600116729736328,88100,0.0,0.0
2013-12-24 00:00:00-05:00,13.572219215189309,13.600117530702517,13.418782470661363,13.432731628417969,36550,0.0,0.0
2013-12-26 00:00:00-05:00,13.516422925054695,13.600116535203227,13.251395598403144,13.307190895080566,52700,0.0,0.0
2013-12-27 00:00:00-05:00,13.376930387722568,13.446674815271157,13.27928898731313,13.418776512145996,28350,0.0,0.0
2013-12-30 00:00:00-05:00,13.376935958862305,13.460628242564782,13.321140659639031,13.376935958862305,45550,0.0,0.0
2013-12-31 00:00:00-05:00,13.44667801698444,13.58616557502991,13.349035263061523,13.349035263061523,45100,0.0,0.0
2014-01-02 00:00:00-05:00,13.376931692149444,13.600112817856575,13.111903107673896,13.195596694946289,96900,0.0,0.0
2014-01-03 00:00:00-05:00,13.195602679635718,13.474579213295712,13.195602679635718,13.404834747314453,46450,0.0,0.0
2014-01-06 00:00:00-05:00,13.488523767542734,13.641960476105949,13.41877932537233,13.572216033935547,54500,0.0,0.0
2014-01-07 00:00:00-05:00,13.600114489572594,13.739603375417643,13.600114489572594,13.669858932495117,50250,0.0,0.0
2014-01-08 00:00:00-05:00,13.697754714585855,13.73960217484147,13.60011330118506,13.655908584594727,34150,0.0,0.0
2014-01-09 00:00:00-05:00,13.711707352436102,13.739605666362726,13.600116757259265,13.725656509399414,43000,0.0,0.0
2014-01-10 00:00:00-05:00,13.73960160615844,13.73960160615844,13.614061891116664,13.711703300476074,61850,0.0,0.0
2014-01-13 00:00:00-05:00,13.711704875976881,13.823295450999444,13.711704875976881,13.781449317932129,47800,0.0,0.0
2014-01-14 00:00:00-05:00,13.809352511519208,13.934892297485504,13.753557198896985,13.879096984863281,35850,0.0,0.0
2014-01-15 00:00:00-05:00,13.948835514185928,14.018579957809782,13.89304022533977,13.990681648254395,35850,0.0,0.0
2014-01-16 00:00:00-05:00,14.004634035107035,14.088327652823905,14.004634035107035,14.046480178833008,42200,0.0,0.0
2014-01-17 00:00:00-05:00,14.09546768884184,14.207447467777493,14.025481328185254,14.067473411560059,63550,0.07,0.0
2014-01-21 00:00:00-05:00,14.27743519871322,14.347422894447476,14.095467723765863,14.235443115234375,97700,0.0,0.0
2014-01-22 00:00:00-05:00,14.305436222474627,14.431413855470655,14.249446311688034,14.347428321838379,58150,0.0,0.0
2014-01-23 00:00:00-05:00,14.34742303238131,14.487398425195522,14.34742303238131,14.445405006408691,53600,0.0,0.0
2014-01-24 00:00:00-05:00,14.45940221468593,14.515392102515234,14.16545496985603,14.207447052001953,62250,0.0,0.0
2014-01-27 00:00:00-05:00,14.151456865408349,14.3194265253501,13.619552274807376,13.78752326965332,125250,0.0,0.0
2014-01-28 00:00:00-05:00,13.843515396118164,13.857511868866395,13.717537797053202,13.843515396118164,53950,0.0,0.0
2014-01-29 00:00:00-05:00,13.773523945720893,13.857508098980334,13.64754638092768,13.717534065246582,38500,0.0,0.0
2014-01-30 00:00:00-05:00,13.815520421145292,14.165457619254052,13.773528331145494,13.955495834350586,59700,0.0,0.0
2014-01-31 00:00:00-05:00,13.95549473506506,13.997486821757107,13.731535159501645,13.815519332885742,67550,0.0,0.0
2014-02-03 00:00:00-05:00,13.815519832206018,13.857511920415742,13.367600664890501,13.381598472595215,98600,0.0,0.0
2014-02-04 00:00:00-05:00,13.381601402862556,13.605561035562397,13.381601402862556,13.59156322479248,57850,0.0,0.0
2014-02-05 00:00:00-05:00,13.591560663659477,13.703540458908426,13.255621277912635,13.31161117553711,66950,0.0,0.0
2014-02-06 00:00:00-05:00,13.395599007458168,13.43759244330634,12.975675328215011,13.129647254943848,81450,0.0,0.0
2014-02-07 00:00:00-05:00,13.101648144918393,13.199631467587604,13.017663965378457,13.185633659362793,66600,0.0,0.0
2014-02-10 00:00:00-05:00,13.129640735038976,13.33960247039795,13.045655239952891,13.33960247039795,53800,0.0,0.0
2014-02-11 00:00:00-05:00,13.297608109138569,13.493573340786027,13.297608109138569,13.409587860107422,53250,0.0,0.0
2014-02-12 00:00:00-05:00,13.619557620432134,13.773530870324135,13.535573424949877,13.731538772583008,46150,0.0,0.0
2014-02-13 00:00:00-05:00,13.605558723534465,13.82951831817627,13.605558723534465,13.82951831817627,46800,0.0,0.0
2014-02-14 00:00:00-05:00,13.934872087729786,14.033202408904545,13.808446623562153,13.892730712890625,70350,0.07,0.0
2014-02-18 00:00:00-05:00,13.991060848416327,14.061297365316385,13.920824331516268,14.047249794006348,70250,0.0,0.0
2014-02-19 00:00:00-05:00,14.047252664673834,14.103441621746514,13.780355453491211,13.780355453491211,83600,0.0,0.0
2014-02-20 00:00:00-05:00,13.85058563769383,13.977011080313387,13.822491839139444,13.920822143554688,35350,0.0,0.0
2014-02-21 00:00:00-05:00,14.019156236769506,14.173676859353924,14.019156236769506,14.117487907409668,67000,0.0,0.0
2014-02-24 00:00:00-05:00,14.201769340635524,14.34224237721675,14.005108697001997,14.173675537109375,105250,0.0,0.0
2014-02-25 00:00:00-05:00,14.229864390904213,14.229864390904213,13.836541766555028,13.892730712890625,57500,0.0,0.0
2014-02-26 00:00:00-05:00,13.962968245053958,14.089393730535344,13.850590333437255,13.906779289245605,46800,0.0,0.0
2014-02-27 00:00:00-05:00,13.906777604318195,14.033203074482032,13.822494850642448,14.019155502319336,41100,0.0,0.0
2014-02-28 00:00:00-05:00,14.089393989188501,14.089393989188501,13.948922266914032,14.033205032348633,34850,0.0,0.0
2014-03-03 00:00:00-05:00,14.005100930631377,14.32818686009432,13.977005803034904,14.075337409973145,70350,0.0,0.0
2014-03-04 00:00:00-05:00,14.145577890589488,14.201766827348187,13.892728345000299,13.920822143554688,108000,0.0,0.0
2014-03-05 00:00:00-05:00,14.00510627244664,14.075342778577953,13.69606644925882,13.738207817077637,73000,0.0,0.0
2014-03-06 00:00:00-05:00,13.738209059316933,13.878682084281442,13.696067687687602,13.86463451385498,65700,0.0,0.0
2014-03-07 00:00:00-05:00,13.920821285975686,13.920821285975686,13.724160689260287,13.752254486083984,47350,0.0,0.0
2014-03-10 00:00:00-04:00,13.724163873883832,13.934872087729786,13.625832213058922,13.892730712890625,66550,0.0,0.0
2014-03-11 00:00:00-04:00,13.96296229719723,13.977009865078015,13.71011277359212,13.808443069458008,44950,0.0,0.0
2014-03-12 00:00:00-04:00,13.794399125368448,13.977013536842083,13.75225775030535,13.962965965270996,58850,0.0,0.0
2014-03-13 00:00:00-04:00,14.012304174655958,14.026401383390755,13.716269513144306,13.772658348083496,66850,0.07,0.0
2014-03-14 00:00:00-04:00,13.786754202383003,13.843141692897262,13.67397922135448,13.744463920593262,41800,0.0,0.0
2014-03-17 00:00:00-04:00,13.800852919994275,13.885434837205159,13.673980716369934,13.688077926635742,31050,0.0,0.0
2014-03-18 00:00:00-04:00,13.688077926635742,13.843143206407735,13.603496009424859,13.688077926635742,101950,0.0,0.0
2014-03-19 00:00:00-04:00,13.730367129698914,13.843142114159301,13.617592145238525,13.829046249389648,74900,0.0,0.0
2014-03-20 00:00:00-04:00,13.74447229925059,13.885441783663426,13.673987557044173,13.871344566345215,52700,0.0,0.0
2014-03-21 00:00:00-04:00,13.885429983024942,13.913623049316634,13.603491253807046,13.659878730773926,161200,0.0,0.0
2014-03-24 00:00:00-04:00,13.645787640222283,13.87133762693935,13.631690429956475,13.688077926635742,51250,0.0,0.0
2014-03-25 00:00:00-04:00,13.702173099802772,13.84314114835127,13.702173099802772,13.800850868225098,33150,0.0,0.0
2014-03-26 00:00:00-04:00,13.9136265319384,13.941820949670733,13.64578628540039,13.64578628540039,95800,0.0,0.0
2014-03-27 00:00:00-04:00,13.659889024563387,13.857246014863065,13.659889024563387,13.814955711364746,94700,0.0,0.0
2014-03-28 00:00:00-04:00,13.829050674303993,14.068696584674496,13.829050674303993,14.012309074401855,157250,0.0,0.0
2014-03-31 00:00:00-04:00,14.09688555321531,14.223757738295651,13.829045319233078,14.209660530090332,148650,0.0,0.0
2014-04-01 00:00:00-04:00,14.209659710554496,14.280144403132153,14.026400047606066,14.125079154968262,64250,0.0,0.0
2014-04-02 00:00:00-04:00,14.125080092390753,14.181467581318342,14.026400978479638,14.082788467407227,63150,0.0,0.0
2014-04-03 00:00:00-04:00,14.01230103796609,14.392917522300722,13.843138604167427,13.984107971191406,62500,0.0,0.0
2014-04-04 00:00:00-04:00,14.110986057742814,14.110986057742814,13.843144416809084,13.843144416809082,72300,0.0,0.0
2014-04-07 00:00:00-04:00,13.82904486297158,13.913625420645396,13.688075474336921,13.730365753173828,84800,0.0,0.0
2014-04-08 00:00:00-04:00,13.744463920593262,13.899529183411524,13.64578614828926,13.744463920593262,71850,0.0,0.0
2014-04-09 00:00:00-04:00,13.7444656814037,13.885435097940924,13.716271260342658,13.857240676879883,71000,0.0,0.0
2014-04-10 00:00:00-04:00,13.885433034002446,13.885433034002446,13.5330108894276,13.575301170349121,107300,0.0,0.0
2014-04-11 00:00:00-04:00,13.49071558066161,13.603490528583157,13.462522515872935,13.476619720458984,69850,0.0,0.0
2014-04-14 00:00:00-04:00,13.561207769949805,13.673982780330679,13.462529971962581,13.547110557556152,51900,0.0,0.0
2014-04-15 00:00:00-04:00,13.617593765258789,13.716271552304889,13.434334057613158,13.617593765258789,55750,0.0,0.0
2014-04-16 00:00:00-04:00,13.582229578215838,13.865192413330078,13.53978414099378,13.865192413330078,53750,0.07,0.0
2014-04-17 00:00:00-04:00,13.879335084371256,13.978371697899455,13.723704578229611,13.893482208251953,39900,0.0,0.0
2014-04-21 00:00:00-04:00,13.935927948084165,13.992520492725948,13.80859438532198,13.879335403442383,43650,0.0,0.0
2014-04-22 00:00:00-04:00,13.935925888708946,14.077406554769814,13.836887938266594,13.992518424987793,85000,0.0,0.0
2014-04-23 00:00:00-04:00,13.935927391052244,14.162297560571151,13.921778918139154,13.935927391052246,60800,0.0,0.0
2014-04-24 00:00:00-04:00,14.049112475811699,14.049112475811699,13.865186375759427,13.935927391052246,37150,0.0,0.0
2014-04-25 00:00:00-04:00,13.907630920410156,13.978371938119993,13.879335322889833,13.907630920410156,58600,0.0,0.0
2014-04-28 00:00:00-04:00,13.907630518834997,14.063259673884785,13.65296340214203,13.695408821105957,73700,0.0,0.0
2014-04-29 00:00:00-04:00,13.808593906464464,13.879334922131694,13.58222373574745,13.695408821105957,77000,0.0,0.0
2014-04-30 00:00:00-04:00,13.652968873677471,13.808599440370088,13.511488134916133,13.681265830993652,76700,0.0,0.0
2014-05-01 00:00:00-04:00,13.808592091970914,13.808592091970914,13.327554867770774,13.369998931884766,148000,0.0,0.0
2014-05-02 00:00:00-04:00,13.412447036783858,13.610521644444127,13.341707358372862,13.539780616760254,58650,0.0,0.0
2014-05-05 00:00:00-04:00,13.44073801307208,13.723700648755983,13.41244107486755,13.610515594482422,87650,0.0,0.0
2014-05-06 00:00:00-04:00,13.596363939118179,13.737845898440451,13.44073486328125,13.44073486328125,66500,0.0,0.0
2014-05-07 00:00:00-04:00,13.511484146118166,13.596372294460043,13.313409551199133,13.511484146118164,76150,0.0,0.0
2014-05-08 00:00:00-04:00,13.539774679093712,13.638812614128673,13.327553038381609,13.34170150756836,53950,0.0,0.0
2014-05-09 00:00:00-04:00,13.327559348120978,13.56807804107666,13.327559348120978,13.56807804107666,37400,0.0,0.0
2014-05-12 00:00:00-04:00,13.681258064030912,13.935925138207192,13.638814001425672,13.794443130493164,79650,0.0,0.0
2014-05-13 00:00:00-04:00,13.808583535322096,13.836879110773586,13.652953147888182,13.652953147888184,58600,0.0,0.0
2014-05-14 00:00:00-04:00,13.681261144291101,13.752002164075064,13.525631980184565,13.5963716506958,60550,0.0,0.0
2014-05-15 00:00:00-04:00,13.596368560685585,13.709553626907569,13.497331965059455,13.638813972473145,42000,0.0,0.0
2014-05-16 00:00:00-04:00,13.674313358845566,13.702712059020996,13.503917095225608,13.702712059020996,40050,0.07,0.0
2014-05-19 00:00:00-04:00,13.631708774848494,13.844703674316406,13.589108711604077,13.844703674316406,62350,0.0,0.0
2014-05-20 00:00:00-04:00,13.773709850480117,13.915707403715707,13.716911100023687,13.858908653259277,63550,0.0,0.0
2014-05-21 00:00:00-04:00,13.787916005373674,14.015111108187677,13.71691719719689,13.77371597290039,44650,0.0,0.0
2014-05-22 00:00:00-04:00,13.773711975984492,13.87311082026385,13.702713188410446,13.759511947631836,53900,0.0,0.0
2014-05-23 00:00:00-04:00,13.802108771770394,13.90150623837663,13.73111000097069,13.887306213378906,47600,0.0,0.0
2014-05-27 00:00:00-04:00,13.972511112132675,13.972511112132675,13.816313477311057,13.958311080932617,71200,0.0,0.0
2014-05-28 00:00:00-04:00,13.901509284973145,13.944108015113159,13.787911768473627,13.901509284973145,47950,0.0,0.0
2014-05-29 00:00:00-04:00,13.97250519869609,14.157101463603576,13.915706452123706,13.94410514831543,77250,0.0,0.0
2014-05-30 00:00:00-04:00,14.057708903298183,14.128707706686464,13.98671145409944,14.114507675170898,77050,0.0,0.0
2014-06-02 00:00:00-04:00,14.128707706686464,14.31330405382018,14.057708903298183,14.114507675170898,85950,0.0,0.0
2014-06-03 00:00:00-04:00,14.057708903298183,14.157107769717593,13.944111359552748,14.114507675170898,72350,0.0,0.0
2014-06-04 00:00:00-04:00,14.114507361564726,14.171306132175447,13.87311360211129,13.958311080932617,80800,0.0,0.0
2014-06-05 00:00:00-04:00,14.086101338159898,14.086101338159898,13.816306302226796,14.029302597045898,71250,0.0,0.0
2014-06-06 00:00:00-04:00,14.08610287647208,14.08610287647208,13.85890788720462,13.915706634521484,109050,0.0,0.0
2014-06-09 00:00:00-04:00,13.972511112132675,13.972511112132675,13.773714737900395,13.958311080932617,65900,0.0,0.0
2014-06-10 00:00:00-04:00,13.972511112132675,14.043509913943456,13.844713539711174,13.958311080932617,65950,0.0,0.0
2014-06-11 00:00:00-04:00,13.915710620568843,14.029308147741704,13.887310561680957,13.972509384155273,46000,0.0,0.0
2014-06-12 00:00:00-04:00,13.929910650012786,14.000908088853818,13.830511798094527,13.972509384155273,48650,0.0,0.0
2014-06-13 00:00:00-04:00,14.17130013460497,14.17130013460497,13.887306401743045,13.94410514831543,66100,0.0,0.0
2014-06-16 00:00:00-04:00,13.9867038797576,14.171298772736494,13.944103808280495,14.029302597045898,58900,0.0,0.0
2014-06-17 00:00:00-04:00,14.0079372890556,14.321441863626662,13.993686772255987,14.121938705444336,66350,0.07,0.0
2014-06-18 00:00:00-04:00,14.193190147307924,14.193190147307924,13.922437118998637,13.979437828063965,60300,0.0,0.0
2014-06-19 00:00:00-04:00,14.0079291161619,14.064929791099358,13.908178274772174,13.936677932739258,56250,0.0,0.0
2014-06-20 00:00:00-04:00,14.036429492949791,14.036429492949791,13.822675952430874,13.836926460266113,156250,0.0,0.0
2014-06-23 00:00:00-04:00,13.851176457556646,14.207430986286989,13.822675442936694,13.893926620483398,96450,0.0,0.0
2014-06-24 00:00:00-04:00,13.92242763510335,14.107678794120332,13.851176457556646,13.893926620483398,100250,0.0,0.0
2014-06-25 00:00:00-04:00,13.83692999213094,13.950931365905161,13.808428969185599,13.908181190490723,116300,0.0,0.0
2014-06-26 00:00:00-04:00,13.922431409844284,14.392687406546974,13.922431409844284,14.250185012817383,166800,0.0,0.0
2014-06-27 00:00:00-04:00,14.221681650231197,14.335684361857362,14.136181315265727,14.193181991577148,1740400,0.0,0.0
2014-06-30 00:00:00-04:00,14.221682061384138,14.406934604502792,14.207432911146826,14.335684776306152,122350,0.0,0.0
2014-07-01 00:00:00-04:00,14.335683063926862,14.577934897064805,14.321432556388395,14.378433227539062,114050,0.0,0.0
2014-07-02 00:00:00-04:00,14.378431067731391,14.535182550099035,14.378431067731391,14.449682235717773,52400,0.0,0.0
2014-07-03 00:00:00-04:00,14.535186412786496,14.535186412786496,14.307183701841351,14.364184379577637,44500,0.0,0.0
2014-07-07 00:00:00-04:00,14.392686540520762,14.520937056356145,14.364185519888368,14.406935691833496,65650,0.0,0.0
2014-07-08 00:00:00-04:00,14.406929054002216,14.406929054002216,14.250177589755921,14.292927742004395,90750,0.0,0.0
2014-07-09 00:00:00-04:00,14.36417721477017,14.449678868228313,14.307176565465632,14.421177864074707,35250,0.0,0.0
2014-07-10 00:00:00-04:00,14.406934548129014,14.406934548129014,14.278684042474886,14.364184379577637,48000,0.0,0.0
2014-07-11 00:00:00-04:00,14.292936810110106,14.435439220018976,14.292936810110106,14.32143783569336,43400,0.0,0.0
2014-07-14 00:00:00-04:00,14.378429405504178,14.406929054002216,14.292927742004395,14.292927742004395,48500,0.0,0.0
2014-07-15 00:00:00-04:00,14.278684042474886,14.378434888762548,14.278684042474886,14.364184379577637,36150,0.0,0.0
2014-07-16 00:00:00-04:00,14.392689040647795,14.435439220018976,14.278687656322179,14.32143783569336,51850,0.0,0.0
2014-07-17 00:00:00-04:00,14.364186384199638,14.421187069890765,14.250185012817383,14.250185012817383,51300,0.0,0.0
2014-07-18 00:00:00-04:00,14.250186389186702,14.37843828412997,14.20743621054017,14.3071870803833,51450,0.0,0.0
2014-07-21 00:00:00-04:00,14.321432556388395,14.435433898689732,14.321432556388395,14.378433227539062,56750,0.0,0.0
2014-07-22 00:00:00-04:00,14.421177864074705,14.563680166837388,14.406927361997901,14.421177864074707,100000,0.0,0.0
2014-07-23 00:00:00-04:00,14.471235214618991,14.471235214618991,14.299639701843262,14.299639701843262,40450,0.07,0.0
2014-07-24 00:00:00-04:00,14.371139526367188,14.428338036011912,14.313941016722463,14.371139526367188,24700,0.0,0.0
2014-07-25 00:00:00-04:00,14.39973187457418,14.528428806571357,14.371133313974502,14.49983024597168,33250,0.0,0.0
2014-07-28 00:00:00-04:00,14.499836572912615,14.62853219734612,14.371139584759064,14.599933624267578,52900,0.0,0.0
2014-07-29 00:00:00-04:00,14.599934556046867,14.685733008198307,14.442638984776046,14.4855375289917,36050,0.0,0.0
2014-07-30 00:00:00-04:00,14.44263644787892,14.514133554439594,14.313939474117877,14.328239440917969,53150,0.0,0.0
2014-07-31 00:00:00-04:00,14.285339460563955,14.313939394004068,12.56938300203385,13.012672424316406,579900,0.0,0.0
2014-08-01 00:00:00-04:00,13.012673395038574,13.141369013959888,12.869676444610462,13.06987190246582,135650,0.0,0.0
2014-08-04 00:00:00-04:00,13.098474299768947,13.527463912621021,12.998377223467603,13.47026538848877,75600,0.0,0.0
2014-08-05 00:00:00-04:00,13.556055641848564,13.77055102173282,13.47025858087062,13.613255500793457,74100,0.0,0.0
2014-08-06 00:00:00-04:00,13.58465900076996,13.84205297612233,13.58465900076996,13.598958969116211,60000,0.0,0.0
2014-08-07 00:00:00-04:00,13.813454418417773,13.899252873340446,13.684757417893852,13.784855842590332,89450,0.0,0.0
2014-08-08 00:00:00-04:00,13.842049817647387,13.970746775957538,13.813449887480807,13.870648384094238,73100,0.0,0.0
2014-08-11 00:00:00-04:00,14.013648793656827,14.056547335858818,13.884951803330784,13.91355037689209,48850,0.0,0.0
2014-08-12 00:00:00-04:00,13.942146360970874,14.085143279391781,13.91354643179882,14.056543350219727,36300,0.0,0.0
2014-08-13 00:00:00-04:00,14.042243929885771,14.142342322147913,13.913546971062829,13.985045433044434,73250,0.0,0.0
2014-08-14 00:00:00-04:00,13.942150493516676,14.070847485498197,13.870652013113599,13.956450462341309,60600,0.0,0.0
2014-08-15 00:00:00-04:00,13.956447794425753,13.985046362888028,13.756252360310528,13.927847862243652,50950,0.0,0.0
2014-08-18 00:00:00-04:00,13.978076190404037,14.064184040154238,13.791510323143468,13.848915100097656,44000,0.07,0.0
2014-08-19 00:00:00-04:00,13.920674765899781,13.920674765899781,13.64800235186045,13.70540714263916,53450,0.0,0.0
2014-08-20 00:00:00-04:00,13.633651486638017,13.820217408060179,13.633651486638017,13.762812614440918,42050,0.0,0.0
2014-08-21 00:00:00-04:00,13.719757080078125,13.82021511004821,13.691054003722094,13.719757080078125,54750,0.0,0.0
2014-08-22 00:00:00-04:00,13.67670598841819,13.820218669888613,13.67670598841819,13.777165412902832,34650,0.0,0.0
2014-08-25 00:00:00-04:00,13.820217408060179,13.848919120550692,13.705407820821655,13.762812614440918,47850,0.0,0.0
2014-08-26 00:00:00-04:00,13.777156603212694,13.848911529426442,13.719751841059203,13.79150676727295,32000,0.0,0.0
2014-08-27 00:00:00-04:00,13.805862734238135,13.920672295420486,13.805862734238135,13.82021427154541,33100,0.0,0.0
2014-08-28 00:00:00-04:00,13.791511196930859,13.90632075811321,13.734106416339683,13.82021427154541,37300,0.0,0.0
2014-08-29 00:00:00-04:00,13.820210295407572,13.94937135673697,13.805858762229297,13.906316757202148,37200,0.0,0.0
2014-09-02 00:00:00-04:00,13.92067076549314,14.049831849787543,13.805861216928735,13.863265991210938,40900,0.0,0.0
2014-09-03 00:00:00-04:00,13.906319877051843,13.992427726802044,13.734105546189282,13.848915100097656,32450,0.0,0.0
2014-09-04 00:00:00-04:00,13.906316427427145,13.99242425581729,13.863263197550824,13.935019493103027,34500,0.0,0.0
2014-09-05 00:00:00-04:00,13.877617191728481,14.04983151041527,13.791509348066214,13.891968727111816,49800,0.0,0.0
2014-09-08 00:00:00-04:00,13.9637300506036,13.9637300506036,13.762813937934315,13.805867195129395,49400,0.0,0.0
2014-09-09 00:00:00-04:00,13.805862734238135,13.949375370035039,13.762809490954234,13.82021427154541,36750,0.0,0.0
2014-09-10 00:00:00-04:00,13.891966127519675,13.935019356975422,13.791506767272951,13.79150676727295,31950,0.0,0.0
2014-09-11 00:00:00-04:00,13.805865867495804,13.834568948624554,13.762812614440918,13.762812614440918,23350,0.0,0.0
2014-09-12 00:00:00-04:00,13.777161864152175,13.891971432300275,13.70540554190011,13.719757080078125,28850,0.0,0.0
2014-09-15 00:00:00-04:00,13.705407456464927,13.791513960285569,13.604948043823242,13.604948043823242,42150,0.0,0.0
2014-09-16 00:00:00-04:00,13.633654243389694,13.748463853842948,13.61930269992341,13.662357330322266,50250,0.0,0.0
2014-09-17 00:00:00-04:00,13.669550045022175,13.683954537378218,13.453488154433508,13.46789264678955,48200,0.07,0.0
2014-09-18 00:00:00-04:00,13.539918200441024,13.539918200441024,12.877326376880548,12.949347496032715,111600,0.0,0.0
2014-09-19 00:00:00-04:00,12.834114740575405,12.862923738801994,11.681780911596098,12.185927391052246,425900,0.0,0.0
2014-09-22 00:00:00-04:00,12.041888635434887,12.113909778174865,11.609764526373095,11.955464363098145,208400,0.0,0.0
2014-09-23 00:00:00-04:00,11.811415871144007,11.912245967473005,11.68177815706981,11.797011375427246,143550,0.0,0.0
2014-09-24 00:00:00-04:00,11.710584730568126,11.99866771697998,11.681775745082923,11.99866771697998,113200,0.0,0.0
2014-09-25 00:00:00-04:00,11.984268970643795,12.085099094501588,11.811419095915896,11.869035720825195,53900,0.0,0.0
2014-09-26 00:00:00-04:00,12.243539506308485,12.790897907903677,12.128306303202985,12.690069198608398,232400,0.0,0.0
2014-09-29 00:00:00-04:00,12.733285151127214,12.934942630607626,12.546030796117867,12.877326011657715,103850,0.0,0.0
2014-09-30 00:00:00-04:00,12.877323470404374,12.963749068618004,12.618049423140045,12.632453918457031,147500,0.0,0.0
2014-10-01 00:00:00-04:00,12.603646679268714,12.63245567390608,12.286754606700041,12.574837684631348,61650,0.0,0.0
2014-10-02 00:00:00-04:00,12.560433211083623,12.661261934101017,12.474007610148483,12.603645324707031,37250,0.0,0.0
2014-10-03 00:00:00-04:00,12.560438762423004,12.718884164862525,12.459608621153372,12.488417625427246,41500,0.0,0.0
2014-10-06 00:00:00-04:00,12.546034260286067,12.603650895144886,12.474013123290309,12.488417625427246,44750,0.0,0.0
2014-10-07 00:00:00-04:00,12.488413806440162,12.50281830417217,12.315563954721606,12.329968452453613,50450,0.0,0.0
2014-10-08 00:00:00-04:00,12.301153023028109,12.430790687433822,12.272345416320055,12.344365119934082,59100,0.0,0.0
2014-10-09 00:00:00-04:00,12.31555978101822,12.445197469295472,12.25794318330478,12.387580871582031,32750,0.0,0.0
2014-10-10 00:00:00-04:00,12.34436639239385,12.459599578479903,12.142709003587225,12.157112121582031,47650,0.0,0.0
2014-10-13 00:00:00-04:00,12.229134335027464,12.373176517773745,12.013072434596106,12.113901138305664,54200,0.0,0.0
2014-10-14 00:00:00-04:00,12.085102145292298,12.185930920914844,11.955464363098145,11.955464363098145,56800,0.0,0.0
2014-10-15 00:00:00-04:00,11.955457879668295,11.984265496928527,11.552141622206973,11.811415672302246,175400,0.0,0.0
2014-10-16 00:00:00-04:00,11.681776693401604,12.171518496902678,11.609756971218156,12.12830638885498,50550,0.0,0.0
2014-10-17 00:00:00-04:00,12.142710207270401,12.531621905440904,12.142710207270401,12.502814292907715,58500,0.0,0.0
2014-10-20 00:00:00-04:00,12.538978926656197,12.582366010418703,12.33650357034697,12.524516105651855,43350,0.07,0.0
2014-10-21 00:00:00-04:00,12.582362415897846,13.001774450452771,12.350962862936527,12.900537490844727,101700,0.0,0.0
2014-10-22 00:00:00-04:00,12.900530531068025,13.175317007151023,12.871604912928033,13.030693054199219,72750,0.0,0.0
2014-10-23 00:00:00-04:00,13.074086883399348,13.319949248115106,12.958387109327237,12.987311363220215,54050,0.0,0.0
2014-10-24 00:00:00-04:00,13.016229354367745,13.262091574734635,12.958379501296081,13.146391868591309,53900,0.0,0.0
2014-10-27 00:00:00-04:00,13.074085507359575,13.26209796525108,12.972848560514134,13.218710899353027,53650,0.0,0.0
2014-10-28 00:00:00-04:00,13.175309065012883,13.464559555053711,13.175309065012883,13.464559555053711,58600,0.0,0.0
2014-10-29 00:00:00-04:00,13.348871486531069,13.49349687191002,13.233171729927866,13.262097358703613,44300,0.0,0.0
2014-10-30 00:00:00-04:00,13.18977741181581,13.276552871167835,13.160853178197891,13.247627258300781,18050,0.0,0.0
2014-10-31 00:00:00-04:00,13.305477478165066,13.319940285004451,13.204240588787734,13.291014671325684,33800,0.0,0.0
2014-11-03 00:00:00-05:00,13.319940285004451,13.319940285004451,13.247627630056709,13.291014671325684,36850,0.0,0.0
2014-11-04 00:00:00-05:00,13.319942737032415,13.36332978628838,13.07408049249956,13.131930351257324,59550,0.0,0.0
2014-11-05 00:00:00-05:00,13.160854428375481,13.291015560894099,13.016229108800216,13.175315856933594,27300,0.0,0.0
2014-11-06 00:00:00-05:00,13.218710899353027,13.363334912096521,13.175322454205018,13.218710899353027,29750,0.0,0.0
2014-11-07 00:00:00-05:00,13.2187118508706,13.36333587402451,13.175323402599375,13.33441162109375,23850,0.0,0.0
2014-11-10 00:00:00-05:00,13.363327326273426,13.392252939952192,13.233164823217326,13.291014671325684,49100,0.0,0.0
2014-11-11 00:00:00-05:00,13.39225992969469,13.39225992969469,13.18978466601414,13.262097358703613,39200,0.0,0.0
2014-11-12 00:00:00-05:00,13.088549608753276,13.291023522343322,13.045162538591136,13.204249382019043,38300,0.0,0.0
2014-11-13 00:00:00-05:00,13.226022185118055,13.385722576744296,13.182468162200635,13.356685638427734,41700,0.07,0.0
2014-11-14 00:00:00-05:00,13.313132705925218,13.501868666769056,13.313132705925218,13.472831726074219,38600,0.0,0.0
2014-11-17 00:00:00-05:00,13.472824266596335,13.472824266596335,13.269571332497355,13.298606872558594,42750,0.0,0.0
2014-11-18 00:00:00-05:00,13.298616259019065,13.472833776023423,13.284097786462597,13.371207237243652,34950,0.0,0.0
2014-11-19 00:00:00-05:00,13.371206696741071,13.429279200061734,13.269580162069335,13.31313419342041,45550,0.0,0.0
2014-11-20 00:00:00-05:00,13.24053969245169,13.414757156023214,13.24053969245169,13.327649116516113,23300,0.0,0.0
2014-11-21 00:00:00-05:00,13.414763447653089,13.501872912572539,13.37120940747235,13.385727882385254,37400,0.0,0.0
2014-11-24 00:00:00-05:00,13.356685638427734,13.414758130503435,13.342167169269453,13.356685638427734,26300,0.0,0.0
2014-11-25 00:00:00-05:00,13.385722576744296,13.414758130503435,13.313131615510317,13.356685638427734,23350,0.0,0.0
2014-11-26 00:00:00-05:00,13.414758130503435,13.458313537978277,13.356685638427734,13.356685638427734,38200,0.0,0.0
2014-11-28 00:00:00-05:00,13.356685238240901,13.41475772857666,13.284094279181858,13.41475772857666,49800,0.0,0.0
2014-12-01 00:00:00-05:00,13.385721493303159,13.559938955429086,13.32764900592785,13.429275512695312,51000,0.0,0.0
2014-12-02 00:00:00-05:00,13.48735454407036,13.661572090725805,13.443800503545996,13.530908584594727,49700,0.0,0.0
2014-12-03 00:00:00-05:00,13.574457423412241,13.603492974821238,13.429275512695312,13.429275512695312,42200,0.0,0.0
2014-12-04 00:00:00-05:00,13.414757156023214,13.516385048191262,13.284093712205241,13.327649116516113,34150,0.0,0.0
2014-12-05 00:00:00-05:00,13.400238576729002,13.429275512695312,13.269576518552542,13.429275512695312,51900,0.0,0.0
2014-12-08 00:00:00-05:00,13.414762851068904,13.414762851068904,12.529156689136235,12.558192253112793,138550,0.0,0.0
2014-12-09 00:00:00-05:00,12.354935788121136,12.67433382770058,12.354935788121136,12.65981674194336,46250,0.0,0.0
2014-12-10 00:00:00-05:00,12.688853676717393,12.703372148609647,12.57270867069472,12.630781173706055,48500,0.0,0.0
2014-12-11 00:00:00-05:00,12.630783239891057,12.630783239891057,12.413011664114176,12.558192253112793,54750,0.0,0.0
2014-12-12 00:00:00-05:00,12.442040543395493,12.543668424106942,12.340414047241211,12.340414047241211,51950,0.0,0.0
2014-12-15 00:00:00-05:00,12.369455202856098,12.543672706262257,12.340418260009583,12.471081733703613,38650,0.0,0.0
2014-12-16 00:00:00-05:00,12.471085790436922,12.471085790436922,12.122650670281757,12.180723190307617,110150,0.0,0.0
2014-12-17 00:00:00-05:00,12.14427283449087,12.333799469874457,12.042220565575818,12.100536346435547,79500,0.07,0.0
2014-12-18 00:00:00-05:00,12.260902260522654,12.902377128601074,12.115113528946754,12.902377128601074,60100,0.0,0.0
2014-12-19 00:00:00-05:00,12.873212302917487,12.916948762136718,12.610790766888162,12.698265075683594,59200,0.0,0.0
2014-12-22 00:00:00-05:00,12.698267926822433,12.756583682327353,12.144267554347058,12.319214820861816,73250,0.0,0.0
2014-12-23 00:00:00-05:00,12.304637436302501,12.435848254058916,12.217164484703222,12.392111778259277,61050,0.0,0.0
2014-12-24 00:00:00-05:00,12.319220491950695,12.479589936182423,12.231747513604228,12.465010643005371,48600,0.0,0.0
2014-12-26 00:00:00-05:00,12.450428974141333,12.596219097377555,12.43584968374618,12.47958755493164,26450,0.0,0.0
2014-12-29 00:00:00-05:00,12.333799899730062,12.47959005213938,12.173431844366162,12.2317476272583,88450,0.0,0.0
2014-12-30 00:00:00-05:00,12.027636507475677,12.348373870308416,11.750637005727405,12.188004493713379,106250,0.0,0.0
2014-12-31 00:00:00-05:00,12.05679702758789,12.158849272542291,11.99847987006245,12.05679702758789,114200,0.0,0.0
2015-01-02 00:00:00-05:00,12.042220985269363,12.319220606417543,12.027641691956845,12.2317476272583,39650,0.0,0.0
2015-01-05 00:00:00-05:00,12.24632594338848,12.34837960966134,12.15885296127801,12.333800315856934,42600,0.0,0.0
2015-01-06 00:00:00-05:00,12.348375302459637,12.392111778259277,12.290059537940953,12.392111778259277,22650,0.0,0.0
2015-01-07 00:00:00-05:00,12.392113168762746,12.537903291597134,12.377533878407778,12.494165420532227,36800,0.0,0.0
2015-01-08 00:00:00-05:00,12.639950272876357,12.756581766368877,12.450423748361741,12.537898063659668,44250,0.0,0.0
2015-01-09 00:00:00-05:00,12.581637404766505,12.654532452466741,12.20258426901119,12.275479316711426,42500,0.0,0.0
2015-01-12 00:00:00-05:00,12.319217690788285,12.319217690788285,12.173428963241195,12.246322631835938,38350,0.0,0.0
2015-01-13 00:00:00-05:00,12.24632222811533,12.348375863427291,12.01305915944381,12.05679702758789,57650,0.0,0.0
2015-01-14 00:00:00-05:00,11.954744795749098,12.042219151949087,11.83811324772093,12.013060569763184,37350,0.0,0.0
2015-01-15 00:00:00-05:00,11.925584805880785,12.013057751199712,11.808953285217285,11.808953285217285,51150,0.0,0.0
2015-01-16 00:00:00-05:00,11.867270950056357,12.027638969115824,11.706901540639267,11.779796600341797,64800,0.0,0.0
2015-01-20 00:00:00-05:00,11.736060998626158,11.808956063781892,10.846744401548955,11.26953411102295,200000,0.0,0.0
2015-01-21 00:00:00-05:00,11.130404439616015,11.130404439616015,10.617820157869783,10.852144241333008,150900,0.07,0.0
2015-01-22 00:00:00-05:00,10.764270897085646,11.203629177922096,10.734980391585932,11.130402565002441,69600,0.0,0.0
2015-01-23 00:00:00-05:00,11.013240916410146,11.408663103233538,11.013240916410146,11.379372596740723,49950,0.0,0.0
2015-01-26 00:00:00-05:00,11.276852908273666,11.32078900718357,11.130400409141659,11.247562408447266,54700,0.0,0.0
2015-01-27 00:00:00-05:00,11.1889870936878,11.232923214920739,10.940017369496708,11.159696578979492,54250,0.0,0.0
2015-01-28 00:00:00-05:00,11.130403145849042,11.130403145849042,10.778917061509965,10.881433486938477,79200,0.0,0.0
2015-01-29 00:00:00-05:00,10.837495777876612,10.89607677951319,10.705688175023996,10.734978675842285,64100,0.0,0.0
2015-01-30 00:00:00-05:00,10.734982199601395,11.02788800227128,10.734982199601395,10.852144241333008,48650,0.0,0.0
2015-02-02 00:00:00-05:00,10.82285187376712,11.04253101348877,10.632463937793043,11.04253101348877,69050,0.0,0.0
2015-02-03 00:00:00-05:00,11.042534520146262,11.203632700212431,10.983953490729647,11.159696578979492,53550,0.0,0.0
2015-02-04 00:00:00-05:00,11.350079214417544,11.525822208845495,11.188981120354963,11.394015312194824,82450,0.0,0.0
2015-02-05 00:00:00-05:00,11.452599861094026,11.599052401856701,11.408663749694824,11.408663749694824,51100,0.0,0.0
2015-02-06 00:00:00-05:00,11.540468614097964,11.686921119689941,11.423306609624381,11.686921119689941,71250,0.0,0.0
2015-02-09 00:00:00-05:00,11.64298452974617,12.038407325744627,11.64298452974617,12.038407325744629,66100,0.0,0.0
2015-02-10 00:00:00-05:00,12.053055924313057,12.053055924313057,11.14505009660729,11.218276023864746,234850,0.0,0.0
2015-02-11 00:00:00-05:00,11.232919933753314,11.364727560609799,10.998595884533566,11.027886390686035,91050,0.0,0.0
2015-02-12 00:00:00-05:00,11.057174223704292,11.452596310337475,11.057174223704292,11.394015312194824,69600,0.0,0.0
2015-02-13 00:00:00-05:00,11.34252706108957,11.607332886487853,11.254258452623475,11.430795669555664,71100,0.07,0.0
2015-02-17 00:00:00-05:00,11.533777623322635,11.754448823582795,11.416086129451447,11.680891990661621,62650,0.0,0.0
2015-02-18 00:00:00-05:00,11.622044122499158,11.695600941994922,11.519063733409277,11.577909469604492,89350,0.0,0.0
2015-02-19 00:00:00-05:00,11.607332381426719,11.828004243738299,11.504352693445425,11.798582077026367,44500,0.0,0.0
2015-02-20 00:00:00-05:00,11.975117583627071,12.41645984250614,11.84271434476622,12.372325897216797,142350,0.0,0.0
2015-02-23 00:00:00-05:00,12.445887114502353,12.607712564084608,12.284061664920099,12.563578605651855,104150,0.0,0.0
2015-02-24 00:00:00-05:00,12.592997395536775,12.798956725302608,12.563573832431535,12.666553497314453,74000,0.0,0.0
2015-02-25 00:00:00-05:00,12.681266931412512,12.725400878828928,12.548863686170373,12.71069049835205,35400,0.0,0.0
2015-02-26 00:00:00-05:00,12.710694354440264,12.798962276051247,12.710694354440264,12.725404739379883,41350,0.0,0.0
2015-02-27 00:00:00-05:00,12.769540103178693,12.887231600655548,12.666558990641455,12.725404739379883,63950,0.0,0.0
2015-03-02 00:00:00-05:00,12.828385353088379,12.931365058627957,12.71069386018793,12.828385353088379,63700,0.0,0.0
2015-03-03 00:00:00-05:00,12.71069386018793,12.85780752481686,12.519444833476383,12.828385353088379,63750,0.0,0.0
2015-03-04 00:00:00-05:00,12.798957641739971,12.798957641739971,12.578286514620913,12.651844024658203,36300,0.0,0.0
2015-03-05 00:00:00-05:00,12.72540577063285,12.916654820279684,12.666560017125628,12.857809066772461,53900,0.0,0.0
2015-03-06 00:00:00-05:00,12.813669055392658,12.887226563311952,12.725399765290952,12.784245491027832,30150,0.0,0.0
2015-03-09 00:00:00-04:00,12.784248494457499,12.90194137657386,12.74011454053455,12.813672065734863,44250,0.0,0.0
2015-03-10 00:00:00-04:00,12.798960280096182,12.857806019657813,12.68126880097292,12.813672065734863,39350,0.0,0.0
2015-03-11 00:00:00-04:00,12.813673340589231,12.931364831421822,12.740115808070552,12.88723087310791,46000,0.0,0.0
2015-03-12 00:00:00-04:00,12.88722799141605,13.004919455931846,12.740112959274843,12.99020767211914,43450,0.0,0.0
2015-03-13 00:00:00-04:00,13.049052433318085,13.137321726632743,12.828381304520672,13.093186378479004,68700,0.0,0.0
2015-03-16 00:00:00-04:00,13.22558961695458,13.240301399672493,13.093186378479004,13.093186378479004,91200,0.0,0.0
2015-03-17 00:00:00-04:00,13.166755520403145,13.166755520403145,12.857814825377192,13.122621536254883,58400,0.0,0.0
2015-03-18 00:00:00-04:00,13.100459098815918,13.100459098815918,12.997073737958443,13.100459098815918,62450,0.07,0.0
2015-03-19 00:00:00-04:00,13.04138844134736,13.21862118585642,12.938003025847237,13.189083099365234,37550,0.0,0.0
2015-03-20 00:00:00-04:00,13.24815131936496,13.42538393863664,13.24815131936496,13.321998596191406,87050,0.0,0.0
2015-03-23 00:00:00-04:00,13.29245871672138,13.440153265870572,13.218611442146784,13.277688980102539,70550,0.0,0.0
2015-03-24 00:00:00-04:00,13.33676806386925,13.366307540530734,13.277690519066056,13.307229995727539,31650,0.0,0.0
2015-03-25 00:00:00-04:00,13.336766924740974,13.336766924740974,13.24815131936496,13.321998596191406,48100,0.0,0.0
2015-03-26 00:00:00-04:00,13.307229995727539,13.33676806386925,13.174305167790408,13.307229995727539,35900,0.0,0.0
2015-03-27 00:00:00-04:00,13.248151779174805,13.336767387626443,13.174304499785306,13.248151779174805,33450,0.0,0.0
2015-03-30 00:00:00-04:00,13.24815300288672,13.33676861952365,13.100458430465396,13.262921333312988,56250,0.0,0.0
2015-03-31 00:00:00-04:00,13.262924161712643,13.366310947863367,12.98230610449241,13.011845588684082,127450,0.0,0.0
2015-04-01 00:00:00-04:00,13.070919404318813,13.144765276604222,12.93799458057351,13.041379928588867,45050,0.0,0.0
2015-04-02 00:00:00-04:00,13.011843477658054,13.11522883851553,12.937996187679902,13.100459098815918,39100,0.0,0.0
2015-04-06 00:00:00-04:00,12.937997701441166,13.189077671631605,12.923227960013477,13.130000114440918,47050,0.0,0.0
2015-04-07 00:00:00-04:00,13.070927936359194,13.248160680868255,13.026618693841444,13.189083099365234,47250,0.0,0.0
2015-04-08 00:00:00-04:00,13.115230966314673,13.20384660184943,12.937998286725032,13.011845588684082,56750,0.0,0.0
2015-04-09 00:00:00-04:00,12.937998256968088,13.085691452026367,12.937998256968088,13.085691452026367,25500,0.0,0.0
2015-04-10 00:00:00-04:00,13.02660969860629,13.203842320731312,12.96753215789795,12.96753215789795,31050,0.0,0.0
2015-04-13 00:00:00-04:00,12.967532533382576,13.02661007580155,12.849377448544626,12.864147186279297,27400,0.0,0.0
2015-04-14 00:00:00-04:00,12.849372942958302,13.056144973180706,12.849372942958302,12.99706745147705,26000,0.0,0.0
2015-04-15 00:00:00-04:00,12.967531518102595,13.218611405855118,12.967531518102595,13.056148529052734,43000,0.0,0.0
2015-04-16 00:00:00-04:00,12.997071751346125,13.14476490020752,12.967532276462034,13.14476490020752,36900,0.0,0.0
2015-04-17 00:00:00-04:00,13.041381263717723,13.2038441713056,12.967533975352369,13.159536361694336,49700,0.0,0.0
2015-04-20 00:00:00-04:00,13.17430437509161,13.248151653782152,13.14476490020752,13.14476490020752,50250,0.0,0.0
2015-04-21 00:00:00-04:00,13.144773856847484,13.21862118585642,13.10046602285038,13.189083099365234,25900,0.0,0.0
2015-04-22 00:00:00-04:00,13.18166644116652,13.226148607429577,13.092700694577838,13.122356414794922,26050,0.07,0.0
2015-04-23 00:00:00-04:00,13.166835677153431,13.329937860188005,13.166835677153431,13.285455703735352,57600,0.0,0.0
2015-04-24 00:00:00-04:00,13.255799969133571,13.315109982330906,13.122353499986259,13.181663513183594,28100,0.0,0.0
2015-04-27 00:00:00-04:00,13.19648624844205,13.19648624844205,12.988901967602386,13.003729820251465,44500,0.0,0.0
2015-04-28 00:00:00-04:00,13.077868288582286,13.16683400424635,13.018558282826936,13.152006149291992,22700,0.0,0.0
2015-04-29 00:00:00-04:00,13.19648344315395,13.19648344315395,13.033381340871657,13.048209190368652,41950,0.0,0.0
2015-04-30 00:00:00-04:00,13.063040153943993,13.166832297042706,12.974074449815168,13.018556594848633,43450,0.0,0.0
2015-05-01 00:00:00-04:00,13.077866592913884,13.137176590979134,12.974074449815168,13.018556594848633,16550,0.0,0.0
2015-05-04 00:00:00-04:00,13.018562808097697,13.18166644116652,13.018562808097697,13.122356414794922,53200,0.0,0.0
2015-05-05 00:00:00-04:00,13.166831073637487,13.300278910400378,13.09269322942902,13.270623207092285,36250,0.0,0.0
2015-05-06 00:00:00-04:00,13.211311415531412,13.211311415531412,12.974071477619086,13.033381462097168,44150,0.0,0.0
2015-05-07 00:00:00-04:00,12.974076978267506,13.166834863060656,12.20304543909491,12.41063117980957,129150,0.0,0.0
2015-05-08 00:00:00-04:00,12.410632300183352,12.410632300183352,12.158564383010813,12.232702255249023,90500,0.0,0.0
2015-05-11 00:00:00-04:00,12.232696940451772,12.69235041737104,12.08442126039738,12.633040428161621,54700,0.0,0.0
2015-05-12 00:00:00-04:00,12.633040734407707,12.89993498528922,12.544075041406057,12.70717716217041,56000,0.0,0.0
2015-05-13 00:00:00-04:00,12.751665957796002,12.929596002883006,12.707182385977525,12.870285987854004,34800,0.0,0.0
2015-05-14 00:00:00-04:00,12.57373162139289,13.048213047111359,12.57373162139289,12.988903045654297,54950,0.0,0.0
2015-05-15 00:00:00-04:00,12.862363762065607,13.026120190498913,12.832589091586225,12.996345520019531,21750,0.07,0.0
2015-05-18 00:00:00-04:00,12.892137012810558,13.055894860978293,12.817701756346535,12.996345520019531,34850,0.0,0.0
2015-05-19 00:00:00-04:00,13.04100846904234,13.055895805358887,12.936798534561051,13.055895805358887,27400,0.0,0.0
2015-05-20 00:00:00-04:00,13.070779831950356,13.100554500278133,12.93679666394402,12.95168399810791,37450,0.0,0.0
2015-05-21 00:00:00-04:00,13.085669058257446,13.219652245637294,12.996346460092703,13.055895805358887,46650,0.0,0.0
2015-05-22 00:00:00-04:00,13.070778417243607,13.130326327719704,12.773038864863127,12.802813529968262,37100,0.0,0.0
2015-05-26 00:00:00-04:00,12.936800679528325,13.041010631287993,12.534852470478882,12.594400405883789,50100,0.0,0.0
2015-05-27 00:00:00-04:00,12.609286921266383,12.609286921266383,12.296659925871856,12.326433181762695,43800,0.0,0.0
2015-05-28 00:00:00-04:00,12.222223900032535,12.356207092584938,11.790501068327337,11.894709587097168,98100,0.0,0.0
2015-05-29 00:00:00-04:00,12.073349260960988,12.073349260960988,11.835157630716418,11.8798189163208,50700,0.0,0.0
2015-06-01 00:00:00-04:00,11.879821893175974,12.237110137939453,11.671404164486495,12.237110137939453,93400,0.0,0.0
2015-06-02 00:00:00-04:00,12.281767817984193,12.653942600347351,12.281767817984193,12.549734115600586,39250,0.0,0.0
2015-06-03 00:00:00-04:00,12.549739469660757,12.594400065072206,12.311547734486723,12.341320991516113,31200,0.0,0.0
2015-06-04 00:00:00-04:00,12.281771630395829,12.475302747667183,12.281771630395829,12.356206893920898,31950,0.0,0.0
2015-06-05 00:00:00-04:00,12.371092288147155,12.505074037773888,12.371092288147155,12.475300788879395,26950,0.0,0.0
2015-06-08 00:00:00-04:00,12.505075017379472,12.579510275048227,12.326431250815132,12.400866508483887,31350,0.0,0.0
2015-06-09 00:00:00-04:00,12.415756302259876,12.53485217021685,12.251998419017983,12.266885757446289,20100,0.0,0.0
2015-06-10 00:00:00-04:00,12.16267672502639,12.371095195200967,12.16267672502639,12.326433181762695,32400,0.0,0.0
2015-06-11 00:00:00-04:00,12.385980147490187,12.41575482079404,12.311546303699682,12.356206893920898,32100,0.0,0.0
2015-06-12 00:00:00-04:00,12.281769752502441,12.341317670270655,12.207334500358588,12.281769752502441,16800,0.0,0.0
2015-06-15 00:00:00-04:00,12.207335406438904,12.430641179445171,12.207335406438904,12.400866508483887,25650,0.0,0.0
2015-06-16 00:00:00-04:00,12.356205921776414,12.400866508483887,12.296657999588302,12.400866508483887,25750,0.0,0.0
2015-06-17 00:00:00-04:00,12.34854507446289,12.408344265532135,12.27379572919504,12.34854507446289,16700,0.07,0.0
2015-06-18 00:00:00-04:00,12.318642850801771,12.378442032573625,12.19904448725806,12.28874397277832,18800,0.0,0.0
2015-06-19 00:00:00-04:00,12.318647041828399,12.408346557866057,12.213998794555664,12.213998794555664,25050,0.0,0.0
2015-06-22 00:00:00-04:00,12.18409407604411,12.33359274015413,12.139245047101074,12.199044227600098,34450,0.0,0.0
2015-06-23 00:00:00-04:00,12.094399212376048,12.318645842041306,12.049550171588058,12.064498901367188,32500,0.0,0.0
2015-06-24 00:00:00-04:00,12.109345436096191,12.154194462322149,12.034596108569705,12.109345436096191,22300,0.0,0.0
2015-06-25 00:00:00-04:00,12.064498186121497,12.109348649975823,11.929950358871563,11.974800109863281,39300,0.0,0.0
2015-06-26 00:00:00-04:00,11.929951066140564,12.064498901367188,11.885101312489923,12.064498901367188,21550,0.0,0.0
2015-06-29 00:00:00-04:00,11.8701499707607,11.974798903961137,11.84025037739808,11.885099411010742,46800,0.0,0.0
2015-06-30 00:00:00-04:00,11.900047273564546,12.109345099679114,11.810348510742188,11.810348510742188,47500,0.0,0.0
2015-07-01 00:00:00-04:00,11.989748119789395,12.034597149896037,11.810349860775384,12.0046968460083,36350,0.0,0.0
2015-07-02 00:00:00-04:00,11.989746300153113,12.243891716003418,11.989746300153113,12.243891716003418,32550,0.0,0.0
2015-07-06 00:00:00-04:00,12.184093372689203,12.288743001815044,12.139244346335179,12.228943824768066,18500,0.0,0.0
2015-07-07 00:00:00-04:00,12.228943910868509,12.258842786740086,11.944896748601842,12.12429428100586,27750,0.0,0.0
2015-07-08 00:00:00-04:00,12.034599302610498,12.109348649975823,11.915000204253454,11.974800109863281,29900,0.0,0.0
2015-07-09 00:00:00-04:00,11.989749322208802,12.109347698304019,11.929949421298641,12.09439754486084,31300,0.0,0.0
2015-07-10 00:00:00-04:00,12.09439849695433,12.09439849695433,11.959849956824025,12.034599304199219,25800,0.0,0.0
2015-07-13 00:00:00-04:00,12.04954851025641,12.154196732908447,12.019648203370053,12.09439754486084,17250,0.0,0.0
2015-07-14 00:00:00-04:00,12.094393407165706,12.228941890672804,12.094393407165706,12.169142723083496,14400,0.0,0.0
2015-07-15 00:00:00-04:00,12.139244311671884,12.243892514774064,11.974796931693481,12.109345436096191,28850,0.0,0.0
2015-07-16 00:00:00-04:00,12.0943969726905,12.318643560828937,12.06449666721869,12.258844375610352,50250,0.0,0.0
2015-07-17 00:00:00-04:00,12.273793235934136,12.333592414855957,12.199043905850637,12.333592414855957,24950,0.0,0.0
2015-07-20 00:00:00-04:00,12.333592367931066,12.333592367931066,12.12429452963855,12.154194831848145,29750,0.0,0.0
2015-07-21 00:00:00-04:00,12.124293370053364,12.33359118832833,12.124293370053364,12.243891716003418,35150,0.0,0.0
2015-07-22 00:00:00-04:00,12.131290415562251,12.206360569072837,11.876052752732713,11.936108589172363,30450,0.07,0.0
2015-07-23 00:00:00-04:00,11.95112535721684,12.101265695029253,11.876055188310634,12.026195526123047,36750,0.0,0.0
2015-07-24 00:00:00-04:00,11.996163769945776,12.101262551853916,11.755940437316895,11.755940437316895,40900,0.0,0.0
2015-07-27 00:00:00-04:00,11.725909574454795,11.725909574454795,11.410616171639854,11.485686302185059,59450,0.0,0.0
2015-07-28 00:00:00-04:00,11.500703602285462,11.800983505242884,11.380591927471315,11.62081527709961,44650,0.0,0.0
2015-07-29 00:00:00-04:00,11.575770875750159,11.90607789927434,11.575770875750159,11.800980567932129,23000,0.0,0.0
2015-07-30 00:00:00-04:00,11.816000161067247,12.086252215181235,11.816000161067247,11.966139793395996,31050,0.0,0.0
2015-07-31 00:00:00-04:00,11.981149871331924,12.0562193029485,11.725912228807193,11.861038208007812,49100,0.0,0.0
2015-08-03 00:00:00-04:00,11.87605170940114,12.19134518097126,11.815995878237498,11.921093940734863,44900,0.0,0.0
2015-08-04 00:00:00-04:00,11.99615937758475,12.386522866098158,11.906075660832826,12.221369743347168,50200,0.0,0.0
2015-08-05 00:00:00-04:00,12.341485947269138,12.341485947269138,12.13128981422751,12.1463041305542,35850,0.0,0.0
2015-08-06 00:00:00-04:00,12.116277694702148,12.176333539053617,12.011180325048144,12.116277694702148,47200,0.0,0.0
2015-08-07 00:00:00-04:00,12.161316730368254,12.281428380340559,12.116273787745781,12.176329612731934,24250,0.0,0.0
2015-08-10 00:00:00-04:00,12.20635805798048,12.3414840201326,12.161316547877705,12.296441078186035,22450,0.0,0.0
2015-08-11 00:00:00-04:00,12.251399617412162,12.371511266065708,12.161316596843898,12.341484069824219,34150,0.0,0.0
2015-08-12 00:00:00-04:00,12.266413882065446,12.3414840201326,12.23638525410107,12.296441078186035,21350,0.0,0.0
2015-08-13 00:00:00-04:00,12.311458587646484,12.371514427319134,12.28143138373224,12.311458587646484,38300,0.0,0.0
2015-08-14 00:00:00-04:00,12.281430001005772,12.431568867361667,12.281430001005772,12.356498718261719,28150,0.0,0.0
2015-08-17 00:00:00-04:00,12.371514331605088,12.581710484755229,12.371514331605088,12.566696166992188,59500,0.0,0.0
2015-08-18 00:00:00-04:00,12.453617822502565,12.559156493553019,12.363155077418924,12.4385404586792,34700,0.07,0.0
2015-08-19 00:00:00-04:00,12.363154411315918,12.51392516571323,12.363154411315918,12.363154411315918,21150,0.0,0.0
2015-08-20 00:00:00-04:00,12.197308535805488,12.634542026952172,12.197308535805488,12.574234008789062,37450,0.0,0.0
2015-08-21 00:00:00-04:00,12.574235014581593,13.026545905912805,12.574235014581593,12.830544471740723,111300,0.0,0.0
2015-08-24 00:00:00-04:00,12.589306302053927,12.694844931866214,11.760070307919694,11.835454940795898,202000,0.0,0.0
2015-08-25 00:00:00-04:00,12.121920594884562,12.33299933282822,12.061612589451554,12.091767311096191,65050,0.0,0.0
2015-08-26 00:00:00-04:00,12.182226126617323,12.634536794447644,12.152072848951821,12.423458099365234,88500,0.0,0.0
2015-08-27 00:00:00-04:00,12.936083497122842,13.11700757090383,12.664696667522996,13.011468887329102,176700,0.0,0.0
2015-08-28 00:00:00-04:00,13.117002901493928,13.328081631359995,13.056694898368796,13.267773628234863,121500,0.0,0.0
2015-08-31 00:00:00-04:00,13.358240583023196,13.795474150699553,13.252701892229297,13.674858093261719,148300,0.0,0.0
2015-09-01 00:00:00-04:00,13.41854190826416,13.433619267375926,13.192387273012109,13.41854190826416,101850,0.0,0.0
2015-09-02 00:00:00-04:00,13.478854430826166,13.493931794998417,12.99639028016683,13.08685302734375,74300,0.0,0.0
2015-09-03 00:00:00-04:00,13.147156221439031,13.267772214840265,12.96623223133718,13.207464218139648,40100,0.0,0.0
2015-09-04 00:00:00-04:00,13.132084846496582,13.192392870676835,13.056699456807085,13.132084846496582,42150,0.0,0.0
2015-09-08 00:00:00-04:00,13.28285493391012,13.569317674378977,13.237622839738743,13.433624267578125,91750,0.0,0.0
2015-09-09 00:00:00-04:00,13.569315629625782,13.946241063782054,13.433622243272497,13.64470100402832,274300,0.0,0.0
2015-09-10 00:00:00-04:00,13.72008586925604,13.72008586925604,13.117004334273494,13.23762035369873,101450,0.0,0.0
2015-09-11 00:00:00-04:00,13.448700904846191,13.539162212582509,13.282854215425232,13.448700904846191,82400,0.0,0.0
2015-09-14 00:00:00-04:00,13.509014129638674,13.674860882984852,13.433628718896912,13.509014129638672,63750,0.0,0.0
2015-09-15 00:00:00-04:00,13.524084526182039,13.644700546034976,13.493929802290618,13.614545822143555,50500,0.0,0.0
2015-09-16 00:00:00-04:00,13.61454610187568,13.61454610187568,13.448699430634406,13.53916072845459,46550,0.0,0.0
2015-09-17 00:00:00-04:00,13.45590829783186,13.54672351498154,13.319684028625488,13.319684028625488,65900,0.07,0.0
2015-09-18 00:00:00-04:00,13.289416764874234,13.531592701006781,13.289416764874234,13.486185073852539,33100,0.0,0.0
2015-09-21 00:00:00-04:00,13.607272841484729,13.622409198140666,13.50132123185801,13.577001571655273,35300,0.0,0.0
2015-09-22 00:00:00-04:00,13.501322411052648,13.622410387911032,13.471049695096779,13.546730041503906,31050,0.0,0.0
2015-09-23 00:00:00-04:00,13.546731730944277,13.743500078749166,13.501324094830142,13.637548446655273,37050,0.0,0.0
2015-09-24 00:00:00-04:00,13.561869406679785,13.758637773576552,13.486189043491356,13.71323013305664,31650,0.0,0.0
2015-09-25 00:00:00-04:00,13.713227716255842,13.81917933995715,13.577003375221238,13.592138290405273,60150,0.0,0.0
2015-09-28 00:00:00-04:00,13.531599399501438,13.667823791881233,12.759663581821192,12.820207595825195,153850,0.0,0.0
2015-09-29 00:00:00-04:00,12.805070752490519,12.941295139774954,12.320718658575277,12.396397590637207,150550,0.0,0.0
2015-09-30 00:00:00-04:00,12.42666428919335,12.729384201019503,12.24503234209766,12.30557632446289,121350,0.0,0.0
2015-10-01 00:00:00-04:00,12.305578729590607,12.911018671576263,12.305578729590607,12.744523048400879,63650,0.0,0.0
2015-10-02 00:00:00-04:00,12.699111517362704,13.4710468456835,12.653702453033885,13.153190612792969,49700,0.0,0.0
2015-10-05 00:00:00-04:00,13.19860386539914,13.471051120415805,12.941291526479231,13.168331146240234,83100,0.0,0.0
2015-10-06 00:00:00-04:00,13.19860310433412,13.501323061054089,13.077515121646133,13.395371437072754,47900,0.0,0.0
2015-10-07 00:00:00-04:00,13.41050635229679,13.516459419760741,13.274283454384767,13.395371437072754,56850,0.0,0.0
2015-10-08 00:00:00-04:00,13.380234434194266,13.622410387911032,13.349961718238397,13.546730041503906,33750,0.0,0.0
2015-10-09 00:00:00-04:00,13.546729305232041,13.6224096475259,13.24400937953907,13.259145736694336,46700,0.0,0.0
2015-10-12 00:00:00-04:00,13.380234434194266,13.546730041503906,13.334826803743008,13.546730041503906,35250,0.0,0.0
2015-10-13 00:00:00-04:00,13.501318890243363,13.531590154822691,13.319686972320891,13.440774917602539,21700,0.0,0.0
2015-10-14 00:00:00-04:00,13.440783140918539,13.531598433701141,13.349966404652884,13.365102767944336,21600,0.0,0.0
2015-10-15 00:00:00-04:00,13.349962325669361,13.622411007738569,13.349962325669361,13.592138290405273,41000,0.0,0.0
2015-10-16 00:00:00-04:00,13.546725366020038,13.698086006594046,13.546725366020038,13.667813301086426,61000,0.0,0.0
2015-10-19 00:00:00-04:00,13.698091845866873,13.758635839208983,13.395371879156327,13.652684211730957,44100,0.0,0.0
2015-10-20 00:00:00-04:00,13.622409198140666,13.682953181281993,13.410504535404806,13.577001571655273,29250,0.0,0.0
2015-10-21 00:00:00-04:00,13.622412086789653,13.69809244263503,13.561868090809897,13.637548446655273,30950,0.0,0.0
2015-10-22 00:00:00-04:00,13.599556383939591,13.736311934304535,13.599556383939591,13.690727233886719,28400,0.07,0.0
2015-10-23 00:00:00-04:00,13.736315974819505,13.736315974819505,13.417220079810267,13.447610855102539,46900,0.0,0.0
2015-10-26 00:00:00-04:00,13.447607018234907,13.538776419875445,13.341240784172262,13.493191719055176,39000,0.0,0.0
2015-10-27 00:00:00-04:00,12.809415770357383,12.961365260399843,12.611880129101786,12.900585174560547,296100,0.0,0.0
2015-10-28 00:00:00-04:00,12.94617565163503,12.94617565163503,12.809420050522936,12.885394096374512,104900,0.0,0.0
2015-10-29 00:00:00-04:00,12.809417116207428,13.05253748510859,12.809417116207428,12.9917573928833,85750,0.0,0.0
2015-10-30 00:00:00-04:00,13.022149430983534,13.265269850601914,12.930979998182645,13.158905029296875,163950,0.0,0.0
2015-11-02 00:00:00-05:00,13.265267372131348,13.265267372131348,13.113317862815972,13.265267372131348,118450,0.0,0.0
2015-11-03 00:00:00-05:00,13.265267372131348,13.310853529126522,13.20448727858285,13.265267372131348,91700,0.0,0.0
2015-11-04 00:00:00-05:00,13.25007340379816,13.341242819346371,13.234878018169548,13.295658111572266,60300,0.0,0.0
2015-11-05 00:00:00-05:00,13.295654803622472,13.35643488190315,13.189290028909133,13.234874725341797,65850,0.0,0.0
2015-11-06 00:00:00-05:00,13.189293342029528,13.295658143461464,13.15890257069941,13.265267372131348,51650,0.0,0.0
2015-11-09 00:00:00-05:00,13.29566292557305,13.29566292557305,13.15890730362348,13.250078201293945,67650,0.0,0.0
2015-11-10 00:00:00-05:00,13.250073959395486,13.295658669081032,13.067733671541504,13.204487800598145,56150,0.0,0.0
2015-11-11 00:00:00-05:00,13.234879528038002,13.295659628374667,13.143708652977054,13.189294815063477,47100,0.0,0.0
2015-11-12 00:00:00-05:00,13.143711912493025,13.250078201293945,13.067737855065271,13.250078201293945,47550,0.0,0.0
2015-11-13 00:00:00-05:00,13.24244631780233,13.303471355697432,13.089882995588738,13.181421279907227,43300,0.07,0.0
2015-11-16 00:00:00-05:00,13.12039820030575,13.242448294312624,13.059373153302314,13.211935043334961,31050,0.0,0.0
2015-11-17 00:00:00-05:00,13.227190392984895,13.242447017002137,13.105140310750459,13.166165351867676,34550,0.0,0.0
2015-11-18 00:00:00-05:00,13.150906355154609,13.318724824211097,13.120394567576831,13.30346965789795,75400,0.0,0.0
2015-11-19 00:00:00-05:00,13.318724563163828,13.333981184129428,13.181419339327787,13.288212776184082,46750,0.0,0.0
2015-11-20 00:00:00-05:00,13.257699204025277,13.349237472587358,13.196674176634364,13.242444038391113,49950,0.0,0.0
2015-11-23 00:00:00-05:00,13.272955824610861,13.303469065782028,13.166162390414616,13.242444038391113,74900,0.0,0.0
2015-11-24 00:00:00-05:00,13.272961042683372,13.410267772030936,13.227192617884848,13.379755973815918,83800,0.0,0.0
2015-11-25 00:00:00-05:00,13.395011145447432,13.410267772030936,13.257704416099866,13.379755973815918,42650,0.0,0.0
2015-11-27 00:00:00-05:00,13.410261154174805,13.410261154174805,13.196672852265817,13.410261154174805,39150,0.0,0.0
2015-11-30 00:00:00-05:00,13.395004891773091,13.44077475015521,13.257698226529362,13.349236488342285,96250,0.0,0.0
2015-12-01 00:00:00-05:00,13.364497446886121,13.562829199414207,13.303472404181464,13.517059326171875,133150,0.0,0.0
2015-12-02 00:00:00-05:00,13.456035614013672,13.486548865859074,13.333985516535918,13.456035614013672,43150,0.0,0.0
2015-12-03 00:00:00-05:00,13.425520235650461,13.456032024404434,13.044113419040798,13.059370040893555,77700,0.0,0.0
2015-12-04 00:00:00-05:00,13.044115442622322,13.181422150694942,12.815270444184035,12.9830904006958,109100,0.0,0.0
2015-12-07 00:00:00-05:00,12.906811224981436,12.983092905846451,12.464379221906801,12.738992691040039,134700,0.0,0.0
2015-12-08 00:00:00-05:00,12.693216873897308,12.693216873897308,12.372835128044064,12.616936683654785,49300,0.0,0.0
2015-12-09 00:00:00-05:00,12.525402069091797,12.723733822421234,12.372838734237831,12.525402069091797,68500,0.0,0.0
2015-12-10 00:00:00-05:00,12.555912810679681,12.555912810679681,12.052456612268704,12.327069282531738,130500,0.0,0.0
2015-12-11 00:00:00-05:00,12.205017953983086,12.281299607185785,11.320154268715434,11.625279426574707,218150,0.0,0.0
2015-12-14 00:00:00-05:00,11.62528216466359,11.671051312860314,10.313242949369918,10.633624076843262,270050,0.0,0.0
2015-12-15 00:00:00-05:00,10.679390214403938,10.938746950292721,9.748757434884105,10.694646835327148,408500,0.0,0.0
2015-12-16 00:00:00-05:00,10.840306994712378,11.346290077364081,10.702311342670628,11.269625663757324,95100,0.07,0.0
2015-12-17 00:00:00-05:00,11.269627756125889,11.453621505591954,11.024302756837804,11.100966453552246,86050,0.0,0.0
2015-12-18 00:00:00-05:00,11.070302701997319,11.192965953525043,10.886308921395171,10.99363899230957,66300,0.0,0.0
2015-12-21 00:00:00-05:00,10.962970786312825,11.346291438064139,10.932305163417764,11.085633277893066,72550,0.0,0.0
2015-12-22 00:00:00-05:00,11.02430581517625,11.177633982267263,10.870977648085237,10.962974548339844,58650,0.0,0.0
2015-12-23 00:00:00-05:00,10.90164259645211,11.269630174346469,10.824978152160956,11.19296646118164,56600,0.0,0.0
2015-12-24 00:00:00-05:00,11.208296095590526,11.376957391983797,11.192963649259942,11.31562614440918,20150,0.0,0.0
2015-12-28 00:00:00-05:00,11.300291072640288,11.376955484820076,10.88630485534668,10.88630485534668,92500,0.0,0.0
2015-12-29 00:00:00-05:00,10.962971689932138,11.085634191622795,10.732979133699065,10.947638511657715,94050,0.0,0.0
2015-12-30 00:00:00-05:00,10.855643752947174,10.962973828425945,10.732981227329336,10.932308197021484,63950,0.0,0.0
2015-12-31 00:00:00-05:00,10.947638592243425,11.315626831150345,10.886307340946637,11.208296775817871,81700,0.0,0.0
2016-01-04 00:00:00-05:00,11.039634799197255,11.330958590739762,10.993636729079363,11.31562614440918,63250,0.0,0.0
2016-01-05 00:00:00-05:00,11.34629245679874,11.438289333743922,11.0549686475759,11.208296775817871,36200,0.0,0.0
2016-01-06 00:00:00-05:00,11.02430488258389,11.13163495603128,10.962973620935752,11.070302963256836,54750,0.0,0.0
2016-01-07 00:00:00-05:00,10.824976422100486,10.916973301871026,10.656315110291391,10.77897834777832,85000,0.0,0.0
2016-01-08 00:00:00-05:00,10.809645419724562,10.947640392268553,10.732980977435215,10.840311050415039,61900,0.0,0.0
2016-01-11 00:00:00-05:00,10.840311748117726,10.840311748117726,10.594985955677977,10.610319137573242,89950,0.0,0.0
2016-01-12 00:00:00-05:00,10.640983170735128,10.70231442684445,9.521686650050599,9.889674186706543,225100,0.0,0.0
2016-01-13 00:00:00-05:00,9.644346391511231,9.874338901408965,9.429687056798828,9.491018295288086,157750,0.0,0.0
2016-01-14 00:00:00-05:00,9.337692950429263,9.353025399006288,7.375090547111358,8.17239761352539,510600,0.0,0.0
2016-01-15 00:00:00-05:00,7.819741852554765,8.049734410508826,7.221761786775156,7.4670867919921875,252600,0.0,0.0
2016-01-19 00:00:00-05:00,7.467085240978145,8.003733943984342,7.467085240978145,7.697077751159668,217050,0.0,0.0
2016-01-20 00:00:00-05:00,7.658477198299829,7.766560810078593,7.318786267714785,7.673917293548584,168000,0.07,0.0
2016-01-21 00:00:00-05:00,7.890085369930509,9.696621621121473,7.890085369930509,8.909156799316406,329150,0.0,0.0
2016-01-22 00:00:00-05:00,8.878278756166772,9.49589829515205,8.816516875894214,9.372374534606934,163700,0.0,0.0
2016-01-25 00:00:00-05:00,9.372373475406029,9.38781357559939,8.831955979705857,8.97092056274414,92600,0.0,0.0
2016-01-26 00:00:00-05:00,8.940040636439331,9.465017355015771,8.909159696303051,9.372374534606934,104650,0.0,0.0
2016-01-27 00:00:00-05:00,9.233411577879457,9.696626498558755,9.233411577879457,9.603982925415039,58300,0.0,0.0
2016-01-28 00:00:00-05:00,9.742944821642439,10.020873254496879,9.63486117406924,9.75838565826416,65250,0.0,0.0
2016-01-29 00:00:00-05:00,9.835588649387681,9.835588649387681,9.295171828173135,9.341493606567383,116000,0.0,0.0
2016-02-01 00:00:00-05:00,9.295169852640518,9.835586558998548,9.187086216865099,9.773824691772461,96850,0.0,0.0
2016-02-02 00:00:00-05:00,9.7738235543383,9.820145317496912,9.187085147712947,9.248847007751465,102900,0.0,0.0
2016-02-03 00:00:00-05:00,9.387811642776096,9.69662168191919,9.233406991334276,9.634859085083008,67150,0.0,0.0
2016-02-04 00:00:00-05:00,9.465014345578178,9.696621691089675,9.43413341526061,9.511335372924805,40100,0.0,0.0
2016-02-05 00:00:00-05:00,9.465014357099841,9.573097245213173,9.341490635679198,9.35693073272705,32550,0.0,0.0
2016-02-08 00:00:00-05:00,9.264287925975182,9.650299922890815,8.692990347242315,9.573097229003906,164250,0.0,0.0
2016-02-09 00:00:00-05:00,9.24884903770524,9.264289874233574,8.615789465235686,8.816515922546387,117000,0.0,0.0
2016-02-10 00:00:00-05:00,8.723874038323645,9.171648037548675,8.646671320004977,9.140767097473145,76150,0.0,0.0
2016-02-11 00:00:00-05:00,9.01723945498479,9.125322330586451,8.692989355661064,8.847393989562988,98300,0.0,0.0
2016-02-12 00:00:00-05:00,8.723871197424076,9.264287840890818,8.692990267404818,9.248847007751465,61600,0.0,0.0
2016-02-16 00:00:00-05:00,9.303201987720401,9.815732955932617,9.225546319023815,9.815732955932617,75550,0.07,0.0
2016-02-17 00:00:00-05:00,9.90892502797113,9.90892502797113,9.442987826553178,9.598299980163574,64250,0.0,0.0
2016-02-18 00:00:00-05:00,9.598299980163574,9.76914371942839,9.474050257275259,9.598299980163574,40650,0.0,0.0
2016-02-19 00:00:00-05:00,9.458519412207602,9.598299980163574,9.365332120041366,9.598299980163574,27250,0.0,0.0
2016-02-22 00:00:00-05:00,9.551705061193857,9.738079613464313,9.474048627454515,9.582767486572266,57150,0.0,0.0
2016-02-23 00:00:00-05:00,9.489580507709643,9.691485908700916,9.489580507709643,9.551705360412598,39000,0.0,0.0
2016-02-24 00:00:00-05:00,9.505113675554103,10.0331757932805,9.505113675554103,9.893394470214844,57200,0.0,0.0
2016-02-25 00:00:00-05:00,9.87786202203714,9.971049308776855,9.675955863807731,9.971049308776855,38350,0.0,0.0
2016-02-26 00:00:00-05:00,9.955516835747625,10.235079411609568,9.862329557322528,10.172954559326172,54550,0.0,0.0
2016-02-29 00:00:00-05:00,10.281675332903147,10.778675019968503,10.235082051964211,10.592300415039062,97750,0.0,0.0
2016-03-01 00:00:00-05:00,10.70101627727283,10.763141132305355,10.374860418058727,10.421454429626465,63800,0.0,0.0
2016-03-02 00:00:00-05:00,10.35933086376705,10.545705452058124,10.29720600100336,10.483580589294434,51150,0.0,0.0
2016-03-03 00:00:00-05:00,10.39039185442385,10.965047125600055,10.328267000274352,10.732078552246094,82050,0.0,0.0
2016-03-04 00:00:00-05:00,10.825264591243078,11.26013926097325,10.778671326270992,10.871858596801758,92950,0.0,0.0
2016-03-07 00:00:00-05:00,11.0271742561792,11.399924198612686,10.918456109267341,11.011643409729004,109600,0.0,0.0
2016-03-08 00:00:00-05:00,11.120360599683485,11.151423030497643,10.871861153170217,10.902923583984375,62800,0.0,0.0
2016-03-09 00:00:00-05:00,10.933984576304546,11.462046571259256,10.918453733234115,11.36885929107666,72800,0.0,0.0
2016-03-10 00:00:00-05:00,11.151421753647867,11.337797057779413,10.887391492252654,11.042703628540039,47600,0.0,0.0
2016-03-11 00:00:00-05:00,11.120363543580165,11.415457084728244,11.120363543580165,11.384394645690918,37200,0.0,0.0
2016-03-14 00:00:00-04:00,11.368863519349365,11.632893874437405,11.260144615075268,11.601831436157227,112650,0.0,0.0
2016-03-15 00:00:00-04:00,11.570763959572341,11.772670090770166,11.462045843224761,11.741607666015625,50600,0.0,0.0
2016-03-16 00:00:00-04:00,11.663951974422586,11.788201673440748,11.663951974422586,11.741607666015625,34550,0.0,0.0
2016-03-17 00:00:00-04:00,11.484154244322136,11.811827177154244,11.172084394751282,11.250102043151855,98350,0.07,0.0
2016-03-18 00:00:00-04:00,11.374927535573594,11.437341344885636,11.187686107637465,11.35932445526123,49850,0.0,0.0
2016-03-21 00:00:00-04:00,11.359325392826074,11.406135381658016,11.187687031035791,11.37492847442627,29700,0.0,0.0
2016-03-22 00:00:00-04:00,11.374930290311424,11.624585588020176,11.25010264145705,11.530964851379395,40250,0.0,0.0
2016-03-23 00:00:00-04:00,11.468550854977996,11.749413804720199,11.468550854977996,11.499757766723633,34550,0.0,0.0
2016-03-24 00:00:00-04:00,11.546567032401182,11.546567032401182,11.187687221122788,11.390532493591309,25950,0.0,0.0
2016-03-28 00:00:00-04:00,11.312515701520784,11.624584802570855,11.296911874452567,11.56217098236084,39750,0.0,0.0
2016-03-29 00:00:00-04:00,11.31251629624981,11.546568506357822,11.31251629624981,11.499757766723633,34400,0.0,0.0
2016-03-30 00:00:00-04:00,11.359325691485886,11.671394772008282,11.359325691485886,11.577774047851562,39700,0.0,0.0
2016-03-31 00:00:00-04:00,11.624582290649414,11.655789194011014,11.328117080729845,11.624582290649414,88300,0.0,0.0
2016-04-01 00:00:00-04:00,11.484151953832932,11.686996459960938,11.390531240843554,11.686996459960938,25050,0.0,0.0
2016-04-04 00:00:00-04:00,11.624583913102251,11.624583913102251,11.32811866180478,11.406135559082031,65900,0.0,0.0
2016-04-05 00:00:00-04:00,11.328118678067359,11.546567032401182,11.328118678067359,11.390532493591309,21650,0.0,0.0
2016-04-06 00:00:00-04:00,11.437342061949797,11.546566607109353,11.390532074046662,11.484152793884277,25900,0.0,0.0
2016-04-07 00:00:00-04:00,11.390530982511148,11.484151693377248,11.234495720369711,11.31251335144043,63900,0.0,0.0
2016-04-08 00:00:00-04:00,11.406135203257803,11.468549016745099,11.234496844152067,11.343721389770508,29200,0.0,0.0
2016-04-11 00:00:00-04:00,11.328117935697911,11.452945558565437,11.234496474515943,11.296910285949707,25450,0.0,0.0
2016-04-12 00:00:00-04:00,11.281307576283211,11.390532121901652,11.250100669539563,11.343721389770508,20250,0.0,0.0
2016-04-13 00:00:00-04:00,11.390530887453046,11.671393017707446,11.390530887453046,11.624582290649414,73650,0.0,0.0
2016-04-14 00:00:00-04:00,11.577774047851562,11.686997854018713,11.546567139799324,11.577774047851562,26150,0.0,0.0
2016-04-15 00:00:00-04:00,11.546570161094484,11.671397825966062,11.499759414751857,11.608983993530273,26350,0.0,0.0
2016-04-18 00:00:00-04:00,11.65579233829184,11.874241464783411,11.624585426511826,11.827430725097656,61100,0.0,0.0
2016-04-19 00:00:00-04:00,11.811829267070994,11.967863847448559,11.702604688790915,11.95226001739502,41150,0.0,0.0
2016-04-20 00:00:00-04:00,11.99144460368243,11.99144460368243,11.568217182255829,11.756318092346191,69700,0.07,0.0
2016-04-21 00:00:00-04:00,11.724966893215827,11.94441793538328,11.677941296170976,11.740641593933105,41550,0.0,0.0
2016-04-22 00:00:00-04:00,11.740640781552834,11.787666375343804,11.599565495072842,11.630915641784668,20350,0.0,0.0
2016-04-25 00:00:00-04:00,11.693616783726704,11.756317081700049,11.599566336766683,11.646591186523438,37150,0.0,0.0
2016-04-26 00:00:00-04:00,11.646593042462342,12.00712018698402,11.615242888479877,11.913069725036621,33700,0.0,0.0
2016-04-27 00:00:00-04:00,11.913071586231016,11.991447357155243,11.78767095070965,11.9757719039917,42150,0.0,0.0
2016-04-28 00:00:00-04:00,11.975770033001554,11.975770033001554,11.83469471380377,11.913069725036621,30700,0.0,0.0
2016-04-29 00:00:00-04:00,11.913071586231016,12.00712206287204,11.771996244992852,11.9757719039917,32450,0.0,0.0
2016-05-02 00:00:00-04:00,11.991444555479827,11.991444555479827,11.819018348200151,11.85036849975586,36350,0.0,0.0
2016-05-03 00:00:00-04:00,11.819022257011929,11.897398035545084,11.63092128546854,11.724971771240234,44100,0.0,0.0
2016-05-04 00:00:00-04:00,11.709295411487133,11.756321024461554,11.599570226958086,11.662270545959473,30650,0.0,0.0
2016-05-05 00:00:00-04:00,11.536869063676242,11.724970006914974,11.333092668110927,11.364442825317383,58450,0.0,0.0
2016-05-06 00:00:00-04:00,11.333090864231796,11.521191777530657,11.082289646499984,11.176340103149414,74900,0.0,0.0
2016-05-09 00:00:00-04:00,11.20769528524596,11.364446116676246,10.721767334088605,10.815817832946777,85750,0.0,0.0
2016-05-10 00:00:00-04:00,10.815814756274305,11.364442883940722,10.815814756274305,11.129316329956055,83550,0.0,0.0
2016-05-11 00:00:00-04:00,11.082288645742661,11.19201379486859,11.003912898555695,11.06661319732666,30400,0.0,0.0
2016-05-12 00:00:00-04:00,11.066615236828945,11.129315547155151,10.909864461013424,11.019590377807617,47700,0.0,0.0
2016-05-13 00:00:00-04:00,10.988240222644512,11.082290688133826,10.909864461013424,11.019590377807617,56650,0.0,0.0
2016-05-16 00:00:00-04:00,10.972566524951553,11.521194701709776,10.956891071141456,11.207693099975586,73750,0.0,0.0
2016-05-17 00:00:00-04:00,11.199814209763058,11.199814209763058,10.995035433160345,11.02653980255127,40100,0.07,0.0
2016-05-18 00:00:00-04:00,11.010788247841528,11.247071415413453,11.010788247841528,11.13680648803711,29250,0.0,0.0
2016-05-19 00:00:00-04:00,11.042295732712784,11.121056304664657,10.711499377593446,11.08955192565918,56100,0.0,0.0
2016-05-20 00:00:00-04:00,11.026541965371976,11.105303279859772,10.932028838660758,11.058046340942383,38450,0.0,0.0
2016-05-23 00:00:00-04:00,11.05804424948551,11.577866723642664,11.05804424948551,11.483353614807129,47600,0.0,0.0
2016-05-24 00:00:00-04:00,11.593618290092667,11.609370097986483,11.45184826343156,11.46760082244873,29300,0.0,0.0
2016-05-25 00:00:00-04:00,11.49910468845613,11.530609053994779,11.341582109639571,11.420343399047852,24700,0.0,0.0
2016-05-26 00:00:00-04:00,11.404592423182866,11.467601914126485,11.215566203722288,11.27857494354248,12850,0.0,0.0
2016-05-27 00:00:00-04:00,11.31007599634936,11.404589078360148,11.294324191575832,11.325828552246094,16300,0.0,0.0
2016-05-31 00:00:00-04:00,11.325830302431909,11.62512215061072,11.262821571354614,11.420343399047852,43300,0.0,0.0
2016-06-01 00:00:00-04:00,11.404593087769996,11.625124441115263,11.388841277458747,11.57786750793457,28600,0.0,0.0
2016-06-02 00:00:00-04:00,11.562115236681135,11.782645830111125,11.42034519391442,11.625123977661133,37050,0.0,0.0
2016-06-03 00:00:00-04:00,11.609371295646806,11.625123856289061,11.278575033393777,11.404592514038086,48750,0.0,0.0
2016-06-06 00:00:00-04:00,11.404592315215806,11.60937109325451,11.341583575992116,11.483353614807129,49450,0.0,0.0
2016-06-07 00:00:00-04:00,11.467600399362055,11.5778653039207,11.27857345374677,11.530609130859375,63700,0.0,0.0
2016-06-08 00:00:00-04:00,11.514856731302958,11.514856731302958,11.341582341732861,11.43609619140625,41200,0.0,0.0
2016-06-09 00:00:00-04:00,11.467602036918091,11.514858216727527,11.35733636549035,11.499106407165527,48450,0.0,0.0
2016-06-10 00:00:00-04:00,11.4676005575896,11.483352365119607,11.262821801836155,11.43609619140625,45150,0.0,0.0
2016-06-13 00:00:00-04:00,11.420345074680341,11.436097635322596,11.152557552749467,11.404592514038086,50800,0.0,0.0
2016-06-14 00:00:00-04:00,11.388841758320423,11.46760306657256,10.963532346230595,11.184062957763672,75600,0.0,0.0
2016-06-15 00:00:00-04:00,11.19198172351251,11.39777430240896,10.986188389771277,11.318623542785645,54900,0.07,0.0
2016-06-16 00:00:00-04:00,11.207809407750602,11.28696090692381,11.002016113775975,11.09699821472168,33550,0.0,0.0
2016-06-17 00:00:00-04:00,11.017844910724072,11.30278890235082,11.017844910724072,11.255298614501953,30700,0.0,0.0
2016-06-20 00:00:00-04:00,11.271129242395265,11.366110579540528,11.191978505529828,11.302789688110352,41700,0.0,0.0
2016-06-21 00:00:00-04:00,11.255297427591971,11.302787710432822,11.12865566689045,11.191976547241211,31200,0.0,0.0
2016-06-22 00:00:00-04:00,11.207806494824979,11.381939294841876,11.19197665201132,11.350278854370117,23650,0.0,0.0
2016-06-23 00:00:00-04:00,11.397772051780487,11.476923550619164,11.25530041065336,11.461092948913574,37400,0.0,0.0
2016-06-24 00:00:00-04:00,11.049500187629949,11.445255923927807,10.93868830972265,11.334444046020508,43450,0.0,0.0
2016-06-27 00:00:00-04:00,11.302788641220255,11.413600568381694,11.017844656176626,11.144486427307129,60000,0.0,0.0
2016-06-28 00:00:00-04:00,11.207810469189468,11.445264234352576,11.160320169063672,11.413603782653809,37450,0.0,0.0
2016-06-29 00:00:00-04:00,11.524414600891296,11.524414600891296,11.318621307786447,11.461092948913574,22100,0.0,0.0
2016-06-30 00:00:00-04:00,11.524414600891296,11.524414600891296,11.397772051780487,11.461092948913574,45850,0.0,0.0
2016-07-01 00:00:00-04:00,11.492752389930374,11.714375495910645,11.461091191374386,11.714375495910645,50650,0.0,0.0
2016-07-05 00:00:00-04:00,11.714374507610742,11.714374507610742,11.540241704466375,11.66688346862793,54150,0.0,0.0
2016-07-06 00:00:00-04:00,11.698546042749719,11.777697537205189,11.603564702309908,11.730206489562988,53600,0.0,0.0
2016-07-07 00:00:00-04:00,11.872675535217127,12.189279914218497,11.809354659416853,12.15761947631836,128000,0.0,0.0
2016-07-08 00:00:00-04:00,12.189286025957742,12.236777084042277,11.872681488210045,12.125965118408203,138200,0.0,0.0
2016-07-11 00:00:00-04:00,12.268432847432798,12.36341417244449,12.125960482493026,12.331753730773926,75200,0.0,0.0
2016-07-12 00:00:00-04:00,12.41090560979506,12.474226495163853,12.268433240293032,12.34758472442627,50300,0.0,0.0
2016-07-13 00:00:00-04:00,12.426736046928022,12.458396491123787,12.268433825949197,12.37924575805664,89700,0.0,0.0
2016-07-14 00:00:00-04:00,12.569206122668575,12.569206122668575,12.37924349226316,12.410903930664062,67850,0.0,0.0
2016-07-15 00:00:00-04:00,12.45839549745618,12.45839549745618,12.331753730773926,12.331753730773926,36000,0.0,0.0
2016-07-18 00:00:00-04:00,12.442566564598161,12.71167996106961,12.395075521194656,12.585038185119629,96500,0.0,0.0
2016-07-19 00:00:00-04:00,12.616698659274165,12.648359103337363,12.537547926538437,12.632529258728027,57450,0.0,0.0
2016-07-20 00:00:00-04:00,12.704079550400738,12.751780566749808,12.545079953419918,12.688179969787598,45550,0.07,0.0
2016-07-21 00:00:00-04:00,12.656379851130376,12.672279431493195,12.401980499966307,12.497380256652832,47900,0.0,0.0
2016-07-22 00:00:00-04:00,12.48148036407321,12.624580383300781,12.48148036407321,12.624580383300781,21250,0.0,0.0
2016-07-25 00:00:00-04:00,12.688179969787598,12.704079550400738,12.592780211599106,12.688179969787598,47550,0.0,0.0
2016-07-26 00:00:00-04:00,12.704077965010738,12.735878638608257,12.576878303299809,12.640478134155273,48900,0.0,0.0
2016-07-27 00:00:00-04:00,12.704075369320535,12.751776369970571,12.560976158218592,12.656375885009766,47150,0.0,0.0
2016-07-28 00:00:00-04:00,12.656379450416466,12.751779962252385,12.656379450416466,12.719979286193848,32950,0.0,0.0
2016-07-29 00:00:00-04:00,12.719978057135,12.75177873012082,12.592778397870815,12.70407772064209,38400,0.0,0.0
2016-08-01 00:00:00-04:00,12.719979889183762,12.767679389193066,12.48148011462759,12.688179969787598,61400,0.0,0.0
2016-08-02 00:00:00-04:00,12.719977584433334,12.7676770757999,12.513277766725553,12.57687759399414,77150,0.0,0.0
2016-08-03 00:00:00-04:00,12.624577834229962,12.831276893615723,12.52917809339736,12.831276893615723,47700,0.0,0.0
2016-08-04 00:00:00-04:00,12.83128029817518,12.878981318502744,12.719980950090653,12.863080978393555,46100,0.0,0.0
2016-08-05 00:00:00-04:00,12.863079569170413,13.196979093183305,12.863079569170413,13.149279594421387,48600,0.0,0.0
2016-08-08 00:00:00-04:00,13.196983067606197,13.355981950143512,13.11748286816745,13.26058292388916,83450,0.0,0.0
2016-08-09 00:00:00-04:00,13.212875531608391,13.324174834648094,13.181074864260317,13.244674682617188,72600,0.0,0.0
2016-08-10 00:00:00-04:00,13.29237992191194,13.371880108360514,13.069781219463852,13.324180603027344,64950,0.0,0.0
2016-08-11 00:00:00-04:00,13.355971617387583,13.371871948242188,13.244672334083372,13.371871948242188,38700,0.0,0.0
2016-08-12 00:00:00-04:00,13.355976624233188,13.37187696104846,13.276477972835988,13.308277130126953,49300,0.0,0.0
2016-08-15 00:00:00-04:00,13.340074251766241,13.514973361146028,13.29237325402152,13.499073028564453,208350,0.0,0.0
2016-08-16 00:00:00-04:00,13.499078092241513,13.594478607177734,13.467278931489266,13.594478607177734,84750,0.0,0.0
2016-08-17 00:00:00-04:00,13.59447350771472,13.59447350771472,13.196974291210427,13.499073028564453,91200,0.0,0.0
2016-08-18 00:00:00-04:00,13.523021839635193,13.570918773680386,13.411260296708303,13.554952621459961,34450,0.07,0.0
2016-08-19 00:00:00-04:00,13.554953408234322,13.618816498206765,13.49109031826188,13.602851867675781,47850,0.0,0.0
2016-08-22 00:00:00-04:00,13.586891300971384,13.650754417202052,13.554958981547655,13.61882209777832,46600,0.0,0.0
2016-08-23 00:00:00-04:00,13.60285746068325,13.634788257490186,13.570925141259519,13.61882209777832,36550,0.0,0.0
2016-08-24 00:00:00-04:00,13.618816498206765,13.65074880450107,13.570919561381476,13.602851867675781,36300,0.0,0.0
2016-08-25 00:00:00-04:00,13.602858934536531,13.618823573361352,13.427234203910874,13.459166526794434,67200,0.0,0.0
2016-08-26 00:00:00-04:00,13.523022624556186,13.698645741326361,13.523022624556186,13.602851867675781,64900,0.0,0.0
2016-08-29 00:00:00-04:00,13.602856069619502,13.698649972860968,13.602856069619502,13.650753021240234,62250,0.0,0.0
2016-08-30 00:00:00-04:00,13.698655047132977,13.874278283207993,13.66672424176352,13.778484344482422,71600,0.0,0.0
2016-08-31 00:00:00-04:00,13.842344409228584,13.890241367973436,13.666721212086214,13.874275207519531,35500,0.0,0.0
2016-09-01 00:00:00-04:00,13.890244447201322,13.970073744550767,13.682688883139647,13.778484344482422,53250,0.0,0.0
2016-09-02 00:00:00-04:00,13.810407638549805,13.810407638549805,13.682681441306201,13.810407638549805,41100,0.0,0.0
2016-09-06 00:00:00-04:00,13.730580031294343,13.842340074238184,13.730580031294343,13.794443130493164,55500,0.0,0.0
2016-09-07 00:00:00-04:00,13.826377807550589,13.906207084655762,13.730583893117837,13.906207084655762,59650,0.0,0.0
2016-09-08 00:00:00-04:00,13.826373918784382,13.874270862529402,13.730580031294343,13.794443130493164,54500,0.0,0.0
2016-09-09 00:00:00-04:00,13.778477663092916,13.794443819344018,13.36336673626305,13.507059097290039,86650,0.0,0.0
2016-09-12 00:00:00-04:00,13.363366089399134,13.427229188695737,12.772632040251471,12.820528984069824,202550,0.0,0.0
2016-09-13 00:00:00-04:00,12.804566897657086,12.98019007499489,12.581045244358947,12.884394645690918,113750,0.0,0.0
2016-09-14 00:00:00-04:00,12.964224062717452,13.18774571853932,12.88439479116559,13.060019493103027,62050,0.0,0.0
2016-09-15 00:00:00-04:00,12.996156049323734,13.075983796225369,12.86842982714111,12.932292938232422,40150,0.0,0.0
2016-09-16 00:00:00-04:00,12.964221520077308,13.028084620270146,12.868427631096258,12.996153831481934,48500,0.0,0.0
2016-09-19 00:00:00-04:00,13.004174664849753,13.324870714722763,13.004174664849753,13.1965913772583,48150,0.07,0.0
2016-09-20 00:00:00-04:00,13.16451744662805,13.196586121327794,13.084343466091454,13.132447242736816,43150,0.0,0.0
2016-09-21 00:00:00-04:00,13.148484181582035,13.180554389953613,13.068310189844789,13.180554389953613,23400,0.0,0.0
2016-09-22 00:00:00-04:00,13.148484710984462,13.180554920647296,12.763651370181037,12.827790260314941,98550,0.0,0.0
2016-09-23 00:00:00-04:00,12.619338274376725,12.956067824255289,12.619338274376725,12.715546607971191,49950,0.0,0.0
2016-09-26 00:00:00-04:00,12.795720601597846,12.875893830628634,12.715546607971191,12.715546607971191,26500,0.0,0.0
2016-09-27 00:00:00-04:00,12.731584708343556,13.06831357286032,12.731584708343556,12.85986328125,52700,0.0,0.0
2016-09-28 00:00:00-04:00,12.843829609787571,12.956072322318043,12.795725043991558,12.907968521118164,48900,0.0,0.0
2016-09-29 00:00:00-04:00,12.843821049976295,12.956063687702251,12.843821049976295,12.923995018005371,15050,0.0,0.0
2016-09-30 00:00:00-04:00,12.972102643718735,13.180554410890002,12.9079637560654,13.03624153137207,46300,0.0,0.0
2016-10-03 00:00:00-04:00,12.940029636655488,13.100377585704983,12.859857191322114,13.004168510437012,41000,0.0,0.0
2016-10-04 00:00:00-04:00,13.06831116060211,13.164520263671875,13.06831116060211,13.164520263671875,25900,0.0,0.0
2016-10-05 00:00:00-04:00,13.196587483423881,13.244692794225958,13.116415023803711,13.116415023803711,37750,0.0,0.0
2016-10-06 00:00:00-04:00,13.100380398216368,13.24469327750507,13.100380398216368,13.180554389953613,22900,0.0,0.0
2016-10-07 00:00:00-04:00,13.244692794225958,13.244692794225958,13.10037992020302,13.116415023803711,27550,0.0,0.0
2016-10-10 00:00:00-04:00,13.132447242736816,13.228656325219028,13.068308364145839,13.132447242736816,38400,0.0,0.0
2016-10-11 00:00:00-04:00,13.100379437491753,13.180553423349389,13.020205451634117,13.052275657653809,42300,0.0,0.0
2016-10-12 00:00:00-04:00,12.988141085709781,13.22866159392244,12.988141085709781,13.1965913772583,30000,0.0,0.0
2016-10-13 00:00:00-04:00,13.084345814407609,13.356936479640416,13.084345814407609,13.340901374816895,49950,0.0,0.0
2016-10-14 00:00:00-04:00,13.372967755184249,13.549349270161763,13.356932654952296,13.501245498657227,53650,0.0,0.0
2016-10-17 00:00:00-04:00,13.48521038340579,13.501245483619883,13.340897539861588,13.356932640075684,61550,0.0,0.0
2016-10-18 00:00:00-04:00,13.469179984733406,13.87004845486466,13.453146408113968,13.789875984191895,92350,0.0,0.0
2016-10-19 00:00:00-04:00,13.765722941902192,13.765722941902192,13.524218114763972,13.556419372558594,59950,0.07,0.0
2016-10-20 00:00:00-04:00,13.459819018596237,13.57252190121204,13.13781407278115,13.170015335083008,54200,0.0,0.0
2016-10-21 00:00:00-04:00,13.20221531579485,13.47591990886061,13.20221531579485,13.379319190979004,19850,0.0,0.0
2016-10-24 00:00:00-04:00,13.347118059562312,13.475920041633977,13.266616436907338,13.411519050598145,24200,0.0,0.0
2016-10-25 00:00:00-04:00,13.443719800974998,13.443719800974998,13.17001521565402,13.186114311218262,40650,0.0,0.0
2016-10-26 00:00:00-04:00,12.71920520656184,12.767505555320872,12.477701159606069,12.654804229736328,411350,0.0,0.0
2016-10-27 00:00:00-04:00,12.719206556288704,12.799707402003019,12.703105926513672,12.703105926513672,117100,0.0,0.0
2016-10-28 00:00:00-04:00,12.751402885679422,12.751402885679422,12.5742998545672,12.67090129852295,47450,0.0,0.0
2016-10-31 00:00:00-04:00,12.719205823762865,12.783606803713441,12.509902255063368,12.526002883911133,91650,0.0,0.0
2016-11-01 00:00:00-04:00,12.477703726618085,12.558205348071507,12.075197154791695,12.155698776245117,190250,0.0,0.0
2016-11-02 00:00:00-04:00,12.15569570375675,12.252297164451539,11.94639215505796,12.059093475341797,78400,0.0,0.0
2016-11-03 00:00:00-04:00,12.026893903342955,12.042994531876962,11.801490477908423,11.865891456604004,80350,0.0,0.0
2016-11-04 00:00:00-04:00,11.898093203970697,12.509903333987346,11.865892711218258,12.461602210998535,81800,0.0,0.0
2016-11-07 00:00:00-05:00,12.815806010406162,12.815806010406162,12.526001629647487,12.590402603149414,62150,0.0,0.0
2016-11-08 00:00:00-05:00,12.638705567531108,12.638705567531108,12.509903593845847,12.574304580688477,36150,0.0,0.0
2016-11-09 00:00:00-05:00,12.477701159606069,12.751405694974595,12.397199554714078,12.654804229736328,100750,0.0,0.0
2016-11-10 00:00:00-05:00,12.687004808009984,12.78360627393247,12.654804319369154,12.767505645751953,68800,0.0,0.0
2016-11-11 00:00:00-05:00,12.8319083520544,12.912410736083984,12.799707859074752,12.912410736083984,82000,0.0,0.0
2016-11-14 00:00:00-05:00,13.041212217480119,13.121712295320902,12.960710604198772,13.07341194152832,135800,0.0,0.0
2016-11-15 00:00:00-05:00,12.88745817829215,13.081498290271156,12.88745817829215,12.935968399047852,47200,0.07,0.0
2016-11-16 00:00:00-05:00,12.9359701374604,13.00064992646419,12.85512001568371,12.9197998046875,55700,0.0,0.0
2016-11-17 00:00:00-05:00,12.871289878920841,13.000649452209473,12.871289878920841,13.000649452209473,44950,0.0,0.0
2016-11-18 00:00:00-05:00,12.935967483710419,13.097667694091797,12.871287707975366,13.097667694091797,85650,0.0,0.0
2016-11-21 00:00:00-05:00,13.14617935768112,13.14617935768112,12.855119546737823,13.000649452209473,117850,0.0,0.0
2016-11-22 00:00:00-05:00,13.130006962228132,13.146177291870117,12.984477079625279,13.146177291870117,78000,0.0,0.0
2016-11-23 00:00:00-05:00,13.065329861457572,13.146179984137666,13.065329861457572,13.130009651184082,77050,0.0,0.0
2016-11-25 00:00:00-05:00,13.146177026557066,13.437236785888672,13.130006697241425,13.437236785888672,81600,0.0,0.0
2016-11-28 00:00:00-05:00,13.324046138120734,13.421066572767058,13.049156705724887,13.097667694091797,87350,0.0,0.0
2016-11-29 00:00:00-05:00,13.162345267132444,13.275534470204907,13.08149517547187,13.227025032043457,88200,0.0,0.0
2016-11-30 00:00:00-05:00,13.30787631976898,13.404896758141483,13.016818088826573,13.372557640075684,139850,0.0,0.0
2016-12-01 00:00:00-05:00,13.388723927778104,13.744463412594392,13.324044161637621,13.663613319396973,110000,0.0,0.0
2016-12-02 00:00:00-05:00,13.582764644884326,13.631275631121985,13.43723631243363,13.55042552947998,51300,0.0,0.0
2016-12-05 00:00:00-05:00,13.51808789512543,13.598938014848468,13.485748772488876,13.566598892211914,61150,0.0,0.0
2016-12-06 00:00:00-05:00,13.582761505791682,13.744461671705396,13.566592722869967,13.679781913757324,63300,0.0,0.0
2016-12-07 00:00:00-05:00,13.712125017797343,13.809145454037544,13.631276453365947,13.695956230163574,86000,0.0,0.0
2016-12-08 00:00:00-05:00,13.631274883603886,13.825314191651426,13.550424786395576,13.760634422302246,69600,0.0,0.0
2016-12-09 00:00:00-05:00,13.906164652775825,14.16488373694307,13.760634782409905,14.019353866577148,170100,0.0,0.0
2016-12-12 00:00:00-05:00,14.051691848810968,14.504451751708986,14.051691848810968,14.504451751708984,212650,0.0,0.0
2016-12-13 00:00:00-05:00,14.520617841822329,14.520617841822329,14.003179811209122,14.21338939666748,170500,0.0,0.0
2016-12-14 00:00:00-05:00,14.148716437705708,14.892534734971461,14.148716437705708,14.617645263671875,186100,0.0,0.0
2016-12-15 00:00:00-05:00,14.649988447018032,14.86019662749771,14.423608389924869,14.747007369995117,167450,0.0,0.0
2016-12-16 00:00:00-05:00,14.771348059828636,14.771348059828636,14.349309189998563,14.690186500549316,869450,0.07,0.0
2016-12-19 00:00:00-05:00,14.673955344592988,15.32324478761687,14.625259023373234,15.209619522094727,130300,0.0,0.0
2016-12-20 00:00:00-05:00,15.258318901062012,15.61542894030361,14.70642353790666,15.258318901062012,194550,0.0,0.0
2016-12-21 00:00:00-05:00,15.128460095401882,15.534266441720845,15.095996392671113,15.323246955871582,119900,0.0,0.0
2016-12-22 00:00:00-05:00,15.209623478665407,15.53426828462915,15.128461890167335,15.404410362243652,80200,0.0,0.0
2016-12-23 00:00:00-05:00,15.258317745429967,15.388175650222944,14.787582453548335,14.852511405944824,94500,0.0,0.0
2016-12-27 00:00:00-05:00,14.884974543323786,15.258315579602979,14.868741920521703,15.095993995666504,76550,0.0,0.0
2016-12-28 00:00:00-05:00,15.04729940350481,15.14469205544684,14.901208877563477,14.901208877563477,58250,0.0,0.0
2016-12-29 00:00:00-05:00,14.884975674821721,15.274549363516872,14.884975674821721,15.144691467285156,81250,0.0,0.0
2016-12-30 00:00:00-05:00,15.242080688476562,15.388169613032824,15.079757597154858,15.242080688476562,94300,0.0,0.0
2017-01-03 00:00:00-05:00,15.225856244448638,15.696591604384501,15.03106935909882,15.599197387695312,154950,0.0,0.0
2017-01-04 00:00:00-05:00,15.712822181147347,16.06993065033462,15.59919535183471,15.972537994384766,162050,0.0,0.0
2017-01-05 00:00:00-05:00,16.037469915370952,16.037469915370952,15.64789612342558,15.891379356384277,83550,0.0,0.0
2017-01-06 00:00:00-05:00,15.891376180842006,15.891376180842006,15.339479311856199,15.355711936950684,119250,0.0,0.0
2017-01-09 00:00:00-05:00,15.40440635500189,15.664122132211443,15.177155823957603,15.209619522094727,126500,0.0,0.0
2017-01-10 00:00:00-05:00,15.307015688282894,15.339479390610201,15.193388860066468,15.274550437927246,85300,0.0,0.0
2017-01-11 00:00:00-05:00,15.274542128229609,15.582955646710944,15.225845827216371,15.469328880310059,60800,0.0,0.0
2017-01-12 00:00:00-05:00,15.46933420199832,15.46933420199832,15.242083687073881,15.371941566467285,66600,0.0,0.0
2017-01-13 00:00:00-05:00,15.420637884232802,15.534263141695021,15.307012626770582,15.371941566467285,46350,0.0,0.0
2017-01-17 00:00:00-05:00,15.453106932988245,15.566732218427497,15.355712725448592,15.518035888671875,87900,0.0,0.0
2017-01-18 00:00:00-05:00,15.526178316489515,15.526178316489515,15.249215926949793,15.363260269165039,70350,0.07,0.0
2017-01-19 00:00:00-05:00,15.346973969958801,15.395849247802294,15.216638859898108,15.232931137084961,75700,0.0,0.0
2017-01-20 00:00:00-05:00,15.31438673010148,15.477306365966797,15.200343917225837,15.477306365966797,42700,0.0,0.0
2017-01-23 00:00:00-05:00,15.346976143017626,15.493603551026917,15.200348735008335,15.41214370727539,53750,0.0,0.0
2017-01-24 00:00:00-05:00,15.461018293813332,15.623937973958865,15.395850732498563,15.591353416442871,77050,0.0,0.0
2017-01-25 00:00:00-05:00,15.623937474642394,15.721688036631985,15.558769915410277,15.689105033874512,55100,0.0,0.0
2017-01-26 00:00:00-05:00,15.721688036631985,15.721688036631985,15.575062193647598,15.689105033874512,62400,0.0,0.0
2017-01-27 00:00:00-05:00,15.607645196405073,15.689105033874512,15.509894634415483,15.689105033874512,39350,0.0,0.0
2017-01-30 00:00:00-05:00,15.640226183932372,15.672809179254722,15.477306546170169,15.55876636505127,77450,0.0,0.0
2017-01-31 00:00:00-05:00,15.542472727770816,15.75426761680482,15.461012916032097,15.607640266418457,82800,0.0,0.0
2017-02-01 00:00:00-05:00,15.558760852072616,15.770555684630905,15.477301062055387,15.640220642089844,83950,0.0,0.0
2017-02-02 00:00:00-05:00,15.640229752879716,15.803147874101423,15.640229752879716,15.689105033874512,72700,0.0,0.0
2017-02-03 00:00:00-05:00,15.80314262574946,15.982354519407934,15.721682815333487,15.949769973754883,85050,0.0,0.0
2017-02-06 00:00:00-05:00,15.884605164277437,16.096400086247165,15.868312888652783,16.01494026184082,55450,0.0,0.0
2017-02-07 00:00:00-05:00,16.047528362728016,16.16157120989249,15.982360799531566,16.145278930664062,96100,0.0,0.0
2017-02-08 00:00:00-05:00,16.16157120989249,16.16157120989249,15.884608677878258,16.145278930664062,88350,0.0,0.0
2017-02-09 00:00:00-05:00,15.982358873619875,16.080109429776748,15.737979375793538,15.998649597167969,113500,0.0,0.0
2017-02-10 00:00:00-05:00,15.819436358310524,15.917188450573073,14.841921650552218,15.477306365966797,472400,0.0,0.0
2017-02-13 00:00:00-05:00,15.803149092821972,15.803149092821972,15.216641014502098,15.41214370727539,235550,0.0,0.0
2017-02-14 00:00:00-05:00,15.518426402955491,15.518426402955491,15.224084279011892,15.420312881469727,103200,0.07,0.0
2017-02-15 00:00:00-05:00,15.469369878239812,15.469369878239812,15.224084511296601,15.305845260620117,67000,0.0,0.0
2017-02-16 00:00:00-05:00,15.38760936879958,15.485724462741876,15.158676748745078,15.240437507629395,63500,0.0,0.0
2017-02-17 00:00:00-05:00,15.224087864862334,15.224087864862334,14.962448107139489,15.044210433959961,87350,0.0,0.0
2017-02-21 00:00:00-05:00,14.946093622728236,14.995150384303944,14.17753041377259,14.242939949035645,320400,0.0,0.0
2017-02-22 00:00:00-05:00,14.21023341449799,14.864330281175773,14.21023341449799,14.782567977905273,116850,0.0,0.0
2017-02-23 00:00:00-05:00,14.798921007707243,15.093263121316902,14.733511475851069,14.913387298583984,74450,0.0,0.0
2017-02-24 00:00:00-05:00,14.913387298583984,15.011502376111372,14.733511475851069,14.913387298583984,44450,0.0,0.0
2017-02-27 00:00:00-05:00,14.94609286239838,15.12596868534965,14.897034543832008,15.076911926269531,69050,0.0,0.0
2017-02-28 00:00:00-05:00,15.076914909880616,15.175028447456802,14.880686275241679,15.060562133789062,92550,0.0,0.0
2017-03-01 00:00:00-05:00,15.175031480687728,15.175031480687728,14.9460988075925,14.96245002746582,83550,0.0,0.0
2017-03-02 00:00:00-05:00,15.07691299721346,15.207732070376958,14.929741150032935,14.978797912597656,90400,0.0,0.0
2017-03-03 00:00:00-05:00,15.044207203035361,15.044207203035361,14.89703535826277,14.929740905761719,46150,0.0,0.0
2017-03-06 00:00:00-05:00,14.946099507256791,15.060565849162861,14.946099507256791,14.995156288146973,49000,0.0,0.0
2017-03-07 00:00:00-05:00,14.995150686614684,15.060560223196433,14.946093924049963,14.978797912597656,71150,0.0,0.0
2017-03-08 00:00:00-05:00,14.978799978499955,15.011505531044818,14.40646684434406,14.439170837402344,84150,0.0,0.0
2017-03-09 00:00:00-05:00,14.439169520471008,14.717160453801734,14.390112755614538,14.406465530395508,70900,0.0,0.0
2017-03-10 00:00:00-05:00,14.422814524017046,14.717158186788398,14.422814524017046,14.651748657226562,42750,0.0,0.0
2017-03-13 00:00:00-04:00,14.717164575010397,15.04421236477992,14.717164575010397,14.96245002746582,51950,0.0,0.0
2017-03-14 00:00:00-04:00,14.749866485595703,15.04420864384418,14.733513710280096,14.749866485595703,44450,0.0,0.0
2017-03-15 00:00:00-04:00,14.766221353604108,15.060565144140114,14.766221353604108,14.96245002746582,32700,0.0,0.0
2017-03-16 00:00:00-04:00,14.978802806826016,15.12597470209402,14.96245002746582,14.96245002746582,72200,0.0,0.0
2017-03-17 00:00:00-04:00,14.978800884400917,15.305848632196133,14.749868240687602,15.044210433959961,163200,0.0,0.0
2017-03-20 00:00:00-04:00,15.019588470458984,15.085247813728229,14.9375154654541,15.019588470458984,39500,0.07,0.0
2017-03-21 00:00:00-04:00,15.019582297076745,15.068827958369285,14.773360252380371,14.773360252380371,51150,0.0,0.0
2017-03-22 00:00:00-04:00,14.691289901733398,14.871854247038689,14.658461016959183,14.691289901733398,46800,0.0,0.0
2017-03-23 00:00:00-04:00,14.510720687262,14.756942692931474,14.494305469433012,14.64203929901123,46700,0.0,0.0
2017-03-24 00:00:00-04:00,14.740531540392023,14.88826541071375,14.67487221640923,14.822606086730957,42100,0.0,0.0
2017-03-27 00:00:00-04:00,14.789775510440084,14.888263702392578,14.576382340620897,14.888263702392578,60750,0.0,0.0
2017-03-28 00:00:00-04:00,14.888268255674522,15.019586928733453,14.789780033601355,14.806195259094238,35950,0.0,0.0
2017-03-29 00:00:00-04:00,14.773365176971554,15.085246641913095,14.773365176971554,14.937514305114746,48450,0.0,0.0
2017-03-30 00:00:00-04:00,15.282228262245782,15.59410976882772,15.167323231027332,15.446375846862793,135600,0.0,0.0
2017-03-31 00:00:00-04:00,15.577692031860352,15.594107257310984,15.298639460967843,15.577692031860352,84400,0.0,0.0
2017-04-03 00:00:00-04:00,15.594109753030532,15.594109753030532,15.019589293847218,15.561279296875,107200,0.0,0.0
2017-04-04 00:00:00-04:00,15.561275843901733,15.594106292772343,15.28222485571136,15.462787628173828,76050,0.0,0.0
2017-04-05 00:00:00-04:00,15.479196690328285,15.561269648947572,15.282218771847582,15.331462860107422,66800,0.0,0.0
2017-04-06 00:00:00-04:00,15.413541041419613,15.495614019512786,15.31505127608941,15.47920036315918,24800,0.0,0.0
2017-04-07 00:00:00-04:00,15.495616511602476,15.544862184908391,15.34788418801062,15.462787628173828,36450,0.0,0.0
2017-04-10 00:00:00-04:00,15.462787429393677,15.758255203662964,15.282224659252414,15.61052131652832,154050,0.0,0.0
2017-04-11 00:00:00-04:00,15.643356430859397,15.988068449671067,15.626942765538894,15.80750560760498,201250,0.0,0.0
2017-04-12 00:00:00-04:00,15.807499494271736,15.971647042092942,15.544862165404238,15.88957405090332,137450,0.0,0.0
2017-04-13 00:00:00-04:00,15.938812618618876,15.97164149059552,15.791078781120431,15.856738090515137,49900,0.0,0.0
2017-04-17 00:00:00-04:00,15.840322871806107,15.97164149059552,15.7746635624114,15.856738090515137,61200,0.0,0.0
2017-04-18 00:00:00-04:00,15.889570848131658,16.086548805078543,15.889570848131658,15.988059043884277,72200,0.0,0.0
2017-04-19 00:00:00-04:00,16.062194427277536,16.062194427277536,15.864506069010766,15.880980491638184,48550,0.07,0.0
2017-04-20 00:00:00-04:00,15.979832052135055,16.01278091422926,15.699773008687178,15.782143592834473,59350,0.0,0.0
2017-04-21 00:00:00-04:00,15.831565314887564,15.979832052135055,15.76566916178737,15.782143592834473,50550,0.0,0.0
2017-04-24 00:00:00-04:00,15.831555444290933,15.897451556306475,15.732712061811238,15.76565933227539,58850,0.0,0.0
2017-04-25 00:00:00-04:00,15.815082363445098,16.045717966584846,15.782133522375297,15.963347434997559,70900,0.0,0.0
2017-04-26 00:00:00-04:00,16.01277182709933,16.16103848020659,15.97982298370335,16.095142364501953,45750,0.0,0.0
2017-04-27 00:00:00-04:00,16.14456074596049,16.226931266462294,16.111611909324967,16.21045684814453,41700,0.0,0.0
2017-04-28 00:00:00-04:00,16.27636193061194,16.30930921433872,16.095147942394977,16.17751693725586,109500,0.0,0.0
2017-05-01 00:00:00-04:00,16.226931266462294,16.375196318061136,16.09513906209421,16.21045684814453,58300,0.0,0.0
2017-05-02 00:00:00-04:00,16.21046283276156,16.29283338367312,16.14456670624983,16.243410110473633,58050,0.0,0.0
2017-05-03 00:00:00-04:00,16.276356289917867,16.292830711615856,15.864505173992072,16.095142364501953,70200,0.0,0.0
2017-05-04 00:00:00-04:00,16.012777121984133,16.243412817670126,16.012777121984133,16.144569396972656,111400,0.0,0.0
2017-05-05 00:00:00-04:00,16.39168138040281,16.67174038931452,16.309310806413244,16.57289695739746,114950,0.0,0.0
2017-05-08 00:00:00-04:00,16.539948099366427,16.62231867335599,16.45757752537686,16.57289695739746,79750,0.0,0.0
2017-05-09 00:00:00-04:00,16.58936947651549,16.622318333873604,16.17751818606704,16.193992614746094,86200,0.0,0.0
2017-05-10 00:00:00-04:00,16.259884721113718,16.358729697557273,16.078670763902736,16.111618041992188,123850,0.0,0.0
2017-05-11 00:00:00-04:00,16.14456965352908,16.292836358019265,15.864510671956035,16.17751693725586,109950,0.0,0.0
2017-05-12 00:00:00-04:00,16.226940411196452,16.35873268983642,16.144569844274503,16.2598876953125,60300,0.0,0.0
2017-05-15 00:00:00-04:00,16.342252949237253,16.47404518503051,16.259882409094626,16.424623489379883,65550,0.0,0.0
2017-05-16 00:00:00-04:00,16.4740450185511,16.60583725301252,16.292831088938488,16.556415557861328,89350,0.0,0.0
2017-05-17 00:00:00-04:00,16.465491963228153,16.498554380154918,16.217518318254452,16.267112731933594,52850,0.07,0.0
2017-05-18 00:00:00-04:00,16.20098678367212,16.38283402340191,16.20098678367212,16.316707611083984,32300,0.0,0.0
2017-05-19 00:00:00-04:00,16.415898017849887,16.53161884526175,16.316707611083984,16.316707611083984,48300,0.0,0.0
2017-05-22 00:00:00-04:00,16.482031186311886,16.680410504583264,16.366308734886243,16.64734649658203,45400,0.0,0.0
2017-05-23 00:00:00-04:00,16.680398034732534,16.713460441438457,16.64733405144911,16.66386604309082,45550,0.0,0.0
2017-05-24 00:00:00-04:00,16.66387140566777,16.68040340262962,16.531618583128978,16.581212997436523,26500,0.0,0.0
2017-05-25 00:00:00-04:00,16.581209711151867,16.614273698522506,16.51508331298828,16.51508331298828,48700,0.0,0.0
2017-05-26 00:00:00-04:00,16.465499427216535,16.59775230803123,16.399372986809187,16.49856185913086,39900,0.0,0.0
2017-05-30 00:00:00-04:00,16.465488200597317,16.531614595917887,16.167918633365957,16.234045028686523,81700,0.0,0.0
2017-05-31 00:00:00-04:00,16.283649220943694,16.531622934327235,16.1348643622822,16.167926788330078,118550,0.0,0.0
2017-06-01 00:00:00-04:00,16.250577926635742,16.366298730746678,16.167919533737486,16.250577926635742,58550,0.0,0.0
2017-06-02 00:00:00-04:00,16.30017514886036,16.333239142365112,16.234048738428843,16.267112731933594,53350,0.0,0.0
2017-06-05 00:00:00-04:00,16.300174713134766,16.333238705755672,16.250580300781348,16.300174713134766,53700,0.0,0.0
2017-06-06 00:00:00-04:00,16.25058119876606,16.316707611083984,16.167922789224143,16.316707611083984,37400,0.0,0.0
2017-06-07 00:00:00-04:00,16.38283072464187,16.38283072464187,16.250577926635742,16.250577926635742,58950,0.0,0.0
2017-06-08 00:00:00-04:00,16.234048376807802,16.25058037319192,16.1844539642334,16.1844539642334,49800,0.0,0.0
2017-06-09 00:00:00-04:00,16.283647189205137,16.283647189205137,16.15139434835821,16.20098876953125,73400,0.0,0.0
2017-06-12 00:00:00-04:00,16.200985960617516,16.234048376807802,16.134859551658995,16.1844539642334,76250,0.0,0.0
2017-06-13 00:00:00-04:00,16.200987218124297,16.30017605097206,16.18445522045698,16.283645629882812,44600,0.0,0.0
2017-06-14 00:00:00-04:00,16.283645193214035,16.316707611083984,16.20098678367212,16.316707611083984,34550,0.0,0.0
2017-06-15 00:00:00-04:00,16.267114551131538,16.39936738678479,16.21752013190611,16.382835388183594,83450,0.0,0.0
2017-06-16 00:00:00-04:00,16.382837748312564,16.44896417566543,16.30017931997688,16.432432174682617,68050,0.0,0.0
2017-06-19 00:00:00-04:00,16.424132197771975,16.424132197771975,16.274823228316723,16.308002471923828,54300,0.07,0.0
2017-06-20 00:00:00-04:00,16.208466171278044,16.374365584443485,16.17528533935547,16.17528533935547,51000,0.0,0.0
2017-06-21 00:00:00-04:00,16.241648647233177,16.324599161367455,16.142107713842147,16.20846939086914,50850,0.0,0.0
2017-06-22 00:00:00-04:00,16.25823974609375,16.308009423794935,16.191879648442328,16.25823974609375,37700,0.0,0.0
2017-06-23 00:00:00-04:00,16.258231205844695,16.30800085740249,16.225050383373695,16.291410446166992,28550,0.0,0.0
2017-06-26 00:00:00-04:00,16.341186821484825,16.390956488702212,16.25823632135638,16.324596405029297,36800,0.0,0.0
2017-06-27 00:00:00-04:00,16.324599843745172,16.374369521446358,16.241649326143513,16.25823974609375,40300,0.0,0.0
2017-06-28 00:00:00-04:00,16.291411064824175,16.324591888555194,16.241641411376403,16.274822235107422,35800,0.0,0.0
2017-06-29 00:00:00-04:00,16.22505198968279,16.407543367042848,16.175282333197703,16.308002471923828,57650,0.0,0.0
2017-06-30 00:00:00-04:00,16.341183297679788,16.407543367042848,16.29141205904585,16.308002471923828,59100,0.0,0.0
2017-07-03 00:00:00-04:00,16.374360453499126,16.424130103638404,16.3080003925972,16.407541275024414,42450,0.0,0.0
2017-07-05 00:00:00-04:00,16.424137115478516,16.424137115478516,16.341188190549804,16.424137115478516,38350,0.0,0.0
2017-07-06 00:00:00-04:00,16.424131605842927,16.424131605842927,16.291411471900062,16.341182708740234,26400,0.0,0.0
2017-07-07 00:00:00-04:00,16.274830166043987,16.34119026369541,16.191879648442328,16.25823974609375,36700,0.0,0.0
2017-07-10 00:00:00-04:00,16.357772827148438,16.42413289934614,16.291412754950734,16.357772827148438,61300,0.0,0.0
2017-07-11 00:00:00-04:00,16.42413289934614,16.42413289934614,16.357772827148438,16.357772827148438,38500,0.0,0.0
2017-07-12 00:00:00-04:00,16.35777004273648,16.424130103638404,16.324590803359847,16.407541275024414,53250,0.0,0.0
2017-07-13 00:00:00-04:00,16.424132197771975,16.440722610649953,16.258232815438745,16.308002471923828,55400,0.0,0.0
2017-07-14 00:00:00-04:00,16.30800316853739,16.39095365432175,16.258233509926345,16.357772827148438,40050,0.0,0.0
2017-07-17 00:00:00-04:00,16.42413451641649,16.440724931636588,16.341185604614154,16.374364852905273,54800,0.0,0.0
2017-07-18 00:00:00-04:00,16.35777672831947,16.49049690436735,16.35777672831947,16.44072723388672,38950,0.0,0.0
2017-07-19 00:00:00-04:00,16.482342051792347,16.515640475909073,16.34915153083794,16.465694427490234,47000,0.07,0.0
2017-07-20 00:00:00-04:00,16.482342051792347,16.482342051792347,16.415746791315144,16.465694427490234,40600,0.0,0.0
2017-07-21 00:00:00-04:00,16.48234201756575,16.49899122958954,16.432395969250624,16.449045181274414,88950,0.0,0.0
2017-07-24 00:00:00-04:00,16.39910671277169,16.482349635853765,16.39910671277169,16.432403564453125,36050,0.0,0.0
2017-07-25 00:00:00-04:00,16.449043449739793,16.48234028252608,16.382448196411133,16.382448196411133,29550,0.0,0.0
2017-07-26 00:00:00-04:00,16.482351972235943,16.54894727279571,16.265918436234607,16.28256607055664,85750,0.0,0.0
2017-07-27 00:00:00-04:00,16.315854694477462,16.49899126385071,16.282556270360736,16.465694427490234,43300,0.0,0.0
2017-07-28 00:00:00-04:00,16.34915142878128,16.482341948904267,16.315854592628654,16.415746688842773,29750,0.0,0.0
2017-07-31 00:00:00-04:00,16.565592074567242,16.565592074567242,16.332509378681674,16.53229522705078,43700,0.0,0.0
2017-08-01 00:00:00-04:00,16.515646009414162,16.53229522705078,16.399104661471377,16.53229522705078,48050,0.0,0.0
2017-08-02 00:00:00-04:00,16.482342051792347,16.515640475909073,16.382449954954666,16.465694427490234,33000,0.0,0.0
2017-08-03 00:00:00-04:00,16.482349635853765,16.56559414669282,16.365808273333275,16.432403564453125,59650,0.0,0.0
2017-08-04 00:00:00-04:00,16.51563835144043,16.56558439343452,16.39909705753553,16.51563835144043,44150,0.0,0.0
2017-08-07 00:00:00-04:00,16.565588154433136,16.565588154433136,16.432397620372367,16.482343673706055,42600,0.0,0.0
2017-08-08 00:00:00-04:00,16.565588154433136,16.565588154433136,16.465696047765764,16.482343673706055,43500,0.0,0.0
2017-08-09 00:00:00-04:00,16.48234201756575,16.49899122958954,16.3824499209355,16.449045181274414,50900,0.0,0.0
2017-08-10 00:00:00-04:00,16.449047699322737,16.46569691389522,16.24926188772244,16.265911102294922,89350,0.0,0.0
2017-08-11 00:00:00-04:00,16.249264699861445,16.299210764466192,15.799745355148449,15.866340637207031,127300,0.0,0.0
2017-08-14 00:00:00-04:00,15.882987105910317,16.349153999644344,15.882987105910317,16.265911102294922,82350,0.0,0.0
2017-08-15 00:00:00-04:00,16.315857094644645,16.382452364918443,16.149368125081917,16.23261260986328,46450,0.0,0.0
2017-08-16 00:00:00-04:00,16.265913092384675,16.315859154456387,16.04947803973166,16.132720947265625,82550,0.0,0.0
2017-08-17 00:00:00-04:00,15.990690072098054,16.25803678611454,15.907145419101987,15.95727252960205,49450,0.07,0.0
2017-08-18 00:00:00-04:00,16.02410946342644,16.02410946342644,15.639797360770219,15.740053176879883,79750,0.0,0.0
2017-08-21 00:00:00-04:00,15.656513916511418,15.689933067966919,15.222074508666992,15.222074508666992,119050,0.0,0.0
2017-08-22 00:00:00-04:00,15.22207304661713,15.522839006777273,15.004853363558436,15.105109214782715,104850,0.0,0.0
2017-08-23 00:00:00-04:00,15.071688608721253,15.305616225030423,15.071688608721253,15.272198677062988,45600,0.0,0.0
2017-08-24 00:00:00-04:00,15.238779535583179,15.455999174664818,15.222069964843275,15.272198677062988,53150,0.0,0.0
2017-08-25 00:00:00-04:00,15.355743343737764,15.422580033185008,15.171942846135934,15.272198677062988,63500,0.0,0.0
2017-08-28 00:00:00-04:00,15.238780672772378,15.472709900050816,15.238780672772378,15.456000328063965,30750,0.0,0.0
2017-08-29 00:00:00-04:00,15.339037678209516,15.422582357475056,15.288908958435059,15.288908958435059,38750,0.0,0.0
2017-08-30 00:00:00-04:00,15.355744826241043,15.422581522140963,15.205363455600619,15.389163970947266,40900,0.0,0.0
2017-08-31 00:00:00-04:00,15.456000481867507,15.456000481867507,15.188653701467477,15.205363273620605,96700,0.0,0.0
2017-09-01 00:00:00-04:00,15.322327275047346,15.506127790393993,15.288908130341124,15.389163970947266,113150,0.0,0.0
2017-09-05 00:00:00-04:00,15.405876904571182,15.472713615053605,15.288911466092282,15.355748176574707,48900,0.0,0.0
2017-09-06 00:00:00-04:00,15.42258488705713,15.572967884020805,15.322330618089932,15.355748176574707,62650,0.0,0.0
2017-09-07 00:00:00-04:00,15.372448921203613,15.439285593288814,15.238775577033215,15.372448921203613,47550,0.0,0.0
2017-09-08 00:00:00-04:00,15.489418316144626,15.539545434851966,15.255489106323083,15.272198677062988,50700,0.0,0.0
2017-09-11 00:00:00-04:00,15.372457752573531,15.45600403905478,15.272203483606331,15.355748176574707,47050,0.0,0.0
2017-09-12 00:00:00-04:00,15.355743343737764,15.439289603924914,15.238779535583179,15.272198677062988,48800,0.0,0.0
2017-09-13 00:00:00-04:00,15.255485143432503,15.405868054002193,15.155229338548724,15.372448921203613,57450,0.0,0.0
2017-09-14 00:00:00-04:00,15.389167328572356,15.45600403905478,15.255493907607507,15.355748176574707,54400,0.0,0.0
2017-09-15 00:00:00-04:00,15.372454061642202,15.489419472037667,15.339036511180993,15.456000328063965,76600,0.0,0.0
2017-09-18 00:00:00-04:00,15.455993986229885,15.756759784534362,15.455993986229885,15.589667320251465,117250,0.0,0.0
2017-09-19 00:00:00-04:00,15.480653803420813,15.86641309143754,15.480653803420813,15.648375511169434,52500,0.07,0.0
2017-09-20 00:00:00-04:00,15.631605417968713,15.749011271204811,15.480656177745864,15.514201164245605,54000,0.0,0.0
2017-09-21 00:00:00-04:00,15.514201164245605,15.631605417968713,15.514201164245605,15.514201164245605,30350,0.0,0.0
2017-09-22 00:00:00-04:00,15.514201164245605,15.598062030981964,15.447112790759117,15.514201164245605,39950,0.0,0.0
2017-09-25 00:00:00-04:00,15.547746150745347,15.715466284705071,15.480656177745864,15.514201164245605,43600,0.0,0.0
2017-09-26 00:00:00-04:00,15.49742934914535,15.648378595973561,15.49742934914535,15.631606101989746,19300,0.0,0.0
2017-09-27 00:00:00-04:00,15.681917618988493,15.765776857983788,15.63160015617637,15.698688507080078,51800,0.0,0.0
2017-09-28 00:00:00-04:00,15.74900384104307,15.81609218287821,15.681915499207932,15.765774726867676,60450,0.0,0.0
2017-09-29 00:00:00-04:00,15.899956262680798,16.000589605899606,15.799324518974716,15.933501243591309,52900,0.0,0.0
2017-10-02 00:00:00-04:00,15.933502707353028,16.000591075824527,15.849641846885438,15.967047691345215,52150,0.0,0.0
2017-10-03 00:00:00-04:00,15.96704622450182,16.000589605899606,15.899956262680798,15.933501243591309,42000,0.0,0.0
2017-10-04 00:00:00-04:00,15.816094899726506,16.000587471586737,15.765777435072568,15.950271606445312,41050,0.0,0.0
2017-10-05 00:00:00-04:00,16.000587463378906,16.067675816703897,15.967044086472667,16.000587463378906,36900,0.0,0.0
2017-10-06 00:00:00-04:00,15.933494149782389,16.0676708146617,15.933494149782389,16.01735496520996,23050,0.0,0.0
2017-10-09 00:00:00-04:00,16.01735496520996,16.0676708146617,15.950266632770306,16.01735496520996,53850,0.0,0.0
2017-10-10 00:00:00-04:00,16.017358040060728,16.101218871587058,15.95026969474213,16.050901412963867,45250,0.0,0.0
2017-10-11 00:00:00-04:00,16.050901412963867,16.134762244490197,15.95026969474213,16.050901412963867,46900,0.0,0.0
2017-10-12 00:00:00-04:00,16.05090404480408,16.168309867996708,16.01736066640089,16.117992401123047,52100,0.0,0.0
2017-10-13 00:00:00-04:00,16.151541486878884,16.23540235348417,16.117996500431573,16.16831398010254,75500,0.0,0.0
2017-10-16 00:00:00-04:00,16.15154598564689,16.285722769783053,16.11800098985613,16.23540687561035,58350,0.0,0.0
2017-10-17 00:00:00-04:00,16.268941868024452,16.352802714668865,16.235398489074253,16.319257736206055,65300,0.0,0.0
2017-10-18 00:00:00-04:00,16.352805627067614,16.43666648864746,16.336033134849064,16.43666648864746,56350,0.0,0.0
2017-10-19 00:00:00-04:00,16.39458356108644,16.445081381995863,16.158933484492145,16.360919952392578,49250,0.07,0.0
2017-10-20 00:00:00-04:00,16.37774658203125,16.411411786983845,16.327250379847683,16.37774658203125,48450,0.0,0.0
2017-10-23 00:00:00-04:00,16.47874748980125,16.495580099323835,16.15893593510212,16.428251266479492,68950,0.0,0.0
2017-10-24 00:00:00-04:00,16.546074144162112,16.546074144162112,16.327255064916585,16.44508171081543,82800,0.0,0.0
2017-10-25 00:00:00-04:00,16.411417759644486,16.445082976848973,16.158935051594472,16.27676010131836,57800,0.0,0.0
2017-10-26 00:00:00-04:00,16.276760991268223,16.495580099323835,16.276760991268223,16.428251266479492,89650,0.0,0.0
2017-10-27 00:00:00-04:00,16.44508056681935,16.478744173844518,16.32725392911707,16.394582748413086,46050,0.0,0.0
2017-10-30 00:00:00-04:00,16.428251266479492,16.47874748980125,16.394586047434323,16.428251266479492,55050,0.0,0.0
2017-10-31 00:00:00-04:00,16.461911567709098,16.49557677997994,16.394582748413086,16.394582748413086,44350,0.0,0.0
2017-11-01 00:00:00-04:00,16.44508031184654,16.44508031184654,16.394582494223215,16.411415100097656,30550,0.0,0.0
2017-11-02 00:00:00-04:00,16.461914880278666,16.461914880278666,16.411418656956908,16.428251266479492,31900,0.0,0.0
2017-11-03 00:00:00-04:00,16.44508171081543,16.49557792748877,16.428249103509053,16.44508171081543,42950,0.0,0.0
2017-11-06 00:00:00-05:00,16.411418656956908,16.461914880278666,16.394586047434323,16.428251266479492,31850,0.0,0.0
2017-11-07 00:00:00-05:00,16.44508171081543,16.49557792748877,16.411416496202676,16.44508171081543,48400,0.0,0.0
2017-11-08 00:00:00-05:00,16.495575457374322,16.495575457374322,16.34408522479327,16.461910247802734,43900,0.0,0.0
2017-11-09 00:00:00-05:00,16.495579780338446,16.495579780338446,16.310424289662475,16.34408950805664,38800,0.0,0.0
2017-11-10 00:00:00-05:00,16.327256579860695,16.411418018955807,16.24309514076558,16.25992774963379,43450,0.0,0.0
2017-11-13 00:00:00-05:00,16.293587947794876,16.293587947794876,16.10843251777738,16.12526512145996,67050,0.0,0.0
2017-11-14 00:00:00-05:00,16.074774106530096,16.22626437810173,16.074774106530096,16.158935546875,43700,0.0,0.0
2017-11-15 00:00:00-05:00,16.12527040423247,16.495579780338446,16.12527040423247,16.34408950805664,69000,0.0,0.0
2017-11-16 00:00:00-05:00,16.4619176576977,16.613407958468084,16.344092581652408,16.579744338989258,75600,0.0,0.0
2017-11-17 00:00:00-05:00,16.53750534581036,16.6050742513828,16.486829069373474,16.520612716674805,51050,0.07,0.0
2017-11-20 00:00:00-05:00,16.605080707721417,16.621973343425115,16.419266547891933,16.486835479736328,63250,0.0,0.0
2017-11-21 00:00:00-05:00,16.537506859674515,16.706429944553943,16.537506859674515,16.554399490356445,58600,0.0,0.0
2017-11-22 00:00:00-05:00,16.554403357963544,16.621972285507464,16.402372868247145,16.605079650878906,43100,0.0,0.0
2017-11-24 00:00:00-05:00,16.62196840211423,16.62196840211423,16.453045317234803,16.554399490356445,25800,0.0,0.0
2017-11-27 00:00:00-05:00,16.554404411580723,16.605080707721417,16.469942844032627,16.486835479736328,49100,0.0,0.0
2017-11-28 00:00:00-05:00,16.55440070381913,16.62196962052982,16.520615439978762,16.588184356689453,53950,0.0,0.0
2017-11-29 00:00:00-05:00,16.63886070251465,16.68953698258458,16.60507544182143,16.63886070251465,52300,0.0,0.0
2017-11-30 00:00:00-05:00,16.55439598807182,16.672641155889252,16.469934463500977,16.469934463500977,57700,0.0,0.0
2017-12-01 00:00:00-05:00,16.50371971771715,16.55439598807182,16.402365566038217,16.469934463500977,71600,0.0,0.0
2017-12-04 00:00:00-05:00,16.52061757702646,16.52061757702646,16.38547972612414,16.402372360229492,75200,0.0,0.0
2017-12-05 00:00:00-05:00,16.419264994334846,16.469941285680655,16.38547972612414,16.402372360229492,40100,0.0,0.0
2017-12-06 00:00:00-05:00,16.436150039369313,16.672641997917456,16.419259022377755,16.537504196166992,47700,0.0,0.0
2017-12-07 00:00:00-05:00,16.520613040882107,16.520613040882107,16.41926048601935,16.4361515045166,32250,0.0,0.0
2017-12-08 00:00:00-05:00,16.46993700547409,16.72332000732422,16.41926072729803,16.72332000732422,44250,0.0,0.0
2017-12-11 00:00:00-05:00,16.75710579188198,16.75710579188198,16.419261241837965,16.453044891357422,85650,0.0,0.0
2017-12-12 00:00:00-05:00,16.469934387797522,16.58817955507144,16.41925811767578,16.41925811767578,73850,0.0,0.0
2017-12-13 00:00:00-05:00,16.419261005665582,16.46993728470079,16.14898536951798,16.165876388549805,100300,0.0,0.0
2017-12-14 00:00:00-05:00,16.19965600402487,16.368577412274046,15.47328927674243,15.608427047729492,234500,0.0,0.0
2017-12-15 00:00:00-05:00,15.60843290161871,15.963170086245041,15.523971360332459,15.540863990783691,878900,0.0,0.0
2017-12-18 00:00:00-05:00,15.532389398192576,16.651535119100945,15.532389398192576,16.176746368408203,216050,0.07,0.0
2017-12-19 00:00:00-05:00,16.22761987650345,16.329361154770897,15.820657997679175,15.854572296142578,105400,0.0,0.0
2017-12-20 00:00:00-05:00,15.93934656975161,16.041087795433768,15.684995931229096,15.752822875976562,82550,0.0,0.0
2017-12-21 00:00:00-05:00,15.8376112145672,15.990222285514966,15.63413032567763,15.65108585357666,67000,0.0,0.0
2017-12-22 00:00:00-05:00,15.66804467107768,15.769785934943977,15.430651083927204,15.549347877502441,120250,0.0,0.0
2017-12-26 00:00:00-05:00,15.176296199909762,15.820653117860187,15.176296199909762,15.617172241210938,92100,0.0,0.0
2017-12-27 00:00:00-05:00,15.583254041965594,16.007172832866008,15.583254041965594,15.820649147033691,85450,0.0,0.0
2017-12-28 00:00:00-05:00,15.786743010101924,15.939352479524713,15.701958893452028,15.803698539733887,49150,0.0,0.0
2017-12-29 00:00:00-05:00,15.820653117860187,15.922394364745942,15.549345282327852,15.617172241210938,131050,0.0,0.0
2018-01-02 00:00:00-05:00,15.61717372907797,15.752827659768052,15.48151979838789,15.718914985656738,87650,0.0,0.0
2018-01-03 00:00:00-05:00,15.752822627232673,16.00717326173888,15.617168739879776,15.905433654785156,116600,0.0,0.0
2018-01-04 00:00:00-05:00,15.905439562924176,15.93935223879845,15.600217394443217,15.701958656311035,92500,0.0,0.0
2018-01-05 00:00:00-05:00,15.803694319936472,15.803694319936472,15.61717060680904,15.68499755859375,57250,0.0,0.0
2018-01-08 00:00:00-05:00,15.684994460724752,15.905432414767928,15.634124661213795,15.837605476379395,78600,0.0,0.0
2018-01-09 00:00:00-05:00,15.888476765471491,15.990217991153651,15.701953071696442,15.752822875976562,60750,0.0,0.0
2018-01-10 00:00:00-05:00,15.786737156911254,15.93934656975161,15.684995931229096,15.752822875976562,58600,0.0,0.0
2018-01-11 00:00:00-05:00,15.837614901194247,15.837614901194247,15.73587362450529,15.786745071411133,44250,0.0,0.0
2018-01-12 00:00:00-05:00,15.803691765230576,16.00717258769153,15.803691765230576,15.973259925842285,88800,0.0,0.0
2018-01-16 00:00:00-05:00,15.973263611901846,16.108917524846568,15.871522368632204,15.922393798828125,76200,0.0,0.0
2018-01-17 00:00:00-05:00,16.007174907043186,16.108916141576323,15.922392431574645,16.09195899963379,51350,0.0,0.0
2018-01-18 00:00:00-05:00,16.10891062590054,16.10891062590054,15.871515571355102,15.939342498779297,44550,0.0,0.0
2018-01-19 00:00:00-05:00,15.82871972394167,15.964880621179221,15.709577721484365,15.794678688049316,66700,0.07,0.0
2018-01-22 00:00:00-05:00,15.743614182485228,16.118057352663097,15.743614182485228,16.01593589782715,65300,0.0,0.0
2018-01-23 00:00:00-05:00,15.998915578173133,16.084016521037288,15.862754718856674,15.964876174926758,45850,0.0,0.0
2018-01-24 00:00:00-05:00,15.964876174926758,16.01593609137906,15.8287153156103,15.964876174926758,40350,0.0,0.0
2018-01-25 00:00:00-05:00,16.0159370652289,16.0159370652289,15.828716278076172,15.828716278076172,47800,0.0,0.0
2018-01-26 00:00:00-05:00,15.794675249594452,15.913817226114896,15.794675249594452,15.828716278076172,41950,0.0,0.0
2018-01-29 00:00:00-05:00,15.862757392250755,15.94785834945721,15.811697467193184,15.879777908325195,69200,0.0,0.0
2018-01-30 00:00:00-05:00,15.879777767686667,15.981899240063127,15.62447652149412,15.658515930175781,99900,0.0,0.0
2018-01-31 00:00:00-05:00,15.794677812708223,15.913819808562678,15.522356033325195,15.522356033325195,74750,0.0,0.0
2018-02-01 00:00:00-05:00,15.522355049117659,15.726596370704844,15.488315640435998,15.658515930175781,63150,0.0,0.0
2018-02-02 00:00:00-05:00,15.607455277785029,15.658515200009434,15.3691729354617,15.471294403076172,78400,0.0,0.0
2018-02-05 00:00:00-05:00,15.36917079468061,15.454271735311298,13.275696420259008,14.51816463470459,428150,0.0,0.0
2018-02-06 00:00:00-05:00,13.973521684871182,14.637307096467566,13.973521684871182,14.313923835754395,150950,0.0,0.0
2018-02-07 00:00:00-05:00,14.892611749775341,15.65851717227347,14.50114959147229,15.335135459899902,166200,0.0,0.0
2018-02-08 00:00:00-05:00,15.36917487128171,15.59043672634399,15.26705501397042,15.335135459899902,69850,0.0,0.0
2018-02-09 00:00:00-05:00,15.573413777644525,15.607454806877485,15.147910651226198,15.403213500976562,80050,0.0,0.0
2018-02-12 00:00:00-05:00,15.403209099031907,15.43724849537144,15.164926831994569,15.284067153930664,82200,0.0,0.0
2018-02-13 00:00:00-05:00,15.301093424565442,15.386194382202628,15.113872616296243,15.14791202545166,72750,0.0,0.0
2018-02-14 00:00:00-05:00,15.130892753601074,15.250033117410574,15.062812313829113,15.130892753601074,79850,0.0,0.0
2018-02-15 00:00:00-05:00,15.190697358316354,15.276133044368263,15.019822727050027,15.122347831726074,54000,0.07,0.0
2018-02-16 00:00:00-05:00,15.241961031009241,15.310310566277295,15.071086378048374,15.156523704528809,50250,0.0,0.0
2018-02-20 00:00:00-05:00,15.122350258901474,15.190699796462027,15.036912929555402,15.071086883544922,75600,0.0,0.0
2018-02-21 00:00:00-05:00,15.036913573998136,15.207786610431933,14.951476240990445,14.9685640335083,69500,0.0,0.0
2018-02-22 00:00:00-05:00,14.968561025167583,15.071084500506654,14.951473236083984,14.951473236083984,33800,0.0,0.0
2018-02-23 00:00:00-05:00,14.951468002764354,15.173604294355108,14.951468002764354,15.036905288696289,63400,0.0,0.0
2018-02-26 00:00:00-05:00,15.03691242520508,15.207785448584483,15.03691242520508,15.156523704528809,55850,0.0,0.0
2018-02-27 00:00:00-05:00,15.13942872815006,15.293215516911403,15.036905288696289,15.036905288696289,55550,0.0,0.0
2018-02-28 00:00:00-05:00,15.105261224758639,15.190698547077776,14.72933798430327,14.763513565063477,96200,0.0,0.0
2018-03-01 00:00:00-05:00,14.814774182577718,15.122347867757448,14.780598604410521,14.951473236083984,51000,0.0,0.0
2018-03-02 00:00:00-05:00,14.883125450494465,15.019824519993035,14.780600333579812,14.900213241577148,37550,0.0,0.0
2018-03-05 00:00:00-05:00,14.951476830461306,15.156525460014977,14.951476830461306,15.105263710021973,46050,0.0,0.0
2018-03-06 00:00:00-05:00,15.156525754754961,15.224875299268671,15.08817621024125,15.173613548278809,33000,0.0,0.0
2018-03-07 00:00:00-05:00,15.139437961231113,15.224875299268671,15.054002252775238,15.173613548278809,46500,0.0,0.0
2018-03-08 00:00:00-05:00,15.17360956927347,15.224871306820866,15.03691051609291,15.122347831726074,45750,0.0,0.0
2018-03-09 00:00:00-05:00,15.156522091195965,15.259047197975514,15.139434301802492,15.19069766998291,62500,0.0,0.0
2018-03-12 00:00:00-04:00,15.241960233346196,15.293221974719172,15.156522911336985,15.207784652709961,45050,0.0,0.0
2018-03-13 00:00:00-04:00,15.327400876432371,15.34448704087127,15.190701783430798,15.293225288391113,29000,0.0,0.0
2018-03-14 00:00:00-04:00,15.361573578279229,15.361573578279229,15.105263207263501,15.224874496459961,48750,0.0,0.0
2018-03-15 00:00:00-04:00,15.259046884906635,15.293220833411146,15.03691051609291,15.122347831726074,31550,0.0,0.0
2018-03-16 00:00:00-04:00,15.122349751685512,15.207785448584483,15.088174169260753,15.156523704528809,58600,0.0,0.0
2018-03-19 00:00:00-04:00,15.147944797910455,15.233720577715763,14.907772941662975,15.027859687805176,66850,0.07,0.0
2018-03-20 00:00:00-04:00,15.062170515896824,15.302342396027147,15.027861182185113,15.11363697052002,56250,0.0,0.0
2018-03-21 00:00:00-04:00,15.096483976859082,15.233724606427472,15.0107081743695,15.045019149780273,47300,0.0,0.0
2018-03-22 00:00:00-04:00,14.976399578538526,15.113641865950513,14.942090233713742,14.993555068969727,61450,0.0,0.0
2018-03-23 00:00:00-04:00,14.942082576281367,15.130787966205071,14.7876865135998,14.804841995239258,52100,0.0,0.0
2018-03-26 00:00:00-04:00,14.907775505582105,15.062171608578145,14.66760524406578,14.839155197143555,82050,0.0,0.0
2018-03-27 00:00:00-04:00,14.924928484204354,14.924928484204354,14.410275439362081,14.564671516418457,72050,0.0,0.0
2018-03-28 00:00:00-04:00,14.598982843160421,14.959239819836615,14.513207060897143,14.787688255310059,53450,0.0,0.0
2018-03-29 00:00:00-04:00,14.924923972124898,15.062164524454234,14.736218621681171,14.753374099731445,75750,0.0,0.0
2018-04-02 00:00:00-04:00,14.770532147386442,14.942083704662524,14.736222817553367,14.821998596191406,62000,0.0,0.0
2018-04-03 00:00:00-04:00,14.890619660471916,15.01070477514121,14.856308692830984,14.959239959716797,42100,0.0,0.0
2018-04-04 00:00:00-04:00,14.890624091718774,15.02786473104948,14.856313113867362,14.924933433532715,40200,0.0,0.0
2018-04-05 00:00:00-04:00,14.959244411384127,15.113640539640539,14.907777944607009,14.924933433532715,43350,0.0,0.0
2018-04-06 00:00:00-04:00,14.924930991701045,15.096482580816023,14.770534888705004,14.839155197143555,42650,0.0,0.0
2018-04-09 00:00:00-04:00,14.907775505582105,14.95924196393892,14.753381038623269,14.839155197143555,39050,0.0,0.0
2018-04-10 00:00:00-04:00,14.924928852516516,15.079324933383024,14.770532771650009,14.787688255310059,53300,0.0,0.0
2018-04-11 00:00:00-04:00,14.770531031960342,14.942082576281367,14.770531031960342,14.804841995239258,41150,0.0,0.0
2018-04-12 00:00:00-04:00,14.873462285760311,14.942082576281367,14.770531031960342,14.804841995239258,33850,0.0,0.0
2018-04-13 00:00:00-04:00,14.856310683262492,14.924930991701045,14.753381038623269,14.839155197143555,31450,0.0,0.0
2018-04-16 00:00:00-04:00,14.907773368856468,14.907773368856468,14.75337892402693,14.787688255310059,30700,0.0,0.0
2018-04-17 00:00:00-04:00,14.839152645026113,15.079324501273593,14.839152645026113,15.027859687805176,66400,0.0,0.0
2018-04-18 00:00:00-04:00,15.096480449487457,15.14794526454124,14.907773400895293,14.976393699645996,42550,0.0,0.0
2018-04-19 00:00:00-04:00,14.88166068745629,15.002229167225458,14.812764178642144,14.864436149597168,56650,0.07,0.0
2018-04-20 00:00:00-04:00,14.847213745117188,14.916110263830994,14.812766307071572,14.847213745117188,32700,0.0,0.0
2018-04-23 00:00:00-04:00,14.847212784668459,15.019454891622125,14.761091731191627,14.795540809631348,48300,0.0,0.0
2018-04-24 00:00:00-04:00,14.847211611738047,14.950557196270434,14.812764178642144,14.864436149597168,28950,0.0,0.0
2018-04-25 00:00:00-04:00,14.864436602708292,14.916108575238425,14.812764630178156,14.829987525939941,16400,0.0,0.0
2018-04-26 00:00:00-04:00,14.81276513649036,14.967781059379332,14.81276513649036,14.916109085083008,40650,0.0,0.0
2018-04-27 00:00:00-04:00,14.933338875102152,15.07113195009316,14.916114330072519,15.002235412597656,37450,0.0,0.0
2018-04-30 00:00:00-04:00,15.002237302781605,15.140030395133644,15.002237302781605,15.053909301757812,39950,0.0,0.0
2018-05-01 00:00:00-04:00,15.088351933676131,15.14002391052075,14.89888528087498,15.036678314208984,39150,0.0,0.0
2018-05-02 00:00:00-04:00,14.985005598352256,15.071126650594428,14.898884546110084,14.916109085083008,57850,0.0,0.0
2018-05-03 00:00:00-04:00,15.071131241455536,15.191699765747837,14.985010162979773,15.10558032989502,49250,0.0,0.0
2018-05-04 00:00:00-04:00,15.105578190779568,15.277818680717006,15.105578190779568,15.226146697998047,40300,0.0,0.0
2018-05-07 00:00:00-04:00,15.277818450245409,15.312267533286848,15.17447448636647,15.24337100982666,30800,0.0,0.0
2018-05-08 00:00:00-04:00,15.277813257360586,15.39838172177937,15.243365828650418,15.381158828735352,47050,0.0,0.0
2018-05-09 00:00:00-04:00,15.415608689360354,15.570626249566487,15.36393671683244,15.518954277038574,43450,0.0,0.0
2018-05-10 00:00:00-04:00,15.536180226900571,15.63952418134531,15.450059169781596,15.484506607055664,72050,0.0,0.0
2018-05-11 00:00:00-04:00,15.450056076049803,15.518952579424584,15.415607003051308,15.450056076049805,37600,0.0,0.0
2018-05-14 00:00:00-04:00,15.622297788508089,15.91510836241016,15.53617838422588,15.656746864318848,92250,0.0,0.0
2018-05-15 00:00:00-04:00,15.622298305761406,15.794540405273438,15.53617889862779,15.794540405273438,65750,0.0,0.0
2018-05-16 00:00:00-04:00,15.811764420222573,15.863436391316368,15.639522326413468,15.656746864318848,63150,0.0,0.0
2018-05-17 00:00:00-04:00,15.691199324134045,15.897888917343932,15.691199324134045,15.811769485473633,46000,0.0,0.0
2018-05-18 00:00:00-04:00,16.001229939114435,16.001229939114435,15.605075409908123,15.794540405273438,80200,0.0,0.0
2018-05-21 00:00:00-04:00,15.803184804447321,15.837764218807221,15.664863849176015,15.751313209533691,71050,0.07,0.0
2018-05-22 00:00:00-04:00,15.803187254550238,15.803187254550238,15.578415255157081,15.768606185913086,46000,0.0,0.0
2018-05-23 00:00:00-04:00,15.699442448081022,15.768602922124368,15.699442448081022,15.7167329788208,24650,0.0,0.0
2018-05-24 00:00:00-04:00,15.682151917341244,15.73402350956058,15.664863035517234,15.7167329788208,37950,0.0,0.0
2018-05-25 00:00:00-04:00,15.751316749155995,15.785897820202777,15.664867369371489,15.734027862548828,45150,0.0,0.0
2018-05-29 00:00:00-04:00,15.768606185913086,15.837766674271279,15.66486627783385,15.768606185913086,42700,0.0,0.0
2018-05-30 00:00:00-04:00,15.785897820202777,15.837767777856726,15.682156255978656,15.734027862548828,47350,0.0,0.0
2018-05-31 00:00:00-04:00,15.75131239138459,15.803183983603923,15.647572504777456,15.7167329788208,59950,0.0,0.0
2018-06-01 00:00:00-04:00,15.803184804447321,15.837764218807221,15.664863849176015,15.751313209533691,88500,0.0,0.0
2018-06-04 00:00:00-04:00,15.803184358672432,15.9069242477417,15.69944282068736,15.9069242477417,52350,0.0,0.0
2018-06-05 00:00:00-04:00,15.889637735510675,15.906928271034065,15.682156255978656,15.734027862548828,33900,0.0,0.0
2018-06-06 00:00:00-04:00,15.751311427209497,15.837762426700749,15.73402254644378,15.785892486572266,19950,0.0,0.0
2018-06-07 00:00:00-04:00,15.82047474343641,15.88963522568962,15.785895326767786,15.855055809020996,38400,0.0,0.0
2018-06-08 00:00:00-04:00,15.855059476090439,15.99338047258871,15.855059476090439,15.889638900756836,62400,0.0,0.0
2018-06-11 00:00:00-04:00,15.97608993579734,16.045250434046476,15.855059476090439,15.889638900756836,46100,0.0,0.0
2018-06-12 00:00:00-04:00,15.97608472342648,15.97608472342648,15.820473240906772,15.9069242477417,60450,0.0,0.0
2018-06-13 00:00:00-04:00,15.976091580015519,15.976091580015519,15.820480030710737,15.87235164642334,37500,0.0,0.0
2018-06-14 00:00:00-04:00,15.941508293151855,15.993378247392835,15.87234780452518,15.941508293151855,39650,0.0,0.0
2018-06-15 00:00:00-04:00,15.906931301993826,15.993382347167225,15.906931301993826,15.95880126953125,55650,0.0,0.0
2018-06-18 00:00:00-04:00,15.924221840811812,16.010672885985215,15.924221840811812,15.95880126953125,68300,0.0,0.0
2018-06-19 00:00:00-04:00,15.984834662595008,16.0195457119846,15.880698204040527,15.880698204040527,93050,0.07,0.0
2018-06-20 00:00:00-04:00,15.898048881745845,15.915405227841964,15.793914115553667,15.81126880645752,53950,0.0,0.0
2018-06-21 00:00:00-04:00,15.811271302142153,15.915407739963713,15.759203910827637,15.759203910827637,44100,0.0,0.0
2018-06-22 00:00:00-04:00,15.707136519513119,15.845983999813516,15.707136519513119,15.759203910827637,60750,0.0,0.0
2018-06-25 00:00:00-04:00,15.741847259264137,15.793916304769853,15.620356130135791,15.637712478637695,80650,0.0,0.0
2018-06-26 00:00:00-04:00,15.707136519513119,15.793916608498998,15.637712779362921,15.759203910827637,30950,0.0,0.0
2018-06-27 00:00:00-04:00,15.741847259264137,15.793916304769853,15.637712478637695,15.637712478637695,36650,0.0,0.0
2018-06-28 00:00:00-04:00,15.655070718001419,15.776561861803794,15.533577919006348,15.533577919006348,56300,0.0,0.0
2018-06-29 00:00:00-04:00,15.967481112578449,15.967481112578449,15.603005926462073,15.620362281799316,40800,0.0,0.0
2018-07-02 00:00:00-04:00,15.707134093802129,15.793914169386237,15.65506671052857,15.74184513092041,69100,0.0,0.0
2018-07-03 00:00:00-04:00,15.776557868273352,15.880692635117773,15.741845175863693,15.84598159790039,22850,0.0,0.0
2018-07-05 00:00:00-04:00,15.793915282198977,15.86333901651929,15.65506781355835,15.707135200500488,47400,0.0,0.0
2018-07-06 00:00:00-04:00,15.689783183419474,15.845987042549714,15.689783183419474,15.724495887756348,23550,0.0,0.0
2018-07-09 00:00:00-04:00,15.759203846497938,15.845983935129578,15.724492804160795,15.828627586364746,30850,0.0,0.0
2018-07-10 00:00:00-04:00,15.828630802359715,15.967478310303784,15.828630802359715,15.880698204040527,69950,0.0,0.0
2018-07-11 00:00:00-04:00,15.793916544027603,15.932764023761216,15.793916544027603,15.828627586364746,30600,0.0,0.0
2018-07-12 00:00:00-04:00,15.915407674996384,15.915407674996384,15.793916544027603,15.828627586364746,50850,0.0,0.0
2018-07-13 00:00:00-04:00,15.811274450068492,15.950121958012561,15.793919752970124,15.880698204040527,41850,0.0,0.0
2018-07-16 00:00:00-04:00,15.898054564711508,16.019545720428393,15.880698212411138,15.984834671020508,67450,0.0,0.0
2018-07-17 00:00:00-04:00,15.967478240672788,16.106325748011372,15.932767191434568,16.054258346557617,65550,0.0,0.0
2018-07-18 00:00:00-04:00,16.071610757604244,16.227814578853202,16.05425440964493,16.19310188293457,78650,0.0,0.0
2018-07-19 00:00:00-04:00,16.132129827153573,16.236656733224642,16.04502296447754,16.04502296447754,63650,0.07,0.0
2018-07-20 00:00:00-04:00,16.06244466929779,16.09728641751307,16.04502296447754,16.04502296447754,31850,0.0,0.0
2018-07-23 00:00:00-04:00,16.11471117098298,16.11471117098298,15.92307736598178,15.957919120788574,38300,0.0,0.0
2018-07-24 00:00:00-04:00,15.99275378428141,16.07985895433902,15.97533208570004,16.02759552001953,45250,0.0,0.0
2018-07-25 00:00:00-04:00,16.027604906236327,16.149555206298828,16.027604906236327,16.149555206298828,40400,0.0,0.0
2018-07-26 00:00:00-04:00,16.132127556006285,16.236654447361627,16.114705853638736,16.166969299316406,37750,0.0,0.0
2018-07-27 00:00:00-04:00,16.184393121713228,16.236656574237006,16.097286259890137,16.132129669189453,42550,0.0,0.0
2018-07-30 00:00:00-04:00,16.201810679753226,16.288917519282634,16.14954724060549,16.271495819091797,51600,0.0,0.0
2018-07-31 00:00:00-04:00,16.288921356201172,16.288921356201172,16.132129340400226,16.288921356201172,80250,0.0,0.0
2018-08-01 00:00:00-04:00,16.28892082398487,16.497976284413834,16.13212881330687,16.480554580688477,99150,0.0,0.0
2018-08-02 00:00:00-04:00,16.480558223641395,16.602506853824874,16.4457148084887,16.567665100097656,44650,0.0,0.0
2018-08-03 00:00:00-04:00,16.4805563095504,16.63734833667638,16.4805563095504,16.550241470336914,66550,0.0,0.0
2018-08-06 00:00:00-04:00,16.550239393247207,16.619924545288086,16.550239393247207,16.619924545288086,55800,0.0,0.0
2018-08-07 00:00:00-04:00,16.619930100743932,16.794143869792183,16.619930100743932,16.724458694458008,96350,0.0,0.0
2018-08-08 00:00:00-04:00,16.602500637270325,16.916084610525907,16.602500637270325,16.776714324951172,58950,0.0,0.0
2018-08-09 00:00:00-04:00,16.77672557152083,16.916095950524923,16.741882146056824,16.863832473754883,38200,0.0,0.0
2018-08-10 00:00:00-04:00,16.916092110328016,16.916092110328016,16.776721762963003,16.846406936645508,48950,0.0,0.0
2018-08-13 00:00:00-04:00,16.863832473754883,16.95093771456296,16.741882146056824,16.863832473754883,76900,0.0,0.0
2018-08-14 00:00:00-04:00,16.84640296473797,16.985773279243386,16.811559555399015,16.933509826660156,103600,0.0,0.0
2018-08-15 00:00:00-04:00,16.881244694945636,16.950929852125256,16.863824651719632,16.916088104248047,48250,0.0,0.0
2018-08-16 00:00:00-04:00,16.96834943684964,17.020614544273556,16.916085990850718,16.950927734375,50950,0.0,0.0
2018-08-17 00:00:00-04:00,16.950929504509215,17.107721520304292,16.89866605305258,17.055458068847656,88100,0.0,0.0
2018-08-20 00:00:00-04:00,16.959298979738826,17.02923416794323,16.854397031125426,16.87187957763672,68850,0.07,0.0
2018-08-21 00:00:00-04:00,16.871872864194952,16.99426064539347,16.85439032464009,16.906841278076172,71150,0.0,0.0
2018-08-22 00:00:00-04:00,16.95929481751681,17.011745778950772,16.9243280656895,16.941810607910156,55900,0.0,0.0
2018-08-23 00:00:00-04:00,16.941814765841123,17.011749954045527,16.854397031125426,16.87187957763672,52200,0.0,0.0
2018-08-24 00:00:00-04:00,16.941819938934458,16.994272596643704,16.88936894861213,16.92433738708496,46800,0.0,0.0
2018-08-27 00:00:00-04:00,16.976783752441406,16.976783752441406,16.90684856193503,16.976783752441406,46000,0.0,0.0
2018-08-28 00:00:00-04:00,16.994263692979263,17.029230445745334,16.941811062751093,16.95929527282715,60700,0.0,0.0
2018-08-29 00:00:00-04:00,16.97677672184252,17.116647044930726,16.97677672184252,17.081680297851562,44150,0.0,0.0
2018-08-30 00:00:00-04:00,17.064200902225984,17.151620295652275,17.02923247790097,17.046716690063477,61050,0.0,0.0
2018-08-31 00:00:00-04:00,17.099166749002585,17.20407034900753,17.011747360229492,17.011747360229492,40650,0.0,0.0
2018-09-04 00:00:00-04:00,17.064203231424912,17.23904037475586,17.02923480232684,17.23904037475586,78500,0.0,0.0
2018-09-05 00:00:00-04:00,17.23903384102189,17.23903384102189,17.04671255603324,17.116647720336914,54850,0.0,0.0
2018-09-06 00:00:00-04:00,17.16910284042854,17.239038021692323,17.01174826573846,17.046716690063477,43100,0.0,0.0
2018-09-07 00:00:00-04:00,17.081683075973505,17.09916561866352,16.92432852006108,16.95929527282715,44050,0.0,0.0
2018-09-10 00:00:00-04:00,16.994264816383797,17.099166749002585,16.924329638842554,17.011747360229492,68700,0.0,0.0
2018-09-11 00:00:00-04:00,16.95929481751681,17.1166493692047,16.9243280656895,16.941810607910156,64300,0.0,0.0
2018-09-12 00:00:00-04:00,16.941815323494986,17.029234728474574,16.92433277640824,16.976783752441406,34050,0.0,0.0
2018-09-13 00:00:00-04:00,17.029235145348387,17.25652493690476,16.959299953130003,17.169105529785156,63700,0.0,0.0
2018-09-14 00:00:00-04:00,17.16910284042854,17.22155547691606,17.01174826573846,17.046716690063477,60850,0.0,0.0
2018-09-17 00:00:00-04:00,17.064196763955618,17.204067092562973,17.064196763955618,17.116647720336914,67450,0.0,0.0
2018-09-18 00:00:00-04:00,17.055240705623145,17.10787986744124,16.91486849186236,16.949960708618164,55150,0.07,0.0
2018-09-19 00:00:00-04:00,16.94995597808375,16.94995597808375,16.73939771620692,16.75694465637207,86100,0.0,0.0
2018-09-20 00:00:00-04:00,16.809588141366273,16.844682030752868,16.75694898065513,16.82713508605957,46200,0.0,0.0
2018-09-21 00:00:00-04:00,16.774496506631912,16.844682614468496,16.756949561330565,16.792041778564453,45650,0.0,0.0
2018-09-24 00:00:00-04:00,16.827133031993746,16.94995828311621,16.80958608944238,16.879772186279297,41050,0.0,0.0
2018-09-25 00:00:00-04:00,16.80959451283883,16.897327596190728,16.80959451283883,16.844688415527344,30400,0.0,0.0
2018-09-26 00:00:00-04:00,16.844677683829495,16.897316830956623,16.73939771620692,16.75694465637207,42200,0.0,0.0
2018-09-27 00:00:00-04:00,16.721848045393713,16.91486100895504,16.721848045393713,16.897314071655273,32000,0.0,0.0
2018-09-28 00:00:00-04:00,16.721851490685367,16.932409761560848,16.669212341308594,16.669212341308594,75250,0.0,0.0
2018-10-01 00:00:00-04:00,16.66921650819263,16.82713566916715,16.66921650819263,16.792041778564453,43150,0.0,0.0
2018-10-02 00:00:00-04:00,16.792040534636197,16.827134422639194,16.721854431998892,16.809587478637695,24300,0.0,0.0
2018-10-03 00:00:00-04:00,16.932419825509857,16.932419825509857,16.774502283519706,16.844688415527344,31250,0.0,0.0
2018-10-04 00:00:00-04:00,16.862222950626325,16.862222950626325,16.721850776041773,16.75694465637207,47400,0.0,0.0
2018-10-05 00:00:00-04:00,16.756943592060463,16.756943592060463,16.58147754829028,16.6165714263916,35000,0.0,0.0
2018-10-08 00:00:00-04:00,16.58148399763171,16.651670107764918,16.33583344884992,16.528844833374023,60000,0.0,0.0
2018-10-09 00:00:00-04:00,16.441111239381527,16.792041778564453,16.441111239381527,16.792041778564453,44750,0.0,0.0
2018-10-10 00:00:00-04:00,16.792035120650624,16.844675935682986,16.563929942281483,16.599023818969727,50050,0.0,0.0
2018-10-11 00:00:00-04:00,16.44111083802766,16.58148305027412,16.283191680908203,16.283191680908203,128550,0.0,0.0
2018-10-12 00:00:00-04:00,16.335828113851043,16.493745555051007,16.300734233561066,16.318281173706055,38500,0.0,0.0
2018-10-15 00:00:00-04:00,16.353376177031294,16.511295318603516,16.318283964108915,16.511295318603516,37950,0.0,0.0
2018-10-16 00:00:00-04:00,16.52884016072494,16.669212341308594,16.458654070433113,16.669212341308594,66050,0.0,0.0
2018-10-17 00:00:00-04:00,16.669212391260665,16.686759332228302,16.49374632832109,16.563932418823242,59600,0.0,0.0
2018-10-18 00:00:00-04:00,16.519908072318753,16.590355373453743,16.396625715231554,16.431848526000977,49700,0.07,0.0
2018-10-19 00:00:00-04:00,16.484683581953185,16.537520317501535,16.326178414096564,16.431848526000977,54700,0.0,0.0
2018-10-22 00:00:00-04:00,16.43184686695459,16.467071353763707,15.92110356539422,16.04438591003418,89200,0.0,0.0
2018-10-23 00:00:00-04:00,15.780205290652447,15.850652568216251,15.410356663543578,15.744980812072754,120700,0.0,0.0
2018-10-24 00:00:00-04:00,15.78020848253495,15.885880260052812,15.656926141760716,15.67453670501709,38900,0.0,0.0
2018-10-25 00:00:00-04:00,15.850656073363048,16.185280295889605,15.744984293851742,16.00916290283203,70600,0.0,0.0
2018-10-26 00:00:00-04:00,16.00916195820389,16.00916195820389,15.762595606956907,15.797820091247559,43800,0.0,0.0
2018-10-29 00:00:00-04:00,15.797823638271216,16.185282974887965,15.797823638271216,15.99155330657959,68650,0.0,0.0
2018-10-30 00:00:00-04:00,16.044394131062692,16.238125548587426,16.009171305801637,16.11484146118164,39700,0.0,0.0
2018-10-31 00:00:00-04:00,16.238118040452097,16.519907230634995,16.18528130759576,16.343788146972656,64950,0.0,0.0
2018-11-01 00:00:00-04:00,16.449460321019405,16.678414463341486,16.41423583161781,16.590354919433594,49650,0.0,0.0
2018-11-02 00:00:00-04:00,16.572741006984444,16.73124783414857,16.202892303466797,16.202892303466797,69400,0.0,0.0
2018-11-05 00:00:00-05:00,16.20289437741322,16.625578184223166,16.20289437741322,16.431848526000977,70550,0.0,0.0
2018-11-06 00:00:00-05:00,16.238116771078207,16.502293696324294,16.238116771078207,16.414234161376953,106550,0.0,0.0
2018-11-07 00:00:00-05:00,16.431842375653886,16.484677411830233,16.255723348938705,16.37900733947754,68550,0.0,0.0
2018-11-08 00:00:00-05:00,16.326174837696463,16.46706940910218,16.238115310668945,16.238115310668945,67800,0.0,0.0
2018-11-09 00:00:00-05:00,16.238121432893887,16.39662830538578,16.044390064472058,16.290956497192383,57550,0.0,0.0
2018-11-12 00:00:00-05:00,16.290957800688282,16.431852436488672,16.185285984039716,16.220510482788086,68700,0.0,0.0
2018-11-13 00:00:00-05:00,16.238118040452097,16.3614003912581,16.18528130759576,16.343788146972656,46400,0.0,0.0
2018-11-14 00:00:00-05:00,16.379009870183033,16.379009870183033,16.150055771916023,16.255725860595703,47000,0.0,0.0
2018-11-15 00:00:00-05:00,16.220504984887814,16.36139957293233,15.92110356539422,16.04438591003418,119750,0.0,0.0
2018-11-16 00:00:00-05:00,16.1324445965137,16.36139870990826,16.061997306207367,16.150056838989258,95650,0.0,0.0
2018-11-19 00:00:00-05:00,16.141218087260317,16.194255570981884,15.557800708229442,15.752272605895996,143900,0.07,0.0
2018-11-20 00:00:00-05:00,15.734590545425727,15.734590545425727,15.221890449523926,15.221890449523926,145300,0.0,0.0
2018-11-21 00:00:00-05:00,15.504763317281455,15.593158562002582,15.133497556946573,15.239572525024414,101750,0.0,0.0
2018-11-23 00:00:00-05:00,15.36332705886231,15.646197571574385,15.345649021718158,15.487083435058594,26750,0.0,0.0
2018-11-26 00:00:00-05:00,15.469411226134465,15.663883217434343,15.274939234834587,15.310297012329102,61800,0.0,0.0
2018-11-27 00:00:00-05:00,15.274934527112066,15.327972020023735,14.992063964176333,15.009743690490723,110700,0.0,0.0
2018-11-28 00:00:00-05:00,15.027421091817642,15.310289924957447,15.027421091817642,15.11581802368164,82400,0.0,0.0
2018-11-29 00:00:00-05:00,15.168854205856569,15.487082458828597,15.045099523492377,15.18653392791748,61550,0.0,0.0
2018-11-30 00:00:00-05:00,15.151175625150303,15.186535071935792,15.027420933463535,15.062780380249023,61850,0.0,0.0
2018-12-03 00:00:00-05:00,15.16885386354898,15.257250785827637,14.974381983360782,15.257250785827637,149350,0.0,0.0
2018-12-04 00:00:00-05:00,15.186531455419164,15.221889207753346,15.0627767932033,15.08045482635498,108550,0.0,0.0
2018-12-06 00:00:00-05:00,15.06277831774795,15.080456352688874,14.567756246720325,14.850625038146973,128850,0.0,0.0
2018-12-07 00:00:00-05:00,14.885989416031995,15.045103585476788,14.815272194726704,15.027423858642578,61650,0.0,0.0
2018-12-10 00:00:00-05:00,14.939024925231934,14.974384374201382,14.603118590178823,14.939024925231934,96850,0.0,0.0
2018-12-11 00:00:00-05:00,14.956700325012207,15.221889371478788,14.903662852925057,14.956700325012207,58650,0.0,0.0
2018-12-12 00:00:00-05:00,14.939024322702823,15.080458740813544,14.868307113647461,14.868307113647461,53550,0.0,0.0
2018-12-13 00:00:00-05:00,14.868306604958223,14.974383257927693,14.815269121489088,14.885986328125,46200,0.0,0.0
2018-12-14 00:00:00-05:00,14.815267115487282,15.115815624503151,14.77990767394143,14.797587394714355,80650,0.0,0.0
2018-12-17 00:00:00-05:00,14.797591609867832,15.027422987291356,14.4086460722256,14.426325798034668,85600,0.0,0.0
2018-12-18 00:00:00-05:00,14.408643297968476,14.726871557133844,14.161133928423082,14.214171409606934,81500,0.0,0.0
2018-12-19 00:00:00-05:00,14.205294935940822,14.595941020832067,13.850162901222925,13.921189308166504,128200,0.07,0.0
2018-12-20 00:00:00-05:00,13.779134782471107,13.850161180590943,11.967959090310973,12.145525932312012,337800,0.0,0.0
2018-12-21 00:00:00-05:00,12.0745001773734,12.873547622135707,12.0745001773734,12.429632186889648,168950,0.0,0.0
2018-12-24 00:00:00-05:00,12.447390332143167,12.5361729191702,11.38199251420618,12.287580490112305,182600,0.0,0.0
2018-12-26 00:00:00-05:00,12.323093057191148,12.891305140935662,12.269822830367604,12.855791091918945,94450,0.0,0.0
2018-12-27 00:00:00-05:00,12.713737929009275,13.317463198275584,12.642711526354592,13.281949996948242,98450,0.0,0.0
2018-12-28 00:00:00-05:00,13.281947818291883,13.566053382308382,13.281947818291883,13.317461013793945,95950,0.0,0.0
2018-12-31 00:00:00-05:00,13.424003410007453,13.654839652436658,12.962331771850586,12.962331771850586,151600,0.0,0.0
2019-01-02 00:00:00-05:00,12.909062324671863,13.264194375497137,12.80252270942428,13.104385375976562,73600,0.0,0.0
2019-01-03 00:00:00-05:00,13.157653209032635,13.548299265586953,13.157653209032635,13.370733261108398,62900,0.0,0.0
2019-01-04 00:00:00-05:00,13.441757357077583,13.850159520670996,13.406244162273866,13.796889305114746,60850,0.0,0.0
2019-01-07 00:00:00-05:00,13.867918983434325,14.542669844718947,13.83240578020882,14.365104675292969,108350,0.0,0.0
2019-01-08 00:00:00-05:00,14.489399916786137,14.666966772918563,14.365104133535265,14.542669296264648,93100,0.0,0.0
2019-01-09 00:00:00-05:00,14.59594149497956,14.755751339144798,14.311835857976103,14.400617599487305,84750,0.0,0.0
2019-01-10 00:00:00-05:00,14.436130360860746,14.560426142592403,14.294077555052276,14.524913787841797,26800,0.0,0.0
2019-01-11 00:00:00-05:00,14.613697095291709,14.826778020355912,14.453888941598363,14.755751609802246,75500,0.0,0.0
2019-01-14 00:00:00-05:00,14.809016246527628,15.235174573221297,14.77350220593516,14.862285614013672,99100,0.0,0.0
2019-01-15 00:00:00-05:00,14.915556462958596,15.270690130545615,14.915556462958596,15.235176086425781,72300,0.0,0.0
2019-01-16 00:00:00-05:00,15.32395945315277,15.608065031569978,15.270690080550251,15.572552680969238,91100,0.0,0.0
2019-01-17 00:00:00-05:00,15.385361671447754,15.51015548459724,15.189256865043108,15.385361671447754,75450,0.07,0.0
2019-01-18 00:00:00-05:00,15.456671892263854,15.510154709485402,15.260567095659443,15.367532730102539,60650,0.0,0.0
2019-01-22 00:00:00-05:00,15.278393705363762,15.367532868326848,14.8505277633667,14.8505277633667,104850,0.0,0.0
2019-01-23 00:00:00-05:00,14.957500515201394,15.100122547511763,14.654428271494675,14.74356746673584,69100,0.0,0.0
2019-01-24 00:00:00-05:00,14.440490162690722,14.832699764009014,14.31569465300932,14.690077781677246,74900,0.0,0.0
2019-01-25 00:00:00-05:00,14.76139258083112,14.939670954830271,14.725737926144438,14.832703590393066,45050,0.0,0.0
2019-01-28 00:00:00-05:00,14.886181461765668,15.010975247611954,14.832696953384845,14.975318908691406,40300,0.0,0.0
2019-01-29 00:00:00-05:00,14.957496828517883,15.22491264814071,14.939668653826143,15.010979652404785,45200,0.0,0.0
2019-01-30 00:00:00-05:00,15.010979649295598,15.242740819675259,14.99315147460755,15.15360164642334,38150,0.0,0.0
2019-01-31 00:00:00-05:00,15.242742510063641,15.51015835928694,15.207086156733332,15.45667552947998,92850,0.0,0.0
2019-02-01 00:00:00-05:00,15.474501610194077,15.777573771697936,15.474501610194077,15.6171236038208,77750,0.0,0.0
2019-02-04 00:00:00-05:00,15.545813166104852,15.688435164860906,15.51015681632167,15.563639640808105,49650,0.0,0.0
2019-02-05 00:00:00-05:00,15.54580790375133,15.84887997356323,15.527979734894686,15.759740829467773,61600,0.0,0.0
2019-02-06 00:00:00-05:00,15.652778622505425,15.848885143523601,15.652778622505425,15.795400619506836,33000,0.0,0.0
2019-02-07 00:00:00-05:00,15.634955699835544,15.991510773338167,15.617127521113238,15.955854415893555,59600,0.0,0.0
2019-02-08 00:00:00-05:00,15.920198054305896,15.95585270774481,15.777576040173201,15.866713523864746,34750,0.0,0.0
2019-02-11 00:00:00-05:00,15.884535518808175,15.955846498122042,15.349702323860225,15.545808792114258,83650,0.0,0.0
2019-02-12 00:00:00-05:00,15.599296194915796,15.688435370352986,15.527985194603716,15.634952545166016,51400,0.0,0.0
2019-02-13 00:00:00-05:00,15.63495631883428,15.81323301254934,15.545817121882367,15.777578353881836,36350,0.0,0.0
2019-02-14 00:00:00-05:00,15.724090912992127,16.276752471923828,15.670608084769205,16.276752471923828,72650,0.0,0.0
2019-02-15 00:00:00-05:00,16.29457591460409,16.758096458200786,16.24109140172958,16.490680694580078,191400,0.0,0.0
2019-02-19 00:00:00-05:00,15.229055915983432,16.231201973607916,15.21116002400716,16.105934143066406,153200,0.07,0.0
2019-02-20 00:00:00-05:00,16.123832512190297,16.571219640453204,16.088040722738967,16.55332374572754,87150,0.0,0.0
2019-02-21 00:00:00-05:00,16.553319520865884,16.750169192667396,16.46384177672119,16.732275009155273,70750,0.0,0.0
2019-02-22 00:00:00-05:00,16.696480367919104,17.090181350708008,16.642794413289714,17.090181350708008,220650,0.0,0.0
2019-02-25 00:00:00-05:00,17.09018576459768,17.14387173309257,16.356471270798234,16.964916229248047,148050,0.0,0.0
2019-02-26 00:00:00-05:00,16.83964596760646,16.875437745862754,16.39225897927836,16.803855895996094,99400,0.0,0.0
2019-02-27 00:00:00-05:00,16.64279614259956,16.732273880709766,16.39225881722017,16.517526626586914,46300,0.0,0.0
2019-02-28 00:00:00-05:00,16.55331454934839,16.624896381836507,16.2311954498291,16.2311954498291,60700,0.0,0.0
2019-03-01 00:00:00-05:00,16.35646629333496,16.44594231138246,16.177510843948664,16.35646629333496,52100,0.0,0.0
2019-03-04 00:00:00-05:00,16.374364852905273,16.428052526069365,16.320678886387284,16.374364852905273,39000,0.0,0.0
2019-03-05 00:00:00-05:00,16.320677948742375,16.445945765636246,15.891186827981103,16.30278205871582,87750,0.0,0.0
2019-03-06 00:00:00-05:00,16.338567705916827,16.338567705916827,16.088030459524855,16.195404052734375,37700,0.0,0.0
2019-03-07 00:00:00-05:00,16.105929563034692,16.14172133680915,15.909079927212279,16.08803367614746,49150,0.0,0.0
2019-03-08 00:00:00-05:00,16.159620112349025,16.159620112349025,16.01645638983124,16.105934143066406,39050,0.0,0.0
2019-03-11 00:00:00-04:00,16.14172588580558,16.284889607957837,16.14172588580558,16.24909782409668,44500,0.0,0.0
2019-03-12 00:00:00-04:00,16.30277593929853,16.338567705916827,16.177508169425227,16.195404052734375,36050,0.0,0.0
2019-03-13 00:00:00-04:00,16.195406915030215,16.356466479986683,16.195406915030215,16.26698875427246,47200,0.0,0.0
2019-03-14 00:00:00-04:00,16.266989889673752,16.49963131011034,16.266989889673752,16.392257690429688,67950,0.0,0.0
2019-03-15 00:00:00-04:00,16.392253704592182,16.517521474888795,16.37435782122256,16.481731414794922,59100,0.0,0.0
2019-03-18 00:00:00-04:00,16.517527389031304,16.607005131271773,16.44594553656812,16.535423278808594,85200,0.0,0.0
2019-03-19 00:00:00-04:00,16.526436432229147,16.526436432229147,16.256984343979898,16.328838348388672,56350,0.07,0.0
2019-03-20 00:00:00-04:00,16.32884202196128,16.580330237403114,16.20309791424036,16.274951934814453,41650,0.0,0.0
2019-03-21 00:00:00-04:00,16.346804710431783,16.346804710431783,16.20309668022826,16.310876846313477,48100,0.0,0.0
2019-03-22 00:00:00-04:00,16.328844993662848,16.38273509061718,16.20310086305764,16.23902702331543,57200,0.0,0.0
2019-03-25 00:00:00-04:00,16.221057520546033,16.292911529541016,16.077349502556068,16.292911529541016,79550,0.0,0.0
2019-03-26 00:00:00-04:00,16.31087655392365,16.31087655392365,16.077350580745414,16.203096389770508,70250,0.0,0.0
2019-03-27 00:00:00-04:00,16.310881456441468,16.310881456441468,16.09531935020944,16.167173385620117,52750,0.0,0.0
2019-03-28 00:00:00-04:00,16.203100731594738,16.239026891561043,16.149208921942357,16.185136795043945,26350,0.0,0.0
2019-03-29 00:00:00-04:00,16.239026891561043,16.310880924628936,16.185136795043945,16.185136795043945,75450,0.0,0.0
2019-04-01 00:00:00-04:00,16.256987901966152,16.526440049187396,16.239023968648745,16.454586029052734,91650,0.0,0.0
2019-04-02 00:00:00-04:00,16.454585789895226,16.616257761132157,16.40069570386123,16.58032989501953,51500,0.0,0.0
2019-04-03 00:00:00-04:00,16.61626105575878,16.688115089096108,16.562370959039605,16.598297119140625,43200,0.0,0.0
2019-04-04 00:00:00-04:00,16.688113504100954,16.688113504100954,16.634223412500127,16.65218734741211,53850,0.0,0.0
2019-04-05 00:00:00-04:00,16.65218787346776,16.70607796677102,16.616260002508803,16.63422393798828,42000,0.0,0.0
2019-04-08 00:00:00-04:00,16.688113504100954,16.70607743901294,16.56236938598731,16.65218734741211,40600,0.0,0.0
2019-04-09 00:00:00-04:00,16.652185627244787,16.670147847166152,16.526439808985536,16.58032989501953,37600,0.0,0.0
2019-04-10 00:00:00-04:00,16.580336462917135,16.634228283434012,16.508482415363588,16.61626434326172,40250,0.0,0.0
2019-04-11 00:00:00-04:00,16.58032679480984,16.670144730162196,16.544400648549676,16.56236457824707,33350,0.0,0.0
2019-04-12 00:00:00-04:00,16.63422407252066,16.706078101884533,16.580332265646362,16.688114166259766,41150,0.0,0.0
2019-04-15 00:00:00-04:00,16.79589362023995,16.79589362023995,16.652185582445945,16.70607566833496,42850,0.0,0.0
2019-04-16 00:00:00-04:00,16.706077711475345,16.867749702049696,16.706077711475345,16.759967803955078,53700,0.0,0.0
2019-04-17 00:00:00-04:00,16.7958962018386,16.867750231779866,16.70607823612822,16.74200439453125,54150,0.0,0.0
2019-04-18 00:00:00-04:00,16.78708224767929,16.823143827156066,16.606769191517184,16.76905059814453,40150,0.07,0.0
2019-04-22 00:00:00-04:00,16.84117696758085,16.85920861871189,16.606770661656043,16.751020431518555,54750,0.0,0.0
2019-04-23 00:00:00-04:00,16.769054832728227,16.841179729487767,16.678898281880507,16.787086486816406,50500,0.0,0.0
2019-04-24 00:00:00-04:00,16.805112838745117,16.93133267086126,16.696926376465925,16.805112838745117,44450,0.0,0.0
2019-04-25 00:00:00-04:00,16.85921011441483,16.85921011441483,16.678897026293356,16.732990264892578,48350,0.0,0.0
2019-04-26 00:00:00-04:00,16.732986124755712,17.003455690017347,16.696924547809736,16.985424041748047,45650,0.0,0.0
2019-04-29 00:00:00-04:00,16.89527130126953,17.093614317844466,16.823146411642917,16.89527130126953,63300,0.0,0.0
2019-04-30 00:00:00-04:00,16.93132627052316,17.129669189453125,16.80510648612031,17.129669189453125,77700,0.0,0.0
2019-05-01 00:00:00-04:00,17.129669189453125,17.165732476308843,17.05754433533385,17.129669189453125,70300,0.0,0.0
2019-05-02 00:00:00-04:00,17.129677194477534,17.129677194477534,16.805114339470315,16.877239227294922,99000,0.0,0.0
2019-05-03 00:00:00-04:00,16.96739686721864,17.25589643722472,16.877240321693467,17.11164665222168,104250,0.0,0.0
2019-05-06 00:00:00-04:00,16.949365214194987,17.2198348507705,16.949365214194987,17.11164665222168,45900,0.0,0.0
2019-05-07 00:00:00-04:00,17.057548096378294,17.129672966400488,16.877235061526534,17.03951644897461,51850,0.0,0.0
2019-05-08 00:00:00-04:00,17.00345908621243,17.039520670361185,16.94936413059984,16.967395782470703,39950,0.0,0.0
2019-05-09 00:00:00-04:00,16.9673949563115,17.021488189697266,16.877238420939968,17.021488189697266,43350,0.0,0.0
2019-05-10 00:00:00-04:00,16.967392393478747,17.111642140447902,16.91329916826347,16.985424041748047,70700,0.0,0.0
2019-05-13 00:00:00-04:00,16.913302953574437,16.949364538591237,16.769053174321208,16.89527130126953,67200,0.0,0.0
2019-05-14 00:00:00-04:00,17.00345762259034,17.07558250427246,16.91330109058948,17.07558250427246,65600,0.0,0.0
2019-05-15 00:00:00-04:00,17.057548915232626,17.075580563501926,16.85920594304819,16.985424041748047,63950,0.0,0.0
2019-05-16 00:00:00-04:00,17.039518328518053,17.075581627303382,16.8592069933696,16.94936180114746,85400,0.0,0.0
2019-05-17 00:00:00-04:00,16.895269838203546,17.075582906452162,16.895269838203546,17.00345802307129,51850,0.0,0.0
2019-05-20 00:00:00-04:00,17.003459101577985,17.07558398953364,16.949364145916512,17.057552337646484,67900,0.0,0.0
2019-05-21 00:00:00-04:00,17.03040167277748,17.066598892211914,16.90371485671381,17.066598892211914,64400,0.07,0.0
2019-05-22 00:00:00-04:00,17.012303825455014,17.012303825455014,16.921814224770547,16.958009719848633,38900,0.0,0.0
2019-05-23 00:00:00-04:00,16.95801071061199,16.95801071061199,16.795126658297928,16.86751937866211,43650,0.0,0.0
2019-05-24 00:00:00-04:00,16.921813522043628,16.939910405841896,16.831322199138572,16.885616302490234,42450,0.0,0.0
2019-05-28 00:00:00-04:00,16.903715212565906,16.903715212565906,16.415063095784628,16.523653030395508,111500,0.0,0.0
2019-05-29 00:00:00-04:00,16.41506049123538,16.505551801389938,16.27027508537936,16.451257705688477,87550,0.0,0.0
2019-05-30 00:00:00-04:00,16.396968358474656,16.577949305216848,16.396968358474656,16.559850692749023,41050,0.0,0.0
2019-05-31 00:00:00-04:00,16.523654536629287,16.577948645894747,16.0892982105484,16.28837776184082,162200,0.0,0.0
2019-06-03 00:00:00-04:00,16.28837369260591,16.469356312915025,16.14358828674989,16.451257705688477,64800,0.0,0.0
2019-06-04 00:00:00-04:00,16.523653702698713,16.831323182972923,16.451260985338813,16.79512596130371,66350,0.0,0.0
2019-06-05 00:00:00-04:00,16.903712271509058,16.921810878458324,16.541748762414482,16.6141414642334,71250,0.0,0.0
2019-06-06 00:00:00-04:00,16.650335302011364,16.84941650676692,16.650335302011364,16.831317901611328,39450,0.0,0.0
2019-06-07 00:00:00-04:00,16.84942080891527,16.90371491226693,16.813223589361876,16.885616302490234,53000,0.0,0.0
2019-06-10 00:00:00-04:00,16.921812543464892,17.01230213515856,16.885615326004764,16.976106643676758,72400,0.0,0.0
2019-06-11 00:00:00-04:00,17.012305261393873,17.012305261393873,16.885618428959702,16.903717041015625,53550,0.0,0.0
2019-06-12 00:00:00-04:00,16.867516274282565,16.939908981323242,16.849419392006105,16.939908981323242,38950,0.0,0.0
2019-06-13 00:00:00-04:00,16.95800829762875,17.066598225712884,16.939909688618336,17.01230239868164,51400,0.0,0.0
2019-06-14 00:00:00-04:00,17.012300938771958,17.066596761143806,16.95800684237831,17.048498153686523,65100,0.0,0.0
2019-06-17 00:00:00-04:00,17.08469581604004,17.193285748619722,17.012303102979725,17.08469581604004,108450,0.0,0.0
2019-06-18 00:00:00-04:00,17.057454639099532,17.220943158470593,16.893964387326363,16.91213035583496,100350,0.07,0.0
2019-06-19 00:00:00-04:00,16.94845543590985,17.057449481603857,16.930289472893918,16.96662139892578,49700,0.0,0.0
2019-06-20 00:00:00-04:00,17.07560999480295,17.07560999480295,16.784961579429467,16.875789642333984,43400,0.0,0.0
2019-06-21 00:00:00-04:00,16.893958809536347,16.930289002156485,16.76679880436202,16.82129669189453,69500,0.0,0.0
2019-06-24 00:00:00-04:00,16.85762688451467,16.96662092717816,16.803130729383692,16.82129669189453,29800,0.0,0.0
2019-06-25 00:00:00-04:00,16.83946293424224,16.893959090278827,16.63964080810547,16.63964080810547,34650,0.0,0.0
2019-06-26 00:00:00-04:00,16.694131739852676,16.80312575021865,16.657801557998035,16.78495979309082,33300,0.0,0.0
2019-06-27 00:00:00-04:00,16.748635552027487,16.94845595410748,16.730469588456135,16.857627868652344,35900,0.0,0.0
2019-06-28 00:00:00-04:00,16.91212547438788,17.075613946570297,16.857627584592137,17.039283752441406,42800,0.0,0.0
2019-07-01 00:00:00-04:00,17.075613946570297,17.075613946570297,16.893959511122635,17.039283752441406,53550,0.0,0.0
2019-07-02 00:00:00-04:00,17.075620063022956,17.075620063022956,16.930295769649316,17.0211238861084,47550,0.0,0.0
2019-07-03 00:00:00-04:00,17.03928985588066,17.075620063022956,17.002957916336136,17.0211238861084,18900,0.0,0.0
2019-07-05 00:00:00-04:00,16.984783131451245,17.202769436142667,16.984783131451245,17.148271560668945,87300,0.0,0.0
2019-07-08 00:00:00-04:00,17.14827500160873,17.184606925881504,17.02111673145702,17.166440963745117,57000,0.0,0.0
2019-07-09 00:00:00-04:00,17.130106341349084,17.18460248126188,17.057444243998336,17.111940383911133,30350,0.0,0.0
2019-07-10 00:00:00-04:00,17.13010733457886,17.184603477651425,17.075609459105138,17.148271560668945,44800,0.0,0.0
2019-07-11 00:00:00-04:00,17.18460617915591,17.23910233079554,17.093778104822242,17.20277214050293,60100,0.0,0.0
2019-07-12 00:00:00-04:00,17.239104474155955,17.275436401367188,17.184608315740746,17.275436401367188,52300,0.0,0.0
2019-07-15 00:00:00-04:00,17.293602364972802,17.34809852338801,17.275436401367188,17.275436401367188,45100,0.0,0.0
2019-07-16 00:00:00-04:00,17.293598793026373,17.420757047198208,17.293598793026373,17.348094940185547,55050,0.0,0.0
2019-07-17 00:00:00-04:00,17.348096233619746,17.420758346049926,17.29360008239746,17.29360008239746,37400,0.0,0.0
2019-07-18 00:00:00-04:00,17.36626448699363,17.438926609014455,17.275436401367188,17.275436401367188,96800,0.0,0.0
2019-07-19 00:00:00-04:00,17.284552914366547,17.37571652029656,17.120460510253906,17.120460510253906,68500,0.07,0.0
2019-07-22 00:00:00-04:00,17.138690653891107,17.211621185825923,17.10222625732422,17.10222625732422,36950,0.0,0.0
2019-07-23 00:00:00-04:00,17.102225868765586,17.32101745959914,17.083992801495874,17.24808692932129,63050,0.0,0.0
2019-07-24 00:00:00-04:00,17.229851238566763,17.28454869324645,17.19338684838055,17.26631736755371,51400,0.0,0.0
2019-07-25 00:00:00-04:00,17.248085698146195,17.339249289186466,17.10222464800211,17.138689041137695,63150,0.0,0.0
2019-07-26 00:00:00-04:00,17.193385965600854,17.321013932900758,17.175152902043543,17.284547805786133,29550,0.0,0.0
2019-07-29 00:00:00-04:00,17.248084303060235,17.339247886726874,17.229851238566763,17.26631736755371,42950,0.0,0.0
2019-07-30 00:00:00-04:00,17.339250564575195,17.412181095011643,17.229853899520023,17.339250564575195,75750,0.0,0.0
2019-07-31 00:00:00-04:00,17.412177511886682,17.412177511886682,17.229850353914838,17.284547805786133,45950,0.0,0.0
2019-08-01 00:00:00-04:00,17.284552049039426,17.357484321173114,17.156924050407618,17.229854583740234,54600,0.0,0.0
2019-08-02 00:00:00-04:00,17.229853824184953,17.28455128707288,17.102225831179457,17.156923294067383,53550,0.0,0.0
2019-08-05 00:00:00-04:00,17.193391398761385,17.193391398761385,16.573480952324424,16.792272567749023,168700,0.0,0.0
2019-08-06 00:00:00-04:00,16.792270235584265,17.120458482541917,16.792270235584265,16.846967697143555,55450,0.0,0.0
2019-08-07 00:00:00-04:00,17.011062586051185,17.047528721265508,16.68287432432639,16.919898986816406,72850,0.0,0.0
2019-08-08 00:00:00-04:00,16.828733874881298,17.138689041137695,16.774036415777488,17.138689041137695,63050,0.0,0.0
2019-08-09 00:00:00-04:00,17.13869253964742,17.13869253964742,16.974600128839906,17.011064529418945,34700,0.0,0.0
2019-08-12 00:00:00-04:00,16.974597505834343,17.029294967651367,16.88343391027199,17.029294967651367,55300,0.0,0.0
2019-08-13 00:00:00-04:00,17.102221970343244,17.21161687142314,16.91989481680928,17.06575584411621,82200,0.0,0.0
2019-08-14 00:00:00-04:00,16.9746036529541,17.02930113457907,16.828740803951536,16.9746036529541,76350,0.0,0.0
2019-08-15 00:00:00-04:00,16.992828753835635,17.02929488740913,16.774037168797516,16.846967697143555,68100,0.0,0.0
2019-08-16 00:00:00-04:00,16.974596663826258,17.156922107105924,16.938130531889797,17.138689041137695,63150,0.0,0.0
2019-08-19 00:00:00-04:00,17.166144185080647,17.184445397103566,16.909932452658676,17.111242294311523,84150,0.07,0.0
2019-08-20 00:00:00-04:00,17.111240025449227,17.202742582831785,17.019735722767265,17.129539489746094,35550,0.0,0.0
2019-08-21 00:00:00-04:00,17.09293596689881,17.31254520955265,17.09293596689881,17.202739715576172,56250,0.0,0.0
2019-08-22 00:00:00-04:00,17.20274027163696,17.294244562025288,17.14783839552363,17.166139602661133,30150,0.0,0.0
2019-08-23 00:00:00-04:00,17.184444654138264,17.239346542533717,16.983134821189,17.019737243652344,38650,0.0,0.0
2019-08-26 00:00:00-04:00,17.056337920816123,17.12954102044325,17.00143603242067,17.019737243652344,27850,0.0,0.0
2019-08-27 00:00:00-04:00,17.01973458219436,17.11123887874419,16.836725989094703,16.92823028564453,50150,0.0,0.0
2019-08-28 00:00:00-04:00,16.928234065001543,17.09294148650356,16.909932852545833,17.07464027404785,42000,0.0,0.0
2019-08-29 00:00:00-04:00,17.07463760625668,17.202742582831785,17.001434513170988,17.129539489746094,53200,0.0,0.0
2019-08-30 00:00:00-04:00,17.18444216397722,17.18444216397722,17.03803598593838,17.05633544921875,43350,0.0,0.0
2019-09-03 00:00:00-04:00,17.038034643296978,17.20274027163696,17.038034643296978,17.166139602661133,59300,0.0,0.0
2019-09-04 00:00:00-04:00,17.16614455579913,17.275948339708684,17.12954213096282,17.221046447753906,45400,0.0,0.0
2019-09-05 00:00:00-04:00,17.294246283296868,17.36744937383349,17.166141311182606,17.1844425201416,78050,0.0,0.0
2019-09-06 00:00:00-04:00,17.23934249711282,17.349146248136943,17.166139414663686,17.330846786499023,42400,0.0,0.0
2019-09-09 00:00:00-04:00,17.367448608741764,17.38574981689453,17.294245521429968,17.38574981689453,43750,0.0,0.0
2019-09-10 00:00:00-04:00,17.367448608741764,17.38574981689453,17.312546729582735,17.38574981689453,51150,0.0,0.0
2019-09-11 00:00:00-04:00,17.36745262145996,17.38575383384119,17.25764883777194,17.36745262145996,52050,0.0,0.0
2019-09-12 00:00:00-04:00,17.367448608741764,17.38574981689453,17.312546729582735,17.38574981689453,61200,0.0,0.0
2019-09-13 00:00:00-04:00,17.38574961982306,17.550457000732422,17.367448411877742,17.550457000732422,83800,0.0,0.0
2019-09-16 00:00:00-04:00,17.522904871772656,17.559641362358203,17.37596241281504,17.54127311706543,78950,0.07,0.0
2019-09-17 00:00:00-04:00,17.504536626479883,17.54127311706543,17.357594167522265,17.54127311706543,53250,0.0,0.0
2019-09-18 00:00:00-04:00,17.504538362754147,17.61474609375,17.467803620217165,17.61474609375,54050,0.0,0.0
2019-09-19 00:00:00-04:00,17.633112753495432,17.633112753495432,17.412697311345976,17.467802047729492,54200,0.0,0.0
2019-09-20 00:00:00-04:00,17.4126971517083,17.61474434654424,17.4126971517083,17.54127311706543,75950,0.0,0.0
2019-09-23 00:00:00-04:00,17.431062403315043,17.68821253817294,17.431062403315043,17.578004837036133,60100,0.0,0.0
2019-09-24 00:00:00-04:00,17.578015014874474,17.651486274275577,17.504543755473367,17.559648513793945,44950,0.0,0.0
2019-09-25 00:00:00-04:00,17.559638346589985,17.68821253817294,17.486167129729438,17.578004837036133,45500,0.0,0.0
2019-09-26 00:00:00-04:00,17.596376573291302,17.76168728197631,17.596376573291302,17.724950790405273,41400,0.0,0.0
2019-09-27 00:00:00-04:00,17.76169234774109,17.816795349121094,17.688221095336804,17.816795349121094,42450,0.0,0.0
2019-09-30 00:00:00-04:00,17.835159137074907,17.945366863949367,17.79842264421929,17.90863037109375,81000,0.0,0.0
2019-10-01 00:00:00-04:00,17.92699718514281,18.055571396479525,17.651478765816957,17.688215255737305,68950,0.0,0.0
2019-10-02 00:00:00-04:00,17.688217983833407,17.688217983833407,17.412699522013686,17.522907257080078,84500,0.0,0.0
2019-10-03 00:00:00-04:00,17.541275233622923,17.59637822445777,17.17391904190311,17.192285537719727,105400,0.0,0.0
2019-10-04 00:00:00-04:00,17.192286920318672,17.48617364902131,17.173920423025027,17.412700653076172,49950,0.0,0.0
2019-10-07 00:00:00-04:00,17.48617725439284,17.614751520421525,17.375969489444685,17.559648513793945,48600,0.0,0.0
2019-10-08 00:00:00-04:00,17.596373079174263,17.614741321312398,17.39432767073076,17.578004837036133,46850,0.0,0.0
2019-10-09 00:00:00-04:00,17.61474942519258,17.743323675927687,17.55964642511936,17.63311767578125,45450,0.0,0.0
2019-10-10 00:00:00-04:00,17.669847010777133,17.780054728845922,17.596375782628687,17.688215255737305,48650,0.0,0.0
2019-10-11 00:00:00-04:00,17.798426312974392,17.945370562993805,17.743323314025083,17.780059814453125,61200,0.0,0.0
2019-10-14 00:00:00-04:00,17.835159301757812,17.890262289857645,17.724951573865738,17.835159301757812,29450,0.0,0.0
2019-10-15 00:00:00-04:00,17.890262437790927,17.963733673095703,17.85352769598475,17.963733673095703,61900,0.0,0.0
2019-10-16 00:00:00-04:00,17.963733358684784,18.0004698515404,17.90863037109375,17.90863037109375,57150,0.0,0.0
2019-10-17 00:00:00-04:00,17.94536812365323,18.05557410657138,17.94536812365323,18.000471115112305,66250,0.0,0.0
2019-10-18 00:00:00-04:00,17.96373664905381,18.184150391482927,17.927001901161983,18.129047393798828,83250,0.0,0.0
2019-10-21 00:00:00-04:00,18.064527595808638,18.211992983698824,17.990794901863545,18.027660369873047,68850,0.07,0.0
2019-10-22 00:00:00-04:00,18.046096219458953,18.046096219458953,17.898630813292026,17.953929901123047,50550,0.0,0.0
2019-10-23 00:00:00-04:00,17.972360215509,18.10139198272506,17.824894836426083,18.08296012878418,52600,0.0,0.0
2019-10-24 00:00:00-04:00,18.046095542849862,18.064529157411165,17.806463827331637,17.898630142211914,50750,0.0,0.0
2019-10-25 00:00:00-04:00,17.89862990587732,18.04609530456813,17.89862990587732,17.935495376586914,48300,0.0,0.0
2019-10-28 00:00:00-04:00,17.935499323475906,18.15669922811562,17.935499323475906,18.13826560974121,68050,0.0,0.0
2019-10-29 00:00:00-04:00,18.11982876306379,18.248860552842622,18.11982876306379,18.23042869567871,42100,0.0,0.0
2019-10-30 00:00:00-04:00,18.230432169988298,18.30416488647461,18.119832216295517,18.30416488647461,41150,0.0,0.0
2019-10-31 00:00:00-04:00,18.322597186112997,18.322597186112997,18.193565368652344,18.193565368652344,43100,0.0,0.0
2019-11-01 00:00:00-04:00,18.26729764926814,18.396329463637528,18.26729764926814,18.30416488647461,73850,0.0,0.0
2019-11-04 00:00:00-05:00,18.359461499201874,18.488493296105386,18.2857287926961,18.41476058959961,86150,0.0,0.0
2019-11-05 00:00:00-05:00,18.433193624197617,18.506926328377354,18.322593688964844,18.322593688964844,75700,0.0,0.0
2019-11-06 00:00:00-05:00,18.377895115309915,18.59909323482724,18.359461499201874,18.41476058959961,71700,0.0,0.0
2019-11-07 00:00:00-05:00,18.506927490234375,18.654392907851665,18.470062014793275,18.506927490234375,76500,0.0,0.0
2019-11-08 00:00:00-05:00,18.543794300928603,18.63595886639385,18.525360684664992,18.61752700805664,63900,0.0,0.0
2019-11-11 00:00:00-05:00,18.617527674124943,18.764993093656802,18.599094057201846,18.672826766967773,96950,0.0,0.0
2019-11-12 00:00:00-05:00,18.746558144640662,19.02305534713394,18.746558144640662,18.764991760253906,118900,0.0,0.0
2019-11-13 00:00:00-05:00,18.82028928949876,19.317984564327094,18.82028928949876,18.89402198791504,116700,0.0,0.0
2019-11-14 00:00:00-05:00,19.115223827969636,19.4838873922748,18.94932478455068,19.336421966552734,174300,0.0,0.0
2019-11-15 00:00:00-05:00,19.317985380042575,19.70508250255504,19.317985380042575,19.594484329223633,118550,0.0,0.0
2019-11-18 00:00:00-05:00,19.58523738741326,19.58523738741326,19.270837783813477,19.270837783813477,89850,0.07,0.0
2019-11-19 00:00:00-05:00,19.289332776207065,19.49276709268192,19.289332776207065,19.418790817260742,85400,0.0,0.0
2019-11-20 00:00:00-05:00,19.307827185122758,19.474274260088816,19.178369132919684,19.344816207885742,83000,0.0,0.0
2019-11-21 00:00:00-05:00,19.289330741586067,19.289330741586067,19.011918415217707,19.104389190673828,63600,0.0,0.0
2019-11-22 00:00:00-05:00,19.08589402848008,19.215353815173483,18.40161313553857,18.64203643798828,152500,0.0,0.0
2019-11-25 00:00:00-05:00,18.863970849838417,18.93794713694626,18.734512788333138,18.882465362548828,84450,0.0,0.0
2019-11-26 00:00:00-05:00,18.93794270016391,19.178366017871465,18.882460938764748,18.974931716918945,70550,0.0,0.0
2019-11-27 00:00:00-05:00,19.048908284729745,19.085895538330078,18.90095574286156,19.085895538330078,46600,0.0,0.0
2019-11-29 00:00:00-05:00,19.141380598044286,19.252344131469727,19.122886087895523,19.252344131469727,44900,0.0,0.0
2019-12-02 00:00:00-05:00,19.326322278292828,19.418793074250292,19.14138245011164,19.21535873413086,128800,0.0,0.0
2019-12-03 00:00:00-05:00,19.10439104887499,19.122885558511765,18.90095673407103,19.06740379333496,66700,0.0,0.0
2019-12-04 00:00:00-05:00,19.122889652388874,19.270842233690097,19.122889652388874,19.17837142944336,44950,0.0,0.0
2019-12-05 00:00:00-05:00,19.215357685367294,19.326321223472934,19.159874152580837,19.196863174438477,53400,0.0,0.0
2019-12-06 00:00:00-05:00,19.23384876516245,19.363308566707556,19.23384876516245,19.270837783813477,54250,0.0,0.0
2019-12-09 00:00:00-05:00,19.289333965348934,19.289333965348934,19.048910614475197,19.196863174438477,80950,0.0,0.0
2019-12-10 00:00:00-05:00,19.17837138813455,19.17837138813455,19.030418807152007,19.14138412475586,90450,0.0,0.0
2019-12-11 00:00:00-05:00,19.159876915847235,19.196865943039484,19.06740787533439,19.17837142944336,60600,0.0,0.0
2019-12-12 00:00:00-05:00,19.196863644301175,19.418792489678026,19.196863644301175,19.344816207885742,64950,0.0,0.0
2019-12-13 00:00:00-05:00,19.437282970242308,19.437282970242308,19.23384691470093,19.307823181152344,100000,0.0,0.0
2019-12-16 00:00:00-05:00,19.326319840143036,19.54824866420284,19.30782533053801,19.38180160522461,110750,0.0,0.0
2019-12-17 00:00:00-05:00,19.4927657903553,19.511260298908343,19.326318740844727,19.326318740844727,92250,0.0,0.0
2019-12-18 00:00:00-05:00,19.31703994985281,19.35415326851748,19.168590214514992,19.224258422851562,75000,0.07,0.0
2019-12-19 00:00:00-05:00,19.16859333592797,19.187149998282074,19.0015869140625,19.0015869140625,92400,0.0,0.0
2019-12-20 00:00:00-05:00,18.96446990966797,19.075806312479166,18.908799938602154,18.96446990966797,103150,0.0,0.0
2019-12-23 00:00:00-05:00,18.945916823655438,19.020141696073207,18.55623580104703,18.649017333984375,158300,0.0,0.0
2019-12-24 00:00:00-05:00,18.649017935559193,18.66757459667737,18.519123077392578,18.519123077392578,67400,0.0,0.0
2019-12-26 00:00:00-05:00,18.537678808814935,18.741798531556693,18.463453937725347,18.70468521118164,94650,0.0,0.0
2019-12-27 00:00:00-05:00,18.649020734774304,18.797470506680774,18.593352512724596,18.72324562072754,64550,0.0,0.0
2019-12-30 00:00:00-05:00,18.741800293295288,18.741800293295288,18.3521192410296,18.37067413330078,114600,0.0,0.0
2019-12-31 00:00:00-05:00,18.40778725611749,18.611905226156576,18.185112624349212,18.42634391784668,156600,0.0,0.0
2020-01-02 00:00:00-05:00,18.444901723859005,18.83458283343086,18.42634682885916,18.593353271484375,136550,0.0,0.0
2020-01-03 00:00:00-05:00,18.482007086833445,18.778906514788975,18.46345043017118,18.667570114135742,58600,0.0,0.0
2020-01-06 00:00:00-05:00,18.704685611815144,18.760353823909558,18.55623586645634,18.630460739135742,56600,0.0,0.0
2020-01-07 00:00:00-05:00,18.61190407855075,18.686128951230156,18.42634278168252,18.630460739135742,81700,0.0,0.0
2020-01-08 00:00:00-05:00,18.630461075036568,18.72324260997378,18.556236201018915,18.574792861938477,52000,0.0,0.0
2020-01-09 00:00:00-05:00,18.574794496192048,18.77891247528422,18.574794496192048,18.611906051635742,62100,0.0,0.0
2020-01-10 00:00:00-05:00,18.63046271418796,18.797469137836437,18.574794496192048,18.611906051635742,45750,0.0,0.0
2020-01-13 00:00:00-05:00,18.61190145658444,18.853132701223995,18.61190145658444,18.760351181030273,75050,0.0,0.0
2020-01-14 00:00:00-05:00,18.83458286540837,18.983032643624835,18.797471305684727,18.9088077545166,67150,0.0,0.0
2020-01-15 00:00:00-05:00,18.927360764829945,19.242816925048828,18.927360764829945,19.242816925048828,70150,0.0,0.0
2020-01-16 00:00:00-05:00,19.298484802246094,19.391266336515276,19.261373250334763,19.298484802246094,53800,0.0,0.0
2020-01-17 00:00:00-05:00,19.391266607895826,19.42837992998713,19.18714864537545,19.26137351989746,82350,0.0,0.0
2020-01-21 00:00:00-05:00,19.335595819454884,19.446932231580675,19.224257637668725,19.37270736694336,116550,0.0,0.0
2020-01-22 00:00:00-05:00,19.35415588380856,19.55827385506503,19.35415588380856,19.446935653686523,139700,0.0,0.0
2020-01-23 00:00:00-05:00,19.419010602685315,19.419010602685315,18.73012934761012,19.270063400268555,92800,0.07,0.0
2020-01-24 00:00:00-05:00,19.15835120415864,19.270062488480807,18.972166322151914,19.139732360839844,49850,0.0,0.0
2020-01-27 00:00:00-05:00,18.990787433449423,19.02802512453414,18.767366613713644,18.879077911376953,74450,0.0,0.0
2020-01-28 00:00:00-05:00,18.879077180355036,18.972167853280556,18.692892283322454,18.804603576660156,71400,0.0,0.0
2020-01-29 00:00:00-05:00,18.82322120666504,19.08387971515794,18.804604136879764,18.82322120666504,42600,0.0,0.0
2020-01-30 00:00:00-05:00,18.82322137474988,18.879077911376953,18.69289300713505,18.879077911376953,60100,0.0,0.0
2020-01-31 00:00:00-05:00,18.897693552935483,18.990785998019987,18.711510438357177,18.78598403930664,52350,0.0,0.0
2020-02-03 00:00:00-05:00,18.82321904171334,19.456245506966578,18.82321904171334,19.02802276611328,113700,0.0,0.0
2020-02-04 00:00:00-05:00,19.102492077080896,19.25143923835484,18.990780818330325,19.121110916137695,40050,0.0,0.0
2020-02-05 00:00:00-05:00,19.21420362692879,19.363150804223555,19.12111297281237,19.288677215576172,43900,0.0,0.0
2020-02-06 00:00:00-05:00,19.437629354847743,19.456248200660152,19.065261316553894,19.10249900817871,68500,0.0,0.0
2020-02-07 00:00:00-05:00,19.28868099143194,19.307299836136117,19.10249787116241,19.232826232910156,55000,0.0,0.0
2020-02-10 00:00:00-05:00,19.344533920288086,19.363150985931828,19.232822648473483,19.344533920288086,63050,0.0,0.0
2020-02-11 00:00:00-05:00,19.363154361302485,19.54933925491896,19.270063690084985,19.493484497070312,75300,0.0,0.0
2020-02-12 00:00:00-05:00,19.49348114846813,19.549335896722013,19.381769876369926,19.400388717651367,63950,0.0,0.0
2020-02-13 00:00:00-05:00,19.419003416079573,19.623805299711638,19.381765741460985,19.605186462402344,69000,0.0,0.0
2020-02-14 00:00:00-05:00,19.642429824998718,19.642429824998718,19.51209970168323,19.54933738708496,73050,0.0,0.0
2020-02-18 00:00:00-05:00,19.577359094786075,19.577359094786075,19.166385264034535,19.241107940673828,131850,0.07,0.0
2020-02-19 00:00:00-05:00,19.147700187094735,19.241103958947292,18.92353220356586,19.185062408447266,99550,0.0,0.0
2020-02-20 00:00:00-05:00,19.20374173759476,19.29714550944732,19.09165863659471,19.185062408447266,49950,0.0,0.0
2020-02-21 00:00:00-05:00,19.16638100434988,19.185062114740155,18.998254573894904,19.129018783569336,45400,0.0,0.0
2020-02-24 00:00:00-05:00,18.942218780517578,18.998260347189873,18.923537664450386,18.942218780517578,120150,0.0,0.0
2020-02-25 00:00:00-05:00,18.99825771795115,18.99825771795115,17.559844047371765,17.653247833251953,454450,0.0,0.0
2020-02-26 00:00:00-05:00,17.877415531654425,18.811449810742392,17.74665130267139,18.28839111328125,159500,0.0,0.0
2020-02-27 00:00:00-05:00,17.840055180301725,18.00818163646256,17.167549355658387,17.410398483276367,229950,0.0,0.0
2020-02-28 00:00:00-05:00,16.812616481149572,16.92470137489664,15.878582232196818,16.121431350708008,507150,0.0,0.0
2020-03-02 00:00:00-05:00,16.158792607915334,17.316996702681315,16.158792607915334,17.279634475708008,249300,0.0,0.0
2020-03-03 00:00:00-05:00,17.373033972223205,17.877411441129166,16.849975394442943,16.98073959350586,199800,0.0,0.0
2020-03-04 00:00:00-05:00,17.186228169884266,17.391716825049738,16.924699745533704,17.11150550842285,122200,0.0,0.0
2020-03-05 00:00:00-05:00,16.999427916579027,17.148873287937707,16.737897625936654,16.868661880493164,98550,0.0,0.0
2020-03-06 00:00:00-05:00,16.663165023137182,16.719206558661103,16.252189605729072,16.569761276245117,106850,0.0,0.0
2020-03-09 00:00:00-04:00,15.673092955031185,15.691772283207271,14.49620976656134,14.757739067077637,158000,0.0,0.0
2020-03-10 00:00:00-04:00,15.336842981621315,15.561010995516666,14.83246450497452,15.448927879333496,129150,0.0,0.0
2020-03-11 00:00:00-04:00,15.243437905426521,15.318160570393166,14.477530144136193,14.64565658569336,173850,0.0,0.0
2020-03-12 00:00:00-04:00,13.898430324164261,13.898430324164261,12.161126867680421,12.291891098022461,287250,0.0,0.0
2020-03-13 00:00:00-04:00,12.927033871793169,13.562177432553415,12.179806310445432,13.506134986877441,207750,0.0,0.0
2020-03-16 00:00:00-04:00,12.590781554345758,13.076479803173443,11.320495265569843,12.049041748046875,231000,0.0,0.0
2020-03-17 00:00:00-04:00,12.142443734554934,12.273208833909928,10.853476523533534,11.638065338134766,213250,0.0,0.0
2020-03-18 00:00:00-04:00,11.395215187608349,11.469937840057115,8.873323440551758,8.873323440551758,379800,0.0,0.0
2020-03-19 00:00:00-04:00,8.826278921597233,11.366892046766031,7.603020484330209,10.915227890014648,332450,0.07,0.0
2020-03-20 00:00:00-04:00,11.178699763464717,11.762099806165276,10.42592519639474,10.59529972076416,233250,0.0,0.0
2020-03-23 00:00:00-04:00,10.425921716689345,10.425921716689345,8.035863869665832,8.073502540588379,324800,0.0,0.0
2020-03-24 00:00:00-04:00,8.562806032802758,10.162450869321766,8.562806032802758,9.50377368927002,187700,0.0,0.0
2020-03-25 00:00:00-04:00,9.823704534864296,12.891260121006315,9.823704534864296,10.388285636901855,279050,0.0,0.0
2020-03-26 00:00:00-04:00,10.689392032837837,13.587572282892053,10.689392032837837,11.68681812286377,420600,0.0,0.0
2020-03-27 00:00:00-04:00,11.517444577267709,12.910077257392537,11.310432326779257,11.667999267578125,206750,0.0,0.0
2020-03-30 00:00:00-04:00,11.55508562391076,11.668001664842887,10.350646956591147,10.388285636901855,173750,0.0,0.0
2020-03-31 00:00:00-04:00,10.557660066805914,11.59272421617784,10.218911049205317,10.576478958129883,115000,0.0,0.0
2020-04-01 00:00:00-04:00,10.011896187867274,10.35064422113988,9.409676564672619,9.50377368927002,155700,0.0,0.0
2020-04-02 00:00:00-04:00,9.484954850238791,9.748425569029653,9.240303019816032,9.315580368041992,121800,0.0,0.0
2020-04-03 00:00:00-04:00,9.409678587596197,9.409678587596197,8.468710728836578,8.920374870300293,182650,0.0,0.0
2020-04-06 00:00:00-04:00,9.27794261844262,10.181271784544423,9.27794261844262,9.541414260864258,152550,0.0,0.0
2020-04-07 00:00:00-04:00,10.105994929769725,11.065782608931777,10.030717570311161,10.915227890014648,205350,0.0,0.0
2020-04-08 00:00:00-04:00,11.197513598580986,12.2513980548636,10.93404293319863,11.837371826171875,166500,0.0,0.0
2020-04-09 00:00:00-04:00,12.36431700759502,13.154729192536177,11.64918127622383,12.044387817382812,251150,0.0,0.0
2020-04-13 00:00:00-04:00,12.157302908463716,12.364316056328908,10.858767358471269,11.667999267578125,175050,0.0,0.0
2020-04-14 00:00:00-04:00,11.87501332906416,12.251400981174854,11.460987898856887,12.044387817382812,147100,0.0,0.0
2020-04-15 00:00:00-04:00,11.498624755032674,12.006747242217337,10.971682484400555,11.630359649658203,140550,0.0,0.0
2020-04-16 00:00:00-04:00,11.686819131877554,11.875012496042904,11.141057927109667,11.197515487670898,129400,0.0,0.0
2020-04-17 00:00:00-04:00,11.724458824947718,11.931471992231813,11.084600433729687,11.310433387756348,189200,0.0,0.0
2020-04-20 00:00:00-04:00,11.310433273489261,11.818555844506346,11.216336135480729,11.59272289276123,120300,0.0,0.0
2020-04-21 00:00:00-04:00,11.442168305447009,11.51744565766362,11.122239109837992,11.310433387756348,115350,0.0,0.0
2020-04-22 00:00:00-04:00,11.611544679738538,11.762099408588151,11.21633806781982,11.404531478881836,117950,0.0,0.0
2020-04-23 00:00:00-04:00,11.503864020313936,11.598468527291136,11.068684912206612,11.238972663879395,128550,0.065,0.0
2020-04-24 00:00:00-04:00,11.257892285783134,11.693071365356445,11.23897192695754,11.693071365356445,133850,0.0,0.0
2020-04-27 00:00:00-04:00,11.73091392575969,12.109331056980768,11.711993565417139,11.787676811218262,164300,0.0,0.0
2020-04-28 00:00:00-04:00,12.14717205966484,12.393143047067309,11.844439091917438,11.863359451293945,130550,0.0,0.0
2020-04-29 00:00:00-04:00,12.298536801246662,13.036448756701182,12.185011954424064,12.790478706359863,176800,0.0,0.0
2020-04-30 00:00:00-04:00,12.733715831840923,13.112131987916246,12.317458060158069,12.790478706359863,139050,0.0,0.0
2020-05-01 00:00:00-04:00,12.487746298860808,12.601271158588633,12.203933698433552,12.393142700195312,113900,0.0,0.0
2020-05-04 00:00:00-04:00,12.222854077027447,12.374220545736156,11.693070534331644,12.014724731445312,151850,0.0,0.0
2020-05-05 00:00:00-04:00,11.901199142592224,12.506665882131568,10.595662077539284,10.879474639892578,246400,0.0,0.0
2020-05-06 00:00:00-04:00,11.10652712641783,11.976885389013605,11.10652712641783,11.579547882080078,132550,0.0,0.0
2020-05-07 00:00:00-04:00,11.768756003901878,12.14717314976097,11.466023008986998,11.579547882080078,130400,0.0,0.0
2020-05-08 00:00:00-04:00,11.901198753703545,12.147169693186632,11.768752655009136,11.976881980895996,79150,0.0,0.0
2020-05-11 00:00:00-04:00,12.052565215166654,12.468823867184835,11.806594275539114,12.071486473083496,98650,0.0,0.0
2020-05-12 00:00:00-04:00,12.203931669640452,12.374219382031093,12.014723601548205,12.071486473083496,91700,0.0,0.0
2020-05-13 00:00:00-04:00,12.071489538986883,12.071489538986883,11.352497795412388,11.503864288330078,106100,0.0,0.0
2020-05-14 00:00:00-04:00,11.333577040900199,11.693072928807645,10.955160791637365,11.617389678955078,143700,0.0,0.0
2020-05-15 00:00:00-04:00,11.560625733087244,12.052566773742365,11.50386285421167,11.806595802307129,70300,0.0,0.0
2020-05-18 00:00:00-04:00,12.039590180871016,12.267828642371171,11.906451531798773,12.153709411621094,63200,0.065,0.0
2020-05-19 00:00:00-04:00,12.210769480465647,12.477047685549161,12.05861050613221,12.153709411621094,56750,0.0,0.0
2020-05-20 00:00:00-04:00,12.286848147827186,12.629205817234572,12.286848147827186,12.553126335144043,64950,0.0,0.0
2020-05-21 00:00:00-04:00,12.572148200234013,12.743326602451326,12.55312787391038,12.64822769165039,48450,0.0,0.0
2020-05-22 00:00:00-04:00,12.648225495112275,12.743324389397978,12.439006476581453,12.667244911193848,58800,0.0,0.0
2020-05-26 00:00:00-04:00,12.781364266781504,13.313921526911075,12.781364266781504,12.933524131774902,103400,0.0,0.0
2020-05-27 00:00:00-04:00,13.313921946708655,14.56923429717786,13.275882205995616,14.474135398864746,134200,0.0,0.0
2020-05-28 00:00:00-04:00,14.759434250234788,14.759434250234788,13.713339995938933,13.903538703918457,131100,0.0,0.0
2020-05-29 00:00:00-04:00,13.922559427774987,13.979618588337,13.18078308495677,13.332942962646484,111600,0.0,0.0
2020-06-01 00:00:00-04:00,13.313921465661538,13.561180224832023,12.515086032611618,13.485100746154785,208150,0.0,0.0
2020-06-02 00:00:00-04:00,13.561180224832023,13.61823938037049,13.256861403184148,13.485100746154785,65800,0.0,0.0
2020-06-03 00:00:00-04:00,13.827458031530119,14.321975536686102,13.694318493925302,13.922557830810547,146900,0.0,0.0
2020-06-04 00:00:00-04:00,13.960600239905963,14.588256495803368,13.751381185627135,14.340997695922852,88900,0.0,0.0
2020-06-05 00:00:00-04:00,14.778454608375245,15.291991606081758,14.683354794861838,14.721394538879395,138850,0.0,0.0
2020-06-08 00:00:00-04:00,15.558268547058107,15.729447824686327,15.196889668981237,15.558268547058105,110100,0.0,0.0
2020-06-09 00:00:00-04:00,15.558270034425963,15.558270034425963,14.683354146761541,15.177871704101562,166150,0.0,0.0
2020-06-10 00:00:00-04:00,15.139831450700035,15.387090221023533,14.32197656455958,14.531194686889648,102850,0.0,0.0
2020-06-11 00:00:00-04:00,13.979618844796278,14.207857305109428,13.161763908537978,13.313922882080078,174850,0.0,0.0
2020-06-12 00:00:00-04:00,13.903537294692384,14.455113945396132,13.82745781921179,14.074716567993164,109050,0.0,0.0
2020-06-15 00:00:00-04:00,13.61823951641315,14.854532417676891,13.409021401430174,14.226876258850098,112400,0.0,0.0
2020-06-16 00:00:00-04:00,14.7404146194458,15.120812053301051,14.340996860428277,14.7404146194458,137300,0.0,0.0
2020-06-17 00:00:00-04:00,14.854533354706305,14.873553679234893,14.360016707169876,14.43609619140625,86200,0.0,0.0
2020-06-18 00:00:00-04:00,14.288058392598549,14.689193793646785,14.192549616791181,14.230752944946289,79350,0.065,0.0
2020-06-19 00:00:00-04:00,14.34536331904313,14.47907450730831,13.715007061127677,14.039735794067383,87800,0.0,0.0
2020-06-22 00:00:00-04:00,13.944227824185392,14.13524445653605,13.753210280995582,14.097041130065918,92550,0.0,0.0
2020-06-23 00:00:00-04:00,14.154346130399858,14.154346130399858,13.848719508575691,13.886922836303711,55900,0.0,0.0
2020-06-24 00:00:00-04:00,13.886922696279807,13.886922696279807,12.702618637813492,13.523990631103516,156600,0.0,0.0
2020-06-25 00:00:00-04:00,13.504889665396245,13.810516289627715,13.21836424975965,13.428483009338379,84750,0.0,0.0
2020-06-26 00:00:00-04:00,13.237464266435277,13.65770174775398,13.141956410382193,13.543091773986816,59050,0.0,0.0
2020-06-29 00:00:00-04:00,13.61949879723696,13.81051542542868,13.06555012006141,13.791413307189941,111000,0.0,0.0
2020-06-30 00:00:00-04:00,13.695905089061409,14.154344984689672,13.638599646688323,13.96332836151123,89650,0.0,0.0
2020-07-01 00:00:00-04:00,14.077941029583302,14.154347693477,13.504891050380571,13.638602256774902,113900,0.0,0.0
2020-07-02 00:00:00-04:00,13.925126023622617,13.944228142713609,13.256567339703839,13.523990631103516,71350,0.0,0.0
2020-07-06 00:00:00-04:00,13.734109476429047,13.791414012397196,13.409380736478948,13.485787391662598,101350,0.0,0.0
2020-07-07 00:00:00-04:00,13.46668557618764,13.485786783702853,13.180160176746368,13.33297348022461,71300,0.0,0.0
2020-07-08 00:00:00-04:00,13.313872137125896,13.543093016529737,13.294770928498435,13.409380912780762,49700,0.0,0.0
2020-07-09 00:00:00-04:00,13.447583275811477,13.447583275811477,12.950940046229578,12.989143371582031,76800,0.0,0.0
2020-07-10 00:00:00-04:00,13.02734618891424,13.371176103678179,12.98914286505158,13.218362808227539,49900,0.0,0.0
2020-07-13 00:00:00-04:00,13.35207462310791,13.581295488054847,13.141956787261988,13.35207462310791,86700,0.0,0.0
2020-07-14 00:00:00-04:00,13.2565661320902,13.352073986327305,12.970040747700706,13.218362808227539,55450,0.0,0.0
2020-07-15 00:00:00-04:00,13.390278142638438,13.848718026306514,13.352073908160348,13.695904731750488,91250,0.0,0.0
2020-07-16 00:00:00-04:00,13.676804576023127,14.077939987182617,13.600397917786959,14.077939987182617,72650,0.0,0.0
2020-07-17 00:00:00-04:00,14.13524454403825,14.13524454403825,13.944227910505129,14.058837890625,40250,0.0,0.0
2020-07-20 00:00:00-04:00,14.001531922811541,14.097040691434678,13.60039655193696,13.867820739746094,93450,0.0,0.0
2020-07-21 00:00:00-04:00,13.886922690302338,14.402668064627877,13.886922690302338,14.383566856384277,72000,0.0,0.0
2020-07-22 00:00:00-04:00,14.345364463571556,14.880211080982713,14.23075356328708,14.78470230102539,92300,0.0,0.0
2020-07-23 00:00:00-04:00,14.693586451383348,14.71276911855514,14.022208649929212,14.271577835083008,77800,0.065,0.0
2020-07-24 00:00:00-04:00,14.214029839110786,14.214029839110786,13.96466158458663,14.041390419006348,32750,0.0,0.0
2020-07-27 00:00:00-04:00,14.098936603373314,14.156483686592898,13.504287678610288,13.734474182128906,86450,0.0,0.0
2020-07-28 00:00:00-04:00,13.715292889918821,14.003026486288006,13.581016967698565,13.90711498260498,33150,0.0,0.0
2020-07-29 00:00:00-04:00,13.983843795335707,14.386670646615327,13.964662043440429,14.022208213806152,72300,0.0,0.0
2020-07-30 00:00:00-04:00,13.868750508343046,14.4250350322377,13.868750508343046,14.175665855407715,107300,0.0,0.0
2020-07-31 00:00:00-04:00,14.098937075291142,14.271577416048629,13.753657308456054,13.90711498260498,89450,0.0,0.0
2020-08-03 00:00:00-04:00,13.907114950412838,14.252394716448674,13.830386113515985,14.060572624206543,84200,0.0,0.0
2020-08-04 00:00:00-04:00,14.079752915751703,14.252392312308299,13.92629526784374,14.233210563659668,77950,0.0,0.0
2020-08-05 00:00:00-04:00,14.38666916718537,14.444216246313221,14.194847094558858,14.309940338134766,38300,0.0,0.0
2020-08-06 00:00:00-04:00,14.30994271557092,14.482583066956932,14.214031205983147,14.405854225158691,63400,0.0,0.0
2020-08-07 00:00:00-04:00,14.405851795295403,14.731948860594517,14.367486466187493,14.655220031738281,78550,0.0,0.0
2020-08-10 00:00:00-04:00,14.789496443150018,14.962136771294746,14.636038780212402,14.636038780212402,85750,0.0,0.0
2020-08-11 00:00:00-04:00,14.808678673045451,15.038866089583038,14.425034503282557,14.540127754211426,59650,0.0,0.0
2020-08-12 00:00:00-04:00,14.731950337985694,14.789497422738867,14.329123488753128,14.559310913085938,65800,0.0,0.0
2020-08-13 00:00:00-04:00,14.540128717001982,14.770315234101771,14.425035458452088,14.501764297485352,40450,0.0,0.0
2020-08-14 00:00:00-04:00,14.559309453007877,14.789495939576591,14.52094503857976,14.655220031738281,72100,0.0,0.0
2020-08-17 00:00:00-04:00,14.731950750937205,14.84704400898985,14.674404579250835,14.770315170288086,82000,0.0,0.0
2020-08-18 00:00:00-04:00,14.847042614836848,14.904589695799393,14.501762873101045,14.597674369812012,99600,0.0,0.0
2020-08-19 00:00:00-04:00,14.597673867435997,14.731948860594517,14.52094503857976,14.655220031738281,67200,0.0,0.0
2020-08-20 00:00:00-04:00,14.636039726073387,14.751132980714555,14.578492641412863,14.67440414428711,68650,0.0,0.0
2020-08-21 00:00:00-04:00,14.659954794040111,14.717746478859416,14.197616722574322,14.370993614196777,113550,0.065,0.0
2020-08-24 00:00:00-04:00,14.525107457372147,14.737012466351661,14.274674348449299,14.640691757202148,99050,0.0,0.0
2020-08-25 00:00:00-04:00,14.698482773874298,14.756274458236572,14.274672801833736,14.621426582336426,77750,0.0,0.0
2020-08-26 00:00:00-04:00,14.640691663168392,14.640691663168392,14.35173045615814,14.467315673828125,40500,0.0,0.0
2020-08-27 00:00:00-04:00,14.448051238387645,14.833332237311705,14.448051238387645,14.582900047302246,71050,0.0,0.0
2020-08-28 00:00:00-04:00,14.71774673461914,14.79480292810545,14.467314565079782,14.71774673461914,29250,0.0,0.0
2020-08-31 00:00:00-04:00,14.794804502111333,14.794804502111333,14.544372305928718,14.679220199584961,90400,0.0,0.0
2020-09-01 00:00:00-04:00,14.621429506411491,14.737013816833496,14.486580684961263,14.737013816833496,70800,0.0,0.0
2020-09-02 00:00:00-04:00,14.6599569999291,14.814069407412957,14.544372694316209,14.775541305541992,70150,0.0,0.0
2020-09-03 00:00:00-04:00,14.775541393164147,14.794804984922662,14.197618943090076,14.409523963928223,126650,0.0,0.0
2020-09-04 00:00:00-04:00,14.563636649838536,14.602164752672138,13.812338185292054,14.332468032836914,117000,0.0,0.0
2020-09-08 00:00:00-04:00,14.120561599731445,14.216882306500702,13.927921104775272,14.120561599731445,79700,0.0,0.0
2020-09-09 00:00:00-04:00,14.236146994467488,14.448052014550637,14.197618892505314,14.351731300354004,71400,0.0,0.0
2020-09-10 00:00:00-04:00,14.467316524822929,14.525108218474982,14.31320319839183,14.351731300354004,39300,0.0,0.0
2020-09-11 00:00:00-04:00,14.332467005907608,14.486579406199782,14.15909009628773,14.216882705688477,53900,0.0,0.0
2020-09-14 00:00:00-04:00,14.351729794869728,14.62142739889629,14.139825715597544,14.448050498962402,68800,0.0,0.0
2020-09-15 00:00:00-04:00,14.467316643277108,14.756276951068116,14.448052132847085,14.525108337402344,52100,0.0,0.0
2020-09-16 00:00:00-04:00,14.525107511098884,14.910388511957331,14.525107511098884,14.698484420776367,92700,0.0,0.0
2020-09-17 00:00:00-04:00,14.698484420776367,14.929653021291434,14.679219911442262,14.698484420776367,59550,0.0,0.0
2020-09-18 00:00:00-04:00,14.698485101800065,14.8718611009282,14.640692489702415,14.775541305541992,85800,0.0,0.0
2020-09-21 00:00:00-04:00,14.582900211004759,14.92965311392894,14.448051400576393,14.87186050415039,144750,0.0,0.0
2020-09-22 00:00:00-04:00,14.896041234318682,14.896041234318682,14.238294570020875,14.373712539672852,97800,0.065,0.0
2020-09-23 00:00:00-04:00,14.412403551729422,14.605859375886116,14.199603621102238,14.23829460144043,73200,0.0,0.0
2020-09-24 00:00:00-04:00,14.296331328315445,14.296331328315445,13.715966594111318,13.948112487792969,107950,0.0,0.0
2020-09-25 00:00:00-04:00,13.92876705924805,14.122222900390625,13.851385091777347,14.122222900390625,42800,0.0,0.0
2020-09-28 00:00:00-04:00,14.238294849928606,14.76062355484279,14.238294849928606,14.528477668762207,74000,0.0,0.0
2020-09-29 00:00:00-04:00,14.683241595746997,14.702586625024699,14.393058776855469,14.393058776855469,52500,0.0,0.0
2020-09-30 00:00:00-04:00,14.54782186358256,14.702585778759124,14.23829403322943,14.335021018981934,74950,0.0,0.0
2020-10-01 00:00:00-04:00,14.470441111904044,14.702587004015019,14.412404177643412,14.625205039978027,42250,0.0,0.0
2020-10-02 00:00:00-04:00,14.509133272929798,14.876698093206588,14.412405348790593,14.779970169067383,56350,0.0,0.0
2020-10-05 00:00:00-04:00,14.818660361366199,14.896042327550946,14.68324238177579,14.721933364868164,49100,0.0,0.0
2020-10-06 00:00:00-04:00,14.857351344458571,14.93473331064332,14.721933364868164,14.721933364868164,38600,0.0,0.0
2020-10-07 00:00:00-04:00,14.741275940570537,14.83800384342794,14.567167006879117,14.683239936828613,66450,0.0,0.0
2020-10-08 00:00:00-04:00,14.799316122881564,14.896043124554918,14.721934152556539,14.779970169067383,41000,0.0,0.0
2020-10-09 00:00:00-04:00,14.8766957586043,14.8766957586043,14.760622821332108,14.818658828735352,37700,0.0,0.0
2020-10-12 00:00:00-04:00,14.857350509043716,14.896041489960533,14.741277566293267,14.799314498901367,66650,0.0,0.0
2020-10-13 00:00:00-04:00,14.81865898623051,14.896040945234398,14.605859060202672,14.76062297821045,45650,0.0,0.0
2020-10-14 00:00:00-04:00,14.896042583404173,14.95407952027247,14.741278648376465,14.741278648376465,71000,0.0,0.0
2020-10-15 00:00:00-04:00,14.644550039704615,14.81865898623051,14.547822129716897,14.76062297821045,56600,0.0,0.0
2020-10-16 00:00:00-04:00,14.818661803749054,15.089499634223627,14.741279830032289,14.89604377746582,110350,0.0,0.0
2020-10-19 00:00:00-04:00,14.876696173455821,15.03146009413449,14.702586301459453,14.915387153625488,135650,0.0,0.0
2020-10-20 00:00:00-04:00,15.070149954948512,15.070149954948512,14.89604009588439,14.973422050476074,139000,0.0,0.0
2020-10-21 00:00:00-04:00,15.031461187764505,15.031461187764505,14.644551357917795,14.857351303100586,130050,0.0,0.0
2020-10-22 00:00:00-04:00,14.862208519353622,14.862208519353622,14.376515436540668,14.648503303527832,109100,0.065,0.0
2020-10-23 00:00:00-04:00,14.648503530922829,14.959346812304942,14.648503530922829,14.706787109375,49850,0.0,0.0
2020-10-26 00:00:00-04:00,14.59022071208491,14.609647953756207,13.735400771668969,13.890822410583496,231200,0.0,0.0
2020-10-27 00:00:00-04:00,13.92967706845932,14.609647165202086,13.754827270924954,13.949104309082031,127800,0.0,0.0
2020-10-28 00:00:00-04:00,13.949104186015047,14.065670407880878,13.657689094543457,13.657689094543457,139150,0.0,0.0
2020-10-29 00:00:00-04:00,13.677116455662123,13.987959716713448,13.541122065759174,13.949104309082031,76950,0.0,0.0
2020-10-30 00:00:00-04:00,13.96853247878807,14.298803906911873,13.929677071149152,14.201664924621582,75400,0.0,0.0
2020-11-02 00:00:00-05:00,14.376515014231819,14.570792056372921,14.24052062154004,14.279376029968262,75700,0.0,0.0
2020-11-03 00:00:00-05:00,14.39594258004304,14.551364217262424,14.104527473449707,14.104527473449707,74750,0.0,0.0
2020-11-04 00:00:00-05:00,14.182237601987731,14.5319362687159,14.085098620259137,14.434797286987305,64100,0.0,0.0
2020-11-05 00:00:00-05:00,14.609646372178641,14.823351565744332,14.551362800702202,14.745640754699707,73200,0.0,0.0
2020-11-06 00:00:00-05:00,14.76506981919927,14.76506981919927,14.454226536601197,14.726214408874512,50200,0.0,0.0
2020-11-09 00:00:00-05:00,15.056484506153565,15.386755927413528,14.667930437839475,14.881634712219238,168350,0.0,0.0
2020-11-10 00:00:00-05:00,14.978774271779335,15.445039171788554,14.842779879416975,15.289617538452148,129550,0.0,0.0
2020-11-11 00:00:00-05:00,15.542178434914238,16.241575797487442,15.386756798786859,15.87244987487793,163400,0.0,0.0
2020-11-12 00:00:00-05:00,15.639318080520837,16.105583008575024,15.425612858636304,15.794739723205566,113500,0.0,0.0
2020-11-13 00:00:00-05:00,15.833594386754248,16.241576666613753,15.717029079807046,16.10558319091797,127650,0.0,0.0
2020-11-16 00:00:00-05:00,16.29986031867403,16.8244078779921,16.183293165063315,16.396997451782227,169150,0.0,0.0
2020-11-17 00:00:00-05:00,16.45528355941264,16.630133380491056,16.28043373833422,16.299861907958984,185500,0.0,0.0
2020-11-18 00:00:00-05:00,16.474710073733128,16.66898806676495,16.31928842041657,16.358144760131836,120450,0.0,0.0
2020-11-19 00:00:00-05:00,16.36302132719518,16.48003831177932,16.089978596579794,16.285009384155273,94450,0.065,0.0
2020-11-20 00:00:00-05:00,16.206992000108347,16.441027750657643,16.10947663905844,16.187488555908203,92400,0.0,0.0
2020-11-23 00:00:00-05:00,16.187488555908203,16.382517418057212,16.187488555908203,16.187488555908203,55150,0.0,0.0
2020-11-24 00:00:00-05:00,16.2459997268612,16.402023586474787,16.148484349614932,16.304508209228516,110550,0.0,0.0
2020-11-25 00:00:00-05:00,16.304506876998786,16.59705298483386,16.265501845258022,16.519041061401367,93000,0.0,0.0
2020-11-27 00:00:00-05:00,16.57754978708013,16.772580528555586,16.42152593788016,16.558046340942383,77350,0.0,0.0
2020-11-30 00:00:00-05:00,16.480038838913007,16.67506963272678,16.265506453679052,16.363021850585938,92650,0.0,0.0
2020-12-01 00:00:00-05:00,16.4800390767882,16.61656137840902,16.382523678473763,16.402027130126953,137900,0.0,0.0
2020-12-02 00:00:00-05:00,16.44103074630394,16.69456998724963,16.402023850796382,16.48003578186035,89200,0.0,0.0
2020-12-03 00:00:00-05:00,16.519043500230687,16.83109124003059,16.499540051505384,16.597055435180664,72750,0.0,0.0
2020-12-04 00:00:00-05:00,16.69456751495026,17.00661519299498,16.597052150573568,16.948104858398438,92850,0.0,0.0
2020-12-07 00:00:00-05:00,17.02612234145656,17.02612234145656,16.53854722020131,16.772584915161133,100800,0.0,0.0
2020-12-08 00:00:00-05:00,16.792082932916855,16.850593274180937,16.636059076114808,16.811586380004883,62350,0.0,0.0
2020-12-09 00:00:00-05:00,16.909103963195196,16.909103963195196,16.577552759214797,16.850595474243164,98600,0.0,0.0
2020-12-10 00:00:00-05:00,16.772580528555586,16.811585560880083,16.38251904560467,16.558046340942383,181950,0.0,0.0
2020-12-11 00:00:00-05:00,16.61655775669466,16.79208320346162,16.480035484829983,16.71407127380371,85150,0.0,0.0
2020-12-14 00:00:00-05:00,16.85059437548674,17.065126727622996,16.73357554526165,16.831090927124023,111000,0.0,0.0
2020-12-15 00:00:00-05:00,16.948108604717028,17.435683674426336,16.90910356631495,17.3576717376709,96700,0.0,0.0
2020-12-16 00:00:00-05:00,17.29916110402409,17.630712259091553,17.221149176946515,17.31866455078125,103300,0.0,0.0
2020-12-17 00:00:00-05:00,17.357672227649754,17.76723537216493,17.338170637873862,17.70872688293457,69250,0.0,0.0
2020-12-18 00:00:00-05:00,17.78673528687805,17.98176602548642,17.35766877791021,17.747730255126953,144250,0.0,0.0
2020-12-21 00:00:00-05:00,17.689220467582604,17.728227360497502,17.357669317610075,17.416179656982422,121500,0.0,0.0
2020-12-22 00:00:00-05:00,17.460221825643924,17.499369334031403,17.16660897913051,17.26447868347168,97800,0.065,0.0
2020-12-23 00:00:00-05:00,17.24490608555242,17.342775791158623,17.14703451320124,17.186182022094727,83050,0.0,0.0
2020-12-24 00:00:00-05:00,17.264480463197675,17.264480463197675,16.853421315657485,16.990442276000977,67050,0.0,0.0
2020-12-28 00:00:00-05:00,17.264481292749522,17.518946669334237,16.951293711336096,17.029590606689453,82950,0.0,0.0
2020-12-29 00:00:00-05:00,17.107885343486608,17.401500064074316,17.049163146067066,17.284053802490234,79400,0.0,0.0
2020-12-30 00:00:00-05:00,17.38192537601947,17.46022226149386,17.24490629312554,17.284053802490234,64650,0.0,0.0
2020-12-31 00:00:00-05:00,17.362350032164116,17.421072227365638,17.068737189411575,17.342775344848633,77600,0.0,0.0
2021-01-04 00:00:00-05:00,17.440648261168562,17.479797638822014,16.833847841500592,17.049163818359375,99650,0.0,0.0
2021-01-05 00:00:00-05:00,17.088310655431762,17.362350687964625,17.06873783412191,17.284053802490234,58450,0.0,0.0
2021-01-06 00:00:00-05:00,17.303629148583774,17.479797614286902,17.088311305282144,17.225332260131836,65550,0.0,0.0
2021-01-07 00:00:00-05:00,17.2253326898628,17.421073982503383,17.107886420882352,17.24490737915039,60500,0.0,0.0
2021-01-08 00:00:00-05:00,17.401501063787897,17.59724235534668,17.20575790548401,17.59724235534668,117250,0.0,0.0
2021-01-11 00:00:00-05:00,17.479799230411263,17.753837431957173,17.401502334720252,17.655967712402344,87500,0.0,0.0
2021-01-12 00:00:00-05:00,17.655967712402344,17.7929868131753,17.577668949966093,17.655967712402344,56000,0.0,0.0
2021-01-13 00:00:00-05:00,17.714688596416384,17.812560175417712,17.577667639116488,17.77341079711914,52450,0.0,0.0
2021-01-14 00:00:00-05:00,17.8712791602254,18.164891977649333,17.832129788971667,18.067020416259766,75550,0.0,0.0
2021-01-15 00:00:00-05:00,18.008301412864395,18.184469881191347,17.851707633628234,18.125747680664062,81550,0.0,0.0
2021-01-19 00:00:00-05:00,18.184469203037818,18.47808206146964,17.96915323130415,18.360637664794922,107350,0.0,0.0
2021-01-20 00:00:00-05:00,18.43893453161395,18.615102993181125,18.125746985158983,18.536806106567383,101250,0.0,0.0
2021-01-21 00:00:00-05:00,18.58100123163831,18.60064333147137,18.364943752995842,18.42386817932129,104900,0.065,0.0
2021-01-22 00:00:00-05:00,18.423865724772224,18.443507821988437,18.08995756479057,18.306015014648438,86500,0.0,0.0
2021-01-25 00:00:00-05:00,18.38458397965516,18.541717031972183,18.20781070067882,18.42386817932129,75200,0.0,0.0
2021-01-26 00:00:00-05:00,18.42386579565536,18.63992324634448,18.30601508507816,18.46314811706543,100350,0.0,0.0
2021-01-27 00:00:00-05:00,18.423866205034436,18.777416471448436,18.168524554088048,18.266733169555664,84150,0.0,0.0
2021-01-28 00:00:00-05:00,18.28637629951229,18.404225146186924,17.73640877111852,17.854259490966797,121850,0.0,0.0
2021-01-29 00:00:00-05:00,17.716768545455178,18.07031695865272,17.716768545455178,17.854259490966797,86200,0.0,0.0
2021-02-01 00:00:00-05:00,17.913183972055876,18.050674918010763,17.775693026100985,18.01139259338379,106150,0.0,0.0
2021-02-02 00:00:00-05:00,18.031033397923,18.46314830366853,18.031033397923,18.286375045776367,82100,0.0,0.0
2021-02-03 00:00:00-05:00,18.345297254200478,18.639921188354492,18.227446556634895,18.639921188354492,79000,0.0,0.0
2021-02-04 00:00:00-05:00,18.639927243329026,19.111326440373592,18.364945314973316,18.934553146362305,127400,0.0,0.0
2021-02-05 00:00:00-05:00,18.718492258457683,19.523799623073913,18.6202836320761,19.386308670043945,122250,0.0,0.0
2021-02-08 00:00:00-05:00,19.60236498994626,19.838066428588395,19.24881657833033,19.484516143798828,147950,0.0,0.0
2021-02-09 00:00:00-05:00,19.405946564511176,19.425588660165623,18.97382982598006,19.0916805267334,110000,0.0,0.0
2021-02-10 00:00:00-05:00,19.17025074904338,19.563083372348835,19.13096655012598,19.42559242248535,131100,0.0,0.0
2021-02-11 00:00:00-05:00,19.52380078978565,19.641651523120874,19.189894437212544,19.288101196289062,100750,0.0,0.0
2021-02-12 00:00:00-05:00,19.347024218827272,19.582723772355784,19.13096488987932,19.405948638916016,129850,0.0,0.0
2021-02-16 00:00:00-05:00,19.56852900269531,19.607940972864945,19.21381187438965,19.21381187438965,94950,0.065,0.0
2021-02-17 00:00:00-05:00,19.233516185835672,19.450286690704868,19.075864567866162,19.095569610595703,86700,0.0,0.0
2021-02-18 00:00:00-05:00,19.11527804644708,19.272929676901253,19.016745307574308,19.134984970092773,50350,0.0,0.0
2021-02-19 00:00:00-05:00,19.25322463261124,19.272929676901253,19.095571122801392,19.134984970092773,61050,0.0,0.0
2021-02-22 00:00:00-05:00,19.075866542084842,19.41087673478015,19.075866542084842,19.272930145263672,68800,0.0,0.0
2021-02-23 00:00:00-05:00,19.33205154361013,19.37146351377977,18.93792056577905,19.21381187438965,73700,0.0,0.0
2021-02-24 00:00:00-05:00,19.253224508766284,19.46999502940749,19.233517585247355,19.332050323486328,76800,0.0,0.0
2021-02-25 00:00:00-05:00,19.351754585864015,19.568526977103566,18.957625528186096,19.03645133972168,93300,0.0,0.0
2021-02-26 00:00:00-05:00,19.233519197754585,19.39117084041193,19.11527952608366,19.17439842224121,100300,0.0,0.0
2021-03-01 00:00:00-05:00,19.58823328390913,19.72617987251063,19.351755834049612,19.469995498657227,132450,0.0,0.0
2021-03-02 00:00:00-05:00,19.548822204138382,19.78529966475024,19.410877488620415,19.56852912902832,112000,0.0,0.0
2021-03-03 00:00:00-05:00,19.647352808633823,19.864123320738383,19.489701185402215,19.588232040405273,129300,0.0,0.0
2021-03-04 00:00:00-05:00,19.7064728769276,19.765591769338783,18.977333606003963,19.29263687133789,132250,0.0,0.0
2021-03-05 00:00:00-05:00,19.292634480468017,19.292634480468017,18.366429843814178,19.15468978881836,161350,0.0,0.0
2021-03-08 00:00:00-05:00,19.391168988790618,19.647353353485265,19.213810437897738,19.351755142211914,116300,0.0,0.0
2021-03-09 00:00:00-05:00,19.509408866209498,20.080896547520723,19.391171072479366,19.883832931518555,147550,0.0,0.0
2021-03-10 00:00:00-05:00,19.982365679197564,20.297668968285706,19.844419080704615,19.883832931518555,101850,0.0,0.0
2021-03-11 00:00:00-05:00,20.120309366604584,20.179428260438147,19.903538836311014,19.982364654541016,70600,0.0,0.0
2021-03-12 00:00:00-05:00,20.100600578810056,20.159719467163086,20.002067845317956,20.159719467163086,87200,0.0,0.0
2021-03-15 00:00:00-04:00,20.277958619580165,20.475024081669844,20.120307001650634,20.396198272705078,167100,0.0,0.0
2021-03-16 00:00:00-04:00,20.475025650093745,20.475025650093745,20.02177580430994,20.061189651489258,109900,0.0,0.0
2021-03-17 00:00:00-04:00,20.066130419968882,20.085900459822494,19.82889559784989,19.927743911743164,83850,0.065,0.0
2021-03-18 00:00:00-04:00,20.145208634783543,20.145208634783543,19.670738991940453,19.73004722595215,78650,0.0,0.0
2021-03-19 00:00:00-04:00,19.6905097705587,19.76958804733304,19.176500028838085,19.59166145324707,144100,0.0,0.0
2021-03-22 00:00:00-04:00,19.74981686322377,19.848665174811796,19.532352086029892,19.650968551635742,80050,0.0,0.0
2021-03-23 00:00:00-04:00,19.393967794012717,19.67074083559117,19.295119471145437,19.334657669067383,92200,0.0,0.0
2021-03-24 00:00:00-04:00,19.492813833564398,19.76958875486751,19.196270756391346,19.255578994750977,77000,0.0,0.0
2021-03-25 00:00:00-04:00,19.27534792603993,19.571890986136783,18.919494745623876,19.413734436035156,89950,0.0,0.0
2021-03-26 00:00:00-04:00,19.730047991893702,19.828896309333768,19.43350492494834,19.690509796142578,102700,0.0,0.0
2021-03-29 00:00:00-04:00,19.769587672375188,19.828895907487368,19.512582806389336,19.611431121826172,91900,0.0,0.0
2021-03-30 00:00:00-04:00,19.631201559828476,19.88820643102271,19.611431519265494,19.690509796142578,66300,0.0,0.0
2021-03-31 00:00:00-04:00,19.69050939710068,19.947514263086532,19.611431121826172,19.611431121826172,76600,0.0,0.0
2021-04-01 00:00:00-04:00,19.769587785767055,20.1254409692308,19.769587785767055,20.105670928955078,89900,0.0,0.0
2021-04-05 00:00:00-04:00,20.16497879870429,20.26382711291542,20.105670564327525,20.224287033081055,82000,0.0,0.0
2021-04-06 00:00:00-04:00,20.00682342261843,20.441754899411738,20.00682342261843,20.3626766204834,108200,0.0,0.0
2021-04-07 00:00:00-04:00,20.54060324320197,20.659219719044394,20.441754923083362,20.56037139892578,79200,0.0,0.0
2021-04-08 00:00:00-04:00,20.560371444045725,20.758068084716797,20.560371444045725,20.758068084716797,73550,0.0,0.0
2021-04-09 00:00:00-04:00,20.75806694830098,20.99530177289373,20.69875871349649,20.81737518310547,87350,0.0,0.0
2021-04-12 00:00:00-04:00,20.916223975083486,21.25230712226558,20.876685779436976,21.1929988861084,191100,0.0,0.0
2021-04-13 00:00:00-04:00,21.192999608974812,21.27207788833993,20.718528047409222,21.054611206054688,114900,0.0,0.0
2021-04-14 00:00:00-04:00,21.153458753265646,21.173228793727883,20.955764004767733,20.995302200317383,88150,0.0,0.0
2021-04-15 00:00:00-04:00,20.995302226154873,21.192998860270908,20.85691571349855,21.09415054321289,78050,0.0,0.0
2021-04-16 00:00:00-04:00,21.212767437784077,21.291847601305047,21.113921004132603,21.272077560424805,82100,0.0,0.0
2021-04-19 00:00:00-04:00,21.331388484927416,21.450006859777037,21.193001952082117,21.43023681640625,125450,0.0,0.0
2021-04-20 00:00:00-04:00,21.489541981865447,21.54885021810431,21.21276707045935,21.39069366455078,89350,0.0,0.0
2021-04-21 00:00:00-04:00,21.430233037430014,21.627927780151367,21.351154763266518,21.627927780151367,123700,0.0,0.0
2021-04-22 00:00:00-04:00,21.632885544311097,21.632885544311097,21.236316062805283,21.315629959106445,81700,0.065,0.0
2021-04-23 00:00:00-04:00,21.355289459228516,21.47425936713368,21.216488712015703,21.355289459228516,104950,0.0,0.0
2021-04-26 00:00:00-04:00,21.41477327338729,21.494087171433478,21.196658635515917,21.256145477294922,80150,0.0,0.0
2021-04-27 00:00:00-04:00,21.236316263471394,21.573400798684627,21.196658369449853,21.533742904663086,93500,0.0,0.0
2021-04-28 00:00:00-04:00,21.593228828122648,21.712198723146884,21.53374198961814,21.652713775634766,73700,0.0,0.0
2021-04-29 00:00:00-04:00,21.712199910947984,22.009628446764662,21.57340106216236,21.98979949951172,107500,0.0,0.0
2021-04-30 00:00:00-04:00,21.969969561994915,22.069112402798424,21.85099966582463,21.870826721191406,67850,0.0,0.0
2021-05-03 00:00:00-04:00,21.930313560268957,22.02945451008006,21.870826721191406,21.870826721191406,57000,0.0,0.0
2021-05-04 00:00:00-04:00,21.93031480514239,21.989799756604196,21.494087415439964,21.712200164794922,92600,0.0,0.0
2021-05-05 00:00:00-04:00,21.71219840693896,21.732027352818346,21.474256729363386,21.69236946105957,67700,0.0,0.0
2021-05-06 00:00:00-04:00,21.751859496153536,21.771686553955078,21.494088834807087,21.771686553955078,61400,0.0,0.0
2021-05-07 00:00:00-04:00,21.712199546305907,21.93031418044021,21.672543543458506,21.791513442993164,61600,0.0,0.0
2021-05-10 00:00:00-04:00,21.91048585765762,22.009628704088968,21.632886265848345,21.712200164794922,92350,0.0,0.0
2021-05-11 00:00:00-04:00,21.613056389038984,21.672543228935467,20.760432484772785,21.097517013549805,164100,0.0,0.0
2021-05-12 00:00:00-04:00,21.097518444580352,21.414774048244446,19.927636987824588,20.185407638549805,189200,0.0,0.0
2021-05-13 00:00:00-04:00,20.24489206017121,20.93889009321719,20.24489206017121,20.740604400634766,92000,0.0,0.0
2021-05-14 00:00:00-04:00,20.859575475631857,21.09751716393659,20.819917582084848,21.077688217163086,75450,0.0,0.0
2021-05-17 00:00:00-04:00,21.137174809748064,21.414774413181096,20.998375953527844,21.355289459228516,106600,0.0,0.0
2021-05-18 00:00:00-04:00,21.240930369904074,21.459703308240268,21.181263471226394,21.28070640563965,53000,0.065,0.0
2021-05-19 00:00:00-04:00,21.320482729145503,21.678474610614742,21.00226688041015,21.63869857788086,89750,0.0,0.0
2021-05-20 00:00:00-04:00,21.598920970179392,21.877360790328645,21.47959097348407,21.777917861938477,68950,0.0,0.0
2021-05-21 00:00:00-04:00,21.8375840927857,21.937027026788368,21.6188111553528,21.71825408935547,66600,0.0,0.0
2021-05-24 00:00:00-04:00,21.598920797622018,21.85747165068441,21.579033729475746,21.81769561767578,69600,0.0,0.0
2021-05-25 00:00:00-04:00,21.81769707333638,22.056358977459762,21.43981430260387,21.499481201171875,79650,0.0,0.0
2021-05-26 00:00:00-04:00,21.479590620451873,21.956914392820206,21.380147693696117,21.857471466064453,85250,0.0,0.0
2021-05-27 00:00:00-04:00,22.016579762710975,23.249667143884565,21.9768037293653,22.832008361816406,222900,0.0,0.0
2021-05-28 00:00:00-04:00,22.871786153235448,23.050783043996212,22.533681336624245,22.653013229370117,91200,0.0,0.0
2021-06-01 00:00:00-04:00,22.871786653044015,22.911564583733924,22.57345975973424,22.75245475769043,127950,0.0,0.0
2021-06-02 00:00:00-04:00,22.871786983464396,23.0706728463549,22.752455086386867,22.89167594909668,99350,0.0,0.0
2021-06-03 00:00:00-04:00,22.951340905954666,23.349110734268685,22.891675905886604,23.110448837280273,113750,0.0,0.0
2021-06-04 00:00:00-04:00,23.38889022452741,23.38889022452741,23.110450377789128,23.190004348754883,83050,0.0,0.0
2021-06-07 00:00:00-04:00,23.34911187913968,23.60766275440029,23.329222912569733,23.488332748413086,129150,0.0,0.0
2021-06-08 00:00:00-04:00,23.567884261301632,23.786657180617834,23.488330300030643,23.6076602935791,106400,0.0,0.0
2021-06-09 00:00:00-04:00,23.607662933006637,23.707105869892487,23.30933601906535,23.44855499267578,154650,0.0,0.0
2021-06-10 00:00:00-04:00,23.587772775961827,23.687215707829427,23.050783978622658,23.289445877075195,151850,0.0,0.0
2021-06-11 00:00:00-04:00,23.428664985196306,23.587772918459194,23.289446017770324,23.468442916870117,155800,0.0,0.0
2021-06-14 00:00:00-04:00,23.508219128361663,23.547997060334186,23.26955722667511,23.428665161132812,141000,0.0,0.0
2021-06-15 00:00:00-04:00,23.528107452872955,23.528107452872955,22.891675732393946,23.150226593017578,112600,0.0,0.0
2021-06-16 00:00:00-04:00,23.17011362054705,23.547996376446658,23.050783621527483,23.368999481201172,127700,0.0,0.0
2021-06-17 00:00:00-04:00,23.33409700782521,23.373985266736877,22.31696922930012,22.73578643798828,185750,0.065,0.0
2021-06-18 00:00:00-04:00,22.77567535229359,22.77567535229359,21.798435804559087,21.99787139892578,296550,0.0,0.0
2021-06-21 00:00:00-04:00,22.17736500331011,22.915280704539832,22.077646254067837,22.715845108032227,134550,0.0,0.0
2021-06-22 00:00:00-04:00,22.735787995136864,22.83550674726879,22.35685901940795,22.616127014160156,92300,0.0,0.0
2021-06-23 00:00:00-04:00,22.516407373234603,22.815561715844815,22.436632755073422,22.636070251464844,57800,0.0,0.0
2021-06-24 00:00:00-04:00,22.536350849360552,22.915279799137046,22.51640671990472,22.73578643798828,82100,0.0,0.0
2021-06-25 00:00:00-04:00,22.855449975913867,23.014999212236237,22.636070251464844,22.636070251464844,75250,0.0,0.0
2021-06-28 00:00:00-04:00,22.65601206117937,22.975112429908844,22.556295216801853,22.815561294555664,72950,0.0,0.0
2021-06-29 00:00:00-04:00,22.6759576196925,22.855450994045206,22.596182997977635,22.65601348876953,50150,0.0,0.0
2021-06-30 00:00:00-04:00,22.695901214318095,22.85545045397773,22.656012953414706,22.79561996459961,64100,0.0,0.0
2021-07-01 00:00:00-04:00,22.81556112377252,23.13466149011341,22.81556112377252,23.0748291015625,59150,0.0,0.0
2021-07-02 00:00:00-04:00,23.074829700264697,23.314153554747232,22.895336333908567,23.274267196655273,49500,0.0,0.0
2021-07-06 00:00:00-04:00,23.354041692299237,23.354041692299237,22.975112733517342,23.234378814697266,65550,0.0,0.0
2021-07-07 00:00:00-04:00,23.194492516909637,23.33409762282621,22.835505785150534,22.935224533081055,69100,0.0,0.0
2021-07-08 00:00:00-04:00,22.71584438773666,22.815561231840075,22.177364300089184,22.476520538330078,118900,0.0,0.0
2021-07-09 00:00:00-04:00,23.03494429920963,23.03494429920963,22.636071191833356,22.955169677734375,85050,0.0,0.0
2021-07-12 00:00:00-04:00,22.955168724011894,23.37398594485056,22.895336333908567,23.274267196655273,88900,0.0,0.0
2021-07-13 00:00:00-04:00,23.314153073820176,23.334097203443207,22.995054607759197,23.114717483520508,52850,0.0,0.0
2021-07-14 00:00:00-04:00,23.15460492014478,23.35404242171814,22.795620080080496,22.835506439208984,43400,0.0,0.0
2021-07-15 00:00:00-04:00,22.795620080080496,23.17454905069751,22.735787688422302,22.835506439208984,54500,0.0,0.0
2021-07-16 00:00:00-04:00,23.034943281011575,23.114717898960606,22.81556165516905,22.935224533081055,55250,0.0,0.0
2021-07-19 00:00:00-04:00,22.675956547627134,22.675956547627134,21.957984986137316,22.297027587890625,124350,0.0,0.0
2021-07-20 00:00:00-04:00,22.416689207486506,23.014999810229614,22.356858717805288,22.835506439208984,60850,0.0,0.0
2021-07-21 00:00:00-04:00,22.975113031248842,23.194492757388964,22.935224770872306,23.014999389648438,60500,0.0,0.0
2021-07-22 00:00:00-04:00,22.8799991607666,23.020000457763672,22.639999389648438,22.799999237060547,37800,0.065,0.0
2021-07-23 00:00:00-04:00,22.959999084472656,23.0,22.559999465942383,22.739999771118164,58200,0.0,0.0
2021-07-26 00:00:00-04:00,22.68000030517578,23.040000915527344,22.520000457763672,22.760000228881836,76050,0.0,0.0
2021-07-27 00:00:00-04:00,22.719999313354492,22.81999969482422,22.579999923706055,22.700000762939453,40250,0.0,0.0
2021-07-28 00:00:00-04:00,22.760000228881836,22.860000610351562,22.559999465942383,22.739999771118164,37450,0.0,0.0
2021-07-29 00:00:00-04:00,22.860000610351562,23.0,22.719999313354492,22.780000686645508,47300,0.0,0.0
2021-07-30 00:00:00-04:00,22.81999969482422,23.0,22.600000381469727,22.81999969482422,59400,0.0,0.0
2021-08-02 00:00:00-04:00,22.959999084472656,23.139999389648438,22.799999237060547,22.920000076293945,72800,0.0,0.0
2021-08-03 00:00:00-04:00,22.940000534057617,23.0,22.639999389648438,23.0,54200,0.0,0.0
2021-08-04 00:00:00-04:00,22.799999237060547,22.979999542236328,22.639999389648438,22.8799991607666,49900,0.0,0.0
2021-08-05 00:00:00-04:00,22.8799991607666,23.15999984741211,22.81999969482422,23.1200008392334,53450,0.0,0.0
2021-08-06 00:00:00-04:00,23.31999969482422,23.600000381469727,23.18000030517578,23.559999465942383,77100,0.0,0.0
2021-08-09 00:00:00-04:00,23.600000381469727,23.600000381469727,23.1200008392334,23.31999969482422,73400,0.0,0.0
2021-08-10 00:00:00-04:00,23.31999969482422,23.5,23.219999313354492,23.34000015258789,41950,0.0,0.0
2021-08-11 00:00:00-04:00,23.479999542236328,23.5,23.280000686645508,23.299999237060547,55700,0.0,0.0
2021-08-12 00:00:00-04:00,23.31999969482422,23.399999618530273,23.1200008392334,23.399999618530273,33150,0.0,0.0
2021-08-13 00:00:00-04:00,23.459999084472656,23.780000686645508,23.34000015258789,23.579999923706055,94350,0.0,0.0
2021-08-16 00:00:00-04:00,23.540000915527344,23.8799991607666,23.360000610351562,23.739999771118164,55900,0.0,0.0
2021-08-17 00:00:00-04:00,23.600000381469727,23.81999969482422,23.399999618530273,23.760000228881836,83100,0.0,0.0
2021-08-18 00:00:00-04:00,23.739999771118164,24.100000381469727,23.559999465942383,23.600000381469727,156650,0.0,0.0
2021-08-19 00:00:00-04:00,23.5,23.540000915527344,22.440000534057617,22.459999084472656,138750,0.0,0.0
2021-08-20 00:00:00-04:00,22.420000076293945,23.059999465942383,22.219999313354492,23.059999465942383,88850,0.0,0.0
2021-08-23 00:00:00-04:00,23.059999465942383,23.3799991607666,22.81999969482422,22.940000534057617,82600,0.0,0.0
2021-08-24 00:00:00-04:00,22.920000076293945,23.200000762939453,22.920000076293945,23.100000381469727,37400,0.0,0.0
2021-08-25 00:00:00-04:00,23.100000381469727,23.5,23.100000381469727,23.200000762939453,46400,0.0,0.0
2021-08-26 00:00:00-04:00,23.239999771118164,23.420000076293945,22.8799991607666,23.040000915527344,53300,0.0,0.0
2021-08-27 00:00:00-04:00,23.139999389648438,23.600000381469727,23.079999923706055,23.440000534057617,45650,0.0,0.0
2021-08-30 00:00:00-04:00,23.600000381469727,23.600000381469727,23.219999313354492,23.280000686645508,76500,0.0,0.0
2021-08-31 00:00:00-04:00,23.360000610351562,23.68000030517578,23.34000015258789,23.440000534057617,62200,0.0,0.0
2021-09-01 00:00:00-04:00,23.280000686645508,23.6200008392334,23.239999771118164,23.280000686645508,74400,0.0,0.0
2021-09-02 00:00:00-04:00,23.280000686645508,23.540000915527344,23.239999771118164,23.299999237060547,47800,0.0,0.0
2021-09-03 00:00:00-04:00,23.3799991607666,23.440000534057617,23.059999465942383,23.239999771118164,55900,0.0,0.0
2021-09-07 00:00:00-04:00,23.139999389648438,23.200000762939453,22.780000686645508,22.81999969482422,90300,0.0,0.0
2021-09-08 00:00:00-04:00,22.920000076293945,23.059999465942383,22.799999237060547,22.81999969482422,46550,0.0,0.0
2021-09-09 00:00:00-04:00,22.84000015258789,23.079999923706055,22.6200008392334,22.700000762939453,67650,0.0,0.0
2021-09-10 00:00:00-04:00,22.719999313354492,22.860000610351562,22.440000534057617,22.5,64650,0.0,0.0
2021-09-13 00:00:00-04:00,22.760000228881836,22.84000015258789,22.5,22.739999771118164,52150,0.0,0.0
2021-09-14 00:00:00-04:00,22.860000610351562,22.959999084472656,22.68000030517578,22.719999313354492,61700,0.0,0.0
2021-09-15 00:00:00-04:00,22.799999237060547,23.280000686645508,22.719999313354492,23.200000762939453,77500,0.0,0.0
2021-09-16 00:00:00-04:00,23.15999984741211,23.299999237060547,22.899999618530273,23.040000915527344,54250,0.0,0.0
2021-09-17 00:00:00-04:00,23.079999923706055,23.15999984741211,22.940000534057617,23.079999923706055,76800,0.0,0.0
2021-09-20 00:00:00-04:00,22.799999237060547,22.799999237060547,22.040000915527344,22.459999084472656,128300,0.0,0.0
2021-09-21 00:00:00-04:00,22.360000610351562,22.920000076293945,22.360000610351562,22.65999984741211,81600,0.0,0.0
2021-09-22 00:00:00-04:00,22.84000015258789,23.020000457763672,22.739999771118164,22.81999969482422,56650,0.0,0.0
2021-09-23 00:00:00-04:00,22.81999969482422,23.079999923706055,22.799999237060547,22.799999237060547,47400,0.0,0.0
2021-09-24 00:00:00-04:00,22.780000686645508,22.920000076293945,22.65999984741211,22.700000762939453,54500,0.0,0.0
2021-09-27 00:00:00-04:00,22.799999237060547,23.020000457763672,22.719999313354492,22.780000686645508,47150,0.0,0.0
2021-09-28 00:00:00-04:00,22.81999969482422,22.84000015258789,22.360000610351562,22.5,69750,0.0,0.0
2021-09-29 00:00:00-04:00,22.5,22.68000030517578,22.440000534057617,22.600000381469727,42650,0.0,0.0
2021-09-30 00:00:00-04:00,22.739999771118164,22.979999542236328,22.459999084472656,22.600000381469727,88050,0.0,0.0
2021-10-01 00:00:00-04:00,22.719999313354492,23.040000915527344,22.65999984741211,22.940000534057617,46400,0.0,0.0
2021-10-04 00:00:00-04:00,22.84000015258789,22.920000076293945,22.639999389648438,22.780000686645508,58750,0.0,0.0
2021-10-05 00:00:00-04:00,22.760000228881836,23.020000457763672,22.760000228881836,22.84000015258789,30050,0.0,0.0
2021-10-06 00:00:00-04:00,22.700000762939453,22.979999542236328,22.68000030517578,22.84000015258789,34900,0.0,0.0
2021-10-07 00:00:00-04:00,23.020000457763672,23.18000030517578,22.799999237060547,22.84000015258789,36700,0.0,0.0
2021-10-08 00:00:00-04:00,22.899999618530273,22.979999542236328,22.739999771118164,22.739999771118164,36800,0.0,0.0
2021-10-11 00:00:00-04:00,22.81999969482422,22.959999084472656,22.65999984741211,22.760000228881836,66400,0.0,0.0
2021-10-12 00:00:00-04:00,22.799999237060547,22.940000534057617,22.559999465942383,22.65999984741211,69300,0.0,0.0
2021-10-13 00:00:00-04:00,22.639999389648438,22.799999237060547,22.540000915527344,22.65999984741211,54000,0.0,0.0
2021-10-14 00:00:00-04:00,22.739999771118164,22.84000015258789,22.540000915527344,22.760000228881836,57500,0.0,0.0
2021-10-15 00:00:00-04:00,22.760000228881836,22.979999542236328,22.760000228881836,22.860000610351562,49350,0.0,0.0
2021-10-18 00:00:00-04:00,22.8799991607666,23.260000228881836,22.860000610351562,23.260000228881836,74450,0.0,0.0
2021-10-19 00:00:00-04:00,23.299999237060547,23.440000534057617,23.200000762939453,23.440000534057617,65950,0.0,0.0
2021-10-20 00:00:00-04:00,23.479999542236328,23.520000457763672,23.31999969482422,23.440000534057617,54050,0.0,0.0
2021-10-21 00:00:00-04:00,23.34000015258789,23.479999542236328,23.1200008392334,23.18000030517578,36800,0.0,0.0
2021-10-22 00:00:00-04:00,23.200000762939453,23.280000686645508,22.8799991607666,23.239999771118164,39150,0.0,0.0
2021-10-25 00:00:00-04:00,23.31999969482422,23.31999969482422,23.0,23.100000381469727,51300,0.0,0.0
2021-10-26 00:00:00-04:00,23.18000030517578,23.18000030517578,22.860000610351562,22.979999542236328,40550,0.0,0.0
2021-10-27 00:00:00-04:00,23.0,23.239999771118164,22.8799991607666,23.0,60800,0.0,0.0
2021-10-28 00:00:00-04:00,23.100000381469727,23.360000610351562,22.940000534057617,23.299999237060547,65200,0.0,0.0
2021-10-29 00:00:00-04:00,23.360000610351562,23.799999237060547,23.360000610351562,23.540000915527344,78300,0.0,0.0
2021-11-01 00:00:00-04:00,23.5,23.780000686645508,23.079999923706055,23.260000228881836,85250,0.0,0.0
2021-11-02 00:00:00-04:00,23.219999313354492,23.3799991607666,23.020000457763672,23.219999313354492,47850,0.0,0.0
2021-11-03 00:00:00-04:00,23.260000228881836,23.420000076293945,23.200000762939453,23.260000228881836,50650,0.0,0.0
2021-11-04 00:00:00-04:00,23.399999618530273,23.420000076293945,23.200000762939453,23.31999969482422,56700,0.0,0.0
2021-11-05 00:00:00-04:00,23.459999084472656,23.639999389648438,23.31999969482422,23.540000915527344,40400,0.0,0.0
2021-11-08 00:00:00-05:00,23.600000381469727,23.899999618530273,23.5,23.760000228881836,61650,0.0,0.0
2021-11-09 00:00:00-05:00,23.780000686645508,23.799999237060547,23.420000076293945,23.5,44700,0.0,0.0
2021-11-10 00:00:00-05:00,23.5,23.700000762939453,23.440000534057617,23.479999542236328,33700,0.0,0.0
2021-11-11 00:00:00-05:00,23.479999542236328,23.68000030517578,23.440000534057617,23.639999389648438,28700,0.0,0.0
2021-11-12 00:00:00-05:00,23.600000381469727,23.700000762939453,23.440000534057617,23.520000457763672,38350,0.0,0.0
2021-11-15 00:00:00-05:00,23.5,23.68000030517578,23.459999084472656,23.520000457763672,52350,0.0,0.0
2021-11-16 00:00:00-05:00,23.899999618530273,24.68000030517578,23.600000381469727,24.600000381469727,202900,0.0,0.0
2021-11-17 00:00:00-05:00,24.68000030517578,25.15999984741211,24.68000030517578,24.700000762939453,131400,0.0,0.0
2021-11-18 00:00:00-05:00,24.700000762939453,24.719999313354492,24.100000381469727,24.15999984741211,61600,0.0,0.0
2021-11-19 00:00:00-05:00,24.100000381469727,24.200000762939453,23.520000457763672,23.799999237060547,65450,0.0,0.0
2021-11-22 00:00:00-05:00,23.940000534057617,24.040000915527344,23.5,23.540000915527344,72150,0.0,0.0
2021-11-23 00:00:00-05:00,23.6200008392334,24.559999465942383,23.520000457763672,24.299999237060547,120950,0.0,0.0
2021-11-24 00:00:00-05:00,24.299999237060547,24.34000015258789,24.100000381469727,24.239999771118164,35750,0.0,0.0
2021-11-26 00:00:00-05:00,23.799999237060547,23.860000610351562,23.31999969482422,23.799999237060547,64350,0.0,0.0
2021-11-29 00:00:00-05:00,23.81999969482422,24.020000457763672,23.420000076293945,23.579999923706055,88900,0.0,0.0
2021-11-30 00:00:00-05:00,23.299999237060547,23.559999465942383,22.420000076293945,23.239999771118164,122400,0.0,0.0
2021-12-01 00:00:00-05:00,23.799999237060547,23.799999237060547,22.8799991607666,22.979999542236328,71700,0.0,0.0
2021-12-02 00:00:00-05:00,23.0,23.540000915527344,22.959999084472656,23.260000228881836,51300,0.0,0.0
2021-12-03 00:00:00-05:00,23.31999969482422,23.3799991607666,23.040000915527344,23.219999313354492,43800,0.0,0.0
2021-12-06 00:00:00-05:00,23.399999618530273,23.440000534057617,22.799999237060547,23.100000381469727,96500,0.0,0.0
2021-12-07 00:00:00-05:00,23.15999984741211,23.260000228881836,22.899999618530273,22.979999542236328,52650,0.0,0.0
2021-12-08 00:00:00-05:00,23.100000381469727,23.219999313354492,22.940000534057617,23.040000915527344,43900,0.0,0.0
2021-12-09 00:00:00-05:00,23.079999923706055,23.18000030517578,22.81999969482422,23.040000915527344,42900,0.0,0.0
2021-12-10 00:00:00-05:00,23.18000030517578,23.219999313354492,22.920000076293945,23.020000457763672,27600,0.0,0.0
2021-12-13 00:00:00-05:00,22.940000534057617,23.0,22.719999313354492,22.81999969482422,49300,0.0,0.0
2021-12-14 00:00:00-05:00,22.760000228881836,23.0,22.360000610351562,22.5,59800,0.0,0.0
2021-12-15 00:00:00-05:00,22.579999923706055,22.860000610351562,22.31999969482422,22.65999984741211,40400,0.0,0.0
2021-12-16 00:00:00-05:00,22.739999771118164,23.0,22.520000457763672,22.700000762939453,67100,0.0,0.0
2021-12-17 00:00:00-05:00,22.600000381469727,22.700000762939453,22.360000610351562,22.459999084472656,51250,0.0,0.0
2021-12-20 00:00:00-05:00,22.360000610351562,22.360000610351562,20.520000457763672,21.479999542236328,241900,0.0,0.0
2021-12-21 00:00:00-05:00,21.860000610351562,22.459999084472656,21.81999969482422,22.040000915527344,74450,0.0,0.0
2021-12-22 00:00:00-05:00,21.959999084472656,22.420000076293945,21.719999313354492,21.979999542236328,52600,0.0,0.0
2021-12-23 00:00:00-05:00,22.079999923706055,22.399999618530273,22.059999465942383,22.299999237060547,54850,0.0,0.0
2021-12-27 00:00:00-05:00,22.440000534057617,22.520000457763672,22.219999313354492,22.520000457763672,47150,0.0,0.0
2021-12-28 00:00:00-05:00,22.559999465942383,22.81999969482422,22.440000534057617,22.540000915527344,59350,0.0,0.0
2021-12-29 00:00:00-05:00,22.739999771118164,23.360000610351562,22.739999771118164,23.079999923706055,87000,0.0,0.0
2021-12-30 00:00:00-05:00,23.079999923706055,23.280000686645508,22.860000610351562,22.899999618530273,33700,0.0,0.0
2021-12-31 00:00:00-05:00,22.979999542236328,23.280000686645508,22.920000076293945,23.18000030517578,53200,0.0,0.0
2022-01-03 00:00:00-05:00,23.059999465942383,23.5,22.899999618530273,23.040000915527344,91550,0.0,0.0
2022-01-04 00:00:00-05:00,23.399999618530273,23.399999618530273,22.440000534057617,22.799999237060547,137700,0.0,0.0
2022-01-05 00:00:00-05:00,22.899999618530273,23.059999465942383,22.479999542236328,22.579999923706055,42350,0.0,0.0
2022-01-06 00:00:00-05:00,22.579999923706055,23.0,22.059999465942383,22.440000534057617,61000,0.0,0.0
2022-01-07 00:00:00-05:00,22.520000457763672,22.739999771118164,22.420000076293945,22.520000457763672,25350,0.0,0.0
2022-01-10 00:00:00-05:00,22.459999084472656,22.65999984741211,22.280000686645508,22.5,64550,0.0,0.0
2022-01-11 00:00:00-05:00,22.520000457763672,22.780000686645508,22.360000610351562,22.68000030517578,38800,0.0,0.0
2022-01-12 00:00:00-05:00,22.860000610351562,23.0,22.600000381469727,22.940000534057617,39750,0.0,0.0
2022-01-13 00:00:00-05:00,22.84000015258789,23.299999237060547,22.84000015258789,22.860000610351562,59650,0.0,0.0
2022-01-14 00:00:00-05:00,22.899999618530273,22.979999542236328,22.440000534057617,22.559999465942383,84450,0.0,0.0
2022-01-18 00:00:00-05:00,22.399999618530273,22.84000015258789,22.280000686645508,22.719999313354492,75800,0.0,0.0
2022-01-19 00:00:00-05:00,22.84000015258789,22.940000534057617,22.520000457763672,22.6200008392334,61350,0.0,0.0
2022-01-20 00:00:00-05:00,22.420000076293945,22.6200008392334,22.020000457763672,22.079999923706055,52600,0.0,0.0
2022-01-21 00:00:00-05:00,22.0,22.100000381469727,21.299999237060547,21.399999618530273,138450,0.0,0.0
2022-01-24 00:00:00-05:00,20.799999237060547,20.959999084472656,19.84000015258789,20.600000381469727,253400,0.0,0.0
2022-01-25 00:00:00-05:00,20.3799991607666,21.3799991607666,20.3799991607666,21.1200008392334,90100,0.0,0.0
2022-01-26 00:00:00-05:00,21.299999237060547,21.639999389648438,20.899999618530273,21.139999389648438,71750,0.0,0.0
2022-01-27 00:00:00-05:00,21.1200008392334,21.5,21.0,21.059999465942383,47000,0.0,0.0
2022-01-28 00:00:00-05:00,21.18000030517578,21.200000762939453,20.739999771118164,21.18000030517578,50200,0.0,0.0
2022-01-31 00:00:00-05:00,21.260000228881836,21.920000076293945,21.239999771118164,21.920000076293945,78450,0.0,0.0
2022-02-01 00:00:00-05:00,21.920000076293945,22.3799991607666,21.81999969482422,22.18000030517578,107200,0.0,0.0
2022-02-02 00:00:00-05:00,22.219999313354492,22.420000076293945,22.059999465942383,22.1200008392334,63350,0.0,0.0
2022-02-03 00:00:00-05:00,22.360000610351562,22.68000030517578,22.1200008392334,22.639999389648438,63150,0.0,0.0
2022-02-04 00:00:00-05:00,22.68000030517578,22.719999313354492,22.200000762939453,22.5,48050,0.0,0.0
2022-02-07 00:00:00-05:00,22.700000762939453,23.18000030517578,22.540000915527344,22.979999542236328,86800,0.0,0.0
2022-02-08 00:00:00-05:00,23.079999923706055,23.18000030517578,22.799999237060547,22.959999084472656,44000,0.0,0.0
2022-02-09 00:00:00-05:00,23.100000381469727,23.1200008392334,22.780000686645508,22.84000015258789,58300,0.0,0.0
2022-02-10 00:00:00-05:00,22.799999237060547,23.079999923706055,22.799999237060547,22.84000015258789,50800,0.0,0.0
2022-02-11 00:00:00-05:00,22.959999084472656,23.0,22.5,22.68000030517578,55350,0.0,0.0
2022-02-14 00:00:00-05:00,22.600000381469727,22.760000228881836,22.399999618530273,22.479999542236328,64650,0.0,0.0
2022-02-15 00:00:00-05:00,22.65999984741211,22.760000228881836,22.479999542236328,22.579999923706055,37250,0.0,0.0
2022-02-16 00:00:00-05:00,22.700000762939453,23.100000381469727,22.600000381469727,22.81999969482422,73950,0.0,0.0
2022-02-17 00:00:00-05:00,22.639999389648438,22.700000762939453,22.420000076293945,22.520000457763672,48050,0.0,0.0
2022-02-18 00:00:00-05:00,22.579999923706055,22.579999923706055,22.34000015258789,22.440000534057617,49750,0.0,0.0
2022-02-22 00:00:00-05:00,22.280000686645508,22.31999969482422,21.68000030517578,21.739999771118164,92200,0.0,0.0
2022-02-23 00:00:00-05:00,21.760000228881836,21.899999618530273,21.219999313354492,21.260000228881836,52450,0.0,0.0
2022-02-24 00:00:00-05:00,20.940000534057617,21.440000534057617,20.260000228881836,21.420000076293945,102250,0.0,0.0
2022-02-25 00:00:00-05:00,21.479999542236328,21.899999618530273,21.479999542236328,21.719999313354492,44650,0.0,0.0
2022-02-28 00:00:00-05:00,21.959999084472656,21.959999084472656,21.459999084472656,21.639999389648438,64800,0.0,0.0
2022-03-01 00:00:00-05:00,21.8799991607666,21.920000076293945,21.1200008392334,21.3799991607666,60800,0.0,0.0
2022-03-02 00:00:00-05:00,21.399999618530273,21.940000534057617,21.399999618530273,21.700000762939453,38900,0.0,0.0
2022-03-03 00:00:00-05:00,21.899999618530273,22.1200008392334,21.799999237060547,21.959999084472656,44400,0.0,0.0
2022-03-04 00:00:00-05:00,21.84000015258789,22.0,21.559999465942383,21.739999771118164,37550,0.0,0.0
2022-03-07 00:00:00-05:00,21.65999984741211,21.65999984741211,21.139999389648438,21.18000030517578,52550,0.0,0.0
2022-03-08 00:00:00-05:00,21.139999389648438,21.440000534057617,20.8799991607666,21.219999313354492,61700,0.0,0.0
2022-03-09 00:00:00-05:00,21.420000076293945,21.860000610351562,21.3799991607666,21.719999313354492,59700,0.0,0.0
2022-03-10 00:00:00-05:00,21.440000534057617,21.799999237060547,21.440000534057617,21.639999389648438,57300,0.0,0.0
2022-03-11 00:00:00-05:00,21.780000686645508,22.139999389648438,21.760000228881836,21.959999084472656,49450,0.0,0.0
2022-03-14 00:00:00-04:00,22.200000762939453,23.239999771118164,22.200000762939453,22.8799991607666,170200,0.0,0.0
2022-03-15 00:00:00-04:00,23.040000915527344,23.239999771118164,22.719999313354492,22.760000228881836,91950,0.0,0.0
2022-03-16 00:00:00-04:00,23.040000915527344,23.459999084472656,22.899999618530273,23.219999313354492,99050,0.0,0.0
2022-03-17 00:00:00-04:00,23.420000076293945,24.0,23.239999771118164,24.0,112450,0.0,0.0
2022-03-18 00:00:00-04:00,23.81999969482422,24.020000457763672,23.34000015258789,23.360000610351562,201950,0.0,0.0
2022-03-21 00:00:00-04:00,23.760000228881836,24.3799991607666,23.479999542236328,24.100000381469727,147300,0.0,0.0
2022-03-22 00:00:00-04:00,24.0,24.100000381469727,23.760000228881836,24.020000457763672,70950,0.0,0.0
2022-03-23 00:00:00-04:00,24.1200008392334,24.18000030517578,23.579999923706055,23.639999389648438,67500,0.0,0.0
2022-03-24 00:00:00-04:00,23.68000030517578,23.860000610351562,23.440000534057617,23.540000915527344,53900,0.0,0.0
2022-03-25 00:00:00-04:00,23.559999465942383,23.920000076293945,23.559999465942383,23.700000762939453,91650,0.0,0.0
2022-03-28 00:00:00-04:00,23.739999771118164,23.739999771118164,23.440000534057617,23.520000457763672,59400,0.0,0.0
2022-03-29 00:00:00-04:00,23.579999923706055,23.920000076293945,23.520000457763672,23.81999969482422,72950,0.0,0.0
2022-03-30 00:00:00-04:00,23.719999313354492,23.899999618530273,23.360000610351562,23.399999618530273,45300,0.0,0.0
2022-03-31 00:00:00-04:00,23.579999923706055,23.979999542236328,23.520000457763672,23.579999923706055,62450,0.0,0.0
2022-04-01 00:00:00-04:00,23.6200008392334,23.81999969482422,23.520000457763672,23.760000228881836,38100,0.0,0.0
2022-04-04 00:00:00-04:00,23.5,23.799999237060547,23.5,23.68000030517578,56750,0.0,0.0
2022-04-05 00:00:00-04:00,23.68000030517578,24.020000457763672,23.639999389648438,23.739999771118164,51600,0.0,0.0
2022-04-06 00:00:00-04:00,23.6200008392334,23.920000076293945,23.6200008392334,23.84000015258789,43350,0.0,0.0
2022-04-07 00:00:00-04:00,23.940000534057617,23.959999084472656,23.559999465942383,23.799999237060547,43250,0.0,0.0
2022-04-08 00:00:00-04:00,23.860000610351562,24.0,23.799999237060547,23.8799991607666,47650,0.0,0.0
2022-04-11 00:00:00-04:00,23.959999084472656,23.979999542236328,23.579999923706055,23.799999237060547,57750,0.0,0.0
2022-04-12 00:00:00-04:00,23.799999237060547,24.18000030517578,23.719999313354492,23.81999969482422,79950,0.0,0.0
2022-04-13 00:00:00-04:00,23.959999084472656,24.260000228881836,23.920000076293945,24.260000228881836,62850,0.0,0.0
2022-04-14 00:00:00-04:00,24.280000686645508,24.540000915527344,24.15999984741211,24.420000076293945,60950,0.0,0.0
2022-04-18 00:00:00-04:00,24.440000534057617,24.979999542236328,24.440000534057617,24.780000686645508,108600,0.0,0.0
2022-04-19 00:00:00-04:00,24.780000686645508,25.280000686645508,24.700000762939453,25.260000228881836,123200,0.0,0.0
2022-04-20 00:00:00-04:00,25.360000610351562,25.559999465942383,25.239999771118164,25.31999969482422,90600,0.0,0.0
2022-04-21 00:00:00-04:00,25.440000534057617,25.479999542236328,24.81999969482422,24.899999618530273,70650,0.0,0.0
2022-04-22 00:00:00-04:00,24.979999542236328,24.979999542236328,24.18000030517578,24.299999237060547,81100,0.0,0.0
2022-04-25 00:00:00-04:00,23.760000228881836,24.459999084472656,23.600000381469727,24.3799991607666,85150,0.0,0.0
2022-04-26 00:00:00-04:00,24.280000686645508,24.440000534057617,23.440000534057617,23.520000457763672,87750,0.0,0.0
2022-04-27 00:00:00-04:00,23.600000381469727,24.219999313354492,23.579999923706055,23.84000015258789,85900,0.0,0.0
2022-04-28 00:00:00-04:00,23.979999542236328,24.079999923706055,23.399999618530273,23.81999969482422,54200,0.0,0.0
2022-04-29 00:00:00-04:00,23.899999618530273,23.979999542236328,23.280000686645508,23.299999237060547,62250,0.0,0.0
2022-05-02 00:00:00-04:00,23.479999542236328,23.780000686645508,22.5,22.860000610351562,114700,0.0,0.0
2022-05-03 00:00:00-04:00,22.979999542236328,23.6200008392334,22.899999618530273,23.600000381469727,72100,0.0,0.0
2022-05-04 00:00:00-04:00,24.219999313354492,24.959999084472656,23.799999237060547,24.780000686645508,118800,0.0,0.0
2022-05-05 00:00:00-04:00,24.780000686645508,24.780000686645508,23.540000915527344,23.81999969482422,86700,0.0,0.0
2022-05-06 00:00:00-04:00,23.739999771118164,24.15999984741211,23.639999389648438,24.15999984741211,53700,0.0,0.0
2022-05-09 00:00:00-04:00,23.700000762939453,23.780000686645508,23.15999984741211,23.239999771118164,76800,0.0,0.0
2022-05-10 00:00:00-04:00,23.399999618530273,23.739999771118164,22.860000610351562,23.219999313354492,67750,0.0,0.0
2022-05-11 00:00:00-04:00,23.260000228881836,23.700000762939453,23.1200008392334,23.139999389648438,95050,0.0,0.0
2022-05-12 00:00:00-04:00,22.979999542236328,23.079999923706055,22.420000076293945,22.600000381469727,93050,0.0,0.0
2022-05-13 00:00:00-04:00,22.860000610351562,23.260000228881836,22.719999313354492,23.1200008392334,60650,0.0,0.0
2022-05-16 00:00:00-04:00,23.299999237060547,23.65999984741211,23.100000381469727,23.520000457763672,68200,0.0,0.0
2022-05-17 00:00:00-04:00,23.65999984741211,23.979999542236328,23.600000381469727,23.84000015258789,61000,0.0,0.0
2022-05-18 00:00:00-04:00,23.8799991607666,23.8799991607666,23.260000228881836,23.84000015258789,103050,0.0,0.0
2022-05-19 00:00:00-04:00,23.18000030517578,23.3799991607666,21.780000686645508,21.84000015258789,149700,0.0,0.0
2022-05-20 00:00:00-04:00,22.200000762939453,22.899999618530273,21.639999389648438,22.079999923706055,74550,0.0,0.0
2022-05-23 00:00:00-04:00,22.239999771118164,22.68000030517578,22.18000030517578,22.6200008392334,69750,0.0,0.0
2022-05-24 00:00:00-04:00,22.65999984741211,22.719999313354492,21.760000228881836,22.020000457763672,85450,0.0,0.0
2022-05-25 00:00:00-04:00,22.040000915527344,22.68000030517578,21.920000076293945,22.440000534057617,71400,0.0,0.0
2022-05-26 00:00:00-04:00,22.959999084472656,23.040000915527344,22.5,22.6200008392334,92500,0.0,0.0
2022-05-27 00:00:00-04:00,22.719999313354492,23.020000457763672,22.65999984741211,23.020000457763672,51750,0.0,0.0
2022-05-31 00:00:00-04:00,23.040000915527344,23.139999389648438,22.84000015258789,22.940000534057617,70550,0.0,0.0
2022-06-01 00:00:00-04:00,23.15999984741211,23.3799991607666,22.639999389648438,22.940000534057617,57700,0.0,0.0
2022-06-02 00:00:00-04:00,22.940000534057617,23.200000762939453,22.84000015258789,22.940000534057617,52450,0.0,0.0
2022-06-03 00:00:00-04:00,22.979999542236328,22.979999542236328,22.3799991607666,22.6200008392334,85150,0.0,0.0
2022-06-06 00:00:00-04:00,22.799999237060547,22.799999237060547,22.420000076293945,22.719999313354492,46700,0.0,0.0
2022-06-07 00:00:00-04:00,22.459999084472656,22.6200008392334,22.260000228881836,22.5,91550,0.0,0.0
2022-06-08 00:00:00-04:00,22.5,22.5,22.020000457763672,22.139999389648438,67500,0.0,0.0
2022-06-09 00:00:00-04:00,22.440000534057617,22.440000534057617,21.8799991607666,21.899999618530273,82000,0.0,0.0
2022-06-10 00:00:00-04:00,22.0,22.020000457763672,21.399999618530273,21.959999084472656,126350,0.0,0.0
2022-06-13 00:00:00-04:00,21.579999923706055,21.600000381469727,19.84000015258789,20.020000457763672,312550,0.0,0.0
2022-06-14 00:00:00-04:00,20.18000030517578,20.18000030517578,19.5,19.760000228881836,275600,0.0,0.0
2022-06-15 00:00:00-04:00,20.020000457763672,20.479999542236328,19.700000762939453,20.239999771118164,154550,0.0,0.0
2022-06-16 00:00:00-04:00,20.059999465942383,20.059999465942383,19.079999923706055,19.18000030517578,217050,0.0,0.0
2022-06-17 00:00:00-04:00,19.31999969482422,19.899999618530273,19.239999771118164,19.540000915527344,527100,0.0,0.0
2022-06-21 00:00:00-04:00,19.979999542236328,20.020000457763672,19.440000534057617,19.559999465942383,127400,0.0,0.0
2022-06-22 00:00:00-04:00,19.34000015258789,19.540000915527344,19.219999313354492,19.239999771118164,76750,0.0,0.0
2022-06-23 00:00:00-04:00,19.200000762939453,19.520000457763672,18.860000610351562,19.020000457763672,117400,0.0,0.0
2022-06-24 00:00:00-04:00,19.059999465942383,19.600000381469727,19.059999465942383,19.520000457763672,69800,0.0,0.0
2022-06-27 00:00:00-04:00,19.65999984741211,20.219999313354492,19.559999465942383,20.15999984741211,91200,0.0,0.0
2022-06-28 00:00:00-04:00,20.3799991607666,20.6200008392334,20.079999923706055,20.100000381469727,61850,0.0,0.0
2022-06-29 00:00:00-04:00,20.079999923706055,20.3799991607666,19.68000030517578,19.860000610351562,57050,0.0,0.0
2022-06-30 00:00:00-04:00,19.719999313354492,20.420000076293945,19.700000762939453,20.18000030517578,86300,0.0,0.0
2022-07-01 00:00:00-04:00,20.200000762939453,20.479999542236328,20.100000381469727,20.459999084472656,88550,0.0,0.0
2022-07-05 00:00:00-04:00,20.260000228881836,20.34000015258789,19.719999313354492,20.280000686645508,119200,0.0,0.0
2022-07-06 00:00:00-04:00,20.459999084472656,20.459999084472656,20.040000915527344,20.260000228881836,43800,0.0,0.0
2022-07-07 00:00:00-04:00,20.31999969482422,20.84000015258789,20.31999969482422,20.81999969482422,56300,0.0,0.0
2022-07-08 00:00:00-04:00,20.899999618530273,20.940000534057617,20.559999465942383,20.760000228881836,37750,0.0,0.0
2022-07-11 00:00:00-04:00,20.739999771118164,21.360000610351562,20.639999389648438,21.260000228881836,108400,0.0,0.0
2022-07-12 00:00:00-04:00,21.020000457763672,21.399999618530273,20.799999237060547,20.959999084472656,78800,0.0,0.0
2022-07-13 00:00:00-04:00,20.899999618530273,21.100000381469727,20.600000381469727,20.84000015258789,116200,0.0,0.0
2022-07-14 00:00:00-04:00,20.540000915527344,20.700000762939453,20.34000015258789,20.639999389648438,40300,0.0,0.0
2022-07-15 00:00:00-04:00,20.959999084472656,21.239999771118164,20.65999984741211,21.200000762939453,42800,0.0,0.0
2022-07-18 00:00:00-04:00,21.540000915527344,21.579999923706055,21.18000030517578,21.239999771118164,65150,0.0,0.0
2022-07-19 00:00:00-04:00,21.34000015258789,21.84000015258789,21.299999237060547,21.760000228881836,68850,0.0,0.0
2022-07-20 00:00:00-04:00,21.799999237060547,22.15999984741211,21.68000030517578,21.860000610351562,87950,0.0,0.0
2022-07-21 00:00:00-04:00,21.700000762939453,21.84000015258789,21.3799991607666,21.719999313354492,48900,0.0,0.0
2022-07-22 00:00:00-04:00,21.81999969482422,21.940000534057617,21.6200008392334,21.739999771118164,39250,0.0,0.0
2022-07-25 00:00:00-04:00,21.860000610351562,21.860000610351562,21.200000762939453,21.700000762939453,82650,0.0,0.0
2022-07-26 00:00:00-04:00,21.559999465942383,21.979999542236328,21.540000915527344,21.899999618530273,61900,0.0,0.0
2022-07-27 00:00:00-04:00,22.079999923706055,22.200000762939453,21.940000534057617,21.979999542236328,56850,0.0,0.0
2022-07-28 00:00:00-04:00,22.200000762939453,22.200000762939453,21.299999237060547,21.31999969482422,106900,0.0,0.0
2022-07-29 00:00:00-04:00,21.440000534057617,22.0,21.3799991607666,21.6200008392334,84750,0.0,0.0
2022-08-01 00:00:00-04:00,22.200000762939453,22.3799991607666,21.440000534057617,21.459999084472656,91150,0.0,0.0
2022-08-02 00:00:00-04:00,21.34000015258789,21.5,21.040000915527344,21.1200008392334,57900,0.0,0.0
2022-08-03 00:00:00-04:00,21.239999771118164,21.3799991607666,21.139999389648438,21.200000762939453,58200,0.0,0.0
2022-08-04 00:00:00-04:00,21.260000228881836,21.459999084472656,20.940000534057617,21.020000457763672,78850,0.0,0.0
2022-08-05 00:00:00-04:00,21.079999923706055,21.360000610351562,21.0,21.239999771118164,43650,0.0,0.0
2022-08-08 00:00:00-04:00,21.239999771118164,21.360000610351562,21.139999389648438,21.15999984741211,59400,0.0,0.0
2022-08-09 00:00:00-04:00,21.219999313354492,21.219999313354492,21.0,21.059999465942383,39250,0.0,0.0
2022-08-10 00:00:00-04:00,21.18000030517578,21.399999618530273,21.18000030517578,21.280000686645508,88450,0.0,0.0
2022-08-11 00:00:00-04:00,21.559999465942383,21.559999465942383,21.18000030517578,21.239999771118164,59300,0.0,0.0
2022-08-12 00:00:00-04:00,21.459999084472656,21.559999465942383,21.31999969482422,21.3799991607666,50150,0.0,0.0
2022-08-15 00:00:00-04:00,21.459999084472656,21.600000381469727,21.3799991607666,21.5,93600,0.0,0.0
2022-08-16 00:00:00-04:00,21.540000915527344,21.579999923706055,21.360000610351562,21.479999542236328,54200,0.0,0.0
2022-08-17 00:00:00-04:00,21.360000610351562,21.440000534057617,21.200000762939453,21.360000610351562,54050,0.0,0.0
2022-08-18 00:00:00-04:00,21.299999237060547,21.5,21.15999984741211,21.31999969482422,68050,0.0,0.0
2022-08-19 00:00:00-04:00,21.239999771118164,21.299999237060547,21.100000381469727,21.15999984741211,80300,0.0,0.0
2022-08-22 00:00:00-04:00,21.020000457763672,21.139999389648438,20.65999984741211,20.760000228881836,81400,0.0,0.0
2022-08-23 00:00:00-04:00,20.6200008392334,20.780000686645508,20.440000534057617,20.5,92850,0.0,0.0
2022-08-24 00:00:00-04:00,20.399999618530273,20.719999313354492,20.3799991607666,20.68000030517578,60000,0.0,0.0
2022-08-25 00:00:00-04:00,20.68000030517578,20.760000228881836,20.600000381469727,20.700000762939453,45150,0.0,0.0
2022-08-26 00:00:00-04:00,20.719999313354492,20.739999771118164,20.3799991607666,20.399999618530273,48450,0.0,0.0
2022-08-29 00:00:00-04:00,20.200000762939453,20.420000076293945,20.200000762939453,20.239999771118164,55450,0.0,0.0
2022-08-30 00:00:00-04:00,20.31999969482422,20.360000610351562,19.8799991607666,19.959999084472656,64750,0.0,0.0
2022-08-31 00:00:00-04:00,20.219999313354492,20.299999237060547,20.0,20.139999389648438,53000,0.0,0.0
2022-09-01 00:00:00-04:00,20.020000457763672,20.34000015258789,19.719999313354492,19.959999084472656,100000,0.0,0.0
2022-09-02 00:00:00-04:00,20.100000381469727,20.280000686645508,19.84000015258789,19.860000610351562,45850,0.0,0.0
2022-09-06 00:00:00-04:00,19.959999084472656,19.979999542236328,19.459999084472656,19.540000915527344,95200,0.0,0.0
2022-09-07 00:00:00-04:00,19.540000915527344,19.959999084472656,19.520000457763672,19.899999618530273,48950,0.0,0.0
2022-09-08 00:00:00-04:00,19.940000534057617,20.0,19.81999969482422,20.0,41300,0.0,0.0
2022-09-09 00:00:00-04:00,20.15999984741211,20.280000686645508,20.020000457763672,20.100000381469727,50750,0.0,0.0
2022-09-12 00:00:00-04:00,20.200000762939453,20.239999771118164,20.040000915527344,20.139999389648438,76350,0.0,0.0
2022-09-13 00:00:00-04:00,20.0,20.100000381469727,19.700000762939453,19.739999771118164,61200,0.0,0.0
2022-09-14 00:00:00-04:00,19.860000610351562,20.059999465942383,19.6200008392334,19.780000686645508,56400,0.0,0.0
2022-09-15 00:00:00-04:00,19.780000686645508,19.8799991607666,19.559999465942383,19.6200008392334,50500,0.0,0.0
2022-09-16 00:00:00-04:00,19.5,19.579999923706055,19.34000015258789,19.420000076293945,88700,0.0,0.0
2022-09-19 00:00:00-04:00,19.399999618530273,19.700000762939453,19.34000015258789,19.579999923706055,56250,0.0,0.0
2022-09-20 00:00:00-04:00,19.540000915527344,19.540000915527344,19.139999389648438,19.219999313354492,66150,0.0,0.0
2022-09-21 00:00:00-04:00,19.0,19.260000228881836,18.899999618530273,18.920000076293945,83800,0.0,0.0
2022-09-22 00:00:00-04:00,19.0,19.059999465942383,18.420000076293945,18.540000915527344,95050,0.0,0.0
2022-09-23 00:00:00-04:00,18.260000228881836,18.360000610351562,17.540000915527344,17.68000030517578,139900,0.0,0.0
2022-09-26 00:00:00-04:00,17.559999465942383,17.65999984741211,16.420000076293945,16.780000686645508,141900,0.0,0.0
2022-09-27 00:00:00-04:00,16.860000610351562,17.559999465942383,16.799999237060547,16.8799991607666,97600,0.0,0.0
2022-09-28 00:00:00-04:00,17.0,17.600000381469727,16.780000686645508,17.5,80650,0.0,0.0
2022-09-29 00:00:00-04:00,17.479999542236328,17.479999542236328,16.600000381469727,16.780000686645508,103300,0.0,0.0
2022-09-30 00:00:00-04:00,16.81999969482422,17.459999084472656,16.719999313354492,16.979999542236328,111650,0.0,0.0
2022-10-03 00:00:00-04:00,17.100000381469727,17.260000228881836,16.600000381469727,17.040000915527344,99200,0.0,0.0
2022-10-04 00:00:00-04:00,17.440000534057617,18.139999389648438,17.440000534057617,18.139999389648438,92750,0.0,0.0
2022-10-05 00:00:00-04:00,18.0,18.059999465942383,17.540000915527344,17.780000686645508,46950,0.0,0.0
2022-10-06 00:00:00-04:00,17.780000686645508,17.860000610351562,17.3799991607666,17.440000534057617,37800,0.0,0.0
2022-10-07 00:00:00-04:00,17.299999237060547,17.399999618530273,17.020000457763672,17.059999465942383,60600,0.0,0.0
2022-10-10 00:00:00-04:00,17.059999465942383,17.200000762939453,16.65999984741211,16.81999969482422,62950,0.0,0.0
2022-10-11 00:00:00-04:00,16.700000762939453,16.84000015258789,16.459999084472656,16.65999984741211,62100,0.0,0.0
2022-10-12 00:00:00-04:00,16.799999237060547,17.239999771118164,16.639999389648438,17.100000381469727,84650,0.0,0.0
2022-10-13 00:00:00-04:00,16.760000228881836,17.6200008392334,16.520000457763672,17.559999465942383,68900,0.0,0.0
2022-10-14 00:00:00-04:00,17.719999313354492,17.84000015258789,17.559999465942383,17.65999984741211,49100,0.0,0.0
2022-10-17 00:00:00-04:00,17.8799991607666,18.260000228881836,17.860000610351562,18.200000762939453,64350,0.0,0.0
2022-10-18 00:00:00-04:00,18.5,18.719999313354492,18.34000015258789,18.440000534057617,59600,0.0,0.0
2022-10-19 00:00:00-04:00,18.239999771118164,18.579999923706055,18.219999313354492,18.420000076293945,78700,0.0,0.0
2022-10-20 00:00:00-04:00,18.260000228881836,18.479999542236328,18.079999923706055,18.139999389648438,51850,0.0,0.0
2022-10-21 00:00:00-04:00,18.040000915527344,18.360000610351562,17.8799991607666,18.280000686645508,48100,0.0,0.0
2022-10-24 00:00:00-04:00,18.479999542236328,18.65999984741211,18.34000015258789,18.520000457763672,69550,0.0,0.0
2022-10-25 00:00:00-04:00,18.459999084472656,19.15999984741211,18.459999084472656,19.059999465942383,63450,0.0,0.0
2022-10-26 00:00:00-04:00,19.1200008392334,19.239999771118164,18.920000076293945,18.959999084472656,49550,0.0,0.0
2022-10-27 00:00:00-04:00,19.100000381469727,19.280000686645508,18.639999389648438,18.719999313354492,70700,0.0,0.0
2022-10-28 00:00:00-04:00,18.860000610351562,19.18000030517578,18.760000228881836,19.100000381469727,86100,0.0,0.0
2022-10-31 00:00:00-04:00,19.15999984741211,19.239999771118164,18.8799991607666,18.899999618530273,89950,0.0,0.0
2022-11-01 00:00:00-04:00,19.1200008392334,19.1200008392334,18.81999969482422,18.979999542236328,44050,0.0,0.0
2022-11-02 00:00:00-04:00,18.920000076293945,19.139999389648438,18.719999313354492,18.799999237060547,74950,0.0,0.0
2022-11-03 00:00:00-04:00,18.639999389648438,18.959999084472656,18.579999923706055,18.81999969482422,68850,0.0,0.0
2022-11-04 00:00:00-04:00,18.84000015258789,19.200000762939453,18.780000686645508,19.079999923706055,96100,0.0,0.0
2022-11-07 00:00:00-05:00,19.1200008392334,19.899999618530273,19.1200008392334,19.780000686645508,97050,0.0,0.0
2022-11-08 00:00:00-05:00,19.780000686645508,20.100000381469727,19.540000915527344,19.639999389648438,73550,0.0,0.0
2022-11-09 00:00:00-05:00,19.639999389648438,19.81999969482422,19.31999969482422,19.520000457763672,69050,0.0,0.0
2022-11-10 00:00:00-05:00,19.8799991607666,20.360000610351562,19.719999313354492,19.81999969482422,81850,0.0,0.0
2022-11-11 00:00:00-05:00,19.940000534057617,20.219999313354492,19.84000015258789,20.079999923706055,57750,0.0,0.0
2022-11-14 00:00:00-05:00,20.18000030517578,20.34000015258789,19.799999237060547,20.079999923706055,104450,0.0,0.0
2022-11-15 00:00:00-05:00,20.579999923706055,21.219999313354492,20.139999389648438,21.040000915527344,135000,0.0,0.0
2022-11-16 00:00:00-05:00,21.0,21.34000015258789,20.81999969482422,20.979999542236328,78600,0.0,0.0
2022-11-17 00:00:00-05:00,20.600000381469727,21.079999923706055,20.420000076293945,21.079999923706055,46950,0.0,0.0
2022-11-18 00:00:00-05:00,21.18000030517578,21.200000762939453,20.6200008392334,20.719999313354492,63950,0.0,0.0
2022-11-21 00:00:00-05:00,20.700000762939453,20.739999771118164,20.540000915527344,20.600000381469727,57150,0.0,0.0
2022-11-22 00:00:00-05:00,20.700000762939453,20.8799991607666,20.600000381469727,20.760000228881836,54600,0.0,0.0
2022-11-23 00:00:00-05:00,20.579999923706055,20.920000076293945,20.540000915527344,20.68000030517578,79250,0.0,0.0
2022-11-25 00:00:00-05:00,20.719999313354492,21.079999923706055,20.68000030517578,20.899999618530273,62750,0.0,0.0
2022-11-28 00:00:00-05:00,20.979999542236328,20.979999542236328,20.3799991607666,20.440000534057617,68200,0.0,0.0
2022-11-29 00:00:00-05:00,20.440000534057617,20.600000381469727,20.1200008392334,20.399999618530273,76000,0.0,0.0
2022-11-30 00:00:00-05:00,20.579999923706055,20.639999389648438,20.139999389648438,20.440000534057617,82700,0.0,0.0
2022-12-01 00:00:00-05:00,20.579999923706055,20.65999984741211,20.219999313354492,20.239999771118164,69900,0.0,0.0
2022-12-02 00:00:00-05:00,20.280000686645508,20.440000534057617,19.940000534057617,20.440000534057617,153300,0.0,0.0
2022-12-05 00:00:00-05:00,20.360000610351562,20.440000534057617,19.920000076293945,19.940000534057617,62650,0.0,0.0
2022-12-06 00:00:00-05:00,20.0,20.139999389648438,19.579999923706055,19.68000030517578,69100,0.0,0.0
2022-12-07 00:00:00-05:00,19.739999771118164,19.920000076293945,19.579999923706055,19.739999771118164,40500,0.0,0.0
2022-12-08 00:00:00-05:00,19.739999771118164,20.0,19.579999923706055,19.739999771118164,53150,0.0,0.0
2022-12-09 00:00:00-05:00,19.68000030517578,19.979999542236328,19.579999923706055,19.860000610351562,39800,0.0,0.0
2022-12-12 00:00:00-05:00,19.780000686645508,19.799999237060547,19.639999389648438,19.760000228881836,43300,0.0,0.0
2022-12-13 00:00:00-05:00,19.899999618530273,20.020000457763672,19.6200008392334,19.68000030517578,66250,0.0,0.0
2022-12-14 00:00:00-05:00,19.739999771118164,19.860000610351562,19.540000915527344,19.639999389648438,37900,0.0,0.0
2022-12-15 00:00:00-05:00,19.6200008392334,19.639999389648438,19.440000534057617,19.600000381469727,44950,0.0,0.0
2022-12-16 00:00:00-05:00,19.3799991607666,19.559999465942383,19.100000381469727,19.219999313354492,91050,0.0,0.0
2022-12-19 00:00:00-05:00,19.280000686645508,19.420000076293945,18.81999969482422,18.959999084472656,65100,0.0,0.0
2022-12-20 00:00:00-05:00,18.899999618530273,18.920000076293945,18.479999542236328,18.579999923706055,109800,0.0,0.0
2022-12-21 00:00:00-05:00,18.780000686645508,19.260000228881836,18.780000686645508,18.940000534057617,45850,0.0,0.0
2022-12-22 00:00:00-05:00,18.979999542236328,18.979999542236328,18.459999084472656,18.81999969482422,78350,0.0,0.0
2022-12-23 00:00:00-05:00,18.899999618530273,19.18000030517578,18.799999237060547,19.15999984741211,59150,0.0,0.0
2022-12-27 00:00:00-05:00,19.479999542236328,19.5,18.920000076293945,19.079999923706055,74050,0.0,0.0
2022-12-28 00:00:00-05:00,19.059999465942383,19.299999237060547,18.860000610351562,18.920000076293945,47400,0.0,0.0
2022-12-29 00:00:00-05:00,18.940000534057617,19.260000228881836,18.920000076293945,19.260000228881836,50500,0.0,0.0
2022-12-30 00:00:00-05:00,19.260000228881836,19.559999465942383,18.959999084472656,19.239999771118164,66400,0.0,0.0
2023-01-03 00:00:00-05:00,19.399999618530273,19.600000381469727,19.239999771118164,19.5,74400,0.0,0.0
2023-01-04 00:00:00-05:00,19.540000915527344,19.719999313354492,19.459999084472656,19.639999389648438,48750,0.0,0.0
2023-01-05 00:00:00-05:00,19.719999313354492,19.719999313354492,19.139999389648438,19.260000228881836,73500,0.0,0.0
2023-01-06 00:00:00-05:00,19.440000534057617,19.5,19.34000015258789,19.459999084472656,26900,0.0,0.0
2023-01-09 00:00:00-05:00,19.5,19.84000015258789,19.5,19.68000030517578,72100,0.0,0.0
2023-01-10 00:00:00-05:00,19.780000686645508,19.8799991607666,19.65999984741211,19.799999237060547,35650,0.0,0.0
2023-01-11 00:00:00-05:00,20.020000457763672,20.15999984741211,19.979999542236328,20.040000915527344,105800,0.0,0.0
2023-01-12 00:00:00-05:00,20.200000762939453,20.360000610351562,20.0,20.360000610351562,85200,0.0,0.0
2023-01-13 00:00:00-05:00,20.280000686645508,20.399999618530273,20.1200008392334,20.299999237060547,96300,0.0,0.0
2023-01-17 00:00:00-05:00,20.360000610351562,20.639999389648438,20.299999237060547,20.34000015258789,129250,0.0,0.0
2023-01-18 00:00:00-05:00,20.299999237060547,20.520000457763672,20.15999984741211,20.280000686645508,128800,0.0,0.0
2023-01-19 00:00:00-05:00,20.0,20.18000030517578,19.860000610351562,20.040000915527344,66750,0.0,0.0
2023-01-20 00:00:00-05:00,20.1200008392334,20.200000762939453,20.020000457763672,20.18000030517578,56900,0.0,0.0
2023-01-23 00:00:00-05:00,20.15999984741211,20.420000076293945,20.100000381469727,20.31999969482422,111000,0.0,0.0
2023-01-24 00:00:00-05:00,20.280000686645508,20.399999618530273,20.1200008392334,20.15999984741211,49300,0.0,0.0
2023-01-25 00:00:00-05:00,20.1200008392334,20.200000762939453,19.959999084472656,20.18000030517578,55600,0.0,0.0
2023-01-26 00:00:00-05:00,20.219999313354492,20.239999771118164,20.020000457763672,20.139999389648438,86800,0.0,0.0
2023-01-27 00:00:00-05:00,20.200000762939453,20.299999237060547,20.059999465942383,20.1200008392334,60500,0.0,0.0
2023-01-30 00:00:00-05:00,20.100000381469727,20.399999618530273,20.079999923706055,20.219999313354492,54550,0.0,0.0
2023-01-31 00:00:00-05:00,20.399999618530273,20.65999984741211,20.31999969482422,20.65999984741211,93150,0.0,0.0
2023-02-01 00:00:00-05:00,20.68000030517578,20.860000610351562,20.5,20.65999984741211,93200,0.0,0.0
2023-02-02 00:00:00-05:00,20.81999969482422,21.0,20.6200008392334,20.780000686645508,85900,0.0,0.0
2023-02-03 00:00:00-05:00,20.780000686645508,20.979999542236328,20.6200008392334,20.899999618530273,68050,0.0,0.0
2023-02-06 00:00:00-05:00,20.920000076293945,21.0,20.5,20.719999313354492,78250,0.0,0.0
2023-02-07 00:00:00-05:00,20.940000534057617,21.739999771118164,20.799999237060547,21.700000762939453,153100,0.0,0.0
2023-02-08 00:00:00-05:00,21.520000457763672,21.65999984741211,21.280000686645508,21.420000076293945,70050,0.0,0.0
2023-02-09 00:00:00-05:00,21.399999618530273,21.600000381469727,21.059999465942383,21.15999984741211,71400,0.0,0.0
2023-02-10 00:00:00-05:00,21.219999313354492,21.260000228881836,21.0,21.260000228881836,45150,0.0,0.0
2023-02-13 00:00:00-05:00,21.31999969482422,21.360000610351562,21.15999984741211,21.31999969482422,62150,0.0,0.0
2023-02-14 00:00:00-05:00,21.260000228881836,21.399999618530273,21.18000030517578,21.360000610351562,55050,0.0,0.0
2023-02-15 00:00:00-05:00,21.3799991607666,21.3799991607666,21.18000030517578,21.280000686645508,102350,0.0,0.0
2023-02-16 00:00:00-05:00,20.8799991607666,21.239999771118164,20.860000610351562,21.0,61550,0.0,0.0
2023-02-17 00:00:00-05:00,21.020000457763672,21.200000762939453,20.899999618530273,20.940000534057617,84550,0.0,0.0
2023-02-21 00:00:00-05:00,20.780000686645508,20.899999618530273,20.399999618530273,20.540000915527344,77300,0.0,0.0
2023-02-22 00:00:00-05:00,20.540000915527344,20.579999923706055,20.280000686645508,20.3799991607666,75150,0.0,0.0
2023-02-23 00:00:00-05:00,20.540000915527344,20.68000030517578,20.299999237060547,20.5,47950,0.0,0.0
2023-02-24 00:00:00-05:00,20.479999542236328,20.5,20.31999969482422,20.34000015258789,45400,0.0,0.0
2023-02-27 00:00:00-05:00,20.219999313354492,20.579999923706055,20.200000762939453,20.299999237060547,79600,0.0,0.0
2023-02-28 00:00:00-05:00,20.459999084472656,20.459999084472656,20.200000762939453,20.239999771118164,64100,0.0,0.0
2023-03-01 00:00:00-05:00,20.260000228881836,20.360000610351562,19.979999542236328,20.100000381469727,65350,0.0,0.0
2023-03-02 00:00:00-05:00,20.040000915527344,20.18000030517578,19.959999084472656,20.1200008392334,50200,0.0,0.0
2023-03-03 00:00:00-05:00,20.1200008392334,20.31999969482422,20.1200008392334,20.219999313354492,59700,0.0,0.0
2023-03-06 00:00:00-05:00,20.200000762939453,20.3799991607666,20.079999923706055,20.139999389648438,76150,0.0,0.0
2023-03-07 00:00:00-05:00,20.040000915527344,20.200000762939453,19.959999084472656,20.040000915527344,44100,0.0,0.0
2023-03-08 00:00:00-05:00,19.959999084472656,20.100000381469727,19.959999084472656,20.040000915527344,50600,0.0,0.0
2023-03-09 00:00:00-05:00,20.079999923706055,20.1200008392334,19.420000076293945,19.459999084472656,101600,0.0,0.0
2023-03-10 00:00:00-05:00,19.399999618530273,19.440000534057617,18.5,18.6200008392334,157950,0.0,0.0
2023-03-13 00:00:00-04:00,18.239999771118164,18.700000762939453,17.760000228881836,18.3799991607666,150350,0.0,0.0
2023-03-14 00:00:00-04:00,18.799999237060547,19.219999313354492,18.639999389648438,18.780000686645508,90800,0.0,0.0
2023-03-15 00:00:00-04:00,18.34000015258789,18.600000381469727,18.100000381469727,18.459999084472656,104700,0.0,0.0
2023-03-16 00:00:00-04:00,18.299999237060547,18.899999618530273,18.1200008392334,18.799999237060547,119300,0.0,0.0
2023-03-17 00:00:00-04:00,18.68000030517578,18.700000762939453,18.260000228881836,18.280000686645508,73850,0.0,0.0
2023-03-20 00:00:00-04:00,18.440000534057617,18.760000228881836,18.079999923706055,18.200000762939453,73000,0.0,0.0
2023-03-21 00:00:00-04:00,18.3799991607666,18.860000610351562,18.34000015258789,18.579999923706055,61900,0.0,0.0
2023-03-22 00:00:00-04:00,18.540000915527344,18.68000030517578,18.139999389648438,18.139999389648438,48200,0.0,0.0
2023-03-23 00:00:00-04:00,18.15999984741211,18.3799991607666,17.81999969482422,18.0,68000,0.0,0.0
2023-03-24 00:00:00-04:00,17.920000076293945,18.280000686645508,17.739999771118164,18.260000228881836,62950,0.0,0.0
2023-03-27 00:00:00-04:00,18.420000076293945,18.559999465942383,18.18000030517578,18.399999618530273,52900,0.0,0.0
2023-03-28 00:00:00-04:00,18.440000534057617,18.540000915527344,18.34000015258789,18.479999542236328,31250,0.0,0.0
2023-03-29 00:00:00-04:00,18.600000381469727,18.739999771118164,18.540000915527344,18.700000762939453,47400,0.0,0.0
2023-03-30 00:00:00-04:00,18.719999313354492,18.739999771118164,18.5,18.579999923706055,48700,0.0,0.0
2023-03-31 00:00:00-04:00,18.760000228881836,19.020000457763672,18.68000030517578,18.799999237060547,70300,0.0,0.0
2023-04-03 00:00:00-04:00,18.860000610351562,18.959999084472656,18.600000381469727,18.65999984741211,113450,0.0,0.0
2023-04-04 00:00:00-04:00,18.780000686645508,18.860000610351562,18.559999465942383,18.760000228881836,64800,0.0,0.0
2023-04-05 00:00:00-04:00,18.739999771118164,18.760000228881836,18.5,18.600000381469727,43750,0.0,0.0
2023-04-06 00:00:00-04:00,18.540000915527344,18.639999389648438,18.459999084472656,18.479999542236328,41000,0.0,0.0
2023-04-10 00:00:00-04:00,18.5,18.6200008392334,18.219999313354492,18.420000076293945,54950,0.0,0.0
2023-04-11 00:00:00-04:00,18.459999084472656,18.600000381469727,18.3799991607666,18.399999618530273,49100,0.0,0.0
2023-04-12 00:00:00-04:00,18.600000381469727,18.639999389648438,18.420000076293945,18.440000534057617,67050,0.0,0.0
2023-04-13 00:00:00-04:00,18.559999465942383,18.860000610351562,18.540000915527344,18.860000610351562,68150,0.0,0.0
2023-04-14 00:00:00-04:00,18.860000610351562,19.139999389648438,18.639999389648438,18.780000686645508,137400,0.0,0.0
2023-04-17 00:00:00-04:00,18.81999969482422,19.139999389648438,18.719999313354492,19.1200008392334,84000,0.0,0.0
2023-04-18 00:00:00-04:00,19.15999984741211,19.15999984741211,18.860000610351562,19.020000457763672,59050,0.0,0.0
2023-04-19 00:00:00-04:00,19.040000915527344,19.18000030517578,19.0,19.059999465942383,92450,0.0,0.0
2023-04-20 00:00:00-04:00,18.81999969482422,19.0,18.760000228881836,18.940000534057617,71550,0.0,0.0
2023-04-21 00:00:00-04:00,19.040000915527344,19.040000915527344,18.84000015258789,18.920000076293945,71500,0.0,0.0
2023-04-24 00:00:00-04:00,18.84000015258789,19.040000915527344,18.799999237060547,18.979999542236328,73650,0.0,0.0
2023-04-25 00:00:00-04:00,18.959999084472656,19.079999923706055,18.739999771118164,18.81999969482422,42500,0.0,0.0
2023-04-26 00:00:00-04:00,18.860000610351562,19.15999984741211,18.84000015258789,19.020000457763672,61200,0.0,0.0
2023-04-27 00:00:00-04:00,19.1200008392334,19.260000228881836,19.020000457763672,19.200000762939453,80250,0.0,0.0
2023-04-28 00:00:00-04:00,19.239999771118164,19.579999923706055,19.18000030517578,19.299999237060547,66350,0.0,0.0
2023-05-01 00:00:00-04:00,19.459999084472656,19.479999542236328,19.0,19.020000457763672,76350,0.0,0.0
2023-05-02 00:00:00-04:00,19.059999465942383,19.100000381469727,18.520000457763672,18.84000015258789,106700,0.0,0.0
2023-05-03 00:00:00-04:00,18.760000228881836,19.040000915527344,18.6200008392334,18.739999771118164,50450,0.0,0.0
2023-05-04 00:00:00-04:00,18.739999771118164,18.959999084472656,18.520000457763672,18.739999771118164,67450,0.0,0.0
2023-05-05 00:00:00-04:00,18.979999542236328,19.059999465942383,18.760000228881836,18.84000015258789,62900,0.0,0.0
2023-05-08 00:00:00-04:00,18.860000610351562,18.920000076293945,18.540000915527344,18.780000686645508,83650,0.0,0.0
2023-05-09 00:00:00-04:00,18.719999313354492,18.8799991607666,18.639999389648438,18.739999771118164,56150,0.0,0.0
2023-05-10 00:00:00-04:00,18.959999084472656,18.959999084472656,18.68000030517578,18.860000610351562,57800,0.0,0.0
2023-05-11 00:00:00-04:00,18.84000015258789,18.84000015258789,18.6200008392334,18.719999313354492,33100,0.0,0.0
2023-05-12 00:00:00-04:00,18.719999313354492,18.84000015258789,18.600000381469727,18.700000762939453,32200,0.0,0.0
2023-05-15 00:00:00-04:00,19.020000457763672,19.020000457763672,18.799999237060547,18.899999618530273,52800,0.0,0.0
2023-05-16 00:00:00-04:00,18.8799991607666,18.899999618530273,18.700000762939453,18.700000762939453,34000,0.0,0.0
2023-05-17 00:00:00-04:00,18.719999313354492,19.040000915527344,18.6200008392334,18.979999542236328,88950,0.0,0.0
2023-05-18 00:00:00-04:00,18.860000610351562,18.959999084472656,18.84000015258789,18.84000015258789,46650,0.0,0.0
2023-05-19 00:00:00-04:00,18.860000610351562,19.100000381469727,18.860000610351562,18.920000076293945,127250,0.0,0.0
2023-05-22 00:00:00-04:00,18.760000228881836,18.8799991607666,18.559999465942383,18.81999969482422,75850,0.0,0.0
2023-05-23 00:00:00-04:00,18.799999237060547,18.899999618530273,18.700000762939453,18.780000686645508,57650,0.0,0.0
2023-05-24 00:00:00-04:00,18.700000762939453,18.760000228881836,18.399999618530273,18.600000381469727,65650,0.0,0.0
2023-05-25 00:00:00-04:00,18.600000381469727,18.719999313354492,18.3799991607666,18.639999389648438,62550,0.0,0.0
2023-05-26 00:00:00-04:00,18.68000030517578,18.959999084472656,18.639999389648438,18.940000534057617,62900,0.0,0.0
2023-05-30 00:00:00-04:00,18.899999618530273,18.940000534057617,18.700000762939453,18.8799991607666,80400,0.0,0.0
2023-05-31 00:00:00-04:00,18.8799991607666,18.8799991607666,18.719999313354492,18.81999969482422,71050,0.0,0.0
2023-06-01 00:00:00-04:00,18.780000686645508,18.920000076293945,18.65999984741211,18.84000015258789,106200,0.0,0.0
2023-06-02 00:00:00-04:00,18.959999084472656,18.979999542236328,18.760000228881836,18.84000015258789,126300,0.0,0.0
2023-06-05 00:00:00-04:00,18.899999618530273,18.979999542236328,18.81999969482422,18.8799991607666,78700,0.0,0.0
2023-06-06 00:00:00-04:00,18.8799991607666,19.1200008392334,18.860000610351562,19.100000381469727,117250,0.0,0.0
2023-06-07 00:00:00-04:00,19.15999984741211,19.84000015258789,19.059999465942383,19.6200008392334,143450,0.0,0.0
2023-06-08 00:00:00-04:00,19.68000030517578,19.780000686645508,19.520000457763672,19.600000381469727,88750,0.0,0.0
2023-06-09 00:00:00-04:00,19.600000381469727,19.600000381469727,19.399999618530273,19.420000076293945,63350,0.0,0.0
2023-06-12 00:00:00-04:00,19.420000076293945,19.639999389648438,19.420000076293945,19.600000381469727,69800,0.0,0.0
2023-06-13 00:00:00-04:00,19.6200008392334,19.760000228881836,19.540000915527344,19.719999313354492,82700,0.0,0.0
2023-06-14 00:00:00-04:00,19.780000686645508,19.799999237060547,19.280000686645508,19.399999618530273,130700,0.0,0.0
2023-06-15 00:00:00-04:00,19.5,19.700000762939453,19.479999542236328,19.540000915527344,116800,0.0,0.0
2023-06-16 00:00:00-04:00,19.6200008392334,19.719999313354492,19.479999542236328,19.559999465942383,141950,0.0,0.0
2023-06-20 00:00:00-04:00,19.420000076293945,19.459999084472656,19.260000228881836,19.260000228881836,105900,0.0,0.0
2023-06-21 00:00:00-04:00,19.260000228881836,19.34000015258789,19.040000915527344,19.040000915527344,66000,0.0,0.0
2023-06-22 00:00:00-04:00,19.100000381469727,19.15999984741211,19.0,19.020000457763672,70900,0.0,0.0
2023-06-23 00:00:00-04:00,19.0,19.040000915527344,18.81999969482422,18.860000610351562,56150,0.0,0.0
2023-06-26 00:00:00-04:00,18.899999618530273,18.979999542236328,18.84000015258789,18.920000076293945,69000,0.0,0.0
2023-06-27 00:00:00-04:00,18.940000534057617,19.0,18.8799991607666,18.940000534057617,59950,0.0,0.0
2023-06-28 00:00:00-04:00,18.959999084472656,19.0,18.799999237060547,18.940000534057617,52350,0.0,0.0
2023-06-29 00:00:00-04:00,18.920000076293945,19.360000610351562,18.920000076293945,19.299999237060547,59100,0.0,0.0
2023-06-30 00:00:00-04:00,19.3799991607666,19.639999389648438,19.3799991607666,19.520000457763672,63550,0.0,0.0
2023-07-03 00:00:00-04:00,19.540000915527344,19.8799991607666,19.479999542236328,19.81999969482422,59100,0.0,0.0
2023-07-05 00:00:00-04:00,19.8799991607666,20.200000762939453,19.760000228881836,20.0,153750,0.0,0.0
2023-07-06 00:00:00-04:00,20.0,20.260000228881836,19.799999237060547,20.200000762939453,92350,0.0,0.0
2023-07-07 00:00:00-04:00,20.1200008392334,20.399999618530273,20.100000381469727,20.280000686645508,83450,0.0,0.0
2023-07-10 00:00:00-04:00,20.200000762939453,20.399999618530273,20.020000457763672,20.219999313354492,82850,0.0,0.0
2023-07-11 00:00:00-04:00,20.280000686645508,20.31999969482422,20.1200008392334,20.31999969482422,55250,0.0,0.0
2023-07-12 00:00:00-04:00,20.420000076293945,20.860000610351562,20.399999618530273,20.719999313354492,85550,0.0,0.0
2023-07-13 00:00:00-04:00,20.799999237060547,21.0,20.719999313354492,20.899999618530273,94650,0.0,0.0
2023-07-14 00:00:00-04:00,21.0,21.020000457763672,20.719999313354492,21.0,68050,0.0,0.0
2023-07-17 00:00:00-04:00,21.15999984741211,21.600000381469727,21.020000457763672,21.399999618530273,138350,0.0,0.0
2023-07-18 00:00:00-04:00,21.360000610351562,21.700000762939453,21.239999771118164,21.6200008392334,89200,0.0,0.0
2023-07-19 00:00:00-04:00,21.65999984741211,22.0,21.6200008392334,21.84000015258789,102100,0.0,0.0
2023-07-20 00:00:00-04:00,21.6200008392334,21.65999984741211,20.65999984741211,20.780000686645508,147900,0.0,0.0
2023-07-21 00:00:00-04:00,20.860000610351562,21.260000228881836,20.799999237060547,21.079999923706055,65600,0.0,0.0
2023-07-24 00:00:00-04:00,21.1200008392334,21.540000915527344,21.1200008392334,21.3799991607666,64900,0.0,0.0
2023-07-25 00:00:00-04:00,21.34000015258789,21.579999923706055,21.299999237060547,21.459999084472656,58500,0.0,0.0
2023-07-26 00:00:00-04:00,21.459999084472656,21.780000686645508,21.3799991607666,21.719999313354492,61300,0.0,0.0
2023-07-27 00:00:00-04:00,22.0,22.559999465942383,21.8799991607666,22.020000457763672,178650,0.0,0.0
2023-07-28 00:00:00-04:00,22.020000457763672,22.200000762939453,21.700000762939453,21.940000534057617,122750,0.0,0.0
2023-07-31 00:00:00-04:00,22.079999923706055,22.3799991607666,22.020000457763672,22.18000030517578,99400,0.0,0.0
2023-08-01 00:00:00-04:00,22.020000457763672,22.459999084472656,22.020000457763672,22.3799991607666,73600,0.0,0.0
2023-08-02 00:00:00-04:00,22.239999771118164,22.260000228881836,21.940000534057617,22.100000381469727,80550,0.0,0.0
2023-08-03 00:00:00-04:00,22.020000457763672,22.219999313354492,22.0,22.059999465942383,55550,0.0,0.0
2023-08-04 00:00:00-04:00,22.15999984741211,22.260000228881836,21.959999084472656,22.040000915527344,70550,0.0,0.0
2023-08-07 00:00:00-04:00,22.100000381469727,22.15999984741211,21.6200008392334,21.68000030517578,115150,0.0,0.0
2023-08-08 00:00:00-04:00,21.739999771118164,22.0,21.5,21.860000610351562,65350,0.0,0.0
2023-08-09 00:00:00-04:00,21.739999771118164,22.079999923706055,21.739999771118164,21.860000610351562,70300,0.0,0.0
2023-08-10 00:00:00-04:00,21.860000610351562,22.040000915527344,21.760000228881836,21.760000228881836,72200,0.0,0.0
2023-08-11 00:00:00-04:00,21.799999237060547,21.8799991607666,21.0,21.559999465942383,149350,0.0,0.0
2023-08-14 00:00:00-04:00,21.5,21.559999465942383,21.239999771118164,21.34000015258789,65800,0.0,0.0
2023-08-15 00:00:00-04:00,21.399999618530273,21.440000534057617,21.059999465942383,21.139999389648438,61400,0.0,0.0
2023-08-16 00:00:00-04:00,21.18000030517578,21.200000762939453,20.700000762939453,20.739999771118164,112400,0.0,0.0
2023-08-17 00:00:00-04:00,20.780000686645508,20.84000015258789,20.3799991607666,20.459999084472656,94600,0.0,0.0
2023-08-18 00:00:00-04:00,20.459999084472656,20.5,20.260000228881836,20.420000076293945,175800,0.0,0.0
2023-08-21 00:00:00-04:00,20.420000076293945,20.5,20.239999771118164,20.299999237060547,202500,0.0,0.0
2023-08-22 00:00:00-04:00,20.100000381469727,20.139999389648438,19.860000610351562,20.040000915527344,163300,0.0,0.0
2023-08-23 00:00:00-04:00,20.020000457763672,20.31999969482422,20.020000457763672,20.1200008392334,153800,0.0,0.0
2023-08-24 00:00:00-04:00,20.15999984741211,20.280000686645508,19.959999084472656,20.020000457763672,151550,0.0,0.0
2023-08-25 00:00:00-04:00,20.100000381469727,20.260000228881836,20.0,20.079999923706055,177000,0.0,0.0
2023-08-28 00:00:00-04:00,20.18000030517578,20.31999969482422,19.799999237060547,19.959999084472656,721350,0.0,0.0
2023-08-29 00:00:00-04:00,20.0,20.1200008392334,19.899999618530273,20.0,409950,0.0,0.0
2023-08-30 00:00:00-04:00,20.0,20.299999237060547,19.799999237060547,20.200000762939453,1119850,0.0,0.0
2023-08-31 00:00:00-04:00,20.360000610351562,20.440000534057617,20.219999313354492,20.31999969482422,472550,0.0,0.0
2023-09-01 00:00:00-04:00,20.540000915527344,20.739999771118164,20.360000610351562,20.479999542236328,459350,0.0,0.0
2023-09-05 00:00:00-04:00,20.5,20.600000381469727,20.18000030517578,20.200000762939453,266300,0.0,0.0
2023-09-06 00:00:00-04:00,20.200000762939453,20.299999237060547,19.3799991607666,19.440000534057617,557800,0.0,0.0
2023-09-07 00:00:00-04:00,19.420000076293945,19.899999618530273,19.420000076293945,19.739999771118164,185700,0.0,0.0
2023-09-08 00:00:00-04:00,19.81999969482422,19.979999542236328,19.780000686645508,19.899999618530273,107600,0.0,0.0
2023-09-11 00:00:00-04:00,19.920000076293945,20.219999313354492,19.920000076293945,20.079999923706055,136800,0.0,0.0
2023-09-12 00:00:00-04:00,20.100000381469727,20.280000686645508,20.0,20.040000915527344,85400,0.0,0.0
2023-09-13 00:00:00-04:00,20.100000381469727,20.18000030517578,20.020000457763672,20.059999465942383,103250,0.0,0.0
2023-09-14 00:00:00-04:00,20.219999313354492,20.299999237060547,20.059999465942383,20.239999771118164,159600,0.0,0.0
2023-09-15 00:00:00-04:00,20.280000686645508,20.520000457763672,20.219999313354492,20.399999618530273,145250,0.0,0.0
2023-09-18 00:00:00-04:00,20.399999618530273,20.540000915527344,20.34000015258789,20.459999084472656,158950,0.0,0.0
2023-09-19 00:00:00-04:00,20.540000915527344,20.65999984741211,20.3799991607666,20.399999618530273,203200,0.0,0.0
2023-09-20 00:00:00-04:00,20.239999771118164,20.420000076293945,20.15999984741211,20.200000762939453,127800,0.0,0.0
2023-09-21 00:00:00-04:00,20.100000381469727,20.1200008392334,19.8799991607666,20.020000457763672,135400,0.0,0.0
2023-09-22 00:00:00-04:00,20.059999465942383,20.219999313354492,20.059999465942383,20.200000762939453,124400,0.0,0.0
2023-09-25 00:00:00-04:00,20.219999313354492,20.299999237060547,19.700000762939453,20.18000030517578,1327500,0.0,0.0
2023-09-26 00:00:00-04:00,20.139999389648438,20.239999771118164,19.079999923706055,19.219999313354492,927900,0.0,0.0
2023-09-27 00:00:00-04:00,19.3799991607666,19.739999771118164,19.34000015258789,19.459999084472656,333450,0.0,0.0
2023-09-28 00:00:00-04:00,19.479999542236328,19.559999465942383,19.31999969482422,19.34000015258789,304200,0.0,0.0
2023-09-29 00:00:00-04:00,19.479999542236328,19.6200008392334,19.280000686645508,19.280000686645508,244550,0.0,0.0
2023-10-02 00:00:00-04:00,19.31999969482422,19.3799991607666,18.860000610351562,18.979999542236328,291850,0.0,0.0
2023-10-03 00:00:00-04:00,18.959999084472656,19.059999465942383,18.5,18.579999923706055,263850,0.0,0.0
2023-10-04 00:00:00-04:00,18.600000381469727,18.760000228881836,18.399999618530273,18.700000762939453,218750,0.0,0.0
2023-10-05 00:00:00-04:00,18.700000762939453,18.780000686645508,18.459999084472656,18.579999923706055,125750,0.0,0.0
2023-10-06 00:00:00-04:00,18.5,18.860000610351562,18.440000534057617,18.799999237060547,106650,0.0,0.0
2023-10-09 00:00:00-04:00,18.65999984741211,19.040000915527344,18.65999984741211,19.040000915527344,94100,0.0,0.0
2023-10-10 00:00:00-04:00,19.100000381469727,19.360000610351562,19.059999465942383,19.100000381469727,102450,0.0,0.0
2023-10-11 00:00:00-04:00,19.100000381469727,19.260000228881836,18.959999084472656,19.100000381469727,87550,0.0,0.0
2023-10-12 00:00:00-04:00,19.100000381469727,19.31999969482422,18.84000015258789,19.020000457763672,101350,0.0,0.0
2023-10-13 00:00:00-04:00,19.100000381469727,19.3799991607666,19.040000915527344,19.219999313354492,135800,0.0,0.0
2023-10-16 00:00:00-04:00,19.200000762939453,19.559999465942383,19.200000762939453,19.479999542236328,146400,0.0,0.0
2023-10-17 00:00:00-04:00,19.559999465942383,19.739999771118164,19.5,19.719999313354492,160400,0.0,0.0
2023-10-18 00:00:00-04:00,19.700000762939453,19.780000686645508,19.360000610351562,19.420000076293945,149600,0.0,0.0
2023-10-19 00:00:00-04:00,19.260000228881836,19.260000228881836,18.940000534057617,18.979999542236328,102300,0.0,0.0
2023-10-20 00:00:00-04:00,18.920000076293945,18.959999084472656,18.700000762939453,18.81999969482422,101100,0.0,0.0
2023-10-23 00:00:00-04:00,18.739999771118164,18.84000015258789,18.600000381469727,18.639999389648438,137200,0.0,0.0
2023-10-24 00:00:00-04:00,18.65999984741211,18.940000534057617,18.65999984741211,18.860000610351562,70100,0.0,0.0
2023-10-25 00:00:00-04:00,18.799999237060547,18.959999084472656,18.760000228881836,18.799999237060547,99800,0.0,0.0
2023-10-26 00:00:00-04:00,18.899999618530273,19.020000457763672,18.799999237060547,18.920000076293945,79450,0.0,0.0
2023-10-27 00:00:00-04:00,19.0,19.15999984741211,18.559999465942383,18.600000381469727,108350,0.0,0.0
2023-10-30 00:00:00-04:00,18.799999237060547,18.899999618530273,18.6200008392334,18.8799991607666,107150,0.0,0.0
2023-10-31 00:00:00-04:00,19.0,19.18000030517578,18.940000534057617,19.040000915527344,144050,0.0,0.0
2023-11-01 00:00:00-04:00,19.100000381469727,19.559999465942383,19.059999465942383,19.479999542236328,119550,0.0,0.0
2023-11-02 00:00:00-04:00,19.600000381469727,19.899999618530273,19.600000381469727,19.84000015258789,134850,0.0,0.0
2023-11-03 00:00:00-04:00,19.979999542236328,20.139999389648438,19.959999084472656,19.979999542236328,112250,0.0,0.0
2023-11-06 00:00:00-05:00,20.079999923706055,20.15999984741211,19.899999618530273,20.040000915527344,99000,0.0,0.0
2023-11-07 00:00:00-05:00,20.040000915527344,20.079999923706055,19.860000610351562,19.940000534057617,79450,0.0,0.0
2023-11-08 00:00:00-05:00,19.899999618530273,20.0,19.760000228881836,19.799999237060547,101750,0.0,0.0
2023-11-09 00:00:00-05:00,19.860000610351562,20.020000457763672,19.799999237060547,19.81999969482422,62500,0.0,0.0
2023-11-10 00:00:00-05:00,19.799999237060547,20.079999923706055,19.799999237060547,19.920000076293945,131700,0.0,0.0
2023-11-13 00:00:00-05:00,19.920000076293945,20.0,19.760000228881836,19.959999084472656,111050,0.0,0.0
2023-11-14 00:00:00-05:00,20.0,20.280000686645508,19.979999542236328,20.280000686645508,127950,0.0,0.0
2023-11-15 00:00:00-05:00,20.260000228881836,20.3799991607666,20.18000030517578,20.360000610351562,117050,0.0,0.0
2023-11-16 00:00:00-05:00,20.420000076293945,20.479999542236328,20.139999389648438,20.139999389648438,157150,0.0,0.0
2023-11-17 00:00:00-05:00,20.079999923706055,20.079999923706055,19.920000076293945,19.940000534057617,107500,0.0,0.0
2023-11-20 00:00:00-05:00,19.979999542236328,20.079999923706055,19.81999969482422,20.059999465942383,124150,0.0,0.0
2023-11-21 00:00:00-05:00,20.040000915527344,20.3799991607666,20.020000457763672,20.260000228881836,159650,0.0,0.0
2023-11-22 00:00:00-05:00,20.360000610351562,20.399999618530273,20.260000228881836,20.31999969482422,97800,0.0,0.0
2023-11-24 00:00:00-05:00,20.399999618530273,20.540000915527344,20.31999969482422,20.479999542236328,80400,0.0,0.0
2023-11-27 00:00:00-05:00,20.559999465942383,20.559999465942383,20.3799991607666,20.440000534057617,74800,0.0,0.0
2023-11-28 00:00:00-05:00,20.3799991607666,20.5,20.299999237060547,20.399999618530273,82250,0.0,0.0
2023-11-29 00:00:00-05:00,20.420000076293945,20.5,20.280000686645508,20.280000686645508,91700,0.0,0.0
2023-11-30 00:00:00-05:00,20.399999618530273,20.440000534057617,20.239999771118164,20.34000015258789,80600,0.0,0.0
2023-12-01 00:00:00-05:00,20.360000610351562,20.559999465942383,20.299999237060547,20.559999465942383,119550,0.0,0.0
2023-12-04 00:00:00-05:00,20.540000915527344,20.65999984741211,20.520000457763672,20.540000915527344,119200,0.0,0.0
2023-12-05 00:00:00-05:00,20.600000381469727,20.600000381469727,20.34000015258789,20.3799991607666,95650,0.0,0.0
2023-12-06 00:00:00-05:00,20.479999542236328,20.600000381469727,20.459999084472656,20.579999923706055,113450,0.0,0.0
2023-12-07 00:00:00-05:00,20.520000457763672,20.780000686645508,20.5,20.739999771118164,146650,0.0,0.0
2023-12-08 00:00:00-05:00,20.6200008392334,20.8799991607666,20.6200008392334,20.81999969482422,114650,0.0,0.0
2023-12-11 00:00:00-05:00,20.799999237060547,20.84000015258789,20.639999389648438,20.65999984741211,140450,0.0,0.0
2023-12-12 00:00:00-05:00,20.639999389648438,20.81999969482422,20.6200008392334,20.799999237060547,92700,0.0,0.0
2023-12-13 00:00:00-05:00,20.799999237060547,21.040000915527344,20.639999389648438,21.040000915527344,109250,0.0,0.0
2023-12-14 00:00:00-05:00,21.040000915527344,21.34000015258789,21.040000915527344,21.200000762939453,214500,0.0,0.0
2023-12-15 00:00:00-05:00,21.18000030517578,21.200000762939453,20.780000686645508,20.81999969482422,243700,0.0,0.0
2023-12-18 00:00:00-05:00,20.799999237060547,20.899999618530273,20.700000762939453,20.84000015258789,121850,0.0,0.0
2023-12-19 00:00:00-05:00,20.899999618530273,20.959999084472656,20.81999969482422,20.8799991607666,86250,0.0,0.0
2023-12-20 00:00:00-05:00,20.899999618530273,21.15999984741211,20.84000015258789,20.84000015258789,110700,0.0,0.0
2023-12-21 00:00:00-05:00,21.0,21.0,20.799999237060547,20.940000534057617,153300,0.0,0.0
2023-12-22 00:00:00-05:00,20.920000076293945,21.219999313354492,20.920000076293945,21.079999923706055,112350,0.0,0.0
2023-12-26 00:00:00-05:00,21.0,21.360000610351562,21.0,21.239999771118164,93750,0.0,0.0
2023-12-27 00:00:00-05:00,21.200000762939453,21.520000457763672,21.18000030517578,21.479999542236328,125000,0.0,0.0
2023-12-28 00:00:00-05:00,21.5,21.579999923706055,21.459999084472656,21.579999923706055,135850,0.0,0.0
2023-12-29 00:00:00-05:00,21.600000381469727,21.639999389648438,21.34000015258789,21.399999618530273,135550,0.0,0.0
2024-01-02 00:00:00-05:00,21.5,21.760000228881836,21.34000015258789,21.559999465942383,183450,0.0,0.0
2024-01-03 00:00:00-05:00,21.459999084472656,21.579999923706055,21.31999969482422,21.479999542236328,97100,0.0,0.0
2024-01-04 00:00:00-05:00,21.459999084472656,21.979999542236328,21.459999084472656,21.940000534057617,136450,0.0,0.0
2024-01-05 00:00:00-05:00,21.940000534057617,22.040000915527344,21.780000686645508,21.860000610351562,107950,0.0,0.0
2024-01-08 00:00:00-05:00,21.940000534057617,22.34000015258789,21.8799991607666,22.31999969482422,138100,0.0,0.0
2024-01-09 00:00:00-05:00,22.280000686645508,22.299999237060547,22.0,22.1200008392334,151250,0.0,0.0
2024-01-10 00:00:00-05:00,22.100000381469727,22.239999771118164,21.8799991607666,22.18000030517578,119300,0.0,0.0
2024-01-11 00:00:00-05:00,22.239999771118164,22.260000228881836,21.81999969482422,22.260000228881836,124800,0.0,0.0
2024-01-12 00:00:00-05:00,22.31999969482422,22.479999542236328,22.219999313354492,22.399999618530273,115050,0.0,0.0
2024-01-16 00:00:00-05:00,22.399999618530273,22.479999542236328,22.219999313354492,22.34000015258789,102450,0.0,0.0
2024-01-17 00:00:00-05:00,22.219999313354492,22.280000686645508,21.959999084472656,22.139999389648438,122200,0.0,0.0
2024-01-18 00:00:00-05:00,22.239999771118164,22.299999237060547,21.979999542236328,22.260000228881836,106700,0.0,0.0
2024-01-19 00:00:00-05:00,22.399999618530273,22.399999618530273,22.1200008392334,22.18000030517578,151650,0.0,0.0
2024-01-22 00:00:00-05:00,22.100000381469727,22.200000762939453,21.979999542236328,22.040000915527344,155200,0.0,0.0
2024-01-23 00:00:00-05:00,21.959999084472656,22.059999465942383,21.920000076293945,21.979999542236328,101250,0.0,0.0
2024-01-24 00:00:00-05:00,21.979999542236328,22.040000915527344,21.559999465942383,21.600000381469727,155600,0.0,0.0
2024-01-25 00:00:00-05:00,21.540000915527344,21.579999923706055,21.239999771118164,21.520000457763672,160800,0.0,0.0
2024-01-26 00:00:00-05:00,21.5,21.68000030517578,21.5,21.600000381469727,78900,0.0,0.0
2024-01-29 00:00:00-05:00,21.600000381469727,21.84000015258789,21.559999465942383,21.65999984741211,121600,0.0,0.0
2024-01-30 00:00:00-05:00,21.579999923706055,21.700000762939453,21.559999465942383,21.65999984741211,71000,0.0,0.0
2024-01-31 00:00:00-05:00,21.719999313354492,21.780000686645508,21.18000030517578,21.200000762939453,143850,0.0,0.0
2024-02-01 00:00:00-05:00,21.239999771118164,21.299999237060547,20.68000030517578,21.079999923706055,219050,0.0,0.0
2024-02-02 00:00:00-05:00,21.020000457763672,21.1200008392334,20.860000610351562,20.920000076293945,148300,0.0,0.0
2024-02-05 00:00:00-05:00,20.940000534057617,20.979999542236328,20.399999618530273,20.600000381469727,164850,0.0,0.0
2024-02-06 00:00:00-05:00,20.399999618530273,20.559999465942383,19.559999465942383,19.639999389648438,437350,0.0,0.0
2024-02-07 00:00:00-05:00,19.799999237060547,19.940000534057617,19.399999618530273,19.579999923706055,230800,0.0,0.0
2024-02-08 00:00:00-05:00,19.639999389648438,19.81999969482422,19.579999923706055,19.81999969482422,167400,0.0,0.0
2024-02-09 00:00:00-05:00,19.940000534057617,20.020000457763672,19.81999969482422,20.0,130350,0.0,0.0
2024-02-12 00:00:00-05:00,19.979999542236328,20.280000686645508,19.940000534057617,20.260000228881836,122900,0.0,0.0
2024-02-13 00:00:00-05:00,20.100000381469727,20.18000030517578,19.81999969482422,19.959999084472656,195050,0.0,0.0
2024-02-14 00:00:00-05:00,19.979999542236328,20.15999984741211,19.940000534057617,20.15999984741211,111700,0.0,0.0
2024-02-15 00:00:00-05:00,20.18000030517578,20.559999465942383,20.18000030517578,20.559999465942383,123850,0.0,0.0
2024-02-16 00:00:00-05:00,20.600000381469727,20.65999984741211,20.399999618530273,20.5,138050,0.0,0.0
2024-02-20 00:00:00-05:00,20.399999618530273,20.399999618530273,20.100000381469727,20.299999237060547,214550,0.0,0.0
2024-02-21 00:00:00-05:00,20.31999969482422,20.399999618530273,20.15999984741211,20.34000015258789,104550,0.0,0.0
2024-02-22 00:00:00-05:00,20.3799991607666,20.440000534057617,20.139999389648438,20.239999771118164,150600,0.0,0.0
2024-02-23 00:00:00-05:00,20.200000762939453,20.360000610351562,20.15999984741211,20.239999771118164,108950,0.0,0.0
2024-02-26 00:00:00-05:00,20.260000228881836,20.420000076293945,20.18000030517578,20.299999237060547,100050,0.0,0.0
2024-02-27 00:00:00-05:00,20.399999618530273,20.5,20.200000762939453,20.5,97150,0.0,0.0
2024-02-28 00:00:00-05:00,20.399999618530273,20.479999542236328,20.260000228881836,20.299999237060547,92800,0.0,0.0
2024-02-29 00:00:00-05:00,20.440000534057617,20.459999084472656,20.219999313354492,20.34000015258789,129900,0.0,0.0
2024-03-01 00:00:00-05:00,20.360000610351562,20.399999618530273,20.139999389648438,20.299999237060547,139450,0.0,0.0
2024-03-04 00:00:00-05:00,20.299999237060547,20.540000915527344,20.18000030517578,20.280000686645508,104000,0.0,0.0
2024-03-05 00:00:00-05:00,20.299999237060547,20.399999618530273,20.200000762939453,20.219999313354492,97150,0.0,0.0
2024-03-06 00:00:00-05:00,20.299999237060547,20.459999084472656,20.260000228881836,20.31999969482422,86150,0.0,0.0
2024-03-07 00:00:00-05:00,20.440000534057617,20.479999542236328,20.31999969482422,20.459999084472656,85900,0.0,0.0
2024-03-08 00:00:00-05:00,20.459999084472656,20.639999389648438,20.459999084472656,20.600000381469727,101100,0.0,0.0
2024-03-11 00:00:00-04:00,20.600000381469727,20.860000610351562,20.559999465942383,20.81999969482422,108800,0.0,0.0
2024-03-12 00:00:00-04:00,20.899999618530273,21.020000457763672,20.84000015258789,20.979999542236328,111000,0.0,0.0
2024-03-13 00:00:00-04:00,21.059999465942383,21.200000762939453,20.940000534057617,20.959999084472656,131000,0.0,0.0
2024-03-14 00:00:00-04:00,20.979999542236328,20.979999542236328,20.479999542236328,20.479999542236328,127500,0.0,0.0
2024-03-15 00:00:00-04:00,20.68000030517578,20.799999237060547,20.579999923706055,20.799999237060547,171350,0.0,0.0
2024-03-18 00:00:00-04:00,20.799999237060547,20.920000076293945,20.700000762939453,20.84000015258789,120050,0.0,0.0
2024-03-19 00:00:00-04:00,20.860000610351562,21.040000915527344,20.700000762939453,20.920000076293945,156450,0.0,0.0
2024-03-20 00:00:00-04:00,20.799999237060547,20.860000610351562,20.600000381469727,20.81999969482422,117400,0.0,0.0
2024-03-21 00:00:00-04:00,20.799999237060547,20.979999542236328,20.799999237060547,20.8799991607666,78650,0.0,0.0
2024-03-22 00:00:00-04:00,20.81999969482422,20.8799991607666,20.700000762939453,20.700000762939453,96600,0.0,0.0
2024-03-25 00:00:00-04:00,20.719999313354492,21.0,20.719999313354492,20.860000610351562,77050,0.0,0.0
2024-03-26 00:00:00-04:00,20.8799991607666,20.959999084472656,20.84000015258789,20.860000610351562,66150,0.0,0.0
2024-03-27 00:00:00-04:00,20.959999084472656,21.18000030517578,20.899999618530273,21.18000030517578,112650,0.0,0.0
2024-03-28 00:00:00-04:00,21.18000030517578,21.479999542236328,21.18000030517578,21.459999084472656,122950,0.0,0.0
2024-04-01 00:00:00-04:00,21.440000534057617,21.440000534057617,21.1200008392334,21.139999389648438,120800,0.0,0.0
2024-04-02 00:00:00-04:00,20.81999969482422,20.979999542236328,20.079999923706055,20.15999984741211,563200,0.0,0.0
2024-04-03 00:00:00-04:00,20.079999923706055,20.1200008392334,19.81999969482422,19.84000015258789,453050,0.0,0.0
2024-04-04 00:00:00-04:00,19.920000076293945,20.020000457763672,19.520000457763672,19.600000381469727,327200,0.0,0.0
2024-04-05 00:00:00-04:00,19.5,19.920000076293945,19.200000762939453,19.860000610351562,317700,0.0,0.0
2024-04-08 00:00:00-04:00,19.81999969482422,20.200000762939453,19.81999969482422,20.1200008392334,301800,0.0,0.0
2024-04-09 00:00:00-04:00,20.030000686645508,20.440000534057617,20.010000228881836,20.440000534057617,126200,0.0,0.0
2024-04-10 00:00:00-04:00,20.290000915527344,20.600000381469727,20.209999084472656,20.600000381469727,182300,0.0,0.0
2024-04-11 00:00:00-04:00,20.709999084472656,20.709999084472656,20.3700008392334,20.65999984741211,125900,0.0,0.0
2024-04-12 00:00:00-04:00,20.729999542236328,20.889999389648438,20.25,20.309999465942383,125100,0.0,0.0
2024-04-15 00:00:00-04:00,20.31999969482422,20.600000381469727,20.309999465942383,20.399999618530273,157000,0.0,0.0
2024-04-16 00:00:00-04:00,20.440000534057617,20.549999237060547,20.299999237060547,20.459999084472656,104600,0.0,0.0
2024-04-17 00:00:00-04:00,20.549999237060547,20.729999542236328,20.459999084472656,20.6200008392334,220300,0.0,0.0
2024-04-18 00:00:00-04:00,20.5,20.700000762939453,20.329999923706055,20.670000076293945,131600,0.0,0.0
2024-04-19 00:00:00-04:00,20.610000610351562,21.049999237060547,20.610000610351562,21.049999237060547,134400,0.0,0.0
2024-04-22 00:00:00-04:00,21.1299991607666,21.25,20.920000076293945,21.209999084472656,132100,0.0,0.0
2024-04-23 00:00:00-04:00,21.270000457763672,21.399999618530273,21.209999084472656,21.290000915527344,110200,0.0,0.0
2024-04-24 00:00:00-04:00,21.229999542236328,21.329999923706055,21.18000030517578,21.239999771118164,98600,0.0,0.0
2024-04-25 00:00:00-04:00,21.239999771118164,21.290000915527344,21.049999237060547,21.219999313354492,81400,0.0,0.0
2024-04-26 00:00:00-04:00,21.239999771118164,21.559999465942383,21.170000076293945,21.450000762939453,114400,0.0,0.0
2024-04-29 00:00:00-04:00,21.420000076293945,21.700000762939453,21.420000076293945,21.6299991607666,104400,0.0,0.0
2024-04-30 00:00:00-04:00,21.6299991607666,21.6299991607666,21.420000076293945,21.420000076293945,114700,0.0,0.0
2024-05-01 00:00:00-04:00,21.5,21.899999618530273,21.5,21.770000457763672,102300,0.0,0.0
2024-05-02 00:00:00-04:00,21.540000915527344,21.610000610351562,20.850000381469727,21.239999771118164,270200,0.0,0.0
2024-05-03 00:00:00-04:00,21.440000534057617,21.520000457763672,21.270000457763672,21.43000030517578,118000,0.0,0.0
2024-05-06 00:00:00-04:00,21.59000015258789,21.780000686645508,21.540000915527344,21.709999084472656,121300,0.0,0.0
2024-05-07 00:00:00-04:00,21.719999313354492,22.09000015258789,21.709999084472656,22.049999237060547,185100,0.0,0.0
2024-05-08 00:00:00-04:00,22.040000915527344,22.09000015258789,21.979999542236328,22.020000457763672,93300,0.0,0.0
2024-05-09 00:00:00-04:00,22.100000381469727,22.239999771118164,22.059999465942383,22.200000762939453,116600,0.0,0.0
2024-05-10 00:00:00-04:00,22.280000686645508,22.31999969482422,22.09000015258789,22.170000076293945,100700,0.0,0.0
2024-05-13 00:00:00-04:00,22.25,22.34000015258789,22.219999313354492,22.309999465942383,85100,0.0,0.0
2024-05-14 00:00:00-04:00,22.399999618530273,22.450000762939453,22.299999237060547,22.3799991607666,154400,0.0,0.0
2024-05-15 00:00:00-04:00,22.5,22.540000915527344,22.290000915527344,22.309999465942383,146800,0.0,0.0
2024-05-16 00:00:00-04:00,22.239999771118164,22.309999465942383,22.049999237060547,22.079999923706055,153800,0.0,0.0
2024-05-17 00:00:00-04:00,22.1299991607666,22.219999313354492,21.950000762939453,22.139999389648438,106000,0.0,0.0
2024-05-20 00:00:00-04:00,22.100000381469727,22.260000228881836,22.100000381469727,22.219999313354492,107000,0.0,0.0
2024-05-21 00:00:00-04:00,22.299999237060547,22.350000381469727,22.190000534057617,22.31999969482422,90500,0.0,0.0
2024-05-22 00:00:00-04:00,22.290000915527344,22.329999923706055,22.030000686645508,22.079999923706055,107900,0.0,0.0
2024-05-23 00:00:00-04:00,22.139999389648438,22.18000030517578,22.0,22.020000457763672,75900,0.0,0.0
2024-05-24 00:00:00-04:00,22.1299991607666,22.31999969482422,22.1200008392334,22.280000686645508,74400,0.0,0.0
2024-05-28 00:00:00-04:00,22.280000686645508,22.3700008392334,22.149999618530273,22.229999542236328,87900,0.0,0.0
2024-05-29 00:00:00-04:00,22.15999984741211,22.219999313354492,22.110000610351562,22.15999984741211,63700,0.0,0.0
2024-05-30 00:00:00-04:00,22.290000915527344,22.3799991607666,22.170000076293945,22.329999923706055,111700,0.0,0.0
2024-05-31 00:00:00-04:00,22.479999542236328,22.530000686645508,22.280000686645508,22.399999618530273,99200,0.0,0.0
2024-06-03 00:00:00-04:00,22.440000534057617,22.68000030517578,22.350000381469727,22.670000076293945,114500,0.0,0.0
2024-06-04 00:00:00-04:00,22.469999313354492,22.489999771118164,22.209999084472656,22.3799991607666,117900,0.0,0.0
2024-06-05 00:00:00-04:00,22.3799991607666,22.6299991607666,22.290000915527344,22.600000381469727,104900,0.0,0.0
2024-06-06 00:00:00-04:00,22.649999618530273,22.84000015258789,22.6299991607666,22.780000686645508,86800,0.0,0.0
2024-06-07 00:00:00-04:00,22.59000015258789,22.81999969482422,22.59000015258789,22.729999542236328,83500,0.0,0.0
2024-06-10 00:00:00-04:00,22.719999313354492,22.719999313354492,22.489999771118164,22.579999923706055,76600,0.0,0.0
2024-06-11 00:00:00-04:00,22.549999237060547,22.670000076293945,22.43000030517578,22.59000015258789,83800,0.0,0.0
2024-06-12 00:00:00-04:00,22.809999465942383,22.959999084472656,22.709999084472656,22.829999923706055,90100,0.0,0.0
2024-06-13 00:00:00-04:00,22.799999237060547,22.81999969482422,22.579999923706055,22.809999465942383,93600,0.0,0.0
2024-06-14 00:00:00-04:00,22.829999923706055,22.8700008392334,22.649999618530273,22.809999465942383,71600,0.0,0.0
2024-06-17 00:00:00-04:00,22.989999771118164,23.0,22.6200008392334,22.920000076293945,167800,0.0,0.0
2024-06-18 00:00:00-04:00,22.719999313354492,22.81999969482422,22.559999465942383,22.610000610351562,83900,0.0,0.0
2024-06-20 00:00:00-04:00,22.549999237060547,22.700000762939453,22.549999237060547,22.6200008392334,83300,0.0,0.0
2024-06-21 00:00:00-04:00,22.6200008392334,22.639999389648438,22.450000762939453,22.489999771118164,77100,0.0,0.0
2024-06-24 00:00:00-04:00,22.559999465942383,22.8700008392334,22.559999465942383,22.8700008392334,71600,0.0,0.0
2024-06-25 00:00:00-04:00,22.920000076293945,22.920000076293945,22.75,22.790000915527344,84700,0.0,0.0
2024-06-26 00:00:00-04:00,22.920000076293945,22.989999771118164,22.780000686645508,22.979999542236328,88200,0.0,0.0
2024-06-27 00:00:00-04:00,22.979999542236328,23.260000228881836,22.959999084472656,23.139999389648438,110700,0.0,0.0
2024-06-28 00:00:00-04:00,23.280000686645508,23.34000015258789,23.09000015258789,23.270000457763672,74400,0.0,0.0
2024-07-01 00:00:00-04:00,23.270000457763672,23.469999313354492,23.239999771118164,23.43000030517578,86400,0.0,0.0
2024-07-02 00:00:00-04:00,23.43000030517578,23.610000610351562,23.360000610351562,23.610000610351562,98100,0.0,0.0
2024-07-03 00:00:00-04:00,23.6299991607666,23.81999969482422,23.549999237060547,23.690000534057617,100500,0.0,0.0
2024-07-05 00:00:00-04:00,23.690000534057617,23.790000915527344,23.610000610351562,23.719999313354492,89900,0.0,0.0
2024-07-08 00:00:00-04:00,23.75,24.049999237060547,23.739999771118164,24.030000686645508,139300,0.0,0.0
2024-07-09 00:00:00-04:00,24.049999237060547,24.1200008392334,23.799999237060547,23.84000015258789,109800,0.0,0.0
2024-07-10 00:00:00-04:00,23.979999542236328,24.020000457763672,23.8799991607666,24.0,88600,0.0,0.0
2024-07-11 00:00:00-04:00,24.06999969482422,24.239999771118164,24.010000228881836,24.229999542236328,121200,0.0,0.0
2024-07-12 00:00:00-04:00,24.25,24.729999542236328,24.25,24.59000015258789,135000,0.0,0.0
2024-07-15 00:00:00-04:00,24.670000076293945,24.670000076293945,24.299999237060547,24.420000076293945,143400,0.0,0.0
2024-07-16 00:00:00-04:00,24.450000762939453,24.450000762939453,24.049999237060547,24.139999389648438,147000,0.0,0.0
2024-07-17 00:00:00-04:00,24.139999389648438,24.280000686645508,24.100000381469727,24.110000610351562,116600,0.0,0.0
2024-07-18 00:00:00-04:00,24.18000030517578,24.309999465942383,23.93000030517578,23.969999313354492,85200,0.0,0.0
2024-07-19 00:00:00-04:00,23.969999313354492,24.110000610351562,23.719999313354492,23.739999771118164,79400,0.0,0.0
2024-07-22 00:00:00-04:00,23.639999389648438,24.200000762939453,23.600000381469727,24.149999618530273,104000,0.0,0.0
2024-07-23 00:00:00-04:00,24.149999618530273,24.149999618530273,23.90999984741211,24.020000457763672,68000,0.0,0.0
2024-07-24 00:00:00-04:00,23.899999618530273,24.0,23.6200008392334,23.690000534057617,87100,0.0,0.0
2024-07-25 00:00:00-04:00,23.84000015258789,24.0,23.75,23.799999237060547,79000,0.0,0.0
2024-07-26 00:00:00-04:00,23.799999237060547,24.110000610351562,23.780000686645508,24.010000228881836,92300,0.0,0.0
2024-07-29 00:00:00-04:00,23.969999313354492,24.09000015258789,23.729999542236328,23.770000457763672,78500,0.0,0.0
2024-07-30 00:00:00-04:00,23.860000610351562,24.079999923706055,23.770000457763672,23.959999084472656,75300,0.0,0.0
2024-07-31 00:00:00-04:00,24.100000381469727,24.18000030517578,23.84000015258789,23.899999618530273,123400,0.0,0.0
2024-08-01 00:00:00-04:00,24.0,24.0,23.68000030517578,23.739999771118164,73500,0.0,0.0
2024-08-02 00:00:00-04:00,23.549999237060547,23.579999923706055,22.969999313354492,23.010000228881836,167000,0.0,0.0
2024-08-05 00:00:00-04:00,22.020000457763672,22.190000534057617,21.399999618530273,21.829999923706055,310200,0.0,0.0
2024-08-06 00:00:00-04:00,22.079999923706055,22.860000610351562,22.079999923706055,22.68000030517578,146700,0.0,0.0
2024-08-07 00:00:00-04:00,22.940000534057617,23.079999923706055,22.139999389648438,22.280000686645508,254700,0.0,0.0
2024-08-08 00:00:00-04:00,22.75,22.920000076293945,22.40999984741211,22.56999969482422,112100,0.0,0.0
2024-08-09 00:00:00-04:00,22.700000762939453,22.809999465942383,22.559999465942383,22.760000228881836,123900,0.0,0.0
2024-08-12 00:00:00-04:00,22.8799991607666,22.989999771118164,22.5,22.59000015258789,100700,0.0,0.0
2024-08-13 00:00:00-04:00,22.59000015258789,22.709999084472656,22.360000610351562,22.450000762939453,111200,0.0,0.0
2024-08-14 00:00:00-04:00,22.450000762939453,22.700000762939453,22.450000762939453,22.690000534057617,108800,0.0,0.0
2024-08-15 00:00:00-04:00,22.799999237060547,23.030000686645508,22.719999313354492,22.950000762939453,79700,0.0,0.0
2024-08-16 00:00:00-04:00,22.979999542236328,23.399999618530273,22.979999542236328,23.229999542236328,105400,0.0,0.0
2024-08-19 00:00:00-04:00,23.239999771118164,23.329999923706055,23.0,23.229999542236328,179900,0.0,0.0
2024-08-20 00:00:00-04:00,23.229999542236328,23.229999542236328,23.040000915527344,23.149999618530273,118600,0.0,0.0
2024-08-21 00:00:00-04:00,22.979999542236328,23.020000457763672,22.5,22.510000228881836,195700,0.0,0.0
2024-08-22 00:00:00-04:00,22.56999969482422,22.739999771118164,22.5,22.6200008392334,97000,0.0,0.0
2024-08-23 00:00:00-04:00,22.700000762939453,22.780000686645508,22.450000762939453,22.68000030517578,107400,0.0,0.0
2024-08-26 00:00:00-04:00,22.68000030517578,22.860000610351562,22.6200008392334,22.75,95500,0.0,0.0
2024-08-27 00:00:00-04:00,22.690000534057617,22.889999389648438,22.690000534057617,22.81999969482422,114700,0.0,0.0
2024-08-28 00:00:00-04:00,22.850000381469727,22.850000381469727,22.510000228881836,22.559999465942383,104000,0.0,0.0
2024-08-29 00:00:00-04:00,22.56999969482422,22.829999923706055,22.56999969482422,22.639999389648438,107000,0.0,0.0
2024-08-30 00:00:00-04:00,22.75,22.75,22.610000610351562,22.729999542236328,111300,0.0,0.0
2024-09-03 00:00:00-04:00,22.799999237060547,22.90999984741211,22.639999389648438,22.68000030517578,103300,0.0,0.0
2024-09-04 00:00:00-04:00,22.639999389648438,22.760000228881836,22.520000457763672,22.540000915527344,81100,0.0,0.0
2024-09-05 00:00:00-04:00,22.68000030517578,22.709999084472656,22.559999465942383,22.59000015258789,58000,0.0,0.0
2024-09-06 00:00:00-04:00,22.649999618530273,22.729999542236328,22.34000015258789,22.549999237060547,99800,0.0,0.0
2024-09-09 00:00:00-04:00,22.579999923706055,22.719999313354492,22.549999237060547,22.559999465942383,73800,0.0,0.0
2024-09-10 00:00:00-04:00,22.549999237060547,22.75,22.5,22.739999771118164,72900,0.0,0.0
2024-09-11 00:00:00-04:00,22.780000686645508,22.790000915527344,22.56999969482422,22.770000457763672,61800,0.0,0.0
2024-09-12 00:00:00-04:00,22.850000381469727,22.989999771118164,22.719999313354492,22.979999542236328,98600,0.0,0.0
2024-09-13 00:00:00-04:00,23.030000686645508,23.09000015258789,22.950000762939453,23.040000915527344,87600,0.0,0.0
2024-09-16 00:00:00-04:00,23.229999542236328,23.530000686645508,23.170000076293945,23.329999923706055,159800,0.0,0.0
2024-09-17 00:00:00-04:00,23.299999237060547,23.40999984741211,23.209999084472656,23.270000457763672,114000,0.0,0.0
2024-09-18 00:00:00-04:00,23.280000686645508,23.5,23.25,23.260000228881836,161500,0.0,0.0
2024-09-19 00:00:00-04:00,23.450000762939453,23.59000015258789,23.299999237060547,23.5,228000,0.0,0.0
2024-09-20 00:00:00-04:00,23.290000915527344,23.920000076293945,23.040000915527344,23.459999084472656,757700,0.0,0.0
2024-09-23 00:00:00-04:00,23.459999084472656,23.489999771118164,23.209999084472656,23.329999923706055,132400,0.0,0.0
2024-09-24 00:00:00-04:00,23.40999984741211,23.56999969482422,23.350000381469727,23.459999084472656,111300,0.0,0.0
2024-09-25 00:00:00-04:00,23.440000534057617,23.510000228881836,23.34000015258789,23.350000381469727,60000,0.0,0.0
2024-09-26 00:00:00-04:00,23.68000030517578,23.68000030517578,23.479999542236328,23.600000381469727,104300,0.0,0.0
2024-09-27 00:00:00-04:00,23.65999984741211,24.15999984741211,23.510000228881836,24.139999389648438,199100,0.0,0.0
