Date,Open,High,Low,Close,Volume,Dividends,Stock Splits
2021-09-02 00:00:00-04:00,9.850000381469727,9.869999885559082,9.829999923706055,9.859999656677246,9392400,0.0,0.0
2021-09-03 00:00:00-04:00,9.859999656677246,9.859999656677246,9.84000015258789,9.84000015258789,810100,0.0,0.0
2021-09-07 00:00:00-04:00,9.880000114440918,9.880000114440918,9.84000015258789,9.859999656677246,802900,0.0,0.0
2021-09-08 00:00:00-04:00,9.920000076293945,9.920000076293945,9.850000381469727,9.850000381469727,29800,0.0,0.0
2021-09-09 00:00:00-04:00,9.829999923706055,9.859999656677246,9.829999923706055,9.859999656677246,5700,0.0,0.0
2021-09-10 00:00:00-04:00,9.84000015258789,9.864999771118164,9.84000015258789,9.859999656677246,32200,0.0,0.0
2021-09-13 00:00:00-04:00,9.84000015258789,9.859999656677246,9.84000015258789,9.850000381469727,255600,0.0,0.0
2021-09-14 00:00:00-04:00,9.859999656677246,9.880000114440918,9.850000381469727,9.880000114440918,834800,0.0,0.0
2021-09-15 00:00:00-04:00,9.84000015258789,9.869999885559082,9.84000015258789,9.869999885559082,4000,0.0,0.0
2021-09-16 00:00:00-04:00,9.859999656677246,9.880000114440918,9.859999656677246,9.869999885559082,813200,0.0,0.0
2021-09-17 00:00:00-04:00,9.869999885559082,9.880000114440918,9.869999885559082,9.880000114440918,215600,0.0,0.0
2021-09-20 00:00:00-04:00,9.914999961853027,10.100000381469727,9.859999656677246,10.100000381469727,417800,0.0,0.0
2021-09-21 00:00:00-04:00,9.960000038146973,9.960000038146973,9.854999542236328,9.859999656677246,14600,0.0,0.0
2021-09-22 00:00:00-04:00,9.859999656677246,9.9399995803833,9.859999656677246,9.925000190734863,241400,0.0,0.0
2021-09-23 00:00:00-04:00,9.894000053405762,9.960000038146973,9.894000053405762,9.9399995803833,111900,0.0,0.0
2021-09-24 00:00:00-04:00,9.90999984741211,9.930000305175781,9.90999984741211,9.930000305175781,11900,0.0,0.0
2021-09-27 00:00:00-04:00,9.90999984741211,9.925000190734863,9.890000343322754,9.890000343322754,103300,0.0,0.0
2021-09-28 00:00:00-04:00,9.885000228881836,9.920000076293945,9.869999885559082,9.920000076293945,4600,0.0,0.0
2021-09-29 00:00:00-04:00,9.904999732971191,9.904999732971191,9.899999618530273,9.899999618530273,44600,0.0,0.0
2021-09-30 00:00:00-04:00,9.920000076293945,9.949999809265137,9.920000076293945,9.949999809265137,51200,0.0,0.0
2021-10-01 00:00:00-04:00,9.949999809265137,9.949999809265137,9.949999809265137,9.949999809265137,0,0.0,0.0
2021-10-04 00:00:00-04:00,9.949999809265137,9.949999809265137,9.949999809265137,9.949999809265137,0,0.0,0.0
2021-10-05 00:00:00-04:00,9.880000114440918,9.930000305175781,9.880000114440918,9.930000305175781,200,0.0,0.0
2021-10-06 00:00:00-04:00,9.890000343322754,9.925000190734863,9.880000114440918,9.899999618530273,25700,0.0,0.0
2021-10-07 00:00:00-04:00,9.899999618530273,9.930000305175781,9.899999618530273,9.930000305175781,206900,0.0,0.0
2021-10-08 00:00:00-04:00,9.930000305175781,9.930000305175781,9.930000305175781,9.930000305175781,0,0.0,0.0
2021-10-11 00:00:00-04:00,9.899999618530273,9.899999618530273,9.899999618530273,9.899999618530273,100,0.0,0.0
2021-10-12 00:00:00-04:00,9.928999900817871,9.928999900817871,9.928999900817871,9.928999900817871,300,0.0,0.0
2021-10-13 00:00:00-04:00,9.9350004196167,9.9350004196167,9.899999618530273,9.920999526977539,1200,0.0,0.0
2021-10-14 00:00:00-04:00,9.920000076293945,9.920000076293945,9.920000076293945,9.920000076293945,100,0.0,0.0
2021-10-15 00:00:00-04:00,9.920000076293945,9.920000076293945,9.920000076293945,9.920000076293945,0,0.0,0.0
2021-10-18 00:00:00-04:00,9.975000381469727,9.975000381469727,9.975000381469727,9.975000381469727,100,0.0,0.0
2021-10-19 00:00:00-04:00,9.975000381469727,9.975000381469727,9.975000381469727,9.975000381469727,0,0.0,0.0
2021-10-20 00:00:00-04:00,9.920000076293945,9.96399974822998,9.920000076293945,9.920000076293945,1100,0.0,0.0
2021-10-21 00:00:00-04:00,9.979999542236328,9.979999542236328,9.920000076293945,9.920000076293945,300,0.0,0.0
2021-10-22 00:00:00-04:00,9.920000076293945,9.980999946594238,9.920000076293945,9.970000267028809,600400,0.0,0.0
2021-10-25 00:00:00-04:00,9.960000038146973,9.960000038146973,9.960000038146973,9.960000038146973,400,0.0,0.0
2021-10-26 00:00:00-04:00,9.960000038146973,9.989999771118164,9.960000038146973,9.979999542236328,7500,0.0,0.0
2021-10-27 00:00:00-04:00,9.989999771118164,10.0,9.9399995803833,9.970000267028809,127100,0.0,0.0
2021-10-28 00:00:00-04:00,9.989999771118164,10.0,9.979999542236328,9.984999656677246,13400,0.0,0.0
2021-10-29 00:00:00-04:00,9.989999771118164,10.039999961853027,9.989999771118164,10.0,6700,0.0,0.0
2021-11-01 00:00:00-04:00,9.960000038146973,10.100000381469727,9.960000038146973,10.010000228881836,7000,0.0,0.0
2021-11-02 00:00:00-04:00,10.010000228881836,10.050000190734863,10.0,10.050000190734863,14300,0.0,0.0
2021-11-03 00:00:00-04:00,10.050000190734863,10.270000457763672,10.0,10.029999732971191,183300,0.0,0.0
2021-11-04 00:00:00-04:00,10.029999732971191,10.029999732971191,10.029999732971191,10.029999732971191,100,0.0,0.0
2021-11-05 00:00:00-04:00,10.0,10.0,10.0,10.0,14400,0.0,0.0
2021-11-08 00:00:00-05:00,10.149999618530273,10.149999618530273,10.149999618530273,10.149999618530273,400,0.0,0.0
2021-11-09 00:00:00-05:00,10.149999618530273,10.25,10.0,10.0,5100,0.0,0.0
2021-11-10 00:00:00-05:00,10.0,10.0,9.949999809265137,10.0,3900,0.0,0.0
2021-11-11 00:00:00-05:00,9.9399995803833,9.9399995803833,9.9399995803833,9.9399995803833,800,0.0,0.0
2021-11-12 00:00:00-05:00,9.9399995803833,9.9399995803833,9.9399995803833,9.9399995803833,0,0.0,0.0
2021-11-15 00:00:00-05:00,9.979999542236328,10.029999732971191,9.970000267028809,10.029999732971191,14300,0.0,0.0
2021-11-16 00:00:00-05:00,10.029999732971191,10.029999732971191,10.029999732971191,10.029999732971191,0,0.0,0.0
2021-11-17 00:00:00-05:00,10.029999732971191,10.029999732971191,10.029999732971191,10.029999732971191,0,0.0,0.0
2021-11-18 00:00:00-05:00,10.029999732971191,10.029999732971191,10.029999732971191,10.029999732971191,0,0.0,0.0
2021-11-19 00:00:00-05:00,10.029999732971191,10.029999732971191,10.029999732971191,10.029999732971191,0,0.0,0.0
2021-11-22 00:00:00-05:00,10.029999732971191,10.029999732971191,10.029999732971191,10.029999732971191,0,0.0,0.0
2021-11-23 00:00:00-05:00,10.029999732971191,10.029999732971191,10.029999732971191,10.029999732971191,0,0.0,0.0
2021-11-24 00:00:00-05:00,10.029999732971191,10.029999732971191,10.029999732971191,10.029999732971191,0,0.0,0.0
2021-11-26 00:00:00-05:00,10.010000228881836,10.010000228881836,9.979999542236328,9.979999542236328,400,0.0,0.0
2021-11-29 00:00:00-05:00,9.979999542236328,9.979999542236328,9.979999542236328,9.979999542236328,0,0.0,0.0
2021-11-30 00:00:00-05:00,9.979999542236328,9.979999542236328,9.979999542236328,9.979999542236328,0,0.0,0.0
2021-12-01 00:00:00-05:00,9.979999542236328,9.979999542236328,9.979999542236328,9.979999542236328,0,0.0,0.0
2021-12-02 00:00:00-05:00,9.979999542236328,9.979999542236328,9.979999542236328,9.979999542236328,0,0.0,0.0
2021-12-03 00:00:00-05:00,10.220000267028809,10.220000267028809,9.979999542236328,9.979999542236328,5100,0.0,0.0
2021-12-06 00:00:00-05:00,9.979999542236328,9.979999542236328,9.979999542236328,9.979999542236328,0,0.0,0.0
2021-12-07 00:00:00-05:00,10.050000190734863,10.050000190734863,10.050000190734863,10.050000190734863,100,0.0,0.0
2021-12-08 00:00:00-05:00,10.050000190734863,10.050000190734863,10.050000190734863,10.050000190734863,0,0.0,0.0
2021-12-09 00:00:00-05:00,10.050000190734863,10.050000190734863,10.050000190734863,10.050000190734863,0,0.0,0.0
2021-12-10 00:00:00-05:00,10.050000190734863,10.050000190734863,10.050000190734863,10.050000190734863,0,0.0,0.0
2021-12-13 00:00:00-05:00,10.050000190734863,10.050000190734863,10.050000190734863,10.050000190734863,0,0.0,0.0
2021-12-14 00:00:00-05:00,10.050000190734863,10.050000190734863,10.050000190734863,10.050000190734863,0,0.0,0.0
2021-12-15 00:00:00-05:00,9.961999893188477,9.975000381469727,9.961999893188477,9.975000381469727,500,0.0,0.0
2021-12-16 00:00:00-05:00,9.902000427246094,9.902000427246094,9.902000427246094,9.902000427246094,300,0.0,0.0
2021-12-17 00:00:00-05:00,9.914999961853027,9.9399995803833,9.90999984741211,9.9399995803833,600,0.0,0.0
2021-12-20 00:00:00-05:00,10.163999557495117,10.1850004196167,10.163999557495117,10.1850004196167,500,0.0,0.0
2021-12-21 00:00:00-05:00,10.0,10.0,9.90999984741211,9.90999984741211,400,0.0,0.0
2021-12-22 00:00:00-05:00,9.970000267028809,9.970000267028809,9.970000267028809,9.970000267028809,100,0.0,0.0
2021-12-23 00:00:00-05:00,9.970000267028809,9.970000267028809,9.970000267028809,9.970000267028809,0,0.0,0.0
2021-12-27 00:00:00-05:00,9.90999984741211,10.1850004196167,9.90999984741211,9.960000038146973,1400,0.0,0.0
2021-12-28 00:00:00-05:00,9.970000267028809,9.970999717712402,9.970000267028809,9.970999717712402,200,0.0,0.0
2021-12-29 00:00:00-05:00,9.859999656677246,9.960000038146973,9.859999656677246,9.960000038146973,1900,0.0,0.0
2021-12-30 00:00:00-05:00,9.960000038146973,9.960000038146973,9.960000038146973,9.960000038146973,0,0.0,0.0
2021-12-31 00:00:00-05:00,9.979999542236328,9.989999771118164,9.960000038146973,9.989999771118164,3000,0.0,0.0
2022-01-03 00:00:00-05:00,9.989999771118164,9.989999771118164,9.989999771118164,9.989999771118164,0,0.0,0.0
2022-01-04 00:00:00-05:00,9.949999809265137,10.0,9.949999809265137,10.0,300,0.0,0.0
2022-01-05 00:00:00-05:00,9.989999771118164,9.989999771118164,9.989999771118164,9.989999771118164,300,0.0,0.0
2022-01-06 00:00:00-05:00,9.989999771118164,9.989999771118164,9.989999771118164,9.989999771118164,0,0.0,0.0
2022-01-07 00:00:00-05:00,9.989999771118164,9.989999771118164,9.989999771118164,9.989999771118164,0,0.0,0.0
2022-01-10 00:00:00-05:00,10.0,10.010000228881836,9.989999771118164,9.989999771118164,800,0.0,0.0
2022-01-11 00:00:00-05:00,9.989999771118164,9.989999771118164,9.979999542236328,9.979999542236328,300,0.0,0.0
2022-01-12 00:00:00-05:00,9.979999542236328,9.984999656677246,9.979999542236328,9.979999542236328,600,0.0,0.0
2022-01-13 00:00:00-05:00,9.979999542236328,9.979999542236328,9.979999542236328,9.979999542236328,0,0.0,0.0
2022-01-14 00:00:00-05:00,9.979999542236328,9.979999542236328,9.979999542236328,9.979999542236328,0,0.0,0.0
2022-01-18 00:00:00-05:00,9.979999542236328,9.979999542236328,9.979999542236328,9.979999542236328,0,0.0,0.0
2022-01-19 00:00:00-05:00,9.979999542236328,9.979999542236328,9.979999542236328,9.979999542236328,0,0.0,0.0
2022-01-20 00:00:00-05:00,9.899999618530273,9.899999618530273,9.899999618530273,9.899999618530273,100,0.0,0.0
2022-01-21 00:00:00-05:00,9.942999839782715,9.942999839782715,9.942999839782715,9.942999839782715,100,0.0,0.0
2022-01-24 00:00:00-05:00,9.956999778747559,9.979999542236328,9.930000305175781,9.979999542236328,13800,0.0,0.0
2022-01-25 00:00:00-05:00,9.859999656677246,9.949999809265137,9.859999656677246,9.949999809265137,700,0.0,0.0
2022-01-26 00:00:00-05:00,9.850000381469727,9.930000305175781,9.850000381469727,9.920000076293945,1600,0.0,0.0
2022-01-27 00:00:00-05:00,9.869999885559082,9.970000267028809,9.869999885559082,9.869999885559082,3000,0.0,0.0
2022-01-28 00:00:00-05:00,9.869999885559082,9.869999885559082,9.869999885559082,9.869999885559082,0,0.0,0.0
2022-01-31 00:00:00-05:00,9.869999885559082,9.871999740600586,9.869999885559082,9.871999740600586,300,0.0,0.0
2022-02-01 00:00:00-05:00,9.890000343322754,9.890000343322754,9.880000114440918,9.880000114440918,200,0.0,0.0
2022-02-02 00:00:00-05:00,9.899999618530273,9.899999618530273,9.899999618530273,9.899999618530273,100,0.0,0.0
2022-02-03 00:00:00-05:00,9.899999618530273,9.899999618530273,9.899999618530273,9.899999618530273,0,0.0,0.0
2022-02-04 00:00:00-05:00,9.890000343322754,9.890000343322754,9.890000343322754,9.890000343322754,200,0.0,0.0
2022-02-07 00:00:00-05:00,9.859999656677246,9.90999984741211,9.859999656677246,9.90999984741211,900,0.0,0.0
2022-02-08 00:00:00-05:00,9.90999984741211,9.90999984741211,9.90999984741211,9.90999984741211,0,0.0,0.0
2022-02-09 00:00:00-05:00,9.944999694824219,9.944999694824219,9.880000114440918,9.880000114440918,200,0.0,0.0
2022-02-10 00:00:00-05:00,9.960000038146973,9.960000038146973,9.960000038146973,9.960000038146973,200,0.0,0.0
2022-02-11 00:00:00-05:00,9.960000038146973,9.960000038146973,9.960000038146973,9.960000038146973,0,0.0,0.0
2022-02-14 00:00:00-05:00,9.960000038146973,9.960000038146973,9.960000038146973,9.960000038146973,0,0.0,0.0
2022-02-15 00:00:00-05:00,9.960000038146973,9.960000038146973,9.960000038146973,9.960000038146973,0,0.0,0.0
2022-02-16 00:00:00-05:00,9.9350004196167,9.9350004196167,9.9350004196167,9.9350004196167,300,0.0,0.0
2022-02-17 00:00:00-05:00,9.949999809265137,9.949999809265137,9.949999809265137,9.949999809265137,400,0.0,0.0
2022-02-18 00:00:00-05:00,9.949999809265137,9.949999809265137,9.949999809265137,9.949999809265137,0,0.0,0.0
2022-02-22 00:00:00-05:00,9.949999809265137,9.949999809265137,9.949999809265137,9.949999809265137,0,0.0,0.0
2022-02-23 00:00:00-05:00,9.949999809265137,9.949999809265137,9.949999809265137,9.949999809265137,0,0.0,0.0
2022-02-24 00:00:00-05:00,9.949999809265137,9.970000267028809,9.949999809265137,9.949999809265137,3700,0.0,0.0
2022-02-25 00:00:00-05:00,9.949999809265137,9.949999809265137,9.949999809265137,9.949999809265137,0,0.0,0.0
2022-02-28 00:00:00-05:00,9.9399995803833,9.949999809265137,9.9399995803833,9.949999809265137,3200,0.0,0.0
2022-03-01 00:00:00-05:00,9.949999809265137,9.949999809265137,9.949999809265137,9.949999809265137,3100,0.0,0.0
2022-03-02 00:00:00-05:00,9.949999809265137,9.949999809265137,9.949999809265137,9.949999809265137,0,0.0,0.0
2022-03-03 00:00:00-05:00,9.949999809265137,9.949999809265137,9.949999809265137,9.949999809265137,0,0.0,0.0
2022-03-04 00:00:00-05:00,9.949999809265137,9.949999809265137,9.887999534606934,9.949999809265137,800,0.0,0.0
2022-03-07 00:00:00-05:00,9.949999809265137,9.949999809265137,9.949999809265137,9.949999809265137,0,0.0,0.0
2022-03-08 00:00:00-05:00,9.949999809265137,9.949999809265137,9.949999809265137,9.949999809265137,0,0.0,0.0
2022-03-09 00:00:00-05:00,9.949999809265137,9.949999809265137,9.949999809265137,9.949999809265137,0,0.0,0.0
2022-03-10 00:00:00-05:00,9.899999618530273,9.920000076293945,9.899999618530273,9.920000076293945,300,0.0,0.0
2022-03-11 00:00:00-05:00,9.90999984741211,9.90999984741211,9.90999984741211,9.90999984741211,100,0.0,0.0
2022-03-14 00:00:00-04:00,9.90999984741211,9.90999984741211,9.90999984741211,9.90999984741211,0,0.0,0.0
2022-03-15 00:00:00-04:00,9.90999984741211,9.90999984741211,9.90999984741211,9.90999984741211,0,0.0,0.0
2022-03-16 00:00:00-04:00,9.90999984741211,9.90999984741211,9.90999984741211,9.90999984741211,0,0.0,0.0
2022-03-17 00:00:00-04:00,9.899999618530273,9.899999618530273,9.899999618530273,9.899999618530273,100,0.0,0.0
2022-03-18 00:00:00-04:00,9.899999618530273,9.899999618530273,9.899999618530273,9.899999618530273,0,0.0,0.0
2022-03-21 00:00:00-04:00,9.899999618530273,9.899999618530273,9.899999618530273,9.899999618530273,0,0.0,0.0
2022-03-22 00:00:00-04:00,9.859999656677246,9.859999656677246,9.859999656677246,9.859999656677246,100,0.0,0.0
2022-03-23 00:00:00-04:00,9.859999656677246,9.859999656677246,9.859999656677246,9.859999656677246,0,0.0,0.0
2022-03-24 00:00:00-04:00,9.930999755859375,9.930999755859375,9.930999755859375,9.930999755859375,100,0.0,0.0
2022-03-25 00:00:00-04:00,9.901000022888184,9.925999641418457,9.901000022888184,9.925999641418457,700,0.0,0.0
2022-03-28 00:00:00-04:00,9.954000473022461,9.954000473022461,9.954000473022461,9.954000473022461,100,0.0,0.0
2022-03-29 00:00:00-04:00,9.9350004196167,9.9350004196167,9.9350004196167,9.9350004196167,100,0.0,0.0
2022-03-30 00:00:00-04:00,9.9350004196167,9.9350004196167,9.9350004196167,9.9350004196167,0,0.0,0.0
2022-03-31 00:00:00-04:00,9.9350004196167,9.9350004196167,9.9350004196167,9.9350004196167,0,0.0,0.0
2022-04-01 00:00:00-04:00,9.9350004196167,9.9350004196167,9.9350004196167,9.9350004196167,0,0.0,0.0
2022-04-04 00:00:00-04:00,9.9350004196167,9.9350004196167,9.9350004196167,9.9350004196167,0,0.0,0.0
2022-04-05 00:00:00-04:00,9.9350004196167,9.9350004196167,9.9350004196167,9.9350004196167,0,0.0,0.0
2022-04-06 00:00:00-04:00,9.9350004196167,9.9350004196167,9.9350004196167,9.9350004196167,0,0.0,0.0
2022-04-07 00:00:00-04:00,9.930000305175781,9.930000305175781,9.920000076293945,9.930000305175781,12100,0.0,0.0
2022-04-08 00:00:00-04:00,9.930000305175781,9.930000305175781,9.930000305175781,9.930000305175781,0,0.0,0.0
2022-04-11 00:00:00-04:00,9.930000305175781,9.930000305175781,9.930000305175781,9.930000305175781,0,0.0,0.0
2022-04-12 00:00:00-04:00,9.930000305175781,9.930000305175781,9.930000305175781,9.930000305175781,0,0.0,0.0
2022-04-13 00:00:00-04:00,9.930000305175781,9.930000305175781,9.930000305175781,9.930000305175781,0,0.0,0.0
2022-04-14 00:00:00-04:00,9.930000305175781,9.930000305175781,9.930000305175781,9.930000305175781,0,0.0,0.0
2022-04-18 00:00:00-04:00,9.930000305175781,9.930000305175781,9.930000305175781,9.930000305175781,0,0.0,0.0
2022-04-19 00:00:00-04:00,9.96500015258789,9.96500015258789,9.96500015258789,9.96500015258789,100,0.0,0.0
2022-04-20 00:00:00-04:00,9.96500015258789,9.96500015258789,9.96500015258789,9.96500015258789,0,0.0,0.0
2022-04-21 00:00:00-04:00,9.96500015258789,9.96500015258789,9.96500015258789,9.96500015258789,0,0.0,0.0
2022-04-22 00:00:00-04:00,9.96500015258789,9.96500015258789,9.96500015258789,9.96500015258789,0,0.0,0.0
2022-04-25 00:00:00-04:00,9.869999885559082,10.010000228881836,9.869999885559082,10.010000228881836,300,0.0,0.0
2022-04-26 00:00:00-04:00,9.970000267028809,9.970000267028809,9.970000267028809,9.970000267028809,78100,0.0,0.0
2022-04-27 00:00:00-04:00,9.970000267028809,9.970000267028809,9.970000267028809,9.970000267028809,0,0.0,0.0
2022-04-28 00:00:00-04:00,9.970000267028809,9.970000267028809,9.970000267028809,9.970000267028809,0,0.0,0.0
2022-04-29 00:00:00-04:00,9.970000267028809,9.970000267028809,9.970000267028809,9.970000267028809,0,0.0,0.0
2022-05-02 00:00:00-04:00,9.970000267028809,9.970000267028809,9.970000267028809,9.970000267028809,0,0.0,0.0
2022-05-03 00:00:00-04:00,9.970000267028809,9.970000267028809,9.970000267028809,9.970000267028809,0,0.0,0.0
2022-05-04 00:00:00-04:00,9.970000267028809,9.970000267028809,9.970000267028809,9.970000267028809,0,0.0,0.0
2022-05-05 00:00:00-04:00,9.970000267028809,9.970000267028809,9.970000267028809,9.970000267028809,0,0.0,0.0
2022-05-06 00:00:00-04:00,9.970000267028809,9.970000267028809,9.970000267028809,9.970000267028809,0,0.0,0.0
2022-05-09 00:00:00-04:00,9.9399995803833,9.940999984741211,9.9399995803833,9.9399995803833,600,0.0,0.0
2022-05-10 00:00:00-04:00,9.97599983215332,9.97599983215332,9.97599983215332,9.97599983215332,200,0.0,0.0
2022-05-11 00:00:00-04:00,9.9399995803833,9.9399995803833,9.9399995803833,9.9399995803833,100,0.0,0.0
2022-05-12 00:00:00-04:00,9.9399995803833,9.9399995803833,9.9399995803833,9.9399995803833,0,0.0,0.0
2022-05-13 00:00:00-04:00,9.869999885559082,9.869999885559082,9.869999885559082,9.869999885559082,100,0.0,0.0
2022-05-16 00:00:00-04:00,9.869999885559082,9.869999885559082,9.869999885559082,9.869999885559082,0,0.0,0.0
2022-05-17 00:00:00-04:00,9.869999885559082,9.869999885559082,9.869999885559082,9.869999885559082,0,0.0,0.0
2022-05-18 00:00:00-04:00,9.869999885559082,9.869999885559082,9.869999885559082,9.869999885559082,0,0.0,0.0
2022-05-19 00:00:00-04:00,9.869999885559082,9.869999885559082,9.869999885559082,9.869999885559082,0,0.0,0.0
2022-05-20 00:00:00-04:00,9.869999885559082,9.869999885559082,9.869999885559082,9.869999885559082,0,0.0,0.0
2022-05-23 00:00:00-04:00,9.869999885559082,9.869999885559082,9.869999885559082,9.869999885559082,0,0.0,0.0
2022-05-24 00:00:00-04:00,9.869999885559082,9.869999885559082,9.869999885559082,9.869999885559082,0,0.0,0.0
2022-05-25 00:00:00-04:00,9.869999885559082,9.869999885559082,9.869999885559082,9.869999885559082,0,0.0,0.0
2022-05-26 00:00:00-04:00,9.869999885559082,9.873000144958496,9.869999885559082,9.873000144958496,200,0.0,0.0
2022-05-27 00:00:00-04:00,9.873000144958496,9.873000144958496,9.873000144958496,9.873000144958496,0,0.0,0.0
2022-05-31 00:00:00-04:00,9.873000144958496,9.873000144958496,9.873000144958496,9.873000144958496,0,0.0,0.0
2022-06-01 00:00:00-04:00,9.873000144958496,9.873000144958496,9.873000144958496,9.873000144958496,0,0.0,0.0
2022-06-02 00:00:00-04:00,9.873000144958496,9.873000144958496,9.873000144958496,9.873000144958496,0,0.0,0.0
2022-06-03 00:00:00-04:00,9.873000144958496,9.873000144958496,9.873000144958496,9.873000144958496,0,0.0,0.0
2022-06-06 00:00:00-04:00,9.873000144958496,9.873000144958496,9.873000144958496,9.873000144958496,0,0.0,0.0
2022-06-07 00:00:00-04:00,9.873000144958496,9.873000144958496,9.873000144958496,9.873000144958496,0,0.0,0.0
2022-06-08 00:00:00-04:00,9.873000144958496,9.873000144958496,9.873000144958496,9.873000144958496,0,0.0,0.0
2022-06-09 00:00:00-04:00,9.873000144958496,9.873000144958496,9.873000144958496,9.873000144958496,0,0.0,0.0
2022-06-10 00:00:00-04:00,9.873000144958496,9.873000144958496,9.873000144958496,9.873000144958496,0,0.0,0.0
2022-06-13 00:00:00-04:00,9.913999557495117,9.913999557495117,9.869999885559082,9.871999740600586,500,0.0,0.0
2022-06-14 00:00:00-04:00,9.871999740600586,9.871999740600586,9.871999740600586,9.871999740600586,0,0.0,0.0
2022-06-15 00:00:00-04:00,9.871999740600586,9.871999740600586,9.871999740600586,9.871999740600586,0,0.0,0.0
2022-06-16 00:00:00-04:00,9.871999740600586,9.871999740600586,9.871999740600586,9.871999740600586,0,0.0,0.0
2022-06-17 00:00:00-04:00,9.871999740600586,9.871999740600586,9.871999740600586,9.871999740600586,0,0.0,0.0
2022-06-21 00:00:00-04:00,9.871999740600586,9.871999740600586,9.871999740600586,9.871999740600586,0,0.0,0.0
2022-06-22 00:00:00-04:00,9.871999740600586,9.871999740600586,9.871999740600586,9.871999740600586,0,0.0,0.0
2022-06-23 00:00:00-04:00,9.871999740600586,9.871999740600586,9.871999740600586,9.871999740600586,0,0.0,0.0
2022-06-24 00:00:00-04:00,9.871999740600586,9.871999740600586,9.871999740600586,9.871999740600586,0,0.0,0.0
2022-06-27 00:00:00-04:00,9.871999740600586,9.871999740600586,9.871999740600586,9.871999740600586,0,0.0,0.0
2022-06-28 00:00:00-04:00,9.871999740600586,9.871999740600586,9.871999740600586,9.871999740600586,0,0.0,0.0
2022-06-29 00:00:00-04:00,9.871999740600586,9.871999740600586,9.871999740600586,9.871999740600586,0,0.0,0.0
2022-06-30 00:00:00-04:00,9.871999740600586,9.871999740600586,9.871999740600586,9.871999740600586,0,0.0,0.0
2022-07-01 00:00:00-04:00,9.871999740600586,9.871999740600586,9.871999740600586,9.871999740600586,0,0.0,0.0
2022-07-05 00:00:00-04:00,9.871999740600586,9.871999740600586,9.871999740600586,9.871999740600586,0,0.0,0.0
2022-07-06 00:00:00-04:00,9.871999740600586,9.871999740600586,9.871999740600586,9.871999740600586,0,0.0,0.0
2022-07-07 00:00:00-04:00,9.871999740600586,9.871999740600586,9.871999740600586,9.871999740600586,0,0.0,0.0
2022-07-08 00:00:00-04:00,9.871999740600586,9.871999740600586,9.871999740600586,9.871999740600586,0,0.0,0.0
2022-07-11 00:00:00-04:00,9.871999740600586,9.871999740600586,9.871999740600586,9.871999740600586,0,0.0,0.0
2022-07-12 00:00:00-04:00,9.871999740600586,9.871999740600586,9.871999740600586,9.871999740600586,0,0.0,0.0
2022-07-13 00:00:00-04:00,9.899999618530273,9.90999984741211,9.880000114440918,9.90999984741211,800,0.0,0.0
2022-07-14 00:00:00-04:00,9.9399995803833,9.9399995803833,9.9399995803833,9.9399995803833,100,0.0,0.0
2022-07-15 00:00:00-04:00,9.9399995803833,9.9399995803833,9.9399995803833,9.9399995803833,0,0.0,0.0
2022-07-18 00:00:00-04:00,9.923999786376953,9.923999786376953,9.923999786376953,9.923999786376953,300,0.0,0.0
2022-07-19 00:00:00-04:00,9.890000343322754,9.890000343322754,9.890000343322754,9.890000343322754,2500,0.0,0.0
2022-07-20 00:00:00-04:00,9.890000343322754,9.890000343322754,9.890000343322754,9.890000343322754,0,0.0,0.0
2022-07-21 00:00:00-04:00,9.890000343322754,9.890000343322754,9.890000343322754,9.890000343322754,0,0.0,0.0
2022-07-22 00:00:00-04:00,9.979999542236328,9.979999542236328,9.890000343322754,9.890000343322754,11900,0.0,0.0
2022-07-25 00:00:00-04:00,9.890000343322754,9.890000343322754,9.890000343322754,9.890000343322754,0,0.0,0.0
2022-07-26 00:00:00-04:00,9.890000343322754,9.890000343322754,9.890000343322754,9.890000343322754,0,0.0,0.0
2022-07-27 00:00:00-04:00,9.890000343322754,9.890000343322754,9.890000343322754,9.890000343322754,100,0.0,0.0
2022-07-28 00:00:00-04:00,9.890000343322754,9.890000343322754,9.890000343322754,9.890000343322754,0,0.0,0.0
2022-07-29 00:00:00-04:00,9.890000343322754,9.890000343322754,9.890000343322754,9.890000343322754,0,0.0,0.0
2022-08-01 00:00:00-04:00,9.890000343322754,9.9399995803833,9.890000343322754,9.930000305175781,500,0.0,0.0
2022-08-02 00:00:00-04:00,9.930000305175781,9.930000305175781,9.930000305175781,9.930000305175781,0,0.0,0.0
2022-08-03 00:00:00-04:00,9.930000305175781,9.930000305175781,9.930000305175781,9.930000305175781,0,0.0,0.0
2022-08-04 00:00:00-04:00,9.949999809265137,9.949999809265137,9.930000305175781,9.930000305175781,3300,0.0,0.0
2022-08-05 00:00:00-04:00,9.9350004196167,9.9350004196167,9.920000076293945,9.920000076293945,300,0.0,0.0
2022-08-08 00:00:00-04:00,9.920000076293945,9.920000076293945,9.920000076293945,9.920000076293945,0,0.0,0.0
2022-08-09 00:00:00-04:00,9.920000076293945,9.920000076293945,9.920000076293945,9.920000076293945,0,0.0,0.0
2022-08-10 00:00:00-04:00,9.920000076293945,9.920000076293945,9.920000076293945,9.920000076293945,0,0.0,0.0
2022-08-11 00:00:00-04:00,9.92199993133545,9.92199993133545,9.92199993133545,9.92199993133545,300,0.0,0.0
2022-08-12 00:00:00-04:00,9.920000076293945,9.920000076293945,9.920000076293945,9.920000076293945,400,0.0,0.0
2022-08-15 00:00:00-04:00,9.925000190734863,9.925000190734863,9.925000190734863,9.925000190734863,100,0.0,0.0
2022-08-16 00:00:00-04:00,9.925000190734863,9.925000190734863,9.925000190734863,9.925000190734863,0,0.0,0.0
2022-08-17 00:00:00-04:00,9.90999984741211,9.920000076293945,9.90999984741211,9.920000076293945,600,0.0,0.0
2022-08-18 00:00:00-04:00,9.911999702453613,9.920000076293945,9.911999702453613,9.920000076293945,600,0.0,0.0
2022-08-19 00:00:00-04:00,9.920000076293945,9.920000076293945,9.920000076293945,9.920000076293945,0,0.0,0.0
2022-08-22 00:00:00-04:00,9.920000076293945,9.920000076293945,9.920000076293945,9.920000076293945,0,0.0,0.0
2022-08-23 00:00:00-04:00,9.911999702453613,9.911999702453613,9.911999702453613,9.911999702453613,300,0.0,0.0
2022-08-24 00:00:00-04:00,9.800000190734863,9.90999984741211,9.800000190734863,9.90999984741211,600,0.0,0.0
2022-08-25 00:00:00-04:00,9.90999984741211,9.90999984741211,9.880000114440918,9.880000114440918,900,0.0,0.0
2022-08-26 00:00:00-04:00,9.880000114440918,9.880000114440918,9.880000114440918,9.880000114440918,400,0.0,0.0
2022-08-29 00:00:00-04:00,9.770000457763672,9.90999984741211,9.770000457763672,9.890000343322754,2400,0.0,0.0
2022-08-30 00:00:00-04:00,9.899999618530273,9.899999618530273,9.890000343322754,9.890000343322754,2300,0.0,0.0
2022-08-31 00:00:00-04:00,9.904999732971191,9.904999732971191,9.904999732971191,9.904999732971191,100,0.0,0.0
2022-09-01 00:00:00-04:00,9.904999732971191,9.904999732971191,9.904999732971191,9.904999732971191,0,0.0,0.0
2022-09-02 00:00:00-04:00,9.904999732971191,9.904999732971191,9.904999732971191,9.904999732971191,0,0.0,0.0
2022-09-06 00:00:00-04:00,9.904999732971191,9.904999732971191,9.904999732971191,9.904999732971191,0,0.0,0.0
2022-09-07 00:00:00-04:00,9.904999732971191,9.904999732971191,9.904999732971191,9.904999732971191,0,0.0,0.0
2022-09-08 00:00:00-04:00,9.904999732971191,9.904999732971191,9.904999732971191,9.904999732971191,0,0.0,0.0
2022-09-09 00:00:00-04:00,9.904999732971191,9.904999732971191,9.904999732971191,9.904999732971191,0,0.0,0.0
2022-09-12 00:00:00-04:00,9.904999732971191,9.904999732971191,9.904999732971191,9.904999732971191,0,0.0,0.0
2022-09-13 00:00:00-04:00,9.904999732971191,9.904999732971191,9.904999732971191,9.904999732971191,0,0.0,0.0
2022-09-14 00:00:00-04:00,9.904999732971191,9.904999732971191,9.904999732971191,9.904999732971191,0,0.0,0.0
2022-09-15 00:00:00-04:00,9.904999732971191,9.904999732971191,9.904999732971191,9.904999732971191,0,0.0,0.0
2022-09-16 00:00:00-04:00,9.904999732971191,9.904999732971191,9.904999732971191,9.904999732971191,0,0.0,0.0
2022-09-19 00:00:00-04:00,9.904999732971191,9.904999732971191,9.904999732971191,9.904999732971191,0,0.0,0.0
2022-09-20 00:00:00-04:00,9.904999732971191,9.904999732971191,9.904999732971191,9.904999732971191,0,0.0,0.0
2022-09-21 00:00:00-04:00,9.904999732971191,9.904999732971191,9.904999732971191,9.904999732971191,0,0.0,0.0
2022-09-22 00:00:00-04:00,9.920000076293945,9.920000076293945,9.920000076293945,9.920000076293945,100,0.0,0.0
2022-09-23 00:00:00-04:00,9.920000076293945,9.920000076293945,9.920000076293945,9.920000076293945,0,0.0,0.0
2022-09-26 00:00:00-04:00,9.920000076293945,9.920000076293945,9.920000076293945,9.920000076293945,0,0.0,0.0
2022-09-27 00:00:00-04:00,9.920000076293945,9.920000076293945,9.920000076293945,9.920000076293945,0,0.0,0.0
2022-09-28 00:00:00-04:00,9.920000076293945,9.920000076293945,9.920000076293945,9.920000076293945,0,0.0,0.0
2022-09-29 00:00:00-04:00,9.920000076293945,9.920000076293945,9.920000076293945,9.920000076293945,0,0.0,0.0
2022-09-30 00:00:00-04:00,9.890000343322754,9.890000343322754,9.890000343322754,9.890000343322754,100,0.0,0.0
2022-10-03 00:00:00-04:00,9.899999618530273,9.899999618530273,9.869999885559082,9.869999885559082,5500,0.0,0.0
2022-10-04 00:00:00-04:00,9.869999885559082,9.869999885559082,9.869999885559082,9.869999885559082,0,0.0,0.0
2022-10-05 00:00:00-04:00,9.869999885559082,9.869999885559082,9.869999885559082,9.869999885559082,0,0.0,0.0
2022-10-06 00:00:00-04:00,9.869999885559082,9.869999885559082,9.869999885559082,9.869999885559082,0,0.0,0.0
2022-10-07 00:00:00-04:00,9.869999885559082,9.869999885559082,9.869999885559082,9.869999885559082,0,0.0,0.0
2022-10-10 00:00:00-04:00,9.869999885559082,9.869999885559082,9.869999885559082,9.869999885559082,0,0.0,0.0
2022-10-11 00:00:00-04:00,9.880000114440918,9.880000114440918,9.880000114440918,9.880000114440918,100,0.0,0.0
2022-10-12 00:00:00-04:00,9.880000114440918,9.880000114440918,9.880000114440918,9.880000114440918,0,0.0,0.0
2022-10-13 00:00:00-04:00,9.899999618530273,9.899999618530273,9.899999618530273,9.899999618530273,100,0.0,0.0
2022-10-14 00:00:00-04:00,9.899999618530273,9.899999618530273,9.899999618530273,9.899999618530273,0,0.0,0.0
2022-10-17 00:00:00-04:00,9.899999618530273,9.899999618530273,9.899999618530273,9.899999618530273,0,0.0,0.0
2022-10-18 00:00:00-04:00,9.899999618530273,9.899999618530273,9.899999618530273,9.899999618530273,0,0.0,0.0
2022-10-19 00:00:00-04:00,9.899999618530273,9.899999618530273,9.899999618530273,9.899999618530273,0,0.0,0.0
2022-10-20 00:00:00-04:00,9.899999618530273,9.899999618530273,9.899999618530273,9.899999618530273,0,0.0,0.0
2022-10-21 00:00:00-04:00,9.899999618530273,9.899999618530273,9.899999618530273,9.899999618530273,0,0.0,0.0
2022-10-24 00:00:00-04:00,9.90999984741211,9.90999984741211,9.90999984741211,9.90999984741211,100,0.0,0.0
2022-10-25 00:00:00-04:00,9.90999984741211,9.90999984741211,9.90999984741211,9.90999984741211,0,0.0,0.0
2022-10-26 00:00:00-04:00,9.90999984741211,9.90999984741211,9.90999984741211,9.90999984741211,0,0.0,0.0
2022-10-27 00:00:00-04:00,9.90999984741211,9.90999984741211,9.90999984741211,9.90999984741211,0,0.0,0.0
2022-10-28 00:00:00-04:00,9.90999984741211,9.90999984741211,9.90999984741211,9.90999984741211,0,0.0,0.0
2022-10-31 00:00:00-04:00,9.90999984741211,9.90999984741211,9.90999984741211,9.90999984741211,0,0.0,0.0
2022-11-01 00:00:00-04:00,9.90999984741211,9.90999984741211,9.90999984741211,9.90999984741211,0,0.0,0.0
2022-11-02 00:00:00-04:00,9.90999984741211,9.90999984741211,9.90999984741211,9.90999984741211,0,0.0,0.0
2022-11-03 00:00:00-04:00,9.949999809265137,9.949999809265137,9.949999809265137,9.949999809265137,100,0.0,0.0
2022-11-04 00:00:00-04:00,9.949999809265137,9.949999809265137,9.949999809265137,9.949999809265137,0,0.0,0.0
2022-11-07 00:00:00-05:00,9.949999809265137,9.949999809265137,9.949999809265137,9.949999809265137,0,0.0,0.0
2022-11-08 00:00:00-05:00,9.949999809265137,9.949999809265137,9.949999809265137,9.949999809265137,0,0.0,0.0
2022-11-09 00:00:00-05:00,9.949999809265137,9.949999809265137,9.949999809265137,9.949999809265137,0,0.0,0.0
2022-11-10 00:00:00-05:00,9.949999809265137,9.949999809265137,9.949999809265137,9.949999809265137,0,0.0,0.0
2022-11-11 00:00:00-05:00,9.949999809265137,9.949999809265137,9.949999809265137,9.949999809265137,0,0.0,0.0
2022-11-14 00:00:00-05:00,9.949999809265137,9.949999809265137,9.949999809265137,9.949999809265137,0,0.0,0.0
2022-11-15 00:00:00-05:00,9.949999809265137,9.949999809265137,9.949999809265137,9.949999809265137,0,0.0,0.0
2022-11-16 00:00:00-05:00,9.9399995803833,9.949999809265137,9.9399995803833,9.949999809265137,200,0.0,0.0
2022-11-17 00:00:00-05:00,9.949999809265137,9.949999809265137,9.949999809265137,9.949999809265137,0,0.0,0.0
2022-11-18 00:00:00-05:00,9.949999809265137,9.949999809265137,9.949999809265137,9.949999809265137,0,0.0,0.0
2022-11-21 00:00:00-05:00,9.949999809265137,9.949999809265137,9.949999809265137,9.949999809265137,0,0.0,0.0
2022-11-22 00:00:00-05:00,9.949999809265137,9.949999809265137,9.949999809265137,9.949999809265137,0,0.0,0.0
2022-11-23 00:00:00-05:00,9.920000076293945,9.920000076293945,9.920000076293945,9.920000076293945,100,0.0,0.0
2022-11-25 00:00:00-05:00,9.920000076293945,9.920000076293945,9.920000076293945,9.920000076293945,0,0.0,0.0
2022-11-28 00:00:00-05:00,9.920000076293945,9.920000076293945,9.920000076293945,9.920000076293945,0,0.0,0.0
2022-11-29 00:00:00-05:00,9.949999809265137,9.949999809265137,9.949999809265137,9.949999809265137,100,0.0,0.0
2022-11-30 00:00:00-05:00,9.949999809265137,9.949999809265137,9.949999809265137,9.949999809265137,0,0.0,0.0
2022-12-01 00:00:00-05:00,9.949999809265137,9.949999809265137,9.949999809265137,9.949999809265137,0,0.0,0.0
2022-12-02 00:00:00-05:00,9.949999809265137,9.949999809265137,9.949999809265137,9.949999809265137,0,0.0,0.0
2022-12-05 00:00:00-05:00,9.949999809265137,9.949999809265137,9.949999809265137,9.949999809265137,0,0.0,0.0
2022-12-06 00:00:00-05:00,9.949999809265137,9.949999809265137,9.949999809265137,9.949999809265137,0,0.0,0.0
2022-12-07 00:00:00-05:00,9.930000305175781,9.932000160217285,9.930000305175781,9.930000305175781,300,0.0,0.0
2022-12-08 00:00:00-05:00,9.930000305175781,9.930000305175781,9.930000305175781,9.930000305175781,0,0.0,0.0
2022-12-09 00:00:00-05:00,9.930000305175781,9.930000305175781,9.930000305175781,9.930000305175781,0,0.0,0.0
2022-12-12 00:00:00-05:00,9.930000305175781,9.930000305175781,9.930000305175781,9.930000305175781,0,0.0,0.0
2022-12-13 00:00:00-05:00,9.930000305175781,9.930000305175781,9.930000305175781,9.930000305175781,0,0.0,0.0
2022-12-14 00:00:00-05:00,9.930000305175781,9.930000305175781,9.930000305175781,9.930000305175781,0,0.0,0.0
2022-12-15 00:00:00-05:00,9.930000305175781,9.930000305175781,9.930000305175781,9.930000305175781,0,0.0,0.0
2022-12-16 00:00:00-05:00,9.930000305175781,9.930000305175781,9.930000305175781,9.930000305175781,0,0.0,0.0
2022-12-19 00:00:00-05:00,9.930000305175781,9.930000305175781,9.930000305175781,9.930000305175781,0,0.0,0.0
2022-12-20 00:00:00-05:00,9.930000305175781,9.930000305175781,9.930000305175781,9.930000305175781,0,0.0,0.0
2022-12-21 00:00:00-05:00,9.930000305175781,9.930000305175781,9.930000305175781,9.930000305175781,0,0.0,0.0
2022-12-22 00:00:00-05:00,9.930000305175781,9.930000305175781,9.930000305175781,9.930000305175781,0,0.0,0.0
2022-12-23 00:00:00-05:00,9.930000305175781,9.930000305175781,9.930000305175781,9.930000305175781,0,0.0,0.0
2022-12-27 00:00:00-05:00,9.930000305175781,9.930000305175781,9.930000305175781,9.930000305175781,0,0.0,0.0
2022-12-28 00:00:00-05:00,10.050000190734863,10.0600004196167,10.050000190734863,10.0600004196167,10600,0.0,0.0
2022-12-29 00:00:00-05:00,10.0600004196167,10.0600004196167,10.0600004196167,10.0600004196167,0,0.0,0.0
2022-12-30 00:00:00-05:00,10.0600004196167,10.0600004196167,10.0600004196167,10.0600004196167,0,0.0,0.0
2023-01-03 00:00:00-05:00,10.0600004196167,10.0600004196167,10.0600004196167,10.0600004196167,0,0.0,0.0
2023-01-04 00:00:00-05:00,10.0600004196167,10.0600004196167,10.0600004196167,10.0600004196167,0,0.0,0.0
2023-01-05 00:00:00-05:00,10.0600004196167,10.0600004196167,10.0600004196167,10.0600004196167,0,0.0,0.0
2023-01-06 00:00:00-05:00,10.069999694824219,10.07699966430664,10.069999694824219,10.069999694824219,300,0.0,0.0
2023-01-09 00:00:00-05:00,10.069999694824219,10.069999694824219,10.069999694824219,10.069999694824219,0,0.0,0.0
2023-01-10 00:00:00-05:00,10.069999694824219,10.069999694824219,10.069999694824219,10.069999694824219,0,0.0,0.0
2023-01-11 00:00:00-05:00,10.069999694824219,10.069999694824219,10.069999694824219,10.069999694824219,0,0.0,0.0
2023-01-12 00:00:00-05:00,10.09000015258789,10.09000015258789,10.09000015258789,10.09000015258789,1000,0.0,0.0
2023-01-13 00:00:00-05:00,10.0600004196167,10.100000381469727,10.0600004196167,10.100000381469727,3600,0.0,0.0
2023-01-17 00:00:00-05:00,10.100000381469727,10.100000381469727,10.100000381469727,10.100000381469727,0,0.0,0.0
2023-01-18 00:00:00-05:00,10.100000381469727,10.100000381469727,10.100000381469727,10.100000381469727,0,0.0,0.0
2023-01-19 00:00:00-05:00,10.100000381469727,10.100000381469727,10.100000381469727,10.100000381469727,0,0.0,0.0
2023-01-20 00:00:00-05:00,10.100000381469727,10.100000381469727,10.100000381469727,10.100000381469727,0,0.0,0.0
2023-01-23 00:00:00-05:00,10.119999885559082,10.119999885559082,10.119999885559082,10.119999885559082,200,0.0,0.0
2023-01-24 00:00:00-05:00,10.130000114440918,10.142000198364258,10.130000114440918,10.130000114440918,500,0.0,0.0
2023-01-25 00:00:00-05:00,10.130000114440918,10.130000114440918,10.130000114440918,10.130000114440918,100,0.0,0.0
2023-01-26 00:00:00-05:00,10.130000114440918,10.130000114440918,10.130000114440918,10.130000114440918,200,0.0,0.0
2023-01-27 00:00:00-05:00,10.130000114440918,10.130000114440918,10.130000114440918,10.130000114440918,0,0.0,0.0
2023-01-30 00:00:00-05:00,10.130000114440918,10.130000114440918,10.130000114440918,10.130000114440918,0,0.0,0.0
2023-01-31 00:00:00-05:00,10.130000114440918,10.130000114440918,10.130000114440918,10.130000114440918,0,0.0,0.0
2023-02-01 00:00:00-05:00,10.130000114440918,10.130000114440918,10.130000114440918,10.130000114440918,0,0.0,0.0
2023-02-02 00:00:00-05:00,10.130000114440918,10.130999565124512,10.130000114440918,10.130999565124512,500,0.0,0.0
2023-02-03 00:00:00-05:00,10.130999565124512,10.130999565124512,10.130999565124512,10.130999565124512,0,0.0,0.0
2023-02-06 00:00:00-05:00,10.119999885559082,10.119999885559082,10.119999885559082,10.119999885559082,2500,0.0,0.0
2023-02-07 00:00:00-05:00,10.119999885559082,10.119999885559082,10.119999885559082,10.119999885559082,300,0.0,0.0
2023-02-08 00:00:00-05:00,10.119999885559082,10.121000289916992,10.119999885559082,10.121000289916992,200,0.0,0.0
2023-02-09 00:00:00-05:00,10.121000289916992,10.121000289916992,10.121000289916992,10.121000289916992,0,0.0,0.0
2023-02-10 00:00:00-05:00,10.121000289916992,10.121000289916992,10.121000289916992,10.121000289916992,0,0.0,0.0
2023-02-13 00:00:00-05:00,10.121000289916992,10.121000289916992,10.121000289916992,10.121000289916992,0,0.0,0.0
2023-02-14 00:00:00-05:00,10.121000289916992,10.121000289916992,10.121000289916992,10.121000289916992,0,0.0,0.0
2023-02-15 00:00:00-05:00,10.121000289916992,10.121000289916992,10.121000289916992,10.121000289916992,0,0.0,0.0
2023-02-16 00:00:00-05:00,10.149999618530273,10.149999618530273,10.149999618530273,10.149999618530273,100,0.0,0.0
2023-02-17 00:00:00-05:00,10.149999618530273,10.149999618530273,10.119999885559082,10.149999618530273,1700,0.0,0.0
2023-02-21 00:00:00-05:00,10.149999618530273,10.149999618530273,10.149999618530273,10.149999618530273,0,0.0,0.0
2023-02-22 00:00:00-05:00,10.149999618530273,10.149999618530273,10.149999618530273,10.149999618530273,0,0.0,0.0
2023-02-23 00:00:00-05:00,10.149999618530273,10.149999618530273,10.149999618530273,10.149999618530273,0,0.0,0.0
2023-02-24 00:00:00-05:00,10.149999618530273,10.149999618530273,10.149999618530273,10.149999618530273,0,0.0,0.0
2023-02-27 00:00:00-05:00,10.149999618530273,10.149999618530273,10.149999618530273,10.149999618530273,0,0.0,0.0
2023-02-28 00:00:00-05:00,10.149999618530273,10.149999618530273,10.149999618530273,10.149999618530273,0,0.0,0.0
2023-03-01 00:00:00-05:00,10.149999618530273,10.149999618530273,10.149999618530273,10.149999618530273,0,0.0,0.0
2023-03-02 00:00:00-05:00,10.149999618530273,10.149999618530273,10.149999618530273,10.149999618530273,0,0.0,0.0
2023-03-03 00:00:00-05:00,10.149999618530273,10.149999618530273,10.149999618530273,10.149999618530273,0,0.0,0.0
2023-03-06 00:00:00-05:00,10.149999618530273,10.149999618530273,10.149999618530273,10.149999618530273,0,0.0,0.0
2023-03-07 00:00:00-05:00,10.149999618530273,10.149999618530273,10.149999618530273,10.149999618530273,0,0.0,0.0
2023-03-08 00:00:00-05:00,10.199999809265137,10.225000381469727,10.123000144958496,10.199999809265137,5600,0.0,0.0
2023-03-09 00:00:00-05:00,10.199999809265137,10.199999809265137,10.199999809265137,10.199999809265137,0,0.0,0.0
2023-03-10 00:00:00-05:00,10.199999809265137,10.199999809265137,10.199999809265137,10.199999809265137,0,0.0,0.0
2023-03-13 00:00:00-04:00,10.199999809265137,10.199999809265137,10.199999809265137,10.199999809265137,0,0.0,0.0
2023-03-14 00:00:00-04:00,10.199999809265137,10.199999809265137,10.199999809265137,10.199999809265137,0,0.0,0.0
2023-03-15 00:00:00-04:00,10.199999809265137,10.199999809265137,10.199999809265137,10.199999809265137,0,0.0,0.0
2023-03-16 00:00:00-04:00,10.199999809265137,10.199999809265137,10.199999809265137,10.199999809265137,0,0.0,0.0
2023-03-17 00:00:00-04:00,9.899999618530273,10.1899995803833,9.899999618530273,10.1899995803833,1200,0.0,0.0
2023-03-20 00:00:00-04:00,10.1899995803833,10.1899995803833,10.1899995803833,10.1899995803833,0,0.0,0.0
2023-03-21 00:00:00-04:00,10.1899995803833,10.1899995803833,10.1899995803833,10.1899995803833,0,0.0,0.0
2023-03-22 00:00:00-04:00,10.1899995803833,10.1899995803833,10.1899995803833,10.1899995803833,0,0.0,0.0
2023-03-23 00:00:00-04:00,10.220000267028809,10.229999542236328,10.220000267028809,10.229999542236328,500,0.0,0.0
2023-03-24 00:00:00-04:00,10.229999542236328,10.229999542236328,10.229999542236328,10.229999542236328,0,0.0,0.0
2023-03-27 00:00:00-04:00,10.663999557495117,10.663999557495117,10.663999557495117,10.663999557495117,100,0.0,0.0
2023-03-28 00:00:00-04:00,10.663999557495117,10.663999557495117,10.663999557495117,10.663999557495117,0,0.0,0.0
2023-03-29 00:00:00-04:00,10.663999557495117,10.663999557495117,10.663999557495117,10.663999557495117,0,0.0,0.0
2023-03-30 00:00:00-04:00,10.663999557495117,10.663999557495117,10.663999557495117,10.663999557495117,0,0.0,0.0
2023-03-31 00:00:00-04:00,10.663999557495117,10.663999557495117,10.663999557495117,10.663999557495117,0,0.0,0.0
2023-04-03 00:00:00-04:00,10.663999557495117,10.663999557495117,10.663999557495117,10.663999557495117,0,0.0,0.0
2023-04-04 00:00:00-04:00,10.663999557495117,10.663999557495117,10.663999557495117,10.663999557495117,0,0.0,0.0
2023-04-05 00:00:00-04:00,10.663999557495117,10.663999557495117,10.663999557495117,10.663999557495117,0,0.0,0.0
2023-04-06 00:00:00-04:00,10.65999984741211,10.65999984741211,10.65999984741211,10.65999984741211,100,0.0,0.0
2023-04-10 00:00:00-04:00,10.65999984741211,10.65999984741211,10.65999984741211,10.65999984741211,0,0.0,0.0
2023-04-11 00:00:00-04:00,10.65999984741211,10.65999984741211,10.65999984741211,10.65999984741211,0,0.0,0.0
2023-04-12 00:00:00-04:00,10.65999984741211,10.65999984741211,10.65999984741211,10.65999984741211,0,0.0,0.0
2023-04-13 00:00:00-04:00,10.649999618530273,10.649999618530273,10.649999618530273,10.649999618530273,100,0.0,0.0
2023-04-14 00:00:00-04:00,10.649999618530273,10.649999618530273,10.649999618530273,10.649999618530273,0,0.0,0.0
2023-04-17 00:00:00-04:00,10.649999618530273,10.649999618530273,10.649999618530273,10.649999618530273,0,0.0,0.0
2023-04-18 00:00:00-04:00,10.279999732971191,10.279999732971191,10.279999732971191,10.279999732971191,2000,0.0,0.0
2023-04-19 00:00:00-04:00,10.279999732971191,10.279999732971191,10.279999732971191,10.279999732971191,0,0.0,0.0
2023-04-20 00:00:00-04:00,10.279999732971191,10.279999732971191,10.279999732971191,10.279999732971191,0,0.0,0.0
2023-04-21 00:00:00-04:00,10.279999732971191,10.279999732971191,10.279999732971191,10.279999732971191,0,0.0,0.0
2023-04-24 00:00:00-04:00,10.279999732971191,10.279999732971191,10.279999732971191,10.279999732971191,0,0.0,0.0
2023-04-25 00:00:00-04:00,10.25,10.350000381469727,10.239999771118164,10.25,1300,0.0,0.0
2023-04-26 00:00:00-04:00,10.390000343322754,10.390000343322754,10.229999542236328,10.229999542236328,800,0.0,0.0
2023-04-27 00:00:00-04:00,10.399999618530273,10.399999618530273,10.25,10.25,500,0.0,0.0
2023-04-28 00:00:00-04:00,10.399999618530273,10.399999618530273,10.239999771118164,10.239999771118164,400,0.0,0.0
2023-05-01 00:00:00-04:00,10.350000381469727,10.350000381469727,10.180000305175781,10.279999732971191,2200,0.0,0.0
2023-05-02 00:00:00-04:00,10.279999732971191,10.279999732971191,10.279999732971191,10.279999732971191,0,0.0,0.0
2023-05-03 00:00:00-04:00,10.279999732971191,10.279999732971191,10.279999732971191,10.279999732971191,0,0.0,0.0
2023-05-04 00:00:00-04:00,10.279999732971191,10.279999732971191,10.279999732971191,10.279999732971191,0,0.0,0.0
2023-05-05 00:00:00-04:00,10.279999732971191,10.279999732971191,10.279999732971191,10.279999732971191,0,0.0,0.0
2023-05-08 00:00:00-04:00,10.279999732971191,10.279999732971191,10.279999732971191,10.279999732971191,0,0.0,0.0
2023-05-09 00:00:00-04:00,10.279999732971191,10.279999732971191,10.279999732971191,10.279999732971191,0,0.0,0.0
2023-05-10 00:00:00-04:00,10.279999732971191,10.279999732971191,10.279999732971191,10.279999732971191,0,0.0,0.0
2023-05-11 00:00:00-04:00,10.279999732971191,10.279999732971191,10.279999732971191,10.279999732971191,0,0.0,0.0
2023-05-12 00:00:00-04:00,10.279999732971191,10.279999732971191,10.279999732971191,10.279999732971191,0,0.0,0.0
2023-05-15 00:00:00-04:00,10.3100004196167,10.550000190734863,10.289999961853027,10.289999961853027,1400,0.0,0.0
2023-05-16 00:00:00-04:00,10.289999961853027,10.289999961853027,10.289999961853027,10.289999961853027,0,0.0,0.0
2023-05-17 00:00:00-04:00,10.289999961853027,10.289999961853027,10.289999961853027,10.289999961853027,0,0.0,0.0
2023-05-18 00:00:00-04:00,10.289999961853027,10.289999961853027,10.289999961853027,10.289999961853027,0,0.0,0.0
2023-05-19 00:00:00-04:00,10.289999961853027,10.289999961853027,10.289999961853027,10.289999961853027,0,0.0,0.0
2023-05-22 00:00:00-04:00,10.289999961853027,10.289999961853027,10.289999961853027,10.289999961853027,0,0.0,0.0
2023-05-23 00:00:00-04:00,10.289999961853027,10.289999961853027,10.289999961853027,10.289999961853027,0,0.0,0.0
2023-05-24 00:00:00-04:00,10.289999961853027,10.289999961853027,10.289999961853027,10.289999961853027,0,0.0,0.0
2023-05-25 00:00:00-04:00,10.289999961853027,10.289999961853027,10.289999961853027,10.289999961853027,0,0.0,0.0
2023-05-26 00:00:00-04:00,9.789999961853027,10.260000228881836,9.789999961853027,9.930000305175781,2900,0.0,0.0
2023-05-30 00:00:00-04:00,9.930000305175781,9.930000305175781,9.930000305175781,9.930000305175781,0,0.0,0.0
2023-05-31 00:00:00-04:00,9.930000305175781,9.930000305175781,9.930000305175781,9.930000305175781,0,0.0,0.0
2023-06-01 00:00:00-04:00,9.930000305175781,9.930000305175781,9.930000305175781,9.930000305175781,0,0.0,0.0
2023-06-02 00:00:00-04:00,9.930000305175781,9.930000305175781,9.930000305175781,9.930000305175781,0,0.0,0.0
2023-06-05 00:00:00-04:00,9.930000305175781,9.930000305175781,9.930000305175781,9.930000305175781,0,0.0,0.0
2023-06-06 00:00:00-04:00,9.930000305175781,9.930000305175781,9.930000305175781,9.930000305175781,0,0.0,0.0
2023-06-07 00:00:00-04:00,10.468000411987305,10.468000411987305,10.468000411987305,10.468000411987305,300,0.0,0.0
2023-06-08 00:00:00-04:00,10.468000411987305,10.468000411987305,10.468000411987305,10.468000411987305,0,0.0,0.0
2023-06-09 00:00:00-04:00,10.468000411987305,10.468000411987305,10.468000411987305,10.468000411987305,0,0.0,0.0
2023-06-12 00:00:00-04:00,10.020000457763672,10.020000457763672,10.020000457763672,10.020000457763672,100,0.0,0.0
2023-06-13 00:00:00-04:00,10.010000228881836,10.390000343322754,10.010000228881836,10.380000114440918,600,0.0,0.0
2023-06-14 00:00:00-04:00,10.380000114440918,10.380000114440918,10.380000114440918,10.380000114440918,0,0.0,0.0
2023-06-15 00:00:00-04:00,10.380000114440918,10.380000114440918,10.380000114440918,10.380000114440918,0,0.0,0.0
2023-06-16 00:00:00-04:00,10.380000114440918,10.380000114440918,10.380000114440918,10.380000114440918,0,0.0,0.0
2023-06-20 00:00:00-04:00,10.380000114440918,10.380000114440918,10.380000114440918,10.380000114440918,0,0.0,0.0
2023-06-21 00:00:00-04:00,10.390000343322754,10.390000343322754,10.100000381469727,10.390000343322754,3600,0.0,0.0
2023-06-22 00:00:00-04:00,10.390000343322754,10.390000343322754,10.390000343322754,10.390000343322754,0,0.0,0.0
2023-06-23 00:00:00-04:00,9.180000305175781,10.40999984741211,9.180000305175781,10.40999984741211,800,0.0,0.0
2023-06-26 00:00:00-04:00,10.40999984741211,10.40999984741211,10.40999984741211,10.40999984741211,0,0.0,0.0
2023-06-27 00:00:00-04:00,10.40999984741211,10.40999984741211,10.40999984741211,10.40999984741211,0,0.0,0.0
2023-06-28 00:00:00-04:00,10.40999984741211,10.40999984741211,10.40999984741211,10.40999984741211,0,0.0,0.0
2023-06-29 00:00:00-04:00,10.40999984741211,10.40999984741211,10.40999984741211,10.40999984741211,0,0.0,0.0
2023-06-30 00:00:00-04:00,10.40999984741211,10.40999984741211,10.40999984741211,10.40999984741211,0,0.0,0.0
2023-07-03 00:00:00-04:00,10.40999984741211,10.40999984741211,10.40999984741211,10.40999984741211,0,0.0,0.0
2023-07-05 00:00:00-04:00,10.40999984741211,10.40999984741211,10.40999984741211,10.40999984741211,0,0.0,0.0
2023-07-06 00:00:00-04:00,10.40999984741211,10.40999984741211,10.40999984741211,10.40999984741211,0,0.0,0.0
2023-07-07 00:00:00-04:00,10.40999984741211,10.40999984741211,10.40999984741211,10.40999984741211,0,0.0,0.0
2023-07-10 00:00:00-04:00,10.40999984741211,10.40999984741211,10.40999984741211,10.40999984741211,0,0.0,0.0
2023-07-11 00:00:00-04:00,10.40999984741211,10.40999984741211,10.40999984741211,10.40999984741211,0,0.0,0.0
2023-07-12 00:00:00-04:00,10.40999984741211,10.40999984741211,10.40999984741211,10.40999984741211,0,0.0,0.0
2023-07-13 00:00:00-04:00,10.40999984741211,10.40999984741211,10.40999984741211,10.40999984741211,0,0.0,0.0
2023-07-14 00:00:00-04:00,10.40999984741211,10.40999984741211,10.40999984741211,10.40999984741211,0,0.0,0.0
2023-07-17 00:00:00-04:00,10.40999984741211,10.40999984741211,10.40999984741211,10.40999984741211,0,0.0,0.0
2023-07-18 00:00:00-04:00,10.40999984741211,10.40999984741211,10.40999984741211,10.40999984741211,0,0.0,0.0
2023-07-19 00:00:00-04:00,9.180000305175781,10.069999694824219,9.180000305175781,10.069999694824219,200,0.0,0.0
2023-07-20 00:00:00-04:00,10.420000076293945,10.420000076293945,10.420000076293945,10.420000076293945,100,0.0,0.0
2023-07-21 00:00:00-04:00,10.420000076293945,10.420000076293945,10.420000076293945,10.420000076293945,0,0.0,0.0
2023-07-24 00:00:00-04:00,10.420000076293945,10.420000076293945,10.420000076293945,10.420000076293945,0,0.0,0.0
2023-07-25 00:00:00-04:00,10.420000076293945,10.420000076293945,10.420000076293945,10.420000076293945,0,0.0,0.0
2023-07-26 00:00:00-04:00,10.5,10.5,10.5,10.5,1300,0.0,0.0
2023-07-27 00:00:00-04:00,10.300000190734863,10.300000190734863,10.300000190734863,10.300000190734863,100,0.0,0.0
2023-07-28 00:00:00-04:00,10.300000190734863,10.300000190734863,10.300000190734863,10.300000190734863,0,0.0,0.0
2023-07-31 00:00:00-04:00,10.699999809265137,10.699999809265137,10.699999809265137,10.699999809265137,200,0.0,0.0
2023-08-01 00:00:00-04:00,10.699999809265137,10.699999809265137,10.699999809265137,10.699999809265137,0,0.0,0.0
2023-08-02 00:00:00-04:00,10.699999809265137,10.699999809265137,10.699999809265137,10.699999809265137,0,0.0,0.0
2023-08-03 00:00:00-04:00,10.699999809265137,10.699999809265137,10.699999809265137,10.699999809265137,0,0.0,0.0
2023-08-04 00:00:00-04:00,10.699999809265137,10.699999809265137,10.699999809265137,10.699999809265137,0,0.0,0.0
2023-08-07 00:00:00-04:00,10.699999809265137,10.699999809265137,10.699999809265137,10.699999809265137,0,0.0,0.0
2023-08-08 00:00:00-04:00,10.699999809265137,10.699999809265137,10.699999809265137,10.699999809265137,0,0.0,0.0
2023-08-09 00:00:00-04:00,10.699999809265137,10.699999809265137,10.699999809265137,10.699999809265137,0,0.0,0.0
2023-08-10 00:00:00-04:00,10.699999809265137,10.699999809265137,10.699999809265137,10.699999809265137,0,0.0,0.0
2023-08-11 00:00:00-04:00,10.699999809265137,10.699999809265137,10.699999809265137,10.699999809265137,0,0.0,0.0
2023-08-14 00:00:00-04:00,10.699999809265137,10.699999809265137,10.699999809265137,10.699999809265137,0,0.0,0.0
2023-08-15 00:00:00-04:00,10.699999809265137,10.699999809265137,10.699999809265137,10.699999809265137,0,0.0,0.0
2023-08-16 00:00:00-04:00,11.069999694824219,11.069999694824219,10.3100004196167,10.5,1200,0.0,0.0
2023-08-17 00:00:00-04:00,10.5,10.5,10.5,10.5,0,0.0,0.0
2023-08-18 00:00:00-04:00,10.5,10.5,10.5,10.5,0,0.0,0.0
2023-08-21 00:00:00-04:00,10.5,10.5,10.5,10.5,0,0.0,0.0
2023-08-22 00:00:00-04:00,10.5,10.5,10.5,10.5,0,0.0,0.0
2023-08-23 00:00:00-04:00,10.5,10.5,10.5,10.5,0,0.0,0.0
2023-08-24 00:00:00-04:00,10.5,10.5,10.5,10.5,0,0.0,0.0
2023-08-25 00:00:00-04:00,10.5,10.5,10.5,10.5,0,0.0,0.0
2023-08-28 00:00:00-04:00,10.5,10.5,10.5,10.5,0,0.0,0.0
2023-08-29 00:00:00-04:00,10.5,10.5,10.5,10.5,0,0.0,0.0
2023-08-30 00:00:00-04:00,10.5,10.5,10.5,10.5,0,0.0,0.0
2023-08-31 00:00:00-04:00,11.140000343322754,11.140000343322754,11.140000343322754,11.140000343322754,300,0.0,0.0
2023-09-01 00:00:00-04:00,10.899999618530273,11.069999694824219,10.449999809265137,11.069999694824219,2800,0.0,0.0
2023-09-05 00:00:00-04:00,11.600000381469727,11.84000015258789,11.039999961853027,11.039999961853027,900,0.0,0.0
2023-09-06 00:00:00-04:00,11.949999809265137,11.949999809265137,11.949999809265137,11.949999809265137,100,0.0,0.0
2023-09-07 00:00:00-04:00,12.600000381469727,12.600000381469727,10.800000190734863,10.800000190734863,2700,0.0,0.0
2023-09-08 00:00:00-04:00,11.300000190734863,11.470000267028809,10.739999771118164,11.470000267028809,600,0.0,0.0
2023-09-11 00:00:00-04:00,11.470000267028809,11.470000267028809,11.470000267028809,11.470000267028809,0,0.0,0.0
2023-09-12 00:00:00-04:00,11.470000267028809,11.470000267028809,11.470000267028809,11.470000267028809,0,0.0,0.0
2023-09-13 00:00:00-04:00,11.470000267028809,11.470000267028809,11.470000267028809,11.470000267028809,0,0.0,0.0
2023-09-14 00:00:00-04:00,11.470000267028809,11.470000267028809,11.470000267028809,11.470000267028809,0,0.0,0.0
2023-09-15 00:00:00-04:00,11.470000267028809,11.470000267028809,11.470000267028809,11.470000267028809,0,0.0,0.0
2023-09-18 00:00:00-04:00,11.470000267028809,11.470000267028809,11.470000267028809,11.470000267028809,0,0.0,0.0
2023-09-19 00:00:00-04:00,11.470000267028809,11.470000267028809,11.470000267028809,11.470000267028809,0,0.0,0.0
2023-09-20 00:00:00-04:00,11.470000267028809,11.470000267028809,11.470000267028809,11.470000267028809,0,0.0,0.0
2023-09-21 00:00:00-04:00,11.470000267028809,11.470000267028809,11.470000267028809,11.470000267028809,0,0.0,0.0
2023-09-22 00:00:00-04:00,11.470000267028809,11.470000267028809,11.470000267028809,11.470000267028809,0,0.0,0.0
2023-09-25 00:00:00-04:00,11.470000267028809,11.470000267028809,11.470000267028809,11.470000267028809,0,0.0,0.0
2023-09-26 00:00:00-04:00,11.470000267028809,11.470000267028809,11.470000267028809,11.470000267028809,0,0.0,0.0
2023-09-27 00:00:00-04:00,11.470000267028809,11.470000267028809,11.470000267028809,11.470000267028809,0,0.0,0.0
2023-09-28 00:00:00-04:00,11.470000267028809,11.470000267028809,11.470000267028809,11.470000267028809,0,0.0,0.0
2023-09-29 00:00:00-04:00,11.470000267028809,11.470000267028809,11.470000267028809,11.470000267028809,0,0.0,0.0
2023-10-02 00:00:00-04:00,11.470000267028809,11.470000267028809,11.470000267028809,11.470000267028809,0,0.0,0.0
2023-10-03 00:00:00-04:00,11.470000267028809,11.470000267028809,11.470000267028809,11.470000267028809,0,0.0,0.0
2023-10-04 00:00:00-04:00,11.470000267028809,11.470000267028809,11.470000267028809,11.470000267028809,0,0.0,0.0
2023-10-05 00:00:00-04:00,11.470000267028809,11.470000267028809,11.470000267028809,11.470000267028809,0,0.0,0.0
2023-10-06 00:00:00-04:00,11.470000267028809,11.470000267028809,11.470000267028809,11.470000267028809,0,0.0,0.0
2023-10-09 00:00:00-04:00,11.470000267028809,11.470000267028809,11.470000267028809,11.470000267028809,0,0.0,0.0
2023-10-10 00:00:00-04:00,11.470000267028809,11.470000267028809,11.470000267028809,11.470000267028809,0,0.0,0.0
2023-10-11 00:00:00-04:00,11.470000267028809,11.470000267028809,11.470000267028809,11.470000267028809,0,0.0,0.0
2023-10-12 00:00:00-04:00,11.470000267028809,11.470000267028809,11.470000267028809,11.470000267028809,0,0.0,0.0
2023-10-13 00:00:00-04:00,11.470000267028809,11.470000267028809,11.470000267028809,11.470000267028809,0,0.0,0.0
2023-10-16 00:00:00-04:00,11.470000267028809,11.470000267028809,11.470000267028809,11.470000267028809,0,0.0,0.0
2023-10-17 00:00:00-04:00,11.470000267028809,11.470000267028809,11.470000267028809,11.470000267028809,0,0.0,0.0
2023-10-18 00:00:00-04:00,11.470000267028809,11.470000267028809,11.470000267028809,11.470000267028809,0,0.0,0.0
2023-10-19 00:00:00-04:00,10.600000381469727,10.699999809265137,10.3100004196167,10.529999732971191,4800,0.0,0.0
2023-10-20 00:00:00-04:00,10.529999732971191,10.529999732971191,10.529999732971191,10.529999732971191,0,0.0,0.0
2023-10-23 00:00:00-04:00,10.529999732971191,10.529999732971191,10.529999732971191,10.529999732971191,0,0.0,0.0
2023-10-24 00:00:00-04:00,10.529999732971191,10.529999732971191,10.529999732971191,10.529999732971191,0,0.0,0.0
2023-10-25 00:00:00-04:00,10.529999732971191,10.529999732971191,10.529999732971191,10.529999732971191,0,0.0,0.0
2023-10-26 00:00:00-04:00,10.529999732971191,10.529999732971191,10.529999732971191,10.529999732971191,0,0.0,0.0
2023-10-27 00:00:00-04:00,10.489999771118164,10.569999694824219,10.489999771118164,10.550000190734863,3900,0.0,0.0
2023-10-30 00:00:00-04:00,10.699999809265137,10.699999809265137,10.59000015258789,10.59000015258789,700,0.0,0.0
2023-10-31 00:00:00-04:00,10.579999923706055,10.640000343322754,10.489999771118164,10.5,600,0.0,0.0
2023-11-01 00:00:00-04:00,10.5,10.5,10.5,10.5,0,0.0,0.0
2023-11-02 00:00:00-04:00,10.460000038146973,10.460000038146973,10.460000038146973,10.460000038146973,200,0.0,0.0
2023-11-03 00:00:00-04:00,10.5,10.5,10.5,10.5,300,0.0,0.0
2023-11-06 00:00:00-05:00,10.699999809265137,11.979999542236328,10.020000457763672,11.510000228881836,10600,0.0,0.0
2023-11-07 00:00:00-05:00,11.5,11.5,10.84000015258789,11.4399995803833,2900,0.0,0.0
2023-11-08 00:00:00-05:00,12.100000381469727,12.100000381469727,10.699999809265137,10.699999809265137,3100,0.0,0.0
2023-11-09 00:00:00-05:00,10.699999809265137,10.699999809265137,10.699999809265137,10.699999809265137,0,0.0,0.0
2023-11-10 00:00:00-05:00,10.5,10.579999923706055,10.3100004196167,10.5600004196167,5400,0.0,0.0
2023-11-13 00:00:00-05:00,10.579999923706055,10.59000015258789,10.579999923706055,10.59000015258789,1000,0.0,0.0
2023-11-14 00:00:00-05:00,10.59000015258789,10.59000015258789,10.59000015258789,10.59000015258789,100,0.0,0.0
2023-11-15 00:00:00-05:00,10.59000015258789,10.59000015258789,10.59000015258789,10.59000015258789,0,0.0,0.0
2023-11-16 00:00:00-05:00,10.529999732971191,10.539999961853027,10.529999732971191,10.539999961853027,1800,0.0,0.0
2023-11-17 00:00:00-05:00,10.539999961853027,10.539999961853027,10.539999961853027,10.539999961853027,0,0.0,0.0
2023-11-20 00:00:00-05:00,10.5,10.5,10.5,10.5,100,0.0,0.0
2023-11-21 00:00:00-05:00,10.600000381469727,10.600000381469727,10.600000381469727,10.600000381469727,700,0.0,0.0
2023-11-22 00:00:00-05:00,10.649999618530273,11.649999618530273,10.649999618530273,10.800000190734863,2700,0.0,0.0
2023-11-24 00:00:00-05:00,10.800000190734863,10.800000190734863,10.800000190734863,10.800000190734863,0,0.0,0.0
2023-11-27 00:00:00-05:00,10.800000190734863,10.800000190734863,10.40999984741211,10.59000015258789,1800,0.0,0.0
2023-11-28 00:00:00-05:00,10.550000190734863,10.59000015258789,10.510000228881836,10.59000015258789,3800,0.0,0.0
2023-11-29 00:00:00-05:00,10.59000015258789,10.59000015258789,10.59000015258789,10.59000015258789,0,0.0,0.0
2023-11-30 00:00:00-05:00,10.59000015258789,10.59000015258789,10.59000015258789,10.59000015258789,0,0.0,0.0
2023-12-01 00:00:00-05:00,10.59000015258789,10.59000015258789,10.59000015258789,10.59000015258789,0,0.0,0.0
2023-12-04 00:00:00-05:00,10.59000015258789,10.59000015258789,10.59000015258789,10.59000015258789,0,0.0,0.0
2023-12-05 00:00:00-05:00,10.59000015258789,10.59000015258789,10.59000015258789,10.59000015258789,0,0.0,0.0
2023-12-06 00:00:00-05:00,10.59000015258789,10.59000015258789,10.59000015258789,10.59000015258789,0,0.0,0.0
2023-12-07 00:00:00-05:00,10.59000015258789,10.59000015258789,10.59000015258789,10.59000015258789,0,0.0,0.0
2023-12-08 00:00:00-05:00,10.59000015258789,10.59000015258789,10.59000015258789,10.59000015258789,0,0.0,0.0
2023-12-11 00:00:00-05:00,10.59000015258789,10.59000015258789,10.59000015258789,10.59000015258789,0,0.0,0.0
2023-12-12 00:00:00-05:00,10.59000015258789,10.59000015258789,10.59000015258789,10.59000015258789,0,0.0,0.0
2023-12-13 00:00:00-05:00,10.59000015258789,10.59000015258789,10.59000015258789,10.59000015258789,0,0.0,0.0
2023-12-14 00:00:00-05:00,10.59000015258789,10.59000015258789,10.59000015258789,10.59000015258789,0,0.0,0.0
2023-12-15 00:00:00-05:00,10.59000015258789,10.59000015258789,10.59000015258789,10.59000015258789,0,0.0,0.0
2023-12-18 00:00:00-05:00,10.59000015258789,10.59000015258789,10.59000015258789,10.59000015258789,0,0.0,0.0
2023-12-19 00:00:00-05:00,10.59000015258789,10.59000015258789,10.59000015258789,10.59000015258789,0,0.0,0.0
2023-12-20 00:00:00-05:00,10.449999809265137,10.609999656677246,10.449999809265137,10.609999656677246,1200,0.0,0.0
2023-12-21 00:00:00-05:00,10.470000267028809,10.649999618530273,10.470000267028809,10.649999618530273,800,0.0,0.0
2023-12-22 00:00:00-05:00,10.649999618530273,10.649999618530273,10.649999618530273,10.649999618530273,0,0.0,0.0
2023-12-26 00:00:00-05:00,10.649999618530273,10.649999618530273,10.649999618530273,10.649999618530273,0,0.0,0.0
2023-12-27 00:00:00-05:00,10.649999618530273,10.649999618530273,10.649999618530273,10.649999618530273,0,0.0,0.0
2023-12-28 00:00:00-05:00,10.649999618530273,10.649999618530273,10.649999618530273,10.649999618530273,0,0.0,0.0
2023-12-29 00:00:00-05:00,10.649999618530273,10.649999618530273,10.649999618530273,10.649999618530273,0,0.0,0.0
2024-01-02 00:00:00-05:00,10.800000190734863,10.800000190734863,10.800000190734863,10.800000190734863,200,0.0,0.0
2024-01-03 00:00:00-05:00,10.800000190734863,10.800000190734863,10.800000190734863,10.800000190734863,0,0.0,0.0
2024-01-04 00:00:00-05:00,10.800000190734863,10.800000190734863,10.800000190734863,10.800000190734863,0,0.0,0.0
2024-01-05 00:00:00-05:00,10.800000190734863,10.800000190734863,10.800000190734863,10.800000190734863,0,0.0,0.0
2024-01-08 00:00:00-05:00,10.800000190734863,10.800000190734863,10.800000190734863,10.800000190734863,0,0.0,0.0
2024-01-09 00:00:00-05:00,10.699999809265137,10.699999809265137,10.699999809265137,10.699999809265137,200,0.0,0.0
2024-01-10 00:00:00-05:00,10.699999809265137,10.699999809265137,10.699999809265137,10.699999809265137,0,0.0,0.0
2024-01-11 00:00:00-05:00,10.699999809265137,10.699999809265137,10.699999809265137,10.699999809265137,0,0.0,0.0
2024-01-12 00:00:00-05:00,10.699999809265137,10.699999809265137,10.699999809265137,10.699999809265137,0,0.0,0.0
2024-01-16 00:00:00-05:00,10.699999809265137,10.699999809265137,10.699999809265137,10.699999809265137,0,0.0,0.0
2024-01-17 00:00:00-05:00,10.699999809265137,10.699999809265137,10.699999809265137,10.699999809265137,0,0.0,0.0
2024-01-18 00:00:00-05:00,10.699999809265137,10.699999809265137,10.699999809265137,10.699999809265137,0,0.0,0.0
2024-01-19 00:00:00-05:00,10.699999809265137,10.699999809265137,10.699999809265137,10.699999809265137,0,0.0,0.0
2024-01-22 00:00:00-05:00,10.699999809265137,10.699999809265137,10.699999809265137,10.699999809265137,0,0.0,0.0
2024-01-23 00:00:00-05:00,10.699999809265137,10.699999809265137,10.699999809265137,10.699999809265137,0,0.0,0.0
2024-01-24 00:00:00-05:00,10.699999809265137,10.699999809265137,10.699999809265137,10.699999809265137,0,0.0,0.0
2024-01-25 00:00:00-05:00,10.699999809265137,10.699999809265137,10.699999809265137,10.699999809265137,0,0.0,0.0
2024-01-26 00:00:00-05:00,10.699999809265137,10.699999809265137,10.699999809265137,10.699999809265137,0,0.0,0.0
2024-01-29 00:00:00-05:00,10.699999809265137,10.699999809265137,10.699999809265137,10.699999809265137,0,0.0,0.0
2024-01-30 00:00:00-05:00,10.699999809265137,10.699999809265137,10.699999809265137,10.699999809265137,0,0.0,0.0
2024-01-31 00:00:00-05:00,10.699999809265137,10.699999809265137,10.699999809265137,10.699999809265137,0,0.0,0.0
2024-02-01 00:00:00-05:00,10.699999809265137,10.699999809265137,10.699999809265137,10.699999809265137,0,0.0,0.0
2024-02-02 00:00:00-05:00,10.699999809265137,10.699999809265137,10.699999809265137,10.699999809265137,0,0.0,0.0
2024-02-05 00:00:00-05:00,10.699999809265137,10.699999809265137,10.699999809265137,10.699999809265137,0,0.0,0.0
2024-02-06 00:00:00-05:00,10.699999809265137,10.699999809265137,10.699999809265137,10.699999809265137,0,0.0,0.0
2024-02-07 00:00:00-05:00,10.699999809265137,10.699999809265137,10.699999809265137,10.699999809265137,0,0.0,0.0
2024-02-08 00:00:00-05:00,10.699999809265137,10.699999809265137,10.699999809265137,10.699999809265137,0,0.0,0.0
2024-02-09 00:00:00-05:00,10.699999809265137,10.699999809265137,10.699999809265137,10.699999809265137,0,0.0,0.0
2024-02-12 00:00:00-05:00,10.699999809265137,10.699999809265137,10.699999809265137,10.699999809265137,0,0.0,0.0
2024-02-13 00:00:00-05:00,10.699999809265137,10.699999809265137,10.699999809265137,10.699999809265137,0,0.0,0.0
2024-02-14 00:00:00-05:00,10.699999809265137,10.699999809265137,10.699999809265137,10.699999809265137,0,0.0,0.0
2024-02-15 00:00:00-05:00,10.699999809265137,10.699999809265137,10.699999809265137,10.699999809265137,0,0.0,0.0
2024-02-16 00:00:00-05:00,10.699999809265137,10.699999809265137,10.699999809265137,10.699999809265137,0,0.0,0.0
2024-02-20 00:00:00-05:00,10.699999809265137,10.699999809265137,10.699999809265137,10.699999809265137,0,0.0,0.0
2024-02-21 00:00:00-05:00,10.699999809265137,10.699999809265137,10.699999809265137,10.699999809265137,0,0.0,0.0
2024-02-22 00:00:00-05:00,10.699999809265137,10.699999809265137,10.699999809265137,10.699999809265137,0,0.0,0.0
2024-02-23 00:00:00-05:00,10.699999809265137,10.699999809265137,10.699999809265137,10.699999809265137,0,0.0,0.0
2024-02-26 00:00:00-05:00,10.699999809265137,10.699999809265137,10.699999809265137,10.699999809265137,0,0.0,0.0
2024-02-27 00:00:00-05:00,10.699999809265137,10.699999809265137,10.699999809265137,10.699999809265137,0,0.0,0.0
2024-02-28 00:00:00-05:00,10.699999809265137,10.699999809265137,10.699999809265137,10.699999809265137,0,0.0,0.0
2024-02-29 00:00:00-05:00,10.699999809265137,10.699999809265137,10.699999809265137,10.699999809265137,0,0.0,0.0
2024-03-01 00:00:00-05:00,10.699999809265137,10.699999809265137,10.699999809265137,10.699999809265137,0,0.0,0.0
2024-03-04 00:00:00-05:00,10.699999809265137,10.699999809265137,10.699999809265137,10.699999809265137,0,0.0,0.0
2024-03-05 00:00:00-05:00,10.699999809265137,10.699999809265137,10.699999809265137,10.699999809265137,0,0.0,0.0
2024-03-06 00:00:00-05:00,10.699999809265137,10.699999809265137,10.699999809265137,10.699999809265137,0,0.0,0.0
2024-03-07 00:00:00-05:00,10.699999809265137,10.699999809265137,10.699999809265137,10.699999809265137,0,0.0,0.0
2024-03-08 00:00:00-05:00,10.699999809265137,10.699999809265137,10.699999809265137,10.699999809265137,0,0.0,0.0
2024-03-11 00:00:00-04:00,10.699999809265137,10.699999809265137,10.699999809265137,10.699999809265137,0,0.0,0.0
2024-03-12 00:00:00-04:00,10.15999984741211,10.15999984741211,10.15999984741211,10.15999984741211,300,0.0,0.0
2024-03-13 00:00:00-04:00,10.15999984741211,10.15999984741211,10.15999984741211,10.15999984741211,0,0.0,0.0
2024-03-14 00:00:00-04:00,10.15999984741211,10.15999984741211,10.15999984741211,10.15999984741211,0,0.0,0.0
2024-03-15 00:00:00-04:00,10.15999984741211,10.15999984741211,10.15999984741211,10.15999984741211,0,0.0,0.0
2024-03-18 00:00:00-04:00,10.15999984741211,10.15999984741211,10.15999984741211,10.15999984741211,0,0.0,0.0
2024-03-19 00:00:00-04:00,10.15999984741211,10.15999984741211,10.15999984741211,10.15999984741211,0,0.0,0.0
2024-03-20 00:00:00-04:00,10.15999984741211,10.15999984741211,10.15999984741211,10.15999984741211,0,0.0,0.0
2024-03-21 00:00:00-04:00,10.15999984741211,10.15999984741211,10.15999984741211,10.15999984741211,0,0.0,0.0
2024-03-22 00:00:00-04:00,10.15999984741211,10.15999984741211,10.15999984741211,10.15999984741211,0,0.0,0.0
2024-03-25 00:00:00-04:00,10.15999984741211,10.15999984741211,10.15999984741211,10.15999984741211,0,0.0,0.0
2024-03-26 00:00:00-04:00,10.15999984741211,10.15999984741211,10.15999984741211,10.15999984741211,0,0.0,0.0
2024-03-27 00:00:00-04:00,9.739999771118164,9.739999771118164,9.739999771118164,9.739999771118164,100,0.0,0.0
2024-03-28 00:00:00-04:00,9.739999771118164,9.739999771118164,9.739999771118164,9.739999771118164,0,0.0,0.0
2024-04-01 00:00:00-04:00,9.739999771118164,9.739999771118164,9.739999771118164,9.739999771118164,0,0.0,0.0
2024-04-02 00:00:00-04:00,9.739999771118164,9.739999771118164,9.739999771118164,9.739999771118164,0,0.0,0.0
2024-04-03 00:00:00-04:00,9.739999771118164,9.739999771118164,9.739999771118164,9.739999771118164,0,0.0,0.0
2024-04-04 00:00:00-04:00,9.739999771118164,9.739999771118164,9.739999771118164,9.739999771118164,0,0.0,0.0
2024-04-05 00:00:00-04:00,9.739999771118164,9.739999771118164,9.739999771118164,9.739999771118164,0,0.0,0.0
2024-04-08 00:00:00-04:00,9.739999771118164,9.739999771118164,9.739999771118164,9.739999771118164,0,0.0,0.0
2024-04-09 00:00:00-04:00,9.739999771118164,9.739999771118164,9.739999771118164,9.739999771118164,0,0.0,0.0
2024-04-10 00:00:00-04:00,9.739999771118164,9.739999771118164,9.739999771118164,9.739999771118164,0,0.0,0.0
2024-04-11 00:00:00-04:00,9.739999771118164,9.739999771118164,9.739999771118164,9.739999771118164,0,0.0,0.0
2024-04-12 00:00:00-04:00,9.739999771118164,9.739999771118164,9.739999771118164,9.739999771118164,0,0.0,0.0
2024-04-15 00:00:00-04:00,9.739999771118164,9.739999771118164,9.739999771118164,9.739999771118164,0,0.0,0.0
2024-04-16 00:00:00-04:00,9.739999771118164,9.739999771118164,9.739999771118164,9.739999771118164,0,0.0,0.0
2024-04-17 00:00:00-04:00,10.520000457763672,10.520000457763672,10.5,10.5,4000,0.0,0.0
2024-04-18 00:00:00-04:00,10.5,10.5,10.5,10.5,0,0.0,0.0
2024-04-19 00:00:00-04:00,10.5,10.5,10.5,10.5,0,0.0,0.0
2024-04-22 00:00:00-04:00,10.5,10.5,10.5,10.5,0,0.0,0.0
2024-04-23 00:00:00-04:00,10.5,10.5,10.5,10.5,0,0.0,0.0
2024-04-24 00:00:00-04:00,10.5,10.5,10.5,10.5,0,0.0,0.0
2024-04-25 00:00:00-04:00,10.5,10.5,10.5,10.5,0,0.0,0.0
2024-04-26 00:00:00-04:00,10.5,10.5,10.5,10.5,0,0.0,0.0
2024-04-29 00:00:00-04:00,10.5,10.5,10.5,10.5,0,0.0,0.0
2024-04-30 00:00:00-04:00,10.5,10.5,10.5,10.5,0,0.0,0.0
2024-05-01 00:00:00-04:00,10.5,10.5,10.5,10.5,0,0.0,0.0
2024-05-02 00:00:00-04:00,10.5,10.5,10.5,10.5,0,0.0,0.0
2024-05-03 00:00:00-04:00,10.5,10.5,10.5,10.5,0,0.0,0.0
2024-05-06 00:00:00-04:00,10.5,10.5,10.5,10.5,0,0.0,0.0
2024-05-07 00:00:00-04:00,10.5,10.5,10.5,10.5,0,0.0,0.0
2024-05-08 00:00:00-04:00,10.5,10.5,10.5,10.5,0,0.0,0.0
2024-05-09 00:00:00-04:00,10.5,10.5,10.5,10.5,0,0.0,0.0
2024-05-10 00:00:00-04:00,10.5,10.5,10.5,10.5,0,0.0,0.0
2024-05-13 00:00:00-04:00,10.5,10.5,10.5,10.5,0,0.0,0.0
2024-05-14 00:00:00-04:00,10.5,10.5,10.5,10.5,0,0.0,0.0
2024-05-15 00:00:00-04:00,10.5,10.5,10.5,10.5,0,0.0,0.0
2024-05-16 00:00:00-04:00,10.5,10.5,10.5,10.5,0,0.0,0.0
2024-05-17 00:00:00-04:00,10.5,10.5,10.5,10.5,0,0.0,0.0
2024-05-20 00:00:00-04:00,10.5,10.5,10.5,10.5,0,0.0,0.0
2024-05-21 00:00:00-04:00,10.5,10.5,10.5,10.5,0,0.0,0.0
2024-05-22 00:00:00-04:00,10.5,10.5,10.5,10.5,0,0.0,0.0
2024-05-23 00:00:00-04:00,10.5,10.5,10.5,10.5,0,0.0,0.0
2024-05-24 00:00:00-04:00,10.5,10.5,10.5,10.5,0,0.0,0.0
2024-05-28 00:00:00-04:00,10.5,10.5,10.5,10.5,0,0.0,0.0
2024-05-29 00:00:00-04:00,10.5,10.5,10.5,10.5,0,0.0,0.0
2024-05-30 00:00:00-04:00,10.5,10.5,10.5,10.5,0,0.0,0.0
2024-05-31 00:00:00-04:00,10.5,10.5,10.5,10.5,0,0.0,0.0
2024-06-03 00:00:00-04:00,10.5,10.5,10.5,10.5,0,0.0,0.0
2024-06-04 00:00:00-04:00,10.5,10.5,10.5,10.5,0,0.0,0.0
2024-06-05 00:00:00-04:00,10.5,10.5,10.5,10.5,0,0.0,0.0
2024-06-06 00:00:00-04:00,10.5,10.5,10.5,10.5,0,0.0,0.0
2024-06-07 00:00:00-04:00,10.5,10.5,10.5,10.5,0,0.0,0.0
2024-06-10 00:00:00-04:00,10.5,10.5,10.5,10.5,0,0.0,0.0
2024-06-11 00:00:00-04:00,10.5,10.5,10.5,10.5,0,0.0,0.0
2024-06-12 00:00:00-04:00,10.5,10.5,10.5,10.5,0,0.0,0.0
2024-06-13 00:00:00-04:00,10.5,10.5,10.5,10.5,0,0.0,0.0
2024-06-14 00:00:00-04:00,10.5,10.5,10.5,10.5,0,0.0,0.0
2024-06-17 00:00:00-04:00,10.5,10.5,10.5,10.5,0,0.0,0.0
2024-06-18 00:00:00-04:00,10.5,10.5,10.5,10.5,0,0.0,0.0
2024-06-20 00:00:00-04:00,10.5,10.5,10.5,10.5,0,0.0,0.0
2024-06-21 00:00:00-04:00,11.550000190734863,11.550000190734863,11.550000190734863,11.550000190734863,100,0.0,0.0
2024-06-24 00:00:00-04:00,11.550000190734863,11.550000190734863,11.550000190734863,11.550000190734863,0,0.0,0.0
2024-06-25 00:00:00-04:00,11.550000190734863,11.550000190734863,11.550000190734863,11.550000190734863,0,0.0,0.0
2024-06-26 00:00:00-04:00,11.550000190734863,11.550000190734863,11.550000190734863,11.550000190734863,0,0.0,0.0
2024-06-27 00:00:00-04:00,11.550000190734863,11.550000190734863,11.550000190734863,11.550000190734863,0,0.0,0.0
2024-06-28 00:00:00-04:00,11.760000228881836,11.760000228881836,11.760000228881836,11.760000228881836,100,0.0,0.0
2024-07-01 00:00:00-04:00,11.760000228881836,11.760000228881836,11.760000228881836,11.760000228881836,0,0.0,0.0
2024-07-02 00:00:00-04:00,11.760000228881836,11.760000228881836,11.760000228881836,11.760000228881836,0,0.0,0.0
2024-07-03 00:00:00-04:00,11.760000228881836,11.760000228881836,11.760000228881836,11.760000228881836,0,0.0,0.0
2024-07-05 00:00:00-04:00,11.760000228881836,11.760000228881836,11.760000228881836,11.760000228881836,0,0.0,0.0
2024-07-08 00:00:00-04:00,11.270000457763672,11.270000457763672,11.270000457763672,11.270000457763672,100,0.0,0.0
2024-07-09 00:00:00-04:00,11.270000457763672,11.270000457763672,11.270000457763672,11.270000457763672,0,0.0,0.0
2024-07-10 00:00:00-04:00,11.270000457763672,11.270000457763672,11.270000457763672,11.270000457763672,0,0.0,0.0
2024-07-11 00:00:00-04:00,11.270000457763672,11.270000457763672,11.270000457763672,11.270000457763672,0,0.0,0.0
2024-07-12 00:00:00-04:00,11.270000457763672,11.270000457763672,11.270000457763672,11.270000457763672,0,0.0,0.0
2024-07-15 00:00:00-04:00,11.270000457763672,11.270000457763672,11.270000457763672,11.270000457763672,0,0.0,0.0
2024-07-16 00:00:00-04:00,11.270000457763672,11.270000457763672,11.270000457763672,11.270000457763672,0,0.0,0.0
2024-07-17 00:00:00-04:00,11.270000457763672,11.270000457763672,11.270000457763672,11.270000457763672,0,0.0,0.0
2024-07-18 00:00:00-04:00,11.270000457763672,11.270000457763672,11.270000457763672,11.270000457763672,0,0.0,0.0
2024-07-19 00:00:00-04:00,11.270000457763672,11.270000457763672,11.270000457763672,11.270000457763672,0,0.0,0.0
2024-07-22 00:00:00-04:00,11.270000457763672,11.270000457763672,11.270000457763672,11.270000457763672,0,0.0,0.0
2024-07-23 00:00:00-04:00,11.270000457763672,11.270000457763672,11.270000457763672,11.270000457763672,0,0.0,0.0
2024-07-24 00:00:00-04:00,11.270000457763672,11.270000457763672,11.270000457763672,11.270000457763672,0,0.0,0.0
2024-07-25 00:00:00-04:00,11.270000457763672,11.270000457763672,11.270000457763672,11.270000457763672,0,0.0,0.0
2024-07-26 00:00:00-04:00,11.270000457763672,11.270000457763672,11.270000457763672,11.270000457763672,0,0.0,0.0
2024-07-29 00:00:00-04:00,11.270000457763672,11.270000457763672,11.270000457763672,11.270000457763672,0,0.0,0.0
2024-07-30 00:00:00-04:00,11.270000457763672,11.270000457763672,11.270000457763672,11.270000457763672,0,0.0,0.0
2024-07-31 00:00:00-04:00,11.270000457763672,11.270000457763672,11.270000457763672,11.270000457763672,0,0.0,0.0
2024-08-01 00:00:00-04:00,11.270000457763672,11.270000457763672,11.270000457763672,11.270000457763672,0,0.0,0.0
2024-08-02 00:00:00-04:00,11.270000457763672,11.270000457763672,11.270000457763672,11.270000457763672,0,0.0,0.0
2024-08-05 00:00:00-04:00,11.270000457763672,11.270000457763672,11.270000457763672,11.270000457763672,0,0.0,0.0
2024-08-06 00:00:00-04:00,11.270000457763672,11.270000457763672,11.270000457763672,11.270000457763672,0,0.0,0.0
2024-08-07 00:00:00-04:00,11.270000457763672,11.270000457763672,11.270000457763672,11.270000457763672,0,0.0,0.0
2024-08-08 00:00:00-04:00,11.270000457763672,11.270000457763672,11.270000457763672,11.270000457763672,0,0.0,0.0
2024-08-09 00:00:00-04:00,11.270000457763672,11.270000457763672,11.270000457763672,11.270000457763672,0,0.0,0.0
2024-08-12 00:00:00-04:00,11.270000457763672,11.270000457763672,11.270000457763672,11.270000457763672,0,0.0,0.0
2024-08-13 00:00:00-04:00,11.270000457763672,11.270000457763672,11.270000457763672,11.270000457763672,0,0.0,0.0
2024-08-14 00:00:00-04:00,11.270000457763672,11.270000457763672,11.270000457763672,11.270000457763672,0,0.0,0.0
2024-08-15 00:00:00-04:00,11.270000457763672,11.270000457763672,11.270000457763672,11.270000457763672,0,0.0,0.0
2024-08-16 00:00:00-04:00,11.270000457763672,11.270000457763672,11.270000457763672,11.270000457763672,0,0.0,0.0
2024-08-19 00:00:00-04:00,11.270000457763672,11.270000457763672,11.270000457763672,11.270000457763672,0,0.0,0.0
2024-08-20 00:00:00-04:00,11.270000457763672,11.270000457763672,11.270000457763672,11.270000457763672,0,0.0,0.0
2024-08-21 00:00:00-04:00,11.270000457763672,11.270000457763672,11.270000457763672,11.270000457763672,0,0.0,0.0
2024-08-22 00:00:00-04:00,11.270000457763672,11.270000457763672,11.270000457763672,11.270000457763672,0,0.0,0.0
2024-08-23 00:00:00-04:00,11.270000457763672,11.270000457763672,11.270000457763672,11.270000457763672,0,0.0,0.0
2024-08-26 00:00:00-04:00,11.270000457763672,11.270000457763672,11.270000457763672,11.270000457763672,0,0.0,0.0
2024-08-27 00:00:00-04:00,11.270000457763672,11.270000457763672,11.270000457763672,11.270000457763672,0,0.0,0.0
2024-08-28 00:00:00-04:00,11.270000457763672,11.270000457763672,11.270000457763672,11.270000457763672,0,0.0,0.0
2024-08-29 00:00:00-04:00,10.65999984741211,11.289999961853027,10.390000343322754,11.289999961853027,1800,0.0,0.0
2024-08-30 00:00:00-04:00,11.289999961853027,11.289999961853027,11.289999961853027,11.289999961853027,0,0.0,0.0
2024-09-03 00:00:00-04:00,11.289999961853027,11.289999961853027,11.289999961853027,11.289999961853027,0,0.0,0.0
2024-09-04 00:00:00-04:00,11.289999961853027,11.289999961853027,11.289999961853027,11.289999961853027,0,0.0,0.0
2024-09-05 00:00:00-04:00,11.289999961853027,11.289999961853027,11.289999961853027,11.289999961853027,0,0.0,0.0
2024-09-06 00:00:00-04:00,11.289999961853027,11.289999961853027,11.289999961853027,11.289999961853027,0,0.0,0.0
2024-09-09 00:00:00-04:00,11.289999961853027,11.289999961853027,11.289999961853027,11.289999961853027,0,0.0,0.0
2024-09-10 00:00:00-04:00,11.289999961853027,11.289999961853027,11.289999961853027,11.289999961853027,0,0.0,0.0
2024-09-11 00:00:00-04:00,11.289999961853027,11.289999961853027,11.289999961853027,11.289999961853027,0,0.0,0.0
2024-09-12 00:00:00-04:00,11.289999961853027,11.289999961853027,11.289999961853027,11.289999961853027,0,0.0,0.0
2024-09-13 00:00:00-04:00,11.289999961853027,11.289999961853027,11.289999961853027,11.289999961853027,0,0.0,0.0
2024-09-16 00:00:00-04:00,10.15999984741211,11.1899995803833,10.15999984741211,11.1899995803833,300,0.0,0.0
2024-09-17 00:00:00-04:00,11.199999809265137,11.199999809265137,11.199999809265137,11.199999809265137,100,0.0,0.0
2024-09-18 00:00:00-04:00,11.199999809265137,11.199999809265137,11.199999809265137,11.199999809265137,0,0.0,0.0
2024-09-19 00:00:00-04:00,11.199999809265137,11.3100004196167,11.199999809265137,11.3100004196167,5000,0.0,0.0
2024-09-20 00:00:00-04:00,11.3100004196167,11.3100004196167,11.3100004196167,11.3100004196167,0,0.0,0.0
2024-09-23 00:00:00-04:00,11.3100004196167,11.3100004196167,11.3100004196167,11.3100004196167,0,0.0,0.0
2024-09-24 00:00:00-04:00,11.3100004196167,11.3100004196167,11.3100004196167,11.3100004196167,0,0.0,0.0
2024-09-25 00:00:00-04:00,11.5,11.5,11.5,11.5,100,0.0,0.0
2024-09-26 00:00:00-04:00,11.5,11.5,11.5,11.5,0,0.0,0.0
2024-09-27 00:00:00-04:00,11.5,11.5,11.5,11.5,0,0.0,0.0
