Date,Open,High,Low,Close,Volume,Dividends,Stock Splits,Capital Gains
2018-03-27 00:00:00-04:00,35.10246076204055,35.10246076204055,34.683951924494565,34.69267272949219,84000,0.0,0.0,0.0
2018-03-28 00:00:00-04:00,34.85833143830854,34.85833143830854,34.69267272949219,34.69267272949219,900,0.0,0.0,0.0
2018-03-29 00:00:00-04:00,34.87576078954967,35.091120049262216,34.87576078954967,35.0021858215332,89300,0.0,0.0,0.0
2018-04-02 00:00:00-04:00,35.416336284447524,35.416336284447524,33.99515134137106,34.291595458984375,26000,0.0,0.0,0.0
2018-04-03 00:00:00-04:00,34.43110512177752,34.69267272949219,32.77450472956365,34.69267272949219,22700,0.0,0.0,0.0
2018-04-04 00:00:00-04:00,34.35263050305515,35.22452464449297,34.35263050305515,35.18092727661133,109200,0.0,0.0,0.0
2018-04-05 00:00:00-04:00,35.262883122908974,35.38146209716797,35.262883122908974,35.38146209716797,1400,0.0,0.0,0.0
2018-04-06 00:00:00-04:00,34.42237835491144,34.71882247924805,34.42237835491144,34.71882247924805,2600,0.0,0.0,0.0
2018-04-09 00:00:00-04:00,34.788575237782624,35.067581078227,34.70225524902344,34.70225524902344,4200,0.0,0.0,0.0
2018-04-10 00:00:00-04:00,34.70225524902344,34.70225524902344,34.70225524902344,34.70225524902344,0,0.0,0.0,0.0
2018-04-11 00:00:00-04:00,35.00654448345847,35.11988830566406,34.928073892540674,35.11988830566406,15300,0.0,0.0,0.0
2018-04-12 00:00:00-04:00,35.250691565911254,35.32044138978497,35.02399715479187,35.13734436035156,9400,0.0,0.0,0.0
2018-04-13 00:00:00-04:00,35.17220770509117,35.17220770509117,34.96295166015625,34.96295166015625,4500,0.0,0.0,0.0
2018-04-16 00:00:00-04:00,35.35530786568787,35.45993423461914,35.35530786568787,35.45993423461914,300,0.0,0.0,0.0
2018-04-17 00:00:00-04:00,35.651751985717326,35.651751985717326,35.65000915527344,35.65000915527344,300,0.0,0.0,0.0
2018-04-18 00:00:00-04:00,35.65000915527344,35.65000915527344,35.65000915527344,35.65000915527344,100,0.0,0.0,0.0
2018-04-19 00:00:00-04:00,35.65000915527344,35.65000915527344,35.65000915527344,35.65000915527344,0,0.0,0.0,0.0
2018-04-20 00:00:00-04:00,35.05885785764198,35.06757866043633,35.050140380859375,35.050140380859375,4200,0.0,0.0,0.0
2018-04-23 00:00:00-04:00,35.050140380859375,35.050140380859375,35.050140380859375,35.050140380859375,0,0.0,0.0,0.0
2018-04-24 00:00:00-04:00,35.00655178059413,35.00655178059413,34.49213409423828,34.49213409423828,1100,0.0,0.0,0.0
2018-04-25 00:00:00-04:00,34.762420654296875,34.762420654296875,34.762420654296875,34.762420654296875,300,0.0,0.0,0.0
2018-04-26 00:00:00-04:00,34.73626708984375,34.73626708984375,34.73626708984375,34.73626708984375,200,0.0,0.0,0.0
2018-04-27 00:00:00-04:00,35.109432220458984,35.109432220458984,35.109432220458984,35.109432220458984,100,0.0,0.0,0.0
2018-04-30 00:00:00-04:00,35.111173513065744,35.111173513065744,34.82344688237094,34.840885162353516,1900,0.0,0.0,0.0
2018-05-01 00:00:00-04:00,34.413666837794864,34.69267272949219,34.35263450686186,34.69267272949219,3500,0.0,0.0,0.0
2018-05-02 00:00:00-04:00,34.57931770141897,34.59675598144531,34.57931770141897,34.59675598144531,500,0.0,0.0,0.0
2018-05-03 00:00:00-04:00,34.15209319188448,34.18696975708008,34.15209319188448,34.18696975708008,1100,0.0,0.0,0.0
2018-05-04 00:00:00-04:00,34.465972532030825,34.512184143066406,34.465972532030825,34.512184143066406,400,0.0,0.0,0.0
2018-05-07 00:00:00-04:00,34.512184143066406,34.512184143066406,34.512184143066406,34.512184143066406,100,0.0,0.0,0.0
2018-05-08 00:00:00-04:00,35.43377685546875,35.43377685546875,35.43377685546875,35.43377685546875,100,0.0,0.0,0.0
2018-05-09 00:00:00-04:00,34.70138377942387,34.91935729980469,34.70138377942387,34.91935729980469,400,0.0,0.0,0.0
2018-05-10 00:00:00-04:00,35.032694739691,35.19835337184385,35.032694739691,35.14604187011719,700,0.0,0.0,0.0
2018-05-11 00:00:00-04:00,35.14604187011719,35.14604187011719,35.14604187011719,35.14604187011719,100,0.0,0.0,0.0
2018-05-14 00:00:00-04:00,35.311707190345174,35.34658374877597,35.18092175923552,35.20708084106445,2000,0.0,0.0,0.0
2018-05-15 00:00:00-04:00,35.90460205078125,35.90460205078125,35.90460205078125,35.90460205078125,100,0.0,0.0,0.0
2018-05-16 00:00:00-04:00,35.15476348922951,35.189640045166016,35.15476348922951,35.189640045166016,400,0.0,0.0,0.0
2018-05-17 00:00:00-04:00,35.31171847303604,35.31346130371094,35.31171847303604,35.31346130371094,200,0.0,0.0,0.0
2018-05-18 00:00:00-04:00,35.276836713067674,35.320430755615234,35.276836713067674,35.320430755615234,300,0.0,0.0,0.0
2018-05-21 00:00:00-04:00,35.54712610165458,35.66919075463743,35.520970340590345,35.65175247192383,3100,0.0,0.0,0.0
2018-05-22 00:00:00-04:00,35.60815721677015,35.63431297694457,35.60815721677015,35.61687469482422,400,0.0,0.0,0.0
2018-05-23 00:00:00-04:00,35.224523342777225,35.27683486068253,35.17220849885985,35.1983642578125,5600,0.0,0.0,0.0
2018-05-24 00:00:00-04:00,35.24196547008486,35.39890670776367,35.24196547008486,35.39890670776367,600,0.0,0.0,0.0
2018-05-25 00:00:00-04:00,35.35530821601558,35.43377882499466,35.30299669403775,35.31171417236328,1500,0.0,0.0,0.0
2018-05-29 00:00:00-04:00,35.0763059296796,35.0763059296796,34.88448812679386,34.886234283447266,400,0.0,0.0,0.0
2018-05-30 00:00:00-04:00,35.21580009924662,35.38146209716797,35.21580009924662,35.38146209716797,700,0.0,0.0,0.0
2018-05-31 00:00:00-04:00,36.17488413324288,36.17488413324288,35.00654602050781,35.00654602050781,300,0.0,0.0,0.0
2018-06-01 00:00:00-04:00,35.279454375558046,35.279454375558046,35.26637649536133,35.26637649536133,900,0.0,0.0,0.0
2018-06-04 00:00:00-04:00,35.677903530831216,35.677903530831216,35.4076184994234,35.468650817871094,32000,0.0,0.0,0.0
2018-06-05 00:00:00-04:00,35.47563552856445,35.47563552856445,35.47563552856445,35.47563552856445,200,0.0,0.0,0.0
2018-06-06 00:00:00-04:00,35.47563552856445,35.47563552856445,35.47563552856445,35.47563552856445,0,0.0,0.0,0.0
2018-06-07 00:00:00-04:00,35.90459962168483,35.90459962168483,35.83484649658203,35.83484649658203,300,0.0,0.0,0.0
2018-06-08 00:00:00-04:00,35.91331465540338,36.0179443359375,35.86100314114817,36.0179443359375,4600,0.0,0.0,0.0
2018-06-11 00:00:00-04:00,36.13128970904273,36.13128970904273,36.09641647338867,36.09641647338867,600,0.0,0.0,0.0
2018-06-12 00:00:00-04:00,36.025799031458824,36.058929443359375,36.00923216250223,36.058929443359375,400,0.0,0.0,0.0
2018-06-13 00:00:00-04:00,36.17488593769173,36.17488593769173,36.00922393798828,36.00922393798828,4000,0.0,0.0,0.0
2018-06-14 00:00:00-04:00,35.97957732749168,35.97957732749168,35.88541461005101,35.88715744018555,2900,0.0,0.0,0.0
2018-06-15 00:00:00-04:00,35.79997470255793,35.965633392333984,35.79125389856265,35.965633392333984,33600,0.0,0.0,0.0
2018-06-18 00:00:00-04:00,35.7912603513756,35.7912603513756,35.63431911128765,35.738948822021484,7400,0.0,0.0,0.0
2018-06-19 00:00:00-04:00,35.555843353271484,35.555843353271484,35.555843353271484,35.555843353271484,300,0.0,0.0,0.0
2018-06-20 00:00:00-04:00,35.547125874976444,35.59071991847628,35.51224930977165,35.555843353271484,1000,0.0,0.0,0.0
2018-06-21 00:00:00-04:00,35.41633816817031,35.44249725341797,35.39018240893477,35.44249725341797,500,0.0,0.0,0.0
2018-06-22 00:00:00-04:00,35.589847564697266,35.589847564697266,35.589847564697266,35.589847564697266,300,0.0,0.0,0.0
2018-06-25 00:00:00-04:00,35.241959600430995,35.25068040441221,35.18092727661133,35.18092727661133,800,0.0,0.0,0.0
2018-06-26 00:00:00-04:00,35.34659517921257,35.407627513197355,35.34659517921257,35.39890670776367,600,0.0,0.0,0.0
2018-06-27 00:00:00-04:00,35.76437854062474,35.76437854062474,35.50986099243164,35.50986099243164,400,0.405,0.0,0.0
2018-06-28 00:00:00-04:00,35.130288217513446,35.183130172123924,35.09065927119866,35.18136978149414,1600,0.0,0.0,0.0
2018-06-29 00:00:00-04:00,35.56182861328125,35.56182861328125,35.56182861328125,35.56182861328125,300,0.0,0.0,0.0
2018-07-02 00:00:00-04:00,35.56182861328125,35.56182861328125,35.56182861328125,35.56182861328125,100,0.0,0.0,0.0
2018-07-03 00:00:00-04:00,35.56182861328125,35.56182861328125,35.56182861328125,35.56182861328125,0,0.0,0.0,0.0
2018-07-05 00:00:00-04:00,35.42092514038086,35.42092514038086,35.42092514038086,35.42092514038086,100,0.0,0.0,0.0
2018-07-06 00:00:00-04:00,35.68512245087025,35.71418569833578,35.677197332297695,35.69392776489258,1200,0.0,0.0,0.0
2018-07-09 00:00:00-04:00,35.9757466364132,35.9757466364132,35.88768005371094,35.88768005371094,800,0.0,0.0,0.0
2018-07-10 00:00:00-04:00,35.97574490959919,36.04620085999899,35.97574490959919,36.009212493896484,2100,0.0,0.0,0.0
2018-07-11 00:00:00-04:00,35.88768186934765,35.88768186934765,35.885921478271484,35.885921478271484,300,0.0,0.0,0.0
2018-07-12 00:00:00-04:00,35.94932655450388,35.98455453063133,35.940521240234375,35.940521240234375,2400,0.0,0.0,0.0
2018-07-13 00:00:00-04:00,36.12545988008955,36.16949316659148,36.11665120707452,36.1589241027832,1700,0.0,0.0,0.0
2018-07-16 00:00:00-04:00,36.10784936128741,36.24699751637841,36.01097410596488,36.06381607055664,2400,0.0,0.0,0.0
2018-07-17 00:00:00-04:00,36.046205131149115,36.28398895263672,36.046205131149115,36.28398895263672,1800,0.0,0.0,0.0
2018-07-18 00:00:00-04:00,36.239950320153135,36.33682220987544,36.239950320153135,36.301597595214844,2400,0.0,0.0,0.0
2018-07-19 00:00:00-04:00,36.23114826925661,36.38086550714679,36.15188699261478,36.31040954589844,6300,0.0,0.0,0.0
2018-07-20 00:00:00-04:00,36.32801894155595,36.38086090580893,36.32801894155595,36.36324691772461,4000,0.0,0.0,0.0
2018-07-23 00:00:00-04:00,36.31920830254629,36.35443291402598,36.28221994084945,36.29278564453125,1500,0.0,0.0,0.0
2018-07-24 00:00:00-04:00,36.548185743899154,36.548185743899154,36.35267485964388,36.47772979736328,1900,0.0,0.0,0.0
2018-07-25 00:00:00-04:00,36.50415323713577,36.76835632324219,36.3720500143203,36.76835632324219,7500,0.0,0.0,0.0
2018-07-26 00:00:00-04:00,36.821201594154104,36.979724131972546,36.821201594154104,36.944496154785156,3900,0.0,0.0,0.0
2018-07-27 00:00:00-04:00,36.88284863098705,36.93568723689451,36.689098117260265,36.733131408691406,7300,0.0,0.0,0.0
2018-07-30 00:00:00-04:00,37.006137280052776,37.006137280052776,36.671478271484375,36.671478271484375,2900,0.0,0.0,0.0
2018-07-31 00:00:00-04:00,36.96210990236639,37.111823765149374,36.96210990236639,36.988529205322266,4300,0.0,0.0,0.0
2018-08-01 00:00:00-04:00,36.97972334635378,37.023756637140146,36.706711568238745,36.741939544677734,7800,0.0,0.0,0.0
2018-08-02 00:00:00-04:00,36.653862821859086,36.85641860961914,36.62391938337857,36.85641860961914,3400,0.0,0.0,0.0
2018-08-03 00:00:00-04:00,36.85642824574873,37.00614547729492,36.85642824574873,37.00614547729492,1400,0.0,0.0,0.0
2018-08-06 00:00:00-04:00,36.99733602187702,37.111825271875325,36.97091671784854,37.05898666381836,1800,0.0,0.0,0.0
2018-08-07 00:00:00-04:00,37.20869393578044,37.20869393578044,37.094204706080454,37.129432678222656,1800,0.0,0.0,0.0
2018-08-08 00:00:00-04:00,37.111826806707604,37.111826806707604,37.023760216620545,37.04137420654297,600,0.0,0.0,0.0
2018-08-09 00:00:00-04:00,37.05898504540122,37.05898504540122,36.90046250910337,36.956825256347656,1100,0.0,0.0,0.0
2018-08-10 00:00:00-04:00,36.80358835793189,36.85642696526834,36.724327087402344,36.724327087402344,2000,0.0,0.0,0.0
2018-08-13 00:00:00-04:00,36.63625030015628,36.75954819980461,36.59221701575829,36.671478271484375,2900,0.0,0.0,0.0
2018-08-14 00:00:00-04:00,36.830006908688546,36.944496154785156,36.82912671318758,36.944496154785156,2200,0.0,0.0,0.0
2018-08-15 00:00:00-04:00,36.636254365142236,36.91983519841667,36.61776018207159,36.88284683227539,4300,0.0,0.0,0.0
2018-08-16 00:00:00-04:00,37.305576355989174,37.305576355989174,37.12063450595133,37.217506408691406,1800,0.0,0.0,0.0
2018-08-17 00:00:00-04:00,37.2527366444729,37.49052047729492,37.23512265394624,37.49052047729492,1100,0.0,0.0,0.0
2018-08-20 00:00:00-04:00,37.54335532667006,37.6138079158862,37.525741339484895,37.56977462768555,4300,0.0,0.0,0.0
2018-08-21 00:00:00-04:00,37.64551532905841,37.71068675188882,37.58563179836343,37.61381149291992,14500,0.0,0.0,0.0
2018-08-22 00:00:00-04:00,37.56802136370715,37.60412954035802,37.49052047729492,37.49052047729492,10000,0.0,0.0,0.0
2018-08-23 00:00:00-04:00,37.41124878176426,37.41124878176426,37.345197175564024,37.39363479614258,4400,0.0,0.0,0.0
2018-08-24 00:00:00-04:00,37.490512310779586,37.55215958443172,37.490512310779586,37.49932098388672,300,0.0,0.0,0.0
2018-08-27 00:00:00-04:00,37.516930368738464,37.825170086316724,37.516930368738464,37.640228271484375,31300,0.0,0.0,0.0
2018-08-28 00:00:00-04:00,37.930855787825756,37.930855787825756,37.657844005433226,37.66665267944336,5000,0.0,0.0,0.0
2018-08-29 00:00:00-04:00,37.97488935100404,37.97488935100404,37.63935009074302,37.789947509765625,5600,0.0,0.0,0.0
2018-08-30 00:00:00-04:00,37.842787389757085,37.842787389757085,37.49051435579402,37.560970306396484,4100,0.0,0.0,0.0
2018-08-31 00:00:00-04:00,37.56978239454977,37.66665766433312,37.49404525756836,37.49404525756836,9400,0.0,0.0,0.0
2018-09-04 00:00:00-04:00,37.76352614774759,37.76352614774759,37.45528640296382,37.472900390625,3000,0.0,0.0,0.0
2018-09-05 00:00:00-04:00,37.64551026529106,37.79874825228549,37.64551026529106,37.75471496582031,4400,0.0,0.0,0.0
2018-09-06 00:00:00-04:00,38.08937859728132,38.08937859728132,37.67017373094942,37.789947509765625,2000,0.0,0.0,0.0
2018-09-07 00:00:00-04:00,37.728302001953125,37.80756327471138,37.64904072919487,37.728302001953125,6700,0.0,0.0,0.0
2018-09-10 00:00:00-04:00,37.93084992242989,37.98369187974513,37.86039733886719,37.86039733886719,5400,0.0,0.0,0.0
2018-09-11 00:00:00-04:00,38.63539752116069,38.63539752116069,37.73710428849723,37.93085479736328,19600,0.0,0.0,0.0
2018-09-12 00:00:00-04:00,37.93085249329978,38.06383591119901,36.89165077900188,38.00130844116211,9300,0.0,0.0,0.0
2018-09-13 00:00:00-04:00,38.133409877053964,38.151023864746094,38.045343298117956,38.151023864746094,4000,0.0,0.0,0.0
2018-09-14 00:00:00-04:00,38.26551539506084,38.26551539506084,38.03653690088411,38.16864013671875,9600,0.0,0.0,0.0
2018-09-17 00:00:00-04:00,38.37119061169508,38.37119061169508,38.09817886352539,38.09817886352539,8600,0.0,0.0,0.0
2018-09-18 00:00:00-04:00,38.17744624985591,38.27784565185717,38.05415168557798,38.273441314697266,6700,0.0,0.0,0.0
2018-09-19 00:00:00-04:00,38.38000569435093,38.38000569435093,38.23909378051758,38.23909378051758,2200,0.0,0.0,0.0
2018-09-20 00:00:00-04:00,38.32716015831383,38.45045471191406,38.32716015831383,38.45045471191406,300,0.0,0.0,0.0
2018-09-21 00:00:00-04:00,38.61777771628274,38.62658638873604,38.52971114889495,38.547325134277344,2400,0.0,0.0,0.0
2018-09-24 00:00:00-04:00,38.573751555459786,38.573751555459786,38.18184954702594,38.21267318725586,5100,0.0,0.0,0.0
2018-09-25 00:00:00-04:00,38.133409708803704,38.24789894853508,38.032133479426605,38.049747467041016,3300,0.0,0.0,0.0
2018-09-26 00:00:00-04:00,38.093370178946785,38.137881499471696,38.007016790810106,38.013248443603516,4500,0.464,0.0,0.0
2018-09-27 00:00:00-04:00,37.915328624603426,38.10227824353088,37.83342737192997,37.85301208496094,10200,0.0,0.0,0.0
2018-09-28 00:00:00-04:00,37.89751614275927,37.92422225576882,37.85300482241134,37.915321350097656,5500,0.0,0.0,0.0
2018-10-01 00:00:00-04:00,38.01324378724121,38.12007162261453,38.01324378724121,38.0844612121582,4500,0.0,0.0,0.0
2018-10-02 00:00:00-04:00,38.06665780685403,38.173489043274365,38.02926789290566,38.10226821899414,4500,0.0,0.0,0.0
2018-10-03 00:00:00-04:00,38.137879752493696,38.226902389465664,37.86190414428711,37.86190414428711,2200,0.0,0.0,0.0
2018-10-04 00:00:00-04:00,37.69276421116146,37.853007693364496,37.505814613923356,37.6224365234375,1800,0.0,0.0,0.0
2018-10-05 00:00:00-04:00,37.6224365234375,37.6224365234375,37.6224365234375,37.6224365234375,0,0.0,0.0,0.0
2018-10-08 00:00:00-04:00,37.66871795293209,37.80848693847656,37.66871795293209,37.80848693847656,1200,0.0,0.0,0.0
2018-10-09 00:00:00-04:00,37.52716979981963,37.65625498476567,37.431025771222465,37.44348907470703,3100,0.0,0.0,0.0
2018-10-10 00:00:00-04:00,37.30994852804493,39.01564824895436,36.76512222490608,36.88975524902344,9100,0.0,0.0,0.0
2018-10-11 00:00:00-04:00,36.33960004171935,36.33960004171935,35.680824279785156,35.680824279785156,5200,0.0,0.0,0.0
2018-10-12 00:00:00-04:00,35.97459629693213,36.03691282184474,35.627403259277344,35.627403259277344,3000,0.0,0.0,0.0
2018-10-15 00:00:00-04:00,35.965694055556575,36.174897583708045,35.902484386068345,35.903377532958984,69800,0.0,0.0,0.0
2018-10-16 00:00:00-04:00,36.35739935710449,37.781781905513775,36.05471764106804,36.419715881347656,13700,0.0,0.0,0.0
2018-10-17 00:00:00-04:00,36.53545206984306,39.23287830529911,36.04582072686535,36.38410949707031,26900,0.0,0.0,0.0
2018-10-18 00:00:00-04:00,36.09656029771544,36.10813385183538,35.97281699811968,36.019107818603516,1400,0.0,0.0,0.0
2018-10-19 00:00:00-04:00,36.2416668474303,36.2416668474303,36.08676528930664,36.08676528930664,2500,0.0,0.0,0.0
2018-10-22 00:00:00-04:00,35.96569479813725,36.09032784590572,35.96480165122817,36.028011322021484,6700,0.0,0.0,0.0
2018-10-23 00:00:00-04:00,35.5116707960275,35.95679076769192,35.33362212816257,35.858863830566406,14800,0.0,0.0,0.0
2018-10-24 00:00:00-04:00,35.828597109933185,35.912281244530504,35.15557861328125,35.15557861328125,6900,0.0,0.0,0.0
2018-10-25 00:00:00-04:00,35.244607795549754,35.74314350382307,35.23570688825768,35.556190490722656,9500,0.0,0.0,0.0
2018-10-26 00:00:00-04:00,35.00423483805999,35.29801565395223,35.00423483805999,35.16447830200195,7400,0.0,0.0,0.0
2018-10-29 00:00:00-04:00,35.42265240156195,35.63630811178607,35.06655502319336,35.06655502319336,2500,0.0,0.0,0.0
2018-10-30 00:00:00-04:00,35.44935728739215,35.805454653415644,35.44045638143984,35.801002502441406,6200,0.0,0.0,0.0
2018-10-31 00:00:00-04:00,35.404842687183276,36.12593825840981,35.30691575079494,36.028011322021484,7100,0.0,0.0,0.0
2018-11-01 00:00:00-04:00,36.188252081530926,36.21495819091797,36.174005879994986,36.21495819091797,1500,0.0,0.0,0.0
2018-11-02 00:00:00-04:00,36.37520535735551,36.96276359589741,36.15442486893494,36.36808395385742,3800,0.0,0.0,0.0
2018-11-05 00:00:00-05:00,36.425053607337965,36.62446646205678,36.425053607337965,36.514076232910156,1900,0.0,0.0,0.0
2018-11-06 00:00:00-05:00,36.53544632809302,36.722395892141314,36.53544632809302,36.63337326049805,5600,0.0,0.0,0.0
2018-11-07 00:00:00-05:00,36.98946368977971,37.318851470947266,36.98946368977971,37.318851470947266,5300,0.0,0.0,0.0
2018-11-08 00:00:00-05:00,37.30995178222656,37.45239002164063,37.24763526473262,37.30995178222656,5600,0.0,0.0,0.0
2018-11-09 00:00:00-05:00,37.39007897755167,37.39007897755167,37.05000733401904,37.229835510253906,6700,0.0,0.0,0.0
2018-11-12 00:00:00-05:00,37.20313333251215,37.2298394478877,36.78293991088867,36.78293991088867,6100,0.0,0.0,0.0
2018-11-13 00:00:00-05:00,36.70459616624697,37.11054676249543,36.70459616624697,36.75712203979492,6400,0.0,0.0,0.0
2018-11-14 00:00:00-05:00,37.03397724636342,37.06958765621464,36.709041595458984,36.709041595458984,2900,0.0,0.0,0.0
2018-11-15 00:00:00-05:00,36.490936855250105,37.06959078214776,36.38232611484386,36.9449577331543,10000,0.0,0.0,0.0
2018-11-16 00:00:00-05:00,37.033981231989415,38.02214813773652,36.992142561706906,37.23428726196289,6700,0.0,0.0,0.0
2018-11-19 00:00:00-05:00,36.928042064073516,36.980567932128906,36.928042064073516,36.980567932128906,600,0.0,0.0,0.0
2018-11-20 00:00:00-05:00,36.37164560954833,36.37164560954833,36.288854618352104,36.35740280151367,700,0.0,0.0,0.0
2018-11-21 00:00:00-05:00,36.35740280151367,36.35740280151367,36.35740280151367,36.35740280151367,100,0.0,0.0,0.0
2018-11-23 00:00:00-05:00,36.232764516502904,36.40190887451172,36.230985014754225,36.40190887451172,1900,0.0,0.0,0.0
2018-11-26 00:00:00-05:00,36.47313285901186,36.48203376452278,36.321790297358284,36.34760665893555,2900,0.0,0.0,0.0
2018-11-27 00:00:00-05:00,36.42861858656837,37.14971419757963,36.39924322082784,36.437522888183594,2800,0.0,0.0,0.0
2018-11-28 00:00:00-05:00,36.63337614520002,37.33666314095202,36.63337614520002,37.265445709228516,24700,0.0,0.0,0.0
2018-11-29 00:00:00-05:00,37.16751792448446,37.35357774807884,37.15861701921978,37.33666229248047,7200,0.0,0.0,0.0
2018-11-30 00:00:00-05:00,37.363369523109114,37.61263560727897,37.363369523109114,37.52361297607422,2500,0.0,0.0,0.0
2018-12-03 00:00:00-05:00,37.781791241942834,38.43166615249783,37.629562293386215,37.85301208496094,12400,0.0,0.0,0.0
2018-12-04 00:00:00-05:00,38.77885625319506,38.77885625319506,36.85593795776367,36.85593795776367,23100,0.0,0.0,0.0
2018-12-06 00:00:00-05:00,36.50874096778015,37.70433535457676,35.95590336674337,36.64850997924805,15500,0.0,0.0,0.0
2018-12-07 00:00:00-05:00,36.82032534956929,36.85593576306694,36.01109687141364,36.097450256347656,9800,0.0,0.0,0.0
2018-12-10 00:00:00-05:00,35.725326879411035,36.17934771817949,35.5873373904948,36.07786178588867,3200,0.0,0.0,0.0
2018-12-11 00:00:00-05:00,36.49983981472546,36.852374771432075,36.07252502441406,36.07252502441406,9500,0.0,0.0,0.0
2018-12-12 00:00:00-05:00,36.43751978324833,36.633373650141536,36.20160675048828,36.20160675048828,4800,0.0,0.0,0.0
2018-12-13 00:00:00-05:00,36.312892551273414,36.3930142918267,36.10279584457779,36.25057601928711,5800,0.0,0.0,0.0
2018-12-14 00:00:00-05:00,36.072523205318014,36.072523205318014,35.67903595176785,35.69417190551758,3800,0.0,0.0,0.0
2018-12-17 00:00:00-05:00,35.422650082092844,35.74313702243989,34.86268768745373,34.93568801879883,14400,0.0,0.0,0.0
2018-12-18 00:00:00-05:00,35.07546271244617,35.866886138916016,34.79948704776164,35.866886138916016,10800,0.0,0.0,0.0
2018-12-19 00:00:00-05:00,35.431550067473374,35.431550067473374,34.38997093439549,34.50926208496094,7500,0.0,0.0,0.0
2018-12-20 00:00:00-05:00,34.44338229667206,34.71935790255861,33.71338581245178,33.90657043457031,7400,0.0,0.0,0.0
2018-12-21 00:00:00-05:00,34.215478909906984,34.27423642819778,33.70003128051758,33.70003128051758,4200,0.0,0.0,0.0
2018-12-24 00:00:00-05:00,33.13650876325105,33.253130648827636,32.767948150634766,32.767948150634766,800,0.0,0.0,0.0
2018-12-26 00:00:00-05:00,33.84692134539365,34.00716479878866,32.63441503843501,33.998260498046875,12400,0.0,0.0,0.0
2018-12-27 00:00:00-05:00,34.53969237106273,34.53969237106273,33.31449668720643,34.25141143798828,15700,0.451,0.0,0.0
2018-12-28 00:00:00-05:00,34.71085850387302,34.71085850387302,34.13429663103464,34.242401123046875,40100,0.0,0.0,0.0
2018-12-31 00:00:00-05:00,34.39555327465238,34.64960244646229,34.260420078387114,34.40095901489258,66400,0.0,0.0,0.0
2019-01-02 00:00:00-05:00,34.27843617465986,34.37753338823975,34.19735694869265,34.3712272644043,5600,0.0,0.0,0.0
2019-01-03 00:00:00-05:00,33.82800103431568,33.98115222993064,33.79827117919922,33.79827117919922,800,0.0,0.0,0.0
2019-01-04 00:00:00-05:00,34.31446940566874,34.66581154456898,34.31446940566874,34.63608169555664,2500,0.0,0.0,0.0
2019-01-07 00:00:00-05:00,34.55770913056883,35.01715577739361,34.55770913056883,34.83067321777344,3700,0.0,0.0,0.0
2019-01-08 00:00:00-05:00,35.42255513875706,35.42255513875706,34.870317353552906,35.12616729736328,3500,0.0,0.0,0.0
2019-01-09 00:00:00-05:00,35.28742873894186,36.57568598235327,35.09824497394371,35.13878631591797,4000,0.0,0.0,0.0
2019-01-10 00:00:00-05:00,35.17931254007905,35.422550201416016,35.044182797055974,35.422550201416016,2300,0.0,0.0,0.0
2019-01-11 00:00:00-05:00,35.22436122912109,35.34147644042969,35.215353952826604,35.34147644042969,2400,0.0,0.0,0.0
2019-01-14 00:00:00-05:00,35.242373523969526,35.34147073009738,35.12526176816342,35.20183563232422,6700,0.0,0.0,0.0
2019-01-15 00:00:00-05:00,35.19733693506929,35.35048812894275,35.19733693506929,35.327964782714844,1900,0.0,0.0,0.0
2019-01-16 00:00:00-05:00,35.404535732210576,35.467596972535254,35.33246721608803,35.368499755859375,4300,0.0,0.0,0.0
2019-01-17 00:00:00-05:00,35.10725159565489,35.64777755737305,35.10725159565489,35.64777755737305,6900,0.0,0.0,0.0
2019-01-18 00:00:00-05:00,35.91803459835844,36.269376759030756,35.89100933571586,36.18920135498047,9800,0.0,0.0,0.0
2019-01-22 00:00:00-05:00,36.15226067243555,36.15226067243555,35.56668818363425,35.628849029541016,3900,0.0,0.0,0.0
2019-01-23 00:00:00-05:00,35.90903127477415,35.93605654039085,35.440573863464344,35.73426055908203,14600,0.0,0.0,0.0
2019-01-24 00:00:00-05:00,35.54416726699385,35.62074112419386,35.50272555871026,35.589210510253906,3300,0.0,0.0,0.0
2019-01-25 00:00:00-05:00,35.872990920232304,35.92704488145195,35.69281448607982,35.74146270751953,9400,0.0,0.0,0.0
2019-01-28 00:00:00-05:00,35.503629435181836,35.62074462844272,35.296427746538434,35.59461975097656,4000,0.0,0.0,0.0
2019-01-29 00:00:00-05:00,35.87299211485841,35.89101010253165,35.69281567470577,35.836055755615234,1300,0.0,0.0,0.0
2019-01-30 00:00:00-05:00,35.86578800882975,36.02794647216797,35.796420641761515,36.02794647216797,3500,0.0,0.0,0.0
2019-01-31 00:00:00-05:00,36.25135609074039,36.44774627685547,36.21081476703836,36.44774627685547,2900,0.0,0.0,0.0
2019-02-01 00:00:00-05:00,36.395500535319165,36.53063027718591,36.29820409698517,36.44324493408203,10800,0.0,0.0,0.0
2019-02-04 00:00:00-05:00,36.30541894861613,36.656761169433594,36.30541894861613,36.656761169433594,1200,0.0,0.0,0.0
2019-02-05 00:00:00-05:00,36.73783651394379,36.863958996604765,36.643244651948066,36.772972106933594,17600,0.0,0.0,0.0
2019-02-06 00:00:00-05:00,36.92702199916301,36.92702199916301,36.674773608705486,36.74143981933594,4200,0.0,0.0,0.0
2019-02-07 00:00:00-05:00,36.61171762914409,36.74955198968008,36.45856986702865,36.66487121582031,12100,0.0,0.0,0.0
2019-02-08 00:00:00-05:00,36.5306382447374,36.66306686401367,36.42253374034987,36.66306686401367,6600,0.0,0.0,0.0
2019-02-11 00:00:00-05:00,37.25133910764171,37.25133910764171,36.757657194961816,36.85585403442383,6100,0.0,0.0,0.0
2019-02-12 00:00:00-05:00,37.13422668011686,37.55763739571196,37.13422668011686,37.37385940551758,3500,0.0,0.0,0.0
2019-02-13 00:00:00-05:00,37.50358200073242,37.92699266141032,37.404484791878154,37.50358200073242,8900,0.0,0.0,0.0
2019-02-14 00:00:00-05:00,37.37746463060891,37.408995252585285,37.18827746217062,37.312599182128906,12400,0.0,0.0,0.0
2019-02-15 00:00:00-05:00,37.67474663624071,37.79996871948242,37.66573936141288,37.79996871948242,2900,0.0,0.0,0.0
2019-02-19 00:00:00-05:00,37.80988501441469,37.981050752318446,37.80988501441469,37.89006042480469,29600,0.0,0.0,0.0
2019-02-20 00:00:00-05:00,37.98104769004348,37.999065677303776,37.84501412000505,37.94050979614258,3600,0.0,0.0,0.0
2019-02-21 00:00:00-05:00,38.647700954204886,38.647700954204886,37.78916083940266,37.91438293457031,6300,0.0,0.0,0.0
2019-02-22 00:00:00-05:00,38.05311618859719,38.23328917170349,38.05311618859719,38.16032028198242,7200,0.0,0.0,0.0
2019-02-25 00:00:00-05:00,38.269329399038185,38.269329399038185,38.14500768999456,38.15401840209961,600,0.0,0.0,0.0
2019-02-26 00:00:00-05:00,38.16122825533552,38.242307488490255,38.045013427734375,38.045013427734375,9700,0.0,0.0,0.0
2019-02-27 00:00:00-05:00,38.25130939033485,38.25130939033485,37.99906444999717,38.125186920166016,3300,0.0,0.0,0.0
2019-02-28 00:00:00-05:00,38.053122897128766,38.16122739336659,38.053122897128766,38.05762481689453,1900,0.0,0.0,0.0
2019-03-01 00:00:00-05:00,38.14321118887026,38.14321118887026,38.031501715014194,38.0882568359375,1400,0.0,0.0,0.0
2019-03-04 00:00:00-05:00,38.18825449462237,38.214379376839936,37.6747538170753,37.91889190673828,1900,0.0,0.0,0.0
2019-03-05 00:00:00-05:00,37.94500981412775,37.98104578684261,37.8972654150311,37.9107780456543,4500,0.0,0.0,0.0
2019-03-06 00:00:00-05:00,37.80087388012659,37.80087388012659,37.673851013183594,37.673851013183594,3700,0.0,0.0,0.0
2019-03-07 00:00:00-05:00,37.43150956854884,37.53060677611865,37.39457321166992,37.39457321166992,4700,0.0,0.0,0.0
2019-03-08 00:00:00-05:00,37.18827020277397,37.30989074707031,37.113497108600484,37.30989074707031,8800,0.0,0.0,0.0
2019-03-11 00:00:00-04:00,37.44952476741723,38.197255687726916,37.44952476741723,37.77564239501953,9900,0.0,0.0,0.0
2019-03-12 00:00:00-04:00,38.08915345347163,38.08915345347163,37.808982849121094,37.808982849121094,2500,0.0,0.0,0.0
2019-03-13 00:00:00-04:00,37.82790279670607,38.24230622510433,37.82790279670607,38.06663513183594,8900,0.0,0.0,0.0
2019-03-14 00:00:00-04:00,37.97203663783309,38.02608715765819,37.969332049894234,37.993656158447266,2400,0.0,0.0,0.0
2019-03-15 00:00:00-04:00,38.07113350368279,38.206266687409915,38.07113350368279,38.11798095703125,3800,0.0,0.0,0.0
2019-03-18 00:00:00-04:00,38.17924789355724,38.24861526489258,38.092762916246116,38.24861526489258,4800,0.0,0.0,0.0
2019-03-19 00:00:00-04:00,38.3864454142039,38.44950665395727,38.19816207885742,38.19816207885742,9700,0.0,0.0,0.0
2019-03-20 00:00:00-04:00,38.03967772541541,38.04423271217864,37.98320770263672,37.98320770263672,1600,0.462,0.0,0.0
2019-03-21 00:00:00-04:00,38.21728297755929,38.54517252708483,38.20362149206853,38.38487243652344,11600,0.0,0.0,0.0
2019-03-22 00:00:00-04:00,38.2810372935905,38.2810372935905,37.7910270690918,37.7910270690918,2200,0.0,0.0,0.0
2019-03-25 00:00:00-04:00,37.652583498090735,37.871177673339844,37.652583498090735,37.871177673339844,4300,0.0,0.0,0.0
2019-03-26 00:00:00-04:00,38.24461071929998,38.28104019036455,38.0351230198849,38.13804626464844,5600,0.0,0.0,0.0
2019-03-27 00:00:00-04:00,38.35390812995211,38.35390812995211,38.04423502552285,38.30836868286133,11300,0.0,0.0,0.0
2019-03-28 00:00:00-04:00,38.48141902536661,38.55428491846986,38.244611821655106,38.48414993286133,6500,0.0,0.0,0.0
2019-03-29 00:00:00-04:00,38.60892441013165,38.71821975708008,38.59161824224691,38.71821975708008,2400,0.0,0.0,0.0
2019-04-01 00:00:00-04:00,38.87306190247536,39.02061080932617,38.87306190247536,39.02061080932617,5700,0.0,0.0,0.0
2019-04-02 00:00:00-04:00,38.804753876179355,38.83663183602264,38.79837828421069,38.824790954589844,3000,0.0,0.0,0.0
2019-04-03 00:00:00-04:00,38.87853024980597,38.936820880294555,38.78107229038505,38.83207702636719,2900,0.0,0.0,0.0
2019-04-04 00:00:00-04:00,38.88217302500973,38.96870040893555,38.87215622257405,38.96870040893555,1600,0.0,0.0,0.0
2019-04-05 00:00:00-04:00,39.09712306329239,39.128090722420495,39.06433479905006,39.11898422241211,1300,0.0,0.0,0.0
2019-04-08 00:00:00-04:00,39.03792171797245,39.20095620935542,39.03792171797245,39.17362976074219,4900,0.0,0.0,0.0
2019-04-09 00:00:00-04:00,38.83663395762469,38.86851191920944,38.73644508566199,38.754661560058594,2300,0.0,0.0,0.0
2019-04-10 00:00:00-04:00,38.75010304851268,40.06985748696343,38.73644156256705,38.82387924194336,7300,0.0,0.0,0.0
2019-04-11 00:00:00-04:00,38.97325533445984,38.99147180864895,38.87306646363834,38.98054122924805,5400,0.0,0.0,0.0
2019-04-12 00:00:00-04:00,39.02789986592082,39.714646672729614,39.02789986592082,39.122623443603516,8300,0.0,0.0,0.0
2019-04-15 00:00:00-04:00,39.17362529521513,39.17362529521513,39.09165290759415,39.13264083862305,3000,0.0,0.0,0.0
2019-04-16 00:00:00-04:00,39.14630237799832,39.34668009788894,39.14630237799832,39.206417083740234,9800,0.0,0.0,0.0
2019-04-17 00:00:00-04:00,39.255600450616924,39.29203339755875,39.02152415189315,39.146305084228516,7700,0.0,0.0,0.0
2019-04-18 00:00:00-04:00,39.255602631200475,40.30393763267828,39.005133924545696,39.10714340209961,2000,0.0,0.0,0.0
2019-04-22 00:00:00-04:00,39.001489376044,39.001489376044,38.940467834472656,38.940467834472656,300,0.0,0.0,0.0
2019-04-23 00:00:00-04:00,38.9951154572289,39.153594970703125,38.9951154572289,39.153594970703125,800,0.0,0.0,0.0
2019-04-24 00:00:00-04:00,39.21916874715108,39.21916874715108,39.0278975238054,39.15449905395508,7800,0.0,0.0,0.0
2019-04-25 00:00:00-04:00,39.04611346503731,39.04611346503731,38.76376683223314,38.904029846191406,2500,0.0,0.0,0.0
2019-04-26 00:00:00-04:00,38.998756579216916,39.08254957852156,38.9823607105882,39.048851013183594,15000,0.0,0.0,0.0
2019-04-29 00:00:00-04:00,39.05522829904167,39.237389569144604,39.046118324596044,39.11898422241211,2600,0.0,0.0,0.0
2019-04-30 00:00:00-04:00,39.04611422172714,39.27836990356445,39.03973863006003,39.27836990356445,4300,0.0,0.0,0.0
2019-05-01 00:00:00-04:00,39.03974401962961,39.11898551239578,38.79838180541992,38.79838180541992,6100,0.0,0.0,0.0
2019-05-02 00:00:00-04:00,38.781990734039404,38.896751403808594,38.781990734039404,38.896751403808594,2000,0.0,0.0,0.0
2019-05-03 00:00:00-04:00,39.2164421081543,39.2164421081543,39.2164421081543,39.2164421081543,100,0.0,0.0,0.0
2019-05-06 00:00:00-04:00,38.81204132616947,39.037011133534946,38.81204132616947,39.00422286987305,2900,0.0,0.0,0.0
2019-05-07 00:00:00-04:00,38.800197788040464,38.800197788040464,38.25371749925446,38.43587875366211,9800,0.0,0.0,0.0
2019-05-08 00:00:00-04:00,38.39944739372883,38.61804160293298,38.39944739372883,38.44407653808594,3400,0.0,0.0,0.0
2019-05-09 00:00:00-04:00,38.0624486484083,38.375762939453125,37.96225978765036,38.375762939453125,3000,0.0,0.0,0.0
2019-05-10 00:00:00-04:00,38.25371336356301,38.521488189697266,37.91489325852914,38.521488189697266,3700,0.0,0.0,0.0
2019-05-13 00:00:00-04:00,37.89850945922702,37.89850945922702,37.70724168290942,37.83384323120117,2300,0.0,0.0,0.0
2019-05-14 00:00:00-04:00,38.098882060961934,38.25371686626234,38.06244911579588,38.080665588378906,3300,0.0,0.0,0.0
2019-05-15 00:00:00-04:00,37.898502177474796,38.2810376566103,37.86206923438475,38.162635803222656,2800,0.0,0.0,0.0
2019-05-16 00:00:00-04:00,38.454093640855206,38.539707238001164,38.38487243652344,38.38487243652344,4400,0.0,0.0,0.0
2019-05-17 00:00:00-04:00,38.20817436749632,38.363919462809406,38.18358230519708,38.22639083862305,3300,0.0,0.0,0.0
2019-05-20 00:00:00-04:00,38.177210477858424,38.177210477858424,38.10980987548828,38.10980987548828,1600,0.0,0.0,0.0
2019-05-21 00:00:00-04:00,38.208178054261786,38.49052469787854,38.208178054261786,38.43587875366211,1500,0.0,0.0,0.0
2019-05-22 00:00:00-04:00,38.344792821747006,38.39033573693944,38.344792821747006,38.388511657714844,600,0.0,0.0,0.0
2019-05-23 00:00:00-04:00,37.953156335731094,37.98776868149232,37.780105030237294,37.94404983520508,2200,0.0,0.0,0.0
2019-05-24 00:00:00-04:00,38.18813858691798,38.18813858691798,38.12255859375,38.12255859375,600,0.0,0.0,0.0
2019-05-28 00:00:00-04:00,38.04423734282566,38.07156031785697,37.67171859741211,37.67171859741211,3800,0.0,0.0,0.0
2019-05-29 00:00:00-04:00,37.487736795416986,37.59794247278213,37.443107648036694,37.516883850097656,4900,0.0,0.0,0.0
2019-05-30 00:00:00-04:00,37.63437711657211,37.63437711657211,37.5797276894999,37.58701705932617,1500,0.0,0.0,0.0
2019-05-31 00:00:00-04:00,37.206296596082574,37.206296596082574,37.1571159362793,37.1571159362793,1600,0.0,0.0,0.0
2019-06-03 00:00:00-04:00,37.57061849338149,37.57061849338149,37.402118711159225,37.5615119934082,1700,0.0,0.0,0.0
2019-06-04 00:00:00-04:00,37.8074313461172,38.12712478637695,37.8074313461172,38.12712478637695,400,0.0,0.0,0.0
2019-06-05 00:00:00-04:00,38.27193263328305,38.56612014770508,38.244609662130664,38.56612014770508,5100,0.0,0.0,0.0
2019-06-06 00:00:00-04:00,38.608934572303276,38.89128472354295,38.54699925210395,38.81022262573242,6700,0.0,0.0,0.0
2019-06-07 00:00:00-04:00,39.073443834134466,39.220992756896386,39.073443834134466,39.151771545410156,1900,0.0,0.0,0.0
2019-06-10 00:00:00-04:00,39.26471129880988,39.26471129880988,39.1289997844829,39.16816711425781,1300,0.0,0.0,0.0
2019-06-11 00:00:00-04:00,39.392220845400246,39.392220845400246,39.14539337158203,39.14539337158203,1700,0.0,0.0,0.0
2019-06-12 00:00:00-04:00,39.22008109694466,39.23738726782654,39.169076361239796,39.181827545166016,2800,0.0,0.0,0.0
2019-06-13 00:00:00-04:00,39.310254667115345,39.330291748046875,39.310254667115345,39.330291748046875,300,0.0,0.0,0.0
2019-06-14 00:00:00-04:00,39.36490127152834,39.36490127152834,39.264712399617274,39.328468322753906,7800,0.0,0.0,0.0
2019-06-17 00:00:00-04:00,39.21917309469058,39.21917309469058,39.11898422241211,39.11898422241211,1000,0.0,0.0,0.0
2019-06-18 00:00:00-04:00,39.487855599457674,39.493320888867245,39.31024932861328,39.31024932861328,2000,0.0,0.0,0.0
2019-06-19 00:00:00-04:00,39.499926697190475,39.499926697190475,39.278946548718395,39.45941162109375,1600,0.466,0.0,0.0
2019-06-20 00:00:00-04:00,39.71261780112632,39.81758117675781,39.51005295708204,39.81758117675781,2700,0.0,0.0,0.0
2019-06-21 00:00:00-04:00,39.80009073965979,39.80009073965979,39.71169867750965,39.7301139831543,3000,0.0,0.0,0.0
2019-06-24 00:00:00-04:00,39.73931987979641,39.81298110237499,39.7301139831543,39.7301139831543,3200,0.0,0.0,0.0
2019-06-25 00:00:00-04:00,39.59660607724732,39.61594162152803,39.465858459472656,39.465858459472656,3500,0.0,0.0,0.0
2019-06-26 00:00:00-04:00,39.31577251885027,39.33418782174628,39.21725082397461,39.21725082397461,1500,0.0,0.0,0.0
2019-06-27 00:00:00-04:00,39.30656659708808,39.4400749206543,39.28999528166398,39.4400749206543,4600,0.0,0.0,0.0
2019-06-28 00:00:00-04:00,39.5367520939848,39.712615966796875,39.5367520939848,39.712615966796875,3400,0.0,0.0,0.0
2019-07-01 00:00:00-04:00,39.98792075113151,39.98792075113151,39.76694059844372,39.961219787597656,42000,0.0,0.0,0.0
2019-07-02 00:00:00-04:00,39.86914162903762,40.008174896240234,39.86914162903762,40.008174896240234,3600,0.0,0.0,0.0
2019-07-03 00:00:00-04:00,40.126029770448184,40.37739181518555,40.098405058901214,40.37739181518555,1800,0.0,0.0,0.0
2019-07-05 00:00:00-04:00,40.46670996525363,41.43349071274559,40.11682617132949,40.21442413330078,1800,0.0,0.0,0.0
2019-07-08 00:00:00-04:00,40.13615833209813,40.13615833209813,40.01554036940057,40.07815170288086,4500,0.0,0.0,0.0
2019-07-09 00:00:00-04:00,39.92531028011787,39.9437255859375,39.85809775061864,39.9437255859375,1400,0.0,0.0,0.0
2019-07-10 00:00:00-04:00,40.063422188624514,40.063422188624514,39.895847476456595,39.94096374511719,3500,0.0,0.0,0.0
2019-07-11 00:00:00-04:00,39.99805020946634,40.0643424987793,39.88571790063902,40.0643424987793,1800,0.0,0.0,0.0
2019-07-12 00:00:00-04:00,40.24112136615647,40.337799072265625,40.24112136615647,40.337799072265625,1400,0.0,0.0,0.0
2019-07-15 00:00:00-04:00,40.54036481061989,40.54036481061989,40.30189310948692,40.33687973022461,2900,0.0,0.0,0.0
2019-07-16 00:00:00-04:00,40.337802355234,40.393044756158154,40.324911993370335,40.3341178894043,3200,0.0,0.0,0.0
2019-07-17 00:00:00-04:00,40.17114560868745,40.17114560868745,40.02474693230178,40.03579330444336,4200,0.0,0.0,0.0
2019-07-18 00:00:00-04:00,39.905053174349185,40.08459800968712,39.905053174349185,40.08091354370117,1100,0.0,0.0,0.0
2019-07-19 00:00:00-04:00,40.22731152193814,40.22731152193814,39.97871017456055,39.97871017456055,6000,0.0,0.0,0.0
2019-07-22 00:00:00-04:00,39.874665702648365,39.905051130304905,39.86085510253906,39.86085510253906,400,0.0,0.0,0.0
2019-07-23 00:00:00-04:00,40.054205907905974,40.29820251464844,40.054205907905974,40.29820251464844,1400,0.0,0.0,0.0
2019-07-24 00:00:00-04:00,40.50353634343623,40.50353634343623,40.26414089964526,40.36726379394531,2900,0.0,0.0,0.0
2019-07-25 00:00:00-04:00,40.42987024393868,40.42987024393868,40.32030218197607,40.323062896728516,2900,0.0,0.0,0.0
2019-07-26 00:00:00-04:00,40.4657865336596,40.52287292480469,40.448291467253796,40.52287292480469,3800,0.0,0.0,0.0
2019-07-29 00:00:00-04:00,40.53576478900535,40.53576478900535,40.46670827156895,40.48420333862305,1200,0.0,0.0,0.0
2019-07-30 00:00:00-04:00,40.466700243548125,40.53115204373968,40.466700243548125,40.50905227661133,7300,0.0,0.0,0.0
2019-07-31 00:00:00-04:00,40.531160302466304,40.531160302466304,40.104854583740234,40.104854583740234,3800,0.0,0.0,0.0
2019-08-01 00:00:00-04:00,40.05236982793397,40.33595778484766,39.58094787597656,39.58094787597656,3000,0.0,0.0,0.0
2019-08-02 00:00:00-04:00,39.260526630048616,39.538593137851365,39.260526630048616,39.38206481933594,1600,0.0,0.0,0.0
2019-08-05 00:00:00-04:00,39.03034227571547,39.03034227571547,38.210880579482485,38.4493522644043,12400,0.0,0.0,0.0
2019-08-06 00:00:00-04:00,38.67125560172737,38.80752464465799,38.37661774479827,38.796478271484375,3500,0.0,0.0,0.0
2019-08-07 00:00:00-04:00,38.34899343034581,39.03034210205078,38.256916912304575,39.03034210205078,3900,0.0,0.0,0.0
2019-08-08 00:00:00-04:00,39.63159043207589,39.6619758605957,39.527547296760446,39.6619758605957,6700,0.0,0.0,0.0
2019-08-09 00:00:00-04:00,39.31576995408418,39.545955956728285,39.31576995408418,39.47137451171875,1400,0.0,0.0,0.0
2019-08-12 00:00:00-04:00,39.24211485800783,39.24211485800783,39.03218460083008,39.03218460083008,1700,0.0,0.0,0.0
2019-08-13 00:00:00-04:00,39.591994780627125,39.81297490158524,39.472297068759815,39.510047912597656,6600,0.0,0.0,0.0
2019-08-14 00:00:00-04:00,38.92906672433496,38.92906672433496,38.4963193045875,38.52025604248047,6700,0.0,0.0,0.0
2019-08-15 00:00:00-04:00,38.648235935348914,38.75412306254169,38.625219438035934,38.73847198486328,6400,0.0,0.0,0.0
2019-08-16 00:00:00-04:00,38.98430630005511,39.24395751953125,38.9751004042655,39.24395751953125,1600,0.0,0.0,0.0
2019-08-19 00:00:00-04:00,39.49071589755083,39.64724422894711,39.49071589755083,39.63803482055664,9000,0.0,0.0,0.0
2019-08-20 00:00:00-04:00,39.536752693839205,39.54596210229755,39.30841064453125,39.30841064453125,70800,0.0,0.0,0.0
2019-08-21 00:00:00-04:00,39.73011266959945,39.73011266959945,39.564378436637554,39.6656608581543,61800,0.0,0.0,0.0
2019-08-22 00:00:00-04:00,39.58647104167831,39.74760055541992,39.58647104167831,39.74760055541992,10300,0.0,0.0,0.0
2019-08-23 00:00:00-04:00,39.52754562556395,39.5367515213891,38.646392822265625,38.646392822265625,1700,0.0,0.0,0.0
2019-08-26 00:00:00-04:00,39.13162977182455,39.13162977182455,38.873822511400824,39.033111572265625,3000,0.0,0.0,0.0
2019-08-27 00:00:00-04:00,39.28814885855314,39.31577356981555,38.99351102906068,39.05980682373047,5200,0.0,0.0,0.0
2019-08-28 00:00:00-04:00,38.901440492261415,39.315776063881806,38.901440492261415,39.30841064453125,3600,0.0,0.0,0.0
2019-08-29 00:00:00-04:00,39.68407329647435,39.79916632055039,39.59200028215766,39.73471450805664,6800,0.0,0.0,0.0
2019-08-30 00:00:00-04:00,39.95844770190947,39.98791288726012,39.776142185108874,39.84611892700195,1400,0.0,0.0,0.0
2019-09-03 00:00:00-04:00,39.591996161293025,39.64447784423828,39.39864074393683,39.64447784423828,15900,0.0,0.0,0.0
2019-09-04 00:00:00-04:00,39.89584332098358,40.03579330444336,39.860853190848644,40.03579330444336,3500,0.0,0.0,0.0
2019-09-05 00:00:00-04:00,40.245724972411715,40.558778116274425,40.245724972411715,40.553253173828125,9500,0.0,0.0,0.0
2019-09-06 00:00:00-04:00,40.64164554623942,40.692286754639916,40.62323024206105,40.64348602294922,1300,0.0,0.0,0.0
2019-09-09 00:00:00-04:00,40.63611579371948,40.66926193237305,40.55877363274125,40.66926193237305,5100,0.0,0.0,0.0
2019-09-10 00:00:00-04:00,40.512743530479476,40.74477005004883,40.4943282255733,40.74477005004883,3600,0.0,0.0,0.0
2019-09-11 00:00:00-04:00,40.75213066605594,41.08359909057617,40.75213066605594,41.08359909057617,7000,0.0,0.0,0.0
2019-09-12 00:00:00-04:00,41.1572673306685,41.35982867063483,41.1572673306685,41.286170959472656,13400,0.0,0.0,0.0
2019-09-13 00:00:00-04:00,41.45190462754513,41.45190462754513,41.1480573532514,41.175682067871094,2600,0.0,0.0,0.0
2019-09-16 00:00:00-04:00,41.19409252859048,41.19409252859048,40.83499937965133,40.871829986572266,23500,0.0,0.0,0.0
2019-09-17 00:00:00-04:00,40.89945662327201,41.03756966140802,40.88104482972364,41.026519775390625,3900,0.0,0.0,0.0
2019-09-18 00:00:00-04:00,41.01915081175034,41.04125058187587,40.72451296738448,41.009944915771484,5500,0.0,0.0,0.0
2019-09-19 00:00:00-04:00,41.055981252983564,41.12043306165329,40.97311414007103,41.00165557861328,3800,0.0,0.0,0.0
2019-09-20 00:00:00-04:00,41.11674051096766,41.11674051096766,40.88103309267194,40.936275482177734,39300,0.0,0.0,0.0
2019-09-23 00:00:00-04:00,41.03756523270374,41.03756523270374,40.899452209472656,40.899452209472656,8500,0.0,0.0,0.0
2019-09-24 00:00:00-04:00,41.111222155619686,41.111222155619686,40.60388989331188,40.66926193237305,5700,0.0,0.0,0.0
2019-09-25 00:00:00-04:00,40.758627605419754,40.88335037231445,40.637625892406845,40.88335037231445,8000,0.476,0.0,0.0
2019-09-26 00:00:00-04:00,40.85169510209871,40.962456792482435,40.72138723105903,40.887996673583984,6200,0.0,0.0,0.0
2019-09-27 00:00:00-04:00,40.93547001807839,40.940124885655024,40.74931437187293,40.871246337890625,3700,0.0,0.0,0.0
2019-09-30 00:00:00-04:00,41.06577516975788,41.14954502743907,41.05553872251951,41.08811569213867,1500,0.0,0.0,0.0
2019-10-01 00:00:00-04:00,41.2984661573846,41.2984661573846,40.55198669433594,40.55198669433594,3500,0.0,0.0,0.0
2019-10-02 00:00:00-04:00,40.48869764394052,40.48869764394052,39.73756323307573,39.79340744018555,3700,0.0,0.0,0.0
2019-10-03 00:00:00-04:00,39.53930317764904,39.93860626220703,39.44622714120405,39.93860626220703,1700,0.0,0.0,0.0
2019-10-04 00:00:00-04:00,40.200159332211115,40.513832092285156,40.116389464440864,40.513832092285156,1300,0.0,0.0,0.0
2019-10-07 00:00:00-04:00,40.311849364333,40.525927097108465,40.311849364333,40.3211555480957,8400,0.0,0.0,0.0
2019-10-08 00:00:00-04:00,39.82319517870843,39.96746412021631,39.688232421875,39.688232421875,3800,0.0,0.0,0.0
2019-10-09 00:00:00-04:00,39.882758642993394,40.10707636535924,39.82784470446972,39.976768493652344,5700,0.0,0.0,0.0
2019-10-10 00:00:00-04:00,39.92092218445621,40.38630948630461,39.92092218445621,40.3211555480957,8300,0.0,0.0,0.0
2019-10-11 00:00:00-04:00,40.56315595981824,41.20538911106406,40.56315595981824,40.886131286621094,24100,0.0,0.0,0.0
2019-10-14 00:00:00-04:00,40.7958576626891,40.7958576626891,40.68416213989258,40.68416213989258,1200,0.0,0.0,0.0
2019-10-15 00:00:00-04:00,40.87031387187509,41.00062175200914,40.87031387187509,40.93732833862305,2100,0.0,0.0,0.0
2019-10-16 00:00:00-04:00,41.056468655587864,41.07508457388098,40.875898153830335,40.91685104370117,13200,0.0,0.0,0.0
2019-10-17 00:00:00-04:00,41.19608295982782,41.205392694340965,41.140238755242464,41.18956756591797,3700,0.0,0.0,0.0
2019-10-18 00:00:00-04:00,41.19515691304417,41.37107611723979,41.19515691304417,41.3357048034668,1400,0.0,0.0,0.0
2019-10-21 00:00:00-04:00,41.54046617446476,41.54046617446476,41.326388469428885,41.382232666015625,57800,0.0,0.0,0.0
2019-10-22 00:00:00-04:00,41.39154865749615,41.54977863924639,41.28171722348035,41.36083221435547,9900,0.0,0.0,0.0
2019-10-23 00:00:00-04:00,41.14954179861628,44.10940513693972,41.14954179861628,41.380374908447266,52200,0.0,0.0,0.0
2019-10-24 00:00:00-04:00,41.568393835805956,41.568393835805956,41.25193032717864,41.378517150878906,2700,0.0,0.0,0.0
2019-10-25 00:00:00-04:00,41.49393508950838,41.49393508950838,41.399925231933594,41.399925231933594,1100,0.0,0.0,0.0
2019-10-28 00:00:00-04:00,41.54047230133376,41.624242159192086,41.47903941528006,41.51906204223633,6600,0.0,0.0,0.0
2019-10-29 00:00:00-04:00,41.80109140228291,41.80109140228291,41.73314666748047,41.73314666748047,2500,0.0,0.0,0.0
2019-10-30 00:00:00-04:00,41.698703762283834,41.86624348394607,41.66147192399811,41.85042190551758,5200,0.0,0.0,0.0
2019-10-31 00:00:00-04:00,41.68008555626245,41.68008555626245,41.41946980380873,41.5618782043457,5700,0.0,0.0,0.0
2019-11-01 00:00:00-04:00,41.847631475776744,41.95001726531944,41.847631475776744,41.93326187133789,25200,0.0,0.0,0.0
2019-11-04 00:00:00-05:00,42.13151264880652,42.177120406397734,42.07101357666976,42.082183837890625,7700,0.0,0.0,0.0
2019-11-05 00:00:00-05:00,42.24785853610368,42.24785853610368,42.10172908264737,42.16315841674805,2100,0.0,0.0,0.0
2019-11-06 00:00:00-05:00,42.23856056913871,42.275788861916084,42.13617477509691,42.259037017822266,2900,0.0,0.0,0.0
2019-11-07 00:00:00-05:00,42.54570855977963,42.75978630401204,42.192016747894876,42.3381462097168,10600,0.0,0.0,0.0
2019-11-08 00:00:00-05:00,42.19202024423118,42.38748208551596,42.19202024423118,42.350250244140625,14000,0.0,0.0,0.0
2019-11-11 00:00:00-05:00,42.41540511219327,42.41540511219327,42.23855918775634,42.31394958496094,8900,0.0,0.0,0.0
2019-11-12 00:00:00-05:00,42.50847468605764,42.50847468605764,42.238552747938364,42.277645111083984,41500,0.0,0.0,0.0
2019-11-13 00:00:00-05:00,42.296262988066154,42.40516061142672,42.27578299160239,42.39492416381836,6000,0.0,0.0,0.0
2019-11-14 00:00:00-05:00,42.499172408001584,42.499172408001584,42.314880836413565,42.48055648803711,8200,0.0,0.0,0.0
2019-11-15 00:00:00-05:00,42.64809289157597,42.64809289157597,42.60155487060547,42.60155487060547,1000,0.0,0.0,0.0
2019-11-18 00:00:00-05:00,42.521507263183594,42.521507263183594,42.521507263183594,42.521507263183594,0,0.0,0.0,0.0
2019-11-19 00:00:00-05:00,42.82494024207656,42.82494024207656,42.466593562780055,42.489864349365234,19500,0.0,0.0,0.0
2019-11-20 00:00:00-05:00,42.58293768256742,42.58293768256742,42.31301219811303,42.43494415283203,31000,0.0,0.0,0.0
2019-11-21 00:00:00-05:00,42.340936297795565,42.405156419053974,42.23855052809314,42.31208038330078,4500,0.0,0.0,0.0
2019-11-22 00:00:00-05:00,42.29439482580649,42.47124426501355,42.29439482580649,42.43866729736328,9400,0.0,0.0,0.0
2019-11-25 00:00:00-05:00,42.62947568555013,42.64809160350077,42.547569907315285,42.6313362121582,6600,0.0,0.0,0.0
2019-11-26 00:00:00-05:00,42.749551778913954,42.80353546142578,42.70859533470362,42.80353546142578,6900,0.0,0.0,0.0
2019-11-27 00:00:00-05:00,42.90405602666776,42.99247719863278,42.90405602666776,42.97944641113281,4800,0.0,0.0,0.0
2019-11-29 00:00:00-05:00,42.83425105778422,42.83425105778422,42.783058166503906,42.783058166503906,1500,0.0,0.0,0.0
2019-12-02 00:00:00-05:00,42.964558917513315,42.964558917513315,42.49172592163086,42.49172592163086,12700,0.0,0.0,0.0
2019-12-03 00:00:00-05:00,42.350246038185816,42.350246038185816,42.06170462211878,42.23575973510742,5300,0.0,0.0,0.0
2019-12-04 00:00:00-05:00,42.68532807674099,42.68532807674099,42.512203216552734,42.512203216552734,2500,0.0,0.0,0.0
2019-12-05 00:00:00-05:00,42.46193438811212,42.59689712524414,42.452628204796156,42.59689712524414,800,0.0,0.0,0.0
2019-12-06 00:00:00-05:00,42.91802267846931,43.039024385598815,42.91802267846931,42.91895294189453,4600,0.0,0.0,0.0
2019-12-09 00:00:00-05:00,42.87148032014059,42.99247846441795,42.86496492619878,42.91801834106445,3100,0.0,0.0,0.0
2019-12-10 00:00:00-05:00,42.75978659793563,42.8994042171712,42.70394239074024,42.70580291748047,12400,0.0,0.0,0.0
2019-12-11 00:00:00-05:00,42.8984716782292,42.91801785983546,42.743032488699896,42.82866287231445,4900,0.0,0.0,0.0
2019-12-12 00:00:00-05:00,43.02970921821504,43.299634703651336,43.02970921821504,43.23262023925781,3800,0.0,0.0,0.0
2019-12-13 00:00:00-05:00,43.128375139607314,43.128375139607314,42.93663790900435,43.07625198364258,8800,0.0,0.0,0.0
2019-12-16 00:00:00-05:00,43.960485942081576,43.960485942081576,43.20655720338271,43.23634338378906,7400,0.0,0.0,0.0
2019-12-17 00:00:00-05:00,43.42063549540327,43.42063549540327,43.17863211671042,43.22517013549805,13100,0.0,0.0,0.0
2019-12-18 00:00:00-05:00,43.22052305319768,43.22052305319768,43.07439003825276,43.14326858520508,5300,0.0,0.0,0.0
2019-12-19 00:00:00-05:00,43.27171563252617,43.28102181687908,43.15908985317684,43.231689453125,9000,0.0,0.0,0.0
2019-12-20 00:00:00-05:00,43.243791633476604,43.606793197735705,43.243791633476604,43.54443359375,13300,0.0,0.0,0.0
2019-12-23 00:00:00-05:00,43.51278485732066,43.58817879738419,43.51278485732066,43.56025314331055,6400,0.0,0.0,0.0
2019-12-24 00:00:00-05:00,43.56024917153606,43.56024917153606,43.41132538234163,43.490440368652344,8200,0.0,0.0,0.0
2019-12-26 00:00:00-05:00,43.6533306659999,43.6533306659999,43.48579095200899,43.58817672729492,15800,0.0,0.0,0.0
2019-12-27 00:00:00-05:00,43.738673838128534,43.738673838128534,43.63896942138672,43.63896942138672,1400,0.49,0.0,0.0
2019-12-30 00:00:00-05:00,43.57877314143594,43.625803258487345,43.4470837902569,43.507286071777344,10700,0.0,0.0,0.0
2019-12-31 00:00:00-05:00,43.67282846285447,43.67282846285447,43.409456966458464,43.5665397644043,11200,0.0,0.0,0.0
2020-01-02 00:00:00-05:00,43.66060709092336,43.66060709092336,43.28718284759146,43.46683883666992,14800,0.0,0.0,0.0
2020-01-03 00:00:00-05:00,43.15548960971896,43.400048341241494,43.15548960971896,43.277767181396484,7100,0.0,0.0,0.0
2020-01-06 00:00:00-05:00,43.190290721980936,43.400047814485376,43.14608091089011,43.34549331665039,5900,0.0,0.0,0.0
2020-01-07 00:00:00-05:00,43.19311377650136,43.240147478371334,43.164896425913525,43.19405746459961,3700,0.0,0.0,0.0
2020-01-08 00:00:00-05:00,43.17431142163822,43.418870204422774,43.17431142163822,43.29000473022461,5700,0.0,0.0,0.0
2020-01-09 00:00:00-05:00,43.522334094704696,43.522334094704696,43.305992689478735,43.39252853393555,4600,0.0,0.0,0.0
2020-01-10 00:00:00-05:00,43.45648964797515,43.49411517487596,43.2956428527832,43.2956428527832,57200,0.0,0.0,0.0
2020-01-13 00:00:00-05:00,43.26836420157613,43.5411438805289,43.24955143873446,43.52891540527344,5800,0.0,0.0,0.0
2020-01-14 00:00:00-05:00,43.484704354870374,43.55995540409617,43.442378330806505,43.531734466552734,4100,0.0,0.0,0.0
2020-01-15 00:00:00-05:00,43.71986064198664,43.78570351919914,43.55054936110659,43.62391662597656,11100,0.0,0.0,0.0
2020-01-16 00:00:00-05:00,43.785707154457775,43.945613861083984,43.76219388959698,43.945613861083984,8200,0.0,0.0,0.0
2020-01-17 00:00:00-05:00,44.01145312999813,44.0584832440261,43.936202077019225,44.05189895629883,10000,0.0,0.0,0.0
2020-01-21 00:00:00-05:00,44.35947775990151,44.35947775990151,43.751839535465905,43.88822937011719,14800,0.0,0.0,0.0
2020-01-22 00:00:00-05:00,44.058484208339955,44.058484208339955,43.889172923599375,43.90798568725586,6000,0.0,0.0,0.0
2020-01-23 00:00:00-05:00,43.64461417240064,43.90798568725586,43.59287996938725,43.90798568725586,7800,0.0,0.0,0.0
2020-01-24 00:00:00-05:00,44.03026248616935,44.03026248616935,43.50351592057989,43.59757614135742,6300,0.0,0.0,0.0
2020-01-27 00:00:00-05:00,43.240148321771024,43.240148321771024,43.03321151164343,43.05672836303711,8600,0.0,0.0,0.0
2020-01-28 00:00:00-05:00,43.085887215732185,43.381240076845806,43.085887215732185,43.27965545654297,4300,0.0,0.0,0.0
2020-01-29 00:00:00-05:00,43.57877236370127,43.57877236370127,43.0557861328125,43.0557861328125,7800,0.0,0.0,0.0
2020-01-30 00:00:00-05:00,43.17430744986402,43.246734619140625,42.79805933908839,43.246734619140625,1500,0.0,0.0,0.0
2020-01-31 00:00:00-05:00,43.042616710144095,43.042616710144095,42.421809859118824,42.47636795043945,5400,0.0,0.0,0.0
2020-02-03 00:00:00-05:00,42.57230774231633,42.77172016452354,42.57230774231633,42.628746032714844,2900,0.0,0.0,0.0
2020-02-04 00:00:00-05:00,43.08212583832608,43.34362076335261,43.08212583832608,43.163021087646484,4000,0.0,0.0,0.0
2020-02-05 00:00:00-05:00,43.465895073012,43.74807935386906,43.400052193750945,43.705753326416016,8100,0.0,0.0,0.0
2020-02-06 00:00:00-05:00,43.91738874088701,43.91738874088701,43.66342182264766,43.69164276123047,7200,0.0,0.0,0.0
2020-02-07 00:00:00-05:00,43.50352217752717,43.597582411833024,43.33421088524228,43.346439361572266,7100,0.0,0.0,0.0
2020-02-10 00:00:00-05:00,43.277769540865435,43.47247787208378,43.277769540865435,43.4611930847168,7000,0.0,0.0,0.0
2020-02-11 00:00:00-05:00,43.616395040351755,43.69164609809619,43.616395040351755,43.62674331665039,4400,0.0,0.0,0.0
2020-02-12 00:00:00-05:00,43.917393221206666,43.917393221206666,43.73867733673255,43.7998161315918,9300,0.0,0.0,0.0
2020-02-13 00:00:00-05:00,43.748078235051466,43.84590245147581,43.63990933110369,43.79322814941406,3800,0.0,0.0,0.0
2020-02-14 00:00:00-05:00,43.851544305128215,43.870357067458556,43.73867131931367,43.86847686767578,4500,0.0,0.0,0.0
2020-02-18 00:00:00-05:00,43.719860437534265,43.832733428203895,43.672830323769226,43.70010757446289,5000,0.0,0.0,0.0
2020-02-19 00:00:00-05:00,43.54114504979756,43.832733911254806,43.54114504979756,43.765010833740234,4500,0.0,0.0,0.0
2020-02-20 00:00:00-05:00,43.78570091276712,43.8421391990901,43.621093729534444,43.831790924072266,12200,0.0,0.0,0.0
2020-02-21 00:00:00-05:00,43.98323267178536,43.98323267178536,43.512924350029806,43.56936264038086,3000,0.0,0.0,0.0
2020-02-24 00:00:00-05:00,43.26836253630041,43.26836253630041,42.504581617528956,42.652259826660156,14900,0.0,0.0,0.0
2020-02-25 00:00:00-05:00,42.70399964105283,42.70399964105283,41.41535217779379,41.436988830566406,22200,0.0,0.0,0.0
2020-02-26 00:00:00-05:00,41.35891309700007,41.88565609716869,41.06355667114258,41.06355667114258,16100,0.0,0.0,0.0
2020-02-27 00:00:00-05:00,40.49354424238845,40.827462707529776,39.505897521972656,39.505897521972656,10900,0.0,0.0,0.0
2020-02-28 00:00:00-05:00,38.151413330251586,38.720485983579216,37.624666704646124,38.48344802856445,31100,0.0,0.0,0.0
2020-03-02 00:00:00-05:00,38.87568692591177,40.40042495727539,38.87568692591177,40.40042495727539,10500,0.0,0.0,0.0
2020-03-03 00:00:00-05:00,40.117301182667866,40.90741930480692,39.48708616721318,39.6375846862793,31800,0.0,0.0,0.0
2020-03-04 00:00:00-05:00,40.39008063288565,41.236637115478516,40.34117031451061,41.236637115478516,6100,0.0,0.0,0.0
2020-03-05 00:00:00-05:00,40.10789231952661,40.66285627185359,39.69402229622948,40.013832092285156,27000,0.0,0.0,0.0
2020-03-06 00:00:00-05:00,38.77221556939142,39.65262985229492,38.75340280769965,39.65262985229492,8200,0.0,0.0,0.0
2020-03-09 00:00:00-04:00,37.74695077208782,37.94447942628143,36.584348424308146,37.02643585205078,38300,0.0,0.0,0.0
2020-03-10 00:00:00-04:00,37.662291394936304,38.3602294921875,36.589988991807765,38.3602294921875,8700,0.0,0.0,0.0
2020-03-11 00:00:00-04:00,37.23901607348245,37.44595290001374,36.68405206537695,36.8618278503418,22200,0.0,0.0,0.0
2020-03-12 00:00:00-04:00,34.42656599095042,35.39540352513944,33.119109496138044,33.63644790649414,42300,0.0,0.0,0.0
2020-03-13 00:00:00-04:00,34.99093601535398,35.425498962402344,33.62892151402995,35.425498962402344,12000,0.0,0.0,0.0
2020-03-16 00:00:00-04:00,33.862203313942516,33.862203313942516,31.99978256225586,31.99978256225586,11700,0.0,0.0,0.0
2020-03-17 00:00:00-04:00,32.33839915903206,34.21022415161133,31.557685672077955,34.21022415161133,14800,0.0,0.0,0.0
2020-03-18 00:00:00-04:00,32.45127634601001,34.99094216898352,30.70172869933564,32.526527404785156,53200,0.0,0.0,0.0
2020-03-19 00:00:00-04:00,31.783435340660667,33.98447829809773,30.927474389888893,32.38542938232422,15000,0.0,0.0,0.0
2020-03-20 00:00:00-04:00,32.366620224896465,32.366620224896465,30.283154108801966,30.797672271728516,26300,0.0,0.0,0.0
2020-03-23 00:00:00-04:00,29.911609064698204,29.911609064698204,28.218499794652608,28.582517623901367,23900,0.0,0.0,0.0
2020-03-24 00:00:00-04:00,29.921012195723623,32.62058250550563,29.921012195723623,31.209657669067383,11100,0.0,0.0,0.0
2020-03-25 00:00:00-04:00,31.603755840453548,32.88884683987106,30.843171696328483,31.947399139404297,20600,0.394,0.0,0.0
2020-03-26 00:00:00-04:00,32.14634845797738,33.78936089435304,32.14634845797738,33.740814208984375,11100,0.0,0.0,0.0
2020-03-27 00:00:00-04:00,32.71750311341846,33.66847211540597,32.62231252598556,32.90217590332031,63300,0.0,0.0,0.0
2020-03-30 00:00:00-04:00,33.574229077773495,34.00735092163086,33.27913248048934,34.00735092163086,6000,0.0,0.0,0.0
2020-03-31 00:00:00-04:00,33.49807476898282,33.97879554756508,33.29341175483693,33.32672882080078,14900,0.0,0.0,0.0
2020-04-01 00:00:00-04:00,32.232022900210794,32.388135597193035,31.8322144740183,32.0892333984375,7100,0.0,0.0,0.0
2020-04-02 00:00:00-04:00,32.14635107924426,32.91740788017767,32.13682984209743,32.6603889465332,11900,0.0,0.0,0.0
2020-04-03 00:00:00-04:00,32.86980371575857,32.86980371575857,31.413366955297654,31.832210540771484,19000,0.0,0.0,0.0
2020-04-06 00:00:00-04:00,32.965001886176665,34.00259518613981,32.965001886176665,33.83124923706055,8300,0.0,0.0,0.0
2020-04-07 00:00:00-04:00,34.91643781356077,35.49710979285104,34.5880241394043,34.5880241394043,18800,0.0,0.0,0.0
2020-04-08 00:00:00-04:00,35.10682375221369,35.6636962890625,34.602303494169156,35.6636962890625,12900,0.0,0.0,0.0
2020-04-09 00:00:00-04:00,36.48711234248677,36.65845468153205,36.26816744494737,36.38240051269531,3800,0.0,0.0,0.0
2020-04-13 00:00:00-04:00,36.50614531121338,36.50614531121338,35.125863658032465,35.48759078979492,20700,0.0,0.0,0.0
2020-04-14 00:00:00-04:00,36.47758356695497,36.639411897180864,36.17296937848129,36.54326629638672,15100,0.0,0.0,0.0
2020-04-15 00:00:00-04:00,35.677975826732386,35.677975826732386,35.240093318285716,35.40096664428711,14400,0.0,0.0,0.0
2020-04-16 00:00:00-04:00,35.04970347712747,35.466644287109375,35.04970347712747,35.466644287109375,6000,0.0,0.0,0.0
2020-04-17 00:00:00-04:00,36.068261601759474,36.69557749217253,36.068261601759474,36.663211822509766,5700,0.0,0.0,0.0
2020-04-20 00:00:00-04:00,35.23056872293012,36.410951493289666,35.23056872293012,35.92927932739258,1800,0.0,0.0,0.0
2020-04-21 00:00:00-04:00,35.1924964242086,35.249609321058855,34.95451633723135,35.04399490356445,4800,0.0,0.0,0.0
2020-04-22 00:00:00-04:00,35.42095483966999,35.6589349237279,35.36384194352035,35.62085723876953,12400,0.0,0.0,0.0
2020-04-23 00:00:00-04:00,35.6208568157912,35.90643581829992,35.38573455810547,35.38573455810547,5500,0.0,0.0,0.0
2020-04-24 00:00:00-04:00,35.45903494922999,35.92547754364437,35.44951734298356,35.87407302856445,8000,0.0,0.0,0.0
2020-04-27 00:00:00-04:00,36.14441469377684,36.763160705566406,36.14441469377684,36.763160705566406,3300,0.0,0.0,0.0
2020-04-28 00:00:00-04:00,37.201048246213944,37.3438341169673,37.02018105945666,37.10585403442383,20900,0.0,0.0,0.0
2020-04-29 00:00:00-04:00,37.667483715758024,37.895946171788445,37.41998605040531,37.62464904785156,15100,0.0,0.0,0.0
2020-04-30 00:00:00-04:00,37.06777502251675,37.98162126654272,36.74412197659433,36.964969635009766,31500,0.0,0.0,0.0
2020-05-01 00:00:00-04:00,36.153933829350855,36.153933829350855,35.712242126464844,35.712242126464844,4100,0.0,0.0,0.0
2020-05-04 00:00:00-04:00,35.668457486056255,35.83028220621087,35.04970779199771,35.802677154541016,2100,0.0,0.0,0.0
2020-05-05 00:00:00-04:00,36.20153288944552,36.344322406849564,35.954986572265625,35.954986572265625,6700,0.0,0.0,0.0
2020-05-06 00:00:00-04:00,36.201528955826944,36.201528955826944,35.54185104370117,35.54185104370117,1400,0.0,0.0,0.0
2020-05-07 00:00:00-04:00,35.54185648374536,36.23009458036348,35.54185648374536,35.90834426879883,5000,0.0,0.0,0.0
2020-05-08 00:00:00-04:00,36.519466619204586,36.82693862915039,36.519466619204586,36.82693862915039,900,0.0,0.0,0.0
2020-05-11 00:00:00-04:00,36.53565361221222,36.82027757921494,36.53565361221222,36.681297302246094,7700,0.0,0.0,0.0
2020-05-12 00:00:00-04:00,36.60134003113456,36.80124244321511,35.86931228637695,35.86931228637695,10700,0.0,0.0,0.0
2020-05-13 00:00:00-04:00,35.468552287681824,35.468552287681824,34.905967712402344,34.905967712402344,1700,0.0,0.0,0.0
2020-05-14 00:00:00-04:00,34.4595129098212,35.248653411865234,34.25961053385648,35.248653411865234,3300,0.0,0.0,0.0
2020-05-15 00:00:00-04:00,35.18297545254351,35.457130432128906,35.10682371240622,35.457130432128906,10900,0.0,0.0,0.0
2020-05-18 00:00:00-04:00,36.86787239922448,37.38191022737925,36.853594175879245,37.24864196777344,18100,0.0,0.0,0.0
2020-05-19 00:00:00-04:00,36.90595089385594,36.95354618314919,36.54422015890916,36.55849838256836,5200,0.0,0.0,0.0
2020-05-20 00:00:00-04:00,37.0011410951061,37.21056472340609,36.95354580629822,37.03445816040039,16300,0.0,0.0,0.0
2020-05-21 00:00:00-04:00,37.239120966316136,37.239120966316136,36.87739386832877,36.964969635009766,4800,0.0,0.0,0.0
2020-05-22 00:00:00-04:00,36.89643398181551,36.89643398181551,36.70129218345447,36.885013580322266,6900,0.0,0.0,0.0
2020-05-26 00:00:00-04:00,37.94354460740061,38.12440816127635,37.829315185546875,37.829315185546875,11600,0.0,0.0,0.0
2020-05-27 00:00:00-04:00,38.39570542052057,38.63844612004967,38.20056364225087,38.590850830078125,5300,0.0,0.0,0.0
2020-05-28 00:00:00-04:00,39.10012805847818,39.10012805847818,38.590850830078125,38.590850830078125,13500,0.0,0.0,0.0
2020-05-29 00:00:00-04:00,38.29575314348204,38.67081069946289,38.12440719938065,38.67081069946289,5600,0.0,0.0,0.0
2020-06-01 00:00:00-04:00,38.6098891844249,38.99065513067353,38.6098891844249,38.8650016784668,29400,0.0,0.0,0.0
2020-06-02 00:00:00-04:00,39.28575322556492,39.28575322556492,39.01921668994811,39.16200256347656,17200,0.0,0.0,0.0
2020-06-03 00:00:00-04:00,39.77123296983346,40.21863671781903,39.761715363643354,40.148193359375,3600,0.0,0.0,0.0
2020-06-04 00:00:00-04:00,39.90449628383603,40.123441143161564,39.85690099622566,40.12248611450195,7300,0.0,0.0,0.0
2020-06-05 00:00:00-04:00,41.49420672947901,41.71314796645612,41.14199722923652,41.33237838745117,17000,0.0,0.0,0.0
2020-06-08 00:00:00-04:00,41.760747492362746,41.86069869995117,41.70363459161975,41.86069869995117,3900,0.0,0.0,0.0
2020-06-09 00:00:00-04:00,41.30382264119228,41.344754518277576,41.12486188015657,41.16865158081055,4100,0.0,0.0,0.0
2020-06-10 00:00:00-04:00,40.932576950253896,40.932576950253896,40.54228973388672,40.54228973388672,2900,0.0,0.0,0.0
2020-06-11 00:00:00-04:00,39.37142732929876,39.37142732929876,38.15297041012587,38.173912048339844,11000,0.0,0.0,0.0
2020-06-12 00:00:00-04:00,39.07632713126053,39.152482497387076,38.010177424502935,38.69746398925781,4100,0.0,0.0,0.0
2020-06-15 00:00:00-04:00,38.44235244559396,39.26671658871779,38.44235244559396,39.05729293823242,10700,0.0,0.0,0.0
2020-06-16 00:00:00-04:00,40.30430944481345,40.323348288361856,39.43806203544519,39.72078323364258,3000,0.0,0.0,0.0
2020-06-17 00:00:00-04:00,40.15200174368606,40.15200174368606,39.58180236816406,39.58180236816406,2000,0.0,0.0,0.0
2020-06-18 00:00:00-04:00,39.27623352544276,39.58560837712557,39.27623352544276,39.509456634521484,800,0.0,0.0,0.0
2020-06-19 00:00:00-04:00,39.76171654143991,39.76171654143991,39.20008334609611,39.311458587646484,4400,0.0,0.0,0.0
2020-06-22 00:00:00-04:00,38.7812338181389,39.361902138854475,38.7812338181389,39.228633880615234,7500,0.0,0.0,0.0
2020-06-23 00:00:00-04:00,39.71411807473227,39.71411807473227,39.30384063720703,39.30384063720703,3400,0.0,0.0,0.0
2020-06-24 00:00:00-04:00,38.840223504815356,38.840223504815356,38.08034704824143,38.2025032043457,4300,0.427,0.0,0.0
2020-06-25 00:00:00-04:00,38.12843926718908,38.477596282958984,38.09958440714563,38.477596282958984,7800,0.0,0.0,0.0
2020-06-26 00:00:00-04:00,38.36890493485587,38.36890493485587,37.7629272095806,37.81583023071289,5200,0.0,0.0,0.0
2020-06-29 00:00:00-04:00,37.815827309616594,38.66708227900115,37.815827309616594,38.51318359375,7200,0.0,0.0,0.0
2020-06-30 00:00:00-04:00,38.82098307918386,39.11819839477539,38.75365263004551,39.11819839477539,2100,0.0,0.0,0.0
2020-07-01 00:00:00-04:00,39.099928680649526,39.128783541337974,38.92198181152344,38.92198181152344,4400,0.0,0.0,0.0
2020-07-02 00:00:00-04:00,39.56642744420286,39.77322915284443,39.186492919921875,39.186492919921875,10300,0.0,0.0,0.0
2020-07-06 00:00:00-04:00,39.58566662354409,40.74471903952636,39.44619535756069,39.590476989746094,35100,0.0,0.0,0.0
2020-07-07 00:00:00-04:00,39.39810393286084,39.494292913731286,39.262481689453125,39.262481689453125,4800,0.0,0.0,0.0
2020-07-08 00:00:00-04:00,39.15763653225543,39.290374755859375,39.09030608104103,39.290374755859375,1800,0.0,0.0,0.0
2020-07-09 00:00:00-04:00,39.05664106103813,39.63664795318215,38.45547369400595,38.785396575927734,55900,0.0,0.0,0.0
2020-07-10 00:00:00-04:00,38.52280285603965,39.36732482910156,38.52280285603965,39.36732482910156,5100,0.0,0.0,0.0
2020-07-13 00:00:00-04:00,39.4173398788723,39.91751154821832,39.321154571751016,39.37886428833008,9900,0.0,0.0,0.0
2020-07-14 00:00:00-04:00,39.27306231605161,40.1041145324707,39.27306231605161,40.1041145324707,4900,0.0,0.0,0.0
2020-07-15 00:00:00-04:00,40.44750125037874,40.77357510693496,40.44750125037874,40.754337310791016,9700,0.0,0.0,0.0
2020-07-16 00:00:00-04:00,40.70624008383755,40.91785214842303,40.68700228985396,40.802425384521484,6200,0.0,0.0,0.0
2020-07-17 00:00:00-04:00,40.858218483323114,40.895729064941406,40.858218483323114,40.895729064941406,2600,0.0,0.0,0.0
2020-07-20 00:00:00-04:00,41.84124526810499,41.84124526810499,40.465774153109024,40.48789596557617,3000,0.0,0.0,0.0
2020-07-21 00:00:00-04:00,40.93708884131634,41.02365707729705,40.88322448730469,40.88322448730469,2800,0.0,0.0,0.0
2020-07-22 00:00:00-04:00,40.60043503102761,41.26027707057075,40.60043503102761,41.24103927612305,7500,0.0,0.0,0.0
2020-07-23 00:00:00-04:00,41.29298053827187,41.485354811577025,41.15831964772848,41.26797103881836,6900,0.0,0.0,0.0
2020-07-24 00:00:00-04:00,41.326647880758486,41.326647880758486,41.100608373222784,41.128501892089844,2100,0.0,0.0,0.0
2020-07-27 00:00:00-04:00,40.975561957090406,41.30067443847656,40.975561957090406,41.30067443847656,9300,0.0,0.0,0.0
2020-07-28 00:00:00-04:00,41.25450382775747,41.302596477467254,41.08906173706055,41.08906173706055,5800,0.0,0.0,0.0
2020-07-29 00:00:00-04:00,41.374740701602526,41.69696551741098,41.374740701602526,41.620018005371094,18100,0.0,0.0,0.0
2020-07-30 00:00:00-04:00,41.19679766547108,41.19679766547108,40.816859462329106,41.112152099609375,3300,0.0,0.0,0.0
2020-07-31 00:00:00-04:00,41.08136957335697,41.11022810012947,40.47539554964708,40.94670867919922,6600,0.0,0.0,0.0
2020-08-03 00:00:00-04:00,41.10060879000788,41.158322176315316,41.042895403700456,41.10157012939453,4300,0.0,0.0,0.0
2020-08-04 00:00:00-04:00,41.21603053703127,41.21603053703127,41.01403919545396,41.1890983581543,5200,0.0,0.0,0.0
2020-08-05 00:00:00-04:00,41.43726113955137,41.59115982055664,41.43726113955137,41.59115982055664,11400,0.0,0.0,0.0
2020-08-06 00:00:00-04:00,41.45169070368444,41.45649740045163,41.34107430105814,41.443031311035156,700,0.0,0.0,0.0
2020-08-07 00:00:00-04:00,41.494973615910155,41.9278148317075,41.494973615910155,41.906654357910156,2900,0.0,0.0,0.0
2020-08-10 00:00:00-04:00,42.09133041209944,42.46646191039784,42.0384310624416,42.41933059692383,12100,0.0,0.0,0.0
2020-08-11 00:00:00-04:00,42.716549221302564,42.918540580436236,42.452999114990234,42.452999114990234,11600,0.0,0.0,0.0
2020-08-12 00:00:00-04:00,42.918539192453665,42.918539192453665,42.68769298069059,42.78483963012695,6100,0.0,0.0,0.0
2020-08-13 00:00:00-04:00,42.831967604702534,42.831967604702534,42.41836419921886,42.503971099853516,2300,0.0,0.0,0.0
2020-08-14 00:00:00-04:00,42.41356054717648,42.67807198272808,42.41356054717648,42.55591583251953,7300,0.0,0.0,0.0
2020-08-17 00:00:00-04:00,42.69730814003843,42.706928872152936,42.538599083257,42.65883255004883,7000,0.0,0.0,0.0
2020-08-18 00:00:00-04:00,42.841589595443345,42.841589595443345,42.408748382888106,42.42317581176758,26500,0.0,0.0,0.0
2020-08-19 00:00:00-04:00,42.59149966299778,42.59149966299778,42.32217788696289,42.32217788696289,4300,0.0,0.0,0.0
2020-08-20 00:00:00-04:00,41.995145102389934,42.22887899100963,41.995145102389934,42.16347122192383,2400,0.0,0.0,0.0
2020-08-21 00:00:00-04:00,42.014386876666784,42.18752337865251,42.00476614364838,42.158668518066406,2200,0.0,0.0,0.0
2020-08-24 00:00:00-04:00,42.2740845642003,42.6299745724742,42.2740845642003,42.61650848388672,12500,0.0,0.0,0.0
2020-08-25 00:00:00-04:00,42.60689662602396,42.60689662602396,42.47127071505466,42.524173736572266,14100,0.0,0.0,0.0
2020-08-26 00:00:00-04:00,42.37027518061126,42.5915043307759,42.33372593667266,42.520328521728516,4300,0.0,0.0,0.0
2020-08-27 00:00:00-04:00,42.68769416431544,42.82235506978344,42.68769416431544,42.709815979003906,2100,0.0,0.0,0.0
2020-08-28 00:00:00-04:00,42.61073886889232,42.98586668915274,42.61073886889232,42.98202133178711,7500,0.0,0.0,0.0
2020-08-31 00:00:00-04:00,42.774258277719234,42.774258277719234,42.63959738527119,42.72616195678711,3800,0.0,0.0,0.0
2020-09-01 00:00:00-04:00,42.47607707302443,42.785797119140625,42.47607707302443,42.785797119140625,3500,0.0,0.0,0.0
2020-09-02 00:00:00-04:00,43.17824245584078,43.68803118618007,43.17824245584078,43.6351318359375,6200,0.0,0.0,0.0
2020-09-03 00:00:00-04:00,43.84193640428066,43.84193640428066,42.50493707039405,42.698272705078125,5100,0.0,0.0,0.0
2020-09-04 00:00:00-04:00,43.02434345483322,43.02434345483322,42.572264444087246,42.89929962158203,31300,0.0,0.0,0.0
2020-09-08 00:00:00-04:00,42.21637504002112,42.21637504002112,41.84124720389131,42.11056900024414,12700,0.0,0.0,0.0
2020-09-09 00:00:00-04:00,42.46646294656521,42.810809578213245,42.46646294656521,42.600162506103516,5800,0.0,0.0,0.0
2020-09-10 00:00:00-04:00,42.56745954767028,42.56745954767028,42.04035568237305,42.04035568237305,30800,0.0,0.0,0.0
2020-09-11 00:00:00-04:00,42.182715108670436,42.35200259201566,42.01919933157621,42.263511657714844,3900,0.0,0.0,0.0
2020-09-14 00:00:00-04:00,42.76464004202802,42.880066815921666,42.740595549392594,42.8127326965332,5500,0.0,0.0,0.0
2020-09-15 00:00:00-04:00,44.81341668842463,44.81341668842463,42.68768993313058,42.73289489746094,23900,0.0,0.0,0.0
2020-09-16 00:00:00-04:00,42.97625347380495,43.28405087538001,42.81273404027382,42.97721481323242,3300,0.0,0.0,0.0
2020-09-17 00:00:00-04:00,42.88006439125268,42.97624969482422,42.29332449945758,42.97624969482422,28700,0.0,0.0,0.0
2020-09-18 00:00:00-04:00,42.9377758439313,43.053198946736586,42.610740661621094,42.610740661621094,5600,0.0,0.0,0.0
2020-09-21 00:00:00-04:00,41.7065884837875,41.72101591374067,41.10061074111293,41.47381591796875,9400,0.0,0.0,0.0
2020-09-22 00:00:00-04:00,41.69504096170388,41.78353188079824,41.53344789138354,41.737361907958984,6100,0.0,0.0,0.0
2020-09-23 00:00:00-04:00,41.823852899716904,41.857863783511945,40.8909797668457,40.8909797668457,5800,0.441,0.0,0.0
2020-09-24 00:00:00-04:00,40.881257481219116,41.2505211280327,40.65775687330533,41.065887451171875,18300,0.0,0.0,0.0
2020-09-25 00:00:00-04:00,41.01730062335331,41.454586029052734,40.92498749269479,41.454586029052734,3600,0.0,0.0,0.0
2020-09-28 00:00:00-04:00,42.01334176162566,42.27085326311171,41.99876619843335,42.02402877807617,6600,0.0,0.0,0.0
2020-09-29 00:00:00-04:00,41.950178300319806,42.03763539108323,41.61978896511183,41.750972747802734,34900,0.0,0.0,0.0
2020-09-30 00:00:00-04:00,42.173682042693336,42.358312028629975,41.92005537098485,42.13481140136719,16100,0.0,0.0,0.0
2020-10-01 00:00:00-04:00,42.018201643686986,42.19797186613943,41.80441683114003,41.9715576171875,3500,0.0,0.0,0.0
2020-10-02 00:00:00-04:00,41.619786848531966,42.37774579199652,41.619786848531966,42.348594665527344,4300,0.0,0.0,0.0
2020-10-05 00:00:00-04:00,42.69841958439252,42.9287223815918,42.69841958439252,42.9287223815918,4600,0.0,0.0,0.0
2020-10-06 00:00:00-04:00,43.05796742428828,43.31061917134271,42.562376029850505,42.63039779663086,14700,0.0,0.0,0.0
2020-10-07 00:00:00-04:00,43.09683397962212,43.33005411147285,43.00937689354163,43.29118347167969,10700,0.0,0.0,0.0
2020-10-08 00:00:00-04:00,43.61185896831727,43.71486282348633,43.514682372669775,43.71486282348633,4300,0.0,0.0,0.0
2020-10-09 00:00:00-04:00,43.845074599525724,44.06857520515367,43.84410338962284,43.874229431152344,9800,0.0,0.0,0.0
2020-10-12 00:00:00-04:00,44.11716920624752,44.28236386994896,44.11716920624752,44.17255783081055,4100,0.0,0.0,0.0
2020-10-13 00:00:00-04:00,43.88394983176087,44.10745046078945,43.707093231310516,43.76734161376953,13800,0.0,0.0,0.0
2020-10-14 00:00:00-04:00,43.971405792236325,43.971405792236325,43.660448080976494,43.72846984863281,1500,0.0,0.0,0.0
2020-10-15 00:00:00-04:00,43.20372880991151,43.8771480398284,43.20372880991151,43.80815505981445,2500,0.0,0.0,0.0
2020-10-16 00:00:00-04:00,43.903384432818335,44.06857909668881,43.87908935546875,43.87908935546875,8800,0.0,0.0,0.0
2020-10-19 00:00:00-04:00,43.98111864443431,43.98111864443431,43.19206619262695,43.19206619262695,3700,0.0,0.0,0.0
2020-10-20 00:00:00-04:00,43.51468408889917,43.867429769995205,43.47970199584961,43.47970199584961,4200,0.0,0.0,0.0
2020-10-21 00:00:00-04:00,43.4077927739233,43.641012911629126,43.4077927739233,43.43500518798828,5400,0.0,0.0,0.0
2020-10-22 00:00:00-04:00,43.25231013663577,43.670160221103494,43.25231013663577,43.59728240966797,6600,0.0,0.0,0.0
2020-10-23 00:00:00-04:00,43.864516219685775,43.864516219685775,43.52440735941693,43.77317428588867,9700,0.0,0.0,0.0
2020-10-26 00:00:00-04:00,43.11626661664123,43.11626661664123,42.70327628853456,42.90053939819336,4600,0.0,0.0,0.0
2020-10-27 00:00:00-04:00,42.85389784339952,42.85389784339952,42.260162353515625,42.260162353515625,1400,0.0,0.0,0.0
2020-10-28 00:00:00-04:00,41.79469813082615,41.79469813082615,41.0581169128418,41.0581169128418,19800,0.0,0.0,0.0
2020-10-29 00:00:00-04:00,40.81323943135312,41.56634235600454,40.79380411060442,41.438072204589844,15200,0.0,0.0,0.0
2020-10-30 00:00:00-04:00,41.33798066150678,41.33798066150678,40.813238138637736,41.09601593017578,9500,0.0,0.0,0.0
2020-11-02 00:00:00-05:00,41.64893709140236,42.34859376708507,41.64893709140236,42.31943893432617,4400,0.0,0.0,0.0
2020-11-03 00:00:00-05:00,42.93163874471419,43.23288063870612,42.910261005187316,43.135704040527344,10500,0.0,0.0,0.0
2020-11-04 00:00:00-05:00,43.03950332930758,43.34074523008947,42.71397005861462,42.766441345214844,6100,0.0,0.0,0.0
2020-11-05 00:00:00-05:00,43.46609494941643,43.77705263466925,43.446659630724625,43.54480743408203,6800,0.0,0.0,0.0
2020-11-06 00:00:00-05:00,43.58270872833314,43.81592887555265,43.48553582935496,43.58173751831055,5300,0.0,0.0,0.0
2020-11-09 00:00:00-05:00,45.487328790689276,46.3424606690653,45.12292486426168,45.12778091430664,121200,0.0,0.0,0.0
2020-11-10 00:00:00-05:00,45.71083202439468,45.85659137912302,45.633090736345984,45.7856559753418,5300,0.0,0.0,0.0
2020-11-11 00:00:00-05:00,45.419301435584174,45.62239550974133,45.37557104219818,45.46788787841797,1800,0.0,0.0,0.0
2020-11-12 00:00:00-05:00,45.341562848340786,45.341562848340786,44.56416859620992,44.83722686767578,2900,0.0,0.0,0.0
2020-11-13 00:00:00-05:00,45.48732756973299,45.675846099853516,45.48732756973299,45.675846099853516,128600,0.0,0.0,0.0
2020-11-16 00:00:00-05:00,46.29387337808124,46.56596045198668,46.255002736978064,46.5280647277832,13000,0.0,0.0,0.0
2020-11-17 00:00:00-05:00,46.28415431798809,46.35217608168326,45.91489066727993,46.19669723510742,7000,0.0,0.0,0.0
2020-11-18 00:00:00-05:00,46.25500213909226,46.40853857462933,45.749698638916016,45.749698638916016,6000,0.0,0.0,0.0
2020-11-19 00:00:00-05:00,45.53591177489314,45.78662109375,45.34156228753717,45.78662109375,4200,0.0,0.0,0.0
2020-11-20 00:00:00-05:00,45.50676258381033,45.652521925342775,45.49704307022984,45.5874137878418,5200,0.0,0.0,0.0
2020-11-23 00:00:00-05:00,46.014985658159354,46.14811556956708,45.90517961495281,46.04219436645508,3000,0.0,0.0,0.0
2020-11-24 00:00:00-05:00,46.565960456011915,46.87692187795578,46.48822288070723,46.85262680053711,6800,0.0,0.0,0.0
2020-11-25 00:00:00-05:00,46.58053900112428,46.58053900112428,46.45421127294978,46.47753143310547,3700,0.0,0.0,0.0
2020-11-27 00:00:00-05:00,46.57567668985438,46.57567668985438,46.41145324707031,46.41145324707031,3700,0.0,0.0,0.0
2020-11-30 00:00:00-05:00,46.09466865330766,46.10924421725475,45.85658875247713,45.965423583984375,4000,0.0,0.0,0.0
2020-12-01 00:00:00-05:00,46.3230233465587,46.66313588734004,46.19669932649629,46.243343353271484,5800,0.0,0.0,0.0
2020-12-02 00:00:00-05:00,46.20641495892615,46.20641495892615,45.96347901938721,46.076202392578125,3700,0.0,0.0,0.0
2020-12-03 00:00:00-05:00,46.22585165373268,46.410481638786436,46.07231521606445,46.07231521606445,10900,0.0,0.0,0.0
2020-12-04 00:00:00-05:00,46.63398669703725,46.77197265625,46.59414484528519,46.77197265625,1000,0.0,0.0,0.0
2020-12-07 00:00:00-05:00,46.461014335046976,46.52709368377642,46.293873543233765,46.370643615722656,4300,0.0,0.0,0.0
2020-12-08 00:00:00-05:00,46.48822158276138,46.711722202521266,46.48822158276138,46.6728515625,50100,0.0,0.0,0.0
2020-12-09 00:00:00-05:00,46.53680534982329,46.857482551172275,46.49793471204013,46.71171951293945,10000,0.0,0.0,0.0
2020-12-10 00:00:00-05:00,46.614549479755354,46.614549479755354,46.31330757885189,46.489192962646484,3300,0.0,0.0,0.0
2020-12-11 00:00:00-05:00,46.40173927432462,46.40173927432462,46.177267427339046,46.36481475830078,2000,0.0,0.0,0.0
2020-12-14 00:00:00-05:00,46.731157675208266,47.71261724404804,46.002349853515625,46.002349853515625,51300,0.0,0.0,0.0
2020-12-15 00:00:00-05:00,46.26471824552325,46.55624061474288,46.16171439173453,46.46586990356445,5500,0.0,0.0,0.0
2020-12-16 00:00:00-05:00,46.74087273108978,46.74087273108978,46.32302262347773,46.38132858276367,7900,0.0,0.0,0.0
2020-12-17 00:00:00-05:00,46.51251474823747,46.6631338384954,46.48821967249544,46.604827880859375,6900,0.0,0.0,0.0
2020-12-18 00:00:00-05:00,46.55624447759473,46.55624447759473,46.255977487388165,46.5232048034668,7600,0.0,0.0,0.0
2020-12-21 00:00:00-05:00,45.885741821504546,46.22585065687662,45.4484563853774,46.143253326416016,10700,0.0,0.0,0.0
2020-12-22 00:00:00-05:00,46.15782678304815,46.15782678304815,45.92460665878897,45.934326171875,5200,0.0,0.0,0.0
2020-12-23 00:00:00-05:00,46.177263874532414,46.21418838771533,46.1335334777832,46.1335334777832,3300,0.0,0.0,0.0
2020-12-24 00:00:00-05:00,46.1286783156599,46.188926696777344,46.002350586619,46.188926696777344,2200,0.0,0.0,0.0
2020-12-28 00:00:00-05:00,46.507654994098964,46.67284964704736,46.313305508877,46.390071868896484,10300,0.0,0.0,0.0
2020-12-29 00:00:00-05:00,46.64814068858002,46.64814068858002,45.99070808040398,46.13200759887695,14000,0.462,0.0,0.0
2020-12-30 00:00:00-05:00,46.2654604224149,46.481330644073566,46.2654604224149,46.42245864868164,16100,0.0,0.0,0.0
2020-12-31 00:00:00-05:00,46.42245580581656,46.73645223912122,46.25564309511129,46.706031799316406,23000,0.0,0.0,0.0
2021-01-04 00:00:00-05:00,46.90326282644902,46.90326282644902,45.80918251912625,46.02014923095703,5600,0.0,0.0,0.0
2021-01-05 00:00:00-05:00,46.08883843658227,46.481332143342655,45.96912555399351,46.33414840698242,12100,0.0,0.0,0.0
2021-01-06 00:00:00-05:00,46.657952243307825,47.609756057349585,46.657952243307825,47.384071350097656,21800,0.0,0.0,0.0
2021-01-07 00:00:00-05:00,47.58032356466021,47.62447756268298,47.41841808564385,47.599945068359375,11100,0.0,0.0,0.0
2021-01-08 00:00:00-05:00,47.580324710195384,47.580324710195384,47.15152260157605,47.560699462890625,6900,0.0,0.0,0.0
2021-01-11 00:00:00-05:00,47.44981521124946,47.61957003938892,47.42234061447004,47.45766830444336,17500,0.0,0.0,0.0
2021-01-12 00:00:00-05:00,47.80600524617068,47.896278381347656,47.413507820770015,47.896278381347656,27200,0.0,0.0,0.0
2021-01-13 00:00:00-05:00,48.17887319296471,48.17887319296471,47.60975604936676,47.658817291259766,10500,0.0,0.0,0.0
2021-01-14 00:00:00-05:00,47.8746923236857,47.8746923236857,47.59013187392272,47.61956787109375,8500,0.0,0.0,0.0
2021-01-15 00:00:00-05:00,47.12895226485155,47.40370198839459,46.991579274646654,47.319313049316406,6200,0.0,0.0,0.0
2021-01-19 00:00:00-05:00,48.02187733169748,48.02187733169748,47.4370614603215,47.47238540649414,26100,0.0,0.0,0.0
2021-01-20 00:00:00-05:00,47.56069821770525,47.6539134610459,47.32519899934694,47.64802551269531,9800,0.0,0.0,0.0
2021-01-21 00:00:00-05:00,47.52144720016346,47.52144720016346,47.22511084296046,47.31538772583008,24600,0.0,0.0,0.0
2021-01-22 00:00:00-05:00,46.922888076807205,47.20744852407408,46.922888076807205,47.190765380859375,21000,0.0,0.0,0.0
2021-01-25 00:00:00-05:00,47.18782317821127,47.227073669433594,46.844390737848066,47.227073669433594,12600,0.0,0.0,0.0
2021-01-26 00:00:00-05:00,47.59013160653876,47.59013160653876,47.16819818150439,47.214317321777344,15300,0.0,0.0,0.0
2021-01-27 00:00:00-05:00,46.80513888126878,46.86989882107692,46.147706273437855,46.466609954833984,10900,0.0,0.0,0.0
2021-01-28 00:00:00-05:00,46.81985797834263,47.271227395429584,46.78453403369691,46.833595275878906,2400,0.0,0.0,0.0
2021-01-29 00:00:00-05:00,46.78551600543968,46.78551600543968,45.725775178482756,45.8140869140625,30800,0.0,0.0,0.0
2021-02-01 00:00:00-05:00,46.118275383823374,46.206587124709216,45.86315465633827,46.1997184753418,32000,0.0,0.0,0.0
2021-02-02 00:00:00-05:00,46.42246054092005,46.74626775817333,46.42246054092005,46.55983352661133,12600,0.0,0.0,0.0
2021-02-03 00:00:00-05:00,46.51077096220488,46.62361145019531,46.51077096220488,46.62361145019531,8500,0.0,0.0,0.0
2021-02-04 00:00:00-05:00,46.59908557374966,46.98176854468284,46.56964583073947,46.90130615234375,8300,0.0,0.0,0.0
2021-02-05 00:00:00-05:00,47.756942672792164,47.756942672792164,47.187825494661915,47.31538772583008,13200,0.0,0.0,0.0
2021-02-08 00:00:00-05:00,47.498880049804136,47.63723373413086,47.498880049804136,47.63723373413086,3100,0.0,0.0,0.0
2021-02-09 00:00:00-05:00,47.69316160715423,47.70297610163318,47.61956787109375,47.61956787109375,10900,0.0,0.0,0.0
2021-02-10 00:00:00-05:00,48.0513147685129,48.0513147685129,47.53125512307075,47.74222183227539,12500,0.0,0.0,0.0
2021-02-11 00:00:00-05:00,47.717693523372496,47.89431699052933,47.50181956504016,47.62153244018555,16100,0.0,0.0,0.0
2021-02-12 00:00:00-05:00,47.668634652206045,47.796193140172385,47.5901336659501,47.793251037597656,7100,0.0,0.0,0.0
2021-02-16 00:00:00-05:00,47.609761654161346,47.943383378694904,47.59504365417407,47.62938690185547,13800,0.0,0.0,0.0
2021-02-17 00:00:00-05:00,47.511630793104224,47.67844351070779,47.492009290452415,47.66764831542969,14500,0.0,0.0,0.0
2021-02-18 00:00:00-05:00,47.46257006813327,47.66863327955487,47.423323319268476,47.57050704956055,10900,0.0,0.0,0.0
2021-02-19 00:00:00-05:00,47.72750657332895,47.776567818094854,47.566585540771484,47.566585540771484,12500,0.0,0.0,0.0
2021-02-22 00:00:00-05:00,47.55579121317048,47.933566922210204,47.49201196812388,47.82661437988281,14100,0.0,0.0,0.0
2021-02-23 00:00:00-05:00,47.6097605464125,48.007161509355576,47.6097605464125,47.943382263183594,12900,0.0,0.0,0.0
2021-02-24 00:00:00-05:00,47.94337789978083,48.404561810055974,47.923752654329455,48.3751220703125,6900,0.0,0.0,0.0
2021-02-25 00:00:00-05:00,48.37512254026509,48.44380902844575,47.570506184606366,47.728485107421875,13900,0.0,0.0,0.0
2021-02-26 00:00:00-05:00,48.18869247015137,48.18869247015137,47.23786926269531,47.23786926269531,33300,0.0,0.0,0.0
2021-03-01 00:00:00-05:00,47.91394367122869,48.27700136764407,47.90412917657442,47.92768096923828,12500,0.0,0.0,0.0
2021-03-02 00:00:00-05:00,47.977725011612684,48.18869173830751,47.81778093269872,47.98066711425781,20400,0.0,0.0,0.0
2021-03-03 00:00:00-05:00,47.95318907080636,48.247560268888705,47.78638009770841,47.84819793701172,14600,0.0,0.0,0.0
2021-03-04 00:00:00-05:00,47.79128822061604,47.89922145882212,46.61576106523609,47.02101135253906,24900,0.0,0.0,0.0
2021-03-05 00:00:00-05:00,47.69807128961119,48.453626448349944,47.19763685335664,48.42418670654297,27500,0.0,0.0,0.0
2021-03-08 00:00:00-05:00,48.51249739828062,49.40052201814499,48.51249739828062,49.01293182373047,14300,0.0,0.0,0.0
2021-03-09 00:00:00-05:00,51.367903957425575,51.367903957425575,48.09547000016423,48.81373977661133,19000,0.0,0.0,0.0
2021-03-10 00:00:00-05:00,48.93443145906977,49.699801105975844,48.93443145906977,49.500606536865234,10400,0.0,0.0,0.0
2021-03-11 00:00:00-05:00,49.90586289643454,49.90586289643454,49.39169114243692,49.44565963745117,17800,0.0,0.0,0.0
2021-03-12 00:00:00-05:00,49.699799659934925,49.86366653442383,49.68998516532782,49.86366653442383,7700,0.0,0.0,0.0
2021-03-15 00:00:00-04:00,49.69489022089201,50.14527893066406,49.67035772858918,50.14527893066406,9200,0.0,0.0,0.0
2021-03-16 00:00:00-04:00,51.64265462135449,51.64265462135449,49.756710751468646,49.83815383911133,23900,0.0,0.0,0.0
2021-03-17 00:00:00-04:00,49.85188859745063,50.02360481471621,49.663489237289085,49.90585708618164,34400,0.0,0.0,0.0
2021-03-18 00:00:00-04:00,49.85091106117296,50.12173422281373,49.68017553386313,49.70470428466797,12700,0.0,0.0,0.0
2021-03-19 00:00:00-04:00,49.45448951820346,49.846983208997905,49.45448951820346,49.493736267089844,20600,0.0,0.0,0.0
2021-03-22 00:00:00-04:00,49.26805432871891,49.69980227899275,49.20918233050568,49.61639404296875,21000,0.0,0.0,0.0
2021-03-23 00:00:00-04:00,49.53298903341232,49.65073677174374,49.179742075284956,49.295528411865234,27200,0.0,0.0,0.0
2021-03-24 00:00:00-04:00,49.98435422396203,50.043229959677696,49.48784637451172,49.48784637451172,44700,0.0,0.0,0.0
2021-03-25 00:00:00-04:00,49.88015341341362,50.13772931879635,49.17677974250712,50.02875518798828,35600,0.48,0.0,0.0
2021-03-26 00:00:00-04:00,50.51418346879529,51.009517669677734,50.31010450825411,51.009517669677734,28200,0.0,0.0,0.0
2021-03-29 00:00:00-04:00,51.802051923722736,51.802051923722736,50.64296792207159,50.98970413208008,34100,0.0,0.0,0.0
2021-03-30 00:00:00-04:00,50.851011357716374,51.029328194949265,50.71132448149216,50.71231460571289,23700,0.0,0.0,0.0
2021-03-31 00:00:00-04:00,50.63306248681127,50.95007607222127,50.57362102238438,50.62315368652344,37600,0.0,0.0,0.0
2021-04-01 00:00:00-04:00,51.08877131770375,51.08877131770375,49.84053074197303,50.63999938964844,63800,0.0,0.0,0.0
2021-04-05 00:00:00-04:00,51.25718542975172,51.41569222490993,50.979795703899775,51.2918586730957,23600,0.0,0.0,0.0
2021-04-06 00:00:00-04:00,51.39587986697459,51.4057848885978,51.20765044423179,51.25718688964844,18700,0.0,0.0,0.0
2021-04-07 00:00:00-04:00,50.96988914095835,51.23737005827906,50.94016651963384,51.06895446777344,33500,0.0,0.0,0.0
2021-04-08 00:00:00-04:00,51.366155790318224,51.366155790318224,50.85101154028468,50.9233283996582,37200,0.0,0.0,0.0
2021-04-09 00:00:00-04:00,51.177928686952576,51.32653045654297,50.955029811666975,51.32653045654297,52400,0.0,0.0,0.0
2021-04-12 00:00:00-04:00,52.19831678356272,52.24785322698323,51.34436110406563,51.5157470703125,42600,0.0,0.0,0.0
2021-04-13 00:00:00-04:00,51.63363775323706,51.63363775323706,51.13434303896004,51.2591667175293,31200,0.0,0.0,0.0
2021-04-14 00:00:00-04:00,52.19831591556664,52.19831591556664,51.2968078351649,51.32653045654297,23700,0.0,0.0,0.0
2021-04-15 00:00:00-04:00,51.47513140897487,51.7029846974511,51.45531758661604,51.69902420043945,29400,0.0,0.0,0.0
2021-04-16 00:00:00-04:00,51.98037305117568,52.158693668570116,51.92885635859057,52.0556640625,8900,0.0,0.0,0.0
2021-04-19 00:00:00-04:00,51.94074372390275,52.039809050755174,51.844648769633906,51.99919128417969,44700,0.0,0.0,0.0
2021-04-20 00:00:00-04:00,52.09925178216341,52.09925178216341,51.85653908009856,52.05764389038086,32500,0.0,0.0,0.0
2021-04-21 00:00:00-04:00,52.30728983022515,52.70355869478972,52.109155397942864,52.65402603149414,24200,0.0,0.0,0.0
2021-04-22 00:00:00-04:00,52.53514357537856,52.7035591670125,52.25775763515797,52.29243087768555,41000,0.0,0.0,0.0
2021-04-23 00:00:00-04:00,52.48561162400416,52.74318752550496,52.24785332318808,52.58368682861328,78300,0.0,0.0,0.0
2021-04-26 00:00:00-04:00,52.941318697807354,52.941318697807354,52.32215093889217,52.4063606262207,24200,0.0,0.0,0.0
2021-04-27 00:00:00-04:00,53.832920579876074,53.832920579876074,52.12896973608883,52.48561096191406,31100,0.0,0.0,0.0
2021-04-28 00:00:00-04:00,52.69364980107013,52.69364980107013,52.39645004272461,52.39645004272461,242800,0.0,0.0,0.0
2021-04-29 00:00:00-04:00,52.85215735388756,53.04038676753407,52.7431870048975,53.00075912475586,57200,0.0,0.0,0.0
2021-04-30 00:00:00-04:00,52.683747093159305,52.77290740248756,52.530194696744026,52.670867919921875,19400,0.0,0.0,0.0
2021-05-03 00:00:00-04:00,52.733279742151815,53.515908703889906,52.733279742151815,53.288055419921875,37900,0.0,0.0,0.0
2021-05-04 00:00:00-04:00,53.13945312702979,53.58525466918945,53.119639305256015,53.58525466918945,31800,0.0,0.0,0.0
2021-05-05 00:00:00-04:00,53.65460237488675,53.84282801736396,53.400000616914326,53.76357650756836,34800,0.0,0.0,0.0
2021-05-06 00:00:00-04:00,53.971613702474436,54.05086898803711,53.575348611961125,54.05086898803711,32700,0.0,0.0,0.0
2021-05-07 00:00:00-04:00,54.447136815256805,54.447136815256805,53.88642038020736,54.387699127197266,55300,0.0,0.0,0.0
2021-05-10 00:00:00-04:00,54.635363928970676,55.18320116735703,54.585827485548,54.67498779296875,65200,0.0,0.0,0.0
2021-05-11 00:00:00-04:00,54.49666669710325,54.49666669710325,53.63776040408801,53.922080993652344,37200,0.0,0.0,0.0
2021-05-12 00:00:00-04:00,54.229189551122076,54.229189551122076,52.871971130371094,52.871971130371094,61400,0.0,0.0,0.0
2021-05-13 00:00:00-04:00,53.27814646559741,53.98152391653807,52.9215052294247,53.82301712036133,73600,0.0,0.0,0.0
2021-05-14 00:00:00-04:00,54.34807083387412,54.34807083387412,53.951801949071694,54.16975021362305,31600,0.0,0.0,0.0
2021-05-17 00:00:00-04:00,53.69422977961766,54.199469017222015,53.69422977961766,54.04096221923828,22900,0.0,0.0,0.0
2021-05-18 00:00:00-04:00,53.842827937908496,53.92208322668732,53.50600051879883,53.50600051879883,24500,0.0,0.0,0.0
2021-05-19 00:00:00-04:00,53.2682407028647,53.36730603193394,52.614399705347545,53.21870803833008,39900,0.0,0.0,0.0
2021-05-20 00:00:00-04:00,53.446562304037926,53.870566001701086,53.28310110686935,53.674415588378906,25400,0.0,0.0,0.0
2021-05-21 00:00:00-04:00,54.02114716784872,54.050869789925684,53.664505935725664,53.733856201171875,18300,0.0,0.0,0.0
2021-05-24 00:00:00-04:00,54.278724874639515,54.278724874639515,53.71404416471048,53.87255096435547,53600,0.0,0.0,0.0
2021-05-25 00:00:00-04:00,54.060774195319,54.060774195319,53.63478648170296,53.64469528198242,88800,0.0,0.0,0.0
2021-05-26 00:00:00-04:00,53.9716145031872,53.9716145031872,53.51095354154493,53.733856201171875,32500,0.0,0.0,0.0
2021-05-27 00:00:00-04:00,54.19946636463701,54.19946636463701,53.847779541919444,53.961708068847656,24500,0.0,0.0,0.0
2021-05-28 00:00:00-04:00,53.96170924839461,54.09842197205688,53.92802612958651,54.0112419128418,26900,0.0,0.0,0.0
2021-06-01 00:00:00-04:00,54.457043067414105,54.457043067414105,53.99142771087073,54.07761764526367,24100,0.0,0.0,0.0
2021-06-02 00:00:00-04:00,54.3876976220218,54.3876976220218,53.90424868318908,54.229190826416016,36100,0.0,0.0,0.0
2021-06-03 00:00:00-04:00,54.13012111469034,54.26881408691406,53.931986677613565,54.26881408691406,19400,0.0,0.0,0.0
2021-06-04 00:00:00-04:00,54.48676328484986,54.49666830627941,54.218292232817454,54.466949462890625,17500,0.0,0.0,0.0
2021-06-07 00:00:00-04:00,54.43227556591446,54.43227556591446,54.08058873333447,54.249000549316406,28400,0.0,0.0,0.0
2021-06-08 00:00:00-04:00,54.367885266311426,54.367885266311426,53.991430199433374,54.2589111328125,19600,0.0,0.0,0.0
2021-06-09 00:00:00-04:00,54.42732258980709,54.42732258980709,54.021148681640625,54.021148681640625,60800,0.0,0.0,0.0
2021-06-10 00:00:00-04:00,54.278721660097474,54.278721660097474,53.99142692178655,54.090492248535156,41500,0.0,0.0,0.0
2021-06-11 00:00:00-04:00,54.17965410615362,54.18956290657229,53.97161464656254,54.12913131713867,29300,0.0,0.0,0.0
2021-06-14 00:00:00-04:00,55.675563871193525,55.675563871193525,53.57534795772956,53.83292007446289,35600,0.0,0.0,0.0
2021-06-15 00:00:00-04:00,53.93198719403167,54.10040278984458,53.7090883121235,53.971614837646484,33400,0.0,0.0,0.0
2021-06-16 00:00:00-04:00,54.03105588137968,54.03105588137968,53.38711990451492,53.476280212402344,34400,0.0,0.0,0.0
2021-06-17 00:00:00-04:00,53.46637742756273,53.48619125004429,52.57972871178917,52.93141555786133,25100,0.0,0.0,0.0
2021-06-18 00:00:00-04:00,52.6540290779047,52.6540290779047,51.92093276977539,51.92093276977539,54400,0.0,0.0,0.0
2021-06-21 00:00:00-04:00,52.11906569614201,52.97005100985417,52.11906569614201,52.94131851196289,20200,0.0,0.0,0.0
2021-06-22 00:00:00-04:00,53.05029475144814,53.18898772981764,52.71346732722211,53.060203552246094,24900,0.0,0.0,0.0
2021-06-23 00:00:00-04:00,53.297958510001884,53.297958510001884,52.762996673583984,52.762996673583984,84100,0.0,0.0,0.0
2021-06-24 00:00:00-04:00,52.83000183105469,53.130001068115234,52.83000183105469,53.060001373291016,31800,0.497,0.0,0.0
2021-06-25 00:00:00-04:00,53.150001525878906,53.43000030517578,53.08000183105469,53.40999984741211,13700,0.0,0.0,0.0
2021-06-28 00:00:00-04:00,53.22999954223633,53.29999923706055,53.09400177001953,53.25,31900,0.0,0.0,0.0
2021-06-29 00:00:00-04:00,53.4900016784668,53.5,53.11600112915039,53.18000030517578,37800,0.0,0.0,0.0
2021-06-30 00:00:00-04:00,53.18000030517578,53.349998474121094,53.125,53.34000015258789,31400,0.0,0.0,0.0
2021-07-01 00:00:00-04:00,53.75,54.45000076293945,53.380001068115234,53.599998474121094,67200,0.0,0.0,0.0
2021-07-02 00:00:00-04:00,53.4900016784668,53.939998626708984,53.4900016784668,53.689998626708984,36200,0.0,0.0,0.0
2021-07-06 00:00:00-04:00,53.75,53.75,52.91999816894531,53.36000061035156,60700,0.0,0.0,0.0
2021-07-07 00:00:00-04:00,53.45000076293945,53.8380012512207,53.35499954223633,53.77000045776367,43600,0.0,0.0,0.0
2021-07-08 00:00:00-04:00,53.369998931884766,53.5260009765625,52.970001220703125,53.25,83300,0.0,0.0,0.0
2021-07-09 00:00:00-04:00,53.54999923706055,53.900001525878906,53.54999923706055,53.900001525878906,41000,0.0,0.0,0.0
2021-07-12 00:00:00-04:00,53.540000915527344,54.150001525878906,53.540000915527344,54.09000015258789,39800,0.0,0.0,0.0
2021-07-13 00:00:00-04:00,54.040000915527344,54.040000915527344,53.56999969482422,53.66999816894531,23400,0.0,0.0,0.0
2021-07-14 00:00:00-04:00,54.09000015258789,54.09000015258789,53.551998138427734,53.75,23300,0.0,0.0,0.0
2021-07-15 00:00:00-04:00,53.599998474121094,53.93000030517578,53.599998474121094,53.84000015258789,44800,0.0,0.0,0.0
2021-07-16 00:00:00-04:00,54.16999816894531,54.16999816894531,53.54999923706055,53.599998474121094,24400,0.0,0.0,0.0
2021-07-19 00:00:00-04:00,53.25,53.250999450683594,52.33000183105469,52.79999923706055,67300,0.0,0.0,0.0
2021-07-20 00:00:00-04:00,53.029998779296875,53.75,52.97999954223633,53.56999969482422,17200,0.0,0.0,0.0
2021-07-21 00:00:00-04:00,53.61000061035156,54.02000045776367,53.61000061035156,53.81999969482422,24300,0.0,0.0,0.0
2021-07-22 00:00:00-04:00,54.29999923706055,54.29999923706055,53.43899917602539,53.560001373291016,41700,0.0,0.0,0.0
2021-07-23 00:00:00-04:00,54.02000045776367,54.09000015258789,53.599998474121094,54.04999923706055,30000,0.0,0.0,0.0
2021-07-26 00:00:00-04:00,54.150001525878906,54.16999816894531,53.88999938964844,54.16999816894531,55800,0.0,0.0,0.0
2021-07-27 00:00:00-04:00,54.189998626708984,54.29999923706055,53.689998626708984,54.2599983215332,45200,0.0,0.0,0.0
2021-07-28 00:00:00-04:00,54.38999938964844,54.38999938964844,53.869998931884766,54.0099983215332,62400,0.0,0.0,0.0
2021-07-29 00:00:00-04:00,54.41699981689453,54.630001068115234,54.27000045776367,54.599998474121094,30600,0.0,0.0,0.0
2021-07-30 00:00:00-04:00,54.4900016784668,54.70000076293945,54.35599899291992,54.43000030517578,36000,0.0,0.0,0.0
2021-08-02 00:00:00-04:00,54.61800003051758,54.85200119018555,54.2599983215332,54.2599983215332,34900,0.0,0.0,0.0
2021-08-03 00:00:00-04:00,54.5,54.77399826049805,54.06999969482422,54.75,35500,0.0,0.0,0.0
2021-08-04 00:00:00-04:00,54.68000030517578,54.68000030517578,54.18000030517578,54.2400016784668,66000,0.0,0.0,0.0
2021-08-05 00:00:00-04:00,54.4900016784668,54.5099983215332,54.15999984741211,54.349998474121094,28400,0.0,0.0,0.0
2021-08-06 00:00:00-04:00,54.56999969482422,54.650001525878906,54.470001220703125,54.58000183105469,21500,0.0,0.0,0.0
2021-08-09 00:00:00-04:00,54.36000061035156,54.53300094604492,54.31399917602539,54.5,24800,0.0,0.0,0.0
2021-08-10 00:00:00-04:00,54.58000183105469,55.08000183105469,54.45000076293945,54.959999084472656,80100,0.0,0.0,0.0
2021-08-11 00:00:00-04:00,55.2400016784668,55.400001525878906,55.09000015258789,55.400001525878906,30700,0.0,0.0,0.0
2021-08-12 00:00:00-04:00,55.58000183105469,55.58000183105469,55.095001220703125,55.369998931884766,19300,0.0,0.0,0.0
2021-08-13 00:00:00-04:00,55.29999923706055,55.540000915527344,55.29999923706055,55.540000915527344,14800,0.0,0.0,0.0
2021-08-16 00:00:00-04:00,55.21500015258789,55.7599983215332,55.18000030517578,55.7599983215332,47500,0.0,0.0,0.0
2021-08-17 00:00:00-04:00,55.7599983215332,56.7599983215332,54.959999084472656,55.349998474121094,56000,0.0,0.0,0.0
2021-08-18 00:00:00-04:00,55.34000015258789,55.349998474121094,54.709999084472656,54.709999084472656,35900,0.0,0.0,0.0
2021-08-19 00:00:00-04:00,54.459999084472656,54.7599983215332,54.400001525878906,54.63999938964844,39000,0.0,0.0,0.0
2021-08-20 00:00:00-04:00,54.4900016784668,55.09000015258789,54.4900016784668,55.0099983215332,22600,0.0,0.0,0.0
2021-08-23 00:00:00-04:00,55.41999816894531,55.630001068115234,55.099998474121094,55.099998474121094,57500,0.0,0.0,0.0
2021-08-24 00:00:00-04:00,55.279998779296875,55.279998779296875,55.07099914550781,55.099998474121094,23700,0.0,0.0,0.0
2021-08-25 00:00:00-04:00,55.060001373291016,55.43000030517578,54.959999084472656,55.29999923706055,24900,0.0,0.0,0.0
2021-08-26 00:00:00-04:00,55.154998779296875,55.154998779296875,54.91999816894531,54.91999816894531,21800,0.0,0.0,0.0
2021-08-27 00:00:00-04:00,55.095001220703125,55.33000183105469,55.060001373291016,55.290000915527344,18800,0.0,0.0,0.0
2021-08-30 00:00:00-04:00,55.5099983215332,55.540000915527344,55.2599983215332,55.380001068115234,24400,0.0,0.0,0.0
2021-08-31 00:00:00-04:00,55.47999954223633,55.47999954223633,55.25,55.400001525878906,20300,0.0,0.0,0.0
2021-09-01 00:00:00-04:00,55.560001373291016,55.560001373291016,55.064998626708984,55.33000183105469,53700,0.0,0.0,0.0
2021-09-02 00:00:00-04:00,55.380001068115234,55.97999954223633,55.380001068115234,55.619998931884766,113100,0.0,0.0,0.0
2021-09-03 00:00:00-04:00,55.48899841308594,55.560001373291016,55.30500030517578,55.380001068115234,26700,0.0,0.0,0.0
2021-09-07 00:00:00-04:00,55.470001220703125,56.78499984741211,54.68000030517578,54.70000076293945,38900,0.0,0.0,0.0
2021-09-08 00:00:00-04:00,54.7400016784668,55.09000015258789,54.58000183105469,55.02000045776367,24400,0.0,0.0,0.0
2021-09-09 00:00:00-04:00,55.119998931884766,55.18199920654297,54.63999938964844,54.650001525878906,41100,0.0,0.0,0.0
2021-09-10 00:00:00-04:00,54.95000076293945,54.95000076293945,54.33000183105469,54.36000061035156,18400,0.0,0.0,0.0
2021-09-13 00:00:00-04:00,54.54999923706055,54.83599853515625,54.172000885009766,54.433998107910156,13800,0.0,0.0,0.0
2021-09-14 00:00:00-04:00,54.790000915527344,54.790000915527344,53.974998474121094,54.04199981689453,35100,0.0,0.0,0.0
2021-09-15 00:00:00-04:00,54.095001220703125,54.6349983215332,54.095001220703125,54.369998931884766,113800,0.0,0.0,0.0
2021-09-16 00:00:00-04:00,54.58000183105469,54.58000183105469,54.04999923706055,54.220001220703125,18300,0.0,0.0,0.0
2021-09-17 00:00:00-04:00,54.38999938964844,54.38999938964844,53.72999954223633,53.75,16800,0.0,0.0,0.0
2021-09-20 00:00:00-04:00,52.720001220703125,53.229000091552734,52.45000076293945,53.02000045776367,46800,0.0,0.0,0.0
2021-09-21 00:00:00-04:00,53.599998474121094,53.599998474121094,52.81999969482422,52.81999969482422,24900,0.0,0.0,0.0
2021-09-22 00:00:00-04:00,52.970001220703125,54.939998626708984,52.970001220703125,53.13999938964844,28600,0.0,0.0,0.0
2021-09-23 00:00:00-04:00,52.97999954223633,53.856998443603516,52.97999954223633,53.13999938964844,85400,0.0,0.0,0.0
2021-09-24 00:00:00-04:00,52.939998626708984,53.37900161743164,52.939998626708984,53.18000030517578,11200,0.0,0.0,0.0
2021-09-27 00:00:00-04:00,53.400001525878906,53.560001373291016,53.15999984741211,53.18000030517578,27200,0.0,0.0,0.0
2021-09-28 00:00:00-04:00,52.810001373291016,53.09299850463867,52.32099914550781,52.47999954223633,46100,0.0,0.0,0.0
2021-09-29 00:00:00-04:00,52.77000045776367,52.97999954223633,52.459999084472656,52.7599983215332,38600,0.0,0.0,0.0
2021-09-30 00:00:00-04:00,53.099998474121094,53.099998474121094,51.83000183105469,51.83000183105469,24100,0.0,0.0,0.0
2021-10-01 00:00:00-04:00,52.13999938964844,52.470001220703125,51.5099983215332,52.18000030517578,31800,0.0,0.0,0.0
2021-10-04 00:00:00-04:00,51.88999938964844,52.51599884033203,51.790000915527344,52.060001373291016,19000,0.0,0.0,0.0
2021-10-05 00:00:00-04:00,52.060001373291016,52.650001525878906,52.060001373291016,52.380001068115234,14700,0.0,0.0,0.0
2021-10-06 00:00:00-04:00,52.13999938964844,52.58000183105469,51.72999954223633,52.56999969482422,30400,0.0,0.0,0.0
2021-10-07 00:00:00-04:00,53.09000015258789,53.38999938964844,52.83000183105469,52.83000183105469,33700,0.0,0.0,0.0
2021-10-08 00:00:00-04:00,53.130001068115234,53.130001068115234,52.77000045776367,52.81999969482422,37500,0.0,0.0,0.0
2021-10-11 00:00:00-04:00,52.88999938964844,53.209999084472656,52.63999938964844,52.63999938964844,28600,0.0,0.0,0.0
2021-10-12 00:00:00-04:00,52.83000183105469,52.880001068115234,52.39400100708008,52.630001068115234,54300,0.0,0.0,0.0
2021-10-13 00:00:00-04:00,52.79999923706055,52.79999923706055,52.14400100708008,52.72999954223633,44200,0.0,0.0,0.0
2021-10-14 00:00:00-04:00,53.189998626708984,53.689998626708984,52.99800109863281,53.619998931884766,40300,0.0,0.0,0.0
2021-10-15 00:00:00-04:00,53.90999984741211,54.130001068115234,53.7599983215332,53.81999969482422,52300,0.0,0.0,0.0
2021-10-18 00:00:00-04:00,53.720001220703125,53.810001373291016,53.34000015258789,53.5099983215332,62400,0.0,0.0,0.0
2021-10-19 00:00:00-04:00,53.81999969482422,53.96900177001953,53.709999084472656,53.959999084472656,32000,0.0,0.0,0.0
2021-10-20 00:00:00-04:00,54.380001068115234,54.43000030517578,54.02000045776367,54.38999938964844,39300,0.0,0.0,0.0
2021-10-21 00:00:00-04:00,54.099998474121094,54.369998931884766,54.09000015258789,54.369998931884766,17400,0.0,0.0,0.0
2021-10-22 00:00:00-04:00,54.439998626708984,54.630001068115234,54.374000549316406,54.540000915527344,36300,0.0,0.0,0.0
2021-10-25 00:00:00-04:00,54.27000045776367,54.79999923706055,54.27000045776367,54.709999084472656,36000,0.0,0.0,0.0
2021-10-26 00:00:00-04:00,54.90999984741211,54.90999984741211,54.59000015258789,54.790000915527344,29100,0.0,0.0,0.0
2021-10-27 00:00:00-04:00,54.61000061035156,54.7599983215332,54.189998626708984,54.2599983215332,24600,0.0,0.0,0.0
2021-10-28 00:00:00-04:00,54.15999984741211,54.84000015258789,54.15999984741211,54.84000015258789,25900,0.0,0.0,0.0
2021-10-29 00:00:00-04:00,54.75,55.0,54.667999267578125,54.849998474121094,17800,0.0,0.0,0.0
2021-11-01 00:00:00-04:00,55.13999938964844,55.13999938964844,54.82099914550781,55.064998626708984,33100,0.0,0.0,0.0
2021-11-02 00:00:00-04:00,55.13999938964844,55.47999954223633,55.029998779296875,55.40999984741211,29300,0.0,0.0,0.0
2021-11-03 00:00:00-04:00,55.369998931884766,55.75,55.29999923706055,55.7400016784668,46200,0.0,0.0,0.0
2021-11-04 00:00:00-04:00,55.849998474121094,55.90999984741211,55.4630012512207,55.599998474121094,19100,0.0,0.0,0.0
2021-11-05 00:00:00-04:00,55.7599983215332,56.209999084472656,55.65999984741211,55.91999816894531,24000,0.0,0.0,0.0
2021-11-08 00:00:00-05:00,56.08000183105469,56.09000015258789,55.67100143432617,55.90999984741211,32000,0.0,0.0,0.0
2021-11-09 00:00:00-05:00,56.0099983215332,56.0099983215332,55.72800064086914,55.900001525878906,20300,0.0,0.0,0.0
2021-11-10 00:00:00-05:00,55.779998779296875,55.9900016784668,55.650001525878906,55.869998931884766,45000,0.0,0.0,0.0
2021-11-11 00:00:00-05:00,56.0099983215332,56.0099983215332,55.779998779296875,55.91999816894531,30900,0.0,0.0,0.0
2021-11-12 00:00:00-05:00,55.81999969482422,56.27000045776367,55.81999969482422,56.2400016784668,24400,0.0,0.0,0.0
2021-11-15 00:00:00-05:00,56.54999923706055,56.630001068115234,56.09000015258789,56.279998779296875,158000,0.0,0.0,0.0
2021-11-16 00:00:00-05:00,56.43000030517578,56.58000183105469,56.31999969482422,56.380001068115234,39400,0.0,0.0,0.0
2021-11-17 00:00:00-05:00,56.43000030517578,56.43000030517578,56.02000045776367,56.189998626708984,40800,0.0,0.0,0.0
2021-11-18 00:00:00-05:00,56.38999938964844,56.38999938964844,55.79999923706055,55.970001220703125,39500,0.0,0.0,0.0
2021-11-19 00:00:00-05:00,55.95000076293945,56.0,55.84000015258789,55.93000030517578,28700,0.0,0.0,0.0
2021-11-22 00:00:00-05:00,56.11000061035156,56.448001861572266,55.91999816894531,56.02000045776367,34500,0.0,0.0,0.0
2021-11-23 00:00:00-05:00,56.209999084472656,57.05500030517578,55.869998931884766,56.2400016784668,28200,0.0,0.0,0.0
2021-11-24 00:00:00-05:00,56.130001068115234,56.130001068115234,55.82699966430664,56.09000015258789,21600,0.0,0.0,0.0
2021-11-26 00:00:00-05:00,55.36000061035156,55.36000061035156,55.0,55.029998779296875,10200,0.0,0.0,0.0
2021-11-29 00:00:00-05:00,55.400001525878906,55.619998931884766,55.060001373291016,55.36000061035156,47800,0.0,0.0,0.0
2021-11-30 00:00:00-05:00,58.290000915527344,58.290000915527344,53.79999923706055,53.86000061035156,83000,0.0,0.0,0.0
2021-12-01 00:00:00-05:00,54.5099983215332,54.917999267578125,53.54999923706055,53.54999923706055,71200,0.0,0.0,0.0
2021-12-02 00:00:00-05:00,53.70000076293945,54.88999938964844,53.70000076293945,54.59000015258789,27300,0.0,0.0,0.0
2021-12-03 00:00:00-05:00,54.72999954223633,54.81999969482422,54.27000045776367,54.72999954223633,50500,0.0,0.0,0.0
2021-12-06 00:00:00-05:00,55.18000030517578,55.810001373291016,55.18000030517578,55.459999084472656,29100,0.0,0.0,0.0
2021-12-07 00:00:00-05:00,55.52000045776367,56.189998626708984,55.52000045776367,55.95000076293945,78200,0.0,0.0,0.0
2021-12-08 00:00:00-05:00,56.220001220703125,56.25,55.77000045776367,56.029998779296875,203100,0.0,0.0,0.0
2021-12-09 00:00:00-05:00,56.040000915527344,56.15999984741211,55.75,55.939998626708984,37000,0.0,0.0,0.0
2021-12-10 00:00:00-05:00,56.02000045776367,56.38999938964844,56.0,56.369998931884766,31000,0.0,0.0,0.0
2021-12-13 00:00:00-05:00,56.34000015258789,56.608001708984375,56.040000915527344,56.54999923706055,44700,0.0,0.0,0.0
2021-12-14 00:00:00-05:00,56.83000183105469,56.83000183105469,56.00199890136719,56.18000030517578,22100,0.0,0.0,0.0
2021-12-15 00:00:00-05:00,56.380001068115234,56.63999938964844,55.93000030517578,56.63999938964844,59500,0.0,0.0,0.0
2021-12-16 00:00:00-05:00,57.119998931884766,57.130001068115234,56.60900115966797,56.86000061035156,98900,0.0,0.0,0.0
2021-12-17 00:00:00-05:00,56.86000061035156,62.54999923706055,55.79999923706055,55.880001068115234,72700,0.0,0.0,0.0
2021-12-20 00:00:00-05:00,56.150001525878906,56.150001525878906,54.77000045776367,55.2599983215332,37300,0.0,0.0,0.0
2021-12-21 00:00:00-05:00,55.689998626708984,55.86000061035156,55.47800064086914,55.779998779296875,48200,0.0,0.0,0.0
2021-12-22 00:00:00-05:00,55.775001525878906,56.150001525878906,55.64400100708008,56.09000015258789,51900,0.0,0.0,0.0
2021-12-23 00:00:00-05:00,56.060001373291016,56.189998626708984,55.744998931884766,56.040000915527344,151000,0.0,0.0,0.0
2021-12-27 00:00:00-05:00,57.720001220703125,58.84000015258789,56.04499816894531,56.72999954223633,60400,0.0,0.0,0.0
2021-12-28 00:00:00-05:00,58.43000030517578,60.0,56.70000076293945,56.849998474121094,52400,0.0,0.0,0.0
2021-12-29 00:00:00-05:00,57.06999969482422,57.16999816894531,56.84000015258789,57.099998474121094,70300,0.0,0.0,0.0
2021-12-30 00:00:00-05:00,57.369998931884766,57.369998931884766,56.95000076293945,56.97999954223633,70700,0.0,0.0,0.0
2021-12-31 00:00:00-05:00,57.119998931884766,57.349998474121094,56.95500183105469,57.220001220703125,22500,0.0,0.0,0.0
2022-01-03 00:00:00-05:00,57.650001525878906,57.650001525878906,56.525001525878906,56.939998626708984,62600,0.0,0.0,0.0
2022-01-04 00:00:00-05:00,57.13999938964844,57.56800079345703,57.10499954223633,57.45000076293945,80900,0.0,0.0,0.0
2022-01-05 00:00:00-05:00,57.130001068115234,57.97999954223633,57.130001068115234,57.27000045776367,53300,0.0,0.0,0.0
2022-01-06 00:00:00-05:00,57.150001525878906,57.349998474121094,56.981998443603516,57.06999969482422,65300,0.0,0.0,0.0
2022-01-07 00:00:00-05:00,56.84000015258789,57.209999084472656,56.84000015258789,57.06999969482422,49800,0.0,0.0,0.0
2022-01-10 00:00:00-05:00,56.5,56.880001068115234,56.279998779296875,56.68000030517578,128100,0.0,0.0,0.0
2022-01-11 00:00:00-05:00,56.68000030517578,56.9900016784668,56.16999816894531,56.9900016784668,39100,0.0,0.0,0.0
2022-01-12 00:00:00-05:00,57.38999938964844,57.38999938964844,56.77000045776367,57.0099983215332,153000,0.0,0.0,0.0
2022-01-13 00:00:00-05:00,57.91999816894531,57.91999816894531,56.68000030517578,56.91999816894531,64000,0.0,0.0,0.0
2022-01-14 00:00:00-05:00,57.619998931884766,58.70000076293945,56.119998931884766,56.65999984741211,61800,0.0,0.0,0.0
2022-01-18 00:00:00-05:00,56.41999816894531,56.41999816894531,55.72600173950195,55.959999084472656,176400,0.0,0.0,0.0
2022-01-19 00:00:00-05:00,56.0099983215332,56.369998931884766,55.7599983215332,55.810001373291016,72500,0.0,0.0,0.0
2022-01-20 00:00:00-05:00,56.150001525878906,56.18000030517578,55.0,55.04999923706055,52400,0.0,0.0,0.0
2022-01-21 00:00:00-05:00,55.0,55.279998779296875,54.393001556396484,54.56999969482422,201000,0.0,0.0,0.0
2022-01-24 00:00:00-05:00,54.16999816894531,54.790000915527344,53.095001220703125,54.720001220703125,93400,0.0,0.0,0.0
2022-01-25 00:00:00-05:00,54.369998931884766,55.132999420166016,53.20500183105469,54.22999954223633,52700,0.0,0.0,0.0
2022-01-26 00:00:00-05:00,54.58000183105469,54.69900131225586,53.310001373291016,53.70000076293945,90900,0.0,0.0,0.0
2022-01-27 00:00:00-05:00,53.77000045776367,54.68000030517578,53.481998443603516,53.77000045776367,53600,0.0,0.0,0.0
2022-01-28 00:00:00-05:00,53.470001220703125,54.380001068115234,53.0,54.380001068115234,81800,0.0,0.0,0.0
2022-01-31 00:00:00-05:00,54.279998779296875,54.869998931884766,54.029998779296875,54.86000061035156,57100,0.0,0.0,0.0
2022-02-01 00:00:00-05:00,55.0099983215332,55.15999984741211,54.5099983215332,55.11000061035156,72300,0.0,0.0,0.0
2022-02-02 00:00:00-05:00,55.209999084472656,55.63999938964844,55.03300094604492,55.59000015258789,54900,0.0,0.0,0.0
2022-02-03 00:00:00-05:00,55.400001525878906,55.5,55.13999938964844,55.2400016784668,61300,0.0,0.0,0.0
2022-02-04 00:00:00-05:00,54.61000061035156,54.858001708984375,54.03200149536133,54.59000015258789,42800,0.0,0.0,0.0
2022-02-07 00:00:00-05:00,54.31999969482422,54.84000015258789,54.0099983215332,54.4900016784668,39000,0.0,0.0,0.0
2022-02-08 00:00:00-05:00,54.59000015258789,54.970001220703125,54.2760009765625,54.81999969482422,48800,0.0,0.0,0.0
2022-02-09 00:00:00-05:00,55.310001373291016,55.45800018310547,55.1619987487793,55.369998931884766,45700,0.0,0.0,0.0
2022-02-10 00:00:00-05:00,54.470001220703125,55.400001525878906,54.25,54.439998626708984,84200,0.0,0.0,0.0
2022-02-11 00:00:00-05:00,54.810001373291016,54.810001373291016,53.79999923706055,53.810001373291016,42500,0.0,0.0,0.0
2022-02-14 00:00:00-05:00,54.09000015258789,54.09000015258789,53.15800094604492,53.54999923706055,56900,0.0,0.0,0.0
2022-02-15 00:00:00-05:00,53.689998626708984,54.30699920654297,53.279998779296875,54.06999969482422,56500,0.0,0.0,0.0
2022-02-16 00:00:00-05:00,54.150001525878906,54.33000183105469,53.72999954223633,54.11000061035156,157500,0.0,0.0,0.0
2022-02-17 00:00:00-05:00,53.97999954223633,53.97999954223633,53.2400016784668,53.2400016784668,96200,0.0,0.0,0.0
2022-02-18 00:00:00-05:00,53.400001525878906,53.70000076293945,53.11000061035156,53.41999816894531,40900,0.0,0.0,0.0
2022-02-22 00:00:00-05:00,53.540000915527344,53.540000915527344,52.650001525878906,53.02000045776367,82900,0.0,0.0,0.0
2022-02-23 00:00:00-05:00,53.45000076293945,53.45000076293945,52.279998779296875,52.400001525878906,100000,0.0,0.0,0.0
2022-02-24 00:00:00-05:00,51.5099983215332,52.36000061035156,51.18000030517578,52.150001525878906,75300,0.0,0.0,0.0
2022-02-25 00:00:00-05:00,52.92499923706055,53.81999969482422,52.551998138427734,53.72999954223633,40000,0.0,0.0,0.0
2022-02-28 00:00:00-05:00,52.95000076293945,53.66899871826172,52.869998931884766,53.2400016784668,60000,0.0,0.0,0.0
2022-03-01 00:00:00-05:00,53.45000076293945,54.34000015258789,52.472999572753906,52.56999969482422,62600,0.0,0.0,0.0
2022-03-02 00:00:00-05:00,53.130001068115234,53.95500183105469,53.08000183105469,53.779998779296875,46600,0.0,0.0,0.0
2022-03-03 00:00:00-05:00,54.40999984741211,54.40999984741211,53.650001525878906,54.02000045776367,128400,0.0,0.0,0.0
2022-03-04 00:00:00-05:00,53.41999816894531,54.04999923706055,53.279998779296875,54.04999923706055,24800,0.0,0.0,0.0
2022-03-07 00:00:00-05:00,54.04999923706055,54.04999923706055,52.93000030517578,52.93000030517578,28700,0.0,0.0,0.0
2022-03-08 00:00:00-05:00,52.77000045776367,55.0,52.27000045776367,52.290000915527344,62200,0.0,0.0,0.0
2022-03-09 00:00:00-05:00,53.290000915527344,53.40800094604492,52.861000061035156,52.90999984741211,37200,0.0,0.0,0.0
2022-03-10 00:00:00-05:00,52.68000030517578,54.40999984741211,52.35900115966797,52.790000915527344,31100,0.0,0.0,0.0
2022-03-11 00:00:00-05:00,53.310001373291016,53.310001373291016,52.25,52.25,94400,0.0,0.0,0.0
2022-03-14 00:00:00-04:00,52.41999816894531,53.14500045776367,52.369998931884766,52.57600021362305,31800,0.0,0.0,0.0
2022-03-15 00:00:00-04:00,52.86000061035156,53.349998474121094,52.7599983215332,53.18000030517578,100700,0.0,0.0,0.0
2022-03-16 00:00:00-04:00,53.849998474121094,53.917999267578125,52.7599983215332,53.65999984741211,50300,0.0,0.0,0.0
2022-03-17 00:00:00-04:00,53.77000045776367,54.31999969482422,53.65800094604492,54.25,71200,0.0,0.0,0.0
2022-03-18 00:00:00-04:00,54.25,54.540000915527344,53.86000061035156,54.47999954223633,45500,0.0,0.0,0.0
2022-03-21 00:00:00-04:00,54.88999938964844,54.88999938964844,54.24700164794922,54.650001525878906,52400,0.0,0.0,0.0
2022-03-22 00:00:00-04:00,54.54999923706055,54.970001220703125,54.54999923706055,54.709999084472656,42500,0.0,0.0,0.0
2022-03-23 00:00:00-04:00,54.84000015258789,54.935001373291016,54.25,54.400001525878906,59600,0.0,0.0,0.0
2022-03-24 00:00:00-04:00,54.34000015258789,54.849998474121094,54.34000015258789,54.849998474121094,75000,0.0,0.0,0.0
2022-03-25 00:00:00-04:00,54.54999923706055,54.959999084472656,54.54999923706055,54.7599983215332,82400,0.0,0.0,0.0
2022-03-28 00:00:00-04:00,55.02000045776367,55.02000045776367,54.5,54.849998474121094,40500,0.0,0.0,0.0
2022-03-29 00:00:00-04:00,55.459999084472656,55.56700134277344,55.11000061035156,55.459999084472656,65500,0.0,0.0,0.0
2022-03-30 00:00:00-04:00,55.459999084472656,55.534000396728516,55.279998779296875,55.43000030517578,32500,0.0,0.0,0.0
2022-03-31 00:00:00-04:00,55.529998779296875,55.529998779296875,54.810001373291016,54.810001373291016,48300,0.0,0.0,0.0
2022-04-01 00:00:00-04:00,54.84000015258789,55.25,54.7400016784668,55.119998931884766,59700,0.0,0.0,0.0
2022-04-04 00:00:00-04:00,54.869998931884766,55.209999084472656,54.66999816894531,55.040000915527344,100900,0.0,0.0,0.0
2022-04-05 00:00:00-04:00,55.13999938964844,55.5,54.91999816894531,54.91999816894531,45200,0.0,0.0,0.0
2022-04-06 00:00:00-04:00,54.880001068115234,55.349998474121094,54.68000030517578,55.31999969482422,58300,0.0,0.0,0.0
2022-04-07 00:00:00-04:00,55.198001861572266,55.81999969482422,54.99399948120117,55.66999816894531,21700,0.0,0.0,0.0
2022-04-08 00:00:00-04:00,55.685001373291016,56.0099983215332,55.599998474121094,55.74399948120117,28700,0.0,0.0,0.0
2022-04-11 00:00:00-04:00,55.68000030517578,55.93000030517578,55.21500015258789,55.290000915527344,32000,0.0,0.0,0.0
2022-04-12 00:00:00-04:00,55.400001525878906,55.81999969482422,55.060001373291016,55.25,39600,0.0,0.0,0.0
2022-04-13 00:00:00-04:00,55.09000015258789,55.54999923706055,55.08000183105469,55.529998779296875,26100,0.0,0.0,0.0
2022-04-14 00:00:00-04:00,55.7400016784668,55.7400016784668,55.25,55.2599983215332,37300,0.0,0.0,0.0
2022-04-18 00:00:00-04:00,55.47999954223633,55.47999954223633,54.79999923706055,54.939998626708984,33400,0.0,0.0,0.0
2022-04-19 00:00:00-04:00,55.18000030517578,55.84000015258789,55.040000915527344,55.810001373291016,63200,0.0,0.0,0.0
2022-04-20 00:00:00-04:00,56.400001525878906,56.59000015258789,56.16400146484375,56.45000076293945,51900,0.0,0.0,0.0
2022-04-21 00:00:00-04:00,57.02000045776367,57.02000045776367,56.060001373291016,56.060001373291016,64100,0.0,0.0,0.0
2022-04-22 00:00:00-04:00,56.099998474121094,56.099998474121094,54.75,54.779998779296875,68200,0.0,0.0,0.0
2022-04-25 00:00:00-04:00,54.36000061035156,54.86000061035156,53.75,54.7400016784668,40700,0.0,0.0,0.0
2022-04-26 00:00:00-04:00,54.59000015258789,56.13999938964844,53.970001220703125,53.97999954223633,31000,0.0,0.0,0.0
2022-04-27 00:00:00-04:00,54.310001373291016,54.790000915527344,54.04999923706055,54.25,40600,0.0,0.0,0.0
2022-04-28 00:00:00-04:00,54.25,54.763999938964844,53.845001220703125,54.650001525878906,29700,0.0,0.0,0.0
2022-04-29 00:00:00-04:00,54.11000061035156,54.41999816894531,52.91999816894531,53.36000061035156,38400,0.0,0.0,0.0
2022-05-02 00:00:00-04:00,53.38999938964844,53.38999938964844,51.79999923706055,52.709999084472656,62500,0.0,0.0,0.0
2022-05-03 00:00:00-04:00,52.54999923706055,53.45000076293945,52.54999923706055,53.04999923706055,43800,0.0,0.0,0.0
2022-05-04 00:00:00-04:00,52.97999954223633,54.650001525878906,52.61000061035156,54.58000183105469,70300,0.0,0.0,0.0
2022-05-05 00:00:00-04:00,54.599998474121094,54.599998474121094,52.8650016784668,53.20000076293945,49900,0.0,0.0,0.0
2022-05-06 00:00:00-04:00,53.439998626708984,53.560001373291016,52.422000885009766,53.130001068115234,44200,0.0,0.0,0.0
2022-05-09 00:00:00-04:00,53.08000183105469,53.08000183105469,52.2599983215332,52.38999938964844,86500,0.0,0.0,0.0
2022-05-10 00:00:00-04:00,53.31999969482422,53.31999969482422,51.5099983215332,51.90999984741211,125400,0.0,0.0,0.0
2022-05-11 00:00:00-04:00,52.15999984741211,52.63999938964844,51.47999954223633,51.529998779296875,243700,0.0,0.0,0.0
2022-05-12 00:00:00-04:00,51.189998626708984,52.040000915527344,51.189998626708984,51.88999938964844,42000,0.0,0.0,0.0
2022-05-13 00:00:00-04:00,52.650001525878906,52.67900085449219,52.17499923706055,52.540000915527344,27100,0.0,0.0,0.0
2022-05-16 00:00:00-04:00,52.540000915527344,52.926998138427734,52.25,52.61000061035156,30700,0.0,0.0,0.0
2022-05-17 00:00:00-04:00,53.619998931884766,55.79999923706055,52.70000076293945,53.349998474121094,67100,0.0,0.0,0.0
2022-05-18 00:00:00-04:00,52.54999923706055,52.54999923706055,51.007999420166016,51.08000183105469,79700,0.0,0.0,0.0
2022-05-19 00:00:00-04:00,50.959999084472656,51.20000076293945,50.25600051879883,50.7400016784668,83300,0.0,0.0,0.0
2022-05-20 00:00:00-04:00,51.58000183105469,51.58000183105469,49.869998931884766,50.8849983215332,98800,0.0,0.0,0.0
2022-05-23 00:00:00-04:00,51.2599983215332,51.689998626708984,51.11000061035156,51.529998779296875,146300,0.0,0.0,0.0
2022-05-24 00:00:00-04:00,51.470001220703125,51.85200119018555,50.90800094604492,51.720001220703125,31200,0.0,0.0,0.0
2022-05-25 00:00:00-04:00,51.459999084472656,52.06999969482422,51.459999084472656,51.90999984741211,48000,0.0,0.0,0.0
2022-05-26 00:00:00-04:00,52.56999969482422,52.880001068115234,52.435001373291016,52.66999816894531,68800,0.0,0.0,0.0
2022-05-27 00:00:00-04:00,52.70000076293945,53.619998931884766,52.70000076293945,53.560001373291016,47700,0.0,0.0,0.0
2022-05-31 00:00:00-04:00,53.54999923706055,53.54999923706055,52.685001373291016,53.02000045776367,80600,0.0,0.0,0.0
2022-06-01 00:00:00-04:00,53.279998779296875,53.279998779296875,52.077999114990234,52.45000076293945,37700,0.0,0.0,0.0
2022-06-02 00:00:00-04:00,52.349998474121094,53.09000015258789,52.17399978637695,53.09000015258789,55300,0.0,0.0,0.0
2022-06-03 00:00:00-04:00,52.86000061035156,53.02000045776367,52.707000732421875,52.779998779296875,61800,0.0,0.0,0.0
2022-06-06 00:00:00-04:00,53.05500030517578,53.23400115966797,52.861000061035156,52.98400115966797,59500,0.0,0.0,0.0
2022-06-07 00:00:00-04:00,52.310001373291016,53.36600112915039,52.310001373291016,53.310001373291016,53600,0.0,0.0,0.0
2022-06-08 00:00:00-04:00,52.869998931884766,53.172000885009766,52.65999984741211,52.70000076293945,48000,0.0,0.0,0.0
2022-06-09 00:00:00-04:00,52.7599983215332,52.81800079345703,51.790000915527344,51.790000915527344,30100,0.0,0.0,0.0
2022-06-10 00:00:00-04:00,51.560001373291016,51.560001373291016,50.7400016784668,50.779998779296875,42700,0.0,0.0,0.0
2022-06-13 00:00:00-04:00,49.65999984741211,49.832000732421875,49.02000045776367,49.209999084472656,339000,0.0,0.0,0.0
2022-06-14 00:00:00-04:00,49.0,49.43000030517578,46.54999923706055,48.810001373291016,184600,0.0,0.0,0.0
2022-06-15 00:00:00-04:00,48.95000076293945,49.38999938964844,48.45000076293945,48.959999084472656,62600,0.0,0.0,0.0
2022-06-16 00:00:00-04:00,48.34000015258789,48.34000015258789,47.54999923706055,47.779998779296875,42100,0.0,0.0,0.0
2022-06-17 00:00:00-04:00,48.18000030517578,48.20000076293945,47.380001068115234,47.75,34100,0.0,0.0,0.0
2022-06-21 00:00:00-04:00,48.11000061035156,48.77000045776367,48.11000061035156,48.63999938964844,33200,0.0,0.0,0.0
2022-06-22 00:00:00-04:00,48.22999954223633,49.04999923706055,48.209999084472656,48.709999084472656,37200,0.0,0.0,0.0
2022-06-23 00:00:00-04:00,48.66999816894531,49.20000076293945,48.66999816894531,49.18000030517578,167700,0.0,0.0,0.0
2022-06-24 00:00:00-04:00,49.25,49.97800064086914,48.99800109863281,49.970001220703125,51600,0.0,0.0,0.0
2022-06-27 00:00:00-04:00,50.189998626708984,50.189998626708984,49.869998931884766,50.0099983215332,47400,0.0,0.0,0.0
2022-06-28 00:00:00-04:00,50.0,50.5,49.290000915527344,49.290000915527344,67300,0.0,0.0,0.0
2022-06-29 00:00:00-04:00,49.220001220703125,49.39899826049805,49.09000015258789,49.2599983215332,35000,0.0,0.0,0.0
2022-06-30 00:00:00-04:00,49.18000030517578,49.380001068115234,48.61000061035156,49.11000061035156,38100,0.0,0.0,0.0
2022-07-01 00:00:00-04:00,48.75,49.72999954223633,48.75,49.689998626708984,32100,0.0,0.0,0.0
2022-07-05 00:00:00-04:00,48.869998931884766,49.29399871826172,48.45000076293945,49.279998779296875,50900,0.0,0.0,0.0
2022-07-06 00:00:00-04:00,49.439998626708984,49.7599983215332,49.150001525878906,49.45000076293945,19700,0.0,0.0,0.0
2022-07-07 00:00:00-04:00,49.61000061035156,49.95000076293945,49.59000015258789,49.86000061035156,37300,0.0,0.0,0.0
2022-07-08 00:00:00-04:00,49.560001373291016,49.869998931884766,49.459999084472656,49.5099983215332,23200,0.0,0.0,0.0
2022-07-11 00:00:00-04:00,49.130001068115234,49.63999938964844,49.130001068115234,49.439998626708984,56100,0.0,0.0,0.0
2022-07-12 00:00:00-04:00,49.150001525878906,49.75,49.040000915527344,49.22999954223633,28800,0.0,0.0,0.0
2022-07-13 00:00:00-04:00,48.939998626708984,49.23500061035156,48.70000076293945,48.93000030517578,24000,0.0,0.0,0.0
2022-07-14 00:00:00-04:00,48.84000015258789,48.84000015258789,48.17900085449219,48.709999084472656,40900,0.0,0.0,0.0
2022-07-15 00:00:00-04:00,49.04999923706055,49.4900016784668,49.02000045776367,49.290000915527344,59000,0.0,0.0,0.0
2022-07-18 00:00:00-04:00,49.459999084472656,49.7760009765625,48.79999923706055,48.900001525878906,80800,0.0,0.0,0.0
2022-07-19 00:00:00-04:00,49.689998626708984,50.040000915527344,49.30500030517578,50.0,69600,0.0,0.0,0.0
2022-07-20 00:00:00-04:00,50.209999084472656,50.209999084472656,49.779998779296875,50.060001373291016,34000,0.0,0.0,0.0
2022-07-21 00:00:00-04:00,50.029998779296875,50.34000015258789,49.821998596191406,50.34000015258789,166300,0.0,0.0,0.0
2022-07-22 00:00:00-04:00,50.58000183105469,50.790000915527344,50.189998626708984,50.41999816894531,36600,0.0,0.0,0.0
2022-07-25 00:00:00-04:00,50.790000915527344,50.790000915527344,50.38999938964844,50.66999816894531,16100,0.0,0.0,0.0
2022-07-26 00:00:00-04:00,50.7400016784668,50.7400016784668,50.36000061035156,50.650001525878906,19400,0.0,0.0,0.0
2022-07-27 00:00:00-04:00,51.380001068115234,51.380001068115234,50.45000076293945,51.09000015258789,32600,0.0,0.0,0.0
2022-07-28 00:00:00-04:00,51.28499984741211,51.86000061035156,50.9900016784668,51.720001220703125,65700,0.0,0.0,0.0
2022-07-29 00:00:00-04:00,51.95000076293945,52.310001373291016,51.72999954223633,52.220001220703125,54300,0.0,0.0,0.0
2022-08-01 00:00:00-04:00,51.689998626708984,52.31999969482422,51.689998626708984,52.130001068115234,44000,0.0,0.0,0.0
2022-08-02 00:00:00-04:00,51.900001525878906,52.308998107910156,51.66699981689453,51.7400016784668,62700,0.0,0.0,0.0
2022-08-03 00:00:00-04:00,53.22999954223633,53.22999954223633,51.571998596191406,52.0099983215332,66700,0.0,0.0,0.0
2022-08-04 00:00:00-04:00,52.09000015258789,52.15999984741211,51.86199951171875,51.939998626708984,32400,0.0,0.0,0.0
2022-08-05 00:00:00-04:00,51.34000015258789,52.08000183105469,51.34000015258789,51.97999954223633,19000,0.0,0.0,0.0
2022-08-08 00:00:00-04:00,52.119998931884766,52.66999816894531,52.119998931884766,52.290000915527344,33800,0.0,0.0,0.0
2022-08-09 00:00:00-04:00,51.83000183105469,52.26900100708008,51.83000183105469,52.119998931884766,57700,0.0,0.0,0.0
2022-08-10 00:00:00-04:00,52.86000061035156,53.0,52.82099914550781,53.0,26200,0.0,0.0,0.0
2022-08-11 00:00:00-04:00,52.9900016784668,53.61000061035156,52.9900016784668,53.15999984741211,35100,0.0,0.0,0.0
2022-08-12 00:00:00-04:00,53.040000915527344,53.959999084472656,53.040000915527344,53.869998931884766,59000,0.0,0.0,0.0
2022-08-15 00:00:00-04:00,53.650001525878906,54.19599914550781,53.650001525878906,54.18000030517578,58600,0.0,0.0,0.0
2022-08-16 00:00:00-04:00,54.349998474121094,54.650001525878906,54.15399932861328,54.439998626708984,95000,0.0,0.0,0.0
2022-08-17 00:00:00-04:00,54.16999816894531,54.36000061035156,53.92300033569336,54.189998626708984,69800,0.0,0.0,0.0
2022-08-18 00:00:00-04:00,54.380001068115234,54.380001068115234,53.90999984741211,54.209999084472656,29800,0.0,0.0,0.0
2022-08-19 00:00:00-04:00,53.939998626708984,53.970001220703125,53.56999969482422,53.63999938964844,31500,0.0,0.0,0.0
2022-08-22 00:00:00-04:00,53.599998474121094,53.599998474121094,52.689998626708984,52.81999969482422,66800,0.0,0.0,0.0
2022-08-23 00:00:00-04:00,52.81999969482422,52.869998931884766,52.571998596191406,52.630001068115234,52800,0.0,0.0,0.0
2022-08-24 00:00:00-04:00,52.380001068115234,52.88999938964844,52.380001068115234,52.779998779296875,60400,0.0,0.0,0.0
2022-08-25 00:00:00-04:00,53.150001525878906,53.38999938964844,52.900001525878906,53.29999923706055,105600,0.0,0.0,0.0
2022-08-26 00:00:00-04:00,53.5099983215332,53.5099983215332,51.84000015258789,51.84000015258789,24100,0.0,0.0,0.0
2022-08-29 00:00:00-04:00,51.65999984741211,51.97999954223633,51.44300079345703,51.70000076293945,25900,0.0,0.0,0.0
2022-08-30 00:00:00-04:00,51.599998474121094,51.76499938964844,51.040000915527344,51.15999984741211,27200,0.0,0.0,0.0
2022-08-31 00:00:00-04:00,51.5,51.5,50.77000045776367,50.790000915527344,34100,0.0,0.0,0.0
2022-09-01 00:00:00-04:00,50.380001068115234,50.91999816894531,50.24300003051758,50.83000183105469,24600,0.0,0.0,0.0
2022-09-02 00:00:00-04:00,51.58000183105469,51.58000183105469,50.290000915527344,50.400001525878906,64000,0.0,0.0,0.0
2022-09-06 00:00:00-04:00,50.5099983215332,50.737998962402344,50.26499938964844,50.36000061035156,207800,0.0,0.0,0.0
2022-09-07 00:00:00-04:00,50.470001220703125,51.54600143432617,50.319000244140625,51.5099983215332,52300,0.0,0.0,0.0
2022-09-08 00:00:00-04:00,51.400001525878906,51.66999816894531,51.0,51.58000183105469,42400,0.0,0.0,0.0
2022-09-09 00:00:00-04:00,51.849998474121094,52.290000915527344,51.81999969482422,52.18000030517578,24800,0.0,0.0,0.0
2022-09-12 00:00:00-04:00,52.310001373291016,52.599998474121094,52.15999984741211,52.4900016784668,40600,0.0,0.0,0.0
2022-09-13 00:00:00-04:00,52.36000061035156,52.36000061035156,50.58000183105469,50.7599983215332,60900,0.0,0.0,0.0
2022-09-14 00:00:00-04:00,51.290000915527344,51.290000915527344,50.19499969482422,50.5,30300,0.0,0.0,0.0
2022-09-15 00:00:00-04:00,49.95000076293945,50.47999954223633,49.689998626708984,49.77000045776367,20600,0.0,0.0,0.0
2022-09-16 00:00:00-04:00,49.349998474121094,49.529998779296875,49.18000030517578,49.51499938964844,40900,0.0,0.0,0.0
2022-09-19 00:00:00-04:00,48.90999984741211,49.92499923706055,48.90999984741211,49.90999984741211,14800,0.0,0.0,0.0
2022-09-20 00:00:00-04:00,51.880001068115234,51.880001068115234,48.86000061035156,49.16999816894531,20200,0.0,0.0,0.0
2022-09-21 00:00:00-04:00,49.349998474121094,49.80799865722656,48.5099983215332,48.5099983215332,37700,0.0,0.0,0.0
2022-09-22 00:00:00-04:00,48.31999969482422,48.39099884033203,48.09000015258789,48.15999984741211,33100,0.0,0.0,0.0
2022-09-23 00:00:00-04:00,47.4900016784668,47.4900016784668,46.5099983215332,47.04999923706055,51300,0.0,0.0,0.0
2022-09-26 00:00:00-04:00,46.77000045776367,47.13600158691406,46.435001373291016,46.4900016784668,27000,0.0,0.0,0.0
2022-09-27 00:00:00-04:00,46.81999969482422,47.119998931884766,46.005001068115234,46.2400016784668,45000,0.0,0.0,0.0
2022-09-28 00:00:00-04:00,46.584999084472656,47.27000045776367,46.26599884033203,47.09000015258789,175200,0.0,0.0,0.0
2022-09-29 00:00:00-04:00,46.709999084472656,46.720001220703125,46.0099983215332,46.2599983215332,22800,0.0,0.0,0.0
2022-09-30 00:00:00-04:00,46.279998779296875,46.47999954223633,45.599998474121094,45.599998474121094,90900,0.0,0.0,0.0
2022-10-03 00:00:00-04:00,45.849998474121094,47.09000015258789,45.849998474121094,46.970001220703125,230000,0.0,0.0,0.0
2022-10-04 00:00:00-04:00,47.63999938964844,48.08000183105469,47.63999938964844,48.06999969482422,102100,0.0,0.0,0.0
2022-10-05 00:00:00-04:00,47.29999923706055,48.165000915527344,47.29999923706055,47.810001373291016,27400,0.0,0.0,0.0
2022-10-06 00:00:00-04:00,47.81999969482422,47.959999084472656,47.224998474121094,47.310001373291016,57000,0.0,0.0,0.0
2022-10-07 00:00:00-04:00,46.974998474121094,46.974998474121094,46.099998474121094,46.31999969482422,43100,0.0,0.0,0.0
2022-10-10 00:00:00-04:00,46.279998779296875,46.4900016784668,46.02000045776367,46.369998931884766,32500,0.0,0.0,0.0
2022-10-11 00:00:00-04:00,46.13999938964844,46.959999084472656,46.099998474121094,46.439998626708984,111500,0.0,0.0,0.0
2022-10-12 00:00:00-04:00,46.5,46.59000015258789,46.02000045776367,46.06999969482422,29000,0.0,0.0,0.0
2022-10-13 00:00:00-04:00,45.45000076293945,47.375,45.18000030517578,47.13999938964844,24300,0.0,0.0,0.0
2022-10-14 00:00:00-04:00,47.25,47.67100143432617,46.17499923706055,46.25,45800,0.0,0.0,0.0
2022-10-17 00:00:00-04:00,47.099998474121094,47.310001373291016,46.983001708984375,47.18000030517578,123700,0.0,0.0,0.0
2022-10-18 00:00:00-04:00,47.88999938964844,48.150001525878906,47.5099983215332,47.810001373291016,33300,0.0,0.0,0.0
2022-10-19 00:00:00-04:00,47.619998931884766,47.83000183105469,47.099998474121094,47.43000030517578,51200,0.0,0.0,0.0
2022-10-20 00:00:00-04:00,47.33000183105469,47.59400177001953,46.68000030517578,46.790000915527344,40300,0.0,0.0,0.0
2022-10-21 00:00:00-04:00,46.63999938964844,47.90999984741211,46.63999938964844,47.83000183105469,36600,0.0,0.0,0.0
2022-10-24 00:00:00-04:00,47.93000030517578,48.54999923706055,47.93000030517578,48.41999816894531,123600,0.0,0.0,0.0
2022-10-25 00:00:00-04:00,48.2400016784668,49.11000061035156,48.2400016784668,49.02000045776367,86100,0.0,0.0,0.0
2022-10-26 00:00:00-04:00,49.27000045776367,49.749000549316406,49.189998626708984,49.349998474121094,109500,0.0,0.0,0.0
2022-10-27 00:00:00-04:00,49.5099983215332,49.93000030517578,49.41999816894531,49.47999954223633,32000,0.0,0.0,0.0
2022-10-28 00:00:00-04:00,49.47999954223633,50.52000045776367,49.47999954223633,50.439998626708984,37900,0.0,0.0,0.0
2022-10-31 00:00:00-04:00,50.13999938964844,50.529998779296875,50.13999938964844,50.290000915527344,20300,0.0,0.0,0.0
2022-11-01 00:00:00-04:00,50.90999984741211,50.90999984741211,49.880001068115234,50.20000076293945,48400,0.0,0.0,0.0
2022-11-02 00:00:00-04:00,49.9900016784668,50.630001068115234,49.17499923706055,49.22999954223633,55800,0.0,0.0,0.0
2022-11-03 00:00:00-04:00,49.060001373291016,49.34000015258789,48.61000061035156,49.060001373291016,18800,0.0,0.0,0.0
2022-11-04 00:00:00-04:00,49.95000076293945,50.0,49.10499954223633,49.82500076293945,91000,0.0,0.0,0.0
2022-11-07 00:00:00-05:00,50.220001220703125,50.400001525878906,49.88999938964844,50.36000061035156,68600,0.0,0.0,0.0
2022-11-08 00:00:00-05:00,50.34000015258789,51.040000915527344,50.189998626708984,50.65999984741211,33600,0.0,0.0,0.0
2022-11-09 00:00:00-05:00,50.529998779296875,50.63999938964844,49.86000061035156,49.91999816894531,50200,0.0,0.0,0.0
2022-11-10 00:00:00-05:00,51.40999984741211,52.25,51.18000030517578,52.2400016784668,75900,0.0,0.0,0.0
2022-11-11 00:00:00-05:00,52.52000045776367,52.790000915527344,52.277000427246094,52.709999084472656,39100,0.0,0.0,0.0
2022-11-14 00:00:00-05:00,52.66999816894531,53.04999923706055,52.292999267578125,52.31999969482422,50800,0.0,0.0,0.0
2022-11-15 00:00:00-05:00,53.189998626708984,53.189998626708984,52.369998931884766,52.709999084472656,41400,0.0,0.0,0.0
2022-11-16 00:00:00-05:00,52.58000183105469,52.66999816894531,52.279998779296875,52.290000915527344,53000,0.0,0.0,0.0
2022-11-17 00:00:00-05:00,51.68000030517578,52.150001525878906,51.560001373291016,52.08000183105469,32700,0.0,0.0,0.0
2022-11-18 00:00:00-05:00,52.349998474121094,52.59000015258789,52.209999084472656,52.56999969482422,72700,0.0,0.0,0.0
2022-11-21 00:00:00-05:00,52.540000915527344,52.939998626708984,52.33000183105469,52.869998931884766,387800,0.0,0.0,0.0
2022-11-22 00:00:00-05:00,53.03499984741211,53.45000076293945,52.9900016784668,53.400001525878906,37100,0.0,0.0,0.0
2022-11-23 00:00:00-05:00,53.45500183105469,53.61000061035156,53.33000183105469,53.459999084472656,51100,0.0,0.0,0.0
2022-11-25 00:00:00-05:00,53.47999954223633,54.790000915527344,53.47999954223633,54.790000915527344,12800,0.0,0.0,0.0
2022-11-28 00:00:00-05:00,53.77000045776367,53.77000045776367,52.68000030517578,52.75,22300,0.0,0.0,0.0
2022-11-29 00:00:00-05:00,52.849998474121094,52.91999816894531,52.6150016784668,52.81999969482422,40100,0.0,0.0,0.0
2022-11-30 00:00:00-05:00,52.91999816894531,53.77000045776367,52.349998474121094,53.77000045776367,44800,0.0,0.0,0.0
2022-12-01 00:00:00-05:00,53.90999984741211,54.112998962402344,53.61600112915039,53.90999984741211,31900,0.0,0.0,0.0
2022-12-02 00:00:00-05:00,53.43000030517578,54.15599822998047,53.349998474121094,54.09000015258789,13000,0.0,0.0,0.0
2022-12-05 00:00:00-05:00,53.9900016784668,53.9900016784668,52.939998626708984,53.130001068115234,45900,0.0,0.0,0.0
2022-12-06 00:00:00-05:00,53.05500030517578,53.275001525878906,52.349998474121094,52.70000076293945,45200,0.0,0.0,0.0
2022-12-07 00:00:00-05:00,52.61000061035156,52.9900016784668,52.49300003051758,52.630001068115234,38500,0.0,0.0,0.0
2022-12-08 00:00:00-05:00,53.02000045776367,53.06999969482422,52.70000076293945,52.939998626708984,30100,0.0,0.0,0.0
2022-12-09 00:00:00-05:00,52.79600143432617,52.97999954223633,52.54999923706055,52.560001373291016,29100,0.0,0.0,0.0
2022-12-12 00:00:00-05:00,52.52000045776367,53.220001220703125,52.52000045776367,53.220001220703125,44300,0.0,0.0,0.0
2022-12-13 00:00:00-05:00,54.18000030517578,54.25,53.29999923706055,53.599998474121094,54600,0.0,0.0,0.0
2022-12-14 00:00:00-05:00,53.70000076293945,53.900001525878906,53.00899887084961,53.25,47900,0.0,0.0,0.0
2022-12-15 00:00:00-05:00,52.4900016784668,52.7599983215332,51.84199905395508,51.974998474121094,26800,0.0,0.0,0.0
2022-12-16 00:00:00-05:00,51.310001373291016,51.720001220703125,51.095001220703125,51.41999816894531,38600,0.0,0.0,0.0
2022-12-19 00:00:00-05:00,51.619998931884766,51.720001220703125,51.00299835205078,51.257999420166016,38700,0.0,0.0,0.0
2022-12-20 00:00:00-05:00,51.06999969482422,51.540000915527344,51.06999969482422,51.369998931884766,30600,0.0,0.0,0.0
2022-12-21 00:00:00-05:00,52.029998779296875,52.073001861572266,51.61000061035156,51.9900016784668,57100,0.0,0.0,0.0
2022-12-22 00:00:00-05:00,51.45000076293945,51.779998779296875,50.92300033569336,51.619998931884766,65300,0.0,0.0,0.0
2022-12-23 00:00:00-05:00,51.150001525878906,51.380001068115234,50.90999984741211,51.369998931884766,75400,0.0,0.0,0.0
2022-12-27 00:00:00-05:00,51.27000045776367,51.619998931884766,51.25,51.529998779296875,61300,0.0,0.0,0.0
2022-12-28 00:00:00-05:00,51.41999816894531,51.779998779296875,50.81999969482422,50.86000061035156,48400,0.0,0.0,0.0
2022-12-29 00:00:00-05:00,51.529998779296875,51.58000183105469,51.18000030517578,51.400001525878906,73400,0.0,0.0,0.0
2022-12-30 00:00:00-05:00,51.290000915527344,51.33399963378906,50.608001708984375,51.09000015258789,78400,0.0,0.0,0.0
2023-01-03 00:00:00-05:00,51.75,51.75,50.6619987487793,51.150001525878906,22500,0.0,0.0,0.0
2023-01-04 00:00:00-05:00,51.529998779296875,51.849998474121094,51.255001068115234,51.7400016784668,63200,0.0,0.0,0.0
2023-01-05 00:00:00-05:00,51.65999984741211,51.65999984741211,50.861000061035156,50.9900016784668,23700,0.0,0.0,0.0
2023-01-06 00:00:00-05:00,51.2599983215332,52.29999923706055,51.2599983215332,52.18000030517578,32400,0.0,0.0,0.0
2023-01-09 00:00:00-05:00,52.22999954223633,52.65999984741211,51.94499969482422,51.95000076293945,47500,0.0,0.0,0.0
2023-01-10 00:00:00-05:00,52.04999923706055,52.209999084472656,51.849998474121094,52.209999084472656,40300,0.0,0.0,0.0
2023-01-11 00:00:00-05:00,52.54999923706055,52.810001373291016,52.35499954223633,52.810001373291016,105300,0.0,0.0,0.0
2023-01-12 00:00:00-05:00,52.779998779296875,52.895999908447266,52.44499969482422,52.7400016784668,49800,0.0,0.0,0.0
2023-01-13 00:00:00-05:00,52.439998626708984,53.02000045776367,52.439998626708984,52.970001220703125,23100,0.0,0.0,0.0
2023-01-17 00:00:00-05:00,52.849998474121094,53.099998474121094,52.6609992980957,52.72999954223633,38200,0.0,0.0,0.0
2023-01-18 00:00:00-05:00,52.72999954223633,52.81700134277344,51.779998779296875,51.83000183105469,47300,0.0,0.0,0.0
2023-01-19 00:00:00-05:00,51.689998626708984,51.689998626708984,51.060001373291016,51.09000015258789,26400,0.0,0.0,0.0
2023-01-20 00:00:00-05:00,51.0,51.81999969482422,50.90999984741211,51.779998779296875,22400,0.0,0.0,0.0
2023-01-23 00:00:00-05:00,51.849998474121094,52.459999084472656,51.79100036621094,52.2400016784668,56400,0.0,0.0,0.0
2023-01-24 00:00:00-05:00,52.15999984741211,52.34000015258789,51.72100067138672,52.25,46100,0.0,0.0,0.0
2023-01-25 00:00:00-05:00,51.9900016784668,52.20000076293945,51.38999938964844,52.060001373291016,65300,0.0,0.0,0.0
2023-01-26 00:00:00-05:00,52.33000183105469,52.33000183105469,51.779998779296875,52.150001525878906,34900,0.0,0.0,0.0
2023-01-27 00:00:00-05:00,51.790000915527344,52.2400016784668,51.77000045776367,52.06999969482422,44500,0.0,0.0,0.0
2023-01-30 00:00:00-05:00,51.68000030517578,52.25,51.68000030517578,51.810001373291016,31900,0.0,0.0,0.0
2023-01-31 00:00:00-05:00,51.709999084472656,52.689998626708984,51.709999084472656,52.689998626708984,21700,0.0,0.0,0.0
2023-02-01 00:00:00-05:00,52.599998474121094,53.275001525878906,52.290000915527344,53.02000045776367,103000,0.0,0.0,0.0
2023-02-02 00:00:00-05:00,53.189998626708984,53.5880012512207,53.02000045776367,53.5099983215332,36500,0.0,0.0,0.0
2023-02-03 00:00:00-05:00,53.06999969482422,53.2400016784668,52.869998931884766,53.04999923706055,114800,0.0,0.0,0.0
2023-02-06 00:00:00-05:00,52.90999984741211,53.0099983215332,52.584999084472656,52.77000045776367,30900,0.0,0.0,0.0
2023-02-07 00:00:00-05:00,52.459999084472656,53.09000015258789,52.2599983215332,52.9900016784668,85500,0.0,0.0,0.0
2023-02-08 00:00:00-05:00,53.060001373291016,53.060001373291016,52.38999938964844,52.470001220703125,36900,0.0,0.0,0.0
2023-02-09 00:00:00-05:00,52.66999816894531,52.84000015258789,51.849998474121094,51.93000030517578,37200,0.0,0.0,0.0
2023-02-10 00:00:00-05:00,51.95000076293945,52.349998474121094,51.83000183105469,52.310001373291016,51800,0.0,0.0,0.0
2023-02-13 00:00:00-05:00,52.209999084472656,52.880001068115234,52.150001525878906,52.880001068115234,52100,0.0,0.0,0.0
2023-02-14 00:00:00-05:00,52.97999954223633,52.97999954223633,52.29999923706055,52.65999984741211,78800,0.0,0.0,0.0
2023-02-15 00:00:00-05:00,52.220001220703125,52.91999816894531,52.220001220703125,52.90999984741211,65600,0.0,0.0,0.0
2023-02-16 00:00:00-05:00,52.7400016784668,53.0260009765625,52.27000045776367,52.650001525878906,57500,0.0,0.0,0.0
2023-02-17 00:00:00-05:00,52.75,52.75,52.310001373291016,52.689998626708984,26000,0.0,0.0,0.0
2023-02-21 00:00:00-05:00,52.119998931884766,52.22999954223633,51.650001525878906,51.66999816894531,45200,0.0,0.0,0.0
2023-02-22 00:00:00-05:00,51.810001373291016,51.939998626708984,51.513999938964844,51.68000030517578,39900,0.0,0.0,0.0
2023-02-23 00:00:00-05:00,52.0099983215332,52.0099983215332,51.36000061035156,51.77000045776367,49300,0.0,0.0,0.0
2023-02-24 00:00:00-05:00,51.25,51.650001525878906,51.060001373291016,51.560001373291016,36500,0.0,0.0,0.0
2023-02-27 00:00:00-05:00,52.0099983215332,52.0989990234375,51.54499816894531,51.63999938964844,52900,0.0,0.0,0.0
2023-02-28 00:00:00-05:00,51.4900016784668,51.849998474121094,51.45000076293945,51.45000076293945,28800,0.0,0.0,0.0
2023-03-01 00:00:00-05:00,51.290000915527344,51.393001556396484,51.08399963378906,51.22999954223633,39300,0.0,0.0,0.0
2023-03-02 00:00:00-05:00,51.150001525878906,51.755001068115234,50.9900016784668,51.650001525878906,40300,0.0,0.0,0.0
2023-03-03 00:00:00-05:00,51.779998779296875,52.22999954223633,51.694000244140625,52.22999954223633,24500,0.0,0.0,0.0
2023-03-06 00:00:00-05:00,52.279998779296875,52.426998138427734,52.0099983215332,52.11000061035156,17700,0.0,0.0,0.0
2023-03-07 00:00:00-05:00,52.209999084472656,52.209999084472656,51.279998779296875,51.290000915527344,18100,0.0,0.0,0.0
2023-03-08 00:00:00-05:00,51.41999816894531,51.47999954223633,51.060001373291016,51.380001068115234,51300,0.0,0.0,0.0
2023-03-09 00:00:00-05:00,51.68000030517578,51.68000030517578,50.529998779296875,50.61000061035156,14700,0.0,0.0,0.0
2023-03-10 00:00:00-05:00,50.45000076293945,50.67900085449219,49.650001525878906,49.81999969482422,38400,0.0,0.0,0.0
2023-03-13 00:00:00-04:00,49.400001525878906,50.33000183105469,49.400001525878906,49.85499954223633,78300,0.0,0.0,0.0
2023-03-14 00:00:00-04:00,50.31999969482422,50.597999572753906,49.73099899291992,50.290000915527344,31900,0.0,0.0,0.0
2023-03-15 00:00:00-04:00,49.439998626708984,49.81999969482422,49.28799819946289,49.79999923706055,20900,0.0,0.0,0.0
2023-03-16 00:00:00-04:00,49.45000076293945,50.29999923706055,49.45000076293945,50.2599983215332,40000,0.0,0.0,0.0
2023-03-17 00:00:00-04:00,49.79999923706055,50.20000076293945,49.34000015258789,49.41999816894531,20300,0.0,0.0,0.0
2023-03-20 00:00:00-04:00,49.150001525878906,50.15999984741211,48.2400016784668,50.0,65300,0.0,0.0,0.0
2023-03-21 00:00:00-04:00,50.58000183105469,50.58000183105469,50.099998474121094,50.47999954223633,37500,0.0,0.0,0.0
2023-03-22 00:00:00-04:00,50.58000183105469,50.689998626708984,49.65999984741211,49.65999984741211,22200,0.0,0.0,0.0
2023-03-23 00:00:00-04:00,49.91999816894531,50.08599853515625,49.150001525878906,49.31999969482422,39000,0.0,0.0,0.0
2023-03-24 00:00:00-04:00,48.75,49.47999954223633,48.61000061035156,49.37099838256836,32700,0.0,0.0,0.0
2023-03-27 00:00:00-04:00,49.915000915527344,49.959999084472656,49.650001525878906,49.79999923706055,34800,0.0,0.0,0.0
2023-03-28 00:00:00-04:00,49.619998931884766,50.125999450683594,49.619998931884766,50.02000045776367,36000,0.0,0.0,0.0
2023-03-29 00:00:00-04:00,50.27000045776367,50.529998779296875,50.27000045776367,50.43000030517578,42900,0.0,0.0,0.0
2023-03-30 00:00:00-04:00,50.630001068115234,50.854000091552734,50.47999954223633,50.66999816894531,97200,0.0,0.0,0.0
2023-03-31 00:00:00-04:00,50.970001220703125,51.45000076293945,50.7599983215332,51.439998626708984,61100,0.0,0.0,0.0
2023-04-03 00:00:00-04:00,51.439998626708984,51.65399932861328,51.34000015258789,51.560001373291016,43900,0.0,0.0,0.0
2023-04-04 00:00:00-04:00,51.7400016784668,51.7400016784668,50.939998626708984,51.029998779296875,25700,0.0,0.0,0.0
2023-04-05 00:00:00-04:00,50.869998931884766,51.1619987487793,50.869998931884766,51.04999923706055,35800,0.0,0.0,0.0
2023-04-06 00:00:00-04:00,51.060001373291016,51.060001373291016,50.790000915527344,51.0,23000,0.0,0.0,0.0
2023-04-10 00:00:00-04:00,50.939998626708984,51.150001525878906,50.775001525878906,51.13999938964844,139700,0.0,0.0,0.0
2023-04-11 00:00:00-04:00,51.439998626708984,51.630001068115234,51.3849983215332,51.470001220703125,90000,0.0,0.0,0.0
2023-04-12 00:00:00-04:00,51.75,51.75,51.209999084472656,51.31999969482422,57600,0.0,0.0,0.0
2023-04-13 00:00:00-04:00,51.47999954223633,51.689998626708984,51.040000915527344,51.59000015258789,59300,0.0,0.0,0.0
2023-04-14 00:00:00-04:00,51.66999816894531,51.80400085449219,51.17900085449219,51.36000061035156,23000,0.0,0.0,0.0
2023-04-17 00:00:00-04:00,51.459999084472656,51.68000030517578,51.334999084472656,51.68000030517578,41300,0.0,0.0,0.0
2023-04-18 00:00:00-04:00,51.83000183105469,51.83000183105469,51.52399826049805,51.7599983215332,134400,0.0,0.0,0.0
2023-04-19 00:00:00-04:00,51.4900016784668,51.849998474121094,51.4900016784668,51.849998474121094,36900,0.0,0.0,0.0
2023-04-20 00:00:00-04:00,51.5099983215332,51.94900131225586,51.5099983215332,51.880001068115234,28900,0.0,0.0,0.0
2023-04-21 00:00:00-04:00,51.900001525878906,52.11000061035156,51.75,51.93000030517578,67600,0.0,0.0,0.0
2023-04-24 00:00:00-04:00,52.0099983215332,52.16999816894531,51.9900016784668,52.16999816894531,53900,0.0,0.0,0.0
2023-04-25 00:00:00-04:00,51.70000076293945,52.03900146484375,51.540000915527344,51.54999923706055,47800,0.0,0.0,0.0
2023-04-26 00:00:00-04:00,51.5,51.630001068115234,51.0099983215332,51.08000183105469,72100,0.0,0.0,0.0
2023-04-27 00:00:00-04:00,51.09000015258789,52.029998779296875,51.09000015258789,51.9900016784668,21400,0.0,0.0,0.0
2023-04-28 00:00:00-04:00,51.880001068115234,52.4900016784668,51.880001068115234,52.45000076293945,43300,0.0,0.0,0.0
2023-05-01 00:00:00-04:00,52.310001373291016,52.70399856567383,52.310001373291016,52.54999923706055,47500,0.0,0.0,0.0
2023-05-02 00:00:00-04:00,52.25,52.25,51.52000045776367,52.0099983215332,39300,0.0,0.0,0.0
2023-05-03 00:00:00-04:00,52.150001525878906,52.36899948120117,51.790000915527344,51.79999923706055,42500,0.0,0.0,0.0
2023-05-04 00:00:00-04:00,51.58000183105469,51.70000076293945,51.31999969482422,51.4900016784668,106300,0.0,0.0,0.0
2023-05-05 00:00:00-04:00,51.779998779296875,52.189998626708984,51.779998779296875,52.06999969482422,61100,0.0,0.0,0.0
2023-05-08 00:00:00-04:00,52.25,52.25,51.80400085449219,51.91999816894531,42100,0.0,0.0,0.0
2023-05-09 00:00:00-04:00,51.72100067138672,51.91999816894531,51.599998474121094,51.63999938964844,49600,0.0,0.0,0.0
2023-05-10 00:00:00-04:00,52.099998474121094,52.099998474121094,51.25,51.72999954223633,161700,0.0,0.0,0.0
2023-05-11 00:00:00-04:00,51.65999984741211,51.65999984741211,51.189998626708984,51.54100036621094,107700,0.0,0.0,0.0
2023-05-12 00:00:00-04:00,51.680999755859375,51.72999954223633,51.279998779296875,51.630001068115234,142200,0.0,0.0,0.0
2023-05-15 00:00:00-04:00,51.547000885009766,51.70000076293945,51.41999816894531,51.59000015258789,79600,0.0,0.0,0.0
2023-05-16 00:00:00-04:00,51.599998474121094,51.599998474121094,51.04499816894531,51.060001373291016,91000,0.0,0.0,0.0
2023-05-17 00:00:00-04:00,51.52000045776367,51.52000045776367,51.042999267578125,51.439998626708984,211900,0.0,0.0,0.0
2023-05-18 00:00:00-04:00,51.40999984741211,51.58000183105469,51.12799835205078,51.540000915527344,102000,0.0,0.0,0.0
2023-05-19 00:00:00-04:00,51.54999923706055,51.75,51.32500076293945,51.5,263800,0.0,0.0,0.0
2023-05-22 00:00:00-04:00,51.66999816894531,51.66999816894531,51.150001525878906,51.27000045776367,53500,0.0,0.0,0.0
2023-05-23 00:00:00-04:00,50.9900016784668,51.2599983215332,50.779998779296875,50.83000183105469,81100,0.0,0.0,0.0
2023-05-24 00:00:00-04:00,50.720001220703125,50.720001220703125,50.25,50.279998779296875,163800,0.0,0.0,0.0
2023-05-25 00:00:00-04:00,50.099998474121094,50.40999984741211,49.73500061035156,49.97999954223633,115300,0.0,0.0,0.0
2023-05-26 00:00:00-04:00,50.119998931884766,50.21799850463867,49.91999816894531,50.040000915527344,50000,0.0,0.0,0.0
2023-05-30 00:00:00-04:00,50.13999938964844,50.209999084472656,49.696998596191406,49.79999923706055,92300,0.0,0.0,0.0
2023-05-31 00:00:00-04:00,49.75,49.75,49.319000244140625,49.4900016784668,41500,0.0,0.0,0.0
2023-06-01 00:00:00-04:00,49.625,49.959999084472656,49.369998931884766,49.88999938964844,104800,0.0,0.0,0.0
2023-06-02 00:00:00-04:00,50.290000915527344,51.18000030517578,50.040000915527344,51.15999984741211,129800,0.0,0.0,0.0
2023-06-05 00:00:00-04:00,51.2599983215332,51.27000045776367,50.90999984741211,50.939998626708984,69800,0.0,0.0,0.0
2023-06-06 00:00:00-04:00,51.040000915527344,51.16999816894531,50.814998626708984,51.0099983215332,81100,0.0,0.0,0.0
2023-06-07 00:00:00-04:00,51.13999938964844,51.650001525878906,51.02000045776367,51.61000061035156,55400,0.0,0.0,0.0
2023-06-08 00:00:00-04:00,51.66999816894531,52.16999816894531,51.3849983215332,51.689998626708984,340100,0.0,0.0,0.0
2023-06-09 00:00:00-04:00,51.790000915527344,51.810001373291016,51.51499938964844,51.650001525878906,296800,0.0,0.0,0.0
2023-06-12 00:00:00-04:00,51.779998779296875,51.8489990234375,51.5,51.77000045776367,94000,0.0,0.0,0.0
2023-06-13 00:00:00-04:00,51.79999923706055,52.310001373291016,51.79999923706055,52.25,71900,0.0,0.0,0.0
2023-06-14 00:00:00-04:00,52.380001068115234,52.5989990234375,52.05799865722656,52.15999984741211,122600,0.0,0.0,0.0
2023-06-15 00:00:00-04:00,52.27000045776367,52.91999816894531,52.27000045776367,52.849998474121094,101400,0.0,0.0,0.0
2023-06-16 00:00:00-04:00,53.119998931884766,53.15999984741211,52.90999984741211,52.939998626708984,83300,0.0,0.0,0.0
2023-06-20 00:00:00-04:00,52.90999984741211,52.90999984741211,52.41999816894531,52.470001220703125,108000,0.0,0.0,0.0
2023-06-21 00:00:00-04:00,52.790000915527344,52.790000915527344,52.08000183105469,52.459999084472656,171300,0.0,0.0,0.0
2023-06-22 00:00:00-04:00,52.63999938964844,52.63999938964844,52.15999984741211,52.290000915527344,172500,0.0,0.0,0.0
2023-06-23 00:00:00-04:00,52.470001220703125,52.470001220703125,51.849998474121094,51.95000076293945,169700,0.0,0.0,0.0
2023-06-26 00:00:00-04:00,51.974998474121094,52.43000030517578,51.939998626708984,52.34000015258789,118800,0.0,0.0,0.0
2023-06-27 00:00:00-04:00,53.25,53.25,51.768001556396484,52.279998779296875,310100,0.0,0.0,0.0
2023-06-28 00:00:00-04:00,52.380001068115234,52.380001068115234,51.867000579833984,51.9900016784668,291900,0.0,0.0,0.0
2023-06-29 00:00:00-04:00,52.099998474121094,52.38999938964844,51.79999923706055,52.3650016784668,177800,0.0,0.0,0.0
2023-06-30 00:00:00-04:00,52.95000076293945,52.95000076293945,52.54999923706055,52.849998474121094,151500,0.0,0.0,0.0
2023-07-03 00:00:00-04:00,52.790000915527344,52.93000030517578,52.59000015258789,52.90999984741211,33400,0.0,0.0,0.0
2023-07-05 00:00:00-04:00,52.7599983215332,52.7599983215332,52.5,52.58000183105469,92900,0.0,0.0,0.0
2023-07-06 00:00:00-04:00,52.40999984741211,52.40999984741211,51.88999938964844,52.220001220703125,58600,0.0,0.0,0.0
2023-07-07 00:00:00-04:00,52.189998626708984,52.59400177001953,52.11000061035156,52.130001068115234,116200,0.0,0.0,0.0
2023-07-10 00:00:00-04:00,52.22999954223633,52.709999084472656,52.22999954223633,52.4900016784668,97700,0.0,0.0,0.0
2023-07-11 00:00:00-04:00,52.810001373291016,53.02000045776367,52.68000030517578,52.970001220703125,230300,0.0,0.0,0.0
2023-07-12 00:00:00-04:00,53.25,53.310001373291016,53.08000183105469,53.150001525878906,308300,0.0,0.0,0.0
2023-07-13 00:00:00-04:00,53.36000061035156,53.36000061035156,53.09000015258789,53.220001220703125,137000,0.0,0.0,0.0
2023-07-14 00:00:00-04:00,53.380001068115234,53.380001068115234,52.880001068115234,53.029998779296875,407700,0.0,0.0,0.0
2023-07-17 00:00:00-04:00,53.130001068115234,53.2599983215332,52.89500045776367,53.15999984741211,135600,0.0,0.0,0.0
2023-07-18 00:00:00-04:00,53.2599983215332,53.57899856567383,53.112998962402344,53.349998474121094,409700,0.0,0.0,0.0
2023-07-19 00:00:00-04:00,53.27000045776367,53.59000015258789,53.27000045776367,53.540000915527344,148800,0.0,0.0,0.0
2023-07-20 00:00:00-04:00,53.630001068115234,53.88999938964844,53.380001068115234,53.880001068115234,136700,0.0,0.0,0.0
2023-07-21 00:00:00-04:00,54.130001068115234,54.130001068115234,53.875999450683594,54.0099983215332,210300,0.0,0.0,0.0
2023-07-24 00:00:00-04:00,54.16999816894531,54.310001373291016,54.02000045776367,54.130001068115234,178800,0.0,0.0,0.0
2023-07-25 00:00:00-04:00,54.220001220703125,54.310001373291016,54.05500030517578,54.25,352300,0.0,0.0,0.0
2023-07-26 00:00:00-04:00,54.279998779296875,54.439998626708984,54.198001861572266,54.369998931884766,297100,0.0,0.0,0.0
2023-07-27 00:00:00-04:00,54.619998931884766,54.619998931884766,53.849998474121094,53.90999984741211,274500,0.0,0.0,0.0
2023-07-28 00:00:00-04:00,54.400001525878906,54.42599868774414,54.000999450683594,54.20000076293945,383700,0.0,0.0,0.0
2023-07-31 00:00:00-04:00,54.369998931884766,54.380001068115234,54.029998779296875,54.11000061035156,580200,0.0,0.0,0.0
2023-08-01 00:00:00-04:00,54.209999084472656,54.459999084472656,53.9900016784668,54.11000061035156,208300,0.0,0.0,0.0
2023-08-02 00:00:00-04:00,53.849998474121094,54.1870002746582,53.849998474121094,53.970001220703125,337700,0.0,0.0,0.0
2023-08-03 00:00:00-04:00,54.279998779296875,54.279998779296875,53.665000915527344,53.70000076293945,260200,0.0,0.0,0.0
2023-08-04 00:00:00-04:00,53.95000076293945,54.040000915527344,53.38999938964844,53.459999084472656,148800,0.0,0.0,0.0
2023-08-07 00:00:00-04:00,53.79999923706055,53.939998626708984,53.630001068115234,53.88999938964844,186900,0.0,0.0,0.0
2023-08-08 00:00:00-04:00,53.68000030517578,53.68000030517578,53.16999816894531,53.540000915527344,306000,0.0,0.0,0.0
2023-08-09 00:00:00-04:00,53.630001068115234,53.83000183105469,53.439998626708984,53.52000045776367,265700,0.0,0.0,0.0
2023-08-10 00:00:00-04:00,53.849998474121094,53.97999954223633,53.279998779296875,53.38999938964844,234700,0.0,0.0,0.0
2023-08-11 00:00:00-04:00,53.369998931884766,53.52000045776367,53.29499816894531,53.470001220703125,284600,0.0,0.0,0.0
2023-08-14 00:00:00-04:00,53.4900016784668,53.619998931884766,53.25400161743164,53.38999938964844,262800,0.0,0.0,0.0
2023-08-15 00:00:00-04:00,53.2400016784668,53.2400016784668,52.75,52.810001373291016,229400,0.0,0.0,0.0
2023-08-16 00:00:00-04:00,52.84000015258789,53.220001220703125,52.58000183105469,52.58000183105469,336800,0.0,0.0,0.0
2023-08-17 00:00:00-04:00,52.939998626708984,52.94499969482422,52.33000183105469,52.33000183105469,358300,0.0,0.0,0.0
2023-08-18 00:00:00-04:00,52.209999084472656,52.56999969482422,52.172000885009766,52.40999984741211,214100,0.0,0.0,0.0
2023-08-21 00:00:00-04:00,52.529998779296875,52.571998596191406,51.99800109863281,52.2400016784668,182200,0.0,0.0,0.0
2023-08-22 00:00:00-04:00,51.83000183105469,51.90999984741211,51.54999923706055,51.619998931884766,267100,0.0,0.0,0.0
2023-08-23 00:00:00-04:00,52.15999984741211,52.15999984741211,51.650001525878906,51.91999816894531,311700,0.0,0.0,0.0
2023-08-24 00:00:00-04:00,52.02000045776367,52.24300003051758,51.61000061035156,51.650001525878906,339000,0.0,0.0,0.0
2023-08-25 00:00:00-04:00,51.97999954223633,52.29999923706055,51.59000015258789,51.91999816894531,348300,0.0,0.0,0.0
2023-08-28 00:00:00-04:00,52.279998779296875,52.34000015258789,52.04999923706055,52.16999816894531,446100,0.0,0.0,0.0
2023-08-29 00:00:00-04:00,52.290000915527344,52.63999938964844,52.150001525878906,52.599998474121094,308000,0.0,0.0,0.0
2023-08-30 00:00:00-04:00,52.720001220703125,52.81999969482422,52.595001220703125,52.68000030517578,443200,0.0,0.0,0.0
2023-08-31 00:00:00-04:00,52.810001373291016,53.15999984741211,52.47999954223633,52.5099983215332,669700,0.0,0.0,0.0
2023-09-01 00:00:00-04:00,52.810001373291016,52.810001373291016,52.45000076293945,52.4900016784668,236700,0.0,0.0,0.0
2023-09-05 00:00:00-04:00,52.58000183105469,52.900001525878906,51.88999938964844,51.939998626708984,471800,0.0,0.0,0.0
2023-09-06 00:00:00-04:00,51.97999954223633,52.0,51.61000061035156,51.790000915527344,266600,0.0,0.0,0.0
2023-09-07 00:00:00-04:00,51.7599983215332,52.058998107910156,51.650001525878906,51.834999084472656,257300,0.0,0.0,0.0
2023-09-08 00:00:00-04:00,51.939998626708984,52.2599983215332,51.68000030517578,51.790000915527344,287300,0.0,0.0,0.0
2023-09-11 00:00:00-04:00,52.040000915527344,52.040000915527344,51.77000045776367,51.90999984741211,366500,0.0,0.0,0.0
2023-09-12 00:00:00-04:00,52.0,52.029998779296875,51.689998626708984,51.75,305900,0.0,0.0,0.0
2023-09-13 00:00:00-04:00,51.880001068115234,52.209999084472656,51.52000045776367,51.63999938964844,359200,0.0,0.0,0.0
2023-09-14 00:00:00-04:00,52.040000915527344,52.119998931884766,51.84199905395508,52.11000061035156,427400,0.0,0.0,0.0
2023-09-15 00:00:00-04:00,52.11000061035156,52.11000061035156,51.650001525878906,51.709999084472656,435900,0.0,0.0,0.0
2023-09-18 00:00:00-04:00,51.81999969482422,51.86000061035156,51.470001220703125,51.619998931884766,342500,0.0,0.0,0.0
2023-09-19 00:00:00-04:00,51.65999984741211,51.7599983215332,51.323001861572266,51.560001373291016,470900,0.0,0.0,0.0
2023-09-20 00:00:00-04:00,51.709999084472656,51.869998931884766,51.36399841308594,51.400001525878906,729400,0.0,0.0,0.0
2023-09-21 00:00:00-04:00,51.2400016784668,52.25,50.619998931884766,50.630001068115234,343600,0.0,0.0,0.0
2023-09-22 00:00:00-04:00,50.40999984741211,50.5,50.040000915527344,50.099998474121094,523700,0.0,0.0,0.0
2023-09-25 00:00:00-04:00,50.029998779296875,50.18000030517578,49.90999984741211,50.15999984741211,229800,0.0,0.0,0.0
2023-09-26 00:00:00-04:00,50.029998779296875,50.029998779296875,49.45000076293945,49.47999954223633,397300,0.0,0.0,0.0
2023-09-27 00:00:00-04:00,49.779998779296875,49.79600143432617,49.06999969482422,49.349998474121094,384200,0.0,0.0,0.0
2023-09-28 00:00:00-04:00,49.349998474121094,49.68000030517578,49.31999969482422,49.529998779296875,238700,0.0,0.0,0.0
2023-09-29 00:00:00-04:00,49.849998474121094,50.02000045776367,49.20000076293945,49.36000061035156,338300,0.0,0.0,0.0
2023-10-02 00:00:00-04:00,49.27000045776367,49.279998779296875,48.56999969482422,48.84000015258789,330800,0.0,0.0,0.0
2023-10-03 00:00:00-04:00,48.70000076293945,48.89400100708008,48.349998474121094,48.5099983215332,477100,0.0,0.0,0.0
2023-10-04 00:00:00-04:00,48.77000045776367,48.81999969482422,48.209999084472656,48.790000915527344,344400,0.0,0.0,0.0
2023-10-05 00:00:00-04:00,48.77000045776367,48.77000045776367,48.249000549316406,48.41999816894531,280100,0.0,0.0,0.0
2023-10-06 00:00:00-04:00,48.29999923706055,48.83000183105469,47.77000045776367,48.56999969482422,401800,0.0,0.0,0.0
2023-10-09 00:00:00-04:00,48.52000045776367,48.88999938964844,48.388999938964844,48.880001068115234,231500,0.0,0.0,0.0
2023-10-10 00:00:00-04:00,49.040000915527344,49.4900016784668,48.880001068115234,49.22999954223633,681800,0.0,0.0,0.0
2023-10-11 00:00:00-04:00,49.29999923706055,49.54999923706055,48.91999816894531,49.220001220703125,457800,0.0,0.0,0.0
2023-10-12 00:00:00-04:00,49.439998626708984,49.439998626708984,48.43000030517578,48.65999984741211,544500,0.0,0.0,0.0
2023-10-13 00:00:00-04:00,48.86000061035156,48.970001220703125,48.45000076293945,48.65999984741211,263700,0.0,0.0,0.0
2023-10-16 00:00:00-04:00,48.869998931884766,49.27000045776367,48.56999969482422,49.099998474121094,301200,0.0,0.0,0.0
2023-10-17 00:00:00-04:00,48.9900016784668,49.52399826049805,48.970001220703125,49.31999969482422,345500,0.0,0.0,0.0
2023-10-18 00:00:00-04:00,49.20000076293945,49.290000915527344,48.54999923706055,48.619998931884766,399100,0.0,0.0,0.0
2023-10-19 00:00:00-04:00,48.61000061035156,48.720001220703125,48.0,48.06999969482422,224100,0.0,0.0,0.0
2023-10-20 00:00:00-04:00,48.02000045776367,48.2859992980957,47.7599983215332,47.77000045776367,453000,0.0,0.0,0.0
2023-10-23 00:00:00-04:00,47.72999954223633,47.93199920654297,47.47999954223633,47.52000045776367,281000,0.0,0.0,0.0
2023-10-24 00:00:00-04:00,47.52000045776367,47.91999816894531,47.26599884033203,47.45000076293945,344300,0.0,0.0,0.0
2023-10-25 00:00:00-04:00,47.43000030517578,47.61000061035156,47.04999923706055,47.2400016784668,459700,0.0,0.0,0.0
2023-10-26 00:00:00-04:00,47.34000015258789,47.547000885009766,47.237998962402344,47.25,389300,0.0,0.0,0.0
2023-10-27 00:00:00-04:00,47.619998931884766,47.619998931884766,46.5099983215332,46.63999938964844,373000,0.0,0.0,0.0
2023-10-30 00:00:00-04:00,47.209999084472656,47.209999084472656,46.68000030517578,47.09000015258789,421900,0.0,0.0,0.0
2023-10-31 00:00:00-04:00,47.22999954223633,47.650001525878906,47.0099983215332,47.380001068115234,379200,0.0,0.0,0.0
2023-11-01 00:00:00-04:00,47.470001220703125,49.84000015258789,47.11000061035156,47.45000076293945,283900,0.0,0.0,0.0
2023-11-02 00:00:00-04:00,47.790000915527344,48.310001373291016,47.790000915527344,48.279998779296875,655900,0.0,0.0,0.0
2023-11-03 00:00:00-04:00,48.7599983215332,48.95000076293945,48.66400146484375,48.66999816894531,225100,0.0,0.0,0.0
2023-11-06 00:00:00-05:00,48.68000030517578,48.75,48.42399978637695,48.52000045776367,267200,0.0,0.0,0.0
2023-11-07 00:00:00-05:00,48.5,48.5,48.13999938964844,48.31999969482422,368500,0.0,0.0,0.0
2023-11-08 00:00:00-05:00,48.45000076293945,48.46500015258789,48.11000061035156,48.310001373291016,306600,0.0,0.0,0.0
2023-11-09 00:00:00-05:00,48.33000183105469,48.667999267578125,47.88999938964844,47.959999084472656,295900,0.0,0.0,0.0
2023-11-10 00:00:00-05:00,48.119998931884766,48.3650016784668,47.91999816894531,48.34000015258789,232500,0.0,0.0,0.0
2023-11-13 00:00:00-05:00,48.275001525878906,48.43000030517578,48.167999267578125,48.279998779296875,214100,0.0,0.0,0.0
2023-11-14 00:00:00-05:00,48.790000915527344,49.38999938964844,48.790000915527344,49.290000915527344,346600,0.0,0.0,0.0
2023-11-15 00:00:00-05:00,49.52000045776367,49.7599983215332,49.349998474121094,49.5099983215332,362800,0.0,0.0,0.0
2023-11-16 00:00:00-05:00,49.58000183105469,49.71099853515625,49.34000015258789,49.459999084472656,320800,0.0,0.0,0.0
2023-11-17 00:00:00-05:00,49.63999938964844,49.64500045776367,49.45000076293945,49.61000061035156,313900,0.0,0.0,0.0
2023-11-20 00:00:00-05:00,49.599998474121094,49.8380012512207,49.35200119018555,49.70000076293945,255800,0.0,0.0,0.0
2023-11-21 00:00:00-05:00,49.369998931884766,49.97999954223633,49.16999816894531,49.52000045776367,430800,0.0,0.0,0.0
2023-11-22 00:00:00-05:00,49.52000045776367,49.64899826049805,49.38999938964844,49.560001373291016,264200,0.0,0.0,0.0
2023-11-24 00:00:00-05:00,49.525001525878906,49.70000076293945,49.47999954223633,49.70000076293945,115000,0.0,0.0,0.0
2023-11-27 00:00:00-05:00,49.7400016784668,49.7400016784668,49.41299819946289,49.58000183105469,322000,0.0,0.0,0.0
2023-11-28 00:00:00-05:00,49.4900016784668,49.77000045776367,49.43000030517578,49.540000915527344,403900,0.0,0.0,0.0
2023-11-29 00:00:00-05:00,49.619998931884766,49.77899932861328,49.380001068115234,49.470001220703125,237200,0.0,0.0,0.0
2023-11-30 00:00:00-05:00,49.52000045776367,49.900001525878906,49.36399841308594,49.880001068115234,412300,0.0,0.0,0.0
2023-12-01 00:00:00-05:00,49.880001068115234,50.380001068115234,49.84000015258789,50.380001068115234,365100,0.0,0.0,0.0
2023-12-04 00:00:00-05:00,50.13999938964844,50.54999923706055,50.13999938964844,50.45000076293945,319700,0.0,0.0,0.0
2023-12-05 00:00:00-05:00,50.349998474121094,50.36000061035156,50.04999923706055,50.06999969482422,277200,0.0,0.0,0.0
2023-12-06 00:00:00-05:00,50.150001525878906,50.2599983215332,50.02000045776367,50.099998474121094,441400,0.0,0.0,0.0
2023-12-07 00:00:00-05:00,50.209999084472656,50.40999984741211,50.04999923706055,50.34000015258789,294700,0.0,0.0,0.0
2023-12-08 00:00:00-05:00,50.33000183105469,50.47999954223633,50.15999984741211,50.2599983215332,235900,0.0,0.0,0.0
2023-12-11 00:00:00-05:00,50.27000045776367,50.529998779296875,50.27000045776367,50.52000045776367,366600,0.0,0.0,0.0
2023-12-12 00:00:00-05:00,50.63999938964844,50.779998779296875,50.37799835205078,50.75,328400,0.0,0.0,0.0
2023-12-13 00:00:00-05:00,50.720001220703125,51.540000915527344,50.595001220703125,51.529998779296875,403000,0.0,0.0,0.0
2023-12-14 00:00:00-05:00,51.83000183105469,51.970001220703125,51.619998931884766,51.720001220703125,463500,0.0,0.0,0.0
2023-12-15 00:00:00-05:00,51.709999084472656,51.709999084472656,51.24700164794922,51.400001525878906,414300,0.0,0.0,0.0
2023-12-18 00:00:00-05:00,51.439998626708984,51.61000061035156,51.31999969482422,51.45500183105469,418200,0.0,0.0,0.0
2023-12-19 00:00:00-05:00,51.630001068115234,51.779998779296875,51.5,51.720001220703125,363100,0.0,0.0,0.0
2023-12-20 00:00:00-05:00,51.630001068115234,51.729000091552734,51.000999450683594,51.029998779296875,322300,0.0,0.0,0.0
2023-12-21 00:00:00-05:00,51.29999923706055,51.529998779296875,51.08000183105469,51.4900016784668,301200,0.0,0.0,0.0
2023-12-22 00:00:00-05:00,51.189998626708984,51.52000045776367,51.189998626708984,51.369998931884766,413200,0.0,0.0,0.0
2023-12-26 00:00:00-05:00,51.439998626708984,51.720001220703125,51.29999923706055,51.61000061035156,232000,0.0,0.0,0.0
2023-12-27 00:00:00-05:00,51.59000015258789,51.7140007019043,51.439998626708984,51.70000076293945,319000,0.0,0.0,0.0
2023-12-28 00:00:00-05:00,51.599998474121094,51.79999923706055,51.599998474121094,51.7400016784668,277800,0.0,0.0,0.0
2023-12-29 00:00:00-05:00,51.7400016784668,51.81999969482422,51.470001220703125,51.68000030517578,283000,0.0,0.0,0.0
2024-01-02 00:00:00-05:00,51.45000076293945,51.91899871826172,51.45000076293945,51.790000915527344,387600,0.0,0.0,0.0
2024-01-03 00:00:00-05:00,51.7400016784668,51.7400016784668,51.202999114990234,51.25,511900,0.0,0.0,0.0
2024-01-04 00:00:00-05:00,51.2599983215332,51.470001220703125,51.20000076293945,51.22999954223633,307700,0.0,0.0,0.0
2024-01-05 00:00:00-05:00,51.22999954223633,51.5,51.0,51.2400016784668,305700,0.0,0.0,0.0
2024-01-08 00:00:00-05:00,51.13999938964844,51.63399887084961,51.119998931884766,51.619998931884766,515000,0.0,0.0,0.0
2024-01-09 00:00:00-05:00,51.40999984741211,51.43000030517578,51.25,51.41999816894531,270000,0.0,0.0,0.0
2024-01-10 00:00:00-05:00,51.36000061035156,51.59000015258789,51.36000061035156,51.540000915527344,376400,0.0,0.0,0.0
2024-01-11 00:00:00-05:00,51.56999969482422,51.599998474121094,51.16999816894531,51.45000076293945,504600,0.0,0.0,0.0
2024-01-12 00:00:00-05:00,51.66999816894531,51.74300003051758,51.349998474121094,51.5099983215332,360800,0.0,0.0,0.0
2024-01-16 00:00:00-05:00,51.400001525878906,51.400001525878906,51.04999923706055,51.220001220703125,318800,0.0,0.0,0.0
2024-01-17 00:00:00-05:00,51.0099983215332,51.25,50.7400016784668,50.880001068115234,577100,0.0,0.0,0.0
2024-01-18 00:00:00-05:00,50.9900016784668,51.060001373291016,50.65999984741211,51.04999923706055,604800,0.0,0.0,0.0
2024-01-19 00:00:00-05:00,51.130001068115234,51.33000183105469,50.72999954223633,51.220001220703125,450700,0.0,0.0,0.0
2024-01-22 00:00:00-05:00,51.18000030517578,51.40999984741211,51.099998474121094,51.27000045776367,381700,0.0,0.0,0.0
2024-01-23 00:00:00-05:00,50.900001525878906,51.09000015258789,50.75,50.959999084472656,392600,0.0,0.0,0.0
2024-01-24 00:00:00-05:00,51.11000061035156,51.119998931884766,50.415000915527344,50.5,573400,0.0,0.0,0.0
2024-01-25 00:00:00-05:00,50.779998779296875,51.119998931884766,50.72999954223633,51.119998931884766,542300,0.0,0.0,0.0
2024-01-26 00:00:00-05:00,51.209999084472656,51.33000183105469,51.02000045776367,51.16999816894531,660600,0.0,0.0,0.0
2024-01-29 00:00:00-05:00,51.189998626708984,51.380001068115234,51.02000045776367,51.380001068115234,479900,0.0,0.0,0.0
2024-01-30 00:00:00-05:00,51.40999984741211,51.630001068115234,51.16999816894531,51.59000015258789,428000,0.0,0.0,0.0
2024-01-31 00:00:00-05:00,51.65999984741211,51.72999954223633,51.02000045776367,51.099998474121094,517900,0.0,0.0,0.0
2024-02-01 00:00:00-05:00,51.150001525878906,51.58000183105469,50.810001373291016,51.58000183105469,528100,0.0,0.0,0.0
2024-02-02 00:00:00-05:00,51.4900016784668,51.64500045776367,51.125,51.41999816894531,343100,0.0,0.0,0.0
2024-02-05 00:00:00-05:00,51.290000915527344,51.290000915527344,50.68600082397461,50.790000915527344,331000,0.0,0.0,0.0
2024-02-06 00:00:00-05:00,50.959999084472656,51.209999084472656,50.777000427246094,51.15999984741211,417000,0.0,0.0,0.0
2024-02-07 00:00:00-05:00,51.31999969482422,51.470001220703125,51.2400016784668,51.349998474121094,577300,0.0,0.0,0.0
2024-02-08 00:00:00-05:00,51.349998474121094,51.349998474121094,50.939998626708984,51.22999954223633,415600,0.0,0.0,0.0
2024-02-09 00:00:00-05:00,51.209999084472656,51.279998779296875,50.97600173950195,51.189998626708984,378100,0.0,0.0,0.0
2024-02-12 00:00:00-05:00,51.36000061035156,51.58000183105469,51.189998626708984,51.5099983215332,314400,0.0,0.0,0.0
2024-02-13 00:00:00-05:00,51.06999969482422,51.220001220703125,50.4640007019043,50.81999969482422,519500,0.0,0.0,0.0
2024-02-14 00:00:00-05:00,51.060001373291016,51.060001373291016,50.7400016784668,51.029998779296875,333800,0.0,0.0,0.0
2024-02-15 00:00:00-05:00,51.04999923706055,51.470001220703125,51.04999923706055,51.439998626708984,332900,0.0,0.0,0.0
2024-02-16 00:00:00-05:00,51.43000030517578,51.63999938964844,51.2400016784668,51.380001068115234,492700,0.0,0.0,0.0
2024-02-20 00:00:00-05:00,51.33000183105469,51.58000183105469,51.2400016784668,51.33000183105469,355600,0.0,0.0,0.0
2024-02-21 00:00:00-05:00,51.0099983215332,51.27000045776367,50.90999984741211,51.2400016784668,423400,0.0,0.0,0.0
2024-02-22 00:00:00-05:00,51.43000030517578,51.6150016784668,51.15999984741211,51.540000915527344,435500,0.0,0.0,0.0
2024-02-23 00:00:00-05:00,51.72999954223633,51.83000183105469,51.53099822998047,51.75,423400,0.0,0.0,0.0
2024-02-26 00:00:00-05:00,51.77000045776367,51.77000045776367,51.472999572753906,51.529998779296875,366900,0.0,0.0,0.0
2024-02-27 00:00:00-05:00,51.63999938964844,51.65999984741211,51.45000076293945,51.650001525878906,389200,0.0,0.0,0.0
2024-02-28 00:00:00-05:00,51.66999816894531,51.8489990234375,51.560001373291016,51.7599983215332,377800,0.0,0.0,0.0
2024-02-29 00:00:00-05:00,52.11000061035156,52.11000061035156,51.779998779296875,51.939998626708984,410900,0.0,0.0,0.0
2024-03-01 00:00:00-05:00,52.060001373291016,52.060001373291016,51.75,52.040000915527344,467900,0.0,0.0,0.0
2024-03-04 00:00:00-05:00,51.97999954223633,52.13999938964844,51.93000030517578,52.06999969482422,348300,0.0,0.0,0.0
2024-03-05 00:00:00-05:00,52.05500030517578,52.209999084472656,51.77000045776367,51.90999984741211,506400,0.0,0.0,0.0
2024-03-06 00:00:00-05:00,52.119998931884766,52.31999969482422,52.060001373291016,52.220001220703125,413000,0.0,0.0,0.0
2024-03-07 00:00:00-05:00,52.45000076293945,52.56700134277344,52.36800003051758,52.4900016784668,443200,0.0,0.0,0.0
2024-03-08 00:00:00-05:00,52.599998474121094,52.66999816894531,52.44900131225586,52.5,347500,0.0,0.0,0.0
2024-03-11 00:00:00-04:00,52.54999923706055,52.709999084472656,52.36000061035156,52.70000076293945,287300,0.0,0.0,0.0
2024-03-12 00:00:00-04:00,52.88999938964844,52.97999954223633,52.6619987487793,52.869998931884766,349900,0.0,0.0,0.0
2024-03-13 00:00:00-04:00,53.099998474121094,53.11000061035156,52.880001068115234,53.029998779296875,280200,0.0,0.0,0.0
2024-03-14 00:00:00-04:00,53.130001068115234,53.130001068115234,52.404998779296875,52.619998931884766,324900,0.0,0.0,0.0
2024-03-15 00:00:00-04:00,52.599998474121094,52.720001220703125,52.439998626708984,52.709999084472656,314800,0.0,0.0,0.0
2024-03-18 00:00:00-04:00,52.91999816894531,53.130001068115234,52.67499923706055,52.7400016784668,271100,0.0,0.0,0.0
2024-03-19 00:00:00-04:00,52.849998474121094,53.01599884033203,52.72999954223633,52.9900016784668,341300,0.0,0.0,0.0
2024-03-20 00:00:00-04:00,53.08000183105469,53.23500061035156,52.869998931884766,53.209999084472656,432000,0.0,0.0,0.0
2024-03-21 00:00:00-04:00,53.04999923706055,53.165000915527344,52.77000045776367,53.08000183105469,296100,0.0,0.0,0.0
2024-03-22 00:00:00-04:00,53.09000015258789,53.13199996948242,52.82400131225586,52.880001068115234,231400,0.0,0.0,0.0
2024-03-25 00:00:00-04:00,52.90999984741211,52.9900016784668,52.66999816894531,52.720001220703125,271400,0.0,0.0,0.0
2024-03-26 00:00:00-04:00,52.86000061035156,52.895999908447266,52.724998474121094,52.75,316300,0.0,0.0,0.0
2024-03-27 00:00:00-04:00,53.02000045776367,53.560001373291016,53.02000045776367,53.540000915527344,328200,0.0,0.0,0.0
2024-03-28 00:00:00-04:00,53.790000915527344,53.790000915527344,53.573001861572266,53.709999084472656,311100,0.0,0.0,0.0
2024-04-01 00:00:00-04:00,53.869998931884766,54.0,53.36000061035156,53.5,373400,0.0,0.0,0.0
2024-04-02 00:00:00-04:00,53.25,53.39500045776367,53.00299835205078,53.13999938964844,287400,0.0,0.0,0.0
2024-04-03 00:00:00-04:00,53.209999084472656,53.209999084472656,52.90999984741211,53.040000915527344,366700,0.0,0.0,0.0
2024-04-04 00:00:00-04:00,53.36000061035156,53.36000061035156,52.444000244140625,52.56999969482422,505900,0.0,0.0,0.0
2024-04-05 00:00:00-04:00,52.560001373291016,52.88999938964844,52.51300048828125,52.81999969482422,384600,0.0,0.0,0.0
2024-04-08 00:00:00-04:00,52.84000015258789,53.02899932861328,52.70000076293945,52.869998931884766,241000,0.0,0.0,0.0
2024-04-09 00:00:00-04:00,53.0,53.060001373291016,52.59299850463867,53.04999923706055,292200,0.0,0.0,0.0
2024-04-10 00:00:00-04:00,52.5099983215332,52.65999984741211,52.27000045776367,52.459999084472656,482000,0.0,0.0,0.0
2024-04-11 00:00:00-04:00,52.619998931884766,52.619998931884766,52.055999755859375,52.189998626708984,352600,0.0,0.0,0.0
2024-04-12 00:00:00-04:00,52.04999923706055,52.150001525878906,51.439998626708984,51.61000061035156,260900,0.0,0.0,0.0
2024-04-15 00:00:00-04:00,52.06999969482422,52.08000183105469,51.220001220703125,51.349998474121094,218000,0.0,0.0,0.0
2024-04-16 00:00:00-04:00,51.47999954223633,51.47999954223633,51.05799865722656,51.150001525878906,279200,0.0,0.0,0.0
2024-04-17 00:00:00-04:00,51.40999984741211,51.40999984741211,50.939998626708984,51.189998626708984,323100,0.0,0.0,0.0
2024-04-18 00:00:00-04:00,51.349998474121094,51.54999923706055,51.15399932861328,51.369998931884766,274600,0.0,0.0,0.0
2024-04-19 00:00:00-04:00,51.38999938964844,51.72999954223633,51.380001068115234,51.72999954223633,340100,0.0,0.0,0.0
2024-04-22 00:00:00-04:00,51.90999984741211,52.22800064086914,51.52199935913086,52.02000045776367,275800,0.0,0.0,0.0
2024-04-23 00:00:00-04:00,51.810001373291016,51.83000183105469,51.560001373291016,51.720001220703125,314300,0.0,0.0,0.0
2024-04-24 00:00:00-04:00,51.689998626708984,51.779998779296875,51.36000061035156,51.72999954223633,250600,0.0,0.0,0.0
2024-04-25 00:00:00-04:00,51.529998779296875,51.61000061035156,51.1619987487793,51.4900016784668,314500,0.0,0.0,0.0
2024-04-26 00:00:00-04:00,51.59000015258789,51.59000015258789,51.29999923706055,51.34000015258789,248800,0.0,0.0,0.0
2024-04-29 00:00:00-04:00,51.56999969482422,51.61000061035156,51.38999938964844,51.61000061035156,249000,0.0,0.0,0.0
2024-04-30 00:00:00-04:00,51.52000045776367,51.52000045776367,51.16999816894531,51.220001220703125,358300,0.0,0.0,0.0
2024-05-01 00:00:00-04:00,51.31999969482422,51.72999954223633,51.090999603271484,51.2599983215332,290000,0.0,0.0,0.0
2024-05-02 00:00:00-04:00,51.400001525878906,51.61000061035156,51.16999816894531,51.5099983215332,297400,0.0,0.0,0.0
2024-05-03 00:00:00-04:00,51.83000183105469,51.83000183105469,51.45000076293945,51.689998626708984,288300,0.0,0.0,0.0
2024-05-06 00:00:00-04:00,51.959999084472656,51.959999084472656,51.608001708984375,51.86000061035156,435500,0.0,0.0,0.0
2024-05-07 00:00:00-04:00,52.06999969482422,52.18899917602539,51.95000076293945,52.150001525878906,455400,0.0,0.0,0.0
2024-05-08 00:00:00-04:00,52.029998779296875,52.150001525878906,51.91999816894531,52.119998931884766,451600,0.0,0.0,0.0
2024-05-09 00:00:00-04:00,52.20000076293945,52.540000915527344,52.040000915527344,52.540000915527344,363800,0.0,0.0,0.0
2024-05-10 00:00:00-04:00,52.689998626708984,52.720001220703125,52.551998138427734,52.689998626708984,284300,0.0,0.0,0.0
2024-05-13 00:00:00-04:00,52.810001373291016,52.95000076293945,52.558998107910156,52.630001068115234,273200,0.0,0.0,0.0
2024-05-14 00:00:00-04:00,52.72999954223633,52.79999923706055,52.374000549316406,52.59000015258789,300300,0.0,0.0,0.0
2024-05-15 00:00:00-04:00,52.77000045776367,52.790000915527344,52.599998474121094,52.720001220703125,330500,0.0,0.0,0.0
2024-05-16 00:00:00-04:00,52.720001220703125,52.900001525878906,52.63999938964844,52.81999969482422,398900,0.0,0.0,0.0
2024-05-17 00:00:00-04:00,52.810001373291016,52.959999084472656,52.70000076293945,52.959999084472656,258700,0.0,0.0,0.0
2024-05-20 00:00:00-04:00,52.959999084472656,52.959999084472656,52.67399978637695,52.7400016784668,276000,0.0,0.0,0.0
2024-05-21 00:00:00-04:00,52.40999984741211,52.40999984741211,52.0620002746582,52.189998626708984,291000,0.0,0.0,0.0
2024-05-22 00:00:00-04:00,52.119998931884766,52.20399856567383,51.88999938964844,52.04999923706055,382600,0.0,0.0,0.0
2024-05-23 00:00:00-04:00,52.15999984741211,52.15999984741211,51.290000915527344,51.34000015258789,357400,0.0,0.0,0.0
2024-05-24 00:00:00-04:00,51.470001220703125,51.56999969482422,51.29999923706055,51.45000076293945,167400,0.0,0.0,0.0
2024-05-28 00:00:00-04:00,51.43000030517578,51.43000030517578,50.79999923706055,50.91999816894531,343900,0.0,0.0,0.0
2024-05-29 00:00:00-04:00,50.779998779296875,50.849998474121094,50.35100173950195,50.400001525878906,272600,0.0,0.0,0.0
2024-05-30 00:00:00-04:00,50.43000030517578,50.65999984741211,50.34000015258789,50.650001525878906,320400,0.0,0.0,0.0
2024-05-31 00:00:00-04:00,50.79999923706055,51.560001373291016,50.650001525878906,51.560001373291016,361400,0.0,0.0,0.0
2024-06-03 00:00:00-04:00,51.630001068115234,51.630001068115234,50.97999954223633,51.279998779296875,306000,0.0,0.0,0.0
2024-06-04 00:00:00-04:00,51.189998626708984,51.34400177001953,51.042999267578125,51.2400016784668,272400,0.0,0.0,0.0
2024-06-05 00:00:00-04:00,51.400001525878906,51.400001525878906,50.8849983215332,51.27000045776367,513900,0.0,0.0,0.0
2024-06-06 00:00:00-04:00,51.36000061035156,51.36000061035156,51.0620002746582,51.25,188200,0.0,0.0,0.0
2024-06-07 00:00:00-04:00,51.13999938964844,51.38999938964844,50.994998931884766,51.150001525878906,244700,0.0,0.0,0.0
2024-06-10 00:00:00-04:00,51.130001068115234,51.13999938964844,50.83599853515625,51.09000015258789,294600,0.0,0.0,0.0
2024-06-11 00:00:00-04:00,51.0099983215332,51.0099983215332,50.599998474121094,50.900001525878906,260600,0.0,0.0,0.0
2024-06-12 00:00:00-04:00,51.33000183105469,51.33000183105469,50.92100143432617,51.04999923706055,306100,0.0,0.0,0.0
2024-06-13 00:00:00-04:00,51.08000183105469,51.08000183105469,50.599998474121094,51.0,355400,0.0,0.0,0.0
2024-06-14 00:00:00-04:00,50.88999938964844,50.88999938964844,50.290000915527344,50.689998626708984,289700,0.0,0.0,0.0
2024-06-17 00:00:00-04:00,50.650001525878906,51.119998931884766,50.380001068115234,51.11000061035156,280600,0.0,0.0,0.0
2024-06-18 00:00:00-04:00,51.060001373291016,51.310001373291016,50.983001708984375,51.16999816894531,384200,0.0,0.0,0.0
2024-06-20 00:00:00-04:00,51.150001525878906,51.439998626708984,51.0,51.34000015258789,417400,0.0,0.0,0.0
2024-06-21 00:00:00-04:00,51.369998931884766,51.44499969482422,51.209999084472656,51.40999984741211,401400,0.0,0.0,0.0
2024-06-24 00:00:00-04:00,51.38999938964844,51.880001068115234,51.27000045776367,51.650001525878906,328900,0.0,0.0,0.0
2024-06-25 00:00:00-04:00,51.66999816894531,51.66999816894531,50.95000076293945,51.08000183105469,278000,0.0,0.0,0.0
2024-06-26 00:00:00-04:00,50.970001220703125,50.970001220703125,50.724998474121094,50.90999984741211,391800,0.0,0.0,0.0
2024-06-27 00:00:00-04:00,50.599998474121094,50.66699981689453,50.36000061035156,50.560001373291016,439900,0.0,0.0,0.0
2024-06-28 00:00:00-04:00,50.650001525878906,50.7400016784668,50.310001373291016,50.52000045776367,415600,0.0,0.0,0.0
2024-07-01 00:00:00-04:00,50.630001068115234,50.70000076293945,49.97200012207031,50.02000045776367,404700,0.0,0.0,0.0
2024-07-02 00:00:00-04:00,50.150001525878906,50.20000076293945,49.93000030517578,50.189998626708984,348600,0.0,0.0,0.0
2024-07-03 00:00:00-04:00,50.2400016784668,50.33000183105469,50.09000015258789,50.119998931884766,303100,0.0,0.0,0.0
2024-07-05 00:00:00-04:00,50.08000183105469,50.23099899291992,49.849998474121094,50.220001220703125,213700,0.0,0.0,0.0
2024-07-08 00:00:00-04:00,50.25,50.400001525878906,50.06999969482422,50.189998626708984,320400,0.0,0.0,0.0
2024-07-09 00:00:00-04:00,50.310001373291016,50.310001373291016,49.9900016784668,50.04999923706055,435800,0.0,0.0,0.0
2024-07-10 00:00:00-04:00,50.099998474121094,50.529998779296875,50.09000015258789,50.529998779296875,335000,0.0,0.0,0.0
2024-07-11 00:00:00-04:00,50.65999984741211,51.2400016784668,50.65999984741211,51.15999984741211,311900,0.0,0.0,0.0
2024-07-12 00:00:00-04:00,51.400001525878906,51.63999938964844,51.290000915527344,51.5,257700,0.0,0.0,0.0
2024-07-15 00:00:00-04:00,51.540000915527344,51.689998626708984,51.34000015258789,51.38999938964844,319500,0.0,0.0,0.0
2024-07-16 00:00:00-04:00,51.529998779296875,52.11000061035156,51.45000076293945,52.11000061035156,340300,0.0,0.0,0.0
2024-07-17 00:00:00-04:00,52.029998779296875,52.59000015258789,52.029998779296875,52.470001220703125,422300,0.0,0.0,0.0
2024-07-18 00:00:00-04:00,52.36000061035156,52.77000045776367,52.119998931884766,52.150001525878906,234000,0.0,0.0,0.0
2024-07-19 00:00:00-04:00,52.15999984741211,52.15999984741211,51.685001373291016,51.84000015258789,551600,0.0,0.0,0.0
2024-07-22 00:00:00-04:00,51.9900016784668,52.040000915527344,51.540000915527344,52.040000915527344,228500,0.0,0.0,0.0
2024-07-23 00:00:00-04:00,51.81999969482422,51.81999969482422,51.45500183105469,51.5,314400,0.0,0.0,0.0
2024-07-24 00:00:00-04:00,51.41999816894531,51.54100036621094,51.150001525878906,51.290000915527344,261800,0.0,0.0,0.0
2024-07-25 00:00:00-04:00,51.40999984741211,52.06800079345703,51.34000015258789,51.59000015258789,305900,0.0,0.0,0.0
2024-07-26 00:00:00-04:00,51.77000045776367,52.31999969482422,51.71500015258789,52.11000061035156,360500,0.0,0.0,0.0
2024-07-29 00:00:00-04:00,52.27000045776367,52.31999969482422,51.85300064086914,52.209999084472656,319300,0.0,0.0,0.0
2024-07-30 00:00:00-04:00,52.2599983215332,52.529998779296875,52.02000045776367,52.400001525878906,274900,0.0,0.0,0.0
2024-07-31 00:00:00-04:00,52.630001068115234,52.749000549316406,52.222999572753906,52.439998626708984,271700,0.0,0.0,0.0
2024-08-01 00:00:00-04:00,52.58000183105469,52.87900161743164,52.18199920654297,52.470001220703125,256200,0.0,0.0,0.0
2024-08-02 00:00:00-04:00,52.400001525878906,52.45000076293945,51.6150016784668,52.25,236400,0.0,0.0,0.0
2024-08-05 00:00:00-04:00,52.0,52.0,51.130001068115234,51.31999969482422,513500,0.0,0.0,0.0
2024-08-06 00:00:00-04:00,51.529998779296875,52.09000015258789,51.27299880981445,51.619998931884766,342300,0.0,0.0,0.0
2024-08-07 00:00:00-04:00,51.79999923706055,52.19900131225586,51.29999923706055,51.36000061035156,243000,0.0,0.0,0.0
2024-08-08 00:00:00-04:00,51.59000015258789,51.90999984741211,51.36000061035156,51.880001068115234,307700,0.0,0.0,0.0
2024-08-09 00:00:00-04:00,51.91999816894531,52.0,51.4109992980957,51.93000030517578,232500,0.0,0.0,0.0
2024-08-12 00:00:00-04:00,51.939998626708984,51.939998626708984,51.400001525878906,51.54999923706055,320300,0.0,0.0,0.0
2024-08-13 00:00:00-04:00,51.66999816894531,51.900001525878906,51.40999984741211,51.900001525878906,191500,0.0,0.0,0.0
2024-08-14 00:00:00-04:00,51.9900016784668,52.07699966430664,51.83000183105469,52.0099983215332,192900,0.0,0.0,0.0
2024-08-15 00:00:00-04:00,52.349998474121094,52.499000549316406,52.159000396728516,52.439998626708984,383800,0.0,0.0,0.0
2024-08-16 00:00:00-04:00,52.34000015258789,52.630001068115234,52.27000045776367,52.630001068115234,229600,0.0,0.0,0.0
2024-08-19 00:00:00-04:00,52.56999969482422,52.90999984741211,52.56999969482422,52.869998931884766,250500,0.0,0.0,0.0
2024-08-20 00:00:00-04:00,52.810001373291016,52.880001068115234,52.70000076293945,52.79999923706055,199300,0.0,0.0,0.0
2024-08-21 00:00:00-04:00,52.75,52.81999969482422,52.54999923706055,52.790000915527344,232000,0.0,0.0,0.0
2024-08-22 00:00:00-04:00,52.88999938964844,52.900001525878906,52.57099914550781,52.77000045776367,342400,0.0,0.0,0.0
2024-08-23 00:00:00-04:00,52.880001068115234,53.18000030517578,52.849998474121094,53.13999938964844,191100,0.0,0.0,0.0
2024-08-26 00:00:00-04:00,53.22999954223633,53.5,53.15999984741211,53.279998779296875,247700,0.0,0.0,0.0
2024-08-27 00:00:00-04:00,53.20000076293945,53.33000183105469,53.05099868774414,53.22999954223633,270700,0.0,0.0,0.0
2024-08-28 00:00:00-04:00,53.220001220703125,53.3380012512207,52.90999984741211,53.150001525878906,482500,0.0,0.0,0.0
2024-08-29 00:00:00-04:00,53.33000183105469,53.51900100708008,52.959999084472656,53.31999969482422,267000,0.0,0.0,0.0
2024-08-30 00:00:00-04:00,53.54999923706055,53.7599983215332,53.19499969482422,53.720001220703125,223000,0.0,0.0,0.0
2024-09-03 00:00:00-04:00,53.540000915527344,53.689998626708984,53.290000915527344,53.47999954223633,252700,0.0,0.0,0.0
2024-09-04 00:00:00-04:00,53.459999084472656,53.689998626708984,53.20000076293945,53.45000076293945,327300,0.0,0.0,0.0
2024-09-05 00:00:00-04:00,53.46500015258789,53.47999954223633,52.900001525878906,53.11000061035156,261500,0.0,0.0,0.0
2024-09-06 00:00:00-04:00,53.11000061035156,53.38999938964844,52.775001525878906,52.88999938964844,311300,0.0,0.0,0.0
2024-09-09 00:00:00-04:00,53.0,53.529998779296875,52.939998626708984,53.380001068115234,233200,0.0,0.0,0.0
2024-09-10 00:00:00-04:00,53.33000183105469,53.54100036621094,53.209999084472656,53.470001220703125,202400,0.0,0.0,0.0
2024-09-11 00:00:00-04:00,53.40999984741211,53.40999984741211,52.50299835205078,53.29999923706055,185300,0.0,0.0,0.0
2024-09-12 00:00:00-04:00,53.40999984741211,53.58000183105469,52.9900016784668,53.58000183105469,312700,0.0,0.0,0.0
2024-09-13 00:00:00-04:00,53.72999954223633,53.959999084472656,53.60499954223633,53.90999984741211,196100,0.0,0.0,0.0
2024-09-16 00:00:00-04:00,53.9900016784668,54.279998779296875,53.93000030517578,54.20000076293945,205900,0.0,0.0,0.0
2024-09-17 00:00:00-04:00,54.20000076293945,54.41400146484375,53.959999084472656,54.099998474121094,337800,0.0,0.0,0.0
2024-09-18 00:00:00-04:00,54.08000183105469,54.459999084472656,53.88999938964844,53.88999938964844,185900,0.0,0.0,0.0
2024-09-19 00:00:00-04:00,54.439998626708984,54.439998626708984,54.04999923706055,54.2400016784668,180800,0.0,0.0,0.0
2024-09-20 00:00:00-04:00,54.16999816894531,54.16999816894531,53.84400177001953,54.09000015258789,317600,0.0,0.0,0.0
2024-09-23 00:00:00-04:00,54.099998474121094,54.5099983215332,54.013999938964844,54.5,332200,0.0,0.0,0.0
2024-09-24 00:00:00-04:00,54.5099983215332,54.60900115966797,54.31999969482422,54.45000076293945,210600,0.0,0.0,0.0
2024-09-25 00:00:00-04:00,54.619998931884766,54.619998931884766,54.13100051879883,54.209999084472656,223900,0.0,0.0,0.0
2024-09-26 00:00:00-04:00,54.0099983215332,54.22999954223633,53.939998626708984,54.16999816894531,348200,0.0,0.0,0.0
2024-09-27 00:00:00-04:00,54.27000045776367,54.625999450683594,54.26100158691406,54.31999969482422,295700,0.0,0.0,0.0
