Date,Open,High,Low,Close,Volume,Dividends,Stock Splits,Capital Gains
2011-05-05 00:00:00-04:00,19.439989095824888,19.49468485261078,19.322786883326238,19.36966896057129,42900,0.0,0.0,0.0
2011-05-06 00:00:00-04:00,19.59626646924358,19.59626646924358,19.43218361317732,19.471250534057617,12500,0.0,0.0,0.0
2011-05-09 00:00:00-04:00,19.4556231695825,19.471250534057617,19.4556231695825,19.471250534057617,600,0.0,0.0,0.0
2011-05-10 00:00:00-04:00,19.682212954541665,19.74472091410287,19.682212954541665,19.729093551635742,9700,0.0,0.0,0.0
2011-05-11 00:00:00-04:00,19.713458729509302,19.721272407786138,19.580629179416608,19.61969757080078,28900,0.0,0.0,0.0
2011-05-12 00:00:00-04:00,19.658764701323562,19.885356903076172,19.65095102295553,19.885356903076172,8200,0.0,0.0,0.0
2011-05-13 00:00:00-04:00,19.877548997094102,19.877548997094102,19.736905726240646,19.799413681030273,13100,0.0,0.0,0.0
2011-05-16 00:00:00-04:00,19.822860336370656,19.838486211762593,19.752538681030273,19.752538681030273,10000,0.0,0.0,0.0
2011-05-17 00:00:00-04:00,19.721285506481845,19.815048217773438,19.721285506481845,19.815048217773438,16900,0.0,0.0,0.0
2011-05-18 00:00:00-04:00,19.893182996075524,19.893182996075524,19.783794403076172,19.783794403076172,2000,0.0,0.0,0.0
2011-05-19 00:00:00-04:00,19.986936030483577,19.986936030483577,19.85410645033508,19.869733810424805,6800,0.0,0.0,0.0
2011-05-20 00:00:00-04:00,19.963488058414633,19.963488058414633,19.807218982700043,19.877540588378906,15700,0.0,0.0,0.0
2011-05-23 00:00:00-04:00,19.744716961942007,19.744716961942007,19.682209014892578,19.682209014892578,11000,0.0,0.0,0.0
2011-05-24 00:00:00-04:00,19.799411961043607,19.799411961043607,19.658768702407915,19.69002342224121,10500,0.0,0.0,0.0
2011-05-25 00:00:00-04:00,19.666594013445987,19.666594013445987,19.518136987052554,19.65096664428711,12700,0.0,0.0,0.0
2011-05-26 00:00:00-04:00,19.62751991612418,19.658773152725455,19.525943543978364,19.635332107543945,9300,0.0,0.0,0.0
2011-05-27 00:00:00-04:00,19.760346820886205,19.760346820886205,19.674397823955903,19.713464736938477,16600,0.0,0.0,0.0
2011-05-31 00:00:00-04:00,19.86974953432166,19.86974953432166,19.775986789891384,19.854122161865234,4500,0.0,0.0,0.0
2011-06-01 00:00:00-04:00,19.861915636155665,19.861915636155665,19.61969757080078,19.61969757080078,33400,0.0,0.0,0.0
2011-06-02 00:00:00-04:00,19.666577159598607,19.666577159598607,19.49468071708648,19.502492904663086,6100,0.0,0.0,0.0
2011-06-03 00:00:00-04:00,19.338432057531563,19.408753747874528,19.28373774066667,19.314990997314453,11000,0.0,0.0,0.0
2011-06-06 00:00:00-04:00,19.354036934279716,19.354036934279716,19.221207394731113,19.229021072387695,9300,0.0,0.0,0.0
2011-06-07 00:00:00-04:00,19.338432057531563,19.3462457442706,19.268110367188598,19.314990997314453,2800,0.0,0.0,0.0
2011-06-08 00:00:00-04:00,19.299349738535295,19.299349738535295,19.189959701647158,19.268095016479492,900,0.0,0.0,0.0
2011-06-09 00:00:00-04:00,19.322799220906084,19.39312089136696,19.236851671693415,19.33842658996582,595200,0.0,0.0,0.0
2011-06-10 00:00:00-04:00,19.338419233049663,19.338419233049663,19.143081665039062,19.143081665039062,104900,0.0,0.0,0.0
2011-06-13 00:00:00-04:00,19.072764654459963,19.25247490301091,19.072764654459963,19.19778060913086,19400,0.0,0.0,0.0
2011-06-14 00:00:00-04:00,19.35404869018214,19.369676054987565,19.244658626851695,19.32279396057129,25200,0.0,0.0,0.0
2011-06-15 00:00:00-04:00,19.24674597038493,19.2702659546109,19.05075058781349,19.089950561523438,25500,0.083,0.0,0.0
2011-06-16 00:00:00-04:00,19.19186782836914,19.22322780786955,19.121309369819347,19.19186782836914,19600,0.0,0.0,0.0
2011-06-17 00:00:00-04:00,19.411376263628398,19.411376263628398,19.262419404872777,19.293779373168945,44200,0.0,0.0,0.0
2011-06-20 00:00:00-04:00,19.301637912138673,19.427074915204273,19.285957912923717,19.403554916381836,34600,0.0,0.0,0.0
2011-06-21 00:00:00-04:00,19.53681507308621,19.53681507308621,19.419218171028124,19.489776611328125,29900,0.0,0.0,0.0
2011-06-22 00:00:00-04:00,19.4897757107901,19.4897757107901,19.4192172737503,19.42705726623535,197600,0.0,0.0,0.0
2011-06-23 00:00:00-04:00,19.317302039842353,19.317302039842353,19.09778819550609,19.199705123901367,99600,0.0,0.0,0.0
2011-06-24 00:00:00-04:00,19.30162691065227,19.348665386159258,19.1918684740344,19.223228454589844,17100,0.0,0.0,0.0
2011-06-27 00:00:00-04:00,19.262429946677116,19.34866841136196,19.238911452909548,19.31730842590332,63900,0.0,0.0,0.0
2011-06-28 00:00:00-04:00,19.38785730381009,19.42705726623535,19.372177318839988,19.42705726623535,71900,0.0,0.0,0.0
2011-06-29 00:00:00-04:00,19.552502943630344,19.552502943630344,19.44274449483203,19.521142959594727,630700,0.0,0.0,0.0
2011-06-30 00:00:00-04:00,19.59953833477267,19.630898313864837,19.513299887595316,19.623058319091797,198100,0.0,0.0,0.0
2011-07-01 00:00:00-04:00,19.67010153993395,19.850416977256106,19.630903051933988,19.84257698059082,245200,0.0,0.0,0.0
2011-07-05 00:00:00-04:00,19.850406206845058,19.858246199256527,19.748489296147245,19.76416778564453,461300,0.0,0.0,0.0
2011-07-06 00:00:00-04:00,19.764171234278976,19.87392965186557,19.764171234278976,19.85824966430664,261900,0.0,0.0,0.0
2011-07-07 00:00:00-04:00,20.022894628913722,20.022894628913722,19.913136167003124,19.944496154785156,106800,0.0,0.0,0.0
2011-07-08 00:00:00-04:00,19.78769121561737,19.85824966430664,19.78769121561737,19.85824966430664,34200,0.0,0.0,0.0
2011-07-11 00:00:00-04:00,19.724971668047303,19.724971668047303,19.630894738556922,19.6544132232666,14100,0.0,0.0,0.0
2011-07-12 00:00:00-04:00,19.623056508595514,19.795531891710894,19.623056508595514,19.693614959716797,19600,0.0,0.0,0.0
2011-07-13 00:00:00-04:00,19.74849323784705,19.811211694331448,19.638734817504883,19.638734817504883,30800,0.0,0.0,0.0
2011-07-14 00:00:00-04:00,19.74065042439938,19.75633041011246,19.560335074676132,19.576013565063477,68600,0.0,0.0,0.0
2011-07-15 00:00:00-04:00,19.62876617029651,19.62876617029651,19.526409149169922,19.526409149169922,9500,0.107,0.0,0.0
2011-07-18 00:00:00-04:00,19.447670374051246,19.45554260301746,19.35318710709029,19.431922912597656,2262700,0.0,0.0,0.0
2011-07-19 00:00:00-04:00,19.534289614521033,19.644520406170326,19.494922440064357,19.620899200439453,538100,0.0,0.0,0.0
2011-07-20 00:00:00-04:00,19.66026848740821,19.676015959587538,19.581534130034786,19.613027572631836,60200,0.0,0.0,0.0
2011-07-21 00:00:00-04:00,19.75474361461973,19.880720336213273,19.707502719462397,19.872846603393555,105300,0.0,0.0,0.0
2011-07-22 00:00:00-04:00,19.87284808447366,19.87284808447366,19.746871353491343,19.770492553710938,78300,0.0,0.0,0.0
2011-07-25 00:00:00-04:00,19.652396148296155,19.746879486326797,19.644523913408502,19.69176483154297,16000,0.0,0.0,0.0
2011-07-26 00:00:00-04:00,19.707520692462463,19.707520692462463,19.60516357421875,19.60516357421875,73800,0.0,0.0,0.0
2011-07-27 00:00:00-04:00,19.62089412239975,19.62089412239975,19.392560364713532,19.416181564331055,637100,0.0,0.0,0.0
2011-07-28 00:00:00-04:00,19.361067696795534,19.43980353019637,19.266584396362305,19.266584396362305,27100,0.0,0.0,0.0
2011-07-29 00:00:00-04:00,19.172105988937258,19.29808274395748,19.09337014160927,19.16423225402832,41300,0.0,0.0,0.0
2011-08-01 00:00:00-04:00,19.337446755080098,19.337446755080098,18.93589535094603,19.077619552612305,139100,0.0,0.0,0.0
2011-08-02 00:00:00-04:00,18.998891470384198,19.030386417721605,18.770559109234984,18.778432846069336,35300,0.0,0.0,0.0
2011-08-03 00:00:00-04:00,18.746936289833695,18.825672149658203,18.589466071946298,18.825672149658203,140800,0.0,0.0,0.0
2011-08-04 00:00:00-04:00,18.739056199294897,18.739056199294897,18.180034637451172,18.180034637451172,210200,0.0,0.0,0.0
2011-08-05 00:00:00-04:00,18.431989361260413,18.48710399768507,17.99894450212847,18.384748458862305,728400,0.0,0.0,0.0
2011-08-08 00:00:00-04:00,18.313884914238578,18.313884914238578,17.408426597044308,17.45566749572754,219700,0.0,0.0,0.0
2011-08-09 00:00:00-04:00,17.67612993708284,18.479231331294628,17.117106802989746,18.046186447143555,182000,0.0,0.0,0.0
2011-08-10 00:00:00-04:00,17.888714793067404,17.983198105252768,17.471417377132056,17.495037078857422,355300,0.0,0.0,0.0
2011-08-11 00:00:00-04:00,17.589525913745145,18.36113411544104,17.58165217677742,18.164295196533203,143400,0.0,0.0,0.0
2011-08-12 00:00:00-04:00,18.32176499720881,18.36900591226378,17.802110426319278,18.28239631652832,100200,0.0,0.0,0.0
2011-08-15 00:00:00-04:00,18.332922251730736,18.625049591064453,18.332922251730736,18.625049591064453,97300,0.064,0.0,0.0
2011-08-16 00:00:00-04:00,18.498721422493595,18.61715083438135,18.419767979264535,18.577674865722656,89600,0.0,0.0,0.0
2011-08-17 00:00:00-04:00,18.632928808799768,18.798729568445708,18.55397542072096,18.648719787597656,569800,0.0,0.0,0.0
2011-08-18 00:00:00-04:00,18.36449647628974,18.380287462210244,18.05657978039648,18.230276107788086,223800,0.0,0.0,0.0
2011-08-19 00:00:00-04:00,18.080279320624644,18.33292927526721,18.080279320624644,18.08817481994629,2433900,0.0,0.0,0.0
2011-08-22 00:00:00-04:00,18.38029640159309,18.38029640159309,18.088169043630884,18.103960037231445,1067300,0.0,0.0,0.0
2011-08-23 00:00:00-04:00,18.22239459366579,18.54610252380371,18.12765011137331,18.54610252380371,539300,0.0,0.0,0.0
2011-08-24 00:00:00-04:00,18.55399739347706,18.814542828553222,18.498730408144603,18.798751831054688,165800,0.0,0.0,0.0
2011-08-25 00:00:00-04:00,18.86980715185348,18.86980715185348,18.459250310284816,18.498727798461914,487100,0.0,0.0,0.0
2011-08-26 00:00:00-04:00,18.427667618210208,18.719793466166095,18.22238922201612,18.632946014404297,95400,0.0,0.0,0.0
2011-08-29 00:00:00-04:00,19.833042894842972,19.91199488371253,18.830336974707908,19.05140495300293,380300,0.0,0.0,0.0
2011-08-30 00:00:00-04:00,19.004029538471563,19.16983199390484,18.90928656900599,19.082983016967773,212900,0.0,0.0,0.0
2011-08-31 00:00:00-04:00,19.22509822849371,19.248783216981685,19.075086775783273,19.17772674560547,193500,0.0,0.0,0.0
2011-09-01 00:00:00-04:00,19.209302785264963,19.296151738714745,19.01981539166612,19.035606384277344,277300,0.0,0.0,0.0
2011-09-02 00:00:00-04:00,18.798751539468068,18.89349601707728,18.727693557739258,18.727693557739258,519500,0.0,0.0,0.0
2011-09-06 00:00:00-04:00,18.340818660536396,18.640841511093917,18.293447186310686,18.632946014404297,181700,0.0,0.0,0.0
2011-09-07 00:00:00-04:00,18.83032292883715,18.97243881225586,18.75926498712779,18.97243881225586,156400,0.0,0.0,0.0
2011-09-08 00:00:00-04:00,18.91717672960763,19.08297915145541,18.893491744995117,18.893491744995117,81600,0.0,0.0,0.0
2011-09-09 00:00:00-04:00,18.75138068812738,18.75138068812738,18.388196774479514,18.47504425048828,598800,0.0,0.0,0.0
2011-09-12 00:00:00-04:00,18.325020795301633,18.57767207688959,18.222382388649844,18.553985595703125,1428200,0.0,0.0,0.0
2011-09-13 00:00:00-04:00,18.617155436907698,18.7040043965216,18.475039505143876,18.672422409057617,668400,0.0,0.0,0.0
2011-09-14 00:00:00-04:00,18.69611170091369,19.05140007764443,18.609262728287117,18.88559913635254,58400,0.0,0.0,0.0
2011-09-15 00:00:00-04:00,19.0360500453765,19.123152405424158,18.93310883304919,19.107315063476562,89400,0.07,0.0,0.0
2011-09-16 00:00:00-04:00,19.218181219637604,19.305283608115687,19.162752015060857,19.24193572998047,188500,0.0,0.0,0.0
2011-09-19 00:00:00-04:00,19.138982129125495,19.234004632655424,18.96477596804065,19.13106346130371,120000,0.0,0.0,0.0
2011-09-20 00:00:00-04:00,19.234004601143308,19.471558594081756,19.162738101195483,19.25775909423828,105100,0.0,0.0,0.0
2011-09-21 00:00:00-04:00,19.273599764745438,28.94999299301299,18.830164863045276,18.8697566986084,180600,0.0,0.0,0.0
2011-09-22 00:00:00-04:00,18.418400746024176,18.513421743221077,18.283786408052304,18.481748580932617,637600,0.0,0.0,0.0
2011-09-23 00:00:00-04:00,18.44216211156189,18.640124341989136,18.402568759277262,18.553020477294922,218200,0.0,0.0,0.0
2011-09-26 00:00:00-04:00,18.86183233662823,18.89350700378418,18.59260370712769,18.89350700378418,666700,0.0,0.0,0.0
2011-09-27 00:00:00-04:00,19.17857976424102,19.2577649561008,18.98061753975753,19.00437355041504,677600,0.0,0.0,0.0
2011-09-28 00:00:00-04:00,19.123149702346332,19.13106837220082,18.750981281176607,18.790573120117188,124200,0.0,0.0,0.0
2011-09-29 00:00:00-04:00,19.02020322894529,19.09146972187762,18.743055924245265,18.980609893798828,182900,0.0,0.0,0.0
2011-09-30 00:00:00-04:00,18.941025209568735,19.03604773941153,18.76681900024414,18.76681900024414,519100,0.0,0.0,0.0
2011-10-03 00:00:00-04:00,18.766817893787106,19.178578137944246,18.36297480884587,18.370893478393555,871900,0.0,0.0,0.0
2011-10-04 00:00:00-04:00,18.260036342390297,18.56093978881836,18.014563591075202,18.56093978881836,869800,0.0,0.0,0.0
2011-10-05 00:00:00-04:00,18.648036335958995,18.67179234074853,18.43423833417934,18.66387367248535,611600,0.0,0.0,0.0
2011-10-06 00:00:00-04:00,18.65595492806252,18.925183606585342,18.56885259818622,18.917264938354492,425900,0.0,0.0,0.0
2011-10-07 00:00:00-04:00,19.028127708988155,19.091475554243694,18.830165503773124,18.877676010131836,491100,0.0,0.0,0.0
2011-10-10 00:00:00-04:00,19.16274596315231,19.313196182250977,19.123152607864185,19.313196182250977,861500,0.0,0.0,0.0
2011-10-11 00:00:00-04:00,19.265680025334085,19.265680025334085,19.17065751079681,19.210250854492188,299400,0.0,0.0,0.0
2011-10-12 00:00:00-04:00,19.313193371175803,19.38445988998937,19.23400969278904,19.273601531982422,452600,0.0,0.0,0.0
2011-10-13 00:00:00-04:00,19.202338800987743,19.289442676793357,19.10731625371506,19.249849319458008,277300,0.0,0.0,0.0
2011-10-14 00:00:00-04:00,19.430882822098713,19.438823699951172,19.335595317004366,19.438823699951172,360500,0.068,0.0,0.0
2011-10-17 00:00:00-04:00,19.446773588770945,19.446773588770945,19.224433449580044,19.256196975708008,711100,0.0,0.0,0.0
2011-10-18 00:00:00-04:00,19.26413405961996,19.621464570707786,19.15296476922392,19.51823616027832,342600,0.0,0.0,0.0
2011-10-19 00:00:00-04:00,19.51030098012455,19.684997361289625,19.415013421823993,19.446775436401367,684700,0.0,0.0,0.0
2011-10-20 00:00:00-04:00,19.51824747302343,19.597654804145524,19.39119634905562,19.56589126586914,265600,0.0,0.0,0.0
2011-10-21 00:00:00-04:00,19.77234273115327,19.91527557373047,19.748521600435957,19.91527557373047,910600,0.0,0.0,0.0
2011-10-24 00:00:00-04:00,20.23290848378836,20.23290848378836,19.8517551484349,19.923221588134766,730900,0.0,0.0,0.0
2011-10-25 00:00:00-04:00,19.851746960370118,19.867628721434755,19.637347729701776,19.669111251831055,382200,0.0,0.0,0.0
2011-10-26 00:00:00-04:00,19.85175394973413,19.859694833062264,19.605592624836646,19.79616928100586,918200,0.0,0.0,0.0
2011-10-27 00:00:00-04:00,20.16937830324921,20.320252031862644,20.02644545662263,20.2408447265625,1276600,0.0,0.0,0.0
2011-10-28 00:00:00-04:00,20.19319220974586,20.19319220974586,20.074082060629824,20.13760757446289,1815200,0.0,0.0,0.0
2011-10-31 00:00:00-04:00,19.986731338935847,20.09790059519476,19.883502960205078,19.883502960205078,2077300,0.0,0.0,0.0
2011-11-01 00:00:00-04:00,19.534123173329444,19.66911513992725,19.407072088833676,19.478538513183594,797600,0.0,0.0,0.0
2011-11-02 00:00:00-04:00,19.700878733691006,19.947041554890085,19.589709404484015,19.69293785095215,744400,0.0,0.0,0.0
2011-11-03 00:00:00-04:00,19.835875279192088,20.01057171054144,19.732646808951085,19.99468994140625,341000,0.0,0.0,0.0
2011-11-04 00:00:00-04:00,19.843798572564378,19.899383200693833,19.684985565704153,19.883502960205078,343000,0.0,0.0,0.0
2011-11-07 00:00:00-05:00,19.907324483892612,20.00261350160456,19.73262971841618,19.970849990844727,607000,0.0,0.0,0.0
2011-11-08 00:00:00-05:00,20.034390362684572,20.14556121826172,19.875577234753713,20.14556121826172,1052100,0.0,0.0,0.0
2011-11-09 00:00:00-05:00,19.83586950241535,19.891454163631792,19.597649093039614,19.637351989746094,505900,0.0,0.0,0.0
2011-11-10 00:00:00-05:00,19.827928207985448,19.867632618434996,19.66911510989244,19.812047958374023,264500,0.0,0.0,0.0
2011-11-11 00:00:00-05:00,20.018506096623916,20.193202484479908,19.97086231564887,20.082033157348633,419900,0.0,0.0,0.0
2011-11-14 00:00:00-05:00,20.089967767652624,20.113790409782702,19.851747404624383,19.899391174316406,531900,0.0,0.0,0.0
2011-11-15 00:00:00-05:00,19.884260981367646,20.06741712775946,19.820554957931357,19.96389389038086,772000,0.071,0.0,0.0
2011-11-16 00:00:00-05:00,19.820558675109606,19.987787967286934,19.70111004862391,19.725000381469727,590600,0.0,0.0,0.0
2011-11-17 00:00:00-05:00,19.685183226402724,19.772779594927574,19.462212861243756,19.573698043823242,3095300,0.0,0.0,0.0
2011-11-18 00:00:00-05:00,19.669253181251477,19.884260050994275,19.581656833548386,19.645362854003906,348300,0.0,0.0,0.0
2011-11-21 00:00:00-05:00,19.49405870502305,19.509985588399815,19.27108841323319,19.398500442504883,855000,0.0,0.0,0.0
2011-11-22 00:00:00-05:00,19.390544902225095,19.406471792091867,19.231279041301,19.28702163696289,987300,0.0,0.0,0.0
2011-11-23 00:00:00-05:00,19.167576597278174,19.167576597278174,18.97645843963126,19.008312225341797,1145900,0.0,0.0,0.0
2011-11-25 00:00:00-05:00,18.96848568498184,19.167567191363045,18.96848568498184,19.048118591308594,299700,0.0,0.0,0.0
2011-11-28 00:00:00-05:00,19.390541602732828,19.470174519644548,19.2790549115078,19.374614715576172,488400,0.0,0.0,0.0
2011-11-29 00:00:00-05:00,19.438326918092088,19.589629356384222,19.41443657977058,19.50999641418457,328900,0.0,0.0,0.0
2011-11-30 00:00:00-05:00,19.908153942012667,20.09130859375,19.892227054329872,20.09130859375,427100,0.0,0.0,0.0
2011-12-01 00:00:00-05:00,20.051495060620002,20.25854006625936,19.955935243066538,20.08334732055664,793700,0.0,0.0,0.0
2011-12-02 00:00:00-05:00,20.226681426914478,20.226681426914478,19.94000508088688,19.96389389038086,634900,0.0,0.0,0.0
2011-12-05 00:00:00-05:00,20.242600857898147,20.242600857898147,20.003703737706793,20.10722541809082,368200,0.0,0.0,0.0
2011-12-06 00:00:00-05:00,20.147051974054868,20.25057522919251,20.07538249553548,20.170942306518555,771300,0.0,0.0,0.0
2011-12-07 00:00:00-05:00,20.13112037260267,20.242605518510615,20.003708343316106,20.18686294555664,784100,0.0,0.0,0.0
2011-12-08 00:00:00-05:00,20.13112486856819,20.13112486856819,19.876299234212624,19.92407989501953,768300,0.0,0.0,0.0
2011-12-09 00:00:00-05:00,20.011682665997963,20.1789120073516,19.97983039837526,20.15502166748047,306100,0.0,0.0,0.0
2011-12-12 00:00:00-05:00,20.11519521036662,20.11519521036662,19.868334572360343,19.995746612548828,385600,0.0,0.0,0.0
2011-12-13 00:00:00-05:00,20.07538507178858,20.162981449858243,19.892230389344608,19.955936431884766,392600,0.0,0.0,0.0
2011-12-14 00:00:00-05:00,19.932049934346054,19.979829092092373,19.82852665387832,19.8524169921875,371000,0.0,0.0,0.0
2011-12-15 00:00:00-05:00,19.958669434576876,20.11846724031432,19.958669434576876,20.046558380126953,659400,0.083,0.0,0.0
2011-12-16 00:00:00-05:00,20.134445569222773,20.246303109114056,19.974647777425496,20.03856658935547,821700,0.0,0.0,0.0
2011-12-19 00:00:00-05:00,20.142450602246605,20.278278379457355,19.878785096360552,19.926725387573242,605000,0.0,0.0,0.0
2011-12-20 00:00:00-05:00,20.11048267636589,20.35017792632782,20.11048267636589,20.342187881469727,392400,0.0,0.0,0.0
2011-12-21 00:00:00-05:00,20.406108131443457,20.573894500732422,20.37414795218162,20.573894500732422,519500,0.0,0.0,0.0
2011-12-22 00:00:00-05:00,20.58188454554788,20.58987459036334,20.501985621338516,20.573894500732422,808300,0.0,0.0,0.0
2011-12-23 00:00:00-05:00,20.62982880481557,20.73369789123535,20.589880094005274,20.73369789123535,356200,0.0,0.0,0.0
2011-12-27 00:00:00-05:00,20.7257033919146,20.845551022545028,20.717713346679865,20.82158088684082,1298500,0.0,0.0,0.0
2011-12-28 00:00:00-05:00,20.837560515220552,20.837560515220552,20.669774140847817,20.693742752075195,1129900,0.0,0.0,0.0
2011-12-29 00:00:00-05:00,20.749672003673503,20.845551022545028,20.717713346679865,20.82158088684082,494200,0.0,0.0,0.0
2011-12-30 00:00:00-05:00,20.837558109129144,20.84554815326409,20.717710494995117,20.717710494995117,593800,0.0,0.0,0.0
2012-01-03 00:00:00-05:00,20.97338412036951,21.0692631183127,20.621829826504438,20.629819869995117,1024900,0.0,0.0,0.0
2012-01-04 00:00:00-05:00,20.63782431648114,20.6538044146149,20.55792534975837,20.597875595092773,556900,0.0,0.0,0.0
2012-01-05 00:00:00-05:00,20.533945157282787,20.613842555043785,20.422086057316072,20.605854034423828,2407500,0.0,0.0,0.0
2012-01-06 00:00:00-05:00,20.629820976402492,20.629820976402492,20.486003233747038,20.517963409423828,1272000,0.0,0.0,0.0
2012-01-09 00:00:00-05:00,20.557921331582484,20.557921331582484,20.454053761906682,20.533952713012695,460200,0.0,0.0,0.0
2012-01-10 00:00:00-05:00,20.677765927567464,20.70173606652568,20.61384708095773,20.64580726623535,541000,0.0,0.0,0.0
2012-01-11 00:00:00-05:00,20.605865644159653,20.613854169280497,20.55792534975837,20.597875595092773,1378400,0.0,0.0,0.0
2012-01-12 00:00:00-05:00,20.66977008744852,20.685748650484907,20.56590104601465,20.629819869995117,817800,0.0,0.0,0.0
2012-01-13 00:00:00-05:00,20.55532627132753,20.603389739990234,20.46720863885414,20.603389739990234,395600,0.067,0.0,0.0
2012-01-17 00:00:00-05:00,20.755586632191644,20.795639256756107,20.635427230588572,20.667469024658203,1042000,0.0,0.0,0.0
2012-01-18 00:00:00-05:00,20.67548164830335,20.731555938720703,20.595374864317208,20.731555938720703,618700,0.0,0.0,0.0
2012-01-19 00:00:00-05:00,20.723552642365025,20.739572781477992,20.627424168135914,20.707530975341797,608200,0.0,0.0,0.0
2012-01-20 00:00:00-05:00,20.739566769910297,20.739566769910297,20.627418189075595,20.731555938720703,609900,0.0,0.0,0.0
2012-01-23 00:00:00-05:00,20.74757985743253,20.787634017736465,20.65145292852306,20.723548889160156,513800,0.0,0.0,0.0
2012-01-24 00:00:00-05:00,20.65144906871413,20.65144906871413,20.595373254769335,20.61940574645996,399900,0.0,0.0,0.0
2012-01-25 00:00:00-05:00,20.579369850736143,20.851732199663964,20.515284682042005,20.835710525512695,3499900,0.0,0.0,0.0
2012-01-26 00:00:00-05:00,20.891777146764408,21.100054250130867,20.763606856678948,20.81968116760254,655000,0.0,0.0,0.0
2012-01-27 00:00:00-05:00,20.787629954170967,20.787629954170967,20.60338390860925,20.667469024658203,5391600,0.0,0.0,0.0
2012-01-30 00:00:00-05:00,20.579368508194246,20.587379344747276,20.4752291609157,20.555335998535156,1129200,0.0,0.0,0.0
2012-01-31 00:00:00-05:00,20.635433071038786,20.67548570693935,20.507262802664826,20.603389739990234,391500,0.0,0.0,0.0
2012-02-01 00:00:00-05:00,20.707530719284428,20.795646831002067,20.691509052459313,20.739572525024414,1187000,0.0,0.0,0.0
2012-02-02 00:00:00-05:00,20.79564894329523,20.811670611747726,20.691511154174805,20.691511154174805,15831900,0.0,0.0,0.0
2012-02-03 00:00:00-05:00,20.827682495117188,20.875745949983514,20.787629870713527,20.827682495117188,645900,0.0,0.0,0.0
2012-02-06 00:00:00-05:00,20.779628663406257,20.795648803840923,20.731563658371087,20.755596160888672,477600,0.0,0.0,0.0
2012-02-07 00:00:00-05:00,20.73157117144038,20.867752345904293,20.691518513973147,20.835710525512695,609900,0.0,0.0,0.0
2012-02-08 00:00:00-05:00,20.843704156042524,20.843704156042524,20.747575718400185,20.827682495117188,973100,0.0,0.0,0.0
2012-02-09 00:00:00-05:00,20.795648665245125,20.81968116760254,20.731563520202396,20.81968116760254,552100,0.0,0.0,0.0
2012-02-10 00:00:00-05:00,20.707527225038582,20.731558193310956,20.667473064734647,20.723548889160156,586900,0.0,0.0,0.0
2012-02-13 00:00:00-05:00,20.82768834423816,20.835699176950545,20.739570712312073,20.76360321044922,461300,0.0,0.0,0.0
2012-02-14 00:00:00-05:00,20.75559247222725,20.79564510806139,20.691507338146558,20.787635803222656,726100,0.0,0.0,0.0
2012-02-15 00:00:00-05:00,20.85027812968065,20.88240564291642,20.67358140265636,20.745866775512695,410300,0.068,0.0,0.0
2012-02-16 00:00:00-05:00,20.769976317012066,20.890451508462277,20.761944433325365,20.874387741088867,305800,0.0,0.0,0.0
2012-02-17 00:00:00-05:00,20.946650075523845,20.970745700026423,20.88239660877379,20.906492233276367,608900,0.0,0.0,0.0
2012-02-21 00:00:00-05:00,20.92255463001949,20.970745879436937,20.818143320128687,20.858301162719727,568500,0.0,0.0,0.0
2012-02-22 00:00:00-05:00,20.858301162719727,20.890428662331356,20.786015820517058,20.858301162719727,456700,0.0,0.0,0.0
2012-02-23 00:00:00-05:00,20.858315762627935,20.930601155427215,20.81815789192814,20.922569274902344,323500,0.0,0.0,0.0
2012-02-24 00:00:00-05:00,20.9627261142434,21.010915859575512,20.922566716529655,20.986820220947266,620800,0.0,0.0,0.0
2012-02-27 00:00:00-05:00,20.91454013469726,21.018951523704114,20.86634884876364,20.994855880737305,439300,0.0,0.0,0.0
2012-02-28 00:00:00-05:00,21.02697764014517,21.035009518932167,20.946660384199447,21.00288200378418,537900,0.0,0.0,0.0
2012-02-29 00:00:00-05:00,21.026980029476746,21.067137896050696,20.930599005005092,20.978790283203125,400800,0.0,0.0,0.0
2012-03-01 00:00:00-05:00,21.035005129996538,21.075162983628378,20.994845744440777,21.051067352294922,727700,0.0,0.0,0.0
2012-03-02 00:00:00-05:00,21.08319486073953,21.08319486073953,20.994845744440777,21.051067352294922,456500,0.0,0.0,0.0
2012-03-05 00:00:00-05:00,21.002890720770527,21.1233658887287,20.98682695652947,21.099271774291992,416800,0.0,0.0,0.0
2012-03-06 00:00:00-05:00,21.00288647714484,21.02698211863791,20.906506975021696,20.93863296508789,441000,0.0,0.0,0.0
2012-03-07 00:00:00-05:00,20.978793543201345,21.02698329696341,20.87438062280478,21.018951416015625,400600,0.0,0.0,0.0
2012-03-08 00:00:00-05:00,21.115331132948388,21.17155276413691,21.05910796983531,21.147457122802734,403400,0.0,0.0,0.0
2012-03-09 00:00:00-05:00,21.179578273959244,21.235799888236823,21.13138700578638,21.21170425415039,467500,0.0,0.0,0.0
2012-03-12 00:00:00-04:00,21.243830461914683,21.364305561101595,21.243830461914683,21.348241806030273,6884500,0.0,0.0,0.0
2012-03-13 00:00:00-04:00,21.372343871251683,21.476755246792845,21.34021635143935,21.452659606933594,544800,0.0,0.0,0.0
2012-03-14 00:00:00-04:00,21.460685027681524,21.476748782752846,21.30808395027597,21.348241806030273,432800,0.0,0.0,0.0
2012-03-15 00:00:00-04:00,21.379654220246348,21.379654220246348,21.17833920297129,21.363550186157227,628900,0.069,0.0,0.0
2012-03-16 00:00:00-04:00,21.403818035453373,21.42797639661749,21.299134875566363,21.307186126708984,717100,0.0,0.0,0.0
2012-03-19 00:00:00-04:00,21.323265300592652,21.363529186015672,21.258844619826004,21.299108505249023,299700,0.0,0.0,0.0
2012-03-20 00:00:00-04:00,21.242765366183423,21.323291700818398,21.226661327986093,21.307186126708984,387500,0.0,0.0,0.0
2012-03-21 00:00:00-04:00,21.315237045288086,21.35550097703211,21.27497464945601,21.315237045288086,394200,0.0,0.0,0.0
2012-03-22 00:00:00-04:00,21.242763504060786,21.331342617985698,21.21860668092632,21.315237045288086,255000,0.0,0.0,0.0
2012-03-23 00:00:00-04:00,21.323286138465882,21.339391708374023,21.24275982483685,21.339391708374023,378600,0.0,0.0,0.0
2012-03-26 00:00:00-04:00,21.427974512191298,21.54071044921875,21.411868939498248,21.54071044921875,380300,0.0,0.0,0.0
2012-03-27 00:00:00-04:00,21.57291217308843,21.613174551325358,21.540701041769864,21.56485939025879,592700,0.0,0.0,0.0
2012-03-28 00:00:00-04:00,21.55681791336376,21.564870700416858,21.387712457072876,21.460186004638672,462100,0.0,0.0,0.0
2012-03-29 00:00:00-04:00,21.395757762330216,21.4923896372645,21.29107463907033,21.484336853027344,502700,0.0,0.0,0.0
2012-03-30 00:00:00-04:00,21.548759253289802,21.605127211386563,21.51654811385642,21.580968856811523,486500,0.0,0.0,0.0
2012-04-02 00:00:00-04:00,21.572912120080012,21.73396316854327,21.54875377165045,21.693700790405273,501800,0.0,0.0,0.0
2012-04-03 00:00:00-04:00,21.70981254490745,21.71786533058265,21.540708653463728,21.637340545654297,493400,0.0,0.0,0.0
2012-04-04 00:00:00-04:00,21.572919724743468,21.589023760128732,21.524603010852235,21.54876136779785,1070300,0.0,0.0,0.0
2012-04-05 00:00:00-04:00,21.532644271850586,21.540697053189135,21.46017077571464,21.532644271850586,526500,0.0,0.0,0.0
2012-04-09 00:00:00-04:00,21.33132562299526,21.403799106481838,21.323272843062227,21.347431182861328,444600,0.0,0.0,0.0
2012-04-10 00:00:00-04:00,21.323288284885543,21.323288284885543,21.065605284063405,21.089763641357422,1356200,0.0,0.0,0.0
2012-04-11 00:00:00-04:00,21.226646244959458,21.24275027171374,21.15417274887671,21.194435119628906,8534200,0.0,0.0,0.0
2012-04-12 00:00:00-04:00,21.234714115040802,21.315238913763693,21.17834460565786,21.307186126708984,550300,0.0,0.0,0.0
2012-04-13 00:00:00-04:00,21.294261758074988,21.358838686438062,21.22161406084752,21.229684829711914,451900,0.064,0.0,0.0
2012-04-16 00:00:00-04:00,21.318490568469663,21.36692290683377,21.237768978105297,21.326562881469727,416500,0.0,0.0,0.0
2012-04-17 00:00:00-04:00,21.423421506926427,21.552575389892123,21.33462763502411,21.528358459472656,460300,0.0,0.0,0.0
2012-04-18 00:00:00-04:00,21.471858565764617,21.51221858573319,21.439569318080903,21.479930877685547,411600,0.0,0.0,0.0
2012-04-19 00:00:00-04:00,21.471855418502663,21.536432364768586,21.31848459375766,21.399206161499023,424300,0.0,0.0,0.0
2012-04-20 00:00:00-04:00,21.463778391398343,21.617149182442247,21.431489155542568,21.55257225036621,336800,0.0,0.0,0.0
2012-04-23 00:00:00-04:00,21.43148895431841,21.43148895431841,21.302335091378982,21.383056640625,482800,0.0,0.0,0.0
2012-04-24 00:00:00-04:00,21.40727549852548,21.520284753883622,21.391130879292707,21.48799705505371,551100,0.0,0.0,0.0
2012-04-25 00:00:00-04:00,21.56871359578632,21.64136283098952,21.53642590216011,21.61714744567871,438200,0.0,0.0,0.0
2012-04-26 00:00:00-04:00,21.617154195734333,21.786668104383043,21.59293726322629,21.762451171875,1383000,0.0,0.0,0.0
2012-04-27 00:00:00-04:00,21.802804130420434,21.85123643670649,21.74629951648083,21.81894874572754,526600,0.0,0.0,0.0
2012-04-30 00:00:00-04:00,21.78665801766867,21.81894724606357,21.746298021810198,21.810874938964844,1595000,0.0,0.0,0.0
2012-05-01 00:00:00-04:00,21.79473892954213,21.948109745699885,21.746306607463385,21.859315872192383,489800,0.0,0.0,0.0
2012-05-02 00:00:00-04:00,21.818955964211977,21.827028274536133,21.762449791942867,21.827028274536133,455500,0.0,0.0,0.0
2012-05-03 00:00:00-04:00,21.8270270246818,21.891603963941513,21.722088536112473,21.746305465698242,469000,0.0,0.0,0.0
2012-05-04 00:00:00-04:00,21.705939757877324,21.754373607769715,21.61714744567871,21.61714744567871,434000,0.0,0.0,0.0
2012-05-07 00:00:00-04:00,21.56871210013783,21.649433638058923,21.560639792382194,21.609073638916016,662000,0.0,0.0,0.0
2012-05-08 00:00:00-04:00,21.536429437164376,21.609078684292275,21.44763557075569,21.584861755371094,706000,0.0,0.0,0.0
2012-05-09 00:00:00-04:00,21.47185243582094,21.609078620028242,21.399203188909095,21.48799705505371,2167200,0.0,0.0,0.0
2012-05-10 00:00:00-04:00,21.617152653130812,21.697872676459035,21.584863412090918,21.657512664794922,617900,0.0,0.0,0.0
2012-05-11 00:00:00-04:00,21.617152653130812,21.77052192916304,21.601008032610867,21.657512664794922,571600,0.0,0.0,0.0
2012-05-14 00:00:00-04:00,21.544497762455297,21.633290072807466,21.43955929617271,21.520280838012695,1091900,0.0,0.0,0.0
2012-05-15 00:00:00-04:00,21.538893406035815,21.6036232999078,21.42561493429804,21.46607208251953,827400,0.063,0.0,0.0
2012-05-16 00:00:00-04:00,21.56316930987448,21.595535033192025,21.47416665731648,21.538896560668945,629600,0.0,0.0,0.0
2012-05-17 00:00:00-04:00,21.546986477778777,21.546986477778777,21.288066864013672,21.288066864013672,745500,0.0,0.0,0.0
2012-05-18 00:00:00-04:00,21.377067892127986,21.393250751410843,21.15860392165667,21.215242385864258,1367500,0.0,0.0,0.0
2012-05-21 00:00:00-04:00,21.255700857735274,21.336613615905847,21.158605239274085,21.320430755615234,821200,0.0,0.0,0.0
2012-05-22 00:00:00-04:00,21.37705095613711,21.474146491627792,21.328503960032364,21.401325225830078,728400,0.0,0.0,0.0
2012-05-23 00:00:00-04:00,21.312342390243906,21.40134659135884,21.17479114455843,21.360889434814453,1478200,0.0,0.0,0.0
2012-05-24 00:00:00-04:00,21.401338562082906,21.514615471342935,21.34469856417075,21.490341186523438,914800,0.0,0.0,0.0
2012-05-25 00:00:00-04:00,21.506524043069767,21.571253925972947,21.433702731893423,21.490341186523438,478200,0.0,0.0,0.0
2012-05-29 00:00:00-04:00,21.587444473935573,21.611717224121094,21.498440274501487,21.611717224121094,701700,0.0,0.0,0.0
2012-05-30 00:00:00-04:00,21.52271429657839,21.635991244769627,21.40943580510448,21.4337100982666,506600,0.0,0.0,0.0
2012-05-31 00:00:00-04:00,21.482251033542568,21.603620921563017,21.36088268880435,21.47416114807129,1154200,0.0,0.0,0.0
2012-06-01 00:00:00-04:00,21.31233005816558,21.3446942213913,21.15859603881836,21.15859603881836,1388700,0.0,0.0,0.0
2012-06-04 00:00:00-04:00,21.23142524514711,21.247608104429965,21.11814831673194,21.215242385864258,1249300,0.0,0.0,0.0
2012-06-05 00:00:00-04:00,21.20715409889142,21.328524018216115,21.142424195450143,21.288066864013672,477300,0.0,0.0,0.0
2012-06-06 00:00:00-04:00,21.40943257786586,21.603623807325306,21.36088554214222,21.579349517822266,980800,0.0,0.0,0.0
2012-06-07 00:00:00-04:00,21.749270458513966,21.749270458513966,21.62790206662612,21.644084930419922,970800,0.0,0.0,0.0
2012-06-08 00:00:00-04:00,21.652173569985983,21.797816238782005,21.595535097294785,21.781633377075195,949300,0.0,0.0,0.0
2012-06-11 00:00:00-04:00,21.919184753961485,21.967731796107017,21.67644799995119,21.684537887573242,705300,0.0,0.0,0.0
2012-06-12 00:00:00-04:00,21.78162882435139,21.822084426879883,21.635986185997112,21.822084426879883,612200,0.0,0.0,0.0
2012-06-13 00:00:00-04:00,21.822094259971202,21.894915611961828,21.725000152839037,21.789730072021484,830600,0.0,0.0,0.0
2012-06-14 00:00:00-04:00,21.838267505429133,22.064822894407378,21.830176076185374,22.0081844329834,743700,0.0,0.0,0.0
2012-06-15 00:00:00-04:00,22.12579308370243,22.133903897099053,22.028464869922413,22.10957145690918,835100,0.065,0.0,0.0
2012-06-18 00:00:00-04:00,22.093348681317973,22.231229407932187,22.07712705536821,22.215007781982422,1213700,0.0,0.0,0.0
2012-06-19 00:00:00-04:00,22.2961212281112,22.361006204904246,22.223125435846537,22.27989959716797,13143700,0.0,0.0,0.0
2012-06-20 00:00:00-04:00,22.296107461182455,22.296107461182455,22.05278933519243,22.150115966796875,1329700,0.0,0.0,0.0
2012-06-21 00:00:00-04:00,22.21500975864392,22.247453013430206,21.866252504588996,21.89058494567871,12884600,0.0,0.0,0.0
2012-06-22 00:00:00-04:00,21.979791260322447,22.01223295176202,21.906795520859962,21.96356964111328,940700,0.0,0.0,0.0
2012-06-25 00:00:00-04:00,21.858146324621256,21.858146324621256,21.744596463813572,21.80137062072754,851300,0.0,0.0,0.0
2012-06-26 00:00:00-04:00,21.874375888433455,21.939260888312774,21.785159980462158,21.89870834350586,1076800,0.0,0.0,0.0
2012-06-27 00:00:00-04:00,21.955462258836498,22.01223638795247,21.89057731884982,21.987905502319336,830200,0.0,0.0,0.0
2012-06-28 00:00:00-04:00,21.947355645095286,22.0284622223339,21.76892241275377,22.02035140991211,1203400,0.0,0.0,0.0
2012-06-29 00:00:00-04:00,22.296116238840337,22.369112014770508,22.142013873323364,22.369112014770508,1080000,0.0,0.0,0.0
2012-07-02 00:00:00-04:00,22.433992761721086,22.482656087537574,22.328555297955496,22.450214385986328,1470500,0.0,0.0,0.0
2012-07-03 00:00:00-04:00,22.49888038635254,22.51510201254612,22.417773802364042,22.49888038635254,527700,0.0,0.0,0.0
2012-07-05 00:00:00-04:00,22.523214349344574,22.523214349344574,22.401555238621267,22.466440200805664,1597000,0.0,0.0,0.0
2012-07-06 00:00:00-04:00,22.369102113954924,22.40965461730957,22.29610637033349,22.40965461730957,663700,0.0,0.0,0.0
2012-07-09 00:00:00-04:00,22.409664536074146,22.42588616338741,22.27989461152707,22.369112014770508,961500,0.0,0.0,0.0
2012-07-10 00:00:00-04:00,22.482657247996883,22.49076806054815,22.30422401280698,22.360998153686523,683300,0.0,0.0,0.0
2012-07-11 00:00:00-04:00,22.409660323866984,22.42588194813117,22.288001235844057,22.39344024658203,3104200,0.0,0.0,0.0
2012-07-12 00:00:00-04:00,22.35289684107047,22.45022508607065,22.26368095904861,22.401561737060547,748700,0.0,0.0,0.0
2012-07-13 00:00:00-04:00,22.473113519154435,22.651988791093316,22.416199223827785,22.643857955932617,620900,0.068,0.0,0.0
2012-07-16 00:00:00-04:00,22.63571446492134,22.65197612615068,22.546276878957332,22.578800201416016,1158500,0.0,0.0,0.0
2012-07-17 00:00:00-04:00,22.65197645409839,22.72515237989247,22.49749377177784,22.700759887695312,1174800,0.0,0.0,0.0
2012-07-18 00:00:00-04:00,22.67637050594203,22.78206976916408,22.643848729348974,22.76580810546875,1092800,0.0,0.0,0.0
2012-07-19 00:00:00-04:00,22.806457089417734,22.806457089417734,22.635714300144684,22.773935317993164,1365700,0.0,0.0,0.0
2012-07-20 00:00:00-04:00,22.71702646289083,22.71702646289083,22.595067077119804,22.651981353759766,625700,0.0,0.0,0.0
2012-07-23 00:00:00-04:00,22.505618054798013,22.562532302568872,22.343004589055315,22.464963912963867,977400,0.0,0.0,0.0
2012-07-24 00:00:00-04:00,22.48123511260766,22.513758439880586,22.131617098411695,22.261707305908203,1492100,0.0,0.0,0.0
2012-07-25 00:00:00-04:00,22.359268670619052,22.521882153996945,22.19665518724116,22.28609275817871,688100,0.0,0.0,0.0
2012-07-26 00:00:00-04:00,22.52188233023969,22.611318351080005,22.424313929290022,22.58692741394043,1189600,0.0,0.0,0.0
2012-07-27 00:00:00-04:00,22.62758210511834,22.960938383804525,22.62758210511834,22.904024124145508,1048100,0.0,0.0,0.0
2012-07-30 00:00:00-04:00,22.936549212931336,22.99346503162434,22.830851508382167,22.977203369140625,1210800,0.0,0.0,0.0
2012-07-31 00:00:00-04:00,23.025983768467388,23.025983768467388,22.814586836456648,22.822717666625977,905400,0.0,0.0,0.0
2012-08-01 00:00:00-04:00,22.96907731392913,22.977208146861656,22.700766030347005,22.733287811279297,1366600,0.0,0.0,0.0
2012-08-02 00:00:00-04:00,22.676364556524618,22.684495386239064,22.416184208851185,22.554405212402344,1457600,0.0,0.0,0.0
2012-08-03 00:00:00-04:00,22.814586442211443,22.855240592355578,22.70075792340239,22.806455612182617,968200,0.0,0.0,0.0
2012-08-06 00:00:00-04:00,22.87963704216231,22.895898706136556,22.77393932792499,22.78207015991211,867900,0.0,0.0,0.0
2012-08-07 00:00:00-04:00,22.863373400748248,22.912156834345172,22.692629056962925,22.700759887695312,717800,0.0,0.0,0.0
2012-08-08 00:00:00-04:00,22.684499046263717,22.936548604889577,22.627584779876983,22.749544143676758,533900,0.0,0.0,0.0
2012-08-09 00:00:00-04:00,22.74954160737018,22.74954160737018,22.63571308728726,22.70888900756836,1012600,0.0,0.0,0.0
2012-08-10 00:00:00-04:00,22.70076339083852,22.78207015991211,22.61132578977781,22.78207015991211,598200,0.0,0.0,0.0
2012-08-13 00:00:00-04:00,22.790192765060713,22.814583701419767,22.684493538181222,22.75766944885254,650900,0.0,0.0,0.0
2012-08-14 00:00:00-04:00,22.822717272240272,22.822717272240272,22.74954135277809,22.806455612182617,798000,0.0,0.0,0.0
2012-08-15 00:00:00-04:00,22.813794743798532,22.838247388060783,22.756740128474952,22.79749298095703,850300,0.069,0.0,0.0
2012-08-16 00:00:00-04:00,22.813794743798532,22.813794743798532,22.69968551315137,22.79749298095703,1491200,0.0,0.0,0.0
2012-08-17 00:00:00-04:00,22.838244696156487,22.838244696156487,22.748586565717755,22.805641174316406,949300,0.0,0.0,0.0
2012-08-20 00:00:00-04:00,22.821950227203704,22.821950227203704,22.70784097354672,22.78934669494629,630400,0.0,0.0,0.0
2012-08-21 00:00:00-04:00,22.821944247755063,22.846396890541428,22.667080619351257,22.699684143066406,1533900,0.0,0.0,0.0
2012-08-22 00:00:00-04:00,22.683378301569753,22.715981819421113,22.593720182099815,22.626323699951172,884600,0.0,0.0,0.0
2012-08-23 00:00:00-04:00,22.63446977293343,22.63446977293343,22.471455327535715,22.52035903930664,3734800,0.0,0.0,0.0
2012-08-24 00:00:00-04:00,22.50406921274633,22.699685704629402,22.50406921274633,22.68338394165039,892100,0.0,0.0,0.0
2012-08-27 00:00:00-04:00,22.72413523123119,22.789340724039914,22.585573364684958,22.699684143066406,643000,0.0,0.0,0.0
2012-08-28 00:00:00-04:00,22.667080619351257,22.740436993088768,22.610026007471323,22.699684143066406,1344200,0.0,0.0,0.0
2012-08-29 00:00:00-04:00,22.707837713495376,22.748590568344476,22.65893242213034,22.69153594970703,608600,0.0,0.0,0.0
2012-08-30 00:00:00-04:00,22.658922268852997,22.658922268852997,22.5448130827095,22.60186767578125,690000,0.0,0.0,0.0
2012-08-31 00:00:00-04:00,22.683378301569753,22.724131144262657,22.56111821886975,22.626323699951172,631300,0.0,0.0,0.0
2012-09-04 00:00:00-04:00,22.650776954279245,22.773037040303848,22.561118832371243,22.71598243713379,965200,0.0,0.0,0.0
2012-09-05 00:00:00-04:00,22.756738841725955,22.773040603645693,22.634478736571076,22.6589298248291,744000,0.0,0.0,0.0
2012-09-06 00:00:00-04:00,22.764887294173853,22.96865463256836,22.764887294173853,22.96865463256836,796400,0.0,0.0,0.0
2012-09-07 00:00:00-04:00,22.993109729805184,23.025713255854892,22.813795000396848,22.854549407958984,1435000,0.0,0.0,0.0
2012-09-10 00:00:00-04:00,22.838243135538505,22.878995980432332,22.797488736023297,22.821941375732422,641400,0.0,0.0,0.0
2012-09-11 00:00:00-04:00,22.838247388060783,22.854549150902283,22.764891009895702,22.79749298095703,689000,0.0,0.0,0.0
2012-09-12 00:00:00-04:00,22.83825165959611,22.8545534254866,22.724140852984647,22.756744384765625,665600,0.0,0.0,0.0
2012-09-13 00:00:00-04:00,22.77303054318024,23.033852400186195,22.732276156385,23.02570152282715,904200,0.0,0.0,0.0
2012-09-14 00:00:00-04:00,23.026527089662004,23.034695608175234,22.797813245248367,22.871328353881836,1008300,0.061,0.0,0.0
2012-09-17 00:00:00-04:00,22.863162339598368,22.887667897822183,22.789647222912702,22.85499382019043,720000,0.0,0.0,0.0
2012-09-18 00:00:00-04:00,22.838655471801758,22.87132954755997,22.78964591615012,22.838655471801758,472300,0.0,0.0,0.0
2012-09-19 00:00:00-04:00,22.920345306396484,22.97752339646241,22.854998695180267,22.920345306396484,518200,0.0,0.0,0.0
2012-09-20 00:00:00-04:00,22.879503821941686,23.059206609859856,22.871335300947305,23.042869567871094,595300,0.0,0.0,0.0
2012-09-21 00:00:00-04:00,23.116377702863296,23.116377702863296,23.042862594148648,23.0510311126709,476600,0.0,0.0,0.0
2012-09-24 00:00:00-04:00,23.042860585364625,23.165386794531436,23.010188072109486,23.149049758911133,1024800,0.0,0.0,0.0
2012-09-25 00:00:00-04:00,23.18988903793939,23.222563106711412,23.018354850842318,23.075532913208008,1703600,0.0,0.0,0.0
2012-09-26 00:00:00-04:00,23.034697831435427,23.124548427781942,22.993855234927235,23.02652931213379,867600,0.0,0.0,0.0
2012-09-27 00:00:00-04:00,23.07552997235968,23.116370995134396,22.92849979759445,23.03468894958496,977700,0.0,0.0,0.0
2012-09-28 00:00:00-04:00,22.969340407731135,23.034686973355456,22.846814233948646,23.010181427001953,618500,0.0,0.0,0.0
2012-10-01 00:00:00-04:00,23.026534083868405,23.157227303806362,22.99385999989088,23.042869567871094,677600,0.0,0.0,0.0
2012-10-02 00:00:00-04:00,23.034689324510502,23.149045436529153,22.985678226800925,23.06736183166504,879200,0.0,0.0,0.0
2012-10-03 00:00:00-04:00,23.10821105594812,23.23890423810667,23.067368462782557,23.20623016357422,647300,0.0,0.0,0.0
2012-10-04 00:00:00-04:00,23.30424690246582,23.36142496527759,23.247067281668688,23.30424690246582,626300,0.0,0.0,0.0
2012-10-05 00:00:00-04:00,23.394096595100525,23.418602145947638,23.27157195683556,23.3450870513916,485100,0.0,0.0,0.0
2012-10-08 00:00:00-04:00,23.312427823980745,23.361437395613176,23.2307441659359,23.320594787597656,1201700,0.0,0.0,0.0
2012-10-09 00:00:00-04:00,23.328760823932654,23.328760823932654,23.132721000301323,23.1572265625,528600,0.0,0.0,0.0
2012-10-10 00:00:00-04:00,23.19805497625355,23.19805497625355,23.034689324510502,23.06736183166504,396800,0.0,0.0,0.0
2012-10-11 00:00:00-04:00,23.15722184614506,23.20623140257477,23.010191618870216,23.018360137939453,716800,0.0,0.0,0.0
2012-10-12 00:00:00-04:00,23.010188565715954,23.100040705569633,22.912167907876896,22.928504943847656,499400,0.0,0.0,0.0
2012-10-15 00:00:00-04:00,23.0120116813385,23.14299418854997,22.913774020212568,23.134807586669922,1163600,0.062,0.0,0.0
2012-10-16 00:00:00-04:00,23.224863560681396,23.26579501730876,23.17574393900658,23.25760841369629,2007300,0.0,0.0,0.0
2012-10-17 00:00:00-04:00,23.306728400378418,23.41315269470215,23.273983544656964,23.41315269470215,803200,0.0,0.0,0.0
2012-10-18 00:00:00-04:00,23.396763118184815,23.4458811481225,23.323085292561284,23.437694549560547,523900,0.0,0.0,0.0
2012-10-19 00:00:00-04:00,23.39676436211924,23.404950961116448,23.102053043956214,23.151172637939453,688800,0.0,0.0,0.0
2012-10-22 00:00:00-04:00,23.134808896727925,23.134808896727925,22.971079972724763,23.093875885009766,630900,0.0,0.0,0.0
2012-10-23 00:00:00-04:00,22.971071494783157,22.971071494783157,22.76641119603062,22.913766860961914,886800,0.0,0.0,0.0
2012-10-24 00:00:00-04:00,22.92196023742217,22.946520042650157,22.782791130666148,22.8319091796875,2853900,0.0,0.0,0.0
2012-10-25 00:00:00-04:00,22.954699598212756,22.979257834467717,22.774597538027592,22.921953201293945,3825900,0.0,0.0,0.0
2012-10-26 00:00:00-04:00,22.921953460284115,22.95469985757292,22.799157593319425,22.913766860961914,1658900,0.0,0.0,0.0
2012-10-31 00:00:00-04:00,22.987452675195126,23.061130533243404,22.881029969922448,23.012012481689453,1035300,0.0,0.0,0.0
2012-11-01 00:00:00-04:00,23.061120717244975,23.13479854393218,22.995629489237906,23.02018928527832,3356100,0.0,0.0,0.0
2012-11-02 00:00:00-04:00,23.118437576713067,23.142997385746142,22.864659129110777,22.889217376708984,825900,0.0,0.0,0.0
2012-11-05 00:00:00-05:00,22.85646681697353,22.85646681697353,22.69273792051925,22.79097557067871,1297800,0.0,0.0,0.0
2012-11-06 00:00:00-05:00,22.823726114055656,22.979268448395384,22.79916786645745,22.889217376708984,758600,0.0,0.0,0.0
2012-11-07 00:00:00-05:00,22.733673302797612,22.733673302797612,22.39803043525643,22.52082633972168,5486600,0.0,0.0,0.0
2012-11-08 00:00:00-05:00,22.512634177020256,22.6026852133873,22.348905303886408,22.357091903686523,1540100,0.0,0.0,0.0
2012-11-09 00:00:00-05:00,22.291607239133953,22.471709364968998,22.193371135437307,22.340726852416992,947800,0.0,0.0,0.0
2012-11-12 00:00:00-05:00,22.357096245412563,22.381656049582407,22.258860151602306,22.29160499572754,4006300,0.0,0.0,0.0
2012-11-13 00:00:00-05:00,22.193362175339143,22.479885329972326,22.119684346595154,22.324344635009766,771700,0.0,0.0,0.0
2012-11-14 00:00:00-05:00,22.381650542909043,22.398023741660555,22.062380974425412,22.136058807373047,1022300,0.0,0.0,0.0
2012-11-15 00:00:00-05:00,22.121293937055732,22.162334671316707,21.96533632877744,22.055627822875977,1244800,0.072,0.0,0.0
2012-11-16 00:00:00-05:00,22.072040375454385,22.244414881797784,21.924291245903888,22.219789505004883,1096100,0.0,0.0,0.0
2012-11-19 00:00:00-05:00,22.31828705796157,22.40857696533203,22.293661683804196,22.40857696533203,829800,0.0,0.0,0.0
2012-11-20 00:00:00-05:00,22.38394630789237,22.424987019994017,22.24440569490283,22.416778564453125,998600,0.0,0.0,0.0
2012-11-21 00:00:00-05:00,22.466030845910634,22.49065464862741,22.334697113808517,22.433197021484375,560000,0.0,0.0,0.0
2012-11-23 00:00:00-05:00,22.490662483249473,22.564537048339844,22.408579459193124,22.564537048339844,157400,0.0,0.0,0.0
2012-11-26 00:00:00-05:00,22.539918546810902,22.630210057374924,22.490669343595957,22.59737777709961,938500,0.0,0.0,0.0
2012-11-27 00:00:00-05:00,22.613792366553355,22.69587541286032,22.556334703819644,22.589168548583984,1070700,0.0,0.0,0.0
2012-11-28 00:00:00-05:00,22.498869634263183,22.761534043490965,22.433203531956238,22.72049331665039,708900,0.0,0.0,0.0
2012-11-29 00:00:00-05:00,22.769738422293933,22.818987598799257,22.679446960698268,22.80257225036621,1459900,0.0,0.0,0.0
2012-11-30 00:00:00-05:00,22.827202789971995,22.96674346923828,22.794370517817107,22.96674346923828,1738100,0.0,0.0,0.0
2012-12-03 00:00:00-05:00,22.974945927986248,22.983154385281942,22.802573021586145,22.810781478881836,2069300,0.0,0.0,0.0
2012-12-04 00:00:00-05:00,22.79436606586865,22.876449078629648,22.769740692359377,22.786157608032227,769400,0.0,0.0,0.0
2012-12-05 00:00:00-05:00,22.818988944734357,22.983154963572577,22.728699043416203,22.925697326660156,1218300,0.0,0.0,0.0
2012-12-06 00:00:00-05:00,22.917490409529552,22.983156508357872,22.88465657731375,22.942115783691406,504800,0.0,0.0,0.0
2012-12-07 00:00:00-05:00,22.966741194319184,22.999575028825348,22.868242822007495,22.983158111572266,873400,0.0,0.0,0.0
2012-12-10 00:00:00-05:00,23.007784659241533,23.04061692981645,22.942118552488225,23.015993118286133,401300,0.0,0.0,0.0
2012-12-11 00:00:00-05:00,23.04881976680112,23.155526577146063,23.024194395673938,23.081653594970703,522700,0.0,0.0,0.0
2012-12-12 00:00:00-05:00,23.139111960323735,23.188361138532265,23.01598823200083,23.04882049560547,614100,0.0,0.0,0.0
2012-12-13 00:00:00-05:00,23.057031065240142,23.065239523294096,22.8928650353677,22.942115783691406,1599800,0.0,0.0,0.0
2012-12-14 00:00:00-05:00,22.938819831703224,22.94705953886339,22.823467074587832,22.85642433166504,737900,0.106,0.0,0.0
2012-12-17 00:00:00-05:00,22.930580245393028,23.09537124633789,22.897622988142132,23.09537124633789,745800,0.0,0.0,0.0
2012-12-18 00:00:00-05:00,23.128328415715213,23.227203330219158,23.012975658430154,23.218963623046875,709300,0.0,0.0,0.0
2012-12-19 00:00:00-05:00,23.235441007346513,23.251918848687986,23.045930902068115,23.054170608520508,937800,0.0,0.0,0.0
2012-12-20 00:00:00-05:00,23.087129613307532,23.161285400390625,22.988254706675633,23.161285400390625,800000,0.0,0.0,0.0
2012-12-21 00:00:00-05:00,22.971771281251055,23.087125580766994,22.88937737360645,22.980010986328125,655300,0.0,0.0,0.0
2012-12-24 00:00:00-05:00,22.99649626394625,22.99649626394625,22.86466409220277,22.938819885253906,334100,0.0,0.0,0.0
2012-12-26 00:00:00-05:00,22.97177711329033,22.980016820459284,22.757551013151303,22.790508270263672,1192900,0.0,0.0,0.0
2012-12-27 00:00:00-05:00,22.741077423095703,22.823472944324354,22.526849696526753,22.741077423095703,679500,0.0,0.0,0.0
2012-12-28 00:00:00-05:00,22.658678038430146,22.74107354560988,22.510366439819336,22.510366439819336,637300,0.0,0.0,0.0
2012-12-31 00:00:00-05:00,22.48564515910741,22.80698585510254,22.411489372098792,22.80698585510254,940300,0.0,0.0,0.0
2013-01-02 00:00:00-05:00,23.09537491802539,23.284883499145508,23.07889550099832,23.284883499145508,1221900,0.0,0.0,0.0
2013-01-03 00:00:00-05:00,23.293111884318932,23.35078824431209,23.235435524325773,23.30959129333496,1645300,0.0,0.0,0.0
2013-01-04 00:00:00-05:00,23.334320146083392,23.43319507654402,23.284883466634927,23.424955368041992,1965100,0.0,0.0,0.0
2013-01-07 00:00:00-05:00,23.383749277234507,23.383749277234507,23.243677421042776,23.301355361938477,1342500,0.0,0.0,0.0
2013-01-08 00:00:00-05:00,23.260149165991624,23.260149165991624,23.177753706290613,23.227191925048828,822600,0.0,0.0,0.0
2013-01-09 00:00:00-05:00,23.268404082118444,23.30136291617257,23.19424827706036,23.284883499145508,722100,0.0,0.0,0.0
2013-01-10 00:00:00-05:00,23.35903352613809,23.416709899902344,23.30135715237384,23.416709899902344,1692100,0.0,0.0,0.0
2013-01-11 00:00:00-05:00,23.4331815085198,23.441421212250965,23.35078604277095,23.383743286132812,743600,0.0,0.0,0.0
2013-01-14 00:00:00-05:00,23.433198965057432,23.44967681323212,23.39200041571079,23.441438674926758,769400,0.0,0.0,0.0
2013-01-15 00:00:00-05:00,23.37782630415196,23.46869468688965,23.336523353238416,23.46869468688965,664500,0.073,0.0,0.0
2013-01-16 00:00:00-05:00,23.419129996277775,23.427390901287474,23.361305236816406,23.361305236816406,1242900,0.0,0.0,0.0
2013-01-17 00:00:00-05:00,23.42738256501717,23.584334977532794,23.42738256501717,23.52651023864746,732600,0.0,0.0,0.0
2013-01-18 00:00:00-05:00,23.559562477036728,23.65042928188228,23.47695500168088,23.642169952392578,972900,0.0,0.0,0.0
2013-01-22 00:00:00-05:00,23.633903657807313,23.774335861206055,23.60912094817006,23.774335861206055,855300,0.0,0.0,0.0
2013-01-23 00:00:00-05:00,23.749556119716946,23.757817023961785,23.675209557119754,23.724773406982422,1139500,0.0,0.0,0.0
2013-01-24 00:00:00-05:00,23.766071843978256,23.848679289672386,23.733028235458217,23.815635681152344,980500,0.0,0.0,0.0
2013-01-25 00:00:00-05:00,23.865199867402477,23.87346076965332,23.757811289353523,23.87346076965332,1097100,0.0,0.0,0.0
2013-01-28 00:00:00-05:00,23.9064995025255,23.9064995025255,23.766067344116667,23.848674774169922,864600,0.0,0.0,0.0
2013-01-29 00:00:00-05:00,23.832165928664494,24.0056402080352,23.823905023607814,23.997379302978516,4051800,0.0,0.0,0.0
2013-01-30 00:00:00-05:00,24.022154384799627,24.022154384799627,23.923025131225586,23.923025131225586,995000,0.0,0.0,0.0
2013-01-31 00:00:00-05:00,23.90651684917727,23.972602526050736,23.90651684917727,23.914777755737305,1229600,0.0,0.0,0.0
2013-02-01 00:00:00-05:00,24.04693413303559,24.129539995975318,24.02215142879017,24.121280670166016,1211700,0.0,0.0,0.0
2013-02-04 00:00:00-05:00,24.05519868152139,24.05519868152139,23.8982446820492,23.906505584716797,801600,0.0,0.0,0.0
2013-02-05 00:00:00-05:00,24.030421168851632,24.113028637781106,23.997377551037275,24.06346321105957,1026200,0.0,0.0,0.0
2013-02-06 00:00:00-05:00,24.013890527375032,24.121280670166016,23.956065793074888,24.121280670166016,687100,0.0,0.0,0.0
2013-02-07 00:00:00-05:00,24.154333114624023,24.19563763950862,24.013900881229432,24.154333114624023,1014800,0.0,0.0,0.0
2013-02-08 00:00:00-05:00,24.146065610905616,24.19563102722168,24.104762672914983,24.19563102722168,1050500,0.0,0.0,0.0
2013-02-11 00:00:00-05:00,24.203897298035738,24.220419108214262,24.154333443106708,24.212158203125,539100,0.0,0.0,0.0
2013-02-12 00:00:00-05:00,24.212151777206692,24.261717194587575,24.16258793543193,24.245195388793945,659900,0.0,0.0,0.0
2013-02-13 00:00:00-05:00,24.269982071733768,24.30302569087716,24.18737617508825,24.253461837768555,623600,0.0,0.0,0.0
2013-02-14 00:00:00-05:00,24.245200091343065,24.278242133732967,24.170853526457755,24.203895568847656,857000,0.0,0.0,0.0
2013-02-15 00:00:00-05:00,24.24363485877086,24.285033875782013,24.193954143231956,24.251914978027344,852800,0.068,0.0,0.0
2013-02-19 00:00:00-05:00,24.301604487735368,24.45064353942871,24.29332436494441,24.45064353942871,1157000,0.0,0.0,0.0
2013-02-20 00:00:00-05:00,24.458917654942567,24.54999582472979,24.36783790588379,24.36783790588379,987500,0.0,0.0,0.0
2013-02-21 00:00:00-05:00,24.326430013004217,24.35127036783304,24.260190646065098,24.318151473999023,950200,0.0,0.0,0.0
2013-02-22 00:00:00-05:00,24.367840682046833,24.52515983581543,24.367840682046833,24.52515983581543,934500,0.0,0.0,0.0
2013-02-25 00:00:00-05:00,24.599675681283816,24.66591664925755,24.218799591064453,24.218799591064453,1087200,0.0,0.0,0.0
2013-02-26 00:00:00-05:00,24.293319997870306,24.384399752925994,24.202240242814618,24.326438903808594,1015200,0.0,0.0,0.0
2013-02-27 00:00:00-05:00,24.351279775234197,24.61623734534924,24.30160062565555,24.583118438720703,1318700,0.0,0.0,0.0
2013-02-28 00:00:00-05:00,24.58311239764955,24.707311030711356,24.56655215876896,24.591392517089844,4439100,0.0,0.0,0.0
2013-03-01 00:00:00-05:00,24.52515500514822,24.674192428588867,24.442355383722468,24.674192428588867,1297700,0.0,0.0,0.0
2013-03-04 00:00:00-05:00,24.649354540851636,24.839792571541633,24.607953939002844,24.831512451171875,7354400,0.0,0.0,0.0
2013-03-05 00:00:00-05:00,24.897750506954957,25.03022926726247,24.897750506954957,24.99711036682129,3069000,0.0,0.0,0.0
2013-03-06 00:00:00-05:00,25.030226418088763,25.06334689403126,24.897747672861218,24.93086814880371,1174500,0.0,0.0,0.0
2013-03-07 00:00:00-05:00,24.96400427282659,24.99712477162513,24.88120460510254,24.88120460510254,1412800,0.0,0.0,0.0
2013-03-08 00:00:00-05:00,24.95570881900045,24.98882929745463,24.856350542180586,24.97226905822754,1521500,0.0,0.0,0.0
2013-03-11 00:00:00-04:00,24.955705946864462,25.03850555419922,24.939147288814432,25.03850555419922,1017800,0.0,0.0,0.0
2013-03-12 00:00:00-04:00,25.05507247935383,25.05507247935383,24.947432487305456,25.013671875,743000,0.0,0.0,0.0
2013-03-13 00:00:00-04:00,25.013670255076544,25.113030119819456,24.963991112340825,25.09646987915039,775600,0.0,0.0,0.0
2013-03-14 00:00:00-04:00,25.1295887437612,25.187548003102606,25.096468264553895,25.17926788330078,1264900,0.0,0.0,0.0
2013-03-15 00:00:00-04:00,25.163494110107422,25.188392596561968,25.08880023371069,25.163494110107422,909300,0.071,0.0,0.0
2013-03-18 00:00:00-04:00,25.047309252276854,25.15519954880873,24.997513852567312,25.05560874938965,905200,0.0,0.0,0.0
2013-03-19 00:00:00-04:00,25.08051428177168,25.14690869853673,24.980923448107987,25.08881378173828,728700,0.0,0.0,0.0
2013-03-20 00:00:00-04:00,25.171807085068508,25.296296418071336,25.163507585139286,25.27969741821289,1853900,0.0,0.0,0.0
2013-03-21 00:00:00-04:00,25.204998568836146,25.25479397257071,25.113705676183322,25.146902084350586,1895500,0.0,0.0,0.0
2013-03-22 00:00:00-04:00,25.180100299336864,25.312889099121094,25.171800801479428,25.312889099121094,1538300,0.0,0.0,0.0
2013-03-25 00:00:00-04:00,25.354382720075993,25.4124791998414,25.180098029681428,25.271390914916992,1452900,0.0,0.0,0.0
2013-03-26 00:00:00-04:00,25.3211866755106,25.528669357299805,25.3211866755106,25.528669357299805,1359600,0.0,0.0,0.0
2013-03-27 00:00:00-04:00,25.40418389436739,25.561869616561072,25.370985900452418,25.553571701049805,1316300,0.0,0.0,0.0
2013-03-28 00:00:00-04:00,25.56186172215189,25.79424285888672,25.520365825541056,25.79424285888672,1531600,0.0,0.0,0.0
2013-04-01 00:00:00-04:00,25.744454054313803,25.785949961543352,25.65316115884792,25.736154556274414,1545400,0.0,0.0,0.0
2013-04-02 00:00:00-04:00,25.79425216820882,25.902142488115533,25.76935367147609,25.868946075439453,2116100,0.0,0.0,0.0
2013-04-03 00:00:00-04:00,25.885535264846226,25.91043216917759,25.661453628062205,25.70294952392578,1901100,0.0,0.0,0.0
2013-04-04 00:00:00-04:00,25.761053601627292,25.918739318847656,25.75275410341031,25.918739318847656,1511600,0.0,0.0,0.0
2013-04-05 00:00:00-04:00,25.744454238347515,25.902139953320937,25.70295674785393,25.877243041992188,1191800,0.0,0.0,0.0
2013-04-08 00:00:00-04:00,25.893834347513714,26.04322052001953,25.802541478509937,26.04322052001953,2922900,0.0,0.0,0.0
2013-04-09 00:00:00-04:00,26.08473163744239,26.10133063738912,25.943643303830694,25.993438720703125,1752000,0.0,0.0,0.0
2013-04-10 00:00:00-04:00,26.068123440250595,26.275606117478294,26.068123440250595,26.250707626342773,3916800,0.0,0.0,0.0
2013-04-11 00:00:00-04:00,26.27561102815709,26.416699338358768,26.267311529560818,26.358604431152344,1503700,0.0,0.0,0.0
2013-04-12 00:00:00-04:00,26.31711110656442,26.416703522526763,26.300513689710485,26.400104522705078,5384400,0.0,0.0,0.0
2013-04-15 00:00:00-04:00,26.35102021420563,26.392608941913505,25.960079193115234,25.960079193115234,5202500,0.071,0.0,0.0
2013-04-16 00:00:00-04:00,26.10980552435543,26.367660756158354,26.009991926535644,26.351024627685547,2353200,0.0,0.0,0.0
2013-04-17 00:00:00-04:00,26.284476364070073,26.284476364070073,26.00998664602934,26.118118286132812,3072800,0.0,0.0,0.0
2013-04-18 00:00:00-04:00,26.217938959401238,26.226257023696807,26.051580846506962,26.1347599029541,3031700,0.0,0.0,0.0
2013-04-19 00:00:00-04:00,26.217940179374096,26.4841119031836,26.176349855960975,26.475793838500977,1710400,0.0,0.0,0.0
2013-04-22 00:00:00-04:00,26.525700522608982,26.534018587254767,26.309435601344415,26.484111785888672,2467500,0.0,0.0,0.0
2013-04-23 00:00:00-04:00,26.567282186860922,26.625505447387695,26.375969935378798,26.625505447387695,3910900,0.0,0.0,0.0
2013-04-24 00:00:00-04:00,26.66710059102342,26.675417067462796,26.542331233316773,26.575603485107422,9471700,0.0,0.0,0.0
2013-04-25 00:00:00-04:00,26.658780388225995,26.675416513776014,26.54233068239238,26.59223747253418,6561200,0.0,0.0,0.0
2013-04-26 00:00:00-04:00,26.59223692296463,26.63382723598015,26.517375946044922,26.517375946044922,1219800,0.0,0.0,0.0
2013-04-29 00:00:00-04:00,26.583926974734002,26.733648974273972,26.542338235532323,26.708696365356445,1966200,0.0,0.0,0.0
2013-04-30 00:00:00-04:00,26.708683803528793,26.766908645629883,26.59223253281866,26.766908645629883,2322500,0.0,0.0,0.0
2013-05-01 00:00:00-04:00,26.708685830593062,26.775227152466233,26.53400970452474,26.55064582824707,2226100,0.0,0.0,0.0
2013-05-02 00:00:00-04:00,26.61719523003576,26.717008823703654,26.55065230542101,26.70037269592285,2639000,0.0,0.0,0.0
2013-05-03 00:00:00-04:00,26.808513641357422,26.8750581715971,26.750288763906624,26.808513641357422,2663600,0.0,0.0,0.0
2013-05-06 00:00:00-04:00,26.791874024973318,26.808510155369994,26.575610675851394,26.583927154541016,2247400,0.0,0.0,0.0
2013-05-07 00:00:00-04:00,26.667104120165135,26.800189971923828,26.617195735874255,26.800189971923828,2212800,0.0,0.0,0.0
2013-05-08 00:00:00-04:00,26.808503997947543,26.81682364774373,26.65046555500381,26.725326538085938,7859500,0.0,0.0,0.0
2013-05-09 00:00:00-04:00,26.750285197103466,26.775237806107317,26.45084119698757,26.500749588012695,11916700,0.0,0.0,0.0
2013-05-10 00:00:00-04:00,26.54232800105679,26.625505447387695,26.450830906283088,26.625505447387695,1396200,0.0,0.0,0.0
2013-05-13 00:00:00-04:00,26.600553054127474,26.658777901613327,26.500739483154042,26.633825302124023,1325700,0.0,0.0,0.0
2013-05-14 00:00:00-04:00,26.64214887342272,26.875051498413086,26.6338323957167,26.875051498413086,1961900,0.0,0.0,0.0
2013-05-15 00:00:00-04:00,26.88422364455003,27.15098157825056,26.817532571122193,27.092628479003906,2387600,0.071,0.0,0.0
2013-05-16 00:00:00-04:00,27.01759749340597,27.06761578900179,26.89255334441883,26.94257164001465,2855200,0.0,0.0,0.0
2013-05-17 00:00:00-04:00,26.95090113594943,27.125960345467504,26.942563165970203,27.11762237548828,2425700,0.0,0.0,0.0
2013-05-20 00:00:00-04:00,27.11762837127231,27.125966343095083,26.99258741397126,27.009260177612305,1492300,0.0,0.0,0.0
2013-05-21 00:00:00-04:00,27.067611694335938,27.10929201102484,26.950905535605283,27.067611694335938,7856800,0.0,0.0,0.0
2013-05-22 00:00:00-04:00,27.059279040308617,27.29269458364183,26.65914219745805,26.74250602722168,3677600,0.0,0.0,0.0
2013-05-23 00:00:00-04:00,26.567453700582185,26.64247799146906,26.375720010528656,26.600797653198242,4934300,0.0,0.0,0.0
2013-05-24 00:00:00-04:00,26.492421158415375,26.534101486206055,26.350705817923437,26.534101486206055,1938300,0.0,0.0,0.0
2013-05-28 00:00:00-04:00,26.71749779198029,26.77585088828061,26.409059542963565,26.51742935180664,5402600,0.0,0.0,0.0
2013-05-29 00:00:00-04:00,26.392384449865826,26.392384449865826,25.98391122175386,26.083946228027344,4869200,0.0,0.0,0.0
2013-05-30 00:00:00-04:00,26.117284146978747,26.350698047785578,26.100611384777807,26.133956909179688,1338000,0.0,0.0,0.0
2013-05-31 00:00:00-04:00,26.075608486609497,26.233994985787934,25.800514221191406,25.800514221191406,1472800,0.0,0.0,0.0
2013-06-03 00:00:00-04:00,25.87555026672026,25.95891094543794,25.625463460558148,25.9172306060791,3607300,0.0,0.0,0.0
2013-06-04 00:00:00-04:00,25.97557829165453,26.008923828179128,25.725493127730818,25.842199325561523,1802500,0.0,0.0,0.0
2013-06-05 00:00:00-04:00,25.79217679847075,25.800513180723282,25.550426483154297,25.550426483154297,3133000,0.0,0.0,0.0
2013-06-06 00:00:00-04:00,25.55043002868677,25.792180377549965,25.4503966077798,25.783843994140625,2118300,0.0,0.0,0.0
2013-06-07 00:00:00-04:00,25.92555875323463,26.067274088024114,25.842196511005078,26.042264938354492,1344300,0.0,0.0,0.0
2013-06-10 00:00:00-04:00,26.117292071124304,26.142301222013646,25.942232784906718,26.0339298248291,1708200,0.0,0.0,0.0
2013-06-11 00:00:00-04:00,25.858863819684164,26.042259441879715,25.800510739440227,25.83385467529297,1885700,0.0,0.0,0.0
2013-06-12 00:00:00-04:00,25.992244612301626,26.05059769674196,25.692141218034422,25.700477600097656,1450700,0.0,0.0,0.0
2013-06-13 00:00:00-04:00,25.675474228938732,26.12562942159025,25.658803051064815,26.10062026977539,1708300,0.0,0.0,0.0
2013-06-14 00:00:00-04:00,26.13655358001457,26.245176660454074,26.03628477261619,26.09477424621582,989300,0.073,0.0,0.0
2013-06-17 00:00:00-04:00,26.203395223982266,26.362151888866578,26.128194027471423,26.261884689331055,1370300,0.0,0.0,0.0
2013-06-18 00:00:00-04:00,26.270237421472512,26.42899406742078,26.195036233931454,26.378860473632812,1061000,0.0,0.0,0.0
2013-06-19 00:00:00-04:00,26.387213622442665,26.40392534989142,25.84409523010254,25.84409523010254,1289800,0.0,0.0,0.0
2013-06-20 00:00:00-04:00,25.685342701190464,25.702054432344195,25.142224188441503,25.184001922607422,3405600,0.0,0.0,0.0
2013-06-21 00:00:00-04:00,25.384535598934004,25.585073167042697,25.15893362381867,25.493160247802734,2495100,0.0,0.0,0.0
2013-06-24 00:00:00-04:00,25.31769530552499,25.585078251567534,25.11715929128201,25.37618637084961,2892300,0.0,0.0,0.0
2013-06-25 00:00:00-04:00,25.49315856700707,25.65191680057672,25.342756197700893,25.593425750732422,2989800,0.0,0.0,0.0
2013-06-26 00:00:00-04:00,25.718763190837638,25.94436516046354,25.702051461615508,25.885875701904297,1768100,0.0,0.0,0.0
2013-06-27 00:00:00-04:00,26.002854001763218,26.16161063472001,25.977786410061476,26.03627586364746,1423700,0.0,0.0,0.0
2013-06-28 00:00:00-04:00,26.00285530090332,26.136545942555827,25.852452930614707,26.00285530090332,3034600,0.0,0.0,0.0
2013-07-01 00:00:00-04:00,26.04463341101029,26.153256461302814,25.91094276739572,25.936010360717773,2277500,0.0,0.0,0.0
2013-07-02 00:00:00-04:00,25.944364631440273,26.09476700393621,25.844097445588435,25.936010360717773,1108200,0.0,0.0,0.0
2013-07-03 00:00:00-04:00,25.885868768471884,25.961069936110906,25.777245745058732,25.91093635559082,443300,0.0,0.0,0.0
2013-07-05 00:00:00-04:00,26.027923354601626,26.027923354601626,25.693696724088845,26.019567489624023,1359300,0.0,0.0,0.0
2013-07-08 00:00:00-04:00,26.078052922933402,26.286944733954854,26.061342789277397,26.253522872924805,1119300,0.0,0.0,0.0
2013-07-09 00:00:00-04:00,26.328722322588156,26.454057082222903,26.30365473317403,26.420635223388672,1974000,0.0,0.0,0.0
2013-07-10 00:00:00-04:00,26.40392897596598,26.545975491351662,26.353795380452873,26.504196166992188,1011600,0.0,0.0,0.0
2013-07-11 00:00:00-04:00,26.69637922081927,26.888559341430664,26.68802335552508,26.888559341430664,2829000,0.0,0.0,0.0
2013-07-12 00:00:00-04:00,26.838418898830273,26.92197753542427,26.74650599229491,26.90526580810547,1446600,0.0,0.0,0.0
2013-07-15 00:00:00-04:00,26.92453446154524,27.075278604306565,26.87428534906499,27.058528900146484,1831200,0.073,0.0,0.0
2013-07-16 00:00:00-04:00,27.058521898186687,27.075271598012435,26.89102809460781,26.966400146484375,1500600,0.0,0.0,0.0
2013-07-17 00:00:00-04:00,27.041777299036625,27.108772916297873,26.949655529958115,27.008277893066406,1194900,0.0,0.0,0.0
2013-07-18 00:00:00-04:00,27.050159384679866,27.217653274536133,27.050159384679866,27.217653274536133,1393400,0.0,0.0,0.0
2013-07-19 00:00:00-04:00,27.192506207955706,27.293001174926758,27.14225712713148,27.293001174926758,1073900,0.0,0.0,0.0
2013-07-22 00:00:00-04:00,27.293007527948408,27.334880174376636,27.24275843542765,27.25950813293457,821300,0.0,0.0,0.0
2013-07-23 00:00:00-04:00,27.334886541129716,27.334886541129716,27.209268572586506,27.26789093017578,1788300,0.0,0.0,0.0
2013-07-24 00:00:00-04:00,27.318139411592963,27.35163881756318,26.941279081125966,27.008277893066406,1451500,0.0,0.0,0.0
2013-07-25 00:00:00-04:00,26.932907716285573,27.108774817947317,26.907784757385155,27.058528900146484,1709700,0.0,0.0,0.0
2013-07-26 00:00:00-04:00,27.02501683637208,27.1925106048584,26.882646015021443,27.1925106048584,1014900,0.0,0.0,0.0
2013-07-29 00:00:00-04:00,27.14227295536853,27.21764502322,27.108773548616927,27.150646209716797,1404600,0.0,0.0,0.0
2013-07-30 00:00:00-04:00,27.217643739273736,27.334888462694256,27.117148718438877,27.159021377563477,1233200,0.0,0.0,0.0
2013-07-31 00:00:00-04:00,27.209273688739476,27.251146352793853,27.04177983784248,27.092025756835938,711300,0.0,0.0,0.0
2013-08-01 00:00:00-04:00,27.21764437401166,27.3097661430416,27.167395265082824,27.301389694213867,1700100,0.0,0.0,0.0
2013-08-02 00:00:00-04:00,27.251141228767576,27.301387138313306,27.16739272172655,27.26789093017578,1040200,0.0,0.0,0.0
2013-08-05 00:00:00-04:00,27.22600553406123,27.25950492513298,27.175759642131375,27.209259033203125,591100,0.0,0.0,0.0
2013-08-06 00:00:00-04:00,27.200878734098996,27.20925517801899,27.0920073258803,27.10875701904297,736400,0.0,0.0,0.0
2013-08-07 00:00:00-04:00,27.066895167107496,27.142267219029584,26.983149862606773,27.08364486694336,1626600,0.0,0.0,0.0
2013-08-08 00:00:00-04:00,27.167387008666992,27.217636102324672,27.050142318143955,27.167387008666992,568600,0.0,0.0,0.0
2013-08-09 00:00:00-04:00,27.15064812544796,27.20089723912091,27.03340338822391,27.092025756835938,874900,0.0,0.0,0.0
2013-08-12 00:00:00-04:00,27.02502123341043,27.02502123341043,26.932899486020624,26.99152183532715,1734900,0.0,0.0,0.0
2013-08-13 00:00:00-04:00,26.983152401161565,27.033398310717665,26.85753123791355,26.94127655029297,856900,0.0,0.0,0.0
2013-08-14 00:00:00-04:00,26.94127846223802,26.95802816483836,26.757038122992512,26.765411376953125,1540800,0.0,0.0,0.0
2013-08-15 00:00:00-04:00,26.708327627397708,26.708327627397708,26.35579777985609,26.37258529663086,1376700,0.072,0.0,0.0
2013-08-16 00:00:00-04:00,26.330625781877533,26.330625781877533,26.103999042186167,26.196327209472656,1143300,0.0,0.0,0.0
2013-08-19 00:00:00-04:00,26.13757141875886,26.204719901750078,26.02845573425293,26.02845573425293,1137300,0.0,0.0,0.0
2013-08-20 00:00:00-04:00,26.02845679562238,26.288656977705326,26.02006303478794,26.196327209472656,790100,0.0,0.0,0.0
2013-08-21 00:00:00-04:00,26.112392482451348,26.162753445893554,25.910947027736356,25.936126708984375,878800,0.0,0.0,0.0
2013-08-22 00:00:00-04:00,25.961310307982625,26.330627808391327,25.885768055604792,26.12078857421875,792200,0.0,0.0,0.0
2013-08-23 00:00:00-04:00,26.14596293754028,26.246686453864296,26.070420700533763,26.238292694091797,942400,0.0,0.0,0.0
2013-08-26 00:00:00-04:00,26.196329026930854,26.238297834014787,26.028458601434004,26.045246124267578,1197100,0.0,0.0,0.0
2013-08-27 00:00:00-04:00,25.860587420849406,25.952917198507723,25.80183268995642,25.843801498413086,1978500,0.0,0.0,0.0
2013-08-28 00:00:00-04:00,25.76824541984892,25.885754818592808,25.717882876719692,25.80181884765625,1417200,0.0,0.0,0.0
2013-08-29 00:00:00-04:00,25.75146836763467,25.88576533531639,25.70110740499056,25.78504180908203,929700,0.0,0.0,0.0
2013-08-30 00:00:00-04:00,25.810221935729256,25.83540321639738,25.67592497405806,25.726285934448242,848400,0.0,0.0,0.0
2013-09-03 00:00:00-04:00,25.885759652504255,26.003269073191877,25.60037825859507,25.675920486450195,1212000,0.0,0.0,0.0
2013-09-04 00:00:00-04:00,25.659139095097178,25.843798629917796,25.61717189224495,25.827011108398438,2043800,0.0,0.0,0.0
2013-09-05 00:00:00-04:00,25.79343634223321,25.852191067235488,25.726287856381152,25.759862899780273,584500,0.0,0.0,0.0
2013-09-06 00:00:00-04:00,25.818620213339084,25.961310960199057,25.66753570478778,25.843801498413086,490400,0.0,0.0,0.0
2013-09-09 00:00:00-04:00,25.852196124704058,26.036855697631836,25.843803963158706,26.036855697631836,482700,0.0,0.0,0.0
2013-09-10 00:00:00-04:00,26.08721657009666,26.179546356201172,26.028461833828878,26.179546356201172,852400,0.0,0.0,0.0
2013-09-11 00:00:00-04:00,26.13756725646166,26.21310948791526,26.078812543319053,26.204715728759766,765800,0.0,0.0,0.0
2013-09-12 00:00:00-04:00,26.204722987130733,26.263479317493953,26.112394812738287,26.12078857421875,699800,0.0,0.0,0.0
2013-09-13 00:00:00-04:00,26.13340289019948,26.251197814941406,26.13340289019948,26.251197814941406,1257500,0.075,0.0,0.0
2013-09-16 00:00:00-04:00,26.49520003229894,26.55409669568566,26.38582074383984,26.444717407226562,1051100,0.0,0.0,0.0
2013-09-17 00:00:00-04:00,26.427884441079993,26.53726531411586,26.427884441079993,26.520437240600586,751800,0.0,0.0,0.0
2013-09-18 00:00:00-04:00,26.512022883183036,26.97478527037552,26.44471219474947,26.96636962890625,946100,0.0,0.0,0.0
2013-09-19 00:00:00-04:00,26.974794463403843,27.008447411869472,26.865413554413838,26.907482147216797,956700,0.0,0.0,0.0
2013-09-20 00:00:00-04:00,26.907474041853984,26.907474041853984,26.63823127746582,26.63823127746582,763100,0.0,0.0,0.0
2013-09-23 00:00:00-04:00,26.604577817392688,26.705543055741796,26.537267123555438,26.6887149810791,2244900,0.0,0.0,0.0
2013-09-24 00:00:00-04:00,26.671887425421072,26.722370042540486,26.587748660346406,26.63823127746582,443400,0.0,0.0,0.0
2013-09-25 00:00:00-04:00,26.587753469679036,26.638236095930015,26.461546101644718,26.47837257385254,599500,0.0,0.0,0.0
2013-09-26 00:00:00-04:00,26.461549189704964,26.57934253297497,26.419478992241434,26.48678970336914,429500,0.0,0.0,0.0
2013-09-27 00:00:00-04:00,26.411057339880948,26.427885414015744,26.318506141766527,26.36057472229004,754100,0.0,0.0,0.0
2013-09-30 00:00:00-04:00,26.209127625814425,26.310094474905558,26.15864500367567,26.251197814941406,1571900,0.0,0.0,0.0
2013-10-01 00:00:00-04:00,26.284848554069246,26.411055893541814,26.225951902636275,26.37740135192871,1110400,0.0,0.0,0.0
2013-10-02 00:00:00-04:00,26.251193903644104,26.310090554832946,26.09974445497943,26.293262481689453,598800,0.0,0.0,0.0
2013-10-03 00:00:00-04:00,26.234364773283115,26.234364773283115,25.956707996858285,26.049259185791016,10200300,0.0,0.0,0.0
2013-10-04 00:00:00-04:00,26.082924238662788,26.1838911031241,26.032441608839065,26.141820907592773,948100,0.0,0.0,0.0
2013-10-07 00:00:00-04:00,25.96512377394005,26.167055842622837,25.96512377394005,26.032434463500977,555100,0.0,0.0,0.0
2013-10-08 00:00:00-04:00,26.015605352007114,26.175468835141555,25.91463851928711,25.91463851928711,909600,0.0,0.0,0.0
2013-10-09 00:00:00-04:00,25.939890977356892,26.11658260390446,25.923062897721124,25.990373611450195,1041400,0.0,0.0,0.0
2013-10-10 00:00:00-04:00,26.11658159457372,26.495203742861847,26.11658159457372,26.48678970336914,7857200,0.0,0.0,0.0
2013-10-11 00:00:00-04:00,26.478367784305302,26.655059351443445,26.419471130197074,26.63823127746582,1624500,0.0,0.0,0.0
2013-10-14 00:00:00-04:00,26.562508911507823,26.655061721801758,26.411059441868147,26.655061721801758,609200,0.0,0.0,0.0
2013-10-15 00:00:00-04:00,26.651680334251743,26.651680334251743,26.381790161132812,26.381790161132812,639700,0.076,0.0,0.0
2013-10-16 00:00:00-04:00,26.499877547367195,26.79507064819336,26.499877547367195,26.79507064819336,936100,0.0,0.0,0.0
2013-10-17 00:00:00-04:00,26.744468107233892,27.09026527404785,26.66856286380905,27.09026527404785,1073800,0.0,0.0,0.0
2013-10-18 00:00:00-04:00,27.081829117690308,27.115566207016723,27.014354939037478,27.098697662353516,891700,0.0,0.0,0.0
2013-10-21 00:00:00-04:00,27.06495870372691,27.073391366803133,26.94688211658559,27.00592041015625,736300,0.0,0.0,0.0
2013-10-22 00:00:00-04:00,27.073388921989782,27.368583580531755,27.073388921989782,27.33484649658203,1013200,0.0,0.0,0.0
2013-10-23 00:00:00-04:00,27.258935693537957,27.402316670754644,27.258935693537957,27.377012252807617,607700,0.0,0.0,0.0
2013-10-24 00:00:00-04:00,27.39389042671895,27.41075897216797,27.28424648997338,27.41075897216797,1925700,0.0,0.0,0.0
2013-10-25 00:00:00-04:00,27.36015693924389,27.562576293945312,27.301118631069826,27.562576293945312,2192200,0.0,0.0,0.0
2013-10-28 00:00:00-04:00,27.5035301954631,27.646907984032556,27.5035301954631,27.604738235473633,1667100,0.0,0.0,0.0
2013-10-29 00:00:00-04:00,27.6384714823736,27.705942427227285,27.604734401274186,27.697509765625,542900,0.0,0.0,0.0
2013-10-30 00:00:00-04:00,27.705942466506663,27.773416628801144,27.469789333166254,27.511959075927734,2157000,0.0,0.0,0.0
2013-10-31 00:00:00-04:00,27.5457001546268,27.621606989551452,27.351716735896158,27.46979331970215,647500,0.0,0.0,0.0
2013-11-01 00:00:00-04:00,27.48666943810059,27.621614602119376,27.427631129926528,27.562576293945312,1074100,0.0,0.0,0.0
2013-11-04 00:00:00-05:00,27.58787717217553,27.66378402709961,27.503537652191646,27.66378402709961,680400,0.0,0.0,0.0
2013-11-05 00:00:00-05:00,27.554140411436737,27.64691581495212,27.495102103262674,27.562576293945312,663100,0.0,0.0,0.0
2013-11-06 00:00:00-05:00,27.579442325326948,27.781858444213867,27.579442325326948,27.781858444213867,509600,0.0,0.0,0.0
2013-11-07 00:00:00-05:00,27.857758500777773,27.866194380459817,27.46135902404785,27.46135902404785,986500,0.0,0.0,0.0
2013-11-08 00:00:00-05:00,27.46136239132238,27.62160873413086,27.301112831168087,27.62160873413086,560200,0.0,0.0,0.0
2013-11-11 00:00:00-05:00,27.59631138269957,27.689086779469054,27.57944283625546,27.63848114013672,632100,0.0,0.0,0.0
2013-11-12 00:00:00-05:00,27.613179846116044,27.62161251063961,27.402327842218032,27.495100021362305,656500,0.0,0.0,0.0
2013-11-13 00:00:00-05:00,27.419189609476742,27.689083099365234,27.393888401846443,27.689083099365234,707900,0.0,0.0,0.0
2013-11-14 00:00:00-05:00,27.689087968069355,27.942109740899888,27.689087968069355,27.933673858642578,957600,0.0,0.0,0.0
2013-11-15 00:00:00-05:00,27.97677245537837,28.02748680114746,27.841537424251598,28.02748680114746,740900,0.071,0.0,0.0
2013-11-18 00:00:00-05:00,28.061289684758385,28.069740461579382,27.900695906849084,27.934505462646484,1519400,0.0,0.0,0.0
2013-11-19 00:00:00-05:00,27.93450765017472,27.95141242939722,27.82462819735695,27.83308219909668,641800,0.0,0.0,0.0
2013-11-20 00:00:00-05:00,27.849992812659046,27.917608719457053,27.621783081732712,27.664043426513672,1404500,0.0,0.0,0.0
2013-11-21 00:00:00-05:00,27.740112008118217,27.875347039494336,27.68094688340726,27.841537475585938,934900,0.0,0.0,0.0
2013-11-22 00:00:00-05:00,27.841551071366485,27.94297981262207,27.748579561604107,27.94297981262207,671100,0.0,0.0,0.0
2013-11-25 00:00:00-05:00,27.985218895153174,28.010574449056367,27.833079123220834,27.858434677124023,920500,0.0,0.0,0.0
2013-11-26 00:00:00-05:00,27.866908985840624,27.90916934789523,27.807743834112383,27.850004196166992,1104500,0.0,0.0,0.0
2013-11-27 00:00:00-05:00,27.866908985840624,27.866908985840624,27.782385037472462,27.850004196166992,449600,0.0,0.0,0.0
2013-11-29 00:00:00-05:00,27.883803353581627,27.926063699840878,27.757019090546116,27.773923873901367,253700,0.0,0.0,0.0
2013-12-02 00:00:00-05:00,27.799275810983083,27.807729813686937,27.630231223736576,27.63868522644043,907200,0.0,0.0,0.0
2013-12-03 00:00:00-05:00,27.579514972568504,27.68094041634031,27.528800638554237,27.61332130432129,695800,0.0,0.0,0.0
2013-12-04 00:00:00-05:00,27.528820838130276,27.6725099444758,27.34287136789222,27.58798599243164,694600,0.0,0.0,0.0
2013-12-05 00:00:00-05:00,27.511918107975035,27.528822899649796,27.38513700680332,27.40203857421875,579100,0.0,0.0,0.0
2013-12-06 00:00:00-05:00,27.5964387995804,27.850004196166992,27.5964387995804,27.850004196166992,737700,0.0,0.0,0.0
2013-12-09 00:00:00-05:00,28.002144078970733,28.002144078970733,27.79083904443875,27.850004196166992,455900,0.0,0.0,0.0
2013-12-10 00:00:00-05:00,27.790830739514323,27.790830739514323,27.61333211311379,27.62178611755371,600300,0.0,0.0,0.0
2013-12-11 00:00:00-05:00,27.630237984241855,27.630237984241855,27.325961521857245,27.342863082885742,994200,0.0,0.0,0.0
2013-12-12 00:00:00-05:00,27.31750396120232,27.393573872961085,27.20762448327129,27.224529266357422,882300,0.0,0.0,0.0
2013-12-13 00:00:00-05:00,27.273651948477738,27.324470348852678,27.188949229388918,27.248239517211914,719100,0.068,0.0,0.0
2013-12-16 00:00:00-05:00,27.315998285451197,27.468459929716698,27.29905774374637,27.383760452270508,748700,0.0,0.0,0.0
2013-12-17 00:00:00-05:00,27.36682721478111,27.383767761007377,27.188953094944733,27.231306076049805,845700,0.0,0.0,0.0
2013-12-18 00:00:00-05:00,27.256718044352475,27.705631256103516,27.053436315637736,27.705631256103516,1346900,0.0,0.0,0.0
2013-12-19 00:00:00-05:00,27.61245973589186,27.646340831631004,27.47693858401442,27.62093162536621,785700,0.0,0.0,0.0
2013-12-20 00:00:00-05:00,27.612468106884474,27.858101278840685,27.612468106884474,27.798810958862305,591400,0.0,0.0,0.0
2013-12-23 00:00:00-05:00,27.824207305908203,27.917378688811294,27.77338890147278,27.824207305908203,759200,0.0,0.0,0.0
2013-12-24 00:00:00-05:00,27.832679358708152,27.95125994453055,27.79032961106853,27.90043830871582,378900,0.0,0.0,0.0
2013-12-26 00:00:00-05:00,27.942787641781646,27.985137383895964,27.900434668589117,27.976665496826172,645600,0.0,0.0,0.0
2013-12-27 00:00:00-05:00,28.002096624897554,28.06985561130977,27.951274961778115,28.035974502563477,332200,0.0,0.0,0.0
2013-12-30 00:00:00-05:00,28.044446395290237,28.06985561130977,28.002096624897554,28.035974502563477,546100,0.0,0.0,0.0
2013-12-31 00:00:00-05:00,28.095243481261917,28.112184022764062,28.01054400482911,28.086774826049805,1220700,0.0,0.0,0.0
2014-01-02 00:00:00-05:00,28.00208323277223,28.00208323277223,27.697159862047343,27.731040954589844,1043600,0.0,0.0,0.0
2014-01-03 00:00:00-05:00,27.79880558168038,27.849627230865643,27.688693623985387,27.747983932495117,1896300,0.0,0.0,0.0
2014-01-06 00:00:00-05:00,27.824207003121877,27.832678891154664,27.62092692543508,27.66327667236328,1154400,0.0,0.0,0.0
2014-01-07 00:00:00-05:00,27.722566965443573,27.883497296208933,27.697157763501302,27.866559982299805,850000,0.0,0.0,0.0
2014-01-08 00:00:00-05:00,27.82421479073327,27.82421479073327,27.688693623985387,27.747983932495117,1606100,0.0,0.0,0.0
2014-01-09 00:00:00-05:00,27.79879780234897,27.866559982299805,27.722566965443573,27.866559982299805,605100,0.0,0.0,0.0
2014-01-10 00:00:00-05:00,27.87502546953617,28.03595578200186,27.86655681354459,27.976665496826172,473500,0.0,0.0,0.0
2014-01-13 00:00:00-05:00,27.951253665822694,27.959722321016844,27.620921184926345,27.67173957824707,1876000,0.0,0.0,0.0
2014-01-14 00:00:00-05:00,27.7395107566578,27.858091354370117,27.680220457801642,27.858091354370117,1085500,0.0,0.0,0.0
2014-01-15 00:00:00-05:00,27.907324080386044,27.924299726323845,27.822445850697036,27.890348434448242,1682500,0.068,0.0,0.0
2014-01-16 00:00:00-05:00,27.83093529255264,27.890348434448242,27.788497796594832,27.890348434448242,770400,0.0,0.0,0.0
2014-01-17 00:00:00-05:00,27.873376085324253,27.88186229041019,27.76303599256441,27.813962936401367,1072500,0.0,0.0,0.0
2014-01-21 00:00:00-05:00,27.87336428102358,27.958239247033713,27.76302423499247,27.932777404785156,569500,0.0,0.0,0.0
2014-01-22 00:00:00-05:00,27.949765747776254,27.99220325006775,27.898838802362132,27.958251953125,578500,0.0,0.0,0.0
2014-01-23 00:00:00-05:00,27.856394657987448,27.856394657987448,27.618742111601883,27.703617095947266,631800,0.0,0.0,0.0
2014-01-24 00:00:00-05:00,27.593276140906426,27.63571686949076,27.236797332763672,27.236797332763672,1119700,0.0,0.0,0.0
2014-01-27 00:00:00-05:00,27.287726585789706,27.381087778407732,27.18587271385012,27.228313446044922,1207100,0.0,0.0,0.0
2014-01-28 00:00:00-05:00,27.253773799333015,27.406551361083984,27.245284358250682,27.406551361083984,490900,0.0,0.0,0.0
2014-01-29 00:00:00-05:00,27.236802123593097,27.3301665624642,27.13494986128946,27.168899536132812,1012100,0.0,0.0,0.0
2014-01-30 00:00:00-05:00,27.313189843695238,27.474453625924266,27.30470040170908,27.448991775512695,596500,0.0,0.0,0.0
2014-01-31 00:00:00-05:00,27.19434828105944,27.499903265439915,27.10098389830189,27.36410140991211,941100,0.0,0.0,0.0
2014-02-03 00:00:00-05:00,27.372595360036495,27.381081561884802,26.803924321909744,26.820899963378906,2361400,0.0,0.0,0.0
2014-02-04 00:00:00-05:00,26.94822426024616,26.94822426024616,26.786958842880768,26.888811111450195,1243100,0.0,0.0,0.0
2014-02-05 00:00:00-05:00,26.820899079721887,26.93972532831856,26.71904685314887,26.86333656311035,1092700,0.0,0.0,0.0
2014-02-06 00:00:00-05:00,26.880321766710978,27.07553684996374,26.880321766710978,27.067049026489258,604000,0.0,0.0,0.0
2014-02-07 00:00:00-05:00,27.143434855148453,27.36411500361595,27.11797300639191,27.347139358520508,1326400,0.0,0.0,0.0
2014-02-10 00:00:00-05:00,27.3471331288597,27.457469940185547,27.245279281489296,27.457469940185547,429300,0.0,0.0,0.0
2014-02-11 00:00:00-05:00,27.465968089846445,27.763033811119325,27.3980655033992,27.720596313476562,747200,0.0,0.0,0.0
2014-02-12 00:00:00-05:00,27.720593392218458,27.813957819857706,27.635718405877245,27.67815589904785,606900,0.0,0.0,0.0
2014-02-13 00:00:00-05:00,27.576307079032414,27.890348434448242,27.576307079032414,27.890348434448242,798400,0.0,0.0,0.0
2014-02-14 00:00:00-05:00,27.88353789045344,28.079181611916418,27.81548945227985,28.062171936035156,1220900,0.072,0.0,0.0
2014-02-18 00:00:00-05:00,28.096186925990466,28.11319984214854,28.01963042572011,28.070669174194336,598000,0.0,0.0,0.0
2014-02-19 00:00:00-05:00,28.036657974852147,28.155745205231057,27.85802712928378,27.87504005432129,983000,0.0,0.0,0.0
2014-02-20 00:00:00-05:00,27.88353857351077,28.147233984489876,27.841007893000057,28.096195220947266,642300,0.0,0.0,0.0
2014-02-21 00:00:00-05:00,28.130220413208008,28.274828617461992,28.09619457163262,28.130220413208008,468400,0.0,0.0,0.0
2014-02-24 00:00:00-05:00,28.147236497466235,28.393919009288208,28.147236497466235,28.164249420166016,936400,0.0,0.0,0.0
2014-02-25 00:00:00-05:00,28.189761484935485,28.317356756956627,28.11320497069931,28.172748565673828,703600,0.0,0.0,0.0
2014-02-26 00:00:00-05:00,28.223792398363088,28.300348926364848,28.113210025719845,28.147235870361328,624300,0.0,0.0,0.0
2014-02-27 00:00:00-05:00,28.155748290031543,28.25782585144043,28.11321759521985,28.25782585144043,545200,0.0,0.0,0.0
2014-02-28 00:00:00-05:00,28.27482610933135,28.487482732989466,28.257813190052794,28.40241813659668,2336100,0.0,0.0,0.0
2014-03-03 00:00:00-05:00,28.240805324626702,28.300348930316034,28.09619710732179,28.20677947998047,865700,0.0,0.0,0.0
2014-03-04 00:00:00-05:00,28.410924963149448,28.615073495705325,28.410924963149448,28.589555740356445,726900,0.0,0.0,0.0
2014-03-05 00:00:00-05:00,28.581054052234027,28.581054052234027,28.43644907973235,28.44495391845703,517700,0.0,0.0,0.0
2014-03-06 00:00:00-05:00,28.513001765865344,28.53851952348421,28.461963005744895,28.495988845825195,565600,0.0,0.0,0.0
2014-03-07 00:00:00-05:00,28.547028247057074,28.572546005249023,28.410928128562045,28.572546005249023,676300,0.0,0.0,0.0
2014-03-10 00:00:00-04:00,28.547023773193363,28.572541527386193,28.461959184413473,28.54702377319336,761000,0.0,0.0,0.0
2014-03-11 00:00:00-04:00,28.57254921350934,28.598066974566546,28.41943615739983,28.44495391845703,369800,0.0,0.0,0.0
2014-03-12 00:00:00-04:00,28.410931297746444,28.5555362701416,28.32586668614652,28.5555362701416,306000,0.0,0.0,0.0
2014-03-13 00:00:00-04:00,28.58956531314489,28.632096001261264,28.385413467349398,28.4194393157959,650300,0.0,0.0,0.0
2014-03-14 00:00:00-04:00,28.385339847100052,28.581394361233183,28.385339847100052,28.46205711364746,1676900,0.07,0.0,0.0
2014-03-17 00:00:00-04:00,28.521713049204227,28.666624822304044,28.51319035746644,28.64957618713379,1492900,0.0,0.0,0.0
2014-03-18 00:00:00-04:00,28.649587744567512,28.77744768238195,28.641061797695627,28.72630500793457,511200,0.0,0.0,0.0
2014-03-19 00:00:00-04:00,28.7263076358091,28.768927618979443,28.30010130071311,28.436487197875977,1113900,0.0,0.0,0.0
2014-03-20 00:00:00-04:00,28.41943410172943,28.530248641967773,28.351239537984057,28.530248641967773,466400,0.0,0.0,0.0
2014-03-21 00:00:00-04:00,28.666635671056195,28.79449560567907,28.547298431396484,28.547298431396484,728000,0.0,0.0,0.0
2014-03-24 00:00:00-04:00,28.58992030845852,28.683686217760478,28.4023884898546,28.46205711364746,636000,0.0,0.0,0.0
2014-03-25 00:00:00-04:00,28.53025114624472,28.649588391578316,28.496153861379103,28.632539749145508,445000,0.0,0.0,0.0
2014-03-26 00:00:00-04:00,28.692205188837107,28.74335111046165,28.53877067565918,28.53877067565918,590300,0.0,0.0,0.0
2014-03-27 00:00:00-04:00,28.5302453178134,28.61548526086775,28.479099400963552,28.555816650390625,802200,0.0,0.0,0.0
2014-03-28 00:00:00-04:00,28.589918737216177,28.743353261878553,28.589918737216177,28.69220733642578,481000,0.0,0.0,0.0
2014-03-31 00:00:00-04:00,28.81155384725946,29.00760841369629,28.77745655265384,29.00760841369629,1150500,0.0,0.0,0.0
2014-04-01 00:00:00-04:00,29.067273895413265,29.067273895413265,28.862696653399684,28.999082565307617,1412500,0.0,0.0,0.0
2014-04-02 00:00:00-04:00,29.016120153770654,29.067262818937124,28.922354265371602,29.03316879272461,782700,0.0,0.0,0.0
2014-04-03 00:00:00-04:00,29.033167113519877,29.126929744800545,29.016118475551973,29.10135841369629,366800,0.0,0.0,0.0
2014-04-04 00:00:00-04:00,29.20365518826513,29.305947044789352,28.922360712063814,28.930883407592773,592900,0.0,0.0,0.0
2014-04-07 00:00:00-04:00,28.90531903049062,28.999084962371132,28.75188446044922,28.75188446044922,631000,0.0,0.0,0.0
2014-04-08 00:00:00-04:00,28.76891924837985,28.956451021800685,28.692202000316357,28.922353744506836,846400,0.0,0.0,0.0
2014-04-09 00:00:00-04:00,28.93940463462838,29.067264556884766,28.87121007473517,29.067264556884766,467800,0.0,0.0,0.0
2014-04-10 00:00:00-04:00,29.067259304679478,29.135453852250517,28.66662771863214,28.700721740722656,1464400,0.0,0.0,0.0
2014-04-11 00:00:00-04:00,28.598436621917802,28.717773842872052,28.52171937249073,28.555816650390625,888200,0.0,0.0,0.0
2014-04-14 00:00:00-04:00,28.683672944632484,28.76891286726505,28.530238482538167,28.73481559753418,1030900,0.0,0.0,0.0
2014-04-15 00:00:00-04:00,28.76813821146591,28.98167842784653,28.67417999492002,28.973134994506836,1009000,0.069,0.0,0.0
2014-04-16 00:00:00-04:00,29.067098837273175,29.220848083496094,29.0414750490246,29.220848083496094,1422700,0.0,0.0,0.0
2014-04-17 00:00:00-04:00,29.161048373981398,29.212299193557424,29.118340986850427,29.143964767456055,651500,0.0,0.0,0.0
2014-04-21 00:00:00-04:00,29.12689598875495,29.18668701284948,29.067104964660416,29.152523040771484,1496800,0.0,0.0,0.0
2014-04-22 00:00:00-04:00,29.186672154587022,29.22083936763771,29.12688116093071,29.143964767456055,3222200,0.0,0.0,0.0
2014-04-23 00:00:00-04:00,29.092722037116385,29.255011438508276,29.092722037116385,29.178136825561523,557200,0.0,0.0,0.0
2014-04-24 00:00:00-04:00,29.24647177625129,29.289179171223324,29.15251355229359,29.195220947265625,447500,0.0,0.0,0.0
2014-04-25 00:00:00-04:00,29.169596650063138,29.22084421978409,29.109805646478478,29.178136825561523,380600,0.0,0.0,0.0
2014-04-28 00:00:00-04:00,29.280632733315038,29.44292537927072,29.1439671284058,29.40875816345215,900500,0.0,0.0,0.0
2014-04-29 00:00:00-04:00,29.477089336724248,29.502716377770692,29.391674555542867,29.40875816345215,999400,0.0,0.0,0.0
2014-04-30 00:00:00-04:00,29.442919417308985,29.579584994544508,29.417292381451816,29.54541778564453,1050400,0.0,0.0,0.0
2014-05-01 00:00:00-04:00,29.55397178206698,29.57959882991078,29.417306140908376,29.519807815551758,1345800,0.0,0.0,0.0
2014-05-02 00:00:00-04:00,29.528331458156508,29.56249866390566,29.35749868777484,29.374582290649414,838200,0.0,0.0,0.0
2014-05-05 00:00:00-04:00,29.331898806309432,29.477104661481395,29.22940036393118,29.451480865478516,771100,0.0,0.0,0.0
2014-05-06 00:00:00-04:00,29.41729284975788,29.434376454479832,29.27208709716797,29.27208709716797,459700,0.0,0.0,0.0
2014-05-07 00:00:00-04:00,29.348972217717233,29.605219863742413,29.340428783109218,29.5966796875,1087900,0.0,0.0,0.0
2014-05-08 00:00:00-04:00,29.613759903525164,29.682094346611983,29.442930312539293,29.528345108032227,759900,0.0,0.0,0.0
2014-05-09 00:00:00-04:00,29.5112523244488,29.51979575636194,29.400210518129995,29.47708511352539,887700,0.0,0.0,0.0
2014-05-12 00:00:00-04:00,29.605225501522813,29.639392729730194,29.53689430347427,29.57105827331543,752500,0.0,0.0,0.0
2014-05-13 00:00:00-04:00,29.622303474592837,29.647927261685677,29.57105264204156,29.5966796875,1215600,0.0,0.0,0.0
2014-05-14 00:00:00-04:00,29.630843514296867,29.647927125068573,29.511261497260524,29.528345108032227,571900,0.0,0.0,0.0
2014-05-15 00:00:00-04:00,29.54546655772778,29.54546655772778,29.263019920007,29.297256469726562,715300,0.07,0.0,0.0
2014-05-16 00:00:00-04:00,29.32293520628787,29.45132064819336,29.263022870725948,29.45132064819336,626300,0.0,0.0,0.0
2014-05-19 00:00:00-04:00,29.357163795139435,29.39995784250584,29.31436974777303,29.365724563598633,610200,0.0,0.0,0.0
2014-05-20 00:00:00-04:00,29.374273889207238,29.391392156383336,29.168861213045297,29.203094482421875,954700,0.0,0.0,0.0
2014-05-21 00:00:00-04:00,29.30581527492571,29.40852165222168,29.280136231869065,29.40852165222168,712700,0.0,0.0,0.0
2014-05-22 00:00:00-04:00,29.408520107206414,29.4684324295629,29.314371239224315,29.44275665283203,491800,0.0,0.0,0.0
2014-05-23 00:00:00-04:00,29.476985344498537,29.511221884794203,29.425633799031225,29.485546112060547,306600,0.0,0.0,0.0
2014-05-27 00:00:00-04:00,29.596813788962322,29.60537129170816,29.53689820983645,29.588253021240234,932800,0.0,0.0,0.0
2014-05-28 00:00:00-04:00,29.588259870971957,29.665290473422218,29.57970236624504,29.631053924560547,673600,0.0,0.0,0.0
2014-05-29 00:00:00-04:00,29.673832693162353,29.742305755615234,29.588244630071575,29.742305755615234,511100,0.0,0.0,0.0
2014-05-30 00:00:00-04:00,29.72519964692925,29.87070333166164,29.72519964692925,29.86214256286621,554900,0.0,0.0,0.0
2014-06-02 00:00:00-04:00,29.84502429025201,29.91349738070882,29.79367273738606,29.86214256286621,714600,0.0,0.0,0.0
2014-06-03 00:00:00-04:00,29.845030970700087,29.85359174141174,29.78511863562806,29.83647346496582,461700,0.0,0.0,0.0
2014-06-04 00:00:00-04:00,29.810805620501924,29.922069549560547,29.77656905849392,29.922069549560547,533000,0.0,0.0,0.0
2014-06-05 00:00:00-04:00,29.947739523068474,30.08468246459961,29.862148144000724,30.08468246459961,489000,0.0,0.0,0.0
2014-06-06 00:00:00-04:00,30.110362042069255,30.213068444922254,30.101801270594528,30.136037826538086,576700,0.0,0.0,0.0
2014-06-09 00:00:00-04:00,30.161714553833008,30.22162688963274,30.110359723871483,30.161714553833008,702700,0.0,0.0,0.0
2014-06-10 00:00:00-04:00,30.144584287493203,30.153141789927755,30.058992938267036,30.110347747802734,714300,0.0,0.0,0.0
2014-06-11 00:00:00-04:00,30.04188007428136,30.058998347206924,29.904937155853546,29.913497924804688,754700,0.0,0.0,0.0
2014-06-12 00:00:00-04:00,29.913495289241833,29.913495289241833,29.733758336824394,29.793670654296875,695300,0.0,0.0,0.0
2014-06-13 00:00:00-04:00,29.844284097053713,29.92146772295882,29.76710047114861,29.887163162231445,532300,0.069,0.0,0.0
2014-06-16 00:00:00-04:00,29.930028527289505,30.101544690743562,29.921450756240134,29.998634338378906,775100,0.0,0.0,0.0
2014-06-17 00:00:00-04:00,29.99006328609056,30.058669105066066,29.930031967688933,30.050094604492188,703100,0.0,0.0,0.0
2014-06-18 00:00:00-04:00,30.041507919610495,30.38454672709825,30.041507919610495,30.35881996154785,634100,0.0,0.0,0.0
2014-06-19 00:00:00-04:00,30.384562656308752,30.51320309442198,30.367410379796173,30.50462532043457,634200,0.0,0.0,0.0
2014-06-20 00:00:00-04:00,30.564646155264132,30.58179842588587,30.49604034423828,30.49604034423828,267500,0.0,0.0,0.0
2014-06-23 00:00:00-04:00,30.54747798841552,30.564630250111605,30.38453640949182,30.435993194580078,508800,0.0,0.0,0.0
2014-06-24 00:00:00-04:00,30.41027349264865,30.504609328280807,30.34166769402741,30.35881996154785,413800,0.0,0.0,0.0
2014-06-25 00:00:00-04:00,30.26449420154493,30.42743589004473,30.26449420154493,30.418861389160156,363800,0.0,0.0,0.0
2014-06-26 00:00:00-04:00,30.393130830703836,30.43601314878791,30.23876364569353,30.401708602905273,639300,0.0,0.0,0.0
2014-06-27 00:00:00-04:00,30.367388973850915,30.487451553344727,30.315932180585023,30.487451553344727,342000,0.0,0.0,0.0
2014-06-30 00:00:00-04:00,30.470304139095123,30.530335438397636,30.401698341946737,30.521760940551758,792700,0.0,0.0,0.0
2014-07-01 00:00:00-04:00,30.530346429675703,30.650412342966295,30.453162835433996,30.54749870300293,794500,0.0,0.0,0.0
2014-07-02 00:00:00-04:00,30.530336093831206,30.547488361351647,30.29878866095657,30.35881996154785,593300,0.0,0.0,0.0
2014-07-03 00:00:00-04:00,30.444591010796948,30.453165512483505,30.34168063324866,30.427438735961914,368000,0.0,0.0,0.0
2014-07-07 00:00:00-04:00,30.367408752441406,30.427440081287305,30.33310420125459,30.367408752441406,735100,0.0,0.0,0.0
2014-07-08 00:00:00-04:00,30.358838999777625,30.42744484142204,30.350261224907964,30.375988006591797,474100,0.0,0.0,0.0
2014-07-09 00:00:00-04:00,30.453153020927818,30.470305288727175,30.307363651824136,30.39312171936035,525600,0.0,0.0,0.0
2014-07-10 00:00:00-04:00,30.170148290283535,30.375968957607768,30.152996022763094,30.35881996154785,514200,0.0,0.0,0.0
2014-07-11 00:00:00-04:00,30.324523471764774,30.36740251621165,30.281644427317897,30.350250244140625,343600,0.0,0.0,0.0
2014-07-14 00:00:00-04:00,30.436014488985155,30.47031576491663,30.315948573109033,30.341678619384766,452900,0.0,0.0,0.0
2014-07-15 00:00:00-04:00,30.349414803158094,30.41815797350548,30.26348911807864,30.358009338378906,573700,0.069,0.0,0.0
2014-07-16 00:00:00-04:00,30.400972180918632,30.400972180918632,30.280674910665486,30.358009338378906,433100,0.0,0.0,0.0
2014-07-17 00:00:00-04:00,30.289254747148636,30.357997891575693,30.04006576538086,30.04006576538086,593200,0.0,0.0,0.0
2014-07-18 00:00:00-04:00,30.117411542128867,30.358009360666575,30.100225749529404,30.349414825439453,454300,0.0,0.0,0.0
2014-07-21 00:00:00-04:00,30.24629153954932,30.323625937128174,30.12599431617187,30.263477325439453,14328600,0.0,0.0,0.0
2014-07-22 00:00:00-04:00,30.323637426197863,30.33222868347125,30.23770846419028,30.254894256591797,2423100,0.0,0.0,0.0
2014-07-23 00:00:00-04:00,30.280677053304043,30.28926831127799,30.22052513606639,30.246305465698242,643100,0.0,0.0,0.0
2014-07-24 00:00:00-04:00,30.297845247129978,30.34081135025419,30.263476953625453,30.323625564575195,484300,0.0,0.0,0.0
2014-07-25 00:00:00-04:00,30.272068211654254,30.297845251249516,30.134585204057082,30.160362243652344,563400,0.0,0.0,0.0
2014-07-28 00:00:00-04:00,30.160376496683742,30.25489672367219,30.0658595475503,30.246305465698242,402600,0.0,0.0,0.0
2014-07-29 00:00:00-04:00,30.2806717462191,30.2806717462191,30.031482696533203,30.031482696533203,1155900,0.0,0.0,0.0
2014-07-30 00:00:00-04:00,30.091631941009677,30.126003523294607,29.77370299951034,29.859628677368164,1294000,0.0,0.0,0.0
2014-07-31 00:00:00-04:00,29.71354637592838,29.72213763026115,29.30109405517578,29.30109405517578,1711300,0.0,0.0,0.0
2014-08-01 00:00:00-04:00,29.25813273539598,29.472950161174,29.24094694799128,29.36983871459961,1559100,0.0,0.0,0.0
2014-08-04 00:00:00-04:00,29.395615180388248,29.42998675452368,29.137834930079954,29.38702392578125,563200,0.0,0.0,0.0
2014-08-05 00:00:00-04:00,29.26672553179056,29.36124244012854,29.05190811875648,29.112056732177734,1017900,0.0,0.0,0.0
2014-08-06 00:00:00-04:00,29.043318162563736,29.189395730926066,29.034726906944357,29.13783836364746,484800,0.0,0.0,0.0
2014-08-07 00:00:00-04:00,29.21518082668232,29.309701053813683,29.026140372419594,29.07769775390625,835100,0.0,0.0,0.0
2014-08-08 00:00:00-04:00,29.12065347573517,29.524511337280273,29.12065347573517,29.524511337280273,617900,0.0,0.0,0.0
2014-08-11 00:00:00-04:00,29.610424957039783,29.653387774689936,29.507313539108846,29.541685104370117,768300,0.0,0.0,0.0
2014-08-12 00:00:00-04:00,29.515916803540815,29.601845751664353,29.47295396840615,29.524511337280273,477800,0.0,0.0,0.0
2014-08-13 00:00:00-04:00,29.601850300992787,29.730738826204874,29.567478716461014,29.7049617767334,631900,0.0,0.0,0.0
2014-08-14 00:00:00-04:00,29.730728513373712,29.85102901750575,29.730728513373712,29.833843231201172,1012900,0.0,0.0,0.0
2014-08-15 00:00:00-04:00,29.92080280318002,29.981074661169036,29.662494371145687,29.817480087280273,625700,0.071,0.0,0.0
2014-08-18 00:00:00-04:00,29.95525921049502,30.024139959366817,29.938038202134198,29.998310089111328,515100,0.0,0.0,0.0
2014-08-19 00:00:00-04:00,30.0499864915969,30.170530319213867,30.006932309242593,30.170530319213867,589800,0.0,0.0,0.0
2014-08-20 00:00:00-04:00,30.11024350924023,30.24800828472922,30.11024350924023,30.23078727722168,344600,0.0,0.0,0.0
2014-08-21 00:00:00-04:00,30.265230950690874,30.368553716826597,30.256618804179514,30.342723846435547,442700,0.0,0.0,0.0
2014-08-22 00:00:00-04:00,30.308276449723255,30.33410631552943,30.144678540761674,30.187732696533203,328900,0.0,0.0,0.0
2014-08-25 00:00:00-04:00,30.28243490035921,30.36853990344968,30.273826042335173,30.325489044189453,524500,0.0,0.0,0.0
2014-08-26 00:00:00-04:00,30.325488247698836,30.38576010599413,30.2221622467041,30.2221622467041,946100,0.0,0.0,0.0
2014-08-27 00:00:00-04:00,30.22217926925394,30.299672171362662,30.22217926925394,30.29106330871582,309800,0.0,0.0,0.0
2014-08-28 00:00:00-04:00,30.20496522652476,30.342730037672908,30.196353078256145,30.334117889404297,345100,0.0,0.0,0.0
2014-08-29 00:00:00-04:00,30.351326775774492,30.42881965637207,30.273833895176914,30.42881965637207,386300,0.0,0.0,0.0
2014-09-02 00:00:00-04:00,30.43742198911322,30.471863991897123,30.282436261155826,30.351320266723633,719800,0.0,0.0,0.0
2014-09-03 00:00:00-04:00,30.420214166045714,30.48909490944586,30.368551145067176,30.411602020263672,446800,0.0,0.0,0.0
2014-09-04 00:00:00-04:00,30.411592129310378,30.497693851699967,30.29965726254778,30.351320266723633,535600,0.0,0.0,0.0
2014-09-05 00:00:00-04:00,30.3254965799089,30.583805084228516,30.3254965799089,30.583805084228516,557000,0.0,0.0,0.0
2014-09-08 00:00:00-04:00,30.523523884529485,30.56657474133571,30.402980171644124,30.471860885620117,347600,0.0,0.0,0.0
2014-09-09 00:00:00-04:00,30.480488322797584,30.480488322797584,30.222176483199984,30.25661849975586,471700,0.0,0.0,0.0
2014-09-10 00:00:00-04:00,30.248002457167715,30.29966218516627,30.153288576409427,30.273832321166992,348800,0.0,0.0,0.0
2014-09-11 00:00:00-04:00,30.153297960044497,30.334113633450254,30.153297960044497,30.316892623901367,328400,0.0,0.0,0.0
2014-09-12 00:00:00-04:00,30.30828256347108,30.30828256347108,29.96386895524975,30.032752990722656,688000,0.0,0.0,0.0
2014-09-15 00:00:00-04:00,30.06293394198355,30.183706030023565,30.045684077252186,30.131946563720703,479100,0.065,0.0,0.0
2014-09-16 00:00:00-04:00,30.07156510388878,30.364862193529188,30.07156510388878,30.31310272216797,872500,0.0,0.0,0.0
2014-09-17 00:00:00-04:00,30.313105723506443,30.43387454460351,30.20959006123804,30.287227630615234,401600,0.0,0.0,0.0
2014-09-18 00:00:00-04:00,30.347613572296794,30.39937305139421,30.27860093350024,30.330360412597656,787200,0.0,0.0,0.0
2014-09-19 00:00:00-04:00,30.408000135821414,30.485637714604863,30.36486887887594,30.382122039794922,429200,0.0,0.0,0.0
2014-09-22 00:00:00-04:00,30.46838239948703,30.477010624688468,30.330360412597656,30.330360412597656,807700,0.0,0.0,0.0
2014-09-23 00:00:00-04:00,30.261343584126397,30.338977847526305,30.131946563720703,30.131946563720703,788600,0.0,0.0,0.0
2014-09-24 00:00:00-04:00,30.17508075590797,30.364862193529188,30.13194950845858,30.31310272216797,765400,0.0,0.0,0.0
2014-09-25 00:00:00-04:00,30.28722345859475,30.28722345859475,29.976673223863806,29.98529815673828,807200,0.0,0.0,0.0
2014-09-26 00:00:00-04:00,30.037057385893455,30.218210591136817,29.907660358889288,30.175079345703125,792700,0.0,0.0,0.0
2014-09-29 00:00:00-04:00,30.002559274844614,30.21821885166944,29.95080308245721,30.1837158203125,402300,0.0,0.0,0.0
2014-09-30 00:00:00-04:00,30.2268444502375,30.32173518230522,30.08882246469456,30.166460037231445,1172300,0.0,0.0,0.0
2014-10-01 00:00:00-04:00,30.13194166447619,30.183701122363324,29.890404109074343,29.950788497924805,1359600,0.0,0.0,0.0
2014-10-02 00:00:00-04:00,29.950793131276388,30.062933704659606,29.78688980129601,29.97667121887207,791800,0.0,0.0,0.0
2014-10-03 00:00:00-04:00,30.088811146611647,30.304470623569895,30.054304840529735,30.278589248657227,848800,0.0,0.0,0.0
2014-10-06 00:00:00-04:00,30.390752053568114,30.416630153919154,30.166467505548564,30.2613582611084,692700,0.0,0.0,0.0
2014-10-07 00:00:00-04:00,30.18371203019439,30.244096440866652,29.942171096801758,29.942171096801758,942300,0.0,0.0,0.0
2014-10-08 00:00:00-04:00,29.97667165490963,30.502881381695335,29.97667165490963,30.494253158569336,946700,0.0,0.0,0.0
2014-10-09 00:00:00-04:00,30.4338705072957,30.5460143794534,30.028432846069336,30.028432846069336,1158900,0.0,0.0,0.0
2014-10-10 00:00:00-04:00,30.07155727562573,30.278588525769486,29.950788497924805,29.950788497924805,2469100,0.0,0.0,0.0
2014-10-13 00:00:00-04:00,29.95941071147111,30.131938931410293,29.691991806030273,29.691991806030273,1517200,0.0,0.0,0.0
2014-10-14 00:00:00-04:00,29.778263800722232,30.123317022196716,29.76101064604309,29.899032592773438,2422300,0.0,0.0,0.0
2014-10-15 00:00:00-04:00,29.7823513616633,29.7823513616633,29.12551625871708,29.609498977661133,2310800,0.065,0.0,0.0
2014-10-16 00:00:00-04:00,29.22058523476252,29.73913908988401,29.22058523476252,29.609498977661133,3515900,0.0,0.0,0.0
2014-10-17 00:00:00-04:00,29.88606620682547,29.99841745947537,29.670001540657736,29.93791961669922,6525900,0.0,0.0,0.0
2014-10-20 00:00:00-04:00,29.86877915063592,30.20583948557255,29.860134718163952,30.197195053100586,10390900,0.0,0.0,0.0
2014-10-21 00:00:00-04:00,30.361407904896485,30.612040412776786,30.257694491064797,30.6033992767334,2094300,0.0,0.0,0.0
2014-10-22 00:00:00-04:00,30.646606370167135,30.78488760168225,30.525610704701986,30.542896270751953,2876300,0.0,0.0,0.0
2014-10-23 00:00:00-04:00,30.767604432678496,30.836746702265106,30.646608757786804,30.67253875732422,2544800,0.0,0.0,0.0
2014-10-24 00:00:00-04:00,30.698488215850112,30.905908584594727,30.65527591376893,30.905908584594727,915800,0.0,0.0,0.0
2014-10-27 00:00:00-04:00,30.819450790139317,31.00094424155752,30.60338621553181,30.975017547607422,1210000,0.0,0.0,0.0
2014-10-28 00:00:00-04:00,31.04419728982266,31.199764251708984,30.95777266516941,31.199764251708984,1441100,0.0,0.0,0.0
2014-10-29 00:00:00-04:00,31.234304064626027,31.25158963158155,30.888602616169987,31.078737258911133,1287200,0.0,0.0,0.0
2014-10-30 00:00:00-04:00,31.02689295309515,31.415806784540678,31.018248518640146,31.38123893737793,1059800,0.0,0.0,0.0
2014-10-31 00:00:00-04:00,31.718301619709766,31.718301619709766,31.493592464197846,31.640518188476562,1347300,0.0,0.0,0.0
2014-11-03 00:00:00-05:00,31.67508909216531,31.735586949673337,31.580020088399568,31.692371368408203,1138500,0.0,0.0,0.0
2014-11-04 00:00:00-05:00,31.657803519036452,31.7787992340525,31.580020088399568,31.692371368408203,1181900,0.0,0.0,0.0
2014-11-05 00:00:00-05:00,31.865228214195962,32.01215395768851,31.770159197268974,32.003509521484375,1813300,0.0,0.0,0.0
2014-11-06 00:00:00-05:00,31.951643721941622,32.03806826920579,31.787432466500498,31.968929290771484,838800,0.0,0.0,0.0
2014-11-07 00:00:00-05:00,31.98621396832133,32.04671511221857,31.85657713767541,32.03807067871094,654200,0.0,0.0,0.0
2014-11-10 00:00:00-05:00,32.055350154176466,32.17634582519531,32.00349345364634,32.17634582519531,1465200,0.0,0.0,0.0
2014-11-11 00:00:00-05:00,32.19363374289104,32.202274878501335,32.072638063036806,32.14177703857422,772700,0.0,0.0,0.0
2014-11-12 00:00:00-05:00,32.046725108732225,32.055366248049936,31.92572608007924,32.003509521484375,917600,0.0,0.0,0.0
2014-11-13 00:00:00-05:00,32.06400059333435,32.12449844639875,31.91707817785958,31.994861602783203,1366300,0.0,0.0,0.0
2014-11-14 00:00:00-05:00,32.02517205950692,32.02517205950692,31.83464807266176,31.86928939819336,782600,0.075,0.0,0.0
2014-11-17 00:00:00-05:00,31.90392543791961,32.042487413510585,31.834642798335082,32.03382873535156,902400,0.0,0.0,0.0
2014-11-18 00:00:00-05:00,32.0598061570537,32.224347460864486,32.02516483933209,32.163726806640625,1074200,0.0,0.0,0.0
2014-11-19 00:00:00-05:00,32.17239391357117,32.17239391357117,32.016511262566596,32.103111267089844,725900,0.0,0.0,0.0
2014-11-20 00:00:00-05:00,32.03383828241168,32.155079634240145,32.016517617353465,32.12909698486328,761500,0.0,0.0,0.0
2014-11-21 00:00:00-05:00,32.39756276455797,32.44952476041694,32.163738738561264,32.27632141113281,1300800,0.0,0.0,0.0
2014-11-24 00:00:00-05:00,32.32829292157854,32.38025162915044,32.23303088625661,32.29365158081055,1152100,0.0,0.0,0.0
2014-11-25 00:00:00-05:00,32.33695160498049,32.34561028838245,32.19838954548862,32.29365158081055,890800,0.0,0.0,0.0
2014-11-26 00:00:00-05:00,32.31961497847317,32.41487696676447,32.29363563751316,32.39755630493164,588600,0.0,0.0,0.0
2014-11-28 00:00:00-05:00,32.414881896534276,32.709326585315544,32.414881896534276,32.553443908691406,406400,0.0,0.0,0.0
2014-12-01 00:00:00-05:00,32.46682812537585,32.58806941419617,32.37156616885206,32.44084548950195,709000,0.0,0.0,0.0
2014-12-02 00:00:00-05:00,32.47551830983805,32.657380419513814,32.4148976066128,32.63140106201172,1903000,0.0,0.0,0.0
2014-12-03 00:00:00-05:00,32.66602393744285,32.683344600510836,32.56209995903492,32.6746826171875,2049000,0.0,0.0,0.0
2014-12-04 00:00:00-05:00,32.64868927001953,32.73528924463452,32.51012732848918,32.64868927001953,1704100,0.0,0.0,0.0
2014-12-05 00:00:00-05:00,32.64868927001953,32.66600992565799,32.54476863976609,32.64868927001953,980800,0.0,0.0,0.0
2014-12-08 00:00:00-05:00,32.63138261130687,32.79592395508473,32.56209995903492,32.6746826171875,3572600,0.0,0.0,0.0
2014-12-09 00:00:00-05:00,32.53611363334938,32.63137560798893,32.35425166553459,32.60539627075195,1146000,0.0,0.0,0.0
2014-12-10 00:00:00-05:00,32.54477143077576,32.60539207892048,32.224344229350756,32.24166488647461,1295700,0.0,0.0,0.0
2014-12-11 00:00:00-05:00,32.362924473869555,32.614069188742874,32.345603806956284,32.414886474609375,1584400,0.0,0.0,0.0
2014-12-12 00:00:00-05:00,32.29364304201604,32.42354308017888,31.929915667285826,31.93857765197754,1812800,0.0,0.0,0.0
2014-12-15 00:00:00-05:00,32.08957022814479,32.12428121256594,31.612305778129784,31.725114822387695,1967900,0.074,0.0,0.0
2014-12-16 00:00:00-05:00,31.673042736835924,32.18501808060732,31.62097626942455,31.681718826293945,1798600,0.0,0.0,0.0
2014-12-17 00:00:00-05:00,31.907338180389214,32.25443804667054,31.707755012477673,32.219730377197266,2068700,0.0,0.0,0.0
2014-12-18 00:00:00-05:00,32.532124452283426,32.870548248291016,32.419315416873765,32.870548248291016,3316200,0.0,0.0,0.0
2014-12-19 00:00:00-05:00,32.94864273071289,33.07012784326878,32.809802129188874,32.94864273071289,1319800,0.0,0.0,0.0
2014-12-22 00:00:00-05:00,32.948634450208225,33.19160461425781,32.948634450208225,33.19160461425781,1395500,0.0,0.0,0.0
2014-12-23 00:00:00-05:00,33.304420388233744,33.39119451870863,33.19161137043968,33.33045196533203,4052600,0.0,0.0,0.0
2014-12-24 00:00:00-05:00,33.356472445560726,33.43457046109521,33.33911696319531,33.38250732421875,408200,0.0,0.0,0.0
2014-12-26 00:00:00-05:00,33.460618448823396,33.582103562756494,33.391196492163864,33.47797393798828,734100,0.0,0.0,0.0
2014-12-29 00:00:00-05:00,33.53870281083458,33.6428323931169,33.4519254004162,33.59944534301758,810300,0.0,0.0,0.0
2014-12-30 00:00:00-05:00,33.59078290397475,33.59078290397475,33.34781265258789,33.34781265258789,1106800,0.0,0.0,0.0
2014-12-31 00:00:00-05:00,33.45194352218025,33.45194352218025,32.90525712615969,32.93996810913086,1081800,0.0,0.0,0.0
2015-01-02 00:00:00-05:00,33.06144835925156,33.087483247747805,32.76641166798876,32.974674224853516,1279800,0.0,0.0,0.0
2015-01-05 00:00:00-05:00,32.8618729255582,32.93997098896042,32.566836164952264,32.62757873535156,1361400,0.0,0.0,0.0
2015-01-06 00:00:00-05:00,32.72303362659645,32.913940747194204,32.47138393312158,32.514774322509766,7046200,0.0,0.0,0.0
2015-01-07 00:00:00-05:00,32.79244664022074,33.000705887396244,32.67096152766485,32.94864273071289,1434200,0.0,0.0,0.0
2015-01-08 00:00:00-05:00,33.1829265778945,33.43457281435545,33.14821561072056,33.39118576049805,2358300,0.0,0.0,0.0
2015-01-09 00:00:00-05:00,33.45193244132721,33.45193244132721,33.01805522857272,33.096153259277344,2254000,0.0,0.0,0.0
2015-01-12 00:00:00-05:00,33.2002917436946,33.217647234073375,32.9139344279981,33.0093879699707,1212800,0.0,0.0,0.0
2015-01-13 00:00:00-05:00,33.208951519019344,33.417210660050365,32.80978540686042,32.983333587646484,1721400,0.0,0.0,0.0
2015-01-14 00:00:00-05:00,32.74904288154143,32.99201298281741,32.65358939597748,32.983333587646484,1329400,0.0,0.0,0.0
2015-01-15 00:00:00-05:00,33.092043612905904,33.16159951807472,32.88336926386693,32.97901153564453,1199600,0.075,0.0,0.0
2015-01-16 00:00:00-05:00,32.970302547153096,33.31809189220509,32.9181364671308,33.30939865112305,1919900,0.0,0.0,0.0
2015-01-20 00:00:00-05:00,33.45720601048054,33.48328904974609,33.0920301937032,33.30070114135742,1364600,0.0,0.0,0.0
2015-01-21 00:00:00-05:00,33.28331500204629,33.43981988837533,33.10072707358415,33.39634704589844,1761300,0.0,0.0,0.0
2015-01-22 00:00:00-05:00,33.5963122478078,33.831069489768566,33.33547197343942,33.8223762512207,1546500,0.0,0.0,0.0
2015-01-23 00:00:00-05:00,33.76152495420419,33.76152495420419,33.570240474356865,33.57893371582031,2771700,0.0,0.0,0.0
2015-01-26 00:00:00-05:00,33.57893551795766,33.67457776301432,33.39634758653968,33.648494720458984,1038100,0.0,0.0,0.0
2015-01-27 00:00:00-05:00,33.41373714507915,33.64849447667229,33.335484701214774,33.50068283081055,1566900,0.0,0.0,0.0
2015-01-28 00:00:00-05:00,33.631092755768314,33.72673496623204,33.08332584287143,33.10071563720703,1724900,0.0,0.0,0.0
2015-01-29 00:00:00-05:00,33.170287274909974,33.40504129471516,32.91814013747137,33.361568450927734,1676100,0.0,0.0,0.0
2015-01-30 00:00:00-05:00,33.1702897500362,33.24854220139882,32.744247888891785,32.7529411315918,2493500,0.0,0.0,0.0
2015-02-02 00:00:00-05:00,32.865980105207626,33.13551712036133,32.492107571864175,33.13551712036133,2204700,0.0,0.0,0.0
2015-02-03 00:00:00-05:00,33.26592225599584,33.45720672607422,33.15289353891769,33.45720672607422,1794600,0.0,0.0,0.0
2015-02-04 00:00:00-05:00,33.42243109558321,33.561546185762204,33.30070580627226,33.361568450927734,4720600,0.0,0.0,0.0
2015-02-05 00:00:00-05:00,33.518066134287956,33.71804382611945,33.44851026253836,33.7093505859375,2218500,0.0,0.0,0.0
2015-02-06 00:00:00-05:00,33.74415120054685,33.74415120054685,33.13552118896991,33.2398567199707,2306100,0.0,0.0,0.0
2015-02-09 00:00:00-05:00,33.24854695505946,33.25724019900238,32.970313397394634,33.0572624206543,3116400,0.0,0.0,0.0
2015-02-10 00:00:00-05:00,33.205060710309496,33.405038427982404,33.06594563206899,33.370262145996094,927800,0.0,0.0,0.0
2015-02-11 00:00:00-05:00,33.35287209228833,33.36156533352734,33.07464193792896,33.222450256347656,1655200,0.0,0.0,0.0
2015-02-12 00:00:00-05:00,33.37895243266271,33.431121826171875,33.2311441262006,33.431121826171875,1415700,0.0,0.0,0.0
2015-02-13 00:00:00-05:00,33.43200351389688,33.45814494876163,33.135759400984014,33.266456604003906,1625900,0.081,0.0,0.0
2015-02-17 00:00:00-05:00,33.30130963464494,33.36230077638277,33.144474320528246,33.266456604003906,1403200,0.0,0.0,0.0
2015-02-18 00:00:00-05:00,33.3187405214875,33.53656700592153,33.214181415845935,33.51042556762695,1083200,0.0,0.0,0.0
2015-02-19 00:00:00-05:00,33.519119034997665,33.53654554145107,33.19673365125911,33.25772476196289,1087200,0.0,0.0,0.0
2015-02-20 00:00:00-05:00,33.1793134419356,33.39713980647425,33.06604280172087,33.37099838256836,2427800,0.0,0.0,0.0
2015-02-23 00:00:00-05:00,33.37099450704083,33.44941212211841,33.336141495058314,33.44070053100586,1221000,0.0,0.0,0.0
2015-02-24 00:00:00-05:00,33.44070511199259,33.44941670429853,33.30129636873132,33.39714050292969,1095600,0.0,0.0,0.0
2015-02-25 00:00:00-05:00,33.39714057345607,33.44070518261097,33.26644342222473,33.32743453979492,1275700,0.0,0.0,0.0
2015-02-26 00:00:00-05:00,33.388438692045305,33.388438692045305,33.188038752684314,33.240318298339844,960000,0.0,0.0,0.0
2015-02-27 00:00:00-05:00,33.22289011979875,33.36229891079933,33.161898981471474,33.23160171508789,1224000,0.0,0.0,0.0
2015-03-02 00:00:00-05:00,33.23159303696115,33.362290198542226,33.205454934151696,33.3187255859375,1731200,0.0,0.0,0.0
2015-03-03 00:00:00-05:00,33.353590664818846,33.353590664818846,33.07477302703443,33.2490348815918,3079100,0.0,0.0,0.0
2015-03-04 00:00:00-05:00,33.14445869442994,33.16188520153465,32.94405884837531,32.97890853881836,2564000,0.0,0.0,0.0
2015-03-05 00:00:00-05:00,33.048613883338945,33.18802261352539,33.048613883338945,33.18802261352539,1218400,0.0,0.0,0.0
2015-03-06 00:00:00-05:00,32.961475440570105,32.961475440570105,32.4822549487574,32.5345344543457,1717500,0.0,0.0,0.0
2015-03-09 00:00:00-04:00,32.551984061573776,32.77852209905549,32.551984061573776,32.72624588012695,1731100,0.0,0.0,0.0
2015-03-10 00:00:00-04:00,32.51713229415694,32.60426154492862,32.351585388183594,32.351585388183594,1530400,0.0,0.0,0.0
2015-03-11 00:00:00-04:00,32.38642468523005,32.4212777038441,32.264442443847656,32.264442443847656,1947000,0.0,0.0,0.0
2015-03-12 00:00:00-04:00,32.36900650258907,32.82208251953125,32.36900650258907,32.82208251953125,1654800,0.0,0.0,0.0
2015-03-13 00:00:00-04:00,32.740020975726814,32.740020975726814,32.40825449730305,32.6003303527832,3192400,0.076,0.0,0.0
2015-03-16 00:00:00-04:00,32.713809385824746,33.071766589440905,32.713809385824746,33.06303405761719,1201700,0.0,0.0,0.0
2015-03-17 00:00:00-04:00,32.94081684184305,33.0019312641639,32.82731720161024,32.92335510253906,740400,0.0,0.0,0.0
2015-03-18 00:00:00-04:00,32.83605492816708,33.4995844741972,32.713826064199964,33.39481735229492,987600,0.0,0.0,0.0
2015-03-19 00:00:00-04:00,33.27258021334418,33.36861810557253,33.159080583393774,33.19400405883789,662300,0.0,0.0,0.0
2015-03-20 00:00:00-04:00,33.30750688314451,33.59561725697485,33.22019818616089,33.578155517578125,948300,0.0,0.0,0.0
2015-03-23 00:00:00-04:00,33.61308017501374,33.70911807982017,33.54323321497766,33.569427490234375,952200,0.0,0.0,0.0
2015-03-24 00:00:00-04:00,33.64799788740094,33.64799788740094,33.34242248535156,33.34242248535156,958200,0.0,0.0,0.0
2015-03-25 00:00:00-04:00,33.39482487757301,33.43847757732854,32.91463851928711,32.91463851928711,1999600,0.0,0.0,0.0
2015-03-26 00:00:00-04:00,32.809857183792246,33.0019296457444,32.71381928757314,32.8360481262207,2142400,0.0,0.0,0.0
2015-03-27 00:00:00-04:00,32.818591108285176,32.97574344643232,32.77493842113021,32.932090759277344,1761800,0.0,0.0,0.0
2015-03-30 00:00:00-04:00,33.06305462606968,33.386091894806896,33.054325419300596,33.35989761352539,1611900,0.0,0.0,0.0
2015-03-31 00:00:00-04:00,33.22020367716625,33.35989428494342,33.09797481167208,33.11543655395508,1690800,0.0,0.0,0.0
2015-04-01 00:00:00-04:00,33.11544142095347,33.124170628134515,32.844789371519326,33.036865234375,1163500,0.0,0.0,0.0
2015-04-02 00:00:00-04:00,33.054314176879274,33.23765743105552,33.03685243879306,33.185272216796875,644600,0.0,0.0,0.0
2015-04-06 00:00:00-04:00,33.16780698101952,33.508302477388675,33.06303657407107,33.42099380493164,798100,0.0,0.0,0.0
2015-04-07 00:00:00-04:00,33.39480904691265,33.44719426007882,33.19400405883789,33.19400405883789,1425500,0.0,0.0,0.0
2015-04-08 00:00:00-04:00,33.23765182495117,33.324957170170684,33.106690476636466,33.23765182495117,1108400,0.0,0.0,0.0
2015-04-09 00:00:00-04:00,33.220191100283515,33.26384377422107,33.01065693318902,33.15907669067383,781000,0.0,0.0,0.0
2015-04-10 00:00:00-04:00,33.19399737491252,33.34241711993539,33.19399737491252,33.290035247802734,850000,0.0,0.0,0.0
2015-04-13 00:00:00-04:00,33.21146946485533,33.31623657227354,33.12416076660156,33.12416076660156,813000,0.0,0.0,0.0
2015-04-14 00:00:00-04:00,33.106685814633046,33.26383807828672,33.02811301329118,33.17653274536133,835300,0.0,0.0,0.0
2015-04-15 00:00:00-04:00,33.297276946066994,33.37601472582993,33.14854854547634,33.15729904174805,768900,0.078,0.0,0.0
2015-04-16 00:00:00-04:00,33.11355323506248,33.22728632523928,32.973575330743536,33.15729904174805,1010300,0.0,0.0,0.0
2015-04-17 00:00:00-04:00,32.92109125564639,33.03482102767083,32.71112269508186,32.82485580444336,1333700,0.0,0.0,0.0
2015-04-20 00:00:00-04:00,32.83359906331502,33.148550198068385,32.83359906331502,33.05231475830078,1174700,0.0,0.0,0.0
2015-04-21 00:00:00-04:00,33.12228840388523,33.20977330209946,32.92107046812454,32.938568115234375,1053400,0.0,0.0,0.0
2015-04-22 00:00:00-04:00,33.01730717268311,33.04355197572497,32.86857883499745,33.0348014831543,811300,0.0,0.0,0.0
2015-04-23 00:00:00-04:00,32.92983931323659,33.21854567471154,32.92983931323659,33.11355972290039,753700,0.0,0.0,0.0
2015-04-24 00:00:00-04:00,33.02607239456581,33.2447881057881,33.02607239456581,33.18354797363281,873200,0.0,0.0,0.0
2015-04-27 00:00:00-04:00,33.157288589719535,33.25352065701809,32.956067286938215,32.999813079833984,1234400,0.0,0.0,0.0
2015-04-28 00:00:00-04:00,32.9123416546014,33.11355972290039,32.83360385941161,33.11355972290039,1069000,0.0,0.0,0.0
2015-04-29 00:00:00-04:00,32.92983392425567,32.95607873924491,32.70237107389685,32.78110885620117,1701000,0.0,0.0,0.0
2015-04-30 00:00:00-04:00,32.71111234628714,32.754854809175995,32.34367165321752,32.43990707397461,1987400,0.0,0.0,0.0
2015-05-01 00:00:00-04:00,32.579893541352675,32.73736578177413,32.56239588411987,32.72861862182617,2178700,0.0,0.0,0.0
2015-05-04 00:00:00-04:00,32.78985703715275,32.938585447178234,32.71111925239496,32.842350006103516,3356200,0.0,0.0,0.0
2015-05-05 00:00:00-04:00,32.74611077126639,32.79860373413564,32.387417201667276,32.40491485595703,1346800,0.0,0.0,0.0
2015-05-06 00:00:00-04:00,32.47490840325331,32.51865087875158,32.14246291959688,32.3261833190918,2585300,0.0,0.0,0.0
2015-05-07 00:00:00-04:00,32.291187542131084,32.614885860995116,32.291187542131084,32.53614807128906,1499500,0.0,0.0,0.0
2015-05-08 00:00:00-04:00,32.754862441917275,32.99107580136421,32.754862441917275,32.87734603881836,888100,0.0,0.0,0.0
2015-05-11 00:00:00-04:00,32.83359990185029,32.92108818448094,32.623634698210196,32.64113235473633,1839700,0.0,0.0,0.0
2015-05-12 00:00:00-04:00,32.50114158413032,32.64986659976957,32.34366607502087,32.571128845214844,1234700,0.0,0.0,0.0
2015-05-13 00:00:00-04:00,32.58864462733541,32.7811155427468,32.45741385094814,32.50115966796875,1938500,0.0,0.0,0.0
2015-05-14 00:00:00-04:00,32.70235898226032,32.97356420310245,32.64986603435441,32.96481704711914,1026400,0.0,0.0,0.0
2015-05-15 00:00:00-04:00,32.981481071433485,33.060384272211834,32.94641558335817,33.03408432006836,792100,0.079,0.0,0.0
2015-05-18 00:00:00-04:00,32.990249949186506,33.139287470452004,32.972715532976224,33.11298751831055,731600,0.0,0.0,0.0
2015-05-19 00:00:00-04:00,33.12174813738984,33.24448568829376,33.05161382730793,33.1831169128418,668100,0.0,0.0,0.0
2015-05-20 00:00:00-04:00,33.17436076302735,33.27079839297557,33.12175750732422,33.12175750732422,1203200,0.0,0.0,0.0
2015-05-21 00:00:00-04:00,33.07791248733091,33.15681567331734,33.06037807440645,33.0866813659668,704000,0.0,0.0,0.0
2015-05-22 00:00:00-04:00,33.04284778896994,33.139285399927154,33.034082253586426,33.05161666870117,686200,0.0,0.0,0.0
2015-05-26 00:00:00-04:00,33.05163270570994,33.06039824534658,32.718485345578614,32.74478530883789,1356900,0.0,0.0,0.0
2015-05-27 00:00:00-04:00,32.73601176546056,33.034090205468395,32.73601176546056,33.01655578613281,1248400,0.0,0.0,0.0
2015-05-28 00:00:00-04:00,32.92011086286326,32.99901406022854,32.84997654539845,32.98147964477539,628800,0.0,0.0,0.0
2015-05-29 00:00:00-04:00,32.937660624337504,32.96396058759677,32.74478530883789,32.74478530883789,955100,0.0,0.0,0.0
2015-06-01 00:00:00-04:00,32.82365112576497,32.92008867358115,32.683379241035674,32.7885856628418,2362700,0.0,0.0,0.0
2015-06-02 00:00:00-04:00,32.692170936908354,32.82367403944792,32.595733321770616,32.7097053527832,906200,0.0,0.0,0.0
2015-06-03 00:00:00-04:00,32.727216922294325,32.83241999975491,32.683379241035674,32.7885856628418,966600,0.0,0.0,0.0
2015-06-04 00:00:00-04:00,32.665865565602715,32.73600322464615,32.46422481237434,32.49052810668945,1438600,0.0,0.0,0.0
2015-06-05 00:00:00-04:00,32.45546692750943,32.481766883676265,32.297660501811535,32.33272933959961,977200,0.0,0.0,0.0
2015-06-08 00:00:00-04:00,32.30643721993918,32.35027495452019,32.21000289916992,32.21000289916992,1059500,0.0,0.0,0.0
2015-06-09 00:00:00-04:00,32.20121622357801,32.32395378615419,32.148612977753466,32.227516174316406,1006300,0.0,0.0,0.0
2015-06-10 00:00:00-04:00,32.29765794032597,32.63080518419432,32.29765794032597,32.58696746826172,1743400,0.0,0.0,0.0
2015-06-11 00:00:00-04:00,32.61328940523903,32.788630336132535,32.61328940523903,32.77986145019531,872600,0.0,0.0,0.0
2015-06-12 00:00:00-04:00,32.62202945253858,32.692167107823074,32.516826313959314,32.55189514160156,1181100,0.0,0.0,0.0
2015-06-15 00:00:00-04:00,32.39467639159808,32.43859474998998,32.245349952158456,32.34197235107422,1295200,0.071,0.0,0.0
2015-06-16 00:00:00-04:00,32.32439116462911,32.605472564697266,32.31560883683212,32.605472564697266,938400,0.0,0.0,0.0
2015-06-17 00:00:00-04:00,32.53521247990131,32.77237560209036,32.47372611682513,32.693321228027344,1012600,0.0,0.0,0.0
2015-06-18 00:00:00-04:00,32.73724831687829,33.150088308356985,32.73724831687829,33.06224822998047,1247800,0.0,0.0,0.0
2015-06-19 00:00:00-04:00,33.00954583212155,33.05346419366771,32.8426513671875,32.8426513671875,686300,0.0,0.0,0.0
2015-06-22 00:00:00-04:00,33.00955333981029,33.14130845441511,32.96563161751839,32.99198532104492,879400,0.0,0.0,0.0
2015-06-23 00:00:00-04:00,32.98317575074239,33.027094090472836,32.87777106523843,32.90412139892578,856000,0.0,0.0,0.0
2015-06-24 00:00:00-04:00,32.86021773177926,32.93048978732913,32.71089463986983,32.71967697143555,1129400,0.0,0.0,0.0
2015-06-25 00:00:00-04:00,32.746023164713336,32.77237685758092,32.579132080078125,32.579132080078125,906600,0.0,0.0,0.0
2015-06-26 00:00:00-04:00,32.605476308127606,32.78993872058855,32.605476308127606,32.75480270385742,1048600,0.0,0.0,0.0
2015-06-29 00:00:00-04:00,32.47372994598281,32.63183871275233,32.11359405517578,32.11359405517578,1612400,0.0,0.0,0.0
2015-06-30 00:00:00-04:00,32.368319878451885,32.385887890430624,32.12237441226083,32.183860778808594,1186700,0.0,0.0,0.0
2015-07-01 00:00:00-04:00,32.53522899741911,32.6757698059082,32.482524937701754,32.6757698059082,1153400,0.0,0.0,0.0
2015-07-02 00:00:00-04:00,32.66695848009512,32.77236651679446,32.54398578803377,32.6142578125,975500,0.0,0.0,0.0
2015-07-06 00:00:00-04:00,32.37709828001758,32.66696203560348,32.37709828001758,32.570343017578125,1306000,0.0,0.0,0.0
2015-07-07 00:00:00-04:00,32.61428129448191,32.99198532104492,32.447386791589395,32.99198532104492,2115800,0.0,0.0,0.0
2015-07-08 00:00:00-04:00,32.76360153671028,32.9041423236746,32.54400634765625,32.54400634765625,1597800,0.0,0.0,0.0
2015-07-09 00:00:00-04:00,32.84263295698303,32.904119298832214,32.605469916670046,32.64060592651367,684600,0.0,0.0,0.0
2015-07-10 00:00:00-04:00,32.912922589444044,33.01832732462609,32.86021854647496,32.948055267333984,851900,0.0,0.0,0.0
2015-07-13 00:00:00-04:00,33.097384128390736,33.2291425700481,33.08859844521019,33.21157455444336,766000,0.0,0.0,0.0
2015-07-14 00:00:00-04:00,33.17640992318834,33.299382575655386,33.158841922728264,33.28181457519531,588200,0.0,0.0,0.0
2015-07-15 00:00:00-04:00,33.25629809479394,33.33550084236016,33.185894160493135,33.27389907836914,845700,0.071,0.0,0.0
2015-07-16 00:00:00-04:00,33.388303709126774,33.502708435058594,33.32670193909687,33.502708435058594,1070300,0.0,0.0,0.0
2015-07-17 00:00:00-04:00,33.44993248768177,33.44993248768177,33.30912784863125,33.36193084716797,407100,0.0,0.0,0.0
2015-07-20 00:00:00-04:00,33.31791865686851,33.45872324786818,33.31791865686851,33.41472244262695,544500,0.0,0.0,0.0
2015-07-21 00:00:00-04:00,33.38831189583167,33.40591288544802,33.17710673452654,33.256309509277344,907600,0.0,0.0,0.0
2015-07-22 00:00:00-04:00,33.185914922532824,33.361921511355135,33.185914922532824,33.33552169799805,630800,0.0,0.0,0.0
2015-07-23 00:00:00-04:00,33.35313232132178,33.35313232132178,33.09792286170518,33.15072250366211,748600,0.0,0.0,0.0
2015-07-24 00:00:00-04:00,33.15071178279621,33.2035147647242,32.974708557128906,32.974708557128906,2638100,0.0,0.0,0.0
2015-07-27 00:00:00-04:00,32.86029988848433,32.95710366538036,32.816299087271396,32.904300689697266,688400,0.0,0.0,0.0
2015-07-28 00:00:00-04:00,33.06270404844232,33.212310791015625,32.92189947975047,33.212310791015625,954700,0.0,0.0,0.0
2015-07-29 00:00:00-04:00,33.194714664006405,33.48512266077657,33.194714664006405,33.46752166748047,798400,0.0,0.0,0.0
2015-07-30 00:00:00-04:00,33.35312792883692,33.573135360143105,33.30912375693809,33.55553436279297,846100,0.0,0.0,0.0
2015-07-31 00:00:00-04:00,33.64352621181964,33.678728196286166,33.52912144082645,33.56432342529297,632200,0.0,0.0,0.0
2015-08-03 00:00:00-04:00,33.48512619995516,33.643531799316406,33.44112539058739,33.643531799316406,2557900,0.0,0.0,0.0
2015-08-04 00:00:00-04:00,33.61712855145557,33.705130161202646,33.53792575986471,33.57312774658203,1157200,0.0,0.0,0.0
2015-08-05 00:00:00-04:00,33.73153644398353,33.81073588584015,33.678733459032586,33.7667350769043,873200,0.0,0.0,0.0
2015-08-06 00:00:00-04:00,33.76673535399992,33.784336349128004,33.45872633187483,33.590728759765625,827300,0.0,0.0,0.0
2015-08-07 00:00:00-04:00,33.52032262323282,33.58192441752623,33.38831686000637,33.56432342529297,1021300,0.0,0.0,0.0
2015-08-10 00:00:00-04:00,33.70514476924447,33.88115142206735,33.70514476924447,33.872352600097656,1803600,0.0,0.0,0.0
2015-08-11 00:00:00-04:00,33.62591525286236,33.79312295099496,33.62591525286236,33.74911880493164,2129500,0.0,0.0,0.0
2015-08-12 00:00:00-04:00,33.54672975494092,33.76673717030631,33.317923520061484,33.72273635864258,1649900,0.0,0.0,0.0
2015-08-13 00:00:00-04:00,33.69632305788661,33.898729396174744,33.6259191017627,33.784324645996094,1305300,0.0,0.0,0.0
2015-08-14 00:00:00-04:00,33.7340808003517,33.9897764288345,33.71644963457723,33.980960845947266,1073400,0.073,0.0,0.0
2015-08-17 00:00:00-04:00,33.857530889306446,34.104407632595716,33.760542636316124,34.09558868408203,1321100,0.0,0.0,0.0
2015-08-18 00:00:00-04:00,34.051493236089016,34.139665876054586,34.04267765381361,34.10439682006836,656700,0.0,0.0,0.0
2015-08-19 00:00:00-04:00,33.93685964617183,34.11319812541785,33.72524876225935,33.8663215637207,1235200,0.0,0.0,0.0
2015-08-20 00:00:00-04:00,33.66354213683945,33.70762677304019,33.36376190185547,33.36376190185547,1794700,0.0,0.0,0.0
2015-08-21 00:00:00-04:00,33.09042257217437,33.213860864580305,32.534950256347656,32.534950256347656,5287100,0.0,0.0,0.0
2015-08-24 00:00:00-04:00,31.10659315877968,32.09410650855586,17.634123716032413,30.815631866455078,8115800,0.0,0.0,0.0
2015-08-25 00:00:00-04:00,32.03238577012827,32.03238577012827,30.251338958740234,30.251338958740234,4196000,0.0,0.0,0.0
2015-08-26 00:00:00-04:00,31.503355084933865,31.741416109367094,30.894979153676594,31.72378158569336,3525400,0.0,0.0,0.0
2015-08-27 00:00:00-04:00,32.04119869078301,32.34979446964093,31.741418492703144,32.30570983886719,2951300,0.0,0.0,0.0
2015-08-28 00:00:00-04:00,32.12056231925468,32.25281961597757,32.032393030401266,32.182281494140625,1088600,0.0,0.0,0.0
2015-08-31 00:00:00-04:00,32.09409724682395,32.1029128262234,31.873670763984336,31.88248634338379,2481200,0.0,0.0,0.0
2015-09-01 00:00:00-04:00,31.388740720052738,31.50336347272969,30.947887601156253,31.08014488220215,3784500,0.0,0.0,0.0
2015-09-02 00:00:00-04:00,31.450455546063267,31.59153175354004,31.21239785455099,31.59153175354004,2253600,0.0,0.0,0.0
2015-09-03 00:00:00-04:00,31.670878014672148,31.935392506336722,31.617977807092416,31.72378158569336,2695900,0.0,0.0,0.0
2015-09-04 00:00:00-04:00,31.379900772007787,31.415169801360296,31.071305173772718,31.230009078979492,2416500,0.0,0.0,0.0
2015-09-08 00:00:00-04:00,31.706148198371643,31.94420923133701,31.53862526262932,31.92657470703125,1865600,0.0,0.0,0.0
2015-09-09 00:00:00-04:00,32.094109605372566,32.208728998908235,31.406376426946043,31.459280014038086,2652600,0.0,0.0,0.0
2015-09-10 00:00:00-04:00,31.415198531037333,31.803148118381472,31.37992946943073,31.57390594482422,2863700,0.0,0.0,0.0
2015-09-11 00:00:00-04:00,31.52101257898474,31.820792973014942,31.43284325980571,31.81197738647461,1423700,0.0,0.0,0.0
2015-09-14 00:00:00-04:00,31.811954204062044,31.811954204062044,31.63561233076615,31.72378158569336,1111300,0.0,0.0,0.0
2015-09-15 00:00:00-04:00,31.783865610580243,32.12838168469089,31.695529365356087,32.04887771606445,1173900,0.068,0.0,0.0
2015-09-16 00:00:00-04:00,32.06652465394932,32.358040138075275,32.048856742504455,32.32270431518555,1263700,0.0,0.0,0.0
2015-09-17 00:00:00-04:00,32.28739372481285,32.74674967193623,32.22555767133588,32.26972579956055,2383700,0.0,0.0,0.0
2015-09-18 00:00:00-04:00,31.872177923997132,32.21669370299652,31.819174200378434,31.86334228515625,1718000,0.0,0.0,0.0
2015-09-21 00:00:00-04:00,32.04886744452659,32.269711356619105,31.960531227613853,32.13720703125,1481100,0.0,0.0,0.0
2015-09-22 00:00:00-04:00,31.77502265339656,31.86335886892813,31.616014769591242,31.757354736328125,1804200,0.0,0.0,0.0
2015-09-23 00:00:00-04:00,31.76619293994995,31.863364817060724,31.642520867194868,31.819196701049805,975000,0.0,0.0,0.0
2015-09-24 00:00:00-04:00,31.7043557470948,31.77502742598339,31.46584388556251,31.73085594177246,1557800,0.0,0.0,0.0
2015-09-25 00:00:00-04:00,31.94284618567987,32.1371898024729,31.730834661013933,31.86334228515625,1742900,0.0,0.0,0.0
2015-09-28 00:00:00-04:00,31.722028140614245,31.73969606282812,31.23617207407326,31.28034019470215,1922200,0.0,0.0,0.0
2015-09-29 00:00:00-04:00,31.306817697005734,31.474661151452388,31.244981698991438,31.4393253326416,2330600,0.0,0.0,0.0
2015-09-30 00:00:00-04:00,31.713192997853263,31.819197151743186,31.483513399645247,31.766193389892578,2113600,0.0,0.0,0.0
2015-10-01 00:00:00-04:00,31.792681306494437,31.84568167244552,31.421661895788677,31.722009658813477,1344000,0.0,0.0,0.0
2015-10-02 00:00:00-04:00,31.42168161346241,32.04887771606445,31.306841798821612,32.04887771606445,2467400,0.0,0.0,0.0
2015-10-05 00:00:00-04:00,32.26970378269302,32.62305530703123,32.26087151099901,32.614219665527344,2341800,0.0,0.0,0.0
2015-10-06 00:00:00-04:00,32.578888052960444,32.58772032488327,32.35804418698015,32.384544372558594,1098800,0.0,0.0,0.0
2015-10-07 00:00:00-04:00,32.552386884539025,32.7113947492892,32.455218407023004,32.68489456176758,1608500,0.0,0.0,0.0
2015-10-08 00:00:00-04:00,32.7290724982452,33.09125643904264,32.59656815101369,33.08242416381836,1908700,0.0,0.0,0.0
2015-10-09 00:00:00-04:00,33.117768451166896,33.153100930886936,32.96759277556143,33.0735969543457,1207900,0.0,0.0,0.0
2015-10-12 00:00:00-04:00,33.07358286862666,33.19725828931691,33.02058248671291,33.161922454833984,951700,0.0,0.0,0.0
2015-10-13 00:00:00-04:00,33.144251147874854,33.1619190633094,32.91457161703617,32.9322395324707,914600,0.0,0.0,0.0
2015-10-14 00:00:00-04:00,32.91456664046298,33.01173847575573,32.61421886310803,32.62305450439453,1459600,0.0,0.0,0.0
2015-10-15 00:00:00-04:00,32.774396663121394,33.057621002197266,32.703592266502646,33.057621002197266,1502500,0.071,0.0,0.0
2015-10-16 00:00:00-04:00,33.10190909539329,33.24352139989139,33.066505175192844,33.23466873168945,1285000,0.0,0.0,0.0
2015-10-19 00:00:00-04:00,33.243501049024694,33.358558654785156,33.15499130270711,33.358558654785156,793200,0.0,0.0,0.0
2015-10-20 00:00:00-04:00,33.31430197024279,33.43821222576953,33.30545268469141,33.393959045410156,833200,0.0,0.0,0.0
2015-10-21 00:00:00-04:00,33.4736153063197,33.61522750580568,33.36740700078052,33.385108947753906,1180100,0.0,0.0,0.0
2015-10-22 00:00:00-04:00,33.60639318768123,34.084332463617,33.544438033832094,34.05778121948242,1770000,0.0,0.0,0.0
2015-10-23 00:00:00-04:00,34.11973018701213,34.15513409030753,33.836505713253075,34.004669189453125,1243000,0.0,0.0,0.0
2015-10-26 00:00:00-04:00,33.96041583269676,34.022370975010226,33.90731335431496,33.93386459350586,1069700,0.0,0.0,0.0
2015-10-27 00:00:00-04:00,33.83650730019381,33.92501706258343,33.78340144276004,33.91616439819336,804200,0.0,0.0,0.0
2015-10-28 00:00:00-04:00,33.86306651755871,34.15514373779297,33.73915619732708,34.15514373779297,1703700,0.0,0.0,0.0
2015-10-29 00:00:00-04:00,34.04894326282096,34.23480878623056,33.9869880883511,34.190555572509766,1428900,0.0,0.0,0.0
2015-10-30 00:00:00-04:00,34.19052453343896,34.19052453343896,33.933851400047786,33.95155334472656,1786400,0.0,0.0,0.0
2015-11-02 00:00:00-05:00,34.03120622963994,34.34983444213867,33.9958023446289,34.34983444213867,1256800,0.0,0.0,0.0
2015-11-03 00:00:00-05:00,34.21708838046388,34.33214937515634,34.040072244699005,34.12858200073242,1226300,0.0,0.0,0.0
2015-11-04 00:00:00-05:00,34.208246147617935,34.217095436895235,33.99582606563329,34.05778121948242,1146800,0.0,0.0,0.0
2015-11-05 00:00:00-05:00,34.040072244699005,34.15513323939147,33.96926781617423,34.12858200073242,1345300,0.0,0.0,0.0
2015-11-06 00:00:00-05:00,34.04006464973613,34.04006464973613,33.68603583349867,33.8630485534668,1500600,0.0,0.0,0.0
2015-11-09 00:00:00-05:00,33.76570546299318,33.82766061327884,33.49133024294064,33.6683464050293,1546100,0.0,0.0,0.0
2015-11-10 00:00:00-05:00,33.597528465017064,33.80994847077092,33.597528465017064,33.78339385986328,798600,0.0,0.0,0.0
2015-11-11 00:00:00-05:00,33.86305456164485,33.96041360068205,33.80995208675316,33.84535598754883,841100,0.0,0.0,0.0
2015-11-12 00:00:00-05:00,33.71257870180675,33.739129927954096,33.41165242570205,33.420501708984375,1653700,0.0,0.0,0.0
2015-11-13 00:00:00-05:00,33.373518052394815,33.462185115234305,33.1341220561821,33.15185546875,1705300,0.067,0.0,0.0
2015-11-16 00:00:00-05:00,33.125248945303035,33.66610605838037,33.125248945303035,33.648372650146484,1755900,0.0,0.0,0.0
2015-11-17 00:00:00-05:00,33.71045684814453,33.8611858294569,33.621789757104594,33.71045684814453,2264800,0.0,0.0,0.0
2015-11-18 00:00:00-05:00,33.78138043056355,34.18924220374909,33.657249910060436,34.1715087890625,1601100,0.0,0.0,0.0
2015-11-19 00:00:00-05:00,34.17152228469791,34.30451787391784,34.17152228469791,34.2690544128418,1489100,0.0,0.0,0.0
2015-11-20 00:00:00-05:00,34.3843102284617,34.517309175416706,34.29564651869418,34.35771179199219,1113400,0.0,0.0,0.0
2015-11-23 00:00:00-05:00,34.410909678269995,34.49957338193361,34.30450917510948,34.384307861328125,756600,0.0,0.0,0.0
2015-11-24 00:00:00-05:00,34.25130642095315,34.357703523529594,34.06510726356575,34.28676986694336,864100,0.0,0.0,0.0
2015-11-25 00:00:00-05:00,34.33111224663537,34.40204253569761,34.28677701087991,34.3399772644043,1063300,0.0,0.0,0.0
2015-11-27 00:00:00-05:00,34.34883362543693,34.49956255080446,34.33996522847271,34.455230712890625,485000,0.0,0.0,0.0
2015-11-30 00:00:00-05:00,34.52616394417086,34.54389735732084,34.295636337826586,34.31336975097656,1379100,0.0,0.0,0.0
2015-12-01 00:00:00-05:00,34.29562969908264,34.623689323096606,34.29562969908264,34.58822250366211,1009400,0.0,0.0,0.0
2015-12-02 00:00:00-05:00,34.588230589533,34.588230589533,34.18037221759526,34.206974029541016,1844000,0.0,0.0,0.0
2015-12-03 00:00:00-05:00,34.251290902593,34.26015591449832,33.68383543621395,33.772499084472656,1802000,0.0,0.0,0.0
2015-12-04 00:00:00-05:00,33.896649017652116,34.49957164261774,33.896649017652116,34.48183822631836,1526900,0.0,0.0,0.0
2015-12-07 00:00:00-05:00,34.43750922444762,34.464107659944524,34.251313411362105,34.402042388916016,2021400,0.0,0.0,0.0
2015-12-08 00:00:00-05:00,34.189248432609205,34.37544424728646,34.091716325215316,34.27791213989258,1218800,0.0,0.0,0.0
2015-12-09 00:00:00-05:00,34.1803783924129,34.46410630086986,33.83458521537495,33.99418258666992,2082200,0.0,0.0,0.0
2015-12-10 00:00:00-05:00,34.03850581087598,34.1094394611633,33.861175067460294,33.91437530517578,1972100,0.0,0.0,0.0
2015-12-11 00:00:00-05:00,33.65724602169496,33.78137652785748,33.40898500936991,33.47105026245117,2343000,0.0,0.0,0.0
2015-12-14 00:00:00-05:00,33.52424094846356,33.72817006224068,33.355775267555146,33.69270324707031,2891200,0.0,0.0,0.0
2015-12-15 00:00:00-05:00,33.90411739612731,34.037354744488894,33.76199913911267,33.94853210449219,1655500,0.068,0.0,0.0
2015-12-16 00:00:00-05:00,34.06400903653688,34.5436595397481,34.055128125751786,34.50812911987305,3274600,0.0,0.0,0.0
2015-12-17 00:00:00-05:00,34.517017742396966,34.52589865429442,34.15283936398145,34.161720275878906,2608500,0.0,0.0,0.0
2015-12-18 00:00:00-05:00,34.03735129153872,34.03735129153872,33.57546615600586,33.57546615600586,2136800,0.0,0.0,0.0
2015-12-21 00:00:00-05:00,33.69093915729588,33.88635301655252,33.58435131968602,33.83305740356445,1950000,0.0,0.0,0.0
2015-12-22 00:00:00-05:00,33.93966020639706,34.2238968242644,33.735365349077895,34.161720275878906,1911300,0.0,0.0,0.0
2015-12-23 00:00:00-05:00,34.29493455651535,34.51699447631836,34.259404156139155,34.51699447631836,2041900,0.0,0.0,0.0
2015-12-24 00:00:00-05:00,34.48148026634935,34.570302920630084,34.40153852214986,34.437068939208984,612000,0.0,0.0,0.0
2015-12-28 00:00:00-05:00,34.366014295971205,34.543663024902344,34.30383774910046,34.543663024902344,11823800,0.0,0.0,0.0
2015-12-29 00:00:00-05:00,34.6502363126707,34.85453446733269,34.6502363126707,34.81900405883789,2914800,0.0,0.0,0.0
2015-12-30 00:00:00-05:00,34.81013328934765,34.81901758910681,34.596957532273684,34.6413688659668,1619400,0.0,0.0,0.0
2015-12-31 00:00:00-05:00,34.56142408867338,34.56142408867338,34.250541391630854,34.259422302246094,2132400,0.0,0.0,0.0
2016-01-04 00:00:00-05:00,33.82417009374125,33.841931906342595,33.44222674386554,33.71757888793945,2992800,0.0,0.0,0.0
2016-01-05 00:00:00-05:00,33.77977131575514,34.019596559277666,33.71759477725307,33.992950439453125,1858900,0.0,0.0,0.0
2016-01-06 00:00:00-05:00,33.65539520378528,33.81527859003701,33.54880740907243,33.69092559814453,2618900,0.0,0.0,0.0
2016-01-07 00:00:00-05:00,33.27346590498955,33.522175381558505,33.051405929561106,33.13134765625,3366500,0.0,0.0,0.0
2016-01-08 00:00:00-05:00,33.31788487657339,33.353415294012315,32.776061258281686,32.811588287353516,3099000,0.0,0.0,0.0
2016-01-11 00:00:00-05:00,32.97146347147757,33.033639992148984,32.62505045963218,32.88264083862305,2927900,0.0,0.0,0.0
2016-01-12 00:00:00-05:00,33.113575740406226,33.122460035107906,32.749397590047074,33.05139923095703,3155200,0.0,0.0,0.0
2016-01-13 00:00:00-05:00,33.1580043904843,33.20241571758462,32.53623564597864,32.55400085449219,5212200,0.0,0.0,0.0
2016-01-14 00:00:00-05:00,32.63394578580447,33.09582769879783,32.5451197345616,32.918182373046875,4074600,0.0,0.0,0.0
2016-01-15 00:00:00-05:00,32.3316918573021,32.56307598038358,32.18929744941252,32.45628356933594,4224300,0.071,0.0,0.0
2016-01-19 00:00:00-05:00,32.705480400227756,32.83007216333499,32.48299413900172,32.714378356933594,4587900,0.0,0.0,0.0
2016-01-20 00:00:00-05:00,32.358394380619124,32.456288854549676,31.628639895698814,32.198204040527344,4771600,0.0,0.0,0.0
2016-01-21 00:00:00-05:00,32.25160591617976,32.465190799306825,32.029119682581275,32.23380661010742,3465900,0.0,0.0,0.0
2016-01-22 00:00:00-05:00,32.545282721684444,32.830064800596546,32.45628959510073,32.78556823730469,3637300,0.0,0.0,0.0
2016-01-25 00:00:00-05:00,32.7321716643727,32.785569579430955,32.438491618728065,32.491886138916016,11630400,0.0,0.0,0.0
2016-01-26 00:00:00-05:00,32.527487208639286,32.91906515893647,32.51858925289188,32.892364501953125,4125100,0.0,0.0,0.0
2016-01-27 00:00:00-05:00,32.85676032135007,33.186042341003926,32.59867890996271,32.776668548583984,4057800,0.0,0.0,0.0
2016-01-28 00:00:00-05:00,32.892353212231974,33.097040072872815,32.749962205052725,32.92795181274414,3193100,0.0,0.0,0.0
2016-01-29 00:00:00-05:00,33.0525595504068,33.65772247314453,33.0525595504068,33.65772247314453,2952700,0.0,0.0,0.0
2016-02-01 00:00:00-05:00,33.479734769703924,33.871312798798925,33.408540924786536,33.73781967163086,2539000,0.0,0.0,0.0
2016-02-02 00:00:00-05:00,33.54201124489223,33.54201124489223,33.28392988719922,33.34622573852539,2865800,0.0,0.0,0.0
2016-02-03 00:00:00-05:00,33.51531393117297,33.595409081997666,33.09703887743628,33.52421188354492,4631300,0.0,0.0,0.0
2016-02-04 00:00:00-05:00,33.35514275539221,33.58653038817223,33.30174482593423,33.45303726196289,3899700,0.0,0.0,0.0
2016-02-05 00:00:00-05:00,33.37291470558144,33.408513296035814,33.02583693582234,33.114830017089844,2865300,0.0,0.0,0.0
2016-02-08 00:00:00-05:00,32.919063279746815,32.95465849557505,32.509686046453616,32.84786605834961,4096400,0.0,0.0,0.0
2016-02-09 00:00:00-05:00,32.65206592289964,33.17713336901277,32.64316797070449,32.9902458190918,3821000,0.0,0.0,0.0
2016-02-10 00:00:00-05:00,33.12374076409233,33.31952627742696,33.008047009710914,33.03474426269531,3784600,0.0,0.0,0.0
2016-02-11 00:00:00-05:00,32.66096496582031,32.82115525298565,32.47407742908375,32.66096496582031,4515900,0.0,0.0,0.0
2016-02-12 00:00:00-05:00,32.86695253437795,33.13445281982422,32.83128492259827,33.13445281982422,5334900,0.071,0.0,0.0
2016-02-16 00:00:00-05:00,33.3217033891739,33.51787185668945,33.20578875059721,33.51787185668945,2914400,0.0,0.0,0.0
2016-02-17 00:00:00-05:00,33.62486177797663,33.82994538986881,33.589194175530224,33.75861358642578,3245300,0.0,0.0,0.0
2016-02-18 00:00:00-05:00,33.767547303563845,33.919132996361874,33.69621546100427,33.821048736572266,3463700,0.0,0.0,0.0
2016-02-19 00:00:00-05:00,33.74079808590701,33.91021418724254,33.589212394015945,33.85671615600586,3498000,0.0,0.0,0.0
2016-02-22 00:00:00-05:00,34.05286726049696,34.15987008184283,34.026118255885606,34.13311767578125,2401200,0.0,0.0,0.0
2016-02-23 00:00:00-05:00,34.061790755515894,34.12420737620784,33.945872716466255,34.0082893371582,2177500,0.0,0.0,0.0
2016-02-24 00:00:00-05:00,33.80321250025379,34.14204808209301,33.70512824750154,34.106380462646484,3515300,0.0,0.0,0.0
2016-02-25 00:00:00-05:00,34.1866086693148,34.52544403076172,34.124192076607365,34.52544403076172,3840200,0.0,0.0,0.0
2016-02-26 00:00:00-05:00,34.59679405855283,34.59679405855283,34.15987767929237,34.177711486816406,2807500,0.0,0.0,0.0
2016-02-29 00:00:00-05:00,34.20445022259957,34.373866241010056,33.981532797688416,33.990447998046875,2576000,0.0,0.0,0.0
2016-03-01 00:00:00-05:00,34.1331228375409,34.45412454722135,34.1331228375409,34.4362907409668,2784100,0.0,0.0,0.0
2016-03-02 00:00:00-05:00,34.4184718729273,34.48980712890625,34.204472907894896,34.48980712890625,4256600,0.0,0.0,0.0
2016-03-03 00:00:00-05:00,34.45413092498515,34.62355041503906,34.2936300404348,34.62355041503906,2238800,0.0,0.0,0.0
2016-03-04 00:00:00-05:00,34.59678543225217,34.76620486076229,34.45411840908319,34.72161865234375,2712500,0.0,0.0,0.0
2016-03-07 00:00:00-05:00,34.67703663267214,34.73945324413502,34.54328820873035,34.65028762817383,3287400,0.0,0.0,0.0
2016-03-08 00:00:00-05:00,34.64136902570758,34.784036052115624,34.489786798283504,34.65028762817383,2235300,0.0,0.0,0.0
2016-03-09 00:00:00-05:00,34.73946014942308,34.846462991586115,34.65920971852625,34.74837875366211,2731600,0.0,0.0,0.0
2016-03-10 00:00:00-05:00,34.819713790438335,34.97129946341893,34.48979683364699,34.7840461730957,3197000,0.0,0.0,0.0
2016-03-11 00:00:00-05:00,34.99805282224767,35.185302734375,34.980219011361505,35.185302734375,2652200,0.0,0.0,0.0
2016-03-14 00:00:00-04:00,35.19419905778909,35.19419905778909,35.024779662362015,35.10503005981445,2017600,0.0,0.0,0.0
2016-03-15 00:00:00-04:00,35.04429736953111,35.15149283988711,34.91923541950201,35.12469482421875,1765200,0.072,0.0,0.0
2016-03-16 00:00:00-04:00,35.071106933993875,35.383765319706505,34.99070945283162,35.33016586303711,2914900,0.0,0.0,0.0
2016-03-17 00:00:00-04:00,35.330156334838726,35.68747913423421,35.303358317573036,35.64281463623047,2222500,0.0,0.0,0.0
2016-03-18 00:00:00-04:00,35.70533507299452,35.74106461623873,35.5624066769724,35.63386917114258,2294100,0.0,0.0,0.0
2016-03-21 00:00:00-04:00,35.6160026956796,35.687468597531534,35.508807250583445,35.63386917114258,1671700,0.0,0.0,0.0
2016-03-22 00:00:00-04:00,35.553487429004115,35.66961786693358,35.48202490328978,35.571353912353516,1387900,0.0,0.0,0.0
2016-03-23 00:00:00-04:00,35.56241116879559,35.69640464016981,35.473078780197255,35.598140716552734,1933900,0.0,0.0,0.0
2016-03-24 00:00:00-04:00,35.46416136894979,35.517757415771484,35.348030921363545,35.517757415771484,2191200,0.0,0.0,0.0
2016-03-28 00:00:00-04:00,35.57134807603858,35.67854355086378,35.51774863478463,35.61601257324219,2366200,0.0,0.0,0.0
2016-03-29 00:00:00-04:00,35.62494764730552,36.0001335144043,35.61601270322257,36.0001335144043,2463600,0.0,0.0,0.0
2016-03-30 00:00:00-04:00,36.11627556457595,36.1430735900894,36.000145107877984,36.0894775390625,1884800,0.0,0.0,0.0
2016-03-31 00:00:00-04:00,36.089478020305464,36.09840955970111,35.95548107558378,36.026947021484375,1901500,0.0,0.0,0.0
2016-04-01 00:00:00-04:00,35.892925093259045,36.3485082543702,35.83039413796303,36.339576721191406,2538100,0.0,0.0,0.0
2016-04-04 00:00:00-04:00,36.41105071909515,36.41105071909515,36.08946430778376,36.160926818847656,2033700,0.0,0.0,0.0
2016-04-05 00:00:00-04:00,36.03586536442962,36.071598324294385,35.776806516933945,35.80360794067383,2723700,0.0,0.0,0.0
2016-04-06 00:00:00-04:00,35.821486816797886,36.071614238520944,35.75895581328815,36.062679290771484,2352300,0.0,0.0,0.0
2016-04-07 00:00:00-04:00,36.062663432278,36.062663432278,35.63387813633279,35.74107360839844,2073100,0.0,0.0,0.0
2016-04-08 00:00:00-04:00,35.90186824261159,36.000132177779385,35.794672771375176,35.89293670654297,2168700,0.0,0.0,0.0
2016-04-11 00:00:00-04:00,35.98226731545583,36.06266477441786,35.72321186562949,35.73214340209961,2548400,0.0,0.0,0.0
2016-04-12 00:00:00-04:00,35.75895158732895,36.01801051850201,35.7410851016256,36.00907897949219,4127300,0.0,0.0,0.0
2016-04-13 00:00:00-04:00,36.11626393370366,36.12519547010389,35.83933859773833,36.0001335144043,1676100,0.0,0.0,0.0
2016-04-14 00:00:00-04:00,36.00906891967422,36.03586693690086,35.90187003540215,35.93760299682617,1317500,0.0,0.0,0.0
2016-04-15 00:00:00-04:00,35.90984652677697,36.079864501953125,35.89194935883173,36.079864501953125,2683100,0.069,0.0,0.0
2016-04-18 00:00:00-04:00,36.04408635188776,36.29464340209961,35.99039823747881,36.29464340209961,3566900,0.0,0.0,0.0
2016-04-19 00:00:00-04:00,36.33940128996635,36.37519565833539,36.24096848372089,36.312557220458984,2180600,0.0,0.0,0.0
2016-04-20 00:00:00-04:00,36.330432058688196,36.330432058688196,36.00829315185547,36.00829315185547,2253200,0.0,0.0,0.0
2016-04-21 00:00:00-04:00,35.97250291524902,36.09777974004213,35.453495025634766,35.453495025634766,2425600,0.0,0.0,0.0
2016-04-22 00:00:00-04:00,35.534031508995895,35.69510269165039,35.489290272377986,35.69510269165039,2335200,0.0,0.0,0.0
2016-04-25 00:00:00-04:00,35.59667130068174,35.7398453115229,35.5519300623322,35.7130012512207,1948400,0.0,0.0,0.0
2016-04-26 00:00:00-04:00,35.829312425319145,35.900897686456446,35.677188198406554,35.76667404174805,1901200,0.0,0.0,0.0
2016-04-27 00:00:00-04:00,35.78458080285673,36.04408128426921,35.668250882097254,35.99934005737305,3524100,0.0,0.0,0.0
2016-04-28 00:00:00-04:00,35.70406470503888,35.99935969446182,35.66827033858196,35.77565002441406,3226900,0.0,0.0,0.0
2016-04-29 00:00:00-04:00,35.67720685954448,35.820380870242836,35.51613567081661,35.739845275878906,2433300,0.0,0.0,0.0
2016-05-02 00:00:00-04:00,35.829329884407066,36.106727600097656,35.71299993814526,36.106727600097656,2791300,0.0,0.0,0.0
2016-05-03 00:00:00-04:00,35.9546088809604,36.02619418129733,35.83827892768292,35.98145294189453,3672400,0.0,0.0,0.0
2016-05-04 00:00:00-04:00,35.86512289901785,36.09777936931026,35.78458731054404,36.06198501586914,2043600,0.0,0.0,0.0
2016-05-05 00:00:00-04:00,36.06198396791156,36.214108258846885,35.999345557978586,36.0977783203125,2427800,0.0,0.0,0.0
2016-05-06 00:00:00-04:00,36.035124991643414,36.205142974853516,35.883000763688344,36.205142974853516,2233600,0.0,0.0,0.0
2016-05-09 00:00:00-04:00,36.20517265603861,36.39308796209359,36.1604314041501,36.34834671020508,2300800,0.0,0.0,0.0
2016-05-10 00:00:00-04:00,36.4646691336034,36.706275939941406,36.38413353149073,36.706275939941406,2248000,0.0,0.0,0.0
2016-05-11 00:00:00-04:00,36.64362620255478,36.697314311693106,36.428863525390625,36.428863525390625,1631800,0.0,0.0,0.0
2016-05-12 00:00:00-04:00,36.52731382071917,36.688385052569636,36.428881021972934,36.66154098510742,2530200,0.0,0.0,0.0
2016-05-13 00:00:00-04:00,36.6265727466348,36.6265727466348,36.28594287494568,36.348690032958984,2147700,0.071,0.0,0.0
2016-05-16 00:00:00-04:00,36.34870159526969,36.65347506805112,36.31284508800958,36.617618560791016,2264100,0.0,0.0,0.0
2016-05-17 00:00:00-04:00,36.635552168416254,36.635552168416254,35.77501638520164,36.07082748413086,4294000,0.0,0.0,0.0
2016-05-18 00:00:00-04:00,36.160434413947684,36.18732506558774,35.69431040856689,35.891517639160156,2026000,0.0,0.0,0.0
2016-05-19 00:00:00-04:00,35.89151299448895,35.90047540405505,35.613630425473595,35.828765869140625,1804700,0.0,0.0,0.0
2016-05-20 00:00:00-04:00,35.963236957651034,36.017021695011394,35.8018861650332,35.900489807128906,1263100,0.0,0.0,0.0
2016-05-23 00:00:00-04:00,35.9004835263781,35.92737760008481,35.748098593044865,35.75706100463867,1269800,0.0,0.0,0.0
2016-05-24 00:00:00-04:00,35.9363465330476,36.20526338267654,35.8646335494328,36.16940689086914,1906200,0.0,0.0,0.0
2016-05-25 00:00:00-04:00,36.20525875097405,36.276971725414676,36.08872687723945,36.10665512084961,2035700,0.0,0.0,0.0
2016-05-26 00:00:00-04:00,36.214221085491744,36.30385887542384,36.09768922301002,36.28593063354492,1551000,0.0,0.0,0.0
2016-05-27 00:00:00-04:00,36.33076344102276,36.38454818725586,36.241125616764734,36.38454818725586,1063900,0.0,0.0,0.0
2016-05-31 00:00:00-04:00,36.393495354530124,36.42038942611108,36.16939746830897,36.33971405029297,2276200,0.0,0.0,0.0
2016-06-01 00:00:00-04:00,36.28595584636326,36.48316322459581,36.24113692025537,36.47419738769531,1739300,0.0,0.0,0.0
2016-06-02 00:00:00-04:00,36.52796173095703,36.53692414338252,36.31282621865272,36.52796173095703,1401700,0.0,0.0,0.0
2016-06-03 00:00:00-04:00,36.53692989500925,36.78792193545249,36.5279674811729,36.74310302734375,1754800,0.0,0.0,0.0
2016-06-06 00:00:00-04:00,36.743104322385385,36.82377972760999,36.599681759704275,36.73413848876953,1625200,0.0,0.0,0.0
2016-06-07 00:00:00-04:00,36.75205314314033,36.88651324193676,36.734124902003316,36.769981384277344,1128900,0.0,0.0,0.0
2016-06-08 00:00:00-04:00,36.75206232657157,36.99408851320408,36.75206232657157,36.98512268066406,1546300,0.0,0.0,0.0
2016-06-09 00:00:00-04:00,36.94028844995338,37.21817101252705,36.94028844995338,37.191280364990234,1674900,0.0,0.0,0.0
2016-06-10 00:00:00-04:00,37.07476637660981,37.16440419119749,36.95823448207508,37.0837287902832,1413300,0.0,0.0,0.0
2016-06-13 00:00:00-04:00,37.03891816832704,37.155450088929115,36.83274841308594,36.83274841308594,1663700,0.0,0.0,0.0
2016-06-14 00:00:00-04:00,36.8148111583277,36.97616195678711,36.71620751266212,36.97616195678711,1635200,0.0,0.0,0.0
2016-06-15 00:00:00-04:00,37.015687715158904,37.042636675959784,36.791132458318906,36.80909729003906,1680300,0.084,0.0,0.0
2016-06-16 00:00:00-04:00,36.746222286053865,37.0695824058396,36.692327790609134,37.04263687133789,2298300,0.0,0.0,0.0
2016-06-17 00:00:00-04:00,37.05160317480786,37.05160317480786,36.71926248149157,36.93483352661133,2162700,0.0,0.0,0.0
2016-06-20 00:00:00-04:00,37.141427892036354,37.28514307981594,37.060587884757815,37.12346649169922,1925700,0.0,0.0,0.0
2016-06-21 00:00:00-04:00,37.177374367974465,37.30312478587734,37.10551845479078,37.19533920288086,1629100,0.0,0.0,0.0
2016-06-22 00:00:00-04:00,37.25819814617629,37.312092627366994,37.14142848348331,37.159393310546875,1816600,0.0,0.0,0.0
2016-06-23 00:00:00-04:00,37.33905608689221,37.45582580566406,37.2492353348782,37.45582580566406,1440200,0.0,0.0,0.0
2016-06-24 00:00:00-04:00,36.53963115400929,37.23126174653717,36.50370149107353,36.81808090209961,4656000,0.0,0.0,0.0
2016-06-27 00:00:00-04:00,36.68334302344415,36.84502306542303,36.49471744994911,36.764183044433594,4631700,0.0,0.0,0.0
2016-06-28 00:00:00-04:00,36.96178037343473,37.1593865824746,36.80010038557678,37.15040588378906,4127300,0.0,0.0,0.0
2016-06-29 00:00:00-04:00,37.38395145176794,37.59054183959961,37.34802522125337,37.59054183959961,3704700,0.0,0.0,0.0
2016-06-30 00:00:00-04:00,37.6624203803705,38.43489126705536,37.6085258674242,38.425907135009766,6447300,0.0,0.0,0.0
2016-07-01 00:00:00-04:00,38.443858062837236,38.53368221858074,38.318107671237506,38.36301803588867,3189700,0.0,0.0,0.0
2016-07-05 00:00:00-04:00,38.3540312907188,38.59655133335459,38.33606646240052,38.53367614746094,2457700,0.0,0.0,0.0
2016-07-06 00:00:00-04:00,38.48878242163659,38.62351699101945,38.32710230895414,38.61453628540039,2877000,0.0,0.0,0.0
2016-07-07 00:00:00-04:00,38.659432610180474,38.659432610180474,38.28217800894011,38.36301803588867,2138100,0.0,0.0,0.0
2016-07-08 00:00:00-04:00,38.542654393295194,38.803139247656794,38.389958501977276,38.79415512084961,2684300,0.0,0.0,0.0
2016-07-11 00:00:00-04:00,38.8390689020047,38.85703030273821,38.64145922953169,38.79415512084961,3207000,0.0,0.0,0.0
2016-07-12 00:00:00-04:00,38.85704203272437,38.85704203272437,38.58757639665096,38.60554122924805,4042500,0.0,0.0,0.0
2016-07-13 00:00:00-04:00,38.61451839893312,38.79415983964274,38.61451839893312,38.785179138183594,3714500,0.0,0.0,0.0
2016-07-14 00:00:00-04:00,38.83009998946748,38.88399449210607,38.66841990799346,38.74925994873047,2240000,0.0,0.0,0.0
2016-07-15 00:00:00-04:00,38.82659983995229,38.86258453749406,38.61969297662157,38.745635986328125,2040500,0.066,0.0,0.0
2016-07-18 00:00:00-04:00,38.76365034414914,38.79963506212215,38.62870936759615,38.691680908203125,1750200,0.0,0.0,0.0
2016-07-19 00:00:00-04:00,38.619715199896696,38.736663818359375,38.57473601793155,38.736663818359375,1780400,0.0,0.0,0.0
2016-07-20 00:00:00-04:00,38.799643689029686,38.8176360520167,38.68269504546025,38.700687408447266,1762200,0.0,0.0,0.0
2016-07-21 00:00:00-04:00,38.64670414953544,38.64670414953544,38.475781875985064,38.58373260498047,1733100,0.0,0.0,0.0
2016-07-22 00:00:00-04:00,38.583720574366204,38.799625396728516,38.55673375845494,38.799625396728516,1479400,0.0,0.0,0.0
2016-07-25 00:00:00-04:00,38.799606045280306,38.799606045280306,38.56570898507061,38.70964431762695,1659000,0.0,0.0,0.0
2016-07-26 00:00:00-04:00,38.68268670388444,38.754656140312946,38.47577972168991,38.55674362182617,2308400,0.0,0.0,0.0
2016-07-27 00:00:00-04:00,38.55674828822116,38.67369692072557,38.088957189895524,38.250885009765625,3325500,0.0,0.0,0.0
2016-07-28 00:00:00-04:00,38.26887253049662,38.520758693237525,38.24188227613753,38.46678161621094,1395400,0.0,0.0,0.0
2016-07-29 00:00:00-04:00,38.430789206016456,38.63769612719138,38.37681214461364,38.51175308227539,1773000,0.0,0.0,0.0
2016-08-01 00:00:00-04:00,38.5477478847514,38.63770968532407,38.475781875985064,38.58373260498047,1924000,0.0,0.0,0.0
2016-08-02 00:00:00-04:00,38.547722639196095,38.56571498752714,38.32282343259241,38.42177963256836,3385400,0.0,0.0,0.0
2016-08-03 00:00:00-04:00,38.38579583557389,38.42178053307936,38.14290770663602,38.20587921142578,1891500,0.0,0.0,0.0
2016-08-04 00:00:00-04:00,38.25086967709953,38.38580718510759,38.151913445545894,38.29584884643555,1360500,0.0,0.0,0.0
2016-08-05 00:00:00-04:00,38.33184734993094,38.35883417490678,38.16991953669212,38.23289108276367,2432600,0.0,0.0,0.0
2016-08-08 00:00:00-04:00,38.28687649516544,38.29587096155051,38.14294101115587,38.19691467285156,1783800,0.0,0.0,0.0
2016-08-09 00:00:00-04:00,38.169912512265874,38.30485347569561,38.133927797792445,38.241878509521484,1774600,0.0,0.0,0.0
2016-08-10 00:00:00-04:00,38.24188711327727,38.30486209361967,38.178915564626905,38.250885009765625,1312200,0.0,0.0,0.0
2016-08-11 00:00:00-04:00,38.31384972598639,38.35882890533104,38.23288583048946,38.34983444213867,1613500,0.0,0.0,0.0
2016-08-12 00:00:00-04:00,38.25986511511003,38.430790767317745,38.25986511511003,38.304847717285156,2158500,0.0,0.0,0.0
2016-08-15 00:00:00-04:00,38.3634239333188,38.46252805547773,38.19223689962738,38.21926498413086,1458300,0.065,0.0,0.0
2016-08-16 00:00:00-04:00,38.165204609008896,38.18322447567145,37.876893616284256,37.912933349609375,2372900,0.0,0.0,0.0
2016-08-17 00:00:00-04:00,37.885901841594375,38.12916488619877,37.75976621185983,38.11114501953125,4732800,0.0,0.0,0.0
2016-08-18 00:00:00-04:00,38.09310823285831,38.219243806566595,38.066080163331286,38.210235595703125,1163400,0.0,0.0,0.0
2016-08-19 00:00:00-04:00,38.111145207943935,38.15619315636639,37.939961629163356,38.066097259521484,3050300,0.0,0.0,0.0
2016-08-22 00:00:00-04:00,38.10214289892228,38.228278548831625,38.03006342072341,38.16521072387695,1578000,0.0,0.0,0.0
2016-08-23 00:00:00-04:00,38.22825747087951,38.26429719010769,38.021034240722656,38.021034240722656,1529200,0.0,0.0,0.0
2016-08-24 00:00:00-04:00,38.00303669603212,38.01204491266028,37.858881171409806,37.95798873901367,2437300,0.0,0.0,0.0
2016-08-25 00:00:00-04:00,37.94896375012432,38.12015073835339,37.903915808935785,38.01203155517578,1876800,0.0,0.0,0.0
2016-08-26 00:00:00-04:00,38.066086642545244,38.21925031185049,37.570552474230915,37.660648345947266,3544500,0.0,0.0,0.0
2016-08-29 00:00:00-04:00,37.72373461805672,37.976009368896484,37.72373461805672,37.976009368896484,2409800,0.0,0.0,0.0
2016-08-30 00:00:00-04:00,37.98500112453104,38.02104085002411,37.7237182701124,37.75975799560547,1898000,0.0,0.0,0.0
2016-08-31 00:00:00-04:00,37.77779006958008,37.813829806722566,37.62462290519375,37.77779006958008,2325400,0.0,0.0,0.0
2016-09-01 00:00:00-04:00,37.750755310058594,37.79580325505202,37.58857995853194,37.750755310058594,6855200,0.0,0.0,0.0
2016-09-02 00:00:00-04:00,37.8138110105658,38.08410203090358,37.8138110105658,38.021034240722656,2816800,0.0,0.0,0.0
2016-09-06 00:00:00-04:00,37.95797353129032,38.174205013122034,37.94896188133383,38.156185150146484,3035800,0.0,0.0,0.0
2016-09-07 00:00:00-04:00,38.120163936215256,38.120163936215256,37.9399686721368,38.00303649902344,2114200,0.0,0.0,0.0
2016-09-08 00:00:00-04:00,37.939956847774575,38.06609246223645,37.83184109779836,37.8949089050293,2219100,0.0,0.0,0.0
2016-09-09 00:00:00-04:00,37.687686608814204,37.687686608814204,36.77770233154297,36.77770233154297,6869200,0.0,0.0,0.0
2016-09-12 00:00:00-04:00,36.66957841124842,37.41738373732874,36.66957841124842,37.33629608154297,4317200,0.0,0.0,0.0
2016-09-13 00:00:00-04:00,37.14708711759692,37.17411518648693,36.74164889956413,36.81372833251953,5886400,0.0,0.0,0.0
2016-09-14 00:00:00-04:00,36.849768048997234,37.06599947399037,36.70561262002297,36.81372833251953,3116000,0.0,0.0,0.0
2016-09-15 00:00:00-04:00,36.7911857595356,37.17922159291187,36.737040023803665,37.13410186767578,2910800,0.065,0.0,0.0
2016-09-16 00:00:00-04:00,37.01677047951554,37.13408446407945,36.85433679086176,37.10700988769531,2370100,0.0,0.0,0.0
2016-09-19 00:00:00-04:00,37.13408900376538,37.32359384955774,37.12506299639631,37.26042556762695,3909300,0.0,0.0,0.0
2016-09-20 00:00:00-04:00,37.36872636356625,37.4679918241603,37.28750948148152,37.29653549194336,2008200,0.0,0.0,0.0
2016-09-21 00:00:00-04:00,37.35067657071319,37.81992926945595,37.25141111334646,37.7928581237793,3570000,0.0,0.0,0.0
2016-09-22 00:00:00-04:00,37.93722898353103,38.09063667434003,37.901131841312576,38.04551696777344,2375800,0.0,0.0,0.0
2016-09-23 00:00:00-04:00,37.97333509236286,38.03650338495455,37.8469950647657,37.86504364013672,2158700,0.0,0.0,0.0
2016-09-26 00:00:00-04:00,37.80187119944147,37.84699091171104,37.67553462812134,37.711631774902344,3796300,0.0,0.0,0.0
2016-09-27 00:00:00-04:00,37.765769958496094,37.89210995853317,37.68455310825019,37.765769958496094,1325500,0.0,0.0,0.0
2016-09-28 00:00:00-04:00,37.80188318482708,37.80188318482708,37.53116138296183,37.75676345825195,2257600,0.0,0.0,0.0
2016-09-29 00:00:00-04:00,37.711639137206994,37.711639137206994,37.251409031933605,37.341651916503906,2873300,0.0,0.0,0.0
2016-09-30 00:00:00-04:00,37.47700786236818,37.576273305666625,37.359697286118895,37.440914154052734,3154900,0.0,0.0,0.0
2016-10-03 00:00:00-04:00,37.341645097427076,37.40481338388389,37.03482623074534,37.11604309082031,2991200,0.0,0.0,0.0
2016-10-04 00:00:00-04:00,37.152144907272366,37.152144907272366,36.55655561748882,36.68289566040039,3714800,0.0,0.0,0.0
2016-10-05 00:00:00-04:00,36.72799822360129,36.845312201716744,36.565564543876064,36.601661682128906,6641800,0.0,0.0,0.0
2016-10-06 00:00:00-04:00,36.55656446546811,36.7460728544961,36.43925384656389,36.66485595703125,3460900,0.0,0.0,0.0
2016-10-07 00:00:00-04:00,36.68290013733046,36.8724050612045,36.448272042845325,36.56558609008789,2535100,0.0,0.0,0.0
2016-10-10 00:00:00-04:00,36.565595278748916,36.83631715837287,36.565595278748916,36.75510025024414,1506200,0.0,0.0,0.0
2016-10-11 00:00:00-04:00,36.655816965864126,36.700936683498725,36.231687489202365,36.312904357910156,2717100,0.0,0.0,0.0
2016-10-12 00:00:00-04:00,36.349007082772445,36.65582605817204,36.349007082772445,36.6107063293457,2206600,0.0,0.0,0.0
2016-10-13 00:00:00-04:00,36.430219450349085,36.77313554321703,36.412170872575594,36.67387008666992,2318100,0.0,0.0,0.0
2016-10-14 00:00:00-04:00,36.733514031738245,36.88717471936977,36.59793472290039,36.59793472290039,2579800,0.066,0.0,0.0
2016-10-17 00:00:00-04:00,36.588905248492395,36.69736941841095,36.579868004338266,36.60698318481445,1377600,0.0,0.0,0.0
2016-10-18 00:00:00-04:00,36.75159478894534,36.86005893395974,36.61601202166759,36.69736099243164,1496500,0.0,0.0,0.0
2016-10-19 00:00:00-04:00,36.697373154489505,36.7425697239029,36.50755997580413,36.625064849853516,1305100,0.0,0.0,0.0
2016-10-20 00:00:00-04:00,36.5617835582058,36.606976666957436,36.39908560828938,36.444278717041016,1869700,0.0,0.0,0.0
2016-10-21 00:00:00-04:00,36.34486371423523,36.43525340936005,36.24543677360508,36.381019592285156,2788800,0.0,0.0,0.0
2016-10-24 00:00:00-04:00,36.46236012862175,36.63409533746661,36.44428219379384,36.51659393310547,1501900,0.0,0.0,0.0
2016-10-25 00:00:00-04:00,36.5346568261246,36.56177544376748,36.44427062868145,36.50754165649414,4471300,0.0,0.0,0.0
2016-10-26 00:00:00-04:00,36.4623566501443,36.53466493454428,36.35389249953775,36.444278717041016,1431900,0.0,0.0,0.0
2016-10-27 00:00:00-04:00,36.453313548245205,36.48042871953517,36.14599563091266,36.209266662597656,2639500,0.0,0.0,0.0
2016-10-28 00:00:00-04:00,36.19119152899488,36.50754671186552,36.164072907596754,36.35388946533203,3352200,0.0,0.0,0.0
2016-10-31 00:00:00-04:00,36.39909605706808,36.66122099029197,36.36294018048254,36.570831298828125,2239600,0.0,0.0,0.0
2016-11-01 00:00:00-04:00,36.58889718265493,36.58889718265493,36.06465093693787,36.145999908447266,4330700,0.0,0.0,0.0
2016-11-02 00:00:00-04:00,36.0736893693134,36.13696041057349,35.96522521972656,35.96522521972656,3360800,0.0,0.0,0.0
2016-11-03 00:00:00-04:00,36.01041489455887,36.08272317138465,35.874832134492905,35.92002868652344,2368400,0.0,0.0,0.0
2016-11-04 00:00:00-04:00,35.99234534593433,36.06465708761427,35.80253219604492,35.80253219604492,2710900,0.0,0.0,0.0
2016-11-07 00:00:00-05:00,36.08272309412143,36.46235275268555,36.08272309412143,36.46235275268555,3731200,0.0,0.0,0.0
2016-11-08 00:00:00-05:00,36.38101319355872,36.787758130045965,36.32677938602252,36.733524322509766,2383500,0.0,0.0,0.0
2016-11-09 00:00:00-05:00,36.25446171623896,36.61600999561932,36.0646486109633,36.46235275268555,6966000,0.0,0.0,0.0
2016-11-10 00:00:00-05:00,36.498506039552005,36.52562121038866,36.02849020631213,36.26349639892578,6057000,0.0,0.0,0.0
2016-11-11 00:00:00-05:00,36.227355475187814,36.39004999981229,36.191199603931864,36.290626525878906,2555000,0.0,0.0,0.0
2016-11-14 00:00:00-05:00,36.245429652150825,36.371975200462074,36.13696548732624,36.31774139404297,4455700,0.0,0.0,0.0
2016-11-15 00:00:00-05:00,36.38293973562302,36.53687286376953,36.319555100009325,36.53687286376953,3077000,0.072,0.0,0.0
2016-11-16 00:00:00-05:00,36.46444320678711,36.56404864416681,36.31050658878092,36.46444320678711,1524000,0.0,0.0,0.0
2016-11-17 00:00:00-05:00,36.419166101447935,36.600263114296,36.39199878615744,36.554988861083984,2252700,0.0,0.0,0.0
2016-11-18 00:00:00-05:00,36.509717463540326,36.56404864416681,36.401058556491726,36.46444320678711,1324900,0.0,0.0,0.0
2016-11-21 00:00:00-05:00,36.527811495652664,36.70891189575195,36.527811495652664,36.70891189575195,1686200,0.0,0.0,0.0
2016-11-22 00:00:00-05:00,36.69985753809808,36.88095795084071,36.654583298463194,36.85379409790039,2268900,0.0,0.0,0.0
2016-11-23 00:00:00-05:00,36.72702587378458,36.87190551719543,36.69080509938107,36.74513626098633,2036400,0.0,0.0,0.0
2016-11-25 00:00:00-05:00,36.81758182076409,37.080177307128906,36.81758182076409,37.080177307128906,1052500,0.0,0.0,0.0
2016-11-28 00:00:00-05:00,37.01679719522238,37.25222539697944,37.01679719522238,37.20695114135742,1885200,0.0,0.0,0.0
2016-11-29 00:00:00-05:00,37.2250576218919,37.3789907656684,37.18883683951957,37.3427734375,1893100,0.0,0.0,0.0
2016-11-30 00:00:00-05:00,37.28843551564651,37.28843551564651,36.76324462890625,36.76324462890625,3585700,0.0,0.0,0.0
2016-12-01 00:00:00-05:00,36.77231011238741,36.77231011238741,36.44632996253432,36.554988861083984,2692500,0.0,0.0,0.0
2016-12-02 00:00:00-05:00,36.64554536077932,36.835699320345505,36.53688299456619,36.6817626953125,1863500,0.0,0.0,0.0
2016-12-05 00:00:00-05:00,36.73609137803424,36.80853295057904,36.627432473421344,36.77231216430664,1957300,0.0,0.0,0.0
2016-12-06 00:00:00-05:00,36.8085198582655,36.85379409790039,36.73607831148722,36.85379409790039,1442400,0.0,0.0,0.0
2016-12-07 00:00:00-05:00,36.853801469253675,37.32466125488281,36.844744546993326,37.32466125488281,1685100,0.0,0.0,0.0
2016-12-08 00:00:00-05:00,37.2431570406596,37.36992628741061,37.12544125973241,37.270320892333984,2031400,0.0,0.0,0.0
2016-12-09 00:00:00-05:00,37.2431547884974,37.55102442093366,37.2431547884974,37.52385711669922,2058800,0.0,0.0,0.0
2016-12-12 00:00:00-05:00,37.44237180480436,37.75929843875989,37.44237180480436,37.741188049316406,2578800,0.0,0.0,0.0
2016-12-13 00:00:00-05:00,37.777392342937674,37.931325404728696,37.777392342937674,37.886051177978516,1578000,0.0,0.0,0.0
2016-12-14 00:00:00-05:00,37.931327880414635,38.01282287556477,37.41519406253121,37.46046829223633,3295600,0.0,0.0,0.0
2016-12-15 00:00:00-05:00,37.44416079823187,37.69814486953705,37.36252367892419,37.598365783691406,1903700,0.072,0.0,0.0
2016-12-16 00:00:00-05:00,37.63464896743173,37.81606170874667,37.61650700125499,37.73442459106445,2347600,0.0,0.0,0.0
2016-12-19 00:00:00-05:00,37.8069942580636,37.94305728076229,37.77978303761442,37.9249153137207,2032900,0.0,0.0,0.0
2016-12-20 00:00:00-05:00,37.924915794369966,38.04283339129512,37.8614206390329,37.98841094970703,1677600,0.0,0.0,0.0
2016-12-21 00:00:00-05:00,37.94304977877454,38.04282538743632,37.834197998046875,37.834197998046875,1207000,0.0,0.0,0.0
2016-12-22 00:00:00-05:00,37.79790008672558,37.91582107543945,37.73440496823914,37.91582107543945,878700,0.0,0.0,0.0
2016-12-23 00:00:00-05:00,37.888626833963116,37.91583805114764,37.83420093936808,37.906768798828125,613500,0.0,0.0,0.0
2016-12-27 00:00:00-05:00,37.91582107543945,37.988388902409355,37.870467913695485,37.91582107543945,1627300,0.0,0.0,0.0
2016-12-28 00:00:00-05:00,37.933963292087036,37.95210524895381,37.62555694580078,37.62555694580078,2328100,0.0,0.0,0.0
2016-12-29 00:00:00-05:00,37.70720538296835,37.87954883479401,37.67999416958153,37.870479583740234,1695200,0.0,0.0,0.0
2016-12-30 00:00:00-05:00,37.90675965627596,37.9158289064081,37.61649520889529,37.71627426147461,1735000,0.0,0.0,0.0
2017-01-03 00:00:00-05:00,37.79792293124259,37.8432795806239,37.64372139607104,37.76164245605469,2631200,0.0,0.0,0.0
2017-01-04 00:00:00-05:00,37.80697978451689,37.988395925255276,37.80697978451689,37.94304275512695,1656400,0.0,0.0,0.0
2017-01-05 00:00:00-05:00,37.861421268102646,37.96119689941406,37.79792265148409,37.96119689941406,1876300,0.0,0.0,0.0
2017-01-06 00:00:00-05:00,37.88862400823337,38.097251398282594,37.83419811769742,38.033756256103516,1494000,0.0,0.0,0.0
2017-01-09 00:00:00-05:00,37.97025478787641,37.99746599849799,37.71627426147461,37.71627426147461,1506700,0.0,0.0,0.0
2017-01-10 00:00:00-05:00,37.68906500481378,37.788844071726764,37.60742790099639,37.6618537902832,2932900,0.0,0.0,0.0
2017-01-11 00:00:00-05:00,37.61651017462347,37.7797844237619,37.6074374606566,37.76164245605469,1532300,0.0,0.0,0.0
2017-01-12 00:00:00-05:00,37.69814411893721,37.752566557241195,37.516727917396025,37.73442459106445,2016900,0.0,0.0,0.0
2017-01-13 00:00:00-05:00,37.693534118603196,37.77531868609811,37.675359385106994,37.7480583190918,2625800,0.075,0.0,0.0
2017-01-17 00:00:00-05:00,37.675362153865,37.92071587438077,37.675362153865,37.893455505371094,2824600,0.0,0.0,0.0
2017-01-18 00:00:00-05:00,37.893437498197294,38.00248238889348,37.875262772002166,37.9933967590332,1359100,0.0,0.0,0.0
2017-01-19 00:00:00-05:00,37.92069874230158,37.975222922163844,37.67534513263339,37.75712966918945,1517400,0.0,0.0,0.0
2017-01-20 00:00:00-05:00,37.875258694715804,37.97521794479107,37.74803909151973,37.92978286743164,1831500,0.0,0.0,0.0
2017-01-23 00:00:00-05:00,37.84800330229322,37.902524015680825,37.70260895580185,37.75712966918945,2649600,0.0,0.0,0.0
2017-01-24 00:00:00-05:00,37.766217794333784,37.920697766924754,37.748043068180515,37.902523040771484,1068400,0.0,0.0,0.0
2017-01-25 00:00:00-05:00,37.94796504021288,37.96613976967911,37.89344431828939,37.957054138183594,1869100,0.0,0.0,0.0
2017-01-26 00:00:00-05:00,37.8661791680961,37.97522754108416,37.8661791680961,37.94796371459961,1350400,0.0,0.0,0.0
2017-01-27 00:00:00-05:00,37.9297914747689,37.96613746501985,37.84800693037303,37.93887710571289,2714200,0.0,0.0,0.0
2017-01-30 00:00:00-05:00,37.83892289493809,37.8843579886862,37.68444288289944,37.85709762573242,1546700,0.0,0.0,0.0
2017-01-31 00:00:00-05:00,37.81165393766676,38.00248336791992,37.748044127582375,38.00248336791992,2657900,0.0,0.0,0.0
2017-02-01 00:00:00-05:00,37.91161972201282,37.91161972201282,37.58448151875294,37.65717697143555,2974300,0.0,0.0,0.0
2017-02-02 00:00:00-05:00,37.657174728570666,37.88435363769531,37.593564911333765,37.88435363769531,2446700,0.0,0.0,0.0
2017-02-03 00:00:00-05:00,37.993406941243734,38.129712224525065,37.957057479111846,38.075191497802734,2035200,0.0,0.0,0.0
2017-02-06 00:00:00-05:00,38.0297602729866,38.04793500755852,37.91162969798337,37.92071533203125,2015900,0.0,0.0,0.0
2017-02-07 00:00:00-05:00,37.98432716249112,38.05702610459266,37.93889205691583,38.029762268066406,1121400,0.0,0.0,0.0
2017-02-08 00:00:00-05:00,37.984298857737045,38.229652404785156,37.984298857737045,38.229652404785156,1441300,0.0,0.0,0.0
2017-02-09 00:00:00-05:00,38.23875320961169,38.356883738962296,38.16605429941916,38.29327392578125,1959900,0.0,0.0,0.0
2017-02-10 00:00:00-05:00,38.30234994689247,38.51135404263259,38.27508613164035,38.49317932128906,1593700,0.0,0.0,0.0
2017-02-13 00:00:00-05:00,38.48410299263582,38.66584679988226,38.48410299263582,38.656761169433594,1647900,0.0,0.0,0.0
2017-02-14 00:00:00-05:00,38.57497202472295,38.629492733856274,38.438663318940876,38.62040710449219,1210200,0.0,0.0,0.0
2017-02-15 00:00:00-05:00,38.527549442723384,38.77335417006415,38.4729250123649,38.75514602661133,1829600,0.078,0.0,0.0
2017-02-16 00:00:00-05:00,38.746063548032794,38.946346282958984,38.700541429647245,38.946346282958984,2923900,0.0,0.0,0.0
2017-02-17 00:00:00-05:00,38.88259701986204,39.04646682739258,38.84618073533346,39.04646682739258,1607200,0.0,0.0,0.0
2017-02-21 00:00:00-05:00,39.03736088000969,39.292267902423504,39.028255073296215,39.264957427978516,3216200,0.0,0.0,0.0
2017-02-22 00:00:00-05:00,39.20124056827741,39.31958830264637,39.155718468913946,39.3013801574707,1416700,0.0,0.0,0.0
2017-02-23 00:00:00-05:00,39.3833246152863,39.53809215034895,39.310495489788735,39.46525955200195,3680000,0.0,0.0,0.0
2017-02-24 00:00:00-05:00,39.40153545185667,39.72017288208008,39.40153545185667,39.72017288208008,2899000,0.0,0.0,0.0
2017-02-27 00:00:00-05:00,39.70194922688992,39.70194922688992,39.5835980291482,39.61090850830078,1441800,0.0,0.0,0.0
2017-02-28 00:00:00-05:00,39.583611949077,39.72017133855888,39.583611949077,39.65644454956055,1679700,0.0,0.0,0.0
2017-03-01 00:00:00-05:00,39.75657287213934,40.04789971846557,39.720160055091036,39.975067138671875,3021200,0.0,0.0,0.0
2017-03-02 00:00:00-05:00,39.92044233157702,40.02058539143526,39.838507416497414,39.87492370605469,3709600,0.0,0.0,0.0
2017-03-03 00:00:00-05:00,39.86583246676372,39.884040616610605,39.64733814145059,39.7747917175293,2409100,0.0,0.0,0.0
2017-03-06 00:00:00-05:00,39.65643585512173,39.75657544955728,39.62001956286401,39.683746337890625,1266100,0.0,0.0,0.0
2017-03-07 00:00:00-05:00,39.63821364559332,39.701940398010066,39.61089969966647,39.647315979003906,1391500,0.0,0.0,0.0
2017-03-08 00:00:00-05:00,39.574513351365255,39.638240146387595,39.42885160947851,39.43795394897461,2246500,0.0,0.0,0.0
2017-03-09 00:00:00-05:00,39.44705487526464,39.54719448871761,39.35601412733089,39.46525955200195,2228600,0.0,0.0,0.0
2017-03-10 00:00:00-05:00,39.610922437833565,39.65644454956055,39.47436652120122,39.65644454956055,1483200,0.0,0.0,0.0
2017-03-13 00:00:00-04:00,39.629132127937815,39.72017288208008,39.56540533646307,39.72017288208008,1635000,0.0,0.0,0.0
2017-03-14 00:00:00-04:00,39.638222460301684,39.67463874773734,39.55628754999561,39.61090850830078,1899300,0.0,0.0,0.0
2017-03-15 00:00:00-04:00,39.682050303356206,40.10158279907493,39.682050303356206,40.019500732421875,1814800,0.078,0.0,0.0
2017-03-16 00:00:00-04:00,40.01951208343537,40.03775293443045,39.79150666462674,39.84622573852539,1402700,0.0,0.0,0.0
2017-03-17 00:00:00-04:00,39.91005203503545,40.13805736847828,39.91005203503545,39.99213409423828,1375900,0.0,0.0,0.0
2017-03-20 00:00:00-04:00,40.05597270322275,40.05597270322275,39.8553303886249,39.91004943847656,947600,0.0,0.0,0.0
2017-03-21 00:00:00-04:00,39.96476272409626,40.05596343881222,39.764116976820034,39.77323913574219,3088000,0.0,0.0,0.0
2017-03-22 00:00:00-04:00,39.82798488753031,39.91006697746488,39.71854326064641,39.84622573852539,2386300,0.0,0.0,0.0
2017-03-23 00:00:00-04:00,39.80061721801758,40.02862259023728,39.73677599212293,39.80061721801758,1998700,0.0,0.0,0.0
2017-03-24 00:00:00-04:00,39.8370884897398,39.919170541426716,39.64556486216532,39.745887756347656,2922800,0.0,0.0,0.0
2017-03-27 00:00:00-04:00,39.59083592771461,39.7002774858913,39.49051304976747,39.66379928588867,1601700,0.0,0.0,0.0
2017-03-28 00:00:00-04:00,39.58172918368088,39.84621273910804,39.536125331527664,39.782371520996094,2012100,0.0,0.0,0.0
2017-03-29 00:00:00-04:00,39.72766463543912,39.72766463543912,39.60910084587282,39.654701232910156,1428500,0.0,0.0,0.0
2017-03-30 00:00:00-04:00,39.636452048602806,39.74589712938512,39.56349214050039,39.709415435791016,1543800,0.0,0.0,0.0
2017-03-31 00:00:00-04:00,39.6729207399477,39.773243624909156,39.64556121826172,39.64556121826172,1572600,0.0,0.0,0.0
2017-04-03 00:00:00-04:00,39.66380708957979,39.67292577160341,39.42667960794462,39.56348419189453,2653500,0.0,0.0,0.0
2017-04-04 00:00:00-04:00,39.55436255288851,39.6364446085249,39.490521340625236,39.60908508300781,922700,0.0,0.0,0.0
2017-04-05 00:00:00-04:00,39.68203837787131,39.85532462155384,39.57259681491914,39.6273193359375,2599900,0.0,0.0,0.0
2017-04-06 00:00:00-04:00,39.599971771240234,39.69117600848727,39.53613054471026,39.599971771240234,1038900,0.0,0.0,0.0
2017-04-07 00:00:00-04:00,39.627327665577646,39.70028756318703,39.57260513305664,39.57260513305664,1185900,0.0,0.0,0.0
2017-04-10 00:00:00-04:00,39.59997209544486,39.745898876234826,39.554371715990975,39.672935485839844,1174800,0.0,0.0,0.0
2017-04-11 00:00:00-04:00,39.61821294304361,39.69117633343859,39.51789349987943,39.672935485839844,1465500,0.0,0.0,0.0
2017-04-12 00:00:00-04:00,39.636453790642356,39.672935485839844,39.563493879333315,39.672935485839844,1160200,0.0,0.0,0.0
2017-04-13 00:00:00-04:00,39.59981752502455,39.672911822185704,39.46276092529297,39.46276092529297,1597900,0.08,0.0,0.0
2017-04-17 00:00:00-04:00,39.55414519027189,39.80084505356511,39.55414519027189,39.79170608520508,2044100,0.0,0.0,0.0
2017-04-18 00:00:00-04:00,39.72774624593765,39.84652843315378,39.718610763303374,39.81911849975586,1337800,0.0,0.0,0.0
2017-04-19 00:00:00-04:00,39.88307819952158,39.910488133513866,39.67292375393018,39.70947265625,1564700,0.0,0.0,0.0
2017-04-20 00:00:00-04:00,39.76430699191042,39.90136018521862,39.627250313106096,39.86481475830078,1261000,0.0,0.0,0.0
2017-04-21 00:00:00-04:00,39.828252649457326,39.947034832698165,39.79170374915323,39.846527099609375,1873300,0.0,0.0,0.0
2017-04-24 00:00:00-04:00,40.07496274096725,40.18460598440813,40.011003891835415,40.157196044921875,2429400,0.0,0.0,0.0
2017-04-25 00:00:00-04:00,40.19374478477167,40.33079796711983,40.16633135990536,40.275978088378906,1232700,0.0,0.0,0.0
2017-04-26 00:00:00-04:00,40.26684030224506,40.34907360827024,40.129783630371094,40.129783630371094,2011300,0.0,0.0,0.0
2017-04-27 00:00:00-04:00,40.193756510525155,40.34908419293276,40.15720759037153,40.23944091796875,1578100,0.0,0.0,0.0
2017-04-28 00:00:00-04:00,40.23028465454162,40.23028465454162,40.02013368222471,40.05668258666992,1333300,0.0,0.0,0.0
2017-05-01 00:00:00-04:00,40.13892516782608,40.15719962427774,39.94704860332792,39.992733001708984,1878000,0.0,0.0,0.0
2017-05-02 00:00:00-04:00,40.01100704142241,40.056691439327636,39.91963476011581,39.94704818725586,1012500,0.0,0.0,0.0
2017-05-03 00:00:00-04:00,39.901358843202466,39.937907754387176,39.80999005073671,39.8922233581543,1347400,0.0,0.0,0.0
2017-05-04 00:00:00-04:00,39.93791641771126,40.148067474365234,39.93791641771126,40.148067474365234,1675100,0.0,0.0,0.0
2017-05-05 00:00:00-04:00,40.19374211484174,40.33079528808594,40.17546766131006,40.33079528808594,1383600,0.0,0.0,0.0
2017-05-08 00:00:00-04:00,40.321659248248494,40.3307947321406,40.16632813811818,40.202877044677734,1281100,0.0,0.0,0.0
2017-05-09 00:00:00-04:00,40.21201962620966,40.23029408271498,40.03841751765343,40.07496643066406,1363500,0.0,0.0,0.0
2017-05-10 00:00:00-04:00,40.06582787503287,40.12065124511719,40.020143476044055,40.12065124511719,1827600,0.0,0.0,0.0
2017-05-11 00:00:00-04:00,40.011011686033626,40.065831575685124,39.85568053252913,40.038421630859375,1671700,0.0,0.0,0.0
2017-05-12 00:00:00-04:00,40.001858375933246,40.03840727959811,39.94703850593124,39.96531295776367,1430400,0.0,0.0,0.0
2017-05-15 00:00:00-04:00,39.99551707263869,40.17860551805227,39.97720787888517,40.16945266723633,1361500,0.083,0.0,0.0
2017-05-16 00:00:00-04:00,40.178617723131545,40.19692692244686,39.96806716918945,39.96806716918945,1078200,0.0,0.0,0.0
2017-05-17 00:00:00-04:00,39.80329895019531,39.96807829779117,39.784989745782035,39.80329895019531,2008900,0.0,0.0,0.0
2017-05-18 00:00:00-04:00,39.80328165721726,40.07791261985266,39.711739167046176,39.95890808105469,2142100,0.0,0.0,0.0
2017-05-19 00:00:00-04:00,39.98636912700663,40.215228838817744,39.913132343008485,40.13283920288086,937800,0.0,0.0,0.0
2017-05-22 00:00:00-04:00,40.21524584997446,40.48987692189306,40.169474586675285,40.4532585144043,1694700,0.0,0.0,0.0
2017-05-23 00:00:00-04:00,40.49901441529644,40.6180189460464,40.489858071625264,40.5081672668457,1864600,0.0,0.0,0.0
2017-05-24 00:00:00-04:00,40.55394892542344,40.700419032686966,40.55394892542344,40.68210983276367,1146800,0.0,0.0,0.0
2017-05-25 00:00:00-04:00,40.773634914229525,40.98418536714419,40.71870734263921,40.947566986083984,1480400,0.0,0.0,0.0
2017-05-26 00:00:00-04:00,40.947587454609874,40.984205853974565,40.910969055245175,40.93843460083008,933200,0.0,0.0,0.0
2017-05-30 00:00:00-04:00,40.8835031018708,41.02082034032823,40.846884705999166,40.99335479736328,1428100,0.0,0.0,0.0
2017-05-31 00:00:00-04:00,41.057433201886106,41.16728838403684,41.02081829995813,41.14897918701172,1440500,0.0,0.0,0.0
2017-06-01 00:00:00-04:00,41.185599448402144,41.44192123413086,41.13982470770279,41.44192123413086,1477600,0.0,0.0,0.0
2017-06-02 00:00:00-04:00,41.49683999922128,41.5792261338586,41.414450372462284,41.53345489501953,1281600,0.0,0.0,0.0
2017-06-05 00:00:00-04:00,41.496842541774896,41.58838502506194,41.45106780800948,41.46022415161133,1189600,0.0,0.0,0.0
2017-06-06 00:00:00-04:00,41.40530516709722,41.432767219363384,41.295453465909944,41.31376266479492,581000,0.0,0.0,0.0
2017-06-07 00:00:00-04:00,41.35952484325111,41.41445242785705,41.29544440727177,41.35036849975586,620100,0.0,0.0,0.0
2017-06-08 00:00:00-04:00,41.35035936453302,41.38697774618049,41.07572848641915,41.19473648071289,778000,0.0,0.0,0.0
2017-06-09 00:00:00-04:00,41.18560176472266,41.3229155181761,41.15813622033388,41.31376266479492,2081000,0.0,0.0,0.0
2017-06-12 00:00:00-04:00,41.295453465909944,41.368686769327255,41.24968221475879,41.31376266479492,1254300,0.0,0.0,0.0
2017-06-13 00:00:00-04:00,41.350368940309636,41.53345739882491,41.3137540423041,41.48768615722656,1211000,0.0,0.0,0.0
2017-06-14 00:00:00-04:00,41.597549712290665,41.652477313164574,41.48769800266574,41.62501525878906,1157900,0.0,0.0,0.0
2017-06-15 00:00:00-04:00,41.47185478069318,41.75615759770601,41.44433900918543,41.72864532470703,1467700,0.083,0.0,0.0
2017-06-16 00:00:00-04:00,41.75616361137201,41.77450629551594,41.61859872805645,41.74699401855469,1156600,0.0,0.0,0.0
2017-06-19 00:00:00-04:00,41.82035275379512,41.90289306640625,41.756155121598525,41.90289306640625,833000,0.0,0.0,0.0
2017-06-20 00:00:00-04:00,41.85703523838118,41.893720596689384,41.68278503417969,41.68278503417969,3254400,0.0,0.0,0.0
2017-06-21 00:00:00-04:00,41.71946776835557,41.73780694784782,41.481016452859016,41.499359130859375,1020700,0.0,0.0,0.0
2017-06-22 00:00:00-04:00,41.56354320754122,41.56354320754122,41.35260772705078,41.35260772705078,838200,0.0,0.0,0.0
2017-06-23 00:00:00-04:00,41.398484893788094,41.49019830315824,41.31594457460938,41.38014221191406,524400,0.0,0.0,0.0
2017-06-26 00:00:00-04:00,41.45350741149332,41.545217310124904,41.42599164309714,41.462677001953125,1001600,0.0,0.0,0.0
2017-06-27 00:00:00-04:00,41.40764582307206,41.453500765035685,41.16002493825908,41.178367614746094,1424700,0.0,0.0,0.0
2017-06-28 00:00:00-04:00,41.27008429236815,41.4351649094183,41.27008429236815,41.33428192138672,803800,0.0,0.0,0.0
2017-06-29 00:00:00-04:00,41.27007979795542,41.27007979795542,40.719813466719216,40.8757209777832,2488600,0.0,0.0,0.0
2017-06-30 00:00:00-04:00,41.004118259079725,41.1416865979777,40.949093722327085,41.0224609375,1310900,0.0,0.0,0.0
2017-07-03 00:00:00-04:00,41.12335665050032,41.28843730888019,41.031646728515625,41.031646728515625,1203300,0.0,0.0,0.0
2017-07-05 00:00:00-04:00,41.08665856271688,41.1416865979777,40.98577558065945,41.0224609375,1351900,0.0,0.0,0.0
2017-07-06 00:00:00-04:00,40.921580863144804,40.94909663198446,40.7289879738094,40.756500244140625,604600,0.0,0.0,0.0
2017-07-07 00:00:00-04:00,40.75651318599267,41.04998915774435,40.75651318599267,40.994964599609375,2219900,0.0,0.0,0.0
2017-07-10 00:00:00-04:00,40.95827426435515,41.022471906738204,40.90324621438005,40.92158889770508,1127400,0.0,0.0,0.0
2017-07-11 00:00:00-04:00,40.894071382026354,40.903240973259365,40.6647931176056,40.81153106689453,554200,0.0,0.0,0.0
2017-07-12 00:00:00-04:00,41.004121041593905,41.13251630074048,40.949096501107334,41.077491760253906,1208200,0.0,0.0,0.0
2017-07-13 00:00:00-04:00,41.05915900540918,41.09584437360677,40.958275992120456,41.031646728515625,541500,0.0,0.0,0.0
2017-07-14 00:00:00-04:00,41.10789619019227,41.273280114367466,41.07114264925974,41.190589904785156,1040900,0.083,0.0,0.0
2017-07-17 00:00:00-04:00,41.19977539081922,41.2732789656279,41.1354584484827,41.254905700683594,1105500,0.0,0.0,0.0
2017-07-18 00:00:00-04:00,41.19059796721463,41.28247833251953,41.15384441908816,41.28247833251953,749700,0.0,0.0,0.0
2017-07-19 00:00:00-04:00,41.29163846834055,41.42946243286133,41.24569831516997,41.42946243286133,1249900,0.0,0.0,0.0
2017-07-20 00:00:00-04:00,41.39273580347076,41.502992943722134,41.355982255049874,41.47542953491211,811900,0.0,0.0,0.0
2017-07-21 00:00:00-04:00,41.37435354248385,41.54893112182617,41.355976770710406,41.54893112182617,1177300,0.0,0.0,0.0
2017-07-24 00:00:00-04:00,41.53056261861601,41.53056261861601,41.38355192017005,41.43867874145508,624600,0.0,0.0,0.0
2017-07-25 00:00:00-04:00,41.51217682310649,41.521363456320685,41.39272956125745,41.45704650878906,2501600,0.0,0.0,0.0
2017-07-26 00:00:00-04:00,41.49380449532539,41.49380449532539,41.35598044727734,41.40192413330078,770500,0.0,0.0,0.0
2017-07-27 00:00:00-04:00,41.46623740135108,41.54893112182617,41.37435354248385,41.54893112182617,3253900,0.0,0.0,0.0
2017-07-28 00:00:00-04:00,41.466240681213364,41.55812104233724,41.33760677363549,41.50299072265625,1312000,0.0,0.0,0.0
2017-07-31 00:00:00-04:00,41.53973411655478,41.631617960232816,41.53054748469211,41.58567428588867,2080300,0.0,0.0,0.0
2017-08-01 00:00:00-04:00,41.668355953918564,41.705109480770986,41.567289012588255,41.6959228515625,1687700,0.0,0.0,0.0
2017-08-02 00:00:00-04:00,41.649982695501585,41.71429961498871,41.55809887837053,41.6959228515625,1115200,0.0,0.0,0.0
2017-08-03 00:00:00-04:00,41.71431373463905,41.79700744554293,41.66837005801768,41.76025390625,1297200,0.0,0.0,0.0
2017-08-04 00:00:00-04:00,41.81537712225243,41.842944026861986,41.67755661924513,41.806190490722656,778800,0.0,0.0,0.0
2017-08-07 00:00:00-04:00,41.79700225564589,41.815375518000536,41.74187195355198,41.77862548828125,650500,0.0,0.0,0.0
2017-08-08 00:00:00-04:00,41.76025199482446,41.824568933137996,41.64999488700272,41.73268508911133,1032700,0.0,0.0,0.0
2017-08-09 00:00:00-04:00,41.65918342569966,41.76025390625,41.62242988640673,41.76025390625,789700,0.0,0.0,0.0
2017-08-10 00:00:00-04:00,41.65918717907842,41.705127354828456,41.512176513671875,41.512176513671875,1477500,0.0,0.0,0.0
2017-08-11 00:00:00-04:00,41.53973969430382,41.63162355031956,41.4478593432988,41.46623611450195,832200,0.0,0.0,0.0
2017-08-14 00:00:00-04:00,41.64080847565759,41.84294944559136,41.64080847565759,41.83375930786133,1197000,0.0,0.0,0.0
2017-08-15 00:00:00-04:00,41.85585427778558,41.929493715332896,41.782211328749185,41.88346862792969,1201500,0.084,0.0,0.0
2017-08-16 00:00:00-04:00,41.911078681980264,42.10438964764092,41.911078681980264,42.0583610534668,1476300,0.0,0.0,0.0
2017-08-17 00:00:00-04:00,41.95711125538523,42.02154707955366,41.55208206176758,41.55208206176758,1471400,0.0,0.0,0.0
2017-08-18 00:00:00-04:00,41.524464414450364,41.690157523865814,41.44161785974264,41.47843933105469,1330500,0.0,0.0,0.0
2017-08-21 00:00:00-04:00,41.515268988652956,41.66255140391221,41.404808055080956,41.607322692871094,1493300,0.0,0.0,0.0
2017-08-22 00:00:00-04:00,41.67175499200301,41.957116183616435,41.67175499200301,41.93870544433594,1335700,0.0,0.0,0.0
2017-08-23 00:00:00-04:00,41.80061315407115,41.83743462073897,41.74538095406942,41.77299880981445,1087200,0.0,0.0,0.0
2017-08-24 00:00:00-04:00,41.800615885017706,41.80981949654179,41.588897705078125,41.588897705078125,1149100,0.0,0.0,0.0
2017-08-25 00:00:00-04:00,41.71776986989394,41.84664150181379,41.71776986989394,41.745384216308594,611200,0.0,0.0,0.0
2017-08-28 00:00:00-04:00,41.7730015790474,41.80981953666764,41.61651209107927,41.690155029296875,1673100,0.0,0.0,0.0
2017-08-29 00:00:00-04:00,41.57968886567567,41.78220342573146,41.57968886567567,41.75458908081055,730000,0.0,0.0,0.0
2017-08-30 00:00:00-04:00,41.7361783470338,41.837435627061694,41.69935687948031,41.75458908081055,927000,0.0,0.0,0.0
2017-08-31 00:00:00-04:00,41.84664614648531,41.94790344322933,41.809824672853125,41.901878356933594,1358000,0.0,0.0,0.0
2017-09-01 00:00:00-04:00,41.9755188027361,41.9939295399952,41.86505789067059,41.88346862792969,1425900,0.0,0.0,0.0
2017-09-05 00:00:00-04:00,41.8006161335574,41.8006161335574,41.52446213684157,41.616512298583984,1545900,0.0,0.0,0.0
2017-09-06 00:00:00-04:00,41.69936703947987,41.736188516004866,41.625727597919145,41.64413833618164,888000,0.0,0.0,0.0
2017-09-07 00:00:00-04:00,41.72697670646119,41.72697670646119,41.53366574842038,41.616512298583984,672000,0.0,0.0,0.0
2017-09-08 00:00:00-04:00,41.56127535748465,41.94789017385781,41.53365750525236,41.86504364013672,998000,0.0,0.0,0.0
2017-09-11 00:00:00-04:00,42.04915930331723,42.297698974609375,42.04915930331723,42.297698974609375,1924600,0.0,0.0,0.0
2017-09-12 00:00:00-04:00,42.3161124940362,42.343726844388634,42.12280150710183,42.2148551940918,997000,0.0,0.0,0.0
2017-09-13 00:00:00-04:00,42.178044920405355,42.178044920405355,42.0675839781717,42.085994720458984,1518800,0.0,0.0,0.0
2017-09-14 00:00:00-04:00,42.02154312951333,42.17802911307292,42.003132394125956,42.15961837768555,510400,0.0,0.0,0.0
2017-09-15 00:00:00-04:00,42.16883059148332,42.270084381103516,42.095187641044106,42.270084381103516,1002000,0.0,0.0,0.0
2017-09-18 00:00:00-04:00,42.319892821749036,42.338337302904016,42.17234049043425,42.32911682128906,2039300,0.084,0.0,0.0
2017-09-19 00:00:00-04:00,42.33833312988281,42.35677760921984,42.27377921116558,42.33833312988281,866300,0.0,0.0,0.0
2017-09-20 00:00:00-04:00,42.34755778451897,42.402891227983915,42.20922945274421,42.32911682128906,774900,0.0,0.0,0.0
2017-09-21 00:00:00-04:00,42.31989230292269,42.39367022663813,42.1907844543457,42.1907844543457,651300,0.0,0.0,0.0
2017-09-22 00:00:00-04:00,42.21844941677648,42.31989230292269,42.13545101155913,42.1907844543457,822200,0.0,0.0,0.0
2017-09-25 00:00:00-04:00,42.13544975590835,42.246116638183594,42.015565910330885,42.246116638183594,790600,0.0,0.0,0.0
2017-09-26 00:00:00-04:00,42.23688022024003,42.23688022024003,42.126216888427734,42.126216888427734,679700,0.0,0.0,0.0
2017-09-27 00:00:00-04:00,42.181552745945986,42.20921770101355,41.96022255163319,42.024776458740234,1178400,0.0,0.0,0.0
2017-09-28 00:00:00-04:00,41.98789655250238,42.144672873483756,41.96945207250899,42.11700439453125,666800,0.0,0.0,0.0
2017-09-29 00:00:00-04:00,42.13544636772675,42.22766876220703,42.098560927859275,42.22766876220703,1001900,0.0,0.0,0.0
2017-10-02 00:00:00-04:00,42.27378521064884,42.40289306640625,42.21845176478485,42.40289306640625,2186200,0.0,0.0,0.0
2017-10-03 00:00:00-04:00,42.44900167079677,42.44900167079677,42.30144933600986,42.439781188964844,1188200,0.0,0.0,0.0
2017-10-04 00:00:00-04:00,42.39366471935094,42.56888198852539,42.34755176405673,42.56888198852539,1150400,0.0,0.0,0.0
2017-10-05 00:00:00-04:00,42.60576927802086,42.679543671339864,42.55043584458827,42.64265823364258,816700,0.0,0.0,0.0
2017-10-06 00:00:00-04:00,42.57810586553743,42.63343930555002,42.54122042345389,42.58732986450195,657500,0.0,0.0,0.0
2017-10-09 00:00:00-04:00,42.6518914892506,42.679556455291255,42.541228107162496,42.5781135559082,1159000,0.0,0.0,0.0
2017-10-10 00:00:00-04:00,42.66109598934717,42.77176284790039,42.63343103367095,42.77176284790039,958200,0.0,0.0,0.0
2017-10-11 00:00:00-04:00,42.78099315713027,42.8547710797847,42.744104195803054,42.836326599121094,1002200,0.0,0.0,0.0
2017-10-12 00:00:00-04:00,42.799435190703264,42.97465247010188,42.799435190703264,42.937767028808594,537100,0.0,0.0,0.0
2017-10-13 00:00:00-04:00,43.02996644033953,43.1037443253954,42.91007913608535,42.94696807861328,788600,0.0,0.0,0.0
2017-10-16 00:00:00-04:00,42.946987509650725,42.98387646886878,42.817879670312294,42.937767028808594,670900,0.0,0.0,0.0
2017-10-17 00:00:00-04:00,42.92854690551758,42.965435868065875,42.81788353579778,42.92854690551758,574500,0.0,0.0,0.0
2017-10-18 00:00:00-04:00,42.9654247704479,42.983869246957994,42.85476142931154,42.919315338134766,459300,0.0,0.0,0.0
2017-10-19 00:00:00-04:00,42.8824227819925,43.0853084886322,42.836313353553635,43.066864013671875,1105500,0.0,0.0,0.0
2017-10-20 00:00:00-04:00,43.14987628288652,43.26976013183594,43.08532235870605,43.26976013183594,855700,0.0,0.0,0.0
2017-10-23 00:00:00-04:00,43.27344886793864,43.27344886793864,43.18106460571289,43.18106460571289,632700,0.084,0.0,0.0
2017-10-24 00:00:00-04:00,43.24572720294748,43.29191932648605,43.15333943163721,43.19953155517578,479300,0.0,0.0,0.0
2017-10-25 00:00:00-04:00,43.15333761064141,43.16257814949906,42.848466788765336,43.02399826049805,679100,0.0,0.0,0.0
2017-10-26 00:00:00-04:00,43.18106460571289,43.30116344175963,43.13486895036631,43.18106460571289,720800,0.0,0.0,0.0
2017-10-27 00:00:00-04:00,43.171824064950094,43.236493753354864,43.05172170466965,43.18106460571289,2996400,0.0,0.0,0.0
2017-10-30 00:00:00-04:00,43.17181730785129,43.17181730785129,42.950093703519386,42.98704528808594,1246800,0.0,0.0,0.0
2017-10-31 00:00:00-04:00,43.04247795128549,43.05171496636884,42.931616149119534,42.98704528808594,828200,0.0,0.0,0.0
2017-11-01 00:00:00-04:00,43.13486640022436,43.19953608480585,43.06095969965988,43.079437255859375,1713400,0.0,0.0,0.0
2017-11-02 00:00:00-04:00,43.12564172879183,43.22726655486202,42.977824761117326,43.190311431884766,965100,0.0,0.0,0.0
2017-11-03 00:00:00-04:00,43.16257946845996,43.291918822555665,43.07943223736513,43.22724914550781,729600,0.0,0.0,0.0
2017-11-06 00:00:00-05:00,43.190296968295556,43.27344420503273,43.125627286859235,43.16258239746094,657400,0.0,0.0,0.0
2017-11-07 00:00:00-05:00,43.22725471493349,43.365831101790405,43.181062585981174,43.35659408569336,760500,0.0,0.0,0.0
2017-11-08 00:00:00-05:00,43.32889049384789,43.495185019606424,43.32889049384789,43.476707458496094,805300,0.0,0.0,0.0
2017-11-09 00:00:00-05:00,43.31041255692268,43.40279683743825,43.18107315450711,43.33812713623047,1237800,0.0,0.0,0.0
2017-11-10 00:00:00-05:00,43.26422207761818,43.42127606537099,43.22726695429945,43.375083923339844,831200,0.0,0.0,0.0
2017-11-13 00:00:00-05:00,43.301169452637915,43.578325802022505,43.19954463554225,43.54137420654297,1393700,0.0,0.0,0.0
2017-11-14 00:00:00-05:00,43.42126308580437,43.78156661987305,43.36583041739631,43.78156661987305,917600,0.0,0.0,0.0
2017-11-15 00:00:00-05:00,43.63374364617009,43.65222119974461,43.43049408108339,43.46744918823242,1017000,0.0,0.0,0.0
2017-11-16 00:00:00-05:00,43.5690812293591,43.716898158348464,43.55060367270623,43.633750915527344,871200,0.0,0.0,0.0
2017-11-17 00:00:00-05:00,43.550607046115324,43.60603972036771,43.44898223876953,43.44898223876953,1457800,0.0,0.0,0.0
2017-11-20 00:00:00-05:00,43.48044495923915,43.6007622078961,43.46193434171198,43.572998046875,1145400,0.084,0.0,0.0
2017-11-21 00:00:00-05:00,43.6840515387414,43.83213292576607,43.65628385142888,43.785858154296875,556300,0.0,0.0,0.0
2017-11-22 00:00:00-05:00,43.79512063067594,43.804377705181494,43.58225381406135,43.6285285949707,1163000,0.0,0.0,0.0
2017-11-24 00:00:00-05:00,43.71182541303197,43.776610813598936,43.66555063127549,43.702571868896484,148400,0.0,0.0,0.0
2017-11-27 00:00:00-05:00,43.730333136528046,43.850650385560506,43.71182251894311,43.813629150390625,1627800,0.0,0.0,0.0
2017-11-28 00:00:00-05:00,43.90618683104873,44.20234970612353,43.850658498559675,44.19309616088867,1242600,0.0,0.0,0.0
2017-11-29 00:00:00-05:00,44.21160506631378,44.359686498105035,44.21160506631378,44.313411712646484,1092300,0.0,0.0,0.0
2017-11-30 00:00:00-05:00,44.39669645555472,44.794665864328586,44.387439382491735,44.65583801269531,1887600,0.0,0.0,0.0
2017-12-01 00:00:00-05:00,44.68361705914843,44.7669130917744,44.06352711779738,44.517024993896484,2139900,0.0,0.0,0.0
2017-12-04 00:00:00-05:00,44.73915012423744,44.868720949454904,44.526283264160156,44.526283264160156,1550700,0.0,0.0,0.0
2017-12-05 00:00:00-05:00,44.55404484206333,44.64659794793811,44.21160717667661,44.23011779785156,887800,0.0,0.0,0.0
2017-12-06 00:00:00-05:00,44.341175877813654,44.36894004298082,44.22085861118956,44.313411712646484,769400,0.0,0.0,0.0
2017-12-07 00:00:00-05:00,44.2856440169395,44.359686498105035,44.21160506631378,44.313411712646484,1236400,0.0,0.0,0.0
2017-12-08 00:00:00-05:00,44.42446097859087,44.4892463684082,44.29489019895622,44.4892463684082,987300,0.0,0.0,0.0
2017-12-11 00:00:00-05:00,44.49851658770154,44.57255554199219,44.415220557537054,44.57255554199219,1588100,0.0,0.0,0.0
2017-12-12 00:00:00-05:00,44.58179538777765,44.6095630763264,44.38743922063093,44.41520690917969,767100,0.0,0.0,0.0
2017-12-13 00:00:00-05:00,44.46148168270906,44.563288302797034,44.396696293660156,44.41520690917969,1519100,0.0,0.0,0.0
2017-12-14 00:00:00-05:00,44.44297023097376,44.47073438846121,44.230103452312704,44.239356994628906,1105100,0.0,0.0,0.0
2017-12-15 00:00:00-05:00,44.37820980522644,44.665115675413915,44.37820980522644,44.56331253051758,1146900,0.0,0.0,0.0
2017-12-18 00:00:00-05:00,44.73477467845616,44.79966467708983,44.53084731148969,44.55865478515625,1243100,0.075,0.0,0.0
2017-12-19 00:00:00-05:00,44.62354280323538,44.62354280323538,44.26203148878042,44.28057098388672,1470900,0.0,0.0,0.0
2017-12-20 00:00:00-05:00,44.39182232284892,44.401093842165075,44.12300483945726,44.141544342041016,1755300,0.0,0.0,0.0
2017-12-21 00:00:00-05:00,44.169350668077186,44.23423715219765,43.956148179054864,43.98395919799805,1138500,0.0,0.0,0.0
2017-12-22 00:00:00-05:00,43.99321746826172,44.08591495086132,43.93760251474936,43.99321746826172,1198600,0.0,0.0,0.0
2017-12-26 00:00:00-05:00,43.99322516871033,44.10446216730046,43.956146169180286,43.97468566894531,837600,0.0,0.0,0.0
2017-12-27 00:00:00-05:00,44.021050564785625,44.16009155436561,44.021050564785625,44.12301254272461,1145000,0.0,0.0,0.0
2017-12-28 00:00:00-05:00,44.197145023931945,44.28057098388672,44.12298704350676,44.28057098388672,1458800,0.0,0.0,0.0
2017-12-29 00:00:00-05:00,44.36400291978893,44.38254241739255,44.17861147980038,44.252769470214844,1379900,0.0,0.0,0.0
2018-01-02 00:00:00-05:00,44.28057869056358,44.29911818889653,43.872720335382,43.93760681152344,1366300,0.0,0.0,0.0
2018-01-03 00:00:00-05:00,43.928340060149125,44.104463545396,43.90053257765672,44.07665252685547,1435900,0.0,0.0,0.0
2018-01-04 00:00:00-05:00,44.16007218870141,44.39181060575887,44.06737823629748,44.19715118408203,1218500,0.0,0.0,0.0
2018-01-05 00:00:00-05:00,44.28057044056502,44.36399639949616,44.187872966170936,44.3547248840332,1105200,0.0,0.0,0.0
2018-01-08 00:00:00-05:00,44.289843483129516,44.521581891536094,44.28057550265415,44.4937744140625,1552300,0.0,0.0,0.0
2018-01-09 00:00:00-05:00,44.54938734838648,44.62354179108256,44.46596139032398,44.484500885009766,700800,0.0,0.0,0.0
2018-01-10 00:00:00-05:00,44.39179696023622,44.39179696023622,44.16005861441244,44.224945068359375,1207500,0.0,0.0,0.0
2018-01-11 00:00:00-05:00,44.299119704631586,44.373274164452894,44.23423322627,44.326927185058594,1185100,0.0,0.0,0.0
2018-01-12 00:00:00-05:00,44.373275615111034,44.521588075650165,44.26204215371869,44.41035461425781,1280900,0.0,0.0,0.0
2018-01-16 00:00:00-05:00,44.5771958334932,44.697700783660565,44.22495249856782,44.28057098388672,1618300,0.0,0.0,0.0
2018-01-17 00:00:00-05:00,44.46596384273058,44.771856681799115,44.410345355605735,44.70697021484375,1884300,0.0,0.0,0.0
2018-01-18 00:00:00-05:00,44.67916564253863,44.72551261679732,44.43815571871749,44.54939270019531,904200,0.0,0.0,0.0
2018-01-19 00:00:00-05:00,44.660623243596675,44.78112819767688,44.62354425218011,44.70697021484375,1560200,0.0,0.0,0.0
2018-01-22 00:00:00-05:00,44.738541848467186,44.87779998779297,44.71069163719467,44.87779998779297,1281100,0.074,0.0,0.0
2018-01-23 00:00:00-05:00,44.877796214835314,45.06347253783235,44.83137801945638,44.989200592041016,1607800,0.0,0.0,0.0
2018-01-24 00:00:00-05:00,45.10988330614467,45.16558725631685,44.9242070137181,45.0634651184082,1975800,0.0,0.0,0.0
2018-01-25 00:00:00-05:00,45.1470261482441,45.37912066375217,45.10060795343874,45.369834899902344,1526400,0.0,0.0,0.0
2018-01-26 00:00:00-05:00,45.416255441512014,45.73190414057282,45.39769099581559,45.72262191772461,942900,0.0,0.0,0.0
2018-01-29 00:00:00-05:00,45.796891499962946,45.82474170854991,45.360552677533775,45.369834899902344,1673500,0.0,0.0,0.0
2018-01-30 00:00:00-05:00,45.1841719026038,45.33271583615194,45.109903477312024,45.16560745239258,1868900,0.0,0.0,0.0
2018-01-31 00:00:00-05:00,45.21201630113446,45.406974861332806,45.09132615085291,45.332706451416016,2005800,0.0,0.0,0.0
2018-02-01 00:00:00-05:00,45.193445217089774,45.406971750509044,44.998486670248,45.100608825683594,1711500,0.0,0.0,0.0
2018-02-02 00:00:00-05:00,44.84995214526537,44.961356537720846,44.42289548146944,44.441463470458984,2220400,0.0,0.0,0.0
2018-02-05 00:00:00-05:00,44.190791731269215,44.45073998152257,42.72395632129269,42.84464645385742,8171100,0.0,0.0,0.0
2018-02-06 00:00:00-05:00,42.10193571037463,43.11386774769855,41.86984123889191,42.974613189697266,8708200,0.0,0.0,0.0
2018-02-07 00:00:00-05:00,42.87250147675255,43.56878506044842,42.807515292259446,42.909637451171875,5504500,0.0,0.0,0.0
2018-02-08 00:00:00-05:00,42.9096439395172,42.94677637806986,41.619198735910324,41.64704895019531,5786800,0.0,0.0,0.0
2018-02-09 00:00:00-05:00,41.96269072988867,42.68682451291644,41.27568937924796,42.38974380493164,8721400,0.0,0.0,0.0
2018-02-12 00:00:00-05:00,42.57542346276247,43.03032678304564,42.30619294338087,42.807518005371094,3727700,0.0,0.0,0.0
2018-02-13 00:00:00-05:00,42.649685320904226,43.07674190520492,42.5289987271603,42.98390197753906,3592700,0.0,0.0,0.0
2018-02-14 00:00:00-05:00,42.75181810333237,43.26242543730298,42.64041370390726,43.216007232666016,2781100,0.0,0.0,0.0
2018-02-15 00:00:00-05:00,43.42953427150685,43.8101692199707,43.25314367540771,43.8101692199707,2416700,0.0,0.0,0.0
2018-02-16 00:00:00-05:00,43.754466267766226,44.209369609919676,43.717330289207865,43.9865608215332,2369100,0.0,0.0,0.0
2018-02-20 00:00:00-05:00,43.85358541299309,44.00236758002564,43.50022643607328,43.57461929321289,1715200,0.077,0.0,0.0
2018-02-21 00:00:00-05:00,43.61181547407208,43.9558735682719,43.22126007080078,43.22126007080078,1891000,0.0,0.0,0.0
2018-02-22 00:00:00-05:00,43.3514285550974,43.66759098884545,43.21194731938952,43.31423568725586,2202100,0.0,0.0,0.0
2018-02-23 00:00:00-05:00,43.46302866938953,44.03025817871094,43.39793315308595,44.03025817871094,1363100,0.0,0.0,0.0
2018-02-26 00:00:00-05:00,44.17904844118751,44.383625265644234,44.067462694777895,44.33713150024414,1409400,0.0,0.0,0.0
2018-02-27 00:00:00-05:00,44.365022987481886,44.53240336539256,43.807090759277344,43.807090759277344,2316500,0.0,0.0,0.0
2018-02-28 00:00:00-05:00,43.95584900934029,44.12322929618864,43.370018005371094,43.370018005371094,2022600,0.0,0.0,0.0
2018-03-01 00:00:00-05:00,43.38864247679895,43.70480503811348,42.709823590174466,42.88650131225586,3634400,0.0,0.0,0.0
2018-03-02 00:00:00-05:00,42.709814900877895,43.06317382039675,42.58892830128664,42.9887809753418,2692300,0.0,0.0,0.0
2018-03-05 00:00:00-05:00,42.793512029480326,43.65830948387162,42.793512029480326,43.57461929321289,1735800,0.0,0.0,0.0
2018-03-06 00:00:00-05:00,43.61181526787269,43.61181526787269,43.26775362805298,43.490928649902344,1401800,0.0,0.0,0.0
2018-03-07 00:00:00-05:00,43.156172996136384,43.59322221086915,43.156172996136384,43.518829345703125,1500900,0.0,0.0,0.0
2018-03-08 00:00:00-05:00,43.621103439477814,43.87217395610808,43.59320789782308,43.86287307739258,1258500,0.0,0.0,0.0
2018-03-09 00:00:00-05:00,43.965175398549185,44.4580192565918,43.909384297551654,44.4580192565918,1223800,0.0,0.0,0.0
2018-03-12 00:00:00-04:00,44.485908931347765,44.5324026917871,44.24413924871527,44.3464241027832,2606000,0.0,0.0,0.0
2018-03-13 00:00:00-04:00,44.4952130611654,44.63469791103623,44.14185759005427,44.225547790527344,1255300,0.0,0.0,0.0
2018-03-14 00:00:00-04:00,44.355725871439276,44.43011518018255,44.01166778060258,44.11395263671875,946300,0.0,0.0,0.0
2018-03-15 00:00:00-04:00,44.179039001464844,44.33712202674392,44.113947034363505,44.179039001464844,1207900,0.0,0.0,0.0
2018-03-16 00:00:00-04:00,44.19762876607072,44.5137912089579,44.19762876607072,44.411502838134766,1150200,0.0,0.0,0.0
2018-03-19 00:00:00-04:00,44.34258597414968,44.34258597414968,43.820910749711224,44.053802490234375,1229700,0.086,0.0,0.0
2018-03-20 00:00:00-04:00,44.10967784384803,44.268046016455,44.07241787997988,44.16557312011719,1104000,0.0,0.0,0.0
2018-03-21 00:00:00-04:00,44.17489755394863,44.45437044701071,43.951323503873525,44.01653289794922,2448100,0.0,0.0,0.0
2018-03-22 00:00:00-04:00,43.755693719274156,43.98858541920021,43.187437402871325,43.224700927734375,2577700,0.0,0.0,0.0
2018-03-23 00:00:00-04:00,43.27128512002085,43.466913324755126,42.46082287637466,42.50740051269531,3659000,0.0,0.0,0.0
2018-03-26 00:00:00-04:00,42.91727487565844,43.38305819625699,42.74959259595139,43.345794677734375,3558600,0.0,0.0,0.0
2018-03-27 00:00:00-04:00,43.438963222850035,43.73706433064301,42.99181156116058,43.16880798339844,3284400,0.0,0.0,0.0
2018-03-28 00:00:00-04:00,43.25263960260977,43.56005474750032,43.15948435958711,43.299217224121094,2740000,0.0,0.0,0.0
2018-03-29 00:00:00-04:00,43.49485421294194,43.951323525340214,43.476222449819005,43.75569534301758,2024000,0.0,0.0,0.0
2018-04-02 00:00:00-04:00,43.681160164155905,43.7929471684514,42.65643825855021,43.01974868774414,3870800,0.0,0.0,0.0
2018-04-03 00:00:00-04:00,43.15016026342833,43.54142004375083,43.047687379209485,43.44826126098633,2567800,0.0,0.0,0.0
2018-04-04 00:00:00-04:00,43.084965142231276,43.876795512576294,42.99180988230082,43.82090377807617,2808200,0.0,0.0,0.0
2018-04-05 00:00:00-04:00,43.951311911916456,44.18420355894711,43.74636612536324,44.0630989074707,1179300,0.0,0.0,0.0
2018-04-06 00:00:00-04:00,43.811595877791646,44.03517352652439,43.112920611765304,43.33649826049805,2398000,0.0,0.0,0.0
2018-04-09 00:00:00-04:00,43.49483826033166,43.90472979140932,43.37373717491703,43.42031478881836,1420100,0.0,0.0,0.0
2018-04-10 00:00:00-04:00,43.77433023951934,43.88611727261324,43.50417498536717,43.68117141723633,1839800,0.0,0.0,0.0
2018-04-11 00:00:00-04:00,43.49484955139002,43.66253184787966,43.355116673412034,43.46690368652344,1002500,0.0,0.0,0.0
2018-04-12 00:00:00-04:00,43.625272488395,43.78363712971025,43.41100900927594,43.494850158691406,1119600,0.0,0.0,0.0
2018-04-13 00:00:00-04:00,43.67184151064745,43.69978737039823,43.411000456277264,43.56005096435547,1242500,0.0,0.0,0.0
2018-04-16 00:00:00-04:00,43.81158101441341,44.081736211833345,43.765003389876,43.97926330566406,1459900,0.0,0.0,0.0
2018-04-17 00:00:00-04:00,44.15628159123345,44.40780157891571,44.063122749826654,44.30533218383789,1071100,0.0,0.0,0.0
2018-04-18 00:00:00-04:00,44.379842589995754,44.46368374566533,44.27736967155011,44.29600143432617,690400,0.0,0.0,0.0
2018-04-19 00:00:00-04:00,44.20284983896762,44.24942747294685,43.923380481446564,44.08174514770508,1070100,0.0,0.0,0.0
2018-04-20 00:00:00-04:00,44.08174370956976,44.10968957831645,43.63459204139494,43.765010833740234,763600,0.0,0.0,0.0
2018-04-23 00:00:00-04:00,43.83407108889326,43.90872807515785,43.563431948661204,43.71274948120117,835300,0.084,0.0,0.0
2018-04-24 00:00:00-04:00,43.824729526370625,43.83406387312386,43.05014606633143,43.28345489501953,1358500,0.0,0.0,0.0
2018-04-25 00:00:00-04:00,43.23680110866127,43.31145809518474,42.984827104124314,43.246131896972656,2539900,0.0,0.0,0.0
2018-04-26 00:00:00-04:00,43.34877993541088,43.778067314437266,43.2367926974062,43.63808059692383,771900,0.0,0.0,0.0
2018-04-27 00:00:00-04:00,43.56343989829919,43.843409877900356,43.51677882836756,43.75008773803711,1201400,0.0,0.0,0.0
2018-04-30 00:00:00-04:00,43.88073411138857,43.964725449696644,43.47944255725123,43.488773345947266,737900,0.0,0.0,0.0
2018-05-01 00:00:00-04:00,43.423447223326704,43.48877342434953,43.12481214436206,43.47011184692383,1169700,0.0,0.0,0.0
2018-05-02 00:00:00-04:00,43.4234554996587,43.45145499115575,43.02216386831337,43.08749008178711,2070400,0.0,0.0,0.0
2018-05-03 00:00:00-04:00,42.9848226382998,43.264792538694785,42.64885733382166,43.16213607788086,1721100,0.0,0.0,0.0
2018-05-04 00:00:00-04:00,43.06882832408771,43.66609859340358,43.01283290133499,43.53544616699219,1252000,0.0,0.0,0.0
2018-05-07 00:00:00-04:00,43.61009584121613,43.70342153011899,43.46077829898257,43.58209991455078,700400,0.0,0.0,0.0
2018-05-08 00:00:00-04:00,43.498099095387474,43.498099095387474,43.1901297291376,43.34878158569336,1020200,0.0,0.0,0.0
2018-05-09 00:00:00-04:00,43.42343607974504,43.57275358090861,43.264787792263135,43.526092529296875,1066400,0.0,0.0,0.0
2018-05-10 00:00:00-04:00,43.64742078332837,43.9087255603045,43.62875564782857,43.89006042480469,1396700,0.0,0.0,0.0
2018-05-11 00:00:00-04:00,43.90873389195752,44.0767165833198,43.8994031024424,43.96472930908203,728500,0.0,0.0,0.0
2018-05-14 00:00:00-04:00,43.99272757161759,44.11404920181831,43.67542731110058,43.77808380126953,1284100,0.0,0.0,0.0
2018-05-15 00:00:00-04:00,43.591422031782585,43.62875229991761,43.35811319595415,43.46076965332031,1362400,0.0,0.0,0.0
2018-05-16 00:00:00-04:00,43.47943806876012,43.58209453387371,43.339451332694196,43.40477752685547,723300,0.0,0.0,0.0
2018-05-17 00:00:00-04:00,43.38611167287917,43.47010299423382,43.25545573743064,43.330116271972656,594000,0.0,0.0,0.0
2018-05-18 00:00:00-04:00,43.33011645198032,43.395442639970845,43.24612513027674,43.34878158569336,766300,0.0,0.0,0.0
2018-05-21 00:00:00-04:00,43.473129080720106,43.65075993715192,43.398334888717216,43.6040153503418,1035500,0.083,0.0,0.0
2018-05-22 00:00:00-04:00,43.63205613284703,43.697502826156956,43.48247133324493,43.510520935058594,654300,0.0,0.0,0.0
2018-05-23 00:00:00-04:00,43.435736671372936,43.77230343893429,43.435736671372936,43.753604888916016,1691800,0.0,0.0,0.0
2018-05-24 00:00:00-04:00,43.688152516635824,43.81903877272638,43.60401084252289,43.790992736816406,1084400,0.0,0.0,0.0
2018-05-25 00:00:00-04:00,43.76296032448241,43.95928976973635,43.74426177259382,43.82840347290039,1313700,0.0,0.0,0.0
2018-05-29 00:00:00-04:00,43.65076084509806,43.73490252965979,43.36094226101699,43.519874572753906,1325600,0.0,0.0,0.0
2018-05-30 00:00:00-04:00,43.60400365668141,44.19299527840743,43.60400365668141,44.09950256347656,1333500,0.0,0.0,0.0
2018-05-31 00:00:00-04:00,44.03408862148585,44.03408862148585,43.73491886825369,43.772315979003906,1896200,0.0,0.0,0.0
2018-06-01 00:00:00-04:00,43.94058046149952,44.01537465074475,43.80034313985633,43.87513732910156,1524700,0.0,0.0,0.0
2018-06-04 00:00:00-04:00,43.97798266389588,44.09017039441041,43.88448991648073,43.996681213378906,861600,0.0,0.0,0.0
2018-06-05 00:00:00-04:00,43.98732504658617,44.062119235831396,43.80034313985633,43.87513732910156,585900,0.0,0.0,0.0
2018-06-06 00:00:00-04:00,43.90318174989361,43.94992633325863,43.734898396673074,43.912532806396484,957500,0.0,0.0,0.0
2018-06-07 00:00:00-04:00,43.93123549690784,44.06212176922919,43.85644130336224,43.987327575683594,1162400,0.0,0.0,0.0
2018-06-08 00:00:00-04:00,43.96862722106006,44.16496018786015,43.96862722106006,44.155609130859375,1075700,0.0,0.0,0.0
2018-06-11 00:00:00-04:00,44.20235352117647,44.26779665435924,44.04342121669926,44.05276870727539,985900,0.0,0.0,0.0
2018-06-12 00:00:00-04:00,44.08081270863742,44.24909604868346,44.062114163478654,44.221046447753906,1090100,0.0,0.0,0.0
2018-06-13 00:00:00-04:00,44.193008041550556,44.32389431387191,43.977980084682116,43.987327575683594,961400,0.0,0.0,0.0
2018-06-14 00:00:00-04:00,44.08081051208712,44.23974278844276,44.071459456782286,44.18364715576172,1022800,0.0,0.0,0.0
2018-06-15 00:00:00-04:00,44.09017775890422,44.379999974725436,44.01538711486328,44.36130142211914,1109800,0.0,0.0,0.0
2018-06-18 00:00:00-04:00,44.19082351061673,44.25638824439726,44.06905890230574,44.21892166137695,1121100,0.088,0.0,0.0
2018-06-19 00:00:00-04:00,44.05032561079559,44.25638824439726,44.003494168525215,44.21892166137695,700100,0.0,0.0,0.0
2018-06-20 00:00:00-04:00,44.26575310364733,44.312588118927714,44.16272535985651,44.21892166137695,1267300,0.0,0.0,0.0
2018-06-21 00:00:00-04:00,44.1627239190946,44.181453636983704,43.98475944205906,44.06905746459961,1400900,0.0,0.0,0.0
2018-06-22 00:00:00-04:00,44.20955352555598,44.42498100244141,44.17208694531249,44.34068298339844,2226000,0.0,0.0,0.0
2018-06-25 00:00:00-04:00,44.23765707018187,44.490551158157885,44.15335904085653,44.38751983642578,1390300,0.0,0.0,0.0
2018-06-26 00:00:00-04:00,44.42498122604969,44.53737739433613,44.32194991636638,44.35004806518555,1513700,0.0,0.0,0.0
2018-06-27 00:00:00-04:00,44.350039330851274,44.50927047982358,44.09714889526367,44.09714889526367,1503400,0.0,0.0,0.0
2018-06-28 00:00:00-04:00,44.11589556704177,44.46245614149062,44.11589556704177,44.36878967285156,1631800,0.0,0.0,0.0
2018-06-29 00:00:00-04:00,44.378151849874726,44.70597551136939,44.25638724431531,44.40625,1172400,0.0,0.0,0.0
2018-07-02 00:00:00-04:00,44.24703224886311,44.48119308013289,44.115899182023014,44.471824645996094,1691900,0.0,0.0,0.0
2018-07-03 00:00:00-04:00,44.537368082441844,44.74343065872481,44.434336794300364,44.51863479614258,1018200,0.0,0.0,0.0
2018-07-05 00:00:00-04:00,44.6029520691414,44.84648132324219,44.509289170186065,44.84648132324219,1106700,0.0,0.0,0.0
2018-07-06 00:00:00-04:00,44.81837499233385,45.13683381829131,44.81837499233385,45.04317092895508,1289400,0.0,0.0,0.0
2018-07-09 00:00:00-04:00,45.14620144216199,45.14620144216199,44.75280945337566,44.799644470214844,1148600,0.0,0.0,0.0
2018-07-10 00:00:00-04:00,44.84647002953167,45.118093797303224,44.734070291478275,45.07126235961914,559300,0.0,0.0,0.0
2018-07-11 00:00:00-04:00,44.88393661293323,45.18366569861977,44.88393661293323,45.0619010925293,930800,0.0,0.0,0.0
2018-07-12 00:00:00-04:00,45.23049171789057,45.34288787841797,45.13682527327648,45.34288787841797,1038900,0.0,0.0,0.0
2018-07-13 00:00:00-04:00,45.30542533492981,45.380358497293734,45.21176245498474,45.352256774902344,710300,0.0,0.0,0.0
2018-07-16 00:00:00-04:00,45.32416597741322,45.342899271042874,45.155569907756785,45.23050308227539,862300,0.0,0.0,0.0
2018-07-17 00:00:00-04:00,45.25859725809323,45.370993436981365,45.20239738214411,45.33353042602539,663300,0.0,0.0,0.0
2018-07-18 00:00:00-04:00,45.28669022336145,45.33352523446059,45.14619590909312,45.296058654785156,721600,0.0,0.0,0.0
2018-07-19 00:00:00-04:00,45.23049574557572,45.50212309963019,45.23049574557572,45.352256774902344,975800,0.0,0.0,0.0
2018-07-20 00:00:00-04:00,45.26795232092315,45.28668203436436,45.08998788615025,45.174285888671875,720400,0.0,0.0,0.0
2018-07-23 00:00:00-04:00,45.18179865733351,45.19118063316131,44.95659186251999,45.03166198730469,1773600,0.088,0.0,0.0
2018-07-24 00:00:00-04:00,45.069206293150714,45.16304397583008,44.853384992300555,45.16304397583008,1009700,0.0,0.0,0.0
2018-07-25 00:00:00-04:00,45.125500862888394,45.54776141085872,45.125500862888394,45.53837585449219,1605700,0.0,0.0,0.0
2018-07-26 00:00:00-04:00,45.6040655179563,45.92310645872896,45.6040655179563,45.857421875,1367300,0.0,0.0,0.0
2018-07-27 00:00:00-04:00,45.86679855418182,45.904330037946885,45.58529273847021,45.63220977783203,1388400,0.0,0.0,0.0
2018-07-30 00:00:00-04:00,45.60406294897271,45.669747529001505,45.36009216308594,45.36009216308594,1377200,0.0,0.0,0.0
2018-07-31 00:00:00-04:00,45.53838014147929,45.98879024186896,45.47269555889379,45.979408264160156,1362400,0.0,0.0,0.0
2018-08-01 00:00:00-04:00,45.876189497183454,45.876189497183454,45.67913574562333,45.81050491333008,1098400,0.0,0.0,0.0
2018-08-02 00:00:00-04:00,45.64159392848011,45.857415183459835,45.5289923127387,45.7823486328125,3113600,0.0,0.0,0.0
2018-08-03 00:00:00-04:00,45.641613150447284,46.176475524902344,45.641613150447284,46.176475524902344,951300,0.0,0.0,0.0
2018-08-06 00:00:00-04:00,46.16707897975029,46.307830119415335,46.101394398665036,46.24214553833008,1147400,0.0,0.0,0.0
2018-08-07 00:00:00-04:00,46.24213876571449,46.27029185315717,46.10138764666384,46.2139892578125,1046800,0.0,0.0,0.0
2018-08-08 00:00:00-04:00,46.21399464094802,46.23276217491567,46.045090414780255,46.110774993896484,815600,0.0,0.0,0.0
2018-08-09 00:00:00-04:00,46.13892528181458,46.19522788466537,46.10139379278854,46.12954330444336,785200,0.0,0.0,0.0
2018-08-10 00:00:00-04:00,46.05446537687612,46.157681420642085,45.866793659913874,45.94186019897461,844200,0.0,0.0,0.0
2018-08-13 00:00:00-04:00,45.95125495019402,46.01693952734579,45.726048128858686,45.83864974975586,1047000,0.0,0.0,0.0
2018-08-14 00:00:00-04:00,45.88557562845523,46.13892840960588,45.88557562845523,46.06386184692383,898800,0.0,0.0,0.0
2018-08-15 00:00:00-04:00,45.90434103927064,46.1483154296875,45.87619152481543,46.1483154296875,1348800,0.0,0.0,0.0
2018-08-16 00:00:00-04:00,46.22338237948403,46.5330413592348,46.22338237948403,46.495506286621094,1240400,0.0,0.0,0.0
2018-08-17 00:00:00-04:00,46.486121074581256,46.83331152325301,46.47673551730993,46.74885940551758,1743400,0.0,0.0,0.0
2018-08-20 00:00:00-04:00,46.84004343053496,46.87764057825991,46.75544357299805,46.75544357299805,1664400,0.087,0.0,0.0
2018-08-21 00:00:00-04:00,46.755435246549155,46.7930323875786,46.59563395041396,46.62383270263672,820700,0.0,0.0,0.0
2018-08-22 00:00:00-04:00,46.576844363648476,46.680244593459555,46.36064551304508,46.42644500732422,1042200,0.0,0.0,0.0
2018-08-23 00:00:00-04:00,46.37944184562246,46.50164243256759,46.33244272319838,46.36064147949219,743900,0.0,0.0,0.0
2018-08-24 00:00:00-04:00,46.40763894638177,46.68023886684119,46.370041801265664,46.63323974609375,753200,0.0,0.0,0.0
2018-08-27 00:00:00-04:00,46.70844474559101,46.8306453468135,46.5392450164533,46.66144561767578,1269700,0.0,0.0,0.0
2018-08-28 00:00:00-04:00,46.68023528051605,46.74603476166786,46.59563543534903,46.69903564453125,1219100,0.0,0.0,0.0
2018-08-29 00:00:00-04:00,46.74603114580034,46.92462921142578,46.72723078323937,46.92462921142578,1324900,0.0,0.0,0.0
2018-08-30 00:00:00-04:00,46.8682421877795,46.89644094502403,46.64264137241328,46.75544357299805,1315200,0.0,0.0,0.0
2018-08-31 00:00:00-04:00,46.73663990404649,46.849438510858135,46.58624056636328,46.79303741455078,1023100,0.0,0.0,0.0
2018-09-04 00:00:00-04:00,46.7272412299502,46.85884021149578,46.60504422468834,46.75544357299805,1262000,0.0,0.0,0.0
2018-09-05 00:00:00-04:00,46.72722949365863,47.06562883881189,46.68023038145455,47.00922775268555,985900,0.0,0.0,0.0
2018-09-06 00:00:00-04:00,47.065628768717495,47.30062791519034,47.028028044689265,47.26302719116211,1325600,0.0,0.0,0.0
2018-09-07 00:00:00-04:00,47.065634708295626,47.084435072682304,46.89643501461836,46.96223449707031,1908200,0.0,0.0,0.0
2018-09-10 00:00:00-04:00,47.07504118205178,47.24423730609518,47.0280384736919,47.159637451171875,2367000,0.0,0.0,0.0
2018-09-11 00:00:00-04:00,47.04683781824811,47.26303664595661,47.03743942826214,47.150238037109375,1951500,0.0,0.0,0.0
2018-09-12 00:00:00-04:00,47.131440461398476,47.22544229583845,47.08444133708016,47.14084243774414,4033800,0.0,0.0,0.0
2018-09-13 00:00:00-04:00,47.24423667188191,47.39463601352622,47.159636818094285,47.37583923339844,3644100,0.0,0.0,0.0
2018-09-14 00:00:00-04:00,47.30063401311947,47.30063401311947,47.065634836350874,47.28183364868164,1529300,0.0,0.0,0.0
2018-09-17 00:00:00-04:00,47.14084595211941,47.32884246340793,47.14084595211941,47.23484420776367,1574500,0.0,0.0,0.0
2018-09-18 00:00:00-04:00,47.2160438394741,47.281843335585805,47.0844448472507,47.23484420776367,749500,0.0,0.0,0.0
2018-09-19 00:00:00-04:00,47.263035735418434,47.263035735418434,46.840040063939675,46.88703918457031,1245500,0.0,0.0,0.0
2018-09-20 00:00:00-04:00,46.95283725275652,47.22543716430664,46.89643615822109,47.22543716430664,1386700,0.0,0.0,0.0
2018-09-21 00:00:00-04:00,47.300640621708766,47.36644011353289,47.15024127099599,47.27244186401367,1046100,0.0,0.0,0.0
2018-09-24 00:00:00-04:00,47.20840109253385,47.21781842130724,46.76588002330714,46.79412841796875,1271800,0.082,0.0,0.0
2018-09-25 00:00:00-04:00,46.8600469359215,46.8600469359215,46.521094849466316,46.58700180053711,1609500,0.0,0.0,0.0
2018-09-26 00:00:00-04:00,46.61525318007787,46.652915326471664,46.17273553076068,46.229225158691406,1691800,0.0,0.0,0.0
2018-09-27 00:00:00-04:00,46.22922299945456,46.530512973212566,46.21039551879701,46.313961029052734,1187500,0.0,0.0,0.0
2018-09-28 00:00:00-04:00,46.295129744782685,46.62466812133789,46.295129744782685,46.62466812133789,902300,0.0,0.0,0.0
2018-10-01 00:00:00-04:00,46.699979871551555,46.718810940174926,46.46459690124805,46.57758331298828,1854200,0.0,0.0,0.0
2018-10-02 00:00:00-04:00,46.5681807979785,46.75648795246088,46.54934972336424,46.64350509643555,1119800,0.0,0.0,0.0
2018-10-03 00:00:00-04:00,46.72823258510406,46.850629154969184,46.2574666010275,46.408111572265625,1273700,0.0,0.0,0.0
2018-10-04 00:00:00-04:00,46.3516073406288,46.3516073406288,46.12564173332687,46.342193603515625,1411000,0.0,0.0,0.0
2018-10-05 00:00:00-04:00,46.34220462182766,46.53050814213074,46.323373551465465,46.408111572265625,2990900,0.0,0.0,0.0
2018-10-08 00:00:00-04:00,46.436362636855236,46.80355957923007,46.436362636855236,46.709407806396484,2983000,0.0,0.0,0.0
2018-10-09 00:00:00-04:00,46.652895912211235,46.83178923730663,46.568157913918284,46.74705123901367,1857800,0.0,0.0,0.0
2018-10-10 00:00:00-04:00,46.6529011264426,46.690563261372944,45.758445175970856,45.78669357299805,3982800,0.0,0.0,0.0
2018-10-11 00:00:00-04:00,45.758458079769376,45.80553755753806,44.4779774559746,44.58154296875,12391800,0.0,0.0,0.0
2018-10-12 00:00:00-04:00,44.901656650728235,44.95814985977976,44.36498373554633,44.7227668762207,6954400,0.0,0.0,0.0
2018-10-15 00:00:00-04:00,44.703939982692475,45.099385299676264,44.656864099914785,44.760433197021484,3486800,0.0,0.0,0.0
2018-10-16 00:00:00-04:00,44.882824552370586,45.56072867881469,44.816917605817316,45.51365280151367,2549300,0.0,0.0,0.0
2018-10-17 00:00:00-04:00,45.44774069820125,45.67370632027047,45.1841129419009,45.57014083862305,2718800,0.0,0.0,0.0
2018-10-18 00:00:00-04:00,45.475988104993824,45.74903320630388,45.13703606083775,45.3159294128418,3279600,0.0,0.0,0.0
2018-10-19 00:00:00-04:00,45.391261470878554,45.79612055935503,45.391261470878554,45.664306640625,2886200,0.0,0.0,0.0
2018-10-22 00:00:00-04:00,45.6897630281556,45.70862793735428,45.2181510925293,45.2181510925293,2634600,0.087,0.0,0.0
2018-10-23 00:00:00-04:00,44.92575459507632,45.35020606242992,44.68051437033265,45.15212631225586,4341600,0.0,0.0,0.0
2018-10-24 00:00:00-04:00,45.152129996547025,45.576581498534715,44.954053828324064,44.98234939575195,5215500,0.0,0.0,0.0
2018-10-25 00:00:00-04:00,45.086100326252094,45.4256614956012,44.79370322895644,45.2181510925293,4617700,0.0,0.0,0.0
2018-10-26 00:00:00-04:00,44.98233443246264,44.99176868387623,44.27491669717564,44.52015686035156,10041700,0.0,0.0,0.0
2018-10-29 00:00:00-04:00,44.897456615109924,45.312477437732845,44.473008734683624,44.906890869140625,8650900,0.0,0.0,0.0
2018-10-30 00:00:00-04:00,44.95405664657785,45.38793883220443,44.91632682223273,45.34077835083008,10322700,0.0,0.0,0.0
2018-10-31 00:00:00-04:00,45.48225323920567,45.68032937562613,45.18042190805641,45.26531219482422,3814100,0.0,0.0,0.0
2018-11-01 00:00:00-04:00,45.31248463442892,45.45396608433707,45.17099958640653,45.369075775146484,12644200,0.0,0.0,0.0
2018-11-02 00:00:00-04:00,45.58601339699482,45.61430896296027,44.82200073290462,45.189857482910156,3915600,0.0,0.0,0.0
2018-11-05 00:00:00-05:00,45.25589451245551,45.72750658982347,45.25589451245551,45.642616271972656,3104500,0.0,0.0,0.0
2018-11-06 00:00:00-05:00,45.65204631669093,45.95387773051084,45.53885683792275,45.93501281738281,2695200,0.0,0.0,0.0
2018-11-07 00:00:00-05:00,46.217980984275265,46.632998293710834,46.01047053050028,46.595272064208984,2940900,0.0,0.0,0.0
2018-11-08 00:00:00-05:00,46.53867351979527,46.70845413208008,46.44435255657664,46.70845413208008,2171500,0.0,0.0,0.0
2018-11-09 00:00:00-05:00,46.65186012529006,46.94426087282587,46.58583473038103,46.81221008300781,2495100,0.0,0.0,0.0
2018-11-12 00:00:00-05:00,46.831078089638964,47.019720031491424,46.51038175112962,46.595272064208984,3035200,0.0,0.0,0.0
2018-11-13 00:00:00-05:00,46.6424325496721,46.76505269036772,46.416057182088984,46.595272064208984,3603800,0.0,0.0,0.0
2018-11-14 00:00:00-05:00,46.746180601764806,46.75561125816421,46.18024406872647,46.359458923339844,3526800,0.0,0.0,0.0
2018-11-15 00:00:00-05:00,46.16138624285089,46.632998293710834,45.868989074110935,46.595272064208984,4907900,0.0,0.0,0.0
2018-11-16 00:00:00-05:00,46.60468828233764,47.04800462418812,46.5858233743745,46.925384521484375,2669700,0.0,0.0,0.0
2018-11-19 00:00:00-05:00,46.88476364549457,47.092637596651755,46.57295632317603,46.81862258911133,2473600,0.087,0.0,0.0
2018-11-20 00:00:00-05:00,46.629642120470216,46.790272959419084,46.22334503917337,46.270591735839844,5175800,0.0,0.0,0.0
2018-11-21 00:00:00-05:00,46.30838367813536,46.4028734662988,46.034372303503545,46.06271743774414,2911700,0.0,0.0,0.0
2018-11-23 00:00:00-05:00,45.902095835911545,46.157209284208825,45.79815885838887,45.99658203125,1163700,0.0,0.0,0.0
2018-11-26 00:00:00-05:00,46.21389410640744,46.317831063559076,46.043816104598676,46.289485931396484,1608000,0.0,0.0,0.0
2018-11-27 00:00:00-05:00,46.2044547417244,46.45012100563745,46.100517767001385,46.440673828125,1825000,0.0,0.0,0.0
2018-11-28 00:00:00-05:00,46.525711553182056,47.01704406738281,46.46901767642792,47.01704406738281,3152400,0.0,0.0,0.0
2018-11-29 00:00:00-05:00,46.979240361561885,47.149318346163504,46.71467260528367,46.96034240722656,2664300,0.0,0.0,0.0
2018-11-30 00:00:00-05:00,46.9697997612957,47.48948100268338,46.9603525842888,47.38554763793945,3173400,0.0,0.0,0.0
2018-12-03 00:00:00-05:00,47.75404153071516,47.791837441810465,47.2343603686125,47.669002532958984,3285900,0.0,0.0,0.0
2018-12-04 00:00:00-05:00,47.70681279049135,47.82019695345776,46.856422557199416,46.988704681396484,3316500,0.0,0.0,0.0
2018-12-06 00:00:00-05:00,46.63909197066362,47.045389043850875,45.79815269038851,47.03593826293945,4580700,0.0,0.0,0.0
2018-12-07 00:00:00-05:00,46.96034353687375,47.149319480356574,46.34617262165865,46.51625061035156,4568100,0.0,0.0,0.0
2018-12-10 00:00:00-05:00,46.55405802415716,46.67689295843785,45.70366787054809,46.535160064697266,6231400,0.0,0.0,0.0
2018-12-11 00:00:00-05:00,46.8564084857722,46.979243394674214,46.42176632124687,46.54459762573242,2863000,0.0,0.0,0.0
2018-12-12 00:00:00-05:00,46.92255315631349,46.97924702736364,46.365076039779005,46.3934211730957,2966100,0.0,0.0,0.0
2018-12-13 00:00:00-05:00,46.47846638891701,46.77137935519632,46.45956842937474,46.61075210571289,2229500,0.0,0.0,0.0
2018-12-14 00:00:00-05:00,46.37453606290387,46.4217791626528,45.93989017372833,46.08162307739258,4263700,0.0,0.0,0.0
2018-12-17 00:00:00-05:00,46.053270623395726,46.053270623395726,44.75878754850055,44.938316345214844,4648100,0.0,0.0,0.0
2018-12-18 00:00:00-05:00,45.15562961872202,45.41074659788283,44.664293614903,44.881614685058594,4599700,0.0,0.0,0.0
2018-12-19 00:00:00-05:00,44.966655037726284,45.476889011475365,44.286343072727504,44.51311492919922,8117800,0.0,0.0,0.0
2018-12-20 00:00:00-05:00,44.41863982319616,44.64541175455987,43.7099824937587,44.13517761230469,13390700,0.0,0.0,0.0
2018-12-21 00:00:00-05:00,44.15406725907204,45.03280247045535,43.643833212897825,43.6627311706543,10130600,0.0,0.0,0.0
2018-12-24 00:00:00-05:00,43.55007036425436,43.63527716812384,42.14889462070096,42.17729568481445,7648300,0.091,0.0,0.0
2018-12-26 00:00:00-05:00,42.271962620912795,43.42698351636337,41.808058210420725,43.398582458496094,8022600,0.0,0.0,0.0
2018-12-27 00:00:00-05:00,43.057764145742944,43.85302643282649,42.546523330147316,43.83409118652344,7724800,0.0,0.0,0.0
2018-12-28 00:00:00-05:00,44.06131253554372,44.30746352562609,43.6447443209794,43.79622268676758,8558300,0.0,0.0,0.0
2018-12-31 00:00:00-05:00,44.004499466772096,44.16544723510742,43.663672297618234,44.16544723510742,4775500,0.0,0.0,0.0
2019-01-02 00:00:00-05:00,43.72049025416743,43.72995607305573,43.266055105408974,43.49327087402344,6527900,0.0,0.0,0.0
2019-01-03 00:00:00-05:00,43.417524585987664,43.6258086741189,42.982024775830325,43.057762145996094,6258900,0.0,0.0,0.0
2019-01-04 00:00:00-05:00,43.33231523541988,44.02343540080172,43.31337999111137,43.938228607177734,4572000,0.0,0.0,0.0
2019-01-07 00:00:00-05:00,43.89090308809466,44.2601314140247,43.75835995689202,43.96664047241211,4345700,0.0,0.0,0.0
2019-01-08 00:00:00-05:00,44.24117638938008,44.44946042332724,43.957155004969856,44.43999099731445,2036000,0.0,0.0,0.0
2019-01-09 00:00:00-05:00,44.51574250910567,44.59147987751776,44.25065630237031,44.42106628417969,3803700,0.0,0.0,0.0
2019-01-10 00:00:00-05:00,44.2885193647905,44.8849668900822,44.269584121436814,44.866031646728516,1600400,0.0,0.0,0.0
2019-01-11 00:00:00-05:00,44.7240142190463,44.85655728574456,44.610402780566915,44.84708786010742,1920300,0.0,0.0,0.0
2019-01-14 00:00:00-05:00,44.62935676403284,44.676693077516006,44.44000789857097,44.553619384765625,1457700,0.0,0.0,0.0
2019-01-15 00:00:00-05:00,44.61041661645299,45.12165741358807,44.59148137083367,45.10272216796875,2931200,0.0,0.0,0.0
2019-01-16 00:00:00-05:00,45.074318042309514,45.27313269050879,44.932305515579415,45.19739532470703,1867400,0.0,0.0,0.0
2019-01-17 00:00:00-05:00,45.102730737501815,45.547700065278015,45.102730737501815,45.49089431762695,2133300,0.0,0.0,0.0
2019-01-18 00:00:00-05:00,45.71810992584639,45.87905411362203,45.58556680378899,45.8601188659668,2310000,0.0,0.0,0.0
2019-01-22 00:00:00-05:00,45.73965072631836,45.91039213820028,45.39816790255451,45.73965072631836,3193800,0.093,0.0,0.0
2019-01-23 00:00:00-05:00,45.83450733381345,45.96730541105057,45.5783952055092,45.948333740234375,2194900,0.0,0.0,0.0
2019-01-24 00:00:00-05:00,45.8439968454512,45.91987991333008,45.61634040486185,45.91987991333008,1691000,0.0,0.0,0.0
2019-01-25 00:00:00-05:00,46.081135707148874,46.18547446953766,45.881934971644625,46.0052490234375,2740400,0.0,0.0,0.0
2019-01-28 00:00:00-05:00,45.85347782624063,45.96730422973633,45.65428071550412,45.96730422973633,3355700,0.0,0.0,0.0
2019-01-29 00:00:00-05:00,45.9957595938278,46.128557656245924,45.891417225220465,46.090614318847656,1959600,0.0,0.0,0.0
2019-01-30 00:00:00-05:00,46.185472101972486,46.73563967524851,46.14753238053791,46.58386993408203,3499300,0.0,0.0,0.0
2019-01-31 00:00:00-05:00,46.517475833811325,47.18146987879054,46.346734404574484,47.10558319091797,3519400,0.0,0.0,0.0
2019-02-01 00:00:00-05:00,47.171979178063495,47.22889419028132,46.88741135392676,47.15300750732422,2743800,0.0,0.0,0.0
2019-02-04 00:00:00-05:00,47.13403671968426,47.38066482543945,46.80204152171721,47.38066482543945,3178700,0.0,0.0,0.0
2019-02-05 00:00:00-05:00,47.41860040314427,47.51345512460979,47.25734303448205,47.503971099853516,3420100,0.0,0.0,0.0
2019-02-06 00:00:00-05:00,47.418615373711155,47.45655510318994,47.31427297607165,47.44707107543945,1453100,0.0,0.0,0.0
2019-02-07 00:00:00-05:00,47.2383816408436,47.589348528772184,47.153010925566214,47.579864501953125,2124400,0.0,0.0,0.0
2019-02-08 00:00:00-05:00,47.48499974618813,47.79802322387695,47.45654043477954,47.79802322387695,3535900,0.0,0.0,0.0
2019-02-11 00:00:00-05:00,47.854943995013876,47.89288733581391,47.69368660585179,47.82648468017578,1863400,0.0,0.0,0.0
2019-02-12 00:00:00-05:00,47.97825443832464,48.1205365279196,47.81699706127932,48.063621520996094,2062000,0.0,0.0,0.0
2019-02-13 00:00:00-05:00,48.10156853183598,48.2533382767448,48.00671379819652,48.18693923950195,2027900,0.0,0.0,0.0
2019-02-14 00:00:00-05:00,48.05415074802676,48.167977174788724,47.86443762443891,47.978267669677734,3961100,0.0,0.0,0.0
2019-02-15 00:00:00-05:00,48.22487966861939,48.41459274291992,48.20590799934174,48.41459274291992,2286900,0.0,0.0,0.0
2019-02-19 00:00:00-05:00,48.36326862065132,48.5818484944421,48.28724257229966,48.52482986450195,2857000,0.096,0.0,0.0
2019-02-20 00:00:00-05:00,48.51533612210305,48.648384457993174,48.33477104129434,48.591365814208984,1293300,0.0,0.0,0.0
2019-02-21 00:00:00-05:00,48.486814871785036,48.75291147810185,48.34426104680425,48.70539474487305,2805700,0.0,0.0,0.0
2019-02-22 00:00:00-05:00,48.74341255397907,48.98099985990571,48.648375456431665,48.9334831237793,1956900,0.0,0.0,0.0
2019-02-25 00:00:00-05:00,49.11405827862308,49.12356017768597,48.72441516172843,48.79093933105469,2435900,0.0,0.0,0.0
2019-02-26 00:00:00-05:00,48.80994502791573,48.904978516364366,48.667391169947564,48.762428283691406,2282500,0.0,0.0,0.0
2019-02-27 00:00:00-05:00,48.69589563211019,48.84795136231146,48.581851115488305,48.8099365234375,2321900,0.0,0.0,0.0
2019-02-28 00:00:00-05:00,48.82895208064165,49.20908965685076,48.77192981282746,49.00001525878906,1752100,0.0,0.0,0.0
2019-03-01 00:00:00-05:00,49.190091062695096,49.190091062695096,48.800447892604375,49.142574310302734,2947900,0.0,0.0,0.0
2019-03-04 00:00:00-05:00,49.23760223958148,49.29462088167917,48.648383019074146,49.05703353881836,2869600,0.0,0.0,0.0
2019-03-05 00:00:00-05:00,49.06653611895227,49.12355475762914,48.981004535642036,49.00951385498047,2547600,0.0,0.0,0.0
2019-03-06 00:00:00-05:00,49.028530851395665,49.07604760133788,48.828958326460985,48.85746765136719,2107100,0.0,0.0,0.0
2019-03-07 00:00:00-05:00,48.828941151503436,48.95248393283946,48.61986317494345,48.70539474487305,4810500,0.0,0.0,0.0
2019-03-08 00:00:00-05:00,48.581849714268905,48.686388705509856,48.37277535708148,48.667381286621094,2864100,0.0,0.0,0.0
2019-03-11 00:00:00-04:00,48.78143564995668,49.19008255004883,48.73391528049218,49.19008255004883,2098400,0.0,0.0,0.0
2019-03-12 00:00:00-04:00,49.275603924780995,49.46567448735155,49.22808719046197,49.3896484375,3026300,0.0,0.0,0.0
2019-03-13 00:00:00-04:00,49.4846829614378,49.68425542501042,49.4466681230541,49.5892219543457,2411300,0.0,0.0,0.0
2019-03-14 00:00:00-04:00,49.589223684573746,49.74127941811942,49.43716795102808,49.617733001708984,1452800,0.0,0.0,0.0
2019-03-15 00:00:00-04:00,49.65574248657436,49.87432235339382,49.56070902284216,49.712764739990234,2652600,0.0,0.0,0.0
2019-03-18 00:00:00-04:00,49.75848500194634,49.79657120591224,49.47284573640274,49.625186920166016,1696800,0.098,0.0,0.0
2019-03-19 00:00:00-04:00,49.71086801959189,49.71086801959189,49.20623864150008,49.34906005859375,2682300,0.0,0.0,0.0
2019-03-20 00:00:00-04:00,49.32049080623651,49.53948096985392,49.091980910331095,49.196712493896484,2871800,0.0,0.0,0.0
2019-03-21 00:00:00-04:00,49.12053780435533,49.796551310204244,49.091974978843055,49.73942565917969,1596600,0.0,0.0,0.0
2019-03-22 00:00:00-04:00,49.66326180024683,49.91081480537915,49.56804994414197,49.60613250732422,3394900,0.0,0.0,0.0
2019-03-25 00:00:00-04:00,49.568061246317484,49.748965267005026,49.47284573640274,49.625186920166016,4135400,0.0,0.0,0.0
2019-03-26 00:00:00-04:00,49.806083827718766,50.034593738014465,49.7870407298442,50.02507400512695,2326300,0.0,0.0,0.0
2019-03-27 00:00:00-04:00,50.063161421111786,50.1012439856896,49.62517742352049,49.87273406982422,2700400,0.0,0.0,0.0
2019-03-28 00:00:00-04:00,49.92985973274075,50.044118322773066,49.60613432518177,49.87273406982422,2376100,0.0,0.0,0.0
2019-03-29 00:00:00-04:00,50.03457767850929,50.16787568874729,49.86319348474661,50.120269775390625,1978400,0.0,0.0,0.0
2019-04-01 00:00:00-04:00,50.28216062813175,50.29168036295982,49.929868693788094,50.177425384521484,4497900,0.0,0.0,0.0
2019-04-02 00:00:00-04:00,50.22500773347133,50.28213701190849,50.01553734463365,50.253570556640625,3053500,0.0,0.0,0.0
2019-04-03 00:00:00-04:00,50.34879190832639,50.39639782987495,50.025066556857574,50.244056701660156,3324300,0.0,0.0,0.0
2019-04-04 00:00:00-04:00,50.25358088855937,50.32022991105618,49.986984798572095,50.14884567260742,2485200,0.0,0.0,0.0
2019-04-05 00:00:00-04:00,50.186943166599164,50.40593338012695,50.12029412909506,50.40593338012695,2506000,0.0,0.0,0.0
2019-04-08 00:00:00-04:00,50.358315335191385,50.386878163796716,50.10123898144557,50.26310348510742,2962200,0.0,0.0,0.0
2019-04-09 00:00:00-04:00,50.19646861938535,50.21551172119228,50.04412743703017,50.158382415771484,1852300,0.0,0.0,0.0
2019-04-10 00:00:00-04:00,50.26310510870445,50.38687979139191,50.148846526393804,50.29166793823242,2280100,0.0,0.0,0.0
2019-04-11 00:00:00-04:00,50.31072195377063,50.3773709918664,50.19646697876363,50.36785125732422,2233000,0.0,0.0,0.0
2019-04-12 00:00:00-04:00,50.50114506145515,50.65348622594416,50.30119796408205,50.64396286010742,2972400,0.0,0.0,0.0
2019-04-15 00:00:00-04:00,50.71061998291311,50.739186452880936,50.53923932360836,50.60588836669922,3014300,0.0,0.0,0.0
2019-04-16 00:00:00-04:00,50.691568313041486,50.73917424206383,50.120286268474636,50.20597839355469,2072800,0.0,0.0,0.0
2019-04-17 00:00:00-04:00,50.34880213687769,50.34880213687769,49.9108181261954,49.92034149169922,2620100,0.0,0.0,0.0
2019-04-18 00:00:00-04:00,50.063163314109154,50.19646137542085,49.96794781881525,50.10124588012695,1858100,0.0,0.0,0.0
2019-04-22 00:00:00-04:00,49.995364804524186,50.03352279670368,49.756882811822024,49.87135314941406,1623300,0.099,0.0,0.0
2019-04-23 00:00:00-04:00,49.95719880663046,50.329230073395856,49.871345157457995,50.30061340332031,2005700,0.0,0.0,0.0
2019-04-24 00:00:00-04:00,50.300612328290114,50.586789939766824,50.243375350416464,50.48185729980469,1914900,0.0,0.0,0.0
2019-04-25 00:00:00-04:00,50.37692317852189,50.66310076091177,50.214753577168885,50.624942779541016,1793500,0.0,0.0,0.0
2019-04-26 00:00:00-04:00,50.70126117148168,50.901585124857974,50.67264086460966,50.85388946533203,2243300,0.0,0.0,0.0
2019-04-29 00:00:00-04:00,50.82527931906783,50.92067429613593,50.70127130729875,50.73942565917969,2103900,0.0,0.0,0.0
2019-04-30 00:00:00-04:00,50.80619269387313,51.340393568392386,50.67264338497976,51.29269790649414,2097900,0.0,0.0,0.0
2019-05-01 00:00:00-04:00,51.178226311099735,51.27361763251219,50.796653747558594,50.796653747558594,4825700,0.0,0.0,0.0
2019-05-02 00:00:00-04:00,50.77757213350466,51.03513305475351,50.6058648526721,50.82526779174805,2309800,0.0,0.0,0.0
2019-05-03 00:00:00-04:00,50.949282528357145,51.15914780418957,50.9015868671986,51.13052749633789,1268500,0.0,0.0,0.0
2019-05-06 00:00:00-04:00,50.73941234361443,51.10190588345128,50.71079567747704,51.01605224609375,1975400,0.0,0.0,0.0
2019-05-07 00:00:00-04:00,50.77757723921532,50.85389321123472,50.13844734880908,50.38646697998047,3286200,0.0,0.0,0.0
2019-05-08 00:00:00-04:00,50.36738805946047,50.54863667379447,50.27199673324477,50.30061340332031,2319700,0.0,0.0,0.0
2019-05-09 00:00:00-04:00,50.109828798171925,50.386468748030744,49.890425829336095,50.28153610229492,2463100,0.0,0.0,0.0
2019-05-10 00:00:00-04:00,50.18615052483237,50.98745015626334,50.03352219689058,50.939754486083984,2376400,0.0,0.0,0.0
2019-05-13 00:00:00-04:00,50.43416884411031,50.71080881827593,50.386473175206724,50.61541748046875,3080000,0.0,0.0,0.0
2019-05-14 00:00:00-04:00,50.72987534686324,50.968357271721025,50.634484032498285,50.71079635620117,2960700,0.0,0.0,0.0
2019-05-15 00:00:00-04:00,50.61541748192149,51.02560678460744,50.53910150051653,50.9111328125,3400100,0.0,0.0,0.0
2019-05-16 00:00:00-04:00,50.95882056615426,51.46440476706583,50.92066622032444,51.254539489746094,2171700,0.0,0.0,0.0
2019-05-17 00:00:00-04:00,51.044674642310085,51.454863884737314,50.987441303610495,51.29269790649414,2286400,0.0,0.0,0.0
2019-05-20 00:00:00-04:00,51.17802030991659,51.407391196004056,50.97732306316915,51.09200668334961,3737800,0.1,0.0,0.0
2019-05-21 00:00:00-04:00,51.31181025880101,51.48383748439142,51.23535573949747,51.40738296508789,1698200,0.0,0.0,0.0
2019-05-22 00:00:00-04:00,51.36915280408898,51.560294566923794,51.283139193099615,51.55073547363281,1683300,0.0,0.0,0.0
2019-05-23 00:00:00-04:00,51.35003046829142,51.522057664156414,51.235346886289875,51.46471405029297,3352200,0.0,0.0,0.0
2019-05-24 00:00:00-04:00,51.65586926175897,51.74188288213347,51.47428657240227,51.58897018432617,1447400,0.0,0.0,0.0
2019-05-28 00:00:00-04:00,51.69409674234529,51.7418812753525,50.977317810058594,50.977317810058594,2647400,0.0,0.0,0.0
2019-05-29 00:00:00-04:00,50.891310244090214,50.96776842257471,50.46124210443145,50.61415481567383,3961300,0.0,0.0,0.0
2019-05-30 00:00:00-04:00,50.71927279682231,50.95819908798719,50.67148826773451,50.8052864074707,2528800,0.0,0.0,0.0
2019-05-31 00:00:00-04:00,50.59503353657348,50.91997346042806,50.499464471915246,50.79573440551758,3824400,0.0,0.0,0.0
2019-06-03 00:00:00-04:00,50.89129335028754,51.30224680890564,50.767050674356966,51.235347747802734,5586200,0.0,0.0,0.0
2019-06-04 00:00:00-04:00,51.474282217708584,51.522066748157144,50.977315080446424,51.4933967590332,2853800,0.0,0.0,0.0
2019-06-05 00:00:00-04:00,51.71321031081525,52.4491037715915,51.6176376008745,52.439544677734375,4103800,0.0,0.0,0.0
2019-06-06 00:00:00-04:00,52.49688937050176,52.77404476637291,52.40132030434504,52.70714569091797,2970600,0.0,0.0,0.0
2019-06-07 00:00:00-04:00,52.888724729735976,53.21366463629014,52.78359657677346,52.793155670166016,2623500,0.0,0.0,0.0
2019-06-10 00:00:00-04:00,52.917393995461445,52.926953088723394,52.59245409334688,52.69758224487305,3661000,0.0,0.0,0.0
2019-06-11 00:00:00-04:00,52.82183059559287,52.92695875838061,52.34397796163136,52.57334518432617,2041800,0.0,0.0,0.0
2019-06-12 00:00:00-04:00,52.602023139336765,52.869619469688665,52.57334949985151,52.831390380859375,3606300,0.0,0.0,0.0
2019-06-13 00:00:00-04:00,52.95563836074905,52.993867453378506,52.64981291116727,52.860069274902344,3964200,0.0,0.0,0.0
2019-06-14 00:00:00-04:00,52.90783946022097,53.242334815639346,52.86005493026491,53.12765121459961,2591300,0.0,0.0,0.0
2019-06-17 00:00:00-04:00,53.15631318027322,53.27100040972857,52.91738692082934,52.95561599731445,3235700,0.0,0.0,0.0
2019-06-18 00:00:00-04:00,53.15632503739317,53.25189774992454,52.8218296578489,52.96518325805664,4596500,0.0,0.0,0.0
2019-06-19 00:00:00-04:00,52.91740320827209,53.41437041836392,52.87917776574697,53.309242248535156,3336100,0.0,0.0,0.0
2019-06-20 00:00:00-04:00,53.529048728052956,53.672405971914316,53.261452428286326,53.605506896972656,4197500,0.0,0.0,0.0
2019-06-21 00:00:00-04:00,53.500375659571354,53.52904564840371,53.242334822902286,53.37613296508789,1974100,0.0,0.0,0.0
2019-06-24 00:00:00-04:00,53.47188165354061,53.54847697241434,53.318694668058974,53.34741973876953,2879300,0.1,0.0,0.0
2019-06-25 00:00:00-04:00,53.414441898888235,53.452739560535036,53.06019400705437,53.09849166870117,2510500,0.0,0.0,0.0
2019-06-26 00:00:00-04:00,53.10806134336953,53.10806134336953,52.17936325073242,52.17936325073242,3689000,0.0,0.0,0.0
2019-06-27 00:00:00-04:00,52.34212722631712,52.524039285846804,52.32298204851326,52.42829513549805,3188400,0.0,0.0,0.0
2019-06-28 00:00:00-04:00,52.55275764349639,52.72509345181928,52.5240362261978,52.677223205566406,2590800,0.0,0.0,0.0
2019-07-01 00:00:00-04:00,52.98359545854759,52.99316804658371,52.59105360828644,52.91657638549805,4063900,0.0,0.0,0.0
2019-07-02 00:00:00-04:00,52.93572507734584,53.424007415771484,52.92614883706885,53.424007415771484,3747800,0.0,0.0,0.0
2019-07-03 00:00:00-04:00,53.5197444066087,53.998454093064005,53.510168167611155,53.979305267333984,1561900,0.0,0.0,0.0
2019-07-05 00:00:00-04:00,53.74952737144924,53.89314174994305,53.28039388593145,53.79739761352539,3028800,0.0,0.0,0.0
2019-07-08 00:00:00-04:00,53.77824783325195,53.864415728368215,53.68250735079624,53.77824783325195,3391700,0.0,0.0,0.0
2019-07-09 00:00:00-04:00,53.682511541680626,53.921866418771145,53.61549246827652,53.90271759033203,2316300,0.0,0.0,0.0
2019-07-10 00:00:00-04:00,54.01761722015165,54.17080787690718,53.91230412203164,54.036766052246094,2935500,0.0,0.0,0.0
2019-07-11 00:00:00-04:00,54.06548366700789,54.075056255601226,53.64421672358569,53.960166931152344,1868600,0.0,0.0,0.0
2019-07-12 00:00:00-04:00,54.01760268889148,54.036751515834695,53.73995382887801,53.93143844604492,2166700,0.0,0.0,0.0
2019-07-15 00:00:00-04:00,53.98889674514656,54.10378608746217,53.85485857040062,54.05591583251953,2603400,0.0,0.0,0.0
2019-07-16 00:00:00-04:00,54.02718371146108,54.08463019737642,53.7208097577772,53.87399673461914,2984700,0.0,0.0,0.0
2019-07-17 00:00:00-04:00,53.95058362348447,54.05590034554493,53.672934763456794,53.77824783325195,2513700,0.0,0.0,0.0
2019-07-18 00:00:00-04:00,53.70165601211244,54.04632759151443,53.491022568641164,54.00802993774414,3606500,0.0,0.0,0.0
2019-07-19 00:00:00-04:00,54.02718290237211,54.02718290237211,53.261248029632725,53.27082061767578,4132500,0.0,0.0,0.0
2019-07-22 00:00:00-04:00,53.358116612160146,53.39648026359396,53.08954909867487,53.21424102783203,3151700,0.101,0.0,0.0
2019-07-23 00:00:00-04:00,53.358116908655745,53.46362518322823,53.10873304895568,53.396480560302734,3056200,0.0,0.0,0.0
2019-07-24 00:00:00-04:00,53.406065821708516,53.42524947397031,53.03199374987244,53.35810852050781,2619500,0.0,0.0,0.0
2019-07-25 00:00:00-04:00,53.25259599445614,53.38687789061877,53.1183140982935,53.33892059326172,2386700,0.0,0.0,0.0
2019-07-26 00:00:00-04:00,53.386893434701726,53.741781929161604,53.3197524670717,53.684234619140625,3812000,0.0,0.0,0.0
2019-07-29 00:00:00-04:00,53.74176880514839,53.9431953177574,53.67462785391453,53.78013610839844,3448500,0.0,0.0,0.0
2019-07-30 00:00:00-04:00,53.69380781609958,53.962371602581314,53.52115862224498,53.6170768737793,4879900,0.0,0.0,0.0
2019-07-31 00:00:00-04:00,53.645850137741355,53.82808932599796,52.9072960712691,53.27177810668945,4346900,0.0,0.0,0.0
2019-08-01 00:00:00-04:00,53.2909617568597,53.70340108825209,53.12790255986619,53.27177810668945,8902600,0.0,0.0,0.0
2019-08-02 00:00:00-04:00,53.26218872691697,53.645854443300166,53.15668047196622,53.29096603393555,5522300,0.0,0.0,0.0
2019-08-05 00:00:00-04:00,53.03198786351169,53.23341070154197,51.756302571505614,52.1111946105957,7274500,0.0,0.0,0.0
2019-08-06 00:00:00-04:00,52.264662583117456,52.93607207443974,52.04405242578893,52.87852478027344,5528600,0.0,0.0,0.0
2019-08-07 00:00:00-04:00,52.60996416206,53.31015470927724,51.99610188512611,53.012813568115234,4953800,0.0,0.0,0.0
2019-08-08 00:00:00-04:00,53.156680541489024,53.84727736831903,52.964851341953974,53.789730072021484,4021900,0.0,0.0,0.0
2019-08-09 00:00:00-04:00,53.75135545201421,53.96236827456157,53.415647080709,53.808902740478516,3651300,0.0,0.0,0.0
2019-08-12 00:00:00-04:00,53.66503781006302,53.78972971606159,53.25259844775862,53.44443130493164,2711400,0.0,0.0,0.0
2019-08-13 00:00:00-04:00,53.396471765152036,53.93360304772608,53.281373511353145,53.83768844604492,3836900,0.0,0.0,0.0
2019-08-14 00:00:00-04:00,53.47320469858103,53.58830294877448,52.753834231783976,52.77301788330078,5692600,0.0,0.0,0.0
2019-08-15 00:00:00-04:00,52.93607548856348,53.50198042410993,52.87852819068565,53.35810852050781,5446100,0.0,0.0,0.0
2019-08-16 00:00:00-04:00,53.521155321436154,53.91441098120567,53.492381677204,53.808902740478516,6260500,0.0,0.0,0.0
2019-08-19 00:00:00-04:00,54.109677570105916,54.32107853645153,53.946318445672624,54.20576858520508,2588600,0.103,0.0,0.0
2019-08-20 00:00:00-04:00,54.22499896995137,54.22499896995137,53.81180091963881,53.85023880004883,2216700,0.0,0.0,0.0
2019-08-21 00:00:00-04:00,54.04241191889007,54.119283996124324,53.91749066954257,54.109676361083984,3085600,0.0,0.0,0.0
2019-08-22 00:00:00-04:00,54.18656168272258,54.359528480823066,53.821409146106184,54.25382614135742,2465400,0.0,0.0,0.0
2019-08-23 00:00:00-04:00,54.17694424278824,54.39795651911917,53.10070576808449,53.331329345703125,11605200,0.0,0.0,0.0
2019-08-26 00:00:00-04:00,53.60038447636758,53.936710357666016,53.40820244778245,53.936710357666016,3867100,0.0,0.0,0.0
2019-08-27 00:00:00-04:00,54.18655785198709,54.26343360821392,53.879062158355396,53.89828109741211,4009400,0.0,0.0,0.0
2019-08-28 00:00:00-04:00,53.907883059660726,54.1000687643601,53.74452759333058,54.042415618896484,4590100,0.0,0.0,0.0
2019-08-29 00:00:00-04:00,54.397961754715375,54.50366408522914,54.10007370196185,54.426788330078125,3150900,0.0,0.0,0.0
2019-08-30 00:00:00-04:00,54.69584366417846,54.724673903873004,54.35952141472216,54.52288055419922,3433300,0.0,0.0,0.0
2019-09-03 00:00:00-04:00,54.359533284671016,54.859214782714844,54.34992564643331,54.859214782714844,4286400,0.0,0.0,0.0
2019-09-04 00:00:00-04:00,55.1378742135511,55.25318418024435,54.926469553248694,55.22435760498047,3091700,0.0,0.0,0.0
2019-09-05 00:00:00-04:00,55.406923497833276,55.435750068661044,55.08020892111559,55.10903549194336,5239600,0.0,0.0,0.0
2019-09-06 00:00:00-04:00,55.24356668376514,55.3877031999966,55.17629857742594,55.23395538330078,2066100,0.0,0.0,0.0
2019-09-09 00:00:00-04:00,55.28201057813442,55.28201057813442,54.81115941069239,54.868812561035156,3404800,0.0,0.0,0.0
2019-09-10 00:00:00-04:00,54.77271273748929,54.77271273748929,54.10967595555958,54.48443603515625,3850000,0.0,0.0,0.0
2019-09-11 00:00:00-04:00,54.42678066311491,54.743887609986146,54.21537603186743,54.715057373046875,5696200,0.0,0.0,0.0
2019-09-12 00:00:00-04:00,55.01294806690663,55.18591483442913,54.83037366369397,54.974510192871094,5065400,0.0,0.0,0.0
2019-09-13 00:00:00-04:00,54.936071382473614,55.08982287599513,54.5997491544887,54.72467041015625,5310700,0.0,0.0,0.0
2019-09-16 00:00:00-04:00,54.64779292958399,54.849589925609884,54.54209061396025,54.715057373046875,4090500,0.0,0.0,0.0
2019-09-17 00:00:00-04:00,54.8015394772652,55.26278293554987,54.8015394772652,55.195518493652344,3046700,0.0,0.0,0.0
2019-09-18 00:00:00-04:00,55.29163196487435,55.35889642963437,54.8880415106758,55.34928512573242,2551700,0.0,0.0,0.0
2019-09-19 00:00:00-04:00,55.435751168300094,55.51262691288198,55.29161464566495,55.35887908935547,1977200,0.0,0.0,0.0
2019-09-20 00:00:00-04:00,55.47419324872284,55.5222387599125,55.16669757834398,55.27239990234375,3415000,0.0,0.0,0.0
2019-09-23 00:00:00-04:00,55.21657357483005,55.495737743564284,55.18769578915057,55.34171676635742,2187800,0.102,0.0,0.0
2019-09-24 00:00:00-04:00,55.52460921582214,55.82302643179444,55.28395123679106,55.48610305786133,4647800,0.0,0.0,0.0
2019-09-25 00:00:00-04:00,55.495730909512766,55.58236792803202,55.322456872474255,55.51498031616211,5595100,0.0,0.0,0.0
2019-09-26 00:00:00-04:00,55.611244938931094,55.9481646328617,55.54386100014498,55.79414367675781,3388600,0.0,0.0,0.0
2019-09-27 00:00:00-04:00,55.96742495352874,55.96742495352874,55.26470402086399,55.59199905395508,3901900,0.0,0.0,0.0
2019-09-30 00:00:00-04:00,55.64975975874662,55.88078939279117,55.64975975874662,55.73639678955078,2713000,0.0,0.0,0.0
2019-10-01 00:00:00-04:00,55.73638158759555,55.813390220556556,55.245437322892464,55.26469039916992,7215900,0.0,0.0,0.0
2019-10-02 00:00:00-04:00,55.12992620678465,55.14917928434358,54.379074542731814,54.58122634887695,4209700,0.0,0.0,0.0
2019-10-03 00:00:00-04:00,54.54272331400451,54.86039360367629,54.27318755705823,54.850765228271484,5890300,0.0,0.0,0.0
2019-10-04 00:00:00-04:00,54.93740838749928,55.67863547411097,54.927783683167824,55.6305046081543,4642600,0.0,0.0,0.0
2019-10-07 00:00:00-04:00,55.48610891927756,55.62087681422762,55.283957076852474,55.360965728759766,4482100,0.0,0.0,0.0
2019-10-08 00:00:00-04:00,55.178059174274885,55.178059174274885,54.68711853027344,54.68711853027344,3864700,0.0,0.0,0.0
2019-10-09 00:00:00-04:00,54.975913778469476,55.149187831204266,54.79301134938851,54.985538482666016,2884500,0.0,0.0,0.0
2019-10-10 00:00:00-04:00,54.908530991721754,55.30320997080467,54.773763097227544,55.14918899536133,4269600,0.0,0.0,0.0
2019-10-11 00:00:00-04:00,55.409092112099266,55.52460690903327,55.15880576790155,55.168434143066406,5894300,0.0,0.0,0.0
2019-10-14 00:00:00-04:00,55.20693896440205,55.27432290481194,54.96628098518121,55.02404022216797,2687600,0.0,0.0,0.0
2019-10-15 00:00:00-04:00,55.13955411735457,55.19731335339162,55.004786238750725,55.0817985534668,3454800,0.0,0.0,0.0
2019-10-16 00:00:00-04:00,55.03366752951599,55.10105514526367,54.79300953890838,55.10105514526367,4867700,0.0,0.0,0.0
2019-10-17 00:00:00-04:00,55.16843765545698,55.332083322186485,55.08180063420328,55.18769073486328,2308100,0.0,0.0,0.0
2019-10-18 00:00:00-04:00,55.13956080532042,55.457231133831044,55.07217685784539,55.360965728759766,2482600,0.0,0.0,0.0
2019-10-21 00:00:00-04:00,55.50948571459871,55.62520980834961,55.326251914123624,55.62520980834961,3211000,0.104,0.0,0.0
2019-10-22 00:00:00-04:00,55.66378266657822,55.692712768721826,55.3069609057292,55.35518264770508,2825100,0.0,0.0,0.0
2019-10-23 00:00:00-04:00,55.364820964561986,55.50947882289276,55.22980892548108,55.48054504394531,2542500,0.0,0.0,0.0
2019-10-24 00:00:00-04:00,55.567335621302725,55.683063372403254,55.413035631970615,55.55769348144531,2002900,0.0,0.0,0.0
2019-10-25 00:00:00-04:00,55.5962702672965,55.60591240730459,55.171942530900665,55.23944854736328,4389000,0.0,0.0,0.0
2019-10-28 00:00:00-04:00,55.23944543736677,55.297309310563534,54.921203331789,54.96942138671875,3891200,0.0,0.0,0.0
2019-10-29 00:00:00-04:00,54.901912844418305,55.22980075315545,54.834406834866684,55.15264892578125,2759000,0.0,0.0,0.0
2019-10-30 00:00:00-04:00,55.17194166871408,55.57698143996207,55.03692963789872,55.55769348144531,2951900,0.0,0.0,0.0
2019-10-31 00:00:00-04:00,55.54806081200955,55.63485480647968,55.23946076029416,55.51913070678711,3027400,0.0,0.0,0.0
2019-11-01 00:00:00-04:00,55.673427199964536,55.731291085540555,55.355185026302884,55.470909118652344,4548000,0.0,0.0,0.0
2019-11-04 00:00:00-05:00,55.58662530871856,55.60591326783523,54.95013737307682,55.09479522705078,5292800,0.0,0.0,0.0
2019-11-05 00:00:00-05:00,54.97907287793862,55.01764879996477,54.602966835189726,54.80548858642578,6170600,0.0,0.0,0.0
2019-11-06 00:00:00-05:00,54.83441498981547,55.162302947315965,54.81512703010342,55.05622100830078,5330200,0.0,0.0,0.0
2019-11-07 00:00:00-05:00,55.08515750781079,55.10444546976356,54.73798155026619,54.87299728393555,5059500,0.0,0.0,0.0
2019-11-08 00:00:00-05:00,54.75726388299756,54.89227592398466,54.64153980198036,54.786197662353516,5316300,0.0,0.0,0.0
2019-11-11 00:00:00-05:00,54.66082523657061,54.805483090260445,54.61260717827468,54.670467376708984,2441500,0.0,0.0,0.0
2019-11-12 00:00:00-05:00,54.68011022908616,54.81512225651077,54.54509820166155,54.65117645263672,2817900,0.0,0.0,0.0
2019-11-13 00:00:00-05:00,54.62225026844612,55.152656276530685,54.58367434961762,55.07550811767578,3583200,0.0,0.0,0.0
2019-11-14 00:00:00-05:00,55.12372982635344,55.28767565282779,55.046581662390835,55.24909973144531,2722200,0.0,0.0,0.0
2019-11-15 00:00:00-05:00,55.35516640702411,55.384096500679895,55.18157848748672,55.37445068359375,3135600,0.0,0.0,0.0
2019-11-18 00:00:00-05:00,55.43920131303009,55.6807454062727,55.40055337355039,55.46818542480469,2231900,0.107,0.0,0.0
2019-11-19 00:00:00-05:00,55.47784556683943,55.5454813037641,55.313597352556236,55.46818542480469,2808200,0.0,0.0,0.0
2019-11-20 00:00:00-05:00,55.410208417835676,55.574460302678034,55.226636250701304,55.448856353759766,3393000,0.0,0.0,0.0
2019-11-21 00:00:00-05:00,55.439201300253536,55.439201300253536,55.04306913485377,55.120361328125,4048900,0.0,0.0,0.0
2019-11-22 00:00:00-05:00,55.21697997538094,55.23630025902559,54.88847986836745,55.13002395629883,3607700,0.0,0.0,0.0
2019-11-25 00:00:00-05:00,55.20731356840576,55.36190163003212,55.033401538367336,55.091373443603516,3072700,0.0,0.0,0.0
2019-11-26 00:00:00-05:00,55.13001754793846,55.5358097993718,55.101029754500466,55.497161865234375,3551700,0.0,0.0,0.0
2019-11-27 00:00:00-05:00,55.50682960508685,55.671077808246345,55.41020976293116,55.61310958862305,3988300,0.0,0.0,0.0
2019-11-29 00:00:00-05:00,55.65175885651773,55.80634693223198,55.46818666837907,55.51649475097656,1755100,0.0,0.0,0.0
2019-12-02 00:00:00-05:00,55.41021859396199,55.49717462292571,54.9754421348141,54.9947624206543,11358700,0.0,0.0,0.0
2019-12-03 00:00:00-05:00,54.840161689676854,55.04306150092315,54.8305015489841,55.03339767456055,4050200,0.0,0.0,0.0
2019-12-04 00:00:00-05:00,54.97544343661731,55.42954387802909,54.95611946464882,55.33292770385742,3901100,0.0,0.0,0.0
2019-12-05 00:00:00-05:00,55.26528295365708,55.48750305175781,55.16866311600245,55.48750305175781,2595500,0.0,0.0,0.0
2019-12-06 00:00:00-05:00,55.53581491231707,55.78702282166808,55.516490943469286,55.60344696044922,2961100,0.0,0.0,0.0
2019-12-09 00:00:00-05:00,55.613115846497635,55.67108407264381,55.48751188039669,55.56480407714844,2019500,0.0,0.0,0.0
2019-12-10 00:00:00-05:00,55.564796475862,55.58412044382405,55.36190034076559,55.448856353759766,2197000,0.0,0.0,0.0
2019-12-11 00:00:00-05:00,55.48750938817081,55.52615732764607,55.14934913193815,55.294273376464844,2240300,0.0,0.0,0.0
2019-12-12 00:00:00-05:00,55.284610652610766,55.5068307657102,55.043066570676146,55.16866683959961,5313900,0.0,0.0,0.0
2019-12-13 00:00:00-05:00,55.149354213285754,55.429542586121485,55.004426269735326,55.40055847167969,5513300,0.0,0.0,0.0
2019-12-16 00:00:00-05:00,55.54547622699835,55.758032503368696,55.371564200905325,55.70972442626953,3032500,0.0,0.0,0.0
2019-12-17 00:00:00-05:00,55.796681720115146,55.931945813365786,55.63243351707369,55.642093658447266,2797800,0.0,0.0,0.0
2019-12-18 00:00:00-05:00,55.738718739768316,55.835338597325375,55.59379448193878,55.748382568359375,1707300,0.0,0.0,0.0
2019-12-19 00:00:00-05:00,55.76770516100499,55.99958544206725,55.72905721893775,55.9609375,1890500,0.0,0.0,0.0
2019-12-20 00:00:00-05:00,56.067220051737465,56.45369211867269,56.038235936702094,56.26045608520508,3347600,0.0,0.0,0.0
2019-12-23 00:00:00-05:00,56.36789575524972,56.503418184642456,55.92260671789952,55.93228530883789,2224800,0.111,0.0,0.0
2019-12-24 00:00:00-05:00,56.000049008647316,56.06781022635072,55.864526573240504,56.00973129272461,1602000,0.0,0.0,0.0
2019-12-26 00:00:00-05:00,56.07749101189056,56.18397397763881,56.00004751217935,56.1452522277832,1359300,0.0,0.0,0.0
2019-12-27 00:00:00-05:00,56.261409719501216,56.348531804026706,56.14524817103692,56.31949234008789,2391700,0.0,0.0,0.0
2019-12-30 00:00:00-05:00,56.25173767899007,56.28077714631021,56.03877173808375,56.22269821166992,2153000,0.0,0.0,0.0
2019-12-31 00:00:00-05:00,56.2130142171066,56.49374136835825,56.135574409039215,56.47438049316406,2407100,0.0,0.0,0.0
2020-01-02 00:00:00-05:00,56.62926821959274,56.62926821959274,55.85485161496075,56.067813873291016,4462600,0.0,0.0,0.0
2020-01-03 00:00:00-05:00,55.777401712136886,56.300134245087754,55.777401712136886,56.16461181640625,3130900,0.0,0.0,0.0
2020-01-06 00:00:00-05:00,56.00004998651725,56.28077714631021,56.00004998651725,56.22269821166992,2198300,0.0,0.0,0.0
2020-01-07 00:00:00-05:00,56.09685360017587,56.09685360017587,55.80644785280766,55.89356994628906,2698800,0.0,0.0,0.0
2020-01-08 00:00:00-05:00,55.97101769518565,56.242062605482644,55.93229593865467,56.05813980102539,5078900,0.0,0.0,0.0
2020-01-09 00:00:00-05:00,56.096850352493824,56.377577492204715,56.087168068940095,56.3388557434082,2455100,0.0,0.0,0.0
2020-01-10 00:00:00-05:00,56.41631006306119,56.54215393267231,56.3582311176331,56.40663146972656,1942600,0.0,0.0,0.0
2020-01-13 00:00:00-05:00,56.445336188890984,56.7938208343902,56.42597531535619,56.77446365356445,2410100,0.0,0.0,0.0
2020-01-14 00:00:00-05:00,56.72605783585533,56.73574011867215,56.522774209209274,56.687339782714844,2553000,0.0,0.0,0.0
2020-01-15 00:00:00-05:00,56.78414794630003,57.23911928828385,56.78414794630003,57.14231491088867,3167500,0.0,0.0,0.0
2020-01-16 00:00:00-05:00,57.28752030301922,57.587608337402344,57.27783801881135,57.587608337402344,2138800,0.0,0.0,0.0
2020-01-17 00:00:00-05:00,57.60696690746532,57.907054949073995,57.60696690746532,57.84897232055664,2589900,0.0,0.0,0.0
2020-01-21 00:00:00-05:00,57.85382637163107,58.144792060290655,57.80532900699659,58.08659744262695,2551100,0.115,0.0,0.0
2020-01-22 00:00:00-05:00,58.24177462509745,58.377558355374724,58.05749723398246,58.125389099121094,2439900,0.0,0.0,0.0
2020-01-23 00:00:00-05:00,58.06719316687196,58.4939462521376,57.92171218766429,58.48424530029297,4754600,0.0,0.0,0.0
2020-01-24 00:00:00-05:00,58.52304034634728,58.58123495657377,58.15448188123748,58.38725662231445,3525700,0.0,0.0,0.0
2020-01-27 00:00:00-05:00,57.99930601745217,58.280574446542516,57.95081235377472,57.98960876464844,3791400,0.0,0.0,0.0
2020-01-28 00:00:00-05:00,58.125396188704215,58.44545734913449,58.09630072861863,58.29997634887695,2925100,0.0,0.0,0.0
2020-01-29 00:00:00-05:00,58.41635352965611,58.445448985578125,58.164184278730744,58.17388153076172,2338800,0.0,0.0,0.0
2020-01-30 00:00:00-05:00,57.98960922639829,58.76551895090392,57.98960922639829,58.73642349243164,4949800,0.0,0.0,0.0
2020-01-31 00:00:00-05:00,58.63942377275757,58.784908443213546,58.00899883371565,58.164180755615234,6053200,0.0,0.0,0.0
2020-02-03 00:00:00-05:00,58.377559953917434,58.658828374238944,58.348464496583915,58.367862701416016,10329000,0.0,0.0,0.0
2020-02-04 00:00:00-05:00,58.66852209201751,58.89159587033498,58.474543767445724,58.503639221191406,4615900,0.0,0.0,0.0
2020-02-05 00:00:00-05:00,58.66853109482759,58.9497958237971,58.590938273160575,58.91100311279297,3474900,0.0,0.0,0.0
2020-02-06 00:00:00-05:00,59.00798081333607,59.10496812476771,58.91099350190442,58.988582611083984,3114900,0.0,0.0,0.0
2020-02-07 00:00:00-05:00,59.00798849889124,59.10497582295509,58.78491469368096,58.83340835571289,3542500,0.0,0.0,0.0
2020-02-10 00:00:00-05:00,58.891604790552286,59.22136688232422,58.891604790552286,59.22136688232422,2367000,0.0,0.0,0.0
2020-02-11 00:00:00-05:00,59.36684370882415,59.57051930126582,59.3086527966003,59.3862419128418,2231400,0.0,0.0,0.0
2020-02-12 00:00:00-05:00,59.37654512924601,59.46383519809964,59.21166224370956,59.366844177246094,2717100,0.0,0.0,0.0
2020-02-13 00:00:00-05:00,59.279562746851056,59.83239869687577,59.279562746851056,59.783905029296875,2567700,0.0,0.0,0.0
2020-02-14 00:00:00-05:00,59.86148842515718,60.171852288554966,59.79359656127823,60.16215133666992,2150900,0.0,0.0,0.0
2020-02-18 00:00:00-05:00,60.171845881261014,60.2203395360352,59.96817031131221,60.113651275634766,2743000,0.0,0.0,0.0
2020-02-19 00:00:00-05:00,60.16215006381549,60.16215006381549,59.754798889160156,59.754798889160156,2136800,0.0,0.0,0.0
2020-02-20 00:00:00-05:00,59.72570601784776,59.83239059213825,59.27955471699923,59.80329513549805,3578600,0.0,0.0,0.0
2020-02-21 00:00:00-05:00,59.66751814475728,59.88089471709955,59.628721731635125,59.68691635131836,2633000,0.0,0.0,0.0
2020-02-24 00:00:00-05:00,58.92699297882841,59.305975358888986,58.55772647984826,58.674339294433594,7131100,0.118,0.0,0.0
2020-02-25 00:00:00-05:00,58.77152475744497,58.83954705950372,57.090395265109144,57.197288513183594,12552300,0.0,0.0,0.0
2020-02-26 00:00:00-05:00,57.35275913409746,57.86778610960777,56.69196798853031,56.74055480957031,12431600,0.0,0.0,0.0
2020-02-27 00:00:00-05:00,56.19638363216837,56.48790830243319,54.0585298719975,54.10711669921875,11441500,0.0,0.0,0.0
2020-02-28 00:00:00-05:00,52.89243162443239,53.12564989612571,51.46395580929486,52.63005828857422,18947800,0.0,0.0,0.0
2020-03-02 00:00:00-05:00,52.83411564019813,55.331516113604934,52.71750652545742,55.321800231933594,18461200,0.0,0.0,0.0
2020-03-03 00:00:00-05:00,55.3606715209641,56.28383226996618,54.068240541262064,54.408355712890625,11655200,0.0,0.0,0.0
2020-03-04 00:00:00-05:00,55.26349111720112,57.08066857659681,55.20518841615183,57.04179763793945,6671800,0.0,0.0,0.0
2020-03-05 00:00:00-05:00,55.98259210227869,56.47818362640219,55.16632087488818,55.72993469238281,6027200,0.0,0.0,0.0
2020-03-06 00:00:00-05:00,54.23345090615608,55.37039834737501,53.64068191600767,55.12746047973633,8589400,0.0,0.0,0.0
2020-03-09 00:00:00-04:00,51.53197441033022,53.18395249499763,50.75457404899771,51.697174072265625,8412700,0.0,0.0,0.0
2020-03-10 00:00:00-04:00,52.80497047173813,53.39773941040039,50.997512300386774,53.39773941040039,9765200,0.0,0.0,0.0
2020-03-11 00:00:00-04:00,52.0275658123563,52.12473946018046,50.171520966193356,50.76428985595703,7816400,0.0,0.0,0.0
2020-03-12 00:00:00-04:00,47.73242404430017,49.122028735553975,42.523836349382,45.97355651855469,13885900,0.0,0.0,0.0
2020-03-13 00:00:00-04:00,48.13084799822567,49.26779911916658,45.73062444412835,49.258079528808594,9205100,0.0,0.0,0.0
2020-03-16 00:00:00-04:00,44.28270699006658,46.935587626921134,42.95140873060559,43.15547561645508,9973800,0.0,0.0,0.0
2020-03-17 00:00:00-04:00,43.962030230166775,47.02304458618164,43.194345817219386,47.02304458618164,9860900,0.0,0.0,0.0
2020-03-18 00:00:00-04:00,44.13695210977743,45.11842321754283,41.84362164416239,43.98147201538086,9298400,0.0,0.0,0.0
2020-03-19 00:00:00-04:00,43.43728985557604,44.06892606372274,42.12542319507896,43.048587799072266,7686600,0.0,0.0,0.0
2020-03-20 00:00:00-04:00,43.29151954740844,43.29151954740844,40.133327831615254,40.33739471435547,6385500,0.0,0.0,0.0
2020-03-23 00:00:00-04:00,39.99340463568235,40.20779169905749,37.59614009879244,38.346500396728516,22122600,0.117,0.0,0.0
2020-03-24 00:00:00-04:00,40.10059900223065,42.205514786291545,39.95442279771192,42.108062744140625,12530700,0.0,0.0,0.0
2020-03-25 00:00:00-04:00,42.19575822634336,44.632002970559654,41.15304577321194,43.06306076049805,16420000,0.0,0.0,0.0
2020-03-26 00:00:00-04:00,43.37490905728233,46.230188804918846,43.27746073365993,45.928096771240234,9272200,0.0,0.0,0.0
2020-03-27 00:00:00-04:00,44.544306791038586,47.21443319266098,44.44685846902804,45.74293899536133,10328400,0.0,0.0,0.0
2020-03-30 00:00:00-04:00,46.093748645427716,47.26314683640938,45.58700930542185,47.10722732543945,7591700,0.0,0.0,0.0
2020-03-31 00:00:00-04:00,46.892840362347165,46.892840362347165,45.48956465114343,45.72344207763672,6669600,0.0,0.0,0.0
2020-04-01 00:00:00-04:00,43.91088008674113,44.26169623507256,42.91689170626518,43.53082275390625,7396400,0.0,0.0,0.0
2020-04-02 00:00:00-04:00,43.033835152896565,44.74895014157275,42.97536392970646,44.368896484375,9860600,0.0,0.0,0.0
2020-04-03 00:00:00-04:00,44.10578294104564,44.54430783520299,43.14103189131474,43.491851806640625,5517300,0.0,0.0,0.0
2020-04-06 00:00:00-04:00,45.031550332788754,46.951312524594485,45.031550332788754,46.62972640991211,6184900,0.0,0.0,0.0
2020-04-07 00:00:00-04:00,48.13045216384295,48.276628340296426,46.48355200055149,46.53227615356445,6792800,0.0,0.0,0.0
2020-04-08 00:00:00-04:00,46.95130890547441,48.79310933329652,46.49329370498859,48.53974151611328,5479200,0.0,0.0,0.0
2020-04-09 00:00:00-04:00,49.036742724320035,50.8395626719758,49.036742724320035,50.293846130371094,7580900,0.0,0.0,0.0
2020-04-13 00:00:00-04:00,49.89429908432188,49.97225699242369,48.51050997071942,48.832096099853516,4962700,0.0,0.0,0.0
2020-04-14 00:00:00-04:00,49.767610293742344,50.42052585703218,49.679905329044146,50.332820892333984,3457100,0.0,0.0,0.0
2020-04-15 00:00:00-04:00,49.15368430637652,49.280370104068915,48.41306736372978,48.66643524169922,3602900,0.0,0.0,0.0
2020-04-16 00:00:00-04:00,48.763875446765006,48.988009516014095,48.16943113738443,48.60795593261719,3911900,0.0,0.0,0.0
2020-04-17 00:00:00-04:00,49.73837341523372,50.38154187674905,49.26086781138373,50.25485610961914,3134000,0.0,0.0,0.0
2020-04-20 00:00:00-04:00,49.56920486631418,49.608275084572604,48.612006874629316,48.69014358520508,4204300,0.118,0.0,0.0
2020-04-21 00:00:00-04:00,47.645027550834456,48.23106950033626,47.30317254141353,47.5180549621582,10601000,0.0,0.0,0.0
2020-04-22 00:00:00-04:00,48.22130922710641,48.69991005696968,47.8501533539252,48.377586364746094,4377300,0.0,0.0,0.0
2020-04-23 00:00:00-04:00,48.32875246345033,48.602236534183916,47.664573669433594,47.664573669433594,5561300,0.0,0.0,0.0
2020-04-24 00:00:00-04:00,47.89898617697452,48.28967713294969,47.42038537792469,48.11386489868164,3207000,0.0,0.0,0.0
2020-04-27 00:00:00-04:00,48.406885345983646,49.21757174029154,48.406885345983646,49.05152893066406,3555600,0.0,0.0,0.0
2020-04-28 00:00:00-04:00,49.784081653490446,50.04780000769615,49.22734414770308,49.334781646728516,4339200,0.0,0.0,0.0
2020-04-29 00:00:00-04:00,50.11615841773276,50.25290040569262,49.35430434405111,49.744998931884766,3724000,0.0,0.0,0.0
2020-04-30 00:00:00-04:00,49.14920524498403,49.14920524498403,48.514327291909225,48.778045654296875,4196300,0.0,0.0,0.0
2020-05-01 00:00:00-04:00,48.07479993508834,48.1431709476997,47.371550975725,47.55712890625,4030900,0.0,0.0,0.0
2020-05-04 00:00:00-04:00,47.2738677767839,47.67432806529646,46.95154417274363,47.586421966552734,3303700,0.0,0.0,0.0
2020-05-05 00:00:00-04:00,47.8892209503706,48.46549360734575,47.8892209503706,47.97712707519531,2638500,0.0,0.0,0.0
2020-05-06 00:00:00-04:00,48.11385649292075,48.19199690602859,46.902709897269006,46.9124755859375,3547700,0.0,0.0,0.0
2020-05-07 00:00:00-04:00,47.371539677202605,48.1333900508445,47.371539677202605,47.52781677246094,4841800,0.0,0.0,0.0
2020-05-08 00:00:00-04:00,48.16271167224762,48.41666064500215,47.869688754376995,48.2896842956543,3148700,0.0,0.0,0.0
2020-05-11 00:00:00-04:00,47.908748480801286,48.32874393009313,47.48875303150943,47.957584381103516,3518900,0.0,0.0,0.0
2020-05-12 00:00:00-04:00,48.094325115583764,48.12362590752922,46.89294048266054,46.9124755859375,3505900,0.0,0.0,0.0
2020-05-13 00:00:00-04:00,46.64875969993003,46.69759932362536,45.69156194535615,45.974815368652344,5405600,0.0,0.0,0.0
2020-05-14 00:00:00-04:00,45.50599428087836,46.38505554199219,44.76367878055858,46.38505554199219,5883400,0.0,0.0,0.0
2020-05-15 00:00:00-04:00,46.052958611958516,46.4338838541414,45.584123532105316,46.36551284790039,4308000,0.0,0.0,0.0
2020-05-18 00:00:00-04:00,47.21443431098165,47.586507204089614,47.038187683658265,47.371097564697266,9686700,0.117,0.0,0.0
2020-05-19 00:00:00-04:00,47.16546880994392,47.25359211389104,46.724856025354484,46.73464584350586,6614300,0.0,0.0,0.0
2020-05-20 00:00:00-04:00,47.067559560940936,47.28297292945899,46.87172956548329,46.999019622802734,5242100,0.0,0.0,0.0
2020-05-21 00:00:00-04:00,46.88151415236543,46.90109752168006,46.4408976806509,46.56818771362305,3601900,0.0,0.0,0.0
2020-05-22 00:00:00-04:00,46.54860941746024,46.74443939680342,46.45069256021556,46.73464584350586,2807500,0.0,0.0,0.0
2020-05-26 00:00:00-04:00,47.40047580745267,47.45922593453508,47.04798251525222,47.09693908691406,3798200,0.0,0.0,0.0
2020-05-27 00:00:00-04:00,47.47881179841128,48.046714782714844,47.2633983896338,48.046714782714844,4125400,0.0,0.0,0.0
2020-05-28 00:00:00-04:00,48.40899663000148,48.810446504252724,48.26212691121518,48.52649688720703,4141000,0.0,0.0,0.0
2020-05-29 00:00:00-04:00,48.50690965975967,49.03564956976364,48.15441638642369,48.9377326965332,5438800,0.0,0.0,0.0
2020-06-01 00:00:00-04:00,48.84960940676296,49.153146111234605,48.75169626862206,48.996482849121094,2960300,0.0,0.0,0.0
2020-06-02 00:00:00-04:00,49.094393456439384,49.39793014526367,48.90835700950318,49.39793014526367,2350800,0.0,0.0,0.0
2020-06-03 00:00:00-04:00,49.58396914483028,49.770009336490624,49.50563938135234,49.64271926879883,2546600,0.0,0.0,0.0
2020-06-04 00:00:00-04:00,49.43710068312083,49.632926964322614,49.04544065042348,49.33918380737305,3815800,0.0,0.0,0.0
2020-06-05 00:00:00-04:00,49.81895699526833,50.35748662898173,49.67208357918916,50.034366607666016,3870700,0.0,0.0,0.0
2020-06-08 00:00:00-04:00,49.92666633741932,50.57290267944336,49.86791622081847,50.57290267944336,2777500,0.0,0.0,0.0
2020-06-09 00:00:00-04:00,50.25957732795432,50.328117264627814,49.87770716415658,49.94624710083008,4270700,0.0,0.0,0.0
2020-06-10 00:00:00-04:00,49.95604194089467,50.08333199877113,49.59375887555791,49.76021194458008,4096900,0.0,0.0,0.0
2020-06-11 00:00:00-04:00,48.96709932252737,49.172722861155734,47.42984010291062,47.51796340942383,7343500,0.0,0.0,0.0
2020-06-12 00:00:00-04:00,48.418781179769226,48.418781179769226,46.99901841802867,47.71379470825195,6010400,0.0,0.0,0.0
2020-06-15 00:00:00-04:00,46.95985792562254,48.271914180565474,46.81298821459832,48.13483428955078,4022700,0.0,0.0,0.0
2020-06-16 00:00:00-04:00,49.09439850263723,49.202105201198705,48.213169008778586,48.83002853393555,5562300,0.0,0.0,0.0
2020-06-17 00:00:00-04:00,48.937735285159036,49.18252187846324,48.70274224726931,48.859405517578125,2517900,0.0,0.0,0.0
2020-06-18 00:00:00-04:00,48.62440869221656,48.90836203657915,48.5754521206378,48.83002853393555,2443200,0.0,0.0,0.0
2020-06-19 00:00:00-04:00,49.29022595688666,49.36855572030358,48.41878632867269,48.58523941040039,4824000,0.0,0.0,0.0
2020-06-22 00:00:00-04:00,48.48416623122018,48.78835886754813,48.268287344586255,48.67060470581055,2071300,0.107,0.0,0.0
2020-06-23 00:00:00-04:00,48.974803236730935,49.01405462870108,48.56267485070069,48.63136291503906,2753400,0.0,0.0,0.0
2020-06-24 00:00:00-04:00,48.31735010520652,48.3860381565223,47.43421266940647,47.699153900146484,4330800,0.0,0.0,0.0
2020-06-25 00:00:00-04:00,47.659905518535936,48.14072565125956,47.27721385331626,48.09165954589844,2975600,0.0,0.0,0.0
2020-06-26 00:00:00-04:00,48.04259333806107,48.22903553978517,47.40477519482353,47.60102462768555,4182000,0.0,0.0,0.0
2020-06-29 00:00:00-04:00,47.875788993379025,48.19960360913841,47.630473415929714,48.18979263305664,2874400,0.0,0.0,0.0
2020-06-30 00:00:00-04:00,48.1799772469861,48.945364383424305,48.17016627104011,48.74911117553711,2064000,0.0,0.0,0.0
2020-07-01 00:00:00-04:00,48.79817106391242,49.17105176564272,48.77854536979836,49.023860931396484,2466400,0.0,0.0,0.0
2020-07-02 00:00:00-04:00,49.426175892646945,49.592992412873194,49.180860343010515,49.298614501953125,2113300,0.0,0.0,0.0
2020-07-06 00:00:00-04:00,49.79906837071555,49.87757116193673,49.426187598853176,49.63225555419922,2432400,0.0,0.0,0.0
2020-07-07 00:00:00-04:00,49.35749133926569,49.69112066016519,49.328054669051134,49.45561981201172,1579300,0.0,0.0,0.0
2020-07-08 00:00:00-04:00,49.51449172984046,49.60280548116529,49.151425749157646,49.426177978515625,2010900,0.0,0.0,0.0
2020-07-09 00:00:00-04:00,49.406546804447544,49.51448623778528,48.78835435696085,49.30842208862305,2222500,0.0,0.0,0.0
2020-07-10 00:00:00-04:00,49.26917512702319,49.75980623661685,49.13179901525189,49.730369567871094,1956400,0.0,0.0,0.0
2020-07-13 00:00:00-04:00,49.946250626135345,50.32894230934713,49.49486714083214,49.61262130737305,2829600,0.0,0.0,0.0
2020-07-14 00:00:00-04:00,49.46542142779119,50.4466835102653,49.46542142779119,50.397621154785156,3723000,0.0,0.0,0.0
2020-07-15 00:00:00-04:00,50.799948102735144,51.05507464559582,50.692008654256924,50.8490104675293,3288200,0.0,0.0,0.0
2020-07-16 00:00:00-04:00,50.76069639723039,51.035448632939946,50.71163403274203,51.006011962890625,2273100,0.0,0.0,0.0
2020-07-17 00:00:00-04:00,51.19245041759315,51.584956819724994,51.133577077526304,51.49664306640625,1475700,0.0,0.0,0.0
2020-07-20 00:00:00-04:00,51.422908782958984,51.540895288090525,51.255761546582924,51.422908782958984,1858200,0.105,0.0,0.0
2020-07-21 00:00:00-04:00,51.609718322753906,51.87518698823621,51.491728081736326,51.609718322753906,5635800,0.0,0.0,0.0
2020-07-22 00:00:00-04:00,51.56055564744469,52.06200481247257,51.56055564744469,52.01284408569336,1796900,0.0,0.0,0.0
2020-07-23 00:00:00-04:00,52.05216415298406,52.337301585003736,51.737531038590824,51.914512634277344,3279100,0.0,0.0,0.0
2020-07-24 00:00:00-04:00,51.80635866717095,51.885018823968686,51.34424337351374,51.52122497558594,2208500,0.0,0.0,0.0
2020-07-27 00:00:00-04:00,51.53105051567412,51.875179290771484,51.47205540391928,51.875179290771484,1775100,0.0,0.0,0.0
2020-07-28 00:00:00-04:00,51.73753329439292,52.02267073884484,51.68837257138601,51.757198333740234,1952300,0.0,0.0,0.0
2020-07-29 00:00:00-04:00,51.8948493270026,52.45528981513204,51.875184287856676,52.32747268676758,1584800,0.0,0.0,0.0
2020-07-30 00:00:00-04:00,51.953842625172285,52.219315018262186,51.67853958821501,52.1898193359375,1934200,0.0,0.0,0.0
2020-07-31 00:00:00-04:00,52.2094779328214,52.39629391317621,51.668702530645525,52.37662887573242,1978200,0.0,0.0,0.0
2020-08-03 00:00:00-04:00,52.465125042922104,52.63227225223179,52.307808477980075,52.53395080566406,2038800,0.0,0.0,0.0
2020-08-04 00:00:00-04:00,52.396300000445336,52.760093858614134,52.347139276485684,52.75026321411133,1591000,0.0,0.0,0.0
2020-08-05 00:00:00-04:00,52.90757661046733,52.937072292930885,52.592943495114135,52.70109558105469,4810000,0.0,0.0,0.0
2020-08-06 00:00:00-04:00,52.56344494701495,52.64210510253906,52.327471981887925,52.64210510253906,1955800,0.0,0.0,0.0
2020-08-07 00:00:00-04:00,52.49462111436663,53.07472665513434,52.49462111436663,53.035396575927734,2935200,0.0,0.0,0.0
2020-08-10 00:00:00-04:00,53.08455978085505,53.20254626493061,52.95673890185162,53.12388610839844,1853500,0.0,0.0,0.0
2020-08-11 00:00:00-04:00,53.291031522462326,53.35002288300261,52.60277022728793,52.7109260559082,2309300,0.0,0.0,0.0
2020-08-12 00:00:00-04:00,52.93707222378281,53.42868693472035,52.93707222378281,53.24187469482422,2243600,0.0,0.0,0.0
2020-08-13 00:00:00-04:00,53.10421148119888,53.35001879989688,53.05505076760368,53.26152801513672,1911700,0.0,0.0,0.0
2020-08-14 00:00:00-04:00,53.20254798494988,53.46802039574454,53.09439214158286,53.2713737487793,1899500,0.0,0.0,0.0
2020-08-17 00:00:00-04:00,53.31069776015909,53.5663357466096,53.31069776015909,53.42868423461914,1862500,0.0,0.0,0.0
2020-08-18 00:00:00-04:00,53.41886358546709,53.62534089208308,53.26154325579042,53.527015686035156,1341900,0.0,0.0,0.0
2020-08-19 00:00:00-04:00,53.51717773271801,53.54667341514304,53.114053819778135,53.24187469482422,1398000,0.0,0.0,0.0
2020-08-20 00:00:00-04:00,53.00589571367883,53.21237298325835,52.93706995715233,53.13371658325195,1858400,0.0,0.0,0.0
2020-08-21 00:00:00-04:00,53.10421235708692,53.232033215120296,52.90756949946276,53.202537536621094,3099700,0.0,0.0,0.0
2020-08-24 00:00:00-04:00,53.364101448261316,53.413360595703125,53.13752365022127,53.413360595703125,2526400,0.104,0.0,0.0
2020-08-25 00:00:00-04:00,53.54143144999993,53.57098769424572,53.32470695389072,53.4527702331543,2054500,0.0,0.0,0.0
2020-08-26 00:00:00-04:00,53.36410520429282,53.67934798673835,53.167083632439564,53.63994216918945,2042400,0.0,0.0,0.0
2020-08-27 00:00:00-04:00,53.659645080566406,53.85666665242922,53.5118751437237,53.659645080566406,4550700,0.0,0.0,0.0
2020-08-28 00:00:00-04:00,53.70890044904962,53.718750024460036,53.37395851591168,53.6891975402832,1817400,0.0,0.0,0.0
2020-08-31 00:00:00-04:00,53.64979168962731,53.98473362255845,53.62023920546872,53.866519927978516,2059100,0.0,0.0,0.0
2020-09-01 00:00:00-04:00,53.79756545654536,53.83697127685945,53.46262349976729,53.73845672607422,3559300,0.0,0.0,0.0
2020-09-02 00:00:00-04:00,53.83695974854633,54.891040789585816,53.79755393667035,54.74327087402344,3805100,0.0,0.0,0.0
2020-09-03 00:00:00-04:00,54.5856593387272,54.74327885125447,52.9208030027862,53.275447845458984,5731900,0.0,0.0,0.0
2020-09-04 00:00:00-04:00,53.413352952733675,53.551269526767314,52.319866175831514,52.881385803222656,7515500,0.0,0.0,0.0
2020-09-08 00:00:00-04:00,52.5366020610433,52.595707025458246,51.807609517047624,51.886417388916016,4373300,0.0,0.0,0.0
2020-09-09 00:00:00-04:00,52.280467898999675,53.334549018631805,52.280467898999675,52.970054626464844,3387900,0.0,0.0,0.0
2020-09-10 00:00:00-04:00,52.97005860314205,53.11782478287028,52.14255521964888,52.23121643066406,3898200,0.0,0.0,0.0
2020-09-11 00:00:00-04:00,52.36912533639454,52.684364316341096,52.08343883646013,52.46763610839844,3772700,0.0,0.0,0.0
2020-09-14 00:00:00-04:00,52.75332640293271,53.176929517320794,52.75332640293271,52.970054626464844,2828900,0.0,0.0,0.0
2020-09-15 00:00:00-04:00,53.12767791234774,53.373958635561685,52.97990797524113,53.08827209472656,2256200,0.0,0.0,0.0
2020-09-16 00:00:00-04:00,53.25574114295616,53.45276270112115,52.91094590027676,52.95035171508789,2526000,0.0,0.0,0.0
2020-09-17 00:00:00-04:00,52.408534975783866,52.86169057280799,52.221359234183865,52.69422149658203,2894200,0.0,0.0,0.0
2020-09-18 00:00:00-04:00,52.74347692215745,52.85184103411655,52.07359310090601,52.447940826416016,2639000,0.0,0.0,0.0
2020-09-21 00:00:00-04:00,51.9586326146519,52.04741721738868,51.31741382882015,51.929039001464844,5103800,0.074,0.0,0.0
2020-09-22 00:00:00-04:00,51.958643254609775,52.40256635919912,51.88958896758215,52.31378173828125,2568800,0.0,0.0,0.0
2020-09-23 00:00:00-04:00,52.3532352502857,52.402559196681366,51.396334884871,51.41606521606445,2760600,0.0,0.0,0.0
2020-09-24 00:00:00-04:00,51.30754670582608,51.88957826441613,51.10038388747427,51.514713287353516,3301400,0.0,0.0,0.0
2020-09-25 00:00:00-04:00,51.356875699824954,52.25458503170331,51.27795437856387,52.15593338012695,2650000,0.0,0.0,0.0
2020-09-28 00:00:00-04:00,52.58012432522749,53.01418405137581,52.54066366590935,52.77742385864258,2965000,0.0,0.0,0.0
2020-09-29 00:00:00-04:00,52.72810178863789,52.96485822660356,52.501208634264245,52.57026290893555,1517500,0.0,0.0,0.0
2020-09-30 00:00:00-04:00,52.75769228806286,53.29039988680104,52.58999013466872,52.915531158447266,3042000,0.0,0.0,0.0
2020-10-01 00:00:00-04:00,53.112838658274796,53.2706775523473,52.78729382246372,53.063514709472656,2554700,0.0,0.0,0.0
2020-10-02 00:00:00-04:00,52.442024160347486,53.053649424806046,52.432160875529725,52.80702590942383,3472700,0.0,0.0,0.0
2020-10-05 00:00:00-04:00,52.984593408948804,53.50743780342182,52.94513274461573,53.477840423583984,1728300,0.0,0.0,0.0
2020-10-06 00:00:00-04:00,53.507437775044096,53.80338523103303,52.964863048692294,53.063514709472656,5981200,0.0,0.0,0.0
2020-10-07 00:00:00-04:00,53.3397292681549,53.85270659001507,53.31999893694768,53.70473098754883,2044500,0.0,0.0,0.0
2020-10-08 00:00:00-04:00,53.872444533332875,54.06974411010742,53.83298386534268,54.06974411010742,2313500,0.0,0.0,0.0
2020-10-09 00:00:00-04:00,54.24730275256767,54.63203478235155,54.17824471549107,54.51365280151367,1865400,0.0,0.0,0.0
2020-10-12 00:00:00-04:00,54.75041487139773,55.25352513604024,54.67149354814159,55.0364990234375,2582900,0.0,0.0,0.0
2020-10-13 00:00:00-04:00,54.90825716140492,55.15488066711787,54.67149694012302,54.839202880859375,1919600,0.0,0.0,0.0
2020-10-14 00:00:00-04:00,54.89838859447324,55.036497142275074,54.36568097022986,54.51365280151367,1678900,0.0,0.0,0.0
2020-10-15 00:00:00-04:00,54.05001069451818,54.533390678721254,54.010550028777786,54.46433639526367,1659200,0.0,0.0,0.0
2020-10-16 00:00:00-04:00,54.602439880371094,54.95757831262974,54.55311593437425,54.602439880371094,1643600,0.0,0.0,0.0
2020-10-19 00:00:00-04:00,54.693312461871535,54.81184863383657,53.705533637292646,53.81418991088867,2426000,0.072,0.0,0.0
2020-10-20 00:00:00-04:00,54.031511097529226,54.36735610230957,53.77468645195014,53.88334274291992,2302100,0.0,0.0,0.0
2020-10-21 00:00:00-04:00,53.82407292950625,54.15003800111376,53.745048810281766,53.76480484008789,2213700,0.0,0.0,0.0
2020-10-22 00:00:00-04:00,53.78456041179849,54.10064934984943,53.58700388349731,54.001869201660156,1574200,0.0,0.0,0.0
2020-10-23 00:00:00-04:00,54.14016313475974,54.17967142721734,53.77468222692634,54.12040710449219,1649400,0.0,0.0,0.0
2020-10-26 00:00:00-04:00,53.67590529233837,53.80431760371971,53.112871623767624,53.54749298095703,2316800,0.0,0.0,0.0
2020-10-27 00:00:00-04:00,53.537620692219704,53.72529733918654,53.28079605102539,53.28079605102539,2784000,0.0,0.0,0.0
2020-10-28 00:00:00-04:00,52.54983865084016,52.76714744827282,51.67071602575267,51.7201042175293,5426500,0.0,0.0,0.0
2020-10-29 00:00:00-04:00,51.67071434925387,52.17447991795439,51.245969131216576,51.60157012939453,4256900,0.0,0.0,0.0
2020-10-30 00:00:00-04:00,51.443526480523744,51.729979495333964,50.88048904570985,51.394134521484375,5980300,0.0,0.0,0.0
2020-11-02 00:00:00-05:00,51.88802745081048,52.40167296106908,51.71022693694875,52.17448425292969,4907700,0.0,0.0,0.0
2020-11-03 00:00:00-05:00,52.628854816309975,53.21164447628674,52.628854816309975,52.76714324951172,4102900,0.0,0.0,0.0
2020-11-04 00:00:00-05:00,53.39932828767195,54.288327030119,53.340060197611166,53.53761672973633,8646500,0.0,0.0,0.0
2020-11-05 00:00:00-05:00,54.179667601369104,54.42661231015944,53.774678429676044,53.853702545166016,3703100,0.0,0.0,0.0
2020-11-06 00:00:00-05:00,53.93273062145145,54.347599751072515,53.76481000408709,54.130287170410156,3035100,0.0,0.0,0.0
2020-11-09 00:00:00-05:00,55.54280463513273,55.62182875231036,53.61663511181713,53.6660270690918,6733700,0.0,0.0,0.0
2020-11-10 00:00:00-05:00,53.59687989198113,54.337714045362105,53.47834748250184,54.25869369506836,3774600,0.0,0.0,0.0
2020-11-11 00:00:00-05:00,54.53527322357021,54.82173001447092,54.34759658543399,54.71307373046875,2648700,0.0,0.0,0.0
2020-11-12 00:00:00-05:00,54.6044153710835,54.634051299825224,53.99199351953051,54.2982063293457,3716100,0.0,0.0,0.0
2020-11-13 00:00:00-05:00,54.56491280532876,55.05880229797336,54.555032905352306,54.96990203857422,1678900,0.0,0.0,0.0
2020-11-16 00:00:00-05:00,55.18720331749672,55.25634753557942,54.87111438681083,55.2464714050293,2205400,0.0,0.0,0.0
2020-11-17 00:00:00-05:00,54.97977690782817,55.13782139112174,54.80197639311319,54.88100051879883,2354900,0.0,0.0,0.0
2020-11-18 00:00:00-05:00,54.940257593674815,54.96989352093427,54.11052322387695,54.11052322387695,2151200,0.0,0.0,0.0
2020-11-19 00:00:00-05:00,54.04138223517054,54.38710710794952,53.863581733301906,54.33771514892578,2463800,0.0,0.0,0.0
2020-11-20 00:00:00-05:00,54.29820361357042,54.44636817755888,54.0611350358808,54.11052322387695,2144500,0.0,0.0,0.0
2020-11-23 00:00:00-05:00,54.26186092929675,54.41022321244108,53.87611371077374,54.113494873046875,2917800,0.073,0.0,0.0
2020-11-24 00:00:00-05:00,54.36076933809361,54.499242312164355,54.192624661895,54.30142593383789,2229400,0.0,0.0,0.0
2020-11-25 00:00:00-05:00,54.291532582428886,54.41022316345861,54.09371243197566,54.2321891784668,1925500,0.0,0.0,0.0
2020-11-27 00:00:00-05:00,54.390445976084095,54.46957177448512,54.28164470181525,54.45968246459961,1393000,0.0,0.0,0.0
2020-11-30 00:00:00-05:00,54.40033519284269,54.58826226519085,54.10360684641195,54.578372955322266,5893000,0.0,0.0,0.0
2020-12-01 00:00:00-05:00,54.845420134066224,55.10258365043125,54.76629057635085,54.94432830810547,2769900,0.0,0.0,0.0
2020-12-02 00:00:00-05:00,54.79597676192971,55.00368623189092,54.46957293218577,54.61793899536133,2355100,0.0,0.0,0.0
2020-12-03 00:00:00-05:00,54.53880471451552,54.667388373294926,54.350877654072846,54.52891540527344,2154200,0.0,0.0,0.0
2020-12-04 00:00:00-05:00,54.50913279962394,54.88499069213867,54.489350408112074,54.88499069213867,1978100,0.0,0.0,0.0
2020-12-07 00:00:00-05:00,54.77619207068949,54.96411913946975,54.58826122880367,54.72673797607422,2182300,0.0,0.0,0.0
2020-12-08 00:00:00-05:00,54.51902509259246,55.15204656319526,54.51902509259246,55.10259246826172,3209900,0.0,0.0,0.0
2020-12-09 00:00:00-05:00,55.152043861888785,55.181719335879905,54.66738847293027,54.835533142089844,2147300,0.0,0.0,0.0
2020-12-10 00:00:00-05:00,54.706956889511694,54.914666355717394,54.54870151910179,54.64760971069336,1724000,0.0,0.0,0.0
2020-12-11 00:00:00-05:00,54.459678396207465,54.88499037851889,54.459678396207465,54.81575012207031,2182100,0.0,0.0,0.0
2020-12-14 00:00:00-05:00,55.04325002327096,55.419104169803454,54.60804492481447,54.64760971069336,2604900,0.0,0.0,0.0
2020-12-15 00:00:00-05:00,54.85532009230062,55.26084972156242,54.78608360241,55.16194152832031,2221100,0.0,0.0,0.0
2020-12-16 00:00:00-05:00,55.14215850830078,55.43888685776019,55.003685530093435,55.14215850830078,1752100,0.0,0.0,0.0
2020-12-17 00:00:00-05:00,55.29052236314765,55.62681548527631,55.29052236314765,55.55757522583008,2591200,0.0,0.0,0.0
2020-12-18 00:00:00-05:00,55.587253932165375,55.725726912896505,55.20150669352702,55.53779983520508,6405900,0.0,0.0,0.0
2020-12-21 00:00:00-05:00,55.077249364025114,55.17628983938458,54.31462561367096,55.11686706542969,3710900,0.075,0.0,0.0
2020-12-22 00:00:00-05:00,55.07724917971801,55.07724917971801,54.770217662087965,54.93859100341797,1538200,0.0,0.0,0.0
2020-12-23 00:00:00-05:00,55.0673372890484,55.19609291606825,54.88906142952909,54.89896774291992,2066000,0.0,0.0,0.0
2020-12-24 00:00:00-05:00,54.94849294662057,55.186195373535156,54.9187815600632,55.186195373535156,1175900,0.0,0.0,0.0
2020-12-28 00:00:00-05:00,55.404083611050936,55.493221546363756,55.1762875048408,55.324851989746094,1891700,0.0,0.0,0.0
2020-12-29 00:00:00-05:00,55.4635079889574,55.60216615442553,55.10695626166699,55.27532958984375,1967200,0.0,0.0,0.0
2020-12-30 00:00:00-05:00,55.3050446979165,55.44370287272005,55.12676882226853,55.186195373535156,1297900,0.0,0.0,0.0
2020-12-31 00:00:00-05:00,55.15648322636474,55.75073743708613,55.03763389548131,55.69131088256836,2295200,0.0,0.0,0.0
2021-01-04 00:00:00-05:00,55.76063463784077,55.800252337061465,54.55232503682348,55.04753494262695,5100200,0.0,0.0,0.0
2021-01-05 00:00:00-05:00,54.95840054533404,55.34466369221464,54.69098672561239,55.21590805053711,2723700,0.0,0.0,0.0
2021-01-06 00:00:00-05:00,54.968300626364865,55.87948505746921,54.928682926364196,55.68140411376953,8988600,0.0,0.0,0.0
2021-01-07 00:00:00-05:00,55.73091821897013,56.10727877127095,55.56254490156526,55.88938522338867,2435800,0.0,0.0,0.0
2021-01-08 00:00:00-05:00,55.909203626679904,56.13699974832985,55.61207841488224,56.1072883605957,2888800,0.0,0.0,0.0
2021-01-11 00:00:00-05:00,55.90920377545818,56.16671128552752,55.78044813134748,55.84977722167969,2115200,0.0,0.0,0.0
2021-01-12 00:00:00-05:00,55.82005790245461,55.87948066963772,55.35455940937875,55.58235549926758,2659700,0.0,0.0,0.0
2021-01-13 00:00:00-05:00,55.552652700179,55.829969064957716,55.4635147574784,55.69131088256836,3220600,0.0,0.0,0.0
2021-01-14 00:00:00-05:00,55.72101609066937,55.750731253708565,55.404082058030326,55.46350860595703,2355100,0.0,0.0,0.0
2021-01-15 00:00:00-05:00,55.27533290725219,55.74082766523928,55.166386119802496,55.61207580566406,2530700,0.0,0.0,0.0
2021-01-19 00:00:00-05:00,55.79753494262695,55.926467387652686,55.62893417734257,55.79753494262695,2275600,0.077,0.0,0.0
2021-01-20 00:00:00-05:00,55.85704312554063,56.184332305381,55.738030598025965,56.10498809814453,2904900,0.0,0.0,0.0
2021-01-21 00:00:00-05:00,56.015729602970566,56.10498994738362,55.88679715363167,55.8967170715332,1737700,0.0,0.0,0.0
2021-01-22 00:00:00-05:00,55.75786811510973,56.025649146559836,55.648771718962635,55.87688064575195,1563100,0.0,0.0,0.0
2021-01-25 00:00:00-05:00,55.817367506718426,56.58103842824564,55.817367506718426,56.323177337646484,3001000,0.0,0.0,0.0
2021-01-26 00:00:00-05:00,56.30334767896102,56.56120879883403,56.124826986995004,56.462032318115234,3584700,0.0,0.0,0.0
2021-01-27 00:00:00-05:00,55.99589168103373,56.24383665353212,55.30164500137025,55.49008560180664,6349200,0.0,0.0,0.0
2021-01-28 00:00:00-05:00,55.68843813131931,56.35292879143464,55.4305732607225,55.470245361328125,3675600,0.0,0.0,0.0
2021-01-29 00:00:00-05:00,55.2123847431157,55.440497447497094,54.4883858763305,54.67682647705078,6352400,0.0,0.0,0.0
2021-02-01 00:00:00-05:00,54.92477392564935,55.222307149838905,54.71649726371046,55.014034271240234,3756900,0.0,0.0,0.0
2021-02-02 00:00:00-05:00,55.331402670850075,55.767784473853055,55.27189451361961,55.480167388916016,2544000,0.0,0.0,0.0
2021-02-03 00:00:00-05:00,55.41073927923961,55.43057533028302,55.00410969119938,55.17271423339844,3400900,0.0,0.0,0.0
2021-02-04 00:00:00-05:00,55.2520554080516,55.58926071371042,55.21238330542352,55.51983642578125,2070800,0.0,0.0,0.0
2021-02-05 00:00:00-05:00,55.74794894192405,56.01572997695102,55.74794894192405,55.91655349731445,1913400,0.0,0.0,0.0
2021-02-08 00:00:00-05:00,56.05539754680426,56.184329986572266,55.90662905604579,56.184329986572266,2500100,0.0,0.0,0.0
2021-02-09 00:00:00-05:00,56.12482540236979,56.30334608929546,56.00581287219938,56.27359390258789,2324700,0.0,0.0,0.0
2021-02-10 00:00:00-05:00,56.46202823101412,56.51161646778399,56.05539863615727,56.24383544921875,2331300,0.0,0.0,0.0
2021-02-11 00:00:00-05:00,56.31326158429842,56.34301755400823,55.847127603365685,56.03556442260742,1886600,0.0,0.0,0.0
2021-02-12 00:00:00-05:00,55.95621570438995,56.3132570454092,55.94629957084598,56.303340911865234,1940800,0.0,0.0,0.0
2021-02-16 00:00:00-05:00,56.29342488759049,56.323180856959524,55.77770267416764,55.79753494262695,2104800,0.0,0.0,0.0
2021-02-17 00:00:00-05:00,55.718192246646296,56.184329986572266,55.6686040108401,56.184329986572266,3686400,0.0,0.0,0.0
2021-02-18 00:00:00-05:00,55.87687721266359,56.30334285321455,55.827288976554385,56.20416259765625,2606500,0.0,0.0,0.0
2021-02-19 00:00:00-05:00,56.25375632807421,56.29342464816415,55.54958973388252,55.579345703125,2483000,0.0,0.0,0.0
2021-02-22 00:00:00-05:00,55.38070302463781,55.42043184261157,55.08274446733183,55.32111358642578,2184400,0.08,0.0,0.0
2021-02-23 00:00:00-05:00,55.25158754079953,55.470088452237555,54.89403577276656,55.24165344238281,4170200,0.0,0.0,0.0
2021-02-24 00:00:00-05:00,55.13240174380172,55.42042998131514,54.993354674312066,55.23172378540039,3221400,0.0,0.0,0.0
2021-02-25 00:00:00-05:00,55.10260605879861,55.44029341681164,54.50668897465722,54.65566635131836,8355700,0.0,0.0,0.0
2021-02-26 00:00:00-05:00,54.854308282030544,54.854308282030544,54.039886474609375,54.039886474609375,7311000,0.0,0.0,0.0
2021-03-01 00:00:00-05:00,54.41730283146091,55.19199582419526,54.41730283146091,54.86424255371094,3974300,0.0,0.0,0.0
2021-03-02 00:00:00-05:00,54.86424648275756,55.01322387501073,54.56628412075357,54.68547058105469,3945300,0.0,0.0,0.0
2021-03-03 00:00:00-05:00,54.56627935730001,54.60600817393219,54.099479022491586,54.10940933227539,6517300,0.0,0.0,0.0
2021-03-04 00:00:00-05:00,54.11934502334919,54.526555933940614,53.25526028554048,53.553218841552734,13685700,0.0,0.0,0.0
2021-03-05 00:00:00-05:00,53.990230066400066,54.884105764346195,53.68233740126101,54.764923095703125,12589800,0.0,0.0,0.0
2021-03-08 00:00:00-05:00,54.80464932782808,55.569412010622905,54.70533107343854,54.86424255371094,6327400,0.0,0.0,0.0
2021-03-09 00:00:00-05:00,55.16220155482366,55.688595127122134,55.142337146034286,55.15226745605469,6351800,0.0,0.0,0.0
2021-03-10 00:00:00-05:00,55.390635666429866,55.82764128639977,55.21185977899933,55.63893508911133,7375300,0.0,0.0,0.0
2021-03-11 00:00:00-05:00,55.63893825036889,55.9964900455451,55.579345021589944,55.648868560791016,3609100,0.0,0.0,0.0
2021-03-12 00:00:00-05:00,55.569414573624535,55.89716785922567,55.569414573624535,55.887237548828125,3517700,0.0,0.0,0.0
2021-03-15 00:00:00-04:00,55.91703069955936,56.41362955797241,55.82764275349507,56.38383483886719,3463300,0.0,0.0,0.0
2021-03-16 00:00:00-04:00,56.37390261991143,56.57254292765047,56.29444877006506,56.413631439208984,2594300,0.0,0.0,0.0
2021-03-17 00:00:00-04:00,56.24478786956044,56.433494072159675,55.96668993198166,56.20505905151367,3377000,0.0,0.0,0.0
2021-03-18 00:00:00-04:00,55.926964355705366,56.254717629514175,55.877301439258304,56.03621292114258,4643500,0.0,0.0,0.0
2021-03-19 00:00:00-04:00,56.095804817739186,56.423561872526285,55.92696302981746,56.175262451171875,5001500,0.0,0.0,0.0
2021-03-22 00:00:00-04:00,56.09867606591614,56.72530746459961,56.0290503549513,56.72530746459961,3175200,0.083,0.0,0.0
2021-03-23 00:00:00-04:00,56.635784330215955,57.06348726546751,56.566158623948624,56.71535873413086,3065500,0.0,0.0,0.0
2021-03-24 00:00:00-04:00,56.655681265908385,56.87450709523788,56.47664264087818,56.48659133911133,4588700,0.0,0.0,0.0
2021-03-25 00:00:00-04:00,56.60594637000655,57.01375570819926,56.27771143649361,56.973968505859375,6326200,0.0,0.0,0.0
2021-03-26 00:00:00-04:00,57.083383513819285,57.99847022969781,56.973970600520225,57.9686279296875,5572600,0.0,0.0,0.0
2021-03-29 00:00:00-04:00,57.77964537129927,58.49579987448144,57.77964537129927,58.42617416381836,4410600,0.0,0.0,0.0
2021-03-30 00:00:00-04:00,58.27697283232255,58.286917736074756,57.77964416974745,57.859214782714844,5800200,0.0,0.0,0.0
2021-03-31 00:00:00-04:00,57.948734069667,58.09793418610415,57.75975054392097,57.839324951171875,2759700,0.0,0.0,0.0
2021-04-01 00:00:00-04:00,57.82937665516871,58.09793459003279,57.51108661258533,58.03825378417969,3411300,0.0,0.0,0.0
2021-04-05 00:00:00-04:00,58.2172938196682,58.86382261865239,58.2172938196682,58.714622497558594,3493700,0.0,0.0,0.0
2021-04-06 00:00:00-04:00,58.67483917450263,58.90360991135534,58.50574545072306,58.75440979003906,2580500,0.0,0.0,0.0
2021-04-07 00:00:00-04:00,58.73451565708045,58.83398366849847,58.43611921145973,58.49580001831055,2634200,0.0,0.0,0.0
2021-04-08 00:00:00-04:00,58.61515813664715,58.734515956640855,58.595264534262085,58.644996643066406,2466900,0.0,0.0,0.0
2021-04-09 00:00:00-04:00,58.68478432007934,58.883716551214135,58.52563929403484,58.8737678527832,1511000,0.0,0.0,0.0
2021-04-12 00:00:00-04:00,58.87376836623227,59.13238140725793,58.82403625659402,59.122432708740234,1421400,0.0,0.0,0.0
2021-04-13 00:00:00-04:00,59.02296870634071,59.31142025534587,58.953342993727986,59.221900939941406,1614700,0.0,0.0,0.0
2021-04-14 00:00:00-04:00,59.22190053608223,59.22190053608223,58.93344898904414,59.03291320800781,2414000,0.0,0.0,0.0
2021-04-15 00:00:00-04:00,59.22189817354626,59.76895894465608,59.22189817354626,59.7192268371582,2025200,0.0,0.0,0.0
2021-04-16 00:00:00-04:00,59.88832124557723,60.18671770722314,59.81869553100375,60.04746627807617,2849900,0.0,0.0,0.0
2021-04-19 00:00:00-04:00,59.9986590505462,60.058416237824275,59.769577167932766,59.909019470214844,2960900,0.081,0.0,0.0
2021-04-20 00:00:00-04:00,59.76957927195614,60.22773925389703,59.76957927195614,60.138099670410156,2343200,0.0,0.0,0.0
2021-04-21 00:00:00-04:00,60.14806005553137,60.46677774151528,60.14806005553137,60.38710021972656,2663600,0.0,0.0,0.0
2021-04-22 00:00:00-04:00,60.387096198698266,60.48669404415582,60.02853787598825,60.16797637939453,3165400,0.0,0.0,0.0
2021-04-23 00:00:00-04:00,60.16797838625439,60.4468554023687,59.94885855964207,60.27753829956055,2644300,0.0,0.0,0.0
2021-04-26 00:00:00-04:00,60.28749626229093,60.29745832676755,59.91897966435761,59.938899993896484,2367200,0.0,0.0,0.0
2021-04-27 00:00:00-04:00,59.968778568899126,60.0584181520876,59.79946146699555,59.91897964477539,2472500,0.0,0.0,0.0
2021-04-28 00:00:00-04:00,59.94885620693014,60.038495787079576,59.71977812419586,59.78949737548828,2627600,0.0,0.0,0.0
2021-04-29 00:00:00-04:00,59.9090178671438,60.29745477171431,59.889097538779396,60.237693786621094,3115000,0.0,0.0,0.0
2021-04-30 00:00:00-04:00,60.12813764913785,60.227739297202874,59.9986612057749,60.19785690307617,2046900,0.0,0.0,0.0
2021-05-03 00:00:00-04:00,60.37713844258704,60.895055634632584,60.3572181121913,60.725738525390625,2731700,0.0,0.0,0.0
2021-05-04 00:00:00-04:00,60.51657311454263,60.79545392296594,60.41697526830064,60.68589401245117,3388700,0.0,0.0,0.0
2021-05-05 00:00:00-04:00,60.8054122525432,60.86517324000058,60.42693359747506,60.76557159423828,3055200,0.0,0.0,0.0
2021-05-06 00:00:00-04:00,60.775537870867026,61.22373580932617,60.775537870867026,61.22373580932617,4759000,0.0,0.0,0.0
2021-05-07 00:00:00-04:00,61.20381183246418,61.55240809748939,61.13409257945914,61.42292785644531,2760500,0.0,0.0,0.0
2021-05-10 00:00:00-04:00,61.602207282289406,62.15000684310027,61.56237042284217,61.70180892944336,3116900,0.0,0.0,0.0
2021-05-11 00:00:00-04:00,61.50260687583591,61.512565140429835,60.83529296503148,60.994651794433594,7264800,0.0,0.0,0.0
2021-05-12 00:00:00-04:00,60.7954552265232,60.87513274534236,59.988698976773385,59.998661041259766,4732800,0.0,0.0,0.0
2021-05-13 00:00:00-04:00,60.068381011750375,61.084295034863665,60.05841894714513,60.81537628173828,5144000,0.0,0.0,0.0
2021-05-14 00:00:00-04:00,61.08429340976052,61.3432500913913,61.02453242196219,61.14405059814453,3234500,0.0,0.0,0.0
2021-05-17 00:00:00-04:00,61.09425147100002,61.28348889927567,60.855211320017986,60.924930572509766,4502500,0.0,0.0,0.0
2021-05-18 00:00:00-04:00,60.92493032303416,60.99465337465474,60.60621265597273,60.646053314208984,3365500,0.0,0.0,0.0
2021-05-19 00:00:00-04:00,60.247659806169146,60.41697690926215,59.799461887078266,60.397056579589844,4972300,0.0,0.0,0.0
2021-05-20 00:00:00-04:00,60.46677833305315,61.21377362927592,60.41697940652121,61.08429718017578,2296100,0.0,0.0,0.0
2021-05-21 00:00:00-04:00,61.18389117249291,61.48268851224479,60.94485102104283,61.04445266723633,2506300,0.0,0.0,0.0
2021-05-24 00:00:00-04:00,61.213995218931956,61.3536159719372,61.03448173524516,61.05442810058594,2339400,0.08,0.0,0.0
2021-05-25 00:00:00-04:00,61.11426205755128,61.11426205755128,60.71534617258827,60.90483093261719,3876600,0.0,0.0,0.0
2021-05-26 00:00:00-04:00,60.93474896814591,60.94472405285245,60.715346561543754,60.80510330200195,4868600,0.0,0.0,0.0
2021-05-27 00:00:00-04:00,60.914806099215475,61.00455903483932,60.64553587920361,60.6854248046875,2769200,0.0,0.0,0.0
2021-05-28 00:00:00-04:00,60.864937177488294,61.03447937413608,60.83501953282458,60.87491226196289,2997200,0.0,0.0,0.0
2021-06-01 00:00:00-04:00,61.08434528160642,61.10429164679542,60.426130447890024,60.48596954345703,2787800,0.0,0.0,0.0
2021-06-02 00:00:00-04:00,60.58569674357762,60.894859693245145,60.48596872336493,60.795127868652344,2063700,0.0,0.0,0.0
2021-06-03 00:00:00-04:00,60.61561294137715,61.044450265936085,60.545802568019184,60.974639892578125,2552600,0.0,0.0,0.0
2021-06-04 00:00:00-04:00,61.19404875696143,61.32369822928165,61.08434564995048,61.27383041381836,1550000,0.0,0.0,0.0
2021-06-07 00:00:00-04:00,61.26385785115964,61.31372186119914,60.91480597650303,61.01453399658203,1649700,0.0,0.0,0.0
2021-06-08 00:00:00-04:00,61.044450342855875,61.11426071630181,60.58569537324547,60.75523376464844,1417900,0.0,0.0,0.0
2021-06-09 00:00:00-04:00,60.80510330200195,60.95469533317886,60.6954001965108,60.80510330200195,1980800,0.0,0.0,0.0
2021-06-10 00:00:00-04:00,60.874912482366554,61.24391071728179,60.874912482366554,61.213993072509766,1981500,0.0,0.0,0.0
2021-06-11 00:00:00-04:00,61.2838030585424,61.313720703125,61.02450412422638,61.313720703125,1729400,0.0,0.0,0.0
2021-06-14 00:00:00-04:00,61.28380272006774,61.31372036448511,60.934747049551746,61.303749084472656,1477700,0.0,0.0,0.0
2021-06-15 00:00:00-04:00,61.35361343215516,61.4134525257004,61.0743719377041,61.313720703125,1527200,0.0,0.0,0.0
2021-06-16 00:00:00-04:00,61.31372272138349,61.39350818207011,60.55577986676146,60.59566879272461,3542700,0.0,0.0,0.0
2021-06-17 00:00:00-04:00,60.54580508741482,60.84499295773858,60.426130700161345,60.71534729003906,3197900,0.0,0.0,0.0
2021-06-18 00:00:00-04:00,60.41615838876242,60.41615838876242,59.77788612408177,59.79783248901367,3823200,0.0,0.0,0.0
2021-06-21 00:00:00-04:00,60.079454592190004,60.65867988741307,60.03950723191463,60.63870620727539,3813500,0.082,0.0,0.0
2021-06-22 00:00:00-04:00,60.648691142549254,60.908345174749236,60.56880023158846,60.63870620727539,2050200,0.0,0.0,0.0
2021-06-23 00:00:00-04:00,60.71859954132322,60.71859954132322,60.25921630859375,60.25921630859375,2657300,0.0,0.0,0.0
2021-06-24 00:00:00-04:00,60.47892192485496,60.55881283759786,60.27918892861264,60.48890686035156,2803100,0.0,0.0,0.0
2021-06-25 00:00:00-04:00,60.48890461132604,60.98823517857132,60.45894599636009,60.90834426879883,2461800,0.0,0.0,0.0
2021-06-28 00:00:00-04:00,60.98823727200014,61.06813199410493,60.83843657284867,60.95827865600586,2892500,0.0,0.0,0.0
2021-06-29 00:00:00-04:00,61.03817077737521,61.158012862905856,60.72858824706296,60.768531799316406,2580000,0.0,0.0,0.0
2021-06-30 00:00:00-04:00,60.788501889783504,60.9782499425379,60.71859591548132,60.82844924926758,1792400,0.0,0.0,0.0
2021-07-01 00:00:00-04:00,60.91833023971577,61.25787518359943,60.898356559535564,61.18796920776367,1884000,0.0,0.0,0.0
2021-07-02 00:00:00-04:00,61.29782193352531,61.56746089888801,61.237900893581404,61.537498474121094,2047700,0.0,0.0,0.0
2021-07-06 00:00:00-04:00,61.46759227941999,61.55747193421984,60.95827677528078,61.47758102416992,1137200,0.0,0.0,0.0
2021-07-07 00:00:00-04:00,61.51752678307724,62.086763347383744,61.437635870158985,62.076778411865234,2363500,0.0,0.0,0.0
2021-07-08 00:00:00-04:00,61.61739386197003,62.01685603715642,61.547487886072666,61.71725845336914,2609500,0.0,0.0,0.0
2021-07-09 00:00:00-04:00,61.93696667911689,62.16665829276667,61.87704563702084,62.13669967651367,2365100,0.0,0.0,0.0
2021-07-12 00:00:00-04:00,62.01685759232157,62.206605654164036,61.80713965937048,62.13669967651367,1223700,0.0,0.0,0.0
2021-07-13 00:00:00-04:00,62.06679266188881,62.206604614853646,61.76719126600417,61.85707092285156,2055600,0.0,0.0,0.0
2021-07-14 00:00:00-04:00,61.956940576422824,62.24655323318117,61.74722264273854,62.196617126464844,2075600,0.0,0.0,0.0
2021-07-15 00:00:00-04:00,61.97691142279523,62.47624199040193,61.77717843383458,62.456268310546875,2514500,0.0,0.0,0.0
2021-07-16 00:00:00-04:00,62.58609225955865,62.83575754633127,62.49621641352685,62.656002044677734,3181400,0.0,0.0,0.0
2021-07-19 00:00:00-04:00,62.38999938964844,62.619998931884766,61.540000915527344,62.029998779296875,5585300,0.084,0.0,0.0
2021-07-20 00:00:00-04:00,62.13999938964844,62.88999938964844,62.099998474121094,62.5099983215332,4304400,0.0,0.0,0.0
2021-07-21 00:00:00-04:00,62.560001373291016,62.650001525878906,62.209999084472656,62.25,2519000,0.0,0.0,0.0
2021-07-22 00:00:00-04:00,62.279998779296875,62.4900016784668,62.13999938964844,62.38999938964844,1785500,0.0,0.0,0.0
2021-07-23 00:00:00-04:00,62.54999923706055,63.06999969482422,62.470001220703125,63.029998779296875,2169900,0.0,0.0,0.0
2021-07-26 00:00:00-04:00,62.959999084472656,63.040000915527344,62.619998931884766,62.959999084472656,1348900,0.0,0.0,0.0
2021-07-27 00:00:00-04:00,62.91999816894531,63.380001068115234,62.75,63.349998474121094,2049200,0.0,0.0,0.0
2021-07-28 00:00:00-04:00,63.22999954223633,63.279998779296875,62.75,62.91999816894531,2454600,0.0,0.0,0.0
2021-07-29 00:00:00-04:00,63.08000183105469,63.279998779296875,63.029998779296875,63.209999084472656,2887200,0.0,0.0,0.0
2021-07-30 00:00:00-04:00,63.099998474121094,63.400001525878906,63.029998779296875,63.060001373291016,1670200,0.0,0.0,0.0
2021-08-02 00:00:00-04:00,63.27000045776367,63.369998931884766,63.02000045776367,63.130001068115234,1820700,0.0,0.0,0.0
2021-08-03 00:00:00-04:00,63.15999984741211,63.560001373291016,63.11000061035156,63.5099983215332,1822500,0.0,0.0,0.0
2021-08-04 00:00:00-04:00,63.439998626708984,63.439998626708984,62.880001068115234,63.060001373291016,2133000,0.0,0.0,0.0
2021-08-05 00:00:00-04:00,63.189998626708984,63.27000045776367,62.939998626708984,63.2400016784668,1461700,0.0,0.0,0.0
2021-08-06 00:00:00-04:00,63.310001373291016,63.47999954223633,63.22999954223633,63.29999923706055,1789500,0.0,0.0,0.0
2021-08-09 00:00:00-04:00,63.369998931884766,63.43000030517578,63.16999816894531,63.34000015258789,1267900,0.0,0.0,0.0
2021-08-10 00:00:00-04:00,63.38999938964844,63.560001373291016,63.2599983215332,63.43000030517578,1097700,0.0,0.0,0.0
2021-08-11 00:00:00-04:00,63.54999923706055,63.81999969482422,63.52000045776367,63.68000030517578,1812600,0.0,0.0,0.0
2021-08-12 00:00:00-04:00,63.650001525878906,63.720001220703125,63.529998779296875,63.68000030517578,1545000,0.0,0.0,0.0
2021-08-13 00:00:00-04:00,63.7599983215332,64.04000091552734,63.70000076293945,64.02999877929688,1508600,0.0,0.0,0.0
2021-08-16 00:00:00-04:00,63.97999954223633,64.55999755859375,63.91999816894531,64.55000305175781,1797700,0.0,0.0,0.0
2021-08-17 00:00:00-04:00,64.33999633789062,64.62999725341797,64.16000366210938,64.62999725341797,1936400,0.0,0.0,0.0
2021-08-18 00:00:00-04:00,64.48999786376953,64.68000030517578,63.75,63.779998779296875,2782800,0.0,0.0,0.0
2021-08-19 00:00:00-04:00,63.529998779296875,64.31999969482422,63.529998779296875,64.16000366210938,3295900,0.0,0.0,0.0
2021-08-20 00:00:00-04:00,64.19999694824219,64.66000366210938,63.9900016784668,64.4800033569336,1435300,0.0,0.0,0.0
2021-08-23 00:00:00-04:00,64.52999877929688,64.55000305175781,64.1500015258789,64.19000244140625,1762300,0.0,0.0,0.0
2021-08-24 00:00:00-04:00,64.22000122070312,64.22000122070312,63.77000045776367,63.779998779296875,2172300,0.0,0.0,0.0
2021-08-25 00:00:00-04:00,63.75,63.91999816894531,63.529998779296875,63.790000915527344,1915200,0.0,0.0,0.0
2021-08-26 00:00:00-04:00,63.70000076293945,63.72999954223633,63.40999984741211,63.58000183105469,1744400,0.0,0.0,0.0
2021-08-27 00:00:00-04:00,63.70000076293945,64.08000183105469,63.56999969482422,63.79999923706055,2162600,0.0,0.0,0.0
2021-08-30 00:00:00-04:00,63.81999969482422,64.16000366210938,63.77000045776367,64.05999755859375,1645900,0.0,0.0,0.0
2021-08-31 00:00:00-04:00,64.04000091552734,64.16000366210938,63.86000061035156,64.0999984741211,2001000,0.0,0.0,0.0
2021-09-01 00:00:00-04:00,64.16000366210938,64.38999938964844,63.970001220703125,64.33000183105469,3759400,0.0,0.0,0.0
2021-09-02 00:00:00-04:00,64.48999786376953,64.69999694824219,64.4000015258789,64.66999816894531,1589100,0.0,0.0,0.0
2021-09-03 00:00:00-04:00,64.51000213623047,64.69000244140625,64.2699966430664,64.5199966430664,1404700,0.0,0.0,0.0
2021-09-07 00:00:00-04:00,64.43000030517578,64.43000030517578,63.66999816894531,63.72999954223633,2269200,0.0,0.0,0.0
2021-09-08 00:00:00-04:00,63.68000030517578,64.37999725341797,63.599998474121094,64.31999969482422,2486700,0.0,0.0,0.0
2021-09-09 00:00:00-04:00,64.25,64.36000061035156,63.77000045776367,63.779998779296875,1927600,0.0,0.0,0.0
2021-09-10 00:00:00-04:00,63.95000076293945,63.95000076293945,63.380001068115234,63.38999938964844,3546600,0.0,0.0,0.0
2021-09-13 00:00:00-04:00,63.709999084472656,63.86000061035156,63.13999938964844,63.33000183105469,3784900,0.0,0.0,0.0
2021-09-14 00:00:00-04:00,63.58000183105469,63.58000183105469,63.119998931884766,63.209999084472656,2573100,0.0,0.0,0.0
2021-09-15 00:00:00-04:00,63.2599983215332,63.70000076293945,63.040000915527344,63.41999816894531,2492800,0.0,0.0,0.0
2021-09-16 00:00:00-04:00,63.439998626708984,63.56999969482422,62.91999816894531,63.220001220703125,2737400,0.0,0.0,0.0
2021-09-17 00:00:00-04:00,63.09000015258789,63.13999938964844,62.61000061035156,62.66999816894531,2352100,0.0,0.0,0.0
2021-09-20 00:00:00-04:00,62.08000183105469,62.529998779296875,61.61000061035156,62.130001068115234,5931700,0.0,0.0,0.0
2021-09-21 00:00:00-04:00,62.38999938964844,62.65999984741211,61.9900016784668,62.029998779296875,3886700,0.0,0.0,0.0
2021-09-22 00:00:00-04:00,62.310001373291016,62.59000015258789,62.040000915527344,62.2599983215332,4253100,0.0,0.0,0.0
2021-09-23 00:00:00-04:00,62.36000061035156,62.79999923706055,62.310001373291016,62.47999954223633,2742500,0.0,0.0,0.0
2021-09-24 00:00:00-04:00,62.369998931884766,62.689998626708984,62.209999084472656,62.45000076293945,2405900,0.0,0.0,0.0
2021-09-27 00:00:00-04:00,62.400001525878906,62.59000015258789,61.86000061035156,61.880001068115234,4010400,0.0,0.0,0.0
2021-09-28 00:00:00-04:00,61.75,61.75,60.959999084472656,61.13999938964844,6511100,0.0,0.0,0.0
2021-09-29 00:00:00-04:00,61.29999923706055,62.0099983215332,61.22999954223633,61.75,4314200,0.0,0.0,0.0
2021-09-30 00:00:00-04:00,61.88999938964844,62.0,60.83000183105469,60.84000015258789,6642900,0.0,0.0,0.0
2021-10-01 00:00:00-04:00,61.08000183105469,61.5,60.540000915527344,61.11000061035156,5387700,0.0,0.0,0.0
2021-10-04 00:00:00-04:00,61.02000045776367,61.470001220703125,60.630001068115234,61.08000183105469,6959600,0.0,0.0,0.0
2021-10-05 00:00:00-04:00,61.189998626708984,61.630001068115234,60.939998626708984,61.369998931884766,3148100,0.0,0.0,0.0
2021-10-06 00:00:00-04:00,61.11000061035156,61.91999816894531,60.86000061035156,61.91999816894531,6164600,0.0,0.0,0.0
2021-10-07 00:00:00-04:00,62.18000030517578,62.689998626708984,62.060001373291016,62.13999938964844,3431600,0.0,0.0,0.0
2021-10-08 00:00:00-04:00,62.11000061035156,62.16999816894531,61.810001373291016,61.880001068115234,3001600,0.0,0.0,0.0
2021-10-11 00:00:00-04:00,61.849998474121094,62.060001373291016,61.540000915527344,61.540000915527344,2836500,0.0,0.0,0.0
2021-10-12 00:00:00-04:00,61.650001525878906,61.93000030517578,61.47999954223633,61.63999938964844,4081700,0.0,0.0,0.0
2021-10-13 00:00:00-04:00,61.66999816894531,62.02000045776367,61.22999954223633,61.91999816894531,4401500,0.0,0.0,0.0
2021-10-14 00:00:00-04:00,62.209999084472656,62.77000045776367,62.06999969482422,62.7400016784668,4491000,0.0,0.0,0.0
2021-10-15 00:00:00-04:00,62.9900016784668,63.150001525878906,62.689998626708984,62.810001373291016,2942100,0.0,0.0,0.0
2021-10-18 00:00:00-04:00,62.41999816894531,62.66999816894531,62.150001525878906,62.40999984741211,3438100,0.0,0.0,0.0
2021-10-19 00:00:00-04:00,62.689998626708984,62.939998626708984,62.54999923706055,62.93000030517578,2211700,0.0,0.0,0.0
2021-10-20 00:00:00-04:00,63.04999923706055,63.56999969482422,63.029998779296875,63.45000076293945,2837600,0.0,0.0,0.0
2021-10-21 00:00:00-04:00,63.4900016784668,63.619998931884766,63.279998779296875,63.58000183105469,1869100,0.0,0.0,0.0
2021-10-22 00:00:00-04:00,63.720001220703125,64.08000183105469,63.650001525878906,63.9900016784668,2723800,0.0,0.0,0.0
2021-10-25 00:00:00-04:00,63.93000030517578,64.02999877929688,63.599998474121094,63.84000015258789,2091900,0.0,0.0,0.0
2021-10-26 00:00:00-04:00,63.79999923706055,64.04000091552734,63.68000030517578,63.86000061035156,3400200,0.0,0.0,0.0
2021-10-27 00:00:00-04:00,63.97999954223633,63.9900016784668,63.29999923706055,63.29999923706055,6641800,0.0,0.0,0.0
2021-10-28 00:00:00-04:00,63.34000015258789,63.70000076293945,63.33000183105469,63.599998474121094,3527400,0.0,0.0,0.0
2021-10-29 00:00:00-04:00,63.56999969482422,63.86000061035156,63.45000076293945,63.599998474121094,3013000,0.0,0.0,0.0
2021-11-01 00:00:00-04:00,63.720001220703125,63.81999969482422,63.349998474121094,63.65999984741211,2854000,0.0,0.0,0.0
2021-11-02 00:00:00-04:00,63.790000915527344,64.12999725341797,63.650001525878906,64.02999877929688,3371100,0.0,0.0,0.0
2021-11-03 00:00:00-04:00,63.97999954223633,64.16999816894531,63.650001525878906,64.06999969482422,4029000,0.0,0.0,0.0
2021-11-04 00:00:00-04:00,64.04000091552734,64.1500015258789,63.75,63.9900016784668,1794000,0.0,0.0,0.0
2021-11-05 00:00:00-04:00,64.19000244140625,64.4800033569336,64.0,64.1500015258789,3074000,0.0,0.0,0.0
2021-11-08 00:00:00-05:00,64.20999908447266,64.2699966430664,63.650001525878906,63.959999084472656,1976500,0.0,0.0,0.0
2021-11-09 00:00:00-05:00,63.97999954223633,64.19999694824219,63.869998931884766,64.13999938964844,2636700,0.0,0.0,0.0
2021-11-10 00:00:00-05:00,64.13999938964844,64.41999816894531,64.13999938964844,64.38999938964844,2835200,0.0,0.0,0.0
2021-11-11 00:00:00-05:00,64.41000366210938,64.41000366210938,63.9900016784668,64.13999938964844,1686400,0.0,0.0,0.0
2021-11-12 00:00:00-05:00,64.30999755859375,64.54000091552734,64.11000061035156,64.41000366210938,1351600,0.0,0.0,0.0
2021-11-15 00:00:00-05:00,64.55999755859375,64.69999694824219,64.4000015258789,64.69000244140625,2173200,0.0,0.0,0.0
2021-11-16 00:00:00-05:00,64.72000122070312,64.9800033569336,64.68000030517578,64.70999908447266,1897700,0.0,0.0,0.0
2021-11-17 00:00:00-05:00,64.62000274658203,64.72000122070312,64.4000015258789,64.63999938964844,1685100,0.0,0.0,0.0
2021-11-18 00:00:00-05:00,64.63999938964844,64.63999938964844,64.30000305175781,64.47000122070312,2657700,0.0,0.0,0.0
2021-11-19 00:00:00-05:00,64.56999969482422,64.62000274658203,64.38999938964844,64.41000366210938,2812200,0.0,0.0,0.0
2021-11-22 00:00:00-05:00,64.31999969482422,65.0,64.20999908447266,64.55999755859375,2566700,0.0,0.0,0.0
2021-11-23 00:00:00-05:00,64.52999877929688,64.87000274658203,64.43000030517578,64.79000091552734,3977600,0.0,0.0,0.0
2021-11-24 00:00:00-05:00,64.70999908447266,64.86000061035156,64.47000122070312,64.77999877929688,2824100,0.0,0.0,0.0
2021-11-26 00:00:00-05:00,64.2300033569336,64.5999984741211,63.66999816894531,63.86000061035156,4622300,0.0,0.0,0.0
2021-11-29 00:00:00-05:00,64.0999984741211,64.61000061035156,63.84000015258789,64.37000274658203,4370100,0.0,0.0,0.0
2021-11-30 00:00:00-05:00,64.05000305175781,64.12999725341797,62.599998474121094,62.650001525878906,10233700,0.0,0.0,0.0
2021-12-01 00:00:00-05:00,63.15999984741211,63.970001220703125,62.45000076293945,62.459999084472656,10446400,0.0,0.0,0.0
2021-12-02 00:00:00-05:00,62.630001068115234,63.849998474121094,62.5,63.43000030517578,10429600,0.0,0.0,0.0
2021-12-03 00:00:00-05:00,63.70000076293945,63.90999984741211,63.310001373291016,63.869998931884766,7717700,0.0,0.0,0.0
2021-12-06 00:00:00-05:00,64.29000091552734,65.01000213623047,64.29000091552734,64.70999908447266,5285200,0.0,0.0,0.0
2021-12-07 00:00:00-05:00,64.88999938964844,65.31999969482422,64.80999755859375,65.19999694824219,4174100,0.0,0.0,0.0
2021-12-08 00:00:00-05:00,65.19999694824219,65.37000274658203,64.8499984741211,65.19000244140625,3192200,0.0,0.0,0.0
2021-12-09 00:00:00-05:00,65.11000061035156,65.43000030517578,64.93000030517578,65.16000366210938,1927100,0.0,0.0,0.0
2021-12-10 00:00:00-05:00,65.4000015258789,65.80000305175781,65.30999755859375,65.73999786376953,3089800,0.0,0.0,0.0
2021-12-13 00:00:00-05:00,65.73999786376953,66.52999877929688,65.63999938964844,66.29000091552734,2117200,0.0,0.0,0.0
2021-12-14 00:00:00-05:00,66.16999816894531,66.27999877929688,65.75,65.9800033569336,3955500,0.0,0.0,0.0
2021-12-15 00:00:00-05:00,66.05000305175781,66.87999725341797,66.05000305175781,66.8499984741211,8501700,0.0,0.0,0.0
2021-12-16 00:00:00-05:00,67.0,67.54000091552734,66.97000122070312,67.4000015258789,5270700,0.0,0.0,0.0
2021-12-17 00:00:00-05:00,67.33999633789062,67.4000015258789,66.5,66.55999755859375,4925800,0.0,0.0,0.0
2021-12-20 00:00:00-05:00,66.0,66.33000183105469,65.55999755859375,66.25,6680700,0.0,0.0,0.0
2021-12-21 00:00:00-05:00,66.52999877929688,66.56999969482422,66.05999755859375,66.33000183105469,4057100,0.0,0.0,0.0
2021-12-22 00:00:00-05:00,66.33999633789062,66.86000061035156,66.29000091552734,66.8499984741211,3514100,0.0,0.0,0.0
2021-12-23 00:00:00-05:00,66.9800033569336,67.22000122070312,66.91000366210938,67.01000213623047,3983100,0.0,0.0,0.0
2021-12-27 00:00:00-05:00,67.18000030517578,67.80999755859375,67.0999984741211,67.80999755859375,2621300,0.0,0.0,0.0
2021-12-28 00:00:00-05:00,67.80999755859375,68.16000366210938,67.80000305175781,68.13999938964844,4250700,0.0,0.0,0.0
2021-12-29 00:00:00-05:00,68.16999816894531,68.62999725341797,68.16000366210938,68.51000213623047,2772900,0.0,0.0,0.0
2021-12-30 00:00:00-05:00,68.61000061035156,68.70999908447266,68.33000183105469,68.43000030517578,3091900,0.0,0.0,0.0
2021-12-31 00:00:00-05:00,68.37000274658203,68.86000061035156,68.33999633789062,68.62999725341797,3166000,0.0,0.0,0.0
2022-01-03 00:00:00-05:00,68.56999969482422,68.56999969482422,67.33999633789062,67.95999908447266,12900500,0.0,0.0,0.0
2022-01-04 00:00:00-05:00,68.0,68.41999816894531,67.88999938964844,68.01000213623047,4089400,0.0,0.0,0.0
2022-01-05 00:00:00-05:00,68.04000091552734,68.37999725341797,67.62000274658203,67.62999725341797,7907000,0.0,0.0,0.0
2022-01-06 00:00:00-05:00,67.66000366210938,67.91999816894531,67.47000122070312,67.52999877929688,6264600,0.0,0.0,0.0
2022-01-07 00:00:00-05:00,67.47000122070312,67.76000213623047,67.27999877929688,67.51000213623047,5416100,0.0,0.0,0.0
2022-01-10 00:00:00-05:00,67.38999938964844,67.41999816894531,66.7699966430664,67.16999816894531,7819200,0.0,0.0,0.0
2022-01-11 00:00:00-05:00,67.19000244140625,67.22000122070312,66.47000122070312,67.06999969482422,7087000,0.0,0.0,0.0
2022-01-12 00:00:00-05:00,67.08000183105469,67.20999908447266,66.87999725341797,67.13999938964844,4839300,0.0,0.0,0.0
2022-01-13 00:00:00-05:00,67.19000244140625,67.30999755859375,66.80000305175781,66.94000244140625,6315600,0.0,0.0,0.0
2022-01-14 00:00:00-05:00,66.72000122070312,66.7699966430664,66.18000030517578,66.56999969482422,6803200,0.0,0.0,0.0
2022-01-18 00:00:00-05:00,66.19999694824219,66.19999694824219,65.4000015258789,65.93000030517578,7335300,0.0,0.0,0.0
2022-01-19 00:00:00-05:00,66.0999984741211,66.41999816894531,65.75,65.80000305175781,7335200,0.0,0.0,0.0
2022-01-20 00:00:00-05:00,65.9000015258789,66.37000274658203,65.2300033569336,65.29000091552734,7016200,0.0,0.0,0.0
2022-01-21 00:00:00-05:00,65.55000305175781,65.97000122070312,65.05999755859375,65.11000061035156,12220600,0.0,0.0,0.0
2022-01-24 00:00:00-05:00,64.70999908447266,65.06999969482422,63.43000030517578,64.97000122070312,23332300,0.0,0.0,0.0
2022-01-25 00:00:00-05:00,64.3499984741211,64.87999725341797,63.61000061035156,64.4000015258789,11508700,0.0,0.0,0.0
2022-01-26 00:00:00-05:00,64.5199966430664,64.91000366210938,63.2599983215332,63.650001525878906,17052800,0.0,0.0,0.0
2022-01-27 00:00:00-05:00,64.0999984741211,64.72000122070312,63.43000030517578,63.720001220703125,8401500,0.0,0.0,0.0
2022-01-28 00:00:00-05:00,63.619998931884766,64.87000274658203,63.119998931884766,64.87000274658203,9126400,0.0,0.0,0.0
2022-01-31 00:00:00-05:00,64.5199966430664,65.4000015258789,64.41000366210938,65.3499984741211,6988200,0.0,0.0,0.0
2022-02-01 00:00:00-05:00,65.33000183105469,65.43000030517578,64.47000122070312,65.0199966430664,6727700,0.0,0.0,0.0
2022-02-02 00:00:00-05:00,65.05000305175781,65.86000061035156,64.94000244140625,65.7699966430664,4359500,0.0,0.0,0.0
2022-02-03 00:00:00-05:00,65.5,65.81999969482422,65.37000274658203,65.47000122070312,6455500,0.0,0.0,0.0
2022-02-04 00:00:00-05:00,65.06999969482422,65.38999938964844,64.43000030517578,64.83999633789062,7129600,0.0,0.0,0.0
2022-02-07 00:00:00-05:00,64.95999908447266,65.0999984741211,64.58000183105469,64.75,3965000,0.0,0.0,0.0
2022-02-08 00:00:00-05:00,64.91000366210938,65.18000030517578,64.66999816894531,65.0199966430664,4084400,0.0,0.0,0.0
2022-02-09 00:00:00-05:00,65.4000015258789,65.68000030517578,65.36000061035156,65.5,4127400,0.0,0.0,0.0
2022-02-10 00:00:00-05:00,64.8499984741211,65.1500015258789,63.97999954223633,64.19999694824219,6934700,0.0,0.0,0.0
2022-02-11 00:00:00-05:00,64.31999969482422,64.63999938964844,63.619998931884766,63.810001373291016,9813700,0.0,0.0,0.0
2022-02-14 00:00:00-05:00,63.86000061035156,64.0199966430664,62.959999084472656,63.43000030517578,7046900,0.0,0.0,0.0
2022-02-15 00:00:00-05:00,63.869998931884766,64.12999725341797,63.310001373291016,63.58000183105469,4498800,0.0,0.0,0.0
2022-02-16 00:00:00-05:00,63.41999816894531,63.779998779296875,62.95000076293945,63.58000183105469,4858100,0.0,0.0,0.0
2022-02-17 00:00:00-05:00,63.31999969482422,63.56999969482422,62.86000061035156,63.2599983215332,4893400,0.0,0.0,0.0
2022-02-18 00:00:00-05:00,63.130001068115234,63.61000061035156,62.9900016784668,63.33000183105469,5105200,0.0,0.0,0.0
2022-02-22 00:00:00-05:00,63.29999923706055,63.400001525878906,62.689998626708984,63.04999923706055,6764400,0.0,0.0,0.0
2022-02-23 00:00:00-05:00,63.209999084472656,63.369998931884766,62.310001373291016,62.36000061035156,5830200,0.0,0.0,0.0
2022-02-24 00:00:00-05:00,61.619998931884766,62.349998474121094,61.119998931884766,62.22999954223633,9411400,0.0,0.0,0.0
2022-02-25 00:00:00-05:00,62.4900016784668,64.1500015258789,62.4900016784668,64.08999633789062,7489500,0.0,0.0,0.0
2022-02-28 00:00:00-05:00,63.380001068115234,63.90999984741211,63.09000015258789,63.7400016784668,6142800,0.0,0.0,0.0
2022-03-01 00:00:00-05:00,63.540000915527344,64.01000213623047,62.849998474121094,63.130001068115234,14078400,0.0,0.0,0.0
2022-03-02 00:00:00-05:00,63.34000015258789,64.31999969482422,63.279998779296875,64.06999969482422,4938400,0.0,0.0,0.0
2022-03-03 00:00:00-05:00,64.37999725341797,65.08999633789062,64.30000305175781,64.79000091552734,6109100,0.0,0.0,0.0
2022-03-04 00:00:00-05:00,64.3499984741211,65.44999694824219,64.11000061035156,65.4000015258789,4451300,0.0,0.0,0.0
2022-03-07 00:00:00-05:00,65.23999786376953,65.5199966430664,64.75,64.76000213623047,5947800,0.0,0.0,0.0
2022-03-08 00:00:00-05:00,64.77999877929688,64.94000244140625,63.349998474121094,63.36000061035156,9496300,0.0,0.0,0.0
2022-03-09 00:00:00-05:00,64.20999908447266,64.29000091552734,63.709999084472656,63.86000061035156,5939700,0.0,0.0,0.0
2022-03-10 00:00:00-05:00,63.31999969482422,63.810001373291016,63.119998931884766,63.709999084472656,3957900,0.0,0.0,0.0
2022-03-11 00:00:00-05:00,63.869998931884766,64.26000213623047,63.2599983215332,63.29999923706055,4390900,0.0,0.0,0.0
2022-03-14 00:00:00-04:00,63.650001525878906,64.0999984741211,63.349998474121094,63.540000915527344,6581000,0.0,0.0,0.0
2022-03-15 00:00:00-04:00,63.959999084472656,64.48999786376953,63.7599983215332,64.41000366210938,4629000,0.0,0.0,0.0
2022-03-16 00:00:00-04:00,64.5999984741211,64.80999755859375,63.58000183105469,64.58999633789062,6645900,0.0,0.0,0.0
2022-03-17 00:00:00-04:00,64.45999908447266,65.23999786376953,64.44000244140625,65.16000366210938,5151600,0.0,0.0,0.0
2022-03-18 00:00:00-04:00,65.04000091552734,65.18000030517578,64.56999969482422,65.0999984741211,3518500,0.0,0.0,0.0
2022-03-21 00:00:00-04:00,65.02999877929688,65.52999877929688,64.97000122070312,65.23999786376953,2907400,0.0,0.0,0.0
2022-03-22 00:00:00-04:00,65.43000030517578,65.5199966430664,65.05000305175781,65.29000091552734,3834000,0.0,0.0,0.0
2022-03-23 00:00:00-04:00,65.20999908447266,65.37000274658203,64.91000366210938,64.98999786376953,5016000,0.0,0.0,0.0
2022-03-24 00:00:00-04:00,65.08999633789062,65.56999969482422,65.05000305175781,65.56999969482422,3726000,0.0,0.0,0.0
2022-03-25 00:00:00-04:00,65.72000122070312,66.33000183105469,65.69000244140625,66.31999969482422,5028800,0.0,0.0,0.0
2022-03-28 00:00:00-04:00,66.33999633789062,66.61000061035156,65.97000122070312,66.61000061035156,4472800,0.0,0.0,0.0
2022-03-29 00:00:00-04:00,66.88999938964844,67.23999786376953,66.61000061035156,67.2300033569336,4582300,0.0,0.0,0.0
2022-03-30 00:00:00-04:00,67.0999984741211,67.47000122070312,66.98999786376953,67.45999908447266,4950500,0.0,0.0,0.0
2022-03-31 00:00:00-04:00,67.45999908447266,67.7699966430664,67.04000091552734,67.08999633789062,4524200,0.0,0.0,0.0
2022-04-01 00:00:00-04:00,67.2300033569336,67.81999969482422,66.91000366210938,67.81999969482422,4975600,0.0,0.0,0.0
2022-04-04 00:00:00-04:00,67.5999984741211,67.61000061035156,66.91000366210938,67.37999725341797,8593800,0.0,0.0,0.0
2022-04-05 00:00:00-04:00,67.26000213623047,68.16999816894531,67.26000213623047,67.52999877929688,5625900,0.0,0.0,0.0
2022-04-06 00:00:00-04:00,67.37999725341797,68.54000091552734,67.26000213623047,68.51000213623047,8745400,0.0,0.0,0.0
2022-04-07 00:00:00-04:00,68.3499984741211,68.9000015258789,68.08999633789062,68.75,6904000,0.0,0.0,0.0
2022-04-08 00:00:00-04:00,68.80999755859375,69.16000366210938,68.54000091552734,68.87999725341797,5689500,0.0,0.0,0.0
2022-04-11 00:00:00-04:00,68.88999938964844,69.16000366210938,68.26000213623047,68.36000061035156,7226400,0.0,0.0,0.0
2022-04-12 00:00:00-04:00,68.36000061035156,68.80999755859375,68.08999633789062,68.27999877929688,8810400,0.0,0.0,0.0
2022-04-13 00:00:00-04:00,68.29000091552734,68.52999877929688,67.9800033569336,68.41999816894531,3890400,0.0,0.0,0.0
2022-04-14 00:00:00-04:00,68.4800033569336,68.81999969482422,68.2300033569336,68.26000213623047,7405300,0.0,0.0,0.0
2022-04-18 00:00:00-04:00,68.08000183105469,68.38999938964844,67.5199966430664,67.75,4654600,0.0,0.0,0.0
2022-04-19 00:00:00-04:00,67.86000061035156,68.63999938964844,67.86000061035156,68.54000091552734,3007700,0.0,0.0,0.0
2022-04-20 00:00:00-04:00,68.83000183105469,69.61000061035156,68.83000183105469,69.41999816894531,5881500,0.0,0.0,0.0
2022-04-21 00:00:00-04:00,69.5,69.81999969482422,69.01000213623047,69.06999969482422,6995200,0.0,0.0,0.0
2022-04-22 00:00:00-04:00,68.94999694824219,68.97000122070312,67.58000183105469,67.63999938964844,7755200,0.0,0.0,0.0
2022-04-25 00:00:00-04:00,67.68000030517578,67.76000213623047,66.41000366210938,67.58000183105469,9678800,0.0,0.0,0.0
2022-04-26 00:00:00-04:00,67.44999694824219,67.9000015258789,66.7300033569336,66.75,7657600,0.0,0.0,0.0
2022-04-27 00:00:00-04:00,66.86000061035156,67.55999755859375,66.56999969482422,66.83999633789062,8550400,0.0,0.0,0.0
2022-04-28 00:00:00-04:00,67.0199966430664,67.61000061035156,66.62999725341797,67.51000213623047,7443100,0.0,0.0,0.0
2022-04-29 00:00:00-04:00,67.11000061035156,67.16999816894531,65.2699966430664,65.3499984741211,12661700,0.0,0.0,0.0
2022-05-02 00:00:00-04:00,65.55000305175781,65.83999633789062,63.75,64.63999938964844,16397400,0.0,0.0,0.0
2022-05-03 00:00:00-04:00,64.87999725341797,65.56999969482422,64.51000213623047,64.87999725341797,9151600,0.0,0.0,0.0
2022-05-04 00:00:00-04:00,64.94000244140625,66.33000183105469,64.8499984741211,66.23999786376953,15259400,0.0,0.0,0.0
2022-05-05 00:00:00-04:00,65.87999725341797,66.1500015258789,64.58999633789062,65.08000183105469,16093500,0.0,0.0,0.0
2022-05-06 00:00:00-04:00,64.75,65.29000091552734,64.44000244140625,65.0999984741211,17333900,0.0,0.0,0.0
2022-05-09 00:00:00-04:00,64.5999984741211,65.13999938964844,64.22000122070312,64.52999877929688,13380800,0.0,0.0,0.0
2022-05-10 00:00:00-04:00,64.98999786376953,65.25,63.619998931884766,63.95000076293945,11861900,0.0,0.0,0.0
2022-05-11 00:00:00-04:00,63.91999816894531,65.0199966430664,63.880001068115234,64.01000213623047,15318800,0.0,0.0,0.0
2022-05-12 00:00:00-04:00,63.95000076293945,64.18000030517578,63.279998779296875,64.01000213623047,13984400,0.0,0.0,0.0
2022-05-13 00:00:00-04:00,64.37999725341797,64.77999877929688,63.90999984741211,64.73999786376953,5645900,0.0,0.0,0.0
2022-05-16 00:00:00-04:00,64.63999938964844,65.12000274658203,64.36000061035156,64.81999969482422,5821300,0.0,0.0,0.0
2022-05-17 00:00:00-04:00,65.12000274658203,65.2300033569336,64.33000183105469,65.20999908447266,4286800,0.0,0.0,0.0
2022-05-18 00:00:00-04:00,64.9000015258789,65.01000213623047,62.90999984741211,63.060001373291016,4182200,0.0,0.0,0.0
2022-05-19 00:00:00-04:00,62.599998474121094,63.0099983215332,61.88999938964844,62.56999969482422,6170700,0.0,0.0,0.0
2022-05-20 00:00:00-04:00,62.88999938964844,62.95000076293945,61.790000915527344,62.709999084472656,6363400,0.0,0.0,0.0
2022-05-23 00:00:00-04:00,63.22999954223633,63.61000061035156,62.86000061035156,63.38999938964844,5309100,0.0,0.0,0.0
2022-05-24 00:00:00-04:00,63.279998779296875,64.30000305175781,62.970001220703125,64.22000122070312,5116500,0.0,0.0,0.0
2022-05-25 00:00:00-04:00,64.08999633789062,64.33000183105469,63.70000076293945,64.2300033569336,3938000,0.0,0.0,0.0
2022-05-26 00:00:00-04:00,64.48999786376953,64.86000061035156,64.43000030517578,64.5199966430664,3915800,0.0,0.0,0.0
2022-05-27 00:00:00-04:00,64.62000274658203,65.44000244140625,64.5199966430664,65.43000030517578,3736100,0.0,0.0,0.0
2022-05-31 00:00:00-04:00,64.91999816894531,65.2699966430664,64.33000183105469,64.88999938964844,3741800,0.0,0.0,0.0
2022-06-01 00:00:00-04:00,65.05000305175781,65.05000305175781,63.86000061035156,64.41999816894531,3018400,0.0,0.0,0.0
2022-06-02 00:00:00-04:00,64.52999877929688,64.80999755859375,63.439998626708984,64.77999877929688,3258400,0.0,0.0,0.0
2022-06-03 00:00:00-04:00,64.43000030517578,64.68000030517578,64.16999816894531,64.2699966430664,1787700,0.0,0.0,0.0
2022-06-06 00:00:00-04:00,64.58999633789062,64.76000213623047,64.16999816894531,64.27999877929688,2512400,0.0,0.0,0.0
2022-06-07 00:00:00-04:00,64.0,64.93000030517578,63.869998931884766,64.88999938964844,2190800,0.0,0.0,0.0
2022-06-08 00:00:00-04:00,64.62999725341797,64.62999725341797,63.84000015258789,63.900001525878906,2040000,0.0,0.0,0.0
2022-06-09 00:00:00-04:00,63.79999923706055,64.12999725341797,62.61000061035156,62.619998931884766,2803200,0.0,0.0,0.0
2022-06-10 00:00:00-04:00,61.93000030517578,62.56999969482422,61.61000061035156,62.040000915527344,4118500,0.0,0.0,0.0
2022-06-13 00:00:00-04:00,61.15999984741211,61.369998931884766,59.93000030517578,60.189998626708984,7697000,0.0,0.0,0.0
2022-06-14 00:00:00-04:00,60.34000015258789,60.43000030517578,58.88999938964844,59.33000183105469,4487700,0.0,0.0,0.0
2022-06-15 00:00:00-04:00,59.689998626708984,60.33000183105469,58.880001068115234,59.61000061035156,4720200,0.0,0.0,0.0
2022-06-16 00:00:00-04:00,58.68000030517578,58.9900016784668,58.2599983215332,58.720001220703125,5044800,0.0,0.0,0.0
2022-06-17 00:00:00-04:00,58.720001220703125,59.15999984741211,58.15999984741211,58.540000915527344,4588300,0.0,0.0,0.0
2022-06-21 00:00:00-04:00,58.970001220703125,59.86000061035156,58.84000015258789,59.65999984741211,2462700,0.0,0.0,0.0
2022-06-22 00:00:00-04:00,59.290000915527344,60.400001525878906,59.279998779296875,59.939998626708984,3506200,0.0,0.0,0.0
2022-06-23 00:00:00-04:00,60.08000183105469,60.91999816894531,60.08000183105469,60.869998931884766,3337400,0.0,0.0,0.0
2022-06-24 00:00:00-04:00,61.209999084472656,62.22999954223633,61.02000045776367,62.16999816894531,3339400,0.0,0.0,0.0
2022-06-27 00:00:00-04:00,62.16999816894531,62.61000061035156,61.970001220703125,62.369998931884766,1949300,0.0,0.0,0.0
2022-06-28 00:00:00-04:00,62.56999969482422,62.939998626708984,61.720001220703125,61.7400016784668,2412600,0.0,0.0,0.0
2022-06-29 00:00:00-04:00,61.849998474121094,62.099998474121094,61.66999816894531,61.939998626708984,1743100,0.0,0.0,0.0
2022-06-30 00:00:00-04:00,61.54999923706055,62.400001525878906,61.2599983215332,62.0,3209800,0.0,0.0,0.0
2022-07-01 00:00:00-04:00,61.970001220703125,63.06999969482422,61.84000015258789,62.97999954223633,5243600,0.0,0.0,0.0
2022-07-05 00:00:00-04:00,62.529998779296875,62.58000183105469,60.9900016784668,61.95000076293945,3053100,0.0,0.0,0.0
2022-07-06 00:00:00-04:00,62.150001525878906,62.790000915527344,61.880001068115234,62.369998931884766,3115600,0.0,0.0,0.0
2022-07-07 00:00:00-04:00,62.560001373291016,62.65999984741211,62.18000030517578,62.27000045776367,2482800,0.0,0.0,0.0
2022-07-08 00:00:00-04:00,62.290000915527344,62.43000030517578,62.029998779296875,62.130001068115234,2229200,0.0,0.0,0.0
2022-07-11 00:00:00-04:00,61.95000076293945,62.349998474121094,61.84000015258789,62.18000030517578,2055600,0.0,0.0,0.0
2022-07-12 00:00:00-04:00,61.9900016784668,62.61000061035156,61.59000015258789,61.849998474121094,2055800,0.0,0.0,0.0
2022-07-13 00:00:00-04:00,61.310001373291016,62.06999969482422,61.16999816894531,61.540000915527344,3061200,0.0,0.0,0.0
2022-07-14 00:00:00-04:00,60.720001220703125,61.290000915527344,60.56999969482422,61.209999084472656,2949400,0.0,0.0,0.0
2022-07-15 00:00:00-04:00,61.72999954223633,61.900001525878906,61.31999969482422,61.810001373291016,2201600,0.0,0.0,0.0
2022-07-18 00:00:00-04:00,61.84000015258789,61.869998931884766,60.790000915527344,60.91999816894531,1789300,0.0,0.0,0.0
2022-07-19 00:00:00-04:00,61.34000015258789,61.86000061035156,61.2599983215332,61.7599983215332,9367900,0.0,0.0,0.0
2022-07-20 00:00:00-04:00,61.75,61.869998931884766,61.20000076293945,61.38999938964844,1940100,0.0,0.0,0.0
2022-07-21 00:00:00-04:00,61.349998474121094,61.68000030517578,61.150001525878906,61.65999984741211,1812200,0.0,0.0,0.0
2022-07-22 00:00:00-04:00,61.86000061035156,62.16999816894531,61.599998474121094,61.97999954223633,2623300,0.0,0.0,0.0
2022-07-25 00:00:00-04:00,62.029998779296875,62.470001220703125,61.939998626708984,62.36000061035156,2134200,0.0,0.0,0.0
2022-07-26 00:00:00-04:00,62.16999816894531,62.72999954223633,62.16999816894531,62.630001068115234,1628100,0.0,0.0,0.0
2022-07-27 00:00:00-04:00,62.56999969482422,63.119998931884766,62.279998779296875,62.95000076293945,2969900,0.0,0.0,0.0
2022-07-28 00:00:00-04:00,63.150001525878906,64.26000213623047,62.93000030517578,64.19000244140625,9025000,0.0,0.0,0.0
2022-07-29 00:00:00-04:00,63.970001220703125,64.61000061035156,63.959999084472656,64.51000213623047,3700600,0.0,0.0,0.0
2022-08-01 00:00:00-04:00,64.22000122070312,64.5,64.0999984741211,64.33999633789062,3758800,0.0,0.0,0.0
2022-08-02 00:00:00-04:00,64.44000244140625,64.62999725341797,63.95000076293945,63.9900016784668,4779700,0.0,0.0,0.0
2022-08-03 00:00:00-04:00,64.05000305175781,64.37999725341797,63.599998474121094,64.27999877929688,2857700,0.0,0.0,0.0
2022-08-04 00:00:00-04:00,64.26000213623047,64.58000183105469,64.11000061035156,64.18000030517578,3693600,0.0,0.0,0.0
2022-08-05 00:00:00-04:00,63.939998626708984,64.16999816894531,63.59000015258789,64.13999938964844,1699200,0.0,0.0,0.0
2022-08-08 00:00:00-04:00,64.44000244140625,64.73999786376953,64.19999694824219,64.33999633789062,3542100,0.0,0.0,0.0
2022-08-09 00:00:00-04:00,64.37999725341797,64.88999938964844,64.37999725341797,64.77999877929688,2224900,0.0,0.0,0.0
2022-08-10 00:00:00-04:00,65.26000213623047,65.41000366210938,65.05000305175781,65.38999938964844,3108800,0.0,0.0,0.0
2022-08-11 00:00:00-04:00,65.58000183105469,65.91999816894531,65.26000213623047,65.36000061035156,1624500,0.0,0.0,0.0
2022-08-12 00:00:00-04:00,65.5999984741211,66.27999877929688,65.58000183105469,66.26000213623047,1894400,0.0,0.0,0.0
2022-08-15 00:00:00-04:00,66.11000061035156,66.76000213623047,65.9800033569336,66.72000122070312,2762300,0.0,0.0,0.0
2022-08-16 00:00:00-04:00,66.58999633789062,67.23999786376953,66.58999633789062,67.02999877929688,1912300,0.0,0.0,0.0
2022-08-17 00:00:00-04:00,66.66000366210938,67.22000122070312,66.66000366210938,66.98999786376953,1368800,0.0,0.0,0.0
2022-08-18 00:00:00-04:00,67.02999877929688,67.12000274658203,66.68000030517578,66.98999786376953,2259200,0.0,0.0,0.0
2022-08-19 00:00:00-04:00,66.75,66.97000122070312,66.5999984741211,66.73999786376953,2583600,0.0,0.0,0.0
2022-08-22 00:00:00-04:00,66.2699966430664,66.33000183105469,65.5999984741211,65.70999908447266,4035900,0.0,0.0,0.0
2022-08-23 00:00:00-04:00,65.5999984741211,65.5999984741211,65.05000305175781,65.20999908447266,1510800,0.0,0.0,0.0
2022-08-24 00:00:00-04:00,65.26000213623047,65.48999786376953,65.06999969482422,65.38999938964844,1419200,0.0,0.0,0.0
2022-08-25 00:00:00-04:00,65.51000213623047,65.81999969482422,65.2300033569336,65.80000305175781,1537700,0.0,0.0,0.0
2022-08-26 00:00:00-04:00,65.91000366210938,65.91000366210938,64.33999633789062,64.37000274658203,6383000,0.0,0.0,0.0
2022-08-29 00:00:00-04:00,64.16000366210938,64.69000244140625,63.77000045776367,64.27999877929688,2401000,0.0,0.0,0.0
2022-08-30 00:00:00-04:00,64.37000274658203,64.37000274658203,63.41999816894531,63.560001373291016,2979300,0.0,0.0,0.0
2022-08-31 00:00:00-04:00,63.7599983215332,63.959999084472656,63.18000030517578,63.20000076293945,4905200,0.0,0.0,0.0
2022-09-01 00:00:00-04:00,62.97999954223633,63.810001373291016,62.869998931884766,63.77000045776367,3580500,0.0,0.0,0.0
2022-09-02 00:00:00-04:00,64.11000061035156,64.41999816894531,62.86000061035156,63.060001373291016,5658100,0.0,0.0,0.0
2022-09-06 00:00:00-04:00,63.189998626708984,63.70000076293945,62.83000183105469,63.0099983215332,2472300,0.0,0.0,0.0
2022-09-07 00:00:00-04:00,63.130001068115234,64.44000244140625,63.130001068115234,64.37999725341797,3157900,0.0,0.0,0.0
2022-09-08 00:00:00-04:00,64.08999633789062,64.62000274658203,63.95000076293945,64.44000244140625,2901300,0.0,0.0,0.0
2022-09-09 00:00:00-04:00,64.6500015258789,65.06999969482422,64.37999725341797,64.83000183105469,1771700,0.0,0.0,0.0
2022-09-12 00:00:00-04:00,65.02999877929688,65.48999786376953,64.97000122070312,65.30000305175781,2679900,0.0,0.0,0.0
2022-09-13 00:00:00-04:00,64.58000183105469,64.68000030517578,63.209999084472656,63.41999816894531,5863100,0.0,0.0,0.0
2022-09-14 00:00:00-04:00,63.529998779296875,63.790000915527344,63.06999969482422,63.41999816894531,2187400,0.0,0.0,0.0
2022-09-15 00:00:00-04:00,63.36000061035156,63.36000061035156,62.599998474121094,62.68000030517578,3669300,0.0,0.0,0.0
2022-09-16 00:00:00-04:00,62.41999816894531,62.66999816894531,62.25,62.599998474121094,2749800,0.0,0.0,0.0
2022-09-19 00:00:00-04:00,62.2400016784668,62.869998931884766,62.0,62.869998931884766,3351600,0.0,0.0,0.0
2022-09-20 00:00:00-04:00,62.470001220703125,62.470001220703125,61.54999923706055,62.0,2752200,0.0,0.0,0.0
2022-09-21 00:00:00-04:00,62.349998474121094,62.849998474121094,61.36000061035156,61.36000061035156,3797100,0.0,0.0,0.0
2022-09-22 00:00:00-04:00,61.310001373291016,61.630001068115234,60.900001525878906,61.2599983215332,3347500,0.0,0.0,0.0
2022-09-23 00:00:00-04:00,60.83000183105469,61.0,59.97999954223633,60.65999984741211,6589800,0.0,0.0,0.0
2022-09-26 00:00:00-04:00,60.47999954223633,60.5099983215332,59.40999984741211,59.79999923706055,4292600,0.0,0.0,0.0
2022-09-27 00:00:00-04:00,60.150001525878906,60.31999969482422,58.84000015258789,59.04999923706055,4325300,0.0,0.0,0.0
2022-09-28 00:00:00-04:00,59.400001525878906,60.150001525878906,59.0,59.849998474121094,4261600,0.0,0.0,0.0
2022-09-29 00:00:00-04:00,59.599998474121094,59.68000030517578,58.41999816894531,58.619998931884766,4286400,0.0,0.0,0.0
2022-09-30 00:00:00-04:00,58.75,58.939998626708984,57.77000045776367,57.83000183105469,4517200,0.0,0.0,0.0
2022-10-03 00:00:00-04:00,58.45000076293945,59.439998626708984,58.18000030517578,59.189998626708984,3977600,0.0,0.0,0.0
2022-10-04 00:00:00-04:00,59.61000061035156,60.45000076293945,59.470001220703125,60.29999923706055,3884200,0.0,0.0,0.0
2022-10-05 00:00:00-04:00,59.84000015258789,60.0099983215332,59.11000061035156,59.59000015258789,2411900,0.0,0.0,0.0
2022-10-06 00:00:00-04:00,59.40999984741211,59.43000030517578,58.220001220703125,58.29999923706055,2781300,0.0,0.0,0.0
2022-10-07 00:00:00-04:00,58.02000045776367,58.13999938964844,56.88999938964844,57.189998626708984,5321200,0.0,0.0,0.0
2022-10-10 00:00:00-04:00,57.36000061035156,57.70000076293945,57.09000015258789,57.279998779296875,1900200,0.0,0.0,0.0
2022-10-11 00:00:00-04:00,57.189998626708984,58.13999938964844,57.16999816894531,57.599998474121094,2598400,0.0,0.0,0.0
2022-10-12 00:00:00-04:00,57.720001220703125,57.79999923706055,56.90999984741211,56.91999816894531,1380600,0.0,0.0,0.0
2022-10-13 00:00:00-04:00,56.150001525878906,58.52000045776367,55.9900016784668,58.34000015258789,5396100,0.0,0.0,0.0
2022-10-14 00:00:00-04:00,58.77000045776367,59.0,57.27000045776367,57.41999816894531,3103200,0.0,0.0,0.0
2022-10-17 00:00:00-04:00,58.0099983215332,58.63999938964844,58.0099983215332,58.45000076293945,2036000,0.0,0.0,0.0
2022-10-18 00:00:00-04:00,59.279998779296875,59.560001373291016,58.86000061035156,59.2400016784668,1932000,0.0,0.0,0.0
2022-10-19 00:00:00-04:00,58.90999984741211,59.150001525878906,58.290000915527344,58.70000076293945,1242200,0.0,0.0,0.0
2022-10-20 00:00:00-04:00,58.72999954223633,58.779998779296875,57.7400016784668,57.86000061035156,2103700,0.0,0.0,0.0
2022-10-21 00:00:00-04:00,57.959999084472656,58.959999084472656,57.619998931884766,58.81999969482422,2470600,0.0,0.0,0.0
2022-10-24 00:00:00-04:00,59.099998474121094,59.65999984741211,58.880001068115234,59.38999938964844,1684200,0.0,0.0,0.0
2022-10-25 00:00:00-04:00,59.27000045776367,60.16999816894531,59.25,60.11000061035156,1575800,0.0,0.0,0.0
2022-10-26 00:00:00-04:00,60.36000061035156,60.63999938964844,59.939998626708984,60.209999084472656,1807800,0.0,0.0,0.0
2022-10-27 00:00:00-04:00,60.47999954223633,61.04999923706055,60.40999984741211,60.5099983215332,1550000,0.0,0.0,0.0
2022-10-28 00:00:00-04:00,60.650001525878906,62.06999969482422,60.63999938964844,61.97999954223633,2592900,0.0,0.0,0.0
2022-10-31 00:00:00-04:00,61.75,62.06999969482422,61.540000915527344,61.7400016784668,1799300,0.0,0.0,0.0
2022-11-01 00:00:00-04:00,62.040000915527344,62.04999923706055,61.439998626708984,61.7400016784668,2271400,0.0,0.0,0.0
2022-11-02 00:00:00-04:00,61.650001525878906,62.4900016784668,60.90999984741211,60.93000030517578,2902200,0.0,0.0,0.0
2022-11-03 00:00:00-04:00,60.5099983215332,61.209999084472656,60.20000076293945,60.81999969482422,2841500,0.0,0.0,0.0
2022-11-04 00:00:00-04:00,61.20000076293945,61.650001525878906,60.52000045776367,61.380001068115234,1975200,0.0,0.0,0.0
2022-11-07 00:00:00-05:00,61.47999954223633,61.58000183105469,60.939998626708984,61.38999938964844,1772900,0.0,0.0,0.0
2022-11-08 00:00:00-05:00,61.47999954223633,62.11000061035156,61.25,61.7599983215332,1845400,0.0,0.0,0.0
2022-11-09 00:00:00-05:00,61.56999969482422,61.970001220703125,61.099998474121094,61.18000030517578,1383300,0.0,0.0,0.0
2022-11-10 00:00:00-05:00,62.63999938964844,63.099998474121094,62.029998779296875,63.0,2912400,0.0,0.0,0.0
2022-11-11 00:00:00-05:00,63.06999969482422,63.08000183105469,61.83000183105469,62.29999923706055,1831800,0.0,0.0,0.0
2022-11-14 00:00:00-05:00,62.279998779296875,62.79999923706055,61.88999938964844,61.91999816894531,2836200,0.0,0.0,0.0
2022-11-15 00:00:00-05:00,62.36000061035156,62.61000061035156,61.619998931884766,62.2400016784668,2237200,0.0,0.0,0.0
2022-11-16 00:00:00-05:00,62.279998779296875,62.849998474121094,62.279998779296875,62.54999923706055,1852300,0.0,0.0,0.0
2022-11-17 00:00:00-05:00,61.97999954223633,62.29999923706055,61.86000061035156,62.279998779296875,1888100,0.0,0.0,0.0
2022-11-18 00:00:00-05:00,62.72999954223633,63.220001220703125,62.720001220703125,63.130001068115234,2881500,0.0,0.0,0.0
2022-11-21 00:00:00-05:00,62.959999084472656,63.619998931884766,62.959999084472656,63.560001373291016,1508200,0.0,0.0,0.0
2022-11-22 00:00:00-05:00,63.79999923706055,64.05000305175781,63.630001068115234,63.95000076293945,1767000,0.0,0.0,0.0
2022-11-23 00:00:00-05:00,63.91999816894531,64.23999786376953,63.83000183105469,64.2300033569336,1372400,0.0,0.0,0.0
2022-11-25 00:00:00-05:00,64.36000061035156,64.58000183105469,64.36000061035156,64.56999969482422,1123600,0.0,0.0,0.0
2022-11-28 00:00:00-05:00,64.25,64.5,63.84000015258789,63.939998626708984,1152400,0.0,0.0,0.0
2022-11-29 00:00:00-05:00,63.79999923706055,63.93000030517578,63.540000915527344,63.88999938964844,1066500,0.0,0.0,0.0
2022-11-30 00:00:00-05:00,63.810001373291016,65.16999816894531,63.52000045776367,65.12999725341797,2510800,0.0,0.0,0.0
2022-12-01 00:00:00-05:00,65.47000122070312,65.80000305175781,65.0,65.2300033569336,1468300,0.0,0.0,0.0
2022-12-02 00:00:00-05:00,64.72000122070312,65.47000122070312,64.70999908447266,65.36000061035156,1232400,0.0,0.0,0.0
2022-12-05 00:00:00-05:00,64.86000061035156,64.91999816894531,64.5199966430664,64.6500015258789,1383900,0.0,0.0,0.0
2022-12-06 00:00:00-05:00,64.5999984741211,64.81999969482422,64.18000030517578,64.5199966430664,1618200,0.0,0.0,0.0
2022-12-07 00:00:00-05:00,64.51000213623047,64.94999694824219,64.33999633789062,64.54000091552734,1377000,0.0,0.0,0.0
2022-12-08 00:00:00-05:00,64.61000061035156,65.0199966430664,64.52999877929688,64.94000244140625,1181100,0.0,0.0,0.0
2022-12-09 00:00:00-05:00,64.80000305175781,65.05000305175781,64.44999694824219,64.47000122070312,1010500,0.0,0.0,0.0
2022-12-12 00:00:00-05:00,64.69000244140625,65.3499984741211,64.4000015258789,65.33999633789062,1649600,0.0,0.0,0.0
2022-12-13 00:00:00-05:00,66.30000305175781,66.31999969482422,64.94999694824219,65.36000061035156,2948200,0.0,0.0,0.0
2022-12-14 00:00:00-05:00,65.44999694824219,66.02999877929688,64.83999633789062,65.22000122070312,2966600,0.0,0.0,0.0
2022-12-15 00:00:00-05:00,64.76000213623047,64.91000366210938,63.95000076293945,64.29000091552734,2001300,0.0,0.0,0.0
2022-12-16 00:00:00-05:00,63.790000915527344,63.880001068115234,63.18000030517578,63.61000061035156,1787100,0.0,0.0,0.0
2022-12-19 00:00:00-05:00,63.45000076293945,63.88999938964844,62.97999954223633,63.29999923706055,2236200,0.0,0.0,0.0
2022-12-20 00:00:00-05:00,63.25,63.529998779296875,63.0,63.310001373291016,1940600,0.0,0.0,0.0
2022-12-21 00:00:00-05:00,63.65999984741211,64.20999908447266,63.61000061035156,64.16000366210938,3147900,0.0,0.0,0.0
2022-12-22 00:00:00-05:00,63.900001525878906,64.0199966430664,63.0099983215332,63.86000061035156,1436800,0.0,0.0,0.0
2022-12-23 00:00:00-05:00,63.810001373291016,64.29000091552734,63.68000030517578,64.29000091552734,1198400,0.0,0.0,0.0
2022-12-27 00:00:00-05:00,64.37000274658203,64.68000030517578,64.11000061035156,64.55999755859375,1199000,0.0,0.0,0.0
2022-12-28 00:00:00-05:00,64.69000244140625,64.88999938964844,63.880001068115234,63.900001525878906,2039000,0.0,0.0,0.0
2022-12-29 00:00:00-05:00,64.18000030517578,64.61000061035156,64.06999969482422,64.4000015258789,1554500,0.0,0.0,0.0
2022-12-30 00:00:00-05:00,64.23999786376953,64.30999755859375,63.38999938964844,63.900001525878906,2066600,0.0,0.0,0.0
2023-01-03 00:00:00-05:00,64.0,64.06999969482422,63.27000045776367,63.869998931884766,2280700,0.0,0.0,0.0
2023-01-04 00:00:00-05:00,64.06999969482422,64.6500015258789,63.970001220703125,64.3499984741211,1730300,0.0,0.0,0.0
2023-01-05 00:00:00-05:00,64.08999633789062,64.13999938964844,63.400001525878906,63.4900016784668,2091000,0.0,0.0,0.0
2023-01-06 00:00:00-05:00,64.12000274658203,65.06999969482422,64.05999755859375,64.91000366210938,2218400,0.0,0.0,0.0
2023-01-09 00:00:00-05:00,64.88999938964844,65.29000091552734,64.47000122070312,64.47000122070312,1485300,0.0,0.0,0.0
2023-01-10 00:00:00-05:00,64.5,64.55000305175781,64.19000244140625,64.52999877929688,1660200,0.0,0.0,0.0
2023-01-11 00:00:00-05:00,64.75,65.02999877929688,64.58000183105469,65.0199966430664,1401600,0.0,0.0,0.0
2023-01-12 00:00:00-05:00,65.06999969482422,65.06999969482422,64.54000091552734,64.63999938964844,1279100,0.0,0.0,0.0
2023-01-13 00:00:00-05:00,64.2699966430664,64.72000122070312,64.16999816894531,64.62999725341797,1629100,0.0,0.0,0.0
2023-01-17 00:00:00-05:00,64.70999908447266,64.95999908447266,64.36000061035156,64.41000366210938,1368800,0.0,0.0,0.0
2023-01-18 00:00:00-05:00,64.43000030517578,64.44999694824219,62.9900016784668,63.029998779296875,2387700,0.0,0.0,0.0
2023-01-19 00:00:00-05:00,62.900001525878906,63.029998779296875,62.56999969482422,62.59000015258789,2203900,0.0,0.0,0.0
2023-01-20 00:00:00-05:00,62.61000061035156,63.08000183105469,62.150001525878906,63.04999923706055,2616600,0.0,0.0,0.0
2023-01-23 00:00:00-05:00,62.90999984741211,63.439998626708984,62.7400016784668,63.02000045776367,2066900,0.0,0.0,0.0
2023-01-24 00:00:00-05:00,63.04999923706055,63.36000061035156,62.439998626708984,63.2400016784668,1487300,0.0,0.0,0.0
2023-01-25 00:00:00-05:00,62.90999984741211,63.34000015258789,62.70000076293945,63.33000183105469,1715700,0.0,0.0,0.0
2023-01-26 00:00:00-05:00,63.310001373291016,63.43000030517578,63.06999969482422,63.400001525878906,2225500,0.0,0.0,0.0
2023-01-27 00:00:00-05:00,63.310001373291016,63.4900016784668,63.029998779296875,63.2599983215332,1644200,0.0,0.0,0.0
2023-01-30 00:00:00-05:00,63.11000061035156,63.7400016784668,63.099998474121094,63.150001525878906,1576700,0.0,0.0,0.0
2023-01-31 00:00:00-05:00,63.29999923706055,63.81999969482422,63.04999923706055,63.81999969482422,3254400,0.0,0.0,0.0
2023-02-01 00:00:00-05:00,63.529998779296875,64.23999786376953,63.130001068115234,63.869998931884766,5537700,0.0,0.0,0.0
2023-02-02 00:00:00-05:00,63.7599983215332,63.97999954223633,63.31999969482422,63.709999084472656,4073600,0.0,0.0,0.0
2023-02-03 00:00:00-05:00,63.470001220703125,63.599998474121094,62.689998626708984,63.15999984741211,4053000,0.0,0.0,0.0
2023-02-06 00:00:00-05:00,63.02000045776367,63.459999084472656,63.0099983215332,63.43000030517578,2083700,0.0,0.0,0.0
2023-02-07 00:00:00-05:00,63.150001525878906,63.599998474121094,62.68000030517578,63.459999084472656,2086300,0.0,0.0,0.0
2023-02-08 00:00:00-05:00,63.150001525878906,63.25,62.849998474121094,62.939998626708984,2289100,0.0,0.0,0.0
2023-02-09 00:00:00-05:00,63.130001068115234,63.349998474121094,62.27000045776367,62.36000061035156,1515500,0.0,0.0,0.0
2023-02-10 00:00:00-05:00,62.40999984741211,63.15999984741211,62.349998474121094,63.119998931884766,1825800,0.0,0.0,0.0
2023-02-13 00:00:00-05:00,63.099998474121094,63.61000061035156,63.099998474121094,63.58000183105469,2243800,0.0,0.0,0.0
2023-02-14 00:00:00-05:00,63.470001220703125,63.619998931884766,62.77000045776367,62.959999084472656,2364800,0.0,0.0,0.0
2023-02-15 00:00:00-05:00,62.72999954223633,63.150001525878906,62.650001525878906,63.130001068115234,1486800,0.0,0.0,0.0
2023-02-16 00:00:00-05:00,62.619998931884766,63.099998474121094,62.290000915527344,62.75,1488000,0.0,0.0,0.0
2023-02-17 00:00:00-05:00,62.709999084472656,63.599998474121094,62.70000076293945,63.470001220703125,1866000,0.0,0.0,0.0
2023-02-21 00:00:00-05:00,63.099998474121094,63.25,62.599998474121094,62.689998626708984,2119000,0.0,0.0,0.0
2023-02-22 00:00:00-05:00,62.79999923706055,63.0099983215332,62.41999816894531,62.54999923706055,1678600,0.0,0.0,0.0
2023-02-23 00:00:00-05:00,62.70000076293945,62.880001068115234,62.189998626708984,62.52000045776367,1565500,0.0,0.0,0.0
2023-02-24 00:00:00-05:00,62.16999816894531,62.41999816894531,61.880001068115234,62.2599983215332,1776100,0.0,0.0,0.0
2023-02-27 00:00:00-05:00,62.529998779296875,62.790000915527344,61.95000076293945,62.11000061035156,1844700,0.0,0.0,0.0
2023-02-28 00:00:00-05:00,61.97999954223633,62.09000015258789,61.540000915527344,61.56999969482422,1799300,0.0,0.0,0.0
2023-03-01 00:00:00-05:00,61.290000915527344,61.369998931884766,60.779998779296875,61.099998474121094,2150100,0.0,0.0,0.0
2023-03-02 00:00:00-05:00,60.97999954223633,61.63999938964844,60.869998931884766,61.560001373291016,2854400,0.0,0.0,0.0
2023-03-03 00:00:00-05:00,61.650001525878906,62.0,61.2599983215332,61.970001220703125,4165300,0.0,0.0,0.0
2023-03-06 00:00:00-05:00,61.939998626708984,62.2599983215332,61.880001068115234,62.029998779296875,2066500,0.0,0.0,0.0
2023-03-07 00:00:00-05:00,62.06999969482422,62.11000061035156,61.060001373291016,61.16999816894531,2805500,0.0,0.0,0.0
2023-03-08 00:00:00-05:00,61.18000030517578,61.2599983215332,60.83000183105469,61.099998474121094,2804400,0.0,0.0,0.0
2023-03-09 00:00:00-05:00,61.33000183105469,61.369998931884766,60.2400016784668,60.41999816894531,4585800,0.0,0.0,0.0
2023-03-10 00:00:00-05:00,60.43000030517578,60.61000061035156,59.689998626708984,59.849998474121094,5450100,0.0,0.0,0.0
2023-03-13 00:00:00-04:00,59.5,60.91999816894531,59.439998626708984,60.04999923706055,6820800,0.0,0.0,0.0
2023-03-14 00:00:00-04:00,60.540000915527344,60.869998931884766,60.09000015258789,60.650001525878906,2583000,0.0,0.0,0.0
2023-03-15 00:00:00-04:00,60.11000061035156,60.75,59.880001068115234,60.630001068115234,3882200,0.0,0.0,0.0
2023-03-16 00:00:00-04:00,60.380001068115234,61.15999984741211,60.290000915527344,61.119998931884766,4687400,0.0,0.0,0.0
2023-03-17 00:00:00-04:00,60.939998626708984,61.02000045776367,60.09000015258789,60.290000915527344,5622800,0.0,0.0,0.0
2023-03-20 00:00:00-04:00,60.400001525878906,61.16999816894531,60.400001525878906,61.040000915527344,3207800,0.0,0.0,0.0
2023-03-21 00:00:00-04:00,61.310001373291016,61.369998931884766,60.41999816894531,60.88999938964844,3178600,0.0,0.0,0.0
2023-03-22 00:00:00-04:00,60.84000015258789,61.029998779296875,59.869998931884766,59.88999938964844,4849800,0.0,0.0,0.0
2023-03-23 00:00:00-04:00,59.90999984741211,60.189998626708984,59.2400016784668,59.47999954223633,6828500,0.0,0.0,0.0
2023-03-24 00:00:00-04:00,59.470001220703125,60.66999816894531,59.459999084472656,60.650001525878906,4653100,0.0,0.0,0.0
2023-03-27 00:00:00-04:00,60.95000076293945,61.36000061035156,60.869998931884766,60.970001220703125,3245200,0.0,0.0,0.0
2023-03-28 00:00:00-04:00,60.90999984741211,61.41999816894531,60.90999984741211,61.130001068115234,2622500,0.0,0.0,0.0
2023-03-29 00:00:00-04:00,61.459999084472656,61.709999084472656,61.369998931884766,61.68000030517578,3373700,0.0,0.0,0.0
2023-03-30 00:00:00-04:00,61.86000061035156,62.0099983215332,61.619998931884766,61.880001068115234,4348700,0.0,0.0,0.0
2023-03-31 00:00:00-04:00,62.06999969482422,62.41999816894531,62.04999923706055,62.400001525878906,3387100,0.0,0.0,0.0
2023-04-03 00:00:00-04:00,62.310001373291016,62.79999923706055,62.189998626708984,62.650001525878906,4260000,0.0,0.0,0.0
2023-04-04 00:00:00-04:00,62.65999984741211,62.779998779296875,62.22999954223633,62.45000076293945,2555800,0.0,0.0,0.0
2023-04-05 00:00:00-04:00,62.560001373291016,63.34000015258789,62.560001373291016,63.2599983215332,3265000,0.0,0.0,0.0
2023-04-06 00:00:00-04:00,63.40999984741211,63.66999816894531,63.220001220703125,63.45000076293945,3973400,0.0,0.0,0.0
2023-04-10 00:00:00-04:00,63.290000915527344,63.38999938964844,62.93000030517578,63.349998474121094,1906500,0.0,0.0,0.0
2023-04-11 00:00:00-04:00,63.38999938964844,63.709999084472656,63.34000015258789,63.529998779296875,1673600,0.0,0.0,0.0
2023-04-12 00:00:00-04:00,63.599998474121094,63.84000015258789,63.349998474121094,63.459999084472656,2532400,0.0,0.0,0.0
2023-04-13 00:00:00-04:00,63.36000061035156,63.7599983215332,63.04999923706055,63.63999938964844,3797000,0.0,0.0,0.0
2023-04-14 00:00:00-04:00,63.5099983215332,63.560001373291016,62.959999084472656,63.189998626708984,3359800,0.0,0.0,0.0
2023-04-17 00:00:00-04:00,63.220001220703125,63.650001525878906,63.150001525878906,63.650001525878906,2140700,0.0,0.0,0.0
2023-04-18 00:00:00-04:00,63.66999816894531,63.720001220703125,63.27000045776367,63.52000045776367,2489300,0.0,0.0,0.0
2023-04-19 00:00:00-04:00,63.5,63.7599983215332,63.41999816894531,63.650001525878906,1714900,0.0,0.0,0.0
2023-04-20 00:00:00-04:00,63.529998779296875,63.7599983215332,63.38999938964844,63.720001220703125,2744200,0.0,0.0,0.0
2023-04-21 00:00:00-04:00,63.88999938964844,64.01000213623047,63.5099983215332,63.7599983215332,2033400,0.0,0.0,0.0
2023-04-24 00:00:00-04:00,63.630001068115234,63.88999938964844,63.560001373291016,63.869998931884766,2447300,0.0,0.0,0.0
2023-04-25 00:00:00-04:00,63.790000915527344,64.20999908447266,63.779998779296875,63.880001068115234,3261100,0.0,0.0,0.0
2023-04-26 00:00:00-04:00,63.41999816894531,63.66999816894531,62.939998626708984,63.0099983215332,3275800,0.0,0.0,0.0
2023-04-27 00:00:00-04:00,63.029998779296875,63.790000915527344,63.0099983215332,63.77000045776367,3585500,0.0,0.0,0.0
2023-04-28 00:00:00-04:00,63.70000076293945,64.01000213623047,63.63999938964844,63.939998626708984,1770200,0.0,0.0,0.0
2023-05-01 00:00:00-04:00,63.95000076293945,64.5199966430664,63.900001525878906,64.23999786376953,2949300,0.0,0.0,0.0
2023-05-02 00:00:00-04:00,64.04000091552734,64.05000305175781,63.11000061035156,63.619998931884766,2280500,0.0,0.0,0.0
2023-05-03 00:00:00-04:00,63.709999084472656,63.90999984741211,63.220001220703125,63.2599983215332,1737800,0.0,0.0,0.0
2023-05-04 00:00:00-04:00,63.18000030517578,63.290000915527344,62.779998779296875,63.060001373291016,2494100,0.0,0.0,0.0
2023-05-05 00:00:00-04:00,63.20000076293945,63.790000915527344,63.16999816894531,63.709999084472656,1513300,0.0,0.0,0.0
2023-05-08 00:00:00-04:00,63.66999816894531,63.79999923706055,63.439998626708984,63.58000183105469,1249600,0.0,0.0,0.0
2023-05-09 00:00:00-04:00,63.47999954223633,63.63999938964844,63.380001068115234,63.43000030517578,1022500,0.0,0.0,0.0
2023-05-10 00:00:00-04:00,63.630001068115234,63.7599983215332,63.11000061035156,63.54999923706055,1506700,0.0,0.0,0.0
2023-05-11 00:00:00-04:00,63.43000030517578,63.439998626708984,63.0099983215332,63.31999969482422,1231900,0.0,0.0,0.0
2023-05-12 00:00:00-04:00,63.45000076293945,63.66999816894531,63.130001068115234,63.45000076293945,1495700,0.0,0.0,0.0
2023-05-15 00:00:00-04:00,63.470001220703125,63.599998474121094,62.90999984741211,63.119998931884766,1147900,0.0,0.0,0.0
2023-05-16 00:00:00-04:00,63.02000045776367,63.04999923706055,62.349998474121094,62.349998474121094,2016200,0.0,0.0,0.0
2023-05-17 00:00:00-04:00,62.5,62.56999969482422,62.09000015258789,62.470001220703125,2082600,0.0,0.0,0.0
2023-05-18 00:00:00-04:00,62.29999923706055,62.400001525878906,61.880001068115234,62.34000015258789,2392900,0.0,0.0,0.0
2023-05-19 00:00:00-04:00,62.439998626708984,62.810001373291016,62.2599983215332,62.40999984741211,2757200,0.0,0.0,0.0
2023-05-22 00:00:00-04:00,62.279998779296875,62.540000915527344,61.880001068115234,62.040000915527344,2125400,0.0,0.0,0.0
2023-05-23 00:00:00-04:00,61.90999984741211,61.95000076293945,61.54999923706055,61.56999969482422,3615300,0.0,0.0,0.0
2023-05-24 00:00:00-04:00,61.5099983215332,61.59000015258789,61.099998474121094,61.11000061035156,3470900,0.0,0.0,0.0
2023-05-25 00:00:00-04:00,60.91999816894531,60.91999816894531,60.27000045776367,60.58000183105469,3134100,0.0,0.0,0.0
2023-05-26 00:00:00-04:00,60.59000015258789,60.77000045776367,60.33000183105469,60.52000045776367,2257000,0.0,0.0,0.0
2023-05-30 00:00:00-04:00,60.36000061035156,60.540000915527344,60.15999984741211,60.279998779296875,4581300,0.0,0.0,0.0
2023-05-31 00:00:00-04:00,60.15999984741211,60.650001525878906,60.0099983215332,60.47999954223633,3553500,0.0,0.0,0.0
2023-06-01 00:00:00-04:00,60.59000015258789,60.650001525878906,60.189998626708984,60.59000015258789,2991400,0.0,0.0,0.0
2023-06-02 00:00:00-04:00,60.630001068115234,61.529998779296875,60.540000915527344,61.470001220703125,3375200,0.0,0.0,0.0
2023-06-05 00:00:00-04:00,61.54999923706055,62.0,61.40999984741211,61.540000915527344,2242100,0.0,0.0,0.0
2023-06-06 00:00:00-04:00,61.689998626708984,61.779998779296875,61.060001373291016,61.279998779296875,5046900,0.0,0.0,0.0
2023-06-07 00:00:00-04:00,61.150001525878906,61.650001525878906,60.83000183105469,61.540000915527344,3157500,0.0,0.0,0.0
2023-06-08 00:00:00-04:00,61.52000045776367,61.939998626708984,61.400001525878906,61.869998931884766,2320300,0.0,0.0,0.0
2023-06-09 00:00:00-04:00,61.7599983215332,62.029998779296875,61.709999084472656,61.86000061035156,2170000,0.0,0.0,0.0
2023-06-12 00:00:00-04:00,61.869998931884766,61.93000030517578,61.59000015258789,61.81999969482422,1269700,0.0,0.0,0.0
2023-06-13 00:00:00-04:00,61.63999938964844,62.06999969482422,61.56999969482422,62.0,2327500,0.0,0.0,0.0
2023-06-14 00:00:00-04:00,62.060001373291016,62.34000015258789,61.790000915527344,61.91999816894531,2227200,0.0,0.0,0.0
2023-06-15 00:00:00-04:00,62.02000045776367,62.75,62.02000045776367,62.65999984741211,2953400,0.0,0.0,0.0
2023-06-16 00:00:00-04:00,62.779998779296875,63.09000015258789,62.7400016784668,62.790000915527344,4199300,0.0,0.0,0.0
2023-06-20 00:00:00-04:00,62.529998779296875,62.59000015258789,62.220001220703125,62.220001220703125,2215100,0.0,0.0,0.0
2023-06-21 00:00:00-04:00,62.130001068115234,62.61000061035156,61.779998779296875,62.470001220703125,2943700,0.0,0.0,0.0
2023-06-22 00:00:00-04:00,62.52000045776367,62.70000076293945,62.25,62.459999084472656,1509000,0.0,0.0,0.0
2023-06-23 00:00:00-04:00,62.459999084472656,62.540000915527344,61.939998626708984,61.95000076293945,1767800,0.0,0.0,0.0
2023-06-26 00:00:00-04:00,61.88999938964844,62.2400016784668,61.59000015258789,62.209999084472656,1387500,0.0,0.0,0.0
2023-06-27 00:00:00-04:00,62.150001525878906,62.459999084472656,62.11000061035156,62.40999984741211,1248900,0.0,0.0,0.0
2023-06-28 00:00:00-04:00,62.22999954223633,62.22999954223633,61.66999816894531,61.86000061035156,2119300,0.0,0.0,0.0
2023-06-29 00:00:00-04:00,61.66999816894531,62.33000183105469,61.54999923706055,62.279998779296875,1914000,0.0,0.0,0.0
2023-06-30 00:00:00-04:00,62.380001068115234,62.91999816894531,62.380001068115234,62.810001373291016,2007100,0.0,0.0,0.0
2023-07-03 00:00:00-04:00,62.599998474121094,62.95000076293945,62.41999816894531,62.91999816894531,897600,0.0,0.0,0.0
2023-07-05 00:00:00-04:00,62.61000061035156,63.06999969482422,62.540000915527344,62.959999084472656,1342100,0.0,0.0,0.0
2023-07-06 00:00:00-04:00,62.599998474121094,62.7400016784668,62.369998931884766,62.65999984741211,1673700,0.0,0.0,0.0
2023-07-07 00:00:00-04:00,62.43000030517578,62.689998626708984,62.150001525878906,62.18000030517578,5217800,0.0,0.0,0.0
2023-07-10 00:00:00-04:00,62.18000030517578,62.61000061035156,62.099998474121094,62.189998626708984,1643300,0.0,0.0,0.0
2023-07-11 00:00:00-04:00,62.25,62.63999938964844,62.13999938964844,62.630001068115234,2104800,0.0,0.0,0.0
2023-07-12 00:00:00-04:00,62.81999969482422,62.900001525878906,62.59000015258789,62.689998626708984,1635300,0.0,0.0,0.0
2023-07-13 00:00:00-04:00,62.63999938964844,62.900001525878906,62.59000015258789,62.810001373291016,4611500,0.0,0.0,0.0
2023-07-14 00:00:00-04:00,62.869998931884766,62.97999954223633,62.599998474121094,62.88999938964844,1559600,0.0,0.0,0.0
2023-07-17 00:00:00-04:00,62.7400016784668,62.869998931884766,62.470001220703125,62.56999969482422,1269700,0.0,0.0,0.0
2023-07-18 00:00:00-04:00,62.56999969482422,63.02000045776367,62.22999954223633,62.47999954223633,1831600,0.0,0.0,0.0
2023-07-19 00:00:00-04:00,62.650001525878906,63.08000183105469,62.619998931884766,62.939998626708984,2102200,0.0,0.0,0.0
2023-07-20 00:00:00-04:00,63.09000015258789,63.83000183105469,63.0,63.77000045776367,2019700,0.0,0.0,0.0
2023-07-21 00:00:00-04:00,63.90999984741211,64.27999877929688,63.779998779296875,64.0999984741211,2808100,0.0,0.0,0.0
2023-07-24 00:00:00-04:00,64.06999969482422,64.20999908447266,63.95000076293945,64.05000305175781,1527100,0.0,0.0,0.0
2023-07-25 00:00:00-04:00,63.88999938964844,64.0,63.709999084472656,63.95000076293945,1271100,0.0,0.0,0.0
2023-07-26 00:00:00-04:00,63.849998474121094,64.26000213623047,63.7400016784668,64.0,1673400,0.0,0.0,0.0
2023-07-27 00:00:00-04:00,63.97999954223633,64.06999969482422,63.290000915527344,63.349998474121094,2211100,0.0,0.0,0.0
2023-07-28 00:00:00-04:00,63.790000915527344,63.790000915527344,63.189998626708984,63.43000030517578,1658900,0.0,0.0,0.0
2023-07-31 00:00:00-04:00,63.529998779296875,63.529998779296875,63.09000015258789,63.27000045776367,2018300,0.0,0.0,0.0
2023-08-01 00:00:00-04:00,63.18000030517578,63.4900016784668,62.9900016784668,63.040000915527344,1422000,0.0,0.0,0.0
2023-08-02 00:00:00-04:00,62.93000030517578,63.47999954223633,62.91999816894531,63.119998931884766,1531900,0.0,0.0,0.0
2023-08-03 00:00:00-04:00,63.02000045776367,63.060001373291016,62.540000915527344,62.56999969482422,2087100,0.0,0.0,0.0
2023-08-04 00:00:00-04:00,62.650001525878906,62.86000061035156,62.029998779296875,62.06999969482422,1979400,0.0,0.0,0.0
2023-08-07 00:00:00-04:00,62.16999816894531,62.63999938964844,62.16999816894531,62.54999923706055,1613900,0.0,0.0,0.0
2023-08-08 00:00:00-04:00,62.380001068115234,62.470001220703125,61.970001220703125,62.25,1813700,0.0,0.0,0.0
2023-08-09 00:00:00-04:00,62.209999084472656,62.66999816894531,62.20000076293945,62.369998931884766,1681600,0.0,0.0,0.0
2023-08-10 00:00:00-04:00,62.4900016784668,62.81999969482422,62.06999969482422,62.189998626708984,1707800,0.0,0.0,0.0
2023-08-11 00:00:00-04:00,62.20000076293945,62.54999923706055,62.13999938964844,62.529998779296875,1123600,0.0,0.0,0.0
2023-08-14 00:00:00-04:00,62.47999954223633,62.599998474121094,62.209999084472656,62.31999969482422,1619100,0.0,0.0,0.0
2023-08-15 00:00:00-04:00,62.09000015258789,62.119998931884766,61.59000015258789,61.599998474121094,1862300,0.0,0.0,0.0
2023-08-16 00:00:00-04:00,61.65999984741211,61.869998931884766,61.5099983215332,61.54999923706055,1707000,0.0,0.0,0.0
2023-08-17 00:00:00-04:00,61.4900016784668,61.63999938964844,61.029998779296875,61.029998779296875,2517000,0.0,0.0,0.0
2023-08-18 00:00:00-04:00,60.95000076293945,61.41999816894531,60.95000076293945,61.2599983215332,2424000,0.0,0.0,0.0
2023-08-21 00:00:00-04:00,61.09000015258789,61.150001525878906,60.63999938964844,60.93000030517578,2119800,0.0,0.0,0.0
2023-08-22 00:00:00-04:00,60.95000076293945,61.0,60.70000076293945,60.7599983215332,1550200,0.0,0.0,0.0
2023-08-23 00:00:00-04:00,60.970001220703125,61.099998474121094,60.849998474121094,61.099998474121094,1874100,0.0,0.0,0.0
2023-08-24 00:00:00-04:00,60.970001220703125,61.59000015258789,60.779998779296875,60.810001373291016,1438700,0.0,0.0,0.0
2023-08-25 00:00:00-04:00,61.060001373291016,61.40999984741211,60.810001373291016,61.220001220703125,2120000,0.0,0.0,0.0
2023-08-28 00:00:00-04:00,61.349998474121094,61.599998474121094,61.2400016784668,61.41999816894531,1971200,0.0,0.0,0.0
2023-08-29 00:00:00-04:00,61.459999084472656,61.70000076293945,61.2400016784668,61.65999984741211,2087700,0.0,0.0,0.0
2023-08-30 00:00:00-04:00,61.66999816894531,61.939998626708984,61.58000183105469,61.65999984741211,886000,0.0,0.0,0.0
2023-08-31 00:00:00-04:00,61.7400016784668,61.790000915527344,61.2400016784668,61.2400016784668,1228200,0.0,0.0,0.0
2023-09-01 00:00:00-04:00,61.560001373291016,61.560001373291016,60.900001525878906,61.11000061035156,1607200,0.0,0.0,0.0
2023-09-05 00:00:00-04:00,61.0,61.029998779296875,60.38999938964844,60.38999938964844,1347800,0.0,0.0,0.0
2023-09-06 00:00:00-04:00,60.36000061035156,60.41999816894531,60.11000061035156,60.22999954223633,1154200,0.0,0.0,0.0
2023-09-07 00:00:00-04:00,60.380001068115234,60.880001068115234,60.380001068115234,60.650001525878906,1035900,0.0,0.0,0.0
2023-09-08 00:00:00-04:00,60.689998626708984,60.93000030517578,60.630001068115234,60.83000183105469,944500,0.0,0.0,0.0
2023-09-11 00:00:00-04:00,60.790000915527344,61.130001068115234,60.790000915527344,61.029998779296875,741700,0.0,0.0,0.0
2023-09-12 00:00:00-04:00,60.91999816894531,61.06999969482422,60.7599983215332,60.91999816894531,595400,0.0,0.0,0.0
2023-09-13 00:00:00-04:00,60.95000076293945,61.25,60.95000076293945,61.13999938964844,1115500,0.0,0.0,0.0
2023-09-14 00:00:00-04:00,61.290000915527344,61.70000076293945,61.279998779296875,61.689998626708984,2357400,0.0,0.0,0.0
2023-09-15 00:00:00-04:00,61.5,61.779998779296875,61.220001220703125,61.2599983215332,1790600,0.0,0.0,0.0
2023-09-18 00:00:00-04:00,61.209999084472656,61.36000061035156,60.970001220703125,61.189998626708984,948600,0.0,0.0,0.0
2023-09-19 00:00:00-04:00,61.130001068115234,61.27000045776367,61.0099983215332,61.130001068115234,784600,0.0,0.0,0.0
2023-09-20 00:00:00-04:00,61.31999969482422,61.709999084472656,61.18000030517578,61.31999969482422,1521200,0.0,0.0,0.0
2023-09-21 00:00:00-04:00,61.189998626708984,61.2400016784668,60.54999923706055,60.59000015258789,2818900,0.0,0.0,0.0
2023-09-22 00:00:00-04:00,60.540000915527344,60.70000076293945,60.310001373291016,60.36000061035156,1849300,0.0,0.0,0.0
2023-09-25 00:00:00-04:00,60.130001068115234,60.2599983215332,60.029998779296875,60.22999954223633,1894300,0.0,0.0,0.0
2023-09-26 00:00:00-04:00,60.0,60.060001373291016,59.40999984741211,59.40999984741211,2619900,0.0,0.0,0.0
2023-09-27 00:00:00-04:00,59.540000915527344,59.54999923706055,58.77000045776367,59.029998779296875,2123100,0.0,0.0,0.0
2023-09-28 00:00:00-04:00,59.130001068115234,59.29999923706055,58.97999954223633,59.040000915527344,2806400,0.0,0.0,0.0
2023-09-29 00:00:00-04:00,59.290000915527344,59.349998474121094,58.619998931884766,58.790000915527344,2840800,0.0,0.0,0.0
2023-10-02 00:00:00-04:00,58.650001525878906,58.650001525878906,57.68000030517578,58.040000915527344,3282400,0.0,0.0,0.0
2023-10-03 00:00:00-04:00,57.779998779296875,58.02000045776367,57.560001373291016,57.900001525878906,4070100,0.0,0.0,0.0
2023-10-04 00:00:00-04:00,57.959999084472656,58.34000015258789,57.56999969482422,58.29999923706055,1814000,0.0,0.0,0.0
2023-10-05 00:00:00-04:00,58.29999923706055,58.470001220703125,57.93000030517578,58.0099983215332,2604400,0.0,0.0,0.0
2023-10-06 00:00:00-04:00,57.720001220703125,58.459999084472656,57.16999816894531,58.27000045776367,2632700,0.0,0.0,0.0
2023-10-09 00:00:00-04:00,58.15999984741211,58.849998474121094,58.15999984741211,58.84000015258789,2190100,0.0,0.0,0.0
2023-10-10 00:00:00-04:00,58.939998626708984,59.310001373291016,58.869998931884766,59.13999938964844,2608300,0.0,0.0,0.0
2023-10-11 00:00:00-04:00,59.20000076293945,59.29999923706055,58.75,59.11000061035156,1940700,0.0,0.0,0.0
2023-10-12 00:00:00-04:00,59.08000183105469,59.13999938964844,58.06999969482422,58.290000915527344,2832200,0.0,0.0,0.0
2023-10-13 00:00:00-04:00,58.459999084472656,58.77000045776367,58.33000183105469,58.720001220703125,2714800,0.0,0.0,0.0
2023-10-16 00:00:00-04:00,58.970001220703125,59.40999984741211,58.83000183105469,59.27000045776367,1697500,0.0,0.0,0.0
2023-10-17 00:00:00-04:00,59.0,59.56999969482422,59.0,59.34000015258789,2258900,0.0,0.0,0.0
2023-10-18 00:00:00-04:00,59.33000183105469,59.54999923706055,59.0099983215332,59.06999969482422,2423000,0.0,0.0,0.0
2023-10-19 00:00:00-04:00,58.970001220703125,59.189998626708984,58.459999084472656,58.52000045776367,2432300,0.0,0.0,0.0
2023-10-20 00:00:00-04:00,58.5099983215332,58.7599983215332,58.130001068115234,58.150001525878906,2218000,0.0,0.0,0.0
2023-10-23 00:00:00-04:00,57.84000015258789,58.13999938964844,57.630001068115234,57.650001525878906,2185900,0.0,0.0,0.0
2023-10-24 00:00:00-04:00,57.869998931884766,58.290000915527344,57.869998931884766,58.189998626708984,2337100,0.0,0.0,0.0
2023-10-25 00:00:00-04:00,58.06999969482422,58.619998931884766,57.97999954223633,58.380001068115234,2566100,0.0,0.0,0.0
2023-10-26 00:00:00-04:00,58.43000030517578,58.810001373291016,58.25,58.27000045776367,4147800,0.0,0.0,0.0
2023-10-27 00:00:00-04:00,58.220001220703125,58.220001220703125,57.349998474121094,57.47999954223633,2497600,0.0,0.0,0.0
2023-10-30 00:00:00-04:00,57.72999954223633,58.04999923706055,57.52000045776367,57.95000076293945,2013400,0.0,0.0,0.0
2023-10-31 00:00:00-04:00,58.150001525878906,58.43000030517578,57.880001068115234,58.380001068115234,1439800,0.0,0.0,0.0
2023-11-01 00:00:00-04:00,58.4900016784668,58.900001525878906,58.27000045776367,58.720001220703125,3246300,0.0,0.0,0.0
2023-11-02 00:00:00-04:00,58.869998931884766,59.599998474121094,58.810001373291016,59.54999923706055,3977700,0.0,0.0,0.0
2023-11-03 00:00:00-04:00,59.91999816894531,60.220001220703125,59.900001525878906,59.91999816894531,3730300,0.0,0.0,0.0
2023-11-06 00:00:00-05:00,59.939998626708984,60.040000915527344,59.83000183105469,59.869998931884766,2540700,0.0,0.0,0.0
2023-11-07 00:00:00-05:00,59.84000015258789,59.939998626708984,59.72999954223633,59.790000915527344,1035800,0.0,0.0,0.0
2023-11-08 00:00:00-05:00,59.84000015258789,59.959999084472656,59.439998626708984,59.689998626708984,1443700,0.0,0.0,0.0
2023-11-09 00:00:00-05:00,59.7599983215332,59.79999923706055,59.349998474121094,59.439998626708984,1389600,0.0,0.0,0.0
2023-11-10 00:00:00-05:00,59.619998931884766,59.81999969482422,59.29999923706055,59.779998779296875,1294300,0.0,0.0,0.0
2023-11-13 00:00:00-05:00,59.689998626708984,59.939998626708984,59.650001525878906,59.75,1256800,0.0,0.0,0.0
2023-11-14 00:00:00-05:00,60.18000030517578,60.630001068115234,60.119998931884766,60.5099983215332,2164800,0.0,0.0,0.0
2023-11-15 00:00:00-05:00,60.5,60.709999084472656,60.349998474121094,60.5,1830500,0.0,0.0,0.0
2023-11-16 00:00:00-05:00,60.4900016784668,60.70000076293945,60.47999954223633,60.61000061035156,2578000,0.0,0.0,0.0
2023-11-17 00:00:00-05:00,60.709999084472656,60.83000183105469,60.45000076293945,60.54999923706055,2644900,0.0,0.0,0.0
2023-11-20 00:00:00-05:00,60.290000915527344,60.630001068115234,60.150001525878906,60.47999954223633,1696900,0.0,0.0,0.0
2023-11-21 00:00:00-05:00,60.5,60.7400016784668,60.400001525878906,60.689998626708984,2286600,0.0,0.0,0.0
2023-11-22 00:00:00-05:00,60.790000915527344,61.06999969482422,60.7599983215332,61.04999923706055,1996600,0.0,0.0,0.0
2023-11-24 00:00:00-05:00,61.09000015258789,61.25,61.029998779296875,61.25,1071800,0.0,0.0,0.0
2023-11-27 00:00:00-05:00,61.15999984741211,61.2400016784668,61.0099983215332,61.04999923706055,1098500,0.0,0.0,0.0
2023-11-28 00:00:00-05:00,61.029998779296875,61.25,60.939998626708984,60.970001220703125,1525500,0.0,0.0,0.0
2023-11-29 00:00:00-05:00,61.02000045776367,61.060001373291016,60.63999938964844,60.70000076293945,1290900,0.0,0.0,0.0
2023-11-30 00:00:00-05:00,60.7400016784668,61.400001525878906,60.650001525878906,61.369998931884766,3362500,0.0,0.0,0.0
2023-12-01 00:00:00-05:00,61.310001373291016,61.83000183105469,61.279998779296875,61.83000183105469,2348800,0.0,0.0,0.0
2023-12-04 00:00:00-05:00,61.54999923706055,62.04999923706055,61.54999923706055,61.86000061035156,1516700,0.0,0.0,0.0
2023-12-05 00:00:00-05:00,61.83000183105469,61.86000061035156,61.459999084472656,61.4900016784668,1801300,0.0,0.0,0.0
2023-12-06 00:00:00-05:00,61.61000061035156,61.709999084472656,61.459999084472656,61.65999984741211,1303900,0.0,0.0,0.0
2023-12-07 00:00:00-05:00,61.709999084472656,61.79999923706055,61.5,61.63999938964844,1026200,0.0,0.0,0.0
2023-12-08 00:00:00-05:00,61.619998931884766,61.650001525878906,61.31999969482422,61.5,1055700,0.0,0.0,0.0
2023-12-11 00:00:00-05:00,61.650001525878906,62.09000015258789,61.650001525878906,62.08000183105469,1951900,0.0,0.0,0.0
2023-12-12 00:00:00-05:00,62.189998626708984,62.369998931884766,61.959999084472656,62.31999969482422,1374000,0.0,0.0,0.0
2023-12-13 00:00:00-05:00,62.34000015258789,63.400001525878906,62.22999954223633,63.400001525878906,4071900,0.0,0.0,0.0
2023-12-14 00:00:00-05:00,63.5,63.5,62.38999938964844,62.439998626708984,2606300,0.0,0.0,0.0
2023-12-15 00:00:00-05:00,62.119998931884766,62.119998931884766,61.61000061035156,61.810001373291016,2739200,0.0,0.0,0.0
2023-12-18 00:00:00-05:00,61.91999816894531,62.13999938964844,61.810001373291016,61.9900016784668,1877700,0.0,0.0,0.0
2023-12-19 00:00:00-05:00,62.029998779296875,62.209999084472656,61.95000076293945,62.16999816894531,1164500,0.0,0.0,0.0
2023-12-20 00:00:00-05:00,61.97999954223633,62.040000915527344,61.25,61.2599983215332,2347100,0.0,0.0,0.0
2023-12-21 00:00:00-05:00,61.47999954223633,61.77000045776367,61.27000045776367,61.720001220703125,1364800,0.0,0.0,0.0
2023-12-22 00:00:00-05:00,61.869998931884766,62.2400016784668,61.86000061035156,62.0099983215332,1322600,0.0,0.0,0.0
2023-12-26 00:00:00-05:00,62.0,62.369998931884766,61.91999816894531,62.2400016784668,1146900,0.0,0.0,0.0
2023-12-27 00:00:00-05:00,62.18000030517578,62.34000015258789,62.08000183105469,62.33000183105469,1211500,0.0,0.0,0.0
2023-12-28 00:00:00-05:00,62.290000915527344,62.61000061035156,62.290000915527344,62.54999923706055,1708300,0.0,0.0,0.0
2023-12-29 00:00:00-05:00,62.45000076293945,62.689998626708984,62.369998931884766,62.65999984741211,1565400,0.0,0.0,0.0
2024-01-02 00:00:00-05:00,62.41999816894531,63.27000045776367,62.41999816894531,63.209999084472656,2690800,0.0,0.0,0.0
2024-01-03 00:00:00-05:00,63.31999969482422,63.369998931884766,62.97999954223633,63.04999923706055,2329400,0.0,0.0,0.0
2024-01-04 00:00:00-05:00,63.099998474121094,63.400001525878906,62.97999954223633,63.0099983215332,1057800,0.0,0.0,0.0
2024-01-05 00:00:00-05:00,62.95000076293945,63.18000030517578,62.59000015258789,62.90999984741211,1195900,0.0,0.0,0.0
2024-01-08 00:00:00-05:00,62.91999816894531,63.290000915527344,62.709999084472656,63.290000915527344,2546800,0.0,0.0,0.0
2024-01-09 00:00:00-05:00,63.0,63.20000076293945,62.83000183105469,63.18000030517578,1175600,0.0,0.0,0.0
2024-01-10 00:00:00-05:00,63.11000061035156,63.279998779296875,62.970001220703125,63.209999084472656,1213600,0.0,0.0,0.0
2024-01-11 00:00:00-05:00,63.130001068115234,63.20000076293945,62.529998779296875,62.869998931884766,2089000,0.0,0.0,0.0
2024-01-12 00:00:00-05:00,63.11000061035156,63.2599983215332,62.91999816894531,63.150001525878906,1584000,0.0,0.0,0.0
2024-01-16 00:00:00-05:00,63.0099983215332,63.119998931884766,62.75,62.880001068115234,1896500,0.0,0.0,0.0
2024-01-17 00:00:00-05:00,62.65999984741211,63.15999984741211,62.58000183105469,62.720001220703125,1840300,0.0,0.0,0.0
2024-01-18 00:00:00-05:00,62.619998931884766,62.880001068115234,62.400001525878906,62.84000015258789,1616900,0.0,0.0,0.0
2024-01-19 00:00:00-05:00,62.93000030517578,63.189998626708984,62.59000015258789,63.029998779296875,1354900,0.0,0.0,0.0
2024-01-22 00:00:00-05:00,62.880001068115234,63.06999969482422,62.66999816894531,62.790000915527344,1831400,0.0,0.0,0.0
2024-01-23 00:00:00-05:00,62.79999923706055,63.029998779296875,62.7400016784668,63.029998779296875,1721900,0.0,0.0,0.0
2024-01-24 00:00:00-05:00,63.13999938964844,63.13999938964844,62.40999984741211,62.43000030517578,1871600,0.0,0.0,0.0
2024-01-25 00:00:00-05:00,62.70000076293945,63.0099983215332,62.54999923706055,63.0099983215332,3124300,0.0,0.0,0.0
2024-01-26 00:00:00-05:00,63.029998779296875,63.16999816894531,62.90999984741211,63.0,1633000,0.0,0.0,0.0
2024-01-29 00:00:00-05:00,63.0,63.279998779296875,62.869998931884766,63.209999084472656,2569300,0.0,0.0,0.0
2024-01-30 00:00:00-05:00,63.15999984741211,63.61000061035156,63.060001373291016,63.54999923706055,1135400,0.0,0.0,0.0
2024-01-31 00:00:00-05:00,63.70000076293945,63.83000183105469,63.0,63.119998931884766,2760900,0.0,0.0,0.0
2024-02-01 00:00:00-05:00,62.95000076293945,63.88999938964844,62.709999084472656,63.88999938964844,8070900,0.0,0.0,0.0
2024-02-02 00:00:00-05:00,63.75,63.79999923706055,63.16999816894531,63.459999084472656,2891400,0.0,0.0,0.0
2024-02-05 00:00:00-05:00,63.189998626708984,63.189998626708984,62.83000183105469,62.86000061035156,3406300,0.0,0.0,0.0
2024-02-06 00:00:00-05:00,62.939998626708984,63.189998626708984,62.810001373291016,63.08000183105469,1492400,0.0,0.0,0.0
2024-02-07 00:00:00-05:00,63.310001373291016,63.36000061035156,63.11000061035156,63.150001525878906,1332400,0.0,0.0,0.0
2024-02-08 00:00:00-05:00,63.09000015258789,63.11000061035156,62.779998779296875,62.97999954223633,1887100,0.0,0.0,0.0
2024-02-09 00:00:00-05:00,62.970001220703125,63.0,62.75,62.959999084472656,1475900,0.0,0.0,0.0
2024-02-12 00:00:00-05:00,62.93000030517578,63.27000045776367,62.7400016784668,63.25,2234200,0.0,0.0,0.0
2024-02-13 00:00:00-05:00,63.06999969482422,63.29999923706055,62.369998931884766,62.709999084472656,3965400,0.0,0.0,0.0
2024-02-14 00:00:00-05:00,62.79999923706055,62.869998931884766,62.47999954223633,62.810001373291016,2837700,0.0,0.0,0.0
2024-02-15 00:00:00-05:00,62.95000076293945,63.47999954223633,62.95000076293945,63.45000076293945,2454100,0.0,0.0,0.0
2024-02-16 00:00:00-05:00,63.290000915527344,63.630001068115234,63.099998474121094,63.349998474121094,1661000,0.0,0.0,0.0
2024-02-20 00:00:00-05:00,63.189998626708984,63.7400016784668,63.189998626708984,63.38999938964844,1981000,0.0,0.0,0.0
2024-02-21 00:00:00-05:00,63.54999923706055,63.79999923706055,63.38999938964844,63.79999923706055,1866500,0.0,0.0,0.0
2024-02-22 00:00:00-05:00,63.77000045776367,64.27999877929688,63.59000015258789,64.16999816894531,2286100,0.0,0.0,0.0
2024-02-23 00:00:00-05:00,64.27999877929688,64.62999725341797,64.22000122070312,64.44999694824219,1824200,0.0,0.0,0.0
2024-02-26 00:00:00-05:00,64.41000366210938,64.44000244140625,63.970001220703125,63.970001220703125,1428200,0.0,0.0,0.0
2024-02-27 00:00:00-05:00,63.9900016784668,64.08000183105469,63.83000183105469,64.06999969482422,1677600,0.0,0.0,0.0
2024-02-28 00:00:00-05:00,64.08999633789062,64.27999877929688,64.01000213623047,64.22000122070312,2781000,0.0,0.0,0.0
2024-02-29 00:00:00-05:00,64.30000305175781,64.33000183105469,63.900001525878906,64.01000213623047,2499300,0.0,0.0,0.0
2024-03-01 00:00:00-05:00,63.90999984741211,64.01000213623047,63.61000061035156,64.0,1618800,0.0,0.0,0.0
2024-03-04 00:00:00-05:00,63.75,64.18000030517578,63.75,64.16000366210938,1971500,0.0,0.0,0.0
2024-03-05 00:00:00-05:00,64.1500015258789,64.4000015258789,63.790000915527344,63.97999954223633,1721700,0.0,0.0,0.0
2024-03-06 00:00:00-05:00,64.12999725341797,64.55999755859375,64.12999725341797,64.37999725341797,2340300,0.0,0.0,0.0
2024-03-07 00:00:00-05:00,64.66999816894531,64.76000213623047,64.47000122070312,64.58000183105469,1657100,0.0,0.0,0.0
2024-03-08 00:00:00-05:00,64.54000091552734,64.80000305175781,64.41000366210938,64.5999984741211,3211100,0.0,0.0,0.0
2024-03-11 00:00:00-04:00,64.58999633789062,64.94999694824219,64.4800033569336,64.94999694824219,1323000,0.0,0.0,0.0
2024-03-12 00:00:00-04:00,64.91999816894531,65.18000030517578,64.80000305175781,65.01000213623047,1843200,0.0,0.0,0.0
2024-03-13 00:00:00-04:00,65.0999984741211,65.19000244140625,64.79000091552734,64.9800033569336,1955800,0.0,0.0,0.0
2024-03-14 00:00:00-04:00,64.95999908447266,65.04000091552734,64.29000091552734,64.5999984741211,9894800,0.0,0.0,0.0
2024-03-15 00:00:00-04:00,64.2699966430664,64.63999938964844,64.19000244140625,64.52999877929688,1670000,0.0,0.0,0.0
2024-03-18 00:00:00-04:00,64.54000091552734,64.87000274658203,64.44000244140625,64.62000274658203,3006300,0.0,0.0,0.0
2024-03-19 00:00:00-04:00,64.73999786376953,65.05999755859375,64.66999816894531,65.04000091552734,2371100,0.0,0.0,0.0
2024-03-20 00:00:00-04:00,65.0199966430664,65.18000030517578,64.87999725341797,65.13999938964844,2072400,0.0,0.0,0.0
2024-03-21 00:00:00-04:00,65.1500015258789,65.37999725341797,65.01000213623047,65.19999694824219,1442800,0.0,0.0,0.0
2024-03-22 00:00:00-04:00,65.30999755859375,65.33000183105469,64.97000122070312,64.9800033569336,962800,0.0,0.0,0.0
2024-03-25 00:00:00-04:00,65.0999984741211,65.0999984741211,64.72000122070312,64.73999786376953,958300,0.0,0.0,0.0
2024-03-26 00:00:00-04:00,64.80999755859375,64.94000244140625,64.69999694824219,64.7300033569336,1624400,0.0,0.0,0.0
2024-03-27 00:00:00-04:00,65.0,65.66999816894531,64.98999786376953,65.6500015258789,2720200,0.0,0.0,0.0
2024-03-28 00:00:00-04:00,65.70999908447266,65.98999786376953,65.66999816894531,65.87000274658203,2261500,0.0,0.0,0.0
2024-04-01 00:00:00-04:00,65.8499984741211,65.86000061035156,65.41000366210938,65.4800033569336,2931500,0.0,0.0,0.0
2024-04-02 00:00:00-04:00,65.41999816894531,65.52999877929688,65.2300033569336,65.30999755859375,1564100,0.0,0.0,0.0
2024-04-03 00:00:00-04:00,65.30000305175781,65.33000183105469,64.9000015258789,64.9800033569336,1716200,0.0,0.0,0.0
2024-04-04 00:00:00-04:00,65.41000366210938,65.45999908447266,64.36000061035156,64.45999908447266,2392300,0.0,0.0,0.0
2024-04-05 00:00:00-04:00,64.4800033569336,64.81999969482422,64.3499984741211,64.70999908447266,1941800,0.0,0.0,0.0
2024-04-08 00:00:00-04:00,64.61000061035156,64.8499984741211,64.61000061035156,64.68000030517578,1902000,0.0,0.0,0.0
2024-04-09 00:00:00-04:00,64.86000061035156,64.91999816894531,64.37999725341797,64.86000061035156,2108100,0.0,0.0,0.0
2024-04-10 00:00:00-04:00,64.25,64.38999938964844,63.900001525878906,64.08000183105469,2518200,0.0,0.0,0.0
2024-04-11 00:00:00-04:00,64.2300033569336,64.2300033569336,63.560001373291016,63.560001373291016,2849800,0.0,0.0,0.0
2024-04-12 00:00:00-04:00,63.41999816894531,63.58000183105469,62.90999984741211,63.060001373291016,2547600,0.0,0.0,0.0
2024-04-15 00:00:00-04:00,63.56999969482422,63.66999816894531,62.650001525878906,62.75,2128500,0.0,0.0,0.0
2024-04-16 00:00:00-04:00,62.88999938964844,62.939998626708984,62.54999923706055,62.61000061035156,3059900,0.0,0.0,0.0
2024-04-17 00:00:00-04:00,62.869998931884766,62.9900016784668,62.529998779296875,62.83000183105469,2331200,0.0,0.0,0.0
2024-04-18 00:00:00-04:00,63.029998779296875,63.150001525878906,62.77000045776367,63.040000915527344,1446200,0.0,0.0,0.0
2024-04-19 00:00:00-04:00,63.150001525878906,63.720001220703125,63.150001525878906,63.720001220703125,2457900,0.0,0.0,0.0
2024-04-22 00:00:00-04:00,63.75,64.30999755859375,63.58000183105469,64.05999755859375,1219400,0.0,0.0,0.0
2024-04-23 00:00:00-04:00,64.1500015258789,64.3499984741211,64.11000061035156,64.25,2239600,0.0,0.0,0.0
2024-04-24 00:00:00-04:00,63.95000076293945,64.5,63.790000915527344,64.44999694824219,1154500,0.0,0.0,0.0
2024-04-25 00:00:00-04:00,64.33000183105469,64.55000305175781,63.880001068115234,64.30999755859375,1510600,0.0,0.0,0.0
2024-04-26 00:00:00-04:00,64.02999877929688,64.22000122070312,63.88999938964844,63.900001525878906,1828400,0.0,0.0,0.0
2024-04-29 00:00:00-04:00,63.9900016784668,64.25,63.970001220703125,64.19999694824219,1719800,0.0,0.0,0.0
2024-04-30 00:00:00-04:00,63.970001220703125,64.06999969482422,63.70000076293945,63.70000076293945,2245800,0.0,0.0,0.0
2024-05-01 00:00:00-04:00,63.61000061035156,64.2300033569336,63.380001068115234,63.72999954223633,3461100,0.0,0.0,0.0
2024-05-02 00:00:00-04:00,63.90999984741211,63.939998626708984,63.54999923706055,63.779998779296875,2153500,0.0,0.0,0.0
2024-05-03 00:00:00-04:00,64.0199966430664,64.12999725341797,63.61000061035156,64.04000091552734,2230700,0.0,0.0,0.0
2024-05-06 00:00:00-04:00,64.26000213623047,64.31999969482422,64.02999877929688,64.30999755859375,1491800,0.0,0.0,0.0
2024-05-07 00:00:00-04:00,64.55000305175781,64.8499984741211,64.5199966430664,64.80999755859375,1428000,0.0,0.0,0.0
2024-05-08 00:00:00-04:00,64.80000305175781,64.87999725341797,64.70999908447266,64.81999969482422,1843300,0.0,0.0,0.0
2024-05-09 00:00:00-04:00,64.83000183105469,65.2300033569336,64.77999877929688,65.2300033569336,1207400,0.0,0.0,0.0
2024-05-10 00:00:00-04:00,65.29000091552734,65.5199966430664,65.2699966430664,65.47000122070312,1181100,0.0,0.0,0.0
2024-05-13 00:00:00-04:00,65.58999633789062,65.77999877929688,65.36000061035156,65.4000015258789,712700,0.0,0.0,0.0
2024-05-14 00:00:00-04:00,65.55000305175781,65.58000183105469,65.0999984741211,65.37999725341797,1500100,0.0,0.0,0.0
2024-05-15 00:00:00-04:00,65.54000091552734,65.76000213623047,65.52999877929688,65.66999816894531,1180700,0.0,0.0,0.0
2024-05-16 00:00:00-04:00,65.81999969482422,66.12999725341797,65.75,65.9800033569336,1853100,0.0,0.0,0.0
2024-05-17 00:00:00-04:00,65.93000030517578,66.12999725341797,65.79000091552734,66.12999725341797,1497500,0.0,0.0,0.0
2024-05-20 00:00:00-04:00,65.93000030517578,66.0,65.6500015258789,65.70999908447266,819100,0.0,0.0,0.0
2024-05-21 00:00:00-04:00,65.68000030517578,65.81999969482422,65.5199966430664,65.72000122070312,1018600,0.0,0.0,0.0
2024-05-22 00:00:00-04:00,65.66000366210938,65.91000366210938,65.56999969482422,65.69000244140625,922500,0.0,0.0,0.0
2024-05-23 00:00:00-04:00,65.58999633789062,65.58999633789062,64.7699966430664,64.79000091552734,1315100,0.0,0.0,0.0
2024-05-24 00:00:00-04:00,65.05000305175781,65.13999938964844,64.87000274658203,64.94999694824219,674800,0.0,0.0,0.0
2024-05-28 00:00:00-04:00,64.81999969482422,64.88999938964844,64.08000183105469,64.19000244140625,3792300,0.0,0.0,0.0
2024-05-29 00:00:00-04:00,63.869998931884766,63.970001220703125,63.65999984741211,63.720001220703125,1685900,0.0,0.0,0.0
2024-05-30 00:00:00-04:00,63.86000061035156,64.16000366210938,63.7599983215332,64.11000061035156,1475000,0.0,0.0,0.0
2024-05-31 00:00:00-04:00,64.19000244140625,65.26000213623047,64.12999725341797,65.23999786376953,1115800,0.0,0.0,0.0
2024-06-03 00:00:00-04:00,65.13999938964844,65.33999633789062,64.70999908447266,65.06999969482422,2341800,0.0,0.0,0.0
2024-06-04 00:00:00-04:00,64.91999816894531,65.51000213623047,64.88999938964844,65.38999938964844,2986600,0.0,0.0,0.0
2024-06-05 00:00:00-04:00,65.41999816894531,65.44000244140625,64.94000244140625,65.38999938964844,1028000,0.0,0.0,0.0
2024-06-06 00:00:00-04:00,65.33999633789062,65.61000061035156,65.22000122070312,65.3499984741211,926000,0.0,0.0,0.0
2024-06-07 00:00:00-04:00,65.23999786376953,65.69999694824219,65.19000244140625,65.30999755859375,608900,0.0,0.0,0.0
2024-06-10 00:00:00-04:00,65.19999694824219,65.30000305175781,64.87999725341797,65.2300033569336,922700,0.0,0.0,0.0
2024-06-11 00:00:00-04:00,65.0199966430664,65.16999816894531,64.70999908447266,65.13999938964844,1842000,0.0,0.0,0.0
2024-06-12 00:00:00-04:00,65.4800033569336,65.48999786376953,64.91000366210938,65.0,1792600,0.0,0.0,0.0
2024-06-13 00:00:00-04:00,64.94999694824219,65.05999755859375,64.58999633789062,65.0,1334800,0.0,0.0,0.0
2024-06-14 00:00:00-04:00,64.73999786376953,64.91000366210938,64.44999694824219,64.88999938964844,1128600,0.0,0.0,0.0
2024-06-17 00:00:00-04:00,64.79000091552734,65.44999694824219,64.56999969482422,65.36000061035156,901800,0.0,0.0,0.0
2024-06-18 00:00:00-04:00,65.29000091552734,65.56999969482422,65.19000244140625,65.56999969482422,1343500,0.0,0.0,0.0
2024-06-20 00:00:00-04:00,65.5,65.87000274658203,65.43000030517578,65.79000091552734,1006800,0.0,0.0,0.0
2024-06-21 00:00:00-04:00,65.94999694824219,65.94999694824219,65.62000274658203,65.77999877929688,758200,0.0,0.0,0.0
2024-06-24 00:00:00-04:00,65.7699966430664,66.45999908447266,65.69999694824219,66.18000030517578,1035500,0.0,0.0,0.0
2024-06-25 00:00:00-04:00,66.1500015258789,66.16000366210938,65.44000244140625,65.62000274658203,2379500,0.0,0.0,0.0
2024-06-26 00:00:00-04:00,65.27999877929688,65.33999633789062,65.04000091552734,65.2300033569336,938500,0.0,0.0,0.0
2024-06-27 00:00:00-04:00,65.29000091552734,65.31999969482422,64.97000122070312,65.19999694824219,1109000,0.0,0.0,0.0
2024-06-28 00:00:00-04:00,65.30000305175781,65.41000366210938,64.80999755859375,64.94999694824219,2028700,0.0,0.0,0.0
2024-07-01 00:00:00-04:00,65.18000030517578,65.37999725341797,64.4800033569336,64.56999969482422,1309000,0.0,0.0,0.0
2024-07-02 00:00:00-04:00,64.56999969482422,64.86000061035156,64.51000213623047,64.86000061035156,926500,0.0,0.0,0.0
2024-07-03 00:00:00-04:00,64.83000183105469,64.98999786376953,64.68000030517578,64.73999786376953,678900,0.0,0.0,0.0
2024-07-05 00:00:00-04:00,64.73999786376953,65.05000305175781,64.4800033569336,65.02999877929688,974300,0.0,0.0,0.0
2024-07-08 00:00:00-04:00,65.04000091552734,65.19000244140625,64.80999755859375,64.88999938964844,1144100,0.0,0.0,0.0
2024-07-09 00:00:00-04:00,64.87999725341797,65.05000305175781,64.66999816894531,64.79000091552734,826000,0.0,0.0,0.0
2024-07-10 00:00:00-04:00,64.83999633789062,65.31999969482422,64.80999755859375,65.30999755859375,799700,0.0,0.0,0.0
2024-07-11 00:00:00-04:00,65.29000091552734,66.02999877929688,65.29000091552734,65.87000274658203,1415100,0.0,0.0,0.0
2024-07-12 00:00:00-04:00,66.0999984741211,66.63999938964844,66.08000183105469,66.3499984741211,949800,0.0,0.0,0.0
2024-07-15 00:00:00-04:00,66.31999969482422,66.51000213623047,66.13999938964844,66.22000122070312,1454600,0.0,0.0,0.0
2024-07-16 00:00:00-04:00,66.36000061035156,66.93000030517578,66.31999969482422,66.93000030517578,1254000,0.0,0.0,0.0
2024-07-17 00:00:00-04:00,66.94999694824219,67.68000030517578,66.87000274658203,67.52999877929688,1261400,0.0,0.0,0.0
2024-07-18 00:00:00-04:00,67.23999786376953,67.87999725341797,67.12999725341797,67.16999816894531,900500,0.0,0.0,0.0
2024-07-19 00:00:00-04:00,67.26000213623047,67.41000366210938,66.58999633789062,66.66000366210938,1688100,0.0,0.0,0.0
2024-07-22 00:00:00-04:00,66.72000122070312,67.0,66.54000091552734,66.9800033569336,884000,0.0,0.0,0.0
2024-07-23 00:00:00-04:00,66.9800033569336,67.04000091552734,66.5999984741211,66.63999938964844,1015300,0.0,0.0,0.0
2024-07-24 00:00:00-04:00,66.5,66.69000244140625,66.22000122070312,66.45999908447266,1103900,0.0,0.0,0.0
2024-07-25 00:00:00-04:00,66.56999969482422,67.31999969482422,66.47000122070312,66.5,1143100,0.0,0.0,0.0
2024-07-26 00:00:00-04:00,66.7300033569336,67.44000244140625,66.70999908447266,67.23999786376953,1381400,0.0,0.0,0.0
2024-07-29 00:00:00-04:00,67.29000091552734,67.58999633789062,67.05000305175781,67.4800033569336,1030200,0.0,0.0,0.0
2024-07-30 00:00:00-04:00,67.41000366210938,67.91000366210938,67.36000061035156,67.76000213623047,2202300,0.0,0.0,0.0
2024-07-31 00:00:00-04:00,67.97000122070312,68.0199966430664,67.4800033569336,67.66999816894531,2180600,0.0,0.0,0.0
2024-08-01 00:00:00-04:00,67.95999908447266,68.20999908447266,67.5999984741211,68.18000030517578,2114500,0.0,0.0,0.0
2024-08-02 00:00:00-04:00,68.33000183105469,68.75,67.4000015258789,68.2300033569336,3713600,0.0,0.0,0.0
2024-08-05 00:00:00-04:00,68.16999816894531,68.20999908447266,66.55999755859375,66.7300033569336,4568400,0.0,0.0,0.0
2024-08-06 00:00:00-04:00,66.9000015258789,67.94000244140625,66.80000305175781,67.18000030517578,3564200,0.0,0.0,0.0
2024-08-07 00:00:00-04:00,67.48999786376953,68.19000244140625,67.18000030517578,67.20999908447266,2574700,0.0,0.0,0.0
2024-08-08 00:00:00-04:00,67.19999694824219,67.9000015258789,67.0999984741211,67.87000274658203,1506000,0.0,0.0,0.0
2024-08-09 00:00:00-04:00,67.79000091552734,68.0199966430664,67.33999633789062,67.91000366210938,1305300,0.0,0.0,0.0
2024-08-12 00:00:00-04:00,67.91999816894531,67.91999816894531,67.51000213623047,67.66999816894531,1509800,0.0,0.0,0.0
2024-08-13 00:00:00-04:00,67.80999755859375,68.01000213623047,67.48999786376953,67.98999786376953,2670000,0.0,0.0,0.0
2024-08-14 00:00:00-04:00,67.91999816894531,68.47000122070312,67.8499984741211,68.33000183105469,1996900,0.0,0.0,0.0
2024-08-15 00:00:00-04:00,68.62000274658203,68.8499984741211,68.37999725341797,68.72000122070312,2380500,0.0,0.0,0.0
2024-08-16 00:00:00-04:00,68.66999816894531,69.02999877929688,68.61000061035156,68.93000030517578,1771600,0.0,0.0,0.0
2024-08-19 00:00:00-04:00,68.87999725341797,69.20999908447266,68.83999633789062,69.20999908447266,1093200,0.0,0.0,0.0
2024-08-20 00:00:00-04:00,69.16999816894531,69.33000183105469,69.0999984741211,69.20999908447266,1064100,0.0,0.0,0.0
2024-08-21 00:00:00-04:00,69.37999725341797,69.58000183105469,69.26000213623047,69.55000305175781,1732700,0.0,0.0,0.0
2024-08-22 00:00:00-04:00,69.66999816894531,69.76000213623047,69.4000015258789,69.6500015258789,1452600,0.0,0.0,0.0
2024-08-23 00:00:00-04:00,69.91000366210938,70.01000213623047,69.58000183105469,69.91000366210938,2210900,0.0,0.0,0.0
2024-08-26 00:00:00-04:00,70.0199966430664,70.54000091552734,70.0199966430664,70.18000030517578,1610000,0.0,0.0,0.0
2024-08-27 00:00:00-04:00,70.18000030517578,70.37999725341797,70.12999725341797,70.26000213623047,1780800,0.0,0.0,0.0
2024-08-28 00:00:00-04:00,70.33999633789062,70.73999786376953,70.12000274658203,70.4000015258789,1996200,0.0,0.0,0.0
2024-08-29 00:00:00-04:00,70.58000183105469,70.77999877929688,70.0999984741211,70.58999633789062,2285300,0.0,0.0,0.0
2024-08-30 00:00:00-04:00,70.62000274658203,71.19000244140625,70.41000366210938,71.0999984741211,3111200,0.0,0.0,0.0
2024-09-03 00:00:00-04:00,70.94000244140625,71.45999908447266,70.87999725341797,71.13999938964844,3743700,0.0,0.0,0.0
2024-09-04 00:00:00-04:00,71.27999877929688,71.6500015258789,70.93000030517578,71.27999877929688,3569000,0.0,0.0,0.0
2024-09-05 00:00:00-04:00,71.45999908447266,71.47000122070312,70.43000030517578,70.77999877929688,3000800,0.0,0.0,0.0
2024-09-06 00:00:00-04:00,70.73999786376953,71.08000183105469,70.11000061035156,70.16999816894531,4487700,0.0,0.0,0.0
2024-09-09 00:00:00-04:00,70.41999816894531,71.11000061035156,70.37999725341797,70.94000244140625,2242600,0.0,0.0,0.0
2024-09-10 00:00:00-04:00,70.9800033569336,71.13999938964844,70.6500015258789,70.87999725341797,2366800,0.0,0.0,0.0
2024-09-11 00:00:00-04:00,70.73999786376953,70.73999786376953,69.43000030517578,70.44999694824219,3315700,0.0,0.0,0.0
2024-09-12 00:00:00-04:00,70.5,70.83000183105469,70.1500015258789,70.81999969482422,1674700,0.0,0.0,0.0
2024-09-13 00:00:00-04:00,70.91999816894531,71.33000183105469,70.81999969482422,71.2300033569336,1143400,0.0,0.0,0.0
2024-09-16 00:00:00-04:00,71.55999755859375,71.93000030517578,71.48999786376953,71.76000213623047,1268400,0.0,0.0,0.0
2024-09-17 00:00:00-04:00,71.69000244140625,71.91999816894531,71.37000274658203,71.4800033569336,1563500,0.0,0.0,0.0
2024-09-18 00:00:00-04:00,71.47000122070312,71.7300033569336,70.9000015258789,70.97000122070312,2382600,0.0,0.0,0.0
2024-09-19 00:00:00-04:00,71.44999694824219,71.4800033569336,70.94999694824219,71.16999816894531,1623000,0.0,0.0,0.0
2024-09-20 00:00:00-04:00,71.05000305175781,71.2300033569336,70.83000183105469,71.16999816894531,2327500,0.0,0.0,0.0
2024-09-23 00:00:00-04:00,71.22000122070312,71.56999969482422,71.12000274658203,71.51000213623047,1138600,0.0,0.0,0.0
2024-09-24 00:00:00-04:00,71.3499984741211,71.56999969482422,71.12999725341797,71.26000213623047,1256600,0.0,0.0,0.0
2024-09-25 00:00:00-04:00,71.4800033569336,71.55999755859375,71.02999877929688,71.08999633789062,1335700,0.0,0.0,0.0
2024-09-26 00:00:00-04:00,71.06999969482422,71.55999755859375,71.06999969482422,71.27999877929688,1187500,0.0,0.0,0.0
2024-09-27 00:00:00-04:00,71.44999694824219,71.88999938964844,71.38999938964844,71.52999877929688,1595700,0.0,0.0,0.0
