Date,Open,High,Low,Close,Volume,Dividends,Stock Splits
2000-01-04 00:00:00+09:00,379.6856384277343,381.03443288040836,379.6856384277343,379.6856384277344,0,0.0,0.0
2000-01-05 00:00:00+09:00,380.36019897460943,380.36019897460943,380.36019897460943,380.3601989746094,1000,0.0,0.0
2000-01-06 00:00:00+09:00,380.36019897460943,380.36019897460943,380.36019897460943,380.3601989746094,0,0.0,0.0
2000-01-07 00:00:00+09:00,379.6856384277343,379.6856384277343,379.6856384277343,379.6856384277344,3000,0.0,0.0
2000-01-10 00:00:00+09:00,379.6856384277343,379.6856384277343,379.6856384277343,379.6856384277344,0,0.0,0.0
2000-01-11 00:00:00+09:00,379.6856384277343,379.6856384277343,379.6856384277343,379.6856384277344,0,0.0,0.0
2000-01-12 00:00:00+09:00,379.6856384277343,379.6856384277343,379.6856384277343,379.6856384277344,0,0.0,0.0
2000-01-13 00:00:00+09:00,379.6856384277343,379.6856384277343,379.6856384277343,379.6856384277344,0,0.0,0.0
2000-01-14 00:00:00+09:00,379.6856384277343,379.6856384277343,379.6856384277343,379.6856384277344,0,0.0,0.0
2000-01-17 00:00:00+09:00,379.6856384277343,379.6856384277343,379.6856384277343,379.6856384277344,0,0.0,0.0
2000-01-18 00:00:00+09:00,379.6856384277343,379.6856384277343,379.6856384277343,379.6856384277344,0,0.0,0.0
2000-01-19 00:00:00+09:00,408.01032231648765,408.01032231648765,404.6383361816406,404.6383361816406,2000,0.0,0.0
2000-01-20 00:00:00+09:00,404.6383361816406,404.6383361816406,404.6383361816406,404.6383361816406,1000,0.0,0.0
2000-01-21 00:00:00+09:00,404.6383361816406,404.6383361816406,404.6383361816406,404.6383361816406,2000,0.0,0.0
2000-01-24 00:00:00+09:00,404.6383361816406,404.6383361816406,404.6383361816406,404.6383361816406,0,0.0,0.0
2000-01-25 00:00:00+09:00,404.6383361816406,404.6383361816406,404.6383361816406,404.6383361816406,0,0.0,0.0
2000-01-26 00:00:00+09:00,404.6383361816406,404.6383361816406,404.6383361816406,404.6383361816406,0,0.0,0.0
2000-01-27 00:00:00+09:00,404.6383361816406,404.6383361816406,404.6383361816406,404.6383361816406,4000,0.0,0.0
2000-01-28 00:00:00+09:00,377.6625061035156,377.6625061035156,377.6625061035156,377.6625061035156,1000,0.0,0.0
2000-01-31 00:00:00+09:00,377.6625061035156,377.6625061035156,377.6625061035156,377.6625061035156,0,0.0,0.0
2000-02-01 00:00:00+09:00,377.6625061035156,377.6625061035156,377.6625061035156,377.6625061035156,0,0.0,0.0
2000-02-02 00:00:00+09:00,377.6625061035156,377.6625061035156,377.6625061035156,377.6625061035156,0,0.0,0.0
2000-02-03 00:00:00+09:00,377.6625061035156,377.6625061035156,377.6625061035156,377.6625061035156,0,0.0,0.0
2000-02-04 00:00:00+09:00,377.6625061035156,377.6625061035156,377.6625061035156,377.6625061035156,0,0.0,0.0
2000-02-07 00:00:00+09:00,403.28966653758084,403.28966653758084,391.1505126953125,391.1505126953125,3000,0.0,0.0
2000-02-08 00:00:00+09:00,377.6625061035156,377.6625061035156,377.6625061035156,377.6625061035156,1000,0.0,0.0
2000-02-09 00:00:00+09:00,377.6625061035156,377.6625061035156,377.6625061035156,377.6625061035156,1000,0.0,0.0
2000-02-10 00:00:00+09:00,377.6625061035156,377.6625061035156,377.6625061035156,377.6625061035156,0,0.0,0.0
2000-02-11 00:00:00+09:00,377.6625061035156,377.6625061035156,377.6625061035156,377.6625061035156,0,0.0,0.0
2000-02-14 00:00:00+09:00,377.6625061035156,377.6625061035156,377.6625061035156,377.6625061035156,0,0.0,0.0
2000-02-15 00:00:00+09:00,397.89434814453125,397.89434814453125,397.89434814453125,397.89434814453125,1000,0.0,0.0
2000-02-16 00:00:00+09:00,397.89434814453125,397.89434814453125,397.89434814453125,397.89434814453125,0,0.0,0.0
2000-02-17 00:00:00+09:00,397.89434814453125,397.89434814453125,397.89434814453125,397.89434814453125,0,0.0,0.0
2000-02-18 00:00:00+09:00,397.89434814453125,397.89434814453125,397.89434814453125,397.89434814453125,0,0.0,0.0
2000-02-21 00:00:00+09:00,397.89434814453125,397.89434814453125,397.89434814453125,397.89434814453125,1000,0.0,0.0
2000-02-22 00:00:00+09:00,397.89434814453125,397.89434814453125,397.89434814453125,397.89434814453125,0,0.0,0.0
2000-02-23 00:00:00+09:00,404.6383361816406,404.6383361816406,404.6383361816406,404.6383361816406,2000,0.0,0.0
2000-02-24 00:00:00+09:00,404.6383361816406,404.6383361816406,404.6383361816406,404.6383361816406,0,0.0,0.0
2000-02-25 00:00:00+09:00,404.6383361816406,404.6383361816406,404.6383361816406,404.6383361816406,0,0.0,0.0
2000-02-28 00:00:00+09:00,404.6383361816406,404.6383361816406,404.6383361816406,404.6383361816406,0,0.0,0.0
2000-02-29 00:00:00+09:00,404.6383361816406,404.6383361816406,404.6383361816406,404.6383361816406,0,0.0,0.0
2000-03-01 00:00:00+09:00,404.6383361816406,404.6383361816406,404.6383361816406,404.6383361816406,0,0.0,0.0
2000-03-02 00:00:00+09:00,404.6383361816406,404.6383361816406,404.6383361816406,404.6383361816406,0,0.0,0.0
2000-03-03 00:00:00+09:00,404.6383361816406,404.6383361816406,404.6383361816406,404.6383361816406,0,0.0,0.0
2000-03-06 00:00:00+09:00,404.6383361816406,404.6383361816406,404.6383361816406,404.6383361816406,0,0.0,0.0
2000-03-07 00:00:00+09:00,404.6383361816406,404.6383361816406,404.6383361816406,404.6383361816406,0,0.0,0.0
2000-03-08 00:00:00+09:00,402.61517333984375,402.61517333984375,402.61517333984375,402.61517333984375,1000,0.0,0.0
2000-03-09 00:00:00+09:00,402.61517333984375,402.61517333984375,402.61517333984375,402.61517333984375,0,0.0,0.0
2000-03-10 00:00:00+09:00,402.61517333984375,402.61517333984375,402.61517333984375,402.61517333984375,0,0.0,0.0
2000-03-13 00:00:00+09:00,402.61517333984375,402.61517333984375,402.61517333984375,402.61517333984375,0,0.0,0.0
2000-03-14 00:00:00+09:00,402.61517333984375,402.61517333984375,402.61517333984375,402.61517333984375,0,0.0,0.0
2000-03-15 00:00:00+09:00,402.61517333984375,402.61517333984375,402.61517333984375,402.61517333984375,0,0.0,0.0
2000-03-16 00:00:00+09:00,384.4064025878906,384.4064025878906,384.4064025878906,384.4064025878906,1000,0.0,0.0
2000-03-17 00:00:00+09:00,384.4064025878906,384.4064025878906,384.4064025878906,384.4064025878906,0,0.0,0.0
2000-03-20 00:00:00+09:00,384.4064025878906,384.4064025878906,384.4064025878906,384.4064025878906,0,0.0,0.0
2000-03-21 00:00:00+09:00,381.03448486328125,381.03448486328125,381.03448486328125,381.03448486328125,1000,0.0,0.0
2000-03-22 00:00:00+09:00,381.03448486328125,381.03448486328125,381.03448486328125,381.03448486328125,0,0.0,0.0
2000-03-23 00:00:00+09:00,381.03448486328125,381.03448486328125,381.03448486328125,381.03448486328125,0,0.0,0.0
2000-03-24 00:00:00+09:00,404.6383361816406,404.6383361816406,404.6383361816406,404.6383361816406,1000,0.0,0.0
2000-03-27 00:00:00+09:00,404.6383361816406,404.6383361816406,404.6383361816406,404.6383361816406,0,0.0,0.0
2000-03-28 00:00:00+09:00,404.6383361816406,404.6383361816406,404.6383361816406,404.6383361816406,0,0.0,0.0
2000-03-29 00:00:00+09:00,404.6383361816406,404.6383361816406,404.6383361816406,404.6383361816406,0,0.0,0.0
2000-03-30 00:00:00+09:00,404.6383361816406,404.6383361816406,404.6383361816406,404.6383361816406,0,0.0,0.0
2000-03-31 00:00:00+09:00,404.6383361816406,404.6383361816406,404.6383361816406,404.6383361816406,0,0.0,0.0
2000-04-03 00:00:00+09:00,404.6383361816406,404.6383361816406,404.6383361816406,404.6383361816406,0,0.0,0.0
2000-04-04 00:00:00+09:00,404.6383361816406,404.6383361816406,404.6383361816406,404.6383361816406,0,0.0,0.0
2000-04-05 00:00:00+09:00,404.6383361816406,404.6383361816406,404.6383361816406,404.6383361816406,0,0.0,0.0
2000-04-06 00:00:00+09:00,400.5921325683594,400.5921325683594,400.5921325683594,400.5921325683594,1000,0.0,0.0
2000-04-07 00:00:00+09:00,400.5921325683594,400.5921325683594,400.5921325683594,400.5921325683594,0,0.0,0.0
2000-04-10 00:00:00+09:00,389.12726075308666,389.12726075308666,377.6625061035156,377.6625061035156,2000,0.0,0.0
2000-04-11 00:00:00+09:00,377.6625061035156,377.6625061035156,377.6625061035156,377.6625061035156,150000,0.0,0.0
2000-04-12 00:00:00+09:00,377.6625061035156,377.6625061035156,377.6625061035156,377.6625061035156,6000,0.0,0.0
2000-04-13 00:00:00+09:00,377.6625061035156,377.6625061035156,377.6625061035156,377.6625061035156,0,0.0,0.0
2000-04-14 00:00:00+09:00,377.6625061035156,377.6625061035156,377.6625061035156,377.6625061035156,0,0.0,0.0
2000-04-17 00:00:00+09:00,397.89434814453125,397.89434814453125,397.89434814453125,397.89434814453125,1000,0.0,0.0
2000-04-18 00:00:00+09:00,397.89442607334684,397.89442607334684,377.6625061035156,377.6625061035156,2000,0.0,0.0
2000-04-19 00:00:00+09:00,377.6625061035156,377.6625061035156,377.6625061035156,377.6625061035156,1000,0.0,0.0
2000-04-20 00:00:00+09:00,377.6625061035156,377.6625061035156,377.6625061035156,377.6625061035156,2000,0.0,0.0
2000-04-21 00:00:00+09:00,377.6625061035156,377.6625061035156,377.6625061035156,377.6625061035156,0,0.0,0.0
2000-04-24 00:00:00+09:00,370.9185791015625,370.9185791015625,370.9185791015625,370.9185791015625,1000,0.0,0.0
2000-04-25 00:00:00+09:00,370.9185791015625,370.9185791015625,370.9185791015625,370.9185791015625,0,0.0,0.0
2000-04-26 00:00:00+09:00,370.9185791015625,370.9185791015625,370.9185791015625,370.9185791015625,0,0.0,0.0
2000-04-27 00:00:00+09:00,370.9185791015625,370.9185791015625,370.9185791015625,370.9185791015625,0,0.0,0.0
2000-04-28 00:00:00+09:00,370.9185791015625,370.9185791015625,370.9185791015625,370.9185791015625,0,0.0,0.0
2000-05-01 00:00:00+09:00,384.4064025878906,384.4064025878906,384.4064025878906,384.4064025878906,1000,0.0,0.0
2000-05-02 00:00:00+09:00,384.4064025878906,384.4064025878906,384.4064025878906,384.4064025878906,1000,0.0,0.0
2000-05-03 00:00:00+09:00,384.4064025878906,384.4064025878906,384.4064025878906,384.4064025878906,0,0.0,0.0
2000-05-04 00:00:00+09:00,384.4064025878906,384.4064025878906,384.4064025878906,384.4064025878906,0,0.0,0.0
2000-05-05 00:00:00+09:00,384.4064025878906,384.4064025878906,384.4064025878906,384.4064025878906,0,0.0,0.0
2000-05-08 00:00:00+09:00,384.4064025878906,384.4064025878906,384.4064025878906,384.4064025878906,0,0.0,0.0
2000-05-09 00:00:00+09:00,384.4064025878906,384.4064025878906,384.4064025878906,384.4064025878906,0,0.0,0.0
2000-05-10 00:00:00+09:00,384.4064025878906,384.4064025878906,384.4064025878906,384.4064025878906,0,0.0,0.0
2000-05-11 00:00:00+09:00,384.4064025878906,384.4064025878906,384.4064025878906,384.4064025878906,0,0.0,0.0
2000-05-12 00:00:00+09:00,371.5929765181108,371.5929765181108,370.9185791015625,370.9185791015625,2000,0.0,0.0
2000-05-15 00:00:00+09:00,370.9185791015625,370.9185791015625,370.9185791015625,370.9185791015625,1000,0.0,0.0
2000-05-16 00:00:00+09:00,370.9185791015625,370.9185791015625,370.9185791015625,370.9185791015625,0,0.0,0.0
2000-05-17 00:00:00+09:00,370.9185791015625,370.9185791015625,370.9185791015625,370.9185791015625,0,0.0,0.0
2000-05-18 00:00:00+09:00,370.9185791015625,370.9185791015625,370.9185791015625,370.9185791015625,0,0.0,0.0
2000-05-19 00:00:00+09:00,395.871337890625,395.871337890625,395.871337890625,395.871337890625,1000,0.0,0.0
2000-05-22 00:00:00+09:00,395.871337890625,395.871337890625,395.871337890625,395.871337890625,1000,0.0,0.0
2000-05-23 00:00:00+09:00,395.871337890625,395.871337890625,395.871337890625,395.871337890625,0,0.0,0.0
2000-05-24 00:00:00+09:00,404.6383361816406,404.6383361816406,404.6383361816406,404.6383361816406,2000,0.0,0.0
2000-05-25 00:00:00+09:00,404.6383361816406,404.6383361816406,404.6383361816406,404.6383361816406,0,0.0,0.0
2000-05-26 00:00:00+09:00,404.6383361816406,404.6383361816406,404.6383361816406,404.6383361816406,0,0.0,0.0
2000-05-29 00:00:00+09:00,404.6383361816406,404.6383361816406,404.6383361816406,404.6383361816406,0,0.0,0.0
2000-05-30 00:00:00+09:00,404.6383361816406,404.6383361816406,404.6383361816406,404.6383361816406,0,0.0,0.0
2000-05-31 00:00:00+09:00,404.6383361816406,404.6383361816406,404.6383361816406,404.6383361816406,0,0.0,0.0
2000-06-01 00:00:00+09:00,404.6383361816406,404.6383361816406,404.6383361816406,404.6383361816406,0,0.0,0.0
2000-06-02 00:00:00+09:00,404.6383361816406,404.6383361816406,404.6383361816406,404.6383361816406,0,0.0,0.0
2000-06-05 00:00:00+09:00,404.6383361816406,404.6383361816406,404.6383361816406,404.6383361816406,0,0.0,0.0
2000-06-06 00:00:00+09:00,377.6625061035156,377.6625061035156,377.6625061035156,377.6625061035156,1000,0.0,0.0
2000-06-07 00:00:00+09:00,377.6625061035156,377.6625061035156,377.6625061035156,377.6625061035156,0,0.0,0.0
2000-06-08 00:00:00+09:00,377.6625061035156,377.6625061035156,377.6625061035156,377.6625061035156,0,0.0,0.0
2000-06-09 00:00:00+09:00,397.89434814453125,397.89434814453125,397.89434814453125,397.89434814453125,1000,0.0,0.0
2000-06-12 00:00:00+09:00,397.89434814453125,397.89434814453125,397.89434814453125,397.89434814453125,0,0.0,0.0
2000-06-13 00:00:00+09:00,397.89434814453125,397.89434814453125,397.89434814453125,397.89434814453125,0,0.0,0.0
2000-06-14 00:00:00+09:00,397.89434814453125,397.89434814453125,397.89434814453125,397.89434814453125,0,0.0,0.0
2000-06-15 00:00:00+09:00,397.89434814453125,397.89434814453125,397.89434814453125,397.89434814453125,1000,0.0,0.0
2000-06-16 00:00:00+09:00,397.89434814453125,397.89434814453125,397.89434814453125,397.89434814453125,0,0.0,0.0
2000-06-19 00:00:00+09:00,397.89434814453125,397.89434814453125,397.89434814453125,397.89434814453125,2000,0.0,0.0
2000-06-20 00:00:00+09:00,397.89434814453125,397.89434814453125,397.89434814453125,397.89434814453125,2000,0.0,0.0
2000-06-21 00:00:00+09:00,397.89434814453125,397.89434814453125,397.89434814453125,397.89434814453125,1000,0.0,0.0
2000-06-22 00:00:00+09:00,397.89434814453125,397.89434814453125,397.89434814453125,397.89434814453125,0,0.0,0.0
2000-06-23 00:00:00+09:00,397.89434814453125,397.89434814453125,397.89434814453125,397.89434814453125,0,0.0,0.0
2000-06-26 00:00:00+09:00,397.89434814453125,397.89434814453125,397.89434814453125,397.89434814453125,0,0.0,0.0
2000-06-27 00:00:00+09:00,397.89434814453125,397.89434814453125,397.89434814453125,397.89434814453125,1000,0.0,0.0
2000-06-28 00:00:00+09:00,397.89434814453125,397.89434814453125,397.89434814453125,397.89434814453125,0,0.0,0.0
2000-06-29 00:00:00+09:00,397.89434814453125,397.89434814453125,397.89434814453125,397.89434814453125,0,0.0,0.0
2000-06-30 00:00:00+09:00,397.89434814453125,397.89434814453125,397.89434814453125,397.89434814453125,0,0.0,0.0
2000-07-03 00:00:00+09:00,397.89434814453125,397.89434814453125,397.89434814453125,397.89434814453125,0,0.0,0.0
2000-07-04 00:00:00+09:00,387.7784423828125,387.7784423828125,387.7784423828125,387.7784423828125,2000,0.0,0.0
2000-07-05 00:00:00+09:00,387.7784423828125,387.7784423828125,387.7784423828125,387.7784423828125,0,0.0,0.0
2000-07-06 00:00:00+09:00,387.7784423828125,387.7784423828125,387.7784423828125,387.7784423828125,0,0.0,0.0
2000-07-07 00:00:00+09:00,374.9649963378906,374.9649963378906,374.9649963378906,374.9649963378906,1000,0.0,0.0
2000-07-10 00:00:00+09:00,374.9649963378906,374.9649963378906,374.9649963378906,374.9649963378906,0,0.0,0.0
2000-07-11 00:00:00+09:00,374.9649963378906,374.9649963378906,374.9649963378906,374.9649963378906,0,0.0,0.0
2000-07-12 00:00:00+09:00,374.9649963378906,374.9649963378906,374.9649963378906,374.9649963378906,0,0.0,0.0
2000-07-13 00:00:00+09:00,374.9649963378906,374.9649963378906,374.9649963378906,374.9649963378906,0,0.0,0.0
2000-07-14 00:00:00+09:00,374.9649963378906,374.9649963378906,374.9649963378906,374.9649963378906,0,0.0,0.0
2000-07-17 00:00:00+09:00,374.9649963378906,374.9649963378906,374.9649963378906,374.9649963378906,0,0.0,0.0
2000-07-18 00:00:00+09:00,379.6856384277343,379.6856384277343,379.6856384277343,379.6856384277344,1000,0.0,0.0
2000-07-19 00:00:00+09:00,379.6856384277343,379.6856384277343,379.6856384277343,379.6856384277344,1000,0.0,0.0
2000-07-20 00:00:00+09:00,379.6856384277343,379.6856384277343,379.6856384277343,379.6856384277344,0,0.0,0.0
2000-07-21 00:00:00+09:00,374.9649963378906,374.9649963378906,374.9649963378906,374.9649963378906,3000,0.0,0.0
2000-07-24 00:00:00+09:00,374.9649963378906,374.9649963378906,374.9649963378906,374.9649963378906,0,0.0,0.0
2000-07-25 00:00:00+09:00,379.6857455166903,379.6857455166903,370.9185791015625,370.9185791015625,2000,0.0,0.0
2000-07-26 00:00:00+09:00,370.9185791015625,370.9185791015625,370.9185791015625,370.9185791015625,0,0.0,0.0
2000-07-27 00:00:00+09:00,370.9185791015625,370.9185791015625,370.9185791015625,370.9185791015625,0,0.0,0.0
2000-07-28 00:00:00+09:00,370.9185791015625,370.9185791015625,370.9185791015625,370.9185791015625,0,0.0,0.0
2000-07-31 00:00:00+09:00,370.9185791015625,370.9185791015625,370.9185791015625,370.9185791015625,0,0.0,0.0
2000-08-01 00:00:00+09:00,370.9185791015625,370.9185791015625,370.9185791015625,370.9185791015625,0,0.0,0.0
2000-08-02 00:00:00+09:00,379.6856384277343,379.6856384277343,379.6856384277343,379.6856384277344,2000,0.0,0.0
2000-08-03 00:00:00+09:00,379.6856384277343,379.6856384277343,379.6856384277343,379.6856384277344,0,0.0,0.0
2000-08-04 00:00:00+09:00,374.9649963378906,374.9649963378906,374.9649963378906,374.9649963378906,1000,0.0,0.0
2000-08-07 00:00:00+09:00,370.9185791015625,370.9185791015625,370.9185791015625,370.9185791015625,1000,0.0,0.0
2000-08-08 00:00:00+09:00,370.9185791015625,370.9185791015625,370.9185791015625,370.9185791015625,0,0.0,0.0
2000-08-09 00:00:00+09:00,370.9185791015625,370.9185791015625,370.9185791015625,370.9185791015625,0,0.0,0.0
2000-08-10 00:00:00+09:00,370.9185791015625,370.9185791015625,370.9185791015625,370.9185791015625,0,0.0,0.0
2000-08-11 00:00:00+09:00,370.9185791015625,370.9185791015625,370.9185791015625,370.9185791015625,0,0.0,0.0
2000-08-14 00:00:00+09:00,370.9185791015625,370.9185791015625,370.9185791015625,370.9185791015625,0,0.0,0.0
2000-08-15 00:00:00+09:00,370.9185791015625,370.9185791015625,370.9185791015625,370.9185791015625,0,0.0,0.0
2000-08-16 00:00:00+09:00,370.9185791015625,370.9185791015625,370.9185791015625,370.9185791015625,0,0.0,0.0
2000-08-17 00:00:00+09:00,358.10498046875,358.10498046875,358.10498046875,358.10498046875,1000,0.0,0.0
2000-08-18 00:00:00+09:00,358.10498046875,358.10498046875,358.10498046875,358.10498046875,1000,0.0,0.0
2000-08-21 00:00:00+09:00,358.10498046875,358.10498046875,358.10498046875,358.10498046875,3000,0.0,0.0
2000-08-22 00:00:00+09:00,358.10498046875,358.10498046875,358.10498046875,358.10498046875,3000,0.0,0.0
2000-08-23 00:00:00+09:00,358.10498046875,358.10498046875,358.10498046875,358.10498046875,0,0.0,0.0
2000-08-24 00:00:00+09:00,358.10498046875,358.10498046875,358.10498046875,358.10498046875,0,0.0,0.0
2000-08-25 00:00:00+09:00,358.10498046875,358.10498046875,358.10498046875,358.10498046875,0,0.0,0.0
2000-08-28 00:00:00+09:00,364.2792663574219,364.2792663574219,364.2792663574219,364.2792663574219,0,9.0,0.0
2000-08-29 00:00:00+09:00,364.2792663574219,364.2792663574219,364.2792663574219,364.2792663574219,0,0.0,0.0
2000-08-30 00:00:00+09:00,364.2792663574219,364.2792663574219,364.2792663574219,364.2792663574219,0,0.0,0.0
2000-08-31 00:00:00+09:00,364.2792663574219,364.2792663574219,364.2792663574219,364.2792663574219,0,0.0,0.0
2000-09-01 00:00:00+09:00,364.2792663574219,364.2792663574219,364.2792663574219,364.2792663574219,0,0.0,0.0
2000-09-04 00:00:00+09:00,364.2792663574219,364.2792663574219,364.2792663574219,364.2792663574219,0,0.0,0.0
2000-09-05 00:00:00+09:00,364.2792663574219,364.2792663574219,364.2792663574219,364.2792663574219,0,0.0,0.0
2000-09-06 00:00:00+09:00,366.3373107910156,366.3373107910156,366.3373107910156,366.3373107910156,1000,0.0,0.0
2000-09-07 00:00:00+09:00,366.3373107910156,366.3373107910156,366.3373107910156,366.3373107910156,0,0.0,0.0
2000-09-08 00:00:00+09:00,366.3373107910156,366.3373107910156,366.3373107910156,366.3373107910156,0,0.0,0.0
2000-09-11 00:00:00+09:00,366.3373107910156,366.3373107910156,366.3373107910156,366.3373107910156,0,0.0,0.0
2000-09-12 00:00:00+09:00,366.3373107910156,366.3373107910156,366.3373107910156,366.3373107910156,0,0.0,0.0
2000-09-13 00:00:00+09:00,366.3373107910156,366.3373107910156,366.3373107910156,366.3373107910156,0,0.0,0.0
2000-09-14 00:00:00+09:00,366.3373107910156,366.3373107910156,366.3373107910156,366.3373107910156,0,0.0,0.0
2000-09-15 00:00:00+09:00,366.3373107910156,366.3373107910156,366.3373107910156,366.3373107910156,0,0.0,0.0
2000-09-18 00:00:00+09:00,366.3373107910156,366.3373107910156,366.3373107910156,366.3373107910156,0,0.0,0.0
2000-09-19 00:00:00+09:00,366.3373107910156,366.3373107910156,366.3373107910156,366.3373107910156,1000,0.0,0.0
2000-09-20 00:00:00+09:00,366.3373107910156,366.3373107910156,366.3373107910156,366.3373107910156,2000,0.0,0.0
2000-09-21 00:00:00+09:00,366.3373107910156,366.3373107910156,366.3373107910156,366.3373107910156,0,0.0,0.0
2000-09-22 00:00:00+09:00,366.3373107910156,366.3373107910156,366.3373107910156,366.3373107910156,0,0.0,0.0
2000-09-25 00:00:00+09:00,367.02337646484375,367.02337646484375,367.02337646484375,367.02337646484375,2000,0.0,0.0
2000-09-26 00:00:00+09:00,363.5931701660156,363.5931701660156,363.5931701660156,363.5931701660156,5000,0.0,0.0
2000-09-27 00:00:00+09:00,343.0124206542969,343.0124206542969,343.0124206542969,343.0124206542969,1000,0.0,0.0
2000-09-28 00:00:00+09:00,343.0124206542969,343.0124206542969,343.0124206542969,343.0124206542969,2000,0.0,0.0
2000-09-29 00:00:00+09:00,329.2919616699219,329.2919616699219,329.2919616699219,329.2919616699219,1000,0.0,0.0
2000-10-02 00:00:00+09:00,329.2919616699219,329.2919616699219,329.2919616699219,329.2919616699219,1000,0.0,0.0
2000-10-03 00:00:00+09:00,329.2919616699219,329.2919616699219,329.2919616699219,329.2919616699219,1000,0.0,0.0
2000-10-04 00:00:00+09:00,315.57147216796875,315.57147216796875,315.57147216796875,315.57147216796875,2000,0.0,0.0
2000-10-05 00:00:00+09:00,315.57147216796875,315.57147216796875,315.57147216796875,315.57147216796875,1000,0.0,0.0
2000-10-06 00:00:00+09:00,308.7112121582031,308.7112121582031,308.7112121582031,308.7112121582031,2000,0.0,0.0
2000-10-09 00:00:00+09:00,308.7112121582031,308.7112121582031,308.7112121582031,308.7112121582031,0,0.0,0.0
2000-10-10 00:00:00+09:00,315.57147216796875,315.57147216796875,308.7112227730129,315.57147216796875,3000,0.0,0.0
2000-10-11 00:00:00+09:00,315.57146131727427,315.57146131727427,308.7112121582031,308.7112121582031,6000,0.0,0.0
2000-10-12 00:00:00+09:00,308.7113137255751,309.3973388671875,308.7113137255751,309.3973388671875,8000,0.0,0.0
2000-10-13 00:00:00+09:00,312.1413269042969,312.1413269042969,312.1413269042969,312.1413269042969,1000,0.0,0.0
2000-10-16 00:00:00+09:00,312.1413269042969,312.1413269042969,312.1413269042969,312.1413269042969,0,0.0,0.0
2000-10-17 00:00:00+09:00,305.2810875786675,308.7112121582031,305.2810875786675,308.7112121582031,2000,0.0,0.0
2000-10-18 00:00:00+09:00,308.7111912416608,308.7111912416608,305.28106689453125,305.28106689453125,2000,0.0,0.0
2000-10-19 00:00:00+09:00,305.28106689453125,315.57143993591995,305.28106689453125,305.28106689453125,14000,0.0,0.0
2000-10-20 00:00:00+09:00,319.6875718137051,329.2919194647606,312.1412986593043,322.4316711425781,12000,0.0,0.0
2000-10-23 00:00:00+09:00,349.8726501464844,349.8726501464844,349.8726501464844,349.8726501464844,3000,0.0,0.0
2000-10-24 00:00:00+09:00,363.59322063739484,363.59322063739484,356.73297119140625,356.73297119140625,6000,0.0,0.0
2000-10-25 00:00:00+09:00,363.5931701660156,363.5931701660156,363.5931701660156,363.5931701660156,1000,0.0,0.0
2000-10-26 00:00:00+09:00,356.73297119140625,356.73297119140625,356.73297119140625,356.73297119140625,1000,0.0,0.0
2000-10-27 00:00:00+09:00,356.73297119140625,356.73297119140625,356.73297119140625,356.73297119140625,0,0.0,0.0
2000-10-30 00:00:00+09:00,353.3028564453125,353.3028564453125,353.3028564453125,353.3028564453125,1000,0.0,0.0
2000-10-31 00:00:00+09:00,349.87266906738284,349.87266906738284,343.0124206542969,343.0124206542969,8000,0.0,0.0
2000-11-01 00:00:00+09:00,339.5823059082031,339.5823059082031,339.5823059082031,339.5823059082031,1000,0.0,0.0
2000-11-02 00:00:00+09:00,343.0124206542969,343.0124206542969,343.0124206542969,343.0124206542969,1000,0.0,0.0
2000-11-03 00:00:00+09:00,343.0124206542969,343.0124206542969,343.0124206542969,343.0124206542969,0,0.0,0.0
2000-11-06 00:00:00+09:00,343.0124711017219,343.0124711017219,336.1522216796875,336.1522216796875,2000,0.0,0.0
2000-11-07 00:00:00+09:00,332.7220153808594,332.7220153808594,332.7220153808594,332.7220153808594,1000,0.0,0.0
2000-11-08 00:00:00+09:00,325.86179530366934,325.86179530366934,322.4316711425781,322.4316711425781,3000,0.0,0.0
2000-11-09 00:00:00+09:00,322.4316711425781,322.4316711425781,322.4316711425781,322.4316711425781,1000,0.0,0.0
2000-11-10 00:00:00+09:00,308.7112121582031,308.7112121582031,308.7112121582031,308.7112121582031,1000,0.0,0.0
2000-11-13 00:00:00+09:00,308.7112121582031,308.7112121582031,308.7112121582031,308.7112121582031,1000,0.0,0.0
2000-11-14 00:00:00+09:00,301.8509216308594,301.8509216308594,301.8509216308594,301.8509216308594,1000,0.0,0.0
2000-11-15 00:00:00+09:00,301.8509216308594,301.8509216308594,301.8509216308594,301.8509216308594,2000,0.0,0.0
2000-11-16 00:00:00+09:00,305.28106689453125,305.28106689453125,305.28106689453125,305.28106689453125,1000,0.0,0.0
2000-11-17 00:00:00+09:00,301.1648864746094,301.1648864746094,301.1648864746094,301.1648864746094,1000,0.0,0.0
2000-11-20 00:00:00+09:00,301.8509216308594,301.8509216308594,301.8509216308594,301.8509216308594,5000,0.0,0.0
2000-11-21 00:00:00+09:00,301.8509216308594,301.8509216308594,301.8509216308594,301.8509216308594,5000,0.0,0.0
2000-11-22 00:00:00+09:00,301.8509625958967,304.5950622558594,301.8509625958967,304.5950622558594,2000,0.0,0.0
2000-11-23 00:00:00+09:00,304.5950622558594,304.5950622558594,304.5950622558594,304.5950622558594,0,0.0,0.0
2000-11-24 00:00:00+09:00,298.420776994261,300.4788513183594,298.420776994261,300.4788513183594,4000,0.0,0.0
2000-11-27 00:00:00+09:00,300.4788513183594,300.4788513183594,300.4788513183594,300.4788513183594,1000,0.0,0.0
2000-11-28 00:00:00+09:00,301.8509216308594,301.8509216308594,301.8509216308594,301.8509216308594,1000,0.0,0.0
2000-11-29 00:00:00+09:00,300.4788513183594,300.4788513183594,300.4788513183594,300.4788513183594,1000,0.0,0.0
2000-11-30 00:00:00+09:00,305.28106689453125,305.28106689453125,305.28106689453125,305.28106689453125,1000,0.0,0.0
2000-12-01 00:00:00+09:00,304.5950622558594,304.5950622558594,304.5950622558594,304.5950622558594,2000,0.0,0.0
2000-12-04 00:00:00+09:00,304.5950622558594,304.5950622558594,304.5950622558594,304.5950622558594,4000,0.0,0.0
2000-12-05 00:00:00+09:00,305.28108717085007,305.28108717085007,304.5950622558594,304.5950622558594,2000,0.0,0.0
2000-12-06 00:00:00+09:00,305.28106689453125,305.28106689453125,305.28106689453125,305.28106689453125,1000,0.0,0.0
2000-12-07 00:00:00+09:00,303.2230224609375,303.2230224609375,303.2230224609375,303.2230224609375,3000,0.0,0.0
2000-12-08 00:00:00+09:00,312.1413269042969,312.1413269042969,312.1413269042969,312.1413269042969,1000,0.0,0.0
2000-12-11 00:00:00+09:00,308.7112121582031,308.7112121582031,308.7112121582031,308.7112121582031,1000,0.0,0.0
2000-12-12 00:00:00+09:00,319.00164794921875,319.00164794921875,319.00164794921875,319.00164794921875,1000,0.0,0.0
2000-12-13 00:00:00+09:00,322.4316711425781,322.4316711425781,322.4316711425781,322.4316711425781,1000,0.0,0.0
2000-12-14 00:00:00+09:00,322.4316711425781,322.4316711425781,322.4316711425781,322.4316711425781,2000,0.0,0.0
2000-12-15 00:00:00+09:00,319.0015878677368,329.2919616699219,319.0015878677368,329.2919616699219,5000,0.0,0.0
2000-12-18 00:00:00+09:00,341.640380859375,341.640380859375,341.640380859375,341.640380859375,1000,0.0,0.0
2000-12-19 00:00:00+09:00,343.0124206542969,343.0124206542969,343.0124206542969,343.0124206542969,1000,0.0,0.0
2000-12-20 00:00:00+09:00,349.87266906738284,349.87266906738284,343.0124206542969,343.0124206542969,7000,0.0,0.0
2000-12-21 00:00:00+09:00,343.0124302103062,343.0124302103062,339.5823059082031,339.5823059082031,6000,0.0,0.0
2000-12-22 00:00:00+09:00,343.0124206542969,343.0124206542969,343.0124206542969,343.0124206542969,1000,0.0,0.0
2000-12-25 00:00:00+09:00,343.0124206542969,343.0124206542969,343.0124206542969,343.0124206542969,1000,0.0,0.0
2000-12-26 00:00:00+09:00,349.8726501464844,349.8726501464844,349.8726501464844,349.8726501464844,1000,0.0,0.0
2000-12-27 00:00:00+09:00,343.0124206542969,343.0124206542969,343.0124206542969,343.0124206542969,1000,0.0,0.0
2000-12-28 00:00:00+09:00,339.5823059082031,339.5823059082031,339.5823059082031,339.5823059082031,3000,0.0,0.0
2000-12-29 00:00:00+09:00,336.1522216796875,336.1522216796875,336.1522216796875,336.1522216796875,1000,0.0,0.0
2001-01-01 00:00:00+09:00,336.1522216796875,336.1522216796875,336.1522216796875,336.1522216796875,0,0.0,0.0
2001-01-02 00:00:00+09:00,336.1522216796875,336.1522216796875,336.1522216796875,336.1522216796875,0,0.0,0.0
2001-01-03 00:00:00+09:00,336.1522216796875,336.1522216796875,336.1522216796875,336.1522216796875,0,0.0,0.0
2001-01-04 00:00:00+09:00,343.0124206542969,343.0124206542969,343.0124206542969,343.0124206542969,1000,0.0,0.0
2001-01-05 00:00:00+09:00,343.0124206542969,343.0124206542969,343.0124206542969,343.0124206542969,1000,0.0,0.0
2001-01-08 00:00:00+09:00,343.0124206542969,343.0124206542969,343.0124206542969,343.0124206542969,0,0.0,0.0
2001-01-09 00:00:00+09:00,343.0124206542969,343.0124206542969,343.0124206542969,343.0124206542969,1000,0.0,0.0
2001-01-10 00:00:00+09:00,339.5823059082031,339.5823059082031,339.5823059082031,339.5823059082031,1000,0.0,0.0
2001-01-11 00:00:00+09:00,336.1522216796875,336.1522216796875,336.1522216796875,336.1522216796875,1000,0.0,0.0
2001-01-12 00:00:00+09:00,336.1522216796875,336.1522216796875,336.1522216796875,336.1522216796875,1000,0.0,0.0
2001-01-15 00:00:00+09:00,339.5823059082031,339.5823059082031,339.5823059082031,339.5823059082031,1000,0.0,0.0
2001-01-16 00:00:00+09:00,339.5823059082031,339.5823059082031,339.5823059082031,339.5823059082031,1000,0.0,0.0
2001-01-17 00:00:00+09:00,332.7220153808594,332.7220153808594,332.7220153808594,332.7220153808594,1000,0.0,0.0
2001-01-18 00:00:00+09:00,339.58234639070474,339.58234639070474,336.1522216796875,336.1522216796875,4000,0.0,0.0
2001-01-19 00:00:00+09:00,332.7220153808594,332.7220153808594,332.7220153808594,332.7220153808594,1000,0.0,0.0
2001-01-22 00:00:00+09:00,339.5823059082031,339.5823059082031,339.5823059082031,339.5823059082031,4000,0.0,0.0
2001-01-23 00:00:00+09:00,336.1521816061001,339.5823059082031,336.1521816061001,339.5823059082031,4000,0.0,0.0
2001-01-24 00:00:00+09:00,339.5823059082031,339.5823059082031,339.5823059082031,339.5823059082031,1000,0.0,0.0
2001-01-25 00:00:00+09:00,336.1522216796875,336.1522216796875,336.1522216796875,336.1522216796875,1000,0.0,0.0
2001-01-26 00:00:00+09:00,336.1522216796875,336.1522216796875,336.1522216796875,336.1522216796875,1000,0.0,0.0
2001-01-29 00:00:00+09:00,336.1522216796875,336.1522216796875,336.1522216796875,336.1522216796875,1000,0.0,0.0
2001-01-30 00:00:00+09:00,332.7220153808594,332.7220153808594,332.7220153808594,332.7220153808594,1000,0.0,0.0
2001-01-31 00:00:00+09:00,326.5478210449219,326.5478210449219,326.5478210449219,326.5478210449219,1000,0.0,0.0
2001-02-01 00:00:00+09:00,326.5478718647204,326.5478718647204,325.8618469238281,325.8618469238281,2000,0.0,0.0
2001-02-02 00:00:00+09:00,322.43172221936675,325.8618469238281,322.43172221936675,325.8618469238281,2000,0.0,0.0
2001-02-05 00:00:00+09:00,325.8618469238281,325.8618469238281,325.8618469238281,325.8618469238281,1000,0.0,0.0
2001-02-06 00:00:00+09:00,315.57147216796875,315.57147216796875,315.57147216796875,315.57147216796875,2000,0.0,0.0
2001-02-07 00:00:00+09:00,319.00164794921875,319.00164794921875,319.00164794921875,319.00164794921875,1000,0.0,0.0
2001-02-08 00:00:00+09:00,315.57147216796875,315.57147216796875,315.57147216796875,315.57147216796875,1000,0.0,0.0
2001-02-09 00:00:00+09:00,319.00164794921875,319.00164794921875,319.00164794921875,319.00164794921875,1000,0.0,0.0
2001-02-12 00:00:00+09:00,319.00164794921875,319.00164794921875,319.00164794921875,319.00164794921875,0,0.0,0.0
2001-02-13 00:00:00+09:00,308.7112121582031,308.7112121582031,308.7112121582031,308.7112121582031,1000,0.0,0.0
2001-02-14 00:00:00+09:00,319.00164794921875,319.00164794921875,319.00164794921875,319.00164794921875,1000,0.0,0.0
2001-02-15 00:00:00+09:00,322.4316711425781,322.4316711425781,322.4316711425781,322.4316711425781,1000,0.0,0.0
2001-02-16 00:00:00+09:00,329.2919616699219,329.2919616699219,329.2919616699219,329.2919616699219,2000,0.0,0.0
2001-02-19 00:00:00+09:00,343.0124206542969,343.0124206542969,343.0124206542969,343.0124206542969,1000,0.0,0.0
2001-02-20 00:00:00+09:00,343.0124206542969,343.0124206542969,343.0124206542969,343.0124206542969,8000,0.0,0.0
2001-02-21 00:00:00+09:00,329.2919616699219,329.2919616699219,329.2919616699219,329.2919616699219,1000,0.0,0.0
2001-02-22 00:00:00+09:00,336.1522108713786,336.1522108713786,329.2919616699219,329.2919616699219,2000,0.0,0.0
2001-02-23 00:00:00+09:00,319.6875915527344,319.6875915527344,319.6875915527344,319.6875915527344,3000,0.0,0.0
2001-02-26 00:00:00+09:00,336.15216778694315,336.15216778694315,322.4316711425781,322.4316711425781,5000,0.0,0.0
2001-02-27 00:00:00+09:00,322.4316711425781,322.4316711425781,322.4316711425781,322.4316711425781,3000,0.0,0.0
2001-02-28 00:00:00+09:00,319.00164794921875,319.00164794921875,319.00164794921875,319.00164794921875,2000,0.0,0.0
2001-03-01 00:00:00+09:00,322.4316711425781,322.4316711425781,322.4316711425781,322.4316711425781,1000,0.0,0.0
2001-03-02 00:00:00+09:00,322.4316711425781,322.4316711425781,322.4316711425781,322.4316711425781,2000,0.0,0.0
2001-03-05 00:00:00+09:00,315.57147216796875,315.57147216796875,315.57147216796875,315.57147216796875,1000,0.0,0.0
2001-03-06 00:00:00+09:00,315.57147216796875,315.57147216796875,315.57147216796875,315.57147216796875,2000,0.0,0.0
2001-03-07 00:00:00+09:00,319.00164794921875,319.00164794921875,319.00164794921875,319.00164794921875,1000,0.0,0.0
2001-03-08 00:00:00+09:00,319.00164794921875,319.00164794921875,319.00164794921875,319.00164794921875,1000,0.0,0.0
2001-03-09 00:00:00+09:00,319.00164794921875,319.00164794921875,319.00164794921875,319.00164794921875,1000,0.0,0.0
2001-03-12 00:00:00+09:00,312.1413269042969,312.1413269042969,312.1413269042969,312.1413269042969,1000,0.0,0.0
2001-03-13 00:00:00+09:00,308.7112121582031,308.7112121582031,308.7112121582031,308.7112121582031,1000,0.0,0.0
2001-03-14 00:00:00+09:00,308.7112121582031,308.7112121582031,308.7112121582031,308.7112121582031,0,0.0,0.0
2001-03-15 00:00:00+09:00,318.3155394136236,318.3155394136236,305.28106689453125,305.28106689453125,3000,0.0,0.0
2001-03-16 00:00:00+09:00,308.7111575104469,308.7111575104469,294.99066162109375,294.99066162109375,3000,0.0,0.0
2001-03-19 00:00:00+09:00,298.42083740234375,298.42083740234375,298.42083740234375,298.42083740234375,1000,0.0,0.0
2001-03-20 00:00:00+09:00,298.42083740234375,298.42083740234375,298.42083740234375,298.42083740234375,0,0.0,0.0
2001-03-21 00:00:00+09:00,308.7112121582031,308.7112121582031,308.7112121582031,308.7112121582031,3000,0.0,0.0
2001-03-22 00:00:00+09:00,308.7112121582031,308.7112121582031,308.7112121582031,308.7112121582031,1000,0.0,0.0
2001-03-23 00:00:00+09:00,308.7111575104469,308.7111575104469,294.99066162109375,294.99066162109375,2000,0.0,0.0
2001-03-26 00:00:00+09:00,294.99066162109375,294.99066162109375,294.99066162109375,294.99066162109375,2000,0.0,0.0
2001-03-27 00:00:00+09:00,291.560546875,291.560546875,291.560546875,291.560546875,2000,0.0,0.0
2001-03-28 00:00:00+09:00,294.99066162109375,294.99066162109375,294.99066162109375,294.99066162109375,1000,0.0,0.0
2001-03-29 00:00:00+09:00,301.8509216308594,301.8509216308594,301.8509216308594,301.8509216308594,1000,0.0,0.0
2001-03-30 00:00:00+09:00,288.1304931640625,288.1304931640625,288.1304931640625,288.1304931640625,1000,0.0,0.0
2001-04-02 00:00:00+09:00,298.42083740234375,298.42083740234375,298.42083740234375,298.42083740234375,1000,0.0,0.0
2001-04-03 00:00:00+09:00,298.42083740234375,298.42083740234375,298.42083740234375,298.42083740234375,2000,0.0,0.0
2001-04-04 00:00:00+09:00,291.560546875,291.560546875,291.560546875,291.560546875,1000,0.0,0.0
2001-04-05 00:00:00+09:00,291.560546875,291.560546875,291.560546875,291.560546875,1000,0.0,0.0
2001-04-06 00:00:00+09:00,294.99066162109375,294.99066162109375,294.99066162109375,294.99066162109375,1000,0.0,0.0
2001-04-09 00:00:00+09:00,288.13042279411764,291.560546875,288.13042279411764,291.560546875,2000,0.0,0.0
2001-04-10 00:00:00+09:00,288.1304931640625,288.1304931640625,288.1304931640625,288.1304931640625,1000,0.0,0.0
2001-04-11 00:00:00+09:00,291.560546875,291.560546875,291.560546875,291.560546875,3000,0.0,0.0
2001-04-12 00:00:00+09:00,284.70036824544275,288.1304931640625,281.9562683105469,288.1304931640625,4000,0.0,0.0
2001-04-13 00:00:00+09:00,288.13042279411764,291.560546875,288.13042279411764,291.560546875,2000,0.0,0.0
2001-04-16 00:00:00+09:00,288.1304931640625,288.1304931640625,288.1304931640625,288.1304931640625,1000,0.0,0.0
2001-04-17 00:00:00+09:00,284.70037841796875,284.70037841796875,284.70037841796875,284.70037841796875,2000,0.0,0.0
2001-04-18 00:00:00+09:00,294.99070268622194,297.73480224609375,291.5605782363821,297.73480224609375,8000,0.0,0.0
2001-04-19 00:00:00+09:00,297.73484293619794,297.73484293619794,288.1304931640625,288.1304931640625,4000,0.0,0.0
2001-04-20 00:00:00+09:00,288.8164384708848,294.99066162109375,288.8164384708848,294.99066162109375,4000,0.0,0.0
2001-04-23 00:00:00+09:00,291.560546875,291.560546875,291.560546875,291.560546875,1000,0.0,0.0
2001-04-24 00:00:00+09:00,291.560546875,291.560546875,291.560546875,291.560546875,1000,0.0,0.0
2001-04-25 00:00:00+09:00,291.560546875,291.560546875,291.560546875,291.560546875,1000,0.0,0.0
2001-04-26 00:00:00+09:00,291.560546875,291.560546875,291.560546875,291.560546875,1000,0.0,0.0
2001-04-27 00:00:00+09:00,294.99066162109375,294.99066162109375,294.99066162109375,294.99066162109375,1000,0.0,0.0
2001-04-30 00:00:00+09:00,294.99066162109375,294.99066162109375,294.99066162109375,294.99066162109375,0,0.0,0.0
2001-05-01 00:00:00+09:00,291.5605782363821,297.73480224609375,291.5605782363821,297.73480224609375,2000,0.0,0.0
2001-05-02 00:00:00+09:00,298.4208271360617,298.4208271360617,297.0487773561258,297.73480224609375,5000,0.0,0.0
2001-05-03 00:00:00+09:00,297.73480224609375,297.73480224609375,297.73480224609375,297.73480224609375,0,0.0,0.0
2001-05-04 00:00:00+09:00,297.73480224609375,297.73480224609375,297.73480224609375,297.73480224609375,0,0.0,0.0
2001-05-07 00:00:00+09:00,298.42083740234375,298.42083740234375,298.42083740234375,298.42083740234375,3000,0.0,0.0
2001-05-08 00:00:00+09:00,297.04876708984375,297.04876708984375,297.04876708984375,297.04876708984375,1000,0.0,0.0
2001-05-09 00:00:00+09:00,301.85094115365183,301.85094115365183,297.04876708984375,297.04876708984375,2000,0.0,0.0
2001-05-10 00:00:00+09:00,305.28106689453125,305.28106689453125,305.28106689453125,305.28106689453125,1000,0.0,0.0
2001-05-11 00:00:00+09:00,301.8509216308594,301.8509216308594,301.8509216308594,301.8509216308594,1000,0.0,0.0
2001-05-14 00:00:00+09:00,308.7112121582031,308.7112121582031,308.7112121582031,308.7112121582031,2000,0.0,0.0
2001-05-15 00:00:00+09:00,312.1413269042969,312.1413269042969,312.1413269042969,312.1413269042969,1000,0.0,0.0
2001-05-16 00:00:00+09:00,312.1412986593043,322.4316711425781,312.1412986593043,322.4316711425781,8000,0.0,0.0
2001-05-17 00:00:00+09:00,319.00164794921875,319.00164794921875,319.00164794921875,319.00164794921875,3000,0.0,0.0
2001-05-18 00:00:00+09:00,332.7220153808594,332.7220153808594,332.7220153808594,332.7220153808594,1000,0.0,0.0
2001-05-21 00:00:00+09:00,336.1522216796875,336.1522216796875,336.1522216796875,336.1522216796875,3000,0.0,0.0
2001-05-22 00:00:00+09:00,332.7220153808594,332.7220153808594,332.7220153808594,332.7220153808594,2000,0.0,0.0
2001-05-23 00:00:00+09:00,332.7220153808594,332.7220153808594,332.7220153808594,332.7220153808594,13000,0.0,0.0
2001-05-24 00:00:00+09:00,329.2919616699219,329.2919616699219,329.2919616699219,329.2919616699219,4000,0.0,0.0
2001-05-25 00:00:00+09:00,329.2919616699219,329.2919616699219,329.2919616699219,329.2919616699219,1000,0.0,0.0
2001-05-28 00:00:00+09:00,325.8618469238281,325.8618469238281,325.8618469238281,325.8618469238281,1000,0.0,0.0
2001-05-29 00:00:00+09:00,323.1177673339844,323.1177673339844,323.1177673339844,323.1177673339844,1000,0.0,0.0
2001-05-30 00:00:00+09:00,325.1756896972656,325.1756896972656,325.1756896972656,325.1756896972656,1000,0.0,0.0
2001-05-31 00:00:00+09:00,322.4317219618287,322.4317219618287,321.7456970214844,321.7456970214844,2000,0.0,0.0
2001-06-01 00:00:00+09:00,315.57147216796875,315.57147216796875,315.57147216796875,315.57147216796875,4000,0.0,0.0
2001-06-04 00:00:00+09:00,315.57147216796875,315.57147216796875,315.57147216796875,315.57147216796875,1000,0.0,0.0
2001-06-05 00:00:00+09:00,315.57147216796875,315.57147216796875,315.57147216796875,315.57147216796875,2000,0.0,0.0
2001-06-06 00:00:00+09:00,319.00164794921875,319.00164794921875,319.00164794921875,319.00164794921875,1000,0.0,0.0
2001-06-07 00:00:00+09:00,312.1413269042969,312.1413269042969,312.1413269042969,312.1413269042969,1000,0.0,0.0
2001-06-08 00:00:00+09:00,312.1413269042969,312.1413269042969,312.1413269042969,312.1413269042969,2000,0.0,0.0
2001-06-11 00:00:00+09:00,312.1413269042969,312.1413269042969,312.1413269042969,312.1413269042969,1000,0.0,0.0
2001-06-12 00:00:00+09:00,308.7112121582031,308.7112121582031,308.7112121582031,308.7112121582031,1000,0.0,0.0
2001-06-13 00:00:00+09:00,312.1413269042969,312.1413269042969,312.1413269042969,312.1413269042969,1000,0.0,0.0
2001-06-14 00:00:00+09:00,305.28106689453125,305.28106689453125,305.28106689453125,305.28106689453125,1000,0.0,0.0
2001-06-15 00:00:00+09:00,301.8509216308594,301.8509216308594,301.8509216308594,301.8509216308594,1000,0.0,0.0
2001-06-18 00:00:00+09:00,308.7112121582031,308.7112121582031,308.7112121582031,308.7112121582031,1000,0.0,0.0
2001-06-19 00:00:00+09:00,308.7112121582031,308.7112121582031,308.7112121582031,308.7112121582031,1000,0.0,0.0
2001-06-20 00:00:00+09:00,308.7112121582031,308.7112121582031,308.7112121582031,308.7112121582031,3000,0.0,0.0
2001-06-21 00:00:00+09:00,301.8509216308594,301.8509216308594,301.8509216308594,301.8509216308594,1000,0.0,0.0
2001-06-22 00:00:00+09:00,298.42083740234375,298.42083740234375,298.42083740234375,298.42083740234375,1000,0.0,0.0
2001-06-25 00:00:00+09:00,301.85090956577034,301.85090956577034,294.99066162109375,294.99066162109375,2000,0.0,0.0
2001-06-26 00:00:00+09:00,297.73480224609375,297.73480224609375,297.73480224609375,297.73480224609375,1000,0.0,0.0
2001-06-27 00:00:00+09:00,291.560546875,292.2465716911765,291.560546875,291.560546875,2000,0.0,0.0
2001-06-28 00:00:00+09:00,291.560546875,291.560546875,291.560546875,291.560546875,1000,0.0,0.0
2001-06-29 00:00:00+09:00,291.560546875,291.560546875,291.560546875,291.560546875,1000,0.0,0.0
2001-07-02 00:00:00+09:00,291.560546875,291.560546875,291.560546875,291.560546875,1000,0.0,0.0
2001-07-03 00:00:00+09:00,291.560546875,291.560546875,291.560546875,291.560546875,2000,0.0,0.0
2001-07-04 00:00:00+09:00,294.99066162109375,294.99066162109375,294.99066162109375,294.99066162109375,2000,0.0,0.0
2001-07-05 00:00:00+09:00,291.560546875,291.560546875,291.560546875,291.560546875,1000,0.0,0.0
2001-07-06 00:00:00+09:00,297.0487875752065,298.42083740234375,297.0487875752065,298.42083740234375,2000,0.0,0.0
2001-07-09 00:00:00+09:00,301.8509629991319,308.7112121582031,298.42083841959635,308.7112121582031,7000,0.0,0.0
2001-07-10 00:00:00+09:00,299.10686231591234,299.10686231591234,294.9907128345007,298.42083740234375,5000,0.0,0.0
2001-07-11 00:00:00+09:00,296.3627014160156,296.3627014160156,296.3627014160156,296.3627014160156,2000,0.0,0.0
2001-07-12 00:00:00+09:00,298.42083740234375,298.42083740234375,298.42083740234375,298.42083740234375,1000,0.0,0.0
2001-07-13 00:00:00+09:00,291.560546875,291.560546875,291.560546875,291.560546875,1000,0.0,0.0
2001-07-16 00:00:00+09:00,298.42079503676473,298.42079503676473,291.560546875,291.560546875,2000,0.0,0.0
2001-07-17 00:00:00+09:00,291.560546875,291.560546875,291.560546875,291.560546875,1000,0.0,0.0
2001-07-18 00:00:00+09:00,289.50252273813277,291.56059754432806,288.8164978027344,288.8164978027344,5000,0.0,0.0
2001-07-19 00:00:00+09:00,288.13048289372375,288.13048289372375,285.3863830566406,285.3863830566406,4000,0.0,0.0
2001-07-20 00:00:00+09:00,285.3863830566406,285.3863830566406,285.3863830566406,285.3863830566406,0,0.0,0.0
2001-07-23 00:00:00+09:00,288.13041367641716,294.99066162109375,285.3863144985465,294.99066162109375,11000,0.0,0.0
2001-07-24 00:00:00+09:00,294.3047180175781,294.3047180175781,294.3047180175781,294.3047180175781,1000,0.0,0.0
2001-07-25 00:00:00+09:00,294.3047180175781,294.3047180175781,294.3047180175781,294.3047180175781,2000,0.0,0.0
2001-07-26 00:00:00+09:00,293.6186930338542,293.6186930338542,288.1304931640625,288.1304931640625,3000,0.0,0.0
2001-07-27 00:00:00+09:00,294.3046879209321,298.42083740234375,294.3046879209321,298.42083740234375,9000,0.0,0.0
2001-07-30 00:00:00+09:00,294.99066162109375,294.99066162109375,294.99066162109375,294.99066162109375,1000,0.0,0.0
2001-07-31 00:00:00+09:00,291.560546875,291.560546875,291.560546875,291.560546875,1000,0.0,0.0
2001-08-01 00:00:00+09:00,291.5605376487554,294.99066162109375,288.13041367641716,294.99066162109375,11000,0.0,0.0
2001-08-02 00:00:00+09:00,288.1304931640625,288.1304931640625,288.1304931640625,288.1304931640625,1000,0.0,0.0
2001-08-03 00:00:00+09:00,294.99066162109375,294.99066162109375,294.99066162109375,294.99066162109375,1000,0.0,0.0
2001-08-06 00:00:00+09:00,298.42083740234375,298.42083740234375,297.7348124887751,298.42083740234375,2000,0.0,0.0
2001-08-07 00:00:00+09:00,294.99066162109375,294.99066162109375,294.99066162109375,294.99066162109375,1000,0.0,0.0
2001-08-08 00:00:00+09:00,301.8509216308594,301.8509216308594,301.8509216308594,301.8509216308594,2000,0.0,0.0
2001-08-09 00:00:00+09:00,294.9906734119762,301.8509216308594,294.9906734119762,301.8509216308594,11000,0.0,0.0
2001-08-10 00:00:00+09:00,308.7112121582031,308.7112121582031,308.7112121582031,308.7112121582031,3000,0.0,0.0
2001-08-13 00:00:00+09:00,308.7112121582031,308.7112121582031,308.7112121582031,308.7112121582031,1000,0.0,0.0
2001-08-14 00:00:00+09:00,319.00154698148685,322.4316711425781,319.00154698148685,322.4316711425781,6000,0.0,0.0
2001-08-15 00:00:00+09:00,325.86179530366934,325.86179530366934,322.4316711425781,322.4316711425781,3000,0.0,0.0
2001-08-16 00:00:00+09:00,312.1413269042969,312.1413269042969,312.1413269042969,312.1413269042969,1000,0.0,0.0
2001-08-17 00:00:00+09:00,315.5715227024529,319.00164794921875,315.5715227024529,319.00164794921875,2000,0.0,0.0
2001-08-20 00:00:00+09:00,319.00164794921875,319.00164794921875,319.00164794921875,319.00164794921875,2000,0.0,0.0
2001-08-21 00:00:00+09:00,322.4316711425781,335.4661429547249,322.4316711425781,322.4316711425781,4000,0.0,0.0
2001-08-22 00:00:00+09:00,322.4316711425781,322.4316711425781,308.7111744982131,322.4316711425781,6000,0.0,0.0
2001-08-23 00:00:00+09:00,312.1413269042969,312.1413269042969,312.1413269042969,312.1413269042969,1000,0.0,0.0
2001-08-24 00:00:00+09:00,308.7112121582031,308.7112121582031,308.7112121582031,308.7112121582031,1000,0.0,0.0
2001-08-27 00:00:00+09:00,312.1413269042969,312.1413269042969,312.1413269042969,312.1413269042969,1000,0.0,0.0
2001-08-28 00:00:00+09:00,304.44279338038245,304.44279338038245,300.9434509277344,300.9434509277344,2000,9.0,0.0
2001-08-29 00:00:00+09:00,297.44414906442904,297.44414906442904,283.44677734375,283.44677734375,3000,0.0,0.0
2001-08-30 00:00:00+09:00,276.44805908203125,276.44805908203125,276.44805908203125,276.44805908203125,2000,0.0,0.0
2001-08-31 00:00:00+09:00,258.9512634277344,258.9512634277344,258.9512634277344,258.9512634277344,1000,0.0,0.0
2001-09-03 00:00:00+09:00,251.95271809895831,251.95271809895831,244.95403148509837,245.65390014648438,3000,0.0,0.0
2001-09-04 00:00:00+09:00,244.95399475097656,244.95399475097656,244.95399475097656,244.95399475097656,1000,0.0,0.0
2001-09-05 00:00:00+09:00,237.95529174804688,237.95529174804688,237.95529174804688,237.95529174804688,1000,0.0,0.0
2001-09-06 00:00:00+09:00,227.45721435546875,227.45721435546875,227.45721435546875,227.45721435546875,1000,0.0,0.0
2001-09-07 00:00:00+09:00,230.95664978027344,230.95664978027344,230.95664978027344,230.95664978027344,1000,0.0,0.0
2001-09-10 00:00:00+09:00,227.45721435546875,227.45721435546875,227.45721435546875,227.45721435546875,1000,0.0,0.0
2001-09-11 00:00:00+09:00,241.45462036132812,241.45462036132812,241.45462036132812,241.45462036132812,1000,0.0,0.0
2001-09-12 00:00:00+09:00,227.45721435546875,227.45721435546875,227.45721435546875,227.45721435546875,1000,0.0,0.0
2001-09-13 00:00:00+09:00,213.45986938476562,213.45986938476562,213.45986938476562,213.45986938476562,1000,0.0,0.0
2001-09-14 00:00:00+09:00,209.9604949951172,209.9604949951172,209.9604949951172,209.9604949951172,2000,0.0,0.0
2001-09-17 00:00:00+09:00,223.9578399658203,223.9578399658203,223.9578399658203,223.9578399658203,1000,0.0,0.0
2001-09-18 00:00:00+09:00,209.9605732579385,216.95925903320312,209.9605732579385,216.95925903320312,3000,0.0,0.0
2001-09-19 00:00:00+09:00,216.95925903320312,216.95925903320312,216.95925903320312,216.95925903320312,1000,0.0,0.0
2001-09-20 00:00:00+09:00,220.45855712890625,220.45855712890625,220.45855712890625,220.45855712890625,6000,0.0,0.0
2001-09-21 00:00:00+09:00,213.45986938476562,213.45986938476562,213.45986938476562,213.45986938476562,1000,0.0,0.0
2001-09-24 00:00:00+09:00,213.45986938476562,213.45986938476562,213.45986938476562,213.45986938476562,0,0.0,0.0
2001-09-25 00:00:00+09:00,223.9578399658203,223.9578399658203,223.9578399658203,223.9578399658203,1000,0.0,0.0
2001-09-26 00:00:00+09:00,213.45986938476562,213.45986938476562,213.45986938476562,213.45986938476562,1000,0.0,0.0
2001-09-27 00:00:00+09:00,223.9578399658203,223.9578399658203,223.9578399658203,223.9578399658203,1000,0.0,0.0
2001-09-28 00:00:00+09:00,223.9578399658203,223.9578399658203,223.9578399658203,223.9578399658203,0,0.0,0.0
2001-10-01 00:00:00+09:00,227.45721435546875,227.45721435546875,227.45721435546875,227.45721435546875,1000,0.0,0.0
2001-10-02 00:00:00+09:00,230.9566204014109,234.4559631347656,230.9566204014109,234.45596313476562,3000,0.0,0.0
2001-10-03 00:00:00+09:00,241.45462036132812,241.45462036132812,241.45462036132812,241.45462036132812,1000,0.0,0.0
2001-10-04 00:00:00+09:00,237.95529174804688,237.95529174804688,237.95529174804688,237.95529174804688,1000,0.0,0.0
2001-10-05 00:00:00+09:00,251.9525909423828,251.9525909423828,251.9525909423828,251.9525909423828,2000,0.0,0.0
2001-10-08 00:00:00+09:00,251.9525909423828,251.9525909423828,251.9525909423828,251.9525909423828,0,0.0,0.0
2001-10-09 00:00:00+09:00,262.4507023737981,272.94873046875,262.4507023737981,272.94873046875,4000,0.0,0.0
2001-10-10 00:00:00+09:00,270.14923095703125,270.14923095703125,270.14923095703125,270.14923095703125,1000,0.0,0.0
2001-10-11 00:00:00+09:00,279.9473876953125,279.9473876953125,279.9473876953125,279.9473876953125,1000,0.0,0.0
2001-10-12 00:00:00+09:00,269.4493103027344,269.4493103027344,269.4493103027344,269.4493103027344,1000,0.0,0.0
2001-10-15 00:00:00+09:00,279.9473876953125,279.9473876953125,279.9473876953125,279.9473876953125,1000,0.0,0.0
2001-10-16 00:00:00+09:00,262.4507141113281,262.4507141113281,262.4507141113281,262.4507141113281,1000,0.0,0.0
2001-10-17 00:00:00+09:00,258.9512634277344,258.9512634277344,258.9512634277344,258.9512634277344,1000,0.0,0.0
2001-10-18 00:00:00+09:00,251.9525909423828,251.9525909423828,251.9525909423828,251.9525909423828,1000,0.0,0.0
2001-10-19 00:00:00+09:00,255.45208740234375,255.45208740234375,255.45208740234375,255.45208740234375,1000,0.0,0.0
2001-10-22 00:00:00+09:00,258.9512634277344,262.45060482540646,258.9512634277344,258.9512634277344,6000,0.0,0.0
2001-10-23 00:00:00+09:00,258.9512634277344,258.9512634277344,258.9512634277344,258.9512634277344,1000,0.0,0.0
2001-10-24 00:00:00+09:00,279.9473876953125,279.9473876953125,279.9473876953125,279.9473876953125,1000,0.0,0.0
2001-10-25 00:00:00+09:00,276.44805908203125,276.44805908203125,276.44805908203125,276.44805908203125,1000,0.0,0.0
2001-10-26 00:00:00+09:00,279.9473876953125,279.9473876953125,279.9473876953125,279.9473876953125,1000,0.0,0.0
2001-10-29 00:00:00+09:00,272.9487030029297,279.9473876953125,272.9487030029297,279.9473876953125,6000,0.0,0.0
2001-10-30 00:00:00+09:00,286.9460754394531,286.9460754394531,286.9460754394531,286.9460754394531,1000,0.0,0.0
2001-10-31 00:00:00+09:00,279.9473876953125,279.9473876953125,279.9473876953125,279.9473876953125,1000,0.0,0.0
2001-11-01 00:00:00+09:00,286.9460754394531,286.9460754394531,286.9460754394531,286.9460754394531,1000,0.0,0.0
2001-11-02 00:00:00+09:00,279.9473876953125,279.9473876953125,279.9473876953125,279.9473876953125,1000,0.0,0.0
2001-11-05 00:00:00+09:00,300.9434509277344,300.9434509277344,300.9434509277344,300.9434509277344,1000,0.0,0.0
2001-11-06 00:00:00+09:00,290.4454345703125,290.4454345703125,290.4454345703125,290.4454345703125,1000,0.0,0.0
2001-11-07 00:00:00+09:00,290.4454345703125,290.4454345703125,290.4454345703125,290.4454345703125,3000,0.0,0.0
2001-11-08 00:00:00+09:00,293.94476318359375,293.94476318359375,293.94476318359375,293.94476318359375,1000,0.0,0.0
2001-11-09 00:00:00+09:00,293.94476318359375,293.94476318359375,293.94476318359375,293.94476318359375,0,0.0,0.0
2001-11-12 00:00:00+09:00,293.94476318359375,293.94476318359375,293.94476318359375,293.94476318359375,1000,0.0,0.0
2001-11-13 00:00:00+09:00,283.44677734375,283.44677734375,283.44677734375,283.44677734375,1000,0.0,0.0
2001-11-14 00:00:00+09:00,293.94476318359375,293.94476318359375,293.94476318359375,293.94476318359375,1000,0.0,0.0
2001-11-15 00:00:00+09:00,297.44411974068146,297.44411974068146,290.4454345703125,290.4454345703125,2000,0.0,0.0
2001-11-16 00:00:00+09:00,286.9460754394531,286.9460754394531,286.9460754394531,286.9460754394531,1000,0.0,0.0
2001-11-19 00:00:00+09:00,279.9473876953125,279.9473876953125,279.9473876953125,279.9473876953125,2000,0.0,0.0
2001-11-20 00:00:00+09:00,290.4454345703125,290.4454345703125,290.4454345703125,290.4454345703125,4000,0.0,0.0
2001-11-21 00:00:00+09:00,290.4454345703125,290.4454345703125,290.4454345703125,290.4454345703125,1000,0.0,0.0
2001-11-22 00:00:00+09:00,279.9473876953125,279.9473876953125,279.9473876953125,279.9473876953125,1000,0.0,0.0
2001-11-23 00:00:00+09:00,279.9473876953125,279.9473876953125,279.9473876953125,279.9473876953125,0,0.0,0.0
2001-11-26 00:00:00+09:00,279.9473876953125,279.9473876953125,279.9473876953125,279.9473876953125,0,0.0,0.0
2001-11-27 00:00:00+09:00,276.44805908203125,276.44805908203125,276.44805908203125,276.44805908203125,1000,0.0,0.0
2001-11-28 00:00:00+09:00,279.9473876953125,279.9473876953125,279.9473876953125,279.9473876953125,1000,0.0,0.0
2001-11-29 00:00:00+09:00,272.94873046875,272.94873046875,272.94873046875,272.94873046875,2000,0.0,0.0
2001-11-30 00:00:00+09:00,283.44677734375,283.44677734375,283.44677734375,283.44677734375,2000,0.0,0.0
2001-12-03 00:00:00+09:00,290.4454178228611,290.4454178228611,286.9460754394531,286.9460754394531,2000,0.0,0.0
2001-12-04 00:00:00+09:00,293.94476318359375,293.94476318359375,286.94607834588913,293.94476318359375,5000,0.0,0.0
2001-12-05 00:00:00+09:00,286.9460754394531,286.9460754394531,286.9460754394531,286.9460754394531,1000,0.0,0.0
2001-12-06 00:00:00+09:00,279.9473876953125,279.9473876953125,279.9473876953125,279.9473876953125,1000,0.0,0.0
2001-12-07 00:00:00+09:00,286.94607834588913,300.94344802129837,286.94607834588913,293.94476318359375,4000,0.0,0.0
2001-12-10 00:00:00+09:00,287.6459655761719,287.6459655761719,287.6459655761719,287.6459655761719,1000,0.0,0.0
2001-12-11 00:00:00+09:00,286.9460754394531,286.9460754394531,286.9460754394531,286.9460754394531,1000,0.0,0.0
2001-12-12 00:00:00+09:00,286.9460754394531,286.9460754394531,286.9460754394531,286.9460754394531,5000,0.0,0.0
2001-12-13 00:00:00+09:00,283.44677734375,283.44677734375,283.44677734375,283.44677734375,1000,0.0,0.0
2001-12-14 00:00:00+09:00,290.4454345703125,290.4454345703125,290.4454345703125,290.4454345703125,1000,0.0,0.0
2001-12-17 00:00:00+09:00,284.1466369628906,284.1466369628906,284.1466369628906,284.1466369628906,1000,0.0,0.0
2001-12-18 00:00:00+09:00,283.44673004150394,283.44673004150394,279.9473876953125,279.9473876953125,4000,0.0,0.0
2001-12-19 00:00:00+09:00,279.9473876953125,279.9473876953125,279.9473876953125,279.9473876953125,0,0.0,0.0
2001-12-20 00:00:00+09:00,272.94873046875,272.94873046875,272.94873046875,272.94873046875,3000,0.0,0.0
2001-12-21 00:00:00+09:00,272.94873046875,272.94873046875,272.94873046875,272.94873046875,1000,0.0,0.0
2001-12-24 00:00:00+09:00,272.94873046875,272.94873046875,272.94873046875,272.94873046875,0,0.0,0.0
2001-12-25 00:00:00+09:00,265.95001220703125,265.95001220703125,265.95001220703125,265.95001220703125,2000,0.0,0.0
2001-12-26 00:00:00+09:00,272.94873046875,272.94873046875,272.94873046875,272.94873046875,3000,0.0,0.0
2001-12-27 00:00:00+09:00,265.95001220703125,265.95001220703125,265.95001220703125,265.95001220703125,1000,0.0,0.0
2001-12-28 00:00:00+09:00,279.9473876953125,279.9473876953125,279.9473876953125,279.9473876953125,1000,0.0,0.0
2001-12-31 00:00:00+09:00,279.9473876953125,279.9473876953125,279.9473876953125,279.9473876953125,0,0.0,0.0
2002-01-01 00:00:00+09:00,279.9473876953125,279.9473876953125,279.9473876953125,279.9473876953125,0,0.0,0.0
2002-01-02 00:00:00+09:00,279.9473876953125,279.9473876953125,279.9473876953125,279.9473876953125,0,0.0,0.0
2002-01-03 00:00:00+09:00,279.9473876953125,279.9473876953125,279.9473876953125,279.9473876953125,0,0.0,0.0
2002-01-04 00:00:00+09:00,266.6498107910156,266.6498107910156,266.6498107910156,266.6498107910156,1000,0.0,0.0
2002-01-07 00:00:00+09:00,272.94873046875,272.94873046875,272.94873046875,272.94873046875,2000,0.0,0.0
2002-01-08 00:00:00+09:00,265.95001220703125,265.95001220703125,265.95001220703125,265.95001220703125,1000,0.0,0.0
2002-01-09 00:00:00+09:00,272.94873046875,272.94873046875,272.94873046875,272.94873046875,1000,0.0,0.0
2002-01-10 00:00:00+09:00,265.95001220703125,265.95001220703125,265.95001220703125,265.95001220703125,2000,0.0,0.0
2002-01-11 00:00:00+09:00,272.94873046875,272.94873046875,272.94873046875,272.94873046875,1000,0.0,0.0
2002-01-14 00:00:00+09:00,272.94873046875,272.94873046875,272.94873046875,272.94873046875,0,0.0,0.0
2002-01-15 00:00:00+09:00,265.95001220703125,265.95001220703125,265.95001220703125,265.95001220703125,1000,0.0,0.0
2002-01-16 00:00:00+09:00,272.94873046875,272.94873046875,272.94873046875,272.94873046875,1000,0.0,0.0
2002-01-17 00:00:00+09:00,262.4507141113281,262.4507141113281,262.4507141113281,262.4507141113281,1000,0.0,0.0
2002-01-18 00:00:00+09:00,262.4507141113281,262.4507141113281,262.4507141113281,262.4507141113281,2000,0.0,0.0
2002-01-21 00:00:00+09:00,272.9487030029297,279.9473876953125,272.9487030029297,279.9473876953125,8000,0.0,0.0
2002-01-22 00:00:00+09:00,283.44677734375,283.44677734375,283.44677734375,283.44677734375,1000,0.0,0.0
2002-01-23 00:00:00+09:00,276.44805908203125,276.44805908203125,276.44805908203125,276.44805908203125,2000,0.0,0.0
2002-01-24 00:00:00+09:00,279.94739656759083,279.94739656759083,279.2475280761719,279.2475280761719,2000,0.0,0.0
2002-01-25 00:00:00+09:00,272.94873046875,272.94873046875,272.94873046875,272.94873046875,2000,0.0,0.0
2002-01-28 00:00:00+09:00,262.4507141113281,262.4507141113281,262.4507141113281,262.4507141113281,1000,0.0,0.0
2002-01-29 00:00:00+09:00,265.95001220703125,265.95001220703125,265.95001220703125,265.95001220703125,1000,0.0,0.0
2002-01-30 00:00:00+09:00,258.9512634277344,258.9512634277344,258.9512634277344,258.9512634277344,2000,0.0,0.0
2002-01-31 00:00:00+09:00,258.9512634277344,258.9512634277344,258.9512634277344,258.9512634277344,0,0.0,0.0
2002-02-01 00:00:00+09:00,255.45208740234375,255.45208740234375,255.45208740234375,255.45208740234375,1000,0.0,0.0
2002-02-04 00:00:00+09:00,251.9525909423828,251.9525909423828,251.9525909423828,251.9525909423828,1000,0.0,0.0
2002-02-05 00:00:00+09:00,251.9525909423828,251.9525909423828,251.9525909423828,251.9525909423828,1000,0.0,0.0
2002-02-06 00:00:00+09:00,255.45208740234375,255.45208740234375,255.45208740234375,255.45208740234375,2000,0.0,0.0
2002-02-07 00:00:00+09:00,244.95399475097656,244.95399475097656,244.95399475097656,244.95399475097656,1000,0.0,0.0
2002-02-08 00:00:00+09:00,244.95399475097656,244.95399475097656,244.95399475097656,244.95399475097656,2000,0.0,0.0
2002-02-11 00:00:00+09:00,244.95399475097656,244.95399475097656,244.95399475097656,244.95399475097656,0,0.0,0.0
2002-02-12 00:00:00+09:00,244.95399475097656,244.95399475097656,244.95399475097656,244.95399475097656,1000,0.0,0.0
2002-02-13 00:00:00+09:00,244.95397679946004,244.95397679946004,237.95529174804688,237.95529174804688,4000,0.0,0.0
2002-02-14 00:00:00+09:00,236.5555877685547,236.5555877685547,236.5555877685547,236.5555877685547,1000,0.0,0.0
2002-02-15 00:00:00+09:00,241.45462036132812,241.45462036132812,241.45462036132812,241.45462036132812,1000,0.0,0.0
2002-02-18 00:00:00+09:00,241.45462036132812,241.45462036132812,241.45462036132812,241.45462036132812,1000,0.0,0.0
2002-02-19 00:00:00+09:00,230.95664978027344,230.95664978027344,230.95664978027344,230.95664978027344,2000,0.0,0.0
2002-02-20 00:00:00+09:00,237.95529579254517,290.4454345703125,237.95529579254517,290.4454345703125,14000,0.0,0.0
2002-02-21 00:00:00+09:00,272.94873046875,272.94873046875,272.94873046875,272.94873046875,1000,0.0,0.0
2002-02-22 00:00:00+09:00,269.4493544729132,269.4493544729132,265.95001220703125,265.95001220703125,2000,0.0,0.0
2002-02-25 00:00:00+09:00,244.95399475097656,244.95399475097656,244.95399475097656,244.95399475097656,2000,0.0,0.0
2002-02-26 00:00:00+09:00,265.95001220703125,265.95001220703125,265.95001220703125,265.95001220703125,1000,0.0,0.0
2002-02-27 00:00:00+09:00,258.9512634277344,258.9512634277344,258.9512634277344,258.9512634277344,1000,0.0,0.0
2002-02-28 00:00:00+09:00,265.95001220703125,265.95001220703125,265.95001220703125,265.95001220703125,2000,0.0,0.0
2002-03-01 00:00:00+09:00,255.45208740234375,255.45208740234375,255.45208740234375,255.45208740234375,1000,0.0,0.0
2002-03-04 00:00:00+09:00,262.4507141113281,262.4507141113281,262.4507141113281,262.4507141113281,1000,0.0,0.0
2002-03-05 00:00:00+09:00,255.45208740234375,255.45208740234375,255.45208740234375,255.45208740234375,2000,0.0,0.0
2002-03-06 00:00:00+09:00,262.4507141113281,262.4507141113281,262.4507141113281,262.4507141113281,1000,0.0,0.0
2002-03-07 00:00:00+09:00,255.4519854093853,265.95001220703125,255.4519854093853,265.95001220703125,5000,0.0,0.0
2002-03-08 00:00:00+09:00,258.9512634277344,258.9512634277344,258.9512634277344,258.9512634277344,1000,0.0,0.0
2002-03-11 00:00:00+09:00,258.9512634277344,258.9512634277344,258.9512634277344,258.9512634277344,1000,0.0,0.0
2002-03-12 00:00:00+09:00,265.95001220703125,265.95001220703125,265.95001220703125,265.95001220703125,1000,0.0,0.0
2002-03-13 00:00:00+09:00,258.9512634277344,258.9512634277344,258.9512634277344,258.9512634277344,1000,0.0,0.0
2002-03-14 00:00:00+09:00,269.4493103027344,269.4493103027344,269.4493103027344,269.4493103027344,1000,0.0,0.0
2002-03-15 00:00:00+09:00,255.45208740234375,255.45208740234375,255.45208740234375,255.45208740234375,1000,0.0,0.0
2002-03-18 00:00:00+09:00,255.45208740234375,255.45208740234375,255.45208740234375,255.45208740234375,1000,0.0,0.0
2002-03-19 00:00:00+09:00,248.45333753313335,265.9500514439174,244.95399475097656,244.95399475097656,11000,0.0,0.0
2002-03-20 00:00:00+09:00,251.9525909423828,251.9525909423828,251.9525909423828,251.9525909423828,3000,0.0,0.0
2002-03-21 00:00:00+09:00,251.9525909423828,251.9525909423828,251.9525909423828,251.9525909423828,0,0.0,0.0
2002-03-22 00:00:00+09:00,251.9525909423828,251.9525909423828,251.9525909423828,251.9525909423828,1000,0.0,0.0
2002-03-25 00:00:00+09:00,244.95399475097656,244.95399475097656,244.95399475097656,244.95399475097656,1000,0.0,0.0
2002-03-26 00:00:00+09:00,244.95399475097656,244.95399475097656,244.95399475097656,244.95399475097656,3000,0.0,0.0
2002-03-27 00:00:00+09:00,244.95399475097656,244.95399475097656,244.95399475097656,244.95399475097656,2000,0.0,0.0
2002-03-28 00:00:00+09:00,241.45462036132812,244.95396268540534,237.9552780372509,241.45462036132812,4000,0.0,0.0
2002-03-29 00:00:00+09:00,255.45208740234375,255.45208740234375,255.45208740234375,255.45208740234375,1000,0.0,0.0
2002-04-01 00:00:00+09:00,245.65390014648438,245.65390014648438,245.65390014648438,245.65390014648438,1000,0.0,0.0
2002-04-02 00:00:00+09:00,237.95529174804688,237.95529174804688,237.95529174804688,237.95529174804688,1000,0.0,0.0
2002-04-03 00:00:00+09:00,248.45333862304688,248.45333862304688,248.45333862304688,248.45333862304688,1000,0.0,0.0
2002-04-04 00:00:00+09:00,237.95529174804688,237.95529174804688,237.95529174804688,237.95529174804688,1000,0.0,0.0
2002-04-05 00:00:00+09:00,244.95399475097656,244.95399475097656,244.95399475097656,244.95399475097656,1000,0.0,0.0
2002-04-08 00:00:00+09:00,237.95529174804688,237.95529174804688,237.95529174804688,237.95529174804688,1000,0.0,0.0
2002-04-09 00:00:00+09:00,251.9525909423828,251.9525909423828,251.9525909423828,251.9525909423828,1000,0.0,0.0
2002-04-10 00:00:00+09:00,241.45462036132812,241.45462036132812,241.45462036132812,241.45462036132812,1000,0.0,0.0
2002-04-11 00:00:00+09:00,248.45333862304688,248.45333862304688,248.45333862304688,248.45333862304688,1000,0.0,0.0
2002-04-12 00:00:00+09:00,237.95530918666293,244.95399475097656,237.95530918666293,244.95399475097656,2000,0.0,0.0
2002-04-15 00:00:00+09:00,234.4559631347656,234.4559631347656,234.4559631347656,234.45596313476562,3000,0.0,0.0
2002-04-16 00:00:00+09:00,234.4559631347656,234.4559631347656,234.4559631347656,234.45596313476562,1000,0.0,0.0
2002-04-17 00:00:00+09:00,230.95664978027344,230.95664978027344,230.95664978027344,230.95664978027344,1000,0.0,0.0
2002-04-18 00:00:00+09:00,237.95529174804688,237.95529174804688,237.95529174804688,237.95529174804688,1000,0.0,0.0
2002-04-19 00:00:00+09:00,234.4559631347656,234.4559631347656,234.4559631347656,234.45596313476562,2000,0.0,0.0
2002-04-22 00:00:00+09:00,244.95399475097656,244.95399475097656,244.95399475097656,244.95399475097656,4000,0.0,0.0
2002-04-23 00:00:00+09:00,244.95399475097656,244.95399475097656,244.95399475097656,244.95399475097656,2000,0.0,0.0
2002-04-24 00:00:00+09:00,241.45456631978354,251.9525909423828,241.45456631978354,251.9525909423828,2000,0.0,0.0
2002-04-25 00:00:00+09:00,255.4519220300623,258.9512634277344,255.4519220300623,258.9512634277344,3000,0.0,0.0
2002-04-26 00:00:00+09:00,262.4507141113281,262.4507141113281,262.4507141113281,262.4507141113281,1000,0.0,0.0
2002-04-29 00:00:00+09:00,262.4507141113281,262.4507141113281,262.4507141113281,262.4507141113281,0,0.0,0.0
2002-04-30 00:00:00+09:00,255.45208740234375,255.45208740234375,255.45208740234375,255.45208740234375,1000,0.0,0.0
2002-05-01 00:00:00+09:00,272.94873046875,272.94873046875,272.94873046875,272.94873046875,1000,0.0,0.0
2002-05-02 00:00:00+09:00,262.4507141113281,262.4507141113281,262.4507141113281,262.4507141113281,1000,0.0,0.0
2002-05-03 00:00:00+09:00,262.4507141113281,262.4507141113281,262.4507141113281,262.4507141113281,0,0.0,0.0
2002-05-06 00:00:00+09:00,262.4507141113281,262.4507141113281,262.4507141113281,262.4507141113281,0,0.0,0.0
2002-05-07 00:00:00+09:00,272.94873046875,272.94873046875,272.94873046875,272.94873046875,1000,0.0,0.0
2002-05-08 00:00:00+09:00,262.4507141113281,262.4507141113281,262.4507141113281,262.4507141113281,1000,0.0,0.0
2002-05-09 00:00:00+09:00,269.4493103027344,269.4493103027344,269.4493103027344,269.4493103027344,1000,0.0,0.0
2002-05-10 00:00:00+09:00,258.9512634277344,258.9512634277344,258.9512634277344,258.9512634277344,2000,0.0,0.0
2002-05-13 00:00:00+09:00,258.9512634277344,258.9512634277344,258.9512634277344,258.9512634277344,1000,0.0,0.0
2002-05-14 00:00:00+09:00,265.95001220703125,265.95001220703125,265.95001220703125,265.95001220703125,1000,0.0,0.0
2002-05-15 00:00:00+09:00,258.9512634277344,258.9512634277344,258.9512634277344,258.9512634277344,1000,0.0,0.0
2002-05-16 00:00:00+09:00,262.4507141113281,262.4507141113281,262.4507141113281,262.4507141113281,1000,0.0,0.0
2002-05-17 00:00:00+09:00,258.9512634277344,258.9512634277344,258.9512634277344,258.9512634277344,1000,0.0,0.0
2002-05-20 00:00:00+09:00,262.4507141113281,262.4507141113281,262.4507141113281,262.4507141113281,3000,0.0,0.0
2002-05-21 00:00:00+09:00,262.4507141113281,262.4507141113281,262.4507141113281,262.4507141113281,2000,0.0,0.0
2002-05-22 00:00:00+09:00,258.9512634277344,258.9512634277344,258.9512634277344,258.9512634277344,1000,0.0,0.0
2002-05-23 00:00:00+09:00,265.94996861049106,269.4493103027344,265.94996861049106,269.4493103027344,2000,0.0,0.0
2002-05-24 00:00:00+09:00,272.94873046875,272.94873046875,272.94873046875,272.94873046875,1000,0.0,0.0
2002-05-27 00:00:00+09:00,276.4480731670673,276.4480731670673,272.94873046875,272.94873046875,7000,0.0,0.0
2002-05-28 00:00:00+09:00,272.94873046875,272.94873046875,272.94873046875,272.94873046875,1000,0.0,0.0
2002-05-29 00:00:00+09:00,276.44805908203125,276.44805908203125,276.44805908203125,276.44805908203125,1000,0.0,0.0
2002-05-30 00:00:00+09:00,265.95001220703125,265.95001220703125,265.95001220703125,265.95001220703125,1000,0.0,0.0
2002-05-31 00:00:00+09:00,272.94873046875,272.94873046875,272.94873046875,272.94873046875,1000,0.0,0.0
2002-06-03 00:00:00+09:00,269.4493877704327,272.94873046875,269.4493877704327,272.94873046875,2000,0.0,0.0
2002-06-04 00:00:00+09:00,265.95004507211536,272.94873046875,265.95004507211536,272.94873046875,2000,0.0,0.0
2002-06-05 00:00:00+09:00,265.95001220703125,265.95001220703125,265.95001220703125,265.95001220703125,2000,0.0,0.0
2002-06-06 00:00:00+09:00,272.94873046875,272.94873046875,272.94873046875,272.94873046875,1000,0.0,0.0
2002-06-07 00:00:00+09:00,262.4507141113281,262.4507141113281,262.4507141113281,262.4507141113281,1000,0.0,0.0
2002-06-10 00:00:00+09:00,262.4507141113281,262.4507141113281,262.4507141113281,262.4507141113281,1000,0.0,0.0
2002-06-11 00:00:00+09:00,269.4493103027344,269.4493103027344,269.4493103027344,269.4493103027344,1000,0.0,0.0
2002-06-12 00:00:00+09:00,262.4507141113281,262.4507141113281,262.4507141113281,262.4507141113281,1000,0.0,0.0
2002-06-13 00:00:00+09:00,265.95001220703125,265.95001220703125,265.95001220703125,265.95001220703125,1000,0.0,0.0
2002-06-14 00:00:00+09:00,262.4507141113281,262.4507141113281,262.4507141113281,262.4507141113281,1000,0.0,0.0
2002-06-17 00:00:00+09:00,265.95001220703125,265.95001220703125,265.95001220703125,265.95001220703125,1000,0.0,0.0
2002-06-18 00:00:00+09:00,258.9512634277344,258.9512634277344,258.9512634277344,258.9512634277344,1000,0.0,0.0
2002-06-19 00:00:00+09:00,272.94873046875,272.94873046875,272.94873046875,272.94873046875,1000,0.0,0.0
2002-06-20 00:00:00+09:00,272.94873046875,272.94873046875,272.94873046875,272.94873046875,3000,0.0,0.0
2002-06-21 00:00:00+09:00,272.94873046875,272.94873046875,272.94873046875,272.94873046875,1000,0.0,0.0
2002-06-24 00:00:00+09:00,263.8503723144531,263.8503723144531,263.8503723144531,263.8503723144531,1000,0.0,0.0
2002-06-25 00:00:00+09:00,276.44805908203125,276.44805908203125,269.44937404197987,276.44805908203125,2000,0.0,0.0
2002-06-26 00:00:00+09:00,269.4493103027344,269.4493103027344,269.4493103027344,269.4493103027344,1000,0.0,0.0
2002-06-27 00:00:00+09:00,265.95001220703125,265.95001220703125,265.95001220703125,265.95001220703125,1000,0.0,0.0
2002-06-28 00:00:00+09:00,272.94873046875,272.94873046875,272.94873046875,272.94873046875,1000,0.0,0.0
2002-07-01 00:00:00+09:00,266.64988066020766,266.64988066020766,265.95001220703125,265.95001220703125,2000,0.0,0.0
2002-07-02 00:00:00+09:00,265.95001220703125,265.95001220703125,265.95001220703125,265.95001220703125,1000,0.0,0.0
2002-07-03 00:00:00+09:00,269.4493635224133,286.9460754394531,269.4493635224133,286.9460754394531,5000,0.0,0.0
2002-07-04 00:00:00+09:00,276.44805908203125,276.44805908203125,276.44805908203125,276.44805908203125,1000,0.0,0.0
2002-07-05 00:00:00+09:00,276.44805908203125,276.44805908203125,276.44805908203125,276.44805908203125,2000,0.0,0.0
2002-07-08 00:00:00+09:00,272.94873046875,272.94873046875,272.94873046875,272.94873046875,6000,0.0,0.0
2002-07-09 00:00:00+09:00,262.4507141113281,262.4507141113281,262.4507141113281,262.4507141113281,1000,0.0,0.0
2002-07-10 00:00:00+09:00,265.95001220703125,265.95001220703125,265.95001220703125,265.95001220703125,1000,0.0,0.0
2002-07-11 00:00:00+09:00,251.9525909423828,251.9525909423828,251.9525909423828,251.9525909423828,1000,0.0,0.0
2002-07-12 00:00:00+09:00,258.9512634277344,258.9512634277344,258.9512634277344,258.9512634277344,1000,0.0,0.0
2002-07-15 00:00:00+09:00,258.9512634277344,258.9512634277344,258.9512634277344,258.9512634277344,1000,0.0,0.0
2002-07-16 00:00:00+09:00,255.45208740234375,255.45208740234375,255.45208740234375,255.45208740234375,1000,0.0,0.0
2002-07-17 00:00:00+09:00,262.4507141113281,262.4507141113281,262.4507141113281,262.4507141113281,1000,0.0,0.0
2002-07-18 00:00:00+09:00,251.9525909423828,251.9525909423828,251.9525909423828,251.9525909423828,1000,0.0,0.0
2002-07-19 00:00:00+09:00,251.9525909423828,251.9525909423828,251.9525909423828,251.9525909423828,2000,0.0,0.0
2002-07-22 00:00:00+09:00,251.95268031529017,251.95268031529017,237.95530918666293,244.95399475097656,14000,0.0,0.0
2002-07-23 00:00:00+09:00,241.45462036132812,241.45462036132812,241.45462036132812,241.45462036132812,1000,0.0,0.0
2002-07-24 00:00:00+09:00,234.4559631347656,234.4559631347656,234.4559631347656,234.45596313476562,2000,0.0,0.0
2002-07-25 00:00:00+09:00,234.4559631347656,234.4559631347656,234.4559631347656,234.45596313476562,1000,0.0,0.0
2002-07-26 00:00:00+09:00,241.45462036132812,241.45462036132812,241.45462036132812,241.45462036132812,1000,0.0,0.0
2002-07-29 00:00:00+09:00,241.45462036132812,241.45462036132812,241.45462036132812,241.45462036132812,1000,0.0,0.0
2002-07-30 00:00:00+09:00,230.95664978027344,230.95664978027344,230.95664978027344,230.95664978027344,1000,0.0,0.0
2002-07-31 00:00:00+09:00,241.45462036132812,241.45462036132812,241.45462036132812,241.45462036132812,1000,0.0,0.0
2002-08-01 00:00:00+09:00,234.4559631347656,234.4559631347656,234.4559631347656,234.45596313476562,1000,0.0,0.0
2002-08-02 00:00:00+09:00,230.95664978027344,230.95664978027344,230.95664978027344,230.95664978027344,1000,0.0,0.0
2002-08-05 00:00:00+09:00,237.25544738769534,237.25544738769534,237.25544738769534,237.2554473876953,1000,0.0,0.0
2002-08-06 00:00:00+09:00,220.45855712890625,220.45855712890625,220.45855712890625,220.45855712890625,1000,0.0,0.0
2002-08-07 00:00:00+09:00,223.9578399658203,223.9578399658203,223.9578399658203,223.9578399658203,1000,0.0,0.0
2002-08-08 00:00:00+09:00,230.95664978027344,230.95664978027344,230.95664978027344,230.95664978027344,1000,0.0,0.0
2002-08-09 00:00:00+09:00,230.95664978027344,230.95664978027344,230.95664978027344,230.95664978027344,1000,0.0,0.0
2002-08-12 00:00:00+09:00,230.95664978027344,230.95664978027344,230.95664978027344,230.95664978027344,2000,0.0,0.0
2002-08-13 00:00:00+09:00,230.95664978027344,230.95664978027344,230.95664978027344,230.95664978027344,2000,0.0,0.0
2002-08-14 00:00:00+09:00,230.95664978027344,230.95664978027344,230.95664978027344,230.95664978027344,2000,0.0,0.0
2002-08-15 00:00:00+09:00,230.95664978027344,230.95664978027344,230.95664978027344,230.95664978027344,1000,0.0,0.0
2002-08-16 00:00:00+09:00,223.9578399658203,223.9578399658203,223.9578399658203,223.9578399658203,2000,0.0,0.0
2002-08-19 00:00:00+09:00,234.4559631347656,234.4559631347656,234.4559631347656,234.45596313476562,1000,0.0,0.0
2002-08-20 00:00:00+09:00,244.95399475097656,244.95399475097656,244.95399475097656,244.95399475097656,4000,0.0,0.0
2002-08-21 00:00:00+09:00,244.95400371387558,244.95400371387558,244.25413513183594,244.25413513183594,2000,0.0,0.0
2002-08-22 00:00:00+09:00,272.9487030029297,279.9473876953125,272.9487030029297,279.9473876953125,3000,0.0,0.0
2002-08-23 00:00:00+09:00,279.9473876953125,279.9473876953125,279.9473876953125,279.9473876953125,0,0.0,0.0
2002-08-26 00:00:00+09:00,279.9473876953125,279.9473876953125,279.9473876953125,279.9473876953125,1000,0.0,0.0
2002-08-27 00:00:00+09:00,272.86003648912583,272.86003648912583,262.2291259765625,262.2291259765625,5000,5.0,0.0
2002-08-28 00:00:00+09:00,251.59828186035156,251.59828186035156,251.59828186035156,251.59828186035156,2000,0.0,0.0
2002-08-29 00:00:00+09:00,240.9674072265625,240.9674072265625,240.9674072265625,240.9674072265625,2000,0.0,0.0
2002-08-30 00:00:00+09:00,240.9674072265625,240.9674072265625,240.9674072265625,240.9674072265625,1000,0.0,0.0
2002-09-02 00:00:00+09:00,233.88011169433594,233.88011169433594,233.88011169433594,233.88011169433594,1000,0.0,0.0
2002-09-03 00:00:00+09:00,240.9674072265625,240.9674072265625,240.9674072265625,240.9674072265625,1000,0.0,0.0
2002-09-04 00:00:00+09:00,240.9674072265625,240.9674072265625,240.9674072265625,240.9674072265625,1000,0.0,0.0
2002-09-05 00:00:00+09:00,233.88011169433594,233.88011169433594,233.88011169433594,233.88011169433594,1000,0.0,0.0
2002-09-06 00:00:00+09:00,233.88011169433594,233.88011169433594,233.88011169433594,233.88011169433594,1000,0.0,0.0
2002-09-09 00:00:00+09:00,237.42376708984375,237.42376708984375,237.42376708984375,237.42376708984375,1000,0.0,0.0
2002-09-10 00:00:00+09:00,226.7927703857422,226.7927703857422,226.7927703857422,226.7927703857422,1000,0.0,0.0
2002-09-11 00:00:00+09:00,236.71499633789065,236.71499633789065,236.71499633789065,236.71499633789062,1000,0.0,0.0
2002-09-12 00:00:00+09:00,223.2491912841797,223.2491912841797,223.2491912841797,223.2491912841797,2000,0.0,0.0
2002-09-13 00:00:00+09:00,237.42376708984375,237.42376708984375,237.42376708984375,237.42376708984375,1000,0.0,0.0
2002-09-16 00:00:00+09:00,237.42376708984375,237.42376708984375,237.42376708984375,237.42376708984375,0,0.0,0.0
2002-09-17 00:00:00+09:00,223.2491912841797,223.2491912841797,223.2491912841797,223.2491912841797,1000,0.0,0.0
2002-09-18 00:00:00+09:00,223.2491912841797,223.2491912841797,223.2491912841797,223.2491912841797,2000,0.0,0.0
2002-09-19 00:00:00+09:00,219.70559692382815,219.70559692382815,219.70559692382815,219.70559692382812,1000,0.0,0.0
2002-09-20 00:00:00+09:00,233.88011169433594,233.88011169433594,233.88011169433594,233.88011169433594,3000,0.0,0.0
2002-09-23 00:00:00+09:00,233.88011169433594,233.88011169433594,233.88011169433594,233.88011169433594,0,0.0,0.0
2002-09-24 00:00:00+09:00,226.7927703857422,226.7927703857422,226.7927703857422,226.7927703857422,1000,0.0,0.0
2002-09-25 00:00:00+09:00,233.88011169433594,233.88011169433594,233.88011169433594,233.88011169433594,1000,0.0,0.0
2002-09-26 00:00:00+09:00,219.70559692382815,219.70559692382815,219.70559692382815,219.70559692382812,2000,0.0,0.0
2002-09-27 00:00:00+09:00,226.7927703857422,226.7927703857422,226.7927703857422,226.7927703857422,1000,0.0,0.0
2002-09-30 00:00:00+09:00,212.61822509765628,212.61822509765628,212.61822509765628,212.61822509765625,1000,0.0,0.0
2002-10-01 00:00:00+09:00,219.70559692382815,219.70559692382815,219.70559692382815,219.70559692382812,1000,0.0,0.0
2002-10-02 00:00:00+09:00,205.531005859375,205.531005859375,205.531005859375,205.531005859375,1000,0.0,0.0
2002-10-03 00:00:00+09:00,212.61822509765628,212.61822509765628,212.61822509765628,212.61822509765625,2000,0.0,0.0
2002-10-04 00:00:00+09:00,198.44369506835938,198.44369506835938,198.44369506835938,198.44369506835938,1000,0.0,0.0
2002-10-07 00:00:00+09:00,205.531005859375,205.531005859375,205.531005859375,205.531005859375,1000,0.0,0.0
2002-10-08 00:00:00+09:00,194.9001007080078,194.9001007080078,194.9001007080078,194.9001007080078,1000,0.0,0.0
2002-10-09 00:00:00+09:00,201.9873046875,201.9873046875,201.9873046875,201.9873046875,1000,0.0,0.0
2002-10-10 00:00:00+09:00,189.23025512695312,189.23025512695312,189.23025512695312,189.23025512695312,1000,0.0,0.0
2002-10-11 00:00:00+09:00,197.0262908935547,197.0262908935547,197.0262908935547,197.0262908935547,1000,0.0,0.0
2002-10-14 00:00:00+09:00,197.0262908935547,197.0262908935547,197.0262908935547,197.0262908935547,0,0.0,0.0
2002-10-15 00:00:00+09:00,205.531005859375,205.531005859375,205.531005859375,205.531005859375,1000,0.0,0.0
2002-10-16 00:00:00+09:00,201.9873046875,201.9873046875,201.9873046875,201.9873046875,1000,0.0,0.0
2002-10-17 00:00:00+09:00,201.9873046875,201.9873046875,201.9873046875,201.9873046875,1000,0.0,0.0
2002-10-18 00:00:00+09:00,194.9001007080078,194.9001007080078,194.9001007080078,194.9001007080078,1000,0.0,0.0
2002-10-21 00:00:00+09:00,205.531005859375,205.531005859375,205.531005859375,205.531005859375,4000,0.0,0.0
2002-10-22 00:00:00+09:00,205.531005859375,205.531005859375,205.531005859375,205.531005859375,1000,0.0,0.0
2002-10-23 00:00:00+09:00,199.15248107910156,199.15248107910156,199.15248107910156,199.15248107910156,1000,0.0,0.0
2002-10-24 00:00:00+09:00,212.61822509765628,212.61822509765628,212.61822509765628,212.61822509765625,1000,0.0,0.0
2002-10-25 00:00:00+09:00,201.9873046875,201.9873046875,201.9873046875,201.9873046875,1000,0.0,0.0
2002-10-28 00:00:00+09:00,212.61822509765628,212.61822509765628,212.61822509765628,212.61822509765625,1000,0.0,0.0
2002-10-29 00:00:00+09:00,206.2397003173828,206.2397003173828,206.2397003173828,206.2397003173828,1000,0.0,0.0
2002-10-30 00:00:00+09:00,216.16192626953125,216.16192626953125,216.16192626953125,216.16192626953125,1000,0.0,0.0
2002-10-31 00:00:00+09:00,205.531005859375,205.531005859375,205.531005859375,205.531005859375,1000,0.0,0.0
2002-11-01 00:00:00+09:00,209.0745849609375,209.0745849609375,209.0745849609375,209.0745849609375,1000,0.0,0.0
2002-11-04 00:00:00+09:00,209.0745849609375,209.0745849609375,209.0745849609375,209.0745849609375,0,0.0,0.0
2002-11-05 00:00:00+09:00,209.0745849609375,209.0745849609375,209.0745849609375,209.0745849609375,1000,0.0,0.0
2002-11-06 00:00:00+09:00,205.531005859375,205.531005859375,205.531005859375,205.531005859375,3000,0.0,0.0
2002-11-07 00:00:00+09:00,212.61822509765628,212.61822509765628,209.07458801269533,212.61822509765625,2000,0.0,0.0
2002-11-08 00:00:00+09:00,201.9873046875,201.9873046875,201.9873046875,201.9873046875,1000,0.0,0.0
2002-11-11 00:00:00+09:00,201.9873046875,201.9873046875,201.9873046875,201.9873046875,1000,0.0,0.0
2002-11-12 00:00:00+09:00,198.44369506835938,198.44369506835938,198.44369506835938,198.44369506835938,1000,0.0,0.0
2002-11-13 00:00:00+09:00,201.9873046875,201.9873046875,201.9873046875,201.9873046875,1000,0.0,0.0
2002-11-14 00:00:00+09:00,198.44369506835938,198.44369506835938,198.44369506835938,198.44369506835938,1000,0.0,0.0
2002-11-15 00:00:00+09:00,194.9001007080078,194.9001007080078,194.9001007080078,194.9001007080078,2000,0.0,0.0
2002-11-18 00:00:00+09:00,198.44369506835938,198.44369506835938,198.44369506835938,198.44369506835938,1000,0.0,0.0
2002-11-19 00:00:00+09:00,194.9001007080078,194.9001007080078,194.9001007080078,194.9001007080078,1000,0.0,0.0
2002-11-20 00:00:00+09:00,198.44369506835938,198.44369506835938,198.44369506835938,198.44369506835938,4000,0.0,0.0
2002-11-21 00:00:00+09:00,198.44369506835938,198.44369506835938,198.44369506835938,198.44369506835938,1000,0.0,0.0
2002-11-22 00:00:00+09:00,194.9001007080078,194.9001007080078,194.9001007080078,194.9001007080078,1000,0.0,0.0
2002-11-25 00:00:00+09:00,201.9873046875,201.9873046875,201.9873046875,201.9873046875,1000,0.0,0.0
2002-11-26 00:00:00+09:00,194.9001007080078,194.9001007080078,194.9001007080078,194.9001007080078,1000,0.0,0.0
2002-11-27 00:00:00+09:00,201.9873046875,201.9873046875,201.9873046875,201.9873046875,1000,0.0,0.0
2002-11-28 00:00:00+09:00,196.31748962402344,196.31748962402344,196.31748962402344,196.31748962402344,1000,0.0,0.0
2002-11-29 00:00:00+09:00,205.531005859375,205.531005859375,205.531005859375,205.531005859375,1000,0.0,0.0
2002-12-02 00:00:00+09:00,205.531005859375,205.531005859375,205.531005859375,205.531005859375,0,0.0,0.0
2002-12-03 00:00:00+09:00,205.531005859375,205.531005859375,205.531005859375,205.531005859375,1000,0.0,0.0
2002-12-04 00:00:00+09:00,212.61822509765628,212.61822509765628,212.61822509765628,212.61822509765625,3000,0.0,0.0
2002-12-05 00:00:00+09:00,205.531005859375,205.531005859375,205.531005859375,205.531005859375,1000,0.0,0.0
2002-12-06 00:00:00+09:00,212.61822509765628,212.61822509765628,212.61822509765628,212.61822509765625,1000,0.0,0.0
2002-12-09 00:00:00+09:00,205.531005859375,205.531005859375,205.531005859375,205.531005859375,1000,0.0,0.0
2002-12-10 00:00:00+09:00,212.61822509765628,212.61822509765628,212.61822509765628,212.61822509765625,1000,0.0,0.0
2002-12-11 00:00:00+09:00,205.531005859375,205.531005859375,205.531005859375,205.531005859375,1000,0.0,0.0
2002-12-12 00:00:00+09:00,216.16192626953125,216.16192626953125,216.16192626953125,216.16192626953125,1000,0.0,0.0
2002-12-13 00:00:00+09:00,216.16192626953125,216.16192626953125,216.16192626953125,216.16192626953125,1000,0.0,0.0
2002-12-16 00:00:00+09:00,216.16192626953125,216.16192626953125,216.16192626953125,216.16192626953125,2000,0.0,0.0
2002-12-17 00:00:00+09:00,205.53096989222936,205.53096989222936,198.44369506835938,198.44369506835938,4000,0.0,0.0
2002-12-18 00:00:00+09:00,205.531005859375,205.531005859375,205.531005859375,205.531005859375,2000,0.0,0.0
2002-12-19 00:00:00+09:00,191.35647583007812,191.35647583007812,191.35647583007812,191.35647583007812,2000,0.0,0.0
2002-12-20 00:00:00+09:00,198.44369506835938,198.44369506835938,198.44369506835938,198.44369506835938,4000,0.0,0.0
2002-12-23 00:00:00+09:00,198.44369506835938,198.44369506835938,198.44369506835938,198.44369506835938,0,0.0,0.0
2002-12-24 00:00:00+09:00,191.35644061748798,191.35644061748798,184.2691650390625,184.2691650390625,3000,0.0,0.0
2002-12-25 00:00:00+09:00,177.18190002441406,184.2691760253906,177.18190002441406,177.18190002441406,6000,0.0,0.0
2002-12-26 00:00:00+09:00,191.35647583007812,191.35647583007812,191.35647583007812,191.35647583007812,1000,0.0,0.0
2002-12-27 00:00:00+09:00,184.2691650390625,184.2691650390625,184.2691650390625,184.2691650390625,1000,0.0,0.0
2002-12-30 00:00:00+09:00,194.9001007080078,194.9001007080078,194.9001007080078,194.9001007080078,1000,0.0,0.0
2002-12-31 00:00:00+09:00,194.9001007080078,194.9001007080078,194.9001007080078,194.9001007080078,0,0.0,0.0
2003-01-01 00:00:00+09:00,194.9001007080078,194.9001007080078,194.9001007080078,194.9001007080078,0,0.0,0.0
2003-01-02 00:00:00+09:00,194.9001007080078,194.9001007080078,194.9001007080078,194.9001007080078,0,0.0,0.0
2003-01-03 00:00:00+09:00,194.9001007080078,194.9001007080078,194.9001007080078,194.9001007080078,0,0.0,0.0
2003-01-06 00:00:00+09:00,184.2691650390625,184.2691650390625,184.2691650390625,184.2691650390625,1000,0.0,0.0
2003-01-07 00:00:00+09:00,194.9001007080078,194.9001007080078,194.9001007080078,194.9001007080078,1000,0.0,0.0
2003-01-08 00:00:00+09:00,185.68661499023438,185.68661499023438,185.68661499023438,185.68661499023438,1000,0.0,0.0
2003-01-09 00:00:00+09:00,198.44369506835938,198.44369506835938,198.44369506835938,198.44369506835938,1000,0.0,0.0
2003-01-10 00:00:00+09:00,191.35647583007812,191.35647583007812,191.35647583007812,191.35647583007812,1000,0.0,0.0
2003-01-13 00:00:00+09:00,191.35647583007812,191.35647583007812,191.35647583007812,191.35647583007812,0,0.0,0.0
2003-01-14 00:00:00+09:00,198.44369506835938,198.44369506835938,198.44369506835938,198.44369506835938,1000,0.0,0.0
2003-01-15 00:00:00+09:00,191.35647583007812,191.35647583007812,191.35647583007812,191.35647583007812,1000,0.0,0.0
2003-01-16 00:00:00+09:00,198.44369506835938,198.44369506835938,198.44369506835938,198.44369506835938,1000,0.0,0.0
2003-01-17 00:00:00+09:00,187.81282043457028,187.81282043457028,187.81282043457028,187.8128204345703,1000,0.0,0.0
2003-01-20 00:00:00+09:00,198.44369506835938,198.44369506835938,198.44369506835938,198.44369506835938,4000,0.0,0.0
2003-01-21 00:00:00+09:00,198.44369506835938,198.44369506835938,198.44369506835938,198.44369506835938,1000,0.0,0.0
2003-01-22 00:00:00+09:00,191.35647583007812,191.35647583007812,191.35647583007812,191.35647583007812,1000,0.0,0.0
2003-01-23 00:00:00+09:00,205.531005859375,205.531005859375,205.531005859375,205.531005859375,1000,0.0,0.0
2003-01-24 00:00:00+09:00,196.31748962402344,196.31748962402344,196.31748962402344,196.31748962402344,1000,0.0,0.0
2003-01-27 00:00:00+09:00,209.0745849609375,209.0745849609375,209.0745849609375,209.0745849609375,1000,0.0,0.0
2003-01-28 00:00:00+09:00,202.6960906982422,202.6960906982422,202.6960906982422,202.6960906982422,1000,0.0,0.0
2003-01-29 00:00:00+09:00,212.61822509765628,212.61822509765628,212.61822509765628,212.61822509765625,1000,0.0,0.0
2003-01-30 00:00:00+09:00,201.9873046875,201.9873046875,201.9873046875,201.9873046875,1000,0.0,0.0
2003-01-31 00:00:00+09:00,212.61822509765628,212.61822509765628,212.61822509765628,212.61822509765625,1000,0.0,0.0
2003-02-03 00:00:00+09:00,201.9873046875,201.9873046875,201.9873046875,201.9873046875,1000,0.0,0.0
2003-02-04 00:00:00+09:00,212.61822509765628,212.61822509765628,212.61822509765628,212.61822509765625,1000,0.0,0.0
2003-02-05 00:00:00+09:00,212.61822509765628,212.61822509765628,212.61822509765628,212.61822509765625,1000,0.0,0.0
2003-02-06 00:00:00+09:00,216.16192626953125,216.16192626953125,216.16192626953125,216.16192626953125,1000,0.0,0.0
2003-02-07 00:00:00+09:00,216.16192626953125,216.16192626953125,216.16192626953125,216.16192626953125,1000,0.0,0.0
2003-02-10 00:00:00+09:00,213.3269805908203,213.3269805908203,213.3269805908203,213.3269805908203,1000,0.0,0.0
2003-02-11 00:00:00+09:00,213.3269805908203,213.3269805908203,213.3269805908203,213.3269805908203,0,0.0,0.0
2003-02-12 00:00:00+09:00,233.88011169433594,233.88011169433594,233.88011169433594,233.88011169433594,1000,0.0,0.0
2003-02-13 00:00:00+09:00,233.88011169433594,233.88011169433594,233.88011169433594,233.88011169433594,1000,0.0,0.0
2003-02-14 00:00:00+09:00,237.42376708984375,237.42376708984375,237.42376708984375,237.42376708984375,1000,0.0,0.0
2003-02-17 00:00:00+09:00,262.2291918302837,297.66556910464635,262.2291918302837,269.31646728515625,8000,0.0,0.0
2003-02-18 00:00:00+09:00,290.57825842569036,304.7528076171875,290.57825842569036,304.7528076171875,3000,0.0,0.0
2003-02-19 00:00:00+09:00,287.0346984863281,287.0346984863281,287.0346984863281,287.0346984863281,1000,0.0,0.0
2003-02-20 00:00:00+09:00,287.03458934110756,301.2091369628906,287.03458934110756,301.2091369628906,5000,0.0,0.0
2003-02-21 00:00:00+09:00,304.7528076171875,304.7528076171875,304.7528076171875,304.7528076171875,1000,0.0,0.0
2003-02-24 00:00:00+09:00,262.2291259765625,262.2291259765625,262.2291259765625,262.2291259765625,1000,0.0,0.0
2003-02-25 00:00:00+09:00,283.4909973144531,283.4909973144531,283.4909973144531,283.4909973144531,1000,0.0,0.0
2003-02-26 00:00:00+09:00,262.2291259765625,262.2291259765625,262.2291259765625,262.2291259765625,1000,0.0,0.0
2003-02-27 00:00:00+09:00,272.8600158691406,272.8600158691406,272.8600158691406,272.8600158691406,1000,0.0,0.0
2003-02-28 00:00:00+09:00,255.14183044433597,255.14183044433597,255.14183044433597,255.14183044433594,1000,0.0,0.0
2003-03-03 00:00:00+09:00,265.77276611328125,265.77276611328125,265.77276611328125,265.77276611328125,1000,0.0,0.0
2003-03-04 00:00:00+09:00,251.59828186035156,251.59828186035156,251.59828186035156,251.59828186035156,1000,0.0,0.0
2003-03-05 00:00:00+09:00,258.68560791015625,258.68560791015625,258.68560791015625,258.68560791015625,1000,0.0,0.0
2003-03-06 00:00:00+09:00,248.05465698242188,248.05465698242188,248.05465698242188,248.05465698242188,1000,0.0,0.0
2003-03-07 00:00:00+09:00,248.05465698242188,248.05465698242188,248.05465698242188,248.05465698242188,1000,0.0,0.0
2003-03-10 00:00:00+09:00,250.18087768554688,250.18087768554688,250.18087768554688,250.18087768554688,1000,0.0,0.0
2003-03-11 00:00:00+09:00,240.9674072265625,240.9674072265625,240.9674072265625,240.9674072265625,1000,0.0,0.0
2003-03-12 00:00:00+09:00,248.05465698242188,248.05465698242188,248.05465698242188,248.05465698242188,1000,0.0,0.0
2003-03-13 00:00:00+09:00,233.88011169433594,233.88011169433594,233.88011169433594,233.88011169433594,1000,0.0,0.0
2003-03-14 00:00:00+09:00,244.51101684570315,244.51101684570315,244.51101684570315,244.51101684570312,1000,0.0,0.0
2003-03-17 00:00:00+09:00,244.51101684570315,244.51101684570315,244.51101684570315,244.51101684570312,1000,0.0,0.0
2003-03-18 00:00:00+09:00,233.88011169433594,233.88011169433594,233.88011169433594,233.88011169433594,1000,0.0,0.0
2003-03-19 00:00:00+09:00,244.51101684570315,244.51101684570315,244.51101684570315,244.51101684570312,1000,0.0,0.0
2003-03-20 00:00:00+09:00,244.51101684570315,244.51101684570315,244.51101684570315,244.51101684570312,3000,0.0,0.0
2003-03-21 00:00:00+09:00,244.51101684570315,244.51101684570315,244.51101684570315,244.51101684570312,0,0.0,0.0
2003-03-24 00:00:00+09:00,244.51101684570315,244.51101684570315,244.51101684570315,244.51101684570312,1000,0.0,0.0
2003-03-25 00:00:00+09:00,254.4332275390625,254.4332275390625,254.4332275390625,254.4332275390625,1000,0.0,0.0
2003-03-26 00:00:00+09:00,230.3363800048828,230.3363800048828,230.3363800048828,230.3363800048828,1000,0.0,0.0
2003-03-27 00:00:00+09:00,230.3363800048828,230.3363800048828,230.3363800048828,230.3363800048828,1000,0.0,0.0
2003-03-28 00:00:00+09:00,248.05465698242188,248.05465698242188,248.05465698242188,248.05465698242188,1000,0.0,0.0
2003-03-31 00:00:00+09:00,230.3363800048828,230.3363800048828,230.3363800048828,230.3363800048828,1000,0.0,0.0
2003-04-01 00:00:00+09:00,240.9674072265625,240.9674072265625,240.9674072265625,240.9674072265625,1000,0.0,0.0
2003-04-02 00:00:00+09:00,231.04521179199222,231.04521179199222,231.04521179199222,231.0452117919922,1000,0.0,0.0
2003-04-03 00:00:00+09:00,248.05465698242188,248.05465698242188,248.05465698242188,248.05465698242188,1000,0.0,0.0
2003-04-04 00:00:00+09:00,234.5887451171875,234.5887451171875,234.5887451171875,234.5887451171875,1000,0.0,0.0
2003-04-07 00:00:00+09:00,255.14183044433597,255.14183044433597,255.14183044433597,255.14183044433594,1000,0.0,0.0
2003-04-08 00:00:00+09:00,240.9674072265625,240.9674072265625,240.9674072265625,240.9674072265625,1000,0.0,0.0
2003-04-09 00:00:00+09:00,255.14183044433597,255.14183044433597,255.14183044433597,255.14183044433594,1000,0.0,0.0
2003-04-10 00:00:00+09:00,248.05465698242188,248.05465698242188,248.05465698242188,248.05465698242188,1000,0.0,0.0
2003-04-11 00:00:00+09:00,255.14193062160328,255.14193062160328,244.51101684570315,244.51101684570312,2000,0.0,0.0
2003-04-14 00:00:00+09:00,237.42376708984375,237.42376708984375,237.42376708984375,237.42376708984375,1000,0.0,0.0
2003-04-15 00:00:00+09:00,244.51101684570315,244.51101684570315,244.51101684570315,244.51101684570312,1000,0.0,0.0
2003-04-16 00:00:00+09:00,237.42376708984375,237.42376708984375,237.42376708984375,237.42376708984375,1000,0.0,0.0
2003-04-17 00:00:00+09:00,248.05465698242188,248.05465698242188,248.05465698242188,248.05465698242188,1000,0.0,0.0
2003-04-18 00:00:00+09:00,237.42376708984375,237.42376708984375,237.42376708984375,237.42376708984375,1000,0.0,0.0
2003-04-21 00:00:00+09:00,248.05465698242188,248.05465698242188,248.05465698242188,248.05465698242188,2000,0.0,0.0
2003-04-22 00:00:00+09:00,255.14183044433597,255.14183044433597,255.14183044433597,255.14183044433594,2000,0.0,0.0
2003-04-23 00:00:00+09:00,258.68560791015625,258.68560791015625,258.68560791015625,258.68560791015625,2000,0.0,0.0
2003-04-24 00:00:00+09:00,258.68560791015625,258.68560791015625,258.68560791015625,258.68560791015625,1000,0.0,0.0
2003-04-25 00:00:00+09:00,251.59828186035156,251.59828186035156,251.59828186035156,251.59828186035156,2000,0.0,0.0
2003-04-28 00:00:00+09:00,251.59828186035156,251.59828186035156,251.59828186035156,251.59828186035156,1000,0.0,0.0
2003-04-29 00:00:00+09:00,251.59828186035156,251.59828186035156,251.59828186035156,251.59828186035156,0,0.0,0.0
2003-04-30 00:00:00+09:00,258.68560791015625,258.68560791015625,258.68560791015625,258.68560791015625,1000,0.0,0.0
2003-05-01 00:00:00+09:00,255.14183044433597,255.14183044433597,255.14183044433597,255.14183044433594,1000,0.0,0.0
2003-05-02 00:00:00+09:00,265.77276611328125,265.77276611328125,265.77276611328125,265.77276611328125,1000,0.0,0.0
2003-05-05 00:00:00+09:00,265.77276611328125,265.77276611328125,265.77276611328125,265.77276611328125,0,0.0,0.0
2003-05-06 00:00:00+09:00,255.14183044433597,255.14183044433597,255.14183044433597,255.14183044433594,1000,0.0,0.0
2003-05-07 00:00:00+09:00,265.77276611328125,265.77276611328125,265.77276611328125,265.77276611328125,1000,0.0,0.0
2003-05-08 00:00:00+09:00,255.14183044433597,255.14183044433597,255.14183044433597,255.14183044433594,1000,0.0,0.0
2003-05-09 00:00:00+09:00,262.2291259765625,262.2291259765625,262.2291259765625,262.2291259765625,1000,0.0,0.0
2003-05-12 00:00:00+09:00,262.2291259765625,262.2291259765625,262.2291259765625,262.2291259765625,1000,0.0,0.0
2003-05-13 00:00:00+09:00,258.6855574057136,258.6855574057136,251.59828186035156,251.59828186035156,2000,0.0,0.0
2003-05-14 00:00:00+09:00,262.2291259765625,262.2291259765625,262.2291259765625,262.2291259765625,1000,0.0,0.0
2003-05-15 00:00:00+09:00,248.05465698242188,248.05465698242188,248.05465698242188,248.05465698242188,2000,0.0,0.0
2003-05-16 00:00:00+09:00,255.14183044433597,255.14183044433597,255.14183044433597,255.14183044433594,1000,0.0,0.0
2003-05-19 00:00:00+09:00,248.05465698242188,248.05465698242188,248.05465698242188,248.05465698242188,1000,0.0,0.0
2003-05-20 00:00:00+09:00,251.59828186035156,251.59828186035156,251.59828186035156,251.59828186035156,1000,0.0,0.0
2003-05-21 00:00:00+09:00,251.59819391038684,255.14183044433597,251.59819391038684,255.14183044433594,2000,0.0,0.0
2003-05-22 00:00:00+09:00,258.6854669782851,258.6854669782851,255.14183044433597,255.14183044433594,2000,0.0,0.0
2003-05-23 00:00:00+09:00,258.68560791015625,258.68560791015625,258.68560791015625,258.68560791015625,1000,0.0,0.0
2003-05-26 00:00:00+09:00,255.14183044433597,255.14183044433597,255.14183044433597,255.14183044433594,1000,0.0,0.0
2003-05-27 00:00:00+09:00,258.68560791015625,258.68560791015625,258.68560791015625,258.68560791015625,1000,0.0,0.0
2003-05-28 00:00:00+09:00,255.14183044433597,255.14183044433597,255.14183044433597,255.14183044433594,1000,0.0,0.0
2003-05-29 00:00:00+09:00,248.0546820341651,248.0546820341651,233.88012877506995,237.42376708984375,7000,0.0,0.0
2003-05-30 00:00:00+09:00,251.59828186035156,251.59828186035156,251.59828186035156,251.59828186035156,1000,0.0,0.0
2003-06-02 00:00:00+09:00,255.14183044433597,255.14183044433597,255.14183044433597,255.14183044433594,1000,0.0,0.0
2003-06-03 00:00:00+09:00,248.05465698242188,248.05465698242188,248.05465698242188,248.05465698242188,1000,0.0,0.0
2003-06-04 00:00:00+09:00,255.14183044433597,255.14183044433597,255.14183044433597,255.14183044433594,1000,0.0,0.0
2003-06-05 00:00:00+09:00,248.05465698242188,248.05465698242188,248.05465698242188,248.05465698242188,1000,0.0,0.0
2003-06-06 00:00:00+09:00,254.4332275390625,254.4332275390625,254.4332275390625,254.4332275390625,1000,0.0,0.0
2003-06-09 00:00:00+09:00,244.51101684570315,244.51101684570315,244.51101684570315,244.51101684570312,1000,0.0,0.0
2003-06-10 00:00:00+09:00,248.05465698242188,248.05465698242188,248.05465698242188,248.05465698242188,1000,0.0,0.0
2003-06-11 00:00:00+09:00,233.88011169433594,233.88011169433594,233.88011169433594,233.88011169433594,1000,0.0,0.0
2003-06-12 00:00:00+09:00,248.05465698242188,248.05465698242188,248.05465698242188,248.05465698242188,1000,0.0,0.0
2003-06-13 00:00:00+09:00,233.88011169433594,233.88011169433594,233.88011169433594,233.88011169433594,1000,0.0,0.0
2003-06-16 00:00:00+09:00,240.9674072265625,240.9674072265625,240.9674072265625,240.9674072265625,1000,0.0,0.0
2003-06-17 00:00:00+09:00,262.2291259765625,262.2291259765625,262.2291259765625,262.2291259765625,1000,0.0,0.0
2003-06-18 00:00:00+09:00,248.05465698242188,248.05465698242188,248.05465698242188,248.05465698242188,1000,0.0,0.0
2003-06-19 00:00:00+09:00,251.59819391038684,255.14183044433597,251.59819391038684,255.14183044433594,2000,0.0,0.0
2003-06-20 00:00:00+09:00,255.14183044433597,255.14183044433597,255.14183044433597,255.14183044433594,1000,0.0,0.0
2003-06-23 00:00:00+09:00,265.77282955771994,269.31646728515625,265.77282955771994,269.31646728515625,2000,0.0,0.0
2003-06-24 00:00:00+09:00,272.860109769381,276.40374755859375,272.860109769381,276.40374755859375,2000,0.0,0.0
2003-06-25 00:00:00+09:00,269.31646728515625,269.31646728515625,269.31646728515625,269.31646728515625,2000,0.0,0.0
2003-06-26 00:00:00+09:00,269.31646728515625,269.31646728515625,269.31646728515625,269.31646728515625,1000,0.0,0.0
2003-06-27 00:00:00+09:00,269.31646728515625,269.31646728515625,269.31646728515625,269.31646728515625,1000,0.0,0.0
2003-06-30 00:00:00+09:00,283.4909973144531,283.4909973144531,283.4909973144531,283.4909973144531,1000,0.0,0.0
2003-07-01 00:00:00+09:00,272.8600158691406,272.8600158691406,272.8600158691406,272.8600158691406,1000,0.0,0.0
2003-07-02 00:00:00+09:00,279.9473876953125,279.9473876953125,279.9473876953125,279.9473876953125,1000,0.0,0.0
2003-07-03 00:00:00+09:00,272.8600158691406,272.8600158691406,272.8600158691406,272.8600158691406,1000,0.0,0.0
2003-07-04 00:00:00+09:00,272.8600158691406,272.8600158691406,272.8600158691406,272.8600158691406,1000,0.0,0.0
2003-07-07 00:00:00+09:00,269.31646728515625,269.31646728515625,269.31646728515625,269.31646728515625,1000,0.0,0.0
2003-07-08 00:00:00+09:00,276.40374755859375,276.40374755859375,276.40374755859375,276.40374755859375,1000,0.0,0.0
2003-07-09 00:00:00+09:00,265.77276611328125,265.77276611328125,265.77276611328125,265.77276611328125,1000,0.0,0.0
2003-07-10 00:00:00+09:00,265.77276611328125,265.77276611328125,265.77276611328125,265.77276611328125,1000,0.0,0.0
2003-07-11 00:00:00+09:00,258.68560791015625,258.68560791015625,258.68560791015625,258.68560791015625,1000,0.0,0.0
2003-07-14 00:00:00+09:00,265.77276611328125,265.77276611328125,265.77276611328125,265.77276611328125,2000,0.0,0.0
2003-07-15 00:00:00+09:00,262.2291259765625,262.2291259765625,262.2291259765625,262.2291259765625,1000,0.0,0.0
2003-07-16 00:00:00+09:00,262.2291259765625,262.2291259765625,262.2291259765625,262.2291259765625,1000,0.0,0.0
2003-07-17 00:00:00+09:00,262.2291259765625,262.2291259765625,262.2291259765625,262.2291259765625,1000,0.0,0.0
2003-07-18 00:00:00+09:00,262.2291259765625,262.2291259765625,262.2291259765625,262.2291259765625,1000,0.0,0.0
2003-07-21 00:00:00+09:00,262.2291259765625,262.2291259765625,262.2291259765625,262.2291259765625,0,0.0,0.0
2003-07-22 00:00:00+09:00,262.22912923177086,265.77276611328125,262.22912923177086,265.77276611328125,3000,0.0,0.0
2003-07-23 00:00:00+09:00,265.77276611328125,265.77276611328125,265.77276611328125,265.77276611328125,1000,0.0,0.0
2003-07-24 00:00:00+09:00,269.31646728515625,269.31646728515625,269.31646728515625,269.31646728515625,1000,0.0,0.0
2003-07-25 00:00:00+09:00,262.2291259765625,262.2291259765625,262.2291259765625,262.2291259765625,1000,0.0,0.0
2003-07-28 00:00:00+09:00,269.31646728515625,269.31646728515625,269.31646728515625,269.31646728515625,1000,0.0,0.0
2003-07-29 00:00:00+09:00,265.77276611328125,265.77276611328125,265.77276611328125,265.77276611328125,1000,0.0,0.0
2003-07-30 00:00:00+09:00,272.8601050125925,272.8601050125925,269.31646728515625,269.31646728515625,2000,0.0,0.0
2003-07-31 00:00:00+09:00,265.77276611328125,265.77276611328125,265.77276611328125,265.77276611328125,1000,0.0,0.0
2003-08-01 00:00:00+09:00,255.14183044433597,255.14183044433597,255.14183044433597,255.14183044433594,6000,0.0,0.0
2003-08-04 00:00:00+09:00,262.2291259765625,262.2291259765625,262.2291259765625,262.2291259765625,1000,0.0,0.0
2003-08-05 00:00:00+09:00,255.85061645507815,255.85061645507815,255.85061645507815,255.85061645507812,1000,0.0,0.0
2003-08-06 00:00:00+09:00,265.0640563964844,265.0640563964844,265.0640563964844,265.0640563964844,1000,0.0,0.0
2003-08-07 00:00:00+09:00,262.2291259765625,262.2291259765625,262.2291259765625,262.2291259765625,2000,0.0,0.0
2003-08-08 00:00:00+09:00,262.2291259765625,262.2291259765625,262.2291259765625,262.2291259765625,1000,0.0,0.0
2003-08-11 00:00:00+09:00,255.14183044433597,255.14183044433597,255.14183044433597,255.14183044433594,1000,0.0,0.0
2003-08-12 00:00:00+09:00,258.68560791015625,258.68560791015625,258.68560791015625,258.68560791015625,1000,0.0,0.0
2003-08-13 00:00:00+09:00,258.68560791015625,258.68560791015625,258.68560791015625,258.68560791015625,1000,0.0,0.0
2003-08-14 00:00:00+09:00,261.52044677734375,261.52044677734375,261.52044677734375,261.52044677734375,1000,0.0,0.0
2003-08-15 00:00:00+09:00,255.85061645507815,255.85061645507815,255.85061645507815,255.85061645507812,1000,0.0,0.0
2003-08-18 00:00:00+09:00,262.2291259765625,262.2291259765625,262.2291259765625,262.2291259765625,1000,0.0,0.0
2003-08-19 00:00:00+09:00,264.35530807907514,264.35530807907514,262.2291259765625,262.2291259765625,3000,0.0,0.0
2003-08-20 00:00:00+09:00,262.22924637467895,265.7728848392016,258.68560791015625,258.68560791015625,9000,0.0,0.0
2003-08-21 00:00:00+09:00,265.77276611328125,269.3164029947917,265.77276611328125,265.77276611328125,3000,0.0,0.0
2003-08-22 00:00:00+09:00,262.2291259765625,262.2291259765625,262.2291259765625,262.2291259765625,1000,0.0,0.0
2003-08-25 00:00:00+09:00,265.7727628140836,265.7727628140836,262.2291259765625,262.2291259765625,5000,0.0,0.0
2003-08-26 00:00:00+09:00,258.6369934082031,258.6369934082031,255.0448129442003,258.6369934082031,3000,5.0,0.0
2003-08-27 00:00:00+09:00,258.6369934082031,258.6369934082031,258.6369934082031,258.6369934082031,1000,0.0,0.0
2003-08-28 00:00:00+09:00,247.86050415039062,247.86050415039062,247.86050415039062,247.86050415039062,1000,0.0,0.0
2003-08-29 00:00:00+09:00,255.04483032226565,255.04483032226565,255.04483032226565,255.04483032226562,1000,0.0,0.0
2003-09-01 00:00:00+09:00,240.67613220214844,240.67613220214844,240.67613220214844,240.67613220214844,1000,0.0,0.0
2003-09-02 00:00:00+09:00,240.67613220214844,240.67613220214844,240.67613220214844,240.67613220214844,1000,0.0,0.0
2003-09-03 00:00:00+09:00,240.67613220214844,240.67613220214844,240.67613220214844,240.67613220214844,1000,0.0,0.0
2003-09-04 00:00:00+09:00,237.0839385986328,237.0839385986328,237.0839385986328,237.0839385986328,1000,0.0,0.0
2003-09-05 00:00:00+09:00,247.86050415039062,247.86050415039062,247.86050415039062,247.86050415039062,1000,0.0,0.0
2003-09-08 00:00:00+09:00,240.67613220214844,240.67613220214844,240.67613220214844,240.67613220214844,1000,0.0,0.0
2003-09-09 00:00:00+09:00,247.86050415039062,247.86050415039062,247.86050415039062,247.86050415039062,1000,0.0,0.0
2003-09-10 00:00:00+09:00,240.67613220214844,240.67613220214844,240.67613220214844,240.67613220214844,1000,0.0,0.0
2003-09-11 00:00:00+09:00,233.4916534423828,233.4916534423828,233.4916534423828,233.4916534423828,1000,0.0,0.0
2003-09-12 00:00:00+09:00,233.4916534423828,233.4916534423828,233.4916534423828,233.4916534423828,1000,0.0,0.0
2003-09-15 00:00:00+09:00,233.4916534423828,233.4916534423828,233.4916534423828,233.4916534423828,0,0.0,0.0
2003-09-16 00:00:00+09:00,240.67601200984075,240.67601200984075,233.4916534423828,233.4916534423828,2000,0.0,0.0
2003-09-17 00:00:00+09:00,233.4916534423828,233.4916534423828,233.4916534423828,233.4916534423828,1000,0.0,0.0
2003-09-18 00:00:00+09:00,240.67613220214844,240.67613220214844,240.67613220214844,240.67613220214844,1000,0.0,0.0
2003-09-19 00:00:00+09:00,229.89955139160156,229.89955139160156,229.89955139160156,229.89955139160156,1000,0.0,0.0
2003-09-22 00:00:00+09:00,240.67613220214844,240.67613220214844,240.67613220214844,240.67613220214844,1000,0.0,0.0
2003-09-23 00:00:00+09:00,240.67613220214844,240.67613220214844,240.67613220214844,240.67613220214844,0,0.0,0.0
2003-09-24 00:00:00+09:00,237.08396049167797,247.86050415039062,237.08396049167797,247.86050415039062,2000,0.0,0.0
2003-09-25 00:00:00+09:00,247.86045619419644,251.45263671875,247.86045619419644,251.45263671875,2000,0.0,0.0
2003-09-26 00:00:00+09:00,251.45263671875,251.45263671875,251.45263671875,251.45263671875,1000,0.0,0.0
2003-09-29 00:00:00+09:00,247.86050415039062,247.86050415039062,247.86050415039062,247.86050415039062,1000,0.0,0.0
2003-09-30 00:00:00+09:00,251.45263671875,251.45263671875,251.45263671875,251.45263671875,1000,0.0,0.0
2003-10-01 00:00:00+09:00,244.26834106445312,244.26834106445312,244.26834106445312,244.26834106445312,1000,0.0,0.0
2003-10-02 00:00:00+09:00,244.26834106445312,244.26834106445312,244.26834106445312,244.26834106445312,1000,0.0,0.0
2003-10-03 00:00:00+09:00,244.26834106445312,244.26834106445312,244.26834106445312,244.26834106445312,1000,0.0,0.0
2003-10-06 00:00:00+09:00,244.26834106445312,244.26834106445312,244.26834106445312,244.26834106445312,1000,0.0,0.0
2003-10-07 00:00:00+09:00,251.45263671875,251.45263671875,251.45263671875,251.45263671875,1000,0.0,0.0
2003-10-08 00:00:00+09:00,251.45263671875,251.45263671875,244.26827566964286,251.45263671875,4000,0.0,0.0
2003-10-09 00:00:00+09:00,251.45263671875,251.45263671875,251.45263671875,251.45263671875,1000,0.0,0.0
2003-10-10 00:00:00+09:00,244.26834106445312,244.26834106445312,244.26834106445312,244.26834106445312,1000,0.0,0.0
2003-10-13 00:00:00+09:00,244.26834106445312,244.26834106445312,244.26834106445312,244.26834106445312,0,0.0,0.0
2003-10-14 00:00:00+09:00,244.26834106445312,244.26834106445312,244.26834106445312,244.26834106445312,1000,0.0,0.0
2003-10-15 00:00:00+09:00,244.26826022920153,244.26826022920153,240.67607993171328,241.39451599121094,3000,0.0,0.0
2003-10-16 00:00:00+09:00,233.4916534423828,233.4916534423828,233.4916534423828,233.4916534423828,1000,0.0,0.0
2003-10-17 00:00:00+09:00,241.3945159912109,241.3945159912109,241.3945159912109,241.39451599121094,1000,0.0,0.0
2003-10-20 00:00:00+09:00,244.26832293081975,247.86050415039062,244.26832293081975,247.86050415039062,3000,0.0,0.0
2003-10-21 00:00:00+09:00,251.45263671875,251.45263671875,251.45263671875,251.45263671875,1000,0.0,0.0
2003-10-22 00:00:00+09:00,247.86050415039062,247.86050415039062,247.86050415039062,247.86050415039062,1000,0.0,0.0
2003-10-23 00:00:00+09:00,240.67613220214844,240.67613220214844,240.67613220214844,240.67613220214844,1000,0.0,0.0
2003-10-24 00:00:00+09:00,247.86050415039062,247.86050415039062,247.86050415039062,247.86050415039062,1000,0.0,0.0
2003-10-27 00:00:00+09:00,240.67613220214844,240.67613220214844,240.67613220214844,240.67613220214844,1000,0.0,0.0
2003-10-28 00:00:00+09:00,240.67613220214844,240.67613220214844,240.67613220214844,240.67613220214844,1000,0.0,0.0
2003-10-29 00:00:00+09:00,237.0839385986328,237.0839385986328,237.0839385986328,237.0839385986328,1000,0.0,0.0
2003-10-30 00:00:00+09:00,237.0839385986328,237.0839385986328,237.0839385986328,237.0839385986328,1000,0.0,0.0
2003-10-31 00:00:00+09:00,237.0839385986328,237.0839385986328,237.0839385986328,237.0839385986328,1000,0.0,0.0
2003-11-03 00:00:00+09:00,237.0839385986328,237.0839385986328,237.0839385986328,237.0839385986328,0,0.0,0.0
2003-11-04 00:00:00+09:00,233.4916534423828,233.4916534423828,233.4916534423828,233.4916534423828,1000,0.0,0.0
2003-11-05 00:00:00+09:00,237.0839385986328,237.0839385986328,237.0839385986328,237.0839385986328,1000,0.0,0.0
2003-11-06 00:00:00+09:00,232.77325439453125,232.77325439453125,232.77325439453125,232.77325439453125,1000,0.0,0.0
2003-11-07 00:00:00+09:00,232.77325439453125,233.49169036488473,232.77325439453125,232.77325439453125,4000,0.0,0.0
2003-11-10 00:00:00+09:00,232.77325439453125,232.77325439453125,231.33638245382426,232.77325439453125,4000,0.0,0.0
2003-11-11 00:00:00+09:00,231.33638245382426,232.77325439453125,231.33638245382426,232.77325439453125,2000,0.0,0.0
2003-11-12 00:00:00+09:00,233.4916534423828,233.4916534423828,233.4916534423828,233.4916534423828,1000,0.0,0.0
2003-11-13 00:00:00+09:00,233.4916534423828,233.4916534423828,233.4916534423828,233.4916534423828,1000,0.0,0.0
2003-11-14 00:00:00+09:00,233.4916534423828,233.4916534423828,233.4916534423828,233.4916534423828,1000,0.0,0.0
2003-11-17 00:00:00+09:00,237.0839385986328,237.0839385986328,237.0839385986328,237.0839385986328,1000,0.0,0.0
2003-11-18 00:00:00+09:00,237.0839385986328,237.0839385986328,237.0839385986328,237.0839385986328,1000,0.0,0.0
2003-11-19 00:00:00+09:00,237.0839385986328,237.0839385986328,237.0839385986328,237.0839385986328,1000,0.0,0.0
2003-11-20 00:00:00+09:00,237.0839385986328,237.0839385986328,237.0839385986328,237.0839385986328,1000,0.0,0.0
2003-11-21 00:00:00+09:00,237.08395112450444,240.67613220214844,237.08395112450444,240.67613220214844,3000,0.0,0.0
2003-11-24 00:00:00+09:00,240.67613220214844,240.67613220214844,240.67613220214844,240.67613220214844,0,0.0,0.0
2003-11-25 00:00:00+09:00,244.26834106445312,244.26834106445312,244.26834106445312,244.26834106445312,2000,0.0,0.0
2003-11-26 00:00:00+09:00,240.67613220214844,240.67613220214844,240.67613220214844,240.67613220214844,1000,0.0,0.0
2003-11-27 00:00:00+09:00,240.67613220214844,240.67613220214844,240.67613220214844,240.67613220214844,1000,0.0,0.0
2003-11-28 00:00:00+09:00,233.4916534423828,233.4916534423828,233.4916534423828,233.4916534423828,1000,0.0,0.0
2003-12-01 00:00:00+09:00,233.4916534423828,233.4916534423828,233.4916534423828,233.4916534423828,1000,0.0,0.0
2003-12-02 00:00:00+09:00,229.89955139160156,229.89955139160156,229.89955139160156,229.89955139160156,1000,0.0,0.0
2003-12-03 00:00:00+09:00,229.89955139160156,229.89955139160156,229.89955139160156,229.89955139160156,1000,0.0,0.0
2003-12-04 00:00:00+09:00,227.02580699920654,229.89955139160156,227.02580699920654,229.89955139160156,8000,0.0,0.0
2003-12-05 00:00:00+09:00,229.89955139160156,229.89955139160156,229.89955139160156,229.89955139160156,1000,0.0,0.0
2003-12-08 00:00:00+09:00,226.3074188232422,226.3074188232422,226.3074188232422,226.3074188232422,2000,0.0,0.0
2003-12-09 00:00:00+09:00,226.3074188232422,226.3074188232422,226.3074188232422,226.3074188232422,2000,0.0,0.0
2003-12-10 00:00:00+09:00,215.53082275390625,215.53082275390625,215.53082275390625,215.53082275390625,1000,0.0,0.0
2003-12-11 00:00:00+09:00,215.53082275390625,215.53082275390625,215.53082275390625,215.53082275390625,1000,0.0,0.0
2003-12-12 00:00:00+09:00,215.53082275390625,215.53082275390625,215.53082275390625,215.53082275390625,1000,0.0,0.0
2003-12-15 00:00:00+09:00,215.53082275390625,215.53082275390625,215.53082275390625,215.53082275390625,1000,0.0,0.0
2003-12-16 00:00:00+09:00,211.9386444091797,211.9386444091797,211.9386444091797,211.9386444091797,1000,0.0,0.0
2003-12-17 00:00:00+09:00,211.9386444091797,211.9386444091797,211.9386444091797,211.9386444091797,1000,0.0,0.0
2003-12-18 00:00:00+09:00,204.7542724609375,204.7542724609375,204.7542724609375,204.7542724609375,1000,0.0,0.0
2003-12-19 00:00:00+09:00,208.34645267955045,215.53081311677633,204.7542724609375,204.7542724609375,6000,0.0,0.0
2003-12-22 00:00:00+09:00,209.06489807128906,215.53082275390625,209.06489807128906,215.53082275390625,2000,0.0,0.0
2003-12-23 00:00:00+09:00,215.53082275390625,215.53082275390625,215.53082275390625,215.53082275390625,0,0.0,0.0
2003-12-24 00:00:00+09:00,219.84146531628025,222.7152099609375,219.84146531628025,222.7152099609375,3000,0.0,0.0
2003-12-25 00:00:00+09:00,229.89957157258064,229.89957157258064,222.7152099609375,222.7152099609375,2000,0.0,0.0
2003-12-26 00:00:00+09:00,222.7152099609375,222.7152099609375,222.7152099609375,222.7152099609375,1000,0.0,0.0
2003-12-29 00:00:00+09:00,222.7152099609375,222.7152099609375,222.7152099609375,222.7152099609375,1000,0.0,0.0
2003-12-30 00:00:00+09:00,215.53082275390625,215.53082275390625,215.53082275390625,215.53082275390625,1000,0.0,0.0
2003-12-31 00:00:00+09:00,215.53082275390625,215.53082275390625,215.53082275390625,215.53082275390625,0,0.0,0.0
2004-01-01 00:00:00+09:00,215.53082275390625,215.53082275390625,215.53082275390625,215.53082275390625,0,0.0,0.0
2004-01-02 00:00:00+09:00,215.53082275390625,215.53082275390625,215.53082275390625,215.53082275390625,0,0.0,0.0
2004-01-05 00:00:00+09:00,215.53082275390625,215.53082275390625,215.53082275390625,215.53082275390625,1000,0.0,0.0
2004-01-06 00:00:00+09:00,215.53082275390625,215.53082275390625,215.53082275390625,215.53082275390625,1000,0.0,0.0
2004-01-07 00:00:00+09:00,219.12295532226562,219.12295532226562,215.53077572681866,219.12295532226562,4000,0.0,0.0
2004-01-08 00:00:00+09:00,219.12295532226562,219.12295532226562,219.12295532226562,219.12295532226562,1000,0.0,0.0
2004-01-09 00:00:00+09:00,215.53082275390625,215.53082275390625,215.53082275390625,215.53082275390625,1000,0.0,0.0
2004-01-12 00:00:00+09:00,215.53082275390625,215.53082275390625,215.53082275390625,215.53082275390625,0,0.0,0.0
2004-01-13 00:00:00+09:00,215.53084834929436,222.7152099609375,215.53084834929436,222.7152099609375,4000,0.0,0.0
2004-01-14 00:00:00+09:00,219.12302915511594,222.7152099609375,219.12302915511594,222.7152099609375,2000,0.0,0.0
2004-01-15 00:00:00+09:00,222.7152099609375,222.7152099609375,222.7152099609375,222.7152099609375,1000,0.0,0.0
2004-01-16 00:00:00+09:00,219.12295532226562,219.12295532226562,219.12295532226562,219.12295532226562,1000,0.0,0.0
2004-01-19 00:00:00+09:00,222.71513491771262,222.71513491771262,219.12295532226562,219.12295532226562,2000,0.0,0.0
2004-01-20 00:00:00+09:00,219.12305632091704,229.89960007440476,219.12305632091704,226.3074188232422,4000,0.0,0.0
2004-01-21 00:00:00+09:00,226.3073709011078,229.89955139160156,226.3073709011078,229.89955139160156,2000,0.0,0.0
2004-01-22 00:00:00+09:00,233.49173188209534,233.49173188209534,229.89955139160156,229.89955139160156,2000,0.0,0.0
2004-01-23 00:00:00+09:00,229.89955139160156,229.89955139160156,229.89955139160156,229.89955139160156,1000,0.0,0.0
2004-01-26 00:00:00+09:00,230.6179874897003,230.6179874897003,229.89955139160156,229.89955139160156,2000,0.0,0.0
2004-01-27 00:00:00+09:00,229.89955139160156,229.89955139160156,229.89955139160156,229.89955139160156,1000,0.0,0.0
2004-01-28 00:00:00+09:00,229.89955139160156,229.89955139160156,229.89955139160156,229.89955139160156,1000,0.0,0.0
2004-01-29 00:00:00+09:00,229.89955139160156,229.89955139160156,229.89955139160156,229.89955139160156,1000,0.0,0.0
2004-01-30 00:00:00+09:00,229.89955139160156,229.89955139160156,229.89955139160156,229.89955139160156,1000,0.0,0.0
2004-02-02 00:00:00+09:00,227.74424743652344,227.74424743652344,227.74424743652344,227.74424743652344,1000,0.0,0.0
2004-02-03 00:00:00+09:00,227.74424743652344,227.74424743652344,227.74424743652344,227.74424743652344,1000,0.0,0.0
2004-02-04 00:00:00+09:00,226.30739076675908,226.30739076675908,222.7152099609375,222.7152099609375,2000,0.0,0.0
2004-02-05 00:00:00+09:00,222.7152099609375,222.7152099609375,222.7152099609375,222.7152099609375,1000,0.0,0.0
2004-02-06 00:00:00+09:00,219.12295532226562,219.12295532226562,219.12295532226562,219.12295532226562,1000,0.0,0.0
2004-02-09 00:00:00+09:00,219.12295532226562,219.12295532226562,219.12295532226562,219.12295532226562,1000,0.0,0.0
2004-02-10 00:00:00+09:00,215.53082275390625,215.53082275390625,215.53082275390625,215.53082275390625,1000,0.0,0.0
2004-02-11 00:00:00+09:00,215.53082275390625,215.53082275390625,215.53082275390625,215.53082275390625,0,0.0,0.0
2004-02-12 00:00:00+09:00,215.53082275390625,215.53082275390625,215.53082275390625,215.53082275390625,1000,0.0,0.0
2004-02-13 00:00:00+09:00,215.53083363145885,217.68614196777344,215.53083363145885,217.68614196777344,2000,0.0,0.0
2004-02-16 00:00:00+09:00,217.68614196777344,217.68614196777344,217.68614196777344,217.68614196777344,1000,0.0,0.0
2004-02-17 00:00:00+09:00,217.68614196777344,217.68614196777344,217.68614196777344,217.68614196777344,1000,0.0,0.0
2004-02-18 00:00:00+09:00,217.68608348408685,219.12295532226562,217.68608348408685,219.12295532226562,2000,0.0,0.0
2004-02-19 00:00:00+09:00,219.12295532226562,219.12295532226562,219.12295532226562,219.12295532226562,3000,0.0,0.0
2004-02-20 00:00:00+09:00,222.71523757207962,226.3074188232422,222.71523757207962,226.3074188232422,3000,0.0,0.0
2004-02-23 00:00:00+09:00,226.3074188232422,226.3074188232422,226.3074188232422,226.3074188232422,1000,0.0,0.0
2004-02-24 00:00:00+09:00,226.30729487492488,233.4916534423828,226.30729487492488,233.4916534423828,4000,0.0,0.0
2004-02-25 00:00:00+09:00,233.4916534423828,233.4916534423828,233.4916534423828,233.4916534423828,2000,0.0,0.0
2004-02-26 00:00:00+09:00,233.4916534423828,233.4916534423828,233.4916534423828,233.4916534423828,2000,0.0,0.0
2004-02-27 00:00:00+09:00,233.4916534423828,233.4916534423828,233.4916534423828,233.4916534423828,1000,0.0,0.0
2004-03-01 00:00:00+09:00,226.3074188232422,226.3074188232422,226.3074188232422,226.3074188232422,1000,0.0,0.0
2004-03-02 00:00:00+09:00,226.3074188232422,226.3074188232422,226.3074188232422,226.3074188232422,1000,0.0,0.0
2004-03-03 00:00:00+09:00,229.89960007440476,229.89960007440476,226.3074188232422,226.3074188232422,4000,0.0,0.0
2004-03-04 00:00:00+09:00,226.3073709011078,229.89955139160156,226.3073709011078,229.89955139160156,3000,0.0,0.0
2004-03-05 00:00:00+09:00,229.89955139160156,229.89955139160156,229.89955139160156,229.89955139160156,1000,0.0,0.0
2004-03-08 00:00:00+09:00,229.89955139160156,229.89955139160156,229.89955139160156,229.89955139160156,1000,0.0,0.0
2004-03-09 00:00:00+09:00,229.89955139160156,229.89955139160156,229.89955139160156,229.89955139160156,1000,0.0,0.0
2004-03-10 00:00:00+09:00,229.89955139160156,229.89955139160156,229.89955139160156,229.89955139160156,1000,0.0,0.0
2004-03-11 00:00:00+09:00,229.89955139160156,229.89955139160156,229.89955139160156,229.89955139160156,1000,0.0,0.0
2004-03-12 00:00:00+09:00,230.6179874897003,235.64704017639158,229.89955139160156,229.89955139160156,4000,0.0,0.0
2004-03-15 00:00:00+09:00,230.61796620996986,235.6470184326172,229.8995301781631,235.6470184326172,4000,0.0,0.0
2004-03-16 00:00:00+09:00,235.64707869344684,240.67613220214844,235.64707869344684,240.67613220214844,5000,0.0,0.0
2004-03-17 00:00:00+09:00,241.39457795516304,247.86050415039062,240.67614171124887,247.86050415039062,8000,0.0,0.0
2004-03-18 00:00:00+09:00,262.2292175292969,262.2292175292969,262.2292175292969,262.2292175292969,3000,0.0,0.0
2004-03-19 00:00:00+09:00,262.2292175292969,265.821398591342,262.2292175292969,262.2292175292969,6000,0.0,0.0
2004-03-22 00:00:00+09:00,262.229229901288,265.8214111328125,261.5107936549831,265.8214111328125,3000,0.0,0.0
2004-03-23 00:00:00+09:00,265.8214111328125,265.8214111328125,265.8214111328125,265.8214111328125,1000,0.0,0.0
2004-03-24 00:00:00+09:00,251.4526118402896,265.82133251687753,251.4526118402896,264.38446044921875,6000,0.0,0.0
2004-03-25 00:00:00+09:00,264.38446044921875,264.38446044921875,264.38446044921875,264.38446044921875,1000,0.0,0.0
2004-03-26 00:00:00+09:00,265.82133251687753,265.82133251687753,264.38446044921875,264.38446044921875,5000,0.0,0.0
2004-03-29 00:00:00+09:00,264.38446044921875,264.38446044921875,264.38446044921875,264.38446044921875,1000,0.0,0.0
2004-03-30 00:00:00+09:00,265.10289648304814,265.10289648304814,264.38446044921875,264.38446044921875,2000,0.0,0.0
2004-03-31 00:00:00+09:00,264.38446044921875,264.38446044921875,264.38446044921875,264.38446044921875,1000,0.0,0.0
2004-04-01 00:00:00+09:00,259.3553771972656,259.3553771972656,259.3553771972656,259.3553771972656,1000,0.0,0.0
2004-04-02 00:00:00+09:00,259.3553771972656,259.3553771972656,259.3553771972656,259.3553771972656,1000,0.0,0.0
2004-04-05 00:00:00+09:00,259.35540821241295,264.38446044921875,259.35540821241295,264.38446044921875,3000,0.0,0.0
2004-04-06 00:00:00+09:00,265.8214111328125,265.8214111328125,265.8214111328125,265.8214111328125,1000,0.0,0.0
2004-04-07 00:00:00+09:00,262.2292175292969,262.2292175292969,262.2292175292969,262.2292175292969,1000,0.0,0.0
2004-04-08 00:00:00+09:00,265.8214111328125,265.8214111328125,262.229229901288,265.8214111328125,5000,0.0,0.0
2004-04-09 00:00:00+09:00,265.1028647805845,265.1028647805845,258.63694124935074,259.3553771972656,3000,0.0,0.0
2004-04-12 00:00:00+09:00,259.3553771972656,259.3553771972656,259.3553771972656,259.3553771972656,1000,0.0,0.0
2004-04-13 00:00:00+09:00,259.3553771972656,259.3553771972656,259.3553771972656,259.3553771972656,4000,0.0,0.0
2004-04-14 00:00:00+09:00,258.6369934082031,258.6369934082031,258.6369934082031,258.6369934082031,1000,0.0,0.0
2004-04-15 00:00:00+09:00,255.04476150977644,259.3553771972656,255.04476150977644,259.3553771972656,5000,0.0,0.0
2004-04-16 00:00:00+09:00,259.3553771972656,259.3553771972656,259.3553771972656,259.3553771972656,1000,0.0,0.0
2004-04-19 00:00:00+09:00,259.3553771972656,259.3553771972656,259.3553771972656,259.3553771972656,1000,0.0,0.0
2004-04-20 00:00:00+09:00,259.35540360670825,261.5107116699219,259.35540360670825,261.5107116699219,2000,0.0,0.0
2004-04-21 00:00:00+09:00,262.229229901288,265.8214111328125,262.229229901288,265.8214111328125,3000,0.0,0.0
2004-04-22 00:00:00+09:00,269.41351318359375,269.41351318359375,265.8213330078125,269.41351318359375,3000,0.0,0.0
2004-04-23 00:00:00+09:00,266.53976904296877,269.41351318359375,265.8213330078125,269.41351318359375,8000,0.0,0.0
2004-04-26 00:00:00+09:00,266.5398473791174,273.0057735958615,265.8214111328125,265.8214111328125,21000,0.0,0.0
2004-04-27 00:00:00+09:00,276.5979381561279,287.3744812011719,273.0057571411133,287.3744812011719,5000,0.0,0.0
2004-04-28 00:00:00+09:00,287.3744866786859,287.3744866786859,280.19012451171875,280.19012451171875,6000,0.0,0.0
2004-04-29 00:00:00+09:00,280.19012451171875,280.19012451171875,280.19012451171875,280.19012451171875,0,0.0,0.0
2004-04-30 00:00:00+09:00,276.597900390625,276.597900390625,276.597900390625,276.597900390625,1000,0.0,0.0
2004-05-03 00:00:00+09:00,276.597900390625,276.597900390625,276.597900390625,276.597900390625,0,0.0,0.0
2004-05-04 00:00:00+09:00,276.597900390625,276.597900390625,276.597900390625,276.597900390625,0,0.0,0.0
2004-05-05 00:00:00+09:00,276.597900390625,276.597900390625,276.597900390625,276.597900390625,0,0.0,0.0
2004-05-06 00:00:00+09:00,273.00579833984375,273.00579833984375,273.00579833984375,273.00579833984375,1000,0.0,0.0
2004-05-07 00:00:00+09:00,273.00579833984375,273.00579833984375,273.00579833984375,273.00579833984375,4000,0.0,0.0
2004-05-10 00:00:00+09:00,273.72412939453125,273.72412939453125,269.41351318359375,269.41351318359375,5000,0.0,0.0
2004-05-11 00:00:00+09:00,265.8213330078125,269.41351318359375,265.8213330078125,269.41351318359375,2000,0.0,0.0
2004-05-12 00:00:00+09:00,269.4135043710311,269.4135043710311,268.695068359375,268.695068359375,2000,0.0,0.0
2004-05-13 00:00:00+09:00,269.4135043710311,269.4135043710311,268.695068359375,268.695068359375,2000,0.0,0.0
2004-05-14 00:00:00+09:00,268.695068359375,269.4135043710311,268.695068359375,268.695068359375,4000,0.0,0.0
2004-05-17 00:00:00+09:00,268.695068359375,268.695068359375,268.695068359375,268.695068359375,1000,0.0,0.0
2004-05-18 00:00:00+09:00,258.6369934082031,258.6369934082031,258.6369934082031,258.6369934082031,1000,0.0,0.0
2004-05-19 00:00:00+09:00,258.6369934082031,258.6369934082031,258.6369934082031,258.6369934082031,1000,0.0,0.0
2004-05-20 00:00:00+09:00,262.22917387220593,262.22917387220593,258.6369934082031,258.6369934082031,4000,0.0,0.0
2004-05-21 00:00:00+09:00,258.6369934082031,258.6369934082031,258.6369934082031,258.6369934082031,3000,0.0,0.0
2004-05-24 00:00:00+09:00,258.6369934082031,258.6369934082031,258.6369934082031,258.6369934082031,1000,0.0,0.0
2004-05-25 00:00:00+09:00,255.76325334821428,258.63699776785717,251.45263671875,251.45263671875,5000,0.0,0.0
2004-05-26 00:00:00+09:00,251.45264961350134,255.04483032226565,251.45264961350134,255.04483032226562,3000,0.0,0.0
2004-05-27 00:00:00+09:00,255.04483032226565,255.04483032226565,255.04483032226565,255.04483032226562,1000,0.0,0.0
2004-05-28 00:00:00+09:00,252.17112731933594,252.17112731933594,252.17112731933594,252.17112731933594,1000,0.0,0.0
2004-05-31 00:00:00+09:00,252.17112731933594,252.17112731933594,252.17112731933594,252.17112731933594,1000,0.0,0.0
2004-06-01 00:00:00+09:00,252.17112731933594,252.17112731933594,252.17112731933594,252.17112731933594,1000,0.0,0.0
2004-06-02 00:00:00+09:00,251.45263671875,251.45263671875,251.45263671875,251.45263671875,1000,0.0,0.0
2004-06-03 00:00:00+09:00,252.17112731933594,252.17112731933594,252.17112731933594,252.17112731933594,1000,0.0,0.0
2004-06-04 00:00:00+09:00,252.17112731933594,252.17112731933594,252.17112731933594,252.17112731933594,1000,0.0,0.0
2004-06-07 00:00:00+09:00,248.5789337158203,248.5789337158203,248.5789337158203,248.5789337158203,1000,0.0,0.0
2004-06-08 00:00:00+09:00,247.86050415039062,247.86050415039062,247.86050415039062,247.86050415039062,2000,0.0,0.0
2004-06-09 00:00:00+09:00,247.86050415039062,247.86050415039062,247.86050415039062,247.86050415039062,1000,0.0,0.0
2004-06-10 00:00:00+09:00,244.26834106445312,244.9867773617015,244.26834106445312,244.26834106445312,7000,0.0,0.0
2004-06-11 00:00:00+09:00,247.86052255069507,247.86052255069507,244.26834106445312,244.26834106445312,4000,0.0,0.0
2004-06-14 00:00:00+09:00,244.98674872325876,245.70518493652344,244.26831250999408,245.70518493652344,6000,0.0,0.0
2004-06-15 00:00:00+09:00,244.98667907714844,244.98667907714844,244.98667907714844,244.98667907714844,1000,0.0,0.0
2004-06-16 00:00:00+09:00,244.98667907714844,244.98667907714844,244.98667907714844,244.98667907714844,1000,0.0,0.0
2004-06-17 00:00:00+09:00,244.98667907714844,244.98667907714844,244.98667907714844,244.98667907714844,5000,0.0,0.0
2004-06-18 00:00:00+09:00,244.26824306812455,245.70511508617233,240.67606302300507,244.98667907714844,10000,0.0,0.0
2004-06-21 00:00:00+09:00,244.98675917473392,247.86050415039062,244.98675917473392,247.86050415039062,4000,0.0,0.0
2004-06-22 00:00:00+09:00,247.86050415039062,250.01581288213313,247.86050415039062,247.86050415039062,6000,0.0,0.0
2004-06-23 00:00:00+09:00,247.86047569956492,249.29734802246094,247.86047569956492,249.29734802246094,3000,0.0,0.0
2004-06-24 00:00:00+09:00,251.45264961350134,255.04483032226565,251.45264961350134,255.04483032226562,4000,0.0,0.0
2004-06-25 00:00:00+09:00,262.22917387220593,262.22917387220593,258.6369934082031,258.6369934082031,3000,0.0,0.0
2004-06-28 00:00:00+09:00,261.51075953082307,265.8213764461663,261.51075953082307,262.9476318359375,7000,0.0,0.0
2004-06-29 00:00:00+09:00,262.9475888671875,278.753181640625,262.9475888671875,269.41351318359375,12000,0.0,0.0
2004-06-30 00:00:00+09:00,269.4134610764524,270.13189697265625,266.5397174916369,270.13189697265625,6000,0.0,0.0
2004-07-01 00:00:00+09:00,269.41351318359375,270.85038525390627,269.41351318359375,269.41351318359375,4000,0.0,0.0
2004-07-02 00:00:00+09:00,267.9766540527344,267.9766540527344,267.9766540527344,267.9766540527344,2000,0.0,0.0
2004-07-05 00:00:00+09:00,269.41352619242735,269.41352619242735,267.9766540527344,267.9766540527344,4000,0.0,0.0
2004-07-06 00:00:00+09:00,267.97668035243584,267.97668035243584,265.1029357910156,265.1029357910156,5000,0.0,0.0
2004-07-07 00:00:00+09:00,263.6660461425781,263.6660461425781,262.229173956515,263.6660461425781,3000,0.0,0.0
2004-07-08 00:00:00+09:00,265.1029357910156,265.1029357910156,265.1029357910156,265.1029357910156,1000,0.0,0.0
2004-07-09 00:00:00+09:00,265.10287177657074,272.2872314453125,265.10287177657074,272.2872314453125,4000,0.0,0.0
2004-07-12 00:00:00+09:00,273.00571986607144,276.597900390625,273.00571986607144,276.597900390625,3000,0.0,0.0
2004-07-13 00:00:00+09:00,276.597900390625,276.597900390625,276.597900390625,276.597900390625,1000,0.0,0.0
2004-07-14 00:00:00+09:00,277.31637435913086,287.3744812011719,276.5979381561279,287.3744812011719,9000,0.0,0.0
2004-07-15 00:00:00+09:00,287.37449363425924,290.9666748046875,287.37449363425924,290.9666748046875,4000,0.0,0.0
2004-07-16 00:00:00+09:00,287.3744812011719,287.3744812011719,287.3744812011719,287.3744812011719,1000,0.0,0.0
2004-07-19 00:00:00+09:00,287.3744812011719,287.3744812011719,287.3744812011719,287.3744812011719,0,0.0,0.0
2004-07-20 00:00:00+09:00,290.96666221618653,290.96666221618653,285.937608795166,287.3744812011719,22000,0.0,0.0
2004-07-21 00:00:00+09:00,287.3744812011719,287.3744812011719,287.3744812011719,287.3744812011719,2000,0.0,0.0
2004-07-22 00:00:00+09:00,287.3744812011719,287.3744812011719,287.3744812011719,287.3744812011719,2000,0.0,0.0
2004-07-23 00:00:00+09:00,283.78226143973217,283.78226143973217,276.597900390625,276.597900390625,4000,0.0,0.0
2004-07-26 00:00:00+09:00,280.19012451171875,280.19012451171875,280.19012451171875,280.19012451171875,1000,0.0,0.0
2004-07-27 00:00:00+09:00,276.597900390625,276.597900390625,276.597900390625,276.597900390625,2000,0.0,0.0
2004-07-28 00:00:00+09:00,276.597900390625,276.597900390625,276.597900390625,276.597900390625,1000,0.0,0.0
2004-07-29 00:00:00+09:00,273.00579833984375,273.00579833984375,273.00579833984375,273.00579833984375,1000,0.0,0.0
2004-07-30 00:00:00+09:00,272.2873620284231,273.00579833984375,272.2873620284231,273.00579833984375,2000,0.0,0.0
2004-08-02 00:00:00+09:00,276.597900390625,276.597900390625,276.597900390625,276.597900390625,1000,0.0,0.0
2004-08-03 00:00:00+09:00,280.19012451171875,280.19012451171875,280.19012451171875,280.19012451171875,1000,0.0,0.0
2004-08-04 00:00:00+09:00,280.19012451171875,280.19012451171875,280.19012451171875,280.19012451171875,5000,0.0,0.0
2004-08-05 00:00:00+09:00,287.3744812011719,287.3744812011719,287.3744812011719,287.3744812011719,1000,0.0,0.0
2004-08-06 00:00:00+09:00,287.3744812011719,287.3744812011719,286.6560449981689,287.3744812011719,3000,0.0,0.0
2004-08-09 00:00:00+09:00,280.19012451171875,280.19012451171875,280.19012451171875,280.19012451171875,1000,0.0,0.0
2004-08-10 00:00:00+09:00,283.7823001861572,287.3744812011719,283.7823001861572,287.3744812011719,2000,0.0,0.0
2004-08-11 00:00:00+09:00,287.37440664556965,288.09284266218356,283.7822265625,283.7822265625,7000,0.0,0.0
2004-08-12 00:00:00+09:00,276.597900390625,276.597900390625,276.597900390625,276.597900390625,1000,0.0,0.0
2004-08-13 00:00:00+09:00,280.19012451171875,280.19012451171875,280.19012451171875,280.19012451171875,1000,0.0,0.0
2004-08-16 00:00:00+09:00,278.7532043457031,278.7532043457031,278.7532043457031,278.7532043457031,1000,0.0,0.0
2004-08-17 00:00:00+09:00,278.03469183089885,278.03469183089885,265.82128159543305,270.13189697265625,9000,0.0,0.0
2004-08-18 00:00:00+09:00,270.13189697265625,270.13189697265625,270.13189697265625,270.13189697265625,2000,0.0,0.0
2004-08-19 00:00:00+09:00,276.597900390625,276.597900390625,276.597900390625,276.597900390625,1000,0.0,0.0
2004-08-20 00:00:00+09:00,276.59784724655754,276.59784724655754,272.2872314453125,272.2872314453125,14000,0.0,0.0
2004-08-23 00:00:00+09:00,271.5688212890625,272.28725732421873,269.41351318359375,269.41351318359375,13000,0.0,0.0
2004-08-24 00:00:00+09:00,269.41351318359375,269.41351318359375,267.97664111328123,269.41351318359375,16000,0.0,0.0
2004-08-25 00:00:00+09:00,269.41363016764325,271.5689392089844,269.41363016764325,271.5689392089844,3000,0.0,0.0
2004-08-26 00:00:00+09:00,271.56880747477214,271.56880747477214,262.10394287109375,262.10394287109375,6000,5.0,0.0
2004-08-27 00:00:00+09:00,262.1040539863782,263.5601876196359,255.55145263671875,255.55145263671875,7000,0.0,0.0
2004-08-30 00:00:00+09:00,256.2795194533476,256.2795194533476,254.82338582008992,255.55145263671875,3000,0.0,0.0
2004-08-31 00:00:00+09:00,255.55140040806364,255.55140040806364,254.8233337402344,254.82333374023438,4000,0.0,0.0
2004-09-01 00:00:00+09:00,251.1830291748047,251.1830291748047,251.1830291748047,251.1830291748047,1000,0.0,0.0
2004-09-02 00:00:00+09:00,248.27073669433594,248.27073669433594,248.27073669433594,248.27073669433594,1000,0.0,0.0
2004-09-03 00:00:00+09:00,250.45496242357336,252.6391626772673,250.45496242357336,251.1830291748047,3000,0.0,0.0
2004-09-06 00:00:00+09:00,254.8233337402344,254.8233337402344,254.8233337402344,254.82333374023438,1000,0.0,0.0
2004-09-07 00:00:00+09:00,248.99880981445312,248.99880981445312,248.99880981445312,248.99880981445312,1000,0.0,0.0
2004-09-08 00:00:00+09:00,248.99880337085892,248.99880337085892,248.27073669433594,248.27073669433594,3000,0.0,0.0
2004-09-09 00:00:00+09:00,248.99880981445312,248.99880981445312,248.99880981445312,248.99880981445312,1000,0.0,0.0
2004-09-10 00:00:00+09:00,251.1830291748047,251.1830291748047,251.1830291748047,251.1830291748047,1000,0.0,0.0
2004-09-13 00:00:00+09:00,253.3672332763672,253.3672332763672,253.3672332763672,253.3672332763672,3000,0.0,0.0
2004-09-14 00:00:00+09:00,254.8233337402344,254.8233337402344,254.8233337402344,254.82333374023438,1000,0.0,0.0
2004-09-15 00:00:00+09:00,254.8233337402344,254.8233337402344,254.8233337402344,254.82333374023438,1000,0.0,0.0
2004-09-16 00:00:00+09:00,252.63913373674666,254.8233337402344,252.63913373674666,254.82333374023438,2000,0.0,0.0
2004-09-17 00:00:00+09:00,250.45496242357336,251.1830291748047,250.45496242357336,251.1830291748047,2000,0.0,0.0
2004-09-20 00:00:00+09:00,251.1830291748047,251.1830291748047,251.1830291748047,251.1830291748047,0,0.0,0.0
2004-09-21 00:00:00+09:00,250.45496242357336,251.1830291748047,250.45496242357336,251.1830291748047,4000,0.0,0.0
2004-09-22 00:00:00+09:00,250.4549102783203,251.18297687796658,250.4549102783203,250.4549102783203,3000,0.0,0.0
2004-09-23 00:00:00+09:00,250.4549102783203,250.4549102783203,250.4549102783203,250.4549102783203,0,0.0,0.0
2004-09-24 00:00:00+09:00,248.99880981445312,248.99880981445312,248.99880981445312,248.99880981445312,1000,0.0,0.0
2004-09-27 00:00:00+09:00,248.27074311908922,248.99880981445312,248.27074311908922,248.99880981445312,2000,0.0,0.0
2004-09-28 00:00:00+09:00,251.1830291748047,251.1830291748047,251.1830291748047,251.1830291748047,1000,0.0,0.0
2004-09-29 00:00:00+09:00,248.27073669433594,248.27073669433594,248.27073669433594,248.27073669433594,1000,0.0,0.0
2004-09-30 00:00:00+09:00,243.90235900878906,243.90235900878906,243.90235900878906,243.90235900878906,1000,0.0,0.0
2004-10-01 00:00:00+09:00,248.27073669433594,248.27073669433594,248.27073669433594,248.27073669433594,1000,0.0,0.0
2004-10-04 00:00:00+09:00,251.18300340042785,251.18300340042785,248.27073669433594,248.27073669433594,2000,0.0,0.0
2004-10-05 00:00:00+09:00,248.99880981445312,248.99880981445312,248.99880981445312,248.99880981445312,1000,0.0,0.0
2004-10-06 00:00:00+09:00,248.99880981445312,248.99880981445312,248.99880981445312,248.99880981445312,1000,0.0,0.0
2004-10-07 00:00:00+09:00,248.27074311908922,249.726876509817,248.27074311908922,248.99880981445312,3000,0.0,0.0
2004-10-08 00:00:00+09:00,251.18300990054482,251.18300990054482,248.99880981445312,248.99880981445312,2000,0.0,0.0
2004-10-11 00:00:00+09:00,248.99880981445312,248.99880981445312,248.99880981445312,248.99880981445312,0,0.0,0.0
2004-10-12 00:00:00+09:00,243.90235900878906,243.90235900878906,243.90235900878906,243.90235900878906,1000,0.0,0.0
2004-10-13 00:00:00+09:00,240.26202144393,241.71815490722656,240.26202144393,241.71815490722656,4000,0.0,0.0
2004-10-14 00:00:00+09:00,243.90235900878906,243.90235900878906,243.90235900878906,243.90235900878906,1000,0.0,0.0
2004-10-15 00:00:00+09:00,241.71815490722656,241.71815490722656,241.71815490722656,241.71815490722656,1000,0.0,0.0
2004-10-18 00:00:00+09:00,236.62169022993606,240.26202392578125,236.62169022993606,240.26202392578125,6000,0.0,0.0
2004-10-19 00:00:00+09:00,243.90235900878906,243.90235900878906,243.90235900878906,243.90235900878906,1000,0.0,0.0
2004-10-20 00:00:00+09:00,243.174293607824,247.54269409179688,243.174293607824,247.54269409179688,5000,0.0,0.0
2004-10-21 00:00:00+09:00,251.1830291748047,251.1830291748047,251.1830291748047,251.1830291748047,1000,0.0,0.0
2004-10-22 00:00:00+09:00,247.54269409179688,247.54269409179688,247.54269409179688,247.54269409179688,1000,0.0,0.0
2004-10-25 00:00:00+09:00,251.1830291748047,251.1830291748047,251.1830291748047,251.1830291748047,1000,0.0,0.0
2004-10-26 00:00:00+09:00,247.54269409179688,247.54269409179688,247.54269409179688,247.54269409179688,1000,0.0,0.0
2004-10-27 00:00:00+09:00,251.1830291748047,251.1830291748047,251.1830291748047,251.1830291748047,1000,0.0,0.0
2004-10-28 00:00:00+09:00,247.54269409179688,247.54269409179688,247.54269409179688,247.54269409179688,1000,0.0,0.0
2004-10-29 00:00:00+09:00,251.1830291748047,251.1830291748047,251.1830291748047,251.1830291748047,1000,0.0,0.0
2004-11-01 00:00:00+09:00,251.1830291748047,251.1830291748047,251.1830291748047,251.1830291748047,2000,0.0,0.0
2004-11-02 00:00:00+09:00,247.54269409179688,247.54269409179688,247.54269409179688,247.54269409179688,1000,0.0,0.0
2004-11-03 00:00:00+09:00,247.54269409179688,247.54269409179688,247.54269409179688,247.54269409179688,0,0.0,0.0
2004-11-04 00:00:00+09:00,251.1830291748047,251.1830291748047,251.1830291748047,251.1830291748047,1000,0.0,0.0
2004-11-05 00:00:00+09:00,247.54269409179688,247.54269409179688,247.54269409179688,247.54269409179688,1000,0.0,0.0
2004-11-08 00:00:00+09:00,254.8233337402344,254.8233337402344,254.8233337402344,254.82333374023438,1000,0.0,0.0
2004-11-09 00:00:00+09:00,254.8233337402344,254.8233337402344,254.8233337402344,254.82333374023438,1000,0.0,0.0
2004-11-10 00:00:00+09:00,254.8233337402344,254.8233337402344,254.8233337402344,254.82333374023438,1000,0.0,0.0
2004-11-11 00:00:00+09:00,252.6391143798828,252.6391143798828,252.6391143798828,252.6391143798828,1000,0.0,0.0
2004-11-12 00:00:00+09:00,251.1830291748047,251.1830291748047,251.1830291748047,251.1830291748047,1000,0.0,0.0
2004-11-15 00:00:00+09:00,249.72689433378332,249.72689433378332,247.54269409179688,247.54269409179688,4000,0.0,0.0
2004-11-16 00:00:00+09:00,247.54269409179688,247.54269409179688,247.54269409179688,247.54269409179688,1000,0.0,0.0
2004-11-17 00:00:00+09:00,249.72680664062497,249.72680664062497,249.72680664062497,249.726806640625,1000,0.0,0.0
2004-11-18 00:00:00+09:00,249.72691711249377,251.91111755371094,249.72691711249377,251.91111755371094,3000,0.0,0.0
2004-11-19 00:00:00+09:00,254.09524536132812,254.09524536132812,254.09524536132812,254.09524536132812,1000,0.0,0.0
2004-11-22 00:00:00+09:00,254.09524536132812,254.09524536132812,254.09524536132812,254.09524536132812,3000,0.0,0.0
2004-11-23 00:00:00+09:00,254.09524536132812,254.09524536132812,254.09524536132812,254.09524536132812,0,0.0,0.0
2004-11-24 00:00:00+09:00,254.09524536132812,254.09524536132812,254.09524536132812,254.09524536132812,1000,0.0,0.0
2004-11-25 00:00:00+09:00,248.27073669433594,248.27073669433594,248.27073669433594,248.27073669433594,1000,0.0,0.0
2004-11-26 00:00:00+09:00,254.8233337402344,254.8233337402344,254.8233337402344,254.82333374023438,1000,0.0,0.0
2004-11-29 00:00:00+09:00,254.82338582008992,255.55145263671875,254.82338582008992,255.55145263671875,2000,0.0,0.0
2004-11-30 00:00:00+09:00,254.82336293096128,254.82336293096128,251.1830291748047,251.1830291748047,2000,0.0,0.0
2004-12-01 00:00:00+09:00,254.8233337402344,254.8233337402344,254.8233337402344,254.82333374023438,1000,0.0,0.0
2004-12-02 00:00:00+09:00,254.8233337402344,254.8233337402344,254.8233337402344,254.82333374023438,3000,0.0,0.0
2004-12-03 00:00:00+09:00,252.63913675347382,252.63913675347382,247.54267001781295,248.27073669433594,3000,0.0,0.0
2004-12-06 00:00:00+09:00,247.54269409179688,247.54269409179688,247.54269409179688,247.54269409179688,1000,0.0,0.0
2004-12-07 00:00:00+09:00,247.54269409179688,247.54269409179688,247.54269409179688,247.54269409179688,1000,0.0,0.0
2004-12-08 00:00:00+09:00,244.63035583496094,244.63035583496094,244.63035583496094,244.63035583496094,1000,0.0,0.0
2004-12-09 00:00:00+09:00,243.90235900878906,243.90235900878906,243.90235900878906,243.90235900878906,1000,0.0,0.0
2004-12-10 00:00:00+09:00,240.26202392578125,243.9023576216264,238.80589044744318,240.26202392578125,4000,0.0,0.0
2004-12-13 00:00:00+09:00,251.1830291748047,251.1830291748047,251.1830291748047,251.1830291748047,1000,0.0,0.0
2004-12-14 00:00:00+09:00,251.1830291748047,251.1830291748047,251.1830291748047,251.1830291748047,2000,0.0,0.0
2004-12-15 00:00:00+09:00,251.1830291748047,251.1830291748047,248.27076216987942,251.1830291748047,4000,0.0,0.0
2004-12-16 00:00:00+09:00,248.99880981445312,248.99880981445312,248.99880981445312,248.99880981445312,1000,0.0,0.0
2004-12-17 00:00:00+09:00,251.1830291748047,251.1830291748047,251.1830291748047,251.1830291748047,2000,0.0,0.0
2004-12-20 00:00:00+09:00,251.18302782844097,251.91109457576977,247.54269409179688,247.54269409179688,18000,0.0,0.0
2004-12-21 00:00:00+09:00,244.6304257520989,245.3584924954087,243.90235900878906,243.90235900878906,4000,0.0,0.0
2004-12-22 00:00:00+09:00,244.63042436079544,244.63042436079544,238.80589044744318,240.26202392578125,7000,0.0,0.0
2004-12-23 00:00:00+09:00,240.26202392578125,240.26202392578125,240.26202392578125,240.26202392578125,0,0.0,0.0
2004-12-24 00:00:00+09:00,240.9900906649503,240.9900906649503,240.26202392578125,240.26202392578125,2000,0.0,0.0
2004-12-27 00:00:00+09:00,243.17427062988278,243.17427062988278,243.17427062988278,243.1742706298828,1000,0.0,0.0
2004-12-28 00:00:00+09:00,243.17427062988278,243.17427062988278,243.17427062988278,243.1742706298828,1000,0.0,0.0
2004-12-29 00:00:00+09:00,240.26202392578125,240.26202392578125,240.26202392578125,240.26202392578125,1000,0.0,0.0
2004-12-30 00:00:00+09:00,247.5426913174716,247.5426913174716,240.26202392578125,240.26202392578125,2000,0.0,0.0
2004-12-31 00:00:00+09:00,240.26202392578125,240.26202392578125,240.26202392578125,240.26202392578125,0,0.0,0.0
2005-01-03 00:00:00+09:00,240.26202392578125,240.26202392578125,240.26202392578125,240.26202392578125,0,0.0,0.0
2005-01-04 00:00:00+09:00,247.54269409179688,247.54269409179688,247.54269409179688,247.54269409179688,2000,0.0,0.0
2005-01-05 00:00:00+09:00,247.54267001781295,248.27073669433594,247.54267001781295,248.27073669433594,5000,0.0,0.0
2005-01-06 00:00:00+09:00,251.18302782844097,251.91109457576977,247.54269409179688,247.54269409179688,6000,0.0,0.0
2005-01-07 00:00:00+09:00,251.91111755371094,251.91111755371094,251.91111755371094,251.91111755371094,1000,0.0,0.0
2005-01-10 00:00:00+09:00,251.91111755371094,251.91111755371094,251.91111755371094,251.91111755371094,0,0.0,0.0
2005-01-11 00:00:00+09:00,253.3672004045759,254.8233337402344,253.3672004045759,254.82333374023438,3000,0.0,0.0
2005-01-12 00:00:00+09:00,254.8233337402344,254.8233337402344,254.8233337402344,254.82333374023438,3000,0.0,0.0
2005-01-13 00:00:00+09:00,254.8233337402344,254.8233337402344,254.8233337402344,254.82333374023438,4000,0.0,0.0
2005-01-14 00:00:00+09:00,254.8233337402344,254.8233337402344,254.8233337402344,254.82333374023438,1000,0.0,0.0
2005-01-17 00:00:00+09:00,257.73558693469414,259.9197868239712,257.73558693469414,258.4636535644531,4000,0.0,0.0
2005-01-18 00:00:00+09:00,260.64788818359375,260.64788818359375,260.64788818359375,260.64788818359375,1000,0.0,0.0
2005-01-19 00:00:00+09:00,262.10394287109375,262.10394287109375,262.10394287109375,262.10394287109375,3000,0.0,0.0
2005-01-20 00:00:00+09:00,267.200439453125,267.200439453125,267.200439453125,267.200439453125,1000,0.0,0.0
2005-01-21 00:00:00+09:00,267.200439453125,267.200439453125,267.200439453125,267.200439453125,3000,0.0,0.0
2005-01-24 00:00:00+09:00,267.92852783203125,269.3846611354662,267.92852783203125,267.92852783203125,4000,0.0,0.0
2005-01-25 00:00:00+09:00,265.7443542480469,265.7443542480469,265.7443542480469,265.7443542480469,1000,0.0,0.0
2005-01-26 00:00:00+09:00,262.1039643158784,262.8320308834225,241.71810042464338,242.4461669921875,10000,0.0,0.0
2005-01-27 00:00:00+09:00,254.09524536132812,254.09524536132812,254.09524536132812,254.09524536132812,1000,0.0,0.0
2005-01-28 00:00:00+09:00,247.54266706194198,254.8233337402344,247.54266706194198,254.82333374023438,2000,0.0,0.0
2005-01-31 00:00:00+09:00,258.4636768541838,258.4636768541838,248.99880981445312,248.99880981445312,2000,0.0,0.0
2005-02-01 00:00:00+09:00,250.45496242357336,251.1830291748047,250.45496242357336,251.1830291748047,2000,0.0,0.0
2005-02-02 00:00:00+09:00,248.99881959680008,265.7443542480469,248.99881959680008,265.7443542480469,5000,0.0,0.0
2005-02-03 00:00:00+09:00,268.6566162109375,268.6566162109375,268.6566162109375,268.6566162109375,1000,0.0,0.0
2005-02-04 00:00:00+09:00,265.7443542480469,265.7443542480469,265.7443542480469,265.7443542480469,1000,0.0,0.0
2005-02-07 00:00:00+09:00,266.4723815917969,266.4723815917969,266.4723815917969,266.4723815917969,1000,0.0,0.0
2005-02-08 00:00:00+09:00,270.8407287597656,270.8407287597656,270.8407287597656,270.8407287597656,1000,0.0,0.0
2005-02-09 00:00:00+09:00,266.4723815917969,266.4723815917969,266.4723815917969,266.4723815917969,1000,0.0,0.0
2005-02-10 00:00:00+09:00,269.38470458984375,269.38470458984375,269.38470458984375,269.38470458984375,1000,0.0,0.0
2005-02-11 00:00:00+09:00,269.38470458984375,269.38470458984375,269.38470458984375,269.38470458984375,0,0.0,0.0
2005-02-14 00:00:00+09:00,266.4723815917969,266.4723815917969,266.4723815917969,266.4723815917969,1000,0.0,0.0
2005-02-15 00:00:00+09:00,269.38470458984375,269.38470458984375,269.38470458984375,269.38470458984375,1000,0.0,0.0
2005-02-16 00:00:00+09:00,262.10394287109375,262.10394287109375,262.10394287109375,262.10394287109375,1000,0.0,0.0
2005-02-17 00:00:00+09:00,269.38470458984375,269.38470458984375,269.38470458984375,269.38470458984375,1000,0.0,0.0
2005-02-18 00:00:00+09:00,262.10394287109375,262.10394287109375,262.10394287109375,262.10394287109375,1000,0.0,0.0
2005-02-21 00:00:00+09:00,262.83208343337253,263.5601501464844,262.83208343337253,263.5601501464844,2000,0.0,0.0
2005-02-22 00:00:00+09:00,270.11273193359375,270.11273193359375,269.3846652707,270.11273193359375,3000,0.0,0.0
2005-02-23 00:00:00+09:00,268.6566162109375,268.6566162109375,268.6566162109375,268.6566162109375,1000,0.0,0.0
2005-02-24 00:00:00+09:00,263.5601501464844,263.5601501464844,263.5601501464844,263.5601501464844,1000,0.0,0.0
2005-02-25 00:00:00+09:00,263.5601501464844,263.5601501464844,263.5601501464844,263.5601501464844,1000,0.0,0.0
2005-02-28 00:00:00+09:00,259.91982145682397,263.56015509067305,259.91982145682397,260.64788818359375,5000,0.0,0.0
2005-03-01 00:00:00+09:00,261.3759549103636,261.3759549103636,260.64788818359375,260.64788818359375,4000,0.0,0.0
2005-03-02 00:00:00+09:00,258.46368700837434,265.7443542480469,258.46368700837434,265.7443542480469,9000,0.0,0.0
2005-03-03 00:00:00+09:00,262.8321036673881,269.38470458984375,262.8321036673881,269.38470458984375,9000,0.0,0.0
2005-03-04 00:00:00+09:00,270.8408405504729,277.3934415315327,270.8408405504729,276.6653747558594,10000,0.0,0.0
2005-03-07 00:00:00+09:00,280.3055977376302,280.3055977376302,273.0249328613281,273.0249328613281,4000,0.0,0.0
2005-03-08 00:00:00+09:00,280.3056335449219,280.3056335449219,280.3056335449219,280.3056335449219,1000,0.0,0.0
2005-03-09 00:00:00+09:00,265.7443542480469,265.7443542480469,265.7443542480469,265.7443542480469,1000,0.0,0.0
2005-03-10 00:00:00+09:00,279.5776062011719,279.5776062011719,279.5776062011719,279.5776062011719,1000,0.0,0.0
2005-03-11 00:00:00+09:00,271.5688781738281,271.5688781738281,271.5688781738281,271.5688781738281,1000,0.0,0.0
2005-03-14 00:00:00+09:00,273.02501156886206,273.02501156886206,271.5688781738281,271.5688781738281,2000,0.0,0.0
2005-03-15 00:00:00+09:00,273.0249328613281,273.0249328613281,273.0249328613281,273.0249328613281,1000,0.0,0.0
2005-03-16 00:00:00+09:00,275.209228515625,275.209228515625,275.209228515625,275.209228515625,1000,0.0,0.0
2005-03-17 00:00:00+09:00,272.2969716664907,273.02503843565245,269.38470458984375,269.38470458984375,6000,0.0,0.0
2005-03-18 00:00:00+09:00,269.38470699912625,276.6653747558594,269.38470699912625,276.6653747558594,9000,0.0,0.0
2005-03-21 00:00:00+09:00,276.6653747558594,276.6653747558594,276.6653747558594,276.6653747558594,0,0.0,0.0
2005-03-22 00:00:00+09:00,276.6653747558594,277.3934415315327,276.6653747558594,276.6653747558594,14000,0.0,0.0
2005-03-23 00:00:00+09:00,272.2969448713451,273.02501156886206,270.84081147631116,271.5688781738281,8000,0.0,0.0
2005-03-24 00:00:00+09:00,270.8408381281672,271.56890489732893,268.656637820682,269.38470458984375,10000,0.0,0.0
2005-03-25 00:00:00+09:00,270.11266228460494,270.8407287597656,269.3845958094443,270.8407287597656,9000,0.0,0.0
2005-03-28 00:00:00+09:00,270.11266228460494,270.8407287597656,270.11266228460494,270.8407287597656,8000,0.0,0.0
2005-03-29 00:00:00+09:00,276.6652652994792,276.6652652994792,273.0249328613281,273.0249328613281,9000,0.0,0.0
2005-03-30 00:00:00+09:00,272.2969716664907,273.02503843565245,269.38470458984375,269.38470458984375,13000,0.0,0.0
2005-03-31 00:00:00+09:00,269.38460042317706,273.0249328613281,269.38460042317706,273.0249328613281,19000,0.0,0.0
2005-04-01 00:00:00+09:00,277.3933628741359,278.1214294433594,276.66529630491243,278.1214294433594,17000,0.0,0.0
2005-04-04 00:00:00+09:00,278.84950038364957,280.3056335449219,278.84950038364957,280.3056335449219,10000,0.0,0.0
2005-04-05 00:00:00+09:00,283.21797814002406,283.946044921875,283.21797814002406,283.946044921875,4000,0.0,0.0
2005-04-06 00:00:00+09:00,283.21797814002406,283.946044921875,280.3057110126202,283.946044921875,12000,0.0,0.0
2005-04-07 00:00:00+09:00,283.946044921875,283.946044921875,283.946044921875,283.946044921875,1000,0.0,0.0
2005-04-08 00:00:00+09:00,283.94592680461665,283.94592680461665,280.3055944096857,281.0336608886719,4000,0.0,0.0
2005-04-11 00:00:00+09:00,280.3056335449219,281.033700125558,279.5775669642857,280.3056335449219,8000,0.0,0.0
2005-04-12 00:00:00+09:00,283.946044921875,283.946044921875,283.946044921875,283.946044921875,1000,0.0,0.0
2005-04-13 00:00:00+09:00,279.5775669642857,280.3056335449219,279.5775669642857,280.3056335449219,2000,0.0,0.0
2005-04-14 00:00:00+09:00,277.3933672223772,280.3056335449219,277.3933672223772,280.3056335449219,4000,0.0,0.0
2005-04-15 00:00:00+09:00,281.03373248760516,305.78799907977765,280.3056658231295,302.875732421875,58000,0.0,0.0
2005-04-18 00:00:00+09:00,304.3318400273238,305.78797323319617,281.033708733366,284.6740417480469,31000,0.0,0.0
2005-04-19 00:00:00+09:00,286.13017052759096,287.5863037109375,284.6740373442445,287.5863037109375,4000,0.0,0.0
2005-04-20 00:00:00+09:00,286.85830313441267,302.87577183734936,286.13023637518825,302.147705078125,13000,0.0,0.0
2005-04-21 00:00:00+09:00,291.22667100694446,294.86700439453125,287.5863376193576,294.86700439453125,6000,0.0,0.0
2005-04-22 00:00:00+09:00,298.50732421875,302.1476574409299,297.05119092987803,298.50732421875,9000,0.0,0.0
2005-04-25 00:00:00+09:00,302.14761819278493,315.9808826401655,300.6914850930607,309.42828369140625,43000,0.0,0.0
2005-04-26 00:00:00+09:00,309.42835853213353,310.15642525809153,305.78802490234375,305.78802490234375,23000,0.0,0.0
2005-04-27 00:00:00+09:00,309.42828369140625,309.42828369140625,306.5160174919577,309.42828369140625,8000,0.0,0.0
2005-04-28 00:00:00+09:00,308.7002171415441,309.42828369140625,308.7002171415441,309.42828369140625,6000,0.0,0.0
2005-04-29 00:00:00+09:00,309.42828369140625,309.42828369140625,309.42828369140625,309.42828369140625,0,0.0,0.0
2005-05-02 00:00:00+09:00,313.06865990985926,315.9809265136719,312.3405932589061,315.9809265136719,11000,0.0,0.0
2005-05-03 00:00:00+09:00,315.9809265136719,315.9809265136719,315.9809265136719,315.9809265136719,0,0.0,0.0
2005-05-04 00:00:00+09:00,315.9809265136719,315.9809265136719,315.9809265136719,315.9809265136719,0,0.0,0.0
2005-05-05 00:00:00+09:00,315.9809265136719,315.9809265136719,315.9809265136719,315.9809265136719,0,0.0,0.0
2005-05-06 00:00:00+09:00,316.7090034484863,337.82293701171875,316.7090034484863,337.82293701171875,12000,0.0,0.0
2005-05-09 00:00:00+09:00,323.9896714952257,329.0861382378472,323.9896714952257,327.6300048828125,13000,0.0,0.0
2005-05-10 00:00:00+09:00,325.4458048502604,328.35807156032985,323.9896714952257,327.6300048828125,8000,0.0,0.0
2005-05-11 00:00:00+09:00,320.349365234375,320.349365234375,320.349365234375,320.349365234375,1000,0.0,0.0
2005-05-12 00:00:00+09:00,320.349365234375,320.349365234375,320.349365234375,320.349365234375,1000,0.0,0.0
2005-05-13 00:00:00+09:00,313.0686340332031,313.0686340332031,313.0686340332031,313.0686340332031,1000,0.0,0.0
2005-05-16 00:00:00+09:00,313.0686340332031,313.0686340332031,313.0686340332031,313.0686340332031,2000,0.0,0.0
2005-05-17 00:00:00+09:00,308.7002171415441,309.42828369140625,308.7002171415441,309.42828369140625,2000,0.0,0.0
2005-05-18 00:00:00+09:00,298.50732421875,298.50732421875,298.50732421875,298.50732421875,2000,0.0,0.0
2005-05-19 00:00:00+09:00,305.78802490234375,305.78802490234375,305.78802490234375,305.78802490234375,1000,0.0,0.0
2005-05-20 00:00:00+09:00,305.78802490234375,305.78802490234375,305.78802490234375,305.78802490234375,3000,0.0,0.0
2005-05-23 00:00:00+09:00,307.97216796875,307.97216796875,307.2441013778073,307.97216796875,12000,0.0,0.0
2005-05-24 00:00:00+09:00,313.0686340332031,313.0686340332031,312.34056744242827,313.0686340332031,6000,0.0,0.0
2005-05-25 00:00:00+09:00,312.34056744242827,313.0686340332031,312.34056744242827,313.0686340332031,15000,0.0,0.0
2005-05-26 00:00:00+09:00,313.0686340332031,313.0686340332031,313.0686340332031,313.0686340332031,2000,0.0,0.0
2005-05-27 00:00:00+09:00,313.0686340332031,313.0686340332031,313.0686340332031,313.0686340332031,1000,0.0,0.0
2005-05-30 00:00:00+09:00,310.1563676701036,313.0686340332031,309.42830107932866,313.0686340332031,4000,0.0,0.0
2005-05-31 00:00:00+09:00,313.0686340332031,313.0686340332031,312.34056744242827,313.0686340332031,13000,0.0,0.0
2005-06-01 00:00:00+09:00,312.34058494211354,313.06865157368026,311.6125183105469,311.6125183105469,6000,0.0,0.0
2005-06-02 00:00:00+09:00,310.88445167898016,311.6125183105469,310.88445167898016,311.6125183105469,2000,0.0,0.0
2005-06-03 00:00:00+09:00,310.88449984984777,310.88449984984777,310.15643310546875,310.15643310546875,4000,0.0,0.0
2005-06-06 00:00:00+09:00,305.78802490234375,305.78802490234375,305.78802490234375,305.78802490234375,1000,0.0,0.0
2005-06-07 00:00:00+09:00,305.05987548828125,305.05987548828125,305.05987548828125,305.05987548828125,1000,0.0,0.0
2005-06-08 00:00:00+09:00,305.78802490234375,305.78802490234375,305.78802490234375,305.78802490234375,1000,0.0,0.0
2005-06-09 00:00:00+09:00,305.78802490234375,305.78802490234375,305.78802490234375,305.78802490234375,1000,0.0,0.0
2005-06-10 00:00:00+09:00,307.2441101074219,307.2441101074219,307.2441101074219,307.2441101074219,1000,0.0,0.0
2005-06-13 00:00:00+09:00,307.2441101074219,307.2441101074219,307.2441101074219,307.2441101074219,1000,0.0,0.0
2005-06-14 00:00:00+09:00,306.5160434957929,307.2441101074219,306.5160434957929,307.2441101074219,3000,0.0,0.0
2005-06-15 00:00:00+09:00,308.7002996167107,310.15643310546875,308.7002996167107,310.15643310546875,3000,0.0,0.0
2005-06-16 00:00:00+09:00,312.3406195054198,320.3493533388921,312.3406195054198,313.7967529296875,8000,0.0,0.0
2005-06-17 00:00:00+09:00,320.349365234375,320.349365234375,320.349365234375,320.349365234375,6000,0.0,0.0
2005-06-20 00:00:00+09:00,320.349365234375,321.07743197354404,320.349365234375,320.349365234375,14000,0.0,0.0
2005-06-21 00:00:00+09:00,321.07733154296875,321.07733154296875,321.07733154296875,321.07733154296875,4000,0.0,0.0
2005-06-22 00:00:00+09:00,321.07733154296875,321.07733154296875,321.07733154296875,321.07733154296875,1000,0.0,0.0
2005-06-23 00:00:00+09:00,321.80548095703125,321.80548095703125,321.80548095703125,321.80548095703125,1000,0.0,0.0
2005-06-24 00:00:00+09:00,316.70894919002757,316.70894919002757,305.7879509420956,309.42828369140625,9000,0.0,0.0
2005-06-27 00:00:00+09:00,305.7879509420956,313.06861644071694,305.7879509420956,309.42828369140625,6000,0.0,0.0
2005-06-28 00:00:00+09:00,309.42836636108973,310.15643310546875,309.42836636108973,310.15643310546875,3000,0.0,0.0
2005-06-29 00:00:00+09:00,313.06868621755365,314.52481964182135,313.06868621755365,313.7967529296875,6000,0.0,0.0
2005-06-30 00:00:00+09:00,315.98091774425285,320.34931752873564,315.98091774425285,316.708984375,5000,0.0,0.0
2005-07-01 00:00:00+09:00,326.90191650390625,326.90191650390625,326.90191650390625,326.90191650390625,1000,0.0,0.0
2005-07-04 00:00:00+09:00,325.4458048502604,327.6300048828125,325.4458048502604,327.6300048828125,3000,0.0,0.0
2005-07-05 00:00:00+09:00,327.6300048828125,327.6300048828125,327.6300048828125,327.6300048828125,2000,0.0,0.0
2005-07-06 00:00:00+09:00,328.35807156032985,328.35807156032985,327.6300048828125,327.6300048828125,2000,0.0,0.0
2005-07-07 00:00:00+09:00,327.630026536083,328.35809326171875,326.9019598104473,328.35809326171875,17000,0.0,0.0
2005-07-08 00:00:00+09:00,327.62998313309095,327.62998313309095,326.90191650390625,326.90191650390625,4000,0.0,0.0
2005-07-11 00:00:00+09:00,326.90190755564487,332.7264404296875,326.90190755564487,332.7264404296875,18000,0.0,0.0
2005-07-12 00:00:00+09:00,335.6387111497962,335.6387111497962,327.62997834578806,334.91064453125,19000,0.0,0.0
2005-07-13 00:00:00+09:00,334.18257791270383,334.91064453125,334.18257791270383,334.91064453125,2000,0.0,0.0
2005-07-14 00:00:00+09:00,336.36680366253034,338.551003686313,336.36680366253034,337.82293701171875,4000,0.0,0.0
2005-07-15 00:00:00+09:00,342.91935074177195,342.91935074177195,342.1912841796875,342.1912841796875,4000,0.0,0.0
2005-07-18 00:00:00+09:00,342.1912841796875,342.1912841796875,342.1912841796875,342.1912841796875,0,0.0,0.0
2005-07-19 00:00:00+09:00,342.1913483937582,349.4720153808594,341.463281695048,349.4720153808594,16000,0.0,0.0
2005-07-20 00:00:00+09:00,348.7439270019531,349.4719936554019,348.7439270019531,348.7439270019531,7000,0.0,0.0
2005-07-21 00:00:00+09:00,353.84041557312014,353.84041557312014,347.28781528472905,349.4720153808594,17000,0.0,0.0
2005-07-22 00:00:00+09:00,353.11231377239744,353.11231377239744,346.5597141353839,347.28778076171875,4000,0.0,0.0
2005-07-25 00:00:00+09:00,352.38428418881426,390.97181944089516,352.38428418881426,389.51568603515625,56000,0.0,0.0
2005-07-26 00:00:00+09:00,379.3227694799484,390.24377052063795,379.3227694799484,388.0595703125,28000,0.0,0.0
2005-07-27 00:00:00+09:00,388.7876471819196,389.51571393694195,382.23504638671875,382.23504638671875,15000,0.0,0.0
2005-07-28 00:00:00+09:00,381.5069523035923,390.2437527380257,381.5069523035923,389.51568603515625,13000,0.0,0.0
2005-07-29 00:00:00+09:00,389.5155858281833,390.24365234375,383.69105370364974,390.24365234375,8000,0.0,0.0
2005-08-01 00:00:00+09:00,389.5156779586705,389.5156779586705,385.14727783203125,385.14727783203125,11000,0.0,0.0
2005-08-02 00:00:00+09:00,385.14727783203125,385.87534451980446,385.14727783203125,385.14727783203125,22500,0.0,0.0
2005-08-03 00:00:00+09:00,385.14727783203125,385.14727783203125,385.14727783203125,385.14727783203125,4500,0.0,0.0
2005-08-04 00:00:00+09:00,381.5068664550781,382.2349329941145,379.3226668379689,381.5068664550781,9000,0.0,0.0
2005-08-05 00:00:00+09:00,378.59462193080356,379.3226885114397,349.4719587053571,356.75262451171875,17000,0.0,0.0
2005-08-08 00:00:00+09:00,357.48061164777306,357.48061164777306,348.74381462175825,353.1122131347656,9000,0.0,0.0
2005-08-09 00:00:00+09:00,353.1122131347656,353.8402795536002,353.1122131347656,353.1122131347656,4500,0.0,0.0
2005-08-10 00:00:00+09:00,364.0333453428398,378.5946791565534,364.0333453428398,374.954345703125,9000,0.0,0.0
2005-08-11 00:00:00+09:00,379.3227458472391,379.3227458472391,374.22627901243936,374.954345703125,7000,0.0,0.0
2005-08-12 00:00:00+09:00,378.5946350097656,378.5946350097656,378.5946350097656,378.5946350097656,500,0.0,0.0
2005-08-15 00:00:00+09:00,374.22620047774967,374.9542670156441,370.5858677882774,371.3139343261719,9500,0.0,0.0
2005-08-16 00:00:00+09:00,380.0508461216518,390.9718474469866,378.5947126116071,382.23504638671875,8500,0.0,0.0
2005-08-17 00:00:00+09:00,382.23500233776167,386.60340236447894,382.23500233776167,385.8753356933594,10000,0.0,0.0
2005-08-18 00:00:00+09:00,389.5156948932548,393.156028490388,388.7876281738281,388.7876281738281,11500,0.0,0.0
2005-08-19 00:00:00+09:00,392.4279338746668,404.07700055740276,389.51566720398284,401.16473388671875,30000,0.0,0.0
2005-08-22 00:00:00+09:00,411.3576099833504,444.12060546875,407.71727715163934,444.12060546875,68500,0.0,0.0
2005-08-23 00:00:00+09:00,429.55927414190575,444.12060546875,429.55927414190575,444.12060546875,4000,0.0,0.0
2005-08-24 00:00:00+09:00,436.8399353027344,436.8399353027344,422.2786041259766,436.8399353027344,18000,0.0,0.0
2005-08-25 00:00:00+09:00,436.8399353027344,436.8399353027344,429.5592697143555,436.8399353027344,27500,0.0,0.0
2005-08-26 00:00:00+09:00,424.46280767026155,425.1908742357337,395.3401450513757,418.6382751464844,10500,0.0,0.0
2005-08-29 00:00:00+09:00,411.3576965332031,411.3576965332031,411.3576965332031,411.3576965332031,1000,0.0,0.0
2005-08-30 00:00:00+09:00,405.53315580063975,405.53315580063975,399.7086221446162,401.892822265625,14000,0.0,0.0
2005-08-31 00:00:00+09:00,400.4367309797631,401.1647977633627,390.97186279296875,390.97186279296875,17500,0.0,0.0
2005-09-01 00:00:00+09:00,392.4279724121094,400.43670654296875,392.4279724121094,400.43670654296875,13500,0.0,0.0
2005-09-02 00:00:00+09:00,400.43661934988836,408.44535173688615,400.43661934988836,407.71728515625,17500,0.0,0.0
2005-09-05 00:00:00+09:00,414.2699054400666,429.5593044106139,414.2699054400666,428.83123779296875,30500,0.0,0.0
2005-09-06 00:00:00+09:00,418.63832323963106,420.0944565378559,414.99798999406903,417.18218994140625,12000,0.0,0.0
2005-09-07 00:00:00+09:00,414.99794231912364,418.6382751464844,414.99794231912364,418.6382751464844,6500,0.0,0.0
2005-09-08 00:00:00+09:00,417.9102085810122,418.6382751464844,417.9102085810122,418.6382751464844,2500,0.0,0.0
2005-09-09 00:00:00+09:00,417.91021728515625,417.91021728515625,417.91021728515625,417.91021728515625,500,0.0,0.0
2005-09-12 00:00:00+09:00,418.6382751464844,420.09440827742867,414.99794231912364,418.6382751464844,10500,0.0,0.0
2005-09-13 00:00:00+09:00,414.9979553222656,416.45408849883495,414.9979553222656,414.9979553222656,5500,0.0,0.0
2005-09-14 00:00:00+09:00,412.0856889691269,415.7260219105503,411.35762238084226,414.9979553222656,2500,0.0,0.0
2005-09-15 00:00:00+09:00,417.9102085810122,419.3663417119565,414.2698757536515,418.6382751464844,6000,0.0,0.0
2005-09-16 00:00:00+09:00,418.63837944572884,420.0945129394531,418.63837944572884,420.0945129394531,9500,0.0,0.0
2005-09-19 00:00:00+09:00,420.0945129394531,420.0945129394531,420.0945129394531,420.0945129394531,0,0.0,0.0
2005-09-20 00:00:00+09:00,420.82248360770086,429.5592825753348,420.82248360770086,428.1031494140625,35500,0.0,0.0
2005-09-21 00:00:00+09:00,431.0154636119309,436.839996903984,431.0154636119309,431.7435302734375,25000,0.0,0.0
2005-09-22 00:00:00+09:00,433.1996154785156,433.9276820591518,431.0154157366071,433.1996154785156,15000,0.0,0.0
2005-09-23 00:00:00+09:00,433.1996154785156,433.1996154785156,433.1996154785156,433.1996154785156,0,0.0,0.0
2005-09-26 00:00:00+09:00,436.83994838169644,437.5680149623326,429.5592825753348,433.1996154785156,11000,0.0,0.0
2005-09-27 00:00:00+09:00,431.7435261354608,433.199659444518,429.55932617187494,429.559326171875,7500,0.0,0.0
2005-09-28 00:00:00+09:00,428.8313088080559,429.5593755462699,423.00677490234375,423.00677490234375,6000,0.0,0.0
2005-09-29 00:00:00+09:00,422.27855433442187,422.27855433442187,411.3575572395661,412.8136901855469,20500,0.0,0.0
2005-09-30 00:00:00+09:00,422.27863823416277,428.83123779296875,422.27863823416277,428.83123779296875,6500,0.0,0.0
2005-10-03 00:00:00+09:00,428.8312723829939,431.0154724121094,428.8312723829939,431.0154724121094,12000,0.0,0.0
2005-10-04 00:00:00+09:00,432.4716491699219,432.4716491699219,432.4716491699219,432.4716491699219,500,0.0,0.0
2005-10-05 00:00:00+09:00,432.4715488978795,433.9276820591518,432.4715488978795,433.1996154785156,8500,0.0,0.0
2005-10-06 00:00:00+09:00,433.1997427641841,433.9278095587458,430.2874755859375,430.2874755859375,10500,0.0,0.0
2005-10-07 00:00:00+09:00,429.55940879137586,430.2874755859375,429.55940879137586,430.2874755859375,2000,0.0,0.0
2005-10-10 00:00:00+09:00,430.2874755859375,430.2874755859375,430.2874755859375,430.2874755859375,0,0.0,0.0
2005-10-11 00:00:00+09:00,430.2874755859375,431.0155423804992,430.2874755859375,430.2874755859375,3500,0.0,0.0
2005-10-12 00:00:00+09:00,430.2874755859375,430.2874755859375,428.8313419968142,430.2874755859375,3500,0.0,0.0
2005-10-13 00:00:00+09:00,430.2874064127604,431.0154730902778,425.1909396701389,425.91900634765625,18000,0.0,0.0
2005-10-14 00:00:00+09:00,427.3751819238117,433.9277826688105,422.2787146777015,432.4716491699219,4000,0.0,0.0
2005-10-17 00:00:00+09:00,479.7959026786135,498.7256348025042,479.0678360584639,481.9801025390625,131500,0.0,0.0
2005-10-18 00:00:00+09:00,484.892408593159,489.98887535014416,481.25207519531244,481.2520751953125,58000,0.0,0.0
2005-10-19 00:00:00+09:00,486.3483280123197,487.0763943716196,473.2431335449219,473.2431335449219,29500,0.0,0.0
2005-10-20 00:00:00+09:00,473.2431335449219,476.8834653414213,473.2431335449219,473.2431335449219,24000,0.0,0.0
2005-10-21 00:00:00+09:00,472.515067185622,473.2431335449219,472.515067185622,473.2431335449219,8000,0.0,0.0
2005-10-24 00:00:00+09:00,473.2431335449219,473.97119990422175,470.3308681077224,473.2431335449219,19000,0.0,0.0
2005-10-25 00:00:00+09:00,473.2432818412781,473.97134842872623,461.5942164421082,465.9626159667969,19500,0.0,0.0
2005-10-26 00:00:00+09:00,461.5942164421082,465.9626159667969,460.1380832672119,465.9626159667969,12000,0.0,0.0
2005-10-27 00:00:00+09:00,465.9626159667969,466.69068255424503,465.9626159667969,465.9626159667969,8000,0.0,0.0
2005-10-28 00:00:00+09:00,465.9626858372457,465.9626858372457,460.13815226428017,465.234619140625,9500,0.0,0.0
2005-10-31 00:00:00+09:00,465.96267677919707,498.7256774902343,465.96267677919707,498.7256774902344,27500,0.0,0.0
2005-11-01 00:00:00+09:00,508.19057332914167,535.12904211593,502.36603953740365,531.4887084960938,35000,0.0,0.0
2005-11-02 00:00:00+09:00,535.129005139108,538.7693385074014,508.9186048873966,511.83087158203125,18000,0.0,0.0
2005-11-03 00:00:00+09:00,511.83087158203125,511.83087158203125,511.83087158203125,511.83087158203125,0,0.0,0.0
2005-11-04 00:00:00+09:00,516.1993393356736,538.7694091796875,511.8309387207031,538.7694091796875,35000,0.0,0.0
2005-11-07 00:00:00+09:00,538.7693081281043,549.6903076171875,538.7693081281043,549.6903076171875,32500,0.0,0.0
2005-11-08 00:00:00+09:00,553.3307710865638,554.7869046946863,552.6027042825025,554.058837890625,10500,0.0,0.0
2005-11-09 00:00:00+09:00,555.514857405323,563.5235906051377,555.514857405323,558.4271240234375,6000,0.0,0.0
2005-11-10 00:00:00+09:00,560.6112802542892,564.2516132429535,556.970947265625,556.970947265625,22000,0.0,0.0
2005-11-11 00:00:00+09:00,556.9709386633547,559.1551384228188,535.8570076552014,542.4096069335938,17500,0.0,0.0
2005-11-14 00:00:00+09:00,542.4095550008842,546.7779541015625,541.6814884841045,546.7779541015625,20500,0.0,0.0
2005-11-15 00:00:00+09:00,546.0498563704951,546.7779228456559,541.6814575195312,541.6814575195312,4000,0.0,0.0
2005-11-16 00:00:00+09:00,527.8482709612165,527.8482709612165,519.1114719935825,519.8395385742188,10500,0.0,0.0
2005-11-17 00:00:00+09:00,519.8395385742188,520.5676051548548,516.9272722516741,519.8395385742188,22500,0.0,0.0
2005-11-18 00:00:00+09:00,527.8482182820638,531.4885508219401,519.839486694336,524.2078857421875,21500,0.0,0.0
2005-11-21 00:00:00+09:00,527.8483748762575,532.9448419440282,527.8483748762575,531.4887084960938,39500,0.0,0.0
2005-11-22 00:00:00+09:00,534.4009753919628,542.4097093556026,531.4887084960938,531.4887084960938,35500,0.0,0.0
2005-11-23 00:00:00+09:00,531.4887084960938,531.4887084960938,531.4887084960938,531.4887084960938,0,0.0,0.0
2005-11-24 00:00:00+09:00,535.1290381430267,538.7693717358364,529.3045043945312,529.3045043945312,23000,0.0,0.0
2005-11-25 00:00:00+09:00,531.4887084960938,532.216775220061,530.7606417721265,531.4887084960938,9000,0.0,0.0
2005-11-28 00:00:00+09:00,534.401008564717,540.9536094871727,534.401008564717,538.7694091796875,16000,0.0,0.0
2005-11-29 00:00:00+09:00,542.4095332845052,549.6901981608073,542.4095332845052,546.0498657226562,15500,0.0,0.0
2005-11-30 00:00:00+09:00,555.514908329133,567.8920425907257,554.7868416078629,564.251708984375,16000,0.0,0.0
2005-12-01 00:00:00+09:00,567.1638022368809,578.8128662109375,565.7076692401239,578.8128662109375,38500,0.0,0.0
2005-12-02 00:00:00+09:00,578.0848951256794,586.0936279296875,578.0848951256794,586.0936279296875,26000,0.0,0.0
2005-12-05 00:00:00+09:00,586.0936370428414,586.8217036727082,579.5410373740394,580.2691040039062,27000,0.0,0.0
2005-12-06 00:00:00+09:00,581.72523726364,582.4533038935069,578.8129707441725,580.2691040039062,7000,0.0,0.0
2005-12-07 00:00:00+09:00,575.9006963506475,578.8129628302968,565.707763671875,565.707763671875,18000,0.0,0.0
2005-12-08 00:00:00+09:00,560.6111902135019,572.26025390625,560.6111902135019,572.26025390625,9500,0.0,0.0
2005-12-09 00:00:00+09:00,580.9971699555911,599.9269023100339,575.1726369234549,590.4620361328125,23500,0.0,0.0
2005-12-12 00:00:00+09:00,589.7340442288306,601.3831117691532,586.0937106224798,586.82177734375,18000,0.0,0.0
2005-12-13 00:00:00+09:00,589.0059421115451,591.1901421440972,584.637542046441,589.7340087890625,12000,0.0,0.0
2005-12-14 00:00:00+09:00,589.7340087890625,590.4620754665798,586.0936754014757,589.7340087890625,7000,0.0,0.0
2005-12-15 00:00:00+09:00,589.7338494453721,590.4619159261689,570.8041209446565,572.26025390625,18000,0.0,0.0
2005-12-16 00:00:00+09:00,569.3480881667477,570.0761547756566,561.33935546875,561.33935546875,13500,0.0,0.0
2005-12-19 00:00:00+09:00,567.1639417860243,591.1901421440972,567.1639417860243,589.7340087890625,18000,0.0,0.0
2005-12-20 00:00:00+09:00,589.7339345750245,604.2952662929264,589.0058679891295,603.5671997070312,13000,0.0,0.0
2005-12-21 00:00:00+09:00,603.5672037523847,626.8653346571812,603.5672037523847,626.1372680664062,20500,0.0,0.0
2005-12-22 00:00:00+09:00,626.1374323918269,626.1374323918269,613.7602971003606,615.2164306640625,22000,0.0,0.0
2005-12-23 00:00:00+09:00,615.2164306640625,615.2164306640625,615.2164306640625,615.2164306640625,0,0.0,0.0
2005-12-26 00:00:00+09:00,614.4881680836397,626.865299431296,614.4881680836397,618.8565673828125,15000,0.0,0.0
2005-12-27 00:00:00+09:00,619.5846687494322,626.1372680664062,614.488202614008,626.1372680664062,16000,0.0,0.0
2005-12-28 00:00:00+09:00,626.1372680664062,626.8653346571812,618.8566021586573,626.1372680664062,4000,0.0,0.0
2005-12-29 00:00:00+09:00,619.5846339326747,625.4091663315717,617.4004342830882,618.8565673828125,8500,0.0,0.0
2005-12-30 00:00:00+09:00,617.4005992334214,622.4970664440746,617.4005992334214,620.3128662109375,4500,0.0,0.0
2006-01-02 00:00:00+09:00,620.3128662109375,620.3128662109375,620.3128662109375,620.3128662109375,0,0.0,0.0
2006-01-03 00:00:00+09:00,620.3128662109375,620.3128662109375,620.3128662109375,620.3128662109375,0,0.0,0.0
2006-01-04 00:00:00+09:00,622.4969767024008,647.9793090820312,622.4969767024008,647.9793090820312,10000,0.0,0.0
2006-01-05 00:00:00+09:00,651.6195896693638,682.9264526367188,651.6195896693638,682.9264526367188,28000,0.0,0.0
2006-01-06 00:00:00+09:00,692.3911643116745,706.2244262695312,691.6630978928399,706.2244262695312,17500,0.0,0.0
2006-01-09 00:00:00+09:00,706.2244262695312,706.2244262695312,706.2244262695312,706.2244262695312,0,0.0,0.0
2006-01-10 00:00:00+09:00,720.7860717773438,822.7154152610085,720.7860717773438,800.8734130859375,67500,0.0,0.0
2006-01-11 00:00:00+09:00,781.9436909585422,782.6717577099002,757.1894214123687,762.285888671875,32000,0.0,0.0
2006-01-12 00:00:00+09:00,757.1894002078202,762.2858673246036,735.3473982787484,738.9877319335938,34500,0.0,0.0
2006-01-13 00:00:00+09:00,731.7070449829101,732.435111694336,713.5053771972656,728.0667114257812,29500,0.0,0.0
2006-01-16 00:00:00+09:00,728.0665654721467,851.8378816024117,728.0665654721467,837.2765502929688,38000,0.0,0.0
2006-01-17 00:00:00+09:00,837.2767500443892,838.0048167835582,800.8734130859375,800.8734130859375,24500,0.0,0.0
2006-01-18 00:00:00+09:00,807.4258041153183,859.1185291759023,712.7771525959392,728.7946166992188,96500,0.0,0.0
2006-01-19 00:00:00+09:00,727.338672429865,832.908349609375,720.7860717773438,800.8734130859375,42500,0.0,0.0
2006-01-20 00:00:00+09:00,829.2678353445871,838.004634312221,800.8732386997767,815.4345703125,32000,0.0,0.0
2006-01-23 00:00:00+09:00,815.4345984825721,816.1626650883602,757.1892700195312,757.1892700195312,16500,0.0,0.0
2006-01-24 00:00:00+09:00,771.7506713867188,773.2068047289579,771.7506713867188,771.7506713867188,5000,0.0,0.0
2006-01-25 00:00:00+09:00,771.7507603236608,772.478827078683,763.7420260184152,764.4700927734375,4000,0.0,0.0
2006-01-26 00:00:00+09:00,763.7419380044038,771.7506713867188,763.7419380044038,771.7506713867188,2500,0.0,0.0
2006-01-27 00:00:00+09:00,778.303305367443,779.0313720703125,764.4700380129235,779.0313720703125,8500,0.0,0.0
2006-01-30 00:00:00+09:00,781.9435382062981,786.3119378610819,779.7593383789062,779.7593383789062,11000,0.0,0.0
2006-01-31 00:00:00+09:00,779.0315406976744,787.0402761627906,779.0315406976744,782.671875,16500,0.0,0.0
2006-02-01 00:00:00+09:00,782.6715395322789,788.4960719194959,779.0312067902684,787.7680053710938,8000,0.0,0.0
2006-02-02 00:00:00+09:00,788.4960719194959,797.2328705003213,787.7680053710938,787.7680053710938,18000,0.0,0.0
2006-02-03 00:00:00+09:00,789.2242784288194,789.9523451063368,770.294544813368,786.31201171875,20000,0.0,0.0
2006-02-06 00:00:00+09:00,781.9436948939732,782.6717616489956,764.4700927734375,764.4700927734375,16000,0.0,0.0
2006-02-07 00:00:00+09:00,769.5665204223284,769.5665204223284,765.1981201171875,765.1981201171875,10000,0.0,0.0
2006-02-08 00:00:00+09:00,765.1981595284598,792.864696219308,764.4700927734375,764.4700927734375,22000,0.0,0.0
2006-02-09 00:00:00+09:00,785.5839057802383,794.320705473809,779.0313060100602,787.0400390625,20500,0.0,0.0
2006-02-10 00:00:00+09:00,778.3032836914061,779.0313503739987,757.9174165788156,778.3032836914062,5500,0.0,0.0
2006-02-13 00:00:00+09:00,772.4786465677402,772.4786465677402,746.2682495117188,746.2682495117188,6000,0.0,0.0
2006-02-14 00:00:00+09:00,735.347227705286,735.347227705286,655.2599058759973,684.382568359375,20000,0.0,0.0
2006-02-15 00:00:00+09:00,698.2159504786674,716.4176175922928,698.2159504786674,702.5843505859375,9000,0.0,0.0
2006-02-16 00:00:00+09:00,721.5139814104352,721.5139814104352,709.8649161202567,713.5052490234375,2500,0.0,0.0
2006-02-17 00:00:00+09:00,717.1455819266183,717.1455819266183,713.5052490234375,713.5052490234375,12000,0.0,0.0
2006-02-20 00:00:00+09:00,712.0493223170231,712.7773891087583,688.7511849814967,691.6634521484375,13000,0.0,0.0
2006-02-21 00:00:00+09:00,680.7423601652447,681.4704268606085,663.996826171875,663.996826171875,11000,0.0,0.0
2006-02-22 00:00:00+09:00,658.9002164972601,663.9966822602223,658.9002164972601,663.2686157226562,10500,0.0,0.0
2006-02-23 00:00:00+09:00,663.9967046210107,684.382568359375,663.9967046210107,684.382568359375,14500,0.0,0.0
2006-02-24 00:00:00+09:00,691.6631973466499,691.6631973466499,666.908935546875,666.908935546875,11000,0.0,0.0
2006-02-27 00:00:00+09:00,670.5493036797707,685.1106349214595,670.5493036797707,684.382568359375,11500,0.0,0.0
2006-02-28 00:00:00+09:00,691.6633712034175,691.6633712034175,680.0143038989388,680.7423706054688,12500,0.0,0.0
2006-03-01 00:00:00+09:00,680.0142217221468,680.0142217221468,669.0932224439539,669.8212890625,4500,0.0,0.0
2006-03-02 00:00:00+09:00,684.3827179939516,684.3827179939516,670.5494502898185,677.10205078125,3500,0.0,0.0
2006-03-03 00:00:00+09:00,676.3739434136285,677.1020100911459,655.260009765625,655.260009765625,7000,0.0,0.0
2006-03-06 00:00:00+09:00,655.2598649364406,655.2598649364406,640.6985346045198,644.3388671875,12500,0.0,0.0
2006-03-07 00:00:00+09:00,637.0583019037356,637.7863685344828,633.41796875,633.41796875,13000,0.0,0.0
2006-03-08 00:00:00+09:00,626.1372328814339,626.1372328814339,617.4004342830882,618.8565673828125,8000,0.0,0.0
2006-03-09 00:00:00+09:00,618.1286698190789,623.2251370614035,618.1286698190789,622.4970703125,14000,0.0,0.0
2006-03-10 00:00:00+09:00,626.865409342448,662.5406765407986,626.1373426649305,655.260009765625,14500,0.0,0.0
2006-03-13 00:00:00+09:00,666.9091871017489,671.277587890625,666.9091871017489,671.277587890625,4500,0.0,0.0
2006-03-14 00:00:00+09:00,670.5493036797707,684.382568359375,670.5493036797707,684.382568359375,7500,0.0,0.0
2006-03-15 00:00:00+09:00,684.3827703186355,695.3037719726562,683.6547035417008,695.3037719726562,10000,0.0,0.0
2006-03-16 00:00:00+09:00,713.5052967361993,726.6104960640071,712.7772301068766,717.1456298828125,13500,0.0,0.0
2006-03-17 00:00:00+09:00,716.4175632534899,717.1456298828125,709.1368969602634,717.1456298828125,14500,0.0,0.0
2006-03-20 00:00:00+09:00,717.1455692091675,737.5314331054688,717.1455692091675,737.5314331054688,20500,0.0,0.0
2006-03-21 00:00:00+09:00,737.5314331054688,737.5314331054688,737.5314331054688,737.5314331054688,0,0.0,0.0
2006-03-22 00:00:00+09:00,728.7948365822816,738.9877713596562,728.0667698124693,738.2597045898438,7000,0.0,0.0
2006-03-23 00:00:00+09:00,738.987712097168,742.6280456542969,728.0667114257812,728.0667114257812,6000,0.0,0.0
2006-03-24 00:00:00+09:00,728.0667114257812,728.0667114257812,728.0667114257812,728.0667114257812,1000,0.0,0.0
2006-03-27 00:00:00+09:00,728.0666293226523,728.794695951975,716.4175632534899,717.1456298828125,5000,0.0,0.0
2006-03-28 00:00:00+09:00,717.1456298828125,717.1456298828125,717.1456298828125,717.1456298828125,0,0.0,0.0
2006-03-29 00:00:00+09:00,720.7858276367188,722.2419606218434,720.7858276367188,720.7858276367188,6000,0.0,0.0
2006-03-30 00:00:00+09:00,724.4262838066244,724.4262838066244,684.382619877615,700.4000854492188,22500,0.0,0.0
2006-03-31 00:00:00+09:00,714.2333156040736,714.2333156040736,712.7771824428013,713.5052490234375,3000,0.0,0.0
2006-04-03 00:00:00+09:00,720.7860386336239,736.075439453125,720.7860386336239,736.075439453125,12500,0.0,0.0
2006-04-04 00:00:00+09:00,735.3472092319541,777.575068772007,734.6191426881602,775.390869140625,33000,0.0,0.0
2006-04-05 00:00:00+09:00,764.4698062185513,779.0311358608094,763.0136732543256,773.2066040039062,18500,0.0,0.0
2006-04-06 00:00:00+09:00,772.478842080606,815.4347814611486,771.7507753114443,808.1541137695312,29500,0.0,0.0
2006-04-07 00:00:00+09:00,965.4163839049257,1019.2933163400423,855.478319071107,859.11865234375,479500,0.0,0.0
2006-04-10 00:00:00+09:00,862.0308789879707,888.2412773355779,862.0308789879707,870.0396118164062,65500,0.0,0.0
2006-04-11 00:00:00+09:00,873.6800130208333,880.960679796007,851.8380126953125,851.8380126953125,37500,0.0,0.0
2006-04-12 00:00:00+09:00,836.5486607374343,837.2767274569621,815.4347258711283,822.7153930664062,25500,0.0,0.0
2006-04-13 00:00:00+09:00,843.8291416931153,873.6798706054688,837.2765426635742,873.6798706054688,96000,0.0,0.0
2006-04-14 00:00:00+09:00,872.9519408352793,873.6800075082028,844.5573405912627,859.8467407226562,44500,0.0,0.0
2006-04-17 00:00:00+09:00,856.9345146011151,858.3906480159003,826.355712890625,826.355712890625,23000,0.0,0.0
2006-04-18 00:00:00+09:00,822.7152189835258,838.732683423913,815.4345533288043,837.2765502929688,19500,0.0,0.0
2006-04-19 00:00:00+09:00,840.9168831203295,841.6449496858016,826.3555518108866,837.2765502929688,21500,0.0,0.0
2006-04-20 00:00:00+09:00,837.2767274569621,837.2767274569621,822.7153930664062,822.7153930664062,7000,0.0,0.0
2006-04-21 00:00:00+09:00,808.1540804776279,808.1540804776279,800.8734130859375,800.8734130859375,15500,0.0,0.0
2006-04-24 00:00:00+09:00,800.1454796511628,800.8735465116279,777.5754069767441,782.671875,19500,0.0,0.0
2006-04-25 00:00:00+09:00,774.6629718530959,783.3997722875292,768.1103715272708,779.0313720703125,13000,0.0,0.0
2006-04-26 00:00:00+09:00,775.3910940987723,776.1191608537946,763.7420260184152,764.4700927734375,8000,0.0,0.0
2006-04-27 00:00:00+09:00,763.7419184953928,764.4699851479146,749.9086520974781,750.63671875,11500,0.0,0.0
2006-04-28 00:00:00+09:00,751.3649650603417,752.0930318869506,748.4526977539062,748.4526977539062,4500,0.0,0.0
2006-05-01 00:00:00+09:00,750.6368293538252,750.6368293538252,741.9000282362249,744.084228515625,14000,0.0,0.0
2006-05-02 00:00:00+09:00,749.9087039555345,814.7066405109156,749.9087039555345,779.0313720703125,20000,0.0,0.0
2006-05-03 00:00:00+09:00,779.0313720703125,779.0313720703125,779.0313720703125,779.0313720703125,0,0.0,0.0
2006-05-04 00:00:00+09:00,779.0313720703125,779.0313720703125,779.0313720703125,779.0313720703125,0,0.0,0.0
2006-05-05 00:00:00+09:00,779.0313720703125,779.0313720703125,779.0313720703125,779.0313720703125,0,0.0,0.0
2006-05-08 00:00:00+09:00,779.0313720703125,779.0313720703125,779.0313720703125,779.0313720703125,5000,0.0,0.0
2006-05-09 00:00:00+09:00,779.0313720703125,792.8646394248321,771.7507050416181,779.0313720703125,17000,0.0,0.0
2006-05-10 00:00:00+09:00,779.0313380979143,779.7594047690338,764.4700046755233,771.7506713867188,9500,0.0,0.0
2006-05-11 00:00:00+09:00,771.7507603236608,771.7507603236608,763.7420260184152,764.4700927734375,13000,0.0,0.0
2006-05-12 00:00:00+09:00,742.6280901227678,771.7507603236608,741.9000233677456,764.4700927734375,9500,0.0,0.0
2006-05-15 00:00:00+09:00,764.4699851479146,765.1980518004365,749.9086520974781,750.63671875,6000,0.0,0.0
2006-05-16 00:00:00+09:00,771.7505389428421,771.7505389428421,736.8033447265625,736.8033447265625,5000,0.0,0.0
2006-05-17 00:00:00+09:00,736.8034232866646,737.5314899104657,728.0666238010521,735.3472900390625,5000,0.0,0.0
2006-05-18 00:00:00+09:00,727.338557177251,735.3472900390625,727.338557177251,735.3472900390625,10500,0.0,0.0
2006-05-19 00:00:00+09:00,731.7069091796875,731.7069091796875,731.7069091796875,731.7069091796875,500,0.0,0.0
2006-05-22 00:00:00+09:00,731.7070122400297,744.0841457804083,731.7070122400297,743.3560791015625,7000,0.0,0.0
2006-05-23 00:00:00+09:00,744.0840454101562,744.8121119907923,706.2245832170759,713.5052490234375,7500,0.0,0.0
2006-05-24 00:00:00+09:00,712.0491158621652,714.2333156040736,705.4965166364398,713.5052490234375,6500,0.0,0.0
2006-05-25 00:00:00+09:00,714.2333374023438,714.2333374023438,714.2333374023438,714.2333374023438,500,0.0,0.0
2006-05-26 00:00:00+09:00,705.4965166364398,714.2333156040736,705.4965166364398,713.5052490234375,1500,0.0,0.0
2006-05-29 00:00:00+09:00,716.4175632534899,720.7859630294258,716.4175632534899,717.1456298828125,2500,0.0,0.0
2006-05-30 00:00:00+09:00,713.5052490234375,717.1455819266183,712.7771824428013,713.5052490234375,5500,0.0,0.0
2006-05-31 00:00:00+09:00,684.3825993827694,684.3825993827694,655.2599355792472,658.9002685546875,6000,0.0,0.0
2006-06-01 00:00:00+09:00,655.260009765625,662.5406765407986,654.5319430881076,655.260009765625,13500,0.0,0.0
2006-06-02 00:00:00+09:00,651.6195323534604,652.3475988700565,581.72514676024,644.3388671875,18500,0.0,0.0
2006-06-05 00:00:00+09:00,650.1634435452578,663.9967083015399,650.1634435452578,655.9879760742188,8500,0.0,0.0
2006-06-06 00:00:00+09:00,655.260009765625,662.5406765407986,651.6196763780382,655.260009765625,7000,0.0,0.0
2006-06-07 00:00:00+09:00,643.6109974254261,644.3390641645951,633.4180630770596,640.69873046875,4500,0.0,0.0
2006-06-08 00:00:00+09:00,629.7775656307444,629.7775656307444,597.0145708869485,618.8565673828125,3000,0.0,0.0
2006-06-09 00:00:00+09:00,597.0147303908084,620.3128662109375,597.0147303908084,620.3128662109375,10000,0.0,0.0
2006-06-12 00:00:00+09:00,626.1372680664062,647.2511991988781,626.1372680664062,626.1372680664062,9000,0.0,0.0
2006-06-13 00:00:00+09:00,627.5934760199652,662.5406765407986,627.5934760199652,655.260009765625,6500,0.0,0.0
2006-06-14 00:00:00+09:00,655.260009765625,655.260009765625,655.260009765625,655.260009765625,8000,0.0,0.0
2006-06-15 00:00:00+09:00,670.5493424699113,673.4616088867188,669.8212758657095,673.4616088867188,6000,0.0,0.0
2006-06-16 00:00:00+09:00,677.1019652700667,717.1456298828125,677.1019652700667,717.1456298828125,6000,0.0,0.0
2006-06-19 00:00:00+09:00,708.4088978449504,720.7860317230225,698.9440307617188,698.9440307617188,6500,0.0,0.0
2006-06-20 00:00:00+09:00,695.3036972681682,699.672097460429,695.3036972681682,698.9440307617188,10000,0.0,0.0
2006-06-21 00:00:00+09:00,697.4878973642985,698.9440307617188,697.4878973642985,698.9440307617188,1000,0.0,0.0
2006-06-22 00:00:00+09:00,698.2156956623511,706.2244262695312,697.4876292435165,706.2244262695312,5000,0.0,0.0
2006-06-23 00:00:00+09:00,698.9438996010639,698.9438996010639,684.382568359375,684.382568359375,1000,0.0,0.0
2006-06-26 00:00:00+09:00,706.2244262695312,706.2244262695312,706.2244262695312,706.2244262695312,500,0.0,0.0
2006-06-27 00:00:00+09:00,691.663343641493,693.1194769965277,688.0230102539062,688.0230102539062,7000,0.0,0.0
2006-06-28 00:00:00+09:00,688.0230102539062,688.0230102539062,688.0230102539062,688.0230102539062,2000,0.0,0.0
2006-06-29 00:00:00+09:00,688.0230102539062,688.0230102539062,685.8388102213542,688.0230102539062,4500,0.0,0.0
2006-06-30 00:00:00+09:00,699.672097460429,703.3124309539795,691.6633637746176,698.9440307617188,7500,0.0,0.0
2006-07-03 00:00:00+09:00,706.9526935293654,713.5052931604306,704.7684936523438,704.7684936523438,10000,0.0,0.0
2006-07-04 00:00:00+09:00,704.0404487350038,705.49658203125,704.0404487350038,705.49658203125,6000,0.0,0.0
2006-07-05 00:00:00+09:00,696.7598306655884,705.49663105011,692.3914304733277,698.9440307617188,10000,0.0,0.0
2006-07-06 00:00:00+09:00,698.9438909216772,698.9438909216772,689.4790257321127,690.2070922851562,3000,0.0,0.0
2006-07-07 00:00:00+09:00,691.663225391243,692.3912919442864,690.2070922851562,690.2070922851562,5000,0.0,0.0
2006-07-10 00:00:00+09:00,688.023031932355,688.7510986328125,684.3826984300674,688.7510986328125,6000,0.0,0.0
2006-07-11 00:00:00+09:00,688.7510986328125,688.7510986328125,688.7510986328125,688.7510986328125,0,0.0,0.0
2006-07-12 00:00:00+09:00,690.2071008560506,690.2071008560506,684.382568359375,684.382568359375,5000,0.0,0.0
2006-07-13 00:00:00+09:00,676.3738361764462,684.382568359375,669.8212371176862,684.382568359375,7000,0.0,0.0
2006-07-14 00:00:00+09:00,738.9875793457031,764.4699096679688,690.9351850237165,713.5052490234375,76500,0.0,0.0
2006-07-17 00:00:00+09:00,713.5052490234375,713.5052490234375,713.5052490234375,713.5052490234375,0,0.0,0.0
2006-07-18 00:00:00+09:00,679.286138521331,680.7422717228773,629.7776096687581,630.5056762695312,10000,0.0,0.0
2006-07-19 00:00:00+09:00,653.0757932920714,653.0757932920714,629.7776601980398,646.523193359375,8000,0.0,0.0
2006-07-20 00:00:00+09:00,647.9791743955133,669.8211690380587,647.2511079074285,651.6195068359375,12000,0.0,0.0
2006-07-21 00:00:00+09:00,650.8916192161663,651.6196859043275,649.4354858398438,649.4354858398438,3000,0.0,0.0
2006-07-24 00:00:00+09:00,640.6985638786765,641.4266304285386,618.8565673828125,618.8565673828125,8500,0.0,0.0
2006-07-25 00:00:00+09:00,647.9793978604404,647.9793978604404,640.69873046875,640.69873046875,4500,0.0,0.0
2006-07-26 00:00:00+09:00,632.6899140148628,633.4179806592988,596.286581793064,597.0146484375,9500,0.0,0.0
2006-07-27 00:00:00+09:00,597.0147152855283,611.5760498046875,593.3743816557385,611.5760498046875,6000,0.0,0.0
2006-07-28 00:00:00+09:00,610.8479031968391,633.41796875,610.8479031968391,633.41796875,7500,0.0,0.0
2006-07-31 00:00:00+09:00,624.6811049566367,655.2599003041643,624.6811049566367,641.4266357421875,7000,0.0,0.0
2006-08-01 00:00:00+09:00,647.9793090820312,647.9793090820312,647.9793090820312,647.9793090820312,2500,0.0,0.0
2006-08-02 00:00:00+09:00,647.2511079074285,651.6195068359375,647.2511079074285,651.6195068359375,4000,0.0,0.0
2006-08-03 00:00:00+09:00,650.8914658368643,653.0756653866525,644.3388671875,644.3388671875,10000,0.0,0.0
2006-08-04 00:00:00+09:00,644.3389933818095,647.2512600185635,643.610926722621,646.523193359375,6000,0.0,0.0
2006-08-07 00:00:00+09:00,646.523193359375,646.523193359375,646.523193359375,646.523193359375,2000,0.0,0.0
2006-08-08 00:00:00+09:00,645.7951523990375,655.2600193451339,639.9706188937474,649.4354858398438,12500,0.0,0.0
2006-08-09 00:00:00+09:00,639.9706637295809,640.69873046875,639.9706637295809,640.69873046875,1000,0.0,0.0
2006-08-10 00:00:00+09:00,642.1547759666871,647.9793090820312,640.6986426878511,647.9793090820312,1500,0.0,0.0
2006-08-11 00:00:00+09:00,647.9793307971205,649.4354641247545,647.9793307971205,648.7073974609375,3500,0.0,0.0
2006-08-14 00:00:00+09:00,647.9793956509106,653.0758628077156,646.5232621775377,650.8916625976562,6500,0.0,0.0
2006-08-15 00:00:00+09:00,652.3477803258488,666.1810479890086,652.3477803258488,664.7249145507812,6500,0.0,0.0
2006-08-16 00:00:00+09:00,674.9178369532294,683.6546374315884,674.1897702466996,680.7423706054688,8000,0.0,0.0
2006-08-17 00:00:00+09:00,679.286102424784,685.1106349214595,679.286102424784,684.382568359375,8500,0.0,0.0
2006-08-18 00:00:00+09:00,685.8388375511781,688.0230376707678,680.7423706054688,680.7423706054688,8500,0.0,0.0
2006-08-21 00:00:00+09:00,688.0231181897616,698.9441200657895,686.5669846062912,691.6634521484375,12500,0.0,0.0
2006-08-22 00:00:00+09:00,691.6630978928399,706.2244262695312,691.6630978928399,706.2244262695312,10000,0.0,0.0
2006-08-23 00:00:00+09:00,710.5928247825387,712.7770240390424,706.2244262695312,706.2244262695312,12500,0.0,0.0
2006-08-24 00:00:00+09:00,706.2246304429727,717.1456298828125,706.2246304429727,717.1456298828125,15500,0.0,0.0
2006-08-25 00:00:00+09:00,706.2244262695312,727.3383524157338,704.0402270130276,706.2244262695312,26000,0.0,0.0
2006-08-28 00:00:00+09:00,701.1124346942725,711.3369910335639,701.1124346942725,707.6853637695312,11000,3.0,0.0
2006-08-29 00:00:00+09:00,704.0335749897204,704.7639002749794,693.8090209960938,693.8090209960938,5000,0.0,0.0
2006-08-30 00:00:00+09:00,685.7755617800012,686.5058871919075,659.483846951375,660.2141723632812,17500,0.0,0.0
2006-08-31 00:00:00+09:00,658.0231805346062,671.8993630320064,658.0231805346062,663.8657836914062,4500,0.0,0.0
2006-09-01 00:00:00+09:00,663.1353577330872,665.3263335846283,663.1353577330872,664.5960083007812,5000,0.0,0.0
2006-09-04 00:00:00+09:00,663.8658237477763,679.9329833984375,663.8658237477763,679.9329833984375,5500,0.0,0.0
2006-09-05 00:00:00+09:00,679.9330072249958,684.3149600105489,679.2026817607369,682.8543090820312,3500,0.0,0.0
2006-09-06 00:00:00+09:00,679.202496442672,680.6631469726562,679.202496442672,680.6631469726562,1000,0.0,0.0
2006-09-07 00:00:00+09:00,679.2026817607369,682.8543090820312,675.5510544394426,682.8543090820312,7500,0.0,0.0
2006-09-08 00:00:00+09:00,682.8540995151182,692.3483276367188,682.8540995151182,692.3483276367188,2000,0.0,0.0
2006-09-11 00:00:00+09:00,691.6180451403167,693.8090209960938,691.6180451403167,693.8090209960938,5500,0.0,0.0
2006-09-12 00:00:00+09:00,679.2026154320001,679.2026154320001,678.4722900390625,678.4722900390625,1500,0.0,0.0
2006-09-13 00:00:00+09:00,679.20263671875,679.20263671875,678.4723113029235,679.20263671875,3500,0.0,0.0
2006-09-14 00:00:00+09:00,681.3936265733506,690.8878571686921,681.3936265733506,690.1575317382812,4000,0.0,0.0
2006-09-15 00:00:00+09:00,690.1575179561493,690.1575179561493,678.4723113029235,679.20263671875,5000,0.0,0.0
2006-09-18 00:00:00+09:00,679.20263671875,679.20263671875,679.20263671875,679.20263671875,0,0.0,0.0
2006-09-19 00:00:00+09:00,677.7419858870968,679.20263671875,677.7419858870968,679.20263671875,1000,0.0,0.0
2006-09-20 00:00:00+09:00,678.4723271220439,678.4723271220439,668.2477710620777,675.551025390625,6000,0.0,0.0
2006-09-21 00:00:00+09:00,664.5959803854772,668.2476066513315,658.7533783601103,659.4837036132812,8500,0.0,0.0
2006-09-22 00:00:00+09:00,660.9444580078125,660.9444580078125,660.9444580078125,660.9444580078125,1000,0.0,0.0
2006-09-25 00:00:00+09:00,657.292724609375,662.4050013563368,639.7649186197916,657.292724609375,7500,0.0,0.0
2006-09-26 00:00:00+09:00,649.989409013228,649.989409013228,642.6861572265625,642.6861572265625,2000,0.0,0.0
2006-09-27 00:00:00+09:00,642.6861675249578,657.2926713323432,635.382915621265,649.2590942382812,3000,0.0,0.0
2006-09-28 00:00:00+09:00,628.8101495508485,636.1134033203125,628.0798241739021,636.1134033203125,2500,0.0,0.0
2006-09-29 00:00:00+09:00,636.113357579185,636.113357579185,632.4617309570312,632.4617309570312,2000,0.0,0.0
2006-10-02 00:00:00+09:00,657.2929475676099,658.0232730649072,649.9896925946364,656.5626220703125,5500,0.0,0.0
2006-10-03 00:00:00+09:00,656.562399359809,658.023049858941,656.562399359809,657.292724609375,4500,0.0,0.0
2006-10-04 00:00:00+09:00,657.2926713323432,673.3598255204672,649.2590942382812,649.2590942382812,4000,0.0,0.0
2006-10-05 00:00:00+09:00,648.5288216145833,658.7533751085069,648.5288216145833,657.292724609375,3500,0.0,0.0
2006-10-06 00:00:00+09:00,657.292724609375,657.292724609375,657.292724609375,657.292724609375,1000,0.0,0.0
2006-10-09 00:00:00+09:00,657.292724609375,657.292724609375,657.292724609375,657.292724609375,0,0.0,0.0
2006-10-10 00:00:00+09:00,657.292724609375,657.292724609375,657.292724609375,657.292724609375,2000,0.0,0.0
2006-10-11 00:00:00+09:00,658.0230807461581,664.5960083007812,642.6862497853708,664.5960083007812,8000,0.0,0.0
2006-10-12 00:00:00+09:00,657.292724609375,658.023049858941,657.292724609375,657.292724609375,2000,0.0,0.0
2006-10-13 00:00:00+09:00,657.2928536438711,678.4722900390625,657.2928536438711,678.4722900390625,13500,0.0,0.0
2006-10-16 00:00:00+09:00,682.854263797883,687.2362162928428,674.0903588079638,679.20263671875,28500,0.0,0.0
2006-10-17 00:00:00+09:00,679.202684746414,679.9330102138832,660.9445480596823,668.247802734375,6000,0.0,0.0
2006-10-18 00:00:00+09:00,659.4838072718836,660.9444580078125,659.4838072718836,660.9444580078125,2000,0.0,0.0
2006-10-19 00:00:00+09:00,657.292724609375,658.023049858941,657.292724609375,657.292724609375,3000,0.0,0.0
2006-10-20 00:00:00+09:00,656.562399359809,657.292724609375,656.562399359809,657.292724609375,7000,0.0,0.0
2006-10-23 00:00:00+09:00,657.2926607998935,657.2926607998935,631.7312795465643,642.6861572265625,5000,0.0,0.0
2006-10-24 00:00:00+09:00,651.4500593705611,651.4500593705611,641.2255068692294,642.6861572265625,6000,0.0,0.0
2006-10-25 00:00:00+09:00,642.6862641242939,646.337890625,641.9559388241526,646.337890625,7000,0.0,0.0
2006-10-26 00:00:00+09:00,645.6074579412287,646.3377831198952,642.6861572265625,642.6861572265625,6500,0.0,0.0
2006-10-27 00:00:00+09:00,641.9559326171875,642.6862579102674,641.9559326171875,641.9559326171875,2500,0.0,0.0
2006-10-30 00:00:00+09:00,645.607666015625,645.607666015625,645.607666015625,645.607666015625,500,0.0,0.0
2006-10-31 00:00:00+09:00,642.6863643594457,645.607666015625,641.9560389454009,645.607666015625,6500,0.0,0.0
2006-11-01 00:00:00+09:00,651.4501226128472,657.292724609375,651.4501226128472,657.292724609375,2000,0.0,0.0
2006-11-02 00:00:00+09:00,657.2928165050035,657.2928165050035,649.9895629882812,649.9895629882812,3500,0.0,0.0
2006-11-03 00:00:00+09:00,649.9895629882812,649.9895629882812,649.9895629882812,649.9895629882812,0,0.0,0.0
2006-11-06 00:00:00+09:00,649.9898260992926,649.9898260992926,648.5291748046875,648.5291748046875,3000,0.0,0.0
2006-11-07 00:00:00+09:00,648.5291748046875,648.5291748046875,648.5291748046875,648.5291748046875,0,0.0,0.0
2006-11-08 00:00:00+09:00,641.9560945202386,642.6864199975086,634.6528397475397,641.2257690429688,7500,0.0,0.0
2006-11-09 00:00:00+09:00,636.1133360757993,636.1133360757993,631.0010589776011,631.7313842773438,3500,0.0,0.0
2006-11-10 00:00:00+09:00,641.2255068692294,642.6861572265625,641.2255068692294,642.6861572265625,2000,0.0,0.0
2006-11-13 00:00:00+09:00,635.383079161235,635.383079161235,621.5068969726562,621.5068969726562,5000,0.0,0.0
2006-11-14 00:00:00+09:00,620.7765983812737,628.079852479877,620.7765983812737,626.6192016601562,4000,0.0,0.0
2006-11-15 00:00:00+09:00,625.8888122915524,625.8888122915524,624.4281616210938,624.4281616210938,1500,0.0,0.0
2006-11-16 00:00:00+09:00,632.461666124132,670.4385791015625,632.461666124132,657.292724609375,9500,0.0,0.0
2006-11-17 00:00:00+09:00,656.562346141974,657.2926713323432,649.2590942382812,649.2590942382812,4500,0.0,0.0
2006-11-20 00:00:00+09:00,646.3380012063419,647.0683266314338,619.3159604779412,620.776611328125,9500,0.0,0.0
2006-11-21 00:00:00+09:00,617.1249703961219,617.1249703961219,598.8668351773017,609.8217163085938,6000,0.0,0.0
2006-11-22 00:00:00+09:00,609.8217163085938,620.7765974398859,609.8217163085938,609.8217163085938,9500,0.0,0.0
2006-11-23 00:00:00+09:00,609.8217163085938,609.8217163085938,609.8217163085938,609.8217163085938,0,0.0,0.0
2006-11-24 00:00:00+09:00,609.8217163085938,609.8217163085938,609.8217163085938,609.8217163085938,0,0.0,0.0
2006-11-27 00:00:00+09:00,613.4733276367188,613.4733276367188,613.4733276367188,613.4733276367188,1000,0.0,0.0
2006-11-28 00:00:00+09:00,613.4733276367188,614.2036530267625,613.4733276367188,613.4733276367188,2000,0.0,0.0
2006-11-29 00:00:00+09:00,605.439763856077,609.8217163085938,601.7881368123129,609.8217163085938,2500,0.0,0.0
2006-11-30 00:00:00+09:00,609.8217508067256,613.4733780570652,604.70947265625,604.70947265625,8000,0.0,0.0
2006-12-01 00:00:00+09:00,609.0914045266544,620.776611328125,609.0914045266544,620.776611328125,4000,0.0,0.0
2006-12-04 00:00:00+09:00,624.428140251642,624.428140251642,623.6978149414062,623.6978149414062,1000,0.0,0.0
2006-12-05 00:00:00+09:00,630.2707427335288,631.7313933540005,623.6978149414062,623.6978149414062,3000,0.0,0.0
2006-12-06 00:00:00+09:00,623.6978362858644,624.4281616210938,616.3945829335709,624.4281616210938,7500,0.0,0.0
2006-12-07 00:00:00+09:00,625.158486956323,625.158486956323,624.4281616210938,624.4281616210938,1000,0.0,0.0
2006-12-08 00:00:00+09:00,623.6978302541133,624.4281555822797,615.6642516442828,620.0462036132812,5000,0.0,0.0
2006-12-11 00:00:00+09:00,633.9225479035688,635.3831989356047,616.3947355191383,617.1250610351562,4000,0.0,0.0
2006-12-12 00:00:00+09:00,617.1250610351562,617.8553865511742,613.4734334550666,617.1250610351562,4500,0.0,0.0
2006-12-13 00:00:00+09:00,613.4734334550666,617.1250610351562,613.4734334550666,617.1250610351562,4500,0.0,0.0
2006-12-14 00:00:00+09:00,632.4617095770864,632.4617095770864,631.7313842773438,631.7313842773438,4000,0.0,0.0
2006-12-15 00:00:00+09:00,630.2706909179688,631.731341418358,629.5403656677742,630.2706909179688,3000,0.0,0.0
2006-12-18 00:00:00+09:00,636.1133364230226,649.9895171257062,636.1133364230226,646.337890625,10500,0.0,0.0
2006-12-19 00:00:00+09:00,646.3378262682025,654.3714037698412,642.6862001310941,644.1468505859375,6000,0.0,0.0
2006-12-20 00:00:00+09:00,643.4165253585157,644.1468505859375,641.9558749036723,644.1468505859375,10000,0.0,0.0
2006-12-21 00:00:00+09:00,644.1468075838957,644.8771327625622,642.6861572265625,642.6861572265625,5000,0.0,0.0
2006-12-22 00:00:00+09:00,642.6862972403953,655.8321533203125,642.6862972403953,655.8321533203125,1000,0.0,0.0
2006-12-25 00:00:00+09:00,655.1018279825394,657.2928039958589,653.641177306993,655.8321533203125,5000,0.0,0.0
2006-12-26 00:00:00+09:00,642.6864336386494,643.4167591314206,634.6528532181663,635.3831787109375,6500,0.0,0.0
2006-12-27 00:00:00+09:00,649.9894721137152,657.292724609375,649.9894721137152,657.292724609375,11500,0.0,0.0
2006-12-28 00:00:00+09:00,663.8658184649494,675.551025390625,663.8658184649494,675.551025390625,9500,0.0,0.0
2006-12-29 00:00:00+09:00,664.596143897804,675.551025390625,664.596143897804,675.551025390625,2000,0.0,0.0
2007-01-04 00:00:00+09:00,675.551025390625,676.2813508234798,675.551025390625,675.551025390625,4000,0.0,0.0
2007-01-05 00:00:00+09:00,674.8205837673611,675.5509090744686,649.2591980185974,650.7198486328125,4000,0.0,0.0
2007-01-09 00:00:00+09:00,652.1804478624132,658.7533751085069,650.7197973632813,657.292724609375,2000,0.0,0.0
2007-01-10 00:00:00+09:00,657.292724609375,657.292724609375,657.292724609375,657.292724609375,0,0.0,0.0
2007-01-11 00:00:00+09:00,663.1355640236085,668.247842600883,663.1355640236085,667.5175170898438,3000,0.0,0.0
2007-01-12 00:00:00+09:00,667.517445629223,675.551025390625,666.7871201963683,675.551025390625,7500,0.0,0.0
2007-01-15 00:00:00+09:00,680.6631958007812,686.5057983398438,679.2025451660156,686.5057983398438,15000,0.0,0.0
2007-01-16 00:00:00+09:00,686.5057983398438,686.5057983398438,685.7754730224609,686.5057983398438,3000,0.0,0.0
2007-01-17 00:00:00+09:00,714.9885165185044,733.9769755884545,704.7639616346851,708.4155883789062,74500,0.0,0.0
2007-01-18 00:00:00+09:00,712.0671844482422,715.7188110351562,704.7639312744141,715.7188110351562,15000,0.0,0.0
2007-01-19 00:00:00+09:00,715.7189195069624,715.7189195069624,703.3033872298008,704.7640380859375,7500,0.0,0.0
2007-01-22 00:00:00+09:00,715.7188110351562,720.1007629394531,712.0671844482422,715.7188110351562,32500,0.0,0.0
2007-01-23 00:00:00+09:00,716.4491363525391,717.1794616699218,712.0671844482422,715.7188110351562,15000,0.0,0.0
2007-01-24 00:00:00+09:00,715.718880586846,723.0221344703853,715.718880586846,722.2918090820312,16000,0.0,0.0
2007-01-25 00:00:00+09:00,723.0220642089844,723.7523895263672,714.9884857177734,715.7188110351562,9500,0.0,0.0
2007-01-26 00:00:00+09:00,718.6400970613896,719.3704223632812,718.6400970613896,719.3704223632812,4000,0.0,0.0
2007-01-29 00:00:00+09:00,718.6401346431655,718.6401346431655,686.5058196794467,687.2361450195312,16500,0.0,0.0
2007-01-30 00:00:00+09:00,710.6065644254389,712.0672151231274,707.6852630300621,708.4155883789062,7000,0.0,0.0
2007-01-31 00:00:00+09:00,700.3819793701172,701.1123046875,700.3819793701172,701.1123046875,2000,0.0,0.0
2007-02-01 00:00:00+09:00,701.1122738486843,701.8425991339433,693.8090209960938,693.8090209960938,15500,0.0,0.0
2007-02-02 00:00:00+09:00,693.8090209960938,695.2696715666118,690.8877198550575,693.8090209960938,13000,0.0,0.0
2007-02-05 00:00:00+09:00,693.8091450352823,695.2697958669355,679.20263671875,679.20263671875,9500,0.0,0.0
2007-02-06 00:00:00+09:00,679.2026817607369,683.5846345462901,679.2026817607369,682.8543090820312,3000,0.0,0.0
2007-02-07 00:00:00+09:00,682.85419343996,682.85419343996,671.8993133312975,672.629638671875,5000,0.0,0.0
2007-02-08 00:00:00+09:00,680.6632875504032,680.6632875504032,679.20263671875,679.20263671875,3000,0.0,0.0
2007-02-09 00:00:00+09:00,679.202684746414,679.202684746414,667.5174772669058,668.247802734375,10500,0.0,0.0
2007-02-13 00:00:00+09:00,668.2476866284101,674.09028935303,668.2476866284101,672.629638671875,3000,0.0,0.0
2007-02-14 00:00:00+09:00,671.8993825604839,679.20263671875,671.8993825604839,679.20263671875,9500,0.0,0.0
2007-02-15 00:00:00+09:00,679.20263671875,683.5845892137097,678.4723113029235,679.20263671875,6500,0.0,0.0
2007-02-16 00:00:00+09:00,686.5057983398438,686.5057983398438,686.5057983398438,686.5057983398438,500,0.0,0.0
2007-02-19 00:00:00+09:00,685.7754730224609,686.5057983398438,685.7754730224609,686.5057983398438,1500,0.0,0.0
2007-02-20 00:00:00+09:00,687.2361236572266,688.6967742919921,685.7754730224609,686.5057983398438,7500,0.0,0.0
2007-02-21 00:00:00+09:00,701.1123869992196,701.8427124023438,701.1123869992196,701.8427124023438,8000,0.0,0.0
2007-02-22 00:00:00+09:00,686.5057983398438,694.5393768310547,686.5057983398438,686.5057983398438,4000,0.0,0.0
2007-02-23 00:00:00+09:00,679.2025451660156,686.5057983398438,678.4722198486328,686.5057983398438,2000,0.0,0.0
2007-02-26 00:00:00+09:00,686.5058908770161,687.2362162928428,675.551009639617,679.20263671875,7000,0.0,0.0
2007-02-27 00:00:00+09:00,679.20263671875,679.20263671875,679.20263671875,679.20263671875,0,0.0,0.0
2007-02-28 00:00:00+09:00,649.2591468641493,658.7533751085069,598.8667046440972,657.292724609375,22000,0.0,0.0
2007-03-01 00:00:00+09:00,657.2926607998935,658.7533111572266,639.0345313332298,642.6861572265625,7500,0.0,0.0
2007-03-02 00:00:00+09:00,643.4164824052291,644.1468075838957,639.0345313332298,642.6861572265625,7500,0.0,0.0
2007-03-05 00:00:00+09:00,642.6863417514535,647.068294081577,628.079833984375,628.079833984375,17000,0.0,0.0
2007-03-06 00:00:00+09:00,627.3494388053714,651.45017393992,627.3494388053714,650.7198486328125,4500,0.0,0.0
2007-03-07 00:00:00+09:00,657.2928282744076,658.7534790039062,656.5625029096582,658.7534790039062,13500,0.0,0.0
2007-03-08 00:00:00+09:00,657.292724609375,657.292724609375,657.292724609375,657.292724609375,1000,0.0,0.0
2007-03-09 00:00:00+09:00,664.5961753970287,668.9781282018442,664.5961753970287,668.247802734375,8000,0.0,0.0
2007-03-12 00:00:00+09:00,671.8992624383224,698.9212979929071,671.8992624383224,693.8090209960938,17500,0.0,0.0
2007-03-13 00:00:00+09:00,693.078726196289,701.1123046875,693.078726196289,701.1123046875,6000,0.0,0.0
2007-03-14 00:00:00+09:00,699.6516540527343,700.3819793701172,686.5057983398438,686.5057983398438,7000,0.0,0.0
2007-03-15 00:00:00+09:00,709.1459137277506,709.1459137277506,708.4155883789062,708.4155883789062,6000,0.0,0.0
2007-03-16 00:00:00+09:00,708.4156973474313,708.4156973474313,696.0001645073216,697.4608154296875,3000,0.0,0.0
2007-03-19 00:00:00+09:00,698.190972707648,698.190972707648,693.0786957108347,693.8090209960938,7000,0.0,0.0
2007-03-20 00:00:00+09:00,693.0786957108347,697.460647422389,693.0786957108347,693.8090209960938,6000,0.0,0.0
2007-03-22 00:00:00+09:00,693.078726196289,693.8090515136719,686.5057983398438,686.5057983398438,4000,0.0,0.0
2007-03-23 00:00:00+09:00,686.5057681435032,694.5393462813528,686.5057681435032,693.8090209960938,5000,0.0,0.0
2007-03-26 00:00:00+09:00,694.5393462813528,694.5393462813528,693.8090209960938,693.8090209960938,1000,0.0,0.0
2007-03-27 00:00:00+09:00,693.8090209960938,694.5393462813528,693.8090209960938,693.8090209960938,6500,0.0,0.0
2007-03-28 00:00:00+09:00,697.4607721144154,697.4607721144154,679.20263671875,679.20263671875,2500,0.0,0.0
2007-03-29 00:00:00+09:00,693.8091450352823,693.8091450352823,679.20263671875,679.20263671875,7500,0.0,0.0
2007-03-30 00:00:00+09:00,679.9329621345767,681.3936129662299,679.20263671875,679.20263671875,9500,0.0,0.0
2007-04-02 00:00:00+09:00,682.1238935486344,714.9885351007634,682.1238935486344,706.9549560546875,11500,0.0,0.0
2007-04-03 00:00:00+09:00,706.9550356657609,706.9550356657609,704.7640593155571,705.494384765625,1500,0.0,0.0
2007-04-04 00:00:00+09:00,693.078657979373,693.8089832248729,682.123779296875,682.123779296875,7000,0.0,0.0
2007-04-05 00:00:00+09:00,675.5508520873763,682.123779296875,675.5508520873763,682.123779296875,2000,0.0,0.0
2007-04-06 00:00:00+09:00,674.8206999577702,678.4723271220439,674.8206999577702,675.551025390625,6000,0.0,0.0
2007-04-09 00:00:00+09:00,675.5508819183746,675.5508819183746,674.820556640625,674.820556640625,3000,0.0,0.0
2007-04-10 00:00:00+09:00,674.8206999577702,675.551025390625,674.8206999577702,675.551025390625,1000,0.0,0.0
2007-04-11 00:00:00+09:00,693.8090209960938,694.5393462813528,693.0786957108347,693.8090209960938,8000,0.0,0.0
2007-04-12 00:00:00+09:00,694.5393462813528,700.3819485634251,692.3483704255757,693.8090209960938,5000,0.0,0.0
2007-04-13 00:00:00+09:00,715.7188332828274,719.37045998325,686.5058196794467,687.2361450195312,53000,0.0,0.0
2007-04-16 00:00:00+09:00,693.0788655816552,693.8091910459141,681.3936581535135,682.8543090820312,10000,0.0,0.0
2007-04-17 00:00:00+09:00,681.3936129662299,682.854263797883,678.4723113029235,679.20263671875,7000,0.0,0.0
2007-04-18 00:00:00+09:00,679.20263671875,679.20263671875,679.20263671875,679.20263671875,1000,0.0,0.0
2007-04-19 00:00:00+09:00,687.2361450195312,687.2361450195312,686.5058196794467,687.2361450195312,2000,0.0,0.0
2007-04-20 00:00:00+09:00,680.6632875504032,687.2362162928428,679.20263671875,679.20263671875,4000,0.0,0.0
2007-04-23 00:00:00+09:00,678.4723113029235,679.20263671875,678.4723113029235,679.20263671875,2000,0.0,0.0
2007-04-24 00:00:00+09:00,679.2025139777214,679.2025139777214,664.5960083007812,664.5960083007812,6000,0.0,0.0
2007-04-25 00:00:00+09:00,665.3263549804688,666.0566802878019,665.3263549804688,665.3263549804688,2000,0.0,0.0
2007-04-26 00:00:00+09:00,657.2927554623111,665.3263335846283,657.2927554623111,664.5960083007812,3000,0.0,0.0
2007-04-27 00:00:00+09:00,657.2928551400062,664.5961090860063,656.5625297454062,663.8657836914062,5000,0.0,0.0
2007-05-01 00:00:00+09:00,658.023049858941,658.7533751085069,647.0681711154514,657.292724609375,12000,0.0,0.0
2007-05-02 00:00:00+09:00,674.8206842237903,679.9329621345767,674.8206842237903,679.20263671875,4000,0.0,0.0
2007-05-07 00:00:00+09:00,681.3936767578125,682.1240022420117,679.9330257894143,681.3936767578125,6000,0.0,0.0
2007-05-08 00:00:00+09:00,682.8541777854742,691.618081671491,682.8541777854742,690.8877563476562,2000,0.0,0.0
2007-05-09 00:00:00+09:00,694.5395165101729,694.5395165101729,682.8543090820312,682.8543090820312,5000,0.0,0.0
2007-05-10 00:00:00+09:00,682.8543090820312,682.8543090820312,682.1239836177724,682.8543090820312,2000,0.0,0.0
2007-05-11 00:00:00+09:00,679.9328217076642,680.6631469726562,679.9328217076642,680.6631469726562,2000,0.0,0.0
2007-05-14 00:00:00+09:00,681.3936129662299,681.3936129662299,679.20263671875,679.20263671875,3000,0.0,0.0
2007-05-15 00:00:00+09:00,672.6296173095703,672.6296173095703,671.8992919921875,671.8992919921875,1000,0.0,0.0
2007-05-16 00:00:00+09:00,671.8992919921875,671.8992919921875,671.8992919921875,671.8992919921875,0,0.0,0.0
2007-05-17 00:00:00+09:00,671.8992919921875,671.8992919921875,671.8992919921875,671.8992919921875,0,0.0,0.0
2007-05-18 00:00:00+09:00,671.1689666748047,671.8992919921875,671.1689666748047,671.8992919921875,2000,0.0,0.0
2007-05-21 00:00:00+09:00,671.8993761272197,671.8993761272197,657.292867950541,658.023193359375,7000,0.0,0.0
2007-05-22 00:00:00+09:00,657.2928282744076,659.4838043686556,657.2928282744076,658.7534790039062,8000,0.0,0.0
2007-05-23 00:00:00+09:00,656.5625058000259,675.5509653671012,649.2592521203816,660.9444580078125,12000,0.0,0.0
2007-05-24 00:00:00+09:00,676.2813110351562,677.011636425043,671.8993586958355,676.2813110351562,4000,0.0,0.0
2007-05-25 00:00:00+09:00,676.2813110351562,676.2813110351562,676.2813110351562,676.2813110351562,0,0.0,0.0
2007-05-28 00:00:00+09:00,679.2025451660156,679.9328704833985,671.8992919921875,671.8992919921875,3500,0.0,0.0
2007-05-29 00:00:00+09:00,660.9444060528305,660.9444060528305,649.2592010839406,652.9108276367188,14500,0.0,0.0
2007-05-30 00:00:00+09:00,650.719857788086,672.6296173095703,650.719857788086,671.8992919921875,13000,0.0,0.0
2007-05-31 00:00:00+09:00,656.562399359809,657.292724609375,656.562399359809,657.292724609375,1000,0.0,0.0
2007-06-01 00:00:00+09:00,658.0232492116577,658.7535746824808,652.9109709158956,653.6412963867188,4500,0.0,0.0
2007-06-04 00:00:00+09:00,655.1017456054688,657.2927213432797,654.3714203595318,655.1017456054688,8000,0.0,0.0
2007-06-05 00:00:00+09:00,657.292867950541,658.023193359375,657.292867950541,658.023193359375,4000,0.0,0.0
2007-06-06 00:00:00+09:00,658.023193359375,658.7535187682089,653.6412409063713,658.023193359375,3000,0.0,0.0
2007-06-07 00:00:00+09:00,658.023193359375,658.023193359375,657.292867950541,658.023193359375,6500,0.0,0.0
2007-06-08 00:00:00+09:00,663.8657836914062,663.8657836914062,663.8657836914062,663.8657836914062,500,0.0,0.0
2007-06-11 00:00:00+09:00,663.8657836914062,663.8657836914062,663.8657836914062,663.8657836914062,500,0.0,0.0
2007-06-12 00:00:00+09:00,663.8657594796703,663.8657594796703,660.2141326398481,660.9444580078125,2500,0.0,0.0
2007-06-13 00:00:00+09:00,660.9444580078125,660.9444580078125,660.9444580078125,660.9444580078125,0,0.0,0.0
2007-06-14 00:00:00+09:00,665.3263641357422,672.6296173095703,664.5960388183594,671.8992919921875,3000,0.0,0.0
2007-06-15 00:00:00+09:00,671.8993586958355,677.011636425043,671.8993586958355,676.2813110351562,4500,0.0,0.0
2007-06-18 00:00:00+09:00,681.393521118164,687.2361236572266,681.393521118164,686.5057983398438,6000,0.0,0.0
2007-06-19 00:00:00+09:00,686.5057681435032,694.5393462813528,686.5057681435032,693.8090209960938,12000,0.0,0.0
2007-06-20 00:00:00+09:00,693.8090515136719,698.1910034179688,685.7754730224609,686.5057983398438,18500,0.0,0.0
2007-06-21 00:00:00+09:00,686.5059364033254,687.2362618675844,682.1239836177724,682.8543090820312,4000,0.0,0.0
2007-06-22 00:00:00+09:00,686.5057983398438,686.5057983398438,686.5057983398438,686.5057983398438,2000,0.0,0.0
2007-06-25 00:00:00+09:00,686.5058908770161,688.696867124496,678.4723113029235,679.20263671875,18000,0.0,0.0
2007-06-26 00:00:00+09:00,679.202657959771,679.9329833984375,679.202657959771,679.9329833984375,6000,0.0,0.0
2007-06-27 00:00:00+09:00,679.20263671875,679.20263671875,679.20263671875,679.20263671875,2000,0.0,0.0
2007-06-28 00:00:00+09:00,679.202657959771,679.9329833984375,679.202657959771,679.9329833984375,10000,0.0,0.0
2007-06-29 00:00:00+09:00,679.9329833984375,679.9329833984375,679.9329833984375,679.9329833984375,0,0.0,0.0
2007-07-02 00:00:00+09:00,682.8543090820312,682.8543090820312,682.8543090820312,682.8543090820312,500,0.0,0.0
2007-07-03 00:00:00+09:00,686.5057983398438,686.5057983398438,686.5057983398438,686.5057983398438,1000,0.0,0.0
2007-07-04 00:00:00+09:00,691.6182295377138,715.7189703769371,691.6182295377138,712.7976684570312,28000,0.0,0.0
2007-07-05 00:00:00+09:00,708.4156730322933,708.4156730322933,694.5394897460938,694.5394897460938,7000,0.0,0.0
2007-07-06 00:00:00+09:00,711.3368897742832,723.7524207046351,701.1123348904639,708.4155883789062,69500,0.0,0.0
2007-07-09 00:00:00+09:00,715.7188110351562,730.3253173828125,708.4155578613281,715.7188110351562,37500,0.0,0.0
2007-07-10 00:00:00+09:00,725.943408725218,726.6737340861085,717.1795043945312,717.1795043945312,12500,0.0,0.0
2007-07-11 00:00:00+09:00,720.8312377929688,721.5615632618573,707.6853793529754,720.8312377929688,8500,0.0,0.0
2007-07-12 00:00:00+09:00,718.6400970613896,720.1007476651729,715.718795853823,719.3704223632812,11000,0.0,0.0
2007-07-13 00:00:00+09:00,715.7189195069624,719.3705466473041,702.5730618017325,704.7640380859375,12500,0.0,0.0
2007-07-17 00:00:00+09:00,706.2246889420742,706.9550143701425,704.7640380859375,704.7640380859375,8500,0.0,0.0
2007-07-18 00:00:00+09:00,704.0337180580588,709.14599609375,704.0337180580588,709.14599609375,13000,0.0,0.0
2007-07-19 00:00:00+09:00,709.14599609375,709.14599609375,709.14599609375,709.14599609375,0,0.0,0.0
2007-07-20 00:00:00+09:00,680.6633064598942,695.2698151822095,680.6633064598942,694.5394897460938,15500,0.0,0.0
2007-07-23 00:00:00+09:00,694.5395165101729,695.2698419744318,682.1239836177724,682.8543090820312,14500,0.0,0.0
2007-07-24 00:00:00+09:00,680.6632139942031,687.236142026336,680.6632139942031,685.045166015625,10000,0.0,0.0
2007-07-25 00:00:00+09:00,685.7755737304688,685.7755737304688,685.7755737304688,685.7755737304688,500,0.0,0.0
2007-07-26 00:00:00+09:00,685.7755737304688,685.7755737304688,685.7755737304688,685.7755737304688,500,0.0,0.0
2007-07-27 00:00:00+09:00,678.4722198486328,686.5057983398438,677.0115692138671,686.5057983398438,13000,0.0,0.0
2007-07-30 00:00:00+09:00,679.2026817607369,683.5846345462901,678.4723562964781,682.8543090820312,6500,0.0,0.0
2007-07-31 00:00:00+09:00,682.1239383820565,682.854263797883,678.4723113029235,679.20263671875,7000,0.0,0.0
2007-08-01 00:00:00+09:00,687.2362300166377,696.7304606119792,679.202650282118,690.1575317382812,2300,0.0,0.0
2007-08-02 00:00:00+09:00,690.8877502441406,693.8090515136719,686.5057983398438,686.5057983398438,3300,0.0,0.0
2007-08-03 00:00:00+09:00,683.5844970703125,686.5057983398438,683.5844970703125,686.5057983398438,1600,0.0,0.0
2007-08-06 00:00:00+09:00,684.3148223876952,686.5057983398438,682.8541717529297,686.5057983398438,1600,0.0,0.0
2007-08-07 00:00:00+09:00,686.5057983398438,686.5057983398438,686.5057983398438,686.5057983398438,200,0.0,0.0
2007-08-08 00:00:00+09:00,693.8090209960938,697.460647422389,693.8090209960938,693.8090209960938,600,0.0,0.0
2007-08-09 00:00:00+09:00,697.4606781005859,699.6516540527343,686.5057983398438,686.5057983398438,4200,0.0,0.0
2007-08-10 00:00:00+09:00,682.8541717529297,686.5057983398438,671.8992919921875,671.8992919921875,8400,0.0,0.0
2007-08-13 00:00:00+09:00,671.8992919921875,671.8992919921875,671.8992919921875,671.8992919921875,0,0.0,0.0
2007-08-14 00:00:00+09:00,685.7755737304688,685.7755737304688,685.7755737304688,685.7755737304688,100,0.0,0.0
2007-08-15 00:00:00+09:00,665.3265008644979,668.247802734375,658.7535716572746,668.247802734375,3500,0.0,0.0
2007-08-16 00:00:00+09:00,668.2477360590063,668.2477360590063,642.6863472480061,663.8657836914062,7900,0.0,0.0
2007-08-17 00:00:00+09:00,644.877410116963,659.4839199723868,635.3831787109375,635.3831787109375,8400,0.0,0.0
2007-08-20 00:00:00+09:00,657.292894539854,663.135498046875,657.292894539854,663.135498046875,3100,0.0,0.0
2007-08-21 00:00:00+09:00,663.1354712212125,664.5961220388804,658.023193359375,658.023193359375,2000,0.0,0.0
2007-08-22 00:00:00+09:00,658.0231536391569,674.0903116636424,658.0231536391569,658.7534790039062,600,0.0,0.0
2007-08-23 00:00:00+09:00,658.7535716572746,668.247802734375,658.7535716572746,668.247802734375,1100,0.0,0.0
2007-08-24 00:00:00+09:00,672.6297555391906,672.6297555391906,668.247802734375,668.247802734375,1300,0.0,0.0
2007-08-27 00:00:00+09:00,660.9445013230848,679.20263671875,660.9445013230848,679.20263671875,2900,0.0,0.0
2007-08-28 00:00:00+09:00,686.5853271484375,686.5853271484375,686.5853271484375,686.5853271484375,0,10.0,0.0
2007-08-29 00:00:00+09:00,643.0276175852572,657.0546264648438,642.2893539600158,657.0546264648438,2000,0.0,0.0
2007-08-30 00:00:00+09:00,664.437255859375,664.437255859375,664.437255859375,664.437255859375,900,0.0,0.0
2007-08-31 00:00:00+09:00,649.672119140625,649.672119140625,649.672119140625,649.672119140625,100,0.0,0.0
2007-09-03 00:00:00+09:00,649.672119140625,657.0547568581321,649.672119140625,649.672119140625,2300,0.0,0.0
2007-09-04 00:00:00+09:00,657.0546264648438,657.0546264648438,657.0546264648438,657.0546264648438,100,0.0,0.0
2007-09-05 00:00:00+09:00,649.672119140625,657.0547568581321,649.672119140625,649.672119140625,1700,0.0,0.0
2007-09-06 00:00:00+09:00,649.6720658225574,649.6720658225574,634.9067915993174,642.2894287109375,1800,0.0,0.0
2007-09-07 00:00:00+09:00,649.672119140625,649.672119140625,649.672119140625,649.672119140625,200,0.0,0.0
2007-09-10 00:00:00+09:00,634.9067528134301,634.9067528134301,620.1414794921875,620.1414794921875,3400,0.0,0.0
2007-09-11 00:00:00+09:00,620.8797431582497,620.8797431582497,620.1414794921875,620.1414794921875,1500,0.0,0.0
2007-09-12 00:00:00+09:00,620.1415569026296,620.1415569026296,605.3762817382812,605.3762817382812,900,0.0,0.0
2007-09-13 00:00:00+09:00,605.3762282383294,605.3762282383294,597.9935913085938,597.9935913085938,1400,0.0,0.0
2007-09-14 00:00:00+09:00,597.9934415639557,616.450029266547,594.3021240234375,594.3021240234375,1500,0.0,0.0
2007-09-18 00:00:00+09:00,594.3021240234375,594.3021240234375,594.3021240234375,594.3021240234375,300,0.0,0.0
2007-09-19 00:00:00+09:00,619.4032931444121,619.4032931444121,605.3762817382812,605.3762817382812,1100,0.0,0.0
2007-09-20 00:00:00+09:00,612.7590073094223,612.7590073094223,609.0676879882812,609.0676879882812,200,0.0,0.0
2007-09-21 00:00:00+09:00,609.0676005293684,609.0676005293684,605.3762817382812,605.3762817382812,800,0.0,0.0
2007-09-25 00:00:00+09:00,612.7588428315662,620.1414794921875,612.7588428315662,620.1414794921875,1700,0.0,0.0
2007-09-26 00:00:00+09:00,620.1414794921875,620.1414794921875,620.1414794921875,620.1414794921875,100,0.0,0.0
2007-09-27 00:00:00+09:00,627.5241621150527,641.5511727976245,627.5241621150527,634.9067993164062,1900,0.0,0.0
2007-09-28 00:00:00+09:00,648.1955462788427,648.1955462788427,634.9067993164062,634.9067993164062,1200,0.0,0.0
2007-10-01 00:00:00+09:00,642.2894287109375,642.2894287109375,642.2894287109375,642.2894287109375,2700,0.0,0.0
2007-10-02 00:00:00+09:00,649.6720405378982,649.6720405378982,626.0476027001564,648.9337768554688,1500,0.0,0.0
2007-10-03 00:00:00+09:00,629.7389193319862,638.5980834960938,629.7389193319862,638.5980834960938,700,0.0,0.0
2007-10-04 00:00:00+09:00,637.8598198157515,663.6990486277322,637.8598198157515,638.5980834960938,3900,0.0,0.0
2007-10-05 00:00:00+09:00,638.5980358338088,664.4372627172577,638.5980358338088,657.0546264648438,900,0.0,0.0
2007-10-09 00:00:00+09:00,657.0546264648438,657.0546264648438,657.0546264648438,657.0546264648438,0,0.0,0.0
2007-10-10 00:00:00+09:00,671.8198852539062,671.8198852539062,671.8198852539062,671.8198852539062,200,0.0,0.0
2007-10-11 00:00:00+09:00,664.437255859375,664.437255859375,657.0546196831598,664.437255859375,800,0.0,0.0
2007-10-12 00:00:00+09:00,664.4372351694915,664.4372351694915,642.2893273305085,653.36328125,8500,0.0,0.0
2007-10-15 00:00:00+09:00,648.9337265871884,660.7459445910507,648.9337265871884,657.0546264648438,1100,0.0,0.0
2007-10-16 00:00:00+09:00,657.0545961224527,657.0545961224527,643.027587890625,643.027587890625,800,0.0,0.0
2007-10-17 00:00:00+09:00,634.9067993164062,634.9067993164062,606.8527779512627,634.9067993164062,3700,0.0,0.0
2007-10-18 00:00:00+09:00,634.9067251239708,634.9067251239708,614.9736070096136,616.4501342773438,2700,0.0,0.0
2007-10-19 00:00:00+09:00,631.2154616858127,631.2154616858127,614.2353966346154,623.8328247070312,1000,0.0,0.0
2007-10-22 00:00:00+09:00,616.4503266305634,616.4503266305634,606.8528963955965,609.0676879882812,3600,0.0,0.0
2007-10-23 00:00:00+09:00,620.1414794921875,620.1414794921875,620.1414794921875,620.1414794921875,300,0.0,0.0
2007-10-24 00:00:00+09:00,620.1415486163404,620.1415486163404,597.9936361657568,612.7589111328125,2300,0.0,0.0
2007-10-25 00:00:00+09:00,600.946724963394,604.6380439128005,598.73193359375,598.73193359375,1000,0.0,0.0
2007-10-26 00:00:00+09:00,605.3762817382812,605.3762817382812,605.3762817382812,605.3762817382812,2300,0.0,0.0
2007-10-29 00:00:00+09:00,610.5441284179688,610.5441284179688,610.5441284179688,610.5441284179688,100,0.0,0.0
2007-10-30 00:00:00+09:00,609.8058375071894,609.8058375071894,597.9936178944594,601.6849365234375,2200,0.0,0.0
2007-10-31 00:00:00+09:00,596.5171166396723,605.3762817382812,596.5171166396723,605.3762817382812,600,0.0,0.0
2007-11-01 00:00:00+09:00,598.7318127172791,605.3761854847952,598.7318127172791,603.899658203125,4400,0.0,0.0
2007-11-02 00:00:00+09:00,603.1614908312944,610.5441284179688,602.4232270726269,610.5441284179688,1700,0.0,0.0
2007-11-05 00:00:00+09:00,605.3762821072967,623.8328760739826,605.3762821072967,610.5441284179688,2000,0.0,0.0
2007-11-06 00:00:00+09:00,617.9266357421875,617.9266357421875,617.9266357421875,617.9266357421875,400,0.0,0.0
2007-11-07 00:00:00+09:00,620.1414459228516,620.1414459228516,590.6109008789062,590.6109008789062,2500,0.0,0.0
2007-11-08 00:00:00+09:00,590.6108704785531,597.993506359535,553.6976910736436,576.5838623046875,5300,0.0,0.0
2007-11-09 00:00:00+09:00,576.583993316456,579.5370483398438,572.1544107813744,579.5370483398438,1300,0.0,0.0
2007-11-12 00:00:00+09:00,557.3890462834785,557.3890462834785,554.4359917336322,555.1742553710938,2700,0.0,0.0
2007-11-13 00:00:00+09:00,552.2212193539268,561.0803833007812,538.9324734336452,561.0803833007812,2000,0.0,0.0
2007-11-14 00:00:00+09:00,565.5099100025777,581.751708984375,565.5099100025777,581.751708984375,400,0.0,0.0
2007-11-15 00:00:00+09:00,585.4430541992188,585.4430541992188,585.4430541992188,585.4430541992188,100,0.0,0.0
2007-11-16 00:00:00+09:00,575.1074302909301,575.1074302909301,572.8926391601562,572.8926391601562,200,0.0,0.0
2007-11-19 00:00:00+09:00,546.3150634765625,546.3150634765625,546.3150634765625,546.3150634765625,200,0.0,0.0
2007-11-20 00:00:00+09:00,545.5768484689139,545.5768484689139,518.9993565272617,527.8585205078125,2300,0.0,0.0
2007-11-21 00:00:00+09:00,564.771787760644,564.771787760644,528.5968627929688,528.5968627929688,5300,0.0,0.0
2007-11-22 00:00:00+09:00,550.7446899414062,550.7446899414062,550.7446899414062,550.7446899414062,1800,0.0,0.0
2007-11-26 00:00:00+09:00,550.7446899414062,550.7446899414062,550.7446899414062,550.7446899414062,200,0.0,0.0
2007-11-27 00:00:00+09:00,542.6238403320312,542.6238403320312,542.6238403320312,542.6238403320312,500,0.0,0.0
2007-11-28 00:00:00+09:00,543.3619427083333,553.6976318359375,542.6236791992188,553.6976318359375,12700,0.0,0.0
2007-11-29 00:00:00+09:00,553.6976318359375,553.6976318359375,553.6976318359375,553.6976318359375,0,0.0,0.0
2007-11-30 00:00:00+09:00,553.6977456385396,555.9125366210938,533.7646267955522,555.9125366210938,900,0.0,0.0
2007-12-03 00:00:00+09:00,548.530029296875,548.530029296875,548.530029296875,548.530029296875,400,0.0,0.0
2007-12-04 00:00:00+09:00,553.6976318359375,553.6976318359375,553.6976318359375,553.6976318359375,300,0.0,0.0
2007-12-05 00:00:00+09:00,546.3150634765625,546.3150634765625,546.3150634765625,546.3150634765625,2300,0.0,0.0
2007-12-06 00:00:00+09:00,546.3150634765625,547.7915906751479,546.3150634765625,546.3150634765625,800,0.0,0.0
2007-12-07 00:00:00+09:00,546.3151511377937,550.0064697265625,535.241195371487,550.0064697265625,1800,0.0,0.0
2007-12-10 00:00:00+09:00,540.4092061081978,540.4092061081978,538.9326782226562,538.9326782226562,1200,0.0,0.0
2007-12-11 00:00:00+09:00,538.9326782226562,538.9326782226562,538.9326782226562,538.9326782226562,600,0.0,0.0
2007-12-12 00:00:00+09:00,538.932427483636,546.3150634765625,538.932427483636,546.3150634765625,500,0.0,0.0
2007-12-13 00:00:00+09:00,534.5028711334477,544.8385620117188,534.5028711334477,544.8385620117188,8200,0.0,0.0
2007-12-14 00:00:00+09:00,546.3151589737457,548.5299501587745,542.6238403320312,542.6238403320312,2600,0.0,0.0
2007-12-17 00:00:00+09:00,549.2682046746751,549.2682046746751,539.6707763671875,539.6707763671875,700,0.0,0.0
2007-12-18 00:00:00+09:00,538.9326782226562,538.9326782226562,538.9326782226562,538.9326782226562,700,0.0,0.0
2007-12-19 00:00:00+09:00,538.9326782226562,538.9326782226562,538.1944142798856,538.9326782226562,500,0.0,0.0
2007-12-20 00:00:00+09:00,538.9326782226562,538.9326782226562,538.9326782226562,538.9326782226562,900,0.0,0.0
2007-12-21 00:00:00+09:00,542.6236343383789,542.6236343383789,521.2139943440756,531.5496826171875,3100,0.0,0.0
2007-12-25 00:00:00+09:00,546.3152294105806,546.3152294105806,516.7846764694681,530.0734252929688,2800,0.0,0.0
2007-12-26 00:00:00+09:00,590.6108460245254,590.6108460245254,581.0134197766267,583.2282104492188,11400,0.0,0.0
2007-12-27 00:00:00+09:00,612.7587117260288,612.7587117260288,594.3021240234375,594.3021240234375,4600,0.0,0.0
2007-12-28 00:00:00+09:00,591.3492180718316,597.9935913085938,591.3492180718316,597.9935913085938,2600,0.0,0.0
2008-01-04 00:00:00+09:00,596.5170639226466,597.9935913085938,593.5640091507523,597.9935913085938,2400,0.0,0.0
2008-01-07 00:00:00+09:00,597.9934815998319,597.9934815998319,583.2282104492188,583.2282104492188,3100,0.0,0.0
2008-01-08 00:00:00+09:00,583.2281770526238,590.6108122051886,583.2281770526238,586.9194946289062,600,0.0,0.0
2008-01-09 00:00:00+09:00,583.9664740067494,583.9664740067494,572.1542570862589,583.2282104492188,1800,0.0,0.0
2008-01-10 00:00:00+09:00,586.9194946289062,586.9194946289062,572.1542243237765,586.9194946289062,1300,0.0,0.0
2008-01-11 00:00:00+09:00,586.9196402594216,586.9196402594216,569.9395751953125,569.9395751953125,700,0.0,0.0
2008-01-15 00:00:00+09:00,591.3493129185268,591.3493129185268,568.463134765625,568.463134765625,3500,0.0,0.0
2008-01-16 00:00:00+09:00,552.9596931353008,552.9596931353008,538.9326782226562,538.9326782226562,4600,0.0,0.0
2008-01-17 00:00:00+09:00,524.1672441755022,531.5498814174107,516.7846069335938,516.7846069335938,5200,0.0,0.0
2008-01-18 00:00:00+09:00,516.0463461116868,542.6238403320312,516.0463461116868,542.6238403320312,3100,0.0,0.0
2008-01-21 00:00:00+09:00,543.3622618792808,553.6979570780716,538.9326782226562,538.9326782226562,4300,0.0,0.0
2008-01-22 00:00:00+09:00,538.9325296336207,538.9325296336207,535.2412109375,535.2412109375,1600,0.0,0.0
2008-01-23 00:00:00+09:00,524.167202182583,535.2411571582714,524.167202182583,527.8585205078125,2200,0.0,0.0
2008-01-24 00:00:00+09:00,552.2212595385174,552.2212595385174,539.6707763671875,539.6707763671875,700,0.0,0.0
2008-01-25 00:00:00+09:00,541.1473051135172,553.6977883153314,541.1473051135172,550.0064697265625,2700,0.0,0.0
2008-01-28 00:00:00+09:00,544.1005258220516,544.1005258220516,538.9326782226562,538.9326782226562,1200,0.0,0.0
2008-01-29 00:00:00+09:00,534.5029393202593,542.6238403320312,534.5029393202593,542.6238403320312,200,0.0,0.0
2008-01-30 00:00:00+09:00,542.6238403320312,542.6238403320312,542.6238403320312,542.6238403320312,0,0.0,0.0
2008-01-31 00:00:00+09:00,542.6238403320312,542.6238403320312,542.6238403320312,542.6238403320312,300,0.0,0.0
2008-02-01 00:00:00+09:00,546.315229155214,546.315229155214,542.6239100393003,545.5769653320312,1000,0.0,0.0
2008-02-04 00:00:00+09:00,568.4629241344976,568.4629241344976,564.7716064453125,564.7716064453125,200,0.0,0.0
2008-02-05 00:00:00+09:00,550.0064262819674,561.0803811735506,550.0064262819674,550.7446899414062,500,0.0,0.0
2008-02-06 00:00:00+09:00,546.3150634765625,546.3150634765625,542.6237454800993,546.3150634765625,2200,0.0,0.0
2008-02-07 00:00:00+09:00,550.0064697265625,550.0064697265625,550.0064697265625,550.0064697265625,200,0.0,0.0
2008-02-08 00:00:00+09:00,543.3619678517714,552.2211303710938,542.6237043084946,552.2211303710938,1300,0.0,0.0
2008-02-12 00:00:00+09:00,552.2211048177084,553.6976318359375,552.2211048177084,553.6976318359375,200,0.0,0.0
2008-02-13 00:00:00+09:00,553.6977883153314,553.6977883153314,550.0064697265625,550.0064697265625,800,0.0,0.0
2008-02-14 00:00:00+09:00,550.0063142903646,553.6976318359375,550.0063142903646,553.6976318359375,200,0.0,0.0
2008-02-15 00:00:00+09:00,553.6976318359375,553.6976318359375,553.6976318359375,553.6976318359375,100,0.0,0.0
2008-02-18 00:00:00+09:00,557.388916015625,557.388916015625,557.388916015625,557.388916015625,500,0.0,0.0
2008-02-19 00:00:00+09:00,557.3888360603619,569.9393131637078,550.0062024701584,569.2010498046875,1100,0.0,0.0
2008-02-20 00:00:00+09:00,574.3690795898438,574.3690795898438,574.3690795898438,574.3690795898438,800,0.0,0.0
2008-02-21 00:00:00+09:00,554.4359169155944,564.7716064453125,554.4359169155944,564.7716064453125,300,0.0,0.0
2008-02-22 00:00:00+09:00,558.1275634765625,558.1275634765625,558.1275634765625,558.1275634765625,200,0.0,0.0
2008-02-25 00:00:00+09:00,564.7716064453125,564.7716064453125,561.0802887561275,564.7716064453125,3300,0.0,0.0
2008-02-26 00:00:00+09:00,574.4705200195312,574.4705200195312,574.4705200195312,574.4705200195312,400,8.0,0.0
2008-02-27 00:00:00+09:00,577.4548066791735,577.4548066791735,567.0098876953125,567.0098876953125,1200,0.0,0.0
2008-02-28 00:00:00+09:00,567.0098876953125,567.0098876953125,567.0098876953125,567.0098876953125,0,0.0,0.0
2008-02-29 00:00:00+09:00,575.216628370098,575.216628370098,570.740234375,570.740234375,200,0.0,0.0
2008-03-03 00:00:00+09:00,564.7716674804688,564.7716674804688,564.7716674804688,564.7716674804688,100,0.0,0.0
2008-03-04 00:00:00+09:00,572.2322711108691,572.2322711108691,561.787353515625,561.787353515625,200,0.0,0.0
2008-03-05 00:00:00+09:00,561.7874523925782,561.7874523925782,559.5492553710938,559.5492553710938,900,0.0,0.0
2008-03-06 00:00:00+09:00,553.5806884765625,553.5806884765625,553.5806884765625,553.5806884765625,200,0.0,0.0
2008-03-07 00:00:00+09:00,553.580807882953,581.9313074780367,552.8347421041349,581.1852416992188,500,0.0,0.0
2008-03-10 00:00:00+09:00,581.1852416992188,581.1852416992188,581.1852416992188,581.1852416992188,0,0.0,0.0
2008-03-11 00:00:00+09:00,552.0885435828212,552.0885435828212,537.1672315940963,538.6593627929688,400,0.0,0.0
2008-03-12 00:00:00+09:00,558.8030908533044,558.8030908533044,552.0885009765625,552.0885009765625,800,0.0,0.0
2008-03-13 00:00:00+09:00,548.3582153320312,548.3582153320312,548.3582153320312,548.3582153320312,100,0.0,0.0
2008-03-14 00:00:00+09:00,544.6279726225754,544.6279726225754,537.167315463362,540.8976440429688,500,0.0,0.0
2008-03-17 00:00:00+09:00,540.8976440429688,540.8976440429688,540.8976440429688,540.8976440429688,800,0.0,0.0
2008-03-18 00:00:00+09:00,536.4212646484375,536.4212646484375,536.4212646484375,536.4212646484375,600,0.0,0.0
2008-03-19 00:00:00+09:00,538.6594647969284,544.6279907226562,538.6594647969284,544.6279907226562,700,0.0,0.0
2008-03-21 00:00:00+09:00,544.6279907226562,544.6279907226562,544.6279907226562,544.6279907226562,900,0.0,0.0
2008-03-24 00:00:00+09:00,544.6279907226562,544.6279907226562,544.6279907226562,544.6279907226562,0,0.0,0.0
2008-03-25 00:00:00+09:00,537.1673333154965,544.6279907226562,537.1673333154965,544.6279907226562,900,0.0,0.0
2008-03-26 00:00:00+09:00,540.8976440429688,540.8976440429688,540.8976440429688,540.8976440429688,100,0.0,0.0
2008-03-27 00:00:00+09:00,537.9133811792834,540.8976440429688,537.9133811792834,540.8976440429688,300,0.0,0.0
2008-03-28 00:00:00+09:00,540.8976440429688,540.8976440429688,540.8976440429688,540.8976440429688,0,0.0,0.0
2008-03-31 00:00:00+09:00,530.4527143313561,543.8818969726562,530.4527143313561,543.8818969726562,1300,0.0,0.0
2008-04-01 00:00:00+09:00,531.1985304090712,537.1670532226562,531.1985304090712,537.1670532226562,2700,0.0,0.0
2008-04-02 00:00:00+09:00,534.9291085451229,543.8818969726562,534.9291085451229,543.8818969726562,1700,0.0,0.0
2008-04-03 00:00:00+09:00,543.8819607356407,543.8819607356407,534.18310546875,534.18310546875,600,0.0,0.0
2008-04-04 00:00:00+09:00,537.1673056520061,543.8818969726562,537.1673056520061,543.8818969726562,800,0.0,0.0
2008-04-07 00:00:00+09:00,533.4369506835938,533.4369506835938,533.4369506835938,533.4369506835938,600,0.0,0.0
2008-04-08 00:00:00+09:00,529.7066223571351,533.4369506835938,529.7066223571351,533.4369506835938,1500,0.0,0.0
2008-04-09 00:00:00+09:00,529.70654296875,533.4368707361356,529.70654296875,529.70654296875,1600,0.0,0.0
2008-04-10 00:00:00+09:00,535.6753540039062,535.6753540039062,535.6753540039062,535.6753540039062,400,0.0,0.0
2008-04-11 00:00:00+09:00,543.8817703100954,545.3739013671875,543.8817703100954,545.3739013671875,600,0.0,0.0
2008-04-14 00:00:00+09:00,537.1670532226562,537.1670532226562,537.1670532226562,537.1670532226562,200,0.0,0.0
2008-04-15 00:00:00+09:00,537.1670532226562,537.1670532226562,537.1670532226562,537.1670532226562,800,0.0,0.0
2008-04-16 00:00:00+09:00,537.1674859092095,537.1674859092095,535.6753540039062,535.6753540039062,800,0.0,0.0
2008-04-17 00:00:00+09:00,548.3582153320312,548.3582153320312,548.3582153320312,548.3582153320312,200,0.0,0.0
2008-04-18 00:00:00+09:00,541.6434453328451,541.6434453328451,537.1670532226562,537.1670532226562,600,0.0,0.0
2008-04-21 00:00:00+09:00,550.596516648384,550.596516648384,544.6279907226562,544.6279907226562,2300,0.0,0.0
2008-04-22 00:00:00+09:00,547.6122354862607,547.6122354862607,540.8976440429688,540.8976440429688,200,0.0,0.0
2008-04-23 00:00:00+09:00,540.8976051649745,552.8346557617188,537.9133425157884,552.8346557617188,1100,0.0,0.0
2008-04-24 00:00:00+09:00,552.8346557617188,552.8346557617188,552.8346557617188,552.8346557617188,0,0.0,0.0
2008-04-25 00:00:00+09:00,543.881812398908,551.3424682617188,543.881812398908,551.3424682617188,300,0.0,0.0
2008-04-28 00:00:00+09:00,551.3424545664113,575.216552734375,548.3581922954158,575.216552734375,2900,0.0,0.0
2008-04-30 00:00:00+09:00,579.6931746759241,579.6931746759241,571.4864501953125,571.4864501953125,200,0.0,0.0
2008-05-01 00:00:00+09:00,572.2323368813848,579.6929931640625,572.2323368813848,579.6929931640625,200,0.0,0.0
2008-05-02 00:00:00+09:00,580.4390258789062,580.4390258789062,569.9941076754297,580.4390258789062,1400,0.0,0.0
2008-05-07 00:00:00+09:00,580.4391182814973,596.8525637856013,580.4391182814973,589.3919067382812,3400,0.0,0.0
2008-05-08 00:00:00+09:00,596.8525637856013,596.8525637856013,589.3919067382812,589.3919067382812,500,0.0,0.0
2008-05-09 00:00:00+09:00,585.6615782146213,589.3919067382812,580.4391182814973,589.3919067382812,900,0.0,0.0
2008-05-12 00:00:00+09:00,599.8367919921875,599.8367919921875,599.8367919921875,599.8367919921875,200,0.0,0.0
2008-05-13 00:00:00+09:00,602.0750402318369,602.8211059570312,590.1379886287274,602.8211059570312,500,0.0,0.0
2008-05-14 00:00:00+09:00,599.8367919921875,599.8367919921875,599.8367919921875,599.8367919921875,100,0.0,0.0
2008-05-15 00:00:00+09:00,596.8525075604839,596.8525075604839,578.2008666992188,578.2008666992188,2500,0.0,0.0
2008-05-16 00:00:00+09:00,589.3918129104575,589.3918129104575,578.9468947069811,580.4390258789062,2400,0.0,0.0
2008-05-19 00:00:00+09:00,581.1852193450928,596.8526000976562,581.1852193450928,596.8526000976562,1900,0.0,0.0
2008-05-20 00:00:00+09:00,596.8526074840764,596.8526074840764,585.66162109375,585.66162109375,1500,0.0,0.0
2008-05-21 00:00:00+09:00,588.6456909179688,588.6456909179688,588.6456909179688,588.6456909179688,500,0.0,0.0
2008-05-22 00:00:00+09:00,586.4076520516368,596.1065063476562,585.6615863365585,596.1065063476562,800,0.0,0.0
2008-05-23 00:00:00+09:00,588.6459122286499,588.6459122286499,585.6616490487834,586.40771484375,400,0.0,0.0
2008-05-26 00:00:00+09:00,589.3919425964356,596.8526000976562,589.3919425964356,596.8526000976562,400,0.0,0.0
2008-05-27 00:00:00+09:00,584.1694549064016,596.1065063476562,582.6773234762447,596.1065063476562,1500,0.0,0.0
2008-05-28 00:00:00+09:00,596.1065063476562,596.1065063476562,596.1065063476562,596.1065063476562,0,0.0,0.0
2008-05-29 00:00:00+09:00,596.1064980808693,596.1064980808693,580.4391182814973,589.3919067382812,500,0.0,0.0
2008-05-30 00:00:00+09:00,596.8525720627347,596.8525720627347,596.1065063476562,596.1065063476562,400,0.0,0.0
2008-06-02 00:00:00+09:00,596.8525637856013,596.8525637856013,589.3919067382812,589.3919067382812,700,0.0,0.0
2008-06-03 00:00:00+09:00,596.8526000976562,596.8526000976562,596.8526000976562,596.8526000976562,400,0.0,0.0
2008-06-04 00:00:00+09:00,596.1065343475342,596.8526000976562,595.3604685974121,596.8526000976562,900,0.0,0.0
2008-06-05 00:00:00+09:00,596.8526355131173,604.3132934570312,590.8841091579861,604.3132934570312,4000,0.0,0.0
2008-06-06 00:00:00+09:00,606.5514131736985,618.4884643554688,606.5514131736985,618.4884643554688,3000,0.0,0.0
2008-06-09 00:00:00+09:00,618.488337211329,618.488337211329,610.2816162109375,610.2816162109375,500,0.0,0.0
2008-06-10 00:00:00+09:00,611.7738977602259,612.5199634892017,611.02783203125,611.02783203125,900,0.0,0.0
2008-06-11 00:00:00+09:00,619.234619140625,619.234619140625,619.234619140625,619.234619140625,300,0.0,0.0
2008-06-12 00:00:00+09:00,605.8052792460502,605.8052792460502,602.074951171875,602.074951171875,1100,0.0,0.0
2008-06-13 00:00:00+09:00,603.5670351940445,608.0434285329374,597.5985107421875,597.5985107421875,1200,0.0,0.0
2008-06-16 00:00:00+09:00,597.5984319019672,603.5669555664062,597.5984319019672,603.5669555664062,1400,0.0,0.0
2008-06-17 00:00:00+09:00,603.5672276626399,604.3132934570312,595.3605039243345,604.3132934570312,2100,0.0,0.0
2008-06-18 00:00:00+09:00,604.3132934570312,604.3132934570312,604.3132934570312,604.3132934570312,700,0.0,0.0
2008-06-19 00:00:00+09:00,596.8525206367924,596.8525206367924,593.1221923828125,593.1221923828125,1100,0.0,0.0
2008-06-20 00:00:00+09:00,593.8682109423706,604.3131292252767,593.1221453507345,598.3446044921875,2700,0.0,0.0
2008-06-23 00:00:00+09:00,598.3446044921875,598.3446044921875,598.3446044921875,598.3446044921875,2800,0.0,0.0
2008-06-24 00:00:00+09:00,598.3446044921875,598.3446044921875,598.3446044921875,598.3446044921875,100,0.0,0.0
2008-06-25 00:00:00+09:00,596.8526000976562,596.8526000976562,596.8526000976562,596.8526000976562,600,0.0,0.0
2008-06-26 00:00:00+09:00,600.5829288482666,600.5829288482666,596.8526000976562,596.8526000976562,600,0.0,0.0
2008-06-27 00:00:00+09:00,589.3919498905254,593.122278687301,581.9312922969746,585.66162109375,1900,0.0,0.0
2008-06-30 00:00:00+09:00,575.9628089317908,581.9313354492188,575.9628089317908,581.9313354492188,1400,0.0,0.0
2008-07-01 00:00:00+09:00,589.3919935960035,593.122322669396,581.9313354492188,581.9313354492188,1400,0.0,0.0
2008-07-02 00:00:00+09:00,582.6773071289062,582.6773071289062,582.6773071289062,582.6773071289062,400,0.0,0.0
2008-07-03 00:00:00+09:00,583.42333984375,583.42333984375,583.42333984375,583.42333984375,300,0.0,0.0
2008-07-04 00:00:00+09:00,583.42333984375,583.42333984375,583.42333984375,583.42333984375,0,0.0,0.0
2008-07-07 00:00:00+09:00,585.6615684374755,593.1222253602458,585.6615684374755,592.3761596679688,1300,0.0,0.0
2008-07-08 00:00:00+09:00,589.3919067382812,589.3919067382812,589.3919067382812,589.3919067382812,100,0.0,0.0
2008-07-09 00:00:00+09:00,585.66162109375,585.66162109375,585.66162109375,585.66162109375,100,0.0,0.0
2008-07-10 00:00:00+09:00,581.9313354492188,581.9313354492188,581.9313354492188,581.9313354492188,1300,0.0,0.0
2008-07-11 00:00:00+09:00,580.4392038198617,589.3919935960035,580.4392038198617,581.9313354492188,1500,0.0,0.0
2008-07-14 00:00:00+09:00,581.9311570508314,581.9311570508314,580.4390258789062,580.4390258789062,1100,0.0,0.0
2008-07-15 00:00:00+09:00,578.2008666992188,578.2008666992188,578.2008666992188,578.2008666992188,300,0.0,0.0
2008-07-16 00:00:00+09:00,560.2953210449219,560.2953210449219,559.5492553710938,559.5492553710938,1500,0.0,0.0
2008-07-17 00:00:00+09:00,563.279541015625,563.279541015625,563.279541015625,563.279541015625,3000,0.0,0.0
2008-07-18 00:00:00+09:00,567.0098876953125,567.0098876953125,567.0098876953125,567.0098876953125,500,0.0,0.0
2008-07-22 00:00:00+09:00,589.3919067382812,589.3919067382812,589.3919067382812,589.3919067382812,900,0.0,0.0
2008-07-23 00:00:00+09:00,587.8998183718153,587.8998183718153,585.66162109375,585.66162109375,300,0.0,0.0
2008-07-24 00:00:00+09:00,585.66162109375,585.66162109375,585.66162109375,585.66162109375,0,0.0,0.0
2008-07-25 00:00:00+09:00,574.4706347034236,585.66162109375,570.7403059066481,585.66162109375,700,0.0,0.0
2008-07-28 00:00:00+09:00,581.9311814466059,581.9311814466059,563.279541015625,563.279541015625,600,0.0,0.0
2008-07-29 00:00:00+09:00,565.5177564119037,567.0098876953125,565.5177564119037,567.0098876953125,200,0.0,0.0
2008-07-30 00:00:00+09:00,567.0098876953125,567.0098876953125,567.0098876953125,567.0098876953125,0,0.0,0.0
2008-07-31 00:00:00+09:00,566.2638220536081,569.2480846204255,566.2638220536081,567.0098876953125,800,0.0,0.0
2008-08-01 00:00:00+09:00,567.0098876953125,567.0098876953125,567.0098876953125,567.0098876953125,100,0.0,0.0
2008-08-04 00:00:00+09:00,574.4706160933882,574.4706160933882,563.279630065595,564.0256958007812,400,0.0,0.0
2008-08-05 00:00:00+09:00,559.549213419706,559.549213419706,553.5806884765625,553.5806884765625,700,0.0,0.0
2008-08-06 00:00:00+09:00,544.6279907226562,553.5807796112479,544.6279907226562,544.6279907226562,1600,0.0,0.0
2008-08-07 00:00:00+09:00,559.5492553710938,559.5492553710938,559.5492553710938,559.5492553710938,100,0.0,0.0
2008-08-08 00:00:00+09:00,563.2795837402344,563.2795837402344,552.0885986328126,559.5492553710938,400,0.0,0.0
2008-08-11 00:00:00+09:00,574.4706773024338,581.9313354492188,574.4706773024338,581.9313354492188,300,0.0,0.0
2008-08-12 00:00:00+09:00,574.4705200195312,574.4705200195312,574.4705200195312,574.4705200195312,200,0.0,0.0
2008-08-13 00:00:00+09:00,574.4705200195312,574.4705200195312,574.4705200195312,574.4705200195312,0,0.0,0.0
2008-08-14 00:00:00+09:00,551.3424255955562,551.3424255955562,545.3739013671875,545.3739013671875,200,0.0,0.0
2008-08-15 00:00:00+09:00,545.3739013671875,545.3739013671875,545.3739013671875,545.3739013671875,100,0.0,0.0
2008-08-18 00:00:00+09:00,567.010042896698,567.010042896698,566.2639770507812,566.2639770507812,700,0.0,0.0
2008-08-19 00:00:00+09:00,558.0570678710938,558.0570678710938,558.0570678710938,558.0570678710938,100,0.0,0.0
2008-08-20 00:00:00+09:00,558.0572476079993,567.756103515625,558.0572476079993,567.756103515625,900,0.0,0.0
2008-08-21 00:00:00+09:00,567.756103515625,567.756103515625,567.756103515625,567.756103515625,400,0.0,0.0
2008-08-22 00:00:00+09:00,571.4864632624598,571.4864632624598,543.8820257419493,550.5966186523438,1900,0.0,0.0
2008-08-25 00:00:00+09:00,552.0886196978952,552.0886196978952,543.8818969726562,543.8818969726562,3300,0.0,0.0
2008-08-26 00:00:00+09:00,521.4998737601346,521.4998737601346,496.13364241844,513.2931518554688,4100,0.0,0.0
2008-08-27 00:00:00+09:00,514.0391573865875,532.6907958984375,514.0391573865875,532.6907958984375,800,0.0,0.0
2008-08-28 00:00:00+09:00,543.8818969726562,543.8818969726562,543.8818969726562,543.8818969726562,500,0.0,0.0
2008-08-29 00:00:00+09:00,532.6908850183021,533.4369506835938,532.6908850183021,533.4369506835938,200,0.0,0.0
2008-09-01 00:00:00+09:00,514.7852831108626,514.7852831108626,513.2931518554688,513.2931518554688,2500,0.0,0.0
2008-09-02 00:00:00+09:00,514.0393913652255,514.0393913652255,490.165283203125,490.165283203125,1400,0.0,0.0
2008-09-03 00:00:00+09:00,490.91129566624255,490.91129566624255,487.9270324707031,487.9270324707031,2300,0.0,0.0
2008-09-04 00:00:00+09:00,458.0842372483474,484.9425964355469,448.38538531963644,484.9425964355469,3100,0.0,0.0
2008-09-05 00:00:00+09:00,447.63941030033294,456.5921985063396,447.63941030033294,455.1000671386719,3300,0.0,0.0
2008-09-08 00:00:00+09:00,469.2753521826959,469.2753521826959,462.5607604980468,462.5607604980469,600,0.0,0.0
2008-09-09 00:00:00+09:00,462.5606454017676,462.5606454017676,460.32244873046875,460.32244873046875,400,0.0,0.0
2008-09-10 00:00:00+09:00,460.32248446949296,460.32248446949296,446.8933033990702,449.1315002441406,3800,0.0,0.0
2008-09-11 00:00:00+09:00,446.89332352078515,446.89332352078515,433.4641418457031,433.4641418457031,1300,0.0,0.0
2008-09-12 00:00:00+09:00,440.178722935864,443.90905109633746,436.4483947753906,436.4483947753906,1700,0.0,0.0
2008-09-16 00:00:00+09:00,428.98776489683144,428.98776489683144,428.24169921875,428.24169921875,1600,0.0,0.0
2008-09-17 00:00:00+09:00,414.0665054321289,414.0665054321289,399.14518992106116,402.8755187988281,1700,0.0,0.0
2008-09-18 00:00:00+09:00,414.06636656077046,417.0506286621094,399.89112157941076,417.0506286621094,1500,0.0,0.0
2008-09-19 00:00:00+09:00,400.6373116472642,414.81256103515625,400.6373116472642,414.81256103515625,700,0.0,0.0
2008-09-22 00:00:00+09:00,414.81255100795204,417.79681396484375,414.81255100795204,417.79681396484375,1600,0.0,0.0
2008-09-24 00:00:00+09:00,416.30462646484375,417.05069210366963,416.30462646484375,416.30462646484375,1000,0.0,0.0
2008-09-25 00:00:00+09:00,408.8440073374155,414.06646728515625,408.8440073374155,414.06646728515625,500,0.0,0.0
2008-09-26 00:00:00+09:00,410.3361255061017,410.3361255061017,408.843994140625,408.843994140625,400,0.0,0.0
2008-09-29 00:00:00+09:00,412.57431273529494,412.57431273529494,411.8282470703125,411.8282470703125,1600,0.0,0.0
2008-09-30 00:00:00+09:00,399.14511665931116,399.14511665931116,358.1115065354567,387.9541320800781,3200,0.0,0.0
2008-10-01 00:00:00+09:00,365.5721979424505,376.76318359375,365.5721979424505,376.76318359375,1300,0.0,0.0
2008-10-02 00:00:00+09:00,365.57215260599327,372.2867431640625,358.1114964303607,372.2867431640625,2100,0.0,0.0
2008-10-03 00:00:00+09:00,358.85759407672515,358.85759407672515,352.8890686035156,352.8890686035156,1100,0.0,0.0
2008-10-06 00:00:00+09:00,340.9519878224739,340.9519878224739,311.85542868663913,314.8396911621094,2100,0.0,0.0
2008-10-07 00:00:00+09:00,288.72748854515135,298.42634474951046,285.74322509765625,285.74322509765625,3900,0.0,0.0
2008-10-08 00:00:00+09:00,276.04425048828125,278.2824471138619,264.85326736037797,276.04425048828125,6100,0.0,0.0
2008-10-09 00:00:00+09:00,276.04425048828125,285.7431025324641,268.58359506967906,276.04425048828125,3500,0.0,0.0
2008-10-10 00:00:00+09:00,279.7745899720626,279.7745899720626,255.9004916277799,262.6150817871094,6500,0.0,0.0
2008-10-14 00:00:00+09:00,322.3004150390625,322.3004150390625,322.3004150390625,322.3004150390625,8300,0.0,0.0
2008-10-15 00:00:00+09:00,329.76111155542833,346.174560546875,322.30045292295256,346.174560546875,2800,0.0,0.0
2008-10-16 00:00:00+09:00,297.68020945581895,324.53857421875,297.68020945581895,324.53857421875,2100,0.0,0.0
2008-10-17 00:00:00+09:00,324.5385158462013,334.2373680439038,324.5385158462013,333.4913024902344,3500,0.0,0.0
2008-10-20 00:00:00+09:00,335.72955322265625,335.72955322265625,335.72955322265625,335.72955322265625,1600,0.0,0.0
2008-10-21 00:00:00+09:00,335.729581236575,337.2217127087375,335.729581236575,336.47564697265625,300,0.0,0.0
2008-10-22 00:00:00+09:00,336.47564697265625,336.47564697265625,336.47564697265625,336.47564697265625,2100,0.0,0.0
2008-10-23 00:00:00+09:00,343.9362632667625,343.9362632667625,339.4598693847656,339.4598693847656,3400,0.0,0.0
2008-10-24 00:00:00+09:00,339.4598756195397,346.9205322265625,339.4598756195397,346.9205322265625,3500,0.0,0.0
2008-10-27 00:00:00+09:00,346.92061941964283,346.92061941964283,313.34765625,313.34765625,3600,0.0,0.0
2008-10-28 00:00:00+09:00,302.15662879943847,302.15662879943847,298.4263000488281,298.4263000488281,1500,0.0,0.0
2008-10-29 00:00:00+09:00,306.6329674697504,306.6329674697504,305.88690185546875,305.88690185546875,1100,0.0,0.0
2008-10-30 00:00:00+09:00,309.6172318300365,314.8396911621094,302.15657564136086,314.8396911621094,2500,0.0,0.0
2008-10-31 00:00:00+09:00,314.8396911621094,314.8396911621094,303.648706879096,314.8396911621094,2900,0.0,0.0
2008-11-04 00:00:00+09:00,317.0779113769531,317.0779113769531,317.0779113769531,317.0779113769531,1000,0.0,0.0
2008-11-05 00:00:00+09:00,335.72955322265625,345.4284069824219,335.72955322265625,335.72955322265625,3100,0.0,0.0
2008-11-06 00:00:00+09:00,354.3812255859375,354.3812255859375,346.9205682051809,354.3812255859375,3300,0.0,0.0
2008-11-07 00:00:00+09:00,354.3812255859375,354.3812255859375,352.14302837171056,354.3812255859375,2000,0.0,0.0
2008-11-10 00:00:00+09:00,353.63514747619627,358.1115417480469,353.63514747619627,358.1115417480469,1900,0.0,0.0
2008-11-11 00:00:00+09:00,358.1115417480469,358.1115417480469,357.36547603607175,358.1115417480469,1200,0.0,0.0
2008-11-12 00:00:00+09:00,350.65078389275936,361.8417663574219,350.65078389275936,361.8417663574219,1200,0.0,0.0
2008-11-13 00:00:00+09:00,361.8417853530572,365.5721130371094,361.8417853530572,365.5721130371094,1000,0.0,0.0
2008-11-14 00:00:00+09:00,365.5721130371094,365.5721130371094,365.5721130371094,365.5721130371094,400,0.0,0.0
2008-11-17 00:00:00+09:00,357.3653869628906,357.3653869628906,356.61932143687204,357.3653869628906,800,0.0,0.0
2008-11-18 00:00:00+09:00,358.1115417480469,358.1115417480469,357.36547603607175,358.1115417480469,1500,0.0,0.0
2008-11-19 00:00:00+09:00,358.1114524889092,358.1114524889092,353.6350593327978,357.3653869628906,1300,0.0,0.0
2008-11-20 00:00:00+09:00,357.3653869628906,357.3653869628906,342.4440764425194,357.3653869628906,3200,0.0,0.0
2008-11-21 00:00:00+09:00,335.72958625504594,335.72958625504594,334.9835205078125,334.9835205078125,300,0.0,0.0
2008-11-25 00:00:00+09:00,334.9835205078125,334.9835205078125,334.9835205078125,334.9835205078125,0,0.0,0.0
2008-11-26 00:00:00+09:00,334.9835205078125,334.9835205078125,334.9835205078125,334.9835205078125,0,0.0,0.0
2008-11-27 00:00:00+09:00,334.9835205078125,334.9835205078125,334.9835205078125,334.9835205078125,0,0.0,0.0
2008-11-28 00:00:00+09:00,308.8711643125953,308.8711643125953,305.88690185546875,305.88690185546875,500,0.0,0.0
2008-12-01 00:00:00+09:00,306.6330233001709,306.6330233001709,287.23531379699705,298.4263000488281,3900,0.0,0.0
2008-12-02 00:00:00+09:00,299.17230224609375,299.17230224609375,298.4262366544576,299.17230224609375,400,0.0,0.0
2008-12-03 00:00:00+09:00,305.88690027014,305.88690027014,287.2352600097656,287.2352600097656,2600,0.0,0.0
2008-12-04 00:00:00+09:00,287.23528807645016,287.9813537597656,287.23528807645016,287.9813537597656,1200,0.0,0.0
2008-12-05 00:00:00+09:00,287.9813019917273,287.9813019917273,284.9970397949219,284.9970397949219,1500,0.0,0.0
2008-12-08 00:00:00+09:00,283.50494384765625,283.50494384765625,283.50494384765625,283.50494384765625,700,0.0,0.0
2008-12-09 00:00:00+09:00,283.50494384765625,283.50494384765625,282.7588782059519,283.50494384765625,700,0.0,0.0
2008-12-10 00:00:00+09:00,287.235272056178,287.235272056178,282.7588782059519,283.50494384765625,2700,0.0,0.0
2008-12-11 00:00:00+09:00,283.50494384765625,283.50494384765625,283.50494384765625,283.50494384765625,100,0.0,0.0
2008-12-12 00:00:00+09:00,287.235272056178,287.235272056178,283.50494384765625,283.50494384765625,1600,0.0,0.0
2008-12-15 00:00:00+09:00,283.50494384765625,283.50494384765625,283.50494384765625,283.50494384765625,1200,0.0,0.0
2008-12-16 00:00:00+09:00,279.7746156391344,283.50494384765625,279.7746156391344,283.50494384765625,200,0.0,0.0
2008-12-17 00:00:00+09:00,279.7746276855469,279.7746276855469,279.7746276855469,279.7746276855469,200,0.0,0.0
2008-12-18 00:00:00+09:00,276.04425048828125,276.04425048828125,276.04425048828125,276.04425048828125,100,0.0,0.0
2008-12-19 00:00:00+09:00,276.04425048828125,276.04425048828125,276.04425048828125,276.04425048828125,200,0.0,0.0
2008-12-22 00:00:00+09:00,276.04427585354097,287.2352600097656,276.04427585354097,287.2352600097656,5500,0.0,0.0
2008-12-24 00:00:00+09:00,272.3138533698188,272.3138533698188,268.5835266113281,268.5835266113281,6700,0.0,0.0
2008-12-25 00:00:00+09:00,268.5835266113281,268.5835266113281,268.5835266113281,268.5835266113281,200,0.0,0.0
2008-12-26 00:00:00+09:00,267.09153221690724,267.09153221690724,262.61513782221044,264.1072692871094,600,0.0,0.0
2008-12-29 00:00:00+09:00,261.1229553222656,261.1229553222656,261.1229553222656,261.1229553222656,700,0.0,0.0
2008-12-30 00:00:00+09:00,261.1229553222656,261.1229553222656,261.1229553222656,261.1229553222656,100,0.0,0.0
2009-01-05 00:00:00+09:00,254.40835571289065,254.40835571289065,254.40835571289065,254.40835571289062,1600,0.0,0.0
2009-01-06 00:00:00+09:00,261.86907958984375,261.86907958984375,261.12301383602653,261.86907958984375,800,0.0,0.0
2009-01-07 00:00:00+09:00,258.8848571777344,258.8848571777344,258.8848571777344,258.8848571777344,100,0.0,0.0
2009-01-08 00:00:00+09:00,270.07580288183317,270.07580288183317,261.86907958984375,261.86907958984375,1100,0.0,0.0
2009-01-09 00:00:00+09:00,261.123054790222,261.123054790222,258.8848571777344,258.8848571777344,200,0.0,0.0
2009-01-13 00:00:00+09:00,261.1229553222656,261.1229553222656,261.1229553222656,261.1229553222656,500,0.0,0.0
2009-01-14 00:00:00+09:00,264.8532735427454,264.8532735427454,254.40835571289065,254.40835571289062,1900,0.0,0.0
2009-01-15 00:00:00+09:00,254.40841907798173,254.40841907798173,249.1859588623047,249.1859588623047,500,0.0,0.0
2009-01-16 00:00:00+09:00,249.1859588623047,254.40841907798173,249.1859588623047,249.1859588623047,800,0.0,0.0
2009-01-19 00:00:00+09:00,237.99494690895082,238.7410125732422,237.99494690895082,238.7410125732422,1400,0.0,0.0
2009-01-20 00:00:00+09:00,240.23310161884015,242.47129821777344,240.23310161884015,242.47129821777344,600,0.0,0.0
2009-01-21 00:00:00+09:00,246.20171363200615,246.20171363200615,243.2174504364667,243.96351623535156,300,0.0,0.0
2009-01-22 00:00:00+09:00,244.7095921293218,245.45565795898438,244.7095921293218,245.45565795898438,200,0.0,0.0
2009-01-23 00:00:00+09:00,246.20172378864694,246.20172378864694,245.45565795898438,245.45565795898438,1700,0.0,0.0
2009-01-26 00:00:00+09:00,245.45565795898438,245.45565795898438,245.45565795898438,245.45565795898438,0,0.0,0.0
2009-01-27 00:00:00+09:00,239.48707823753358,239.48707823753358,238.7410125732422,238.7410125732422,700,0.0,0.0
2009-01-28 00:00:00+09:00,238.7410125732422,238.7410125732422,238.7410125732422,238.7410125732422,0,0.0,0.0
2009-01-29 00:00:00+09:00,237.99490356445312,237.99490356445312,237.99490356445312,237.99490356445312,100,0.0,0.0
2009-01-30 00:00:00+09:00,228.2960662841797,228.2960662841797,228.2960662841797,228.2960662841797,200,0.0,0.0
2009-02-02 00:00:00+09:00,227.5500007080876,228.2960662841797,227.5500007080876,228.2960662841797,1000,0.0,0.0
2009-02-03 00:00:00+09:00,245.45565795898438,245.45565795898438,245.45565795898438,245.45565795898438,100,0.0,0.0
2009-02-04 00:00:00+09:00,226.0579376220703,226.0579376220703,226.0579376220703,226.0579376220703,100,0.0,0.0
2009-02-05 00:00:00+09:00,222.32760861840578,226.0579376220703,222.32760861840578,226.0579376220703,1200,0.0,0.0
2009-02-06 00:00:00+09:00,225.3118718213374,226.0579376220703,225.3118718213374,226.0579376220703,1100,0.0,0.0
2009-02-09 00:00:00+09:00,226.0579376220703,226.0579376220703,226.0579376220703,226.0579376220703,1000,0.0,0.0
2009-02-10 00:00:00+09:00,223.81970214843753,223.81970214843753,223.81970214843753,223.8197021484375,600,0.0,0.0
2009-02-12 00:00:00+09:00,223.81970214843753,223.81970214843753,223.81970214843753,223.8197021484375,100,0.0,0.0
2009-02-13 00:00:00+09:00,222.3275604248047,223.0736260638141,222.3275604248047,222.3275604248047,1500,0.0,0.0
2009-02-16 00:00:00+09:00,221.58155822753906,221.58155822753906,221.58155822753906,221.58155822753906,500,0.0,0.0
2009-02-17 00:00:00+09:00,210.39056657132727,210.39056657132727,209.64450073242188,209.64450073242188,600,0.0,0.0
2009-02-18 00:00:00+09:00,209.64442688187742,228.2960662841797,209.64442688187742,228.2960662841797,900,0.0,0.0
2009-02-19 00:00:00+09:00,228.2960662841797,228.2960662841797,228.2960662841797,228.2960662841797,0,0.0,0.0
2009-02-20 00:00:00+09:00,227.55002760887146,238.7410125732422,227.55002760887146,238.7410125732422,2000,0.0,0.0
2009-02-23 00:00:00+09:00,238.7410404265873,238.7410404265873,235.01071166992188,235.01071166992188,1800,0.0,0.0
2009-02-24 00:00:00+09:00,231.2803802490234,231.2803802490234,231.2803802490234,231.28038024902344,500,0.0,0.0
2009-02-25 00:00:00+09:00,231.2803802490234,231.2803802490234,231.2803802490234,231.28038024902344,0,0.0,0.0
2009-02-26 00:00:00+09:00,208.89840698242188,208.89840698242188,208.89840698242188,208.89840698242188,100,0.0,0.0
2009-02-27 00:00:00+09:00,208.89840698242188,208.89840698242188,208.89840698242188,208.89840698242188,0,0.0,0.0
2009-03-02 00:00:00+09:00,208.89837887124776,208.89837887124776,208.15231323242188,208.15231323242188,200,0.0,0.0
2009-03-03 00:00:00+09:00,208.89840698242188,208.89840698242188,205.1680782863072,208.89840698242188,700,0.0,0.0
2009-03-04 00:00:00+09:00,208.89837887124776,208.89837887124776,208.15231323242188,208.15231323242188,200,0.0,0.0
2009-03-05 00:00:00+09:00,222.3275604248047,222.3275604248047,222.3275604248047,222.3275604248047,100,0.0,0.0
2009-03-06 00:00:00+09:00,203.67593383789062,203.67593383789062,203.67593383789062,203.67593383789062,1000,0.0,0.0
2009-03-09 00:00:00+09:00,194.72319237271645,198.45352172851562,194.72319237271645,198.45352172851562,2100,0.0,0.0
2009-03-10 00:00:00+09:00,197.70742797851562,197.70742797851562,197.70742797851562,197.70742797851562,100,0.0,0.0
2009-03-11 00:00:00+09:00,194.72316491468897,197.70742797851562,194.72316491468897,197.70742797851562,600,0.0,0.0
2009-03-12 00:00:00+09:00,215.6129608154297,215.6129608154297,215.6129608154297,215.6129608154297,100,0.0,0.0
2009-03-13 00:00:00+09:00,218.59716796875,218.59716796875,218.59716796875,218.59716796875,100,0.0,0.0
2009-03-16 00:00:00+09:00,214.86687397203946,214.86687397203946,212.62867736816406,212.62867736816406,1100,0.0,0.0
2009-03-17 00:00:00+09:00,211.8826904296875,211.8826904296875,211.8826904296875,211.8826904296875,100,0.0,0.0
2009-03-18 00:00:00+09:00,210.39055880694323,211.8826904296875,210.39055880694323,211.8826904296875,1000,0.0,0.0
2009-03-19 00:00:00+09:00,211.8826904296875,211.8826904296875,211.8826904296875,211.8826904296875,0,0.0,0.0
2009-03-23 00:00:00+09:00,211.8826904296875,211.8826904296875,211.8826904296875,211.8826904296875,2100,0.0,0.0
2009-03-24 00:00:00+09:00,217.8511708389789,217.8511708389789,202.1837921142578,202.1837921142578,1400,0.0,0.0
2009-03-25 00:00:00+09:00,202.18382517496744,202.18382517496744,201.43775939941406,201.43775939941406,200,0.0,0.0
2009-03-26 00:00:00+09:00,201.43775939941406,201.43775939941406,201.43775939941406,201.43775939941406,0,0.0,0.0
2009-03-27 00:00:00+09:00,205.16807400450415,219.34332275390625,205.16807400450415,219.34332275390625,2000,0.0,0.0
2009-03-30 00:00:00+09:00,218.59716796875,218.59716796875,218.59716796875,218.59716796875,200,0.0,0.0
2009-03-31 00:00:00+09:00,219.34332275390625,219.34332275390625,219.34332275390625,219.34332275390625,100,0.0,0.0
2009-04-01 00:00:00+09:00,219.34332275390625,219.34332275390625,219.34332275390625,219.34332275390625,100,0.0,0.0
2009-04-02 00:00:00+09:00,226.8040191958649,226.8040191958649,221.58155822753906,221.58155822753906,400,0.0,0.0
2009-04-03 00:00:00+09:00,210.3904954310826,261.1229553222656,210.3904954310826,261.1229553222656,3600,0.0,0.0
2009-04-06 00:00:00+09:00,264.10730091441764,264.10730091441764,246.20172119140628,246.20172119140625,4900,0.0,0.0
2009-04-07 00:00:00+09:00,245.45565795898438,245.45565795898438,245.45565795898438,245.45565795898438,100,0.0,0.0
2009-04-08 00:00:00+09:00,245.45565795898438,245.45565795898438,245.45565795898438,245.45565795898438,0,0.0,0.0
2009-04-09 00:00:00+09:00,239.4870988351327,241.72529602050778,238.74103310667437,241.7252960205078,1800,0.0,0.0
2009-04-10 00:00:00+09:00,301.4105529785156,301.4105529785156,301.4105529785156,301.4105529785156,7900,0.0,0.0
2009-04-13 00:00:00+09:00,349.9048156738281,358.11153842950426,343.1902243282749,349.9048156738281,23500,0.0,0.0
2009-04-14 00:00:00+09:00,316.3319086197319,325.2846984863281,299.1723947087559,325.2846984863281,6200,0.0,0.0
2009-04-15 00:00:00+09:00,325.2846350069723,326.03070068359375,305.8869274148134,326.03070068359375,2300,0.0,0.0
2009-04-16 00:00:00+09:00,324.53857421875,324.53857421875,323.7925085308908,324.53857421875,800,0.0,0.0
2009-04-17 00:00:00+09:00,326.0306934009899,328.2688903808594,311.8554458618164,328.2688903808594,1700,0.0,0.0
2009-04-20 00:00:00+09:00,329.0148969741853,358.1114524889092,329.0148969741853,357.3653869628906,5000,0.0,0.0
2009-04-21 00:00:00+09:00,356.61939702427156,356.61939702427156,341.6980833412477,352.8890686035156,5200,0.0,0.0
2009-04-22 00:00:00+09:00,353.63504588333603,365.5720938456427,353.63504588333603,361.8417663574219,6500,0.0,0.0
2009-04-23 00:00:00+09:00,369.3024481201172,373.03277587890625,369.3024481201172,373.03277587890625,1600,0.0,0.0
2009-04-24 00:00:00+09:00,387.2080475200306,393.9226379394531,379.7473914984501,393.9226379394531,3800,0.0,0.0
2009-04-27 00:00:00+09:00,380.4934528895787,380.4934528895787,376.0170593261719,376.0170593261719,600,0.0,0.0
2009-04-28 00:00:00+09:00,361.0957809043142,361.0957809043142,337.2216796875,337.2216796875,2100,0.0,0.0
2009-04-30 00:00:00+09:00,328.2688903808594,328.2688903808594,328.2688903808594,328.2688903808594,500,0.0,0.0
2009-05-01 00:00:00+09:00,327.5228295870567,327.5228295870567,324.5385669028922,326.7767639160156,400,0.0,0.0
2009-05-07 00:00:00+09:00,335.7294915646923,372.2867028684032,335.7294915646923,365.5721130371094,6300,0.0,0.0
2009-05-08 00:00:00+09:00,364.82607301689944,386.46197509765625,354.38115477101684,386.46197509765625,6800,0.0,0.0
2009-05-11 00:00:00+09:00,393.9226379394531,393.9226379394531,386.4619819178726,393.9226379394531,2900,0.0,0.0
2009-05-12 00:00:00+09:00,386.46197509765625,386.46197509765625,380.4934503857233,386.46197509765625,2900,0.0,0.0
2009-05-13 00:00:00+09:00,380.4935080467621,387.95416506728685,373.0328510262373,387.2080993652344,6600,0.0,0.0
2009-05-14 00:00:00+09:00,380.4934997558594,380.4934997558594,379.74743407006355,380.4934997558594,4500,0.0,0.0
2009-05-15 00:00:00+09:00,376.76312492007304,376.76312492007304,362.5878786359515,376.0170593261719,6500,0.0,0.0
2009-05-18 00:00:00+09:00,368.55636368568497,376.0170188210227,367.8102981721512,369.30242919921875,5400,0.0,0.0
2009-05-19 00:00:00+09:00,370.04865651547334,384.2239074707031,370.04865651547334,384.2239074707031,6000,0.0,0.0
2009-05-20 00:00:00+09:00,387.20804068664785,387.95410627563945,383.4777127416898,386.46197509765625,5100,0.0,0.0
2009-05-21 00:00:00+09:00,395.41483541858514,395.41483541858514,373.0328636024388,392.4305725097656,6700,0.0,0.0
2009-05-22 00:00:00+09:00,394.66876220703125,394.66876220703125,390.9384336417474,394.66876220703125,3300,0.0,0.0
2009-05-25 00:00:00+09:00,394.66868230222747,394.66868230222747,390.9383544921875,390.9383544921875,600,0.0,0.0
2009-05-26 00:00:00+09:00,387.9541320800781,387.9541320800781,387.9541320800781,387.9541320800781,100,0.0,0.0
2009-05-27 00:00:00+09:00,381.23957937200936,394.66876220703125,381.23957937200936,394.66876220703125,300,0.0,0.0
2009-05-28 00:00:00+09:00,394.66876220703125,394.66876220703125,394.66876220703125,394.66876220703125,0,0.0,0.0
2009-05-29 00:00:00+09:00,392.43054443359375,392.43054443359375,391.6844787597656,391.6844787597656,200,0.0,0.0
2009-06-01 00:00:00+09:00,390.93839463454026,390.93839463454026,386.46200080284706,387.9541320800781,3800,0.0,0.0
2009-06-02 00:00:00+09:00,387.20813253150794,395.41485595703125,385.71600099959466,395.41485595703125,4600,0.0,0.0
2009-06-03 00:00:00+09:00,399.14518992106116,402.8755187988281,399.14518992106116,402.8755187988281,5000,0.0,0.0
2009-06-04 00:00:00+09:00,399.14520263671875,399.14520263671875,399.14520263671875,399.14520263671875,300,0.0,0.0
2009-06-05 00:00:00+09:00,399.14520263671875,399.14520263671875,399.14520263671875,399.14520263671875,0,0.0,0.0
2009-06-08 00:00:00+09:00,399.14520263671875,399.14520263671875,399.14520263671875,399.14520263671875,0,0.0,0.0
2009-06-09 00:00:00+09:00,399.14520263671875,399.14520263671875,399.14520263671875,399.14520263671875,0,0.0,0.0
2009-06-10 00:00:00+09:00,373.032894880412,400.6373291015625,373.032894880412,400.6373291015625,1100,0.0,0.0
2009-06-11 00:00:00+09:00,400.6373291015625,400.6373291015625,400.6373291015625,400.6373291015625,0,0.0,0.0
2009-06-12 00:00:00+09:00,400.6373291015625,400.6373291015625,400.6373291015625,400.6373291015625,0,0.0,0.0
2009-06-15 00:00:00+09:00,395.414827920088,395.414827920088,390.1923679286906,394.66876220703125,800,0.0,0.0
2009-06-16 00:00:00+09:00,390.19232177734375,390.19232177734375,390.19232177734375,390.19232177734375,800,0.0,0.0
2009-06-17 00:00:00+09:00,387.9541320800781,387.9541320800781,387.9541320800781,387.9541320800781,1600,0.0,0.0
2009-06-18 00:00:00+09:00,387.95414557266963,393.1766052246094,387.95414557266963,393.1766052246094,1100,0.0,0.0
2009-06-19 00:00:00+09:00,395.41485595703125,395.41485595703125,395.41485595703125,395.41485595703125,1100,0.0,0.0
2009-06-22 00:00:00+09:00,395.41485595703125,395.41485595703125,395.41485595703125,395.41485595703125,1100,0.0,0.0
2009-06-23 00:00:00+09:00,402.8754352072011,428.98773193359375,402.8754352072011,428.98773193359375,6300,0.0,0.0
2009-06-24 00:00:00+09:00,451.36973266601564,451.36973266601564,432.7180908203125,447.639404296875,3700,0.0,0.0
2009-06-25 00:00:00+09:00,470.0214179254347,476.7360096100838,447.63944564327113,462.5607604980469,4200,0.0,0.0
2009-06-26 00:00:00+09:00,461.81469475530804,462.5607604980468,455.100103070659,462.5607604980469,1300,0.0,0.0
2009-06-29 00:00:00+09:00,458.8304443359375,458.8304443359375,458.8304443359375,458.8304443359375,2000,0.0,0.0
2009-06-30 00:00:00+09:00,458.83030278132514,484.9425964355469,458.83030278132514,484.9425964355469,3200,0.0,0.0
2009-07-01 00:00:00+09:00,484.94278865074045,499.8641052246094,480.4663936785798,499.8641052246094,2500,0.0,0.0
2009-07-02 00:00:00+09:00,498.3719177246094,498.3719177246094,498.3719177246094,498.3719177246094,400,0.0,0.0
2009-07-03 00:00:00+09:00,488.6729241004357,488.6729241004357,484.1965309025691,484.9425964355469,500,0.0,0.0
2009-07-06 00:00:00+09:00,484.9425964355469,484.9425964355469,481.21226877065806,484.9425964355469,1700,0.0,0.0
2009-07-07 00:00:00+09:00,485.6888122558594,485.6888122558594,485.6888122558594,485.6888122558594,1200,0.0,0.0
2009-07-08 00:00:00+09:00,486.4348731937265,496.13372802734375,486.4348731937265,496.13372802734375,1600,0.0,0.0
2009-07-09 00:00:00+09:00,496.13372802734375,496.13372802734375,496.13372802734375,496.13372802734375,1500,0.0,0.0
2009-07-10 00:00:00+09:00,495.3876037597656,495.3876037597656,473.0056337103786,495.3876037597656,1500,0.0,0.0
2009-07-13 00:00:00+09:00,480.4662902545481,480.4662902545481,440.1787441773034,476.7359619140625,2500,0.0,0.0
2009-07-14 00:00:00+09:00,477.4820251464844,477.4820251464844,476.73595948219304,477.4820251464844,1600,0.0,0.0
2009-07-15 00:00:00+09:00,477.4820251464844,477.4820251464844,477.4820251464844,477.4820251464844,1600,0.0,0.0
2009-07-16 00:00:00+09:00,477.4820251464844,477.4820251464844,473.75169682502747,477.4820251464844,1500,0.0,0.0
2009-07-17 00:00:00+09:00,477.4820251464844,477.4820251464844,477.4820251464844,477.4820251464844,500,0.0,0.0
2009-07-21 00:00:00+09:00,478.2282104492188,478.2282104492188,478.2282104492188,478.22821044921875,400,0.0,0.0
2009-07-22 00:00:00+09:00,478.2282104492188,478.2282104492188,478.2282104492188,478.22821044921875,2500,0.0,0.0
2009-07-23 00:00:00+09:00,478.2282104492188,478.2282104492188,478.2282104492188,478.22821044921875,0,0.0,0.0
2009-07-24 00:00:00+09:00,477.4820089660235,477.4820089660235,444.6551208496094,444.6551208496094,400,0.0,0.0
2009-07-27 00:00:00+09:00,444.6551208496094,444.6551208496094,444.6551208496094,444.6551208496094,0,0.0,0.0
2009-07-28 00:00:00+09:00,444.6551208496094,444.6551208496094,444.6551208496094,444.6551208496094,0,0.0,0.0
2009-07-29 00:00:00+09:00,447.63940429687506,447.63940429687506,447.63940429687506,447.639404296875,100,0.0,0.0
2009-07-30 00:00:00+09:00,447.63940429687506,447.63940429687506,447.63940429687506,447.639404296875,100,0.0,0.0
2009-07-31 00:00:00+09:00,455.1000153228809,461.8146057128906,455.1000153228809,461.8146057128906,700,0.0,0.0
2009-08-03 00:00:00+09:00,462.5607604980468,462.5607604980468,462.5607604980468,462.5607604980469,100,0.0,0.0
2009-08-04 00:00:00+09:00,463.30670166015625,463.30670166015625,463.30670166015625,463.30670166015625,100,0.0,0.0
2009-08-05 00:00:00+09:00,463.30670166015625,463.30670166015625,463.30670166015625,463.30670166015625,0,0.0,0.0
2009-08-06 00:00:00+09:00,447.63940429687506,447.63940429687506,447.63940429687506,447.639404296875,1000,0.0,0.0
2009-08-07 00:00:00+09:00,446.1472473144531,446.1472473144531,446.1472473144531,446.1472473144531,100,0.0,0.0
2009-08-10 00:00:00+09:00,446.1472473144531,447.6393785763744,446.1472473144531,446.1472473144531,2200,0.0,0.0
2009-08-11 00:00:00+09:00,446.1472473144531,446.1472473144531,446.1472473144531,446.1472473144531,0,0.0,0.0
2009-08-12 00:00:00+09:00,446.1471318605567,446.1471318605567,443.908935546875,443.908935546875,700,0.0,0.0
2009-08-13 00:00:00+09:00,443.16311206556344,443.16311206556344,435.70245361328125,435.70245361328125,600,0.0,0.0
2009-08-14 00:00:00+09:00,405.85965083607454,425.2573547363281,405.85965083607454,425.2573547363281,2400,0.0,0.0
2009-08-17 00:00:00+09:00,432.7180100825795,432.7180100825795,425.2573547363281,425.2573547363281,200,0.0,0.0
2009-08-18 00:00:00+09:00,425.2573547363281,425.2573547363281,425.2573547363281,425.2573547363281,0,0.0,0.0
2009-08-19 00:00:00+09:00,421.527099609375,421.527099609375,421.527099609375,421.527099609375,100,0.0,0.0
2009-08-20 00:00:00+09:00,421.5271631876627,422.2732289632161,420.7810974121094,420.7810974121094,1400,0.0,0.0
2009-08-21 00:00:00+09:00,425.2574279245022,425.2574279245022,421.527099609375,421.527099609375,200,0.0,0.0
2009-08-24 00:00:00+09:00,421.527099609375,421.527099609375,421.527099609375,421.527099609375,100,0.0,0.0
2009-08-25 00:00:00+09:00,421.527099609375,421.527099609375,421.527099609375,421.527099609375,0,0.0,0.0
2009-08-26 00:00:00+09:00,417.0506286621094,417.0506286621094,417.0506286621094,417.0506286621094,100,0.0,0.0
2009-08-27 00:00:00+09:00,417.0506286621094,417.0506286621094,417.0506286621094,417.0506286621094,0,0.0,0.0
2009-08-28 00:00:00+09:00,417.0506286621094,417.0506286621094,417.0506286621094,417.0506286621094,200,0.0,0.0
2009-08-31 00:00:00+09:00,417.0506286621094,417.0506286621094,417.0506286621094,417.0506286621094,100,0.0,0.0
2009-09-02 00:00:00+09:00,381.2395543558189,381.2395543558189,374.52496337890625,374.52496337890625,2300,0.0,0.0
2009-09-03 00:00:00+09:00,376.76312492007304,376.76312492007304,374.5249281383696,376.0170593261719,900,0.0,0.0
2009-09-04 00:00:00+09:00,373.03277587890625,373.03277587890625,373.03277587890625,373.03277587890625,500,0.0,0.0
2009-09-07 00:00:00+09:00,373.77891297553,373.77891297553,351.3969421386719,351.3969421386719,1500,0.0,0.0
2009-09-08 00:00:00+09:00,351.3969421386719,351.3969421386719,351.3969421386719,351.3969421386719,500,0.0,0.0
2009-09-09 00:00:00+09:00,351.3969421386719,351.3969421386719,351.3969421386719,351.3969421386719,100,0.0,0.0
2009-09-10 00:00:00+09:00,352.88905887883664,355.8733215332031,352.88905887883664,355.8733215332031,200,0.0,0.0
2009-09-11 00:00:00+09:00,358.8576354980469,358.8576354980469,358.8576354980469,358.8576354980469,200,0.0,0.0
2009-09-14 00:00:00+09:00,370.0485931396484,370.0485931396484,358.1115417480469,358.1115417480469,700,0.0,0.0
2009-09-15 00:00:00+09:00,365.5721130371094,365.5721130371094,365.5721130371094,365.5721130371094,300,0.0,0.0
2009-09-16 00:00:00+09:00,365.5721130371094,365.5721130371094,365.5721130371094,365.5721130371094,0,0.0,0.0
2009-09-17 00:00:00+09:00,365.5721130371094,365.5721130371094,365.5721130371094,365.5721130371094,0,0.0,0.0
2009-09-18 00:00:00+09:00,372.2867028684032,376.7630960892658,365.5721130371094,365.5721130371094,600,0.0,0.0
2009-09-21 00:00:00+09:00,365.5721130371094,365.5721130371094,365.5721130371094,365.5721130371094,0,0.0,0.0
2009-09-24 00:00:00+09:00,369.30242919921875,369.30242919921875,369.30242919921875,369.30242919921875,700,0.0,0.0
2009-09-25 00:00:00+09:00,373.03275676688764,373.03275676688764,369.30242919921875,369.30242919921875,1300,0.0,0.0
2009-09-28 00:00:00+09:00,365.5721130371094,365.5721130371094,365.5721130371094,365.5721130371094,200,0.0,0.0
2009-09-29 00:00:00+09:00,380.4934997558594,380.4934997558594,380.4934997558594,380.4934997558594,300,0.0,0.0
2009-09-30 00:00:00+09:00,380.4934997558594,380.4934997558594,380.4934997558594,380.4934997558594,0,0.0,0.0
2009-10-01 00:00:00+09:00,361.8418819994197,361.8418819994197,336.47564697265625,336.47564697265625,1300,0.0,0.0
2009-10-02 00:00:00+09:00,362.58788916862966,362.58788916862966,343.9362487792969,343.9362487792969,200,0.0,0.0
2009-10-05 00:00:00+09:00,343.9362487792969,343.9362487792969,343.9362487792969,343.9362487792969,0,0.0,0.0
2009-10-06 00:00:00+09:00,343.190185546875,343.190185546875,343.190185546875,343.190185546875,600,0.0,0.0
2009-10-07 00:00:00+09:00,335.72955322265625,335.72955322265625,335.72955322265625,335.72955322265625,100,0.0,0.0
2009-10-08 00:00:00+09:00,335.72954698042435,335.72954698042435,328.2688903808594,328.2688903808594,300,0.0,0.0
2009-10-09 00:00:00+09:00,335.7295445033482,335.7295445033482,329.01495361328125,329.01495361328125,600,0.0,0.0
2009-10-13 00:00:00+09:00,327.5229073660714,327.5229073660714,313.34765625,313.34765625,1000,0.0,0.0
2009-10-14 00:00:00+09:00,302.9026547014866,303.6487203534607,291.711669921875,291.711669921875,3100,0.0,0.0
2009-10-15 00:00:00+09:00,302.15655502007934,302.15655502007934,292.45770263671875,292.45770263671875,1100,0.0,0.0
2009-10-16 00:00:00+09:00,298.4263000488281,298.4263000488281,298.4263000488281,298.4263000488281,400,0.0,0.0
2009-10-19 00:00:00+09:00,296.93414306640625,296.93414306640625,296.93414306640625,296.93414306640625,600,0.0,0.0
2009-10-20 00:00:00+09:00,298.4263000488281,299.1723657989502,298.4263000488281,298.4263000488281,500,0.0,0.0
2009-10-21 00:00:00+09:00,299.91839599609375,299.91839599609375,299.91839599609375,299.91839599609375,100,0.0,0.0
2009-10-22 00:00:00+09:00,301.41058320265546,310.3633728027344,301.41058320265546,310.3633728027344,700,0.0,0.0
2009-10-23 00:00:00+09:00,317.823974609375,317.823974609375,317.823974609375,317.823974609375,100,0.0,0.0
2009-10-26 00:00:00+09:00,322.3003988486842,354.3812255859375,322.3003988486842,354.3812255859375,900,0.0,0.0
2009-10-27 00:00:00+09:00,354.3812255859375,354.3812255859375,354.3812255859375,354.3812255859375,0,0.0,0.0
2009-10-28 00:00:00+09:00,350.6509094238281,350.6509094238281,350.6509094238281,350.6509094238281,100,0.0,0.0
2009-10-29 00:00:00+09:00,350.6509094238281,350.6509094238281,350.6509094238281,350.6509094238281,0,0.0,0.0
2009-10-30 00:00:00+09:00,350.6509094238281,350.6509094238281,350.6509094238281,350.6509094238281,0,0.0,0.0
2009-11-02 00:00:00+09:00,350.6509094238281,350.6509094238281,350.6509094238281,350.6509094238281,0,0.0,0.0
2009-11-04 00:00:00+09:00,346.9205136506454,346.9205136506454,343.190185546875,343.190185546875,400,0.0,0.0
2009-11-05 00:00:00+09:00,320.8081970214844,320.8081970214844,320.8081970214844,320.8081970214844,100,0.0,0.0
2009-11-06 00:00:00+09:00,320.8081970214844,320.8081970214844,320.8081970214844,320.8081970214844,0,0.0,0.0
2009-11-09 00:00:00+09:00,313.34765625,313.34765625,313.34765625,313.34765625,100,0.0,0.0
2009-11-10 00:00:00+09:00,313.34765625,313.34765625,313.34765625,313.34765625,500,0.0,0.0
2009-11-11 00:00:00+09:00,313.34765625,313.34765625,313.34765625,313.34765625,0,0.0,0.0
2009-11-12 00:00:00+09:00,313.34765625,313.34765625,313.34765625,313.34765625,200,0.0,0.0
2009-11-13 00:00:00+09:00,309.6173095703125,309.6173095703125,309.6173095703125,309.6173095703125,200,0.0,0.0
2009-11-16 00:00:00+09:00,309.6173095703125,309.6173095703125,309.6173095703125,309.6173095703125,0,0.0,0.0
2009-11-17 00:00:00+09:00,309.6173095703125,309.6173095703125,309.6173095703125,309.6173095703125,100,0.0,0.0
2009-11-18 00:00:00+09:00,306.633056640625,306.633056640625,306.633056640625,306.633056640625,100,0.0,0.0
2009-11-19 00:00:00+09:00,302.9026160837684,303.648681640625,291.71163273091986,303.648681640625,2200,0.0,0.0
2009-11-20 00:00:00+09:00,303.648681640625,303.648681640625,303.648681640625,303.648681640625,3200,0.0,0.0
2009-11-24 00:00:00+09:00,285.74316491235663,294.6959533691406,285.74316491235663,294.6959533691406,1100,0.0,0.0
2009-11-25 00:00:00+09:00,294.6959533691406,294.6959533691406,294.6959533691406,294.6959533691406,0,0.0,0.0
2009-11-26 00:00:00+09:00,294.6959533691406,294.6959533691406,294.6959533691406,294.6959533691406,0,0.0,0.0
2009-11-27 00:00:00+09:00,294.6959176412443,305.88690185546875,294.6959176412443,305.88690185546875,800,0.0,0.0
2009-11-30 00:00:00+09:00,305.88690185546875,305.88690185546875,305.88690185546875,305.88690185546875,3300,0.0,0.0
2009-12-01 00:00:00+09:00,283.50494384765625,283.50494384765625,283.50494384765625,283.50494384765625,1000,0.0,0.0
2009-12-02 00:00:00+09:00,294.6959533691406,294.6959533691406,294.6959533691406,294.6959533691406,100,0.0,0.0
2009-12-03 00:00:00+09:00,294.6959533691406,294.6959533691406,294.6959533691406,294.6959533691406,100,0.0,0.0
2009-12-04 00:00:00+09:00,287.235272056178,287.235272056178,283.50494384765625,283.50494384765625,2100,0.0,0.0
2009-12-07 00:00:00+09:00,283.50494384765625,283.50494384765625,283.50494384765625,283.50494384765625,0,0.0,0.0
2009-12-08 00:00:00+09:00,283.50494384765625,283.50494384765625,283.50494384765625,283.50494384765625,0,0.0,0.0
2009-12-09 00:00:00+09:00,279.7746276855469,279.7746276855469,279.7746276855469,279.7746276855469,900,0.0,0.0
2009-12-10 00:00:00+09:00,280.5206699166247,280.5206699166247,277.5364074707031,277.5364074707031,500,0.0,0.0
2009-12-11 00:00:00+09:00,277.5364074707031,277.5364074707031,277.5364074707031,277.5364074707031,0,0.0,0.0
2009-12-14 00:00:00+09:00,294.6959533691406,294.6959533691406,294.6959533691406,294.6959533691406,100,0.0,0.0
2009-12-15 00:00:00+09:00,294.695911509468,294.695911509468,279.0285339355469,279.0285339355469,2000,0.0,0.0
2009-12-16 00:00:00+09:00,279.0285339355469,279.0285339355469,279.0285339355469,279.0285339355469,0,0.0,0.0
2009-12-17 00:00:00+09:00,284.2510070800781,284.2510070800781,284.2510070800781,284.2510070800781,2300,0.0,0.0
2009-12-18 00:00:00+09:00,284.2510070800781,284.2510070800781,284.2510070800781,284.2510070800781,0,0.0,0.0
2009-12-21 00:00:00+09:00,287.23531379699705,298.4263000488281,287.23531379699705,298.4263000488281,1300,0.0,0.0
2009-12-22 00:00:00+09:00,298.42628189280066,299.1723475975327,285.74316491235663,294.6959533691406,3400,0.0,0.0
2009-12-24 00:00:00+09:00,294.6959533691406,298.42628189280066,294.6959533691406,294.6959533691406,1500,0.0,0.0
2009-12-25 00:00:00+09:00,294.6959533691406,294.6959533691406,294.6959533691406,294.6959533691406,0,0.0,0.0
2009-12-28 00:00:00+09:00,294.6959712982178,298.4263000488281,290.96564254760744,298.4263000488281,500,0.0,0.0
2009-12-29 00:00:00+09:00,298.4263000488281,298.4263000488281,298.4263000488281,298.4263000488281,0,0.0,0.0
2009-12-30 00:00:00+09:00,298.4263000488281,298.4263000488281,298.4263000488281,298.4263000488281,0,0.0,0.0
2010-01-04 00:00:00+09:00,298.4263000488281,298.4263000488281,298.4263000488281,298.4263000488281,0,0.0,0.0
2010-01-05 00:00:00+09:00,294.6959887846017,302.1566467285156,294.6959887846017,302.1566467285156,800,0.0,0.0
2010-01-06 00:00:00+09:00,302.1566467285156,302.1566467285156,302.1566467285156,302.1566467285156,0,0.0,0.0
2010-01-07 00:00:00+09:00,302.1566467285156,302.1566467285156,302.1566467285156,302.1566467285156,1300,0.0,0.0
2010-01-08 00:00:00+09:00,302.1565505269119,303.648681640625,302.1565505269119,303.648681640625,700,0.0,0.0
2010-01-12 00:00:00+09:00,299.17235580293254,301.4105529785156,298.4262900777382,301.4105529785156,600,0.0,0.0
2010-01-13 00:00:00+09:00,301.4105529785156,301.4105529785156,301.4105529785156,301.4105529785156,0,0.0,0.0
2010-01-14 00:00:00+09:00,319.3160938519613,329.0149471698947,319.3160938519613,321.5542907714844,8100,0.0,0.0
2010-01-15 00:00:00+09:00,322.3003579994357,339.45986780033155,322.3003579994357,330.507080078125,1200,0.0,0.0
2010-01-18 00:00:00+09:00,331.2531409102879,339.45986286977706,330.5070752776071,331.99920654296875,1500,0.0,0.0
2010-01-19 00:00:00+09:00,333.4913306236267,334.2373962402344,333.4913306236267,334.2373962402344,300,0.0,0.0
2010-01-20 00:00:00+09:00,322.30036988976883,329.7610266001801,322.30036988976883,326.7767639160156,3700,0.0,0.0
2010-01-21 00:00:00+09:00,343.9362803937013,352.8890686035156,335.7295578680381,352.8890686035156,1900,0.0,0.0
2010-01-22 00:00:00+09:00,359.60367317199706,359.60367317199706,358.1115417480469,358.1115417480469,2600,0.0,0.0
2010-01-25 00:00:00+09:00,358.85760251120416,359.6036682128906,358.85760251120416,359.6036682128906,700,0.0,0.0
2010-01-26 00:00:00+09:00,358.8576354980469,358.8576354980469,358.8576354980469,358.8576354980469,700,0.0,0.0
2010-01-27 00:00:00+09:00,358.1115417480469,358.1115417480469,358.1115417480469,358.1115417480469,100,0.0,0.0
2010-01-28 00:00:00+09:00,351.3969421386719,351.3969421386719,351.3969421386719,351.3969421386719,100,0.0,0.0
2010-01-29 00:00:00+09:00,351.3969421386719,351.3969421386719,351.3969421386719,351.3969421386719,300,0.0,0.0
2010-02-01 00:00:00+09:00,358.8576354980469,358.8576354980469,358.8576354980469,358.8576354980469,300,0.0,0.0
2010-02-02 00:00:00+09:00,373.0328559875488,373.0328559875488,347.6666217803955,358.1115417480469,400,0.0,0.0
2010-02-03 00:00:00+09:00,358.1115670711436,358.1115670711436,350.6509094238281,350.6509094238281,200,0.0,0.0
2010-02-04 00:00:00+09:00,350.6509094238281,350.6509094238281,350.6509094238281,350.6509094238281,0,0.0,0.0
2010-02-05 00:00:00+09:00,350.6509094238281,350.6509094238281,350.6509094238281,350.6509094238281,0,0.0,0.0
2010-02-08 00:00:00+09:00,350.6509094238281,350.6509094238281,350.6509094238281,350.6509094238281,0,0.0,0.0
2010-02-09 00:00:00+09:00,332.74527944159183,332.74527944159183,329.0149511967309,329.7610168457031,1300,0.0,0.0
2010-02-10 00:00:00+09:00,346.9205322265625,346.9205322265625,346.9205322265625,346.9205322265625,400,0.0,0.0
2010-02-12 00:00:00+09:00,350.6509094238281,350.6509094238281,350.6509094238281,350.6509094238281,1900,0.0,0.0
2010-02-15 00:00:00+09:00,355.12725830078125,355.12725830078125,355.12725830078125,355.12725830078125,200,0.0,0.0
2010-02-16 00:00:00+09:00,355.1272656559692,355.1272656559692,352.8890686035156,352.8890686035156,500,0.0,0.0
2010-02-17 00:00:00+09:00,352.8890686035156,352.8890686035156,352.8890686035156,352.8890686035156,0,0.0,0.0
2010-02-18 00:00:00+09:00,352.8890686035156,352.8890686035156,352.8890686035156,352.8890686035156,100,0.0,0.0
2010-02-19 00:00:00+09:00,352.8890686035156,352.8890686035156,352.8890686035156,352.8890686035156,0,0.0,0.0
2010-02-22 00:00:00+09:00,352.8890686035156,352.8890686035156,352.8890686035156,352.8890686035156,900,0.0,0.0
2010-02-23 00:00:00+09:00,352.8890686035156,353.6351342876668,352.8890686035156,352.8890686035156,500,0.0,0.0
2010-02-24 00:00:00+09:00,348.4126281738281,348.4126281738281,348.4126281738281,348.4126281738281,200,0.0,0.0
2010-02-25 00:00:00+09:00,348.4126281738281,348.4126281738281,348.4126281738281,348.4126281738281,0,0.0,0.0
2010-02-26 00:00:00+09:00,348.4126281738281,348.4126281738281,348.4126281738281,348.4126281738281,0,0.0,0.0
2010-03-01 00:00:00+09:00,348.4126281738281,348.4126281738281,348.4126281738281,348.4126281738281,0,0.0,0.0
2010-03-02 00:00:00+09:00,352.8890941097862,354.3812255859375,352.8890941097862,354.3812255859375,200,0.0,0.0
2010-03-03 00:00:00+09:00,354.3812255859375,354.3812255859375,354.3812255859375,354.3812255859375,0,0.0,0.0
2010-03-04 00:00:00+09:00,354.3812255859375,354.3812255859375,354.3812255859375,354.3812255859375,0,0.0,0.0
2010-03-05 00:00:00+09:00,354.3812255859375,354.3812255859375,354.3812255859375,354.3812255859375,100,0.0,0.0
2010-03-08 00:00:00+09:00,352.8891067180228,352.8891067180228,350.6509094238281,350.6509094238281,1300,0.0,0.0
2010-03-09 00:00:00+09:00,350.6508907629691,350.6508907629691,335.7295762624172,337.9677734375,2800,0.0,0.0
2010-03-10 00:00:00+09:00,335.72953470637293,335.72953470637293,329.7610096449263,331.99920654296875,2400,0.0,0.0
2010-03-11 00:00:00+09:00,335.7296384614089,346.174560546875,335.7296384614089,346.174560546875,2100,0.0,0.0
2010-03-12 00:00:00+09:00,346.174560546875,346.174560546875,346.174560546875,346.174560546875,0,0.0,0.0
2010-03-15 00:00:00+09:00,351.3969372352132,352.8890686035156,346.92054313030604,352.8890686035156,3900,0.0,0.0
2010-03-16 00:00:00+09:00,352.8890941097862,354.3812255859375,352.8890941097862,354.3812255859375,500,0.0,0.0
2010-03-17 00:00:00+09:00,352.8890941097862,354.3812255859375,352.8890941097862,354.3812255859375,700,0.0,0.0
2010-03-18 00:00:00+09:00,354.3811902060199,355.8733215332031,354.3811902060199,355.8733215332031,400,0.0,0.0
2010-03-19 00:00:00+09:00,356.6194103240967,358.1115417480469,356.6194103240967,358.1115417480469,3700,0.0,0.0
2010-03-23 00:00:00+09:00,358.1115417480469,358.1115417480469,358.1115417480469,358.1115417480469,0,0.0,0.0
2010-03-24 00:00:00+09:00,373.03275676688764,373.03275676688764,369.30242919921875,369.30242919921875,600,0.0,0.0
2010-03-25 00:00:00+09:00,370.048513671875,373.03277587890625,369.3024481201172,373.03277587890625,1600,0.0,0.0
2010-03-26 00:00:00+09:00,375.27105712890625,375.27105712890625,375.27105712890625,375.27105712890625,100,0.0,0.0
2010-03-29 00:00:00+09:00,381.9856262207031,381.9856262207031,381.9856262207031,381.9856262207031,100,0.0,0.0
2010-03-30 00:00:00+09:00,414.0665028797998,414.0665028797998,412.5743713378906,412.5743713378906,1600,0.0,0.0
2010-03-31 00:00:00+09:00,412.57434805486355,447.63943731088267,412.57434805486355,446.89337158203125,7000,0.0,0.0
2010-04-01 00:00:00+09:00,443.1630290064318,443.9090947118299,432.7181091308594,432.7181091308594,1200,0.0,0.0
2010-04-02 00:00:00+09:00,350.65087499697347,361.0957946777344,343.1902180821442,361.0957946777344,16000,0.0,0.0
2010-04-05 00:00:00+09:00,440.17860835740544,446.8931972984506,440.17860835740544,443.908935546875,2100,0.0,0.0
2010-04-06 00:00:00+09:00,440.17864990234375,440.17864990234375,440.17864990234375,440.17864990234375,500,0.0,0.0
2010-04-07 00:00:00+09:00,433.4641748362574,433.4641748362574,432.7181091308594,432.7181091308594,300,0.0,0.0
2010-04-08 00:00:00+09:00,426.00340524447165,440.17864990234375,425.2573397361626,440.17864990234375,900,0.0,0.0
2010-04-09 00:00:00+09:00,440.17878002236796,446.89337158203125,440.17878002236796,446.89337158203125,2600,0.0,0.0
2010-04-12 00:00:00+09:00,428.24161687482865,428.24161687482865,406.60571637069967,425.2573547363281,8400,0.0,0.0
2010-04-13 00:00:00+09:00,425.2574254767212,425.2574254767212,421.5270971830658,422.2731628417969,4100,0.0,0.0
2010-04-14 00:00:00+09:00,422.2732084001814,422.2732084001814,417.79681396484375,417.79681396484375,1400,0.0,0.0
2010-04-15 00:00:00+09:00,419.28891236004347,419.28891236004347,417.7967809993316,418.5428466796875,1500,0.0,0.0
2010-04-16 00:00:00+09:00,417.79681396484375,417.79681396484375,417.79681396484375,417.79681396484375,300,0.0,0.0
2010-04-19 00:00:00+09:00,414.0665105646307,414.0665105646307,410.336181640625,410.336181640625,2300,0.0,0.0
2010-04-20 00:00:00+09:00,410.336181640625,410.336181640625,410.336181640625,410.336181640625,100,0.0,0.0
2010-04-21 00:00:00+09:00,414.06637171695104,425.2573547363281,414.06637171695104,425.2573547363281,1500,0.0,0.0
2010-04-22 00:00:00+09:00,426.00346237235414,431.2259216308594,426.00346237235414,431.2259216308594,1400,0.0,0.0
2010-04-23 00:00:00+09:00,439.4326566358075,447.6393785763744,432.7180659571619,446.1472473144531,36000,0.0,0.0
2010-04-26 00:00:00+09:00,432.7180528475751,432.7180528475751,431.2259216308594,431.2259216308594,800,0.0,0.0
2010-04-27 00:00:00+09:00,436.44838088936456,436.44838088936456,431.2259216308594,431.2259216308594,500,0.0,0.0
2010-04-28 00:00:00+09:00,431.22595074656994,431.22595074656994,422.2731628417969,422.2731628417969,700,0.0,0.0
2010-04-30 00:00:00+09:00,422.2731628417969,422.2731628417969,422.2731628417969,422.2731628417969,100,0.0,0.0
2010-05-06 00:00:00+09:00,407.35181877829814,410.33608118693036,387.9541131221887,393.9226379394531,2800,0.0,0.0
2010-05-07 00:00:00+09:00,387.9540869140625,387.9540869140625,373.03277587890625,373.03277587890625,1000,0.0,0.0
2010-05-10 00:00:00+09:00,373.0328369140625,391.6844787597656,372.28677124023443,391.6844787597656,3400,0.0,0.0
2010-05-11 00:00:00+09:00,391.6844787597656,395.41480712890626,391.6844787597656,391.6844787597656,2600,0.0,0.0
2010-05-12 00:00:00+09:00,402.8755187988281,402.8755187988281,402.8755187988281,402.8755187988281,500,0.0,0.0
2010-05-13 00:00:00+09:00,399.145194868608,410.336181640625,399.145194868608,410.336181640625,3700,0.0,0.0
2010-05-14 00:00:00+09:00,410.33600973426746,410.33600973426746,406.6056823730469,406.6056823730469,800,0.0,0.0
2010-05-17 00:00:00+09:00,391.6844602731558,391.6844602731558,387.9541320800781,387.9541320800781,1800,0.0,0.0
2010-05-18 00:00:00+09:00,391.6844787597656,391.6844787597656,391.6844787597656,391.6844787597656,2000,0.0,0.0
2010-05-19 00:00:00+09:00,387.9541320800781,387.9541320800781,387.9541320800781,387.9541320800781,200,0.0,0.0
2010-05-20 00:00:00+09:00,387.9541320800781,387.9541320800781,387.9541320800781,387.9541320800781,1100,0.0,0.0
2010-05-21 00:00:00+09:00,387.9541320800781,387.9541320800781,387.9541320800781,387.9541320800781,100,0.0,0.0
2010-05-24 00:00:00+09:00,354.3811926320821,355.12725830078125,354.3811926320821,355.12725830078125,1600,0.0,0.0
2010-05-25 00:00:00+09:00,356.6194152832031,356.6194152832031,356.6194152832031,356.6194152832031,900,0.0,0.0
2010-05-26 00:00:00+09:00,354.3811823247553,354.3811823247553,339.4598693847656,339.4598693847656,1500,0.0,0.0
2010-05-27 00:00:00+09:00,364.0801086425781,364.0801086425781,364.0801086425781,364.0801086425781,100,0.0,0.0
2010-05-28 00:00:00+09:00,364.07998196348854,365.5721130371094,364.07998196348854,365.5721130371094,2800,0.0,0.0
2010-05-31 00:00:00+09:00,365.5721130371094,365.5721130371094,365.5721130371094,365.5721130371094,0,0.0,0.0
2010-06-01 00:00:00+09:00,365.5721130371094,365.5721130371094,365.5721130371094,365.5721130371094,0,0.0,0.0
2010-06-02 00:00:00+09:00,395.41485595703125,395.41485595703125,395.41485595703125,395.41485595703125,100,0.0,0.0
2010-06-03 00:00:00+09:00,393.9226379394531,393.9226379394531,393.9226379394531,393.9226379394531,100,0.0,0.0
2010-06-04 00:00:00+09:00,379.00138572859714,379.00138572859714,375.27105712890625,375.27105712890625,200,0.0,0.0
2010-06-07 00:00:00+09:00,375.27105712890625,375.27105712890625,375.27105712890625,375.27105712890625,0,0.0,0.0
2010-06-08 00:00:00+09:00,375.27105712890625,375.27105712890625,375.27105712890625,375.27105712890625,0,0.0,0.0
2010-06-09 00:00:00+09:00,375.27105712890625,375.27105712890625,375.27105712890625,375.27105712890625,0,0.0,0.0
2010-06-10 00:00:00+09:00,358.1115417480469,358.1115417480469,358.1115417480469,358.1115417480469,100,0.0,0.0
2010-06-11 00:00:00+09:00,358.1115417480469,358.1115417480469,358.1115417480469,358.1115417480469,100,0.0,0.0
2010-06-14 00:00:00+09:00,358.1115417480469,358.1115417480469,358.1115417480469,358.1115417480469,400,0.0,0.0
2010-06-15 00:00:00+09:00,358.1115417480469,358.1115417480469,350.6508846282959,358.1115417480469,700,0.0,0.0
2010-06-16 00:00:00+09:00,358.1115417480469,358.1115417480469,358.1115417480469,358.1115417480469,0,0.0,0.0
2010-06-17 00:00:00+09:00,361.8417663574219,361.8417663574219,361.8417663574219,361.8417663574219,200,0.0,0.0
2010-06-18 00:00:00+09:00,361.8417663574219,361.8417663574219,361.8417663574219,361.8417663574219,0,0.0,0.0
2010-06-21 00:00:00+09:00,361.84191851548746,370.7947082519531,361.84191851548746,370.7947082519531,200,0.0,0.0
2010-06-22 00:00:00+09:00,370.7947082519531,371.5407740633253,370.7947082519531,370.7947082519531,900,0.0,0.0
2010-06-23 00:00:00+09:00,370.7947082519531,370.7947082519531,370.7947082519531,370.7947082519531,100,0.0,0.0
2010-06-24 00:00:00+09:00,373.03277587890625,373.03277587890625,373.03277587890625,373.03277587890625,3000,0.0,0.0
2010-06-25 00:00:00+09:00,373.03277587890625,373.03277587890625,373.03277587890625,373.03277587890625,2300,0.0,0.0
2010-06-28 00:00:00+09:00,373.03277587890625,373.03277587890625,373.03277587890625,373.03277587890625,0,0.0,0.0
2010-06-29 00:00:00+09:00,373.03277587890625,373.03277587890625,373.03277587890625,373.03277587890625,0,0.0,0.0
2010-06-30 00:00:00+09:00,373.03277587890625,373.03277587890625,373.03277587890625,373.03277587890625,0,0.0,0.0
2010-07-01 00:00:00+09:00,359.60367317199706,359.60367317199706,358.1115417480469,358.1115417480469,1100,0.0,0.0
2010-07-02 00:00:00+09:00,373.03277587890625,373.03277587890625,373.03277587890625,373.03277587890625,100,0.0,0.0
2010-07-05 00:00:00+09:00,373.03277587890625,373.03277587890625,373.03277587890625,373.03277587890625,0,0.0,0.0
2010-07-06 00:00:00+09:00,373.03277587890625,373.03277587890625,373.03277587890625,373.03277587890625,0,0.0,0.0
2010-07-07 00:00:00+09:00,346.92058060017035,350.6509094238281,346.92058060017035,350.6509094238281,500,0.0,0.0
2010-07-08 00:00:00+09:00,350.6509094238281,350.6509094238281,350.6509094238281,350.6509094238281,100,0.0,0.0
2010-07-09 00:00:00+09:00,344.6823425292969,344.6823425292969,344.6823425292969,344.6823425292969,1000,0.0,0.0
2010-07-12 00:00:00+09:00,335.72955322265625,335.72955322265625,335.72955322265625,335.72955322265625,300,0.0,0.0
2010-07-13 00:00:00+09:00,343.190185546875,343.190185546875,343.190185546875,343.190185546875,100,0.0,0.0
2010-07-14 00:00:00+09:00,355.12723547894024,355.12723547894024,343.190185546875,343.190185546875,300,0.0,0.0
2010-07-15 00:00:00+09:00,343.9362487792969,343.9362487792969,343.9362487792969,343.9362487792969,300,0.0,0.0
2010-07-16 00:00:00+09:00,343.9362487792969,343.9362487792969,343.9362487792969,343.9362487792969,200,0.0,0.0
2010-07-21 00:00:00+09:00,350.6509094238281,350.6509094238281,350.6509094238281,350.6509094238281,1400,0.0,0.0
2010-07-22 00:00:00+09:00,342.44422697495787,342.44422697495787,338.7138977050781,338.7138977050781,200,0.0,0.0
2010-07-23 00:00:00+09:00,338.7138977050781,338.7138977050781,338.7138977050781,338.7138977050781,0,0.0,0.0
2010-07-26 00:00:00+09:00,338.7138977050781,338.7138977050781,338.7138977050781,338.7138977050781,0,0.0,0.0
2010-07-27 00:00:00+09:00,338.7138977050781,338.7138977050781,338.7138977050781,338.7138977050781,0,0.0,0.0
2010-07-28 00:00:00+09:00,338.7138441809001,338.7138441809001,336.47564697265625,336.47564697265625,1200,0.0,0.0
2010-07-29 00:00:00+09:00,337.2216796875,337.2216796875,337.2216796875,337.2216796875,400,0.0,0.0
2010-07-30 00:00:00+09:00,339.4598693847656,339.4598693847656,337.22167244376715,339.4598693847656,1000,0.0,0.0
2010-08-02 00:00:00+09:00,339.4598693847656,339.4598693847656,339.4598693847656,339.4598693847656,0,0.0,0.0
2010-08-03 00:00:00+09:00,339.4598693847656,339.4598693847656,339.4598693847656,339.4598693847656,100,0.0,0.0
2010-08-04 00:00:00+09:00,335.72955322265625,335.72955322265625,335.72955322265625,335.72955322265625,200,0.0,0.0
2010-08-05 00:00:00+09:00,320.80818807785414,333.4913024902344,320.80818807785414,333.4913024902344,400,0.0,0.0
2010-08-06 00:00:00+09:00,333.4913024902344,333.4913024902344,333.4913024902344,333.4913024902344,0,0.0,0.0
2010-08-09 00:00:00+09:00,333.4913024902344,333.4913024902344,333.4913024902344,333.4913024902344,0,0.0,0.0
2010-08-10 00:00:00+09:00,331.99921868064183,331.99921868064183,328.2688903808594,328.2688903808594,200,0.0,0.0
2010-08-11 00:00:00+09:00,328.2688903808594,328.2688903808594,328.2688903808594,328.2688903808594,1000,0.0,0.0
2010-08-12 00:00:00+09:00,328.2688903808594,328.2688903808594,328.2688903808594,328.2688903808594,0,0.0,0.0
2010-08-13 00:00:00+09:00,316.3318176269531,316.3318176269531,316.3318176269531,316.3318176269531,500,0.0,0.0
2010-08-16 00:00:00+09:00,320.8081970214844,320.8081970214844,320.8081970214844,320.8081970214844,500,0.0,0.0
2010-08-17 00:00:00+09:00,320.80823378129435,328.2688903808594,320.80823378129435,328.2688903808594,700,0.0,0.0
2010-08-18 00:00:00+09:00,331.25323486328125,331.25323486328125,331.25323486328125,331.25323486328125,1000,0.0,0.0
2010-08-19 00:00:00+09:00,331.25323486328125,331.25323486328125,331.25323486328125,331.25323486328125,0,0.0,0.0
2010-08-20 00:00:00+09:00,330.507080078125,330.507080078125,330.507080078125,330.507080078125,1300,0.0,0.0
2010-08-23 00:00:00+09:00,320.8081970214844,320.8081970214844,320.8081970214844,320.8081970214844,400,0.0,0.0
2010-08-24 00:00:00+09:00,314.8396911621094,314.8396911621094,314.8396911621094,314.8396911621094,100,0.0,0.0
2010-08-25 00:00:00+09:00,314.8396911621094,314.8396911621094,314.8396911621094,314.8396911621094,0,0.0,0.0
2010-08-26 00:00:00+09:00,331.25323486328125,331.25323486328125,331.25323486328125,331.25323486328125,1100,0.0,0.0
2010-08-27 00:00:00+09:00,339.6684265136719,339.6684265136719,339.6684265136719,339.6684265136719,0,11.0,0.0
2010-08-30 00:00:00+09:00,339.6684265136719,339.6684265136719,339.6684265136719,339.6684265136719,0,0.0,0.0
2010-08-31 00:00:00+09:00,323.6029052734375,323.6029052734375,323.6029052734375,323.6029052734375,300,0.0,0.0
2010-09-01 00:00:00+09:00,323.6029052734375,323.6029052734375,323.6029052734375,323.6029052734375,0,0.0,0.0
2010-09-02 00:00:00+09:00,331.25317720301007,331.25317720301007,325.1330261230469,325.1330261230469,200,0.0,0.0
2010-09-03 00:00:00+09:00,325.1330874552112,325.1330874552112,314.4228210449219,314.4228210449219,2500,0.0,0.0
2010-09-06 00:00:00+09:00,314.4228210449219,314.4228210449219,314.4228210449219,314.4228210449219,0,0.0,0.0
2010-09-07 00:00:00+09:00,314.4228210449219,314.4228210449219,314.4228210449219,314.4228210449219,0,0.0,0.0
2010-09-08 00:00:00+09:00,314.4228210449219,314.4228210449219,314.4228210449219,314.4228210449219,0,0.0,0.0
2010-09-09 00:00:00+09:00,314.4228210449219,314.4228210449219,314.4228210449219,314.4228210449219,0,0.0,0.0
2010-09-10 00:00:00+09:00,314.4228210449219,314.4228210449219,314.4228210449219,314.4228210449219,0,0.0,0.0
2010-09-13 00:00:00+09:00,314.4228210449219,314.4228210449219,314.4228210449219,314.4228210449219,0,0.0,0.0
2010-09-14 00:00:00+09:00,332.7832063411382,332.7832063411382,326.6630554199219,326.6630554199219,200,0.0,0.0
2010-09-16 00:00:00+09:00,320.5428161621094,320.5428161621094,320.5428161621094,320.5428161621094,500,0.0,0.0
2010-09-17 00:00:00+09:00,325.1330261230469,325.1330261230469,325.1330261230469,325.1330261230469,200,0.0,0.0
2010-09-21 00:00:00+09:00,325.1330261230469,325.1330261230469,325.1330261230469,325.1330261230469,1400,0.0,0.0
2010-09-22 00:00:00+09:00,313.65765380859375,313.65765380859375,313.65765380859375,313.65765380859375,1000,0.0,0.0
2010-09-24 00:00:00+09:00,313.65765380859375,313.65765380859375,313.65765380859375,313.65765380859375,0,0.0,0.0
2010-09-27 00:00:00+09:00,317.48275576472,323.6029052734375,315.18769969895095,323.6029052734375,900,0.0,0.0
2010-09-28 00:00:00+09:00,323.6029052734375,323.6029052734375,323.6029052734375,323.6029052734375,200,0.0,0.0
2010-09-29 00:00:00+09:00,323.6029052734375,323.6029052734375,323.6029052734375,323.6029052734375,0,0.0,0.0
2010-09-30 00:00:00+09:00,321.3080139160156,321.3080139160156,321.3080139160156,321.3080139160156,100,0.0,0.0
2010-10-01 00:00:00+09:00,321.3080139160156,321.3080139160156,321.3080139160156,321.3080139160156,0,0.0,0.0
2010-10-04 00:00:00+09:00,321.30797457407755,321.30797457407755,317.4828796386719,317.4828796386719,400,0.0,0.0
2010-10-05 00:00:00+09:00,317.4828796386719,317.4828796386719,317.4828796386719,317.4828796386719,100,0.0,0.0
2010-10-06 00:00:00+09:00,311.3626403808594,311.3626403808594,311.3626403808594,311.3626403808594,1200,0.0,0.0
2010-10-07 00:00:00+09:00,374.0941731355628,378.6842856893734,371.03409809968906,374.85919189453125,12000,0.0,0.0
2010-10-08 00:00:00+09:00,374.85919189453125,374.85919189453125,374.85919189453125,374.85919189453125,0,0.0,0.0
2010-10-12 00:00:00+09:00,341.96341207177414,352.6736755371094,341.96341207177414,352.6736755371094,6000,0.0,0.0
2010-10-13 00:00:00+09:00,352.6736755371094,352.6736755371094,348.0835626233943,352.6736755371094,1400,0.0,0.0
2010-10-14 00:00:00+09:00,352.6736755371094,352.6736755371094,338.1383179770116,352.6736755371094,1800,0.0,0.0
2010-10-15 00:00:00+09:00,352.67375406725654,355.73383002445615,352.67375406725654,354.96881103515625,700,0.0,0.0
2010-10-18 00:00:00+09:00,354.2037131750144,354.2037131750144,352.6736755371094,352.6736755371094,900,0.0,0.0
2010-10-19 00:00:00+09:00,352.6736755371094,352.6736755371094,352.6736755371094,352.6736755371094,500,0.0,0.0
2010-10-20 00:00:00+09:00,352.6736755371094,352.6736755371094,352.6736755371094,352.6736755371094,500,0.0,0.0
2010-10-21 00:00:00+09:00,352.6736755371094,352.6736755371094,352.6736755371094,352.6736755371094,500,0.0,0.0
2010-10-22 00:00:00+09:00,352.67367971669074,352.67367971669074,334.31322784423827,351.9086608886719,2900,0.0,0.0
2010-10-25 00:00:00+09:00,380.97936181640625,382.5093994140625,380.97936181640625,382.5093994140625,500,0.0,0.0
2010-10-26 00:00:00+09:00,380.21441650390625,380.21441650390625,380.21441650390625,380.21441650390625,700,0.0,0.0
2010-10-27 00:00:00+09:00,380.21432320731026,380.21432320731026,374.0941731355628,374.85919189453125,900,0.0,0.0
2010-10-28 00:00:00+09:00,374.85919189453125,382.5093794842155,374.85919189453125,374.85919189453125,1800,0.0,0.0
2010-10-29 00:00:00+09:00,374.85919189453125,374.85919189453125,367.97402306381537,374.85919189453125,900,0.0,0.0
2010-11-01 00:00:00+09:00,374.85919189453125,374.85919189453125,374.85919189453125,374.85919189453125,900,0.0,0.0
2010-11-02 00:00:00+09:00,377.9193420410156,377.9193420410156,374.85926639695884,377.9193420410156,1100,0.0,0.0
2010-11-04 00:00:00+09:00,377.9193420410156,377.9193420410156,374.85926639695884,377.9193420410156,2700,0.0,0.0
2010-11-05 00:00:00+09:00,377.9193157327586,377.9193157327586,377.154296875,377.154296875,1000,0.0,0.0
2010-11-08 00:00:00+09:00,377.154296875,377.154296875,376.38927801724134,377.154296875,1300,0.0,0.0
2010-11-09 00:00:00+09:00,377.154296875,377.154296875,371.79916487068965,377.154296875,2100,0.0,0.0
2010-11-10 00:00:00+09:00,376.38930353246917,377.154322442088,372.564208984375,372.564208984375,2500,0.0,0.0
2010-11-11 00:00:00+09:00,377.1542572021485,390.1595764160156,377.1542572021485,390.1595764160156,4400,0.0,0.0
2010-11-12 00:00:00+09:00,390.15959164422594,390.15959164422594,381.744384765625,381.744384765625,1900,0.0,0.0
2010-11-15 00:00:00+09:00,381.744384765625,381.744384765625,380.97936595847943,381.744384765625,1600,0.0,0.0
2010-11-16 00:00:00+09:00,381.744384765625,381.744384765625,380.2143471513339,381.744384765625,1400,0.0,0.0
2010-11-17 00:00:00+09:00,378.6843095370428,381.744384765625,378.6843095370428,381.744384765625,2300,0.0,0.0
2010-11-18 00:00:00+09:00,380.97936595847943,381.744384765625,380.97936595847943,381.744384765625,2100,0.0,0.0
2010-11-19 00:00:00+09:00,381.744384765625,381.744384765625,380.97936595847943,381.744384765625,1600,0.0,0.0
2010-11-22 00:00:00+09:00,383.2744666036981,396.2797878257797,381.744428812865,384.80450439453125,4200,0.0,0.0
2010-11-24 00:00:00+09:00,392.4546494917436,397.8097811612216,387.0995178222656,387.0995178222656,1100,0.0,0.0
2010-11-25 00:00:00+09:00,387.0995178222656,387.0995178222656,387.0995178222656,387.0995178222656,1000,0.0,0.0
2010-11-26 00:00:00+09:00,387.0995178222656,387.0995178222656,387.0995178222656,387.0995178222656,1000,0.0,0.0
2010-11-29 00:00:00+09:00,390.1595764160156,390.1595764160156,390.1595764160156,390.1595764160156,700,0.0,0.0
2010-11-30 00:00:00+09:00,390.1595764160156,390.1595764160156,390.1595764160156,390.1595764160156,2600,0.0,0.0
2010-12-01 00:00:00+09:00,393.9847482705594,419.9953918457031,390.15965362715593,419.9953918457031,4000,0.0,0.0
2010-12-02 00:00:00+09:00,419.99524648566,436.06063842773443,419.99524648566,436.0606384277344,4900,0.0,0.0
2010-12-03 00:00:00+09:00,436.0608004540512,445.24102783203125,436.0608004540512,445.24102783203125,3700,0.0,0.0
2010-12-06 00:00:00+09:00,443.7110028571621,443.7110028571621,436.0608131527283,442.94598388671875,2900,0.0,0.0
2010-12-07 00:00:00+09:00,442.94580640290917,442.94580640290917,436.06063842773443,436.0606384277344,2200,0.0,0.0
2010-12-08 00:00:00+09:00,436.06063842773443,436.06063842773443,419.99524648566,436.0606384277344,2400,0.0,0.0
2010-12-09 00:00:00+09:00,436.06063842773443,436.06063842773443,436.06063842773443,436.0606384277344,2100,0.0,0.0
2010-12-10 00:00:00+09:00,436.06063842773443,436.06063842773443,435.2956197638261,436.0606384277344,2000,0.0,0.0
2010-12-13 00:00:00+09:00,436.06063842773443,436.06063842773443,434.5306010999178,436.0606384277344,2200,0.0,0.0
2010-12-14 00:00:00+09:00,436.06063842773443,436.06063842773443,435.2956197638261,436.0606384277344,2200,0.0,0.0
2010-12-15 00:00:00+09:00,436.06078491210934,436.06078491210934,420.7604064941406,420.7604064941406,3900,0.0,0.0
2010-12-16 00:00:00+09:00,421.5252838134766,436.06063842773443,421.5252838134766,436.0606384277344,2800,0.0,0.0
2010-12-17 00:00:00+09:00,436.06074369742896,439.1208190917969,428.4105552115092,439.1208190917969,3400,0.0,0.0
2010-12-20 00:00:00+09:00,439.120814898947,439.8858337402344,439.120814898947,439.8858337402344,3600,0.0,0.0
2010-12-21 00:00:00+09:00,439.88594682249305,446.7711181640625,439.88594682249305,446.7711181640625,3700,0.0,0.0
2010-12-22 00:00:00+09:00,446.77098909477763,454.4211772642087,446.77098909477763,453.6561584472656,3200,0.0,0.0
2010-12-24 00:00:00+09:00,453.6560789981131,453.6560789981131,450.596004266254,451.36102294921875,2500,0.0,0.0
2010-12-27 00:00:00+09:00,451.3610229492188,451.3610229492188,451.3610229492188,451.36102294921875,2500,0.0,0.0
2010-12-28 00:00:00+09:00,451.3610229492188,451.3610229492188,451.3610229492188,451.36102294921875,2500,0.0,0.0
2010-12-29 00:00:00+09:00,443.7109680175781,443.7109680175781,443.7109680175781,443.7109680175781,100,0.0,0.0
2010-12-30 00:00:00+09:00,439.88591559579436,439.88591559579436,409.28515625,409.28515625,900,0.0,0.0
2011-01-04 00:00:00+09:00,409.28515625,409.28515625,409.28515625,409.28515625,900,0.0,0.0
2011-01-05 00:00:00+09:00,405.45997208815356,405.45997208815356,382.50940763033356,397.8097839355469,2100,0.0,0.0
2011-01-06 00:00:00+09:00,403.9300074986049,428.4106140136719,403.9300074986049,428.4106140136719,700,0.0,0.0
2011-01-07 00:00:00+09:00,424.5854797363281,424.5854797363281,424.5854797363281,424.5854797363281,100,0.0,0.0
2011-01-11 00:00:00+09:00,424.58542283261295,424.58542283261295,423.8204040527344,423.8204040527344,2500,0.0,0.0
2011-01-12 00:00:00+09:00,423.8204471982759,424.5854660560345,421.525390625,421.525390625,1700,0.0,0.0
2011-01-13 00:00:00+09:00,424.5854797363281,424.5854797363281,424.5854797363281,424.5854797363281,2000,0.0,0.0
2011-01-14 00:00:00+09:00,451.3611165985806,501.08734130859375,451.3611165985806,501.08734130859375,29200,0.0,0.0
2011-01-17 00:00:00+09:00,577.5892944335938,577.5892944335938,577.5892944335938,577.5892944335938,8300,0.0,0.0
2011-01-18 00:00:00+09:00,665.5662798146578,684.6917476254239,596.7145956959001,620.43017578125,98200,0.0,0.0
2011-01-19 00:00:00+09:00,608.1899538907138,608.1899538907138,566.1139193448154,572.2340698242188,18400,0.0,0.0
2011-01-20 00:00:00+09:00,568.4090672372982,589.8295973619878,566.1140104382243,577.5892944335938,9200,0.0,0.0
2011-01-21 00:00:00+09:00,576.0592042701679,576.0592042701679,543.1633931365461,553.8736572265625,4200,0.0,0.0
2011-01-24 00:00:00+09:00,530.9230975996976,549.2835505426267,516.3877390198788,541.6333618164062,7900,0.0,0.0
2011-01-25 00:00:00+09:00,536.2782089426006,547.7534915875921,536.2782089426006,545.4584350585938,2500,0.0,0.0
2011-01-26 00:00:00+09:00,545.4584350585938,545.4584350585938,545.4584350585938,545.4584350585938,0,0.0,0.0
2011-01-27 00:00:00+09:00,539.3383051985401,543.1633995616503,535.5132108354298,541.6333618164062,6700,0.0,0.0
2011-01-28 00:00:00+09:00,543.1632359641715,543.9282546063745,537.80810546875,537.80810546875,4200,0.0,0.0
2011-01-31 00:00:00+09:00,537.0431902049917,537.0431902049917,515.6226640999492,518.6827392578125,11900,0.0,0.0
2011-02-01 00:00:00+09:00,527.8629952566964,535.51318359375,524.0379010881696,535.51318359375,4700,0.0,0.0
2011-02-02 00:00:00+09:00,535.513158695556,540.103271484375,535.513158695556,540.103271484375,2100,0.0,0.0
2011-02-03 00:00:00+09:00,540.1030948215061,550.8133544921875,540.1030948215061,550.8133544921875,5100,0.0,0.0
2011-02-04 00:00:00+09:00,554.6386116994938,555.4036304742518,543.163330078125,543.163330078125,5000,0.0,0.0
2011-02-07 00:00:00+09:00,543.1633701991368,546.9884643554688,543.1633701991368,546.9884643554688,600,0.0,0.0
2011-02-08 00:00:00+09:00,550.8135178257043,554.6386116994938,543.163330078125,543.163330078125,5200,0.0,0.0
2011-02-09 00:00:00+09:00,543.163330078125,543.163330078125,535.5131423305457,543.163330078125,4600,0.0,0.0
2011-02-10 00:00:00+09:00,543.163330078125,543.163330078125,543.163330078125,543.163330078125,1300,0.0,0.0
2011-02-14 00:00:00+09:00,543.1632934917103,543.1632934917103,537.0431437058883,538.5731811523438,4800,0.0,0.0
2011-02-15 00:00:00+09:00,538.5733117432336,538.5733117432336,537.0432739257812,537.0432739257812,1100,0.0,0.0
2011-02-16 00:00:00+09:00,536.2781651850647,542.3983154296875,533.2180900627534,542.3983154296875,2700,0.0,0.0
2011-02-17 00:00:00+09:00,541.6333342633928,541.6333342633928,535.51318359375,535.51318359375,1600,0.0,0.0
2011-02-18 00:00:00+09:00,535.5132260529891,535.5132260529891,519.4478292713994,527.863037109375,3700,0.0,0.0
2011-02-21 00:00:00+09:00,532.4531504755435,532.4531504755435,526.3329993206521,527.863037109375,1900,0.0,0.0
2011-02-22 00:00:00+09:00,524.0379426375679,527.863037109375,524.0379426375679,527.863037109375,300,0.0,0.0
2011-02-23 00:00:00+09:00,520.9778257533483,535.51318359375,520.9778257533483,535.51318359375,300,0.0,0.0
2011-02-24 00:00:00+09:00,523.9718627929688,523.9718627929688,523.9718627929688,523.9718627929688,1000,4.0,0.0
2011-02-25 00:00:00+09:00,523.9718627929688,523.9718627929688,523.9718627929688,523.9718627929688,1000,0.0,0.0
2011-02-28 00:00:00+09:00,523.9718718073918,523.9718718073918,500.1199951171875,500.1199951171875,1400,0.0,0.0
2011-03-01 00:00:00+09:00,511.6613785714814,515.5084566058534,507.8143005371094,507.8143005371094,300,0.0,0.0
2011-03-02 00:00:00+09:00,523.2025209407217,523.2025209407217,522.43310546875,522.43310546875,300,0.0,0.0
2011-03-03 00:00:00+09:00,522.43310546875,522.43310546875,522.43310546875,522.43310546875,300,0.0,0.0
2011-03-04 00:00:00+09:00,521.6638054342832,523.20263671875,521.6638054342832,523.20263671875,3600,0.0,0.0
2011-03-07 00:00:00+09:00,523.20263671875,523.20263671875,523.20263671875,523.20263671875,100,0.0,0.0
2011-03-08 00:00:00+09:00,523.20263671875,523.20263671875,523.20263671875,523.20263671875,0,0.0,0.0
2011-03-09 00:00:00+09:00,523.20263671875,523.20263671875,523.20263671875,523.20263671875,100,0.0,0.0
2011-03-10 00:00:00+09:00,516.2777772818039,516.2777772818039,515.5083618164062,515.5083618164062,200,0.0,0.0
2011-03-11 00:00:00+09:00,515.5083618164062,515.5083618164062,515.5083618164062,515.5083618164062,500,0.0,0.0
2011-03-14 00:00:00+09:00,515.5083618164062,515.5083618164062,515.5083618164062,515.5083618164062,0,0.0,0.0
2011-03-15 00:00:00+09:00,392.4018606632314,392.4018606632314,361.625244140625,361.625244140625,5300,0.0,0.0
2011-03-16 00:00:00+09:00,324.6934104919434,375.4748443603516,324.6934104919434,369.31951904296875,6200,0.0,0.0
2011-03-17 00:00:00+09:00,350.85351712279527,376.2442321777344,350.85351712279527,376.2442321777344,1200,0.0,0.0
2011-03-18 00:00:00+09:00,393.1713596637432,400.0960998535156,378.5524637075571,400.0960998535156,3200,0.0,0.0
2011-03-22 00:00:00+09:00,423.1785480046676,461.649325096001,423.1785480046676,453.9551696777344,1300,0.0,0.0
2011-03-23 00:00:00+09:00,453.95518380624276,453.95518380624276,415.4844055175781,415.4844055175781,3000,0.0,0.0
2011-03-24 00:00:00+09:00,446.26092325846355,461.64923095703125,446.26092325846355,461.64923095703125,1800,0.0,0.0
2011-03-25 00:00:00+09:00,461.64929395053474,461.64929395053474,431.64208984375,431.64208984375,2800,0.0,0.0
2011-03-28 00:00:00+09:00,431.64211654663086,431.64211654663086,424.7173767089844,424.7173767089844,2400,0.0,0.0
2011-03-29 00:00:00+09:00,424.717353515625,442.4139099121094,424.717353515625,442.4139099121094,600,0.0,0.0
2011-03-30 00:00:00+09:00,446.260987389606,446.260987389606,442.4139099121094,442.4139099121094,200,0.0,0.0
2011-03-31 00:00:00+09:00,447.0305045963765,461.6494023370497,447.0305045963765,448.5693359375,1400,0.0,0.0
2011-04-01 00:00:00+09:00,453.9551696777343,453.9551696777343,453.9551696777343,453.9551696777344,100,0.0,0.0
2011-04-04 00:00:00+09:00,453.95512658196526,455.49395751953125,453.95512658196526,455.49395751953125,600,0.0,0.0
2011-04-05 00:00:00+09:00,455.49400076138767,455.49400076138767,453.9551696777343,453.9551696777344,700,0.0,0.0
2011-04-06 00:00:00+09:00,438.56689453125,438.56689453125,438.56689453125,438.56689453125,1600,0.0,0.0
2011-04-07 00:00:00+09:00,440.8751413445724,440.8751413445724,438.56689453125,438.56689453125,200,0.0,0.0
2011-04-08 00:00:00+09:00,430.87273848684214,438.56689453125,430.87273848684214,438.56689453125,300,0.0,0.0
2011-04-11 00:00:00+09:00,453.95514234459915,456.26338883109713,442.4139099121094,442.4139099121094,1100,0.0,0.0
2011-04-12 00:00:00+09:00,423.1785870595261,441.6445617675781,420.8703402210196,441.6445617675781,300,0.0,0.0
2011-04-13 00:00:00+09:00,442.4139099121094,442.4139099121094,442.4139099121094,442.4139099121094,1000,0.0,0.0
2011-04-14 00:00:00+09:00,438.56689453125,438.56689453125,438.56689453125,438.56689453125,100,0.0,0.0
2011-04-15 00:00:00+09:00,427.0256652832031,427.0256652832031,427.0256652832031,427.0256652832031,100,0.0,0.0
2011-04-18 00:00:00+09:00,427.0256652832031,427.0256652832031,427.0256652832031,427.0256652832031,100,0.0,0.0
2011-04-19 00:00:00+09:00,434.71972712292296,461.64926774115713,434.71972712292296,460.8798522949219,1600,0.0,0.0
2011-04-20 00:00:00+09:00,445.49157714843756,445.49157714843756,445.49157714843756,445.4915771484375,500,0.0,0.0
2011-04-21 00:00:00+09:00,450.8775329589844,450.8775329589844,450.8775329589844,450.8775329589844,400,0.0,0.0
2011-04-22 00:00:00+09:00,475.49887456391986,475.49887456391986,467.80471801757807,467.8047180175781,4100,0.0,0.0
2011-04-25 00:00:00+09:00,467.80471801757807,467.80471801757807,467.80471801757807,467.8047180175781,4100,0.0,0.0
2011-04-26 00:00:00+09:00,467.80471801757807,467.80471801757807,467.80471801757807,467.8047180175781,4100,0.0,0.0
2011-04-27 00:00:00+09:00,467.80471801757807,467.80471801757807,467.80471801757807,467.8047180175781,4100,0.0,0.0
2011-04-28 00:00:00+09:00,467.80471801757807,467.80471801757807,467.80471801757807,467.8047180175781,4100,0.0,0.0
2011-05-02 00:00:00+09:00,467.80471801757807,467.80471801757807,467.80471801757807,467.8047180175781,0,0.0,0.0
2011-05-06 00:00:00+09:00,467.80471801757807,467.80471801757807,467.80471801757807,467.8047180175781,0,0.0,0.0
2011-05-09 00:00:00+09:00,467.80471801757807,467.80471801757807,467.80471801757807,467.8047180175781,0,0.0,0.0
2011-05-10 00:00:00+09:00,438.566799026599,438.566799026599,427.79498291015625,427.79498291015625,500,0.0,0.0
2011-05-11 00:00:00+09:00,444.72216796875,444.72216796875,444.72216796875,444.72216796875,400,0.0,0.0
2011-05-12 00:00:00+09:00,444.7221897901687,444.7221897901687,434.71978759765625,434.71978759765625,200,0.0,0.0
2011-05-13 00:00:00+09:00,429.3338611121711,433.1809387207031,429.3338611121711,433.1809387207031,700,0.0,0.0
2011-05-16 00:00:00+09:00,434.71978759765625,434.71978759765625,434.71978759765625,434.71978759765625,300,0.0,0.0
2011-05-17 00:00:00+09:00,434.71978759765625,434.71978759765625,434.71978759765625,434.71978759765625,700,0.0,0.0
2011-05-18 00:00:00+09:00,434.71978759765625,434.71978759765625,434.71978759765625,434.71978759765625,700,0.0,0.0
2011-05-19 00:00:00+09:00,434.71978759765625,434.71978759765625,434.71978759765625,434.71978759765625,700,0.0,0.0
2011-05-20 00:00:00+09:00,434.71978759765625,434.71978759765625,434.71978759765625,434.71978759765625,700,0.0,0.0
2011-05-23 00:00:00+09:00,434.71978759765625,434.71978759765625,434.71978759765625,434.71978759765625,700,0.0,0.0
2011-05-24 00:00:00+09:00,434.71978759765625,434.71978759765625,434.71978759765625,434.71978759765625,300,0.0,0.0
2011-05-25 00:00:00+09:00,433.1809387207031,433.1809387207031,433.1809387207031,433.1809387207031,100,0.0,0.0
2011-05-26 00:00:00+09:00,442.41387621104286,442.41387621104286,412.40667417238086,427.79498291015625,1200,0.0,0.0
2011-05-27 00:00:00+09:00,408.55954484419385,423.1784362792969,405.48188348943535,423.1784362792969,8000,0.0,0.0
2011-05-30 00:00:00+09:00,423.1784362792969,423.1784362792969,423.1784362792969,423.1784362792969,0,0.0,0.0
2011-05-31 00:00:00+09:00,423.1784362792969,423.1784362792969,423.1784362792969,423.1784362792969,0,0.0,0.0
2011-06-01 00:00:00+09:00,429.3338928222656,429.3338928222656,429.3338928222656,429.3338928222656,8000,0.0,0.0
2011-06-02 00:00:00+09:00,429.3338928222656,429.3338928222656,429.3338928222656,429.3338928222656,600,0.0,0.0
2011-06-03 00:00:00+09:00,423.1784362792969,423.1784362792969,423.1784362792969,423.1784362792969,100,0.0,0.0
2011-06-06 00:00:00+09:00,423.1784362792969,423.1784362792969,423.1784362792969,423.1784362792969,100,0.0,0.0
2011-06-07 00:00:00+09:00,423.1784362792969,423.1784362792969,423.1784362792969,423.1784362792969,100,0.0,0.0
2011-06-08 00:00:00+09:00,423.1784362792969,423.1784362792969,423.1784362792969,423.1784362792969,100,0.0,0.0
2011-06-09 00:00:00+09:00,423.1784362792969,423.1784362792969,423.1784362792969,423.1784362792969,100,0.0,0.0
2011-06-10 00:00:00+09:00,423.1784362792969,423.1784362792969,423.1784362792969,423.1784362792969,100,0.0,0.0
2011-06-13 00:00:00+09:00,421.6396647862026,430.8726501464844,421.6396647862026,430.8726501464844,200,0.0,0.0
2011-06-14 00:00:00+09:00,423.1785872175887,427.0256652832031,423.1785872175887,427.0256652832031,1000,0.0,0.0
2011-06-15 00:00:00+09:00,427.795080896326,427.795080896326,427.0256652832031,427.0256652832031,300,0.0,0.0
2011-06-16 00:00:00+09:00,436.25864771792766,440.10572574013156,436.25864771792766,438.56689453125,400,0.0,0.0
2011-06-17 00:00:00+09:00,438.56689453125,438.56689453125,438.56689453125,438.56689453125,400,0.0,0.0
2011-06-20 00:00:00+09:00,440.10572574013156,440.10572574013156,438.56689453125,438.56689453125,1200,0.0,0.0
2011-06-21 00:00:00+09:00,438.56689453125,438.56689453125,438.56689453125,438.56689453125,1200,0.0,0.0
2011-06-22 00:00:00+09:00,438.56689453125,438.56689453125,438.56689453125,438.56689453125,1200,0.0,0.0
2011-06-23 00:00:00+09:00,438.56680063100964,438.56680063100964,420.100830078125,420.100830078125,700,0.0,0.0
2011-06-24 00:00:00+09:00,420.100830078125,420.100830078125,420.100830078125,420.100830078125,200,0.0,0.0
2011-06-27 00:00:00+09:00,416.25381968087015,419.33148193359375,416.25381968087015,419.33148193359375,400,0.0,0.0
2011-06-28 00:00:00+09:00,415.4843634067301,416.25377889452034,413.1761169433594,413.1761169433594,1300,0.0,0.0
2011-06-29 00:00:00+09:00,425.48674997909905,425.48674997909905,422.4090881347656,422.4090881347656,300,0.0,0.0
2011-06-30 00:00:00+09:00,422.4090881347656,424.7173345180157,422.4090881347656,422.4090881347656,1600,0.0,0.0
2011-07-01 00:00:00+09:00,425.4868469238281,425.4868469238281,425.4868469238281,425.4868469238281,300,0.0,0.0
2011-07-04 00:00:00+09:00,430.8726921555839,433.1809387207031,430.8726921555839,433.1809387207031,600,0.0,0.0
2011-07-05 00:00:00+09:00,438.56689453125,438.56689453125,438.56689453125,438.56689453125,300,0.0,0.0
2011-07-06 00:00:00+09:00,438.56689453125,438.56689453125,438.56689453125,438.56689453125,300,0.0,0.0
2011-07-07 00:00:00+09:00,438.56689453125,438.56689453125,438.56689453125,438.56689453125,300,0.0,0.0
2011-07-08 00:00:00+09:00,435.4891662597656,435.4891662597656,435.4891662597656,435.4891662597656,100,0.0,0.0
2011-07-11 00:00:00+09:00,435.4891662597656,435.4891662597656,435.4891662597656,435.4891662597656,100,0.0,0.0
2011-07-12 00:00:00+09:00,435.4891662597656,435.4891662597656,435.4891662597656,435.4891662597656,1500,0.0,0.0
2011-07-13 00:00:00+09:00,438.5667605122561,438.5667605122561,435.4890990349771,436.2585144042969,1100,0.0,0.0
2011-07-14 00:00:00+09:00,431.6420600946001,432.41147553148886,427.0255674732675,427.79498291015625,1000,0.0,0.0
2011-07-15 00:00:00+09:00,431.6420600946001,432.41147553148886,427.0255674732675,427.79498291015625,1000,0.0,0.0
2011-07-19 00:00:00+09:00,427.0256652832031,427.0256652832031,427.0256652832031,427.0256652832031,400,0.0,0.0
2011-07-20 00:00:00+09:00,427.0256652832031,427.0256652832031,427.0256652832031,427.0256652832031,400,0.0,0.0
2011-07-21 00:00:00+09:00,427.0256652832031,427.0256652832031,427.0256652832031,427.0256652832031,400,0.0,0.0
2011-07-22 00:00:00+09:00,427.0256652832031,427.0256652832031,427.0256652832031,427.0256652832031,400,0.0,0.0
2011-07-25 00:00:00+09:00,427.0256652832031,427.0256652832031,427.0256652832031,427.0256652832031,400,0.0,0.0
2011-07-26 00:00:00+09:00,431.64208984375,431.64208984375,431.64208984375,431.64208984375,100,0.0,0.0
2011-07-27 00:00:00+09:00,431.6421589619405,431.6421589619405,427.0256652832031,427.0256652832031,600,0.0,0.0
2011-07-28 00:00:00+09:00,427.025631708686,453.18576049804693,427.025631708686,453.1857604980469,300,0.0,0.0
2011-07-29 00:00:00+09:00,446.2609590802874,446.2609590802874,430.8726501464844,430.8726501464844,600,0.0,0.0
2011-08-01 00:00:00+09:00,430.1032588639149,431.64208984375,430.1032588639149,431.64208984375,5000,0.0,0.0
2011-08-02 00:00:00+09:00,438.56697761291286,438.56697761291286,432.4116516113281,432.4116516113281,1200,0.0,0.0
2011-08-03 00:00:00+09:00,430.87258966619316,430.87258966619316,423.1784362792969,423.1784362792969,1000,0.0,0.0
2011-08-04 00:00:00+09:00,423.1784362792969,423.1784362792969,423.1784362792969,423.1784362792969,1000,0.0,0.0
2011-08-05 00:00:00+09:00,420.87034037822,427.0256652832031,419.3315091519743,427.0256652832031,900,0.0,0.0
2011-08-08 00:00:00+09:00,427.0256652832031,427.0256652832031,427.0256652832031,427.0256652832031,100,0.0,0.0
2011-08-09 00:00:00+09:00,407.79022216796875,407.79022216796875,407.79022216796875,407.79022216796875,700,0.0,0.0
2011-08-10 00:00:00+09:00,423.17856330733866,426.2562255859375,415.48440761084163,426.2562255859375,700,0.0,0.0
2011-08-11 00:00:00+09:00,426.2562255859375,426.2562255859375,426.2562255859375,426.2562255859375,700,0.0,0.0
2011-08-12 00:00:00+09:00,418.56207275390625,418.56207275390625,418.56207275390625,418.56207275390625,200,0.0,0.0
2011-08-15 00:00:00+09:00,407.7902432331997,434.71978759765625,407.7902432331997,434.71978759765625,300,0.0,0.0
2011-08-16 00:00:00+09:00,434.71978759765625,434.71978759765625,434.71978759765625,434.71978759765625,300,0.0,0.0
2011-08-17 00:00:00+09:00,434.71978759765625,434.71978759765625,434.71978759765625,434.71978759765625,300,0.0,0.0
2011-08-18 00:00:00+09:00,434.71978759765625,434.71978759765625,434.71978759765625,434.71978759765625,300,0.0,0.0
2011-08-19 00:00:00+09:00,434.71978759765625,434.71978759765625,434.71978759765625,434.71978759765625,300,0.0,0.0
2011-08-22 00:00:00+09:00,434.71979466191044,434.71979466191044,415.4844055175781,415.4844055175781,4100,0.0,0.0
2011-08-23 00:00:00+09:00,419.33148193359375,419.33148193359375,419.33148193359375,419.33148193359375,100,0.0,0.0
2011-08-24 00:00:00+09:00,423.1784362792969,423.1784362792969,423.1784362792969,423.1784362792969,100,0.0,0.0
2011-08-25 00:00:00+09:00,427.0256320649544,434.71978759765625,427.0256320649544,434.71978759765625,600,0.0,0.0
2011-08-26 00:00:00+09:00,434.71978759765625,434.71978759765625,434.71978759765625,434.71978759765625,200,0.0,0.0
2011-08-29 00:00:00+09:00,437.08673095703125,437.08673095703125,437.08673095703125,437.08673095703125,1800,14.0,0.0
2011-08-30 00:00:00+09:00,437.08673095703125,437.08673095703125,437.08673095703125,437.08673095703125,200,0.0,0.0
2011-08-31 00:00:00+09:00,437.08673095703125,437.08673095703125,437.08673095703125,437.08673095703125,200,0.0,0.0
2011-09-01 00:00:00+09:00,437.08673095703125,437.08673095703125,437.08673095703125,437.08673095703125,200,0.0,0.0
2011-09-02 00:00:00+09:00,437.08673095703125,437.08673095703125,437.08673095703125,437.08673095703125,200,0.0,0.0
2011-09-05 00:00:00+09:00,418.1514892578125,418.1514892578125,418.1514892578125,418.1514892578125,1700,0.0,0.0
2011-09-06 00:00:00+09:00,402.3721877763856,418.1514892578125,394.4825370356722,418.1514892578125,1700,0.0,0.0
2011-09-07 00:00:00+09:00,404.73908299859966,418.1514892578125,404.73908299859966,418.1514892578125,300,0.0,0.0
2011-09-08 00:00:00+09:00,402.37224942161924,402.37224942161924,397.6384582519531,397.6384582519531,2100,0.0,0.0
2011-09-09 00:00:00+09:00,397.6384582519531,397.6384582519531,397.6384582519531,397.6384582519531,2100,0.0,0.0
2011-09-12 00:00:00+09:00,409.4729309082031,409.4729309082031,409.4729309082031,409.4729309082031,300,0.0,0.0
2011-09-13 00:00:00+09:00,409.4729309082031,409.4729309082031,409.4729309082031,409.4729309082031,300,0.0,0.0
2011-09-14 00:00:00+09:00,409.4729309082031,409.4729309082031,409.4729309082031,409.4729309082031,300,0.0,0.0
2011-09-15 00:00:00+09:00,409.4729309082031,409.4729309082031,409.4729309082031,409.4729309082031,100,0.0,0.0
2011-09-16 00:00:00+09:00,409.4729309082031,409.4729309082031,409.4729309082031,409.4729309082031,100,0.0,0.0
2011-09-20 00:00:00+09:00,409.47295750291676,417.36260986328125,409.47295750291676,417.36260986328125,1400,0.0,0.0
2011-09-21 00:00:00+09:00,409.4729309082031,409.4729309082031,409.4729309082031,409.4729309082031,200,0.0,0.0
2011-09-22 00:00:00+09:00,409.4729309082031,409.4729309082031,409.4729309082031,409.4729309082031,200,0.0,0.0
2011-09-26 00:00:00+09:00,409.4729309082031,409.4729309082031,409.4729309082031,409.4729309082031,200,0.0,0.0
2011-09-27 00:00:00+09:00,409.4729309082031,409.4729309082031,409.4729309082031,409.4729309082031,200,0.0,0.0
2011-09-28 00:00:00+09:00,409.4729309082031,409.4729309082031,409.4729309082031,409.4729309082031,200,0.0,0.0
2011-09-29 00:00:00+09:00,409.4729309082031,409.4729309082031,409.4729309082031,409.4729309082031,100,0.0,0.0
2011-09-30 00:00:00+09:00,409.4729309082031,409.4729309082031,409.4729309082031,409.4729309082031,100,0.0,0.0
2011-10-03 00:00:00+09:00,406.317138671875,406.317138671875,406.317138671875,406.317138671875,400,0.0,0.0
2011-10-04 00:00:00+09:00,398.42737529092204,398.42737529092204,395.2715148925781,395.2715148925781,1200,0.0,0.0
2011-10-05 00:00:00+09:00,395.2715148925781,395.2715148925781,395.2715148925781,395.2715148925781,1200,0.0,0.0
2011-10-06 00:00:00+09:00,395.2715148925781,395.2715148925781,395.2715148925781,395.2715148925781,300,0.0,0.0
2011-10-07 00:00:00+09:00,396.0605163574219,396.0605163574219,396.0605163574219,396.0605163574219,100,0.0,0.0
2011-10-11 00:00:00+09:00,396.0605163574219,396.0605163574219,396.0605163574219,396.0605163574219,100,0.0,0.0
2011-10-12 00:00:00+09:00,396.0605163574219,396.0605163574219,396.0605163574219,396.0605163574219,100,0.0,0.0
2011-10-13 00:00:00+09:00,396.8494873046875,396.8494873046875,396.8494873046875,396.8494873046875,400,0.0,0.0
2011-10-14 00:00:00+09:00,396.8494873046875,396.8494873046875,396.8494873046875,396.8494873046875,400,0.0,0.0
2011-10-17 00:00:00+09:00,396.0605163574219,396.0605163574219,396.0605163574219,396.0605163574219,400,0.0,0.0
2011-10-18 00:00:00+09:00,396.0605163574219,396.0605163574219,396.0605163574219,396.0605163574219,0,0.0,0.0
2011-10-19 00:00:00+09:00,394.48250749545963,394.48250749545963,387.3818223605414,393.69354248046875,2000,0.0,0.0
2011-10-20 00:00:00+09:00,393.69354248046875,393.69354248046875,393.69354248046875,393.69354248046875,100,0.0,0.0
2011-10-21 00:00:00+09:00,393.69354248046875,393.69354248046875,393.69354248046875,393.69354248046875,1300,0.0,0.0
2011-10-24 00:00:00+09:00,393.69354248046875,393.69354248046875,393.69354248046875,393.69354248046875,100,0.0,0.0
2011-10-25 00:00:00+09:00,393.69354248046875,393.69354248046875,393.69354248046875,393.69354248046875,500,0.0,0.0
2011-10-26 00:00:00+09:00,393.69354248046875,393.69354248046875,393.69354248046875,393.69354248046875,1000,0.0,0.0
2011-10-27 00:00:00+09:00,393.69354248046875,393.69354248046875,393.69354248046875,393.69354248046875,1000,0.0,0.0
2011-10-28 00:00:00+09:00,393.69354248046875,393.69354248046875,393.69354248046875,393.69354248046875,1000,0.0,0.0
2011-10-31 00:00:00+09:00,393.69354248046875,393.69354248046875,393.69354248046875,393.69354248046875,1000,0.0,0.0
2011-11-01 00:00:00+09:00,378.70320719564126,393.69354248046875,378.70320719564126,393.69354248046875,2100,0.0,0.0
2011-11-02 00:00:00+09:00,393.69354248046875,393.69354248046875,393.69354248046875,393.69354248046875,2100,0.0,0.0
2011-11-04 00:00:00+09:00,393.69357885742187,394.4825439453125,393.69357885742187,394.4825439453125,400,0.0,0.0
2011-11-07 00:00:00+09:00,402.3721618652344,402.3721618652344,402.3721618652344,402.3721618652344,100,0.0,0.0
2011-11-08 00:00:00+09:00,382.6480407714844,382.6480407714844,382.6480407714844,382.6480407714844,300,0.0,0.0
2011-11-09 00:00:00+09:00,382.6480407714844,382.6480407714844,382.6480407714844,382.6480407714844,300,0.0,0.0
2011-11-10 00:00:00+09:00,372.391575369275,389.7488098144531,370.81364496516795,389.7488098144531,1800,0.0,0.0
2011-11-11 00:00:00+09:00,358.97904943247306,385.014892578125,358.97904943247306,385.014892578125,2300,0.0,0.0
2011-11-14 00:00:00+09:00,372.3914944395727,386.5928649902344,372.3914944395727,386.5928649902344,1300,0.0,0.0
2011-11-15 00:00:00+09:00,374.7584819793701,378.70330810546875,374.7584819793701,378.70330810546875,1400,0.0,0.0
2011-11-16 00:00:00+09:00,378.70330810546875,378.70330810546875,378.70330810546875,378.70330810546875,1400,0.0,0.0
2011-11-17 00:00:00+09:00,378.70330810546875,378.70330810546875,378.70330810546875,378.70330810546875,200,0.0,0.0
2011-11-18 00:00:00+09:00,378.70330810546875,378.70330810546875,378.70330810546875,378.70330810546875,200,0.0,0.0
2011-11-21 00:00:00+09:00,382.6480407714844,382.6480407714844,382.6480407714844,382.6480407714844,1100,0.0,0.0
2011-11-22 00:00:00+09:00,382.6480407714844,382.6480407714844,382.6480407714844,382.6480407714844,0,0.0,0.0
2011-11-24 00:00:00+09:00,382.6480407714844,382.6480407714844,382.6480407714844,382.6480407714844,1100,0.0,0.0
2011-11-25 00:00:00+09:00,382.6480407714844,382.6480407714844,382.6480407714844,382.6480407714844,1100,0.0,0.0
2011-11-28 00:00:00+09:00,388.9598083496094,388.9598083496094,388.9598083496094,388.9598083496094,200,0.0,0.0
2011-11-29 00:00:00+09:00,388.9598083496094,388.9598083496094,388.9598083496094,388.9598083496094,200,0.0,0.0
2011-11-30 00:00:00+09:00,388.9598083496094,388.9598083496094,388.9598083496094,388.9598083496094,2900,0.0,0.0
2011-12-01 00:00:00+09:00,394.4825439453125,394.4825439453125,394.4825439453125,394.4825439453125,500,0.0,0.0
2011-12-02 00:00:00+09:00,394.4825439453125,394.4825439453125,394.4825439453125,394.4825439453125,500,0.0,0.0
2011-12-05 00:00:00+09:00,414.20672607421875,414.20672607421875,414.20672607421875,414.20672607421875,3500,0.0,0.0
2011-12-06 00:00:00+09:00,414.20668433694277,429.197021484375,414.20668433694277,429.197021484375,800,0.0,0.0
2011-12-07 00:00:00+09:00,429.197021484375,429.197021484375,429.197021484375,429.197021484375,800,0.0,0.0
2011-12-08 00:00:00+09:00,429.197021484375,429.197021484375,429.197021484375,429.197021484375,800,0.0,0.0
2011-12-09 00:00:00+09:00,410.261838517099,418.1514892578125,410.261838517099,418.1514892578125,200,0.0,0.0
2011-12-12 00:00:00+09:00,418.1514892578125,418.1514892578125,418.1514892578125,418.1514892578125,200,0.0,0.0
2011-12-13 00:00:00+09:00,426.04119873046875,426.04119873046875,426.04119873046875,426.04119873046875,100,0.0,0.0
2011-12-14 00:00:00+09:00,404.73907470703125,404.73907470703125,404.73907470703125,404.73907470703125,100,0.0,0.0
2011-12-15 00:00:00+09:00,410.2618408203125,410.2618408203125,410.2618408203125,410.2618408203125,300,0.0,0.0
2011-12-16 00:00:00+09:00,410.2618408203125,410.2618408203125,410.2618408203125,410.2618408203125,300,0.0,0.0
2011-12-19 00:00:00+09:00,406.317138671875,406.317138671875,406.317138671875,406.317138671875,400,0.0,0.0
2011-12-20 00:00:00+09:00,406.317138671875,406.317138671875,406.317138671875,406.317138671875,1300,0.0,0.0
2011-12-21 00:00:00+09:00,406.317138671875,406.317138671875,406.317138671875,406.317138671875,400,0.0,0.0
2011-12-22 00:00:00+09:00,410.2618408203125,410.2618408203125,410.2618408203125,410.2618408203125,300,0.0,0.0
2011-12-26 00:00:00+09:00,410.2618408203125,410.2618408203125,410.2618408203125,410.2618408203125,0,0.0,0.0
2011-12-27 00:00:00+09:00,426.830078125,426.830078125,426.830078125,426.830078125,300,0.0,0.0
2011-12-28 00:00:00+09:00,410.2618408203125,410.2618408203125,408.6839106633113,410.2618408203125,2500,0.0,0.0
2011-12-29 00:00:00+09:00,410.2618408203125,410.2618408203125,410.2618408203125,410.2618408203125,2500,0.0,0.0
2011-12-30 00:00:00+09:00,410.2618408203125,410.2618408203125,410.2618408203125,410.2618408203125,2500,0.0,0.0
2012-01-04 00:00:00+09:00,418.9405517578125,418.9405517578125,418.9405517578125,418.9405517578125,100,0.0,0.0
2012-01-05 00:00:00+09:00,402.3721618652344,402.3721618652344,395.2714766558479,402.3721618652344,2500,0.0,0.0
2012-01-06 00:00:00+09:00,402.372285212433,402.372285212433,370.81367460753626,377.1253967285156,8000,0.0,0.0
2012-01-10 00:00:00+09:00,383.4370176092066,385.01494772282473,372.39150681387963,384.2259826660156,1500,0.0,0.0
2012-01-11 00:00:00+09:00,384.2260073438103,384.2260073438103,383.4370422363281,383.4370422363281,500,0.0,0.0
2012-01-12 00:00:00+09:00,386.5928649902344,386.5928649902344,386.5928649902344,386.5928649902344,300,0.0,0.0
2012-01-13 00:00:00+09:00,391.3267517089844,391.3267517089844,391.3267517089844,391.3267517089844,200,0.0,0.0
2012-01-16 00:00:00+09:00,391.3267517089844,391.3267517089844,391.3267517089844,391.3267517089844,200,0.0,0.0
2012-01-17 00:00:00+09:00,382.64810836956065,382.64810836956065,362.92397907216065,366.8688049316406,8900,0.0,0.0
2012-01-18 00:00:00+09:00,366.8688049316406,366.8688049316406,366.8688049316406,366.8688049316406,500,0.0,0.0
2012-01-19 00:00:00+09:00,368.4467468261719,368.4467468261719,368.4467468261719,368.4467468261719,100,0.0,0.0
2012-01-20 00:00:00+09:00,371.6026041282798,376.3363952636719,371.6026041282798,376.3363952636719,200,0.0,0.0
2012-01-23 00:00:00+09:00,376.3363952636719,376.3363952636719,376.3363952636719,376.3363952636719,1200,0.0,0.0
2012-01-24 00:00:00+09:00,379.49218064141024,382.6480407714844,379.49218064141024,382.6480407714844,6500,0.0,0.0
2012-01-25 00:00:00+09:00,382.6480407714844,382.6480407714844,382.6480407714844,382.6480407714844,6500,0.0,0.0
2012-01-26 00:00:00+09:00,377.914306640625,377.914306640625,377.914306640625,377.914306640625,200,0.0,0.0
2012-01-27 00:00:00+09:00,379.4922925238829,382.64815358437255,377.1253967285156,377.1253967285156,1000,0.0,0.0
2012-01-30 00:00:00+09:00,382.64805255239753,384.2259826660156,378.7032272683522,384.2259826660156,300,0.0,0.0
2012-01-31 00:00:00+09:00,384.2259816115465,388.1708068847656,384.2259816115465,388.1708068847656,600,0.0,0.0
2012-02-01 00:00:00+09:00,388.1708068847656,388.1708068847656,388.1708068847656,388.1708068847656,400,0.0,0.0
2012-02-02 00:00:00+09:00,385.8039855957031,386.59295080142033,385.8039855957031,385.8039855957031,1000,0.0,0.0
2012-02-03 00:00:00+09:00,386.5928649902344,386.5928649902344,386.5928649902344,386.5928649902344,100,0.0,0.0
2012-02-06 00:00:00+09:00,389.7488098144531,389.7488098144531,389.7488098144531,389.7488098144531,200,0.0,0.0
2012-02-07 00:00:00+09:00,383.4370422363281,383.4370422363281,383.4370422363281,383.4370422363281,100,0.0,0.0
2012-02-08 00:00:00+09:00,386.59294900623894,389.7488098144531,386.59294900623894,389.7488098144531,700,0.0,0.0
2012-02-09 00:00:00+09:00,388.17083155987467,388.17083155987467,387.3818664550781,387.3818664550781,300,0.0,0.0
2012-02-10 00:00:00+09:00,387.3818664550781,387.3818664550781,387.3818664550781,387.3818664550781,300,0.0,0.0
2012-02-13 00:00:00+09:00,386.5929129641148,388.9598083496094,386.5929129641148,388.9598083496094,500,0.0,0.0
2012-02-14 00:00:00+09:00,385.8039894797585,390.53778076171875,385.8039894797585,390.53778076171875,2000,0.0,0.0
2012-02-15 00:00:00+09:00,392.9046821594238,392.9046821594238,390.53778648376465,391.3267517089844,2100,0.0,0.0
2012-02-16 00:00:00+09:00,394.482556962871,394.482556962871,392.11566162109375,392.11566162109375,1000,0.0,0.0
2012-02-17 00:00:00+09:00,398.42737401427013,402.37219949955994,398.42737401427013,399.2163391113281,1800,0.0,0.0
2012-02-20 00:00:00+09:00,399.2163048805846,414.99560546875,399.2163048805846,414.99560546875,600,0.0,0.0
2012-02-21 00:00:00+09:00,414.9956312913161,414.9956312913161,410.2618408203125,410.2618408203125,1500,0.0,0.0
2012-02-22 00:00:00+09:00,410.2618408203125,410.2618408203125,410.2618408203125,410.2618408203125,500,0.0,0.0
2012-02-23 00:00:00+09:00,413.4176881983449,413.4176881983449,412.62872314453125,412.62872314453125,3300,0.0,0.0
2012-02-24 00:00:00+09:00,412.6287768253565,415.7846374511719,412.6287768253565,415.7846374511719,3900,0.0,0.0
2012-02-27 00:00:00+09:00,422.1446250526125,422.1446250526125,417.3746292893062,420.55462646484375,2300,4.0,0.0
2012-02-28 00:00:00+09:00,418.9646301269531,418.9646301269531,418.9646301269531,418.9646301269531,100,0.0,0.0
2012-02-29 00:00:00+09:00,414.19461277133007,414.19461277133007,412.6046142578125,412.6046142578125,900,0.0,0.0
2012-03-01 00:00:00+09:00,412.6045776367187,412.6045776367187,405.4495849609375,405.4495849609375,3300,0.0,0.0
2012-03-02 00:00:00+09:00,409.4246826171875,409.4246826171875,409.4246826171875,409.4246826171875,500,0.0,0.0
2012-03-05 00:00:00+09:00,409.4246826171875,409.4246826171875,409.4246826171875,409.4246826171875,500,0.0,0.0
2012-03-06 00:00:00+09:00,409.4246826171875,409.4246826171875,409.4246826171875,409.4246826171875,0,0.0,0.0
2012-03-07 00:00:00+09:00,409.4246826171875,409.4246826171875,409.4246826171875,409.4246826171875,500,0.0,0.0
2012-03-08 00:00:00+09:00,409.4246826171875,409.4246826171875,409.4246826171875,409.4246826171875,0,0.0,0.0
2012-03-09 00:00:00+09:00,409.4246826171875,409.4246826171875,409.4246826171875,409.4246826171875,1300,0.0,0.0
2012-03-12 00:00:00+09:00,409.4246826171875,409.4246826171875,409.4246826171875,409.4246826171875,0,0.0,0.0
2012-03-13 00:00:00+09:00,417.37458906100903,417.37458906100903,416.57958984375,416.57958984375,1400,0.0,0.0
2012-03-14 00:00:00+09:00,415.7845764160156,415.7845764160156,415.7845764160156,415.7845764160156,100,0.0,0.0
2012-03-15 00:00:00+09:00,415.7846167015307,419.7596130371094,415.7846167015307,419.7596130371094,1400,0.0,0.0
2012-03-16 00:00:00+09:00,419.75965294471155,423.7346496582031,417.3746549166166,423.7346496582031,3300,0.0,0.0
2012-03-19 00:00:00+09:00,428.5046317844216,435.6596256361095,428.5046317844216,433.2746276855469,2000,0.0,0.0
2012-03-21 00:00:00+09:00,438.0445108309659,441.2245072798296,437.24951171875,437.24951171875,1000,0.0,0.0
2012-03-22 00:00:00+09:00,437.24956239972795,445.1995544433594,437.24956239972795,445.1995544433594,2800,0.0,0.0
2012-03-23 00:00:00+09:00,444.404608838597,444.404608838597,439.6346130371094,439.6346130371094,1500,0.0,0.0
2012-03-26 00:00:00+09:00,438.8396582207525,440.4296569824219,438.8396582207525,440.4296569824219,400,0.0,0.0
2012-03-27 00:00:00+09:00,440.4296569824219,440.4296569824219,440.4296569824219,440.4296569824219,500,0.0,0.0
2012-03-28 00:00:00+09:00,437.24954626062413,437.24954626062413,434.0695495605469,434.0695495605469,700,0.0,0.0
2012-03-29 00:00:00+09:00,437.24951171875,437.24951171875,437.24951171875,437.24951171875,1100,0.0,0.0
2012-03-30 00:00:00+09:00,438.04464248794693,441.2246398925781,437.24964313678913,441.2246398925781,2300,0.0,0.0
2012-04-02 00:00:00+09:00,452.3545574357024,461.0995488799779,449.174560546875,449.174560546875,2600,0.0,0.0
2012-04-03 00:00:00+09:00,445.1995544433594,451.5595480782645,443.6095560346331,445.1995544433594,4600,0.0,0.0
2012-04-04 00:00:00+09:00,449.1745504651751,449.1745504651751,445.1995544433594,445.1995544433594,1200,0.0,0.0
2012-04-05 00:00:00+09:00,449.1745555540158,476.9995280219637,445.19955948716614,476.20452880859375,800,0.0,0.0
2012-04-06 00:00:00+09:00,464.27957818582394,464.27957818582394,459.50958251953125,459.50958251953125,700,0.0,0.0
2012-04-09 00:00:00+09:00,447.5845456731399,473.81951904296875,445.1995480940646,473.81951904296875,3700,0.0,0.0
2012-04-10 00:00:00+09:00,460.30461480702525,468.2546081542969,460.30461480702525,468.2546081542969,400,0.0,0.0
2012-04-11 00:00:00+09:00,441.2246071286433,443.6096050050143,424.52962199404595,442.8146057128906,8000,0.0,0.0
2012-04-12 00:00:00+09:00,449.174560546875,449.174560546875,449.174560546875,449.174560546875,200,0.0,0.0
2012-04-13 00:00:00+09:00,449.17449840198867,449.17449840198867,437.24951171875,437.24951171875,2000,0.0,0.0
2012-04-16 00:00:00+09:00,440.4295081676137,440.4295081676137,437.24951171875,437.24951171875,200,0.0,0.0
2012-04-17 00:00:00+09:00,435.6596256361095,435.6596256361095,433.2746276855469,433.2746276855469,2100,0.0,0.0
2012-04-18 00:00:00+09:00,435.65950663737584,435.65950663737584,430.0945129394531,430.0945129394531,1000,0.0,0.0
2012-04-19 00:00:00+09:00,430.0946023003172,431.68460083007807,430.0946023003172,431.6846008300781,800,0.0,0.0
2012-04-20 00:00:00+09:00,429.29962613689366,430.8896247522155,426.11962890625,426.11962890625,2000,0.0,0.0
2012-04-23 00:00:00+09:00,426.11962890625,426.11962890625,426.11962890625,426.11962890625,2000,0.0,0.0
2012-04-24 00:00:00+09:00,426.91461181640625,426.91461181640625,426.91461181640625,426.91461181640625,500,0.0,0.0
2012-04-25 00:00:00+09:00,438.8395030361888,438.8395030361888,430.0945129394531,430.0945129394531,200,0.0,0.0
2012-04-26 00:00:00+09:00,430.0945129394531,430.0945129394531,430.0945129394531,430.0945129394531,200,0.0,0.0
2012-04-27 00:00:00+09:00,431.68460083007807,431.68460083007807,431.68460083007807,431.6846008300781,800,0.0,0.0
2012-05-01 00:00:00+09:00,430.09451970880684,437.24951171875,430.09451970880684,437.24951171875,1600,0.0,0.0
2012-05-02 00:00:00+09:00,430.09451970880684,437.24951171875,430.09451970880684,437.24951171875,1600,0.0,0.0
2012-05-07 00:00:00+09:00,436.45458984375,436.45458984375,436.45458984375,436.45458984375,200,0.0,0.0
2012-05-08 00:00:00+09:00,429.2996520996094,429.2996520996094,429.2996520996094,429.2996520996094,700,0.0,0.0
2012-05-09 00:00:00+09:00,429.2996520996094,429.2996520996094,429.2996520996094,429.2996520996094,700,0.0,0.0
2012-05-10 00:00:00+09:00,427.7095934477307,427.7095934477307,417.3746032714844,417.3746032714844,3000,0.0,0.0
2012-05-11 00:00:00+09:00,417.37463793416657,417.37463793416657,403.8596496582031,403.8596496582031,1100,0.0,0.0
2012-05-14 00:00:00+09:00,403.8596496582031,403.8596496582031,403.8596496582031,403.8596496582031,400,0.0,0.0
2012-05-15 00:00:00+09:00,403.8596496582031,403.8596496582031,403.8596496582031,403.8596496582031,400,0.0,0.0
2012-05-16 00:00:00+09:00,403.8596496582031,403.8596496582031,397.49965517539675,403.8596496582031,800,0.0,0.0
2012-05-17 00:00:00+09:00,403.8596496582031,403.8596496582031,390.3446613822396,403.8596496582031,1100,0.0,0.0
2012-05-18 00:00:00+09:00,397.49965517539675,403.8596496582031,397.49965517539675,403.8596496582031,700,0.0,0.0
2012-05-21 00:00:00+09:00,403.8596201310535,403.8596201310535,391.93463134765625,391.93463134765625,1900,0.0,0.0
2012-05-22 00:00:00+09:00,397.4996138592156,397.4996138592156,389.54962158203125,389.54962158203125,200,0.0,0.0
2012-05-23 00:00:00+09:00,389.54962158203125,389.54962158203125,389.54962158203125,389.54962158203125,300,0.0,0.0
2012-05-24 00:00:00+09:00,389.54962158203125,389.54962158203125,389.54962158203125,389.54962158203125,300,0.0,0.0
2012-05-25 00:00:00+09:00,389.5496537057977,389.5496537057977,377.6246643066406,377.6246643066406,2400,0.0,0.0
2012-05-28 00:00:00+09:00,377.6246643066406,377.6246643066406,377.6246643066406,377.6246643066406,1400,0.0,0.0
2012-05-29 00:00:00+09:00,376.03466572008637,377.6246643066406,376.03466572008637,377.6246643066406,1500,0.0,0.0
2012-05-30 00:00:00+09:00,377.6246643066406,377.6246643066406,377.6246643066406,377.6246643066406,1500,0.0,0.0
2012-05-31 00:00:00+09:00,377.6246643066406,377.6246643066406,377.6246643066406,377.6246643066406,1500,0.0,0.0
2012-06-01 00:00:00+09:00,377.6246643066406,377.6246643066406,377.6246643066406,377.6246643066406,1500,0.0,0.0
2012-06-04 00:00:00+09:00,381.59957205414014,381.59957205414014,374.444580078125,374.444580078125,300,0.0,0.0
2012-06-05 00:00:00+09:00,373.6495809696789,374.444580078125,373.6495809696789,374.444580078125,300,0.0,0.0
2012-06-06 00:00:00+09:00,374.444580078125,374.444580078125,374.444580078125,374.444580078125,300,0.0,0.0
2012-06-07 00:00:00+09:00,374.444580078125,374.444580078125,374.444580078125,374.444580078125,300,0.0,0.0
2012-06-08 00:00:00+09:00,378.4195861816406,378.4195861816406,378.4195861816406,378.4195861816406,100,0.0,0.0
2012-06-11 00:00:00+09:00,380.8046569824219,380.8046569824219,380.8046569824219,380.8046569824219,100,0.0,0.0
2012-06-12 00:00:00+09:00,381.5997314453125,381.5997314453125,381.5997314453125,381.5997314453125,100,0.0,0.0
2012-06-13 00:00:00+09:00,381.5995706992574,401.47454833984375,381.5995706992574,401.47454833984375,6800,0.0,0.0
2012-06-14 00:00:00+09:00,401.47454833984375,401.47454833984375,401.47454833984375,401.47454833984375,6800,0.0,0.0
2012-06-15 00:00:00+09:00,401.47454833984375,401.47454833984375,401.47454833984375,401.47454833984375,6800,0.0,0.0
2012-06-18 00:00:00+09:00,406.24464758925546,407.0396468996063,403.8596496582031,403.8596496582031,1600,0.0,0.0
2012-06-19 00:00:00+09:00,403.8596496582031,403.8596496582031,403.8596496582031,403.8596496582031,100,0.0,0.0
2012-06-20 00:00:00+09:00,403.8596496582031,403.8596496582031,403.8596496582031,403.8596496582031,1000,0.0,0.0
2012-06-21 00:00:00+09:00,419.7595810546875,419.7595810546875,391.9346088256836,397.4996032714844,1800,0.0,0.0
2012-06-22 00:00:00+09:00,398.29461669921875,398.29461669921875,398.29461669921875,398.29461669921875,100,0.0,0.0
2012-06-25 00:00:00+09:00,405.44965523647596,417.3746450963723,399.08966064453125,399.08966064453125,400,0.0,0.0
2012-06-26 00:00:00+09:00,397.4996032714844,397.4996032714844,397.4996032714844,397.4996032714844,100,0.0,0.0
2012-06-27 00:00:00+09:00,404.654547790763,411.8095397949219,404.654547790763,411.8095397949219,300,0.0,0.0
2012-06-28 00:00:00+09:00,395.909618994433,401.4746136389331,395.909618994433,398.29461669921875,1600,0.0,0.0
2012-06-29 00:00:00+09:00,397.4996032714844,398.29460247802734,397.4996032714844,397.4996032714844,1700,0.0,0.0
2012-07-02 00:00:00+09:00,405.4495849609375,405.4495849609375,405.4495849609375,405.4495849609375,300,0.0,0.0
2012-07-03 00:00:00+09:00,409.4245889984662,411.01458740234375,405.4495929887724,411.01458740234375,400,0.0,0.0
2012-07-04 00:00:00+09:00,416.5795836250737,421.3495788574219,416.5795836250737,421.3495788574219,600,0.0,0.0
2012-07-05 00:00:00+09:00,421.34961157134086,421.34961157134086,402.2696291605631,419.7596130371094,1300,0.0,0.0
2012-07-06 00:00:00+09:00,419.7596130371094,419.7596130371094,419.7596130371094,419.7596130371094,100,0.0,0.0
2012-07-09 00:00:00+09:00,417.37464101690995,422.93963623046875,417.37464101690995,422.93963623046875,400,0.0,0.0
2012-07-10 00:00:00+09:00,419.7596130371094,419.7596130371094,419.7596130371094,419.7596130371094,100,0.0,0.0
2012-07-11 00:00:00+09:00,413.3996276855469,413.3996276855469,413.3996276855469,413.3996276855469,500,0.0,0.0
2012-07-12 00:00:00+09:00,413.3996276855469,413.3996276855469,413.3996276855469,413.3996276855469,500,0.0,0.0
2012-07-13 00:00:00+09:00,409.4246709346771,409.4246709346771,407.0396728515625,407.0396728515625,400,0.0,0.0
2012-07-17 00:00:00+09:00,407.0396728515625,407.0396728515625,407.0396728515625,407.0396728515625,400,0.0,0.0
2012-07-18 00:00:00+09:00,407.83458251953124,407.83458251953124,405.4495849609375,405.4495849609375,700,0.0,0.0
2012-07-19 00:00:00+09:00,401.4746136389331,401.4746136389331,398.29461669921875,398.29461669921875,1700,0.0,0.0
2012-07-20 00:00:00+09:00,399.08962689291303,412.6046142578125,399.08962689291303,412.6046142578125,200,0.0,0.0
2012-07-23 00:00:00+09:00,412.60453890649507,412.60453890649507,411.8095397949219,411.8095397949219,7900,0.0,0.0
2012-07-24 00:00:00+09:00,405.4495849609375,405.4495849609375,405.4495849609375,405.4495849609375,200,0.0,0.0
2012-07-25 00:00:00+09:00,405.4495849609375,405.4495849609375,405.4495849609375,405.4495849609375,200,0.0,0.0
2012-07-26 00:00:00+09:00,405.44959533691406,405.44959533691406,397.4996032714844,397.4996032714844,200,0.0,0.0
2012-07-27 00:00:00+09:00,389.54962158203125,389.54962158203125,389.54962158203125,389.54962158203125,1100,0.0,0.0
2012-07-30 00:00:00+09:00,389.54962158203125,389.54962158203125,389.54962158203125,389.54962158203125,1100,0.0,0.0
2012-07-31 00:00:00+09:00,391.93463352304366,391.93463352304366,390.3446350097656,390.3446350097656,1000,0.0,0.0
2012-08-01 00:00:00+09:00,392.7296447753906,392.7296447753906,392.7296447753906,392.7296447753906,100,0.0,0.0
2012-08-02 00:00:00+09:00,390.3446350097656,390.3446350097656,390.3446350097656,390.3446350097656,500,0.0,0.0
2012-08-03 00:00:00+09:00,389.54964234656893,389.54964234656893,385.57464599609375,385.57464599609375,1300,0.0,0.0
2012-08-06 00:00:00+09:00,381.59965269027214,394.31964111328125,381.59965269027214,394.31964111328125,2400,0.0,0.0
2012-08-07 00:00:00+09:00,393.5246887207031,393.5246887207031,393.5246887207031,393.5246887207031,200,0.0,0.0
2012-08-08 00:00:00+09:00,393.5246887207031,393.5246887207031,393.5246887207031,393.5246887207031,200,0.0,0.0
2012-08-09 00:00:00+09:00,389.54962158203125,389.54962158203125,389.54962158203125,389.54962158203125,100,0.0,0.0
2012-08-10 00:00:00+09:00,389.54962158203125,389.54962158203125,389.54962158203125,389.54962158203125,100,0.0,0.0
2012-08-13 00:00:00+09:00,392.72960803222657,397.4996032714844,392.72960803222657,397.4996032714844,700,0.0,0.0
2012-08-14 00:00:00+09:00,399.8846740722656,399.8846740722656,394.3196786080392,399.8846740722656,300,0.0,0.0
2012-08-15 00:00:00+09:00,400.67967342429796,400.67967342429796,399.8846740722656,399.8846740722656,200,0.0,0.0
2012-08-16 00:00:00+09:00,401.47454833984375,401.47454833984375,401.47454833984375,401.47454833984375,100,0.0,0.0
2012-08-17 00:00:00+09:00,401.47454833984375,401.47454833984375,401.47454833984375,401.47454833984375,100,0.0,0.0
2012-08-20 00:00:00+09:00,404.6545857747396,407.83458251953124,404.6545857747396,405.4495849609375,2400,0.0,0.0
2012-08-21 00:00:00+09:00,405.4495849609375,406.2445841471354,397.4995930989583,405.4495849609375,2500,0.0,0.0
2012-08-22 00:00:00+09:00,406.24462890625,406.24462890625,406.24462890625,406.24462890625,100,0.0,0.0
2012-08-23 00:00:00+09:00,406.244594543457,406.244594543457,397.4996032714844,397.4996032714844,2300,0.0,0.0
2012-08-24 00:00:00+09:00,395.11465724434436,403.8596496582031,395.11465724434436,403.8596496582031,500,0.0,0.0
2012-08-27 00:00:00+09:00,403.8596496582031,403.8596496582031,403.8596496582031,403.8596496582031,500,0.0,0.0
2012-08-28 00:00:00+09:00,398.2946397418435,398.2946397418435,392.7296447753906,392.7296447753906,1300,0.0,0.0
2012-08-29 00:00:00+09:00,386.2248005214074,391.9165344238281,386.2248005214074,391.9165344238281,2300,11.0,0.0
2012-08-30 00:00:00+09:00,384.59855243883635,386.2247619628906,384.59855243883635,386.2247619628906,600,0.0,0.0
2012-08-31 00:00:00+09:00,375.654435483871,378.09375,375.654435483871,378.09375,2200,0.0,0.0
2012-09-03 00:00:00+09:00,371.5888977050781,371.5888977050781,371.5888977050781,371.5888977050781,200,0.0,0.0
2012-09-04 00:00:00+09:00,378.09375,378.09375,378.09375,378.09375,900,0.0,0.0
2012-09-05 00:00:00+09:00,374.84132251989377,374.84132251989377,372.4020080566406,372.4020080566406,200,0.0,0.0
2012-09-06 00:00:00+09:00,374.0282206082713,374.8413254356806,365.89717233417844,368.33648681640625,1900,0.0,0.0
2012-09-07 00:00:00+09:00,375.65442174999146,375.65442174999146,371.5888977050781,371.5888977050781,500,0.0,0.0
2012-09-10 00:00:00+09:00,374.02825927734375,374.02825927734375,374.02825927734375,374.02825927734375,200,0.0,0.0
2012-09-11 00:00:00+09:00,372.4020080566406,372.4020080566406,372.4020080566406,372.4020080566406,100,0.0,0.0
2012-09-12 00:00:00+09:00,371.5889116866998,371.5889116866998,365.89717780966066,369.14959716796875,3800,0.0,0.0
2012-09-13 00:00:00+09:00,369.96270751953125,369.96270751953125,369.96270751953125,369.96270751953125,1100,0.0,0.0
2012-09-14 00:00:00+09:00,369.96270751953125,369.96270751953125,369.96270751953125,369.96270751953125,1100,0.0,0.0
2012-09-18 00:00:00+09:00,369.96270751953125,369.96270751953125,369.96270751953125,369.96270751953125,1100,0.0,0.0
2012-09-19 00:00:00+09:00,369.96270751953125,369.96270751953125,369.96270751953125,369.96270751953125,1100,0.0,0.0
2012-09-20 00:00:00+09:00,374.02825927734375,374.02825927734375,374.02825927734375,374.02825927734375,100,0.0,0.0
2012-09-21 00:00:00+09:00,374.02825927734375,374.02825927734375,374.02825927734375,374.02825927734375,100,0.0,0.0
2012-09-24 00:00:00+09:00,378.09375,378.09375,378.09375,378.09375,900,0.0,0.0
2012-09-25 00:00:00+09:00,379.71995967741935,379.71995967741935,378.09375,378.09375,300,0.0,0.0
2012-09-26 00:00:00+09:00,378.0936969748805,378.0936969748805,374.8412780761719,374.8412780761719,1300,0.0,0.0
2012-09-27 00:00:00+09:00,365.0840148925781,365.0840148925781,365.0840148925781,365.0840148925781,1100,0.0,0.0
2012-09-28 00:00:00+09:00,365.0840148925781,365.0840148925781,365.0840148925781,365.0840148925781,1100,0.0,0.0
2012-10-01 00:00:00+09:00,371.5888977050781,371.5888977050781,371.5888977050781,371.5888977050781,100,0.0,0.0
2012-10-02 00:00:00+09:00,374.02825927734375,374.02825927734375,374.02825927734375,374.02825927734375,200,0.0,0.0
2012-10-03 00:00:00+09:00,374.02825927734375,374.02825927734375,374.02825927734375,374.02825927734375,200,0.0,0.0
2012-10-04 00:00:00+09:00,374.02825927734375,374.02825927734375,374.02825927734375,374.02825927734375,100,0.0,0.0
2012-10-05 00:00:00+09:00,374.02825927734375,374.02825927734375,374.02825927734375,374.02825927734375,100,0.0,0.0
2012-10-09 00:00:00+09:00,370.7758483886719,370.7758483886719,370.7758483886719,370.7758483886719,100,0.0,0.0
2012-10-10 00:00:00+09:00,369.14959716796875,369.14959716796875,369.14959716796875,369.14959716796875,500,0.0,0.0
2012-10-11 00:00:00+09:00,369.14959716796875,369.14959716796875,369.14959716796875,369.14959716796875,500,0.0,0.0
2012-10-12 00:00:00+09:00,362.644775390625,362.644775390625,362.644775390625,362.644775390625,100,0.0,0.0
2012-10-15 00:00:00+09:00,325.2419488388404,328.4943683272288,319.5502147341607,326.0550537109375,7200,0.0,0.0
2012-10-16 00:00:00+09:00,325.2419239252954,326.8681335449219,324.42881911548216,326.8681335449219,3400,0.0,0.0
2012-10-17 00:00:00+09:00,325.24196844650686,326.8681782887394,324.4288635253906,324.4288635253906,6100,0.0,0.0
2012-10-18 00:00:00+09:00,325.2419488388404,326.0550537109375,325.2419488388404,326.0550537109375,1100,0.0,0.0
2012-10-19 00:00:00+09:00,325.2419464497627,325.2419464497627,321.1764221191406,321.1764221191406,1600,0.0,0.0
2012-10-22 00:00:00+09:00,321.1763998762292,326.8681335449219,321.1763998762292,326.8681335449219,400,0.0,0.0
2012-10-23 00:00:00+09:00,327.6812744140625,329.3074842126435,327.6812744140625,327.6812744140625,1200,0.0,0.0
2012-10-24 00:00:00+09:00,327.6812159092582,327.6812159092582,319.55016836808556,323.6156921386719,3400,0.0,0.0
2012-10-25 00:00:00+09:00,323.6156921386719,323.6156921386719,323.6156921386719,323.6156921386719,3400,0.0,0.0
2012-10-26 00:00:00+09:00,326.8681335449219,326.8681335449219,326.8681335449219,326.8681335449219,400,0.0,0.0
2012-10-29 00:00:00+09:00,326.8681335449219,326.8681335449219,326.8681335449219,326.8681335449219,400,0.0,0.0
2012-10-30 00:00:00+09:00,326.8681335449219,326.8681335449219,326.8681335449219,326.8681335449219,100,0.0,0.0
2012-10-31 00:00:00+09:00,320.3633566463695,320.3633566463695,317.9240417480469,317.9240417480469,600,0.0,0.0
2012-11-01 00:00:00+09:00,318.73707995292466,318.73707995292466,317.1108703613281,317.1108703613281,400,0.0,0.0
2012-11-02 00:00:00+09:00,310.6060160727956,323.6156921386719,310.6060160727956,323.6156921386719,1700,0.0,0.0
2012-11-05 00:00:00+09:00,314.6716003417969,314.6716003417969,314.6716003417969,314.6716003417969,500,0.0,0.0
2012-11-06 00:00:00+09:00,314.6716003417969,314.6716003417969,314.6716003417969,314.6716003417969,500,0.0,0.0
2012-11-07 00:00:00+09:00,318.73716430664064,325.24200439453125,318.73716430664064,325.24200439453125,900,0.0,0.0
2012-11-08 00:00:00+09:00,325.24200439453125,325.24200439453125,325.24200439453125,325.24200439453125,300,0.0,0.0
2012-11-09 00:00:00+09:00,325.24200439453125,325.24200439453125,325.24200439453125,325.24200439453125,300,0.0,0.0
2012-11-12 00:00:00+09:00,325.24200439453125,325.24200439453125,325.24200439453125,325.24200439453125,300,0.0,0.0
2012-11-13 00:00:00+09:00,325.24200439453125,325.24200439453125,325.24200439453125,325.24200439453125,300,0.0,0.0
2012-11-14 00:00:00+09:00,325.24200439453125,325.24200439453125,325.24200439453125,325.24200439453125,300,0.0,0.0
2012-11-15 00:00:00+09:00,323.6156921386719,323.6156921386719,323.6156921386719,323.6156921386719,200,0.0,0.0
2012-11-16 00:00:00+09:00,323.6156865271273,323.6156865271273,322.8025817871094,322.8025817871094,500,0.0,0.0
2012-11-19 00:00:00+09:00,322.8026311714661,330.1205749511719,322.8026311714661,330.1205749511719,1200,0.0,0.0
2012-11-20 00:00:00+09:00,330.1205749511719,330.1205749511719,330.1205749511719,330.1205749511719,1500,0.0,0.0
2012-11-21 00:00:00+09:00,330.1205749511719,330.1205749511719,330.1205749511719,330.1205749511719,1500,0.0,0.0
2012-11-22 00:00:00+09:00,330.12058911193395,330.12058911193395,327.6812744140625,327.6812744140625,2200,0.0,0.0
2012-11-26 00:00:00+09:00,325.2419016469064,325.2419016469064,320.3632731222028,323.6156921386719,800,0.0,0.0
2012-11-27 00:00:00+09:00,325.24200439453125,325.24200439453125,325.24200439453125,325.24200439453125,300,0.0,0.0
2012-11-28 00:00:00+09:00,325.2419704861111,329.3074951171875,325.2419704861111,329.3074951171875,400,0.0,0.0
2012-11-29 00:00:00+09:00,330.9336798155836,330.9336798155836,329.3074700867601,330.1205749511719,1700,0.0,0.0
2012-11-30 00:00:00+09:00,331.7466661768052,334.99908447265625,331.7466661768052,334.99908447265625,400,0.0,0.0
2012-12-03 00:00:00+09:00,334.999151123638,336.625360595112,334.999151123638,335.812255859375,1000,0.0,0.0
2012-12-04 00:00:00+09:00,339.87777953805994,339.87777953805994,335.812255859375,335.812255859375,3000,0.0,0.0
2012-12-05 00:00:00+09:00,335.812255859375,335.812255859375,335.812255859375,335.812255859375,200,0.0,0.0
2012-12-06 00:00:00+09:00,335.812255859375,335.812255859375,335.812255859375,335.812255859375,900,0.0,0.0
2012-12-07 00:00:00+09:00,335.8122696295017,335.8122696295017,333.3729553222656,333.3729553222656,300,0.0,0.0
2012-12-10 00:00:00+09:00,335.812255859375,335.812255859375,335.812255859375,335.812255859375,200,0.0,0.0
2012-12-11 00:00:00+09:00,334.1860656738281,334.1860656738281,334.1860656738281,334.1860656738281,500,0.0,0.0
2012-12-12 00:00:00+09:00,339.064747417404,339.064747417404,337.43853759765625,337.43853759765625,300,0.0,0.0
2012-12-13 00:00:00+09:00,338.25164794921875,338.25164794921875,337.4385430262639,338.25164794921875,2100,0.0,0.0
2012-12-14 00:00:00+09:00,333.3729553222656,333.3729553222656,333.3729553222656,333.3729553222656,200,0.0,0.0
2012-12-17 00:00:00+09:00,339.87786865234375,339.87786865234375,339.87786865234375,339.87786865234375,500,0.0,0.0
2012-12-18 00:00:00+09:00,341.50401997116376,344.7564392089844,341.50401997116376,344.7564392089844,1500,0.0,0.0
2012-12-19 00:00:00+09:00,344.7564392089844,344.7564392089844,344.7564392089844,344.7564392089844,100,0.0,0.0
2012-12-20 00:00:00+09:00,345.5695018470951,365.0840148925781,330.9336170629829,365.0840148925781,4400,0.0,0.0
2012-12-21 00:00:00+09:00,362.64473917354644,362.64473917354644,343.9433288574219,343.9433288574219,900,0.0,0.0
2012-12-25 00:00:00+09:00,341.5040621470256,341.5040621470256,337.43853759765625,337.43853759765625,400,0.0,0.0
2012-12-26 00:00:00+09:00,338.25157006658594,339.06467480232294,335.812255859375,335.812255859375,500,0.0,0.0
2012-12-27 00:00:00+09:00,338.25157006658594,339.06467480232294,335.812255859375,335.812255859375,500,0.0,0.0
2012-12-28 00:00:00+09:00,349.63506243189454,349.63506243189454,343.9433288574219,343.9433288574219,1500,0.0,0.0
2013-01-04 00:00:00+09:00,345.56953845012833,345.56953845012833,342.31711926471536,343.9433288574219,800,0.0,0.0
2013-01-07 00:00:00+09:00,343.9434403444412,345.56965046427314,342.3172302246094,342.3172302246094,1400,0.0,0.0
2013-01-08 00:00:00+09:00,343.9433288574219,345.56953845012833,342.31711926471536,343.9433288574219,4000,0.0,0.0
2013-01-09 00:00:00+09:00,343.9433288574219,343.9433288574219,343.9433288574219,343.9433288574219,100,0.0,0.0
2013-01-10 00:00:00+09:00,344.7564419058866,349.63507080078125,344.7564419058866,349.63507080078125,1700,0.0,0.0
2013-01-11 00:00:00+09:00,348.82196598496546,349.63507080078125,348.82196598496546,349.63507080078125,2500,0.0,0.0
2013-01-15 00:00:00+09:00,356.1399197347364,369.14959716796875,356.1399197347364,369.14959716796875,2900,0.0,0.0
2013-01-16 00:00:00+09:00,369.1495967741935,378.09375,358.57923387096776,378.09375,600,0.0,0.0
2013-01-17 00:00:00+09:00,358.57917165756226,369.962637424469,357.7660669599261,364.2709045410156,500,0.0,0.0
2013-01-18 00:00:00+09:00,365.89722221019264,366.7103271484375,365.89722221019264,366.7103271484375,200,0.0,0.0
2013-01-21 00:00:00+09:00,366.7103237352873,370.7758483886719,366.7103237352873,370.7758483886719,6900,0.0,0.0
2013-01-22 00:00:00+09:00,374.02826811137953,374.02826811137953,370.7758483886719,370.7758483886719,1900,0.0,0.0
2013-01-23 00:00:00+09:00,366.71032172309026,366.71032172309026,365.897216796875,365.897216796875,200,0.0,0.0
2013-01-24 00:00:00+09:00,358.5792541503906,358.5792541503906,358.5792541503906,358.5792541503906,100,0.0,0.0
2013-01-25 00:00:00+09:00,359.3923645019531,359.3923645019531,359.3923645019531,359.3923645019531,500,0.0,0.0
2013-01-28 00:00:00+09:00,360.2053810528347,364.2709045410156,360.2053810528347,364.2709045410156,1400,0.0,0.0
2013-01-29 00:00:00+09:00,365.0840148925781,365.0840148925781,365.0840148925781,365.0840148925781,500,0.0,0.0
2013-01-30 00:00:00+09:00,365.897216796875,365.897216796875,365.897216796875,365.897216796875,300,0.0,0.0
2013-01-31 00:00:00+09:00,365.89715843376473,365.89715843376473,349.6350625033752,352.8874816894531,4100,0.0,0.0
2013-02-01 00:00:00+09:00,351.2613079202586,353.70062255859375,351.2613079202586,353.70062255859375,600,0.0,0.0
2013-02-04 00:00:00+09:00,353.700624842222,358.5792541503906,353.700624842222,358.5792541503906,1700,0.0,0.0
2013-02-05 00:00:00+09:00,356.95296779029354,365.0840148925781,355.3267583698366,365.0840148925781,2100,0.0,0.0
2013-02-06 00:00:00+09:00,371.58895677790673,373.21516665439646,362.64480245721313,366.7103271484375,1700,0.0,0.0
2013-02-07 00:00:00+09:00,371.58895677790673,371.58895677790673,366.7103271484375,366.7103271484375,600,0.0,0.0
2013-02-08 00:00:00+09:00,361.83165361177555,369.14959716796875,361.83165361177555,369.14959716796875,300,0.0,0.0
2013-02-12 00:00:00+09:00,362.64468734876243,367.5233154296875,362.64468734876243,367.5233154296875,500,0.0,0.0
2013-02-13 00:00:00+09:00,365.89711393628806,365.89711393628806,364.2709045410156,364.2709045410156,400,0.0,0.0
2013-02-14 00:00:00+09:00,365.0841261759167,365.89723113399225,363.4579162597656,363.4579162597656,2400,0.0,0.0
2013-02-15 00:00:00+09:00,365.89723113399225,365.89723113399225,361.83170634361454,363.4579162597656,4500,0.0,0.0
2013-02-18 00:00:00+09:00,361.0185241699219,361.0185241699219,361.0185241699219,361.0185241699219,100,0.0,0.0
2013-02-19 00:00:00+09:00,361.0185241699219,361.0185241699219,361.0185241699219,361.0185241699219,100,0.0,0.0
2013-02-20 00:00:00+09:00,365.0841261759167,365.0841261759167,362.6448113016901,363.4579162597656,1000,0.0,0.0
2013-02-21 00:00:00+09:00,363.4579162597656,363.4579162597656,363.4579162597656,363.4579162597656,1300,0.0,0.0
2013-02-22 00:00:00+09:00,369.96270751953125,369.96270751953125,369.96270751953125,369.96270751953125,500,0.0,0.0
2013-02-25 00:00:00+09:00,359.39237738715275,369.96274142795136,359.39237738715275,365.897216796875,2600,0.0,0.0
2013-02-26 00:00:00+09:00,369.1788091892149,369.99920654296875,369.1788091892149,369.99920654296875,400,4.0,0.0
2013-02-27 00:00:00+09:00,369.9991727431797,369.9991727431797,358.51361083984375,358.51361083984375,400,0.0,0.0
2013-02-28 00:00:00+09:00,369.99920654296875,369.99920654296875,369.99920654296875,369.99920654296875,200,0.0,0.0
2013-03-01 00:00:00+09:00,369.99915891080286,369.99915891080286,364.2563781738281,364.2563781738281,300,0.0,0.0
2013-03-04 00:00:00+09:00,369.9991348780943,369.9991348780943,365.0767517089844,365.0767517089844,1200,0.0,0.0
2013-03-05 00:00:00+09:00,369.1788024902344,369.1788024902344,369.1788024902344,369.1788024902344,4300,0.0,0.0
2013-03-06 00:00:00+09:00,377.3827653425945,377.3827653425945,371.6399841308594,371.6399841308594,1100,0.0,0.0
2013-03-07 00:00:00+09:00,377.3827857301946,377.3827857301946,374.1011962890625,374.1011962890625,800,0.0,0.0
2013-03-08 00:00:00+09:00,372.46032408335327,375.7419128417969,369.9991325145205,375.7419128417969,2400,0.0,0.0
2013-03-11 00:00:00+09:00,373.28071054104157,373.28071054104157,366.7175332128474,370.81951904296875,1700,0.0,0.0
2013-03-12 00:00:00+09:00,374.9215562757555,374.9215562757555,373.28076171875,373.28076171875,900,0.0,0.0
2013-03-13 00:00:00+09:00,373.28076171875,373.28076171875,373.28076171875,373.28076171875,900,0.0,0.0
2013-03-14 00:00:00+09:00,379.0235290527344,379.0235290527344,379.0235290527344,379.0235290527344,1700,0.0,0.0
2013-03-15 00:00:00+09:00,381.4847412109375,381.4847412109375,380.6643439180108,381.4847412109375,800,0.0,0.0
2013-03-18 00:00:00+09:00,382.3051249617237,387.2275085449219,382.3051249617237,387.2275085449219,1100,0.0,0.0
2013-03-19 00:00:00+09:00,392.1499766031901,407.7375279744466,392.1499766031901,393.790771484375,6200,0.0,0.0
2013-03-21 00:00:00+09:00,406.0966294232537,418.402587890625,401.99464326746323,418.402587890625,6000,0.0,0.0
2013-03-22 00:00:00+09:00,418.40255344504175,418.40255344504175,414.3005676269531,414.3005676269531,4600,0.0,0.0
2013-03-25 00:00:00+09:00,414.300672542414,415.94146728515625,414.300672542414,415.94146728515625,800,0.0,0.0
2013-03-26 00:00:00+09:00,418.402587890625,418.402587890625,418.402587890625,418.402587890625,1000,0.0,0.0
2013-03-27 00:00:00+09:00,418.402587890625,418.402587890625,418.402587890625,418.402587890625,1000,0.0,0.0
2013-03-28 00:00:00+09:00,412.6598000488282,412.6598000488282,410.1986083984375,410.1986083984375,2300,0.0,0.0
2013-03-29 00:00:00+09:00,409.378173828125,409.378173828125,409.378173828125,409.378173828125,500,0.0,0.0
2013-04-01 00:00:00+09:00,410.1986148493077,410.1986148493077,403.63543701171875,403.63543701171875,3200,0.0,0.0
2013-04-02 00:00:00+09:00,403.63550853144176,403.63550853144176,401.17431640625,401.17431640625,2000,0.0,0.0
2013-04-03 00:00:00+09:00,406.09667295386436,406.09667295386436,405.2762756347656,405.2762756347656,1100,0.0,0.0
2013-04-04 00:00:00+09:00,401.9946594238281,401.9946594238281,401.9946594238281,401.9946594238281,1000,0.0,0.0
2013-04-05 00:00:00+09:00,403.63551802201704,411.839491965554,403.63551802201704,406.0967102050781,2700,0.0,0.0
2013-04-08 00:00:00+09:00,406.9170837402344,413.48026251023816,406.9170837402344,406.9170837402344,3400,0.0,0.0
2013-04-09 00:00:00+09:00,410.1986083984375,418.4025805664063,410.1986083984375,410.1986083984375,4000,0.0,0.0
2013-04-10 00:00:00+09:00,401.9947458902995,401.9947458902995,393.790771484375,393.790771484375,8900,0.0,0.0
2013-04-11 00:00:00+09:00,401.99465596307186,401.99465596307186,397.8926696777344,397.8926696777344,300,0.0,0.0
2013-04-12 00:00:00+09:00,393.790771484375,394.61116892496744,393.790771484375,393.790771484375,1300,0.0,0.0
2013-04-15 00:00:00+09:00,391.3295593261719,391.3295593261719,391.3295593261719,391.3295593261719,100,0.0,0.0
2013-04-16 00:00:00+09:00,391.3295593261719,391.3295593261719,391.3295593261719,391.3295593261719,100,0.0,0.0
2013-04-17 00:00:00+09:00,392.9703369140625,392.9703369140625,392.9703369140625,392.9703369140625,500,0.0,0.0
2013-04-18 00:00:00+09:00,392.9703369140625,392.9703369140625,392.9703369140625,392.9703369140625,1000,0.0,0.0
2013-04-19 00:00:00+09:00,382.30518793709876,391.3295593261719,381.4847905380921,391.3295593261719,1400,0.0,0.0
2013-04-22 00:00:00+09:00,389.6886901855469,394.6110736405222,389.6886901855469,389.6886901855469,4900,0.0,0.0
2013-04-23 00:00:00+09:00,389.6887842814128,393.790771484375,389.6887842814128,393.790771484375,1100,0.0,0.0
2013-04-24 00:00:00+09:00,393.790771484375,393.790771484375,390.5091817220052,393.790771484375,700,0.0,0.0
2013-04-25 00:00:00+09:00,396.251868125514,396.251868125514,389.6886901855469,389.6886901855469,2400,0.0,0.0
2013-04-26 00:00:00+09:00,393.790771484375,393.790771484375,393.790771484375,393.790771484375,500,0.0,0.0
2013-04-30 00:00:00+09:00,400.3539181138617,408.5578918457031,400.3539181138617,408.5578918457031,1100,0.0,0.0
2013-05-01 00:00:00+09:00,409.3782139333611,413.48020004491786,395.43146115406824,399.533447265625,2800,0.0,0.0
2013-05-02 00:00:00+09:00,406.9169686085262,407.73736572265625,406.9169686085262,407.73736572265625,200,0.0,0.0
2013-05-07 00:00:00+09:00,407.7374810864849,410.19867312523627,406.9170837402344,406.9170837402344,700,0.0,0.0
2013-05-08 00:00:00+09:00,406.9170262989646,411.0190124511719,401.9946429163158,411.0190124511719,1400,0.0,0.0
2013-05-09 00:00:00+09:00,410.1986083984375,410.1986083984375,410.1986083984375,410.1986083984375,200,0.0,0.0
2013-05-10 00:00:00+09:00,408.55776283678637,408.55776283678637,407.73736572265625,407.73736572265625,700,0.0,0.0
2013-05-13 00:00:00+09:00,426.60655273437504,426.60655273437504,407.7374167480469,410.1986083984375,5100,0.0,0.0
2013-05-14 00:00:00+09:00,418.402587890625,424.9657657398897,418.402587890625,418.402587890625,5900,0.0,0.0
2013-05-15 00:00:00+09:00,418.402587890625,418.402587890625,414.3006017348346,418.402587890625,2200,0.0,0.0
2013-05-16 00:00:00+09:00,410.1985818088645,414.3005676269531,410.1985818088645,414.3005676269531,800,0.0,0.0
2013-05-17 00:00:00+09:00,406.0967102050781,406.0967102050781,406.0967102050781,406.0967102050781,400,0.0,0.0
2013-05-20 00:00:00+09:00,410.19863206513077,410.19863206513077,401.9946594238281,401.9946594238281,2600,0.0,0.0
2013-05-21 00:00:00+09:00,414.3005676269531,414.3005676269531,410.1985818088645,414.3005676269531,1900,0.0,0.0
2013-05-22 00:00:00+09:00,417.5821906594669,418.402587890625,417.5821906594669,418.402587890625,900,0.0,0.0
2013-05-23 00:00:00+09:00,415.1210156499123,417.5822074423031,401.9946594238281,401.9946594238281,2500,0.0,0.0
2013-05-24 00:00:00+09:00,397.8927586873372,397.8927586873372,393.790771484375,393.790771484375,1700,0.0,0.0
2013-05-27 00:00:00+09:00,382.30517578125,382.30517578125,382.30517578125,382.30517578125,300,0.0,0.0
2013-05-28 00:00:00+09:00,385.58676527293454,385.58676527293454,382.30517578125,382.30517578125,800,0.0,0.0
2013-05-29 00:00:00+09:00,382.30517578125,382.30517578125,382.30517578125,382.30517578125,800,0.0,0.0
2013-05-30 00:00:00+09:00,410.1986971768466,414.30068414861506,406.0967102050781,406.0967102050781,6200,0.0,0.0
2013-05-31 00:00:00+09:00,426.60652508121905,426.60652508121905,413.4801704633354,414.3005676269531,7200,0.0,0.0
2013-06-03 00:00:00+09:00,415.1210191514757,416.76181369357636,413.480224609375,413.480224609375,3400,0.0,0.0
2013-06-04 00:00:00+09:00,424.9657287597656,424.9657287597656,424.9657287597656,424.9657287597656,200,0.0,0.0
2013-06-05 00:00:00+09:00,418.402587890625,418.402587890625,418.402587890625,418.402587890625,200,0.0,0.0
2013-06-06 00:00:00+09:00,389.6886901855469,390.5090874280428,389.6886901855469,389.6886901855469,400,0.0,0.0
2013-06-07 00:00:00+09:00,369.1788024902344,369.1788024902344,350.309663696289,369.1788024902344,1500,0.0,0.0
2013-06-10 00:00:00+09:00,356.052380291135,377.38270722101873,356.052380291135,375.7419128417969,3300,0.0,0.0
2013-06-11 00:00:00+09:00,369.1787753939094,369.1787753939094,365.8971862792969,365.8971862792969,400,0.0,0.0
2013-06-12 00:00:00+09:00,366.7176208496094,366.7176208496094,366.7176208496094,366.7176208496094,100,0.0,0.0
2013-06-13 00:00:00+09:00,369.1788024902344,369.1788024902344,369.1788024902344,369.1788024902344,900,0.0,0.0
2013-06-14 00:00:00+09:00,369.1788024902344,369.1788024902344,369.1788024902344,369.1788024902344,900,0.0,0.0
2013-06-17 00:00:00+09:00,369.1788024902344,369.1788024902344,369.1788024902344,369.1788024902344,1100,0.0,0.0
2013-06-18 00:00:00+09:00,369.1788024902344,369.1788024902344,369.1788024902344,369.1788024902344,1100,0.0,0.0
2013-06-19 00:00:00+09:00,369.1788024902344,369.1788024902344,369.1788024902344,369.1788024902344,100,0.0,0.0
2013-06-20 00:00:00+09:00,369.1788024902344,369.1788024902344,369.1788024902344,369.1788024902344,100,0.0,0.0
2013-06-21 00:00:00+09:00,369.99920654296875,369.99920654296875,369.99920654296875,369.99920654296875,100,0.0,0.0
2013-06-24 00:00:00+09:00,369.99919982910154,369.99919982910154,369.1788024902344,369.1788024902344,1900,0.0,0.0
2013-06-25 00:00:00+09:00,369.17879301926183,369.17879301926183,348.6688600737473,356.8728332519531,1500,0.0,0.0
2013-06-26 00:00:00+09:00,357.69317626953125,357.69317626953125,357.69317626953125,357.69317626953125,200,0.0,0.0
2013-06-27 00:00:00+09:00,357.69329593242463,357.69329593242463,353.59130859375,353.59130859375,200,0.0,0.0
2013-06-28 00:00:00+09:00,356.8728332519531,356.8728332519531,356.8728332519531,356.8728332519531,300,0.0,0.0
2013-07-01 00:00:00+09:00,356.8728332519531,358.5136278875943,356.8728332519531,356.8728332519531,1100,0.0,0.0
2013-07-02 00:00:00+09:00,357.69323056977373,357.69323056977373,349.4892573915679,356.8728332519531,3600,0.0,0.0
2013-07-03 00:00:00+09:00,356.87279918581936,363.43597710188044,352.77081298828125,352.77081298828125,1600,0.0,0.0
2013-07-04 00:00:00+09:00,360.97479248046875,360.97479248046875,360.97479248046875,360.97479248046875,100,0.0,0.0
2013-07-05 00:00:00+09:00,355.2320014496553,363.43597376950873,355.2320014496553,356.0523986816406,800,0.0,0.0
2013-07-08 00:00:00+09:00,358.5136074490017,361.7951965332031,358.5136074490017,361.7951965332031,200,0.0,0.0
2013-07-09 00:00:00+09:00,365.0768231698291,374.92159143508286,361.7952337480778,362.6156311035156,1600,0.0,0.0
2013-07-10 00:00:00+09:00,364.25642581439126,364.25642581439126,362.6156311035156,362.6156311035156,2800,0.0,0.0
2013-07-11 00:00:00+09:00,362.61555708649433,368.35833740234375,362.61555708649433,368.35833740234375,800,0.0,0.0
2013-07-12 00:00:00+09:00,369.17879218297287,371.6399841308594,369.17879218297287,371.6399841308594,1000,0.0,0.0
2013-07-16 00:00:00+09:00,371.6399776553462,377.3827587670182,363.4360046386719,363.4360046386719,3000,0.0,0.0
2013-07-17 00:00:00+09:00,365.07679924200676,365.07679924200676,363.4360046386719,363.4360046386719,8800,0.0,0.0
2013-07-18 00:00:00+09:00,360.1544189453125,360.1544189453125,358.51362432597165,360.1544189453125,5500,0.0,0.0
2013-07-19 00:00:00+09:00,360.9748393150517,366.7176208496094,360.9748393150517,366.7176208496094,700,0.0,0.0
2013-07-22 00:00:00+09:00,366.71753617695396,367.5379333496094,360.9747559683663,367.5379333496094,2900,0.0,0.0
2013-07-23 00:00:00+09:00,362.61560733700446,368.35838844867646,362.61560733700446,363.4360046386719,900,0.0,0.0
2013-07-24 00:00:00+09:00,361.7951965332031,361.7951965332031,361.7951965332031,361.7951965332031,100,0.0,0.0
2013-07-25 00:00:00+09:00,361.79519995508264,361.79519995508264,358.51361083984375,358.51361083984375,3100,0.0,0.0
2013-07-26 00:00:00+09:00,365.0767754219674,365.0767754219674,358.51359743685333,364.2563781738281,900,0.0,0.0
2013-07-29 00:00:00+09:00,354.41170606148495,360.15448833562937,353.59130859375,353.59130859375,1000,0.0,0.0
2013-07-30 00:00:00+09:00,347.02802912980184,359.33398760958204,347.02802912980184,356.0523986816406,3700,0.0,0.0
2013-07-31 00:00:00+09:00,355.2320014496553,356.0523986816406,355.2320014496553,356.0523986816406,400,0.0,0.0
2013-08-01 00:00:00+09:00,349.4892573915679,356.8728332519531,349.4892573915679,356.8728332519531,1200,0.0,0.0
2013-08-02 00:00:00+09:00,355.2320556640625,355.2320556640625,355.2320556640625,355.2320556640625,300,0.0,0.0
2013-08-05 00:00:00+09:00,352.77081298828125,352.77081298828125,351.130018509266,352.77081298828125,3100,0.0,0.0
2013-08-06 00:00:00+09:00,353.59130859375,353.59130859375,353.59130859375,353.59130859375,100,0.0,0.0
2013-08-07 00:00:00+09:00,354.4116006064248,354.4116006064248,351.9504089355469,351.9504089355469,2000,0.0,0.0
2013-08-08 00:00:00+09:00,350.3095703125,350.3095703125,350.3095703125,350.3095703125,400,0.0,0.0
2013-08-09 00:00:00+09:00,350.3096857205243,350.3096857205243,349.4892883300781,349.4892883300781,600,0.0,0.0
2013-08-12 00:00:00+09:00,350.309713839352,350.309713839352,345.3873291015625,345.3873291015625,3100,0.0,0.0
2013-08-13 00:00:00+09:00,348.6688401963976,361.7951965332031,348.6688401963976,361.7951965332031,2300,0.0,0.0
2013-08-14 00:00:00+09:00,360.1544189453125,360.1544189453125,360.1544189453125,360.1544189453125,200,0.0,0.0
2013-08-15 00:00:00+09:00,360.1543558846533,398.71302268779385,360.1543558846533,370.81951904296875,5400,0.0,0.0
2013-08-16 00:00:00+09:00,369.99920654296875,369.99920654296875,369.99920654296875,369.99920654296875,800,0.0,0.0
2013-08-19 00:00:00+09:00,369.99920654296875,369.99920654296875,369.99920654296875,369.99920654296875,100,0.0,0.0
2013-08-20 00:00:00+09:00,369.99916229248043,369.99916229248043,360.97479248046875,360.97479248046875,1800,0.0,0.0
2013-08-21 00:00:00+09:00,361.79519995508264,361.79519995508264,358.51361083984375,358.51361083984375,300,0.0,0.0
2013-08-22 00:00:00+09:00,357.69317626953125,357.69317626953125,357.69317626953125,357.69317626953125,700,0.0,0.0
2013-08-23 00:00:00+09:00,358.5136934001595,358.5136934001595,352.7709111260151,353.59130859375,2300,0.0,0.0
2013-08-26 00:00:00+09:00,354.4116244457952,358.51361083984375,354.4116244457952,358.51361083984375,300,0.0,0.0
2013-08-27 00:00:00+09:00,358.51361083984375,358.51361083984375,358.51361083984375,358.51361083984375,0,0.0,0.0
2013-08-28 00:00:00+09:00,352.71783447265625,352.71783447265625,352.71783447265625,352.71783447265625,200,4.0,0.0
2013-08-29 00:00:00+09:00,353.5458295011181,353.5458295011181,348.5779724121094,348.5779724121094,1600,0.0,0.0
2013-08-30 00:00:00+09:00,352.71783447265625,352.71783447265625,352.71783447265625,352.71783447265625,100,0.0,0.0
2013-09-02 00:00:00+09:00,351.88973312913953,353.5456848144531,351.88973312913953,353.5456848144531,400,0.0,0.0
2013-09-03 00:00:00+09:00,354.37371826171875,354.37371826171875,354.37371826171875,354.37371826171875,200,0.0,0.0
2013-09-04 00:00:00+09:00,354.37378674717576,354.37378674717576,352.71783447265625,352.71783447265625,1100,0.0,0.0
2013-09-05 00:00:00+09:00,353.5456848144531,353.5456848144531,353.5456848144531,353.5456848144531,100,0.0,0.0
2013-09-06 00:00:00+09:00,353.5457566459224,353.5457566459224,351.06182861328125,351.06182861328125,400,0.0,0.0
2013-09-09 00:00:00+09:00,354.37366065710995,354.37366065710995,353.5456848144531,353.5456848144531,200,0.0,0.0
2013-09-10 00:00:00+09:00,354.37371826171875,356.02967021621276,354.37371826171875,354.37371826171875,1000,0.0,0.0
2013-09-11 00:00:00+09:00,354.37371826171875,354.37371826171875,354.37371826171875,354.37371826171875,0,0.0,0.0
2013-09-12 00:00:00+09:00,354.3737985562282,356.85772705078125,354.3737985562282,356.85772705078125,1600,0.0,0.0
2013-09-13 00:00:00+09:00,354.3737111646075,356.0296630859375,354.3737111646075,356.0296630859375,300,0.0,0.0
2013-09-17 00:00:00+09:00,356.8576461934598,356.8576461934598,354.37371826171875,354.37371826171875,1900,0.0,0.0
2013-09-18 00:00:00+09:00,356.0296630859375,356.0296630859375,356.0296630859375,356.0296630859375,300,0.0,0.0
2013-09-19 00:00:00+09:00,356.0296630859375,356.0296630859375,356.0296630859375,356.0296630859375,300,0.0,0.0
2013-09-20 00:00:00+09:00,357.6856171072346,362.6534729003906,357.6856171072346,362.6534729003906,2000,0.0,0.0
2013-09-24 00:00:00+09:00,362.65346582586113,364.3094177246094,362.65346582586113,364.3094177246094,1700,0.0,0.0
2013-09-25 00:00:00+09:00,368.44929747147995,368.44929747147995,364.3094177246094,364.3094177246094,1400,0.0,0.0
2013-09-26 00:00:00+09:00,364.3094518570259,364.3094518570259,363.4814758300781,363.4814758300781,2100,0.0,0.0
2013-09-27 00:00:00+09:00,363.4814758300781,363.4814758300781,363.4814758300781,363.4814758300781,0,0.0,0.0
2013-09-30 00:00:00+09:00,367.6213215221058,367.6213215221058,364.3094177246094,364.3094177246094,800,0.0,0.0
2013-10-01 00:00:00+09:00,363.4814758300781,364.3094518570259,363.4814758300781,363.4814758300781,1100,0.0,0.0
2013-10-02 00:00:00+09:00,364.3094177246094,364.3094177246094,364.3094177246094,364.3094177246094,1400,0.0,0.0
2013-10-03 00:00:00+09:00,358.5136413574219,358.5136413574219,358.5136413574219,358.5136413574219,1000,0.0,0.0
2013-10-04 00:00:00+09:00,359.3416555453342,359.3416555453342,356.85772705078125,356.85772705078125,700,0.0,0.0
2013-10-07 00:00:00+09:00,356.85772705078125,356.85772705078125,356.02975088593024,356.85772705078125,2100,0.0,0.0
2013-10-08 00:00:00+09:00,356.02962696609865,356.02962696609865,342.7820129394531,342.7820129394531,2800,0.0,0.0
2013-10-09 00:00:00+09:00,343.61002858479816,347.7499084472656,343.61002858479816,347.7499084472656,1800,0.0,0.0
2013-10-10 00:00:00+09:00,353.54570836064977,355.20166015625,353.54570836064977,355.20166015625,1300,0.0,0.0
2013-10-11 00:00:00+09:00,356.0296573142915,356.0296573142915,348.57787378910865,350.23382568359375,4900,0.0,0.0
2013-10-15 00:00:00+09:00,351.88977757807885,351.88977757807885,350.23382568359375,350.23382568359375,1100,0.0,0.0
2013-10-16 00:00:00+09:00,347.7499536367563,347.7499536367563,344.43804931640625,344.43804931640625,2100,0.0,0.0
2013-10-17 00:00:00+09:00,348.5779724121094,348.5779724121094,348.5779724121094,348.5779724121094,200,0.0,0.0
2013-10-18 00:00:00+09:00,346.9219324747721,354.3737162272135,346.9219324747721,347.7499084472656,2700,0.0,0.0
2013-10-21 00:00:00+09:00,347.7499317331902,349.4058837890625,347.7499317331902,349.4058837890625,6100,0.0,0.0
2013-10-22 00:00:00+09:00,353.5456848144531,353.5456848144531,353.5456848144531,353.5456848144531,1000,0.0,0.0
2013-10-23 00:00:00+09:00,353.5456848144531,354.37366065710995,351.88973312913953,353.5456848144531,3900,0.0,0.0
2013-10-24 00:00:00+09:00,351.88978328261265,356.0296630859375,351.88978328261265,356.0296630859375,2800,0.0,0.0
2013-10-25 00:00:00+09:00,354.3737985562282,356.85772705078125,354.3737985562282,356.85772705078125,1000,0.0,0.0
2013-10-28 00:00:00+09:00,356.85772705078125,356.85772705078125,356.85772705078125,356.85772705078125,100,0.0,0.0
2013-10-29 00:00:00+09:00,356.85772705078125,356.85772705078125,356.02975088593024,356.85772705078125,1300,0.0,0.0
2013-10-30 00:00:00+09:00,356.0296630859375,356.0296630859375,356.0296630859375,356.0296630859375,100,0.0,0.0
2013-10-31 00:00:00+09:00,356.0296630859375,356.0296630859375,356.0296630859375,356.0296630859375,0,0.0,0.0
2013-11-01 00:00:00+09:00,356.85763904660246,358.51359096793243,356.0296630859375,356.0296630859375,1200,0.0,0.0
2013-11-05 00:00:00+09:00,357.68560791015625,358.5135838543927,356.8576319659198,357.68560791015625,1100,0.0,0.0
2013-11-06 00:00:00+09:00,358.5136413574219,358.5136413574219,358.5136413574219,358.5136413574219,100,0.0,0.0
2013-11-07 00:00:00+09:00,359.3415832519531,359.3415832519531,359.3415832519531,359.3415832519531,100,0.0,0.0
2013-11-08 00:00:00+09:00,359.3416101214529,372.5892270844558,359.3416101214529,360.1695861816406,6600,0.0,0.0
2013-11-11 00:00:00+09:00,360.169571722287,363.4814758300781,360.169571722287,363.4814758300781,1200,0.0,0.0
2013-11-12 00:00:00+09:00,360.99749755859375,360.99749755859375,360.99749755859375,360.99749755859375,700,0.0,0.0
2013-11-13 00:00:00+09:00,360.99749755859375,360.99749755859375,360.99749755859375,360.99749755859375,0,0.0,0.0
2013-11-14 00:00:00+09:00,360.9975230127172,369.27728271484375,360.9975230127172,369.27728271484375,1300,0.0,0.0
2013-11-15 00:00:00+09:00,369.27728062459863,369.27728062459863,362.6534729003906,362.6534729003906,500,0.0,0.0
2013-11-18 00:00:00+09:00,363.48146863318897,365.1374206542969,363.48146863318897,365.1374206542969,800,0.0,0.0
2013-11-19 00:00:00+09:00,365.1374007969686,365.1374007969686,362.6534729003906,362.6534729003906,1500,0.0,0.0
2013-11-20 00:00:00+09:00,370.93319784628375,428.8915100097656,368.4492701821345,428.8915100097656,31500,0.0,0.0
2013-11-21 00:00:00+09:00,412.33212928771974,412.33212928771974,390.8047490437826,397.4285583496094,50000,0.0,0.0
2013-11-22 00:00:00+09:00,403.2243225753948,403.2243225753948,377.55706590221774,385.00885009765625,12000,0.0,0.0
2013-11-25 00:00:00+09:00,380.8690027605023,385.0088832252904,377.5570983886719,377.5570983886719,5900,0.0,0.0
2013-11-26 00:00:00+09:00,387.4928115041632,387.4928115041632,377.5570983886719,377.5570983886719,3600,0.0,0.0
2013-11-27 00:00:00+09:00,376.7291027346984,377.5570787846648,373.4171985348329,375.0731506347656,2700,0.0,0.0
2013-11-28 00:00:00+09:00,375.901106906467,375.901106906467,370.10527486165364,372.5892028808594,4300,0.0,0.0
2013-11-29 00:00:00+09:00,372.5892028808594,375.0731309000651,370.10527486165364,372.5892028808594,2400,0.0,0.0
2013-12-02 00:00:00+09:00,373.4171412645188,375.0730931104812,373.4171412645188,374.2451171875,700,0.0,0.0
2013-12-03 00:00:00+09:00,375.0731309000651,375.0731309000651,369.27729885525173,372.5892028808594,7100,0.0,0.0
2013-12-04 00:00:00+09:00,372.58918659569434,376.7290664467576,369.27728271484375,369.27728271484375,13300,0.0,0.0
2013-12-05 00:00:00+09:00,371.7612146154627,393.2885900720373,371.7612146154627,382.52490234375,5800,0.0,0.0
2013-12-06 00:00:00+09:00,389.14872300889755,389.14872300889755,372.5892028808594,372.5892028808594,8000,0.0,0.0
2013-12-09 00:00:00+09:00,375.9011340088432,387.4927989342261,373.4172058105469,373.4172058105469,2900,0.0,0.0
2013-12-10 00:00:00+09:00,373.4171540575424,378.385009765625,372.5891781061953,378.385009765625,3900,0.0,0.0
2013-12-11 00:00:00+09:00,380.86899040543585,380.86899040543585,373.4172058105469,373.4172058105469,1200,0.0,0.0
2013-12-12 00:00:00+09:00,372.58920977192537,385.00885009765625,372.58920977192537,385.00885009765625,10100,0.0,0.0
2013-12-13 00:00:00+09:00,375.07316399439213,385.83685302734375,375.07316399439213,385.83685302734375,6500,0.0,0.0
2013-12-16 00:00:00+09:00,385.00885734805274,385.00885734805274,376.72909697497636,383.3529052734375,3700,0.0,0.0
2013-12-17 00:00:00+09:00,376.7291027346984,376.7291027346984,375.0731506347656,375.0731506347656,1400,0.0,0.0
2013-12-18 00:00:00+09:00,378.3850062341148,379.2129821777344,378.3850062341148,379.2129821777344,700,0.0,0.0
2013-12-19 00:00:00+09:00,373.417220557296,374.2451966560927,368.449363964516,370.1053161621094,1500,0.0,0.0
2013-12-20 00:00:00+09:00,370.1053161621094,370.1053161621094,369.2773400633127,370.1053161621094,2900,0.0,0.0
2013-12-24 00:00:00+09:00,364.30946780650396,369.27732418568354,364.30946780650396,366.79339599609375,3000,0.0,0.0
2013-12-25 00:00:00+09:00,365.1374007969686,365.1374007969686,362.6534729003906,362.6534729003906,5600,0.0,0.0
2013-12-26 00:00:00+09:00,363.481448074867,397.4284625875539,363.481448074867,384.18084716796875,5400,0.0,0.0
2013-12-27 00:00:00+09:00,385.0088302810471,385.0088302810471,376.7290704900568,382.52490234375,1000,0.0,0.0
2013-12-30 00:00:00+09:00,381.6969243524358,381.6969243524358,375.9010925292969,375.9010925292969,2600,0.0,0.0
2014-01-06 00:00:00+09:00,389.14876369007845,389.14876369007845,377.5570983886719,377.5570983886719,2100,0.0,0.0
2014-01-07 00:00:00+09:00,377.55704646915586,383.35287832284905,374.2451425527597,382.52490234375,1000,0.0,0.0
2014-01-08 00:00:00+09:00,382.5249487095125,385.83685302734375,382.5249487095125,385.83685302734375,700,0.0,0.0
2014-01-09 00:00:00+09:00,385.83685302734375,385.83685302734375,385.83685302734375,385.83685302734375,800,0.0,0.0
2014-01-10 00:00:00+09:00,385.83677796708776,389.148681640625,385.83677796708776,389.148681640625,2200,0.0,0.0
2014-01-14 00:00:00+09:00,386.66478223924514,389.14871017654224,382.52490234375,382.52490234375,3900,0.0,0.0
2014-01-15 00:00:00+09:00,389.1487440803559,395.7725524902344,389.1487440803559,395.7725524902344,7700,0.0,0.0
2014-01-16 00:00:00+09:00,395.7724678616564,395.7724678616564,390.804612616531,394.11651611328125,1300,0.0,0.0
2014-01-17 00:00:00+09:00,389.9766704358552,393.28857421875,385.83679070723684,393.28857421875,700,0.0,0.0
2014-01-20 00:00:00+09:00,393.2886330822434,442.1392211914063,393.2886330822434,442.13922119140625,22700,0.0,0.0
2014-01-21 00:00:00+09:00,433.8594198373648,433.8594198373648,424.75168392474836,430.5475158691406,6200,0.0,0.0
2014-01-22 00:00:00+09:00,415.643994092471,422.2678027632674,415.643994092471,419.78387451171875,26900,0.0,0.0
2014-01-23 00:00:00+09:00,417.2998750574448,422.2677307128906,417.2998750574448,422.2677307128906,2900,0.0,0.0
2014-01-24 00:00:00+09:00,418.12787222483803,418.12787222483803,415.6439442710271,417.2998962402344,1600,0.0,0.0
2014-01-27 00:00:00+09:00,412.3320776950791,432.2035031261672,410.67612557582174,415.64398193359375,4000,0.0,0.0
2014-01-28 00:00:00+09:00,414.81598074262877,422.2677648278257,414.81598074262877,421.4397888183594,3800,0.0,0.0
2014-01-29 00:00:00+09:00,417.2998750574448,422.2677307128906,417.2998750574448,422.2677307128906,4300,0.0,0.0
2014-01-30 00:00:00+09:00,415.643994092471,419.78387451171875,415.643994092471,419.78387451171875,5900,0.0,0.0
2014-01-31 00:00:00+09:00,417.2998962402344,417.2998962402344,417.2998962402344,417.2998962402344,200,0.0,0.0
2014-02-03 00:00:00+09:00,415.6440078272964,418.95591227213544,409.8481750488281,409.8481750488281,6700,0.0,0.0
2014-02-04 00:00:00+09:00,410.67605240819915,414.8159319687657,408.1921246718593,411.5040283203125,6400,0.0,0.0
2014-02-05 00:00:00+09:00,413.9880298143364,415.64398193359375,413.9880298143364,415.64398193359375,4500,0.0,0.0
2014-02-06 00:00:00+09:00,413.15997314453125,413.15997314453125,413.15997314453125,413.15997314453125,1000,0.0,0.0
2014-02-07 00:00:00+09:00,413.9880298143364,415.64398193359375,413.9880298143364,415.64398193359375,1400,0.0,0.0
2014-02-10 00:00:00+09:00,413.98800120634195,413.98800120634195,408.1921691894531,408.1921691894531,2400,0.0,0.0
2014-02-12 00:00:00+09:00,408.1921691894531,408.1921691894531,408.1921691894531,408.1921691894531,0,0.0,0.0
2014-02-13 00:00:00+09:00,408.1921691894531,408.1921691894531,408.1921691894531,408.1921691894531,0,0.0,0.0
2014-02-14 00:00:00+09:00,406.53619384765625,406.53619384765625,406.53619384765625,406.53619384765625,100,0.0,0.0
2014-02-17 00:00:00+09:00,406.53619384765625,406.53619384765625,406.53619384765625,406.53619384765625,200,0.0,0.0
2014-02-18 00:00:00+09:00,406.53619384765625,406.53619384765625,406.53619384765625,406.53619384765625,0,0.0,0.0
2014-02-19 00:00:00+09:00,406.53619384765625,406.53619384765625,406.53619384765625,406.53619384765625,200,0.0,0.0
2014-02-20 00:00:00+09:00,406.53619384765625,406.53619384765625,406.53619384765625,406.53619384765625,0,0.0,0.0
2014-02-21 00:00:00+09:00,407.3641698025395,407.3641698025395,406.53619384765625,406.53619384765625,600,0.0,0.0
2014-02-24 00:00:00+09:00,406.53619384765625,406.53619384765625,406.53619384765625,406.53619384765625,100,0.0,0.0
2014-02-25 00:00:00+09:00,410.6761169433594,410.6761169433594,406.5362367322368,410.6761169433594,300,0.0,0.0
2014-02-26 00:00:00+09:00,409.8430480957031,409.8430480957031,409.8430480957031,409.8430480957031,200,3.0,0.0
2014-02-27 00:00:00+09:00,408.177001953125,408.177001953125,408.177001953125,408.177001953125,2100,0.0,0.0
2014-02-28 00:00:00+09:00,408.177001953125,408.177001953125,408.177001953125,408.177001953125,0,0.0,0.0
2014-03-03 00:00:00+09:00,401.51298426216607,408.17710018352983,401.51298426216607,407.3440856933594,300,0.0,0.0
2014-03-04 00:00:00+09:00,402.345947265625,402.345947265625,402.345947265625,402.345947265625,300,0.0,0.0
2014-03-05 00:00:00+09:00,402.345947265625,402.345947265625,402.345947265625,402.345947265625,100,0.0,0.0
2014-03-06 00:00:00+09:00,402.3458797990783,403.17889404296875,402.3458797990783,403.17889404296875,800,0.0,0.0
2014-03-07 00:00:00+09:00,408.17697950631134,408.17697950631134,403.17889404296875,403.17889404296875,600,0.0,0.0
2014-03-10 00:00:00+09:00,384.0195793662679,385.68560791015625,384.0195793662679,385.68560791015625,2400,0.0,0.0
2014-03-11 00:00:00+09:00,392.34977931855343,394.01580810546875,392.34977931855343,394.01580810546875,300,0.0,0.0
2014-03-12 00:00:00+09:00,394.01580810546875,394.01580810546875,394.01580810546875,394.01580810546875,0,0.0,0.0
2014-03-13 00:00:00+09:00,394.01580810546875,394.01580810546875,394.01580810546875,394.01580810546875,0,0.0,0.0
2014-03-14 00:00:00+09:00,392.3497619628906,392.3497619628906,392.3497619628906,392.3497619628906,200,0.0,0.0
2014-03-17 00:00:00+09:00,393.18277631949974,393.18277631949974,392.3497619628906,392.3497619628906,300,0.0,0.0
2014-03-18 00:00:00+09:00,391.5166931152344,391.5166931152344,390.68367887456367,391.5166931152344,1300,0.0,0.0
2014-03-19 00:00:00+09:00,399.8468933105469,399.8468933105469,399.8468933105469,399.8468933105469,500,0.0,0.0
2014-03-20 00:00:00+09:00,399.8468933105469,399.8468933105469,399.8468933105469,399.8468933105469,1600,0.0,0.0
2014-03-24 00:00:00+09:00,399.8468933105469,399.8468933105469,399.8468933105469,399.8468933105469,0,0.0,0.0
2014-03-25 00:00:00+09:00,399.8468933105469,399.8468933105469,399.8468933105469,399.8468933105469,0,0.0,0.0
2014-03-26 00:00:00+09:00,379.854540162732,383.18659753258055,378.1885114778077,381.52056884765625,4400,0.0,0.0
2014-03-27 00:00:00+09:00,381.52056884765625,381.52056884765625,381.52056884765625,381.52056884765625,0,0.0,0.0
2014-03-28 00:00:00+09:00,391.5166931152344,391.5166931152344,391.5166931152344,391.5166931152344,600,0.0,0.0
2014-03-31 00:00:00+09:00,391.5166931152344,391.5166931152344,391.5166931152344,391.5166931152344,0,0.0,0.0
2014-04-01 00:00:00+09:00,386.5187006468414,387.3517150878906,386.5187006468414,387.3517150878906,400,0.0,0.0
2014-04-02 00:00:00+09:00,393.182771931879,393.182771931879,389.0177001953125,389.0177001953125,800,0.0,0.0
2014-04-03 00:00:00+09:00,391.5166931152344,391.5166931152344,391.5166931152344,391.5166931152344,800,0.0,0.0
2014-04-04 00:00:00+09:00,390.6837968949085,390.6837968949085,388.18475341796875,388.18475341796875,1900,0.0,0.0
2014-04-07 00:00:00+09:00,390.6837463378906,390.6837463378906,390.6837463378906,390.6837463378906,200,0.0,0.0
2014-04-08 00:00:00+09:00,387.35163645404464,387.35163645404464,385.68560791015625,385.68560791015625,400,0.0,0.0
2014-04-09 00:00:00+09:00,385.68567809390817,385.68567809390817,380.6875915527344,380.6875915527344,600,0.0,0.0
2014-04-10 00:00:00+09:00,381.52056884765625,381.52056884765625,381.52056884765625,381.52056884765625,400,0.0,0.0
2014-04-11 00:00:00+09:00,374.8564453125,374.8564453125,374.8564453125,374.8564453125,4100,0.0,0.0
2014-04-14 00:00:00+09:00,374.8564453125,374.8564453125,374.8564453125,374.8564453125,100,0.0,0.0
2014-04-15 00:00:00+09:00,374.8564453125,374.8564453125,374.8564453125,374.8564453125,200,0.0,0.0
2014-04-16 00:00:00+09:00,369.8584289550781,369.8584289550781,369.8584289550781,369.8584289550781,200,0.0,0.0
2014-04-17 00:00:00+09:00,370.69140202874775,370.69140202874775,367.3593444824219,367.3593444824219,700,0.0,0.0
2014-04-18 00:00:00+09:00,370.6914367675781,370.6914367675781,370.6914367675781,370.6914367675781,800,0.0,0.0
2014-04-21 00:00:00+09:00,374.8564453125,374.8564453125,374.8564453125,374.8564453125,500,0.0,0.0
2014-04-22 00:00:00+09:00,375.68945963541665,375.68945963541665,374.8564453125,374.8564453125,2000,0.0,0.0
2014-04-23 00:00:00+09:00,374.8564453125,374.8564453125,374.8564453125,374.8564453125,0,0.0,0.0
2014-04-24 00:00:00+09:00,370.6914568594678,370.6914568594678,368.1924133300781,368.1924133300781,300,0.0,0.0
2014-04-25 00:00:00+09:00,367.3592691421509,373.19036865234375,363.1941980634417,373.19036865234375,400,0.0,0.0
2014-04-28 00:00:00+09:00,373.19036865234375,373.19036865234375,373.19036865234375,373.19036865234375,0,0.0,0.0
2014-04-30 00:00:00+09:00,373.19036865234375,373.19036865234375,373.19036865234375,373.19036865234375,0,0.0,0.0
2014-05-01 00:00:00+09:00,374.8565294084506,374.8565294084506,368.1924133300781,368.1924133300781,300,0.0,0.0
2014-05-02 00:00:00+09:00,368.1924133300781,368.1924133300781,368.1924133300781,368.1924133300781,100,0.0,0.0
2014-05-07 00:00:00+09:00,370.6914367675781,370.6914367675781,370.6914367675781,370.6914367675781,100,0.0,0.0
2014-05-08 00:00:00+09:00,370.6913290502818,370.6913290502818,364.8602294921875,364.8602294921875,900,0.0,0.0
2014-05-09 00:00:00+09:00,366.5263644443469,373.19048016151686,366.5263644443469,370.6914367675781,20100,0.0,0.0
2014-05-12 00:00:00+09:00,374.0235013532209,374.0235013532209,369.8584289550781,369.8584289550781,500,0.0,0.0
2014-05-13 00:00:00+09:00,366.5263366699219,366.5263366699219,366.5263366699219,366.5263366699219,1600,0.0,0.0
2014-05-14 00:00:00+09:00,366.5263366699219,366.5263366699219,366.5263366699219,366.5263366699219,0,0.0,0.0
2014-05-15 00:00:00+09:00,366.5263366699219,366.5263366699219,366.5263366699219,366.5263366699219,0,0.0,0.0
2014-05-16 00:00:00+09:00,366.5262579373573,366.5262579373573,364.8602294921875,364.8602294921875,1800,0.0,0.0
2014-05-19 00:00:00+09:00,365.6932437147724,365.6932437147724,364.8602294921875,364.8602294921875,300,0.0,0.0
2014-05-20 00:00:00+09:00,364.8602294921875,364.8602294921875,364.8602294921875,364.8602294921875,1000,0.0,0.0
2014-05-21 00:00:00+09:00,364.8602294921875,364.8602294921875,364.8602294921875,364.8602294921875,1100,0.0,0.0
2014-05-22 00:00:00+09:00,358.1961669921875,358.1961669921875,357.36315265034517,358.1961669921875,10700,0.0,0.0
2014-05-23 00:00:00+09:00,358.1961669921875,358.1961669921875,349.86602357376455,358.1961669921875,2400,0.0,0.0
2014-05-26 00:00:00+09:00,357.3631286621094,357.3631286621094,357.3631286621094,357.3631286621094,500,0.0,0.0
2014-05-27 00:00:00+09:00,357.3631286621094,357.3631286621094,357.3631286621094,357.3631286621094,200,0.0,0.0
2014-05-28 00:00:00+09:00,357.3631286621094,357.3631286621094,357.3631286621094,357.3631286621094,1300,0.0,0.0
2014-05-29 00:00:00+09:00,357.3631286621094,357.3631286621094,357.3631286621094,357.3631286621094,300,0.0,0.0
2014-05-30 00:00:00+09:00,357.3631286621094,357.3631286621094,357.3631286621094,357.3631286621094,0,0.0,0.0
2014-06-02 00:00:00+09:00,357.36315265034517,358.1961669921875,357.36315265034517,358.1961669921875,3300,0.0,0.0
2014-06-03 00:00:00+09:00,358.1961669921875,358.1961669921875,358.1961669921875,358.1961669921875,800,0.0,0.0
2014-06-04 00:00:00+09:00,358.1961669921875,358.1961669921875,358.1961669921875,358.1961669921875,2200,0.0,0.0
2014-06-05 00:00:00+09:00,358.1961669921875,358.1961669921875,358.1961669921875,358.1961669921875,700,0.0,0.0
2014-06-06 00:00:00+09:00,354.03116885746755,356.53021240234375,354.03116885746755,356.53021240234375,1100,0.0,0.0
2014-06-09 00:00:00+09:00,359.0291748046875,359.0291748046875,359.0291748046875,359.0291748046875,500,0.0,0.0
2014-06-10 00:00:00+09:00,360.695235859264,366.5263366699219,360.695235859264,366.5263366699219,4400,0.0,0.0
2014-06-11 00:00:00+09:00,366.5263366699219,366.5263366699219,366.5263366699219,366.5263366699219,300,0.0,0.0
2014-06-12 00:00:00+09:00,366.5263366699219,366.5263366699219,366.5263366699219,366.5263366699219,100,0.0,0.0
2014-06-13 00:00:00+09:00,366.5263366699219,366.5263366699219,366.5263366699219,366.5263366699219,0,0.0,0.0
2014-06-16 00:00:00+09:00,366.52623625494,366.52623625494,353.1980094820331,355.6970520019531,1700,0.0,0.0
2014-06-17 00:00:00+09:00,361.52829949209627,361.52829949209627,356.53021240234375,356.53021240234375,1300,0.0,0.0
2014-06-18 00:00:00+09:00,356.5301143761837,357.3631286621094,356.5301143761837,357.3631286621094,500,0.0,0.0
2014-06-19 00:00:00+09:00,359.02916183647875,360.6951904296875,357.36313324327006,360.6951904296875,2600,0.0,0.0
2014-06-20 00:00:00+09:00,362.36125816293315,369.85838764216624,362.36125816293315,367.3593444824219,700,0.0,0.0
2014-06-23 00:00:00+09:00,367.35935353246225,370.6914111608746,359.86222386853444,362.36126708984375,4700,0.0,0.0
2014-06-24 00:00:00+09:00,364.8602734375,389.01768880208334,364.8602734375,374.8564453125,15300,0.0,0.0
2014-06-25 00:00:00+09:00,374.02351489865407,374.02351489865407,368.1924133300781,368.1924133300781,2600,0.0,0.0
2014-06-26 00:00:00+09:00,369.85844234967124,369.85844234967124,368.1924133300781,368.1924133300781,700,0.0,0.0
2014-06-27 00:00:00+09:00,380.6875698994638,380.6875698994638,375.6894836425781,375.6894836425781,300,0.0,0.0
2014-06-30 00:00:00+09:00,374.85643425243813,374.85643425243813,372.3573913574219,372.3573913574219,700,0.0,0.0
2014-07-01 00:00:00+09:00,370.6914367675781,370.6914367675781,370.6914367675781,370.6914367675781,200,0.0,0.0
2014-07-02 00:00:00+09:00,370.6913736979167,374.8564453125,370.6913736979167,374.8564453125,2400,0.0,0.0
2014-07-03 00:00:00+09:00,374.8564453125,374.8564453125,374.8564453125,374.8564453125,1700,0.0,0.0
2014-07-04 00:00:00+09:00,370.69142096865494,376.52252197265625,370.69142096865494,376.52252197265625,1300,0.0,0.0
2014-07-07 00:00:00+09:00,388.1846946335666,389.8507233658995,384.0196228027344,384.0196228027344,600,0.0,0.0
2014-07-08 00:00:00+09:00,383.18661302790673,383.18661302790673,375.6894836425781,375.6894836425781,700,0.0,0.0
2014-07-09 00:00:00+09:00,379.02157462765814,379.02157462765814,371.5244445800781,371.5244445800781,2400,0.0,0.0
2014-07-10 00:00:00+09:00,371.52442307905716,371.52442307905716,366.5263366699219,366.5263366699219,3400,0.0,0.0
2014-07-11 00:00:00+09:00,366.5263578816914,373.19047347954034,366.5263578816914,371.5244445800781,3100,0.0,0.0
2014-07-14 00:00:00+09:00,371.5244445800781,371.5244445800781,371.5244445800781,371.5244445800781,0,0.0,0.0
2014-07-15 00:00:00+09:00,371.5243402208601,374.85639708382746,371.5243402208601,373.19036865234375,500,0.0,0.0
2014-07-16 00:00:00+09:00,373.19036865234375,373.19036865234375,373.19036865234375,373.19036865234375,700,0.0,0.0
2014-07-17 00:00:00+09:00,373.19036865234375,373.19036865234375,373.19036865234375,373.19036865234375,0,0.0,0.0
2014-07-18 00:00:00+09:00,368.19230709628164,374.0234069824219,367.35929282683304,374.0234069824219,1300,0.0,0.0
2014-07-22 00:00:00+09:00,374.02343098958335,374.8564453125,374.02343098958335,374.8564453125,3200,0.0,0.0
2014-07-23 00:00:00+09:00,374.8564453125,374.8564453125,374.8564453125,374.8564453125,0,0.0,0.0
2014-07-24 00:00:00+09:00,369.858359375,377.35548828125,369.858359375,374.8564453125,2100,0.0,0.0
2014-07-25 00:00:00+09:00,370.6914434347067,370.6914434347067,369.8584289550781,369.8584289550781,300,0.0,0.0
2014-07-28 00:00:00+09:00,366.5263300958404,367.3593444824219,366.5263300958404,367.3593444824219,1500,0.0,0.0
2014-07-29 00:00:00+09:00,367.3593444824219,367.3593444824219,367.3593444824219,367.3593444824219,0,0.0,0.0
2014-07-30 00:00:00+09:00,374.8565158328495,374.8565158328495,369.8584289550781,369.8584289550781,2100,0.0,0.0
2014-07-31 00:00:00+09:00,369.8584289550781,369.8584289550781,369.8584289550781,369.8584289550781,0,0.0,0.0
2014-08-01 00:00:00+09:00,368.192399995821,369.8584289550781,366.5263710365639,369.8584289550781,2600,0.0,0.0
2014-08-04 00:00:00+09:00,369.0253732555848,369.0253732555848,367.3593444824219,367.3593444824219,1100,0.0,0.0
2014-08-05 00:00:00+09:00,368.1924133300781,368.1924133300781,368.1924133300781,368.1924133300781,100,0.0,0.0
2014-08-06 00:00:00+09:00,368.1924133300781,368.1924133300781,368.1924133300781,368.1924133300781,0,0.0,0.0
2014-08-07 00:00:00+09:00,366.5263366699219,366.5263366699219,366.5263366699219,366.5263366699219,800,0.0,0.0
2014-08-08 00:00:00+09:00,359.8621826171875,360.69519692880135,359.8621826171875,359.8621826171875,2100,0.0,0.0
2014-08-11 00:00:00+09:00,366.5263366699219,366.5263366699219,366.5263366699219,366.5263366699219,200,0.0,0.0
2014-08-12 00:00:00+09:00,360.69519692880135,360.69519692880135,359.8621826171875,359.8621826171875,300,0.0,0.0
2014-08-13 00:00:00+09:00,359.8621715198864,359.8621715198864,356.5301143761837,357.3631286621094,2200,0.0,0.0
2014-08-14 00:00:00+09:00,359.0291813340298,359.0291813340298,358.1961669921875,358.1961669921875,2200,0.0,0.0
2014-08-15 00:00:00+09:00,359.0291748046875,359.0291748046875,359.0291748046875,359.0291748046875,200,0.0,0.0
2014-08-18 00:00:00+09:00,363.194255298797,365.69329833984375,363.194255298797,365.69329833984375,300,0.0,0.0
2014-08-19 00:00:00+09:00,365.69329833984375,365.69329833984375,365.69329833984375,365.69329833984375,1200,0.0,0.0
2014-08-20 00:00:00+09:00,365.69329833984375,365.69329833984375,365.69329833984375,365.69329833984375,1800,0.0,0.0
2014-08-21 00:00:00+09:00,366.5263366699219,366.5263366699219,366.5263366699219,366.5263366699219,1000,0.0,0.0
2014-08-22 00:00:00+09:00,369.0254278398747,369.0254278398747,368.1924133300781,368.1924133300781,200,0.0,0.0
2014-08-25 00:00:00+09:00,368.19240664789965,369.0254211425781,368.19240664789965,369.0254211425781,200,0.0,0.0
2014-08-26 00:00:00+09:00,369.85833563517883,374.0234069824219,369.85833563517883,374.0234069824219,300,0.0,0.0
2014-08-27 00:00:00+09:00,373.1849365234375,373.1849365234375,373.1849365234375,373.1849365234375,100,3.0,0.0
2014-08-28 00:00:00+09:00,373.1849365234375,373.1849365234375,373.1849365234375,373.1849365234375,0,0.0,0.0
2014-08-29 00:00:00+09:00,373.1849365234375,373.1849365234375,373.1849365234375,373.1849365234375,1900,0.0,0.0
2014-09-01 00:00:00+09:00,366.4758856537145,366.4758856537145,364.79865047909794,365.63726806640625,800,0.0,0.0
2014-09-02 00:00:00+09:00,368.99170195575255,374.0234069824219,368.99170195575255,374.0234069824219,1100,0.0,0.0
2014-09-03 00:00:00+09:00,374.0234069824219,374.0234069824219,374.0234069824219,374.0234069824219,400,0.0,0.0
2014-09-04 00:00:00+09:00,374.0234069824219,374.0234069824219,374.0234069824219,374.0234069824219,0,0.0,0.0
2014-09-05 00:00:00+09:00,369.8303473039107,369.8303473039107,368.9917297363281,368.9917297363281,300,0.0,0.0
2014-09-08 00:00:00+09:00,368.9917297363281,368.9917297363281,368.9917297363281,368.9917297363281,0,0.0,0.0
2014-09-09 00:00:00+09:00,368.9917297363281,368.9917297363281,368.9917297363281,368.9917297363281,1300,0.0,0.0
2014-09-10 00:00:00+09:00,368.9917297363281,368.9917297363281,368.9917297363281,368.9917297363281,1300,0.0,0.0
2014-09-11 00:00:00+09:00,368.9917297363281,368.9917297363281,368.9917297363281,368.9917297363281,1500,0.0,0.0
2014-09-12 00:00:00+09:00,374.0234351418235,374.0234351418235,368.9917297363281,368.9917297363281,1100,0.0,0.0
2014-09-16 00:00:00+09:00,368.9918369956264,371.5076904296875,368.9918369956264,371.5076904296875,400,0.0,0.0
2014-09-17 00:00:00+09:00,371.5076904296875,371.5076904296875,371.5076904296875,371.5076904296875,0,0.0,0.0
2014-09-18 00:00:00+09:00,374.0234069824219,374.0234069824219,374.0234069824219,374.0234069824219,200,0.0,0.0
2014-09-19 00:00:00+09:00,374.0234069824219,374.0234069824219,374.0234069824219,374.0234069824219,100,0.0,0.0
2014-09-22 00:00:00+09:00,374.02340981965705,374.02340981965705,369.830322265625,369.830322265625,1700,0.0,0.0
2014-09-24 00:00:00+09:00,368.9917297363281,368.9917297363281,368.9917297363281,368.9917297363281,1700,0.0,0.0
2014-09-25 00:00:00+09:00,363.1214348577684,368.99175828503024,363.1214348577684,363.9600524902344,1900,0.0,0.0
2014-09-26 00:00:00+09:00,363.1214599609375,363.96007765137847,360.60560688961465,363.1214599609375,2200,0.0,0.0
2014-09-29 00:00:00+09:00,363.1214599609375,363.1214599609375,363.1214599609375,363.1214599609375,0,0.0,0.0
2014-09-30 00:00:00+09:00,363.1214599609375,363.1214599609375,363.1214599609375,363.1214599609375,0,0.0,0.0
2014-10-01 00:00:00+09:00,368.1531066894531,368.1531066894531,368.1531066894531,368.1531066894531,200,0.0,0.0
2014-10-02 00:00:00+09:00,368.1531066894531,368.1531066894531,368.1531066894531,368.1531066894531,2800,0.0,0.0
2014-10-03 00:00:00+09:00,362.2828063964844,362.2828063964844,362.2828063964844,362.2828063964844,1000,0.0,0.0
2014-10-06 00:00:00+09:00,363.12142400388365,363.12142400388365,362.2828063964844,362.2828063964844,4100,0.0,0.0
2014-10-07 00:00:00+09:00,368.1531066894531,368.1531066894531,368.1531066894531,368.1531066894531,1900,0.0,0.0
2014-10-08 00:00:00+09:00,360.6055732622538,368.15313177239403,360.6055732622538,367.31451416015625,5800,0.0,0.0
2014-10-09 00:00:00+09:00,368.1531661035833,368.9917837940243,361.44422458005556,363.1214599609375,3200,0.0,0.0
2014-10-10 00:00:00+09:00,360.60550785719397,366.475830078125,360.60550785719397,366.475830078125,3900,0.0,0.0
2014-10-14 00:00:00+09:00,368.99176376167384,368.99176376167384,360.6055873125449,364.7986755371094,5100,0.0,0.0
2014-10-15 00:00:00+09:00,364.7986755371094,364.7986755371094,364.7986755371094,364.7986755371094,0,0.0,0.0
2014-10-16 00:00:00+09:00,364.79870995809864,364.79870995809864,360.6056213378906,360.6056213378906,1200,0.0,0.0
2014-10-17 00:00:00+09:00,360.6056213378906,360.6056213378906,360.6056213378906,360.6056213378906,0,0.0,0.0
2014-10-20 00:00:00+09:00,360.605572408282,360.605572408282,353.0580139160156,353.0580139160156,1800,0.0,0.0
2014-10-21 00:00:00+09:00,360.6056213378906,360.6056213378906,360.6056213378906,360.6056213378906,800,0.0,0.0
2014-10-22 00:00:00+09:00,361.4442049574578,364.7986755371094,349.7035579286773,364.7986755371094,2800,0.0,0.0
2014-10-23 00:00:00+09:00,364.7986755371094,364.7986755371094,364.7986755371094,364.7986755371094,300,0.0,0.0
2014-10-24 00:00:00+09:00,364.7986755371094,364.7986755371094,364.7986755371094,364.7986755371094,100,0.0,0.0
2014-10-27 00:00:00+09:00,364.7986755371094,364.7986755371094,364.7986755371094,364.7986755371094,0,0.0,0.0
2014-10-28 00:00:00+09:00,364.7986755371094,364.7986755371094,364.7986755371094,364.7986755371094,0,0.0,0.0
2014-10-29 00:00:00+09:00,355.5738612583705,355.5738612583705,352.2193908691406,352.2193908691406,2200,0.0,0.0
2014-10-30 00:00:00+09:00,363.1214599609375,363.1214599609375,363.1214599609375,363.1214599609375,100,0.0,0.0
2014-10-31 00:00:00+09:00,356.41246032714844,377.3778991699219,356.41246032714844,377.3778991699219,3900,0.0,0.0
2014-11-04 00:00:00+09:00,372.34620000665836,372.34620000665836,362.2827891956676,368.9917297363281,1200,0.0,0.0
2014-11-05 00:00:00+09:00,372.34620079627405,372.34620079627405,357.25108454777643,359.7669372558594,3100,0.0,0.0
2014-11-06 00:00:00+09:00,362.28280094438804,369.8303592973961,360.6055657548307,361.4441833496094,5700,0.0,0.0
2014-11-07 00:00:00+09:00,370.6689758300781,370.6689758300781,370.6689758300781,370.6689758300781,2000,0.0,0.0
2014-11-10 00:00:00+09:00,361.4441833496094,362.28280094438804,359.76694816005204,361.4441833496094,1400,0.0,0.0
2014-11-11 00:00:00+09:00,361.4441833496094,361.4441833496094,361.4441833496094,361.4441833496094,100,0.0,0.0
2014-11-12 00:00:00+09:00,360.6055657548307,361.4441833496094,360.6055657548307,361.4441833496094,1200,0.0,0.0
2014-11-13 00:00:00+09:00,363.96002510266425,363.96002510266425,359.7669372558594,359.7669372558594,2700,0.0,0.0
2014-11-14 00:00:00+09:00,359.7669372558594,359.7669372558594,359.7669372558594,359.7669372558594,0,0.0,0.0
2014-11-17 00:00:00+09:00,363.96004284928927,363.96004284928927,352.2193963057638,353.0580139160156,12800,0.0,0.0
2014-11-18 00:00:00+09:00,357.2511504417242,360.6056213378906,357.2511504417242,360.6056213378906,300,0.0,0.0
2014-11-19 00:00:00+09:00,363.1214599609375,363.1214599609375,363.1214599609375,363.1214599609375,1100,0.0,0.0
2014-11-20 00:00:00+09:00,363.1214599609375,363.1214599609375,363.1214599609375,363.1214599609375,1800,0.0,0.0
2014-11-21 00:00:00+09:00,358.0897575449721,358.9283752441406,358.0897575449721,358.9283752441406,300,0.0,0.0
2014-11-25 00:00:00+09:00,353.0579998088333,357.25108769254865,353.0579998088333,355.5738525390625,2300,0.0,0.0
2014-11-26 00:00:00+09:00,355.5738884420956,356.4125061035156,355.5738884420956,356.4125061035156,1400,0.0,0.0
2014-11-27 00:00:00+09:00,358.9283858898074,360.6056213378906,356.41253271768255,360.6056213378906,3400,0.0,0.0
2014-11-28 00:00:00+09:00,360.60560688961465,363.1214599609375,360.60560688961465,363.1214599609375,1300,0.0,0.0
2014-12-01 00:00:00+09:00,363.12147451001545,363.12147451001545,360.6056213378906,360.6056213378906,3200,0.0,0.0
2014-12-02 00:00:00+09:00,360.6056213378906,363.12147451001545,356.41253271768255,360.6056213378906,2400,0.0,0.0
2014-12-03 00:00:00+09:00,357.2511504417242,364.79870995809864,357.2511504417242,360.6056213378906,2400,0.0,0.0
2014-12-04 00:00:00+09:00,357.2511504417242,360.6056213378906,357.2511504417242,360.6056213378906,1100,0.0,0.0
2014-12-05 00:00:00+09:00,360.6055944106158,360.6055944106158,354.7352707806756,356.4125061035156,2700,0.0,0.0
2014-12-08 00:00:00+09:00,358.9283196864984,359.7669372558594,358.0897021171374,359.7669372558594,1000,0.0,0.0
2014-12-09 00:00:00+09:00,359.7669372558594,359.7669372558594,359.7669372558594,359.7669372558594,0,0.0,0.0
2014-12-10 00:00:00+09:00,357.25113984580355,358.9283752441406,357.25113984580355,358.9283752441406,500,0.0,0.0
2014-12-11 00:00:00+09:00,361.44424839646604,361.44424839646604,357.25115966796875,357.25115966796875,1800,0.0,0.0
2014-12-12 00:00:00+09:00,359.7669891991737,363.1214599609375,359.7669891991737,363.1214599609375,6500,0.0,0.0
2014-12-15 00:00:00+09:00,363.96007765137847,363.96007765137847,356.4125184374098,363.1214599609375,3000,0.0,0.0
2014-12-16 00:00:00+09:00,363.12148388786494,363.12148388786494,357.25115966796875,357.25115966796875,1100,0.0,0.0
2014-12-17 00:00:00+09:00,357.25110075208875,362.2828063964844,357.25110075208875,362.2828063964844,1800,0.0,0.0
2014-12-18 00:00:00+09:00,363.1214348577684,363.9600524902344,363.1214348577684,363.9600524902344,1700,0.0,0.0
2014-12-19 00:00:00+09:00,360.6055819603705,363.9600524902344,358.08972906297254,363.9600524902344,1500,0.0,0.0
2014-12-22 00:00:00+09:00,363.9600578921965,364.7986755371094,363.9600578921965,364.7986755371094,7600,0.0,0.0
2014-12-24 00:00:00+09:00,365.6373371249633,365.6373371249633,357.25115966796875,357.25115966796875,4000,0.0,0.0
2014-12-25 00:00:00+09:00,354.7352707806756,358.92835908777573,354.7352707806756,356.4125061035156,2600,0.0,0.0
2014-12-26 00:00:00+09:00,364.7986426720252,365.63726024138623,359.7669372558594,359.7669372558594,2700,0.0,0.0
2014-12-29 00:00:00+09:00,365.63726806640625,365.63726806640625,365.63726806640625,365.63726806640625,200,0.0,0.0
2014-12-30 00:00:00+09:00,365.63726806640625,365.63726806640625,365.63726806640625,365.63726806640625,300,0.0,0.0
2015-01-05 00:00:00+09:00,374.86205270940604,374.86205270940604,367.314494601163,368.9917297363281,2300,0.0,0.0
2015-01-06 00:00:00+09:00,363.9600524902344,364.7986701227004,363.9600524902344,363.9600524902344,1200,0.0,0.0
2015-01-07 00:00:00+09:00,362.28274277746,366.475830078125,362.28274277746,366.475830078125,1500,0.0,0.0
2015-01-08 00:00:00+09:00,368.9917047548186,372.3461747980442,368.9917047548186,369.830322265625,1500,0.0,0.0
2015-01-09 00:00:00+09:00,366.4759286416543,372.34625244140625,366.4759286416543,372.34625244140625,500,0.0,0.0
2015-01-13 00:00:00+09:00,363.96008143915196,363.96008143915196,358.9283752441406,358.9283752441406,4000,0.0,0.0
2015-01-14 00:00:00+09:00,364.7986755371094,364.7986755371094,364.7986755371094,364.7986755371094,200,0.0,0.0
2015-01-15 00:00:00+09:00,359.7669372558594,359.7669372558594,359.7669372558594,359.7669372558594,900,0.0,0.0
2015-01-16 00:00:00+09:00,356.41246697841547,362.2827899639423,356.41246697841547,359.7669372558594,1400,0.0,0.0
2015-01-19 00:00:00+09:00,360.6056213378906,360.6056213378906,360.6056213378906,360.6056213378906,1200,0.0,0.0
2015-01-20 00:00:00+09:00,360.60563065076656,360.60563065076656,356.41254192226927,357.25115966796875,2600,0.0,0.0
2015-01-21 00:00:00+09:00,353.0579943645648,354.7352294921875,353.0579943645648,354.7352294921875,4600,0.0,0.0
2015-01-22 00:00:00+09:00,356.4125061035156,356.4125061035156,356.4125061035156,356.4125061035156,100,0.0,0.0
2015-01-23 00:00:00+09:00,356.41246697841547,359.7669372558594,355.57384940905445,359.7669372558594,6000,0.0,0.0
2015-01-26 00:00:00+09:00,360.60555482522034,360.60555482522034,355.57384940905445,359.7669372558594,600,0.0,0.0
2015-01-27 00:00:00+09:00,359.76699294330916,359.76699294330916,358.9283752441406,358.9283752441406,200,0.0,0.0
2015-01-28 00:00:00+09:00,354.73522399613074,355.57384154694904,353.8966064453125,353.8966064453125,2100,0.0,0.0
2015-01-29 00:00:00+09:00,360.6055579995209,360.6055579995209,355.5738525390625,355.5738525390625,1700,0.0,0.0
2015-01-30 00:00:00+09:00,359.76699294330916,359.76699294330916,358.9283752441406,358.9283752441406,400,0.0,0.0
2015-02-02 00:00:00+09:00,359.767003613849,360.6056213378906,358.9283858898074,360.6056213378906,1600,0.0,0.0
2015-02-03 00:00:00+09:00,360.6056213378906,360.6056213378906,360.6056213378906,360.6056213378906,100,0.0,0.0
2015-02-04 00:00:00+09:00,360.60555482522034,360.60555482522034,355.57384940905445,359.7669372558594,1700,0.0,0.0
2015-02-05 00:00:00+09:00,357.25115966796875,357.25115966796875,357.25115966796875,357.25115966796875,100,0.0,0.0
2015-02-06 00:00:00+09:00,361.44419959283647,363.9600524902344,361.44419959283647,363.9600524902344,4900,0.0,0.0
2015-02-09 00:00:00+09:00,364.7986701227004,364.7986701227004,363.9600524902344,363.9600524902344,2200,0.0,0.0
2015-02-10 00:00:00+09:00,363.9600524902344,363.9600524902344,363.9600524902344,363.9600524902344,0,0.0,0.0
2015-02-12 00:00:00+09:00,363.9600361339454,363.9600361339454,361.4441833496094,361.4441833496094,3800,0.0,0.0
2015-02-13 00:00:00+09:00,363.9600524902344,364.7986701227004,363.9600524902344,363.9600524902344,3700,0.0,0.0
2015-02-16 00:00:00+09:00,364.79865372872405,365.6372713235028,361.4441833496094,361.4441833496094,5600,0.0,0.0
2015-02-17 00:00:00+09:00,361.4442049574578,365.6372931820223,360.6055873125449,364.7986755371094,3800,0.0,0.0
2015-02-18 00:00:00+09:00,364.7986315117508,364.7986315117508,358.0896911621094,358.0896911621094,5200,0.0,0.0
2015-02-19 00:00:00+09:00,360.60555406050247,423.50187162919474,360.60555406050247,368.9917297363281,56500,0.0,0.0
2015-02-20 00:00:00+09:00,371.5075824390758,377.3779054121538,367.314494601163,368.9917297363281,4300,0.0,0.0
2015-02-23 00:00:00+09:00,375.7007105408389,380.73241648558223,370.6690045960955,379.893798828125,5500,0.0,0.0
2015-02-24 00:00:00+09:00,375.70065858157017,397.50471465996486,369.8303357912331,376.5392761230469,30200,0.0,0.0
2015-02-25 00:00:00+09:00,379.0720929615282,383.2933857562,376.5393172847251,382.4491271972656,4400,3.0,0.0
2015-02-26 00:00:00+09:00,375.6949472427368,383.2932720184326,374.0064306259155,378.22772216796875,3700,0.0,0.0
2015-02-27 00:00:00+09:00,378.2278445071586,384.13765457758296,378.2278445071586,383.29339599609375,3100,0.0,0.0
2015-03-02 00:00:00+09:00,386.6704199919374,386.6704199919374,379.9163515204625,382.4491271972656,2300,0.0,0.0
2015-03-03 00:00:00+09:00,384.1376337336007,384.1376337336007,378.227823983853,379.07208251953125,6200,0.0,0.0
2015-03-04 00:00:00+09:00,379.07208251953125,383.29337519792244,378.227823983853,379.07208251953125,1200,0.0,0.0
2015-03-05 00:00:00+09:00,381.6048283503606,385.826120699369,381.6048283503606,384.1376037597656,2800,0.0,0.0
2015-03-06 00:00:00+09:00,383.29334481838526,384.9818617559112,375.6950185995186,381.6048278808594,4500,0.0,0.0
2015-03-09 00:00:00+09:00,374.8508709523473,374.8508709523473,373.162353515625,373.162353515625,600,0.0,0.0
2015-03-10 00:00:00+09:00,371.47375569842706,379.9163410552095,371.47375569842706,379.07208251953125,7500,0.0,0.0
2015-03-11 00:00:00+09:00,371.47374459442625,382.44910523017063,369.7852275735425,370.6294860839844,8200,0.0,0.0
2015-03-12 00:00:00+09:00,370.6295067727029,374.8507995605469,370.6295067727029,374.8507995605469,2500,0.0,0.0
2015-03-13 00:00:00+09:00,372.3180744524196,374.006591796875,369.7852984357364,374.006591796875,4900,0.0,0.0
2015-03-16 00:00:00+09:00,374.0064306259155,379.0719804763794,371.4736557006836,378.22772216796875,4900,0.0,0.0
2015-03-17 00:00:00+09:00,378.22778480579865,385.82611083984375,376.53926790934423,385.82611083984375,7100,0.0,0.0
2015-03-18 00:00:00+09:00,391.7359713455436,391.7359713455436,379.0720929615282,382.4491271972656,8500,0.0,0.0
2015-03-19 00:00:00+09:00,383.29334528996395,384.9818622295673,378.22779447115386,384.1376037597656,6100,0.0,0.0
2015-03-20 00:00:00+09:00,384.1376236537079,384.9818821672325,376.5392970319862,380.7605895996094,2400,0.0,0.0
2015-03-23 00:00:00+09:00,381.6048788331154,383.29339599609375,380.76062025162616,383.29339599609375,3700,0.0,0.0
2015-03-24 00:00:00+09:00,383.29336514018325,383.29336514018325,379.91633108608477,380.7605895996094,2100,0.0,0.0
2015-03-25 00:00:00+09:00,383.29338513623486,383.29338513623486,374.8507995605469,374.8507995605469,4400,0.0,0.0
2015-03-26 00:00:00+09:00,374.8507995605469,374.8507995605469,374.8507995605469,374.8507995605469,0,0.0,0.0
2015-03-27 00:00:00+09:00,375.6951091413304,375.6951091413304,374.006591796875,374.006591796875,2000,0.0,0.0
2015-03-30 00:00:00+09:00,379.07203186035156,380.7605487060547,374.0064813232422,379.9162902832031,4300,0.0,0.0
2015-03-31 00:00:00+09:00,379.9163114107572,384.9818622295673,375.69501906174884,384.1376037597656,4600,0.0,0.0
2015-04-01 00:00:00+09:00,384.13760328714824,384.13760328714824,378.2277940058075,381.6048278808594,3400,0.0,0.0
2015-04-02 00:00:00+09:00,383.29334528996395,384.1376037597656,377.3835360013522,384.1376037597656,6400,0.0,0.0
2015-04-03 00:00:00+09:00,384.1376350665915,391.7359619140625,384.1376350665915,391.7359619140625,3400,0.0,0.0
2015-04-06 00:00:00+09:00,385.82611083984375,387.51462773629817,374.00649256466255,385.82611083984375,5000,0.0,0.0
2015-04-07 00:00:00+09:00,385.82617174056134,386.67043032205055,379.0721030886478,383.29339599609375,5400,0.0,0.0
2015-04-08 00:00:00+09:00,382.44910662665865,384.9818821672325,375.69503851846156,380.7605895996094,4100,0.0,0.0
2015-04-09 00:00:00+09:00,383.29339599609375,383.29339599609375,383.29339599609375,383.29339599609375,600,0.0,0.0
2015-04-10 00:00:00+09:00,379.9163515204625,382.4491271972656,378.2278344025938,382.4491271972656,700,0.0,0.0
2015-04-13 00:00:00+09:00,380.7605487060547,381.60480712890626,377.3835150146484,379.9162902832031,7000,0.0,0.0
2015-04-14 00:00:00+09:00,379.91633108608477,381.60484811313404,376.5392970319862,380.7605895996094,2800,0.0,0.0
2015-04-15 00:00:00+09:00,380.7605684562649,380.7605684562649,376.5392761230469,376.5392761230469,1500,0.0,0.0
2015-04-16 00:00:00+09:00,379.91633108608477,380.7605895996094,379.91633108608477,380.7605895996094,300,0.0,0.0
2015-04-17 00:00:00+09:00,380.7605694120964,381.6048278808594,380.7605694120964,381.6048278808594,5300,0.0,0.0
2015-04-20 00:00:00+09:00,381.60484811313404,381.60484811313404,380.7605895996094,380.7605895996094,2900,0.0,0.0
2015-04-21 00:00:00+09:00,381.60486863833125,382.4491271972656,381.60486863833125,382.4491271972656,1300,0.0,0.0
2015-04-22 00:00:00+09:00,382.4491374146046,383.29339599609375,381.6048788331154,383.29339599609375,9900,0.0,0.0
2015-04-23 00:00:00+09:00,383.29334528996395,384.1376037597656,380.76056988055893,384.1376037597656,9700,0.0,0.0
2015-04-24 00:00:00+09:00,384.13764431513437,384.13764431513437,380.7606100793969,382.4491271972656,600,0.0,0.0
2015-04-27 00:00:00+09:00,384.13760328714824,384.13760328714824,375.6950185995186,381.6048278808594,4400,0.0,0.0
2015-04-28 00:00:00+09:00,383.2933857562,383.2933857562,382.4491271972656,382.4491271972656,600,0.0,0.0
2015-04-30 00:00:00+09:00,383.2933857562,383.2933857562,382.4491271972656,382.4491271972656,800,0.0,0.0
2015-05-01 00:00:00+09:00,382.4491271972656,383.2933857562,379.0720929615282,382.4491271972656,800,0.0,0.0
2015-05-07 00:00:00+09:00,382.4491374146046,383.29339599609375,382.4491374146046,383.29339599609375,2300,0.0,0.0
2015-05-08 00:00:00+09:00,379.916361670137,383.29339599609375,379.916361670137,383.29339599609375,2500,0.0,0.0
2015-05-11 00:00:00+09:00,383.29339599609375,383.29339599609375,379.916361670137,383.29339599609375,4600,0.0,0.0
2015-05-12 00:00:00+09:00,383.29334528996395,384.1376037597656,381.6048283503606,384.1376037597656,6000,0.0,0.0
2015-05-13 00:00:00+09:00,383.2934467248749,384.9819641113281,379.91641195196854,384.9819641113281,5200,0.0,0.0
2015-05-14 00:00:00+09:00,379.9163017022531,385.82611083984375,379.9163017022531,385.82611083984375,900,0.0,0.0
2015-05-15 00:00:00+09:00,385.82618206973683,387.5146992779195,381.6048890492802,386.6704406738281,2400,0.0,0.0
2015-05-18 00:00:00+09:00,382.44910662665865,387.51465770780646,379.91633108608477,380.7605895996094,2000,0.0,0.0
2015-05-19 00:00:00+09:00,386.67036928807096,386.67036928807096,382.4490770469348,385.82611083984375,700,0.0,0.0
2015-05-20 00:00:00+09:00,385.8262023262356,388.3589782714844,385.8262023262356,388.3589782714844,5700,0.0,0.0
2015-05-21 00:00:00+09:00,388.3589175658916,390.8916931152344,386.67040053299644,390.8916931152344,7900,0.0,0.0
2015-05-22 00:00:00+09:00,391.7359516316819,391.7359516316819,390.8916931152344,390.8916931152344,1300,0.0,0.0
2015-05-25 00:00:00+09:00,384.13768502940303,392.5802715135657,384.13768502940303,388.3589782714844,8600,0.0,0.0
2015-05-26 00:00:00+09:00,388.3589175658916,390.8916931152344,388.3589175658916,390.8916931152344,2100,0.0,0.0
2015-05-27 00:00:00+09:00,388.3589782714844,388.3589782714844,384.9819436778193,388.3589782714844,300,0.0,0.0
2015-05-28 00:00:00+09:00,388.3589782714844,388.3589782714844,384.13768502940303,388.3589782714844,3300,0.0,0.0
2015-05-29 00:00:00+09:00,388.3589782714844,388.3589782714844,388.3589782714844,388.3589782714844,500,0.0,0.0
2015-06-01 00:00:00+09:00,387.5146789550781,387.5146789550781,387.5146789550781,387.5146789550781,400,0.0,0.0
2015-06-02 00:00:00+09:00,387.514659049444,390.8916931152344,382.44910795075845,390.8916931152344,4000,0.0,0.0
2015-06-03 00:00:00+09:00,384.9818631583853,389.2031555175781,384.9818631583853,389.2031555175781,500,0.0,0.0
2015-06-04 00:00:00+09:00,389.2031555175781,389.2031555175781,388.3588970457396,389.2031555175781,600,0.0,0.0
2015-06-05 00:00:00+09:00,388.3589782714844,388.3589782714844,388.3589782714844,388.3589782714844,300,0.0,0.0
2015-06-08 00:00:00+09:00,388.3589988842345,388.3589988842345,381.60492933842175,384.9819641113281,9800,0.0,0.0
2015-06-09 00:00:00+09:00,385.826120699369,385.826120699369,379.9163114107572,384.1376037597656,3700,0.0,0.0
2015-06-10 00:00:00+09:00,384.1376037597656,384.1376037597656,384.1376037597656,384.1376037597656,1200,0.0,0.0
2015-06-11 00:00:00+09:00,385.82611083984375,385.82611083984375,385.82611083984375,385.82611083984375,200,0.0,0.0
2015-06-12 00:00:00+09:00,384.1376037597656,384.1376037597656,384.1376037597656,384.1376037597656,400,0.0,0.0
2015-06-15 00:00:00+09:00,384.1375939433893,385.82611083984375,382.4490770469348,385.82611083984375,1300,0.0,0.0
2015-06-16 00:00:00+09:00,384.9819641113281,384.9819641113281,380.76067064519515,384.9819641113281,1500,0.0,0.0
2015-06-17 00:00:00+09:00,384.9819641113281,384.9819641113281,384.9819641113281,384.9819641113281,100,0.0,0.0
2015-06-18 00:00:00+09:00,381.60480712890626,384.13758239746096,363.0311218261719,379.9162902832031,3600,0.0,0.0
2015-06-19 00:00:00+09:00,373.1622727697835,379.07208251953125,373.1622727697835,379.07208251953125,1700,0.0,0.0
2015-06-22 00:00:00+09:00,384.1376037597656,384.1376037597656,384.1376037597656,384.1376037597656,200,0.0,0.0
2015-06-23 00:00:00+09:00,384.137569052131,384.137569052131,354.5885252788902,368.94091796875,52700,0.0,0.0
2015-06-24 00:00:00+09:00,375.69506779553984,375.69506779553984,359.65415478853924,365.56396484375,14800,0.0,0.0
2015-06-25 00:00:00+09:00,366.40821336768136,371.47376470456175,366.40821336768136,367.2524719238281,4600,0.0,0.0
2015-06-26 00:00:00+09:00,370.62947577210866,370.62947577210866,365.5639248503942,369.78521728515625,3200,0.0,0.0
2015-06-29 00:00:00+09:00,363.03116871420025,368.0967199055612,363.03116871420025,363.87542724609375,2000,0.0,0.0
2015-06-30 00:00:00+09:00,363.87542752736175,366.408203125,363.87542752736175,366.408203125,600,0.0,0.0
2015-07-01 00:00:00+09:00,366.4081833373466,369.78521728515625,366.4081833373466,369.78521728515625,1100,0.0,0.0
2015-07-02 00:00:00+09:00,369.7852475922683,369.7852475922683,367.2524719238281,367.2524719238281,1300,0.0,0.0
2015-07-03 00:00:00+09:00,369.78521728515625,369.78521728515625,369.78521728515625,369.78521728515625,200,0.0,0.0
2015-07-06 00:00:00+09:00,369.78517636227116,369.78517636227116,363.875367607623,368.94091796875,2700,0.0,0.0
2015-07-07 00:00:00+09:00,368.94091796875,368.94091796875,368.94091796875,368.94091796875,200,0.0,0.0
2015-07-08 00:00:00+09:00,364.71969625538793,367.2524719238281,363.87543769924116,367.2524719238281,800,0.0,0.0
2015-07-09 00:00:00+09:00,365.5639541697614,365.5639541697614,356.27711006845107,359.6541442871094,2900,0.0,0.0
2015-07-10 00:00:00+09:00,359.65415478853924,365.56396484375,359.65415478853924,365.56396484375,1600,0.0,0.0
2015-07-13 00:00:00+09:00,368.9409469889703,368.9409469889703,355.4328116301064,361.3426208496094,5100,0.0,0.0
2015-07-14 00:00:00+09:00,363.0311689948157,366.408203125,363.0311689948157,366.408203125,1000,0.0,0.0
2015-07-15 00:00:00+09:00,367.25247171190045,367.25247171190045,359.6541447109646,364.7196960449219,2200,0.0,0.0
2015-07-16 00:00:00+09:00,364.71970626443414,365.56396484375,364.71970626443414,365.56396484375,1000,0.0,0.0
2015-07-17 00:00:00+09:00,367.2524820023816,367.2524820023816,363.87544768511833,365.56396484375,900,0.0,0.0
2015-07-21 00:00:00+09:00,365.56393569774843,375.6950378417969,364.7196771857444,375.6950378417969,8500,0.0,0.0
2015-07-22 00:00:00+09:00,369.78521728515625,369.78521728515625,367.252441824299,369.78521728515625,4900,0.0,0.0
2015-07-23 00:00:00+09:00,369.78521728515625,369.78521728515625,369.78521728515625,369.78521728515625,300,0.0,0.0
2015-07-24 00:00:00+09:00,369.7852378151633,372.3180134166371,365.56394514604045,371.4737548828125,800,0.0,0.0
2015-07-27 00:00:00+09:00,365.56395481153464,368.09673047997484,363.87543769924116,367.2524719238281,2500,0.0,0.0
2015-07-28 00:00:00+09:00,367.252441824299,369.78521728515625,367.252441824299,369.78521728515625,500,0.0,0.0
2015-07-29 00:00:00+09:00,370.62950614841503,371.47376470456175,367.2524719238281,367.2524719238281,700,0.0,0.0
2015-07-30 00:00:00+09:00,367.25246165754606,367.25246165754606,355.43284220190094,366.408203125,3000,0.0,0.0
2015-07-31 00:00:00+09:00,365.56395481153464,367.2524719238281,365.56395481153464,367.2524719238281,1100,0.0,0.0
2015-08-03 00:00:00+09:00,367.2524212478498,368.0966796875,367.2524212478498,368.0966796875,500,0.0,0.0
2015-08-04 00:00:00+09:00,368.09665957522884,368.94091796875,367.2524011817077,368.94091796875,2400,0.0,0.0
2015-08-05 00:00:00+09:00,369.7852275735425,370.6294860839844,369.7852275735425,370.6294860839844,900,0.0,0.0
2015-08-06 00:00:00+09:00,371.4736931493135,371.4736931493135,368.94091796875,368.94091796875,300,0.0,0.0
2015-08-07 00:00:00+09:00,370.62950614841503,370.62950614841503,363.87543769924116,367.2524719238281,8600,0.0,0.0
2015-08-10 00:00:00+09:00,368.9409784374547,368.9409784374547,363.87542724609375,363.87542724609375,3200,0.0,0.0
2015-08-11 00:00:00+09:00,364.71968577798725,365.56394430988075,363.87542724609375,363.87542724609375,2600,0.0,0.0
2015-08-12 00:00:00+09:00,363.87542724609375,371.47375403313515,363.87542724609375,363.87542724609375,1100,0.0,0.0
2015-08-13 00:00:00+09:00,363.87543769924116,367.2524719238281,363.87543769924116,367.2524719238281,400,0.0,0.0
2015-08-14 00:00:00+09:00,367.25247171190045,367.25247171190045,364.7196960449219,364.7196960449219,400,0.0,0.0
2015-08-17 00:00:00+09:00,368.94091796875,368.94091796875,367.2524011817077,368.94091796875,1800,0.0,0.0
2015-08-18 00:00:00+09:00,368.94098903612155,368.94098903612155,367.2524719238281,367.2524719238281,400,0.0,0.0
2015-08-19 00:00:00+09:00,368.94091796875,368.94091796875,368.94091796875,368.94091796875,200,0.0,0.0
2015-08-20 00:00:00+09:00,368.94095879820384,369.78521728515625,367.252441824299,369.78521728515625,2300,0.0,0.0
2015-08-21 00:00:00+09:00,368.09673047997484,369.7852475922683,367.2524719238281,367.2524719238281,2400,0.0,0.0
2015-08-24 00:00:00+09:00,367.2524814197966,369.7852571537262,355.432861328125,355.432861328125,4000,0.0,0.0
2015-08-25 00:00:00+09:00,354.58856201171875,354.58856201171875,350.36726960681733,354.58856201171875,6800,0.0,0.0
2015-08-26 00:00:00+09:00,347.8344941638765,354.58856201171875,347.8344941638765,354.58856201171875,4100,0.0,0.0
2015-08-27 00:00:00+09:00,357.9898986816406,357.9898986816406,353.7382371771081,357.9898986816406,3800,3.0,0.0
2015-08-28 00:00:00+09:00,357.9898534387975,365.64284317976944,357.9898534387975,364.7925109863281,1900,0.0,0.0
2015-08-31 00:00:00+09:00,370.74488457886304,370.74488457886304,369.0442199707031,369.0442199707031,200,0.0,0.0
2015-09-01 00:00:00+09:00,369.0442199707031,369.0442199707031,369.0442199707031,369.0442199707031,100,0.0,0.0
2015-09-02 00:00:00+09:00,367.3436045545213,367.3436045545213,358.84028037501844,359.69061279296875,3800,0.0,0.0
2015-09-03 00:00:00+09:00,368.1939586621325,368.1939586621325,357.98996904563,358.8403015136719,2400,0.0,0.0
2015-09-04 00:00:00+09:00,363.94219970703125,363.94219970703125,363.94219970703125,363.94219970703125,100,0.0,0.0
2015-09-07 00:00:00+09:00,361.39127060219096,367.3435974121094,361.39127060219096,367.3435974121094,500,0.0,0.0
2015-09-08 00:00:00+09:00,365.6429443359375,365.6429443359375,365.6429443359375,365.6429443359375,100,0.0,0.0
2015-09-09 00:00:00+09:00,365.6429443359375,365.6429443359375,365.6429443359375,365.6429443359375,100,0.0,0.0
2015-09-10 00:00:00+09:00,365.6429443359375,365.6429443359375,361.39128219249636,365.6429443359375,400,0.0,0.0
2015-09-11 00:00:00+09:00,365.6429443359375,365.6429443359375,365.6429443359375,365.6429443359375,100,0.0,0.0
2015-09-14 00:00:00+09:00,365.6429443359375,365.6429443359375,365.6429443359375,365.6429443359375,800,0.0,0.0
2015-09-15 00:00:00+09:00,365.6429443359375,365.6429443359375,364.7926119072493,365.6429443359375,600,0.0,0.0
2015-09-16 00:00:00+09:00,360.5408935546875,360.5408935546875,360.5408935546875,360.5408935546875,100,0.0,0.0
2015-09-17 00:00:00+09:00,361.39127060219096,367.3435974121094,361.39127060219096,367.3435974121094,700,0.0,0.0
2015-09-18 00:00:00+09:00,357.13963657758813,359.69063398171375,356.2893041095462,358.8403015136719,1700,0.0,0.0
2015-09-24 00:00:00+09:00,358.84028037501844,359.69061279296875,358.84028037501844,359.69061279296875,2400,0.0,0.0
2015-09-25 00:00:00+09:00,367.3435539916122,367.3435539916122,357.9898986816406,357.9898986816406,300,0.0,0.0
2015-09-28 00:00:00+09:00,357.9898986816406,357.9898986816406,357.9898986816406,357.9898986816406,0,0.0,0.0
2015-09-29 00:00:00+09:00,365.6429278205423,365.6429278205423,357.9899363080193,361.3912658691406,900,0.0,0.0
2015-09-30 00:00:00+09:00,354.58856201171875,356.28922657772216,354.58856201171875,354.58856201171875,4000,0.0,0.0
2015-10-01 00:00:00+09:00,354.58857150283154,356.28923611435596,354.58857150283154,355.43890380859375,2700,0.0,0.0
2015-10-02 00:00:00+09:00,355.43890380859375,355.43890380859375,355.43890380859375,355.43890380859375,100,0.0,0.0
2015-10-05 00:00:00+09:00,357.1395684201181,357.1395684201181,354.58857150283154,355.43890380859375,2200,0.0,0.0
2015-10-06 00:00:00+09:00,355.43890380859375,355.43890380859375,355.43890380859375,355.43890380859375,1400,0.0,0.0
2015-10-07 00:00:00+09:00,352.037593296596,357.13958740234375,352.037593296596,357.13958740234375,9700,0.0,0.0
2015-10-08 00:00:00+09:00,357.13958740234375,357.13958740234375,357.13958740234375,357.13958740234375,100,0.0,0.0
2015-10-09 00:00:00+09:00,357.13958740234375,358.84025210425966,357.13958740234375,357.13958740234375,2100,0.0,0.0
2015-10-13 00:00:00+09:00,357.1395588607239,358.84022342672733,353.738229728717,354.58856201171875,1600,0.0,0.0
2015-10-14 00:00:00+09:00,352.8878479003906,352.8878479003906,352.8878479003906,352.8878479003906,600,0.0,0.0
2015-10-15 00:00:00+09:00,352.8878479003906,352.8878479003906,352.8878479003906,352.8878479003906,0,0.0,0.0
2015-10-16 00:00:00+09:00,353.73818006400603,353.73818006400603,352.8878479003906,352.8878479003906,800,0.0,0.0
2015-10-19 00:00:00+09:00,353.738229728717,355.43889429472046,353.738229728717,354.58856201171875,1500,0.0,0.0
2015-10-20 00:00:00+09:00,354.58856201171875,354.58856201171875,354.58856201171875,354.58856201171875,800,0.0,0.0
2015-10-21 00:00:00+09:00,354.58856201171875,355.43889429472046,354.58856201171875,354.58856201171875,800,0.0,0.0
2015-10-22 00:00:00+09:00,354.5885903494699,357.13958740234375,354.5885903494699,357.13958740234375,200,0.0,0.0
2015-10-23 00:00:00+09:00,357.13956086531925,357.13956086531925,352.0375671386719,352.0375671386719,2000,0.0,0.0
2015-10-26 00:00:00+09:00,352.8878479003906,352.8878479003906,352.8878479003906,352.8878479003906,300,0.0,0.0
2015-10-27 00:00:00+09:00,352.88789942644644,352.88789942644644,352.0375671386719,352.0375671386719,1300,0.0,0.0
2015-10-28 00:00:00+09:00,352.0375671386719,352.0375671386719,352.0375671386719,352.0375671386719,100,0.0,0.0
2015-10-29 00:00:00+09:00,352.0375384031421,352.0375384031421,349.4865417480469,349.4865417480469,4000,0.0,0.0
2015-10-30 00:00:00+09:00,351.1872348508973,352.0375671386719,351.1872348508973,352.0375671386719,300,0.0,0.0
2015-11-02 00:00:00+09:00,352.8878479003906,352.8878479003906,352.8878479003906,352.8878479003906,1000,0.0,0.0
2015-11-04 00:00:00+09:00,352.88794884314905,353.73828125,352.88794884314905,353.73828125,200,0.0,0.0
2015-11-05 00:00:00+09:00,352.0375671386719,352.0375671386719,352.0375671386719,352.0375671386719,100,0.0,0.0
2015-11-06 00:00:00+09:00,351.18719482421875,352.0375270150764,351.18719482421875,351.18719482421875,900,0.0,0.0
2015-11-09 00:00:00+09:00,351.18719482421875,351.18719482421875,351.18719482421875,351.18719482421875,100,0.0,0.0
2015-11-10 00:00:00+09:00,351.18719482421875,351.18719482421875,351.18719482421875,351.18719482421875,500,0.0,0.0
2015-11-11 00:00:00+09:00,351.18719482421875,351.18719482421875,351.18719482421875,351.18719482421875,100,0.0,0.0
2015-11-12 00:00:00+09:00,351.1871835731598,353.73818006400603,351.1871835731598,352.8878479003906,3800,0.0,0.0
2015-11-13 00:00:00+09:00,352.88788026976357,352.88788026976357,350.3368835449219,350.3368835449219,1700,0.0,0.0
2015-11-16 00:00:00+09:00,350.33687396641193,350.33687396641193,349.4865417480469,349.4865417480469,1700,0.0,0.0
2015-11-17 00:00:00+09:00,349.4865417480469,353.73820283987226,349.4865417480469,349.4865417480469,2400,0.0,0.0
2015-11-18 00:00:00+09:00,349.48655130330803,350.3368835449219,349.48655130330803,350.3368835449219,1700,0.0,0.0
2015-11-19 00:00:00+09:00,351.18720618477704,351.18720618477704,349.4865417480469,349.4865417480469,2400,0.0,0.0
2015-11-20 00:00:00+09:00,349.48657027534813,352.0375671386719,348.63623798757357,352.0375671386719,2000,0.0,0.0
2015-11-24 00:00:00+09:00,352.0375480281497,352.0375480281497,350.3368835449219,350.3368835449219,2300,0.0,0.0
2015-11-25 00:00:00+09:00,350.3369563405107,350.3369563405107,348.63629150390625,348.63629150390625,1600,0.0,0.0
2015-11-26 00:00:00+09:00,348.63629150390625,348.63629150390625,348.63629150390625,348.63629150390625,2000,0.0,0.0
2015-11-27 00:00:00+09:00,348.63629150390625,349.4866239222085,348.63629150390625,348.63629150390625,1900,0.0,0.0
2015-11-30 00:00:00+09:00,348.6362095296818,349.4865417480469,347.7858773113167,349.4865417480469,6100,0.0,0.0
2015-12-01 00:00:00+09:00,348.63629150390625,349.4866239222085,348.63629150390625,348.63629150390625,2900,0.0,0.0
2015-12-02 00:00:00+09:00,348.63629150390625,350.3369563405107,347.7859590856041,348.63629150390625,1900,0.0,0.0
2015-12-03 00:00:00+09:00,347.78594970703125,348.63628210240296,347.78594970703125,347.78594970703125,2500,0.0,0.0
2015-12-04 00:00:00+09:00,347.78594028248506,347.78594028248506,346.93560791015625,346.93560791015625,2700,0.0,0.0
2015-12-07 00:00:00+09:00,346.93560791015625,346.93560791015625,346.08527553782744,346.93560791015625,5700,0.0,0.0
2015-12-08 00:00:00+09:00,346.9355794270833,346.9355794270833,344.38458251953125,344.38458251953125,4300,0.0,0.0
2015-12-09 00:00:00+09:00,344.3845634365792,346.93556020277606,341.8335666703823,342.68389892578125,4600,0.0,0.0
2015-12-10 00:00:00+09:00,342.6838797476523,342.6838797476523,340.98321533203125,340.98321533203125,5400,0.0,0.0
2015-12-11 00:00:00+09:00,340.983232545148,345.2348937988281,340.983232545148,345.2348937988281,6500,0.0,0.0
2015-12-14 00:00:00+09:00,341.8335457981223,343.5342102050781,340.13288139116645,343.5342102050781,1900,0.0,0.0
2015-12-15 00:00:00+09:00,343.5342119554629,343.5342119554629,340.1328831242207,340.98321533203125,2100,0.0,0.0
2015-12-16 00:00:00+09:00,340.98321533203125,341.8335475398418,340.98321533203125,340.98321533203125,2300,0.0,0.0
2015-12-17 00:00:00+09:00,341.8335475398418,342.6838797476523,340.1328831242207,340.98321533203125,5800,0.0,0.0
2015-12-18 00:00:00+09:00,340.98328806941674,340.98328806941674,339.2826232910156,339.2826232910156,6600,0.0,0.0
2015-12-21 00:00:00+09:00,339.2826232910156,339.2826232910156,339.2826232910156,339.2826232910156,3700,0.0,0.0
2015-12-22 00:00:00+09:00,339.2826232910156,339.2826232910156,338.4322909018151,339.2826232910156,2800,0.0,0.0
2015-12-24 00:00:00+09:00,339.2826256029534,339.2826256029534,336.73162841796875,336.73162841796875,16500,0.0,0.0
2015-12-25 00:00:00+09:00,336.73162841796875,336.73162841796875,336.73162841796875,336.73162841796875,0,0.0,0.0
2015-12-28 00:00:00+09:00,334.1805820368268,335.88124657645443,334.1805820368268,335.0309143066406,1000,0.0,0.0
2015-12-29 00:00:00+09:00,334.1805820368268,335.0309143066406,334.1805820368268,335.0309143066406,300,0.0,0.0
2015-12-30 00:00:00+09:00,335.0309238095827,338.4322529853145,335.0309238095827,335.8812561035156,1400,0.0,0.0
2016-01-04 00:00:00+09:00,338.4322337376252,339.2825659831971,334.1805725097656,334.1805725097656,1700,0.0,0.0
2016-01-05 00:00:00+09:00,334.1805820368268,335.0309143066406,334.1805820368268,335.0309143066406,700,0.0,0.0
2016-01-06 00:00:00+09:00,335.0309143066406,335.0309143066406,335.0309143066406,335.0309143066406,100,0.0,0.0
2016-01-07 00:00:00+09:00,335.8812561035156,335.8812561035156,335.8812561035156,335.8812561035156,200,0.0,0.0
2016-01-08 00:00:00+09:00,335.88123700090944,336.7315692464814,334.1805725097656,334.1805725097656,7200,0.0,0.0
2016-01-12 00:00:00+09:00,336.73157884626823,336.73157884626823,334.1805820368268,335.0309143066406,6700,0.0,0.0
2016-01-13 00:00:00+09:00,335.88129602297386,336.73162841796875,335.88129602297386,336.73162841796875,1900,0.0,0.0
2016-01-14 00:00:00+09:00,336.73162841796875,336.73162841796875,335.88129602297386,336.73162841796875,2600,0.0,0.0
2016-01-15 00:00:00+09:00,337.58191111608204,337.58191111608204,335.0309143066406,335.0309143066406,3700,0.0,0.0
2016-01-18 00:00:00+09:00,335.8812561035156,338.4322529853145,335.8812561035156,335.8812561035156,5300,0.0,0.0
2016-01-19 00:00:00+09:00,335.88124657645443,335.88124657645443,335.0309143066406,335.0309143066406,300,0.0,0.0
2016-01-20 00:00:00+09:00,335.0309143066406,335.0309143066406,335.0309143066406,335.0309143066406,2400,0.0,0.0
2016-01-21 00:00:00+09:00,334.1806358924279,335.03096829927887,330.77930626502405,331.629638671875,12100,0.0,0.0
2016-01-22 00:00:00+09:00,331.6295946338509,335.8812561035156,331.6295946338509,335.8812561035156,400,0.0,0.0
2016-01-25 00:00:00+09:00,335.8812888787717,335.8812888787717,333.3302917480469,333.3302917480469,500,0.0,0.0
2016-01-26 00:00:00+09:00,330.7792663574219,330.7792663574219,330.7792663574219,330.7792663574219,1500,0.0,0.0
2016-01-27 00:00:00+09:00,330.7792779493701,331.6296102834302,329.07861328125,329.07861328125,900,0.0,0.0
2016-01-28 00:00:00+09:00,331.629638671875,331.629638671875,331.629638671875,331.629638671875,300,0.0,0.0
2016-01-29 00:00:00+09:00,329.07861328125,329.07861328125,329.07861328125,329.07861328125,100,0.0,0.0
2016-02-01 00:00:00+09:00,331.6296269942303,333.3302917480469,331.6296269942303,333.3302917480469,5900,0.0,0.0
2016-02-02 00:00:00+09:00,340.1329079255235,340.1329079255235,335.0309143066406,335.0309143066406,5300,0.0,0.0
2016-02-03 00:00:00+09:00,335.0309143066406,335.0309143066406,335.0309143066406,335.0309143066406,0,0.0,0.0
2016-02-04 00:00:00+09:00,335.0309143066406,335.0309143066406,335.0309143066406,335.0309143066406,0,0.0,0.0
2016-02-05 00:00:00+09:00,331.6295871588275,332.47991943359375,331.6295871588275,332.47991943359375,1700,0.0,0.0
2016-02-08 00:00:00+09:00,327.3779766376202,331.629638671875,327.3779766376202,331.629638671875,700,0.0,0.0
2016-02-09 00:00:00+09:00,326.5275509781167,326.5275509781167,318.8745615020671,320.5752258300781,2900,0.0,0.0
2016-02-10 00:00:00+09:00,320.5752258300781,320.5752258300781,320.5752258300781,320.5752258300781,200,0.0,0.0
2016-02-12 00:00:00+09:00,320.5752889867772,320.5752889867772,318.0242919921875,318.0242919921875,3300,0.0,0.0
2016-02-15 00:00:00+09:00,318.0242769835425,318.0242769835425,311.22161865234375,311.22161865234375,1300,0.0,0.0
2016-02-16 00:00:00+09:00,316.3236389160156,318.0243036413706,316.3236389160156,316.3236389160156,3500,0.0,0.0
2016-02-17 00:00:00+09:00,316.3235733285135,316.3235733285135,307.82025146484375,307.82025146484375,2300,0.0,0.0
2016-02-18 00:00:00+09:00,307.82031032614515,310.3713073730469,307.82031032614515,310.3713073730469,1900,0.0,0.0
2016-02-19 00:00:00+09:00,310.3713073730469,310.3713073730469,310.3713073730469,310.3713073730469,2000,0.0,0.0
2016-02-22 00:00:00+09:00,310.37128636094394,311.22161865234375,310.37128636094394,311.22161865234375,700,0.0,0.0
2016-02-23 00:00:00+09:00,318.02421309308306,318.02421309308306,313.7725524902344,313.7725524902344,1100,0.0,0.0
2016-02-24 00:00:00+09:00,313.7725524902344,313.7725524902344,313.7725524902344,313.7725524902344,100,0.0,0.0
2016-02-25 00:00:00+09:00,311.22159410737476,317.1739196777344,311.22159410737476,317.1739196777344,200,0.0,0.0
2016-02-26 00:00:00+09:00,317.1739196777344,317.1739196777344,317.1739196777344,317.1739196777344,1000,0.0,0.0
2016-02-29 00:00:00+09:00,314.6229553222656,314.6229553222656,314.6229553222656,314.6229553222656,100,0.0,0.0
2016-03-01 00:00:00+09:00,314.62293434657175,315.4732666015625,314.62293434657175,315.4732666015625,300,0.0,0.0
2016-03-02 00:00:00+09:00,313.77262301058386,314.6229553222656,313.77262301058386,314.6229553222656,200,0.0,0.0
2016-03-03 00:00:00+09:00,315.4732666015625,315.4732666015625,315.4732666015625,315.4732666015625,400,0.0,0.0
2016-03-04 00:00:00+09:00,314.6229905348558,315.4733229417067,309.52099609375,309.52099609375,5500,0.0,0.0
2016-03-07 00:00:00+09:00,314.6229553222656,314.6229553222656,313.77262301058386,314.6229553222656,3600,0.0,0.0
2016-03-08 00:00:00+09:00,314.6229553222656,314.6229553222656,314.6229553222656,314.6229553222656,0,0.0,0.0
2016-03-09 00:00:00+09:00,314.6229553222656,314.6229553222656,314.6229553222656,314.6229553222656,100,0.0,0.0
2016-03-10 00:00:00+09:00,314.62296985444567,321.4256286621094,314.62296985444567,321.4256286621094,8900,0.0,0.0
2016-03-11 00:00:00+09:00,324.82695806594126,324.82695806594126,321.4256286621094,321.4256286621094,300,0.0,0.0
2016-03-14 00:00:00+09:00,317.1739196777344,317.1739196777344,317.1739196777344,317.1739196777344,300,0.0,0.0
2016-03-15 00:00:00+09:00,316.32362732912765,318.0242919921875,316.32362732912765,318.0242919921875,8400,0.0,0.0
2016-03-16 00:00:00+09:00,318.0242919921875,318.0242919921875,318.0242919921875,318.0242919921875,0,0.0,0.0
2016-03-17 00:00:00+09:00,314.6229553222656,318.0242845689928,313.77262301058386,314.6229553222656,7500,0.0,0.0
2016-03-18 00:00:00+09:00,314.6229553222656,314.6229553222656,314.6229553222656,314.6229553222656,0,0.0,0.0
2016-03-22 00:00:00+09:00,314.6229741906607,316.3236389160156,314.6229741906607,316.3236389160156,3200,0.0,0.0
2016-03-23 00:00:00+09:00,318.02425190207146,318.02425190207146,317.1739196777344,317.1739196777344,3400,0.0,0.0
2016-03-24 00:00:00+09:00,317.1739669073196,365.64291091192337,317.1739669073196,321.4256286621094,56800,0.0,0.0
2016-03-25 00:00:00+09:00,324.8269157008121,331.62957362124797,323.1262512207031,323.1262512207031,4700,0.0,0.0
2016-03-28 00:00:00+09:00,326.52765132874015,334.1806431567575,323.12632162739914,323.9766540527344,5600,0.0,0.0
2016-03-29 00:00:00+09:00,323.126268262987,327.3779296875,323.126268262987,327.3779296875,3200,0.0,0.0
2016-03-30 00:00:00+09:00,330.7792874365738,331.62961979502256,323.1262962105348,329.928955078125,4200,0.0,0.0
2016-03-31 00:00:00+09:00,324.8269958496094,329.92899054881786,318.87466870053277,324.8269958496094,8400,0.0,0.0
2016-04-01 00:00:00+09:00,321.4256286621094,321.4256286621094,321.4256286621094,321.4256286621094,200,0.0,0.0
2016-04-04 00:00:00+09:00,318.87466870053277,324.8269958496094,318.87466870053277,324.8269958496094,1500,0.0,0.0
2016-04-05 00:00:00+09:00,321.42560009765623,321.42560009765623,318.8746032714844,318.8746032714844,600,0.0,0.0
2016-04-06 00:00:00+09:00,318.8746032714844,319.724935546875,318.8746032714844,318.8746032714844,700,0.0,0.0
2016-04-07 00:00:00+09:00,318.8746032714844,318.8746032714844,318.8746032714844,318.8746032714844,0,0.0,0.0
2016-04-08 00:00:00+09:00,322.2759130237569,322.2759130237569,317.1739196777344,317.1739196777344,200,0.0,0.0
2016-04-11 00:00:00+09:00,316.32360644531246,318.8746032714844,316.32360644531246,318.8746032714844,1100,0.0,0.0
2016-04-12 00:00:00+09:00,315.4732666015625,315.4732666015625,315.4732666015625,315.4732666015625,1000,0.0,0.0
2016-04-13 00:00:00+09:00,315.4732666015625,317.173931111544,315.4732666015625,315.4732666015625,8100,0.0,0.0
2016-04-14 00:00:00+09:00,313.7725943999329,317.1739233365176,312.0719299316406,312.0719299316406,11000,0.0,0.0
2016-04-15 00:00:00+09:00,312.07192211308757,312.07192211308757,307.82026104887655,308.67059326171875,5800,0.0,0.0
2016-04-18 00:00:00+09:00,309.5210318964953,309.5210318964953,298.46670932876333,304.4190368652344,3700,0.0,0.0
2016-04-19 00:00:00+09:00,304.41897052645345,305.2693028463597,298.4666442871094,298.4666442871094,7800,0.0,0.0
2016-04-20 00:00:00+09:00,300.1672859299351,317.1739310251155,300.1672859299351,301.8679504394531,15200,0.0,0.0
2016-04-21 00:00:00+09:00,302.71832275390625,302.71832275390625,300.1673256520475,302.71832275390625,34200,0.0,0.0
2016-04-22 00:00:00+09:00,303.5686950683594,303.5686950683594,301.0176976308102,303.5686950683594,3700,0.0,0.0
2016-04-25 00:00:00+09:00,304.4190368652344,305.2693693704445,304.4190368652344,304.4190368652344,1200,0.0,0.0
2016-04-26 00:00:00+09:00,306.97003438086483,306.97003438086483,304.4190368652344,304.4190368652344,3900,0.0,0.0
2016-04-27 00:00:00+09:00,310.37130001839506,342.68392851346084,305.26930604548994,306.969970703125,27500,0.0,0.0
2016-04-28 00:00:00+09:00,306.11969250590863,306.9700249850917,300.16736515162705,303.5686950683594,9500,0.0,0.0
2016-05-02 00:00:00+09:00,303.5686265118737,303.5686265118737,300.16729736328125,300.16729736328125,500,0.0,0.0
2016-05-06 00:00:00+09:00,300.16734903508967,300.16734903508967,298.46668416803533,299.3170166015625,5200,0.0,0.0
2016-05-09 00:00:00+09:00,297.6163005018369,301.01762965042934,295.91563592754073,300.16729736328125,7400,0.0,0.0
2016-05-10 00:00:00+09:00,298.4666442871094,298.4666442871094,297.6163119672031,298.4666442871094,3000,0.0,0.0
2016-05-11 00:00:00+09:00,297.61629295895636,297.61629295895636,296.7659606933594,296.7659606933594,1900,0.0,0.0
2016-05-12 00:00:00+09:00,296.7660006277902,297.6163330078125,296.7660006277902,297.6163330078125,2100,0.0,0.0
2016-05-13 00:00:00+09:00,297.6163330078125,297.6163330078125,297.6163330078125,297.6163330078125,0,0.0,0.0
2016-05-16 00:00:00+09:00,297.6163754518005,302.7183704595456,295.91571044921875,295.91571044921875,1900,0.0,0.0
2016-05-17 00:00:00+09:00,295.91571044921875,295.91571044921875,295.91571044921875,295.91571044921875,1000,0.0,0.0
2016-05-18 00:00:00+09:00,295.91571044921875,295.91571044921875,295.91571044921875,295.91571044921875,1400,0.0,0.0
2016-05-19 00:00:00+09:00,296.7659606933594,296.7659606933594,296.7659606933594,296.7659606933594,100,0.0,0.0
2016-05-20 00:00:00+09:00,296.766019300981,300.16734903508967,296.766019300981,299.3170166015625,1500,0.0,0.0
2016-05-23 00:00:00+09:00,299.3170404543822,299.3170404543822,295.91571044921875,295.91571044921875,2700,0.0,0.0
2016-05-24 00:00:00+09:00,299.3169766070157,299.3169766070157,298.4666442871094,298.4666442871094,200,0.0,0.0
2016-05-25 00:00:00+09:00,298.4666252245534,298.4666252245534,295.91562842776233,296.7659606933594,1900,0.0,0.0
2016-05-26 00:00:00+09:00,295.9156682477679,297.6163330078125,293.36467110770093,297.6163330078125,3300,0.0,0.0
2016-05-27 00:00:00+09:00,294.2149963378906,294.2149963378906,293.3646639785326,294.2149963378906,2100,0.0,0.0
2016-05-30 00:00:00+09:00,293.36467110770093,297.6163330078125,292.5143387276786,297.6163330078125,3200,0.0,0.0
2016-05-31 00:00:00+09:00,295.0653779479279,295.91571044921875,295.0653779479279,295.91571044921875,900,0.0,0.0
2016-06-01 00:00:00+09:00,295.91563592754073,300.16729736328125,294.2149713532445,300.16729736328125,4400,0.0,0.0
2016-06-02 00:00:00+09:00,299.31699049403903,299.31699049403903,293.3646639785326,294.2149963378906,2800,0.0,0.0
2016-06-03 00:00:00+09:00,292.5143737792969,298.4667011527128,292.5143737792969,292.5143737792969,4700,0.0,0.0
2016-06-06 00:00:00+09:00,292.5143737792969,292.5143737792969,292.5143737792969,292.5143737792969,200,0.0,0.0
2016-06-07 00:00:00+09:00,292.5143032240798,292.5143032240798,291.6639709472656,291.6639709472656,2500,0.0,0.0
2016-06-08 00:00:00+09:00,291.6639709472656,291.6639709472656,290.81363867045144,291.6639709472656,1500,0.0,0.0
2016-06-09 00:00:00+09:00,291.6639709472656,291.6639709472656,291.6639709472656,291.6639709472656,0,0.0,0.0
2016-06-10 00:00:00+09:00,291.6639709472656,291.6639709472656,291.6639709472656,291.6639709472656,0,0.0,0.0
2016-06-13 00:00:00+09:00,295.0653076171875,295.0653076171875,295.0653076171875,295.0653076171875,100,0.0,0.0
2016-06-14 00:00:00+09:00,295.06530005452237,295.06530005452237,290.81363867045144,291.6639709472656,2800,0.0,0.0
2016-06-15 00:00:00+09:00,291.6639709472656,291.6639709472656,291.6639709472656,291.6639709472656,0,0.0,0.0
2016-06-16 00:00:00+09:00,291.6640333302014,291.6640333302014,269.5553894042969,269.5553894042969,2400,0.0,0.0
2016-06-17 00:00:00+09:00,280.60963228665867,281.45996450570914,276.35797119140625,276.35797119140625,1600,0.0,0.0
2016-06-20 00:00:00+09:00,277.20835337919345,289.1130065917969,277.20835337919345,289.1130065917969,1700,0.0,0.0
2016-06-21 00:00:00+09:00,289.1130065917969,289.1130065917969,289.1130065917969,289.1130065917969,1700,0.0,0.0
2016-06-22 00:00:00+09:00,289.1130065917969,289.1130065917969,289.1130065917969,289.1130065917969,0,0.0,0.0
2016-06-23 00:00:00+09:00,289.1130065917969,289.1130065917969,289.1130065917969,289.1130065917969,0,0.0,0.0
2016-06-24 00:00:00+09:00,285.71170543323865,285.71170543323865,272.95671858354046,280.6097106933594,1900,0.0,0.0
2016-06-27 00:00:00+09:00,280.6097106933594,280.6097106933594,280.6097106933594,280.6097106933594,1500,0.0,0.0
2016-06-28 00:00:00+09:00,280.6097106933594,280.6097106933594,280.6097106933594,280.6097106933594,500,0.0,0.0
2016-06-29 00:00:00+09:00,280.6097106933594,280.6097106933594,280.6097106933594,280.6097106933594,0,0.0,0.0
2016-06-30 00:00:00+09:00,273.8069745342548,276.35797119140625,272.10631009615383,276.35797119140625,3200,0.0,0.0
2016-07-01 00:00:00+09:00,272.95671672821044,276.35804653167725,272.10638427734375,272.10638427734375,4300,0.0,0.0
2016-07-04 00:00:00+09:00,265.3037063310731,270.40570068359375,265.3037063310731,270.40570068359375,1300,0.0,0.0
2016-07-05 00:00:00+09:00,270.40570068359375,270.40570068359375,270.40570068359375,270.40570068359375,200,0.0,0.0
2016-07-06 00:00:00+09:00,269.5553894042969,269.5553894042969,269.5553894042969,269.5553894042969,100,0.0,0.0
2016-07-07 00:00:00+09:00,269.5553894042969,269.5553894042969,269.5553894042969,269.5553894042969,0,0.0,0.0
2016-07-08 00:00:00+09:00,269.55534731108565,271.2560119628906,265.30368568157326,271.2560119628906,1800,0.0,0.0
2016-07-11 00:00:00+09:00,271.2560119628906,271.2560119628906,271.2560119628906,271.2560119628906,0,0.0,0.0
2016-07-12 00:00:00+09:00,272.10638427734375,272.10638427734375,272.10638427734375,272.10638427734375,100,0.0,0.0
2016-07-13 00:00:00+09:00,275.50762939453125,275.50762939453125,275.50762939453125,275.50762939453125,900,0.0,0.0
2016-07-14 00:00:00+09:00,275.50762939453125,275.50762939453125,275.50762939453125,275.50762939453125,0,0.0,0.0
2016-07-15 00:00:00+09:00,275.5076466476301,279.7593078613281,275.5076466476301,279.7593078613281,3000,0.0,0.0
2016-07-19 00:00:00+09:00,278.05865478515625,278.05865478515625,278.05865478515625,278.05865478515625,100,0.0,0.0
2016-07-20 00:00:00+09:00,278.05865478515625,278.9089870627867,278.05865478515625,278.05865478515625,2700,0.0,0.0
2016-07-21 00:00:00+09:00,278.05865478515625,280.6096516180476,278.05865478515625,278.05865478515625,1200,0.0,0.0
2016-07-22 00:00:00+09:00,278.90904578006626,280.6097106933594,278.90904578006626,280.6097106933594,1600,0.0,0.0
2016-07-25 00:00:00+09:00,276.3579752907824,284.8612976074219,275.5076430591185,284.8612976074219,7200,0.0,0.0
2016-07-26 00:00:00+09:00,276.3579902298954,278.05865478515625,276.3579902298954,278.05865478515625,2200,0.0,0.0
2016-07-27 00:00:00+09:00,280.6097106933594,280.6097106933594,280.6097106933594,280.6097106933594,200,0.0,0.0
2016-07-28 00:00:00+09:00,280.6097106933594,280.6097106933594,280.6097106933594,280.6097106933594,0,0.0,0.0
2016-07-29 00:00:00+09:00,275.50767147467,275.50767147467,273.8070068359375,273.8070068359375,1300,0.0,0.0
2016-08-01 00:00:00+09:00,277.20831298828125,277.20831298828125,277.20831298828125,277.20831298828125,100,0.0,0.0
2016-08-02 00:00:00+09:00,274.65731440489054,279.7593078613281,274.65731440489054,279.7593078613281,500,0.0,0.0
2016-08-03 00:00:00+09:00,279.7593078613281,279.7593078613281,279.7593078613281,279.7593078613281,0,0.0,0.0
2016-08-04 00:00:00+09:00,272.95667451657124,273.8070068359375,272.95667451657124,273.8070068359375,2000,0.0,0.0
2016-08-05 00:00:00+09:00,273.8070068359375,273.8070068359375,273.8070068359375,273.8070068359375,0,0.0,0.0
2016-08-08 00:00:00+09:00,273.8070068359375,273.8070068359375,273.8070068359375,273.8070068359375,0,0.0,0.0
2016-08-09 00:00:00+09:00,274.65729720504197,277.20829377350987,274.65729720504197,275.50762939453125,2300,0.0,0.0
2016-08-10 00:00:00+09:00,275.5076389723558,277.2083034104567,275.5076389723558,276.35797119140625,1900,0.0,0.0
2016-08-12 00:00:00+09:00,276.35797119140625,276.35797119140625,276.35797119140625,276.35797119140625,0,0.0,0.0
2016-08-15 00:00:00+09:00,276.35797119140625,276.35797119140625,276.35797119140625,276.35797119140625,0,0.0,0.0
2016-08-16 00:00:00+09:00,277.20831298828125,277.20831298828125,277.20831298828125,277.20831298828125,300,0.0,0.0
2016-08-17 00:00:00+09:00,277.20831298828125,278.0586452367116,277.20831298828125,277.20831298828125,300,0.0,0.0
2016-08-18 00:00:00+09:00,277.20831298828125,277.20831298828125,277.20831298828125,277.20831298828125,0,0.0,0.0
2016-08-19 00:00:00+09:00,277.20831298828125,277.20831298828125,277.20831298828125,277.20831298828125,700,0.0,0.0
2016-08-22 00:00:00+09:00,277.20831298828125,277.20831298828125,277.20831298828125,277.20831298828125,1900,0.0,0.0
2016-08-23 00:00:00+09:00,277.20831298828125,277.20831298828125,277.20831298828125,277.20831298828125,0,0.0,0.0
2016-08-24 00:00:00+09:00,277.20831298828125,277.20831298828125,277.20831298828125,277.20831298828125,0,0.0,0.0
2016-08-25 00:00:00+09:00,277.20831298828125,277.20831298828125,277.20831298828125,277.20831298828125,0,0.0,0.0
2016-08-26 00:00:00+09:00,277.2083034104567,277.2083034104567,276.35797119140625,276.35797119140625,300,0.0,0.0
2016-08-29 00:00:00+09:00,279.7910461425781,279.7910461425781,279.7910461425781,279.7910461425781,100,3.0,0.0
2016-08-30 00:00:00+09:00,279.7910461425781,279.7910461425781,279.7910461425781,279.7910461425781,0,0.0,0.0
2016-08-31 00:00:00+09:00,279.7910461425781,279.7910461425781,279.7910461425781,279.7910461425781,100,0.0,0.0
2016-09-01 00:00:00+09:00,279.7910461425781,279.7910461425781,279.7910461425781,279.7910461425781,0,0.0,0.0
2016-09-02 00:00:00+09:00,278.93275223011636,281.5075160968559,278.93275223011636,280.6492614746094,3400,0.0,0.0
2016-09-05 00:00:00+09:00,280.6492572360568,280.6492572360568,278.0744934082031,278.0744934082031,700,0.0,0.0
2016-09-06 00:00:00+09:00,278.9328308105469,278.9328308105469,278.9328308105469,278.9328308105469,100,0.0,0.0
2016-09-07 00:00:00+09:00,278.0745759465144,278.9328308105469,278.0745759465144,278.9328308105469,1300,0.0,0.0
2016-09-08 00:00:00+09:00,277.21631564340333,284.9406092681421,277.21631564340333,282.3658447265625,5400,0.0,0.0
2016-09-09 00:00:00+09:00,280.6492527287181,284.08227111072074,280.6492527287181,281.50750732421875,6900,0.0,0.0
2016-09-12 00:00:00+09:00,284.9405125340184,290.0900398689705,283.2240034223677,285.79876708984375,2200,0.0,0.0
2016-09-13 00:00:00+09:00,283.2240253413489,283.2240253413489,279.79100685236284,280.6492614746094,4100,0.0,0.0
2016-09-14 00:00:00+09:00,281.50758987936933,282.3658447265625,281.50758987936933,282.3658447265625,2400,0.0,0.0
2016-09-15 00:00:00+09:00,283.22404240987385,284.9405517578125,283.22404240987385,284.9405517578125,1300,0.0,0.0
2016-09-16 00:00:00+09:00,284.9405517578125,284.9405517578125,284.9405517578125,284.9405517578125,100,0.0,0.0
2016-09-20 00:00:00+09:00,284.9405388109612,284.9405388109612,283.2240295410156,283.2240295410156,3200,0.0,0.0
2016-09-21 00:00:00+09:00,282.3658447265625,288.3736286569149,282.3658447265625,282.3658447265625,4400,0.0,0.0
2016-09-23 00:00:00+09:00,282.36581037088405,283.2240651136527,278.9327913998095,279.7910461425781,14600,0.0,0.0
2016-09-26 00:00:00+09:00,278.9328308105469,278.9328308105469,278.9328308105469,278.9328308105469,900,0.0,0.0
2016-09-27 00:00:00+09:00,281.50750732421875,281.50750732421875,279.79099813321744,281.50750732421875,1700,0.0,0.0
2016-09-28 00:00:00+09:00,279.7910461425781,279.7910461425781,279.7910461425781,279.7910461425781,900,0.0,0.0
2016-09-29 00:00:00+09:00,283.2240651136527,284.94057459919,279.7910461425781,279.7910461425781,6000,0.0,0.0
2016-09-30 00:00:00+09:00,279.7910461425781,282.36581037088405,278.9327913998095,279.7910461425781,3900,0.0,0.0
2016-10-03 00:00:00+09:00,279.7910461425781,279.7910461425781,279.7910461425781,279.7910461425781,1300,0.0,0.0
2016-10-04 00:00:00+09:00,279.7910461425781,279.7910461425781,279.7910461425781,279.7910461425781,900,0.0,0.0
2016-10-05 00:00:00+09:00,279.7910461425781,279.7910461425781,279.7910461425781,279.7910461425781,900,0.0,0.0
2016-10-06 00:00:00+09:00,282.3657707191024,282.3657707191024,280.6492614746094,280.6492614746094,2800,0.0,0.0
2016-10-07 00:00:00+09:00,280.6492614746094,282.3657707191024,280.6492614746094,280.6492614746094,4000,0.0,0.0
2016-10-11 00:00:00+09:00,280.6492614746094,283.2240253413489,280.6492614746094,280.6492614746094,5800,0.0,0.0
2016-10-12 00:00:00+09:00,281.50758987936933,283.2240995737557,281.50758987936933,282.3658447265625,2000,0.0,0.0
2016-10-13 00:00:00+09:00,281.50750732421875,283.2240165152201,281.50750732421875,281.50750732421875,1200,0.0,0.0
2016-10-14 00:00:00+09:00,280.64930088534675,280.64930088534675,279.7910461425781,279.7910461425781,6600,0.0,0.0
2016-10-17 00:00:00+09:00,283.2240165152201,283.2240165152201,280.6492527287181,281.50750732421875,2100,0.0,0.0
2016-10-18 00:00:00+09:00,282.36576191971943,282.36576191971943,280.6492527287181,281.50750732421875,800,0.0,0.0
2016-10-19 00:00:00+09:00,280.6492656360973,283.2240295410156,280.6492656360973,283.2240295410156,1600,0.0,0.0
2016-10-20 00:00:00+09:00,283.2240165152201,283.2240165152201,281.50750732421875,281.50750732421875,2600,0.0,0.0
2016-10-21 00:00:00+09:00,283.2240165152201,283.2240165152201,281.50750732421875,281.50750732421875,4200,0.0,0.0
2016-10-24 00:00:00+09:00,284.082275390625,284.082275390625,284.082275390625,284.082275390625,2700,0.0,0.0
2016-10-25 00:00:00+09:00,280.6493350321761,282.3658447265625,280.6493350321761,282.3658447265625,3100,0.0,0.0
2016-10-26 00:00:00+09:00,282.3657877359046,285.7988064317818,282.3657877359046,284.9405517578125,3400,0.0,0.0
2016-10-27 00:00:00+09:00,284.9405517578125,290.94833447559773,283.22404240987385,284.9405517578125,6100,0.0,0.0
2016-10-28 00:00:00+09:00,285.79876708984375,291.80654898062124,283.2240034223677,285.79876708984375,5900,0.0,0.0
2016-10-31 00:00:00+09:00,285.79876708984375,285.79876708984375,285.79876708984375,285.79876708984375,0,0.0,0.0
2016-11-01 00:00:00+09:00,283.2240995737557,283.2240995737557,282.3658447265625,282.3658447265625,8600,0.0,0.0
2016-11-02 00:00:00+09:00,282.36576191971943,287.5152894927234,281.50750732421875,281.50750732421875,3100,0.0,0.0
2016-11-04 00:00:00+09:00,281.5075556281154,284.08231985642135,279.7910461425781,279.7910461425781,9200,0.0,0.0
2016-11-07 00:00:00+09:00,279.7910237139966,285.7988064317818,279.7910237139966,284.9405517578125,14700,0.0,0.0
2016-11-08 00:00:00+09:00,284.9405517578125,284.9405517578125,284.9405517578125,284.9405517578125,0,0.0,0.0
2016-11-09 00:00:00+09:00,291.8065758907434,293.52308516068894,282.3657749060429,283.2240295410156,9100,0.0,0.0
2016-11-10 00:00:00+09:00,283.2240253413489,284.0822799635954,279.79100685236284,280.6492614746094,1200,0.0,0.0
2016-11-11 00:00:00+09:00,280.6492614746094,281.5075160968559,280.6492614746094,280.6492614746094,6200,0.0,0.0
2016-11-14 00:00:00+09:00,281.50750732421875,282.36576191971943,280.6492527287181,281.50750732421875,5400,0.0,0.0
2016-11-15 00:00:00+09:00,282.36576191971943,282.36576191971943,281.50750732421875,281.50750732421875,4800,0.0,0.0
2016-11-16 00:00:00+09:00,281.50750732421875,281.50750732421875,281.50750732421875,281.50750732421875,600,0.0,0.0
2016-11-17 00:00:00+09:00,280.6492527287181,282.36576191971943,280.6492527287181,281.50750732421875,2900,0.0,0.0
2016-11-18 00:00:00+09:00,283.22404240987385,289.2318251276591,283.22404240987385,284.9405517578125,3500,0.0,0.0
2016-11-21 00:00:00+09:00,284.9405517578125,284.9405517578125,284.9405517578125,284.9405517578125,3700,0.0,0.0
2016-11-22 00:00:00+09:00,284.9405557660914,287.51531982421875,284.9405557660914,287.51531982421875,500,0.0,0.0
2016-11-24 00:00:00+09:00,287.51531982421875,287.51531982421875,286.65706513817634,287.51531982421875,1200,0.0,0.0
2016-11-25 00:00:00+09:00,287.5153592960563,287.5153592960563,285.7988496883187,286.6571044921875,2400,0.0,0.0
2016-11-28 00:00:00+09:00,286.6570216456691,286.6570216456691,285.79876708984375,285.79876708984375,3600,0.0,0.0
2016-11-29 00:00:00+09:00,287.51527620149443,287.51527620149443,284.9405125340184,285.79876708984375,6100,0.0,0.0
2016-11-30 00:00:00+09:00,286.65708669026696,301.2474174499512,286.65708669026696,288.37359619140625,9900,0.0,0.0
2016-12-01 00:00:00+09:00,296.95615369623357,302.1056823730469,295.23964413729584,302.1056823730469,8900,0.0,0.0
2016-12-02 00:00:00+09:00,308.11343971340136,308.11343971340136,298.6726379394531,298.6726379394531,4300,0.0,0.0
2016-12-05 00:00:00+09:00,298.67264569815944,308.1134477173541,290.94835313700014,303.8221740722656,10300,0.0,0.0
2016-12-06 00:00:00+09:00,302.10565776209677,372.4825439453125,302.10565776209677,319.270751953125,204600,0.0,0.0
2016-12-07 00:00:00+09:00,317.55425137008297,323.5620345041116,301.2474114348625,318.4125061035156,29900,0.0,0.0
2016-12-08 00:00:00+09:00,321.84552503724626,321.84552503724626,312.404722969487,318.4125061035156,10100,0.0,0.0
2016-12-09 00:00:00+09:00,314.9794223605761,314.9794223605761,308.97164046269046,309.82989501953125,6200,0.0,0.0
2016-12-12 00:00:00+09:00,310.68814957637204,311.54640413321283,308.97164046269046,309.82989501953125,4100,0.0,0.0
2016-12-13 00:00:00+09:00,309.82989501953125,309.82989501953125,308.97164046269046,309.82989501953125,1600,0.0,0.0
2016-12-14 00:00:00+09:00,308.9716964094606,313.2629699707031,308.9716964094606,313.2629699707031,2700,0.0,0.0
2016-12-15 00:00:00+09:00,313.2629699707031,313.2629699707031,313.2629699707031,313.2629699707031,1200,0.0,0.0
2016-12-16 00:00:00+09:00,313.26291324689447,316.6959314742577,304.6803676784864,309.82989501953125,2200,0.0,0.0
2016-12-19 00:00:00+09:00,302.9639144130259,312.40471627858767,302.9639144130259,307.25518798828125,6100,0.0,0.0
2016-12-20 00:00:00+09:00,307.25518798828125,307.25518798828125,303.822169128077,307.25518798828125,7100,0.0,0.0
2016-12-21 00:00:00+09:00,307.25521480936396,308.9717243893046,304.6804504394531,304.6804504394531,6800,0.0,0.0
2016-12-22 00:00:00+09:00,306.3969600193937,308.9717243893046,304.6804504394531,304.6804504394531,2400,0.0,0.0
2016-12-26 00:00:00+09:00,303.8221740722656,303.8221740722656,303.8221740722656,303.8221740722656,2100,0.0,0.0
2016-12-27 00:00:00+09:00,303.82208653041295,305.53859549386164,300.3890686035156,300.3890686035156,6000,0.0,0.0
2016-12-28 00:00:00+09:00,300.38910344369685,307.2551400938385,300.38910344369685,302.9638671875,4100,0.0,0.0
2016-12-29 00:00:00+09:00,298.67264185196314,308.11344374958264,298.67264185196314,301.2474060058594,10400,0.0,0.0
2016-12-30 00:00:00+09:00,302.10566461423025,308.9717024463718,302.10566461423025,303.8221740722656,2600,0.0,0.0
2017-01-04 00:00:00+09:00,301.2474098852125,303.8221740722656,301.2474098852125,303.8221740722656,700,0.0,0.0
2017-01-05 00:00:00+09:00,308.11344270333234,308.97169741838337,307.25518798828125,307.25518798828125,2900,0.0,0.0
2017-01-06 00:00:00+09:00,310.6881890190972,310.6881890190972,308.9716796875,308.9716796875,2100,0.0,0.0
2017-01-10 00:00:00+09:00,309.82989501953125,314.12116780373526,308.97164046269046,309.82989501953125,2000,0.0,0.0
2017-01-11 00:00:00+09:00,312.4046889595363,315.83770751953125,311.5464343195376,315.83770751953125,2600,0.0,0.0
2017-01-12 00:00:00+09:00,315.83778109163853,317.5542907714844,314.9795262517156,317.5542907714844,6000,0.0,0.0
2017-01-13 00:00:00+09:00,304.6803676784864,310.68814957637204,304.6803676784864,309.82989501953125,13300,0.0,0.0
2017-01-16 00:00:00+09:00,309.82989501953125,309.82989501953125,309.82989501953125,309.82989501953125,800,0.0,0.0
2017-01-17 00:00:00+09:00,310.68814957637204,310.68814957637204,307.2551313490088,309.82989501953125,2800,0.0,0.0
2017-01-18 00:00:00+09:00,309.82989501953125,309.82989501953125,308.1133859058496,309.82989501953125,2300,0.0,0.0
2017-01-19 00:00:00+09:00,310.68814957637204,310.68814957637204,309.82989501953125,309.82989501953125,3200,0.0,0.0
2017-01-20 00:00:00+09:00,309.82992503954017,317.5542167995287,309.82992503954017,315.83770751953125,4100,0.0,0.0
2017-01-23 00:00:00+09:00,315.83777392041554,315.83777392041554,312.4047546386719,312.4047546386719,2400,0.0,0.0
2017-01-24 00:00:00+09:00,313.26300945910776,314.1212642795437,311.54649981823593,312.4047546386719,6200,0.0,0.0
2017-01-25 00:00:00+09:00,326.1367865293724,326.1367865293724,310.6882019042969,310.6882019042969,4700,0.0,0.0
2017-01-26 00:00:00+09:00,312.404711307083,316.6959848140485,310.6882019042969,310.6882019042969,1700,0.0,0.0
2017-01-27 00:00:00+09:00,311.54644775390625,311.54644775390625,311.54644775390625,311.54644775390625,1300,0.0,0.0
2017-01-30 00:00:00+09:00,311.54644775390625,311.54644775390625,311.54644775390625,311.54644775390625,0,0.0,0.0
2017-01-31 00:00:00+09:00,310.68819307689824,311.54644775390625,310.68819307689824,311.54644775390625,700,0.0,0.0
2017-02-01 00:00:00+09:00,309.82993839989024,313.26295710792226,309.82993839989024,311.54644775390625,1700,0.0,0.0
2017-02-02 00:00:00+09:00,311.54644775390625,311.54644775390625,311.54644775390625,311.54644775390625,300,0.0,0.0
2017-02-03 00:00:00+09:00,311.54644775390625,311.54644775390625,311.54644775390625,311.54644775390625,100,0.0,0.0
2017-02-06 00:00:00+09:00,311.54645660568997,311.54645660568997,310.6882019042969,310.6882019042969,2700,0.0,0.0
2017-02-07 00:00:00+09:00,311.54645259931556,311.54645259931556,308.1134338378906,308.1134338378906,2600,0.0,0.0
2017-02-08 00:00:00+09:00,308.97169741838337,309.82995213343446,307.25518798828125,307.25518798828125,2200,0.0,0.0
2017-02-09 00:00:00+09:00,307.25517914753436,308.97168852824683,305.5386697668219,308.1134338378906,2900,0.0,0.0
2017-02-10 00:00:00+09:00,307.25517914753436,308.97168852824683,307.25517914753436,308.1134338378906,3700,0.0,0.0
2017-02-13 00:00:00+09:00,309.8299472029038,310.6882019042969,309.8299472029038,310.6882019042969,500,0.0,0.0
2017-02-14 00:00:00+09:00,310.6881890190972,310.6881890190972,308.9716796875,308.9716796875,2400,0.0,0.0
2017-02-15 00:00:00+09:00,308.9716796875,312.40469835069445,308.9716796875,308.9716796875,2500,0.0,0.0
2017-02-16 00:00:00+09:00,312.404711307083,314.1212207098692,310.6882019042969,310.6882019042969,5300,0.0,0.0
2017-02-17 00:00:00+09:00,310.68819307689824,317.5542304929623,310.68819307689824,311.54644775390625,5800,0.0,0.0
2017-02-20 00:00:00+09:00,311.54644775390625,314.9794664619383,311.54644775390625,311.54644775390625,9900,0.0,0.0
2017-02-21 00:00:00+09:00,314.1212246829516,314.1212246829516,313.2629699707031,313.2629699707031,900,0.0,0.0
2017-02-22 00:00:00+09:00,313.26300945910776,313.26300945910776,312.4047546386719,312.4047546386719,1700,0.0,0.0
2017-02-23 00:00:00+09:00,314.12120700597114,314.9794616699219,313.2629523420204,314.9794616699219,4200,0.0,0.0
2017-02-24 00:00:00+09:00,314.97947939520014,314.97947939520014,313.2629699707031,313.2629699707031,2300,0.0,0.0
2017-02-27 00:00:00+09:00,310.6882019042969,311.54645660568997,310.6882019042969,310.6882019042969,2200,0.0,0.0
2017-02-28 00:00:00+09:00,311.54644775390625,311.54644775390625,311.54644775390625,311.54644775390625,600,0.0,0.0
2017-03-01 00:00:00+09:00,311.54649981823593,312.4047546386719,309.82999017736415,312.4047546386719,7700,0.0,0.0
2017-03-02 00:00:00+09:00,313.2629699707031,313.2629699707031,313.2629699707031,313.2629699707031,5200,0.0,0.0
2017-03-03 00:00:00+09:00,313.26300945910776,313.26300945910776,311.54649981823593,312.4047546386719,2100,0.0,0.0
2017-03-06 00:00:00+09:00,312.4047546386719,312.4047546386719,312.4047546386719,312.4047546386719,0,0.0,0.0
2017-03-07 00:00:00+09:00,310.6882019042969,310.6882019042969,310.6882019042969,310.6882019042969,400,0.0,0.0
2017-03-08 00:00:00+09:00,313.2629699707031,313.2629699707031,313.2629699707031,313.2629699707031,100,0.0,0.0
2017-03-09 00:00:00+09:00,313.2629699707031,314.1212246829516,313.2629699707031,313.2629699707031,1200,0.0,0.0
2017-03-10 00:00:00+09:00,313.26295710792226,313.26295710792226,311.54644775390625,311.54644775390625,200,0.0,0.0
2017-03-13 00:00:00+09:00,311.5464605462061,314.1212246829516,311.5464605462061,313.2629699707031,3000,0.0,0.0
2017-03-14 00:00:00+09:00,314.1212246829516,314.1212246829516,313.2629699707031,313.2629699707031,800,0.0,0.0
2017-03-15 00:00:00+09:00,313.2629699707031,313.2629699707031,313.2629699707031,313.2629699707031,100,0.0,0.0
2017-03-16 00:00:00+09:00,313.2629699707031,314.1212246829516,313.2629699707031,313.2629699707031,2600,0.0,0.0
2017-03-17 00:00:00+09:00,313.2629699707031,313.2629699707031,313.2629699707031,313.2629699707031,500,0.0,0.0
2017-03-21 00:00:00+09:00,313.26296113227886,314.1212158203125,313.26296113227886,314.1212158203125,4800,0.0,0.0
2017-03-22 00:00:00+09:00,312.404711307083,312.404711307083,307.2551830987245,310.6882019042969,6400,0.0,0.0
2017-03-23 00:00:00+09:00,312.4047546386719,312.4047546386719,311.54649981823593,312.4047546386719,200,0.0,0.0
2017-03-24 00:00:00+09:00,310.68824499780004,312.4047546386719,310.68824499780004,312.4047546386719,2200,0.0,0.0
2017-03-27 00:00:00+09:00,312.4047546386719,312.4047546386719,311.54649981823593,312.4047546386719,2200,0.0,0.0
2017-03-28 00:00:00+09:00,312.4047546386719,312.4047546386719,312.4047546386719,312.4047546386719,0,0.0,0.0
2017-03-29 00:00:00+09:00,312.4047546386719,312.4047546386719,309.82999017736415,312.4047546386719,2100,0.0,0.0
2017-03-30 00:00:00+09:00,312.4047546386719,314.1212642795437,312.4047546386719,312.4047546386719,6500,0.0,0.0
2017-03-31 00:00:00+09:00,312.4047546386719,312.4047546386719,312.4047546386719,312.4047546386719,0,0.0,0.0
2017-04-03 00:00:00+09:00,309.82989501953125,309.82989501953125,309.82989501953125,309.82989501953125,100,0.0,0.0
2017-04-04 00:00:00+09:00,312.404711307083,313.2629660084761,309.8299472029038,310.6882019042969,2800,0.0,0.0
2017-04-05 00:00:00+09:00,310.68819706817794,314.1212158203125,310.68819706817794,314.1212158203125,700,0.0,0.0
2017-04-06 00:00:00+09:00,309.82995213343446,310.68820684848555,307.25518798828125,307.25518798828125,7600,0.0,0.0
2017-04-07 00:00:00+09:00,308.97169741838337,308.97169741838337,300.38915026787276,307.25518798828125,11800,0.0,0.0
2017-04-10 00:00:00+09:00,301.2474049829238,308.97169741838337,301.2474049829238,307.25518798828125,5600,0.0,0.0
2017-04-11 00:00:00+09:00,327.8533081712749,327.8533081712749,312.404722969487,318.4125061035156,30600,0.0,0.0
2017-04-12 00:00:00+09:00,313.2629699707031,317.55424353194564,311.5464605462061,313.2629699707031,6800,0.0,0.0
2017-04-13 00:00:00+09:00,309.82993839989024,315.8377211389463,308.97168372288223,311.54644775390625,4700,0.0,0.0
2017-04-14 00:00:00+09:00,311.54649981823593,315.83777392041554,311.54649981823593,312.4047546386719,4600,0.0,0.0
2017-04-17 00:00:00+09:00,315.8377341074486,316.6959888196971,311.5464605462061,313.2629699707031,5100,0.0,0.0
2017-04-18 00:00:00+09:00,313.2629699707031,313.2629699707031,312.40471525845464,313.2629699707031,1200,0.0,0.0
2017-04-19 00:00:00+09:00,313.2629699707031,313.2629699707031,312.40471525845464,313.2629699707031,3000,0.0,0.0
2017-04-20 00:00:00+09:00,313.2629699707031,313.2629699707031,313.2629699707031,313.2629699707031,4400,0.0,0.0
2017-04-21 00:00:00+09:00,311.5464605462061,313.2629699707031,310.6882058339576,313.2629699707031,1700,0.0,0.0
2017-04-24 00:00:00+09:00,313.26296113227886,314.1212158203125,312.4047064442452,314.1212158203125,1300,0.0,0.0
2017-04-25 00:00:00+09:00,313.2629699707031,313.2629699707031,312.40471525845464,313.2629699707031,2000,0.0,0.0
2017-04-26 00:00:00+09:00,314.97947939520014,314.97947939520014,313.2629699707031,313.2629699707031,2700,0.0,0.0
2017-04-27 00:00:00+09:00,314.9795190999796,316.69602874085143,312.4047546386719,312.4047546386719,3600,0.0,0.0
2017-04-28 00:00:00+09:00,314.97947050834614,314.97947050834614,314.1212158203125,314.1212158203125,2300,0.0,0.0
2017-05-01 00:00:00+09:00,313.2629699707031,313.2629699707031,313.2629699707031,313.2629699707031,200,0.0,0.0
2017-05-02 00:00:00+09:00,314.1212158203125,314.97947050834614,314.1212158203125,314.1212158203125,3800,0.0,0.0
2017-05-08 00:00:00+09:00,315.8376987529641,316.6959533691406,314.97944413678755,316.6959533691406,12200,0.0,0.0
2017-05-09 00:00:00+09:00,317.5542907714844,320.12905529125317,317.5542907714844,317.5542907714844,9200,0.0,0.0
2017-05-10 00:00:00+09:00,320.1290409342448,326.13682454427084,317.5542765299479,321.8455505371094,16800,0.0,0.0
2017-05-11 00:00:00+09:00,325.27856974283856,325.27856974283856,320.9872957356771,321.8455505371094,2900,0.0,0.0
2017-05-12 00:00:00+09:00,324.4202314570626,324.4202314570626,320.9872131347656,320.9872131347656,5200,0.0,0.0
2017-05-15 00:00:00+09:00,323.56196380856795,326.13672744630196,322.7037092626567,325.2784729003906,7600,0.0,0.0
2017-05-16 00:00:00+09:00,328.7115469908103,338.1523486015124,328.7115469908103,334.7193298339844,27000,0.0,0.0
2017-05-17 00:00:00+09:00,334.7193298339844,341.58536736904045,333.0028204502203,334.7193298339844,17000,0.0,0.0
2017-05-18 00:00:00+09:00,334.7193298339844,334.7193298339844,331.28631106645634,334.7193298339844,1000,0.0,0.0
2017-05-19 00:00:00+09:00,332.1446085560078,336.4358825683594,328.71158934612663,336.4358825683594,3500,0.0,0.0
2017-05-22 00:00:00+09:00,336.43583921774837,339.86885798527646,334.7193298339844,334.7193298339844,13200,0.0,0.0
2017-05-23 00:00:00+09:00,334.7193298339844,334.7193298339844,333.8610751421024,334.7193298339844,1300,0.0,0.0
2017-05-24 00:00:00+09:00,333.002847045583,334.71935656643655,332.14459228515625,332.14459228515625,4600,0.0,0.0
2017-05-25 00:00:00+09:00,334.7193298339844,334.7193298339844,333.8610751421024,334.7193298339844,10900,0.0,0.0
2017-05-26 00:00:00+09:00,334.71930810295834,334.71930810295834,332.144544194474,333.8610534667969,1500,0.0,0.0
2017-05-29 00:00:00+09:00,339.01063652038573,347.5931842803955,339.01063652038573,343.3019104003906,22800,0.0,0.0
2017-05-30 00:00:00+09:00,344.1601651763916,347.5931842803955,343.3019104003906,343.3019104003906,6800,0.0,0.0
2017-05-31 00:00:00+09:00,343.3019444013647,345.876708984375,339.8689249573511,345.876708984375,700,0.0,0.0
2017-06-01 00:00:00+09:00,344.16009944500314,346.73486328125,343.30184483292084,346.73486328125,4500,0.0,0.0
2017-06-02 00:00:00+09:00,349.30962259629194,351.884386399213,348.4513679953182,350.1678771972656,15200,0.0,0.0
2017-06-05 00:00:00+09:00,354.45917629501196,354.45917629501196,351.88441230255427,353.6009216308594,5000,0.0,0.0
2017-06-06 00:00:00+09:00,353.6009216308594,353.6009216308594,343.30186566102856,353.6009216308594,15700,0.0,0.0
2017-06-07 00:00:00+09:00,351.02613202710995,351.02613202710995,337.29405840257755,344.16009521484375,11400,0.0,0.0
2017-06-08 00:00:00+09:00,347.5931563958889,351.8844299316406,345.87664698158824,351.8844299316406,5800,0.0,0.0
2017-06-09 00:00:00+09:00,351.88443384794,357.03396214815376,351.88443384794,354.4591979980469,4700,0.0,0.0
2017-06-12 00:00:00+09:00,358.7504715815584,359.60872629826065,353.6009432813446,354.4591979980469,4100,0.0,0.0
2017-06-13 00:00:00+09:00,356.17569854294044,356.17569854294044,354.45918915237206,355.31744384765625,11700,0.0,0.0
2017-06-14 00:00:00+09:00,355.31744384765625,355.31744384765625,352.7426797618037,355.31744384765625,4300,0.0,0.0
2017-06-15 00:00:00+09:00,355.3174705783816,355.3174705783816,352.7427062988281,352.7427062988281,800,0.0,0.0
2017-06-16 00:00:00+09:00,352.74266116120094,373.340772761855,352.74266116120094,369.04949951171875,22500,0.0,0.0
2017-06-19 00:00:00+09:00,365.6164809116097,369.90775416174597,365.6164809116097,369.04949951171875,2200,0.0,0.0
2017-06-20 00:00:00+09:00,370.76604450924293,370.76604450924293,365.61651611328125,365.61651611328125,3700,0.0,0.0
2017-06-21 00:00:00+09:00,360.4669494628906,366.4747319539388,360.4669494628906,360.4669494628906,9600,0.0,0.0
2017-06-22 00:00:00+09:00,364.7582226707822,364.7582226707822,358.75044017973397,360.4669494628906,8200,0.0,0.0
2017-06-23 00:00:00+09:00,358.75044017973397,363.8999680292039,357.8921855381557,360.4669494628906,5500,0.0,0.0
2017-06-26 00:00:00+09:00,360.4669530114462,369.04949951171875,360.4669530114462,369.04949951171875,2000,0.0,0.0
2017-06-27 00:00:00+09:00,367.3330166747475,367.3330166747475,366.4747619628906,366.4747619628906,300,0.0,0.0
2017-06-28 00:00:00+09:00,366.4747319539388,366.4747319539388,357.8921855381557,360.4669494628906,9700,0.0,0.0
2017-06-29 00:00:00+09:00,360.46698886625524,360.46698886625524,357.89222466006765,359.6087341308594,3100,0.0,0.0
2017-06-30 00:00:00+09:00,345.87665083102394,358.7504715815584,334.71933951389417,354.4591979980469,23700,0.0,0.0
2017-07-03 00:00:00+09:00,358.75051344740444,362.18353271484375,354.4592393631054,362.18353271484375,3900,0.0,0.0
2017-07-04 00:00:00+09:00,366.47480679914287,366.47480679914287,357.89225863054463,362.18353271484375,4200,0.0,0.0
2017-07-05 00:00:00+09:00,356.17571133833667,358.7504755166861,356.17571133833667,357.0339660644531,1600,0.0,0.0
2017-07-06 00:00:00+09:00,359.6087519876677,359.6087519876677,356.17573287561356,357.8922424316406,1600,0.0,0.0
2017-07-07 00:00:00+09:00,356.175715189276,360.46698886625524,356.175715189276,359.6087341308594,5200,0.0,0.0
2017-07-10 00:00:00+09:00,361.3251691854225,363.8999328613281,360.4669146267873,363.8999328613281,3900,0.0,0.0
2017-07-11 00:00:00+09:00,363.8999716115552,369.04949951171875,363.8999716115552,369.04949951171875,8000,0.0,0.0
2017-07-12 00:00:00+09:00,369.90775416174597,371.62426346180047,369.04949951171875,369.04949951171875,1200,0.0,0.0
2017-07-13 00:00:00+09:00,370.7660279400581,387.9311218261719,369.9077732457524,387.9311218261719,32400,0.0,0.0
2017-07-14 00:00:00+09:00,360.46695894408,360.46695894408,351.0261576384017,353.6009216308594,59100,0.0,0.0
2017-07-17 00:00:00+09:00,353.6009216308594,353.6009216308594,353.6009216308594,353.6009216308594,0,0.0,0.0
2017-07-18 00:00:00+09:00,355.31744384765625,361.3252267146456,352.7426797618037,355.31744384765625,10200,0.0,0.0
2017-07-19 00:00:00+09:00,356.1756286621094,358.7503922427993,356.1756286621094,356.1756286621094,1600,0.0,0.0
2017-07-20 00:00:00+09:00,357.03388765325957,358.7503967285156,357.03388765325957,358.7503967285156,600,0.0,0.0
2017-07-21 00:00:00+09:00,360.4669494628906,363.0417133876256,360.4669494628906,360.4669494628906,6000,0.0,0.0
2017-07-24 00:00:00+09:00,363.0416783026929,363.8999328613281,360.4669146267873,363.8999328613281,5000,0.0,0.0
2017-07-25 00:00:00+09:00,363.8999328613281,363.8999328613281,363.8999328613281,363.8999328613281,3300,0.0,0.0
2017-07-26 00:00:00+09:00,363.8999328613281,364.75818741996335,362.1834237440577,363.8999328613281,5100,0.0,0.0
2017-07-27 00:00:00+09:00,366.47469653723374,366.47469653723374,363.8999328613281,363.8999328613281,3300,0.0,0.0
2017-07-28 00:00:00+09:00,359.60866006815206,363.8999328613281,359.60866006815206,363.8999328613281,4500,0.0,0.0
2017-07-31 00:00:00+09:00,363.8999680292039,368.1912412370954,360.4669494628906,360.4669494628906,3600,0.0,0.0
2017-08-01 00:00:00+09:00,360.4669535751884,366.4747361347749,360.4669535751884,363.0417175292969,4400,0.0,0.0
2017-08-02 00:00:00+09:00,366.4747361347749,366.4747361347749,363.0417175292969,363.0417175292969,1300,0.0,0.0
2017-08-03 00:00:00+09:00,366.4747619628906,366.4747619628906,365.61650725103374,366.4747619628906,2000,0.0,0.0
2017-08-04 00:00:00+09:00,361.3252258300781,366.47475398917663,361.3252258300781,361.3252258300781,1700,0.0,0.0
2017-08-07 00:00:00+09:00,363.8999328613281,363.8999328613281,363.8999328613281,363.8999328613281,800,0.0,0.0
2017-08-08 00:00:00+09:00,365.6164332490809,365.6164332490809,364.7581787109375,364.7581787109375,8200,0.0,0.0
2017-08-09 00:00:00+09:00,365.61649929599355,366.47475398917663,357.0339523641627,361.3252258300781,22200,0.0,0.0
2017-08-10 00:00:00+09:00,361.3252082265579,363.0417175292969,361.3252082265579,363.0417175292969,1400,0.0,0.0
2017-08-11 00:00:00+09:00,363.0417175292969,363.0417175292969,363.0417175292969,363.0417175292969,0,0.0,0.0
2017-08-14 00:00:00+09:00,363.0417352164443,363.0417352164443,361.3252258300781,361.3252258300781,300,0.0,0.0
2017-08-15 00:00:00+09:00,362.18341509650736,365.6164332490809,359.6086514820772,364.7581787109375,2200,0.0,0.0
2017-08-16 00:00:00+09:00,361.3251691854225,366.47469653723374,361.3251691854225,363.8999328613281,3200,0.0,0.0
2017-08-17 00:00:00+09:00,364.75827404271774,367.3330383300781,352.7427073683694,367.3330383300781,3700,0.0,0.0
2017-08-18 00:00:00+09:00,367.3330086823597,367.3330086823597,361.3252258300781,361.3252258300781,1800,0.0,0.0
2017-08-21 00:00:00+09:00,364.758261380621,365.61651611328125,364.758261380621,365.61651611328125,400,0.0,0.0
2017-08-22 00:00:00+09:00,365.61651611328125,365.61651611328125,361.32524244997984,365.61651611328125,3300,0.0,0.0
2017-08-23 00:00:00+09:00,360.4670230811241,365.616551982283,360.4670230811241,362.18353271484375,6600,0.0,0.0
2017-08-24 00:00:00+09:00,367.3330255786018,367.3330255786018,362.1834971826401,365.61651611328125,4400,0.0,0.0
2017-08-25 00:00:00+09:00,365.61648965048624,368.1912536621094,363.89998030940416,368.1912536621094,5000,0.0,0.0
2017-08-28 00:00:00+09:00,369.04949951171875,369.90775416174597,365.6164809116097,369.04949951171875,1900,0.0,0.0
2017-08-29 00:00:00+09:00,368.1832747025923,371.6485290527344,368.1832747025923,371.6485290527344,2400,4.0,0.0
2017-08-30 00:00:00+09:00,368.18316650390625,368.18316650390625,368.18316650390625,368.18316650390625,700,0.0,0.0
2017-08-31 00:00:00+09:00,372.5147331686581,372.5147331686581,368.18316650390625,368.18316650390625,1100,0.0,0.0
2017-09-01 00:00:00+09:00,368.18317122602576,375.1136779785156,365.584231193842,375.1136779785156,4200,0.0,0.0
2017-09-04 00:00:00+09:00,375.1136508288684,388.108350049268,375.1136508288684,384.6430969238281,6200,0.0,0.0
2017-09-05 00:00:00+09:00,388.108416274258,396.7715505660941,372.51477454895297,379.4452819824219,11000,0.0,0.0
2017-09-06 00:00:00+09:00,376.84635258375647,378.5789794921875,375.9800391295409,378.5789794921875,3000,0.0,0.0
2017-09-07 00:00:00+09:00,378.5789644463118,378.5789644463118,372.5147705078125,372.5147705078125,1900,0.0,0.0
2017-09-08 00:00:00+09:00,377.71265334546985,377.71265334546985,369.91583251953125,369.91583251953125,2700,0.0,0.0
2017-09-11 00:00:00+09:00,375.9800154070988,375.9800154070988,369.91582161021006,370.7821350097656,2400,0.0,0.0
2017-09-12 00:00:00+09:00,370.7821350097656,371.64844840932113,370.7821350097656,370.7821350097656,1700,0.0,0.0
2017-09-13 00:00:00+09:00,370.7821350097656,374.2473886079877,370.7821350097656,370.7821350097656,1000,0.0,0.0
2017-09-14 00:00:00+09:00,375.1137107671693,375.1137107671693,369.04951682867005,372.5147705078125,5200,0.0,0.0
2017-09-15 00:00:00+09:00,374.24739734738375,384.64315838481104,364.71794972974203,372.5147705078125,13000,0.0,0.0
2017-09-18 00:00:00+09:00,372.5147705078125,372.5147705078125,372.5147705078125,372.5147705078125,0,0.0,0.0
2017-09-19 00:00:00+09:00,390.707367851205,390.707367851205,375.9800391295409,378.5789794921875,6500,0.0,0.0
2017-09-20 00:00:00+09:00,379.4452929464031,382.9105467632652,378.5789794921875,378.5789794921875,1900,0.0,0.0
2017-09-21 00:00:00+09:00,378.57898188296554,378.57898188296554,374.24741458453343,375.98004150390625,3600,0.0,0.0
2017-09-22 00:00:00+09:00,376.84635496359266,376.84635496359266,373.38110112484696,375.98004150390625,2700,0.0,0.0
2017-09-25 00:00:00+09:00,375.11372804421984,375.98004150390625,374.24741458453343,375.98004150390625,3800,0.0,0.0
2017-09-26 00:00:00+09:00,382.91050702676006,382.91050702676006,375.98000011224855,376.8463134765625,6800,0.0,0.0
2017-09-27 00:00:00+09:00,381.17790654673325,387.24210051452224,373.38108573100465,382.0442199707031,13700,0.0,0.0
2017-09-28 00:00:00+09:00,382.0442199707031,382.91053339467294,378.5789662748237,382.0442199707031,5800,0.0,0.0
2017-09-29 00:00:00+09:00,382.04420906170463,385.5094626586362,381.1778956624717,382.9105224609375,4200,0.0,0.0
2017-10-02 00:00:00+09:00,386.37578253351336,397.6378569122929,386.37578253351336,387.2420959472656,8000,0.0,0.0
2017-10-03 00:00:00+09:00,391.5735778808594,397.63777045866027,388.10832497925884,391.5735778808594,4600,0.0,0.0
2017-10-04 00:00:00+09:00,389.8410361885224,389.8410361885224,382.9105288785043,387.2420959472656,7700,0.0,0.0
2017-10-05 00:00:00+09:00,385.5094668918186,395.9052277967665,385.5094668918186,389.8410339355469,4700,0.0,0.0
2017-10-06 00:00:00+09:00,389.84105114369663,396.77155871958456,389.84105114369663,393.3063049316406,5200,0.0,0.0
2017-10-09 00:00:00+09:00,393.3063049316406,393.3063049316406,393.3063049316406,393.3063049316406,0,0.0,0.0
2017-10-10 00:00:00+09:00,395.9052167995002,407.16729080036123,395.9052167995002,402.8357238769531,22700,0.0,0.0
2017-10-11 00:00:00+09:00,413.23146018170297,413.23146018170297,393.30625350627497,407.1672668457031,33400,0.0,0.0
2017-10-12 00:00:00+09:00,414.0978253272272,433.15672105358493,408.89994467458416,429.69146728515625,37800,0.0,0.0
2017-10-13 00:00:00+09:00,498.9965515136719,498.9965515136719,498.9965515136719,498.9965515136719,32300,0.0,0.0
2017-10-16 00:00:00+09:00,585.6279296875,585.6279296875,585.6279296875,585.6279296875,219500,0.0,0.0
2017-10-17 00:00:00+09:00,561.3710471870974,672.2591552734375,543.1784669541821,672.2591552734375,1527300,0.0,0.0
2017-10-18 00:00:00+09:00,684.3876329968859,717.3075444574956,608.1520485617898,619.4141235351562,898300,0.0,0.0
2017-10-19 00:00:00+09:00,644.5371635657515,749.361083984375,587.3604797010477,749.361083984375,1202800,0.0,0.0
2017-10-20 00:00:00+09:00,762.3557329963235,829.9281729664522,677.4570263671875,736.3663330078125,1734000,0.0,0.0
2017-10-23 00:00:00+09:00,750.2273532443576,804.8050937228733,701.7138061523438,701.7138061523438,482500,0.0,0.0
2017-10-24 00:00:00+09:00,675.7244345175253,700.8475224675359,632.4087656381968,641.0718994140625,350000,0.0,0.0
2017-10-25 00:00:00+09:00,658.3982997619887,658.3982997619887,614.21630859375,614.21630859375,143000,0.0,0.0
2017-10-26 00:00:00+09:00,614.2160859492409,626.344471285333,606.4192668046102,612.4834594726562,99800,0.0,0.0
2017-10-27 00:00:00+09:00,621.1467001778739,639.3392813546317,613.349879673549,630.6761474609375,82900,0.0,0.0
2017-10-30 00:00:00+09:00,617.6814770952326,621.1467308236771,614.2162233667881,618.5477905273438,50400,0.0,0.0
2017-10-31 00:00:00+09:00,629.8098628045459,629.8098628045459,620.2804150867329,621.146728515625,31400,0.0,0.0
2017-11-01 00:00:00+09:00,626.3446680704752,649.7351328531901,619.4141599867079,623.7457275390625,75800,0.0,0.0
2017-11-02 00:00:00+09:00,642.8044968812133,642.8044968812133,626.3445434570312,626.3445434570312,43800,0.0,0.0
2017-11-03 00:00:00+09:00,626.3445434570312,626.3445434570312,626.3445434570312,626.3445434570312,0,0.0,0.0
2017-11-06 00:00:00+09:00,639.3392156034464,647.1360353059275,623.7455761984843,635.8739624023438,69400,0.0,0.0
2017-11-07 00:00:00+09:00,617.6814420356862,620.280382184504,574.3657728887237,587.3604736328125,130100,0.0,0.0
2017-11-08 00:00:00+09:00,596.0236510810695,629.8098754882812,589.0931435103594,629.8098754882812,86200,0.0,0.0
2017-11-09 00:00:00+09:00,642.8045439480403,649.7350511604182,590.8257398552068,620.2803955078125,100400,0.0,0.0
2017-11-10 00:00:00+09:00,595.1572275825862,622.012939453125,594.2909142964398,622.012939453125,28500,0.0,0.0
2017-11-13 00:00:00+09:00,621.1466082404642,621.1466082404642,587.3603910558364,589.093017578125,44800,0.0,0.0
2017-11-14 00:00:00+09:00,563.9699236856123,567.4351766729279,537.1142130339165,543.1784057617188,101100,0.0,0.0
2017-11-15 00:00:00+09:00,537.1144064473365,537.1144064473365,469.5419488620264,501.5955505371094,118200,0.0,0.0
2017-11-16 00:00:00+09:00,511.99122759235803,579.563673873583,508.5259739369106,539.7132568359375,117300,0.0,0.0
2017-11-17 00:00:00+09:00,528.451193759316,533.6490743536698,519.7880594353927,526.7185668945312,39200,0.0,0.0
2017-11-20 00:00:00+09:00,552.7079489880659,552.7079489880659,529.3174871970349,550.1090087890625,25500,0.0,0.0
2017-11-21 00:00:00+09:00,544.9111744061363,575.2321459549675,544.9111744061363,565.7026977539062,35400,0.0,0.0
2017-11-22 00:00:00+09:00,571.7668125993115,572.6331259517347,554.4405455508474,562.2373657226562,18300,0.0,0.0
2017-11-23 00:00:00+09:00,562.2373657226562,562.2373657226562,562.2373657226562,562.2373657226562,0,0.0,0.0
2017-11-24 00:00:00+09:00,555.306899836034,567.435287663966,535.3816912615741,561.37109375,18400,0.0,0.0
2017-11-27 00:00:00+09:00,568.3015856571762,571.7668392282566,551.8416311945447,555.306884765625,14100,0.0,0.0
2017-11-28 00:00:00+09:00,555.3068672311923,563.9700008853451,541.445853384548,551.8416137695312,13400,0.0,0.0
2017-11-29 00:00:00+09:00,547.5101171875,562.2374462890625,541.4459228515625,541.4459228515625,13600,0.0,0.0
2017-11-30 00:00:00+09:00,542.3121596648084,542.3121596648084,525.8522059369627,535.3816528320312,12400,0.0,0.0
2017-12-01 00:00:00+09:00,531.0501294462223,541.4458905446801,524.9859354721218,531.9164428710938,15100,0.0,0.0
2017-12-04 00:00:00+09:00,531.9164035772186,538.8469104642182,519.7880165249694,530.1837768554688,20600,0.0,0.0
2017-12-05 00:00:00+09:00,522.3869915524044,526.7185586465371,512.8575439453125,512.8575439453125,23400,0.0,0.0
2017-12-06 00:00:00+09:00,511.99137170801276,522.3871356005612,511.99137170801276,513.7239990234375,5800,0.0,0.0
2017-12-07 00:00:00+09:00,516.3229091214818,524.1197315746585,516.3229091214818,523.25341796875,6400,0.0,0.0
2017-12-08 00:00:00+09:00,523.253337398295,531.0501586509185,518.9217700357262,522.3870239257812,18300,0.0,0.0
2017-12-11 00:00:00+09:00,519.7880379098361,530.1837986680329,519.7880379098361,528.451171875,15100,0.0,0.0
2017-12-12 00:00:00+09:00,528.4512967607728,530.1839239632671,521.5207879507955,525.8523559570312,14000,0.0,0.0
2017-12-13 00:00:00+09:00,528.4511970641121,562.2374211387029,525.852256750682,545.7774658203125,18900,0.0,0.0
2017-12-14 00:00:00+09:00,546.6437692215194,587.3605000510145,546.6437692215194,580.4299926757812,63500,0.0,0.0
2017-12-15 00:00:00+09:00,580.429923765121,580.429923765121,560.5047174269154,563.969970703125,41200,0.0,0.0
2017-12-18 00:00:00+09:00,589.9593908391847,589.9593908391847,564.8363037109375,564.8363037109375,23400,0.0,0.0
2017-12-19 00:00:00+09:00,565.7026853190611,571.7668794955288,549.24272969722,557.03955078125,18500,0.0,0.0
2017-12-20 00:00:00+09:00,552.7079094620112,554.4405361374407,539.7132093962899,548.3763427734375,10400,0.0,0.0
2017-12-21 00:00:00+09:00,548.3763427734375,548.3763427734375,548.3763427734375,548.3763427734375,0,0.0,0.0
2017-12-22 00:00:00+09:00,546.6436587490343,549.242598489521,541.445779268061,543.1784057617188,11400,0.0,0.0
2017-12-25 00:00:00+09:00,540.5794786509902,544.9110449863346,518.0553337071989,524.98583984375,38300,0.0,0.0
2017-12-26 00:00:00+09:00,524.9858966902191,537.1142837424684,521.5206432467193,530.1837768554688,21700,0.0,0.0
2017-12-27 00:00:00+09:00,535.3817358636237,543.1785572596958,533.6491088867188,533.6491088867188,11200,0.0,0.0
2017-12-28 00:00:00+09:00,549.2427043884179,549.2427043884179,535.3816897666281,539.7132568359375,15300,0.0,0.0
2017-12-29 00:00:00+09:00,531.9164819098138,544.0448707481484,531.9164819098138,533.6491088867188,6500,0.0,0.0
2018-01-01 00:00:00+09:00,533.6491088867188,533.6491088867188,533.6491088867188,533.6491088867188,0,0.0,0.0
2018-01-02 00:00:00+09:00,533.6491088867188,533.6491088867188,533.6491088867188,533.6491088867188,0,0.0,0.0
2018-01-03 00:00:00+09:00,533.6491088867188,533.6491088867188,533.6491088867188,533.6491088867188,0,0.0,0.0
2018-01-04 00:00:00+09:00,537.1142130339165,544.0447190085476,528.4510805656275,543.1784057617188,13400,0.0,0.0
2018-01-05 00:00:00+09:00,543.1785059991057,544.9111328125,538.84693896562,544.9111328125,10500,0.0,0.0
2018-01-08 00:00:00+09:00,544.9111328125,544.9111328125,544.9111328125,544.9111328125,0,0.0,0.0
2018-01-09 00:00:00+09:00,546.6437656732253,561.37109375,546.6437656732253,561.37109375,16100,0.0,0.0
2018-01-10 00:00:00+09:00,561.3709968566894,563.969936656952,552.7078641891479,554.4404907226562,24400,0.0,0.0
2018-01-11 00:00:00+09:00,557.039528108458,583.0289306640625,548.3763939232564,583.0289306640625,43500,0.0,0.0
2018-01-12 00:00:00+09:00,594.2910332099541,619.4141235351562,584.7615851555671,619.4141235351562,133200,0.0,0.0
2018-01-15 00:00:00+09:00,723.3718308369824,732.034966535629,662.729880946457,680.05615234375,471200,0.0,0.0
2018-01-16 00:00:00+09:00,688.7193137297215,689.5856273318973,633.2752431904735,656.6657104492188,129100,0.0,0.0
2018-01-17 00:00:00+09:00,643.6709647728597,654.9330408725195,635.0078293115831,638.4730834960938,41300,0.0,0.0
2018-01-18 00:00:00+09:00,641.9382305464931,648.8687377588709,620.2803955078125,620.2803955078125,40600,0.0,0.0
2018-01-19 00:00:00+09:00,623.7456536091549,629.8098474636884,615.08251953125,615.08251953125,29000,0.0,0.0
2018-01-22 00:00:00+09:00,615.9487905990724,654.0665779216591,615.9487905990724,642.8045043945312,69400,0.0,0.0
2018-01-23 00:00:00+09:00,653.2003416664928,654.066655116979,624.6119978004527,648.8687744140625,40400,0.0,0.0
2018-01-24 00:00:00+09:00,635.8739860963756,640.2055527591574,629.809792768481,631.5424194335938,23700,0.0,0.0
2018-01-25 00:00:00+09:00,634.1414896647135,634.1414896647135,619.4141599867079,623.7457275390625,20600,0.0,0.0
2018-01-26 00:00:00+09:00,627.2108785811806,628.9435053175928,622.0129983719444,624.6119384765625,9800,0.0,0.0
2018-01-29 00:00:00+09:00,624.6119845521216,624.6119845521216,607.2857159098991,618.5477905273438,26000,0.0,0.0
2018-01-30 00:00:00+09:00,617.6815112865124,618.5478247665777,589.959479924425,603.8204956054688,38100,0.0,0.0
2018-01-31 00:00:00+09:00,600.3551418825878,609.0182752430868,595.1572618662883,602.0877685546875,8500,0.0,0.0
2018-02-01 00:00:00+09:00,610.7509176140157,610.7509176140157,602.954097389156,608.1519775390625,9300,0.0,0.0
2018-02-02 00:00:00+09:00,610.7509218413254,614.2161752985812,602.9541015625,602.9541015625,9900,0.0,0.0
2018-02-05 00:00:00+09:00,585.6278801945442,594.2910145169487,567.4352981174948,572.6331787109375,31000,0.0,0.0
2018-02-06 00:00:00+09:00,538.8469163977582,539.7132297681726,486.0018008024796,498.13018798828125,82600,0.0,0.0
2018-02-07 00:00:00+09:00,519.7881150823151,535.3817585347846,498.1302769538853,500.7292175292969,34300,0.0,0.0
2018-02-08 00:00:00+09:00,500.72910707735167,511.9911804199219,498.1301670752201,511.9911804199219,8400,0.0,0.0
2018-02-09 00:00:00+09:00,468.67557241193924,503.3281101133765,468.67557241193924,497.263916015625,11000,0.0,0.0
2018-02-12 00:00:00+09:00,497.263916015625,497.263916015625,497.263916015625,497.263916015625,0,0.0,0.0
2018-02-13 00:00:00+09:00,501.5955310544341,508.5260392555316,498.99659047902253,500.7292175292969,5700,0.0,0.0
2018-02-14 00:00:00+09:00,505.0607825589467,507.6597231209996,491.19976622799794,503.3281555175781,19700,0.0,0.0
2018-02-15 00:00:00+09:00,503.3281555175781,505.927096079631,498.99658791415663,503.3281555175781,4000,0.0,0.0
2018-02-16 00:00:00+09:00,503.3280963382205,512.8575439453125,500.7291560817409,512.8575439453125,7300,0.0,0.0
2018-02-19 00:00:00+09:00,515.4564580281575,536.2479790242513,515.4564580281575,519.7880249023438,11100,0.0,0.0
2018-02-20 00:00:00+09:00,534.5154948455609,534.5154948455609,522.3871043628415,523.25341796875,3800,0.0,0.0
2018-02-21 00:00:00+09:00,531.0501537604872,531.0501537604872,524.1196460442003,527.5848999023438,2600,0.0,0.0
2018-02-22 00:00:00+09:00,530.1837355347676,534.5153020015549,527.5847956546952,531.050048828125,4200,0.0,0.0
2018-02-23 00:00:00+09:00,531.9164405958772,537.1143211228728,531.9164405958772,534.515380859375,3900,0.0,0.0
2018-02-26 00:00:00+09:00,537.9975198540806,537.9975198540806,523.1982353273503,526.680419921875,16900,3.0,0.0
2018-02-27 00:00:00+09:00,534.5153862536441,538.8681174120615,526.680470168493,531.9037475585938,9600,0.0,0.0
2018-02-28 00:00:00+09:00,532.7742309570312,536.2564154730902,532.7742309570312,532.7742309570312,1400,0.0,0.0
2018-03-01 00:00:00+09:00,531.903742190681,537.127019528069,527.551011076191,534.515380859375,2400,0.0,0.0
2018-03-02 00:00:00+09:00,513.6223696214955,517.9751015674404,511.88127684311763,516.2340087890625,5000,0.0,0.0
2018-03-05 00:00:00+09:00,516.2338373490161,527.5509366500906,510.1400146484375,510.1400146484375,6500,0.0,0.0
2018-03-06 00:00:00+09:00,518.8455341365062,518.8455341365062,511.01061835256564,511.88116455078125,4100,0.0,0.0
2018-03-07 00:00:00+09:00,511.8811575399863,518.8455270303263,511.8811575399863,515.3633422851562,1500,0.0,0.0
2018-03-08 00:00:00+09:00,515.3633422851562,515.3633422851562,515.3633422851562,515.3633422851562,0,0.0,0.0
2018-03-09 00:00:00+09:00,517.9749738450018,524.9393432412371,512.7516967978254,518.8455200195312,6000,0.0,0.0
2018-03-12 00:00:00+09:00,520.5867387662432,524.9394706957269,515.3634604508628,517.1045532226562,5500,0.0,0.0
2018-03-13 00:00:00+09:00,516.2337554778799,523.1981231740401,513.6221175918197,521.45703125,7000,0.0,0.0
2018-03-14 00:00:00+09:00,520.5867407350074,522.3278335133854,514.4929160106846,516.2340087890625,3700,0.0,0.0
2018-03-15 00:00:00+09:00,515.3632912489335,520.5865678494295,510.1400146484375,510.1400146484375,11400,0.0,0.0
2018-03-16 00:00:00+09:00,512.751783233328,520.5867001248389,504.046320020538,506.657958984375,12800,0.0,0.0
2018-03-19 00:00:00+09:00,506.6579105808424,506.6579105808424,497.0819019616169,500.5640869140625,5900,0.0,0.0
2018-03-20 00:00:00+09:00,500.5640887217239,504.0462736867446,496.211357515448,499.69354248046875,6700,0.0,0.0
2018-03-21 00:00:00+09:00,499.69354248046875,499.69354248046875,499.69354248046875,499.69354248046875,0,0.0,0.0
2018-03-22 00:00:00+09:00,506.657964676773,506.657964676773,499.693594028295,504.04632568359375,5400,0.0,0.0
2018-03-23 00:00:00+09:00,496.2113202342671,497.0818664101167,472.7065734863281,472.7065734863281,21300,0.0,0.0
2018-03-26 00:00:00+09:00,470.09488976520043,480.54144287109375,459.64833665930706,480.54144287109375,14500,0.0,0.0
2018-03-27 00:00:00+09:00,478.8004221933665,481.4120608598758,475.3182373046875,475.3182373046875,3700,0.0,0.0
2018-03-28 00:00:00+09:00,477.05930612711893,477.05930612711893,466.6127519783499,471.8360290527344,3600,0.0,0.0
2018-03-29 00:00:00+09:00,476.18877244040226,478.8004110461083,465.7422180175781,465.7422180175781,8500,0.0,0.0
2018-03-30 00:00:00+09:00,474.44766758992665,477.929852306183,470.9654828736703,471.8360290527344,3800,0.0,0.0
2018-04-02 00:00:00+09:00,481.41198896325153,487.505811608356,478.8003506867782,480.54144287109375,10000,0.0,0.0
2018-04-03 00:00:00+09:00,476.18871241030484,485.76471942404044,470.9654358573582,480.54144287109375,6000,0.0,0.0
2018-04-04 00:00:00+09:00,483.1530811475671,486.6352655161982,479.67089677893597,480.54144287109375,7200,0.0,0.0
2018-04-05 00:00:00+09:00,481.4121265411377,492.7292289733887,481.4121265411377,487.5059509277344,12200,0.0,0.0
2018-04-06 00:00:00+09:00,488.3763395211201,491.85852376012986,486.63524740161523,490.117431640625,2100,0.0,0.0
2018-04-09 00:00:00+09:00,491.85866187207546,504.04631013085253,478.8004673091,497.0819396972656,8700,0.0,0.0
2018-04-10 00:00:00+09:00,491.85863020613385,493.5997227024387,483.1531677246094,483.1531677246094,8600,0.0,0.0
2018-04-11 00:00:00+09:00,490.1175323881195,491.8586248655196,468.35387642061863,470.96551513671875,28900,0.0,0.0
2018-04-12 00:00:00+09:00,436.14365186969053,457.90730715260923,436.14365186969053,448.331298828125,58000,0.0,0.0
2018-04-13 00:00:00+09:00,452.68402988470876,452.68402988470876,442.23747534890776,448.331298828125,30900,0.0,0.0
2018-04-16 00:00:00+09:00,442.2375507542838,444.84918983354135,441.36700439453125,441.36700439453125,11000,0.0,0.0
2018-04-17 00:00:00+09:00,441.36692523193364,444.8491100463867,435.2731018066406,435.2731018066406,16900,0.0,0.0
2018-04-18 00:00:00+09:00,435.2730730014717,438.75525758548343,430.92034227145695,434.40252685546875,8900,0.0,0.0
2018-04-19 00:00:00+09:00,434.40252685546875,437.01416529347756,434.40252685546875,434.40252685546875,2900,0.0,0.0
2018-04-20 00:00:00+09:00,435.2731000401541,439.6258310405556,433.5320076399935,436.1436462402344,10200,0.0,0.0
2018-04-23 00:00:00+09:00,436.1436462402344,440.4963772406359,435.2731000401541,436.1436462402344,6400,0.0,0.0
2018-04-24 00:00:00+09:00,437.0142725957686,442.2375507542838,437.0142725957686,441.36700439453125,4900,0.0,0.0
2018-04-25 00:00:00+09:00,436.14367493405285,441.36695247817323,436.14367493405285,437.01422119140625,5700,0.0,0.0
2018-04-26 00:00:00+09:00,437.01418716188465,440.49637192014666,437.01418716188465,438.7552795410156,8900,0.0,0.0
2018-04-27 00:00:00+09:00,441.36692523193364,441.36692523193364,435.2731018066406,435.2731018066406,6500,0.0,0.0
2018-04-30 00:00:00+09:00,435.2731018066406,435.2731018066406,435.2731018066406,435.2731018066406,0,0.0,0.0
2018-05-01 00:00:00+09:00,439.6257850796569,443.978515625,437.014146752451,443.978515625,4200,0.0,0.0
2018-05-02 00:00:00+09:00,447.4607325705657,447.4607325705657,438.755270847403,443.1080017089844,9300,0.0,0.0
2018-05-03 00:00:00+09:00,443.1080017089844,443.1080017089844,443.1080017089844,443.1080017089844,0,0.0,0.0
2018-05-04 00:00:00+09:00,443.1080017089844,443.1080017089844,443.1080017089844,443.1080017089844,0,0.0,0.0
2018-05-07 00:00:00+09:00,443.97854788130064,444.8490940536169,440.4963631920355,443.1080017089844,7800,0.0,0.0
2018-05-08 00:00:00+09:00,443.9785426855087,447.4607273340225,440.49635803699493,445.7196350097656,8900,0.0,0.0
2018-05-09 00:00:00+09:00,443.97857130619514,452.68403348866957,443.97857130619514,446.5902099609375,10300,0.0,0.0
2018-05-10 00:00:00+09:00,450.07242004631104,450.9429663133252,447.4607812452686,449.2018737792969,4800,0.0,0.0
2018-05-11 00:00:00+09:00,447.46076332933546,462.26004927602554,445.719670865019,457.9073181152344,17000,0.0,0.0
2018-05-14 00:00:00+09:00,464.8716934816787,464.8716934816787,450.94295360207786,455.2956848144531,2900,0.0,0.0
2018-05-15 00:00:00+09:00,455.2956976483959,455.2956976483959,449.2018737792969,449.2018737792969,6100,0.0,0.0
2018-05-16 00:00:00+09:00,448.33132024911737,452.6840515136719,439.6258577200083,452.6840515136719,5400,0.0,0.0
2018-05-17 00:00:00+09:00,446.5902349782545,456.16624391541,436.1436797740848,449.2018737792969,13100,0.0,0.0
2018-05-18 00:00:00+09:00,444.8490905761719,451.8134599002607,442.23745207963856,444.8490905761719,5900,0.0,0.0
2018-05-21 00:00:00+09:00,449.2017922794118,450.07233838848043,443.978515625,443.978515625,9900,0.0,0.0
2018-05-22 00:00:00+09:00,443.9785677715413,448.331298828125,442.23747534890776,448.331298828125,3200,0.0,0.0
2018-05-23 00:00:00+09:00,448.33124617034315,448.33124617034315,443.978515625,443.978515625,4000,0.0,0.0
2018-05-24 00:00:00+09:00,443.9785802645946,443.9785802645946,439.6258490855299,442.23748779296875,2400,0.0,0.0
2018-05-25 00:00:00+09:00,442.23745207963856,445.71963674168296,442.23745207963856,444.8490905761719,600,0.0,0.0
2018-05-28 00:00:00+09:00,445.7197361932939,445.7197361932939,440.49645803477875,441.36700439453125,1500,0.0,0.0
2018-05-29 00:00:00+09:00,441.36695247817323,441.36695247817323,435.2731286766994,437.01422119140625,3200,0.0,0.0
2018-05-30 00:00:00+09:00,437.01422119140625,437.01422119140625,430.049851132579,437.01422119140625,4400,0.0,0.0
2018-05-31 00:00:00+09:00,437.88470458984375,437.88470458984375,437.88470458984375,437.88470458984375,900,0.0,0.0
2018-06-01 00:00:00+09:00,437.8847404174805,437.8847404174805,431.79091699218753,435.2731018066406,7100,0.0,0.0
2018-06-04 00:00:00+09:00,435.2731000401541,439.6258310405556,434.4025538400738,436.1436462402344,2000,0.0,0.0
2018-06-05 00:00:00+09:00,437.0141924403147,437.0141924403147,435.2731000401541,436.1436462402344,2800,0.0,0.0
2018-06-06 00:00:00+09:00,437.8847404174805,437.8847404174805,435.2731018066406,435.2731018066406,2800,0.0,0.0
2018-06-07 00:00:00+09:00,439.625840214958,446.5902099609375,436.1436553419682,446.5902099609375,8100,0.0,0.0
2018-06-08 00:00:00+09:00,440.4964313167157,443.97861654451583,437.01424608891557,439.6258850097656,7200,0.0,0.0
2018-06-11 00:00:00+09:00,440.4964294433594,442.2375220498549,440.4964294433594,440.4964294433594,2400,0.0,0.0
2018-06-12 00:00:00+09:00,442.23745553666805,446.59018639824944,442.23745553666805,443.1080017089844,7000,0.0,0.0
2018-06-13 00:00:00+09:00,445.71967273622045,445.71967273622045,440.49639532134285,442.23748779296875,6200,0.0,0.0
2018-06-14 00:00:00+09:00,446.59028255304645,446.59028255304645,437.0142725957686,441.36700439453125,6100,0.0,0.0
2018-06-15 00:00:00+09:00,444.84916285146585,444.84916285146585,439.6258850097656,439.6258850097656,3800,0.0,0.0
2018-06-18 00:00:00+09:00,442.2375220498549,443.1080683531026,437.8847905336162,440.4964294433594,3700,0.0,0.0
2018-06-19 00:00:00+09:00,440.4964294433594,441.3669757466071,439.6258831401116,440.4964294433594,2400,0.0,0.0
2018-06-20 00:00:00+09:00,440.4964294433594,441.3669757466071,440.4964294433594,440.4964294433594,900,0.0,0.0
2018-06-21 00:00:00+09:00,441.3669093643518,443.1080017089844,440.4963631920355,443.1080017089844,5000,0.0,0.0
2018-06-22 00:00:00+09:00,443.97861654451583,443.97861654451583,438.7553387028156,439.6258850097656,7100,0.0,0.0
2018-06-25 00:00:00+09:00,440.4963498774893,440.4963498774893,425.69706539543927,434.40252685546875,11100,0.0,0.0
2018-06-26 00:00:00+09:00,426.56764500577685,434.4025609344544,421.34436771999185,432.6614685058594,3000,0.0,0.0
2018-06-27 00:00:00+09:00,432.661527641327,435.27316664117404,432.661527641327,433.5320739746094,1600,0.0,0.0
2018-06-28 00:00:00+09:00,433.53198070946576,434.40252685546875,433.53198070946576,434.40252685546875,500,0.0,0.0
2018-06-29 00:00:00+09:00,434.40252685546875,434.40252685546875,434.40252685546875,434.40252685546875,0,0.0,0.0
2018-07-02 00:00:00+09:00,435.27316664117404,439.62589830758577,433.5320739746094,433.5320739746094,7400,0.0,0.0
2018-07-03 00:00:00+09:00,434.4026066130656,434.4026066130656,425.6971435546875,425.6971435546875,3600,0.0,0.0
2018-07-04 00:00:00+09:00,429.17928339640304,429.17928339640304,411.76835912068685,417.8621826171875,5200,0.0,0.0
2018-07-05 00:00:00+09:00,413.509521484375,416.99170692845394,410.89788240131577,413.509521484375,6300,0.0,0.0
2018-07-06 00:00:00+09:00,415.2505439758301,417.8621826171875,409.15672047932946,417.8621826171875,10000,0.0,0.0
2018-07-09 00:00:00+09:00,430.920350850835,430.920350850835,417.8621584008097,430.0498046875,6700,0.0,0.0
2018-07-10 00:00:00+09:00,424.82652770748984,431.79089701417,424.82652770748984,430.0498046875,3600,0.0,0.0
2018-07-11 00:00:00+09:00,430.9204349747623,433.5320739746094,426.5677033083506,433.5320739746094,2500,0.0,0.0
2018-07-12 00:00:00+09:00,437.01417446316754,489.246944319323,437.01417446316754,460.5189208984375,155400,0.0,0.0
2018-07-13 00:00:00+09:00,414.3800546423977,433.5320739746094,404.8040449762919,433.5320739746094,88900,0.0,0.0
2018-07-16 00:00:00+09:00,433.5320739746094,433.5320739746094,433.5320739746094,433.5320739746094,0,0.0,0.0
2018-07-17 00:00:00+09:00,429.1792627648462,429.1792627648462,410.0272469822364,412.6388854980469,35100,0.0,0.0
2018-07-18 00:00:00+09:00,417.86218440109604,418.73273061859834,413.50945331358463,416.99163818359375,8300,0.0,0.0
2018-07-19 00:00:00+09:00,416.1210701857941,416.1210701857941,411.76833932611004,412.6388854980469,8400,0.0,0.0
2018-07-20 00:00:00+09:00,412.63893912726365,421.3444019780498,412.63893912726365,416.1211242675781,6000,0.0,0.0
2018-07-23 00:00:00+09:00,416.121102782687,416.121102782687,409.15673286163786,411.76837158203125,3100,0.0,0.0
2018-07-24 00:00:00+09:00,416.1210701857941,416.1210701857941,412.6388854980469,412.6388854980469,2700,0.0,0.0
2018-07-25 00:00:00+09:00,413.509521484375,416.1211605674342,413.509521484375,413.509521484375,2700,0.0,0.0
2018-07-26 00:00:00+09:00,413.509521484375,414.3800678453947,412.63897512335524,413.509521484375,3500,0.0,0.0
2018-07-27 00:00:00+09:00,414.3800678453947,421.34443873355264,413.509521484375,413.509521484375,8600,0.0,0.0
2018-07-30 00:00:00+09:00,420.47382125854494,420.47382125854494,416.9916364034017,417.8621826171875,5400,0.0,0.0
2018-07-31 00:00:00+09:00,417.86225328947364,417.86225328947364,413.509521484375,413.509521484375,3100,0.0,0.0
2018-08-01 00:00:00+09:00,416.99170692845394,416.99170692845394,413.509521484375,413.509521484375,1500,0.0,0.0
2018-08-02 00:00:00+09:00,413.50948541234226,417.86221683773533,411.76839284218505,416.1211242675781,4200,0.0,0.0
2018-08-03 00:00:00+09:00,416.12106669450003,416.12106669450003,414.3799743652344,414.3799743652344,2100,0.0,0.0
2018-08-06 00:00:00+09:00,414.3799831123109,414.3799831123109,407.41561364823843,410.0272521972656,5200,0.0,0.0
2018-08-07 00:00:00+09:00,403.06288273319313,414.3799831123109,403.06288273319313,410.0272521972656,3300,0.0,0.0
2018-08-08 00:00:00+09:00,416.1210701857941,416.1210701857941,405.6745161225524,412.6388854980469,3100,0.0,0.0
2018-08-09 00:00:00+09:00,416.99170692845394,416.99170692845394,409.1567896792763,413.509521484375,2500,0.0,0.0
2018-08-10 00:00:00+09:00,413.50943869732794,413.50943869732794,405.674523016747,409.1567077636719,2000,0.0,0.0
2018-08-13 00:00:00+09:00,410.0272353895282,410.0272353895282,403.0628662109375,403.0628662109375,3200,0.0,0.0
2018-08-14 00:00:00+09:00,403.0628662109375,405.674504652909,401.3217739162898,403.0628662109375,2000,0.0,0.0
2018-08-15 00:00:00+09:00,405.6745081175434,405.6745081175434,401.32177734375,401.32177734375,700,0.0,0.0
2018-08-16 00:00:00+09:00,401.3217808010791,401.3217808010791,398.71014231430416,399.5806884765625,2500,0.0,0.0
2018-08-17 00:00:00+09:00,398.7102145096061,399.58076082949606,390.0047513107064,394.35748291015625,5300,0.0,0.0
2018-08-20 00:00:00+09:00,394.35748291015625,394.35748291015625,394.35748291015625,394.35748291015625,0,0.0,0.0
2018-08-21 00:00:00+09:00,395.2279691148078,395.2279691148078,378.6875915527344,378.6875915527344,7800,0.0,0.0
2018-08-22 00:00:00+09:00,393.4869499719731,393.4869499719731,387.3931255255045,388.263671875,2800,0.0,0.0
2018-08-23 00:00:00+09:00,388.263671875,388.263671875,383.9109401275224,388.263671875,1000,0.0,0.0
2018-08-24 00:00:00+09:00,388.2635701947508,393.4868469238281,388.2635701947508,393.4868469238281,1400,0.0,0.0
2018-08-27 00:00:00+09:00,392.6163902703763,396.0985755499362,392.6163902703763,394.35748291015625,2300,0.0,0.0
2018-08-28 00:00:00+09:00,396.09849872011125,408.2861448345762,396.09849872011125,402.19232177734375,6800,0.0,0.0
2018-08-29 00:00:00+09:00,416.24279081925107,418.8772388624109,403.9486999511719,403.9486999511719,9800,4.0,0.0
2018-08-30 00:00:00+09:00,403.9486999511719,403.9486999511719,403.9486999511719,403.9486999511719,0,0.0,0.0
2018-08-31 00:00:00+09:00,406.5831298828125,406.5831298828125,399.55793541399504,406.5831298828125,5200,0.0,0.0
2018-09-03 00:00:00+09:00,406.58314799433174,407.46129734205164,396.04535582169245,403.9486999511719,9200,0.0,0.0
2018-09-04 00:00:00+09:00,405.70491257212524,405.70491257212524,403.0704650878906,403.0704650878906,400,0.0,0.0
2018-09-05 00:00:00+09:00,399.5579532125722,407.46129734205164,399.5579532125722,403.9486999511719,2500,0.0,0.0
2018-09-06 00:00:00+09:00,399.5579532125722,403.9486999511719,399.5579532125722,403.9486999511719,3300,0.0,0.0
2018-09-07 00:00:00+09:00,399.55793541399504,410.97387642582345,399.55793541399504,406.5831298828125,4500,0.0,0.0
2018-09-10 00:00:00+09:00,403.9486999511719,403.9486999511719,402.192401255732,403.9486999511719,2800,0.0,0.0
2018-09-11 00:00:00+09:00,399.5579532125722,404.82684929889183,399.5579532125722,403.9486999511719,6500,0.0,0.0
2018-09-12 00:00:00+09:00,403.9486070570055,403.9486070570055,399.557861328125,399.557861328125,1200,0.0,0.0
2018-09-13 00:00:00+09:00,399.5578365914097,408.3393275055066,398.6796875,398.6796875,6300,0.0,0.0
2018-09-14 00:00:00+09:00,399.5579532125722,403.9486999511719,398.67980386485226,403.9486999511719,6600,0.0,0.0
2018-09-17 00:00:00+09:00,403.9486999511719,403.9486999511719,403.9486999511719,403.9486999511719,0,0.0,0.0
2018-09-18 00:00:00+09:00,399.5578555056923,413.608241633365,399.5578555056923,400.4360046386719,9500,0.0,0.0
2018-09-19 00:00:00+09:00,400.43608472259723,414.4864736602322,400.43608472259723,406.5831298828125,16600,0.0,0.0
2018-09-20 00:00:00+09:00,403.94862012571645,404.82676929990276,402.19232177734375,402.19232177734375,11400,0.0,0.0
2018-09-21 00:00:00+09:00,406.5830352311629,406.5830352311629,393.41079866859826,397.8015441894531,21600,0.0,0.0
2018-09-24 00:00:00+09:00,397.8015441894531,397.8015441894531,397.8015441894531,397.8015441894531,0,0.0,0.0
2018-09-25 00:00:00+09:00,398.6797250805984,402.19232177734375,398.6797250805984,402.19232177734375,800,0.0,0.0
2018-09-26 00:00:00+09:00,402.19232177734375,402.19232177734375,402.19232177734375,402.19232177734375,0,0.0,0.0
2018-09-27 00:00:00+09:00,401.31416676506757,414.48640418624046,401.31416676506757,403.0704650878906,8300,0.0,0.0
2018-09-28 00:00:00+09:00,410.0957150695144,410.0957150695144,403.94867008988575,408.33941650390625,1900,0.0,0.0
2018-10-01 00:00:00+09:00,403.9486340698766,410.0956785013747,403.9486340698766,409.217529296875,4900,0.0,0.0
2018-10-02 00:00:00+09:00,406.5830758399065,412.7301201830584,406.5830758399065,410.0956726074219,4100,0.0,0.0
2018-10-03 00:00:00+09:00,409.21757780861907,409.21757780861907,403.948681957006,406.5831298828125,13200,0.0,0.0
2018-10-04 00:00:00+09:00,406.5831298828125,408.3394285000169,406.5831298828125,406.5831298828125,1500,0.0,0.0
2018-10-05 00:00:00+09:00,405.70494512301775,416.2427359054338,405.70494512301775,411.85198974609375,7900,0.0,0.0
2018-10-08 00:00:00+09:00,411.85198974609375,411.85198974609375,411.85198974609375,411.85198974609375,0,0.0,0.0
2018-10-09 00:00:00+09:00,418.8771656488968,423.26791162005924,414.4864196777344,414.4864196777344,9500,0.0,0.0
2018-10-10 00:00:00+09:00,414.4864614835349,416.24276004914316,404.82681937268984,408.33941650390625,8400,0.0,0.0
2018-10-11 00:00:00+09:00,401.31425190801207,408.3394466897716,396.9235051694124,403.9486999511719,21300,0.0,0.0
2018-10-12 00:00:00+09:00,408.33937531810693,414.4864196777344,399.55788337578207,414.4864196777344,5500,0.0,0.0
2018-10-15 00:00:00+09:00,448.7342541252215,482.1039246863926,421.51162814110825,425.9023742675781,188300,0.0,0.0
2018-10-16 00:00:00+09:00,432.92752838134766,432.92752838134766,406.5830540376551,417.9989929199219,30100,0.0,0.0
2018-10-17 00:00:00+09:00,417.9990361797038,420.63348388671875,411.8519915300023,420.63348388671875,17900,0.0,0.0
2018-10-18 00:00:00+09:00,417.9990164546643,417.9990164546643,412.7301212892694,414.4864196777344,6800,0.0,0.0
2018-10-19 00:00:00+09:00,413.6082941691081,414.4864434136285,410.0956971910265,410.9738464355469,4500,0.0,0.0
2018-10-22 00:00:00+09:00,410.9738307643581,422.3897705078125,410.9738307643581,422.3897705078125,6100,0.0,0.0
2018-10-23 00:00:00+09:00,435.5620208931368,439.07461783582335,420.63348388671875,420.63348388671875,18300,0.0,0.0
2018-10-24 00:00:00+09:00,417.99900463764175,419.75530297645537,413.6082587906077,416.2427062988281,4100,0.0,0.0
2018-10-25 00:00:00+09:00,412.7301096212009,416.2427062988281,408.3393637741668,416.2427062988281,12700,0.0,0.0
2018-10-26 00:00:00+09:00,416.2427085643252,416.2427085643252,387.263785816176,402.19232177734375,17400,0.0,0.0
2018-10-29 00:00:00+09:00,396.9233991596061,396.9233991596061,374.0915222167969,374.0915222167969,14100,0.0,0.0
2018-10-30 00:00:00+09:00,364.4318747859431,374.09151484051023,364.4318747859431,370.57891845703125,14600,0.0,0.0
2018-10-31 00:00:00+09:00,388.1419922977215,392.5327388169265,380.23864856315254,389.0201416015625,16100,0.0,0.0
2018-11-01 00:00:00+09:00,374.9696580963495,383.7511489182781,370.57891268538526,371.4570617675781,36600,0.0,0.0
2018-11-02 00:00:00+09:00,375.8478277162064,377.6041259765625,370.5789329351381,377.6041259765625,9800,0.0,0.0
2018-11-05 00:00:00+09:00,377.6041259765625,377.6041259765625,377.6041259765625,377.6041259765625,0,0.0,0.0
2018-11-06 00:00:00+09:00,381.9949230349442,388.1419677734375,380.23862453823176,388.1419677734375,7900,0.0,0.0
2018-11-07 00:00:00+09:00,387.26381768896596,387.26381768896596,383.751220703125,383.751220703125,1700,0.0,0.0
2018-11-08 00:00:00+09:00,383.751220703125,387.26381768896596,382.8730714566648,383.751220703125,900,0.0,0.0
2018-11-09 00:00:00+09:00,383.751214780764,384.6293640136719,383.751214780764,384.6293640136719,400,0.0,0.0
2018-11-12 00:00:00+09:00,386.3856201171875,387.2637692538175,381.1167252974077,386.3856201171875,3800,0.0,0.0
2018-11-13 00:00:00+09:00,386.3856201171875,386.3856201171875,386.3856201171875,386.3856201171875,0,0.0,0.0
2018-11-14 00:00:00+09:00,386.3856201171875,390.7763658003374,386.3856201171875,386.3856201171875,1200,0.0,0.0
2018-11-15 00:00:00+09:00,386.38562595654184,386.38562595654184,381.9948802070357,385.5074768066406,2700,0.0,0.0
2018-11-16 00:00:00+09:00,381.1167239134339,386.38561871408046,381.1167239134339,381.994873046875,1300,0.0,0.0
2018-11-19 00:00:00+09:00,381.9948744340377,386.3856201171875,381.9948744340377,386.3856201171875,1300,0.0,0.0
2018-11-20 00:00:00+09:00,386.385674432877,386.385674432877,382.8730773925781,382.8730773925781,1500,0.0,0.0
2018-11-21 00:00:00+09:00,385.507495560073,387.2637939453125,379.3604512117347,387.2637939453125,4800,0.0,0.0
2018-11-22 00:00:00+09:00,387.2638117123957,387.2638117123957,380.23861784913225,384.6293640136719,4100,0.0,0.0
2018-11-23 00:00:00+09:00,384.6293640136719,384.6293640136719,384.6293640136719,384.6293640136719,0,0.0,0.0
2018-11-26 00:00:00+09:00,385.5075251728023,388.1419729530265,382.8730773925781,382.8730773925781,2000,0.0,0.0
2018-11-27 00:00:00+09:00,382.8730714566648,384.6293699495852,382.8730714566648,383.751220703125,7200,0.0,0.0
2018-11-28 00:00:00+09:00,384.6293640136719,385.50751324657983,384.6293640136719,384.6293640136719,1700,0.0,0.0
2018-11-29 00:00:00+09:00,389.0201178429111,392.53271484375,388.14196859270135,392.53271484375,3000,0.0,0.0
2018-11-30 00:00:00+09:00,392.53271484375,392.53271484375,392.53271484375,392.53271484375,0,0.0,0.0
2018-12-03 00:00:00+09:00,395.16709113436127,410.9737747797357,395.16709113436127,398.6796875,10600,0.0,0.0
2018-12-04 00:00:00+09:00,405.70488023127757,405.70488023127757,398.6796875,398.6796875,14000,0.0,0.0
2018-12-05 00:00:00+09:00,399.5578497087408,403.94859530993574,399.5578497087408,401.31414794921875,17700,0.0,0.0
2018-12-06 00:00:00+09:00,400.4360046386719,400.4360046386719,398.67970637271276,400.4360046386719,39400,0.0,0.0
2018-12-07 00:00:00+09:00,400.4360104739011,403.9486070570055,399.557861328125,399.557861328125,5000,0.0,0.0
2018-12-10 00:00:00+09:00,398.67974161783854,411.85197977701824,390.7763987223307,395.1671447753906,39600,0.0,0.0
2018-12-11 00:00:00+09:00,396.0452939860026,400.4360400390625,395.1671447753906,395.1671447753906,6700,0.0,0.0
2018-12-12 00:00:00+09:00,392.5326971435547,397.80159240722656,391.6545479329427,395.1671447753906,3500,0.0,0.0
2018-12-13 00:00:00+09:00,397.80159240722656,397.80159240722656,395.1671447753906,395.1671447753906,1100,0.0,0.0
2018-12-14 00:00:00+09:00,397.80159240722656,397.80159240722656,395.1671447753906,395.1671447753906,1100,0.0,0.0
2018-12-17 00:00:00+09:00,390.7764146748069,390.7764146748069,383.751220703125,383.751220703125,3500,0.0,0.0
2018-12-18 00:00:00+09:00,383.7511889846237,387.26378568013513,376.7259955936008,379.3604431152344,4000,0.0,0.0
2018-12-19 00:00:00+09:00,374.9697127239801,378.4823095644858,364.4319222024631,367.94451904296875,7100,0.0,0.0
2018-12-20 00:00:00+09:00,367.9444858511699,367.9444858511699,338.0874154002396,340.72186279296875,16900,0.0,0.0
2018-12-21 00:00:00+09:00,346.86892338802943,353.8941167731034,331.94038744474716,333.6966857910156,11400,0.0,0.0
2018-12-24 00:00:00+09:00,333.6966857910156,333.6966857910156,333.6966857910156,333.6966857910156,0,0.0,0.0
2018-12-25 00:00:00+09:00,307.3522320915671,308.2303813261144,291.54554586971506,298.57073974609375,46800,0.0,0.0
2018-12-26 00:00:00+09:00,314.3774485575081,322.2807922363281,307.3522541763347,322.2807922363281,5300,0.0,0.0
2018-12-27 00:00:00+09:00,337.2092836850649,338.9655820375913,326.67149356990666,338.0874328613281,5500,0.0,0.0
2018-12-28 00:00:00+09:00,337.2092605237789,341.6000061035156,336.33111140783154,341.6000061035156,19900,0.0,0.0
2018-12-31 00:00:00+09:00,341.6000061035156,341.6000061035156,341.6000061035156,341.6000061035156,0,0.0,0.0
2019-01-04 00:00:00+09:00,341.60006119165666,342.47821044921875,334.57486713115986,342.47821044921875,6400,0.0,0.0
2019-01-07 00:00:00+09:00,345.1126649343423,346.8689634836265,342.47821711041604,345.9908142089844,2000,0.0,0.0
2019-01-08 00:00:00+09:00,353.01595348569015,353.01595348569015,349.50335693359375,349.50335693359375,7600,0.0,0.0
2019-01-09 00:00:00+09:00,350.3815060716178,354.77225176173835,348.6252077955696,349.50335693359375,4700,0.0,0.0
2019-01-10 00:00:00+09:00,349.50335693359375,355.6504008997625,349.50335693359375,349.50335693359375,5300,0.0,0.0
2019-01-11 00:00:00+09:00,351.2596868699597,359.1630298245338,351.2596868699597,353.8941345214844,3300,0.0,0.0
2019-01-15 00:00:00+09:00,360.0411552410454,360.91930440016984,338.0874262629328,357.4067077636719,26700,0.0,0.0
2019-01-16 00:00:00+09:00,357.40673333045646,362.6756286621094,353.89413644268785,362.6756286621094,4000,0.0,0.0
2019-01-17 00:00:00+09:00,362.6756413533137,365.3100891113281,360.0411935952993,365.3100891113281,2800,0.0,0.0
2019-01-18 00:00:00+09:00,372.33528627168147,390.77642073325063,366.18824145115843,382.8730773925781,8900,0.0,0.0
2019-01-21 00:00:00+09:00,395.1672064739725,426.7805829918903,395.1672064739725,403.9486999511719,21300,0.0,0.0
2019-01-22 00:00:00+09:00,410.0957044548945,410.0957044548945,367.9445399713079,382.8730773925781,56900,0.0,0.0
2019-01-23 00:00:00+09:00,375.847900390625,380.23864689051544,373.2134524906907,375.847900390625,4300,0.0,0.0
2019-01-24 00:00:00+09:00,379.3604431152344,379.3604431152344,376.7259955936008,379.3604431152344,1500,0.0,0.0
2019-01-25 00:00:00+09:00,379.3604431152344,379.3604431152344,379.3604431152344,379.3604431152344,0,0.0,0.0
2019-01-28 00:00:00+09:00,379.3604431152344,379.3604431152344,377.60414476747866,379.3604431152344,4100,0.0,0.0
2019-01-29 00:00:00+09:00,379.36049759053736,380.23864689051544,375.847900390625,375.847900390625,300,0.0,0.0
2019-01-30 00:00:00+09:00,375.847900390625,375.847900390625,375.847900390625,375.847900390625,0,0.0,0.0
2019-01-31 00:00:00+09:00,375.8478277162064,377.6041259765625,375.8478277162064,377.6041259765625,2300,0.0,0.0
2019-02-01 00:00:00+09:00,371.4571473463526,376.7260430533931,371.4571473463526,372.3352966308594,2700,0.0,0.0
2019-02-04 00:00:00+09:00,377.6041259765625,377.6041259765625,372.33523119549415,377.6041259765625,600,0.0,0.0
2019-02-05 00:00:00+09:00,377.6041259765625,377.6041259765625,377.6041259765625,377.6041259765625,0,0.0,0.0
2019-02-06 00:00:00+09:00,373.2134023924621,376.7259991208618,369.7008056640625,369.7008056640625,3700,0.0,0.0
2019-02-07 00:00:00+09:00,367.94451315743584,371.45710994175505,367.94451315743584,368.8226623535156,1200,0.0,0.0
2019-02-08 00:00:00+09:00,368.8226623535156,368.8226623535156,368.8226623535156,368.8226623535156,0,0.0,0.0
2019-02-12 00:00:00+09:00,368.82267418090237,368.82267418090237,367.0663757324219,367.0663757324219,2100,0.0,0.0
2019-02-13 00:00:00+09:00,372.3352532103622,372.3352532103622,368.82265648196255,369.7008056640625,2600,0.0,0.0
2019-02-14 00:00:00+09:00,368.82265648196255,370.5789548461624,368.82265648196255,369.7008056640625,1100,0.0,0.0
2019-02-15 00:00:00+09:00,369.7008056640625,369.7008056640625,369.7008056640625,369.7008056640625,0,0.0,0.0
2019-02-18 00:00:00+09:00,370.5789329351381,377.6041259765625,370.5789329351381,377.6041259765625,3300,0.0,0.0
2019-02-19 00:00:00+09:00,377.60419955705106,381.9949460635284,377.60419955705106,380.2386474609375,3700,0.0,0.0
2019-02-20 00:00:00+09:00,381.994878883186,393.4108177923387,380.23858058947025,381.1167297363281,4700,0.0,0.0
2019-02-21 00:00:00+09:00,378.4822998046875,379.3604489921694,378.4822998046875,378.4822998046875,1300,0.0,0.0
2019-02-22 00:00:00+09:00,378.4822998046875,378.4822998046875,378.4822998046875,378.4822998046875,0,0.0,0.0
2019-02-25 00:00:00+09:00,384.62939396741484,385.5075432687103,380.2386474609375,380.2386474609375,3500,0.0,0.0
2019-02-26 00:00:00+09:00,385.54424427173757,385.54424427173757,382.00714111328125,382.00714111328125,2000,3.0,0.0
2019-02-27 00:00:00+09:00,385.5442520246353,386.42852783203125,385.5442520246353,386.42852783203125,900,0.0,0.0
2019-02-28 00:00:00+09:00,379.35434988879285,385.5442810058594,379.35434988879285,385.5442810058594,1300,0.0,0.0
2019-03-01 00:00:00+09:00,385.5442810058594,385.5442810058594,385.5442810058594,385.5442810058594,0,0.0,0.0
2019-03-04 00:00:00+09:00,385.5442810058594,386.42855687972605,385.5442810058594,385.5442810058594,3600,0.0,0.0
2019-03-05 00:00:00+09:00,385.5442247673156,392.61843072634895,383.7756732775573,388.1970520019531,3000,0.0,0.0
2019-03-06 00:00:00+09:00,384.6599506031383,389.9656050942161,384.6599506031383,389.0813293457031,900,0.0,0.0
2019-03-07 00:00:00+09:00,386.42852783203125,387.31280363942716,386.42852783203125,386.42852783203125,600,0.0,0.0
2019-03-08 00:00:00+09:00,384.6599870357873,384.6599870357873,366.9744703904638,374.9329528808594,8500,0.0,0.0
2019-03-11 00:00:00+09:00,380.23858642578125,384.65996533770897,379.3543106433957,380.23858642578125,2400,0.0,0.0
2019-03-12 00:00:00+09:00,380.2386213835613,382.8914489746094,380.2386213835613,382.8914489746094,300,0.0,0.0
2019-03-13 00:00:00+09:00,382.8914489746094,382.8914489746094,382.8914489746094,382.8914489746094,0,0.0,0.0
2019-03-14 00:00:00+09:00,380.23858642578125,380.23858642578125,380.23858642578125,380.23858642578125,200,0.0,0.0
2019-03-15 00:00:00+09:00,384.6599684821235,385.54424427173757,381.12286532366716,382.00714111328125,2300,0.0,0.0
2019-03-18 00:00:00+09:00,380.23858642578125,380.23858642578125,378.4700348610102,380.23858642578125,800,0.0,0.0
2019-03-19 00:00:00+09:00,380.23858642578125,380.23858642578125,380.23858642578125,380.23858642578125,0,0.0,0.0
2019-03-20 00:00:00+09:00,381.1228622081668,384.65996533770897,378.4700348610102,380.23858642578125,3300,0.0,0.0
2019-03-22 00:00:00+09:00,381.1228789937199,390.8499130283624,381.1228789937199,389.96563720703125,2700,0.0,0.0
2019-03-25 00:00:00+09:00,389.0813277468323,389.0813277468323,374.93291582876566,388.1970520019531,3200,0.0,0.0
2019-03-26 00:00:00+09:00,392.6184387207031,392.6184387207031,392.6184387207031,392.6184387207031,100,0.0,0.0
2019-03-27 00:00:00+09:00,389.0813613857001,389.96563720703125,384.6599822790444,389.96563720703125,1300,0.0,0.0
2019-03-28 00:00:00+09:00,389.96563720703125,389.96563720703125,389.96563720703125,389.96563720703125,0,0.0,0.0
2019-03-29 00:00:00+09:00,384.659966023763,397.9241027832031,383.7756902398003,397.9241027832031,6300,0.0,0.0
2019-04-01 00:00:00+09:00,398.8083785671658,398.8083785671658,397.9241027832031,397.9241027832031,1400,0.0,0.0
2019-04-02 00:00:00+09:00,392.618496855999,392.618496855999,389.9656691745396,390.8499450683594,600,0.0,0.0
2019-04-03 00:00:00+09:00,397.92411049643715,402.3454895019531,397.92411049643715,402.3454895019531,4000,0.0,0.0
2019-04-04 00:00:00+09:00,402.3454895019531,402.3454895019531,402.3454895019531,402.3454895019531,0,0.0,0.0
2019-04-05 00:00:00+09:00,402.34546059056333,404.11401206568667,393.50270321494656,403.229736328125,4300,0.0,0.0
2019-04-08 00:00:00+09:00,403.229736328125,403.229736328125,403.229736328125,403.229736328125,900,0.0,0.0
2019-04-09 00:00:00+09:00,404.11401206568667,404.11401206568667,402.34546059056333,403.229736328125,1200,0.0,0.0
2019-04-10 00:00:00+09:00,400.57691070756977,404.114013671875,398.8083592254171,404.114013671875,4300,0.0,0.0
2019-04-11 00:00:00+09:00,404.9983035893911,420.9152674859174,404.9983035893911,412.072509765625,14800,0.0,0.0
2019-04-12 00:00:00+09:00,411.1882379272733,415.6096168297171,397.0398254394531,397.0398254394531,18500,0.0,0.0
2019-04-15 00:00:00+09:00,382.8914074248551,387.3127862634793,369.62727090898255,376.70147705078125,32900,0.0,0.0
2019-04-16 00:00:00+09:00,377.58574804572066,380.23857531536277,374.04864501953125,374.04864501953125,7900,0.0,0.0
2019-04-17 00:00:00+09:00,375.8172332263384,380.2386124407659,374.0486815405674,377.5857849121094,3800,0.0,0.0
2019-04-18 00:00:00+09:00,377.58577423095704,378.4700500488281,369.6272918701172,371.3958435058594,7900,0.0,0.0
2019-04-19 00:00:00+09:00,371.3958435058594,374.9329467773438,371.3958435058594,371.3958435058594,1800,0.0,0.0
2019-04-22 00:00:00+09:00,372.2800935064366,374.9329207760786,371.3958177498892,374.04864501953125,5500,0.0,0.0
2019-04-23 00:00:00+09:00,374.04864501953125,377.58574804572066,370.51154199334184,374.04864501953125,2300,0.0,0.0
2019-04-24 00:00:00+09:00,374.0486987538315,376.70152640456786,364.32166403446473,369.6273193359375,2400,0.0,0.0
2019-04-25 00:00:00+09:00,369.627313438821,370.51158930829183,365.20593409146664,366.0902099609375,3100,0.0,0.0
2019-04-26 00:00:00+09:00,367.85876169987927,368.7430375693501,366.0902099609375,366.0902099609375,1600,0.0,0.0
2019-05-07 00:00:00+09:00,366.09018859863284,371.3958435058594,366.09018859863284,371.3958435058594,800,0.0,0.0
2019-05-08 00:00:00+09:00,366.9744873046875,366.9744873046875,364.3216596856175,366.9744873046875,3100,0.0,0.0
2019-05-09 00:00:00+09:00,366.97444897163206,366.97444897163206,362.5530700683594,362.5530700683594,1100,0.0,0.0
2019-05-10 00:00:00+09:00,362.5530990936354,367.85875420232276,361.6688232421875,361.6688232421875,2000,0.0,0.0
2019-05-13 00:00:00+09:00,361.66875890783365,361.66875890783365,359.90020751953125,359.90020751953125,1100,0.0,0.0
2019-05-14 00:00:00+09:00,359.90023006610016,359.90023006610016,355.4788513183594,355.4788513183594,2500,0.0,0.0
2019-05-15 00:00:00+09:00,356.36313182689526,358.1316833496094,356.36313182689526,358.1316833496094,500,0.0,0.0
2019-05-16 00:00:00+09:00,358.131719836396,361.6688232421875,356.36316813350015,361.6688232421875,1400,0.0,0.0
2019-05-17 00:00:00+09:00,362.5530912291329,374.9329528808594,361.6688153968667,374.9329528808594,4600,0.0,0.0
2019-05-20 00:00:00+09:00,374.9329255153316,378.4700285862309,371.3958224444322,376.70147705078125,3000,0.0,0.0
2019-05-21 00:00:00+09:00,371.3958711030951,371.3958711030951,368.7430434523587,369.6273193359375,1400,0.0,0.0
2019-05-22 00:00:00+09:00,368.7429587558547,373.1643371582031,368.7429587558547,373.1643371582031,2500,0.0,0.0
2019-05-23 00:00:00+09:00,366.09020848308865,373.1644154102981,364.3216567512863,365.2059326171875,1300,0.0,0.0
2019-05-24 00:00:00+09:00,365.20585603397603,374.93288851914247,365.20585603397603,373.1643371582031,1400,0.0,0.0
2019-05-27 00:00:00+09:00,373.16441841585095,377.58579778096765,366.9744873046875,366.9744873046875,2400,0.0,0.0
2019-05-28 00:00:00+09:00,367.8587341308594,374.04866475325366,367.8587341308594,367.8587341308594,800,0.0,0.0
2019-05-29 00:00:00+09:00,367.85874023437503,371.3958435058594,367.85874023437503,371.3958435058594,200,0.0,0.0
2019-05-30 00:00:00+09:00,366.97448583040836,366.97448583040836,366.0902099609375,366.0902099609375,300,0.0,0.0
2019-05-31 00:00:00+09:00,366.0901700188132,366.0901700188132,360.7845153808594,360.7845153808594,900,0.0,0.0
2019-06-03 00:00:00+09:00,356.36312706790756,362.55305731474465,349.2889210715223,355.4788513183594,2000,0.0,0.0
2019-06-04 00:00:00+09:00,357.24739634451555,358.1316720780416,349.2889147427813,351.9417419433594,2300,0.0,0.0
2019-06-05 00:00:00+09:00,353.71027766047297,359.90020751953125,353.71027766047297,359.90020751953125,800,0.0,0.0
2019-06-06 00:00:00+09:00,359.9002670513585,360.78454289177955,355.4788878492534,359.0159912109375,1300,0.0,0.0
2019-06-07 00:00:00+09:00,357.24743953009545,366.09019793430576,356.3631636896744,359.0159912109375,900,0.0,0.0
2019-06-10 00:00:00+09:00,360.78454289177955,360.78454289177955,353.71033616841135,359.0159912109375,6500,0.0,0.0
2019-06-11 00:00:00+09:00,359.01595911096643,360.78451063368055,355.4788560655382,358.1316833496094,3900,0.0,0.0
2019-06-12 00:00:00+09:00,358.1316737124794,359.01594945004115,351.05746781198604,352.8260192871094,6500,0.0,0.0
2019-06-13 00:00:00+09:00,353.71029502467104,353.71029502467104,351.05746781198604,352.8260192871094,4800,0.0,0.0
2019-06-14 00:00:00+09:00,352.82605133056643,353.7103271484375,352.82605133056643,353.7103271484375,600,0.0,0.0
2019-06-17 00:00:00+09:00,353.7103271484375,353.7103271484375,353.7103271484375,353.7103271484375,1000,0.0,0.0
2019-06-18 00:00:00+09:00,353.7103488360565,353.7103488360565,344.86759011515505,348.4046936035156,4400,0.0,0.0
2019-06-19 00:00:00+09:00,348.404640599301,352.8260192871094,348.404640599301,352.8260192871094,4200,0.0,0.0
2019-06-20 00:00:00+09:00,352.8260192871094,354.59457076223276,352.8260192871094,352.8260192871094,1600,0.0,0.0
2019-06-21 00:00:00+09:00,352.82605133056643,353.7103271484375,352.82605133056643,353.7103271484375,500,0.0,0.0
2019-06-24 00:00:00+09:00,355.4788787841797,355.4788787841797,353.7103271484375,353.7103271484375,800,0.0,0.0
2019-06-25 00:00:00+09:00,353.7103331915223,359.01598818939516,353.7103331915223,357.2474365234375,2600,0.0,0.0
2019-06-26 00:00:00+09:00,357.2474350089175,357.2474350089175,354.59460752122754,356.3631591796875,700,0.0,0.0
2019-06-27 00:00:00+09:00,356.3631591796875,357.2474350089175,356.3631591796875,356.3631591796875,400,0.0,0.0
2019-06-28 00:00:00+09:00,356.3631591796875,358.1317108381475,355.4788833504575,356.3631591796875,1000,0.0,0.0
2019-07-01 00:00:00+09:00,356.36313182689526,359.01595911096643,356.36313182689526,358.1316833496094,1000,0.0,0.0
2019-07-02 00:00:00+09:00,358.1317153705165,359.0159912109375,356.3631636896744,359.0159912109375,900,0.0,0.0
2019-07-03 00:00:00+09:00,358.1317227774293,363.4373779296875,355.4788952013002,363.4373779296875,2400,0.0,0.0
2019-07-04 00:00:00+09:00,363.4373779296875,366.0902055058166,362.5531020709778,363.4373779296875,1200,0.0,0.0
2019-07-05 00:00:00+09:00,363.43738381259413,368.7430390507342,363.43738381259413,366.9744873046875,800,0.0,0.0
2019-07-08 00:00:00+09:00,371.3958373436561,377.58576796605035,367.8587341308594,367.8587341308594,2200,0.0,0.0
2019-07-09 00:00:00+09:00,366.97446290519184,370.5115661621094,366.97446290519184,370.5115661621094,1000,0.0,0.0
2019-07-10 00:00:00+09:00,367.8587341308594,368.74300993405853,366.9744583276602,367.8587341308594,1500,0.0,0.0
2019-07-11 00:00:00+09:00,368.7430027654165,392.61844898763775,368.7430027654165,381.12286376953125,13500,0.0,0.0
2019-07-12 00:00:00+09:00,401.4612227537032,451.864944553177,395.27129200639945,425.336669921875,412500,0.0,0.0
2019-07-16 00:00:00+09:00,399.6926666659559,404.9983215332031,393.5027359875009,404.9983215332031,58100,0.0,0.0
2019-07-17 00:00:00+09:00,407.6511885597797,407.6511885597797,386.42856702955254,391.7342224121094,19800,0.0,0.0
2019-07-18 00:00:00+09:00,388.1970794468231,388.1970794468231,382.89142460244744,386.42852783203125,12200,0.0,0.0
2019-07-19 00:00:00+09:00,389.96562794652476,389.96562794652476,384.65997314453125,384.65997314453125,6400,0.0,0.0
2019-07-22 00:00:00+09:00,385.5442489448635,386.4285247451958,384.65997314453125,384.65997314453125,4900,0.0,0.0
2019-07-23 00:00:00+09:00,384.6599762172393,386.42852783203125,382.0071487950515,386.42852783203125,4900,0.0,0.0
2019-07-24 00:00:00+09:00,389.0813552542191,389.0813552542191,382.89142460244744,386.42852783203125,8600,0.0,0.0
2019-07-25 00:00:00+09:00,388.19710862745933,388.19710862745933,384.66000513199276,385.5442810058594,3100,0.0,0.0
2019-07-26 00:00:00+09:00,385.5442489448635,388.19707634586024,382.8914215438667,384.65997314453125,2900,0.0,0.0
2019-07-29 00:00:00+09:00,382.0071138302851,384.6599410096621,382.0071138302851,383.7756652832031,1700,0.0,0.0
2019-07-30 00:00:00+09:00,384.659966913564,384.659966913564,381.12286376953125,381.12286376953125,2600,0.0,0.0
2019-07-31 00:00:00+09:00,383.7756926925094,383.7756926925094,382.00714111328125,382.00714111328125,800,0.0,0.0
2019-08-01 00:00:00+09:00,382.00717311092666,384.66000070197475,382.00717311092666,382.8914489746094,2900,0.0,0.0
2019-08-02 00:00:00+09:00,383.7757158123079,383.7757158123079,377.5857849121094,377.5857849121094,2300,0.0,0.0
2019-08-05 00:00:00+09:00,376.701498413086,379.35432586669924,367.85874023437503,371.3958435058594,6000,0.0,0.0
2019-08-06 00:00:00+09:00,357.24744982407685,365.2059326171875,357.24744982407685,365.2059326171875,7200,0.0,0.0
2019-08-07 00:00:00+09:00,365.20593409146664,366.0902099609375,365.20593409146664,366.0902099609375,1400,0.0,0.0
2019-08-08 00:00:00+09:00,366.0902055058166,366.9744813645263,363.4373779296875,363.4373779296875,2700,0.0,0.0
2019-08-09 00:00:00+09:00,367.85876169987927,367.85876169987927,366.0902099609375,366.0902099609375,800,0.0,0.0
2019-08-13 00:00:00+09:00,366.97445713788613,389.0813521461925,366.0901813375539,384.65997314453125,9200,0.0,0.0
2019-08-14 00:00:00+09:00,384.6599870357873,384.6599870357873,374.9329528808594,374.9329528808594,6500,0.0,0.0
2019-08-15 00:00:00+09:00,371.39584502811385,374.9329483140959,371.39584502811385,372.2801208496094,3000,0.0,0.0
2019-08-16 00:00:00+09:00,367.8587341308594,372.2801131468553,367.8587341308594,367.8587341308594,1000,0.0,0.0
2019-08-19 00:00:00+09:00,366.0902099609375,366.0902099609375,366.0902099609375,366.0902099609375,1000,0.0,0.0
2019-08-20 00:00:00+09:00,367.85873871942124,372.2801177905681,366.09018709096244,370.5115661621094,2800,0.0,0.0
2019-08-21 00:00:00+09:00,370.51157816902537,379.3543365978804,370.51157816902537,377.5857849121094,2600,0.0,0.0
2019-08-22 00:00:00+09:00,380.23858953405306,382.8914169028953,380.23858953405306,382.00714111328125,1300,0.0,0.0
2019-08-23 00:00:00+09:00,384.66000513199276,385.5442810058594,382.8914533842594,385.5442810058594,4400,0.0,0.0
2019-08-26 00:00:00+09:00,380.23854260196055,380.23854260196055,373.1643371582031,373.1643371582031,2000,0.0,0.0
2019-08-27 00:00:00+09:00,374.9329483140959,375.8172241355914,372.2801208496094,372.2801208496094,1500,0.0,0.0
2019-08-28 00:00:00+09:00,374.9329528808594,374.9329528808594,374.9329528808594,374.9329528808594,200,0.0,0.0
2019-08-29 00:00:00+09:00,369.5511130080026,371.34505044978897,368.6541442871094,368.6541442871094,1100,6.0,0.0
2019-08-30 00:00:00+09:00,371.34505833956,371.34505833956,370.4480895996094,370.4480895996094,1000,0.0,0.0
2019-09-02 00:00:00+09:00,370.4480787943425,376.7268597908568,370.4480787943425,374.93292236328125,3300,0.0,0.0
2019-09-03 00:00:00+09:00,374.9329719267696,374.9329719267696,372.2420654296875,372.2420654296875,1600,0.0,0.0
2019-09-04 00:00:00+09:00,375.82991725483265,375.82991725483265,366.8602294921875,366.8602294921875,6400,0.0,0.0
2019-09-05 00:00:00+09:00,372.24203100526967,372.24203100526967,367.7571872582182,371.3450622558594,1700,0.0,0.0
2019-09-06 00:00:00+09:00,372.24201229836444,374.93291841136465,372.24201229836444,374.03594970703125,2500,0.0,0.0
2019-09-09 00:00:00+09:00,376.7268597908568,376.7268597908568,374.03595364949354,374.93292236328125,1200,0.0,0.0
2019-09-10 00:00:00+09:00,374.9329332993625,375.82990203931314,370.4480895996094,370.4480895996094,1500,0.0,0.0
2019-09-11 00:00:00+09:00,372.242016221918,375.829891077069,371.3450475081302,374.93292236328125,3400,0.0,0.0
2019-09-12 00:00:00+09:00,373.1390342620482,374.9329719267696,372.2420654296875,372.2420654296875,4200,0.0,0.0
2019-09-13 00:00:00+09:00,372.24202012674334,375.82989501953125,372.24202012674334,375.82989501953125,300,0.0,0.0
2019-09-17 00:00:00+09:00,375.82988711569806,375.82988711569806,373.13898100269785,374.03594970703125,1100,0.0,0.0
2019-09-18 00:00:00+09:00,374.0359955921309,379.4178084783486,374.0359955921309,377.6238708496094,4500,0.0,0.0
2019-09-19 00:00:00+09:00,377.62386699858166,383.9026486351376,376.7268981933594,376.7268981933594,2100,0.0,0.0
2019-09-20 00:00:00+09:00,381.21174221947075,381.21174221947075,376.7268981933594,376.7268981933594,1200,0.0,0.0
2019-09-24 00:00:00+09:00,376.7268870634191,381.21173095703125,374.93294950597425,381.21173095703125,2500,0.0,0.0
2019-09-25 00:00:00+09:00,381.2117192417524,381.2117192417524,375.82990673481004,378.52081298828125,1900,0.0,0.0
2019-09-26 00:00:00+09:00,377.6238708496094,379.4178084783486,377.6238708496094,377.6238708496094,1100,0.0,0.0
2019-09-27 00:00:00+09:00,377.62384423712416,382.1086879929095,377.62384423712416,378.52081298828125,1900,0.0,0.0
2019-09-30 00:00:00+09:00,378.520839663979,378.520839663979,376.7269020352398,377.6238708496094,1300,0.0,0.0
2019-10-01 00:00:00+09:00,380.31477341424846,380.31477341424846,376.7268981933594,376.7268981933594,200,0.0,0.0
2019-10-02 00:00:00+09:00,369.55115893260546,374.0360030944089,369.55115893260546,372.2420654296875,3100,0.0,0.0
2019-10-03 00:00:00+09:00,371.3450629790247,378.52081298828125,371.3450629790247,378.52081298828125,3300,0.0,0.0
2019-10-04 00:00:00+09:00,384.7995645212573,388.38743924872824,380.31472111191863,385.696533203125,9800,0.0,0.0
2019-10-07 00:00:00+09:00,383.90259583938956,385.696533203125,381.2116897937864,385.696533203125,1400,0.0,0.0
2019-10-08 00:00:00+09:00,383.9026450664154,384.79961386329956,383.00567626953125,383.00567626953125,1000,0.0,0.0
2019-10-09 00:00:00+09:00,383.00568395227816,384.79962158203125,383.00568395227816,384.79962158203125,900,0.0,0.0
2019-10-10 00:00:00+09:00,388.38745410901277,390.181391541387,382.1086730957031,382.1086730957031,8400,0.0,0.0
2019-10-11 00:00:00+09:00,395.5632401373801,397.357177734375,389.2844585478978,397.357177734375,10000,0.0,0.0
2019-10-15 00:00:00+09:00,411.70863285274294,455.66009910499656,404.53288326053826,408.1207580566406,96000,0.0,0.0
2019-10-16 00:00:00+09:00,412.6056084919613,412.6056084919613,397.357140352041,402.73895263671875,14500,0.0,0.0
2019-10-17 00:00:00+09:00,402.7389675183243,402.7389675183243,398.25412378204004,399.1510925292969,1900,0.0,0.0
2019-10-18 00:00:00+09:00,397.35720445451693,397.35720445451693,390.1814535840065,396.4602355957031,6000,0.0,0.0
2019-10-21 00:00:00+09:00,396.4602355957031,399.15114217214455,396.4602355957031,396.4602355957031,7900,0.0,0.0
2019-10-23 00:00:00+09:00,396.4602089358775,397.357177734375,396.4602089358775,397.357177734375,800,0.0,0.0
2019-10-24 00:00:00+09:00,395.5632175402695,399.1510925292969,395.5632175402695,399.1510925292969,3100,0.0,0.0
2019-10-25 00:00:00+09:00,399.1510727622292,399.1510727622292,392.8722918423739,394.6662292480469,6700,0.0,0.0
2019-10-28 00:00:00+09:00,395.56325158089265,400.9450645275715,395.56325158089265,400.048095703125,2200,0.0,0.0
2019-10-29 00:00:00+09:00,400.9450372161518,400.9450372161518,392.8723183460279,393.769287109375,11100,0.0,0.0
2019-10-30 00:00:00+09:00,400.04811103095835,400.04811103095835,396.4602355957031,396.4602355957031,2700,0.0,0.0
2019-10-31 00:00:00+09:00,398.2541040593927,398.2541040593927,387.4904796253551,394.6662292480469,4700,0.0,0.0
2019-11-01 00:00:00+09:00,395.5632019042969,395.5632019042969,395.5632019042969,395.5632019042969,200,0.0,0.0
2019-11-05 00:00:00+09:00,395.5631530349319,400.0479960398631,394.66618443394566,398.2540588378906,7500,0.0,0.0
2019-11-06 00:00:00+09:00,395.5632175402695,401.84199877106744,395.5632175402695,399.1510925292969,3700,0.0,0.0
2019-11-07 00:00:00+09:00,399.15111185709634,405.42989339192707,399.15111185709634,403.6359558105469,2200,0.0,0.0
2019-11-08 00:00:00+09:00,405.42984406258626,407.22378142569505,402.7389380179231,406.3268127441406,3200,0.0,0.0
2019-11-11 00:00:00+09:00,406.3268699308412,407.2238387386356,404.53293231525254,405.4299011230469,1100,0.0,0.0
2019-11-12 00:00:00+09:00,405.4298671177455,446.6904288155692,405.4298671177455,439.5146789550781,61100,0.0,0.0
2019-11-13 00:00:00+09:00,439.5146888910338,462.83587646484375,430.54500136264534,462.83587646484375,100700,0.0,0.0
2019-11-14 00:00:00+09:00,461.0419660952581,528.3146265177179,441.3086523713365,476.2904357910156,261200,0.0,0.0
2019-11-15 00:00:00+09:00,496.9206897172772,565.9872837754547,488.84797093125644,547.1509399414062,604000,0.0,0.0
2019-11-18 00:00:00+09:00,553.4297794942183,553.4297794942183,496.0237731933594,496.0237731933594,226700,0.0,0.0
2019-11-19 00:00:00+09:00,513.9630640359749,539.0781875839807,471.80553522325096,477.1873474121094,231000,0.0,0.0
2019-11-20 00:00:00+09:00,481.67222563723914,496.9206946052709,461.04194409225494,478.0843505859375,129700,0.0,0.0
2019-11-21 00:00:00+09:00,469.1146597968207,491.53887871636283,452.07225341796874,484.3631286621094,118000,0.0,0.0
2019-11-22 00:00:00+09:00,484.36312548203273,505.89037550345637,474.49646922221353,490.64190673828125,85100,0.0,0.0
2019-11-25 00:00:00+09:00,496.92062779332065,516.6539379222972,493.3327532244158,497.8175964355469,77500,0.0,0.0
2019-11-26 00:00:00+09:00,494.2298239394748,496.02376159442747,476.2904473899476,486.1571044921875,52100,0.0,0.0
2019-11-27 00:00:00+09:00,491.5388707724646,506.78733939131837,481.67221460732384,482.5691833496094,33200,0.0,0.0
2019-11-28 00:00:00+09:00,482.5691825434847,485.26008876584615,463.7328389869546,475.3934326171875,50300,0.0,0.0
2019-11-29 00:00:00+09:00,475.39345491849457,493.33283057579627,464.6298295241136,466.42376708984375,60100,0.0,0.0
2019-12-02 00:00:00+09:00,470.0116388367973,481.67223293007663,468.2177012839851,472.7025451660156,22900,0.0,0.0
2019-12-03 00:00:00+09:00,472.7025446368091,472.7025446368091,461.0419505565842,465.52679443359375,24200,0.0,0.0
2019-12-04 00:00:00+09:00,459.2479779411765,461.9388840619256,453.86616569967833,457.45404052734375,32000,0.0,0.0
2019-12-05 00:00:00+09:00,462.83586072921753,469.11464178562164,457.45404839515686,459.24798583984375,17600,0.0,0.0
2019-12-06 00:00:00+09:00,460.1449647924714,512.1691518450315,460.1449647924714,482.5691833496094,154100,0.0,0.0
2019-12-09 00:00:00+09:00,487.9509949882076,488.8479637289947,474.49646387640036,475.3934326171875,30200,0.0,0.0
2019-12-10 00:00:00+09:00,477.1873818231121,478.0843505859375,467.32072543203276,478.0843505859375,20700,0.0,0.0
2019-12-11 00:00:00+09:00,487.0540019028059,487.0540019028059,470.0115966796875,470.0115966796875,20900,0.0,0.0
2019-12-12 00:00:00+09:00,473.5994926120924,473.5994926120924,448.4843680038754,453.8661804199219,48700,0.0,0.0
2019-12-13 00:00:00+09:00,461.0419649112678,461.0419649112678,444.89652645134015,447.5874328613281,33400,0.0,0.0
2019-12-16 00:00:00+09:00,448.48437262970265,470.9085912611878,448.48437262970265,461.93890380859375,34500,0.0,0.0
2019-12-17 00:00:00+09:00,461.04192328453064,466.4237356185913,457.45404839515686,459.24798583984375,16400,0.0,0.0
2019-12-18 00:00:00+09:00,464.6298172206916,467.32072349803155,456.5570983886719,456.5570983886719,7800,0.0,0.0
2019-12-19 00:00:00+09:00,454.7631608704453,457.4540671477852,451.17528583399206,456.5570983886719,13000,0.0,0.0
2019-12-20 00:00:00+09:00,456.55712120161485,460.14499641734466,450.27833957408774,454.76318359375,8500,0.0,0.0
2019-12-23 00:00:00+09:00,457.4540864818291,463.73286806099145,456.5571176848059,461.0419616699219,11300,0.0,0.0
2019-12-24 00:00:00+09:00,461.04192631787595,461.04192631787595,452.072239035427,452.9692077636719,17400,0.0,0.0
2019-12-25 00:00:00+09:00,452.96922660918824,452.96922660918824,446.69044525024896,450.2783203125,18100,0.0,0.0
2019-12-26 00:00:00+09:00,448.48437955665213,460.1449734251251,448.48437955665213,456.5570983886719,11900,0.0,0.0
2019-12-27 00:00:00+09:00,456.5570990379821,467.3207241626496,456.5570990379821,463.73284912109375,18000,0.0,0.0
2019-12-30 00:00:00+09:00,464.62982565819186,469.1146695352014,453.86620035336887,465.52679443359375,19300,0.0,0.0
2020-01-06 00:00:00+09:00,462.8358694493086,468.2176818847656,458.35102575309435,468.2176818847656,13300,0.0,0.0
2020-01-07 00:00:00+09:00,470.9085973103841,484.3631286621093,467.32072228325734,484.3631286621094,33000,0.0,0.0
2020-01-08 00:00:00+09:00,481.6722363985501,487.95101787860574,460.14498560978814,466.42376708984375,25400,0.0,0.0
2020-01-09 00:00:00+09:00,469.1146967701367,486.1571044921875,457.45410201294396,486.1571044921875,44600,0.0,0.0
2020-01-10 00:00:00+09:00,504.0964160322332,539.9751645042783,487.9509792198129,527.4176025390625,256300,0.0,0.0
2020-01-14 00:00:00+09:00,455.6601296295586,473.59950481182466,451.17528583399206,456.5570983886719,193900,0.0,0.0
2020-01-15 00:00:00+09:00,455.66015625,460.14500030757875,447.58743694635825,455.66015625,60500,0.0,0.0
2020-01-16 00:00:00+09:00,455.6601523976824,461.93893402520956,450.27833957408774,454.76318359375,16500,0.0,0.0
2020-01-17 00:00:00+09:00,459.2479928359684,459.2479928359684,450.2783054758909,453.8661804199219,16300,0.0,0.0
2020-01-20 00:00:00+09:00,453.8661764919168,460.144957589631,452.072239035427,452.9692077636719,19200,0.0,0.0
2020-01-21 00:00:00+09:00,453.8661764919168,456.5570826766515,452.9692077636719,452.9692077636719,7700,0.0,0.0
2020-01-22 00:00:00+09:00,452.96926498413086,454.7632026672363,451.1753273010254,452.0722961425781,11900,0.0,0.0
2020-01-23 00:00:00+09:00,452.0722578436255,455.6601329058765,450.2783203125,450.2783203125,8500,0.0,0.0
2020-01-24 00:00:00+09:00,451.1753117010846,451.1753117010846,436.8238107324616,441.30865478515625,17700,0.0,0.0
2020-01-27 00:00:00+09:00,436.8237518374525,436.8237518374525,424.26619018298777,427.85406494140625,16000,0.0,0.0
2020-01-28 00:00:00+09:00,413.5025659077323,432.3389083894294,412.6055972181276,427.85406494140625,16500,0.0,0.0
2020-01-29 00:00:00+09:00,433.23594662341793,433.23594662341793,429.6480712890625,429.6480712890625,4000,0.0,0.0
2020-01-30 00:00:00+09:00,426.06015723905585,430.54500099946694,418.88440722239807,420.6783447265625,11000,0.0,0.0
2020-01-31 00:00:00+09:00,417.9874345828325,422.4722783015324,414.39955960787256,419.7813720703125,8300,0.0,0.0
2020-02-03 00:00:00+09:00,417.9874345828325,422.4722783015324,412.6056221203926,419.7813720703125,5900,0.0,0.0
2020-02-04 00:00:00+09:00,419.7814062288164,421.5753438622729,413.50262451171875,413.50262451171875,10500,0.0,0.0
2020-02-05 00:00:00+09:00,417.0905036430854,417.98747246812434,413.5026283429299,414.39959716796875,4100,0.0,0.0
2020-02-06 00:00:00+09:00,417.0904580308644,424.26620784644916,417.0904580308644,417.9874267578125,4900,0.0,0.0
2020-02-07 00:00:00+09:00,419.7813270698159,429.6479821932518,419.7813270698159,423.36920166015625,6000,0.0,0.0
2020-02-10 00:00:00+09:00,421.5752643649861,431.44191948842195,417.0904211270607,423.36920166015625,11600,0.0,0.0
2020-02-12 00:00:00+09:00,452.07221536075366,452.07221536075366,422.4722488787996,426.95709228515625,44600,0.0,0.0
2020-02-13 00:00:00+09:00,428.7511023908158,429.64807122426936,422.4723205566406,422.4723205566406,7700,0.0,0.0
2020-02-14 00:00:00+09:00,422.4723205566406,423.36928939009425,419.78141405627986,422.4723205566406,3100,0.0,0.0
2020-02-17 00:00:00+09:00,418.8844414244307,424.26625437635056,417.0905037737907,421.5753479003906,12300,0.0,0.0
2020-02-18 00:00:00+09:00,418.88435842223083,426.9570762504965,418.88435842223083,423.36920166015625,7500,0.0,0.0
2020-02-19 00:00:00+09:00,423.3692555447503,428.7510681152344,422.4722867830029,428.7510681152344,5200,0.0,0.0
2020-02-20 00:00:00+09:00,431.4420089562402,439.51472845853993,429.6480712890625,429.6480712890625,4800,0.0,0.0
2020-02-21 00:00:00+09:00,435.02988429059565,440.4116972921288,429.6480712890625,429.6480712890625,7900,0.0,0.0
2020-02-25 00:00:00+09:00,417.9874258249608,421.57530072474583,407.2238011256056,410.8116760253906,13800,0.0,0.0
2020-02-26 00:00:00+09:00,409.91474126236403,415.2965540579312,399.1511156712298,404.5329284667969,15700,0.0,0.0
2020-02-27 00:00:00+09:00,400.9210094105114,401.82398465693143,365.70497480012864,367.51092529296875,19700,3.0,0.0
2020-02-28 00:00:00+09:00,331.3918945655394,337.71272089240256,316.04131634315746,321.45916748046875,37100,0.0,0.0
2020-03-02 00:00:00+09:00,317.84727185837767,349.4514040033868,316.04132145009146,339.5186767578125,15300,0.0,0.0
2020-03-03 00:00:00+09:00,353.9663009274985,409.9507668905212,351.25737515509417,373.8317565917969,165000,0.0,0.0
2020-03-04 00:00:00+09:00,356.67527809143064,362.0931304168701,353.0633765411377,361.1901550292969,19100,0.0,0.0
2020-03-05 00:00:00+09:00,375.63773221032744,375.63773221032744,353.0633492649953,358.481201171875,8200,0.0,0.0
2020-03-06 00:00:00+09:00,353.96630208333335,356.67522786458335,334.10084635416666,338.61572265625,7700,0.0,0.0
2020-03-09 00:00:00+09:00,328.6829833984375,332.29488431490387,316.9443054199219,316.9443054199219,10900,0.0,0.0
2020-03-10 00:00:00+09:00,316.0413141702211,324.1680908203125,294.36990976997737,324.1680908203125,28900,0.0,0.0
2020-03-11 00:00:00+09:00,324.1680948594037,325.07107005399814,304.302640578326,307.0115661621094,5700,0.0,0.0
2020-03-12 00:00:00+09:00,295.2728999211238,299.7877760667067,290.7580237755409,293.4669494628906,12900,0.0,0.0
2020-03-13 00:00:00+09:00,255.5420114096109,282.6312705696403,255.5420114096109,278.11639404296875,36700,0.0,0.0
2020-03-16 00:00:00+09:00,280.8253479003906,293.4670034328841,278.1164217148563,280.8253479003906,2600,0.0,0.0
2020-03-17 00:00:00+09:00,276.31041124131946,293.466940043885,269.9895848403742,292.56396484375,11500,0.0,0.0
2020-03-18 00:00:00+09:00,297.98179333026593,297.98179333026593,281.7282409667969,281.7282409667969,1900,0.0,0.0
2020-03-19 00:00:00+09:00,282.6312392412606,289.85504088320977,264.5717351363877,266.377685546875,12500,0.0,0.0
2020-03-23 00:00:00+09:00,266.3776805665758,267.2806557549371,252.83305274115668,260.0568542480469,18500,0.0,0.0
2020-03-24 00:00:00+09:00,274.5044980080712,274.5044980080712,265.47474478412147,272.69854736328125,5200,0.0,0.0
2020-03-25 00:00:00+09:00,279.92228475315176,291.660961210542,279.92228475315176,289.8550109863281,8000,0.0,0.0
2020-03-26 00:00:00+09:00,304.30262946473147,304.30262946473147,282.6312255859375,282.6312255859375,7200,0.0,0.0
2020-03-27 00:00:00+09:00,288.95205965909093,297.9818115234375,286.24313409978697,297.9818115234375,7500,0.0,0.0
2020-03-30 00:00:00+09:00,303.39967943274456,303.39967943274456,288.9520756502329,290.7580261230469,5100,0.0,0.0
2020-03-31 00:00:00+09:00,296.1758845978719,296.1758845978719,290.75803305034987,294.36993408203125,2500,0.0,0.0
2020-04-01 00:00:00+09:00,294.36992235881524,297.0788480246939,294.36992235881524,296.1758728027344,1700,0.0,0.0
2020-04-02 00:00:00+09:00,288.95208543346774,296.17588756930445,276.31043169575355,279.9223327636719,9400,0.0,0.0
2020-04-03 00:00:00+09:00,280.8253034837175,285.3401797455136,273.60150146484375,273.60150146484375,6500,0.0,0.0
2020-04-06 00:00:00+09:00,272.6984896537585,291.66096741113904,272.6984896537585,281.7282409667969,6400,0.0,0.0
2020-04-07 00:00:00+09:00,284.43722275068177,287.1461486816406,281.7282968197229,287.1461486816406,4500,0.0,0.0
2020-04-08 00:00:00+09:00,280.8253008325272,288.0491027832031,280.8253008325272,288.0491027832031,4900,0.0,0.0
2020-04-09 00:00:00+09:00,290.7580686569214,292.5640193939209,288.0491425514221,288.9521179199219,7200,0.0,0.0
2020-04-10 00:00:00+09:00,288.9520916953364,301.5937457070074,288.9520916953364,295.2729187011719,5600,0.0,0.0
2020-04-13 00:00:00+09:00,295.27289758077484,299.7877736905726,292.5639719148962,296.1758728027344,4900,0.0,0.0
2020-04-14 00:00:00+09:00,311.52646794038657,368.4139099121094,311.52646794038657,368.4139099121094,125900,0.0,0.0
2020-04-15 00:00:00+09:00,332.2949099978885,345.8395394814981,325.07110760663005,334.1008605957031,104100,0.0,0.0
2020-04-16 00:00:00+09:00,337.7127453111623,337.7127453111623,321.459190723994,329.5859680175781,17400,0.0,0.0
2020-04-17 00:00:00+09:00,325.97404342822813,325.97404342822813,321.45916748046875,321.45916748046875,5600,0.0,0.0
2020-04-20 00:00:00+09:00,325.0710751756124,325.0710751756124,313.3323974609375,313.3323974609375,8200,0.0,0.0
2020-04-21 00:00:00+09:00,317.84728789747805,353.0633226361191,308.8175354003906,308.8175354003906,35400,0.0,0.0
2020-04-22 00:00:00+09:00,315.1383837926423,315.1383837926423,305.20565536364785,307.9145812988281,5900,0.0,0.0
2020-04-23 00:00:00+09:00,307.0115709991895,313.3323974609375,307.0115709991895,313.3323974609375,4600,0.0,0.0
2020-04-24 00:00:00+09:00,318.75022945680485,318.75022945680485,311.52642822265625,311.52642822265625,1600,0.0,0.0
2020-04-27 00:00:00+09:00,312.4294363992256,312.4294363992256,308.8175354003906,308.8175354003906,3300,0.0,0.0
2020-04-28 00:00:00+09:00,313.33245296316176,318.75030517578125,307.9146007505422,318.75030517578125,7200,0.0,0.0
2020-04-30 00:00:00+09:00,320.5562016676788,328.6829786113664,320.5562016676788,322.3621520996094,7200,0.0,0.0
2020-05-01 00:00:00+09:00,328.6829833984375,328.6829833984375,316.0413301908053,316.9443054199219,5000,0.0,0.0
2020-05-07 00:00:00+09:00,310.62345096982756,316.0413018588362,310.62345096982756,314.2353515625,2600,0.0,0.0
2020-05-08 00:00:00+09:00,314.23537266975865,316.04132308740094,313.3323974609375,313.3323974609375,1800,0.0,0.0
2020-05-11 00:00:00+09:00,312.42942927433893,316.9443054199219,308.8175283578726,316.9443054199219,14700,0.0,0.0
2020-05-12 00:00:00+09:00,319.65323110727167,319.65323110727167,316.9443054199219,316.9443054199219,2500,0.0,0.0
2020-05-13 00:00:00+09:00,314.2353866362236,320.55621337890625,314.2353866362236,320.55621337890625,3200,0.0,0.0
2020-05-14 00:00:00+09:00,316.0413780990912,316.0413780990912,309.7205505371094,309.7205505371094,8000,0.0,0.0
2020-05-15 00:00:00+09:00,310.62346247854947,315.13833838666795,310.62346247854947,312.4294128417969,1600,0.0,0.0
2020-05-18 00:00:00+09:00,305.20563440155564,309.72051065009936,304.3026591518469,308.8175354003906,3300,0.0,0.0
2020-05-19 00:00:00+09:00,313.33238802342055,313.33238802342055,312.4294128417969,312.4294128417969,2200,0.0,0.0
2020-05-20 00:00:00+09:00,315.13836669921875,316.04134196196725,313.3324161737218,315.13836669921875,5600,0.0,0.0
2020-05-21 00:00:00+09:00,316.9442728333554,319.6531982421875,316.04129769707805,319.6531982421875,5300,0.0,0.0
2020-05-22 00:00:00+09:00,321.459231282091,321.459231282091,318.75030517578125,318.75030517578125,3700,0.0,0.0
2020-05-25 00:00:00+09:00,319.6532440581879,367.51093314034597,319.6532440581879,347.6454772949219,143700,0.0,0.0
2020-05-26 00:00:00+09:00,362.0930668757512,362.0930668757512,338.61571091871997,340.4216613769531,31100,0.0,0.0
2020-05-27 00:00:00+09:00,338.61572265625,344.03357421875,337.71274739583333,338.61572265625,7300,0.0,0.0
2020-05-28 00:00:00+09:00,339.5186958208476,341.32464633053297,329.5859680175781,329.5859680175781,17700,0.0,0.0
2020-05-29 00:00:00+09:00,329.58595629284105,333.1978571837215,324.1681049565204,331.39190673828125,12000,0.0,0.0
2020-06-01 00:00:00+09:00,334.1008829001072,351.2574147247073,334.1008829001072,342.2276611328125,18900,0.0,0.0
2020-06-02 00:00:00+09:00,348.54847919120994,348.54847919120994,335.9068245055184,341.3246765136719,18200,0.0,0.0
2020-06-03 00:00:00+09:00,342.22757905658926,344.0335293418483,336.8097282008121,343.13055419921875,10900,0.0,0.0
2020-06-04 00:00:00+09:00,343.1305870643029,344.0335622934195,339.51868614783655,340.4216613769531,4400,0.0,0.0
2020-06-05 00:00:00+09:00,340.421668345534,344.0335693359375,340.421668345534,344.0335693359375,6400,0.0,0.0
2020-06-08 00:00:00+09:00,345.8394969384275,360.28709994368813,344.0335465627699,359.3841247558594,17000,0.0,0.0
2020-06-09 00:00:00+09:00,359.3841388871517,370.2198415671663,359.3841388871517,366.6079406738281,40800,0.0,0.0
2020-06-10 00:00:00+09:00,362.9960397036021,363.8990149267454,347.6454609101662,354.8692626953125,21400,0.0,0.0
2020-06-11 00:00:00+09:00,352.16035362342734,353.9663041548295,345.8395267635197,347.6454772949219,10200,0.0,0.0
2020-06-12 00:00:00+09:00,333.19785032881066,340.4216519619556,333.19785032881066,339.5186767578125,6800,0.0,0.0
2020-06-15 00:00:00+09:00,339.5186958208476,345.8395226047464,329.5859680175781,329.5859680175781,7500,0.0,0.0
2020-06-16 00:00:00+09:00,334.1008580593896,336.8097839355469,334.1008580593896,336.8097839355469,3600,0.0,0.0
2020-06-17 00:00:00+09:00,342.22765184836413,343.1306271830564,338.6157505095951,341.3246765136719,12600,0.0,0.0
2020-06-18 00:00:00+09:00,341.3246698226521,341.3246698226521,334.1008672867229,337.7127685546875,3200,0.0,0.0
2020-06-19 00:00:00+09:00,336.80979984021064,341.3246765136719,335.9068245055184,341.3246765136719,3600,0.0,0.0
2020-06-22 00:00:00+09:00,341.32464359313485,344.0335693359375,336.8097673551304,344.0335693359375,5100,0.0,0.0
2020-06-23 00:00:00+09:00,346.74245476973687,349.45138019762544,343.13055419921875,343.13055419921875,8100,0.0,0.0
2020-06-24 00:00:00+09:00,341.324685773623,343.130636492002,339.51873505524406,342.2276611328125,8000,0.0,0.0
2020-06-25 00:00:00+09:00,342.22759786076574,344.9365234375,342.22759786076574,344.9365234375,4500,0.0,0.0
2020-06-26 00:00:00+09:00,345.83955318713316,348.54847919120994,334.10087383613387,341.3246765136719,15300,0.0,0.0
2020-06-29 00:00:00+09:00,340.4216613769531,345.83951275165265,328.6829833984375,328.6829833984375,10100,0.0,0.0
2020-06-30 00:00:00+09:00,329.58595629284105,335.9067828518818,329.58595629284105,331.39190673828125,4400,0.0,0.0
2020-07-01 00:00:00+09:00,332.29486083984375,336.8097366664721,332.29486083984375,332.29486083984375,2900,0.0,0.0
2020-07-02 00:00:00+09:00,332.2948794752276,334.1008299071582,321.4591768836441,322.3621520996094,6700,0.0,0.0
2020-07-03 00:00:00+09:00,324.16811196098115,326.87703768767454,323.26513671875,323.26513671875,2600,0.0,0.0
2020-07-06 00:00:00+09:00,323.2651738119389,326.8770751953125,321.45922312025203,326.8770751953125,3700,0.0,0.0
2020-07-07 00:00:00+09:00,325.07110595703125,325.07110595703125,323.2651553683811,325.07110595703125,3600,0.0,0.0
2020-07-08 00:00:00+09:00,325.0711152560163,328.68301653663866,325.0711152560163,325.9740905761719,4100,0.0,0.0
2020-07-09 00:00:00+09:00,326.8770658963275,330.48896717694987,325.9740905761719,325.9740905761719,3900,0.0,0.0
2020-07-10 00:00:00+09:00,325.9740795026507,326.8770547921317,316.0413513183594,316.0413513183594,12000,0.0,0.0
2020-07-13 00:00:00+09:00,325.0711152560163,325.9740905761719,321.4592139753939,325.9740905761719,8500,0.0,0.0
2020-07-14 00:00:00+09:00,317.8472852653631,323.26513671875,314.23538429643855,323.26513671875,9700,0.0,0.0
2020-07-15 00:00:00+09:00,324.16810253153994,328.6829786113664,321.4591768836441,322.3621520996094,10100,0.0,0.0
2020-07-16 00:00:00+09:00,322.36217834472654,322.36217834472654,315.1383760288783,316.0413513183594,9700,0.0,0.0
2020-07-17 00:00:00+09:00,308.81751482674247,321.45916748046875,308.81751482674247,321.45916748046875,11100,0.0,0.0
2020-07-20 00:00:00+09:00,315.13833838666795,316.9442887499153,312.4294128417969,312.4294128417969,3900,0.0,0.0
2020-07-21 00:00:00+09:00,314.2353441105332,316.94426949079644,310.6234436035156,310.6234436035156,3300,0.0,0.0
2020-07-22 00:00:00+09:00,315.1383478785798,315.1383478785798,311.5264470432952,313.3323974609375,700,0.0,0.0
2020-07-27 00:00:00+09:00,309.7204966256529,313.3323974609375,308.81752141683177,313.3323974609375,3400,0.0,0.0
2020-07-28 00:00:00+09:00,313.3323753243062,313.3323753243062,302.4966735839844,302.4966735839844,12300,0.0,0.0
2020-07-29 00:00:00+09:00,306.1086002442895,306.1086002442895,296.1758728027344,296.1758728027344,8700,0.0,0.0
2020-07-30 00:00:00+09:00,299.7877856295533,300.69076088747363,293.4669588241109,294.36993408203125,1800,0.0,0.0
2020-07-31 00:00:00+09:00,294.3699788280622,294.3699788280622,280.8253479003906,280.8253479003906,4800,0.0,0.0
2020-08-03 00:00:00+09:00,281.7283204680036,283.5342712402344,280.8253450818882,283.5342712402344,5300,0.0,0.0
2020-08-04 00:00:00+09:00,290.7580261230469,292.5639765958608,286.243149941012,290.7580261230469,2800,0.0,0.0
2020-08-05 00:00:00+09:00,290.7580144434799,292.56396484375,290.7580144434799,292.56396484375,700,0.0,0.0
2020-08-06 00:00:00+09:00,293.4669939491561,309.7205505371094,293.4669939491561,309.7205505371094,5600,0.0,0.0
2020-08-07 00:00:00+09:00,309.72051065009936,309.72051065009936,308.8175354003906,308.8175354003906,1000,0.0,0.0
2020-08-11 00:00:00+09:00,307.0115873173626,307.91456257417843,302.4967110332838,306.1086120605469,3200,0.0,0.0
2020-08-12 00:00:00+09:00,306.1086096512644,308.8175354003906,306.1086096512644,308.8175354003906,700,0.0,0.0
2020-08-13 00:00:00+09:00,308.8175374811346,322.3621663180264,308.8175374811346,317.8472900390625,14200,0.0,0.0
2020-08-14 00:00:00+09:00,317.84728763204225,321.45918862786095,317.84728763204225,320.55621337890625,2500,0.0,0.0
2020-08-17 00:00:00+09:00,323.2651178595725,323.2651178595725,320.55619229091684,321.45916748046875,700,0.0,0.0
2020-08-18 00:00:00+09:00,320.5562277657645,320.5562277657645,316.0413513183594,316.0413513183594,3400,0.0,0.0
2020-08-19 00:00:00+09:00,319.6532381299516,323.26513912577025,314.2353866362236,320.55621337890625,3700,0.0,0.0
2020-08-20 00:00:00+09:00,322.3621638768156,322.3621638768156,316.9443123830876,320.55621337890625,3200,0.0,0.0
2020-08-21 00:00:00+09:00,319.6531982421875,319.6531982421875,319.6531982421875,319.6531982421875,300,0.0,0.0
2020-08-24 00:00:00+09:00,322.36216880120656,322.36216880120656,314.2353914364703,315.13836669921875,2700,0.0,0.0
2020-08-25 00:00:00+09:00,315.1383642716841,319.6532405506481,315.1383642716841,317.8472900390625,500,0.0,0.0
2020-08-26 00:00:00+09:00,317.8472645369081,324.1680908203125,316.94428935356456,324.1680908203125,9800,0.0,0.0
2020-08-27 00:00:00+09:00,324.1680739235743,324.1680739235743,316.9442728333554,319.6531982421875,1000,0.0,0.0
2020-08-28 00:00:00+09:00,319.6532841755378,321.47467041015625,319.6532841755378,321.47467041015625,1600,3.0,0.0
2020-08-31 00:00:00+09:00,317.8318624147227,325.11740653884243,317.8318624147227,323.2960205078125,1900,0.0,0.0
2020-09-01 00:00:00+09:00,323.2960566447747,323.2960566447747,321.47467041015625,321.47467041015625,300,0.0,0.0
2020-09-02 00:00:00+09:00,321.47463274274554,323.2960187639509,318.7425537109375,318.7425537109375,700,0.0,0.0
2020-09-03 00:00:00+09:00,318.7425537109375,319.6532467215402,318.7425537109375,318.7425537109375,1300,0.0,0.0
2020-09-04 00:00:00+09:00,320.5638986361229,322.3852844238281,320.5638986361229,322.3852844238281,400,0.0,0.0
2020-09-07 00:00:00+09:00,325.1174047851563,326.9387908063616,318.7425537109375,318.7425537109375,2500,0.0,0.0
2020-09-08 00:00:00+09:00,316.92116051929486,317.8318535092928,315.0997745392989,316.0104675292969,4200,0.0,0.0
2020-09-09 00:00:00+09:00,316.0104675292969,316.92116051929486,315.0997745392989,316.0104675292969,4700,0.0,0.0
2020-09-10 00:00:00+09:00,317.8318428409066,324.20669355691325,317.8318428409066,319.6532287597656,3400,0.0,0.0
2020-09-11 00:00:00+09:00,319.6532413309271,320.5639343261719,319.6532413309271,320.5639343261719,300,0.0,0.0
2020-09-14 00:00:00+09:00,325.117363105386,325.117363105386,320.5638986361229,322.3852844238281,900,0.0,0.0
2020-09-15 00:00:00+09:00,323.2960566447747,323.2960566447747,321.47467041015625,321.47467041015625,1400,0.0,0.0
2020-09-16 00:00:00+09:00,322.38532749229756,324.2067135233275,322.38532749229756,323.2960205078125,2200,0.0,0.0
2020-09-17 00:00:00+09:00,322.38532749229756,323.2960205078125,322.38532749229756,323.2960205078125,1500,0.0,0.0
2020-09-18 00:00:00+09:00,324.20671522352427,329.67087334526906,324.20671522352427,327.8494873046875,4300,0.0,0.0
2020-09-23 00:00:00+09:00,331.4922735495646,333.31365966796875,327.84950131275616,333.31365966796875,6100,0.0,0.0
2020-09-24 00:00:00+09:00,335.13502049708103,336.95640647804345,331.49224853515625,331.49224853515625,5700,0.0,0.0
2020-09-25 00:00:00+09:00,332.40297770631906,332.40297770631906,329.6708984375,329.6708984375,4300,0.0,0.0
2020-09-28 00:00:00+09:00,328.76012670763924,333.31359106647085,326.0280480923403,330.5815124511719,1600,0.0,0.0
2020-09-29 00:00:00+09:00,326.02809059226905,332.40294152563746,326.02809059226905,331.49224853515625,3300,0.0,0.0
2020-09-30 00:00:00+09:00,334.22434015143403,335.13503317636986,331.4922610766267,332.4029541015625,1300,0.0,0.0
2020-10-02 00:00:00+09:00,333.3136417066694,345.152650838327,332.40294869654184,334.2243347167969,8200,0.0,0.0
2020-10-05 00:00:00+09:00,334.22435029852323,344.2419738769531,334.22435029852323,344.2419738769531,3000,0.0,0.0
2020-10-06 00:00:00+09:00,345.15262779216124,352.43817138671875,345.15262779216124,352.43817138671875,3200,0.0,0.0
2020-10-07 00:00:00+09:00,354.2596277618408,364.2772521972656,353.3489346313476,364.2772521972656,12600,0.0,0.0
2020-10-08 00:00:00+09:00,364.2772001378677,364.2772001378677,355.17027013442095,356.0809631347656,9500,0.0,0.0
2020-10-09 00:00:00+09:00,359.72374942500886,367.009293717161,358.8130563884899,361.5451354980469,10300,0.0,0.0
2020-10-12 00:00:00+09:00,364.27720195115216,365.18789495603005,359.72373692676274,360.6344299316406,10700,0.0,0.0
2020-10-13 00:00:00+09:00,433.4898376464844,433.4898376464844,433.4898376464844,433.4898376464844,17100,0.0,0.0
2020-10-14 00:00:00+09:00,506.3453063964844,506.3453063964844,488.1314464541648,506.3453063964844,238900,0.0,0.0
2020-10-15 00:00:00+09:00,474.4710388183594,482.667275573379,441.6860917982808,474.4710388183594,413800,0.0,0.0
2020-10-16 00:00:00+09:00,456.25719504247337,491.77422220146826,437.1326419568607,438.0433349609375,278100,0.0,0.0
2020-10-19 00:00:00+09:00,430.757710437901,432.5790961057145,412.5438537597656,412.5438537597656,74800,0.0,0.0
2020-10-20 00:00:00+09:00,412.54392736493753,428.0257083035776,407.99046238298456,413.4546203613281,32600,0.0,0.0
2020-10-21 00:00:00+09:00,420.7401226993211,426.2042801369746,413.4545794491164,417.09735107421875,19100,0.0,0.0
2020-10-22 00:00:00+09:00,424.382884250217,472.64960713704426,409.8117980957031,409.8117980957031,148500,0.0,0.0
2020-10-23 00:00:00+09:00,409.8118483065468,419.82947126515126,395.2407603667584,397.97283935546875,36700,0.0,0.0
2020-10-26 00:00:00+09:00,391.5979865745262,406.1690744470667,391.5979865745262,393.41937255859375,33200,0.0,0.0
2020-10-27 00:00:00+09:00,393.41935667273117,407.07975100164543,391.59797076220923,398.8835144042969,14900,0.0,0.0
2020-10-28 00:00:00+09:00,396.15148518419915,406.16910894747775,391.5980198372543,402.5263366699219,9800,0.0,0.0
2020-10-29 00:00:00+09:00,396.15144082165637,398.8835197238747,391.59797598462586,397.0621337890625,10100,0.0,0.0
2020-10-30 00:00:00+09:00,393.4193406438253,397.97280523461035,373.38409644437127,377.93756103515625,16600,0.0,0.0
2020-11-02 00:00:00+09:00,374.2948340991936,377.02691318020965,364.2772108021349,367.91998291015625,23100,0.0,0.0
2020-11-04 00:00:00+09:00,375.20551968077154,380.669677734375,366.0985895914324,380.669677734375,6500,0.0,0.0
2020-11-05 00:00:00+09:00,376.11621268970543,383.4017567611767,376.11621268970543,380.669677734375,4000,0.0,0.0
2020-11-06 00:00:00+09:00,382.49107792692365,390.687315311072,382.49107792692365,386.13385009765625,5800,0.0,0.0
2020-11-09 00:00:00+09:00,400.7049629435313,407.9905077243228,395.2408043579377,403.4370422363281,18600,0.0,0.0
2020-11-10 00:00:00+09:00,416.1867221930088,447.15028576973157,410.7225639147636,426.204345703125,45200,0.0,0.0
2020-11-11 00:00:00+09:00,428.02571720768367,447.15027052972914,426.2043311770127,436.2219543457031,38800,0.0,0.0
2020-11-12 00:00:00+09:00,443.50749846838715,449.8823495757356,433.4898752996967,436.2219543457031,23100,0.0,0.0
2020-11-13 00:00:00+09:00,433.48988452667885,433.48988452667885,425.29364721419967,428.0257263183594,7800,0.0,0.0
2020-11-16 00:00:00+09:00,420.7402011533327,432.57921114249575,420.7402011533327,431.66851806640625,16100,0.0,0.0
2020-11-17 00:00:00+09:00,434.4005758962324,438.04334802114835,421.6508734590264,423.4722595214844,21900,0.0,0.0
2020-11-18 00:00:00+09:00,419.82947140185445,443.5074893117204,419.82947140185445,428.9364013671875,16700,0.0,0.0
2020-11-19 00:00:00+09:00,428.93640492016954,439.8647209690911,428.93640492016954,438.0433349609375,12700,0.0,0.0
2020-11-20 00:00:00+09:00,439.8646862182617,455.3464660644531,439.8646862182617,455.3464660644531,34200,0.0,0.0
2020-11-24 00:00:00+09:00,455.34647510038405,489.0421142578125,451.703703299581,489.0421142578125,89800,0.0,0.0
2020-11-25 00:00:00+09:00,488.1314334100588,513.6308366478977,462.6320301722199,474.4710388183594,140500,0.0,0.0
2020-11-26 00:00:00+09:00,474.47107480440525,480.8459260973627,462.6320652603414,472.6496887207031,29400,0.0,0.0
2020-11-27 00:00:00+09:00,479.93520936929406,486.3100603476338,464.45342842189746,475.3817443847656,41800,0.0,0.0
2020-11-30 00:00:00+09:00,487.2206864698159,566.4509663256551,479.9351434945663,547.326416015625,609700,0.0,0.0
2020-12-01 00:00:00+09:00,551.8799923731276,614.7178132868995,514.5415770475529,550.9692993164062,457900,0.0,0.0
2020-12-02 00:00:00+09:00,536.3981490071615,567.361709391276,524.5591406249999,546.415771484375,131900,0.0,0.0
2020-12-03 00:00:00+09:00,546.4158231988916,588.3077029774732,533.6661206575841,554.612060546875,253600,0.0,0.0
2020-12-04 00:00:00+09:00,560.9868520971035,591.95041211545,555.5226944468069,585.5755615234375,213300,0.0,0.0
2020-12-07 00:00:00+09:00,591.9504074823288,601.0573368282109,494.5062634813916,497.23834228515625,297900,0.0,0.0
2020-12-08 00:00:00+09:00,484.4886810148345,540.0409545898438,469.00689985458604,540.0409545898438,153700,0.0,0.0
2020-12-09 00:00:00+09:00,532.7553731627384,560.0761615300582,510.8987424688824,537.308837890625,108200,0.0,0.0
2020-12-10 00:00:00+09:00,528.2019717510584,532.7554370247743,509.9881106561943,510.8988037109375,55700,0.0,0.0
2020-12-11 00:00:00+09:00,515.4522363676441,516.3629293647601,502.7025344080204,506.3453063964844,28100,0.0,0.0
2020-12-14 00:00:00+09:00,509.0773902520901,597.4146118164062,506.345311234637,597.4146118164062,511900,0.0,0.0
2020-12-15 00:00:00+09:00,579.2006718835165,632.9315518223962,573.7365146015966,626.5567016601562,452700,0.0,0.0
2020-12-16 00:00:00+09:00,611.9857201986755,620.181957522765,545.5051285699503,550.05859375,295200,0.0,0.0
2020-12-17 00:00:00+09:00,553.7013211382114,569.1831014989837,538.219540777439,560.076171875,115000,0.0,0.0
2020-12-18 00:00:00+09:00,555.5227357500922,563.7189728349297,531.8447175050063,540.0409545898438,69800,0.0,0.0
2020-12-21 00:00:00+09:00,544.5944106396647,549.1478756115682,532.7554017127154,548.2371826171875,39200,0.0,0.0
2020-12-22 00:00:00+09:00,541.8623090060252,542.7730019623378,479.0244950204525,482.6672668457031,97500,0.0,0.0
2020-12-23 00:00:00+09:00,484.4886560968869,503.61320831123777,460.8106390695955,476.29241943359375,73200,0.0,0.0
2020-12-24 00:00:00+09:00,485.39937785051876,527.2912566143534,485.39937785051876,502.7025451660156,96800,0.0,0.0
2020-12-25 00:00:00+09:00,503.6132395674543,527.2912580642966,503.6132395674543,522.73779296875,53100,0.0,0.0
2020-12-28 00:00:00+09:00,525.4698705811431,525.4698705811431,499.05977309959525,502.7025451660156,27900,0.0,0.0
2020-12-29 00:00:00+09:00,497.2384572882401,537.3089556777686,491.7742984169408,519.0950927734375,67700,0.0,0.0
2020-12-30 00:00:00+09:00,520.0058140110325,540.9517574825802,520.0058140110325,539.13037109375,43900,0.0,0.0
2021-01-04 00:00:00+09:00,531.8447626382625,539.1303073319373,504.5239700369819,530.0233764648438,56600,0.0,0.0
2021-01-05 00:00:00+09:00,516.3629040527344,549.1478503417968,516.3629040527344,546.415771484375,72000,0.0,0.0
2021-01-06 00:00:00+09:00,548.2372499797523,582.8435880183413,546.415863767195,571.0045776367188,136400,0.0,0.0
2021-01-07 00:00:00+09:00,571.9151102701823,590.1289672851562,557.3440246582031,568.2723388671875,85300,0.0,0.0
2021-01-08 00:00:00+09:00,571.0044301757812,577.3792802734375,559.1654228515624,569.1830444335938,80400,0.0,0.0
2021-01-12 00:00:00+09:00,660.2525024414062,660.2525024414062,660.2525024414062,660.2525024414062,25000,0.0,0.0
2021-01-13 00:00:00+09:00,796.8563232421875,796.8563232421875,796.8563232421875,796.8563232421875,48600,0.0,0.0
2021-01-14 00:00:00+09:00,1001.7623510116185,1047.2970033303284,846.9445331280048,852.40869140625,5065700,0.0,0.0
2021-01-15 00:00:00+09:00,965.3345431273697,974.4414727795147,863.3369310233458,930.7282104492188,1903600,0.0,0.0
2021-01-18 00:00:00+09:00,876.0866697993144,926.174785016531,854.2300377045291,907.0502319335938,1174900,0.0,0.0
2021-01-19 00:00:00+09:00,928.906867632098,982.6377550735625,887.9256822953879,916.1571655273438,1264600,0.0,0.0
2021-01-20 00:00:00+09:00,889.7471811214839,931.6390647771526,874.2653980313455,893.3899536132812,965200,0.0,0.0
2021-01-21 00:00:00+09:00,907.050220669595,907.050220669595,825.9985443246211,848.765869140625,727500,0.0,0.0
2021-01-22 00:00:00+09:00,887.9256512655022,927.08544921875,873.3545636549914,927.08544921875,958700,0.0,0.0
2021-01-25 00:00:00+09:00,901.5859919621395,904.3180707256611,870.6224326422276,887.9255981445312,375800,0.0,0.0
2021-01-26 00:00:00+09:00,897.9432702442956,897.9432702442956,854.2300075954861,860.6048583984375,188800,0.0,0.0
2021-01-27 00:00:00+09:00,872.44386986213,901.5860450558546,864.247633088895,896.1218872070312,171900,0.0,0.0
2021-01-28 00:00:00+09:00,857.8728978719116,899.7647803582258,857.8728978719116,891.5685424804688,96800,0.0,0.0
2021-01-29 00:00:00+09:00,884.282862711761,895.2111782138631,846.9444514129121,859.6941528320312,90500,0.0,0.0
2021-02-01 00:00:00+09:00,846.9445436204622,886.1043450996879,834.1948408132724,884.282958984375,83900,0.0,0.0
2021-02-02 00:00:00+09:00,892.4791059102097,935.2816752752913,884.2828692232792,930.7282104492188,225900,0.0,0.0
2021-02-03 00:00:00+09:00,903.4073867797852,951.6741120815277,902.4966938495636,932.549560546875,196100,0.0,0.0
2021-02-04 00:00:00+09:00,917.9785314879441,940.7458561776252,888.8363558851522,897.0325927734375,156700,0.0,0.0
2021-02-05 00:00:00+09:00,918.889317111794,1001.762387336941,916.1572378736023,992.6554565429688,382400,0.0,0.0
2021-02-08 00:00:00+09:00,974.4414707060057,1000.8515666410283,903.4074195704277,926.1747436523438,284000,0.0,0.0
2021-02-09 00:00:00+09:00,922.5320130007334,922.5320130007334,897.0326088901505,907.0502319335938,131900,0.0,0.0
2021-02-10 00:00:00+09:00,920.7105851766029,952.5848388671875,919.7998922140147,952.5848388671875,107700,0.0,0.0
2021-02-12 00:00:00+09:00,950.7633761068931,972.6200054426838,911.6035818802683,968.9772338867188,134600,0.0,0.0
2021-02-15 00:00:00+09:00,973.5308500691915,1122.8845071424819,964.4239197598445,1015.4227294921875,720100,0.0,0.0
2021-02-16 00:00:00+09:00,1070.0643645304733,1147.4732760071458,1051.8505030065503,1099.20654296875,693500,0.0,0.0
2021-02-17 00:00:00+09:00,1090.0996247910962,1110.1348726987019,1047.2970497157567,1060.0467529296875,277300,0.0,0.0
2021-02-18 00:00:00+09:00,1056.4037512298812,1072.7962232317243,966.2451552197449,968.9772338867188,314200,0.0,0.0
2021-02-19 00:00:00+09:00,952.5848050117493,983.5483646392822,915.2463948726654,932.549560546875,190800,0.0,0.0
2021-02-22 00:00:00+09:00,952.5848050117493,978.9948999881744,927.0854029655457,932.549560546875,111400,0.0,0.0
2021-02-24 00:00:00+09:00,922.5319444031275,934.3709525741449,866.9796752929688,866.9796752929688,178700,0.0,0.0
2021-02-25 00:00:00+09:00,901.0330204631928,931.4049200293679,878.0240056403329,886.3072509765625,90100,10.0,0.0
2021-02-26 00:00:00+09:00,863.2982329350368,886.3072476721114,833.8466940715814,866.9796752929688,119300,0.0,0.0
2021-03-01 00:00:00+09:00,864.2186371793451,892.7498168945312,842.1299819159753,892.7498168945312,107500,0.0,0.0
2021-03-02 00:00:00+09:00,892.7498769006438,906.5552873681795,858.6965310807224,873.4223022460938,88600,0.0,0.0
2021-03-03 00:00:00+09:00,887.2276435827677,887.2276435827677,851.3335791639627,864.2186279296875,66100,0.0,0.0
2021-03-04 00:00:00+09:00,863.2982375181438,863.2982375181438,808.0766018560023,842.1299438476562,99800,0.0,0.0
2021-03-05 00:00:00+09:00,832.9263685872037,841.209614241662,802.5544678541896,834.76708984375,95900,0.0,0.0
2021-03-08 00:00:00+09:00,855.0149728804498,855.0149728804498,819.1209105097957,833.8466796875,60100,0.0,0.0
2021-03-09 00:00:00+09:00,834.7671001707396,866.0593619191466,821.8820512155131,848.572509765625,91500,0.0,0.0
2021-03-10 00:00:00+09:00,860.537184470611,900.1126913500082,860.537184470611,878.9443969726562,103600,0.0,0.0
2021-03-11 00:00:00+09:00,878.9444584295757,946.1307887597945,878.9444584295757,932.3253784179688,80600,0.0,0.0
2021-03-12 00:00:00+09:00,938.7678521894759,946.1307373046875,909.3163117286296,946.1307373046875,77800,0.0,0.0
2021-03-15 00:00:00+09:00,964.5380297082615,964.5380297082615,924.0421582319605,935.0864868164062,64500,0.0,0.0
2021-03-16 00:00:00+09:00,935.0863903985507,952.5732421875,931.4049479166667,952.5732421875,46600,0.0,0.0
2021-03-17 00:00:00+09:00,946.1307071461397,949.812149586397,934.1660192153033,938.767822265625,21000,0.0,0.0
2021-03-18 00:00:00+09:00,947.0511309269182,977.4230330849243,931.4049995121877,958.095458984375,69900,0.0,0.0
2021-03-19 00:00:00+09:00,957.1750592417061,974.661911285545,938.767846563981,970.98046875,36600,0.0,0.0
2021-03-22 00:00:00+09:00,978.3433492635472,993.9894799667272,955.3343335235767,981.1044311523438,52800,0.0,0.0
2021-03-23 00:00:00+09:00,1001.3524685123574,1032.6447331533686,968.219482421875,968.219482421875,106500,0.0,0.0
2021-03-24 00:00:00+09:00,940.6085541213769,961.7768483922101,911.1570142663044,952.5732421875,102500,0.0,0.0
2021-03-25 00:00:00+09:00,947.0511341569072,973.7415937201242,920.3606745936902,962.697265625,49400,0.0,0.0
2021-03-26 00:00:00+09:00,975.5823229946466,1006.8745861850409,973.7416016305058,991.2284545898438,62700,0.0,0.0
2021-03-29 00:00:00+09:00,1007.7948188781738,1038.1667175292969,982.9450836181641,986.6265258789062,81200,0.0,0.0
2021-03-30 00:00:00+09:00,986.626591557481,1099.8309486111846,986.626591557481,1088.78662109375,171600,0.0,0.0
2021-03-31 00:00:00+09:00,1069.459119251335,1146.7694170285401,1045.5297413679145,1087.8663330078125,261200,0.0,0.0
2021-04-01 00:00:00+09:00,1086.9458313779576,1087.86619194644,1039.0870818168619,1064.857177734375,114000,0.0,0.0
2021-04-02 00:00:00+09:00,1076.8218467289928,1135.7249221056213,1076.8218467289928,1130.2027587890625,146100,0.0,0.0
2021-04-05 00:00:00+09:00,1132.0435452990191,1140.3267907524266,1098.9105634853893,1120.078857421875,96700,0.0,0.0
2021-04-06 00:00:00+09:00,1141.2472586325264,1159.6544724814382,1083.2645350084545,1131.123291015625,192400,0.0,0.0
2021-04-07 00:00:00+09:00,1127.4417552178215,1239.7257504313516,1110.8752641207434,1231.4425048828125,238700,0.0,0.0
2021-04-08 00:00:00+09:00,1225.0000798188075,1225.0000798188075,1143.0879783132675,1199.22998046875,254100,0.0,0.0
2021-04-09 00:00:00+09:00,1189.1059159342449,1190.026276550293,1103.5123786417644,1104.4327392578125,269900,0.0,0.0
2021-04-12 00:00:00+09:00,1076.8220436001332,1082.3442079262877,1016.9985967334591,1036.326171875,300500,0.0,0.0
2021-04-13 00:00:00+09:00,984.7859065958268,1028.9632182935836,959.0158081054688,959.0158081054688,310800,0.0,0.0
2021-04-14 00:00:00+09:00,957.1750444145457,1014.2374028315667,952.5732413163988,967.2990112304688,239400,0.0,0.0
2021-04-15 00:00:00+09:00,949.8121647834778,958.0954104065895,930.4845916628838,942.4492797851562,128300,0.0,0.0
2021-04-16 00:00:00+09:00,942.4492959486166,959.9361481195382,923.1217224965454,931.4049682617188,118700,0.0,0.0
2021-04-19 00:00:00+09:00,931.4049373851103,952.57323141659,907.4755615234375,938.767822265625,174500,0.0,0.0
2021-04-20 00:00:00+09:00,929.5642266757246,965.4582908740942,920.3606204710145,952.5732421875,102600,0.0,0.0
2021-04-21 00:00:00+09:00,929.5641826923077,942.4492307692308,880.7850721153847,897.3515625,166500,0.0,0.0
2021-04-22 00:00:00+09:00,911.1570501708984,929.5642633056641,903.7941649169923,920.3606567382812,66100,0.0,0.0
2021-04-23 00:00:00+09:00,896.431201923077,925.8827403846154,893.6701201923076,897.3515625,66600,0.0,0.0
2021-04-26 00:00:00+09:00,900.1126672601652,904.7144702625177,885.3868976526369,895.5108642578125,50500,0.0,0.0
2021-04-27 00:00:00+09:00,895.5109131119931,898.2719950640342,862.3779296875,862.3779296875,70500,0.0,0.0
2021-04-28 00:00:00+09:00,860.537161991514,910.236634448778,860.537161991514,880.7850952148438,71200,0.0,0.0
2021-04-30 00:00:00+09:00,892.7497638428764,906.5551725620962,864.2185858231556,872.5018310546875,51600,0.0,0.0
2021-05-06 00:00:00+09:00,886.3072395166421,900.1126482318546,874.3425519634578,887.2276000976562,38300,0.0,0.0
2021-05-07 00:00:00+09:00,892.7498069642082,938.7678382510231,889.0683644612631,927.7235107421875,79900,0.0,0.0
2021-05-10 00:00:00+09:00,927.7235107421875,936.0067563738143,918.5199044848246,927.7235107421875,45300,0.0,0.0
2021-05-11 00:00:00+09:00,936.927115349028,936.927115349028,887.2276416468203,893.670166015625,83600,0.0,0.0
2021-05-12 00:00:00+09:00,899.1923197644822,900.112680378366,856.855731525827,865.1389770507812,87900,0.0,0.0
2021-05-13 00:00:00+09:00,837.5281522988752,867.900052327296,834.7670704781096,841.2095947265625,63900,0.0,0.0
2021-05-14 00:00:00+09:00,845.8114041592213,873.4222225757355,845.8114041592213,865.1389770507812,39200,0.0,0.0
2021-05-17 00:00:00+09:00,865.1389587068818,874.3425646505721,832.0059773095969,842.1299438476562,48800,0.0,0.0
2021-05-18 00:00:00+09:00,846.7317383837225,878.9443588657119,846.7317383837225,877.1036376953125,24800,0.0,0.0
2021-05-19 00:00:00+09:00,877.1036686327092,892.7497991329778,866.0593412207548,869.7407836914062,25200,0.0,0.0
2021-05-20 00:00:00+09:00,866.9797257403937,910.2366759631099,865.1390044543208,901.9534301757812,48200,0.0,0.0
2021-05-21 00:00:00+09:00,911.1569634472149,911.1569634472149,881.7054252347798,888.14794921875,31900,0.0,0.0
2021-05-24 00:00:00+09:00,901.9533801821608,916.6791496545227,889.0683318938443,915.7587890625,39700,0.0,0.0
2021-05-25 00:00:00+09:00,912.9977498646535,959.0157816118639,910.2366679598209,956.2546997070312,163900,0.0,0.0
2021-05-26 00:00:00+09:00,956.2546846693841,961.7768483922101,934.1660297780797,952.5732421875,68300,0.0,0.0
2021-05-27 00:00:00+09:00,952.5732740244472,979.2637329101564,946.1307494658278,979.2637329101562,53000,0.0,0.0
2021-05-28 00:00:00+09:00,982.0248932929093,983.8656147423806,960.85659662399,968.219482421875,56500,0.0,0.0
2021-05-31 00:00:00+09:00,968.2193674780779,982.9451373256531,958.0954007078698,977.4229736328125,33300,0.0,0.0
2021-06-01 00:00:00+09:00,977.4230116076936,986.6266181200072,965.458323141686,979.2637329101562,42000,0.0,0.0
2021-06-02 00:00:00+09:00,979.2637544278338,992.1488038282,951.6529342841918,958.095458984375,63400,0.0,0.0
2021-06-03 00:00:00+09:00,972.821270520174,1017.9189453125,954.4140563192246,1017.9189453125,124100,0.0,0.0
2021-06-04 00:00:00+09:00,1028.9632973048997,1048.2908726567807,995.8303109873896,1016.0782470703125,107700,0.0,0.0
2021-06-07 00:00:00+09:00,1016.9983937618506,1019.7594753738738,997.6708224776887,1008.7151489257812,42600,0.0,0.0
2021-06-08 00:00:00+09:00,1003.1929896161515,1016.078037189203,987.5468604203032,1013.3169555664062,59600,0.0,0.0
2021-06-09 00:00:00+09:00,1017.9189295032088,1018.8392901989621,991.2284693263615,994.909912109375,34400,0.0,0.0
2021-06-10 00:00:00+09:00,1003.1931383469525,1006.8745810564826,982.945203444537,1001.3524169921875,43400,0.0,0.0
2021-06-11 00:00:00+09:00,1010.5559456117691,1049.2110910723286,1003.1930607621388,1027.1224365234375,91500,0.0,0.0
2021-06-14 00:00:00+09:00,1052.892555116983,1065.7776038684146,1043.6889488659604,1054.7332763671875,75700,0.0,0.0
2021-06-15 00:00:00+09:00,1060.255374891962,1064.857177734375,1046.4499663647227,1064.857177734375,53200,0.0,0.0
2021-06-16 00:00:00+09:00,1064.8572996002144,1098.91064453125,1055.653692862097,1098.91064453125,88800,0.0,0.0
2021-06-17 00:00:00+09:00,1101.6718624825357,1129.282686103652,1091.5478938214596,1121.9197998046875,119500,0.0,0.0
2021-06-18 00:00:00+09:00,1131.1230551509534,1149.5302651615466,1076.8217856197034,1086.025390625,122900,0.0,0.0
2021-06-21 00:00:00+09:00,1041.8481136878615,1051.051718932454,992.1486453670624,1034.4852294921875,105000,0.0,0.0
2021-06-22 00:00:00+09:00,1052.8925945160665,1060.2554797924029,1021.600332091638,1041.8482666015625,88400,0.0,0.0
2021-06-23 00:00:00+09:00,1051.0518358323047,1053.8129177127748,1003.1930832374887,1025.28173828125,59500,0.0,0.0
2021-06-24 00:00:00+09:00,1021.6002004347964,1025.2816425985254,979.263615551913,1013.3169555664062,81400,0.0,0.0
2021-06-25 00:00:00+09:00,1012.396931198408,1075.9018296099446,1012.396931198408,1073.1407470703125,94700,0.0,0.0
2021-06-28 00:00:00+09:00,1094.308894601229,1155.9730627579006,1074.0609587885906,1143.0880126953125,212600,0.0,0.0
2021-06-29 00:00:00+09:00,1131.1232219248166,1155.0525984667574,1120.9992549263031,1136.6453857421875,91100,0.0,0.0
2021-06-30 00:00:00+09:00,1141.2471513583607,1141.2471513583607,1111.7956119684675,1120.078857421875,75600,0.0,0.0
2021-07-01 00:00:00+09:00,1129.2825467670382,1129.2825467670382,1038.1668400596734,1098.91064453125,95900,0.0,0.0
2021-07-02 00:00:00+09:00,1090.627381885225,1097.9902671637751,1060.2554801112062,1075.901611328125,34600,0.0,0.0
2021-07-05 00:00:00+09:00,1080.503365074904,1148.6100507780923,1080.503365074904,1138.486083984375,120800,0.0,0.0
2021-07-06 00:00:00+09:00,1138.4860893312564,1182.6633991840458,1105.3531069416645,1113.6363525390625,164100,0.0,0.0
2021-07-07 00:00:00+09:00,1118.238144878563,1118.238144878563,1071.2997536120554,1099.8309326171875,62700,0.0,0.0
2021-07-08 00:00:00+09:00,1086.0254949771818,1086.0254949771818,1011.4762872711209,1033.56494140625,206900,0.0,0.0
2021-07-09 00:00:00+09:00,1017.9188959285382,1057.494404540588,1012.3967319361591,1051.0518798828125,117600,0.0,0.0
2021-07-12 00:00:00+09:00,1161.495220828366,1178.061713676948,1082.344199440696,1133.8843994140625,503200,0.0,0.0
2021-07-13 00:00:00+09:00,1086.0255176712922,1109.0345328761925,1058.414699425412,1061.17578125,286300,0.0,0.0
2021-07-14 00:00:00+09:00,1051.051915662042,1067.618408203125,1031.7243410307785,1067.618408203125,143200,0.0,0.0
2021-07-15 00:00:00+09:00,1072.22032352916,1085.1053746273644,1046.450221332751,1049.2113037109375,100900,0.0,0.0
2021-07-16 00:00:00+09:00,1036.3259174817504,1055.6534878788345,1022.5205100552616,1051.9720458984375,53600,0.0,0.0
2021-07-19 00:00:00+09:00,1024.3613938125638,1031.7242789432921,991.2284107242868,1014.2374267578125,74000,0.0,0.0
2021-07-20 00:00:00+09:00,986.6266090119797,1009.6356250803561,950.7325439453125,950.7325439453125,130500,0.0,0.0
2021-07-21 00:00:00+09:00,986.626529792165,986.626529792165,945.2103041945462,961.7767944335938,52300,0.0,0.0
2021-07-26 00:00:00+09:00,982.0247681114506,998.5912590449146,976.5026044669626,997.6708984375,49400,0.0,0.0
2021-07-27 00:00:00+09:00,998.59133496004,1011.4763844433952,988.4673675088321,1001.3524169921875,40300,0.0,0.0
2021-07-28 00:00:00+09:00,993.0691040958612,993.0691040958612,967.2990068626044,977.4229736328125,33500,0.0,0.0
2021-07-29 00:00:00+09:00,980.1840511439342,995.8301815377811,971.9008056413095,987.5469360351562,18800,0.0,0.0
2021-07-30 00:00:00+09:00,987.547057641323,987.547057641323,961.7769573487255,968.219482421875,22200,0.0,0.0
2021-08-02 00:00:00+09:00,968.2193902933373,981.1044392135908,952.5732594616007,975.582275390625,34000,0.0,0.0
2021-08-03 00:00:00+09:00,970.0600939764493,980.1840608016305,949.812160326087,952.5732421875,28900,0.0,0.0
2021-08-04 00:00:00+09:00,949.8122335757272,952.5733156500753,912.0774452263039,917.599609375,81500,0.0,0.0
2021-08-05 00:00:00+09:00,912.0773086778347,940.608485841319,911.1569481241739,913.9180297851562,33200,0.0,0.0
2021-08-06 00:00:00+09:00,915.7588860077777,936.0068211757889,912.0774432499576,932.3253784179688,34700,0.0,0.0
2021-08-10 00:00:00+09:00,923.1216883466749,943.369621690271,922.2013277401478,934.166015625,26200,0.0,0.0
2021-08-11 00:00:00+09:00,938.7678180032281,961.776833150366,924.9624089149453,948.8917846679688,46000,0.0,0.0
2021-08-12 00:00:00+09:00,959.9361003313878,959.9361003313878,943.3696096257646,949.8121337890625,25800,0.0,0.0
2021-08-13 00:00:00+09:00,957.1751084856477,957.1751084856477,926.8032060048531,937.8475341796875,21900,0.0,0.0
2021-08-16 00:00:00+09:00,924.962417405944,928.6438598632812,917.5995324912699,928.6438598632812,48700,0.0,0.0
2021-08-17 00:00:00+09:00,922.2013913035272,923.1217519734907,901.953456564328,904.7145385742188,50400,0.0,0.0
2021-08-18 00:00:00+09:00,895.5109237501184,914.8384976440059,875.2629891946173,910.2366943359375,52800,0.0,0.0
2021-08-19 00:00:00+09:00,901.0330048076924,929.5641826923077,893.6701201923076,897.3515625,29800,0.0,0.0
2021-08-20 00:00:00+09:00,883.5461696475713,908.3959056689092,871.5814819335938,871.5814819335938,50300,0.0,0.0
2021-08-23 00:00:00+09:00,874.342478475263,912.9976196289062,874.342478475263,912.9976196289062,36700,0.0,0.0
2021-08-24 00:00:00+09:00,912.9977145522389,927.7234841417911,909.3162721548508,924.96240234375,32600,0.0,0.0
2021-08-25 00:00:00+09:00,923.1216316375125,933.2455976873755,910.2365839376868,924.0419921875,29800,0.0,0.0
2021-08-26 00:00:00+09:00,928.6438642666192,928.6438642666192,918.5198974609375,918.5198974609375,14400,0.0,0.0
2021-08-27 00:00:00+09:00,918.5199469489021,923.1217502903295,906.5552582611909,919.4403076171875,17400,0.0,0.0
2021-08-30 00:00:00+09:00,946.8157810931696,991.1830210845743,943.039845774752,984.5751342773438,64200,25.0,0.0
2021-08-31 00:00:00+09:00,984.5751017290739,1013.8385994794107,978.9111989386861,1007.230712890625,44500,0.0,0.0
2021-09-01 00:00:00+09:00,1012.8945552119502,1024.2223601164642,1005.3426852756077,1019.50244140625,55400,0.0,0.0
2021-09-02 00:00:00+09:00,1023.2783946955315,1023.2783946955315,1000.6227844808703,1010.0626220703125,43800,0.0,0.0
2021-09-03 00:00:00+09:00,1008.1746013849432,1041.2140312056108,1005.3426502574574,1038.382080078125,93800,0.0,0.0
2021-09-06 00:00:00+09:00,1038.3821828741775,1042.1581180846292,985.5190899278558,986.4630737304688,177900,0.0,0.0
2021-09-07 00:00:00+09:00,978.9112963307552,995.9030063924271,974.1913768691799,988.3511352539062,62900,0.0,0.0
2021-09-08 00:00:00+09:00,988.351125506847,1004.3988515179419,986.4631577408359,993.071044921875,32800,0.0,0.0
2021-09-09 00:00:00+09:00,985.5190899278558,1008.1747011905652,974.1912842965012,986.4630737304688,58900,0.0,0.0
2021-09-10 00:00:00+09:00,986.4631828610918,991.1831023963123,971.3594403483861,975.1353759765625,38200,0.0,0.0
2021-09-13 00:00:00+09:00,962.8635625114218,968.5274658203125,929.8241265428926,968.5274658203125,61100,0.0,0.0
2021-09-14 00:00:00+09:00,972.3033259465144,1001.5668241060697,972.3033259465144,981.7431640625,52000,0.0,0.0
2021-09-15 00:00:00+09:00,978.9112508138021,984.5751539043353,951.5357192095589,962.863525390625,41600,0.0,0.0
2021-09-16 00:00:00+09:00,962.8635165927647,963.8075004325615,930.7680660396725,943.0398559570312,47700,0.0,0.0
2021-09-17 00:00:00+09:00,928.880052334477,954.3676147460938,915.6642792321572,954.3676147460938,70100,0.0,0.0
2021-09-21 00:00:00+09:00,911.8883048955191,925.1040774302368,898.6725323608015,899.6165161132812,90800,0.0,0.0
2021-09-22 00:00:00+09:00,897.7285557107957,898.6725394707439,849.5853839534344,858.0812377929688,120600,0.0,0.0
2021-09-24 00:00:00+09:00,880.7368821965465,904.336477110709,873.1850118240144,884.5128173828125,75200,0.0,0.0
2021-09-27 00:00:00+09:00,885.4569276004999,904.3366062273761,885.4569276004999,888.2888793945312,28900,0.0,0.0
2021-09-28 00:00:00+09:00,883.5688712827621,896.7846449985299,873.1850490775159,877.9049682617188,21600,0.0,0.0
2021-09-29 00:00:00+09:00,854.3053587537446,873.1850351902914,854.3053587537446,866.5771484375,25400,0.0,0.0
2021-09-30 00:00:00+09:00,865.6331882811429,867.5211559764125,850.5294467189856,860.9132690429688,31600,0.0,0.0
2021-10-01 00:00:00+09:00,855.2493575319886,858.0813090469952,825.9858585435873,828.8178100585938,56000,0.0,0.0
2021-10-04 00:00:00+09:00,845.8094658430233,845.8094658430233,806.1621471316316,811.8260498046875,61100,0.0,0.0
2021-10-05 00:00:00+09:00,798.610336461018,842.0335935262743,775.0107402299004,824.097900390625,75000,0.0,0.0
2021-10-06 00:00:00+09:00,849.5853724888393,862.8011449497768,815.6019575892858,825.9857788085938,73300,0.0,0.0
2021-10-07 00:00:00+09:00,830.7057449117688,861.8572103459601,821.2659069014078,839.2015991210938,45000,0.0,0.0
2021-10-08 00:00:00+09:00,842.033619773781,868.4651683765453,842.033619773781,859.0253295898438,39600,0.0,0.0
2021-10-11 00:00:00+09:00,864.6892407147892,878.8489990234375,846.7535468571681,878.8489990234375,33100,0.0,0.0
2021-10-12 00:00:00+09:00,878.8489971101097,920.3842880583856,842.9776094729624,903.392578125,146000,0.0,0.0
2021-10-13 00:00:00+09:00,842.0335692010532,934.5439837545322,831.6497471593361,854.3053588867188,253900,0.0,0.0
2021-10-14 00:00:00+09:00,854.3053888391565,869.4091305202908,815.60205078125,815.60205078125,98200,0.0,0.0
2021-10-15 00:00:00+09:00,829.7617611107327,846.7534695293825,810.8820850900107,839.2015991210938,49400,0.0,0.0
2021-10-18 00:00:00+09:00,847.6973985873317,881.680813230031,847.6973985873317,867.5210571289062,41900,0.0,0.0
2021-10-19 00:00:00+09:00,863.7452201224662,886.4008324535473,849.5854624155405,873.18505859375,69300,0.0,0.0
2021-10-20 00:00:00+09:00,873.1850353262042,873.1850353262042,850.5294235988217,854.3053588867188,30400,0.0,0.0
2021-10-21 00:00:00+09:00,861.8572440441744,861.8572440441744,838.2576480955387,841.089599609375,31300,0.0,0.0
2021-10-22 00:00:00+09:00,843.9215511232113,847.697486474993,831.6497612299207,841.089599609375,14300,0.0,0.0
2021-10-25 00:00:00+09:00,841.0896376527812,841.0896376527812,828.8178472044242,834.4817504882812,15100,0.0,0.0
2021-10-26 00:00:00+09:00,832.5936762743657,859.0252215529171,832.5936762743657,858.0812377929688,17600,0.0,0.0
2021-10-27 00:00:00+09:00,849.5854774933881,862.8012515877297,846.7535259017435,847.697509765625,7200,0.0,0.0
2021-10-28 00:00:00+09:00,847.6974721328988,860.9132456405387,830.7057633373619,854.3053588867188,29600,0.0,0.0
2021-10-29 00:00:00+09:00,859.969295424903,859.969295424903,838.2576666710361,843.9215698242188,18500,0.0,0.0
2021-11-01 00:00:00+09:00,838.2576437803918,846.753498278166,805.2182096223809,825.0418701171875,37300,0.0,0.0
2021-11-02 00:00:00+09:00,818.4339456123218,825.0418321397569,807.1061401367188,807.1061401367188,22200,0.0,0.0
2021-11-04 00:00:00+09:00,822.2098856205436,822.2098856205436,794.8343555596988,810.882080078125,32700,0.0,0.0
2021-11-05 00:00:00+09:00,805.218196010702,810.8820989134737,800.4982769250589,801.4422607421875,26900,0.0,0.0
2021-11-08 00:00:00+09:00,799.5543865557983,815.6021133225616,779.7307240792082,803.330322265625,31900,0.0,0.0
2021-11-09 00:00:00+09:00,787.2824892168716,811.8260680173975,765.5708618164062,765.5708618164062,37400,0.0,0.0
2021-11-10 00:00:00+09:00,758.0189911083052,763.6828939061256,741.0272827148438,741.0272827148438,43100,0.0,0.0
2021-11-11 00:00:00+09:00,739.1393291706942,744.8032320762167,727.811523359649,740.0833129882812,26200,0.0,0.0
2021-11-12 00:00:00+09:00,734.4194237790515,758.0190196588411,724.0356015919441,751.4111328125,16100,0.0,0.0
2021-11-15 00:00:00+09:00,751.4110754047562,755.1870104570414,729.6994488541162,730.6434326171875,20100,0.0,0.0
2021-11-16 00:00:00+09:00,736.3073683276618,747.6351739942413,731.5874492999204,732.5314331054688,13600,0.0,0.0
2021-11-17 00:00:00+09:00,741.0273302480443,744.8032656887987,729.6995239257812,729.6995239257812,9700,0.0,0.0
2021-11-18 00:00:00+09:00,739.1393101215363,739.1393101215363,714.5957314968109,724.9795532226562,11000,0.0,0.0
2021-11-19 00:00:00+09:00,714.5957968891531,727.8115712041441,702.3240064538044,716.4837646484375,33200,0.0,0.0
2021-11-22 00:00:00+09:00,716.4836803959865,724.9795343137255,704.2118914036969,722.1475830078125,17900,0.0,0.0
2021-11-24 00:00:00+09:00,731.5874587891914,731.5874587891914,713.6517662511337,715.5397338867188,10200,0.0,0.0
2021-11-25 00:00:00+09:00,712.7077540304447,719.3156404916541,705.1558837890625,705.1558837890625,13900,0.0,0.0
2021-11-26 00:00:00+09:00,703.2679348949499,707.9878539210906,691.9401292322125,695.716064453125,22100,0.0,0.0
2021-11-29 00:00:00+09:00,695.7160463835064,731.5874300504986,695.7160463835064,717.4276733398438,23600,0.0,0.0
2021-11-30 00:00:00+09:00,730.6434652465655,730.6434652465655,695.716064453125,695.716064453125,18500,0.0,0.0
2021-12-01 00:00:00+09:00,694.7720988699413,723.0916137695312,686.2762444000642,723.0916137695312,22600,0.0,0.0
2021-12-02 00:00:00+09:00,708.9318330575569,720.2596386456937,704.2119140625,704.2119140625,8400,0.0,0.0
2021-12-03 00:00:00+09:00,692.8841641572608,710.8198577798602,690.9961964075135,700.43603515625,16400,0.0,0.0
2021-12-06 00:00:00+09:00,714.5957264500198,714.5957264500198,696.6600345047749,708.9318237304688,25300,0.0,0.0
2021-12-07 00:00:00+09:00,710.8197599546371,731.58740234375,707.987808719758,731.58740234375,12800,0.0,0.0
2021-12-08 00:00:00+09:00,733.4754497459431,734.41943359375,722.1476435722606,734.41943359375,13500,0.0,0.0
2021-12-09 00:00:00+09:00,732.531433330138,769.3468017578125,726.8675304951112,769.3468017578125,38600,0.0,0.0
2021-12-10 00:00:00+09:00,759.9069636994344,793.8903807095954,758.9629798935966,769.3468017578125,42200,0.0,0.0
2021-12-13 00:00:00+09:00,768.4028609064553,769.3468447650628,746.6912321584842,754.2431030273438,11000,0.0,0.0
2021-12-14 00:00:00+09:00,754.2431089187681,754.2431089187681,729.6995284032638,733.4754638671875,18400,0.0,0.0
2021-12-15 00:00:00+09:00,734.4193778559846,754.2430371554392,734.4193778559846,750.4671020507812,12100,0.0,0.0
2021-12-16 00:00:00+09:00,750.4671904230236,760.8510131835938,748.5792226483744,760.8510131835938,10700,0.0,0.0
2021-12-17 00:00:00+09:00,751.4111331243016,755.1870684666347,739.1393432617188,739.1393432617188,6100,0.0,0.0
2021-12-20 00:00:00+09:00,752.3551951632853,752.3551951632853,718.3717735498873,725.9236450195312,27800,0.0,0.0
2021-12-21 00:00:00+09:00,725.9235180823632,730.6434369255514,720.2596154705371,722.1475830078125,8400,0.0,0.0
2021-12-22 00:00:00+09:00,719.3156553231986,741.0272827148438,715.5397201246517,741.0272827148438,30700,0.0,0.0
2021-12-23 00:00:00+09:00,739.139338879299,749.5231610091486,723.0916137695312,723.0916137695312,12400,0.0,0.0
2021-12-24 00:00:00+09:00,742.9152691061727,750.4671396942914,735.363398518054,743.8592529296875,19400,0.0,0.0
2021-12-27 00:00:00+09:00,743.8592766569094,744.8032605105349,735.3634219742797,738.1953735351562,10900,0.0,0.0
2021-12-28 00:00:00+09:00,736.3073587417603,741.0272777080536,724.0355694293976,724.9795532226562,17600,0.0,0.0
2021-12-29 00:00:00+09:00,720.2596662511778,751.4111328125,720.2596662511778,751.4111328125,16700,0.0,0.0
2021-12-30 00:00:00+09:00,747.6352461645314,833.5377807617188,745.7472783711867,833.5377807617188,93100,0.0,0.0
2022-01-04 00:00:00+09:00,827.8738213402577,864.6891908183308,810.8821123503778,837.3136596679688,91900,0.0,0.0
2022-01-05 00:00:00+09:00,837.3137448816375,849.5855359565656,821.2660180913468,831.6498413085938,30900,0.0,0.0
2022-01-06 00:00:00+09:00,823.1538978313578,861.8572347706762,817.4899948646282,821.2659301757812,56500,0.0,0.0
2022-01-07 00:00:00+09:00,829.761863553497,842.9776383996278,802.3863299436547,836.3697509765625,20000,0.0,0.0
2022-01-11 00:00:00+09:00,823.1538332267727,842.0335083007812,817.4899307045702,842.0335083007812,24000,0.0,0.0
2022-01-12 00:00:00+09:00,813.7140949528391,813.7140949528391,758.0190466904058,774.0667724609375,80400,0.0,0.0
2022-01-13 00:00:00+09:00,772.1788442993164,775.0107960510254,746.6912785339356,755.1871337890625,34200,0.0,0.0
2022-01-14 00:00:00+09:00,745.7472397674326,745.7472397674326,729.6995143547156,734.41943359375,24900,0.0,0.0
2022-01-17 00:00:00+09:00,740.083386506059,743.8593221514982,708.9319174311867,710.8198852539062,22800,0.0,0.0
2022-01-18 00:00:00+09:00,711.7637892252604,723.0915948893229,703.2679349772135,707.9878540039062,12800,0.0,0.0
2022-01-19 00:00:00+09:00,698.5480402953236,701.3799918100343,665.5086059570312,665.5086059570312,27300,0.0,0.0
2022-01-20 00:00:00+09:00,672.1164738581731,675.8924091045673,657.9567166841947,674.9484252929688,36400,0.0,0.0
2022-01-21 00:00:00+09:00,663.6206006662699,677.780357437243,645.6849087563706,659.8446655273438,31200,0.0,0.0
2022-01-24 00:00:00+09:00,666.4525894547571,677.7803955078125,657.012751077211,677.7803955078125,14300,0.0,0.0
2022-01-25 00:00:00+09:00,674.0044800682891,674.0044800682891,649.4608995616007,656.0687866210938,15000,0.0,0.0
2022-01-26 00:00:00+09:00,659.8446655273438,669.2845033746592,653.236779034223,659.8446655273438,3200,0.0,0.0
2022-01-27 00:00:00+09:00,669.2845224233774,669.2845224233774,649.4608623798077,650.4048461914062,7500,0.0,0.0
2022-01-28 00:00:00+09:00,656.0687490609976,663.620619553786,650.4048461914062,650.4048461914062,4900,0.0,0.0
2022-01-31 00:00:00+09:00,659.8447309903705,674.0044891661296,658.9007471119866,663.6206665039062,8300,0.0,0.0
2022-02-01 00:00:00+09:00,670.2285202411042,683.4442938796612,670.2285202411042,674.0044555664062,5400,0.0,0.0
2022-02-02 00:00:00+09:00,688.1641940113001,697.6040320635813,686.2762264008438,695.716064453125,7100,0.0,0.0
2022-02-03 00:00:00+09:00,705.155955373505,705.155955373505,680.6123745974526,688.1642456054688,5900,0.0,0.0
2022-02-04 00:00:00+09:00,688.1642411435884,690.0522088833513,678.7244024447738,684.3883056640625,6600,0.0,0.0
2022-02-07 00:00:00+09:00,685.3322662098494,689.1082015608679,668.3405571302663,677.7803955078125,5700,0.0,0.0
2022-02-08 00:00:00+09:00,685.3322143554688,685.3322143554688,677.7803442248301,685.3322143554688,1600,0.0,0.0
2022-02-09 00:00:00+09:00,686.2762264008438,695.716064453125,671.1724855171939,695.716064453125,7000,0.0,0.0
2022-02-10 00:00:00+09:00,695.7160314858365,695.7160314858365,690.0521289228583,693.8280639648438,3400,0.0,0.0
2022-02-14 00:00:00+09:00,690.0521662785457,690.0521662785457,674.9484252929688,674.9484252929688,8700,0.0,0.0
2022-02-15 00:00:00+09:00,686.2763018469593,688.1642696649702,680.6123983929266,682.5003662109375,3300,0.0,0.0
2022-02-16 00:00:00+09:00,687.2202289481603,687.2202289481603,682.5003097932965,686.2762451171875,1900,0.0,0.0
2022-02-17 00:00:00+09:00,684.3883101014607,688.1642456054688,679.6683907214506,688.1642456054688,3200,0.0,0.0
2022-02-18 00:00:00+09:00,681.5563548227375,681.5563548227375,667.3965967585532,672.1165161132812,15900,0.0,0.0
2022-02-21 00:00:00+09:00,672.1165258685467,672.1165258685467,667.3966064453125,667.3966064453125,6400,0.0,0.0
2022-02-22 00:00:00+09:00,670.2285393801603,670.2285393801603,660.7887007973411,664.5646362304688,8200,0.0,0.0
2022-02-24 00:00:00+09:00,660.7887014121292,670.228540003731,648.5169112430468,652.2928466796875,15600,0.0,0.0
2022-02-25 00:00:00+09:00,661.8712993327534,661.8712993327534,656.1242258219046,658.0399169921875,3200,10.0,0.0
2022-02-28 00:00:00+09:00,658.9978427748548,678.1547568090076,657.0821513714395,659.9556884765625,6700,0.0,0.0
2022-03-01 00:00:00+09:00,670.4918643210432,676.238937443795,663.7869456778328,665.70263671875,9400,0.0,0.0
2022-03-02 00:00:00+09:00,663.7869937577436,663.7869937577436,652.2928466796875,652.2928466796875,6400,0.0,0.0
2022-03-03 00:00:00+09:00,651.3349428530092,658.0398613823785,646.5457153320312,646.5457153320312,9200,0.0,0.0
2022-03-04 00:00:00+09:00,641.7564749210438,641.7564749210438,622.5995652219083,630.2623291015625,20800,0.0,0.0
2022-03-07 00:00:00+09:00,613.0211236066879,622.5995786630424,579.4965309094471,601.5269775390625,31900,0.0,0.0
2022-03-08 00:00:00+09:00,604.4005472110476,607.2740838855851,577.5808715820312,577.5808715820312,19900,0.0,0.0
2022-03-09 00:00:00+09:00,571.8337762320454,592.9063777012329,571.8337762320454,581.4122314453125,17400,0.0,0.0
2022-03-10 00:00:00+09:00,591.9485251865203,601.5269802866258,590.0328341664992,595.7799072265625,9300,0.0,0.0
2022-03-11 00:00:00+09:00,587.1593241073032,601.5270074051981,582.3700963413382,583.3279418945312,9400,0.0,0.0
2022-03-14 00:00:00+09:00,587.1593798042986,625.4732055664062,587.1593798042986,625.4732055664062,22600,0.0,0.0
2022-03-15 00:00:00+09:00,606.3162418342906,649.4192922016573,606.3162418342906,647.5036010742188,18800,0.0,0.0
2022-03-16 00:00:00+09:00,650.3770727004448,662.8290637830748,641.7564634893932,656.1241455078125,10500,0.0,0.0
2022-03-17 00:00:00+09:00,658.039976169752,663.7870501974354,644.630136771824,660.9135131835938,9700,0.0,0.0
2022-03-18 00:00:00+09:00,660.9134049849077,674.3232421875,660.9134049849077,674.3232421875,7900,0.0,0.0
2022-03-22 00:00:00+09:00,674.3232999559859,681.0282191316846,670.4919175698724,680.0703735351562,7400,0.0,0.0
2022-03-23 00:00:00+09:00,681.02813592478,684.8595178427817,677.1967540067785,683.9016723632812,10700,0.0,0.0
2022-03-24 00:00:00+09:00,681.0282610877086,686.7753350209382,660.913502321405,678.1547241210938,8500,0.0,0.0
2022-03-25 00:00:00+09:00,680.070389346492,687.733154296875,680.070389346492,687.733154296875,6700,0.0,0.0
2022-03-28 00:00:00+09:00,687.7331110741918,696.3537211015841,684.8595743983943,692.5223388671875,7700,0.0,0.0
2022-03-29 00:00:00+09:00,692.5223373539192,700.1851018059681,692.5223373539192,695.3958740234375,6800,0.0,0.0
2022-03-30 00:00:00+09:00,691.5645300460188,700.1851405313571,691.5645300460188,699.227294921875,5300,0.0,0.0
2022-03-31 00:00:00+09:00,692.5223443051602,729.8783213838618,692.5223443051602,720.2998657226562,16600,0.0,0.0
2022-04-01 00:00:00+09:00,717.4263498278337,725.0891145789989,709.7635850766686,719.342041015625,7300,0.0,0.0
2022-04-04 00:00:00+09:00,718.3841538144297,726.0469181217837,716.4684627375913,721.2576904296875,6300,0.0,0.0
2022-04-05 00:00:00+09:00,721.2576904296875,726.0469181217837,718.3841538144297,721.2576904296875,9800,0.0,0.0
2022-04-06 00:00:00+09:00,721.2577388283364,721.2577388283364,706.8900547879314,707.847900390625,7200,0.0,0.0
2022-04-07 00:00:00+09:00,705.93212890625,705.93212890625,695.3958284748134,705.93212890625,4100,0.0,0.0
2022-04-08 00:00:00+09:00,705.9322300525862,710.7214582076241,694.4380824804952,706.8900756835938,6300,0.0,0.0
2022-04-11 00:00:00+09:00,706.8900115228819,706.8900115228819,672.4075719363998,673.3654174804688,5900,0.0,0.0
2022-04-12 00:00:00+09:00,673.3654160107836,678.1546437206755,673.3654160107836,676.2389526367188,5500,0.0,0.0
2022-04-13 00:00:00+09:00,674.323282358156,680.0703557873449,670.4919000720301,675.2811279296875,4000,0.0,0.0
2022-04-14 00:00:00+09:00,672.4075719363998,675.2811085686067,671.4497263923308,673.3654174804688,4300,0.0,0.0
2022-04-15 00:00:00+09:00,673.3654415086768,673.3654415086768,665.702676882689,666.6605224609375,4000,0.0,0.0
2022-04-18 00:00:00+09:00,652.2929287181181,661.8713858211742,651.3350830078125,651.3350830078125,3100,0.0,0.0
2022-04-19 00:00:00+09:00,651.3349181683394,657.0819909757071,649.4192272325502,656.1241455078125,6200,0.0,0.0
2022-04-20 00:00:00+09:00,664.7448958687161,664.7448958687161,657.0821304984714,660.9135131835938,2700,0.0,0.0
2022-04-21 00:00:00+09:00,660.9135131835938,670.4919698963995,660.9135131835938,660.9135131835938,8100,0.0,0.0
2022-04-22 00:00:00+09:00,661.8712724086216,670.4918823242188,653.2506624930245,670.4918823242188,3300,0.0,0.0
2022-04-25 00:00:00+09:00,672.4075159274375,672.4075159274375,647.503533856051,661.8712158203125,9100,0.0,0.0
2022-04-26 00:00:00+09:00,661.8713588548743,661.8713588548743,656.1242848271909,660.9135131835938,300,0.0,0.0
2022-04-27 00:00:00+09:00,660.9133937902618,660.9133937902618,655.1663208007812,655.1663208007812,1100,0.0,0.0
2022-04-28 00:00:00+09:00,652.292763636234,661.8712183151802,638.8829270857094,656.1241455078125,4600,0.0,0.0
2022-05-02 00:00:00+09:00,646.5457555104995,651.3349833290958,637.9251454370262,647.5036010742188,7100,0.0,0.0
2022-05-06 00:00:00+09:00,649.4192284726677,653.2506103515625,643.6721556543255,653.2506103515625,3900,0.0,0.0
2022-05-09 00:00:00+09:00,646.545736160052,652.2928093703636,645.587890625,645.587890625,3500,0.0,0.0
2022-05-10 00:00:00+09:00,646.5457390882298,646.5457390882298,638.88297477311,639.8408203125,3400,0.0,0.0
2022-05-11 00:00:00+09:00,639.8408050769359,639.8408050769359,629.3045043945312,629.3045043945312,4700,0.0,0.0
2022-05-12 00:00:00+09:00,628.3466059846698,628.3466059846698,609.189697265625,609.189697265625,9400,0.0,0.0
2022-05-13 00:00:00+09:00,609.189773111476,619.72607421875,609.189773111476,619.72607421875,3000,0.0,0.0
2022-05-16 00:00:00+09:00,633.1359808622901,641.756591796875,622.5996786089086,641.756591796875,3300,0.0,0.0
2022-05-17 00:00:00+09:00,641.7564838253267,654.2084753025346,641.7564838253267,655.1663208007812,3500,0.0,0.0
2022-05-18 00:00:00+09:00,657.0820567114114,660.9134389662884,645.5879099467803,647.5036010742188,5200,0.0,0.0
2022-05-19 00:00:00+09:00,654.2085200202536,654.2085200202536,641.7565276919032,647.5036010742188,4400,0.0,0.0
2022-05-20 00:00:00+09:00,647.5035375332203,653.2506103515625,647.5035375332203,653.2506103515625,1100,0.0,0.0
2022-05-23 00:00:00+09:00,653.2506298042878,658.9977027937683,653.2506298042878,655.1663208007812,5500,0.0,0.0
2022-05-24 00:00:00+09:00,664.7448393475817,664.7448393475817,652.2928466796875,652.2928466796875,3400,0.0,0.0
2022-05-25 00:00:00+09:00,652.2928885683219,652.2928885683219,645.5879690088825,650.377197265625,2100,0.0,0.0
2022-05-26 00:00:00+09:00,649.4192937479685,649.4192937479685,642.7143747859689,644.6300659179688,500,0.0,0.0
2022-05-27 00:00:00+09:00,644.6300819609834,652.2928466796875,644.6300819609834,652.2928466796875,1200,0.0,0.0
2022-05-30 00:00:00+09:00,652.292763636234,658.9976819114963,652.292763636234,656.1241455078125,1600,0.0,0.0
2022-05-31 00:00:00+09:00,657.0820117972747,662.8290847867553,653.2506298042878,655.1663208007812,3500,0.0,0.0
2022-06-01 00:00:00+09:00,659.9556884765625,660.9135341782701,658.0399970731472,659.9556884765625,1200,0.0,0.0
2022-06-02 00:00:00+09:00,661.8712945696951,666.6605224609375,660.9134489914467,666.6605224609375,2700,0.0,0.0
2022-06-03 00:00:00+09:00,666.6605523382867,684.859619140625,666.6605523382867,684.859619140625,8600,0.0,0.0
2022-06-06 00:00:00+09:00,679.1125279386279,682.9439103247414,679.1125279386279,680.0703735351562,2700,0.0,0.0
2022-06-07 00:00:00+09:00,680.0703639774532,697.3115844726562,680.0703639774532,697.3115844726562,6700,0.0,0.0
2022-06-08 00:00:00+09:00,697.3115987609946,707.847900390625,692.5223707475262,707.847900390625,8100,0.0,0.0
2022-06-09 00:00:00+09:00,705.9321883742874,708.8057250976562,693.4801959063556,708.8057250976562,4700,0.0,0.0
2022-06-10 00:00:00+09:00,704.9743475333447,706.8900386951201,698.2694284671309,700.1851196289062,3800,0.0,0.0
2022-06-13 00:00:00+09:00,700.1851033359808,700.1851033359808,671.4497365780062,692.5223388671875,6700,0.0,0.0
2022-06-14 00:00:00+09:00,687.7330310414138,694.437949171344,670.4918129930219,690.6065673828125,6600,0.0,0.0
2022-06-15 00:00:00+09:00,690.6066117253243,690.6066117253243,681.0281566389814,682.94384765625,2100,0.0,0.0
2022-06-16 00:00:00+09:00,687.7330542812828,688.6908997607832,682.9438268837808,683.9016723632812,600,0.0,0.0
2022-06-17 00:00:00+09:00,684.8595191322466,684.8595191322466,672.4075278752966,681.0281372070312,2000,0.0,0.0
2022-06-20 00:00:00+09:00,681.0281251059945,681.0281251059945,660.9133703560284,661.8712158203125,5000,0.0,0.0
2022-06-21 00:00:00+09:00,661.8712724086216,670.4918823242188,661.8712724086216,670.4918823242188,1300,0.0,0.0
2022-06-22 00:00:00+09:00,672.407535701603,672.407535701603,663.7869262695312,663.7869262695312,1800,0.0,0.0
2022-06-23 00:00:00+09:00,663.7869470849892,665.7026381299675,662.8291015625,662.8291015625,1200,0.0,0.0
2022-06-24 00:00:00+09:00,665.7026545933314,670.4918823242188,662.8291179547991,670.4918823242188,2300,0.0,0.0
2022-06-27 00:00:00+09:00,671.4496823939928,681.0281372070312,670.491836912689,681.0281372070312,5500,0.0,0.0
2022-06-28 00:00:00+09:00,681.986064728213,692.5223662900253,670.4919175698724,680.0703735351562,4900,0.0,0.0
2022-06-29 00:00:00+09:00,678.1547032021333,681.9860857061001,677.1968575761415,679.112548828125,2700,0.0,0.0
2022-06-30 00:00:00+09:00,677.1968367455711,682.9439103247414,675.2811455525143,680.0703735351562,3000,0.0,0.0
2022-07-01 00:00:00+09:00,680.0702917257274,681.9859826883351,678.1546007631197,681.0281372070312,2400,0.0,0.0
2022-07-04 00:00:00+09:00,684.8595982556902,686.7752894396223,681.9860614797923,685.8174438476562,3500,0.0,0.0
2022-07-05 00:00:00+09:00,692.5223419317141,692.5223419317141,685.8174229918496,686.7752685546875,4200,0.0,0.0
2022-07-06 00:00:00+09:00,685.8173633222821,686.7752088017825,681.02813592478,683.9016723632812,3500,0.0,0.0
2022-07-07 00:00:00+09:00,688.6909806235543,688.6909806235543,684.8595982556902,685.8174438476562,2500,0.0,0.0
2022-07-08 00:00:00+09:00,685.8174199569935,694.4380299843858,684.8595743983943,692.5223388671875,5300,0.0,0.0
2022-07-11 00:00:00+09:00,684.8595496121728,702.1007690429688,684.8595496121728,702.1007690429688,16900,0.0,0.0
2022-07-12 00:00:00+09:00,683.9017510553394,689.6488245936196,675.2811407479192,688.6909790039062,19300,0.0,0.0
2022-07-13 00:00:00+09:00,688.6909839039117,688.6909839039117,680.0703735351562,680.0703735351562,2600,0.0,0.0
2022-07-14 00:00:00+09:00,692.5223373539192,697.3115651364498,680.0703451193397,695.3958740234375,10200,0.0,0.0
2022-07-15 00:00:00+09:00,695.395875542985,696.3537211015841,687.7331110741918,692.5223388671875,4000,0.0,0.0
2022-07-19 00:00:00+09:00,692.5222582770782,694.437949171344,690.6065673828125,690.6065673828125,2200,0.0,0.0
2022-07-20 00:00:00+09:00,691.5644128299454,697.3114855127427,688.6908764885467,690.6065673828125,6500,0.0,0.0
2022-07-21 00:00:00+09:00,697.3115909512483,697.3115909512483,685.8174438476562,685.8174438476562,7500,0.0,0.0
2022-07-22 00:00:00+09:00,692.5223613627596,694.4380525421864,684.8595966450528,688.6909790039062,5000,0.0,0.0
2022-07-25 00:00:00+09:00,694.4380299843858,694.4380299843858,682.943883281196,692.5223388671875,2700,0.0,0.0
2022-07-26 00:00:00+09:00,692.5223388671875,692.5223388671875,689.64880219139,692.5223388671875,1900,0.0,0.0
2022-07-27 00:00:00+09:00,692.5223597476357,692.5223597476357,690.6066685726769,691.5645141601562,4100,0.0,0.0
2022-07-28 00:00:00+09:00,694.4380299843858,695.395875542985,691.5644933085883,692.5223388671875,4000,0.0,0.0
2022-07-29 00:00:00+09:00,694.4380091040174,694.4380091040174,689.6487814550242,693.4801635742188,5900,0.0,0.0
2022-08-01 00:00:00+09:00,693.4802212649829,705.9322141882492,684.8596107796448,699.227294921875,23600,0.0,0.0
2022-08-02 00:00:00+09:00,701.1429473624742,701.1429473624742,692.5223373539192,695.3958740234375,4300,0.0,0.0
2022-08-03 00:00:00+09:00,699.2272740480186,700.1851196289062,692.5223549818047,700.1851196289062,2400,0.0,0.0
2022-08-04 00:00:00+09:00,700.1851405313571,703.0586773598031,699.227294921875,699.227294921875,4600,0.0,0.0
2022-08-05 00:00:00+09:00,704.016460090835,704.016460090835,701.1429235190357,702.1007690429688,3100,0.0,0.0
2022-08-08 00:00:00+09:00,702.1008107906816,704.016501952457,700.1851196289062,700.1851196289062,2200,0.0,0.0
2022-08-09 00:00:00+09:00,703.0586723771567,707.847900390625,701.1429811717693,707.847900390625,3000,0.0,0.0
2022-08-10 00:00:00+09:00,706.8900597977312,707.8479054072133,699.227294921875,699.227294921875,10200,0.0,0.0
2022-08-12 00:00:00+09:00,700.1851614911533,708.8057722345465,696.3537789385341,698.2694702148438,10500,0.0,0.0
2022-08-15 00:00:00+09:00,700.1851562665406,706.8900756835938,700.1851562665406,706.8900756835938,4800,0.0,0.0
2022-08-16 00:00:00+09:00,707.8478198937839,708.8056653875508,703.0585924249491,705.93212890625,3700,0.0,0.0
2022-08-17 00:00:00+09:00,709.7635108813178,710.7213563750847,702.1007469311821,705.93212890625,4800,0.0,0.0
2022-08-18 00:00:00+09:00,706.8900339487437,710.7214162465689,702.1008060764623,708.8057250976562,3300,0.0,0.0
2022-08-19 00:00:00+09:00,708.8057459933187,710.7214371987061,706.8900547879314,707.847900390625,4000,0.0,0.0
2022-08-22 00:00:00+09:00,708.8057410908256,718.3841970515124,708.8057410908256,716.468505859375,7700,0.0,0.0
2022-08-23 00:00:00+09:00,717.4263305664062,717.4263305664062,714.5527938618678,717.4263305664062,4000,0.0,0.0
2022-08-24 00:00:00+09:00,717.4262669443295,723.17333984375,717.4262669443295,723.17333984375,6900,0.0,0.0
2022-08-25 00:00:00+09:00,723.1734185469778,728.9204920718545,722.2155729594983,727.962646484375,9000,0.0,0.0
2022-08-26 00:00:00+09:00,730.8362252831773,733.7097622108963,721.2577688574477,726.0469970703125,14000,0.0,0.0
2022-08-29 00:00:00+09:00,722.2155777973119,724.1312689851032,713.5949674522511,719.342041015625,15000,0.0,0.0
2022-08-30 00:00:00+09:00,698.1848582775425,699.1465454101562,692.4147354818604,699.1465454101562,18600,3.0,0.0
2022-08-31 00:00:00+09:00,699.1466054280598,699.1466054280598,692.414794921875,692.414794921875,5400,0.0,0.0
2022-09-01 00:00:00+09:00,691.4530868094307,696.2615227399554,668.3725943429129,673.1810302734375,13200,0.0,0.0
2022-09-02 00:00:00+09:00,673.1810130338356,674.1427001953125,669.334264387928,674.1427001953125,4000,0.0,0.0
2022-09-05 00:00:00+09:00,674.1427255389334,675.1044127365639,665.4875407602595,669.3342895507812,5900,0.0,0.0
2022-09-06 00:00:00+09:00,666.4492360374142,671.2576720838601,665.487548828125,665.487548828125,1000,0.0,0.0
2022-09-07 00:00:00+09:00,665.4875736012178,665.4875736012178,653.9473266601562,653.9473266601562,7400,0.0,0.0
2022-09-08 00:00:00+09:00,652.985620135489,652.985620135489,631.8285013682124,641.4453735351562,15000,0.0,0.0
2022-09-09 00:00:00+09:00,643.3687318250868,652.0239165581597,643.3687318250868,649.1388549804688,4300,0.0,0.0
2022-09-12 00:00:00+09:00,652.9856129874171,654.9089873997511,652.02392578125,652.02392578125,3900,0.0,0.0
2022-09-13 00:00:00+09:00,652.0238927316458,664.5258257781227,652.0238927316458,660.6790771484375,7200,0.0,0.0
2022-09-14 00:00:00+09:00,660.67906928718,668.3725664550075,659.7173821412016,664.5258178710938,3000,0.0,0.0
2022-09-15 00:00:00+09:00,668.3725851269671,670.2959594726562,665.4875236084335,670.2959594726562,1600,0.0,0.0
2022-09-16 00:00:00+09:00,663.5641925451065,679.912875549841,663.5641925451065,671.2576904296875,6800,0.0,0.0
2022-09-20 00:00:00+09:00,669.3342615652292,688.5680047136553,654.9089542039096,660.6790771484375,9300,0.0,0.0
2022-09-21 00:00:00+09:00,661.6407657150577,675.1043859476315,660.679078555588,667.410888671875,6200,0.0,0.0
2022-09-22 00:00:00+09:00,669.3343594923551,675.1044832810824,663.5642357036279,672.2194213867188,4200,0.0,0.0
2022-09-26 00:00:00+09:00,671.2576793160907,671.2576793160907,651.062247703429,654.9089965820312,7700,0.0,0.0
2022-09-27 00:00:00+09:00,652.9855826428205,674.1427001953125,652.9855826428205,674.1427001953125,2900,0.0,0.0
2022-09-28 00:00:00+09:00,671.2576358800719,671.2576358800719,651.0622055742244,660.6790771484375,3100,0.0,0.0
2022-09-29 00:00:00+09:00,651.0622649248909,660.6791373757754,651.0622649248909,653.9473266601562,900,0.0,0.0
2022-09-30 00:00:00+09:00,646.2537841796875,655.8706559680758,646.2537841796875,646.2537841796875,4300,0.0,0.0
2022-10-03 00:00:00+09:00,644.3304361858425,648.1771850585938,642.4070617494668,648.1771850585938,1800,0.0,0.0
2022-10-04 00:00:00+09:00,651.062255859375,661.6408154080502,647.215506932584,651.062255859375,3300,0.0,0.0
2022-10-05 00:00:00+09:00,659.7174599467844,671.2577070595561,657.7940854279891,663.564208984375,3400,0.0,0.0
2022-10-06 00:00:00+09:00,660.6791012912327,670.2959732168692,649.1388549804688,649.1388549804688,2100,0.0,0.0
2022-10-07 00:00:00+09:00,658.7556934914394,665.4875034979212,657.7940063476562,657.7940063476562,2100,0.0,0.0
2022-10-11 00:00:00+09:00,661.640851777939,668.3726627698658,657.7941026396952,662.6025390625,5900,0.0,0.0
2022-10-12 00:00:00+09:00,653.9472514827078,656.8323128863079,624.1349503121726,630.8667602539062,25400,0.0,0.0
2022-10-13 00:00:00+09:00,640.4837096120564,640.4837096120564,615.4798410686428,616.4415283203125,7100,0.0,0.0
2022-10-14 00:00:00+09:00,616.441545677185,623.173356628418,605.8629856109619,615.4798583984375,15500,0.0,0.0
2022-10-17 00:00:00+09:00,615.4798311212361,615.4798311212361,606.8246459960938,606.8246459960938,7400,0.0,0.0
2022-10-18 00:00:00+09:00,610.6713682820573,610.6713682820573,602.0161835347526,604.9012451171875,5400,0.0,0.0
2022-10-19 00:00:00+09:00,604.9012451171875,606.8246195054775,602.0161835347526,604.9012451171875,5700,0.0,0.0
2022-10-20 00:00:00+09:00,604.9012358546638,604.9012358546638,601.0544871369871,602.0161743164062,8100,0.0,0.0
2022-10-21 00:00:00+09:00,602.0161916015625,602.0161916015625,597.2077555664063,601.0545043945312,4700,0.0,0.0
2022-10-24 00:00:00+09:00,604.9012532226562,604.9012532226562,595.2843811523437,601.0545043945312,7600,0.0,0.0
2022-10-25 00:00:00+09:00,601.0545043945312,601.0545043945312,596.246068359375,601.0545043945312,4400,0.0,0.0
2022-10-26 00:00:00+09:00,597.2077475640277,604.9012451171875,597.2077475640277,604.9012451171875,3600,0.0,0.0
2022-10-27 00:00:00+09:00,604.9012542917759,607.7863159179688,604.9012542917759,607.7863159179688,1700,0.0,0.0
2022-10-28 00:00:00+09:00,606.8246550454702,609.709716796875,603.9395932940655,609.709716796875,1900,0.0,0.0
2022-10-31 00:00:00+09:00,610.6713876694533,619.3265726915402,610.6713876694533,617.4031982421875,4000,0.0,0.0
2022-11-01 00:00:00+09:00,616.4414579098501,616.4414579098501,606.8245864915998,613.556396484375,2200,0.0,0.0
2022-11-02 00:00:00+09:00,608.7480031266997,612.5947519616236,607.7863159179688,607.7863159179688,1600,0.0,0.0
2022-11-04 00:00:00+09:00,606.8246008320375,609.7096623256922,596.2460420219703,599.131103515625,3900,0.0,0.0
2022-11-07 00:00:00+09:00,597.2077736348244,606.8246459960938,597.2077736348244,606.8246459960938,300,0.0,0.0
2022-11-08 00:00:00+09:00,598.1693914134031,603.9395141601562,598.1693914134031,603.9395141601562,4500,0.0,0.0
2022-11-09 00:00:00+09:00,605.8628884090739,605.8628884090739,603.9395141601562,603.9395141601562,1500,0.0,0.0
2022-11-10 00:00:00+09:00,602.9778270356974,605.8628884090739,602.9778270356974,603.9395141601562,1100,0.0,0.0
2022-11-11 00:00:00+09:00,607.7863332322206,609.7097077044746,605.8629587599668,606.8246459960938,4200,0.0,0.0
2022-11-14 00:00:00+09:00,608.7480295464068,610.6714040473432,604.9012805445337,609.709716796875,3200,0.0,0.0
2022-11-15 00:00:00+09:00,610.6713508727058,611.6330380394345,603.9395407056052,605.8629150390625,3200,0.0,0.0
2022-11-16 00:00:00+09:00,605.8629242955791,610.6713602026869,605.8629242955791,608.7479858398438,1800,0.0,0.0
2022-11-17 00:00:00+09:00,606.8246195054775,608.7479938937673,604.9012451171875,604.9012451171875,2700,0.0,0.0
2022-11-18 00:00:00+09:00,605.8629415005068,607.7863159179688,605.8629415005068,607.7863159179688,2300,0.0,0.0
2022-11-21 00:00:00+09:00,608.7480295464068,612.5947785482798,608.7480295464068,609.709716796875,2600,0.0,0.0
2022-11-22 00:00:00+09:00,610.6714040473432,612.5947785482798,608.7480295464068,609.709716796875,5200,0.0,0.0
2022-11-24 00:00:00+09:00,611.6330739419292,611.6330739419292,608.7480122723917,610.67138671875,5300,0.0,0.0
2022-11-25 00:00:00+09:00,611.6330739419292,613.5564483882874,610.67138671875,610.67138671875,2600,0.0,0.0
2022-11-28 00:00:00+09:00,614.5181009002159,614.5181009002159,610.6713522247842,612.5947265625,4800,0.0,0.0
2022-11-29 00:00:00+09:00,612.5947793136335,616.4415283203125,612.5947793136335,616.4415283203125,4000,0.0,0.0
2022-11-30 00:00:00+09:00,617.4031982421875,618.3648854668638,616.4415110175112,617.4031982421875,4400,0.0,0.0
2022-12-01 00:00:00+09:00,619.3265473308298,622.2116088867188,618.3648601455335,622.2116088867188,2700,0.0,0.0
2022-12-02 00:00:00+09:00,624.1350534292368,625.0967407226562,619.3266169621394,625.0967407226562,9100,0.0,0.0
2022-12-05 00:00:00+09:00,625.0966545279699,633.7518389752803,625.0966545279699,629.9050903320312,3100,0.0,0.0
2022-12-06 00:00:00+09:00,633.7518216575064,636.6368830611067,630.8667602539062,630.8667602539062,3400,0.0,0.0
2022-12-07 00:00:00+09:00,636.636927217109,637.5986144183433,631.8284912109375,631.8284912109375,2200,0.0,0.0
2022-12-08 00:00:00+09:00,631.8285075747544,631.8285075747544,624.135009765625,624.135009765625,3300,0.0,0.0
2022-12-09 00:00:00+09:00,623.1733661358173,628.9434898963341,623.1733661358173,625.0967407226562,2900,0.0,0.0
2022-12-12 00:00:00+09:00,625.0967128043671,627.0200873053036,606.8246550454702,609.709716796875,13300,0.0,0.0
2022-12-13 00:00:00+09:00,612.594762118806,617.4031982421875,612.594762118806,617.4031982421875,2600,0.0,0.0
2022-12-14 00:00:00+09:00,614.5181356114666,618.3648845041831,610.67138671875,610.67138671875,8300,0.0,0.0
2022-12-15 00:00:00+09:00,610.6714220046997,615.4798583984375,610.6714220046997,615.4798583984375,4800,0.0,0.0
2022-12-16 00:00:00+09:00,615.4798500582298,619.3265991210938,613.5564755267978,619.3265991210938,1200,0.0,0.0
2022-12-19 00:00:00+09:00,615.4798410686428,616.4415283203125,612.5947793136335,616.4415283203125,2200,0.0,0.0
2022-12-20 00:00:00+09:00,616.4415275501528,617.4032148006211,609.709716796875,609.709716796875,9900,0.0,0.0
2022-12-21 00:00:00+09:00,612.5947519616236,612.5947519616236,602.016192665583,607.7863159179688,7900,0.0,0.0
2022-12-22 00:00:00+09:00,611.6330380394345,611.6330380394345,605.8629150390625,605.8629150390625,3100,0.0,0.0
2022-12-23 00:00:00+09:00,605.8628884090739,605.8628884090739,603.9395141601562,603.9395141601562,3400,0.0,0.0
2022-12-26 00:00:00+09:00,600.0928344726562,601.0545217073881,598.1694600031926,600.0928344726562,5300,0.0,0.0
2022-12-27 00:00:00+09:00,600.0928344726562,601.0545217073881,596.246085533729,600.0928344726562,5800,0.0,0.0
2022-12-28 00:00:00+09:00,598.16938026206,599.1310673685907,594.3226318359375,594.3226318359375,8400,0.0,0.0
2022-12-29 00:00:00+09:00,594.3226598712246,602.9778442382812,594.3226598712246,602.9778442382812,1300,0.0,0.0
2022-12-30 00:00:00+09:00,602.9778961768517,602.9778961768517,597.2077727684608,600.0928344726562,2700,0.0,0.0
2023-01-04 00:00:00+09:00,600.0927986798263,600.0927986798263,586.629178196625,595.2843627929688,10500,0.0,0.0
2023-01-05 00:00:00+09:00,596.2460420219703,599.131103515625,596.2460420219703,599.131103515625,1900,0.0,0.0
2023-01-06 00:00:00+09:00,591.4376393669203,592.3993265854031,584.7058288375407,590.4759521484375,5800,0.0,0.0
2023-01-10 00:00:00+09:00,588.552561671021,599.131120786023,588.552561671021,598.16943359375,6900,0.0,0.0
2023-01-11 00:00:00+09:00,598.1694347581727,606.8246195054775,598.1694347581727,604.9012451171875,5500,0.0,0.0
2023-01-12 00:00:00+09:00,605.862967795002,631.8285235576449,603.9395932940655,609.709716796875,16100,0.0,0.0
2023-01-13 00:00:00+09:00,638.5603282968987,643.3687645039537,620.2882707100898,633.7518920898438,35500,0.0,0.0
2023-01-16 00:00:00+09:00,631.8285517765926,631.8285517765926,619.3266169621394,625.0967407226562,9200,0.0,0.0
2023-01-17 00:00:00+09:00,627.9817252579431,632.7901611328125,626.0583509079954,632.7901611328125,5200,0.0,0.0
2023-01-18 00:00:00+09:00,629.9051865086411,634.713623046875,629.9051865086411,634.713623046875,7400,0.0,0.0
2023-01-19 00:00:00+09:00,633.7519353659193,633.7519353659193,625.0967496021966,627.9818115234375,2700,0.0,0.0
2023-01-20 00:00:00+09:00,627.9818118933475,634.713623046875,627.9818118933475,634.713623046875,4700,0.0,0.0
2023-01-23 00:00:00+09:00,634.7135801573057,643.368765341269,627.9817694586676,640.4837036132812,9800,0.0,0.0
2023-01-24 00:00:00+09:00,640.4836690754234,648.1771666018549,640.4836690754234,642.4070434570312,10400,0.0,0.0
2023-01-25 00:00:00+09:00,646.2537922202471,646.2537922202471,641.4453562662273,642.4070434570312,4500,0.0,0.0
2023-01-26 00:00:00+09:00,648.1771666018549,648.1771666018549,639.5219818846194,642.4070434570312,4800,0.0,0.0
2023-01-27 00:00:00+09:00,640.4837036132812,640.4837036132812,638.560329127956,640.4837036132812,3200,0.0,0.0
2023-01-30 00:00:00+09:00,645.2921234040302,648.1771850585938,645.2921234040302,648.1771850585938,3100,0.0,0.0
2023-01-31 00:00:00+09:00,648.1771850585938,649.1388722767815,644.3304361858425,648.1771850585938,5100,0.0,0.0
2023-02-01 00:00:00+09:00,649.138924475043,649.138924475043,642.407113406413,645.2921752929688,1100,0.0,0.0
2023-02-02 00:00:00+09:00,647.215567335442,647.215567335442,643.3688180496443,644.3305053710938,3600,0.0,0.0
2023-02-03 00:00:00+09:00,645.2921926925432,646.2538800139926,642.4071307281949,644.3305053710938,1300,0.0,0.0
2023-02-06 00:00:00+09:00,641.4454261108945,646.2538625884873,640.4837388153759,645.2921752929688,4100,0.0,0.0
2023-02-07 00:00:00+09:00,645.2921243855257,655.8706838016818,644.3304371658751,654.9089965820312,9000,0.0,0.0
2023-02-08 00:00:00+09:00,657.7939796783357,657.7939796783357,652.0238570495784,655.87060546875,8300,0.0,0.0
2023-02-09 00:00:00+09:00,654.9089277949646,662.6024247440979,654.9089277949646,658.7556762695312,2600,0.0,0.0
2023-02-10 00:00:00+09:00,662.6024943392357,662.6024943392357,653.9473093623807,654.9089965820312,2900,0.0,0.0
2023-02-13 00:00:00+09:00,654.9089620877849,657.7940235947794,651.062213411792,656.8323364257812,3000,0.0,0.0
2023-02-14 00:00:00+09:00,653.947240676323,658.7556762695312,653.947240676323,658.7556762695312,3600,0.0,0.0
2023-02-15 00:00:00+09:00,658.7557628855985,660.6791373757754,651.0622649248909,653.9473266601562,1900,0.0,0.0
2023-02-16 00:00:00+09:00,658.7556667831286,659.7173538879215,652.9855441543713,655.87060546875,5100,0.0,0.0
2023-02-17 00:00:00+09:00,652.9855812798315,667.410888671875,652.9855812798315,667.410888671875,6600,0.0,0.0
2023-02-20 00:00:00+09:00,672.2194213867188,674.1427959829612,669.3343594923551,672.2194213867188,4100,0.0,0.0
2023-02-21 00:00:00+09:00,674.1427959829612,674.1427959829612,671.2577340885975,672.2194213867188,5200,0.0,0.0
2023-02-22 00:00:00+09:00,672.2193338183454,672.2193338183454,668.3725851269671,670.2959594726562,3600,0.0,0.0
2023-02-24 00:00:00+09:00,674.1427521364053,674.1427521364053,668.3726287229696,671.2576904296875,3000,0.0,0.0
2023-02-27 00:00:00+09:00,673.2090454101562,673.2090454101562,664.428057861328,673.2090454101562,3900,10.0,0.0
2023-02-28 00:00:00+09:00,679.0629875694698,694.6736309618714,669.3063354492188,669.3063354492188,15900,0.0,0.0
2023-03-01 00:00:00+09:00,669.3062925909558,673.2089531891537,662.4766365441092,668.3306274414062,3500,0.0,0.0
2023-03-02 00:00:00+09:00,672.233355677405,678.0873471637104,669.3063599342523,671.2576904296875,3800,0.0,0.0
2023-03-03 00:00:00+09:00,668.3307371983853,673.2090637472786,667.3550718886066,672.2333984375,1500,0.0,0.0
2023-03-06 00:00:00+09:00,680.0386655068811,682.9656611977285,672.2333436646213,675.1603393554688,5500,0.0,0.0
2023-03-07 00:00:00+09:00,678.087311226981,682.9656372070312,674.1846504429409,682.9656372070312,3600,0.0,0.0
2023-03-08 00:00:00+09:00,681.989995967446,681.989995967446,674.1846741251863,675.1603393554688,5100,0.0,0.0
2023-03-09 00:00:00+09:00,682.9656617254274,684.9169921875,680.0386660323184,684.9169921875,10200,0.0,0.0
2023-03-10 00:00:00+09:00,684.9170042546226,685.8926695028485,678.0873475170409,681.0143432617188,6300,0.0,0.0
2023-03-13 00:00:00+09:00,681.0143068150112,686.8682979910715,674.1846504429409,682.9656372070312,3000,0.0,0.0
2023-03-14 00:00:00+09:00,675.1603267213694,682.9656484175702,669.3063354492188,669.3063354492188,5200,0.0,0.0
2023-03-15 00:00:00+09:00,669.3062925909558,672.2332880396042,668.3306274414062,668.3306274414062,3400,0.0,0.0
2023-03-16 00:00:00+09:00,663.452392578125,672.2333801269531,650.7687438964844,663.452392578125,11300,0.0,0.0
2023-03-17 00:00:00+09:00,669.3063282846164,669.3063282846164,651.7443546561572,656.6226806640625,5600,0.0,0.0
2023-03-20 00:00:00+09:00,646.8659992049226,661.5009765625,639.0606779475479,661.5009765625,13400,0.0,0.0
2023-03-22 00:00:00+09:00,659.5496762688057,660.5253414703867,654.6713502609003,656.6226806640625,2300,0.0,0.0
2023-03-23 00:00:00+09:00,653.6956913513544,659.5496826171875,651.7443609294102,659.5496826171875,2100,0.0,0.0
2023-03-24 00:00:00+09:00,669.3063842773437,669.3063842773437,652.7200744628906,653.6957397460938,2000,0.0,0.0
2023-03-27 00:00:00+09:00,661.5010187123388,661.5010187123388,644.9147099835634,652.7200317382812,2800,0.0,0.0
2023-03-28 00:00:00+09:00,653.6956850593192,659.5496762688057,653.6956850593192,656.6226806640625,1200,0.0,0.0
2023-03-29 00:00:00+09:00,656.6226456468122,668.3306274414062,651.7443198990647,668.3306274414062,6100,0.0,0.0
2023-03-30 00:00:00+09:00,664.4279668432082,668.3306274414062,664.4279668432082,668.3306274414062,1300,0.0,0.0
2023-03-31 00:00:00+09:00,674.1847106933593,674.1847106933593,663.452392578125,663.452392578125,2000,0.0,0.0
2023-04-03 00:00:00+09:00,664.4280038808847,681.0143123478084,664.4280038808847,676.135986328125,6300,0.0,0.0
2023-04-04 00:00:00+09:00,680.0386655068811,682.9656611977285,675.1603393554688,675.1603393554688,7100,0.0,0.0
2023-04-05 00:00:00+09:00,681.9899775517451,681.9899775517451,676.135986328125,676.135986328125,3800,0.0,0.0
2023-04-06 00:00:00+09:00,676.1360045857513,679.0630002765987,675.1603393554688,675.1603393554688,1600,0.0,0.0
2023-04-07 00:00:00+09:00,676.1360412597656,676.1360412597656,673.2090454101562,673.2090454101562,2800,0.0,0.0
2023-04-10 00:00:00+09:00,673.2090209251227,675.1603514205577,664.4280336956645,671.2576904296875,2600,0.0,0.0
2023-04-11 00:00:00+09:00,670.2819958791284,686.8683043652204,670.2819958791284,685.8926391601562,13300,0.0,0.0
2023-04-12 00:00:00+09:00,602.9610968154078,618.5717400986547,593.2044447633785,610.7664184570312,320700,0.0,0.0
2023-04-13 00:00:00+09:00,605.8880861138456,607.8394165039062,597.1070993585724,607.8394165039062,69700,0.0,0.0
2023-04-14 00:00:00+09:00,603.9367981935159,610.7664550389999,603.9367981935159,608.8151245117188,32500,0.0,0.0
2023-04-17 00:00:00+09:00,608.8150872564935,608.8150872564935,601.009765625,601.009765625,14900,0.0,0.0
2023-04-18 00:00:00+09:00,601.9854491195058,603.936779586668,600.0341186523438,600.0341186523438,18300,0.0,0.0
2023-04-19 00:00:00+09:00,602.9611327329753,602.9611327329753,599.0584716796875,599.0584716796875,7000,0.0,0.0
2023-04-20 00:00:00+09:00,599.0584415072193,603.936767578125,598.0827762930381,603.936767578125,14300,0.0,0.0
2023-04-21 00:00:00+09:00,604.9124327923062,604.9124327923062,601.9854371497627,603.936767578125,7900,0.0,0.0
2023-04-24 00:00:00+09:00,603.9367493660219,604.9124145507812,601.009753811744,604.9124145507812,6100,0.0,0.0
2023-04-25 00:00:00+09:00,601.009765625,603.9367612368101,601.009765625,601.009765625,9300,0.0,0.0
2023-04-26 00:00:00+09:00,601.9854674696534,601.9854674696534,599.0584716796875,599.0584716796875,8800,0.0,0.0
2023-04-27 00:00:00+09:00,606.863775287411,606.863775287411,599.0584534187627,600.0341186523438,8700,0.0,0.0
2023-04-28 00:00:00+09:00,601.9854308289367,602.9610960328733,600.0341004210633,601.009765625,3700,0.0,0.0
2023-05-01 00:00:00+09:00,601.9854125976562,601.9854125976562,601.0097474232679,601.9854125976562,3000,0.0,0.0
2023-05-02 00:00:00+09:00,602.9610595703125,604.912389860184,602.9610595703125,602.9610595703125,8700,0.0,0.0
2023-05-08 00:00:00+09:00,604.912389860184,604.912389860184,602.9610595703125,602.9610595703125,4700,0.0,0.0
2023-05-09 00:00:00+09:00,604.9124573048763,605.8881225585938,603.9367920511587,605.8881225585938,4700,0.0,0.0
2023-05-10 00:00:00+09:00,606.86376953125,607.8394347555768,603.9367738582697,606.86376953125,7200,0.0,0.0
2023-05-11 00:00:00+09:00,605.8880797355406,608.8150752898185,603.9367493660219,604.9124145507812,10500,0.0,0.0
2023-05-12 00:00:00+09:00,604.9124390825965,608.8150999799035,602.9611086339429,606.86376953125,14600,0.0,0.0
2023-05-15 00:00:00+09:00,606.86376953125,606.86376953125,601.9854434096162,606.86376953125,7200,0.0,0.0
2023-05-16 00:00:00+09:00,606.8637201500557,606.8637201500557,602.9610595703125,602.9610595703125,8000,0.0,0.0
2023-05-17 00:00:00+09:00,602.9610960328733,602.9610960328733,600.0341004210633,601.009765625,3200,0.0,0.0
2023-05-18 00:00:00+09:00,605.8881222589122,605.8881222589122,596.1314697265625,596.1314697265625,8000,0.0,0.0
2023-05-19 00:00:00+09:00,600.0340876344775,600.0340876344775,592.2287661693135,595.15576171875,12300,0.0,0.0
2023-05-22 00:00:00+09:00,595.15576171875,597.107092085041,593.204431352459,595.15576171875,7900,0.0,0.0
2023-05-23 00:00:00+09:00,594.1801210291245,597.1071166992188,593.2044558057598,597.1071166992188,3800,0.0,0.0
2023-05-24 00:00:00+09:00,595.15576171875,599.0584224513319,592.2287661693135,595.15576171875,5600,0.0,0.0
2023-05-25 00:00:00+09:00,597.1071287456311,597.1071287456311,589.3018068012439,593.2044677734375,7500,0.0,0.0
2023-05-26 00:00:00+09:00,591.2531372873407,595.1557982595343,591.2531372873407,593.2044677734375,2900,0.0,0.0
2023-05-29 00:00:00+09:00,594.1801210291245,599.0584471459482,594.1801210291245,597.1071166992188,3100,0.0,0.0
2023-05-30 00:00:00+09:00,597.1071166992188,599.0584471459482,597.1071166992188,597.1071166992188,2000,0.0,0.0
2023-05-31 00:00:00+09:00,597.1071160908949,598.0827813132657,587.3504638671875,587.3504638671875,10400,0.0,0.0
2023-06-01 00:00:00+09:00,587.3504327873089,587.3504327873089,575.6424507383925,582.4721069335938,8100,0.0,0.0
2023-06-02 00:00:00+09:00,584.4234437052409,587.3504392496745,577.5937874348958,585.3991088867188,3000,0.0,0.0
2023-06-05 00:00:00+09:00,584.4234563745681,591.2531127929688,584.4234563745681,591.2531127929688,2600,0.0,0.0
2023-06-06 00:00:00+09:00,590.2774475903401,591.2531127929688,589.3017823877115,591.2531127929688,1300,0.0,0.0
2023-06-07 00:00:00+09:00,591.253099975586,591.253099975586,585.3991088867188,585.3991088867188,3300,0.0,0.0
2023-06-08 00:00:00+09:00,585.3991088867188,591.253099975586,585.3991088867188,585.3991088867188,4000,0.0,0.0
2023-06-09 00:00:00+09:00,591.2531431582129,594.1801389164218,586.3748168945312,586.3748168945312,2100,0.0,0.0
2023-06-12 00:00:00+09:00,585.3991334224461,590.2774595342997,585.3991334224461,587.3504638671875,4500,0.0,0.0
2023-06-13 00:00:00+09:00,588.326147400004,589.3018126527402,586.3748168945312,586.3748168945312,3900,0.0,0.0
2023-06-14 00:00:00+09:00,587.350451982454,591.2531127929688,585.3991215771968,591.2531127929688,5800,0.0,0.0
2023-06-15 00:00:00+09:00,592.2288084109492,592.2288084109492,586.3748168945312,586.3748168945312,5200,0.0,0.0
2023-06-16 00:00:00+09:00,588.3261290895582,588.3261290895582,585.3991334224461,587.3504638671875,6900,0.0,0.0
2023-06-19 00:00:00+09:00,587.3504575496921,588.3261227615687,584.4234619140625,584.4234619140625,7400,0.0,0.0
2023-06-20 00:00:00+09:00,585.3991334224461,590.2774595342997,585.3991334224461,587.3504638671875,5100,0.0,0.0
2023-06-21 00:00:00+09:00,587.3504638671875,595.1557856461535,587.3504638671875,587.3504638671875,5500,0.0,0.0
2023-06-22 00:00:00+09:00,588.3261234678071,595.1557799591416,585.3991278286638,594.1801147460938,5600,0.0,0.0
2023-06-23 00:00:00+09:00,593.2044303385417,593.2044303385417,585.3991088867188,585.3991088867188,5600,0.0,0.0
2023-06-26 00:00:00+09:00,587.3504638671875,589.301794311929,586.3747986448168,587.3504638671875,1600,0.0,0.0
2023-06-27 00:00:00+09:00,587.350476315147,604.9124506900185,586.3748110720986,593.2044677734375,10800,0.0,0.0
2023-06-28 00:00:00+09:00,593.2044495330459,594.1801147460938,585.3991278286638,594.1801147460938,4400,0.0,0.0
2023-06-29 00:00:00+09:00,595.1557982595343,600.0341244747764,592.2288025303891,593.2044677734375,6400,0.0,0.0
2023-06-30 00:00:00+09:00,595.1557799591416,596.1314451721893,593.2044495330459,594.1801147460938,4800,0.0,0.0
2023-07-03 00:00:00+09:00,596.1314269018955,597.107092085041,594.1800965356045,595.15576171875,7200,0.0,0.0
2023-07-04 00:00:00+09:00,599.0584534187627,603.936779586668,594.1801272508575,600.0341186523438,13400,0.0,0.0
2023-07-05 00:00:00+09:00,597.1071048092532,601.9854308289367,596.1314396053166,601.009765625,3400,0.0,0.0
2023-07-06 00:00:00+09:00,598.0827819225834,598.0827819225834,597.1071166992188,597.1071166992188,2300,0.0,0.0
2023-07-07 00:00:00+09:00,598.082763671875,599.058428865467,598.082763671875,598.082763671875,2100,0.0,0.0
2023-07-10 00:00:00+09:00,601.9854428160425,602.9611080394071,597.1071166992188,597.1071166992188,4400,0.0,0.0
2023-07-11 00:00:00+09:00,597.1071411530436,602.9611327329753,597.1071411530436,599.0584716796875,6700,0.0,0.0
2023-07-12 00:00:00+09:00,602.9611267974411,605.8881225585938,597.1071352751359,605.8881225585938,19000,0.0,0.0
2023-07-13 00:00:00+09:00,596.131451475854,599.0584471459482,589.3017949123008,597.1071166992188,15900,0.0,0.0
2023-07-14 00:00:00+09:00,599.0584224513319,599.0584224513319,595.15576171875,595.15576171875,1600,0.0,0.0
2023-07-18 00:00:00+09:00,595.1557799591416,596.1314451721893,594.1801147460938,594.1801147460938,2400,0.0,0.0
2023-07-19 00:00:00+09:00,594.1801392200927,596.1314697265625,592.2288087136227,596.1314697265625,2400,0.0,0.0
2023-07-20 00:00:00+09:00,596.1314388061121,596.1314388061121,590.2774475903401,591.2531127929688,4800,0.0,0.0
2023-07-21 00:00:00+09:00,591.2531127929688,592.2287779955974,590.2774475903401,591.2531127929688,2600,0.0,0.0
2023-07-24 00:00:00+09:00,591.2531127929688,595.1557736034833,590.2774475903401,591.2531127929688,3600,0.0,0.0
2023-07-25 00:00:00+09:00,592.228759765625,595.1557552834123,592.228759765625,592.228759765625,1100,0.0,0.0
2023-07-26 00:00:00+09:00,592.228759765625,592.228759765625,592.228759765625,592.228759765625,1900,0.0,0.0
2023-07-27 00:00:00+09:00,592.2287661693135,595.15576171875,590.2774358030225,595.15576171875,2600,0.0,0.0
2023-07-28 00:00:00+09:00,594.1801392200927,597.1071349797975,592.2288087136227,596.1314697265625,5500,0.0,0.0
2023-07-31 00:00:00+09:00,595.1558044733275,597.1071349797975,594.1801392200927,596.1314697265625,3100,0.0,0.0
2023-08-01 00:00:00+09:00,598.0828002330325,600.0341307395024,596.1314697265625,596.1314697265625,4300,0.0,0.0
2023-08-02 00:00:00+09:00,596.131451475854,600.034112369313,595.1557862524893,597.1071166992188,4300,0.0,0.0
2023-08-03 00:00:00+09:00,597.1070856286037,597.1070856286037,592.228759765625,592.228759765625,2900,0.0,0.0
2023-08-04 00:00:00+09:00,592.2287779955974,596.1314388061121,591.2531127929688,591.2531127929688,3100,0.0,0.0
2023-08-07 00:00:00+09:00,591.2531191069504,596.1314451721893,591.2531191069504,594.1801147460938,2400,0.0,0.0
2023-08-08 00:00:00+09:00,593.204461518595,598.0827876823993,590.2774658203125,590.2774658203125,8600,0.0,0.0
2023-08-09 00:00:00+09:00,597.1071103852371,598.0827755982848,594.1801147460938,594.1801147460938,1800,0.0,0.0
2023-08-10 00:00:00+09:00,593.2044677734375,595.1557982595343,589.3018068012439,593.2044677734375,2600,0.0,0.0
2023-08-14 00:00:00+09:00,597.1071287456311,599.058459231728,593.2044677734375,593.2044677734375,4200,0.0,0.0
2023-08-15 00:00:00+09:00,598.0827813132657,598.0827813132657,587.3504638671875,587.3504638671875,3200,0.0,0.0
2023-08-16 00:00:00+09:00,589.301794311929,593.204455201412,587.3504638671875,587.3504638671875,3500,0.0,0.0
2023-08-17 00:00:00+09:00,588.3261477006828,596.1314697265625,588.3261477006828,596.1314697265625,7400,0.0,0.0
2023-08-18 00:00:00+09:00,595.1557552834123,595.1557552834123,590.2774294204335,592.228759765625,5000,0.0,0.0
2023-08-21 00:00:00+09:00,595.1557799591416,595.1557799591416,585.3991278286638,594.1801147460938,4200,0.0,0.0
2023-08-22 00:00:00+09:00,591.2531064161614,594.180101992479,588.3261108398438,588.3261108398438,6000,0.0,0.0
2023-08-23 00:00:00+09:00,590.2774412240556,590.2774412240556,588.3261108398438,588.3261108398438,1900,0.0,0.0
2023-08-24 00:00:00+09:00,589.3017823877115,591.2531127929688,589.3017823877115,591.2531127929688,1000,0.0,0.0
2023-08-25 00:00:00+09:00,591.2530881363825,595.1557487841474,589.3017578125,589.3017578125,9000,0.0,0.0
2023-08-28 00:00:00+09:00,591.2531372873407,594.1801330164859,584.4234805860018,593.2044677734375,15100,0.0,0.0
2023-08-29 00:00:00+09:00,590.2774475903401,592.2287779955974,583.4477911719395,591.2531127929688,9000,0.0,0.0
2023-08-30 00:00:00+09:00,589.2920742762425,594.1946705680582,585.36999724279,591.2531127929688,11100,3.0,0.0
2023-08-31 00:00:00+09:00,589.2921142578125,594.1947108822535,583.4089983084832,589.2921142578125,16000,0.0,0.0
2023-09-01 00:00:00+09:00,589.2920742762425,593.214151309695,589.2920742762425,591.2531127929688,4200,0.0,0.0
2023-09-04 00:00:00+09:00,589.2920847507502,593.2141618539166,588.3115654749586,592.233642578125,3400,0.0,0.0
2023-09-05 00:00:00+09:00,592.2336635274855,595.1752214589135,589.2921055960577,594.1947021484375,3600,0.0,0.0
2023-09-06 00:00:00+09:00,592.2336320513318,593.214151309695,591.2531127929688,591.2531127929688,3600,0.0,0.0
2023-09-07 00:00:00+09:00,590.2725935346056,592.2336320513318,586.350516501153,591.2531127929688,5700,0.0,0.0
2023-09-08 00:00:00+09:00,589.2920932674249,594.1946897172371,587.3310546875,587.3310546875,5800,0.0,0.0
2023-09-11 00:00:00+09:00,588.3115739774624,591.2531318473498,586.3505353975376,587.3310546875,4400,0.0,0.0
2023-09-12 00:00:00+09:00,583.4089566075821,588.3115528815955,583.4089566075821,585.3699951171875,10100,0.0,0.0
2023-09-13 00:00:00+09:00,587.3310651652018,589.2921037801107,585.370026550293,588.3115844726562,1900,0.0,0.0
2023-09-14 00:00:00+09:00,588.3115550178793,591.2531127929688,588.3115550178793,591.2531127929688,1800,0.0,0.0
2023-09-15 00:00:00+09:00,591.2531423950195,592.2336617024739,588.3115844726562,588.3115844726562,4300,0.0,0.0
2023-09-19 00:00:00+09:00,582.4284290807983,590.2725830078125,579.4868713581681,590.2725830078125,14900,0.0,0.0
2023-09-20 00:00:00+09:00,590.2725913912008,590.2725913912008,582.4284373527795,585.3699951171875,6400,0.0,0.0
2023-09-21 00:00:00+09:00,586.350565046272,588.3116037253566,576.5453716508495,584.3895263671875,13600,0.0,0.0
2023-09-22 00:00:00+09:00,574.5843123619003,583.4089861012468,572.6232737531566,582.428466796875,6000,0.0,0.0
2023-09-25 00:00:00+09:00,582.428466796875,582.428466796875,581.4479474925032,582.428466796875,3600,0.0,0.0
2023-09-26 00:00:00+09:00,582.4284562984164,582.4284562984164,574.5843020048351,581.4479370117188,4700,0.0,0.0
2023-09-27 00:00:00+09:00,581.4479350361345,581.4479350361345,572.623261485839,575.5648193359375,7500,0.0,0.0
2023-09-28 00:00:00+09:00,575.5648298198674,577.5258684223201,572.6232719161883,576.5453491210938,6300,0.0,0.0
2023-09-29 00:00:00+09:00,578.5063771860359,578.5063771860359,573.6037807692052,575.5648193359375,16800,0.0,0.0
2023-10-02 00:00:00+09:00,575.5647876687246,577.5258261275618,572.6232299804688,572.6232299804688,1900,0.0,0.0
2023-10-03 00:00:00+09:00,572.6232661732456,572.6232661732456,552.0323610540022,558.89599609375,14000,0.0,0.0
2023-10-04 00:00:00+09:00,558.8959941458195,563.7985905856951,551.0518398420185,553.0128784179688,4600,0.0,0.0
2023-10-05 00:00:00+09:00,553.0129186012567,559.8765541158112,551.0518798828125,551.0518798828125,6800,0.0,0.0
2023-10-06 00:00:00+09:00,558.8960258039848,568.7012192391423,555.9544677734375,555.9544677734375,6100,0.0,0.0
2023-10-10 00:00:00+09:00,570.6622082647131,570.6622082647131,557.9154579082848,562.8180541992188,2700,0.0,0.0
2023-10-11 00:00:00+09:00,563.7985628936927,564.7790821335078,561.8375244140625,561.8375244140625,2500,0.0,0.0
2023-10-12 00:00:00+09:00,559.8764859344323,565.759601373323,559.8764859344323,561.8375244140625,900,0.0,0.0
2023-10-13 00:00:00+09:00,557.9154239620783,560.8569815576604,553.9933471679688,553.9933471679688,11100,0.0,0.0
2023-10-16 00:00:00+09:00,552.0323336514559,552.0323336514559,539.2855834960938,539.2855834960938,12200,0.0,0.0
2023-10-17 00:00:00+09:00,540.2661153632391,547.1297502226632,540.2661153632391,546.1492309570312,4900,0.0,0.0
2023-10-18 00:00:00+09:00,544.188234053831,550.0713500976562,539.2856373506434,550.0713500976562,4900,0.0,0.0
2023-10-19 00:00:00+09:00,546.1492330168322,553.0128679021425,546.1492330168322,552.0323486328125,1500,0.0,0.0
2023-10-20 00:00:00+09:00,552.0323169163295,553.99335534232,549.0907592773438,549.0907592773438,2200,0.0,0.0
2023-10-23 00:00:00+09:00,547.1297712240747,551.0518484371506,547.1297712240747,548.1102905273438,1000,0.0,0.0
2023-10-24 00:00:00+09:00,548.110288651037,548.110288651037,542.2271728515625,542.2271728515625,1400,0.0,0.0
2023-10-25 00:00:00+09:00,546.1492309570312,547.1297502226632,542.2271538945032,546.1492309570312,2200,0.0,0.0
2023-10-26 00:00:00+09:00,545.1687533944686,551.0518694382938,545.1687533944686,550.0713500976562,400,0.0,0.0
2023-10-27 00:00:00+09:00,544.1882219555575,544.1882219555575,543.2077026367188,543.2077026367188,500,0.0,0.0
2023-10-30 00:00:00+09:00,543.2077026367188,544.1882219555575,543.2077026367188,543.2077026367188,700,0.0,0.0
2023-10-31 00:00:00+09:00,543.2076816282411,543.2076816282411,539.2856045045714,541.2466430664062,1800,0.0,0.0
2023-11-01 00:00:00+09:00,542.2271728515625,543.2076921514749,541.2466535516501,542.2271728515625,2500,0.0,0.0
2023-11-02 00:00:00+09:00,542.2271728515625,544.1882114513874,540.2661342517376,542.2271728515625,2100,0.0,0.0
2023-11-06 00:00:00+09:00,544.1882219555575,544.1882219555575,542.2271833178798,543.2077026367188,1900,0.0,0.0
2023-11-07 00:00:00+09:00,543.207652158995,545.1686906144425,543.207652158995,544.1881713867188,3300,0.0,0.0
2023-11-08 00:00:00+09:00,544.1882114513874,544.1882114513874,542.2271728515625,542.2271728515625,1800,0.0,0.0
2023-11-09 00:00:00+09:00,541.2466219815341,542.2271412242543,539.2855834960938,539.2855834960938,5800,0.0,0.0
2023-11-10 00:00:00+09:00,538.3050560203759,544.1881713867188,538.3050560203759,544.1881713867188,19800,0.0,0.0
2023-11-13 00:00:00+09:00,546.1492500512121,546.1492500512121,540.2661342517376,542.2271728515625,3700,0.0,0.0
2023-11-14 00:00:00+09:00,542.2271623473237,545.1687201900759,539.2856045045714,541.2466430664062,2000,0.0,0.0
2023-11-15 00:00:00+09:00,543.2076604669744,544.1881797096946,539.2855834960938,539.2855834960938,5600,0.0,0.0
2023-11-16 00:00:00+09:00,541.2466430664062,543.2076816282411,541.2466430664062,541.2466430664062,1500,0.0,0.0
2023-11-17 00:00:00+09:00,539.2855834960938,542.2271412242543,539.2855834960938,539.2855834960938,3600,0.0,0.0
2023-11-20 00:00:00+09:00,539.2856045045714,542.2271623473237,539.2856045045714,541.2466430664062,1900,0.0,0.0
2023-11-21 00:00:00+09:00,541.2466535516501,542.2271728515625,541.2466535516501,542.2271728515625,2500,0.0,0.0
2023-11-22 00:00:00+09:00,540.2661237854888,543.2076816282411,540.2661237854888,541.2466430664062,2700,0.0,0.0
2023-11-24 00:00:00+09:00,542.2271728515625,543.2076921514749,541.2466535516501,542.2271728515625,5000,0.0,0.0
2023-11-27 00:00:00+09:00,543.2076752088421,559.8765027874529,524.5778090915713,552.0323486328125,33200,0.0,0.0
2023-11-28 00:00:00+09:00,553.9933977059438,558.8959941458195,549.0908012660683,553.0128784179688,3600,0.0,0.0
2023-11-29 00:00:00+09:00,554.9739573197008,556.9349960381451,549.0908411643684,551.0518798828125,4200,0.0,0.0
2023-11-30 00:00:00+09:00,549.0907908248224,553.9933871714726,549.0907908248224,552.0323486328125,5500,0.0,0.0
2023-12-01 00:00:00+09:00,552.0323402512241,556.9349365234375,552.0323402512241,556.9349365234375,6000,0.0,0.0
2023-12-04 00:00:00+09:00,556.9349766384165,558.8960152885518,550.071341362943,554.9739379882812,9200,0.0,0.0
2023-12-05 00:00:00+09:00,552.032308770914,553.9933471679688,549.0907511753319,553.9933471679688,3500,0.0,0.0
2023-12-06 00:00:00+09:00,549.0908411643684,551.0518798828125,549.0908411643684,551.0518798828125,4500,0.0,0.0
2023-12-07 00:00:00+09:00,549.0907592773438,553.99335534232,549.0907592773438,549.0907592773438,2000,0.0,0.0
2023-12-08 00:00:00+09:00,548.1102780328281,548.1102780328281,540.2661237854888,541.2466430664062,6500,0.0,0.0
2023-12-11 00:00:00+09:00,541.2466535516501,543.2076921514749,539.2856149518253,542.2271728515625,4900,0.0,0.0
2023-12-12 00:00:00+09:00,541.2466219815341,542.2271412242543,539.2855834960938,539.2855834960938,2400,0.0,0.0
2023-12-13 00:00:00+09:00,541.246662223426,542.2271815390482,537.3245849609375,537.3245849609375,5700,0.0,0.0
2023-12-14 00:00:00+09:00,537.3245744722635,539.285613065228,536.3440551757812,536.3440551757812,3200,0.0,0.0
2023-12-15 00:00:00+09:00,536.3440446678973,538.3050832224417,535.363525390625,535.363525390625,5400,0.0,0.0
2023-12-18 00:00:00+09:00,535.3635639630286,535.3635639630286,527.5194091796875,527.5194091796875,4800,0.0,0.0
2023-12-19 00:00:00+09:00,527.5193776923919,532.4219741393472,524.5778198242188,524.5778198242188,6900,0.0,0.0
2023-12-20 00:00:00+09:00,527.5193987230127,527.5193987230127,524.5778407375684,526.5388793945312,3500,0.0,0.0
2023-12-21 00:00:00+09:00,524.5778198242188,526.5388584030009,522.6167812454366,524.5778198242188,7800,0.0,0.0
2023-12-22 00:00:00+09:00,524.5778198242188,526.5388584030009,521.6362619560456,524.5778198242188,7000,0.0,0.0
2023-12-25 00:00:00+09:00,524.5778372628348,524.5778372628348,512.8116053989955,514.7726440429688,28600,0.0,0.0
2023-12-26 00:00:00+09:00,518.6947423366713,518.6947423366713,511.8311068048061,516.7337036132812,10900,0.0,0.0
2023-12-27 00:00:00+09:00,513.7921037546307,515.7531423185796,512.8115844726562,512.8115844726562,8700,0.0,0.0
2023-12-28 00:00:00+09:00,513.7921037546307,515.7531423185796,512.8115844726562,512.8115844726562,3100,0.0,0.0
2023-12-29 00:00:00+09:00,515.7531842515863,518.6947423366713,514.7726648898912,516.7337036132812,4100,0.0,0.0
2024-01-04 00:00:00+09:00,516.7336740169885,521.636270544664,516.7336740169885,519.6752319335938,2700,0.0,0.0
2024-01-05 00:00:00+09:00,526.538870723485,534.383025222159,522.6167934741482,531.4414672851562,2900,0.0,0.0
2024-01-09 00:00:00+09:00,531.4414567929759,536.3440532578558,530.4609375,530.4609375,4100,0.0,0.0
2024-01-10 00:00:00+09:00,531.4414378314938,539.2855918954272,529.4803993155103,534.3829956054688,7300,0.0,0.0
2024-01-11 00:00:00+09:00,539.2856460681064,546.1492815635187,534.3830492856691,545.1687622070312,9100,0.0,0.0
2024-01-12 00:00:00+09:00,546.1492830867021,553.9934379604788,545.16876372748,551.0518798828125,16900,0.0,0.0
2024-01-15 00:00:00+09:00,547.1297781171589,547.1297781171589,533.4025076984489,537.3245849609375,6600,0.0,0.0
2024-01-16 00:00:00+09:00,547.1297693511245,547.1297693511245,533.4024991523509,542.2271728515625,4100,0.0,0.0
2024-01-17 00:00:00+09:00,540.2661429078039,540.2661429078039,535.3635463296931,537.3245849609375,4800,0.0,0.0
2024-01-18 00:00:00+09:00,537.3245533794438,539.2855918954272,534.3829956054688,534.3829956054688,900,0.0,0.0
2024-01-19 00:00:00+09:00,536.3440656453154,540.2661429078039,534.383027014071,537.3245849609375,4100,0.0,0.0
2024-01-22 00:00:00+09:00,537.3245533794438,538.3050726374355,534.3829956054688,534.3829956054688,2600,0.0,0.0
2024-01-23 00:00:00+09:00,537.3245849609375,537.3245849609375,534.383027014071,537.3245849609375,2700,0.0,0.0
2024-01-24 00:00:00+09:00,534.3830374073244,538.3051147460938,534.3830374073244,538.3051147460938,3400,0.0,0.0
2024-01-25 00:00:00+09:00,536.344076076709,539.285634080786,536.344076076709,538.3051147460938,4000,0.0,0.0
2024-01-26 00:00:00+09:00,538.3050747575431,540.26611328125,537.3245554956897,540.26611328125,3800,0.0,0.0
2024-01-29 00:00:00+09:00,544.1881632123675,549.0907592773438,542.227124786377,549.0907592773438,3500,0.0,0.0
2024-01-30 00:00:00+09:00,551.0518694382938,552.0323887789314,547.1297920757437,550.0713500976562,5900,0.0,0.0
2024-01-31 00:00:00+09:00,550.0713500976562,553.0129081195688,546.1492727351061,550.0713500976562,6900,0.0,0.0
2024-02-01 00:00:00+09:00,552.0323887789314,553.9934274602064,550.0713500976562,550.0713500976562,5600,0.0,0.0
2024-02-02 00:00:00+09:00,551.0518606880107,554.9739379882812,550.071341362943,554.9739379882812,4200,0.0,0.0
2024-02-05 00:00:00+09:00,549.090774296466,561.8375244140625,549.090774296466,561.8375244140625,10700,0.0,0.0
2024-02-06 00:00:00+09:00,561.8375644984471,564.7791224277584,558.8960065691358,559.8765258789062,3300,0.0,0.0
2024-02-07 00:00:00+09:00,559.8765172958374,567.7206716537476,558.8959980010986,564.7791137695312,5500,0.0,0.0
2024-02-08 00:00:00+09:00,562.8180563038793,568.701171875,551.0518251616379,568.701171875,10800,0.0,0.0
2024-02-09 00:00:00+09:00,568.7011843523743,575.5648193359375,567.7206650690082,575.5648193359375,9800,0.0,0.0
2024-02-13 00:00:00+09:00,575.5648595043737,575.5648595043737,566.7401853382078,573.6038208007812,1500,0.0,0.0
2024-02-14 00:00:00+09:00,573.6037893393606,573.6037893393606,567.7206735512646,570.6622314453125,2200,0.0,0.0
2024-02-15 00:00:00+09:00,571.6427296605603,572.6232489224138,557.9154599946121,568.701171875,8400,0.0,0.0
2024-02-16 00:00:00+09:00,565.7596140894397,568.701171875,560.8570177801724,568.701171875,2600,0.0,0.0
2024-02-19 00:00:00+09:00,560.8570073840943,572.6232383082362,559.8764881404159,567.7206420898438,6200,0.0,0.0
2024-02-20 00:00:00+09:00,567.7206650690082,575.5648193359375,567.7206650690082,575.5648193359375,5300,0.0,0.0
2024-02-21 00:00:00+09:00,576.5453491210938,578.5063877235465,571.642752614962,576.5453491210938,4900,0.0,0.0
2024-02-22 00:00:00+09:00,576.5453218239636,585.3699951171875,568.7011677855423,585.3699951171875,9300,0.0,0.0
2024-02-26 00:00:00+09:00,585.3700228321309,585.3700228321309,575.5648298198674,576.5453491210938,3200,0.0,0.0
2024-02-27 00:00:00+09:00,578.5063686886349,580.4674072265625,572.6232530748522,580.4674072265625,6300,0.0,0.0
2024-02-28 00:00:00+09:00,576.5119018554688,583.4340001624812,571.5675459218884,576.5119018554688,8900,5.0,0.0
2024-02-29 00:00:00+09:00,576.5119016450027,582.4451287631331,570.5786745268723,573.5452880859375,3100,0.0,0.0
2024-03-01 00:00:00+09:00,573.5453287760416,580.4674275716145,573.5453287760416,578.4896850585938,1300,0.0,0.0
2024-03-04 00:00:00+09:00,579.4785154156169,579.4785154156169,573.5452882953206,576.5119018554688,1700,0.0,0.0
2024-03-05 00:00:00+09:00,578.4896850585938,578.4896850585938,565.6343587239583,578.4896850585938,3300,0.0,0.0
2024-03-06 00:00:00+09:00,578.4896644671483,578.4896644671483,571.5675659179688,571.5675659179688,4200,0.0,0.0
2024-03-07 00:00:00+09:00,568.6009520417326,570.5786944836169,565.6343383789062,565.6343383789062,4700,0.0,0.0
2024-03-08 00:00:00+09:00,563.656595937022,565.6343383789062,561.6788534951377,565.6343383789062,1200,0.0,0.0
2024-03-11 00:00:00+09:00,565.6343382716389,565.6343382716389,558.7122397263565,562.667724609375,1600,0.0,0.0
2024-03-12 00:00:00+09:00,565.6343381632342,565.6343381632342,558.7122396192786,559.7011108398438,6700,0.0,0.0
2024-03-13 00:00:00+09:00,559.7011110532534,566.6232095998483,559.7011110532534,565.6343383789062,4600,0.0,0.0
2024-03-14 00:00:00+09:00,567.612060546875,567.612060546875,567.612060546875,567.612060546875,200,0.0,0.0
2024-03-15 00:00:00+09:00,567.6120607584353,570.5786743164062,566.623189572445,570.5786743164062,3000,0.0,0.0
2024-03-18 00:00:00+09:00,566.6232299804688,573.5453287760416,566.6232299804688,572.5564575195312,3300,0.0,0.0
2024-03-19 00:00:00+09:00,569.58984375,569.58984375,569.58984375,569.58984375,2300,0.0,0.0
2024-03-21 00:00:00+09:00,569.58984375,573.5453287760416,569.58984375,572.5564575195312,7900,0.0,0.0
2024-03-22 00:00:00+09:00,572.5564575195312,575.5230712890625,572.5564575195312,572.5564575195312,2900,0.0,0.0
2024-03-25 00:00:00+09:00,573.5452882953206,576.5119018554688,573.5452882953206,576.5119018554688,1100,0.0,0.0
2024-03-26 00:00:00+09:00,564.6454474087419,573.5452880859375,562.6677050360317,573.5452880859375,9500,0.0,0.0
2024-03-27 00:00:00+09:00,571.5675862630208,571.5675862630208,566.6232299804688,569.58984375,2600,0.0,0.0
2024-03-28 00:00:00+09:00,565.6343383789062,568.6009520417326,564.645467157964,565.6343383789062,2400,0.0,0.0
2024-03-29 00:00:00+09:00,567.612060546875,568.6009317324967,565.6343181756315,567.612060546875,800,0.0,0.0
2024-04-01 00:00:00+09:00,568.6009317324967,568.6009317324967,567.612060546875,567.612060546875,4800,0.0,0.0
2024-04-02 00:00:00+09:00,567.6120809273098,569.5898233695652,567.6120809273098,568.6009521484375,1900,0.0,0.0
2024-04-03 00:00:00+09:00,568.6009317324967,569.5898029181185,565.6343181756315,567.612060546875,4300,0.0,0.0
2024-04-04 00:00:00+09:00,569.58984375,569.58984375,568.6009724934895,569.58984375,2800,0.0,0.0
2024-04-05 00:00:00+09:00,570.5786946966574,571.5675659179688,570.5786946966574,571.5675659179688,1400,0.0,0.0
2024-04-08 00:00:00+09:00,567.612060546875,572.5564164749837,566.6231893612533,567.612060546875,1500,0.0,0.0
2024-04-09 00:00:00+09:00,566.6231893612533,571.567545289362,563.6565758043881,567.612060546875,2000,0.0,0.0
2024-04-10 00:00:00+09:00,567.6120809273098,569.5898233695652,567.6120809273098,568.6009521484375,900,0.0,0.0
2024-04-11 00:00:00+09:00,570.5787150065104,572.5564575195312,570.5787150065104,572.5564575195312,1500,0.0,0.0
2024-04-12 00:00:00+09:00,570.5787150065104,575.5230712890625,570.5787150065104,575.5230712890625,4400,0.0,0.0
2024-04-15 00:00:00+09:00,565.6343179625931,567.6120603330916,563.6565755920944,564.6454467773438,7200,0.0,0.0
2024-04-16 00:00:00+09:00,564.6454461257229,564.6454461257229,555.74560546875,555.74560546875,13400,0.0,0.0
2024-04-17 00:00:00+09:00,559.7011311848958,559.7011311848958,557.723388671875,557.723388671875,4300,0.0,0.0
2024-04-18 00:00:00+09:00,557.7233478369661,559.7010902051824,550.8012495482095,555.74560546875,700,0.0,0.0
2024-04-19 00:00:00+09:00,555.7456256311715,555.7456256311715,548.8235270912814,550.80126953125,2400,0.0,0.0
2024-04-22 00:00:00+09:00,550.801289876302,552.7790323893229,550.801289876302,551.7901611328125,600,0.0,0.0
2024-04-23 00:00:00+09:00,553.7678834091918,556.7344970703125,553.7678834091918,556.7344970703125,1300,0.0,0.0
2024-04-24 00:00:00+09:00,553.7679036458333,557.723388671875,553.7679036458333,557.723388671875,3600,0.0,0.0
2024-04-25 00:00:00+09:00,550.801289876302,559.7011311848958,550.801289876302,557.723388671875,1000,0.0,0.0
2024-04-26 00:00:00+09:00,558.7122599283854,558.7122599283854,554.7567749023438,554.7567749023438,1200,0.0,0.0
2024-04-30 00:00:00+09:00,553.7678626629946,554.7567338463214,549.8123779296875,549.8123779296875,3000,0.0,0.0
2024-05-01 00:00:00+09:00,547.8346761067708,557.723388671875,547.8346761067708,557.723388671875,1300,0.0,0.0
2024-05-02 00:00:00+09:00,556.7345174153645,557.723388671875,546.8458048502604,548.8235473632812,2700,0.0,0.0
2024-05-07 00:00:00+09:00,548.8235473632812,553.7679036458333,548.8235473632812,548.8235473632812,1800,0.0,0.0
2024-05-08 00:00:00+09:00,551.7901207323176,555.74560546875,550.8012495482095,555.74560546875,600,0.0,0.0
2024-05-09 00:00:00+09:00,554.7567342846419,556.7344766528581,554.7567342846419,555.74560546875,500,0.0,0.0
2024-05-10 00:00:00+09:00,545.8568929772265,547.834635343086,544.8680217942967,546.8457641601562,6900,0.0,0.0
2024-05-13 00:00:00+09:00,544.8680623372395,550.801289876302,544.8680623372395,548.8235473632812,500,0.0,0.0
2024-05-14 00:00:00+09:00,550.801289876302,557.723388671875,550.801289876302,557.723388671875,1500,0.0,0.0
2024-05-15 00:00:00+09:00,558.7122599283854,560.6900024414062,556.7345174153645,560.6900024414062,2600,0.0,0.0
2024-05-16 00:00:00+09:00,560.6899616072664,560.6899616072664,558.7122192382812,558.7122192382812,2700,0.0,0.0
2024-05-17 00:00:00+09:00,561.6788327917589,563.656575160744,558.7122192382812,558.7122192382812,5700,0.0,0.0
2024-05-20 00:00:00+09:00,558.7122194531938,564.6454465624313,558.7122194531938,561.6788330078125,900,0.0,0.0
2024-05-21 00:00:00+09:00,561.6788736979166,561.6788736979166,560.6900024414062,560.6900024414062,2400,0.0,0.0
2024-05-22 00:00:00+09:00,561.6788736979166,564.6454874674479,561.6788736979166,563.6566162109375,400,0.0,0.0
2024-05-23 00:00:00+09:00,547.8346355630339,550.8012491130143,546.8457643797071,549.8123779296875,18900,0.0,0.0
2024-05-24 00:00:00+09:00,549.8123779296875,549.8123779296875,546.8457643797071,549.8123779296875,1100,0.0,0.0
2024-05-27 00:00:00+09:00,549.8124186197916,549.8124186197916,543.8791910807291,548.8235473632812,1300,0.0,0.0
2024-05-28 00:00:00+09:00,545.85693359375,547.8346761067708,536.9570922851562,542.8903198242188,2700,0.0,0.0
2024-05-29 00:00:00+09:00,543.8791708825728,547.8346557617188,543.8791708825728,547.8346557617188,1900,0.0,0.0
2024-05-30 00:00:00+09:00,537.9459635416666,542.8903198242188,537.9459635416666,542.8903198242188,2000,0.0,0.0
2024-05-31 00:00:00+09:00,542.8902995530144,544.8680419921875,542.8902995530144,544.8680419921875,1500,0.0,0.0
2024-06-03 00:00:00+09:00,544.8680217942967,552.7789912577348,544.8680217942967,546.8457641601562,1700,0.0,0.0
2024-06-04 00:00:00+09:00,550.8012696402413,553.7678833007812,550.8012696402413,553.7678833007812,1300,0.0,0.0
2024-06-05 00:00:00+09:00,548.8235473632812,554.7567749023438,548.8235473632812,554.7567749023438,2400,0.0,0.0
2024-06-06 00:00:00+09:00,556.7344972848473,568.6009519339027,556.7344972848473,562.667724609375,8200,0.0,0.0
2024-06-07 00:00:00+09:00,567.6120607584353,570.5786743164062,566.623189572445,570.5786743164062,2500,0.0,0.0
2024-06-10 00:00:00+09:00,571.5675655961664,571.5675655961664,561.6788533886204,562.667724609375,2800,0.0,0.0
2024-06-11 00:00:00+09:00,562.6677046187664,568.6009317324967,558.7122198762794,567.612060546875,2700,0.0,0.0
2024-06-12 00:00:00+09:00,567.6121012369791,567.6121012369791,560.6900024414062,563.6566162109375,800,0.0,0.0
2024-06-13 00:00:00+09:00,564.6454668333009,564.6454668333009,556.7344970703125,556.7344970703125,1000,0.0,0.0
2024-06-14 00:00:00+09:00,555.7456056848036,558.7122192382812,554.7567345003112,558.7122192382812,500,0.0,0.0
2024-06-17 00:00:00+09:00,553.7679036458333,557.723388671875,553.7679036458333,557.723388671875,2200,0.0,0.0
2024-06-18 00:00:00+09:00,553.7678631005338,559.7010902051824,549.8123783641014,555.74560546875,2800,0.0,0.0
2024-06-19 00:00:00+09:00,552.7789919164256,556.7344766528581,552.7789919164256,555.74560546875,900,0.0,0.0
2024-06-20 00:00:00+09:00,555.7456461588541,557.723388671875,554.7567749023438,557.723388671875,2100,0.0,0.0
2024-06-21 00:00:00+09:00,555.74560546875,557.7233478369661,555.74560546875,555.74560546875,4400,0.0,0.0
2024-06-24 00:00:00+09:00,557.723388671875,558.7122599283854,555.7456461588541,557.723388671875,5500,0.0,0.0
2024-06-25 00:00:00+09:00,555.7456461588541,557.723388671875,555.7456461588541,557.723388671875,1600,0.0,0.0
2024-06-26 00:00:00+09:00,558.7122192382812,559.7010904227737,558.7122192382812,558.7122192382812,2600,0.0,0.0
2024-06-27 00:00:00+09:00,554.7567345003112,558.7122192382812,554.7567345003112,558.7122192382812,1100,0.0,0.0
2024-06-28 00:00:00+09:00,558.7122599283854,560.6900024414062,552.7790323893229,554.7567749023438,1100,0.0,0.0
2024-07-01 00:00:00+09:00,551.7901209468336,558.7122192382812,551.7901209468336,558.7122192382812,2000,0.0,0.0
2024-07-02 00:00:00+09:00,553.7679036458333,557.723388671875,553.7679036458333,554.7567749023438,1200,0.0,0.0
2024-07-03 00:00:00+09:00,554.7567340666578,556.7344764340969,552.7789916992188,552.7789916992188,1100,0.0,0.0
2024-07-04 00:00:00+09:00,552.7790323893229,554.7567749023438,552.7790323893229,554.7567749023438,1300,0.0,0.0
2024-07-05 00:00:00+09:00,554.7567749023438,555.7456461588541,551.7901611328125,551.7901611328125,1100,0.0,0.0
2024-07-08 00:00:00+09:00,553.7678833007812,556.7344969613212,548.8235271998815,553.7678833007812,3000,0.0,0.0
2024-07-09 00:00:00+09:00,553.7678631005338,555.74560546875,546.8457648117771,555.74560546875,1200,0.0,0.0
2024-07-10 00:00:00+09:00,555.7456257411412,557.7233681815011,553.7678833007812,553.7678833007812,3000,0.0,0.0
2024-07-11 00:00:00+09:00,556.7345174153645,557.723388671875,556.7345174153645,557.723388671875,1700,0.0,0.0
2024-07-12 00:00:00+09:00,547.8346560869504,557.723368290686,547.8346560869504,556.7344970703125,1000,0.0,0.0
2024-07-16 00:00:00+09:00,557.723368290686,557.723368290686,556.7344970703125,556.7344970703125,7200,0.0,0.0
2024-07-17 00:00:00+09:00,549.8123985276976,556.7344970703125,547.8346560869504,556.7344970703125,3300,0.0,0.0
2024-07-18 00:00:00+09:00,554.7567749023438,556.7345174153645,554.7567749023438,554.7567749023438,1000,0.0,0.0
2024-07-19 00:00:00+09:00,553.7678628829383,553.7678628829383,552.7789916992188,552.7789916992188,1700,0.0,0.0
2024-07-22 00:00:00+09:00,552.7789912577348,555.745604806524,546.8457641601562,546.8457641601562,2600,0.0,0.0
2024-07-23 00:00:00+09:00,543.879150390625,543.879150390625,539.9236656605113,543.879150390625,6900,0.0,0.0
2024-07-24 00:00:00+09:00,546.8457844313606,555.7456254076395,543.879170772601,544.8680419921875,5900,0.0,0.0
2024-07-25 00:00:00+09:00,547.8346558712972,550.80126953125,545.8569134313285,550.80126953125,1100,0.0,0.0
2024-07-26 00:00:00+09:00,550.8012491130143,553.7678626629946,549.8123779296875,549.8123779296875,2100,0.0,0.0
2024-07-29 00:00:00+09:00,549.8123781480601,552.7789916992188,549.8123781480601,552.7789916992188,7300,0.0,0.0
2024-07-30 00:00:00+09:00,552.7790323893229,552.7790323893229,548.8235473632812,548.8235473632812,700,0.0,0.0
2024-07-31 00:00:00+09:00,646.7218017578125,646.7218017578125,598.267110188802,617.0556640625,259300,0.0,0.0
2024-08-01 00:00:00+09:00,622.9888916015625,631.8887329101562,619.0334065755208,631.8887329101562,72100,0.0,0.0
2024-08-02 00:00:00+09:00,631.8886913085937,631.8886913085937,603.2114267578125,618.0444946289062,35300,0.0,0.0
2024-08-05 00:00:00+09:00,604.2002948629445,604.2002948629445,571.5675457132273,573.5452880859375,43700,0.0,0.0
2024-08-06 00:00:00+09:00,593.3227124562287,593.3227124562287,569.5898039579796,582.4451293945312,23200,0.0,0.0
2024-08-07 00:00:00+09:00,591.3449910821421,592.3338623046875,581.4562788566883,592.3338623046875,11100,0.0,0.0
2024-08-08 00:00:00+09:00,593.3227335272329,594.3116047497783,591.3449910821421,592.3338623046875,5500,0.0,0.0
2024-08-09 00:00:00+09:00,595.3004964192708,597.2782389322916,586.400655110677,593.32275390625,7800,0.0,0.0
2024-08-13 00:00:00+09:00,613.1001790364583,613.1001790364583,594.3116251627604,602.2225952148438,9700,0.0,0.0
2024-08-14 00:00:00+09:00,602.2225748363294,604.2003172824258,593.322733828896,601.2337036132812,6800,0.0,0.0
2024-08-15 00:00:00+09:00,601.2337035123967,601.2337035123967,593.3227337293388,598.26708984375,5700,0.0,0.0
2024-08-16 00:00:00+09:00,598.2670900435378,605.189188606025,596.2893475971129,604.2003173828125,8600,0.0,0.0
2024-08-19 00:00:00+09:00,611.1224159452997,611.1224159452997,604.2003173828125,604.2003173828125,8500,0.0,0.0
2024-08-20 00:00:00+09:00,611.1224365234375,612.1113077799479,605.189208984375,605.189208984375,7100,0.0,0.0
2024-08-21 00:00:00+09:00,610.133544921875,610.133544921875,608.1558024748025,610.133544921875,8700,0.0,0.0
2024-08-22 00:00:00+09:00,613.1001790364583,614.0890502929688,608.1558227539062,614.0890502929688,9100,0.0,0.0
2024-08-23 00:00:00+09:00,616.0667724609375,617.0556436847913,613.100158789376,616.0667724609375,5500,0.0,0.0
2024-08-26 00:00:00+09:00,618.0445353190104,620.0222778320312,617.0556640625,620.0222778320312,8600,0.0,0.0
2024-08-27 00:00:00+09:00,621.0111287758347,622.0,620.0222575516693,622.0,13400,0.0,0.0
2024-08-28 00:00:00+09:00,624.966613672496,624.966613672496,617.0556438791733,622.0,36200,0.0,0.0
2024-08-29 00:00:00+09:00,592.0,603.0,587.0,595.0,31500,7.0,0.0
2024-08-30 00:00:00+09:00,595.0,601.0,590.0,601.0,10000,0.0,0.0
2024-09-02 00:00:00+09:00,600.0,600.0,594.0,594.0,4600,0.0,0.0
2024-09-03 00:00:00+09:00,595.0,599.0,591.0,599.0,5200,0.0,0.0
2024-09-04 00:00:00+09:00,594.0,598.0,592.0,592.0,3900,0.0,0.0
2024-09-05 00:00:00+09:00,590.0,593.0,589.0,589.0,3700,0.0,0.0
2024-09-06 00:00:00+09:00,590.0,591.0,588.0,588.0,1300,0.0,0.0
2024-09-09 00:00:00+09:00,585.0,587.0,580.0,586.0,3000,0.0,0.0
2024-09-10 00:00:00+09:00,586.0,589.0,583.0,584.0,2000,0.0,0.0
2024-09-11 00:00:00+09:00,584.0,585.0,578.0,581.0,2900,0.0,0.0
2024-09-12 00:00:00+09:00,589.0,589.0,578.0,578.0,2400,0.0,0.0
2024-09-13 00:00:00+09:00,578.0,584.0,578.0,578.0,1400,0.0,0.0
2024-09-17 00:00:00+09:00,579.0,585.0,576.0,585.0,5100,0.0,0.0
2024-09-18 00:00:00+09:00,585.0,585.0,577.0,577.0,1900,0.0,0.0
2024-09-19 00:00:00+09:00,578.0,583.0,578.0,580.0,2000,0.0,0.0
2024-09-20 00:00:00+09:00,581.0,584.0,581.0,581.0,1700,0.0,0.0
2024-09-24 00:00:00+09:00,582.0,586.0,581.0,581.0,6500,0.0,0.0
2024-09-25 00:00:00+09:00,586.0,610.0,580.0,591.0,10000,0.0,0.0
2024-09-26 00:00:00+09:00,591.0,591.0,586.0,590.0,1600,0.0,0.0
2024-09-27 00:00:00+09:00,590.0,592.0,590.0,590.0,2000,0.0,0.0
2024-09-30 00:00:00+09:00,588.0,588.0,584.0,585.0,1100,0.0,0.0
2024-10-01 00:00:00+09:00,591.0,593.0,591.0,593.0,1600,0.0,0.0
2024-10-02 00:00:00+09:00,594.0,594.0,584.0,590.0,2000,0.0,0.0
2024-10-03 00:00:00+09:00,593.0,594.0,581.0,587.0,1900,0.0,0.0
2024-10-04 00:00:00+09:00,590.0,592.0,590.0,592.0,6000,0.0,0.0
2024-10-07 00:00:00+09:00,593.0,593.0,587.0,588.0,2400,0.0,0.0
2024-10-08 00:00:00+09:00,585.0,585.0,585.0,585.0,700,0.0,0.0
2024-10-09 00:00:00+09:00,586.0,586.0,585.0,585.0,700,0.0,0.0
2024-10-10 00:00:00+09:00,585.0,589.0,585.0,589.0,2300,0.0,0.0
2024-10-11 00:00:00+09:00,591.0,592.0,585.0,592.0,6500,0.0,0.0
2024-10-15 00:00:00+09:00,590.0,590.0,580.0,583.0,8500,0.0,0.0
2024-10-16 00:00:00+09:00,583.0,585.0,583.0,583.0,1200,0.0,0.0
2024-10-17 00:00:00+09:00,585.0,585.0,581.0,581.0,2100,0.0,0.0
2024-10-18 00:00:00+09:00,581.0,581.0,579.0,579.0,1300,0.0,0.0
2024-10-21 00:00:00+09:00,579.0,583.0,579.0,581.0,1200,0.0,0.0
2024-10-22 00:00:00+09:00,584.0,584.0,579.0,581.0,1500,0.0,0.0
2024-10-23 00:00:00+09:00,579.0,580.0,579.0,580.0,700,0.0,0.0
2024-10-24 00:00:00+09:00,579.0,585.0,573.0,573.0,3700,0.0,0.0
2024-10-25 00:00:00+09:00,573.0,574.0,559.0,559.0,9000,0.0,0.0
2024-10-28 00:00:00+09:00,558.0,563.0,556.0,563.0,3300,0.0,0.0
2024-10-29 00:00:00+09:00,560.0,563.0,559.0,561.0,2000,0.0,0.0
2024-10-30 00:00:00+09:00,568.0,568.0,561.0,561.0,2200,0.0,0.0
2024-10-31 00:00:00+09:00,561.0,563.0,560.0,560.0,2500,0.0,0.0
2024-11-01 00:00:00+09:00,560.0,561.0,560.0,561.0,1100,0.0,0.0
2024-11-05 00:00:00+09:00,563.0,566.0,563.0,563.0,600,0.0,0.0
2024-11-06 00:00:00+09:00,563.0,567.0,561.0,562.0,2800,0.0,0.0
2024-11-07 00:00:00+09:00,561.0,563.0,561.0,561.0,1100,0.0,0.0
2024-11-08 00:00:00+09:00,561.0,567.0,560.0,567.0,2300,0.0,0.0
2024-11-11 00:00:00+09:00,566.0,566.0,560.0,561.0,1800,0.0,0.0
2024-11-12 00:00:00+09:00,565.0,565.0,561.0,562.0,1000,0.0,0.0
2024-11-13 00:00:00+09:00,562.0,565.0,562.0,565.0,1200,0.0,0.0
2024-11-14 00:00:00+09:00,562.0,565.0,561.0,565.0,1800,0.0,0.0
2024-11-15 00:00:00+09:00,565.0,567.0,565.0,567.0,5000,0.0,0.0
2024-11-18 00:00:00+09:00,567.0,568.0,565.0,567.0,4000,0.0,0.0
2024-11-19 00:00:00+09:00,566.0,568.0,565.0,565.0,500,0.0,0.0
2024-11-20 00:00:00+09:00,565.0,567.0,563.0,563.0,2500,0.0,0.0
2024-11-21 00:00:00+09:00,563.0,565.0,563.0,564.0,700,0.0,0.0
2024-11-22 00:00:00+09:00,564.0,565.0,564.0,564.0,3200,0.0,0.0
2024-11-25 00:00:00+09:00,565.0,565.0,562.0,562.0,1700,0.0,0.0
2024-11-26 00:00:00+09:00,562.0,571.0,560.0,571.0,11100,0.0,0.0
2024-11-27 00:00:00+09:00,571.0,572.0,566.0,566.0,1700,0.0,0.0
2024-11-28 00:00:00+09:00,566.0,570.0,562.0,570.0,1800,0.0,0.0
2024-11-29 00:00:00+09:00,570.0,573.0,566.0,573.0,2900,0.0,0.0
2024-12-02 00:00:00+09:00,575.0,577.0,575.0,577.0,1400,0.0,0.0
2024-12-03 00:00:00+09:00,578.0,578.0,576.0,576.0,3200,0.0,0.0
2024-12-04 00:00:00+09:00,578.0,578.0,572.0,575.0,2400,0.0,0.0
2024-12-05 00:00:00+09:00,572.0,575.0,571.0,571.0,1100,0.0,0.0
2024-12-06 00:00:00+09:00,568.0,571.0,565.0,565.0,4000,0.0,0.0
2024-12-09 00:00:00+09:00,565.0,567.0,565.0,565.0,2000,0.0,0.0
2024-12-10 00:00:00+09:00,565.0,565.0,563.0,563.0,2200,0.0,0.0
2024-12-11 00:00:00+09:00,564.0,566.0,560.0,565.0,3400,0.0,0.0
2024-12-12 00:00:00+09:00,566.0,566.0,560.0,563.0,2000,0.0,0.0
2024-12-13 00:00:00+09:00,563.0,563.0,560.0,563.0,1200,0.0,0.0
2024-12-16 00:00:00+09:00,565.0,565.0,560.0,560.0,3400,0.0,0.0
2024-12-17 00:00:00+09:00,561.0,562.0,561.0,561.0,900,0.0,0.0
2024-12-18 00:00:00+09:00,561.0,561.0,560.0,561.0,1400,0.0,0.0
2024-12-19 00:00:00+09:00,560.0,560.0,558.0,560.0,5100,0.0,0.0
2024-12-20 00:00:00+09:00,562.0,563.0,561.0,561.0,3500,0.0,0.0
2024-12-23 00:00:00+09:00,561.0,561.0,559.0,559.0,3600,0.0,0.0
2024-12-24 00:00:00+09:00,564.0,564.0,558.0,560.0,4100,0.0,0.0
2024-12-25 00:00:00+09:00,563.0,563.0,558.0,558.0,5900,0.0,0.0
2024-12-26 00:00:00+09:00,560.0,560.0,558.0,558.0,2400,0.0,0.0
2024-12-27 00:00:00+09:00,560.0,564.0,560.0,564.0,1400,0.0,0.0
2024-12-30 00:00:00+09:00,564.0,571.0,564.0,567.0,1400,0.0,0.0
2025-01-06 00:00:00+09:00,571.0,580.0,568.0,580.0,4500,0.0,0.0
2025-01-07 00:00:00+09:00,580.0,585.0,579.0,584.0,2300,0.0,0.0
2025-01-08 00:00:00+09:00,584.0,597.0,584.0,596.0,8600,0.0,0.0
2025-01-09 00:00:00+09:00,596.0,596.0,569.0,577.0,5100,0.0,0.0
2025-01-10 00:00:00+09:00,574.0,580.0,569.0,579.0,10600,0.0,0.0
2025-01-14 00:00:00+09:00,580.0,586.0,579.0,579.0,2300,0.0,0.0
2025-01-15 00:00:00+09:00,578.0,583.0,573.0,583.0,5400,0.0,0.0
2025-01-16 00:00:00+09:00,579.0,583.0,575.0,575.0,1200,0.0,0.0
2025-01-17 00:00:00+09:00,573.0,581.0,572.0,572.0,1000,0.0,0.0
2025-01-20 00:00:00+09:00,573.0,575.0,573.0,575.0,900,0.0,0.0
2025-01-21 00:00:00+09:00,575.0,575.0,572.0,574.0,3300,0.0,0.0
2025-01-22 00:00:00+09:00,574.0,578.0,574.0,577.0,900,0.0,0.0
2025-01-23 00:00:00+09:00,577.0,582.0,574.0,582.0,3000,0.0,0.0
2025-01-24 00:00:00+09:00,585.0,588.0,581.0,588.0,5700,0.0,0.0
2025-01-27 00:00:00+09:00,589.0,591.0,582.0,588.0,10700,0.0,0.0
2025-01-28 00:00:00+09:00,588.0,589.0,587.0,589.0,1400,0.0,0.0
2025-01-29 00:00:00+09:00,589.0,590.0,588.0,589.0,2100,0.0,0.0
2025-01-30 00:00:00+09:00,589.0,593.0,588.0,593.0,3200,0.0,0.0
2025-01-31 00:00:00+09:00,593.0,595.0,588.0,595.0,1100,0.0,0.0
2025-02-03 00:00:00+09:00,595.0,595.0,590.0,590.0,300,0.0,0.0
2025-02-04 00:00:00+09:00,591.0,596.0,591.0,596.0,3800,0.0,0.0
2025-02-05 00:00:00+09:00,595.0,596.0,592.0,592.0,3100,0.0,0.0
2025-02-06 00:00:00+09:00,592.0,595.0,592.0,595.0,1000,0.0,0.0
2025-02-07 00:00:00+09:00,595.0,597.0,594.0,597.0,1600,0.0,0.0
2025-02-10 00:00:00+09:00,595.0,597.0,594.0,594.0,2000,0.0,0.0
2025-02-12 00:00:00+09:00,593.0,595.0,593.0,594.0,1200,0.0,0.0
2025-02-13 00:00:00+09:00,597.0,598.0,595.0,597.0,600,0.0,0.0
2025-02-14 00:00:00+09:00,595.0,598.0,595.0,598.0,1200,0.0,0.0
