Date,Open,High,Low,Close,Volume,Dividends,Stock Splits
2021-11-17 00:00:00+09:00,44000.0,57200.0,39400.0,41100.0,5328313,0.0,0.0
2021-11-18 00:00:00+09:00,42950.0,43950.0,39650.0,41500.0,1423027,0.0,0.0
2021-11-19 00:00:00+09:00,40700.0,41100.0,36650.0,38450.0,867549,0.0,0.0
2021-11-22 00:00:00+09:00,37100.0,38450.0,34100.0,34300.0,574961,0.0,0.0
2021-11-23 00:00:00+09:00,35700.0,40500.0,34300.0,36250.0,3311844,0.0,0.0
2021-11-24 00:00:00+09:00,35700.0,37500.0,35050.0,36000.0,764386,0.0,0.0
2021-11-25 00:00:00+09:00,37500.0,40800.0,35550.0,36050.0,1711382,0.0,0.0
2021-11-26 00:00:00+09:00,36200.0,38100.0,35900.0,36250.0,607605,0.0,0.0
2021-11-29 00:00:00+09:00,34000.0,34800.0,31800.0,32200.0,357027,0.0,0.0
2021-11-30 00:00:00+09:00,32700.0,34000.0,28500.0,29950.0,362327,0.0,0.0
2021-12-01 00:00:00+09:00,29500.0,30250.0,28350.0,29700.0,203160,0.0,0.0
2021-12-02 00:00:00+09:00,29050.0,29400.0,28300.0,28750.0,201136,0.0,0.0
2021-12-03 00:00:00+09:00,30000.0,32950.0,29900.0,30200.0,851807,0.0,0.0
2021-12-06 00:00:00+09:00,29450.0,29600.0,28800.0,29100.0,107047,0.0,0.0
2021-12-07 00:00:00+09:00,30250.0,31850.0,29950.0,30700.0,415069,0.0,0.0
2021-12-08 00:00:00+09:00,31950.0,33700.0,31550.0,32000.0,568386,0.0,0.0
2021-12-09 00:00:00+09:00,32100.0,32150.0,31050.0,31850.0,163124,0.0,0.0
2021-12-10 00:00:00+09:00,33400.0,33400.0,31900.0,32350.0,293487,0.0,0.0
2021-12-13 00:00:00+09:00,31900.0,32350.0,31200.0,31300.0,106388,0.0,0.0
2021-12-14 00:00:00+09:00,31000.0,31000.0,29950.0,30000.0,100105,0.0,0.0
2021-12-15 00:00:00+09:00,29500.0,29650.0,28950.0,29250.0,94612,0.0,0.0
2021-12-16 00:00:00+09:00,29350.0,29650.0,28550.0,29200.0,93123,0.0,0.0
2021-12-17 00:00:00+09:00,28550.0,30500.0,28500.0,30300.0,181042,0.0,0.0
2021-12-20 00:00:00+09:00,29850.0,30050.0,29250.0,29250.0,74003,0.0,0.0
2021-12-21 00:00:00+09:00,29200.0,29350.0,28350.0,28800.0,79311,0.0,0.0
2021-12-22 00:00:00+09:00,28800.0,29450.0,28650.0,28850.0,62174,0.0,0.0
2021-12-23 00:00:00+09:00,28850.0,29050.0,28350.0,28350.0,76534,0.0,0.0
2021-12-24 00:00:00+09:00,28500.0,28600.0,27250.0,27350.0,104511,0.0,0.0
2021-12-27 00:00:00+09:00,27450.0,27750.0,26800.0,26800.0,63930,0.0,0.0
2021-12-28 00:00:00+09:00,26850.0,27650.0,26250.0,27350.0,83956,0.0,0.0
2021-12-29 00:00:00+09:00,27050.0,27900.0,26900.0,27500.0,70914,0.0,0.0
2021-12-30 00:00:00+09:00,27550.0,28000.0,27000.0,27200.0,75413,0.0,0.0
2022-01-04 00:00:00+09:00,28950.0,29700.0,28100.0,29450.0,128711,0.0,0.0
2022-01-05 00:00:00+09:00,29700.0,30350.0,28550.0,28800.0,107874,0.0,0.0
2022-01-06 00:00:00+09:00,28050.0,29050.0,27650.0,27650.0,51146,0.0,0.0
2022-01-07 00:00:00+09:00,27850.0,28500.0,27800.0,27900.0,29814,0.0,0.0
2022-01-10 00:00:00+09:00,27700.0,27700.0,26950.0,27550.0,31316,0.0,0.0
2022-01-11 00:00:00+09:00,27400.0,27800.0,26250.0,26250.0,54381,0.0,0.0
2022-01-12 00:00:00+09:00,26500.0,26750.0,26100.0,26300.0,36952,0.0,0.0
2022-01-13 00:00:00+09:00,26400.0,26500.0,25000.0,25100.0,93212,0.0,0.0
2022-01-14 00:00:00+09:00,24700.0,25750.0,24000.0,25700.0,61114,0.0,0.0
2022-01-17 00:00:00+09:00,25900.0,26000.0,24900.0,24900.0,35526,0.0,0.0
2022-01-18 00:00:00+09:00,24700.0,25550.0,23950.0,24300.0,54252,0.0,0.0
2022-01-19 00:00:00+09:00,24050.0,27200.0,23500.0,26000.0,139226,0.0,0.0
2022-01-20 00:00:00+09:00,26050.0,26250.0,25250.0,25850.0,40438,0.0,0.0
2022-01-21 00:00:00+09:00,25550.0,25750.0,24800.0,24800.0,36784,0.0,0.0
2022-01-24 00:00:00+09:00,24650.0,24650.0,23600.0,23850.0,27686,0.0,0.0
2022-01-25 00:00:00+09:00,23850.0,24600.0,22400.0,22800.0,66352,0.0,0.0
2022-01-26 00:00:00+09:00,22500.0,23400.0,22050.0,22450.0,24765,0.0,0.0
2022-01-27 00:00:00+09:00,22450.0,22750.0,20750.0,21400.0,85988,0.0,0.0
2022-01-28 00:00:00+09:00,21300.0,22000.0,19650.0,21800.0,112261,0.0,0.0
2022-02-03 00:00:00+09:00,22300.0,22400.0,21350.0,22200.0,52509,0.0,0.0
2022-02-04 00:00:00+09:00,21600.0,22200.0,21600.0,21950.0,24358,0.0,0.0
2022-02-07 00:00:00+09:00,22000.0,23050.0,21600.0,22400.0,46549,0.0,0.0
2022-02-08 00:00:00+09:00,22000.0,22650.0,21900.0,22150.0,30677,0.0,0.0
2022-02-09 00:00:00+09:00,22300.0,22500.0,22000.0,22100.0,15680,0.0,0.0
2022-02-10 00:00:00+09:00,22500.0,23550.0,22000.0,22450.0,63232,0.0,0.0
2022-02-11 00:00:00+09:00,21850.0,22250.0,20900.0,21200.0,43424,0.0,0.0
2022-02-14 00:00:00+09:00,20600.0,20600.0,19700.0,20200.0,49511,0.0,0.0
2022-02-15 00:00:00+09:00,20000.0,20050.0,18500.0,18550.0,66160,0.0,0.0
2022-02-16 00:00:00+09:00,19000.0,19750.0,19000.0,19750.0,31334,0.0,0.0
2022-02-17 00:00:00+09:00,19550.0,20300.0,19100.0,19500.0,83950,0.0,0.0
2022-02-18 00:00:00+09:00,19000.0,19850.0,18950.0,19450.0,28612,0.0,0.0
2022-02-21 00:00:00+09:00,19050.0,19900.0,18800.0,19800.0,22533,0.0,0.0
2022-02-22 00:00:00+09:00,19200.0,20450.0,19150.0,19700.0,35265,0.0,0.0
2022-02-23 00:00:00+09:00,19700.0,19950.0,19150.0,19400.0,28350,0.0,0.0
2022-02-24 00:00:00+09:00,19350.0,19350.0,17600.0,17600.0,120738,0.0,0.0
2022-02-25 00:00:00+09:00,18150.0,18650.0,17900.0,18250.0,50553,0.0,0.0
2022-02-28 00:00:00+09:00,18050.0,18350.0,17600.0,18150.0,28965,0.0,0.0
2022-03-02 00:00:00+09:00,18200.0,19000.0,18150.0,19000.0,37611,0.0,0.0
2022-03-03 00:00:00+09:00,19200.0,19550.0,18900.0,19500.0,42138,0.0,0.0
2022-03-04 00:00:00+09:00,19500.0,19500.0,18800.0,19000.0,18563,0.0,0.0
2022-03-07 00:00:00+09:00,18650.0,18850.0,18350.0,18500.0,18079,0.0,0.0
2022-03-08 00:00:00+09:00,17950.0,18450.0,17850.0,18250.0,20099,0.0,0.0
2022-03-10 00:00:00+09:00,18500.0,19000.0,18300.0,18800.0,21374,0.0,0.0
2022-03-11 00:00:00+09:00,18750.0,18800.0,18300.0,18750.0,14070,0.0,0.0
2022-03-14 00:00:00+09:00,18750.0,20150.0,18550.0,19100.0,63745,0.0,0.0
2022-03-15 00:00:00+09:00,19300.0,23550.0,18750.0,20950.0,732508,0.0,0.0
2022-03-16 00:00:00+09:00,20650.0,22400.0,20650.0,21750.0,322884,0.0,0.0
2022-03-17 00:00:00+09:00,22000.0,22300.0,21500.0,21650.0,146933,0.0,0.0
2022-03-18 00:00:00+09:00,21500.0,25350.0,21450.0,24000.0,1486035,0.0,0.0
2022-03-21 00:00:00+09:00,24250.0,24750.0,23800.0,24000.0,197329,0.0,0.0
2022-03-22 00:00:00+09:00,23700.0,24050.0,22800.0,23550.0,168672,0.0,0.0
2022-03-23 00:00:00+09:00,23700.0,24150.0,23100.0,23550.0,120339,0.0,0.0
2022-03-24 00:00:00+09:00,23300.0,23500.0,22150.0,22450.0,129188,0.0,0.0
2022-03-25 00:00:00+09:00,22550.0,23000.0,22300.0,22900.0,76323,0.0,0.0
2022-03-28 00:00:00+09:00,22800.0,23550.0,22500.0,23000.0,99541,0.0,0.0
2022-03-29 00:00:00+09:00,23100.0,24000.0,23000.0,23200.0,108031,0.0,0.0
2022-03-30 00:00:00+09:00,23300.0,24350.0,23000.0,23100.0,99146,0.0,0.0
2022-03-31 00:00:00+09:00,23150.0,23150.0,22600.0,22850.0,35015,0.0,0.0
2022-04-01 00:00:00+09:00,22700.0,22700.0,22200.0,22650.0,31142,0.0,0.0
2022-04-04 00:00:00+09:00,22400.0,22650.0,22350.0,22600.0,22946,0.0,0.0
2022-04-05 00:00:00+09:00,22600.0,22650.0,22250.0,22400.0,41333,0.0,0.0
2022-04-06 00:00:00+09:00,22550.0,22700.0,21750.0,22450.0,46750,0.0,0.0
2022-04-07 00:00:00+09:00,22050.0,22100.0,20800.0,21100.0,72040,0.0,0.0
2022-04-08 00:00:00+09:00,21200.0,21350.0,20650.0,21100.0,37270,0.0,0.0
2022-04-11 00:00:00+09:00,21100.0,21500.0,20550.0,21000.0,27211,0.0,0.0
2022-04-12 00:00:00+09:00,20700.0,21100.0,20250.0,20850.0,21312,0.0,0.0
2022-04-13 00:00:00+09:00,20500.0,21400.0,20500.0,21200.0,12306,0.0,0.0
2022-04-14 00:00:00+09:00,21200.0,21250.0,20500.0,20700.0,36413,0.0,0.0
2022-04-15 00:00:00+09:00,20650.0,20650.0,20000.0,20150.0,27619,0.0,0.0
2022-04-18 00:00:00+09:00,20000.0,20000.0,19500.0,19600.0,30846,0.0,0.0
2022-04-19 00:00:00+09:00,19600.0,20200.0,19600.0,20000.0,16955,0.0,0.0
2022-04-20 00:00:00+09:00,20000.0,20400.0,19800.0,20300.0,12553,0.0,0.0
2022-04-21 00:00:00+09:00,20300.0,20300.0,19850.0,20000.0,17857,0.0,0.0
2022-04-22 00:00:00+09:00,19650.0,19950.0,19450.0,19850.0,22499,0.0,0.0
2022-04-25 00:00:00+09:00,19600.0,19600.0,18850.0,18850.0,39348,0.0,0.0
2022-04-26 00:00:00+09:00,19000.0,19400.0,18800.0,19200.0,18724,0.0,0.0
2022-04-27 00:00:00+09:00,18500.0,19700.0,18500.0,19450.0,28823,0.0,0.0
2022-04-28 00:00:00+09:00,19550.0,19600.0,18900.0,19400.0,17112,0.0,0.0
2022-04-29 00:00:00+09:00,19400.0,19550.0,19050.0,19400.0,15203,0.0,0.0
2022-05-03 00:00:00+09:00,19450.0,19700.0,19000.0,19450.0,13732,0.0,0.0
2022-05-04 00:00:00+09:00,19700.0,19700.0,18900.0,19250.0,20832,0.0,0.0
2022-05-06 00:00:00+09:00,19000.0,19100.0,18150.0,18250.0,26141,0.0,0.0
2022-05-10 00:00:00+09:00,17850.0,18350.0,17450.0,18100.0,18138,0.0,0.0
2022-05-11 00:00:00+09:00,17950.0,18200.0,17900.0,18000.0,11647,0.0,0.0
2022-05-12 00:00:00+09:00,18000.0,18000.0,16700.0,17350.0,38003,0.0,0.0
2022-05-13 00:00:00+09:00,17350.0,17550.0,17100.0,17150.0,22640,0.0,0.0
2022-05-16 00:00:00+09:00,17350.0,17600.0,17000.0,17400.0,19955,0.0,0.0
2022-05-17 00:00:00+09:00,17150.0,17300.0,16600.0,17150.0,46205,0.0,0.0
2022-05-18 00:00:00+09:00,17200.0,19900.0,17200.0,18400.0,325772,0.0,0.0
2022-05-19 00:00:00+09:00,17950.0,18250.0,17750.0,18100.0,36092,0.0,0.0
2022-05-20 00:00:00+09:00,18400.0,18950.0,17900.0,18650.0,41203,0.0,0.0
2022-05-23 00:00:00+09:00,18900.0,18900.0,18150.0,18400.0,18169,0.0,0.0
2022-05-24 00:00:00+09:00,18300.0,19250.0,18100.0,18100.0,38979,0.0,0.0
2022-05-25 00:00:00+09:00,18400.0,18400.0,17850.0,17850.0,14736,0.0,0.0
2022-05-26 00:00:00+09:00,17950.0,18300.0,17800.0,17850.0,13698,0.0,0.0
2022-05-27 00:00:00+09:00,18150.0,18350.0,17650.0,17800.0,13581,0.0,0.0
2022-05-30 00:00:00+09:00,17900.0,18200.0,17800.0,18000.0,13835,0.0,0.0
2022-05-31 00:00:00+09:00,18250.0,18250.0,17850.0,18000.0,13495,0.0,0.0
2022-06-02 00:00:00+09:00,18000.0,18300.0,17900.0,18250.0,11946,0.0,0.0
2022-06-03 00:00:00+09:00,18150.0,19200.0,18100.0,18700.0,35896,0.0,0.0
2022-06-07 00:00:00+09:00,18900.0,18900.0,18000.0,18100.0,21711,0.0,0.0
2022-06-08 00:00:00+09:00,18100.0,18350.0,18000.0,18000.0,6945,0.0,0.0
2022-06-09 00:00:00+09:00,17950.0,18000.0,17550.0,17900.0,14613,0.0,0.0
2022-06-10 00:00:00+09:00,17450.0,17800.0,17200.0,17700.0,15011,0.0,0.0
2022-06-13 00:00:00+09:00,17000.0,17450.0,16300.0,16600.0,27944,0.0,0.0
2022-06-14 00:00:00+09:00,15800.0,16400.0,15450.0,16150.0,40069,0.0,0.0
2022-06-15 00:00:00+09:00,16000.0,16250.0,15200.0,15650.0,34097,0.0,0.0
2022-06-16 00:00:00+09:00,16000.0,16400.0,15350.0,15350.0,22177,0.0,0.0
2022-06-17 00:00:00+09:00,14850.0,15500.0,14800.0,15350.0,20966,0.0,0.0
2022-06-20 00:00:00+09:00,15600.0,15600.0,14000.0,14300.0,43238,0.0,0.0
2022-06-21 00:00:00+09:00,14350.0,16800.0,14300.0,15350.0,181319,0.0,0.0
2022-06-22 00:00:00+09:00,15350.0,16000.0,15000.0,15000.0,39557,0.0,0.0
2022-06-23 00:00:00+09:00,15000.0,15300.0,13550.0,13600.0,45945,0.0,0.0
2022-06-24 00:00:00+09:00,13550.0,14500.0,13550.0,14450.0,38550,0.0,0.0
2022-06-27 00:00:00+09:00,14450.0,15100.0,14250.0,14950.0,18572,0.0,0.0
2022-06-28 00:00:00+09:00,14750.0,15350.0,14750.0,15150.0,16229,0.0,0.0
2022-06-29 00:00:00+09:00,14900.0,15150.0,14600.0,15100.0,13494,0.0,0.0
2022-06-30 00:00:00+09:00,15000.0,15050.0,14600.0,14900.0,14507,0.0,0.0
2022-07-01 00:00:00+09:00,14850.0,15200.0,14000.0,14450.0,23665,0.0,0.0
2022-07-04 00:00:00+09:00,14400.0,14600.0,13550.0,13900.0,19275,0.0,0.0
2022-07-05 00:00:00+09:00,13750.0,15350.0,13750.0,15200.0,41485,0.0,0.0
2022-07-06 00:00:00+09:00,15200.0,17300.0,15000.0,16150.0,192164,0.0,0.0
2022-07-07 00:00:00+09:00,16450.0,17100.0,16200.0,16450.0,51942,0.0,0.0
2022-07-08 00:00:00+09:00,16950.0,16950.0,16050.0,16400.0,34179,0.0,0.0
2022-07-11 00:00:00+09:00,16450.0,17200.0,15950.0,17000.0,42894,0.0,0.0
2022-07-12 00:00:00+09:00,16800.0,17000.0,16300.0,16300.0,22960,0.0,0.0
2022-07-13 00:00:00+09:00,16350.0,16700.0,16050.0,16500.0,19243,0.0,0.0
2022-07-14 00:00:00+09:00,16550.0,16700.0,16050.0,16150.0,15283,0.0,0.0
2022-07-15 00:00:00+09:00,16200.0,16200.0,15700.0,15900.0,17462,0.0,0.0
2022-07-18 00:00:00+09:00,16050.0,16600.0,16050.0,16550.0,17227,0.0,0.0
2022-07-19 00:00:00+09:00,16350.0,17600.0,16300.0,17500.0,40896,0.0,0.0
2022-07-20 00:00:00+09:00,18650.0,19900.0,18250.0,18400.0,275150,0.0,0.0
2022-07-21 00:00:00+09:00,19000.0,19500.0,18000.0,18200.0,101916,0.0,0.0
2022-07-22 00:00:00+09:00,18100.0,18600.0,17850.0,18250.0,36315,0.0,0.0
2022-07-25 00:00:00+09:00,18050.0,19250.0,18000.0,18350.0,89218,0.0,0.0
2022-07-26 00:00:00+09:00,18150.0,18450.0,17850.0,18050.0,29220,0.0,0.0
2022-07-27 00:00:00+09:00,17900.0,18300.0,17800.0,18200.0,21154,0.0,0.0
2022-07-28 00:00:00+09:00,18250.0,18750.0,18250.0,18400.0,28592,0.0,0.0
2022-07-29 00:00:00+09:00,18650.0,18650.0,18350.0,18500.0,31086,0.0,0.0
2022-08-01 00:00:00+09:00,18350.0,18650.0,18300.0,18500.0,14470,0.0,0.0
2022-08-02 00:00:00+09:00,18250.0,19450.0,18250.0,18600.0,54362,0.0,0.0
2022-08-03 00:00:00+09:00,18350.0,18700.0,17650.0,18550.0,23846,0.0,0.0
2022-08-04 00:00:00+09:00,18800.0,19800.0,18800.0,19100.0,70745,0.0,0.0
2022-08-05 00:00:00+09:00,19700.0,20200.0,19250.0,19350.0,85788,0.0,0.0
2022-08-08 00:00:00+09:00,19850.0,19850.0,19150.0,19500.0,27389,0.0,0.0
2022-08-09 00:00:00+09:00,19350.0,19750.0,19150.0,19300.0,24910,0.0,0.0
2022-08-10 00:00:00+09:00,19200.0,19900.0,18550.0,19150.0,28476,0.0,0.0
2022-08-11 00:00:00+09:00,19200.0,19200.0,18700.0,18800.0,17021,0.0,0.0
2022-08-12 00:00:00+09:00,18650.0,18850.0,18400.0,18400.0,18480,0.0,0.0
2022-08-16 00:00:00+09:00,18200.0,20000.0,18200.0,18850.0,82760,0.0,0.0
2022-08-17 00:00:00+09:00,20000.0,20000.0,19000.0,19300.0,69678,0.0,0.0
2022-08-18 00:00:00+09:00,19450.0,19800.0,19200.0,19650.0,51289,0.0,0.0
2022-08-19 00:00:00+09:00,19850.0,19850.0,18900.0,18900.0,46249,0.0,0.0
2022-08-22 00:00:00+09:00,18850.0,18850.0,18050.0,18150.0,56747,0.0,0.0
2022-08-23 00:00:00+09:00,17950.0,17950.0,17350.0,17600.0,13798,0.0,0.0
2022-08-24 00:00:00+09:00,17600.0,17950.0,17400.0,17600.0,10877,0.0,0.0
2022-08-25 00:00:00+09:00,17850.0,18200.0,17500.0,18050.0,14990,0.0,0.0
2022-08-26 00:00:00+09:00,18050.0,19500.0,18050.0,18500.0,45812,0.0,0.0
2022-08-29 00:00:00+09:00,17750.0,18100.0,17350.0,17550.0,18430,0.0,0.0
2022-08-30 00:00:00+09:00,17500.0,18300.0,17500.0,18200.0,10964,0.0,0.0
2022-08-31 00:00:00+09:00,17950.0,18250.0,17850.0,18250.0,6762,0.0,0.0
2022-09-01 00:00:00+09:00,18250.0,18300.0,17400.0,17550.0,19485,0.0,0.0
2022-09-02 00:00:00+09:00,17550.0,17750.0,17350.0,17500.0,8792,0.0,0.0
2022-09-05 00:00:00+09:00,17200.0,17450.0,16600.0,16650.0,9502,0.0,0.0
2022-09-06 00:00:00+09:00,16650.0,16850.0,16400.0,16750.0,9157,0.0,0.0
2022-09-07 00:00:00+09:00,16550.0,17000.0,15900.0,16550.0,8386,0.0,0.0
2022-09-08 00:00:00+09:00,16500.0,17800.0,16500.0,17200.0,19289,0.0,0.0
2022-09-13 00:00:00+09:00,17250.0,17550.0,17250.0,17450.0,4271,0.0,0.0
2022-09-14 00:00:00+09:00,16950.0,17650.0,16900.0,17400.0,17136,0.0,0.0
2022-09-15 00:00:00+09:00,17200.0,17800.0,17200.0,17350.0,12576,0.0,0.0
2022-09-16 00:00:00+09:00,17150.0,17650.0,17000.0,17050.0,11048,0.0,0.0
2022-09-19 00:00:00+09:00,16800.0,17400.0,16600.0,16950.0,10932,0.0,0.0
2022-09-20 00:00:00+09:00,16750.0,17300.0,16750.0,16850.0,6873,0.0,0.0
2022-09-21 00:00:00+09:00,16700.0,16950.0,16400.0,16400.0,3914,0.0,0.0
2022-09-22 00:00:00+09:00,16200.0,16250.0,15600.0,15950.0,14172,0.0,0.0
2022-09-23 00:00:00+09:00,15950.0,15950.0,15150.0,15250.0,9793,0.0,0.0
2022-09-26 00:00:00+09:00,14600.0,15250.0,14150.0,14150.0,20859,0.0,0.0
2022-09-27 00:00:00+09:00,13950.0,18350.0,13600.0,17900.0,480731,0.0,0.0
2022-09-28 00:00:00+09:00,17450.0,17650.0,15300.0,15600.0,170802,0.0,0.0
2022-09-29 00:00:00+09:00,15600.0,16200.0,14350.0,14350.0,53056,0.0,0.0
2022-09-30 00:00:00+09:00,14200.0,15100.0,13950.0,15100.0,23571,0.0,0.0
2022-10-04 00:00:00+09:00,15050.0,15700.0,14850.0,14850.0,27394,0.0,0.0
2022-10-05 00:00:00+09:00,15200.0,15200.0,14000.0,14450.0,22305,0.0,0.0
2022-10-06 00:00:00+09:00,14500.0,15050.0,14500.0,14900.0,11773,0.0,0.0
2022-10-07 00:00:00+09:00,15050.0,15600.0,14850.0,15450.0,17390,0.0,0.0
2022-10-11 00:00:00+09:00,15000.0,15000.0,13950.0,14300.0,27233,0.0,0.0
2022-10-12 00:00:00+09:00,13950.0,14250.0,13850.0,14100.0,11998,0.0,0.0
2022-10-13 00:00:00+09:00,13800.0,14000.0,12950.0,13800.0,31902,0.0,0.0
2022-10-14 00:00:00+09:00,13600.0,14300.0,13600.0,14000.0,20391,0.0,0.0
2022-10-17 00:00:00+09:00,13650.0,13950.0,13400.0,13850.0,15149,0.0,0.0
2022-10-18 00:00:00+09:00,13900.0,14150.0,13650.0,13750.0,21907,0.0,0.0
2022-10-19 00:00:00+09:00,13800.0,14300.0,13250.0,13250.0,23776,0.0,0.0
2022-10-20 00:00:00+09:00,13150.0,13550.0,13100.0,13200.0,10492,0.0,0.0
2022-10-21 00:00:00+09:00,13100.0,13550.0,13000.0,13000.0,10767,0.0,0.0
2022-10-24 00:00:00+09:00,13150.0,13800.0,13100.0,13200.0,8756,0.0,0.0
2022-10-25 00:00:00+09:00,13200.0,13400.0,12900.0,13000.0,9007,0.0,0.0
2022-10-26 00:00:00+09:00,13150.0,13800.0,13100.0,13500.0,22342,0.0,0.0
2022-10-27 00:00:00+09:00,13350.0,13750.0,13350.0,13750.0,10088,0.0,0.0
2022-10-28 00:00:00+09:00,13550.0,13950.0,13350.0,13800.0,8048,0.0,0.0
2022-10-31 00:00:00+09:00,13800.0,13900.0,13550.0,13600.0,8333,0.0,0.0
2022-11-01 00:00:00+09:00,13750.0,13800.0,13600.0,13800.0,5644,0.0,0.0
2022-11-02 00:00:00+09:00,13700.0,13800.0,13700.0,13750.0,6471,0.0,0.0
2022-11-03 00:00:00+09:00,13650.0,14050.0,13600.0,13800.0,9684,0.0,0.0
2022-11-04 00:00:00+09:00,13700.0,13900.0,13500.0,13800.0,15691,0.0,0.0
2022-11-07 00:00:00+09:00,13950.0,13950.0,13550.0,13800.0,6205,0.0,0.0
2022-11-08 00:00:00+09:00,13850.0,14100.0,13550.0,13900.0,12476,0.0,0.0
2022-11-09 00:00:00+09:00,13900.0,14150.0,13800.0,13900.0,12140,0.0,0.0
2022-11-10 00:00:00+09:00,13700.0,14100.0,13700.0,14000.0,8856,0.0,0.0
2022-11-11 00:00:00+09:00,14450.0,14450.0,14000.0,14100.0,15178,0.0,0.0
2022-11-14 00:00:00+09:00,14100.0,14100.0,13750.0,14000.0,11676,0.0,0.0
2022-11-15 00:00:00+09:00,14000.0,14850.0,13900.0,14700.0,23752,0.0,0.0
2022-11-16 00:00:00+09:00,14650.0,14750.0,14300.0,14600.0,9299,0.0,0.0
2022-11-17 00:00:00+09:00,14500.0,14500.0,14000.0,14300.0,9918,0.0,0.0
2022-11-18 00:00:00+09:00,14150.0,14550.0,14150.0,14300.0,6956,0.0,0.0
2022-11-21 00:00:00+09:00,14300.0,14300.0,14000.0,14000.0,7222,0.0,0.0
2022-11-22 00:00:00+09:00,13850.0,14200.0,13850.0,14000.0,3403,0.0,0.0
2022-11-23 00:00:00+09:00,14050.0,14300.0,13900.0,14000.0,7645,0.0,0.0
2022-11-24 00:00:00+09:00,14050.0,14300.0,14000.0,14100.0,4384,0.0,0.0
2022-11-25 00:00:00+09:00,14000.0,14750.0,14000.0,14050.0,19093,0.0,0.0
2022-11-28 00:00:00+09:00,14100.0,14250.0,13500.0,13600.0,13198,0.0,0.0
2022-11-29 00:00:00+09:00,13600.0,13800.0,13500.0,13700.0,3365,0.0,0.0
2022-11-30 00:00:00+09:00,13700.0,13850.0,13450.0,13650.0,13859,0.0,0.0
2022-12-01 00:00:00+09:00,13700.0,13950.0,13700.0,13700.0,6039,0.0,0.0
2022-12-02 00:00:00+09:00,13650.0,16500.0,13650.0,14450.0,248852,0.0,0.0
2022-12-05 00:00:00+09:00,14350.0,14600.0,14000.0,14550.0,39434,0.0,0.0
2022-12-06 00:00:00+09:00,14300.0,14500.0,14200.0,14350.0,8350,0.0,0.0
2022-12-07 00:00:00+09:00,14350.0,14650.0,14100.0,14550.0,16014,0.0,0.0
2022-12-08 00:00:00+09:00,14450.0,14650.0,14150.0,14350.0,10019,0.0,0.0
2022-12-09 00:00:00+09:00,14350.0,14500.0,13950.0,14050.0,13352,0.0,0.0
2022-12-12 00:00:00+09:00,13900.0,14100.0,13850.0,14050.0,4200,0.0,0.0
2022-12-13 00:00:00+09:00,13900.0,14500.0,13900.0,14100.0,13950,0.0,0.0
2022-12-14 00:00:00+09:00,14200.0,15100.0,14100.0,14800.0,47259,0.0,0.0
2022-12-15 00:00:00+09:00,14750.0,15200.0,14500.0,14700.0,25117,0.0,0.0
2022-12-16 00:00:00+09:00,14400.0,14650.0,14250.0,14600.0,12034,0.0,0.0
2022-12-19 00:00:00+09:00,14400.0,16000.0,14350.0,15050.0,239256,0.0,0.0
2022-12-20 00:00:00+09:00,14950.0,15200.0,14650.0,14650.0,39404,0.0,0.0
2022-12-21 00:00:00+09:00,14850.0,14900.0,14500.0,14550.0,14841,0.0,0.0
2022-12-22 00:00:00+09:00,14700.0,15400.0,14600.0,15150.0,17592,0.0,0.0
2022-12-23 00:00:00+09:00,14950.0,14950.0,14350.0,14650.0,11954,0.0,0.0
2022-12-26 00:00:00+09:00,14650.0,14850.0,14250.0,14250.0,16777,0.0,0.0
2022-12-27 00:00:00+09:00,14150.0,15100.0,14150.0,14600.0,12680,0.0,0.0
2022-12-28 00:00:00+09:00,15300.0,16200.0,14750.0,14800.0,108123,0.0,0.0
2022-12-29 00:00:00+09:00,14700.0,15550.0,14050.0,15400.0,34556,0.0,0.0
2023-01-02 00:00:00+09:00,15350.0,16150.0,15150.0,15400.0,51356,0.0,0.0
2023-01-03 00:00:00+09:00,15600.0,16150.0,15400.0,15400.0,42101,0.0,0.0
2023-01-04 00:00:00+09:00,15650.0,15700.0,15200.0,15500.0,14552,0.0,0.0
2023-01-05 00:00:00+09:00,15450.0,16000.0,15200.0,15300.0,38834,0.0,0.0
2023-01-06 00:00:00+09:00,15150.0,16150.0,15150.0,15900.0,51770,0.0,0.0
2023-01-09 00:00:00+09:00,16050.0,16500.0,15700.0,15850.0,63221,0.0,0.0
2023-01-10 00:00:00+09:00,15800.0,17800.0,15550.0,16500.0,345130,0.0,0.0
2023-01-11 00:00:00+09:00,16650.0,17800.0,16650.0,17000.0,98099,0.0,0.0
2023-01-12 00:00:00+09:00,17000.0,17200.0,16450.0,16700.0,71077,0.0,0.0
2023-01-13 00:00:00+09:00,16700.0,17300.0,16650.0,17250.0,46864,0.0,0.0
2023-01-16 00:00:00+09:00,17250.0,17500.0,16900.0,17050.0,32698,0.0,0.0
2023-01-17 00:00:00+09:00,16900.0,17200.0,16400.0,16600.0,29416,0.0,0.0
2023-01-18 00:00:00+09:00,16750.0,18400.0,16650.0,18050.0,286303,0.0,0.0
2023-01-19 00:00:00+09:00,17800.0,18250.0,17350.0,17800.0,72722,0.0,0.0
2023-01-20 00:00:00+09:00,18200.0,18700.0,17450.0,17550.0,194519,0.0,0.0
2023-01-25 00:00:00+09:00,17610.0,18650.0,17610.0,17860.0,524004,0.0,0.0
2023-01-26 00:00:00+09:00,18100.0,18100.0,17090.0,17250.0,79558,0.0,0.0
2023-01-27 00:00:00+09:00,17410.0,17480.0,17150.0,17470.0,41933,0.0,0.0
2023-01-30 00:00:00+09:00,17610.0,18580.0,17400.0,18150.0,166197,0.0,0.0
2023-01-31 00:00:00+09:00,17950.0,18600.0,17530.0,18400.0,100617,0.0,0.0
2023-02-01 00:00:00+09:00,18350.0,18530.0,17470.0,17570.0,84680,0.0,0.0
2023-02-02 00:00:00+09:00,17620.0,18280.0,17570.0,17800.0,54163,0.0,0.0
2023-02-03 00:00:00+09:00,17830.0,18330.0,17830.0,17870.0,45917,0.0,0.0
2023-02-06 00:00:00+09:00,17880.0,17890.0,17440.0,17590.0,32969,0.0,0.0
2023-02-07 00:00:00+09:00,17760.0,18500.0,17400.0,18260.0,80433,0.0,0.0
2023-02-08 00:00:00+09:00,18380.0,20000.0,18110.0,19900.0,371467,0.0,0.0
2023-02-09 00:00:00+09:00,19810.0,20150.0,19050.0,19630.0,161645,0.0,0.0
2023-02-10 00:00:00+09:00,19450.0,19450.0,18320.0,18510.0,83550,0.0,0.0
2023-02-13 00:00:00+09:00,18510.0,18790.0,17940.0,18600.0,39427,0.0,0.0
2023-02-14 00:00:00+09:00,18790.0,18790.0,18180.0,18330.0,27267,0.0,0.0
2023-02-15 00:00:00+09:00,18160.0,19180.0,17300.0,18000.0,113683,0.0,0.0
2023-02-16 00:00:00+09:00,18080.0,18080.0,17100.0,17340.0,71709,0.0,0.0
2023-02-17 00:00:00+09:00,17150.0,17150.0,16470.0,16650.0,62853,0.0,0.0
2023-02-20 00:00:00+09:00,16640.0,16820.0,16440.0,16790.0,18898,0.0,0.0
2023-02-21 00:00:00+09:00,16700.0,16930.0,16640.0,16880.0,16045,0.0,0.0
2023-02-22 00:00:00+09:00,16520.0,16800.0,16100.0,16350.0,28810,0.0,0.0
2023-02-23 00:00:00+09:00,16260.0,17050.0,15920.0,16830.0,105112,0.0,0.0
2023-02-24 00:00:00+09:00,17000.0,17580.0,16850.0,17080.0,76986,0.0,0.0
2023-02-27 00:00:00+09:00,17080.0,17630.0,16860.0,17200.0,51120,0.0,0.0
2023-02-28 00:00:00+09:00,17200.0,17280.0,16920.0,17050.0,19197,0.0,0.0
2023-03-02 00:00:00+09:00,17400.0,17740.0,16860.0,17230.0,69689,0.0,0.0
2023-03-03 00:00:00+09:00,17210.0,17290.0,16850.0,17000.0,29871,0.0,0.0
2023-03-06 00:00:00+09:00,17060.0,17060.0,16500.0,16640.0,44749,0.0,0.0
2023-03-07 00:00:00+09:00,16640.0,16640.0,16160.0,16380.0,31123,0.0,0.0
2023-03-08 00:00:00+09:00,16200.0,16250.0,15900.0,16120.0,23776,0.0,0.0
2023-03-09 00:00:00+09:00,16120.0,16120.0,15510.0,15660.0,17896,0.0,0.0
2023-03-10 00:00:00+09:00,15310.0,15450.0,14800.0,15080.0,44585,0.0,0.0
2023-03-13 00:00:00+09:00,14650.0,15070.0,14560.0,14990.0,26436,0.0,0.0
2023-03-14 00:00:00+09:00,14850.0,14920.0,14260.0,14260.0,27688,0.0,0.0
2023-03-15 00:00:00+09:00,14380.0,14660.0,14350.0,14470.0,25477,0.0,0.0
2023-03-16 00:00:00+09:00,14450.0,14690.0,13850.0,13850.0,43209,0.0,0.0
2023-03-17 00:00:00+09:00,14130.0,15750.0,13960.0,15510.0,83277,0.0,0.0
2023-03-20 00:00:00+09:00,15960.0,15960.0,15300.0,15450.0,26481,0.0,0.0
2023-03-21 00:00:00+09:00,15350.0,15640.0,14970.0,15080.0,22108,0.0,0.0
2023-03-22 00:00:00+09:00,15200.0,15200.0,14750.0,15070.0,19652,0.0,0.0
2023-03-23 00:00:00+09:00,15010.0,15480.0,14780.0,15060.0,29804,0.0,0.0
2023-03-24 00:00:00+09:00,15280.0,15810.0,15080.0,15730.0,31435,0.0,0.0
2023-03-27 00:00:00+09:00,15810.0,15810.0,15020.0,15530.0,19555,0.0,0.0
2023-03-28 00:00:00+09:00,15400.0,15620.0,15090.0,15470.0,15849,0.0,0.0
2023-03-29 00:00:00+09:00,15540.0,15540.0,15040.0,15400.0,19600,0.0,0.0
2023-03-30 00:00:00+09:00,15400.0,15410.0,15080.0,15300.0,21634,0.0,0.0
2023-03-31 00:00:00+09:00,15230.0,15350.0,14800.0,14890.0,26061,0.0,0.0
2023-04-03 00:00:00+09:00,15000.0,15440.0,14650.0,15180.0,18676,0.0,0.0
2023-04-04 00:00:00+09:00,15170.0,15350.0,15000.0,15150.0,12980,0.0,0.0
2023-04-05 00:00:00+09:00,15150.0,15250.0,14880.0,15110.0,13435,0.0,0.0
2023-04-06 00:00:00+09:00,15130.0,15130.0,14620.0,14950.0,23972,0.0,0.0
2023-04-07 00:00:00+09:00,14900.0,14950.0,14690.0,14850.0,19160,0.0,0.0
2023-04-10 00:00:00+09:00,14700.0,14700.0,14270.0,14400.0,27320,0.0,0.0
2023-04-11 00:00:00+09:00,14400.0,14500.0,13950.0,14440.0,23099,0.0,0.0
2023-04-12 00:00:00+09:00,14730.0,15490.0,14730.0,15180.0,50819,0.0,0.0
2023-04-13 00:00:00+09:00,15230.0,15230.0,14850.0,15160.0,13093,0.0,0.0
2023-04-14 00:00:00+09:00,14950.0,15140.0,14760.0,14960.0,23019,0.0,0.0
2023-04-17 00:00:00+09:00,15200.0,15210.0,14770.0,14840.0,11428,0.0,0.0
2023-04-18 00:00:00+09:00,14960.0,14960.0,14500.0,14710.0,19955,0.0,0.0
2023-04-19 00:00:00+09:00,14730.0,14960.0,14420.0,14670.0,18851,0.0,0.0
2023-04-20 00:00:00+09:00,14670.0,14670.0,14230.0,14400.0,10367,0.0,0.0
2023-04-21 00:00:00+09:00,14130.0,14500.0,14070.0,14390.0,19936,0.0,0.0
2023-04-24 00:00:00+09:00,14390.0,14390.0,14050.0,14250.0,11013,0.0,0.0
2023-04-25 00:00:00+09:00,14060.0,14340.0,13930.0,14060.0,10224,0.0,0.0
2023-04-26 00:00:00+09:00,13860.0,14190.0,13860.0,13870.0,8320,0.0,0.0
2023-04-27 00:00:00+09:00,13710.0,13940.0,13700.0,13860.0,7387,0.0,0.0
2023-04-28 00:00:00+09:00,13780.0,14320.0,13780.0,14030.0,9895,0.0,0.0
2023-05-02 00:00:00+09:00,14040.0,14700.0,13900.0,14050.0,10476,0.0,0.0
2023-05-03 00:00:00+09:00,13980.0,14300.0,13850.0,14070.0,8699,0.0,0.0
2023-05-04 00:00:00+09:00,14070.0,14400.0,13950.0,14090.0,4026,0.0,0.0
2023-05-08 00:00:00+09:00,14100.0,14490.0,14070.0,14200.0,4832,0.0,0.0
2023-05-09 00:00:00+09:00,14030.0,14390.0,14000.0,14180.0,4229,0.0,0.0
2023-05-10 00:00:00+09:00,14250.0,14300.0,13930.0,14120.0,5478,0.0,0.0
2023-05-11 00:00:00+09:00,14010.0,14200.0,13970.0,13970.0,5263,0.0,0.0
2023-05-12 00:00:00+09:00,14180.0,14180.0,13920.0,14000.0,5372,0.0,0.0
2023-05-15 00:00:00+09:00,14110.0,14110.0,13620.0,13620.0,11373,0.0,0.0
2023-05-16 00:00:00+09:00,13620.0,13800.0,13470.0,13650.0,10121,0.0,0.0
2023-05-17 00:00:00+09:00,13510.0,13970.0,13440.0,13790.0,9727,0.0,0.0
2023-05-18 00:00:00+09:00,13760.0,14060.0,13760.0,13900.0,3312,0.0,0.0
2023-05-19 00:00:00+09:00,13780.0,14250.0,13780.0,14050.0,10841,0.0,0.0
2023-05-22 00:00:00+09:00,14050.0,14190.0,13890.0,14180.0,7169,0.0,0.0
2023-05-23 00:00:00+09:00,14400.0,14510.0,14180.0,14270.0,8958,0.0,0.0
2023-05-24 00:00:00+09:00,14270.0,14320.0,14140.0,14250.0,6928,0.0,0.0
2023-05-25 00:00:00+09:00,14330.0,14590.0,14260.0,14440.0,9931,0.0,0.0
2023-05-26 00:00:00+09:00,14290.0,14450.0,14010.0,14300.0,8992,0.0,0.0
2023-05-30 00:00:00+09:00,14200.0,14500.0,13990.0,14270.0,8454,0.0,0.0
2023-05-31 00:00:00+09:00,14270.0,14270.0,14060.0,14200.0,5221,0.0,0.0
2023-06-01 00:00:00+09:00,14150.0,14210.0,13990.0,14100.0,5671,0.0,0.0
2023-06-02 00:00:00+09:00,14130.0,14130.0,13960.0,14050.0,7385,0.0,0.0
2023-06-05 00:00:00+09:00,13920.0,14190.0,13920.0,14060.0,8689,0.0,0.0
2023-06-07 00:00:00+09:00,14080.0,14180.0,14020.0,14150.0,9313,0.0,0.0
2023-06-08 00:00:00+09:00,14150.0,14190.0,14020.0,14140.0,6574,0.0,0.0
2023-06-09 00:00:00+09:00,14190.0,14190.0,14000.0,14100.0,5459,0.0,0.0
2023-06-12 00:00:00+09:00,14100.0,14100.0,13820.0,14000.0,5669,0.0,0.0
2023-06-13 00:00:00+09:00,14000.0,14200.0,13980.0,14050.0,9607,0.0,0.0
2023-06-14 00:00:00+09:00,14010.0,14050.0,13730.0,13930.0,14352,0.0,0.0
2023-06-15 00:00:00+09:00,13860.0,14050.0,13590.0,13790.0,11061,0.0,0.0
2023-06-16 00:00:00+09:00,13890.0,13970.0,13670.0,13970.0,6056,0.0,0.0
2023-06-19 00:00:00+09:00,13970.0,13970.0,13730.0,13900.0,5240,0.0,0.0
2023-06-20 00:00:00+09:00,13880.0,13880.0,13620.0,13740.0,10812,0.0,0.0
2023-06-21 00:00:00+09:00,13740.0,13740.0,13630.0,13730.0,5288,0.0,0.0
2023-06-22 00:00:00+09:00,13580.0,14120.0,13580.0,13910.0,14050,0.0,0.0
2023-06-23 00:00:00+09:00,13900.0,13910.0,13650.0,13760.0,6815,0.0,0.0
2023-06-26 00:00:00+09:00,13760.0,13760.0,13490.0,13730.0,13414,0.0,0.0
2023-06-27 00:00:00+09:00,13720.0,13720.0,13510.0,13610.0,5366,0.0,0.0
2023-06-28 00:00:00+09:00,13570.0,14410.0,13570.0,14210.0,34674,0.0,0.0
2023-06-29 00:00:00+09:00,14220.0,14260.0,13900.0,14030.0,11779,0.0,0.0
2023-06-30 00:00:00+09:00,14150.0,14920.0,14150.0,14620.0,108156,0.0,0.0
2023-07-03 00:00:00+09:00,14880.0,15000.0,14530.0,14910.0,30635,0.0,0.0
2023-07-04 00:00:00+09:00,15180.0,15180.0,14740.0,14870.0,23707,0.0,0.0
2023-07-05 00:00:00+09:00,15220.0,15220.0,14800.0,15000.0,40927,0.0,0.0
2023-07-06 00:00:00+09:00,14990.0,14990.0,14550.0,14870.0,25049,0.0,0.0
2023-07-07 00:00:00+09:00,14700.0,14780.0,14590.0,14700.0,19067,0.0,0.0
2023-07-10 00:00:00+09:00,14470.0,15100.0,14470.0,14960.0,22464,0.0,0.0
2023-07-12 00:00:00+09:00,14930.0,14930.0,14510.0,14700.0,9035,0.0,0.0
2023-07-13 00:00:00+09:00,15000.0,15000.0,14500.0,14600.0,13103,0.0,0.0
2023-07-14 00:00:00+09:00,14600.0,14600.0,14330.0,14460.0,8847,0.0,0.0
2023-07-17 00:00:00+09:00,14500.0,14500.0,14030.0,14070.0,10922,0.0,0.0
2023-07-18 00:00:00+09:00,14010.0,14070.0,13810.0,13870.0,8858,0.0,0.0
2023-07-19 00:00:00+09:00,13900.0,13990.0,13750.0,13770.0,7840,0.0,0.0
2023-07-20 00:00:00+09:00,13800.0,14200.0,13540.0,14100.0,11731,0.0,0.0
2023-07-21 00:00:00+09:00,14000.0,14090.0,13800.0,14000.0,7462,0.0,0.0
2023-07-24 00:00:00+09:00,13890.0,13990.0,13460.0,13460.0,16053,0.0,0.0
2023-07-25 00:00:00+09:00,13500.0,13540.0,13330.0,13530.0,18199,0.0,0.0
2023-07-26 00:00:00+09:00,13500.0,13700.0,12910.0,13000.0,24434,0.0,0.0
2023-07-27 00:00:00+09:00,12810.0,13240.0,12810.0,12990.0,8248,0.0,0.0
2023-07-28 00:00:00+09:00,12860.0,13500.0,12310.0,13280.0,13962,0.0,0.0
2023-07-31 00:00:00+09:00,13300.0,13450.0,12990.0,13410.0,12966,0.0,0.0
2023-08-01 00:00:00+09:00,13930.0,14250.0,13510.0,14050.0,27205,0.0,0.0
2023-08-02 00:00:00+09:00,14050.0,14150.0,13300.0,13500.0,13243,0.0,0.0
2023-08-03 00:00:00+09:00,13400.0,13520.0,13190.0,13190.0,8215,0.0,0.0
2023-08-04 00:00:00+09:00,13290.0,13490.0,13110.0,13470.0,2390,0.0,0.0
2023-08-07 00:00:00+09:00,13280.0,13700.0,13280.0,13500.0,5644,0.0,0.0
2023-08-08 00:00:00+09:00,13400.0,13440.0,13250.0,13350.0,8584,0.0,0.0
2023-08-09 00:00:00+09:00,13400.0,13400.0,13230.0,13300.0,2758,0.0,0.0
2023-08-10 00:00:00+09:00,13150.0,13350.0,12890.0,12940.0,20449,0.0,0.0
2023-08-11 00:00:00+09:00,12940.0,13210.0,12830.0,13100.0,8195,0.0,0.0
2023-08-14 00:00:00+09:00,13000.0,13100.0,12910.0,13000.0,7676,0.0,0.0
2023-08-16 00:00:00+09:00,12850.0,13010.0,12650.0,12820.0,11872,0.0,0.0
2023-08-17 00:00:00+09:00,12630.0,12900.0,12540.0,12770.0,8292,0.0,0.0
2023-08-18 00:00:00+09:00,12520.0,13200.0,12520.0,12920.0,5849,0.0,0.0
2023-08-21 00:00:00+09:00,12850.0,13240.0,12750.0,12750.0,3501,0.0,0.0
2023-08-22 00:00:00+09:00,12880.0,12880.0,12690.0,12880.0,3554,0.0,0.0
2023-08-23 00:00:00+09:00,12880.0,12880.0,12640.0,12720.0,4665,0.0,0.0
2023-08-24 00:00:00+09:00,12720.0,12880.0,12650.0,12800.0,4100,0.0,0.0
2023-08-25 00:00:00+09:00,12610.0,12840.0,12600.0,12600.0,2815,0.0,0.0
2023-08-28 00:00:00+09:00,12500.0,12820.0,12470.0,12500.0,4659,0.0,0.0
2023-08-29 00:00:00+09:00,12440.0,12910.0,12440.0,12850.0,9076,0.0,0.0
2023-08-30 00:00:00+09:00,12900.0,13270.0,12840.0,13170.0,9180,0.0,0.0
2023-08-31 00:00:00+09:00,13110.0,14480.0,12940.0,13520.0,39111,0.0,0.0
2023-09-01 00:00:00+09:00,13710.0,13710.0,13000.0,13100.0,9104,0.0,0.0
2023-09-04 00:00:00+09:00,13190.0,14350.0,13070.0,14000.0,41911,0.0,0.0
2023-09-05 00:00:00+09:00,14000.0,14250.0,13760.0,13890.0,15109,0.0,0.0
2023-09-06 00:00:00+09:00,13970.0,14050.0,13760.0,13980.0,15449,0.0,0.0
2023-09-07 00:00:00+09:00,13880.0,13880.0,13370.0,13370.0,15425,0.0,0.0
2023-09-08 00:00:00+09:00,13370.0,13420.0,13150.0,13240.0,5183,0.0,0.0
2023-09-11 00:00:00+09:00,13120.0,13380.0,13120.0,13220.0,6237,0.0,0.0
2023-09-12 00:00:00+09:00,13220.0,13290.0,12700.0,12930.0,16030,0.0,0.0
2023-09-13 00:00:00+09:00,12830.0,12900.0,12050.0,12200.0,22999,0.0,0.0
2023-09-14 00:00:00+09:00,12070.0,12350.0,12020.0,12260.0,16898,0.0,0.0
2023-09-15 00:00:00+09:00,12250.0,12480.0,12240.0,12340.0,4033,0.0,0.0
2023-09-18 00:00:00+09:00,12340.0,12710.0,12300.0,12520.0,6767,0.0,0.0
2023-09-19 00:00:00+09:00,12520.0,12590.0,12250.0,12370.0,4015,0.0,0.0
2023-09-20 00:00:00+09:00,12400.0,12470.0,12070.0,12100.0,5240,0.0,0.0
2023-09-21 00:00:00+09:00,12100.0,12300.0,11840.0,11850.0,9365,0.0,0.0
2023-09-22 00:00:00+09:00,11670.0,11850.0,11600.0,11630.0,12774,0.0,0.0
2023-09-25 00:00:00+09:00,11410.0,11600.0,11300.0,11300.0,9231,0.0,0.0
2023-09-26 00:00:00+09:00,11390.0,11450.0,10700.0,10800.0,14102,0.0,0.0
2023-09-27 00:00:00+09:00,10760.0,12650.0,10760.0,12540.0,102652,0.0,0.0
2023-10-04 00:00:00+09:00,12350.0,12420.0,11700.0,11700.0,13000,0.0,0.0
2023-10-05 00:00:00+09:00,11730.0,11760.0,10950.0,10950.0,6760,0.0,0.0
2023-10-06 00:00:00+09:00,11300.0,13710.0,11240.0,13120.0,476072,0.0,0.0
2023-10-10 00:00:00+09:00,12810.0,13100.0,11740.0,11740.0,58860,0.0,0.0
2023-10-11 00:00:00+09:00,12240.0,13740.0,12060.0,13230.0,217492,0.0,0.0
2023-10-12 00:00:00+09:00,13230.0,14810.0,13030.0,13080.0,210277,0.0,0.0
2023-10-13 00:00:00+09:00,13050.0,13050.0,12670.0,12990.0,15575,0.0,0.0
2023-10-16 00:00:00+09:00,12820.0,12920.0,12390.0,12390.0,9945,0.0,0.0
2023-10-17 00:00:00+09:00,12470.0,12700.0,12370.0,12370.0,9882,0.0,0.0
2023-10-18 00:00:00+09:00,12260.0,12490.0,12260.0,12400.0,5476,0.0,0.0
2023-10-19 00:00:00+09:00,12100.0,12310.0,11850.0,12030.0,10340,0.0,0.0
2023-10-20 00:00:00+09:00,11990.0,12020.0,11690.0,11690.0,13582,0.0,0.0
2023-10-23 00:00:00+09:00,11670.0,12110.0,11660.0,11820.0,4312,0.0,0.0
2023-10-24 00:00:00+09:00,11610.0,12290.0,11610.0,11940.0,3741,0.0,0.0
2023-10-25 00:00:00+09:00,11950.0,12450.0,11940.0,12000.0,4272,0.0,0.0
2023-10-26 00:00:00+09:00,11900.0,11900.0,11050.0,11360.0,12429,0.0,0.0
2023-10-27 00:00:00+09:00,11500.0,14070.0,11500.0,12890.0,171178,0.0,0.0
2023-10-30 00:00:00+09:00,12660.0,12880.0,12250.0,12840.0,10984,0.0,0.0
2023-10-31 00:00:00+09:00,12840.0,12970.0,12320.0,12490.0,7826,0.0,0.0
2023-11-01 00:00:00+09:00,12430.0,12800.0,12400.0,12650.0,4689,0.0,0.0
2023-11-02 00:00:00+09:00,12660.0,12980.0,12600.0,12970.0,6136,0.0,0.0
2023-11-03 00:00:00+09:00,12970.0,13090.0,12580.0,12870.0,9133,0.0,0.0
2023-11-06 00:00:00+09:00,13080.0,13450.0,13030.0,13390.0,18647,0.0,0.0
2023-11-07 00:00:00+09:00,13380.0,13500.0,13090.0,13410.0,4637,0.0,0.0
2023-11-08 00:00:00+09:00,13080.0,13500.0,13080.0,13270.0,5486,0.0,0.0
2023-11-09 00:00:00+09:00,13290.0,13290.0,13060.0,13180.0,2414,0.0,0.0
2023-11-10 00:00:00+09:00,13180.0,13180.0,12580.0,12800.0,5829,0.0,0.0
2023-11-13 00:00:00+09:00,12800.0,12800.0,12090.0,12400.0,10500,0.0,0.0
2023-11-14 00:00:00+09:00,12430.0,12560.0,12190.0,12450.0,3244,0.0,0.0
2023-11-15 00:00:00+09:00,12600.0,12640.0,12260.0,12260.0,6373,0.0,0.0
2023-11-16 00:00:00+09:00,12300.0,12930.0,12300.0,12870.0,9754,0.0,0.0
2023-11-17 00:00:00+09:00,12720.0,13190.0,12640.0,13190.0,9040,0.0,0.0
2023-11-20 00:00:00+09:00,13210.0,13300.0,12610.0,12950.0,11952,0.0,0.0
2023-11-21 00:00:00+09:00,12870.0,13270.0,12860.0,12970.0,6759,0.0,0.0
2023-11-22 00:00:00+09:00,12970.0,13250.0,12820.0,12900.0,5505,0.0,0.0
2023-11-23 00:00:00+09:00,12900.0,13040.0,12840.0,12850.0,4633,0.0,0.0
2023-11-24 00:00:00+09:00,13260.0,13700.0,13000.0,13550.0,20051,0.0,0.0
2023-11-27 00:00:00+09:00,13700.0,13870.0,13460.0,13500.0,11386,0.0,0.0
2023-11-28 00:00:00+09:00,13410.0,13910.0,13400.0,13560.0,14478,0.0,0.0
2023-11-29 00:00:00+09:00,13760.0,13760.0,13190.0,13270.0,8319,0.0,0.0
2023-11-30 00:00:00+09:00,13260.0,13480.0,13090.0,13210.0,4051,0.0,0.0
2023-12-01 00:00:00+09:00,13040.0,13480.0,13040.0,13380.0,9134,0.0,0.0
2023-12-04 00:00:00+09:00,13450.0,13590.0,13090.0,13090.0,5954,0.0,0.0
2023-12-05 00:00:00+09:00,12970.0,13250.0,12970.0,12980.0,4789,0.0,0.0
2023-12-06 00:00:00+09:00,13140.0,13250.0,12910.0,13080.0,2260,0.0,0.0
2023-12-07 00:00:00+09:00,13080.0,13400.0,12950.0,13080.0,3244,0.0,0.0
2023-12-08 00:00:00+09:00,13150.0,13250.0,12900.0,13160.0,6767,0.0,0.0
2023-12-11 00:00:00+09:00,13250.0,13380.0,13090.0,13090.0,5744,0.0,0.0
2023-12-12 00:00:00+09:00,13070.0,13130.0,12940.0,13090.0,2577,0.0,0.0
2023-12-13 00:00:00+09:00,13140.0,13140.0,12910.0,12950.0,2442,0.0,0.0
2023-12-14 00:00:00+09:00,13000.0,13050.0,12850.0,12930.0,5194,0.0,0.0
2023-12-15 00:00:00+09:00,12960.0,13100.0,12800.0,12880.0,3259,0.0,0.0
2023-12-18 00:00:00+09:00,12900.0,13030.0,12800.0,12900.0,2747,0.0,0.0
2023-12-19 00:00:00+09:00,13000.0,13050.0,12750.0,12900.0,2231,0.0,0.0
2023-12-20 00:00:00+09:00,12900.0,12900.0,12710.0,12750.0,4942,0.0,0.0
2023-12-21 00:00:00+09:00,12750.0,12900.0,12690.0,12690.0,3645,0.0,0.0
2023-12-22 00:00:00+09:00,12790.0,12800.0,12500.0,12520.0,7644,0.0,0.0
2023-12-26 00:00:00+09:00,12650.0,13470.0,12650.0,13230.0,35868,0.0,0.0
2023-12-27 00:00:00+09:00,13390.0,13430.0,12840.0,12980.0,8258,0.0,0.0
2023-12-28 00:00:00+09:00,12980.0,12980.0,12710.0,12940.0,8325,0.0,0.0
2024-01-02 00:00:00+09:00,12880.0,12930.0,12720.0,12790.0,4553,0.0,0.0
2024-01-03 00:00:00+09:00,12600.0,12960.0,12600.0,12960.0,8199,0.0,0.0
2024-01-04 00:00:00+09:00,12920.0,12920.0,12700.0,12780.0,3129,0.0,0.0
2024-01-05 00:00:00+09:00,12810.0,12810.0,12660.0,12750.0,4652,0.0,0.0
2024-01-08 00:00:00+09:00,12720.0,13050.0,12000.0,12990.0,9513,0.0,0.0
2024-01-09 00:00:00+09:00,12990.0,13210.0,12940.0,13190.0,6753,0.0,0.0
2024-01-10 00:00:00+09:00,13380.0,13380.0,12970.0,13110.0,2992,0.0,0.0
2024-01-11 00:00:00+09:00,13110.0,13250.0,12940.0,12940.0,5795,0.0,0.0
2024-01-12 00:00:00+09:00,13050.0,13050.0,12690.0,12810.0,5387,0.0,0.0
2024-01-15 00:00:00+09:00,12570.0,12900.0,12570.0,12830.0,3443,0.0,0.0
2024-01-16 00:00:00+09:00,12900.0,12900.0,12700.0,12800.0,3594,0.0,0.0
2024-01-17 00:00:00+09:00,12900.0,12950.0,12530.0,12800.0,4517,0.0,0.0
2024-01-19 00:00:00+09:00,12650.0,12820.0,12580.0,12740.0,8875,0.0,0.0
2024-01-22 00:00:00+09:00,12890.0,12890.0,12610.0,12730.0,2446,0.0,0.0
2024-01-23 00:00:00+09:00,12720.0,12870.0,12540.0,12730.0,4128,0.0,0.0
2024-01-24 00:00:00+09:00,12570.0,12800.0,12570.0,12740.0,2209,0.0,0.0
2024-01-25 00:00:00+09:00,12780.0,12780.0,12570.0,12640.0,4819,0.0,0.0
2024-01-26 00:00:00+09:00,12590.0,12640.0,12500.0,12640.0,4297,0.0,0.0
2024-01-29 00:00:00+09:00,12780.0,12780.0,12270.0,12400.0,7340,0.0,0.0
2024-01-30 00:00:00+09:00,12260.0,12380.0,12200.0,12380.0,6363,0.0,0.0
2024-01-31 00:00:00+09:00,12200.0,12390.0,12120.0,12120.0,2340,0.0,0.0
2024-02-01 00:00:00+09:00,12120.0,12120.0,11300.0,11780.0,7171,0.0,0.0
2024-02-02 00:00:00+09:00,11730.0,11980.0,11650.0,11960.0,3105,0.0,0.0
2024-02-05 00:00:00+09:00,11960.0,11980.0,11830.0,11960.0,3030,0.0,0.0
2024-02-06 00:00:00+09:00,11950.0,11960.0,11700.0,11960.0,2319,0.0,0.0
2024-02-07 00:00:00+09:00,11990.0,12300.0,11900.0,12300.0,3930,0.0,0.0
2024-02-08 00:00:00+09:00,12950.0,12980.0,12400.0,12590.0,20910,0.0,0.0
2024-02-13 00:00:00+09:00,12590.0,12750.0,11810.0,12320.0,12345,0.0,0.0
2024-02-14 00:00:00+09:00,12300.0,12480.0,12110.0,12320.0,1642,0.0,0.0
2024-02-15 00:00:00+09:00,12290.0,12500.0,12290.0,12400.0,1735,0.0,0.0
2024-02-16 00:00:00+09:00,12450.0,12450.0,12220.0,12240.0,4775,0.0,0.0
2024-02-19 00:00:00+09:00,12270.0,12280.0,12120.0,12160.0,3290,0.0,0.0
2024-02-20 00:00:00+09:00,12200.0,12290.0,12040.0,12190.0,2065,0.0,0.0
2024-02-21 00:00:00+09:00,12290.0,12290.0,12000.0,12150.0,4189,0.0,0.0
2024-02-22 00:00:00+09:00,11990.0,12290.0,11900.0,12220.0,3699,0.0,0.0
2024-02-23 00:00:00+09:00,12220.0,12220.0,12050.0,12190.0,2659,0.0,0.0
2024-02-26 00:00:00+09:00,12300.0,12300.0,12000.0,12040.0,1679,0.0,0.0
2024-02-27 00:00:00+09:00,11830.0,12040.0,11800.0,12000.0,3232,0.0,0.0
2024-02-28 00:00:00+09:00,12090.0,12090.0,11600.0,11600.0,5969,0.0,0.0
2024-02-29 00:00:00+09:00,11590.0,11750.0,11570.0,11730.0,5388,0.0,0.0
2024-03-04 00:00:00+09:00,11690.0,12450.0,11630.0,11980.0,3838,0.0,0.0
2024-03-05 00:00:00+09:00,12050.0,12050.0,11500.0,11800.0,5281,0.0,0.0
2024-03-06 00:00:00+09:00,11550.0,11890.0,11550.0,11780.0,2278,0.0,0.0
2024-03-07 00:00:00+09:00,11850.0,11890.0,11500.0,11560.0,3087,0.0,0.0
2024-03-08 00:00:00+09:00,11700.0,11700.0,11000.0,11360.0,10596,0.0,0.0
2024-03-11 00:00:00+09:00,11360.0,11440.0,11290.0,11380.0,5330,0.0,0.0
2024-03-12 00:00:00+09:00,11390.0,11440.0,11280.0,11400.0,1938,0.0,0.0
2024-03-13 00:00:00+09:00,11500.0,11500.0,11230.0,11500.0,5049,0.0,0.0
2024-03-14 00:00:00+09:00,11580.0,11590.0,11470.0,11480.0,1618,0.0,0.0
2024-03-15 00:00:00+09:00,11490.0,11550.0,11380.0,11390.0,2533,0.0,0.0
2024-03-18 00:00:00+09:00,11440.0,11440.0,11180.0,11200.0,6069,0.0,0.0
2024-03-19 00:00:00+09:00,11180.0,11280.0,10830.0,10840.0,13238,0.0,0.0
2024-03-20 00:00:00+09:00,10840.0,11330.0,10830.0,11310.0,8227,0.0,0.0
2024-03-21 00:00:00+09:00,11500.0,11500.0,10960.0,11100.0,7672,0.0,0.0
2024-03-22 00:00:00+09:00,11100.0,11360.0,11100.0,11260.0,8639,0.0,0.0
2024-03-25 00:00:00+09:00,11200.0,11450.0,11200.0,11430.0,4553,0.0,0.0
2024-03-26 00:00:00+09:00,11320.0,11500.0,11030.0,11070.0,7292,0.0,0.0
2024-03-27 00:00:00+09:00,11070.0,11380.0,11070.0,11270.0,6004,0.0,0.0
2024-03-28 00:00:00+09:00,11200.0,11350.0,11150.0,11230.0,3745,0.0,0.0
2024-03-29 00:00:00+09:00,11230.0,11320.0,11020.0,11140.0,3114,0.0,0.0
2024-04-01 00:00:00+09:00,11200.0,11690.0,11200.0,11560.0,9837,0.0,0.0
2024-04-02 00:00:00+09:00,11830.0,11830.0,11310.0,11400.0,3274,0.0,0.0
2024-04-03 00:00:00+09:00,11400.0,11740.0,11210.0,11280.0,3284,0.0,0.0
2024-04-04 00:00:00+09:00,11280.0,11280.0,11120.0,11140.0,2323,0.0,0.0
2024-04-05 00:00:00+09:00,10960.0,11140.0,10960.0,11070.0,1795,0.0,0.0
2024-04-08 00:00:00+09:00,11100.0,11100.0,10840.0,11060.0,4266,0.0,0.0
2024-04-09 00:00:00+09:00,11280.0,11320.0,10700.0,11090.0,2359,0.0,0.0
2024-04-11 00:00:00+09:00,11040.0,11120.0,10860.0,11110.0,2520,0.0,0.0
2024-04-12 00:00:00+09:00,11110.0,11190.0,10880.0,11090.0,1593,0.0,0.0
2024-04-15 00:00:00+09:00,11080.0,11080.0,10550.0,10800.0,4342,0.0,0.0
2024-04-16 00:00:00+09:00,10800.0,10800.0,10600.0,10650.0,4606,0.0,0.0
2024-04-17 00:00:00+09:00,10750.0,10750.0,10630.0,10630.0,2531,0.0,0.0
2024-04-18 00:00:00+09:00,10590.0,10800.0,10590.0,10700.0,2092,0.0,0.0
2024-04-19 00:00:00+09:00,10840.0,10990.0,10380.0,10450.0,13830,0.0,0.0
2024-04-22 00:00:00+09:00,10390.0,10600.0,10340.0,10340.0,6568,0.0,0.0
2024-04-23 00:00:00+09:00,10350.0,10590.0,10320.0,10500.0,3030,0.0,0.0
2024-04-24 00:00:00+09:00,10590.0,10600.0,10460.0,10530.0,8045,0.0,0.0
2024-04-25 00:00:00+09:00,10520.0,10600.0,10520.0,10580.0,5455,0.0,0.0
2024-04-26 00:00:00+09:00,10560.0,10560.0,10290.0,10380.0,5626,0.0,0.0
2024-04-29 00:00:00+09:00,10380.0,10550.0,10100.0,10100.0,14576,0.0,0.0
2024-04-30 00:00:00+09:00,10120.0,10500.0,10120.0,10500.0,4981,0.0,0.0
2024-05-02 00:00:00+09:00,10740.0,11430.0,10510.0,11250.0,26362,0.0,0.0
2024-05-03 00:00:00+09:00,11250.0,11590.0,11130.0,11570.0,9988,0.0,0.0
2024-05-07 00:00:00+09:00,11570.0,11590.0,11060.0,11060.0,10852,0.0,0.0
2024-05-08 00:00:00+09:00,11240.0,11360.0,11000.0,11290.0,4591,0.0,0.0
2024-05-09 00:00:00+09:00,11190.0,11220.0,10980.0,11150.0,8875,0.0,0.0
2024-05-10 00:00:00+09:00,11090.0,11250.0,10970.0,11050.0,5532,0.0,0.0
2024-05-13 00:00:00+09:00,11050.0,11150.0,10950.0,10970.0,4556,0.0,0.0
2024-05-14 00:00:00+09:00,11000.0,11200.0,10900.0,11200.0,6524,0.0,0.0
2024-05-16 00:00:00+09:00,11090.0,11100.0,10810.0,10980.0,9283,0.0,0.0
2024-05-17 00:00:00+09:00,10970.0,10980.0,10610.0,10850.0,8177,0.0,0.0
2024-05-20 00:00:00+09:00,10850.0,10950.0,10750.0,10880.0,6864,0.0,0.0
2024-05-21 00:00:00+09:00,10880.0,10880.0,10600.0,10660.0,6358,0.0,0.0
2024-05-22 00:00:00+09:00,10650.0,10650.0,10300.0,10620.0,12035,0.0,0.0
2024-05-23 00:00:00+09:00,10500.0,10620.0,10090.0,10340.0,10308,0.0,0.0
2024-05-24 00:00:00+09:00,10340.0,10690.0,10250.0,10570.0,6481,0.0,0.0
2024-05-27 00:00:00+09:00,10580.0,10590.0,10460.0,10490.0,3003,0.0,0.0
2024-05-28 00:00:00+09:00,10550.0,10760.0,10500.0,10750.0,5269,0.0,0.0
2024-05-29 00:00:00+09:00,10650.0,10750.0,10450.0,10610.0,6690,0.0,0.0
2024-05-30 00:00:00+09:00,10350.0,10610.0,10350.0,10570.0,3629,0.0,0.0
2024-05-31 00:00:00+09:00,10620.0,10620.0,10460.0,10570.0,4040,0.0,0.0
2024-06-03 00:00:00+09:00,10640.0,10690.0,10500.0,10560.0,3820,0.0,0.0
2024-06-04 00:00:00+09:00,10560.0,10650.0,10400.0,10540.0,4033,0.0,0.0
2024-06-05 00:00:00+09:00,10570.0,10590.0,10440.0,10490.0,4361,0.0,0.0
2024-06-07 00:00:00+09:00,10550.0,10590.0,10440.0,10550.0,2316,0.0,0.0
2024-06-10 00:00:00+09:00,10560.0,10650.0,10420.0,10520.0,4857,0.0,0.0
2024-06-11 00:00:00+09:00,10600.0,10600.0,10390.0,10530.0,5425,0.0,0.0
2024-06-12 00:00:00+09:00,10540.0,10540.0,10410.0,10410.0,1827,0.0,0.0
2024-06-13 00:00:00+09:00,10530.0,10530.0,10260.0,10410.0,3653,0.0,0.0
2024-06-14 00:00:00+09:00,10410.0,10410.0,10310.0,10340.0,2011,0.0,0.0
2024-06-17 00:00:00+09:00,10260.0,10410.0,10220.0,10320.0,1416,0.0,0.0
2024-06-18 00:00:00+09:00,10350.0,10350.0,10250.0,10300.0,2542,0.0,0.0
2024-06-19 00:00:00+09:00,10350.0,10350.0,10100.0,10140.0,3626,0.0,0.0
2024-06-20 00:00:00+09:00,10200.0,10420.0,10150.0,10370.0,1662,0.0,0.0
2024-06-21 00:00:00+09:00,10450.0,10450.0,10200.0,10210.0,2115,0.0,0.0
2024-06-24 00:00:00+09:00,10280.0,10570.0,10050.0,10050.0,7232,0.0,0.0
2024-06-25 00:00:00+09:00,10050.0,10150.0,10020.0,10100.0,1567,0.0,0.0
2024-06-26 00:00:00+09:00,10230.0,10230.0,9860.0,9860.0,8661,0.0,0.0
2024-06-27 00:00:00+09:00,9870.0,10030.0,9810.0,9960.0,2172,0.0,0.0
2024-06-28 00:00:00+09:00,10030.0,10030.0,9620.0,9970.0,2623,0.0,0.0
2024-07-01 00:00:00+09:00,9970.0,10000.0,9960.0,10000.0,1266,0.0,0.0
2024-07-02 00:00:00+09:00,9960.0,9970.0,9740.0,9880.0,2173,0.0,0.0
2024-07-03 00:00:00+09:00,9930.0,9930.0,9590.0,9640.0,3950,0.0,0.0
2024-07-04 00:00:00+09:00,9610.0,9610.0,9480.0,9480.0,4922,0.0,0.0
2024-07-05 00:00:00+09:00,9530.0,9760.0,9380.0,9700.0,4895,0.0,0.0
2024-07-08 00:00:00+09:00,9600.0,9740.0,9600.0,9650.0,1049,0.0,0.0
2024-07-09 00:00:00+09:00,9700.0,9730.0,9550.0,9690.0,3273,0.0,0.0
2024-07-10 00:00:00+09:00,9700.0,9790.0,9510.0,9530.0,1748,0.0,0.0
2024-07-11 00:00:00+09:00,9550.0,9550.0,9300.0,9320.0,8316,0.0,0.0
2024-07-12 00:00:00+09:00,10130.0,10130.0,9400.0,9480.0,7569,0.0,0.0
2024-07-15 00:00:00+09:00,9490.0,9960.0,9490.0,9640.0,1672,0.0,0.0
2024-07-16 00:00:00+09:00,9600.0,9690.0,9530.0,9530.0,2312,0.0,0.0
2024-07-17 00:00:00+09:00,9250.0,9450.0,9250.0,9320.0,8430,0.0,0.0
2024-07-18 00:00:00+09:00,9320.0,9320.0,9050.0,9200.0,6773,0.0,0.0
2024-07-19 00:00:00+09:00,9190.0,9200.0,9050.0,9170.0,3478,0.0,0.0
2024-07-22 00:00:00+09:00,9080.0,9220.0,9000.0,9120.0,3296,0.0,0.0
2024-07-23 00:00:00+09:00,9100.0,9120.0,8940.0,8950.0,3194,0.0,0.0
2024-07-24 00:00:00+09:00,8950.0,9030.0,8950.0,8980.0,3508,0.0,0.0
2024-07-25 00:00:00+09:00,8980.0,9000.0,8640.0,8640.0,6653,0.0,0.0
2024-07-26 00:00:00+09:00,8640.0,8690.0,8430.0,8440.0,5024,0.0,0.0
2024-07-29 00:00:00+09:00,8150.0,8400.0,8150.0,8250.0,8716,0.0,0.0
2024-07-30 00:00:00+09:00,8260.0,8310.0,8050.0,8120.0,5512,0.0,0.0
2024-07-31 00:00:00+09:00,8120.0,8330.0,8050.0,8060.0,3310,0.0,0.0
2024-08-01 00:00:00+09:00,8060.0,8290.0,8030.0,8080.0,4335,0.0,0.0
2024-08-02 00:00:00+09:00,8130.0,8250.0,7980.0,8150.0,4761,0.0,0.0
2024-08-05 00:00:00+09:00,8230.0,8240.0,7180.0,7180.0,16294,0.0,0.0
2024-08-06 00:00:00+09:00,7210.0,7360.0,7050.0,7180.0,15424,0.0,0.0
2024-08-07 00:00:00+09:00,7190.0,8800.0,7150.0,7630.0,49365,0.0,0.0
2024-08-08 00:00:00+09:00,7620.0,7700.0,7530.0,7590.0,3622,0.0,0.0
2024-08-09 00:00:00+09:00,7660.0,8120.0,7500.0,8100.0,12826,0.0,0.0
2024-08-12 00:00:00+09:00,8100.0,8230.0,7850.0,8100.0,5131,0.0,0.0
2024-08-13 00:00:00+09:00,8070.0,8100.0,7700.0,8080.0,7796,0.0,0.0
2024-08-14 00:00:00+09:00,8060.0,8270.0,7800.0,8250.0,10850,0.0,0.0
2024-08-16 00:00:00+09:00,8250.0,8490.0,8240.0,8260.0,5311,0.0,0.0
2024-08-19 00:00:00+09:00,8300.0,8650.0,8300.0,8480.0,8506,0.0,0.0
2024-08-20 00:00:00+09:00,8570.0,9100.0,8570.0,8920.0,7471,0.0,0.0
2024-08-21 00:00:00+09:00,9100.0,9100.0,8840.0,8950.0,2517,0.0,0.0
2024-08-22 00:00:00+09:00,9030.0,9090.0,8680.0,8780.0,1681,0.0,0.0
2024-08-23 00:00:00+09:00,8800.0,8800.0,8410.0,8620.0,4041,0.0,0.0
2024-08-26 00:00:00+09:00,8710.0,8880.0,8500.0,8800.0,3517,0.0,0.0
2024-08-27 00:00:00+09:00,8730.0,8780.0,8630.0,8650.0,1874,0.0,0.0
2024-08-28 00:00:00+09:00,8660.0,8720.0,8150.0,8620.0,4559,0.0,0.0
2024-08-29 00:00:00+09:00,8540.0,8690.0,8530.0,8690.0,1721,0.0,0.0
2024-08-30 00:00:00+09:00,8650.0,8730.0,8590.0,8620.0,2597,0.0,0.0
2024-09-02 00:00:00+09:00,8620.0,8840.0,8440.0,8790.0,1958,0.0,0.0
2024-09-03 00:00:00+09:00,8790.0,8830.0,8610.0,8700.0,1946,0.0,0.0
2024-09-04 00:00:00+09:00,8430.0,8720.0,8030.0,8290.0,4046,0.0,0.0
2024-09-05 00:00:00+09:00,8290.0,8340.0,8220.0,8230.0,1891,0.0,0.0
2024-09-06 00:00:00+09:00,8270.0,8280.0,7910.0,7910.0,3658,0.0,0.0
2024-09-09 00:00:00+09:00,7900.0,8030.0,7510.0,7970.0,9450,0.0,0.0
2024-09-10 00:00:00+09:00,7880.0,8100.0,7880.0,7900.0,6371,0.0,0.0
2024-09-11 00:00:00+09:00,7900.0,8790.0,7900.0,8030.0,9756,0.0,0.0
2024-09-12 00:00:00+09:00,8030.0,8190.0,8030.0,8100.0,5066,0.0,0.0
2024-09-13 00:00:00+09:00,8160.0,8400.0,8060.0,8060.0,1540,0.0,0.0
2024-09-19 00:00:00+09:00,8110.0,8110.0,7730.0,8080.0,1106,0.0,0.0
2024-09-20 00:00:00+09:00,8080.0,8490.0,8080.0,8220.0,1198,0.0,0.0
2024-09-23 00:00:00+09:00,8260.0,8280.0,8000.0,8130.0,1257,0.0,0.0
2024-09-24 00:00:00+09:00,8110.0,8320.0,8000.0,8280.0,1316,0.0,0.0
2024-09-25 00:00:00+09:00,8450.0,8630.0,8330.0,8580.0,5166,0.0,0.0
2024-09-26 00:00:00+09:00,8630.0,8670.0,8500.0,8640.0,1496,0.0,0.0
2024-09-27 00:00:00+09:00,8640.0,8690.0,8210.0,8250.0,3120,0.0,0.0
