Date,Open,High,Low,Close,Volume,Dividends,Stock Splits
2010-02-22 00:00:00+08:00,29.655622147201882,29.655622147201882,29.239611262691803,29.35847282409668,152,0.0,0.0
2010-02-23 00:00:00+08:00,29.596190283860093,29.596190283860093,28.645310090877075,29.29903793334961,146,0.0,0.0
2010-02-24 00:00:00+08:00,29.299037608407062,29.299037608407062,28.823597517188446,28.9721736907959,118,0.0,0.0
2010-02-25 00:00:00+08:00,29.00188605471764,29.477326108885837,28.645307540893555,28.645307540893555,188,0.0,0.0
2010-02-26 00:00:00+08:00,28.675021547636806,28.764165410780087,28.526445388793945,28.526445388793945,145,0.0,0.0
2010-03-01 00:00:00+08:00,28.52644531555218,28.823594578870914,27.991572977253604,28.585874557495117,161,0.0,0.0
2010-03-02 00:00:00+08:00,28.6453097340222,29.41789911779511,28.6453097340222,29.001888275146484,137,0.0,0.0
2010-03-03 00:00:00+08:00,29.65562541707439,29.65562541707439,29.120755965788607,29.239614486694336,161,0.0,0.0
2010-03-04 00:00:00+08:00,29.50704932471777,29.536763951982287,28.823600683215105,28.88302993774414,126,0.0,0.0
2010-03-05 00:00:00+08:00,29.120753890492313,30.903656005859375,28.972177696343465,30.903656005859375,371,0.0,0.0
2010-03-08 00:00:00+08:00,32.329979017892796,32.68655760315165,31.0225170801993,31.497957229614258,736,0.0,0.0
2010-03-09 00:00:00+08:00,31.49795304724084,31.49795304724084,30.963080659967098,31.200803756713867,195,0.0,0.0
2010-03-10 00:00:00+08:00,31.141376900160324,32.092260292577016,31.141376900160324,31.37909698486328,258,0.0,0.0
2010-03-11 00:00:00+08:00,31.379096251844032,31.676248640984863,30.784797580771954,30.844226837158203,238,0.0,0.0
2010-03-12 00:00:00+08:00,30.844226336225386,31.141375666935502,30.368786185647302,30.665935516357422,138,0.0,0.0
2010-03-15 00:00:00+08:00,30.96307797813051,30.96307797813051,30.30934715270996,30.30934715270996,101,0.0,0.0
2010-03-16 00:00:00+08:00,30.547076388452023,30.725367222541088,30.071636199951172,30.071636199951172,91,0.0,0.0
2010-03-17 00:00:00+08:00,30.30935602024919,32.032828978190835,30.30935602024919,31.735679626464844,382,0.0,0.0
2010-03-18 00:00:00+08:00,31.676247541968856,31.676247541968856,30.90365502133376,31.319665908813477,280,0.0,0.0
2010-03-19 00:00:00+08:00,31.31966790557414,31.795108077689505,31.14137707762966,31.260238647460938,311,0.0,0.0
2010-03-22 00:00:00+08:00,31.260238647460938,31.260238647460938,31.260238647460938,31.260238647460938,0,0.0,0.0
2010-03-23 00:00:00+08:00,31.20080689497942,31.795105535809608,31.141374588012695,31.141374588012695,422,0.0,0.0
2010-03-24 00:00:00+08:00,31.319668701885483,32.329981383521776,31.319668701885483,31.735679626464844,249,0.0,0.0
2010-03-25 00:00:00+08:00,31.676244735717773,31.676244735717773,31.200804636033748,31.676244735717773,145,0.0,0.0
2010-03-26 00:00:00+08:00,31.795107896494674,32.32998037727997,31.260238469314235,31.37909698486328,280,0.0,0.0
2010-03-29 00:00:00+08:00,31.379094774349216,32.68655667491319,31.379094774349216,31.854537963867188,393,0.0,0.0
2010-03-30 00:00:00+08:00,32.092258649493516,34.05345153808594,32.092258649493516,34.05345153808594,1214,0.0,0.0
2010-03-31 00:00:00+08:00,35.242054776903,35.242054776903,33.57801122395302,34.17230987548828,2132,0.0,0.0
2010-04-01 00:00:00+08:00,34.76660927368251,35.12319088382637,34.231739912071205,34.70718002319336,1447,0.0,0.0
2010-04-02 00:00:00+08:00,35.063762839066705,35.77692303027321,34.05345027798738,35.47977066040039,1503,0.0,0.0
2010-04-06 00:00:00+08:00,36.25236724050016,37.02495982485367,35.123196047187676,35.36091613769531,1528769,0.0,0.0
2010-04-07 00:00:00+08:00,35.36091398340685,35.479772494617,34.05345203846675,34.23174285888672,708487,0.0,0.0
2010-04-08 00:00:00+08:00,34.469462919577154,34.469462919577154,32.448837693856106,32.68655776977539,1212240,0.0,0.0
2010-04-09 00:00:00+08:00,32.98371065714819,33.22143073668744,32.38940893149768,32.86484909057617,653262,0.0,0.0
2010-04-12 00:00:00+08:00,33.043138989299244,33.16200055254629,32.38940802545227,32.44883728027344,344815,0.0,0.0
2010-04-13 00:00:00+08:00,32.38940843827747,33.578011871478644,32.38940843827747,32.68655776977539,486243,0.0,0.0
2010-04-14 00:00:00+08:00,33.399721051137995,33.399721051137995,32.092259106779544,32.68655776977539,296325,0.0,0.0
2010-04-15 00:00:00+08:00,33.280856212243044,33.280856212243044,32.686554554109186,32.805416107177734,447181,0.0,0.0
2010-04-16 00:00:00+08:00,32.805415220387125,32.805415220387125,32.32997512817383,32.32997512817383,235713,0.0,0.0
2010-04-19 00:00:00+08:00,32.09226241197692,32.09226241197692,30.547077178955075,30.547077178955078,426977,0.0,0.0
2010-04-20 00:00:00+08:00,30.547071182187636,31.260234396996527,30.30935112845283,31.02251434326172,212815,0.0,0.0
2010-04-21 00:00:00+08:00,31.676243842998755,31.676243842998755,30.90365141258257,31.200803756713867,321917,0.0,0.0
2010-04-22 00:00:00+08:00,31.081945837911448,31.61681828764452,30.784796512685084,31.319665908813477,342121,0.0,0.0
2010-04-23 00:00:00+08:00,31.379099559354856,31.735681242467393,31.02252092984743,31.43853187561035,351549,0.0,0.0
2010-04-26 00:00:00+08:00,31.61682572944176,32.745997095405805,31.49796413921141,32.151695251464844,657303,0.0,0.0
2010-04-27 00:00:00+08:00,32.38941055052345,32.50827212303692,31.616821016803232,31.795108795166016,281509,0.0,0.0
2010-04-28 00:00:00+08:00,31.200803756713867,31.616814595614226,30.90365141258257,31.200803756713867,269386,0.0,0.0
2010-04-29 00:00:00+08:00,30.963083774321785,31.497956215394513,30.784796014235507,31.141374588012695,791997,0.0,0.0
2010-04-30 00:00:00+08:00,31.200800140448003,32.03281866821096,30.665927815167557,30.725357055664062,558977,0.0,0.0
2010-05-03 00:00:00+08:00,30.309351564128647,30.487642370393676,29.65562064355988,30.428213119506836,639793,0.0,0.0
2010-05-04 00:00:00+08:00,31.319658621441008,31.616810931131468,30.487637040074077,30.725357055664062,538773,0.0,0.0
2010-05-05 00:00:00+08:00,29.536761035199753,29.95277188303092,29.120750187368586,29.29903793334961,397345,0.0,0.0
2010-05-06 00:00:00+08:00,30.012203216552734,31.319665099532195,29.77448315179325,30.012203216552734,686936,0.0,0.0
2010-05-07 00:00:00+08:00,28.883028167612927,30.725362427545544,28.883028167612927,30.428213119506836,400039,0.0,0.0
2010-05-10 00:00:00+08:00,31.497954450731335,31.79510375449873,30.66593273585727,31.02251434326172,478161,0.0,0.0
2010-05-11 00:00:00+08:00,31.37909334811431,31.616816458870687,30.428213119506836,30.428213119506836,382529,0.0,0.0
2010-05-12 00:00:00+08:00,30.606506671869997,30.903656006569744,29.83391412660396,30.13106346130371,246488,0.0,0.0
2010-05-13 00:00:00+08:00,30.844231618404294,30.90366088400283,30.428220652004,30.48764991760254,188570,0.0,0.0
2010-05-14 00:00:00+08:00,30.487644696489454,30.844226336225386,30.190495365779338,30.665935516357422,140081,0.0,0.0
2010-05-17 00:00:00+08:00,30.190487795851833,30.24991703637169,29.715044710881052,29.774477005004883,219550,0.0,0.0
2010-05-18 00:00:00+08:00,30.012203647563222,30.012203647563222,29.180181882153917,29.447616577148438,273427,0.0,0.0
2010-05-19 00:00:00+08:00,30.012202103787605,30.309351410318378,29.180180381176054,29.715049743652344,160285,0.0,0.0
2010-05-20 00:00:00+08:00,29.83391448597618,30.01220531038559,29.12075424194336,29.12075424194336,299019,0.0,0.0
2010-05-21 00:00:00+08:00,27.9321470599153,27.9321470599153,27.218986910904515,27.486421585083008,425631,0.0,0.0
2010-05-24 00:00:00+08:00,27.961862251355385,27.961862251355385,27.426992892153827,27.634998321533203,134693,0.0,0.0
2010-05-25 00:00:00+08:00,27.337843524335693,27.42699044531923,25.70351791381836,25.70351791381836,381182,0.0,0.0
2010-05-26 00:00:00+08:00,25.73323944681425,25.970959543935265,25.020077628648682,25.43608856201172,243795,0.0,0.0
2010-05-27 00:00:00+08:00,25.0795028163811,26.386966191807403,25.0795028163811,26.208675384521484,199346,0.0,0.0
2010-05-28 00:00:00+08:00,26.684115501547584,26.862406308833503,26.208675384521484,26.208675384521484,215509,0.0,0.0
2010-05-31 00:00:00+08:00,26.0898143361947,26.624686768461572,26.0898143361947,26.386966705322266,131999,0.0,0.0
2010-06-01 00:00:00+08:00,26.208675326814788,27.397278670367477,26.208675326814788,27.070411682128906,299019,0.0,0.0
2010-06-02 00:00:00+08:00,26.862404473789486,27.040695268895874,26.476108259993026,26.981266021728516,130652,0.0,0.0
2010-06-03 00:00:00+08:00,27.10012960564505,27.932151436664473,27.10012960564505,27.664716720581055,300366,0.0,0.0
2010-06-04 00:00:00+08:00,27.872720546089447,29.12075321953289,27.872720546089447,27.991579055786133,308447,0.0,0.0
2010-06-07 00:00:00+08:00,26.89211754358989,27.575563007339074,26.684112136918042,27.308128356933594,131999,0.0,0.0
2010-06-08 00:00:00+08:00,27.04069665850577,27.634998321533203,26.80297660401569,27.634998321533203,96979,0.0,0.0
2010-06-09 00:00:00+08:00,29.566478772356053,29.566478772356053,28.823600871472355,29.53676414489746,1400811,0.0,0.0
2010-06-10 00:00:00+08:00,28.972176106904406,28.972176106904406,27.90243428565019,28.348159790039062,664038,0.0,0.0
2010-06-11 00:00:00+08:00,28.823599920906577,28.883029173863864,28.348159790039062,28.348159790039062,308447,0.0,0.0
2010-06-14 00:00:00+08:00,28.526445388793945,29.09103234951357,28.526445388793945,28.526445388793945,196652,0.0,0.0
2010-06-15 00:00:00+08:00,27.961865994174367,28.7344585648854,27.961865994174367,28.467023849487305,125264,0.0,0.0
2010-06-17 00:00:00+08:00,28.76417278314214,28.76417278314214,28.080727163061873,28.22930335998535,261305,0.0,0.0
2010-06-18 00:00:00+08:00,28.229299464861942,29.001888864330283,28.229299464861942,28.288728713989258,241101,0.0,0.0
2010-06-21 00:00:00+08:00,28.40758904299635,28.615594481951465,28.288730537081776,28.348159790039062,160285,0.0,0.0
2010-06-22 00:00:00+08:00,28.49673610348423,28.764170796592694,28.110439850324994,28.259016036987305,107754,0.0,0.0
2010-06-23 00:00:00+08:00,27.932151885014907,28.169871975749786,27.516140962827635,27.872722625732422,175101,0.0,0.0
2010-06-24 00:00:00+08:00,27.872715033534636,28.169864302612055,27.8430004119873,27.843000411987305,131999,0.0,0.0
2010-06-25 00:00:00+08:00,27.635002534997543,28.051013457184816,27.57557022211012,27.872722625732422,98326,0.0,0.0
2010-06-28 00:00:00+08:00,27.872722625732422,27.872722625732422,27.872722625732422,27.872722625732422,0,0.0,0.0
2010-06-29 00:00:00+08:00,27.81328868418462,27.9321471827402,27.100125478433462,27.39727783203125,74081,0.0,0.0
2010-06-30 00:00:00+08:00,26.446391631052222,26.53553854864781,25.94123696122554,26.178956985473633,157591,0.0,0.0
2010-07-01 00:00:00+08:00,26.178962577537842,26.505826535598548,26.149247949860026,26.26810646057129,137387,0.0,0.0
2010-07-02 00:00:00+08:00,26.26810471864969,26.47611015220563,26.149246215820312,26.149246215820312,164325,0.0,0.0
2010-07-05 00:00:00+08:00,26.743549346923828,26.86240785622486,26.446396966461855,26.743549346923828,87550,0.0,0.0
2010-07-06 00:00:00+08:00,26.892121841565228,27.872719787912796,26.892121841565228,27.456708908081055,162978,0.0,0.0
2010-07-07 00:00:00+08:00,27.516133763605442,27.516133763605442,27.308128356933594,27.308128356933594,87550,0.0,0.0
2010-07-08 00:00:00+08:00,29.18018369164401,29.18018369164401,27.54585468630025,28.22930335998535,369059,0.0,0.0
2010-07-09 00:00:00+08:00,28.22930376317734,28.526453107663574,27.902436735998098,28.467023849487305,96979,0.0,0.0
2010-07-12 00:00:00+08:00,28.467024379372088,28.467024379372088,27.872722625732422,27.872722625732422,148162,0.0,0.0
2010-07-13 00:00:00+08:00,27.93214701915052,28.199581692938715,27.337845369039997,27.516136169433594,102366,0.0,0.0
2010-07-14 00:00:00+08:00,27.902437164888713,28.110442625307808,27.337850042721193,27.932151794433594,185876,0.0,0.0
2010-07-15 00:00:00+08:00,27.872717347470687,28.22929894284955,27.694426549781255,28.110437393188477,142774,0.0,0.0
2010-07-16 00:00:00+08:00,28.110439854444557,28.110439854444557,27.426994281465163,27.456708908081055,118530,0.0,0.0
2010-07-19 00:00:00+08:00,27.397282577109404,27.397282577109404,26.95155396951466,27.040700912475586,82162,0.0,0.0
2010-07-20 00:00:00+08:00,27.397278186397568,28.169867597815045,27.397278186397568,27.694427490234375,92938,0.0,0.0
2010-07-21 00:00:00+08:00,28.051007659138076,28.169866153135406,27.575564522335842,27.90243148803711,122570,0.0,0.0
2010-07-22 00:00:00+08:00,27.93214754402471,28.110438347768575,27.634998240187905,27.694427490234375,99673,0.0,0.0
2010-07-23 00:00:00+08:00,28.407591974361544,28.467024287056233,27.932151794433594,27.932151794433594,134693,0.0,0.0
2010-07-26 00:00:00+08:00,28.348159011468827,28.348159011468827,27.75385733740437,27.813289642333984,109101,0.0,0.0
2010-07-27 00:00:00+08:00,28.11043505951739,28.199578924159386,27.81328579043997,27.843000411987305,86203,0.0,0.0
2010-07-28 00:00:00+08:00,27.991577216316866,29.061319001312388,27.991577216316866,28.764169692993164,367712,0.0,0.0
2010-07-29 00:00:00+08:00,28.76417338649127,30.725366401878308,28.70474412791724,29.596195220947266,903792,0.0,0.0
2010-07-30 00:00:00+08:00,29.12074759506175,29.23960608180174,28.645307540893555,28.645307540893555,356937,0.0,0.0
2010-08-02 00:00:00+08:00,28.883029632081833,29.41790207799679,28.288730985871428,29.35847282409668,281509,0.0,0.0
2010-08-03 00:00:00+08:00,30.249926258952755,30.249926258952755,28.823602676391605,28.8236026763916,444488,0.0,0.0
2010-08-04 00:00:00+08:00,28.88303281676715,29.358476061205067,28.58588346089783,29.239614486694336,216856,0.0,0.0
2010-08-05 00:00:00+08:00,28.94245897759777,30.84422239021556,28.94245897759777,29.893339157104492,769099,0.0,0.0
2010-08-06 00:00:00+08:00,30.190488871286256,31.973390579223633,30.0121980897717,31.973390579223633,1589381,0.0,0.0
2010-08-09 00:00:00+08:00,33.280855312600416,33.280855312600416,32.09225508206718,32.32997512817383,1924768,0.0,0.0
2010-08-10 00:00:00+08:00,32.092261199647204,32.627130641945435,31.200810093413523,31.795108795166016,791997,0.0,0.0
2010-08-11 00:00:00+08:00,31.319666906592328,31.557386985067616,30.784797493424122,30.903656005859375,758323,0.0,0.0
2010-08-12 00:00:00+08:00,30.844225789999744,32.686557104264836,30.487644156578575,32.09225845336914,949588,0.0,0.0
2010-08-13 00:00:00+08:00,32.627125816777294,33.756296847441845,31.497954786112736,32.983707427978516,1462770,0.0,0.0
2010-08-16 00:00:00+08:00,33.34028684896909,34.76661027710617,32.38940659928077,33.45914840698242,1450647,0.0,0.0
2010-08-17 00:00:00+08:00,33.459149969221166,33.518579224200344,32.389408111572266,32.389408111572266,886282,0.0,0.0
2010-08-18 00:00:00+08:00,32.74598969522984,34.410033260769744,32.62712813186068,33.994022369384766,1709258,0.0,0.0
2010-08-19 00:00:00+08:00,34.76661382228708,34.76661382228708,33.221431732177734,33.221431732177734,1477586,0.0,0.0
2010-08-20 00:00:00+08:00,32.98370751009067,33.22142756694845,32.44883509195727,32.924278259277344,735425,0.0,0.0
2010-08-23 00:00:00+08:00,33.102566786547015,33.815730027417835,32.68655591390723,33.45914840698242,868772,0.0,0.0
2010-08-24 00:00:00+08:00,33.34028598557525,33.815729151711714,32.983707427978516,32.983707427978516,631711,0.0,0.0
2010-08-25 00:00:00+08:00,32.567700971666646,33.28086123693646,31.497959046959473,31.557388305664062,650568,0.0,0.0
2010-08-26 00:00:00+08:00,32.32997012920521,32.32997012920521,30.903647019503836,31.081937789916992,320570,0.0,0.0
2010-08-27 00:00:00+08:00,31.081947431007798,31.081947431007798,30.131064045057748,30.24992561340332,363672,0.0,0.0
2010-08-30 00:00:00+08:00,30.606502779107842,30.606502779107842,29.180179436028926,29.29903793334961,404080,0.0,0.0
2010-08-31 00:00:00+08:00,29.299042852710354,29.596195253113248,28.52645332959361,28.8236026763916,293631,0.0,0.0
2010-09-01 00:00:00+08:00,29.120747006305553,29.715045535198357,28.883023930423565,29.417896270751953,200693,0.0,0.0
2010-09-02 00:00:00+08:00,30.012206138175266,30.24992622607628,29.417904391620283,29.596195220947266,210121,0.0,0.0
2010-09-03 00:00:00+08:00,30.012203506109778,31.20080689497942,29.774483439056777,31.141374588012695,576487,0.0,0.0
2010-09-06 00:00:00+08:00,31.200807975961318,31.735677381960475,30.665935516357422,30.665935516357422,620936,0.0,0.0
2010-09-07 00:00:00+08:00,30.837510693993757,31.45673876241365,30.682703676888785,30.713666915893555,353570,0.071388,1.04
2010-09-08 00:00:00+08:00,30.58981339457155,31.14711786678005,30.342119798651932,30.404043197631836,205925,0.0,0.0
2010-09-09 00:00:00+08:00,30.775580032709115,32.509413760868554,30.775580032709115,31.766342163085938,689008,0.0,0.0
2010-09-10 00:00:00+08:00,31.890186664522307,32.13787717929507,31.08519172668457,31.08519172668457,246074,0.0,0.0
2010-09-13 00:00:00+08:00,31.642500555573474,32.075958251953125,31.270963202029858,32.075958251953125,334143,0.0,0.0
2010-09-14 00:00:00+08:00,32.075961293189344,32.50941903066667,31.64250355571202,31.704423904418945,277157,0.0,0.0
2010-09-15 00:00:00+08:00,31.704423535362846,32.26172808237824,31.704423535362846,31.95211410522461,156710,0.0,0.0
2010-09-16 00:00:00+08:00,33.747870144121094,34.18132781982422,33.62402334574573,34.18132781982422,1669420,0.0,0.0
2010-09-17 00:00:00+08:00,34.92439943216043,35.791317842872004,33.80979048400345,34.18132781982422,1186337,0.0,0.0
2010-09-20 00:00:00+08:00,34.862480506667445,34.862480506667445,33.19056701660156,33.19056701660156,736928,0.0,0.0
2010-09-21 00:00:00+08:00,33.190568707398306,33.80979357802604,32.57134077746497,32.88095474243164,573741,0.0,0.0
2010-09-23 00:00:00+08:00,32.81902899017426,33.74787081863823,32.81902899017426,33.68594741821289,503805,0.0,0.0
2010-09-24 00:00:00+08:00,34.55287056042333,35.110175121675695,34.057489408044745,34.42902374267578,1339162,0.0,0.0
2010-09-27 00:00:00+08:00,35.23401286044676,35.29593625874103,34.490941258831384,34.61478805541992,764125,0.0,0.0
2010-09-28 00:00:00+08:00,35.29593996549581,35.667477334974734,34.614791690641,34.67671203613281,949329,0.0,0.0
2010-09-29 00:00:00+08:00,34.67671685759402,35.11017769213889,33.56211071279329,33.62403106689453,678647,0.0,0.0
2010-09-30 00:00:00+08:00,33.50018635110755,33.93364411407664,33.438262939453125,33.438262939453125,205925,0.0,0.0
2010-10-01 00:00:00+08:00,33.50018729938602,34.11941225554064,33.50018729938602,33.62403106689453,195564,0.0,0.0
2010-10-04 00:00:00+08:00,33.624023630446125,33.87171416998877,32.38557093273292,32.50941467285156,417031,0.0,0.0
2010-10-05 00:00:00+08:00,32.2617253990722,32.50941594833278,31.890191104834056,32.075958251953125,262911,0.0,0.0
2010-10-06 00:00:00+08:00,32.757107932722725,33.74787323247719,32.32365021735276,32.88095474243164,249959,0.0,0.0
2010-10-07 00:00:00+08:00,33.19057140561679,33.19057140561679,32.57134342534348,32.757110595703125,64756,0.0,0.0
2010-10-08 00:00:00+08:00,33.12864255136084,33.12864255136084,32.44749433244492,32.50941467285156,82888,0.0,0.0
2010-10-11 00:00:00+08:00,30.52789721104493,31.89019701406403,30.52789721104493,31.518659591674805,446819,0.0,0.0
2010-10-12 00:00:00+08:00,31.51865673968663,31.828270720444333,31.456733331673934,31.704423904418945,147644,0.0,0.0
2010-10-13 00:00:00+08:00,31.890194128457026,32.38557527394705,31.64250355571202,31.704423904418945,202040,0.0,0.0
2010-10-14 00:00:00+08:00,32.32365186593435,32.32365186593435,31.704423904418945,31.704423904418945,77707,0.0,0.0
2010-10-15 00:00:00+08:00,31.704419111625278,31.76634251027694,30.52788983377021,30.589813232421875,339323,0.0,0.0
2010-10-18 00:00:00+08:00,30.589814791535513,31.209039631697117,28.794054494942113,29.41328239440918,481787,0.0,0.0
2010-10-19 00:00:00+08:00,29.413280736299384,29.78481500759082,29.227513600653666,29.7228946685791,196859,0.0,0.0
2010-10-20 00:00:00+08:00,29.72289588926882,30.218276977539062,29.72289588926882,30.218276977539062,217581,0.0,0.0
2010-10-21 00:00:00+08:00,30.86846667047518,30.86846667047518,29.90866461396258,29.939624786376953,196859,0.0,0.0
2010-10-22 00:00:00+08:00,29.475205447606314,30.342123974725496,29.475205447606314,30.156356811523438,177432,0.0,0.0
2010-10-25 00:00:00+08:00,30.15635814840695,30.342125319844392,30.032511327911408,30.09443473815918,108790,0.0,0.0
2010-10-26 00:00:00+08:00,30.342120442144324,31.14711852734475,30.28020010115654,30.837501525878906,365226,0.0,0.0
2010-10-27 00:00:00+08:00,31.270966704769982,31.270966704769982,30.465971564677172,30.527894973754883,167071,0.0,0.0
2010-10-28 00:00:00+08:00,30.527894973754883,30.93039254380129,30.37308798071351,30.527894973754883,126922,0.0,0.0
2010-10-29 00:00:00+08:00,30.311163762622424,30.311163762622424,29.16559449213648,29.289438247680664,494739,0.0,0.0
2010-11-01 00:00:00+08:00,29.722895265720084,29.722895265720084,28.73213005065918,28.73213005065918,222762,0.0,0.0
2010-11-02 00:00:00+08:00,28.917903268051482,29.10367042682135,27.98906135559082,27.98906135559082,453294,0.0,0.0
2010-11-03 00:00:00+08:00,28.453483452183324,28.484443626783904,27.245990753173828,27.245990753173828,436458,0.0,0.0
2010-11-04 00:00:00+08:00,27.245989063317722,27.679446777370803,27.245989063317722,27.55560302734375,180022,0.0,0.0
2010-11-05 00:00:00+08:00,27.67944699341336,27.989060959855976,27.617523588263712,27.865217208862305,121742,0.0,0.0
2010-11-08 00:00:00+08:00,27.865211348209453,27.865211348209453,27.24598354556114,27.369827270507812,202,0.0,0.0
2010-11-09 00:00:00+08:00,27.52463979535779,27.741370182037127,27.245989063317722,27.55560302734375,102315,0.0,0.0
2010-11-10 00:00:00+08:00,27.67944833641057,29.04174801927301,27.555604579408044,28.174829483032227,186498,0.0,0.0
2010-11-11 00:00:00+08:00,28.360596539479847,28.608287085122452,28.17482633576882,28.20578956604004,138578,0.0,0.0
2010-11-12 00:00:00+08:00,28.20579112807617,28.20579112807617,27.55560302734375,27.55560302734375,148939,0.0,0.0
2010-11-15 00:00:00+08:00,27.555606748187902,27.86522075402123,27.555606748187902,27.586566925048828,102315,0.0,0.0
2010-11-16 00:00:00+08:00,27.586562622031455,27.834253176201553,27.43175564326195,27.49367904663086,102315,0.0,0.0
2010-11-17 00:00:00+08:00,27.369831752124743,27.679445704146,27.307911409164877,27.400794982910156,97134,0.0,0.0
2010-11-18 00:00:00+08:00,27.55560236087575,28.05098346761372,27.431755554538494,27.524639129638672,93249,0.0,0.0
2010-11-19 00:00:00+08:00,28.050984146063158,28.050984146063158,27.55560302734375,27.55560302734375,34968,0.0,0.0
2010-11-22 00:00:00+08:00,27.86521940385629,27.86521940385629,27.648488998413086,27.648488998413086,51805,0.0,0.0
2010-11-23 00:00:00+08:00,28.143868126767384,28.143868126767384,27.679447174072266,27.679447174072266,63461,0.0,0.0
2010-11-24 00:00:00+08:00,27.55560302734375,27.679446777370803,27.36983281334477,27.55560302734375,51805,0.0,0.0
2010-11-25 00:00:00+08:00,28.050981189161885,28.453478688106664,27.896174223467334,28.29867172241211,155415,0.0,0.0
2010-11-26 00:00:00+08:00,28.48443885752346,28.670209051940088,28.205788154856435,28.29867172241211,273272,0.0,0.0
2010-11-29 00:00:00+08:00,28.48444175720215,29.01078610600584,28.48444175720215,28.48444175720215,180022,0.0,0.0
2010-11-30 00:00:00+08:00,28.484441717190485,28.794055679662968,28.11290740966797,28.11290740966797,124332,0.0,0.0
2010-12-01 00:00:00+08:00,28.174825599908367,28.422516139081875,27.80329132080078,27.80329132080078,139873,0.0,0.0
2010-12-02 00:00:00+08:00,28.298678784686356,28.422522552565525,28.050988189621975,28.23675537109375,133398,0.0,0.0
2010-12-03 00:00:00+08:00,28.453485193305873,28.670215606689453,28.205794603427204,28.670215606689453,182613,0.0,0.0
2010-12-06 00:00:00+08:00,28.577328958592222,28.855982784271962,28.36060160451462,28.670215606689453,145054,0.0,0.0
2010-12-07 00:00:00+08:00,28.670211970529937,28.670211970529937,28.23675119873735,28.48444175720215,97134,0.0,0.0
2010-12-08 00:00:00+08:00,28.484440068536177,30.032506731992285,28.484440068536177,29.320398330688477,479197,0.0,0.0
2010-12-09 00:00:00+08:00,29.41328478487076,30.00154950159035,29.41328478487076,29.506168365478516,303060,0.0,0.0
2010-12-10 00:00:00+08:00,29.72289407179193,29.72289407179193,28.794052293602398,29.134626388549805,150234,0.0,0.0
2010-12-13 00:00:00+08:00,29.47520250216755,29.506165732477587,29.103668212890625,29.103668212890625,181317,0.0,0.0
2010-12-14 00:00:00+08:00,29.10366968301694,29.28943683703914,28.48444175720215,28.48444175720215,225352,0.0,0.0
2010-12-15 00:00:00+08:00,28.546363443777672,28.546363443777672,27.865215213816107,27.896175384521484,172252,0.0,0.0
2010-12-16 00:00:00+08:00,27.95809465522858,28.143861770629883,27.86521109752793,28.143861770629883,123037,0.0,0.0
2010-12-17 00:00:00+08:00,28.050981608478235,28.484439283319293,27.989058209413706,28.020021438598633,291403,0.0,0.0
2010-12-20 00:00:00+08:00,28.020021102887025,28.020021102887025,27.61752054344266,27.74136734008789,80297,0.0,0.0
2010-12-21 00:00:00+08:00,27.865215483125134,29.537125903482185,27.865215483125134,29.103668212890625,515461,0.0,0.0
2010-12-22 00:00:00+08:00,29.103666048263182,29.537123706615702,28.60828499320167,28.794052124023438,270,0.0,0.0
2010-12-23 00:00:00+08:00,28.979819220270475,30.80653953552246,28.979819220270475,30.80653953552246,1751013,0.0,0.0
2010-12-24 00:00:00+08:00,31.147120502961737,31.209040847877038,30.03250840490261,30.435009002685547,835357,0.0,0.0
2010-12-27 00:00:00+08:00,30.280202470652934,30.342122816486132,29.28943716634869,30.032508850097656,538773,0.0,0.0
2010-12-28 00:00:00+08:00,30.032504938549884,30.032504938549884,29.134626388549805,29.134626388549805,327667,0.0,0.0
2010-12-29 00:00:00+08:00,29.53712616642079,29.53712616642079,28.48444057192279,28.886938095092773,235713,0.0,0.0
2010-12-30 00:00:00+08:00,28.886939426448343,29.413283777608495,28.70117227159446,28.825016021728516,186498,0.0,0.0
2010-12-31 00:00:00+08:00,29.475202015956114,30.837501525878906,29.475202015956114,30.837501525878906,1814475,0.0,0.0
2011-01-03 00:00:00+08:00,31.580580521103016,32.81903339947133,31.270966536684483,31.45673370361328,1745833,0.0,0.0
2011-01-04 00:00:00+08:00,31.580579551080366,32.57134182334297,31.147121821791906,31.270965576171875,779667,0.0,0.0
2011-01-05 00:00:00+08:00,31.270961605434536,31.270961605434536,30.342119798651932,30.404043197631836,549134,0.0,0.0
2011-01-06 00:00:00+08:00,30.651736534770006,32.137882949544235,30.651736534770006,31.642501831054688,865145,0.0,0.0
2011-01-07 00:00:00+08:00,31.890187893649383,32.50941267479522,31.518650577517743,32.13787841796875,668286,0.0,0.0
2011-01-10 00:00:00+08:00,32.69519117751784,33.93364411407664,32.69519117751784,33.438262939453125,1286062,0.0,0.0
2011-01-11 00:00:00+08:00,33.19056643650634,33.37633357905395,32.69518535017579,33.12864303588867,538773,0.0,0.0
2011-01-12 00:00:00+08:00,33.12864431747144,33.43825827323181,32.57133980896388,32.695186614990234,451999,0.0,0.0
2011-01-13 00:00:00+08:00,32.942874908447266,33.4382559799674,32.323647039394444,32.942874908447266,413146,0.0,0.0
2011-01-14 00:00:00+08:00,33.31441174689155,35.234015841277184,32.942877444304365,35.17209243774414,2926990,0.0,0.0
2011-01-17 00:00:00+08:00,35.91516720920819,36.53439206744407,35.29593929166677,35.667476654052734,2603208,0.0,0.0
2011-01-18 00:00:00+08:00,35.66747777321385,36.10093549351039,34.98632643068426,35.29594039916992,1186337,0.0,0.0
2011-01-19 00:00:00+08:00,35.60555446193604,37.2155446548801,35.60555446193604,36.534393310546875,1859804,0.0,0.0
2011-01-20 00:00:00+08:00,36.534390831722305,39.073222760325464,36.534390831722305,37.896690368652344,2684801,0.0,0.0
2011-01-21 00:00:00+08:00,38.39207582416516,39.13514748971083,37.463233947753906,37.463233947753906,2326050,0.0,0.0
2011-01-24 00:00:00+08:00,37.77284956809341,40.00206466278818,37.77284956809341,39.44476318359375,2715884,0.0,0.0
2011-01-25 00:00:00+08:00,39.87822282634012,39.87822282634012,38.45399970845488,38.57784652709961,1361180,0.0,0.0
2011-01-26 00:00:00+08:00,39.011299244418645,39.13514604709708,37.89669025753448,38.45399475097656,1102154,0.0,0.0
2011-01-27 00:00:00+08:00,39.19706682485529,39.19706682485529,37.587073794324645,38.02053451538086,606120,0.0,0.0
2011-01-28 00:00:00+08:00,38.330155949115984,39.01130427374451,37.834774793148725,38.57784652709961,738223,0.0,0.0
2011-02-08 00:00:00+08:00,39.320912662080744,41.240516662597656,39.320912662080744,41.240516662597656,1870165,0.0,0.0
2011-02-09 00:00:00+08:00,41.79782566101916,43.22204872986587,41.79782566101916,42.540897369384766,2367495,0.0,0.0
2011-02-10 00:00:00+08:00,43.222045246130726,45.51318359375,43.222045246130726,45.51318359375,1807999,0.0,0.0
2011-02-11 00:00:00+08:00,46.50395450123321,48.2997119680541,44.77011738482929,45.203575134277344,4762187,0.0,0.0
2011-02-14 00:00:00+08:00,46.503948835853656,48.361629486083984,46.503948835853656,48.361629486083984,2022990,0.0,0.0
2011-02-15 00:00:00+08:00,51.70545959472656,51.70545959472656,49.90969917961307,51.70545959472656,2776755,0.0,0.0
2011-02-16 00:00:00+08:00,55.11121082604963,55.29697799682617,53.37737370111573,55.29697799682617,1304194,0.0,0.0
2011-02-17 00:00:00+08:00,56.96888151135816,58.3311841239739,53.56313415773528,54.80158996582031,4918898,0.0,0.0
2011-02-18 00:00:00+08:00,55.73044176972233,58.145427355394524,53.8727577259997,57.52619934082031,4171609,0.0,0.0
2011-02-21 00:00:00+08:00,58.20733169848061,61.24154446411467,58.20733169848061,60.93193054199219,3389351,0.0,0.0
2011-02-22 00:00:00+08:00,60.93193691636129,60.93193691636129,57.27849592427907,60.06502151489258,2288492,0.0,0.0
2011-02-23 00:00:00+08:00,64.08999633789062,64.08999633789062,64.08999633789062,64.08999633789062,1668125,0.0,0.0
2011-02-24 00:00:00+08:00,68.4245834350586,68.4245834350586,68.4245834350586,68.4245834350586,758945,0.0,0.0
2011-02-25 00:00:00+08:00,73.06878662109375,73.06878662109375,73.06878662109375,73.06878662109375,483082,0.0,0.0
2011-03-01 00:00:00+08:00,78.0226058959961,78.0226058959961,78.0226058959961,78.0226058959961,376882,0.0,0.0
2011-03-02 00:00:00+08:00,83.2860336303711,83.2860336303711,83.2860336303711,83.2860336303711,832767,0.0,0.0
2011-03-03 00:00:00+08:00,88.85907745361328,88.85907745361328,81.11874074097082,88.85907745361328,4227299,0.0,0.0
2011-03-04 00:00:00+08:00,90.40714250309384,95.05134582519531,90.40714250309384,95.05134582519531,3917763,0.0,0.0
2011-03-07 00:00:00+08:00,95.05134794444521,95.98018985329706,89.78791657956275,95.3609619140625,4463013,0.0,0.0
2011-03-08 00:00:00+08:00,94.74173397482794,100.31477930932769,91.64560039726643,95.3609619140625,3511093,0.0,0.0
2011-03-09 00:00:00+08:00,95.3609661979036,99.07632788160254,95.3609661979036,98.45709991455078,2627815,0.0,0.0
2011-03-10 00:00:00+08:00,98.45708418694048,99.07631205507629,95.36095096487199,95.98017883300781,1678486,0.0,0.0
2011-03-11 00:00:00+08:00,96.28980519056024,102.4820785522461,95.98019121654538,102.4820785522461,3586211,0.0,0.0
2011-03-14 00:00:00+08:00,105.26858900982347,106.50704486974952,95.36096048624864,100.93400573730469,4078359,0.0,0.0
2011-03-15 00:00:00+08:00,97.21863697591748,99.07631450770096,94.12249755859375,94.12249755859375,1696618,0.0,0.0
2011-03-16 00:00:00+08:00,87.6206283569336,89.47831224769917,87.6206283569336,87.6206283569336,1751013,0.0,0.0
2011-03-17 00:00:00+08:00,81.73796844482422,81.73796844482422,81.73796844482422,81.73796844482422,1315850,0.0,0.0
2011-03-18 00:00:00+08:00,80.8091198447463,87.31100016716229,76.1649169921875,76.1649169921875,8499928,0.0,0.0
2011-03-21 00:00:00+08:00,70.90149688720703,70.90149688720703,70.90149688720703,70.90149688720703,962280,0.0,0.0
2011-03-22 00:00:00+08:00,75.85531616210938,75.85531616210938,75.85531616210938,75.85531616210938,1354704,0.0,0.0
2011-03-23 00:00:00+08:00,81.1187515258789,81.1187515258789,81.1187515258789,81.1187515258789,745994,0.0,0.0
2011-03-24 00:00:00+08:00,86.69178549622099,86.69178549622099,81.11874611998996,83.90526580810547,4487620,0.0,0.0
2011-03-25 00:00:00+08:00,84.83411140410445,89.168701171875,83.2860414446822,89.168701171875,2503483,0.0,0.0
2011-03-28 00:00:00+08:00,89.16869879732607,91.33599056419082,85.45333099365234,85.45333099365234,1817065,0.0,0.0
2011-03-29 00:00:00+08:00,84.21487639040622,87.00139596614675,84.21487639040622,84.52449035644531,1067185,0.0,0.0
2011-03-30 00:00:00+08:00,85.45332058919132,86.69177637295971,84.83409881591797,84.83409881591797,1328801,0.0,0.0
2011-03-31 00:00:00+08:00,85.45331770312904,89.16868492895307,85.45331770312904,87.93022918701172,2038532,0.0,0.0
2011-04-01 00:00:00+08:00,88.54946948337516,88.54946948337516,85.76294979160922,86.38217163085938,1071071,0.0,0.0
2011-04-06 00:00:00+08:00,88.54946356425086,89.47830543895454,81.73796260170165,84.21487426757812,2180996,0.0,0.0
2011-04-07 00:00:00+08:00,90.09752655029297,90.09752655029297,90.09752655029297,90.09752655029297,902704,0.0,0.0
2011-04-08 00:00:00+08:00,96.2897995151579,96.2897995151579,93.1936660761094,94.74172973632812,6750210,0.0,0.0
2011-04-11 00:00:00+08:00,94.74173454377488,101.24362182617188,93.50328477647987,101.24362182617188,5321683,0.0,0.0
2011-04-12 00:00:00+08:00,100.93400486039691,104.03014448331301,97.21864343150875,99.69554901123047,3916468,0.0,0.0
2011-04-13 00:00:00+08:00,99.69556152887469,100.31478953120737,93.50329374277177,95.67058563232422,2477580,0.0,0.0
2011-04-14 00:00:00+08:00,95.67057960187576,100.31478320801865,95.67057960187576,98.14749145507812,2311804,0.0,0.0
2011-04-15 00:00:00+08:00,100.31478881835938,103.72054280698744,99.07633282249462,100.31478881835938,4477259,0.0,0.0
2011-04-18 00:00:00+08:00,100.93400829994495,101.24362227278733,98.45709651720585,99.07632446289062,2157684,0.0,0.0
2011-04-19 00:00:00+08:00,97.83787747342782,100.00516922636835,97.21864951012724,98.14749145507812,1618910,0.0,0.0
2011-04-20 00:00:00+08:00,100.00515385728002,102.7916792638912,91.33597594059978,95.98017883300781,4961637,0.0,0.0
2011-04-21 00:00:00+08:00,94.43211423496396,95.05134213636079,89.78791109309873,93.19366455078125,3338841,0.0,0.0
2011-04-22 00:00:00+08:00,92.26482480853464,94.74173035215117,91.64559689297774,93.50328063964844,2074795,0.0,0.0
2011-04-25 00:00:00+08:00,93.19365647475708,93.19365647475708,88.54945373535156,88.54945373535156,2420595,0.0,0.0
2011-04-26 00:00:00+08:00,87.00139999516692,92.88405950372326,87.00139999516692,92.26483154296875,2524205,0.0,0.0
2011-04-27 00:00:00+08:00,93.1936769477611,94.12251280480271,89.168701171875,89.168701171875,1301604,0.0,0.0
2011-04-28 00:00:00+08:00,91.02636504302896,92.57443476500968,89.47830143965903,90.71675109863281,1556744,0.0,0.0
2011-04-29 00:00:00+08:00,91.02637658055136,91.02637658055136,84.52449516134551,85.45333099365234,2059254,0.0,0.0
2011-05-03 00:00:00+08:00,86.07255217189514,88.23984988642427,85.1437164128509,86.69178009033203,1802818,0.0,0.0
2011-05-04 00:00:00+08:00,87.31099803988066,88.54945373535156,84.5244788436815,88.54945373535156,1809294,0.0,0.0
2011-05-05 00:00:00+08:00,88.85907681399706,94.74172973632812,87.3110070351673,94.74172973632812,3338841,0.0,0.0
2011-05-06 00:00:00+08:00,95.9801945591103,96.90903651350234,89.16869913079191,91.33599090576172,3443746,0.0,0.0
2011-05-09 00:00:00+08:00,92.574445523346,93.81290144485503,90.4071476607052,92.26483154296875,1800228,0.0,0.0
2011-05-10 00:00:00+08:00,92.88404603616645,92.88404603616645,87.31100131604106,87.93022918701172,1547678,0.0,0.0
2011-05-11 00:00:00+08:00,87.00140091184974,88.8590848136866,84.83410914498498,85.45333099365234,1962119,0.0,0.0
2011-05-12 00:00:00+08:00,84.52447942340808,86.38215686074527,82.97640979345174,85.14370727539062,1368950,0.0,0.0
2011-05-13 00:00:00+08:00,85.1437164128509,88.54946384564272,84.83410245363245,86.69178009033203,1622796,0.0,0.0
2011-05-16 00:00:00+08:00,86.69178330771824,86.69178330771824,83.28603574852914,83.59564971923828,876802,0.0,0.0
2011-05-17 00:00:00+08:00,82.35719545236319,84.21487931306827,78.0226058959961,78.0226058959961,3249477,0.0,0.0
2011-05-18 00:00:00+08:00,77.40337794242774,79.570675779917,76.47454213068664,78.0226058959961,1495873,0.0,0.0
2011-05-19 00:00:00+08:00,79.26106272049469,83.28603834666238,78.95144874012706,81.73796844482422,2322165,0.0,0.0
2011-05-20 00:00:00+08:00,82.97642340593154,83.59565135949991,76.78415610747082,78.0226058959961,1411690,0.0,0.0
2011-05-23 00:00:00+08:00,77.71299885338848,80.49952489308231,77.71299885338848,80.18991088867188,1380607,0.0,0.0
2011-05-24 00:00:00+08:00,81.11873411091165,81.11873411091165,78.6418226493998,80.80912017822266,1148779,0.0,0.0
2011-05-25 00:00:00+08:00,80.80913224732748,86.38217163085938,78.95144837374252,86.38217163085938,3410073,0.0,0.0
2011-05-26 00:00:00+08:00,89.78791644425611,89.78791644425611,85.45332699475753,85.76294708251953,3878910,0.0,0.0
2011-05-27 00:00:00+08:00,87.93023557962952,91.64559695695347,87.00139370564577,88.85907745361328,4859322,0.0,0.0
2011-05-30 00:00:00+08:00,88.85908777228289,89.47831576017927,87.00140380859375,87.00140380859375,1556744,0.0,0.0
2011-05-31 00:00:00+08:00,87.31101522200782,92.26483286015375,87.31101522200782,91.33599090576172,2060549,0.0,0.0
2011-06-01 00:00:00+08:00,90.09753627924643,91.33599223647947,87.93024447270031,90.40715026855469,2278131,0.0,0.0
2011-06-02 00:00:00+08:00,87.9302349466992,96.59941347092385,87.9302349466992,94.74172973632812,3158818,0.0,0.0
2011-06-03 00:00:00+08:00,94.74173454377488,101.24362182617188,94.12250660082171,101.24362182617188,4040801,0.0,0.0
2011-06-07 00:00:00+08:00,101.24362139827686,105.88781871357479,97.83787384503975,103.41091918945312,3932010,0.0,0.0
2011-06-08 00:00:00+08:00,103.44960711788187,103.44960711788187,97.89527097603727,98.58956146240234,3017034,0.144223,1.08
2011-06-09 00:00:00+08:00,98.58956197970907,102.75531717068154,98.58956197970907,100.67243957519531,2740656,0.0,0.0
2011-06-10 00:00:00+08:00,102.06102432689366,102.06102432689366,95.81238555908203,95.81238555908203,1782004,0.0,0.0
2011-06-13 00:00:00+08:00,94.4238245002212,98.58958047258251,94.07667612737005,97.54814147949219,1357607,0.0,0.0
2011-06-14 00:00:00+08:00,98.93671009700806,98.93671009700806,96.15953589139733,97.89527130126953,1067352,0.0,0.0
2011-06-15 00:00:00+08:00,104.14391695184366,104.49105917636848,101.71389075285626,103.10247802734375,4477561,0.0,0.0
2011-06-16 00:00:00+08:00,102.06102668067346,102.40816886294651,98.93671028744411,100.67243957519531,1283598,0.0,0.0
2011-06-17 00:00:00+08:00,101.71388190953489,102.06103022934029,96.85383605957031,96.85383605957031,1377266,0.0,0.0
2011-06-20 00:00:00+08:00,97.89526040934808,98.58955082077235,90.25804138183594,90.25804138183594,2216809,0.0,0.0
2011-06-21 00:00:00+08:00,90.60519925589243,95.11810302734375,88.52232153452448,95.11810302734375,2470059,0.0,0.0
2011-06-22 00:00:00+08:00,96.85383045826885,98.58955970598983,95.11809508508601,95.81238555908203,2050288,0.0,0.0
2011-06-23 00:00:00+08:00,94.42380813017806,97.54812456779334,93.7295115048444,94.77095031738281,1219996,0.0,0.0
2011-06-24 00:00:00+08:00,94.77095100493435,95.81238982502828,93.03522167993184,93.38236999511719,1355294,0.0,0.0
2011-06-27 00:00:00+08:00,90.60519887469118,94.07666377085313,89.56376001838885,93.03522491455078,875390,0.0,0.0
2011-06-28 00:00:00+08:00,94.77095429990058,96.85383813796761,93.03522491455078,93.03522491455078,1674459,0.0,0.0
2011-06-29 00:00:00+08:00,94.77096250766485,95.11811086498498,92.3409423828125,92.3409423828125,1130954,0.0,0.0
2011-06-30 00:00:00+08:00,92.3409423828125,93.72952356116731,91.99379402549236,92.3409423828125,926272,0.0,0.0
2011-07-01 00:00:00+08:00,93.38237287525367,95.8123927801124,93.03522454936143,93.7295150756836,1216527,0.0,0.0
2011-07-04 00:00:00+08:00,93.03522817339922,94.42381540559605,92.68807983398438,92.68807983398438,1407332,0.0,0.0
2011-07-05 00:00:00+08:00,92.34093361158142,93.38237245915532,90.95234643966211,91.64663696289062,919333,0.0,0.0
2011-07-06 00:00:00+08:00,91.64663240137638,97.89527130126953,91.64663240137638,97.89527130126953,2125453,0.0,0.0
2011-07-07 00:00:00+08:00,98.93671704828093,99.97815591719072,96.5066909790039,96.5066909790039,2881736,0.0,0.0
2011-07-08 00:00:00+08:00,96.50670248640186,100.67245845876317,96.50670248640186,97.54814147949219,3587137,0.0,0.0
2011-07-11 00:00:00+08:00,97.54812527549292,97.54812527549292,92.68807336474647,93.38236999511719,1275503,0.0,0.0
2011-07-12 00:00:00+08:00,91.6466296401164,93.03521670108445,90.95233917236328,90.95233917236328,1055788,0.0,0.0
2011-07-13 00:00:00+08:00,90.95234976258588,92.68807919680278,84.70371644885002,85.74515533447266,2938399,0.0,0.0
2011-07-14 00:00:00+08:00,85.7451615145916,86.7866004752764,79.8436699870691,80.8851089477539,2925679,0.0,0.0
2011-07-15 00:00:00+08:00,80.8850917498677,86.09228544613187,79.84365301061487,85.39799499511719,2625016,0.0,0.0
2011-07-18 00:00:00+08:00,84.70372255390681,84.70372255390681,80.8851089477539,80.8851089477539,1501000,0.0,0.0
2011-07-19 00:00:00+08:00,78.45507869564508,84.3565633384104,78.45507869564508,83.31512451171875,2009814,0.0,0.0
2011-07-20 00:00:00+08:00,86.09230492134519,88.86947960456067,85.05086594650514,88.52233123779297,3456464,0.0,0.0
2011-07-21 00:00:00+08:00,89.5637506015179,90.95233763907696,87.48087310791016,87.48087310791016,2553320,0.0,0.0
2011-07-22 00:00:00+08:00,88.52231875955216,89.21661539521844,85.74515059327356,86.09229278564453,1760033,0.0,0.0
2011-07-25 00:00:00+08:00,86.0922926744091,87.82802813586997,83.31512451171875,83.31512451171875,1139049,0.0,0.0
2011-07-26 00:00:00+08:00,84.7037133012731,88.86946868896484,84.7037133012731,88.86946868896484,2680523,0.0,0.0
2011-07-27 00:00:00+08:00,89.5637562546907,94.77095031738281,89.5637562546907,94.77095031738281,7588263,0.0,0.0
2011-07-28 00:00:00+08:00,93.72950999285344,101.36672987008997,91.99378070844323,97.89527130126953,7573230,0.0,0.0
2011-07-29 00:00:00+08:00,97.89527359067827,99.63100291568078,92.34093117502326,93.38236999511719,3285318,0.0,0.0
2011-08-01 00:00:00+08:00,95.81238619401029,96.1595344960397,91.29948889493734,94.4238052368164,2952276,0.0,0.0
2011-08-02 00:00:00+08:00,93.72951275864712,98.58956469914652,92.34093174032914,98.24241638183594,3394019,0.0,0.0
2011-08-03 00:00:00+08:00,95.81238555908203,96.85383045826885,91.99377876391112,95.81238555908203,2216809,0.0,0.0
2011-08-04 00:00:00+08:00,96.50667346103825,99.28384123219662,90.25804138183594,90.25804138183594,4004595,0.0,0.0
2011-08-05 00:00:00+08:00,84.00942993164062,84.00942993164062,84.00942993164062,84.00942993164062,713495,0.0,0.0
2011-08-08 00:00:00+08:00,78.455078125,81.57939458235016,78.455078125,78.455078125,2230685,0.0,0.0
2011-08-09 00:00:00+08:00,73.24787790395428,81.23224626749054,73.24787790395428,78.455078125,3050569,0.0,0.0
2011-08-10 00:00:00+08:00,75.67790189654163,79.14936657881992,75.67790189654163,76.3721923828125,5129767,0.0,0.0
2011-08-11 00:00:00+08:00,71.16500170512519,74.98361486943098,71.16500170512519,72.5535888671875,3174304,0.0,0.0
2011-08-12 00:00:00+08:00,74.98361141027075,77.41363117494978,74.63646310440434,76.3721923828125,4401239,0.0,0.0
2011-08-15 00:00:00+08:00,79.49651944820529,79.84366164853753,76.71934509277344,76.71934509277344,3138455,0.0,0.0
2011-08-16 00:00:00+08:00,77.06650152246867,79.14937944533568,75.33076583643751,76.02506256103516,2498969,0.0,0.0
2011-08-17 00:00:00+08:00,76.71934767180913,77.0664960092736,71.51215323715468,72.2064437866211,1859483,0.0,0.0
2011-08-18 00:00:00+08:00,70.81786992295677,71.51216054335698,67.2769724452579,68.04069519042969,1913833,0.0,0.0
2011-08-19 00:00:00+08:00,63.52777258892692,64.91635955616825,63.319488525390625,63.319488525390625,1440868,0.0,0.0
2011-08-22 00:00:00+08:00,63.31950969448711,64.01380034749361,58.9454632668875,59.362037658691406,1913833,0.0,0.0
2011-08-23 00:00:00+08:00,59.77859992194773,63.45835494995118,59.77859992194773,63.45835494995117,2138174,0.0,0.0
2011-08-24 00:00:00+08:00,64.56922706283163,67.1381114361169,64.56922706283163,65.40238189697266,2287349,0.0,0.0
2011-08-25 00:00:00+08:00,66.23552164481883,66.65209594280066,61.58376000370007,61.722618103027344,1697587,0.0,0.0
2011-08-26 00:00:00+08:00,64.56923264288298,66.02725219726562,63.874941992317495,66.02725219726562,1433929,0.0,0.0
2011-08-29 00:00:00+08:00,68.38783136146937,69.42927016898567,65.95780543544397,67.90182495117188,4102889,0.0,0.0
2011-08-30 00:00:00+08:00,68.80440308761521,71.51214511104013,68.0406805072547,70.1235580444336,3250626,0.0,0.0
2011-08-31 00:00:00+08:00,69.42927551269531,70.81786273807873,67.69353994960042,69.42927551269531,1723028,0.0,0.0
2011-09-01 00:00:00+08:00,70.12356278930616,72.55358878892854,69.35984015726879,69.77642059326172,1819009,0.0,0.0
2011-09-02 00:00:00+08:00,69.77641587187833,70.81785464046777,68.80440308761521,70.1235580444336,824509,0.0,0.0
2011-09-05 00:00:00+08:00,68.04068823889753,72.2064437866211,67.83240413678887,72.2064437866211,1230404,0.0,0.0
2011-09-06 00:00:00+08:00,70.81785861311391,71.8592974401246,68.38783264160156,68.38783264160156,1363389,0.0,0.0
2011-09-07 00:00:00+08:00,70.47071040493068,71.51214923355676,69.4292715763046,71.16500091552734,1067352,0.0,0.0
2011-09-08 00:00:00+08:00,72.20644046742184,72.55358878892854,69.77642059326172,69.77642059326172,1444337,0.0,0.0
2011-09-09 00:00:00+08:00,71.16500091552734,72.20643974415343,70.12356208690126,71.16500091552734,1481341,0.0,0.0
2011-09-13 00:00:00+08:00,69.22097853271092,69.7764170439607,67.34639116794591,67.62410736083984,1078916,0.0,0.0
2011-09-14 00:00:00+08:00,68.73497839245628,69.42927506338613,63.250067769607874,64.84693908691406,1154082,0.0,0.0
2011-09-15 00:00:00+08:00,67.13810906865349,67.97126387341532,66.65210260966431,66.7215347290039,882329,0.0,0.0
2011-09-16 00:00:00+08:00,68.04067682550865,69.08211553774485,66.99923811327245,68.17953491210938,1240811,0.0,0.0
2011-09-19 00:00:00+08:00,68.04067901615639,68.87383368804662,65.74951745074706,66.65209197998047,852263,0.0,0.0
2011-09-20 00:00:00+08:00,66.37439381795159,67.62412310234754,65.33295478944275,66.9298324584961,796756,0.0,0.0
2011-09-21 00:00:00+08:00,67.624114276438,71.51215362548828,67.06868183384869,71.51215362548828,1496375,0.0,0.0
2011-09-22 00:00:00+08:00,71.512146847431,73.59502443518437,70.81785636000053,72.9007339477539,4677617,0.0,0.0
2011-09-23 00:00:00+08:00,69.4292686302825,70.81785571801748,67.8323974609375,67.8323974609375,1857170,0.0,0.0
2011-09-26 00:00:00+08:00,67.83239987051003,68.04068395951879,63.1112060546875,63.1112060546875,1502157,0.0,0.0
2011-09-27 00:00:00+08:00,64.56921917959737,66.58267083460892,60.54232199503641,63.1112060546875,1632829,0.0,0.0
2011-09-28 00:00:00+08:00,63.8749208621026,65.26350782934392,62.90290814739526,63.319488525390625,1121703,0.0,0.0
2011-09-29 00:00:00+08:00,62.069776437929775,64.77751900028696,61.2366277074182,63.94437026977539,1172584,0.0,0.0
2011-09-30 00:00:00+08:00,64.29150332177966,68.38783264160156,64.29150332177966,68.38783264160156,1687180,0.0,0.0
2011-10-03 00:00:00+08:00,68.3184005279185,69.77641978610322,67.76296812030272,68.38783264160156,4364234,0.0,0.0
2011-10-04 00:00:00+08:00,67.06868151736728,69.42927551269531,66.30495884967952,69.42927551269531,1492905,0.0,0.0
2011-10-05 00:00:00+08:00,70.12357099035131,70.47071935245746,66.58267974853516,66.58267974853516,1521815,0.0,0.0
2011-10-06 00:00:00+08:00,68.2489877445455,69.42928490182463,66.37439381795159,66.9298324584961,1400394,0.0,0.0
2011-10-07 00:00:00+08:00,67.3463874185731,68.52668423539266,65.40236805108297,65.68008422851562,1018783,0.0,0.0
2011-10-11 00:00:00+08:00,66.65209466633732,69.08212054621991,66.5826686807343,67.41581726074219,1675616,0.0,0.0
2011-10-12 00:00:00+08:00,67.41581683657861,70.12355889276074,66.99924254919566,68.31839752197266,2298913,0.0,0.0
2011-10-13 00:00:00+08:00,69.08212032698326,69.29041053405518,67.76296535009288,67.8323974609375,1039599,0.0,0.0
2011-10-14 00:00:00+08:00,67.8324010918228,72.5535888671875,67.8324010918228,72.5535888671875,4047382,0.0,0.0
2011-10-17 00:00:00+08:00,73.59502689080892,73.59502689080892,70.8178587229601,71.16500091552734,3927117,0.0,0.0
2011-10-18 00:00:00+08:00,69.42927551269531,70.47071440036724,68.2489785150313,69.42927551269531,1736905,0.0,0.0
2011-10-19 00:00:00+08:00,69.42926554751165,70.81785257359115,67.7629623413086,67.7629623413086,2755689,0.0,0.0
2011-10-20 00:00:00+08:00,67.76296263347824,68.52668519484178,66.65209178273264,67.06867218017578,1090480,0.0,0.0
2011-10-21 00:00:00+08:00,67.06869123584556,67.6935497586228,65.61067168146292,66.02725219726562,871921,0.0,0.0
2011-10-24 00:00:00+08:00,67.6935367896838,70.47071111081286,67.34639459363935,69.77642059326172,2958058,0.0,0.0
2011-10-25 00:00:00+08:00,70.12357626048359,71.16501529960837,68.1101303100586,68.1101303100586,2031785,0.0,0.0
2011-10-26 00:00:00+08:00,68.04068557976991,69.01269843649776,66.79095651410903,68.87384033203125,777097,0.0,0.0
2011-10-27 00:00:00+08:00,69.42927227175502,72.20644046742184,68.9432658467381,69.77642059326172,2442306,0.0,0.0
2011-10-28 00:00:00+08:00,71.51216054335698,71.51216054335698,68.04069519042969,68.04069519042969,1580791,0.0,0.0
2011-10-31 00:00:00+08:00,68.04068339002501,68.87383811547303,66.86038647731388,67.20753479003906,848793,0.0,0.0
2011-11-01 00:00:00+08:00,67.20754644594945,68.66555981152145,67.20754644594945,68.04069519042969,699618,0.0,0.0
2011-11-02 00:00:00+08:00,66.09666829077297,67.55468150111557,66.09666829077297,67.34639739990234,809476,0.0,0.0
2011-11-03 00:00:00+08:00,67.55466966410297,68.0406760242127,66.30494689941406,66.30494689941406,659145,0.0,0.0
2011-11-04 00:00:00+08:00,67.27696089040359,68.0406835044056,66.51323827640155,66.9992446899414,1040755,0.0,0.0
2011-11-07 00:00:00+08:00,66.99924515921711,69.42927111847463,66.65209684347684,69.08212280273438,1696431,0.0,0.0
2011-11-08 00:00:00+08:00,69.42926841378913,70.81785549719424,68.31839752197266,68.31839752197266,1689493,0.0,0.0
2011-11-09 00:00:00+08:00,69.4292824053667,69.77643077754175,68.0406950421297,68.24898529052734,1010689,0.0,0.0
2011-11-10 00:00:00+08:00,66.72152953568109,67.34639405924997,64.43036165774922,64.98579406738281,1189930,0.0,0.0
2011-11-11 00:00:00+08:00,65.61065739510603,65.74952162044563,61.514334260526184,62.76405715942383,1388830,0.0,0.0
2011-11-14 00:00:00+08:00,63.666636187913255,65.68008777109155,63.666636187913255,64.6386489868164,926272,0.0,0.0
2011-11-15 00:00:00+08:00,64.6386549860051,66.37438441240475,64.29150665054017,64.84693908691406,864983,0.0,0.0
2011-11-16 00:00:00+08:00,64.84694918889714,66.02725248825533,63.527793884277344,63.527793884277344,599012,0.0,0.0
2011-11-17 00:00:00+08:00,63.041763859749324,64.1526346168403,62.625189622888136,63.59720230102539,611732,0.0,0.0
2011-11-18 00:00:00+08:00,62.48634269235095,63.04177510726259,61.79205217371141,62.34748458862305,826822,0.0,0.0
2011-11-21 00:00:00+08:00,61.792046457953006,61.792046457953006,58.04286575317383,58.04286575317383,1356451,0.0,0.0
2011-11-22 00:00:00+08:00,57.14028663695851,58.042867314714755,54.01597031983192,54.64083480834961,1661739,0.0,0.0
2011-11-23 00:00:00+08:00,54.22425751738198,55.05741225847293,51.51652145385742,51.51652145385742,1074290,0.0,0.0
2011-11-24 00:00:00+08:00,50.058504452003106,51.308230418229016,48.73934637285199,50.127933502197266,1329854,0.0,0.0
2011-11-25 00:00:00+08:00,51.03051544327459,52.00252216934173,49.850218498890506,50.7527961730957,1090480,0.0,0.0
2011-11-28 00:00:00+08:00,51.308233588750014,53.113395130807696,51.308233588750014,52.7662467956543,1010689,0.0,0.0
2011-11-29 00:00:00+08:00,53.32167489806097,54.57139763365031,53.25224279446426,53.946533203125,1038442,0.0,0.0
2011-11-30 00:00:00+08:00,53.46053816572635,53.877112451332536,50.683364010761366,50.89165115356445,802538,0.0,0.0
2011-12-01 00:00:00+08:00,54.29369160404032,54.29369160404032,52.9745365186355,53.668827056884766,898518,0.0,0.0
2011-12-02 00:00:00+08:00,53.39110819150571,53.94654059453611,52.48852747385024,52.90510177612305,627922,0.0,0.0
2011-12-05 00:00:00+08:00,53.391112598302655,53.80768693495868,52.766248030587306,53.252254486083984,919333,0.0,0.0
2011-12-06 00:00:00+08:00,53.252252341082794,53.252252341082794,50.197364807128906,50.197364807128906,733154,0.0,0.0
2011-12-07 00:00:00+08:00,50.68336279742074,51.23879822766301,46.725894927978516,46.725894927978516,1538005,0.0,0.0
2011-12-08 00:00:00+08:00,45.12903075956349,45.47617604272649,43.601585388183594,43.601585388183594,1497531,0.0,0.0
2011-12-09 00:00:00+08:00,41.17155574111326,44.29587198152487,41.17155574111326,43.74043655395508,1173740,0.0,0.0
2011-12-12 00:00:00+08:00,43.740433184818436,44.573584730633634,42.49070739746094,42.49070739746094,1458214,0.0,0.0
2011-12-13 00:00:00+08:00,41.51870747726416,41.93528181619209,40.33841045423703,41.17156219482422,899675,0.0,0.0
2011-12-14 00:00:00+08:00,41.17156419398939,44.01816177368164,41.17156419398939,44.01816177368164,1336792,0.0,0.0
2011-12-15 00:00:00+08:00,44.01815273637455,44.92073339196868,43.74043655395508,43.74043655395508,1873359,0.0,0.0
2011-12-16 00:00:00+08:00,44.22644261525252,44.36530070545546,42.56013940735566,42.698997497558594,892736,0.0,0.0
2011-12-19 00:00:00+08:00,42.35186324963278,42.35186324963278,39.782978726832454,39.921836853027344,792130,0.0,0.0
2011-12-20 00:00:00+08:00,40.268976443295244,42.69900249441308,40.268976443295244,41.935279846191406,1563445,0.0,0.0
2011-12-21 00:00:00+08:00,44.712445013233086,44.85130310058594,43.740435339032366,44.85130310058594,1355294,0.0,0.0
2011-12-22 00:00:00+08:00,44.50416357930137,44.71245073699404,43.39329567554261,44.087589263916016,884642,0.0,0.0
2011-12-23 00:00:00+08:00,44.504162034140634,47.14247512817383,44.504162034140634,47.14247512817383,1884923,0.0,0.0
2011-12-26 00:00:00+08:00,47.62848181130494,49.572501477072485,47.62848181130494,48.04505920410156,4415115,0.0,0.0
2011-12-27 00:00:00+08:00,48.045057368125626,50.40565127375168,46.656470195508184,50.05850601196289,2313946,0.0,0.0
2011-12-28 00:00:00+08:00,50.05850894279246,52.557964162203476,49.36421531583418,50.26679611206055,4190775,0.0,0.0
2011-12-29 00:00:00+08:00,50.61393962886018,51.655381564339834,50.19736530485329,50.68336868286133,3067915,0.0,0.0
2011-12-30 00:00:00+08:00,51.5859457323432,51.863661928346424,50.336219787597656,50.336219787597656,1621265,0.0,0.0
2012-01-02 00:00:00+08:00,51.099938406049596,51.30822553681584,48.739341735839844,48.739341735839844,1344887,0.0,0.0
2012-01-03 00:00:00+08:00,49.98907296192582,49.98907296192582,48.39219875993883,48.808773040771484,1460526,0.0,0.0
2012-01-04 00:00:00+08:00,49.43363557192275,51.030509710826756,49.36420652786004,49.78078079223633,1840980,0.0,0.0
2012-01-05 00:00:00+08:00,50.68336569616619,52.488527119283,50.197362346797604,52.07195281982422,3638018,0.0,0.0
2012-01-06 00:00:00+08:00,52.41909968730931,54.15483527823668,51.44709290177858,53.252254486083984,3731686,0.0,0.0
2012-01-09 00:00:00+08:00,54.01597591808723,54.01597591808723,51.377662658691406,51.377662658691406,1764658,0.0,0.0
2012-01-10 00:00:00+08:00,51.79423489783973,52.41909326351808,50.5445059155593,50.89165115356445,1586573,0.0,0.0
2012-01-11 00:00:00+08:00,50.89165386667366,51.9330957616718,50.89165386667366,51.51652145385742,1277816,0.0,0.0
2012-01-12 00:00:00+08:00,51.72480005334023,51.72480005334023,49.711351653879134,49.989070892333984,1074290,0.0,0.0
2012-01-13 00:00:00+08:00,50.544506060812125,50.61393510861267,48.80877374033639,48.9476318359375,1063883,0.0,0.0
2012-01-16 00:00:00+08:00,49.98907638567285,50.40565069503665,49.364211858896056,49.71135711669922,1074290,0.0,0.0
2012-01-17 00:00:00+08:00,50.336221456254485,51.9330957616718,49.989076199742506,51.51652145385742,1859483,0.0,0.0
2012-01-18 00:00:00+08:00,53.04396102612382,54.2936900854808,52.07195429976125,53.59939956665039,5315947,0.0,0.0
2012-01-30 00:00:00+08:00,54.77969318238601,56.515422436711454,54.36311889640333,55.682273864746094,3215934,0.0,0.0
2012-01-31 00:00:00+08:00,55.682283279758806,57.14029658995662,54.84912844145797,55.265708923339844,3134986,0.0,0.0
2012-02-01 00:00:00+08:00,55.890570701772084,59.084319874188274,55.33513819368693,58.25117111206055,5158677,0.0,0.0
2012-02-02 00:00:00+08:00,58.32059711283955,59.70918450851571,57.14029997042696,58.25117111206055,3656520,0.0,0.0
2012-02-03 00:00:00+08:00,58.251159225014696,60.12574661999531,57.348578520830166,59.15373992919922,3840387,0.0,0.0
2012-02-06 00:00:00+08:00,60.61175076817025,60.820034845700945,58.66773133360025,59.01487350463867,2273472,0.0,0.0
2012-02-07 00:00:00+08:00,59.01487270103101,60.264601651044764,58.737156517797224,59.08430480957031,1624734,0.0,0.0
2012-02-08 00:00:00+08:00,59.917457360282505,62.76405761670419,59.709173271679774,61.86147689819336,3721278,0.0,0.0
2012-02-09 00:00:00+08:00,62.13920049576231,64.43036227000393,61.37547786252768,62.34748458862305,4023098,0.0,0.0
2012-02-10 00:00:00+08:00,63.180638745094726,65.47180049789154,62.555774221436614,63.45835494995117,4715778,0.0,0.0
2012-02-13 00:00:00+08:00,62.486343753081655,62.486343753081655,61.097762692230845,61.79205322265625,2235311,0.0,0.0
2012-02-14 00:00:00+08:00,62.06976500824639,62.48633929679313,60.82003601714424,61.44490051269531,1910364,0.0,0.0
2012-02-15 00:00:00+08:00,62.06977982157746,64.77752253154347,61.37548917496952,64.43037414550781,4521504,0.0,0.0
2012-02-16 00:00:00+08:00,64.43035803420072,65.61065490102358,61.16718362293024,61.3060417175293,4423210,0.0,0.0
2012-02-17 00:00:00+08:00,63.180652104876856,63.180652104876856,60.195193083190404,60.75062561035156,2075728,0.0,0.0
2012-02-20 00:00:00+08:00,61.44489830134136,61.79204659203434,60.4034595547241,61.23661422729492,1070821,0.0,0.0
2012-02-21 00:00:00+08:00,61.236623065094626,61.93091362122039,60.264610161055984,60.472900390625,1240811,0.0,0.0
2012-02-22 00:00:00+08:00,59.431455942308475,62.34748213111794,59.431455942308475,61.09775924682617,2049131,0.0,0.0
2012-02-23 00:00:00+08:00,61.09775924682617,62.278056144721624,61.09775924682617,61.09775924682617,1370328,0.0,0.0
2012-02-24 00:00:00+08:00,61.7920467940328,62.13919508586061,60.61174995237229,60.82003402709961,804850,0.0,0.0
2012-02-29 00:00:00+08:00,61.37547500761582,62.347481688497794,60.889468604443856,62.00033950805664,1696431,0.0,0.0
2012-03-01 00:00:00+08:00,63.04177644725758,65.0552281823029,62.347485913860424,64.08322143554688,4230092,0.0,0.0
2012-03-02 00:00:00+08:00,64.43035319881457,64.77750147199025,62.97234025221495,63.319488525390625,2228373,0.0,0.0
2012-03-05 00:00:00+08:00,63.04176888788628,63.04176888788628,60.611749249649975,60.681175231933594,1580791,0.0,0.0
2012-03-06 00:00:00+08:00,60.54233327064345,60.54233327064345,57.279158097448246,58.25117111206055,1477872,0.0,0.0
2012-03-07 00:00:00+08:00,56.58485656525297,59.01487638288492,56.58485656525297,57.83457946777344,782879,0.0,0.0
2012-03-08 00:00:00+08:00,58.66773547923386,58.876019571482516,57.97343883717239,58.320587158203125,600168,0.0,0.0
2012-03-09 00:00:00+08:00,58.945446014404304,59.848026661872126,58.66772983448522,58.9454460144043,900831,0.0,0.0
2012-03-12 00:00:00+08:00,55.54342158321987,56.23771213252995,54.84912490844726,54.849124908447266,2412239,0.0,0.0
2012-03-13 00:00:00+08:00,54.154825082395035,54.57139934062176,52.28023173218258,53.52996063232422,1680241,0.0,0.0
2012-03-14 00:00:00+08:00,54.1548380276506,54.71027050472432,53.529973428211186,53.80768966674805,949400,0.0,0.0
2012-03-15 00:00:00+08:00,54.501977517814986,55.057409904486576,53.94653900568146,54.57140350341797,1325228,0.0,0.0
2012-03-16 00:00:00+08:00,54.84912490844726,55.4739894655576,54.6408408063855,54.849124908447266,753969,0.0,0.0
2012-03-19 00:00:00+08:00,55.196263790692576,55.40455398253667,53.52996063232422,53.52996063232422,646424,0.0,0.0
2012-03-20 00:00:00+08:00,53.87711905379933,54.363125509296005,53.18282236724333,53.252254486083984,585135,0.0,0.0
2012-03-21 00:00:00+08:00,53.32168588112232,53.877118322457434,51.516524321320645,51.86366653442383,917021,0.0,0.0
2012-03-22 00:00:00+08:00,53.321675956342446,55.47397932863841,53.321675956342446,55.1268310546875,2353263,0.0,0.0
2012-03-23 00:00:00+08:00,54.84912039702472,54.84912039702472,54.15482990482107,54.710262298583984,675334,0.0,0.0
2012-03-26 00:00:00+08:00,54.71026403633697,55.40456067605547,54.154831624931944,54.2936897277832,574728,0.0,0.0
2012-03-27 00:00:00+08:00,54.918555321745,54.918555321745,53.52996814075629,53.738258361816406,612889,0.0,0.0
2012-03-28 00:00:00+08:00,54.15483093261719,54.71026333692157,53.80768261719588,54.15483093261719,381610,0.0,0.0
2012-03-29 00:00:00+08:00,53.73825970006595,53.87711780907659,50.752798105412296,51.377662658691406,1061570,0.0,0.0
2012-03-30 00:00:00+08:00,50.683364168632636,51.03051247045004,49.29478014955584,50.54450607299805,454463,0.0,0.0
2012-04-02 00:00:00+08:00,50.752797736862476,51.377662285604025,50.68336868286133,50.68336868286133,206994,0.0,0.0
2012-04-03 00:00:00+08:00,50.683367359554275,50.683367359554275,47.14247650975224,47.42019271850586,917021,0.0,0.0
2012-04-05 00:00:00+08:00,45.823319356993224,45.823319356993224,44.22644806032503,45.61503219604492,716964,0.0,0.0
2012-04-06 00:00:00+08:00,45.96217836558096,48.04505920410156,45.823320255559175,48.04505920410156,701931,0.0,0.0
2012-04-09 00:00:00+08:00,47.21190604905401,47.21190604905401,46.170467192751666,46.51761245727539,401269,0.0,0.0
2012-04-10 00:00:00+08:00,46.378760391066194,47.767344692718446,46.378760391066194,46.5870475769043,592074,0.0,0.0
2012-04-11 00:00:00+08:00,44.43473370062644,46.378753261744706,44.43473370062644,45.6844596862793,693836,0.0,0.0
2012-04-12 00:00:00+08:00,45.68446670887428,47.28134125909621,45.68446670887428,46.5870475769043,646424,0.0,0.0
2012-04-13 00:00:00+08:00,46.93418560473859,47.90619538390614,46.93418560473859,47.281333923339844,682273,0.0,0.0
2012-04-16 00:00:00+08:00,47.21191219715017,47.21191219715017,46.51761851495826,46.5870475769043,286785,0.0,0.0
2012-04-17 00:00:00+08:00,46.58704090248758,47.073047329212386,44.504163217052444,44.78187942504883,499562,0.0,0.0
2012-04-18 00:00:00+08:00,45.129023591514134,45.61502691074821,43.74043655395508,43.74043655395508,673021,0.0,0.0
2012-04-19 00:00:00+08:00,43.740446885180724,43.740446885180724,42.560149768388165,43.11558532714844,622140,0.0,0.0
2012-04-20 00:00:00+08:00,42.56014298068962,43.11557845086634,41.657562255859375,41.657562255859375,409363,0.0,0.0
2012-04-23 00:00:00+08:00,40.96326731765579,42.00470610961443,39.366396136775734,39.7829704284668,737779,0.0,0.0
2012-04-24 00:00:00+08:00,39.57468380881599,40.40783546600689,39.36639666020102,40.26897430419922,799068,0.0,0.0
2012-04-25 00:00:00+08:00,41.10212638052192,41.31041659399192,40.33840682781247,40.9632682800293,535410,0.0,0.0
2012-04-26 00:00:00+08:00,41.31041079410525,41.5881269560998,39.99125289916992,39.99125289916992,564320,0.0,0.0
2012-04-27 00:00:00+08:00,40.33840123257603,40.40783027319202,37.63065946036057,37.70008850097656,803694,0.0,0.0
2012-04-30 00:00:00+08:00,37.00580287130136,37.00580287130136,35.75607681274414,35.75607681274414,804850,0.0,0.0
2012-05-02 00:00:00+08:00,34.85349888531975,38.25553512573242,34.85349888531975,38.25553512573242,1409645,0.0,0.0
2012-05-03 00:00:00+08:00,38.2555291695376,38.74153252093882,37.49180655460464,37.97780990600586,677647,0.0,0.0
2012-05-04 00:00:00+08:00,37.97781405593328,39.019252985467475,37.4918106514253,38.6721076965332,718121,0.0,0.0
2012-05-07 00:00:00+08:00,37.97781565899357,37.97781565899357,37.00580574621726,37.35295104980469,435960,0.0,0.0
2012-05-08 00:00:00+08:00,37.56124025889404,38.186101788120126,37.49181120009114,37.769527435302734,342292,0.0,0.0
2012-05-09 00:00:00+08:00,37.35294955477755,37.700097907202114,36.93637520714576,37.28352355957031,233591,0.0,0.0
2012-05-10 00:00:00+08:00,37.28351916107941,37.838951559061826,36.936370849609375,36.936370849609375,259032,0.0,0.0
2012-05-11 00:00:00+08:00,36.72808361845793,36.72808361845793,35.547786712646484,35.547786712646484,435960,0.0,0.0
2012-05-14 00:00:00+08:00,35.54778656924636,35.756073717185025,34.15919945752657,34.298057556152344,376984,0.0,0.0
2012-05-15 00:00:00+08:00,33.117757787118855,34.08976745605469,33.083044796834045,34.08976745605469,439430,0.0,0.0
2012-05-16 00:00:00+08:00,34.08976710104902,34.54105740916709,32.84004127192618,33.0483283996582,358482,0.0,0.0
2012-05-17 00:00:00+08:00,33.11776276967729,33.56905315039155,32.562330339709725,33.08304977416992,652206,0.0,0.0
2012-05-18 00:00:00+08:00,32.28461279855515,32.35404185603563,30.79188346862793,30.79188346862793,816414,0.0,0.0
2012-05-21 00:00:00+08:00,30.54887881918082,31.590317591404627,30.54887881918082,30.65302085876465,614045,0.0,0.0
2012-05-22 00:00:00+08:00,31.659750484265455,32.7706184387207,31.17374403140493,32.7706184387207,919333,0.0,0.0
2012-05-23 00:00:00+08:00,32.77061556876493,34.71463508449283,32.28460915846744,33.95091247558594,2475841,0.0,0.0
2012-05-24 00:00:00+08:00,34.367487060914726,34.50634822411175,33.18719014422292,33.395477294921875,840699,0.0,0.0
2012-05-25 00:00:00+08:00,33.53434318706894,34.298062847330094,33.08305276554888,33.18719482421875,571259,0.0,0.0
2012-05-28 00:00:00+08:00,33.95091028830635,35.478355407714844,33.499619963274824,35.478355407714844,1830573,0.0,0.0
2012-05-29 00:00:00+08:00,35.75607204742259,37.90837860107422,35.75607204742259,37.90837860107422,2027160,0.0,0.0
2012-05-30 00:00:00+08:00,38.94981991177394,39.991258733930984,37.90838108961691,39.019248962402344,2986968,0.0,0.0
2012-05-31 00:00:00+08:00,38.88039025070174,40.26897430419922,37.56123524674258,40.26897430419922,1591199,0.0,0.0
2012-06-01 00:00:00+08:00,40.26898111192148,40.26898111192148,37.83895784180755,38.047245025634766,1273190,0.0,0.0
2012-06-04 00:00:00+08:00,35.61722183227539,36.45037363211122,35.40893158526777,35.61722183227539,1034973,0.0,0.0
2012-06-05 00:00:00+08:00,36.450373553561235,38.047245025634766,36.450373553561235,38.047245025634766,1062726,0.0,0.0
2012-06-06 00:00:00+08:00,40.61612164182184,40.685550689697266,40.54669259394642,40.685550689697266,923959,0.0,0.0
2012-06-07 00:00:00+08:00,42.07413846603602,42.07413846603602,39.64411544799805,39.64411544799805,3239062,0.0,0.0
2012-06-08 00:00:00+08:00,39.43582294485284,40.61611976698351,38.18609401532077,39.713539123535156,2257282,0.0,0.0
2012-06-11 00:00:00+08:00,41.51870421598251,41.51870421598251,39.7829718146614,40.06068801879883,1063883,0.0,0.0
2012-06-12 00:00:00+08:00,39.43582570973934,40.96326786231347,39.43582570973934,40.26897430419922,1107826,0.0,0.0
2012-06-13 00:00:00+08:00,40.54669443877042,41.17155896081073,39.99125896776447,40.06068801879883,818727,0.0,0.0
2012-06-14 00:00:00+08:00,40.060688374168485,40.546694798451334,39.366397857666016,39.366397857666016,515752,0.0,0.0
2012-06-15 00:00:00+08:00,39.366392842000025,40.754976760816824,39.366392842000025,40.47726058959961,1127485,0.0,0.0
2012-06-18 00:00:00+08:00,41.657562653031775,43.04614674761602,40.754981919596126,42.35185623168945,2339386,0.0,0.0
2012-06-19 00:00:00+08:00,42.49071322022309,42.629571319765766,41.102126099334306,41.51870346069336,912395,0.0,0.0
2012-06-20 00:00:00+08:00,42.14356821604328,43.393294181914015,41.44927465156796,42.560142517089844,2046819,0.0,0.0
2012-06-21 00:00:00+08:00,42.351860511854056,43.671015688162136,42.212999331904044,42.83786392211914,1838667,0.0,0.0
2012-06-22 00:00:00+08:00,41.657561802091244,42.9767168181364,41.657561802091244,42.560142517089844,734310,0.0,0.0
2012-06-25 00:00:00+08:00,42.56015053457985,43.323873293099844,41.86585683931334,42.00471496582031,693836,0.0,0.0
2012-06-26 00:00:00+08:00,41.726989470559545,42.351853964169294,40.61612164182184,40.685550689697266,871921,0.0,0.0
2012-06-27 00:00:00+08:00,40.68555294290842,41.31041747112386,40.68555294290842,40.754981994628906,609420,0.0,0.0
2012-06-28 00:00:00+08:00,41.44927736199113,41.657564526134585,40.338409423828125,40.338409423828125,461401,0.0,0.0
2012-06-29 00:00:00+08:00,40.338406416468565,40.68555166416018,39.64411285835431,40.26897430419922,722746,0.0,0.0
2012-07-02 00:00:00+08:00,41.51870691781643,41.58813597336889,40.61612613290316,40.82441329956055,424396,0.0,0.0
2012-07-03 00:00:00+08:00,40.824408898704576,42.76842837007146,40.824408898704576,42.074134826660156,1307882,0.0,0.0
2012-07-04 00:00:00+08:00,42.2824267769668,42.62957203162032,41.44927510306726,41.657562255859375,827978,0.0,0.0
2012-07-05 00:00:00+08:00,41.65755701964491,42.28242146220898,41.37984085083008,41.37984085083008,370046,0.0,0.0
2012-07-06 00:00:00+08:00,41.37984279870326,41.865846117006846,40.130113854746625,40.407833099365234,575884,0.0,0.0
2012-07-09 00:00:00+08:00,40.19954883119101,40.40783598246814,39.2275390625,39.2275390625,474121,0.0,0.0
2012-07-10 00:00:00+08:00,39.227544726161966,39.57469002841126,37.561241149902344,37.561241149902344,742405,0.0,0.0
2012-07-11 00:00:00+08:00,36.93636844433763,37.49180386888148,36.658652263431115,37.21408462524414,329572,0.0,0.0
2012-07-12 00:00:00+08:00,36.9363778094984,37.56124243770233,36.79751968383789,36.79751968383789,411676,0.0,0.0
2012-07-13 00:00:00+08:00,37.28351916107941,37.70009345956622,36.72808370036597,36.936370849609375,382766,0.0,0.0
2012-07-16 00:00:00+08:00,37.561241294688664,38.53325120746497,37.144663867652234,37.35295104980469,537723,0.0,0.0
2012-07-17 00:00:00+08:00,37.2835186215245,37.49180576775364,34.853492727324905,36.45036697387695,638330,0.0,0.0
2012-07-18 00:00:00+08:00,36.45036708336507,36.79751232812305,35.617215433214945,36.2420768737793,296037,0.0,0.0
2012-07-19 00:00:00+08:00,36.79751968383789,37.35295218647995,36.58923249534711,36.79751968383789,210463,0.0,0.0
2012-07-20 00:00:00+08:00,37.00580687232866,37.35295218647995,36.65866155817737,36.79751968383789,329572,0.0,0.0
2012-07-23 00:00:00+08:00,36.79750969344521,36.79750969344521,35.13120651245117,35.13120651245117,401269,0.0,0.0
2012-07-24 00:00:00+08:00,34.7840668113437,35.756076644019586,34.50635059135952,34.714637756347656,559695,0.0,0.0
2012-07-25 00:00:00+08:00,33.32605036397912,34.71463758240481,33.32605036397912,33.67319869995117,442899,0.0,0.0
2012-07-26 00:00:00+08:00,34.02034135890079,34.57577681613491,34.02034135890079,34.298057556152344,304131,0.0,0.0
2012-07-27 00:00:00+08:00,34.714633814660075,36.658653259277344,34.714633814660075,36.658653259277344,1299787,0.0,0.0
2012-07-30 00:00:00+08:00,36.977390768864076,37.61356148127764,36.579784073605595,36.738826751708984,1238393,1.808127,1.1
2012-07-31 00:00:00+08:00,36.81835503574536,37.25572248302958,36.81835503574536,37.05691909790039,400533,0.0,0.0
2012-08-01 00:00:00+08:00,37.13644045195207,37.37500451410709,36.65931232764201,37.05691909790039,387917,0.0,0.0
2012-08-02 00:00:00+08:00,37.05691909790039,37.05691909790039,37.05691909790039,37.05691909790039,0,0.0,0.0
2012-08-03 00:00:00+08:00,36.897874187897266,38.64734387263362,36.81835283859107,38.090694427490234,709605,0.0,0.0
2012-08-06 00:00:00+08:00,39.363032242179685,39.363032242179685,38.01116943359375,38.01116943359375,438378,0.0,0.0
2012-08-07 00:00:00+08:00,37.85212960230632,38.09069364532618,36.460506018023814,36.65930938720703,357431,0.0,0.0
2012-08-08 00:00:00+08:00,36.818356002654774,37.37500549563502,36.57979193423467,36.61955261230469,396328,0.0,0.0
2012-08-09 00:00:00+08:00,36.85811510860849,37.89189269433502,36.73883307948619,37.335243225097656,789502,0.0,0.0
2012-08-10 00:00:00+08:00,37.41476228034018,39.919681549072266,37.41476228034018,39.919681549072266,1888077,0.0,0.0
2012-08-13 00:00:00+08:00,40.078724244802416,40.63537367985795,39.84016020120719,39.919681549072266,1973230,0.0,0.0
2012-08-14 00:00:00+08:00,39.91968632751208,41.828198904725404,39.91968632751208,41.1920280456543,2298072,0.0,0.0
2012-08-15 00:00:00+08:00,41.19202597278695,41.51011138631579,40.15824837881821,40.396812438964844,785297,0.0,0.0
2012-08-16 00:00:00+08:00,40.39681191948367,41.192025443079764,40.39681191948367,40.6353759765625,593966,0.0,0.0
2012-08-17 00:00:00+08:00,40.87393569946289,41.90771317051841,40.87393569946289,40.87393569946289,666503,0.0,0.0
2012-08-20 00:00:00+08:00,40.873937723453174,40.95345907131825,39.919681549072266,39.919681549072266,360584,0.0,0.0
2012-08-21 00:00:00+08:00,40.15825308306112,41.11250943543173,39.91968899496847,39.999210357666016,579248,0.0,0.0
2012-08-22 00:00:00+08:00,40.15824491933739,40.555851651996136,39.760638186678655,40.23776626586914,336405,0.0,0.0
2012-08-23 00:00:00+08:00,40.237774816417975,40.39681754327814,39.760646635837496,39.84016799926758,362687,0.0,0.0
2012-08-24 00:00:00+08:00,39.840162379664974,40.158247788518175,39.12447020974529,39.20399475097656,429968,0.0,0.0
2012-08-27 00:00:00+08:00,39.76064067792831,39.84016202944256,39.203994406346496,39.363037109375,216561,0.0,0.0
2012-08-28 00:00:00+08:00,39.363036636179835,39.363036636179835,37.61356692389722,37.81237030029297,497249,0.0,0.0
2012-08-29 00:00:00+08:00,37.812373227415385,38.72686882962856,37.812373227415385,38.20998001098633,268073,0.0,0.0
2012-08-30 00:00:00+08:00,38.17022379652828,38.56783062659822,37.45453150240241,37.93165969848633,270175,0.0,0.0
2012-08-31 00:00:00+08:00,36.57978995114803,38.170216987727486,36.57978995114803,37.5340461730957,339559,0.0,0.0
2012-09-03 00:00:00+08:00,37.53404787301753,39.005189759463775,37.53404787301753,38.488304138183594,432071,0.0,0.0
2012-09-04 00:00:00+08:00,38.96543138780824,39.283516802322424,38.567824619665494,38.88591003417969,401584,0.0,0.0
2012-09-05 00:00:00+08:00,39.124471081906364,39.1642349479174,38.76662817798748,38.80638885498047,274380,0.0,0.0
2012-09-06 00:00:00+08:00,38.885911202859205,41.51011276245117,38.885911202859205,41.51011276245117,1682029,0.0,0.0
2012-09-07 00:00:00+08:00,42.14628511247717,43.33910230624227,42.14628511247717,42.54389190673828,4073663,0.0,0.0
2012-09-10 00:00:00+08:00,42.94149551198115,43.10054141870384,41.9077210359205,42.54389190673828,913552,0.0,0.0
2012-09-11 00:00:00+08:00,42.94149114214059,44.13431140353936,42.62340892811884,42.78245162963867,2147740,0.0,0.0
2012-09-12 00:00:00+08:00,43.259579863494736,43.418622577214265,42.464369483915235,43.021018981933594,995550,0.0,0.0
2012-09-13 00:00:00+08:00,43.49814086601832,45.32713194478865,43.49814086601832,44.13431167602539,2052075,0.0,0.0
2012-09-14 00:00:00+08:00,44.92952363732373,45.327130379850615,44.29335284928072,44.85000228881836,1368751,0.0,0.0
2012-09-17 00:00:00+08:00,45.40666087535212,46.91756361230195,45.24761814630282,45.8837890625,1423417,0.0,0.0
2012-09-18 00:00:00+08:00,46.201874520598594,47.315170434925186,45.7247463334507,45.8837890625,2051024,0.0,0.0
2012-09-19 00:00:00+08:00,46.28139331470563,46.67899692622793,45.3271369934082,45.3271369934082,935628,0.0,0.0
2012-09-20 00:00:00+08:00,45.32713495198547,45.40665630851215,44.452400030192074,44.53192138671875,839963,0.0,0.0
2012-09-21 00:00:00+08:00,44.213838824942464,47.553732826414816,44.213838824942464,46.59947967529297,2053126,0.0,0.0
2012-09-24 00:00:00+08:00,46.91755728650651,47.55372811693012,46.59947506031274,46.678993225097656,1807129,0.0,0.0
2012-09-25 00:00:00+08:00,47.7127685546875,49.303195555084834,47.39468315460803,47.7127685546875,2100433,0.0,0.0
2012-09-26 00:00:00+08:00,47.39468783125527,48.507986841387634,46.7585201573407,47.31516647338867,1135369,0.0,0.0
2012-09-27 00:00:00+08:00,47.7127699397198,47.95133399670457,46.91755641643724,47.07659912109375,848373,0.0,0.0
2012-09-28 00:00:00+08:00,47.712771824419754,47.79229317988918,46.44043332592706,46.519954681396484,800015,0.0,0.0
2012-10-01 00:00:00+08:00,46.917561932988015,47.23564737970142,46.59947967529297,46.59947967529297,549813,0.0,0.0
2012-10-02 00:00:00+08:00,47.07660315173704,48.82607305274622,46.91756043346348,48.667030334472656,1955358,0.0,0.0
2012-10-03 00:00:00+08:00,48.746559722170616,48.90560246663853,47.95134599983106,48.50799560546875,991345,0.0,0.0
2012-10-04 00:00:00+08:00,46.91755278103072,47.792287588862706,46.44042789304918,46.997074127197266,1200548,0.0,0.0
2012-10-05 00:00:00+08:00,46.997076742150846,48.18989700101845,46.917555391559674,47.55372619628906,882013,0.0,0.0
2012-10-08 00:00:00+08:00,47.71276722023178,47.71276722023178,46.59947154010877,46.838035583496094,443635,0.0,0.0
2012-10-09 00:00:00+08:00,46.1223485172522,46.44043394335888,43.57766510839868,44.53192138671875,1483339,0.0,0.0
2012-10-11 00:00:00+08:00,44.53192138671875,45.168092238932125,43.975271891032044,44.53192138671875,1058627,0.0,0.0
2012-10-12 00:00:00+08:00,44.69096536126615,44.8500080788088,42.941495468296985,43.97527313232422,469916,0.0,0.0
2012-10-15 00:00:00+08:00,44.53191639314899,45.168087174025594,44.054788307491535,45.088565826416016,653888,0.0,0.0
2012-10-16 00:00:00+08:00,45.406651728355996,45.406651728355996,44.3728741977861,44.85000228881836,628658,0.0,0.0
2012-10-17 00:00:00+08:00,45.32713436462542,47.95133590698242,45.32713436462542,47.95133590698242,2516735,0.0,0.0
2012-10-18 00:00:00+08:00,48.26941817792863,48.428460878538715,47.235640623963064,47.63324737548828,1634721,0.0,0.0
2012-10-19 00:00:00+08:00,47.712770824536015,47.712770824536015,46.51995370650979,46.678993225097656,715913,0.0,0.0
2012-10-22 00:00:00+08:00,45.72473942131566,46.28138888884039,45.565696716308594,45.565696716308594,467814,0.0,0.0
2012-10-23 00:00:00+08:00,45.56569425366333,46.12234369110337,44.92952346801758,44.92952346801758,513018,0.0,0.0
2012-10-24 00:00:00+08:00,44.37287849728622,45.40665612802377,44.293357141075646,44.61144256591797,489890,0.0,0.0
2012-10-25 00:00:00+08:00,45.327136231436754,45.724743025293385,43.816230414781565,43.97527313232422,448891,0.0,0.0
2012-10-26 00:00:00+08:00,43.97526884289902,44.53191830000173,40.953460693359375,40.953460693359375,1108036,0.0,0.0
2012-10-29 00:00:00+08:00,40.23776766973972,40.63537441627071,38.090694427490234,38.090694427490234,710657,0.0,0.0
2012-10-30 00:00:00+08:00,38.17021871646157,39.36303904791915,38.01117600560056,38.488304138183594,792656,0.0,0.0
2012-10-31 00:00:00+08:00,41.1125017670484,41.1125017670484,39.44255346188181,39.919681549072266,1452852,0.0,0.0
2012-11-01 00:00:00+08:00,39.601602094160754,40.55585514572927,39.12447078484947,40.396812438964844,660196,0.0,0.0
2012-11-02 00:00:00+08:00,41.35106727528538,41.98723808073896,40.71489646983181,41.032981872558594,783194,0.0,0.0
2012-11-05 00:00:00+08:00,40.15824837881821,41.032983266022526,40.15824837881821,40.396812438964844,221817,0.0,0.0
2012-11-06 00:00:00+08:00,40.39680973713408,41.669151306152344,40.31728838907044,41.669151306152344,490942,0.0,0.0
2012-11-07 00:00:00+08:00,41.82819299673979,42.30532107365159,40.95345818906815,42.146278381347656,736938,0.0,0.0
2012-11-08 00:00:00+08:00,42.14628692611703,42.70293646203634,40.158252869262355,41.748680114746094,1170061,0.0,0.0
2012-11-09 00:00:00+08:00,41.351064919827984,43.41861673076141,41.19202222752405,42.146278381347656,1109087,0.0,0.0
2012-11-12 00:00:00+08:00,42.38484309650178,42.78244983360964,41.74867231712921,41.82819366455078,408943,0.0,0.0
2012-11-13 00:00:00+08:00,41.82820131745177,41.987244041393424,39.99920999212281,40.15825271606445,506711,0.0,0.0
2012-11-14 00:00:00+08:00,40.15824855231409,40.555855320942925,39.91968449113679,40.317291259765625,524582,0.0,0.0
2012-11-15 00:00:00+08:00,39.76064178368525,40.555855320942925,39.76064178368525,40.317291259765625,363738,0.0,0.0
2012-11-16 00:00:00+08:00,40.39681226512406,41.748675266804135,40.317290912084054,40.47633361816406,712759,0.0,0.0
2012-11-19 00:00:00+08:00,40.79441515587567,40.953457846850604,38.806384707706705,38.96542739868164,473070,0.0,0.0
2012-11-20 00:00:00+08:00,39.363030940414944,39.76063444665598,36.261698717398815,36.738826751708984,1330905,0.0,0.0
2012-11-21 00:00:00+08:00,36.73883150214776,37.215959598152004,35.46649310182099,36.30146408081055,1056524,0.0,0.0
2012-11-22 00:00:00+08:00,37.37500083512413,37.77260756624436,36.81835141155582,36.977394104003906,715913,0.0,0.0
2012-11-23 00:00:00+08:00,37.37499871961472,39.561832427978516,37.29547737789177,39.561832427978516,1324597,0.0,0.0
2012-11-26 00:00:00+08:00,41.35106608179357,41.82819417211268,40.71489529470142,41.589630126953125,1423417,0.0,0.0
2012-11-27 00:00:00+08:00,41.98723755737046,41.98723755737046,40.95346001139438,41.27154541015625,647581,0.0,0.0
2012-11-28 00:00:00+08:00,41.271551941100974,41.90772283929447,40.953466492004225,41.748680114746094,392123,0.0,0.0
2012-11-29 00:00:00+08:00,42.54389039690473,42.94149398803711,41.90771954866392,42.94149398803711,1095421,0.0,0.0
2012-11-30 00:00:00+08:00,43.57766372881196,43.65718508282114,41.987239837646484,41.987239837646484,994499,0.0,0.0
2012-12-03 00:00:00+08:00,41.98723535764879,42.54388477631907,41.430585938978524,42.305320739746094,674914,0.0,0.0
2012-12-04 00:00:00+08:00,42.9414942561853,44.53192138671875,42.38484794951674,44.53192138671875,1237342,0.0,0.0
2012-12-05 00:00:00+08:00,44.69096502185137,47.55373072685899,43.97527279834491,47.23564529418945,2897294,0.0,0.0
2012-12-06 00:00:00+08:00,47.2356404545683,48.1898966548067,46.59947284342725,47.7127685546875,2436839,0.0,0.0
2012-12-07 00:00:00+08:00,47.6609831642595,49.30446578220192,47.6609831642595,48.236202239990234,1470041,0.0,0.0
2012-12-10 00:00:00+08:00,48.236201128816234,50.5370741897183,47.907502699389035,49.2222900390625,2083491,0.0,0.0
2012-12-11 00:00:00+08:00,50.37272953365855,50.53707556382306,49.1401167678271,49.715335845947266,3619660,0.0,0.0
2012-12-12 00:00:00+08:00,50.53707576162003,51.7696885322758,50.53707576162003,51.1944694519043,2881078,0.0,0.0
2012-12-13 00:00:00+08:00,51.358825694595005,51.358825694595005,50.208387376539726,50.53708267211914,1634849,0.0,0.0
2012-12-14 00:00:00+08:00,50.29056199433817,51.11230182774107,49.87969207763672,49.87969207763672,1058023,0.0,0.0
2012-12-17 00:00:00+08:00,49.87969176604285,49.96186319765526,47.49664052382837,47.98968505859375,1542272,0.0,0.0
2012-12-18 00:00:00+08:00,47.98968505859375,48.8114280758815,47.825339006350745,47.98968505859375,930856,0.0,0.0
2012-12-19 00:00:00+08:00,48.48272798642834,48.811426458056204,47.332292902785056,47.907508850097656,873886,0.0,0.0
2012-12-20 00:00:00+08:00,48.40055184897728,51.1944694519043,48.40055184897728,51.1944694519043,3832282,0.0,0.0
2012-12-21 00:00:00+08:00,52.18056295515349,52.920131320013596,50.947953265744054,51.85186767578125,5873046,0.0,0.0
2012-12-24 00:00:00+08:00,53.82404888793583,53.82404888793583,50.94795323627465,51.03012466430664,2496527,0.0,0.0
2012-12-25 00:00:00+08:00,51.19447674491209,52.50926431278121,51.030127501673896,52.42708969116211,1977689,0.0,0.0
2012-12-26 00:00:00+08:00,52.42708357810827,52.42708357810827,51.030121551507314,51.68751525878906,1009191,0.0,0.0
2012-12-27 00:00:00+08:00,51.68751685271363,53.65969803537644,51.6053422381421,51.769691467285156,2272715,0.0,0.0
2012-12-28 00:00:00+08:00,52.42708843251525,53.8240505884658,52.34491381286897,53.413177490234375,2878026,0.0,0.0
2013-01-02 00:00:00+08:00,54.07056556714851,56.124918207163915,54.07056556714851,54.727962493896484,3386691,0.0,0.0
2013-01-03 00:00:00+08:00,55.796229379122096,55.796229379122096,53.413178136613915,53.906219482421875,1898337,0.0,0.0
2013-01-04 00:00:00+08:00,50.94795169960578,52.59143442398248,50.94795169960578,51.769691467285156,3747843,0.0,0.0
2013-01-07 00:00:00+08:00,51.93404259381697,53.00230624423949,51.35882345981883,51.44099807739258,2212692,0.0,0.0
2013-01-08 00:00:00+08:00,51.44099998672235,52.01621914207083,49.304472606576056,50.29056167602539,1766084,0.0,0.0
2013-01-09 00:00:00+08:00,50.20838577274513,51.11230019847867,49.715341250616106,49.797515869140625,1419175,0.0,0.0
2013-01-10 00:00:00+08:00,50.45491091727301,52.01621914207083,50.12621243477778,50.29056167602539,2858697,0.0,0.0
2013-01-11 00:00:00+08:00,48.56489612449722,49.30446439796391,46.83924213477101,47.74315643310547,3431454,0.0,0.0
2013-01-14 00:00:00+08:00,46.92141978419094,47.496638920165374,46.83924835535294,47.250118255615234,1111941,0.0,0.0
2013-01-15 00:00:00+08:00,47.25011828487809,48.64707722224227,47.25011828487809,47.907508850097656,1919701,0.0,0.0
2013-01-16 00:00:00+08:00,48.48272926539041,48.48272926539041,46.83924961996885,46.92142105102539,1176033,0.0,0.0
2013-01-17 00:00:00+08:00,47.25012151054063,47.98968674415566,44.784898750126686,45.11359405517578,1749807,0.0,0.0
2013-01-18 00:00:00+08:00,45.606631962352665,46.34620027723057,45.44228273926472,46.01750183105469,1005122,0.0,0.0
2013-01-21 00:00:00+08:00,46.09967969168171,47.989683134328246,46.01750507434611,47.660987854003906,1510735,0.0,0.0
2013-01-22 00:00:00+08:00,47.743163106998026,47.743163106998026,47.08576934857867,47.496639251708984,666351,0.0,0.0
2013-01-23 00:00:00+08:00,47.250117591019496,47.33229220771974,46.59272384643555,46.59272384643555,692801,0.0,0.0
2013-01-24 00:00:00+08:00,46.01750471855184,47.6609874855027,46.01750471855184,46.59272384643555,1050901,0.0,0.0
2013-01-25 00:00:00+08:00,46.67490164113239,47.250120808181556,46.59272701883704,46.757076263427734,468989,0.0,0.0
2013-01-28 00:00:00+08:00,47.08577027904201,47.332294139202624,46.18185583648943,46.26403045654297,494422,0.0,0.0
2013-01-29 00:00:00+08:00,46.510545264524566,48.0718532816674,46.510545264524566,47.82533264160156,1495475,0.0,0.0
2013-01-30 00:00:00+08:00,47.82533514436517,47.90750656934208,47.08576680742954,47.33229064941406,813864,0.0,0.0
2013-01-31 00:00:00+08:00,47.57881130238065,48.48272567828803,47.33229064941406,47.33229064941406,1158738,0.0,0.0
2013-02-01 00:00:00+08:00,47.90750946489928,48.07185870282232,47.08576965332031,47.08576965332031,623623,0.0,0.0
2013-02-04 00:00:00+08:00,47.496641807613344,47.90751173285352,46.42837808857794,47.003597259521484,896267,0.0,0.0
2013-02-05 00:00:00+08:00,46.428375858371,46.59272509617979,45.195766141859416,45.60663604736328,1096681,0.0,0.0
2013-02-06 00:00:00+08:00,45.853153078726514,46.01750230350178,44.374019622802734,44.374019622802734,967480,0.0,0.0
2013-02-18 00:00:00+08:00,44.70271986008158,47.41446304321289,44.538370628733745,47.41446304321289,2052971,0.0,0.0
2013-02-19 00:00:00+08:00,47.989680000607905,49.63316267294648,47.57881012977772,48.31837844848633,3306322,0.0,0.0
2013-02-20 00:00:00+08:00,48.31838354111613,48.8114280758815,47.743164385720156,47.98968505859375,1284887,0.0,0.0
2013-02-21 00:00:00+08:00,47.98968254187259,49.96186057750724,47.98968254187259,48.48272705078125,2688803,0.0,0.0
2013-02-22 00:00:00+08:00,48.48273119479611,48.89360431152066,47.8253405860734,48.071861267089844,1103803,0.0,0.0
2013-02-25 00:00:00+08:00,48.400555623478155,49.6331653012408,48.31838100715704,48.48272705078125,1453764,0.0,0.0
2013-02-26 00:00:00+08:00,47.6609852156386,48.07185509055404,46.59272162744771,46.674896240234375,1406967,0.0,0.0
2013-02-27 00:00:00+08:00,46.83924546580771,47.496635990065265,46.674896240234375,46.674896240234375,756893,0.0,0.0
2013-03-01 00:00:00+08:00,47.57881323666831,47.825337088675106,46.92141948700158,47.660987854003906,671437,0.0,0.0
2013-03-04 00:00:00+08:00,47.82533769981852,47.907509129186096,46.83924865722656,46.83924865722656,606328,0.0,0.0
2013-03-05 00:00:00+08:00,47.00359509391447,50.044036865234375,47.00359509391447,50.044036865234375,4105943,0.0,0.0
2013-03-06 00:00:00+08:00,50.45490697229167,50.70142762586989,48.811424255371094,48.811424255371094,2943135,0.0,0.0
2013-03-07 00:00:00+08:00,48.975771891727376,49.961860916230016,48.89360046386719,48.89360046386719,1872904,0.0,0.0
2013-03-08 00:00:00+08:00,49.46881344900727,49.797511896885695,48.23620383651672,48.31837844848633,1328632,0.0,0.0
2013-03-11 00:00:00+08:00,49.30446745479226,51.68751525878906,48.97576900664246,51.68751525878906,3395847,0.0,0.0
2013-03-12 00:00:00+08:00,52.180565194300264,52.5092636767955,50.29056167602539,50.29056167602539,3957145,0.0,0.0
2013-03-13 00:00:00+08:00,50.70142938512453,52.18056292497111,50.619254768074484,51.03012466430664,3379570,0.0,0.0
2013-03-14 00:00:00+08:00,51.03012049550872,51.276644326519595,50.04403154950077,50.783599853515625,990324,0.0,0.0
2013-03-15 00:00:00+08:00,51.27665107002893,51.35882569117287,49.71534283534886,49.87969207763672,1321879,0.0,0.0
2013-03-18 00:00:00+08:00,49.71533991756191,49.79751453388303,48.48272705078125,48.48272705078125,1046003,0.0,0.0
2013-03-19 00:00:00+08:00,48.975770636692395,49.79751359539894,48.8935992109379,49.057945251464844,775199,0.0,0.0
2013-03-20 00:00:00+08:00,49.22229252691822,49.63316239545125,48.48272421234448,48.729248046875,748335,0.0,0.0
2013-03-21 00:00:00+08:00,49.30446686738052,49.961857377812294,48.81142239004778,49.14011764526367,978671,0.0,0.0
2013-03-22 00:00:00+08:00,49.14011952314803,49.96185928709935,48.72924964117237,48.811424255371094,788643,0.0,0.0
2013-03-25 00:00:00+08:00,49.71534157798994,50.94795448593828,49.30447167167987,50.044036865234375,1906746,0.0,0.0
2013-03-26 00:00:00+08:00,50.53708139061008,50.86577986687264,49.961862246168735,50.044036865234375,1042325,0.0,0.0
2013-03-27 00:00:00+08:00,50.61925729326855,51.934044853622645,50.37273661883854,50.53708267211914,2522680,0.0,0.0
2013-03-28 00:00:00+08:00,50.94795480680114,51.76969462459648,50.290561039153985,50.45491027832031,1369851,0.0,0.0
2013-03-29 00:00:00+08:00,50.94795227050781,51.35882215895154,50.70142842403079,50.94795227050781,1243827,0.0,0.0
2013-04-01 00:00:00+08:00,51.1944748170032,51.605344720607704,49.63316663209158,49.797515869140625,946520,0.0,0.0
2013-04-02 00:00:00+08:00,49.63316821420493,50.45491123662603,49.63316821420493,49.87969207763672,614611,0.0,0.0
2013-04-03 00:00:00+08:00,50.208380314476294,50.53707556382306,49.550986626765,49.715335845947266,802673,0.0,0.0
2013-04-08 00:00:00+08:00,48.48272567828803,48.89359874826223,46.92141757943986,47.33229064941406,1271545,0.0,0.0
2013-04-09 00:00:00+08:00,47.33229320386772,48.071858391698655,47.33229320386772,47.496639251708984,757398,0.0,0.0
2013-04-10 00:00:00+08:00,47.907504062278335,48.23620250105647,47.6609834222125,47.82533264160156,532163,0.0,0.0
2013-04-11 00:00:00+08:00,49.140124992537096,49.140124992537096,47.98968664374493,48.071861267089844,768163,0.0,0.0
2013-04-12 00:00:00+08:00,48.0718609785569,48.0718609785569,47.003597259521484,47.003597259521484,597291,0.0,0.0
2013-04-15 00:00:00+08:00,47.00359404228186,47.496638556626465,45.03141598490345,46.181854248046875,945029,0.0,0.0
2013-04-16 00:00:00+08:00,45.03141722656404,45.85315704345703,44.86706798757819,45.85315704345703,726599,0.0,0.0
2013-04-17 00:00:00+08:00,46.18185768623007,48.48273119479611,46.18185768623007,48.071861267089844,1601995,0.0,0.0
2013-04-18 00:00:00+08:00,48.48273119479611,49.05795036919219,48.071861267089844,48.071861267089844,2359715,0.0,0.0
2013-04-19 00:00:00+08:00,48.154029224547116,48.89359754325572,48.07185461257751,48.31837844848633,791050,0.0,0.0
2013-04-22 00:00:00+08:00,48.81142742819214,49.1401227173348,47.74316375220581,48.15403366088867,574863,0.0,0.0
2013-04-23 00:00:00+08:00,48.154031810926405,49.715339955154086,47.98968257815991,49.30447006225586,1966238,0.0,0.0
2013-04-24 00:00:00+08:00,50.5370741897183,50.619248797075095,49.1401154317057,49.2222900390625,1598242,0.0,0.0
2013-04-25 00:00:00+08:00,48.975773478254396,49.0579480977946,48.07185904134847,48.15403366088867,809707,0.0,0.0
2013-04-26 00:00:00+08:00,48.31838160367064,48.72925150133057,47.660987854003906,47.660987854003906,728835,0.0,0.0
2013-04-29 00:00:00+08:00,47.66098182616276,48.81141994532533,47.66098182616276,47.74315643310547,609886,0.0,0.0
2013-04-30 00:00:00+08:00,48.154029224547116,48.647073707346905,47.9075053886383,48.31837844848633,488630,0.0,0.0
2013-05-02 00:00:00+08:00,48.31838354111613,48.56490421398972,47.98968505859375,47.98968505859375,477060,0.0,0.0
2013-05-03 00:00:00+08:00,48.071861267089844,48.647080441485926,47.90751202040003,48.071861267089844,576016,0.0,0.0
2013-05-06 00:00:00+08:00,48.07185775166384,48.48272764932378,47.25011795634397,47.660987854003906,664228,0.0,0.0
2013-05-07 00:00:00+08:00,47.825336121582474,48.154031395260155,47.41446304321289,47.41446304321289,382364,0.0,0.0
2013-05-08 00:00:00+08:00,47.66099008138101,48.15403461941836,47.414466217853224,47.57881546020508,444896,0.0,0.0
2013-05-09 00:00:00+08:00,47.989681920043495,49.22229477085251,47.989681920043495,48.64707565307617,1651591,0.0,0.0
2013-05-10 00:00:00+08:00,50.12620984805231,50.619254357333794,49.30447006225586,49.30447006225586,2998851,0.0,0.0
2013-05-13 00:00:00+08:00,49.304471641395715,49.79751616646858,48.48272864026218,48.564903259277344,734616,0.0,0.0
2013-05-14 00:00:00+08:00,48.81142964168369,49.71534411958016,48.81142964168369,49.550994873046875,1323983,0.0,0.0
2013-05-15 00:00:00+08:00,49.797517449144074,52.098394084761786,48.81142837359883,51.35882568359375,4363890,0.0,0.0
2013-05-16 00:00:00+08:00,51.93404451394954,54.89231491088867,51.60534603150175,54.89231491088867,5475735,0.0,0.0
2013-05-17 00:00:00+08:00,55.46753415431733,56.04275015454999,53.98839727394701,54.07057189941406,7396888,0.0,0.0
2013-05-20 00:00:00+08:00,54.23491640084912,55.87840238822903,53.988392546036714,55.467529296875,3733264,0.0,0.0
2013-05-21 00:00:00+08:00,55.87840339655462,59.3297119140625,55.54970491754004,59.3297119140625,7876286,0.0,0.0
2013-05-22 00:00:00+08:00,60.151451369258176,60.80884187556452,58.34361631535345,59.576229095458984,4599874,0.0,0.0
2013-05-23 00:00:00+08:00,59.90493554598984,60.39797689712267,57.604058899272765,58.343624114990234,3894606,0.0,0.0
2013-05-24 00:00:00+08:00,59.41187538852893,62.37014201059937,59.16535795354939,60.97318649291992,7759316,0.0,0.0
2013-05-27 00:00:00+08:00,61.21972016689081,61.21972016689081,59.57623419343737,60.2336311340332,2165581,0.0,0.0
2013-05-28 00:00:00+08:00,60.80884902263588,62.3701540503823,60.39797592163086,60.39797592163086,2944426,0.0,0.0
2013-05-29 00:00:00+08:00,60.97319665743158,61.548412605655116,59.90493300098542,60.315799713134766,2078660,0.0,0.0
2013-05-30 00:00:00+08:00,59.9049290705375,61.46623395473064,58.836665484181644,59.001014709472656,2929725,0.0,0.0
2013-05-31 00:00:00+08:00,59.822757685056374,60.644497477804805,58.918843275229484,59.165367126464844,2053193,0.0,0.0
2013-06-03 00:00:00+08:00,57.76840189782579,59.82275445789199,57.76840189782579,59.001014709472656,1475530,0.0,0.0
2013-06-04 00:00:00+08:00,59.00101202453996,59.494053299940646,58.014923095703125,58.014923095703125,1244326,0.0,0.0
2013-06-05 00:00:00+08:00,58.343620955680315,60.397973626569446,58.343620955680315,59.165367126464844,2487603,0.0,0.0
2013-06-06 00:00:00+08:00,59.00101819860928,59.1653674336194,57.93275454907964,58.590145111083984,806207,0.0,0.0
2013-06-07 00:00:00+08:00,58.590145314676604,59.165367639210835,54.563614555081585,55.05665588378906,3163823,0.0,0.0
2013-06-10 00:00:00+08:00,56.70014507181767,57.52188491821289,55.96057984786563,57.52188491821289,1957704,0.0,0.0
2013-06-11 00:00:00+08:00,57.028838726921535,57.11100696436231,55.549702026376025,55.960575103759766,1280928,0.0,0.0
2013-06-13 00:00:00+08:00,54.481445347588654,55.38535985501268,53.82405471801758,53.82405471801758,1458761,0.0,0.0
2013-06-14 00:00:00+08:00,54.234920596503095,54.97448584011747,51.60534855350217,52.09839630126953,1457186,0.0,0.0
2013-06-17 00:00:00+08:00,52.26273124221678,54.892305914774205,52.26273124221678,54.23490905761719,1423972,0.0,0.0
2013-06-18 00:00:00+08:00,54.645787878052985,55.46752765845195,53.82404809765402,54.727962493896484,1986180,0.0,0.0
2013-06-19 00:00:00+08:00,55.13883272482376,55.30318196703166,53.57752767992144,53.65970230102539,1259303,0.0,0.0
2013-06-20 00:00:00+08:00,53.33099864760502,53.33099864760502,52.098389017568635,52.34490966796875,910653,0.0,0.0
2013-06-21 00:00:00+08:00,49.30447046232798,51.769693028738956,49.30447046232798,51.03012466430664,1163099,0.0,0.0
2013-06-24 00:00:00+08:00,51.03012557995415,51.52317329110129,49.797515869140625,49.797515869140625,709725,0.0,0.0
2013-06-25 00:00:00+08:00,49.38664856614737,49.715343868535854,46.83925120283638,47.003597259521484,1561620,0.0,0.0
2013-06-26 00:00:00+08:00,48.400559760469484,48.72925506483084,47.660991339383585,48.071861267089844,1322366,0.0,0.0
2013-06-27 00:00:00+08:00,48.81142584698896,49.961860916230016,48.56490199635428,48.89360046386719,1021390,0.0,0.0
2013-06-28 00:00:00+08:00,49.3044686292185,49.3044686292185,47.08576680742954,47.33229064941406,1686612,0.0,0.0
2013-07-01 00:00:00+08:00,47.33228948288676,48.647073707346905,46.92141642303872,48.31837844848633,1043780,0.0,0.0
2013-07-02 00:00:00+08:00,48.8935992109379,50.37273270978814,48.729249981393004,49.057945251464844,2193527,0.0,0.0
2013-07-03 00:00:00+08:00,49.30446938610884,49.79751388862885,48.31838038106882,48.64707565307617,1289541,0.0,0.0
2013-07-04 00:00:00+08:00,49.30446904042864,49.96185957983429,48.31838004230223,48.40055465698242,952176,0.0,0.0
2013-07-05 00:00:00+08:00,49.14012040531117,49.14012040531117,47.08576776953522,47.41446304321289,1255210,0.0,0.0
2013-07-08 00:00:00+08:00,47.41446400199711,47.90750851699264,47.167943339008374,47.660987854003906,469553,0.0,0.0
2013-07-09 00:00:00+08:00,47.82533772542771,48.15403301012834,47.4144646332793,47.496639251708984,514505,0.0,0.0
2013-07-10 00:00:00+08:00,47.66099073064004,48.236209897689214,46.09968247408321,46.757076263427734,867627,0.0,0.0
2013-07-11 00:00:00+08:00,47.167944899095545,47.25011951914909,45.770985925239906,46.26403045654297,1759415,0.0,0.0
2013-07-12 00:00:00+08:00,46.26403140081449,47.414466537990464,46.26403140081449,47.167945861816406,1203501,0.0,0.0
2013-07-15 00:00:00+08:00,47.41446433167394,48.23620732172552,47.0035944311572,47.907508850097656,1563790,0.0,0.0
2013-07-16 00:00:00+08:00,48.23620356683178,49.057943303897865,48.07185434381144,48.729248046875,1221175,0.0,0.0
2013-07-17 00:00:00+08:00,48.7292469702059,49.057942219966264,47.74315803190703,47.82533264160156,687670,0.0,0.0
2013-07-18 00:00:00+08:00,48.15403298434314,48.23620760272882,46.757074038840884,46.83924865722656,637504,0.0,0.0
2013-07-19 00:00:00+08:00,47.00359726996205,47.167946515701935,46.26403204216912,46.34620666503906,715001,0.0,0.0
2013-07-22 00:00:00+08:00,46.83924960789956,47.00359565898847,46.09968121643589,46.26403045654297,403577,0.0,0.0
2013-07-23 00:00:00+08:00,46.83924769653629,47.085768357618996,46.18185395195234,46.59272384643555,810903,0.0,0.0
2013-07-24 00:00:00+08:00,47.00359355959695,49.30447006225586,47.00359355959695,49.30447006225586,2886019,0.0,0.0
2013-07-25 00:00:00+08:00,49.30447261064688,49.30447261064688,47.98968505859375,47.98968505859375,1272089,0.0,0.0
2013-07-26 00:00:00+08:00,47.98968118333692,48.40055425331112,47.33229064941406,47.33229064941406,776390,0.0,0.0
2013-07-29 00:00:00+08:00,47.332289953509814,47.6609852156386,46.59272162744771,46.674896240234375,618451,0.0,0.0
2013-07-30 00:00:00+08:00,46.83924835535294,47.33229287347131,46.83924835535294,47.250118255615234,377128,0.0,0.0
2013-07-31 00:00:00+08:00,47.25011540633789,47.49663605602234,43.96315002441406,43.96315002441406,1898226,0.0,0.0
2013-08-01 00:00:00+08:00,43.55228225093391,43.88097752938327,41.087056501000525,41.580101013183594,2036357,0.0,0.0
2013-08-02 00:00:00+08:00,41.9088002563737,42.31967015929503,39.85444755274896,40.96379852294922,1752660,0.0,0.0
2013-08-05 00:00:00+08:00,40.88163055955048,40.88163055955048,39.279234807192154,39.854454040527344,1642118,0.0,0.0
2013-08-06 00:00:00+08:00,40.01879154102171,40.84053449359316,39.56683435216549,40.429664611816406,723525,0.0,0.0
2013-08-07 00:00:00+08:00,39.936618005591974,40.59400850609047,39.85444339577522,39.895530700683594,502254,0.0,0.0
2013-08-08 00:00:00+08:00,40.10096866166041,40.470754448488805,39.89553530244055,39.1148796081543,930908,0.0,0.0
2013-08-09 00:00:00+08:00,40.64214194258135,40.684566148115,39.70881271362305,39.70881271362305,1135262,1.474448,0.0
2013-08-12 00:00:00+08:00,39.45427252388183,39.45427252388183,38.09670776491297,38.18155288696289,1428067,0.0,0.0
2013-08-13 00:00:00+08:00,38.26640259373019,39.24215281167919,38.26640259373019,38.775489807128906,771846,0.0,0.0
2013-08-14 00:00:00+08:00,39.030028265114545,40.55728963941538,39.030028265114545,40.04820251464844,1140726,0.0,0.0
2013-08-15 00:00:00+08:00,39.70880890294924,40.896679958332726,39.45426698695669,40.04820251464844,764000,0.0,0.0
2013-08-16 00:00:00+08:00,39.878507605049535,40.43001895750363,39.70881079113073,40.133052825927734,442470,0.0,0.0
2013-08-19 00:00:00+08:00,40.133054768959624,40.2603273855606,39.6239675953379,39.70881271362305,341373,0.0,0.0
2013-08-20 00:00:00+08:00,39.70881383369287,40.04820748753544,39.030033111572266,39.030033111572266,394610,0.0,0.0
2013-08-22 00:00:00+08:00,39.03003201064887,39.96335794682499,39.03003201064887,39.70881271362305,403331,0.0,0.0
2013-08-23 00:00:00+08:00,39.963356018066406,40.472443167117966,39.79365920412188,39.963356018066406,454920,0.0,0.0
2013-08-26 00:00:00+08:00,40.98153753098257,40.98153753098257,40.09063568649429,40.30275344848633,425279,0.0,0.0
2013-08-27 00:00:00+08:00,40.217907254448654,40.30275238132934,39.030035964728945,39.07246017456055,652855,0.0,0.0
2013-08-28 00:00:00+08:00,39.03003561570458,39.11488403460901,38.35125155725152,38.605796813964844,366953,0.0,0.0
2013-08-29 00:00:00+08:00,38.77549261835756,39.70881869512441,38.77549261835756,38.987613677978516,624233,0.0,0.0
2013-08-30 00:00:00+08:00,39.11488246339451,39.53912124809289,39.11488246339451,39.15730667114258,333805,0.0,0.0
2013-09-02 00:00:00+08:00,39.1997275861083,39.28457600160445,38.86033721690607,39.15730667114258,362657,0.0,0.0
2013-09-03 00:00:00+08:00,39.28457375880732,41.15122891480622,39.28457375880732,41.023956298828125,1776832,0.0,0.0
2013-09-04 00:00:00+08:00,41.02396459339769,41.23608566291627,40.302756249817364,40.51487731933594,737296,0.0,0.0
2013-09-05 00:00:00+08:00,40.811830523780515,41.405766036458964,40.811830523780515,40.89667892456055,1030237,0.0,0.0
2013-09-06 00:00:00+08:00,40.89668272035974,41.83000863000258,40.89668272035974,41.23607635498047,950544,0.0,0.0
2013-09-09 00:00:00+08:00,41.40577002810758,41.66031525498665,40.217902181018204,40.26032638549805,605332,0.0,0.0
2013-09-10 00:00:00+08:00,40.38759821543083,40.68456766524041,39.62396907291364,39.6663932800293,463597,0.0,0.0
2013-09-11 00:00:00+08:00,39.030031209618905,39.369421554140544,38.60579245577133,38.94518280029297,797971,0.0,0.0
2013-09-12 00:00:00+08:00,38.77549453931875,39.36943024289867,38.605800975997944,38.902767181396484,356944,0.0,0.0
2013-09-13 00:00:00+08:00,38.902763335234155,39.36942635059922,38.86033912540256,39.07246017456055,431272,0.0,0.0
2013-09-16 00:00:00+08:00,38.43610130203408,39.03003696207089,38.43610130203408,38.8603401184082,362903,0.0,0.0
2013-09-17 00:00:00+08:00,38.77548313098743,39.53911546599886,38.73305892944336,38.73305892944336,410696,0.0,0.0
2013-09-18 00:00:00+08:00,38.86033912540256,39.284577930936024,38.733066495907764,39.07246017456055,340145,0.0,0.0
2013-09-23 00:00:00+08:00,39.58154083777214,41.7875862121582,39.539116634973794,41.7875862121582,2154163,0.0,0.0
2013-09-24 00:00:00+08:00,42.4239415329802,44.205748124470006,42.4239415329802,43.95120620727539,4077982,0.0,0.0
2013-09-25 00:00:00+08:00,44.03606167963949,44.96938768048153,42.76334201101313,44.29060363769531,3148382,0.0,0.0
2013-09-26 00:00:00+08:00,44.46030167308656,44.71484363802115,43.4421272277832,43.4421272277832,1238739,0.0,0.0
2013-09-27 00:00:00+08:00,44.12089972114451,44.79968365496661,43.6966609972989,43.95120620727539,1518944,0.0,0.0
2013-09-30 00:00:00+08:00,43.696669254795026,43.86636609351416,42.59364638868564,43.10273361206055,968227,0.0,0.0
2013-10-01 00:00:00+08:00,43.27242416048613,44.54514368030585,43.10272734643497,43.69666290283203,1313437,0.0,0.0
2013-10-02 00:00:00+08:00,44.036057082037715,44.205750605430545,43.10272788585787,43.18757629394531,797353,0.0,0.0
2013-10-03 00:00:00+08:00,43.95121060699615,44.12090413785238,42.848187838910725,43.27242660522461,1420591,0.0,0.0
2013-10-04 00:00:00+08:00,43.10273057480943,43.35727581495149,41.5754690123038,41.61789321899414,1330265,0.0,0.0
2013-10-07 00:00:00+08:00,42.16940784596401,42.16940784596401,40.13305893984658,40.345176696777344,1084842,0.0,0.0
2013-10-08 00:00:00+08:00,39.28457465959738,41.15122985839844,39.28457465959738,41.15122985839844,564332,0.0,0.0
2013-10-09 00:00:00+08:00,40.9148781755351,41.43278669207319,40.74224090576172,40.74224090576172,619113,0.0,0.0
2013-10-11 00:00:00+08:00,41.17383276411008,41.26014975329821,39.7064208984375,39.7064208984375,630245,0.0,0.0
2013-10-14 00:00:00+08:00,39.53379154517371,39.53379154517371,37.28951644897461,37.28951644897461,1172997,0.0,0.0
2013-10-15 00:00:00+08:00,37.54846030462985,38.23900604248047,37.54846030462985,38.23900604248047,643577,0.0,0.0
2013-10-16 00:00:00+08:00,38.32533461021343,38.584288906340035,37.634785430165785,38.411651611328125,459492,0.0,0.0
2013-10-17 00:00:00+08:00,38.84324014661209,39.188514709472656,38.75692315228808,39.188514709472656,726680,0.0,0.0
2013-10-18 00:00:00+08:00,39.62010706252186,39.66326556055081,39.01587821176962,39.53378677368164,654838,0.0,0.0
2013-10-21 00:00:00+08:00,39.533784640108934,39.92221768697103,38.62744305928548,38.843238830566406,685880,0.0,0.0
2013-10-22 00:00:00+08:00,38.84323949150086,39.53378531279333,38.713760709416306,39.01587677001953,1558863,0.0,0.0
2013-10-23 00:00:00+08:00,39.01587610614757,39.18851338172875,38.02321424114246,38.843238830566406,929616,0.0,0.0
2013-10-24 00:00:00+08:00,38.67060155498523,39.44746764870943,38.67060155498523,38.843238830566406,1358963,0.0,0.0
2013-10-25 00:00:00+08:00,38.411651611328125,39.015880497478555,38.32533461021343,38.411651611328125,727594,0.0,0.0
2013-10-28 00:00:00+08:00,38.541126067885976,38.843238830566406,37.54846420288086,38.843238830566406,1573010,0.0,0.0
2013-10-29 00:00:00+08:00,38.843238830566406,39.620104924290594,38.45480578370431,38.843238830566406,1455280,0.0,0.0
2013-10-30 00:00:00+08:00,38.92955652881621,39.0158768145652,38.06637342801955,38.109535217285156,785028,0.0,0.0
2013-10-31 00:00:00+08:00,37.980055286739535,37.980055286739535,37.4621467590332,37.4621467590332,719065,0.0,0.0
2013-11-01 00:00:00+08:00,37.20319334937032,37.20319334937032,35.60630580028855,35.82210159301758,1628189,0.0,0.0
2013-11-04 00:00:00+08:00,35.82210193240485,36.51264781712362,35.39051034285781,35.692623138427734,806014,0.0,0.0
2013-11-05 00:00:00+08:00,35.43366491496543,36.25368950275075,35.39050641935192,35.51998519897461,492992,0.0,0.0
2013-11-06 00:00:00+08:00,34.52732268321539,34.95891421675558,33.05991081062232,33.10306930541992,2773098,0.0,0.0
2013-11-07 00:00:00+08:00,32.45568541558792,34.52732631138393,32.45568541558792,33.23255157470703,1970963,0.0,0.0
2013-11-08 00:00:00+08:00,32.88727337341203,33.5346606704696,31.506181790135358,31.592498779296875,1544703,0.0,0.0
2013-11-11 00:00:00+08:00,31.592502438487372,31.592502438487372,29.391386032104492,29.391386032104492,2112830,0.0,0.0
2013-11-12 00:00:00+08:00,29.47770150288852,29.77981424331665,27.362902441545884,27.621856689453125,2167377,0.0,0.0
2013-11-13 00:00:00+08:00,27.621855686646636,29.52085892365995,27.621855686646636,28.39872169494629,3928054,0.0,0.0
2013-11-14 00:00:00+08:00,28.355563856820016,29.00295118955821,27.70817652408182,28.571359634399414,1517737,0.0,0.0
2013-11-15 00:00:00+08:00,29.175589071221648,29.305067857549567,28.441884729449622,28.65768051147461,681834,0.0,0.0
2013-11-18 00:00:00+08:00,28.485045036902797,29.348228219839243,28.05345344543457,28.05345344543457,643447,0.0,0.0
2013-11-19 00:00:00+08:00,28.053451663248183,28.830317795651062,28.053451663248183,28.65768051147461,536776,0.0,0.0
2013-11-20 00:00:00+08:00,28.65767985222655,29.132429903203793,28.096609514755652,28.485042572021484,383893,0.0,0.0
2013-11-21 00:00:00+08:00,28.312405943121703,29.08927207552458,28.13976865894525,28.65768051147461,682451,0.0,0.0
2013-11-22 00:00:00+08:00,28.743994240216313,29.002948490657875,28.312402725219727,28.312402725219727,478681,0.0,0.0
2013-11-25 00:00:00+08:00,28.95979269259878,28.95979269259878,28.485042640480554,28.571359634399414,276165,0.0,0.0
2013-11-26 00:00:00+08:00,28.65768031516775,29.348226154360958,28.65768031516775,28.959793090820312,573475,0.0,0.0
2013-11-27 00:00:00+08:00,29.39138333654799,30.945112228393555,29.39138333654799,30.945112228393555,2100275,0.0,0.0
2013-11-28 00:00:00+08:00,31.031434694937115,31.074593193593962,30.470364334050938,30.729318618774414,1048940,0.0,0.0
2013-11-29 00:00:00+08:00,30.988276196280268,31.419867768413514,30.729318618774414,30.729318618774414,844914,0.0,0.0
2013-12-02 00:00:00+08:00,30.81563890887049,31.419867768413514,30.38404733673724,30.729318618774414,692996,0.0,0.0
2013-12-03 00:00:00+08:00,31.24723059453577,32.19673073956583,31.24723059453577,31.333547592163086,1124056,0.0,0.0
2013-12-04 00:00:00+08:00,31.333545274550485,31.506182549818245,30.815636741529346,30.945112228393555,503580,0.0,0.0
2013-12-05 00:00:00+08:00,31.074588015375475,31.50617951558902,30.81563377380371,30.81563377380371,509432,0.0,0.0
2013-12-06 00:00:00+08:00,30.815634527727525,31.419863301365694,30.815634527727525,31.074588775634766,718254,0.0,0.0
2013-12-09 00:00:00+08:00,31.376701013656227,31.376701013656227,29.779813766479492,29.779813766479492,714170,0.0,0.0
2013-12-10 00:00:00+08:00,29.77981517314624,30.038769429138934,29.175586380641942,29.305065155029297,508131,0.0,0.0
2013-12-11 00:00:00+08:00,29.175589071221648,29.175589071221648,28.65768051147461,28.65768051147461,538586,0.0,0.0
2013-12-12 00:00:00+08:00,28.571358982169535,29.1755878041549,28.226087721593736,28.8303165435791,270706,0.0,0.0
2013-12-13 00:00:00+08:00,28.916634980370016,29.607180828807458,28.916634980370016,29.34822654724121,466045,0.0,0.0
2013-12-16 00:00:00+08:00,29.348225223369834,29.77981677077233,29.002950668334957,29.00295066833496,178379,0.0,0.0
2013-12-17 00:00:00+08:00,29.348225485107122,29.43454247824455,28.48504238260397,28.787155151367188,300850,0.0,0.0
2013-12-18 00:00:00+08:00,28.7871500650386,30.16824476069085,28.7871500650386,29.69349479675293,782527,0.0,0.0
2013-12-19 00:00:00+08:00,30.038769429138934,30.038769429138934,29.26190666116085,29.305065155029297,472630,0.0,0.0
2013-12-20 00:00:00+08:00,29.52086310159493,29.60718009571898,29.002951258503845,29.089271545410156,310754,0.0,0.0
2013-12-23 00:00:00+08:00,29.046113311034034,29.348226085982702,28.830317530990044,28.873476028442383,404143,0.0,0.0
2013-12-24 00:00:00+08:00,28.873473947266813,29.26190698190453,28.873473947266813,29.175586700439453,257332,0.0,0.0
2013-12-25 00:00:00+08:00,29.30506377078764,30.211405270341512,29.17558500251629,29.779813766479492,826117,0.0,0.0
2013-12-26 00:00:00+08:00,30.038766778704804,30.47035826487235,29.909291308523574,29.952449798583984,554502,0.0,0.0
2013-12-27 00:00:00+08:00,30.21141392428309,32.02409744262695,30.12509691589826,32.02409744262695,2872997,0.0,0.0
2013-12-30 00:00:00+08:00,32.36936662582503,33.92309556530818,32.283049631935725,33.31886672973633,4271822,0.0,0.0
2013-12-31 00:00:00+08:00,33.66413690241964,33.66413690241964,32.8009539049217,32.844112396240234,1242707,0.0,0.0
2014-01-02 00:00:00+08:00,33.189386912352134,33.36202417040809,32.36936240617273,32.844112396240234,1249594,0.0,0.0
2014-01-03 00:00:00+08:00,32.844122860537794,33.232555991724915,32.585168537340664,32.80096435546875,795671,0.0,0.0
2014-01-06 00:00:00+08:00,33.40518886482044,34.22521352327229,32.973597285928136,33.23255157470703,2202280,0.0,0.0
2014-01-07 00:00:00+08:00,33.31885996730005,33.8367717038666,32.412518544285554,32.4556770324707,1062340,0.0,0.0
2014-01-08 00:00:00+08:00,32.800959890879476,33.27570996758572,32.54200560292902,32.62832260131836,1043312,0.0,0.0
2014-01-09 00:00:00+08:00,32.80096435546875,33.62098912291204,32.62832704240971,32.80096435546875,1809785,0.0,0.0
2014-01-10 00:00:00+08:00,32.844119380951064,33.1893939704899,32.542006584691464,32.67148208618164,531148,0.0,0.0
2014-01-13 00:00:00+08:00,32.80095870054385,33.36202904806081,32.542004421990754,32.88727569580078,1020066,0.0,0.0
2014-01-14 00:00:00+08:00,33.103068665257666,34.09573049031639,33.103068665257666,33.36202621459961,2090598,0.0,0.0
2014-01-15 00:00:00+08:00,33.448345375126785,33.79361993482163,33.05991231866564,33.14623260498047,709001,0.0,0.0
2014-01-16 00:00:00+08:00,33.318862386307735,33.57781991978258,32.844112396240234,32.844112396240234,564121,0.0,0.0
2014-01-17 00:00:00+08:00,32.84411441673294,34.95891354925673,32.84411441673294,34.268367767333984,2644937,0.0,0.0
2014-01-20 00:00:00+08:00,34.87259957500714,35.131553854009304,34.35468772422052,34.39784622192383,1913877,0.0,0.0
2014-01-21 00:00:00+08:00,34.52732183994391,34.69995910770003,33.57782180645825,33.66413879394531,860994,0.0,0.0
2014-01-22 00:00:00+08:00,33.75045695419058,33.87993573270229,33.31886541619438,33.40518569946289,420350,0.0,0.0
2014-01-23 00:00:00+08:00,33.31886978017464,34.13889446832761,32.97359848022461,32.97359848022461,598147,0.0,0.0
2014-01-24 00:00:00+08:00,33.05991202817815,33.18939081012158,31.765137379872613,31.937774658203125,1053914,0.0,0.0
2014-01-27 00:00:00+08:00,31.93777578624507,31.93777578624507,31.07459265688709,31.16090965270996,592543,0.0,0.0
2014-02-05 00:00:00+08:00,29.52086279103761,30.643000166756767,29.52086279103761,30.211408615112305,417026,0.0,0.0
2014-02-06 00:00:00+08:00,30.297725419977308,30.729316968938708,30.25456692363761,30.513521194458008,295303,0.0,0.0
2014-02-07 00:00:00+08:00,30.72931926717505,31.46302693095252,30.72931926717505,30.90195655822754,407973,0.0,0.0
2014-02-10 00:00:00+08:00,31.07459112158345,31.463024169159674,30.556682586669922,30.556682586669922,228118,0.0,0.0
2014-02-11 00:00:00+08:00,30.599838023696936,31.031429523910486,30.51351774798513,30.81563377380371,230441,0.0,0.0
2014-02-12 00:00:00+08:00,30.98827179059299,31.54933877892836,30.98827179059299,31.074588775634766,341414,0.0,0.0
2014-02-13 00:00:00+08:00,31.074593127613333,31.419867701699765,30.643001556396484,30.643001556396484,276623,0.0,0.0
2014-02-14 00:00:00+08:00,30.729314972261374,31.03143101257329,30.384043731196027,30.427202224731445,316214,0.0,0.0
2014-02-17 00:00:00+08:00,30.427201022272524,30.513518005932184,29.779813766479492,29.779813766479492,379600,0.0,0.0
2014-02-18 00:00:00+08:00,29.348220299644456,29.952449023193463,29.348220299644456,29.69349479675293,391349,0.0,0.0
2014-02-19 00:00:00+08:00,29.6934955654398,30.47035826487235,29.6934955654398,29.952449798583984,341580,0.0,0.0
2014-02-20 00:00:00+08:00,29.520862579345703,29.995612624193768,29.520862579345703,29.520862579345703,402742,0.0,0.0
2014-02-21 00:00:00+08:00,29.69349678281983,30.038768010240332,29.69349678281983,29.779813766479492,335397,0.0,0.0
2014-02-24 00:00:00+08:00,29.952451544464065,31.074588815350907,29.952451544464065,30.25456428527832,649299,0.0,0.0
2014-02-25 00:00:00+08:00,30.64300176181487,30.64300176181487,30.34088897705078,30.34088897705078,238447,0.0,0.0
2014-02-26 00:00:00+08:00,30.21140842729791,30.901954247079708,29.99561265281721,30.513521194458008,476056,0.0,0.0
2014-02-27 00:00:00+08:00,30.64299997625931,31.333545796041108,30.513521194458008,30.513521194458008,367646,0.0,0.0
2014-03-03 00:00:00+08:00,30.51352231376278,30.51352231376278,30.03877225104678,30.168251037597656,315614,0.0,0.0
2014-03-04 00:00:00+08:00,30.211407279368817,30.340886056250373,29.866132736206055,29.866132736206055,262281,0.0,0.0
2014-03-05 00:00:00+08:00,30.254568547984313,30.901955906184188,30.168251550670615,30.729318618774414,594049,0.0,0.0
2014-03-06 00:00:00+08:00,30.988274016797106,31.506182549818245,30.72931645750439,30.945112228393555,808749,0.0,0.0
2014-03-07 00:00:00+08:00,31.24722899761546,31.33354599083146,30.211408615112305,30.211408615112305,654488,0.0,0.0
2014-03-10 00:00:00+08:00,30.384044550950197,30.47036154034985,29.779815746806406,29.866132736206055,309768,0.0,0.0
2014-03-11 00:00:00+08:00,29.866136213536322,30.125093797450003,29.779819214086736,29.995615005493164,259671,0.0,0.0
2014-03-12 00:00:00+08:00,29.909291308523574,30.125087051607345,29.82297103562103,29.952449798583984,261388,0.0,0.0
2014-03-13 00:00:00+08:00,30.125088807550174,30.47036004094048,29.995610037040112,30.25456428527832,259387,0.0,0.0
2014-03-14 00:00:00+08:00,30.125091043314598,31.07459112158345,30.038770758974234,30.556682586669922,411347,0.0,0.0
2014-03-17 00:00:00+08:00,31.074590186550193,31.894614752807236,30.686157150661906,31.506181716918945,943982,0.0,0.0
2014-03-18 00:00:00+08:00,31.8082930268356,31.937771797180176,31.074588775634766,31.074588775634766,573585,0.0,0.0
2014-03-19 00:00:00+08:00,31.074590517094656,31.37670327445357,30.470361709594727,30.470361709594727,458018,0.0,0.0
2014-03-20 00:00:00+08:00,30.988276196280268,30.988276196280268,30.340888838080392,30.729318618774414,381926,0.0,0.0
2014-03-21 00:00:00+08:00,30.729318220107057,30.988275794253322,30.211409657379207,30.772480010986328,379475,0.0,0.0
2014-03-24 00:00:00+08:00,30.68615866336477,30.68615866336477,30.038771335898076,30.211408615112305,383476,0.0,0.0
2014-03-25 00:00:00+08:00,30.211410187704804,30.51352297246889,30.081931398358822,30.34088897705078,372090,0.0,0.0
2014-03-26 00:00:00+08:00,30.556684764105814,30.59984326296034,30.34088897705078,30.34088897705078,260313,0.0,0.0
2014-03-27 00:00:00+08:00,30.3408880570196,30.643000832622683,30.29772626669148,30.38404655456543,225024,0.0,0.0
2014-03-28 00:00:00+08:00,30.47036375665764,30.47036375665764,29.650339126586914,29.650339126586914,419371,0.0,0.0
2014-03-31 00:00:00+08:00,29.779819214086736,30.038773505217954,29.779819214086736,29.995615005493164,195010,0.0,0.0
2014-04-01 00:00:00+08:00,30.556685444184335,30.556685444184335,29.99561506824094,30.081932067871094,183027,0.0,0.0
2014-04-02 00:00:00+08:00,30.211407447175358,30.556681992255914,30.211407447175358,30.470361709594727,281435,0.0,0.0
2014-04-03 00:00:00+08:00,30.47036624154784,31.463028236709597,30.38404923883055,31.24723243713379,1660689,0.0,0.0
2014-04-07 00:00:00+08:00,31.074592832082132,32.88727609684065,30.94511404483552,32.283050537109375,2288499,0.0,0.0
2014-04-08 00:00:00+08:00,32.628315881297546,32.628315881297546,31.63565743313506,31.765132904052734,916701,0.0,0.0
2014-04-09 00:00:00+08:00,31.808301628882077,32.28305505334705,31.808301628882077,32.02409744262695,661507,0.0,0.0
2014-04-10 00:00:00+08:00,32.19673073956583,32.28305102997554,31.29038909334943,31.333547592163086,696845,0.0,0.0
2014-04-11 00:00:00+08:00,30.988276130482912,31.117751626178546,30.47036426935327,30.643001556396484,565380,0.0,0.0
2014-04-14 00:00:00+08:00,30.858791260979483,30.858791260979483,29.952449798583984,29.952449798583984,406687,0.0,0.0
2014-04-15 00:00:00+08:00,30.038774490356445,30.340890583902986,30.038774490356445,30.038774490356445,310273,0.0,0.0
2014-04-16 00:00:00+08:00,30.211407447175358,30.513520204534274,30.03877017463508,30.470361709594727,291369,0.0,0.0
2014-04-17 00:00:00+08:00,30.038772899504295,30.729318759523927,30.038772899504295,30.34088897705078,295769,0.0,0.0
2014-04-18 00:00:00+08:00,30.384048152141563,30.64300244381449,30.081932067871094,30.081932067871094,446724,0.0,0.0
2014-04-21 00:00:00+08:00,30.12509386046864,30.51352365158679,30.03877356805602,30.081932067871094,220266,0.0,0.0
2014-04-22 00:00:00+08:00,30.125094937896094,31.67882403628541,30.125094937896094,31.24723243713379,991728,0.0,0.0
2014-04-23 00:00:00+08:00,31.54933800705401,31.721975265695797,30.81563377380371,30.81563377380371,637521,0.0,0.0
2014-04-24 00:00:00+08:00,31.07459374559163,31.07459374559163,30.211410585991864,30.297727584838867,337947,0.0,0.0
2014-04-25 00:00:00+08:00,30.297726479195113,30.55668405185095,28.485043227298156,28.65768051147461,762679,0.0,0.0
2014-04-28 00:00:00+08:00,28.312408388038662,28.44188718554772,27.66502098605859,28.226091384887695,554301,0.0,0.0
2014-04-29 00:00:00+08:00,28.48504238260397,28.873475437286835,28.139767824489823,28.787155151367188,366431,0.0,0.0
2014-04-30 00:00:00+08:00,29.002947153866252,29.002947153866252,27.967130199842437,28.39872169494629,318600,0.0,0.0
2014-05-02 00:00:00+08:00,28.139767034098618,28.657678856722708,28.139767034098618,28.441883087158203,274753,0.0,0.0
2014-05-05 00:00:00+08:00,28.2260873175937,28.571358573227627,28.2260873175937,28.441883087158203,179096,0.0,0.0
2014-05-06 00:00:00+08:00,28.787155012050714,29.17558806485374,28.312404966527996,28.614521026611328,239859,0.0,0.0
2014-05-07 00:00:00+08:00,28.614521355370844,28.614521355370844,28.22608829810501,28.485042572021484,235047,0.0,0.0
2014-05-08 00:00:00+08:00,28.70083442440627,28.70083442440627,28.312401420256442,28.39872169494629,226746,0.0,0.0
2014-05-09 00:00:00+08:00,28.485039710998535,28.485039710998535,27.406060934066772,27.621856689453125,473401,0.0,0.0
2014-05-12 00:00:00+08:00,27.62185801107568,27.62185801107568,25.722854614257812,25.722854614257812,1261251,0.0,0.0
2014-05-13 00:00:00+08:00,25.72285625906398,26.327085100249104,25.46390198220815,25.93865203857422,536989,0.0,0.0
2014-05-14 00:00:00+08:00,25.938651418129044,25.938651418129044,24.600718275725,24.85967254638672,765536,0.0,0.0
2014-05-15 00:00:00+08:00,24.60072021223589,25.550222023389907,24.60072021223589,25.161788940429688,298389,0.0,0.0
2014-05-16 00:00:00+08:00,24.600717051275844,25.420741611541448,24.600717051275844,25.03230857849121,163284,0.0,0.0
2014-05-19 00:00:00+08:00,25.20494973104895,25.507062529530874,25.11863108302928,25.334426879882812,111625,0.0,0.0
2014-05-20 00:00:00+08:00,25.55021990197058,26.28392586087003,25.463901263325155,25.679697036743164,303163,0.0,0.0
2014-05-21 00:00:00+08:00,25.722855200114246,26.024969608269465,25.550219571447744,25.5933780670166,117266,0.0,0.0
2014-05-22 00:00:00+08:00,25.766017961642238,26.283928193078555,25.766017961642238,26.068132400512695,190999,0.0,0.0
2014-05-23 00:00:00+08:00,26.06812883187179,26.06812883187179,25.80917292840822,25.852333068847656,179913,0.0,0.0
2014-05-26 00:00:00+08:00,25.89549796184805,26.06813527348361,25.766020801317097,25.809179306030273,165363,0.0,0.0
2014-05-27 00:00:00+08:00,26.06812883187179,26.06812883187179,25.7660144343598,25.852333068847656,77402,0.0,0.0
2014-05-28 00:00:00+08:00,26.024969944933762,26.024969944933762,25.679697036743164,25.679697036743164,227758,0.0,0.0
2014-05-29 00:00:00+08:00,25.766020801317097,26.197612434014562,25.679702145499316,25.809179306030273,217137,0.0,0.0
2014-05-30 00:00:00+08:00,25.895492137915184,25.895492137915184,25.420742107276496,25.50705909729004,280940,0.0,0.0
2014-06-03 00:00:00+08:00,25.55022035085568,25.76601612806495,24.94599151611328,24.94599151611328,209382,0.0,0.0
2014-06-04 00:00:00+08:00,24.94599135282984,26.6723575592041,24.94599135282984,26.6723575592041,1339282,0.0,0.0
2014-06-05 00:00:00+08:00,27.19026789254457,27.923972216976523,26.84499497874286,27.276586532592773,1733326,0.0,0.0
2014-06-06 00:00:00+08:00,27.2765855340781,28.053449973291027,27.017629623413086,27.017629623413086,657895,0.0,0.0
2014-06-09 00:00:00+08:00,27.01762753335443,27.14710630186611,26.54287753678138,26.629196166992188,296410,0.0,0.0
2014-06-10 00:00:00+08:00,26.758678436279297,27.01763273033195,26.542882642438332,26.758678436279297,165693,0.0,0.0
2014-06-11 00:00:00+08:00,26.844994694926655,27.06079046957013,26.15444722823287,26.283926010131836,343748,0.0,0.0
2014-06-12 00:00:00+08:00,26.283923862737993,26.586036605443397,26.111286598571215,26.499719619750977,235000,0.0,0.0
2014-06-13 00:00:00+08:00,26.758675718119896,26.758675718119896,26.197607040405273,26.197607040405273,191380,0.0,0.0
2014-06-16 00:00:00+08:00,26.240767177828975,26.499723108168034,26.240767177828975,26.41340446472168,120093,0.0,0.0
2014-06-17 00:00:00+08:00,26.586036751203366,26.586036751203366,25.981809616088867,25.981809616088867,253765,0.0,0.0
2014-06-18 00:00:00+08:00,25.9818137542081,26.413405339339825,25.809176461598916,26.068132400512695,218322,0.0,0.0
2014-06-19 00:00:00+08:00,26.06813527348361,26.06813527348361,25.59338348968154,25.809179306030273,316135,0.0,0.0
2014-06-20 00:00:00+08:00,25.809173501510593,25.895492137915184,25.463900602283267,25.50705909729004,208758,0.0,0.0
2014-06-23 00:00:00+08:00,25.593378847741086,25.89549326511229,24.643877098742077,24.94599151611328,315202,0.0,0.0
2014-06-24 00:00:00+08:00,24.945990526423167,24.945990526423167,24.643876121037845,24.90283203125,259225,0.0,0.0
2014-06-25 00:00:00+08:00,24.859672875951347,25.377583070531816,24.687037242018604,24.94599151611328,185346,0.0,0.0
2014-06-26 00:00:00+08:00,24.945990929352618,25.377582473619587,24.945990929352618,25.075468063354492,205502,0.0,0.0
2014-06-27 00:00:00+08:00,24.94599151611328,25.075468653160616,24.94599151611328,24.94599151611328,141093,0.0,0.0
2014-06-30 00:00:00+08:00,24.773354320718397,25.03230857849121,24.773354320718397,25.03230857849121,244000,0.0,0.0
2014-07-01 00:00:00+08:00,25.204948097993395,25.29126509402922,25.075469311157327,25.118629455566406,194828,0.0,0.0
2014-07-02 00:00:00+08:00,25.55021874042785,25.55021874042785,25.03230857849121,25.03230857849121,449623,0.0,0.0
2014-07-03 00:00:00+08:00,25.075465841674532,25.377580225172366,24.945988719144296,25.204944610595703,210236,0.0,0.0
2014-07-04 00:00:00+08:00,25.377581223080572,25.59337698458022,25.248104095458984,25.248104095458984,194439,0.0,0.0
2014-07-07 00:00:00+08:00,25.377582473619587,25.377582473619587,24.859672291221006,25.075468063354492,136938,0.0,0.0
2014-07-08 00:00:00+08:00,25.075467658333714,25.075467658333714,24.816513394512615,24.90283203125,156550,0.0,0.0
2014-07-09 00:00:00+08:00,24.945990526423167,25.161786295071103,24.85967188968578,24.90283203125,162953,0.0,0.0
2014-07-10 00:00:00+08:00,24.945989943769934,25.161785707377618,24.816512814883527,25.03230857849121,141627,0.0,0.0
2014-07-11 00:00:00+08:00,25.032307030690426,25.032307030690426,24.169124029632133,24.298601150512695,418638,0.0,0.0
2014-07-14 00:00:00+08:00,24.341765600257986,24.341765600257986,23.435422300764163,23.564899444580078,482320,0.0,0.0
2014-07-15 00:00:00+08:00,23.564897285480928,23.99648882291751,23.564897285480928,23.78069305419922,245905,0.0,0.0
2014-07-16 00:00:00+08:00,23.780694366982903,24.643877489507016,23.780694366982903,24.12596893310547,365877,0.0,0.0
2014-07-17 00:00:00+08:00,24.514400015729294,24.514400015729294,23.99648982000725,24.039649963378906,93860,0.0,0.0
2014-07-18 00:00:00+08:00,23.823854839464918,24.03965062307168,23.651217554023038,23.996490478515625,144794,0.0,0.0
2014-07-21 00:00:00+08:00,23.996488903836948,24.384921947396144,23.996488903836948,24.082807540893555,92752,0.0,0.0
2014-07-22 00:00:00+08:00,24.082806307724788,24.687035089790214,24.082806307724788,24.255443572998047,206296,0.0,0.0
2014-07-23 00:00:00+08:00,24.255443572998047,24.255443572998047,24.255443572998047,24.255443572998047,0,0.0,0.0
2014-07-24 00:00:00+08:00,24.341763452063372,24.384921947396144,23.910171913171407,24.082807540893555,166927,0.0,0.0
2014-07-25 00:00:00+08:00,24.16912769719402,24.16912769719402,23.910173416137695,23.910173416137695,123506,0.0,0.0
2014-07-28 00:00:00+08:00,23.910173482185858,24.03965062307168,23.910173482185858,23.996490478515625,80980,0.0,0.0
2014-07-29 00:00:00+08:00,23.99648882291751,24.42808036035409,23.78069305419922,23.78069305419922,153690,0.0,0.0
2014-07-30 00:00:00+08:00,23.86701228101126,23.86701228101126,23.43542073290476,23.651216506958008,271675,0.0,0.0
2014-07-31 00:00:00+08:00,23.56490036789803,23.780696164843587,23.435423219008953,23.52174186706543,172129,0.0,0.0
2014-08-01 00:00:00+08:00,22.874352420904888,23.305943976016298,22.529079506093982,22.831193923950195,363259,0.0,0.0
2014-08-04 00:00:00+08:00,22.6153989433677,22.831194728528114,22.140647228180082,22.183807373046875,413122,0.0,0.0
2014-08-05 00:00:00+08:00,22.22696514360136,22.22696514360136,21.57957780932171,21.709054946899414,437244,0.0,0.0
2014-08-06 00:00:00+08:00,21.579576755328063,21.752214027927106,20.284802150008378,20.457439422607422,599237,0.0,0.0
2014-08-07 00:00:00+08:00,20.716392517089844,21.14798402786255,20.63007388565711,20.716392517089844,227344,0.0,0.0
2014-08-08 00:00:00+08:00,20.716394952002993,20.716394952002993,20.112166107346447,20.28480339050293,240855,0.0,0.0
2014-08-11 00:00:00+08:00,20.371123070516553,20.759554507832544,20.371123070516553,20.630077362060547,127406,0.0,0.0
2014-08-12 00:00:00+08:00,20.716392615529514,21.49325700933368,20.630073983686614,21.01850700378418,254456,0.0,0.0
2014-08-13 00:00:00+08:00,20.88903243027618,21.40694099180093,20.759553643503832,20.97534942626953,192523,0.0,0.0
2014-08-14 00:00:00+08:00,21.32062392805142,21.363782425910937,20.8890323638916,20.8890323638916,127501,0.0,0.0
2014-08-15 00:00:00+08:00,21.01850690390893,21.01850690390893,20.457438269182603,20.716392517089844,129584,0.0,0.0
2014-08-18 00:00:00+08:00,20.759554457827416,20.759554457827416,20.284804375676583,20.32796287536621,210653,0.0,0.0
2014-08-19 00:00:00+08:00,20.371123070516553,20.673237508245368,20.327962924331732,20.630077362060547,122766,0.0,0.0
2014-08-20 00:00:00+08:00,20.63007821311518,20.63007821311518,19.896372161617908,19.982690811157227,243549,0.0,0.0
2014-08-21 00:00:00+08:00,19.982689663844923,20.02584980933218,18.731075079756167,19.033187866210938,602360,0.0,0.0
2014-08-22 00:00:00+08:00,19.076346021788396,19.89636894381281,19.076346021788396,19.85321044921875,332921,0.0,0.0
2014-08-25 00:00:00+08:00,19.853211506463914,20.41428019802054,19.853211506463914,20.198484420776367,256025,0.0,0.0
2014-08-26 00:00:00+08:00,20.19848661180988,20.19848661180988,19.853213660043895,19.982690811157227,178232,0.0,0.0
2014-08-27 00:00:00+08:00,20.112164794745194,20.284802066634672,19.85321053330202,20.155324935913086,212415,0.0,0.0
2014-08-28 00:00:00+08:00,20.41428216632079,20.845873762422247,20.284805016768605,20.500600814819336,560483,0.0,0.0
2014-08-29 00:00:00+08:00,20.588773727416992,20.809210273359792,20.500598772680398,20.588773727416992,240288,0.5,0.0
2014-09-01 00:00:00+08:00,20.8532969098294,20.8532969098294,20.456512136210787,20.588773727416992,173432,0.0,0.0
2014-09-02 00:00:00+08:00,20.456512091025076,20.63286031831136,20.280162181941417,20.54468536376953,158881,0.0,0.0
2014-09-03 00:00:00+08:00,20.54468393893295,20.54468393893295,20.32424740876501,20.368335723876953,116121,0.0,0.0
2014-09-04 00:00:00+08:00,21.779132843017578,21.779132843017578,21.779132843017578,21.779132843017578,258956,0.0,0.0
2014-09-05 00:00:00+08:00,23.278099060058594,23.278099060058594,23.278099060058594,23.278099060058594,471753,0.0,0.0
2014-09-09 00:00:00+08:00,24.865245819091797,24.865245819091797,24.865245819091797,24.865245819091797,955790,0.0,0.0
2014-09-10 00:00:00+08:00,26.18786334336263,26.58464813232422,25.791076872603597,26.58464813232422,6830976,0.0,0.0
2014-09-11 00:00:00+08:00,27.775004009867825,28.43631362915039,27.11369439058526,28.43631362915039,7675129,0.0,0.0
2014-09-12 00:00:00+08:00,28.43631700259536,29.847109678991526,27.907268908048035,29.53849983215332,7957186,0.0,0.0
2014-09-15 00:00:00+08:00,29.49441009524071,29.803019909679733,28.436314017229506,29.14171028137207,4831029,0.0,0.0
2014-09-16 00:00:00+08:00,29.00945370152915,29.803023328371548,28.480403920039127,29.362150192260742,3796152,0.0,0.0
2014-09-17 00:00:00+08:00,29.89120120279413,31.390167236328125,29.89120120279413,31.390167236328125,4800061,0.0,0.0
2014-09-18 00:00:00+08:00,32.09556268092848,32.1396493177363,29.891197204589844,29.891197204589844,4739692,0.0,0.0
2014-09-19 00:00:00+08:00,29.89119525985128,31.83103406194641,29.185795662440796,31.742860794067383,4512803,0.0,0.0
2014-09-22 00:00:00+08:00,31.03746422145207,33.682702592082734,31.03746422145207,32.9773063659668,5663346,0.0,0.0
2014-09-23 00:00:00+08:00,32.977310933668825,33.418184056506135,30.684768676757812,30.684768676757812,4876826,0.0,0.0
2014-09-24 00:00:00+08:00,30.023455608927534,31.03746502261482,29.626669170371876,30.59659194946289,3128403,0.0,0.0
2014-09-25 00:00:00+08:00,31.03746753111034,31.03746753111034,28.92127526350934,29.45032501220703,2994560,0.0,0.0
2014-09-26 00:00:00+08:00,29.18579938639196,30.861118598611736,29.18579938639196,30.684768676757812,2618774,0.0,0.0
2014-09-29 00:00:00+08:00,30.68476685920262,31.390163141240482,30.06754385107145,30.7729434967041,1857873,0.0,0.0
2014-09-30 00:00:00+08:00,30.77294293376829,31.125639386537877,29.185797123723603,30.11163330078125,2795230,0.0,0.0
2014-10-01 00:00:00+08:00,30.420243117403977,31.037466114244165,29.714846848270078,30.11163330078125,2416637,0.0,0.0
2014-10-02 00:00:00+08:00,29.97936770064919,31.125636969425702,29.80301780616177,30.332067489624023,2546507,0.0,0.0
2014-10-03 00:00:00+08:00,30.596593025586134,30.77294293376829,30.11163330078125,30.11163330078125,1374703,0.0,0.0
2014-10-06 00:00:00+08:00,30.596599729015246,32.18374252319336,30.50842307380812,32.18374252319336,3056883,0.0,0.0
2014-10-07 00:00:00+08:00,32.58052221654432,32.97730867261161,29.935283660888672,29.935283660888672,8104235,0.0,0.0
2014-10-08 00:00:00+08:00,29.009451225658243,29.49441096127123,27.86318016052246,27.86318016052246,4077508,0.0,0.0
2014-10-09 00:00:00+08:00,28.171790643116886,28.392227184356308,26.276035043019995,26.45238494873047,3579658,0.0,0.0
2014-10-13 00:00:00+08:00,25.482466252143535,26.011514337745314,24.777069925872834,25.30611801147461,2126667,0.0,0.0
2014-10-14 00:00:00+08:00,25.57064076261796,26.716910193050808,25.57064076261796,26.364212036132812,1928006,0.0,0.0
2014-10-15 00:00:00+08:00,25.835162744896433,26.23194920389276,25.1297664642334,25.1297664642334,1372810,0.0,0.0
2014-10-16 00:00:00+08:00,24.688894271850586,25.350203939846583,23.454449894617547,24.688894271850586,1198200,0.0,0.0
2014-10-17 00:00:00+08:00,25.12976900843936,25.217943972898663,23.10175323486328,23.10175323486328,1260762,0.0,0.0
2014-10-20 00:00:00+08:00,23.983500113823176,23.983500113823176,23.454451995674592,23.630800247192383,757412,0.0,0.0
2014-10-21 00:00:00+08:00,23.763063538077734,24.248023331998663,23.454451995674592,23.630800247192383,555786,0.0,0.0
2014-10-22 00:00:00+08:00,24.15984404746716,24.248018998366135,22.440440073025037,22.925399780273438,1902321,0.0,0.0
2014-10-23 00:00:00+08:00,22.925399950278454,23.10174985338414,21.646867357255537,21.911392211914062,1278188,0.0,0.0
2014-10-24 00:00:00+08:00,22.043655395507812,22.572703461359488,21.867305479624775,22.043655395507812,1024455,0.0,0.0
2014-10-27 00:00:00+08:00,22.396354962410864,22.396354962410864,20.500600814819336,20.500600814819336,971223,0.0,0.0
2014-10-28 00:00:00+08:00,20.72103395588243,21.3382569166489,20.72103395588243,21.20599365234375,620300,0.0,0.0
2014-10-29 00:00:00+08:00,21.250083873685767,22.352266629771155,21.250083873685767,22.22000503540039,989266,0.0,0.0
2014-10-30 00:00:00+08:00,22.220003653720347,22.220003653720347,21.735042262120103,21.8673038482666,437050,0.0,0.0
2014-10-31 00:00:00+08:00,22.043655258062365,22.308178448440145,21.690957110292853,22.1318302154541,478986,0.0,0.0
2014-11-03 00:00:00+08:00,22.220004229121745,23.10175040199487,22.04365432182818,22.528614044189453,1116265,0.0,0.0
2014-11-04 00:00:00+08:00,22.837227805443607,22.92540276783324,22.352268034996914,22.39635467529297,426014,0.0,0.0
2014-11-05 00:00:00+08:00,22.572704124199326,22.572704124199326,21.779132843017578,21.779132843017578,603024,0.0,0.0
2014-11-06 00:00:00+08:00,21.867306737749374,21.999570023170076,21.294172000850637,21.470521926879883,442648,0.0,0.0
2014-11-07 00:00:00+08:00,21.911394259107485,21.955480898104284,21.514607780946378,21.823219299316406,304300,0.0,0.0
2014-11-10 00:00:00+08:00,22.572704671081368,23.322189331054688,22.572704671081368,23.322189331054688,2575588,0.0,0.0
2014-11-11 00:00:00+08:00,23.674884796142578,24.027582924733323,23.366273302951672,23.674884796142578,2273005,0.0,0.0
2014-11-12 00:00:00+08:00,23.71897280561441,23.71897280561441,22.969488187817085,23.01357650756836,873005,0.0,0.0
2014-11-13 00:00:00+08:00,23.013577802618904,23.586712537258197,23.013577802618904,23.322189331054688,530135,0.0,0.0
2014-11-14 00:00:00+08:00,23.76306198861807,23.983498549990045,23.322188865874114,23.542625427246094,868543,0.0,0.0
2014-11-17 00:00:00+08:00,23.895322204714127,24.115758753315184,23.189924240112305,23.189924240112305,678008,0.0,0.0
2014-11-18 00:00:00+08:00,23.278099616154375,23.71897272131562,22.043655258062365,22.1318302154541,701011,0.0,0.0
2014-11-19 00:00:00+08:00,22.396355003672785,22.6608798947202,22.220006758105388,22.26409339904785,313526,0.0,0.0
2014-11-20 00:00:00+08:00,22.660879135131836,22.749052414061207,22.44044257421342,22.660879135131836,330221,0.0,0.0
2014-11-21 00:00:00+08:00,22.881316226969496,24.203935623168945,22.749052941911525,24.203935623168945,2434217,0.0,0.0
2014-11-24 00:00:00+08:00,24.42436905068704,24.821153809481782,23.807146072387695,23.807146072387695,1801841,0.0,0.0
2014-11-25 00:00:00+08:00,23.895324094362902,24.203935623168945,23.718974168817297,24.203935623168945,580367,0.0,0.0
2014-11-26 00:00:00+08:00,24.336195619743073,25.87925148010254,24.2039340252146,25.87925148010254,2703076,0.0,0.0
2014-11-27 00:00:00+08:00,25.879250877932932,25.879250877932932,25.173852920532227,25.173852920532227,2068989,0.0,0.0
2014-11-28 00:00:00+08:00,25.173854226754827,25.74699062244352,24.86524439128857,25.482465744018555,1112266,0.0,0.0
2014-12-01 00:00:00+08:00,25.129768089008184,26.099689298978525,24.33619680150427,25.30611801147461,1333742,0.0,0.0
2014-12-02 00:00:00+08:00,25.1297664642334,25.1297664642334,25.1297664642334,25.1297664642334,1764480,0.0,0.0
2014-12-03 00:00:00+08:00,25.967426300048828,25.967426300048828,25.967426300048828,25.967426300048828,3485390,0.0,0.0
2014-12-04 00:00:00+08:00,25.26202964782715,25.26202964782715,25.26202964782715,25.26202964782715,2206012,0.0,0.0
2014-12-05 00:00:00+08:00,25.04159137406339,25.79107596936158,25.04159137406339,25.217941284179688,733255,0.0,0.0
2014-12-08 00:00:00+08:00,25.350203149422164,25.614726335653693,25.04159164428711,25.04159164428711,451477,0.0,0.0
2014-12-09 00:00:00+08:00,26.011511304481274,26.760995864868164,25.39428832962212,26.760995864868164,3578242,0.0,0.0
2014-12-10 00:00:00+08:00,26.76099995717991,26.76099995717991,25.61472878312389,25.702903747558594,2011271,0.0,0.0
2014-12-11 00:00:00+08:00,25.12976632912154,25.61472605924528,25.04159137406339,25.217941284179688,1060072,0.0,0.0
2014-12-12 00:00:00+08:00,25.48246588403173,26.1437755610315,25.217942685950813,25.394290924072266,1230018,0.0,0.0
2014-12-15 00:00:00+08:00,25.394290924072266,25.835164042072112,25.085681086910352,25.394290924072266,821100,0.0,0.0
2014-12-16 00:00:00+08:00,25.394288751782685,25.70290024434269,25.350202116472968,25.57063865661621,585636,0.0,0.0
2014-12-17 00:00:00+08:00,25.394289512498602,25.746989332731196,25.08567969249116,25.217941284179688,477788,0.0,0.0
2014-12-18 00:00:00+08:00,25.394289466882938,25.65881433158222,25.129766283981038,25.173852920532227,489704,0.0,0.0
2014-12-19 00:00:00+08:00,25.394290212244485,25.835163317886213,23.983497619628906,23.983497619628906,1343100,0.0,0.0
2014-12-22 00:00:00+08:00,24.248021159853252,24.77706923060954,24.115759562613544,24.688894271850586,482204,0.0,0.0
2014-12-23 00:00:00+08:00,24.95341524196332,26.276034460056017,24.732978705614535,25.791074752807617,1634271,0.0,0.0
2014-12-24 00:00:00+08:00,26.09968789387948,26.320124444196374,25.526553199415044,25.967426300048828,948454,0.0,0.0
2014-12-25 00:00:00+08:00,25.967426392554312,26.276036218659414,25.79107647895361,25.835163116455078,518590,0.0,0.0
2014-12-26 00:00:00+08:00,25.83516138735845,26.099686240055373,25.74698811825678,25.791074752807617,339655,0.0,0.0
2014-12-29 00:00:00+08:00,25.9233393765121,26.011514337745314,25.30611801147461,25.30611801147461,683764,0.0,0.0
2014-12-30 00:00:00+08:00,25.306117969268975,25.526554531085615,25.21794300818282,25.26202964782715,315600,0.0,0.0
2014-12-31 00:00:00+08:00,25.30611619378056,25.35020283033175,24.95341637418152,25.173852920532227,365005,0.0,0.0
2015-01-05 00:00:00+08:00,25.04159137406339,25.394289512498602,25.04159137406339,25.217941284179688,190003,0.0,0.0
2015-01-06 00:00:00+08:00,24.953415807295137,25.04159076019176,24.336194500613477,24.512542724609375,502926,0.0,0.0
2015-01-07 00:00:00+08:00,24.071671242335338,24.8652441893685,24.071671242335338,24.688894271850586,376681,0.0,0.0
2015-01-08 00:00:00+08:00,25.262028238470997,25.52655310697175,24.95341673278549,25.08568000793457,606507,0.0,0.0
2015-01-09 00:00:00+08:00,25.21794399544679,25.350205601355217,24.865245819091797,24.865245819091797,323236,0.0,0.0
2015-01-12 00:00:00+08:00,24.865242536195858,24.99750412464212,24.46845608905974,24.512542724609375,393789,0.0,0.0
2015-01-13 00:00:00+08:00,24.777067630015342,24.777067630015342,24.468456135193964,24.556631088256836,235323,0.0,0.0
2015-01-14 00:00:00+08:00,24.512542724609375,24.865242536195858,24.512542724609375,24.512542724609375,297500,0.0,0.0
2015-01-15 00:00:00+08:00,24.600717544555664,24.777067449395854,24.51254259213557,24.600717544555664,208600,0.0,0.0
2015-01-16 00:00:00+08:00,24.77706887342453,24.77706887342453,23.983497619628906,23.983497619628906,399188,0.0,0.0
2015-01-19 00:00:00+08:00,24.51254124576577,24.556629560452905,23.18992207750221,23.36627197265625,407003,0.0,0.0
2015-01-20 00:00:00+08:00,23.63079962900035,23.983499486404362,23.63079962900035,23.939411163330078,333100,0.0,0.0
2015-01-21 00:00:00+08:00,23.939411789595525,24.159848365340967,23.454451995674592,23.630800247192383,265247,0.0,0.0
2015-01-22 00:00:00+08:00,23.939408492165654,24.865242991850025,23.674885310425765,24.29210662841797,1101991,0.0,0.0
2015-01-23 00:00:00+08:00,24.51254173789217,24.732978270361695,24.071668672953123,24.11575698852539,407501,0.0,0.0
2015-01-26 00:00:00+08:00,23.983497619628906,24.20393417244977,23.71897274716541,23.983497619628906,237101,0.0,0.0
2015-01-27 00:00:00+08:00,24.071669425759705,24.159844377864513,23.763059616088867,23.763059616088867,253623,0.0,0.0
2015-01-28 00:00:00+08:00,23.674887952074634,24.248022697659806,23.674887952074634,23.939411163330078,341312,0.0,0.0
2015-01-29 00:00:00+08:00,24.027583051676956,24.8211542656481,24.027583051676956,24.556631088256836,988633,0.0,0.0
2015-01-30 00:00:00+08:00,24.821156665451582,24.821156665451582,24.248021937826103,24.336196899414062,337462,0.0,0.0
2015-02-02 00:00:00+08:00,24.248022263656583,24.688895395723065,24.15984730088378,24.203935623168945,266024,0.0,0.0
2015-02-03 00:00:00+08:00,24.468456537442812,24.512543173800335,24.159845037548024,24.29210662841797,191001,0.0,0.0
2015-02-04 00:00:00+08:00,24.68889326615767,24.821154858009752,24.24802017211914,24.24802017211914,284908,0.0,0.0
2015-02-05 00:00:00+08:00,24.15984567026143,24.336195583904637,23.98349743841564,24.027584075927734,187059,0.0,0.0
2015-02-06 00:00:00+08:00,24.0716709897205,24.336195863221374,23.807147798017063,23.851234436035156,165410,0.0,0.0
2015-02-09 00:00:00+08:00,23.763059882382116,23.8071465180299,23.542623340548506,23.58670997619629,190505,0.0,0.0
2015-02-10 00:00:00+08:00,23.674884929289203,23.8071465180299,23.101750256881285,23.58670997619629,294003,0.0,0.0
2015-02-11 00:00:00+08:00,23.234013813618215,23.410362052943963,22.572704132102313,22.616790771484375,728529,0.0,0.0
2015-02-12 00:00:00+08:00,22.616789451047286,22.616789451047286,22.131829718968046,22.308177947998047,269141,0.0,0.0
2015-02-13 00:00:00+08:00,22.396352633539422,22.704964132869947,22.396352633539422,22.484527587890625,186994,0.0,0.0
2015-02-24 00:00:00+08:00,22.572701918349953,22.881313409150696,22.572701918349953,22.74905014038086,170877,0.0,0.0
2015-02-25 00:00:00+08:00,22.74905005569713,22.88131332397461,22.74905005569713,22.88131332397461,114801,0.0,0.0
2015-02-26 00:00:00+08:00,22.925402009688742,22.96948864852685,22.793140411376953,22.793140411376953,162900,0.0,0.0
2015-03-02 00:00:00+08:00,22.749051908906885,22.83722686767578,22.704965270421166,22.83722686767578,111401,0.0,0.0
2015-03-03 00:00:00+08:00,22.74905014038086,22.837225092294975,22.66087687026407,22.74905014038086,145234,0.0,0.0
2015-03-04 00:00:00+08:00,22.749051455229335,23.45444942951549,22.749051455229335,23.057662963867188,360997,0.0,0.0
2015-03-05 00:00:00+08:00,22.969488006856743,23.189924558484147,22.92540136925023,23.057662963867188,174316,0.0,0.0
2015-03-06 00:00:00+08:00,23.189925583612933,23.718973667265175,23.189925583612933,23.542625427246094,359313,0.0,0.0
2015-03-09 00:00:00+08:00,23.674883876303596,24.556630004420697,23.49853397796127,24.07166862487793,848653,0.0,0.0
2015-03-10 00:00:00+08:00,24.688892223216868,24.688892223216868,23.807146072387695,23.807146072387695,411134,0.0,0.0
2015-03-11 00:00:00+08:00,23.895321336736462,24.248019465327207,23.6307964789454,23.674884796142578,533142,0.0,0.0
2015-03-12 00:00:00+08:00,23.674884929289203,23.939408106770596,23.58670997619629,23.58670997619629,266693,0.0,0.0
2015-03-13 00:00:00+08:00,23.807147704653243,23.983497619628906,23.63079778967758,23.983497619628906,327733,0.0,0.0
2015-03-16 00:00:00+08:00,23.983497619628906,23.983497619628906,23.983497619628906,23.983497619628906,0,0.0,0.0
2015-03-17 00:00:00+08:00,23.983496560110222,23.983496560110222,23.49853515625,23.49853515625,199300,0.0,0.0
2015-03-18 00:00:00+08:00,23.542623654218882,23.763060198989482,23.454448699951172,23.454448699951172,201927,0.0,0.0
2015-03-19 00:00:00+08:00,23.4985371058932,23.67488702770978,23.366275505429513,23.542625427246094,214354,0.0,0.0
2015-03-20 00:00:00+08:00,23.542624513987178,24.3361957677828,23.542624513987178,23.983497619628906,370912,0.0,0.0
2015-03-23 00:00:00+08:00,24.248020627083033,24.60071877257203,23.98349743841564,24.027584075927734,563270,0.0,0.0
2015-03-24 00:00:00+08:00,23.80715018050778,24.115761722910918,23.586713604762338,23.630800247192383,178817,0.0,0.0
2015-03-25 00:00:00+08:00,23.366276115022604,23.807149249268313,23.2340145111084,23.2340145111084,193903,0.0,0.0
2015-03-26 00:00:00+08:00,22.837223968991378,23.36627197265625,22.749049021414358,23.36627197265625,262377,0.0,0.0
2015-03-27 00:00:00+08:00,23.101750966109798,23.278099195912205,22.79313946170884,23.189924240112305,253491,0.0,0.0
2015-03-30 00:00:00+08:00,22.925404076437346,23.145840654095398,22.660880855966735,22.704967498779297,222127,0.0,0.0
2015-03-31 00:00:00+08:00,22.83722599868283,22.83722599868283,22.308177947998047,22.308177947998047,231666,0.0,0.0
2015-04-01 00:00:00+08:00,22.30817943135518,22.61679095492519,22.220006151875893,22.572704315185547,249666,0.0,0.0
2015-04-02 00:00:00+08:00,22.57270332061535,22.704964915804236,22.1318302154541,22.1318302154541,238701,0.0,0.0
2015-04-07 00:00:00+08:00,22.220004990986673,22.35226658509307,22.17591667175293,22.17591667175293,169926,0.0,0.0
2015-04-08 00:00:00+08:00,22.17591667175293,22.572703135869535,22.17591667175293,22.17591667175293,123263,0.0,0.0
2015-04-09 00:00:00+08:00,22.220006432311227,22.528616277978657,22.220006432311227,22.39635467529297,160435,0.0,0.0
2015-04-10 00:00:00+08:00,22.39635567227775,22.39635567227775,21.999570846557617,21.999570846557617,274524,0.0,0.0
2015-04-13 00:00:00+08:00,22.13183035344933,22.220005311390853,21.999568757435775,22.043655395507812,132770,0.0,0.0
2015-04-14 00:00:00+08:00,22.308178310449286,22.308178310449286,22.08774175923221,22.22000503540039,86898,0.0,0.0
2015-04-15 00:00:00+08:00,22.13183035344933,22.308178587534933,22.043655395507812,22.043655395507812,219965,0.0,0.0
2015-04-16 00:00:00+08:00,22.08774185180664,22.352266723454264,22.043655214097416,22.08774185180664,145212,0.0,0.0
2015-04-17 00:00:00+08:00,22.264090927279724,22.264090927279724,21.55869465972842,21.602781295776367,301036,0.0,0.0
2015-04-20 00:00:00+08:00,21.338259959802404,21.38234659966002,20.721036911010742,20.721036911010742,469875,0.0,0.0
2015-04-21 00:00:00+08:00,20.72103667742733,20.897386598464852,19.795203796474038,19.883377075195312,602239,0.0,0.0
2015-04-22 00:00:00+08:00,19.57476769820102,19.883377544606184,19.57476769820102,19.662940979003906,535567,0.0,0.0
2015-04-23 00:00:00+08:00,19.707028245701288,20.236076311170624,19.707028245701288,20.191987991333008,295366,0.0,0.0
2015-04-24 00:00:00+08:00,20.191987854001205,20.544686001316144,20.191987854001205,20.280162811279297,176960,0.0,0.0
2015-04-27 00:00:00+08:00,20.280161164272414,20.368336114389578,19.927463045601048,20.103811264038086,164975,0.0,0.0
2015-04-28 00:00:00+08:00,20.103813635593475,20.280163556631003,19.839290435834677,19.883377075195312,166335,0.0,0.0
2015-04-29 00:00:00+08:00,20.015639395002534,20.10381266948656,19.35432974558788,19.486591339111328,280434,0.0,0.0
2015-04-30 00:00:00+08:00,19.530681954324542,19.662943574786784,19.266158713400067,19.398420333862305,248586,0.0,0.0
2015-05-04 00:00:00+08:00,19.48659179791489,19.574766756272368,19.22206692284246,19.266155242919922,119919,0.0,0.0
2015-05-05 00:00:00+08:00,19.486592411796117,19.486592411796117,18.91345768711336,18.957544326782227,198099,0.0,0.0
2015-05-06 00:00:00+08:00,18.781192825428963,18.913456096910146,18.428494692339648,18.825281143188477,231711,0.0,0.0
2015-05-07 00:00:00+08:00,18.604845365881964,18.69302032323445,18.472583770751953,18.472583770751953,170021,0.0,0.0
2015-05-08 00:00:00+08:00,18.648935165636665,18.78119678319199,18.648935165636665,18.737110137939453,140204,0.0,0.0
2015-05-11 00:00:00+08:00,18.78119361078356,18.78119361078356,17.458574295043945,17.458574295043945,627768,0.0,0.0
2015-05-12 00:00:00+08:00,16.8413538601813,17.28222698907716,16.268219128976188,17.017702102661133,890375,0.0,0.0
2015-05-13 00:00:00+08:00,16.92952684026631,17.28222496573075,16.75317693663543,17.14996337890625,354415,0.0,0.0
2015-05-14 00:00:00+08:00,17.14996557255002,17.14996557255002,16.753179079526433,16.973615646362305,179309,0.0,0.0
2015-05-15 00:00:00+08:00,16.973614190754137,16.973614190754137,16.665002687290038,16.753177642822266,208445,0.0,0.0
2015-05-18 00:00:00+08:00,16.75317801891918,16.929527933942563,15.606908616659469,15.650995254516602,468427,0.0,0.0
2015-05-19 00:00:00+08:00,15.65099373652013,16.04778016593955,15.65099373652013,15.95960521697998,285792,0.0,0.0
2015-05-20 00:00:00+08:00,16.04778012121162,16.62091476515548,15.871430223784003,16.4886531829834,312116,0.0,0.0
2015-05-21 00:00:00+08:00,16.312307207819064,16.753180375597957,16.22413223790375,16.400482177734375,205101,0.0,0.0
2015-05-22 00:00:00+08:00,16.40047751303614,17.01769876329512,16.40047751303614,16.841350555419922,244885,0.0,0.0
2015-05-25 00:00:00+08:00,16.84135404262029,17.14996557255002,16.84135404262029,16.973615646362305,158248,0.0,0.0
2015-05-26 00:00:00+08:00,17.017700508990625,17.06178882682995,16.709090693102176,16.885438919067383,167576,0.0,0.0
2015-05-27 00:00:00+08:00,16.709090255871807,17.370399869980762,16.709090255871807,17.10587501525879,231726,0.0,0.0
2015-05-28 00:00:00+08:00,17.723099824837938,17.723099824837938,17.149965103112315,17.19405174255371,274411,0.0,0.0
2015-05-29 00:00:00+08:00,17.1940501468067,17.1940501468067,16.885438653966087,17.06178855895996,221634,0.0,0.0
2015-06-01 00:00:00+08:00,17.061788872995965,17.238137099438337,16.753177374475108,16.929527282714844,138294,0.0,0.0
2015-06-02 00:00:00+08:00,16.929527282714844,17.28222541739695,16.841352328594976,16.929527282714844,102557,0.0,0.0
2015-06-03 00:00:00+08:00,17.017700966077033,17.017700966077033,16.665002822875977,16.665002822875977,142648,0.0,0.0
2015-06-04 00:00:00+08:00,16.753177680184514,16.753177680184514,15.606908301101374,15.783256530761719,349100,0.0,0.0
2015-06-05 00:00:00+08:00,15.871430397033691,16.003691980649517,15.606907229802044,15.871430397033691,210696,0.0,0.0
2015-06-08 00:00:00+08:00,15.783256284159828,15.783256284159828,14.98968505859375,14.98968505859375,341377,0.0,0.0
2015-06-09 00:00:00+08:00,14.989684164197985,15.166034062378046,13.490715915957914,13.53480339050293,816075,0.0,0.0
2015-06-10 00:00:00+08:00,13.534803962975488,14.460636763086962,13.534803962975488,14.196113586425781,287200,0.0,0.0
2015-06-11 00:00:00+08:00,14.284288864730348,14.636987002247697,14.107938955072983,14.460637092590332,303100,0.0,0.0
2015-06-12 00:00:00+08:00,14.28429087003963,15.695083618164062,14.28429087003963,15.695083618164062,437676,0.0,0.0
2015-06-15 00:00:00+08:00,15.959605991233186,16.576827300299065,15.871431037995961,16.003692626953125,427411,0.0,0.0
2015-06-16 00:00:00+08:00,16.003694865514262,16.003694865514262,15.430560111999512,15.430560111999512,256687,0.0,0.0
2015-06-17 00:00:00+08:00,15.47464675388619,15.739171650599019,15.342385146428569,15.430560111999512,218188,0.0,0.0
2015-06-18 00:00:00+08:00,15.69508288599522,16.973615646362305,15.69508288599522,16.973615646362305,738670,0.0,0.0
2015-06-22 00:00:00+08:00,17.370400791075497,17.723098934276557,16.665002822875977,16.665002822875977,938386,0.0,0.0
2015-06-23 00:00:00+08:00,16.709090738313858,16.973613918876097,16.576827466235372,16.929527282714844,294726,0.0,0.0
2015-06-24 00:00:00+08:00,16.929530276313393,16.973616920270356,16.356393814086914,16.356393814086914,273100,0.0,0.0
2015-06-25 00:00:00+08:00,16.40047823426959,16.62091476515548,16.356389919014052,16.4886531829834,133363,0.0,0.0
2015-06-26 00:00:00+08:00,16.4886554207064,17.19405174255371,16.356392138787225,17.19405174255371,220551,0.0,0.0
2015-06-29 00:00:00+08:00,17.017700966077033,17.017700966077033,16.31230467967492,16.665002822875977,210090,0.0,0.0
2015-06-30 00:00:00+08:00,16.57682773175781,16.92952755388672,16.444566139358166,16.753177642822266,102263,0.0,0.0
2015-07-01 00:00:00+08:00,16.753179079526433,17.10587725010432,16.753179079526433,16.973615646362305,229567,0.0,0.0
2015-07-02 00:00:00+08:00,17.19404865296751,17.282223597803704,16.841350555419922,16.841350555419922,184114,0.0,0.0
2015-07-03 00:00:00+08:00,17.017702954101722,17.017702954101722,16.356393227670864,16.70909309387207,183001,0.0,0.0
2015-07-06 00:00:00+08:00,16.40048213984154,16.709093692933262,16.356393814086914,16.356393814086914,142344,0.0,0.0
2015-07-07 00:00:00+08:00,16.576826892840625,16.620915209274223,16.224128770358394,16.268217086791992,116123,0.0,0.0
2015-07-08 00:00:00+08:00,16.26821638086529,16.26821638086529,14.989683850324594,15.166033744812012,365484,0.0,0.0
2015-07-09 00:00:00+08:00,15.077860236096123,15.077860236096123,13.843415061403029,14.372462272644043,587495,0.0,0.0
2015-07-10 00:00:00+08:00,14.372462272644043,14.372462272644043,14.372462272644043,14.372462272644043,0,0.0,0.0
2015-07-13 00:00:00+08:00,15.03377281603329,15.783257461216216,14.857424575976863,15.342384338378906,675302,0.0,0.0
2015-07-14 00:00:00+08:00,15.342383520987593,15.695081664107354,15.2542085647583,15.2542085647583,424300,0.0,0.0
2015-07-15 00:00:00+08:00,15.34238274151078,15.430557693260303,15.077859568059532,15.210121154785156,156437,0.0,0.0
2015-07-16 00:00:00+08:00,15.254208921450175,15.650995392861415,15.210122283203347,15.562820434570312,140411,0.0,0.0
2015-07-17 00:00:00+08:00,15.783256849885424,15.783256849885424,15.430558701636086,15.650995254516602,104419,0.0,0.0
2015-07-20 00:00:00+08:00,15.562819739180508,15.606908057254794,14.98968505859375,14.98968505859375,148123,0.0,0.0
2015-07-21 00:00:00+08:00,15.033772336814339,15.033772336814339,14.636987547987234,14.725162506103516,223473,0.0,0.0
2015-07-22 00:00:00+08:00,14.416551887182905,14.813336700604102,14.416551887182905,14.681075096130371,132665,0.0,0.0
2015-07-23 00:00:00+08:00,14.548810958862305,14.681072540310694,14.460636010630962,14.548810958862305,209592,0.0,0.0
2015-07-24 00:00:00+08:00,14.59289936578418,14.725162645105861,14.41655112968437,14.636987686157227,98001,0.0,0.0
2015-07-27 00:00:00+08:00,14.240201329719127,14.460637888017558,13.182106018066406,13.182106018066406,489526,0.0,0.0
2015-07-28 00:00:00+08:00,13.182105131292568,13.402541674762006,12.520795500884258,13.138017654418945,366497,0.0,0.0
2015-07-29 00:00:00+08:00,13.402541674762006,13.578890741357819,13.049843541570379,13.138017654418945,156003,0.0,0.0
2015-07-30 00:00:00+08:00,13.226193594652488,13.843415794223189,13.226193594652488,13.57889175415039,173237,0.0,0.0
2015-07-31 00:00:00+08:00,13.578889938693058,13.578889938693058,13.0939302444458,13.0939302444458,135129,0.0,0.0
2015-08-03 00:00:00+08:00,12.96166885021433,12.96166885021433,12.5648832321167,12.5648832321167,200376,0.0,0.0
2015-08-04 00:00:00+08:00,12.608972300819065,12.74123390990681,11.639051031179598,11.815400123596191,318788,0.0,0.0
2015-08-05 00:00:00+08:00,11.859486925047925,12.256272570396238,11.859486925047925,12.168098449707031,129672,0.0,0.0
2015-08-06 00:00:00+08:00,12.256272714105668,12.256272714105668,11.815399582793972,12.079923629760742,185002,0.0,0.0
2015-08-07 00:00:00+08:00,12.079922297410118,12.52079538009588,11.859485756067237,12.256271362304688,146700,0.0,0.0
2015-08-10 00:00:00+08:00,12.25627166275594,12.697144756249301,12.212185026125558,12.608970642089844,102118,0.0,0.0
2015-08-11 00:00:00+08:00,12.829407188836525,12.829407188836525,12.608970642089844,12.608970642089844,162300,0.0,0.0
2015-08-12 00:00:00+08:00,12.653058650682915,12.653058650682915,12.256272177166334,12.344447135925293,179966,0.0,0.0
2015-08-13 00:00:00+08:00,12.520795754350585,12.608970709882813,12.300359206418713,12.5648832321167,126500,0.0,0.0
2015-08-14 00:00:00+08:00,13.049844076370093,13.799327850341797,13.049844076370093,13.799327850341797,1148929,0.0,0.0
2015-08-17 00:00:00+08:00,13.799328732490494,14.284290188078122,13.7552420918905,13.843416213989258,629101,0.0,0.0
2015-08-18 00:00:00+08:00,13.843415329022182,13.931590286382955,13.358454745335365,13.799327850341797,330613,0.0,0.0
2015-08-19 00:00:00+08:00,13.843415547194162,14.107939582546658,12.873495205433317,13.270280838012695,291002,0.0,0.0
2015-08-20 00:00:00+08:00,13.270281935426558,13.711155083840074,13.182106969384337,13.622980117797852,168385,0.0,0.0
2015-08-21 00:00:00+08:00,13.138017320985364,13.358453858860278,12.873494148254395,12.873494148254395,219199,0.0,0.0
2015-08-24 00:00:00+08:00,11.727224553756006,12.16809765095812,11.594962120056152,11.594962120056152,534868,0.0,0.0
2015-08-25 00:00:00+08:00,10.66912928865067,11.771312031655958,10.66912928865067,11.594962120056152,245440,0.0,0.0
2015-08-26 00:00:00+08:00,11.506788671796924,11.859486833632587,11.37452623043449,11.771312713623047,193001,0.0,0.0
2015-08-27 00:00:00+08:00,12.079922608475979,12.344446633078835,11.903573539040305,12.12401008605957,138002,0.0,0.0
2015-08-28 00:00:00+08:00,12.300359656545814,12.520796212544479,12.212185538685583,12.344447135925293,209789,0.0,0.0
2015-08-31 00:00:00+08:00,12.6089707403463,13.578891049050663,12.47670830672841,13.490716934204102,957005,0.0,0.0
2015-09-01 00:00:00+08:00,13.138018331404261,13.358454886232511,12.785320180038548,13.31436824798584,312014,0.0,0.0
2015-09-02 00:00:00+08:00,12.961667821643124,13.226191826349847,12.917580347375566,13.0939302444458,296300,0.0,0.0
2015-09-03 00:00:00+08:00,13.314368317387899,13.490717393989987,13.182105879262288,13.270280838012695,435546,0.0,0.0
2015-09-04 00:00:00+08:00,13.226193995702877,14.063852780584305,13.226193995702877,13.843416213989258,688206,0.0,0.0
2015-09-07 00:00:00+08:00,13.667065237493867,13.711152712891321,13.358453750610352,13.358453750610352,165123,0.0,0.0
2015-09-08 00:00:00+08:00,13.578891049050663,13.622978526923292,13.402541978458842,13.490716934204102,177002,0.0,0.0
2015-09-09 00:00:00+08:00,13.622978143789654,13.711153097055075,13.578890667156942,13.667065620422363,336844,0.0,0.0
2015-09-10 00:00:00+08:00,13.667066052991336,13.97567755828933,13.667066052991336,13.93159008026123,371206,0.0,0.0
2015-09-11 00:00:00+08:00,14.107938955072983,14.857423548420712,14.063851477658643,14.460637092590332,759526,0.0,0.0
2015-09-14 00:00:00+08:00,14.460638020854281,14.63698794183198,13.975678260861839,14.01976490020752,298687,0.0,0.0
2015-09-15 00:00:00+08:00,14.019764402845011,14.019764402845011,13.53480466005691,13.799327850341797,135386,0.0,0.0
2015-09-16 00:00:00+08:00,13.975677949454562,13.975677949454562,13.66706643551884,13.755241394042969,175000,0.0,0.0
2015-09-17 00:00:00+08:00,14.063851786940639,14.416550773112977,13.887502714303825,14.328375816345215,354159,0.0,0.0
2015-09-18 00:00:00+08:00,14.416550591370832,14.681073776541991,14.240200680058463,14.372462272644043,311033,0.0,0.0
2015-09-21 00:00:00+08:00,14.284290188078122,14.284290188078122,13.843416213989258,13.843416213989258,185688,0.0,0.0
2015-09-22 00:00:00+08:00,14.019764264121823,14.107939220610119,13.887502670288086,13.887502670288086,192654,0.0,0.0
2015-09-23 00:00:00+08:00,13.887502990930436,14.284289463390285,13.622978956256777,13.755241394042969,323001,0.0,0.0
2015-09-24 00:00:00+08:00,13.843415023271989,13.931589978685299,13.049843788146973,13.049843788146973,371389,0.0,0.0
2015-09-25 00:00:00+08:00,13.049844419446844,13.270280977745275,13.049844419446844,13.182106018066406,99295,0.0,0.0
2015-09-29 00:00:00+08:00,13.182106018066406,13.182106018066406,13.182106018066406,13.182106018066406,0,0.0,0.0
2015-09-30 00:00:00+08:00,12.785319521227319,13.138017654418945,12.785319521227319,13.138017654418945,76682,0.0,0.0
2015-10-01 00:00:00+08:00,13.490717959127338,13.62297956189477,13.270281393915775,13.446630477905273,162123,0.0,0.0
2015-10-02 00:00:00+08:00,13.667065556844076,13.755240509699313,13.226192474365234,13.226192474365234,259200,0.0,0.0
2015-10-05 00:00:00+08:00,13.358456060569983,13.84341669200461,13.358456060569983,13.622980117797852,212001,0.0,0.0
2015-10-06 00:00:00+08:00,13.755242566861185,13.88750417502572,13.578892634776741,13.622980117797852,211003,0.0,0.0
2015-10-07 00:00:00+08:00,13.66706643551884,13.799328032406308,13.66706643551884,13.755241394042969,140500,0.0,0.0
2015-10-08 00:00:00+08:00,13.975678260861839,14.32837642101975,13.88750330037299,14.01976490020752,369586,0.0,0.0
2015-10-12 00:00:00+08:00,14.019764127149092,14.152025719690636,13.843415056794132,13.975677490234375,175586,0.0,0.0
2015-10-13 00:00:00+08:00,13.887503695488022,14.019765299085543,13.711154610391736,13.843416213989258,165657,0.0,0.0
2015-10-14 00:00:00+08:00,13.887502092456176,14.284288539245289,13.843414616046422,14.196113586425781,376776,0.0,0.0
2015-10-15 00:00:00+08:00,14.196115349947602,14.813336732764206,14.152027027162276,14.284290313720703,525586,0.0,0.0
2015-10-16 00:00:00+08:00,14.504725547027018,14.504725547027018,14.0197641318167,14.372462272644043,365298,0.0,0.0
2015-10-19 00:00:00+08:00,14.63698715167858,15.783256530761719,14.63698715167858,15.783256530761719,1803015,0.0,0.0
2015-10-20 00:00:00+08:00,16.091868360277633,16.091868360277633,15.386472063778955,15.650995254516602,1349260,0.0,0.0
2015-10-21 00:00:00+08:00,15.695082171423781,16.003693687302935,15.298297378262692,15.474645614624023,615642,0.0,0.0
2015-10-22 00:00:00+08:00,15.650995026891412,15.695081664107354,15.2542085647583,15.2542085647583,405818,0.0,0.0
2015-10-23 00:00:00+08:00,15.518733102903592,15.562819739180508,14.98968505859375,14.98968505859375,431755,0.0,0.0
2015-10-26 00:00:00+08:00,14.989684263865154,16.09186693032583,14.989684263865154,15.871430397033691,1410156,0.0,0.0
2015-10-27 00:00:00+08:00,15.959605172497811,16.973612878213448,15.606907059439843,16.4886531829834,2269185,0.0,0.0
2015-10-28 00:00:00+08:00,16.488652457872334,17.282223597803704,16.312302568199943,16.841350555419922,1955429,0.0,0.0
2015-10-29 00:00:00+08:00,16.841354811638762,17.238139640983,16.532743267617054,16.57682991027832,1169214,0.0,0.0
2015-10-30 00:00:00+08:00,16.444568821793197,16.57683043576733,16.091870623929616,16.400482177734375,605789,0.0,0.0
2015-11-02 00:00:00+08:00,16.400482177734375,16.665005405682642,16.180045593844927,16.400482177734375,311302,0.0,0.0
2015-11-03 00:00:00+08:00,16.576828699589196,17.590838224716254,16.356392138787225,17.19405174255371,1778423,0.0,0.0
2015-11-04 00:00:00+08:00,18.51667013168335,18.693020043751677,17.634923934936523,17.634923934936523,1970902,0.0,0.0
2015-11-05 00:00:00+08:00,17.679011372628946,18.428496010162792,17.63492473351415,18.119884490966797,1209362,0.0,0.0
2015-11-06 00:00:00+08:00,18.560755703959465,18.693018971321383,18.075795996290115,18.163970947265625,1062102,0.0,0.0
2015-11-09 00:00:00+08:00,18.428495996616856,18.428495996616856,17.194051602537748,17.2822265625,673325,0.0,0.0
2015-11-10 00:00:00+08:00,17.01770011028443,17.37039991754619,16.79726357164449,17.14996337890625,306118,0.0,0.0
2015-11-11 00:00:00+08:00,16.48865668224019,16.885441512962927,15.739171981811523,15.739171981811523,835205,0.0,0.0
2015-11-12 00:00:00+08:00,15.915517108512939,16.356390177245125,15.783255524252741,16.31230354309082,594302,0.0,0.0
2015-11-13 00:00:00+08:00,16.135957907402506,16.31230785422129,15.739173049756847,16.09187126159668,200002,0.0,0.0
2015-11-16 00:00:00+08:00,16.400482177734375,16.841355345513268,16.135957267988438,16.400482177734375,675740,0.0,0.0
2015-11-17 00:00:00+08:00,16.665004877398466,17.105878031201588,16.532743267617054,16.57682991027832,325479,0.0,0.0
2015-11-18 00:00:00+08:00,16.62091502756281,16.709089977668704,16.31230354309082,16.31230354309082,196575,0.0,0.0
2015-11-19 00:00:00+08:00,16.40048165783564,16.753179844518613,16.356393333376758,16.57682991027832,273100,0.0,0.0
2015-11-20 00:00:00+08:00,16.92953031542858,16.9736169594874,16.400482177734375,16.400482177734375,296659,0.0,0.0
2015-11-23 00:00:00+08:00,16.753180375597957,16.753180375597957,16.444568821793197,16.400482177734375,230781,0.0,0.0
2015-11-24 00:00:00+08:00,16.576826844600372,16.620915160905668,16.22412872314453,16.22412872314453,258005,0.0,0.0
2015-11-25 00:00:00+08:00,16.31230333102098,16.31230333102098,15.871430268020415,15.95960521697998,189365,0.0,0.0
2015-11-26 00:00:00+08:00,15.959609642381459,16.31230785422129,15.959609642381459,16.09187126159668,152316,0.0,0.0
2015-11-27 00:00:00+08:00,16.135955844869414,17.28222698907716,16.135955844869414,17.017702102661133,731753,0.0,0.0
2015-11-30 00:00:00+08:00,16.79726665199416,17.67901296825207,16.75318000890032,17.41448974609375,982861,0.0,0.0
2015-12-01 00:00:00+08:00,17.59083552210688,18.119881841312342,17.502660574973557,17.5467472076416,789804,0.0,0.0
2015-12-02 00:00:00+08:00,17.679010572054903,17.811273847004852,17.10587588052895,17.634923934936523,692800,0.0,0.0
2015-12-03 00:00:00+08:00,17.28222404803887,17.899445314377655,17.28222404803887,17.5467472076416,650490,0.0,0.0
2015-12-04 00:00:00+08:00,17.45857576769213,18.031712198295196,17.45857576769213,17.723100662231445,670510,0.0,0.0
2015-12-07 00:00:00+08:00,17.899445494745155,18.340318553057077,17.502660751342773,17.502660751342773,496390,0.0,0.0
2015-12-08 00:00:00+08:00,17.634925346869927,17.723100309963783,16.973615646362305,16.973615646362305,411712,0.0,0.0
2015-12-09 00:00:00+08:00,17.01770356422732,17.149966859693528,16.224132200418367,16.356393814086914,406501,0.0,0.0
2015-12-10 00:00:00+08:00,16.356390177245125,16.532740077456914,16.180041958830625,16.31230354309082,211352,0.0,0.0
2015-12-11 00:00:00+08:00,16.57682776872677,16.620916087489903,15.783256530761719,15.783256530761719,135506,0.0,0.0
2015-12-14 00:00:00+08:00,15.43055942197343,15.695082625059683,14.813336372375488,14.813336372375488,231511,0.0,0.0
2015-12-15 00:00:00+08:00,15.210121927542357,15.695081664107354,15.077860334097123,15.2542085647583,251000,0.0,0.0
2015-12-16 00:00:00+08:00,15.695083326914755,15.695083326914755,15.254210180857626,15.430560111999512,186192,0.0,0.0
2015-12-17 00:00:00+08:00,15.783258624625955,16.0477835269054,15.60691037157061,15.739171981811523,132253,0.0,0.0
2015-12-18 00:00:00+08:00,15.739170212028293,15.871431807397116,15.518733659147777,15.650995254516602,103650,0.0,0.0
2015-12-21 00:00:00+08:00,15.430559256137947,17.19405174255371,15.430559256137947,17.19405174255371,654434,0.0,0.0
2015-12-22 00:00:00+08:00,17.63492169535129,17.85535821654318,16.841350555419922,16.841350555419922,570013,0.0,0.0
2015-12-23 00:00:00+08:00,17.10587588052895,17.679010572054903,17.10587588052895,17.634923934936523,1049218,0.0,0.0
2015-12-24 00:00:00+08:00,17.899445314377655,18.16397015577762,17.45857226050828,17.5467472076416,810225,0.0,0.0
2015-12-25 00:00:00+08:00,17.634925553919516,17.987623728638393,17.50266394862463,17.811275482177734,723638,0.0,0.0
2015-12-28 00:00:00+08:00,17.89944954731655,17.987624515301867,17.41448974609375,17.41448974609375,330221,0.0,0.0
2015-12-29 00:00:00+08:00,17.414485627840236,17.679008787442967,16.885437626837543,17.5467472076416,377576,0.0,0.0
2015-12-30 00:00:00+08:00,17.899446951939318,19.222066234549537,17.899446951939318,18.69301986694336,2230741,0.0,0.0
2015-12-31 00:00:00+08:00,18.5166703642461,18.91345683048463,18.29623381229079,18.428495407104492,756180,0.0,0.0
2016-01-04 00:00:00+08:00,18.428495950896,18.516670910639494,17.19405155987953,17.23813819885254,821427,0.0,0.0
2016-01-05 00:00:00+08:00,16.929529005714144,17.458575420682212,16.929529005714144,16.973615646362305,343200,0.0,0.0
2016-01-06 00:00:00+08:00,17.23813528448701,17.370398542639897,16.488652457872334,16.841350555419922,490584,0.0,0.0
2016-01-07 00:00:00+08:00,16.8413515619289,16.9736131461891,16.047780374570426,16.31230354309082,430132,0.0,0.0
2016-01-08 00:00:00+08:00,15.87143353691237,16.57682991027832,15.695083602672076,16.57682991027832,454526,0.0,0.0
2016-01-11 00:00:00+08:00,16.444563878312717,16.444563878312717,15.915515899658203,15.915515899658203,306214,0.0,0.0
2016-01-12 00:00:00+08:00,16.135955623126566,16.35639218454522,15.342384338378906,15.342384338378906,366332,0.0,0.0
2016-01-13 00:00:00+08:00,15.783258144378813,15.827346467649361,15.298298360985768,15.5187349319458,247472,0.0,0.0
2016-01-14 00:00:00+08:00,15.430560938950903,15.430560938950903,14.989687769266592,15.077862739562988,247775,0.0,0.0
2016-01-15 00:00:00+08:00,15.342383994151387,15.65099550957288,14.460637768259957,14.636987686157227,440039,0.0,0.0
2016-01-18 00:00:00+08:00,13.975679066370503,15.430560111999512,13.931591583585032,15.430560111999512,314115,0.0,0.0
2016-01-19 00:00:00+08:00,15.43055883803238,15.695082031108244,15.16603564495652,15.562820434570312,113106,0.0,0.0
2016-01-20 00:00:00+08:00,15.562820899797561,15.650995860724523,15.342384338378906,15.342384338378906,160124,0.0,0.0
2016-01-21 00:00:00+08:00,15.474645614624022,15.827345450941603,15.254209057824264,15.474645614624023,181100,0.0,0.0
2016-01-22 00:00:00+08:00,15.783258585371245,15.783258585371245,15.518735365547316,15.695083618164062,184263,0.0,0.0
2016-01-25 00:00:00+08:00,15.827343763094177,16.135953564265343,15.739168813417868,15.871430397033691,127300,0.0,0.0
2016-01-26 00:00:00+08:00,15.827343763094177,16.180041880002136,15.739168813417868,15.871430397033691,176898,0.0,0.0
2016-01-27 00:00:00+08:00,15.915521314777896,16.2241328808119,15.783259695562675,16.09187126159668,163373,0.0,0.0
2016-01-28 00:00:00+08:00,16.091866799520698,16.091866799520698,15.871430268020415,15.95960521697998,65743,0.0,0.0
2016-01-29 00:00:00+08:00,16.091866799520698,16.224128382061416,15.915516901601563,15.95960521697998,248312,0.0,0.0
2016-02-01 00:00:00+08:00,16.135955446585662,17.723099680513787,16.135955446585662,17.2822265625,878593,0.0,0.0
2016-02-02 00:00:00+08:00,17.590836456186132,17.590836456186132,16.88543852345993,17.14996337890625,462004,0.0,0.0
2016-02-03 00:00:00+08:00,16.929527914186043,17.59083757205585,16.929527914186043,17.458574295043945,292300,0.0,0.0
2016-02-15 00:00:00+08:00,17.458572872539705,19.177978515625,17.458572872539705,19.177978515625,2680219,0.0,0.0
2016-02-16 00:00:00+08:00,20.28016302324499,21.073734283447266,19.97155151044482,21.073734283447266,2749497,0.0,0.0
2016-02-17 00:00:00+08:00,21.3823459812005,21.3823459812005,20.721036311678837,21.029647827148438,2129517,0.0,0.0
2016-02-18 00:00:00+08:00,21.25008201599121,21.690955079883985,20.985557168577184,21.25008201599121,1292553,0.0,0.0
2016-02-19 00:00:00+08:00,21.426433766760695,22.484529967355254,20.897387348260963,22.26409339904785,2279721,0.0,0.0
2016-02-22 00:00:00+08:00,22.57270409480544,24.46845817565918,22.57270409480544,24.46845817565918,3900009,0.0,0.0
2016-02-23 00:00:00+08:00,24.424370698652073,24.424370698652073,22.043655258062365,22.1318302154541,5479007,0.0,0.0
2016-02-24 00:00:00+08:00,21.382346404213248,21.426433043667885,19.927465438842773,19.927465438842773,5795920,0.0,0.0
2016-02-25 00:00:00+08:00,19.66293893815298,19.839288845050145,19.13389258105619,19.751113891601562,3519211,0.0,0.0
2016-02-26 00:00:00+08:00,19.971551937846982,20.456513377424965,19.618853779297755,20.015640258789062,2170188,0.0,0.0
2016-03-01 00:00:00+08:00,19.57476769820102,19.927465866805154,19.57476769820102,19.662940979003906,1113574,0.0,0.0
2016-03-02 00:00:00+08:00,20.059725892531734,20.191987485134,19.574766159057617,19.574766159057617,1101638,0.0,0.0
2016-03-03 00:00:00+08:00,19.574765844823663,20.36833706949546,19.574765844823663,19.707027435302734,1307123,0.0,0.0
2016-03-04 00:00:00+08:00,20.10381220673995,20.10381220673995,19.442502572547223,19.707027435302734,765120,0.0,0.0
2016-03-07 00:00:00+08:00,19.795202661803756,20.015639209566395,19.310241247647518,19.530677795410156,789123,0.0,0.0
2016-03-08 00:00:00+08:00,19.6188540564643,19.88337725866392,19.442504133799552,19.839290618896484,549561,0.0,0.0
2016-03-09 00:00:00+08:00,19.83928980766801,19.83928980766801,19.22206678537714,19.35433006286621,735175,0.0,0.0
2016-03-10 00:00:00+08:00,19.574766571798282,19.574766571798282,19.266155061354212,19.31024169921875,307292,0.0,0.0
2016-03-11 00:00:00+08:00,19.486590000511757,19.486590000511757,19.133891881411447,19.177978515625,475400,0.0,0.0
2016-03-14 00:00:00+08:00,19.35433001888072,19.662939847527362,19.22206674169224,19.31024169921875,523825,0.0,0.0
2016-03-15 00:00:00+08:00,19.398413441198265,19.486588384108597,17.987619400024414,17.987619400024414,824551,0.0,0.0
2016-03-16 00:00:00+08:00,18.29623459606636,18.29623459606636,17.899448112830257,18.07579803466797,733671,0.0,0.0
2016-03-17 00:00:00+08:00,18.428495175649186,18.428495175649186,17.634923934936523,17.634923934936523,808292,0.0,0.0
2016-03-18 00:00:00+08:00,17.634923754567886,17.943535256632302,17.502662162768104,17.67901039123535,650588,0.0,0.0
2016-03-21 00:00:00+08:00,17.679011278340106,18.472584232553803,17.679011278340106,18.252147674560547,767427,0.0,0.0
2016-03-22 00:00:00+08:00,18.428496486824386,18.428496486824386,17.723100151957407,17.89944839477539,417544,0.0,0.0
2016-03-23 00:00:00+08:00,17.85536226860232,17.987623874973192,17.546750732538566,17.723100662231445,346721,0.0,0.0
2016-03-24 00:00:00+08:00,17.67901039123535,17.89944693816745,17.59083711790042,17.67901039123535,307052,0.0,0.0
2016-03-25 00:00:00+08:00,17.81127222852057,17.81127222852057,17.502660751342773,17.502660751342773,317247,0.0,0.0
2016-03-28 00:00:00+08:00,17.546748550480967,17.590836868320288,16.885438919067383,16.885438919067383,509160,0.0,0.0
2016-03-29 00:00:00+08:00,17.017699511671722,17.10587446038553,16.356389919014052,16.4886531829834,428230,0.0,0.0
2016-03-30 00:00:00+08:00,16.66500066574753,16.885437186939424,16.66500066574753,16.841350555419922,214724,0.0,0.0
2016-03-31 00:00:00+08:00,17.017700555037347,17.017700555037347,16.66500242035524,16.929527282714844,139370,0.0,0.0
2016-04-01 00:00:00+08:00,17.017702102661133,17.194052026938483,16.929528822319977,17.017702102661133,121024,0.0,0.0
2016-04-06 00:00:00+08:00,16.841354811638762,17.194052998321734,16.57682991027832,16.57682991027832,213277,0.0,0.0
2016-04-07 00:00:00+08:00,16.665004877398466,16.92952977875891,16.488656624955787,16.57682991027832,249041,0.0,0.0
2016-04-08 00:00:00+08:00,16.57682773175781,17.149964101818593,16.57682773175781,16.753177642822266,328175,0.0,0.0
2016-04-11 00:00:00+08:00,17.194050463277083,17.194050463277083,16.929527282714844,16.929527282714844,244223,0.0,0.0
2016-04-12 00:00:00+08:00,16.929530276313393,17.105878533938906,16.356393814086914,16.356393814086914,327753,0.0,0.0
2016-04-13 00:00:00+08:00,16.576826449899944,16.709089713869286,16.444564867727863,16.4886531829834,95000,0.0,0.0
2016-04-14 00:00:00+08:00,16.57682994936295,16.841354851347084,16.532743306597737,16.62091827392578,226088,0.0,0.0
2016-04-15 00:00:00+08:00,16.929528326601012,18.252147674560547,16.929528326601012,18.252147674560547,1772261,0.0,0.0
2016-04-18 00:00:00+08:00,18.296234884261516,18.516671449132136,17.767186792212524,17.89944839477539,2028133,0.0,0.0
2016-04-19 00:00:00+08:00,18.075798839819633,18.208060446190505,17.723100662231445,17.723100662231445,511440,0.0,0.0
2016-04-20 00:00:00+08:00,17.89944954731655,17.89944954731655,17.326314778108433,17.41448974609375,374742,0.0,0.0
2016-04-21 00:00:00+08:00,17.634924676799518,17.634924676799518,17.23813819885254,17.23813819885254,191371,0.0,0.0
2016-04-22 00:00:00+08:00,17.326311264815388,17.414486214921283,16.180041958830625,16.31230354309082,958673,0.0,0.0
2016-04-25 00:00:00+08:00,16.31230717012995,16.57683039746705,16.31230717012995,16.356393814086914,191004,0.0,0.0
2016-04-26 00:00:00+08:00,16.40047823426959,16.576826449899944,16.356389919014052,16.4886531829834,107214,0.0,0.0
2016-04-27 00:00:00+08:00,16.57683039746705,16.620918723221674,16.356393814086914,16.356393814086914,146282,0.0,0.0
2016-04-28 00:00:00+08:00,16.576826711611215,16.66500166171711,16.31230354309082,16.31230354309082,171002,0.0,0.0
2016-04-29 00:00:00+08:00,16.31230333102098,16.31230333102098,15.871430268020415,15.95960521697998,307002,0.0,0.0
2016-05-03 00:00:00+08:00,16.224128161604646,16.224128161604646,15.474643628328376,15.60690689086914,165114,0.0,0.0
2016-05-04 00:00:00+08:00,15.60690689086914,15.87143005235618,15.430556995346286,15.60690689086914,217123,0.0,0.0
2016-05-05 00:00:00+08:00,15.60690689086914,15.827343419374088,15.430556995346286,15.60690689086914,152001,0.0,0.0
2016-05-06 00:00:00+08:00,15.739168471612661,15.739168471612661,15.562818576089805,15.60690689086914,76412,0.0,0.0
2016-05-09 00:00:00+08:00,15.695080156833324,15.783255104594751,15.342382047584858,15.60690689086914,100387,0.0,0.0
2016-05-10 00:00:00+08:00,15.606908616659469,15.739170212028293,15.474645339493216,15.650995254516602,94284,0.0,0.0
2016-05-11 00:00:00+08:00,15.827346949238004,16.0477835269054,15.739171981811523,15.739171981811523,124100,0.0,0.0
2016-05-12 00:00:00+08:00,15.871432422143178,15.871432422143178,15.342384338378906,15.342384338378906,107015,0.0,0.0
2016-05-13 00:00:00+08:00,15.342385431132955,15.695083618164062,14.813337309687483,15.695083618164062,458463,0.0,0.0
2016-05-16 00:00:00+08:00,15.430560111999512,15.606910043141397,15.121948573400005,15.430560111999512,97007,0.0,0.0
2016-05-17 00:00:00+08:00,15.16603717851621,15.695083618164062,14.901512276894666,15.695083618164062,293526,0.0,0.0
2016-05-18 00:00:00+08:00,15.430558975983056,15.474645614624022,15.254209057824264,15.474645614624023,109494,0.0,0.0
2016-05-19 00:00:00+08:00,15.430558385305392,15.695081570620241,15.34238342960131,15.38647174835205,108000,0.0,0.0
2016-05-20 00:00:00+08:00,15.386472337342088,15.474645614624022,15.254209057824264,15.474645614624023,96544,0.0,0.0
2016-05-23 00:00:00+08:00,15.474643964388937,15.871430397033691,15.430557330449423,15.871430397033691,191001,0.0,0.0
2016-05-24 00:00:00+08:00,15.871431486490591,15.871431486490591,15.650994938067111,15.783256530761719,104321,0.0,0.0
2016-05-25 00:00:00+08:00,15.871430601688687,16.444565259279095,15.871430601688687,16.22412872314453,306802,0.0,0.0
2016-05-26 00:00:00+08:00,16.48865362356805,16.53274025820434,16.268217086791992,16.268217086791992,180105,0.0,0.0
2016-05-27 00:00:00+08:00,16.444565307134454,16.444565307134454,16.13595381928851,16.268217086791992,92001,0.0,0.0
2016-05-30 00:00:00+08:00,16.400481696504478,17.23813968162686,16.400481696504478,16.62091827392578,438638,0.0,0.0
2016-05-31 00:00:00+08:00,16.665003943481278,16.665003943481278,16.180044174194336,16.180044174194336,232000,0.0,0.0
2016-06-01 00:00:00+08:00,16.532737850214527,16.576824478429607,16.312301345545002,16.444562911987305,86711,0.0,0.0
2016-06-02 00:00:00+08:00,16.53274021009238,16.620915160905668,16.18004208863654,16.22412872314453,92251,0.0,0.0
2016-06-03 00:00:00+08:00,16.356393814086914,16.57683039746705,16.180045556461405,16.356393814086914,127842,0.0,0.0
2016-06-06 00:00:00+08:00,16.224128382061416,16.224128382061416,15.827343634439265,15.95960521697998,99001,0.0,0.0
2016-06-07 00:00:00+08:00,15.95960521697998,15.95960521697998,15.95960521697998,15.95960521697998,0,0.0,0.0
2016-06-08 00:00:00+08:00,15.959609830847208,16.04778480529785,15.959609830847208,16.04778480529785,54200,0.0,0.0
2016-06-13 00:00:00+08:00,15.871433552578425,15.871433552578425,15.606910332754499,15.695083618164062,117263,0.0,0.0
2016-06-14 00:00:00+08:00,15.739168813417868,15.871430397033691,15.650993863741558,15.871430397033691,67001,0.0,0.0
2016-06-15 00:00:00+08:00,15.871434668972068,16.135957907402506,15.739173049756847,16.09187126159668,71101,0.0,0.0
2016-06-16 00:00:00+08:00,15.915517030973206,16.047780296386314,15.871430397033691,15.871430397033691,72004,0.0,0.0
2016-06-17 00:00:00+08:00,15.871431037995961,16.13595421591029,15.871431037995961,16.003692626953125,59000,0.0,0.0
2016-06-20 00:00:00+08:00,16.047782571824943,16.44456737893312,16.0036942498368,16.180044174194336,115791,0.0,0.0
2016-06-21 00:00:00+08:00,16.268219094372313,16.356392374525917,16.04778253039327,16.135955810546875,120005,0.0,0.0
2016-06-22 00:00:00+08:00,16.09186700872473,16.356390177245125,16.09186700872473,16.31230354309082,89587,0.0,0.0
2016-06-23 00:00:00+08:00,16.312303673957818,16.312303673957818,16.135953772331245,16.22412872314453,44640,0.0,0.0
2016-06-24 00:00:00+08:00,16.13595321384322,16.312303109366074,15.121945519079912,15.60690689086914,178371,0.0,0.0
2016-06-27 00:00:00+08:00,15.430560398340136,15.783258585371245,15.386473755635354,15.695083618164062,76916,0.0,0.0
2016-06-28 00:00:00+08:00,15.430560398340136,15.827346909873643,15.430560398340136,15.695083618164062,48251,0.0,0.0
2016-06-29 00:00:00+08:00,16.003695162490388,16.003695162490388,15.606910332754499,15.695083618164062,161903,0.0,0.0
2016-06-30 00:00:00+08:00,15.783257526538799,15.959607449122585,15.739170886791603,15.827345848083496,130034,0.0,0.0
2016-07-01 00:00:00+08:00,15.959607208458635,17.370401522462252,15.871432248496381,17.2822265625,2913222,0.0,0.0
2016-07-04 00:00:00+08:00,17.370398331938187,18.031707887492225,17.105873500638275,17.943532943725586,2605350,0.0,0.0
2016-07-05 00:00:00+08:00,17.723097101908245,17.899445314377655,17.502660574973557,17.5467472076416,788263,0.0,0.0
2016-07-06 00:00:00+08:00,17.50266145644309,17.50266145644309,17.10587501525879,17.10587501525879,615450,0.0,0.0
2016-07-07 00:00:00+08:00,17.370402343329747,18.516671831615493,17.282227379200638,17.811275482177734,1368936,0.0,0.0
2016-07-08 00:00:00+08:00,17.811275482177734,17.811275482177734,17.811275482177734,17.811275482177734,0,0.0,0.0
2016-07-11 00:00:00+08:00,17.98761957471032,18.252144406010235,17.634921481440934,17.943532943725586,647211,0.0,0.0
2016-07-12 00:00:00+08:00,18.031708757676533,18.163970338810657,17.502660751342773,17.502660751342773,451587,0.0,0.0
2016-07-13 00:00:00+08:00,17.63492259319048,17.72309754251589,17.326311111450195,17.326311111450195,315200,0.0,0.0
2016-07-14 00:00:00+08:00,17.370400927185077,17.81127403009031,17.370400927185077,17.590837478637695,426288,0.0,0.0
2016-07-15 00:00:00+08:00,17.72309953765486,17.81127449690637,17.37040138244629,17.37040138244629,326423,0.0,0.0
2016-07-18 00:00:00+08:00,17.370401479366514,17.414488118339523,17.14996492090652,17.23813819885254,262024,0.0,0.0
2016-07-19 00:00:00+08:00,17.41448816154464,17.85536127955843,17.2822265625,17.2822265625,713000,0.0,0.0
2016-07-20 00:00:00+08:00,17.502660751342773,17.723097280498735,17.370399170208646,17.502660751342773,411989,0.0,0.0
2016-07-21 00:00:00+08:00,17.767184192977755,19.222064971923828,17.67900924356948,19.222064971923828,3191423,0.0,0.0
2016-07-22 00:00:00+08:00,19.17798117706518,19.66294094790414,18.78119468688965,18.78119468688965,2558676,0.0,0.0
2016-07-25 00:00:00+08:00,18.957543050746448,19.17797959784815,18.384408364641498,18.69301986694336,845263,0.0,0.0
2016-07-26 00:00:00+08:00,18.78119719597486,20.103816764192743,18.693023903531866,19.398420333862305,5024482,0.0,0.0
2016-07-27 00:00:00+08:00,19.530675876571888,19.618850823373464,18.516668192846865,18.604843139648438,2222007,0.0,0.0
2016-07-28 00:00:00+08:00,19.266155061354212,20.05972631549794,19.00163018877468,19.31024169921875,4109387,0.0,0.0
2016-07-29 00:00:00+08:00,19.222064971923828,19.35432823693488,19.00162843930178,19.222064971923828,884940,0.0,0.0
2016-08-01 00:00:00+08:00,19.751113891601562,20.19198697704712,19.35432912377897,19.751113891601562,2140382,0.0,0.0
2016-08-02 00:00:00+08:00,19.839289025781806,19.839289025781806,19.39841593631999,19.707027435302734,936003,0.0,0.0
2016-08-03 00:00:00+08:00,19.26615421512483,20.368336931301336,19.26615421512483,19.795202255249023,2528300,0.0,0.0
2016-08-04 00:00:00+08:00,20.01563972312181,20.147901318813442,19.35433006286621,19.35433006286621,965541,0.0,0.0
2016-08-05 00:00:00+08:00,19.39841609798668,19.662939281149363,18.6489315032959,18.6489315032959,1299500,0.0,0.0
2016-08-08 00:00:00+08:00,18.86936804986393,18.86936804986393,18.604844866701246,18.6489315032959,550225,0.0,0.0
2016-08-09 00:00:00+08:00,18.69302175987371,18.825283365168595,17.811275482177734,17.811275482177734,781058,0.0,0.0
2016-08-10 00:00:00+08:00,17.811275482177734,18.20806029806239,17.811275482177734,17.811275482177734,432603,0.0,0.0
2016-08-11 00:00:00+08:00,17.811274640476043,17.811274640476043,17.2822265625,17.2822265625,752465,0.0,0.0
2016-08-12 00:00:00+08:00,17.37040310299991,17.590839682064384,17.37040310299991,17.41448974609375,333035,0.0,0.0
2016-08-15 00:00:00+08:00,17.634924864157654,17.634924864157654,17.19405174255371,17.19405174255371,401106,0.0,0.0
2016-08-16 00:00:00+08:00,17.458574942797078,17.458574942797078,16.929528542310344,17.19405174255371,188009,0.0,0.0
2016-08-17 00:00:00+08:00,17.45857269453967,18.03170902425618,17.326311111450195,17.326311111450195,430147,0.0,0.0
2016-08-18 00:00:00+08:00,17.37040310299991,17.63492632515823,17.37040310299991,17.41448974609375,176890,0.0,0.0
2016-08-19 00:00:00+08:00,17.45857318756431,17.81127299482607,17.41448655255525,17.14996337890625,353200,0.0,0.0
2016-08-22 00:00:00+08:00,17.50818588963997,17.552964885301062,17.015628894376167,17.2842960357666,216300,0.3,0.0
2016-08-23 00:00:00+08:00,17.28429557915995,17.373851859972255,17.01562844486701,17.060405731201172,325891,0.0,0.0
2016-08-24 00:00:00+08:00,17.149963756455886,18.448525689960174,17.105186465567115,17.95596694946289,1504438,0.0,0.0
2016-08-25 00:00:00+08:00,18.00074594849582,18.224635819227995,17.911189658574116,17.95596694946289,439215,0.0,0.0
2016-08-26 00:00:00+08:00,18.13507996207101,19.164973050386944,18.13507996207101,18.17985725402832,964349,0.0,0.0
2016-08-29 00:00:00+08:00,18.5380824222636,18.5380824222636,18.13507996207101,18.17985725402832,317263,0.0,0.0
2016-08-30 00:00:00+08:00,18.358968386989737,18.358968386989737,17.821632385253906,17.821632385253906,358298,0.0,0.0
2016-08-31 00:00:00+08:00,17.911188119351444,18.896303807544573,17.911188119351444,18.493301391601562,1326344,0.0,0.0
2016-09-01 00:00:00+08:00,18.717193298237042,18.717193298237042,18.090302670113697,18.17985725402832,527503,0.0,0.0
2016-09-02 00:00:00+08:00,18.269412484228717,18.58285863414431,17.77685546875,17.77685546875,444407,0.0,0.0
2016-09-05 00:00:00+08:00,17.821633368652417,18.045523239384593,17.821633368652417,17.95596694946289,271451,0.0,0.0
2016-09-06 00:00:00+08:00,18.269416078309813,19.478421918316997,18.045526171202724,18.67241859436035,2845102,0.0,0.0
2016-09-07 00:00:00+08:00,18.806751655129826,19.747088554628565,18.761974358256317,19.030641555786133,1896609,0.0,0.0
2016-09-08 00:00:00+08:00,19.209753776520643,19.209753776520643,18.806751280117528,19.07541847229004,516101,0.0,0.0
2016-09-09 00:00:00+08:00,18.98586037487349,19.03063766258667,18.76197052001953,18.76197052001953,354100,0.0,0.0
2016-09-12 00:00:00+08:00,19.254532011209903,19.254532011209903,18.67241859436035,18.67241859436035,284253,0.0,0.0
2016-09-13 00:00:00+08:00,19.030637759039468,19.030637759039468,18.26941190704908,18.448524475097656,376720,0.0,0.0
2016-09-14 00:00:00+08:00,18.44852457183232,18.717191717169896,18.090301142000868,18.13507843017578,261100,0.0,0.0
2016-09-19 00:00:00+08:00,18.269414346109333,18.62763782188711,18.269414346109333,18.358970642089844,278200,0.0,0.0
2016-09-20 00:00:00+08:00,18.358969283739153,18.582859153053043,18.224635703779647,18.269412994384766,151000,0.0,0.0
2016-09-21 00:00:00+08:00,18.538083234050866,18.58286052796899,18.269414346109333,18.358970642089844,220047,0.0,0.0
2016-09-22 00:00:00+08:00,18.538082367370226,18.538082367370226,17.82163374116535,17.911190032958984,694000,0.0,0.0
2016-09-23 00:00:00+08:00,18.179858569598718,18.179858569598718,17.911191382124578,18.000747680664062,175502,0.0,0.0
2016-09-26 00:00:00+08:00,17.911188670233887,18.00074495521387,17.821632385253906,17.821632385253906,187548,0.0,0.0
2016-09-27 00:00:00+08:00,17.821632385253906,17.821632385253906,17.821632385253906,17.821632385253906,0,0.0,0.0
2016-09-28 00:00:00+08:00,17.821632385253906,17.821632385253906,17.821632385253906,17.821632385253906,0,0.0,0.0
2016-09-29 00:00:00+08:00,18.00074594849582,18.224635819227995,17.821633368652417,17.95596694946289,175423,0.0,0.0
2016-09-30 00:00:00+08:00,17.687300157546996,17.955967324783703,17.687300157546996,17.911190032958984,225000,0.0,0.0
2016-10-03 00:00:00+08:00,17.911189658574116,18.135079529306296,17.911189658574116,17.95596694946289,182101,0.0,0.0
2016-10-04 00:00:00+08:00,18.179856820195067,18.179856820195067,17.911189658574116,17.95596694946289,189103,0.0,0.0
2016-10-05 00:00:00+08:00,17.95596694946289,18.045523239384593,17.911189658574116,17.95596694946289,160404,0.0,0.0
2016-10-06 00:00:00+08:00,18.000744857506994,18.22463471466966,18.000744857506994,18.13507843017578,214900,0.0,0.0
2016-10-07 00:00:00+08:00,18.179858008652435,18.358970600204824,18.090303421020508,18.090303421020508,294666,0.0,0.0
2016-10-11 00:00:00+08:00,18.269412985412707,18.269412985412707,17.01563005949947,17.41863250732422,407792,0.0,0.0
2016-10-12 00:00:00+08:00,17.597743377800885,17.776855956421695,17.373853508596945,17.41863250732422,212923,0.0,0.0
2016-10-13 00:00:00+08:00,17.508189186813475,17.642524490950983,17.373855590820312,17.373855590820312,123626,0.0,0.0
2016-10-14 00:00:00+08:00,17.41863326503331,17.46341055756425,16.1648485764364,16.433517456054688,572922,0.0,0.0
2016-10-17 00:00:00+08:00,16.343961339188095,16.65740751471918,16.29918404617404,16.38873863220215,199068,0.0,0.0
2016-10-18 00:00:00+08:00,16.65740640110016,16.746962689285283,16.56785011291504,16.56785011291504,143884,0.0,0.0
2016-10-19 00:00:00+08:00,16.56785146512572,17.015631234453444,16.56785146512572,16.657407760620117,145024,0.0,0.0
2016-10-20 00:00:00+08:00,16.83651616780989,16.92607245013586,16.56784902897599,16.74696159362793,154971,0.0,0.0
2016-10-21 00:00:00+08:00,16.881295336265218,16.92607262381566,16.70218276977539,16.70218276977539,77001,0.0,0.0
2016-10-24 00:00:00+08:00,16.791741101905576,16.791741101905576,16.38873863220215,16.38873863220215,210189,0.0,0.0
2016-10-25 00:00:00+08:00,16.56784874600636,16.612626032332567,16.388736184413563,16.47829246520996,98146,0.0,0.0
2016-10-26 00:00:00+08:00,16.47829419723425,16.657406777653467,16.47829419723425,16.523073196411133,58647,0.0,0.0
2016-10-27 00:00:00+08:00,16.523074308169086,16.657407898450078,16.29918442165267,16.343961715698242,164002,0.0,0.0
2016-10-28 00:00:00+08:00,16.388739009743816,16.478295305979238,16.25440541946282,16.343961715698242,82319,0.0,0.0
2016-10-31 00:00:00+08:00,16.433517633360438,16.433517633360438,16.25440504501575,16.38873863220215,53500,0.0,0.0
2016-11-01 00:00:00+08:00,16.56785022468357,16.56785022468357,16.164847779203885,16.254404067993164,119496,0.0,0.0
2016-11-02 00:00:00+08:00,16.254403971328063,16.254403971328063,15.672290659875786,15.85140323638916,363004,0.0,0.0
2016-11-03 00:00:00+08:00,15.851403964810391,15.985737549296402,15.537957795580224,15.717068672180176,140100,0.0,0.0
2016-11-04 00:00:00+08:00,15.717068672180176,15.851403964810391,15.672291380066238,15.717068672180176,97152,0.0,0.0
2016-11-07 00:00:00+08:00,15.717068672180176,15.940958549038264,15.672291380066238,15.717068672180176,102100,0.0,0.0
2016-11-08 00:00:00+08:00,15.761847059620576,15.761847059620576,15.537957191467285,15.537957191467285,92535,0.0,0.0
2016-11-09 00:00:00+08:00,15.582734039383029,15.672290325730305,14.149839436330913,14.284173011779785,607243,0.0,0.0
2016-11-10 00:00:00+08:00,14.55284201546538,15.045399061961911,14.55284201546538,14.866288185119629,196105,0.0,0.0
2016-11-11 00:00:00+08:00,15.134957141786387,15.672293252057232,15.134957141786387,15.314069747924805,408201,0.0,0.0
2016-11-14 00:00:00+08:00,15.403626050994013,15.403626050994013,15.04540083871718,15.314069747924805,164200,0.0,0.0
2016-11-15 00:00:00+08:00,15.94095747707793,16.523072484279613,15.672290326172607,16.030513763427734,685200,0.0,0.0
2016-11-16 00:00:00+08:00,16.030513220467686,16.38873664558964,15.98573593288145,16.12006950378418,305001,0.0,0.0
2016-11-17 00:00:00+08:00,16.120070488881314,16.43351664557172,16.120070488881314,16.254404067993164,298001,0.0,0.0
2016-11-18 00:00:00+08:00,16.25440395833917,16.746962689285283,16.25440395833917,16.56785011291504,537641,0.0,0.0
2016-11-21 00:00:00+08:00,16.926074938959047,17.015631234453444,16.56785146512572,16.657407760620117,466495,0.0,0.0
2016-11-22 00:00:00+08:00,16.746962689285283,16.836517269326283,16.56785011291504,16.56785011291504,324088,0.0,0.0
2016-11-23 00:00:00+08:00,16.567851602214656,16.657407898450078,16.343961715698242,16.343961715698242,289742,0.0,0.0
2016-11-24 00:00:00+08:00,16.433518011933664,16.567851602214656,16.343961715698242,16.343961715698242,266155,0.0,0.0
2016-11-25 00:00:00+08:00,16.343961339188095,16.433517633360438,16.29918404617404,16.38873863220215,108598,0.0,0.0
2016-11-28 00:00:00+08:00,17.015631234453444,17.06040852812851,16.61262875880079,16.657407760620117,430294,0.0,0.0
2016-11-29 00:00:00+08:00,16.746962689285283,16.836517269326283,16.478293824729917,16.56785011291504,161228,0.0,0.0
2016-11-30 00:00:00+08:00,16.567851642612823,16.702185233221368,16.523074348458067,16.612628936767578,193382,0.0,0.0
2016-12-01 00:00:00+08:00,16.657404943679577,16.926072076584095,16.657404943679577,16.791738510131836,163567,0.0,0.0
2016-12-02 00:00:00+08:00,16.791741349789582,16.926074938959047,16.657407760620117,16.657407760620117,282501,0.0,0.0
2016-12-05 00:00:00+08:00,16.88129632668342,18.314191818237305,16.65740645950763,18.314191818237305,2531114,0.0,0.0
2016-12-06 00:00:00+08:00,19.075416695876818,20.060532489010253,18.89630582048977,19.65753173828125,5456685,0.0,0.0
2016-12-07 00:00:00+08:00,20.2396448247806,21.135204315185547,20.150088534111273,21.135204315185547,7582426,0.0,0.0
2016-12-08 00:00:00+08:00,21.269536902273966,21.448649475234962,20.373977453757167,21.000869750976562,4928737,0.0,0.0
2016-12-09 00:00:00+08:00,20.597868334365085,21.672540408980932,20.463534752074146,21.403871536254883,4511060,0.0,0.0
2016-12-12 00:00:00+08:00,21.49342808074232,21.76209524849392,20.82175845321912,21.67254066467285,3171119,0.0,0.0
2016-12-13 00:00:00+08:00,21.6725414893114,23.463660564191873,20.956092834472656,20.956092834472656,11297706,0.0,0.0
2016-12-14 00:00:00+08:00,21.269537635755338,21.627761085886597,20.821757896055225,20.866535186767578,4626458,0.0,0.0
2016-12-15 00:00:00+08:00,20.821759245485474,21.3143163078199,20.68742565649829,20.956092834472656,1845617,0.0,0.0
2016-12-16 00:00:00+08:00,21.000871703123035,22.165098411158514,21.000871703123035,21.26953887939453,3773901,0.0,0.0
2016-12-19 00:00:00+08:00,21.224762516101855,21.224762516101855,19.388864370652797,19.70231056213379,3343148,0.0,0.0
2016-12-20 00:00:00+08:00,20.01575618892532,20.150089779157515,19.299307527446487,19.791866302490234,1395000,0.0,0.0
2016-12-21 00:00:00+08:00,20.15008888837011,20.866535810032257,20.15008888837011,20.194866180419922,2833057,0.0,0.0
2016-12-22 00:00:00+08:00,20.194865808943128,20.194865808943128,19.38886260986328,19.38886260986328,1357302,0.0,0.0
2016-12-23 00:00:00+08:00,19.478418350219727,19.926198082408686,19.433641060258477,19.478418350219727,995004,0.0,0.0
2016-12-26 00:00:00+08:00,19.52319516511168,19.970974886404555,19.52319516511168,19.836641311645508,845466,0.0,0.0
2016-12-27 00:00:00+08:00,19.881422551718334,21.806875228881836,19.881422551718334,21.806875228881836,4181148,0.0,0.0
2016-12-28 00:00:00+08:00,22.836767196655273,23.37410323702894,22.120320281586505,22.836767196655273,12830946,0.0,0.0
2016-12-29 00:00:00+08:00,22.747210200473347,23.821882247924805,22.61287662157795,23.821882247924805,7195576,0.0,0.0
2016-12-30 00:00:00+08:00,24.00099206097261,24.76221791874305,21.941206053494057,22.20987319946289,12858589,0.0,0.0
2017-01-03 00:00:00+08:00,22.165098609924318,22.702434675430123,21.8068751356352,22.388988494873047,2963913,0.0,0.0
2017-01-04 00:00:00+08:00,22.791989849517766,23.10543430650698,22.299431101981234,22.568099975585938,2759257,0.0,0.0
2017-01-05 00:00:00+08:00,22.38898725611381,22.568099837420387,21.941207510991532,21.985984802246094,2918108,0.0,0.0
2017-01-06 00:00:00+08:00,22.165097206936082,22.74721052932779,22.030763626098633,22.030763626098633,3103489,0.0,0.0
2017-01-09 00:00:00+08:00,22.165097206936082,22.612876948490346,21.94120733615895,22.030763626098633,2110241,0.0,0.0
2017-01-10 00:00:00+08:00,22.25465611558895,22.52332330887801,21.179983926144,21.35909652709961,2336385,0.0,0.0
2017-01-11 00:00:00+08:00,21.941209917988807,21.941209917988807,21.35909652709961,21.35909652709961,1555692,0.0,0.0
2017-01-12 00:00:00+08:00,21.40387147904936,21.44865047845611,20.2396448247806,21.135204315185547,2224979,0.0,0.0
2017-01-13 00:00:00+08:00,21.314313768708033,22.747209199544617,21.179980195723616,22.20987319946289,6442606,0.0,0.0
2017-01-16 00:00:00+08:00,22.299429891397736,22.836765901292257,21.448649441530165,21.582983016967773,2676120,0.0,0.0
2017-01-17 00:00:00+08:00,21.627763720388668,21.80687632134428,21.135206629977276,21.35909652709961,1370543,0.0,0.0
2017-01-18 00:00:00+08:00,21.941206076188905,21.941206076188905,21.403870075551385,21.62775993347168,1281803,0.0,0.0
2017-01-19 00:00:00+08:00,21.627759309037323,21.89642815567113,21.35909217054752,21.44864845275879,1607203,0.0,0.0
2017-01-20 00:00:00+08:00,21.627760032705197,22.209873324340034,21.179980314810084,21.314313888549805,2417702,0.0,0.0
2017-01-23 00:00:00+08:00,21.44865160495134,21.582985193938526,20.821759245485474,20.956092834472656,1235154,0.0,0.0
2017-01-24 00:00:00+08:00,20.95609147633643,21.314314926467688,20.776980605342874,20.866535186767578,957609,0.0,0.0
2017-02-02 00:00:00+08:00,21.22475831892271,21.493425453838093,20.91131218942544,21.17997932434082,733218,0.0,0.0
2017-02-03 00:00:00+08:00,21.493426698626894,22.56809871681587,21.359093123389293,22.165096282958984,2676818,0.0,0.0
2017-02-06 00:00:00+08:00,22.38898681166494,22.433764102030615,21.762094497680664,21.762094497680664,1361550,0.0,0.0
2017-02-07 00:00:00+08:00,21.941206053494057,22.388985768871486,21.76209348408546,22.20987319946289,1471011,0.0,0.0
2017-02-08 00:00:00+08:00,22.388987137346188,23.1054340424836,22.29943084716797,22.29943084716797,3712613,0.0,0.0
2017-02-09 00:00:00+08:00,22.165094620879422,24.493549346923828,22.165094620879422,24.493549346923828,8263216,0.0,0.0
2017-02-10 00:00:00+08:00,25.523446083407634,25.74733596133226,23.59799347488467,23.642770767211914,12539941,0.0,0.0
2017-02-13 00:00:00+08:00,24.18010753666589,24.94133348593052,23.82188406293673,24.40399742126465,4331584,0.0,0.0
2017-02-14 00:00:00+08:00,25.075665499864872,25.65777882162576,24.35921859741211,24.35921859741211,6417153,0.0,0.0
2017-02-15 00:00:00+08:00,24.62788624806447,24.98610970640748,24.448773664820873,24.851776123046875,2049601,0.0,0.0
2017-02-16 00:00:00+08:00,25.075664661548757,25.209998237749662,23.86665905945241,24.180105209350586,2517989,0.0,0.0
2017-02-17 00:00:00+08:00,24.269662789721462,24.851776123046875,24.045772914739057,24.851776123046875,2274381,0.0,0.0
2017-02-20 00:00:00+08:00,26.911560430735697,27.493675431996234,26.419003423055013,26.866783142089844,7916719,0.0,0.0
2017-02-21 00:00:00+08:00,26.86678511940555,26.86678511940555,25.79211303137165,26.284671783447266,2987864,0.0,0.0
2017-02-22 00:00:00+08:00,26.732452349825493,27.85190176390408,26.28467258419406,27.583232879638672,4922434,0.0,0.0
2017-02-23 00:00:00+08:00,28.65790490515741,28.92657208038556,27.0458984375,27.0458984375,7719482,0.0,0.0
2017-02-24 00:00:00+08:00,26.82200650728714,26.82200650728714,26.329447779455222,26.463781356811523,1944698,0.0,0.0
2017-03-01 00:00:00+08:00,26.642892301431623,27.045894716979788,26.15033531188965,26.15033531188965,1775294,0.0,0.0
2017-03-02 00:00:00+08:00,26.419005053976306,26.732451218279436,25.613001851585526,25.74733543395996,1947916,0.0,0.0
2017-03-03 00:00:00+08:00,26.15033620321305,27.35934007477793,26.060779918022746,26.598115921020508,4059202,0.0,0.0
2017-03-06 00:00:00+08:00,27.18023164721623,27.58323240445538,26.866785475045194,27.090675354003906,2322205,0.0,0.0
2017-03-07 00:00:00+08:00,27.40412190718562,27.493678201643085,27.001119436199147,27.0458984375,1887235,0.0,0.0
2017-03-08 00:00:00+08:00,27.225009877894294,27.269788880115605,26.687673808248537,26.956342697143555,1299323,0.0,0.0
2017-03-09 00:00:00+08:00,27.045895785626858,27.94145522610266,27.001116788716622,27.13545036315918,3482129,0.0,0.0
2017-03-10 00:00:00+08:00,27.135453722198317,27.135453722198317,26.419006764387884,26.64289665222168,1558546,0.0,0.0
2017-03-13 00:00:00+08:00,26.86678739673939,27.672790677012703,26.642897501766562,27.359344482421875,2078844,0.0,0.0
2017-03-14 00:00:00+08:00,27.851901205917038,29.822131110337068,27.58323232703416,27.672788619995117,7518038,0.0,0.0
2017-03-15 00:00:00+08:00,27.404121998272647,28.031012645270106,27.404121998272647,27.583232879638672,1673501,0.0,0.0
2017-03-16 00:00:00+08:00,28.254899663753932,28.254899663753932,27.13545036315918,27.13545036315918,1915818,0.0,0.0
2017-03-17 00:00:00+08:00,27.4041219531771,27.62801183562439,27.090675776122044,27.314565658569336,1618770,0.0,0.0
2017-03-20 00:00:00+08:00,27.58323232703416,27.89667849832541,27.314565156295494,27.672788619995117,1131328,0.0,0.0
2017-03-21 00:00:00+08:00,27.762345376871238,27.762345376871238,27.0458984375,27.0458984375,1511358,0.0,0.0
2017-03-22 00:00:00+08:00,27.045897138694876,28.299680076457175,27.045897138694876,27.225008010864258,6003800,0.0,0.0
2017-03-23 00:00:00+08:00,27.269786834716797,27.71756657447803,27.13545154627311,27.269786834716797,1647513,0.0,0.0
2017-03-24 00:00:00+08:00,27.269787128120942,27.538454291610698,26.911561965942383,26.911561965942383,1288772,0.0,0.0
2017-03-27 00:00:00+08:00,26.911561637384647,27.001117926835914,25.389111549289705,25.52344512939453,2339931,0.0,0.0
2017-03-28 00:00:00+08:00,25.613000601109118,26.060780325925204,24.44877229170083,25.344331741333008,1831391,0.0,0.0
2017-03-29 00:00:00+08:00,25.65777914299561,25.881669016334396,25.47866826921109,25.74733543395996,724619,0.0,0.0
2017-03-30 00:00:00+08:00,25.792113703807235,26.150338881254083,25.747336410698498,25.881669998168945,669315,0.0,0.0
2017-03-31 00:00:00+08:00,25.523448126656668,25.523448126656668,24.627888543265204,25.075668334960938,1326730,0.0,0.0
2017-04-05 00:00:00+08:00,25.344333219583,25.657779386865343,25.07566605228053,25.12044334411621,688068,0.0,0.0
2017-04-06 00:00:00+08:00,25.344331599450264,25.344331599450264,24.493551151948992,24.806997299194336,1075057,0.0,0.0
2017-04-07 00:00:00+08:00,24.851774588167636,25.0756644493223,24.44877215483161,24.806997299194336,800021,0.0,0.0
2017-04-10 00:00:00+08:00,24.538327706702038,25.209997270068758,24.538327706702038,24.89655113220215,679343,0.0,0.0
2017-04-11 00:00:00+08:00,25.344330117180515,25.433886398033476,25.030885696411133,25.030885696411133,916377,0.0,0.0
2017-04-12 00:00:00+08:00,25.030887160349,25.1204417382956,24.44877215483161,24.806997299194336,1023165,0.0,0.0
2017-04-13 00:00:00+08:00,24.67266359318263,25.97122555414769,24.67266359318263,25.12044334411621,2085889,0.0,0.0
2017-04-14 00:00:00+08:00,24.851777128428218,24.9861107172233,22.657655581579554,22.971101760864258,1730326,0.0,0.0
2017-04-17 00:00:00+08:00,23.015881141078005,23.284548323086675,22.388988772198726,22.92632484436035,854263,0.0,0.0
2017-04-18 00:00:00+08:00,23.41888083837247,23.64277071581034,22.971101083496727,23.374103546142578,570617,0.0,0.0
2017-04-19 00:00:00+08:00,23.284547253538587,23.777104300644222,23.194990960934597,23.374103546142578,521124,0.0,0.0
2017-04-20 00:00:00+08:00,23.374102252357073,23.956215559846,23.374102252357073,23.553213119506836,552202,0.0,0.0
2017-04-21 00:00:00+08:00,23.46365854000401,23.73232569480071,23.46365854000401,23.553213119506836,309100,0.0,0.0
2017-04-24 00:00:00+08:00,23.687549402925594,23.732326694563323,22.836767196655273,22.836767196655273,496204,0.0,0.0
2017-04-25 00:00:00+08:00,23.19499202636902,23.19499202636902,22.881545841929384,22.92632484436035,250316,0.0,0.0
2017-04-26 00:00:00+08:00,23.105433323653415,23.55321305246952,23.105433323653415,23.2845458984375,392202,0.0,0.0
2017-04-27 00:00:00+08:00,23.374103596960044,23.732327060010608,23.32932459648859,23.642770767211914,294526,0.0,0.0
2017-04-28 00:00:00+08:00,24.000994051306463,24.045773051444034,23.642770590926883,23.687549591064453,323205,0.0,0.0
2017-05-02 00:00:00+08:00,23.866661971623877,24.13533086495233,23.41888219088743,23.463661193847656,335007,0.0,0.0
2017-05-03 00:00:00+08:00,23.687548717938913,23.777103298624667,23.105433694616693,23.239768981933594,359210,0.0,0.0
2017-05-04 00:00:00+08:00,23.239770740935928,23.284548034667967,22.03076502058393,22.388988494873047,1099483,0.0,0.0
2017-05-05 00:00:00+08:00,22.657654806916906,22.657654806916906,21.941207885742188,21.941207885742188,445236,0.0,0.0
2017-05-08 00:00:00+08:00,22.209875845260136,22.209875845260136,20.86653653909978,20.956092834472656,721194,0.0,0.0
2017-05-09 00:00:00+08:00,20.9560910786145,21.135203654352857,19.74708546274087,20.060531616210938,945320,0.0,0.0
2017-05-10 00:00:00+08:00,20.060532243441944,21.49342776971869,19.970975952772616,21.135204315185547,735389,0.0,0.0
2017-05-11 00:00:00+08:00,21.40387047792267,21.582983050883662,20.866534467183772,21.000869750976562,415237,0.0,0.0
2017-05-12 00:00:00+08:00,21.224760180716014,21.896429785065962,21.13520389184053,21.762094497680664,616961,0.0,0.0
2017-05-15 00:00:00+08:00,21.941206176860593,22.120318747276265,21.314313888549805,21.314313888549805,374051,0.0,0.0
2017-05-16 00:00:00+08:00,21.582983050883662,21.582983050883662,21.000869750976562,21.000869750976562,261000,0.0,0.0
2017-05-17 00:00:00+08:00,20.956091035020165,21.179980900155304,20.597867592432767,20.64264488220215,274002,0.0,0.0
2017-05-18 00:00:00+08:00,20.64264665473972,20.956092834472656,20.239645887778174,20.956092834472656,209200,0.0,0.0
2017-05-19 00:00:00+08:00,21.269537635755338,21.269537635755338,20.866535186767578,20.866535186767578,178345,0.0,0.0
2017-05-22 00:00:00+08:00,21.04564908600433,21.04564908600433,20.642646611738037,20.68742561340332,142104,0.0,0.0
2017-05-23 00:00:00+08:00,20.86653568400939,20.86653568400939,20.463534933562418,20.508312225341797,501976,0.0,0.0
2017-05-24 00:00:00+08:00,20.59786851704474,20.956091975712333,20.373978641859473,20.508312225341797,441259,0.0,0.0
2017-05-25 00:00:00+08:00,20.687424808747686,20.732202100527065,20.41875593363885,20.508312225341797,384302,0.0,0.0
2017-05-26 00:00:00+08:00,20.50831130474989,20.687423880115645,20.50831130474989,20.64264488220215,213609,0.0,0.0
2017-05-31 00:00:00+08:00,20.866535810032257,20.866535810032257,19.970976303882477,20.194866180419922,511681,0.0,0.0
2017-06-01 00:00:00+08:00,20.329200919752054,20.329200919752054,20.10531104930608,20.284421920776367,314300,0.0,0.0
2017-06-02 00:00:00+08:00,20.373980388846448,20.866537473231155,20.373980388846448,20.821760177612305,388101,0.0,0.0
2017-06-05 00:00:00+08:00,23.239769653971567,23.41888052866667,22.7024336135979,22.836767196655273,3968313,0.0,0.0
2017-06-06 00:00:00+08:00,22.926324174868245,22.926324174868245,22.38898811839785,22.433765411376953,541500,0.0,0.0
2017-06-07 00:00:00+08:00,22.2994321992647,23.060658149719238,22.2994321992647,22.388988494873047,977184,0.0,0.0
2017-06-08 00:00:00+08:00,22.433765788605086,22.65765567355382,22.2994321992647,22.388988494873047,332788,0.0,0.0
2017-06-09 00:00:00+08:00,22.568098822912614,22.61287611215429,21.76209395140966,21.85165023803711,404634,0.0,0.0
2017-06-12 00:00:00+08:00,21.67254066467285,21.941207832424453,21.67254066467285,21.67254066467285,226001,0.0,0.0
2017-06-13 00:00:00+08:00,21.717317144076027,21.762094434311315,21.493427276611328,21.493427276611328,227053,0.0,0.0
2017-06-14 00:00:00+08:00,21.53820715637994,21.672542459525165,20.732203878230266,20.821760177612305,431070,0.0,0.0
2017-06-15 00:00:00+08:00,20.866538035878936,21.000873342646393,20.642648135459012,20.73220443725586,214729,0.0,0.0
2017-06-16 00:00:00+08:00,21.135206371377272,21.179983666996122,20.821760177612305,20.821760177612305,217394,0.0,0.0
2017-06-19 00:00:00+08:00,20.91131309421047,21.31431381402047,20.91131309421047,21.04564666748047,232133,0.0,0.0
2017-06-20 00:00:00+08:00,21.31431280398421,21.31431280398421,20.911312103271484,20.911312103271484,175003,0.0,0.0
2017-06-21 00:00:00+08:00,20.821757896055225,21.045647765905283,20.821757896055225,20.866535186767578,146215,0.0,0.0
2017-06-22 00:00:00+08:00,20.911313464496065,21.000869750976562,20.821757178015567,21.000869750976562,176232,0.0,0.0
2017-06-23 00:00:00+08:00,21.045649370100147,22.12032151055446,21.045649370100147,21.224761962890625,804260,0.0,0.0
2017-06-26 00:00:00+08:00,21.493427948627446,21.493427948627446,21.045648199697705,21.090425491333008,219795,0.0,0.0
2017-06-27 00:00:00+08:00,21.179980550976435,22.523319719640615,21.045646975738833,22.165096282958984,950867,0.0,0.0
2017-06-28 00:00:00+08:00,22.388988494873047,22.926324560378852,22.388988494873047,22.388988494873047,2230350,0.0,0.0
2017-06-29 00:00:00+08:00,22.433764102030615,22.612876679781586,21.717317207314988,21.762094497680664,700700,0.0,0.0
2017-06-30 00:00:00+08:00,21.62776166461812,21.941207832424453,21.62776166461812,21.67254066467285,283715,0.0,0.0
2017-07-03 00:00:00+08:00,21.67253985384074,21.67253985384074,21.35909369776133,21.493427276611328,227358,0.0,0.0
2017-07-04 00:00:00+08:00,21.493429143932065,21.493429143932065,21.224761962890625,21.224761962890625,218304,0.0,0.0
2017-07-05 00:00:00+08:00,21.224760118911338,21.493427276611328,21.224760118911338,21.493427276611328,156269,0.0,0.0
2017-07-06 00:00:00+08:00,21.851649891652755,21.851649891652755,21.269536600017922,21.314313888549805,155614,0.0,0.0
2017-07-07 00:00:00+08:00,21.26953887939453,21.35909517419978,21.224761586064034,21.26953887939453,95001,0.0,0.0
2017-07-10 00:00:00+08:00,21.26953901420559,21.3143163078199,20.91131554085835,20.956092834472656,224016,0.0,0.0
2017-07-11 00:00:00+08:00,21.582983207701336,23.015878677368164,21.582983207701336,23.015878677368164,1493316,0.0,0.0
2017-07-12 00:00:00+08:00,23.060657450688108,23.46365991463743,22.568100401989348,22.791990280151367,6917559,0.0,0.0
2017-07-13 00:00:00+08:00,22.523320661497728,23.194990273917007,22.523320661497728,22.88154411315918,2951548,0.0,0.0
2017-07-14 00:00:00+08:00,22.926322121110026,23.105432985125773,22.65765326287028,22.747209548950195,635200,0.0,0.0
2017-07-17 00:00:00+08:00,23.015879779494554,23.060657071132283,22.836767196655273,22.836767196655273,548224,0.0,0.0
2017-07-18 00:00:00+08:00,22.92632249724725,22.92632249724725,22.478542767645326,22.70243263244629,323248,0.0,0.0
2017-07-19 00:00:00+08:00,22.747209922148837,23.508435804100927,22.70243263244629,22.70243263244629,2513001,0.0,0.0
2017-07-20 00:00:00+08:00,22.74721158666337,22.971101467847348,22.433765411376953,22.433765411376953,594142,0.0,0.0
2017-07-21 00:00:00+08:00,22.61287545121075,22.61287545121075,22.25465202331543,22.25465202331543,270146,0.0,0.0
2017-07-24 00:00:00+08:00,22.209875000176055,22.299431292141318,21.49342808074232,21.67254066467285,688300,0.0,0.0
2017-07-25 00:00:00+08:00,21.76209296103202,21.851649243583825,21.627759391276317,21.717315673828125,312606,0.0,0.0
2017-07-26 00:00:00+08:00,21.762094497680664,22.0755406546728,21.717317207314988,21.762094497680664,301501,0.0,0.0
2017-07-27 00:00:00+08:00,21.762096226814055,21.941208818796635,21.762096226814055,21.806875228881836,238301,0.0,0.0
2017-07-28 00:00:00+08:00,21.806872503065538,21.98598336451534,21.582982645145243,21.62775993347168,216037,0.0,0.0
2017-07-31 00:00:00+08:00,21.627762088082044,21.94120826202554,21.448651208788778,21.89643096923828,313410,0.0,0.0
2017-08-01 00:00:00+08:00,22.209875054146657,22.478543930695327,21.896430593722844,21.941207885742188,412243,0.0,0.0
2017-08-02 00:00:00+08:00,22.254653232423774,22.254653232423774,21.762094497680664,21.762094497680664,238630,0.0,0.0
2017-08-03 00:00:00+08:00,21.80687305429741,21.80687305429741,21.493426903656925,21.538204193115234,409801,0.0,0.0
2017-08-04 00:00:00+08:00,21.806873813404017,23.15021304164479,21.806873813404017,22.29943084716797,2062091,0.0,0.0
2017-08-07 00:00:00+08:00,22.47926436820822,22.569181768687407,22.119596481323242,22.119596481323242,400229,0.1,0.0
2017-08-08 00:00:00+08:00,22.344388801829922,23.10868412230106,22.164554003472567,22.569181442260742,1058841,0.0,0.0
2017-08-09 00:00:00+08:00,22.883891812848674,22.883891812848674,22.119596481323242,22.119596481323242,518771,0.0,0.0
2017-08-10 00:00:00+08:00,22.029678062933797,22.164553299904604,21.040590133428392,21.265382766723633,867125,0.0,0.0
2017-08-11 00:00:00+08:00,20.950673891790995,21.26538393875578,20.950673891790995,21.175466537475586,356805,0.0,0.0
2017-08-14 00:00:00+08:00,21.175465897503603,21.175465897503603,19.107374305720647,19.377124786376953,945725,0.0,0.0
2017-08-15 00:00:00+08:00,19.961588727578434,21.31034467633287,19.781753915065092,20.321256637573242,1213793,0.0,0.0
2017-08-16 00:00:00+08:00,19.961588727578434,20.36621448318564,19.871671321321763,20.321256637573242,449560,0.0,0.0
2017-08-17 00:00:00+08:00,20.546048944230392,20.86075900322925,20.366214134793374,20.770841598510742,351086,0.0,0.0
2017-08-18 00:00:00+08:00,20.411171972511383,20.635964607825244,20.321254575379495,20.54604721069336,271200,0.0,0.0
2017-08-21 00:00:00+08:00,21.040591628520275,21.08555118739305,20.635965888856155,20.725881576538086,216252,0.0,0.0
2017-08-22 00:00:00+08:00,21.040592097634423,21.040592097634423,20.6359663489489,20.770841598510742,266264,0.0,0.0
2017-08-23 00:00:00+08:00,20.950674692915914,21.0855516575096,20.6359663489489,20.770841598510742,496145,0.0,0.0
2017-08-24 00:00:00+08:00,20.86075900322925,20.995634252791092,20.725882038635564,20.770841598510742,421102,0.0,0.0
2017-08-25 00:00:00+08:00,21.040592481167153,22.65910065050732,20.86075938348394,22.07463836669922,1723321,0.0,0.0
2017-08-28 00:00:00+08:00,22.254472811218992,22.434307620958755,21.759929656982422,21.759929656982422,608503,0.0,0.0
2017-08-29 00:00:00+08:00,21.849846346195886,22.299431676076722,21.67001324326271,21.894805908203125,358501,0.0,0.0
2017-08-30 00:00:00+08:00,22.029678808194454,24.052812576293945,21.93976140882813,24.052812576293945,3970077,0.0,0.0
2017-08-31 00:00:00+08:00,24.232649567032492,25.49148812693623,23.693146837064635,24.0977725982666,9244552,0.0,0.0
2017-09-01 00:00:00+08:00,23.82802173411085,24.187689643694824,23.468353824526872,23.783063888549805,1205642,0.0,0.0
2017-09-04 00:00:00+08:00,23.783064961464557,25.311654074912987,23.783064961464557,24.18769073486328,3245511,0.0,0.0
2017-09-05 00:00:00+08:00,24.277606789125215,24.862067350301487,24.277606789125215,24.502399444580078,918915,0.0,0.0
2017-09-06 00:00:00+08:00,24.54735707617022,24.59231663588929,23.468353368390073,23.73810386657715,1113092,0.0,0.0
2017-09-07 00:00:00+08:00,24.052813417771283,24.097771261511404,22.928850173950195,22.928850173950195,878590,0.0,0.0
2017-09-08 00:00:00+08:00,22.793975482543495,23.378436040550895,22.793975482543495,23.243560791015625,418093,0.0,0.0
2017-09-11 00:00:00+08:00,23.91793717670589,24.996940816876304,23.91793717670589,24.277605056762695,3581687,0.0,0.0
2017-09-12 00:00:00+08:00,24.72719310464223,25.356613251500438,24.547358286959334,24.63727569580078,2784571,0.0,0.0
2017-09-13 00:00:00+08:00,25.176777507048882,26.07594813230063,24.77215003967285,24.77215003967285,3461125,0.0,0.0
2017-09-14 00:00:00+08:00,25.401569786448484,25.401569786448484,24.32256436614413,24.457441329956055,1539207,0.0,0.0
2017-09-15 00:00:00+08:00,24.951984755489804,24.996942600568033,24.45744159950185,24.502399444580078,950682,0.0,0.0
2017-09-18 00:00:00+08:00,24.862064233192317,24.99693946654873,24.592313766479492,24.592313766479492,845844,0.0,0.0
2017-09-19 00:00:00+08:00,24.727188999835906,25.35660904220802,24.412478978649848,24.592313766479492,1623325,0.0,0.0
2017-09-20 00:00:00+08:00,24.95198430609964,25.131819113237412,24.457441159018504,24.682233810424805,1241457,0.0,0.0
2017-09-21 00:00:00+08:00,24.682233810424805,24.682233810424805,24.682233810424805,24.682233810424805,0,0.0,0.0
2017-09-22 00:00:00+08:00,24.682233810424805,24.682233810424805,24.682233810424805,24.682233810424805,0,0.0,0.0
2017-09-25 00:00:00+08:00,24.682233810424805,24.682233810424805,24.682233810424805,24.682233810424805,0,0.0,0.0
2017-09-26 00:00:00+08:00,24.682233810424805,24.682233810424805,24.682233810424805,24.682233810424805,0,0.0,0.0
2017-09-27 00:00:00+08:00,24.682233810424805,24.682233810424805,24.682233810424805,24.682233810424805,0,0.0,0.0
2017-09-28 00:00:00+08:00,24.682233810424805,24.682233810424805,24.682233810424805,24.682233810424805,0,0.0,0.0
2017-09-29 00:00:00+08:00,24.682233810424805,24.682233810424805,24.682233810424805,24.682233810424805,0,0.0,0.0
2017-10-02 00:00:00+08:00,24.682233810424805,24.682233810424805,24.682233810424805,24.682233810424805,0,0.0,0.0
2017-10-03 00:00:00+08:00,24.682233810424805,24.682233810424805,24.682233810424805,24.682233810424805,0,0.0,0.0
2017-10-05 00:00:00+08:00,24.457439654628292,25.53644328598936,24.457439654628292,24.99694061279297,826514,0.0,0.0
2017-10-06 00:00:00+08:00,25.041901410412063,25.086859254143338,24.277606061757773,24.4124813079834,783957,0.0,0.0
2017-10-11 00:00:00+08:00,24.3225631285044,24.3225631285044,22.659098953141385,22.838932037353516,1019084,0.0,0.0
2017-10-12 00:00:00+08:00,22.83893332737797,23.603228694786964,22.83893332737797,23.243560791015625,393906,0.0,0.0
2017-10-13 00:00:00+08:00,23.558270009970247,25.176776376748506,23.558270009970247,24.367523193359375,1683936,0.0,0.0
2017-10-16 00:00:00+08:00,24.18768707368135,24.18768707368135,23.73810180571318,23.962894439697266,543060,0.0,0.0
2017-10-17 00:00:00+08:00,24.097771494623824,24.097771494623824,23.60322834857125,23.693145751953125,375865,0.0,0.0
2017-10-18 00:00:00+08:00,23.82802152889935,23.82802152889935,22.973808750341156,23.018768310546875,422928,0.0,0.0
2017-10-19 00:00:00+08:00,23.288517626369494,23.288517626369494,22.928849738188575,23.108684539794922,296595,0.0,0.0
2017-10-20 00:00:00+08:00,23.108684236219336,23.108684236219336,22.79397419505842,22.838932037353516,338800,0.0,0.0
2017-10-23 00:00:00+08:00,22.749014965046968,22.793974523020697,22.34438923347406,22.389347076416016,594238,0.0,0.0
2017-10-24 00:00:00+08:00,22.524223155001533,23.018768020849294,22.524223155001533,22.74901580810547,544700,0.0,0.0
2017-10-25 00:00:00+08:00,22.838931764487455,23.018766561582776,22.793973922729492,22.793973922729492,219998,0.0,0.0
2017-10-26 00:00:00+08:00,22.793974657878504,23.288517793292996,22.74901509963878,22.883892059326172,328622,0.0,0.0
2017-10-27 00:00:00+08:00,23.198600254593604,23.198600254593604,22.389347076416016,22.389347076416016,555130,0.0,0.0
2017-10-30 00:00:00+08:00,22.434305173099755,22.65909780323089,21.49017509753,21.714967727661133,650839,0.0,0.0
2017-10-31 00:00:00+08:00,21.714970191182033,22.164555502448874,21.670012346068095,22.029680252075195,205047,0.0,0.0
2017-11-01 00:00:00+08:00,22.07463634357615,22.11959590015035,21.670010624598643,21.804885864257812,436362,0.0,0.0
2017-11-02 00:00:00+08:00,22.119596481323242,22.164554324046954,21.89480383764116,22.119596481323242,198575,0.0,0.0
2017-11-03 00:00:00+08:00,22.254471724526137,22.52422221093193,22.119596481323242,22.119596481323242,225258,0.0,0.0
2017-11-06 00:00:00+08:00,22.119596920003406,22.119596920003406,21.804886869600747,21.939762115478516,159167,0.0,0.0
2017-11-07 00:00:00+08:00,21.984722406961254,22.119597657334936,21.849845441555715,22.029680252075195,149768,0.0,0.0
2017-11-08 00:00:00+08:00,22.209514716469275,22.83893311341453,22.029679908752442,22.479265213012695,321957,0.0,0.0
2017-11-09 00:00:00+08:00,22.569181457773954,22.569181457773954,21.670010895432615,21.849843978881836,346110,0.0,0.0
2017-11-10 00:00:00+08:00,21.804886136777466,22.0296787773628,21.49017609695165,21.849843978881836,197284,0.0,0.0
2017-11-13 00:00:00+08:00,21.75992926388957,21.984721914487473,21.13050915620272,21.220426559448242,540430,0.0,0.0
2017-11-14 00:00:00+08:00,21.310342199434565,21.445217435627104,20.77083953963274,20.99563217163086,331589,0.0,0.0
2017-11-15 00:00:00+08:00,20.995633069720625,20.995633069720625,20.770840428106983,20.86075782775879,164433,0.0,0.0
2017-11-16 00:00:00+08:00,21.040592193603516,21.310344408989423,20.950674788474878,21.040592193603516,123280,0.0,0.0
2017-11-17 00:00:00+08:00,21.175466153992488,21.22042571133427,20.86075782775879,20.86075782775879,234059,0.0,0.0
2017-11-20 00:00:00+08:00,21.130508311682462,21.130508311682462,20.815798270417012,20.86075782775879,100553,0.0,0.0
2017-11-21 00:00:00+08:00,20.860757668331857,21.17546599216042,20.860757668331857,21.08555030822754,177443,0.0,0.0
2017-11-22 00:00:00+08:00,21.265384106453403,21.984721607335814,20.905716213528095,20.950674057006836,511973,0.0,0.0
2017-11-23 00:00:00+08:00,21.040590012017812,21.085549567436445,20.905714775825277,20.99563217163086,210767,0.0,0.0
2017-11-24 00:00:00+08:00,21.17546524821035,21.35530003982152,20.95067261621223,20.99563217163086,238711,0.0,0.0
2017-11-27 00:00:00+08:00,21.13051014950401,21.535137625613654,21.13051014950401,21.355302810668945,290977,0.0,0.0
2017-11-28 00:00:00+08:00,21.355300163048067,21.535134955696936,21.1754653703992,21.265382766723633,179487,0.0,0.0
2017-11-29 00:00:00+08:00,21.26538393875578,21.44521874131616,21.13050869435138,21.175466537475586,209798,0.0,0.0
2017-11-30 00:00:00+08:00,20.995633287854965,21.400259017944336,20.995633287854965,21.400259017944336,259122,0.0,0.0
2017-12-01 00:00:00+08:00,21.625051828844764,22.29942976589853,21.175466537475586,21.175466537475586,842276,0.0,0.0
2017-12-04 00:00:00+08:00,21.35530225403781,21.35530225403781,21.040592193603516,21.040592193603516,176820,0.0,0.0
2017-12-05 00:00:00+08:00,21.08555118739305,21.130509031234016,20.725881576538086,20.725881576538086,325179,0.0,0.0
2017-12-06 00:00:00+08:00,20.725881540024577,20.950674188897,19.96158790588379,19.96158790588379,473937,0.0,0.0
2017-12-07 00:00:00+08:00,20.096465536147992,20.141423385242888,19.691838034165897,19.781755447387695,259430,0.0,0.0
2017-12-08 00:00:00+08:00,19.78175310077313,20.096463152200883,19.6918356982178,19.96158790588379,157355,0.0,0.0
2017-12-11 00:00:00+08:00,19.78175206251764,19.87166946035361,19.51200158404145,19.601917266845703,349036,0.0,0.0
2017-12-12 00:00:00+08:00,19.961588076205498,19.961588076205498,19.422085371302032,19.73679542541504,136459,0.0,0.0
2017-12-13 00:00:00+08:00,19.871671860390798,19.871671860390798,19.646879196166992,19.646879196166992,102114,0.0,0.0
2017-12-14 00:00:00+08:00,19.96158760707034,19.96158760707034,19.601918002233063,19.691835403442383,160748,0.0,0.0
2017-12-15 00:00:00+08:00,19.871672860609497,19.871672860609497,19.646880185071,19.781755447387695,115029,0.0,0.0
2017-12-18 00:00:00+08:00,19.871670041194907,20.05150312709158,19.871670041194907,19.916627883911133,290117,0.0,0.0
2017-12-19 00:00:00+08:00,19.96158844517909,20.23133894510103,19.96158844517909,20.051504135131836,161040,0.0,0.0
2017-12-20 00:00:00+08:00,20.141421540116433,20.23133894510103,20.051504135131836,20.051504135131836,122820,0.0,0.0
2017-12-21 00:00:00+08:00,20.276295019297702,20.59100505174345,20.096461940065634,20.54604721069336,380533,0.0,0.0
2017-12-22 00:00:00+08:00,20.635966793509755,20.815799891789077,20.546049386854158,20.591007232666016,277459,0.0,0.0
2017-12-25 00:00:00+08:00,20.6809229196355,22.569181442260742,20.63596507756203,22.569181442260742,2640113,0.0,0.0
2017-12-26 00:00:00+08:00,22.299429479379583,22.299429479379583,21.130508422851562,21.130508422851562,757955,0.0,0.0
2017-12-27 00:00:00+08:00,21.355301175167217,21.939761706428598,21.220425931804094,21.400259017944336,417953,0.0,0.0
2017-12-28 00:00:00+08:00,21.445220218141298,21.714970725526463,21.220427556976365,21.355302810668945,244179,0.0,0.0
2017-12-29 00:00:00+08:00,21.355302810668945,21.535137625613654,21.13051014950401,21.355302810668945,228363,0.0,0.0
2018-01-02 00:00:00+08:00,21.445219659166447,21.445219659166447,20.995634348555125,21.040592193603516,213715,0.0,0.0
2018-01-03 00:00:00+08:00,21.040591752957194,21.310343962693768,21.040591752957194,21.220426559448242,180473,0.0,0.0
2018-01-04 00:00:00+08:00,21.35530180680062,21.445219210046144,21.13050915620272,21.220426559448242,178979,0.0,0.0
2018-01-05 00:00:00+08:00,21.400259314884764,21.804886765620335,21.400259314884764,21.670011520385742,703670,0.0,0.0
2018-01-08 00:00:00+08:00,21.670011860644045,21.984721914487473,21.220426559448242,21.220426559448242,342980,0.0,0.0
2018-01-09 00:00:00+08:00,21.40025788020847,21.490175276014057,20.95067261621223,20.99563217163086,187467,0.0,0.0
2018-01-10 00:00:00+08:00,20.99563470510028,21.175467803379597,20.591007232666016,20.591007232666016,211342,0.0,0.0
2018-01-11 00:00:00+08:00,20.77083984600722,20.815797687057312,20.411171972511383,20.54604721069336,176417,0.0,0.0
2018-01-12 00:00:00+08:00,20.95067688415187,20.95067688415187,20.63596850726944,20.8158016204834,139680,0.0,0.0
2018-01-15 00:00:00+08:00,20.8158016204834,21.040594298274865,20.8158016204834,20.8158016204834,110520,0.0,0.0
2018-01-16 00:00:00+08:00,20.950674225806534,20.950674225806534,20.68092373269712,20.725881576538086,226547,0.0,0.0
2018-01-17 00:00:00+08:00,20.680923028455176,20.995633069720625,20.680923028455176,20.86075782775879,185570,0.0,0.0
2018-01-18 00:00:00+08:00,21.175466153992488,21.2653835536443,20.770840428106983,20.86075782775879,199531,0.0,0.0
2018-01-19 00:00:00+08:00,20.770838947808997,21.04058941250807,20.591004161321862,20.68092155456543,157360,0.0,0.0
2018-01-22 00:00:00+08:00,20.680922448875336,20.860757243139105,20.411171972511383,20.54604721069336,144511,0.0,0.0
2018-01-23 00:00:00+08:00,20.45612892897233,20.860756341052564,20.45612892897233,20.68092155456543,177294,0.0,0.0
2018-01-24 00:00:00+08:00,20.725880712369058,21.5351355880189,20.725880712369058,21.08555030822754,441818,0.0,0.0
2018-01-25 00:00:00+08:00,21.35530439018932,21.35530439018932,20.8158016204834,20.8158016204834,180170,0.0,0.0
2018-01-26 00:00:00+08:00,20.860760002734043,20.950675696728847,20.770842593707304,20.905717849731445,171740,0.0,0.0
2018-01-29 00:00:00+08:00,20.90571567006882,21.040590912030655,20.725880870765202,20.86075782775879,105564,0.0,0.0
2018-01-30 00:00:00+08:00,20.815798124933732,20.860757681961285,20.32125500285282,20.366212844848633,225226,0.0,0.0
2018-01-31 00:00:00+08:00,20.41117313782848,20.591006227327604,20.276296176914393,20.456130981445312,94052,0.0,0.0
2018-02-01 00:00:00+08:00,20.36621374797671,20.546048553998116,20.231338500976562,20.231338500976562,134203,0.0,0.0
2018-02-02 00:00:00+08:00,20.276296073125945,20.366213474931147,20.09646298454734,20.18638038635254,91378,0.0,0.0
2018-02-05 00:00:00+08:00,20.141422185197133,20.141422185197133,19.512003760209918,19.871671676635742,128882,0.0,0.0
2018-02-06 00:00:00+08:00,19.332167673110963,19.42208507506202,17.893494386989367,17.98341178894043,597485,0.0,0.0
2018-02-07 00:00:00+08:00,18.477954757758088,18.477954757758088,18.16324642636162,18.20820426940918,190524,0.0,0.0
2018-02-08 00:00:00+08:00,18.208203530289406,18.477954007688417,18.1182861328125,18.1182861328125,149549,0.0,0.0
2018-02-09 00:00:00+08:00,18.1182861328125,18.1182861328125,18.1182861328125,18.1182861328125,0,0.0,0.0
2018-02-12 00:00:00+08:00,17.80357698503831,18.16324659284255,17.80357698503831,17.98341178894043,108003,0.0,0.0
2018-02-21 00:00:00+08:00,18.163248143377487,18.5678739141511,17.983413324123475,18.432998657226562,125072,0.0,0.0
2018-02-22 00:00:00+08:00,18.3430817768126,19.062419359550187,18.3430817768126,18.747709274291992,135969,0.0,0.0
2018-02-23 00:00:00+08:00,18.837623596191406,19.062416232351055,18.70274664247025,18.837623596191406,183146,0.0,0.0
2018-02-26 00:00:00+08:00,19.152335856453284,19.422088104380492,18.972502739533873,19.107378005981445,194663,0.0,0.0
2018-02-27 00:00:00+08:00,19.197291749002034,19.242249590872234,18.792664312043293,18.88258171081543,97919,0.0,0.0
2018-03-01 00:00:00+08:00,18.612832387863293,19.06241769467128,18.56787282816339,18.792665481567383,91769,0.0,0.0
2018-03-02 00:00:00+08:00,18.747706198721204,18.927539278629897,18.612830960031754,18.837623596191406,51120,0.0,0.0
2018-03-05 00:00:00+08:00,18.837623915186455,18.837623915186455,18.388038635253906,18.388038635253906,84032,0.0,0.0
2018-03-06 00:00:00+08:00,18.61283037376396,18.702746053370284,18.432995584487998,18.522912979125977,117018,0.0,0.0
2018-03-07 00:00:00+08:00,18.52291387622732,18.837623915186455,18.388038635253906,18.388038635253906,77632,0.0,0.0
2018-03-08 00:00:00+08:00,18.477953697781164,18.792663726156253,18.477953697781164,18.56787109375,157990,0.0,0.0
2018-03-09 00:00:00+08:00,18.702747072599877,18.88258187167616,18.56787183080854,18.65778923034668,125749,0.0,0.0
2018-03-12 00:00:00+08:00,18.567873632107105,19.152334213256836,18.567873632107105,19.152334213256836,299018,0.0,0.0
2018-03-13 00:00:00+08:00,19.15233303975314,19.28721000139666,19.062417352033208,19.242250442504883,242519,0.0,0.0
2018-03-14 00:00:00+08:00,19.2422490016038,19.46704163413429,19.10737376509184,19.287208557128906,197691,0.0,0.0
2018-03-15 00:00:00+08:00,19.28720867751406,19.64687654880145,19.28720867751406,19.55695915222168,213792,0.0,0.0
2018-03-16 00:00:00+08:00,19.55696005190814,19.55696005190814,19.377125250475586,19.42208480834961,185564,0.0,0.0
2018-03-19 00:00:00+08:00,19.42208480834961,19.55696005190814,19.377125250475586,19.42208480834961,95506,0.0,0.0
2018-03-20 00:00:00+08:00,19.42208480834961,19.55696005190814,19.377125250475586,19.42208480834961,96205,0.0,0.0
2018-03-21 00:00:00+08:00,19.422085205583617,20.231338398517973,19.422085205583617,19.96158790588379,423880,0.0,0.0
2018-03-22 00:00:00+08:00,19.961588816140573,21.040592550912137,19.961588816140573,20.591007232666016,1552777,0.0,0.0
2018-03-23 00:00:00+08:00,20.051502260862886,20.276294894796468,19.51200131144764,19.55695915222168,753864,0.0,0.0
2018-03-26 00:00:00+08:00,19.422084914846206,19.96158760707034,19.422084914846206,19.691835403442383,173695,0.0,0.0
2018-03-27 00:00:00+08:00,20.68092244746141,21.085549877011378,19.73679406522042,19.826709747314453,4024487,0.0,0.0
2018-03-28 00:00:00+08:00,19.8267093486624,19.8267093486624,19.512001037597656,19.512001037597656,384460,0.0,0.0
2018-03-29 00:00:00+08:00,19.512002209065887,19.691835295466667,19.197292164074803,19.42208480834961,247910,0.0,0.0
2018-03-30 00:00:00+08:00,19.332166709729954,19.51200150467036,18.747706198721204,18.837623596191406,647775,0.0,0.0
2018-04-02 00:00:00+08:00,19.062415333292822,19.242248404719884,18.88258054683413,18.972497940063477,176232,0.0,0.0
2018-04-03 00:00:00+08:00,18.702747344970703,18.882582146665943,18.52291425830723,18.702747344970703,123540,0.0,0.0
2018-04-09 00:00:00+08:00,18.7477056082051,18.7477056082051,18.522912979125977,18.522912979125977,99767,0.0,0.0
2018-04-10 00:00:00+08:00,18.522914422841012,18.79266491274822,18.477954864501953,18.477954864501953,156850,0.0,0.0
2018-04-11 00:00:00+08:00,18.432995584487998,18.792663448008263,18.432995584487998,18.522912979125977,377510,0.0,0.0
2018-04-12 00:00:00+08:00,18.522913253281423,18.747705885687672,18.522913253281423,18.56787109375,99640,0.0,0.0
2018-04-13 00:00:00+08:00,18.612831790785652,19.601918062009027,18.612831790785652,19.19729232788086,628563,0.0,0.0
2018-04-16 00:00:00+08:00,19.422083191178572,19.422083191178572,18.972497940063477,18.972497940063477,138265,0.0,0.0
2018-04-17 00:00:00+08:00,19.06241834522246,19.06241834522246,18.61283302307129,18.61283302307129,113976,0.0,0.0
2018-04-18 00:00:00+08:00,18.702748715476005,18.972500937785846,18.522915615634673,18.61283302307129,127910,0.0,0.0
2018-04-19 00:00:00+08:00,18.56787346183703,18.702748715476005,18.56787346183703,18.61283302307129,84700,0.0,0.0
2018-04-20 00:00:00+08:00,18.612831993892065,18.612831993892065,18.253162384033203,18.253162384033203,150700,0.0,0.0
2018-04-23 00:00:00+08:00,18.16324642636162,18.343079513583632,17.98341162410783,18.20820426940918,150469,0.0,0.0
2018-04-24 00:00:00+08:00,18.073328448862473,18.073328448862473,17.75861841247057,17.89349365234375,144251,0.0,0.0
2018-04-25 00:00:00+08:00,17.71366156454991,18.11828730686796,17.71366156454991,18.028369903564453,135863,0.0,0.0
2018-04-26 00:00:00+08:00,18.432996371700547,18.432996371700547,17.398950576782227,17.398950576782227,338502,0.0,0.0
2018-04-27 00:00:00+08:00,17.713661057432756,17.938453701740116,17.2191162109375,17.2191162109375,304350,0.0,0.0
2018-04-30 00:00:00+08:00,17.219115318224024,17.4888675064268,17.219115318224024,17.35399055480957,66790,0.0,0.0
2018-05-02 00:00:00+08:00,17.35399228752926,17.623744502665605,17.35399228752926,17.578784942626953,91295,0.0,0.0
2018-05-03 00:00:00+08:00,17.578784942626953,17.713661907711053,17.35399228752926,17.578784942626953,151910,0.0,0.0
2018-05-04 00:00:00+08:00,17.57878540338253,17.713662372001874,17.443910149795084,17.62374496459961,52600,0.0,0.0
2018-05-07 00:00:00+08:00,17.713662372001874,17.758620218187055,17.443910149795084,17.62374496459961,74039,0.0,0.0
2018-05-08 00:00:00+08:00,17.71366029990959,18.07332817241385,17.71366029990959,17.848535537719727,145413,0.0,0.0
2018-05-09 00:00:00+08:00,17.84853581072993,17.98341105060311,17.713660570856753,17.89349365234375,73580,0.0,0.0
2018-05-10 00:00:00+08:00,17.98341074145842,19.332166547067803,17.80357594803116,18.34307861328125,567301,0.0,0.0
2018-05-11 00:00:00+08:00,18.34308025086044,18.567872905197042,18.208205001264847,18.29812240600586,206545,0.0,0.0
2018-05-14 00:00:00+08:00,18.29812240600586,18.567872905197042,18.208205001264847,18.29812240600586,215701,0.0,0.0
2018-05-15 00:00:00+08:00,18.298122113474975,18.432997360914325,17.98341205942861,18.028369903564453,118910,0.0,0.0
2018-05-16 00:00:00+08:00,19.512001429921924,19.826709747314453,19.24224923854471,19.826709747314453,2976745,0.0,0.0
2018-05-17 00:00:00+08:00,19.826709903919767,19.826709903919767,19.152331992697576,19.601917266845703,1888365,0.0,0.0
2018-05-18 00:00:00+08:00,19.96158760707034,20.096462851368425,19.556960159144296,19.691835403442383,681301,0.0,0.0
2018-05-21 00:00:00+08:00,19.96158844517909,20.321256350085626,19.871671040194492,20.051504135131836,727232,0.0,0.0
2018-05-22 00:00:00+08:00,20.456130571664687,20.456130571664687,19.871670041194907,19.916627883911133,359274,0.0,0.0
2018-05-23 00:00:00+08:00,20.05150597202109,20.05150597202109,19.5569627718492,19.781755447387695,304818,0.0,0.0
2018-05-24 00:00:00+08:00,19.826711113705766,19.961588076205498,19.691835866237856,19.73679542541504,152061,0.0,0.0
2018-05-25 00:00:00+08:00,19.64687802209249,19.961588076205498,19.556960618769946,19.73679542541504,279647,0.0,0.0
2018-05-28 00:00:00+08:00,19.82670889129899,20.905714180158533,19.691833658949452,20.68092155456543,910067,0.0,0.0
2018-05-29 00:00:00+08:00,21.4901772937298,22.74901580810547,21.130509391769873,22.74901580810547,6589880,0.0,0.0
2018-05-30 00:00:00+08:00,22.389349085059273,22.56918390302438,21.71497109023802,21.894805908203125,3376375,0.0,0.0
2018-05-31 00:00:00+08:00,22.29942929126169,24.052812576293945,22.029678808194454,24.052812576293945,5597140,0.0,0.0
2018-06-01 00:00:00+08:00,24.59231663588929,25.40156984548236,23.693146021889916,23.73810386657715,4420102,0.0,0.0
2018-06-04 00:00:00+08:00,23.558268292085778,24.007853551743665,23.198598712334142,23.423391342163086,1945737,0.0,0.0
2018-06-05 00:00:00+08:00,23.872978269036068,24.9969414966749,23.378435134887695,23.378435134887695,3025768,0.0,0.0
2018-06-06 00:00:00+08:00,23.648186994418527,23.648186994418527,23.018768579471804,23.0637264251709,1064900,0.0,0.0
2018-06-07 00:00:00+08:00,23.198601114313337,23.333478078201168,22.74901580810547,22.74901580810547,751768,0.0,0.0
2018-06-08 00:00:00+08:00,22.883891895302877,23.693145072467882,22.479264449204486,23.108684539794922,1385711,0.0,0.0
2018-06-11 00:00:00+08:00,23.468352596188332,23.60322784084394,22.838932501086447,22.883892059326172,664681,0.0,0.0
2018-06-12 00:00:00+08:00,22.25447113980952,22.43430593604289,21.75992802271533,21.804885864257812,1140610,0.0,0.0
2018-06-13 00:00:00+08:00,21.939760357792267,22.1645529879234,21.67000988764757,21.714967727661133,381910,0.0,0.0
2018-06-14 00:00:00+08:00,22.029679412688584,22.029679412688584,21.580094118552083,21.670011520385742,334180,0.0,0.0
2018-06-15 00:00:00+08:00,21.580094118552083,21.89480416745399,21.400259314884764,21.670011520385742,222700,0.0,0.0
2018-06-19 00:00:00+08:00,21.580092796343312,21.670010192667746,21.265382766723633,21.265382766723633,209270,0.0,0.0
2018-06-20 00:00:00+08:00,21.490178435857334,21.490178435857334,20.770842593707304,20.905717849731445,371703,0.0,0.0
2018-06-21 00:00:00+08:00,20.950674788474878,21.4002600990862,20.90571694342649,21.040592193603516,308989,0.0,0.0
2018-06-22 00:00:00+08:00,21.040592550912137,21.13050995756774,20.546049386854158,20.591007232666016,298473,0.0,0.0
2018-06-25 00:00:00+08:00,20.59100505174345,20.680922448875336,20.501087654611563,20.54604721069336,142071,0.0,0.0
2018-06-26 00:00:00+08:00,20.366214019811448,20.50108926861182,19.961588273410328,20.276296615600586,288551,0.0,0.0
2018-06-27 00:00:00+08:00,20.05150441880323,20.81579979943712,20.05150441880323,20.321256637573242,413030,0.0,0.0
2018-06-28 00:00:00+08:00,20.680923355004285,20.950673843187282,20.366213308769602,20.41117286682129,247325,0.0,0.0
2018-06-29 00:00:00+08:00,20.59100562880337,21.2653835536443,20.411172544531503,20.86075782775879,280970,0.0,0.0
2018-07-02 00:00:00+08:00,20.95067292523929,21.08554987845297,20.54604721069336,20.54604721069336,188880,0.0,0.0
2018-07-03 00:00:00+08:00,20.68092338668132,20.68092338668132,20.18638025257774,19.691835403442383,341690,0.0,0.0
2018-07-04 00:00:00+08:00,20.061637107429874,20.431436504108685,20.061637107429874,20.2003116607666,156043,0.6,0.0
2018-07-05 00:00:00+08:00,20.154085563459386,20.431436432503432,19.599387352056507,19.738061904907227,135519,0.0,0.0
2018-07-06 00:00:00+08:00,19.87673835156597,19.87673835156597,18.767338296374014,19.275814056396484,422473,0.0,0.0
2018-07-09 00:00:00+08:00,19.64561076391311,19.64561076391311,19.322035645721325,19.414485931396484,125850,0.0,0.0
2018-07-10 00:00:00+08:00,19.59938621520996,19.691834736186298,19.506935930891114,19.59938621520996,117451,0.0,0.0
2018-07-11 00:00:00+08:00,19.229586419717688,19.368262737543628,18.952237310751066,19.090911865234375,237921,0.0,0.0
2018-07-12 00:00:00+08:00,19.090911897520133,19.36826277029843,19.044687633728397,19.322036743164062,88779,0.0,0.0
2018-07-13 00:00:00+08:00,19.41448974609375,19.784289198112674,19.368265475844964,19.645614624023438,102408,0.0,0.0
2018-07-16 00:00:00+08:00,19.83051523170434,19.83051523170434,19.553164320182987,19.645614624023438,156234,0.0,0.0
2018-07-17 00:00:00+08:00,19.784285310754576,19.784285310754576,19.368261670230172,19.414485931396484,197924,0.0,0.0
2018-07-18 00:00:00+08:00,19.506936591881917,19.922960240399888,19.506936591881917,19.691835403442383,170150,0.0,0.0
2018-07-19 00:00:00+08:00,19.691833917234447,19.78428419770843,19.506935119628906,19.506935119628906,86485,0.0,0.0
2018-07-20 00:00:00+08:00,19.691833917234447,19.691833917234447,19.368260580589144,19.506935119628906,94079,0.0,0.0
2018-07-23 00:00:00+08:00,19.41448700125719,19.41448700125719,19.044687601520817,19.090911865234375,164430,0.0,0.0
2018-07-24 00:00:00+08:00,19.044686506953614,19.183361053466797,19.044686506953614,19.183361053466797,68220,0.0,0.0
2018-07-25 00:00:00+08:00,19.27581247937233,19.36826277029843,19.229586452237964,19.322036743164062,47411,0.0,0.0
2018-07-26 00:00:00+08:00,19.322035645721325,19.414485931396484,19.275811384555016,19.414485931396484,88269,0.0,0.0
2018-07-27 00:00:00+08:00,19.41448517232557,19.553159713745117,19.36826091296654,19.553159713745117,128088,0.0,0.0
2018-07-30 00:00:00+08:00,19.59938761594236,19.59938761594236,19.27581247937233,19.322036743164062,76205,0.0,0.0
2018-07-31 00:00:00+08:00,19.229586452237964,19.460711297881893,19.229586452237964,19.322036743164062,85356,0.0,0.0
2018-08-01 00:00:00+08:00,19.414486807108158,20.708785574913513,19.414486807108158,19.969186782836914,540553,0.0,0.0
2018-08-02 00:00:00+08:00,19.969185973353465,20.154084782206134,19.69183511506065,19.87673568725586,214700,0.0,0.0
2018-08-03 00:00:00+08:00,19.876736790251275,20.015411345421708,19.784286499023438,19.784286499023438,120910,0.0,0.0
2018-08-06 00:00:00+08:00,19.78428506919521,19.96918563828795,19.69183478464884,19.83051109313965,76908,0.0,0.0
2018-08-07 00:00:00+08:00,19.96918708147911,19.96918708147911,19.691836207795603,19.784286499023438,148909,0.0,0.0
2018-08-08 00:00:00+08:00,19.92296377220191,20.01541407604236,19.645614624023438,19.645614624023438,95300,0.0,0.0
2018-08-09 00:00:00+08:00,19.414486178822248,19.414486178822248,18.952236507897908,18.99846076965332,308179,0.0,0.0
2018-08-10 00:00:00+08:00,18.859785843439713,19.229585220106667,18.489986466772763,18.721111297607422,239520,0.0,0.0
2018-08-13 00:00:00+08:00,18.489987451808723,18.859786848176373,17.75038865907342,17.935287475585938,499990,0.0,0.0
2018-08-14 00:00:00+08:00,18.120187759399414,18.305086572891117,17.935287182565126,18.120187759399414,174426,0.0,0.0
2018-08-15 00:00:00+08:00,18.305086135864258,18.397536422074186,17.98151277914332,18.305086135864258,155206,0.0,0.0
2018-08-16 00:00:00+08:00,18.35131220427697,18.628661300223705,18.305086179390816,18.536211013793945,223569,0.0,0.0
2018-08-17 00:00:00+08:00,18.721110911506102,18.767335171382705,18.39753580234244,18.443761825561523,196910,0.0,0.0
2018-08-20 00:00:00+08:00,18.397537197105752,18.44376322382935,18.166412353515625,18.166412353515625,77105,0.0,0.0
2018-08-21 00:00:00+08:00,18.21263838023922,18.2588626436202,18.120188090134647,18.166412353515625,57499,0.0,0.0
2018-08-22 00:00:00+08:00,18.166412021936694,18.305086572891117,18.120187759399414,18.120187759399414,60097,0.0,0.0
2018-08-23 00:00:00+08:00,18.305087384152245,18.397537676666683,18.02773826995159,18.21263885498047,137160,0.0,0.0
2018-08-24 00:00:00+08:00,18.305086572891117,18.305086572891117,18.07396173351955,18.120187759399414,67263,0.0,0.0
2018-08-27 00:00:00+08:00,18.12018624536182,18.39753532409668,18.12018624536182,18.39753532409668,61446,0.0,0.0
2018-08-28 00:00:00+08:00,18.3975368999635,18.443762925940494,18.30508661135211,18.3513126373291,84005,0.0,0.0
2018-08-29 00:00:00+08:00,18.489985604789112,18.53620986346411,18.305085043404247,18.39753532409668,92950,0.0,0.0
2018-08-30 00:00:00+08:00,18.397536422074186,18.489986708284118,18.258861874430565,18.305086135864258,64060,0.0,0.0
2018-08-31 00:00:00+08:00,18.30508771451681,18.443764037462586,18.166413154913727,18.25886344909668,139723,0.0,0.0
2018-09-03 00:00:00+08:00,18.30508690700118,18.30508690700118,18.02773780003007,18.166412353515625,100000,0.0,0.0
2018-09-04 00:00:00+08:00,18.166411498469746,18.166411498469746,17.70416183304638,17.842836380004883,249536,0.0,0.0
2018-09-05 00:00:00+08:00,17.842836855689498,18.02773743212525,17.79661259325185,17.889062881469727,90007,0.0,0.0
2018-09-06 00:00:00+08:00,17.889062069912438,17.93528633025307,17.796611785888672,17.796611785888672,52207,0.0,0.0
2018-09-07 00:00:00+08:00,17.79661168416341,17.842835944239827,17.288137769952883,17.334362030029297,174600,0.0,0.0
2018-09-10 00:00:00+08:00,17.334363017468224,17.334363017468224,16.45608791924613,16.548538208007812,440221,0.0,0.0
2018-09-11 00:00:00+08:00,16.64098845832519,16.64098845832519,16.178738778927265,16.317413330078125,226425,0.0,0.0
2018-09-12 00:00:00+08:00,16.317412997622885,16.36363902262641,16.22496271095839,16.271188735961914,91692,0.0,0.0
2018-09-13 00:00:00+08:00,16.224960944837832,16.825886861073748,16.224960944837832,16.733436584472656,168463,0.0,0.0
2018-09-14 00:00:00+08:00,16.825888065780934,17.195687435319996,16.733437782560546,17.10323715209961,131060,0.0,0.0
2018-09-17 00:00:00+08:00,17.103240966796875,17.103240966796875,16.872116088867188,16.872116088867188,37940,0.0,0.0
2018-09-18 00:00:00+08:00,16.872113337002407,16.872113337002407,16.50231394529827,16.548538208007812,76970,0.0,0.0
2018-09-19 00:00:00+08:00,16.548537445276803,16.733438014278,16.548537445276803,16.687211990356445,70401,0.0,0.0
2018-09-20 00:00:00+08:00,16.779661884364543,16.779661884364543,16.409862518310547,16.409862518310547,87103,0.0,0.0
2018-09-21 00:00:00+08:00,16.548537113592626,16.6872116558928,16.363638311639885,16.640987396240234,94300,0.0,0.0
2018-09-25 00:00:00+08:00,16.640986307871565,16.872111117703113,16.640986307871565,16.733436584472656,71880,0.0,0.0
2018-09-26 00:00:00+08:00,16.687212796968122,16.87211337490688,16.687212796968122,16.7796630859375,33339,0.0,0.0
2018-09-27 00:00:00+08:00,16.872111117703113,16.964561394304205,16.733436584472656,16.733436584472656,48999,0.0,0.0
2018-09-28 00:00:00+08:00,16.733438785531177,16.779663048240725,16.45608791924613,16.548538208007812,86970,0.0,0.0
2018-10-01 00:00:00+08:00,16.409862571292454,16.6872116558928,16.409862571292454,16.640987396240234,67901,0.0,0.0
2018-10-02 00:00:00+08:00,16.548539788364113,16.548539788364113,16.36364095652583,16.502315521240234,60711,0.0,0.0
2018-10-03 00:00:00+08:00,16.456086499276363,16.64098706084495,16.456086499276363,16.594762802124023,61840,0.0,0.0
2018-10-04 00:00:00+08:00,16.502312800659663,16.59476308300878,16.27118797645811,16.409862518310547,80999,0.0,0.0
2018-10-05 00:00:00+08:00,16.40986304627516,16.40986304627516,15.716488551362124,15.901389122009277,354640,0.0,0.0
2018-10-08 00:00:00+08:00,15.808939420597152,15.90138970933543,15.485364291684482,15.531588554382324,229110,0.0,0.0
2018-10-09 00:00:00+08:00,15.531588516056711,15.531588516056711,15.300463676452637,15.300463676452637,160715,0.0,0.0
2018-10-11 00:00:00+08:00,13.913715101440095,13.913715101440095,13.775039672851562,13.775039672851562,668644,0.0,0.0
2018-10-12 00:00:00+08:00,12.434516035616616,13.22034083290656,12.434516035616616,12.89676570892334,960184,0.0,0.0
2018-10-15 00:00:00+08:00,12.20339151339013,12.711866343462908,12.20339151339013,12.480741500854492,623318,0.0,0.0
2018-10-16 00:00:00+08:00,12.711865285002636,13.081664649716037,12.665640143995653,12.804315567016602,273223,0.0,0.0
2018-10-17 00:00:00+08:00,12.989216401822107,13.174116100583758,12.850540966497388,12.942991256713867,218777,0.0,0.0
2018-10-18 00:00:00+08:00,12.989216401822107,13.081665810367278,12.850540966497388,12.942991256713867,69645,0.0,0.0
2018-10-19 00:00:00+08:00,12.942991256713867,12.942991256713867,12.711866412843976,12.942991256713867,119300,0.0,0.0
2018-10-22 00:00:00+08:00,12.66564115866088,13.497691118429767,12.66564115866088,13.266566276550293,148749,0.0,0.0
2018-10-23 00:00:00+08:00,13.174116284242132,13.359015985581442,12.989216582902824,13.081665992736816,79869,0.0,0.0
2018-10-24 00:00:00+08:00,13.081665298857432,13.405240420291602,13.081665298857432,13.220340728759766,374300,0.0,0.0
2018-10-25 00:00:00+08:00,12.942991186071325,12.942991186071325,12.480741500854492,12.480741500854492,168532,0.0,0.0
2018-10-26 00:00:00+08:00,12.61941620431373,12.758091640536104,12.295841949804153,12.388291358947754,228640,0.0,0.0
2018-10-29 00:00:00+08:00,12.480740952147016,12.526966094970703,12.295841262523536,12.526966094970703,88905,0.0,0.0
2018-10-30 00:00:00+08:00,12.526967076026873,12.758091926574707,12.480741929583038,12.758091926574707,81537,0.0,0.0
2018-10-31 00:00:00+08:00,12.758091159599836,13.035441139918127,12.758091159599836,12.89676570892334,146376,0.0,0.0
2018-11-01 00:00:00+08:00,12.850540464024817,13.266565872060543,12.850540464024817,13.220340728759766,111492,0.0,0.0
2018-11-02 00:00:00+08:00,13.312790688655488,13.405240979110985,13.081665844188057,13.174116134643555,116910,0.0,0.0
2018-11-05 00:00:00+08:00,13.127890989415807,13.174116134643555,13.035441580631622,13.174116134643555,14401,0.0,0.0
2018-11-06 00:00:00+08:00,13.174115730663296,13.312790280422817,13.081665443042759,13.127890586853027,58235,0.0,0.0
2018-11-07 00:00:00+08:00,13.127891022185741,13.543915566931338,13.035441613170782,13.405241012573242,156941,0.0,0.0
2018-11-08 00:00:00+08:00,13.497691303259515,13.590140712274472,13.312790721886971,13.405241012573242,133097,0.0,0.0
2018-11-09 00:00:00+08:00,13.59014015536481,13.59014015536481,13.174115627667462,13.451465606689453,99131,0.0,0.0
2018-11-12 00:00:00+08:00,13.266566058552845,13.359015464782715,13.220340914602264,13.359015464782715,29171,0.0,0.0
2018-11-13 00:00:00+08:00,13.174116284242132,13.174116284242132,12.942991437150166,13.081665992736816,94970,0.0,0.0
2018-11-14 00:00:00+08:00,13.081665844188057,13.220341279871302,13.035441580631622,13.174116134643555,70940,0.0,0.0
2018-11-15 00:00:00+08:00,13.220340233071337,13.543914460702016,13.220340233071337,13.497690200805664,146821,0.0,0.0
2018-11-16 00:00:00+08:00,13.497690200805664,13.59013960226961,13.312789634535283,13.497690200805664,54315,0.0,0.0
2018-11-19 00:00:00+08:00,13.497690750138332,13.543915011915932,13.359015319791697,13.451465606689453,34970,0.0,0.0
2018-11-20 00:00:00+08:00,13.405240608733294,13.451465752683873,13.220340914602264,13.359015464782715,106006,0.0,0.0
2018-11-21 00:00:00+08:00,13.266565914565218,13.451465606689453,13.266565914565218,13.451465606689453,85240,0.0,0.0
2018-11-22 00:00:00+08:00,13.497690936211459,13.682590630884638,13.497690936211459,13.590140342712402,97940,0.0,0.0
2018-11-23 00:00:00+08:00,13.59014015536481,13.59014015536481,13.359015319791697,13.451465606689453,52150,0.0,0.0
2018-11-26 00:00:00+08:00,13.451464710765592,13.682589530944824,13.451464710765592,13.682589530944824,69200,0.0,0.0
2018-11-27 00:00:00+08:00,13.72881549899869,14.283514571867853,13.590140069527944,14.237289428710938,234004,0.0,0.0
2018-11-28 00:00:00+08:00,14.191065024215687,14.468414117019663,14.098614738833518,14.329739570617676,219006,0.0,0.0
2018-11-29 00:00:00+08:00,14.422190875816113,14.791990280151367,14.422190875816113,14.791990280151367,302000,0.0,0.0
2018-11-30 00:00:00+08:00,15.716489672660828,15.993838785076605,14.791990280151367,14.791990280151367,1255767,0.0,0.0
2018-12-03 00:00:00+08:00,14.976890893700945,15.069339422461164,14.838214573875302,15.023115158081055,393706,0.0,0.0
2018-12-04 00:00:00+08:00,15.02311434962776,15.06933861152036,14.9306640625,14.9306640625,147080,0.0,0.0
2018-12-05 00:00:00+08:00,14.79199009863459,14.79199009863459,14.607090398735922,14.653315544128418,183337,0.0,0.0
2018-12-06 00:00:00+08:00,14.653315288186468,14.653315288186468,14.375965302347137,14.514639854431152,123420,0.0,0.0
2018-12-07 00:00:00+08:00,14.745764838796193,15.023114827327266,14.607090285366311,14.976890563964844,195971,0.0,0.0
2018-12-10 00:00:00+08:00,14.79198951347964,14.97689008773516,14.79198951347964,14.9306640625,150561,0.0,0.0
2018-12-11 00:00:00+08:00,14.976890893700945,15.254240006666917,14.976890893700945,15.023115158081055,239064,0.0,0.0
2018-12-12 00:00:00+08:00,15.115566118503253,15.624040102536744,15.115566118503253,15.439141273498535,299380,0.0,0.0
2018-12-13 00:00:00+08:00,15.439140649385134,15.670265498846932,15.392914621487177,15.48536491394043,196969,0.0,0.0
2018-12-14 00:00:00+08:00,15.901390162823922,15.993838690856128,15.300464150558737,15.34669017791748,581258,0.0,0.0
2018-12-17 00:00:00+08:00,15.624040102536744,15.716490398727217,15.346690977308064,15.439141273498535,226045,0.0,0.0
2018-12-18 00:00:00+08:00,15.392913818359375,15.577814393618661,15.254239268586197,15.392913818359375,267035,0.0,0.0
2018-12-19 00:00:00+08:00,15.7164888381958,16.918337279309046,15.7164888381958,15.7164888381958,3278353,0.0,0.0
2018-12-20 00:00:00+08:00,15.208015491078838,15.43914033584695,14.144840676142733,14.42219066619873,944940,0.0,0.0
2018-12-21 00:00:00+08:00,14.32974037562296,14.42219066619873,13.91371583137462,14.42219066619873,244000,0.0,0.0
2018-12-24 00:00:00+08:00,14.468414117019663,14.607089545092915,14.329739570617676,14.329739570617676,107919,0.0,0.0
2018-12-25 00:00:00+08:00,14.144840387259414,14.191065531603233,14.006164954227959,14.052390098571777,73003,0.0,0.0
2018-12-26 00:00:00+08:00,14.052389693793556,14.32973967019612,13.913715146427908,14.00616455078125,103880,0.0,0.0
2018-12-27 00:00:00+08:00,14.329740082963392,14.37596522730721,14.052390098571777,14.052390098571777,172116,0.0,0.0
2018-12-28 00:00:00+08:00,14.144840792028905,14.283515347357381,14.098615646362305,14.098615646362305,58119,0.0,0.0
2019-01-02 00:00:00+08:00,14.144840792028905,14.237290201690783,14.098615646362305,14.098615646362305,31152,0.0,0.0
2019-01-03 00:00:00+08:00,14.098614880911464,14.422190001338597,14.098614880911464,14.237289428710938,145956,0.0,0.0
2019-01-04 00:00:00+08:00,14.237290606442956,14.237290606442956,13.867491193939767,14.144841194152832,77940,0.0,0.0
2019-01-07 00:00:00+08:00,14.237289428710938,14.329739715024768,14.14484002406838,14.237289428710938,88120,0.0,0.0
2019-01-08 00:00:00+08:00,14.422190262401863,14.699539363021243,14.375965118408203,14.375965118408203,132253,0.0,0.0
2019-01-09 00:00:00+08:00,14.422189901705893,14.74576413822641,14.422189901705893,14.560864448547363,193397,0.0,0.0
2019-01-10 00:00:00+08:00,14.56086485221881,14.65331514045697,14.422190301532861,14.60708999633789,116820,0.0,0.0
2019-01-11 00:00:00+08:00,15.069338792514815,15.069338792514815,14.60708999633789,14.60708999633789,285156,0.0,0.0
2019-01-14 00:00:00+08:00,15.06933841139419,15.993837743708989,15.023114150115465,15.577814102172852,1904686,0.0,0.0
2019-01-15 00:00:00+08:00,15.57781428935082,16.27118879691828,15.57781428935082,15.7164888381958,1532886,0.0,0.0
2019-01-16 00:00:00+08:00,16.64098757886005,16.825888146184383,15.901388836247712,15.993837356567383,1777100,0.0,0.0
2019-01-17 00:00:00+08:00,16.363640708717785,16.363640708717785,15.439141273498535,15.439141273498535,1034906,0.0,0.0
2019-01-18 00:00:00+08:00,15.624038723856216,15.716489011888784,14.838213920593262,14.838213920593262,916377,0.0,0.0
2019-01-21 00:00:00+08:00,14.930664988730685,14.930664988730685,14.607090727053007,14.699540138244629,321970,0.0,0.0
2019-01-22 00:00:00+08:00,14.653315288186468,14.653315288186468,14.375965302347137,14.514639854431152,239702,0.0,0.0
2019-01-23 00:00:00+08:00,14.514639854431152,14.514639854431152,14.375965302347137,14.514639854431152,139940,0.0,0.0
2019-01-24 00:00:00+08:00,14.514639854431152,14.653315288186468,14.468414709846046,14.514639854431152,109006,0.0,0.0
2019-01-25 00:00:00+08:00,14.607089494862295,14.930663729244655,14.514639209798045,14.884439468383789,242970,0.0,0.0
2019-01-28 00:00:00+08:00,15.069338759003392,15.069338759003392,14.791989658248268,14.838213920593262,183940,0.0,0.0
2019-01-29 00:00:00+08:00,14.838213920593262,14.976890234313402,14.791989658248268,14.838213920593262,215532,0.0,0.0
2019-01-30 00:00:00+08:00,14.83821454443978,14.97689086399032,14.791990280151367,14.791990280151367,253884,0.0,0.0
2019-02-11 00:00:00+08:00,14.791989183319538,14.930663729244655,14.791989183319538,14.884439468383789,177640,0.0,0.0
2019-02-12 00:00:00+08:00,14.9306640625,15.02311434962776,14.838213775372239,14.9306640625,120508,0.0,0.0
2019-02-13 00:00:00+08:00,14.97689008773516,15.06933861152036,14.8844398006074,14.9306640625,133113,0.0,0.0
2019-02-14 00:00:00+08:00,14.930664865978178,15.115565450183931,14.884440601598069,15.023115158081055,224920,0.0,0.0
2019-02-15 00:00:00+08:00,15.023115158081055,15.531589119632889,14.976890893700945,15.023115158081055,365213,0.0,0.0
2019-02-18 00:00:00+08:00,15.11556463675552,15.11556463675552,14.9306640625,14.9306640625,150813,0.0,0.0
2019-02-19 00:00:00+08:00,14.930663302883518,15.069337844848633,14.930663302883518,15.069337844848633,193840,0.0,0.0
2019-02-20 00:00:00+08:00,15.023113585307753,15.115563867731986,14.976889325766871,15.069337844848633,111813,0.0,0.0
2019-02-21 00:00:00+08:00,15.115564203740874,15.346689033267975,15.069338179829947,15.208014488220215,267205,0.0,0.0
2019-02-22 00:00:00+08:00,15.208015006442661,15.670264681248304,15.208015006442661,15.392913818359375,514915,0.0,0.0
2019-02-25 00:00:00+08:00,15.716488649351565,15.716488649351565,15.439139554994139,15.577814102172852,199252,0.0,0.0
2019-02-26 00:00:00+08:00,15.577815024683279,15.670265316058126,15.34669017791748,15.34669017791748,169014,0.0,0.0
2019-02-27 00:00:00+08:00,15.254239855092836,15.254239855092836,15.02311500880355,15.115565299987793,60308,0.0,0.0
2019-03-04 00:00:00+08:00,15.161789595167786,15.34669017791748,15.161789595167786,15.34669017791748,103859,0.0,0.0
2019-03-05 00:00:00+08:00,15.34669017791748,15.439140469292328,15.208015622526531,15.34669017791748,48651,0.0,0.0
2019-03-06 00:00:00+08:00,15.254238268322789,15.254238268322789,15.069337705187955,15.161787986755371,88133,0.0,0.0
2019-03-07 00:00:00+08:00,15.208015799923338,15.48536491394043,15.115565507470086,15.48536491394043,907566,0.0,0.0
2019-03-08 00:00:00+08:00,15.439140469292328,15.531588997324533,15.161789595167786,15.34669017791748,161025,0.0,0.0
2019-03-11 00:00:00+08:00,15.624038655762197,15.670264681248304,15.392913818359375,15.392913818359375,383431,0.0,0.0
2019-03-12 00:00:00+08:00,15.48536425347293,15.577814541983077,15.300463676452637,15.300463676452637,333551,0.0,0.0
2019-03-13 00:00:00+08:00,15.48536491394043,15.947614612864024,15.346690356931884,15.48536491394043,553371,0.0,0.0
2019-03-14 00:00:00+08:00,15.485363719724447,16.40986304627516,15.485363719724447,15.901389122009277,2083161,0.0,0.0
2019-03-15 00:00:00+08:00,15.90139034830873,15.90139034830873,15.48536491394043,15.48536491394043,376303,0.0,0.0
2019-03-18 00:00:00+08:00,15.485363916917281,15.531588178496433,15.161788795835575,15.254239082336426,337118,0.0,0.0
2019-03-19 00:00:00+08:00,15.346689368837279,15.531588178496433,15.161788795835575,15.254239082336426,188009,0.0,0.0
2019-03-20 00:00:00+08:00,15.254238748788632,15.346689033267975,15.16178846430929,15.208014488220215,154795,0.0,0.0
2019-03-21 00:00:00+08:00,15.208014488220215,15.346689033267975,15.16178846430929,15.208014488220215,116820,0.0,0.0
2019-03-22 00:00:00+08:00,15.346689033267975,15.439139317747316,15.208014488220215,15.208014488220215,149883,0.0,0.0
2019-03-25 00:00:00+08:00,15.069338759003392,15.115564784690964,14.838213920593262,14.838213920593262,140725,0.0,0.0
2019-03-26 00:00:00+08:00,14.838214247192345,15.161789380757147,14.838214247192345,14.976890563964844,42859,0.0,0.0
2019-03-27 00:00:00+08:00,15.208015742286808,15.208015742286808,14.976890893700945,15.023115158081055,71770,0.0,0.0
2019-03-28 00:00:00+08:00,15.069338275169772,15.161788560234022,14.884439468383789,14.884439468383789,58262,0.0,0.0
2019-03-29 00:00:00+08:00,15.02311434962776,15.11556463675552,14.838213775372239,14.9306640625,103744,0.0,0.0
2019-04-01 00:00:00+08:00,15.06933861152036,15.06933861152036,14.8844398006074,14.9306640625,107280,0.0,0.0
2019-04-02 00:00:00+08:00,14.976890893700945,15.069339422461164,14.930664865978178,15.023115158081055,107037,0.0,0.0
2019-04-03 00:00:00+08:00,14.930664537259805,15.115565117394727,14.930664537259805,14.976890563964844,86390,0.0,0.0
2019-04-08 00:00:00+08:00,14.930664865978178,15.069339422461164,14.930664865978178,15.023115158081055,123206,0.0,0.0
2019-04-09 00:00:00+08:00,15.161787986755371,15.161787986755371,15.069337705187955,15.161787986755371,114340,0.0,0.0
2019-04-10 00:00:00+08:00,15.161788980956555,15.485364105989017,15.161788980956555,15.392913818359375,197216,0.0,0.0
2019-04-11 00:00:00+08:00,15.392912809002686,15.392912809002686,15.023113446075474,15.161787986755371,185794,0.0,0.0
2019-04-12 00:00:00+08:00,15.300462669237984,15.300462669237984,15.023113585307753,15.069337844848633,109499,0.0,0.0
2019-04-15 00:00:00+08:00,15.069339272724353,15.39291441019788,15.069339272724353,15.115565299987793,195796,0.0,0.0
2019-04-16 00:00:00+08:00,15.161789595167786,15.392914441933584,15.115565331151684,15.34669017791748,192759,0.0,0.0
2019-04-17 00:00:00+08:00,15.439140649385134,15.90139034830873,15.346690356931884,15.48536491394043,551336,0.0,0.0
2019-04-18 00:00:00+08:00,15.531587838884148,15.531587838884148,14.976889658693116,15.208014488220215,211861,0.0,0.0
2019-04-19 00:00:00+08:00,15.208014488220215,15.39291329383639,15.115564203740874,15.208014488220215,108092,0.0,0.0
2019-04-22 00:00:00+08:00,15.161789563908595,15.254239855092836,15.069339272724353,15.115565299987793,77259,0.0,0.0
2019-04-23 00:00:00+08:00,15.115565117394727,15.161789380757147,14.976890563964844,14.976890563964844,84173,0.0,0.0
2019-04-24 00:00:00+08:00,14.97689008773516,15.06933861152036,14.9306640625,14.9306640625,117016,0.0,0.0
2019-04-25 00:00:00+08:00,14.884440273897384,15.34668996089207,14.884440273897384,14.976890563964844,195880,0.0,0.0
2019-04-26 00:00:00+08:00,14.976889325766871,15.069337844848633,14.884439043342637,15.069337844848633,78499,0.0,0.0
2019-04-29 00:00:00+08:00,15.069339392567144,15.208015712117685,14.791990280151367,14.791990280151367,201321,0.0,0.0
2019-04-30 00:00:00+08:00,14.791989983829923,15.115565117394727,14.791989983829923,14.976890563964844,90256,0.0,0.0
2019-05-02 00:00:00+08:00,14.930663302883518,15.115563867731986,14.930663302883518,15.069337844848633,55816,0.0,0.0
2019-05-03 00:00:00+08:00,14.976889325766871,15.161788127272867,14.930663302883518,15.069337844848633,65028,0.0,0.0
2019-05-06 00:00:00+08:00,14.884439946280835,14.884439946280835,14.791989658248268,14.838213920593262,120203,0.0,0.0
2019-05-07 00:00:00+08:00,14.884440273897384,15.069339090689688,14.884440273897384,14.976890563964844,91195,0.0,0.0
2019-05-08 00:00:00+08:00,14.9306640625,14.97689008773516,14.838213775372239,14.9306640625,34280,0.0,0.0
2019-05-09 00:00:00+08:00,14.838214667722664,14.838214667722664,14.237290410267281,14.468415260314941,179276,0.0,0.0
2019-05-10 00:00:00+08:00,14.46841426282424,14.56086454913807,14.14484002406838,14.237289428710938,92999,0.0,0.0
2019-05-13 00:00:00+08:00,14.42219078435718,14.42219078435718,14.006165355029106,14.098615646362305,92058,0.0,0.0
2019-05-14 00:00:00+08:00,13.913715146427908,14.052389693793556,13.913715146427908,14.00616455078125,61090,0.0,0.0
2019-05-15 00:00:00+08:00,14.006165753210627,14.144841194152832,13.913716340920502,14.144841194152832,98973,0.0,0.0
2019-05-16 00:00:00+08:00,14.14484060894113,14.14484060894113,13.867490620202812,13.959940910339355,86086,0.0,0.0
2019-05-17 00:00:00+08:00,13.95994024430294,13.95994024430294,13.682590268797142,13.775039672851562,58305,0.0,0.0
2019-05-20 00:00:00+08:00,13.775040295691278,13.775040295691278,13.590140597550912,13.728816032409668,49316,0.0,0.0
2019-05-21 00:00:00+08:00,13.405241044901185,13.682591035957541,13.405241044901185,13.63636589050293,42095,0.0,0.0
2019-05-22 00:00:00+08:00,13.728815411659985,13.775039672851562,13.682590268797142,13.775039672851562,40499,0.0,0.0
2019-05-23 00:00:00+08:00,13.636366040522502,13.636366040522502,13.497691484304362,13.543915748596191,40820,0.0,0.0
2019-05-24 00:00:00+08:00,13.590140342712402,13.636365486798521,13.543915198626285,13.590140342712402,25147,0.0,0.0
2019-05-27 00:00:00+08:00,13.590140111823438,13.590140111823438,13.220340728759766,13.220340728759766,97987,0.0,0.0
2019-05-28 00:00:00+08:00,13.312790133690045,13.405240420291602,13.220340728759766,13.220340728759766,61728,0.0,0.0
2019-05-29 00:00:00+08:00,13.22034146061836,13.359016016526239,13.22034146061836,13.312790870666504,26451,0.0,0.0
2019-05-30 00:00:00+08:00,13.312790721886971,13.497691303259515,13.312790721886971,13.405241012573242,28260,0.0,0.0
2019-05-31 00:00:00+08:00,13.359014776102878,13.59013960226961,13.220340233071337,13.497690200805664,206500,0.0,0.0
2019-06-03 00:00:00+08:00,13.405239917670473,13.497690200805664,13.312789634535283,13.497690200805664,38529,0.0,0.0
2019-06-04 00:00:00+08:00,13.405240463240576,13.451465606689453,13.359015319791697,13.451465606689453,24437,0.0,0.0
2019-06-05 00:00:00+08:00,13.590140745048318,13.77504044519545,13.451466190355797,13.63636589050293,136502,0.0,0.0
2019-06-06 00:00:00+08:00,13.451466338341207,13.543915748596191,13.405241192378051,13.543915748596191,28531,0.0,0.0
2019-06-10 00:00:00+08:00,13.543915158913745,13.543915158913745,13.359015464782715,13.359015464782715,24109,0.0,0.0
2019-06-11 00:00:00+08:00,13.405240463240576,13.543915011915932,13.405240463240576,13.451465606689453,29060,0.0,0.0
2019-06-12 00:00:00+08:00,13.543915748596191,13.636366040522502,13.405241192378051,13.543915748596191,38250,0.0,0.0
2019-06-13 00:00:00+08:00,13.54391484020861,14.052389648357362,13.54391484020861,13.775039672851562,86590,0.0,0.0
2019-06-14 00:00:00+08:00,13.867490736104674,13.9599410270139,13.543915599593705,13.63636589050293,28032,0.0,0.0
2019-06-17 00:00:00+08:00,13.543915718293848,13.543915718293848,13.22034146061836,13.312790870666504,73851,0.0,0.0
2019-06-18 00:00:00+08:00,13.312790539589146,13.312790539589146,13.266566276550293,13.266566276550293,31086,0.0,0.0
2019-06-19 00:00:00+08:00,13.405240608733294,13.405240608733294,13.220340914602264,13.359015464782715,129173,0.0,0.0
2019-06-20 00:00:00+08:00,13.405241162385972,13.405241162385972,13.266566606478095,13.312790870666504,58949,0.0,0.0
2019-06-21 00:00:00+08:00,13.359015684299301,13.359015684299301,13.266566276550293,13.266566276550293,42501,0.0,0.0
2019-06-24 00:00:00+08:00,13.220340728759766,13.312790133690045,13.220340728759766,13.220340728759766,89230,0.0,0.0
2019-06-25 00:00:00+08:00,13.312790133690045,13.636365255124215,13.220340728759766,13.220340728759766,189110,0.0,0.0
2019-06-26 00:00:00+08:00,13.266566276550293,13.312790539589146,13.266566276550293,13.266566276550293,45705,0.0,0.0
2019-06-27 00:00:00+08:00,13.359015684299301,13.405240829009456,13.266566276550293,13.266566276550293,21940,0.0,0.0
2019-06-28 00:00:00+08:00,13.266566606478095,13.312790870666504,13.266566606478095,13.312790870666504,19000,0.0,0.0
2019-07-01 00:00:00+08:00,13.405240829009456,13.405240829009456,13.266566276550293,13.266566276550293,79046,0.0,0.0
2019-07-02 00:00:00+08:00,13.312790133690045,13.359015276990823,13.174115585458987,13.220340728759766,107919,0.0,0.0
2019-07-03 00:00:00+08:00,13.312790133690045,13.312790133690045,13.174115585458987,13.220340728759766,38000,0.0,0.0
2019-07-04 00:00:00+08:00,13.266565872060543,13.312790133690045,13.220340728759766,13.220340728759766,120000,0.0,0.0
2019-07-05 00:00:00+08:00,13.220341312872012,13.405241012573242,13.220341312872012,13.405241012573242,52000,0.0,0.0
2019-07-08 00:00:00+08:00,13.543915748596191,13.543915748596191,13.405241192378051,13.543915748596191,115000,0.0,0.0
2019-07-09 00:00:00+08:00,13.451466308245704,13.451466308245704,13.312790870666504,13.312790870666504,102000,0.0,0.0
2019-07-10 00:00:00+08:00,13.312790870666504,13.312790870666504,13.174116314758628,13.312790870666504,217000,0.0,0.0
2019-07-11 00:00:00+08:00,13.407207489013672,13.407207489013672,13.218373758267331,13.407207489013672,54717,0.3,0.0
2019-07-12 00:00:00+08:00,13.548833462396116,13.548833462396116,13.359998831219523,13.407207489013672,65162,0.0,0.0
2019-07-15 00:00:00+08:00,13.407207616780381,13.454416275024414,13.312791200722577,13.454416275024414,70533,0.0,0.0
2019-07-16 00:00:00+08:00,13.407206403299812,13.454415057271008,13.312789995787597,13.359997749328613,64291,0.0,0.0
2019-07-17 00:00:00+08:00,13.359997749328613,13.407206403299812,13.265581341816398,13.359997749328613,61941,0.0,0.0
2019-07-18 00:00:00+08:00,13.359997749328613,13.407206403299812,13.312789995787597,13.359997749328613,46171,0.0,0.0
2019-07-19 00:00:00+08:00,13.359998497455058,13.359998497455058,13.265582084655762,13.265582084655762,81515,0.0,0.0
2019-07-22 00:00:00+08:00,13.548832970059546,13.690458037865376,13.359998345744813,13.596040725708008,363814,0.0,0.0
2019-07-23 00:00:00+08:00,13.596040725708008,13.784875350022743,13.407207001823496,13.596040725708008,270385,0.0,0.0
2019-07-24 00:00:00+08:00,13.596041477986429,13.596041477986429,13.501625061035156,13.501625061035156,43320,0.0,0.0
2019-07-25 00:00:00+08:00,13.501624804601969,13.548833462396116,13.312791073855628,13.407207489013672,94398,0.0,0.0
2019-07-26 00:00:00+08:00,13.407207489013672,13.45441614680782,13.359998831219523,13.407207489013672,23940,0.0,0.0
2019-07-29 00:00:00+08:00,13.454416402344386,13.501625061035156,13.454416402344386,13.501625061035156,36001,0.0,0.0
2019-07-30 00:00:00+08:00,13.407207284383498,13.407207284383498,13.312790870666504,13.312790870666504,74499,0.0,0.0
2019-07-31 00:00:00+08:00,13.265581934017666,13.596040725708008,13.265581934017666,13.596040725708008,50697,0.0,0.0
2019-08-01 00:00:00+08:00,13.59604011875442,13.59604011875442,13.312789995787597,13.359997749328613,78071,0.0,0.0
2019-08-02 00:00:00+08:00,13.690458193328176,14.068125645385825,13.265582084655762,13.265582084655762,311180,0.0,0.0
2019-08-05 00:00:00+08:00,13.265582581056446,13.265582581056446,12.982331531198783,13.076748847961426,170437,0.0,0.0
2019-08-06 00:00:00+08:00,12.840706330705364,13.076748719869578,12.60466394154115,13.029540061950684,78970,0.0,0.0
2019-08-07 00:00:00+08:00,13.029539803897027,13.029539803897027,12.9351224899292,12.9351224899292,31119,0.0,0.0
2019-08-08 00:00:00+08:00,12.982331146913113,13.076748460880939,12.887913832945285,12.9351224899292,51059,0.0,0.0
2019-08-12 00:00:00+08:00,13.784875982302381,13.879292398360185,13.407207616780381,13.454416275024414,404362,0.0,0.0
2019-08-13 00:00:00+08:00,13.454416039661314,13.737667083740234,13.359998724824926,13.737667083740234,154820,0.0,0.0
2019-08-14 00:00:00+08:00,13.973708845034754,14.115333910520935,13.832082879118365,13.879291534423828,350371,0.0,0.0
2019-08-15 00:00:00+08:00,13.454416528777104,13.596041605750015,13.359999210508311,13.548833847045898,129010,0.0,0.0
2019-08-16 00:00:00+08:00,13.643249381786692,13.832083105671204,13.548832970059546,13.596040725708008,131850,0.0,0.0
2019-08-19 00:00:00+08:00,13.784875350022743,13.784875350022743,13.548832970059546,13.596040725708008,58400,0.0,0.0
2019-08-20 00:00:00+08:00,13.643250264884411,13.690458924018808,13.454416528777104,13.548833847045898,70970,0.0,0.0
2019-08-21 00:00:00+08:00,13.643249381786692,13.643249381786692,13.501624313980862,13.596040725708008,42066,0.0,0.0
2019-08-22 00:00:00+08:00,13.596041477986429,13.596041477986429,13.407207743653613,13.501625061035156,50000,0.0,0.0
2019-08-23 00:00:00+08:00,13.501623711242207,13.501623711242207,13.359997749328613,13.359997749328613,15808,0.0,0.0
2019-08-26 00:00:00+08:00,13.312790610950287,13.312790610950287,13.21837329864502,13.21837329864502,68010,0.0,0.0
2019-08-27 00:00:00+08:00,13.312790870666504,13.407207284383498,13.21837355651927,13.312790870666504,62562,0.0,0.0
2019-08-28 00:00:00+08:00,13.407207616780381,13.59604134932625,13.407207616780381,13.454416275024414,54872,0.0,0.0
2019-08-29 00:00:00+08:00,13.548833719725929,13.548833719725929,13.359999084962842,13.501625061035156,115918,0.0,0.0
2019-08-30 00:00:00+08:00,13.501625061035156,13.596041477986429,13.501625061035156,13.501625061035156,58190,0.0,0.0
2019-09-02 00:00:00+08:00,13.596041605750015,13.690458924018808,13.454416528777104,13.548833847045898,48347,0.0,0.0
2019-09-03 00:00:00+08:00,13.548833719725929,13.69045879536797,13.501625061035156,13.501625061035156,160001,0.0,0.0
2019-09-04 00:00:00+08:00,13.596040725708008,13.690458037865376,13.501624313980862,13.596040725708008,192083,0.0,0.0
2019-09-05 00:00:00+08:00,13.548832970059546,13.737666693944059,13.548832970059546,13.596040725708008,74031,0.0,0.0
2019-09-06 00:00:00+08:00,13.690459004086945,14.209752456741818,13.690459004086945,13.973710060119629,518365,0.0,0.0
2019-09-10 00:00:00+08:00,13.973708845034754,14.068125255215472,13.78487512424311,13.879291534423828,59677,0.0,0.0
2019-09-11 00:00:00+08:00,13.7376659977414,13.879291058369901,13.64324869036895,13.690457344055176,68321,0.0,0.0
2019-09-12 00:00:00+08:00,13.73766766349744,13.973710060119629,13.596041685265956,13.973710060119629,95532,0.0,0.0
2019-09-16 00:00:00+08:00,14.351377534543015,14.351377534543015,13.879292741298638,13.973710060119629,66242,0.0,0.0
2019-09-17 00:00:00+08:00,13.973708712991188,14.020917367850556,13.737666339124548,13.832082748413086,47397,0.0,0.0
2019-09-18 00:00:00+08:00,13.832083237401628,13.832083237401628,13.501624442564149,13.64324951171875,99374,0.0,0.0
2019-09-19 00:00:00+08:00,13.643249381786692,13.643249381786692,13.548832970059546,13.596040725708008,52344,0.0,0.0
2019-09-20 00:00:00+08:00,13.643249896175233,13.784875869750977,13.596041238316651,13.784875869750977,65969,0.0,0.0
2019-09-23 00:00:00+08:00,13.879291058369901,13.926499712056126,13.64324869036895,13.690457344055176,69224,0.0,0.0
2019-09-24 00:00:00+08:00,13.784875741158428,13.832083498146376,13.548833354497704,13.737667083740234,78474,0.0,0.0
2019-09-25 00:00:00+08:00,13.832083237401628,13.832083237401628,13.64324951171875,13.64324951171875,53940,0.0,0.0
2019-09-26 00:00:00+08:00,13.643250264884411,13.784876242287602,13.548833847045898,13.548833847045898,104047,0.0,0.0
2019-09-27 00:00:00+08:00,13.69045879536797,13.832083871010013,13.501625061035156,13.501625061035156,74110,0.0,0.0
2019-10-01 00:00:00+08:00,13.501624442564149,13.64324951171875,13.501624442564149,13.64324951171875,70899,0.0,0.0
2019-10-02 00:00:00+08:00,13.690457344055176,13.690457344055176,13.501623629740449,13.690457344055176,54269,0.0,0.0
2019-10-03 00:00:00+08:00,13.69045842632204,13.784875741158428,13.548833354497704,13.737667083740234,76400,0.0,0.0
2019-10-04 00:00:00+08:00,13.784875741158428,13.784875741158428,13.40720738224312,13.737667083740234,96810,0.0,0.0
2019-10-07 00:00:00+08:00,13.501623629740449,13.7376659977414,13.501623629740449,13.690457344055176,53010,0.0,0.0
2019-10-08 00:00:00+08:00,13.59604111148565,13.832083498146376,13.59604111148565,13.737667083740234,119719,0.0,0.0
2019-10-09 00:00:00+08:00,13.643249768903846,13.737667083740234,13.643249768903846,13.737667083740234,46970,0.0,0.0
2019-10-14 00:00:00+08:00,13.973709933090227,13.973709933090227,13.690458879632464,13.926501274108887,118196,0.0,0.0
2019-10-15 00:00:00+08:00,13.926501274108887,13.973709933090227,13.784876197595144,13.926501274108887,97502,0.0,0.0
2019-10-16 00:00:00+08:00,13.973709311460256,14.115334381673712,13.926500654579026,14.06812572479248,109738,0.0,0.0
2019-10-17 00:00:00+08:00,14.06812572479248,14.06812572479248,13.926500654579026,14.06812572479248,61014,0.0,0.0
2019-10-18 00:00:00+08:00,14.06812572479248,14.256960352317403,13.879291997697797,14.06812572479248,148500,0.0,0.0
2019-10-21 00:00:00+08:00,14.115333215361616,14.351375579833984,13.926499503869753,14.351375579833984,245257,0.0,0.0
2019-10-22 00:00:00+08:00,14.587419381508617,15.201130129859747,14.445794309043876,14.540210723876953,883906,0.0,0.0
2019-10-23 00:00:00+08:00,14.587420011444262,14.729045990455159,14.304168953852761,14.39858627319336,247220,0.0,0.0
2019-10-24 00:00:00+08:00,14.398585651412212,14.540210723876953,14.351376993780548,14.540210723876953,83252,0.0,0.0
2019-10-25 00:00:00+08:00,14.587418556213379,14.823460930587157,14.351376181839601,14.587418556213379,137182,0.0,0.0
2019-10-28 00:00:00+08:00,14.634628295898438,14.634628295898438,14.493003220948946,14.634628295898438,38699,0.0,0.0
2019-10-29 00:00:00+08:00,14.68183586613497,14.77625227562636,14.587418556213379,14.587418556213379,129356,0.0,0.0
2019-10-30 00:00:00+08:00,14.587418079663657,14.776251792907715,14.540209426245099,14.776251792907715,145155,0.0,0.0
2019-10-31 00:00:00+08:00,14.729045612818275,14.729045612818275,14.445794562489027,14.634628295898438,116559,0.0,0.0
2019-11-01 00:00:00+08:00,14.445793491761194,14.634627211174175,14.304167526878807,14.587418556213379,92305,0.0,0.0
2019-11-04 00:00:00+08:00,14.587418079663657,14.823460446326273,14.493001673256712,14.776251792907715,119000,0.0,0.0
2019-11-05 00:00:00+08:00,14.5874182101445,14.917877886600111,14.540209556303674,14.823460578918457,126000,0.0,0.0
2019-11-06 00:00:00+08:00,14.917879104614258,15.059504177269957,14.729045374263244,14.917879104614258,77000,0.0,0.0
2019-11-07 00:00:00+08:00,15.059503706931428,15.059503706931428,14.540210289362022,14.729044914245605,104000,0.0,0.0
2019-11-08 00:00:00+08:00,14.776251792907715,14.87066909974483,14.587418079663657,14.776251792907715,116415,0.0,0.0
2019-11-11 00:00:00+08:00,14.68183648993246,14.68183648993246,14.162543064160527,14.445794105529785,142000,0.0,0.0
2019-11-12 00:00:00+08:00,14.8234616923885,14.8234616923885,14.256960505036156,14.493002891540527,83000,0.0,0.0
2019-11-13 00:00:00+08:00,14.351375579833984,14.39858423281449,14.256959174303134,14.351375579833984,55000,0.0,0.0
2019-11-14 00:00:00+08:00,14.634627963271052,14.634627963271052,14.162543190262308,14.493002891540527,75000,0.0,0.0
2019-11-15 00:00:00+08:00,14.445794309043876,14.540210723876953,14.445794309043876,14.540210723876953,63674,0.0,0.0
2019-11-18 00:00:00+08:00,14.540209901252585,14.634627211174175,14.398584836800397,14.587418556213379,73000,0.0,0.0
2019-11-19 00:00:00+08:00,14.493002868877804,14.493002868877804,14.115334510803223,14.115334510803223,191000,0.0,0.0
2019-11-20 00:00:00+08:00,14.115334766488226,14.209752082824707,13.926501034245526,14.209752082824707,233000,0.0,0.0
2019-11-21 00:00:00+08:00,13.87929157212184,14.256959915161133,13.87929157212184,14.256959915161133,231000,0.0,0.0
2019-11-22 00:00:00+08:00,14.02091761422451,14.304167747497559,14.02091761422451,14.304167747497559,277271,0.0,0.0
2019-11-25 00:00:00+08:00,14.06812655593156,14.445794932863658,14.06812655593156,14.39858627319336,59000,0.0,0.0
2019-11-26 00:00:00+08:00,14.445793714564298,14.445793714564298,14.162542680861034,14.304167747497559,62000,0.0,0.0
2019-11-27 00:00:00+08:00,14.398584981031986,14.398584981031986,14.162542604293757,14.256959915161133,81000,0.0,0.0
2019-11-28 00:00:00+08:00,14.256961194612753,14.540211351773964,14.02091879669155,14.39858627319336,117000,0.0,0.0
2019-11-29 00:00:00+08:00,14.587418781200823,14.587418781200823,14.162542680861034,14.304167747497559,94844,0.0,0.0
2019-12-02 00:00:00+08:00,14.304168369610004,14.304168369610004,14.115334639071868,14.162543296813965,70000,0.0,0.0
2019-12-03 00:00:00+08:00,14.068125293426382,14.256959915161133,13.973708882989214,14.256959915161133,203000,0.0,0.0
2019-12-04 00:00:00+08:00,14.162542604293757,14.256959915161133,14.068125293426382,14.256959915161133,131000,0.0,0.0
2019-12-05 00:00:00+08:00,14.256959915161133,14.256959915161133,14.020917538422903,14.256959915161133,79000,0.0,0.0
2019-12-06 00:00:00+08:00,14.256960378093693,14.445794105529785,14.162543064160527,14.445794105529785,143579,0.0,0.0
2019-12-09 00:00:00+08:00,14.634627654631316,15.15392017364502,14.49300258588762,15.15392017364502,600000,0.0,0.0
2019-12-10 00:00:00+08:00,15.389963319257603,15.62600571250303,15.059504508972168,15.059504508972168,561000,0.0,0.0
2019-12-11 00:00:00+08:00,15.01229551957464,15.059504177269957,14.823461789223625,14.917879104614258,231000,0.0,0.0
2019-12-12 00:00:00+08:00,14.965087890625,15.106712964495037,14.870670574424802,14.965087890625,110000,0.0,0.0
2019-12-13 00:00:00+08:00,14.965087162626029,15.012294917999375,14.398585093843698,14.681836128234863,188700,0.0,0.0
2019-12-16 00:00:00+08:00,14.634626863985329,14.823460578918457,14.634626863985329,14.823460578918457,87000,0.0,0.0
2019-12-17 00:00:00+08:00,14.823462611962318,14.96508859290886,14.68183753144608,14.870671272277832,146000,0.0,0.0
2019-12-18 00:00:00+08:00,14.870670574424802,14.965087890625,14.729045500554765,14.965087890625,61000,0.0,0.0
2019-12-19 00:00:00+08:00,14.917877753163388,14.917877753163388,14.587418079663657,14.776251792907715,131000,0.0,0.0
2019-12-20 00:00:00+08:00,14.77625192507763,14.870669232759285,14.77625192507763,14.823460578918457,48059,0.0,0.0
2019-12-23 00:00:00+08:00,14.917879932593346,14.917879932593346,14.68183753144608,14.870671272277832,77000,0.0,0.0
2019-12-24 00:00:00+08:00,14.77625192507763,14.823460578918457,14.681835517826155,14.823460578918457,56000,0.0,0.0
2019-12-25 00:00:00+08:00,14.823460578918457,14.823460578918457,14.634626863985329,14.823460578918457,42000,0.0,0.0
2019-12-26 00:00:00+08:00,14.823462611962318,14.917879932593346,14.68183753144608,14.870671272277832,45000,0.0,0.0
2019-12-27 00:00:00+08:00,14.96508654044094,14.96508654044094,14.823460578918457,14.823460578918457,108721,0.0,0.0
2019-12-30 00:00:00+08:00,14.823461326257172,14.87066998247807,14.68183625802471,14.729044914245605,43000,0.0,0.0
2019-12-31 00:00:00+08:00,14.729046191761594,14.870671272277832,14.729046191761594,14.870671272277832,81004,0.0,0.0
2020-01-02 00:00:00+08:00,14.776253131528307,14.965087762309576,14.776253131528307,14.917879104614258,83000,0.0,0.0
2020-01-03 00:00:00+08:00,14.91787835904549,15.059503424623022,14.870669703709577,15.01229476928711,150187,0.0,0.0
2020-01-06 00:00:00+08:00,15.012295050710533,15.012295050710533,14.729044914245605,14.729044914245605,62000,0.0,0.0
2020-01-07 00:00:00+08:00,14.870669232759285,14.870669232759285,14.634626863985329,14.823460578918457,73000,0.0,0.0
2020-01-08 00:00:00+08:00,14.823460578918457,14.823460578918457,14.5874182101445,14.823460578918457,77000,0.0,0.0
2020-01-09 00:00:00+08:00,14.729046191761594,14.870671272277832,14.634628871130566,14.870671272277832,32000,0.0,0.0
2020-01-10 00:00:00+08:00,14.823461789223625,14.965087762309576,14.729045374263244,14.917879104614258,40000,0.0,0.0
2020-01-13 00:00:00+08:00,14.96508654044094,14.96508654044094,14.540209556303674,14.823460578918457,175000,0.0,0.0
2020-01-14 00:00:00+08:00,14.634626733082214,14.776251792907715,14.634626733082214,14.776251792907715,32000,0.0,0.0
2020-01-15 00:00:00+08:00,14.729044784038427,14.729044784038427,14.540210160824172,14.681836128234863,109000,0.0,0.0
2020-01-16 00:00:00+08:00,14.68183625802471,14.729044914245605,14.634627601803814,14.729044914245605,75000,0.0,0.0
2020-01-17 00:00:00+08:00,14.729044171666983,14.823460578918457,14.634626863985329,14.823460578918457,66503,0.0,0.0
2020-01-20 00:00:00+08:00,14.870671272277832,14.870671272277832,14.68183753144608,14.870671272277832,129713,0.0,0.0
2020-01-30 00:00:00+08:00,14.162542961902993,14.445794001227098,13.879291922578886,14.020917892456055,151000,0.0,0.0
2020-01-31 00:00:00+08:00,14.256959876437323,14.256959876437323,13.879291534423828,13.879291534423828,105434,0.0,0.0
2020-02-03 00:00:00+08:00,13.454415678977966,13.454415678977966,13.029539574464707,13.21837329864502,257000,0.0,0.0
2020-02-04 00:00:00+08:00,13.2183741335354,13.784876242287602,13.2183741335354,13.548833847045898,85000,0.0,0.0
2020-02-05 00:00:00+08:00,13.926501319260511,13.926501319260511,13.454416528777104,13.548833847045898,135000,0.0,0.0
2020-02-06 00:00:00+08:00,13.926500058131822,14.020917367850556,13.643249029405812,13.832082748413086,64000,0.0,0.0
2020-02-07 00:00:00+08:00,13.832082748413086,13.832082748413086,13.832082748413086,13.832082748413086,0,0.0,0.0
2020-02-10 00:00:00+08:00,13.407206322368,13.784874651427627,13.359997668681773,13.690457344055176,23632,0.0,0.0
2020-02-11 00:00:00+08:00,13.87929215556457,13.87929215556457,13.643249768903846,13.737667083740234,26000,0.0,0.0
2020-02-12 00:00:00+08:00,13.7376659977414,13.879291058369901,13.501623629740449,13.690457344055176,64000,0.0,0.0
2020-02-13 00:00:00+08:00,13.973709978394908,13.973709978394908,13.501625187911502,13.548833847045898,123000,0.0,0.0
2020-02-14 00:00:00+08:00,13.548833926285745,14.54021127175471,13.407207948054262,13.973710060119629,216238,0.0,0.0
2020-02-17 00:00:00+08:00,13.690458037865376,13.879291761749888,13.596040725708008,13.596040725708008,136000,0.0,0.0
2020-02-18 00:00:00+08:00,13.501623629740449,13.832082404683677,13.501623629740449,13.690457344055176,120000,0.0,0.0
2020-02-19 00:00:00+08:00,13.690458168247027,13.784875481303581,13.64324951171875,13.64324951171875,36000,0.0,0.0
2020-02-20 00:00:00+08:00,13.690458168247027,13.690458168247027,13.454415786035872,13.64324951171875,127000,0.0,0.0
2020-02-21 00:00:00+08:00,13.548832970059546,13.643249381786692,13.501624313980862,13.596040725708008,39023,0.0,0.0
2020-02-24 00:00:00+08:00,13.737666080668014,13.737666080668014,13.359997749328613,13.359997749328613,104000,0.0,0.0
2020-02-25 00:00:00+08:00,13.359997749328613,13.359997749328613,13.123955379902807,13.359997749328613,122000,0.0,0.0
2020-02-26 00:00:00+08:00,13.312789995787597,13.359997749328613,13.265581341816398,13.359997749328613,119000,0.0,0.0
2020-02-27 00:00:00+08:00,13.407207655770145,13.407207655770145,13.076748847961426,13.076748847961426,145000,0.0,0.0
2020-03-02 00:00:00+08:00,13.029539803897027,13.029539803897027,12.46303772095054,12.9351224899292,76000,0.0,0.0
2020-03-03 00:00:00+08:00,12.9351224899292,13.076748460880939,12.887913832945285,12.9351224899292,90000,0.0,0.0
2020-03-04 00:00:00+08:00,12.887913703918457,12.887913703918457,12.699079978303542,12.887913703918457,177000,0.0,0.0
2020-03-05 00:00:00+08:00,12.9351224899292,13.123956217434614,12.887913832945285,12.9351224899292,67000,0.0,0.0
2020-03-06 00:00:00+08:00,13.123956217434614,13.218373531402442,12.84070607639161,12.9351224899292,71000,0.0,0.0
2020-03-09 00:00:00+08:00,12.9351224899292,12.9351224899292,12.9351224899292,12.9351224899292,0,0.0,0.0
2020-03-10 00:00:00+08:00,12.179786111790923,12.699079513549805,12.179786111790923,12.699079513549805,173000,0.0,0.0
2020-03-11 00:00:00+08:00,12.935122872817463,13.265582581056446,12.793497798103763,13.076748847961426,205000,0.0,0.0
2020-03-12 00:00:00+08:00,12.935122035094036,12.935122035094036,11.943743875012443,12.368620872497559,191000,0.0,0.0
2020-03-13 00:00:00+08:00,12.368620872497559,12.368620872497559,12.368620872497559,12.368620872497559,0,0.0,0.0
2020-03-16 00:00:00+08:00,11.330033567758559,11.707700993178443,10.621906469773648,11.424450874328613,293000,0.0,0.0
2020-03-17 00:00:00+08:00,10.480282046954926,11.330034255981445,10.480282046954926,11.330034255981445,259000,0.0,0.0
2020-03-18 00:00:00+08:00,11.330034255981445,11.330034255981445,11.330034255981445,11.330034255981445,0,0.0,0.0
2020-03-19 00:00:00+08:00,10.433072911797684,10.76353168883361,9.819362210850656,10.3858642578125,591000,0.0,0.0
2020-03-20 00:00:00+08:00,10.621907457392266,11.235617305869496,10.574698799717806,11.093992233276367,160000,0.0,0.0
2020-03-23 00:00:00+08:00,10.85794913420614,10.85794913420614,10.008196953440345,10.433073043823242,178000,0.0,0.0
2020-03-24 00:00:00+08:00,10.197031124910266,10.716324547556805,10.197031124910266,10.621907234191895,201000,0.0,0.0
2020-03-25 00:00:00+08:00,10.857950083269511,11.0467838176751,10.763532765851581,10.810741424560547,196000,0.0,0.0
2020-03-26 00:00:00+08:00,10.952367271152292,10.952367271152292,10.527490248226956,10.763532638549805,111000,0.0,0.0
2020-03-27 00:00:00+08:00,10.905158741978477,10.952367400687443,10.621907690154957,10.810741424560547,156000,0.0,0.0
2020-03-30 00:00:00+08:00,10.574698705693224,10.669116020202637,10.43307363435935,10.669116020202637,61000,0.0,0.0
2020-03-31 00:00:00+08:00,10.905157566591653,10.905157566591653,10.62190654529768,10.716323852539062,41000,0.0,0.0
2020-04-01 00:00:00+08:00,10.4802829815606,10.574699401855469,10.197031919815393,10.574699401855469,169000,0.0,0.0
2020-04-06 00:00:00+08:00,10.385865536877603,10.574699275643864,10.385865536877603,10.527490615844727,84000,0.0,0.0
2020-04-07 00:00:00+08:00,10.62190654529768,10.81074025935027,10.527489238056297,10.716323852539062,158000,0.0,0.0
2020-04-08 00:00:00+08:00,10.76353265397129,11.14120101928711,10.669116237965032,11.14120101928711,310000,0.0,0.0
2020-04-09 00:00:00+08:00,11.093991747963745,11.42445143679858,11.046783092354453,11.282825469970703,163000,0.0,0.0
2020-04-10 00:00:00+08:00,11.424451799075905,11.802119255065918,11.093992099761962,11.802119255065918,198000,0.0,0.0
2020-04-13 00:00:00+08:00,11.707701606034021,11.707701606034021,11.51886788343932,11.660493850708008,74000,0.0,0.0
2020-04-14 00:00:00+08:00,11.566076409470528,11.707701474720533,11.471659099017053,11.613285064697266,122000,0.0,0.0
2020-04-15 00:00:00+08:00,11.660494056308163,11.849327782232418,11.660494056308163,11.754910469055176,99000,0.0,0.0
2020-04-16 00:00:00+08:00,11.75491033911119,11.75491033911119,11.566076615274387,11.707701683044434,101000,0.0,0.0
2020-04-17 00:00:00+08:00,11.84932791217223,12.085370297273549,11.707701940853294,11.802119255065918,127000,0.0,0.0
2020-04-20 00:00:00+08:00,11.613285399719542,11.754910469055176,11.566076743130921,11.754910469055176,34000,0.0,0.0
2020-04-21 00:00:00+08:00,11.518867754243791,11.613285064697266,11.330034033767047,11.613285064697266,66000,0.0,0.0
2020-04-22 00:00:00+08:00,11.330033435583575,11.613284451559196,11.235616130114982,11.377242088317871,67000,0.0,0.0
2020-04-23 00:00:00+08:00,11.518868573775354,11.56607723236084,11.424452157034652,11.56607723236084,15000,0.0,0.0
2020-04-24 00:00:00+08:00,11.566076409470528,11.613285064697266,11.471659099017053,11.613285064697266,15000,0.0,0.0
2020-04-27 00:00:00+08:00,11.518868534464966,12.038161976272582,11.518868534464966,11.943744659423828,146000,0.0,0.0
2020-04-28 00:00:00+08:00,12.32141244432267,12.32141244432267,11.943744095199046,12.085370063781738,96000,0.0,0.0
2020-04-29 00:00:00+08:00,12.179787180711045,12.179787180711045,11.943744786507883,11.99095344543457,107000,0.0,0.0
2020-04-30 00:00:00+08:00,12.038161277770996,12.132578589141286,11.896536211145776,12.038161277770996,133000,0.0,0.0
2020-05-04 00:00:00+08:00,11.89653702801147,11.99095344543457,11.707702392304721,11.99095344543457,92000,0.0,0.0
2020-05-05 00:00:00+08:00,11.990953242915875,12.132579217303977,11.849328168958037,11.896536827087402,57000,0.0,0.0
2020-05-06 00:00:00+08:00,11.896536827087402,11.94374458478651,11.80211951082867,11.896536827087402,123000,0.0,0.0
2020-05-07 00:00:00+08:00,11.990953822236303,12.226996223856823,11.990953822236303,12.132579803466797,63000,0.0,0.0
2020-05-08 00:00:00+08:00,12.46303715052624,12.46303715052624,12.179786122017195,12.321412086486816,84000,0.0,0.0
2020-05-11 00:00:00+08:00,12.935122283613675,13.218373320569057,12.699079902889228,12.840705871582031,416000,0.0,0.0
2020-05-12 00:00:00+08:00,12.840705972642612,12.840705972642612,12.415828963650505,12.510246276855469,165000,0.0,0.0
2020-05-13 00:00:00+08:00,12.557455159722501,13.17116500532211,12.557455159722501,12.982331275939941,233000,0.0,0.0
2020-05-14 00:00:00+08:00,12.793498039245605,12.887914457357617,12.69908072070331,12.793498039245605,135000,0.0,0.0
2020-05-15 00:00:00+08:00,12.982330939844609,13.029539596075544,12.651871246658294,12.840705871582031,85000,0.0,0.0
2020-05-18 00:00:00+08:00,12.840705477900515,12.840705477900515,12.699079513549805,12.699079513549805,93000,0.0,0.0
2020-05-19 00:00:00+08:00,12.840705610099745,12.887913364939138,12.604663234181956,12.746288299560547,293000,0.0,0.0
2020-05-20 00:00:00+08:00,12.69908035694868,13.076748719869578,12.651871699029787,13.029540061950684,172000,0.0,0.0
2020-05-21 00:00:00+08:00,13.076748460880939,13.076748460880939,12.84070607639161,12.9351224899292,61000,0.0,0.0
2020-05-22 00:00:00+08:00,12.840705871582031,12.840705871582031,12.604663490857583,12.840705871582031,60000,0.0,0.0
2020-05-25 00:00:00+08:00,12.840705871582031,12.840705871582031,12.557454834626649,12.840705871582031,107000,0.0,0.0
2020-05-26 00:00:00+08:00,13.076748252306478,13.076748252306478,12.840705871582031,12.840705871582031,73000,0.0,0.0
2020-05-27 00:00:00+08:00,12.746289014867575,13.029540061950684,12.557455283622255,13.029540061950684,228000,0.0,0.0
2020-05-28 00:00:00+08:00,12.935122514507809,13.690458326394959,12.935122514507809,13.312790870666504,476000,0.0,0.0
2020-05-29 00:00:00+08:00,13.123955379902807,13.454415057271008,13.123955379902807,13.359997749328613,91000,0.0,0.0
2020-06-01 00:00:00+08:00,13.548832365213404,13.548832365213404,13.312789995787597,13.359997749328613,86000,0.0,0.0
2020-06-02 00:00:00+08:00,13.359998958536348,13.54883359151248,13.359998958536348,13.454416275024414,69000,0.0,0.0
2020-06-03 00:00:00+08:00,13.501623965257908,13.879291403272454,13.407206655539172,13.832082748413086,278000,0.0,0.0
2020-06-04 00:00:00+08:00,13.832083627179303,14.020918258613628,13.596041238316651,13.784875869750977,105000,0.0,0.0
2020-06-05 00:00:00+08:00,13.690457813632184,14.068125255215472,13.690457813632184,13.879291534423828,186000,0.0,0.0
2020-06-08 00:00:00+08:00,13.926500227555527,14.351376325598299,13.87929157212184,14.256959915161133,341000,0.0,0.0
2020-06-09 00:00:00+08:00,14.256960612298158,14.256960612298158,13.97370956627583,14.162543296813965,152000,0.0,0.0
2020-06-10 00:00:00+08:00,14.209751695436173,14.209751695436173,13.926500654579026,14.06812572479248,132000,0.0,0.0
2020-06-11 00:00:00+08:00,14.16254319964349,14.16254319964349,13.69045842632204,13.737667083740234,242000,0.0,0.0
2020-06-12 00:00:00+08:00,13.596041238316651,13.879292285037884,13.407207507312581,13.784875869750977,122000,0.0,0.0
2020-06-15 00:00:00+08:00,14.020918719530123,14.209752456741818,13.973710060119629,13.973710060119629,221000,0.0,0.0
2020-06-16 00:00:00+08:00,14.16254406883603,15.1067136734251,14.020918988319792,14.870671272277832,1262000,0.0,0.0
2020-06-17 00:00:00+08:00,15.059504156964755,15.059504156964755,14.540210723876953,14.540210723876953,526000,0.0,0.0
2020-06-18 00:00:00+08:00,14.634627211174175,14.634627211174175,14.304167526878807,14.587418556213379,229000,0.0,0.0
2020-06-19 00:00:00+08:00,14.587419637438517,14.917879346227686,14.209752170619696,14.634628295898438,1280000,0.0,0.0
2020-06-22 00:00:00+08:00,14.823461769236685,14.823461769236685,14.445794309043876,14.540210723876953,160000,0.0,0.0
2020-06-23 00:00:00+08:00,14.587419175999294,14.587419175999294,14.398585448563201,14.445794105529785,98000,0.0,0.0
2020-06-24 00:00:00+08:00,14.445794234153604,14.493002891540527,14.351376919379756,14.493002891540527,170000,0.0,0.0
2020-06-29 00:00:00+08:00,14.398585815067408,14.398585815067408,14.115334766488226,14.209752082824707,110000,0.0,0.0
2020-06-30 00:00:00+08:00,14.209751336549948,14.351376403186473,14.115334025172121,14.304167747497559,101000,0.0,0.0
2020-07-01 00:00:00+08:00,14.256960378093693,14.445794105529785,14.256960378093693,14.445794105529785,58000,0.0,0.0
2020-07-02 00:00:00+08:00,14.445794105529785,14.445794105529785,14.209751721127109,14.445794105529785,112000,0.0,0.0
2020-07-03 00:00:00+08:00,14.63462867111456,14.63462867111456,14.304168953852761,14.39858627319336,190000,0.0,0.0
2020-07-06 00:00:00+08:00,14.540210978978598,14.729045612818275,14.493003220948946,14.634628295898438,299000,0.0,0.0
2020-07-07 00:00:00+08:00,14.823461159215173,14.823461159215173,14.25695999223886,14.304167747497559,223000,0.0,0.0
2020-07-08 00:00:00+08:00,14.304166926853478,14.445792885794997,14.256959174303134,14.351375579833984,152000,0.0,0.0
2020-07-09 00:00:00+08:00,14.77625311160502,14.823461769236685,14.540210723876953,14.540210723876953,253000,0.0,0.0
2020-07-10 00:00:00+08:00,14.540209597158618,15.956463813781738,14.493001843615327,15.956463813781738,4113000,0.0,0.0
2020-07-13 00:00:00+08:00,17.51434326171875,17.51434326171875,16.99505076426589,17.51434326171875,2206000,0.0,0.0
2020-07-14 00:00:00+08:00,17.939221675312975,18.17526406577762,16.995052113454395,17.65597152709961,2787000,0.0,0.0
2020-07-15 00:00:00+08:00,17.939220905303955,19.402682943024047,17.939220905303955,18.883390426635742,5672000,0.0,0.0
2020-07-16 00:00:00+08:00,19.166640030141686,19.35547464950541,18.080845470951267,18.694555282592773,2241000,0.0,0.0
2020-07-17 00:00:00+08:00,18.883391486273872,18.883391486273872,16.853427261671538,16.995052337646484,1862000,0.0,0.0
2020-07-20 00:00:00+08:00,16.664591546730616,16.85342616970258,15.956464411876393,16.192506790161133,954000,0.0,0.0
2020-07-21 00:00:00+08:00,16.286923749132786,17.419927860720964,16.286923749132786,16.42854881286621,885000,0.0,0.0
2020-07-22 00:00:00+08:00,16.286924101647116,16.522966479931856,16.050881723362377,16.192506790161133,678000,0.0,0.0
2020-07-23 00:00:00+08:00,16.42855023288616,17.37271980719985,16.14530008093627,16.995052337646484,2463000,0.0,0.0
2020-07-24 00:00:00+08:00,16.806216516855887,17.0894684496845,16.19250669701786,16.522966384887695,777000,0.0,0.0
2020-07-27 00:00:00+08:00,16.759008858216596,16.806216613529372,16.145299034848357,16.192506790161133,346000,0.0,0.0
2020-07-28 00:00:00+08:00,16.1925074453073,16.334132517836185,15.106712821438506,15.67321491241455,644000,0.0,0.0
2020-07-29 00:00:00+08:00,15.578796382854312,16.334131244709162,15.484379074907364,15.956463813781738,246000,0.0,0.0
2020-07-30 00:00:00+08:00,16.09808913024796,16.475758368017612,16.09808913024796,16.42854881286621,169000,0.0,0.0
2020-07-31 00:00:00+08:00,16.570175395571116,16.711802273147725,16.239717483520508,16.239717483520508,275000,0.0,0.0
2020-08-03 00:00:00+08:00,16.52296690114482,16.759009285446886,16.192507202949827,16.711801528930664,511000,0.0,0.0
2020-08-04 00:00:00+08:00,16.85342545048476,17.136675571994616,16.428548467359626,16.66459083557129,495000,0.0,0.0
2020-08-05 00:00:00+08:00,16.664591450871793,16.806216516855887,16.428549073944826,16.522966384887695,304000,0.0,0.0
2020-08-06 00:00:00+08:00,16.617386656820624,16.664594420273623,16.098092254533913,16.145301818847656,456000,0.0,0.0
2020-08-07 00:00:00+08:00,16.239716760326527,16.711801528930664,16.098089889056904,16.711801528930664,578000,0.0,0.0
2020-08-10 00:00:00+08:00,16.759008983093945,17.561553435414194,16.664591670904425,17.372718811035156,1386000,0.0,0.0
2020-08-11 00:00:00+08:00,17.892012891408275,18.22247077841769,16.47575862984647,16.522966384887695,1928000,0.0,0.0
2020-08-12 00:00:00+08:00,16.522967005507784,16.759009391300754,16.286924619714817,16.3813419342041,312000,0.0,0.0
2020-08-13 00:00:00+08:00,16.617382742557112,17.042257916135995,16.52296543703059,16.900632858276367,400000,0.0,0.0
2020-08-14 00:00:00+08:00,16.90063490644352,17.419929249341887,16.80621758947468,17.325511932373047,439000,0.0,0.0
2020-08-17 00:00:00+08:00,17.37271854978334,17.56155317132267,16.617383665346836,17.278301239013672,1875000,0.0,0.0
2020-08-18 00:00:00+08:00,17.419928681836872,17.419928681836872,16.711801528930664,16.711801528930664,409000,0.0,0.0
2020-08-19 00:00:00+08:00,16.806216516855887,16.99505113874163,16.428549073944826,16.522966384887695,313000,0.0,0.0
2020-08-20 00:00:00+08:00,16.617383912755542,16.617383912755542,15.295546944881218,15.484379768371582,650000,0.0,0.0
2020-08-21 00:00:00+08:00,15.673213690801258,16.003673368185392,15.578796382854312,15.956463813781738,248000,0.0,0.0
2020-08-24 00:00:00+08:00,16.14529773601937,16.33413054294001,15.767630321317805,16.050880432128906,316000,0.0,0.0
2020-08-25 00:00:00+08:00,16.239717630104142,16.33413314819336,16.050882992204567,16.33413314819336,225000,0.0,0.0
2020-08-26 00:00:00+08:00,16.428550318855063,16.475759878334117,16.192507924041454,16.239717483520508,205000,0.0,0.0
2020-08-27 00:00:00+08:00,16.334132376529215,16.522967005507784,16.14529954841113,16.3813419342041,340000,0.0,0.0
2020-08-28 00:00:00+08:00,16.52296629357076,17.278301175218402,16.475758538790437,16.853425979614258,772000,0.0,0.0
2020-08-31 00:00:00+08:00,16.85342763463432,17.136677792852474,16.711802555525242,16.759010314941406,428000,0.0,0.0
2020-09-01 00:00:00+08:00,16.853426239757294,17.089468619023194,16.617383860491397,16.947843551635742,311000,0.0,0.0
2020-09-02 00:00:00+08:00,17.089468929541024,17.655971010244684,17.089468929541024,17.46713638305664,675000,0.0,0.0
2020-09-03 00:00:00+08:00,17.65597046636379,18.741765037096656,17.608760910590803,18.364097595214844,1955000,0.0,0.0
2020-09-04 00:00:00+08:00,17.939220229286597,20.110809326171875,17.750385611792062,20.110809326171875,3245000,0.0,0.0
2020-09-07 00:00:00+08:00,20.630103445472702,21.857523045993126,18.647347182365557,18.93059730529785,5844000,0.0,0.0
2020-09-08 00:00:00+08:00,18.883390685059833,19.213850382220475,18.411305917933337,18.977807998657227,1190000,0.0,0.0
2020-09-09 00:00:00+08:00,18.600142042222117,19.44989433127284,18.600142042222117,19.213851928710938,1272000,0.0,0.0
2020-09-10 00:00:00+08:00,19.449893029325118,19.49710078633323,18.74176586904042,19.07222557067871,792000,0.0,0.0
2020-09-11 00:00:00+08:00,18.97780773894101,19.54430981191217,18.31688835366458,18.883390426635742,1390000,0.0,0.0
2020-09-14 00:00:00+08:00,19.07222452132022,19.07222452132022,18.694555282592773,18.694555282592773,464000,0.0,0.0
2020-09-15 00:00:00+08:00,19.02501523168444,19.02501523168444,18.50572272247421,18.788972854614258,365000,0.0,0.0
2020-09-16 00:00:00+08:00,18.883391957224152,19.73314423512712,18.694557317307673,19.119434356689453,1782000,0.0,0.0
2020-09-17 00:00:00+08:00,18.977809526149034,19.544311652469723,18.930599965120287,19.213851928710938,663000,0.0,0.0
2020-09-18 00:00:00+08:00,19.261059181005933,19.4971015773439,19.02501678466797,19.02501678466797,656000,0.0,0.0
2020-09-21 00:00:00+08:00,19.16664103936389,19.213850597120842,18.222471494550682,18.3168888092041,849000,0.0,0.0
2020-09-22 00:00:00+08:00,18.364097689147837,18.411305444301878,17.93922068931978,18.03363800048828,385000,0.0,0.0
2020-09-23 00:00:00+08:00,18.128054512447594,18.22247001859319,17.655969778278234,17.750385284423828,426000,0.0,0.0
2020-09-24 00:00:00+08:00,17.32551256185809,17.65597228282531,16.947845081121525,17.183887481689453,553000,0.0,0.0
2020-09-25 00:00:00+08:00,17.419929221394177,17.467136979372594,16.286925021306878,16.570175170898438,542000,0.0,0.0
2020-09-28 00:00:00+08:00,16.75900994406806,17.325512048828386,16.664592626464582,16.995052337646484,226000,0.0,0.0
2020-09-29 00:00:00+08:00,17.089469655249964,17.231094731224907,16.711802185696595,16.995052337646484,252000,0.0,0.0
2020-09-30 00:00:00+08:00,16.995051107565086,17.325510794828713,16.900633796795418,17.278301239013672,200000,0.0,0.0
2020-10-05 00:00:00+08:00,17.278304030281117,17.278304030281117,16.947846090493243,17.231096267700195,112000,0.0,0.0
2020-10-06 00:00:00+08:00,17.41992775371669,17.51434326171875,17.278300889992835,17.51434326171875,254000,0.0,0.0
2020-10-07 00:00:00+08:00,17.467137263139875,17.70317965858771,17.41992950439453,17.41992950439453,267000,0.0,0.0
2020-10-08 00:00:00+08:00,17.56155488039058,19.119434356689453,17.46713756043234,19.119434356689453,3135000,0.0,0.0
2020-10-12 00:00:00+08:00,18.741765402645363,19.072225096060055,18.128055572509766,18.128055572509766,1972000,0.0,0.0
2020-10-13 00:00:00+08:00,18.222471823526337,18.3168891398843,17.561554210741647,17.65597152709961,608000,0.0,0.0
2020-10-14 00:00:00+08:00,17.84480378476348,18.694556002921654,17.75038647144358,18.222471237182617,643000,0.0,0.0
2020-10-15 00:00:00+08:00,18.26967975150238,19.119431921159624,17.986427827709722,18.93059730529785,898000,0.0,0.0
2020-10-16 00:00:00+08:00,19.308268299948626,20.205228305037405,18.080846786499023,18.080846786499023,3056000,0.0,0.0
2020-10-19 00:00:00+08:00,18.269681307695954,18.78897384425811,18.269681307695954,18.411306381225586,411000,0.0,0.0
2020-10-20 00:00:00+08:00,18.458514394176984,18.788974104225428,18.269681560478254,18.50572395324707,405000,0.0,0.0
2020-10-21 00:00:00+08:00,18.741766725641988,18.788974484807756,18.269681930541992,18.269681930541992,594000,0.0,0.0
2020-10-22 00:00:00+08:00,18.222471823526337,18.364098698493542,17.467136894383685,17.65597152709961,454000,0.0,0.0
2020-10-23 00:00:00+08:00,17.84480311867121,17.939220428466797,17.608760744612436,17.939220428466797,134000,0.0,0.0
2020-10-26 00:00:00+08:00,18.175263066810828,18.175263066810828,17.65597055667469,18.03363800048828,401000,0.0,0.0
2020-10-27 00:00:00+08:00,17.844803472835725,17.844803472835725,17.655970650357194,17.70317840576172,1444000,0.0,0.0
2020-10-28 00:00:00+08:00,17.75038625893279,17.797595815457772,17.278301498845636,17.372718811035156,924000,0.0,0.0
2020-10-29 00:00:00+08:00,16.806217236071245,17.939221414151316,16.806217236071245,17.561553955078125,4459000,0.0,0.0
2020-10-30 00:00:00+08:00,17.467137263139875,17.939222054035547,17.089469790595448,17.41992950439453,841000,0.0,0.0
2020-11-02 00:00:00+08:00,17.37271917329567,17.467136487454006,17.08946903168115,17.136676788330078,277000,0.0,0.0
2020-11-03 00:00:00+08:00,17.372720321627437,17.467137642026728,17.13667792105951,17.183887481689453,459000,0.0,0.0
2020-11-04 00:00:00+08:00,17.46713700739604,17.46713700739604,17.231094615404203,17.325511932373047,290000,0.0,0.0
2020-11-05 00:00:00+08:00,17.278302373458356,17.46713700739604,16.995052223412365,17.325511932373047,368000,0.0,0.0
2020-11-06 00:00:00+08:00,17.41992810559838,17.56155317132267,17.13667617328938,17.278301239013672,260000,0.0,0.0
2020-11-09 00:00:00+08:00,17.372718811035156,17.467136123224677,17.2310937431811,17.372718811035156,128000,0.0,0.0
2020-11-10 00:00:00+08:00,17.37271906946262,17.561553696650662,17.23109399950182,17.46713638305664,379000,0.0,0.0
2020-11-11 00:00:00+08:00,17.65597152709961,18.080846749419656,17.65597152709961,17.65597152709961,384000,0.0,0.0
2020-11-12 00:00:00+08:00,17.93922104692897,17.93922104692897,17.514344038631208,17.797595977783203,243000,0.0,0.0
2020-11-13 00:00:00+08:00,17.844803634928407,18.128055572509766,17.75038632240129,18.128055572509766,533000,0.0,0.0
2020-11-16 00:00:00+08:00,18.12805604411816,18.12805604411816,17.514344397156165,17.561553955078125,511000,0.0,0.0
2020-11-17 00:00:00+08:00,17.75038678418447,17.79759634210643,17.467136640094704,17.561553955078125,212000,0.0,0.0
2020-11-18 00:00:00+08:00,17.561553955078125,17.75038678418447,17.514344397156165,17.561553955078125,164000,0.0,0.0
2020-11-19 00:00:00+08:00,17.65597101087513,19.07222531225462,17.561553697277738,18.977807998657227,1977000,0.0,0.0
2020-11-20 00:00:00+08:00,18.93059917971461,19.16664157248342,18.458514394176984,18.50572395324707,2794000,0.0,0.0
2020-11-23 00:00:00+08:00,18.694555282592773,19.261057339823548,18.505722464089448,18.694555282592773,3406000,0.0,0.0
2020-11-24 00:00:00+08:00,18.74176425717271,20.016393396233994,18.45851233690335,19.92197608947754,3043000,0.0,0.0
2020-11-25 00:00:00+08:00,21.90473175048828,21.90473175048828,21.90473175048828,21.90473175048828,3602000,0.0,0.0
2020-11-26 00:00:00+08:00,23.226569174077113,23.79307121263711,22.471232522377008,22.848901748657227,13816000,0.0,0.0
2020-11-27 00:00:00+08:00,22.848901482104335,23.651444076436587,22.329607202457233,22.754484176635742,3842000,0.0,0.0
2020-11-30 00:00:00+08:00,23.415401713195262,24.029113298310957,22.471232260229964,22.754484176635742,4822000,0.0,0.0
2020-12-01 00:00:00+08:00,22.801694050130717,23.08494599288679,21.951941823583454,22.09356689453125,2451000,0.0,0.0
2020-12-02 00:00:00+08:00,22.376820393969442,24.265159606933594,22.376820393969442,24.265159606933594,6752000,0.0,0.0
2020-12-03 00:00:00+08:00,24.73724038803493,25.303740619125858,22.04635708691177,22.754484176635742,10993000,0.0,0.0
2020-12-04 00:00:00+08:00,22.75448514025479,23.27377764103285,22.187983084313014,22.37681770324707,1842000,0.0,0.0
2020-12-07 00:00:00+08:00,22.424025812567095,22.801693255554035,22.140775680541992,22.140775680541992,1352000,0.0,0.0
2020-12-08 00:00:00+08:00,22.471232863516835,23.037734910677,22.282400048370356,22.61285972595215,1315000,0.0,0.0
2020-12-09 00:00:00+08:00,22.801693482883124,23.320987797920314,22.660068415458596,22.990528106689453,1503000,0.0,0.0
2020-12-10 00:00:00+08:00,23.462611266359716,24.17073835608369,22.66006687116715,22.754484176635742,8173000,0.0,0.0
2020-12-11 00:00:00+08:00,22.612859543444532,22.75448460387643,20.86614566249018,21.432647705078125,3588000,0.0,0.0
2020-12-14 00:00:00+08:00,21.62148120356189,21.999148643629702,21.14939645326202,21.715898513793945,1343000,0.0,0.0
2020-12-15 00:00:00+08:00,21.715897993607957,22.093565424629066,20.488478392574258,20.771728515625,1720000,0.0,0.0
2020-12-16 00:00:00+08:00,20.771730484501006,22.565652302535806,20.771730484501006,21.951942443847656,2423000,0.0,0.0
2020-12-17 00:00:00+08:00,21.763107924817717,21.951942559653578,21.338232697727847,21.621482849121094,563000,0.0,0.0
2020-12-18 00:00:00+08:00,21.76310557913244,21.951940193615204,21.24381309059536,21.432647705078125,735000,0.0,0.0
2020-12-21 00:00:00+08:00,21.715899497582438,21.715899497582438,21.054980096877035,21.338232040405273,731000,0.0,0.0
2020-12-22 00:00:00+08:00,21.432648141777143,21.76310602256467,20.677311469316134,20.866146087646484,674000,0.0,0.0
2020-12-23 00:00:00+08:00,20.866145005266283,21.951939502191887,20.866145005266283,21.90473175048828,1195000,0.0,0.0
2020-12-24 00:00:00+08:00,22.565650171520254,23.13215221868042,22.282400048370356,22.61285972595215,6592000,0.0,0.0
2020-12-25 00:00:00+08:00,23.415404356345668,23.793073620851665,22.61286167142173,23.037736892700195,4525000,0.0,0.0
2020-12-28 00:00:00+08:00,23.41540301245524,24.548407139225183,23.41540301245524,23.651445388793945,5699000,0.0,0.0
2020-12-29 00:00:00+08:00,26.01187011782109,26.01187011782109,23.604238510131836,23.604238510131836,5665000,0.0,0.0
2020-12-30 00:00:00+08:00,23.415403212068043,24.35957272547176,23.226570389903557,23.320987701416016,1972000,0.0,0.0
2020-12-31 00:00:00+08:00,23.415403270132582,23.981905339751687,23.037735824006656,23.74586296081543,2038000,0.0,0.0
2021-01-04 00:00:00+08:00,23.745863267759358,24.076322962713792,23.084945678710938,23.084945678710938,2187000,0.0,0.0
2021-01-05 00:00:00+08:00,23.08494446510889,23.50981964983374,22.61285972595215,22.61285972595215,1032000,0.0,0.0
2021-01-06 00:00:00+08:00,22.707275769079505,22.896110389543615,21.574273448876063,21.715898513793945,1659000,0.0,0.0
2021-01-07 00:00:00+08:00,22.04635825087713,23.651445325144547,22.04635825087713,23.22657012939453,4028000,0.0,0.0
2021-01-08 00:00:00+08:00,22.943320449152893,23.08494732915925,22.140777733706692,22.235193252563477,1225000,0.0,0.0
2021-01-11 00:00:00+08:00,22.518442417948727,22.943317602673577,22.329607801941883,22.61285972595215,843000,0.0,0.0
2021-01-12 00:00:00+08:00,22.801693353000502,23.226570353714347,21.81031608581543,21.81031608581543,5173000,0.0,0.0
2021-01-13 00:00:00+08:00,21.810314446220772,22.28239916669802,21.763104893656873,21.90473175048828,598000,0.0,0.0
2021-01-14 00:00:00+08:00,22.235189614134118,22.235189614134118,21.90473175048828,21.90473175048828,444000,0.0,0.0
2021-01-15 00:00:00+08:00,21.951940916183716,21.99914867092812,20.866146349318754,20.96056365966797,936000,0.0,0.0
2021-01-18 00:00:00+08:00,21.10218872476159,21.527063920042448,20.158019222990248,20.96056365966797,765000,0.0,0.0
2021-01-19 00:00:00+08:00,21.243814725895863,21.999149640250184,20.960564583228113,21.338232040405273,728000,0.0,0.0
2021-01-20 00:00:00+08:00,21.47985580085632,21.527063554799767,19.874766954733893,20.110809326171875,973000,0.0,0.0
2021-01-21 00:00:00+08:00,20.299644931987505,20.582895071159424,19.591517783197244,19.733142852783203,484000,0.0,0.0
2021-01-22 00:00:00+08:00,20.016393396233994,20.016393396233994,19.449891356555607,19.92197608947754,466000,0.0,0.0
2021-01-25 00:00:00+08:00,19.96918445726052,20.299644140652525,19.497099709803486,19.780351638793945,1265000,0.0,0.0
2021-01-26 00:00:00+08:00,19.921977060665473,20.299644505242078,19.544309616088867,19.544309616088867,502000,0.0,0.0
2021-01-27 00:00:00+08:00,20.016395053956547,20.016395053956547,19.638725795652828,19.827560424804688,233000,0.0,0.0
2021-01-28 00:00:00+08:00,19.827560424804688,20.063602810814267,19.449892967361457,19.827560424804688,314000,0.0,0.0
2021-01-29 00:00:00+08:00,20.11081108499179,20.58289586915461,20.016395568847656,20.016395568847656,830000,0.0,0.0
2021-02-01 00:00:00+08:00,20.063602127274144,20.11080988252356,19.21384992676168,19.544309616088867,515000,0.0,0.0
2021-02-02 00:00:00+08:00,19.638725795652828,19.827560424804688,19.449892967361457,19.827560424804688,273000,0.0,0.0
2021-02-03 00:00:00+08:00,19.874767922369163,20.11081030529925,19.733142852783203,19.733142852783203,265000,0.0,0.0
2021-02-04 00:00:00+08:00,20.016394529163648,20.20522735250417,19.5915175251417,19.63872528076172,251000,0.0,0.0
2021-02-05 00:00:00+08:00,19.63872528076172,19.874767660582705,19.355475145320714,19.63872528076172,525000,0.0,0.0
2021-02-17 00:00:00+08:00,20.39406234891762,21.24381457160992,20.20522772127023,20.913354873657227,703000,0.0,0.0
2021-02-18 00:00:00+08:00,21.054979697677286,22.518443542674873,21.054979697677286,22.329608917236328,1553000,0.0,0.0
2021-02-19 00:00:00+08:00,22.660068158021907,23.037735600483522,21.81031596226817,22.89611053466797,2549000,0.0,0.0
2021-02-22 00:00:00+08:00,22.943318289653014,23.36819528796009,22.660068158021907,22.89611053466797,1517000,0.0,0.0
2021-02-23 00:00:00+08:00,22.943317602673577,23.226569526683843,22.471232863516835,22.61285972595215,929000,0.0,0.0
2021-02-24 00:00:00+08:00,22.84890209553052,23.50981964983374,22.61285972595215,22.61285972595215,1600000,0.0,0.0
2021-02-25 00:00:00+08:00,22.848903136573426,23.132153272628784,22.565651199657623,22.66006851196289,794000,0.0,0.0
2021-02-26 00:00:00+08:00,22.329609723042235,23.037736892700195,22.282401965409246,23.037736892700195,1023000,0.0,0.0
2021-03-02 00:00:00+08:00,23.50982072098941,24.35957293001593,22.66006851196289,22.66006851196289,6598000,0.0,0.0
2021-03-03 00:00:00+08:00,22.660068670789453,23.651445954792308,22.14077615076138,23.084945678710938,1532000,0.0,0.0
2021-03-04 00:00:00+08:00,23.273778340656463,23.36819565296173,22.51844344393521,22.66006851196289,657000,0.0,0.0
2021-03-05 00:00:00+08:00,22.282403193853774,22.8016957598877,21.9991512298584,21.9991512298584,675000,0.0,0.0
2021-03-08 00:00:00+08:00,22.37682013256983,22.61286253143297,21.951943094271943,22.235193252563477,443000,0.0,0.0
2021-03-09 00:00:00+08:00,21.99915048544476,22.471235275268555,21.62148301375783,22.471235275268555,460000,0.0,0.0
2021-03-10 00:00:00+08:00,22.754485562378576,22.896110628776242,22.565650939941406,22.565650939941406,725000,0.0,0.0
2021-03-11 00:00:00+08:00,22.990527939994827,23.60423776162499,22.565650939941406,22.565650939941406,798000,0.0,0.0
2021-03-12 00:00:00+08:00,22.660069540109284,22.943319689016437,22.612861782244934,22.707277297973633,590000,0.0,0.0
2021-03-15 00:00:00+08:00,22.94331855030765,23.22657048601715,22.660068415458596,22.990528106689453,587000,0.0,0.0
2021-03-16 00:00:00+08:00,23.13215334468419,24.92607508063047,22.943318719485447,24.59561538696289,10065000,0.0,0.0
2021-03-17 00:00:00+08:00,24.595615544718832,25.350952249498082,23.651446014390118,25.020492553710938,8632000,0.0,0.0
2021-03-18 00:00:00+08:00,27.475332917002593,27.475332917002593,25.492576599121094,25.492576599121094,14880000,0.0,0.0
2021-03-19 00:00:00+08:00,25.06770007101477,26.86162360223352,24.737242179237,26.43674659729004,7409000,0.0,0.0
2021-03-22 00:00:00+08:00,26.342329991164792,29.033213559269154,25.964662532679732,27.47533416748047,15458000,0.0,0.0
2021-03-23 00:00:00+08:00,27.286498851574034,28.041835550408535,25.539784874041032,25.681411743164062,6727000,0.0,0.0
2021-03-24 00:00:00+08:00,25.539784874041032,26.153496504612956,25.539784874041032,25.681411743164062,1798000,0.0,0.0
2021-03-25 00:00:00+08:00,25.8702464818112,25.8702464818112,24.83165956958866,24.926076889038086,1911000,0.0,0.0
2021-03-26 00:00:00+08:00,24.926076889038086,25.398161685424643,24.69003449084481,24.926076889038086,1128000,0.0,0.0
2021-03-29 00:00:00+08:00,24.59561717139538,25.917456041966204,24.265159254613256,24.926076889038086,3561000,0.0,0.0
2021-03-30 00:00:00+08:00,25.06769982386547,26.436746336642937,24.973284313351517,26.342329025268555,3845000,0.0,0.0
2021-03-31 00:00:00+08:00,26.3423293837817,27.286498908654597,25.917454178105167,26.106287002563477,5471000,0.0,0.0
2021-04-01 00:00:00+08:00,26.200705947725275,26.625582980735317,25.58699607849121,25.58699607849121,2158000,0.0,0.0
2021-04-07 00:00:00+08:00,26.247913585298207,26.3895404628876,25.823038355111695,25.917455673217773,1623000,0.0,0.0
2021-04-08 00:00:00+08:00,25.96466280806358,26.531164902229797,25.96466280806358,26.059080123901367,1885000,0.0,0.0
2021-04-09 00:00:00+08:00,26.342330160476056,28.325086581342102,25.964662699563593,26.38953971862793,9044000,0.0,0.0
2021-04-12 00:00:00+08:00,27.333709350639303,28.466711736663726,27.286499792350465,27.569751739501953,7800000,0.0,0.0
2021-04-13 00:00:00+08:00,27.52254240593047,30.307841536734998,26.908832550048828,26.908832550048828,18103000,0.0,0.0
2021-04-14 00:00:00+08:00,26.908832364720435,28.32508669970572,25.303743398059574,26.059080123901367,6437000,0.0,0.0
2021-04-15 00:00:00+08:00,26.389537622149387,27.097664730426807,26.200703006264597,26.719995498657227,1962000,0.0,0.0
2021-04-16 00:00:00+08:00,26.71999584846816,27.0032477760036,26.20070334927709,26.48395347595215,2024000,0.0,0.0
2021-04-19 00:00:00+08:00,26.719997662439045,27.758584532189296,26.15349737063028,26.814414978027344,5129000,0.0,0.0
2021-04-20 00:00:00+08:00,26.672790411665186,27.71137730114107,26.672790411665186,27.003250122070312,3287000,0.0,0.0
2021-04-21 00:00:00+08:00,27.050455743062766,29.222046667817754,26.767205614158392,29.174837112426758,13452000,0.0,0.0
2021-04-22 00:00:00+08:00,29.694130614863813,31.01596571463672,27.19208007336545,27.38091468811035,11878000,0.0,0.0
2021-04-23 00:00:00+08:00,28.325086077109884,29.26925561301355,27.47533385496868,28.13625144958496,4226000,0.0,0.0
2021-04-26 00:00:00+08:00,28.513920118996076,28.65554518630074,27.42812373431933,27.522541046142578,2480000,0.0,0.0
2021-04-27 00:00:00+08:00,27.758583161937338,28.13625060478715,27.19208109723241,27.428123474121094,2165000,0.0,0.0
2021-04-28 00:00:00+08:00,27.38091691470158,30.166217803955078,27.38091691470158,30.166217803955078,12104000,0.0,0.0
2021-04-29 00:00:00+08:00,32.05455605611562,32.101763811965505,28.37229347229004,28.37229347229004,12513000,0.0,0.0
2021-05-03 00:00:00+08:00,28.41950334017236,28.60833616649993,25.96466219103014,26.20070457458496,4827000,0.0,0.0
2021-05-04 00:00:00+08:00,26.01186915218098,26.578371215565955,23.60423763387037,23.651445388793945,3906000,0.0,0.0
2021-05-05 00:00:00+08:00,23.651446266807906,24.78445043563843,22.84890359815181,23.604238510131836,1644000,0.0,0.0
2021-05-06 00:00:00+08:00,23.934698209445777,24.595615807213182,23.415403881706588,23.604238510131836,1407000,0.0,0.0
2021-05-07 00:00:00+08:00,24.359571983677597,24.690031663477875,23.93469679610042,24.54840660095215,1133000,0.0,0.0
2021-05-10 00:00:00+08:00,24.5484087359284,24.5484087359284,23.887489318847656,23.887489318847656,863000,0.0,0.0
2021-05-11 00:00:00+08:00,23.698655449514643,24.31236528089923,21.904733711290284,22.329608917236328,1944000,0.0,0.0
2021-05-12 00:00:00+08:00,22.282402895544124,22.75448769502234,20.11081173742795,20.299646377563477,2769000,0.0,0.0
2021-05-13 00:00:00+08:00,19.5443108173547,21.00777293036151,19.119433790553735,20.44127082824707,1589000,0.0,0.0
2021-05-14 00:00:00+08:00,21.196607827747858,22.329610245177374,20.2052286865289,20.535688400268555,3544000,0.0,0.0
2021-05-17 00:00:00+08:00,18.883390426635742,19.73314263566226,18.505722978275116,18.883390426635742,1633000,0.0,0.0
2021-05-18 00:00:00+08:00,19.449891606620938,20.771728515625,19.2138492371252,20.771728515625,1292000,0.0,0.0
2021-05-19 00:00:00+08:00,20.771731073755205,21.43265051008256,20.394063596222683,21.054981231689453,1144000,0.0,0.0
2021-05-20 00:00:00+08:00,21.05498068851249,21.33823263999998,20.39406307009609,20.44127082824707,698000,0.0,0.0
2021-05-21 00:00:00+08:00,20.960564943929157,21.33823240760543,20.724522554023924,21.102190017700195,820000,0.0,0.0
2021-05-24 00:00:00+08:00,20.818935776999297,21.904732091698662,20.818935776999297,21.668689727783203,652000,0.0,0.0
2021-05-25 00:00:00+08:00,21.951941823583454,22.565651664930893,21.951941823583454,22.09356689453125,798000,0.0,0.0
2021-05-26 00:00:00+08:00,22.235192223796943,22.37681909725058,21.810317006017556,22.187984466552734,480000,0.0,0.0
2021-05-27 00:00:00+08:00,22.187984466552734,22.471234611738993,21.999149835854894,22.187984466552734,461000,0.0,0.0
2021-05-28 00:00:00+08:00,22.51844435529523,23.32098884107969,22.424027039168735,23.037736892700195,756000,0.0,0.0
2021-05-31 00:00:00+08:00,23.368195868774716,23.79307287764208,23.17936124242023,23.50982093811035,663000,0.0,0.0
2021-06-01 00:00:00+08:00,23.698655366481614,24.26515743995194,23.698655366481614,24.170740127563477,739000,0.0,0.0
2021-06-02 00:00:00+08:00,24.453990468161855,24.548407781339098,23.41540362493311,23.50982093811035,909000,0.0,0.0
2021-06-03 00:00:00+08:00,23.8402797422697,24.92607430105248,23.415402749291033,24.642824172973633,2551000,0.0,0.0
2021-06-04 00:00:00+08:00,24.453990736324485,24.453990736324485,23.36819612503052,23.604238510131836,977000,0.0,0.0
2021-06-07 00:00:00+08:00,23.887489400368377,23.887489400368377,22.707277437882578,23.13215446472168,645000,0.0,0.0
2021-06-08 00:00:00+08:00,23.226571054141825,23.74586358102053,23.17936149660527,23.604238510131836,361000,0.0,0.0
2021-06-09 00:00:00+08:00,23.79307183328475,24.076321959523224,23.368194843066657,23.46261215209961,362000,0.0,0.0
2021-06-10 00:00:00+08:00,23.557030753455766,23.793073138557084,23.320988368354445,23.604238510131836,550000,0.0,0.0
2021-06-11 00:00:00+08:00,23.69865488080149,23.934697256504972,23.084945064144524,23.22657012939453,665000,0.0,0.0
2021-06-15 00:00:00+08:00,23.22657152495319,23.32098884107969,22.848904061307717,23.037736892700195,396000,0.0,0.0
2021-06-16 00:00:00+08:00,23.03773659190403,23.46261360849553,22.518444061279297,22.518444061279297,618000,0.0,0.0
2021-06-17 00:00:00+08:00,22.801693790571722,23.50982093811035,22.565651408058848,23.50982093811035,501000,0.0,0.0
2021-06-18 00:00:00+08:00,23.509820620866204,23.509820620866204,22.89611079478629,22.990528106689453,493000,0.0,0.0
2021-06-21 00:00:00+08:00,22.660069503459777,22.943319651908816,22.1407769643497,22.28240203857422,509000,0.0,0.0
2021-06-22 00:00:00+08:00,22.754485597748044,22.754485597748044,21.81031608581543,21.81031608581543,655000,0.0,0.0
2021-06-23 00:00:00+08:00,21.810317006017556,22.424026854494784,21.810317006017556,22.187984466552734,515000,0.0,0.0
2021-06-24 00:00:00+08:00,22.565651559544186,22.565651559544186,22.235191861635663,22.424026489257812,241000,0.0,0.0
2021-06-25 00:00:00+08:00,22.66006825115999,22.801693317557657,22.42402587354374,22.565650939941406,413000,0.0,0.0
2021-06-28 00:00:00+08:00,22.565652593405428,22.660069911542298,22.329610198493526,22.471235275268555,409000,0.0,0.0
2021-06-29 00:00:00+08:00,22.471235245633906,22.660069881658618,21.951942697856786,22.04636001586914,811000,0.0,0.0
2021-06-30 00:00:00+08:00,22.04636001586914,22.235192851033297,21.951942697856786,22.04636001586914,375000,0.0,0.0
2021-07-01 00:00:00+08:00,22.046358826850796,22.235191651830696,21.527064506220032,21.57427406311035,647000,0.0,0.0
2021-07-02 00:00:00+08:00,21.57427208598215,22.18798186243051,21.57427208598215,21.90473175048828,358000,0.0,0.0
2021-07-05 00:00:00+08:00,22.187983084313014,22.42402545755039,21.951940711075643,22.37681770324707,594000,0.0,0.0
2021-07-06 00:00:00+08:00,22.37681946955666,22.565652302535806,21.951942443847656,21.951942443847656,483000,0.0,0.0
2021-07-07 00:00:00+08:00,21.951942559653578,22.235192711046828,21.621482849121094,21.621482849121094,422000,0.0,0.0
2021-07-08 00:00:00+08:00,21.76310643669463,22.235191190643413,21.76310643669463,22.140775680541992,359000,0.0,0.0
2021-07-09 00:00:00+08:00,22.18798587252198,22.376820515185567,21.76310882695923,21.9991512298584,406000,0.0,0.0
2021-07-12 00:00:00+08:00,22.187983435592702,22.612860434490774,22.04635836958015,22.140775680541992,1110000,0.0,0.0
2021-07-13 00:00:00+08:00,22.187983895800837,22.424026277671057,21.57427406311035,21.57427406311035,1147000,0.0,0.0
2021-07-14 00:00:00+08:00,21.621482816163923,21.810317450711945,20.866147879692907,21.19660758972168,635000,0.0,0.0
2021-07-15 00:00:00+08:00,21.196604999952285,21.76310523266113,21.149395446653003,21.668689727783203,404000,0.0,0.0
2021-07-16 00:00:00+08:00,21.668692935980413,22.42402789199822,21.668692935980413,22.235193252563477,536000,0.0,0.0
2021-07-19 00:00:00+08:00,22.282400746554544,22.471233567617805,22.04635836958015,22.140775680541992,553000,0.0,0.0
2021-07-20 00:00:00+08:00,21.999150317932273,21.999150317932273,21.5742750908424,21.621482849121094,445000,0.0,0.0
2021-07-21 00:00:00+08:00,21.857524983723703,22.187984690347793,21.385440203078005,21.52706527709961,771000,0.0,0.0
2021-07-22 00:00:00+08:00,21.574274471252448,22.376818944965827,21.574274471252448,21.763107299804688,624000,0.0,0.0
2021-07-23 00:00:00+08:00,21.904733303567603,22.376818057516385,21.904733303567603,22.140775680541992,650000,0.0,0.0
2021-07-26 00:00:00+08:00,22.471236268278357,24.217950427986274,22.32961118524488,24.029117584228516,3863000,0.0,0.0
2021-07-27 00:00:00+08:00,23.98190586412889,24.029115421464667,22.282401418971435,22.424026489257812,2443000,0.0,0.0
2021-07-28 00:00:00+08:00,22.565649989393666,22.565649989393666,20.630103294816895,21.432647705078125,1244000,0.0,0.0
2021-07-29 00:00:00+08:00,21.951941929217423,21.951941929217423,21.196607013287473,21.763107299804688,608000,0.0,0.0
2021-07-30 00:00:00+08:00,21.763108301768636,21.857525620821935,21.338233067319653,21.385440826416016,414000,0.0,0.0
2021-08-02 00:00:00+08:00,21.574275464522614,21.621483223618974,21.196607989169994,21.385440826416016,327000,0.0,0.0
2021-08-03 00:00:00+08:00,21.432647705078125,21.668690072751406,21.291020843785876,21.432647705078125,179000,0.0,0.0
2021-08-04 00:00:00+08:00,21.668692293948673,21.999150201877306,21.527065418138648,21.951942443847656,403000,0.0,0.0
2021-08-05 00:00:00+08:00,22.140777733706692,22.943320449152893,21.999150853700336,22.235193252563477,986000,0.0,0.0
2021-08-06 00:00:00+08:00,22.235191965479046,22.660068979182917,22.046359137835477,22.09356689453125,446000,0.0,0.0
2021-08-09 00:00:00+08:00,22.093567000846726,22.329609387182398,21.763107299804688,21.763107299804688,279000,0.0,0.0
2021-08-10 00:00:00+08:00,21.904733861077695,21.904733861077695,21.19660671213157,21.24381446838379,498000,0.0,0.0
2021-08-11 00:00:00+08:00,21.85752456891631,21.85752456891631,21.102189654561986,21.338232040405273,580000,0.0,0.0
2021-08-12 00:00:00+08:00,21.527063893329835,21.810315824026,21.432648383958185,21.715898513793945,225000,0.0,0.0
2021-08-13 00:00:00+08:00,21.85752600785881,21.85752600785881,21.054981482985767,21.149398803710938,396000,0.0,0.0
2021-08-16 00:00:00+08:00,20.86614680339522,21.10218918397467,20.063602349253014,20.394062042236328,666000,0.0,0.0
2021-08-17 00:00:00+08:00,20.630104897409357,20.960564597994864,19.827560424804688,19.827560424804688,350000,0.0,0.0
2021-08-18 00:00:00+08:00,19.638725692520932,20.25243733361135,19.261058237061008,20.15802001953125,234000,0.0,0.0
2021-08-19 00:00:00+08:00,20.016395805376618,20.016395805376618,19.35547637939453,19.35547637939453,394000,0.0,0.0
2021-08-20 00:00:00+08:00,19.685935832883697,19.685935832883697,19.07222597448206,19.261058807373047,215000,0.0,0.0
2021-08-23 00:00:00+08:00,19.40268180274721,20.110808902130106,19.40268180274721,19.92197608947754,272000,0.0,0.0
2021-08-24 00:00:00+08:00,19.733143110228756,19.827560424804688,19.40268340964325,19.827560424804688,189000,0.0,0.0
2021-08-25 00:00:00+08:00,19.82756021991641,20.677312440597877,19.82756021991641,20.488479614257812,334000,0.0,0.0
2021-08-26 00:00:00+08:00,20.58289371626931,20.67731102339832,20.063601228350265,20.346851348876953,97000,0.0,0.0
2021-08-27 00:00:00+08:00,20.346851697609857,20.48847856116095,20.110809326171875,20.110809326171875,148000,0.0,0.0
2021-08-30 00:00:00+08:00,20.11081211534911,20.205229437191154,20.0636043548584,20.0636043548584,126000,0.0,0.0
2021-08-31 00:00:00+08:00,20.063603977824368,20.299646377563477,20.016396218220784,20.299646377563477,114000,0.0,0.0
2021-09-01 00:00:00+08:00,20.29964325579873,20.58289337158203,20.29964325579873,20.58289337158203,122000,0.0,0.0
2021-09-02 00:00:00+08:00,20.582896536906173,20.86614849710946,20.299646377563477,20.299646377563477,186000,0.0,0.0
2021-09-03 00:00:00+08:00,20.346853511084575,20.582895903560544,20.346853511084575,20.44127082824707,119000,0.0,0.0
2021-09-06 00:00:00+08:00,20.441269204717557,20.441269204717557,19.780351638793945,19.780351638793945,205000,0.0,0.0
2021-09-07 00:00:00+08:00,19.87476892776577,19.92197848725624,19.35547637939453,19.35547637939453,162000,0.0,0.0
2021-09-08 00:00:00+08:00,19.733143973681866,19.733143973681866,19.02501678466797,19.02501678466797,168000,0.0,0.0
2021-09-09 00:00:00+08:00,19.02501728631717,19.44989433127284,19.02501728631717,19.213851928710938,129000,0.0,0.0
2021-09-10 00:00:00+08:00,19.213850077600213,19.63872528076172,19.213850077600213,19.63872528076172,56000,0.0,0.0
2021-09-13 00:00:00+08:00,19.591517783197244,19.96918523571329,19.497100469853116,19.733142852783203,126000,0.0,0.0
2021-09-14 00:00:00+08:00,19.874767303466797,19.921976859098983,19.733142238291055,19.874767303466797,199000,0.0,0.0
2021-09-15 00:00:00+08:00,19.874768181662407,19.874768181662407,19.54431028193739,19.827560424804688,116000,0.0,0.0
2021-09-16 00:00:00+08:00,19.87476750583732,21.81031608581543,19.638725127854165,21.81031608581543,6081000,0.0,0.0
2021-09-17 00:00:00+08:00,21.668691257537432,21.95194139388859,20.394062042236328,20.394062042236328,6156000,0.0,0.0
2021-09-22 00:00:00+08:00,19.82755948358259,19.82755948358259,19.40268248859023,19.449892044067383,687000,0.0,0.0
2021-09-23 00:00:00+08:00,19.780351994056797,19.874767504555628,19.44989230472961,19.544309616088867,377000,0.0,0.0
2021-09-24 00:00:00+08:00,19.733142083532005,19.921976702858977,19.638724773868518,19.780351638793945,216000,0.0,0.0
2021-09-27 00:00:00+08:00,20.016395568847656,20.158020643924395,19.733143617833644,20.016395568847656,273000,0.0,0.0
2021-09-28 00:00:00+08:00,20.15802001953125,20.677312545681087,20.11081046206096,20.15802001953125,307000,0.0,0.0
2021-09-29 00:00:00+08:00,19.827559808457103,20.11080994251946,19.780352053066853,19.96918487548828,323000,0.0,0.0
2021-09-30 00:00:00+08:00,20.110810718198536,20.488479979329057,20.01639520377641,20.252437591552734,134000,0.0,0.0
2021-10-01 00:00:00+08:00,20.016395162634986,20.158020234837586,19.355475757875524,19.497100830078125,395000,0.0,0.0
2021-10-04 00:00:00+08:00,19.544311137127835,19.733143973681866,18.93059946596067,19.02501678466797,476000,0.0,0.0
2021-10-05 00:00:00+08:00,18.69455493590082,19.166639674694885,18.50572212089941,18.93059730529785,361000,0.0,0.0
2021-10-06 00:00:00+08:00,18.97780747661457,19.261057608754616,18.741765099544388,18.788972854614258,200000,0.0,0.0
2021-10-07 00:00:00+08:00,18.9778078979763,19.30826759338379,18.836182828761793,19.30826759338379,146000,0.0,0.0
2021-10-08 00:00:00+08:00,19.355475714448392,19.402683471456506,19.07222557067871,19.07222557067871,141000,0.0,0.0
2021-10-12 00:00:00+08:00,18.93059765636723,18.93059765636723,18.55293021850018,18.694555282592773,316000,0.0,0.0
2021-10-13 00:00:00+08:00,18.741765037096656,18.741765037096656,18.12805521893116,18.364097595214844,352000,0.0,0.0
2021-10-14 00:00:00+08:00,18.364097749270506,18.60014012753434,18.22247088162386,18.458513259887695,299000,0.0,0.0
2021-10-15 00:00:00+08:00,18.600140290580384,18.883390426635742,18.505722978275116,18.883390426635742,243000,0.0,0.0
2021-10-18 00:00:00+08:00,18.788973474674496,18.977808102906597,18.60014064730288,18.647348403930664,136000,0.0,0.0
2021-10-19 00:00:00+08:00,18.88339094092526,19.07222557067871,18.647348554163695,19.07222557067871,163000,0.0,0.0
2021-10-20 00:00:00+08:00,18.977808255801985,19.119433327686824,18.836183183917143,19.07222557067871,164000,0.0,0.0
2021-10-21 00:00:00+08:00,19.07222684734592,19.261059688879072,19.07222684734592,19.213851928710938,159000,0.0,0.0
2021-10-22 00:00:00+08:00,19.308268366241194,19.40268388225642,19.07222597448206,19.261058807373047,191000,0.0,0.0
2021-10-25 00:00:00+08:00,19.54430976952168,19.63872528076172,19.166640521119753,19.63872528076172,129000,0.0,0.0
2021-10-26 00:00:00+08:00,19.921977217063166,19.921977217063166,19.63872528076172,19.63872528076172,201000,0.0,0.0
2021-10-27 00:00:00+08:00,19.685935249991225,20.20522777614106,19.685935249991225,20.15802001953125,282000,0.0,0.0
2021-10-28 00:00:00+08:00,20.205227417428592,20.535687110411907,20.15801966165688,20.394062042236328,340000,0.0,0.0
2021-10-29 00:00:00+08:00,20.299646124432396,20.488480762213204,20.205228805541992,20.205228805541992,131000,0.0,0.0
2021-11-01 00:00:00+08:00,20.110811368194636,20.724523036937086,20.063603609457783,20.535688400268555,340000,0.0,0.0
2021-11-02 00:00:00+08:00,20.677312809033815,21.102189827375398,20.252437591552734,20.252437591552734,486000,0.0,0.0
2021-11-03 00:00:00+08:00,20.394063323197436,20.724523036937086,20.394063323197436,20.535688400268555,170000,0.0,0.0
2021-11-04 00:00:00+08:00,20.771729130660187,20.818936885612978,20.630104064941406,20.630104064941406,353000,0.0,0.0
2021-11-05 00:00:00+08:00,20.72452163696289,21.007771771971136,20.677312080554557,20.72452163696289,201000,0.0,0.0
2021-11-08 00:00:00+08:00,20.72452240911942,20.771730166426188,20.58289553547811,20.67731285095215,127000,0.0,0.0
2021-11-09 00:00:00+08:00,20.535688400268555,20.677313477339673,20.394063323197436,20.535688400268555,132000,0.0,0.0
2021-11-10 00:00:00+08:00,20.677311207654633,20.771728515625,20.441268838158894,20.771728515625,155000,0.0,0.0
2021-11-11 00:00:00+08:00,20.72452178984347,21.05497968283733,20.630104477190745,20.818937301635742,354000,0.0,0.0
2021-11-12 00:00:00+08:00,20.913354873657227,21.00777218748092,20.818937559833532,20.913354873657227,166000,0.0,0.0
2021-11-15 00:00:00+08:00,21.10218872476159,21.24381378985521,20.913354104063156,20.96056365966797,262000,0.0,0.0
2021-11-16 00:00:00+08:00,21.00777088512074,21.10218819309111,20.771728515625,20.771728515625,259000,0.0,0.0
2021-11-17 00:00:00+08:00,21.054979169156777,21.054979169156777,20.77172903896954,20.96056365966797,220000,0.0,0.0
2021-11-18 00:00:00+08:00,21.007773351063395,21.574275464522614,21.007773351063395,21.385440826416016,469000,0.0,0.0
2021-11-19 00:00:00+08:00,21.668691740757975,21.81031681209185,21.291022482720322,21.338232040405273,356000,0.0,0.0
2021-11-22 00:00:00+08:00,21.574274164730742,21.574274164730742,21.149397155018878,21.24381446838379,229000,0.0,0.0
2021-11-23 00:00:00+08:00,21.196606552246642,21.291022064038916,20.818937301635742,20.818937301635742,169000,0.0,0.0
2021-11-24 00:00:00+08:00,20.771730058648615,21.00777244567871,20.724522301586795,21.00777244567871,152000,0.0,0.0
2021-11-25 00:00:00+08:00,21.054978905116446,21.243813523446793,20.866146087646484,20.866146087646484,109000,0.0,0.0
2021-11-26 00:00:00+08:00,20.960564754881702,20.960564754881702,20.205228033481166,20.252437591552734,178000,0.0,0.0
2021-11-29 00:00:00+08:00,20.252436116343105,20.252436116343105,19.308266634012153,19.68593406677246,249000,0.0,0.0
2021-11-30 00:00:00+08:00,19.82756195068359,20.11081211534911,19.780354190192885,20.0636043548584,109000,0.0,0.0
2021-12-01 00:00:00+08:00,20.016393475215935,20.346851348876953,19.92197616808692,20.346851348876953,134000,0.0,0.0
2021-12-02 00:00:00+08:00,20.06360218712921,20.29964456580132,19.92197712009803,19.96918487548828,204000,0.0,0.0
2021-12-03 00:00:00+08:00,20.063603326919722,20.252437960929065,19.969186009915052,20.016395568847656,151000,0.0,0.0
2021-12-06 00:00:00+08:00,20.016393818284985,20.205226634919143,19.969184263481164,20.110809326171875,115000,0.0,0.0
2021-12-07 00:00:00+08:00,20.252437632609734,20.960564797374264,20.205228074442463,20.67731285095215,372000,0.0,0.0
2021-12-08 00:00:00+08:00,20.960564430999312,21.24381457160992,20.77172980335192,20.913354873657227,407000,0.0,0.0
2021-12-09 00:00:00+08:00,21.054979515686103,22.990528106689453,21.054979515686103,22.990528106689453,9137000,0.0,0.0
2021-12-10 00:00:00+08:00,22.801693353000502,22.801693353000502,21.81031608581543,21.81031608581543,5060000,0.0,0.0
2021-12-13 00:00:00+08:00,22.424027449300382,23.98190689086914,22.37681969080397,23.98190689086914,7393000,0.0,0.0
2021-12-14 00:00:00+08:00,23.604237215218845,23.934696896403985,22.80169278972933,23.46261215209961,4372000,0.0,0.0
2021-12-15 00:00:00+08:00,23.226571781892652,25.303743755351338,22.943319830379735,23.13215446472168,5551000,0.0,0.0
2021-12-16 00:00:00+08:00,23.4154039869304,23.887488759254488,22.56565175691915,23.273778915405273,2613000,0.0,0.0
2021-12-17 00:00:00+08:00,23.08494732915925,23.13215508858764,22.187985493135084,22.235193252563477,1618000,0.0,0.0
2021-12-20 00:00:00+08:00,22.1879851217185,23.132154701366094,22.1879851217185,22.471235275268555,789000,0.0,0.0
2021-12-21 00:00:00+08:00,22.471232863516835,22.754484787527097,22.376817356373778,22.61285972595215,328000,0.0,0.0
2021-12-22 00:00:00+08:00,23.132152646337673,23.415402774724182,22.801692962646484,22.801692962646484,885000,0.0,0.0
2021-12-23 00:00:00+08:00,22.896109501512086,23.226569174077113,22.660067135517117,22.848901748657227,632000,0.0,0.0
2021-12-24 00:00:00+08:00,23.22656890311839,23.604236324132447,22.754484176635742,22.754484176635742,1150000,0.0,0.0
2021-12-27 00:00:00+08:00,22.943321228027344,23.084948112841612,22.61286329908911,22.943321228027344,479000,0.0,0.0
2021-12-28 00:00:00+08:00,23.084945516906373,23.415403408684142,22.66006851196289,22.66006851196289,718000,0.0,0.0
2021-12-29 00:00:00+08:00,22.896113087519726,24.359575265553026,22.660070684555606,23.179363250732422,2535000,0.0,0.0
2021-12-30 00:00:00+08:00,23.179361966459684,23.32098884107969,22.896111818940707,23.037736892700195,722000,0.0,0.0
2022-01-03 00:00:00+08:00,23.179359620361918,23.179359620361918,22.565649828947063,22.848901748657227,503000,0.0,0.0
2022-01-04 00:00:00+08:00,22.943319103081215,25.114910125732422,22.943319103081215,25.114910125732422,7531000,0.0,0.0
2022-01-05 00:00:00+08:00,27.380916236812233,27.616958618164062,26.295121642765906,27.616958618164062,27895000,0.0,0.0
2022-01-06 00:00:00+08:00,26.908831627615687,28.325085923805986,26.436746862218918,28.04183578491211,22391000,0.0,0.0
2022-01-07 00:00:00+08:00,27.758583777869088,28.183460786040435,25.634202338733285,25.775827407836914,8590000,0.0,0.0
2022-01-10 00:00:00+08:00,25.114909281509263,26.15349610083439,24.265157084192495,24.406782150268555,6099000,0.0,0.0
2022-01-11 00:00:00+08:00,23.84028164221316,24.831658970357015,23.13215446472168,23.13215446472168,4664000,0.0,0.0
2022-01-12 00:00:00+08:00,23.27377764103285,23.557029569433933,22.37681770324707,22.37681770324707,2050000,0.0,0.0
2022-01-13 00:00:00+08:00,22.518441813394418,23.037734292181206,22.329607202457233,22.754484176635742,1396000,0.0,0.0
2022-01-14 00:00:00+08:00,22.47123498561597,22.660069619455644,21.621482735058486,21.951942443847656,1750000,0.0,0.0
2022-01-17 00:00:00+08:00,21.99915048544476,22.707277670180456,21.9519427268066,22.471235275268555,871000,0.0,0.0
2022-01-18 00:00:00+08:00,22.565650878579643,22.896110566515873,22.09356612463086,22.140775680541992,960000,0.0,0.0
2022-01-19 00:00:00+08:00,22.046359683570095,23.415404471102047,21.904734609116517,22.707277297973633,2683000,0.0,0.0
2022-01-20 00:00:00+08:00,22.80169192893988,23.08494384534566,22.424024507925825,22.754484176635742,1394000,0.0,0.0
2022-01-21 00:00:00+08:00,22.754483887175265,22.89610894314638,21.810314446220772,21.90473175048828,885000,0.0,0.0
2022-01-24 00:00:00+08:00,21.763107254406897,21.763107254406897,20.771729954209288,21.338232040405273,980000,0.0,0.0
2022-01-25 00:00:00+08:00,21.14939647950599,21.621481230391666,20.96056365966797,20.96056365966797,425000,0.0,0.0
2022-01-26 00:00:00+08:00,20.866148393353484,21.527066028820254,20.866148393353484,21.054981231689453,669000,0.0,0.0
2022-02-07 00:00:00+08:00,21.291022424679756,22.09356689453125,21.291022424679756,22.09356689453125,584000,0.0,0.0
2022-02-08 00:00:00+08:00,22.187982740366934,22.707275233095206,22.187982740366934,22.61285972595215,479000,0.0,0.0
2022-02-09 00:00:00+08:00,22.75448685669851,22.943319689016437,22.471234906930828,22.707277297973633,656000,0.0,0.0
2022-02-10 00:00:00+08:00,22.84890413633282,22.84890413633282,22.1407769643497,22.28240203857422,456000,0.0,0.0
2022-02-11 00:00:00+08:00,22.046359137835477,22.471234350678866,22.046359137835477,22.09356689453125,345000,0.0,0.0
2022-02-14 00:00:00+08:00,21.763107254406897,21.81031681209185,21.102189654561986,21.338232040405273,750000,0.0,0.0
2022-02-15 00:00:00+08:00,21.4798578902575,21.9047349205189,21.29102325439453,21.29102325439453,453000,0.0,0.0
2022-02-16 00:00:00+08:00,21.715898513793945,22.09356595386176,21.574273448876063,21.715898513793945,552000,0.0,0.0
2022-02-17 00:00:00+08:00,21.951942187644057,22.28240189257639,21.715899798529605,21.857524871826172,533000,0.0,0.0
2022-02-18 00:00:00+08:00,21.715897141953267,21.90473175048828,21.57427208598215,21.90473175048828,367000,0.0,0.0
2022-02-21 00:00:00+08:00,21.715897480222164,21.904732091698662,21.47985511630671,21.668689727783203,372000,0.0,0.0
2022-02-22 00:00:00+08:00,21.668692908647962,21.668692908647962,20.96056571295176,21.054981231689453,529000,0.0,0.0
2022-02-23 00:00:00+08:00,21.102189398766658,21.385439538000924,21.102189398766658,21.24381446838379,347000,0.0,0.0
2022-02-24 00:00:00+08:00,21.05498026930383,21.14939758458646,20.110810718198536,20.252437591552734,912000,0.0,0.0
2022-02-25 00:00:00+08:00,20.346853511084575,20.72452277973456,20.346853511084575,20.44127082824707,352000,0.0,0.0
2022-03-01 00:00:00+08:00,20.677312489528227,21.149397257786227,20.677312489528227,20.913354873657227,303000,0.0,0.0
2022-03-02 00:00:00+08:00,20.866146349318754,21.10218872476159,20.77172903896954,20.96056365966797,218000,0.0,0.0
2022-03-03 00:00:00+08:00,21.102189501304615,21.24381457160992,20.913354873657227,20.913354873657227,209000,0.0,0.0
2022-03-04 00:00:00+08:00,20.913353040569422,20.913353040569422,20.58289337158203,20.58289337158203,310000,0.0,0.0
2022-03-07 00:00:00+08:00,20.58289517888394,20.58289517888394,19.308267745078837,19.40268325805664,753000,0.0,0.0
2022-03-08 00:00:00+08:00,18.741765099544388,19.497099985824796,18.552930477544077,18.788972854614258,769000,0.0,0.0
2022-03-09 00:00:00+08:00,19.166642367682186,19.40268477024409,18.836184444784017,19.213851928710938,372000,0.0,0.0
2022-03-10 00:00:00+08:00,19.54431002695541,19.874767922369163,19.54431002695541,19.733142852783203,272000,0.0,0.0
2022-03-11 00:00:00+08:00,19.449892662598295,19.638725487930817,19.261058036405313,19.30826759338379,207000,0.0,0.0
2022-03-14 00:00:00+08:00,19.35547473397348,19.685934418871938,19.35547473397348,19.449892044067383,186000,0.0,0.0
2022-03-15 00:00:00+08:00,19.355475187301636,19.355475187301636,18.83618267091333,18.883390426635742,321000,0.0,0.0
2022-03-16 00:00:00+08:00,19.02501549466342,19.11943280696869,18.741765358608063,18.883390426635742,240000,0.0,0.0
2022-03-17 00:00:00+08:00,19.30826800076149,19.544310388052658,19.072225613470327,19.497100830078125,219000,0.0,0.0
2022-03-18 00:00:00+08:00,19.497100059979026,19.685934682697543,19.402682748619767,19.544309616088867,203000,0.0,0.0
2022-03-21 00:00:00+08:00,19.54430900459489,19.87476688272243,19.54430900459489,19.68593406677246,280000,0.0,0.0
2022-03-22 00:00:00+08:00,19.733144628841547,20.582896923698716,19.733144628841547,20.0636043548584,662000,0.0,0.0
2022-03-23 00:00:00+08:00,20.1580188809757,20.441269006357125,20.016393818284985,20.110809326171875,289000,0.0,0.0
2022-03-24 00:00:00+08:00,20.016393818284985,20.252436189722967,19.921976509537718,20.110809326171875,174000,0.0,0.0
2022-03-25 00:00:00+08:00,20.2996467590332,20.2996467590332,19.96918703301635,20.0636043548584,243000,0.0,0.0
2022-03-28 00:00:00+08:00,20.01639479281559,20.01639479281559,19.638725539439076,19.733142852783203,187000,0.0,0.0
2022-03-29 00:00:00+08:00,19.827559904962683,19.921977217063166,19.63872528076172,19.63872528076172,134000,0.0,0.0
2022-03-30 00:00:00+08:00,20.15801853547928,20.394060902871633,19.969183921221255,20.346851348876953,428000,0.0,0.0
2022-03-31 00:00:00+08:00,20.39406125241368,20.48847856116095,20.110809326171875,20.110809326171875,186000,0.0,0.0
2022-04-01 00:00:00+08:00,19.92197712009803,20.11080994251946,19.780352053066853,19.96918487548828,143000,0.0,0.0
2022-04-06 00:00:00+08:00,20.1108096790465,20.1108096790465,19.68593448351928,19.874767303466797,108000,0.0,0.0
2022-04-07 00:00:00+08:00,19.68593557082514,19.78035288644402,19.07222572059319,19.166641235351562,330000,0.0,0.0
2022-04-08 00:00:00+08:00,19.35547473397348,19.591517108778035,19.213849669262828,19.449892044067383,125000,0.0,0.0
2022-04-11 00:00:00+08:00,19.638725126587698,19.874767504555628,19.497100059979026,19.544309616088867,345000,0.0,0.0
2022-04-12 00:00:00+08:00,19.35547550156774,19.449892815406017,19.21385043124056,19.40268325805664,234000,0.0,0.0
2022-04-13 00:00:00+08:00,19.40268214155695,19.73314182054486,19.40268214155695,19.68593406677246,179000,0.0,0.0
2022-04-14 00:00:00+08:00,19.733143110228756,20.205227882247918,19.59151803879511,19.827560424804688,304000,0.0,0.0
2022-04-15 00:00:00+08:00,19.827560424804688,20.016395053956547,19.827560424804688,19.827560424804688,179000,0.0,0.0
2022-04-18 00:00:00+08:00,20.016393818284985,20.535686315104392,19.921976509537718,20.110809326171875,465000,0.0,0.0
2022-04-19 00:00:00+08:00,20.488481017699,20.53568877730259,20.205229057495714,20.299646377563477,176000,0.0,0.0
2022-04-20 00:00:00+08:00,20.299646377563477,20.39406369763124,20.11081173742795,20.299646377563477,112000,0.0,0.0
2022-04-21 00:00:00+08:00,20.110811486651585,20.299646124432396,20.110811486651585,20.205228805541992,194000,0.0,0.0
2022-04-22 00:00:00+08:00,20.016394948841338,20.15802001953125,19.921977634761237,20.15802001953125,173000,0.0,0.0
2022-04-25 00:00:00+08:00,19.827560643823205,19.827560643823205,19.0250161623535,19.166641235351562,332000,0.0,0.0
2022-04-26 00:00:00+08:00,19.35547586658932,19.35547586658932,19.07222572059319,19.166641235351562,113000,0.0,0.0
2022-04-27 00:00:00+08:00,18.411304658921143,18.836181640625,18.411304658921143,18.836181640625,281000,0.0,0.0
2022-04-28 00:00:00+08:00,18.600139773771307,19.025014966049092,18.600139773771307,18.694555282592773,139000,0.0,0.0
2022-04-29 00:00:00+08:00,18.97780836406021,19.166641194030355,18.74176597595215,18.74176597595215,92000,0.0,0.0
2022-05-03 00:00:00+08:00,18.647348403930664,18.788973474674496,18.505723333186832,18.647348403930664,90000,0.0,0.0
2022-05-04 00:00:00+08:00,18.883391048644885,18.883391048644885,18.647348660536824,18.74176597595215,46000,0.0,0.0
2022-05-05 00:00:00+08:00,18.930597146905548,19.11943176118734,18.836181640625,18.836181640625,117000,0.0,0.0
2022-05-06 00:00:00+08:00,18.505722464089448,18.741764837863904,18.505722464089448,18.694555282592773,79000,0.0,0.0
2022-05-09 00:00:00+08:00,18.505722214441956,18.505722214441956,17.70317779426328,17.844802856445312,304000,0.0,0.0
2022-05-10 00:00:00+08:00,17.18388529930904,17.844802856445312,17.18388529930904,17.844802856445312,146000,0.0,0.0
2022-05-11 00:00:00+08:00,17.84480320899375,17.84480320899375,17.467135768760205,17.608760833740234,107000,0.0,0.0
2022-05-12 00:00:00+08:00,17.46713659595689,17.655971225446567,16.806217193603516,16.806217193603516,330000,0.0,0.0
2022-05-13 00:00:00+08:00,16.947843607472983,17.419928367560136,16.947843607472983,17.372718811035156,169000,0.0,0.0
2022-05-16 00:00:00+08:00,17.70317928484833,17.844804358955013,17.561554210741647,17.65597152709961,108000,0.0,0.0
2022-05-17 00:00:00+08:00,17.9392217121019,18.222471860896142,17.844804395550312,18.080846786499023,189000,0.0,0.0
2022-05-18 00:00:00+08:00,18.316889065252326,18.505723697198846,18.269681307695954,18.411306381225586,151000,0.0,0.0
2022-05-19 00:00:00+08:00,17.93922109808338,18.222471237182617,17.892013341853662,18.222471237182617,140000,0.0,0.0
2022-05-20 00:00:00+08:00,18.269681052307636,18.41130612385752,18.269681052307636,18.3168888092041,78000,0.0,0.0
2022-05-23 00:00:00+08:00,18.411306635967435,18.50572395324707,18.316889318687803,18.50572395324707,97000,0.0,0.0
2022-05-24 00:00:00+08:00,18.505723438510937,18.74176582471424,18.269681052307636,18.3168888092041,111000,0.0,0.0
2022-05-25 00:00:00+08:00,18.316889065252326,18.600141013172106,18.316889065252326,18.411306381225586,82000,0.0,0.0
2022-05-26 00:00:00+08:00,18.60014064730288,18.977808102906597,18.458513775698567,18.647348403930664,197000,0.0,0.0
2022-05-27 00:00:00+08:00,18.647348660536824,18.74176597595215,18.505723587844088,18.74176597595215,95000,0.0,0.0
2022-05-30 00:00:00+08:00,18.741765358608063,18.930598182358153,18.741765358608063,18.883390426635742,96000,0.0,0.0
2022-05-31 00:00:00+08:00,19.07222452132022,19.07222452132022,18.647347528182042,18.694555282592773,77000,0.0,0.0
2022-06-01 00:00:00+08:00,18.836182410544545,18.93059792068428,18.741765099544388,18.788972854614258,113000,0.0,0.0
2022-06-02 00:00:00+08:00,18.78897243484101,18.97780705262248,18.600139617919922,18.600139617919922,120000,0.0,0.0
2022-06-06 00:00:00+08:00,18.883390426635742,18.883390426635742,18.788973114330474,18.883390426635742,64000,0.0,0.0
2022-06-07 00:00:00+08:00,18.883390426635742,18.883390426635742,18.694555802025207,18.883390426635742,75000,0.0,0.0
2022-06-08 00:00:00+08:00,18.930598182358153,18.930598182358153,18.741765358608063,18.883390426635742,67000,0.0,0.0
2022-06-09 00:00:00+08:00,18.788974637265913,19.261059436196515,18.74176687771709,19.119434356689453,195000,0.0,0.0
2022-06-10 00:00:00+08:00,18.930598182358153,18.930598182358153,18.600140290580384,18.883390426635742,130000,0.0,0.0
2022-06-13 00:00:00+08:00,18.6473477264111,18.6473477264111,18.364097595214844,18.364097595214844,129000,0.0,0.0
2022-06-14 00:00:00+08:00,18.128055572509766,18.316888396703554,17.986428703288862,18.128055572509766,75000,0.0,0.0
2022-06-15 00:00:00+08:00,18.128055724723183,18.458513620052134,18.128055724723183,18.222471237182617,57000,0.0,0.0
2022-06-16 00:00:00+08:00,18.411304906033813,18.64734727662399,17.844802856445312,17.844802856445312,89000,0.0,0.0
2022-06-17 00:00:00+08:00,17.514343523466746,17.75038589872026,17.18388563880015,17.608760833740234,186000,0.0,0.0
2022-06-20 00:00:00+08:00,17.608762200778276,17.608762200778276,16.995052337646484,16.995052337646484,191000,0.0,0.0
2022-06-21 00:00:00+08:00,17.042257856867856,18.316886974892338,16.995050104698926,17.986427307128906,110000,0.0,0.0
2022-06-22 00:00:00+08:00,17.797596186577934,18.080846328192457,17.136676788330078,17.136676788330078,63000,0.0,0.0
2022-06-23 00:00:00+08:00,17.278301966467215,17.41992883901472,16.806217193603516,16.806217193603516,177000,0.0,0.0
2022-06-24 00:00:00+08:00,17.089468418334754,17.37271854978334,17.089468418334754,17.278301239013672,93000,0.0,0.0
2022-06-27 00:00:00+08:00,17.608761712139586,17.75038678418447,17.37271932511128,17.561553955078125,100000,0.0,0.0
2022-06-28 00:00:00+08:00,17.75038678418447,17.75038678418447,17.37271932511128,17.561553955078125,31000,0.0,0.0
2022-06-29 00:00:00+08:00,17.37271932511128,17.70317902712301,17.37271932511128,17.561553955078125,56000,0.0,0.0
2022-06-30 00:00:00+08:00,17.561553377554993,17.561553377554993,16.806216683387852,16.947843551635742,135000,0.0,0.0
2022-07-01 00:00:00+08:00,16.617385105042725,16.85342750198691,16.19250807019896,16.33413314819336,141000,0.0,0.0
2022-07-04 00:00:00+08:00,16.334132376529215,16.759009391300754,16.14529954841113,16.3813419342041,55000,0.0,0.0
2022-07-05 00:00:00+08:00,16.47576015672325,16.759010314941406,16.381342837030335,16.759010314941406,54000,0.0,0.0
2022-07-06 00:00:00+08:00,17.1838860306064,17.1838860306064,16.61738395690918,16.61738395690918,113000,0.0,0.0
2022-07-07 00:00:00+08:00,16.759008731071127,17.278301239013672,16.57017410953179,17.278301239013672,113000,0.0,0.0
2022-07-08 00:00:00+08:00,17.655971010244684,17.655971010244684,17.136676685907798,17.46713638305664,147000,0.0,0.0
2022-07-11 00:00:00+08:00,17.278299663936473,17.278299663936473,17.04225730895996,17.04225730895996,35000,0.0,0.0
2022-07-12 00:00:00+08:00,17.04225862295131,17.04225862295131,16.239715994841774,16.42854881286621,91000,0.0,0.0
2022-07-13 00:00:00+08:00,16.94784396087389,17.231094102488413,16.85342664671556,17.136676788330078,140000,0.0,0.0
2022-07-14 00:00:00+08:00,17.443437029443935,17.732554028905675,17.34706408356967,17.587995529174805,41000,0.368306,0.0
2022-07-15 00:00:00+08:00,17.58799415740136,17.58799415740136,17.347062730587645,17.443435668945312,59000,0.0,0.0
2022-07-18 00:00:00+08:00,17.395249434885685,17.636180877685547,17.298878328294563,17.636180877685547,156000,0.0,0.0
2022-07-19 00:00:00+08:00,17.491622379637835,17.78074121389429,17.395249434885685,17.636180877685547,171000,0.0,0.0
2022-07-20 00:00:00+08:00,17.732553822437698,17.82892676718985,17.491622379637835,17.636180877685547,176000,0.0,0.0
2022-07-21 00:00:00+08:00,17.68436948578145,17.828927993774414,17.49162358301672,17.828927993774414,77000,0.0,0.0
2022-07-22 00:00:00+08:00,17.8289262899207,18.02167217426532,17.58799485357042,17.78074073791504,75000,0.0,0.0
2022-07-25 00:00:00+08:00,17.78074073791504,17.973484784098673,17.636180405576084,17.78074073791504,79000,0.0,0.0
2022-07-26 00:00:00+08:00,17.539810180664062,17.587995735084796,17.347064286658977,17.539810180664062,148000,0.0,0.0
2022-07-27 00:00:00+08:00,17.395248280686022,17.53980860730298,17.347062730587645,17.443435668945312,96000,0.0,0.0
2022-07-28 00:00:00+08:00,17.58799415740136,17.58799415740136,17.395248280686022,17.443435668945312,122000,0.0,0.0
2022-07-29 00:00:00+08:00,17.49162258330054,17.587995529174805,17.395249637426275,17.587995529174805,63000,0.0,0.0
2022-08-01 00:00:00+08:00,17.49162258330054,17.68436847504907,17.34706408356967,17.587995529174805,71000,0.0,0.0
2022-08-02 00:00:00+08:00,17.395248615601304,17.491621555814465,17.202504573335922,17.347063064575195,101000,0.0,0.0
2022-08-03 00:00:00+08:00,17.29887714384954,17.29887714384954,16.91338539123535,16.91338539123535,56000,0.0,0.0
2022-08-04 00:00:00+08:00,16.96157455444336,16.96157455444336,16.672455709726055,16.96157455444336,63000,0.0,0.0
2022-08-05 00:00:00+08:00,17.009760359962662,17.39525032043457,17.009760359962662,17.39525032043457,108000,0.0,0.0
2022-08-08 00:00:00+08:00,17.2025057852357,17.539810180664062,17.2025057852357,17.539810180664062,38000,0.0,0.0
2022-08-09 00:00:00+08:00,17.684368269142137,17.684368269142137,17.53980977109443,17.636180877685547,65000,0.0,0.0
2022-08-10 00:00:00+08:00,17.636180877685547,17.636180877685547,17.395249434885685,17.636180877685547,36000,0.0,0.0
2022-08-11 00:00:00+08:00,17.63618243613599,17.828928342672604,17.63618243613599,17.732555389404297,202000,0.0,0.0
2022-08-12 00:00:00+08:00,17.877113342285156,17.925300736495988,17.732554835974934,17.877113342285156,161000,0.0,0.0
2022-08-15 00:00:00+08:00,17.7325529872669,17.7325529872669,17.298877513549087,17.347063064575195,417000,0.0,0.0
2022-08-16 00:00:00+08:00,17.395248280686022,17.49162121904369,17.347062730587645,17.443435668945312,96000,0.0,0.0
2022-08-17 00:00:00+08:00,17.395248615601304,17.491621555814465,17.347063064575195,17.347063064575195,139000,0.0,0.0
2022-08-18 00:00:00+08:00,17.347062730587645,17.58799415740136,17.347062730587645,17.443435668945312,104000,0.0,0.0
2022-08-19 00:00:00+08:00,17.587995324389986,17.684368269142137,17.443436826342275,17.636180877685547,124000,0.0,0.0
2022-08-22 00:00:00+08:00,17.53981097778848,17.925300945156778,17.53981097778848,17.828927993774414,196000,0.0,0.0
2022-08-23 00:00:00+08:00,17.587995189531725,17.732553686471014,17.587995189531725,17.684368133544922,24000,0.0,0.0
2022-08-24 00:00:00+08:00,17.732554494721125,18.021673339938765,17.684368939598738,17.973485946655273,192000,0.0,0.0
2022-08-25 00:00:00+08:00,18.069858007478622,18.31078944757834,17.925299511050998,18.21441650390625,285000,0.0,0.0
2022-08-26 00:00:00+08:00,18.166231291355103,18.31078979048992,18.06985834587821,18.118043899536133,142000,0.0,0.0
2022-08-29 00:00:00+08:00,17.82892676718985,17.82892676718985,17.395249434885685,17.636180877685547,115000,0.0,0.0
2022-08-30 00:00:00+08:00,17.973485400401316,18.118043899536133,17.636181010312715,18.118043899536133,155000,0.0,0.0
2022-08-31 00:00:00+08:00,18.021672792220286,18.214416845013027,18.021672792220286,18.118043899536133,132000,0.0,0.0
2022-09-01 00:00:00+08:00,18.118044312024548,18.214417259695537,17.82892730717267,18.02167320251465,89000,0.0,0.0
2022-09-02 00:00:00+08:00,17.9253000502494,18.166231497596407,17.9253000502494,18.06985855102539,363000,0.0,0.0
2022-09-05 00:00:00+08:00,18.118044312024548,18.118044312024548,17.587995857075743,18.02167320251465,182000,0.0,0.0
2022-09-06 00:00:00+08:00,18.021672518510613,18.021672518510613,17.587995189531725,17.684368133544922,74000,0.0,0.0
2022-09-07 00:00:00+08:00,17.636182198056964,17.636182198056964,17.10613371947844,17.298879623413086,186000,0.0,0.0
2022-09-08 00:00:00+08:00,17.587995529174805,17.587995529174805,17.298878529713065,17.587995529174805,81000,0.0,0.0
2022-09-12 00:00:00+08:00,17.587995189531725,17.82892663048421,17.395249301505324,17.684368133544922,67000,0.0,0.0
2022-09-13 00:00:00+08:00,17.53980977109443,17.684368269142137,17.491622379637835,17.636180877685547,51000,0.0,0.0
2022-09-14 00:00:00+08:00,17.587996219751087,17.587996219751087,17.29887920893744,17.39525032043457,65000,0.0,0.0
2022-09-15 00:00:00+08:00,17.636181427357897,17.636181427357897,17.443437370007313,17.491622924804688,51000,0.0,0.0
2022-09-16 00:00:00+08:00,17.44343723366152,17.68436868208734,17.298878732238244,17.539810180664062,67000,0.0,0.0
2022-09-19 00:00:00+08:00,17.347065180316164,17.39525073721924,17.154319276381514,17.298879623413086,134000,0.0,0.0
2022-09-20 00:00:00+08:00,17.298879972957625,17.298879972957625,17.154319623005037,17.20250701904297,33000,0.0,0.0
2022-09-21 00:00:00+08:00,17.154316817538767,17.395248243842182,16.81701429124271,16.91338539123535,125000,0.0,0.0
2022-09-22 00:00:00+08:00,16.865201266220815,17.057947158813477,16.81701571215318,17.057947158813477,25000,0.0,0.0
2022-09-23 00:00:00+08:00,16.961574348500157,17.0097599029541,16.720642899908285,17.0097599029541,64000,0.0,0.0
2022-09-26 00:00:00+08:00,16.672455248225845,16.672455248225845,15.708729468833344,16.04603385925293,234000,0.0,0.0
2022-09-27 00:00:00+08:00,15.80510208033305,16.142406463623047,15.75691652764634,16.142406463623047,41000,0.0,0.0
2022-09-28 00:00:00+08:00,16.527897192964247,16.527897192964247,14.6486320564793,15.419612884521484,451000,0.0,0.0
2022-09-29 00:00:00+08:00,15.46779789264918,15.708729335451574,14.841376508995166,15.564170837402344,189000,0.0,0.0
2022-09-30 00:00:00+08:00,15.419612339353115,15.564170837402344,15.130494424174142,15.564170837402344,81000,0.0,0.0
2022-10-03 00:00:00+08:00,15.22686784748721,15.419612823970734,15.082308425814157,15.178681373596191,55000,0.0,0.0
2022-10-04 00:00:00+08:00,15.612357961549469,16.38333783005223,15.515985018446372,15.901474952697754,78000,0.0,0.0
2022-10-05 00:00:00+08:00,16.383338181177887,16.383338181177887,15.805102348327637,15.805102348327637,57000,0.0,0.0
2022-10-06 00:00:00+08:00,15.805101674942817,16.046033108518653,15.708728733880289,15.997847557067871,50000,0.0,0.0
2022-10-07 00:00:00+08:00,15.997848305547723,16.094221251119183,15.901475359976263,16.04603385925293,17000,0.0,0.0
2022-10-11 00:00:00+08:00,15.805101882613306,15.805101882613306,14.7931905835632,14.889562606811523,96000,0.0,0.0
2022-10-12 00:00:00+08:00,15.323240225086431,15.323240225086431,14.696818807481732,15.082308769226074,46000,0.0,0.0
2022-10-13 00:00:00+08:00,14.937749021295776,14.937749021295776,14.118581771850586,14.118581771850586,284000,0.0,0.0
2022-10-14 00:00:00+08:00,14.79319041621913,14.937748908996582,14.407699570345121,14.937748908996582,100000,0.0,0.0
2022-10-17 00:00:00+08:00,14.793191088050406,15.419612477308869,14.40770022466937,15.275053977966309,71000,0.0,0.0
2022-10-18 00:00:00+08:00,15.419612678675794,15.515985625549732,15.082308283697547,15.467798233032227,67000,0.0,0.0
2022-10-19 00:00:00+08:00,15.46779789264918,15.805102280204737,15.419612339353115,15.564170837402344,68000,0.0,0.0
2022-10-20 00:00:00+08:00,15.564170837402344,15.564170837402344,15.226867368927305,15.564170837402344,32000,0.0,0.0
2022-10-21 00:00:00+08:00,15.275054042909312,15.515985488891602,15.275054042909312,15.515985488891602,13000,0.0,0.0
2022-10-24 00:00:00+08:00,15.612358228859442,15.708729335451574,15.46779789264918,15.564170837402344,37000,0.0,0.0
2022-10-25 00:00:00+08:00,15.708729681136536,15.949661129240845,15.178681230571485,15.467798233032227,49000,0.0,0.0
2022-10-26 00:00:00+08:00,15.612358228859442,15.612358228859442,15.419612339353115,15.564170837402344,26000,0.0,0.0
2022-10-27 00:00:00+08:00,15.853290905746436,15.853290905746436,15.371427063550895,15.756917953491211,89000,0.0,0.0
2022-10-28 00:00:00+08:00,15.467798498392222,15.708729950629865,15.467798498392222,15.660544395446777,10000,0.0,0.0
2022-10-31 00:00:00+08:00,15.467798498392222,15.805102899157141,15.467798498392222,15.660544395446777,26000,0.0,0.0
2022-11-01 00:00:00+08:00,15.708729804880587,15.99784864777991,15.660544250144577,15.949661254882812,56000,0.0,0.0
2022-11-02 00:00:00+08:00,15.949661912313818,16.527897783785747,15.901476355591642,16.28696632385254,159000,0.0,0.0
2022-11-03 00:00:00+08:00,16.28696516646536,16.28696516646536,16.046033723653267,16.094221115112305,39000,0.0,0.0
2022-11-04 00:00:00+08:00,16.479711877785604,16.479711877785604,16.190593029096764,16.383338928222656,43000,0.0,0.0
2022-11-07 00:00:00+08:00,16.383338585048506,16.672455589520222,16.383338585048506,16.479711532592773,49000,0.0,0.0
2022-11-08 00:00:00+08:00,16.57608393237435,16.81701537419281,16.383338043655172,16.624269485473633,85000,0.0,0.0
2022-11-09 00:00:00+08:00,16.72064222465337,16.72064222465337,16.479710785791394,16.672454833984375,45000,0.0,0.0
2022-11-10 00:00:00+08:00,16.479710785791394,16.672454833984375,16.431523395122397,16.672454833984375,20000,0.0,0.0
2022-11-11 00:00:00+08:00,16.76882832787809,16.76882832787809,16.431523934761472,16.527896881103516,99000,0.0,0.0
2022-11-14 00:00:00+08:00,16.52789633829939,16.672454833984375,16.431523395122397,16.672454833984375,61000,0.0,0.0
2022-11-15 00:00:00+08:00,16.431523596754456,16.768827982932503,16.431523596754456,16.624269485473633,32000,0.0,0.0
2022-11-16 00:00:00+08:00,16.52789633829939,16.672454833984375,16.335152290106407,16.672454833984375,48000,0.0,0.0
2022-11-17 00:00:00+08:00,16.672454833984375,16.72064222465337,16.576083728968385,16.672454833984375,23000,0.0,0.0
2022-11-18 00:00:00+08:00,16.672455381536047,16.672455381536047,16.383338380670985,16.527896881103516,42000,0.0,0.0
2022-11-21 00:00:00+08:00,16.383339136024,16.383339136024,16.286966185238686,16.335153579711914,26000,0.0,0.0
2022-11-22 00:00:00+08:00,16.2387804229588,16.383338928222656,16.2387804229588,16.383338928222656,15000,0.0,0.0
2022-11-23 00:00:00+08:00,16.43152483218023,16.43152483218023,16.190593372247026,16.28696632385254,34000,0.0,0.0
2022-11-24 00:00:00+08:00,16.28696516646536,16.28696516646536,16.094221115112305,16.094221115112305,63000,0.0,0.0
2022-11-25 00:00:00+08:00,16.142407150149026,16.142407150149026,15.949661254882812,15.949661254882812,44000,0.0,0.0
2022-11-28 00:00:00+08:00,15.99784789580085,15.99784789580085,15.853289400226707,15.901474952697754,38000,0.0,0.0
2022-11-29 00:00:00+08:00,15.805102009594659,15.901474952697754,15.708729066491564,15.901474952697754,83000,0.0,0.0
2022-11-30 00:00:00+08:00,15.901475225598217,16.238779613167356,15.901475225598217,16.094221115112305,114000,0.0,0.0
2022-12-01 00:00:00+08:00,16.431524483923567,16.479711877785604,16.190593029096764,16.383338928222656,64000,0.0,0.0
2022-12-02 00:00:00+08:00,16.479711532592773,16.479711532592773,16.335153030356917,16.479711532592773,108000,0.0,0.0
2022-12-05 00:00:00+08:00,16.57608448013704,16.57608448013704,16.431524139740098,16.479711532592773,49000,0.0,0.0
2022-12-06 00:00:00+08:00,16.335154069071624,16.576085534172023,16.190593719482422,16.190593719482422,69000,0.0,0.0
2022-12-07 00:00:00+08:00,16.190591601031965,16.431523034607803,15.997847557067871,15.997847557067871,78000,0.0,0.0
2022-12-08 00:00:00+08:00,16.094221595413018,16.190592704885034,15.901475700146802,15.949661254882812,29000,0.0,0.0
2022-12-09 00:00:00+08:00,16.142407678141293,16.624270593906704,15.997849171043898,16.335153579711914,244000,0.0,0.0
2022-12-12 00:00:00+08:00,16.383339275458056,16.383339275458056,16.28696632385254,16.28696632385254,87000,0.0,0.0
2022-12-13 00:00:00+08:00,16.3351525579244,16.383338111222404,16.094221115112305,16.094221115112305,92000,0.0,0.0
2022-12-14 00:00:00+08:00,16.190592221708318,16.238779613167356,16.094221115112305,16.094221115112305,168000,0.0,0.0
2022-12-15 00:00:00+08:00,16.094220910936336,16.286964959844184,15.997847967401908,16.142406463623047,40000,0.0,0.0
2022-12-16 00:00:00+08:00,16.238781115399224,16.286966673154822,16.046035208054423,16.190593719482422,35000,0.0,0.0
2022-12-19 00:00:00+08:00,16.190592221708318,16.190592221708318,15.997848170355262,16.094221115112305,17000,0.0,0.0
2022-12-20 00:00:00+08:00,16.094221251119183,16.094221251119183,15.901475359976263,16.04603385925293,65000,0.0,0.0
2022-12-21 00:00:00+08:00,16.094221115112305,16.3351525579244,15.997848170355262,16.094221115112305,26000,0.0,0.0
2022-12-22 00:00:00+08:00,16.286964619673466,16.286964619673466,16.094220574791283,16.238779067993164,17000,0.0,0.0
2022-12-23 00:00:00+08:00,15.90147469174813,16.238779067993164,15.853289140067828,16.238779067993164,30000,0.0,0.0
2022-12-26 00:00:00+08:00,16.238780767130365,16.383339275458056,15.949661912313818,16.28696632385254,42000,0.0,0.0
2022-12-27 00:00:00+08:00,16.28696632385254,16.383339275458056,16.142407815524848,16.28696632385254,34000,0.0,0.0
2022-12-28 00:00:00+08:00,16.09422260397122,16.190593719482422,15.997849650298823,16.190593719482422,18000,0.0,0.0
2022-12-29 00:00:00+08:00,15.997848305547723,16.094221251119183,15.901475359976263,16.04603385925293,45000,0.0,0.0
2022-12-30 00:00:00+08:00,16.046033108518653,16.190591601031965,15.949660167456127,15.997847557067871,24000,0.0,0.0
2023-01-03 00:00:00+08:00,15.901474616005343,15.997847557067871,15.756916123492033,15.997847557067871,35000,0.0,0.0
2023-01-04 00:00:00+08:00,15.901475225598217,16.190592221708318,15.901475225598217,16.094221115112305,48000,0.0,0.0
2023-01-05 00:00:00+08:00,16.23877899064371,16.23877899064371,15.997847557067871,15.997847557067871,78000,0.0,0.0
2023-01-06 00:00:00+08:00,15.997847967401908,16.142406463623047,15.997847967401908,16.142406463623047,13000,0.0,0.0
2023-01-09 00:00:00+08:00,16.238780767130365,16.28696632385254,16.142407815524848,16.28696632385254,155000,0.0,0.0
2023-01-10 00:00:00+08:00,16.094220574791283,16.286964619673466,16.094220574791283,16.238779067993164,13000,0.0,0.0
2023-01-11 00:00:00+08:00,16.238779067993164,16.238779067993164,16.094220574791283,16.238779067993164,32000,0.0,0.0
2023-01-12 00:00:00+08:00,16.286966673154822,16.286966673154822,15.949662254382021,16.190593719482422,44000,0.0,0.0
2023-01-13 00:00:00+08:00,16.142408161726824,16.190593719482422,15.997849650298823,16.190593719482422,20000,0.0,0.0
2023-01-16 00:00:00+08:00,16.0460334482719,16.19059194384604,15.901474952697754,15.901474952697754,32000,0.0,0.0
2023-01-17 00:00:00+08:00,15.85328947118077,16.142406463623047,15.85328947118077,16.142406463623047,28000,0.0,0.0
2023-01-30 00:00:00+08:00,16.142408161726824,16.383339626827222,16.09422260397122,16.190593719482422,57000,0.0,0.0
2023-01-31 00:00:00+08:00,16.286965978659712,16.383338928222656,16.09422191769494,16.383338928222656,63000,0.0,0.0
2023-02-01 00:00:00+08:00,16.383339136024,16.383339136024,16.190593234453374,16.335153579711914,76000,0.0,0.0
2023-02-02 00:00:00+08:00,16.335152490555892,16.672455038572913,16.335152490555892,16.624269485473633,138000,0.0,0.0
2023-02-03 00:00:00+08:00,16.76882832787809,16.81701572012964,16.527896881103516,16.527896881103516,100000,0.0,0.0
2023-02-06 00:00:00+08:00,16.527896881103516,16.527896881103516,16.431523934761472,16.527896881103516,18000,0.0,0.0
2023-02-07 00:00:00+08:00,16.52789587282533,17.057946126290506,16.52789587282533,16.817014694213867,191000,0.0,0.0
2023-02-08 00:00:00+08:00,16.961574348500157,17.0097599029541,16.672455507293265,17.0097599029541,220000,0.0,0.0
2023-02-09 00:00:00+08:00,16.96157455444336,17.05794750268246,16.86520160620426,16.96157455444336,89000,0.0,0.0
2023-02-10 00:00:00+08:00,16.961574432153025,16.961574432153025,16.479711532592773,16.479711532592773,144000,0.0,0.0
2023-02-13 00:00:00+08:00,16.527897225081148,16.576084618335575,16.383338721640072,16.4315242767334,73000,0.0,0.0
2023-02-14 00:00:00+08:00,16.47971119141383,16.57608413696289,16.383338245864767,16.57608413696289,43000,0.0,0.0
2023-02-15 00:00:00+08:00,16.57608448013704,16.57608448013704,16.431524139740098,16.479711532592773,26000,0.0,0.0
2023-02-16 00:00:00+08:00,16.479710988014762,16.72064242983322,16.479710988014762,16.624269485473633,73000,0.0,0.0
2023-02-17 00:00:00+08:00,16.57608393237435,16.624269485473633,16.479710988014762,16.624269485473633,36000,0.0,0.0
2023-02-20 00:00:00+08:00,16.624268414935617,16.96157277939258,16.5760828649393,16.91338539123535,133000,0.0,0.0
2023-02-21 00:00:00+08:00,16.865201950073242,17.15431896252433,16.7206434438477,16.865201950073242,61000,0.0,0.0
2023-02-22 00:00:00+08:00,16.768828657965155,16.96157455444336,16.768828657965155,16.96157455444336,36000,0.0,0.0
2023-02-23 00:00:00+08:00,16.961574348500157,17.250691351545978,16.961574348500157,17.0097599029541,77000,0.0,0.0
2023-02-24 00:00:00+08:00,16.913386820288448,17.057947158813477,16.865201266220815,17.057947158813477,98000,0.0,0.0
2023-03-01 00:00:00+08:00,17.05794750268246,17.05794750268246,16.86520160620426,16.96157455444336,59000,0.0,0.0
2023-03-02 00:00:00+08:00,16.81701584697725,17.05794729556912,16.81701584697725,17.0097599029541,154000,0.0,0.0
2023-03-03 00:00:00+08:00,17.106131966151487,17.44343634438385,16.961573472097896,17.250690460205078,293000,0.0,0.0
2023-03-06 00:00:00+08:00,17.298877180489264,17.58799415740136,17.154316853872306,17.443435668945312,263000,0.0,0.0
2023-03-07 00:00:00+08:00,17.44343723366152,17.63618128950553,17.44343723366152,17.539810180664062,85000,0.0,0.0
2023-03-08 00:00:00+08:00,17.68436868208734,17.732554236508072,17.39524984107971,17.539810180664062,97000,0.0,0.0
2023-03-09 00:00:00+08:00,17.443437714344263,17.539810664002523,17.347064764686003,17.39525032043457,64000,0.0,0.0
2023-03-10 00:00:00+08:00,17.106132850023066,17.250691351545978,16.865201401431193,17.0097599029541,75000,0.0,0.0
2023-03-13 00:00:00+08:00,16.961574348500157,17.0097599029541,16.720642899908285,17.0097599029541,48000,0.0,0.0
2023-03-14 00:00:00+08:00,16.817016394051773,16.865201950073242,16.7206434438477,16.865201950073242,88000,0.0,0.0
2023-03-15 00:00:00+08:00,16.91338539123535,17.154316817538767,16.81701429124271,16.91338539123535,43000,0.0,0.0
2023-03-16 00:00:00+08:00,16.768827982932503,16.86520092729209,16.431523596754456,16.624269485473633,128000,0.0,0.0
2023-03-17 00:00:00+08:00,16.527896745107835,16.672455244350903,16.431523799558775,16.57608413696289,45000,0.0,0.0
2023-03-20 00:00:00+08:00,16.47971119141383,16.57608413696289,16.383338245864767,16.57608413696289,91000,0.0,0.0
2023-03-21 00:00:00+08:00,16.624268813288175,16.865200245364814,16.624268813288175,16.817014694213867,57000,0.0,0.0
2023-03-22 00:00:00+08:00,16.865199841239033,17.154316817538767,16.865199841239033,16.91338539123535,145000,0.0,0.0
2023-03-23 00:00:00+08:00,16.91338539123535,16.91338539123535,16.720641353089164,16.91338539123535,108000,0.0,0.0
2023-03-24 00:00:00+08:00,16.91338750609471,16.961574900277316,16.865201950073242,16.865201950073242,179000,0.0,0.0
2023-03-27 00:00:00+08:00,17.00975921602334,17.00975921602334,16.672454833984375,16.672454833984375,255000,0.0,0.0
2023-03-28 00:00:00+08:00,16.865201135449027,16.865201135449027,16.57608413696289,16.57608413696289,142000,0.0,0.0
2023-03-29 00:00:00+08:00,16.527896881103516,16.624269827445556,16.479711327013025,16.527896881103516,73000,0.0,0.0
2023-03-30 00:00:00+08:00,16.57608393237435,16.768827982932503,16.57608393237435,16.624269485473633,58000,0.0,0.0
2023-03-31 00:00:00+08:00,16.62427083649626,16.81701674087953,16.57608527948103,16.768829345703125,72000,0.0,0.0
2023-04-06 00:00:00+08:00,16.72064242983322,16.768827982932503,16.527896541114043,16.624269485473633,104000,0.0,0.0
2023-04-07 00:00:00+08:00,16.576084273355068,16.7206427737876,16.527896881103516,16.527896881103516,47000,0.0,0.0
2023-04-10 00:00:00+08:00,16.527896205043774,16.72064208984375,16.527896205043774,16.72064208984375,30000,0.0,0.0
2023-04-11 00:00:00+08:00,16.720643788687894,16.768829345703125,16.62427083649626,16.768829345703125,74000,0.0,0.0
2023-04-12 00:00:00+08:00,16.768828999869168,16.961574900277316,16.768828999869168,16.865201950073242,175000,0.0,0.0
2023-04-13 00:00:00+08:00,16.91338750609471,17.10613340650286,16.865201950073242,16.865201950073242,156000,0.0,0.0
2023-04-14 00:00:00+08:00,16.865201266220815,17.10613271288111,16.76882831992448,17.057947158813477,114000,0.0,0.0
2023-04-17 00:00:00+08:00,16.913388157299007,17.298879972957625,16.913388157299007,17.20250701904297,208000,0.0,0.0
2023-04-18 00:00:00+08:00,17.250691815027746,17.82892767481617,17.250691815027746,17.39525032043457,443000,0.0,0.0
2023-04-19 00:00:00+08:00,17.443437370007313,17.7807417680722,17.39524997704885,17.491622924804688,197000,0.0,0.0
2023-04-20 00:00:00+08:00,17.39524895425867,17.491621896348057,17.202504908240876,17.250690460205078,128000,0.0,0.0
2023-04-21 00:00:00+08:00,17.154318266948746,17.395249713609044,17.00975976658478,17.057947158813477,72000,0.0,0.0
2023-04-24 00:00:00+08:00,16.913388157299007,17.20250701904297,16.865202599422283,17.20250701904297,59000,0.0,0.0
2023-04-25 00:00:00+08:00,17.154316817538767,17.250689755692314,16.720641353089164,16.91338539123535,141000,0.0,0.0
2023-04-26 00:00:00+08:00,16.76882845436223,17.0097599029541,16.76882845436223,17.0097599029541,62000,0.0,0.0
2023-04-27 00:00:00+08:00,17.057947158813477,17.057947158813477,16.865201266220815,17.057947158813477,33000,0.0,0.0
2023-04-28 00:00:00+08:00,17.347065885302047,17.347065885302047,16.865202944043656,17.10613441467285,79000,0.0,0.0
2023-05-02 00:00:00+08:00,17.298879972957625,17.347065530834346,17.106134065128316,17.20250701904297,74000,0.0,0.0
2023-05-03 00:00:00+08:00,16.961574348500157,17.05794729556912,16.961574348500157,17.0097599029541,38000,0.0,0.0
2023-05-04 00:00:00+08:00,16.913386820288448,17.250691213245076,16.913386820288448,17.057947158813477,54000,0.0,0.0
2023-05-05 00:00:00+08:00,17.00976010948236,17.00976010948236,16.768828657965155,16.96157455444336,119000,0.0,0.0
2023-05-08 00:00:00+08:00,16.96157455444336,17.20250600596056,16.91338716124326,16.96157455444336,36000,0.0,0.0
2023-05-09 00:00:00+08:00,16.91338716124326,17.00976010948236,16.672455709726055,16.96157455444336,95000,0.0,0.0
2023-05-10 00:00:00+08:00,16.817016051165258,16.96157455444336,16.672455709726055,16.96157455444336,47000,0.0,0.0
2023-05-11 00:00:00+08:00,16.768827982932503,16.768827982932503,16.431523596754456,16.624269485473633,50000,0.0,0.0
2023-05-12 00:00:00+08:00,16.7688279180492,17.34706374380835,16.720642365136364,17.15431785583496,124000,0.0,0.0
2023-05-15 00:00:00+08:00,17.347064764686003,17.636181775499654,17.20250625927918,17.39525032043457,326000,0.0,0.0
2023-05-16 00:00:00+08:00,17.44343748766459,17.973485946655273,17.44343748766459,17.973485946655273,443000,0.0,0.0
2023-05-17 00:00:00+08:00,18.31078979048992,18.64809418057852,18.118043899536133,18.118043899536133,476000,0.0,0.0
2023-05-18 00:00:00+08:00,18.11804500793323,18.840839385986328,18.069859451327485,18.840839385986328,671000,0.0,0.0
2023-05-19 00:00:00+08:00,18.93721144209299,19.7563787327922,18.93721144209299,19.081769943237305,1018000,0.0,0.0
2023-05-22 00:00:00+08:00,19.274517176041506,19.370890129553953,18.407164270751878,18.744468688964844,595000,0.0,0.0
2023-05-23 00:00:00+08:00,18.74446746733912,18.889025969105937,18.503536018340732,18.551721572875977,187000,0.0,0.0
2023-05-24 00:00:00+08:00,18.4553476954433,19.515446385236494,18.4553476954433,19.32270050048828,421000,0.0,0.0
2023-05-25 00:00:00+08:00,19.46726271690892,20.09368414571574,18.985399796571187,19.852752685546875,1744000,0.0,0.0
2023-05-26 00:00:00+08:00,19.997308910877404,19.997308910877404,19.370887553590546,19.4190731048584,492000,0.0,0.0
2023-05-29 00:00:00+08:00,19.419074250676747,20.527358538680033,19.419074250676747,20.141868591308594,1039000,0.0,0.0
2023-05-30 00:00:00+08:00,19.94912406200793,20.04549516793681,19.66000522973822,19.756378173828125,275000,0.0,0.0
2023-05-31 00:00:00+08:00,19.804565290616402,20.23824265418483,19.46726271690892,19.852752685546875,314000,0.0,0.0
2023-06-01 00:00:00+08:00,19.85275159032028,20.23824153769172,19.515447197059874,20.141868591308594,448000,0.0,0.0
2023-06-02 00:00:00+08:00,20.141868934965903,20.430987779048177,19.99731043200531,20.045495986938477,402000,0.0,0.0
2023-06-05 00:00:00+08:00,20.527359207960835,22.021135330200195,20.141869248020754,22.021135330200195,3594000,0.0,0.0
2023-06-06 00:00:00+08:00,21.97294735641986,21.97294735641986,20.52735866617747,20.62373161315918,1930000,0.0,0.0
2023-06-07 00:00:00+08:00,21.346525394497426,21.346525394497426,20.671918459764665,20.76828956604004,765000,0.0,0.0
2023-06-08 00:00:00+08:00,20.768289985557317,20.768289985557317,20.093683037197565,20.141868591308594,325000,0.0,0.0
2023-06-09 00:00:00+08:00,20.334613800048828,20.816476677594245,20.141867913766262,20.334613800048828,311000,0.0,0.0
2023-06-12 00:00:00+08:00,20.816477970546373,21.972947845589378,20.816477970546373,21.00922203063965,1561000,0.0,0.0
2023-06-13 00:00:00+08:00,21.0574085359287,21.924761365159963,20.864662645805737,21.250152587890625,842000,0.0,0.0
2023-06-14 00:00:00+08:00,21.442899153792844,21.78020355305776,21.298340650725336,21.58745765686035,667000,0.0,0.0
2023-06-15 00:00:00+08:00,21.491084368088437,21.876576154372497,21.491084368088437,21.68383026123047,741000,0.0,0.0
2023-06-16 00:00:00+08:00,21.82838945715,21.82838945715,21.250153597470565,21.491085052490234,452000,0.0,0.0
2023-06-19 00:00:00+08:00,21.587457314659453,21.780203207801485,21.25015292074143,21.68383026123047,333000,0.0,0.0
2023-06-20 00:00:00+08:00,21.635643341489402,21.635643341489402,21.250151579535697,21.539270401000977,420000,0.0,0.0
2023-06-21 00:00:00+08:00,21.58745765686035,21.78020355305776,21.442899153792844,21.58745765686035,533000,0.0,0.0
2023-06-26 00:00:00+08:00,21.49108416467463,21.924761501058896,21.250152719608046,21.73201560974121,596000,0.0,0.0
2023-06-27 00:00:00+08:00,21.924761225415377,21.924761225415377,21.250152452445878,21.29833984375,327000,0.0,0.0
2023-06-28 00:00:00+08:00,21.539271631274957,21.539271631274957,20.86466284748481,21.201967239379883,299000,0.0,0.0
2023-06-29 00:00:00+08:00,21.105594293386854,21.39471313136594,20.96103579347784,21.201967239379883,298000,0.0,0.0
2023-06-30 00:00:00+08:00,21.105595092090986,21.635645396030938,21.105595092090986,21.491085052490234,209000,0.0,0.0
2023-07-03 00:00:00+08:00,21.491084572408308,21.924761917020398,21.491084572408308,21.635644912719727,473000,0.0,0.0
2023-07-04 00:00:00+08:00,21.587457394807217,21.587457394807217,20.91285044262763,21.15378189086914,276000,0.0,0.0
2023-07-05 00:00:00+08:00,21.346526171895146,21.346526171895146,20.575546264648438,20.575546264648438,284000,0.0,0.0
2023-07-06 00:00:00+08:00,20.720104767487058,21.201967669056526,20.286427420810103,20.575546264648438,341000,0.0,0.0
2023-07-07 00:00:00+08:00,20.816477026044595,20.91284997079908,19.8527512548218,20.23824119567871,329000,0.0,0.0
2023-07-10 00:00:00+08:00,20.045496306325624,20.62373216554218,19.852752245360858,20.47917366027832,190000,0.0,0.0
2023-07-11 00:00:00+08:00,20.286427299375212,20.479173194113656,20.09368324279785,20.09368324279785,119000,0.0,0.0
2023-07-12 00:00:00+08:00,20.334614346685427,20.479172846202882,20.09368290143598,20.19005584716797,162000,0.0,0.0
2023-07-13 00:00:00+08:00,20.334614346685427,20.57554579193487,20.14186845522145,20.19005584716797,141000,0.0,0.0
2023-07-14 00:00:00+08:00,20.527359914564244,20.527359914564244,20.190057336856572,20.286428451538086,110000,0.0,0.0
2023-07-17 00:00:00+08:00,20.334614274137703,20.912850108305616,20.238241328749545,20.720104217529297,224000,0.0,0.0
2023-07-18 00:00:00+08:00,20.720103022563887,20.720103022563887,19.94912318024449,19.9973087310791,346000,0.0,0.0
2023-07-19 00:00:00+08:00,20.3827986522388,20.3827986522388,19.660004360754012,19.9973087310791,122000,0.0,0.0
2023-07-20 00:00:00+08:00,19.997309418134837,20.334613800048828,19.997309418134837,20.334613800048828,179000,0.0,0.0
2023-07-21 00:00:00+08:00,20.238242301821415,20.479173757795483,19.949125289916992,19.949125289916992,102000,0.0,0.0
2023-07-24 00:00:00+08:00,19.80456518683088,19.80456518683088,18.551722335782742,19.37088966369629,385000,0.0,0.0
2023-07-25 00:00:00+08:00,19.467261179719436,20.04549516793681,19.467261179719436,19.756378173828125,222000,0.0,0.0
2023-07-26 00:00:00+08:00,19.56363262370281,19.804564069010286,19.370888570353454,19.660005569458008,63000,0.0,0.0
2023-07-27 00:00:00+08:00,20.093683380032736,20.33461483102075,19.756378981017296,20.045495986938477,134000,0.0,0.0
2023-07-28 00:00:00+08:00,19.660006782147317,19.997311194015964,19.563633830447536,19.852752685546875,173000,0.0,0.0
2023-07-31 00:00:00+08:00,19.85275166877669,19.949124615540672,19.467261719881826,19.611820220947266,90000,0.0,0.0
2023-08-01 00:00:00+08:00,19.611820565031973,19.611820565031973,19.370889112975465,19.51544761657715,66000,0.0,0.0
2023-08-02 00:00:00+08:00,19.322700909720947,19.46726124542422,19.03358391463645,19.226329803466797,94000,0.0,0.0
2023-08-04 00:00:00+08:00,18.8408380258061,19.46726124542422,18.8408380258061,19.226329803466797,80000,0.0,0.0
2023-08-07 00:00:00+08:00,19.178142547607422,19.32270104617049,18.937211103948634,19.178142547607422,83000,0.0,0.0
2023-08-08 00:00:00+08:00,19.46726138289459,19.515446936361936,19.033584049044357,19.178142547607422,60000,0.0,0.0
2023-08-09 00:00:00+08:00,19.178142547607422,19.226329939235804,19.178142547607422,19.178142547607422,18000,0.0,0.0
2023-08-10 00:00:00+08:00,19.17814309743404,19.17814309743404,18.744467589311608,19.033584594726562,77000,0.0,0.0
2023-08-11 00:00:00+08:00,19.033583226815374,19.033583226815374,18.503534808927938,18.88902473449707,98000,0.0,0.0
2023-08-14 00:00:00+08:00,19.41907532197845,19.852752685546875,18.599907989772067,19.852752685546875,343000,0.0,0.0
2023-08-15 00:00:00+08:00,20.045494619810505,20.23824050271984,19.660004692152796,19.900936126708984,222000,0.0,0.0
2023-08-16 00:00:00+08:00,19.99730996052069,19.99730996052069,19.370888570353454,19.660005569458008,109000,0.0,0.0
2023-08-17 00:00:00+08:00,19.660006782147317,19.852752685546875,19.41907532197845,19.852752685546875,85000,0.0,0.0
2023-08-18 00:00:00+08:00,20.0454953758897,20.0454953758897,19.370888436584025,19.708192825317383,53000,0.0,0.0
2023-08-21 00:00:00+08:00,19.660005433692024,20.093682767515062,19.611819880227703,19.708192825317383,47000,0.0,0.0
2023-08-22 00:00:00+08:00,19.708192825317383,19.804563932246023,19.563632488602344,19.708192825317383,30000,0.0,0.0
2023-08-23 00:00:00+08:00,19.708192961416135,19.75637851521321,19.56363262370281,19.660005569458008,29000,0.0,0.0
2023-08-24 00:00:00+08:00,19.852751460968413,20.045495514317764,19.611820015660935,19.660005569458008,84000,0.0,0.0
2023-08-25 00:00:00+08:00,19.66000522973822,19.756378173828125,19.56363228564832,19.756378173828125,21000,0.0,0.0
2023-08-28 00:00:00+08:00,19.56363262370281,19.75637851521321,19.467261516108657,19.660005569458008,46000,0.0,0.0
2023-08-29 00:00:00+08:00,19.611819880227703,19.7563783787817,19.4672613816737,19.708192825317383,71000,0.0,0.0
2023-08-30 00:00:00+08:00,19.708192961416135,19.75637851521321,19.515447069905733,19.660005569458008,89000,0.0,0.0
2023-08-31 00:00:00+08:00,19.660005433692024,19.7563783787817,19.660005433692024,19.708192825317383,73000,0.0,0.0
2023-09-01 00:00:00+08:00,19.70819404108627,21.009222446491794,19.660006646488302,20.912851333618164,750000,0.0,0.0
2023-09-04 00:00:00+08:00,21.05740908031383,21.298340530115677,20.52735878785311,21.105594635009766,566000,0.0,0.0
2023-09-05 00:00:00+08:00,21.00922203063965,21.20196792889404,20.816477970546373,21.00922203063965,156000,0.0,0.0
2023-09-06 00:00:00+08:00,21.00922075803617,22.647555279475387,20.81647670961809,22.40662384033203,2751000,0.0,0.0
2023-09-07 00:00:00+08:00,22.35843883744316,22.406624391192057,21.683830055992313,21.73201560974121,819000,0.0,0.0
2023-09-08 00:00:00+08:00,22.16569350729148,22.16569350729148,21.39471359882404,21.58745765686035,459000,0.0,0.0
2023-09-11 00:00:00+08:00,22.165692462477747,22.165692462477747,21.539271086605144,21.876575469970703,438000,0.0,0.0
2023-09-12 00:00:00+08:00,22.069321339695612,22.069321339695612,21.25015400912763,21.39471435546875,322000,0.0,0.0
2023-09-13 00:00:00+08:00,21.49108570653491,21.82839012145996,21.00922278183089,21.82839012145996,288000,0.0,0.0
2023-09-14 00:00:00+08:00,21.924761917020398,22.021134864507648,21.442899017745223,21.635644912719727,232000,0.0,0.0
2023-09-15 00:00:00+08:00,21.780204216608897,21.828389773045714,20.864663939020197,20.912851333618164,548000,0.0,0.0
2023-09-18 00:00:00+08:00,20.816476618057827,21.539270932308717,20.720103675192178,20.864662170410156,494000,0.0,0.0
2023-09-19 00:00:00+08:00,20.864662170410156,21.105593608493784,20.816476618057827,20.864662170410156,100000,0.0,0.0
2023-09-20 00:00:00+08:00,21.009221551395374,21.201967445253015,20.720104548769992,21.15378189086914,258000,0.0,0.0
2023-09-21 00:00:00+08:00,21.201967604616858,22.64755630493164,21.057409102217594,22.64755630493164,2272000,0.0,0.0
2023-09-22 00:00:00+08:00,24.91231346130371,24.91231346130371,24.671382000049633,24.91231346130371,7523000,0.0,0.0
2023-09-25 00:00:00+08:00,25.538733418782552,25.87603781270057,24.3822617362525,25.297801971435547,10094000,0.0,0.0
2023-09-26 00:00:00+08:00,25.34598819448409,25.34598819448409,23.61128246307373,24.0931453704834,3668000,0.0,0.0
2023-09-27 00:00:00+08:00,23.755840629101048,24.382262032173767,23.61128212657059,24.189517974853516,1692000,0.0,0.0
2023-09-28 00:00:00+08:00,24.2377042232794,24.430450124276753,23.611282802279717,23.99677276611328,1275000,0.0,0.0
2023-10-02 00:00:00+08:00,24.14133047198974,24.18951786472123,23.12941912072256,23.17760467529297,1599000,0.0,0.0
2023-10-03 00:00:00+08:00,23.273977356152514,23.46672324854973,22.743928909301758,22.743928909301758,777000,0.0,0.0
2023-10-04 00:00:00+08:00,22.743928303446072,23.51490817617536,22.06931953618719,23.418535232543945,1242000,0.0,0.0
2023-10-05 00:00:00+08:00,23.659467573641354,23.90039902281555,23.03304617342067,23.17760467529297,1003000,0.0,0.0
2023-10-06 00:00:00+08:00,23.41853557233058,23.85221290588379,23.081233021968124,23.85221290588379,949000,0.0,0.0
2023-10-11 00:00:00+08:00,23.804026988447028,23.85221254114453,21.683829582858667,21.876575469970703,1122000,0.0,0.0
2023-10-12 00:00:00+08:00,21.97294705053092,22.454809940570293,21.97294705053092,22.262065887451172,600000,0.0,0.0
2023-10-13 00:00:00+08:00,22.502997549842497,22.502997549842497,21.63564470702549,21.68383026123047,568000,0.0,0.0
2023-10-16 00:00:00+08:00,21.44289813578411,21.828388071716567,21.105593752532833,21.346525192260742,597000,0.0,0.0
2023-10-17 00:00:00+08:00,21.44289868528193,21.68383013118397,21.05740873947087,21.201967239379883,445000,0.0,0.0
2023-10-18 00:00:00+08:00,21.201967456888347,21.201967456888347,20.479173111767153,20.62373161315918,611000,0.0,0.0
2023-10-19 00:00:00+08:00,20.527358871594835,20.67191921259455,20.238241865917594,20.575546264648438,357000,0.0,0.0
2023-10-20 00:00:00+08:00,20.575545930952128,20.575545930952128,19.756378643937154,20.141868591308594,481000,0.0,0.0
2023-10-23 00:00:00+08:00,20.045494970624976,20.62373079131168,20.045494970624976,20.334613800048828,201000,0.0,0.0
2023-10-24 00:00:00+08:00,20.575545515328262,20.816476957338754,20.33461407331777,20.76828956604004,172000,0.0,0.0
2023-10-25 00:00:00+08:00,20.912851333618164,21.394714250630923,20.768290987985413,20.912851333618164,341000,0.0,0.0
2023-10-26 00:00:00+08:00,20.527358326752978,20.961035661919173,20.286426882363102,20.720104217529297,250000,0.0,0.0
2023-10-27 00:00:00+08:00,20.816477970546373,21.539272331758667,20.816477970546373,21.00922203063965,203000,0.0,0.0
2023-10-30 00:00:00+08:00,21.29834018537291,21.491084239197914,20.96103579347784,21.201967239379883,265000,0.0,0.0
2023-10-31 00:00:00+08:00,21.587456696052314,21.587456696052314,20.623730934280683,20.816476821899414,320000,0.0,0.0
2023-11-01 00:00:00+08:00,21.009222446491794,21.009222446491794,20.527359529479035,20.912851333618164,151000,0.0,0.0
2023-11-02 00:00:00+08:00,21.250151912632706,21.587456290548985,21.057407866795536,21.44289779663086,244000,0.0,0.0
2023-11-03 00:00:00+08:00,21.39471346308214,21.97294747168348,21.39471346308214,21.635644912719727,292000,0.0,0.0
2023-11-06 00:00:00+08:00,21.876576824992807,22.406625290140276,21.876576824992807,22.021135330200195,410000,0.0,0.0
2023-11-07 00:00:00+08:00,22.021136026606044,22.165694536385015,21.68383161168099,21.82839012145996,221000,0.0,0.0
2023-11-08 00:00:00+08:00,21.828388079112187,22.021133966224227,21.635644030161163,21.876575469970703,133000,0.0,0.0
2023-11-09 00:00:00+08:00,21.780204323335695,21.780204323335695,21.39471435546875,21.39471435546875,144000,0.0,0.0
2023-11-10 00:00:00+08:00,21.39471346308214,21.635644912719727,21.298340515594887,21.635644912719727,192000,0.0,0.0
2023-11-13 00:00:00+08:00,22.165692462477747,22.64755534209683,21.780202526414683,21.876575469970703,793000,0.0,0.0
2023-11-14 00:00:00+08:00,22.02113567687255,22.165694184355683,21.876577169389417,21.924762725830078,217000,0.0,0.0
2023-11-15 00:00:00+08:00,22.069320902744984,23.177605227729956,21.924762397427138,23.03304672241211,1118000,0.0,0.0
2023-11-16 00:00:00+08:00,23.514907892898666,23.56309528321438,22.647555086986692,22.984859466552734,963000,0.0,0.0
2023-11-17 00:00:00+08:00,22.9848601484718,23.466723036959003,22.7921142578125,22.7921142578125,558000,0.0,0.0
2023-11-20 00:00:00+08:00,22.888488217094267,23.37035112692783,22.79211526749533,23.03304672241211,480000,0.0,0.0
2023-11-21 00:00:00+08:00,23.225791246731195,23.225791246731195,22.64755542152806,22.888486862182617,554000,0.0,0.0
2023-11-22 00:00:00+08:00,22.93667202162909,23.90039776771705,22.888486469589086,23.514907836914062,1277000,0.0,0.0
2023-11-23 00:00:00+08:00,23.707656205487623,23.948587667254447,23.370351791381836,23.370351791381836,590000,0.0,0.0
2023-11-24 00:00:00+08:00,23.8040275629329,23.948586062675197,23.081233226060377,23.273977279663086,465000,0.0,0.0
2023-11-27 00:00:00+08:00,23.322164399292284,23.41853550588754,22.647555624159295,22.840301513671875,464000,0.0,0.0
2023-11-28 00:00:00+08:00,22.840301780436203,23.563096117308728,22.840301780436203,23.273977279663086,523000,0.0,0.0
2023-11-29 00:00:00+08:00,23.418535642680645,23.852212977536638,23.225791590203237,23.32216453552246,740000,0.0,0.0
2023-11-30 00:00:00+08:00,23.804026323008028,25.63510484674073,23.177603126486005,23.61128044128418,8981000,0.0,0.0
2023-12-01 00:00:00+08:00,23.322165788944833,24.28589161760931,23.322165788944833,23.99677276611328,1527000,0.0,0.0
2023-12-04 00:00:00+08:00,23.99677209538037,24.189517990990286,23.61128214232162,23.659467697143555,579000,0.0,0.0
2023-12-05 00:00:00+08:00,23.51490917882992,24.81593937792623,23.51490917882992,24.189517974853516,2220000,0.0,0.0
2023-12-06 00:00:00+08:00,24.38226190741358,24.38226190741358,23.659467560298616,23.70765495300293,773000,0.0,0.0
2023-12-07 00:00:00+08:00,23.804027423957546,24.09314442175418,23.08123309130492,23.32216453552246,586000,0.0,0.0
2023-12-08 00:00:00+08:00,23.61128167116914,23.61128167116914,23.12941877992079,23.273977279663086,393000,0.0,0.0
2023-12-11 00:00:00+08:00,23.273977073866522,24.719565734829175,23.033045630372744,23.85221290588379,2682000,0.0,0.0
2023-12-12 00:00:00+08:00,23.948584815220432,24.237701799645244,23.418534559560335,23.61128044128418,537000,0.0,0.0
2023-12-13 00:00:00+08:00,23.611281665654307,24.33407600235801,23.611281665654307,23.804027557373047,649000,0.0,0.0
2023-12-14 00:00:00+08:00,24.189518770334693,24.189518770334693,23.370351444842022,23.466724395751953,589000,0.0,0.0
2023-12-15 00:00:00+08:00,23.611282937227234,23.611282937227234,22.84030300515366,22.936674118041992,812000,0.0,0.0
2023-12-18 00:00:00+08:00,22.695741176815137,22.840301513025995,22.213878291208353,22.310251235961914,641000,0.0,0.0
2023-12-19 00:00:00+08:00,22.31025199245192,22.31025199245192,21.876576483597482,22.117507934570312,334000,0.0,0.0
2023-12-20 00:00:00+08:00,22.26206534447822,22.74392822276493,22.213877953752945,22.40662384033203,544000,0.0,0.0
2023-12-21 00:00:00+08:00,22.21387904443057,22.358439385543143,22.117507934570312,22.117507934570312,161000,0.0,0.0
2023-12-22 00:00:00+08:00,22.406623485853746,22.64755492118551,21.732014731660428,21.972946166992188,500000,0.0,0.0
2023-12-25 00:00:00+08:00,21.97294705480779,21.97294705480779,21.683830055992313,21.73201560974121,318000,0.0,0.0
2023-12-26 00:00:00+08:00,21.924760615190227,22.06931910875709,21.780202121623365,21.972946166992188,117000,0.0,0.0
2023-12-27 00:00:00+08:00,22.11750772859966,22.165693283081055,21.972947388833312,22.165693283081055,169000,0.0,0.0
2023-12-28 00:00:00+08:00,22.165692462477747,22.165692462477747,21.876575469970703,21.876575469970703,211000,0.0,0.0
2023-12-29 00:00:00+08:00,22.06932123331321,22.06932123331321,21.780204218346945,21.924762725830078,111000,0.0,0.0
2024-01-02 00:00:00+08:00,21.876575063388263,22.165692050521987,21.876575063388263,21.972946166992188,187000,0.0,0.0
2024-01-03 00:00:00+08:00,21.924761708577474,21.972947262782448,21.63564470702549,21.68383026123047,123000,0.0,0.0
2024-01-04 00:00:00+08:00,21.346525396893096,21.683829783377846,21.29833984375,21.29833984375,452000,0.0,0.0
2024-01-05 00:00:00+08:00,21.298340991371173,21.68383095177042,21.298340991371173,21.491085052490234,127000,0.0,0.0
2024-01-08 00:00:00+08:00,21.491085468814617,21.972948388188588,21.39471435546875,21.39471435546875,193000,0.0,0.0
2024-01-09 00:00:00+08:00,21.683829077358904,21.683829077358904,20.81647628189674,20.961034774780273,401000,0.0,0.0
2024-01-10 00:00:00+08:00,21.009222446491794,21.15378279212454,20.7201054315486,20.912851333618164,174000,0.0,0.0
2024-01-11 00:00:00+08:00,20.91285044262763,21.442898893494526,20.91285044262763,21.15378189086914,133000,0.0,0.0
2024-01-12 00:00:00+08:00,21.00922203063965,21.25015348437708,20.912850919673566,21.00922203063965,93000,0.0,0.0
2024-01-15 00:00:00+08:00,21.29834018537291,21.3465257392889,21.105594293386854,21.201967239379883,185001,0.0,0.0
2024-01-16 00:00:00+08:00,21.394712981782128,23.32216453552246,21.201967091143676,23.32216453552246,4475000,0.0,0.0
2024-01-17 00:00:00+08:00,23.563096285801535,23.996771788129504,21.68383026123047,21.68383026123047,9447000,0.0,0.0
2024-01-18 00:00:00+08:00,21.876576515179295,23.85221368074417,21.732016173858028,23.129419326782227,5155000,0.0,0.0
2024-01-19 00:00:00+08:00,25.2978033231649,25.44236183166504,24.28589192550277,25.44236183166504,8753000,0.0,0.0
2024-01-22 00:00:00+08:00,27.46618474763015,27.948047637939453,26.55064452077806,27.948047637939453,16503000,0.0,0.0
2024-01-23 00:00:00+08:00,28.719028887978325,30.357363527924417,27.61074455538474,28.622657775878906,39852000,0.0,0.0
2024-01-24 00:00:00+08:00,28.719027788498593,30.983785599353723,28.333537840375598,28.911773681640625,24604000,0.0,0.0
2024-01-25 00:00:00+08:00,29.20089052386592,31.128342092125347,28.815400577846244,30.501920700073242,24810000,0.0,0.0
2024-01-26 00:00:00+08:00,30.45373578196195,30.45373578196195,28.670842676465487,29.827314376831055,12422000,0.0,0.0
2024-01-29 00:00:00+08:00,29.92368439351977,30.35736172485352,28.911773071289065,30.116430282592773,14349000,0.0,0.0
2024-01-30 00:00:00+08:00,30.212804680156705,30.30917762932808,29.393637369441677,29.730941772460938,10348000,0.0,0.0
2024-01-31 00:00:00+08:00,29.875500624741964,30.45373648833694,29.200891810854305,29.63456916809082,12298000,0.0,0.0
2024-02-01 00:00:00+08:00,29.875499043696987,30.21280343279029,29.538194654603686,30.06824493408203,7664000,0.0,0.0
2024-02-02 00:00:00+08:00,30.3091764539689,32.76667645265349,28.52628339700113,29.008146286010742,25323000,0.0,0.0
2024-02-05 00:00:00+08:00,28.622654830170482,29.00814475337878,26.550643046374113,26.791574478149414,6372000,0.0,0.0
2024-02-15 00:00:00+08:00,27.46618583317173,28.237165752873505,26.98432292381784,27.658931732177734,2361000,0.0,0.0
2024-02-16 00:00:00+08:00,27.466186049074473,28.815401838238884,27.466186049074473,28.622657775878906,2870000,0.0,0.0
2024-02-19 00:00:00+08:00,28.18897929047687,29.29726357870956,27.89986228942871,27.89986228942871,3145000,0.0,0.0
2024-02-20 00:00:00+08:00,27.658929959713802,28.188978390771602,27.32162557714929,27.610742568969727,1767000,0.0,0.0
2024-02-21 00:00:00+08:00,27.755302292183732,28.42991108714309,27.755302292183732,27.803489685058594,1531000,0.0,0.0
2024-02-22 00:00:00+08:00,28.092605298975315,28.092605298975315,27.12887954711914,27.12887954711914,2117000,0.0,0.0
2024-02-23 00:00:00+08:00,27.46618538933831,27.46618538933831,26.647018089041616,26.743391036987305,1678000,0.0,0.0
2024-02-26 00:00:00+08:00,27.080694875822548,27.65893071338053,26.984321929869374,27.417999267578125,1549000,0.0,0.0
2024-02-27 00:00:00+08:00,27.75530343779636,27.75530343779636,26.06878321894718,26.984323501586914,1934000,0.0,0.0
2024-02-29 00:00:00+08:00,27.177067957014327,27.56255790458424,26.743390617147508,27.36981201171875,1308000,0.0,0.0
2024-03-01 00:00:00+08:00,27.417999483468453,27.75530203971891,26.839763641357422,26.839763641357422,1007000,0.0,0.0
2024-03-04 00:00:00+08:00,26.984323609723546,27.369813579373076,26.454275131225586,26.454275131225586,1093000,0.0,0.0
2024-03-05 00:00:00+08:00,26.839763651687015,26.839763651687015,26.116969308310317,26.30971336364746,782000,0.0,0.0
2024-03-06 00:00:00+08:00,26.502459257145674,26.502459257145674,26.020596361561207,26.30971336364746,960000,0.0,0.0
2024-03-07 00:00:00+08:00,26.55064510582271,26.791576556286294,25.538733749140086,25.73147964477539,1545000,0.0,0.0
2024-03-08 00:00:00+08:00,25.92422266579007,25.92422266579007,24.62319251767013,24.96049690246582,1794000,0.0,0.0
2024-03-11 00:00:00+08:00,25.00868518744304,25.20142924410075,24.719566345214844,24.719566345214844,751000,0.0,0.0
2024-03-12 00:00:00+08:00,25.153243899615664,25.20142945464238,24.6713809967041,24.6713809967041,930000,0.0,0.0
2024-03-13 00:00:00+08:00,24.6713809967041,24.6713809967041,24.6713809967041,24.6713809967041,0,0.0,0.0
2024-03-14 00:00:00+08:00,24.237702161060977,24.671379482325843,23.900397782095077,24.044958114624023,581000,0.0,0.0
2024-03-15 00:00:00+08:00,24.141331272780725,24.47863568044552,23.99677276611328,23.99677276611328,683000,0.0,0.0
2024-03-18 00:00:00+08:00,23.99677276611328,23.99677276611328,23.99677276611328,23.99677276611328,0,0.0,0.0
2024-03-19 00:00:00+08:00,24.285890430751486,25.68329171112693,24.23770303877651,25.34598731994629,1921000,0.0,0.0
2024-03-20 00:00:00+08:00,25.34598731994629,25.34598731994629,25.34598731994629,25.34598731994629,0,0.0,0.0
2024-03-21 00:00:00+08:00,25.008684632877365,25.635106019905983,24.86412429588834,25.394174575805664,984000,0.0,0.0
2024-03-22 00:00:00+08:00,25.586920340165175,25.827851800385794,25.153244814664763,25.44236183166504,667000,0.0,0.0
2024-03-25 00:00:00+08:00,25.683292251786018,25.827850754431953,25.34598785350478,25.73147964477539,557000,0.0,0.0
2024-03-26 00:00:00+08:00,25.73147964477539,25.73147964477539,25.73147964477539,25.73147964477539,0,0.0,0.0
2024-03-27 00:00:00+08:00,25.586918285998237,25.683291229981712,25.2496157392976,25.49054718017578,376000,0.0,0.0
2024-03-28 00:00:00+08:00,25.635107064205336,25.731480013403623,25.056871207176727,25.105056762695312,530000,0.0,0.0
2024-03-29 00:00:00+08:00,25.24961628785184,25.24961628785184,24.671380449549687,24.81593894958496,275000,0.0,0.0
2024-04-01 00:00:00+08:00,24.8641239633637,25.53873273308701,24.767752857541243,25.49054718017578,686000,0.0,0.0
2024-04-02 00:00:00+08:00,25.53873169764361,25.77966312875345,25.153241775500042,25.249614715576172,566000,0.0,0.0
2024-04-03 00:00:00+08:00,25.345987395767985,25.394174787887113,24.671380449549687,24.81593894958496,338000,0.0,0.0
2024-04-08 00:00:00+08:00,24.815938744535778,25.056870188657484,24.623192853973997,24.864124298095703,217000,0.0,0.0
2024-04-09 00:00:00+08:00,24.864124298095703,25.10505574221741,24.815938744535778,24.864124298095703,357000,0.0,0.0
2024-04-10 00:00:00+08:00,24.864124298095703,25.153243133938375,24.815938744535778,24.864124298095703,359000,0.0,0.0
2024-04-11 00:00:00+08:00,25.153243623876598,27.321626663208008,25.05687067671854,27.321626663208008,5380000,0.0,0.0
2024-04-12 00:00:00+08:00,28.47809573541312,29.393635951122324,27.080694473420316,28.04442024230957,15316000,0.0,0.0
2024-04-15 00:00:00+08:00,27.46618368431804,29.875498042591552,27.46618368431804,28.237163543701172,7522000,0.0,0.0
2024-04-16 00:00:00+08:00,28.478096873183688,28.959959776879934,27.12888111046642,27.22525405883789,3022000,0.0,0.0
2024-04-17 00:00:00+08:00,27.466184276418296,28.86358736960574,27.466184276418296,27.562557220458984,2143000,0.0,0.0
2024-04-18 00:00:00+08:00,27.6107439828644,27.851675434439414,26.11696971836375,26.213342666625977,2130000,0.0,0.0
2024-04-19 00:00:00+08:00,25.92422273391827,25.97241012510773,23.65946681652236,24.430448532104492,2571000,0.0,0.0
2024-04-22 00:00:00+08:00,24.57500652524302,24.767752409725002,23.129417906111076,23.514907836914062,1281000,0.0,0.0
2024-04-23 00:00:00+08:00,23.804026323008028,24.189516248294762,23.32216345685937,23.61128044128418,577000,0.0,0.0
2024-04-24 00:00:00+08:00,23.707655208940047,24.285891060506604,23.707655208940047,24.14133071899414,582000,0.0,0.0
2024-04-25 00:00:00+08:00,24.093144694874123,24.575007588771605,23.611281800976638,23.755840301513672,712000,0.0,0.0
2024-04-26 00:00:00+08:00,23.900400161743164,24.334077526187205,23.755841652982205,23.900400161743164,696000,0.0,0.0
2024-04-29 00:00:00+08:00,23.900399267354832,24.237703667282084,23.852213712291412,24.14133071899414,593000,0.0,0.0
2024-04-30 00:00:00+08:00,24.285891268711712,24.382262379664752,24.0931453704834,24.0931453704834,425000,0.0,0.0
2024-05-02 00:00:00+08:00,24.14133092595992,24.14133092595992,23.852213916778563,24.0931453704834,351000,0.0,0.0
2024-05-03 00:00:00+08:00,24.43044894821738,24.767753339644653,23.804027557373047,23.804027557373047,553000,0.0,0.0
2024-05-06 00:00:00+08:00,23.94858515791804,23.94858515791804,23.41853489467307,23.514907836914062,503000,0.0,0.0
2024-05-07 00:00:00+08:00,23.65946768136038,24.237703529643305,23.225792173769,24.189517974853516,621000,0.0,0.0
2024-05-08 00:00:00+08:00,24.285889893979373,24.285889893979373,23.852212566595057,23.948585510253906,393000,0.0,0.0
2024-05-09 00:00:00+08:00,24.04496050866529,24.18951901742625,23.900400161743164,23.900400161743164,354000,0.0,0.0
2024-05-10 00:00:00+08:00,23.900397782095077,24.093143666693013,23.514907851060187,24.044958114624023,460000,0.0,0.0
2024-05-13 00:00:00+08:00,24.093144349377564,24.285890239437002,23.80402735244945,23.85221290588379,353000,0.0,0.0
2024-05-14 00:00:00+08:00,23.804028703277073,24.04496016044319,23.75584130894716,23.99677276611328,324000,0.0,0.0
2024-05-15 00:00:00+08:00,23.996770724394047,24.141329218762007,23.900397782095077,24.044958114624023,281000,0.0,0.0
2024-05-16 00:00:00+08:00,24.14133137881752,24.96049870441261,24.14133137881752,24.478635787963867,964000,0.0,0.0
2024-05-17 00:00:00+08:00,24.671379973568715,24.71956552659715,24.430448532104492,24.430448532104492,437000,0.0,0.0
2024-05-20 00:00:00+08:00,24.382261140915034,24.623192582379257,24.382261140915034,24.430448532104492,323000,0.0,0.0
2024-05-21 00:00:00+08:00,24.526822075189557,25.442360472211536,24.43044912861854,25.297801971435547,692000,0.0,0.0
2024-05-22 00:00:00+08:00,25.73147931192458,25.73147931192458,25.24961641723057,25.297801971435547,630000,0.0,0.0
2024-05-23 00:00:00+08:00,25.29780100321289,25.29780100321289,24.478633745952845,24.52682113647461,571000,0.0,0.0
2024-05-24 00:00:00+08:00,24.33407693750718,24.767754291459877,24.28589138180627,24.575008392333984,184000,0.0,0.0
2024-05-27 00:00:00+08:00,24.575006964768324,25.153242790395076,24.575006964768324,24.96049690246582,441000,0.0,0.0
2024-05-28 00:00:00+08:00,24.96049704198318,26.116968699700813,24.96049704198318,25.972410202026367,1313000,0.0,0.0
2024-05-29 00:00:00+08:00,26.068781308368646,26.21334164420412,25.538732870841997,25.972410202026367,830000,0.0,0.0
2024-05-30 00:00:00+08:00,25.972412147047095,25.972412147047095,25.44236183166504,25.44236183166504,370000,0.0,0.0
2024-05-31 00:00:00+08:00,25.538732325055893,25.779663762084724,25.442359382612164,25.586917877197266,356000,0.0,0.0
2024-06-03 00:00:00+08:00,25.73147820994335,25.97240964697218,25.394173830470795,25.586917877197266,305000,0.0,0.0
2024-06-04 00:00:00+08:00,25.635105677070484,25.876037117948663,25.442359789103534,25.49054718017578,375000,0.0,0.0
2024-06-05 00:00:00+08:00,25.49054752334097,25.538733076900897,24.237702911011475,24.864124298095703,389000,0.0,0.0
2024-06-06 00:00:00+08:00,24.912311973439575,25.15324342030425,24.285890579223633,24.285890579223633,467000,0.0,0.0
2024-06-07 00:00:00+08:00,24.285889296233627,25.05686915020636,24.189516354946797,24.623191833496094,331000,0.0,0.0
2024-06-11 00:00:00+08:00,25.008684708520143,25.008684708520143,24.189517428469152,24.334075927734375,294000,0.0,0.0
2024-06-12 00:00:00+08:00,24.334076133332143,24.334076133332143,24.09314468646747,24.285890579223633,334000,0.0,0.0
2024-06-13 00:00:00+08:00,24.4786347715849,24.4786347715849,24.189517768984558,24.237703323364258,285000,0.0,0.0
2024-06-14 00:00:00+08:00,24.478634220997915,24.478634220997915,24.093144280147758,24.382261276245117,220000,0.0,0.0
2024-06-17 00:00:00+08:00,24.334076259210008,24.815939155431987,24.334076259210008,24.76775360107422,250000,0.0,0.0
2024-06-18 00:00:00+08:00,25.05686984643045,25.490547175190766,24.912311349564014,24.96049690246582,512000,0.0,0.0
2024-06-19 00:00:00+08:00,24.960497794657797,25.056870742067197,24.57500784318129,24.719566345214844,338000,0.0,0.0
2024-06-20 00:00:00+08:00,24.81593867398994,26.116968836180845,24.719565728983014,25.924222946166992,1236000,0.0,0.0
2024-06-21 00:00:00+08:00,25.92422373669061,28.285352689635005,25.63510673101464,26.743391036987305,4032000,0.0,0.0
2024-06-24 00:00:00+08:00,27.080693710186903,28.333536439168817,26.406084955712966,26.69520378112793,2813000,0.0,0.0
2024-06-25 00:00:00+08:00,26.69520453162985,28.76721456696464,26.261527200395605,27.51436996459961,5221000,0.0,0.0
2024-06-26 00:00:00+08:00,27.851674986430925,28.18897938084245,26.743390694645402,26.839763641357422,3113000,0.0,0.0
2024-06-27 00:00:00+08:00,27.177069065130425,29.20089183193196,27.080696114768177,28.092607498168945,7350000,0.0,0.0
2024-06-28 00:00:00+08:00,29.730940970252654,30.646479367274633,28.622656680088642,28.911773681640625,11118000,0.0,0.0
2024-07-01 00:00:00+08:00,28.9117740780357,31.80295148583927,28.09260677819247,31.369274139404297,16261000,0.0,0.0
2024-07-02 00:00:00+08:00,30.74285290941098,31.36927431701632,29.8755000497912,30.30917739868164,7319000,0.0,0.0
2024-07-03 00:00:00+08:00,30.260990272281877,33.29672622680664,30.164617322993877,33.29672622680664,14994000,0.0,0.0
2024-07-04 00:00:00+08:00,34.21226740867118,36.09153353680632,33.53765858365826,34.06770706176758,26132000,0.0,0.0
2024-07-05 00:00:00+08:00,33.77859064173074,36.332465640049634,33.248542154246365,34.935062408447266,15439000,0.0,0.0
2024-07-08 00:00:00+08:00,35.2723630381733,35.80241517266784,31.802951606206886,31.851137161254883,7819000,0.0,0.0
2024-07-09 00:00:00+08:00,31.851135855020317,32.42937352084897,28.670841560089883,29.10451889038086,7374000,0.0,0.0
2024-07-10 00:00:00+08:00,29.68275260925293,30.068244382957282,29.29726267370958,29.68275260925293,2310000,0.0,0.0
2024-07-11 00:00:00+08:00,29.49000856056176,30.453734318500633,29.39363561713567,29.68275260925293,2855000,0.0,0.0
2024-07-12 00:00:00+08:00,29.875500974614713,30.40554945019019,29.393638055669317,29.538196563720703,1615000,0.0,0.0
2024-07-15 00:00:00+08:00,30.164616252616998,30.164616252616998,29.056331970534714,29.490009307861328,1133000,0.0,0.0
2024-07-16 00:00:00+08:00,29.58638239055339,29.875499391334134,29.393636497925517,29.441822052001953,862000,0.0,0.0
2024-07-17 00:00:00+08:00,29.68275370629391,30.260989550060376,29.249078202089862,29.39363670349121,1428000,0.0,0.0
2024-07-18 00:00:00+08:00,29.295001798458806,29.295001798458806,28.505909732391245,28.65386390686035,1043000,0.7,0.0
2024-07-19 00:00:00+08:00,28.604546698240412,28.604546698240412,27.61818301899074,27.716819763183594,1262000,0.0,0.0
2024-07-22 00:00:00+08:00,27.568865430566287,28.012727954897304,26.681136619225445,27.07568359375,763000,0.0,0.0
2024-07-23 00:00:00+08:00,27.618182980913193,27.618182980913193,26.878410222495877,26.977046966552734,403000,0.0,0.0
2024-07-26 00:00:00+08:00,26.187953836104985,26.631818225736325,25.448181107612307,26.286590576171875,602000,0.0,0.0
2024-07-29 00:00:00+08:00,26.38522830446301,27.618182898129508,25.44818206074071,25.497501373291016,1116000,0.0,0.0
2024-07-30 00:00:00+08:00,25.842729075608492,26.33591091383507,25.30022792475561,26.237274169921875,690000,0.0,0.0
2024-07-31 00:00:00+08:00,26.138636406741206,26.53318148566943,25.793408757176756,26.286590576171875,333000,0.0,0.0
2024-08-01 00:00:00+08:00,26.43454506078504,27.37159128058402,26.43454506078504,26.829092025756836,564000,0.0,0.0
2024-08-02 00:00:00+08:00,26.335909332950482,26.730454403580225,25.793408214662705,25.941362380981445,474000,0.0,0.0
2024-08-05 00:00:00+08:00,25.49750111385647,25.49750111385647,23.376819610595703,23.376819610595703,1165000,0.0,0.0
2024-08-06 00:00:00+08:00,23.031590775849253,23.67272674903441,21.058863546763053,21.946590423583984,1506000,0.0,0.0
2024-08-07 00:00:00+08:00,21.94659169337542,24.067273211074156,21.94659169337542,24.017955780029297,829000,0.0,0.0
2024-08-08 00:00:00+08:00,23.968636304462418,23.968636304462418,23.327500298547218,23.376819610595703,363000,0.0,0.0
2024-08-09 00:00:00+08:00,23.771364700286643,24.21522722068668,23.327500298547218,23.376819610595703,430000,0.0,0.0
2024-08-12 00:00:00+08:00,23.426136785788703,23.91931861285794,23.376819355617528,23.5740909576416,352000,0.0,0.0
2024-08-13 00:00:00+08:00,23.475453334384518,23.771363548317343,23.08090826381338,23.52477264404297,271000,0.0,0.0
2024-08-14 00:00:00+08:00,23.722045129494497,24.215226956563733,23.524773527470423,23.5740909576416,420000,0.0,0.0
2024-08-15 00:00:00+08:00,23.672728466667714,24.017956133074506,23.426137545139927,23.7220458984375,262000,0.0,0.0
2024-08-16 00:00:00+08:00,24.067272298772192,24.165909038462356,23.8700007007312,23.96863555908203,375000,0.0,0.0
2024-08-19 00:00:00+08:00,24.01795453554775,24.5604537742894,23.672726892103384,24.264545440673828,392000,0.0,0.0
2024-08-20 00:00:00+08:00,24.560455089459914,25.398864588051836,24.264546739998956,24.757728576660156,845000,0.0,0.0
2024-08-21 00:00:00+08:00,24.905681610107422,26.039999406181085,24.41249979604589,24.905681610107422,936000,0.0,0.0
2024-08-22 00:00:00+08:00,25.102955902280833,27.371591567993164,24.954999848193154,27.371591567993164,8469000,0.0,0.0
2024-08-23 00:00:00+08:00,26.73045516822804,30.084091186523438,25.744091522768255,30.084091186523438,14952000,0.0,0.0
2024-08-26 00:00:00+08:00,31.07045481770143,33.0924995374288,30.379999513661215,31.66227149963379,28351000,0.0,0.0
2024-08-27 00:00:00+08:00,31.366364580434478,32.89522754695857,30.52795694924739,32.056819915771484,14676000,0.0,0.0
2024-08-28 00:00:00+08:00,32.54999974768931,32.99386413314808,31.070454304612525,31.317045211791992,9995000,0.0,0.0
2024-08-29 00:00:00+08:00,31.317045020848056,31.908861689398936,30.28136396954471,30.6759090423584,4909000,0.0,0.0
2024-08-30 00:00:00+08:00,30.87318183607924,33.5363644732559,30.823864405566088,31.267728805541992,13304000,0.0,0.0
2024-09-02 00:00:00+08:00,31.317045134882775,31.514318612677602,29.886817124218542,30.577272415161133,3293000,0.0,0.0
2024-09-03 00:00:00+08:00,30.577273788293756,31.41568328456324,29.886818466344913,30.232046127319336,2146000,0.0,0.0
2024-09-04 00:00:00+08:00,27.815456507376442,29.49227363329723,27.371592099178326,27.716819763183594,2492000,0.0,0.0
2024-09-05 00:00:00+08:00,28.111364740375365,28.999091671698285,27.470228727827667,27.81545639038086,2294000,0.0,0.0
2024-09-06 00:00:00+08:00,27.963409536780606,29.590909164563747,27.71681862707591,27.86477279663086,2717000,0.0,0.0
2024-09-09 00:00:00+08:00,27.42090876953525,28.012727336926954,27.125000426509075,27.568864822387695,1299000,0.0,0.0
2024-09-10 00:00:00+08:00,27.96341064444249,27.96341064444249,25.892046544606117,26.977046966552734,2170000,0.0,0.0
2024-09-11 00:00:00+08:00,26.829092488748294,27.322274322134554,26.434545516967773,26.434545516967773,827000,0.0,0.0
2024-09-12 00:00:00+08:00,26.829092675341855,27.470228686935148,26.730455931710715,27.07568359375,936000,0.0,0.0
2024-09-13 00:00:00+08:00,27.32227418762647,28.851137111061497,27.32227418762647,28.111364364624023,2284000,0.0,0.0
2024-09-16 00:00:00+08:00,28.60454570683866,29.393635870353645,28.2593180547986,28.505908966064453,2153000,0.0,0.0
2024-09-18 00:00:00+08:00,28.50590983414784,29.147045846695537,27.81545639038086,27.81545639038086,1207000,0.0,0.0
2024-09-19 00:00:00+08:00,27.71681916287805,28.357955164236387,27.71681916287805,28.21000099182129,563000,0.0,0.0
2024-09-20 00:00:00+08:00,28.653862995942177,31.021137237548828,28.160681175830682,31.021137237548828,4290000,0.0,0.0
2024-09-23 00:00:00+08:00,31.366363893772483,34.02954655024007,30.330682794779197,33.38840866088867,24177000,0.0,0.0
2024-09-24 00:00:00+08:00,33.14181846938759,34.86795492639067,31.46500132567397,32.056819915771484,14746000,0.0,0.0
2024-09-25 00:00:00+08:00,32.056817933330386,32.74727322596861,31.317045211791992,31.317045211791992,3432000,0.0,0.0
2024-09-26 00:00:00+08:00,31.366363006555403,32.993864517994815,31.021137237548828,31.021137237548828,5204000,0.0,0.0
2024-09-27 00:00:00+08:00,31.317045134882775,32.352726189957345,30.478635676263718,30.577272415161133,2682000,0.0,0.0
2024-09-30 00:00:00+08:00,30.577273671219988,30.97181876167753,30.133409268618134,30.3306827545166,1258000,0.0,0.0
2024-10-01 00:00:00+08:00,30.57727313041687,31.810227692127228,30.182728046937427,31.563636779785156,2012000,0.0,0.0
2024-10-04 00:00:00+08:00,31.563637098675677,32.84590910327363,30.37999995493959,30.527956008911133,4783000,0.0,0.0
2024-10-07 00:00:00+08:00,31.169091534795452,33.04318208261627,30.873181312714685,32.50068283081055,5989000,0.0,0.0
2024-10-08 00:00:00+08:00,32.5499996840588,32.84590801955997,31.36636257937548,32.155452728271484,3198000,0.0,0.0
2024-10-09 00:00:00+08:00,32.549998894128805,35.262498801972875,32.549998894128805,33.68431854248047,21604000,0.0,0.0
2024-10-11 00:00:00+08:00,33.53636459717129,34.029546429482636,30.87318195015429,31.169092178344727,7782000,0.0,0.0
2024-10-14 00:00:00+08:00,31.464999391533162,34.02954520342117,30.675909240801154,32.895225524902344,8241000,0.0,0.0
2024-10-15 00:00:00+08:00,33.19113754654353,33.73363678874212,31.56363605726914,32.155452728271484,6183000,0.0,0.0
2024-10-16 00:00:00+08:00,31.859544117592083,34.029544830322266,31.859544117592083,34.029544830322266,8898000,0.0,0.0
2024-10-17 00:00:00+08:00,34.572043622338185,37.432499583533264,34.374770148690494,34.42409133911133,23106000,0.0,0.0
2024-10-18 00:00:00+08:00,34.22681896745883,36.89000154075227,33.24045533014116,35.85431671142578,28769000,0.0,0.0
2024-10-21 00:00:00+08:00,36.446136779385846,39.40522766113281,36.002272394588076,39.40522766113281,15980000,0.0,0.0
2024-10-22 00:00:00+08:00,40.04636435532439,41.08204924116738,38.172275599760475,39.65182113647461,52828000,0.0,0.0
2024-10-23 00:00:00+08:00,39.651820254317485,39.89841117161712,37.97500126414419,38.02431869506836,10048000,0.0,0.0
2024-10-24 00:00:00+08:00,38.17227327333463,40.93409068767841,38.17227327333463,38.46818161010742,29956000,0.0,0.0
2024-10-25 00:00:00+08:00,38.66545437111337,40.93408992783093,38.17227256475396,39.05999755859375,18209000,0.0,0.0
2024-10-28 00:00:00+08:00,38.66545419215125,38.71477162002321,35.16386413574219,35.16386413574219,10433000,0.0,0.0
2024-10-29 00:00:00+08:00,34.52272871936848,35.50909239706473,33.832273392445344,33.930912017822266,5129000,0.0,0.0
2024-10-30 00:00:00+08:00,34.325456199398346,34.57204712577718,32.69795834290538,33.14181900024414,3598000,0.0,0.0
2024-11-01 00:00:00+08:00,32.25409348908872,35.015911074851054,31.6622730161318,34.27613830566406,3817000,0.0,0.0
2024-11-04 00:00:00+08:00,33.73363671852553,35.31181701303255,33.634998098444704,33.832271575927734,3000000,0.0,0.0
2024-11-05 00:00:00+08:00,33.53636511432934,36.05159174536828,33.53636511432934,35.410457611083984,6752000,0.0,0.0
2024-11-06 00:00:00+08:00,36.248863220214844,37.87636470660206,35.41045564400241,36.248863220214844,9224000,0.0,0.0
2024-11-07 00:00:00+08:00,36.00227379081188,36.643411678459486,35.70636544369712,35.80500030517578,2845000,0.0,0.0
2024-11-08 00:00:00+08:00,35.80500078745148,37.0872728173395,34.22682040646297,34.670684814453125,3861000,0.0,0.0
2024-11-11 00:00:00+08:00,34.5227296930372,34.57204712577718,33.14181900024414,33.14181900024414,1818000,0.0,0.0
2024-11-12 00:00:00+08:00,32.895224996624606,34.177500703985004,32.35272576187598,32.54999923706055,2294000,0.0,0.0
2024-11-13 00:00:00+08:00,32.55000128702546,32.89522706833148,32.254092936951906,32.45136642456055,915000,0.0,0.0
2024-11-14 00:00:00+08:00,32.35272648824004,35.65704692440208,32.35272648824004,35.11454391479492,8526000,0.0,0.0
2024-11-15 00:00:00+08:00,35.11454384319782,35.41045594335426,33.68431958494214,34.37477111816406,5010000,0.0,0.0
2024-11-18 00:00:00+08:00,33.881589739824946,35.509091261026825,33.19113819767016,33.240455627441406,4763000,0.0,0.0
2024-11-19 00:00:00+08:00,33.28977311797845,35.21318298399739,33.28977311797845,33.980228424072266,4918000,0.0,0.0
2024-11-20 00:00:00+08:00,34.2761365375321,35.410456230176585,33.53636380650623,34.1775016784668,5177021,0.0,0.0
2024-11-21 00:00:00+08:00,34.17750161141037,34.32545389971805,33.43772888183594,33.43772888183594,1693000,0.0,0.0
2024-11-22 00:00:00+08:00,33.782955998472815,35.45977500494738,33.73363856706921,34.670684814453125,4185000,0.0,0.0
2024-11-25 00:00:00+08:00,34.81863608059802,35.95295578278293,34.57204516818206,34.720001220703125,2741000,0.0,0.0
2024-11-26 00:00:00+08:00,34.769320179039326,35.163867161319835,34.128182273503214,35.01591110229492,1331000,0.0,0.0
2024-11-27 00:00:00+08:00,35.11454312642419,35.41045522054033,32.451364380807554,32.54999923706055,2699000,0.0,0.0
2024-11-28 00:00:00+08:00,32.64863437354644,32.64863437354644,31.464999156297413,31.514318466186523,1611000,0.0,0.0
2024-11-29 00:00:00+08:00,31.36636293504126,32.35272657301538,30.82386368669123,31.85954475402832,898000,0.0,0.0
2024-12-02 00:00:00+08:00,32.35272650216502,32.35272650216502,31.11977195739746,31.11977195739746,988000,0.0,0.0
2024-12-03 00:00:00+08:00,31.31704646822006,32.10613665031662,31.07045555114746,31.07045555114746,953000,0.0,0.0
2024-12-04 00:00:00+08:00,31.119771845101386,31.46499949265841,30.47863586040367,31.218408584594727,951000,0.0,0.0
2024-12-05 00:00:00+08:00,31.218408625550925,31.31704536517367,30.3799991607666,30.3799991607666,936000,0.0,0.0
2024-12-06 00:00:00+08:00,30.577272193192893,31.07045400276052,30.379998716830123,30.774545669555664,680000,0.0,0.0
2024-12-09 00:00:00+08:00,31.07045533480653,31.26772881962677,29.54159241213752,29.689546585083008,1284000,0.0,0.0
2024-12-10 00:00:00+08:00,29.738864015618375,31.07045533480653,29.689546585083008,29.689546585083008,983000,0.0,0.0
2024-12-11 00:00:00+08:00,29.689546890822886,29.689546890822886,28.65386390686035,28.65386390686035,1298000,0.0,0.0
2024-12-12 00:00:00+08:00,29.1963639247462,30.232044987274737,28.70318210804893,28.80181884765625,1119000,0.0,0.0
2024-12-13 00:00:00+08:00,29.097728146267315,29.097728146267315,27.963410306663757,28.012727737426758,765000,0.0,0.0
2024-12-16 00:00:00+08:00,28.259317805550314,28.259317805550314,27.125,27.125,930000,0.0,0.0
2024-12-17 00:00:00+08:00,27.272954711459544,27.81545585104979,27.272954711459544,27.47022819519043,640000,0.0,0.0
2024-12-18 00:00:00+08:00,27.420908630518216,27.914090453954437,27.27295445975522,27.667499542236328,417000,0.0,0.0
2024-12-19 00:00:00+08:00,27.075682996451167,27.66749968250351,26.97704625499599,27.568864822387695,393000,0.0,0.0
2024-12-20 00:00:00+08:00,27.81545529799028,27.914090156555176,27.07568257071755,27.125,446000,0.0,0.0
2024-12-23 00:00:00+08:00,27.5195455671074,28.60454596264813,27.5195455671074,28.308637619018555,816000,0.0,0.0
2024-12-24 00:00:00+08:00,28.308637072288093,28.900453748117375,27.815455254870805,27.963409423828125,670000,0.0,0.0
2024-12-25 00:00:00+08:00,28.01272692184305,28.90045381910687,28.01272692184305,28.703182220458984,629000,0.0,0.0
2024-12-26 00:00:00+08:00,28.70318244761287,29.590909351902063,28.505908966064453,28.505908966064453,719000,0.0,0.0
2024-12-27 00:00:00+08:00,28.456592257567436,29.097728266840104,27.864773679262132,27.914091110229492,449000,0.0,0.0
2024-12-30 00:00:00+08:00,27.864773335293147,29.048410477292677,27.864773335293147,28.21000099182129,562000,0.0,0.0
2024-12-31 00:00:00+08:00,28.308636625662167,28.456590792285212,27.51954460144043,27.51954460144043,350000,0.0,0.0
2025-01-02 00:00:00+08:00,27.519545510990426,28.012727336926954,27.42090876953525,27.568864822387695,359000,0.0,0.0
2025-01-03 00:00:00+08:00,27.56886488069268,27.914090654506875,26.73045539855957,26.73045539855957,520000,0.0,0.0
2025-01-06 00:00:00+08:00,26.730456197168937,27.618183135986328,26.730456197168937,27.618183135986328,490000,0.0,0.0
2025-01-07 00:00:00+08:00,27.618182049375598,27.815455530835447,26.92772674560547,26.92772674560547,401000,0.0,0.0
2025-01-08 00:00:00+08:00,26.878408542702022,27.07568201848693,26.631817638640538,26.77977180480957,302000,0.0,0.0
2025-01-09 00:00:00+08:00,26.779771831906704,26.779771831906704,25.546817310351706,25.941362380981445,658000,0.0,0.0
2025-01-10 00:00:00+08:00,25.596136866193824,26.03999936941899,25.596136866193824,25.744091033935547,602000,0.0,0.0
2025-01-13 00:00:00+08:00,25.744091186388992,25.744091186388992,24.4618173352422,24.807044982910156,781000,0.0,0.0
2025-01-14 00:00:00+08:00,25.39886486356657,25.39886486356657,24.65909210055007,25.300228118896484,352000,0.0,0.0
2025-01-15 00:00:00+08:00,25.004318349187592,25.793408499150317,24.856364181236994,24.905681610107422,313000,0.0,0.0
2025-01-16 00:00:00+08:00,25.201590380653446,25.64545477349976,25.152272950932456,25.349546432495117,249000,0.0,0.0
2025-01-17 00:00:00+08:00,25.34954588187089,25.34954588187089,24.954998927315625,25.004318237304688,220000,0.0,0.0
2025-01-20 00:00:00+08:00,25.250909111385628,25.842727661132812,25.053635634356798,25.842727661132812,353000,0.0,0.0
2025-01-21 00:00:00+08:00,26.039999118973707,26.039999118973707,25.645454048343964,25.941362380981445,296000,0.0,0.0
2025-01-22 00:00:00+08:00,25.941362857416916,25.941362857416916,25.448181039737207,25.546817779541016,208000,0.0,0.0
2025-02-03 00:00:00+08:00,25.201590380653446,25.54681803271843,24.659091128365155,25.349546432495117,217002,0.0,0.0
2025-02-04 00:00:00+08:00,25.20159049401566,25.59613745891574,25.05363632284781,25.25090980529785,182013,0.0,0.0
2025-02-05 00:00:00+08:00,25.25090986305791,26.040000031984352,25.25090986305791,25.99068260192871,238119,0.0,0.0
2025-02-06 00:00:00+08:00,26.237272568410017,27.07568201848693,26.138635830517565,26.77977180480957,530010,0.0,0.0
2025-02-07 00:00:00+08:00,26.977046966552734,27.420909492799478,26.631819303023434,26.977046966552734,341043,0.0,0.0
2025-02-10 00:00:00+08:00,26.829092140223352,26.87840957038556,26.483864485069795,26.73045539855957,192011,0.0,0.0
2025-02-11 00:00:00+08:00,26.48386394301409,26.7797722806096,26.237273034571388,26.38522720336914,217013,0.0,0.0
2025-02-12 00:00:00+08:00,26.385227429958636,26.878409251079358,26.138636519398275,26.18795394897461,181555,0.0,0.0
2025-02-13 00:00:00+08:00,25.99068230283759,27.125000113118304,25.99068230283759,27.026363372802734,400208,0.0,0.0
2025-02-14 00:00:00+08:00,27.026363626903375,27.075682938194532,26.63181854327094,26.829092025756836,172002,0.0,0.0
2025-02-17 00:00:00+08:00,26.927726885660427,27.075682938194532,26.53318180202799,26.829092025756836,153020,0.0,0.0
2025-02-18 00:00:00+08:00,26.730454737962113,26.927726335075082,26.483863830566406,26.483863830566406,213028,0.0,0.0
2025-02-19 00:00:00+08:00,26.730454507572066,29.097726821899414,26.730454507572066,29.097726821899414,3269337,0.0,0.0
2025-02-20 00:00:00+08:00,29.09772778959034,30.7745467537296,28.308637619018555,28.308637619018555,7675332,0.0,0.0
2025-02-21 00:00:00+08:00,28.357955164236387,28.653863509066582,28.012727507708245,28.21000099182129,793950,0.0,0.0
2025-02-24 00:00:00+08:00,28.210000561243422,28.210000561243422,27.667499428882593,27.766136169433594,369006,0.0,0.0
2025-02-25 00:00:00+08:00,27.815456625207712,28.555229387778777,27.568865704350692,27.618183135986328,1050053,0.0,0.0
2025-02-26 00:00:00+08:00,27.618181451431973,27.86477235724833,27.420907974243164,27.420907974243164,297080,0.0,0.0
2025-02-27 00:00:00+08:00,27.667500292858023,27.76613703648916,27.07568359375,27.07568359375,347069,0.0,0.0
2025-03-03 00:00:00+08:00,26.681136814660487,26.977047047721396,26.13863754272461,26.13863754272461,539166,0.0,0.0
2025-03-04 00:00:00+08:00,26.0893198790987,26.533182402731857,25.497501299581753,26.33591079711914,359004,0.0,0.0
2025-03-05 00:00:00+08:00,26.187953258794142,26.927725970978603,26.187953258794142,26.77977180480957,297089,0.0,0.0
2025-03-06 00:00:00+08:00,26.779773320752298,26.87841006422836,26.286591484711412,26.33591079711914,228169,0.0,0.0
2025-03-07 00:00:00+08:00,26.237273630662408,26.681136147139895,25.842728544458183,25.892045974731445,251028,0.0,0.0
2025-03-10 00:00:00+08:00,25.990681940618185,26.237272847300826,25.645454294994625,25.744091033935547,178137,0.0,0.0
2025-03-11 00:00:00+08:00,25.250910339565937,25.59613800048828,24.65909176103326,25.59613800048828,289005,0.0,0.0
2025-03-12 00:00:00+08:00,25.64545517471715,26.04000026267569,25.5961377442246,25.79340934753418,179001,0.0,0.0
2025-03-13 00:00:00+08:00,26.040000761474833,26.631819345418688,25.39886474609375,25.39886474609375,384003,0.0,0.0
2025-03-14 00:00:00+08:00,25.6947726052097,25.79340934753418,25.44818169006819,25.79340934753418,131127,0.0,0.0
2025-03-17 00:00:00+08:00,26.237272733851167,26.237272733851167,25.744090922618398,25.842727661132812,104021,0.0,0.0
2025-03-18 00:00:00+08:00,26.187953285292448,26.335909332950482,25.645454048343964,25.941362380981445,238051,0.0,0.0
2025-03-19 00:00:00+08:00,25.842728113304826,25.99068228299556,25.398863722893285,25.44818115234375,202185,0.0,0.0
2025-03-20 00:00:00+08:00,25.645455060686384,25.892045974731445,25.59613763041312,25.892045974731445,190010,0.0,0.0
2025-03-21 00:00:00+08:00,25.89204634908492,25.89204634908492,25.497501257176268,25.59613800048828,80010,0.0,0.0
2025-03-24 00:00:00+08:00,25.5961366741673,25.69477153102893,25.102954864501953,25.102954864501953,191022,0.0,0.0
2025-03-25 00:00:00+08:00,25.250910151437456,25.448181755252335,24.954999923706055,24.954999923706055,175019,0.0,0.0
2025-03-26 00:00:00+08:00,24.95499958162279,25.448181406408533,24.95499958162279,25.25090980529785,113005,0.0,0.0
2025-03-27 00:00:00+08:00,24.955000182520994,25.004319494990757,24.659091833060035,24.757728576660156,405206,0.0,0.0
2025-03-28 00:00:00+08:00,24.954999338102727,25.00431864890364,23.47545387818345,23.8700008392334,476002,0.0,0.0
2025-03-31 00:00:00+08:00,23.03159209511498,23.03159209511498,21.502727276195152,21.700000762939453,853254,0.0,0.0
2025-04-01 00:00:00+08:00,21.699999601944633,22.834317386687516,21.699999601944633,22.686363220214844,311118,0.0,0.0
2025-04-02 00:00:00+08:00,22.686364633386802,23.080909729003906,22.390456282008827,23.080909729003906,183086,0.0,0.0
2025-04-07 00:00:00+08:00,20.812273025512695,20.812273025512695,20.812273025512695,20.812273025512695,70035,0.0,0.0
2025-04-08 00:00:00+08:00,18.740909576416016,18.987500491895172,18.740909576416016,18.740909576416016,771131,0.0,0.0
2025-04-09 00:00:00+08:00,17.902500497933552,17.951819810963656,16.866819381713867,16.866819381713867,1185023,0.0,0.0
2025-04-10 00:00:00+08:00,17.655909391528645,18.543636322021484,17.655909391528645,18.543636322021484,708895,0.0,0.0
2025-04-11 00:00:00+08:00,17.212046547675925,18.83954620361328,17.162727236078204,18.83954620361328,537001,0.0,0.0
2025-04-14 00:00:00+08:00,19.03681705473166,20.56568178981837,19.03681705473166,20.269771575927734,788200,0.0,0.0
2025-04-15 00:00:00+08:00,20.56568176365545,21.50272606976882,20.121817384053816,21.10818099975586,438010,0.0,0.0
2025-04-16 00:00:00+08:00,20.960228200454104,21.15750168899414,20.56568310471344,20.762954711914062,306023,0.0,0.0
2025-04-17 00:00:00+08:00,20.664319884170652,21.70000099742088,20.121818730431478,21.502727508544922,409011,0.0,0.0
2025-04-18 00:00:00+08:00,21.50272657873164,22.489090217780603,21.50272657873164,22.291818618774414,463003,0.0,0.0
2025-04-21 00:00:00+08:00,22.29181806494193,22.48908965904697,21.60136278222604,21.946590423583984,331002,0.0,0.0
2025-04-22 00:00:00+08:00,21.65068209175677,22.932954038127086,21.65068209175677,21.946590423583984,683002,0.0,0.0
2025-04-23 00:00:00+08:00,22.439772902594672,23.179545635647244,22.19318199157715,22.19318199157715,578021,0.0,0.0
2025-04-24 00:00:00+08:00,22.341137194454813,22.78500160733607,22.14386558532715,22.14386558532715,163002,0.0,0.0
2025-04-25 00:00:00+08:00,22.29181906850947,23.968636159918706,22.29181906850947,23.475454330444336,785940,0.0,0.0
2025-04-28 00:00:00+08:00,23.820681089282612,23.820681089282612,23.37681858829333,23.426136016845703,168000,0.0,0.0
2025-04-29 00:00:00+08:00,23.47545486093351,24.017956014418175,23.47545486093351,23.820682525634766,242086,0.0,0.0
2025-04-30 00:00:00+08:00,23.82068213099574,24.116592359268484,23.376819610595703,23.376819610595703,265002,0.0,0.0
2025-05-02 00:00:00+08:00,23.820681641732275,24.215226723319482,23.672727471304494,23.771364212036133,281001,0.0,0.0
2025-05-05 00:00:00+08:00,23.7220445008179,23.820681239885573,22.04522746202477,22.489089965820312,333002,0.0,0.0
2025-05-06 00:00:00+08:00,22.439773328867616,22.883637729666685,22.439773328867616,22.637046813964844,73011,0.0,0.0
2025-05-07 00:00:00+08:00,22.637047164602404,22.637047164602404,22.29181950100453,22.341136932373047,51010,0.0,0.0
2025-05-08 00:00:00+08:00,22.637045791837053,22.932954124782395,22.637045791837053,22.686363220214844,77001,0.0,0.0
2025-05-09 00:00:00+08:00,22.68636459597092,22.68636459597092,22.193182756928074,22.341136932373047,79000,0.0,0.0
2025-05-12 00:00:00+08:00,22.43977274409466,23.574090550495317,22.39045531477524,23.13022804260254,375002,0.0,0.0
2025-05-13 00:00:00+08:00,23.67272729047349,23.820681459771084,23.13022804260254,23.13022804260254,221035,0.0,0.0
2025-05-14 00:00:00+08:00,23.3768186659804,25.102955009800155,23.32749935592482,24.165908813476562,1287244,0.0,0.0
2025-05-15 00:00:00+08:00,24.2152262771998,24.26454558732668,23.278181960860874,23.327499389648438,400003,0.0,0.0
2025-05-16 00:00:00+08:00,23.475454472013897,23.968636304462418,23.376819610595703,23.376819610595703,394050,0.0,0.0
2025-05-19 00:00:00+08:00,23.37681850553971,23.37681850553971,22.686363220214844,22.686363220214844,127010,0.0,0.0
2025-05-20 00:00:00+08:00,23.080909451552383,23.17954619460582,22.390456012857122,22.538410186767578,123074,0.0,0.0
2025-05-21 00:00:00+08:00,22.68636300033165,22.883636474609375,22.48908952605392,22.883636474609375,164227,0.0,0.0
2025-05-22 00:00:00+08:00,22.735680729076634,24.165908733167146,22.489089823636153,23.426136016845703,883120,0.0,0.0
2025-05-23 00:00:00+08:00,23.37681858829333,23.62340949373381,23.228862539957596,23.426136016845703,81007,0.0,0.0
2025-05-26 00:00:00+08:00,23.179545815380017,23.179545815380017,22.834318161010742,22.834318161010742,126011,0.0,0.0
2025-05-27 00:00:00+08:00,22.834318417722688,23.08090933342453,22.53841007141623,22.637046813964844,155001,0.0,0.0
2025-05-28 00:00:00+08:00,22.785000183023325,22.883636922090993,22.439772536956134,22.489089965820312,121001,0.0,0.0
2025-05-29 00:00:00+08:00,22.587726593017578,22.68636333159673,22.39045499719858,22.587726593017578,193001,0.0,0.0
2025-06-02 00:00:00+08:00,22.587726957953365,22.587726957953365,21.99590839825612,22.291818618774414,159002,0.0,0.0
2025-06-03 00:00:00+08:00,22.587726843982495,22.982271921343457,22.242499195789406,22.39045524597168,48002,0.0,0.0
2025-06-04 00:00:00+08:00,22.341137082996305,23.031592414847083,22.341137082996305,22.98227310180664,153001,0.0,0.0
2025-06-05 00:00:00+08:00,23.17954569990917,23.327499870661995,22.932954788208008,22.932954788208008,114001,0.0,0.0
2025-06-06 00:00:00+08:00,22.93295431532998,23.327499389648438,22.785000147627972,23.327499389648438,139970,0.0,0.0
2025-06-09 00:00:00+08:00,23.327499819413433,23.771364212036133,23.031591478557868,23.771364212036133,195097,0.0,0.0
2025-06-10 00:00:00+08:00,24.017954452591713,24.017954452591713,23.52477264404297,23.52477264404297,182000,0.0,0.0
2025-06-11 00:00:00+08:00,23.475454330444336,23.722045245181523,23.3275001578699,23.475454330444336,143010,0.0,0.0
2025-06-12 00:00:00+08:00,23.426136672496796,24.06727266831831,23.426136672496796,23.672727584838867,126061,0.0,0.0
2025-06-13 00:00:00+08:00,23.524773900846856,23.524773900846856,22.83431857945553,23.278182983398438,224022,0.0,0.0
2025-06-16 00:00:00+08:00,23.27818221190013,23.32749964121955,22.83431782266802,23.13022804260254,94547,0.0,0.0
2025-06-17 00:00:00+08:00,23.722045865358435,23.722045865358435,22.686364748921694,22.98227310180664,141000,0.0,0.0
2025-06-18 00:00:00+08:00,23.130227682852848,24.067271994723093,22.982271634517115,23.426136016845703,277000,0.0,0.0
2025-06-19 00:00:00+08:00,23.278182556819722,23.672727641239167,22.785000730960572,22.834318161010742,116000,0.0,0.0
2025-06-20 00:00:00+08:00,22.83431865248169,22.83431865248169,22.14386521022163,22.439773559570312,158000,0.0,0.0
2025-06-23 00:00:00+08:00,22.390455472926906,22.390455472926906,21.79863691021698,22.19318199157715,70001,0.0,0.0
2025-06-24 00:00:00+08:00,22.341136969219555,23.820682488788258,22.341136969219555,23.080909729003906,220000,0.0,0.0
2025-06-25 00:00:00+08:00,23.228863904692894,23.524774137410283,22.93295555331492,23.080909729003906,171071,0.0,0.0
2025-06-26 00:00:00+08:00,23.080908731943786,23.67272729047349,23.080908731943786,23.13022804260254,138182,0.0,0.0
2025-06-27 00:00:00+08:00,23.179546356201172,23.52477401862524,22.93295543751818,23.179546356201172,91001,0.0,0.0
2025-06-30 00:00:00+08:00,22.982271441302426,23.91931762663412,22.686363109797306,22.78499984741211,1087000,0.0,0.0
2025-07-01 00:00:00+08:00,23.179546473243036,23.524774137410283,22.982272984764776,23.080909729003906,257249,0.0,0.0
2025-07-02 00:00:00+08:00,23.179546356201172,23.475454706085,22.735681950036025,23.179546356201172,120000,0.0,0.0
2025-07-03 00:00:00+08:00,23.376818368122233,23.820680864931063,23.376818368122233,23.623409271240234,322000,0.0,0.0
2025-07-04 00:00:00+08:00,23.623409295128997,24.067271792386677,22.78499984741211,22.78499984741211,205164,0.0,0.0
2025-07-07 00:00:00+08:00,23.32749919582262,23.32749919582262,22.34113557755241,22.686363220214844,125202,0.0,0.0
2025-07-08 00:00:00+08:00,22.390456128458666,22.735681908918995,22.045228466658937,22.439773559570312,137000,0.0,0.0
2025-07-09 00:00:00+08:00,22.686363443955653,22.73568087281983,22.094544890888947,22.489089965820312,91001,0.0,0.0
2025-07-10 00:00:00+08:00,22.538409875822342,22.63704661751496,21.897273876829367,21.995908737182617,137078,0.0,0.0
2025-07-11 00:00:00+08:00,22.341136932373047,22.883638084123824,22.193182756928074,22.341136932373047,178555,0.0,0.0
2025-07-14 00:00:00+08:00,22.19318187860165,22.63704626870942,22.19318187860165,22.291818618774414,72001,0.0,0.0
2025-07-15 00:00:00+08:00,22.291818369024288,22.686363443955653,22.242499058820794,22.489089965820312,85287,0.0,0.0
2025-07-16 00:00:00+08:00,22.489089965820312,23.080908518887018,22.489089965820312,22.489089965820312,100010,0.0,0.0
2025-07-17 00:00:00+08:00,22.637047201936944,23.080909729003906,22.637047201936944,23.080909729003906,152000,0.0,0.0
2025-07-18 00:00:00+08:00,22.932954124782395,23.080908291255067,22.686363220214844,22.686363220214844,112515,0.0,0.0
2025-07-21 00:00:00+08:00,22.68636459597092,22.68636459597092,22.341136932373047,22.341136932373047,76000,0.0,0.0
2025-07-22 00:00:00+08:00,22.341135287345082,22.489089451895854,21.157500089599615,21.30545425415039,194020,0.0,0.0
2025-07-23 00:00:00+08:00,21.502727276195152,21.995909111716504,21.502727276195152,21.700000762939453,186071,0.0,0.0
2025-07-24 00:00:00+08:00,22.049999237060547,22.25,21.799999237060547,22.0,69085,0.3,0.0
2025-07-25 00:00:00+08:00,21.850000381469727,21.899999618530273,21.799999237060547,21.799999237060547,41070,0.0,0.0
2025-07-28 00:00:00+08:00,22.0,22.450000762939453,21.899999618530273,22.0,100001,0.0,0.0
2025-07-29 00:00:00+08:00,22.350000381469727,22.649999618530273,22.100000381469727,22.200000762939453,176010,0.0,0.0
2025-07-30 00:00:00+08:00,22.200000762939453,22.399999618530273,22.0,22.100000381469727,84073,0.0,0.0
2025-07-31 00:00:00+08:00,22.100000381469727,22.25,21.75,22.0,111002,0.0,0.0
2025-08-04 00:00:00+08:00,22.5,23.200000762939453,22.5,22.649999618530273,138030,0.0,0.0
2025-08-05 00:00:00+08:00,23.049999237060547,23.049999237060547,22.700000762939453,22.75,101010,0.0,0.0
2025-08-06 00:00:00+08:00,22.700000762939453,23.0,22.700000762939453,23.0,92000,0.0,0.0
2025-08-07 00:00:00+08:00,23.100000381469727,23.100000381469727,22.700000762939453,22.700000762939453,93050,0.0,0.0
2025-08-08 00:00:00+08:00,23.149999618530273,23.5,22.700000762939453,22.700000762939453,167000,0.0,0.0
2025-08-11 00:00:00+08:00,22.549999237060547,22.549999237060547,22.200000762939453,22.299999237060547,193127,0.0,0.0
2025-08-12 00:00:00+08:00,22.100000381469727,22.850000381469727,22.049999237060547,22.600000381469727,241835,0.0,0.0
2025-08-13 00:00:00+08:00,22.649999618530273,23.0,22.399999618530273,22.799999237060547,258000,0.0,0.0
2025-08-14 00:00:00+08:00,22.950000762939453,23.200000762939453,22.649999618530273,22.799999237060547,221850,0.0,0.0
2025-08-15 00:00:00+08:00,22.850000381469727,22.850000381469727,22.5,22.5,256335,0.0,0.0
2025-08-18 00:00:00+08:00,22.399999618530273,22.950000762939453,22.399999618530273,22.799999237060547,312010,0.0,0.0
2025-08-19 00:00:00+08:00,22.850000381469727,25.049999237060547,22.850000381469727,25.049999237060547,1859814,0.0,0.0
2025-08-20 00:00:00+08:00,25.0,25.0,23.049999237060547,23.25,1728149,0.0,0.0
2025-08-21 00:00:00+08:00,23.5,25.549999237060547,23.5,25.549999237060547,1949000,0.0,0.0
2025-08-22 00:00:00+08:00,26.350000381469727,27.5,25.299999237060547,25.700000762939453,4367005,0.0,0.0
2025-08-25 00:00:00+08:00,26.200000762939453,26.5,25.299999237060547,25.5,1397424,0.0,0.0
2025-08-26 00:00:00+08:00,25.5,26.200000762939453,25.100000381469727,25.149999618530273,695049,0.0,0.0
2025-08-27 00:00:00+08:00,25.200000762939453,26.299999237060547,25.200000762939453,25.5,1006614,0.0,0.0
2025-08-28 00:00:00+08:00,25.399999618530273,25.950000762939453,25.100000381469727,25.600000381469727,607002,0.0,0.0
2025-08-29 00:00:00+08:00,25.799999237060547,25.950000762939453,24.850000381469727,25.399999618530273,823002,0.0,0.0
2025-09-01 00:00:00+08:00,25.549999237060547,27.899999618530273,24.649999618530273,27.899999618530273,6334725,0.0,0.0
2025-09-02 00:00:00+08:00,27.700000762939453,28.049999237060547,25.200000762939453,25.649999618530273,4219010,0.0,0.0
2025-09-03 00:00:00+08:00,25.700000762939453,25.950000762939453,25.25,25.649999618530273,913000,0.0,0.0
2025-09-04 00:00:00+08:00,25.799999237060547,26.799999237060547,25.100000381469727,25.100000381469727,1137000,0.0,0.0
2025-09-05 00:00:00+08:00,25.450000762939453,25.700000762939453,25.049999237060547,25.200000762939453,363160,0.0,0.0
2025-09-08 00:00:00+08:00,25.299999237060547,25.700000762939453,25.100000381469727,25.450000762939453,407056,0.0,0.0
2025-09-09 00:00:00+08:00,25.700000762939453,25.700000762939453,24.799999237060547,25.0,586090,0.0,0.0
2025-09-10 00:00:00+08:00,25.0,25.200000762939453,24.700000762939453,24.799999237060547,349097,0.0,0.0
2025-09-11 00:00:00+08:00,24.799999237060547,24.799999237060547,23.799999237060547,23.850000381469727,617027,0.0,0.0
2025-09-12 00:00:00+08:00,23.950000762939453,24.200000762939453,23.700000762939453,23.850000381469727,390214,0.0,0.0
2025-09-15 00:00:00+08:00,23.899999618530273,23.899999618530273,23.5,23.75,168112,0.0,0.0
2025-09-16 00:00:00+08:00,23.649999618530273,24.25,23.549999237060547,24.200000762939453,301370,0.0,0.0
2025-09-17 00:00:00+08:00,24.200000762939453,24.850000381469727,24.200000762939453,24.399999618530273,291001,0.0,0.0
2025-09-18 00:00:00+08:00,24.399999618530273,25.0,24.399999618530273,24.899999618530273,396045,0.0,0.0
2025-09-19 00:00:00+08:00,24.899999618530273,25.200000762939453,24.649999618530273,24.649999618530273,174090,0.0,0.0
2025-09-22 00:00:00+08:00,24.649999618530273,25.700000762939453,24.649999618530273,24.799999237060547,402006,0.0,0.0
2025-09-23 00:00:00+08:00,25.200000762939453,25.200000762939453,24.299999237060547,24.350000381469727,252000,0.0,0.0
2025-09-24 00:00:00+08:00,24.5,25.149999618530273,24.200000762939453,24.5,374000,0.0,0.0
2025-09-25 00:00:00+08:00,24.549999237060547,25.5,24.549999237060547,24.850000381469727,550543,0.0,0.0
2025-09-26 00:00:00+08:00,24.799999237060547,24.799999237060547,23.700000762939453,23.899999618530273,458000,0.0,0.0
2025-09-30 00:00:00+08:00,23.950000762939453,24.100000381469727,23.75,24.100000381469727,150940,0.0,0.0
2025-10-01 00:00:00+08:00,24.100000381469727,24.950000762939453,24.100000381469727,24.299999237060547,385110,0.0,0.0
2025-10-02 00:00:00+08:00,24.350000381469727,24.700000762939453,24.25,24.350000381469727,163589,0.0,0.0
2025-10-03 00:00:00+08:00,24.350000381469727,24.399999618530273,24.149999618530273,24.200000762939453,125970,0.0,0.0
2025-10-07 00:00:00+08:00,24.149999618530273,24.850000381469727,24.149999618530273,24.700000762939453,191244,0.0,0.0
2025-10-08 00:00:00+08:00,24.350000381469727,25.200000762939453,24.100000381469727,24.600000381469727,173010,0.0,0.0
2025-10-09 00:00:00+08:00,24.649999618530273,24.850000381469727,24.350000381469727,24.350000381469727,171000,0.0,0.0
2025-10-13 00:00:00+08:00,22.600000381469727,23.450000762939453,22.450000762939453,23.299999237060547,356152,0.0,0.0
2025-10-14 00:00:00+08:00,23.600000381469727,23.850000381469727,22.149999618530273,22.149999618530273,330981,0.0,0.0
2025-10-15 00:00:00+08:00,22.200000762939453,22.850000381469727,22.200000762939453,22.549999237060547,312000,0.0,0.0
2025-10-16 00:00:00+08:00,22.549999237060547,23.0,22.549999237060547,22.700000762939453,174001,0.0,0.0
2025-10-17 00:00:00+08:00,22.600000381469727,23.049999237060547,22.549999237060547,22.799999237060547,156813,0.0,0.0
2025-10-20 00:00:00+08:00,22.75,23.0,22.600000381469727,22.799999237060547,241003,0.0,0.0
2025-10-21 00:00:00+08:00,22.75,23.149999618530273,22.75,22.899999618530273,261020,0.0,0.0
2025-10-22 00:00:00+08:00,22.850000381469727,23.299999237060547,22.850000381469727,23.0,110000,0.0,0.0
2025-10-23 00:00:00+08:00,23.049999237060547,23.049999237060547,22.700000762939453,22.75,122255,0.0,0.0
2025-10-27 00:00:00+08:00,22.75,23.0,22.600000381469727,22.799999237060547,205245,0.0,0.0
2025-10-28 00:00:00+08:00,22.549999237060547,22.649999618530273,22.299999237060547,22.450000762939453,177970,0.0,0.0
2025-10-29 00:00:00+08:00,22.450000762939453,23.0,22.450000762939453,22.700000762939453,232002,0.0,0.0
2025-10-30 00:00:00+08:00,22.700000762939453,23.0,22.25,22.299999237060547,182426,0.0,0.0
2025-10-31 00:00:00+08:00,22.350000381469727,22.350000381469727,22.0,22.0,221060,0.0,0.0
2025-11-03 00:00:00+08:00,22.049999237060547,22.299999237060547,21.950000762939453,22.049999237060547,178019,0.0,0.0
2025-11-04 00:00:00+08:00,22.100000381469727,22.100000381469727,21.649999618530273,21.649999618530273,241010,0.0,0.0
2025-11-05 00:00:00+08:00,21.149999618530273,21.75,20.799999237060547,21.450000762939453,134043,0.0,0.0
2025-11-06 00:00:00+08:00,21.5,21.75,21.5,21.700000762939453,92971,0.0,0.0
2025-11-07 00:00:00+08:00,21.600000381469727,21.700000762939453,21.399999618530273,21.600000381469727,155150,0.0,0.0
2025-11-10 00:00:00+08:00,21.399999618530273,21.399999618530273,21.0,21.200000762939453,125101,0.0,0.0
2025-11-11 00:00:00+08:00,21.399999618530273,21.700000762939453,21.299999237060547,21.350000381469727,123010,0.0,0.0
2025-11-12 00:00:00+08:00,21.350000381469727,21.899999618530273,21.350000381469727,21.799999237060547,207023,0.0,0.0
2025-11-13 00:00:00+08:00,22.850000381469727,23.950000762939453,22.649999618530273,23.850000381469727,1615101,0.0,0.0
2025-11-14 00:00:00+08:00,23.850000381469727,24.850000381469727,23.549999237060547,23.549999237060547,1491065,0.0,0.0
2025-11-17 00:00:00+08:00,23.799999237060547,24.350000381469727,23.549999237060547,23.799999237060547,387036,0.0,0.0
2025-11-18 00:00:00+08:00,23.799999237060547,24.0,23.149999618530273,23.549999237060547,424202,0.0,0.0
2025-11-19 00:00:00+08:00,23.5,23.75,22.950000762939453,23.0,289097,0.0,0.0
2025-11-20 00:00:00+08:00,23.450000762939453,24.049999237060547,23.200000762939453,23.549999237060547,348199,0.0,0.0
2025-11-21 00:00:00+08:00,23.200000762939453,23.399999618530273,22.399999618530273,22.600000381469727,309034,0.0,0.0
2025-11-24 00:00:00+08:00,22.600000381469727,23.0,22.600000381469727,22.950000762939453,239318,0.0,0.0
2025-11-25 00:00:00+08:00,23.0,23.600000381469727,23.0,23.350000381469727,171000,0.0,0.0
2025-11-26 00:00:00+08:00,23.799999237060547,24.75,23.549999237060547,24.149999618530273,954134,0.0,0.0
2025-11-27 00:00:00+08:00,24.049999237060547,24.450000762939453,23.950000762939453,23.950000762939453,360000,0.0,0.0
2025-11-28 00:00:00+08:00,24.0,24.049999237060547,23.75,23.799999237060547,241000,0.0,0.0
2025-12-01 00:00:00+08:00,23.850000381469727,23.850000381469727,23.200000762939453,23.25,195001,0.0,0.0
2025-12-02 00:00:00+08:00,23.149999618530273,23.25,22.950000762939453,23.200000762939453,246002,0.0,0.0
2025-12-03 00:00:00+08:00,23.149999618530273,23.950000762939453,23.100000381469727,23.350000381469727,247012,0.0,0.0
2025-12-04 00:00:00+08:00,23.450000762939453,23.649999618530273,23.25,23.5,177001,0.0,0.0
2025-12-05 00:00:00+08:00,23.5,23.549999237060547,22.950000762939453,23.049999237060547,218000,0.0,0.0
2025-12-08 00:00:00+08:00,23.149999618530273,23.299999237060547,22.899999618530273,23.200000762939453,163002,0.0,0.0
2025-12-09 00:00:00+08:00,23.200000762939453,23.299999237060547,22.899999618530273,23.0,229001,0.0,0.0
2025-12-10 00:00:00+08:00,23.0,23.200000762939453,22.899999618530273,22.899999618530273,121310,0.0,0.0
2025-12-11 00:00:00+08:00,22.899999618530273,23.049999237060547,22.700000762939453,22.899999618530273,259061,0.0,0.0
2025-12-12 00:00:00+08:00,23.0,23.399999618530273,23.0,23.0,222011,0.0,0.0
2025-12-15 00:00:00+08:00,23.0,24.0,23.0,23.899999618530273,662058,0.0,0.0
2025-12-16 00:00:00+08:00,24.049999237060547,24.399999618530273,23.700000762939453,23.799999237060547,733086,0.0,0.0
2025-12-17 00:00:00+08:00,24.0,24.049999237060547,23.350000381469727,23.450000762939453,272001,0.0,0.0
2025-12-18 00:00:00+08:00,23.450000762939453,23.950000762939453,23.25,23.299999237060547,283002,0.0,0.0
2025-12-19 00:00:00+08:00,23.850000381469727,25.600000381469727,23.850000381469727,24.299999237060547,4308279,0.0,0.0
2025-12-22 00:00:00+08:00,24.299999237060547,25.200000762939453,24.049999237060547,24.600000381469727,1051200,0.0,0.0
2025-12-23 00:00:00+08:00,24.75,24.75,24.100000381469727,24.200000762939453,687000,0.0,0.0
2025-12-24 00:00:00+08:00,24.5,24.850000381469727,24.149999618530273,24.399999618530273,503123,0.0,0.0
2025-12-26 00:00:00+08:00,24.399999618530273,24.450000762939453,23.899999618530273,24.100000381469727,362820,0.0,0.0
2025-12-29 00:00:00+08:00,24.149999618530273,25.450000762939453,24.149999618530273,25.399999618530273,1566420,0.0,0.0
2025-12-30 00:00:00+08:00,25.399999618530273,25.950000762939453,24.950000762939453,25.25,920025,0.0,0.0
2025-12-31 00:00:00+08:00,25.600000381469727,25.700000762939453,24.649999618530273,24.649999618530273,601000,0.0,0.0
2026-01-02 00:00:00+08:00,24.899999618530273,26.450000762939453,24.850000381469727,26.399999618530273,2532570,0.0,0.0
2026-01-05 00:00:00+08:00,26.700000762939453,27.549999237060547,24.549999237060547,25.299999237060547,2896022,0.0,0.0
2026-01-06 00:00:00+08:00,25.549999237060547,26.899999618530273,25.200000762939453,26.5,3643151,0.0,0.0
2026-01-07 00:00:00+08:00,26.75,28.399999618530273,26.350000381469727,27.100000381469727,5963624,0.0,0.0
2026-01-08 00:00:00+08:00,27.149999618530273,27.149999618530273,25.649999618530273,25.899999618530273,1639444,0.0,0.0
2026-01-09 00:00:00+08:00,25.899999618530273,25.899999618530273,24.950000762939453,25.600000381469727,755778,0.0,0.0
2026-01-12 00:00:00+08:00,25.75,26.049999237060547,25.600000381469727,25.75,417054,0.0,0.0
2026-01-13 00:00:00+08:00,26.049999237060547,26.299999237060547,25.049999237060547,25.149999618530273,621134,0.0,0.0
2026-01-14 00:00:00+08:00,25.149999618530273,26.299999237060547,25.149999618530273,25.799999237060547,680084,0.0,0.0
2026-01-15 00:00:00+08:00,26.100000381469727,26.649999618530273,25.700000762939453,26.200000762939453,787100,0.0,0.0
2026-01-16 00:00:00+08:00,26.5,26.799999237060547,26.0,26.0,783001,0.0,0.0
2026-01-19 00:00:00+08:00,26.0,26.600000381469727,25.850000381469727,26.049999237060547,619304,0.0,0.0
2026-01-20 00:00:00+08:00,26.100000381469727,26.799999237060547,25.799999237060547,26.700000762939453,726850,0.0,0.0
2026-01-21 00:00:00+08:00,26.399999618530273,26.75,25.950000762939453,26.049999237060547,615006,0.0,0.0
2026-01-22 00:00:00+08:00,26.450000762939453,26.600000381469727,25.350000381469727,25.399999618530273,749954,0.0,0.0
2026-01-23 00:00:00+08:00,25.5,26.350000381469727,25.100000381469727,26.25,706251,0.0,0.0
2026-01-26 00:00:00+08:00,26.700000762939453,27.5,25.950000762939453,26.149999618530273,1141428,0.0,0.0
2026-01-27 00:00:00+08:00,26.25,26.5,25.5,25.600000381469727,550098,0.0,0.0
2026-01-28 00:00:00+08:00,25.75,26.299999237060547,25.25,26.25,975616,0.0,0.0
2026-01-29 00:00:00+08:00,26.25,26.25,25.399999618530273,25.950000762939453,692202,0.0,0.0
2026-01-30 00:00:00+08:00,25.850000381469727,25.850000381469727,25.25,25.75,527791,0.0,0.0
2026-02-02 00:00:00+08:00,25.700000762939453,25.700000762939453,24.350000381469727,25.0,781587,0.0,0.0
2026-02-03 00:00:00+08:00,25.350000381469727,25.75,24.950000762939453,25.75,345067,0.0,0.0
2026-02-04 00:00:00+08:00,26.25,27.700000762939453,26.100000381469727,27.600000381469727,3390406,0.0,0.0
2026-02-05 00:00:00+08:00,27.950000762939453,29.399999618530273,26.549999237060547,26.700000762939453,9414760,0.0,0.0
2026-02-06 00:00:00+08:00,27.450000762939453,29.350000381469727,27.0,29.350000381469727,14058015,0.0,0.0
2026-02-09 00:00:00+08:00,31.399999618530273,31.700000762939453,27.5,27.799999237060547,19536949,0.0,0.0
2026-02-10 00:00:00+08:00,27.399999618530273,27.399999618530273,25.75,25.75,3691862,0.0,0.0
2026-02-11 00:00:00+08:00,25.700000762939453,26.100000381469727,25.5,25.799999237060547,1456730,0.0,0.0
2026-02-23 00:00:00+08:00,25.850000381469727,26.450000762939453,25.399999618530273,26.200000762939453,1107177,0.0,0.0
2026-02-24 00:00:00+08:00,26.450000762939453,27.950000762939453,26.049999237060547,27.600000381469727,1785892,0.0,0.0
2026-02-25 00:00:00+08:00,27.799999237060547,30.299999237060547,27.799999237060547,30.25,9617575,0.0,0.0
2026-02-26 00:00:00+08:00,29.399999618530273,29.75,28.700000762939453,29.450000762939453,2890048,0.0,0.0
2026-03-02 00:00:00+08:00,28.25,32.349998474121094,28.049999237060547,32.349998474121094,7107788,0.0,0.0
2026-03-03 00:00:00+08:00,35.0,35.54999923706055,34.0,35.54999923706055,10052634,0.0,0.0
2026-03-04 00:00:00+08:00,35.5,36.70000076293945,32.099998474121094,32.650001525878906,11694755,0.0,0.0
2026-03-05 00:00:00+08:00,35.0,35.900001525878906,32.900001525878906,33.45000076293945,7293676,0.0,0.0
2026-03-06 00:00:00+08:00,33.20000076293945,35.25,31.899999618530273,32.79999923706055,4945714,0.0,0.0
2026-03-09 00:00:00+08:00,29.649999618530273,30.549999237060547,29.549999237060547,29.549999237060547,1997003,0.0,0.0
2026-03-10 00:00:00+08:00,30.799999237060547,30.799999237060547,29.5,30.25,2446114,0.0,0.0
2026-03-11 00:00:00+08:00,29.5,32.599998474121094,29.299999237060547,31.950000762939453,2979144,0.0,0.0
2026-03-12 00:00:00+08:00,31.600000381469727,35.099998474121094,31.049999237060547,35.099998474121094,6969449,0.0,0.0
2026-03-13 00:00:00+08:00,35.95000076293945,37.900001525878906,35.75,37.29999923706055,18212970,0.0,0.0
2026-03-16 00:00:00+08:00,37.04999923706055,37.5,34.349998474121094,35.29999923706055,5895395,0.0,0.0
2026-03-17 00:00:00+08:00,35.349998474121094,36.599998474121094,33.95000076293945,34.0,4637105,0.0,0.0
2026-03-18 00:00:00+08:00,34.54999923706055,35.150001525878906,33.29999923706055,34.5,2850588,0.0,0.0
2026-03-19 00:00:00+08:00,34.29999923706055,35.0,33.25,33.349998474121094,2090431,0.0,0.0
2026-03-20 00:00:00+08:00,33.849998474121094,36.5,33.75,33.75,5452417,0.0,0.0
2026-03-23 00:00:00+08:00,32.25,32.599998474121094,30.700000762939453,30.700000762939453,2403795,0.0,0.0
2026-03-24 00:00:00+08:00,31.899999618530273,32.0,29.600000381469727,30.950000762939453,1911115,0.0,0.0
2026-03-25 00:00:00+08:00,31.5,32.099998474121094,31.0,31.700000762939453,1612677,0.0,0.0
2026-03-26 00:00:00+08:00,32.0,34.150001525878906,31.600000381469727,32.599998474121094,3414562,0.0,0.0
2026-03-27 00:00:00+08:00,32.0,34.599998474121094,31.350000381469727,34.25,4311213,0.0,0.0
2026-03-30 00:00:00+08:00,33.349998474121094,33.5,31.799999237060547,32.099998474121094,1602500,0.0,0.0
2026-03-31 00:00:00+08:00,31.450000762939453,32.79999923706055,30.549999237060547,30.600000381469727,1321586,0.0,0.0
2026-04-01 00:00:00+08:00,32.0,32.20000076293945,31.299999237060547,32.20000076293945,1169170,0.0,0.0
2026-04-02 00:00:00+08:00,32.20000076293945,33.650001525878906,31.299999237060547,32.54999923706055,3145157,0.0,0.0
2026-04-07 00:00:00+08:00,32.650001525878906,33.5,31.600000381469727,31.950000762939453,1367149,0.0,0.0
2026-04-08 00:00:00+08:00,32.54999923706055,33.95000076293945,32.5,32.79999923706055,1719500,0.0,0.0
2026-04-09 00:00:00+08:00,32.849998474121094,32.900001525878906,32.099998474121094,32.150001525878906,1241111,0.0,0.0
2026-04-10 00:00:00+08:00,32.349998474121094,32.54999923706055,30.899999618530273,31.299999237060547,1504547,0.0,0.0
2026-04-13 00:00:00+08:00,30.899999618530273,31.799999237060547,30.549999237060547,31.149999618530273,913256,0.0,0.0
2026-04-14 00:00:00+08:00,31.5,32.20000076293945,31.049999237060547,31.700000762939453,1251037,0.0,0.0
2026-04-15 00:00:00+08:00,32.099998474121094,32.54999923706055,31.600000381469727,32.5,1225100,0.0,0.0
2026-04-16 00:00:00+08:00,32.650001525878906,33.099998474121094,32.150001525878906,32.45000076293945,1013155,0.0,0.0
2026-04-17 00:00:00+08:00,34.0,35.650001525878906,34.0,34.900001525878906,8924670,0.0,0.0
2026-04-20 00:00:00+08:00,35.20000076293945,37.25,35.099998474121094,36.099998474121094,7687420,0.0,0.0
2026-04-21 00:00:00+08:00,37.5,37.5,34.599998474121094,34.70000076293945,4251238,0.0,0.0
2026-04-22 00:00:00+08:00,34.849998474121094,35.099998474121094,33.29999923706055,33.29999923706055,1891478,0.0,0.0
2026-04-23 00:00:00+08:00,33.599998474121094,33.79999923706055,30.200000762939453,31.200000762939453,2308132,0.0,0.0
2026-04-24 00:00:00+08:00,31.200000762939453,31.5,30.100000381469727,30.149999618530273,1241358,0.0,0.0
2026-04-27 00:00:00+08:00,30.200000762939453,30.200000762939453,27.799999237060547,29.950000762939453,1800940,0.0,0.0
2026-04-28 00:00:00+08:00,29.700000762939453,30.149999618530273,29.200000762939453,29.850000381469727,731280,0.0,0.0
2026-04-29 00:00:00+08:00,30.049999237060547,32.79999923706055,29.549999237060547,32.79999923706055,2510588,0.0,0.0
2026-04-30 00:00:00+08:00,33.0,36.0,31.75,31.850000381469727,8734071,0.0,0.0
2026-05-04 00:00:00+08:00,32.04999923706055,33.650001525878906,30.799999237060547,32.900001525878906,2417051,0.0,0.0
2026-05-05 00:00:00+08:00,32.5,33.849998474121094,32.400001525878906,33.54999923706055,1332100,0.0,0.0
2026-05-06 00:00:00+08:00,34.20000076293945,35.29999923706055,33.0,33.45000076293945,3188906,0.0,0.0
2026-05-07 00:00:00+08:00,33.70000076293945,34.900001525878906,33.5,33.849998474121094,1811352,0.0,0.0
2026-05-08 00:00:00+08:00,34.45000076293945,36.20000076293945,33.45000076293945,34.099998474121094,3987927,0.0,0.0
2026-05-11 00:00:00+08:00,34.099998474121094,34.099998474121094,32.0,33.5,1340164,0.0,0.0
2026-05-12 00:00:00+08:00,33.400001525878906,33.849998474121094,32.04999923706055,32.849998474121094,1346404,0.0,0.0
2026-05-13 00:00:00+08:00,32.650001525878906,36.099998474121094,32.45000076293945,36.099998474121094,8012824,0.0,0.0
2026-05-14 00:00:00+08:00,36.79999923706055,37.849998474121094,34.25,36.150001525878906,15402400,0.0,0.0
2026-05-15 00:00:00+08:00,36.25,39.5,35.349998474121094,37.25,12511062,0.0,0.0
2026-05-18 00:00:00+08:00,38.150001525878906,40.95000076293945,37.349998474121094,40.95000076293945,15255549,0.0,0.0
2026-05-19 00:00:00+08:00,42.849998474121094,45.0,42.79999923706055,45.0,5526657,0.0,0.0
2026-05-20 00:00:00+08:00,46.5,46.75,42.099998474121094,42.25,18564801,0.0,0.0
2026-05-21 00:00:00+08:00,42.5,46.45000076293945,42.5,43.25,13772680,0.0,0.0
2026-05-22 00:00:00+08:00,44.150001525878906,47.54999923706055,44.150001525878906,47.54999923706055,15479263,0.0,0.0
2026-05-25 00:00:00+08:00,50.0,52.29999923706055,47.650001525878906,52.29999923706055,17858766,0.0,0.0
2026-05-26 00:00:00+08:00,52.29999923706055,52.70000076293945,49.599998474121094,51.0,17518884,0.0,0.0
2026-05-27 00:00:00+08:00,51.5,52.0,46.099998474121094,47.29999923706055,10591825,0.0,0.0
2026-05-28 00:00:00+08:00,48.099998474121094,51.400001525878906,46.70000076293945,48.70000076293945,8957782,0.0,0.0
2026-05-29 00:00:00+08:00,49.599998474121094,50.099998474121094,47.29999923706055,49.150001525878906,7150377,0.0,0.0
2026-06-01 00:00:00+08:00,49.099998474121094,53.5,48.650001525878906,50.70000076293945,11411136,0.0,0.0
2026-06-02 00:00:00+08:00,50.5,51.400001525878906,46.349998474121094,50.29999923706055,6701035,0.0,0.0
2026-06-03 00:00:00+08:00,49.79999923706055,54.79999923706055,49.54999923706055,54.29999923706055,12469733,0.0,0.0
2026-06-04 00:00:00+08:00,53.0,59.70000076293945,52.599998474121094,57.900001525878906,27067770,0.0,0.0
2026-06-05 00:00:00+08:00,57.0,63.599998474121094,56.0,60.20000076293945,29909902,0.0,0.0
2026-06-08 00:00:00+08:00,54.20000076293945,54.20000076293945,54.20000076293945,54.20000076293945,1737007,0.0,0.0
2026-06-09 00:00:00+08:00,54.599998474121094,58.900001525878906,52.5,53.5,9767893,0.0,0.0
2026-06-10 00:00:00+08:00,53.0,58.79999923706055,53.0,53.79999923706055,13829296,0.0,0.0
2026-06-11 00:00:00+08:00,53.599998474121094,54.099998474121094,49.099998474121094,50.5,9087835,0.0,0.0
2026-06-12 00:00:00+08:00,52.79999923706055,53.400001525878906,49.650001525878906,49.650001525878906,4099820,0.0,0.0
2026-06-15 00:00:00+08:00,51.0,52.70000076293945,50.29999923706055,51.0,4303380,0.0,0.0
2026-06-16 00:00:00+08:00,51.400001525878906,52.5,49.75,50.70000076293945,4174940,0.0,0.0
2026-06-17 00:00:00+08:00,49.849998474121094,55.599998474121094,48.79999923706055,53.599998474121094,7675371,0.0,0.0
2026-06-18 00:00:00+08:00,53.900001525878906,56.400001525878906,52.70000076293945,55.400001525878906,8470645,0.0,0.0
2026-06-22 00:00:00+08:00,60.20000076293945,60.900001525878906,60.0,60.900001525878906,5412184,0.0,0.0
2026-06-23 00:00:00+08:00,65.0999984741211,66.9000015258789,56.099998474121094,56.099998474121094,15159541,0.0,0.0
2026-06-24 00:00:00+08:00,56.099998474121094,61.20000076293945,55.29999923706055,57.0,7632275,0.0,0.0
2026-06-25 00:00:00+08:00,58.099998474121094,58.20000076293945,52.099998474121094,52.900001525878906,7081661,0.0,0.0
2026-06-26 00:00:00+08:00,51.900001525878906,54.5,50.20000076293945,50.5,5442313,0.0,0.0
2026-06-29 00:00:00+08:00,49.79999923706055,52.29999923706055,49.70000076293945,51.099998474121094,2520928,0.0,0.0
2026-06-30 00:00:00+08:00,52.0,54.0,51.599998474121094,52.79999923706055,3737958,0.0,0.0
2026-07-01 00:00:00+08:00,54.0,55.29999923706055,51.5,52.20000076293945,3356531,0.0,0.0
2026-07-02 00:00:00+08:00,51.099998474121094,53.900001525878906,51.0,51.599998474121094,2154366,0.0,0.0
2026-07-03 00:00:00+08:00,51.20000076293945,52.400001525878906,50.79999923706055,51.79999923706055,1414606,0.0,0.0
2026-07-06 00:00:00+08:00,52.599998474121094,53.20000076293945,51.5,51.70000076293945,1580125,0.0,0.0
2026-07-07 00:00:00+08:00,51.900001525878906,52.900001525878906,48.04999923706055,48.5,1784612,0.0,0.0
2026-07-08 00:00:00+08:00,48.599998474121094,49.20000076293945,46.5,47.900001525878906,1380490,0.0,0.0
2026-07-09 00:00:00+08:00,48.79999923706055,51.099998474121094,47.25,49.150001525878906,1984130,0.0,0.0
2026-07-10 00:00:00+08:00,49.150001525878906,49.150001525878906,49.150001525878906,49.150001525878906,0,0.0,0.0
