Date,Open,High,Low,Close,Volume,Dividends,Stock Splits
2012-06-20 00:00:00+08:00,5.138433933258057,5.314608849077058,5.094389995904026,5.138433933258057,0,0.0,0.0
2012-06-21 00:00:00+08:00,5.122426509857178,5.202464821720317,5.122426509857178,5.122426509857178,0,0.97417,0.0
2012-06-22 00:00:00+08:00,5.122426509857178,5.154441380149152,5.122426509857178,5.122426509857178,0,0.0,0.0
2012-06-25 00:00:00+08:00,5.010372638702393,5.010372638702393,4.946342452470251,5.010372638702393,0,0.0,0.0
2012-06-26 00:00:00+08:00,5.010372638702393,5.010372638702393,5.010372638702393,5.010372638702393,0,0.0,0.0
2012-06-27 00:00:00+08:00,5.010372638702393,5.010372638702393,5.010372638702393,5.010372638702393,0,0.0,0.0
2012-06-28 00:00:00+08:00,5.010372638702393,5.010372638702393,5.010372638702393,5.010372638702393,0,0.0,0.0
2012-06-29 00:00:00+08:00,5.010372638702393,5.010372638702393,5.010372638702393,5.010372638702393,0,0.0,0.0
2012-07-02 00:00:00+08:00,4.927134037017822,4.927134037017822,4.927134037017822,4.927134037017822,0,0.0,0.0
2012-07-03 00:00:00+08:00,4.927134037017822,4.927134037017822,4.927134037017822,4.927134037017822,0,0.0,0.0
2012-07-04 00:00:00+08:00,4.866304397583008,4.866304397583008,4.866304397583008,4.866304397583008,0,0.0,0.0
2012-07-05 00:00:00+08:00,4.866304397583008,4.866304397583008,4.866304397583008,4.866304397583008,0,0.0,0.0
2012-07-06 00:00:00+08:00,4.898320198059082,4.898320198059082,4.898320198059082,4.898320198059082,0,0.0,0.0
2012-07-09 00:00:00+08:00,4.898320198059082,4.898320198059082,4.898320198059082,4.898320198059082,0,0.0,0.0
2012-07-10 00:00:00+08:00,4.850297451019287,4.866304658404445,4.802274465504016,4.850297451019287,0,0.0,0.0
2012-07-11 00:00:00+08:00,4.850297451019287,4.850297451019287,4.850297451019287,4.850297451019287,0,0.0,0.0
2012-07-12 00:00:00+08:00,4.850297451019287,4.850297451019287,4.850297451019287,4.850297451019287,0,0.0,0.0
2012-07-13 00:00:00+08:00,4.850297451019287,4.850297451019287,4.850297451019287,4.850297451019287,0,0.0,0.0
2012-07-16 00:00:00+08:00,4.9175286293029785,4.9175286293029785,4.866304027173946,4.9175286293029785,0,0.0,0.0
2012-07-17 00:00:00+08:00,4.9175286293029785,4.9175286293029785,4.9175286293029785,4.9175286293029785,0,0.0,0.0
2012-07-18 00:00:00+08:00,4.9175286293029785,4.9175286293029785,4.9175286293029785,4.9175286293029785,0,0.0,0.0
2012-07-19 00:00:00+08:00,4.9175286293029785,4.9175286293029785,4.9175286293029785,4.9175286293029785,0,0.0,0.0
2012-07-20 00:00:00+08:00,4.9175286293029785,4.9175286293029785,4.9175286293029785,4.9175286293029785,0,0.0,0.0
2012-07-23 00:00:00+08:00,4.9175286293029785,4.9175286293029785,4.9175286293029785,4.9175286293029785,0,0.0,0.0
2012-07-24 00:00:00+08:00,4.9175286293029785,4.9175286293029785,4.9175286293029785,4.9175286293029785,0,0.0,0.0
2012-07-25 00:00:00+08:00,4.9175286293029785,4.9175286293029785,4.9175286293029785,4.9175286293029785,0,0.0,0.0
2012-07-26 00:00:00+08:00,4.9175286293029785,4.9175286293029785,4.9175286293029785,4.9175286293029785,0,0.0,0.0
2012-07-27 00:00:00+08:00,4.9175286293029785,4.9175286293029785,4.9175286293029785,4.9175286293029785,0,0.0,0.0
2012-07-30 00:00:00+08:00,4.9175286293029785,4.9175286293029785,4.9175286293029785,4.9175286293029785,0,0.0,0.0
2012-07-31 00:00:00+08:00,4.9175286293029785,4.9175286293029785,4.9175286293029785,4.9175286293029785,0,0.0,0.0
2012-08-01 00:00:00+08:00,4.9175286293029785,4.9175286293029785,4.9175286293029785,4.9175286293029785,0,0.0,0.0
2012-08-02 00:00:00+08:00,4.9175286293029785,4.9175286293029785,4.9175286293029785,4.9175286293029785,0,0.0,0.0
2012-08-03 00:00:00+08:00,4.9175286293029785,4.9175286293029785,4.9175286293029785,4.9175286293029785,0,0.0,0.0
2012-08-06 00:00:00+08:00,4.9175286293029785,4.9175286293029785,4.9175286293029785,4.9175286293029785,0,0.0,0.0
2012-08-07 00:00:00+08:00,5.0263800621032715,5.0263800621032715,5.0263800621032715,5.0263800621032715,0,0.0,0.0
2012-08-08 00:00:00+08:00,5.0263800621032715,5.0263800621032715,5.0263800621032715,5.0263800621032715,0,0.0,0.0
2012-08-09 00:00:00+08:00,4.962350368499756,4.962350368499756,4.962350368499756,4.962350368499756,0,0.0,0.0
2012-08-10 00:00:00+08:00,4.962350368499756,4.962350368499756,4.962350368499756,4.962350368499756,0,0.0,0.0
2012-08-13 00:00:00+08:00,4.802274227142334,4.834289549230096,4.802274227142334,4.802274227142334,0,0.0,0.0
2012-08-14 00:00:00+08:00,4.802274227142334,4.802274227142334,4.802274227142334,4.802274227142334,0,0.0,0.0
2012-08-15 00:00:00+08:00,4.802274227142334,4.802274227142334,4.802274227142334,4.802274227142334,0,0.0,0.0
2012-08-16 00:00:00+08:00,4.802274227142334,4.802274227142334,4.802274227142334,4.802274227142334,0,0.0,0.0
2012-08-17 00:00:00+08:00,4.802274227142334,4.802274227142334,4.802274227142334,4.802274227142334,0,0.0,0.0
2012-08-20 00:00:00+08:00,4.802274227142334,4.802274227142334,4.802274227142334,4.802274227142334,0,0.0,0.0
2012-08-21 00:00:00+08:00,4.821484565734863,4.821484565734863,4.802275277390525,4.821484565734863,0,0.0,0.0
2012-08-22 00:00:00+08:00,5.221673488616943,5.221673488616943,4.802274474580015,5.221673488616943,0,0.0,0.0
2012-08-23 00:00:00+08:00,5.529018878936768,5.71150502797094,5.051992502354843,5.529018878936768,0,0.0,0.0
2012-08-24 00:00:00+08:00,5.529018878936768,5.529018878936768,5.529018878936768,5.529018878936768,0,0.0,0.0
2012-08-27 00:00:00+08:00,5.474592208862305,5.474592208862305,5.442576438493369,5.474592208862305,0,0.0,0.0
2012-08-28 00:00:00+08:00,5.538623809814453,5.660280950875969,5.474593615978583,5.538623809814453,0,0.0,0.0
2012-08-29 00:00:00+08:00,5.442576885223389,5.442576885223389,5.442576885223389,5.442576885223389,0,0.0,0.0
2012-08-30 00:00:00+08:00,5.506607532501221,5.506607532501221,5.442576895295489,5.506607532501221,0,0.0,0.0
2012-08-31 00:00:00+08:00,5.384951114654541,5.442578064282664,5.384951114654541,5.384951114654541,0,0.0,0.0
2012-09-03 00:00:00+08:00,5.762729167938232,5.84596863924275,5.5706381502283016,5.762729167938232,0,0.0,0.0
2012-09-04 00:00:00+08:00,5.922804355621338,5.996439406049149,5.794743991120612,5.922804355621338,0,0.0,0.0
2012-09-05 00:00:00+08:00,6.130903244018555,6.130903244018555,5.826759071724689,6.130903244018555,0,0.0,0.0
2012-09-06 00:00:00+08:00,5.954819679260254,6.018850316020659,5.954819679260254,5.954819679260254,0,0.0,0.0
2012-09-07 00:00:00+08:00,5.954819679260254,5.954819679260254,5.954819679260254,5.954819679260254,0,0.0,0.0
2012-09-10 00:00:00+08:00,5.922804355621338,5.986834537871701,5.890789491722751,5.922804355621338,0,0.0,0.0
2012-09-11 00:00:00+08:00,5.922804355621338,5.922804355621338,5.922804355621338,5.922804355621338,0,0.0,0.0
2012-09-12 00:00:00+08:00,6.018851280212402,6.018851280212402,5.922805309685681,6.018851280212402,0,0.0,0.0
2012-09-13 00:00:00+08:00,6.018851280212402,6.018851280212402,6.018851280212402,6.018851280212402,0,0.0,0.0
2012-09-14 00:00:00+08:00,6.114897727966309,6.178927935045318,6.082882851653488,6.114897727966309,0,0.0,0.0
2012-09-17 00:00:00+08:00,6.114897727966309,6.114897727966309,6.114897727966309,6.114897727966309,0,0.0,0.0
2012-09-18 00:00:00+08:00,6.178925514221191,6.178925514221191,6.178925514221191,6.178925514221191,0,0.0,0.0
2012-09-19 00:00:00+08:00,6.146910667419434,6.146910667419434,6.082880485249882,6.146910667419434,0,0.0,0.0
2012-09-20 00:00:00+08:00,6.146910667419434,6.146910667419434,6.146910667419434,6.146910667419434,0,0.0,0.0
2012-09-21 00:00:00+08:00,6.114897727966309,6.178927935045318,6.114897727966309,6.114897727966309,0,0.0,0.0
2012-09-24 00:00:00+08:00,6.114897727966309,6.114897727966309,6.114897727966309,6.114897727966309,0,0.0,0.0
2012-09-25 00:00:00+08:00,6.178925514221191,6.178925514221191,6.146910650451385,6.178925514221191,0,0.0,0.0
2012-09-26 00:00:00+08:00,6.242957592010498,6.265368503353383,6.162920181054458,6.242957592010498,0,0.0,0.0
2012-09-27 00:00:00+08:00,6.403031826019287,6.403031826019287,6.403031826019287,6.403031826019287,0,0.0,0.0
2012-09-28 00:00:00+08:00,6.403031826019287,6.403031826019287,6.403031826019287,6.403031826019287,0,0.0,0.0
2012-10-01 00:00:00+08:00,6.403031826019287,6.403031826019287,6.403031826019287,6.403031826019287,0,0.0,0.0
2012-10-02 00:00:00+08:00,6.403031826019287,6.403031826019287,6.403031826019287,6.403031826019287,0,0.0,0.0
2012-10-03 00:00:00+08:00,5.93241024017334,6.274972595437656,5.93241024017334,5.93241024017334,0,0.0,0.0
2012-10-04 00:00:00+08:00,6.146910667419434,6.146910667419434,6.034857507782827,6.146910667419434,0,0.0,0.0
2012-10-05 00:00:00+08:00,6.146910667419434,6.146910667419434,6.146910667419434,6.146910667419434,0,0.0,0.0
2012-10-08 00:00:00+08:00,6.146910667419434,6.146910667419434,6.146910667419434,6.146910667419434,0,0.0,0.0
2012-10-09 00:00:00+08:00,6.242957592010498,6.242957592010498,6.242957592010498,6.242957592010498,0,0.0,0.0
2012-10-11 00:00:00+08:00,6.082881450653076,6.082881450653076,6.082881450653076,6.082881450653076,0,0.0,0.0
2012-10-12 00:00:00+08:00,6.082881450653076,6.082881450653076,6.082881450653076,6.082881450653076,0,0.0,0.0
2012-10-15 00:00:00+08:00,6.403031826019287,6.403031826019287,6.403031826019287,6.403031826019287,0,0.0,0.0
2012-10-16 00:00:00+08:00,6.242957592010498,6.403033777282557,6.242957592010498,6.242957592010498,0,0.0,0.0
2012-10-17 00:00:00+08:00,6.403031826019287,6.435047144207999,6.403031826019287,6.403031826019287,0,0.0,0.0
2012-10-18 00:00:00+08:00,6.403031826019287,6.435047144207999,6.403031826019287,6.403031826019287,0,0.0,0.0
2012-10-19 00:00:00+08:00,6.403031826019287,6.403031826019287,6.403031826019287,6.403031826019287,0,0.0,0.0
2012-10-22 00:00:00+08:00,6.403031826019287,6.403031826019287,6.403031826019287,6.403031826019287,0,0.0,0.0
2012-10-23 00:00:00+08:00,6.3390021324157715,6.3390021324157715,6.3390021324157715,6.3390021324157715,0,0.0,0.0
2012-10-24 00:00:00+08:00,6.3390021324157715,6.56310846809426,6.3390021324157715,6.3390021324157715,0,0.0,0.0
2012-10-25 00:00:00+08:00,6.3390021324157715,6.3390021324157715,6.3390021324157715,6.3390021324157715,0,0.0,0.0
2012-10-26 00:00:00+08:00,6.242957592010498,6.371018903790806,6.242957592010498,6.242957592010498,0,0.0,0.0
2012-10-29 00:00:00+08:00,6.332598686218262,6.332598686218262,6.332598686218262,6.332598686218262,0,0.0,0.0
2012-10-30 00:00:00+08:00,6.502280235290527,6.502280235290527,6.467063287424781,6.502280235290527,0,0.0,0.0
2012-10-31 00:00:00+08:00,6.537496089935303,6.537496089935303,6.499077976933667,6.537496089935303,0,0.0,0.0
2012-11-01 00:00:00+08:00,6.499077320098877,6.499077320098877,6.499077320098877,6.499077320098877,0,0.0,0.0
2012-11-02 00:00:00+08:00,6.499077320098877,6.499077320098877,6.499077320098877,6.499077320098877,0,0.0,0.0
2012-11-05 00:00:00+08:00,6.483070373535156,6.483070373535156,6.483070373535156,6.483070373535156,0,0.0,0.0
2012-11-06 00:00:00+08:00,6.329397201538086,6.403032256541871,6.329397201538086,6.329397201538086,0,0.0,0.0
2012-11-07 00:00:00+08:00,6.403031826019287,6.403031826019287,6.403031826019287,6.403031826019287,0,0.0,0.0
2012-11-08 00:00:00+08:00,6.233351230621338,6.3390015980961625,6.233351230621338,6.233351230621338,0,0.0,0.0
2012-11-09 00:00:00+08:00,6.306987762451172,6.4030328230665745,6.2589643232369525,6.306987762451172,0,0.0,0.0
2012-11-12 00:00:00+08:00,6.3390021324157715,6.40303231927253,6.3390021324157715,6.3390021324157715,0,0.0,0.0
2012-11-13 00:00:00+08:00,6.242957592010498,6.242957592010498,6.242957592010498,6.242957592010498,0,0.0,0.0
2012-11-14 00:00:00+08:00,6.242957592010498,6.242957592010498,6.242957592010498,6.242957592010498,0,0.0,0.0
2012-11-15 00:00:00+08:00,6.242957592010498,6.242957592010498,6.242957592010498,6.242957592010498,0,0.0,0.0
2012-11-16 00:00:00+08:00,6.242957592010498,6.242957592010498,6.242957592010498,6.242957592010498,0,0.0,0.0
2012-11-19 00:00:00+08:00,6.242957592010498,6.242957592010498,6.242957592010498,6.242957592010498,0,0.0,0.0
2012-11-20 00:00:00+08:00,6.242957592010498,6.242957592010498,6.242957592010498,6.242957592010498,0,0.0,0.0
2012-11-21 00:00:00+08:00,6.210940837860107,6.210940837860107,6.210940837860107,6.210940837860107,0,0.0,0.0
2012-11-22 00:00:00+08:00,6.210940837860107,6.210940837860107,6.210940837860107,6.210940837860107,0,0.0,0.0
2012-11-23 00:00:00+08:00,6.210940837860107,6.210940837860107,6.210940837860107,6.210940837860107,0,0.0,0.0
2012-11-26 00:00:00+08:00,6.210940837860107,6.210940837860107,6.210940837860107,6.210940837860107,0,0.0,0.0
2012-11-27 00:00:00+08:00,6.210940837860107,6.210940837860107,6.210940837860107,6.210940837860107,0,0.0,0.0
2012-11-28 00:00:00+08:00,6.210940837860107,6.210940837860107,6.210940837860107,6.210940837860107,0,0.0,0.0
2012-11-29 00:00:00+08:00,6.210940837860107,6.210940837860107,6.210940837860107,6.210940837860107,0,0.0,0.0
2012-11-30 00:00:00+08:00,6.210940837860107,6.210940837860107,6.210940837860107,6.210940837860107,0,0.0,0.0
2012-12-03 00:00:00+08:00,6.210940837860107,6.210940837860107,6.210940837860107,6.210940837860107,0,0.0,0.0
2012-12-04 00:00:00+08:00,6.210940837860107,6.210940837860107,6.210940837860107,6.210940837860107,0,0.0,0.0
2012-12-05 00:00:00+08:00,6.210940837860107,6.210940837860107,6.210940837860107,6.210940837860107,0,0.0,0.0
2012-12-06 00:00:00+08:00,6.403031826019287,6.403031826019287,6.403031826019287,6.403031826019287,0,0.0,0.0
2012-12-07 00:00:00+08:00,6.419041156768799,6.419041156768799,6.242957315328083,6.419041156768799,0,0.0,0.0
2012-12-10 00:00:00+08:00,6.419041156768799,6.419041156768799,6.419041156768799,6.419041156768799,0,0.0,0.0
2012-12-11 00:00:00+08:00,6.403031826019287,6.403031826019287,6.403031826019287,6.403031826019287,0,0.0,0.0
2012-12-12 00:00:00+08:00,6.403031826019287,6.403031826019287,6.403031826019287,6.403031826019287,0,0.0,0.0
2012-12-13 00:00:00+08:00,6.371016979217529,6.371016979217529,6.371016979217529,6.371016979217529,0,0.0,0.0
2012-12-14 00:00:00+08:00,6.371016979217529,6.371016979217529,6.371016979217529,6.371016979217529,0,0.0,0.0
2012-12-17 00:00:00+08:00,6.371016979217529,6.371016979217529,6.371016979217529,6.371016979217529,0,0.0,0.0
2012-12-18 00:00:00+08:00,6.355010032653809,6.371017693585616,6.355010032653809,6.355010032653809,0,0.0,0.0
2012-12-19 00:00:00+08:00,6.355010032653809,6.355010032653809,6.355010032653809,6.355010032653809,0,0.0,0.0
2012-12-20 00:00:00+08:00,6.355010032653809,6.355010032653809,6.355010032653809,6.355010032653809,0,0.0,0.0
2012-12-21 00:00:00+08:00,6.355010032653809,6.355010032653809,6.355010032653809,6.355010032653809,0,0.0,0.0
2012-12-24 00:00:00+08:00,6.355010032653809,6.355010032653809,6.355010032653809,6.355010032653809,0,0.0,0.0
2012-12-25 00:00:00+08:00,6.355010032653809,6.355010032653809,6.355010032653809,6.355010032653809,0,0.0,0.0
2012-12-26 00:00:00+08:00,6.355010032653809,6.355010032653809,6.355010032653809,6.355010032653809,0,0.0,0.0
2012-12-27 00:00:00+08:00,6.355010032653809,6.355010032653809,6.355010032653809,6.355010032653809,0,0.0,0.0
2012-12-28 00:00:00+08:00,6.403031826019287,6.403031826019287,6.242955689528914,6.403031826019287,0,0.0,0.0
2013-01-02 00:00:00+08:00,6.3390021324157715,6.40303231927253,6.3390021324157715,6.3390021324157715,0,0.0,0.0
2013-01-03 00:00:00+08:00,6.403031826019287,6.403031826019287,6.403031826019287,6.403031826019287,0,0.0,0.0
2013-01-04 00:00:00+08:00,6.403031826019287,6.403031826019287,6.403031826019287,6.403031826019287,0,0.0,0.0
2013-01-07 00:00:00+08:00,6.403031826019287,6.403031826019287,6.403031826019287,6.403031826019287,0,0.0,0.0
2013-01-08 00:00:00+08:00,6.531092643737793,6.563108418604589,6.531092643737793,6.531092643737793,0,0.0,0.0
2013-01-09 00:00:00+08:00,6.723183631896973,6.723183631896973,6.694369934524323,6.723183631896973,0,0.0,0.0
2013-01-10 00:00:00+08:00,6.723183631896973,6.723183631896973,6.723183631896973,6.723183631896973,0,0.0,0.0
2013-01-11 00:00:00+08:00,6.723183631896973,6.723183631896973,6.723183631896973,6.723183631896973,0,0.0,0.0
2013-01-14 00:00:00+08:00,6.723183631896973,6.723183631896973,6.723183631896973,6.723183631896973,0,0.0,0.0
2013-01-15 00:00:00+08:00,6.723183631896973,6.723183631896973,6.723183631896973,6.723183631896973,0,0.0,0.0
2013-01-16 00:00:00+08:00,7.046537399291992,7.203411930169702,6.947290265653165,7.046537399291992,0,0.0,0.0
2013-01-17 00:00:00+08:00,7.014523029327393,7.136180169639837,7.011320951588725,7.014523029327393,0,0.0,0.0
2013-01-18 00:00:00+08:00,7.043335437774658,7.107366078053497,7.043335437774658,7.043335437774658,0,0.0,0.0
2013-01-21 00:00:00+08:00,7.075349807739258,7.075349807739258,7.0433349442961175,7.075349807739258,0,0.0,0.0
2013-01-22 00:00:00+08:00,7.075349807739258,7.075349807739258,7.075349807739258,7.075349807739258,0,0.0,0.0
2013-01-23 00:00:00+08:00,7.171396732330322,7.171396732330322,7.171396732330322,7.171396732330322,0,0.0,0.0
2013-01-24 00:00:00+08:00,7.171396732330322,7.171396732330322,7.171396732330322,7.171396732330322,0,0.0,0.0
2013-01-25 00:00:00+08:00,7.417913436889648,7.417913436889648,7.171397079800448,7.417913436889648,0,0.0,0.0
2013-01-28 00:00:00+08:00,7.43071985244751,7.43071985244751,7.43071985244751,7.43071985244751,0,0.0,0.0
2013-01-29 00:00:00+08:00,7.5875935554504395,7.5875935554504395,7.5875935554504395,7.5875935554504395,0,0.0,0.0
2013-01-30 00:00:00+08:00,7.363485813140869,7.430718067118792,7.363485813140869,7.363485813140869,0,0.0,0.0
2013-01-31 00:00:00+08:00,7.363485813140869,7.363485813140869,7.203410597721062,7.363485813140869,0,0.0,0.0
2013-02-01 00:00:00+08:00,7.395503044128418,7.523563423540336,7.395503044128418,7.395503044128418,0,0.0,0.0
2013-02-04 00:00:00+08:00,7.6836395263671875,7.6836395263671875,7.6836395263671875,7.6836395263671875,0,0.0,0.0
2013-02-05 00:00:00+08:00,7.523563861846924,7.523563861846924,7.49154853790218,7.523563861846924,0,0.0,0.0
2013-02-06 00:00:00+08:00,7.459533214569092,7.459533214569092,7.417913023301154,7.459533214569092,0,0.0,0.0
2013-02-18 00:00:00+08:00,7.398704528808594,7.421115437002891,7.398704528808594,7.398704528808594,0,0.0,0.0
2013-02-19 00:00:00+08:00,7.148986339569092,7.299457637759201,7.148986339569092,7.148986339569092,0,0.0,0.0
2013-02-20 00:00:00+08:00,7.0881571769714355,7.139381328391763,7.0881571769714355,7.0881571769714355,0,0.0,0.0
2013-02-21 00:00:00+08:00,7.056140899658203,7.059342522301763,7.056140899658203,7.056140899658203,0,0.0,0.0
2013-02-22 00:00:00+08:00,7.107366561889648,7.203412074393018,7.107366561889648,7.107366561889648,0,0.0,0.0
2013-02-25 00:00:00+08:00,7.107366561889648,7.107366561889648,7.107366561889648,7.107366561889648,0,0.0,0.0
2013-02-26 00:00:00+08:00,7.581189155578613,7.581189155578613,7.49154690431506,7.581189155578613,0,0.0,0.0
2013-02-27 00:00:00+08:00,7.619607925415039,7.7796845241437085,7.523562875084257,7.619607925415039,0,0.0,0.0
2013-03-01 00:00:00+08:00,7.747669696807861,7.8469168307648065,7.747669696807861,7.747669696807861,0,0.0,0.0
2013-03-04 00:00:00+08:00,7.747669696807861,7.747669696807861,7.747669696807861,7.747669696807861,0,0.0,0.0
2013-03-05 00:00:00+08:00,7.715653896331787,7.936558148661472,7.715653896331787,7.715653896331787,0,0.0,0.0
2013-03-06 00:00:00+08:00,7.875729084014893,7.875729084014893,7.843713766262907,7.875729084014893,0,0.0,0.0
2013-03-07 00:00:00+08:00,7.875729084014893,7.875729084014893,7.875729084014893,7.875729084014893,0,0.0,0.0
2013-03-08 00:00:00+08:00,7.843714714050293,8.003790413246445,7.766878487504917,7.843714714050293,0,0.0,0.0
2013-03-11 00:00:00+08:00,8.25991153717041,8.25991153717041,7.907744840186536,8.25991153717041,0,0.0,0.0
2013-03-12 00:00:00+08:00,8.25991153717041,8.25991153717041,8.25991153717041,8.25991153717041,0,0.0,0.0
2013-03-13 00:00:00+08:00,8.045409202575684,8.045409202575684,8.045409202575684,8.045409202575684,0,0.0,0.0
2013-03-14 00:00:00+08:00,8.045409202575684,8.045409202575684,8.045409202575684,8.045409202575684,0,0.0,0.0
2013-03-15 00:00:00+08:00,8.067822456359863,8.067822456359863,8.023001543658,8.067822456359863,7442,0.0,0.0
2013-03-18 00:00:00+08:00,8.067822456359863,8.067822456359863,8.067822456359863,8.067822456359863,0,0.0,0.0
2013-03-19 00:00:00+08:00,8.067822456359863,8.067822456359863,8.067822456359863,8.067822456359863,0,0.0,0.0
2013-03-20 00:00:00+08:00,8.067822456359863,8.067822456359863,8.067822456359863,8.067822456359863,0,0.0,0.0
2013-03-21 00:00:00+08:00,8.291929244995117,8.291929244995117,8.263115085559026,8.291929244995117,0,0.0,0.0
2013-03-22 00:00:00+08:00,8.941834449768066,8.941834449768066,8.327143739541919,8.941834449768066,37211,0.0,0.0
2013-03-25 00:00:00+08:00,9.284396171569824,9.55332430628353,8.964244798837926,9.284396171569824,43164,0.0,0.0
2013-03-26 00:00:00+08:00,9.290801048278809,9.476488840706876,9.284397801562463,9.290801048278809,52095,0.0,0.0
2013-03-27 00:00:00+08:00,9.287598609924316,9.287598609924316,9.287598609924316,9.287598609924316,4465,0.0,0.0
2013-03-28 00:00:00+08:00,9.98873233795166,10.107188313550614,9.60775142398106,9.98873233795166,64300,0.0,0.0
2013-03-29 00:00:00+08:00,10.244853019714355,10.308883669204867,10.244853019714355,10.244853019714355,10419,0.0,0.0
2013-04-01 00:00:00+08:00,10.376113891601562,10.446546868082201,10.376113891601562,10.376113891601562,22326,0.0,0.0
2013-04-02 00:00:00+08:00,9.687788009643555,9.927902018415109,9.687788009643555,9.687788009643555,17861,0.0,0.0
2013-04-03 00:00:00+08:00,9.61095142364502,9.924700480379919,9.61095142364502,9.61095142364502,0,0.0,0.0
2013-04-08 00:00:00+08:00,9.220368385314941,9.572535151311097,9.191555137438133,9.220368385314941,25303,0.0,0.0
2013-04-09 00:00:00+08:00,8.637690544128418,8.96424517619922,8.516033417287801,8.637690544128418,37211,0.0,0.0
2013-04-10 00:00:00+08:00,8.663302421569824,8.826580188343708,8.663302421569824,8.663302421569824,25303,0.0,0.0
2013-04-11 00:00:00+08:00,8.762551307678223,8.80417104982616,8.740140397627302,8.762551307678223,20838,0.0,0.0
2013-04-12 00:00:00+08:00,8.804169654846191,8.932230030046732,8.695318108699118,8.804169654846191,8932,0.0,0.0
2013-04-15 00:00:00+08:00,8.804169654846191,8.804169654846191,8.772154333819442,8.804169654846191,5961,0.0,0.0
2013-04-16 00:00:00+08:00,8.964245796203613,8.964245796203613,8.804170092027576,8.964245796203613,14884,0.0,0.0
2013-04-17 00:00:00+08:00,8.964245796203613,8.964245796203613,8.964245796203613,8.964245796203613,2976,0.0,0.0
2013-04-18 00:00:00+08:00,8.964245796203613,9.12432150037965,8.964245796203613,8.964245796203613,10419,0.0,0.0
2013-04-19 00:00:00+08:00,8.996262550354004,8.996262550354004,8.964247222643044,8.996262550354004,7442,0.0,0.0
2013-04-22 00:00:00+08:00,9.284396171569824,9.284396171569824,9.284396171569824,9.284396171569824,1488,0.0,0.0
2013-04-23 00:00:00+08:00,9.220368385314941,9.220368385314941,9.095509160035585,9.220368385314941,17861,0.0,0.0
2013-04-24 00:00:00+08:00,9.108312606811523,9.108312606811523,9.108312606811523,9.108312606811523,7442,0.0,0.0
2013-04-25 00:00:00+08:00,9.108312606811523,9.108312606811523,9.108312606811523,9.108312606811523,0,0.0,0.0
2013-04-26 00:00:00+08:00,9.114716529846191,9.114716529846191,9.114716529846191,9.114716529846191,7442,0.0,0.0
2013-04-29 00:00:00+08:00,9.284396171569824,9.428465107314938,9.284396171569824,9.284396171569824,7442,0.0,0.0
2013-04-30 00:00:00+08:00,9.255582809448242,9.255582809448242,9.255582809448242,9.255582809448242,4465,0.0,0.0
2013-05-02 00:00:00+08:00,9.284396171569824,9.284396171569824,9.252380852515355,9.284396171569824,13396,0.0,0.0
2013-05-03 00:00:00+08:00,9.188350677490234,9.252380403586026,9.188350677490234,9.188350677490234,16372,0.0,0.0
2013-05-06 00:00:00+08:00,9.188350677490234,9.188350677490234,9.188350677490234,9.188350677490234,0,0.0,0.0
2013-05-07 00:00:00+08:00,9.188350677490234,9.188350677490234,9.188350677490234,9.188350677490234,0,0.0,0.0
2013-05-08 00:00:00+08:00,9.028276443481445,9.028276443481445,8.964245798233927,9.028276443481445,16372,0.0,0.0
2013-05-09 00:00:00+08:00,9.028276443481445,9.028276443481445,9.028276443481445,9.028276443481445,0,0.0,0.0
2013-05-10 00:00:00+08:00,8.932229995727539,9.060291279342504,8.906617920785838,8.932229995727539,72933,0.0,0.0
2013-05-13 00:00:00+08:00,8.884207725524902,8.884207725524902,8.884207725524902,8.884207725524902,4465,0.0,0.0
2013-05-14 00:00:00+08:00,8.884207725524902,8.884207725524902,8.884207725524902,8.884207725524902,0,0.0,0.0
2013-05-15 00:00:00+08:00,8.804169654846191,8.804169654846191,8.644093958618901,8.804169654846191,10419,0.0,0.0
2013-05-16 00:00:00+08:00,8.804169654846191,8.804169654846191,8.804169654846191,8.804169654846191,0,0.0,0.0
2013-05-17 00:00:00+08:00,8.804169654846191,8.804169654846191,8.804169654846191,8.804169654846191,0,0.0,0.0
2013-05-20 00:00:00+08:00,8.804169654846191,8.804169654846191,8.804169654846191,8.804169654846191,0,0.0,0.0
2013-05-21 00:00:00+08:00,8.804169654846191,8.804169654846191,8.804169654846191,8.804169654846191,0,0.0,0.0
2013-05-22 00:00:00+08:00,8.804169654846191,8.804169654846191,8.804169654846191,8.804169654846191,0,0.0,0.0
2013-05-23 00:00:00+08:00,8.964245796203613,8.964245796203613,8.932230473587106,8.964245796203613,26792,0.0,0.0
2013-05-24 00:00:00+08:00,9.553325653076172,9.553325653076172,8.99626138615217,9.553325653076172,52095,0.0,0.0
2013-05-27 00:00:00+08:00,9.306809425354004,9.444474241341611,9.25238318744513,9.306809425354004,44653,0.0,0.0
2013-05-28 00:00:00+08:00,9.348426818847656,9.412457457019396,9.316411499761786,9.348426818847656,77399,0.0,0.0
2013-05-29 00:00:00+08:00,9.364434242248535,9.41245721966635,9.364434242248535,9.364434242248535,75910,0.0,0.0
2013-05-30 00:00:00+08:00,9.380443572998047,9.380443572998047,9.34842824901432,9.380443572998047,129494,0.0,0.0
2013-05-31 00:00:00+08:00,9.39645004272461,9.39645004272461,9.364434722803137,9.39645004272461,23963,0.0,0.0
2013-06-03 00:00:00+08:00,9.409255981445312,9.412457149686816,9.358030927236664,9.409255981445312,32150,0.0,0.0
2013-06-04 00:00:00+08:00,9.460480690002441,9.921498978369137,9.380443291352769,9.460480690002441,129792,0.0,0.0
2013-06-05 00:00:00+08:00,9.460480690002441,9.460480690002441,9.42846627588648,9.460480690002441,26792,0.0,0.0
2013-06-06 00:00:00+08:00,9.39645004272461,9.476487433621866,9.39645004272461,9.39645004272461,83055,0.0,0.0
2013-06-07 00:00:00+08:00,9.386846542358398,9.386846542358398,9.386846542358398,9.386846542358398,4465,0.0,0.0
2013-06-10 00:00:00+08:00,9.409255981445312,9.409255981445312,9.358030927236664,9.409255981445312,13396,0.0,0.0
2013-06-11 00:00:00+08:00,9.354830741882324,9.604549158147954,9.354830741882324,9.354830741882324,14884,0.0,0.0
2013-06-13 00:00:00+08:00,9.374040603637695,9.444473591359568,9.332420863009343,9.374040603637695,37419,0.0,0.0
2013-06-14 00:00:00+08:00,9.409255981445312,9.428464808707075,9.367635340867544,9.409255981445312,12651,0.0,0.0
2013-06-17 00:00:00+08:00,9.380443572998047,9.444473312058957,9.380443572998047,9.380443572998047,41676,0.0,0.0
2013-06-18 00:00:00+08:00,9.438068389892578,9.438068389892578,9.380441004283707,9.438068389892578,44653,0.0,0.0
2013-06-19 00:00:00+08:00,9.344860076904297,10.296388912072352,9.231244489113314,9.344860076904297,69509,1.410866,1.03
2013-06-20 00:00:00+08:00,9.344860076904297,9.344860076904297,9.344860076904297,9.344860076904297,0,0.0,0.0
2013-06-21 00:00:00+08:00,9.1957426071167,9.1957426071167,9.1957426071167,9.1957426071167,2890,0.0,0.0
2013-06-24 00:00:00+08:00,9.1957426071167,9.1957426071167,9.1957426071167,9.1957426071167,0,0.0,0.0
2013-06-25 00:00:00+08:00,8.986262321472168,8.986262321472168,8.986262321472168,8.986262321472168,2890,0.0,0.0
2013-06-26 00:00:00+08:00,8.986262321472168,8.986262321472168,8.986262321472168,8.986262321472168,0,0.0,0.0
2013-06-27 00:00:00+08:00,8.964961051940918,8.986263611104306,8.964961051940918,8.964961051940918,5780,0.0,0.0
2013-06-28 00:00:00+08:00,8.964961051940918,8.964961051940918,8.964961051940918,8.964961051940918,0,0.0,0.0
2013-07-01 00:00:00+08:00,8.940106391906738,8.940106391906738,8.940106391906738,8.940106391906738,2890,0.0,0.0
2013-07-02 00:00:00+08:00,8.876197814941406,8.876197814941406,8.702223991337766,8.876197814941406,8670,0.0,0.0
2013-07-03 00:00:00+08:00,8.876197814941406,8.876197814941406,8.876197814941406,8.876197814941406,0,0.0,0.0
2013-07-04 00:00:00+08:00,8.698674201965332,8.702224628505892,8.698674201965332,8.698674201965332,7225,0.0,0.0
2013-07-05 00:00:00+08:00,8.698674201965332,8.698674201965332,8.698674201965332,8.698674201965332,0,0.0,0.0
2013-07-08 00:00:00+08:00,8.698674201965332,8.698674201965332,8.698674201965332,8.698674201965332,0,0.0,0.0
2013-07-09 00:00:00+08:00,8.698674201965332,8.698674201965332,8.698674201965332,8.698674201965332,0,0.0,0.0
2013-07-10 00:00:00+08:00,8.577956199645996,8.599258752627891,8.577956199645996,8.577956199645996,5780,0.0,0.0
2013-07-11 00:00:00+08:00,7.420500755310058,8.432387377632477,7.203922313402442,7.420500755310059,105058,0.0,0.0
2013-07-12 00:00:00+08:00,7.850109100341797,7.850109100341797,7.843007758789022,7.850109100341797,8670,0.0,0.0
2013-07-15 00:00:00+08:00,7.775548458099366,7.9885769416757535,7.775548458099366,7.775548458099365,16474,0.0,0.0
2013-07-16 00:00:00+08:00,8.134147644042969,8.134147644042969,7.9530734532724425,8.134147644042969,23121,0.0,0.0
2013-07-17 00:00:00+08:00,8.134147644042969,8.134147644042969,8.134147644042969,8.134147644042969,0,0.0,0.0
2013-07-18 00:00:00+08:00,8.134147644042969,8.134147644042969,8.134147644042969,8.134147644042969,0,0.0,0.0
2013-07-19 00:00:00+08:00,8.134147644042969,8.134147644042969,8.134147644042969,8.134147644042969,0,0.0,0.0
2013-07-22 00:00:00+08:00,8.134147644042969,8.134147644042969,8.134147644042969,8.134147644042969,0,0.0,0.0
2013-07-23 00:00:00+08:00,8.521148681640625,8.830040638177667,8.379130662357287,8.521148681640625,67919,0.0,0.0
2013-07-24 00:00:00+08:00,8.521148681640625,8.521148681640625,8.521148681640625,8.521148681640625,0,0.0,0.0
2013-07-25 00:00:00+08:00,8.450139045715332,8.521147556673425,8.29746781130189,8.450139045715332,1777,0.0,0.0
2013-07-26 00:00:00+08:00,8.265515327453613,8.265515327453613,8.265515327453613,8.265515327453613,86,0.0,0.0
2013-07-29 00:00:00+08:00,8.876197814941406,8.876197814941406,8.876197814941406,8.876197814941406,216,0.0,0.0
2013-07-30 00:00:00+08:00,8.599260330200195,8.599260330200195,8.595709904051873,8.599260330200195,4479,0.0,0.0
2013-07-31 00:00:00+08:00,8.595709800720215,8.595709800720215,8.595709800720215,8.595709800720215,4335,0.0,0.0
2013-08-01 00:00:00+08:00,8.521148681640625,8.521148681640625,8.521148681640625,8.521148681640625,433,0.0,0.0
2013-08-02 00:00:00+08:00,8.624113082885742,8.624113082885742,8.624113082885742,8.624113082885742,4335,0.0,0.0
2013-08-05 00:00:00+08:00,8.624113082885742,8.624113082885742,8.624113082885742,8.624113082885742,0,0.0,0.0
2013-08-06 00:00:00+08:00,8.201607704162598,8.521150518315801,8.201607704162598,8.201607704162598,18872,0.0,0.0
2013-08-07 00:00:00+08:00,8.0950927734375,8.0950927734375,8.0950927734375,8.0950927734375,1878,0.0,0.0
2013-08-08 00:00:00+08:00,8.780335426330566,8.780335426330566,8.343626138537184,8.780335426330566,36127,0.0,0.0
2013-08-09 00:00:00+08:00,8.592159271240234,8.78033478842934,8.592159271240234,8.592159271240234,27456,0.0,0.0
2013-08-12 00:00:00+08:00,8.450139045715332,8.450139045715332,8.265513981370749,8.450139045715332,245,0.0,0.0
2013-08-13 00:00:00+08:00,8.450139045715332,8.450139045715332,8.450139045715332,8.450139045715332,0,0.0,0.0
2013-08-14 00:00:00+08:00,8.230010032653809,8.230010032653809,8.230010032653809,8.230010032653809,43,0.0,0.0
2013-08-15 00:00:00+08:00,8.230010032653809,8.230010032653809,8.230010032653809,8.230010032653809,7225,0.0,0.0
2013-08-16 00:00:00+08:00,8.34362506866455,8.34362506866455,8.212257354401059,8.34362506866455,679,0.0,0.0
2013-08-19 00:00:00+08:00,8.34362506866455,8.34362506866455,8.34362506866455,8.34362506866455,5780,0.0,0.0
2013-08-20 00:00:00+08:00,8.34362506866455,8.34362506866455,8.34362506866455,8.34362506866455,0,0.0,0.0
2013-08-22 00:00:00+08:00,8.34362506866455,8.34362506866455,8.34362506866455,8.34362506866455,0,0.0,0.0
2013-08-23 00:00:00+08:00,8.503396987915039,8.503396987915039,8.315221463523152,8.503396987915039,10159,0.0,0.0
2013-08-26 00:00:00+08:00,8.510497093200684,8.51404751908783,8.269065197021009,8.510497093200684,12687,0.0,0.0
2013-08-27 00:00:00+08:00,8.34362506866455,8.34362506866455,8.34362506866455,8.34362506866455,4335,0.0,0.0
2013-08-28 00:00:00+08:00,8.31521987915039,8.31521987915039,8.31521987915039,8.31521987915039,1445,0.0,0.0
2013-08-29 00:00:00+08:00,8.443039894104004,8.443039894104004,8.443039894104004,8.443039894104004,2890,0.0,0.0
2013-08-30 00:00:00+08:00,8.308120727539062,8.308120727539062,8.308120727539062,8.308120727539062,86,0.0,0.0
2013-09-02 00:00:00+08:00,8.379131317138672,8.379131317138672,8.308120834020974,8.379131317138672,7312,0.0,0.0
2013-09-03 00:00:00+08:00,8.379131317138672,8.379131317138672,8.379131317138672,8.379131317138672,0,0.0,0.0
2013-09-04 00:00:00+08:00,8.379131317138672,8.379131317138672,8.379131317138672,8.379131317138672,0,0.0,0.0
2013-09-05 00:00:00+08:00,8.379131317138672,8.379131317138672,8.379131317138672,8.379131317138672,0,0.0,0.0
2013-09-06 00:00:00+08:00,8.443039894104004,8.443039894104004,8.443039894104004,8.443039894104004,4335,0.0,0.0
2013-09-09 00:00:00+08:00,8.443039894104004,8.443039894104004,8.443039894104004,8.443039894104004,0,0.0,0.0
2013-09-10 00:00:00+08:00,8.379131317138672,8.379131317138672,8.379131317138672,8.379131317138672,356,0.0,0.0
2013-09-11 00:00:00+08:00,8.379131317138672,8.379131317138672,8.379131317138672,8.379131317138672,0,0.0,0.0
2013-09-12 00:00:00+08:00,8.379131317138672,8.379131317138672,8.379131317138672,8.379131317138672,0,0.0,0.0
2013-09-13 00:00:00+08:00,8.379131317138672,8.379131317138672,8.379131317138672,8.379131317138672,0,0.0,0.0
2013-09-16 00:00:00+08:00,8.876197814941406,8.876197814941406,8.819390015833728,8.876197814941406,8670,0.0,0.0
2013-09-17 00:00:00+08:00,8.876197814941406,8.876197814941406,8.876197814941406,8.876197814941406,0,0.0,0.0
2013-09-18 00:00:00+08:00,8.876197814941406,8.876197814941406,8.876197814941406,8.876197814941406,0,0.0,0.0
2013-09-23 00:00:00+08:00,8.524701118469238,8.524701118469238,8.524701118469238,8.524701118469238,4335,0.0,0.0
2013-09-24 00:00:00+08:00,9.231246948242188,9.231246948242188,8.961410589319867,9.231246948242188,24566,0.0,0.0
2013-09-25 00:00:00+08:00,9.870332717895508,9.870332717895508,9.231246145192019,9.870332717895508,17557,0.0,0.0
2013-09-26 00:00:00+08:00,9.870332717895508,9.941342228349436,9.763818941523683,9.870332717895508,69581,0.0,0.0
2013-09-27 00:00:00+08:00,9.76381778717041,9.76381778717041,9.76381778717041,9.76381778717041,5780,0.0,0.0
2013-09-30 00:00:00+08:00,9.76381778717041,9.76381778717041,9.76381778717041,9.76381778717041,0,0.0,0.0
2013-10-01 00:00:00+08:00,9.90583896636963,9.90583896636963,9.90583896636963,9.905838966369629,4335,0.0,0.0
2013-10-02 00:00:00+08:00,10.225379943847656,10.310591149794318,9.941340959662105,10.225379943847656,23302,0.0,0.0
2013-10-03 00:00:00+08:00,11.539057731628416,11.887004402717269,10.310591635972031,11.539057731628418,68049,0.0,0.0
2013-10-04 00:00:00+08:00,11.361534118652344,11.361534118652344,11.361534118652344,11.361534118652344,8670,0.0,0.0
2013-10-07 00:00:00+08:00,11.21951389312744,11.361532895293179,11.21951389312744,11.219513893127441,8670,0.0,0.0
2013-10-08 00:00:00+08:00,11.00648307800293,11.255017769614012,11.00648307800293,11.00648307800293,7442,0.0,0.0
2013-10-09 00:00:00+08:00,11.00648307800293,11.00648307800293,11.00648307800293,11.00648307800293,0,0.0,0.0
2013-10-11 00:00:00+08:00,12.000618934631348,12.24560224244064,11.510652319012763,12.000618934631348,29133,0.0,0.0
2013-10-14 00:00:00+08:00,12.249155044555662,12.49413742126934,12.071630774745245,12.249155044555664,91763,0.0,0.0
2013-10-15 00:00:00+08:00,12.071629524230957,12.38052052778855,12.071629524230957,12.071629524230957,27456,0.0,0.0
2013-10-16 00:00:00+08:00,12.071629524230957,12.071629524230957,11.918958256989768,12.071629524230957,15896,0.0,0.0
2013-10-17 00:00:00+08:00,12.249155044555662,12.249155044555662,12.107135041536434,12.249155044555664,37572,0.0,0.0
2013-10-18 00:00:00+08:00,12.178143501281737,12.213648743622663,12.178143501281737,12.178143501281738,13005,0.0,0.0
2013-10-21 00:00:00+08:00,12.178143501281737,12.178143501281737,12.178143501281737,12.178143501281738,0,0.0,0.0
2013-10-22 00:00:00+08:00,11.929610252380371,12.068078832715257,11.929610252380371,11.929610252380371,10332,0.0,0.0
2013-10-23 00:00:00+08:00,11.929610252380371,11.929610252380371,11.929610252380371,11.929610252380371,0,0.0,0.0
2013-10-24 00:00:00+08:00,11.929610252380371,11.929610252380371,11.929610252380371,11.929610252380371,5780,0.0,0.0
2013-10-25 00:00:00+08:00,11.929610252380371,11.929610252380371,11.929610252380371,11.929610252380371,2890,0.0,0.0
2013-10-28 00:00:00+08:00,11.929610252380371,11.929610252380371,11.716580763910052,11.929610252380371,4513,0.0,0.0
2013-10-29 00:00:00+08:00,11.92250919342041,11.92250919342041,11.92250919342041,11.92250919342041,7225,0.0,0.0
2013-10-30 00:00:00+08:00,11.894104957580568,11.894104957580568,11.720131137082257,11.894104957580566,351,0.0,0.0
2013-10-31 00:00:00+08:00,12.000618934631348,12.068078007066866,11.929609436205432,12.000618934631348,17341,0.0,0.0
2013-11-01 00:00:00+08:00,11.93316078186035,11.936711208124372,11.93316078186035,11.933160781860352,8670,0.0,0.0
2013-11-04 00:00:00+08:00,11.93316078186035,11.93316078186035,11.93316078186035,11.933160781860352,0,0.0,0.0
2013-11-05 00:00:00+08:00,11.93316078186035,11.93316078186035,11.93316078186035,11.933160781860352,0,0.0,0.0
2013-11-06 00:00:00+08:00,11.93316078186035,11.93316078186035,11.93316078186035,11.933160781860352,0,0.0,0.0
2013-11-07 00:00:00+08:00,11.93316078186035,11.93316078186035,11.93316078186035,11.933160781860352,0,0.0,0.0
2013-11-08 00:00:00+08:00,11.71658134460449,11.794691704226478,11.71658134460449,11.716581344604492,13005,0.0,0.0
2013-11-11 00:00:00+08:00,11.71658134460449,11.71658134460449,11.71658134460449,11.716581344604492,0,0.0,0.0
2013-11-12 00:00:00+08:00,11.71658134460449,11.71658134460449,11.71658134460449,11.716581344604492,0,0.0,0.0
2013-11-13 00:00:00+08:00,11.71658134460449,11.71658134460449,11.71658134460449,11.716581344604492,0,0.0,0.0
2013-11-14 00:00:00+08:00,11.71658134460449,11.71658134460449,11.71658134460449,11.716581344604492,0,0.0,0.0
2013-11-15 00:00:00+08:00,11.71658134460449,11.71658134460449,11.71658134460449,11.716581344604492,0,0.0,0.0
2013-11-18 00:00:00+08:00,11.71658134460449,11.71658134460449,11.71658134460449,11.716581344604492,0,0.0,0.0
2013-11-19 00:00:00+08:00,11.184006690979002,11.187557116479304,11.184006690979002,11.184006690979004,5780,0.0,0.0
2013-11-20 00:00:00+08:00,11.113000869750977,11.184010381808637,10.761503736134644,11.113000869750977,25216,0.0,0.0
2013-11-21 00:00:00+08:00,11.113000869750977,11.113000869750977,11.113000869750977,11.113000869750977,0,0.0,0.0
2013-11-22 00:00:00+08:00,11.113000869750977,11.113000869750977,11.113000869750977,11.113000869750977,0,0.0,0.0
2013-11-25 00:00:00+08:00,11.113000869750977,11.113000869750977,11.113000869750977,11.113000869750977,0,0.0,0.0
2013-11-26 00:00:00+08:00,10.72244644165039,10.72244644165039,10.72244644165039,10.72244644165039,1445,0.0,0.0
2013-11-27 00:00:00+08:00,10.690492630004883,10.690492630004883,10.690492630004883,10.690492630004883,1445,0.0,0.0
2013-11-28 00:00:00+08:00,10.828962326049805,10.8644675697632,10.651438064719054,10.828962326049805,7225,0.0,0.0
2013-11-29 00:00:00+08:00,10.935476303100586,11.0064848282557,10.93192489822479,10.935476303100586,24566,0.0,0.0
2013-12-02 00:00:00+08:00,10.647887229919434,10.651437656292822,10.647887229919434,10.647887229919434,13005,0.0,0.0
2013-12-03 00:00:00+08:00,10.647887229919434,10.647887229919434,10.647887229919434,10.647887229919434,0,0.0,0.0
2013-12-04 00:00:00+08:00,10.580427169799803,10.651436669305737,10.299939597820469,10.580427169799805,13898,0.0,0.0
2013-12-05 00:00:00+08:00,10.580427169799803,10.580427169799803,10.580427169799803,10.580427169799805,0,0.0,0.0
2013-12-06 00:00:00+08:00,11.393486022949219,11.766286614449564,10.65143624446926,11.393486022949219,59277,0.0,0.0
2013-12-09 00:00:00+08:00,11.00648307800293,11.010034482313984,11.00648307800293,11.00648307800293,10289,0.0,0.0
2013-12-10 00:00:00+08:00,11.184006690979002,11.357980476347239,11.0100338842286,11.184006690979004,5202,0.0,0.0
2013-12-11 00:00:00+08:00,11.184006690979002,11.184006690979002,11.184006690979002,11.184006690979004,0,0.0,0.0
2013-12-12 00:00:00+08:00,11.113000869750977,11.184010381808637,11.041991357693314,11.113000869750977,23988,0.0,0.0
2013-12-13 00:00:00+08:00,11.361534118652344,11.361534118652344,11.041990840063438,11.361534118652344,27456,0.0,0.0
2013-12-16 00:00:00+08:00,11.645569801330566,11.805341897662414,11.53905604906058,11.645569801330566,67919,0.0,0.0
2013-12-17 00:00:00+08:00,11.610065460205078,11.610065460205078,11.610065460205078,11.610065460205078,1445,0.0,0.0
2013-12-18 00:00:00+08:00,11.720131874084473,11.720131874084473,11.439644270813238,11.720131874084473,13005,0.0,0.0
2013-12-19 00:00:00+08:00,11.681077957153322,11.752087469285893,11.681077957153322,11.68107795715332,15896,0.0,0.0
2013-12-20 00:00:00+08:00,11.858600616455076,11.894105859939039,11.71658159975544,11.858600616455078,60910,0.0,0.0
2013-12-23 00:00:00+08:00,12.959251403808594,13.129674836531466,11.879905932418497,12.959251403808594,144046,0.0,0.0
2013-12-24 00:00:00+08:00,13.822013854980467,13.822013854980467,12.820778141254818,13.822013854980469,150297,0.0,0.0
2013-12-25 00:00:00+08:00,13.317846298217773,13.861069293445674,13.314295872294347,13.317846298217773,185061,0.0,0.0
2013-12-26 00:00:00+08:00,13.353353500366211,13.403060452866933,13.140324962157894,13.353353500366211,105491,0.0,0.0
2013-12-27 00:00:00+08:00,14.571166992187498,14.571166992187498,13.140323643679796,14.5711669921875,234323,0.0,0.0
2013-12-30 00:00:00+08:00,15.09308910369873,15.97715808105331,14.201918294269607,15.09308910369873,287228,0.0,0.0
2013-12-31 00:00:00+08:00,14.446898460388182,15.320315964542946,14.059896160829936,14.446898460388184,231024,0.0,0.0
2014-01-02 00:00:00+08:00,13.850419044494629,14.446899451498881,13.491820127883832,13.850419044494629,198029,0.0,0.0
2014-01-03 00:00:00+08:00,13.775859832763672,13.850419765191624,13.474068698061886,13.775859832763672,69582,0.0,0.0
2014-01-06 00:00:00+08:00,13.708402633666994,14.159312716464719,13.385308896410194,13.708402633666992,181076,0.0,0.0
2014-01-07 00:00:00+08:00,14.69898509979248,15.018528381781637,13.708401414935155,14.69898509979248,83819,0.0,0.0
2014-01-08 00:00:00+08:00,14.418497085571289,14.904912358743037,14.209018010895551,14.418497085571289,90552,0.0,0.0
2014-01-09 00:00:00+08:00,13.136773109436037,14.549863335971503,13.136773109436037,13.136773109436035,150295,0.0,0.0
2014-01-10 00:00:00+08:00,13.669344902038576,13.790061354309083,13.317847802818736,13.669344902038574,59250,0.0,0.0
2014-01-13 00:00:00+08:00,13.701300621032715,13.843319640615112,13.665795376828054,13.701300621032715,44797,0.0,0.0
2014-01-14 00:00:00+08:00,13.669344902038576,13.669344902038576,13.548628449768069,13.669344902038574,8672,0.0,0.0
2014-01-15 00:00:00+08:00,13.548628807067873,13.548628807067873,13.442114057286558,13.548628807067871,26013,0.0,0.0
2014-01-16 00:00:00+08:00,13.672894477844238,13.846868292778922,13.49181981070218,13.672894477844238,61803,0.0,0.0
2014-01-17 00:00:00+08:00,13.669344902038576,13.672895328363117,13.669344902038576,13.669344902038574,41907,0.0,0.0
2014-01-20 00:00:00+08:00,14.198366165161133,14.198366165161133,13.953382835817038,14.198366165161133,34682,0.0,0.0
2014-01-21 00:00:00+08:00,13.921431541442871,14.038597588058183,13.850422023807155,13.921431541442871,47688,0.0,0.0
2014-01-22 00:00:00+08:00,13.974685668945314,14.095402114390813,13.917877872346372,13.974685668945312,73699,0.0,0.0
2014-01-23 00:00:00+08:00,14.07765197753906,14.201918875346346,13.953385079731778,14.077651977539062,92486,0.0,0.0
2014-01-24 00:00:00+08:00,14.521459579467773,14.755791625510138,13.992438241372534,14.521459579467773,43352,0.0,0.0
2014-01-27 00:00:00+08:00,13.921431541442871,14.201919185034859,13.88947672026677,13.921431541442871,33237,0.0,0.0
2014-02-05 00:00:00+08:00,13.669344902038576,14.020842979876475,13.495371076281895,13.669344902038574,13007,0.0,0.0
2014-02-06 00:00:00+08:00,14.19481563568115,14.19481563568115,13.882373230242715,14.194815635681152,17485,0.0,0.0
2014-02-07 00:00:00+08:00,14.052793502807617,14.556961750941783,13.98888486541903,14.052793502807617,13557,0.0,0.0
2014-02-10 00:00:00+08:00,14.556966781616211,14.759344040182379,14.09540445843787,14.556966781616211,56358,0.0,0.0
2014-02-11 00:00:00+08:00,15.504941940307617,15.504941940307617,14.73448772286786,15.504941940307617,40462,0.0,0.0
2014-02-12 00:00:00+08:00,14.954619407653809,15.263510424832107,14.912013311421102,14.954619407653809,105636,0.0,0.0
2014-02-13 00:00:00+08:00,14.556966781616211,14.908463919416784,14.556966781616211,14.556966781616211,37572,0.0,0.0
2014-02-14 00:00:00+08:00,14.734487533569334,14.876507513501766,14.560514697337256,14.734487533569336,28803,0.0,0.0
2014-02-17 00:00:00+08:00,14.773544311523438,14.844553817526549,14.773544311523438,14.773544311523438,11560,0.0,0.0
2014-02-18 00:00:00+08:00,14.769993782043455,14.769993782043455,14.769993782043455,14.769993782043457,4335,0.0,0.0
2014-02-19 00:00:00+08:00,14.912014961242676,15.26706254040299,14.76999592957855,14.912014961242676,28901,0.0,0.0
2014-02-20 00:00:00+08:00,14.773544311523438,14.773544311523438,14.773544311523438,14.773544311523438,1445,0.0,0.0
2014-02-21 00:00:00+08:00,15.089536666870115,15.267059936867618,14.773543837064583,15.089536666870117,30383,0.0,0.0
2014-02-24 00:00:00+08:00,14.201916694641115,14.912012725096782,14.201916694641115,14.201916694641113,73699,0.0,0.0
2014-02-25 00:00:00+08:00,13.864622116088867,14.19836710367385,13.669345720689922,13.864622116088867,79480,0.0,0.0
2014-02-26 00:00:00+08:00,13.921431541442871,14.38299389538414,13.917881114491998,13.921431541442871,28901,0.0,0.0
2014-02-27 00:00:00+08:00,14.201916694641115,14.237421936542026,13.921429100234356,14.201916694641113,102717,0.0,0.0
2014-03-03 00:00:00+08:00,14.347484588623049,14.347484588623049,14.2019151675796,14.347484588623047,34682,0.0,0.0
2014-03-04 00:00:00+08:00,14.525009155273436,14.553412563497734,14.301329379653158,14.525009155273438,17341,0.0,0.0
2014-03-05 00:00:00+08:00,14.43979740142822,14.698982406064758,14.432696549642886,14.439797401428223,52456,0.0,0.0
2014-03-06 00:00:00+08:00,14.713184356689453,14.908460719918972,14.489504585841658,14.713184356689453,64118,0.0,0.0
2014-03-07 00:00:00+08:00,14.663477897644043,14.769992636956287,14.663477897644043,14.663477897644043,21676,0.0,0.0
2014-03-10 00:00:00+08:00,14.904912948608397,14.904912948608397,14.734489536691582,14.904912948608398,18786,0.0,0.0
2014-03-11 00:00:00+08:00,15.085985183715819,15.263508441276336,14.379439643626323,15.08598518371582,96460,0.0,0.0
2014-03-12 00:00:00+08:00,15.551096916198732,15.977153883351507,14.912010486851656,15.55109691619873,257356,0.0,0.0
2014-03-13 00:00:00+08:00,17.081356048583984,18.426987242102868,15.618558825274343,17.081356048583984,961626,0.0,0.0
2014-03-14 00:00:00+08:00,17.71689224243164,17.93702259717734,17.042301429606656,17.71689224243164,860664,0.0,0.0
2014-03-17 00:00:00+08:00,17.74884796142578,17.752398388258047,17.429305632048788,17.74884796142578,434695,0.0,0.0
2014-03-18 00:00:00+08:00,17.68138885498047,18.103895495914575,17.542920259090533,17.68138885498047,690516,0.0,0.0
2014-03-19 00:00:00+08:00,17.25177764892578,17.716891319376778,17.045850967969198,17.25177764892578,373501,0.0,0.0
2014-03-20 00:00:00+08:00,16.694353103637695,17.255328290403266,16.33220472638441,16.694353103637695,236807,0.0,0.0
2014-03-21 00:00:00+08:00,17.503860473632812,17.5748709507927,16.68725075109179,17.503860473632812,526377,0.0,0.0
2014-03-24 00:00:00+08:00,17.929922103881836,18.2707669649685,17.361844073343665,17.929922103881836,685655,0.0,0.0
2014-03-25 00:00:00+08:00,17.85536003112793,18.107444212678736,17.68493761164151,17.85536003112793,564378,0.0,0.0
2014-03-26 00:00:00+08:00,17.805654525756836,17.96897807208341,17.75239812406537,17.805654525756836,497155,0.0,0.0
2014-03-27 00:00:00+08:00,17.57487106323242,17.819854373009257,17.219822589633356,17.574871063232422,282043,0.0,0.0
2014-03-28 00:00:00+08:00,18.107448276671015,20.415259160617392,18.107448276671015,19.705163955688477,4553790,0.0,0.0
2014-03-31 00:00:00+08:00,19.172587085429594,19.98919684841298,18.46249206484318,19.52763557434082,3469354,0.0,0.0
2014-04-01 00:00:00+08:00,19.88268520407003,31.9543161356528,19.88268520407003,28.048789978027344,5427914,0.0,0.0
2014-04-02 00:00:00+08:00,26.38006093310609,26.877128446305,24.1432590809471,25.208402633666992,2734952,0.0,0.0
2014-04-03 00:00:00+08:00,25.279415701935374,26.202538381924178,23.468670694276323,24.498310089111328,2443871,0.0,0.0
2014-04-07 00:00:00+08:00,23.788209963032806,23.788209963032806,22.794076919555664,22.794076919555664,1526318,0.0,0.0
2014-04-08 00:00:00+08:00,22.54554372153184,24.143259048461914,22.54554372153184,24.143259048461914,1393027,0.0,0.0
2014-04-09 00:00:00+08:00,23.96573893012349,24.99537639658573,23.433165127144576,24.320785522460938,1364452,0.0,0.0
2014-04-10 00:00:00+08:00,24.143260408370214,25.740975825294203,24.00124139068161,25.456937789916992,2260518,0.0,0.0
2014-04-11 00:00:00+08:00,25.13739007654472,25.208400554245298,24.533809823651584,24.60481834411621,1338358,0.0,0.0
2014-04-14 00:00:00+08:00,24.249776307100372,25.137394720297987,23.68169825225977,24.498310089111328,1088444,0.0,0.0
2014-04-15 00:00:00+08:00,24.640327709157056,25.563452293769444,24.640327709157056,24.782346725463867,1289385,0.0,0.0
2014-04-16 00:00:00+08:00,24.8533507491431,25.03087595526885,24.32077904523754,24.42729377746582,723992,0.0,0.0
2014-04-17 00:00:00+08:00,24.74683756048876,24.74683756048876,24.214265823364254,24.214265823364258,426302,0.0,0.0
2014-04-18 00:00:00+08:00,24.320778666400326,24.320778666400326,23.61068372466579,23.752702713012695,508713,0.0,0.0
2014-04-21 00:00:00+08:00,23.68169759406226,23.823716614516123,23.255640532700667,23.5396785736084,293354,0.0,0.0
2014-04-22 00:00:00+08:00,23.539672969223396,24.28527411701877,23.539672969223396,23.61068344116211,355493,0.0,0.0
2014-04-23 00:00:00+08:00,23.610688457762596,23.71720320968412,22.36801961407182,22.652057647705078,638760,0.0,0.0
2014-04-24 00:00:00+08:00,22.65205712869568,22.68756335001347,21.728934519156503,21.835447311401367,523124,0.0,0.0
2014-04-25 00:00:00+08:00,21.586909596573,21.657920068972956,20.308738708496097,20.308738708496094,544800,0.0,0.0
2014-04-28 00:00:00+08:00,20.060211733825508,20.16672454237407,19.243601791534388,19.811677932739258,338188,0.0,0.0
2014-04-29 00:00:00+08:00,19.918188137947165,20.592778890479085,19.918188137947165,20.450759887695312,219726,0.0,0.0
2014-04-30 00:00:00+08:00,20.557278201603175,20.557278201603175,19.70516395568848,19.705163955688477,219654,0.0,0.0
2014-05-02 00:00:00+08:00,19.70516024485221,20.308742523303792,19.70516024485221,19.77617073059082,190759,0.0,0.0
2014-05-05 00:00:00+08:00,19.989198786729574,20.060209274291992,19.740665016115447,20.060209274291992,162139,0.0,0.0
2014-05-06 00:00:00+08:00,20.16672206978128,20.30874304490612,19.953694521566476,20.060209274291992,260261,0.0,0.0
2014-05-07 00:00:00+08:00,20.16671783193607,20.16671783193607,19.70515661009987,19.84717559814453,215319,0.0,0.0
2014-05-08 00:00:00+08:00,19.847180264354893,20.557275371526515,19.740665508970082,20.344247817993164,393382,0.0,0.0
2014-05-09 00:00:00+08:00,20.415253625148516,20.45075984369508,19.882681876546208,19.918188095092773,219681,0.0,0.0
2014-05-12 00:00:00+08:00,19.918188324972355,19.953692586692668,19.49212935538447,19.52763557434082,134762,0.0,0.0
2014-05-13 00:00:00+08:00,19.705159971715098,19.77617045646942,18.35597837650834,18.569007873535156,280348,0.0,0.0
2014-05-14 00:00:00+08:00,18.569009181898867,18.60451344815957,18.142950157825318,18.213960647583008,277747,0.0,0.0
2014-05-15 00:00:00+08:00,18.320472660003812,19.172588714339636,18.320472660003812,18.853046417236328,205420,0.0,0.0
2014-05-16 00:00:00+08:00,19.17258548748906,19.17258548748906,18.569005259605053,18.675518035888672,171990,0.0,0.0
2014-05-19 00:00:00+08:00,18.74653104331278,18.888550054780318,18.462493020377696,18.497997283935547,180753,0.0,0.0
2014-05-20 00:00:00+08:00,18.78203541332582,18.817539677084905,18.569007873535156,18.569007873535156,80283,0.0,0.0
2014-05-21 00:00:00+08:00,18.74653268810804,19.31460878382042,18.74653268810804,18.888551712036133,241472,0.0,0.0
2014-05-22 00:00:00+08:00,18.995060837137032,19.52763250826564,18.81753564193701,19.421117782592773,267342,0.0,0.0
2014-05-23 00:00:00+08:00,19.45662767154859,19.527638161633707,18.99506633632237,19.350112915039062,229946,0.0,0.0
2014-05-26 00:00:00+08:00,19.385616570223537,19.705158840178413,19.385616570223537,19.52763557434082,131510,0.0,0.0
2014-05-27 00:00:00+08:00,19.52763614601724,20.87681770324707,19.52763614601724,20.87681770324707,616378,0.0,0.0
2014-05-28 00:00:00+08:00,21.693429151746646,22.332515716552734,21.44489537892004,22.332515716552734,611852,0.0,0.0
2014-05-29 00:00:00+08:00,23.07811514896287,23.07811514896287,21.657923116263664,21.870952606201172,867307,0.0,0.0
2014-05-30 00:00:00+08:00,22.08397964915831,22.08397964915831,21.48039936978077,21.586912155151367,278917,0.0,0.0
2014-06-03 00:00:00+08:00,21.977463403716673,21.977463403716673,21.23186417092692,21.33837890625,218209,0.0,0.0
2014-06-04 00:00:00+08:00,21.33838315199597,21.51590644136604,20.983334616019533,21.01883888244629,205203,0.0,0.0
2014-06-05 00:00:00+08:00,20.91232299039596,22.190496084717626,20.876818725897078,21.977466583251953,377458,0.0,0.0
2014-06-06 00:00:00+08:00,21.941960606404415,21.941960606404415,21.054340362548828,21.054340362548828,261877,0.0,0.0
2014-06-09 00:00:00+08:00,21.48040059775935,21.48040059775935,21.125352087852043,21.23186683654785,99711,0.0,0.0
2014-06-10 00:00:00+08:00,21.302875622765367,21.622419872731466,20.805808094308883,20.8413143157959,164740,0.0,0.0
2014-06-11 00:00:00+08:00,20.841315593076217,21.196362171816357,20.841315593076217,21.01883888244629,112718,0.0,0.0
2014-06-12 00:00:00+08:00,20.947827108548424,20.947827108548424,20.805808094308883,20.8413143157959,127168,0.0,0.0
2014-06-13 00:00:00+08:00,20.770301545616515,20.94782480458183,20.628282546997067,20.62828254699707,141619,0.0,0.0
2014-06-16 00:00:00+08:00,20.80580886989381,20.80580886989381,20.55727509640089,20.734800338745117,101156,0.0,0.0
2014-06-17 00:00:00+08:00,20.876816296943545,22.15498924255371,20.876816296943545,22.15498924255371,445304,0.0,0.0
2014-06-18 00:00:00+08:00,22.72306180369508,22.971595503187466,22.0129669174566,22.368013381958008,1021681,0.0,0.0
2014-06-19 00:00:00+08:00,22.368019845364287,22.368019845364287,21.693429019200757,21.72893524169922,248556,0.0,0.0
2014-06-20 00:00:00+08:00,21.7289351395264,21.94196268733432,21.58691416467282,21.65792465209961,180636,0.0,0.0
2014-06-23 00:00:00+08:00,21.657924965727556,21.657924965727556,20.202228546142578,20.202228546142578,319871,0.0,0.0
2014-06-24 00:00:00+08:00,20.202228796558842,20.699296350197113,20.060209775124516,20.344247817993164,125824,0.0,0.0
2014-06-25 00:00:00+08:00,20.308742930282456,20.947827528556065,20.308742930282456,20.521770477294922,141622,0.0,0.0
2014-06-26 00:00:00+08:00,20.521769339112303,20.87681784075626,20.237731320691584,20.415254592895508,177782,0.0,0.0
2014-06-27 00:00:00+08:00,20.55727195739746,20.699292912481376,20.486263437091452,20.55727195739746,111286,0.0,0.0
2014-06-30 00:00:00+08:00,20.628283421396738,20.734798164185303,20.557272940459015,20.5927791595459,151734,0.0,0.0
2014-07-01 00:00:00+08:00,20.592781715793137,21.409391583147084,20.592781715793137,20.94782829284668,358501,0.0,0.0
2014-07-02 00:00:00+08:00,20.947824752560084,21.168328938721665,20.39656631306697,20.580318450927734,240261,1.383993,0.0
2014-07-03 00:00:00+08:00,20.58032331064897,21.425588206590543,20.58032331064897,21.021331787109375,140298,0.0,0.0
2014-07-04 00:00:00+08:00,21.315331067229415,21.315331067229415,20.8008226498116,21.058076858520508,96965,0.0,0.0
2014-07-07 00:00:00+08:00,21.278585052172502,21.278585052172502,20.80082854761633,20.87432861328125,85260,0.0,0.0
2014-07-08 00:00:00+08:00,20.87432325848019,20.947825331201336,20.800823211669922,20.800823211669922,46243,0.0,0.0
2014-07-09 00:00:00+08:00,20.7273243272047,20.764074352670697,19.47780320225084,20.28631591796875,144509,0.0,0.0
2014-07-10 00:00:00+08:00,20.21281596085294,20.433318140583363,19.84530962675423,20.102563858032227,95376,0.0,0.0
2014-07-11 00:00:00+08:00,20.029063362027955,20.249567585076925,19.47780483031669,19.514556884765625,150419,0.0,0.0
2014-07-14 00:00:00+08:00,19.77180689303031,19.77180689303031,18.853044127158345,19.4043025970459,70809,0.0,0.0
2014-07-15 00:00:00+08:00,19.404303639401448,19.551305770874023,19.1102993764563,19.551305770874023,99711,0.0,0.0
2014-07-16 00:00:00+08:00,19.29405300018501,19.477805172008537,19.147050857543945,19.147050857543945,92486,0.0,0.0
2014-07-17 00:00:00+08:00,19.147050857543945,19.330803029367473,19.11030082836148,19.147050857543945,79480,0.0,0.0
2014-07-18 00:00:00+08:00,19.147048095241413,19.477802361988815,19.073546021569264,19.294050216674805,78035,0.0,0.0
2014-07-21 00:00:00+08:00,19.330801464789147,20.54357056285335,19.330801464789147,19.735057830810547,108382,0.0,0.0
2014-07-22 00:00:00+08:00,20.065814144415896,20.065814144415896,19.73505783081055,19.735057830810547,57803,0.0,0.0
2014-07-23 00:00:00+08:00,19.73505783081055,19.73505783081055,19.73505783081055,19.735057830810547,0,0.0,0.0
2014-07-24 00:00:00+08:00,19.845312118530273,19.992314265445135,19.845312118530273,19.845312118530273,65029,0.0,0.0
2014-07-25 00:00:00+08:00,19.845307727630804,19.91880979778107,19.588053520971094,19.62480354309082,63584,0.0,0.0
2014-07-28 00:00:00+08:00,19.477801991697007,19.66155615942858,19.257299826694332,19.367549896240234,33237,0.0,0.0
2014-07-29 00:00:00+08:00,19.551304435660967,19.551304435660967,19.220550168913565,19.294050216674805,62139,0.0,0.0
2014-07-30 00:00:00+08:00,19.14705036208386,19.477804667989663,19.14705036208386,19.220552444458008,18793,0.0,0.0
2014-07-31 00:00:00+08:00,19.147052247069862,19.22055433668013,18.853047940451468,18.92654800415039,53592,0.0,0.0
2014-08-01 00:00:00+08:00,18.926545231507124,19.147049442123837,18.926545231507124,19.07354736328125,24566,0.0,0.0
2014-08-04 00:00:00+08:00,19.073548010463067,19.147050091799645,19.073548010463067,19.110300064086914,27500,0.0,0.0
2014-08-05 00:00:00+08:00,19.183800119512373,19.22055217313622,19.073548010463067,19.110300064086914,49133,0.0,0.0
2014-08-06 00:00:00+08:00,19.0735469016756,19.11029895316297,18.485538388809694,18.66929054260254,82494,0.0,0.0
2014-08-07 00:00:00+08:00,18.92654467980368,18.92654467980368,18.1915340423584,18.1915340423584,76600,0.0,0.0
2014-08-08 00:00:00+08:00,18.19153518395073,18.265035239352187,18.11803310263815,18.15478515625,105516,0.0,0.0
2014-08-11 00:00:00+08:00,18.191535838616037,18.559042206582266,17.82402947064981,18.375288009643555,47717,0.0,0.0
2014-08-12 00:00:00+08:00,18.742794377609783,18.742794377609783,18.265035896662567,18.375288009643555,30497,0.0,0.0
2014-08-13 00:00:00+08:00,18.37528619524197,18.37528619524197,18.044531914869342,18.1915340423584,36127,0.0,0.0
2014-08-14 00:00:00+08:00,18.375286969498532,18.375286969498532,18.191534808872422,18.22828483581543,18786,0.0,0.0
2014-08-15 00:00:00+08:00,18.228284379114573,18.228284379114573,17.82402801513672,17.82402801513672,57803,0.0,0.0
2014-08-18 00:00:00+08:00,17.640275550868957,17.640275550868957,16.905263900756836,16.905263900756836,63584,0.0,0.0
2014-08-19 00:00:00+08:00,16.905263900756836,16.978764964472497,16.905263900756836,16.905263900756836,40972,0.0,0.0
2014-08-20 00:00:00+08:00,17.015514088925666,17.75052671307629,17.015514088925666,17.383020401000977,15896,0.0,0.0
2014-08-21 00:00:00+08:00,17.309522498606952,17.309522498606952,17.015518188476562,17.015518188476562,28901,0.0,0.0
2014-08-22 00:00:00+08:00,17.346270012583382,17.456520080566406,17.199265870117667,17.456520080566406,46770,0.0,0.0
2014-08-25 00:00:00+08:00,17.236016094509694,17.27276611328125,17.236016094509694,17.27276611328125,11560,0.0,0.0
2014-08-26 00:00:00+08:00,17.27276934349731,17.713775728961377,17.27276934349731,17.5300235748291,28901,0.0,0.0
2014-08-27 00:00:00+08:00,18.742788314819336,18.742788314819336,18.375282065731543,18.742788314819336,114552,0.0,0.0
2014-08-28 00:00:00+08:00,19.110298254970417,19.110298254970417,18.448787689208984,18.448787689208984,72832,0.0,0.0
2014-08-29 00:00:00+08:00,18.448790475122383,18.559042590383385,18.026159054881234,18.301788330078125,40462,0.0,0.0
2014-09-01 00:00:00+08:00,18.375286969498532,18.375286969498532,17.89753054150622,18.22828483581543,30420,0.0,0.0
2014-09-02 00:00:00+08:00,18.044531741818812,18.044531741818812,17.989404678344727,17.989404678344727,14450,0.0,0.0
2014-09-03 00:00:00+08:00,18.081280140498933,18.099655151367188,17.695398834533187,18.099655151367188,18786,0.0,0.0
2014-09-04 00:00:00+08:00,18.00777816772461,18.044530215569083,17.952653134824104,18.00777816772461,10115,0.0,0.0
2014-09-05 00:00:00+08:00,18.007777686823413,18.33853395312595,18.007777686823413,18.081279754638672,13005,0.0,0.0
2014-09-09 00:00:00+08:00,18.081279754638672,18.26503188531069,18.081279754638672,18.081279754638672,27456,0.0,0.0
2014-09-10 00:00:00+08:00,18.154786418961017,18.228286479474587,18.007782246111354,18.11803436279297,40462,0.0,0.0
2014-09-11 00:00:00+08:00,18.209904962710727,19.036792503725355,18.209904962710727,18.742788314819336,98266,0.0,0.0
2014-09-12 00:00:00+08:00,18.70604328971882,18.70604328971882,18.00778062233524,18.22828483581543,47832,0.0,0.0
2014-09-15 00:00:00+08:00,17.787277989114468,18.044532223092286,17.787277989114468,17.82402801513672,21676,0.0,0.0
2014-09-16 00:00:00+08:00,17.824026493074587,17.8424015045166,17.640274352743603,17.8424015045166,23121,0.0,0.0
2014-09-17 00:00:00+08:00,17.89752960205078,18.007779677092685,17.89752960205078,17.89752960205078,34682,0.0,0.0
2014-09-18 00:00:00+08:00,17.89752753075337,18.17315673828125,17.89752753075337,18.17315673828125,5780,0.0,0.0
2014-09-19 00:00:00+08:00,19.44105529785156,19.44105529785156,19.11030098074949,19.441055297851562,253108,0.0,0.0
2014-09-22 00:00:00+08:00,20.17606564265338,20.80082626170396,19.661559161806576,20.764076232910156,1068168,0.0,0.0
2014-09-23 00:00:00+08:00,19.47780359553229,20.13931419683195,19.330801464789147,19.735057830810547,690755,0.0,0.0
2014-09-24 00:00:00+08:00,19.73505472950552,21.094825744628903,19.73505472950552,21.094825744628906,955061,0.0,0.0
2014-09-25 00:00:00+08:00,21.131581536507166,21.388835801619834,19.66156005859375,19.66156005859375,527459,0.0,0.0
2014-09-26 00:00:00+08:00,19.477802645878405,19.9188110425172,18.926544175990852,19.4043025970459,167630,0.0,0.0
2014-09-29 00:00:00+08:00,19.404306029474657,19.771810390466932,19.183801792150252,19.477806091308594,137283,0.0,0.0
2014-09-30 00:00:00+08:00,19.29405300018501,19.441055142826073,18.963296659809217,19.147050857543945,119942,0.0,0.0
2014-10-01 00:00:00+08:00,19.294050216674805,19.294050216674805,18.742791754821862,19.294050216674805,186561,0.0,0.0
2014-10-02 00:00:00+08:00,19.110301589707834,19.330803799498543,19.000049471856837,19.183801651000977,43352,0.0,0.0
2014-10-03 00:00:00+08:00,19.25730158430407,20.029062271118164,19.25730158430407,20.029062271118164,202349,0.0,0.0
2014-10-06 00:00:00+08:00,20.212816319169757,20.837574869710682,20.17606426697067,20.69057273864746,260472,0.0,0.0
2014-10-07 00:00:00+08:00,20.359815789497297,20.359815789497297,20.029059518396867,20.176061630249023,127312,0.0,0.0
2014-10-08 00:00:00+08:00,20.02906205587526,20.21281623840332,19.698307768782403,20.21281623840332,66618,0.0,0.0
2014-10-09 00:00:00+08:00,20.029063362027955,20.06581541647689,19.330802690254426,19.514556884765625,73699,0.0,0.0
2014-10-13 00:00:00+08:00,19.514555744483644,19.771807955127365,19.036797297764487,19.551305770874023,153181,0.0,0.0
2014-10-14 00:00:00+08:00,19.551306279993646,20.433319091796875,19.551306279993646,20.433319091796875,187862,0.0,0.0
2014-10-15 00:00:00+08:00,20.800824678571153,21.82984161376953,20.800824678571153,21.82984161376953,993285,0.0,0.0
2014-10-16 00:00:00+08:00,21.793086835536766,21.793086835536766,20.323065720455133,20.83757209777832,833963,0.0,0.0
2014-10-17 00:00:00+08:00,20.83757380838916,20.83757380838916,19.4043025970459,19.4043025970459,581094,0.0,0.0
2014-10-20 00:00:00+08:00,19.477802645878405,19.77180689303031,18.412035730519555,19.4043025970459,217248,0.0,0.0
2014-10-21 00:00:00+08:00,19.147050857543945,19.477805172008537,19.11030082836148,19.147050857543945,89653,0.0,0.0
2014-10-22 00:00:00+08:00,19.294052661716652,19.808561164890147,19.25730263317888,19.514556884765625,88150,0.0,0.0
2014-10-23 00:00:00+08:00,19.404302897408257,19.404302897408257,19.03679656982422,19.03679656982422,82370,0.0,0.0
2014-10-24 00:00:00+08:00,19.110298645705413,19.18379869567564,18.816294394002572,19.03679656982422,104046,0.0,0.0
2014-10-27 00:00:00+08:00,19.110299948971658,19.110299948971658,18.301787188695165,18.338537216186523,132948,0.0,0.0
2014-10-28 00:00:00+08:00,18.375288009643555,18.66929229365206,18.2282858676393,18.375288009643555,150289,0.0,0.0
2014-10-29 00:00:00+08:00,18.559039609507852,19.477802361988815,18.559039609507852,19.294050216674805,68208,0.0,0.0
2014-10-30 00:00:00+08:00,19.183798398726502,19.4043025970459,18.926544175990852,19.4043025970459,33237,0.0,0.0
2014-10-31 00:00:00+08:00,19.44105529785156,19.551307412189324,18.963296811024996,19.441055297851562,57803,0.0,0.0
2014-11-03 00:00:00+08:00,19.29405222856168,19.330802256274406,19.110300064086914,19.110300064086914,60838,0.0,0.0
2014-11-04 00:00:00+08:00,19.11029941565807,19.220551520966428,19.07354736328125,19.07354736328125,19075,0.0,0.0
2014-11-05 00:00:00+08:00,18.816297292712697,19.183801651000977,18.779545236154846,19.183801651000977,37572,0.0,0.0
2014-11-06 00:00:00+08:00,19.22054903763044,19.808557488755,19.22054903763044,19.330799102783203,118497,0.0,0.0
2014-11-07 00:00:00+08:00,19.514554411780345,19.514554411780345,19.147048095241413,19.294050216674805,54913,0.0,0.0
2014-11-10 00:00:00+08:00,18.92654587370103,19.367552283987138,18.92654587370103,19.110300064086914,59393,0.0,0.0
2014-11-11 00:00:00+08:00,19.294049353421148,19.40430144604102,18.963293075561523,18.963293075561523,27531,0.0,0.0
2014-11-12 00:00:00+08:00,19.073542520860972,19.073542520860972,18.742788314819336,18.742788314819336,70809,0.0,0.0
2014-11-13 00:00:00+08:00,18.742788314819336,18.926540426407964,18.742788314819336,18.742788314819336,37572,0.0,0.0
2014-11-14 00:00:00+08:00,18.779538331954953,18.853040392136727,18.742788314819336,18.742788314819336,27896,0.0,0.0
2014-11-17 00:00:00+08:00,18.963299068052642,19.036801161663167,18.595794677734375,18.595794677734375,60693,0.0,0.0
2014-11-18 00:00:00+08:00,18.559040374036535,18.559040374036535,18.026156902172083,18.1915340423584,66477,0.0,0.0
2014-11-19 00:00:00+08:00,18.007779863563833,18.448788271941996,18.007779863563833,18.1915340423584,15896,0.0,0.0
2014-11-20 00:00:00+08:00,18.265035896662567,18.41203803866682,18.265035896662567,18.375288009643555,26011,0.0,0.0
2014-11-21 00:00:00+08:00,18.63254165649414,18.742793765876687,18.485539519287787,18.63254165649414,31792,0.0,0.0
2014-11-24 00:00:00+08:00,18.559041600846527,18.63254165649414,18.448789491463984,18.63254165649414,20231,0.0,0.0
2014-11-25 00:00:00+08:00,18.632542192132302,18.853046417236328,18.595792163252028,18.853046417236328,5780,0.0,0.0
2014-11-26 00:00:00+08:00,18.081277876825524,18.742788314819336,18.081277876825524,18.742788314819336,47832,0.0,0.0
2014-11-27 00:00:00+08:00,18.74279127255094,18.74279127255094,18.41203498840332,18.41203498840332,82370,0.0,0.0
2014-11-28 00:00:00+08:00,18.448787037249183,18.522287083119192,18.41203498840332,18.41203498840332,24581,0.0,0.0
2014-12-01 00:00:00+08:00,18.15478419897736,18.595790585865903,18.15478419897736,18.485538482666016,43352,0.0,0.0
2014-12-02 00:00:00+08:00,18.448787689208984,18.448787689208984,18.448787689208984,18.448787689208984,66474,0.0,0.0
2014-12-03 00:00:00+08:00,18.779544830322266,18.779544830322266,18.779544830322266,18.779544830322266,144509,0.0,0.0
2014-12-04 00:00:00+08:00,18.816293716430664,18.816293716430664,18.816293716430664,18.816293716430664,92486,0.0,0.0
2014-12-05 00:00:00+08:00,18.963293015381687,19.808557705511078,18.963293015381687,19.62480354309082,164740,0.0,0.0
2014-12-08 00:00:00+08:00,19.62480369915928,19.661555747482094,19.110297307659003,19.257299423217773,85549,0.0,0.0
2014-12-09 00:00:00+08:00,19.183800886726413,19.36755305854994,19.11030082836148,19.147050857543945,70809,0.0,0.0
2014-12-10 00:00:00+08:00,19.110296946566887,19.845307510472587,19.110296946566887,19.330799102783203,80925,0.0,0.0
2014-12-11 00:00:00+08:00,19.330799102783203,19.477801215564345,19.330799102783203,19.330799102783203,44797,0.0,0.0
2014-12-12 00:00:00+08:00,19.36755305854994,19.441055142826073,19.147050857543945,19.147050857543945,78035,0.0,0.0
2014-12-15 00:00:00+08:00,18.742793073267226,19.147049442123837,18.742793073267226,19.07354736328125,56358,0.0,0.0
2014-12-16 00:00:00+08:00,18.85304581827557,19.330802256274406,18.85304581827557,19.110300064086914,57803,0.0,0.0
2014-12-17 00:00:00+08:00,19.11029941565807,19.330801600363735,19.03679733681548,19.07354736328125,41907,0.0,0.0
2014-12-18 00:00:00+08:00,19.073545168181397,19.257299331184793,18.963293075561523,18.963293075561523,62182,0.0,0.0
2014-12-19 00:00:00+08:00,19.14704856989017,19.330800719759335,18.559040069580078,18.559040069580078,53868,0.0,0.0
2014-12-22 00:00:00+08:00,18.632542685001468,18.779544830322266,18.559042625296687,18.779544830322266,34682,0.0,0.0
2014-12-23 00:00:00+08:00,18.77954329711225,18.926545430431418,18.559041110089034,18.706043243408203,63584,0.0,0.0
2014-12-24 00:00:00+08:00,18.706043243408203,18.742793270260226,18.595791136941056,18.706043243408203,26011,0.0,0.0
2014-12-25 00:00:00+08:00,18.5957904914498,18.74279261966628,18.5957904914498,18.66929054260254,18786,0.0,0.0
2014-12-26 00:00:00+08:00,18.74279261966628,18.74279261966628,18.485538388809694,18.66929054260254,50578,0.0,0.0
2014-12-29 00:00:00+08:00,18.926545781533683,20.24956703186035,18.926545781533683,20.24956703186035,371146,0.0,0.0
2014-12-30 00:00:00+08:00,20.947826890782462,21.021328968975894,19.7718078210648,20.21281623840332,465363,0.0,0.0
2014-12-31 00:00:00+08:00,20.029063523994154,20.176065665245154,19.661559183822238,19.808561325073242,95376,0.0,0.0
2015-01-05 00:00:00+08:00,19.661558645901202,19.808560783130368,19.514556508672033,19.588056564331055,62428,0.0,0.0
2015-01-06 00:00:00+08:00,19.29405079654195,19.367550846512174,18.816294394002572,19.03679656982422,106936,0.0,0.0
2015-01-07 00:00:00+08:00,19.03679656982422,19.073546594809333,18.92654446895791,19.03679656982422,54913,0.0,0.0
2015-01-08 00:00:00+08:00,19.036797982750336,19.29405222856168,19.036797982750336,19.110300064086914,67919,0.0,0.0
2015-01-09 00:00:00+08:00,19.183801651000977,19.367553830145116,19.147051620354404,19.183801651000977,43352,0.0,0.0
2015-01-12 00:00:00+08:00,19.661557875956216,19.99231216529175,19.551305770874023,19.551305770874023,75144,0.0,0.0
2015-01-13 00:00:00+08:00,19.661556533213737,19.661556533213737,19.183798119122034,19.294050216674805,63584,0.0,0.0
2015-01-14 00:00:00+08:00,19.147050857543945,19.220552941820078,19.11030082836148,19.147050857543945,47688,0.0,0.0
2015-01-15 00:00:00+08:00,19.147050091799645,19.183800119512373,18.92654587370103,19.110300064086914,100000,0.0,0.0
2015-01-16 00:00:00+08:00,18.926546474996883,18.963296503877157,18.853046417236328,18.853046417236328,50578,0.0,0.0
2015-01-19 00:00:00+08:00,19.000042486589738,19.036792503725355,18.742788314819336,18.742788314819336,41907,0.0,0.0
2015-01-20 00:00:00+08:00,18.74279100580667,19.29404944562976,18.74279100580667,19.257299423217773,33237,0.0,0.0
2015-01-21 00:00:00+08:00,19.147050091799645,19.22055217313622,19.110300064086914,19.110300064086914,26011,0.0,0.0
2015-01-22 00:00:00+08:00,19.55130365433531,19.55130365433531,19.00004521451222,19.257299423217773,82370,0.0,0.0
2015-01-23 00:00:00+08:00,19.477803692182214,19.735057928736982,19.36755158710002,19.551305770874023,110116,0.0,0.0
2015-01-26 00:00:00+08:00,19.551306750363814,19.551306750363814,19.18380039031536,19.220552444458008,57803,0.0,0.0
2015-01-27 00:00:00+08:00,19.22055074657172,19.257300771556835,19.03679656982422,19.03679656982422,33237,0.0,0.0
2015-01-28 00:00:00+08:00,18.81629335010354,18.926543418942373,18.81629335010354,18.889793395996094,39017,0.0,0.0
2015-01-29 00:00:00+08:00,18.669288845849067,19.18379726080127,18.669288845849067,18.963293075561523,78035,0.0,0.0
2015-01-30 00:00:00+08:00,18.926540426407964,18.926540426407964,18.742788314819336,18.742788314819336,76806,0.0,0.0
2015-02-02 00:00:00+08:00,18.59579009437172,18.669290143955003,18.559040069580078,18.559040069580078,53468,0.0,0.0
2015-02-03 00:00:00+08:00,18.779543736938997,19.477804393036443,18.742793709226266,19.110300064086914,86705,0.0,0.0
2015-02-04 00:00:00+08:00,19.110297585495477,19.110297585495477,18.853043373049818,18.889793395996094,24638,0.0,0.0
2015-02-05 00:00:00+08:00,18.85304537672737,18.85304537672737,18.706043243408203,18.706043243408203,15896,0.0,0.0
2015-02-06 00:00:00+08:00,18.779538331954953,18.779538331954953,18.742788314819336,18.742788314819336,16286,0.0,0.0
2015-02-09 00:00:00+08:00,18.926540426407964,18.926540426407964,18.742788314819336,18.742788314819336,15896,0.0,0.0
2015-02-10 00:00:00+08:00,19.11029854509853,19.11029854509853,18.559040069580078,18.559040069580078,31792,0.0,0.0
2015-02-11 00:00:00+08:00,18.669291684317947,18.742793765876687,18.63254165649414,18.63254165649414,11849,0.0,0.0
2015-02-12 00:00:00+08:00,18.632539177835067,18.632539177835067,18.375284965468314,18.41203498840332,26011,0.0,0.0
2015-02-13 00:00:00+08:00,18.41203803866682,18.44879009360128,18.375288009643555,18.375288009643555,34682,0.0,0.0
2015-02-24 00:00:00+08:00,18.889795903083037,18.889795903083037,18.63254165649414,18.63254165649414,10724,0.0,0.0
2015-02-25 00:00:00+08:00,18.706041910666816,18.816294009278877,18.412035639064346,18.448787689208984,26011,0.0,0.0
2015-02-26 00:00:00+08:00,18.448788456903056,18.595790585865903,18.375286379466125,18.485538482666016,66474,0.0,0.0
2015-03-02 00:00:00+08:00,18.48553706018419,18.48553706018419,18.41203498840332,18.41203498840332,10374,0.0,0.0
2015-03-03 00:00:00+08:00,18.41203498840332,18.48553706018419,18.41203498840332,18.41203498840332,26011,0.0,0.0
2015-03-04 00:00:00+08:00,18.375284965468314,18.48553706018419,18.375284965468314,18.41203498840332,52023,0.0,0.0
2015-03-05 00:00:00+08:00,18.41203743772905,18.63254165649414,18.338537382081437,18.63254165649414,31792,0.0,0.0
2015-03-06 00:00:00+08:00,18.41203845406465,18.779544830322266,18.37528842421226,18.779544830322266,23121,0.0,0.0
2015-03-09 00:00:00+08:00,18.706042689065793,18.706042689065793,18.448788456903056,18.485538482666016,17341,0.0,0.0
2015-03-10 00:00:00+08:00,18.485537425742226,19.073545907973813,18.485537425742226,18.816293716430664,83815,0.0,0.0
2015-03-11 00:00:00+08:00,18.742793765876687,18.742793765876687,18.559041600846527,18.63254165649414,60693,0.0,0.0
2015-03-12 00:00:00+08:00,18.632540967958867,19.294051573897967,18.632540967958867,19.07354736328125,128613,0.0,0.0
2015-03-13 00:00:00+08:00,19.11030049311662,20.102565445014665,19.11030049311662,19.514556884765625,238440,0.0,0.0
2015-03-16 00:00:00+08:00,19.514556884765625,19.514556884765625,19.514556884765625,19.514556884765625,0,0.0,0.0
2015-03-17 00:00:00+08:00,19.477802361988815,19.661556533213737,19.294050216674805,19.294050216674805,85260,0.0,0.0
2015-03-18 00:00:00+08:00,19.477801215564345,19.477801215564345,19.330799102783203,19.330799102783203,57803,0.0,0.0
2015-03-19 00:00:00+08:00,19.257303785350636,20.39657094547373,19.257303785350636,19.955564498901367,242775,0.0,0.0
2015-03-20 00:00:00+08:00,19.955559287274603,20.58031775027801,19.66155506634232,20.35981559753418,342501,0.0,0.0
2015-03-23 00:00:00+08:00,20.35981886553751,20.43331891961287,20.029062544465134,20.139314651489258,106947,0.0,0.0
2015-03-24 00:00:00+08:00,20.139315362456166,20.139315362456166,19.624806862120902,19.69830894470215,76589,0.0,0.0
2015-03-25 00:00:00+08:00,19.845311083953487,19.918813166534733,19.477804722869564,19.69830894470215,99744,0.0,0.0
2015-03-26 00:00:00+08:00,19.661558916367103,19.845311083953487,19.588056833785856,19.69830894470215,31792,0.0,0.0
2015-03-27 00:00:00+08:00,19.69830618261055,19.84530830124929,19.367549896240234,19.367549896240234,102601,0.0,0.0
2015-03-30 00:00:00+08:00,19.36755397264639,19.8085624472952,19.22055384897852,19.477806091308594,102601,0.0,0.0
2015-03-31 00:00:00+08:00,19.477804722869564,20.029063251539874,19.477804722869564,19.69830894470215,73699,0.0,0.0
2015-04-01 00:00:00+08:00,19.771804809570312,20.029059005197723,19.624802701484754,19.771804809570312,52023,0.0,0.0
2015-04-02 00:00:00+08:00,19.661557778394496,19.845309935345664,19.47780359553229,19.735057830810547,83822,0.0,0.0
2015-04-07 00:00:00+08:00,19.84530897123408,20.727323738754517,19.735056872055157,20.543569564819336,239885,0.0,0.0
2015-04-08 00:00:00+08:00,20.54357234921415,20.874326665669113,20.212818032759184,20.396570205688477,151734,0.0,0.0
2015-04-09 00:00:00+08:00,20.4700730328581,20.50682306359464,19.955564498901367,19.955564498901367,143065,0.0,0.0
2015-04-10 00:00:00+08:00,20.02906456037445,20.02906456037445,19.661560201186457,19.955564498901367,127168,0.0,0.0
2015-04-13 00:00:00+08:00,19.9555626585479,20.50682117240269,19.9555626585479,20.433319091796875,147836,0.0,0.0
2015-04-14 00:00:00+08:00,20.35981973158722,21.315334656589425,20.24956761987328,20.94782829284668,202674,0.0,0.0
2015-04-15 00:00:00+08:00,20.80082544300377,20.80082544300377,20.396569064449515,20.433319091796875,121457,0.0,0.0
2015-04-16 00:00:00+08:00,20.24956761987328,21.278582602077332,20.24956761987328,20.94782829284668,154626,0.0,0.0
2015-04-17 00:00:00+08:00,20.947824141884894,22.381097258330428,20.690569940832855,21.499082565307617,639092,0.0,0.0
2015-04-20 00:00:00+08:00,21.315333315099426,21.315333315099426,20.470070555008153,20.69057273864746,209538,0.0,0.0
2015-04-21 00:00:00+08:00,20.83757807111565,20.83757807111565,20.396571610171463,20.470073699951172,140175,0.0,0.0
2015-04-22 00:00:00+08:00,20.580319299166195,20.911075592041012,20.580319299166195,20.911075592041016,101590,0.0,0.0
2015-04-23 00:00:00+08:00,20.83757524671074,20.94782735348063,20.580321006218018,20.61707305908203,89931,0.0,0.0
2015-04-24 00:00:00+08:00,20.764074352670697,20.764074352670697,19.992311662418782,20.28631591796875,147399,0.0,0.0
2015-04-27 00:00:00+08:00,20.28631591796875,20.28631591796875,20.065813739261774,20.28631591796875,123194,0.0,0.0
2015-04-28 00:00:00+08:00,20.91107648044568,20.91107648044568,20.249565892502755,20.28631591796875,56358,0.0,0.0
2015-04-29 00:00:00+08:00,20.212816455620942,20.212816455620942,19.955562218045895,20.029062271118164,91040,0.0,0.0
2015-04-30 00:00:00+08:00,20.02906441511647,20.02906441511647,19.66156005859375,19.66156005859375,167727,0.0,0.0
2015-05-04 00:00:00+08:00,19.66155506634232,20.35981559753418,19.551302977015027,20.35981559753418,75182,0.0,0.0
2015-05-05 00:00:00+08:00,20.359819474052102,20.470071584371446,19.882061004638672,19.882061004638672,49133,0.0,0.0
2015-05-06 00:00:00+08:00,19.882057406544714,20.176061630249023,19.771805316177904,20.176061630249023,52023,0.0,0.0
2015-05-07 00:00:00+08:00,20.065815197141287,20.065815197141287,19.845310976502606,19.882061004638672,60693,0.0,0.0
2015-05-08 00:00:00+08:00,20.02906456037445,20.139316678495362,19.955564498901367,19.955564498901367,73699,0.0,0.0
2015-05-11 00:00:00+08:00,19.84531074789709,19.84531074789709,18.889795845988303,19.110300064086914,228613,0.0,0.0
2015-05-12 00:00:00+08:00,19.11030082836148,19.25730297100254,19.11030082836148,19.147050857543945,52023,0.0,0.0
2015-05-13 00:00:00+08:00,19.110297872774265,19.110297872774265,18.963293726957573,19.000045776367188,72254,0.0,0.0
2015-05-14 00:00:00+08:00,19.00004795503761,19.110300064086914,18.92654587370103,19.110300064086914,65030,0.0,0.0
2015-05-15 00:00:00+08:00,19.000048558668617,19.07354861642917,18.853046417236328,18.853046417236328,70809,0.0,0.0
2015-05-18 00:00:00+08:00,18.85304587525923,18.889795903083037,18.595791628670334,18.63254165649414,128613,0.0,0.0
2015-05-19 00:00:00+08:00,18.63254051702617,18.74279261966628,18.63254051702617,18.66929054260254,73699,0.0,0.0
2015-05-20 00:00:00+08:00,18.816296886085894,18.926546975643067,18.669292714853857,18.779544830322266,86722,0.0,0.0
2015-05-21 00:00:00+08:00,18.742794800469877,18.926546975643067,18.742794800469877,18.779544830322266,43688,0.0,0.0
2015-05-22 00:00:00+08:00,18.77954166685802,18.889793763754167,18.74279164319627,18.816293716430664,52052,0.0,0.0
2015-05-25 00:00:00+08:00,18.853040392136727,18.853040392136727,18.669286254637562,18.742788314819336,91040,0.0,0.0
2015-05-26 00:00:00+08:00,18.816295349875347,18.816295349875347,18.669291190645104,18.706043243408203,47688,0.0,0.0
2015-05-27 00:00:00+08:00,18.632536237501945,18.779538331954953,18.559036203230708,18.742788314819336,44797,0.0,0.0
2015-05-28 00:00:00+08:00,18.37528532884608,19.036795884312063,18.37528532884608,18.816293716430664,82370,0.0,0.0
2015-05-29 00:00:00+08:00,18.742793765876687,18.816295847435423,18.522289547111594,18.63254165649414,100016,0.0,0.0
2015-06-01 00:00:00+08:00,18.742792219449242,18.742792219449242,18.52228801887748,18.559040069580078,40462,0.0,0.0
2015-06-02 00:00:00+08:00,18.559040069580078,18.669290143955003,18.52228801887748,18.559040069580078,50883,0.0,0.0
2015-06-03 00:00:00+08:00,18.559043240453487,18.559043240453487,18.44879112133067,18.52229118347168,36127,0.0,0.0
2015-06-04 00:00:00+08:00,18.59579325236229,18.59579325236229,18.04453468322754,18.04453468322754,62548,0.0,0.0
2015-06-05 00:00:00+08:00,18.081282249114537,18.081282249114537,17.23601949513658,17.82402801513672,88150,0.0,0.0
2015-06-08 00:00:00+08:00,17.3462716935987,17.82402811222337,17.3462716935987,17.640275955200195,42166,0.0,0.0
2015-06-09 00:00:00+08:00,17.5667734741978,17.640275550868957,16.905263900756836,16.905263900756836,114162,0.0,0.0
2015-06-10 00:00:00+08:00,17.272767941350526,17.677024268354135,17.272767941350526,17.456520080566406,24566,0.0,0.0
2015-06-11 00:00:00+08:00,18.742795205508273,19.183801651000977,18.559043026364137,19.183801651000977,193642,0.0,0.0
2015-06-12 00:00:00+08:00,18.63254160017696,19.110300064086914,18.375287354365618,19.110300064086914,114162,0.0,0.0
2015-06-15 00:00:00+08:00,18.816295790562844,19.110300064086914,18.816295790562844,19.110300064086914,49133,0.0,0.0
2015-06-16 00:00:00+08:00,19.55130431922015,19.55130431922015,18.816293716430664,18.816293716430664,33237,0.0,0.0
2015-06-17 00:00:00+08:00,18.92654587370103,19.367552283987138,18.92654587370103,19.110300064086914,43352,0.0,0.0
2015-06-18 00:00:00+08:00,18.963298035999852,19.147052247069862,18.70604578714227,18.92654800415039,47731,0.0,0.0
2015-06-22 00:00:00+08:00,19.110298071360795,19.294050216674805,19.110298071360795,19.294050216674805,39017,0.0,0.0
2015-06-23 00:00:00+08:00,19.330801464789147,19.992312066088807,19.330801464789147,19.735057830810547,180636,0.0,0.0
2015-06-24 00:00:00+08:00,19.845309720564114,20.13931397886845,19.735057617222232,19.918811798095703,102601,0.0,0.0
2015-06-25 00:00:00+08:00,19.918813166534733,19.918813166534733,19.69830894470215,19.69830894470215,62139,0.0,0.0
2015-06-26 00:00:00+08:00,19.73505870156022,19.808560783130368,19.330802317702233,19.588056564331055,53468,0.0,0.0
2015-06-29 00:00:00+08:00,19.29404929219166,19.624803543090824,19.07354510765168,19.62480354309082,75144,0.0,0.0
2015-06-30 00:00:00+08:00,19.294052661716652,19.62480697037895,19.294052661716652,19.514556884765625,44797,0.0,0.0
2015-07-01 00:00:00+08:00,19.8085618422143,21.46233749389648,19.8085618422143,21.462337493896484,1036917,0.0,0.0
2015-07-02 00:00:00+08:00,22.96910770908094,23.593868255615234,22.93235768455273,23.593868255615234,792030,0.0,0.0
2015-07-03 00:00:00+08:00,25.35789693883916,25.39464696506159,23.777621500342317,24.696386337280273,1286821,0.0,0.0
2015-07-06 00:00:00+08:00,24.2921313904878,27.15867614746094,23.96137505742677,27.158676147460938,1849438,0.0,0.0
2015-07-07 00:00:00+08:00,27.415926118464455,27.56292823490867,25.7253987404897,26.092905044555664,1188783,0.0,0.0
2015-07-08 00:00:00+08:00,24.62288482916037,25.1373933118339,23.483617782592773,23.483617782592773,1329623,0.0,0.0
2015-07-09 00:00:00+08:00,21.682839703454977,24.990393033475133,21.16833320848405,24.622886657714844,804219,0.0,0.0
2015-07-10 00:00:00+08:00,24.62288665771484,24.62288665771484,24.62288665771484,24.622886657714844,0,0.0,0.0
2015-07-13 00:00:00+08:00,23.446863149061866,26.09290532535487,23.410113126033032,25.725399017333984,745159,0.0,0.0
2015-07-14 00:00:00+08:00,27.562931614031704,27.783433802775438,25.394647598266605,25.3946475982666,592597,0.0,0.0
2015-07-15 00:00:00+08:00,25.39464520845574,25.725399473400632,24.69638462897471,24.990388870239258,280368,0.0,0.0
2015-07-16 00:00:00+08:00,24.659633337856512,26.276658740458377,24.659633337856512,25.02713966369629,335261,0.0,0.0
2015-07-17 00:00:00+08:00,25.174146112108406,25.24764820026356,24.402385328991507,24.47588539123535,246310,0.0,0.0
2015-07-20 00:00:00+08:00,24.475878177360606,24.475878177360606,22.78535293307186,23.079357147216797,384395,0.0,0.0
2015-07-21 00:00:00+08:00,23.079362187848876,23.299866409572004,21.388834548430907,20.653823852539062,397741,0.0,0.0
2015-07-22 00:00:00+08:00,22.34722768076161,23.142503452121716,21.870063494844004,22.227937698364258,334079,1.868573,1.030003
2015-07-23 00:00:00+08:00,21.870060875078213,23.6594295501709,21.273604650047314,23.6594295501709,465908,0.0,0.0
2015-07-24 00:00:00+08:00,23.023208642285425,23.460612287007535,22.506281898895324,22.66533660888672,332819,0.0,0.0
2015-07-27 00:00:00+08:00,21.790536130524405,22.62557451996226,21.790536130524405,22.227937698364258,204866,0.0,0.0
2015-07-28 00:00:00+08:00,22.22793089647056,23.42084312438965,21.949584142445854,23.42084312438965,196420,0.0,0.0
2015-07-29 00:00:00+08:00,23.420850848743434,24.057069778442383,22.744867171856228,24.057069778442383,155733,0.0,0.0
2015-07-30 00:00:00+08:00,23.93777815196593,24.89210860924698,23.93777815196593,24.65352439880371,245525,0.0,0.0
2015-07-31 00:00:00+08:00,24.89210860924698,25.249980668583866,24.255887595004946,24.65352439880371,173972,0.0,0.0
2015-08-03 00:00:00+08:00,24.653522549167775,24.653522549167775,22.665336551174022,23.6594295501709,124867,0.0,0.0
2015-08-04 00:00:00+08:00,23.46060960338119,23.65942690404607,22.26769515857385,22.466514587402344,124895,0.0,0.0
2015-08-05 00:00:00+08:00,22.466514445415747,23.8184814453125,21.830293554083607,23.8184814453125,106628,0.0,0.0
2015-08-06 00:00:00+08:00,23.937777280008525,23.937777280008525,23.023209472339396,23.500375747680664,82777,0.0,0.0
2015-08-07 00:00:00+08:00,23.06297440814827,24.653523706866235,23.06297440814827,23.778722763061523,301645,0.0,0.0
2015-08-10 00:00:00+08:00,23.659427992505584,25.687378598463713,23.46061068269405,25.249977111816406,409676,0.0,0.0
2015-08-11 00:00:00+08:00,25.448795052984032,25.448795052984032,24.29564748814456,24.812576293945312,202089,0.0,0.0
2015-08-12 00:00:00+08:00,24.295650516680315,24.295650516680315,23.46061222726983,23.6594295501709,151524,0.0,0.0
2015-08-13 00:00:00+08:00,23.85824741461338,23.89801002528376,23.062971791405033,23.261791229248047,96807,0.0,0.0
2015-08-14 00:00:00+08:00,23.42085105230641,23.460615799840287,22.86415735581716,23.062976837158203,82777,0.0,0.0
2015-08-17 00:00:00+08:00,23.062972466877987,23.062972466877987,22.267696820377445,22.824390411376953,101016,0.0,0.0
2015-08-18 00:00:00+08:00,22.784625923470895,22.784625923470895,21.83029556274414,21.83029556274414,204838,0.0,0.0
2015-08-19 00:00:00+08:00,21.551951490226855,21.551951490226855,20.239746941803666,21.074785232543945,176936,0.0,0.0
2015-08-20 00:00:00+08:00,20.83620095278062,21.43265711535477,20.597618913383684,21.114547729492188,81416,0.0,0.0
2015-08-21 00:00:00+08:00,20.677149020476648,21.353132619767702,20.677149020476648,20.955495834350586,123464,0.0,0.0
2015-08-24 00:00:00+08:00,19.961405759150008,20.478332592567213,18.86790177731156,19.20589256286621,616055,0.0,0.0
2015-08-25 00:00:00+08:00,19.20588728657328,19.20588728657328,18.60943112000584,19.126359939575195,64580,0.0,0.0
2015-08-26 00:00:00+08:00,18.927547835987152,19.245657311371346,18.609436232438732,19.20589256286621,155733,0.0,0.0
2015-08-27 00:00:00+08:00,19.205888629448364,19.88187219027863,19.12636127688973,19.52400016784668,57523,0.0,0.0
2015-08-28 00:00:00+08:00,19.56376276709997,20.27951106781788,19.56376276709997,19.881872177124023,105225,0.0,0.0
2015-08-31 00:00:00+08:00,19.42458602108111,19.643286734828802,19.285414774299326,19.444469451904297,131995,0.0,0.0
2015-09-01 00:00:00+08:00,19.126357968530932,19.444469451904297,19.126357968530932,19.444469451904297,38734,0.0,0.0
2015-09-02 00:00:00+08:00,19.28541722577861,19.683053970336914,19.28541722577861,19.683053970336914,40111,0.0,0.0
2015-09-03 00:00:00+08:00,20.279511286632953,20.478328605961327,19.563762978192152,20.160219192504883,89581,0.0,0.0
2015-09-04 00:00:00+08:00,19.881871394520758,20.27951026956249,19.842108783914806,20.001163482666016,70332,0.0,0.0
2015-09-07 00:00:00+08:00,19.563761439724736,19.76258087158203,19.563761439724736,19.76258087158203,12016,0.0,0.0
2015-09-08 00:00:00+08:00,19.603526621425253,20.08069071489522,19.603526621425253,19.683053970336914,28628,0.0,0.0
2015-09-09 00:00:00+08:00,19.881872177124023,20.27951106781788,19.683054859940885,19.881872177124023,165343,0.0,0.0
2015-09-10 00:00:00+08:00,20.199982583059562,20.199982583059562,19.881871062702555,20.04092788696289,65562,0.0,0.0
2015-09-11 00:00:00+08:00,20.279511286632953,20.279511286632953,19.881872391648592,20.160219192504883,114105,0.0,0.0
2015-09-14 00:00:00+08:00,20.27951026956249,20.27951026956249,20.001163482666016,20.001163482666016,31974,0.0,0.0
2015-09-15 00:00:00+08:00,20.00116780070883,20.00116780070883,19.742704391479492,19.742704391479492,62279,0.0,0.0
2015-09-16 00:00:00+08:00,19.742700573341605,20.279510725743233,19.742700573341605,19.9216365814209,63612,0.0,0.0
2015-09-17 00:00:00+08:00,20.080690496905227,20.39879988909857,20.04092788696289,20.04092788696289,79761,0.0,0.0
2015-09-18 00:00:00+08:00,20.199985319053933,21.194078368385256,20.199985319053933,20.87596893310547,129454,0.0,0.0
2015-09-21 00:00:00+08:00,20.75667683079357,20.99525890725341,20.597622113153673,20.87596893310547,92850,0.0,0.0
2015-09-22 00:00:00+08:00,20.875969978459977,21.591716243680168,20.875969978459977,21.353134155273438,90109,0.0,0.0
2015-09-23 00:00:00+08:00,21.353132619767702,21.353132619767702,20.955495834350586,20.955495834350586,78904,0.0,0.0
2015-09-24 00:00:00+08:00,21.15431054915135,21.273602634118713,20.71691120331952,20.75667381286621,69525,0.0,0.0
2015-09-25 00:00:00+08:00,20.677146465609184,21.03502059234763,20.55785438064182,20.75667381286621,42132,0.0,0.0
2015-09-29 00:00:00+08:00,20.75667381286621,20.75667381286621,20.75667381286621,20.75667381286621,0,0.0,0.0
2015-09-30 00:00:00+08:00,20.7169146712906,20.79644203186035,20.398803100847587,20.79644203186035,56288,0.0,0.0
2015-10-01 00:00:00+08:00,20.87596793328886,20.87596793328886,20.63738586825547,20.7169132232666,57530,0.0,0.0
2015-10-02 00:00:00+08:00,20.716913647146708,21.23384252937764,20.716913647146708,20.995258331298828,53314,0.0,0.0
2015-10-05 00:00:00+08:00,21.0747828803966,21.353129655631815,20.99525553435277,21.15431022644043,61717,0.0,0.0
2015-10-06 00:00:00+08:00,21.472425801145363,21.472425801145363,21.35313369542895,21.432661056518555,47449,0.0,0.0
2015-10-07 00:00:00+08:00,21.472421884376438,21.750768661499023,21.472421884376438,21.750768661499023,58224,0.0,0.0
2015-10-08 00:00:00+08:00,22.188170552686643,23.898011892901426,22.188170552686643,22.943683624267578,239337,0.0,0.0
2015-10-12 00:00:00+08:00,22.50628464594299,23.142503563563483,21.94959096486095,22.86415672302246,100223,0.0,0.0
2015-10-13 00:00:00+08:00,22.86415622196273,24.255888266004415,22.46651940716399,23.898014068603516,230681,0.0,0.0
2015-10-14 00:00:00+08:00,23.46061100372995,24.255884510186064,23.46061100372995,23.858247756958008,106851,0.0,0.0
2015-10-15 00:00:00+08:00,24.05706518299762,24.05706518299762,23.261791672789204,23.540136337280273,94576,0.0,0.0
2015-10-16 00:00:00+08:00,23.699193055666786,24.01730245824923,23.619665705021173,23.858247756958008,103218,0.0,0.0
2015-10-19 00:00:00+08:00,24.454709296307332,24.454709296307332,23.619670867919922,23.619670867919922,97059,0.0,0.0
2015-10-20 00:00:00+08:00,23.65942865879435,23.65942865879435,23.46061134338379,23.46061134338379,41669,0.0,0.0
2015-10-21 00:00:00+08:00,23.65942831626211,24.255884510186064,23.46061100372995,23.858247756958008,76622,0.0,0.0
2015-10-22 00:00:00+08:00,23.8582467416416,23.937774088902827,23.659427309406706,23.69919204711914,66077,0.0,0.0
2015-10-23 00:00:00+08:00,23.898007164291904,23.898007164291904,23.38107839031607,23.42084312438965,101352,0.0,0.0
2015-10-26 00:00:00+08:00,22.90391535076113,23.57989883422852,22.90391535076113,23.579898834228516,24047,0.0,0.0
2015-10-27 00:00:00+08:00,23.659427872087218,24.057064617850163,23.659427872087218,23.937774658203125,49293,0.0,0.0
2015-10-28 00:00:00+08:00,23.85825046234195,24.057067797418814,23.73895835876465,23.73895835876465,56288,0.0,0.0
2015-10-29 00:00:00+08:00,23.858252025785898,25.369274086575242,23.858252025785898,25.051164627075195,178391,0.0,0.0
2015-10-30 00:00:00+08:00,25.051164627075195,25.249981975180667,24.61376305618057,25.051164627075195,211895,0.0,0.0
2015-11-02 00:00:00+08:00,24.852345150805604,25.130691991950204,24.852345150805604,25.051164627075195,54927,0.0,0.0
2015-11-03 00:00:00+08:00,24.892105866320563,26.244072978423578,24.892105866320563,25.76690673828125,172738,0.0,0.0
2015-11-04 00:00:00+08:00,26.045255002152587,26.442891784543868,25.846435546875,25.846435546875,134940,0.0,0.0
2015-11-05 00:00:00+08:00,25.84643466038246,25.886199401339667,25.13068847662714,25.64761734008789,64580,0.0,0.0
2015-11-06 00:00:00+08:00,25.607855945732606,25.727148056030273,25.0909270147162,25.727148056030273,177367,0.0,0.0
2015-11-09 00:00:00+08:00,26.204307221911545,27.118874926641176,26.085017262625897,26.24407196044922,279358,0.0,0.0
2015-11-10 00:00:00+08:00,26.20430928010734,26.20430928010734,25.56809043884277,25.568090438842773,96933,0.0,0.0
2015-11-11 00:00:00+08:00,25.289745139156317,25.60785457875019,24.852343595632753,25.011398315429688,141927,0.0,0.0
2015-11-12 00:00:00+08:00,24.733051491703062,25.44879985895325,24.733051491703062,25.011398315429688,108283,0.0,0.0
2015-11-13 00:00:00+08:00,24.931867826079664,25.44879666461671,24.931867826079664,25.210214614868164,49147,0.0,0.0
2015-11-16 00:00:00+08:00,24.93187024461857,25.88620066435218,24.93187024461857,25.44879913330078,106950,0.0,0.0
2015-11-17 00:00:00+08:00,25.84643364397146,25.84643364397146,25.44879689085557,25.488561630249023,99907,0.0,0.0
2015-11-18 00:00:00+08:00,25.72714334466316,26.005488004111452,25.72714334466316,25.886198043823242,95944,0.0,0.0
2015-11-19 00:00:00+08:00,26.045252742983326,26.045252742983326,25.72714334466316,25.886198043823242,129418,0.0,0.0
2015-11-20 00:00:00+08:00,25.886198043823242,25.965725393403282,25.647615995083118,25.886198043823242,78820,0.0,0.0
2015-11-23 00:00:00+08:00,25.886198043823242,25.925962782695116,25.409033946342994,25.886198043823242,45391,0.0,0.0
2015-11-24 00:00:00+08:00,25.52832287100524,25.925961730937853,24.971631446528654,25.09092140197754,71551,0.0,0.0
2015-11-25 00:00:00+08:00,25.568095708247625,25.568095708247625,24.733055114746094,24.733055114746094,60329,0.0,0.0
2015-11-26 00:00:00+08:00,24.73305303941103,25.051164627075195,24.73305303941103,25.051164627075195,40687,0.0,0.0
2015-11-27 00:00:00+08:00,24.73304682090189,24.85233890230344,24.73304682090189,24.812576293945312,46341,0.0,0.0
2015-11-30 00:00:00+08:00,24.772819864602294,25.051166729102803,24.733055114746094,24.733055114746094,43535,0.0,0.0
2015-12-01 00:00:00+08:00,24.772814796281065,25.130688959111463,24.772814796281065,24.931869506835938,32942,0.0,0.0
2015-12-02 00:00:00+08:00,25.051166729102803,25.051166729102803,24.65352774319799,24.733055114746094,42342,0.0,0.0
2015-12-03 00:00:00+08:00,24.653520250632205,24.852339683160476,24.653520250632205,24.69328498840332,48038,0.0,0.0
2015-12-04 00:00:00+08:00,24.454700799954917,24.772810161549764,24.176354044477694,24.414936065673828,54717,0.0,0.0
2015-12-07 00:00:00+08:00,24.613755480752342,24.613755480752342,24.41493606567383,24.414936065673828,60371,0.0,0.0
2015-12-08 00:00:00+08:00,24.25588925805538,24.414943990480115,23.699197694568802,24.057069778442383,78988,0.0,0.0
2015-12-09 00:00:00+08:00,23.540136567017,23.818483362388307,23.46061134338379,23.46061134338379,109504,0.0,0.0
2015-12-10 00:00:00+08:00,23.54013622621183,23.858247756958008,23.26179156303406,23.858247756958008,52514,0.0,0.0
2015-12-11 00:00:00+08:00,24.017303746814537,24.017303746814537,22.86415390833931,23.023208618164062,121979,0.0,0.0
2015-12-14 00:00:00+08:00,22.466519899509656,22.86415672302246,22.42675728124043,22.86415672302246,25296,0.0,0.0
2015-12-15 00:00:00+08:00,22.98344444190057,23.261791229248047,22.98344444190057,23.261791229248047,30641,0.0,0.0
2015-12-16 00:00:00+08:00,23.261796318499243,23.261796318499243,23.062976837158203,23.062976837158203,26727,0.0,0.0
2015-12-17 00:00:00+08:00,23.301555633544922,23.659429797944064,23.261793019813837,23.301555633544922,8604,0.0,0.0
2015-12-18 00:00:00+08:00,23.301553839918427,23.301553839918427,23.261791229248047,23.261791229248047,2848,0.0,0.0
2015-12-21 00:00:00+08:00,23.26178844442223,23.54013307028349,23.26178844442223,23.42084312438965,9821,0.0,0.0
2015-12-22 00:00:00+08:00,23.858248102368677,24.216122249536962,23.46061134338379,23.46061134338379,16906,0.0,0.0
2015-12-23 00:00:00+08:00,23.26179189980946,23.46061134338379,23.26179189980946,23.46061134338379,8418,0.0,0.0
2015-12-24 00:00:00+08:00,23.46061134338379,23.46061134338379,22.784625660863828,23.46061134338379,21550,0.0,0.0
2015-12-25 00:00:00+08:00,23.460610261179124,25.647615526958216,23.460610261179124,24.97163200378418,162962,0.0,0.0
2015-12-28 00:00:00+08:00,24.693285664914914,25.76690594802107,24.693285664914914,25.249977111816406,154330,0.0,0.0
2015-12-29 00:00:00+08:00,26.045259937536244,26.045259937536244,24.733055114746094,24.733055114746094,85793,0.0,0.0
2015-12-30 00:00:00+08:00,24.85234417228244,25.09092625751367,24.733052065584808,24.892108917236328,43493,0.0,0.0
2015-12-31 00:00:00+08:00,24.693290421055583,25.051164627075195,24.534235691305557,25.051164627075195,47702,0.0,0.0
2016-01-04 00:00:00+08:00,24.733055114746094,24.733055114746094,24.255890885457475,24.733055114746094,15433,0.0,0.0
2016-01-05 00:00:00+08:00,24.176361891843012,24.335416624267747,23.460615595931696,24.057069778442383,117940,0.0,0.0
2016-01-06 00:00:00+08:00,23.38108298917097,23.858249251091113,23.062973566666788,23.301555633544922,63345,0.0,0.0
2016-01-07 00:00:00+08:00,23.341320402865016,23.341320402865016,22.546044717506273,22.943683624267578,39452,0.0,0.0
2016-01-08 00:00:00+08:00,22.943683624267578,23.46061250052618,22.546044717506273,22.943683624267578,81430,0.0,0.0
2016-01-11 00:00:00+08:00,22.943685505608087,22.943685505608087,22.26769973431703,22.347227096557617,64580,0.0,0.0
2016-01-12 00:00:00+08:00,22.26769694676759,22.347224299052662,22.148406982421875,22.148406982421875,32271,0.0,0.0
2016-01-13 00:00:00+08:00,22.62557211573638,22.62557211573638,22.26769795024435,22.307462692260742,12627,0.0,0.0
2016-01-14 00:00:00+08:00,22.307464156668214,22.307464156668214,20.677150062085307,21.432661056518555,113643,0.0,0.0
2016-01-15 00:00:00+08:00,21.432661056518555,21.55195316223497,21.35313369542895,21.432661056518555,42090,0.0,0.0
2016-01-18 00:00:00+08:00,21.512186151889818,21.83029556274414,21.512186151889818,21.83029556274414,19852,0.0,0.0
2016-01-19 00:00:00+08:00,21.5519540375656,22.227937698364258,21.5519540375656,22.227937698364258,9961,0.0,0.0
2016-01-20 00:00:00+08:00,22.267698745427598,22.267698745427598,21.59171513232044,22.18817138671875,16906,0.0,0.0
2016-01-21 00:00:00+08:00,22.26769694676759,22.26769694676759,21.551950776201963,22.148406982421875,7085,0.0,0.0
2016-01-22 00:00:00+08:00,21.94958787113812,22.108642578125,21.790533164151242,22.108642578125,5752,0.0,0.0
2016-01-25 00:00:00+08:00,22.108644604835263,22.108644604835263,21.870062522484005,22.06888198852539,15433,0.0,0.0
2016-01-26 00:00:00+08:00,22.068882969725056,22.227937698364258,21.750773512446653,22.227937698364258,12627,0.0,0.0
2016-01-27 00:00:00+08:00,22.029116669301064,22.188171386718754,21.870061951883375,22.18817138671875,8418,0.0,0.0
2016-01-28 00:00:00+08:00,21.79053516170025,22.06888198852539,21.67124305644262,22.06888198852539,54843,0.0,0.0
2016-01-29 00:00:00+08:00,21.750772943835244,22.347227096557617,21.67124345343061,22.347227096557617,26657,0.0,0.0
2016-02-01 00:00:00+08:00,22.307465006634057,22.3472276246119,21.909828186035156,21.909828186035156,15433,0.0,0.0
2016-02-02 00:00:00+08:00,21.90982470686852,21.90982470686852,21.870059967041016,21.870059967041016,5637,0.0,0.0
2016-02-03 00:00:00+08:00,21.591713504603398,21.83029556274414,21.591713504603398,21.83029556274414,2960,0.0,0.0
2016-02-15 00:00:00+08:00,21.83029556274414,22.068879749048673,21.512186151889818,21.83029556274414,22448,0.0,0.0
2016-02-16 00:00:00+08:00,21.551950892328506,21.83029556274414,21.472423539614923,21.83029556274414,16920,0.0,0.0
2016-02-17 00:00:00+08:00,21.830297778010124,22.06888198852539,21.472425718565244,22.06888198852539,57523,0.0,0.0
2016-02-18 00:00:00+08:00,22.068876596941692,22.068876596941692,21.67123776200492,22.029111862182617,17972,0.0,0.0
2016-02-19 00:00:00+08:00,22.267696380615234,22.62557052088105,21.87005962929973,22.267696380615234,29841,0.0,0.0
2016-02-22 00:00:00+08:00,22.347223730878333,22.347223730878333,22.068879069039344,22.267696380615234,8418,0.0,0.0
2016-02-23 00:00:00+08:00,22.267696380615234,22.267696380615234,22.267696380615234,22.267696380615234,2806,0.0,0.0
2016-02-24 00:00:00+08:00,22.30746146432476,22.30746146432476,21.870059967041016,21.870059967041016,23851,0.0,0.0
2016-02-25 00:00:00+08:00,21.90982470686852,21.90982470686852,21.870059967041016,21.870059967041016,8418,0.0,0.0
2016-02-26 00:00:00+08:00,22.068882792587342,22.66533908427889,21.909828065224808,21.9495906829834,25254,0.0,0.0
2016-03-01 00:00:00+08:00,22.06888198852539,22.06888198852539,22.06888198852539,22.06888198852539,1445,0.0,0.0
2016-03-02 00:00:00+08:00,22.10864467316904,22.66533832853995,22.10864467316904,22.386991500854492,22518,0.0,0.0
2016-03-03 00:00:00+08:00,22.34722506074008,22.70509922230264,22.30746244732416,22.66533660888672,42104,0.0,0.0
2016-03-04 00:00:00+08:00,22.46651847598401,23.73895835876465,22.46651847598401,23.73895835876465,64958,0.0,0.0
2016-03-07 00:00:00+08:00,24.335413032871198,24.335413032871198,23.341320037841797,23.341320037841797,78570,0.0,0.0
2016-03-08 00:00:00+08:00,23.85825046234195,23.85825046234195,23.500376279774024,23.73895835876465,37965,0.0,0.0
2016-03-09 00:00:00+08:00,24.216127740329686,24.255890361162113,23.659434023361698,24.176362991333008,117181,0.0,0.0
2016-03-10 00:00:00+08:00,24.255888266004415,24.573997717843408,23.738959342684023,23.898014068603516,90774,0.0,0.0
2016-03-11 00:00:00+08:00,23.85825297200715,23.85825297200715,23.619670867919922,23.619670867919922,103945,0.0,0.0
2016-03-14 00:00:00+08:00,23.85825297200715,24.057070327997746,23.57990611982328,23.619670867919922,161471,0.0,0.0
2016-03-15 00:00:00+08:00,23.420845928256977,23.738955326274834,23.182263879743584,23.261791229248047,96891,0.0,0.0
2016-03-16 00:00:00+08:00,23.26179189980946,23.65942865879435,23.26179189980946,23.46061134338379,45330,0.0,0.0
2016-03-17 00:00:00+08:00,23.5799003933147,23.699192480469677,22.983444213867184,22.983444213867188,114709,0.0,0.0
2016-03-18 00:00:00+08:00,23.062973593764873,23.062973593764873,22.58580945944795,22.943683624267578,116589,0.0,0.0
2016-03-21 00:00:00+08:00,23.062972241955514,23.062972241955514,22.38698869387993,22.546043395996094,179584,0.0,0.0
2016-03-22 00:00:00+08:00,22.94368103371532,22.94368103371532,22.705096865331328,22.744861602783203,26362,0.0,0.0
2016-03-23 00:00:00+08:00,22.784624212071446,23.062970989743683,22.744861602783203,22.744861602783203,51251,0.0,0.0
2016-03-24 00:00:00+08:00,22.665334256043085,22.94368103371532,22.62556951859121,22.744861602783203,28060,0.0,0.0
2016-03-25 00:00:00+08:00,22.744866400290157,22.903921127319336,22.625574290936232,22.903921127319336,26657,0.0,0.0
2016-03-28 00:00:00+08:00,22.903921127319336,22.903921127319336,22.665339036775567,22.903921127319336,21213,0.0,0.0
2016-03-29 00:00:00+08:00,22.943686215889134,22.943686215889134,22.665339375348115,22.86415672302246,28859,0.0,0.0
2016-03-30 00:00:00+08:00,22.78462201904197,23.57989753806119,22.78462201904197,23.14249610900879,43773,0.0,0.0
2016-03-31 00:00:00+08:00,23.10274060018785,23.10274060018785,22.86415638148,22.903921127319336,10101,0.0,0.0
2016-04-01 00:00:00+08:00,22.94368339141554,23.062973359702177,22.903918649877426,23.023208618164062,9964,0.0,0.0
2016-04-06 00:00:00+08:00,22.6653357077096,22.86415302321191,22.6653357077096,22.824390411376953,19925,0.0,0.0
2016-04-07 00:00:00+08:00,22.824390411376953,22.86415302321191,22.784625671378233,22.824390411376953,42836,0.0,0.0
2016-04-08 00:00:00+08:00,22.824392658342106,22.86415527409152,22.665337939016485,22.78462791442871,14083,0.0,0.0
2016-04-11 00:00:00+08:00,22.784626577298337,22.784626577298337,22.625571867306945,22.66533660888672,8429,0.0,0.0
2016-04-12 00:00:00+08:00,22.665337064235008,22.665337064235008,22.506282351048196,22.5858097076416,25674,0.0,0.0
2016-04-13 00:00:00+08:00,22.625574111938477,22.66533885746322,22.50628413169237,22.625574111938477,15769,0.0,0.0
2016-04-14 00:00:00+08:00,23.182264332624513,23.182264332624513,22.546043395996094,22.546043395996094,41388,0.0,0.0
2016-04-15 00:00:00+08:00,22.546041933301016,22.824388708028184,22.466514587402344,22.466514587402344,70704,0.0,0.0
2016-04-18 00:00:00+08:00,22.307464139824937,22.506283606480835,22.267699395228153,22.386991500854492,21746,0.0,0.0
2016-04-19 00:00:00+08:00,22.267699326402767,22.34722668718652,22.06888198852539,22.06888198852539,42234,0.0,0.0
2016-04-20 00:00:00+08:00,22.02911467002351,22.02911467002351,21.870059967041016,21.870059967041016,28228,0.0,0.0
2016-04-21 00:00:00+08:00,21.75077000388602,21.870059967041016,21.75077000388602,21.870059967041016,11364,0.0,0.0
2016-04-22 00:00:00+08:00,21.87006041893038,21.87006041893038,21.75077045331056,21.7905330657959,15797,0.0,0.0
2016-04-25 00:00:00+08:00,21.870059967041016,21.870059967041016,21.63147791256727,21.870059967041016,28060,0.0,0.0
2016-04-26 00:00:00+08:00,21.750768661499023,21.750768661499023,21.71100392412567,21.750768661499023,5612,0.0,0.0
2016-04-27 00:00:00+08:00,21.671238946287968,21.671238946287968,21.273602217784756,21.472421646118164,95572,0.0,0.0
2016-04-28 00:00:00+08:00,21.39289844005576,21.472425801145363,21.39289844005576,21.432661056518555,14030,0.0,0.0
2016-04-29 00:00:00+08:00,21.273603439331055,21.273603439331055,21.15431134984845,21.273603439331055,19684,0.0,0.0
2016-05-03 00:00:00+08:00,21.273603439331055,21.273603439331055,21.233840828279337,21.273603439331055,21087,0.0,0.0
2016-05-04 00:00:00+08:00,21.154310226440433,21.472421738779367,21.154310226440433,21.15431022644043,17004,0.0,0.0
2016-05-05 00:00:00+08:00,20.597621217033605,21.154312704553817,20.597621217033605,21.035022735595703,90072,0.0,0.0
2016-05-06 00:00:00+08:00,21.074787321383553,21.353134155273438,21.074787321383553,21.353134155273438,19642,0.0,0.0
2016-05-09 00:00:00+08:00,21.074785687937133,21.074785687937133,20.915730974660523,20.995258331298828,14257,0.0,0.0
2016-05-10 00:00:00+08:00,20.995256649314125,21.273603439331055,20.875966687995245,21.273603439331055,8418,0.0,0.0
2016-05-11 00:00:00+08:00,21.313368406456686,21.392895757574255,20.716912208993023,20.915729522705078,26657,0.0,0.0
2016-05-12 00:00:00+08:00,20.796438550576546,20.796438550576546,20.75667381286621,20.75667381286621,14030,0.0,0.0
2016-05-13 00:00:00+08:00,20.75667550703418,20.75667550703418,20.478328704833984,20.478328704833984,61858,0.0,0.0
2016-05-16 00:00:00+08:00,20.359039098383064,20.359039098383064,19.88187283929114,20.080692291259766,42091,0.0,0.0
2016-05-17 00:00:00+08:00,20.43856712089832,20.43856712089832,20.279512405395504,20.279512405395508,4335,0.0,0.0
2016-05-18 00:00:00+08:00,20.5180943063098,21.23384264822452,20.5180943063098,20.955495834350586,16967,0.0,0.0
2016-05-19 00:00:00+08:00,20.518092767117217,20.915729522705078,20.518092767117217,20.915729522705078,4209,0.0,0.0
2016-05-20 00:00:00+08:00,20.557857513427734,20.915731694702174,20.51809489782167,20.557857513427734,10662,0.0,0.0
2016-05-23 00:00:00+08:00,20.59762225719777,20.67714961657387,20.557857513427734,20.557857513427734,26825,0.0,0.0
2016-05-24 00:00:00+08:00,20.597620010375973,20.597620010375973,20.597620010375973,20.597620010375977,1445,0.0,0.0
2016-05-25 00:00:00+08:00,20.59761956264864,20.995256307510914,20.59761956264864,20.677146911621094,16836,0.0,0.0
2016-05-26 00:00:00+08:00,20.756676975949972,20.87596907909611,20.557857513427734,20.557857513427734,11266,0.0,0.0
2016-05-27 00:00:00+08:00,20.716914360343907,20.716914360343907,20.478330154051633,20.557857513427734,23851,0.0,0.0
2016-05-30 00:00:00+08:00,20.677148481679108,20.79644057827773,20.677148481679108,20.7169132232666,5633,0.0,0.0
2016-05-31 00:00:00+08:00,20.716913353801623,20.716913353801623,20.398801803588867,20.398801803588867,25254,0.0,0.0
2016-06-01 00:00:00+08:00,20.39880279467553,20.995259054078275,20.319275435299428,20.557857513427734,43745,0.0,0.0
2016-06-02 00:00:00+08:00,20.51809489782167,20.67714961657387,20.51809489782167,20.557857513427734,5682,0.0,0.0
2016-06-03 00:00:00+08:00,20.557856058582068,20.557856058582068,20.478328704833984,20.478328704833984,4332,0.0,0.0
2016-06-06 00:00:00+08:00,20.319274448076644,20.398801803588867,20.319274448076644,20.398801803588867,5612,0.0,0.0
2016-06-07 00:00:00+08:00,20.398801803588867,20.398801803588867,20.398801803588867,20.398801803588867,0,0.0,0.0
2016-06-08 00:00:00+08:00,20.4783294803381,20.637386322021484,20.43856686604018,20.637386322021484,29463,0.0,0.0
2016-06-13 00:00:00+08:00,20.47832915910109,20.47832915910109,20.319274448076644,20.398801803588867,20147,0.0,0.0
2016-06-14 00:00:00+08:00,20.279511834402467,20.398801803588867,20.1602197370522,20.398801803588867,28060,0.0,0.0
2016-06-15 00:00:00+08:00,20.398799563066664,20.43856430053711,20.120454913428073,20.43856430053711,21045,0.0,0.0
2016-06-16 00:00:00+08:00,20.199982583059562,20.199982583059562,19.961400538914557,20.04092788696289,56246,0.0,0.0
2016-06-17 00:00:00+08:00,20.040930667475376,20.239748001098633,19.881873821147224,20.239748001098633,56400,0.0,0.0
2016-06-20 00:00:00+08:00,20.1602197370522,20.398801803588867,20.1602197370522,20.398801803588867,5612,0.0,0.0
2016-06-21 00:00:00+08:00,20.359040179069464,20.557857513427734,20.279512819693363,20.557857513427734,23851,0.0,0.0
2016-06-22 00:00:00+08:00,20.4783294803381,20.637386322021484,20.4783294803381,20.637386322021484,7015,0.0,0.0
2016-06-23 00:00:00+08:00,20.518092659674846,20.597620010375973,20.518092659674846,20.597620010375977,14030,0.0,0.0
2016-06-24 00:00:00+08:00,20.55785425662118,20.55785425662118,20.120454913428073,20.43856430053711,33672,0.0,0.0
2016-06-27 00:00:00+08:00,20.16021863491454,20.16021863491454,19.8023444905922,19.9216365814209,144859,0.0,0.0
2016-06-28 00:00:00+08:00,19.921638948136913,19.921638948136913,19.48423740068617,19.842111587524414,106838,0.0,0.0
2016-06-29 00:00:00+08:00,19.683053970336914,19.921636017071897,19.086597789417613,19.683053970336914,110893,0.0,0.0
2016-06-30 00:00:00+08:00,19.68305902133885,20.120460616679388,19.48423953395745,19.663175582885742,89792,0.0,0.0
2016-07-01 00:00:00+08:00,19.663171873780918,19.88187263019721,19.50411716514431,19.802345275878906,134688,0.0,0.0
2016-07-04 00:00:00+08:00,19.881874009627392,20.59762237631551,19.881874009627392,20.518095016479492,209047,0.0,0.0
2016-07-05 00:00:00+08:00,20.51809422279992,20.875968392300713,20.19998479576095,20.637386322021484,136412,0.0,0.0
2016-07-06 00:00:00+08:00,20.398802719262825,20.438567462885853,20.199985385639568,20.239748001098633,87154,0.0,0.0
2016-07-07 00:00:00+08:00,20.279511384545692,20.637385540493966,20.23974664358974,20.478328704833984,87280,0.0,0.0
2016-07-08 00:00:00+08:00,20.478328704833984,20.478328704833984,20.478328704833984,20.478328704833984,0,0.0,0.0
2016-07-11 00:00:00+08:00,20.47832623114526,20.5578535752868,20.23974419872064,16.740535736083984,203209,0.0,0.0
2016-07-12 00:00:00+08:00,20.661459433335033,21.0017669951874,19.932231852602815,20.9045352935791,161298,1.781896,1.15
2016-07-13 00:00:00+08:00,20.661455965585642,20.807302362260828,19.446076868350428,19.834999084472656,57341,0.0,0.0
2016-07-14 00:00:00+08:00,20.32115222050593,20.807303895216723,19.689154138374874,20.564228057861328,129320,0.0,0.0
2016-07-15 00:00:00+08:00,20.05376770068635,20.80730369421586,19.980844497680664,19.980844497680664,85546,0.0,0.0
2016-07-18 00:00:00+08:00,20.005155903922866,20.75869200735496,20.005155903922866,20.7100772857666,120922,0.0,0.0
2016-07-19 00:00:00+08:00,20.51561334289376,20.92884181389442,20.51561334289376,20.564228057861328,103775,0.0,0.0
2016-07-20 00:00:00+08:00,20.564228057861328,20.83161238395929,20.564228057861328,20.564228057861328,33403,0.0,0.0
2016-07-21 00:00:00+08:00,20.588536122078605,20.661457061767575,20.588536122078605,20.661457061767578,43371,0.0,0.0
2016-07-22 00:00:00+08:00,20.66145727427963,20.66145727427963,20.564227845349276,20.612842559814453,11236,0.0,0.0
2016-07-25 00:00:00+08:00,20.612842559814453,20.612842559814453,20.418381439436196,20.612842559814453,35197,0.0,0.0
2016-07-26 00:00:00+08:00,20.661457061767575,20.758688752215406,20.661457061767575,20.661457061767578,4880,0.0,0.0
2016-07-27 00:00:00+08:00,20.515615910697708,20.588539123535156,20.44269269786026,20.588539123535156,28200,0.0,0.0
2016-07-28 00:00:00+08:00,20.418381650441063,20.564228057861328,20.418381650441063,20.564228057861328,12215,0.0,0.0
2016-07-29 00:00:00+08:00,20.466999107067007,20.80730438232422,20.466999107067007,20.80730438232422,25656,0.0,0.0
2016-08-01 00:00:00+08:00,20.80730438232422,20.80730438232422,20.80730438232422,20.80730438232422,0,0.0,0.0
2016-08-02 00:00:00+08:00,20.78299687790624,20.78299687790624,20.49130630493164,20.49130630493164,8613,0.0,0.0
2016-08-03 00:00:00+08:00,20.418383077477547,20.418383077477547,20.27253892238183,20.32115364074707,9829,0.0,0.0
2016-08-04 00:00:00+08:00,20.223920822143555,20.223920822143555,20.223920822143555,20.223920822143555,1525,0.0,0.0
2016-08-05 00:00:00+08:00,20.2482283208512,20.39407472325863,20.2482283208512,20.369766235351562,6466,0.0,0.0
2016-08-08 00:00:00+08:00,20.75868797302246,20.75868797302246,20.321151038724306,20.75868797302246,8540,0.0,0.0
2016-08-09 00:00:00+08:00,21.050379732572118,21.050379732572118,20.564228057861328,20.564228057861328,7415,0.0,0.0
2016-08-10 00:00:00+08:00,20.467001536395816,20.467001536395816,20.418384552001953,20.418384552001953,9760,0.0,0.0
2016-08-11 00:00:00+08:00,20.418380911866564,20.418380911866564,20.199613571166992,20.199613571166992,26844,0.0,0.0
2016-08-12 00:00:00+08:00,20.51561358444414,20.685766220092773,20.418381890846636,20.685766220092773,26840,0.0,0.0
2016-08-15 00:00:00+08:00,20.321154763970462,20.66146007385475,20.321154763970462,20.588539123535156,9760,0.0,0.0
2016-08-16 00:00:00+08:00,20.4913069720019,20.51561546325684,20.345462812025684,20.515615463256836,22770,0.0,0.0
2016-08-17 00:00:00+08:00,20.515612674103494,20.539918899536133,20.27253684467215,20.539918899536133,14213,0.0,0.0
2016-08-18 00:00:00+08:00,20.418380984820462,20.539918899536133,20.418380984820462,20.539918899536133,18947,0.0,0.0
2016-08-19 00:00:00+08:00,20.418380984820462,20.539918899536133,20.321151558054922,20.539918899536133,7849,0.0,0.0
2016-08-22 00:00:00+08:00,20.418384552001953,20.418384552001953,20.32115510825,20.418384552001953,35597,0.0,0.0
2016-08-23 00:00:00+08:00,20.418380984820462,20.539918899536133,20.418380984820462,20.539918899536133,33556,0.0,0.0
2016-08-24 00:00:00+08:00,20.61284157408393,20.75868797302246,20.564226861943563,20.75868797302246,29036,0.0,0.0
2016-08-25 00:00:00+08:00,20.83161522099643,20.83161522099643,20.5156161368953,20.7100772857666,11552,0.0,0.0
2016-08-26 00:00:00+08:00,20.66145751822836,20.83161241464181,20.66145751822836,20.7343807220459,22421,0.0,0.0
2016-08-29 00:00:00+08:00,20.661457731064,20.685766220092773,20.418381890846636,20.685766220092773,18605,0.0,0.0
2016-08-30 00:00:00+08:00,20.612843015524046,20.685766220092773,20.418381890846636,20.685766220092773,26535,0.0,0.0
2016-08-31 00:00:00+08:00,20.467001536395816,20.467001536395816,20.418384552001953,20.418384552001953,6466,0.0,0.0
2016-09-01 00:00:00+08:00,20.588535056487714,20.588535056487714,20.32115074974196,20.466997146606445,19642,0.0,0.0
2016-09-02 00:00:00+08:00,20.418384552001953,20.418384552001953,20.272540386374025,20.418384552001953,24513,0.0,0.0
2016-09-05 00:00:00+08:00,20.637151048305814,20.637151048305814,20.418381439436196,20.612842559814453,21332,0.0,0.0
2016-09-06 00:00:00+08:00,20.612845702023744,20.612845702023744,20.418384552001953,20.418384552001953,17121,0.0,0.0
2016-09-07 00:00:00+08:00,20.418384552001953,20.612845702023744,20.418384552001953,20.418384552001953,21328,0.0,0.0
2016-09-08 00:00:00+08:00,20.418383077477547,20.418383077477547,20.32115364074707,20.32115364074707,6153,0.0,0.0
2016-09-09 00:00:00+08:00,20.41838094864821,20.41838094864821,20.369766235351562,20.369766235351562,21369,0.0,0.0
2016-09-12 00:00:00+08:00,20.272537231445312,20.272537231445312,20.272537231445312,20.272537231445312,1627,0.0,0.0
2016-09-13 00:00:00+08:00,20.078076111686677,20.369766660065864,20.078076111686677,20.272537231445312,26840,0.0,0.0
2016-09-14 00:00:00+08:00,20.272537231445312,20.272537231445312,20.0294613973764,20.272537231445312,10222,0.0,0.0
2016-09-19 00:00:00+08:00,20.369766660065864,20.369766660065864,20.272537231445312,20.272537231445312,5287,0.0,0.0
2016-09-20 00:00:00+08:00,20.126691148715786,20.126691148715786,20.10238265991211,20.10238265991211,5371,0.0,0.0
2016-09-21 00:00:00+08:00,20.10238265991211,20.10238265991211,20.10238265991211,20.10238265991211,6771,0.0,0.0
2016-09-22 00:00:00+08:00,20.272537231445312,20.272537231445312,20.272537231445312,20.272537231445312,1220,0.0,0.0
2016-09-23 00:00:00+08:00,20.175305540307228,20.272537231445312,20.175305540307228,20.272537231445312,11236,0.0,0.0
2016-09-26 00:00:00+08:00,20.394074900325034,20.394074900325034,20.150999069213867,20.150999069213867,6997,0.0,0.0
2016-09-27 00:00:00+08:00,20.150999069213867,20.150999069213867,20.150999069213867,20.150999069213867,0,0.0,0.0
2016-09-28 00:00:00+08:00,20.150999069213867,20.150999069213867,20.150999069213867,20.150999069213867,0,0.0,0.0
2016-09-29 00:00:00+08:00,20.102384553174332,20.102384553174332,19.932231903076172,19.932231903076172,8923,0.0,0.0
2016-09-30 00:00:00+08:00,19.932228507244513,19.932228507244513,19.834999084472656,19.834999084472656,2440,0.0,0.0
2016-10-03 00:00:00+08:00,19.83500074951583,19.83500074951583,19.713462829589844,19.713462829589844,5145,0.0,0.0
2016-10-04 00:00:00+08:00,20.369770398779604,20.369770398779604,19.689157485961914,19.689157485961914,4921,0.0,0.0
2016-10-05 00:00:00+08:00,19.932231903076172,19.932231903076172,19.68915604221657,19.932231903076172,7964,0.0,0.0
2016-10-06 00:00:00+08:00,19.932231903076172,19.932231903076172,19.932231903076172,19.932231903076172,253,0.0,0.0
2016-10-07 00:00:00+08:00,19.932231903076172,19.932231903076172,19.932231903076172,19.932231903076172,0,0.0,0.0
2016-10-11 00:00:00+08:00,19.689157034610393,19.689157034610393,19.446081161499023,19.446081161499023,12668,0.0,0.0
2016-10-12 00:00:00+08:00,19.15438965430741,19.15438965430741,18.789774730741122,18.959928512573242,11203,0.0,0.0
2016-10-13 00:00:00+08:00,18.95992782474296,18.95992782474296,18.765466690063477,18.765466690063477,8160,0.0,0.0
2016-10-14 00:00:00+08:00,18.52239171525101,18.52239171525101,18.47377586364746,18.47377586364746,19805,0.0,0.0
2016-10-17 00:00:00+08:00,18.084854358430796,18.376546068651436,18.084854358430796,18.206392288208008,14762,0.0,0.0
2016-10-18 00:00:00+08:00,18.206392179625873,18.23069953918457,18.206392179625873,18.23069953918457,26840,0.0,0.0
2016-10-19 00:00:00+08:00,18.279312133789062,18.327927975506253,18.279312133789062,18.279312133789062,103335,0.0,0.0
2016-10-20 00:00:00+08:00,18.32792854309082,18.32792854309082,18.32792854309082,18.32792854309082,1429,0.0,0.0
2016-10-21 00:00:00+08:00,18.327928623697677,18.66823387145996,18.327928623697677,18.66823387145996,16748,0.0,0.0
2016-10-24 00:00:00+08:00,18.716850873389518,19.34884895837167,18.716850873389518,18.935619354248047,28201,0.0,0.0
2016-10-25 00:00:00+08:00,18.522390553091043,19.34884979716623,18.522390553091043,19.27592658996582,14823,0.0,0.0
2016-10-26 00:00:00+08:00,19.251616799834135,19.251616799834135,18.862695693969727,18.862695693969727,6710,0.0,0.0
2016-10-27 00:00:00+08:00,18.862695693969727,18.862695693969727,18.862695693969727,18.862695693969727,1220,0.0,0.0
2016-10-28 00:00:00+08:00,18.86269347243514,18.86269347243514,18.37654186454595,18.571002960205078,12280,0.0,0.0
2016-10-31 00:00:00+08:00,18.522388812794663,18.619619369506836,18.522388812794663,18.619619369506836,6100,0.0,0.0
2016-11-01 00:00:00+08:00,18.619620552554437,18.619620552554437,18.255006790161133,18.255006790161133,30500,0.0,0.0
2016-11-02 00:00:00+08:00,18.230699066524277,18.230699066524277,17.98762321472168,17.98762321472168,10533,0.0,0.0
2016-11-03 00:00:00+08:00,17.501470214309325,17.501470214309325,17.307009094772702,17.404239654541016,12200,0.0,0.0
2016-11-04 00:00:00+08:00,17.20977963327565,17.234086990356445,17.20977963327565,17.234086990356445,3785,0.0,0.0
2016-11-07 00:00:00+08:00,17.258396618794784,17.6716251373291,17.234089258514924,17.6716251373291,14640,0.0,0.0
2016-11-08 00:00:00+08:00,17.404240961233015,17.404240961233015,16.772243972177478,17.01531982421875,37881,0.0,0.0
2016-11-09 00:00:00+08:00,17.015320336246564,17.015320336246564,16.28609275817871,16.28609275817871,18974,0.0,0.0
2016-11-10 00:00:00+08:00,16.140245088838928,16.140245088838928,15.945783963895447,16.043014526367188,59057,0.0,0.0
2016-11-11 00:00:00+08:00,15.605478757523086,15.7999387520226,14.82763538574862,15.36240291595459,173327,0.0,0.0
2016-11-14 00:00:00+08:00,15.070711150458056,15.556862831115723,15.070711150458056,15.556862831115723,32940,0.0,0.0
2016-11-15 00:00:00+08:00,15.483939010374575,15.702706336975096,15.483939010374575,15.702706336975098,6832,0.0,0.0
2016-11-16 00:00:00+08:00,15.848553657531738,15.848553657531738,15.848553657531738,15.848553657531738,2440,0.0,0.0
2016-11-17 00:00:00+08:00,15.848553657531738,15.897168370453723,15.848553657531738,15.848553657531738,31720,0.0,0.0
2016-11-18 00:00:00+08:00,15.848553657531738,15.848553657531738,15.848553657531738,15.848553657531738,0,0.0,0.0
2016-11-21 00:00:00+08:00,15.848556914365396,15.945786360189745,15.629788398742676,15.629788398742676,15250,0.0,0.0
2016-11-22 00:00:00+08:00,15.411015510559082,15.435322865118454,15.411015510559082,15.411015510559082,19032,0.0,0.0
2016-11-23 00:00:00+08:00,15.411017553170183,15.556862831115723,15.411017553170183,15.556862831115723,11529,0.0,0.0
2016-11-24 00:00:00+08:00,15.556863308108998,15.556863308108998,15.313787460327148,15.313787460327148,20984,0.0,0.0
2016-11-25 00:00:00+08:00,15.313786612857513,15.313786612857513,15.265170767236258,15.28947925567627,25704,0.0,0.0
2016-11-28 00:00:00+08:00,15.36240343860691,15.459632873535158,15.36240343860691,15.459632873535156,2542,0.0,0.0
2016-11-29 00:00:00+08:00,15.556863439722248,15.654094005909338,15.38670966608013,15.459632873535156,17571,0.0,0.0
2016-11-30 00:00:00+08:00,15.970091821418531,16.018706535102528,15.654092788696289,15.654092788696289,13298,0.0,0.0
2016-12-01 00:00:00+08:00,15.678399085998535,15.678399085998535,15.678399085998535,15.678399085998535,2440,0.0,0.0
2016-12-02 00:00:00+08:00,15.556862981891413,15.556862981891413,15.265171291914486,15.386709213256836,16165,0.0,0.0
2016-12-05 00:00:00+08:00,15.386709142600877,15.459632347574946,15.338094426790699,15.36240291595459,7320,0.0,0.0
2016-12-06 00:00:00+08:00,15.36240291595459,15.508247063385124,15.36240291595459,15.36240291595459,28548,0.0,0.0
2016-12-07 00:00:00+08:00,15.411017631764768,15.411017631764768,15.338094426790699,15.36240291595459,24400,0.0,0.0
2016-12-08 00:00:00+08:00,15.362403176171346,15.362403176171346,15.16794204711914,15.16794204711914,62830,0.0,0.0
2016-12-09 00:00:00+08:00,15.216556656240781,15.216556656240781,15.167941939950627,15.192249298095703,15048,0.0,0.0
2016-12-12 00:00:00+08:00,15.216558186813275,15.702709923650133,15.216558186813275,15.581171989440918,13054,0.0,0.0
2016-12-13 00:00:00+08:00,15.362403308638816,15.362403308638816,15.313787460327148,15.313787460327148,4880,0.0,0.0
2016-12-14 00:00:00+08:00,15.362403308638816,15.362403308638816,15.313787460327148,15.313787460327148,2440,0.0,0.0
2016-12-15 00:00:00+08:00,15.265170308298863,15.265170308298863,15.21655559539795,15.21655559539795,2501,0.0,0.0
2016-12-16 00:00:00+08:00,15.532555865141381,15.532555865141381,15.508247375488281,15.508247375488281,2538,0.0,0.0
2016-12-19 00:00:00+08:00,15.435325384218073,15.435325384218073,15.313787460327148,15.313787460327148,13420,0.0,0.0
2016-12-20 00:00:00+08:00,15.36240291595459,15.36240291595459,15.36240291595459,15.36240291595459,2440,0.0,0.0
2016-12-21 00:00:00+08:00,15.36240291595459,15.36240291595459,15.31378706888561,15.36240291595459,8540,0.0,0.0
2016-12-22 00:00:00+08:00,15.362405047883902,15.50824921555407,15.362405047883902,15.483942985534668,12386,0.0,0.0
2016-12-23 00:00:00+08:00,15.654093545217057,15.654093545217057,15.386709213256838,15.386709213256836,21960,0.0,0.0
2016-12-26 00:00:00+08:00,15.362403308638816,15.362403308638816,15.265171612015479,15.313787460327148,21960,0.0,0.0
2016-12-27 00:00:00+08:00,15.313788760432432,15.581171989440918,15.313788760432432,15.581171989440918,8540,0.0,0.0
2016-12-28 00:00:00+08:00,15.581169335931012,15.581169335931012,15.167940882497035,15.21655559539795,40260,0.0,0.0
2016-12-29 00:00:00+08:00,15.167939570422977,15.216554279118569,15.11932373046875,15.11932373046875,20781,0.0,0.0
2016-12-30 00:00:00+08:00,15.21655676375278,15.362403176171346,15.16794204711914,15.16794204711914,25620,0.0,0.0
2017-01-03 00:00:00+08:00,15.508249913361917,15.508249913361917,15.070713996887207,15.070713996887207,28534,0.0,0.0
2017-01-04 00:00:00+08:00,15.070713996887207,15.289482520754067,14.900560197764532,15.070713996887207,26294,0.0,0.0
2017-01-05 00:00:00+08:00,15.31378988312616,15.31378988312616,14.973483416139823,15.070713996887207,21960,0.0,0.0
2017-01-06 00:00:00+08:00,15.070712704366533,15.070712704366533,14.973482131958008,14.973482131958008,31729,0.0,0.0
2017-01-09 00:00:00+08:00,15.070713996887207,15.216559302378776,14.973483416139823,15.070713996887207,32208,0.0,0.0
2017-01-10 00:00:00+08:00,15.095018840909857,15.16794204711914,15.095018840909857,15.16794204711914,2440,0.0,0.0
2017-01-11 00:00:00+08:00,15.095020742347552,15.338096618652346,15.095020742347552,15.338096618652344,18300,0.0,0.0
2017-01-12 00:00:00+08:00,15.338094818853566,15.338094818853566,15.313787460327148,15.313787460327148,9356,0.0,0.0
2017-01-13 00:00:00+08:00,15.31378783512482,15.31378783512482,15.070711981393806,15.095019340515137,26962,0.0,0.0
2017-01-16 00:00:00+08:00,15.095021359259299,15.095021359259299,15.070713996887207,15.070713996887207,2524,0.0,0.0
2017-01-17 00:00:00+08:00,15.02209814088401,15.070713996887207,15.02209814088401,15.070713996887207,6808,0.0,0.0
2017-01-18 00:00:00+08:00,15.07071032543647,15.313786152458514,15.07071032543647,15.21655559539795,17080,0.0,0.0
2017-01-19 00:00:00+08:00,15.143633557543497,15.21655676375278,15.119326199226677,15.16794204711914,7687,0.0,0.0
2017-01-20 00:00:00+08:00,15.28947925567627,15.28947925567627,15.28947925567627,15.28947925567627,5368,0.0,0.0
2017-01-23 00:00:00+08:00,15.289480101800729,15.313787460327148,15.289480101800729,15.313787460327148,7140,0.0,0.0
2017-01-24 00:00:00+08:00,15.313788921192087,15.313788921192087,15.240865707397461,15.240865707397461,10980,0.0,0.0
2017-02-02 00:00:00+08:00,15.50824533708596,15.775629638054482,15.50824533708596,15.678399085998535,22387,0.0,0.0
2017-02-03 00:00:00+08:00,15.848553208086242,16.091629028320312,15.751322653740873,16.091629028320312,38589,0.0,0.0
2017-02-06 00:00:00+08:00,16.480552796920463,16.62639808654785,16.45624543719238,16.62639808654785,42846,0.0,0.0
2017-02-07 00:00:00+08:00,16.62639852411277,16.723629096842856,16.383322657917017,16.5291690826416,42863,0.0,0.0
2017-02-08 00:00:00+08:00,16.383322657917017,16.62639852411277,16.383322657917017,16.5291690826416,27154,0.0,0.0
2017-02-09 00:00:00+08:00,16.334707044007605,16.38332176208496,16.310399684968928,16.38332176208496,6100,0.0,0.0
2017-02-10 00:00:00+08:00,16.431938509911518,16.5291690826416,16.431938509911518,16.5291690826416,37855,0.0,0.0
2017-02-13 00:00:00+08:00,16.65070701573948,16.65070701573948,16.5291690826416,16.5291690826416,12932,0.0,0.0
2017-02-14 00:00:00+08:00,16.529168755909364,16.60209083557129,16.286092894518493,16.60209083557129,6100,0.0,0.0
2017-02-15 00:00:00+08:00,16.52916490484422,16.577779613292286,16.431934356689453,16.431934356689453,45451,0.0,0.0
2017-02-16 00:00:00+08:00,16.431934094900498,16.431934094900498,16.286088840621233,16.310396194458008,17365,0.0,0.0
2017-02-17 00:00:00+08:00,16.310396194458008,16.310396194458008,16.310396194458008,16.310396194458008,6100,0.0,0.0
2017-02-20 00:00:00+08:00,16.431938509911518,16.5291690826416,16.431938509911518,16.5291690826416,17666,0.0,0.0
2017-02-21 00:00:00+08:00,16.602091163744976,16.62639852411277,16.5291690826416,16.5291690826416,8540,0.0,0.0
2017-02-22 00:00:00+08:00,16.5291690826416,16.5291690826416,16.5291690826416,16.5291690826416,11901,0.0,0.0
2017-02-23 00:00:00+08:00,16.626394321740353,16.626394321740353,16.431934356689453,16.431934356689453,16914,0.0,0.0
2017-02-24 00:00:00+08:00,16.431938185101238,16.67501404649211,16.431938185101238,16.60209083557129,14701,0.0,0.0
2017-03-01 00:00:00+08:00,16.602092966982674,16.602092966982674,16.529170877958858,16.553478240966797,6100,0.0,0.0
2017-03-02 00:00:00+08:00,16.553478240966797,16.553478240966797,16.553478240966797,16.553478240966797,3294,0.0,0.0
2017-03-03 00:00:00+08:00,16.553478240966797,16.553478240966797,16.553478240966797,16.553478240966797,183,0.0,0.0
2017-03-06 00:00:00+08:00,16.5291690826416,16.553476443009394,16.5291690826416,16.5291690826416,4880,0.0,0.0
2017-03-07 00:00:00+08:00,16.5291690826416,16.5291690826416,16.4805532306471,16.5291690826416,5064,0.0,0.0
2017-03-08 00:00:00+08:00,16.675013690181032,18.13346995862092,16.675013690181032,17.914701461791992,63725,0.0,0.0
2017-03-09 00:00:00+08:00,17.914700279604205,17.914700279604205,17.307009547954642,17.477163314819336,28690,0.0,0.0
2017-03-10 00:00:00+08:00,17.47716488194575,17.744548103841403,17.258396379936983,17.379934310913086,15982,0.0,0.0
2017-03-13 00:00:00+08:00,17.331318884375946,17.331318884375946,17.01531982421875,17.01531982421875,24891,0.0,0.0
2017-03-14 00:00:00+08:00,17.74454689025879,17.91470066074354,17.42854783882912,17.74454689025879,51060,0.0,0.0
2017-03-15 00:00:00+08:00,17.866085752027477,18.376545959054514,17.744547822975115,18.23069953918457,90289,0.0,0.0
2017-03-16 00:00:00+08:00,18.37654642295818,18.814083431095575,18.37654642295818,18.47377586364746,53324,0.0,0.0
2017-03-17 00:00:00+08:00,18.473773896625485,18.473773896625485,17.98762221990716,18.133468627929688,45364,0.0,0.0
2017-03-20 00:00:00+08:00,18.13346827638527,18.571005229452968,18.036237716674805,18.036237716674805,35384,0.0,0.0
2017-03-21 00:00:00+08:00,18.03623938989041,18.03623938989041,17.890394102424086,17.914701461791992,22085,0.0,0.0
2017-03-22 00:00:00+08:00,17.841777562682097,17.89039341079734,17.720239639282227,17.720239639282227,22143,0.0,0.0
2017-03-23 00:00:00+08:00,17.67162163609385,17.67162163609385,17.574392214238248,17.59869956970215,28426,0.0,0.0
2017-03-24 00:00:00+08:00,17.598701609313874,17.890393302462524,17.598701609313874,17.74454689025879,14640,0.0,0.0
2017-03-27 00:00:00+08:00,17.744544833744243,17.744544833744243,17.59869956970215,17.59869956970215,12241,0.0,0.0
2017-03-28 00:00:00+08:00,18.814084458261835,18.814084458261835,17.45285863918807,17.647319793701172,27473,0.0,0.0
2017-03-29 00:00:00+08:00,17.501470107714354,17.501470107714354,17.379932191558897,17.428546905517578,20069,0.0,0.0
2017-03-30 00:00:00+08:00,17.063935356937534,17.525779724121094,17.063935356937534,17.525779724121094,23424,0.0,0.0
2017-03-31 00:00:00+08:00,17.307009094772702,17.404239654541016,17.307009094772702,17.404239654541016,24413,0.0,0.0
2017-04-05 00:00:00+08:00,16.96670202414707,17.47716099445212,16.96670202414707,17.20977783203125,25745,0.0,0.0
2017-04-06 00:00:00+08:00,17.18547293856956,17.40424143764692,17.18547293856956,17.25839614868164,14640,0.0,0.0
2017-04-07 00:00:00+08:00,17.18547361115511,17.452857971191406,17.18547361115511,17.452857971191406,18324,0.0,0.0
2017-04-10 00:00:00+08:00,17.890394102424086,17.914701461791992,17.525779186869958,17.914701461791992,41480,0.0,0.0
2017-04-11 00:00:00+08:00,17.914701137936213,18.716851901388317,17.744547362919086,17.98762321472168,108580,0.0,0.0
2017-04-12 00:00:00+08:00,17.98762413516543,18.52239171525101,17.98762413516543,18.47377586364746,81116,0.0,0.0
2017-04-13 00:00:00+08:00,18.42515874283554,19.34884849037369,18.42515874283554,18.862695693969727,171898,0.0,0.0
2017-04-14 00:00:00+08:00,18.765467217686737,18.765467217686737,17.841778498876376,18.206392288208008,110159,0.0,0.0
2017-04-17 00:00:00+08:00,17.59870305648953,17.695933628867873,17.59870305648953,17.6716251373291,25661,0.0,0.0
2017-04-18 00:00:00+08:00,18.133467046201407,18.133467046201407,17.574392214238248,17.59869956970215,19520,0.0,0.0
2017-04-19 00:00:00+08:00,17.550087084234143,17.550087084234143,17.501472364008045,17.525779724121094,29892,0.0,0.0
2017-04-20 00:00:00+08:00,17.501470214309325,17.501470214309325,17.25839438051793,17.404239654541016,20069,0.0,0.0
2017-04-21 00:00:00+08:00,17.42854722486206,17.501470428395017,17.30700930647966,17.35562515258789,26781,0.0,0.0
2017-04-24 00:00:00+08:00,17.20978092172729,17.939008476299072,17.20978092172729,17.81747055053711,32940,0.0,0.0
2017-04-25 00:00:00+08:00,17.93900694640349,18.109159575455543,17.695931115609845,18.08485221862793,21960,0.0,0.0
2017-04-26 00:00:00+08:00,18.03623685811503,18.03623685811503,17.69593048095703,17.69593048095703,28325,0.0,0.0
2017-04-27 00:00:00+08:00,17.623010186242233,17.623010186242233,17.501472255173873,17.550086975097656,66104,0.0,0.0
2017-04-28 00:00:00+08:00,17.452857971191406,17.550087413467594,17.404242118794386,17.452857971191406,16043,0.0,0.0
2017-05-02 00:00:00+08:00,17.501471597207274,17.793163299560547,17.42854838880424,17.793163299560547,13502,0.0,0.0
2017-05-03 00:00:00+08:00,17.939009259523527,17.939009259523527,17.525779615135765,17.550086975097656,22410,0.0,0.0
2017-05-04 00:00:00+08:00,17.452855353805198,17.939007017314193,17.404239508699042,17.890392303466797,30808,0.0,0.0
2017-05-05 00:00:00+08:00,17.86608381528434,18.084852290115137,17.647316471712298,17.890392303466797,24783,0.0,0.0
2017-05-08 00:00:00+08:00,17.841779816955302,17.841779816955302,17.574396577944015,17.647319793701172,42822,0.0,0.0
2017-05-09 00:00:00+08:00,17.52577637205176,17.59869956970215,17.258393199431474,17.59869956970215,35380,0.0,0.0
2017-05-10 00:00:00+08:00,17.987620828741562,18.571004153195137,17.987620828741562,18.376543045043945,207522,0.0,0.0
2017-05-11 00:00:00+08:00,18.765462924605576,18.765462924605576,18.52238712066098,18.571002960205078,70525,0.0,0.0
2017-05-12 00:00:00+08:00,18.571008015944848,18.571008015944848,18.303623653806625,18.54669952392578,34944,0.0,0.0
2017-05-15 00:00:00+08:00,18.54669952392578,18.643930098225233,18.47377631038646,18.54669952392578,29280,0.0,0.0
2017-05-16 00:00:00+08:00,18.47377586364746,18.52239171525101,18.327931702613544,18.47377586364746,20740,0.0,0.0
2017-05-17 00:00:00+08:00,18.473772615197074,18.522388458251953,18.376543191604732,18.522388458251953,25945,0.0,0.0
2017-05-18 00:00:00+08:00,18.23069808798412,18.44946770037453,18.20639073036034,18.303621292114258,25620,0.0,0.0
2017-05-19 00:00:00+08:00,18.30362274911954,18.473775397289298,18.23069953918457,18.23069953918457,46536,0.0,0.0
2017-05-22 00:00:00+08:00,18.230698935347622,18.230698935347622,17.841777801513672,17.841777801513672,37820,0.0,0.0
2017-05-23 00:00:00+08:00,17.793163299560547,17.987623303203872,17.793163299560547,17.793163299560547,30092,0.0,0.0
2017-05-24 00:00:00+08:00,17.793163299560547,17.793163299560547,17.720240091157514,17.793163299560547,34282,0.0,0.0
2017-05-25 00:00:00+08:00,17.793163212034916,18.59531397548702,17.744547362919086,17.98762321472168,19610,0.0,0.0
2017-05-26 00:00:00+08:00,17.98762321472168,18.03623906383751,17.914701137936213,17.98762321472168,18300,0.0,0.0
2017-05-31 00:00:00+08:00,18.0119320305225,18.03623938989041,17.914701461791992,17.914701461791992,31157,0.0,0.0
2017-06-01 00:00:00+08:00,17.914701461791992,17.987623539895722,17.890394102424086,17.914701461791992,40164,0.0,0.0
2017-06-02 00:00:00+08:00,17.987623431210633,18.23069928593875,17.914701353547514,17.939008712768555,37411,0.0,0.0
2017-06-05 00:00:00+08:00,17.98762221990716,18.230698058266324,17.98762221990716,18.133468627929688,12750,0.0,0.0
2017-06-06 00:00:00+08:00,18.133470317533405,18.27931560788642,18.133470317533405,18.182085037231445,18407,0.0,0.0
2017-06-07 00:00:00+08:00,18.327932145825688,18.571008015944848,18.303623653806625,18.54669952392578,77432,0.0,0.0
2017-06-08 00:00:00+08:00,18.522388458251953,18.571004301306836,18.473772615197074,18.522388458251953,47580,0.0,0.0
2017-06-09 00:00:00+08:00,18.522390017381174,18.522390017381174,18.230698328274762,18.425159454345703,47087,0.0,0.0
2017-06-12 00:00:00+08:00,18.425158048053348,18.66823387145996,18.425158048053348,18.66823387145996,47580,0.0,0.0
2017-06-13 00:00:00+08:00,18.692542923937918,18.911310266610872,18.692542923937918,18.71685028076172,108198,0.0,0.0
2017-06-14 00:00:00+08:00,18.716852859147387,18.76546757949203,18.279315851009994,18.47377586364746,54900,0.0,0.0
2017-06-15 00:00:00+08:00,18.303619489018317,18.376542685964765,18.279312133789062,18.279312133789062,15225,0.0,0.0
2017-06-16 00:00:00+08:00,18.327928333635498,18.376543045043945,18.327928333635498,18.376543045043945,13650,0.0,0.0
2017-06-19 00:00:00+08:00,18.376544496244392,18.400851853868176,18.303621292114258,18.303621292114258,12584,0.0,0.0
2017-06-20 00:00:00+08:00,18.303620585606254,18.303620585606254,18.109159469604492,18.109159469604492,54984,0.0,0.0
2017-06-21 00:00:00+08:00,18.109161718134462,18.765467217686737,17.98762378835725,18.206392288208008,64435,0.0,0.0
2017-06-22 00:00:00+08:00,18.230698300994536,18.255006790161133,18.230698300994536,18.255006790161133,10355,0.0,0.0
2017-06-23 00:00:00+08:00,18.303621505976718,18.303621505976718,18.255006790161133,18.255006790161133,24402,0.0,0.0
2017-06-26 00:00:00+08:00,18.255004778559805,18.327927975506253,18.255004778559805,18.279312133789062,9841,0.0,0.0
2017-06-27 00:00:00+08:00,18.279315851009994,18.6196222871992,18.279315851009994,18.47377586364746,117982,0.0,0.0
2017-06-28 00:00:00+08:00,18.473774268665423,19.2030029296875,18.473774268665423,19.2030029296875,243464,0.0,0.0
2017-06-29 00:00:00+08:00,19.203002550293455,19.203002550293455,18.81408143502206,18.935619354248047,111386,0.0,0.0
2017-06-30 00:00:00+08:00,18.61962153053948,18.93562059371487,18.61962153053948,18.911312103271484,19546,0.0,0.0
2017-07-03 00:00:00+08:00,19.30023530413738,19.44608173733012,18.95992997671161,19.057159423828125,68930,0.0,0.0
2017-07-04 00:00:00+08:00,19.275927016074785,19.275927016074785,18.911312103271484,18.911312103271484,74542,0.0,0.0
2017-07-05 00:00:00+08:00,18.862697279004834,19.105774263261992,18.7897740706018,17.793163299560547,60904,0.0,0.0
2017-07-06 00:00:00+08:00,19.437013728215298,19.463104636226692,19.04566467854401,19.33265495300293,313540,2.049472,0.0
2017-07-07 00:00:00+08:00,19.30656546956207,19.30656546956207,18.83694608962147,18.967395782470703,62234,0.0,0.0
2017-07-10 00:00:00+08:00,18.993484832301803,18.993484832301803,18.836944244846634,18.91521453857422,12224,0.0,0.0
2017-07-11 00:00:00+08:00,19.30656383993082,19.30656383993082,19.045664476254387,19.09784507751465,32920,0.0,0.0
2017-07-12 00:00:00+08:00,19.09784410645664,19.776182174682617,19.09784410645664,19.776182174682617,24924,0.0,0.0
2017-07-13 00:00:00+08:00,19.697913011486218,20.14144266109914,19.697913011486218,20.03708267211914,70882,0.0,0.0
2017-07-14 00:00:00+08:00,20.03708521514755,20.350165221822436,20.03708521514755,20.089265823364258,42700,0.0,0.0
2017-07-17 00:00:00+08:00,20.141447067260742,20.141447067260742,20.089267668460078,20.141447067260742,7442,0.0,0.0
2017-07-18 00:00:00+08:00,20.14144441729322,20.35016441345215,20.14144441729322,20.35016441345215,39657,0.0,0.0
2017-07-19 00:00:00+08:00,20.193625023437153,20.454523197323212,20.193625023437153,20.35016441345215,45720,0.0,0.0
2017-07-20 00:00:00+08:00,20.35016441345215,20.50670501767555,19.93272563534269,20.35016441345215,77836,0.0,0.0
2017-07-21 00:00:00+08:00,20.245802798235413,22.33299895048434,20.245802798235413,22.17645835876465,219608,0.0,0.0
2017-07-24 00:00:00+08:00,22.17645835876465,22.17645835876465,21.811200215974186,22.17645835876465,103114,0.0,0.0
2017-07-25 00:00:00+08:00,24.394107160065747,24.394107160065747,23.167878103204448,23.950578689575195,183386,0.0,0.0
2017-07-26 00:00:00+08:00,23.95057990325164,23.95057990325164,23.533139893156044,23.55923080444336,54735,0.0,0.0
2017-07-27 00:00:00+08:00,23.48095984925495,25.046356201171875,22.46345076345884,25.046356201171875,112935,0.0,0.0
2017-07-28 00:00:00+08:00,25.046353207113228,25.046353207113228,24.263655124719044,24.733274459838867,69832,0.0,0.0
2017-07-31 00:00:00+08:00,24.472374065961123,25.150713346767212,24.10711351921306,25.020263671875,57849,0.0,0.0
2017-08-01 00:00:00+08:00,24.524554718852787,24.759363174438477,24.31583474254519,24.759363174438477,36970,0.0,0.0
2017-08-02 00:00:00+08:00,24.289746340066962,24.394105114342437,24.054935455322266,24.054935455322266,67466,0.0,0.0
2017-08-03 00:00:00+08:00,24.054939329012132,24.054939329012132,23.428781725692755,24.00275993347168,50018,0.0,0.0
2017-08-04 00:00:00+08:00,23.480957290698118,24.21147599434317,23.480957290698118,24.107114791870117,41663,0.0,0.0
2017-08-07 00:00:00+08:00,23.63749545178283,24.107114791870117,23.63749545178283,24.107114791870117,93981,0.0,0.0
2017-08-08 00:00:00+08:00,23.898396869644834,23.950578689575195,23.741858695104114,23.950578689575195,46360,0.0,0.0
2017-08-09 00:00:00+08:00,23.79403888602057,23.79403888602057,23.53313949127054,23.689680099487305,29646,0.0,0.0
2017-08-10 00:00:00+08:00,23.68967930347562,23.68967930347562,22.80261993408203,22.80261993408203,32170,0.0,0.0
2017-08-11 00:00:00+08:00,22.43735933665522,22.80261993408203,22.43735933665522,22.80261993408203,19886,0.0,0.0
2017-08-14 00:00:00+08:00,22.77652744186451,22.77652744186451,21.811200266469218,22.124279022216797,32981,0.0,0.0
2017-08-15 00:00:00+08:00,21.96774361156948,22.359092712402344,21.96774361156948,22.359092712402344,9758,0.0,0.0
2017-08-16 00:00:00+08:00,22.35909138089433,22.35909138089433,21.915560483629623,22.306909561157227,25010,0.0,0.0
2017-08-17 00:00:00+08:00,22.228642954716573,22.43736053188819,22.17646113200675,22.411272048950195,16238,0.0,0.0
2017-08-18 00:00:00+08:00,22.280822812737306,22.437360998874027,22.2286434173584,22.2286434173584,30500,0.0,0.0
2017-08-21 00:00:00+08:00,22.228641054873595,23.01133918762207,22.228641054873595,23.01133918762207,27206,0.0,0.0
2017-08-22 00:00:00+08:00,22.959159797788846,23.115697967288515,22.959159797788846,23.01133918762207,14274,0.0,0.0
2017-08-23 00:00:00+08:00,23.01133918762207,23.01133918762207,23.01133918762207,23.01133918762207,1220,0.0,0.0
2017-08-24 00:00:00+08:00,22.541719436645508,22.541719436645508,22.541719436645508,22.541719436645508,1220,0.0,0.0
2017-08-25 00:00:00+08:00,22.437358463330888,22.567808151245117,22.332999684366182,22.567808151245117,4895,0.0,0.0
2017-08-28 00:00:00+08:00,22.43735628418441,22.593896865844727,22.43735628418441,22.593896865844727,16074,0.0,0.0
2017-08-29 00:00:00+08:00,22.59389815045837,22.698259353637695,22.541718763077004,22.698259353637695,5692,0.0,0.0
2017-08-30 00:00:00+08:00,22.541718331125,22.880887985229492,22.28081897080102,22.880887985229492,33149,0.0,0.0
2017-08-31 00:00:00+08:00,22.698259353637695,22.698259353637695,22.698259353637695,22.698259353637695,4270,0.0,0.0
2017-09-01 00:00:00+08:00,22.646078214526582,22.646078214526582,22.48954004770497,22.541719436645508,14724,0.0,0.0
2017-09-04 00:00:00+08:00,22.35909035894149,22.35909035894149,21.941650390625,21.941650390625,37942,0.0,0.0
2017-09-05 00:00:00+08:00,22.07210007934734,22.593898825586045,22.07210007934734,22.541719436645508,21371,0.0,0.0
2017-09-06 00:00:00+08:00,22.280818939208984,22.54171829916304,21.915558378223377,22.280818939208984,23180,0.0,0.0
2017-09-07 00:00:00+08:00,22.280821648144315,22.280821648144315,22.019922256469723,22.019922256469727,12200,0.0,0.0
2017-09-08 00:00:00+08:00,22.515630837536,22.515630837536,22.17646113200675,22.411272048950195,18300,0.0,0.0
2017-09-11 00:00:00+08:00,22.46344976560754,22.489540675013902,22.359090984815545,22.437358856201172,22326,0.0,0.0
2017-09-12 00:00:00+08:00,22.43735709813149,22.43735709813149,22.22863955290148,22.280818939208984,20740,0.0,0.0
2017-09-13 00:00:00+08:00,22.280822812737306,22.280822812737306,22.2286434173584,22.2286434173584,7564,0.0,0.0
2017-09-14 00:00:00+08:00,22.176459897337757,22.95916048182232,22.019921723174267,22.854799270629883,69764,0.0,0.0
2017-09-15 00:00:00+08:00,22.85480089832799,22.85480089832799,22.280822695350103,22.3330020904541,37824,0.0,0.0
2017-09-18 00:00:00+08:00,22.437357777964376,22.437357777964376,22.124279022216797,22.124279022216797,8723,0.0,0.0
2017-09-19 00:00:00+08:00,22.124279177336252,22.17645856559059,21.967741012573242,21.967741012573242,19520,0.0,0.0
2017-09-20 00:00:00+08:00,21.967741012573242,22.01992040082758,21.759021031139255,21.967741012573242,71126,0.0,0.0
2017-09-21 00:00:00+08:00,21.91555987532504,21.91555987532504,21.70683988742035,21.811201095581055,73200,0.0,0.0
2017-09-22 00:00:00+08:00,21.811201095581055,22.150370772374085,21.811201095581055,21.811201095581055,18324,0.0,0.0
2017-09-25 00:00:00+08:00,21.75902136641512,21.75902136641512,21.18504080152327,21.28940200805664,33296,0.0,0.0
2017-09-26 00:00:00+08:00,21.28940234860844,21.28940234860844,21.185041140405676,21.211132049560547,19604,0.0,0.0
2017-09-27 00:00:00+08:00,21.237225158676182,21.237225158676182,21.185043334960938,21.185043334960938,12200,0.0,0.0
2017-09-28 00:00:00+08:00,21.3937595422545,21.65465890079318,21.13286018371582,21.13286018371582,66576,0.0,0.0
2017-09-29 00:00:00+08:00,21.13286023331486,21.13286023331486,21.08068084716797,21.08068084716797,11771,0.0,0.0
2017-10-02 00:00:00+08:00,21.158952713012695,21.185041193816623,21.132861803792046,21.158952713012695,40260,0.0,0.0
2017-10-03 00:00:00+08:00,21.393760681152344,21.393760681152344,21.13286130872467,21.393760681152344,44042,0.0,0.0
2017-10-05 00:00:00+08:00,21.4459392951554,21.654659271240234,21.393759908238337,21.654659271240234,7770,0.0,0.0
2017-10-06 00:00:00+08:00,21.654661344685113,21.654661344685113,21.39376195670197,21.498123168945312,11285,0.0,0.0
2017-10-11 00:00:00+08:00,21.654661926728778,21.732932230910865,21.39376253173306,21.445941925048828,12434,0.0,0.0
2017-10-12 00:00:00+08:00,21.445940069954545,21.445940069954545,21.185040697526876,21.393760681152344,16721,0.0,0.0
2017-10-13 00:00:00+08:00,21.185040853904745,21.34158144988352,21.13286146471738,21.23722267150879,16317,0.0,0.0
2017-10-16 00:00:00+08:00,21.393760839070886,21.472031137060274,21.23722267150879,21.23722267150879,45547,0.0,0.0
2017-10-17 00:00:00+08:00,21.26331110010384,21.915559534398948,21.26331110010384,21.88947105407715,80520,0.0,0.0
2017-10-18 00:00:00+08:00,21.889470154991884,21.889470154991884,21.524209589739286,21.654659271240234,28060,0.0,0.0
2017-10-19 00:00:00+08:00,21.915558583388595,21.915558583388595,21.576388926589836,21.706838607788086,68564,0.0,0.0
2017-10-20 00:00:00+08:00,21.706838607788086,21.706838607788086,21.706838607788086,21.706838607788086,6100,0.0,0.0
2017-10-23 00:00:00+08:00,21.75901888893029,21.75901888893029,21.472028639161113,21.576387405395508,37820,0.0,0.0
2017-10-24 00:00:00+08:00,21.445937733394317,21.576387405395504,21.445937733394317,21.576387405395508,9984,0.0,0.0
2017-10-25 00:00:00+08:00,21.576387405395504,21.576387405395504,21.49811954492791,21.576387405395508,7320,0.0,0.0
2017-10-26 00:00:00+08:00,21.550300497406106,21.654659271240234,21.49812111048904,21.654659271240234,6100,0.0,0.0
2017-10-27 00:00:00+08:00,21.524210473027544,21.524210473027544,20.89805294749402,21.28940200805664,58370,0.0,0.0
2017-10-30 00:00:00+08:00,21.289401449695834,21.289401449695834,20.87196149134397,20.976320266723633,48068,0.0,0.0
2017-10-31 00:00:00+08:00,20.97631964645764,21.08068084716797,20.97631964645764,21.08068084716797,13908,0.0,0.0
2017-11-01 00:00:00+08:00,21.13286018371582,21.13286018371582,21.13286018371582,21.13286018371582,2599,0.0,0.0
2017-11-02 00:00:00+08:00,21.13286085820973,21.13286085820973,20.976320266723633,20.976320266723633,10248,0.0,0.0
2017-11-03 00:00:00+08:00,20.976322342992592,20.976322342992592,20.81978416442871,20.81978416442871,23180,0.0,0.0
2017-11-06 00:00:00+08:00,20.924143006869162,20.924143006869162,20.76760482788086,20.76760482788086,25864,0.0,0.0
2017-11-07 00:00:00+08:00,20.950232789657807,21.132861869520212,20.42843403095567,20.506704330444336,57462,0.0,0.0
2017-11-08 00:00:00+08:00,20.558885400632015,20.715423583984375,20.454524183313513,20.715423583984375,11712,0.0,0.0
2017-11-09 00:00:00+08:00,20.66324418953359,20.97632298465524,20.66324418953359,20.715423583984375,42700,0.0,0.0
2017-11-10 00:00:00+08:00,21.080681573826702,21.106772482007784,20.84587068544685,20.87196159362793,70760,0.0,0.0
2017-11-13 00:00:00+08:00,21.10677558955031,21.10677558955031,20.532794952392578,20.532794952392578,50104,0.0,0.0
2017-11-14 00:00:00+08:00,20.55888171110481,20.611061096191406,20.55888171110481,20.611061096191406,9760,0.0,0.0
2017-11-15 00:00:00+08:00,20.87196188021902,20.976320657543035,20.663241897154332,20.845870971679688,21960,0.0,0.0
2017-11-16 00:00:00+08:00,20.871962037941557,20.871962037941557,20.66324205329964,20.689332962036133,37483,0.0,0.0
2017-11-17 00:00:00+08:00,20.689332962036133,20.741512351092442,20.66324205329964,20.689332962036133,39142,0.0,0.0
2017-11-20 00:00:00+08:00,20.68933335632737,20.68933335632737,20.558883666992188,20.558883666992188,47580,0.0,0.0
2017-11-21 00:00:00+08:00,20.715421729868407,20.715421729868407,20.532792651428245,20.66324234008789,24796,0.0,0.0
2017-11-22 00:00:00+08:00,20.66324290119469,20.66324290119469,20.27189382458874,20.37625503540039,83002,0.0,0.0
2017-11-23 00:00:00+08:00,20.584972201516276,20.584972201516276,20.506704330444336,20.506704330444336,4880,0.0,0.0
2017-11-24 00:00:00+08:00,20.50670461816396,20.50670461816396,20.480613708496094,20.480613708496094,14640,0.0,0.0
2017-11-27 00:00:00+08:00,20.506704276941456,20.767603655611826,20.480613367707733,20.558883666992188,42890,0.0,0.0
2017-11-28 00:00:00+08:00,20.611063057042916,20.767603655611826,20.558883666992188,20.558883666992188,25620,0.0,0.0
2017-11-29 00:00:00+08:00,20.6110647950828,20.715423583984375,20.6110647950828,20.715423583984375,31733,0.0,0.0
2017-11-30 00:00:00+08:00,20.715419866364602,20.715419866364602,20.480611419266666,20.611061096191406,12200,0.0,0.0
2017-12-01 00:00:00+08:00,20.611062950307375,20.741512638967016,20.611062950307375,20.66324234008789,16127,0.0,0.0
2017-12-04 00:00:00+08:00,20.663243081576418,20.663243081576418,20.45452308654785,20.45452308654785,35624,0.0,0.0
2017-12-05 00:00:00+08:00,20.611063689923476,20.611063689923476,20.45452308654785,20.45452308654785,9943,0.0,0.0
2017-12-06 00:00:00+08:00,20.454522907988164,20.454522907988164,20.350164125593285,20.37625503540039,16958,0.0,0.0
2017-12-07 00:00:00+08:00,20.5067040833743,20.5067040833743,20.324073791503906,20.324073791503906,8601,0.0,0.0
2017-12-08 00:00:00+08:00,20.35016245573557,20.454521229567163,20.324072762277677,20.402341842651367,20172,0.0,0.0
2017-12-11 00:00:00+08:00,20.871961707328186,21.39376044645931,20.871961707328186,21.367671966552734,72870,0.0,0.0
2017-12-12 00:00:00+08:00,21.367671966552734,21.837291317454074,21.28940166999974,21.367671966552734,94550,0.0,0.0
2017-12-13 00:00:00+08:00,21.36767404928361,21.654661926728778,21.36767404928361,21.445941925048828,26962,0.0,0.0
2017-12-14 00:00:00+08:00,21.759021367218125,21.915559534398948,21.73293045847965,21.88947105407715,39040,0.0,0.0
2017-12-15 00:00:00+08:00,21.706838759627473,21.706838759627473,21.393760008245003,21.55030059814453,36629,0.0,0.0
2017-12-18 00:00:00+08:00,21.550300935824648,21.65465971178185,21.419851251669837,21.472030639648438,20100,0.0,0.0
2017-12-19 00:00:00+08:00,21.498121210983552,21.57638907751673,21.472030303194767,21.55030059814453,15860,0.0,0.0
2017-12-20 00:00:00+08:00,21.602479834196114,21.706838607788086,21.602479834196114,21.706838607788086,12212,0.0,0.0
2017-12-21 00:00:00+08:00,21.73293164676342,21.73293164676342,21.498123168945312,21.498123168945312,26970,0.0,0.0
2017-12-22 00:00:00+08:00,21.628570893094295,21.654659372466494,21.498121210983552,21.55030059814453,161043,0.0,0.0
2017-12-25 00:00:00+08:00,21.65466227681181,21.91556167602539,21.65466227681181,21.91556167602539,98511,0.0,0.0
2017-12-26 00:00:00+08:00,21.88947105407715,21.915559534398948,21.8112007562784,21.88947105407715,58645,0.0,0.0
2017-12-27 00:00:00+08:00,21.732932582259266,21.91556167602539,21.65466227681181,21.91556167602539,21996,0.0,0.0
2017-12-28 00:00:00+08:00,21.863382746814537,21.863382746814537,21.732933044433594,21.732933044433594,794220,0.0,0.0
2017-12-29 00:00:00+08:00,21.915562072788205,22.3851814855581,21.81120328258021,22.3330020904541,333792,0.0,0.0
2018-01-02 00:00:00+08:00,22.437356706802458,23.220057201430123,22.332997936007573,23.06351661682129,144668,0.0,0.0
2018-01-03 00:00:00+08:00,23.115696100584042,23.115696100584042,22.64607677317565,22.959157943725586,48802,0.0,0.0
2018-01-04 00:00:00+08:00,22.959157943725586,22.959157943725586,22.593897387556165,22.959157943725586,39406,0.0,0.0
2018-01-05 00:00:00+08:00,22.959161586371973,23.115699768066406,22.959161586371973,23.115699768066406,58014,0.0,0.0
2018-01-08 00:00:00+08:00,23.063516714964557,23.115696100584042,22.959157943725586,22.959157943725586,81191,0.0,0.0
2018-01-09 00:00:00+08:00,22.880887651088102,23.167875486203524,22.698258587211647,22.959157943725586,47621,0.0,0.0
2018-01-10 00:00:00+08:00,22.80261692898592,22.80261692898592,22.489538192749023,22.489538192749023,28064,0.0,0.0
2018-01-11 00:00:00+08:00,22.437357559897674,22.698259353637695,21.91555882925082,22.698259353637695,42701,0.0,0.0
2018-01-12 00:00:00+08:00,22.593901027292237,22.593901027292237,22.437360416799557,22.5156307220459,13422,0.0,0.0
2018-01-15 00:00:00+08:00,22.906977072762185,22.906977072762185,21.967740807693875,22.17645835876465,42700,0.0,0.0
2018-01-16 00:00:00+08:00,22.01991910877466,22.280818463154304,21.863378524780273,21.863378524780273,45954,0.0,0.0
2018-01-17 00:00:00+08:00,21.811199809796623,21.8372907174029,21.654659220992098,21.706838607788086,40301,0.0,0.0
2018-01-18 00:00:00+08:00,22.385179465805177,23.741858186601483,22.385179465805177,22.437358856201172,57340,0.0,0.0
2018-01-19 00:00:00+08:00,23.794036913301742,23.794036913301742,22.228640674585616,22.541719436645508,75825,0.0,0.0
2018-01-22 00:00:00+08:00,21.863379441869455,22.959158718961124,21.863379441869455,22.698259353637695,54900,0.0,0.0
2018-01-23 00:00:00+08:00,22.176458145023233,22.750438690185547,21.91555878028276,22.750438690185547,68361,0.0,0.0
2018-01-24 00:00:00+08:00,22.724351316083467,22.724351316083467,22.2286434173584,22.2286434173584,12200,0.0,0.0
2018-01-25 00:00:00+08:00,22.228641294617187,22.437358856201172,22.01992130461647,22.437358856201172,9788,0.0,0.0
2018-01-26 00:00:00+08:00,22.098193598277632,22.82871241498447,22.098193598277632,22.3330020904541,13461,0.0,0.0
2018-01-29 00:00:00+08:00,22.09819255965547,22.176460434424374,21.915561042749783,22.019922256469727,51241,0.0,0.0
2018-01-30 00:00:00+08:00,21.91556167602539,21.91556167602539,21.706841670971144,21.91556167602539,30950,0.0,0.0
2018-01-31 00:00:00+08:00,21.73292772803293,22.25472640991211,21.73292772803293,22.25472640991211,5917,0.0,0.0
2018-02-01 00:00:00+08:00,22.593899228911106,22.593899228911106,21.811201095581055,21.811201095581055,21991,0.0,0.0
2018-02-02 00:00:00+08:00,21.811201095581055,21.811201095581055,21.811201095581055,21.811201095581055,1403,0.0,0.0
2018-02-05 00:00:00+08:00,21.732930796564705,21.811201095581055,21.65466049754836,21.811201095581055,19520,0.0,0.0
2018-02-06 00:00:00+08:00,21.654662886268625,21.654662886268625,20.532794952392578,20.532794952392578,47824,0.0,0.0
2018-02-07 00:00:00+08:00,20.767602817736854,20.87196159362793,20.767602817736854,20.87196159362793,14762,0.0,0.0
2018-02-08 00:00:00+08:00,21.315489249009588,21.315489249009588,20.76760205312828,21.13286018371582,20740,0.0,0.0
2018-02-09 00:00:00+08:00,21.13286018371582,21.13286018371582,21.13286018371582,21.13286018371582,0,0.0,0.0
2018-02-12 00:00:00+08:00,20.871962364218305,21.811201095581055,20.558883596569625,21.811201095581055,10980,0.0,0.0
2018-02-21 00:00:00+08:00,21.81120115936172,21.81120115936172,21.132861803792046,21.158952713012695,41663,0.0,0.0
2018-02-22 00:00:00+08:00,21.158954160167923,21.341583251953125,21.080683855569443,21.341583251953125,6161,0.0,0.0
2018-02-23 00:00:00+08:00,21.654660053580013,21.654660053580013,21.13286130872467,21.393760681152344,13517,0.0,0.0
2018-02-26 00:00:00+08:00,21.393762342663315,21.393762342663315,20.506705378884096,20.81978416442871,59812,0.0,0.0
2018-02-27 00:00:00+08:00,20.87196159362793,21.106772482007784,20.61106222548362,20.87196159362793,41872,0.0,0.0
2018-03-01 00:00:00+08:00,20.87196159362793,20.87196159362793,20.87196159362793,20.87196159362793,183,0.0,0.0
2018-03-02 00:00:00+08:00,20.87196159362793,20.87196159362793,20.87196159362793,20.87196159362793,2732,0.0,0.0
2018-03-05 00:00:00+08:00,21.132861304909916,21.132861304909916,20.767603154943775,20.793691635131836,24467,0.0,0.0
2018-03-06 00:00:00+08:00,20.767605117002326,20.819784510724855,20.71542329486291,20.741514205932617,19656,0.0,0.0
2018-03-07 00:00:00+08:00,20.715421001374697,20.87196159362793,20.715421001374697,20.87196159362793,4110,0.0,0.0
2018-03-08 00:00:00+08:00,20.87196149134397,20.976320266723633,20.76760271596431,20.976320266723633,15860,0.0,0.0
2018-03-09 00:00:00+08:00,20.87196159362793,20.87196159362793,20.819782205682394,20.87196159362793,4880,0.0,0.0
2018-03-12 00:00:00+08:00,20.950234384618522,21.91556167602539,20.950234384618522,21.91556167602539,140910,0.0,0.0
2018-03-13 00:00:00+08:00,22.07209849396729,22.07209849396729,21.81119913958764,21.863378524780273,24400,0.0,0.0
2018-03-14 00:00:00+08:00,21.863379349527,21.863379349527,21.445939395405986,21.55030059814453,85877,0.0,0.0
2018-03-15 00:00:00+08:00,21.57639048297654,21.785110473632812,21.393761401808575,21.785110473632812,70760,0.0,0.0
2018-03-16 00:00:00+08:00,21.6546576942795,21.785107366280688,21.445937733394317,21.576387405395508,37820,0.0,0.0
2018-03-19 00:00:00+08:00,21.550300497406106,21.654659271240234,21.49812111048904,21.654659271240234,12897,0.0,0.0
2018-03-20 00:00:00+08:00,21.47203097856398,21.47203097856398,21.393760681152344,21.393760681152344,35678,0.0,0.0
2018-03-21 00:00:00+08:00,21.75902057520504,22.17645810090947,21.498121210983552,21.55030059814453,57096,0.0,0.0
2018-03-22 00:00:00+08:00,21.602478311162304,21.6546576942795,21.576387405395504,21.576387405395508,18723,0.0,0.0
2018-03-23 00:00:00+08:00,21.47203249106717,21.524211883544922,21.28940340318663,21.524211883544922,35733,0.0,0.0
2018-03-26 00:00:00+08:00,21.13286212588663,21.889471792233326,21.028503344246896,21.68075180053711,19549,0.0,0.0
2018-03-27 00:00:00+08:00,21.65466227681181,21.91556167602539,21.602482882652478,21.91556167602539,13420,0.0,0.0
2018-03-28 00:00:00+08:00,21.811200419393593,22.01992040082758,21.759021031139255,21.967741012573242,42070,0.0,0.0
2018-03-29 00:00:00+08:00,21.91555919590227,22.01992040082758,21.60248043795961,21.967741012573242,25772,0.0,0.0
2018-03-30 00:00:00+08:00,22.17645841010529,22.17645841010529,21.915559042246205,22.124279022216797,26231,0.0,0.0
2018-04-02 00:00:00+08:00,22.306907805807892,22.306907805807892,21.86337937186159,22.15036964416504,21045,0.0,0.0
2018-04-03 00:00:00+08:00,21.759020878580724,22.124279022216797,21.73292997042817,22.124279022216797,7345,0.0,0.0
2018-04-09 00:00:00+08:00,21.91556098704399,22.124280985536494,21.70684098855148,22.072101593017578,29282,0.0,0.0
2018-04-10 00:00:00+08:00,21.70684213259062,22.046011844464466,21.680753649164608,21.732933044433594,8566,0.0,0.0
2018-04-11 00:00:00+08:00,21.7329303031796,22.046009063720703,21.393760634086462,22.046009063720703,57381,0.0,0.0
2018-04-12 00:00:00+08:00,21.57639104260681,21.57639104260681,21.498123168945312,21.498123168945312,6195,0.0,0.0
2018-04-13 00:00:00+08:00,21.576389756168382,21.628571573387244,21.393760681152344,21.393760681152344,17128,0.0,0.0
2018-04-16 00:00:00+08:00,21.445942039139844,21.445942039139844,21.341583251953125,21.341583251953125,13532,0.0,0.0
2018-04-17 00:00:00+08:00,21.34158015623007,21.34158015623007,21.13286018371582,21.13286018371582,5026,0.0,0.0
2018-04-18 00:00:00+08:00,21.132863939662656,21.185043334960938,21.132863939662656,21.185043334960938,13420,0.0,0.0
2018-04-19 00:00:00+08:00,21.2111343500854,21.70684225045788,21.2111343500854,21.62857437133789,10980,0.0,0.0
2018-04-20 00:00:00+08:00,21.3937598585956,21.706838607788086,21.3937598585956,21.706838607788086,25803,0.0,0.0
2018-04-23 00:00:00+08:00,21.706838607788086,21.706838607788086,21.706838607788086,21.706838607788086,2,0.0,0.0
2018-04-24 00:00:00+08:00,21.393763344571024,21.393763344571024,21.185043334960938,21.185043334960938,28060,0.0,0.0
2018-04-25 00:00:00+08:00,21.393763344571024,21.393763344571024,21.132863939662656,21.185043334960938,7320,0.0,0.0
2018-04-26 00:00:00+08:00,21.185040031184496,21.654659372466494,20.97632005412399,21.55030059814453,15889,0.0,0.0
2018-04-27 00:00:00+08:00,21.13286018371582,21.13286018371582,21.13286018371582,21.13286018371582,3660,0.0,0.0
2018-04-30 00:00:00+08:00,21.08068079769139,21.13286018371582,21.08068079769139,21.13286018371582,4026,0.0,0.0
2018-05-02 00:00:00+08:00,21.13285980389037,21.13285980389037,20.350161742341925,20.611061096191406,40382,0.0,0.0
2018-05-03 00:00:00+08:00,20.87196159362793,20.87196159362793,20.87196159362793,20.87196159362793,2440,0.0,0.0
2018-05-04 00:00:00+08:00,20.35016388238987,20.40234327296372,20.089264501103894,20.19362449645996,85530,0.0,0.0
2018-05-07 00:00:00+08:00,20.19362768026997,20.245807079070634,20.141447067260742,20.141447067260742,4514,0.0,0.0
2018-05-08 00:00:00+08:00,20.141447067260742,20.141447067260742,20.141447067260742,20.141447067260742,201,0.0,0.0
2018-05-09 00:00:00+08:00,20.21971419174688,20.27189358232073,20.19362449645996,20.19362449645996,23772,0.0,0.0
2018-05-10 00:00:00+08:00,20.19362449645996,20.19362449645996,20.19362449645996,20.19362449645996,1220,0.0,0.0
2018-05-11 00:00:00+08:00,19.854454583025777,19.854454583025777,19.306564917362824,19.410924911499023,58784,0.0,0.0
2018-05-14 00:00:00+08:00,19.41092377705087,19.41092377705087,18.68040507500012,19.1500244140625,36641,0.0,0.0
2018-05-15 00:00:00+08:00,18.810854341703628,19.12393429891104,18.680404663085938,18.680404663085938,22252,0.0,0.0
2018-05-16 00:00:00+08:00,18.680404871599738,18.91521453857422,18.57604488469905,18.91521453857422,14640,0.0,0.0
2018-05-17 00:00:00+08:00,19.30656629554417,19.30656629554417,19.25438690185547,19.25438690185547,9760,0.0,0.0
2018-05-18 00:00:00+08:00,19.25438690185547,19.25438690185547,19.25438690185547,19.25438690185547,4880,0.0,0.0
2018-05-21 00:00:00+08:00,19.254382585493023,19.254382585493023,18.549953643360695,18.836942672729492,32940,0.0,0.0
2018-05-22 00:00:00+08:00,18.83694536566156,18.83694536566156,18.523866600539307,18.576045989990234,33876,0.0,0.0
2018-05-23 00:00:00+08:00,18.75867832591774,18.75867832591774,18.471689224243164,18.471689224243164,13603,0.0,0.0
2018-05-24 00:00:00+08:00,18.471686726824434,18.471686726824434,18.367326736450195,18.367326736450195,10416,0.0,0.0
2018-05-25 00:00:00+08:00,18.367326093017027,18.367326093017027,18.262966106298663,18.31514549255371,31720,0.0,0.0
2018-05-28 00:00:00+08:00,18.262966937483807,18.262966937483807,18.00206756591797,18.00206756591797,41582,0.0,0.0
2018-05-29 00:00:00+08:00,18.106425851814773,18.26296644187282,17.94988647596502,18.236875534057617,82960,0.0,0.0
2018-05-30 00:00:00+08:00,18.36732747201737,18.36732747201737,18.10642687852917,18.158607482910156,26070,0.0,0.0
2018-05-31 00:00:00+08:00,18.262966106298663,18.367326093017027,18.262966106298663,18.31514549255371,38369,0.0,0.0
2018-06-01 00:00:00+08:00,18.315147637148645,18.497777938842773,18.2629682447837,18.497777938842773,19805,0.0,0.0
2018-06-04 00:00:00+08:00,18.732585856114547,18.784765243530273,18.57604526545078,18.784765243530273,53009,0.0,0.0
2018-06-05 00:00:00+08:00,18.889126462848466,19.045665849499592,18.83694585782584,18.941307067871094,45140,0.0,0.0
2018-06-06 00:00:00+08:00,19.045665849499592,19.045665849499592,18.941307067871094,18.941307067871094,24400,0.0,0.0
2018-06-07 00:00:00+08:00,19.0456650635593,19.202205657958984,19.0456650635593,19.202205657958984,37918,0.0,0.0
2018-06-08 00:00:00+08:00,19.202206340934246,19.202206340934246,19.045665740966797,19.045665740966797,37942,0.0,0.0
2018-06-11 00:00:00+08:00,19.045661359020503,19.045661359020503,18.784762038045876,18.889122009277344,39040,0.0,0.0
2018-06-12 00:00:00+08:00,18.784763290738137,18.9934832471199,18.680403312547256,18.836942672729492,67344,0.0,0.0
2018-06-13 00:00:00+08:00,18.680404663085938,18.784764648821742,18.52386529158636,18.680404663085938,34160,0.0,0.0
2018-06-14 00:00:00+08:00,19.77618269199949,19.77618269199949,18.367325920086785,18.680404663085938,78080,0.0,0.0
2018-06-15 00:00:00+08:00,18.680404663085938,18.680404663085938,18.680404663085938,18.680404663085938,0,0.0,0.0
2018-06-19 00:00:00+08:00,18.680404663085938,18.680404663085938,18.52386529158636,18.680404663085938,12424,0.0,0.0
2018-06-20 00:00:00+08:00,18.62822723388672,18.62822723388672,18.62822723388672,18.62822723388672,1342,0.0,0.0
2018-06-21 00:00:00+08:00,18.576044677350133,18.680404663085938,18.576044677350133,18.680404663085938,3660,0.0,0.0
2018-06-22 00:00:00+08:00,18.680404663085938,18.680404663085938,18.680404663085938,18.680404663085938,4880,0.0,0.0
2018-06-25 00:00:00+08:00,18.680404663085938,18.73258526305797,18.680404663085938,18.680404663085938,33234,0.0,0.0
2018-06-26 00:00:00+08:00,18.680408019002638,18.680408019002638,18.31514861041296,18.471689224243164,21961,0.0,0.0
2018-06-27 00:00:00+08:00,18.471686874527308,18.654315948486328,18.419506271818786,18.654315948486328,12104,0.0,0.0
2018-06-28 00:00:00+08:00,18.497776905813843,18.65431628837497,18.497776905813843,18.576045989990234,14640,0.0,0.0
2018-06-29 00:00:00+08:00,18.628227814382004,18.732587814331055,18.628227814382004,18.732587814331055,74884,0.0,0.0
2018-07-02 00:00:00+08:00,18.628227814382004,18.732587814331055,18.57604720730327,18.732587814331055,61131,0.0,0.0
2018-07-03 00:00:00+08:00,18.680408104860184,18.784768109823812,18.628228709482613,17.32373046875,80520,0.0,0.0
2018-07-04 00:00:00+08:00,19.198098860260206,19.198098860260206,18.488109105526934,18.857303619384766,47799,2.213115,0.0
2018-07-05 00:00:00+08:00,18.857304888426224,18.857304888426224,18.4597110748291,18.4597110748291,20740,0.0,0.0
2018-07-06 00:00:00+08:00,18.23251485591236,18.74370574951172,18.17571498660424,18.74370574951172,8540,0.0,0.0
2018-07-09 00:00:00+08:00,18.74370574951172,18.74370574951172,18.74370574951172,18.74370574951172,2562,0.0,0.0
2018-07-10 00:00:00+08:00,18.85730416643234,18.85730416643234,18.74370574951172,18.74370574951172,3660,0.0,0.0
2018-07-11 00:00:00+08:00,18.74370816108911,18.772107438549227,16.8693373449802,17.721324920654297,240797,0.0,0.0
2018-07-12 00:00:00+08:00,17.437328896336258,17.437328896336258,17.096533613577485,17.32373046875,25959,0.0,0.0
2018-07-13 00:00:00+08:00,17.40892677031813,17.607724331571056,17.32372894837741,17.38052749633789,15901,0.0,0.0
2018-07-16 00:00:00+08:00,17.550925271157567,17.778122116866385,17.550925271157567,17.607725143432617,13420,0.0,0.0
2018-07-17 00:00:00+08:00,17.60772438316311,17.692922205353465,17.06813288917501,17.636123657226562,10980,0.0,0.0
2018-07-18 00:00:00+08:00,17.636123444003378,17.664522717723475,17.55092430114746,17.55092430114746,24400,0.0,0.0
2018-07-19 00:00:00+08:00,17.096533273434037,17.66452407836914,17.096533273434037,17.66452407836914,6100,0.0,0.0
2018-07-20 00:00:00+08:00,17.352129774088212,17.579326629638672,17.03973376728239,17.579326629638672,35502,0.0,0.0
2018-07-23 00:00:00+08:00,17.323728719921757,17.465726409645995,17.096531887684733,17.153331756591797,13420,0.0,0.0
2018-07-24 00:00:00+08:00,17.18173144299537,17.32373046875,17.18173144299537,17.32373046875,6100,0.0,0.0
2018-07-25 00:00:00+08:00,17.32373046875,17.32373046875,17.153333488218486,17.32373046875,19560,0.0,0.0
2018-07-26 00:00:00+08:00,17.210131076702595,17.266929626464844,17.15333252694035,17.266929626464844,6487,0.0,0.0
2018-07-27 00:00:00+08:00,17.437327365993998,17.437327365993998,17.35212822235765,17.38052749633789,3660,0.0,0.0
2018-07-30 00:00:00+08:00,17.437327365993998,17.437327365993998,17.38052749633789,17.38052749633789,9760,0.0,0.0
2018-07-31 00:00:00+08:00,17.43732720626706,17.55092430114746,17.43732720626706,17.55092430114746,10980,0.0,0.0
2018-08-01 00:00:00+08:00,17.607724170283277,17.72132258685929,17.55092430114746,17.55092430114746,5002,0.0,0.0
2018-08-02 00:00:00+08:00,17.550925440880285,17.550925440880285,17.437328338623047,17.437328338623047,7324,0.0,0.0
2018-08-03 00:00:00+08:00,17.607724331571056,17.607724331571056,17.38052749633789,17.38052749633789,17162,0.0,0.0
2018-08-06 00:00:00+08:00,17.437328721184834,17.49412727355957,17.437328721184834,17.49412727355957,20874,0.0,0.0
2018-08-07 00:00:00+08:00,17.607725700004774,17.607725700004774,17.49412727355957,17.49412727355957,23180,0.0,0.0
2018-08-08 00:00:00+08:00,17.550925825934307,17.550925825934307,17.49412727355957,17.49412727355957,17121,0.0,0.0
2018-08-09 00:00:00+08:00,17.607725143432617,17.607725143432617,17.323729747144437,17.607725143432617,13420,0.0,0.0
2018-08-10 00:00:00+08:00,17.607727239468698,18.005321105941135,17.607727239468698,17.834922790527344,45323,0.0,0.0
2018-08-13 00:00:00+08:00,17.352129061182758,17.86332130432129,17.210131362721576,17.86332130432129,35464,0.0,0.0
2018-08-14 00:00:00+08:00,17.60772471152237,17.60772471152237,17.23853017672565,17.295330047607422,14884,0.0,0.0
2018-08-15 00:00:00+08:00,17.295329229906898,17.295329229906898,17.068132400512695,17.068132400512695,18300,0.0,0.0
2018-08-16 00:00:00+08:00,17.068136018638214,17.068136018638214,16.926138300589873,16.98293685913086,26293,0.0,0.0
2018-08-17 00:00:00+08:00,16.98293325906597,17.38052704965803,16.98293325906597,17.068132400512695,26840,0.0,0.0
2018-08-20 00:00:00+08:00,16.95453512417381,17.096532821655273,16.95453512417381,17.096532821655273,19744,0.0,0.0
2018-08-21 00:00:00+08:00,17.295330047607422,17.295330047607422,17.295330047607422,17.295330047607422,8540,0.0,0.0
2018-08-22 00:00:00+08:00,17.29533039114673,17.3805282166182,17.096532821655273,17.096532821655273,10980,0.0,0.0
2018-08-23 00:00:00+08:00,17.352128063411143,17.55092430114746,17.352128063411143,17.55092430114746,7320,0.0,0.0
2018-08-24 00:00:00+08:00,17.72132200934385,18.48810898327601,17.72132200934385,18.346111297607422,56311,0.0,0.0
2018-08-27 00:00:00+08:00,18.431312704739877,18.431312704739877,18.005319595336914,18.005319595336914,35381,0.0,0.0
2018-08-28 00:00:00+08:00,18.062116622924805,18.062116622924805,18.062116622924805,18.062116622924805,1725,0.0,0.0
2018-08-29 00:00:00+08:00,18.09051857210182,18.175716400146484,18.09051857210182,18.175716400146484,6420,0.0,0.0
2018-08-30 00:00:00+08:00,18.062115843710938,18.14731498340089,17.948518753051758,17.948518753051758,4880,0.0,0.0
2018-08-31 00:00:00+08:00,17.976920505574938,17.976920505574938,17.834922790527344,17.834922790527344,6100,0.0,0.0
2018-09-03 00:00:00+08:00,17.749721201007063,17.948518753051758,17.749721201007063,17.948518753051758,12200,0.0,0.0
2018-09-04 00:00:00+08:00,17.948518753051758,17.948518753051758,17.948518753051758,17.948518753051758,3697,0.0,0.0
2018-09-05 00:00:00+08:00,18.175715040180275,18.175715040180275,18.062116622924805,18.062116622924805,15860,0.0,0.0
2018-09-06 00:00:00+08:00,18.118915170704724,18.118915170704724,18.062116622924805,18.062116622924805,3660,0.0,0.0
2018-09-07 00:00:00+08:00,17.83491934665922,17.83491934665922,17.74972152709961,17.74972152709961,10980,0.0,0.0
2018-09-10 00:00:00+08:00,17.74972263035874,17.74972263035874,17.522525787353516,17.522525787353516,23306,0.0,0.0
2018-09-11 00:00:00+08:00,17.352128063411143,17.55092430114746,17.323728789691046,17.55092430114746,12200,0.0,0.0
2018-09-12 00:00:00+08:00,17.550925018667424,17.550925018667424,17.266929626464844,17.266929626464844,18625,0.0,0.0
2018-09-13 00:00:00+08:00,17.266929626464844,17.266929626464844,17.266929626464844,17.266929626464844,2440,0.0,0.0
2018-09-14 00:00:00+08:00,17.32373046875,17.32373046875,17.295331192277374,17.32373046875,4880,0.0,0.0
2018-09-17 00:00:00+08:00,17.35212822235765,17.38052749633789,17.35212822235765,17.38052749633789,8540,0.0,0.0
2018-09-18 00:00:00+08:00,17.38052749633789,17.494125913954473,17.38052749633789,17.38052749633789,11224,0.0,0.0
2018-09-19 00:00:00+08:00,17.579326038140294,17.579326038140294,17.380528465798722,17.437328338623047,8540,0.0,0.0
2018-09-20 00:00:00+08:00,17.40892677031813,17.494125913954473,17.38052749633789,17.38052749633789,13578,0.0,0.0
2018-09-21 00:00:00+08:00,19.11290109115376,19.11290109115376,17.72132339820156,17.778121948242188,18301,0.0,0.0
2018-09-25 00:00:00+08:00,17.778121948242188,17.778121948242188,17.778121948242188,17.778121948242188,3710,0.0,0.0
2018-09-26 00:00:00+08:00,17.66452407836914,17.66452407836914,17.66452407836914,17.66452407836914,1220,0.0,0.0
2018-09-27 00:00:00+08:00,17.692923354276754,17.692923354276754,17.66452407836914,17.66452407836914,3660,0.0,0.0
2018-09-28 00:00:00+08:00,17.66452407836914,17.66452407836914,17.66452407836914,17.66452407836914,0,0.0,0.0
2018-10-01 00:00:00+08:00,17.607726489118033,17.721324920654297,17.0397343314367,17.721324920654297,23180,0.0,0.0
2018-10-02 00:00:00+08:00,17.607725700004774,17.607725700004774,17.49412727355957,17.49412727355957,32940,0.0,0.0
2018-10-03 00:00:00+08:00,17.380528465798722,17.437328338623047,17.323729914670103,17.437328338623047,12200,0.0,0.0
2018-10-04 00:00:00+08:00,17.494127449281514,17.494127449281514,17.124932890050115,17.32373046875,13078,0.0,0.0
2018-10-05 00:00:00+08:00,17.266929874869387,17.607725143432617,17.01133375387089,17.607725143432617,50020,0.0,0.0
2018-10-08 00:00:00+08:00,17.096533613577485,17.579326600395145,17.096533613577485,17.32373046875,10980,0.0,0.0
2018-10-09 00:00:00+08:00,17.32373049756834,17.579326629638672,17.32373049756834,17.579326629638672,6100,0.0,0.0
2018-10-11 00:00:00+08:00,16.755736757639927,17.039732139093665,15.875351339472461,16.869335174560547,124440,0.0,0.0
2018-10-12 00:00:00+08:00,16.301346083547802,17.60772602957612,16.301346083547802,17.03973388671875,57340,0.0,0.0
2018-10-15 00:00:00+08:00,17.181730647126738,17.323729666303887,17.096532821655273,17.096532821655273,46689,0.0,0.0
2018-10-16 00:00:00+08:00,17.18173144299537,17.32373046875,17.153333488218486,17.32373046875,31720,0.0,0.0
2018-10-17 00:00:00+08:00,17.096533613577485,17.35212974522263,17.039733738936484,17.32373046875,49712,0.0,0.0
2018-10-18 00:00:00+08:00,16.755738330818712,17.32373046875,16.727339054346086,17.32373046875,30404,0.0,0.0
2018-10-19 00:00:00+08:00,16.840935900754296,16.869335174560547,16.784137353141798,16.869335174560547,12200,0.0,0.0
2018-10-22 00:00:00+08:00,16.784138729424324,17.295330986636554,16.75573813159363,17.2385311126709,9760,0.0,0.0
2018-10-23 00:00:00+08:00,16.869334415825563,16.926134282578985,16.869334415825563,16.897733688354492,9760,0.0,0.0
2018-10-24 00:00:00+08:00,16.926138494399876,16.926138494399876,16.81254005432129,16.81254005432129,7320,0.0,0.0
2018-10-25 00:00:00+08:00,16.89773307653777,16.89773307653777,16.755735397338867,16.755735397338867,7320,0.0,0.0
2018-10-26 00:00:00+08:00,16.6421390021243,16.6421390021243,16.47174072265625,16.47174072265625,10980,0.0,0.0
2018-10-29 00:00:00+08:00,16.47174072265625,16.47174072265625,16.47174072265625,16.47174072265625,168,0.0,0.0
2018-10-30 00:00:00+08:00,16.755736092842238,16.755736092842238,16.47174072265625,16.47174072265625,13420,0.0,0.0
2018-10-31 00:00:00+08:00,16.47174072265625,16.52854058971079,16.47174072265625,16.47174072265625,13420,0.0,0.0
2018-11-01 00:00:00+08:00,16.897733688354492,16.897733688354492,16.897733688354492,16.897733688354492,1220,0.0,0.0
2018-11-02 00:00:00+08:00,17.011331484235992,17.011331484235992,16.755735397338867,16.755735397338867,9760,0.0,0.0
2018-11-05 00:00:00+08:00,16.585342407226562,16.585342407226562,16.585342407226562,16.585342407226562,6100,0.0,0.0
2018-11-06 00:00:00+08:00,16.585342407226562,16.585342407226562,16.585342407226562,16.585342407226562,6100,0.0,0.0
2018-11-07 00:00:00+08:00,16.585342407226562,16.585342407226562,16.585342407226562,16.585342407226562,2659,0.0,0.0
2018-11-08 00:00:00+08:00,16.784139998595286,16.784139998595286,16.585342407226562,16.585342407226562,7320,0.0,0.0
2018-11-09 00:00:00+08:00,16.670537582836836,16.755735397338867,16.670537582836836,16.755735397338867,3703,0.0,0.0
2018-11-12 00:00:00+08:00,16.4717422051616,16.4717422051616,16.159347534179688,16.159347534179688,5221,0.0,0.0
2018-11-13 00:00:00+08:00,16.187747955322266,16.187747955322266,16.187747955322266,16.187747955322266,6100,0.0,0.0
2018-11-14 00:00:00+08:00,16.982932739368024,16.982932739368024,16.500141143798828,16.500141143798828,8749,0.0,0.0
2018-11-15 00:00:00+08:00,16.500141143798828,16.500141143798828,16.500141143798828,16.500141143798828,3660,0.0,0.0
2018-11-16 00:00:00+08:00,16.500141143798828,16.500141143798828,16.500141143798828,16.500141143798828,128,0.0,0.0
2018-11-19 00:00:00+08:00,16.471743393495274,16.471743393495274,16.443344116210938,16.443344116210938,8540,0.0,0.0
2018-11-20 00:00:00+08:00,16.443344116210938,16.443344116210938,16.443344116210938,16.443344116210938,0,0.0,0.0
2018-11-21 00:00:00+08:00,16.727338790893555,16.755738066918898,16.698939514868208,16.727338790893555,12241,0.0,0.0
2018-11-22 00:00:00+08:00,16.244547853928356,16.81254005432129,16.244547853928356,16.81254005432129,3660,0.0,0.0
2018-11-23 00:00:00+08:00,16.812535262035734,16.812535262035734,16.755735397338867,16.755735397338867,13633,0.0,0.0
2018-11-26 00:00:00+08:00,16.755735397338867,16.755735397338867,16.755735397338867,16.755735397338867,7472,0.0,0.0
2018-11-27 00:00:00+08:00,16.78413963317871,16.78413963317871,16.78413963317871,16.78413963317871,1220,0.0,0.0
2018-11-28 00:00:00+08:00,17.153335178145568,17.153335178145568,16.812539861812027,16.98293685913086,8540,0.0,0.0
2018-11-29 00:00:00+08:00,17.323731572744926,17.323731572744926,16.585342407226562,16.585342407226562,20740,0.0,0.0
2018-11-30 00:00:00+08:00,16.98293325906597,17.068132400512695,16.98293325906597,17.068132400512695,7320,0.0,0.0
2018-12-03 00:00:00+08:00,17.0397330791984,17.0397330791984,16.58534070814211,16.67053985595703,21716,0.0,0.0
2018-12-04 00:00:00+08:00,16.670540645981156,17.03973388671875,16.670540645981156,17.03973388671875,5856,0.0,0.0
2018-12-05 00:00:00+08:00,17.03973388671875,17.068134485133438,17.03973388671875,17.03973388671875,32696,0.0,0.0
2018-12-06 00:00:00+08:00,17.03973388671875,17.03973388671875,16.926136779843034,17.03973388671875,9760,0.0,0.0
2018-12-07 00:00:00+08:00,17.039733118600683,17.039733118600683,16.926136016845703,16.926136016845703,8685,0.0,0.0
2018-12-10 00:00:00+08:00,17.039733118600683,17.039733118600683,16.926136016845703,16.926136016845703,4880,0.0,0.0
2018-12-11 00:00:00+08:00,16.926136779843034,17.03973388671875,16.926136779843034,17.03973388671875,13420,0.0,0.0
2018-12-12 00:00:00+08:00,17.266930594109,17.32373046875,17.039733738936484,17.32373046875,24644,0.0,0.0
2018-12-13 00:00:00+08:00,17.32373046875,17.32373046875,17.32373046875,17.32373046875,7320,0.0,0.0
2018-12-14 00:00:00+08:00,17.153333488218486,17.32373046875,17.153333488218486,17.32373046875,19568,0.0,0.0
2018-12-17 00:00:00+08:00,17.607724976424624,17.778121948242188,17.494126554647686,17.778121948242188,27586,0.0,0.0
2018-12-18 00:00:00+08:00,17.60772438316311,17.636123657226562,17.2669291293148,17.636123657226562,17080,0.0,0.0
2018-12-19 00:00:00+08:00,17.32373124542404,17.69292449951172,17.266931368236534,17.69292449951172,10980,0.0,0.0
2018-12-20 00:00:00+08:00,17.60772438316311,17.636123657226562,17.323728999137337,17.636123657226562,20862,0.0,0.0
2018-12-21 00:00:00+08:00,17.636123657226562,17.636123657226562,17.636123657226562,17.636123657226562,0,0.0,0.0
2018-12-24 00:00:00+08:00,17.664525221765867,17.69292449951172,17.607726666274164,17.69292449951172,4943,0.0,0.0
2018-12-25 00:00:00+08:00,17.21013206979311,17.664524459198283,17.096533642017878,17.579326629638672,16043,0.0,0.0
2018-12-26 00:00:00+08:00,17.550925271157567,17.664523694011976,17.323729747144437,17.607725143432617,29280,0.0,0.0
2018-12-27 00:00:00+08:00,17.607725143432617,17.607725143432617,17.579325868142934,17.607725143432617,18605,0.0,0.0
2018-12-28 00:00:00+08:00,17.607725143432617,17.607725143432617,17.181730727304657,17.607725143432617,26840,0.0,0.0
2019-01-02 00:00:00+08:00,17.579325868142934,17.607725143432617,17.579325868142934,17.607725143432617,19593,0.0,0.0
2019-01-03 00:00:00+08:00,17.494126720578205,17.607725143432617,17.494126720578205,17.607725143432617,14737,0.0,0.0
2019-01-04 00:00:00+08:00,17.550925271157567,17.607725143432617,17.550925271157567,17.607725143432617,36600,0.0,0.0
2019-01-07 00:00:00+08:00,17.806521392156064,17.806521392156064,17.607725143432617,17.607725143432617,14640,0.0,0.0
2019-01-08 00:00:00+08:00,16.75573763287239,17.607725143432617,16.75573763287239,17.607725143432617,20740,0.0,0.0
2019-01-09 00:00:00+08:00,17.607725143432617,17.607725143432617,17.607725143432617,17.607725143432617,24008,0.0,0.0
2019-01-10 00:00:00+08:00,17.806522369384766,17.806522369384766,17.806522369384766,17.806522369384766,1705,0.0,0.0
2019-01-11 00:00:00+08:00,17.607725143432617,17.607725143432617,17.607725143432617,17.607725143432617,3660,0.0,0.0
2019-01-14 00:00:00+08:00,17.295330047607422,17.295330047607422,17.295330047607422,17.295330047607422,1342,0.0,0.0
2019-01-15 00:00:00+08:00,17.32373046875,17.32373046875,17.32373046875,17.32373046875,2481,0.0,0.0
2019-01-16 00:00:00+08:00,17.068134485133438,17.068134485133438,17.03973388671875,17.03973388671875,6669,0.0,0.0
2019-01-17 00:00:00+08:00,17.068133715735126,17.068133715735126,16.926136016845703,16.926136016845703,11823,0.0,0.0
2019-01-18 00:00:00+08:00,17.011335372924805,17.039734650917385,17.011335372924805,17.011335372924805,8662,0.0,0.0
2019-01-21 00:00:00+08:00,17.01133460999982,17.03973388671875,16.926136779843034,17.03973388671875,5725,0.0,0.0
2019-01-22 00:00:00+08:00,17.03973388671875,17.03973388671875,17.03973388671875,17.03973388671875,1220,0.0,0.0
2019-01-23 00:00:00+08:00,17.01133460999982,17.03973388671875,17.01133460999982,17.03973388671875,3660,0.0,0.0
2019-01-24 00:00:00+08:00,17.03973388671875,17.03973388671875,17.03973388671875,17.03973388671875,0,0.0,0.0
2019-01-25 00:00:00+08:00,17.32373046875,17.32373046875,17.32373046875,17.32373046875,1220,0.0,0.0
2019-01-28 00:00:00+08:00,17.039731116978533,17.352127075195312,17.039731116978533,17.352127075195312,6100,0.0,0.0
2019-01-29 00:00:00+08:00,17.068133546498117,17.096532821655273,17.068133546498117,17.096532821655273,6100,0.0,0.0
2019-01-30 00:00:00+08:00,17.096532821655273,17.096532821655273,17.096532821655273,17.096532821655273,0,0.0,0.0
2019-02-11 00:00:00+08:00,17.153331756591797,17.153331756591797,17.153331756591797,17.153331756591797,1220,0.0,0.0
2019-02-12 00:00:00+08:00,17.210132598876953,17.210132598876953,17.210132598876953,17.210132598876953,3660,0.0,0.0
2019-02-13 00:00:00+08:00,17.266929626464844,17.266929626464844,17.266929626464844,17.266929626464844,2440,0.0,0.0
2019-02-14 00:00:00+08:00,17.32373046875,17.32373046875,17.210132041163742,17.32373046875,3660,0.0,0.0
2019-02-15 00:00:00+08:00,17.380527608171125,17.380527608171125,16.95453453063965,16.95453453063965,9089,0.0,0.0
2019-02-18 00:00:00+08:00,16.95453453063965,16.95453453063965,16.95453453063965,16.95453453063965,0,0.0,0.0
2019-02-19 00:00:00+08:00,16.982935333280892,17.03973388671875,16.982935333280892,17.03973388671875,6161,0.0,0.0
2019-02-20 00:00:00+08:00,17.039732949645277,17.550925189256816,17.039732949645277,17.096532821655273,13420,0.0,0.0
2019-02-21 00:00:00+08:00,17.181730647126738,17.181730647126738,17.096532821655273,17.096532821655273,7320,0.0,0.0
2019-02-22 00:00:00+08:00,17.12493324279785,17.12493324279785,17.12493324279785,17.12493324279785,7,0.0,0.0
2019-02-25 00:00:00+08:00,17.32373046875,17.32373046875,17.32373046875,17.32373046875,1898,0.0,0.0
2019-02-26 00:00:00+08:00,17.32373082559267,17.32373082559267,17.096533965740242,17.12493324279785,10980,0.0,0.0
2019-02-27 00:00:00+08:00,17.096532821655273,17.096532821655273,17.096532821655273,17.096532821655273,3660,0.0,0.0
2019-03-04 00:00:00+08:00,17.153333315919692,17.607725700004774,17.153333315919692,17.49412727355957,20862,0.0,0.0
2019-03-05 00:00:00+08:00,17.494126889751666,17.494126889751666,17.437328338623047,17.437328338623047,3864,0.0,0.0
2019-03-06 00:00:00+08:00,17.32373046875,17.32373046875,17.32373046875,17.32373046875,8540,0.0,0.0
2019-03-07 00:00:00+08:00,17.32373046875,17.32373046875,17.32373046875,17.32373046875,0,0.0,0.0
2019-03-08 00:00:00+08:00,17.32373046875,17.32373046875,17.32373046875,17.32373046875,0,0.0,0.0
2019-03-11 00:00:00+08:00,17.03973388671875,17.03973388671875,17.03973388671875,17.03973388671875,1220,0.0,0.0
2019-03-12 00:00:00+08:00,17.579326629638672,17.579326629638672,17.238531346312982,17.579326629638672,24583,0.0,0.0
2019-03-13 00:00:00+08:00,17.1817294548909,17.74972152709961,17.1817294548909,17.74972152709961,68564,0.0,0.0
2019-03-14 00:00:00+08:00,17.806521392156064,17.806521392156064,17.607725143432617,17.607725143432617,11281,0.0,0.0
2019-03-15 00:00:00+08:00,17.60772587686777,17.60772587686777,17.06813433710486,17.32373046875,42700,0.0,0.0
2019-03-18 00:00:00+08:00,17.32373046875,17.32373046875,17.210132041163742,17.32373046875,32940,0.0,0.0
2019-03-19 00:00:00+08:00,17.210132598876953,17.210132598876953,17.210132598876953,17.210132598876953,7320,0.0,0.0
2019-03-20 00:00:00+08:00,17.210131836535936,17.2385311126709,17.210131836535936,17.2385311126709,4936,0.0,0.0
2019-03-21 00:00:00+08:00,17.55092430114746,17.55092430114746,17.181729777699314,17.55092430114746,14640,0.0,0.0
2019-03-22 00:00:00+08:00,17.323729747144437,17.806521392156064,17.323729747144437,17.607725143432617,29280,0.0,0.0
2019-03-25 00:00:00+08:00,17.15333198280035,17.692922153511773,17.15333198280035,17.38052749633789,8764,0.0,0.0
2019-03-26 00:00:00+08:00,17.550924461914953,17.550924461914953,17.32372894837741,17.38052749633789,18300,0.0,0.0
2019-03-27 00:00:00+08:00,17.721322749187642,17.721322749187642,17.38052749633789,17.38052749633789,18422,0.0,0.0
2019-03-28 00:00:00+08:00,17.323729914670103,17.437328338623047,17.323729914670103,17.437328338623047,2440,0.0,0.0
2019-03-29 00:00:00+08:00,17.38052749633789,17.38052749633789,17.38052749633789,17.38052749633789,2440,0.0,0.0
2019-04-01 00:00:00+08:00,17.38052749633789,17.38052749633789,17.32372894837741,17.38052749633789,15860,0.0,0.0
2019-04-02 00:00:00+08:00,17.38052634729805,17.522524029507302,17.352127075195312,17.352127075195312,14640,0.0,0.0
2019-04-03 00:00:00+08:00,17.352133168028644,17.408931732177734,17.352133168028644,17.408931732177734,31964,0.0,0.0
2019-04-08 00:00:00+08:00,17.408931732177734,17.408931732177734,17.323733885954095,17.408931732177734,41480,0.0,0.0
2019-04-09 00:00:00+08:00,17.437327365993998,17.465726639974235,17.35212822235765,17.38052749633789,19615,0.0,0.0
2019-04-10 00:00:00+08:00,17.38053245010319,17.408931732177734,17.38053245010319,17.408931732177734,6100,0.0,0.0
2019-04-11 00:00:00+08:00,17.494125753707262,17.55092430114746,17.408926610851346,17.55092430114746,67100,0.0,0.0
2019-04-12 00:00:00+08:00,17.579324896563175,17.607724170283277,17.52252502742736,17.55092430114746,13100,0.0,0.0
2019-04-15 00:00:00+08:00,17.579327388528313,17.69292449951172,17.579327388528313,17.69292449951172,17081,0.0,0.0
2019-04-16 00:00:00+08:00,17.69292192665935,18.14731559129961,17.69292192665935,18.090517044067383,38125,0.0,0.0
2019-04-17 00:00:00+08:00,18.09051721851039,18.4881096963611,18.062116622924805,18.062116622924805,31305,0.0,0.0
2019-04-18 00:00:00+08:00,17.69292449951172,17.69292449951172,17.69292449951172,17.69292449951172,4110,0.0,0.0
2019-04-19 00:00:00+08:00,17.69292414186976,17.891721725463867,17.664524864697967,17.891721725463867,25620,0.0,0.0
2019-04-22 00:00:00+08:00,17.8917209632958,17.920120239257812,17.8917209632958,17.920120239257812,53680,0.0,0.0
2019-04-23 00:00:00+08:00,17.72132339820156,17.778121948242188,17.72132339820156,17.778121948242188,8540,0.0,0.0
2019-04-24 00:00:00+08:00,18.37451451482844,18.37451451482844,17.806522369384766,17.806522369384766,5124,0.0,0.0
2019-04-25 00:00:00+08:00,18.28931266842043,18.28931266842043,17.948518753051758,17.948518753051758,13420,0.0,0.0
2019-04-26 00:00:00+08:00,17.834921849424504,17.891721725463867,17.778123295080917,17.891721725463867,4880,0.0,0.0
2019-04-29 00:00:00+08:00,17.749722841576705,17.749722841576705,17.607725143432617,17.607725143432617,34160,0.0,0.0
2019-04-30 00:00:00+08:00,17.55092430114746,17.55092430114746,17.55092430114746,17.55092430114746,2440,0.0,0.0
2019-05-02 00:00:00+08:00,17.636123657226562,17.636123657226562,17.636123657226562,17.636123657226562,294,0.0,0.0
2019-05-03 00:00:00+08:00,17.636123657226562,17.636123657226562,17.550924513340576,17.636123657226562,8540,0.0,0.0
2019-05-06 00:00:00+08:00,17.636124418722297,17.636124418722297,17.607725143432617,17.607725143432617,17364,0.0,0.0
2019-05-07 00:00:00+08:00,18.45971024446808,18.54490938701203,18.062116448755656,18.090517044067383,29280,0.0,0.0
2019-05-08 00:00:00+08:00,18.17571425606568,18.23251412309084,17.80651974633665,17.948518753051758,11032,0.0,0.0
2019-05-09 00:00:00+08:00,18.005318791796064,18.033718066816377,17.749722673221875,17.778121948242188,18300,0.0,0.0
2019-05-10 00:00:00+08:00,17.749724198114414,17.749724198114414,17.494128057581765,17.721324920654297,10980,0.0,0.0
2019-05-13 00:00:00+08:00,18.033719797549352,18.033719797549352,17.664525221765867,17.69292449951172,14647,0.0,0.0
2019-05-14 00:00:00+08:00,17.66452407836914,17.692923354276754,17.607725526553917,17.66452407836914,9760,0.0,0.0
2019-05-15 00:00:00+08:00,17.607725143432617,17.778122116866385,17.607725143432617,17.607725143432617,6100,0.0,0.0
2019-05-16 00:00:00+08:00,17.55092430114746,17.55092430114746,17.55092430114746,17.55092430114746,2441,0.0,0.0
2019-05-17 00:00:00+08:00,17.863322038228876,17.863322038228876,17.579326629638672,17.579326629638672,21106,0.0,0.0
2019-05-20 00:00:00+08:00,17.579324896563175,17.579324896563175,17.323728789691046,17.55092430114746,21459,0.0,0.0
2019-05-21 00:00:00+08:00,17.55092430114746,17.55092430114746,17.55092430114746,17.55092430114746,2440,0.0,0.0
2019-05-22 00:00:00+08:00,17.579326423817406,17.579326423817406,17.49412727355957,17.49412727355957,4880,0.0,0.0
2019-05-23 00:00:00+08:00,17.38052958493037,17.38052958493037,17.210132598876953,17.210132598876953,19677,0.0,0.0
2019-05-24 00:00:00+08:00,17.210130740094666,17.465726852416992,17.153332191443322,17.465726852416992,17080,0.0,0.0
2019-05-27 00:00:00+08:00,17.60772935009157,17.60772935009157,17.408931732177734,17.408931732177734,10065,0.0,0.0
2019-05-28 00:00:00+08:00,17.437328338623047,17.437328338623047,17.437328338623047,17.437328338623047,1647,0.0,0.0
2019-05-29 00:00:00+08:00,17.55092430114746,17.55092430114746,17.55092430114746,17.55092430114746,1403,0.0,0.0
2019-05-30 00:00:00+08:00,17.465728201863442,17.749723610453643,17.465728201863442,17.579326629638672,6100,0.0,0.0
2019-05-31 00:00:00+08:00,17.550926031423053,17.579326629638672,17.550926031423053,17.579326629638672,12200,0.0,0.0
2019-06-03 00:00:00+08:00,17.52252502742736,17.55092430114746,17.52252502742736,17.55092430114746,5104,0.0,0.0
2019-06-04 00:00:00+08:00,17.579324896563175,17.607724170283277,17.55092430114746,17.55092430114746,5330,0.0,0.0
2019-06-05 00:00:00+08:00,17.550925271157567,17.664523694011976,17.550925271157567,17.607725143432617,12200,0.0,0.0
2019-06-06 00:00:00+08:00,17.55092430114746,17.55092430114746,17.55092430114746,17.55092430114746,2440,0.0,0.0
2019-06-10 00:00:00+08:00,17.49412629145448,17.49412629145448,17.295330047607422,17.295330047607422,3884,0.0,0.0
2019-06-11 00:00:00+08:00,18.459712928824537,18.999304492778936,17.69292449951172,17.69292449951172,29730,0.0,0.0
2019-06-12 00:00:00+08:00,17.66452448856492,17.976919174194336,17.636125211997836,17.976919174194336,13472,0.0,0.0
2019-06-13 00:00:00+08:00,17.834919019001447,17.948518753051758,17.721321928342267,17.948518753051758,13870,0.0,0.0
2019-06-14 00:00:00+08:00,17.778120800286146,17.778120800286146,17.74972152709961,17.74972152709961,9839,0.0,0.0
2019-06-17 00:00:00+08:00,18.459712555682838,18.68690941644874,17.891721725463867,17.891721725463867,11016,0.0,0.0
2019-06-18 00:00:00+08:00,17.94852104276148,18.005319595336914,17.94852104276148,18.005319595336914,2440,0.0,0.0
2019-06-19 00:00:00+08:00,18.00531729838135,18.00531729838135,17.948518753051758,17.948518753051758,16421,0.0,0.0
2019-06-20 00:00:00+08:00,17.920120444778025,18.005319595336914,17.920120444778025,18.005319595336914,18300,0.0,0.0
2019-06-21 00:00:00+08:00,18.03371810913086,18.175715806261298,18.03371810913086,18.03371810913086,12322,0.0,0.0
2019-06-24 00:00:00+08:00,18.033717175139543,18.204114138531835,18.033717175139543,18.090517044067383,15961,0.0,0.0
2019-06-25 00:00:00+08:00,18.317714101916646,18.346113377931534,18.175716400146484,18.175716400146484,37820,0.0,0.0
2019-06-26 00:00:00+08:00,18.175716400146484,18.175716400146484,18.175716400146484,18.175716400146484,0,0.0,0.0
2019-06-27 00:00:00+08:00,18.34611341114055,18.431312561035156,18.34611341114055,18.431312561035156,41480,0.0,0.0
2019-06-28 00:00:00+08:00,18.4597110748291,18.57330949609909,18.43131179993552,18.4597110748291,18300,0.0,0.0
2019-07-01 00:00:00+08:00,18.77210582804931,19.027703268349487,18.77210582804931,18.970903396606445,158894,0.0,0.0
2019-07-02 00:00:00+08:00,18.999299780775836,18.999299780775836,18.85730210556752,18.914100646972656,27221,0.0,0.0
2019-07-03 00:00:00+08:00,18.772105235640264,18.9141029279732,18.630107543307325,18.82890510559082,135420,0.0,0.0
2019-07-04 00:00:00+08:00,18.998880146697143,18.998880146697143,18.760650634765625,18.760650634765625,91500,1.258525,0.0
2019-07-05 00:00:00+08:00,18.701093824848687,18.760652247364913,18.552199847386127,18.581979751586914,45140,0.0,0.0
2019-07-08 00:00:00+08:00,18.462864837129278,18.581980299790523,18.343749374468032,18.492643356323242,69540,0.0,0.0
2019-07-09 00:00:00+08:00,18.313969575538252,18.611757518439976,18.313969575538252,18.343748092651367,28060,0.0,0.0
2019-07-10 00:00:00+08:00,18.46286286200922,18.701092375961014,18.46286286200922,18.55219841003418,40260,0.0,0.0
2019-07-11 00:00:00+08:00,18.581977110055167,18.849985122680664,18.46286166784098,18.849985122680664,66530,0.0,0.0
2019-07-12 00:00:00+08:00,18.849987103392362,18.849987103392362,18.730873034547095,18.790430068969727,26840,0.0,0.0
2019-07-15 00:00:00+08:00,19.594457860543343,19.654014893481364,19.20733298879047,19.326448440551758,71980,0.0,0.0
2019-07-16 00:00:00+08:00,19.29667083899407,19.35622787475586,19.29667083899407,19.35622787475586,25620,0.0,0.0
2019-07-17 00:00:00+08:00,19.415785303855174,19.56467927153341,19.386005401611328,19.386005401611328,79580,0.0,0.0
2019-07-18 00:00:00+08:00,19.237111505259477,19.505120925251063,19.237111505259477,19.326448440551758,28060,0.0,0.0
2019-07-19 00:00:00+08:00,19.326449651058617,19.534900665283203,19.326449651058617,19.534900665283203,40443,0.0,0.0
2019-07-22 00:00:00+08:00,19.53489920823137,19.654014658568943,19.53489920823137,19.594457626342773,3660,0.0,0.0
2019-07-23 00:00:00+08:00,19.505121804044848,19.951805114746094,19.41578625061285,19.951805114746094,25095,0.0,0.0
2019-07-24 00:00:00+08:00,20.190035937577612,20.24959436290278,19.95180639393316,20.10070037841797,19662,0.0,0.0
2019-07-25 00:00:00+08:00,19.951803138734185,20.041138683318454,19.951803138734185,20.01136016845703,76860,0.0,0.0
2019-07-26 00:00:00+08:00,20.070918427810472,20.070918427810472,19.713573455810547,19.713573455810547,6283,0.0,0.0
2019-07-29 00:00:00+08:00,19.802913225141694,19.892248787981117,19.74335479736328,19.74335479736328,25620,0.0,0.0
2019-07-30 00:00:00+08:00,19.50512357990674,19.564682006835938,19.29667255036815,19.564682006835938,16104,0.0,0.0
2019-07-31 00:00:00+08:00,19.386006467684815,19.386006467684815,19.29667091369629,19.29667091369629,3782,0.0,0.0
2019-08-01 00:00:00+08:00,19.32645061221651,19.386007651846803,19.058441162109375,19.058441162109375,24805,0.0,0.0
2019-08-02 00:00:00+08:00,19.05844079549626,19.05844079549626,18.641537368447647,18.9393253326416,36600,0.0,0.0
2019-08-05 00:00:00+08:00,18.611759163301905,18.820211573286798,18.165077209472656,18.165077209472656,81740,0.0,0.0
2019-08-06 00:00:00+08:00,18.075739644238983,18.3139705657959,17.956624183460526,18.3139705657959,40260,0.0,0.0
2019-08-07 00:00:00+08:00,18.343748833292686,18.581979751586914,18.343748833292686,18.581979751586914,28121,0.0,0.0
2019-08-08 00:00:00+08:00,18.82021133285315,18.87976837158203,18.403306518209444,18.87976837158203,24522,0.0,0.0
2019-08-12 00:00:00+08:00,17.986403841736685,18.6415367882178,17.986403841736685,18.581979751586914,54900,0.0,0.0
2019-08-13 00:00:00+08:00,18.433085774124358,18.581979751586914,18.40330586992357,18.581979751586914,8540,0.0,0.0
2019-08-14 00:00:00+08:00,18.671314857056927,18.70109337465551,18.343748391701908,18.52242088317871,59902,0.0,0.0
2019-08-15 00:00:00+08:00,18.403305126877598,18.403305126877598,18.16507560408739,18.343748092651367,68320,0.0,0.0
2019-08-16 00:00:00+08:00,18.224632102481483,18.43308448791504,18.16507507000632,18.43308448791504,86620,0.0,0.0
2019-08-19 00:00:00+08:00,18.462863847981545,18.52242088317871,18.433085330382962,18.52242088317871,22240,0.0,0.0
2019-08-20 00:00:00+08:00,18.55219940077729,18.55219940077729,18.403305426899074,18.52242088317871,41602,0.0,0.0
2019-08-21 00:00:00+08:00,18.46286512337564,18.671316146850586,18.46286512337564,18.671316146850586,36600,0.0,0.0
2019-08-22 00:00:00+08:00,18.701093131450488,18.790430068969727,18.462863607874663,18.790430068969727,24990,0.0,0.0
2019-08-23 00:00:00+08:00,18.760652831302306,18.9393253326416,18.671315887689964,18.9393253326416,42700,0.0,0.0
2019-08-26 00:00:00+08:00,19.088218397039583,20.398487039562024,19.058439879228917,19.951805114746094,498440,0.0,0.0
2019-08-27 00:00:00+08:00,20.070920290483187,20.13047871526731,19.683795379985263,19.77313232421875,146400,0.0,0.0
2019-08-28 00:00:00+08:00,19.773131777718078,19.92202575673508,19.654016317327404,19.862468719482422,86788,0.0,0.0
2019-08-29 00:00:00+08:00,20.10069818380314,20.10069818380314,19.62423637676401,19.832687377929688,78021,0.0,0.0
2019-08-30 00:00:00+08:00,19.9815841798731,19.9815841798731,19.624237798701074,19.862468719482422,88064,0.0,0.0
2019-09-02 00:00:00+08:00,19.713575914982467,19.77313295578348,19.624238967895508,19.624238967895508,55095,0.0,0.0
2019-09-03 00:00:00+08:00,19.59445924044604,19.59445924044604,19.415786743164062,19.415786743164062,60121,0.0,0.0
2019-09-04 00:00:00+08:00,19.534900741123206,19.534900741123206,19.445565185773845,19.475343704223633,40382,0.0,0.0
2019-09-05 00:00:00+08:00,19.654017568401574,19.773133036374528,19.534902100428617,19.564682006835938,111264,0.0,0.0
2019-09-06 00:00:00+08:00,19.654014820609202,19.654014820609202,19.386005401611328,19.386005401611328,77104,0.0,0.0
2019-09-10 00:00:00+08:00,19.296672379037112,19.356229419552076,19.23711395263672,19.23711395263672,23180,0.0,0.0
2019-09-11 00:00:00+08:00,19.266892321113176,19.53490036792655,19.266892321113176,19.35622787475586,29042,0.0,0.0
2019-09-12 00:00:00+08:00,19.505120621490825,19.683793103407602,19.505120621490825,19.654014587402344,63440,0.0,0.0
2019-09-16 00:00:00+08:00,19.71357300529809,19.71357300529809,19.564679039386572,19.654014587402344,71980,0.0,0.0
2019-09-17 00:00:00+08:00,19.83268706931912,19.83268706931912,19.415785073475053,19.654014587402344,45140,0.0,0.0
2019-09-18 00:00:00+08:00,19.534901658275604,19.534901658275604,19.505123138427734,19.505123138427734,8448,0.0,0.0
2019-09-19 00:00:00+08:00,19.53490081742848,19.53490081742848,19.415786743164062,19.415786743164062,28893,0.0,0.0
2019-09-20 00:00:00+08:00,19.35622794968864,19.415786371566316,19.29667091369629,19.29667091369629,41742,0.0,0.0
2019-09-23 00:00:00+08:00,19.296671207639566,19.6540162008077,19.296671207639566,19.475343704223633,29280,0.0,0.0
2019-09-24 00:00:00+08:00,19.4753421760052,19.654014658568943,19.4753421760052,19.594457626342773,13420,0.0,0.0
2019-09-25 00:00:00+08:00,19.59445800318215,19.892245941810508,19.59445800318215,19.713573455810547,17080,0.0,0.0
2019-09-26 00:00:00+08:00,19.71357331205516,19.832687377929688,19.71357331205516,19.832687377929688,14976,0.0,0.0
2019-09-27 00:00:00+08:00,19.892247120176684,19.892247120176684,19.35622824453914,19.475343704223633,75241,0.0,0.0
2019-10-01 00:00:00+08:00,19.594459821637166,19.77313232421875,19.594459821637166,19.77313232421875,8540,0.0,0.0
2019-10-02 00:00:00+08:00,19.773130108906518,19.773130108906518,19.594457626342773,19.594457626342773,28060,0.0,0.0
2019-10-03 00:00:00+08:00,19.59445755539183,19.654014587402344,19.534899137496083,19.654014587402344,12200,0.0,0.0
2019-10-04 00:00:00+08:00,19.683793103407602,19.683793103407602,19.654014587402344,19.654014587402344,22027,0.0,0.0
2019-10-07 00:00:00+08:00,19.65401376522738,20.219811089199524,19.65401376522738,20.0709171295166,48259,0.0,0.0
2019-10-08 00:00:00+08:00,20.01136016845703,20.01136016845703,19.83268630751813,20.01136016845703,33164,0.0,0.0
2019-10-09 00:00:00+08:00,19.92202630735097,19.92202630735097,19.77313232421875,19.77313232421875,13420,0.0,0.0
2019-10-14 00:00:00+08:00,20.1304756137879,20.1304756137879,19.951803138734185,20.01136016845703,89060,0.0,0.0
2019-10-15 00:00:00+08:00,20.011361086433688,20.070918118888578,19.98158257020624,20.041139602661133,43514,0.0,0.0
2019-10-16 00:00:00+08:00,20.130478530717397,20.24959399330824,19.981584548950195,19.981584548950195,39040,0.0,0.0
2019-10-17 00:00:00+08:00,20.190032643510747,20.190032643510747,19.92202323798758,20.01136016845703,36440,0.0,0.0
2019-10-18 00:00:00+08:00,20.0113646975107,20.249595642089844,19.92202774682215,20.249595642089844,25620,0.0,0.0
2019-10-21 00:00:00+08:00,20.368708464447415,20.90472736354334,20.30915142494138,20.547382354736328,90402,0.0,0.0
2019-10-22 00:00:00+08:00,20.60693939424236,20.84517032403731,20.547382354736328,20.547382354736328,41543,0.0,0.0
2019-10-23 00:00:00+08:00,20.577160874489344,20.577160874489344,20.30915142494138,20.547382354736328,24105,0.0,0.0
2019-10-24 00:00:00+08:00,20.547382198747677,20.66649627685547,20.487823773808383,20.66649627685547,14864,0.0,0.0
2019-10-25 00:00:00+08:00,20.66649627685547,20.696276182267816,20.66649627685547,20.66649627685547,30768,0.0,0.0
2019-10-28 00:00:00+08:00,20.845168749915565,21.1727352142334,20.845168749915565,21.1727352142334,81862,0.0,0.0
2019-10-29 00:00:00+08:00,21.291851295085912,21.291851295085912,20.606938442957354,21.023841857910156,105138,0.0,0.0
2019-10-30 00:00:00+08:00,20.994063118663963,20.994063118663963,20.785612106323242,20.785612106323242,3294,0.0,0.0
2019-10-31 00:00:00+08:00,20.517600844178585,20.72605323791504,20.517600844178585,20.72605323791504,39198,0.0,0.0
2019-11-01 00:00:00+08:00,20.726054306878634,20.726054306878634,20.54738180723599,20.63671875,11102,0.0,0.0
2019-11-04 00:00:00+08:00,20.606939237801573,20.66649627685547,20.577160718274627,20.66649627685547,13420,0.0,0.0
2019-11-05 00:00:00+08:00,20.666493830877716,20.8451676986633,20.666493830877716,20.755830764770508,31720,0.0,0.0
2019-11-06 00:00:00+08:00,20.666493830877716,20.8451676986633,20.666493830877716,20.755830764770508,31720,0.0,0.0
2019-11-07 00:00:00+08:00,20.755830764770508,20.78561066665826,20.63671670076043,20.755830764770508,26840,0.0,0.0
2019-11-08 00:00:00+08:00,20.69627600011239,20.874948501586914,20.66649609496215,20.874948501586914,39369,0.0,0.0
2019-11-11 00:00:00+08:00,22.9594669342041,22.9594669342041,22.9594669342041,22.9594669342041,522160,0.0,0.0
2019-11-12 00:00:00+08:00,23.10835892576636,25.133318963168367,22.631897088313963,25.014202117919922,1265140,0.0,0.0
2019-11-13 00:00:00+08:00,24.656855710722947,25.0142006824198,24.120836867292404,24.478181838989258,703940,0.0,0.0
2019-11-14 00:00:00+08:00,24.597299313805465,24.597299313805465,23.584818634069613,23.823049545288086,409920,0.0,0.0
2019-11-15 00:00:00+08:00,24.239953638474987,24.239953638474987,23.22747298774309,23.52526092529297,356610,0.0,0.0
2019-11-18 00:00:00+08:00,23.823050716633112,24.09106154434557,23.584819793701172,23.584819793701172,256200,0.0,0.0
2019-11-19 00:00:00+08:00,23.674155378443135,23.70393528151563,22.989242553710938,22.989242553710938,297680,0.0,0.0
2019-11-20 00:00:00+08:00,22.92968877073757,23.078582763671875,22.721236349098255,23.078582763671875,104920,0.0,0.0
2019-11-21 00:00:00+08:00,23.10835961964649,24.597300827566006,23.10835961964649,24.29951286315918,508740,0.0,0.0
2019-11-22 00:00:00+08:00,24.299513393563693,24.299513393563693,23.58482060032469,23.76349449157715,237900,0.0,0.0
2019-11-25 00:00:00+08:00,23.823047613493586,23.823047613493586,23.316808700561523,23.316808700561523,106140,0.0,0.0
2019-11-26 00:00:00+08:00,23.40614752948371,24.001723421644588,23.346587722851144,23.823049545288086,106140,0.0,0.0
2019-11-27 00:00:00+08:00,23.823050751562477,24.29951259812495,23.823050751562477,24.03150177001953,113460,0.0,0.0
2019-11-28 00:00:00+08:00,23.88260727850631,23.912387182693394,23.58481932371819,23.614599227905273,97600,0.0,0.0
2019-11-29 00:00:00+08:00,23.584816721593093,23.823047613493586,23.167913353709825,23.316808700561523,101260,0.0,0.0
2019-12-02 00:00:00+08:00,23.048803250271074,23.346589837437843,22.870129357731418,23.108360290527344,95160,0.0,0.0
2019-12-03 00:00:00+08:00,22.92968698442238,23.525262909761825,22.87012856035721,23.46570587158203,35380,0.0,0.0
2019-12-04 00:00:00+08:00,23.227475666774968,23.79327170466983,23.227475666774968,23.703937530517578,81740,0.0,0.0
2019-12-05 00:00:00+08:00,23.703939743289613,24.00172774298466,23.703939743289613,23.79327392578125,52460,0.0,0.0
2019-12-06 00:00:00+08:00,23.674154211237703,23.823048175718114,23.52526024675729,23.73371124267578,61366,0.0,0.0
2019-12-09 00:00:00+08:00,23.73371442922499,23.88260841369629,23.465706365884976,23.88260841369629,154940,0.0,0.0
2019-12-10 00:00:00+08:00,24.06128201417619,24.418627018252252,24.031502108932028,24.23995590209961,108580,0.0,0.0
2019-12-11 00:00:00+08:00,24.418623970881836,26.02668044619971,24.269730006784094,25.49066162109375,519720,0.0,0.0
2019-12-12 00:00:00+08:00,25.550221977738392,25.848009944690958,24.954646043833257,25.073762893676758,263520,0.0,0.0
2019-12-13 00:00:00+08:00,25.25243311322852,25.25243311322852,24.65685720049218,24.95464515686035,126886,0.0,0.0
2019-12-16 00:00:00+08:00,25.19287742784175,25.19287742784175,24.53774444303972,24.597301483154297,107360,0.0,0.0
2019-12-17 00:00:00+08:00,24.50796461605607,24.8057525893592,24.50796461605607,24.537744522094727,85400,0.0,0.0
2019-12-18 00:00:00+08:00,24.895089455498024,24.895089455498024,24.388850456867857,24.597301483154297,139080,0.0,0.0
2019-12-19 00:00:00+08:00,24.59729812834052,24.59729812834052,24.031499394993954,24.061279296875,126880,0.0,0.0
2019-12-20 00:00:00+08:00,24.061281128757262,24.299512046631694,24.031501224608956,24.120838165283203,43310,0.0,0.0
2019-12-23 00:00:00+08:00,24.44840684536259,24.537743789038796,24.269732958010188,24.29951286315918,59780,0.0,0.0
2019-12-24 00:00:00+08:00,24.29951358909805,24.537744522094727,24.150619602446486,24.537744522094727,54900,0.0,0.0
2019-12-25 00:00:00+08:00,24.537741783239298,24.924866659677406,24.537741783239298,24.865306854248047,93940,0.0,0.0
2019-12-26 00:00:00+08:00,25.014202955977847,25.818232680087743,25.014202955977847,25.639558792114258,323300,0.0,0.0
2019-12-27 00:00:00+08:00,25.96712760569892,28.200537427610715,25.96712760569892,27.5454044342041,1307125,0.0,0.0
2019-12-30 00:00:00+08:00,27.33695122147054,27.33695122147054,26.32447052001953,26.32447052001953,529480,0.0,0.0
2019-12-31 00:00:00+08:00,26.14579788532586,26.14579788532586,25.81823278507023,26.026683807373047,171257,0.0,0.0
2020-01-02 00:00:00+08:00,26.026682567552296,26.562701436347453,26.026682567552296,26.32447052001953,106140,0.0,0.0
2020-01-03 00:00:00+08:00,26.324471827228546,26.50314571628966,25.04398301367934,25.520444869995117,248110,0.0,0.0
2020-01-06 00:00:00+08:00,25.19287673837083,25.550221741049427,25.10353979475849,25.25243377685547,151280,0.0,0.0
2020-01-07 00:00:00+08:00,25.490664624593187,25.490664624593187,24.984425641366112,25.31199073791504,101260,0.0,0.0
2020-01-08 00:00:00+08:00,25.192874697027342,25.192874697027342,24.71641288421574,24.865306854248047,131760,0.0,0.0
2020-01-09 00:00:00+08:00,24.86530586317506,25.49066162109375,24.68663476932003,25.49066162109375,107360,0.0,0.0
2020-01-10 00:00:00+08:00,26.384028625974345,26.384028625974345,25.580001676065375,25.699115753173828,131760,0.0,0.0
2020-01-13 00:00:00+08:00,25.996902338278684,25.996902338278684,25.34176940540306,25.609777450561523,78080,0.0,0.0
2020-01-14 00:00:00+08:00,25.490661762204017,25.55021879381872,25.37154769897461,25.37154769897461,50020,0.0,0.0
2020-01-15 00:00:00+08:00,25.37155062559551,25.609778779534064,25.25243377685547,25.25243377685547,84180,0.0,0.0
2020-01-16 00:00:00+08:00,25.01420347469292,25.222657272241577,25.01420347469292,25.103540420532227,101260,0.0,0.0
2020-01-17 00:00:00+08:00,25.13331903938953,25.282213017573618,24.92486802428595,24.95464515686035,93964,0.0,0.0
2020-01-20 00:00:00+08:00,24.805749820589234,25.133317663368526,24.805749820589234,24.865306854248047,90524,0.0,0.0
2020-01-30 00:00:00+08:00,24.269732049034637,24.269732049034637,23.167915790464534,23.227474212646484,254980,0.0,0.0
2020-01-31 00:00:00+08:00,23.227474795188627,23.73371377406229,23.108359333722657,23.584819793701172,95184,0.0,0.0
2020-02-03 00:00:00+08:00,22.661676824287277,23.465705129603624,22.631896920253634,23.227474212646484,141520,0.0,0.0
2020-02-04 00:00:00+08:00,23.465705718120567,23.70393664105251,23.34658887076923,23.584819793701172,48800,0.0,0.0
2020-02-05 00:00:00+08:00,23.584819793701172,23.584819793701172,23.227474795188627,23.584819793701172,54900,0.0,0.0
2020-02-06 00:00:00+08:00,23.64437484741211,23.674154749693695,23.4657037490341,23.64437484741211,54900,0.0,0.0
2020-02-07 00:00:00+08:00,23.644374529392717,24.35906722860357,23.55504036729052,24.061279296875,136640,0.0,0.0
2020-02-10 00:00:00+08:00,23.852828979492188,24.239953856137316,23.70393500938026,23.852828979492188,52460,0.0,0.0
2020-02-11 00:00:00+08:00,23.82305108753522,24.359069979534706,23.793271182291058,24.23995590209961,62220,0.0,0.0
2020-02-12 00:00:00+08:00,24.53774444303972,24.686638429211584,24.32929064498244,24.597301483154297,84180,0.0,0.0
2020-02-13 00:00:00+08:00,24.835532131729252,24.835532131729252,23.82305137426193,23.88260841369629,159820,0.0,0.0
2020-02-14 00:00:00+08:00,23.942164209211857,24.2697320667382,23.942164209211857,24.180395126342773,42822,0.0,0.0
2020-02-17 00:00:00+08:00,24.180395353865435,24.180395353865435,23.912387301928028,24.001724243164062,43920,0.0,0.0
2020-02-18 00:00:00+08:00,23.942165453130645,23.942165453130645,23.852831279864514,23.88260841369629,61000,0.0,0.0
2020-02-19 00:00:00+08:00,23.971944338828486,24.091061184400097,23.942164434492913,24.001724243164062,23180,0.0,0.0
2020-02-20 00:00:00+08:00,24.001724017322587,24.180395126342773,24.001724017322587,24.180395126342773,21960,0.0,0.0
2020-02-21 00:00:00+08:00,24.120838165283203,24.269732142483385,24.061281128757262,24.120838165283203,25620,0.0,0.0
2020-02-24 00:00:00+08:00,23.942162238594268,23.942162238594268,23.70393411284196,23.73371124267578,51240,0.0,0.0
2020-02-25 00:00:00+08:00,23.10835708381243,24.329287326722525,23.10835708381243,24.061279296875,67100,0.0,0.0
2020-02-26 00:00:00+08:00,24.06127998329478,24.06127998329478,23.852828979492188,23.852828979492188,12200,0.0,0.0
2020-02-27 00:00:00+08:00,23.76349308285738,23.76349308285738,23.227474212646484,23.227474212646484,102480,0.0,0.0
2020-03-02 00:00:00+08:00,22.989245813557098,23.40615065683573,22.989245813557098,23.078582763671875,25620,0.0,0.0
2020-03-03 00:00:00+08:00,23.28702879966007,23.3465858296926,23.28702879966007,23.316808700561523,30500,0.0,0.0
2020-03-04 00:00:00+08:00,23.316811002694568,23.40614794244903,23.316811002694568,23.346588134765625,12200,0.0,0.0
2020-03-05 00:00:00+08:00,23.406148183430588,24.41862611968357,23.406148183430588,24.120838165283203,58560,0.0,0.0
2020-03-06 00:00:00+08:00,24.12083934320453,24.12083934320453,23.82305137426193,23.88260841369629,34160,0.0,0.0
2020-03-09 00:00:00+08:00,23.703937530517578,23.703937530517578,23.37636965272318,23.703937530517578,61000,0.0,0.0
2020-03-10 00:00:00+08:00,23.34658887076923,23.61459969848169,23.16791637151296,23.584819793701172,48800,0.0,0.0
2020-03-11 00:00:00+08:00,23.52526179870699,24.895087471001666,23.52526179870699,24.150617599487305,109800,0.0,0.0
2020-03-12 00:00:00+08:00,24.12083896025871,24.12083896025871,22.334109789084074,22.363889694213867,117120,0.0,0.0
2020-03-13 00:00:00+08:00,20.130480088380462,20.398489553476633,20.130480088380462,20.309152603149414,172020,0.0,0.0
2020-03-16 00:00:00+08:00,20.309149333067264,20.309149333067264,19.624236519867935,19.713573455810547,59780,0.0,0.0
2020-03-17 00:00:00+08:00,19.11799876484827,19.11799876484827,17.92684555053711,17.92684555053711,100040,0.0,0.0
2020-03-18 00:00:00+08:00,18.01618003845215,18.04595994110624,17.92684448814568,18.01618003845215,25620,0.0,0.0
2020-03-19 00:00:00+08:00,17.3908253550297,17.3908253550297,16.22945213317871,16.22945213317871,180560,0.0,0.0
2020-03-20 00:00:00+08:00,16.64635455857102,17.569496825197444,16.64635455857102,17.361045837402344,42700,0.0,0.0
2020-03-23 00:00:00+08:00,16.97392265559221,17.063259593916833,16.676134709023877,17.033479690551758,19520,0.0,0.0
2020-03-24 00:00:00+08:00,17.56949806213379,17.56949806213379,17.450383995513615,17.56949806213379,10980,0.0,0.0
2020-03-25 00:00:00+08:00,17.986403798166677,18.6117582248175,17.986403798166677,18.135297775268555,25620,0.0,0.0
2020-03-26 00:00:00+08:00,18.165077209472656,18.165077209472656,17.748173775388278,18.165077209472656,32940,0.0,0.0
2020-03-27 00:00:00+08:00,18.165075973166935,18.760651871071342,18.165075973166935,18.46286392211914,20740,0.0,0.0
2020-03-30 00:00:00+08:00,18.581979304261182,18.581979304261182,18.52242088317871,18.52242088317871,2440,0.0,0.0
2020-03-31 00:00:00+08:00,18.701095199905765,19.177557071527584,18.701095199905765,19.118000030517578,36600,0.0,0.0
2020-04-01 00:00:00+08:00,18.55220112132629,18.73087501525879,18.46286556024548,18.73087501525879,42700,0.0,0.0
2020-04-06 00:00:00+08:00,18.701091835593594,18.701091835593594,18.313968366900884,18.64153480529785,10980,0.0,0.0
2020-04-07 00:00:00+08:00,18.73087297277772,19.05843943279256,18.284191058425137,18.343748092651367,31720,0.0,0.0
2020-04-08 00:00:00+08:00,18.34374622562679,18.849985122680664,18.28418919746227,18.849985122680664,26840,0.0,0.0
2020-04-09 00:00:00+08:00,18.84998973526859,19.26689457797734,18.790432692530473,19.028663635253906,43920,0.0,0.0
2020-04-10 00:00:00+08:00,19.117999871606795,19.23711395263672,19.117999871606795,19.23711395263672,29280,0.0,0.0
2020-04-13 00:00:00+08:00,19.23711241734696,20.011362197562146,19.23711241734696,19.35622787475586,26840,0.0,0.0
2020-04-14 00:00:00+08:00,19.654015036553716,19.773130489182112,19.53489958392532,19.713573455810547,20740,0.0,0.0
2020-04-15 00:00:00+08:00,19.74335197249633,19.83268752255368,19.624236519867935,19.713573455810547,74420,0.0,0.0
2020-04-16 00:00:00+08:00,19.713574623592617,19.713574623592617,19.35622824453914,19.475343704223633,31720,0.0,0.0
2020-04-17 00:00:00+08:00,19.475344980007534,19.922026943671455,19.475344980007534,19.624238967895508,40260,0.0,0.0
2020-04-20 00:00:00+08:00,19.624238967895508,19.654017488296017,19.624238967895508,19.624238967895508,17080,0.0,0.0
2020-04-21 00:00:00+08:00,19.624235506373942,19.624235506373942,18.64153480529785,18.64153480529785,85400,0.0,0.0
2020-04-22 00:00:00+08:00,18.552200424835306,19.05844079549626,18.552200424835306,18.9393253326416,13420,0.0,0.0
2020-04-23 00:00:00+08:00,19.117996822926305,19.117996822926305,18.939322958103055,18.96910285949707,13420,0.0,0.0
2020-04-24 00:00:00+08:00,19.356229419552076,19.356229419552076,19.058441445206405,19.23711395263672,29280,0.0,0.0
2020-04-27 00:00:00+08:00,19.326449801580395,19.415786743164062,19.177555822864523,19.415786743164062,108580,0.0,0.0
2020-04-28 00:00:00+08:00,19.41578666732406,19.475343704223633,19.35622824453914,19.475343704223633,23180,0.0,0.0
2020-04-29 00:00:00+08:00,19.654015337434057,20.24959260969364,19.654015337434057,19.89224624633789,64660,0.0,0.0
2020-04-30 00:00:00+08:00,19.922026510495943,20.785613284531276,19.922026510495943,20.547382354736328,85400,0.0,0.0
2020-05-04 00:00:00+08:00,20.547381363275665,20.577159881591797,20.04114100836007,20.577159881591797,54900,0.0,0.0
2020-05-05 00:00:00+08:00,21.02384266883504,21.02384266883504,20.428266734754487,20.66649627685547,30500,0.0,0.0
2020-05-06 00:00:00+08:00,20.696273879175873,21.26207123076726,20.696273879175873,21.142955780029297,35380,0.0,0.0
2020-05-07 00:00:00+08:00,20.934504780651796,21.142955780029297,20.66649397707745,21.142955780029297,32940,0.0,0.0
2020-05-08 00:00:00+08:00,21.142957797274153,21.768313626842204,20.90472687306867,21.53008270263672,74420,0.0,0.0
2020-05-11 00:00:00+08:00,20.934505082434217,21.410965506369262,20.874946663264048,21.32162857055664,48800,0.0,0.0
2020-05-12 00:00:00+08:00,21.32163183031184,21.32163183031184,20.96428680419922,20.96428680419922,7320,0.0,0.0
2020-05-13 00:00:00+08:00,20.845169189270422,21.2322940826416,20.63671817646153,21.2322940826416,30500,0.0,0.0
2020-05-14 00:00:00+08:00,21.232293577659025,21.232293577659025,20.66649481718235,20.72605323791504,29280,0.0,0.0
2020-05-15 00:00:00+08:00,20.726054859139836,20.726054859139836,20.547382354736328,20.547382354736328,31720,0.0,0.0
2020-05-18 00:00:00+08:00,20.54738262197905,20.54738262197905,20.24959464880499,20.279373168945312,30500,0.0,0.0
2020-05-19 00:00:00+08:00,20.309150619715663,20.36870765686035,20.309150619715663,20.36870765686035,23180,0.0,0.0
2020-05-20 00:00:00+08:00,20.24959428417526,20.33892984298758,19.951806316363395,20.16025733947754,37820,0.0,0.0
2020-05-21 00:00:00+08:00,20.130480088380462,20.309152603149414,20.130480088380462,20.309152603149414,23180,0.0,0.0
2020-05-22 00:00:00+08:00,20.249595642089844,20.309152685291885,20.249595642089844,20.249595642089844,35380,0.0,0.0
2020-05-25 00:00:00+08:00,20.19003677368164,20.19003677368164,20.070921303983937,20.19003677368164,29280,0.0,0.0
2020-05-26 00:00:00+08:00,20.190036222638923,20.279373168945312,20.01136371591157,20.279373168945312,50020,0.0,0.0
2020-05-27 00:00:00+08:00,20.309152058903372,20.845170974731445,20.309152058903372,20.845170974731445,36600,0.0,0.0
2020-05-28 00:00:00+08:00,20.874946143517356,20.96428307710566,20.547379696835627,20.815387725830078,40260,0.0,0.0
2020-05-29 00:00:00+08:00,20.815389414006187,20.815389414006187,20.547381363275665,20.577159881591797,7320,0.0,0.0
2020-06-01 00:00:00+08:00,21.14295665834234,21.946984944810303,21.14295665834234,21.768312454223633,159820,0.0,0.0
2020-06-02 00:00:00+08:00,21.76831358317779,22.631897563448334,21.76831358317779,22.03632164001465,136640,0.0,0.0
2020-06-03 00:00:00+08:00,22.03632179471013,22.095880219002822,21.857649293602815,21.917207717895508,91500,0.0,0.0
2020-06-04 00:00:00+08:00,22.03631957222469,22.24477195739746,21.73853163845094,22.24477195739746,46360,0.0,0.0
2020-06-05 00:00:00+08:00,22.24477404474766,22.363889506611475,22.03632164001465,22.03632164001465,48800,0.0,0.0
2020-06-08 00:00:00+08:00,22.09588006388924,22.18521562087307,22.03632164001465,22.03632164001465,73200,0.0,0.0
2020-06-09 00:00:00+08:00,22.066101622137005,22.066101622137005,21.976764678955078,21.976764678955078,39040,0.0,0.0
2020-06-10 00:00:00+08:00,21.91720926689486,21.91720926689486,21.55986285353938,21.798093795776367,73200,0.0,0.0
2020-06-11 00:00:00+08:00,21.768313626842204,21.857649184005226,21.53008270263672,21.53008270263672,79300,0.0,0.0
2020-06-12 00:00:00+08:00,20.845170894654665,21.023843403949165,20.577161437770187,20.904727935791016,97600,0.0,0.0
2020-06-15 00:00:00+08:00,21.08339905153175,21.32162857055664,20.904725179906503,21.32162857055664,51240,0.0,0.0
2020-06-16 00:00:00+08:00,21.559861329795496,22.06610169979917,21.321630404395485,21.917207717895508,65880,0.0,0.0
2020-06-17 00:00:00+08:00,21.917207717895508,21.917207717895508,21.6789767924955,21.917207717895508,28060,0.0,0.0
2020-06-18 00:00:00+08:00,21.917206040847866,22.27455101571939,21.798090587262266,22.15543556213379,59780,0.0,0.0
2020-06-19 00:00:00+08:00,22.334108426456748,22.334108426456748,22.214994356746377,22.274551391601562,47580,0.0,0.0
2020-06-22 00:00:00+08:00,22.304329224020893,22.751012515257482,22.304329224020893,22.483001708984375,61000,0.0,0.0
2020-06-23 00:00:00+08:00,22.631897124203757,22.631897124203757,22.453226013703787,22.51278305053711,19520,0.0,0.0
2020-06-24 00:00:00+08:00,22.899908505080298,22.899908505080298,22.30433119282172,22.423446655273438,45140,0.0,0.0
2020-06-29 00:00:00+08:00,22.423443985528817,22.512780918202456,22.036319125123335,22.185213088989258,80520,0.0,0.0
2020-06-30 00:00:00+08:00,22.214992990470613,22.363886954336536,22.185213088989258,22.185213088989258,52460,0.0,0.0
2020-07-01 00:00:00+08:00,22.274551391601562,22.334108426456748,22.155435936005894,22.274551391601562,85400,0.0,0.0
2020-07-02 00:00:00+08:00,22.748197555541992,22.811386368277827,22.43225055107012,22.748197555541992,50020,1.761935,0.0
2020-07-03 00:00:00+08:00,23.064144560013865,23.064144560013865,22.748197555541992,22.748197555541992,30500,0.0,0.0
2020-07-06 00:00:00+08:00,22.748196727556806,23.759227987305255,22.748196727556806,23.380090713500977,78080,0.0,0.0
2020-07-07 00:00:00+08:00,23.38008905926092,23.38008905926092,23.253711447330875,23.3169002532959,52460,0.0,0.0
2020-07-08 00:00:00+08:00,23.253712004366612,25.623315811157227,22.74819566295216,25.623315811157227,448960,0.0,0.0
2020-07-09 00:00:00+08:00,28.150891613683164,28.18248748779297,27.17145480578872,28.18248748779297,1041880,0.0,0.0
2020-07-10 00:00:00+08:00,28.940758396309253,30.014979861161358,26.223613271980714,28.561622619628906,925980,0.0,0.0
2020-07-13 00:00:00+08:00,28.372058597552233,28.372058597552233,26.286804297740876,26.47637367248535,378200,0.0,0.0
2020-07-14 00:00:00+08:00,26.476372620677584,26.476372620677584,25.275773490174036,25.402151107788086,152500,0.0,0.0
2020-07-15 00:00:00+08:00,25.402149446632215,26.128828052373656,24.959824873116027,24.99142074584961,78080,0.0,0.0
2020-07-16 00:00:00+08:00,24.707067236468447,24.95982540130892,24.51749934803619,24.77025604248047,37820,0.0,0.0
2020-07-17 00:00:00+08:00,24.61228551100217,24.959826905809386,24.42271614074707,24.42271614074707,46360,0.0,0.0
2020-07-20 00:00:00+08:00,24.32793210296147,24.45431118872383,24.011983653357454,24.39112091064453,25620,0.0,0.0
2020-07-21 00:00:00+08:00,24.39112091064453,24.39112091064453,24.106768335278282,24.39112091064453,29280,0.0,0.0
2020-07-22 00:00:00+08:00,24.391119880952832,24.738662719726562,24.391119880952832,24.738662719726562,34160,0.0,0.0
2020-07-23 00:00:00+08:00,24.6122857932769,25.023016002615567,24.580689917607828,24.67547607421875,9760,0.0,0.0
2020-07-24 00:00:00+08:00,24.580688514141812,24.64387879147573,23.790821075439453,23.790821075439453,61000,0.0,0.0
2020-07-27 00:00:00+08:00,23.822417060230002,25.054610564422447,23.822417060230002,23.980390548706055,39040,0.0,0.0
2020-07-28 00:00:00+08:00,24.011984699445147,24.011984699445147,23.380090713500977,23.380090713500977,34160,0.0,0.0
2020-07-29 00:00:00+08:00,23.380089560620096,23.69603653801272,23.380089560620096,23.538063049316406,30500,0.0,0.0
2020-07-30 00:00:00+08:00,23.569661570992817,23.6960391998291,23.53806569338736,23.6960391998291,15860,0.0,0.0
2020-07-31 00:00:00+08:00,23.60125459212114,23.60125459212114,23.569660186767578,23.569660186767578,3660,0.0,0.0
2020-08-03 00:00:00+08:00,24.011984802510018,24.011984802510018,23.569660186767578,23.569660186767578,9760,0.0,0.0
2020-08-04 00:00:00+08:00,23.63284683227539,23.696035637193265,23.56965802735752,23.63284683227539,13420,0.0,0.0
2020-08-05 00:00:00+08:00,23.759225338337355,24.327930450439453,23.69603506455038,24.327930450439453,19520,0.0,0.0
2020-08-06 00:00:00+08:00,24.327934256379184,24.327934256379184,23.82241933897969,24.011985778808594,50020,0.0,0.0
2020-08-07 00:00:00+08:00,24.32793284419417,24.32793284419417,23.88560676574707,23.88560676574707,31720,0.0,0.0
2020-08-10 00:00:00+08:00,23.443281333778994,23.443281333778994,23.190523147583008,23.190523147583008,52460,0.0,0.0
2020-08-11 00:00:00+08:00,23.222116620254692,23.25371249505699,22.937765510204088,22.969358444213867,37820,0.0,0.0
2020-08-12 00:00:00+08:00,23.000954834467613,23.000954834467613,22.811385462990614,22.842981338500977,21960,0.0,0.0
2020-08-13 00:00:00+08:00,22.874574661254883,22.969357872112216,22.874574661254883,22.874574661254883,20740,0.0,0.0
2020-08-14 00:00:00+08:00,22.748197296382486,22.874576390810727,22.748197296382486,22.811386108398438,13420,0.0,0.0
2020-08-17 00:00:00+08:00,22.748197296382486,22.811386108398438,22.11630329463761,22.811386108398438,23180,0.0,0.0
2020-08-18 00:00:00+08:00,22.748197135878268,23.064144134521484,22.748197135878268,23.064144134521484,10980,0.0,0.0
2020-08-19 00:00:00+08:00,22.748197649029326,22.937767028808594,22.432250643259017,22.937767028808594,40260,0.0,0.0
2020-08-20 00:00:00+08:00,22.46384396289883,22.46384396289883,21.800355576961714,21.98992347717285,59780,0.0,0.0
2020-08-21 00:00:00+08:00,22.24268258683088,22.24268258683088,22.179492303856755,22.211088180541992,8540,0.0,0.0
2020-08-24 00:00:00+08:00,22.11630120174813,22.558627255191016,21.800354230774097,22.52703285217285,21960,0.0,0.0
2020-08-25 00:00:00+08:00,22.369059366685835,22.52703285217285,22.305869090253314,22.52703285217285,18300,0.0,0.0
2020-08-26 00:00:00+08:00,22.43225179854014,22.527036493311268,22.43225179854014,22.46384620666504,10980,0.0,0.0
2020-08-27 00:00:00+08:00,22.463841947152975,22.653409830353635,21.800353620752595,22.116300582885742,46360,0.0,0.0
2020-08-28 00:00:00+08:00,21.92673191078566,22.116301270274406,21.800354298321427,22.400653839111328,15860,0.0,0.0
2020-08-31 00:00:00+08:00,21.98992150395325,22.116300582885742,21.98992150395325,22.116300582885742,21960,0.0,0.0
2020-09-01 00:00:00+08:00,22.116300582885742,22.116300582885742,22.053111778617573,22.116300582885742,24400,0.0,0.0
2020-09-02 00:00:00+08:00,22.116301480572414,22.116301480572414,21.989922396510277,22.021516799926758,18300,0.0,0.0
2020-09-03 00:00:00+08:00,21.98992150395325,22.116300582885742,21.895138297551,22.116300582885742,43920,0.0,0.0
2020-09-04 00:00:00+08:00,22.116300582885742,22.116300582885742,22.116300582885742,22.116300582885742,2440,0.0,0.0
2020-09-07 00:00:00+08:00,22.748195214180367,22.748195214180367,22.400653839111328,22.400653839111328,10980,0.0,0.0
2020-09-08 00:00:00+08:00,22.5902225610142,22.5902225610142,22.432249069213867,22.432249069213867,8540,0.0,0.0
2020-09-09 00:00:00+08:00,22.432249069213867,22.432249069213867,22.432249069213867,22.432249069213867,1220,0.0,0.0
2020-09-10 00:00:00+08:00,23.064144560013865,23.12733484314605,22.463844957438035,22.748197555541992,15860,0.0,0.0
2020-09-11 00:00:00+08:00,22.74819450297125,23.032547062918052,22.74819450297125,22.90616798400879,47580,0.0,0.0
2020-09-14 00:00:00+08:00,23.380091133164697,23.380091133164697,23.064144134521484,23.064144134521484,13420,0.0,0.0
2020-09-15 00:00:00+08:00,23.095738283955022,23.12733268737793,23.0641424101359,23.12733268737793,15860,0.0,0.0
2020-09-16 00:00:00+08:00,23.158927090800837,23.158927090800837,23.12733268737793,23.12733268737793,10980,0.0,0.0
2020-09-17 00:00:00+08:00,23.190522552729743,23.190522552729743,22.748196473430898,22.7797908782959,13420,0.0,0.0
2020-09-18 00:00:00+08:00,23.032547384578248,23.032547384578248,22.71660041809082,22.71660041809082,12200,0.0,0.0
2020-09-21 00:00:00+08:00,22.71660041809082,22.71660041809082,22.71660041809082,22.71660041809082,14640,0.0,0.0
2020-09-22 00:00:00+08:00,22.71660149941033,22.71660149941033,22.621816816793842,22.685007095336914,13420,0.0,0.0
2020-09-23 00:00:00+08:00,22.685007095336914,22.685007095336914,22.59022241272043,22.685007095336914,13420,0.0,0.0
2020-09-24 00:00:00+08:00,22.685005569281177,22.685005569281177,22.36905860900879,22.36905860900879,28060,0.0,0.0
2020-09-25 00:00:00+08:00,21.958328247070312,21.958328247070312,21.958328247070312,21.958328247070312,8540,0.0,0.0
2020-09-28 00:00:00+08:00,21.895140339588334,21.95832914974977,21.863544464111328,21.863544464111328,24400,0.0,0.0
2020-09-29 00:00:00+08:00,21.895139439506487,22.084705862197957,21.895139439506487,21.958328247070312,29280,0.0,0.0
2020-09-30 00:00:00+08:00,22.116303546598246,22.748197555541992,22.116303546598246,22.748197555541992,4880,0.0,0.0
2020-10-05 00:00:00+08:00,23.664444259842487,23.664444259842487,22.906171151914478,22.937767028808594,19520,0.0,0.0
2020-10-06 00:00:00+08:00,23.00095548523897,23.00095548523897,22.811386108398438,22.811386108398438,15860,0.0,0.0
2020-10-07 00:00:00+08:00,22.811386368277827,22.811386368277827,22.748197555541992,22.748197555541992,14640,0.0,0.0
2020-10-08 00:00:00+08:00,22.748197555541992,22.748197555541992,22.748197555541992,22.748197555541992,1220,0.0,0.0
2020-10-12 00:00:00+08:00,22.62181704080766,22.685007319976478,22.24268124737978,22.305870056152344,12200,0.0,0.0
2020-10-13 00:00:00+08:00,22.337463632479928,22.337463632479928,22.274274826049805,22.274274826049805,6100,0.0,0.0
2020-10-14 00:00:00+08:00,22.305870056152344,22.337464460538623,22.305870056152344,22.305870056152344,8540,0.0,0.0
2020-10-15 00:00:00+08:00,22.305871220913584,22.842982005112063,22.116303314300847,22.147897720336914,20740,0.0,0.0
2020-10-16 00:00:00+08:00,22.242679595947266,22.242679595947266,22.242679595947266,22.242679595947266,3660,0.0,0.0
2020-10-19 00:00:00+08:00,22.211085259684147,22.242679661818233,22.116300582885742,22.116300582885742,10980,0.0,0.0
2020-10-20 00:00:00+08:00,22.147896638597874,22.17949104309082,22.147896638597874,22.17949104309082,2440,0.0,0.0
2020-10-21 00:00:00+08:00,22.65341152167379,22.65341152167379,22.17949104309082,22.17949104309082,3660,0.0,0.0
2020-10-22 00:00:00+08:00,23.032548786777923,23.032548786777923,22.17949104309082,22.17949104309082,7320,0.0,0.0
2020-10-23 00:00:00+08:00,22.116302567445704,22.43224955792969,21.98992347717285,21.98992347717285,6100,0.0,0.0
2020-10-26 00:00:00+08:00,22.084706510913872,22.084706510913872,21.926733016967773,21.926733016967773,15860,0.0,0.0
2020-10-27 00:00:00+08:00,21.926731597102933,22.62181580769337,21.926731597102933,22.590221405029297,80520,0.0,0.0
2020-10-28 00:00:00+08:00,22.02151770149394,22.02151770149394,21.926733016967773,21.926733016967773,6100,0.0,0.0
2020-10-29 00:00:00+08:00,21.863544464111328,21.863544464111328,21.863544464111328,21.863544464111328,62220,0.0,0.0
2020-10-30 00:00:00+08:00,23.127333629512897,23.127333629512897,21.926733016967773,21.926733016967773,10980,0.0,0.0
2020-11-02 00:00:00+08:00,21.926731614663744,21.926731614663744,21.80035400390625,21.80035400390625,190320,0.0,0.0
2020-11-03 00:00:00+08:00,21.98992347717285,21.98992347717285,21.8635443869,21.98992347717285,129320,0.0,0.0
2020-11-04 00:00:00+08:00,21.8003531122776,21.895137786865234,21.8003531122776,21.895137786865234,51240,0.0,0.0
2020-11-05 00:00:00+08:00,21.83195005903061,21.863544464111328,21.83195005903061,21.863544464111328,2440,0.0,0.0
2020-11-06 00:00:00+08:00,21.863542809284997,22.621815825810863,21.35802795506648,21.80035400390625,125660,0.0,0.0
2020-11-09 00:00:00+08:00,21.67397671900015,21.67397671900015,21.61078643798828,21.61078643798828,18300,0.0,0.0
2020-11-10 00:00:00+08:00,21.48440799558517,21.610785611985932,21.48440799558517,21.579191207885742,19520,0.0,0.0
2020-11-11 00:00:00+08:00,21.484408662571777,21.484408662571777,20.72613411824899,21.200056076049805,59780,0.0,0.0
2020-11-12 00:00:00+08:00,21.16846249353486,21.610787122649946,21.16846249353486,21.231651306152344,17080,0.0,0.0
2020-11-13 00:00:00+08:00,21.231649653646627,21.231649653646627,21.168460845947266,21.168460845947266,12200,0.0,0.0
2020-11-16 00:00:00+08:00,21.168458839034745,21.768756866455078,21.105268566930015,21.768756866455078,31720,0.0,0.0
2020-11-17 00:00:00+08:00,22.11630298734825,22.11630298734825,21.67397689819336,21.67397689819336,20740,0.0,0.0
2020-11-18 00:00:00+08:00,21.579190634709743,21.61078503797074,21.42121714800856,21.484407424926758,12200,0.0,0.0
2020-11-19 00:00:00+08:00,21.484408250554154,21.57919146397958,21.484408250554154,21.516002655029297,26840,0.0,0.0
2020-11-20 00:00:00+08:00,21.484408402589843,21.484408402589843,21.26324462890625,21.26324462890625,28060,0.0,0.0
2020-11-23 00:00:00+08:00,21.9899222882913,21.9899222882913,21.484407424926758,21.484407424926758,4880,0.0,0.0
2020-11-24 00:00:00+08:00,21.673975059735614,21.80035414168802,21.547595977783203,21.547595977783203,14640,0.0,0.0
2020-11-25 00:00:00+08:00,21.484408584337583,21.484408584337583,21.294839213749047,21.326435089111328,19520,0.0,0.0
2020-11-26 00:00:00+08:00,21.326433825149834,21.579190520293853,21.26324354856668,21.294837951660156,17080,0.0,0.0
2020-11-27 00:00:00+08:00,21.61078339178739,21.989920613227493,21.61078339178739,21.768756866455078,32940,0.0,0.0
2020-11-30 00:00:00+08:00,21.579191207885742,21.673975890582557,21.579191207885742,21.579191207885742,14640,0.0,0.0
2020-12-01 00:00:00+08:00,21.35802671455675,21.768756866455078,21.35802671455675,21.768756866455078,7320,0.0,0.0
2020-12-02 00:00:00+08:00,21.452811551269555,21.484407424926758,21.42121714800856,21.484407424926758,6100,0.0,0.0
2020-12-03 00:00:00+08:00,21.484407172005092,22.053112305592844,21.484407172005092,21.547595977783203,20740,0.0,0.0
2020-12-04 00:00:00+08:00,21.484407424926758,21.484407424926758,21.484407424926758,21.484407424926758,14640,0.0,0.0
2020-12-07 00:00:00+08:00,21.4844072410992,21.4844072410992,21.42121696472168,21.42121696472168,12200,0.0,0.0
2020-12-08 00:00:00+08:00,21.421217896741137,21.73716488118675,21.421217896741137,21.64238166809082,12200,0.0,0.0
2020-12-09 00:00:00+08:00,21.579191388963945,21.64238166809082,21.484408175868015,21.64238166809082,19520,0.0,0.0
2020-12-10 00:00:00+08:00,21.484408326122853,21.484408326122853,21.389623641967773,21.389623641967773,13420,0.0,0.0
2020-12-11 00:00:00+08:00,21.48441062427503,21.800357644726606,21.48441062427503,21.737167358398438,23180,0.0,0.0
2020-12-14 00:00:00+08:00,22.1794884887495,22.1794884887495,21.768756866455078,21.768756866455078,10980,0.0,0.0
2020-12-15 00:00:00+08:00,21.768758338411363,21.768758338411363,21.42121696472168,21.42121696472168,17080,0.0,0.0
2020-12-16 00:00:00+08:00,21.452811551269555,21.484407424926758,21.42121714800856,21.484407424926758,17080,0.0,0.0
2020-12-17 00:00:00+08:00,21.484408816757142,21.67397671900015,21.421218535745272,21.61078643798828,31720,0.0,0.0
2020-12-18 00:00:00+08:00,21.484408816757142,21.61078643798828,21.484408816757142,21.61078643798828,12200,0.0,0.0
2020-12-21 00:00:00+08:00,21.800354398329123,21.800354398329123,21.484407424926758,21.484407424926758,7320,0.0,0.0
2020-12-22 00:00:00+08:00,21.4844072410992,21.4844072410992,21.42121696472168,21.42121696472168,18300,0.0,0.0
2020-12-23 00:00:00+08:00,21.42121696472168,21.42121696472168,21.42121696472168,21.42121696472168,6100,0.0,0.0
2020-12-24 00:00:00+08:00,21.42121696472168,21.42121696472168,21.35802815874035,21.42121696472168,64660,0.0,0.0
2020-12-25 00:00:00+08:00,21.452811367712343,21.452811367712343,21.42121696472168,21.42121696472168,19520,0.0,0.0
2020-12-28 00:00:00+08:00,21.61078485306185,21.61078485306185,21.42121696472168,21.42121696472168,8540,0.0,0.0
2020-12-29 00:00:00+08:00,21.421217716988544,21.579191207885742,21.421217716988544,21.579191207885742,12200,0.0,0.0
2020-12-30 00:00:00+08:00,22.590221565895355,22.590221565895355,21.484407172005092,21.547595977783203,12200,0.0,0.0
2020-12-31 00:00:00+08:00,21.86354462124316,21.86354462124316,21.61078643798828,21.61078643798828,14640,0.0,0.0
2021-01-04 00:00:00+08:00,21.80035400390625,21.989921890438673,21.80035400390625,21.80035400390625,12200,0.0,0.0
2021-01-05 00:00:00+08:00,22.621817272568368,22.621817272568368,21.800355398127916,21.926733016967773,18300,0.0,0.0
2021-01-06 00:00:00+08:00,22.11630238602011,22.24268147525624,21.926733016967773,21.926733016967773,29280,0.0,0.0
2021-01-07 00:00:00+08:00,21.926731229288933,22.55862662395138,21.926731229288933,22.116300582885742,23180,0.0,0.0
2021-01-08 00:00:00+08:00,22.242679661818233,22.242679661818233,22.116300582885742,22.116300582885742,3660,0.0,0.0
2021-01-11 00:00:00+08:00,22.11630045263242,22.621815294989013,22.11630045263242,22.36905860900879,39040,0.0,0.0
2021-01-12 00:00:00+08:00,22.432247545018893,22.432247545018893,22.116300582885742,22.116300582885742,28060,0.0,0.0
2021-01-13 00:00:00+08:00,21.989922396510277,22.021516799926758,21.989922396510277,22.021516799926758,9760,0.0,0.0
2021-01-14 00:00:00+08:00,22.021517882141993,22.021517882141993,21.98992347717285,21.98992347717285,24400,0.0,0.0
2021-01-15 00:00:00+08:00,21.989923296783978,22.52703405843847,21.926733016967773,21.926733016967773,20740,0.0,0.0
2021-01-18 00:00:00+08:00,21.610784783561314,21.610784783561314,20.978890844195448,21.547595977783203,9760,0.0,0.0
2021-01-19 00:00:00+08:00,21.547596117200374,21.70556960306396,21.294837951660156,21.294837951660156,12200,0.0,0.0
2021-01-20 00:00:00+08:00,21.231649653646627,21.42121754714094,21.01048735630263,21.168460845947266,25620,0.0,0.0
2021-01-21 00:00:00+08:00,21.168460479540766,21.168460479540766,21.010486992630504,21.04207992553711,8540,0.0,0.0
2021-01-22 00:00:00+08:00,21.042082009829773,21.7371663033232,21.042082009829773,21.10527229309082,6100,0.0,0.0
2021-01-25 00:00:00+08:00,21.484407424926758,21.484407424926758,21.484407424926758,21.484407424926758,13420,0.0,0.0
2021-01-26 00:00:00+08:00,21.168461414810086,21.26324462890625,21.168461414810086,21.26324462890625,3660,0.0,0.0
2021-01-27 00:00:00+08:00,21.61078643798828,21.67397671900015,21.61078643798828,21.61078643798828,3660,0.0,0.0
2021-01-28 00:00:00+08:00,21.136865795491428,21.200056076049805,21.136865795491428,21.200056076049805,8540,0.0,0.0
2021-01-29 00:00:00+08:00,21.168460845947266,21.200055249796947,21.168460845947266,21.168460845947266,8540,0.0,0.0
2021-02-01 00:00:00+08:00,21.105269994022656,21.42121696472168,21.073675591031993,21.42121696472168,19520,0.0,0.0
2021-02-02 00:00:00+08:00,21.610786282673004,21.863544464111328,21.610786282673004,21.863544464111328,12200,0.0,0.0
2021-02-03 00:00:00+08:00,21.989921890438673,21.989921890438673,21.80035400390625,21.80035400390625,10980,0.0,0.0
2021-02-04 00:00:00+08:00,21.989924395727066,22.305871399408662,21.989924395727066,22.211088180541992,45140,0.0,0.0
2021-02-05 00:00:00+08:00,22.053112082546455,22.71660041809082,22.021516209580778,22.71660041809082,45140,0.0,0.0
2021-02-17 00:00:00+08:00,22.811382667942397,24.01198167833957,22.36905810975028,22.49543571472168,181780,0.0,0.0
2021-02-18 00:00:00+08:00,22.495436978758494,22.59022165820918,22.11630120174813,22.52703285217285,65880,0.0,0.0
2021-02-19 00:00:00+08:00,22.179490146008412,22.337463632479928,22.179490146008412,22.274274826049805,28060,0.0,0.0
2021-02-22 00:00:00+08:00,22.43224601958235,23.6328449822037,22.43224601958235,23.506465911865234,50020,0.0,0.0
2021-02-23 00:00:00+08:00,23.6328472239134,23.72763190325713,23.06414208864342,23.3169002532959,28060,0.0,0.0
2021-02-24 00:00:00+08:00,23.31689986689369,23.72763151004837,23.22211518912071,23.63284683227539,26840,0.0,0.0
2021-02-25 00:00:00+08:00,23.443278947125602,23.696035637193265,23.253711061975814,23.63284683227539,37820,0.0,0.0
2021-02-26 00:00:00+08:00,23.222118680503872,23.6960391998291,23.064145174062126,23.6960391998291,62220,0.0,0.0
2021-03-02 00:00:00+08:00,25.054611238064094,25.054611238064094,23.69603714208745,23.948795318603516,39040,0.0,0.0
2021-03-03 00:00:00+08:00,23.948794967686112,23.948794967686112,23.380089814056237,23.47487449645996,34160,0.0,0.0
2021-03-04 00:00:00+08:00,23.506469244898536,23.948795318603516,23.44328043596765,23.948795318603516,7320,0.0,0.0
2021-03-05 00:00:00+08:00,23.443282471760146,23.6960391998291,23.443282471760146,23.6960391998291,14640,0.0,0.0
2021-03-08 00:00:00+08:00,23.6960391998291,23.727635077434563,23.569661570992817,23.6960391998291,18300,0.0,0.0
2021-03-09 00:00:00+08:00,23.316903372527474,23.6960391998291,23.316903372527474,23.6960391998291,4880,0.0,0.0
2021-03-10 00:00:00+08:00,23.443277111894027,23.506465911865234,23.443277111894027,23.506465911865234,24400,0.0,0.0
2021-03-11 00:00:00+08:00,23.380090813853617,23.569660186767578,23.285307597792936,23.569660186767578,29280,0.0,0.0
2021-03-12 00:00:00+08:00,23.72763425234375,23.759228658454177,23.664443969726562,23.664443969726562,40260,0.0,0.0
2021-03-15 00:00:00+08:00,23.664441626895915,23.664441626895915,23.06414208864342,23.3169002532959,56120,0.0,0.0
2021-03-16 00:00:00+08:00,23.190522811796985,23.380090713500977,23.064143720528893,23.380090713500977,57340,0.0,0.0
2021-03-17 00:00:00+08:00,23.316900578311593,23.380089385157408,23.095738283955022,23.12733268737793,46360,0.0,0.0
2021-03-18 00:00:00+08:00,23.127333512929766,23.190522322031168,23.0641432334321,23.15892791748047,76860,0.0,0.0
2021-03-19 00:00:00+08:00,23.34849672737964,23.34849672737964,23.064144134521484,23.064144134521484,20740,0.0,0.0
2021-03-22 00:00:00+08:00,23.064141584587198,23.348494146007795,23.064141584587198,23.09573745727539,9760,0.0,0.0
2021-03-23 00:00:00+08:00,23.34849664635642,23.34849664635642,23.12733433623217,23.190523147583008,12200,0.0,0.0
2021-03-24 00:00:00+08:00,23.000956233772314,23.380092058999143,23.000956233772314,23.285308837890625,26840,0.0,0.0
2021-03-25 00:00:00+08:00,23.158927020064027,23.253711700439453,23.158927020064027,23.253711700439453,7320,0.0,0.0
2021-03-26 00:00:00+08:00,23.316900507092264,23.380089313745074,23.253711700439453,23.253711700439453,20740,0.0,0.0
2021-03-29 00:00:00+08:00,23.253711700439453,23.28530610376586,22.748195365632125,23.253711700439453,64660,0.0,0.0
2021-03-30 00:00:00+08:00,23.253713429330162,23.75922833132582,22.906170555711604,23.190523147583008,85400,0.0,0.0
2021-03-31 00:00:00+08:00,23.253711700439453,23.28530610376586,23.095738213411213,23.253711700439453,29280,0.0,0.0
2021-04-01 00:00:00+08:00,23.064142978930313,23.222116470336914,23.064142978930313,23.222116470336914,20740,0.0,0.0
2021-04-07 00:00:00+08:00,28.05610466003418,28.05610466003418,27.86653825310468,28.05610466003418,1182180,0.0,0.0
2021-04-08 00:00:00+08:00,28.056104749229302,28.056104749229302,25.90766487831921,26.22361183166504,774700,0.0,0.0
2021-04-09 00:00:00+08:00,25.939261782069917,25.97085471418622,24.707066850517947,25.08620262145996,236680,0.0,0.0
2021-04-12 00:00:00+08:00,25.591722228124084,26.286805054202,25.528533414988406,25.654911041259766,257420,0.0,0.0
2021-04-13 00:00:00+08:00,25.686506369545015,25.686506369545015,24.833450058453327,24.896638870239258,109800,0.0,0.0
2021-04-14 00:00:00+08:00,24.959828270727638,24.959828270727638,23.696038771634363,24.011985778808594,124440,0.0,0.0
2021-04-15 00:00:00+08:00,24.01198233530013,24.61228332731888,23.88560472687108,24.138362884521484,63440,0.0,0.0
2021-04-16 00:00:00+08:00,24.454307556152344,24.928226484169375,24.454307556152344,24.454307556152344,62220,0.0,0.0
2021-04-19 00:00:00+08:00,24.454312270459297,25.054611851587552,24.26474289823205,25.02301597595215,95160,0.0,0.0
2021-04-20 00:00:00+08:00,25.08620556716192,25.08620556716192,24.42271715490639,24.833450317382812,26840,0.0,0.0
2021-04-21 00:00:00+08:00,24.51749999640689,24.675474956407015,24.32793210296147,24.39112091064453,61000,0.0,0.0
2021-04-22 00:00:00+08:00,24.39112091064453,24.928230187139267,24.32793210296147,24.39112091064453,97600,0.0,0.0
2021-04-23 00:00:00+08:00,24.422714486081727,24.454310359247778,24.106767517590686,24.359525680541992,75640,0.0,0.0
2021-04-26 00:00:00+08:00,24.391120377446654,25.054610195595874,24.391120377446654,24.95982551574707,69540,0.0,0.0
2021-04-27 00:00:00+08:00,24.707067236468447,24.896636595296897,24.67547430385863,24.77025604248047,57340,0.0,0.0
2021-04-28 00:00:00+08:00,24.80185317993164,24.896637864176654,24.675475561466648,24.80185317993164,43920,0.0,0.0
2021-04-29 00:00:00+08:00,24.833451335341252,27.234649833012785,24.738666642392385,26.981891632080078,431880,0.0,0.0
2021-05-03 00:00:00+08:00,26.444779120783206,26.855507839636015,25.907666905435768,25.970855712890625,217160,0.0,0.0
2021-05-04 00:00:00+08:00,25.59171906211112,25.62331493516652,24.391119997891323,25.275772094726562,192760,0.0,0.0
2021-05-05 00:00:00+08:00,25.275775312671886,26.50797040682205,25.054612995504232,25.844480514526367,98820,0.0,0.0
2021-05-06 00:00:00+08:00,25.402152775753606,26.128831476731136,24.770258764606663,26.097238540649414,165920,0.0,0.0
2021-05-07 00:00:00+08:00,25.907669234595204,25.907669234595204,25.307371098617168,25.654911041259766,42700,0.0,0.0
2021-05-10 00:00:00+08:00,25.528530002441933,25.5917188071308,24.959824878657486,25.338960647583008,47580,0.0,0.0
2021-05-11 00:00:00+08:00,24.959825914111235,24.959825914111235,24.075173789390504,24.643878936767578,101260,0.0,0.0
2021-05-12 00:00:00+08:00,24.13836512718495,25.27577400149462,23.380090583783453,24.612285614013672,168360,0.0,0.0
2021-05-13 00:00:00+08:00,24.612287301666885,24.612287301666885,23.6960391998291,23.6960391998291,3660,0.0,0.0
2021-05-14 00:00:00+08:00,23.727633016949156,24.517500480566525,23.727633016949156,23.948795318603516,34160,0.0,0.0
2021-05-17 00:00:00+08:00,23.253712480514547,23.253712480514547,21.86354398355565,22.305870056152344,29280,0.0,0.0
2021-05-18 00:00:00+08:00,22.748195923880342,23.44328016609991,22.305869855267208,23.348495483398438,35380,0.0,0.0
2021-05-19 00:00:00+08:00,22.558629230771604,23.064144134521484,22.52703482498655,23.064144134521484,8540,0.0,0.0
2021-05-20 00:00:00+08:00,22.7481951436962,23.064142114670233,22.52703285217285,22.52703285217285,18300,0.0,0.0
2021-05-21 00:00:00+08:00,23.064144134521484,23.064144134521484,23.064144134521484,23.064144134521484,2440,0.0,0.0
2021-05-24 00:00:00+08:00,24.517498650600942,24.517498650600942,24.138362884521484,24.138362884521484,4880,0.0,0.0
2021-05-25 00:00:00+08:00,23.253710803141217,24.138362884521484,23.2221149306378,24.138362884521484,17080,0.0,0.0
2021-05-26 00:00:00+08:00,23.38008684152677,23.506465911865234,23.38008684152677,23.506465911865234,2440,0.0,0.0
2021-05-27 00:00:00+08:00,23.506465911865234,23.506465911865234,23.506465911865234,23.506465911865234,0,0.0,0.0
2021-05-28 00:00:00+08:00,24.011984802510018,24.011984802510018,23.569660186767578,23.569660186767578,4880,0.0,0.0
2021-05-31 00:00:00+08:00,23.38008905926092,23.38008905926092,23.3169002532959,23.3169002532959,7320,0.0,0.0
2021-06-01 00:00:00+08:00,23.25371351002447,23.25371351002447,23.064144134521484,23.064144134521484,12200,0.0,0.0
2021-06-02 00:00:00+08:00,23.38009105203184,23.38009105203184,22.842981744360767,23.190523147583008,28060,0.0,0.0
2021-06-03 00:00:00+08:00,23.190523854234872,24.011985778808594,23.06414475728591,24.011985778808594,3660,0.0,0.0
2021-06-04 00:00:00+08:00,23.6960391998291,23.6960391998291,23.6960391998291,23.6960391998291,1220,0.0,0.0
2021-06-07 00:00:00+08:00,23.095737271542365,23.095737271542365,23.032546997070312,23.032546997070312,7320,0.0,0.0
2021-06-08 00:00:00+08:00,23.032547303970922,23.63284683227539,23.032547303970922,23.63284683227539,2440,0.0,0.0
2021-06-09 00:00:00+08:00,23.569660186767578,23.569660186767578,23.569660186767578,23.569660186767578,1220,0.0,0.0
2021-06-10 00:00:00+08:00,23.53806031185084,23.53806031185084,23.06413990087863,23.506465911865234,3660,0.0,0.0
2021-06-11 00:00:00+08:00,24.04357992729828,24.42271572049192,24.04357992729828,24.07517433166504,53680,0.0,0.0
2021-06-15 00:00:00+08:00,24.075176062481255,24.075176062481255,24.011985778808594,24.011985778808594,10980,0.0,0.0
2021-06-16 00:00:00+08:00,23.822416949304518,23.822416949304518,23.790821075439453,23.790821075439453,2440,0.0,0.0
2021-06-17 00:00:00+08:00,24.011983298625324,24.011983298625324,23.917200088500977,23.917200088500977,12200,0.0,0.0
2021-06-18 00:00:00+08:00,23.88560684270566,23.948795652517575,23.759227752685547,23.759227752685547,4880,0.0,0.0
2021-06-21 00:00:00+08:00,23.63284683227539,23.63284683227539,23.56965802735752,23.63284683227539,7320,0.0,0.0
2021-06-22 00:00:00+08:00,23.63284683227539,23.63284683227539,23.63284683227539,23.63284683227539,0,0.0,0.0
2021-06-23 00:00:00+08:00,23.569659105617173,23.601253509521484,23.380089741398837,23.601253509521484,34160,0.0,0.0
2021-06-24 00:00:00+08:00,23.538061892502732,24.138362884521484,23.538061892502732,24.138362884521484,4880,0.0,0.0
2021-06-25 00:00:00+08:00,24.138362884521484,24.138362884521484,24.138362884521484,24.138362884521484,0,0.0,0.0
2021-06-28 00:00:00+08:00,24.643877908949516,24.99142074584961,24.485904426866263,24.99142074584961,68320,0.0,0.0
2021-06-29 00:00:00+08:00,24.64387868296455,24.959825657054328,24.64387868296455,24.707067489624023,29280,0.0,0.0
2021-06-30 00:00:00+08:00,24.707069494088813,24.896638870239258,24.707069494088813,24.896638870239258,8540,0.0,0.0
2021-07-01 00:00:00+08:00,24.959828069773295,25.212586261636236,24.896639257005734,24.928232192993164,51240,0.0,0.0
2021-07-02 00:00:00+08:00,24.517499460446324,25.149394875444678,24.32793157114492,24.95982551574707,19520,0.0,0.0
2021-07-05 00:00:00+08:00,24.959825628460013,25.149394989013672,24.770256267906355,25.149394989013672,31720,0.0,0.0
2021-07-06 00:00:00+08:00,25.275774908040034,25.275774908040034,24.61228649676229,25.18099021911621,14640,0.0,0.0
2021-07-07 00:00:00+08:00,25.21258586996156,25.244178805458198,24.896638870239258,24.896638870239258,31720,0.0,0.0
2021-07-08 00:00:00+08:00,24.896638870239258,24.95982768202519,24.896638870239258,24.896638870239258,23180,0.0,0.0
2021-07-09 00:00:00+08:00,24.95982716547393,25.27577415865761,24.896638354995712,25.02301597595215,50020,0.0,0.0
2021-07-12 00:00:00+08:00,25.402151779614048,25.402151779614048,24.991423041109336,25.02301597595215,47580,0.0,0.0
2021-07-13 00:00:00+08:00,24.865041732788086,25.023015224636776,24.865041732788086,24.865041732788086,43920,0.0,0.0
2021-07-14 00:00:00+08:00,24.86504019570761,24.99142074584961,24.58068763387852,24.99142074584961,51240,0.0,0.0
2021-07-15 00:00:00+08:00,24.959825007676965,25.402149583577767,24.643878041807152,24.738662719726562,19520,0.0,0.0
2021-07-16 00:00:00+08:00,24.833447789284875,24.896636595296897,24.77025604248047,24.77025604248047,12200,0.0,0.0
2021-07-19 00:00:00+08:00,24.95982551574707,24.95982551574707,24.8334479031436,24.95982551574707,6100,0.0,0.0
2021-07-20 00:00:00+08:00,24.95982521475421,24.95982521475421,24.359525680541992,24.359525680541992,18300,0.0,0.0
2021-07-21 00:00:00+08:00,24.51749934803619,24.95982540130892,24.51749934803619,24.77025604248047,47580,0.0,0.0
2021-07-22 00:00:00+08:00,24.770257639226955,24.770257639226955,24.580689738574726,24.612285614013672,35380,0.0,0.0
2021-07-23 00:00:00+08:00,24.643878936767578,24.643878936767578,24.612284533112458,24.643878936767578,51240,0.0,0.0
2021-07-26 00:00:00+08:00,24.64387875379981,24.64387875379981,24.5806884765625,24.5806884765625,28060,0.0,0.0
2021-07-27 00:00:00+08:00,24.580690979880746,24.580690979880746,24.011985778808594,24.011985778808594,41480,0.0,0.0
2021-07-28 00:00:00+08:00,24.011984384963718,24.011984384963718,23.822417956138747,23.88560676574707,17080,0.0,0.0
2021-07-29 00:00:00+08:00,23.88560643506822,24.07517433166504,23.854010560305202,24.07517433166504,34160,0.0,0.0
2021-07-30 00:00:00+08:00,24.106768407505804,24.391120983724015,24.106768407505804,24.264741897583008,39040,0.0,0.0
2021-08-02 00:00:00+08:00,24.330499354659278,24.46201579898022,24.264741897583008,24.264741897583008,18300,1.229508,0.0
2021-08-03 00:00:00+08:00,24.264744093369632,24.330501556396484,24.264744093369632,24.330501556396484,37820,0.0,0.0
2021-08-04 00:00:00+08:00,24.330500262423097,24.988080978393555,24.330500262423097,24.988080978393555,14640,0.0,0.0
2021-08-05 00:00:00+08:00,24.9880788478614,25.448387145996094,24.9880788478614,25.448387145996094,28060,0.0,0.0
2021-08-06 00:00:00+08:00,24.98808245139523,25.711422199703364,24.98808245139523,25.678544998168945,79300,0.0,0.0
2021-08-09 00:00:00+08:00,25.64566151834584,25.810056686401367,25.54702380544518,25.810056686401367,43920,0.0,0.0
2021-08-10 00:00:00+08:00,25.974452478450953,25.974452478450953,25.316871790431538,25.349750518798828,61000,0.0,0.0
2021-08-11 00:00:00+08:00,26.303243970920335,26.434758890131743,25.51414680480957,25.51414680480957,68320,0.0,0.0
2021-08-12 00:00:00+08:00,26.30324363708496,26.30324363708496,26.30324363708496,26.30324363708496,1220,0.0,0.0
2021-08-13 00:00:00+08:00,25.64566198516228,26.270362411009735,25.316871643066406,25.316871643066406,79300,0.0,0.0
2021-08-16 00:00:00+08:00,25.316872881338103,25.316872881338103,25.251113891601562,25.251113891601562,2440,0.0,0.0
2021-08-17 00:00:00+08:00,24.659290313720703,24.659290313720703,24.659290313720703,24.659290313720703,8540,0.0,0.0
2021-08-18 00:00:00+08:00,25.152478659060918,25.64566421508789,25.152478659060918,25.64566421508789,10980,0.0,0.0
2021-08-19 00:00:00+08:00,25.64566421508789,25.64566421508789,25.64566421508789,25.64566421508789,0,0.0,0.0
2021-08-20 00:00:00+08:00,25.61278548405313,25.64566421508789,24.692171834068702,25.64566421508789,8540,0.0,0.0
2021-08-23 00:00:00+08:00,25.67854303267966,25.711420231697588,24.790808163637195,24.88944435119629,19520,0.0,0.0
2021-08-24 00:00:00+08:00,24.65929098187214,24.988081344676882,24.527776060885028,24.72504997253418,9760,0.0,0.0
2021-08-25 00:00:00+08:00,25.218233928370285,25.316871643066406,25.218233928370285,25.316871643066406,2440,0.0,0.0
2021-08-26 00:00:00+08:00,25.448388085938433,25.448388085938433,25.316871643066406,25.316871643066406,8540,0.0,0.0
2021-08-27 00:00:00+08:00,25.316871643066406,25.316871643066406,25.316871643066406,25.316871643066406,0,0.0,0.0
2021-08-30 00:00:00+08:00,24.9880788478614,25.448387145996094,24.9880788478614,25.448387145996094,2440,0.0,0.0
2021-08-31 00:00:00+08:00,25.64566421508789,25.64566421508789,25.64566421508789,25.64566421508789,4880,0.0,0.0
2021-09-01 00:00:00+08:00,25.448388381816013,25.448388381816013,25.38262939453125,25.38262939453125,3660,0.0,0.0
2021-09-02 00:00:00+08:00,25.71141908999978,25.71141908999978,25.57990264892578,25.57990264892578,6100,0.0,0.0
2021-09-03 00:00:00+08:00,25.119598535192598,25.185355993615996,25.119598535192598,25.152477264404297,7320,0.0,0.0
2021-09-06 00:00:00+08:00,24.988081645752676,25.05384063720703,24.988081645752676,25.05384063720703,7320,0.0,0.0
2021-09-07 00:00:00+08:00,24.659289428706263,25.316871643066406,24.59353197235444,25.316871643066406,10980,0.0,0.0
2021-09-08 00:00:00+08:00,25.316872750835905,25.48126792907715,25.053839853582534,25.48126792907715,24400,0.0,0.0
2021-09-09 00:00:00+08:00,25.05383875732235,25.64566198516228,25.05383875732235,25.316871643066406,6100,0.0,0.0
2021-09-10 00:00:00+08:00,25.316871643066406,25.316871643066406,25.316871643066406,25.316871643066406,3660,0.0,0.0
2021-09-13 00:00:00+08:00,25.645661037933582,25.94157111075565,25.251111723890272,25.448387145996094,20740,0.0,0.0
2021-09-14 00:00:00+08:00,25.382628124434355,25.382628124434355,25.185354232788086,25.185354232788086,13420,0.0,0.0
2021-09-15 00:00:00+08:00,24.9880788478614,25.448387145996094,24.79080648609224,25.448387145996094,6100,0.0,0.0
2021-09-16 00:00:00+08:00,25.448387145996094,25.448387145996094,25.448387145996094,25.448387145996094,0,0.0,0.0
2021-09-17 00:00:00+08:00,25.316871643066406,25.316871643066406,25.316871643066406,25.316871643066406,2440,0.0,0.0
2021-09-22 00:00:00+08:00,24.659290313720703,24.790808291481262,24.659290313720703,24.659290313720703,15860,0.0,0.0
2021-09-23 00:00:00+08:00,24.856563526560915,24.856563526560915,24.26474033042427,24.593530654907227,48800,0.0,0.0
2021-09-24 00:00:00+08:00,24.198986772808915,24.626413345336914,24.0345915841054,24.626413345336914,41480,0.0,0.0
2021-09-27 00:00:00+08:00,24.593534995165545,24.692172721985305,24.198987148223654,24.36338233947754,48800,0.0,0.0
2021-09-28 00:00:00+08:00,24.65928952072144,24.823684692382812,24.65928952072144,24.823684692382812,4880,0.0,0.0
2021-09-29 00:00:00+08:00,24.36337882130664,24.429136276245117,24.198983653792084,24.429136276245117,28060,0.0,0.0
2021-09-30 00:00:00+08:00,24.330498563669043,24.429136276245117,24.330498563669043,24.429136276245117,43920,0.0,0.0
2021-10-01 00:00:00+08:00,24.067470174120533,24.429139281105307,24.067470174120533,24.330501556396484,6100,0.0,0.0
2021-10-04 00:00:00+08:00,24.429134847764512,24.462013573311186,24.001706825152958,24.19898223876953,26840,0.0,0.0
2021-10-05 00:00:00+08:00,24.330499502052742,24.396258489695782,24.13322559946045,24.29762077331543,13420,0.0,0.0
2021-10-06 00:00:00+08:00,24.198985398653157,24.396259307861328,24.067468949124887,24.396259307861328,9760,0.0,0.0
2021-10-07 00:00:00+08:00,24.39625894870492,25.119598645377323,24.39625894870492,24.659290313720703,12200,0.0,0.0
2021-10-08 00:00:00+08:00,24.198983800461047,24.46201515197754,24.067467359618618,24.46201515197754,4880,0.0,0.0
2021-10-12 00:00:00+08:00,26.89506721496582,26.89506721496582,26.89506721496582,26.89506721496582,368440,0.0,0.0
2021-10-13 00:00:00+08:00,28.078713341770296,29.262359839136682,26.99370456257392,28.275985717773438,567300,0.0,0.0
2021-10-14 00:00:00+08:00,28.275987267983044,28.275987267983044,27.32249641418457,27.32249641418457,126880,0.0,0.0
2021-10-15 00:00:00+08:00,27.585528176234195,27.618405375834598,26.33612420366955,26.632034301757812,98820,0.0,0.0
2021-10-18 00:00:00+08:00,26.697792053222656,26.993705214883512,26.632034592965898,26.697792053222656,42700,0.0,0.0
2021-10-19 00:00:00+08:00,26.927946887553023,27.026581544593668,26.730671452798013,26.763551712036133,48800,0.0,0.0
2021-10-20 00:00:00+08:00,26.763552707028335,28.933570328661066,26.763552707028335,28.637657165527344,229360,0.0,0.0
2021-10-21 00:00:00+08:00,28.67053409279654,28.67053409279654,27.68416311769869,28.407501220703125,79300,0.0,0.0
2021-10-22 00:00:00+08:00,28.57190009357687,31.037827851547778,27.749924174253234,30.380247116088867,508740,0.0,0.0
2021-10-25 00:00:00+08:00,30.774793580095714,30.774793580095714,29.919937522796037,30.511760711669922,392840,0.0,0.0
2021-10-26 00:00:00+08:00,30.4788822435036,30.4788822435036,28.407502491097873,29.459630966186523,267180,0.0,0.0
2021-10-27 00:00:00+08:00,29.59115219072106,29.59115219072106,28.637658264482965,29.3281192779541,78080,0.0,0.0
2021-10-28 00:00:00+08:00,29.32811827087122,30.347369625217244,29.130842827985862,30.314489364624023,129320,0.0,0.0
2021-10-29 00:00:00+08:00,30.54464281939563,30.774798528989887,29.821304610157146,29.887062072753906,137860,0.0,0.0
2021-11-01 00:00:00+08:00,30.24872761126416,30.24872761126416,29.130838694111876,29.196596145629883,96380,0.0,0.0
2021-11-02 00:00:00+08:00,29.328118032044635,29.328118032044635,26.69779207645294,27.223857879638672,200080,0.0,0.0
2021-11-03 00:00:00+08:00,28.275985717773438,28.275985717773438,27.22385719807936,28.275985717773438,161040,0.0,0.0
2021-11-04 00:00:00+08:00,28.17734835168294,28.96644390052559,27.55264490354063,28.60477638244629,98820,0.0,0.0
2021-11-05 00:00:00+08:00,29.591151076553995,29.952818640196092,28.73629490733272,29.16372299194336,183000,0.0,0.0
2021-11-08 00:00:00+08:00,29.16372146416975,29.196598662594734,27.618404388427734,27.618404388427734,186660,0.0,0.0
2021-11-09 00:00:00+08:00,28.21022927535112,28.21022927535112,27.355373100864846,27.552648544311523,82960,0.0,0.0
2021-11-10 00:00:00+08:00,28.012954980152085,28.012954980152085,27.12521860557354,27.8156795501709,67100,0.0,0.0
2021-11-11 00:00:00+08:00,28.045834627472583,28.21022981336778,27.552649069787005,27.848562240600586,90280,0.0,0.0
2021-11-12 00:00:00+08:00,28.736293122855116,28.736293122855116,27.8156795501709,27.8156795501709,39040,0.0,0.0
2021-11-15 00:00:00+08:00,27.815682035601622,28.045834684253443,27.61840658799317,27.94719696044922,86620,0.0,0.0
2021-11-16 00:00:00+08:00,28.506141117747315,28.60477883489356,28.045832791177144,28.210227966308594,47580,0.0,0.0
2021-11-17 00:00:00+08:00,27.94719696044922,28.57190050431794,27.881439498025422,27.94719696044922,20740,0.0,0.0
2021-11-18 00:00:00+08:00,28.275985948823713,28.53901884598076,27.81568067405156,28.24310874938965,46360,0.0,0.0
2021-11-19 00:00:00+08:00,28.275985948823713,28.275985948823713,27.749923214846525,28.24310874938965,35380,0.0,0.0
2021-11-22 00:00:00+08:00,28.144471599547202,28.210229060081975,27.815681236536367,28.111591339111328,61000,0.0,0.0
2021-11-23 00:00:00+08:00,27.980074993460295,27.980074993460295,27.22385658497019,27.618404388427734,54900,0.0,0.0
2021-11-24 00:00:00+08:00,28.86780742089948,28.86780742089948,27.289613195685064,27.68416404724121,15860,0.0,0.0
2021-11-25 00:00:00+08:00,27.38825307216555,27.618405713530205,27.289615351484425,27.48689079284668,28060,0.0,0.0
2021-11-26 00:00:00+08:00,27.486888589102904,27.486888589102904,27.190975450784173,27.421131134033203,39040,0.0,0.0
2021-11-29 00:00:00+08:00,26.79642740224958,27.190975189208984,26.434756812340392,27.190975189208984,56120,0.0,0.0
2021-11-30 00:00:00+08:00,26.96082369588622,27.881437277511704,26.96082369588622,27.618404388427734,25620,0.0,0.0
2021-12-01 00:00:00+08:00,27.58552852496365,27.74992370605469,27.58552852496365,27.749923706054688,35380,0.0,0.0
2021-12-02 00:00:00+08:00,27.74991993846419,28.01295280456543,27.74991993846419,28.01295280456543,20740,0.0,0.0
2021-12-03 00:00:00+08:00,27.684165430894062,27.717042629942462,27.61840491212352,27.65128517150879,37820,0.0,0.0
2021-12-06 00:00:00+08:00,27.6512865627185,27.881439208984375,27.618406301678935,27.881439208984375,43920,0.0,0.0
2021-12-07 00:00:00+08:00,28.802052080088654,30.05145606094854,28.407504259905778,29.097965240478516,241560,0.0,0.0
2021-12-08 00:00:00+08:00,29.29523811611938,31.991321563720703,29.29523811611938,31.991321563720703,586820,0.0,0.0
2021-12-09 00:00:00+08:00,35.11483412025228,35.18059158325195,34.19422045724563,35.18059158325195,711260,0.0,0.0
2021-12-10 00:00:00+08:00,35.57513942158707,37.41636674760038,34.523010832581065,35.18059158325195,1029680,0.0,0.0
2021-12-13 00:00:00+08:00,34.45724813742655,35.83817007506647,33.53663759278246,34.85179901123047,463600,0.0,0.0
2021-12-14 00:00:00+08:00,35.509377427013625,35.509377427013625,32.48450391168092,32.64889907836914,363560,0.0,0.0
2021-12-15 00:00:00+08:00,32.550261366288865,33.47087491181027,32.51738416915324,32.64889907836914,172020,0.0,0.0
2021-12-16 00:00:00+08:00,33.07633214375162,35.9039306640625,32.84617948752566,35.9039306640625,633180,0.0,0.0
2021-12-17 00:00:00+08:00,35.706658493230556,36.824544579214475,33.93118857625135,34.19422149658203,522160,0.0,0.0
2021-12-20 00:00:00+08:00,33.07633425999416,34.65452881276152,33.01057679119914,33.40512466430664,89060,0.0,0.0
2021-12-21 00:00:00+08:00,33.33936097246804,36.62726746221758,33.207842999089465,35.77241134643555,336720,0.0,0.0
2021-12-22 00:00:00+08:00,35.24634962210762,35.90393038352208,34.72028378884119,35.31210708618164,150060,0.0,0.0
2021-12-23 00:00:00+08:00,35.50938253874083,35.640897466888866,34.52301139661914,35.31210708618164,157380,0.0,0.0
2021-12-24 00:00:00+08:00,35.443620289228654,35.443620289228654,34.06269842843444,34.58876419067383,125660,0.0,0.0
2021-12-27 00:00:00+08:00,34.25997896158041,35.180592652569196,33.73391312091905,34.19422149658203,106140,0.0,0.0
2021-12-28 00:00:00+08:00,34.19422149658203,34.19422149658203,33.66815565592067,34.19422149658203,42700,0.0,0.0
2021-12-29 00:00:00+08:00,34.194221764171786,34.78604507446289,33.99694630729569,34.78604507446289,42700,0.0,0.0
2021-12-30 00:00:00+08:00,34.983314233747585,38.20546340942383,34.983314233747585,38.20546340942383,627080,0.0,0.0
2022-01-03 00:00:00+08:00,40.70427261596844,41.23033536808552,37.61364132339042,39.520626068115234,714920,0.0,0.0
2022-01-04 00:00:00+08:00,39.389107187410524,40.37548132837313,38.20546372686191,38.79728698730469,318420,0.0,0.0
2022-01-05 00:00:00+08:00,38.79728657583541,42.6770133972168,38.79728657583541,42.6770133972168,1141920,0.0,0.0
2022-01-06 00:00:00+08:00,43.0058041027791,46.885534015967764,42.41398084381241,43.79490280151367,1448140,0.0,0.0
2022-01-07 00:00:00+08:00,42.874286162349165,43.79489971584036,40.50699329327561,41.23033142089844,830820,0.0,0.0
2022-01-10 00:00:00+08:00,40.441235502434616,44.386722564697266,39.71789738081553,44.386722564697266,524600,0.0,0.0
2022-01-11 00:00:00+08:00,44.38672857341321,45.37309970742163,42.61125869599577,44.715518951416016,542900,0.0,0.0
2022-01-12 00:00:00+08:00,44.71551701365656,45.767645565603836,43.86066084375984,43.92641830444336,337940,0.0,0.0
2022-01-13 00:00:00+08:00,43.3345960514421,43.72914694544781,42.085192027877135,42.94004821777344,197640,0.0,0.0
2022-01-14 00:00:00+08:00,42.940045365220755,42.940045365220755,39.78365678487961,41.95367431640625,273280,0.0,0.0
2022-01-17 00:00:00+08:00,41.690641381469,42.08518918851873,41.16457559851146,41.427608489990234,86620,0.0,0.0
2022-01-18 00:00:00+08:00,41.4276139398806,42.545503110641846,40.83579062128197,41.09882354736328,80520,0.0,0.0
2022-01-19 00:00:00+08:00,39.98093181441587,43.00580567999537,39.78365942775006,42.94004821777344,203740,0.0,0.0
2022-01-20 00:00:00+08:00,44.32096457206199,44.32096457206199,41.29609394383888,42.54549789428711,196420,0.0,0.0
2022-01-21 00:00:00+08:00,41.29609323348116,42.08518884106589,40.835784912109375,40.835784912109375,157380,0.0,0.0
2022-01-24 00:00:00+08:00,40.04669383102972,40.04669383102972,36.95606238792355,38.731529235839844,400160,0.0,0.0
2022-01-25 00:00:00+08:00,38.139704196752945,38.86304545626107,37.08757562883707,37.28485107421875,191540,0.0,0.0
2022-01-26 00:00:00+08:00,37.284845991667716,38.3369744161608,37.284845991667716,37.67939376831055,69540,0.0,0.0
2022-02-07 00:00:00+08:00,37.81090771299369,38.205458539947834,37.6793928109,38.13969802856445,59780,0.0,0.0
2022-02-08 00:00:00+08:00,38.073947898911825,39.78366031691658,38.073947898911825,39.12607955932617,92720,0.0,0.0
2022-02-09 00:00:00+08:00,39.323350930988305,40.90154532035983,39.25759346900137,40.63851547241211,132980,0.0,0.0
2022-02-10 00:00:00+08:00,39.783661190342045,39.783661190342045,38.60001457655824,39.3233528137207,209840,0.0,0.0
2022-02-11 00:00:00+08:00,39.12607633102668,39.454866682693336,38.073944757423895,39.257591247558594,107360,0.0,0.0
2022-02-14 00:00:00+08:00,38.402730893088375,38.60000630656544,38.00818312647076,38.13969802856445,47580,0.0,0.0
2022-02-15 00:00:00+08:00,37.7451565130719,39.389108363187106,37.61364158919749,39.06031799316406,97600,0.0,0.0
2022-02-16 00:00:00+08:00,38.863046929581614,39.78366060903538,38.863046929581614,39.191837310791016,29280,0.0,0.0
2022-02-17 00:00:00+08:00,39.45486549828528,40.70426940917969,38.7972848146921,40.70426940917969,129320,0.0,0.0
2022-02-18 00:00:00+08:00,40.44123748408928,42.41397958171828,40.375480026235685,41.95367431640625,170800,0.0,0.0
2022-02-21 00:00:00+08:00,41.42761472600447,42.41398592227366,41.29609979063683,42.348228454589844,82960,0.0,0.0
2022-02-22 00:00:00+08:00,42.41398592227366,42.41398592227366,41.49337219368829,42.348228454589844,111020,0.0,0.0
2022-02-23 00:00:00+08:00,42.08518918851873,42.08518918851873,41.23033305629695,41.427608489990234,45140,0.0,0.0
2022-02-24 00:00:00+08:00,41.62488657300943,41.62488657300943,38.92880308917375,40.112449645996094,140300,0.0,0.0
2022-02-25 00:00:00+08:00,40.96730583262747,40.96730583262747,39.58638382955571,40.112449645996094,20740,0.0,0.0
2022-03-01 00:00:00+08:00,40.11244553506561,40.11244553506561,39.257589436044306,40.046688079833984,52460,0.0,0.0
2022-03-02 00:00:00+08:00,39.652138393373605,40.37547960319479,39.586380936209,40.30971908569336,26840,0.0,0.0
2022-03-03 00:00:00+08:00,40.96730478869483,41.55912805202511,40.11244862384699,40.57275390625,32940,0.0,0.0
2022-03-04 00:00:00+08:00,40.17820358276367,40.770026809248755,39.454865443876024,40.17820358276367,45140,0.0,0.0
2022-03-07 00:00:00+08:00,40.77003036555352,40.77003036555352,38.27122232924358,39.06031799316406,67100,0.0,0.0
2022-03-08 00:00:00+08:00,38.79728736765828,38.79728736765828,36.42999430267913,36.62726974487305,122000,0.0,0.0
2022-03-09 00:00:00+08:00,36.95606156262251,37.48212432861328,36.82454357587199,37.48212432861328,63440,0.0,0.0
2022-03-10 00:00:00+08:00,38.33697828181735,40.9015436790951,38.33697828181735,40.44123840332031,126880,0.0,0.0
2022-03-11 00:00:00+08:00,41.03306165812855,41.03306165812855,39.91517260786034,40.44123840332031,32940,0.0,0.0
2022-03-14 00:00:00+08:00,40.83578366328694,41.55912485184499,39.06031401001271,40.046688079833984,56120,0.0,0.0
2022-03-15 00:00:00+08:00,39.12607661256913,39.98092969685164,36.10120290720012,36.56150817871094,412360,0.0,0.0
2022-03-16 00:00:00+08:00,37.48211948759817,37.48211948759817,34.917554271066955,36.23271560668945,111020,0.0,0.0
2022-03-17 00:00:00+08:00,37.02181815477802,37.02181815477802,36.561509802487016,36.758785247802734,35380,0.0,0.0
2022-03-18 00:00:00+08:00,36.298473420975434,37.021814611002576,36.232715965610254,36.82453918457031,39040,0.0,0.0
2022-03-21 00:00:00+08:00,36.89030207790533,37.67940083961807,36.89030207790533,37.021820068359375,46360,0.0,0.0
2022-03-22 00:00:00+08:00,37.08757212874649,37.35060501098633,35.57513535111993,37.35060501098633,71980,0.0,0.0
2022-03-23 00:00:00+08:00,37.48212122462345,37.48212122462345,36.62726815305459,36.956058502197266,52460,0.0,0.0
2022-03-24 00:00:00+08:00,37.41636465421128,37.41636465421128,36.89029885897232,37.1533317565918,18300,0.0,0.0
2022-03-25 00:00:00+08:00,37.21908956066509,38.336978620818414,36.758784280819974,38.27122116088867,108580,0.0,0.0
2022-03-28 00:00:00+08:00,38.20546560489838,38.20546560489838,37.48212432861328,37.48212432861328,10980,0.0,0.0
2022-03-29 00:00:00+08:00,37.61364009251011,37.67939755183075,37.1533317565918,37.1533317565918,42700,0.0,0.0
2022-03-30 00:00:00+08:00,37.153328025895696,37.876669186800264,36.95605566774259,37.67939376831055,21960,0.0,0.0
2022-03-31 00:00:00+08:00,37.2190854786134,38.13969899767108,37.2190854786134,37.67939376831055,36600,0.0,0.0
2022-04-01 00:00:00+08:00,37.15333395224264,37.48212432861328,36.36423827308793,37.48212432861328,63440,0.0,0.0
2022-04-06 00:00:00+08:00,37.48212315069436,37.48212315069436,36.298476608822654,36.69302749633789,35380,0.0,0.0
2022-04-07 00:00:00+08:00,36.75878231938517,36.75878231938517,35.180588063598584,35.24634552001953,100040,0.0,0.0
2022-04-08 00:00:00+08:00,35.312101324644395,35.640891651706056,33.996940016397744,35.049068450927734,163480,0.0,0.0
2022-04-11 00:00:00+08:00,34.325732505150484,35.37786100593913,32.87905313877137,33.142086029052734,113460,0.0,0.0
2022-04-12 00:00:00+08:00,32.879050990447304,34.19421535592103,32.28722779106828,33.339359283447266,74420,0.0,0.0
2022-04-13 00:00:00+08:00,33.33936212198138,34.32573318481445,33.27360466319322,34.32573318481445,25620,0.0,0.0
2022-04-14 00:00:00+08:00,33.86542892456055,33.86542892456055,33.86542892456055,33.86542892456055,7320,0.0,0.0
2022-04-15 00:00:00+08:00,33.865425029636754,33.865425029636754,33.07632641035252,33.339359283447266,17080,0.0,0.0
2022-04-18 00:00:00+08:00,32.74754194804254,33.47088018332597,32.71466168539172,32.78042221069336,29280,0.0,0.0
2022-04-19 00:00:00+08:00,32.78041848271058,33.53663689464321,32.78041848271058,33.142086029052734,20740,0.0,0.0
2022-04-20 00:00:00+08:00,33.207841316731574,33.40511673663679,32.714655827305165,33.339359283447266,9760,0.0,0.0
2022-04-21 00:00:00+08:00,33.33936719551161,33.40512466430664,32.714663591115496,33.40512466430664,40260,0.0,0.0
2022-04-22 00:00:00+08:00,32.879056877971465,32.879056877971465,32.78042221069336,32.78042221069336,28060,0.0,0.0
2022-04-25 00:00:00+08:00,31.695410223332495,31.695410223332495,30.347368552071735,30.676158905029297,81740,0.0,0.0
2022-04-26 00:00:00+08:00,31.56389082938298,31.56389082938298,29.919939138374517,30.281606674194336,37820,0.0,0.0
2022-04-27 00:00:00+08:00,29.624026056599817,30.84055275863049,29.525391403212893,30.80767250061035,34160,0.0,0.0
2022-04-28 00:00:00+08:00,31.695411450146512,31.7282886505127,31.004950458075644,31.728288650512695,3660,0.0,0.0
2022-04-29 00:00:00+08:00,31.76116891121588,31.76116891121588,31.563893467670777,31.728288650512695,12200,0.0,0.0
2022-05-03 00:00:00+08:00,31.794044663390398,31.794044663390398,30.972068786621094,30.972068786621094,3660,0.0,0.0
2022-05-04 00:00:00+08:00,29.985699009329597,31.004950363991398,29.985699009329597,30.57752227783203,13420,0.0,0.0
2022-05-05 00:00:00+08:00,31.82692637228525,31.82692637228525,30.774797814164355,31.728288650512695,3660,0.0,0.0
2022-05-06 00:00:00+08:00,31.72828765425024,32.81329643900524,31.72828765425024,32.45162582397461,14640,0.0,0.0
2022-05-09 00:00:00+08:00,32.22147103291241,32.64889907836914,31.958438154143913,32.64889907836914,26840,0.0,0.0
2022-05-10 00:00:00+08:00,32.616021881233515,32.64889907836914,32.616021881233515,32.64889907836914,12200,0.0,0.0
2022-05-11 00:00:00+08:00,31.62964956932043,32.550263165735274,31.62964956932043,32.024200439453125,4880,0.0,0.0
2022-05-12 00:00:00+08:00,32.024201824432716,32.024201824432716,31.563893476149495,31.991321563720703,23180,0.0,0.0
2022-05-13 00:00:00+08:00,30.972066044990243,32.22146987915039,30.972066044990243,32.22146987915039,7320,0.0,0.0
2022-05-16 00:00:00+08:00,32.616023308826826,34.06269961486911,32.616023308826826,33.142086029052734,9760,0.0,0.0
2022-05-17 00:00:00+08:00,33.47088213310166,33.47088213310166,33.40512466430664,33.40512466430664,7320,0.0,0.0
2022-05-18 00:00:00+08:00,33.273604004361836,33.273604004361836,33.142086029052734,33.142086029052734,14640,0.0,0.0
2022-05-19 00:00:00+08:00,32.87905473240188,32.87905473240188,32.32011172617282,32.813297271728516,21960,0.0,0.0
2022-05-20 00:00:00+08:00,32.813295041059455,32.879052497262585,32.35298978730077,32.48450469970703,35380,0.0,0.0
2022-05-23 00:00:00+08:00,32.48450469970703,32.48450469970703,32.48450469970703,32.48450469970703,0,0.0,0.0
2022-05-24 00:00:00+08:00,32.22147371887416,32.74753952026367,31.794045637787296,32.74753952026367,21960,0.0,0.0
2022-05-25 00:00:00+08:00,31.991321342300424,32.2872314453125,31.563893257687557,32.2872314453125,75640,0.0,0.0
2022-05-26 00:00:00+08:00,31.728287865501706,32.15571594238281,31.3008597886206,32.15571594238281,43920,0.0,0.0
2022-05-27 00:00:00+08:00,32.879050711560645,32.879050711560645,31.925559997558594,31.925559997558594,6100,0.0,0.0
2022-05-30 00:00:00+08:00,31.892680699535962,32.64889907836914,31.892680699535962,32.64889907836914,7320,0.0,0.0
2022-05-31 00:00:00+08:00,32.1557146500374,32.550262451171875,32.089957193237794,32.550262451171875,12200,0.0,0.0
2022-06-01 00:00:00+08:00,31.761170792564087,32.84617967565782,31.761170792564087,32.78042221069336,15860,0.0,0.0
2022-06-02 00:00:00+08:00,32.879053346243055,32.879053346243055,32.22147264655861,32.84617614746094,20740,0.0,0.0
2022-06-06 00:00:00+08:00,31.92556598514383,32.813299413007,31.761170792564087,32.78042221069336,24400,0.0,0.0
2022-06-07 00:00:00+08:00,32.78041819136188,33.07632827758789,32.78041819136188,33.07632827758789,25620,0.0,0.0
2022-06-08 00:00:00+08:00,32.87905879327173,33.40512466430664,32.681786386886664,33.40512466430664,8540,0.0,0.0
2022-06-09 00:00:00+08:00,33.53664045423551,33.66815538316683,32.87905662856747,33.60239791870117,13420,0.0,0.0
2022-06-10 00:00:00+08:00,33.40511896482915,33.66815185546875,32.583143094290925,33.66815185546875,29280,0.0,0.0
2022-06-13 00:00:00+08:00,33.40511921505923,33.40511921505923,32.55026307916121,33.20784378051758,20740,0.0,0.0
2022-06-14 00:00:00+08:00,32.61602359756634,33.2736042989227,32.61602359756634,33.20784378051758,36600,0.0,0.0
2022-06-15 00:00:00+08:00,33.20784319139127,33.33936116553145,32.87905284654602,33.07632827758789,23180,0.0,0.0
2022-06-16 00:00:00+08:00,33.470877999136114,33.470877999136114,32.813297271728516,32.813297271728516,39040,0.0,0.0
2022-06-17 00:00:00+08:00,32.61602701811362,32.78042221069336,31.99132345010829,32.78042221069336,24400,0.0,0.0
2022-06-20 00:00:00+08:00,32.221474511705004,32.58314514160156,32.089959588290085,32.58314514160156,15860,0.0,0.0
2022-06-21 00:00:00+08:00,32.583144339871566,32.74753952026367,32.583144339871566,32.74753952026367,6100,0.0,0.0
2022-06-22 00:00:00+08:00,32.58314514160156,32.74754032603872,32.089959588290085,32.58314514160156,18300,0.0,0.0
2022-06-23 00:00:00+08:00,32.18859811207674,32.18859811207674,31.892684936523438,31.892684936523438,30500,0.0,0.0
2022-06-24 00:00:00+08:00,32.35299330060509,32.3858705021085,31.826927473179516,31.892684936523438,45140,0.0,0.0
2022-06-27 00:00:00+08:00,31.892682543923645,32.385868072509766,31.892682543923645,32.385868072509766,52460,0.0,0.0
2022-06-28 00:00:00+08:00,32.21081335942273,32.21081335942273,31.510578711458603,32.17580032348633,69540,2.459016,0.0
2022-06-29 00:00:00+08:00,32.17579870445189,32.38587039180886,31.82568139808717,32.00074005126953,52460,0.0,0.0
2022-06-30 00:00:00+08:00,31.860693092709273,31.860693092709273,31.160458509420522,31.65062141418457,58560,0.0,0.0
2022-07-01 00:00:00+08:00,31.300504363229464,31.300504363229464,29.40986901850444,30.110103607177734,21960,0.0,0.0
2022-07-04 00:00:00+08:00,31.265488104631032,31.265488104631032,29.059748726104864,31.125442504882812,20740,0.0,0.0
2022-07-05 00:00:00+08:00,30.67029178964018,31.09043188022563,29.900034413759343,30.88036346435547,37820,0.0,0.0
2022-07-06 00:00:00+08:00,30.110105159575586,30.390199661254883,29.9350465033817,30.390199661254883,17080,0.0,0.0
2022-07-07 00:00:00+08:00,30.39019474782429,31.195465087890625,30.110100291430147,31.195465087890625,30500,0.0,0.0
2022-07-08 00:00:00+08:00,31.79067172449722,32.455893305180965,31.19546969469611,32.14078903198242,12200,0.0,0.0
2022-07-11 00:00:00+08:00,31.370525695161902,31.82567880816549,31.160457283745288,31.4405517578125,14640,0.0,0.0
2022-07-12 00:00:00+08:00,31.440554012586944,31.440554012586944,30.250153227142384,31.160459518432617,14640,0.0,0.0
2022-07-13 00:00:00+08:00,31.230476167386325,31.510570606295055,30.81033613844556,31.300498962402344,8540,0.0,0.0
2022-07-14 00:00:00+08:00,30.460224358332358,31.51057624816894,30.460224358332358,31.510576248168945,7320,0.0,0.0
2022-07-15 00:00:00+08:00,31.860696035440665,32.17580032348633,31.860696035440665,32.17580032348633,4880,0.0,0.0
2022-07-18 00:00:00+08:00,31.895704309666513,32.210811841710395,31.405541382725367,32.14078903198242,14640,0.0,0.0
2022-07-19 00:00:00+08:00,31.440553537553168,32.42087936401367,31.370527470938637,32.42087936401367,25620,0.0,0.0
2022-07-20 00:00:00+08:00,31.930715283335886,32.280832568226614,31.615611030472284,32.10577392578125,32940,0.0,0.0
2022-07-21 00:00:00+08:00,32.28083212881107,32.59593963623047,31.860692044430287,32.59593963623047,34160,0.0,0.0
2022-07-22 00:00:00+08:00,32.28083028739182,32.63094754754466,32.10577165731541,32.490901947021484,84180,0.0,0.0
2022-07-25 00:00:00+08:00,31.965729706176447,32.35085678100586,31.65062218075754,32.35085678100586,31720,0.0,0.0
2022-07-26 00:00:00+08:00,32.07076354624823,32.07076354624823,31.75565926732313,31.790672302246094,10980,0.0,0.0
2022-07-27 00:00:00+08:00,31.265491146730003,31.965728990138132,31.090432500589273,31.54558563232422,45140,0.0,0.0
2022-07-28 00:00:00+08:00,32.315847582304976,32.315847582304976,31.86069443226177,32.00074005126953,31720,0.0,0.0
2022-07-29 00:00:00+08:00,32.00073582750058,32.525911717729834,32.00073582750058,32.490901947021484,30500,0.0,0.0
2022-08-01 00:00:00+08:00,32.70096969604492,32.73598272490032,32.56092409831299,32.70096969604492,24400,0.0,0.0
2022-08-02 00:00:00+08:00,32.56092834472656,32.56092834472656,32.56092834472656,32.56092834472656,6100,0.0,0.0
2022-08-03 00:00:00+08:00,32.455892622812165,32.56092846461846,32.07076228913748,32.35085678100586,28060,0.0,0.0
2022-08-04 00:00:00+08:00,34.87170526884147,34.87170526884147,33.471236015338214,34.171470642089844,109800,0.0,0.0
2022-08-05 00:00:00+08:00,34.031418707709044,35.151796617053684,33.751327489217985,34.97673797607422,68320,0.0,0.0
2022-08-08 00:00:00+08:00,35.011749267578125,35.361866564723194,34.73165803693826,35.011749267578125,41480,0.0,0.0
2022-08-09 00:00:00+08:00,35.01174579103408,35.29184025270678,34.94172299032713,35.08177185058594,30500,0.0,0.0
2022-08-10 00:00:00+08:00,35.01174949268048,35.01174949268048,34.66163219328439,34.94172668457031,21960,0.0,0.0
2022-08-11 00:00:00+08:00,34.24149277208599,34.66163288801318,34.24149277208599,34.38153839111328,19520,0.0,0.0
2022-08-12 00:00:00+08:00,34.66162872314453,34.73165478308932,34.10144305550079,34.66162872314453,15860,0.0,0.0
2022-08-15 00:00:00+08:00,34.87169997365571,35.50191169380508,34.66162831399095,35.15179443359375,69540,0.0,0.0
2022-08-16 00:00:00+08:00,35.1517961637444,36.76233694352434,35.1517961637444,36.342193603515625,67100,0.0,0.0
2022-08-17 00:00:00+08:00,37.18248126231042,37.18248126231042,36.13212931027196,36.41222381591797,65880,0.0,0.0
2022-08-18 00:00:00+08:00,36.06210662829321,36.342197876101324,35.711989309687624,36.202152252197266,28060,0.0,0.0
2022-08-19 00:00:00+08:00,36.34219285902008,37.11245346069336,36.34219285902008,37.11245346069336,109800,0.0,0.0
2022-08-22 00:00:00+08:00,37.1124575022937,37.1124575022937,37.04243469238281,37.04243469238281,8540,0.0,0.0
2022-08-23 00:00:00+08:00,36.41221892015037,37.11245346069336,36.41221892015037,37.11245346069336,36600,0.0,0.0
2022-08-24 00:00:00+08:00,37.11245670425583,38.37288029092998,37.11245670425583,37.46257400512695,59780,0.0,0.0
2022-08-25 00:00:00+08:00,37.462570510035555,37.74266497636994,37.18247604370117,37.18247604370117,68320,0.0,0.0
2022-08-26 00:00:00+08:00,37.18247963277488,37.392551317514275,37.11245682414351,37.25250244140625,24400,0.0,0.0
2022-08-29 00:00:00+08:00,36.41221567717074,36.972401304406354,36.41221567717074,36.762332916259766,8540,0.0,0.0
2022-08-30 00:00:00+08:00,36.69231012929158,37.11245346069336,36.69231012929158,37.11245346069336,12200,0.0,0.0
2022-08-31 00:00:00+08:00,37.1124561436976,37.81269073486328,37.1124561436976,37.81269073486328,25620,0.0,0.0
2022-09-01 00:00:00+08:00,37.81269153392798,37.81269153392798,37.112456927964814,37.39255142211914,21960,0.0,0.0
2022-09-02 00:00:00+08:00,37.462569972569746,38.022758897201626,37.462569972569746,37.5325927734375,30500,0.0,0.0
2022-09-05 00:00:00+08:00,37.81269130599807,37.81269130599807,37.11245670425583,37.46257400512695,45140,0.0,0.0
2022-09-06 00:00:00+08:00,37.112457172098814,37.46257447738355,36.90238548538985,36.972408294677734,90280,0.0,0.0
2022-09-07 00:00:00+08:00,36.55226126926847,36.762332916259766,36.41221567717074,36.762332916259766,43920,0.0,0.0
2022-09-08 00:00:00+08:00,37.32252535444659,37.39255142211914,37.112456927964814,37.39255142211914,13420,0.0,0.0
2022-09-12 00:00:00+08:00,38.162806474342105,39.143135513769785,38.162806474342105,39.003089904785156,119560,0.0,0.0
2022-09-13 00:00:00+08:00,39.00309212552917,40.40356133049524,39.00309212552917,39.8433723449707,96380,0.0,0.0
2022-09-14 00:00:00+08:00,39.213160329451114,39.913394927978516,39.213160329451114,39.913394927978516,12200,0.0,0.0
2022-09-15 00:00:00+08:00,39.77335251747475,41.4539163411601,39.77335251747475,40.26351547241211,45140,0.0,0.0
2022-09-16 00:00:00+08:00,39.4932580037196,40.26351547241211,38.793023348754495,40.26351547241211,10980,0.0,0.0
2022-09-19 00:00:00+08:00,39.703327887380546,40.12346800936973,38.79302157403283,39.14313888549805,14640,0.0,0.0
2022-09-20 00:00:00+08:00,39.14313888549805,39.14313888549805,39.14313888549805,39.14313888549805,4880,0.0,0.0
2022-09-21 00:00:00+08:00,38.86304136823506,38.86304136823506,38.16280679965273,38.72299575805664,19520,0.0,0.0
2022-09-22 00:00:00+08:00,38.162803649902344,38.51292090529674,38.162803649902344,38.162803649902344,12200,0.0,0.0
2022-09-23 00:00:00+08:00,38.162807912847484,38.162807912847484,37.11245602933562,38.022762298583984,14640,0.0,0.0
2022-09-26 00:00:00+08:00,36.76233651106879,36.97240491975695,35.852030296885076,36.832359313964844,26840,0.0,0.0
2022-09-27 00:00:00+08:00,36.832355712308626,36.832355712308626,36.062098438081726,36.762332916259766,19520,0.0,0.0
2022-09-28 00:00:00+08:00,35.9220537409335,36.41221988764459,35.01174751050224,36.27217102050781,48800,0.0,0.0
2022-09-29 00:00:00+08:00,35.99208151749624,35.99208151749624,35.5019185619127,35.57194137573242,36600,0.0,0.0
2022-09-30 00:00:00+08:00,35.50191365721333,36.27217102050781,35.36186479007656,36.27217102050781,17080,0.0,0.0
2022-10-03 00:00:00+08:00,36.34219870671809,36.34219870671809,35.782012939453125,35.782012939453125,4880,0.0,0.0
2022-10-04 00:00:00+08:00,36.34219371750466,36.482242584228516,35.78200802714441,36.482242584228516,18300,0.0,0.0
2022-10-05 00:00:00+08:00,36.48224491091876,37.46257400512695,35.922055925986854,37.46257400512695,23180,0.0,0.0
2022-10-06 00:00:00+08:00,37.46257343928044,37.81269073486328,37.1124561436976,37.81269073486328,86620,0.0,0.0
2022-10-07 00:00:00+08:00,37.81268648721846,38.02275814450809,37.81268648721846,37.95273208618164,37820,0.0,0.0
2022-10-11 00:00:00+08:00,39.49324902208352,40.0534379221945,38.16280282845353,38.79301452636719,244000,0.0,0.0
2022-10-12 00:00:00+08:00,37.952739124133956,38.3028564453125,37.322527294243486,38.3028564453125,47580,0.0,0.0
2022-10-13 00:00:00+08:00,37.67264048285289,37.67264048285289,35.9920768737793,35.9920768737793,302560,0.0,0.0
2022-10-14 00:00:00+08:00,36.41222381591797,36.972409568364554,36.41222381591797,36.41222381591797,78080,0.0,0.0
2022-10-17 00:00:00+08:00,36.412222885494145,37.04243469238281,36.13212838700526,37.04243469238281,118340,0.0,0.0
2022-10-18 00:00:00+08:00,36.972401304406354,37.11245015534878,36.762332916259766,36.762332916259766,209840,0.0,0.0
2022-10-19 00:00:00+08:00,36.902384462809806,37.81269073486328,36.76233884811476,37.81269073486328,129320,0.0,0.0
2022-10-20 00:00:00+08:00,37.0424332309703,37.67264175415039,36.69231267753827,37.67264175415039,47580,0.0,0.0
2022-10-21 00:00:00+08:00,36.692313798680885,38.022763469377246,36.692313798680885,36.972408294677734,67100,0.0,0.0
2022-10-24 00:00:00+08:00,37.112457172098814,37.25250279067458,36.972408294677734,36.972408294677734,120780,0.0,0.0
2022-10-25 00:00:00+08:00,36.902381794992465,37.11245346069336,36.832358992707164,37.11245346069336,28060,0.0,0.0
2022-10-26 00:00:00+08:00,37.18247626297866,37.18247626297866,37.04243065840806,37.11245346069336,30500,0.0,0.0
2022-10-27 00:00:00+08:00,37.252499390186166,37.39254825482329,36.832359313964844,36.832359313964844,46360,0.0,0.0
2022-10-28 00:00:00+08:00,36.48224204063957,36.832359313964844,36.48224204063957,36.832359313964844,2440,0.0,0.0
2022-10-31 00:00:00+08:00,37.11245590217585,37.39255038858836,37.042433095284025,40.47358322143555,68320,0.0,0.0
2022-11-01 00:00:00+08:00,37.11245346069336,37.18247626297866,37.04243065840806,37.11245346069336,19520,0.0,0.0
2022-11-02 00:00:00+08:00,37.3225202816489,38.162803649902344,37.3225202816489,38.162803649902344,42700,0.0,0.0
2022-11-03 00:00:00+08:00,37.11245188371918,38.162803649902344,37.11245188371918,38.162803649902344,40260,0.0,0.0
2022-11-04 00:00:00+08:00,38.162807912847484,38.162807912847484,37.95273623260702,38.022762298583984,61000,0.0,0.0
2022-11-07 00:00:00+08:00,38.44289832427699,39.143132839041904,38.022758267187015,38.09278106689453,76860,0.0,0.0
2022-11-08 00:00:00+08:00,38.092785105715734,38.51292520735144,38.022762298583984,38.022762298583984,70760,0.0,0.0
2022-11-09 00:00:00+08:00,39.00308934697769,41.80402755737305,38.79301767766002,41.80402755737305,378200,0.0,0.0
2022-11-10 00:00:00+08:00,40.963748575469495,42.224172210193856,40.26351394703271,41.24384307861328,395280,0.0,0.0
2022-11-11 00:00:00+08:00,41.243838935636454,41.66398227757111,40.96374446062838,41.52393341064453,161040,0.0,0.0
2022-11-14 00:00:00+08:00,41.523934077115,41.734005751454035,41.10379398728206,41.313865661621094,29280,0.0,0.0
2022-11-15 00:00:00+08:00,41.313870713705285,41.313870713705285,39.91339814492956,40.26351547241211,118340,0.0,0.0
2022-11-16 00:00:00+08:00,39.77334627029798,40.193486345516774,39.283180133505205,39.49325180053711,90280,0.0,0.0
2022-11-17 00:00:00+08:00,39.4232325800588,39.56327819824219,39.003092466663354,39.56327819824219,35380,0.0,0.0
2022-11-18 00:00:00+08:00,40.193486794342164,40.193486794342164,39.353206634521484,39.353206634521484,25620,0.0,0.0
2022-11-21 00:00:00+08:00,39.35321022233174,39.42323303222656,39.00309291401228,39.42323303222656,42700,0.0,0.0
2022-11-22 00:00:00+08:00,39.423229438032365,39.423229438032365,39.213157768654675,39.353206634521484,28060,0.0,0.0
2022-11-23 00:00:00+08:00,39.35320987373699,40.05344448417316,39.35320987373699,39.70332717895508,29280,0.0,0.0
2022-11-24 00:00:00+08:00,39.42323268301155,39.913395606778735,39.14313818706802,39.70332717895508,57340,0.0,0.0
2022-11-25 00:00:00+08:00,39.633297848565014,39.633297848565014,39.353206634521484,39.353206634521484,18300,0.0,0.0
2022-11-28 00:00:00+08:00,39.07311607497408,39.21316169602202,39.07311607497408,39.14313888549805,13420,0.0,0.0
2022-11-29 00:00:00+08:00,39.56327819824219,39.913395502545946,39.56327819824219,39.56327819824219,9760,0.0,0.0
2022-11-30 00:00:00+08:00,39.91339446977844,40.54360625298741,39.91339446977844,40.403560638427734,29280,0.0,0.0
2022-12-01 00:00:00+08:00,40.403556921368256,40.403556921368256,40.05343965833406,40.193485260009766,20740,0.0,0.0
2022-12-02 00:00:00+08:00,39.913391014502984,40.12346267700195,39.563273749568,40.12346267700195,39040,0.0,0.0
2022-12-05 00:00:00+08:00,40.26351547241211,40.543609986167255,40.193492658684704,40.26351547241211,32940,0.0,0.0
2022-12-06 00:00:00+08:00,40.613629286096696,40.613629286096696,39.98342075822871,40.33353805541992,17080,0.0,0.0
2022-12-07 00:00:00+08:00,40.053439875783944,40.12346267700195,39.913391014502984,40.12346267700195,28060,0.0,0.0
2022-12-08 00:00:00+08:00,42.71433696796342,43.62464325783533,42.01410236309127,42.364219665527344,174460,0.0,0.0
2022-12-09 00:00:00+08:00,42.29419768579198,42.29419768579198,41.45391418816835,41.59395980834961,86620,0.0,0.0
2022-12-12 00:00:00+08:00,41.4539111596531,41.4539111596531,41.103793875933256,41.1738166809082,24400,0.0,0.0
2022-12-13 00:00:00+08:00,41.03377107095831,41.1738166809082,41.03377107095831,41.1738166809082,25620,0.0,0.0
2022-12-14 00:00:00+08:00,40.89372264458242,41.45391160813276,40.823699838849905,41.03377151489258,41480,0.0,0.0
2022-12-15 00:00:00+08:00,41.0337705235142,41.52393341064453,40.19348709848997,41.52393341064453,34160,0.0,0.0
2022-12-16 00:00:00+08:00,40.26351142731076,40.68365478515625,39.84337132831047,40.68365478515625,37820,0.0,0.0
2022-12-19 00:00:00+08:00,40.68365160443591,40.68365160443591,40.12346267700195,40.12346267700195,18300,0.0,0.0
2022-12-20 00:00:00+08:00,39.913392204556686,39.983418266707524,38.5829459063663,39.213157653808594,50020,0.0,0.0
2022-12-21 00:00:00+08:00,39.003089904785156,39.42322999058414,39.003089904785156,39.003089904785156,26840,0.0,0.0
2022-12-22 00:00:00+08:00,39.773350929498015,39.773350929498015,39.073116302490234,39.073116302490234,4880,0.0,0.0
2022-12-23 00:00:00+08:00,38.72299445282848,39.49325180053711,38.72299445282848,39.49325180053711,9760,0.0,0.0
2022-12-26 00:00:00+08:00,39.77334998822963,40.193490102722265,39.70332717895508,39.70332717895508,18300,0.0,0.0
2022-12-27 00:00:00+08:00,39.913391014502984,40.19348547821996,39.913391014502984,40.12346267700195,15860,0.0,0.0
2022-12-28 00:00:00+08:00,39.353206634521484,39.913392321453586,39.213157768654675,39.353206634521484,13420,0.0,0.0
2022-12-29 00:00:00+08:00,39.21315820436197,39.21315820436197,38.863040924072266,38.863040924072266,26840,0.0,0.0
2022-12-30 00:00:00+08:00,39.56327525978867,39.56327525978867,38.93306350708008,38.93306350708008,26840,0.0,0.0
2023-01-03 00:00:00+08:00,38.863037324169866,39.5632718198862,38.5129200763117,38.79301452636719,15860,0.0,0.0
2023-01-04 00:00:00+08:00,38.933066845272116,39.42323303222656,38.86304403537729,39.42323303222656,19520,0.0,0.0
2023-01-05 00:00:00+08:00,39.0731157239071,39.77335034054602,39.0731157239071,39.42323303222656,19520,0.0,0.0
2023-01-06 00:00:00+08:00,39.003092466663354,39.77334988436257,39.003092466663354,39.56327819824219,18300,0.0,0.0
2023-01-09 00:00:00+08:00,37.81269073486328,38.442902518681436,37.1124561436976,37.81269073486328,140300,0.0,0.0
2023-01-10 00:00:00+08:00,37.812690959619204,38.30285387281058,37.812690959619204,37.74266815185547,26840,0.0,0.0
2023-01-11 00:00:00+08:00,37.5325927734375,37.5325927734375,37.5325927734375,37.5325927734375,3660,0.0,0.0
2023-01-12 00:00:00+08:00,37.5325927734375,38.162804498937135,37.5325927734375,37.5325927734375,46360,0.0,0.0
2023-01-13 00:00:00+08:00,37.32252049357723,38.09278106689453,37.32252049357723,38.09278106689453,6100,0.0,0.0
2023-01-16 00:00:00+08:00,38.09278106689453,38.09278106689453,38.09278106689453,38.09278106689453,0,0.0,0.0
2023-01-17 00:00:00+08:00,39.073108976422674,39.073108976422674,38.79301452636719,38.79301452636719,8540,0.0,0.0
2023-01-30 00:00:00+08:00,38.51292090529674,38.51292090529674,38.162803649902344,38.162803649902344,13420,0.0,0.0
2023-01-31 00:00:00+08:00,38.16280825728312,38.722997237083476,37.672642085246494,37.74266815185547,25620,0.0,0.0
2023-02-01 00:00:00+08:00,37.88271188749209,39.56327548465167,37.602617411491316,38.863040924072266,40260,0.0,0.0
2023-02-02 00:00:00+08:00,38.863037324169866,38.863037324169866,38.37287448070634,38.79301452636719,21960,0.0,0.0
2023-02-03 00:00:00+08:00,38.65296903267126,38.93306350708008,38.51292342488938,38.93306350708008,6100,0.0,0.0
2023-02-06 00:00:00+08:00,38.86304147963067,39.42323043964028,38.51292419433594,38.51292419433594,6100,0.0,0.0
2023-02-07 00:00:00+08:00,38.5129200763117,39.773343472139004,38.5129200763117,38.79301452636719,18300,0.0,0.0
2023-02-08 00:00:00+08:00,38.79301867434074,38.86304147963067,38.51292419433594,38.51292419433594,18300,0.0,0.0
2023-02-09 00:00:00+08:00,38.51292419433594,38.51292419433594,36.7623377678623,38.51292419433594,104920,0.0,0.0
2023-02-10 00:00:00+08:00,38.1628078044477,38.37287948409146,37.74266770400539,37.882713317871094,84180,0.0,0.0
2023-02-13 00:00:00+08:00,38.16280803044612,38.16280803044612,37.81269073486328,37.81269073486328,29280,0.0,0.0
2023-02-14 00:00:00+08:00,37.88270928670005,37.95273208618164,37.81268648721846,37.95273208618164,14640,0.0,0.0
2023-02-15 00:00:00+08:00,37.81268648721846,38.72299265701373,37.81268648721846,37.95273208618164,30500,0.0,0.0
2023-02-16 00:00:00+08:00,38.022758267187015,38.512921123984505,37.95273220863462,38.09278106689453,25620,0.0,0.0
2023-02-17 00:00:00+08:00,38.512923751382445,38.86304103265033,38.512923751382445,38.65296936035156,79300,0.0,0.0
2023-02-20 00:00:00+08:00,39.773346374898274,39.84336917781139,38.86304016049268,39.283180236816406,59780,0.0,0.0
2023-02-21 00:00:00+08:00,39.14313818706802,39.70332717895508,39.073115377793464,39.70332717895508,39040,0.0,0.0
2023-02-22 00:00:00+08:00,39.21315933515817,40.75367736816406,39.073113722541805,40.75367736816406,65880,0.0,0.0
2023-02-23 00:00:00+08:00,40.12346515551132,40.89372253417969,39.563276193473335,40.89372253417969,98820,0.0,0.0
2023-02-24 00:00:00+08:00,43.064450530139176,44.95508575439453,43.064450530139176,44.95508575439453,906460,0.0,0.0
2023-03-01 00:00:00+08:00,44.955087784515214,47.405908799383816,44.114804338396034,45.86539077758789,882060,0.0,0.0
2023-03-02 00:00:00+08:00,45.93541607084778,46.635650634765625,45.585298788888856,46.635650634765625,295240,0.0,0.0
2023-03-03 00:00:00+08:00,46.56562960420934,48.94642786400317,46.21550905006636,47.96609878540039,358680,0.0,0.0
2023-03-06 00:00:00+08:00,49.156494807153834,50.136823856266446,48.176165758041215,48.94642639160156,553880,0.0,0.0
2023-03-07 00:00:00+08:00,48.94642650275531,49.086472113441516,47.615980165855774,48.73635482788086,370880,0.0,0.0
2023-03-08 00:00:00+08:00,48.31621760011882,49.43659232853552,47.96610029381077,49.36656951904297,256200,0.0,0.0
2023-03-09 00:00:00+08:00,49.71668365273758,49.71668365273758,48.52628619079219,48.80637741088867,106140,0.0,0.0
2023-03-10 00:00:00+08:00,47.82604741113003,47.82604741113003,45.51527207945812,46.84571838378906,400160,0.0,0.0
2023-03-13 00:00:00+08:00,46.63565480511773,46.70567761600223,45.16515948231643,46.355560302734375,141520,0.0,0.0
2023-03-14 00:00:00+08:00,46.075462453828976,46.70567422370707,45.86539077758789,45.86539077758789,73200,0.0,0.0
2023-03-15 00:00:00+08:00,46.28553749184988,46.915749307501095,46.215511422119995,46.355560302734375,85400,0.0,0.0
2023-03-16 00:00:00+08:00,46.42557996752411,46.635651644787174,45.65532258230148,45.79536819458008,73200,0.0,0.0
2023-03-17 00:00:00+08:00,46.00543563273857,46.565624547925495,46.00543563273857,46.28553009033203,12200,0.0,0.0
2023-03-20 00:00:00+08:00,46.56562793946434,46.56562793946434,46.07546178826403,46.42557907104492,62220,0.0,0.0
2023-03-21 00:00:00+08:00,46.07545843242571,46.28553009033203,45.8653867745194,46.28553009033203,61000,0.0,0.0
2023-03-22 00:00:00+08:00,46.775694719163106,47.68600092611914,46.56562631214286,47.475929260253906,157380,0.0,0.0
2023-03-23 00:00:00+08:00,47.405906677246094,47.405906677246094,46.565626527587426,47.405906677246094,71980,0.0,0.0
2023-03-24 00:00:00+08:00,47.05579376220703,47.12581657135484,46.915748143911415,47.05579376220703,35380,0.0,0.0
2023-03-27 00:00:00+08:00,47.47593047337383,47.47593047337383,46.635650306131765,46.91574478149414,50020,0.0,0.0
2023-03-28 00:00:00+08:00,46.6356508547327,46.84571926959183,46.21550750732422,46.21550750732422,57340,0.0,0.0
2023-03-29 00:00:00+08:00,45.65532236019196,46.21550806542626,45.585299554393316,45.86539077758789,41480,0.0,0.0
2023-03-30 00:00:00+08:00,46.07545843242571,46.28553009033203,45.8653867745194,46.28553009033203,15860,0.0,0.0
2023-03-31 00:00:00+08:00,46.07546189937546,46.56562805175781,46.07546189937546,46.56562805175781,15860,0.0,0.0
2023-04-06 00:00:00+08:00,46.985767916724555,47.26586239406071,46.2855333528067,46.635650634765625,45140,0.0,0.0
2023-04-07 00:00:00+08:00,46.49559848939348,46.49559848939348,46.21550403180001,46.28553009033203,50020,0.0,0.0
2023-04-10 00:00:00+08:00,46.35555464627763,47.61597812377906,46.28553184393755,47.475929260253906,79300,0.0,0.0
2023-04-11 00:00:00+08:00,47.335888030495525,47.47593364811911,46.91574791877946,47.125816345214844,36600,0.0,0.0
2023-04-12 00:00:00+08:00,46.91574511210179,46.985767916724555,46.495601766675,46.635650634765625,84180,0.0,0.0
2023-04-13 00:00:00+08:00,46.63564976370646,48.17616447201401,46.42557809491678,47.26586151123047,76860,0.0,0.0
2023-04-14 00:00:00+08:00,46.98577026487367,47.75602767190848,46.98577026487367,47.61598205566406,75640,0.0,0.0
2023-04-17 00:00:00+08:00,47.96610155764145,48.45626449584961,47.54596143077083,48.45626449584961,148840,0.0,0.0
2023-04-18 00:00:00+08:00,48.66633337599592,48.66633337599592,47.61598149010263,47.96609878540039,70760,0.0,0.0
2023-04-19 00:00:00+08:00,47.96609970431388,48.03612251294586,47.26586510030357,47.33588790893555,96380,0.0,0.0
2023-04-20 00:00:00+08:00,47.195836216274465,47.47593069293218,46.495601654052734,46.495601654052734,70760,0.0,0.0
2023-04-21 00:00:00+08:00,46.4956019859815,46.4956019859815,46.21550750732422,46.21550750732422,40260,0.0,0.0
2023-04-24 00:00:00+08:00,46.21550434408442,46.21550434408442,45.515269824791616,46.005435943603516,87840,0.0,0.0
2023-04-25 00:00:00+08:00,46.005438579949534,46.005438579949534,43.76468603449908,44.114803314208984,150060,0.0,0.0
2023-04-26 00:00:00+08:00,43.97475662653986,44.81503677368164,43.694662157877595,44.81503677368164,42700,0.0,0.0
2023-04-27 00:00:00+08:00,44.81503820979077,44.81503820979077,43.41456908044608,43.83470916748047,140300,0.0,0.0
2023-04-28 00:00:00+08:00,43.694664451616966,43.694664451616966,42.71433538925945,43.204498291015625,233020,0.0,0.0
2023-05-02 00:00:00+08:00,43.694663011614445,44.1848258972168,43.694663011614445,44.1848258972168,52460,0.0,0.0
2023-05-03 00:00:00+08:00,43.904730780565984,44.74501419067383,43.904730780565984,44.74501419067383,54900,0.0,0.0
2023-05-04 00:00:00+08:00,44.81503601992138,45.51527055037703,44.81503601992138,45.23517608642578,126880,0.0,0.0
2023-05-05 00:00:00+08:00,45.3052056278798,45.79536853332577,45.3052056278798,45.51527404785156,25620,0.0,0.0
2023-05-08 00:00:00+08:00,46.215505101474996,46.215505101474996,45.585296630859375,45.585296630859375,26840,0.0,0.0
2023-05-09 00:00:00+08:00,45.72534320637715,45.72534320637715,44.60496858507836,44.74501419067383,31720,0.0,0.0
2023-05-10 00:00:00+08:00,43.62464256399871,43.62464256399871,41.31386710113468,42.57428741455078,167140,0.0,0.0
2023-05-11 00:00:00+08:00,42.574289029888156,42.714337909256,41.45391428917216,41.7340087890625,86620,0.0,0.0
2023-05-12 00:00:00+08:00,41.734004648989185,42.99442814403721,41.59395578351439,42.01409912109375,30500,0.0,0.0
2023-05-15 00:00:00+08:00,41.66398620605469,42.01410351811596,41.313868893993416,41.66398620605469,54900,0.0,0.0
2023-05-16 00:00:00+08:00,41.663981950391296,42.01409922669072,41.453910281073625,41.80402755737305,29280,0.0,0.0
2023-05-17 00:00:00+08:00,42.014097619152146,42.9244005473937,42.014097619152146,42.85437774658203,15860,0.0,0.0
2023-05-18 00:00:00+08:00,42.714335717682026,43.344547495389236,42.714335717682026,43.2745246887207,24400,0.0,0.0
2023-05-19 00:00:00+08:00,42.434237682867085,42.85437774658203,42.434237682867085,42.85437774658203,21960,0.0,0.0
2023-05-22 00:00:00+08:00,42.64431393241753,42.71433674076323,42.154147756307076,42.434242248535156,35380,0.0,0.0
2023-05-23 00:00:00+08:00,43.41456689177734,43.41456689177734,42.71433236240608,42.78435516357422,6100,0.0,0.0
2023-05-24 00:00:00+08:00,43.20449840026892,43.344547271728516,43.1344755939617,43.344547271728516,14640,0.0,0.0
2023-05-25 00:00:00+08:00,43.34454386995356,43.41456667076523,42.78435494577036,42.85437774658203,24400,0.0,0.0
2023-05-26 00:00:00+08:00,42.854382010822306,42.924404818601616,42.71433639526367,42.71433639526367,45140,0.0,0.0
2023-05-29 00:00:00+08:00,42.71433527757544,43.13447537210294,42.71433527757544,43.41456985473633,24400,0.0,0.0
2023-05-30 00:00:00+08:00,42.99442660705029,43.134472208673635,42.78435494577036,42.85437774658203,20740,0.0,0.0
2023-05-31 00:00:00+08:00,42.85438088946955,43.41456985473633,42.85438088946955,43.41456985473633,24400,0.0,0.0
2023-06-01 00:00:00+08:00,43.764686141799,44.324875094246316,43.764686141799,43.90473175048828,30500,0.0,0.0
2023-06-02 00:00:00+08:00,43.90473186330693,44.394898012669145,43.414568972789795,44.04478073120117,31720,0.0,0.0
2023-06-05 00:00:00+08:00,43.90473197217868,43.974758035722,43.624640753385826,43.83470916748047,37820,0.0,0.0
2023-06-06 00:00:00+08:00,43.48459243774414,43.48459243774414,43.34454682656802,43.48459243774414,28060,0.0,0.0
2023-06-07 00:00:00+08:00,43.0644530098699,43.48459310872631,43.0644530098699,43.2745246887207,68320,0.0,0.0
2023-06-08 00:00:00+08:00,47.19583828953272,47.19583828953272,44.67499440656577,45.165157318115234,113460,0.0,0.0
2023-06-09 00:00:00+08:00,43.90473253011764,44.46492149251241,43.20449795654676,43.48459243774414,135420,0.0,0.0
2023-06-12 00:00:00+08:00,44.11480500437167,44.11480500437167,42.784358638731845,43.064453125,208620,0.0,0.0
2023-06-13 00:00:00+08:00,43.1371955871582,43.3554288327475,42.77347576814652,43.1371955871582,104920,1.885246,0.0
2023-06-14 00:00:00+08:00,42.918966548791985,43.13719641310401,41.90055035896856,43.064453125,54900,0.0,0.0
2023-06-15 00:00:00+08:00,43.28268946216245,43.64640931408274,43.28268946216245,43.500919342041016,82960,0.0,0.0
2023-06-16 00:00:00+08:00,43.646409002531605,44.37384870117967,43.57366232430201,43.93738555908203,24400,0.0,0.0
2023-06-19 00:00:00+08:00,43.93738587271017,43.93738587271017,43.500919342041016,43.500919342041016,12200,0.0,0.0
2023-06-20 00:00:00+08:00,43.573662635333875,43.573662635333875,43.573662635333875,43.500919342041016,2440,0.0,0.0
2023-06-21 00:00:00+08:00,43.500919342041016,43.500919342041016,43.500919342041016,43.500919342041016,0,0.0,0.0
2023-06-26 00:00:00+08:00,43.20994186401367,43.20994186401367,43.137198572268616,43.20994186401367,15860,0.0,0.0
2023-06-27 00:00:00+08:00,43.137198073394984,43.137198073394984,42.918968200683594,42.918968200683594,17080,0.0,0.0
2023-06-28 00:00:00+08:00,43.64640426635742,43.64640426635742,43.06445121640568,43.64640426635742,8540,0.0,0.0
2023-06-29 00:00:00+08:00,43.64640426635742,43.64640426635742,43.64640426635742,43.64640426635742,4880,0.0,0.0
2023-06-30 00:00:00+08:00,43.64640426635742,43.64640426635742,42.91896464664555,43.64640426635742,32940,0.0,0.0
2023-07-03 00:00:00+08:00,43.57365869288109,44.37384500307136,43.06445230044701,43.1371955871582,18300,0.0,0.0
2023-07-04 00:00:00+08:00,43.28268648859492,43.64640631552726,43.28268648859492,43.42817306518555,12200,0.0,0.0
2023-07-05 00:00:00+08:00,43.64640426635742,44.373843886069295,43.64640426635742,43.64640426635742,35380,0.0,0.0
2023-07-06 00:00:00+08:00,43.2099377861658,43.64640426635742,42.91896464664555,43.64640426635742,15860,0.0,0.0
2023-07-07 00:00:00+08:00,43.28268484735414,43.646404660494554,43.06445160528764,43.57365798950195,10980,0.0,0.0
2023-07-10 00:00:00+08:00,43.20993817636154,43.57365798950195,43.13719489082459,43.57365798950195,8540,0.0,0.0
2023-07-11 00:00:00+08:00,44.37384619701783,44.37384619701783,43.35542999929192,44.15561294555664,25620,0.0,0.0
2023-07-12 00:00:00+08:00,44.15561543740286,44.37384870117967,43.93738555908203,43.93738555908203,26840,0.0,0.0
2023-07-13 00:00:00+08:00,44.082871505232866,44.73756790161133,44.082871505232866,44.73756790161133,123220,0.0,0.0
2023-07-14 00:00:00+08:00,44.81758177475789,45.705058641584785,44.551339391800944,45.083824157714844,82000,0.0,1.22
2023-07-17 00:00:00+08:00,44.551339391800944,45.083824157714844,44.551339391800944,45.083824157714844,27000,0.0,0.0
2023-07-18 00:00:00+08:00,44.64008470625266,44.64008470625266,44.196346282958984,44.196346282958984,22000,0.0,0.0
2023-07-19 00:00:00+08:00,43.93010735144982,43.93010735144982,43.22012649558825,43.26449966430664,34000,0.0,0.0
2023-07-20 00:00:00+08:00,43.0426310428779,43.66386557007245,43.0426310428779,43.22012710571289,30000,0.0,0.0
2023-07-21 00:00:00+08:00,43.042629441564785,43.042629441564785,42.598890993713596,42.68763732910156,30000,0.0,0.0
2023-07-24 00:00:00+08:00,42.68763732910156,42.68763732910156,42.55451782601962,42.68763732910156,12000,0.0,0.0
2023-07-25 00:00:00+08:00,42.73201388225123,42.73201388225123,42.68763732910156,42.68763732910156,10000,0.0,0.0
2023-07-26 00:00:00+08:00,42.59888796330729,43.04262637959174,41.88890717434326,41.97765350341797,36000,0.0,0.0
2023-07-27 00:00:00+08:00,41.97765350341797,41.97765350341797,41.97765350341797,41.97765350341797,0,0.0,0.0
2023-07-28 00:00:00+08:00,42.28827606260388,42.33264923095703,42.28827606260388,42.33264923095703,3000,0.0,0.0
2023-07-31 00:00:00+08:00,42.421397897021315,44.462594222450186,42.377024726231625,43.087005615234375,20000,0.0,0.0
2023-08-01 00:00:00+08:00,44.37384702721421,44.37384702721421,43.39762374679784,43.48637008666992,17000,0.0,0.0
2023-08-02 00:00:00+08:00,43.61949175800415,43.61949175800415,43.57511520385742,43.57511520385742,10000,0.0,0.0
2023-08-04 00:00:00+08:00,43.48636889335437,43.57511523079115,43.26449966430664,43.26449966430664,17000,0.0,0.0
2023-08-07 00:00:00+08:00,43.22013036103095,43.22013036103095,42.86513820862314,42.953887939453125,12000,0.0,0.0
2023-08-08 00:00:00+08:00,42.59889365748355,42.59889365748355,42.155155181884766,42.155155181884766,15000,0.0,0.0
2023-08-09 00:00:00+08:00,41.711414540545896,41.75578770871065,41.26767608798689,41.356422424316406,18000,0.0,0.0
2023-08-10 00:00:00+08:00,40.82393788767385,40.91268422455171,40.38019943237305,40.38019943237305,24000,0.0,0.0
2023-08-11 00:00:00+08:00,40.73519012862285,40.823936462402344,40.73519012862285,40.823936462402344,4000,0.0,0.0
2023-08-14 00:00:00+08:00,40.823936462402344,40.823936462402344,39.9364595827849,40.823936462402344,21000,0.0,0.0
2023-08-15 00:00:00+08:00,41.71141815185547,41.8001644958685,41.71141815185547,41.71141815185547,5000,0.0,0.0
2023-08-16 00:00:00+08:00,41.71141815185547,41.71141815185547,41.71141815185547,41.71141815185547,15000,0.0,0.0
2023-08-17 00:00:00+08:00,45.616319219630796,45.616319219630796,44.28510371772082,45.17258071899414,37000,0.0,0.0
2023-08-18 00:00:00+08:00,45.17257817013888,45.17257817013888,41.97765911455407,42.155155181884766,25000,0.0,0.0
2023-08-21 00:00:00+08:00,42.15515399105334,42.15515399105334,41.88891159030627,41.933284759521484,13000,0.0,0.0
2023-08-22 00:00:00+08:00,41.933283127460285,43.04262924194336,41.80016023954005,43.04262924194336,28000,0.0,0.0
2023-08-23 00:00:00+08:00,41.35642163610741,41.533917690839274,41.31204846878836,41.44517135620117,12000,0.0,0.0
2023-08-24 00:00:00+08:00,41.26767966087828,41.71141815185547,41.22330648887176,41.71141815185547,7000,0.0,0.0
2023-08-25 00:00:00+08:00,41.00143724338317,41.71141815185547,40.95706407137666,41.71141815185547,7000,0.0,0.0
2023-08-28 00:00:00+08:00,40.86831143416787,41.267676724724105,40.82393826531847,41.001434326171875,14000,0.0,0.0
2023-08-29 00:00:00+08:00,41.26767490221106,41.26767490221106,40.823936462402344,40.823936462402344,3000,0.0,0.0
2023-08-30 00:00:00+08:00,41.26767530146931,41.44517135620117,41.26767530146931,41.44517135620117,6000,0.0,0.0
2023-08-31 00:00:00+08:00,41.44517135620117,41.44517135620117,41.44517135620117,41.44517135620117,0,0.0,0.0
2023-09-01 00:00:00+08:00,41.26767409182286,41.53391647338867,41.26767409182286,41.53391647338867,13000,0.0,0.0
2023-09-04 00:00:00+08:00,41.40079818888212,41.44517135620117,41.40079818888212,41.44517135620117,10000,0.0,0.0
2023-09-05 00:00:00+08:00,41.4895482310763,41.4895482310763,40.025209880502985,40.46894836425781,10000,0.0,0.0
2023-09-06 00:00:00+08:00,40.60206982087803,41.090181458573376,40.60206982087803,40.91268539428711,5000,0.0,0.0
2023-09-07 00:00:00+08:00,40.513322906097805,40.64644241333008,40.513322906097805,40.64644241333008,2000,0.0,0.0
2023-09-08 00:00:00+08:00,40.335826263934116,40.38019943237305,40.29145309549518,40.38019943237305,24000,0.0,0.0
2023-09-11 00:00:00+08:00,40.29145453343582,40.29145453343582,39.892089232321204,39.93646240234375,7000,0.0,0.0
2023-09-12 00:00:00+08:00,39.847713470458984,39.847713470458984,39.847713470458984,39.847713470458984,3000,0.0,0.0
2023-09-13 00:00:00+08:00,40.069583892822266,40.069583892822266,40.069583892822266,40.069583892822266,3000,0.0,0.0
2023-09-14 00:00:00+08:00,40.06958285657666,41.44517135620117,40.06958285657666,41.44517135620117,5000,0.0,0.0
2023-09-15 00:00:00+08:00,40.95705934852721,40.95705934852721,40.779563295512595,40.823936462402344,12000,0.0,0.0
2023-09-18 00:00:00+08:00,40.11395846788978,40.11395846788978,39.93646240234375,39.93646240234375,11000,0.0,0.0
2023-09-19 00:00:00+08:00,39.93646240234375,40.025208742388834,39.93646240234375,39.93646240234375,5000,0.0,0.0
2023-09-20 00:00:00+08:00,39.93646240234375,40.11395846788978,39.93646240234375,39.93646240234375,9000,0.0,0.0
2023-09-21 00:00:00+08:00,39.93645798281714,39.93645798281714,39.67021560668945,39.67021560668945,5000,0.0,0.0
2023-09-22 00:00:00+08:00,39.67021820254296,39.89208742807681,39.67021820254296,39.75896453857422,5000,0.0,0.0
2023-09-25 00:00:00+08:00,39.4927239312066,39.93646240234375,39.4927239312066,39.93646240234375,4000,0.0,0.0
2023-09-26 00:00:00+08:00,41.26767227014372,41.26767227014372,40.73518753051758,40.73518753051758,5000,0.0,0.0
2023-09-27 00:00:00+08:00,40.38019943237305,40.38019943237305,40.38019943237305,40.38019943237305,1000,0.0,0.0
2023-09-28 00:00:00+08:00,40.46894597711122,40.46894597711122,40.02520751953125,40.02520751953125,5000,0.0,0.0
2023-10-02 00:00:00+08:00,39.93646118219756,40.1139572423207,39.93646118219756,40.02520751953125,2000,0.0,0.0
2023-10-03 00:00:00+08:00,39.847716062298666,39.93646240234375,39.847716062298666,39.93646240234375,2000,0.0,0.0
2023-10-04 00:00:00+08:00,39.892089232321204,39.93646240234375,39.892089232321204,39.93646240234375,5000,0.0,0.0
2023-10-05 00:00:00+08:00,39.93646240234375,39.93646240234375,39.93646240234375,39.93646240234375,0,0.0,0.0
2023-10-06 00:00:00+08:00,39.93646240234375,39.93646240234375,39.93646240234375,39.93646240234375,5000,0.0,0.0
2023-10-11 00:00:00+08:00,39.75896392983173,39.80333709716797,39.75896392983173,39.80333709716797,3000,0.0,0.0
2023-10-12 00:00:00+08:00,39.80333671065314,39.80333671065314,38.87148666381836,38.87148666381836,6000,0.0,0.0
2023-10-13 00:00:00+08:00,38.87148968423798,38.96023941040039,38.60524727666252,38.96023941040039,11000,0.0,0.0
2023-10-16 00:00:00+08:00,39.18210983276367,39.22648300445909,39.18210983276367,39.18210983276367,12000,0.0,0.0
2023-10-17 00:00:00+08:00,39.270851135253906,40.06958166506841,39.18210480325477,39.270851135253906,10000,0.0,0.0
2023-10-18 00:00:00+08:00,39.49272537231445,39.49272537231445,39.49272537231445,39.49272537231445,1000,0.0,0.0
2023-10-19 00:00:00+08:00,39.49272537231445,39.49272537231445,39.49272537231445,39.49272537231445,1000,0.0,0.0
2023-10-20 00:00:00+08:00,39.18210540997349,39.27085174334683,39.137728857831206,39.226478576660156,7000,0.0,0.0
2023-10-23 00:00:00+08:00,38.56087091999326,39.67021701443809,38.56087091999326,39.226478576660156,5000,0.0,0.0
2023-10-24 00:00:00+08:00,38.87148666381836,38.87148666381836,38.87148666381836,38.87148666381836,2000,0.0,0.0
2023-10-25 00:00:00+08:00,39.04898688498508,39.49272537231445,39.04898688498508,39.49272537231445,3000,0.0,0.0
2023-10-26 00:00:00+08:00,39.581470307274174,39.62584686279297,39.581470307274174,39.62584686279297,8000,0.0,0.0
2023-10-27 00:00:00+08:00,40.11395602389571,41.48954452352022,40.11395602389571,41.44517135620117,8000,0.0,0.0
2023-10-30 00:00:00+08:00,41.445177201591925,41.445177201591925,40.46895045560837,41.26768112182617,18000,0.0,0.0
2023-10-31 00:00:00+08:00,40.823936462402344,40.823936462402344,40.779563295512595,40.823936462402344,10000,0.0,0.0
2023-11-01 00:00:00+08:00,40.823936462402344,40.823936462402344,40.823936462402344,40.823936462402344,0,0.0,0.0
2023-11-02 00:00:00+08:00,40.77956469420296,40.77956469420296,40.69081497192383,40.69081497192383,10000,0.0,0.0
2023-11-03 00:00:00+08:00,40.690810981002556,40.73518753051758,40.690810981002556,40.73518753051758,10000,0.0,0.0
2023-11-06 00:00:00+08:00,40.73518753051758,40.8239338586368,40.55769148882373,40.73518753051758,10000,0.0,0.0
2023-11-07 00:00:00+08:00,40.60206725666202,40.60206725666202,40.51332092285156,40.51332092285156,11000,0.0,0.0
2023-11-08 00:00:00+08:00,40.55769367109211,40.55769367109211,40.202701568603516,40.202701568603516,9000,0.0,0.0
2023-11-09 00:00:00+08:00,39.93646472210341,39.93646472210341,39.093360900878906,39.093360900878906,16000,0.0,0.0
2023-11-10 00:00:00+08:00,38.69399217268135,39.980834377615444,38.64961900398482,39.71459197998047,27000,0.0,0.0
2023-11-13 00:00:00+08:00,39.89208984375,39.89208984375,39.89208984375,39.89208984375,1000,0.0,0.0
2023-11-14 00:00:00+08:00,39.89208984375,39.89208984375,39.89208984375,39.89208984375,1000,0.0,0.0
2023-11-15 00:00:00+08:00,39.62584442782302,39.847713649959864,39.58146787503112,39.80333709716797,12000,0.0,0.0
2023-11-16 00:00:00+08:00,39.847716673047344,39.89208984375,39.670220604780816,39.89208984375,4000,0.0,0.0
2023-11-17 00:00:00+08:00,39.4927239312066,39.93646240234375,39.4927239312066,39.93646240234375,7000,0.0,0.0
2023-11-20 00:00:00+08:00,39.93646240234375,39.93646240234375,39.93646240234375,39.93646240234375,0,0.0,0.0
2023-11-21 00:00:00+08:00,39.71458919156821,40.38019683165036,39.71458919156821,40.29145050048828,5000,0.0,0.0
2023-11-22 00:00:00+08:00,40.38019943237305,41.26767634297465,40.38019943237305,40.38019943237305,19000,0.0,0.0
2023-11-23 00:00:00+08:00,40.513324920998066,40.513324920998066,40.46894836425781,40.46894836425781,2000,0.0,0.0
2023-11-24 00:00:00+08:00,40.82393847509557,40.82393847509557,40.55769607517523,40.64644241333008,7000,0.0,0.0
2023-11-27 00:00:00+08:00,40.646444434850935,40.82394050544406,40.46894836425781,40.46894836425781,24000,0.0,0.0
2023-11-28 00:00:00+08:00,40.60206604003906,40.69081237119027,40.60206604003906,40.60206604003906,7000,0.0,0.0
2023-11-29 00:00:00+08:00,40.602069244252654,40.64644241333008,40.602069244252654,40.64644241333008,5000,0.0,0.0
2023-11-30 00:00:00+08:00,40.823936462402344,40.823936462402344,40.60206724249798,40.823936462402344,26000,0.0,0.0
2023-12-01 00:00:00+08:00,40.69081655056914,41.267677918668355,40.69081655056914,41.223304748535156,15000,0.0,0.0
2023-12-04 00:00:00+08:00,41.40080402801452,41.40080402801452,41.22330794824877,41.26768112182617,19000,0.0,0.0
2023-12-05 00:00:00+08:00,41.533917889584544,41.533917889584544,40.82393705271541,41.090179443359375,14000,0.0,0.0
2023-12-06 00:00:00+08:00,40.82393966532223,40.86831283569336,40.82393966532223,40.86831283569336,7000,0.0,0.0
2023-12-07 00:00:00+08:00,41.4008013879965,41.48954772949219,41.4008013879965,41.48954772949219,3000,0.0,0.0
2023-12-08 00:00:00+08:00,42.33264700354166,42.33264700354166,41.53391647338867,41.53391647338867,16000,0.0,0.0
2023-12-11 00:00:00+08:00,41.53392354874673,41.53392354874673,41.26768112182617,41.26768112182617,13000,0.0,0.0
2023-12-12 00:00:00+08:00,41.26767488803225,41.26767488803225,41.134552001953125,41.134552001953125,4000,0.0,0.0
2023-12-13 00:00:00+08:00,41.13455502281288,41.223304748535156,41.13455502281288,41.223304748535156,3000,0.0,0.0
2023-12-14 00:00:00+08:00,41.13455444562038,41.13455444562038,40.957061767578125,40.957061767578125,5000,0.0,0.0
2023-12-15 00:00:00+08:00,40.95706234228008,41.223304748535156,40.95706234228008,41.223304748535156,7000,0.0,0.0
2023-12-18 00:00:00+08:00,41.267677918668355,41.267677918668355,41.223304748535156,41.223304748535156,3000,0.0,0.0
2023-12-19 00:00:00+08:00,41.40080402801452,41.445177201591925,40.95706552132822,41.26768112182617,33000,0.0,0.0
2023-12-20 00:00:00+08:00,41.178932189941406,41.178932189941406,41.178932189941406,41.178932189941406,2000,0.0,0.0
2023-12-21 00:00:00+08:00,40.95706552132822,41.26768112182617,40.95706552132822,41.26768112182617,9000,0.0,0.0
2023-12-22 00:00:00+08:00,41.445177201591925,41.71141962851247,41.26768112182617,41.26768112182617,16000,0.0,0.0
2023-12-25 00:00:00+08:00,41.31205429540358,41.31205429540358,41.26768112182617,41.26768112182617,3000,0.0,0.0
2023-12-26 00:00:00+08:00,41.356422424316406,41.356422424316406,41.356422424316406,41.356422424316406,1000,0.0,0.0
2023-12-27 00:00:00+08:00,41.48954452352022,41.533917690839274,41.31204846878836,41.44517135620117,9000,0.0,0.0
2023-12-28 00:00:00+08:00,41.00143310829661,41.13455261089076,40.82393705271541,41.090179443359375,10000,0.0,0.0
2023-12-29 00:00:00+08:00,41.267678490297044,41.48954772949219,41.134555592597586,41.48954772949219,8000,0.0,0.0
2024-01-02 00:00:00+08:00,41.711414540545896,41.711414540545896,41.356422424316406,41.356422424316406,2000,0.0,0.0
2024-01-03 00:00:00+08:00,41.400800814523826,41.400800814523826,41.17893157840195,41.223304748535156,17000,0.0,0.0
2024-01-04 00:00:00+08:00,40.868315788717275,41.26768112182617,40.868315788717275,41.26768112182617,18000,0.0,0.0
2024-01-05 00:00:00+08:00,41.045806079418405,41.44517135620117,41.045806079418405,41.44517135620117,14000,0.0,0.0
2024-01-08 00:00:00+08:00,41.445177201591925,41.445177201591925,41.26768112182617,41.26768112182617,19000,0.0,0.0
2024-01-09 00:00:00+08:00,41.26767488803225,41.26767488803225,41.134552001953125,41.134552001953125,2000,0.0,0.0
2024-01-10 00:00:00+08:00,41.134552001953125,41.134552001953125,41.134552001953125,41.134552001953125,0,0.0,0.0
2024-01-11 00:00:00+08:00,41.09018066387069,41.1345538327201,41.001434326171875,41.001434326171875,8000,0.0,0.0
2024-01-12 00:00:00+08:00,40.91268437058701,42.46576896968346,40.82393803339237,41.66704177856445,84000,0.0,0.0
2024-01-15 00:00:00+08:00,41.66704497984895,41.71141815185547,41.44517573436036,41.71141815185547,23000,0.0,0.0
2024-01-16 00:00:00+08:00,41.71141815185547,41.8001644958685,41.35642600489131,41.71141815185547,13000,0.0,0.0
2024-01-17 00:00:00+08:00,41.71141815185547,41.71141815185547,41.26767966087828,41.71141815185547,18000,0.0,0.0
2024-01-18 00:00:00+08:00,41.31205429540358,41.31205429540358,41.26768112182617,41.26768112182617,2000,0.0,0.0
2024-01-19 00:00:00+08:00,41.045805668204125,41.26767488803225,41.045805668204125,41.134552001953125,12000,0.0,0.0
2024-01-22 00:00:00+08:00,41.26768112182617,41.26768112182617,41.26768112182617,41.26768112182617,2000,0.0,0.0
2024-01-23 00:00:00+08:00,41.35642746898098,41.35642746898098,41.26768112182617,41.26768112182617,4000,0.0,0.0
2024-01-24 00:00:00+08:00,41.80016326904297,41.80016326904297,41.00143604000011,41.80016326904297,10000,0.0,0.0
2024-01-25 00:00:00+08:00,41.44517275763691,41.44517275763691,41.312049865722656,41.312049865722656,16000,0.0,0.0
2024-01-26 00:00:00+08:00,41.40080402801452,41.40080402801452,41.26768112182617,41.26768112182617,6000,0.0,0.0
2024-01-29 00:00:00+08:00,41.26768112182617,41.35642746898098,41.26768112182617,41.26768112182617,7000,0.0,0.0
2024-01-30 00:00:00+08:00,41.1345524140565,41.44517135620117,41.1345524140565,41.44517135620117,6000,0.0,0.0
2024-01-31 00:00:00+08:00,41.223304748535156,41.223304748535156,41.17893157840195,41.223304748535156,8000,0.0,0.0
2024-02-01 00:00:00+08:00,41.223304748535156,41.267677918668355,41.223304748535156,41.223304748535156,7000,0.0,0.0
2024-02-02 00:00:00+08:00,41.26767549894058,41.533917889584544,41.090179443359375,41.090179443359375,32000,0.0,0.0
2024-02-05 00:00:00+08:00,41.09017622844987,41.62266435353142,40.73518753051758,40.73518753051758,25000,0.0,0.0
2024-02-15 00:00:00+08:00,40.73519213694072,40.73519213694072,40.64644241333008,40.64644241333008,13000,0.0,0.0
2024-02-16 00:00:00+08:00,40.64644182846238,41.62266846139759,40.38019943237305,40.38019943237305,14000,0.0,0.0
2024-02-19 00:00:00+08:00,40.646444817942346,40.82394089020836,40.46894874567633,40.77956771850586,20000,0.0,0.0
2024-02-20 00:00:00+08:00,40.69081499690131,40.69081499690131,40.38019943237305,40.38019943237305,35000,0.0,0.0
2024-02-21 00:00:00+08:00,40.42457519297352,40.46894836425781,40.38020202168923,40.46894836425781,12000,0.0,0.0
2024-02-22 00:00:00+08:00,40.380198036680255,40.51332092285156,40.380198036680255,40.51332092285156,11000,0.0,0.0
2024-02-23 00:00:00+08:00,40.64644040938773,40.823936462402344,40.51332090871849,40.823936462402344,23000,0.0,0.0
2024-02-26 00:00:00+08:00,41.71141334201979,41.71141334201979,40.823936462402344,40.823936462402344,8000,0.0,0.0
2024-02-27 00:00:00+08:00,40.82394261513987,41.26768112182617,40.82394261513987,41.26768112182617,3000,0.0,0.0
2024-02-29 00:00:00+08:00,41.178932189941406,41.178932189941406,40.73519371110779,41.178932189941406,11000,0.0,0.0
2024-03-01 00:00:00+08:00,40.9126863942765,41.178932189941406,40.55769764248316,41.178932189941406,43000,0.0,0.0
2024-03-04 00:00:00+08:00,40.55769729614258,41.13455528242666,40.51332412572932,40.55769729614258,18000,0.0,0.0
2024-03-05 00:00:00+08:00,40.557692879430036,40.557692879430036,39.84771207376685,40.29145050048828,25000,0.0,0.0
2024-03-06 00:00:00+08:00,40.29145128695346,40.38019761984781,40.202701568603516,40.202701568603516,8000,0.0,0.0
2024-03-07 00:00:00+08:00,40.82393872029564,40.82393872029564,39.93646179159356,39.9808349609375,17000,0.0,0.0
2024-03-08 00:00:00+08:00,39.8477168636082,39.8477168636082,37.71777080513581,37.939640045166016,66000,0.0,0.0
2024-03-11 00:00:00+08:00,38.072764389254345,39.7589686462473,38.072764389254345,39.093360900878906,10000,0.0,0.0
2024-03-12 00:00:00+08:00,38.60524488176618,38.9158604404257,38.60524488176618,38.82711410522461,17000,0.0,0.0
2024-03-13 00:00:00+08:00,38.82711410522461,38.82711410522461,38.82711410522461,38.82711410522461,0,0.0,0.0
2024-03-14 00:00:00+08:00,38.82711673605031,38.82711673605031,38.605247497558594,38.605247497558594,19000,0.0,0.0
2024-03-15 00:00:00+08:00,38.38337405166223,38.38337405166223,37.93963562331932,37.9840087890625,36000,0.0,0.0
2024-03-18 00:00:00+08:00,37.9840087890625,37.9840087890625,37.9840087890625,37.9840087890625,0,0.0,0.0
2024-03-19 00:00:00+08:00,37.850891932305096,37.850891932305096,37.4515266418457,37.4515266418457,21000,0.0,0.0
2024-03-20 00:00:00+08:00,37.71776761775912,37.80651395208923,37.540271563643245,37.895263671875,9000,0.0,0.0
2024-03-21 00:00:00+08:00,37.80651335678338,37.80651335678338,37.62902069091797,37.62902069091797,6000,0.0,0.0
2024-03-22 00:00:00+08:00,37.717767814072914,37.806514148864935,37.5402717590332,37.5402717590332,31000,0.0,0.0
2024-03-25 00:00:00+08:00,37.5402717590332,37.5402717590332,37.5402717590332,37.5402717590332,0,0.0,0.0
2024-03-26 00:00:00+08:00,37.5402717590332,37.5402717590332,37.5402717590332,37.5402717590332,0,0.0,0.0
2024-03-27 00:00:00+08:00,39.67021560668945,39.67021560668945,39.67021560668945,39.67021560668945,2000,0.0,0.0
2024-03-28 00:00:00+08:00,39.89208984375,39.89208984375,39.89208984375,39.89208984375,1000,0.0,0.0
2024-03-29 00:00:00+08:00,40.02520813028144,40.02520813028144,39.9808349609375,39.9808349609375,3000,0.0,0.0
2024-04-01 00:00:00+08:00,39.226482957008024,39.6702214443374,39.226482957008024,39.49272537231445,4000,0.0,0.0
2024-04-02 00:00:00+08:00,39.492722167063825,39.492722167063825,39.40397583098305,39.44834899902344,11000,0.0,0.0
2024-04-03 00:00:00+08:00,39.58146667480469,39.58146667480469,39.58146667480469,39.58146667480469,1000,0.0,0.0
2024-04-08 00:00:00+08:00,39.98083376410807,39.98083376410807,39.09335686197268,39.75896453857422,16000,0.0,0.0
2024-04-09 00:00:00+08:00,39.09335587005721,40.91268279618184,39.09335587005721,40.823936462402344,34000,0.0,0.0
2024-04-10 00:00:00+08:00,40.82394089020836,40.86831406191087,40.735194546803356,40.77956771850586,10000,0.0,0.0
2024-04-11 00:00:00+08:00,40.779562087797004,40.91268158452382,40.60206604003906,40.60206604003906,5000,0.0,0.0
2024-04-12 00:00:00+08:00,40.60206604003906,40.60206604003906,40.60206604003906,40.60206604003906,1000,0.0,0.0
2024-04-15 00:00:00+08:00,40.38020202168923,40.46894836425781,40.2470791223804,40.46894836425781,4000,0.0,0.0
2024-04-16 00:00:00+08:00,40.247080956407764,40.33583068847656,39.847719011194584,40.33583068847656,8000,0.0,0.0
2024-04-17 00:00:00+08:00,40.202702193005436,40.202702193005436,39.847713470458984,39.847713470458984,13000,0.0,0.0
2024-04-18 00:00:00+08:00,39.048984319704616,39.44834960915638,39.048984319704616,39.40397644042969,4000,0.0,0.0
2024-04-19 00:00:00+08:00,39.22648015013404,40.069583892822266,39.182106981667445,40.069583892822266,5000,0.0,0.0
2024-04-22 00:00:00+08:00,40.069583892822266,40.069583892822266,40.069583892822266,40.069583892822266,0,0.0,0.0
2024-04-23 00:00:00+08:00,39.980834617632354,39.980834617632354,39.04898452758789,39.04898452758789,10000,0.0,0.0
2024-04-24 00:00:00+08:00,39.093359229278576,39.89208984375,39.04898605857593,39.89208984375,7000,0.0,0.0
2024-04-25 00:00:00+08:00,39.892086817296104,39.892086817296104,39.44834837302241,39.80333709716797,4000,0.0,0.0
2024-04-26 00:00:00+08:00,39.58146769672959,39.847713470458984,39.58146769672959,39.847713470458984,2000,0.0,0.0
2024-04-29 00:00:00+08:00,39.492720350707316,39.492720350707316,39.0489819198005,39.270851135253906,12000,0.0,0.0
2024-04-30 00:00:00+08:00,40.202702193005436,40.202702193005436,39.315225308455844,39.847713470458984,14000,0.0,0.0
2024-05-02 00:00:00+08:00,39.403974010841836,39.67021639224167,39.182104795432714,39.58146667480469,9000,0.0,0.0
2024-05-03 00:00:00+08:00,39.492721346860435,40.158329010009766,39.31522529292948,40.158329010009766,25000,0.0,0.0
2024-05-06 00:00:00+08:00,39.93645998463234,39.93645998463234,39.80333709716797,39.80333709716797,5000,0.0,0.0
2024-05-07 00:00:00+08:00,39.93646240234375,39.93646240234375,39.62584682673009,39.93646240234375,4000,0.0,0.0
2024-05-08 00:00:00+08:00,39.58147344223577,41.26768112182617,39.58147344223577,41.26768112182617,22000,0.0,0.0
2024-05-09 00:00:00+08:00,40.91268539428711,40.91268539428711,40.91268539428711,40.91268539428711,2000,0.0,0.0
2024-05-10 00:00:00+08:00,42.37702100173287,42.37702100173287,40.823936462402344,40.823936462402344,8000,0.0,0.0
2024-05-13 00:00:00+08:00,41.53392207837339,42.776391207291915,41.26767966087828,41.71141815185547,36000,0.0,0.0
2024-05-14 00:00:00+08:00,41.71141815185547,41.71141815185547,41.71141815185547,41.71141815185547,13000,0.0,0.0
2024-05-15 00:00:00+08:00,42.06640862144322,42.51014709472656,41.75578965887135,42.51014709472656,19000,0.0,0.0
2024-05-16 00:00:00+08:00,42.68763654177956,42.77638626098633,42.33264782131936,42.77638626098633,34000,0.0,0.0
2024-05-17 00:00:00+08:00,42.598889791519014,42.732012676299746,42.46576690673828,42.46576690673828,13000,0.0,0.0
2024-05-20 00:00:00+08:00,42.46576690673828,42.46576690673828,42.46576690673828,42.46576690673828,5000,0.0,0.0
2024-05-21 00:00:00+08:00,42.377020988194936,42.8207594278619,42.377020988194936,42.77638626098633,23000,0.0,0.0
2024-05-22 00:00:00+08:00,42.77638801105276,43.841360986914744,42.77638801105276,43.57511520385742,57000,0.0,0.0
2024-05-23 00:00:00+08:00,43.57511584592705,43.57511584592705,43.0426310428779,43.22012710571289,21000,0.0,0.0
2024-05-24 00:00:00+08:00,43.22012710571289,43.22012710571289,43.0426310428779,43.22012710571289,14000,0.0,0.0
2024-05-27 00:00:00+08:00,43.22012820041303,43.22012820041303,42.155155181884766,42.155155181884766,14000,0.0,0.0
2024-05-28 00:00:00+08:00,42.15515317208867,42.33264923095703,42.15515317208867,42.33264923095703,2000,0.0,0.0
2024-05-29 00:00:00+08:00,42.377022151118766,43.30887222290039,42.377022151118766,43.30887222290039,4000,0.0,0.0
2024-05-30 00:00:00+08:00,43.04262924194336,43.04262924194336,43.04262924194336,43.04262924194336,5000,0.0,0.0
2024-05-31 00:00:00+08:00,43.48636830354314,43.48636830354314,42.99825668334961,42.99825668334961,5000,0.0,0.0
2024-06-03 00:00:00+08:00,43.042625436386544,43.042625436386544,42.64326019339085,43.353240966796875,10000,0.0,0.0
2024-06-04 00:00:00+08:00,42.64326895973228,42.953887939453125,42.64326895973228,42.953887939453125,2000,0.0,0.0
2024-06-05 00:00:00+08:00,42.8207594278619,42.8207594278619,42.77638626098633,42.77638626098633,2000,0.0,0.0
2024-06-06 00:00:00+08:00,42.77638626098633,42.77638626098633,42.77638626098633,42.77638626098633,0,0.0,0.0
2024-06-07 00:00:00+08:00,42.77638626098633,42.77638626098633,42.77638626098633,42.77638626098633,0,0.0,0.0
2024-06-11 00:00:00+08:00,43.48636645992472,43.75260884279233,43.13137435913086,43.13137435913086,19000,0.0,0.0
2024-06-12 00:00:00+08:00,43.13137616507158,43.35324539099366,43.13137616507158,43.30887222290039,8000,0.0,0.0
2024-06-13 00:00:00+08:00,43.35324539099366,43.39762194454266,43.30887222290039,43.30887222290039,7000,0.0,0.0
2024-06-14 00:00:00+08:00,43.042634284827045,43.042634284827045,42.9095113813101,42.953887939453125,12000,0.0,0.0
2024-06-17 00:00:00+08:00,43.04262924194336,43.04262924194336,43.04262924194336,43.04262924194336,6000,0.0,0.0
2024-06-18 00:00:00+08:00,43.13137557691974,43.13137557691974,43.04262924194336,43.04262924194336,5000,0.0,0.0
2024-06-19 00:00:00+08:00,43.04262924194336,43.04262924194336,43.04262924194336,43.04262924194336,5000,0.0,0.0
2024-06-20 00:00:00+08:00,42.377024198559205,42.9538855680099,42.377024198559205,42.51014709472656,5000,0.0,0.0
2024-06-21 00:00:00+08:00,42.82076144218445,42.86513461114737,42.55451904295114,42.59889221191406,20000,0.0,0.0
2024-06-24 00:00:00+08:00,42.73201869056226,44.196353701968306,42.73201869056226,42.953887939453125,27000,0.0,0.0
2024-06-25 00:00:00+08:00,42.953881703771366,42.953881703771366,42.82075881958008,42.82075881958008,7000,0.0,0.0
2024-06-26 00:00:00+08:00,42.82076267184255,43.04263190848422,42.51014709472656,42.51014709472656,39000,0.0,0.0
2024-06-27 00:00:00+08:00,43.09680394624409,43.09680394624409,42.14912622345238,42.87116622924805,31000,0.8,0.0
2024-06-28 00:00:00+08:00,42.87116667575684,43.773717553141196,42.87116667575684,43.36756896972656,13000,0.0,0.0
2024-07-01 00:00:00+08:00,43.36756740414781,43.77371597290039,43.36756740414781,43.77371597290039,12000,0.0,0.0
2024-07-02 00:00:00+08:00,43.77371597290039,43.77371597290039,43.77371597290039,43.77371597290039,5000,0.0,0.0
2024-07-03 00:00:00+08:00,43.32243940200867,44.04447937011719,43.32243940200867,44.04447937011719,19000,0.0,0.0
2024-07-04 00:00:00+08:00,44.04447937011719,44.04447937011719,43.683461107542,44.04447937011719,12000,0.0,0.0
2024-07-05 00:00:00+08:00,44.04447657448447,44.089603424072266,43.77371203399977,44.089603424072266,22000,0.0,0.0
2024-07-08 00:00:00+08:00,44.044478745715445,44.22498959592308,43.86396789550781,43.86396789550781,60000,0.0,0.0
2024-07-09 00:00:00+08:00,44.22498741579358,44.22498741579358,43.728585184411976,44.089603424072266,9000,0.0,0.0
2024-07-10 00:00:00+08:00,44.22499084472656,44.22499084472656,44.22499084472656,44.22499084472656,1000,0.0,0.0
2024-07-11 00:00:00+08:00,44.044478745715445,44.044478745715445,43.86396789550781,43.86396789550781,8000,0.0,0.0
2024-07-12 00:00:00+08:00,43.86396789550781,43.86396789550781,43.86396789550781,43.86396789550781,2000,0.0,0.0
2024-07-15 00:00:00+08:00,43.41269302368164,43.41269302368164,43.41269302368164,43.41269302368164,2000,0.0,0.0
2024-07-16 00:00:00+08:00,43.32243767533856,43.3675645259921,43.18705368041992,43.18705368041992,9000,0.0,0.0
2024-07-17 00:00:00+08:00,43.77371833741642,43.77371833741642,43.2321891784668,43.2321891784668,8000,0.0,0.0
2024-07-18 00:00:00+08:00,43.2321891784668,43.2321891784668,43.2321891784668,43.2321891784668,1000,0.0,0.0
2024-07-19 00:00:00+08:00,43.27731158937278,43.27731158937278,43.051673889160156,43.051673889160156,15000,0.0,0.0
2024-07-22 00:00:00+08:00,43.77371892571046,43.77371892571046,42.780914306640625,42.780914306640625,14000,0.0,0.0
2024-07-23 00:00:00+08:00,42.419890955486565,42.87116639118323,42.419890955486565,42.555274963378906,8000,0.0,0.0
2024-07-26 00:00:00+08:00,42.60040222200258,42.60040222200258,42.05886962826047,42.419891357421875,15000,0.0,0.0
2024-07-29 00:00:00+08:00,42.419891357421875,42.419891357421875,41.9686159174493,42.419891357421875,21000,0.0,0.0
2024-07-30 00:00:00+08:00,42.87116622924805,42.87116622924805,42.87116622924805,42.87116622924805,3000,0.0,0.0
2024-07-31 00:00:00+08:00,42.87116622924805,42.87116622924805,42.87116622924805,42.87116622924805,0,0.0,0.0
2024-08-01 00:00:00+08:00,42.87116567293803,42.96141938138195,42.87116567293803,43.32244110107422,6000,0.0,0.0
2024-08-02 00:00:00+08:00,42.46501657913531,42.645527436771495,42.194252014160156,42.194252014160156,13000,0.0,0.0
2024-08-05 00:00:00+08:00,41.156315330522595,41.156315330522595,37.997387513045176,39.12557601928711,61000,0.0,0.0
2024-08-06 00:00:00+08:00,42.69065390113065,42.82603790386274,38.80968599065663,39.17070770263672,27000,0.0,0.0
2024-08-07 00:00:00+08:00,42.87116304039844,43.051673889160156,42.4198876399732,43.051673889160156,99000,0.0,0.0
2024-08-08 00:00:00+08:00,40.975808295150976,42.41988821904148,40.79529744392513,41.6527214050293,21000,0.0,0.0
2024-08-09 00:00:00+08:00,41.65271975612806,41.65271975612806,41.42708206176758,41.42708206176758,23000,0.0,0.0
2024-08-12 00:00:00+08:00,40.659914363549824,41.066062927246094,40.52453380428986,41.066062927246094,40000,0.0,0.0
2024-08-13 00:00:00+08:00,39.12557482492428,40.25376329672669,39.12557482492428,41.42708206176758,28000,0.0,0.0
2024-08-14 00:00:00+08:00,39.802488826078864,39.93787282300107,39.712235123436095,39.89274597167969,21000,0.0,0.0
2024-08-15 00:00:00+08:00,39.93787478745749,39.93787478745749,39.35121536254883,39.35121536254883,15000,0.0,0.0
2024-08-16 00:00:00+08:00,40.4342783197535,40.61478918248957,39.71223831176758,39.71223831176758,5000,0.0,0.0
2024-08-19 00:00:00+08:00,39.89274659522399,40.07325744628906,39.89274659522399,40.07325744628906,2000,0.0,0.0
2024-08-20 00:00:00+08:00,40.073257696965065,40.25376510620117,40.073257696965065,40.25376510620117,7000,0.0,0.0
2024-08-21 00:00:00+08:00,40.25376745701743,40.25376745701743,39.71223831176758,39.71223831176758,20000,0.0,0.0
2024-08-22 00:00:00+08:00,39.71223831176758,39.757365166712006,39.71223831176758,39.71223831176758,26000,0.0,0.0
2024-08-23 00:00:00+08:00,39.53172302246094,39.53172302246094,39.53172302246094,39.53172302246094,2000,0.0,0.0
2024-08-26 00:00:00+08:00,39.48660059408708,39.71223831176758,39.35121658629544,39.71223831176758,22000,0.0,0.0
2024-08-27 00:00:00+08:00,39.71223831176758,39.71223831176758,39.71223831176758,39.71223831176758,9000,0.0,0.0
2024-08-28 00:00:00+08:00,39.712237754564605,40.16351318359375,39.712237754564605,40.16351318359375,6000,0.0,0.0
2024-08-29 00:00:00+08:00,39.71223831176758,39.71223831176758,39.57685430397594,39.71223831176758,19000,0.0,0.0
2024-08-30 00:00:00+08:00,40.16351062074553,41.33682597275996,40.16351062074553,40.524532318115234,8000,0.0,0.0
2024-09-02 00:00:00+08:00,39.71223932432488,39.84762333556844,39.71223932432488,39.75736618041992,29000,0.0,0.0
2024-09-03 00:00:00+08:00,39.80249202165644,40.16351374712857,39.71223831176758,39.71223831176758,21000,0.0,0.0
2024-09-04 00:00:00+08:00,39.6219811851243,39.66710803617727,39.57685089111328,39.57685089111328,11000,0.0,0.0
2024-09-05 00:00:00+08:00,39.57685089111328,39.57685089111328,39.57685089111328,39.57685089111328,0,0.0,0.0
2024-09-06 00:00:00+08:00,39.66711145682314,39.71223831176758,39.66711145682314,39.71223831176758,12000,0.0,0.0
2024-09-09 00:00:00+08:00,39.57685430397594,39.71223831176758,39.57685430397594,39.71223831176758,23000,0.0,0.0
2024-09-10 00:00:00+08:00,39.712237231304194,39.712237231304194,38.990197242963035,39.03532409667969,20000,0.0,0.0
2024-09-11 00:00:00+08:00,39.712234386280834,39.712234386280834,39.080448150634766,39.080448150634766,18000,0.0,0.0
2024-09-12 00:00:00+08:00,39.08045001396435,39.62198257446289,38.89993916046484,39.62198257446289,15000,0.0,0.0
2024-09-13 00:00:00+08:00,39.44147159771028,40.163511566493824,38.358409923055895,41.517337799072266,63000,0.0,0.0
2024-09-16 00:00:00+08:00,40.118383146890004,40.43427454496899,40.118383146890004,40.34402084350586,10000,0.0,0.0
2024-09-18 00:00:00+08:00,40.43427658081055,40.43427658081055,40.344022874803194,40.43427658081055,3000,0.0,0.0
2024-09-19 00:00:00+08:00,40.43427378488236,41.65271938947833,40.43427378488236,40.479400634765625,22000,0.0,0.0
2024-09-20 00:00:00+08:00,40.97581079371923,40.97581079371923,40.659915924072266,40.659915924072266,2000,0.0,0.0
2024-09-23 00:00:00+08:00,41.06606495392331,41.15631866455078,41.06606495392331,41.15631866455078,12000,0.0,0.0
2024-09-24 00:00:00+08:00,41.156318358352564,42.555274963378906,41.156318358352564,42.555274963378906,13000,0.0,0.0
2024-09-25 00:00:00+08:00,41.96861306491471,42.87116388351503,41.833229064941406,41.833229064941406,31000,0.0,0.0
2024-09-26 00:00:00+08:00,41.788102356996326,43.232185737521554,40.97580868322415,41.517337799072266,22000,0.0,0.0
2024-09-27 00:00:00+08:00,41.29170048726623,41.42708448899792,41.156316485534546,41.381954193115234,6000,0.0,0.0
2024-09-30 00:00:00+08:00,41.381953176278536,41.381953176278536,41.33682632446289,41.33682632446289,6000,0.0,0.0
2024-10-01 00:00:00+08:00,42.37476462774016,42.419891483279635,41.47221374511719,41.47221374511719,7000,0.0,0.0
2024-10-04 00:00:00+08:00,41.56246566772461,41.56246566772461,41.56246566772461,41.56246566772461,2000,0.0,0.0
2024-10-07 00:00:00+08:00,41.56246745619613,41.56246745619613,41.47221374511719,41.47221374511719,4000,0.0,0.0
2024-10-08 00:00:00+08:00,41.381950885685235,41.42708117796091,40.9306755065918,40.9306755065918,25000,0.0,0.0
2024-10-09 00:00:00+08:00,40.9306755065918,40.9306755065918,40.9306755065918,40.9306755065918,0,0.0,0.0
2024-10-11 00:00:00+08:00,40.9306755065918,40.9306755065918,40.9306755065918,40.9306755065918,0,0.0,0.0
2024-10-14 00:00:00+08:00,40.9306755065918,40.9306755065918,40.9306755065918,40.9306755065918,0,0.0,0.0
2024-10-15 00:00:00+08:00,40.975807189941406,41.02093404079116,40.975807189941406,40.975807189941406,6000,0.0,0.0
2024-10-16 00:00:00+08:00,40.70503958718573,40.840423583984375,40.70503958718573,40.840423583984375,3000,0.0,0.0
2024-10-17 00:00:00+08:00,42.82603643814244,42.82603643814244,40.705039978027344,40.705039978027344,19000,0.0,0.0
2024-10-18 00:00:00+08:00,40.840426327137465,41.47221261636992,40.16351318359375,40.16351318359375,19000,0.0,0.0
2024-10-21 00:00:00+08:00,40.38915089810832,40.38915089810832,40.02812917770169,40.16351318359375,18000,0.0,0.0
2024-10-22 00:00:00+08:00,40.56965956259187,40.79529726489444,40.3891487121582,40.3891487121582,3000,0.0,0.0
2024-10-23 00:00:00+08:00,40.61478641446077,40.61478641446077,40.3891487121582,40.3891487121582,9000,0.0,0.0
2024-10-24 00:00:00+08:00,40.3891487121582,40.3891487121582,40.3891487121582,40.3891487121582,0,0.0,0.0
2024-10-25 00:00:00+08:00,40.389150344000925,40.61478805541992,40.389150344000925,40.61478805541992,8000,0.0,0.0
2024-10-28 00:00:00+08:00,40.61478805541992,40.61478805541992,40.61478805541992,40.61478805541992,0,0.0,0.0
2024-10-29 00:00:00+08:00,40.61478805541992,40.61478805541992,40.61478805541992,40.61478805541992,1000,0.0,0.0
2024-10-30 00:00:00+08:00,40.61478805541992,40.61478805541992,40.61478805541992,40.61478805541992,0,0.0,0.0
2024-11-01 00:00:00+08:00,41.51734117703342,41.51734117703342,41.020938873291016,41.020938873291016,11000,0.0,0.0
2024-11-04 00:00:00+08:00,40.97580806697963,41.33682632446289,40.70504007016957,41.33682632446289,4000,0.0,0.0
2024-11-05 00:00:00+08:00,40.65991096772731,41.15631319613851,40.65991096772731,40.9306755065918,4000,0.0,0.0
2024-11-06 00:00:00+08:00,41.697848652007686,41.697848652007686,41.517337799072266,41.517337799072266,3000,0.0,0.0
2024-11-07 00:00:00+08:00,41.517337799072266,41.517337799072266,41.517337799072266,41.517337799072266,5000,0.0,0.0
2024-11-08 00:00:00+08:00,41.517337799072266,41.517337799072266,41.517337799072266,41.517337799072266,0,0.0,0.0
2024-11-11 00:00:00+08:00,41.74297754343087,41.7881043981294,41.60759353637695,41.60759353637695,6000,0.0,0.0
2024-11-12 00:00:00+08:00,43.0516769874382,43.0516769874382,41.60759353637695,41.60759353637695,6000,0.0,0.0
2024-11-13 00:00:00+08:00,40.61478689525995,40.88555145263672,39.306087517821055,40.88555145263672,75000,0.0,0.0
2024-11-14 00:00:00+08:00,40.614786274600355,40.97580797422449,40.34402172136131,40.705039978027344,24000,0.0,0.0
2024-11-15 00:00:00+08:00,40.524532571173374,40.705039978027344,40.524532571173374,40.705039978027344,8000,0.0,0.0
2024-11-18 00:00:00+08:00,40.569659422886865,40.705039978027344,40.569659422886865,40.705039978027344,3000,0.0,0.0
2024-11-19 00:00:00+08:00,40.70504289237843,40.70504289237843,39.71223831176758,39.71223831176758,40000,0.0,0.0
2024-11-20 00:00:00+08:00,39.75736071487562,39.75736071487562,39.53172302246094,39.53172302246094,25617,0.0,0.0
2024-11-21 00:00:00+08:00,39.53172744903151,39.71223831176758,39.53172744903151,39.71223831176758,3000,0.0,0.0
2024-11-22 00:00:00+08:00,40.16351318359375,40.16351318359375,40.16351318359375,40.16351318359375,3000,0.0,0.0
2024-11-25 00:00:00+08:00,40.25376510620117,40.25376510620117,40.163511401583115,40.25376510620117,9000,0.0,0.0
2024-11-26 00:00:00+08:00,40.61478805541992,40.61478805541992,40.61478805541992,40.61478805541992,1000,0.0,0.0
2024-11-27 00:00:00+08:00,40.61478805541992,40.61478805541992,40.61478805541992,40.61478805541992,3000,0.0,0.0
2024-11-28 00:00:00+08:00,40.61478805541992,40.61478805541992,40.61478805541992,40.61478805541992,0,0.0,0.0
2024-11-29 00:00:00+08:00,40.43427454496899,40.479401395700556,40.34402084350586,40.34402084350586,10000,0.0,0.0
2024-12-02 00:00:00+08:00,40.34402084350586,40.34402084350586,40.34402084350586,40.34402084350586,0,0.0,0.0
2024-12-03 00:00:00+08:00,40.163509997621574,40.38914769423742,40.163509997621574,40.34402084350586,11000,0.0,0.0
2024-12-04 00:00:00+08:00,40.34402410036737,40.7952995300293,40.34402410036737,40.7952995300293,4000,0.0,0.0
2024-12-05 00:00:00+08:00,40.61478805541992,40.61478805541992,40.61478805541992,40.61478805541992,1000,0.0,0.0
2024-12-06 00:00:00+08:00,40.61478805541992,40.659914909112075,40.61478805541992,40.61478805541992,17000,0.0,0.0
2024-12-09 00:00:00+08:00,40.88554952952763,41.42708206176758,40.88554952952763,41.42708206176758,22000,0.0,0.0
2024-12-10 00:00:00+08:00,41.33682632446289,41.33682632446289,41.33682632446289,41.33682632446289,1000,0.0,0.0
2024-12-11 00:00:00+08:00,40.885551925029354,41.381954193115234,40.885551925029354,41.381954193115234,25000,0.0,0.0
2024-12-12 00:00:00+08:00,41.33682686258405,41.33682686258405,40.88555145263672,40.88555145263672,5000,0.0,0.0
2024-12-13 00:00:00+08:00,40.795301728455236,40.885555442068004,40.569664001464844,40.569664001464844,6000,0.0,0.0
2024-12-16 00:00:00+08:00,40.56965854012171,40.56965854012171,40.34402084350586,40.34402084350586,20000,0.0,0.0
2024-12-17 00:00:00+08:00,40.34402084350586,40.34402084350586,40.34402084350586,40.34402084350586,0,0.0,0.0
2024-12-18 00:00:00+08:00,40.3891487121582,40.3891487121582,40.3891487121582,40.3891487121582,1000,0.0,0.0
2024-12-19 00:00:00+08:00,40.3891487121582,40.3891487121582,40.3891487121582,40.3891487121582,0,0.0,0.0
2024-12-20 00:00:00+08:00,40.34402404379706,40.34402404379706,40.16351318359375,40.16351318359375,2000,0.0,0.0
2024-12-23 00:00:00+08:00,40.16351318359375,40.16351318359375,40.16351318359375,40.16351318359375,2000,0.0,0.0
2024-12-24 00:00:00+08:00,40.16351318359375,40.16351318359375,40.16351318359375,40.16351318359375,2000,0.0,0.0
2024-12-25 00:00:00+08:00,40.208641052246094,40.208641052246094,40.208641052246094,40.208641052246094,1000,0.0,0.0
2024-12-26 00:00:00+08:00,40.43427658081055,40.43427658081055,40.43427658081055,40.43427658081055,6000,0.0,0.0
2024-12-27 00:00:00+08:00,40.434275958395425,40.434275958395425,40.25376510620117,40.25376510620117,8000,0.0,0.0
2024-12-30 00:00:00+08:00,40.25376510620117,40.25376510620117,40.25376510620117,40.25376510620117,0,0.0,0.0
2024-12-31 00:00:00+08:00,39.48659776697257,40.705039978027344,39.48659776697257,40.705039978027344,3000,0.0,0.0
2025-01-02 00:00:00+08:00,40.705039978027344,40.705039978027344,40.705039978027344,40.705039978027344,0,0.0,0.0
2025-01-03 00:00:00+08:00,40.705039978027344,40.705039978027344,40.705039978027344,40.705039978027344,1000,0.0,0.0
2025-01-06 00:00:00+08:00,40.705039978027344,40.705039978027344,40.705039978027344,40.705039978027344,0,0.0,0.0
2025-01-07 00:00:00+08:00,40.705039978027344,40.705039978027344,40.705039978027344,40.705039978027344,0,0.0,0.0
2025-01-08 00:00:00+08:00,40.705039978027344,40.705039978027344,40.705039978027344,40.705039978027344,0,0.0,0.0
2025-01-09 00:00:00+08:00,40.705039978027344,40.705039978027344,40.705039978027344,40.705039978027344,0,0.0,0.0
2025-01-10 00:00:00+08:00,40.705039978027344,40.705039978027344,40.705039978027344,40.705039978027344,0,0.0,0.0
2025-01-13 00:00:00+08:00,40.70503972384201,40.70503972384201,40.524532318115234,40.524532318115234,7000,0.0,0.0
2025-01-14 00:00:00+08:00,42.7809121091334,42.7809121091334,40.7952995300293,40.7952995300293,7000,0.0,0.0
2025-01-15 00:00:00+08:00,39.53172574890425,40.43427658081055,39.53172574890425,40.43427658081055,5000,0.0,0.0
2025-01-16 00:00:00+08:00,40.29889718948581,40.34402404379706,40.16351318359375,40.16351318359375,8000,0.0,0.0
2025-01-17 00:00:00+08:00,40.16351318359375,40.16351318359375,40.16351318359375,40.16351318359375,0,0.0,0.0
2025-01-20 00:00:00+08:00,40.163511401583115,40.25376510620117,40.163511401583115,40.25376510620117,2000,0.0,0.0
2025-01-21 00:00:00+08:00,40.70504334810921,40.70504334810921,40.208641052246094,40.208641052246094,4000,0.0,0.0
2025-01-22 00:00:00+08:00,40.61478805541992,40.61478805541992,40.61478805541992,40.61478805541992,1000,0.0,0.0
2025-02-03 00:00:00+08:00,40.61478805541992,40.61478805541992,40.61478805541992,40.61478805541992,1000,0.0,0.0
2025-02-04 00:00:00+08:00,40.7952995300293,40.7952995300293,40.7952995300293,40.7952995300293,6000,0.0,0.0
2025-02-05 00:00:00+08:00,41.06606409923479,41.06606409923479,40.7952995300293,40.7952995300293,8000,0.0,0.0
2025-02-06 00:00:00+08:00,40.88555408970999,41.15631866455078,40.88555408970999,41.15631866455078,7011,0.0,0.0
2025-02-07 00:00:00+08:00,41.15631609320142,41.517337799072266,40.93067838777168,41.517337799072266,27132,0.0,0.0
2025-02-10 00:00:00+08:00,41.517337799072266,41.517337799072266,41.066062388212785,41.517337799072266,37000,0.0,0.0
2025-02-11 00:00:00+08:00,41.51734039297741,41.51734039297741,41.15631866455078,41.15631866455078,22000,0.0,0.0
2025-02-12 00:00:00+08:00,41.156316783597035,41.156316783597035,40.75017166137695,40.75017166137695,20000,0.0,0.0
2025-02-13 00:00:00+08:00,40.75017166137695,40.75017166137695,40.75017166137695,40.75017166137695,0,0.0,0.0
2025-02-14 00:00:00+08:00,41.517337799072266,41.517337799072266,41.517337799072266,41.517337799072266,1159,0.0,0.0
2025-02-17 00:00:00+08:00,41.51733687856212,42.10399627685547,41.51733687856212,42.10399627685547,24194,0.0,0.0
2025-02-18 00:00:00+08:00,42.28450792066951,42.28450792066951,41.9686164855957,41.9686164855957,15074,0.0,0.0
2025-02-19 00:00:00+08:00,41.74297612684876,41.74297612684876,41.69784927368164,41.69784927368164,6000,0.0,0.0
2025-02-20 00:00:00+08:00,41.517337799072266,41.697848652007686,41.517337799072266,41.517337799072266,4343,0.0,0.0
2025-02-21 00:00:00+08:00,41.517337799072266,41.517337799072266,41.517337799072266,41.517337799072266,4000,0.0,0.0
2025-02-24 00:00:00+08:00,41.56246588553572,41.878360748291016,41.56246588553572,41.878360748291016,8000,0.0,0.0
2025-02-25 00:00:00+08:00,41.833229064941406,41.833229064941406,41.833229064941406,41.833229064941406,3000,0.0,0.0
2025-02-26 00:00:00+08:00,42.780912632379675,42.780912632379675,41.74297775427913,41.92348861694336,14315,0.0,0.0
2025-02-27 00:00:00+08:00,42.4198901268919,42.4198901268919,41.87836099181701,42.058868408203125,46066,0.0,0.0
2025-03-03 00:00:00+08:00,42.058868408203125,42.058868408203125,42.058868408203125,42.058868408203125,2000,0.0,0.0
2025-03-04 00:00:00+08:00,42.058868408203125,42.058868408203125,42.058868408203125,42.058868408203125,0,0.0,0.0
2025-03-05 00:00:00+08:00,42.058868408203125,42.058868408203125,42.058868408203125,42.058868408203125,0,0.0,0.0
2025-03-06 00:00:00+08:00,42.058868408203125,42.058868408203125,42.058868408203125,42.058868408203125,0,0.0,0.0
2025-03-07 00:00:00+08:00,42.058868408203125,42.058868408203125,42.058868408203125,42.058868408203125,0,0.0,0.0
2025-03-10 00:00:00+08:00,42.87116622924805,42.87116622924805,42.87116622924805,42.87116622924805,1256,0.0,0.0
2025-03-11 00:00:00+08:00,42.871166797394444,42.871166797394444,42.419891357421875,42.419891357421875,3027,0.0,0.0
2025-03-12 00:00:00+08:00,42.4198901268919,42.4198901268919,42.058868408203125,42.058868408203125,14070,0.0,0.0
2025-03-13 00:00:00+08:00,42.01373943057186,42.01373943057186,41.33682632446289,41.33682632446289,13033,0.0,0.0
2025-03-14 00:00:00+08:00,41.33682632446289,41.33682632446289,41.33682632446289,41.33682632446289,0,0.0,0.0
2025-03-17 00:00:00+08:00,41.33682734019073,41.381954193115234,41.33682734019073,41.381954193115234,4001,0.0,0.0
2025-03-18 00:00:00+08:00,41.38195176852909,41.42708206176758,41.38195176852909,41.42708206176758,3002,0.0,0.0
2025-03-19 00:00:00+08:00,41.42708206176758,41.42708206176758,41.42708206176758,41.42708206176758,0,0.0,0.0
2025-03-20 00:00:00+08:00,41.33682734019073,41.878359904159296,41.33682734019073,41.381954193115234,17002,0.0,0.0
2025-03-21 00:00:00+08:00,41.878360748291016,41.878360748291016,41.878360748291016,41.878360748291016,1010,0.0,0.0
2025-03-24 00:00:00+08:00,41.878360748291016,41.878360748291016,41.878360748291016,41.878360748291016,0,0.0,0.0
2025-03-25 00:00:00+08:00,41.878360748291016,41.878360748291016,41.878360748291016,41.878360748291016,0,0.0,0.0
2025-03-26 00:00:00+08:00,41.878360748291016,41.878360748291016,41.878360748291016,41.878360748291016,0,0.0,0.0
2025-03-27 00:00:00+08:00,41.381953879767636,42.14912414550781,41.381953879767636,42.14912414550781,5029,0.0,0.0
2025-03-28 00:00:00+08:00,42.14912414550781,42.14912414550781,42.14912414550781,42.14912414550781,0,0.0,0.0
2025-03-31 00:00:00+08:00,41.336828043369074,41.336828043369074,40.16351263258193,40.61478805541992,5039,0.0,0.0
2025-04-01 00:00:00+08:00,40.61478805541992,40.61478805541992,40.61478805541992,40.61478805541992,0,0.0,0.0
2025-04-02 00:00:00+08:00,40.61478906925365,40.659915924072266,40.61478906925365,40.659915924072266,3010,0.0,0.0
2025-04-07 00:00:00+08:00,36.59843826293945,36.73382227496204,36.59843826293945,36.59843826293945,30060,0.0,0.0
2025-04-08 00:00:00+08:00,36.59843561250351,37.907135009765625,36.10203334263393,37.907135009765625,10000,0.0,0.0
2025-04-09 00:00:00+08:00,36.147162378272334,40.84042768478393,36.10203552246094,36.10203552246094,18033,0.0,0.0
2025-04-10 00:00:00+08:00,36.23741988903981,38.809688568115234,36.23741988903981,38.809688568115234,5001,0.0,0.0
2025-04-11 00:00:00+08:00,38.809688568115234,38.809688568115234,38.809688568115234,38.809688568115234,0,0.0,0.0
2025-04-14 00:00:00+08:00,38.76456069946289,38.76456069946289,38.76456069946289,38.76456069946289,2224,0.0,0.0
2025-04-15 00:00:00+08:00,38.99019764203801,38.99019764203801,38.899940490722656,38.899940490722656,3000,0.0,0.0
2025-04-16 00:00:00+08:00,38.899940490722656,38.899940490722656,38.899940490722656,38.899940490722656,0,0.0,0.0
2025-04-17 00:00:00+08:00,38.899940490722656,38.899940490722656,38.899940490722656,38.899940490722656,0,0.0,0.0
2025-04-18 00:00:00+08:00,38.899940490722656,38.899940490722656,38.899940490722656,38.899940490722656,0,0.0,0.0
2025-04-21 00:00:00+08:00,39.12557601928711,39.12557601928711,39.12557601928711,39.12557601928711,1000,0.0,0.0
2025-04-22 00:00:00+08:00,38.945068359375,38.945068359375,38.945068359375,38.945068359375,1021,0.0,0.0
2025-04-23 00:00:00+08:00,38.945068359375,38.945068359375,38.945068359375,38.945068359375,0,0.0,0.0
2025-04-24 00:00:00+08:00,38.945068359375,38.945068359375,38.945068359375,38.945068359375,1000,0.0,0.0
2025-04-25 00:00:00+08:00,38.945068359375,38.945068359375,38.945068359375,38.945068359375,0,0.0,0.0
2025-04-28 00:00:00+08:00,39.080448150634766,39.080448150634766,39.080448150634766,39.080448150634766,1002,0.0,0.0
2025-04-29 00:00:00+08:00,39.12557664143579,39.306087493896484,38.990196084308884,39.306087493896484,5000,0.0,0.0
2025-04-30 00:00:00+08:00,39.35121536254883,39.35121536254883,39.30608850900775,39.35121536254883,4000,0.0,0.0
2025-05-02 00:00:00+08:00,39.39634565904814,39.44147251258921,39.35121536254883,39.35121536254883,8636,0.0,0.0
2025-05-05 00:00:00+08:00,39.35121511566855,39.35121511566855,39.17070770263672,39.17070770263672,3060,0.0,0.0
2025-05-06 00:00:00+08:00,39.17070770263672,39.17070770263672,39.17070770263672,39.17070770263672,0,0.0,0.0
2025-05-07 00:00:00+08:00,40.02812576293945,40.02812576293945,40.02812576293945,40.02812576293945,1000,0.0,0.0
2025-05-08 00:00:00+08:00,40.02812849453963,40.02812849453963,39.35121536254883,39.35121536254883,8000,0.0,0.0
2025-05-09 00:00:00+08:00,39.351215918424586,39.351215918424586,38.899940490722656,38.899940490722656,2025,0.0,0.0
2025-05-12 00:00:00+08:00,38.899940490722656,38.899940490722656,38.899940490722656,38.899940490722656,0,0.0,0.0
2025-05-13 00:00:00+08:00,40.16351318359375,40.16351318359375,40.16351318359375,40.16351318359375,7050,0.0,0.0
2025-05-14 00:00:00+08:00,40.16351318359375,40.16351318359375,40.16351318359375,40.16351318359375,6022,0.0,0.0
2025-05-15 00:00:00+08:00,39.98300232339044,40.16351318359375,39.98300232339044,40.16351318359375,5052,0.0,0.0
2025-05-16 00:00:00+08:00,40.70504176280423,40.70504176280423,40.61478805541992,40.61478805541992,9000,0.0,0.0
2025-05-19 00:00:00+08:00,40.61478805541992,40.61478805541992,40.61478805541992,40.61478805541992,1147,0.0,0.0
2025-05-20 00:00:00+08:00,40.61478805541992,40.61478805541992,40.61478805541992,40.61478805541992,1046,0.0,0.0
2025-05-21 00:00:00+08:00,40.52453434803562,40.61478805541992,40.52453434803562,40.61478805541992,3000,0.0,0.0
2025-05-22 00:00:00+08:00,40.61478805541992,40.61478805541992,40.61478805541992,40.61478805541992,0,0.0,0.0
2025-05-23 00:00:00+08:00,40.61478805541992,40.61478805541992,40.61478805541992,40.61478805541992,0,0.0,0.0
2025-05-26 00:00:00+08:00,40.61478805541992,40.61478805541992,40.61478805541992,40.61478805541992,0,0.0,0.0
2025-05-27 00:00:00+08:00,40.61478805541992,40.61478805541992,40.61478805541992,40.61478805541992,1000,0.0,0.0
2025-05-28 00:00:00+08:00,40.61478805541992,40.61478805541992,40.61478805541992,40.61478805541992,2000,0.0,0.0
2025-05-29 00:00:00+08:00,40.61478805541992,41.02093662456577,40.16351263258193,40.61478805541992,8080,0.0,0.0
2025-06-02 00:00:00+08:00,40.61478805541992,40.61478805541992,40.61478805541992,40.61478805541992,0,0.0,0.0
2025-06-03 00:00:00+08:00,40.61478805541992,40.61478805541992,40.61478805541992,40.61478805541992,0,0.0,0.0
2025-06-04 00:00:00+08:00,40.61478805541992,40.61478805541992,40.61478805541992,40.61478805541992,0,0.0,0.0
2025-06-05 00:00:00+08:00,40.61478805541992,40.61478805541992,40.61478805541992,40.61478805541992,1000,0.0,0.0
2025-06-06 00:00:00+08:00,40.61478805541992,40.61478805541992,40.61478805541992,40.61478805541992,3072,0.0,0.0
2025-06-09 00:00:00+08:00,40.61478866957287,40.7952995300293,40.61478866957287,40.7952995300293,11372,0.0,0.0
2025-06-10 00:00:00+08:00,40.88555268582522,41.427085259870594,40.840425832061,41.24657440185547,17324,0.0,0.0
2025-06-11 00:00:00+08:00,41.24657440185547,41.291701255619685,41.24657440185547,41.24657440185547,4317,0.0,0.0
2025-06-12 00:00:00+08:00,41.24657440185547,41.24657440185547,41.24657440185547,41.24657440185547,1000,0.0,0.0
2025-06-13 00:00:00+08:00,40.885553238778364,40.885553238778364,40.7952995300293,40.7952995300293,8043,0.0,0.0
2025-06-16 00:00:00+08:00,40.79529712441242,40.79529712441242,40.705039978027344,40.705039978027344,9035,0.0,0.0
2025-06-17 00:00:00+08:00,40.705039978027344,40.705039978027344,40.705039978027344,40.705039978027344,1000,0.0,0.0
2025-06-18 00:00:00+08:00,39.84762276569037,40.208641052246094,39.84762276569037,40.208641052246094,3000,0.0,0.0
2025-06-19 00:00:00+08:00,40.208641052246094,40.208641052246094,40.208641052246094,40.208641052246094,6000,0.0,0.0
2025-06-20 00:00:00+08:00,41.42708206176758,41.42708206176758,41.42708206176758,41.42708206176758,1050,0.0,0.0
2025-06-23 00:00:00+08:00,41.06606167765147,41.06606167765147,40.705039978027344,40.705039978027344,2030,0.0,0.0
2025-06-24 00:00:00+08:00,41.20144630537474,41.33682686258405,40.88555145263672,40.88555145263672,19132,0.0,0.0
2025-06-25 00:00:00+08:00,40.344026274474444,40.885555442068004,40.344026274474444,40.569664001464844,8056,0.0,0.0
2025-06-26 00:00:00+08:00,40.705042778890885,40.705042778890885,40.659915924072266,40.659915924072266,11000,0.0,0.0
2025-06-27 00:00:00+08:00,40.705043011414844,40.705043011414844,38.76456069946289,38.76456069946289,33453,0.0,0.0
2025-06-30 00:00:00+08:00,40.194988847530716,40.194988847530716,40.0042645736321,40.051944732666016,26119,2.3,0.0
2025-07-01 00:00:00+08:00,40.09962269002126,40.528751373291016,40.051942533605235,40.528751373291016,7000,0.0,0.0
2025-07-02 00:00:00+08:00,40.528751373291016,40.528751373291016,40.528751373291016,40.528751373291016,2022,0.0,0.0
2025-07-03 00:00:00+08:00,40.528752970141035,41.00556182861328,40.528752970141035,41.00556182861328,4086,0.0,0.0
2025-07-04 00:00:00+08:00,41.00556182861328,41.00556182861328,40.528752970141035,41.00556182861328,5000,0.0,0.0
2025-07-07 00:00:00+08:00,40.81483459472656,40.81483459472656,40.81483459472656,40.81483459472656,1000,0.0,0.0
2025-07-08 00:00:00+08:00,40.81483459472656,40.81483459472656,40.81483459472656,40.81483459472656,0,0.0,0.0
2025-07-09 00:00:00+08:00,40.71947512493333,40.71947512493333,40.62411117553711,40.62411117553711,2050,0.0,0.0
2025-07-10 00:00:00+08:00,41.00556182861328,41.00556182861328,41.00556182861328,41.00556182861328,3260,0.0,0.0
2025-07-11 00:00:00+08:00,44.91539297774331,45.106117248535156,44.772352502971586,45.106117248535156,181048,0.0,0.0
2025-07-14 00:00:00+08:00,47.68088446870349,48.92058673733722,46.82262709316171,47.87160873413086,238920,0.0,0.0
2025-07-15 00:00:00+08:00,47.53783957999592,47.87160794845668,45.34451965798513,46.39350128173828,85364,0.0,0.0
2025-07-16 00:00:00+08:00,47.680885937749125,47.680885937749125,45.678290183468825,46.72726821899414,58108,0.0,0.0
2025-07-17 00:00:00+08:00,47.06102996948036,48.15769173133869,46.53654098510742,46.53654098510742,17008,0.0,0.0
2025-07-18 00:00:00+08:00,46.5365445808784,46.5365445808784,45.773651123046875,45.773651123046875,10000,0.0,0.0
2025-07-21 00:00:00+08:00,45.773649761028565,46.05973434448242,45.773649761028565,46.05973434448242,84100,0.0,0.0
2025-07-22 00:00:00+08:00,46.345817233355014,46.91799001710474,45.58292382611809,46.44118118286133,26220,0.0,0.0
2025-07-23 00:00:00+08:00,45.39220039130275,46.250457763671875,45.39220039130275,46.250457763671875,8044,0.0,0.0
2025-07-24 00:00:00+08:00,47.633205779363955,47.633205779363955,46.67958806060897,46.72726821899414,7028,0.0,0.0
2025-07-25 00:00:00+08:00,46.34581729745218,46.34581729745218,45.582923889160156,45.582923889160156,9127,0.0,0.0
2025-07-28 00:00:00+08:00,45.1061142728581,45.58292309950092,44.43858118800562,44.91539001464844,37130,0.0,0.0
2025-07-29 00:00:00+08:00,44.91539001464844,44.91539001464844,44.91539001464844,44.91539001464844,2010,0.0,0.0
2025-07-30 00:00:00+08:00,44.91539001464844,44.91539001464844,44.91539001464844,44.91539001464844,0,0.0,0.0
2025-07-31 00:00:00+08:00,44.915391044089624,45.53524398803711,43.48496453137642,45.53524398803711,18444,0.0,0.0
2025-08-04 00:00:00+08:00,45.91669438408903,45.96437454223633,45.91669438408903,45.96437454223633,3010,0.0,0.0
2025-08-05 00:00:00+08:00,45.96437477154274,46.72726821899414,45.296841640861665,46.72726821899414,13005,0.0,0.0
2025-08-06 00:00:00+08:00,49.588118761315336,49.588118761315336,44.82003041888117,46.44118118286133,46015,0.0,0.0
2025-08-07 00:00:00+08:00,46.25045827596181,46.25045827596181,45.29684057955023,46.15509796142578,12000,0.0,0.0
2025-08-08 00:00:00+08:00,45.77364761682764,45.77364761682764,44.86771011352539,44.86771011352539,10934,0.0,0.0
2025-08-11 00:00:00+08:00,43.58032879483268,44.39090236942535,42.91279568988197,43.81873321533203,35025,0.0,0.0
2025-08-12 00:00:00+08:00,43.00815659098236,43.05584038594437,42.67439185282517,42.865116119384766,68092,0.0,0.0
2025-08-13 00:00:00+08:00,42.149904193929,42.7697535328356,41.76845564863037,42.57903289794922,152088,0.0,0.0
2025-08-14 00:00:00+08:00,41.95918025536637,42.48366928100586,41.339327273761455,42.48366928100586,62001,0.0,0.0
2025-08-15 00:00:00+08:00,43.86641522179199,43.86641522179199,41.768455505371094,41.768455505371094,8089,0.0,0.0
2025-08-18 00:00:00+08:00,41.76845489308463,42.72207260131836,41.76845489308463,42.72207260131836,3001,0.0,0.0
2025-08-19 00:00:00+08:00,42.91279602050781,42.91279602050781,42.72207175508633,42.91279602050781,18010,0.0,0.0
2025-08-20 00:00:00+08:00,42.102220891548264,42.102220891548264,41.577728271484375,41.577728271484375,7000,0.0,0.0
2025-08-21 00:00:00+08:00,42.43598717583551,43.4372850220948,42.43598717583551,42.91279602050781,44011,0.0,0.0
2025-08-22 00:00:00+08:00,43.4372850220948,43.4372850220948,42.81743570667847,42.91279602050781,17060,0.0,0.0
2025-08-25 00:00:00+08:00,43.389604865180125,44.62930713377557,42.62671144125699,42.91279602050781,35000,0.0,0.0
2025-08-26 00:00:00+08:00,41.91149817424852,43.580329130601605,41.91149817424852,42.91279602050781,5000,0.0,0.0
2025-08-27 00:00:00+08:00,42.53134748966485,42.960476177422485,42.43598717583551,42.91279602050781,5220,0.0,0.0
2025-08-28 00:00:00+08:00,42.91279439176067,43.10351864994325,42.292941462107954,42.43598556518555,15001,0.0,0.0
2025-08-29 00:00:00+08:00,42.53134748966485,42.91279602050781,42.53134748966485,42.91279602050781,4000,0.0,0.0
2025-09-01 00:00:00+08:00,42.912797613458324,45.77365078768888,42.769753499641624,43.38960647583008,20000,0.0,0.0
2025-09-02 00:00:00+08:00,43.389604865180125,43.389604865180125,42.86511586359314,42.91279602050781,9000,0.0,0.0
2025-09-03 00:00:00+08:00,42.245262145996094,42.245262145996094,42.245262145996094,42.245262145996094,4000,0.0,0.0
2025-09-04 00:00:00+08:00,42.67439270019531,42.67439270019531,42.67439270019531,42.67439270019531,1000,0.0,0.0
2025-09-05 00:00:00+08:00,43.103519710577835,45.20147932668471,42.8174351351457,44.67698669433594,12122,0.0,0.0
2025-09-08 00:00:00+08:00,44.72466990109805,44.820030212402344,44.72466990109805,44.820030212402344,2000,0.0,0.0
2025-09-09 00:00:00+08:00,43.675688287937405,44.820030212402344,43.675688287937405,44.820030212402344,2163,0.0,0.0
2025-09-10 00:00:00+08:00,44.48626548507464,44.820030212402344,43.818732392656536,44.820030212402344,10140,0.0,0.0
2025-09-11 00:00:00+08:00,47.537838805357836,47.537838805357836,44.05713653564453,44.05713653564453,23002,0.0,0.0
2025-09-12 00:00:00+08:00,44.2001770017145,44.2001770017145,44.05713653564453,44.05713653564453,6000,0.0,0.0
2025-09-15 00:00:00+08:00,44.15250015258789,44.15250015258789,44.15250015258789,44.15250015258789,2000,0.0,0.0
2025-09-16 00:00:00+08:00,44.10481753556625,44.10481753556625,43.86641311645508,43.86641311645508,10028,0.0,0.0
2025-09-17 00:00:00+08:00,43.866412276455236,46.63190494029335,43.866412276455236,44.05713653564453,19660,0.0,0.0
2025-09-18 00:00:00+08:00,44.390901536007654,44.820030212402344,44.29554122470336,44.820030212402344,16100,0.0,0.0
2025-09-19 00:00:00+08:00,44.53394879935028,45.773651123046875,44.43858484351949,45.773651123046875,6360,0.0,0.0
2025-09-22 00:00:00+08:00,45.773649516858555,45.773649516858555,45.29684066772461,45.29684066772461,5000,0.0,0.0
2025-09-23 00:00:00+08:00,44.915390465605284,45.678287506103516,44.72466984324342,45.678287506103516,9000,0.0,0.0
2025-09-24 00:00:00+08:00,44.72466959434828,45.72596740722656,44.72466959434828,45.72596740722656,4000,0.0,0.0
2025-09-25 00:00:00+08:00,45.72596766169398,45.72596766169398,45.678287506103516,45.678287506103516,3000,0.0,0.0
2025-09-26 00:00:00+08:00,45.678287506103516,45.678287506103516,45.678287506103516,45.678287506103516,0,0.0,0.0
2025-09-30 00:00:00+08:00,45.29683845344169,45.29683845344169,44.91538993767606,44.96307373046875,4001,0.0,0.0
2025-10-01 00:00:00+08:00,45.249158888797034,45.249158888797034,44.29554122470336,44.820030212402344,13000,0.0,0.0
2025-10-02 00:00:00+08:00,43.961773688212986,44.62930679321289,43.86641337511133,44.62930679321289,4000,0.0,0.0
2025-10-03 00:00:00+08:00,44.5339469909668,44.5339469909668,44.5339469909668,44.5339469909668,2000,0.0,0.0
2025-10-07 00:00:00+08:00,44.533946147614145,44.82003072254594,44.533946147614145,44.72467041015625,6010,0.0,0.0
2025-10-08 00:00:00+08:00,44.72467041015625,44.72467041015625,44.72467041015625,44.72467041015625,0,0.0,0.0
2025-10-09 00:00:00+08:00,45.58292524965241,45.773649516858555,45.29684066772461,45.29684066772461,22000,0.0,0.0
2025-10-13 00:00:00+08:00,44.39090363010313,45.201480865478516,43.81873445976051,45.201480865478516,13000,0.0,0.0
2025-10-14 00:00:00+08:00,45.91669192181854,46.25045664871449,45.678287506103516,45.678287506103516,20024,0.0,0.0
2025-10-15 00:00:00+08:00,46.727266606596324,46.727266606596324,45.34452023456286,46.250457763671875,23183,0.0,0.0
2025-10-16 00:00:00+08:00,45.29684161422382,48.15769476880638,45.29684161422382,47.537841796875,86680,0.0,0.0
2025-10-17 00:00:00+08:00,47.6808862778747,49.588121728989684,47.6808862778747,49.11131286621094,89056,0.0,0.0
2025-10-20 00:00:00+08:00,49.20667243295376,49.20667243295376,48.253054721944864,48.44377899169922,36660,0.0,0.0
2025-10-21 00:00:00+08:00,48.157693313390524,48.44377789265019,47.204075624016454,47.87160873413086,36007,0.0,0.0
2025-10-22 00:00:00+08:00,47.87161066404014,48.253055572509766,47.87161066404014,48.253055572509766,4000,0.0,0.0
2025-10-23 00:00:00+08:00,48.53914041858506,49.111309560299006,48.34841615875952,49.01594924926758,20050,0.0,0.0
2025-10-27 00:00:00+08:00,48.72986443641901,48.825228391858616,48.253055572509766,48.253055572509766,9000,0.0,0.0
2025-10-28 00:00:00+08:00,48.25305396521437,49.58812019479474,47.633204645437125,47.7762451171875,88050,0.0,0.0
2025-10-29 00:00:00+08:00,47.15639630402962,48.634503021240235,47.15639630402962,47.680885314941406,29001,0.0,0.0
2025-10-30 00:00:00+08:00,48.253054483615564,48.53914270571549,47.53784120389144,47.680885314941406,31007,0.0,0.0
2025-10-31 00:00:00+08:00,47.29943490184185,47.63320326846987,46.250456921611416,46.44118118286133,23030,0.0,0.0
2025-11-03 00:00:00+08:00,46.72726609115494,46.72726609115494,46.34581756591797,46.34581756591797,12000,0.0,0.0
2025-11-04 00:00:00+08:00,48.63450329285516,50.923187255859375,47.68088558123055,50.923187255859375,392422,0.0,0.0
2025-11-05 00:00:00+08:00,50.7324624166524,55.977359771728516,50.446377833928096,55.977359771728516,806551,0.0,0.0
2025-11-06 00:00:00+08:00,56.263442300719134,58.170677632946905,51.686078230925034,52.25824737548828,699024,0.0,0.0
2025-11-07 00:00:00+08:00,53.59331370963157,57.217060123216044,52.6396960409113,54.73765563964844,357491,0.0,0.0
2025-11-10 00:00:00+08:00,55.69127603610142,55.78663635253906,52.54433466497865,55.78663635253906,160229,0.0,0.0
2025-11-11 00:00:00+08:00,55.78663337912497,57.21705987602561,54.16548262175171,55.595909118652344,117378,0.0,0.0
2025-11-12 00:00:00+08:00,54.07012204155984,56.64489045073177,54.07012204155984,54.83301544189453,52000,0.0,0.0
2025-11-13 00:00:00+08:00,56.16808336064688,56.16808336064688,52.448972916889595,52.830421447753906,56150,0.0,0.0
2025-11-14 00:00:00+08:00,52.83042326473837,53.307232125836144,51.59071731567383,51.59071731567383,17204,0.0,0.0
2025-11-17 00:00:00+08:00,51.68608040894906,51.68608040894906,47.680885314941406,47.680885314941406,226054,0.0,0.0
2025-11-18 00:00:00+08:00,47.77624564816985,48.539142723701886,46.87031173706055,46.87031173706055,39200,0.0,0.0
2025-11-19 00:00:00+08:00,46.82262792416732,47.680885314941406,46.34581907101791,47.680885314941406,23115,0.0,0.0
2025-11-20 00:00:00+08:00,47.53784156337268,47.68088567550435,46.72726796199426,46.77494812011719,13060,0.0,0.0
2025-11-21 00:00:00+08:00,45.39220247350577,46.25045988524435,43.866415561262684,44.15250015258789,82013,0.0,0.0
2025-11-24 00:00:00+08:00,43.81873296803954,45.10611537636551,43.81873296803954,44.67698669433594,27050,0.0,0.0
2025-11-25 00:00:00+08:00,45.392199951797636,45.392199951797636,44.67698669433594,44.67698669433594,17030,0.0,0.0
2025-11-26 00:00:00+08:00,44.724671757136704,45.439885034887745,44.67698796174302,45.24916076660156,14062,0.0,0.0
2025-11-27 00:00:00+08:00,45.20147867467347,45.678287506103516,45.20147867467347,45.678287506103516,33340,0.0,0.0
2025-11-28 00:00:00+08:00,45.439884264556014,45.67828868643141,45.249159999503135,45.3922004699707,31029,0.0,0.0
2025-12-01 00:00:00+08:00,45.4398863720465,45.82133128208079,45.4398863720465,45.773651123046875,18000,0.0,0.0
2025-12-02 00:00:00+08:00,45.773651123046875,45.773651123046875,45.67829080497904,45.773651123046875,6070,0.0,0.0
2025-12-03 00:00:00+08:00,45.86901058817884,46.25045912888303,45.86901058817884,45.96437454223633,17000,0.0,0.0
2025-12-04 00:00:00+08:00,46.05973299087161,46.488861672322514,46.01205283465767,46.34581756591797,21040,0.0,0.0
2025-12-05 00:00:00+08:00,46.29813733170832,46.39350128173828,46.29813733170832,46.39350128173828,5000,0.0,0.0
2025-12-08 00:00:00+08:00,45.678287275523346,46.67958508891944,45.678287275523346,46.53654098510742,14000,0.0,0.0
2025-12-09 00:00:00+08:00,46.679585599983035,46.679585599983035,45.678287775624405,46.44118118286133,88339,0.0,0.0
2025-12-10 00:00:00+08:00,46.15509770554515,46.44118228533003,44.82003148286532,46.20277786254883,113000,0.0,0.0
2025-12-11 00:00:00+08:00,45.43988468911709,46.822627438703634,45.29684057955023,46.15509796142578,27000,0.0,0.0
2025-12-12 00:00:00+08:00,45.77365001619171,46.012054443359375,45.77365001619171,46.012054443359375,10020,0.0,0.0
2025-12-15 00:00:00+08:00,45.15379679874283,46.05973434448242,45.106116641127656,46.05973434448242,19000,0.0,0.0
2025-12-16 00:00:00+08:00,46.72726544532174,50.6370964050293,46.34581692535689,50.6370964050293,142130,0.0,0.0
2025-12-17 00:00:00+08:00,53.974761736463826,55.69127655029297,52.35361451547863,55.69127655029297,611135,0.0,0.0
2025-12-18 00:00:00+08:00,57.21706338884511,60.07791655828737,54.356210219402854,57.31242370605469,1091191,0.0,0.0
2025-12-19 00:00:00+08:00,58.742846622322965,58.742846622322965,55.59590906001329,56.454166412353516,255322,0.0,0.0
2025-12-22 00:00:00+08:00,57.693871002380355,57.693871002380355,54.35620904356497,55.119102478027344,194231,0.0,0.0
2025-12-23 00:00:00+08:00,54.64229118237019,56.7402507616126,54.64229118237019,54.83301544189453,164046,0.0,0.0
2025-12-24 00:00:00+08:00,54.5469323215328,58.64748764038086,54.5469323215328,58.64748764038086,169646,0.0,0.0
2025-12-26 00:00:00+08:00,59.88718968803163,64.46455383300781,59.696465424123716,64.46455383300781,642977,0.0,0.0
2025-12-29 00:00:00+08:00,66.37179147880188,70.85379910258521,63.98774719238281,63.98774719238281,1152985,0.0,0.0
2025-12-30 00:00:00+08:00,63.797025038876924,66.75323842846078,61.98514996928501,62.652679443359375,360470,0.0,0.0
2025-12-31 00:00:00+08:00,62.65267772606711,66.65787628730875,61.41297912597656,61.41297912597656,212022,0.0,0.0
2026-01-02 00:00:00+08:00,61.603703167840195,61.603703167840195,59.887192001874176,60.65008544921875,145028,0.0,0.0
2026-01-05 00:00:00+08:00,61.22225107097894,61.985148111795816,58.17067745876223,58.933570861816406,142021,0.0,0.0
2026-01-06 00:00:00+08:00,58.933570861816406,59.410379693445606,57.02633553529961,58.933570861816406,161556,0.0,0.0
2026-01-07 00:00:00+08:00,59.696464506709106,59.696464506709106,57.88459312183563,58.0753173828125,51372,0.0,0.0
2026-01-08 00:00:00+08:00,57.40778428827481,58.17067769441958,55.50054895403155,58.0753173828125,132000,0.0,0.0
2026-01-09 00:00:00+08:00,58.266041495510834,58.55212972299097,55.405188322812826,55.69127655029297,131211,0.0,0.0
2026-01-12 00:00:00+08:00,55.69127533533047,59.88719104775823,55.69127533533047,57.5985107421875,117235,0.0,0.0
2026-01-13 00:00:00+08:00,57.88459463157096,61.88978966549712,57.69387036561966,61.031532287597656,192450,0.0,0.0
2026-01-14 00:00:00+08:00,61.79442837405819,61.79442837405819,58.74284744262695,58.74284744262695,126786,0.0,0.0
2026-01-15 00:00:00+08:00,59.41038182954202,60.459363479499935,59.31502151489258,59.31502151489258,37000,0.0,0.0
2026-01-16 00:00:00+08:00,58.075319077518444,59.88719051526446,57.693870544433594,57.693870544433594,56005,0.0,0.0
2026-01-19 00:00:00+08:00,57.121701835974285,57.59851068723363,55.119102478027344,55.119102478027344,165465,0.0,0.0
2026-01-20 00:00:00+08:00,54.356206611965014,56.7402507616126,54.356206611965014,54.83301544189453,84262,0.0,0.0
2026-01-21 00:00:00+08:00,53.97476150654256,54.35621004971591,52.448974609375,52.448974609375,197181,0.0,0.0
2026-01-22 00:00:00+08:00,52.830419865400714,54.3562066676327,52.830419865400714,53.97475814819336,80006,0.0,0.0
2026-01-23 00:00:00+08:00,53.97475814819336,54.3562066676327,52.448971345961375,53.97475814819336,38020,0.0,0.0
2026-01-26 00:00:00+08:00,53.97475950464563,54.165483769158435,53.21186608435719,53.68867492675781,39352,0.0,0.0
2026-01-27 00:00:00+08:00,53.784038877895604,54.833016876071866,53.40259034886999,53.68867492675781,50000,0.0,0.0
2026-01-28 00:00:00+08:00,54.260848577674146,54.356208892555955,52.92578234275185,53.49795150756836,33000,0.0,0.0
2026-01-29 00:00:00+08:00,53.59331383750104,54.07012267299881,52.92578074025163,53.021141052246094,51000,0.0,0.0
2026-01-30 00:00:00+08:00,52.44897385695897,52.44897385695897,51.68608041931941,51.78144073486328,33010,0.0,0.0
2026-02-02 00:00:00+08:00,51.30462973754016,51.30462973754016,49.588118665145366,49.77884292602539,72010,0.0,0.0
2026-02-03 00:00:00+08:00,51.495356769030096,51.87680531131326,49.77884560428168,50.827823638916016,58000,0.0,0.0
2026-02-04 00:00:00+08:00,50.82782375753265,52.448974609375,50.82782375753265,52.448974609375,72780,0.0,0.0
2026-02-05 00:00:00+08:00,52.44897187895845,52.83042040227415,51.209269634826526,51.399993896484375,73000,0.0,0.0
2026-02-06 00:00:00+08:00,52.44897385695897,53.78404010115034,51.78144073486328,51.78144073486328,16075,0.0,0.0
2026-02-09 00:00:00+08:00,51.97216356981982,53.402590090090094,51.781439306231235,52.92578125,58227,0.0,0.0
2026-02-10 00:00:00+08:00,53.879398345947266,55.02374027730754,52.6396961027081,53.879398345947266,129000,0.0,0.0
2026-02-11 00:00:00+08:00,52.3536144036406,53.11650785384445,50.16029073238051,51.59071731567383,274032,0.0,0.0
2026-02-23 00:00:00+08:00,54.73765772305666,56.74025344848633,54.73765772305666,56.74025344848633,128541,0.0,0.0
2026-02-24 00:00:00+08:00,62.366600036621094,62.366600036621094,62.366600036621094,62.366600036621094,148007,0.0,0.0
2026-02-25 00:00:00+08:00,67.03932538760868,68.08830337382847,62.93876647949219,62.93876647949219,1325234,0.0,0.0
2026-02-26 00:00:00+08:00,63.60629696907579,66.75323825412326,63.60629696907579,64.36919403076172,510050,0.0,0.0
2026-03-02 00:00:00+08:00,65.13209472371751,68.56511714165222,64.17847698120643,66.84860229492188,915200,0.0,0.0
2026-03-03 00:00:00+08:00,67.32540804260766,69.32800375386509,63.41557693481445,63.41557693481445,729206,0.0,0.0
2026-03-04 00:00:00+08:00,63.22485481450707,63.22485481450707,59.21965621091053,59.601104736328125,162300,0.0,0.0
2026-03-05 00:00:00+08:00,61.50834223060345,63.22485701701663,57.50314712524414,57.50314712524414,153313,0.0,0.0
2026-03-06 00:00:00+08:00,57.5985107421875,59.601106464282246,57.21706220571095,57.5985107421875,137500,0.0,0.0
2026-03-09 00:00:00+08:00,54.45156911599119,55.500550766743565,53.40259110300165,54.35620880126953,154000,0.0,0.0
2026-03-10 00:00:00+08:00,55.78663332028475,57.59850833621959,55.78663332028475,56.454166412353516,80240,0.0,0.0
2026-03-11 00:00:00+08:00,58.17067904857408,59.41038131713867,57.789230517740606,59.41038131713867,111147,0.0,0.0
2026-03-12 00:00:00+08:00,59.02893702324953,59.12429733804448,58.17067963904376,58.456764221191406,64000,0.0,0.0
2026-03-13 00:00:00+08:00,58.45676535717843,58.933574215944596,57.217063051939,57.40778732299805,58106,0.0,0.0
2026-03-16 00:00:00+08:00,58.647488348043744,58.647488348043744,53.68867559756716,55.2144660949707,223300,0.0,0.0
2026-03-17 00:00:00+08:00,58.45676570138417,60.4593651026515,56.54953025508934,57.31242370605469,162015,0.0,0.0
2026-03-18 00:00:00+08:00,57.59851107880203,57.88459566394993,56.54952941624254,57.50314712524414,75083,0.0,0.0
2026-03-19 00:00:00+08:00,57.31242370605469,58.07532079478296,56.45416993787976,57.31242370605469,80000,0.0,0.0
2026-03-20 00:00:00+08:00,57.7892319924165,58.07532021672345,56.644893646240234,56.644893646240234,89041,0.0,0.0
2026-03-23 00:00:00+08:00,56.64489074243087,62.271236419677734,55.88199370040487,62.271236419677734,507309,0.0,0.0
2026-03-24 00:00:00+08:00,62.8434091122584,66.27643144419044,59.601107413840325,60.65008544921875,791109,0.0,0.0
2026-03-25 00:00:00+08:00,63.5109384933982,63.5109384933982,60.55472502597543,61.50834274291992,202000,0.0,0.0
2026-03-26 00:00:00+08:00,61.985151710393936,62.175872343907905,60.55472513246177,60.65008544921875,147220,0.0,0.0
2026-03-27 00:00:00+08:00,60.07791627315105,61.03153399177249,59.1242985545296,60.65008544921875,56386,0.0,0.0
2026-03-30 00:00:00+08:00,59.50574493408203,60.36399866698654,58.361402985779925,59.50574493408203,99065,0.0,0.0
2026-03-31 00:00:00+08:00,57.97995416053237,58.36140268726961,55.30982538665996,55.40518569946289,202105,0.0,0.0
2026-04-01 00:00:00+08:00,56.16808352585257,56.3588041540829,55.50055041375802,56.07271957397461,97100,0.0,0.0
2026-04-02 00:00:00+08:00,56.45416785022901,56.74025242904137,55.02374131840444,55.3098258972168,68050,0.0,0.0
2026-04-07 00:00:00+08:00,55.69127384155902,56.644891519409256,54.92837678906863,56.26344299316406,55220,0.0,0.0
2026-04-08 00:00:00+08:00,56.54952941624254,57.78923171039205,56.45416910044752,57.50314712524414,84600,0.0,0.0
2026-04-09 00:00:00+08:00,58.45676345478091,58.45676345478091,57.02633692503376,57.78923034667969,51920,0.0,0.0
2026-04-10 00:00:00+08:00,57.0263364692213,57.0263364692213,53.40259001704574,53.78403854370117,428075,0.0,0.0
2026-04-13 00:00:00+08:00,54.16548538208008,54.356209652272206,53.40259193907445,54.16548538208008,112000,0.0,0.0
2026-04-14 00:00:00+08:00,54.35620820933375,55.50055016234597,54.070123630521394,55.3098258972168,131002,0.0,0.0
2026-04-15 00:00:00+08:00,55.3098258972168,56.26344358509984,55.119101632087634,55.3098258972168,76000,0.0,0.0
2026-04-16 00:00:00+08:00,55.30982726165101,55.30982726165101,54.64229413611299,55.02374267578125,36040,0.0,0.0
2026-04-17 00:00:00+08:00,55.97735892606214,56.16808319091797,54.92837728823649,56.16808319091797,98540,0.0,0.0
2026-04-20 00:00:00+08:00,56.07271880237168,57.02633648145203,55.40518569946289,55.40518569946289,84150,0.0,0.0
2026-04-21 00:00:00+08:00,55.595910476029154,56.835612742724564,54.928377366958465,55.3098258972168,40000,0.0,0.0
2026-04-22 00:00:00+08:00,56.07271923960866,56.26344350446449,55.69127434765979,56.16808319091797,56100,0.0,0.0
2026-04-23 00:00:00+08:00,58.17067959434108,58.17067959434108,53.974760266857245,54.35620880126953,117000,0.0,0.0
2026-04-24 00:00:00+08:00,56.6448912519764,56.6448912519764,54.07012280638425,55.50054931640625,81000,0.0,0.0
2026-04-27 00:00:00+08:00,55.500549047072106,55.500549047072106,53.21186518703838,54.73765563964844,66788,0.0,0.0
2026-04-28 00:00:00+08:00,54.16548402428034,55.595910558219586,54.16548402428034,54.451568603515625,25110,0.0,0.0
2026-04-29 00:00:00+08:00,54.54693354812808,56.358805008111865,54.35620927924483,55.881996154785156,98002,0.0,0.0
2026-04-30 00:00:00+08:00,55.59590996283151,56.835612218083405,55.21446507385703,55.40518569946289,62131,0.0,0.0
2026-05-04 00:00:00+08:00,54.737658763766994,58.74285029077581,54.737658763766994,57.31242370605469,152238,0.0,0.0
2026-05-05 00:00:00+08:00,57.7892306067285,57.7892306067285,56.54952833625493,56.93097686767578,62000,0.0,0.0
2026-05-06 00:00:00+08:00,56.644891519409256,57.12170035833437,56.072718730041466,56.26344299316406,74002,0.0,0.0
2026-05-07 00:00:00+08:00,56.07272042366841,56.644893230318175,55.5959115703417,55.881996154785156,81237,0.0,0.0
2026-05-08 00:00:00+08:00,56.168084280581525,57.598510838106385,55.78663574346975,56.74025344848633,151059,0.0,0.0
2026-05-11 00:00:00+08:00,57.2170606710143,57.97995408574194,56.26344299316406,56.26344299316406,173310,0.0,0.0
2026-05-12 00:00:00+08:00,55.97736114001018,55.97736114001018,54.92837946069649,55.69127655029297,120020,0.0,0.0
2026-05-13 00:00:00+08:00,55.30982427182405,55.405184582704884,54.83301544189453,54.83301544189453,42040,0.0,0.0
2026-05-14 00:00:00+08:00,54.83301571452454,56.54952678325277,53.593313478096526,55.595909118652344,128005,0.0,0.0
2026-05-15 00:00:00+08:00,55.595912309957086,57.31242347721612,55.595912309957086,56.549530029296875,180046,0.0,0.0
2026-05-18 00:00:00+08:00,55.50055161730108,60.07791591158343,55.309827347172046,58.26604080200195,147000,0.0,0.0
2026-05-19 00:00:00+08:00,58.26603970629806,58.361403658450676,56.74025284948428,57.693870544433594,57010,0.0,0.0
2026-05-20 00:00:00+08:00,58.45676345478091,58.93357229802996,57.50314576828281,57.78923034667969,88038,0.0,0.0
2026-05-21 00:00:00+08:00,58.64748823938291,59.02893677246776,57.693870544433594,57.693870544433594,67400,0.0,0.0
2026-05-22 00:00:00+08:00,58.456763375786416,59.69646563900614,57.9799545331817,58.64748764038086,198000,0.0,0.0
2026-05-25 00:00:00+08:00,59.88718982500755,60.17327440264239,58.64748756341476,59.50574493408203,127090,0.0,0.0
2026-05-26 00:00:00+08:00,60.07791655828737,60.07791655828737,56.263445665697695,57.31242370605469,219021,0.0,0.0
2026-05-27 00:00:00+08:00,57.4077849341369,57.4077849341369,55.69127384155902,56.26344299316406,109000,0.0,0.0
2026-05-28 00:00:00+08:00,56.54952678325277,57.21705987602561,54.83301571452454,55.595909118652344,69005,0.0,0.0
2026-05-29 00:00:00+08:00,56.263445441047516,57.503147748636664,56.263445441047516,56.549530029296875,76000,0.0,0.0
2026-06-01 00:00:00+08:00,56.3588040705445,58.07531882417554,56.3588040705445,56.93097686767578,92200,0.0,0.0
2026-06-02 00:00:00+08:00,56.549527056805395,56.835611630016885,55.97735791038241,56.358802795410156,36000,0.0,0.0
2026-06-03 00:00:00+08:00,56.54952873690504,61.222253272221074,56.54952873690504,59.31502151489258,310000,0.0,0.0
2026-06-04 00:00:00+08:00,59.31502299287741,59.982556125345226,57.97995672794178,58.17068099975586,111020,0.0,0.0
2026-06-05 00:00:00+08:00,57.97995683981046,57.97995683981046,56.54953025508934,57.31242370605469,79000,0.0,0.0
2026-06-08 00:00:00+08:00,53.021143522692654,56.5495297973289,53.021143522692654,55.78663635253906,86000,0.0,0.0
2026-06-09 00:00:00+08:00,55.69127434765979,56.74025234772266,55.59591039635049,56.16808319091797,156159,0.0,0.0
2026-06-10 00:00:00+08:00,56.74025295461143,56.83561326917792,55.2144660949707,55.2144660949707,88000,0.0,0.0
2026-06-11 00:00:00+08:00,55.21446469801818,58.17067802793952,54.737655861723596,57.97995376586914,111038,0.0,0.0
2026-06-12 00:00:00+08:00,58.170680384482104,59.50574663529668,58.170680384482104,59.124298095703125,103000,0.0,0.0
2026-06-15 00:00:00+08:00,59.12429708685757,60.745447895823965,57.693870544433594,57.693870544433594,166474,0.0,0.0
2026-06-16 00:00:00+08:00,59.41038254324735,59.41038254324735,56.930977954948325,57.50314712524414,77000,0.0,0.0
2026-06-17 00:00:00+08:00,56.454166412353516,56.644890672624975,54.83301565669014,56.454166412353516,176000,0.0,0.0
2026-06-18 00:00:00+08:00,56.549529276995116,56.835613861438574,55.5005512547815,55.881996154785156,46000,0.0,0.0
2026-06-22 00:00:00+08:00,56.07271898768986,57.21706093392083,55.691274097454716,57.026336669921875,78010,0.0,0.0
2026-06-23 00:00:00+08:00,57.20000076293945,59.0,57.20000076293945,57.400001525878906,70050,2.773662,0.0
2026-06-24 00:00:00+08:00,57.099998474121094,58.20000076293945,56.0,56.900001525878906,66183,0.0,0.0
2026-06-25 00:00:00+08:00,56.5,56.5,55.099998474121094,55.400001525878906,88220,0.0,0.0
2026-06-26 00:00:00+08:00,55.0,55.0,52.79999923706055,53.099998474121094,84012,0.0,0.0
2026-06-29 00:00:00+08:00,54.0,54.0,52.0,52.0,62051,0.0,0.0
2026-06-30 00:00:00+08:00,52.0,52.79999923706055,50.5,52.5,64000,0.0,0.0
2026-07-01 00:00:00+08:00,52.5,53.70000076293945,52.0,53.70000076293945,25000,0.0,0.0
2026-07-02 00:00:00+08:00,52.099998474121094,53.5,52.099998474121094,53.400001525878906,15000,0.0,0.0
2026-07-03 00:00:00+08:00,53.400001525878906,53.900001525878906,53.0,53.79999923706055,6000,0.0,0.0
2026-07-06 00:00:00+08:00,53.79999923706055,54.20000076293945,53.400001525878906,54.20000076293945,22000,0.0,0.0
2026-07-07 00:00:00+08:00,54.099998474121094,54.099998474121094,52.099998474121094,52.099998474121094,21033,0.0,0.0
2026-07-08 00:00:00+08:00,51.599998474121094,52.900001525878906,51.5,52.900001525878906,14100,0.0,0.0
2026-07-09 00:00:00+08:00,51.29999923706055,52.29999923706055,51.0,51.20000076293945,23067,0.0,0.0
2026-07-10 00:00:00+08:00,51.20000076293945,51.20000076293945,51.20000076293945,51.20000076293945,0,0.0,0.0
