Date,Open,High,Low,Close,Volume,Dividends,Stock Splits,Capital Gains
2017-09-15 00:00:00-04:00,38.28214459352566,38.28214459352566,38.10378375198641,38.141334533691406,3200,0.0,0.0,0.0
2017-09-18 00:00:00-04:00,38.44173176233453,38.44173176233453,38.1882693696683,38.2164306640625,9000,0.0,0.0,0.0
2017-09-19 00:00:00-04:00,38.35724448196905,38.35724448196905,38.194840760174394,38.217369079589844,3200,0.0,0.0,0.0
2017-09-20 00:00:00-04:00,38.38541642184747,38.38541642184747,38.103792655334985,38.26337814331055,8000,0.0,0.0,0.0
2017-09-21 00:00:00-04:00,38.41356688690085,38.41356688690085,38.2164306640625,38.2164306640625,4300,0.0,0.0,0.0
2017-09-22 00:00:00-04:00,38.38540604431809,38.38540604431809,38.16010852443369,38.30091857910156,5800,0.0,0.0,0.0
2017-09-25 00:00:00-04:00,38.30562040585948,38.338476449462085,38.150726094144254,38.28215026855469,12500,0.0,0.0,0.0
2017-09-26 00:00:00-04:00,38.385416537954036,38.385416537954036,38.319704444937045,38.32909393310547,800,0.0,0.0,0.0
2017-09-27 00:00:00-04:00,38.515892862792434,38.51683109516662,38.30091947479504,38.46989440917969,7400,0.0,0.0,0.0
2017-09-28 00:00:00-04:00,38.4135790016962,38.516841888427734,38.4135790016962,38.516841888427734,700,0.0,0.0,0.0
2017-09-29 00:00:00-04:00,38.760918213107864,38.760918213107864,38.587248488224205,38.64826583862305,5500,0.0,0.0,0.0
2017-10-02 00:00:00-04:00,38.78437593473928,38.80784606933594,38.78437593473928,38.80784606933594,4300,0.0,0.0,0.0
2017-10-03 00:00:00-04:00,38.84539881061242,38.89233550113222,38.8078480257806,38.8829460144043,2900,0.0,0.0,0.0
2017-10-04 00:00:00-04:00,39.004988106343816,39.02845824442934,39.004988106343816,39.01437759399414,14800,0.0,0.0,0.0
2017-10-05 00:00:00-04:00,39.070692900962015,39.16456985473633,39.070692900962015,39.16456985473633,2100,0.0,0.0,0.0
2017-10-06 00:00:00-04:00,39.12702535082551,39.12702535082551,39.051923775756656,39.0594367980957,1100,0.0,0.0,0.0
2017-10-09 00:00:00-04:00,38.99371724539355,38.99371724539355,38.95804650751698,38.97682189941406,10600,0.0,0.0,0.0
2017-10-10 00:00:00-04:00,39.10355327952883,39.10824802299851,39.042535938583086,39.05192184448242,4000,0.0,0.0,0.0
2017-10-11 00:00:00-04:00,39.080090958606036,39.080090958606036,39.0528678894043,39.0528678894043,400,0.0,0.0,0.0
2017-10-12 00:00:00-04:00,39.042536375317944,39.155185152570205,39.042536375317944,39.136409759521484,1400,0.0,0.0,0.0
2017-10-13 00:00:00-04:00,39.38048793665241,39.38048793665241,39.1927375793457,39.1927375793457,9400,0.0,0.0,0.0
2017-10-16 00:00:00-04:00,39.19273648608481,39.19273648608481,39.134533841132864,39.15518569946289,900,0.0,0.0,0.0
2017-10-17 00:00:00-04:00,39.113881436487056,39.136409759521484,39.10543376297915,39.136409759521484,3400,0.0,0.0,0.0
2017-10-18 00:00:00-04:00,39.13265846769882,39.22089887957763,39.13265846769882,39.1927375793457,5200,0.0,0.0,0.0
2017-10-19 00:00:00-04:00,39.25843493695339,39.25843493695339,39.09884952079743,39.21149826049805,3700,0.0,0.0,0.0
2017-10-20 00:00:00-04:00,39.296000005526786,39.45558547973633,39.296000005526786,39.45558547973633,1200,0.0,0.0,0.0
2017-10-23 00:00:00-04:00,39.55883752729993,39.55883752729993,39.40863800048828,39.40863800048828,4600,0.0,0.0,0.0
2017-10-24 00:00:00-04:00,39.352318358406286,39.37109375,39.32321882911188,39.37109375,900,0.0,0.0,0.0
2017-10-25 00:00:00-04:00,39.14580505757654,39.14580505757654,38.92050388858706,39.09511184692383,1800,0.0,0.0,0.0
2017-10-26 00:00:00-04:00,39.15893687940591,39.19085468558521,39.15518036883908,39.16456985473633,600,0.0,0.0,0.0
2017-10-27 00:00:00-04:00,39.0519250033532,39.230289459228516,39.047233840544074,39.230289459228516,29200,0.0,0.0,0.0
2017-10-30 00:00:00-04:00,39.12702637851601,39.12702637851601,38.9984168974047,39.01437759399414,10100,0.0,0.0,0.0
2017-10-31 00:00:00-04:00,39.15518036883908,39.16456985473633,39.15518036883908,39.16456985473633,800,0.0,0.0,0.0
2017-11-01 00:00:00-04:00,39.49313836454016,39.49313836454016,39.117637634277344,39.117637634277344,3000,0.0,0.0,0.0
2017-11-02 00:00:00-04:00,39.08665902682865,39.211511990712886,39.08008781820316,39.089473724365234,3100,0.0,0.0,0.0
2017-11-03 00:00:00-04:00,39.17396472237804,39.17396472237804,39.17021179199219,39.17021179199219,500,0.0,0.0,0.0
2017-11-06 00:00:00-05:00,39.31476909402693,39.3617057800293,39.31476909402693,39.3617057800293,4600,0.0,0.0,0.0
2017-11-07 00:00:00-05:00,39.4133361577807,39.464967585318156,39.27721726527644,39.291297912597656,11400,0.0,0.0,0.0
2017-11-08 00:00:00-05:00,39.33355216570391,39.33355216570391,39.31759146910174,39.328857421875,13800,0.0,0.0,0.0
2017-11-09 00:00:00-05:00,39.28661074208706,39.324161529541016,39.2584494420167,39.324161529541016,3300,0.0,0.0,0.0
2017-11-10 00:00:00-05:00,39.249057169631456,39.26313781738281,39.18803625465609,39.26313781738281,4900,0.0,0.0,0.0
2017-11-13 00:00:00-05:00,39.286611946654695,39.29600143432617,39.28004073770079,39.29600143432617,1700,0.0,0.0,0.0
2017-11-14 00:00:00-05:00,39.25845216233373,39.29600295238967,39.230290860311996,39.28661346435547,30300,0.0,0.0,0.0
2017-11-15 00:00:00-05:00,39.089473724365234,39.089473724365234,39.089473724365234,39.089473724365234,25200,0.0,0.0,0.0
2017-11-16 00:00:00-05:00,39.357017349011585,39.46403673454143,39.357017349011585,39.45558547973633,2000,0.0,0.0,0.0
2017-11-17 00:00:00-05:00,39.403953496675165,39.4424425159069,39.403953496675165,39.43680953979492,5700,0.0,0.0,0.0
2017-11-20 00:00:00-05:00,39.38049069138829,39.50252896933048,39.38049069138829,39.469669342041016,5300,0.0,0.0,0.0
2017-11-21 00:00:00-05:00,39.802929534333174,39.802929534333174,39.65084990257884,39.65742111206055,17600,0.0,0.0,0.0
2017-11-22 00:00:00-05:00,39.62924952142336,39.68088095123947,39.62924952142336,39.662105560302734,3700,0.0,0.0,0.0
2017-11-24 00:00:00-05:00,39.77006149291992,39.77850916512284,39.77006149291992,39.77006149291992,600,0.0,0.0,0.0
2017-11-27 00:00:00-05:00,39.69966136585926,39.69966136585926,39.61517388647254,39.633949279785156,3600,0.0,0.0,0.0
2017-11-28 00:00:00-05:00,39.765369545670886,40.05637916082948,39.765369545670886,40.046993255615234,8700,0.0,0.0,0.0
2017-11-29 00:00:00-05:00,40.18781328945809,40.18781328945809,40.08455041048764,40.10801696777344,17500,0.0,0.0,0.0
2017-11-30 00:00:00-05:00,40.25351719217809,40.6299524941156,40.25351719217809,40.600852966308594,3600,0.0,0.0,0.0
2017-12-01 00:00:00-05:00,40.582095343609936,40.582095343609936,40.07517031766455,40.38026428222656,2200,0.0,0.0,0.0
2017-12-04 00:00:00-05:00,40.652484650652625,40.652484650652625,40.43657302856445,40.43657302856445,3500,0.0,0.0,0.0
2017-12-05 00:00:00-05:00,40.413109162299556,40.413109162299556,40.215972900390625,40.215972900390625,5800,0.0,0.0,0.0
2017-12-06 00:00:00-05:00,40.17371754684861,40.19624944615207,40.114576682735965,40.14086151123047,6700,0.0,0.0,0.0
2017-12-07 00:00:00-05:00,40.22535803798746,40.3755576033868,40.22535803798746,40.32862091064453,3300,0.0,0.0,0.0
2017-12-08 00:00:00-05:00,40.474126265939596,40.567999644355815,40.474126265939596,40.56330490112305,1700,0.0,0.0,0.0
2017-12-11 00:00:00-05:00,40.57739493475576,40.57739493475576,40.55392837524414,40.55392837524414,500,0.0,0.0,0.0
2017-12-12 00:00:00-05:00,40.694727987883134,40.694727987883134,40.65718078613281,40.65718078613281,4100,0.0,0.0,0.0
2017-12-13 00:00:00-05:00,40.63558546940977,40.63558546940977,40.600852966308594,40.600852966308594,900,0.0,0.0,0.0
2017-12-14 00:00:00-05:00,40.55861658287891,40.59147262573242,40.55861658287891,40.59147262573242,400,0.0,0.0,0.0
2017-12-15 00:00:00-05:00,40.732292717410644,40.79331365559801,40.732292717410644,40.751068115234375,1800,0.0,0.0,0.0
2017-12-18 00:00:00-05:00,42.910177809294886,42.910177809294886,41.013906084210994,41.03643798828125,34600,0.0,0.0,0.0
2017-12-19 00:00:00-05:00,41.05145229315661,41.05145229315661,40.90125274658203,40.90125274658203,4200,0.0,0.0,0.0
2017-12-20 00:00:00-05:00,40.92003752307012,40.92003752307012,40.83555003492865,40.891876220703125,6200,0.0,0.0,0.0
2017-12-21 00:00:00-05:00,40.95700322714647,40.99947333041338,40.95700322714647,40.96172332763672,2500,0.234,0.0,0.0
2017-12-22 00:00:00-05:00,41.00890853504507,41.00890853504507,40.886211139919986,40.95227813720703,13700,0.0,0.0,0.0
2017-12-26 00:00:00-05:00,41.01834585176737,41.01834585176737,40.92396545410156,40.92396545410156,8100,0.0,0.0,0.0
2017-12-27 00:00:00-05:00,41.04193774539885,41.04193774539885,40.914520263671875,40.914520263671875,46700,0.0,0.0,0.0
2017-12-28 00:00:00-05:00,41.15047468848475,41.15047468848475,41.02778090698097,41.03249740600586,14600,0.0,0.0,0.0
2017-12-29 00:00:00-05:00,41.15047826379632,41.15047826379632,41.036277770996094,41.036277770996094,2200,0.0,0.0,0.0
2018-01-02 00:00:00-05:00,41.03721995898782,41.20710754394531,41.03721995898782,41.20710754394531,4100,0.0,0.0,0.0
2018-01-03 00:00:00-05:00,41.58463816186502,41.58463816186502,41.333579972697684,41.44117736816406,2200,0.0,0.0,0.0
2018-01-04 00:00:00-05:00,41.64031086950892,41.64125416916787,41.56763719158605,41.6035041809082,7100,0.0,0.0,0.0
2018-01-05 00:00:00-05:00,41.726205451780146,41.726205451780146,41.66485855948638,41.72148895263672,69500,0.0,0.0,0.0
2018-01-08 00:00:00-05:00,41.924412948896666,41.943289749549876,41.924412948896666,41.93385314941406,1100,0.0,0.0,0.0
2018-01-09 00:00:00-05:00,42.03766642853488,42.089576721191406,41.99991283380631,42.089576721191406,36600,0.0,0.0,0.0
2018-01-10 00:00:00-05:00,41.98103346187464,41.98103346187464,41.79604589958276,41.90458297729492,9600,0.0,0.0,0.0
2018-01-11 00:00:00-05:00,42.01878785527779,42.16035842895508,41.98103426214486,42.16035842895508,17100,0.0,0.0,0.0
2018-01-12 00:00:00-05:00,42.363279685108495,42.43406677246094,42.301932796272816,42.43406677246094,3000,0.0,0.0,0.0
2018-01-16 00:00:00-05:00,42.74552649176719,42.74552649176719,42.15092002670684,42.297210693359375,10300,0.0,0.0,0.0
2018-01-17 00:00:00-05:00,42.566211091050626,42.68418839850961,42.3113832752751,42.584144592285156,5200,0.0,0.0,0.0
2018-01-18 00:00:00-05:00,42.67002563025259,42.698342628275796,42.424634449799,42.471824645996094,19200,0.0,0.0,0.0
2018-01-19 00:00:00-05:00,42.641712040901766,42.75968933105469,42.575645046446624,42.75968933105469,2200,0.0,0.0,0.0
2018-01-22 00:00:00-05:00,42.7879991009367,43.07586395253469,42.76440580513509,43.03339385986328,25300,0.0,0.0,0.0
2018-01-23 00:00:00-05:00,43.05698226566969,43.24574661254883,43.05698226566969,43.24574661254883,8400,0.0,0.0,0.0
2018-01-24 00:00:00-05:00,43.33069242121185,43.3590058144387,43.03810748980538,43.21271514892578,8200,0.0,0.0,0.0
2018-01-25 00:00:00-05:00,43.41563824096013,43.41563824096013,43.1513702907457,43.179683685302734,6300,0.0,0.0,0.0
2018-01-26 00:00:00-05:00,43.27405666721011,43.62327194213867,43.27405666721011,43.62327194213867,1800,0.0,0.0,0.0
2018-01-29 00:00:00-05:00,43.6704734104846,43.6704734104846,43.31182144642788,43.34957504272461,7000,0.0,0.0,0.0
2018-01-30 00:00:00-05:00,42.92485452755218,43.01923851486871,42.811597343153316,42.858787536621094,33600,0.0,0.0,0.0
2018-01-31 00:00:00-05:00,42.994698318128314,43.071145207416585,42.726653554758926,42.858787536621094,24600,0.0,0.0,0.0
2018-02-01 00:00:00-05:00,42.76346096127212,42.87766504776887,42.707777468152365,42.830474853515625,9400,0.0,0.0,0.0
2018-02-02 00:00:00-05:00,42.65115357232813,42.65115357232813,41.924412948896666,41.93385314941406,26600,0.0,0.0,0.0
2018-02-05 00:00:00-05:00,41.933850264400625,41.95272706375513,40.33879852294922,40.33879852294922,25300,0.0,0.0,0.0
2018-02-06 00:00:00-05:00,39.86687944480467,40.82957077026367,39.69699189316356,40.82957077026367,14000,0.0,0.0,0.0
2018-02-07 00:00:00-05:00,41.202383182353046,41.32980065808189,40.89564514160156,40.89564514160156,10200,0.0,0.0,0.0
2018-02-08 00:00:00-05:00,40.8012631258454,40.83901672050162,39.33834553653619,39.347782135009766,8100,0.0,0.0,0.0
2018-02-09 00:00:00-05:00,39.9235091119354,39.94710600707114,38.70598277069758,39.86688232421875,9900,0.0,0.0,0.0
2018-02-12 00:00:00-05:00,40.36710239856857,40.57474354210101,40.036763888368725,40.357662200927734,26000,0.0,0.0,0.0
2018-02-13 00:00:00-05:00,40.20666561630677,40.59363104724804,40.20666561630677,40.51812744140625,5800,0.0,0.0,0.0
2018-02-14 00:00:00-05:00,40.395414564120614,41.093841552734375,40.395414564120614,41.093841552734375,6300,0.0,0.0,0.0
2018-02-15 00:00:00-05:00,41.008900839440635,41.46193313598633,41.008900839440635,41.46193313598633,4000,0.0,0.0,0.0
2018-02-16 00:00:00-05:00,41.46193218489586,41.811143897067936,41.46193218489586,41.556312561035156,10100,0.0,0.0,0.0
2018-02-20 00:00:00-05:00,41.42417956309925,41.58368362663447,41.17218172067776,41.29204559326172,4700,0.0,0.0,0.0
2018-02-21 00:00:00-05:00,41.37699248255543,41.64126044208479,41.29204869550943,41.32036209106445,9100,0.0,0.0,0.0
2018-02-22 00:00:00-05:00,41.28732862540612,41.34962241612846,41.041937462866365,41.04665756225586,6600,0.0,0.0,0.0
2018-02-23 00:00:00-05:00,41.27316568087839,41.6214340751889,41.27316568087839,41.6035041809082,7800,0.0,0.0,0.0
2018-02-26 00:00:00-05:00,41.820595945876384,41.99992015150951,41.688458341303914,41.93385314941406,22800,0.0,0.0,0.0
2018-02-27 00:00:00-05:00,41.94328096335999,42.07069844098262,41.631822818779575,41.650699615478516,5500,0.0,0.0,0.0
2018-02-28 00:00:00-05:00,41.61294902698224,41.61294902698224,41.06553268432617,41.06553268432617,9500,0.0,0.0,0.0
2018-03-01 00:00:00-05:00,40.95227561887557,41.02778281134969,40.34823248060699,40.45205307006836,6200,0.0,0.0,0.0
2018-03-02 00:00:00-05:00,40.27272973266368,40.725765736743625,40.27272973266368,40.655921936035156,17800,0.0,0.0,0.0
2018-03-05 00:00:00-05:00,41.117447657557534,41.37699915996805,41.117447657557534,41.31093215942383,2900,0.0,0.0,0.0
2018-03-06 00:00:00-05:00,41.33925026465779,41.46949768066406,41.33925026465779,41.46949768066406,1500,0.0,0.0,0.0
2018-03-07 00:00:00-05:00,41.37700058015478,41.37700058015478,41.26374337538899,41.358123779296875,1800,0.0,0.0,0.0
2018-03-08 00:00:00-05:00,41.64692749244904,41.64692749244904,41.53744349945376,41.54594039916992,2300,0.0,0.0,0.0
2018-03-09 00:00:00-05:00,41.952722501124974,42.249080657958984,41.952722501124974,42.249080657958984,4400,0.0,0.0,0.0
2018-03-12 00:00:00-04:00,42.42462816463406,42.43406476232298,42.297210693359375,42.297210693359375,7900,0.0,0.0,0.0
2018-03-13 00:00:00-04:00,42.434072216297224,42.4595557150286,42.056547035953145,42.11034393310547,9700,0.0,0.0,0.0
2018-03-14 00:00:00-04:00,42.26418313138699,42.26418313138699,41.88288116455078,41.88288116455078,16500,0.0,0.0,0.0
2018-03-15 00:00:00-04:00,41.88665893046354,41.99047952390758,41.83002853393555,41.83002853393555,3200,0.0,0.0,0.0
2018-03-16 00:00:00-04:00,42.05653608070821,42.05653608070821,41.971592307190946,41.97819900512695,3000,0.0,0.0,0.0
2018-03-19 00:00:00-04:00,41.79226397696766,41.79226397696766,41.32507502936278,41.52799606323242,3000,0.0,0.0,0.0
2018-03-20 00:00:00-04:00,41.56103301726677,41.6318201001701,41.49024593436344,41.56291961669922,3200,0.0,0.0,0.0
2018-03-21 00:00:00-04:00,41.65069342334391,41.76395058631897,41.50911926933986,41.52799606323242,10600,0.0,0.0,0.0
2018-03-22 00:00:00-04:00,41.66014467280833,41.66014467280833,40.65780924696782,40.66913604736328,22000,0.0,0.0,0.0
2018-03-23 00:00:00-04:00,40.774235881621536,40.774235881621536,40.65208209131694,40.670074462890625,1200,0.141,0.0,0.0
2018-03-26 00:00:00-04:00,40.41440890133585,40.70795440673828,40.168208513010995,40.70795440673828,4100,0.0,0.0,0.0
2018-03-27 00:00:00-04:00,40.94468540317779,40.94468540317779,40.18714904785156,40.18714904785156,5000,0.0,0.0,0.0
2018-03-28 00:00:00-04:00,40.22502913068524,40.452290774088546,40.22502913068524,40.28089904785156,1900,0.0,0.0,0.0
2018-03-29 00:00:00-04:00,40.84998652920286,40.86892529697716,40.840518951416016,40.840518951416016,5300,0.0,0.0,0.0
2018-04-02 00:00:00-04:00,40.44186936629231,40.44186936629231,39.45234304165637,39.798912048339844,48200,0.0,0.0,0.0
2018-04-03 00:00:00-04:00,39.82732072136702,40.187146493857995,39.82732072136702,40.12749099731445,7500,0.0,0.0,0.0
2018-04-04 00:00:00-04:00,40.040376827444305,40.745828833506806,39.99681729636545,40.71742248535156,7700,0.0,0.0,0.0
2018-04-05 00:00:00-04:00,40.93521457829957,41.03748321533203,40.849991918172876,41.03748321533203,3100,0.0,0.0,0.0
2018-04-06 00:00:00-04:00,40.740149768241835,40.740149768241835,39.92201509522698,40.14927673339844,6500,0.0,0.0,0.0
2018-04-09 00:00:00-04:00,40.31025158676629,40.58959394674928,40.31025158676629,40.31498718261719,1500,0.0,0.0,0.0
2018-04-10 00:00:00-04:00,40.70795780745367,40.80264804951919,40.64167030336637,40.7647705078125,8300,0.0,0.0,0.0
2018-04-11 00:00:00-04:00,40.66060579799291,40.74582845386555,40.528038024902344,40.528038024902344,6700,0.0,0.0,0.0
2018-04-12 00:00:00-04:00,40.78371167969185,40.878401927331986,40.726895363786916,40.802650451660156,26600,0.0,0.0,0.0
2018-04-13 00:00:00-04:00,40.92575180055548,40.92575180055548,40.565922347561845,40.698490142822266,4500,0.0,0.0,0.0
2018-04-16 00:00:00-04:00,41.02991182440322,41.18709676748992,41.02991182440322,41.10566329956055,2800,0.0,0.0,0.0
2018-04-17 00:00:00-04:00,41.33197494766488,41.55544739833004,41.33197494766488,41.47496032714844,284800,0.0,0.0,0.0
2018-04-18 00:00:00-04:00,41.63593412424425,41.72115678333658,41.62362374310634,41.65487289428711,2100,0.0,0.0,0.0
2018-04-19 00:00:00-04:00,41.5412354818031,41.5412354818031,41.332916259765625,41.332916259765625,600,0.0,0.0,0.0
2018-04-20 00:00:00-04:00,41.26378979111769,41.29503893885608,41.027060609961396,41.029903411865234,1900,0.0,0.0,0.0
2018-04-23 00:00:00-04:00,41.086717216718675,41.162472290597464,40.925743103027344,40.925743103027344,1700,0.0,0.0,0.0
2018-04-24 00:00:00-04:00,41.134061544804545,41.134061544804545,40.44754835886604,40.53561019897461,2200,0.0,0.0,0.0
2018-04-25 00:00:00-04:00,40.480692907684414,40.62273187153911,40.480692907684414,40.528038024902344,4400,0.0,0.0,0.0
2018-04-26 00:00:00-04:00,40.98255598109417,41.1151237487793,40.98255598109417,41.1151237487793,2900,0.0,0.0,0.0
2018-04-27 00:00:00-04:00,41.067787170410156,41.067787170410156,41.067787170410156,41.067787170410156,1000,0.0,0.0,0.0
2018-04-30 00:00:00-04:00,41.17193835696471,41.17193835696471,40.799802226191545,40.840518951416016,17700,0.0,0.0,0.0
2018-05-01 00:00:00-04:00,40.603796649085595,40.64167057884781,40.43335132245137,40.640724182128906,14600,0.0,0.0,0.0
2018-05-02 00:00:00-04:00,40.646404121006896,40.67576047881577,40.61326217651367,40.61326217651367,2200,0.0,0.0,0.0
2018-05-03 00:00:00-04:00,40.243971859278105,40.37085766604626,40.03470256986237,40.291316986083984,5900,0.0,0.0,0.0
2018-05-04 00:00:00-04:00,40.281845060696554,40.91627763830739,40.281845060696554,40.8973388671875,400,0.0,0.0,0.0
2018-05-07 00:00:00-04:00,40.98256032726272,41.03937663895342,40.87839889526367,40.87839889526367,12500,0.0,0.0,0.0
2018-05-08 00:00:00-04:00,40.8556676158965,40.88786315917969,40.84051804689283,40.88786315917969,2400,0.0,0.0,0.0
2018-05-09 00:00:00-04:00,41.02043831176138,41.25716752806296,40.916276878636495,41.19088363647461,4600,0.0,0.0,0.0
2018-05-10 00:00:00-04:00,41.52229479802873,41.573429107666016,41.52229479802873,41.573429107666016,1500,0.0,0.0,0.0
2018-05-11 00:00:00-04:00,41.63593342221529,41.683278540423615,41.569649534283435,41.64540100097656,1300,0.0,0.0,0.0
2018-05-14 00:00:00-04:00,41.75903460538445,41.80259414176519,41.55450092692965,41.5762825012207,5700,0.0,0.0,0.0
2018-05-15 00:00:00-04:00,41.380261373310475,41.41813890902661,41.332916259765625,41.332916259765625,800,0.0,0.0,0.0
2018-05-16 00:00:00-04:00,41.47496011298711,41.6558230352227,41.44655376147002,41.531776428222656,12100,0.0,0.0,0.0
2018-05-17 00:00:00-04:00,41.72115528537789,41.73819764926384,41.56964874267578,41.56964874267578,4900,0.0,0.0,0.0
2018-05-18 00:00:00-04:00,41.56017975201307,41.60752487182617,41.56017975201307,41.60752487182617,1500,0.0,0.0,0.0
2018-05-21 00:00:00-04:00,41.867936240110964,41.8698290338394,41.80638793412081,41.85373306274414,1900,0.0,0.0,0.0
2018-05-22 00:00:00-04:00,41.84424822251127,41.84424822251127,41.78175354003906,41.78175354003906,11300,0.0,0.0,0.0
2018-05-23 00:00:00-04:00,41.58858448427666,41.71168468076481,41.5696493268486,41.70221710205078,15000,0.0,0.0,0.0
2018-05-24 00:00:00-04:00,41.629302831403635,41.629302831403635,41.5696473354205,41.58479690551758,1000,0.0,0.0,0.0
2018-05-25 00:00:00-04:00,41.70221475202694,41.70221475202694,41.574378967285156,41.574378967285156,1700,0.0,0.0,0.0
2018-05-29 00:00:00-04:00,41.35185989364216,41.41814740083638,41.02044041867786,41.162479400634766,14900,0.0,0.0,0.0
2018-05-30 00:00:00-04:00,41.768505386064014,41.81206130981445,41.768505386064014,41.81206130981445,2000,0.0,0.0,0.0
2018-05-31 00:00:00-04:00,41.5885821038807,41.61699206279861,41.370791683914014,41.41814041137695,2800,0.0,0.0,0.0
2018-06-01 00:00:00-04:00,41.484421974718884,41.75902507275975,41.484421974718884,41.74955749511719,3600,0.0,0.0,0.0
2018-06-04 00:00:00-04:00,41.91053672009818,41.92000791109826,41.87266279270083,41.8916015625,250600,0.0,0.0,0.0
2018-06-05 00:00:00-04:00,41.98628947768965,42.0146958247172,41.89159924613063,41.97682189941406,4600,0.0,0.0,0.0
2018-06-06 00:00:00-04:00,41.967350686526466,42.223018646240234,41.94841191778462,42.223018646240234,2900,0.0,0.0,0.0
2018-06-07 00:00:00-04:00,42.17472572872137,42.23816680908203,42.1377945890751,42.23816680908203,2100,0.0,0.0,0.0
2018-06-08 00:00:00-04:00,42.24480930595967,42.3934766985705,42.24480930595967,42.36507034301758,31600,0.0,0.0,0.0
2018-06-11 00:00:00-04:00,42.60179159338444,42.61125917272096,42.54497528076172,42.54497528076172,2600,0.0,0.0,0.0
2018-06-12 00:00:00-04:00,42.66806763220097,42.67753520979497,42.601783752441406,42.601783752441406,2200,0.0,0.0,0.0
2018-06-13 00:00:00-04:00,42.77222861578951,42.77222861578951,42.488154308234236,42.52508544921875,3800,0.0,0.0,0.0
2018-06-14 00:00:00-04:00,42.65860196633669,42.65860196633669,42.59231807799391,42.63019561767578,29200,0.0,0.0,0.0
2018-06-15 00:00:00-04:00,42.592325000482006,42.620731353759766,42.35559575729645,42.620731353759766,1800,0.0,0.0,0.0
2018-06-18 00:00:00-04:00,42.55444681645859,42.592324361728615,42.4692241457018,42.578121185302734,4000,0.0,0.0,0.0
2018-06-19 00:00:00-04:00,42.29876979217933,42.402931213378906,42.17567321458052,42.402931213378906,14400,0.0,0.0,0.0
2018-06-20 00:00:00-04:00,42.51656893055095,42.57906362345487,42.421875076179745,42.54497528076172,2100,0.0,0.0,0.0
2018-06-21 00:00:00-04:00,42.241958003781086,42.37452577462106,42.20408046576943,42.355587005615234,2500,0.0,0.0,0.0
2018-06-22 00:00:00-04:00,42.34611972095478,42.46921630204531,42.34611972095478,42.421871185302734,5900,0.0,0.0,0.0
2018-06-25 00:00:00-04:00,42.225144629352535,42.225144629352535,41.62640760402973,41.83549118041992,5500,0.163,0.0,0.0
2018-06-26 00:00:00-04:00,41.778471892795615,41.97330045091802,41.778471892795615,41.95904541015625,3200,0.0,0.0,0.0
2018-06-27 00:00:00-04:00,41.95903849453677,42.120600430397545,41.873504638671875,41.873504638671875,3200,0.0,0.0,0.0
2018-06-28 00:00:00-04:00,41.378370728040835,41.7119503180337,41.3698148023748,41.6596794128418,7600,0.0,0.0,0.0
2018-06-29 00:00:00-04:00,41.99229762786811,41.996097037556055,41.768959045410156,41.768959045410156,800,0.0,0.0,0.0
2018-07-02 00:00:00-04:00,41.55228756381292,41.645423889160156,41.47435613330828,41.645423889160156,9100,0.0,0.0,0.0
2018-07-03 00:00:00-04:00,41.87636184692383,41.87636184692383,41.87636184692383,41.87636184692383,200,0.0,0.0,0.0
2018-07-05 00:00:00-04:00,41.7689709481103,41.90202283292186,41.7689709481103,41.88776779174805,1000,0.0,0.0,0.0
2018-07-06 00:00:00-04:00,42.054082570489335,42.416175842285156,42.04077738203262,42.416175842285156,10100,0.0,0.0,0.0
2018-07-09 00:00:00-04:00,42.662313684282594,42.719337463378906,42.6528115337955,42.719337463378906,7200,0.0,0.0,0.0
2018-07-10 00:00:00-04:00,42.82387974832665,42.84098434448242,42.71458507679037,42.84098434448242,3800,0.0,0.0,0.0
2018-07-11 00:00:00-04:00,42.63381055745437,42.63381055745437,42.48175074713382,42.49125289916992,3300,0.0,0.0,0.0
2018-07-12 00:00:00-04:00,42.649009206990726,42.7621032891616,42.647109501939994,42.738346099853516,1900,0.0,0.0,0.0
2018-07-13 00:00:00-04:00,42.823883056640625,42.823883056640625,42.823883056640625,42.823883056640625,500,0.0,0.0,0.0
2018-07-16 00:00:00-04:00,42.63380097838996,42.700326903871,42.62429520309779,42.646156311035156,5100,0.0,0.0,0.0
2018-07-17 00:00:00-04:00,42.61479734789801,42.87139892578125,42.605295197039254,42.87139892578125,6200,0.0,0.0,0.0
2018-07-18 00:00:00-04:00,42.96833801269531,42.96833801269531,42.96833801269531,42.96833801269531,300,0.0,0.0,0.0
2018-07-19 00:00:00-04:00,42.947428688701976,42.947428688701976,42.88185260649822,42.91891860961914,6000,0.0,0.0,0.0
2018-07-20 00:00:00-04:00,42.985450744628906,42.985450744628906,42.985450744628906,42.985450744628906,1400,0.0,0.0,0.0
2018-07-23 00:00:00-04:00,42.70033263730199,42.823882354952126,42.70033263730199,42.805824279785156,7200,0.0,0.0,0.0
2018-07-24 00:00:00-04:00,42.92842031222237,42.92842031222237,42.68132450350651,42.697479248046875,9200,0.0,0.0,0.0
2018-07-25 00:00:00-04:00,42.63380339847918,43.156508682097524,42.63380339847918,43.13655090332031,16100,0.0,0.0,0.0
2018-07-26 00:00:00-04:00,43.27055999364564,43.27055999364564,43.232547760009766,43.232547760009766,6400,0.0,0.0,0.0
2018-07-27 00:00:00-04:00,43.21354110510574,43.225896440923776,42.87520502532807,42.95408630371094,5200,0.0,0.0,0.0
2018-07-30 00:00:00-04:00,43.08998296402681,43.08998296402681,42.719337463378906,42.719337463378906,13500,0.0,0.0,0.0
2018-07-31 00:00:00-04:00,42.77636592642535,43.09949348662306,42.77636592642535,43.05672836303711,52100,0.0,0.0,0.0
2018-08-01 00:00:00-04:00,43.137503151163024,43.14700892752262,42.736444222947796,42.78111267089844,14800,0.0,0.0,0.0
2018-08-02 00:00:00-04:00,42.79537148945277,43.02346301213788,42.710791099653136,42.99020004272461,42200,0.0,0.0,0.0
2018-08-03 00:00:00-04:00,42.99494772075988,43.166011810302734,42.99494772075988,43.166011810302734,8100,0.0,0.0,0.0
2018-08-06 00:00:00-04:00,43.19453002199571,43.3465898261001,43.19453002199571,43.28956604003906,24800,0.0,0.0,0.0
2018-08-07 00:00:00-04:00,43.44162820919418,43.47109176915019,43.40361234975049,43.460636138916016,7800,0.0,0.0,0.0
2018-08-08 00:00:00-04:00,43.31807902241173,43.41311503886811,43.31807902241173,43.375099182128906,2500,0.0,0.0,0.0
2018-08-09 00:00:00-04:00,43.603187314221614,43.603187314221614,43.34658573922783,43.38460159301758,6000,0.0,0.0,0.0
2018-08-10 00:00:00-04:00,43.04246857574896,43.16126540646671,43.013954871110435,43.032962799072266,4600,0.0,0.0,0.0
2018-08-13 00:00:00-04:00,42.98544838632158,43.08999018615767,42.7763647866494,42.81438064575195,6800,0.0,0.0,0.0
2018-08-14 00:00:00-04:00,43.062425625453606,43.22303771972656,43.062425625453606,43.22303771972656,900,0.0,0.0,0.0
2018-08-15 00:00:00-04:00,42.662322957766676,42.823888554296694,42.662322957766676,42.76496505737305,8500,0.0,0.0,0.0
2018-08-16 00:00:00-04:00,43.070975802179895,43.30761959535188,43.070975802179895,43.166011810302734,4700,0.0,0.0,0.0
2018-08-17 00:00:00-04:00,43.53666308768659,43.53666308768659,43.12800170692192,43.22303771972656,12800,0.0,0.0,0.0
2018-08-20 00:00:00-04:00,43.59368276313987,43.59368276313987,43.4606308965281,43.527156829833984,6100,0.0,0.0,0.0
2018-08-21 00:00:00-04:00,43.48914167183312,43.77425696244576,43.48914167183312,43.65070724487305,5900,0.0,0.0,0.0
2018-08-22 00:00:00-04:00,43.77425910832941,43.77425910832941,43.54616758973619,43.60319137573242,9600,0.0,0.0,0.0
2018-08-23 00:00:00-04:00,43.49864533298505,43.62219504454933,43.45112732865766,43.489139556884766,5400,0.0,0.0,0.0
2018-08-24 00:00:00-04:00,43.650710333502474,43.774260059817294,43.5651764653448,43.736244201660156,5900,0.0,0.0,0.0
2018-08-27 00:00:00-04:00,44.02135156985586,44.116387580536696,44.02135156985586,44.04035949707031,5600,0.0,0.0,0.0
2018-08-28 00:00:00-04:00,44.20192668819165,44.20192668819165,43.98334093736093,44.0783805847168,25800,0.0,0.0,0.0
2018-08-29 00:00:00-04:00,44.20192690491253,44.33498241186311,44.087882952918186,44.296966552734375,14100,0.0,0.0,0.0
2018-08-30 00:00:00-04:00,44.31597454681392,44.31597454681392,43.983341217041016,43.983341217041016,3100,0.0,0.0,0.0
2018-08-31 00:00:00-04:00,43.878794397070095,44.10688590068812,43.878794397070095,44.05271530151367,84200,0.0,0.0,0.0
2018-09-04 00:00:00-04:00,43.935824358738145,44.03086400919241,43.84553759715458,44.01185607910156,15300,0.0,0.0,0.0
2018-09-05 00:00:00-04:00,44.14489456878948,44.14489456878948,43.83126925554644,43.959571838378906,98200,0.0,0.0,0.0
2018-09-06 00:00:00-04:00,43.992835542247974,43.992835542247974,43.764744071912496,43.878787994384766,3200,0.0,0.0,0.0
2018-09-07 00:00:00-04:00,43.8788003818357,43.8788003818357,43.61174675978779,43.68872833251953,9300,0.0,0.0,0.0
2018-09-10 00:00:00-04:00,43.79325777157376,43.992835542247974,43.79325777157376,43.878787994384766,12700,0.0,0.0,0.0
2018-09-11 00:00:00-04:00,43.69822619332402,43.96623326713521,43.69822619332402,43.888301849365234,5400,0.0,0.0,0.0
2018-09-12 00:00:00-04:00,43.793265115145466,44.011850847117586,43.793265115145466,43.97383499145508,4700,0.0,0.0,0.0
2018-09-13 00:00:00-04:00,44.1610593871678,44.190522945478236,44.08788085579139,44.135398864746094,14300,0.0,0.0,0.0
2018-09-14 00:00:00-04:00,44.22093318035374,44.26845481518301,44.14490509033203,44.14490509033203,600,0.0,0.0,0.0
2018-09-17 00:00:00-04:00,44.41101726462137,44.41101726462137,44.03086949164652,44.05937957763672,9700,0.0,0.0,0.0
2018-09-18 00:00:00-04:00,44.182921895347064,44.29791569817494,44.05937216784711,44.277957916259766,7600,0.0,0.0,0.0
2018-09-19 00:00:00-04:00,44.182921895347064,44.36349178523792,44.182921895347064,44.277957916259766,4100,0.0,0.0,0.0
2018-09-20 00:00:00-04:00,44.411010462132595,44.52125500334344,44.411010462132595,44.50605010986328,3700,0.0,0.0,0.0
2018-09-21 00:00:00-04:00,44.82916491929417,44.82916491929417,44.56306121054813,44.572566986083984,6900,0.0,0.0,0.0
2018-09-24 00:00:00-04:00,44.40178836053395,44.40178836053395,44.240550402793914,44.2586784362793,1900,0.181,0.0,0.0
2018-09-25 00:00:00-04:00,44.27967377823151,44.27967377823151,44.14419937133789,44.14419937133789,14600,0.0,0.0,0.0
2018-09-26 00:00:00-04:00,44.226249777721854,44.315932792881696,44.13943099975586,44.13943099975586,5800,0.0,0.0,0.0
2018-09-27 00:00:00-04:00,44.02303544990384,44.18426979344629,44.0030003485269,44.05833435058594,17200,0.0,0.0,0.0
2018-09-28 00:00:00-04:00,43.98201279204506,44.14420432494583,43.98201279204506,44.02017593383789,4000,0.0,0.0,0.0
2018-10-01 00:00:00-04:00,43.982008527724254,44.2873063535914,43.982008527724254,44.03925323486328,11400,0.0,0.0,0.0
2018-10-02 00:00:00-04:00,43.97246440280591,44.14419486463348,43.97246440280591,44.096492767333984,7400,0.0,0.0,0.0
2018-10-03 00:00:00-04:00,44.172822949800995,44.172822949800995,44.029716633427704,44.030670166015625,2500,0.0,0.0,0.0
2018-10-04 00:00:00-04:00,43.953387955001226,43.953387955001226,43.552685923693915,43.58130645751953,7600,0.0,0.0,0.0
2018-10-05 00:00:00-04:00,43.76257778626748,43.76257778626748,43.29509206297016,43.461097717285156,41300,0.0,0.0,0.0
2018-10-08 00:00:00-04:00,43.457278298515476,43.49544143676758,43.22639604335858,43.49544143676758,5500,0.0,0.0,0.0
2018-10-09 00:00:00-04:00,43.23402769458427,43.45154955629804,43.23402769458427,43.2550163269043,7400,0.0,0.0,0.0
2018-10-10 00:00:00-04:00,42.98024622760127,42.98024622760127,42.18838119506836,42.18838119506836,14700,0.0,0.0,0.0
2018-10-11 00:00:00-04:00,42.03573008964074,42.03573008964074,41.13700759861269,41.19615936279297,35800,0.0,0.0,0.0
2018-10-12 00:00:00-04:00,41.48237609863281,41.6350249927439,41.033968379927934,41.48237609863281,30000,0.0,0.0,0.0
2018-10-15 00:00:00-04:00,41.57779089927513,41.82584402898305,41.45376251470251,41.58732986450195,6800,0.0,0.0,0.0
2018-10-16 00:00:00-04:00,41.74951029950188,42.28569030761719,41.74951029950188,42.28569030761719,2400,0.0,0.0,0.0
2018-10-17 00:00:00-04:00,41.854461702973396,42.279016595572635,41.854461702973396,42.159759521484375,29100,0.0,0.0,0.0
2018-10-18 00:00:00-04:00,42.0261891965245,42.0261891965245,41.53962197014798,41.66364669799805,16500,0.0,0.0,0.0
2018-10-19 00:00:00-04:00,42.23608233913222,42.23608233913222,41.520539953164295,41.6827278137207,10800,0.0,0.0,0.0
2018-10-22 00:00:00-04:00,41.336409644199975,41.50146175489797,41.310649708597225,41.352630615234375,2400,0.0,0.0,0.0
2018-10-23 00:00:00-04:00,40.99581129014744,41.19139099121094,40.392847577132756,41.19139099121094,7500,0.0,0.0,0.0
2018-10-24 00:00:00-04:00,40.890866611231885,40.890866611231885,40.070377349853516,40.070377349853516,2600,0.0,0.0,0.0
2018-10-25 00:00:00-04:00,40.20394137260616,40.64089943565583,40.15242150503331,40.356590270996094,18600,0.0,0.0,0.0
2018-10-26 00:00:00-04:00,39.69829470741173,40.01313148496658,39.47886213167666,39.88910675048828,8000,0.0,0.0,0.0
2018-10-29 00:00:00-04:00,40.368998845352564,40.51878716634376,39.412081595839325,39.60289001464844,19800,0.0,0.0,0.0
2018-10-30 00:00:00-04:00,39.91773111426162,40.3470573425293,39.91773111426162,40.3470573425293,108800,0.0,0.0,0.0
2018-10-31 00:00:00-04:00,40.97673415517224,41.081680969775604,40.8240852355957,40.8240852355957,6000,0.0,0.0,0.0
2018-11-01 00:00:00-04:00,40.86224884792257,41.43468139309546,40.86224884792257,41.41559982299805,38400,0.0,0.0,0.0
2018-11-02 00:00:00-04:00,41.70944574555729,41.70944574555729,41.01012425442973,41.27248764038086,20600,0.0,0.0,0.0
2018-11-05 00:00:00-05:00,41.491921470709904,41.53199167160932,41.24386472657709,41.519588470458984,5400,0.0,0.0,0.0
2018-11-06 00:00:00-05:00,41.65411309245029,41.76859887113033,41.565387250874785,41.75905990600586,5900,0.0,0.0,0.0
2018-11-07 00:00:00-05:00,42.23608871936088,42.52230498909683,41.9975745546747,42.50322341918945,11700,0.0,0.0,0.0
2018-11-08 00:00:00-05:00,42.36011345146212,42.56046445905792,42.32958221435547,42.32958221435547,4800,0.0,0.0,0.0
2018-11-09 00:00:00-05:00,42.34103960041391,42.34103960041391,41.806766510009766,41.806766510009766,3800,0.0,0.0,0.0
2018-11-12 00:00:00-05:00,42.04527950211708,42.04527950211708,41.472846923946946,41.51673126220703,3200,0.0,0.0,0.0
2018-11-13 00:00:00-05:00,41.48237987780331,41.71135505954863,41.17708206176758,41.17708206176758,29800,0.0,0.0,0.0
2018-11-14 00:00:00-05:00,41.54535303037643,41.56634166564555,40.747759414088385,40.9576530456543,47600,0.0,0.0,0.0
2018-11-15 00:00:00-05:00,40.690519163819275,41.28203329082574,40.690519163819275,41.158958435058594,20200,0.0,0.0,0.0
2018-11-16 00:00:00-05:00,41.35071583605353,41.59686185935695,41.348808771215204,41.48237609863281,5700,0.0,0.0,0.0
2018-11-19 00:00:00-05:00,41.596861730428934,41.596861730428934,40.71913150186985,40.87178039550781,12400,0.0,0.0,0.0
2018-11-20 00:00:00-05:00,40.62372820642852,40.62372820642852,40.194402046254304,40.24591827392578,33600,0.0,0.0,0.0
2018-11-21 00:00:00-05:00,40.242110302952824,40.69051809880902,40.242110302952824,40.43292236328125,8600,0.0,0.0,0.0
2018-11-23 00:00:00-05:00,40.34705984556384,40.35087397615458,40.25165198923139,40.31843566894531,3000,0.0,0.0,0.0
2018-11-26 00:00:00-05:00,40.98627289599941,40.98627289599941,40.63327295380578,40.909950256347656,19500,0.0,0.0,0.0
2018-11-27 00:00:00-05:00,40.6590303302905,40.808815002441406,40.6590303302905,40.808815002441406,5100,0.0,0.0,0.0
2018-11-28 00:00:00-05:00,40.85269953961893,41.49573342469281,40.795454838720005,41.46424865722656,22400,0.0,0.0,0.0
2018-11-29 00:00:00-05:00,41.654110425079466,41.78767776489258,41.48428701335305,41.78767776489258,4200,0.0,0.0,0.0
2018-11-30 00:00:00-05:00,41.663646486362445,41.791492622220964,41.51099758872199,41.74951171875,7300,0.0,0.0,0.0
2018-12-03 00:00:00-05:00,42.23608512525207,42.28855852817276,42.077711383991385,42.264705657958984,12600,0.0,0.0,0.0
2018-12-04 00:00:00-05:00,42.24562660502235,42.24562660502235,41.101715087890625,41.101715087890625,18400,0.0,0.0,0.0
2018-12-06 00:00:00-05:00,40.30889112665062,40.871784663109146,39.9081891038007,40.85270309448242,17900,0.0,0.0,0.0
2018-12-07 00:00:00-05:00,41.024437391395956,41.024437391395956,39.88911124820363,39.93681335449219,18400,0.0,0.0,0.0
2018-12-10 00:00:00-05:00,39.78416176584937,40.07037802384655,39.260384885488996,39.965431213378906,50800,0.0,0.0,0.0
2018-12-11 00:00:00-05:00,40.45390791612257,40.45390791612257,39.72405520745549,39.892921447753906,8900,0.0,0.0,0.0
2018-12-12 00:00:00-05:00,40.35659959290927,40.57603220756643,40.14766311645508,40.14766311645508,28500,0.0,0.0,0.0
2018-12-13 00:00:00-05:00,40.270727291996366,40.28980886029264,39.92726634153752,39.95493698120117,4600,0.0,0.0,0.0
2018-12-14 00:00:00-05:00,39.7221490980441,39.77462250769236,39.286148126865605,39.37392044067383,10900,0.0,0.0,0.0
2018-12-17 00:00:00-05:00,39.08770277262057,39.291867929374035,38.35307870303086,38.49427795410156,13700,0.0,0.0,0.0
2018-12-18 00:00:00-05:00,38.887346903618074,38.887346903618074,38.24145233673251,38.53053283691406,6200,0.0,0.0,0.0
2018-12-19 00:00:00-05:00,38.81102416809993,38.93791314724651,37.58983284101656,37.96382141113281,7000,0.0,0.0,0.0
2018-12-20 00:00:00-05:00,37.87605229832528,37.87605229832528,36.949662587887666,37.24065017700195,452900,0.0,0.0,0.0
2018-12-21 00:00:00-05:00,37.656612761689466,37.656612761689466,36.613826751708984,36.613826751708984,55100,0.0,0.0,0.0
2018-12-24 00:00:00-05:00,36.252929352283545,36.38886789074361,35.764708236841166,35.81257247924805,32400,0.13,0.0,0.0
2018-12-26 00:00:00-05:00,35.66897762020366,37.28681610587455,35.603884146696394,37.267669677734375,55600,0.0,0.0,0.0
2018-12-27 00:00:00-05:00,36.894317255988284,37.6505846072494,36.49224963625424,37.640052795410156,38400,0.0,0.0,0.0
2018-12-28 00:00:00-05:00,37.65728670074301,38.052649613324014,37.363392904579825,37.631439208984375,106700,0.0,0.0,0.0
2018-12-31 00:00:00-05:00,37.85161944311477,37.85161944311477,37.547197472001024,37.70802307128906,53000,0.0,0.0,0.0
2019-01-02 00:00:00-05:00,37.420835873912615,37.947349844249786,37.21980386462512,37.81428527832031,41000,0.0,0.0,0.0
2019-01-03 00:00:00-05:00,37.76546726235416,37.76546726235416,37.115460062214254,37.21023178100586,11700,0.0,0.0,0.0
2019-01-04 00:00:00-05:00,37.97607153284612,38.37335172396548,37.97607153284612,38.358036041259766,14600,0.0,0.0,0.0
2019-01-07 00:00:00-05:00,38.46333879017985,38.99080957713143,38.44993665513431,38.7227668762207,7100,0.0,0.0,0.0
2019-01-08 00:00:00-05:00,39.124832466800825,39.124832466800825,38.76106125891308,39.11526107788086,26500,0.0,0.0,0.0
2019-01-09 00:00:00-05:00,39.27798964313814,39.51731447138404,39.1477990692277,39.38329315185547,6500,0.0,0.0,0.0
2019-01-10 00:00:00-05:00,39.210983169128276,39.67048645019531,39.210983169128276,39.67048645019531,671900,0.0,0.0,0.0
2019-01-11 00:00:00-05:00,39.47902948860631,39.69729071696237,39.40244378252474,39.67048645019531,16600,0.0,0.0,0.0
2019-01-14 00:00:00-05:00,39.50774903549873,39.58433109313213,39.373727695784574,39.45030975341797,13600,0.0,0.0,0.0
2019-01-15 00:00:00-05:00,39.29714506661043,39.785369873046875,39.29714506661043,39.785369873046875,13400,0.0,0.0,0.0
2019-01-16 00:00:00-05:00,39.90981802189985,39.98640374087289,39.852382384478155,39.92130661010742,21500,0.0,0.0,0.0
2019-01-17 00:00:00-05:00,39.900245477139514,40.359748822243034,39.900245477139514,40.211368560791016,12200,0.0,0.0,0.0
2019-01-18 00:00:00-05:00,40.48419152376606,40.81445732555316,40.48419152376606,40.80009841918945,8400,0.0,0.0,0.0
2019-01-22 00:00:00-05:00,40.44589662977343,40.45738521500715,40.0983979668139,40.273582458496094,21200,0.0,0.0,0.0
2019-01-23 00:00:00-05:00,40.51195507410427,40.51291184768018,39.94714826067619,40.27454376220703,7100,0.0,0.0,0.0
2019-01-24 00:00:00-05:00,40.26401309030225,40.49855041503906,40.244866664555346,40.49855041503906,7900,0.0,0.0,0.0
2019-01-25 00:00:00-05:00,40.79052673004625,40.97241229565129,40.780951691336504,40.90827560424805,15700,0.0,0.0,0.0
2019-01-28 00:00:00-05:00,40.4841944332755,40.68522644042969,40.4841944332755,40.68522644042969,8300,0.0,0.0,0.0
2019-01-29 00:00:00-05:00,40.72160040010367,40.804887172061036,40.65937725337759,40.752235412597656,13100,0.0,0.0,0.0
2019-01-30 00:00:00-05:00,41.01071237024467,41.310346862827245,40.760855671575555,41.22418975830078,10500,0.0,0.0,0.0
2019-01-31 00:00:00-05:00,41.35533570774771,41.55636770967621,41.24237434688206,41.548709869384766,11600,0.0,0.0,0.0
2019-02-01 00:00:00-05:00,41.4989248542227,41.74782472719056,41.479782081047176,41.63294982910156,20300,0.0,0.0,0.0
2019-02-04 00:00:00-05:00,41.489356612643945,41.872277837709994,41.489356612643945,41.80526351928711,2900,0.0,0.0,0.0
2019-02-05 00:00:00-05:00,42.08287693817233,42.08287693817233,41.862698534320046,42.01203918457031,238800,0.0,0.0,0.0
2019-02-06 00:00:00-05:00,41.99576519759558,41.99672197109694,41.87227568338954,41.89141845703125,717300,0.0,0.0,0.0
2019-02-07 00:00:00-05:00,41.69517776253187,41.77654733920293,41.41277252634559,41.654014587402344,10500,0.0,0.0,0.0
2019-02-08 00:00:00-05:00,41.5467907498723,41.709529876708984,41.37064583956426,41.709529876708984,6900,0.0,0.0,0.0
2019-02-11 00:00:00-05:00,41.72868388969569,41.90195485941188,41.72868388969569,41.86270523071289,9200,0.0,0.0,0.0
2019-02-12 00:00:00-05:00,42.23605588953001,42.398798714921824,42.07331671594623,42.293495178222656,22600,0.0,0.0,0.0
2019-02-13 00:00:00-05:00,42.54238556265275,42.580678416473866,42.42751065299692,42.52323913574219,10400,0.0,0.0,0.0
2019-02-14 00:00:00-05:00,42.178612611712246,42.59982303039584,42.178612611712246,42.4466552734375,28700,0.0,0.0,0.0
2019-02-15 00:00:00-05:00,42.57110408374838,42.925303827570495,42.57110408374838,42.88988494873047,7100,0.0,0.0,0.0
2019-02-19 00:00:00-05:00,42.87744137161288,43.13782619715118,42.87744137161288,43.030609130859375,6900,0.0,0.0,0.0
2019-02-20 00:00:00-05:00,42.99232188639302,43.164636094499436,42.99232188639302,43.10719680786133,19000,0.0,0.0,0.0
2019-02-21 00:00:00-05:00,42.89658948961647,43.01625192036565,42.80660164725437,42.963600158691406,11800,0.0,0.0,0.0
2019-02-22 00:00:00-05:00,43.08517651536219,43.250789642333984,43.02678045985281,43.250789642333984,155400,0.0,0.0,0.0
2019-02-25 00:00:00-05:00,43.5379788987402,43.5379788987402,43.20292554926239,43.241214752197266,11400,0.0,0.0,0.0
2019-02-26 00:00:00-05:00,43.21250065472473,43.22207569513793,43.097625732421875,43.097625732421875,5000,0.0,0.0,0.0
2019-02-27 00:00:00-05:00,43.14548920211118,43.14548920211118,42.96360360742302,43.1263427734375,7600,0.0,0.0,0.0
2019-02-28 00:00:00-05:00,43.078469295122005,43.126333530644054,42.95593656004098,43.010501861572266,2100,0.0,0.0,0.0
2019-03-01 00:00:00-05:00,43.16463361535267,43.413529872873376,43.08804790423386,43.30152893066406,6200,0.0,0.0,0.0
2019-03-04 00:00:00-05:00,43.52839938028768,43.52839938028768,42.77691959242127,43.018157958984375,14900,0.0,0.0,0.0
2019-03-05 00:00:00-05:00,42.973170461070374,43.068902594336556,42.93009373995621,43.001888275146484,8900,0.0,0.0,0.0
2019-03-06 00:00:00-05:00,42.86786189531773,42.877436933421215,42.571101446636646,42.59503173828125,21600,0.0,0.0,0.0
2019-03-07 00:00:00-05:00,42.60939844415935,42.60939844415935,42.15468264978913,42.28391647338867,8900,0.0,0.0,0.0
2019-03-08 00:00:00-05:00,41.929712330610805,42.15946578979492,41.84355523989267,42.15946578979492,4100,0.0,0.0,0.0
2019-03-11 00:00:00-04:00,42.561534832493265,42.73384903439063,42.398795670594524,42.71470260620117,10700,0.0,0.0,0.0
2019-03-12 00:00:00-04:00,42.896591292581846,42.91095020058605,42.76256629699127,42.82766342163086,6400,0.0,0.0,0.0
2019-03-13 00:00:00-04:00,43.078475282605986,43.30822875757523,43.078475282605986,43.136871337890625,74200,0.0,0.0,0.0
2019-03-14 00:00:00-04:00,43.250783667523734,43.250783667523734,43.03060526164281,43.060279846191406,8700,0.0,0.0,0.0
2019-03-15 00:00:00-04:00,43.27950599478759,43.384809515503115,43.17420247407206,43.21440887451172,11900,0.0,0.0,0.0
2019-03-18 00:00:00-04:00,43.394381246306274,43.48053468198784,43.303436639566115,43.44224548339844,6600,0.0,0.0,0.0
2019-03-19 00:00:00-04:00,43.53797671138107,43.62413380431933,43.22206980514576,43.30248260498047,10600,0.0,0.0,0.0
2019-03-20 00:00:00-04:00,43.46140073173544,43.46140073173544,42.93488306141118,43.088050842285156,8300,0.0,0.0,0.0
2019-03-21 00:00:00-04:00,43.040179020170825,43.74858216441015,43.040179020170825,43.70071792602539,10700,0.0,0.0,0.0
2019-03-22 00:00:00-04:00,43.6432811420433,43.6432811420433,42.839149475097656,42.839149475097656,10700,0.0,0.0,0.0
2019-03-25 00:00:00-04:00,42.76120829594477,42.924788189237006,42.62649760181653,42.81894302368164,5200,0.229,0.0,0.0
2019-03-26 00:00:00-04:00,42.934410089231,43.198061316110106,42.934410089231,43.10279846191406,6600,0.0,0.0,0.0
2019-03-27 00:00:00-04:00,43.15571769914828,43.184586896934334,42.72175474343933,42.972896575927734,22500,0.0,0.0,0.0
2019-03-28 00:00:00-04:00,43.25194473371772,43.25194473371772,42.88918755085133,43.18458938598633,26000,0.0,0.0,0.0
2019-03-29 00:00:00-04:00,43.415516668201256,43.511741205874806,43.328916419590456,43.482872009277344,7900,0.0,0.0,0.0
2019-04-01 00:00:00-04:00,43.87737801169682,44.01209234778197,43.824455440168094,43.99284744262695,24500,0.0,0.0,0.0
2019-04-02 00:00:00-04:00,44.13718874350626,44.13718874350626,43.88220011585889,43.96687698364258,21000,0.0,0.0,0.0
2019-04-03 00:00:00-04:00,44.24303618687017,44.24303618687017,44.01210460189325,44.0698356628418,13000,0.0,0.0,0.0
2019-04-04 00:00:00-04:00,44.146819316361466,44.14778101138581,43.9639944851681,44.079463958740234,21800,0.0,0.0,0.0
2019-04-05 00:00:00-04:00,44.23340813477528,44.416229248046875,44.23340813477528,44.416229248046875,7800,0.0,0.0,0.0
2019-04-08 00:00:00-04:00,44.291136634914096,44.522071838378906,44.291136634914096,44.522071838378906,8300,0.0,0.0,0.0
2019-04-09 00:00:00-04:00,44.23533173291613,44.24399065652609,44.07945275498301,44.098697662353516,5600,0.0,0.0,0.0
2019-04-10 00:00:00-04:00,44.34887361952861,44.41141681483815,44.204538651164185,44.38736343383789,16000,0.0,0.0,0.0
2019-04-11 00:00:00-04:00,44.579813000872974,44.579813000872974,44.33059454993253,44.42585372924805,11600,0.0,0.0,0.0
2019-04-12 00:00:00-04:00,44.81074065510158,44.81074065510158,44.639463549785276,44.743385314941406,7100,0.0,0.0,0.0
2019-04-15 00:00:00-04:00,44.733767793332085,44.76359501578609,44.652937708953594,44.68565368652344,7000,0.0,0.0,0.0
2019-04-16 00:00:00-04:00,44.76263178408393,44.77225240276075,44.550941467285156,44.550941467285156,14400,0.0,0.0,0.0
2019-04-17 00:00:00-04:00,44.695273636570974,44.695273636570974,44.31038284301758,44.31038284301758,5300,0.0,0.0,0.0
2019-04-18 00:00:00-04:00,44.560568091919855,44.560568091919855,44.27189812821418,44.42585372924805,10600,0.0,0.0,0.0
2019-04-22 00:00:00-04:00,44.550942617702034,44.550942617702034,44.340217660861285,44.44894790649414,9200,0.0,0.0,0.0
2019-04-23 00:00:00-04:00,44.64716449721594,44.90696156920437,44.48358462051465,44.75300598144531,7800,0.0,0.0,0.0
2019-04-24 00:00:00-04:00,44.81073814158878,45.07053886931568,44.81073814158878,44.858848571777344,13900,0.0,0.0,0.0
2019-04-25 00:00:00-04:00,44.87809473820057,44.87809473820057,44.541318046832984,44.63753890991211,34700,0.0,0.0,0.0
2019-04-26 00:00:00-04:00,44.80112533424847,44.86848068237305,44.58943499980483,44.86848068237305,35100,0.0,0.0,0.0
2019-04-29 00:00:00-04:00,44.98394012451172,45.05129546313646,44.9743195063899,44.98394012451172,5500,0.0,0.0,0.0
2019-04-30 00:00:00-04:00,45.08016302256535,45.08786392211914,44.762631221945696,45.08786392211914,7100,0.0,0.0,0.0
2019-05-01 00:00:00-04:00,45.089790437067805,45.1379008743642,44.72414450655126,44.772254943847656,7000,0.0,0.0,0.0
2019-05-02 00:00:00-04:00,44.695278406639055,44.82998909758244,44.4402897886975,44.71452331542969,17900,0.0,0.0,0.0
2019-05-03 00:00:00-04:00,44.80593204995347,45.09363664581857,44.80593204995347,45.051300048828125,9700,0.0,0.0,0.0
2019-05-06 00:00:00-04:00,44.74339008316335,44.935835505811305,44.62792429781102,44.820369720458984,7700,0.0,0.0,0.0
2019-05-07 00:00:00-04:00,44.4450968174794,44.4450968174794,43.944740216969,44.26227569580078,15300,0.0,0.0,0.0
2019-05-08 00:00:00-04:00,44.31038899554001,44.35849943376669,44.09870233322441,44.185298919677734,9600,0.0,0.0,0.0
2019-05-09 00:00:00-04:00,43.68494185361552,44.14680862426758,43.627207130812465,44.14680862426758,6300,0.0,0.0,0.0
2019-05-10 00:00:00-04:00,43.925495720054826,44.32481560542247,43.50211511302796,44.31038284301758,9000,0.0,0.0,0.0
2019-05-13 00:00:00-04:00,43.59834807080507,43.59834807080507,43.109535420542834,43.21826934814453,98200,0.0,0.0,0.0
2019-05-14 00:00:00-04:00,43.4251433924307,43.83889975115234,43.33373099416235,43.68494415283203,95700,0.0,0.0,0.0
2019-05-15 00:00:00-04:00,43.401083599657376,43.885084027800566,43.401083599657376,43.78116226196289,14000,0.0,0.0,0.0
2019-05-16 00:00:00-04:00,43.78115869805865,44.33924995543381,43.78115869805865,44.127559661865234,8500,0.0,0.0,0.0
2019-05-17 00:00:00-04:00,43.71380797484163,44.15642984391852,43.69167798256504,43.877384185791016,6500,0.0,0.0,0.0
2019-05-20 00:00:00-04:00,43.61759225864989,43.69456822860427,43.52521815823162,43.59642028808594,2000,0.0,0.0,0.0
2019-05-21 00:00:00-04:00,44.01690448773747,44.09869625910716,43.94473700504217,44.013057708740234,10400,0.0,0.0,0.0
2019-05-22 00:00:00-04:00,43.94473594924293,43.94473594924293,43.84851508835472,43.89662551879883,4500,0.0,0.0,0.0
2019-05-23 00:00:00-04:00,43.2808148422159,43.37607403400258,43.06912448660857,43.251949310302734,15400,0.0,0.0,0.0
2019-05-24 00:00:00-04:00,43.499234645088904,43.499234645088904,43.29043307425201,43.39627456665039,16400,0.0,0.0,0.0
2019-05-28 00:00:00-04:00,43.51174246372244,43.530987371813495,42.92478561401367,42.92478561401367,16400,0.0,0.0,0.0
2019-05-29 00:00:00-04:00,42.876679334866594,42.876679334866594,42.38401991763973,42.62649917602539,14000,0.0,0.0,0.0
2019-05-30 00:00:00-04:00,42.85742777092277,42.94402801698524,42.63611684667215,42.71309280395508,351500,0.0,0.0,0.0
2019-05-31 00:00:00-04:00,42.45329895689065,42.49756261716203,42.183877556781226,42.31858825683594,6700,0.0,0.0,0.0
2019-06-03 00:00:00-04:00,42.462920751429664,42.511031188537,42.328210059292715,42.46388244628906,8800,0.0,0.0,0.0
2019-06-04 00:00:00-04:00,42.92478658142717,43.33854293823242,42.83818632836117,43.33854293823242,14700,0.0,0.0,0.0
2019-06-05 00:00:00-04:00,43.39627424138256,43.69456481933594,43.26156355152974,43.69456481933594,18500,0.0,0.0,0.0
2019-06-06 00:00:00-04:00,43.65608051465142,44.00440496256654,43.60797007228479,43.838905334472656,9500,0.0,0.0,0.0
2019-06-07 00:00:00-04:00,44.22379091006703,44.424895267967045,44.21898243542205,44.26901626586914,11900,0.0,0.0,0.0
2019-06-10 00:00:00-04:00,44.59904985975925,44.62791905564959,44.46241579137751,44.467227935791016,2500,0.0,0.0,0.0
2019-06-11 00:00:00-04:00,44.810744432142236,44.810744432142236,44.30076719348963,44.37678146362305,8500,0.0,0.0,0.0
2019-06-12 00:00:00-04:00,44.21417292778489,44.362354708699286,44.20454863673813,44.27190399169922,3000,0.0,0.0,0.0
2019-06-13 00:00:00-04:00,44.483582026036345,44.535542905639744,44.414303300292175,44.522071838378906,8700,0.0,0.0,0.0
2019-06-14 00:00:00-04:00,44.945455259208984,44.945455259208984,44.348877764026646,44.42585372924805,17900,0.0,0.0,0.0
2019-06-17 00:00:00-04:00,44.43643585010201,44.50764163997804,44.36811881514285,44.416229248046875,16300,0.0,0.0,0.0
2019-06-18 00:00:00-04:00,44.74338632288158,44.979130018752834,44.74338632288158,44.829986572265625,10500,0.0,0.0,0.0
2019-06-19 00:00:00-04:00,44.7722543772131,45.051300048828125,44.7722543772131,45.051300048828125,6800,0.0,0.0,0.0
2019-06-20 00:00:00-04:00,45.368839831082546,45.46506071356253,45.224504836771196,45.426570892333984,20700,0.0,0.0,0.0
2019-06-21 00:00:00-04:00,45.51316225583358,45.51316225583358,45.26394750270056,45.320716857910156,6100,0.0,0.0,0.0
2019-06-24 00:00:00-04:00,45.33134917403991,45.33134917403991,45.1062126159668,45.1062126159668,4200,0.196,0.0,0.0
2019-06-25 00:00:00-04:00,45.06562951423893,45.08978709394077,44.7883186340332,44.7883186340332,8400,0.0,0.0,0.0
2019-06-26 00:00:00-04:00,44.805713397906054,44.86272366998308,44.69749450683594,44.69749450683594,2800,0.0,0.0,0.0
2019-06-27 00:00:00-04:00,44.930362409329284,45.00766372680664,44.85306109185193,45.00766372680664,26900,0.0,0.0,0.0
2019-06-28 00:00:00-04:00,45.22022767644799,45.34584045410156,45.084954078634496,45.34584045410156,9100,0.0,0.0,0.0
2019-07-01 00:00:00-04:00,45.76133360886946,45.771960144276576,45.59707015052108,45.671470642089844,6400,0.0,0.0,0.0
2019-07-02 00:00:00-04:00,45.623155772878334,45.69659054540452,45.54875528683501,45.645381927490234,9500,0.0,0.0,0.0
2019-07-03 00:00:00-04:00,45.88694185648578,46.109177595559295,45.83862669439771,46.06279754638672,9900,0.0,0.0,0.0
2019-07-05 00:00:00-04:00,45.693693582480876,46.003857175441524,45.693693582480876,45.971004486083984,13300,0.0,0.0,0.0
2019-07-08 00:00:00-04:00,45.87727577854248,45.87727577854248,45.71301602804241,45.80963897705078,16800,0.0,0.0,0.0
2019-07-09 00:00:00-04:00,45.51010551233404,45.867618560791016,45.51010551233404,45.867618560791016,9200,0.0,0.0,0.0
2019-07-10 00:00:00-04:00,46.10917907496607,46.10917907496607,45.877278821662706,45.98356628417969,6000,0.0,0.0,0.0
2019-07-11 00:00:00-04:00,46.04154932919444,46.09952163696289,45.79032370909767,46.09952163696289,14200,0.0,0.0,0.0
2019-07-12 00:00:00-04:00,46.16715310774125,46.34880677718062,46.16715310774125,46.31305694580078,13600,0.0,0.0,0.0
2019-07-15 00:00:00-04:00,46.476349856208884,46.476349856208884,46.20290548818269,46.283103942871094,15500,0.0,0.0,0.0
2019-07-16 00:00:00-04:00,46.37972760952971,46.37972760952971,46.12850570678711,46.12850570678711,12700,0.0,0.0,0.0
2019-07-17 00:00:00-04:00,46.08018416453725,46.12849932285429,45.819297790527344,45.819297790527344,4600,0.0,0.0,0.0
2019-07-18 00:00:00-04:00,45.74394222798509,46.06763322272066,45.74394222798509,45.99323272705078,6800,0.0,0.0,0.0
2019-07-19 00:00:00-04:00,46.138163840527326,46.14782466140752,45.82896596934997,45.85795211791992,4300,0.0,0.0,0.0
2019-07-22 00:00:00-04:00,45.799978307705636,45.98356338579924,45.790313801215355,45.822200775146484,5700,0.0,0.0,0.0
2019-07-23 00:00:00-04:00,45.8869464254882,46.20580514862815,45.8869464254882,46.18938064575195,17300,0.0,0.0,0.0
2019-07-24 00:00:00-04:00,46.14396638604314,46.53432846069336,46.14396638604314,46.53432846069336,13100,0.0,0.0,0.0
2019-07-25 00:00:00-04:00,46.54398695386407,46.54398695386407,46.14782693155919,46.20580291748047,17100,0.0,0.0,0.0
2019-07-26 00:00:00-04:00,46.1671481714728,46.48407910999182,46.1671481714728,46.481178283691406,16100,0.0,0.0,0.0
2019-07-29 00:00:00-04:00,46.341079564799045,46.389391046597055,46.28600440183072,46.379730224609375,6600,0.0,0.0,0.0
2019-07-30 00:00:00-04:00,45.99322364218786,46.35846605289773,45.99322364218786,46.321746826171875,10400,0.0,0.0,0.0
2019-07-31 00:00:00-04:00,46.41837695541757,46.42417492249134,45.7323443885364,45.98356628417969,5300,0.0,0.0,0.0
2019-08-01 00:00:00-04:00,45.98356893825933,46.26378068544473,45.435707092285156,45.435707092285156,15900,0.0,0.0,0.0
2019-08-02 00:00:00-04:00,45.191242910719325,45.20090373117441,44.84822665266126,45.036643981933594,9200,0.0,0.0,0.0
2019-08-05 00:00:00-04:00,44.50521413188831,44.50521413188831,43.48099383896908,43.77086639404297,495900,0.0,0.0,0.0
2019-08-06 00:00:00-04:00,43.90614326615396,44.321628644105544,43.722558161031316,44.302303314208984,131400,0.0,0.0,0.0
2019-08-07 00:00:00-04:00,43.77086182790198,44.37959671020508,43.51963995595974,44.37959671020508,10500,0.0,0.0,0.0
2019-08-08 00:00:00-04:00,44.4568925111297,45.2202262878418,44.4568925111297,45.2202262878418,9400,0.0,0.0,0.0
2019-08-09 00:00:00-04:00,45.23956082271367,45.23956082271367,44.651116884578656,44.87238693237305,13300,0.0,0.0,0.0
2019-08-12 00:00:00-04:00,44.4568928665947,44.49554351821475,44.09938355393174,44.27330780029297,14800,0.0,0.0,0.0
2019-08-13 00:00:00-04:00,44.78252329164952,44.973837769879545,44.75643428354008,44.790252685546875,15400,0.0,0.0,0.0
2019-08-14 00:00:00-04:00,44.45690562486316,44.45690562486316,43.53124326271113,43.55540084838867,20000,0.0,0.0,0.0
2019-08-15 00:00:00-04:00,43.47133006014958,43.64525063261769,43.413354078707364,43.577613830566406,12000,0.0,0.0,0.0
2019-08-16 00:00:00-04:00,43.838501513144145,44.26558277808038,43.838501513144145,44.15736389160156,36800,0.0,0.0,0.0
2019-08-19 00:00:00-04:00,44.80474895487793,44.80474895487793,44.57285237770318,44.72745132446289,6500,0.0,0.0,0.0
2019-08-20 00:00:00-04:00,44.72745122933022,44.72745122933022,44.33129119873047,44.33129119873047,14700,0.0,0.0,0.0
2019-08-21 00:00:00-04:00,44.7661025992902,44.77576342100154,44.62116447211223,44.739044189453125,6600,0.0,0.0,0.0
2019-08-22 00:00:00-04:00,44.95934775553262,44.95934775553262,44.491688062513795,44.7661018371582,15800,0.0,0.0,0.0
2019-08-23 00:00:00-04:00,44.44723893947017,44.6404885416103,43.469398680228984,43.59694290161133,37700,0.0,0.0,0.0
2019-08-26 00:00:00-04:00,44.002759972860815,44.002759972860815,43.73704135423659,43.97377014160156,6700,0.0,0.0,0.0
2019-08-27 00:00:00-04:00,44.15253311988852,44.196016030196205,43.73897920188383,43.82884216308594,10900,0.0,0.0,0.0
2019-08-28 00:00:00-04:00,43.5969394586144,44.118712237407735,43.5969394586144,44.08876037597656,10300,0.0,0.0,0.0
2019-08-29 00:00:00-04:00,44.592175776862454,44.75643553809135,44.51487446386334,44.7177848815918,11200,0.0,0.0,0.0
2019-08-30 00:00:00-04:00,44.833737303190325,44.90137410978185,44.592176226526426,44.755470275878906,4300,0.0,0.0,0.0
2019-09-03 00:00:00-04:00,44.51487027351193,44.51487027351193,44.253983895592356,44.46269226074219,32200,0.0,0.0,0.0
2019-09-04 00:00:00-04:00,44.751604024311305,44.97867202758789,44.751604024311305,44.97867202758789,7800,0.0,0.0,0.0
2019-09-05 00:00:00-04:00,45.297531612489976,45.690790782414126,45.297531612489976,45.59706497192383,16100,0.0,0.0,0.0
2019-09-06 00:00:00-04:00,45.55841979386526,45.751665703316796,45.54875528683501,45.645381927490234,16200,0.0,0.0,0.0
2019-09-09 00:00:00-04:00,45.7226843897958,45.82897186279297,45.61639691679864,45.82897186279297,27700,0.0,0.0,0.0
2019-09-10 00:00:00-04:00,45.73234266184512,45.9545783996582,45.558418399916725,45.9545783996582,16700,0.0,0.0,0.0
2019-09-11 00:00:00-04:00,45.86762217434388,46.30242919921875,45.86762217434388,46.30242919921875,41900,0.0,0.0,0.0
2019-09-12 00:00:00-04:00,46.32175161376309,46.48601506569718,46.24252255734386,46.3777961730957,26800,0.0,0.0,0.0
2019-09-13 00:00:00-04:00,46.524662787791776,46.55364893621552,46.324649517437514,46.350738525390625,22300,0.0,0.0,0.0
2019-09-16 00:00:00-04:00,46.292763988602154,46.457027435302734,46.292763988602154,46.457027435302734,4600,0.0,0.0,0.0
2019-09-17 00:00:00-04:00,46.428039260623386,46.505340576171875,46.33141630211737,46.505340576171875,6200,0.0,0.0,0.0
2019-09-18 00:00:00-04:00,46.34107919543572,46.42514419555664,46.09951810244125,46.42514419555664,3400,0.0,0.0,0.0
2019-09-19 00:00:00-04:00,46.515002727500395,46.61162937469854,46.35364009690569,46.362335205078125,5800,0.0,0.0,0.0
2019-09-20 00:00:00-04:00,46.40871348465269,46.48987765363894,46.167152404785156,46.167152404785156,4900,0.0,0.0,0.0
2019-09-23 00:00:00-04:00,45.9449125760915,46.341072564478594,45.9449125760915,46.244449615478516,19300,0.0,0.0,0.0
2019-09-24 00:00:00-04:00,46.43071894464032,46.43071894464032,45.683713629434855,45.80012893676758,6300,0.192,0.0,0.0
2019-09-25 00:00:00-04:00,45.99415750394157,46.12803677443423,45.78072635379085,46.04266357421875,14900,0.0,0.0,0.0
2019-09-26 00:00:00-04:00,45.99416018477431,46.00385991908473,45.694389914414614,45.93692398071289,8600,0.0,0.0,0.0
2019-09-27 00:00:00-04:00,46.023257602851864,46.023257602851864,45.499386894678956,45.71281433105469,27900,0.0,0.0,0.0
2019-09-30 00:00:00-04:00,45.78072093398943,46.01646403438824,45.78072093398943,45.92624282836914,4300,0.0,0.0,0.0
2019-10-01 00:00:00-04:00,46.06206358490736,46.14937598573135,45.17923984358728,45.21513366699219,12500,0.0,0.0,0.0
2019-10-02 00:00:00-04:00,44.965807170011736,44.965807170011736,44.25760825456359,44.374027252197266,13200,0.0,0.0,0.0
2019-10-03 00:00:00-04:00,44.42253743130416,44.76402282714844,44.082987541258106,44.76402282714844,9500,0.0,0.0,0.0
2019-10-04 00:00:00-04:00,44.96580843690524,45.26655197143555,44.781483903288674,45.26655197143555,2900,0.0,0.0,0.0
2019-10-07 00:00:00-04:00,45.2568548872565,45.353867026253646,45.053123474121094,45.053123474121094,8000,0.0,0.0,0.0
2019-10-08 00:00:00-04:00,44.65536658189393,44.684473183430896,44.296417236328125,44.296417236328125,17000,0.0,0.0,0.0
2019-10-09 00:00:00-04:00,44.538954647351154,44.762085538543104,44.52925491328892,44.597164154052734,6700,0.0,0.0,0.0
2019-10-10 00:00:00-04:00,44.59716312040769,45.04342489244842,44.59716312040769,44.92700958251953,8300,0.0,0.0,0.0
2019-10-11 00:00:00-04:00,45.47998398807131,45.87773966363798,45.47028055408574,45.525577545166016,19900,0.0,0.0,0.0
2019-10-14 00:00:00-04:00,45.305363278380504,45.50909100117985,45.305363278380504,45.47998809814453,12900,0.0,0.0,0.0
2019-10-15 00:00:00-04:00,45.49939069285306,45.95438260136254,45.49939069285306,45.848636627197266,7200,0.0,0.0,0.0
2019-10-16 00:00:00-04:00,45.838938236792046,45.838938236792046,45.64103183145201,45.67692565917969,10700,0.0,0.0,0.0
2019-10-17 00:00:00-04:00,46.04266136569023,46.04266136569023,45.7661727075191,45.8874397277832,8400,0.0,0.0,0.0
2019-10-18 00:00:00-04:00,45.66431000080196,45.887440879595594,45.66431000080196,45.8292350769043,8500,0.0,0.0,0.0
2019-10-21 00:00:00-04:00,46.03296490268431,46.09117070804965,46.01938305466226,46.058189392089844,4900,0.0,0.0,0.0
2019-10-22 00:00:00-04:00,46.10086821107239,46.23668667381735,45.99900436401367,45.99900436401367,8500,0.0,0.0,0.0
2019-10-23 00:00:00-04:00,46.01840983014452,46.11445236206055,45.962139535069646,46.11445236206055,5100,0.0,0.0,0.0
2019-10-24 00:00:00-04:00,46.16878451620269,46.324975772290266,46.05721721855379,46.26579666137695,16900,0.0,0.0,0.0
2019-10-25 00:00:00-04:00,46.02325777852134,46.40452279667023,46.02325777852134,46.391910552978516,7600,0.0,0.0,0.0
2019-10-28 00:00:00-04:00,46.595640469225025,46.61504363730459,46.48892489517537,46.54713439941406,17000,0.0,0.0,0.0
2019-10-29 00:00:00-04:00,46.56362449979994,46.735336785399866,46.44041457879996,46.71205520629883,5600,0.0,0.0,0.0
2019-10-30 00:00:00-04:00,46.479226778561646,46.69265793408634,46.41131753830852,46.663551330566406,11600,0.0,0.0,0.0
2019-10-31 00:00:00-04:00,46.663547491643946,46.663547491643946,46.22698918329615,46.391910552978516,8900,0.0,0.0,0.0
2019-11-01 00:00:00-04:00,46.70235663569967,46.9933967590332,46.47049562064311,46.9933967590332,5400,0.0,0.0,0.0
2019-11-04 00:00:00-05:00,47.323241721561665,47.323241721561665,47.20682641606719,47.28443908691406,10200,0.0,0.0,0.0
2019-11-05 00:00:00-05:00,47.47846057050869,47.47846057050869,47.206823640069906,47.226226806640625,10500,0.0,0.0,0.0
2019-11-06 00:00:00-05:00,47.05159923458121,47.16801452636719,47.05159923458121,47.16801452636719,10300,0.0,0.0,0.0
2019-11-07 00:00:00-05:00,47.43966100219514,47.43966100219514,47.1777237877358,47.199066162109375,14400,0.0,0.0,0.0
2019-11-08 00:00:00-05:00,47.31354016424014,47.31354016424014,47.19712486323327,47.30965805053711,48700,0.0,0.0,0.0
2019-11-11 00:00:00-05:00,47.265036473566965,47.29899109226676,47.15832090028878,47.24951171875,7300,0.0,0.0,0.0
2019-11-12 00:00:00-05:00,47.30383855384994,47.45129966783834,47.245632751490625,47.28443908691406,37500,0.0,0.0,0.0
2019-11-13 00:00:00-05:00,47.25533087562416,47.3911493442049,47.14861530723195,47.37174987792969,22500,0.0,0.0,0.0
2019-11-14 00:00:00-05:00,47.23593254983687,47.45906344262784,47.23593254983687,47.449363708496094,6200,0.0,0.0,0.0
2019-11-15 00:00:00-05:00,47.77920751603898,47.77920751603898,47.57644940693068,47.7307014465332,13800,0.0,0.0,0.0
2019-11-18 00:00:00-05:00,47.71129666777346,47.83353329108045,47.71129666777346,47.81801223754883,21400,0.0,0.0,0.0
2019-11-19 00:00:00-05:00,47.953831294476416,47.99263762955592,47.73846094579369,47.92472839355469,23500,0.0,0.0,0.0
2019-11-20 00:00:00-05:00,47.856820194386394,47.95383233341116,47.64241944431922,47.866519927978516,10300,0.0,0.0,0.0
2019-11-21 00:00:00-05:00,47.7501002150621,47.81800944626858,47.63368121804337,47.691890716552734,6800,0.0,0.0,0.0
2019-11-22 00:00:00-05:00,47.85681512194374,47.85681512194374,47.66278716368375,47.79472351074219,11300,0.0,0.0,0.0
2019-11-25 00:00:00-05:00,47.866524306641026,48.2351771300548,47.866524306641026,48.17696762084961,14700,0.0,0.0,0.0
2019-11-26 00:00:00-05:00,48.35158471412395,48.35158471412395,48.215766248478126,48.318599700927734,7800,0.0,0.0,0.0
2019-11-27 00:00:00-05:00,48.50680828506069,48.50680828506069,48.409796148800886,48.49128723144531,8700,0.0,0.0,0.0
2019-11-29 00:00:00-05:00,48.419501107882944,48.419501107882944,48.27397918701172,48.27397918701172,1800,0.0,0.0,0.0
2019-12-02 00:00:00-05:00,48.45830533020752,48.45830533020752,47.8412971496582,47.8412971496582,11700,0.0,0.0,0.0
2019-12-03 00:00:00-05:00,47.517270754980714,47.56577682495117,47.33779422523653,47.56577682495117,9600,0.0,0.0,0.0
2019-12-04 00:00:00-05:00,47.77920560485531,47.934427241530415,47.77920560485531,47.82965087890625,13100,0.0,0.0,0.0
2019-12-05 00:00:00-05:00,47.77920210228768,47.88591766357422,47.741365373941385,47.88591766357422,17000,0.0,0.0,0.0
2019-12-06 00:00:00-05:00,48.11875049923996,48.36613624825523,48.11875049923996,48.244869232177734,12200,0.0,0.0,0.0
2019-12-09 00:00:00-05:00,48.253597638762834,48.253597638762834,48.12942181746889,48.16822814941406,14000,0.0,0.0,0.0
2019-12-10 00:00:00-05:00,48.06055011218203,48.13815908680794,48.02271337780716,48.05569839477539,22600,0.0,0.0,0.0
2019-12-11 00:00:00-05:00,48.031445790925915,48.22353458113042,48.031445790925915,48.171146392822266,508400,0.0,0.0,0.0
2019-12-12 00:00:00-05:00,48.235172109583125,48.671730430466894,48.235172109583125,48.62031555175781,13700,0.0,0.0,0.0
2019-12-13 00:00:00-05:00,48.81725251765864,48.81725251765864,48.44859973125829,48.50680923461914,15900,0.0,0.0,0.0
2019-12-16 00:00:00-05:00,48.875460908223715,48.957921593858906,48.846354306818064,48.87643051147461,7400,0.0,0.0,0.0
2019-12-17 00:00:00-05:00,49.137395716584564,49.137395716584564,48.8269524557738,48.834712982177734,11300,0.0,0.0,0.0
2019-12-18 00:00:00-05:00,48.7881503064532,48.91426534768844,48.7881503064532,48.87934112548828,18200,0.0,0.0,0.0
2019-12-19 00:00:00-05:00,48.826957224820816,49.11799734766055,48.826957224820816,49.0539665222168,19200,0.0,0.0,0.0
2019-12-20 00:00:00-05:00,49.467248235256555,49.467248235256555,49.292623416950015,49.363441467285156,22600,0.0,0.0,0.0
2019-12-23 00:00:00-05:00,49.544857975441246,49.544857975441246,49.34113025119329,49.356651306152344,13000,0.0,0.0,0.0
2019-12-24 00:00:00-05:00,49.34300717168304,49.41121403355818,49.33326492727024,49.403419494628906,86800,0.222,0.0,0.0
2019-12-26 00:00:00-05:00,49.51742831193751,49.528148127138856,49.391730673010976,49.463836669921875,8700,0.0,0.0,0.0
2019-12-27 00:00:00-05:00,49.547620633728144,49.57685479675386,49.450183335628225,49.48136520385742,23400,0.0,0.0,0.0
2019-12-30 00:00:00-05:00,49.60608981839485,49.60608981839485,49.20659091214437,49.245567321777344,64000,0.0,0.0,0.0
2019-12-31 00:00:00-05:00,49.381978659126496,49.41413438137409,49.22802445039072,49.41120910644531,19000,0.0,0.0,0.0
2020-01-02 00:00:00-05:00,49.69378612843253,49.69378612843253,49.38198227753531,49.684043884277344,29600,0.0,0.0,0.0
2020-01-03 00:00:00-05:00,49.20659495444153,49.59635164879958,49.20659495444153,49.48721694946289,48300,0.0,0.0,0.0
2020-01-06 00:00:00-05:00,49.148125518484875,49.576858583660325,49.148125518484875,49.515472412109375,52300,0.0,0.0,0.0
2020-01-07 00:00:00-05:00,49.55737143737757,49.55737143737757,49.420957719906994,49.46675109863281,10400,0.0,0.0,0.0
2020-01-08 00:00:00-05:00,49.56711248979647,49.82532469408646,49.490137241644206,49.64506530761719,18500,0.0,0.0,0.0
2020-01-09 00:00:00-05:00,49.64506345977779,49.927636838367825,49.64506345977779,49.8886604309082,22100,0.0,0.0,0.0
2020-01-10 00:00:00-05:00,50.064056586346815,50.08354479242735,49.77271478188409,49.804866790771484,30200,0.0,0.0,0.0
2020-01-13 00:00:00-05:00,49.976359057043695,50.1517491861384,49.87891803143826,50.12738800048828,38900,0.0,0.0,0.0
2020-01-14 00:00:00-05:00,50.21021164724902,50.3466253703473,50.11277433560601,50.17026138305664,24600,0.0,0.0,0.0
2020-01-15 00:00:00-05:00,50.27841677762335,50.46647442527447,50.20534065490482,50.284263610839844,17300,0.0,0.0,0.0
2020-01-16 00:00:00-05:00,50.530782249433216,50.68278503417969,50.514215603675524,50.68278503417969,9300,0.0,0.0,0.0
2020-01-17 00:00:00-05:00,50.882537890296746,50.90202609455171,50.78022760570438,50.83479309082031,133600,0.0,0.0,0.0
2020-01-21 00:00:00-05:00,50.74612808227539,50.86305359980734,50.68766346501183,50.74612808227539,25800,0.0,0.0,0.0
2020-01-22 00:00:00-05:00,50.755868123602646,51.004338089944,50.69740350887673,50.74125289916992,15400,0.0,0.0,0.0
2020-01-23 00:00:00-05:00,50.50252768273448,50.86305017241143,50.39534441680473,50.851356506347656,26600,0.0,0.0,0.0
2020-01-24 00:00:00-05:00,50.8143342036042,50.8143342036042,50.09231161644836,50.3173942565918,11200,0.0,0.0,0.0
2020-01-27 00:00:00-05:00,49.59634830160073,49.781480674579015,49.53788368629413,49.6060905456543,21500,0.0,0.0,0.0
2020-01-28 00:00:00-05:00,49.8107079053968,50.21020679169204,49.747374030653035,50.103023529052734,20900,0.0,0.0,0.0
2020-01-29 00:00:00-05:00,50.171240324844334,50.171240324844334,49.930564880371094,49.930564880371094,9200,0.0,0.0,0.0
2020-01-30 00:00:00-05:00,49.63531846864111,50.01728057861328,49.45018610508505,50.01728057861328,7600,0.0,0.0,0.0
2020-01-31 00:00:00-05:00,50.07379391480709,50.07379391480709,48.97273453982466,49.182228088378906,40400,0.0,0.0,0.0
2020-02-03 00:00:00-05:00,49.31377605291041,49.791224079563726,49.31377605291041,49.557373046875,6800,0.0,0.0,0.0
2020-02-04 00:00:00-05:00,50.1907219156143,50.40508845510592,49.77173851469123,50.093284606933594,48700,0.0,0.0,0.0
2020-02-05 00:00:00-05:00,50.53176151286944,50.73638209770559,50.50253106274861,50.67791748046875,35700,0.0,0.0,0.0
2020-02-06 00:00:00-05:00,50.80458947545318,50.882542299227566,50.73443490765241,50.7558708190918,55300,0.0,0.0,0.0
2020-02-07 00:00:00-05:00,50.7071513773534,50.7071513773534,50.38755298221799,50.46355438232422,19800,0.0,0.0,0.0
2020-02-10 00:00:00-05:00,50.44406374820202,50.69740297535823,50.385599134091365,50.67694091796875,12800,0.0,0.0,0.0
2020-02-11 00:00:00-05:00,50.80458756369785,51.20408647802056,50.80458756369785,51.04039001464844,17100,0.0,0.0,0.0
2020-02-12 00:00:00-05:00,51.41845594924103,51.41845594924103,51.252808054009236,51.39896774291992,28300,0.0,0.0,0.0
2020-02-13 00:00:00-05:00,51.038437191561314,51.46619265959925,51.038437191561314,51.34829330444336,8400,0.0,0.0,0.0
2020-02-14 00:00:00-05:00,51.54512248423956,51.54512248423956,51.2820372996499,51.413578033447266,24300,0.0,0.0,0.0
2020-02-18 00:00:00-05:00,51.19434506850569,51.359989240000715,51.06767359107146,51.29178237915039,13300,0.0,0.0,0.0
2020-02-19 00:00:00-05:00,51.38922485477791,51.59871842386252,51.38922485477791,51.525638580322266,32800,0.0,0.0,0.0
2020-02-20 00:00:00-05:00,51.30152604412768,51.54512302683104,51.089107215277394,51.4710693359375,14300,0.0,0.0,0.0
2020-02-21 00:00:00-05:00,51.15536733679503,51.17875095262783,50.92151259349186,51.023826599121094,28600,0.0,0.0,0.0
2020-02-24 00:00:00-05:00,49.73276260211019,49.927640938416864,49.34787891007818,49.53398513793945,26400,0.0,0.0,0.0
2020-02-25 00:00:00-05:00,49.771733830989746,49.771733830989746,47.82490581003382,47.91649627685547,34900,0.0,0.0,0.0
2020-02-26 00:00:00-05:00,48.31989909262117,48.592726532025324,47.44294844168627,47.48971939086914,41000,0.0,0.0,0.0
2020-02-27 00:00:00-05:00,46.54651285264039,47.254894052527035,45.65007400512695,45.65007400512695,57800,0.0,0.0,0.0
2020-02-28 00:00:00-05:00,44.25670320887178,45.00211318538983,43.847462014230096,44.61722946166992,100100,0.0,0.0,0.0
2020-03-02 00:00:00-05:00,47.316278228725665,47.316278228725665,44.69517237300103,46.65369415283203,75600,0.0,0.0,0.0
2020-03-03 00:00:00-05:00,47.01421537247147,47.06293402324087,45.20672629486453,45.591609954833984,48600,0.0,0.0,0.0
2020-03-04 00:00:00-05:00,46.527026817008654,47.355255126953125,46.05932102488757,47.355255126953125,39100,0.0,0.0,0.0
2020-03-05 00:00:00-05:00,46.18599032247308,46.52702461821696,45.4016077252671,45.6773567199707,27000,0.0,0.0,0.0
2020-03-06 00:00:00-05:00,44.28593285314492,44.987489646138734,43.77925067559687,44.84620666503906,44700,0.0,0.0,0.0
2020-03-09 00:00:00-04:00,43.58437239738691,43.58437239738691,40.74403064148991,41.27507400512695,85500,0.0,0.0,0.0
2020-03-10 00:00:00-04:00,43.857194535615264,43.857194535615264,40.60273903898058,42.74152374267578,51500,0.0,0.0,0.0
2020-03-11 00:00:00-04:00,41.74277815294862,41.90842231325245,39.988880660874116,40.58130645751953,53400,0.0,0.0,0.0
2020-03-12 00:00:00-04:00,39.9304141146909,39.9304141146909,36.4031310971321,36.49374771118164,169000,0.0,0.0,0.0
2020-03-13 00:00:00-04:00,40.14478801257386,40.14478801257386,36.478165340344454,39.47245788574219,87400,0.0,0.0,0.0
2020-03-16 00:00:00-04:00,37.99138607889121,37.99138607889121,34.65897750854492,34.65897750854492,184900,0.0,0.0,0.0
2020-03-17 00:00:00-04:00,35.44823865671885,36.50934793778127,33.89408851188018,36.14979553222656,273600,0.0,0.0,0.0
2020-03-18 00:00:00-04:00,34.11332502213538,34.58298227683751,31.923877119116998,33.518951416015625,170200,0.0,0.0,0.0
2020-03-19 00:00:00-04:00,33.314320852435074,34.76908201204807,32.71994735768128,34.37640380859375,56200,0.0,0.0,0.0
2020-03-20 00:00:00-04:00,34.64923643015988,34.8168283009248,32.76866741155055,32.780357360839844,29400,0.0,0.0,0.0
2020-03-23 00:00:00-04:00,32.9830310912354,33.08047211782251,31.19990305013485,31.60914421081543,84200,0.0,0.0,0.0
2020-03-24 00:00:00-04:00,33.76254946066838,35.06822967529297,33.572544076789804,35.06822967529297,89600,0.0,0.0,0.0
2020-03-25 00:00:00-04:00,35.51796730707338,37.31497998326119,34.70096866678314,35.940216064453125,147900,0.278,0.0,0.0
2020-03-26 00:00:00-04:00,36.37228535421106,38.17911604933837,36.37228535421106,38.171260833740234,53800,0.0,0.0,0.0
2020-03-27 00:00:00-04:00,36.9811028886507,37.86389490412866,36.52448529556081,36.95164489746094,350400,0.0,0.0,0.0
2020-03-30 00:00:00-04:00,37.44263198061074,38.031814289190066,36.92218373723826,37.913978576660156,157500,0.0,0.0,0.0
2020-03-31 00:00:00-04:00,37.393535778192145,38.15947356333159,37.19222950362451,37.47209167480469,61100,0.0,0.0,0.0
2020-04-01 00:00:00-04:00,35.91075328743185,36.15133563011761,35.12517561524278,35.54742431640625,41100,0.0,0.0,0.0
2020-04-02 00:00:00-04:00,35.36085175171791,36.70124675985229,35.36085175171791,35.940216064453125,164500,0.0,0.0,0.0
2020-04-03 00:00:00-04:00,35.92058061550729,36.205349989952396,34.93860743843073,35.4492301940918,136700,0.0,0.0,0.0
2020-04-06 00:00:00-04:00,37.177497291637046,38.19875008078112,36.460657472121376,38.05145263671875,122200,0.0,0.0,0.0
2020-04-07 00:00:00-04:00,38.94505271361439,39.96630562922837,38.40496826171875,38.40496826171875,41200,0.0,0.0,0.0
2020-04-08 00:00:00-04:00,39.28874342625832,40.36891612075259,39.02361397661078,40.22161865234375,98400,0.0,0.0,0.0
2020-04-09 00:00:00-04:00,40.977738085079764,41.88115530858829,40.761702798732685,41.252689361572266,55800,0.0,0.0,0.0
2020-04-13 00:00:00-04:00,40.840259257658666,40.840259257658666,39.872033771411886,40.339454650878906,68300,0.0,0.0,0.0
2020-04-14 00:00:00-04:00,40.96791839395033,41.56495596317473,40.82062093250813,41.350887298583984,52600,0.0,0.0,0.0
2020-04-15 00:00:00-04:00,40.78133968094335,40.78133968094335,39.71589981776064,40.03504180908203,27000,0.0,0.0,0.0
2020-04-16 00:00:00-04:00,39.85828887323898,40.03504433354932,39.436040134267635,39.907386779785156,152600,0.0,0.0,0.0
2020-04-17 00:00:00-04:00,40.683147387029635,41.63566252911941,40.683147387029635,41.4490852355957,575600,0.0,0.0,0.0
2020-04-20 00:00:00-04:00,40.61440764882832,41.39998537255293,40.532903702459194,40.66350555419922,41300,0.0,0.0,0.0
2020-04-21 00:00:00-04:00,39.60297185101528,40.002632574024624,39.22196585751318,39.54405212402344,31100,0.0,0.0,0.0
2020-04-22 00:00:00-04:00,39.92702212521122,40.5849459846609,39.9073822156529,40.35908889770508,23000,0.0,0.0,0.0
2020-04-23 00:00:00-04:00,40.78134155899658,41.0562965736539,40.398372650146484,40.398372650146484,123400,0.0,0.0,0.0
2020-04-24 00:00:00-04:00,40.96791737888593,41.095571179980894,40.38855312199429,40.95809555053711,35900,0.0,0.0,0.0
2020-04-27 00:00:00-04:00,41.50800350180453,42.161997947830365,41.25268839737451,42.00880813598633,25400,0.0,0.0,0.0
2020-04-28 00:00:00-04:00,43.02023989368881,43.02023989368881,42.19538239671787,42.323036193847656,40400,0.0,0.0,0.0
2020-04-29 00:00:00-04:00,43.177359059260624,44.00221662558345,43.16263006188649,43.737083435058594,127600,0.0,0.0,0.0
2020-04-30 00:00:00-04:00,43.61924364188674,43.61924364188674,42.686372186403545,42.85330581665039,29300,0.0,0.0,0.0
2020-05-01 00:00:00-04:00,41.789823622286995,41.789823622286995,41.11520791061306,41.19376754760742,27500,0.0,0.0,0.0
2020-05-04 00:00:00-04:00,40.707690745171426,41.42943772224606,40.624220196889844,41.3881950378418,27600,0.0,0.0,0.0
2020-05-05 00:00:00-04:00,42.077544092477495,42.24448146044145,41.606197473526834,41.645477294921875,177100,0.0,0.0,0.0
2020-05-06 00:00:00-04:00,41.64547376846003,41.92042500308307,41.188856184715554,41.20849609375,41500,0.0,0.0,0.0
2020-05-07 00:00:00-04:00,41.96953049805634,42.3034014904052,41.8909708547131,41.93516159057617,23500,0.0,0.0,0.0
2020-05-08 00:00:00-04:00,42.434004074591975,42.922042569272584,42.401598033854505,42.80420684814453,26500,0.0,0.0,0.0
2020-05-11 00:00:00-04:00,42.66672897338867,42.91222223129548,42.40159580533774,42.66672897338867,17000,0.0,0.0,0.0
2020-05-12 00:00:00-04:00,42.73546799008964,42.81402388694978,41.645477294921875,41.645477294921875,30900,0.0,0.0,0.0
2020-05-13 00:00:00-04:00,41.512913926243066,41.527642923261325,40.270714819371875,40.66350555419922,28500,0.0,0.0,0.0
2020-05-14 00:00:00-04:00,39.96630299341911,41.134849548339844,39.58333411180349,41.134849548339844,37500,0.0,0.0,0.0
2020-05-15 00:00:00-04:00,40.63404441372814,41.28214645385742,40.63404441372814,41.28214645385742,18700,0.0,0.0,0.0
2020-05-18 00:00:00-04:00,42.666730048216884,43.29519220494128,42.666730048216884,43.09879684448242,34500,0.0,0.0,0.0
2020-05-19 00:00:00-04:00,42.92204065769927,43.23627173066618,42.64708940533569,42.66279983520508,13300,0.0,0.0,0.0
2020-05-20 00:00:00-04:00,43.059514027299635,43.57014043059339,43.059514027299635,43.41302490234375,61400,0.0,0.0,0.0
2020-05-21 00:00:00-04:00,43.45230774412238,43.46212582647685,42.9662321300824,43.09879684448242,13400,0.0,0.0,0.0
2020-05-22 00:00:00-04:00,43.08406485037257,43.41302490234375,42.93186023592345,43.41302490234375,39200,0.0,0.0,0.0
2020-05-26 00:00:00-04:00,44.17896943621775,44.56684549690684,44.17896943621775,44.20842742919922,31100,0.0,0.0,0.0
2020-05-27 00:00:00-04:00,44.17896973102135,45.21004069748223,44.13968990949732,45.092201232910156,150400,0.0,0.0,0.0
2020-05-28 00:00:00-04:00,45.131481349862106,45.56355189759475,44.94490781529663,45.04899597167969,27700,0.0,0.0,0.0
2020-05-29 00:00:00-04:00,44.836892065569344,45.21004289633637,44.54230088167123,45.19040298461914,19400,0.0,0.0,0.0
2020-06-01 00:00:00-04:00,45.37697718838309,45.67156837657471,45.102025912194925,45.465354919433594,61100,0.0,0.0,0.0
2020-06-02 00:00:00-04:00,46.01525592321999,46.02507400512695,45.580241099925004,46.02507400512695,110700,0.0,0.0,0.0
2020-06-03 00:00:00-04:00,46.614267149978275,47.124893643194696,46.525889415653694,46.938316345214844,88900,0.0,0.0,0.0
2020-06-04 00:00:00-04:00,47.085607970422025,47.085607970422025,46.562215411631236,46.87939453125,14100,0.0,0.0,0.0
2020-06-05 00:00:00-04:00,47.2721810100942,48.54874519842954,47.2721810100942,48.17559814453125,33100,0.0,0.0,0.0
2020-06-08 00:00:00-04:00,48.705861718288006,48.95135498046875,48.48000836659331,48.95135498046875,14900,0.0,0.0,0.0
2020-06-09 00:00:00-04:00,48.17560324496439,48.3278078818547,47.93992804487692,48.131412506103516,40900,0.0,0.0,0.0
2020-06-10 00:00:00-04:00,47.93010331887389,48.133368702485576,47.37037901041277,47.58641052246094,25800,0.0,0.0,0.0
2020-06-11 00:00:00-04:00,45.76976826868936,46.049630461391565,44.38518630280526,44.43428421020508,35000,0.0,0.0,0.0
2020-06-12 00:00:00-04:00,45.61264679391674,45.818860225773975,44.30662090029475,45.141300201416016,27900,0.0,0.0,0.0
2020-06-15 00:00:00-04:00,43.9138380321578,45.838504400432925,43.9138380321578,45.68138885498047,14400,0.0,0.0,0.0
2020-06-16 00:00:00-04:00,46.99722920164901,47.09935448533819,46.3294872502913,46.486602783203125,25000,0.0,0.0,0.0
2020-06-17 00:00:00-04:00,46.52588500733397,46.800836267656486,46.31966781616211,46.31966781616211,17800,0.0,0.0,0.0
2020-06-18 00:00:00-04:00,46.083993712414596,46.38840669440231,46.083993712414596,46.36876678466797,21300,0.0,0.0,0.0
2020-06-19 00:00:00-04:00,46.84011335239782,46.84011335239782,45.85814034184831,45.98579788208008,45200,0.0,0.0,0.0
2020-06-22 00:00:00-04:00,46.162549982324286,46.42768314700803,45.784492018158254,46.142913818359375,24800,0.0,0.0,0.0
2020-06-23 00:00:00-04:00,46.84993679587786,46.84993679587786,46.17728760406741,46.1920166015625,8900,0.0,0.0,0.0
2020-06-24 00:00:00-04:00,45.775862919798556,45.775862919798556,44.622099931632704,44.79960250854492,30100,0.198,0.0,0.0
2020-06-25 00:00:00-04:00,44.61224147688811,45.264068603515625,44.46432140513451,45.264068603515625,15800,0.0,0.0,0.0
2020-06-26 00:00:00-04:00,45.36168972898898,45.36168972898898,44.39528896443517,44.464317321777344,22300,0.0,0.0,0.0
2020-06-29 00:00:00-04:00,44.62210518361191,45.12502670288086,44.52349430117142,45.12502670288086,20800,0.0,0.0,0.0
2020-06-30 00:00:00-04:00,45.25321976713905,45.91392465738658,45.23349684008173,45.805450439453125,13700,0.0,0.0,0.0
2020-07-01 00:00:00-04:00,45.88532542343136,46.13087079470248,45.8153114753035,45.894203186035156,18500,0.0,0.0,0.0
2020-07-02 00:00:00-04:00,46.32809491130053,46.69295965801103,46.11607814731395,46.19989776611328,17100,0.0,0.0,0.0
2020-07-06 00:00:00-04:00,47.10713714115788,47.10713714115788,46.505600985983925,46.72254943847656,22000,0.0,0.0,0.0
2020-07-07 00:00:00-04:00,46.31823628246386,46.59434974384818,45.85475689077122,46.101287841796875,25500,0.0,0.0,0.0
2020-07-08 00:00:00-04:00,46.33795830158489,46.33795830158489,45.9040614287567,46.27878952026367,26700,0.0,0.0,0.0
2020-07-09 00:00:00-04:00,46.06184096767099,46.06184096767099,45.312388548311034,45.805450439453125,18700,0.0,0.0,0.0
2020-07-10 00:00:00-04:00,45.480024685009454,46.319217681884766,45.480024685009454,46.319217681884766,17700,0.0,0.0,0.0
2020-07-13 00:00:00-04:00,46.54504474288295,46.978937866525804,45.95435754169264,45.97309112548828,11800,0.0,0.0,0.0
2020-07-14 00:00:00-04:00,45.61808474107921,46.75212860107422,45.61808474107921,46.75212860107422,20800,0.0,0.0,0.0
2020-07-15 00:00:00-04:00,47.511445544862426,47.77769942541187,47.136717443152406,47.600196838378906,32300,0.0,0.0,0.0
2020-07-16 00:00:00-04:00,47.028246033751515,47.53117131433545,47.028246033751515,47.46214294433594,37000,0.0,0.0,0.0
2020-07-17 00:00:00-04:00,47.876312227992415,47.876312227992415,47.46706992688187,47.71853256225586,20100,0.0,0.0,0.0
2020-07-20 00:00:00-04:00,47.6692266567159,47.76783753617716,47.51637866502177,47.68894958496094,12600,0.0,0.0,0.0
2020-07-21 00:00:00-04:00,48.191871148079485,48.191871148079485,47.97492646064613,48.00450897216797,8500,0.0,0.0,0.0
2020-07-22 00:00:00-04:00,48.21159276180209,48.533069336473154,48.09325895717732,48.467987060546875,14600,0.0,0.0,0.0
2020-07-23 00:00:00-04:00,48.18200876611419,48.773681532766446,48.03408869356927,48.22145462036133,41400,0.0,0.0,0.0
2020-07-24 00:00:00-04:00,48.014366589843846,48.024229934456635,47.78854414878735,47.807281494140625,12600,0.0,0.0,0.0
2020-07-27 00:00:00-04:00,47.79742574820463,48.06860755860484,47.738256961069496,47.965065002441406,67300,0.0,0.0,0.0
2020-07-28 00:00:00-04:00,48.05381387235503,48.06860512794986,47.71359994661851,47.73825454711914,9700,0.0,0.0,0.0
2020-07-29 00:00:00-04:00,48.014365842376506,48.5458880081707,48.014365842376506,48.53701400756836,23100,0.0,0.0,0.0
2020-07-30 00:00:00-04:00,48.31020591153554,48.31020591153554,47.639641436389,48.22145462036133,25800,0.0,0.0,0.0
2020-07-31 00:00:00-04:00,48.46798783977115,48.46798783977115,47.630765907784415,48.18989944458008,13000,0.0,0.0,0.0
2020-08-03 00:00:00-04:00,48.21849558877679,48.62576671090995,48.21849558877679,48.546875,15800,0.0,0.0,0.0
2020-08-04 00:00:00-04:00,48.22145519697501,48.80326838790443,48.22145519697501,48.7243766784668,23800,0.0,0.0,0.0
2020-08-05 00:00:00-04:00,49.14841075327477,49.14841075327477,48.77368265284877,49.06951904296875,38700,0.0,0.0,0.0
2020-08-06 00:00:00-04:00,48.694795186853774,48.98076823513749,48.694795186853774,48.94132614135742,28000,0.0,0.0,0.0
2020-08-07 00:00:00-04:00,48.862435431880364,49.256886471877415,48.84271250370412,49.23716354370117,14900,0.0,0.0,0.0
2020-08-10 00:00:00-04:00,49.12868699459101,49.57244345314587,49.12868699459101,49.56258010864258,23100,0.0,0.0,0.0
2020-08-11 00:00:00-04:00,50.05564293100557,50.05564293100557,49.23716212497675,49.306190490722656,72800,0.0,0.0,0.0
2020-08-12 00:00:00-04:00,49.735153408628356,49.82390469788933,49.66119337395027,49.71049880981445,33600,0.0,0.0,0.0
2020-08-13 00:00:00-04:00,49.779527606712186,49.779527606712186,49.4245224465708,49.503414154052734,17100,0.0,0.0,0.0
2020-08-14 00:00:00-04:00,49.24702126879682,49.668098057856206,49.24702126879682,49.513275146484375,10600,0.0,0.0,0.0
2020-08-17 00:00:00-04:00,49.51327852132558,49.710504047325664,49.51327852132558,49.641475677490234,13400,0.0,0.0,0.0
2020-08-18 00:00:00-04:00,49.98661411956322,49.98661411956322,49.513275146484375,49.513275146484375,16500,0.0,0.0,0.0
2020-08-19 00:00:00-04:00,49.51228517882264,49.57737120975991,49.18785189144633,49.24701690673828,23500,0.0,0.0,0.0
2020-08-20 00:00:00-04:00,49.23716110093325,49.23716110093325,48.9314613720138,49.08924102783203,11900,0.0,0.0,0.0
2020-08-21 00:00:00-04:00,48.842706754194396,49.084309774590196,48.842706754194396,49.03993225097656,10200,0.0,0.0,0.0
2020-08-24 00:00:00-04:00,49.18785769014297,49.611891237953465,49.18785769014297,49.602027893066406,23000,0.0,0.0,0.0
2020-08-25 00:00:00-04:00,49.99647963551146,49.99647963551146,49.508349386099965,49.67500305175781,9300,0.0,0.0,0.0
2020-08-26 00:00:00-04:00,49.45411633723072,49.82884072021331,49.36536503352133,49.740089416503906,16400,0.0,0.0,0.0
2020-08-27 00:00:00-04:00,50.07536410123218,50.20849291747274,49.81897357485445,50.055641174316406,15700,0.0,0.0,0.0
2020-08-28 00:00:00-04:00,50.45009325814425,50.45009325814425,50.00633679754528,50.43037033081055,27100,0.0,0.0,0.0
2020-08-31 00:00:00-04:00,50.20356145004477,50.410646540859446,50.12467350382362,50.24596405029297,14800,0.0,0.0,0.0
2020-09-01 00:00:00-04:00,50.00633530777954,50.3988151550293,49.8091098020819,50.3988151550293,26200,0.0,0.0,0.0
2020-09-02 00:00:00-04:00,50.73804098964097,51.42536788799308,50.696623970962285,51.268577575683594,28700,0.0,0.0,0.0
2020-09-03 00:00:00-04:00,51.46579994096818,51.46579994096818,49.70556910251485,49.9077262878418,27900,0.0,0.0,0.0
2020-09-04 00:00:00-04:00,50.469820875449656,50.469820875449656,48.88610690484571,49.700645446777344,28000,0.0,0.0,0.0
2020-09-08 00:00:00-04:00,48.99063436636585,49.12869110685799,48.53701828710196,48.56660079956055,334000,0.0,0.0,0.0
2020-09-09 00:00:00-04:00,48.85257728542423,49.68092148436844,48.85257728542423,49.3259162902832,33400,0.0,0.0,0.0
2020-09-10 00:00:00-04:00,49.492564974589975,49.59216519051209,48.5863184958425,48.635623931884766,47100,0.0,0.0,0.0
2020-09-11 00:00:00-04:00,49.049794550223176,49.049794550223176,48.34964386346869,48.74409484863281,107500,0.0,0.0,0.0
2020-09-14 00:00:00-04:00,49.38508128698437,49.69077725483926,49.217438286301984,49.56258010864258,17000,0.0,0.0,0.0
2020-09-15 00:00:00-04:00,50.045783931251634,50.045783931251634,49.63161373194999,49.730224609375,38300,0.0,0.0,0.0
2020-09-16 00:00:00-04:00,50.17398206293572,50.39092674986788,49.868282318115234,49.868282318115234,52200,0.0,0.0,0.0
2020-09-17 00:00:00-04:00,49.63161609398404,49.749949904878484,49.17799625565465,49.641475677490234,56400,0.0,0.0,0.0
2020-09-18 00:00:00-04:00,50.095088751053105,50.095088751053105,48.9018798448386,49.14841079711914,25900,0.0,0.0,0.0
2020-09-21 00:00:00-04:00,48.19186834879412,48.43149645878811,47.81714401873742,48.22145462036133,27900,0.0,0.0,0.0
2020-09-22 00:00:00-04:00,48.5863236898004,48.5863236898004,48.09326175314129,48.487709045410156,21200,0.0,0.0,0.0
2020-09-23 00:00:00-04:00,48.88215457719002,48.88215457719002,47.47396846084626,47.531166076660156,38500,0.0,0.0,0.0
2020-09-24 00:00:00-04:00,47.356871663528544,48.04018777857664,47.11919813557817,47.554935455322266,31800,0.204,0.0,0.0
2020-09-25 00:00:00-04:00,47.62425387877012,48.390756052667534,47.38757013858894,48.29766845703125,8000,0.0,0.0,0.0
2020-09-28 00:00:00-04:00,49.17905025495916,49.29788701532637,48.83244146315794,49.05030822753906,13200,0.0,0.0,0.0
2020-09-29 00:00:00-04:00,49.1097315174494,49.18895476998323,48.763122704327486,48.89186096191406,22200,0.0,0.0,0.0
2020-09-30 00:00:00-04:00,49.09983050832063,49.550421969791266,48.85423124533066,49.239463806152344,13600,0.0,0.0,0.0
2020-10-01 00:00:00-04:00,49.59498600793778,49.59498600793778,49.11468254138895,49.41672897338867,26500,0.0,0.0,0.0
2020-10-02 00:00:00-04:00,48.38680125564688,49.68411174932766,48.38680125564688,49.52566146850586,21800,0.0,0.0,0.0
2020-10-05 00:00:00-04:00,50.05053000434429,50.476365833117804,49.99110973367149,50.43675231933594,34800,0.0,0.0,0.0
2020-10-06 00:00:00-04:00,50.39713820941919,51.001231065312815,49.96833307217293,50.011905670166016,21900,0.0,0.0,0.0
2020-10-07 00:00:00-04:00,50.55558519502909,50.94180748031891,50.54073107294138,50.79326248168945,80000,0.0,0.0,0.0
2020-10-08 00:00:00-04:00,51.19929584569831,51.40726112799186,51.110167327893556,51.35774612426758,259100,0.0,0.0,0.0
2020-10-09 00:00:00-04:00,51.86280515927674,51.86280515927674,51.4270678380475,51.53600311279297,15400,0.0,0.0,0.0
2020-10-12 00:00:00-04:00,52.070771535764486,52.11038127001493,51.70435221636653,51.95193099975586,30900,0.0,0.0,0.0
2020-10-13 00:00:00-04:00,51.7142582140969,51.77367470518849,51.5181739713382,51.62512969970703,21500,0.0,0.0,0.0
2020-10-14 00:00:00-04:00,51.50628750547986,51.97173681874083,51.40725750501055,51.48648452758789,28900,0.0,0.0,0.0
2020-10-15 00:00:00-04:00,51.1794871277577,51.62512969970703,50.931908340869455,51.62512969970703,29700,0.0,0.0,0.0
2020-10-16 00:00:00-04:00,51.9717363558472,51.9717363558472,51.585514068603516,51.585514068603516,33100,0.0,0.0,0.0
2020-10-19 00:00:00-04:00,51.486486346323964,51.823193648666965,50.85268147657347,50.91210174560547,22400,0.0,0.0,0.0
2020-10-20 00:00:00-04:00,51.377553162965654,51.59541993609737,51.10026234063481,51.129974365234375,36100,0.0,0.0,0.0
2020-10-21 00:00:00-04:00,50.92200723093048,51.347843081362065,50.92200723093048,51.04084777832031,28800,0.0,0.0,0.0
2020-10-22 00:00:00-04:00,51.14977723713892,51.56570777241287,50.89229319151493,51.48648452758789,27400,0.0,0.0,0.0
2020-10-23 00:00:00-04:00,51.4567726281802,51.793479919433594,51.37853915428768,51.793479919433594,147200,0.0,0.0,0.0
2020-10-26 00:00:00-04:00,51.56570708490254,51.56570708490254,50.21887794106354,50.61500549316406,24400,0.0,0.0,0.0
2020-10-27 00:00:00-04:00,50.98142390522955,50.98142390522955,50.149559020996094,50.149559020996094,49900,0.0,0.0,0.0
2020-10-28 00:00:00-04:00,49.634596797012975,49.634596797012975,48.62447483905616,48.683895111083984,23800,0.0,0.0,0.0
2020-10-29 00:00:00-04:00,48.89185776073497,49.41672735763599,48.35709045232528,49.09982681274414,39400,0.0,0.0,0.0
2020-10-30 00:00:00-04:00,48.604667205112555,49.07011273595862,48.25805465143738,48.703697204589844,36300,0.0,0.0,0.0
2020-11-02 00:00:00-05:00,49.535566686592944,49.733630481860644,49.24837437234242,49.70391845703125,183500,0.0,0.0,0.0
2020-11-03 00:00:00-05:00,50.06043182695786,50.951717004216334,50.06043182695786,50.69423294067383,47200,0.0,0.0,0.0
2020-11-04 00:00:00-05:00,51.29832802060136,52.04106444110549,50.69423512748422,51.2191047668457,83300,0.0,0.0,0.0
2020-11-05 00:00:00-05:00,52.050965588902606,52.3579608673161,51.9915453199746,52.110382080078125,21700,0.0,0.0,0.0
2020-11-06 00:00:00-05:00,51.961839418007756,52.396586972011406,51.961839418007756,52.10048294067383,112500,0.0,0.0,0.0
2020-11-09 00:00:00-05:00,52.83331251757415,54.536655809478795,52.83331251757415,53.11060333251953,35200,0.0,0.0,0.0
2020-11-10 00:00:00-05:00,52.83331075697995,53.43740359166456,52.734280754926125,53.328468322753906,29100,0.0,0.0,0.0
2020-11-11 00:00:00-05:00,53.63546884134536,53.65527559784864,53.30866680342234,53.516632080078125,26300,0.0,0.0,0.0
2020-11-12 00:00:00-05:00,53.576047648551,53.576047648551,52.59563777392499,52.8729248046875,483100,0.0,0.0,0.0
2020-11-13 00:00:00-05:00,53.0313742018022,53.95236757050863,53.0313742018022,53.91275405883789,89100,0.0,0.0,0.0
2020-11-16 00:00:00-05:00,55.06152078340941,55.06152078340941,54.27917468664765,54.635684967041016,35600,0.0,0.0,0.0
2020-11-17 00:00:00-05:00,54.0613054449052,54.7446215542808,54.0613054449052,54.516849517822266,21700,0.0,0.0,0.0
2020-11-18 00:00:00-05:00,54.92287809748493,54.92287809748493,53.952369689941406,53.952369689941406,19800,0.0,0.0,0.0
2020-11-19 00:00:00-05:00,53.96227425848035,54.308883050346765,53.65230211035803,54.2791748046875,20800,0.0,0.0,0.0
2020-11-20 00:00:00-05:00,53.991984239154945,54.33661349978596,53.991984239154945,54.06130599975586,14600,0.0,0.0,0.0
2020-11-23 00:00:00-05:00,54.655491723354956,54.81394199611395,54.41583866078706,54.635684967041016,29300,0.0,0.0,0.0
2020-11-24 00:00:00-05:00,55.31900190715948,55.517065682053726,55.06151786647128,55.457645416259766,52900,0.0,0.0,0.0
2020-11-25 00:00:00-05:00,55.61609784385882,55.70522635714034,55.11103878709849,55.31900405883789,36000,0.0,0.0,0.0
2020-11-27 00:00:00-05:00,55.4873583262031,55.5616327202532,55.38337568563401,55.437843322753906,16800,0.0,0.0,0.0
2020-11-30 00:00:00-05:00,55.53687824224988,55.53687824224988,54.96249361279488,55.19026565551758,37900,0.0,0.0,0.0
2020-12-01 00:00:00-05:00,55.99241966244294,55.99241966244294,55.54380777453117,55.606197357177734,42700,0.0,0.0,0.0
2020-12-02 00:00:00-05:00,55.45666086872788,55.65571443347174,55.40417277344498,55.62006378173828,635300,0.0,0.0,0.0
2020-12-03 00:00:00-05:00,55.70522793560444,56.08154875542902,55.70522793560444,55.81416320800781,61400,0.0,0.0,0.0
2020-12-04 00:00:00-05:00,55.89338796503637,56.487579345703125,55.89338796503637,56.487579345703125,42000,0.0,0.0,0.0
2020-12-07 00:00:00-05:00,56.90350996059729,56.90350996059729,56.14591944402393,56.309322357177734,25800,0.0,0.0,0.0
2020-12-08 00:00:00-05:00,55.91319071869914,56.61631354661181,55.91319071869914,56.53709030151367,101100,0.0,0.0,0.0
2020-12-09 00:00:00-05:00,56.953027782142975,56.953027782142975,55.86665184312835,56.20038986206055,54600,0.0,0.0,0.0
2020-12-10 00:00:00-05:00,56.200384351398704,56.29941435457331,55.84882292905064,56.23999786376953,37900,0.0,0.0,0.0
2020-12-11 00:00:00-05:00,55.81416218898253,56.18553036843965,55.705226918568044,56.13898468017578,91600,0.0,0.0,0.0
2020-12-14 00:00:00-05:00,56.81438091467428,56.81438091467428,55.923099517822266,55.923099517822266,36200,0.0,0.0,0.0
2020-12-15 00:00:00-05:00,56.65592848627507,56.74505700035256,56.269706184523464,56.725250244140625,42700,0.0,0.0,0.0
2020-12-16 00:00:00-05:00,57.04215144514286,57.04215144514286,56.606414136718016,56.75496292114258,195900,0.0,0.0,0.0
2020-12-17 00:00:00-05:00,57.210507685928064,57.27982944544028,57.04215214300371,57.25705337524414,72000,0.0,0.0,0.0
2020-12-18 00:00:00-05:00,57.4382837691164,57.4382837691164,56.81438411178452,57.22041320800781,85600,0.0,0.0,0.0
2020-12-21 00:00:00-05:00,56.98273510692996,57.01244335279382,55.98251468165146,56.88370132446289,76100,0.0,0.0,0.0
2020-12-22 00:00:00-05:00,56.82428463820339,57.04215140338004,56.82428463820339,56.93321990966797,48000,0.0,0.0,0.0
2020-12-23 00:00:00-05:00,57.00254501787298,57.284784702456,57.00254501787298,57.03225326538086,64200,0.0,0.0,0.0
2020-12-24 00:00:00-05:00,57.02728495122935,57.136609385432145,56.90801986414544,57.130645751953125,16900,0.205,0.0,0.0
2020-12-28 00:00:00-05:00,57.38507168588445,57.58781626459436,57.037220874484916,57.057098388671875,108800,0.0,0.0,0.0
2020-12-29 00:00:00-05:00,57.54408900912279,57.54408900912279,56.649619811391005,56.818572998046875,201000,0.0,0.0,0.0
2020-12-30 00:00:00-05:00,56.78875686857772,57.30556085672827,56.78875686857772,57.12666702270508,77900,0.0,0.0,0.0
2020-12-31 00:00:00-05:00,57.216113062690354,57.50433132322629,56.94777231576877,57.45463943481445,80400,0.0,0.0,0.0
2021-01-04 00:00:00-05:00,57.484452733876886,57.643469048567844,56.081133661947995,56.5601692199707,113300,0.0,0.0,0.0
2021-01-05 00:00:00-05:00,56.71918921939767,57.13660944210894,56.51048100366616,56.99250030517578,49500,0.0,0.0,0.0
2021-01-06 00:00:00-05:00,57.494390750817985,58.354075207406716,57.30556005809097,57.89193344116211,40800,0.0,0.0,0.0
2021-01-07 00:00:00-05:00,58.10063923466507,58.79633701825155,58.10063923466507,58.70689010620117,62200,0.0,0.0,0.0
2021-01-08 00:00:00-05:00,58.726770346355366,58.98517044247467,58.421658282510286,58.85597229003906,28600,0.0,0.0,0.0
2021-01-11 00:00:00-05:00,58.657199966389726,58.95038475885558,58.478306136962146,58.746646881103516,39600,0.0,0.0,0.0
2021-01-12 00:00:00-05:00,59.07461722602793,59.11437225341797,58.76652524187536,59.11437225341797,33100,0.0,0.0,0.0
2021-01-13 00:00:00-05:00,59.16406526388509,59.16406526388509,58.875850787962484,58.983184814453125,85800,0.0,0.0,0.0
2021-01-14 00:00:00-05:00,59.352895905440135,59.352895905440135,58.90665465287818,58.965293884277344,50200,0.0,0.0,0.0
2021-01-15 00:00:00-05:00,58.895724086885295,58.895724086885295,58.160275027758026,58.60750961303711,112900,0.0,0.0,0.0
2021-01-19 00:00:00-05:00,59.2137604875926,59.2137604875926,58.81919771274522,58.95535659790039,79900,0.0,0.0,0.0
2021-01-20 00:00:00-05:00,59.074614724684615,59.56955455836395,59.074614724684615,59.492034912109375,62400,0.0,0.0,0.0
2021-01-21 00:00:00-05:00,59.32308056603685,59.49203753712148,59.1243130112287,59.203819274902344,79200,0.0,0.0,0.0
2021-01-22 00:00:00-05:00,58.61744568003412,59.11437214777729,58.61744568003412,59.024925231933594,41500,0.0,0.0,0.0
2021-01-25 00:00:00-05:00,59.27338585430525,59.27338585430525,58.47830429919595,58.965293884277344,33100,0.0,0.0,0.0
2021-01-26 00:00:00-05:00,59.422466068166706,59.422466068166706,58.547874450683594,58.547874450683594,33800,0.0,0.0,0.0
2021-01-27 00:00:00-05:00,58.06088810675132,58.06088810675132,56.85336039987988,56.9676513671875,473000,0.0,0.0,0.0
2021-01-28 00:00:00-05:00,57.683225471820194,58.20201606888987,57.4208483566644,57.72298049926758,22600,0.0,0.0,0.0
2021-01-29 00:00:00-05:00,57.64346937574661,57.64346937574661,56.56016954100076,56.82851028442383,52300,0.0,0.0,0.0
2021-02-01 00:00:00-05:00,57.54408698623843,57.77267270845688,56.98454805161826,57.643470764160156,27400,0.0,0.0,0.0
2021-02-02 00:00:00-05:00,58.29941296478687,58.791369105634885,58.22984356269717,58.58763122558594,313600,0.0,0.0,0.0
2021-02-03 00:00:00-05:00,58.84603132031223,58.84603132031223,58.28052875814878,58.58763122558594,41000,0.0,0.0,0.0
2021-02-04 00:00:00-05:00,59.01498997822082,59.323081970214844,58.76652673758141,59.323081970214844,24200,0.0,0.0,0.0
2021-02-05 00:00:00-05:00,59.58645301752694,59.76335643937492,59.57054873226404,59.68583679199219,28900,0.0,0.0,0.0
2021-02-08 00:00:00-05:00,59.760374779634084,60.19766868230451,59.760374779634084,60.16785430908203,157500,0.0,0.0,0.0
2021-02-09 00:00:00-05:00,60.29705638173382,60.39644395102947,60.10822568694425,60.25730514526367,44100,0.0,0.0,0.0
2021-02-10 00:00:00-05:00,60.37656664644833,60.69459928680056,60.25233502783424,60.43619918823242,36500,0.0,0.0,0.0
2021-02-11 00:00:00-05:00,60.86355732249548,60.86355732249548,60.23742889219618,60.63496780395508,47500,0.0,0.0,0.0
2021-02-12 00:00:00-05:00,60.436197631835036,60.92318344116211,60.436197631835036,60.92318344116211,53800,0.0,0.0,0.0
2021-02-16 00:00:00-05:00,61.44992919021073,61.44992919021073,60.67472131782399,60.77410888671875,36200,0.0,0.0,0.0
2021-02-17 00:00:00-05:00,60.356687706052455,60.67472033888831,60.20761204198767,60.6647834777832,124200,0.0,0.0,0.0
2021-02-18 00:00:00-05:00,60.67472132254228,60.67472132254228,60.177794851774124,60.4262580871582,27600,0.0,0.0,0.0
2021-02-19 00:00:00-05:00,61.03250765484231,61.03250765484231,60.72441188484708,60.74428939819336,43700,0.0,0.0,0.0
2021-02-22 00:00:00-05:00,60.8238014498774,60.8238014498774,60.26227210532876,60.267242431640625,434600,0.0,0.0,0.0
2021-02-23 00:00:00-05:00,60.41631992668312,60.531604196383576,59.29624498628945,60.39644241333008,330400,0.0,0.0,0.0
2021-02-24 00:00:00-05:00,60.07840976453433,61.161709598845135,60.07840976453433,61.092140197753906,167500,0.0,0.0,0.0
2021-02-25 00:00:00-05:00,61.112018533561546,61.112018533561546,59.39264962274441,59.63117599487305,36600,0.0,0.0,0.0
2021-02-26 00:00:00-05:00,60.02871616423347,60.02871616423347,58.98516759514043,59.313140869140625,30800,0.0,0.0,0.0
2021-03-01 00:00:00-05:00,60.27718186595299,60.90330648366009,60.27718186595299,60.674720764160156,40200,0.0,0.0,0.0
2021-03-02 00:00:00-05:00,60.45607691901018,60.674721990506505,60.24239838257757,60.267242431640625,33200,0.0,0.0,0.0
2021-03-03 00:00:00-05:00,59.9690838468463,60.207610209838734,59.48209426005874,59.492034912109375,536100,0.0,0.0,0.0
2021-03-04 00:00:00-05:00,59.60136334505685,59.60434326612368,57.89193503719686,58.537940979003906,181300,0.0,0.0,0.0
2021-03-05 00:00:00-05:00,58.91559991184104,59.80012840445333,57.867084777452845,59.70074462890625,112900,0.0,0.0,0.0
2021-03-08 00:00:00-05:00,59.5814837877998,60.456075425929804,59.5814837877998,59.71068572998047,35000,0.0,0.0,0.0
2021-03-09 00:00:00-05:00,60.485888770260814,60.694596971672,60.18276332910497,60.297054290771484,74600,0.0,0.0,0.0
2021-03-10 00:00:00-05:00,60.46601266365742,61.01263101917514,60.46601266365742,60.76416778564453,69200,0.0,0.0,0.0
2021-03-11 00:00:00-05:00,60.88342852187333,61.559248814223366,60.88342852187333,61.36048126220703,443500,0.0,0.0,0.0
2021-03-12 00:00:00-05:00,61.26109106716383,61.6486930847168,61.151766643495485,61.6486930847168,55100,0.0,0.0,0.0
2021-03-15 00:00:00-04:00,61.489678294831485,62.20525360107422,61.489678294831485,62.20525360107422,34200,0.0,0.0,0.0
2021-03-16 00:00:00-04:00,62.54316539369725,62.54316539369725,61.658636889690655,61.80771255493164,50500,0.0,0.0,0.0
2021-03-17 00:00:00-04:00,61.35054218956299,62.05617687463515,61.34060532820552,62.00648498535156,73200,0.0,0.0,0.0
2021-03-18 00:00:00-04:00,61.36048192476837,61.956792169752326,61.11201869081705,61.20146560668945,42200,0.0,0.0,0.0
2021-03-19 00:00:00-04:00,60.97287271883491,61.522474757080786,60.82379706146789,61.21139907836914,25500,0.0,0.0,0.0
2021-03-22 00:00:00-04:00,61.04244710114029,61.64869801450934,61.04244710114029,61.4996223449707,160700,0.0,0.0,0.0
2021-03-23 00:00:00-04:00,61.12195643210898,61.400234044941946,60.654844332355246,60.87349319458008,59600,0.0,0.0,0.0
2021-03-24 00:00:00-04:00,60.89336951602735,61.32072657950776,60.575336881518396,60.58527374267578,186000,0.0,0.0,0.0
2021-03-25 00:00:00-04:00,60.2423986043827,61.20922854336474,59.99321594400388,61.13945770263672,474200,0.176,0.0,0.0
2021-03-26 00:00:00-04:00,61.18929252040503,62.245828352742436,61.18929252040503,62.23585891723633,833900,0.0,0.0,0.0
2021-03-29 00:00:00-04:00,61.8072629104303,62.12622020087723,61.587984763669006,61.966739654541016,36400,0.0,0.0,0.0
2021-03-30 00:00:00-04:00,61.597950932936406,62.00661033091674,61.597950932936406,61.98667526245117,55500,0.0,0.0,0.0
2021-03-31 00:00:00-04:00,62.43520750974089,62.43520750974089,62.05644879689169,62.08635330200195,51500,0.0,0.0,0.0
2021-04-01 00:00:00-04:00,62.24582978364708,62.78406524658203,62.24582978364708,62.78406524658203,70900,0.0,0.0,0.0
2021-04-05 00:00:00-04:00,63.30236052033601,63.40502441380856,63.142883771922264,63.372135162353516,127100,0.0,0.0,0.0
2021-04-06 00:00:00-04:00,63.122954073871625,63.64125066742632,63.122954073871625,63.501708984375,71800,0.0,0.0,0.0
2021-04-07 00:00:00-04:00,63.4618356727982,63.4618356727982,63.11298148261171,63.242557525634766,52600,0.0,0.0,0.0
2021-04-08 00:00:00-04:00,63.591411615515135,63.591411615515135,63.1927216562488,63.52164077758789,38100,0.0,0.0,0.0
2021-04-09 00:00:00-04:00,63.33226593487015,63.830631256103516,63.33226593487015,63.830631256103516,21200,0.0,0.0,0.0
2021-04-12 00:00:00-04:00,64.08978329667457,64.08978329667457,63.67613536565067,63.97017288208008,117200,0.0,0.0,0.0
2021-04-13 00:00:00-04:00,64.09974125829883,64.17848534682042,63.840596782331815,64.10971069335938,25300,0.0,0.0,0.0
2021-04-14 00:00:00-04:00,64.17948374147194,64.41869696001191,63.961197972384305,64.04991149902344,52700,0.0,0.0,0.0
2021-04-15 00:00:00-04:00,64.46853954891738,64.73068019981633,64.34892913182553,64.72769165039062,419700,0.0,0.0,0.0
2021-04-16 00:00:00-04:00,65.1961561904791,65.1961561904791,64.7575922661855,64.93700408935547,112200,0.0,0.0,0.0
2021-04-19 00:00:00-04:00,65.18618581411631,65.18618581411631,64.34892811658587,64.54827880859375,124000,0.0,0.0,0.0
2021-04-20 00:00:00-04:00,64.1794847945161,64.54328934599732,63.93030213648351,64.15955352783203,68400,0.0,0.0,0.0
2021-04-21 00:00:00-04:00,63.90039792881972,64.87718963623047,63.90039792881972,64.87718963623047,110900,0.0,0.0,0.0
2021-04-22 00:00:00-04:00,65.03667249642744,65.13634403683443,64.4137158633199,64.5383071899414,83700,0.0,0.0,0.0
2021-04-23 00:00:00-04:00,64.51837892158846,65.37556029247972,64.51837892158846,65.2160873413086,33000,0.0,0.0,0.0
2021-04-26 00:00:00-04:00,65.206116744797,65.47523827650684,65.206116744797,65.38552856445312,35800,0.0,0.0,0.0
2021-04-27 00:00:00-04:00,65.26592249786555,65.46526557444776,65.25096454289351,65.40546417236328,43700,0.0,0.0,0.0
2021-04-28 00:00:00-04:00,65.2260578234799,65.4752404922989,65.2260578234799,65.32572937011719,46200,0.0,0.0,0.0
2021-04-29 00:00:00-04:00,65.78422225849563,65.78422225849563,65.10644511892701,65.59484100341797,39500,0.0,0.0,0.0
2021-04-30 00:00:00-04:00,65.37556143187835,65.52507255426741,65.02670721593829,65.11641693115234,38400,0.0,0.0,0.0
2021-05-03 00:00:00-04:00,65.64468068838266,65.64468068838266,65.29582648458405,65.31575775146484,33500,0.0,0.0,0.0
2021-05-04 00:00:00-04:00,64.76756057167921,65.03667449951172,64.5283397419933,65.03667449951172,24600,0.0,0.0,0.0
2021-05-05 00:00:00-04:00,65.08651083241985,65.15628166982442,64.85725944983284,64.91706085205078,18700,0.0,0.0,0.0
2021-05-06 00:00:00-04:00,64.89712956174586,64.98683166503906,64.33896286271894,64.98683166503906,138200,0.0,0.0,0.0
2021-05-07 00:00:00-04:00,65.21608392660097,65.70447979483271,65.15628252359943,65.65464782714844,31700,0.0,0.0,0.0
2021-05-10 00:00:00-04:00,65.89386010605371,65.89386010605371,65.12637329101562,65.12637329101562,59800,0.0,0.0,0.0
2021-05-11 00:00:00-04:00,64.34893023728262,64.74762402998648,64.03994616005163,64.62801361083984,30600,0.0,0.0,0.0
2021-05-12 00:00:00-04:00,64.40873544756944,64.46853685138738,63.05816211055545,63.14288330078125,48700,0.0,0.0,0.0
2021-05-13 00:00:00-04:00,63.501708319021176,64.06984448104916,63.32628503391266,63.830631256103516,30300,0.0,0.0,0.0
2021-05-14 00:00:00-04:00,64.42866932296528,65.05660690183448,64.28912763877213,64.93700408935547,36500,0.0,0.0,0.0
2021-05-17 00:00:00-04:00,64.87719184515352,64.9170619821432,64.48846751506801,64.81739044189453,28300,0.0,0.0,0.0
2021-05-18 00:00:00-04:00,64.77054934518425,64.9868351504316,64.47850799560547,64.47850799560547,39000,0.0,0.0,0.0
2021-05-19 00:00:00-04:00,63.681120547748804,64.19942474365234,63.34223197504504,64.19942474365234,760300,0.0,0.0,0.0
2021-05-20 00:00:00-04:00,64.39876428910976,65.09647266315554,64.39876428910976,64.91706085205078,31000,0.0,0.0,0.0
2021-05-21 00:00:00-04:00,65.09647701166284,65.50514023265372,64.99680546649114,65.00677490234375,124500,0.0,0.0,0.0
2021-05-24 00:00:00-04:00,65.26592459858522,65.75432047504731,65.26592459858522,65.55496978759766,87100,0.0,0.0,0.0
2021-05-25 00:00:00-04:00,65.594843306483,66.20284962675743,65.26592796302513,65.32572937011719,46500,0.0,0.0,0.0
2021-05-26 00:00:00-04:00,65.58488135456007,65.62474388958056,65.30579037825575,65.60481262207031,82500,0.0,0.0,0.0
2021-05-27 00:00:00-04:00,65.90382821788636,65.90382821788636,65.68454627513577,65.85398864746094,24100,0.0,0.0,0.0
2021-05-28 00:00:00-04:00,66.2028482736477,66.2028482736477,65.9137954711914,65.9137954711914,43700,0.0,0.0,0.0
2021-06-01 00:00:00-04:00,66.50187153794072,66.50187153794072,65.92376592410868,66.09320831298828,67100,0.0,0.0,0.0
2021-06-02 00:00:00-04:00,66.0373905340007,66.18291692039962,65.91379538543293,66.12310791015625,47800,0.0,0.0,0.0
2021-06-03 00:00:00-04:00,65.65464557466083,65.96861053409845,65.44034454717249,65.85398864746094,35200,0.0,0.0,0.0
2021-06-04 00:00:00-04:00,66.2307564634208,66.3623286813842,66.09320714666426,66.33242797851562,35500,0.0,0.0,0.0
2021-06-07 00:00:00-04:00,66.48192709198035,66.48192709198035,66.26763366597346,66.38225555419922,49700,0.0,0.0,0.0
2021-06-08 00:00:00-04:00,66.35235590700809,66.56166842100768,66.04337185364456,66.49189758300781,35200,0.0,0.0,0.0
2021-06-09 00:00:00-04:00,66.66133783965914,66.66133783965914,66.27261352539062,66.27261352539062,29300,0.0,0.0,0.0
2021-06-10 00:00:00-04:00,66.48192922611221,66.62645942431766,66.2437121899666,66.53176879882812,162900,0.0,0.0,0.0
2021-06-11 00:00:00-04:00,66.76102118689911,66.78095245361328,66.49688057289042,66.78095245361328,50100,0.0,0.0,0.0
2021-06-14 00:00:00-04:00,66.89059126966681,66.89059126966681,66.45701589147335,66.70121002197266,26000,0.0,0.0,0.0
2021-06-15 00:00:00-04:00,66.77097871933857,66.78094815427946,66.39222384054344,66.55169677734375,48800,0.0,0.0,0.0
2021-06-16 00:00:00-04:00,66.70120799799005,66.70120799799005,65.87391979884627,66.20284271240234,55000,0.0,0.0,0.0
2021-06-17 00:00:00-04:00,66.13806373366208,66.25268562588491,65.65962968939752,66.04337310791016,19700,0.0,0.0,0.0
2021-06-18 00:00:00-04:00,65.68454759468571,65.68454759468571,65.1562815971473,65.19615173339844,51700,0.0,0.0,0.0
2021-06-21 00:00:00-04:00,65.5450077450091,66.18291473388672,65.37855391386276,66.18291473388672,34300,0.0,0.0,0.0
2021-06-22 00:00:00-04:00,66.11812685058447,66.63144252771878,66.11314593492979,66.50685119628906,47600,0.0,0.0,0.0
2021-06-23 00:00:00-04:00,66.50186812313802,66.64140980145609,66.44704763490941,66.46199798583984,53200,0.0,0.0,0.0
2021-06-24 00:00:00-04:00,66.7229995727539,66.94999694824219,66.7229995727539,66.85099792480469,40600,0.218,0.0,0.0
2021-06-25 00:00:00-04:00,67.12000274658203,67.25,67.01000213623047,67.2300033569336,37400,0.0,0.0,0.0
2021-06-28 00:00:00-04:00,67.25,67.2979965209961,67.01000213623047,67.23999786376953,27900,0.0,0.0,0.0
2021-06-29 00:00:00-04:00,67.43000030517578,67.47000122070312,67.19000244140625,67.26000213623047,26400,0.0,0.0,0.0
2021-06-30 00:00:00-04:00,67.2699966430664,67.2699966430664,67.11399841308594,67.19999694824219,50400,0.0,0.0,0.0
2021-07-01 00:00:00-04:00,67.20999908447266,67.56999969482422,67.20999908447266,67.51000213623047,32800,0.0,0.0,0.0
2021-07-02 00:00:00-04:00,67.69000244140625,67.83999633789062,67.58200073242188,67.79000091552734,13600,0.0,0.0,0.0
2021-07-06 00:00:00-04:00,67.93000030517578,67.93000030517578,67.19999694824219,67.56999969482422,56600,0.0,0.0,0.0
2021-07-07 00:00:00-04:00,67.69999694824219,67.70999908447266,67.19000244140625,67.66999816894531,28300,0.0,0.0,0.0
2021-07-08 00:00:00-04:00,66.80000305175781,67.19000244140625,66.45999908447266,66.9800033569336,51200,0.0,0.0,0.0
2021-07-09 00:00:00-04:00,67.36000061035156,67.93000030517578,67.36000061035156,67.91999816894531,35000,0.0,0.0,0.0
2021-07-12 00:00:00-04:00,67.97000122070312,68.01000213623047,67.74500274658203,68.0,45900,0.0,0.0,0.0
2021-07-13 00:00:00-04:00,67.77999877929688,67.80500030517578,67.37999725341797,67.37999725341797,20400,0.0,0.0,0.0
2021-07-14 00:00:00-04:00,67.51000213623047,67.7300033569336,67.0770034790039,67.18000030517578,40900,0.0,0.0,0.0
2021-07-15 00:00:00-04:00,67.0199966430664,67.18000030517578,66.69000244140625,67.06999969482422,52100,0.0,0.0,0.0
2021-07-16 00:00:00-04:00,67.41999816894531,67.41999816894531,66.64299774169922,66.69000244140625,43500,0.0,0.0,0.0
2021-07-19 00:00:00-04:00,65.79000091552734,65.83999633789062,65.36199951171875,65.69999694824219,27200,0.0,0.0,0.0
2021-07-20 00:00:00-04:00,65.81999969482422,67.0999984741211,65.81999969482422,66.97000122070312,20200,0.0,0.0,0.0
2021-07-21 00:00:00-04:00,67.22599792480469,67.55000305175781,67.22599792480469,67.54000091552734,19400,0.0,0.0,0.0
2021-07-22 00:00:00-04:00,67.6500015258789,67.6500015258789,67.33999633789062,67.5199966430664,26000,0.0,0.0,0.0
2021-07-23 00:00:00-04:00,67.9000015258789,68.18800354003906,67.66999816894531,68.13999938964844,18600,0.0,0.0,0.0
2021-07-26 00:00:00-04:00,67.91000366210938,68.16000366210938,67.91000366210938,68.1500015258789,19300,0.0,0.0,0.0
2021-07-27 00:00:00-04:00,68.19000244140625,68.19000244140625,67.57599639892578,67.98999786376953,27900,0.0,0.0,0.0
2021-07-28 00:00:00-04:00,68.22000122070312,68.37000274658203,67.88099670410156,68.16999816894531,30900,0.0,0.0,0.0
2021-07-29 00:00:00-04:00,68.30999755859375,68.81999969482422,68.30999755859375,68.58999633789062,40700,0.0,0.0,0.0
2021-07-30 00:00:00-04:00,68.33999633789062,68.69999694824219,68.30000305175781,68.31999969482422,27000,0.0,0.0,0.0
2021-08-02 00:00:00-04:00,68.73999786376953,68.81400299072266,68.22000122070312,68.26000213623047,20200,0.0,0.0,0.0
2021-08-03 00:00:00-04:00,68.29000091552734,68.7699966430664,68.01000213623047,68.73999786376953,26300,0.0,0.0,0.0
2021-08-04 00:00:00-04:00,68.44999694824219,68.69999694824219,68.33000183105469,68.4000015258789,34100,0.0,0.0,0.0
2021-08-05 00:00:00-04:00,68.63999938964844,68.81999969482422,68.5770034790039,68.79000091552734,25600,0.0,0.0,0.0
2021-08-06 00:00:00-04:00,69.05999755859375,69.05999755859375,68.81300354003906,68.9000015258789,27100,0.0,0.0,0.0
2021-08-09 00:00:00-04:00,68.9000015258789,68.96600341796875,68.71299743652344,68.83999633789062,32700,0.0,0.0,0.0
2021-08-10 00:00:00-04:00,68.86000061035156,69.12000274658203,68.86000061035156,68.9800033569336,48100,0.0,0.0,0.0
2021-08-11 00:00:00-04:00,69.06999969482422,69.3499984741211,69.0,69.33999633789062,170200,0.0,0.0,0.0
2021-08-12 00:00:00-04:00,69.43000030517578,69.43000030517578,69.12999725341797,69.38999938964844,33300,0.0,0.0,0.0
2021-08-13 00:00:00-04:00,69.52999877929688,69.52999877929688,69.31199645996094,69.37999725341797,31200,0.0,0.0,0.0
2021-08-16 00:00:00-04:00,69.05000305175781,69.36000061035156,68.89800262451172,69.36000061035156,35100,0.0,0.0,0.0
2021-08-17 00:00:00-04:00,69.0999984741211,69.0999984741211,68.4280014038086,68.91000366210938,37600,0.0,0.0,0.0
2021-08-18 00:00:00-04:00,68.7030029296875,68.90399932861328,68.19000244140625,68.23999786376953,28500,0.0,0.0,0.0
2021-08-19 00:00:00-04:00,67.75,68.31999969482422,67.75,68.11000061035156,77400,0.0,0.0,0.0
2021-08-20 00:00:00-04:00,68.19999694824219,68.65699768066406,68.19999694824219,68.62000274658203,23200,0.0,0.0,0.0
2021-08-23 00:00:00-04:00,69.01000213623047,69.25,69.01000213623047,69.13999938964844,45500,0.0,0.0,0.0
2021-08-24 00:00:00-04:00,69.38200378417969,69.55999755859375,69.37999725341797,69.48999786376953,19600,0.0,0.0,0.0
2021-08-25 00:00:00-04:00,69.44000244140625,69.93000030517578,69.44000244140625,69.87000274658203,26300,0.0,0.0,0.0
2021-08-26 00:00:00-04:00,69.94999694824219,69.94999694824219,69.37000274658203,69.41999816894531,38400,0.0,0.0,0.0
2021-08-27 00:00:00-04:00,69.49500274658203,70.19999694824219,69.49500274658203,70.11000061035156,18900,0.0,0.0,0.0
2021-08-30 00:00:00-04:00,70.2300033569336,70.26000213623047,70.0,70.06999969482422,22200,0.0,0.0,0.0
2021-08-31 00:00:00-04:00,70.0,70.11000061035156,69.89800262451172,69.98999786376953,22700,0.0,0.0,0.0
2021-09-01 00:00:00-04:00,70.36000061035156,70.36000061035156,69.83699798583984,70.05999755859375,15800,0.0,0.0,0.0
2021-09-02 00:00:00-04:00,70.19999694824219,70.5,70.19999694824219,70.4800033569336,21400,0.0,0.0,0.0
2021-09-03 00:00:00-04:00,70.5199966430664,70.5199966430664,70.30999755859375,70.41999816894531,15900,0.0,0.0,0.0
2021-09-07 00:00:00-04:00,70.52999877929688,70.52999877929688,69.79000091552734,69.80999755859375,46200,0.0,0.0,0.0
2021-09-08 00:00:00-04:00,69.54000091552734,69.80999755859375,69.44999694824219,69.70999908447266,44500,0.0,0.0,0.0
2021-09-09 00:00:00-04:00,69.7300033569336,69.9800033569336,69.47000122070312,69.4800033569336,19800,0.0,0.0,0.0
2021-09-10 00:00:00-04:00,69.88999938964844,69.88999938964844,69.02999877929688,69.02999877929688,23400,0.0,0.0,0.0
2021-09-13 00:00:00-04:00,69.41000366210938,69.41000366210938,68.8499984741211,69.0999984741211,24600,0.0,0.0,0.0
2021-09-14 00:00:00-04:00,69.41000366210938,69.41000366210938,68.55000305175781,68.69000244140625,33000,0.0,0.0,0.0
2021-09-15 00:00:00-04:00,68.66000366210938,69.34600067138672,68.61000061035156,69.27999877929688,30700,0.0,0.0,0.0
2021-09-16 00:00:00-04:00,69.3499984741211,69.44000244140625,68.91000366210938,69.2699966430664,38500,0.0,0.0,0.0
2021-09-17 00:00:00-04:00,69.36000061035156,69.36000061035156,68.69999694824219,68.75,26300,0.0,0.0,0.0
2021-09-20 00:00:00-04:00,67.98999786376953,67.98999786376953,66.9800033569336,67.69999694824219,56800,0.0,0.0,0.0
2021-09-21 00:00:00-04:00,68.11000061035156,68.19999694824219,67.48200225830078,67.63999938964844,39200,0.0,0.0,0.0
2021-09-22 00:00:00-04:00,67.9000015258789,68.59500122070312,67.9000015258789,68.27999877929688,55700,0.0,0.0,0.0
2021-09-23 00:00:00-04:00,68.72000122070312,69.43000030517578,68.72000122070312,69.19000244140625,57000,0.0,0.0,0.0
2021-09-24 00:00:00-04:00,68.55000305175781,69.09400177001953,68.55000305175781,68.94000244140625,205900,0.0,0.0,0.0
2021-09-27 00:00:00-04:00,68.87000274658203,69.16000366210938,68.79000091552734,68.8499984741211,71300,0.0,0.0,0.0
2021-09-28 00:00:00-04:00,68.44000244140625,68.44000244140625,67.55000305175781,67.58999633789062,33100,0.0,0.0,0.0
2021-09-29 00:00:00-04:00,67.7699966430664,68.02999877929688,67.62999725341797,67.6500015258789,28600,0.0,0.0,0.0
2021-09-30 00:00:00-04:00,67.80000305175781,67.93000030517578,66.8499984741211,66.8499984741211,33500,0.0,0.0,0.0
2021-10-01 00:00:00-04:00,67.27999877929688,67.87999725341797,66.60700225830078,67.54000091552734,88800,0.0,0.0,0.0
2021-10-04 00:00:00-04:00,67.55999755859375,67.55999755859375,66.5999984741211,66.9000015258789,223900,0.0,0.0,0.0
2021-10-05 00:00:00-04:00,67.26000213623047,67.8239974975586,67.05000305175781,67.44999694824219,37700,0.0,0.0,0.0
2021-10-06 00:00:00-04:00,67.08999633789062,67.70999908447266,66.5999984741211,67.70999908447266,36700,0.0,0.0,0.0
2021-10-07 00:00:00-04:00,68.25,68.81999969482422,68.25,68.33000183105469,50600,0.0,0.0,0.0
2021-10-08 00:00:00-04:00,68.62999725341797,68.63999938964844,68.11000061035156,68.1500015258789,148800,0.0,0.0,0.0
2021-10-11 00:00:00-04:00,68.07099914550781,68.54000091552734,67.69000244140625,67.72000122070312,27700,0.0,0.0,0.0
2021-10-12 00:00:00-04:00,67.77999877929688,68.13999938964844,67.69000244140625,67.86000061035156,27000,0.0,0.0,0.0
2021-10-13 00:00:00-04:00,67.87999725341797,68.20999908447266,67.56999969482422,68.16999816894531,53200,0.0,0.0,0.0
2021-10-14 00:00:00-04:00,68.69999694824219,69.33000183105469,68.69999694824219,69.27999877929688,30100,0.0,0.0,0.0
2021-10-15 00:00:00-04:00,69.7699966430664,70.05000305175781,69.56999969482422,69.61000061035156,91100,0.0,0.0,0.0
2021-10-18 00:00:00-04:00,69.62000274658203,69.76000213623047,69.23999786376953,69.72000122070312,35600,0.0,0.0,0.0
2021-10-19 00:00:00-04:00,69.9000015258789,70.22000122070312,69.9000015258789,70.16999816894531,41000,0.0,0.0,0.0
2021-10-20 00:00:00-04:00,70.26000213623047,70.69999694824219,70.26000213623047,70.63999938964844,48200,0.0,0.0,0.0
2021-10-21 00:00:00-04:00,70.63999938964844,70.91000366210938,70.51000213623047,70.91000366210938,28000,0.0,0.0,0.0
2021-10-22 00:00:00-04:00,70.91999816894531,71.25,70.70999908447266,71.01000213623047,58300,0.0,0.0,0.0
2021-10-25 00:00:00-04:00,71.19000244140625,71.27999877929688,70.8550033569336,71.0999984741211,25700,0.0,0.0,0.0
2021-10-26 00:00:00-04:00,71.31999969482422,71.4229965209961,71.0199966430664,71.0199966430664,47400,0.0,0.0,0.0
2021-10-27 00:00:00-04:00,71.1500015258789,71.1500015258789,70.0999984741211,70.11000061035156,55400,0.0,0.0,0.0
2021-10-28 00:00:00-04:00,70.16999816894531,70.83000183105469,70.16999816894531,70.80999755859375,76900,0.0,0.0,0.0
2021-10-29 00:00:00-04:00,70.4800033569336,70.91000366210938,70.4800033569336,70.80999755859375,27600,0.0,0.0,0.0
2021-11-01 00:00:00-04:00,71.08999633789062,71.2300033569336,70.83000183105469,71.2300033569336,17800,0.0,0.0,0.0
2021-11-02 00:00:00-04:00,71.44999694824219,71.44999694824219,71.1500015258789,71.41000366210938,44400,0.0,0.0,0.0
2021-11-03 00:00:00-04:00,71.41000366210938,71.76000213623047,71.20999908447266,71.7300033569336,33500,0.0,0.0,0.0
2021-11-04 00:00:00-04:00,71.91000366210938,71.9749984741211,71.53399658203125,71.72000122070312,32600,0.0,0.0,0.0
2021-11-05 00:00:00-04:00,72.16999816894531,72.375,71.78500366210938,72.05000305175781,64600,0.0,0.0,0.0
2021-11-08 00:00:00-05:00,72.36000061035156,72.7300033569336,72.11799621582031,72.30000305175781,25000,0.0,0.0,0.0
2021-11-09 00:00:00-05:00,72.43000030517578,72.4800033569336,72.0199966430664,72.37000274658203,35600,0.0,0.0,0.0
2021-11-10 00:00:00-05:00,72.01000213623047,72.36299896240234,71.4800033569336,71.69999694824219,41100,0.0,0.0,0.0
2021-11-11 00:00:00-05:00,71.98999786376953,71.98999786376953,71.77100372314453,71.83999633789062,36100,0.0,0.0,0.0
2021-11-12 00:00:00-05:00,72.16999816894531,72.33000183105469,71.86000061035156,72.31999969482422,27000,0.0,0.0,0.0
2021-11-15 00:00:00-05:00,72.54000091552734,72.54000091552734,72.26000213623047,72.33999633789062,35800,0.0,0.0,0.0
2021-11-16 00:00:00-05:00,72.29000091552734,72.87999725341797,72.29000091552734,72.66999816894531,35800,0.0,0.0,0.0
2021-11-17 00:00:00-05:00,72.66999816894531,72.66999816894531,72.11000061035156,72.23999786376953,34900,0.0,0.0,0.0
2021-11-18 00:00:00-05:00,72.4000015258789,72.4000015258789,71.61000061035156,71.91000366210938,26300,0.0,0.0,0.0
2021-11-19 00:00:00-05:00,72.01000213623047,72.01000213623047,71.4800033569336,71.56999969482422,45500,0.0,0.0,0.0
2021-11-22 00:00:00-05:00,71.83000183105469,71.86000061035156,71.19999694824219,71.19999694824219,39200,0.0,0.0,0.0
2021-11-23 00:00:00-05:00,71.33000183105469,71.3499984741211,70.8499984741211,71.2300033569336,31100,0.0,0.0,0.0
2021-11-24 00:00:00-05:00,71.18000030517578,71.55999755859375,70.9000015258789,71.55000305175781,39900,0.0,0.0,0.0
2021-11-26 00:00:00-05:00,70.75,70.75,69.81500244140625,70.02999877929688,30800,0.0,0.0,0.0
2021-11-29 00:00:00-05:00,71.19000244140625,71.19000244140625,70.15799713134766,70.61000061035156,37700,0.0,0.0,0.0
2021-11-30 00:00:00-05:00,70.27999877929688,70.27999877929688,68.80000305175781,69.02999877929688,50800,0.0,0.0,0.0
2021-12-01 00:00:00-05:00,69.93000030517578,69.93000030517578,67.55000305175781,67.56999969482422,65400,0.0,0.0,0.0
2021-12-02 00:00:00-05:00,68.26599884033203,69.29000091552734,68.12999725341797,69.05999755859375,35200,0.0,0.0,0.0
2021-12-03 00:00:00-05:00,69.45999908447266,69.45999908447266,67.87200164794922,68.37999725341797,170900,0.0,0.0,0.0
2021-12-06 00:00:00-05:00,68.83000183105469,69.6500015258789,68.43499755859375,69.25,73300,0.0,0.0,0.0
2021-12-07 00:00:00-05:00,70.3499984741211,70.94999694824219,70.26000213623047,70.61000061035156,48400,0.0,0.0,0.0
2021-12-08 00:00:00-05:00,70.7300033569336,71.18000030517578,70.70999908447266,71.11000061035156,17900,0.0,0.0,0.0
2021-12-09 00:00:00-05:00,70.75,70.81999969482422,70.27999877929688,70.27999877929688,32500,0.0,0.0,0.0
2021-12-10 00:00:00-05:00,70.8499984741211,70.8499984741211,70.125,70.51000213623047,65000,0.0,0.0,0.0
2021-12-13 00:00:00-05:00,70.51000213623047,70.51000213623047,69.81999969482422,69.97000122070312,23800,0.0,0.0,0.0
2021-12-14 00:00:00-05:00,69.48999786376953,69.81500244140625,69.14099884033203,69.44000244140625,75300,0.0,0.0,0.0
2021-12-15 00:00:00-05:00,69.62000274658203,70.37000274658203,69.04000091552734,70.31999969482422,18600,0.0,0.0,0.0
2021-12-16 00:00:00-05:00,70.81999969482422,70.83999633789062,69.72000122070312,69.9000015258789,37800,0.0,0.0,0.0
2021-12-17 00:00:00-05:00,69.69000244140625,70.30400085449219,69.25,69.63999938964844,49000,0.0,0.0,0.0
2021-12-20 00:00:00-05:00,68.70999908447266,68.94999694824219,68.13500213623047,68.7300033569336,41100,0.0,0.0,0.0
2021-12-21 00:00:00-05:00,69.44999694824219,70.18000030517578,69.44999694824219,70.18000030517578,111600,0.0,0.0,0.0
2021-12-22 00:00:00-05:00,70.18000030517578,70.66000366210938,70.10700225830078,70.63999938964844,71000,0.0,0.0,0.0
2021-12-23 00:00:00-05:00,70.98999786376953,71.33000183105469,70.98999786376953,71.11000061035156,50800,0.0,0.0,0.0
2021-12-27 00:00:00-05:00,71.22000122070312,71.52999877929688,70.80000305175781,71.52999877929688,49300,0.0,0.0,0.0
2021-12-28 00:00:00-05:00,71.69999694824219,71.7750015258789,71.37000274658203,71.4000015258789,65900,0.0,0.0,0.0
2021-12-29 00:00:00-05:00,71.6500015258789,71.70600128173828,71.3499984741211,71.62000274658203,27200,0.0,0.0,0.0
2021-12-30 00:00:00-05:00,71.91999816894531,71.94000244140625,71.55000305175781,71.5999984741211,39300,0.0,0.0,0.0
2021-12-31 00:00:00-05:00,71.69999694824219,71.76000213623047,71.4800033569336,71.48999786376953,26000,0.0,0.0,0.0
2022-01-03 00:00:00-05:00,71.86000061035156,71.86000061035156,70.98100280761719,71.37000274658203,62600,0.0,0.0,0.0
2022-01-04 00:00:00-05:00,71.91000366210938,71.91000366210938,71.21399688720703,71.55000305175781,112500,0.0,0.0,0.0
2022-01-05 00:00:00-05:00,71.58000183105469,71.6500015258789,70.08000183105469,70.08000183105469,92300,0.0,0.0,0.0
2022-01-06 00:00:00-05:00,69.97000122070312,70.66000366210938,69.69999694824219,70.20999908447266,59400,0.0,0.0,0.0
2022-01-07 00:00:00-05:00,70.31999969482422,70.44999694824219,69.80000305175781,69.86399841308594,211800,0.0,0.0,0.0
2022-01-10 00:00:00-05:00,69.62000274658203,69.70999908447266,68.41000366210938,69.6500015258789,45200,0.0,0.0,0.0
2022-01-11 00:00:00-05:00,69.86000061035156,70.5,69.33699798583984,70.44999694824219,46200,0.0,0.0,0.0
2022-01-12 00:00:00-05:00,70.91999816894531,70.95999908447266,70.19499969482422,70.38999938964844,46200,0.0,0.0,0.0
2022-01-13 00:00:00-05:00,70.5,70.61399841308594,69.43000030517578,69.54000091552734,112500,0.0,0.0,0.0
2022-01-14 00:00:00-05:00,68.9800033569336,69.44999694824219,68.55000305175781,69.41000366210938,56000,0.0,0.0,0.0
2022-01-18 00:00:00-05:00,68.95999908447266,68.95999908447266,68.02999877929688,68.11000061035156,67600,0.0,0.0,0.0
2022-01-19 00:00:00-05:00,68.58999633789062,68.58999633789062,67.47000122070312,67.5,34400,0.0,0.0,0.0
2022-01-20 00:00:00-05:00,67.6500015258789,68.57499694824219,66.6500015258789,66.75,35600,0.0,0.0,0.0
2022-01-21 00:00:00-05:00,66.63999938964844,66.81500244140625,65.4800033569336,65.54000091552734,101000,0.0,0.0,0.0
2022-01-24 00:00:00-05:00,64.66999816894531,66.0999984741211,63.130001068115234,66.02999877929688,147200,0.0,0.0,0.0
2022-01-25 00:00:00-05:00,64.91999816894531,65.91000366210938,64.16999816894531,65.08999633789062,45000,0.0,0.0,0.0
2022-01-26 00:00:00-05:00,66.04000091552734,66.36000061035156,64.01000213623047,64.51000213623047,100000,0.0,0.0,0.0
2022-01-27 00:00:00-05:00,65.3499984741211,65.69300079345703,63.86000061035156,64.08000183105469,70600,0.0,0.0,0.0
2022-01-28 00:00:00-05:00,64.13999938964844,65.38999938964844,63.529998779296875,65.36000061035156,474400,0.0,0.0,0.0
2022-01-31 00:00:00-05:00,65.36000061035156,66.91999816894531,65.27999877929688,66.87000274658203,73600,0.0,0.0,0.0
2022-02-01 00:00:00-05:00,67.33000183105469,67.55000305175781,66.5250015258789,67.45999908447266,398900,0.0,0.0,0.0
2022-02-02 00:00:00-05:00,67.52999877929688,67.76000213623047,67.1500015258789,67.69000244140625,45200,0.0,0.0,0.0
2022-02-03 00:00:00-05:00,66.75,67.25,66.29000091552734,66.36000061035156,38500,0.0,0.0,0.0
2022-02-04 00:00:00-05:00,66.44000244140625,67.24600219726562,65.94499969482422,66.72000122070312,26600,0.0,0.0,0.0
2022-02-07 00:00:00-05:00,66.80999755859375,67.33000183105469,66.62000274658203,66.7699966430664,101300,0.0,0.0,0.0
2022-02-08 00:00:00-05:00,66.86000061035156,67.47000122070312,66.5,67.41000366210938,30600,0.0,0.0,0.0
2022-02-09 00:00:00-05:00,68.33000183105469,68.80000305175781,68.2300033569336,68.79000091552734,29200,0.0,0.0,0.0
2022-02-10 00:00:00-05:00,67.9800033569336,69.08499908447266,67.29000091552734,67.5999984741211,32300,0.0,0.0,0.0
2022-02-11 00:00:00-05:00,67.63999938964844,68.06999969482422,66.2300033569336,66.45999908447266,57600,0.0,0.0,0.0
2022-02-14 00:00:00-05:00,66.41999816894531,66.80000305175781,65.5999984741211,66.0199966430664,320500,0.0,0.0,0.0
2022-02-15 00:00:00-05:00,66.88999938964844,67.23999786376953,66.77999877929688,67.19000244140625,24400,0.0,0.0,0.0
2022-02-16 00:00:00-05:00,66.9800033569336,67.38999938964844,66.58100128173828,67.19999694824219,38000,0.0,0.0,0.0
2022-02-17 00:00:00-05:00,66.87000274658203,66.87000274658203,65.55999755859375,65.68000030517578,66600,0.0,0.0,0.0
2022-02-18 00:00:00-05:00,65.73999786376953,65.86000061035156,64.87999725341797,65.11000061035156,28000,0.0,0.0,0.0
2022-02-22 00:00:00-05:00,64.7699966430664,65.41000366210938,63.96699905395508,64.4000015258789,64800,0.0,0.0,0.0
2022-02-23 00:00:00-05:00,64.80000305175781,65.0199966430664,63.150001525878906,63.220001220703125,133000,0.0,0.0,0.0
2022-02-24 00:00:00-05:00,62.02000045776367,64.43499755859375,61.64400100708008,64.33999633789062,65700,0.0,0.0,0.0
2022-02-25 00:00:00-05:00,64.69000244140625,65.94999694824219,64.30000305175781,65.91000366210938,421700,0.0,0.0,0.0
2022-02-28 00:00:00-05:00,65.3499984741211,66.09600067138672,65.05999755859375,65.7699966430664,34100,0.0,0.0,0.0
2022-03-01 00:00:00-05:00,65.66999816894531,65.79499816894531,64.34500122070312,64.75,107700,0.0,0.0,0.0
2022-03-02 00:00:00-05:00,65.18000030517578,66.15499877929688,64.96499633789062,65.95999908447266,43200,0.0,0.0,0.0
2022-03-03 00:00:00-05:00,66.38999938964844,66.38999938964844,65.08999633789062,65.36000061035156,43500,0.0,0.0,0.0
2022-03-04 00:00:00-05:00,65.01000213623047,65.01000213623047,64.0199966430664,64.66999816894531,67900,0.0,0.0,0.0
2022-03-07 00:00:00-05:00,64.55999755859375,64.63999938964844,62.619998931884766,62.66999816894531,115900,0.0,0.0,0.0
2022-03-08 00:00:00-05:00,62.58000183105469,63.79999923706055,62.172000885009766,62.34000015258789,37900,0.0,0.0,0.0
2022-03-09 00:00:00-05:00,63.40999984741211,64.23899841308594,63.40999984741211,63.90999984741211,64600,0.0,0.0,0.0
2022-03-10 00:00:00-05:00,62.939998626708984,63.65999984741211,62.81999969482422,63.58000183105469,26900,0.0,0.0,0.0
2022-03-11 00:00:00-05:00,64.37999725341797,64.37999725341797,62.56999969482422,62.61000061035156,42100,0.0,0.0,0.0
2022-03-14 00:00:00-04:00,62.68000030517578,63.016998291015625,61.790000915527344,62.0099983215332,157700,0.0,0.0,0.0
2022-03-15 00:00:00-04:00,62.56999969482422,63.25,62.369998931884766,63.150001525878906,53100,0.0,0.0,0.0
2022-03-16 00:00:00-04:00,64.19999694824219,64.87000274658203,63.52000045776367,64.83000183105469,43100,0.0,0.0,0.0
2022-03-17 00:00:00-04:00,64.7300033569336,65.86000061035156,64.55999755859375,65.8499984741211,21700,0.0,0.0,0.0
2022-03-18 00:00:00-04:00,65.66999816894531,66.72000122070312,65.66999816894531,66.69999694824219,54100,0.0,0.0,0.0
2022-03-21 00:00:00-04:00,66.76499938964844,66.76499938964844,65.94000244140625,66.37999725341797,30400,0.0,0.0,0.0
2022-03-22 00:00:00-04:00,66.66000366210938,67.27999877929688,66.66000366210938,67.12999725341797,145500,0.0,0.0,0.0
2022-03-23 00:00:00-04:00,66.70999908447266,66.88999938964844,66.25800323486328,66.2699966430664,23000,0.0,0.0,0.0
2022-03-24 00:00:00-04:00,66.41000366210938,67.0999984741211,66.38999938964844,67.08999633789062,26500,0.0,0.0,0.0
2022-03-25 00:00:00-04:00,67.08999633789062,67.08999633789062,66.51799774169922,67.04000091552734,22200,0.0,0.0,0.0
2022-03-28 00:00:00-04:00,67.02999877929688,67.48999786376953,66.62000274658203,67.45999908447266,20200,0.0,0.0,0.0
2022-03-29 00:00:00-04:00,67.94999694824219,68.9000015258789,67.94999694824219,68.77999877929688,63700,0.0,0.0,0.0
2022-03-30 00:00:00-04:00,68.70999908447266,68.70999908447266,67.83000183105469,68.05999755859375,19600,0.0,0.0,0.0
2022-03-31 00:00:00-04:00,68.16000366210938,68.16000366210938,67.0999984741211,67.13999938964844,24800,0.0,0.0,0.0
2022-04-01 00:00:00-04:00,67.51000213623047,67.51000213623047,66.84100341796875,67.4000015258789,40500,0.0,0.0,0.0
2022-04-04 00:00:00-04:00,67.44000244140625,67.81999969482422,67.3499984741211,67.77999877929688,91600,0.0,0.0,0.0
2022-04-05 00:00:00-04:00,67.7699966430664,67.78500366210938,66.6500015258789,66.80999755859375,30300,0.0,0.0,0.0
2022-04-06 00:00:00-04:00,66.5,66.5,65.66999816894531,66.22000122070312,26800,0.0,0.0,0.0
2022-04-07 00:00:00-04:00,66.05000305175781,66.70999908447266,65.56999969482422,66.40499877929688,124300,0.0,0.0,0.0
2022-04-08 00:00:00-04:00,66.55000305175781,66.75,66.31800079345703,66.33000183105469,25900,0.0,0.0,0.0
2022-04-11 00:00:00-04:00,66.13999938964844,66.31999969482422,65.63899993896484,65.6500015258789,23500,0.0,0.0,0.0
2022-04-12 00:00:00-04:00,66.33000183105469,66.58000183105469,65.12999725341797,65.36000061035156,29300,0.0,0.0,0.0
2022-04-13 00:00:00-04:00,65.33000183105469,66.33000183105469,65.33000183105469,66.2699966430664,243000,0.0,0.0,0.0
2022-04-14 00:00:00-04:00,66.19000244140625,66.45999908447266,65.56500244140625,65.58000183105469,22600,0.0,0.0,0.0
2022-04-18 00:00:00-04:00,65.44999694824219,65.5199966430664,64.95999908447266,65.22000122070312,17000,0.0,0.0,0.0
2022-04-19 00:00:00-04:00,65.12000274658203,66.71399688720703,65.12000274658203,66.5999984741211,25200,0.0,0.0,0.0
2022-04-20 00:00:00-04:00,66.98999786376953,67.06500244140625,66.58999633789062,66.68000030517578,25300,0.0,0.0,0.0
2022-04-21 00:00:00-04:00,67.06999969482422,67.12999725341797,65.30000305175781,65.45999908447266,37100,0.0,0.0,0.0
2022-04-22 00:00:00-04:00,65.6500015258789,65.6500015258789,63.619998931884766,63.66999816894531,52700,0.0,0.0,0.0
2022-04-25 00:00:00-04:00,63.132999420166016,64.04000091552734,62.689998626708984,64.01000213623047,51800,0.0,0.0,0.0
2022-04-26 00:00:00-04:00,63.84000015258789,63.84000015258789,62.31999969482422,62.31999969482422,27600,0.0,0.0,0.0
2022-04-27 00:00:00-04:00,62.599998474121094,63.020999908447266,62.2599983215332,62.349998474121094,20700,0.0,0.0,0.0
2022-04-28 00:00:00-04:00,63.029998779296875,63.72999954223633,62.02299880981445,63.5,74100,0.0,0.0,0.0
2022-04-29 00:00:00-04:00,63.11000061035156,63.66999816894531,61.36000061035156,61.43000030517578,34700,0.0,0.0,0.0
2022-05-02 00:00:00-04:00,61.619998931884766,61.96200180053711,60.499000549316406,61.779998779296875,23400,0.0,0.0,0.0
2022-05-03 00:00:00-04:00,61.91999816894531,62.5099983215332,61.83000183105469,62.11000061035156,28500,0.0,0.0,0.0
2022-05-04 00:00:00-04:00,62.13999938964844,63.9739990234375,61.5890007019043,63.880001068115234,52900,0.0,0.0,0.0
2022-05-05 00:00:00-04:00,63.5099983215332,63.5099983215332,61.16899871826172,61.70000076293945,35700,0.0,0.0,0.0
2022-05-06 00:00:00-04:00,61.529998779296875,61.529998779296875,60.15999984741211,60.88999938964844,29500,0.0,0.0,0.0
2022-05-09 00:00:00-04:00,59.9900016784668,60.095001220703125,58.45000076293945,58.689998626708984,56700,0.0,0.0,0.0
2022-05-10 00:00:00-04:00,59.369998931884766,59.439998626708984,57.970001220703125,58.56999969482422,36400,0.0,0.0,0.0
2022-05-11 00:00:00-04:00,58.540000915527344,59.44499969482422,57.68000030517578,57.7400016784668,42100,0.0,0.0,0.0
2022-05-12 00:00:00-04:00,57.2400016784668,58.44900131225586,57.04999923706055,58.0099983215332,67900,0.0,0.0,0.0
2022-05-13 00:00:00-04:00,58.88999938964844,59.891998291015625,58.88999938964844,59.66999816894531,78100,0.0,0.0,0.0
2022-05-16 00:00:00-04:00,59.650001525878906,59.75,59.10300064086914,59.25,40300,0.0,0.0,0.0
2022-05-17 00:00:00-04:00,59.97999954223633,60.5,59.68000030517578,60.47999954223633,95300,0.0,0.0,0.0
2022-05-18 00:00:00-04:00,59.68000030517578,59.79999923706055,57.96500015258789,58.18000030517578,36800,0.0,0.0,0.0
2022-05-19 00:00:00-04:00,58.220001220703125,58.86000061035156,57.79999923706055,58.21500015258789,107100,0.0,0.0,0.0
2022-05-20 00:00:00-04:00,58.7400016784668,58.84000015258789,56.97999954223633,58.2400016784668,72200,0.0,0.0,0.0
2022-05-23 00:00:00-04:00,58.619998931884766,59.209999084472656,58.29999923706055,59.060001373291016,58700,0.0,0.0,0.0
2022-05-24 00:00:00-04:00,58.45000076293945,58.63999938964844,57.529998779296875,58.45000076293945,77800,0.0,0.0,0.0
2022-05-25 00:00:00-04:00,58.189998626708984,59.459999084472656,58.189998626708984,59.220001220703125,42600,0.0,0.0,0.0
2022-05-26 00:00:00-04:00,59.380001068115234,60.72999954223633,59.380001068115234,60.540000915527344,177000,0.0,0.0,0.0
2022-05-27 00:00:00-04:00,60.79999923706055,62.060001373291016,60.79999923706055,62.060001373291016,28400,0.0,0.0,0.0
2022-05-31 00:00:00-04:00,61.9900016784668,61.9900016784668,61.172000885009766,61.3849983215332,42700,0.0,0.0,0.0
2022-06-01 00:00:00-04:00,61.84000015258789,61.84000015258789,60.27000045776367,60.77000045776367,60000,0.0,0.0,0.0
2022-06-02 00:00:00-04:00,60.70000076293945,62.1150016784668,60.61000061035156,62.09000015258789,25500,0.0,0.0,0.0
2022-06-03 00:00:00-04:00,61.45000076293945,61.680999755859375,61.099998474121094,61.27000045776367,249700,0.0,0.0,0.0
2022-06-06 00:00:00-04:00,61.790000915527344,61.959999084472656,61.305999755859375,61.47999954223633,91200,0.0,0.0,0.0
2022-06-07 00:00:00-04:00,60.75,62.18000030517578,60.75,62.13999938964844,62100,0.0,0.0,0.0
2022-06-08 00:00:00-04:00,61.83000183105469,62.099998474121094,61.27000045776367,61.36000061035156,23000,0.0,0.0,0.0
2022-06-09 00:00:00-04:00,60.93000030517578,61.16999816894531,59.790000915527344,59.81999969482422,55700,0.0,0.0,0.0
2022-06-10 00:00:00-04:00,58.90999984741211,58.90999984741211,58.0099983215332,58.060001373291016,64300,0.0,0.0,0.0
2022-06-13 00:00:00-04:00,56.75,56.75,55.29999923706055,55.5099983215332,57700,0.0,0.0,0.0
2022-06-14 00:00:00-04:00,55.79499816894531,55.97999954223633,54.7599983215332,55.279998779296875,75000,0.0,0.0,0.0
2022-06-15 00:00:00-04:00,55.709999084472656,56.619998931884766,55.099998474121094,56.0099983215332,556100,0.0,0.0,0.0
2022-06-16 00:00:00-04:00,54.65999984741211,54.79999923706055,53.57600021362305,53.90999984741211,105000,0.0,0.0,0.0
2022-06-17 00:00:00-04:00,54.16999816894531,54.51300048828125,53.5,54.209999084472656,40700,0.0,0.0,0.0
2022-06-21 00:00:00-04:00,54.939998626708984,55.57899856567383,54.939998626708984,55.290000915527344,334500,0.0,0.0,0.0
2022-06-22 00:00:00-04:00,54.380001068115234,55.77399826049805,54.380001068115234,55.2599983215332,18300,0.0,0.0,0.0
2022-06-23 00:00:00-04:00,55.439998626708984,55.90999984741211,55.119998931884766,55.880001068115234,38900,0.0,0.0,0.0
2022-06-24 00:00:00-04:00,56.31999969482422,57.43000030517578,56.209999084472656,57.41999816894531,32200,0.0,0.0,0.0
2022-06-27 00:00:00-04:00,57.345001220703125,57.65800094604492,57.099998474121094,57.33000183105469,45200,0.0,0.0,0.0
2022-06-28 00:00:00-04:00,57.599998474121094,58.071998596191406,56.279998779296875,56.33000183105469,19900,0.0,0.0,0.0
2022-06-29 00:00:00-04:00,56.220001220703125,56.220001220703125,55.65999984741211,56.0099983215332,42000,0.0,0.0,0.0
2022-06-30 00:00:00-04:00,55.529998779296875,56.058998107910156,54.880001068115234,55.52000045776367,65400,0.0,0.0,0.0
2022-07-01 00:00:00-04:00,55.63999938964844,56.290000915527344,55.2599983215332,56.25,66600,0.0,0.0,0.0
2022-07-05 00:00:00-04:00,55.189998626708984,56.310001373291016,54.91999816894531,56.310001373291016,60000,0.0,0.0,0.0
2022-07-06 00:00:00-04:00,56.189998626708984,56.66999816894531,55.880001068115234,56.310001373291016,27400,0.0,0.0,0.0
2022-07-07 00:00:00-04:00,56.9900016784668,57.34000015258789,56.79100036621094,57.25,118300,0.0,0.0,0.0
2022-07-08 00:00:00-04:00,56.97999954223633,57.402000427246094,56.88999938964844,57.06999969482422,31000,0.0,0.0,0.0
2022-07-11 00:00:00-04:00,56.779998779296875,56.779998779296875,56.29600143432617,56.40999984741211,11200,0.0,0.0,0.0
2022-07-12 00:00:00-04:00,56.40999984741211,56.59400177001953,55.79499816894531,56.0,85100,0.0,0.0,0.0
2022-07-13 00:00:00-04:00,55.22999954223633,56.06399917602539,55.150001525878906,55.72999954223633,23700,0.0,0.0,0.0
2022-07-14 00:00:00-04:00,54.88999938964844,55.27000045776367,54.459999084472656,55.22999954223633,26400,0.0,0.0,0.0
2022-07-15 00:00:00-04:00,55.970001220703125,56.33000183105469,55.63999938964844,56.310001373291016,20400,0.0,0.0,0.0
2022-07-18 00:00:00-04:00,56.97999954223633,57.0,55.9900016784668,56.119998931884766,54400,0.0,0.0,0.0
2022-07-19 00:00:00-04:00,56.880001068115234,57.85599899291992,56.814998626708984,57.7599983215332,10300,0.0,0.0,0.0
2022-07-20 00:00:00-04:00,57.900001525878906,58.47999954223633,57.709999084472656,58.34000015258789,20200,0.0,0.0,0.0
2022-07-21 00:00:00-04:00,58.08000183105469,58.79999923706055,57.86000061035156,58.79999923706055,78400,0.0,0.0,0.0
2022-07-22 00:00:00-04:00,58.959999084472656,59.119998931884766,57.95000076293945,58.2400016784668,26600,0.0,0.0,0.0
2022-07-25 00:00:00-04:00,58.2599983215332,58.4900016784668,58.130001068115234,58.40999984741211,26400,0.0,0.0,0.0
2022-07-26 00:00:00-04:00,58.02000045776367,58.064998626708984,57.64500045776367,57.790000915527344,23400,0.0,0.0,0.0
2022-07-27 00:00:00-04:00,58.09000015258789,59.27000045776367,58.07500076293945,59.040000915527344,34600,0.0,0.0,0.0
2022-07-28 00:00:00-04:00,59.0,60.04999923706055,59.0,60.0,42200,0.0,0.0,0.0
2022-07-29 00:00:00-04:00,59.790000915527344,60.720001220703125,59.790000915527344,60.619998931884766,19700,0.0,0.0,0.0
2022-08-01 00:00:00-04:00,60.11000061035156,60.6879997253418,60.01499938964844,60.5,27800,0.0,0.0,0.0
2022-08-02 00:00:00-04:00,60.40999984741211,60.880001068115234,60.040000915527344,60.34000015258789,35100,0.0,0.0,0.0
2022-08-03 00:00:00-04:00,60.56999969482422,61.220001220703125,60.56999969482422,61.099998474121094,20900,0.0,0.0,0.0
2022-08-04 00:00:00-04:00,60.97999954223633,61.15999984741211,60.867000579833984,61.0099983215332,28900,0.0,0.0,0.0
2022-08-05 00:00:00-04:00,60.2400016784668,61.20800018310547,60.2400016784668,61.16999816894531,31900,0.0,0.0,0.0
2022-08-08 00:00:00-04:00,61.5,61.9900016784668,61.33000183105469,61.380001068115234,32100,0.0,0.0,0.0
2022-08-09 00:00:00-04:00,61.11000061035156,61.150001525878906,60.77000045776367,60.91999816894531,50700,0.0,0.0,0.0
2022-08-10 00:00:00-04:00,61.869998931884766,62.470001220703125,61.869998931884766,62.439998626708984,44900,0.0,0.0,0.0
2022-08-11 00:00:00-04:00,62.849998474121094,63.400001525878906,62.4900016784668,62.61000061035156,54200,0.0,0.0,0.0
2022-08-12 00:00:00-04:00,63.040000915527344,63.63999938964844,62.893001556396484,63.619998931884766,25100,0.0,0.0,0.0
2022-08-15 00:00:00-04:00,63.099998474121094,63.849998474121094,63.099998474121094,63.75,18600,0.0,0.0,0.0
2022-08-16 00:00:00-04:00,63.5099983215332,64.16500091552734,63.44499969482422,63.91999816894531,59200,0.0,0.0,0.0
2022-08-17 00:00:00-04:00,63.2400016784668,63.58000183105469,62.92499923706055,63.220001220703125,37000,0.0,0.0,0.0
2022-08-18 00:00:00-04:00,63.209999084472656,63.529998779296875,63.13999938964844,63.45000076293945,12800,0.0,0.0,0.0
2022-08-19 00:00:00-04:00,62.88999938964844,62.91999816894531,62.36000061035156,62.529998779296875,13900,0.0,0.0,0.0
2022-08-22 00:00:00-04:00,61.63999938964844,61.68899917602539,61.06999969482422,61.220001220703125,14500,0.0,0.0,0.0
2022-08-23 00:00:00-04:00,61.34000015258789,61.65599822998047,61.071998596191406,61.13999938964844,38900,0.0,0.0,0.0
2022-08-24 00:00:00-04:00,60.97999954223633,61.66999816894531,60.97999954223633,61.470001220703125,24400,0.0,0.0,0.0
2022-08-25 00:00:00-04:00,61.74599838256836,62.459999084472656,61.74599838256836,62.459999084472656,14500,0.0,0.0,0.0
2022-08-26 00:00:00-04:00,62.650001525878906,62.650001525878906,60.439998626708984,60.470001220703125,22700,0.0,0.0,0.0
2022-08-29 00:00:00-04:00,59.86000061035156,60.54100036621094,59.86000061035156,60.04999923706055,23500,0.0,0.0,0.0
2022-08-30 00:00:00-04:00,60.279998779296875,60.279998779296875,59.14799880981445,59.380001068115234,16000,0.0,0.0,0.0
2022-08-31 00:00:00-04:00,59.57500076293945,59.790000915527344,58.9900016784668,58.9900016784668,17400,0.0,0.0,0.0
2022-09-01 00:00:00-04:00,58.27000045776367,58.869998931884766,57.959999084472656,58.849998474121094,22700,0.0,0.0,0.0
2022-09-02 00:00:00-04:00,59.63999938964844,59.685001373291016,58.209999084472656,58.43000030517578,26200,0.0,0.0,0.0
2022-09-06 00:00:00-04:00,58.56999969482422,58.619998931884766,58.02000045776367,58.21500015258789,38900,0.0,0.0,0.0
2022-09-07 00:00:00-04:00,58.36800003051758,59.54999923706055,58.36800003051758,59.459999084472656,33100,0.0,0.0,0.0
2022-09-08 00:00:00-04:00,58.97999954223633,60.099998474121094,58.91999816894531,60.06999969482422,18900,0.0,0.0,0.0
2022-09-09 00:00:00-04:00,60.512001037597656,61.189998626708984,60.512001037597656,61.08000183105469,18100,0.0,0.0,0.0
2022-09-12 00:00:00-04:00,61.54999923706055,61.69499969482422,61.369998931884766,61.63999938964844,64100,0.0,0.0,0.0
2022-09-13 00:00:00-04:00,60.2400016784668,60.36000061035156,59.07500076293945,59.15999984741211,90300,0.0,0.0,0.0
2022-09-14 00:00:00-04:00,59.20000076293945,59.400001525878906,58.7400016784668,59.2400016784668,24800,0.0,0.0,0.0
2022-09-15 00:00:00-04:00,59.099998474121094,59.58000183105469,58.529998779296875,58.68000030517578,22900,0.0,0.0,0.0
2022-09-16 00:00:00-04:00,58.27000045776367,58.27000045776367,57.53499984741211,57.939998626708984,18800,0.0,0.0,0.0
2022-09-19 00:00:00-04:00,57.56999969482422,58.37900161743164,57.560001373291016,58.36000061035156,19500,0.0,0.0,0.0
2022-09-20 00:00:00-04:00,57.994998931884766,57.994998931884766,57.099998474121094,57.41999816894531,19100,0.0,0.0,0.0
2022-09-21 00:00:00-04:00,57.689998626708984,58.130001068115234,56.47999954223633,56.5,20300,0.0,0.0,0.0
2022-09-22 00:00:00-04:00,56.459999084472656,56.459999084472656,55.4900016784668,55.560001373291016,84100,0.0,0.0,0.0
2022-09-23 00:00:00-04:00,54.9900016784668,54.9900016784668,53.86000061035156,54.56999969482422,41400,0.0,0.0,0.0
2022-09-26 00:00:00-04:00,54.34000015258789,54.720001220703125,53.599998474121094,53.68000030517578,39100,0.0,0.0,0.0
2022-09-27 00:00:00-04:00,54.22999954223633,54.58000183105469,53.29999923706055,53.599998474121094,32200,0.0,0.0,0.0
2022-09-28 00:00:00-04:00,53.83000183105469,55.13999938964844,53.83000183105469,54.90999984741211,46500,0.0,0.0,0.0
2022-09-29 00:00:00-04:00,54.130001068115234,54.130001068115234,53.41999816894531,53.790000915527344,30500,0.0,0.0,0.0
2022-09-30 00:00:00-04:00,53.95000076293945,54.380001068115234,53.220001220703125,53.29999923706055,30600,0.0,0.0,0.0
2022-10-03 00:00:00-04:00,53.7599983215332,55.060001373291016,53.630001068115234,54.790000915527344,37600,0.0,0.0,0.0
2022-10-04 00:00:00-04:00,55.56999969482422,56.7400016784668,55.56999969482422,56.7400016784668,37600,0.0,0.0,0.0
2022-10-05 00:00:00-04:00,56.189998626708984,56.87799835205078,55.65999984741211,56.529998779296875,44400,0.0,0.0,0.0
2022-10-06 00:00:00-04:00,56.54999923706055,56.6349983215332,55.849998474121094,55.90999984741211,27000,0.0,0.0,0.0
2022-10-07 00:00:00-04:00,55.38999938964844,55.38999938964844,54.095001220703125,54.369998931884766,39800,0.0,0.0,0.0
2022-10-10 00:00:00-04:00,54.72999954223633,54.72999954223633,53.56999969482422,53.95000076293945,24200,0.0,0.0,0.0
2022-10-11 00:00:00-04:00,53.779998779296875,54.22999954223633,53.41400146484375,53.619998931884766,41800,0.0,0.0,0.0
2022-10-12 00:00:00-04:00,53.52000045776367,53.70000076293945,53.369998931884766,53.380001068115234,30900,0.0,0.0,0.0
2022-10-13 00:00:00-04:00,52.31999969482422,54.81999969482422,51.959999084472656,54.56999969482422,56400,0.0,0.0,0.0
2022-10-14 00:00:00-04:00,54.90999984741211,54.90999984741211,53.13999938964844,53.20000076293945,23600,0.0,0.0,0.0
2022-10-17 00:00:00-04:00,54.20000076293945,54.755001068115234,54.20000076293945,54.540000915527344,36900,0.0,0.0,0.0
2022-10-18 00:00:00-04:00,55.560001373291016,55.97999954223633,54.849998474121094,55.29999923706055,324300,0.0,0.0,0.0
2022-10-19 00:00:00-04:00,54.880001068115234,55.22999954223633,54.349998474121094,54.630001068115234,53600,0.0,0.0,0.0
2022-10-20 00:00:00-04:00,54.72999954223633,55.2400016784668,54.05799865722656,54.16999816894531,30000,0.0,0.0,0.0
2022-10-21 00:00:00-04:00,54.209999084472656,55.38199996948242,53.869998931884766,55.310001373291016,32000,0.0,0.0,0.0
2022-10-24 00:00:00-04:00,55.40999984741211,55.9739990234375,55.220001220703125,55.869998931884766,36800,0.0,0.0,0.0
2022-10-25 00:00:00-04:00,55.790000915527344,57.11800003051758,55.790000915527344,57.060001373291016,30200,0.0,0.0,0.0
2022-10-26 00:00:00-04:00,57.380001068115234,57.7400016784668,57.040000915527344,57.13999938964844,33100,0.0,0.0,0.0
2022-10-27 00:00:00-04:00,57.400001525878906,57.900001525878906,57.060001373291016,57.14500045776367,74700,0.0,0.0,0.0
2022-10-28 00:00:00-04:00,57.06999969482422,58.3489990234375,57.06999969482422,58.29999923706055,35300,0.0,0.0,0.0
2022-10-31 00:00:00-04:00,58.08000183105469,58.369998931884766,57.959999084472656,58.040000915527344,70700,0.0,0.0,0.0
2022-11-01 00:00:00-04:00,58.58000183105469,58.79999923706055,57.970001220703125,58.15999984741211,22500,0.0,0.0,0.0
2022-11-02 00:00:00-04:00,57.91999816894531,58.59000015258789,56.599998474121094,56.61000061035156,29100,0.0,0.0,0.0
2022-11-03 00:00:00-04:00,55.88999938964844,56.7400016784668,55.7400016784668,56.349998474121094,22300,0.0,0.0,0.0
2022-11-04 00:00:00-04:00,57.040000915527344,57.345001220703125,56.20000076293945,56.970001220703125,18500,0.0,0.0,0.0
2022-11-07 00:00:00-05:00,57.16999816894531,57.5,56.91999816894531,57.40999984741211,198300,0.0,0.0,0.0
2022-11-08 00:00:00-05:00,57.52000045776367,58.279998779296875,57.52000045776367,57.83000183105469,117900,0.0,0.0,0.0
2022-11-09 00:00:00-05:00,57.31999969482422,57.56999969482422,56.56999969482422,56.689998626708984,22600,0.0,0.0,0.0
2022-11-10 00:00:00-05:00,58.790000915527344,59.959999084472656,58.70500183105469,59.88999938964844,33600,0.0,0.0,0.0
2022-11-11 00:00:00-05:00,59.970001220703125,60.75,59.970001220703125,60.59000015258789,28700,0.0,0.0,0.0
2022-11-14 00:00:00-05:00,60.290000915527344,60.720001220703125,59.869998931884766,59.88999938964844,28100,0.0,0.0,0.0
2022-11-15 00:00:00-05:00,60.779998779296875,60.9900016784668,60.369998931884766,60.599998474121094,40900,0.0,0.0,0.0
2022-11-16 00:00:00-05:00,60.18000030517578,60.18000030517578,59.7599983215332,59.84000015258789,29000,0.0,0.0,0.0
2022-11-17 00:00:00-05:00,58.93000030517578,59.38999938964844,58.77000045776367,59.31999969482422,726100,0.0,0.0,0.0
2022-11-18 00:00:00-05:00,60.0,60.0,59.2599983215332,59.70000076293945,28400,0.0,0.0,0.0
2022-11-21 00:00:00-05:00,59.400001525878906,59.63399887084961,59.25,59.56999969482422,17400,0.0,0.0,0.0
2022-11-22 00:00:00-05:00,59.849998474121094,60.349998474121094,59.720001220703125,60.31999969482422,17300,0.0,0.0,0.0
2022-11-23 00:00:00-05:00,60.380001068115234,60.76499938964844,60.349998474121094,60.650001525878906,52300,0.0,0.0,0.0
2022-11-25 00:00:00-05:00,60.71900177001953,60.880001068115234,60.71900177001953,60.72999954223633,5900,0.0,0.0,0.0
2022-11-28 00:00:00-05:00,60.400001525878906,60.513999938964844,59.66999816894531,59.81999969482422,130400,0.0,0.0,0.0
2022-11-29 00:00:00-05:00,59.88999938964844,60.06999969482422,59.7400016784668,59.88100051879883,24900,0.0,0.0,0.0
2022-11-30 00:00:00-05:00,60.06999969482422,61.54999923706055,59.72999954223633,61.54999923706055,33700,0.0,0.0,0.0
2022-12-01 00:00:00-05:00,61.880001068115234,61.97999954223633,61.310001373291016,61.66699981689453,33500,0.0,0.0,0.0
2022-12-02 00:00:00-05:00,60.939998626708984,61.709999084472656,60.880001068115234,61.599998474121094,46500,0.0,0.0,0.0
2022-12-05 00:00:00-05:00,61.13999938964844,61.15999984741211,60.060001373291016,60.2599983215332,33400,0.0,0.0,0.0
2022-12-06 00:00:00-05:00,60.2599983215332,60.2599983215332,59.14899826049805,59.5,26600,0.0,0.0,0.0
2022-12-07 00:00:00-05:00,59.459999084472656,59.810001373291016,59.310001373291016,59.459999084472656,17300,0.0,0.0,0.0
2022-12-08 00:00:00-05:00,59.810001373291016,60.15999984741211,59.599998474121094,59.95000076293945,135500,0.0,0.0,0.0
2022-12-09 00:00:00-05:00,59.97999954223633,60.04399871826172,59.494998931884766,59.5099983215332,10100,0.0,0.0,0.0
2022-12-12 00:00:00-05:00,59.54999923706055,60.41999816894531,59.54999923706055,60.41999816894531,19000,0.0,0.0,0.0
2022-12-13 00:00:00-05:00,62.06999969482422,62.06999969482422,60.45399856567383,60.91999816894531,46300,0.0,0.0,0.0
2022-12-14 00:00:00-05:00,60.84000015258789,61.36000061035156,60.393001556396484,60.529998779296875,26800,0.0,0.0,0.0
2022-12-15 00:00:00-05:00,59.810001373291016,59.810001373291016,58.91999816894531,59.04999923706055,21300,0.0,0.0,0.0
2022-12-16 00:00:00-05:00,58.54999923706055,58.71699905395508,58.0260009765625,58.380001068115234,20500,0.0,0.0,0.0
2022-12-19 00:00:00-05:00,58.369998931884766,58.369998931884766,57.560001373291016,57.810001373291016,31500,0.0,0.0,0.0
2022-12-20 00:00:00-05:00,57.58000183105469,58.15999984741211,57.560001373291016,57.95000076293945,64300,0.0,0.0,0.0
2022-12-21 00:00:00-05:00,58.43199920654297,58.900001525878906,58.279998779296875,58.790000915527344,30400,0.0,0.0,0.0
2022-12-22 00:00:00-05:00,58.25,58.25,57.10100173950195,58.0099983215332,29600,0.0,0.0,0.0
2022-12-23 00:00:00-05:00,57.91999816894531,58.36000061035156,57.790000915527344,58.349998474121094,16400,0.0,0.0,0.0
2022-12-27 00:00:00-05:00,57.81999969482422,58.04999923706055,57.52000045776367,57.869998931884766,59000,0.0,0.0,0.0
2022-12-28 00:00:00-05:00,57.81999969482422,58.09000015258789,57.08000183105469,57.130001068115234,42900,0.0,0.0,0.0
2022-12-29 00:00:00-05:00,57.560001373291016,58.310001373291016,57.428001403808594,58.15999984741211,52200,0.0,0.0,0.0
2022-12-30 00:00:00-05:00,57.869998931884766,57.939998626708984,57.38999938964844,57.939998626708984,40400,0.0,0.0,0.0
2023-01-03 00:00:00-05:00,58.380001068115234,58.56999969482422,57.36000061035156,57.72999954223633,39800,0.0,0.0,0.0
2023-01-04 00:00:00-05:00,58.08000183105469,58.77000045776367,58.064998626708984,58.529998779296875,28200,0.0,0.0,0.0
2023-01-05 00:00:00-05:00,58.16999816894531,58.16999816894531,57.68000030517578,57.779998779296875,47000,0.0,0.0,0.0
2023-01-06 00:00:00-05:00,58.25,59.255001068115234,57.8849983215332,59.099998474121094,13200,0.0,0.0,0.0
2023-01-09 00:00:00-05:00,59.38999938964844,59.95000076293945,59.23400115966797,59.2599983215332,20200,0.0,0.0,0.0
2023-01-10 00:00:00-05:00,59.060001373291016,59.68000030517578,59.060001373291016,59.68000030517578,124900,0.0,0.0,0.0
2023-01-11 00:00:00-05:00,59.9900016784668,60.4900016784668,59.95000076293945,60.4900016784668,165500,0.0,0.0,0.0
2023-01-12 00:00:00-05:00,60.779998779296875,60.891998291015625,60.02000045776367,60.709999084472656,96200,0.0,0.0,0.0
2023-01-13 00:00:00-05:00,60.130001068115234,60.900001525878906,60.130001068115234,60.869998931884766,78500,0.0,0.0,0.0
2023-01-17 00:00:00-05:00,60.810001373291016,61.13999938964844,60.779998779296875,60.81999969482422,15100,0.0,0.0,0.0
2023-01-18 00:00:00-05:00,61.09000015258789,61.20000076293945,59.869998931884766,59.900001525878906,31100,0.0,0.0,0.0
2023-01-19 00:00:00-05:00,59.58000183105469,59.58000183105469,59.04999923706055,59.27000045776367,16000,0.0,0.0,0.0
2023-01-20 00:00:00-05:00,59.58000183105469,60.380001068115234,59.20000076293945,60.369998931884766,136600,0.0,0.0,0.0
2023-01-23 00:00:00-05:00,60.56999969482422,61.435001373291016,60.49100112915039,61.220001220703125,68900,0.0,0.0,0.0
2023-01-24 00:00:00-05:00,61.029998779296875,61.150001525878906,60.84000015258789,61.060001373291016,28200,0.0,0.0,0.0
2023-01-25 00:00:00-05:00,60.400001525878906,61.119998931884766,60.150001525878906,61.119998931884766,104200,0.0,0.0,0.0
2023-01-26 00:00:00-05:00,61.505001068115234,61.7599983215332,61.08000183105469,61.7599983215332,23900,0.0,0.0,0.0
2023-01-27 00:00:00-05:00,61.56999969482422,62.20000076293945,61.52000045776367,61.93000030517578,16300,0.0,0.0,0.0
2023-01-30 00:00:00-05:00,61.43000030517578,61.810001373291016,61.11000061035156,61.150001525878906,27000,0.0,0.0,0.0
2023-01-31 00:00:00-05:00,61.220001220703125,62.15999984741211,61.220001220703125,62.13999938964844,22100,0.0,0.0,0.0
2023-02-01 00:00:00-05:00,62.012001037597656,63.15999984741211,61.63999938964844,62.83000183105469,17100,0.0,0.0,0.0
2023-02-02 00:00:00-05:00,63.310001373291016,63.880001068115234,63.130001068115234,63.58000183105469,45900,0.0,0.0,0.0
2023-02-03 00:00:00-05:00,62.93000030517578,63.2599983215332,62.58000183105469,62.72999954223633,31900,0.0,0.0,0.0
2023-02-06 00:00:00-05:00,62.310001373291016,62.4900016784668,62.130001068115234,62.33000183105469,14900,0.0,0.0,0.0
2023-02-07 00:00:00-05:00,62.279998779296875,62.97999954223633,61.90999984741211,62.959999084472656,48100,0.0,0.0,0.0
2023-02-08 00:00:00-05:00,62.880001068115234,62.880001068115234,62.40999984741211,62.43000030517578,11400,0.0,0.0,0.0
2023-02-09 00:00:00-05:00,62.959999084472656,62.959999084472656,61.689998626708984,61.81999969482422,13900,0.0,0.0,0.0
2023-02-10 00:00:00-05:00,61.630001068115234,62.02000045776367,61.56999969482422,61.959999084472656,22200,0.0,0.0,0.0
2023-02-13 00:00:00-05:00,62.0,62.61000061035156,61.970001220703125,62.57600021362305,19400,0.0,0.0,0.0
2023-02-14 00:00:00-05:00,62.459999084472656,62.75,62.150001525878906,62.61000061035156,11700,0.0,0.0,0.0
2023-02-15 00:00:00-05:00,62.369998931884766,63.09000015258789,62.369998931884766,63.09000015258789,41300,0.0,0.0,0.0
2023-02-16 00:00:00-05:00,62.45000076293945,62.93000030517578,62.290000915527344,62.41999816894531,28300,0.0,0.0,0.0
2023-02-17 00:00:00-05:00,62.08000183105469,62.220001220703125,61.7400016784668,62.130001068115234,146000,0.0,0.0,0.0
2023-02-21 00:00:00-05:00,61.61000061035156,61.63399887084961,60.79999923706055,60.84000015258789,20300,0.0,0.0,0.0
2023-02-22 00:00:00-05:00,60.904998779296875,61.13999938964844,60.619998931884766,60.81999969482422,21300,0.0,0.0,0.0
2023-02-23 00:00:00-05:00,61.18000030517578,61.25,60.459999084472656,61.040000915527344,18300,0.0,0.0,0.0
2023-02-24 00:00:00-05:00,60.349998474121094,60.60499954223633,60.084999084472656,60.470001220703125,19500,0.0,0.0,0.0
2023-02-27 00:00:00-05:00,60.939998626708984,61.099998474121094,60.525001525878906,60.619998931884766,32900,0.0,0.0,0.0
2023-02-28 00:00:00-05:00,60.59000015258789,60.849998474121094,60.45800018310547,60.470001220703125,15100,0.0,0.0,0.0
2023-03-01 00:00:00-05:00,60.36000061035156,60.43000030517578,60.11000061035156,60.2400016784668,24800,0.0,0.0,0.0
2023-03-02 00:00:00-05:00,59.9900016784668,60.86000061035156,59.81999969482422,60.72999954223633,10400,0.0,0.0,0.0
2023-03-03 00:00:00-05:00,60.9900016784668,61.689998626708984,60.84000015258789,61.619998931884766,13000,0.0,0.0,0.0
2023-03-06 00:00:00-05:00,61.76900100708008,61.84000015258789,61.31999969482422,61.38999938964844,20800,0.0,0.0,0.0
2023-03-07 00:00:00-05:00,61.31999969482422,61.33000183105469,60.358001708984375,60.400001525878906,14600,0.0,0.0,0.0
2023-03-08 00:00:00-05:00,60.404998779296875,60.6349983215332,60.14699935913086,60.459999084472656,15300,0.0,0.0,0.0
2023-03-09 00:00:00-05:00,60.459999084472656,60.68000030517578,59.08000183105469,59.16999816894531,29700,0.0,0.0,0.0
2023-03-10 00:00:00-05:00,58.95000076293945,59.060001373291016,57.61000061035156,57.86000061035156,28000,0.0,0.0,0.0
2023-03-13 00:00:00-04:00,57.20000076293945,58.047000885009766,56.900001525878906,57.43000030517578,10600,0.0,0.0,0.0
2023-03-14 00:00:00-04:00,58.380001068115234,58.61000061035156,57.691001892089844,58.27000045776367,22800,0.0,0.0,0.0
2023-03-15 00:00:00-04:00,57.380001068115234,57.400001525878906,56.7400016784668,57.388999938964844,21400,0.0,0.0,0.0
2023-03-16 00:00:00-04:00,57.08000183105469,58.32600021362305,57.08000183105469,58.27000045776367,28000,0.0,0.0,0.0
2023-03-17 00:00:00-04:00,58.20000076293945,58.20000076293945,57.262001037597656,57.31999969482422,15700,0.0,0.0,0.0
2023-03-20 00:00:00-04:00,57.54999923706055,58.09000015258789,57.54999923706055,57.970001220703125,12100,0.0,0.0,0.0
2023-03-21 00:00:00-04:00,58.56999969482422,58.779998779296875,58.44599914550781,58.75,20200,0.0,0.0,0.0
2023-03-22 00:00:00-04:00,58.619998931884766,58.93199920654297,57.5,57.5,14500,0.0,0.0,0.0
2023-03-23 00:00:00-04:00,57.7400016784668,58.369998931884766,56.9900016784668,57.4109992980957,39100,0.0,0.0,0.0
2023-03-24 00:00:00-04:00,56.97999954223633,57.709999084472656,56.939998626708984,57.709999084472656,28300,0.0,0.0,0.0
2023-03-27 00:00:00-04:00,58.02000045776367,58.22999954223633,57.770999908447266,57.970001220703125,40800,0.0,0.0,0.0
2023-03-28 00:00:00-04:00,58.020999908447266,58.16999816894531,57.805999755859375,57.99300003051758,10900,0.0,0.0,0.0
2023-03-29 00:00:00-04:00,58.584999084472656,58.939998626708984,58.52000045776367,58.88999938964844,23500,0.0,0.0,0.0
2023-03-30 00:00:00-04:00,59.39699935913086,59.42900085449219,58.95399856567383,59.198001861572266,21800,0.0,0.0,0.0
2023-03-31 00:00:00-04:00,59.529998779296875,60.16999816894531,59.529998779296875,60.16999816894531,15700,0.0,0.0,0.0
2023-04-03 00:00:00-04:00,60.290000915527344,60.38999938964844,59.90999984741211,60.189998626708984,567600,0.0,0.0,0.0
2023-04-04 00:00:00-04:00,59.86000061035156,59.86000061035156,59.5,59.630001068115234,21100,0.0,0.0,0.0
2023-04-05 00:00:00-04:00,59.529998779296875,59.529998779296875,59.1609992980957,59.41999816894531,25600,0.0,0.0,0.0
2023-04-06 00:00:00-04:00,59.43000030517578,59.520999908447266,59.18299865722656,59.439998626708984,34000,0.0,0.0,0.0
2023-04-10 00:00:00-04:00,59.2599983215332,59.84000015258789,59.2599983215332,59.84000015258789,20100,0.0,0.0,0.0
2023-04-11 00:00:00-04:00,60.04999923706055,60.400001525878906,60.04999923706055,60.16999816894531,18700,0.0,0.0,0.0
2023-04-12 00:00:00-04:00,60.529998779296875,60.529998779296875,59.84000015258789,59.880001068115234,11400,0.0,0.0,0.0
2023-04-13 00:00:00-04:00,60.040000915527344,60.500999450683594,59.97999954223633,60.37799835205078,45500,0.0,0.0,0.0
2023-04-14 00:00:00-04:00,60.369998931884766,60.599998474121094,59.814998626708984,60.10300064086914,47500,0.0,0.0,0.0
2023-04-17 00:00:00-04:00,60.297000885009766,60.46699905395508,60.09000015258789,60.46699905395508,17200,0.0,0.0,0.0
2023-04-18 00:00:00-04:00,60.720001220703125,60.77000045776367,60.3650016784668,60.52899932861328,17300,0.0,0.0,0.0
2023-04-19 00:00:00-04:00,60.290000915527344,60.56999969482422,60.20000076293945,60.47200012207031,17800,0.0,0.0,0.0
2023-04-20 00:00:00-04:00,60.20500183105469,60.380001068115234,59.970001220703125,60.150001525878906,24300,0.0,0.0,0.0
2023-04-21 00:00:00-04:00,60.290000915527344,60.290000915527344,59.888999938964844,60.150001525878906,8800,0.0,0.0,0.0
2023-04-24 00:00:00-04:00,60.08000183105469,60.28900146484375,59.97999954223633,60.25,30500,0.0,0.0,0.0
2023-04-25 00:00:00-04:00,59.86000061035156,59.86000061035156,59.07500076293945,59.07500076293945,17500,0.0,0.0,0.0
2023-04-26 00:00:00-04:00,59.040000915527344,59.040000915527344,58.43000030517578,58.56999969482422,21900,0.0,0.0,0.0
2023-04-27 00:00:00-04:00,58.720001220703125,59.43199920654297,58.720001220703125,59.4010009765625,21400,0.0,0.0,0.0
2023-04-28 00:00:00-04:00,59.380001068115234,59.930999755859375,59.380001068115234,59.930999755859375,20300,0.0,0.0,0.0
2023-05-01 00:00:00-04:00,59.96799850463867,60.141998291015625,59.869998931884766,59.880001068115234,13000,0.0,0.0,0.0
2023-05-02 00:00:00-04:00,59.709999084472656,59.709999084472656,58.470001220703125,58.96799850463867,21900,0.0,0.0,0.0
2023-05-03 00:00:00-04:00,59.040000915527344,59.38999938964844,58.58000183105469,58.58000183105469,22200,0.0,0.0,0.0
2023-05-04 00:00:00-04:00,58.11000061035156,58.31100082397461,58.09000015258789,58.150001525878906,125100,0.0,0.0,0.0
2023-05-05 00:00:00-04:00,58.65999984741211,59.27000045776367,58.65999984741211,59.119998931884766,13000,0.0,0.0,0.0
2023-05-08 00:00:00-04:00,59.2599983215332,59.2599983215332,59.0,59.11000061035156,11500,0.0,0.0,0.0
2023-05-09 00:00:00-04:00,58.849998474121094,59.08000183105469,58.779998779296875,58.9379997253418,36400,0.0,0.0,0.0
2023-05-10 00:00:00-04:00,59.4010009765625,59.4010009765625,58.5099983215332,58.99300003051758,29500,0.0,0.0,0.0
2023-05-11 00:00:00-04:00,58.63399887084961,58.742000579833984,58.5260009765625,58.7400016784668,31400,0.0,0.0,0.0
2023-05-12 00:00:00-04:00,59.0,59.0,58.38999938964844,58.7400016784668,13800,0.0,0.0,0.0
2023-05-15 00:00:00-04:00,58.84000015258789,59.15999984741211,58.61000061035156,59.04999923706055,11800,0.0,0.0,0.0
2023-05-16 00:00:00-04:00,58.7400016784668,58.7400016784668,58.244998931884766,58.244998931884766,14100,0.0,0.0,0.0
2023-05-17 00:00:00-04:00,58.540000915527344,59.077999114990234,58.4900016784668,58.9900016784668,12300,0.0,0.0,0.0
2023-05-18 00:00:00-04:00,58.959999084472656,59.5369987487793,58.957000732421875,59.5369987487793,16700,0.0,0.0,0.0
2023-05-19 00:00:00-04:00,59.676998138427734,59.676998138427734,59.23699951171875,59.36000061035156,9300,0.0,0.0,0.0
2023-05-22 00:00:00-04:00,59.209999084472656,59.7239990234375,59.209999084472656,59.527000427246094,15900,0.0,0.0,0.0
2023-05-23 00:00:00-04:00,59.33000183105469,59.4900016784668,58.91999816894531,58.939998626708984,15300,0.0,0.0,0.0
2023-05-24 00:00:00-04:00,58.47999954223633,58.54999923706055,58.2400016784668,58.279998779296875,29700,0.0,0.0,0.0
2023-05-25 00:00:00-04:00,58.47999954223633,58.47999954223633,58.0359992980957,58.33000183105469,32200,0.0,0.0,0.0
2023-05-26 00:00:00-04:00,58.46500015258789,59.040000915527344,58.46500015258789,58.939998626708984,15700,0.0,0.0,0.0
2023-05-30 00:00:00-04:00,59.220001220703125,59.220001220703125,58.7599983215332,58.87300109863281,14000,0.0,0.0,0.0
2023-05-31 00:00:00-04:00,58.6349983215332,58.6349983215332,58.209999084472656,58.54999923706055,26100,0.0,0.0,0.0
2023-06-01 00:00:00-04:00,58.650001525878906,59.18600082397461,58.439998626708984,59.007999420166016,22000,0.0,0.0,0.0
2023-06-02 00:00:00-04:00,59.33000183105469,60.34000015258789,59.33000183105469,60.249000549316406,21600,0.0,0.0,0.0
2023-06-05 00:00:00-04:00,60.31999969482422,60.31999969482422,59.900001525878906,60.04999923706055,16100,0.0,0.0,0.0
2023-06-06 00:00:00-04:00,59.9900016784668,60.46500015258789,59.974998474121094,60.41999816894531,21600,0.0,0.0,0.0
2023-06-07 00:00:00-04:00,60.51499938964844,60.724998474121094,60.51499938964844,60.632999420166016,7800,0.0,0.0,0.0
2023-06-08 00:00:00-04:00,60.58000183105469,60.810001373291016,60.439998626708984,60.7599983215332,51900,0.0,0.0,0.0
2023-06-09 00:00:00-04:00,60.810001373291016,60.8650016784668,60.4900016784668,60.650001525878906,16000,0.0,0.0,0.0
2023-06-12 00:00:00-04:00,60.689998626708984,61.040000915527344,60.54999923706055,61.029998779296875,39700,0.0,0.0,0.0
2023-06-13 00:00:00-04:00,61.310001373291016,61.68199920654297,61.310001373291016,61.59000015258789,11400,0.0,0.0,0.0
2023-06-14 00:00:00-04:00,61.84000015258789,61.91999816894531,61.209999084472656,61.52000045776367,19500,0.0,0.0,0.0
2023-06-15 00:00:00-04:00,61.5,62.43000030517578,61.465999603271484,62.279998779296875,16600,0.0,0.0,0.0
2023-06-16 00:00:00-04:00,62.47999954223633,62.52000045776367,62.125,62.20500183105469,17700,0.0,0.0,0.0
2023-06-20 00:00:00-04:00,61.88999938964844,61.88999938964844,61.43000030517578,61.66999816894531,26000,0.0,0.0,0.0
2023-06-21 00:00:00-04:00,61.564998626708984,61.7599983215332,61.5,61.5099983215332,71800,0.0,0.0,0.0
2023-06-22 00:00:00-04:00,61.40999984741211,61.40999984741211,61.18899917602539,61.34000015258789,25900,0.0,0.0,0.0
2023-06-23 00:00:00-04:00,60.93000030517578,61.0890007019043,60.77000045776367,60.869998931884766,27400,0.0,0.0,0.0
2023-06-26 00:00:00-04:00,60.72999954223633,61.029998779296875,60.729000091552734,60.869998931884766,11700,0.0,0.0,0.0
2023-06-27 00:00:00-04:00,61.02000045776367,61.66999816894531,60.939998626708984,61.59000015258789,27400,0.0,0.0,0.0
2023-06-28 00:00:00-04:00,61.5099983215332,61.619998931884766,61.279998779296875,61.4900016784668,19700,0.0,0.0,0.0
2023-06-29 00:00:00-04:00,61.599998474121094,61.939998626708984,61.599998474121094,61.939998626708984,33200,0.0,0.0,0.0
2023-06-30 00:00:00-04:00,62.349998474121094,62.630001068115234,62.27899932861328,62.52000045776367,24600,0.0,0.0,0.0
2023-07-03 00:00:00-04:00,62.50400161743164,62.709999084472656,62.50400161743164,62.68199920654297,14000,0.0,0.0,0.0
2023-07-05 00:00:00-04:00,62.470001220703125,62.53799819946289,62.266998291015625,62.45000076293945,14400,0.0,0.0,0.0
2023-07-06 00:00:00-04:00,61.790000915527344,61.86000061035156,61.43000030517578,61.849998474121094,18600,0.0,0.0,0.0
2023-07-07 00:00:00-04:00,61.790000915527344,62.459999084472656,61.624000549316406,61.92499923706055,35400,0.0,0.0,0.0
2023-07-10 00:00:00-04:00,61.880001068115234,62.45000076293945,61.880001068115234,62.45000076293945,18500,0.0,0.0,0.0
2023-07-11 00:00:00-04:00,62.744998931884766,63.22999954223633,62.733001708984375,63.189998626708984,99800,0.0,0.0,0.0
2023-07-12 00:00:00-04:00,63.810001373291016,63.810001373291016,63.40999984741211,63.47999954223633,230100,0.0,0.0,0.0
2023-07-13 00:00:00-04:00,63.77000045776367,64.0,63.641998291015625,63.90999984741211,22100,0.0,0.0,0.0
2023-07-14 00:00:00-04:00,63.88999938964844,63.88999938964844,63.417999267578125,63.5099983215332,18300,0.0,0.0,0.0
2023-07-17 00:00:00-04:00,63.47999954223633,63.94499969482422,63.39500045776367,63.779998779296875,15100,0.0,0.0,0.0
2023-07-18 00:00:00-04:00,63.775001525878906,64.20999908447266,63.775001525878906,64.16000366210938,16900,0.0,0.0,0.0
2023-07-19 00:00:00-04:00,64.3499984741211,64.5999984741211,64.33000183105469,64.44999694824219,16400,0.0,0.0,0.0
2023-07-20 00:00:00-04:00,64.30999755859375,64.35199737548828,64.1500015258789,64.2699966430664,13100,0.0,0.0,0.0
2023-07-21 00:00:00-04:00,64.56999969482422,64.58000183105469,64.29000091552734,64.41300201416016,20900,0.0,0.0,0.0
2023-07-24 00:00:00-04:00,64.4800033569336,64.6050033569336,64.33999633789062,64.47000122070312,16700,0.0,0.0,0.0
2023-07-25 00:00:00-04:00,64.41000366210938,64.6969985961914,64.33000183105469,64.61000061035156,8100,0.0,0.0,0.0
2023-07-26 00:00:00-04:00,64.63200378417969,64.80999755859375,64.52999877929688,64.72000122070312,9300,0.0,0.0,0.0
2023-07-27 00:00:00-04:00,65.02999877929688,65.02999877929688,64.05000305175781,64.1500015258789,16100,0.0,0.0,0.0
2023-07-28 00:00:00-04:00,64.62000274658203,64.62000274658203,64.26000213623047,64.51000213623047,15000,0.0,0.0,0.0
2023-07-31 00:00:00-04:00,64.7300033569336,64.76000213623047,64.56999969482422,64.76000213623047,11500,0.0,0.0,0.0
2023-08-01 00:00:00-04:00,64.52999877929688,64.63999938964844,64.4010009765625,64.58999633789062,15200,0.0,0.0,0.0
2023-08-02 00:00:00-04:00,64.13999938964844,64.19000244140625,63.790000915527344,63.849998474121094,32400,0.0,0.0,0.0
2023-08-03 00:00:00-04:00,63.779998779296875,63.79999923706055,63.43000030517578,63.630001068115234,58600,0.0,0.0,0.0
2023-08-04 00:00:00-04:00,63.84000015258789,63.994998931884766,63.2400016784668,63.31999969482422,19200,0.0,0.0,0.0
2023-08-07 00:00:00-04:00,63.470001220703125,63.82500076293945,63.470001220703125,63.810001373291016,11900,0.0,0.0,0.0
2023-08-08 00:00:00-04:00,63.290000915527344,63.48500061035156,62.84199905395508,63.400001525878906,12800,0.0,0.0,0.0
2023-08-09 00:00:00-04:00,63.40999984741211,63.597999572753906,63.1349983215332,63.22999954223633,59200,0.0,0.0,0.0
2023-08-10 00:00:00-04:00,63.61000061035156,63.95000076293945,63.040000915527344,63.20000076293945,12300,0.0,0.0,0.0
2023-08-11 00:00:00-04:00,63.02000045776367,63.2140007019043,62.96500015258789,63.150001525878906,4800,0.0,0.0,0.0
2023-08-14 00:00:00-04:00,62.98500061035156,63.23400115966797,62.98500061035156,63.209999084472656,4200,0.0,0.0,0.0
2023-08-15 00:00:00-04:00,62.81999969482422,62.81999969482422,62.33000183105469,62.369998931884766,27500,0.0,0.0,0.0
2023-08-16 00:00:00-04:00,62.36000061035156,62.55099868774414,61.974998474121094,61.9900016784668,19800,0.0,0.0,0.0
2023-08-17 00:00:00-04:00,62.119998931884766,62.119998931884766,61.470001220703125,61.470001220703125,18600,0.0,0.0,0.0
2023-08-18 00:00:00-04:00,61.15999984741211,61.709999084472656,61.15999984741211,61.58000183105469,12600,0.0,0.0,0.0
2023-08-21 00:00:00-04:00,61.689998626708984,61.770999908447266,61.27000045776367,61.650001525878906,19500,0.0,0.0,0.0
2023-08-22 00:00:00-04:00,61.79999923706055,61.810001373291016,61.4640007019043,61.4900016784668,12400,0.0,0.0,0.0
2023-08-23 00:00:00-04:00,61.52000045776367,62.06999969482422,61.52000045776367,62.0,15300,0.0,0.0,0.0
2023-08-24 00:00:00-04:00,62.09000015258789,62.09000015258789,61.400001525878906,61.400001525878906,12900,0.0,0.0,0.0
2023-08-25 00:00:00-04:00,61.619998931884766,61.869998931884766,61.209999084472656,61.709999084472656,9000,0.0,0.0,0.0
2023-08-28 00:00:00-04:00,61.939998626708984,62.30099868774414,61.939998626708984,62.130001068115234,24800,0.0,0.0,0.0
2023-08-29 00:00:00-04:00,62.2400016784668,62.88999938964844,62.2400016784668,62.880001068115234,20800,0.0,0.0,0.0
2023-08-30 00:00:00-04:00,62.84000015258789,63.165000915527344,62.84000015258789,63.08000183105469,21600,0.0,0.0,0.0
2023-08-31 00:00:00-04:00,63.2400016784668,63.2400016784668,62.93000030517578,62.93000030517578,17700,0.0,0.0,0.0
2023-09-01 00:00:00-04:00,63.349998474121094,63.349998474121094,63.04999923706055,63.13999938964844,5300,0.0,0.0,0.0
2023-09-05 00:00:00-04:00,63.13999938964844,63.13999938964844,62.5099983215332,62.52000045776367,21000,0.0,0.0,0.0
2023-09-06 00:00:00-04:00,62.45000076293945,62.50600051879883,62.04999923706055,62.310001373291016,7900,0.0,0.0,0.0
2023-09-07 00:00:00-04:00,61.9900016784668,62.22600173950195,61.88999938964844,62.09000015258789,8300,0.0,0.0,0.0
2023-09-08 00:00:00-04:00,62.119998931884766,62.24399948120117,62.0099983215332,62.11000061035156,10900,0.0,0.0,0.0
2023-09-11 00:00:00-04:00,62.45000076293945,62.45000076293945,62.20600128173828,62.24800109863281,7300,0.0,0.0,0.0
2023-09-12 00:00:00-04:00,62.220001220703125,62.439998626708984,62.13100051879883,62.209999084472656,47700,0.0,0.0,0.0
2023-09-13 00:00:00-04:00,62.27000045776367,62.27000045776367,61.84000015258789,62.0099983215332,8800,0.0,0.0,0.0
2023-09-14 00:00:00-04:00,62.36000061035156,62.630001068115234,62.279998779296875,62.59000015258789,11600,0.0,0.0,0.0
2023-09-15 00:00:00-04:00,62.380001068115234,62.481998443603516,62.0,62.040000915527344,12500,0.0,0.0,0.0
2023-09-18 00:00:00-04:00,62.04999923706055,62.13999938964844,61.810001373291016,61.900001525878906,19700,0.0,0.0,0.0
2023-09-19 00:00:00-04:00,61.869998931884766,61.95000076293945,61.61000061035156,61.779998779296875,18300,0.0,0.0,0.0
2023-09-20 00:00:00-04:00,62.08000183105469,62.2239990234375,61.54499816894531,61.56999969482422,14900,0.0,0.0,0.0
2023-09-21 00:00:00-04:00,61.2599983215332,61.2599983215332,60.46500015258789,60.4900016784668,13600,0.0,0.0,0.0
2023-09-22 00:00:00-04:00,60.53799819946289,60.70000076293945,60.31399917602539,60.33000183105469,17700,0.0,0.0,0.0
2023-09-25 00:00:00-04:00,59.90999984741211,60.244998931884766,59.875,60.220001220703125,14100,0.0,0.0,0.0
2023-09-26 00:00:00-04:00,59.869998931884766,59.959999084472656,59.36000061035156,59.400001525878906,13200,0.0,0.0,0.0
2023-09-27 00:00:00-04:00,59.689998626708984,59.689998626708984,59.06999969482422,59.439998626708984,12600,0.0,0.0,0.0
2023-09-28 00:00:00-04:00,59.560001373291016,60.09000015258789,59.529998779296875,59.849998474121094,71000,0.0,0.0,0.0
2023-09-29 00:00:00-04:00,60.290000915527344,60.290000915527344,59.61800003051758,59.72999954223633,15400,0.0,0.0,0.0
2023-10-02 00:00:00-04:00,59.58000183105469,59.58000183105469,58.82600021362305,59.13999938964844,39900,0.0,0.0,0.0
2023-10-03 00:00:00-04:00,58.709999084472656,58.95899963378906,58.22999954223633,58.38999938964844,17500,0.0,0.0,0.0
2023-10-04 00:00:00-04:00,58.54499816894531,58.808998107910156,58.43000030517578,58.808998107910156,9600,0.0,0.0,0.0
2023-10-05 00:00:00-04:00,58.689998626708984,58.779998779296875,58.279998779296875,58.650001525878906,44400,0.0,0.0,0.0
2023-10-06 00:00:00-04:00,58.380001068115234,59.48500061035156,58.154998779296875,59.23500061035156,55600,0.0,0.0,0.0
2023-10-09 00:00:00-04:00,59.06999969482422,59.689998626708984,59.04999923706055,59.65599822998047,17900,0.0,0.0,0.0
2023-10-10 00:00:00-04:00,59.869998931884766,60.46200180053711,59.840999603271484,60.150001525878906,16100,0.0,0.0,0.0
2023-10-11 00:00:00-04:00,60.349998474121094,60.369998931884766,59.87099838256836,60.29899978637695,10100,0.0,0.0,0.0
2023-10-12 00:00:00-04:00,60.459999084472656,60.459999084472656,59.29999923706055,59.57099914550781,176000,0.0,0.0,0.0
2023-10-13 00:00:00-04:00,59.880001068115234,59.880001068115234,59.29999923706055,59.387001037597656,13000,0.0,0.0,0.0
2023-10-16 00:00:00-04:00,59.72999954223633,60.21200180053711,59.72999954223633,60.185001373291016,12800,0.0,0.0,0.0
2023-10-17 00:00:00-04:00,59.779998779296875,60.720001220703125,59.779998779296875,60.38999938964844,80200,0.0,0.0,0.0
2023-10-18 00:00:00-04:00,60.0,60.029998779296875,59.41999816894531,59.470001220703125,24600,0.0,0.0,0.0
2023-10-19 00:00:00-04:00,59.5099983215332,59.599998474121094,58.689998626708984,58.79999923706055,20900,0.0,0.0,0.0
2023-10-20 00:00:00-04:00,58.65999984741211,58.65999984741211,58.02000045776367,58.02000045776367,13500,0.0,0.0,0.0
2023-10-23 00:00:00-04:00,57.790000915527344,58.15999984741211,57.630001068115234,57.689998626708984,28300,0.0,0.0,0.0
2023-10-24 00:00:00-04:00,58.04999923706055,58.29999923706055,57.78499984741211,58.06999969482422,27800,0.0,0.0,0.0
2023-10-25 00:00:00-04:00,57.849998474121094,57.849998474121094,57.2599983215332,57.279998779296875,18600,0.0,0.0,0.0
2023-10-26 00:00:00-04:00,57.36000061035156,57.612998962402344,57.060001373291016,57.20000076293945,171300,0.0,0.0,0.0
2023-10-27 00:00:00-04:00,57.33000183105469,57.33000183105469,56.45000076293945,56.58000183105469,39200,0.0,0.0,0.0
2023-10-30 00:00:00-04:00,56.91999816894531,57.11600112915039,56.500999450683594,57.01100158691406,27200,0.0,0.0,0.0
2023-10-31 00:00:00-04:00,57.01599884033203,57.54899978637695,57.01599884033203,57.540000915527344,11000,0.0,0.0,0.0
2023-11-01 00:00:00-04:00,57.540000915527344,57.790000915527344,57.29999923706055,57.75,66900,0.0,0.0,0.0
2023-11-02 00:00:00-04:00,58.22999954223633,59.040000915527344,58.22999954223633,59.029998779296875,16000,0.0,0.0,0.0
2023-11-03 00:00:00-04:00,59.56999969482422,60.34000015258789,59.56999969482422,60.066001892089844,20100,0.0,0.0,0.0
2023-11-06 00:00:00-05:00,60.15999984741211,60.15999984741211,59.54499816894531,59.71500015258789,16100,0.0,0.0,0.0
2023-11-07 00:00:00-05:00,59.75,59.939998626708984,59.720001220703125,59.77000045776367,15400,0.0,0.0,0.0
2023-11-08 00:00:00-05:00,59.91999816894531,59.96900177001953,59.4900016784668,59.709999084472656,159300,0.0,0.0,0.0
2023-11-09 00:00:00-05:00,59.904998779296875,59.904998779296875,59.15599822998047,59.15999984741211,23100,0.0,0.0,0.0
2023-11-10 00:00:00-05:00,59.45000076293945,59.95000076293945,59.2400016784668,59.93000030517578,11000,0.0,0.0,0.0
2023-11-13 00:00:00-05:00,59.720001220703125,60.00699996948242,59.65999984741211,59.849998474121094,16000,0.0,0.0,0.0
2023-11-14 00:00:00-05:00,60.91999816894531,61.71500015258789,60.91999816894531,61.54199981689453,18800,0.0,0.0,0.0
2023-11-15 00:00:00-05:00,61.75,62.209999084472656,61.75,61.79999923706055,26300,0.0,0.0,0.0
2023-11-16 00:00:00-05:00,61.90999984741211,61.90999984741211,61.43000030517578,61.59299850463867,25400,0.0,0.0,0.0
2023-11-17 00:00:00-05:00,61.81999969482422,61.959999084472656,61.7760009765625,61.9109992980957,16200,0.0,0.0,0.0
2023-11-20 00:00:00-05:00,61.84000015258789,62.37799835205078,61.84000015258789,62.242000579833984,16700,0.0,0.0,0.0
2023-11-21 00:00:00-05:00,62.099998474121094,62.2400016784668,62.095001220703125,62.189998626708984,21600,0.0,0.0,0.0
2023-11-22 00:00:00-05:00,62.29999923706055,62.52000045776367,62.29999923706055,62.43299865722656,13800,0.0,0.0,0.0
2023-11-24 00:00:00-05:00,62.45000076293945,62.650001525878906,62.43199920654297,62.60200119018555,4200,0.0,0.0,0.0
2023-11-27 00:00:00-05:00,62.43000030517578,62.599998474121094,62.40999984741211,62.47999954223633,25800,0.0,0.0,0.0
2023-11-28 00:00:00-05:00,62.470001220703125,62.72999954223633,62.34000015258789,62.470001220703125,33700,0.0,0.0,0.0
2023-11-29 00:00:00-05:00,62.900001525878906,63.04999923706055,62.68000030517578,62.75600051879883,26000,0.0,0.0,0.0
2023-11-30 00:00:00-05:00,63.02000045776367,63.2599983215332,62.84000015258789,63.2599983215332,25600,0.0,0.0,0.0
2023-12-01 00:00:00-05:00,63.20000076293945,64.14800262451172,63.20000076293945,64.14800262451172,16200,0.0,0.0,0.0
2023-12-04 00:00:00-05:00,63.849998474121094,64.12000274658203,63.849998474121094,64.12000274658203,15100,0.0,0.0,0.0
2023-12-05 00:00:00-05:00,63.88999938964844,63.88999938964844,63.54399871826172,63.599998474121094,17700,0.0,0.0,0.0
2023-12-06 00:00:00-05:00,63.88999938964844,64.06999969482422,63.540000915527344,63.56999969482422,10500,0.0,0.0,0.0
2023-12-07 00:00:00-05:00,63.84000015258789,63.933998107910156,63.654998779296875,63.88999938964844,41400,0.0,0.0,0.0
2023-12-08 00:00:00-05:00,63.88999938964844,64.2249984741211,63.85900115966797,64.11000061035156,15700,0.0,0.0,0.0
2023-12-11 00:00:00-05:00,64.20999908447266,64.70999908447266,64.20999908447266,64.70999908447266,26500,0.0,0.0,0.0
2023-12-12 00:00:00-05:00,64.80999755859375,64.94000244140625,64.45999908447266,64.8489990234375,53400,0.0,0.0,0.0
2023-12-13 00:00:00-05:00,64.95999908447266,66.13999938964844,64.84500122070312,66.13999938964844,19900,0.0,0.0,0.0
2023-12-14 00:00:00-05:00,66.62999725341797,67.25,66.62999725341797,66.94000244140625,1012900,0.0,0.0,0.0
2023-12-15 00:00:00-05:00,66.95999908447266,66.95999908447266,66.43000030517578,66.63999938964844,28800,0.0,0.0,0.0
2023-12-18 00:00:00-05:00,66.91000366210938,66.91000366210938,66.63999938964844,66.70099639892578,56700,0.0,0.0,0.0
2023-12-19 00:00:00-05:00,66.95999908447266,67.27999877929688,66.95999908447266,67.27999877929688,39400,0.0,0.0,0.0
2023-12-20 00:00:00-05:00,66.94000244140625,67.30999755859375,66.12999725341797,66.13999938964844,40200,0.0,0.0,0.0
2023-12-21 00:00:00-05:00,66.51000213623047,66.93000030517578,66.41000366210938,66.93000030517578,47600,0.0,0.0,0.0
2023-12-22 00:00:00-05:00,66.95999908447266,67.33000183105469,66.95999908447266,67.18000030517578,9400,0.0,0.0,0.0
2023-12-26 00:00:00-05:00,66.72000122070312,67.30000305175781,66.72000122070312,67.14700317382812,29300,0.0,0.0,0.0
2023-12-27 00:00:00-05:00,67.01000213623047,67.30999755859375,67.01000213623047,67.20999908447266,95800,0.0,0.0,0.0
2023-12-28 00:00:00-05:00,67.16000366210938,67.43000030517578,67.16000366210938,67.2699966430664,45000,0.0,0.0,0.0
2023-12-29 00:00:00-05:00,67.33000183105469,67.36000061035156,66.86000061035156,67.05999755859375,32900,0.0,0.0,0.0
2024-01-02 00:00:00-05:00,66.69000244140625,67.04000091552734,66.58999633789062,66.83000183105469,37200,0.0,0.0,0.0
2024-01-03 00:00:00-05:00,66.47000122070312,66.47000122070312,65.86000061035156,65.93000030517578,48600,0.0,0.0,0.0
2024-01-04 00:00:00-05:00,65.875,66.26000213623047,65.82499694824219,65.83999633789062,20100,0.0,0.0,0.0
2024-01-05 00:00:00-05:00,65.81999969482422,66.33999633789062,65.58000183105469,65.97000122070312,20800,0.0,0.0,0.0
2024-01-08 00:00:00-05:00,65.83999633789062,66.73999786376953,65.83999633789062,66.73999786376953,102500,0.0,0.0,0.0
2024-01-09 00:00:00-05:00,66.4000015258789,66.55699920654297,66.2699966430664,66.44999694824219,24400,0.0,0.0,0.0
2024-01-10 00:00:00-05:00,66.5,66.70999908447266,66.33000183105469,66.62000274658203,28900,0.0,0.0,0.0
2024-01-11 00:00:00-05:00,66.61000061035156,66.61000061035156,65.95999908447266,66.5,27700,0.0,0.0,0.0
2024-01-12 00:00:00-05:00,66.70999908447266,66.8949966430664,66.23999786376953,66.38999938964844,32100,0.0,0.0,0.0
2024-01-16 00:00:00-05:00,65.98999786376953,66.18499755859375,65.80000305175781,65.98999786376953,26800,0.0,0.0,0.0
2024-01-17 00:00:00-05:00,65.60800170898438,65.69000244140625,65.2699966430664,65.54000091552734,14800,0.0,0.0,0.0
2024-01-18 00:00:00-05:00,65.8499984741211,65.91999816894531,65.302001953125,65.88999938964844,17000,0.0,0.0,0.0
2024-01-19 00:00:00-05:00,66.22000122070312,66.54000091552734,65.83999633789062,66.4800033569336,330900,0.0,0.0,0.0
2024-01-22 00:00:00-05:00,66.91000366210938,67.10299682617188,66.76000213623047,66.87000274658203,85500,0.0,0.0,0.0
2024-01-23 00:00:00-05:00,67.11000061035156,67.11000061035156,66.72000122070312,66.94400024414062,40100,0.0,0.0,0.0
2024-01-24 00:00:00-05:00,67.29000091552734,67.29000091552734,66.56999969482422,66.56999969482422,15700,0.0,0.0,0.0
2024-01-25 00:00:00-05:00,67.12000274658203,67.12000274658203,66.69999694824219,67.11000061035156,37400,0.0,0.0,0.0
2024-01-26 00:00:00-05:00,67.18000030517578,67.33499908447266,66.9800033569336,67.06999969482422,23700,0.0,0.0,0.0
2024-01-29 00:00:00-05:00,67.12999725341797,67.63999938964844,67.06400299072266,67.63999938964844,30500,0.0,0.0,0.0
2024-01-30 00:00:00-05:00,67.62000274658203,67.78500366210938,67.48500061035156,67.69999694824219,36400,0.0,0.0,0.0
2024-01-31 00:00:00-05:00,67.4800033569336,67.70999908447266,66.77999877929688,66.83999633789062,46200,0.0,0.0,0.0
2024-02-01 00:00:00-05:00,66.96499633789062,67.58999633789062,66.6500015258789,67.58999633789062,61600,0.0,0.0,0.0
2024-02-02 00:00:00-05:00,67.29000091552734,67.94499969482422,67.18499755859375,67.75,25300,0.0,0.0,0.0
2024-02-05 00:00:00-05:00,67.45999908447266,67.45999908447266,66.9000015258789,67.22000122070312,18500,0.0,0.0,0.0
2024-02-06 00:00:00-05:00,67.2300033569336,67.5999984741211,67.2300033569336,67.55999755859375,24600,0.0,0.0,0.0
2024-02-07 00:00:00-05:00,67.83999633789062,68.19999694824219,67.61199951171875,68.02999877929688,19300,0.0,0.0,0.0
2024-02-08 00:00:00-05:00,67.93000030517578,68.24500274658203,67.88099670410156,68.18800354003906,22200,0.0,0.0,0.0
2024-02-09 00:00:00-05:00,68.33000183105469,68.43499755859375,68.08000183105469,68.37999725341797,21200,0.0,0.0,0.0
2024-02-12 00:00:00-05:00,68.41999816894531,68.94000244140625,68.41999816894531,68.63999938964844,35300,0.0,0.0,0.0
2024-02-13 00:00:00-05:00,67.81500244140625,67.81500244140625,67.08999633789062,67.58999633789062,25400,0.0,0.0,0.0
2024-02-14 00:00:00-05:00,68.08000183105469,68.29199981689453,67.875,68.29000091552734,28300,0.0,0.0,0.0
2024-02-15 00:00:00-05:00,68.47000122070312,69.12999725341797,68.47000122070312,69.0770034790039,26400,0.0,0.0,0.0
2024-02-16 00:00:00-05:00,68.9800033569336,69.18800354003906,68.73999786376953,68.76100158691406,24300,0.0,0.0,0.0
2024-02-20 00:00:00-05:00,68.44999694824219,68.59500122070312,68.3499984741211,68.48999786376953,18000,0.0,0.0,0.0
2024-02-21 00:00:00-05:00,68.36000061035156,68.66000366210938,68.30000305175781,68.66000366210938,11900,0.0,0.0,0.0
2024-02-22 00:00:00-05:00,68.97000122070312,69.52400207519531,68.97000122070312,69.4800033569336,22100,0.0,0.0,0.0
2024-02-23 00:00:00-05:00,69.33999633789062,69.71299743652344,69.33999633789062,69.58999633789062,62900,0.0,0.0,0.0
2024-02-26 00:00:00-05:00,69.44999694824219,69.63999938964844,69.30999755859375,69.33999633789062,25200,0.0,0.0,0.0
2024-02-27 00:00:00-05:00,69.45999908447266,69.58000183105469,69.4000015258789,69.56999969482422,23000,0.0,0.0,0.0
2024-02-28 00:00:00-05:00,69.33000183105469,69.76599884033203,69.33000183105469,69.62999725341797,20200,0.0,0.0,0.0
2024-02-29 00:00:00-05:00,69.94999694824219,70.12000274658203,69.75,69.98999786376953,37900,0.0,0.0,0.0
2024-03-01 00:00:00-05:00,70.01000213623047,70.5,69.89299774169922,70.4800033569336,17500,0.0,0.0,0.0
2024-03-04 00:00:00-05:00,70.51000213623047,70.86599731445312,70.51000213623047,70.72000122070312,56500,0.0,0.0,0.0
2024-03-05 00:00:00-05:00,70.41999816894531,70.6500015258789,69.97000122070312,70.21800231933594,185600,0.0,0.0,0.0
2024-03-06 00:00:00-05:00,70.56999969482422,70.86000061035156,70.5199966430664,70.68000030517578,39300,0.0,0.0,0.0
2024-03-07 00:00:00-05:00,70.87999725341797,71.33999633789062,70.87999725341797,71.30000305175781,26700,0.0,0.0,0.0
2024-03-08 00:00:00-05:00,71.47000122070312,71.68000030517578,71.02999877929688,71.12000274658203,36900,0.0,0.0,0.0
2024-03-11 00:00:00-04:00,71.0,71.23999786376953,70.73999786376953,71.22000122070312,29700,0.0,0.0,0.0
2024-03-12 00:00:00-04:00,71.26000213623047,71.48100280761719,71.04499816894531,71.44999694824219,21300,0.0,0.0,0.0
2024-03-13 00:00:00-04:00,71.48999786376953,71.69999694824219,71.41000366210938,71.47000122070312,30200,0.0,0.0,0.0
2024-03-14 00:00:00-04:00,71.51000213623047,71.51000213623047,70.44000244140625,70.8499984741211,18400,0.0,0.0,0.0
2024-03-15 00:00:00-04:00,70.5999984741211,70.93900299072266,70.54000091552734,70.62999725341797,24100,0.0,0.0,0.0
2024-03-18 00:00:00-04:00,70.91999816894531,71.0999984741211,70.75,70.9000015258789,25900,0.0,0.0,0.0
2024-03-19 00:00:00-04:00,70.73999786376953,71.33000183105469,70.73999786376953,71.30999755859375,19800,0.0,0.0,0.0
2024-03-20 00:00:00-04:00,71.29000091552734,71.94000244140625,71.23999786376953,71.83000183105469,74900,0.0,0.0,0.0
2024-03-21 00:00:00-04:00,72.30000305175781,72.5989990234375,72.30000305175781,72.41000366210938,22800,0.0,0.0,0.0
2024-03-22 00:00:00-04:00,72.16999816894531,72.25,71.75,71.79000091552734,17600,0.0,0.0,0.0
2024-03-25 00:00:00-04:00,71.73999786376953,71.80000305175781,71.62999725341797,71.66000366210938,14500,0.0,0.0,0.0
2024-03-26 00:00:00-04:00,71.83000183105469,71.91000366210938,71.58999633789062,71.58999633789062,35500,0.0,0.0,0.0
2024-03-27 00:00:00-04:00,72.05000305175781,72.62000274658203,72.01000213623047,72.62000274658203,29500,0.0,0.0,0.0
2024-03-28 00:00:00-04:00,72.72000122070312,72.91000366210938,72.69000244140625,72.80999755859375,49300,0.0,0.0,0.0
2024-04-01 00:00:00-04:00,72.97000122070312,72.97000122070312,72.37000274658203,72.4000015258789,28700,0.0,0.0,0.0
2024-04-02 00:00:00-04:00,71.98999786376953,72.03399658203125,71.63999938964844,71.80000305175781,28700,0.0,0.0,0.0
2024-04-03 00:00:00-04:00,71.66000366210938,72.06900024414062,71.66000366210938,71.94000244140625,18100,0.0,0.0,0.0
2024-04-04 00:00:00-04:00,72.37999725341797,72.4729995727539,71.12999725341797,71.19000244140625,21000,0.0,0.0,0.0
2024-04-05 00:00:00-04:00,71.23999786376953,71.8499984741211,71.20999908447266,71.76000213623047,14800,0.0,0.0,0.0
2024-04-08 00:00:00-04:00,71.80999755859375,72.05999755859375,71.76000213623047,71.8499984741211,114200,0.0,0.0,0.0
2024-04-09 00:00:00-04:00,72.16000366210938,72.16000366210938,71.56999969482422,72.13999938964844,30000,0.0,0.0,0.0
2024-04-10 00:00:00-04:00,71.13999938964844,71.37000274658203,70.80799865722656,71.06999969482422,38500,0.0,0.0,0.0
2024-04-11 00:00:00-04:00,71.33999633789062,71.37999725341797,70.62000274658203,71.06999969482422,52700,0.0,0.0,0.0
2024-04-12 00:00:00-04:00,70.80999755859375,70.80999755859375,69.83999633789062,70.0,21300,0.0,0.0,0.0
2024-04-15 00:00:00-04:00,70.48999786376953,70.68000030517578,69.11499786376953,69.30000305175781,37800,0.0,0.0,0.0
2024-04-16 00:00:00-04:00,69.25,69.29000091552734,68.80000305175781,68.95999908447266,21600,0.0,0.0,0.0
2024-04-17 00:00:00-04:00,69.19999694824219,69.19999694824219,68.57499694824219,68.70999908447266,16300,0.0,0.0,0.0
2024-04-18 00:00:00-04:00,68.9000015258789,69.19000244140625,68.51000213623047,68.68000030517578,281400,0.0,0.0,0.0
2024-04-19 00:00:00-04:00,68.63999938964844,68.97000122070312,68.56700134277344,68.71099853515625,239100,0.0,0.0,0.0
2024-04-22 00:00:00-04:00,69.01000213623047,69.61000061035156,68.83000183105469,69.23999786376953,19600,0.0,0.0,0.0
2024-04-23 00:00:00-04:00,69.45999908447266,70.0989990234375,69.29000091552734,69.93000030517578,15600,0.0,0.0,0.0
2024-04-24 00:00:00-04:00,70.0,70.12999725341797,69.65499877929688,70.02999877929688,14500,0.0,0.0,0.0
2024-04-25 00:00:00-04:00,69.4000015258789,70.01000213623047,69.12999725341797,69.83999633789062,34500,0.0,0.0,0.0
2024-04-26 00:00:00-04:00,69.98999786376953,70.19499969482422,69.84500122070312,70.01200103759766,29900,0.0,0.0,0.0
2024-04-29 00:00:00-04:00,70.20999908447266,70.45999908447266,70.13700103759766,70.44000244140625,29300,0.0,0.0,0.0
2024-04-30 00:00:00-04:00,70.06999969482422,70.1500015258789,69.38999938964844,69.38999938964844,20600,0.0,0.0,0.0
2024-05-01 00:00:00-04:00,69.22000122070312,70.0199966430664,69.08000183105469,69.16999816894531,22600,0.0,0.0,0.0
2024-05-02 00:00:00-04:00,69.66999816894531,69.81199645996094,69.0,69.69000244140625,11800,0.0,0.0,0.0
2024-05-03 00:00:00-04:00,70.4800033569336,70.5,70.00199890136719,70.19000244140625,11700,0.0,0.0,0.0
2024-05-06 00:00:00-04:00,70.58499908447266,70.82499694824219,70.55000305175781,70.82499694824219,19500,0.0,0.0,0.0
2024-05-07 00:00:00-04:00,71.0,71.13700103759766,70.91999816894531,70.95999908447266,130100,0.0,0.0,0.0
2024-05-08 00:00:00-04:00,70.63999938964844,70.91999816894531,70.63999938964844,70.86000061035156,24700,0.0,0.0,0.0
2024-05-09 00:00:00-04:00,70.8499984741211,71.4000015258789,70.8499984741211,71.4000015258789,162900,0.0,0.0,0.0
2024-05-10 00:00:00-04:00,71.58999633789062,71.61299896240234,71.4260025024414,71.56999969482422,14500,0.0,0.0,0.0
2024-05-13 00:00:00-04:00,71.87999725341797,71.9000015258789,71.4000015258789,71.44999694824219,13700,0.0,0.0,0.0
2024-05-14 00:00:00-04:00,71.62999725341797,71.76499938964844,71.43499755859375,71.70999908447266,23000,0.0,0.0,0.0
2024-05-15 00:00:00-04:00,72.05999755859375,72.48999786376953,72.05999755859375,72.45999908447266,34100,0.0,0.0,0.0
2024-05-16 00:00:00-04:00,72.41999816894531,72.6050033569336,72.38099670410156,72.43499755859375,18100,0.0,0.0,0.0
2024-05-17 00:00:00-04:00,72.4000015258789,72.5,72.2300033569336,72.5,30400,0.0,0.0,0.0
2024-05-20 00:00:00-04:00,72.45999908447266,72.68499755859375,72.38999938964844,72.5199966430664,20300,0.0,0.0,0.0
2024-05-21 00:00:00-04:00,72.38999938964844,72.42400360107422,72.27899932861328,72.42400360107422,13700,0.0,0.0,0.0
2024-05-22 00:00:00-04:00,72.33999633789062,72.4800033569336,71.99400329589844,72.12799835205078,29400,0.0,0.0,0.0
2024-05-23 00:00:00-04:00,72.41000366210938,72.41000366210938,71.13600158691406,71.22000122070312,18100,0.0,0.0,0.0
2024-05-24 00:00:00-04:00,71.43000030517578,71.80000305175781,71.43000030517578,71.69000244140625,20900,0.0,0.0,0.0
2024-05-28 00:00:00-04:00,71.8499984741211,71.8499984741211,70.97000122070312,71.18000030517578,18300,0.0,0.0,0.0
2024-05-29 00:00:00-04:00,70.52999877929688,70.62999725341797,70.35700225830078,70.36000061035156,24100,0.0,0.0,0.0
2024-05-30 00:00:00-04:00,70.41000366210938,70.61699676513672,70.27999877929688,70.52999877929688,29900,0.0,0.0,0.0
2024-05-31 00:00:00-04:00,70.72000122070312,71.2699966430664,70.19999694824219,71.2300033569336,48700,0.0,0.0,0.0
2024-06-03 00:00:00-04:00,71.38999938964844,71.38999938964844,70.41000366210938,70.81999969482422,13700,0.0,0.0,0.0
2024-06-04 00:00:00-04:00,70.55999755859375,70.86000061035156,70.37999725341797,70.72000122070312,20400,0.0,0.0,0.0
2024-06-05 00:00:00-04:00,70.94999694824219,71.2300033569336,70.63700103759766,71.2300033569336,31900,0.0,0.0,0.0
2024-06-06 00:00:00-04:00,71.19999694824219,71.38300323486328,70.98500061035156,71.11000061035156,17400,0.0,0.0,0.0
2024-06-07 00:00:00-04:00,70.83999633789062,71.27999877929688,70.69999694824219,70.91999816894531,40600,0.0,0.0,0.0
2024-06-10 00:00:00-04:00,70.69999694824219,71.22000122070312,70.68099975585938,71.1500015258789,40200,0.0,0.0,0.0
2024-06-11 00:00:00-04:00,70.94000244140625,71.01000213623047,70.56999969482422,70.95999908447266,17000,0.0,0.0,0.0
2024-06-12 00:00:00-04:00,71.80999755859375,71.8759994506836,71.29000091552734,71.4000015258789,34200,0.0,0.0,0.0
2024-06-13 00:00:00-04:00,71.30000305175781,71.30000305175781,70.81999969482422,71.13999938964844,50100,0.0,0.0,0.0
2024-06-14 00:00:00-04:00,70.82499694824219,70.86000061035156,70.31999969482422,70.75,21400,0.0,0.0,0.0
2024-06-17 00:00:00-04:00,70.58999633789062,71.36000061035156,70.58999633789062,71.25,18300,0.0,0.0,0.0
2024-06-18 00:00:00-04:00,71.47000122070312,71.5199966430664,71.30999755859375,71.44999694824219,31100,0.0,0.0,0.0
2024-06-20 00:00:00-04:00,71.55000305175781,71.64399719238281,71.41200256347656,71.52999877929688,34600,0.0,0.0,0.0
2024-06-21 00:00:00-04:00,71.63999938964844,71.64399719238281,71.30999755859375,71.63999938964844,23900,0.0,0.0,0.0
2024-06-24 00:00:00-04:00,71.30000305175781,71.98999786376953,71.30000305175781,71.61000061035156,27000,0.0,0.0,0.0
2024-06-25 00:00:00-04:00,71.61000061035156,71.61000061035156,71.05999755859375,71.26000213623047,35100,0.0,0.0,0.0
2024-06-26 00:00:00-04:00,70.95999908447266,71.09700012207031,70.81999969482422,70.87999725341797,18600,0.0,0.0,0.0
2024-06-27 00:00:00-04:00,70.95999908447266,71.12000274658203,70.90499877929688,71.12000274658203,28800,0.0,0.0,0.0
2024-06-28 00:00:00-04:00,71.43000030517578,71.55000305175781,70.91999816894531,71.15499877929688,27900,0.0,0.0,0.0
2024-07-01 00:00:00-04:00,71.37999725341797,71.53399658203125,70.68000030517578,70.75,27800,0.0,0.0,0.0
2024-07-02 00:00:00-04:00,70.61000061035156,71.02999877929688,70.61000061035156,71.0199966430664,21600,0.0,0.0,0.0
2024-07-03 00:00:00-04:00,71.13899993896484,71.31999969482422,71.05999755859375,71.08999633789062,7800,0.0,0.0,0.0
2024-07-05 00:00:00-04:00,71.08999633789062,71.14900207519531,70.79499816894531,71.11000061035156,17700,0.0,0.0,0.0
2024-07-08 00:00:00-04:00,71.20999908447266,71.41999816894531,71.06700134277344,71.22000122070312,41900,0.0,0.0,0.0
2024-07-09 00:00:00-04:00,71.2300033569336,71.30999755859375,70.97000122070312,71.05999755859375,30700,0.0,0.0,0.0
2024-07-10 00:00:00-04:00,71.2300033569336,71.62000274658203,71.02999877929688,71.62000274658203,97700,0.0,0.0,0.0
2024-07-11 00:00:00-04:00,71.87999725341797,72.48999786376953,71.87999725341797,72.33999633789062,18100,0.0,0.0,0.0
2024-07-12 00:00:00-04:00,72.62999725341797,73.33000183105469,72.62999725341797,72.95999908447266,60500,0.0,0.0,0.0
2024-07-15 00:00:00-04:00,73.16000366210938,73.5,73.01000213623047,73.16000366210938,63600,0.0,0.0,0.0
2024-07-16 00:00:00-04:00,73.51000213623047,74.37999725341797,73.3740005493164,74.37999725341797,75500,0.0,0.0,0.0
2024-07-17 00:00:00-04:00,73.94000244140625,74.31999969482422,73.8499984741211,73.87999725341797,28400,0.0,0.0,0.0
2024-07-18 00:00:00-04:00,73.75,74.13500213623047,73.07099914550781,73.19000244140625,28200,0.0,0.0,0.0
2024-07-19 00:00:00-04:00,73.11000061035156,73.17500305175781,72.65799713134766,72.81999969482422,54800,0.0,0.0,0.0
2024-07-22 00:00:00-04:00,73.0999984741211,73.4800033569336,72.65299987792969,73.4800033569336,67800,0.0,0.0,0.0
2024-07-23 00:00:00-04:00,73.33000183105469,73.5199966430664,73.16000366210938,73.19000244140625,24900,0.0,0.0,0.0
2024-07-24 00:00:00-04:00,72.91000366210938,73.08999633789062,72.12999725341797,72.23999786376953,78900,0.0,0.0,0.0
2024-07-25 00:00:00-04:00,72.20999908447266,73.23699951171875,72.20999908447266,72.36000061035156,45700,0.0,0.0,0.0
2024-07-26 00:00:00-04:00,72.88999938964844,73.52999877929688,72.88999938964844,73.3499984741211,67100,0.0,0.0,0.0
2024-07-29 00:00:00-04:00,73.58000183105469,73.58000183105469,73.19999694824219,73.41999816894531,30000,0.0,0.0,0.0
2024-07-30 00:00:00-04:00,73.55000305175781,73.83999633789062,73.29000091552734,73.6500015258789,26500,0.0,0.0,0.0
2024-07-31 00:00:00-04:00,74.29000091552734,74.65499877929688,73.94999694824219,74.13999938964844,149700,0.0,0.0,0.0
2024-08-01 00:00:00-04:00,74.19000244140625,74.36000061035156,72.72000122070312,73.12000274658203,63000,0.0,0.0,0.0
2024-08-02 00:00:00-04:00,72.41000366210938,72.41000366210938,71.10700225830078,71.79000091552734,22700,0.0,0.0,0.0
2024-08-05 00:00:00-04:00,70.19999694824219,70.80000305175781,69.73999786376953,70.04000091552734,137200,0.0,0.0,0.0
2024-08-06 00:00:00-04:00,70.31999969482422,71.58999633789062,70.31999969482422,70.83999633789062,98800,0.0,0.0,0.0
2024-08-07 00:00:00-04:00,71.55000305175781,71.88999938964844,70.32499694824219,70.36000061035156,30700,0.0,0.0,0.0
2024-08-08 00:00:00-04:00,70.70600128173828,71.83999633789062,70.70600128173828,71.77999877929688,19900,0.0,0.0,0.0
2024-08-09 00:00:00-04:00,71.83000183105469,72.05000305175781,71.41999816894531,71.9800033569336,21900,0.0,0.0,0.0
2024-08-12 00:00:00-04:00,71.98999786376953,72.04000091552734,71.54000091552734,71.63999938964844,22200,0.0,0.0,0.0
2024-08-13 00:00:00-04:00,71.93000030517578,72.58000183105469,71.88200378417969,72.55999755859375,35000,0.0,0.0,0.0
2024-08-14 00:00:00-04:00,72.62999725341797,72.97000122070312,72.52999877929688,72.81999969482422,38700,0.0,0.0,0.0
2024-08-15 00:00:00-04:00,73.45999908447266,73.97000122070312,73.45999908447266,73.8499984741211,49500,0.0,0.0,0.0
2024-08-16 00:00:00-04:00,73.54000091552734,74.08999633789062,73.54000091552734,74.01000213623047,37100,0.0,0.0,0.0
2024-08-19 00:00:00-04:00,74.05000305175781,74.58999633789062,74.05000305175781,74.58999633789062,17500,0.0,0.0,0.0
2024-08-20 00:00:00-04:00,74.51000213623047,74.62000274658203,74.18000030517578,74.26899719238281,20100,0.0,0.0,0.0
2024-08-21 00:00:00-04:00,74.58999633789062,74.9000015258789,74.51000213623047,74.86000061035156,37100,0.0,0.0,0.0
2024-08-22 00:00:00-04:00,75.04000091552734,75.08999633789062,74.44000244140625,74.58999633789062,162200,0.0,0.0,0.0
2024-08-23 00:00:00-04:00,75.04000091552734,75.58999633789062,74.90899658203125,75.55000305175781,27900,0.0,0.0,0.0
2024-08-26 00:00:00-04:00,75.84500122070312,75.91000366210938,75.34500122070312,75.44999694824219,40800,0.0,0.0,0.0
2024-08-27 00:00:00-04:00,75.19999694824219,75.47000122070312,75.19999694824219,75.44999694824219,40000,0.0,0.0,0.0
2024-08-28 00:00:00-04:00,75.25,75.41999816894531,74.80999755859375,74.95999908447266,183700,0.0,0.0,0.0
2024-08-29 00:00:00-04:00,75.3499984741211,75.8759994506836,75.11499786376953,75.43000030517578,16300,0.0,0.0,0.0
2024-08-30 00:00:00-04:00,75.63999938964844,76.12999725341797,75.29000091552734,76.05999755859375,28400,0.0,0.0,0.0
2024-09-03 00:00:00-04:00,75.5,75.5,74.62999725341797,74.83000183105469,30400,0.0,0.0,0.0
2024-09-04 00:00:00-04:00,74.69000244140625,75.1259994506836,74.5199966430664,74.76000213623047,54800,0.0,0.0,0.0
2024-09-05 00:00:00-04:00,74.80999755859375,74.80999755859375,74.0,74.30000305175781,21100,0.0,0.0,0.0
2024-09-06 00:00:00-04:00,74.41000366210938,74.61499786376953,73.31999969482422,73.39399719238281,18100,0.0,0.0,0.0
2024-09-09 00:00:00-04:00,73.8499984741211,74.51499938964844,73.7490005493164,74.2300033569336,22400,0.0,0.0,0.0
2024-09-10 00:00:00-04:00,74.33999633789062,74.33999633789062,73.66500091552734,74.27999877929688,17600,0.0,0.0,0.0
2024-09-11 00:00:00-04:00,74.06999969482422,74.55999755859375,72.88999938964844,74.52999877929688,330600,0.0,0.0,0.0
2024-09-12 00:00:00-04:00,74.66999816894531,74.97000122070312,74.3280029296875,74.94999694824219,161100,0.0,0.0,0.0
2024-09-13 00:00:00-04:00,75.18000030517578,75.76300048828125,75.16000366210938,75.5999984741211,46800,0.0,0.0,0.0
2024-09-16 00:00:00-04:00,75.83499908447266,76.16999816894531,75.74400329589844,76.11000061035156,28300,0.0,0.0,0.0
2024-09-17 00:00:00-04:00,76.44000244140625,76.72000122070312,76.05000305175781,76.30999755859375,43700,0.0,0.0,0.0
2024-09-18 00:00:00-04:00,76.4800033569336,76.91000366210938,76.0999984741211,76.13999938964844,26800,0.0,0.0,0.0
2024-09-19 00:00:00-04:00,77.26000213623047,77.36000061035156,76.89199829101562,77.19000244140625,36300,0.0,0.0,0.0
2024-09-20 00:00:00-04:00,77.11000061035156,77.11000061035156,76.4800033569336,76.90299987792969,19200,0.0,0.0,0.0
2024-09-23 00:00:00-04:00,77.27999877929688,77.31999969482422,77.09200286865234,77.30999755859375,24500,0.0,0.0,0.0
2024-09-24 00:00:00-04:00,77.31999969482422,77.31999969482422,76.97000122070312,77.13999938964844,36300,0.0,0.0,0.0
2024-09-25 00:00:00-04:00,77.13999938964844,77.13999938964844,76.51300048828125,76.6500015258789,22700,0.0,0.0,0.0
2024-09-26 00:00:00-04:00,77.16999816894531,77.30000305175781,76.93000030517578,77.18699645996094,16000,0.0,0.0,0.0
2024-09-27 00:00:00-04:00,77.48999786376953,77.76000213623047,77.25,77.38999938964844,119500,0.0,0.0,0.0
2024-09-30 00:00:00-04:00,77.29000091552734,77.50800323486328,76.80000305175781,77.4749984741211,35500,0.0,0.0,0.0
2024-10-01 00:00:00-04:00,77.56999969482422,77.56999969482422,76.69499969482422,77.05999755859375,84800,0.0,0.0,0.0
2024-10-02 00:00:00-04:00,76.8499984741211,77.16000366210938,76.6449966430664,76.93000030517578,77200,0.0,0.0,0.0
2024-10-03 00:00:00-04:00,76.7300033569336,76.83000183105469,76.45999908447266,76.66999816894531,32000,0.0,0.0,0.0
2024-10-04 00:00:00-04:00,77.23999786376953,77.37000274658203,76.87999725341797,77.33000183105469,38700,0.0,0.0,0.0
2024-10-07 00:00:00-04:00,77.06999969482422,77.12000274658203,76.62999725341797,76.7699966430664,24100,0.0,0.0,0.0
2024-10-08 00:00:00-04:00,76.91000366210938,77.13999938964844,76.74299621582031,77.06999969482422,25100,0.0,0.0,0.0
2024-10-09 00:00:00-04:00,77.08000183105469,77.72000122070312,77.08000183105469,77.66999816894531,16100,0.0,0.0,0.0
2024-10-10 00:00:00-04:00,77.4000015258789,77.65899658203125,77.32599639892578,77.4800033569336,18300,0.0,0.0,0.0
2024-10-11 00:00:00-04:00,77.88400268554688,78.37000274658203,77.80000305175781,78.33999633789062,21800,0.0,0.0,0.0
