Date,Open,High,Low,Close,Volume,Dividends,Stock Splits
2011-07-27 00:00:00-04:00,13.2179674043012,13.244669961299431,13.084452582035532,13.16456127166748,12800,0.0,0.0
2011-07-28 00:00:00-04:00,13.00434389240358,13.191264847302968,13.00434389240358,13.16456127166748,10200,0.0,0.0
2011-07-29 00:00:00-04:00,13.16455864381035,13.27137088775635,13.031043848196376,13.271370887756348,19600,0.0,0.0
2011-08-01 00:00:00-04:00,13.282052644673158,13.351479891910781,13.164558969696614,13.298073768615723,37800,0.0,0.0
2011-08-02 00:00:00-04:00,13.28739482767851,13.351482391357422,13.271373700736731,13.351482391357422,31500,0.0,0.0
2011-08-03 00:00:00-04:00,13.324780464172363,13.351483022762963,13.196605330753002,13.324780464172363,17300,0.0,0.0
2011-08-04 00:00:00-04:00,13.32478151760656,13.32478151760656,13.089795112609865,13.089795112609863,24300,0.0,0.0
2011-08-05 00:00:00-04:00,13.298076470136117,13.298076470136117,12.363472687836467,13.11115550994873,40300,0.0,0.0
2011-08-08 00:00:00-04:00,13.111154374419913,13.111154374419913,12.416877746582031,12.416877746582031,37400,0.0,0.0
2011-08-09 00:00:00-04:00,12.50767052136681,12.774700207118759,12.283365544589675,12.347453117370605,9800,0.0,0.0
2011-08-10 00:00:00-04:00,12.016334179386467,12.550393476248088,12.016334179386467,12.496987342834473,5200,0.0,0.0
2011-08-11 00:00:00-04:00,12.598456443187327,12.870826753828403,12.598456443187327,12.790718078613281,3100,0.0,0.0
2011-08-12 00:00:00-04:00,12.844125906475758,13.031046867370607,12.790720790766335,13.031046867370605,8000,0.0,0.0
2011-08-15 00:00:00-04:00,13.009682010589408,13.351479561397323,12.977637726223376,13.271370887756348,9600,0.0,0.0
2011-08-16 00:00:00-04:00,13.169899357871355,13.324777009729349,13.095131398291386,13.271370887756348,12000,0.0,0.0
2011-08-17 00:00:00-04:00,13.298076258064539,13.351482391357422,13.228648997829877,13.351482391357422,7100,0.0,0.0
2011-08-18 00:00:00-04:00,13.27137088775635,13.27137088775635,12.74265241936146,13.271370887756348,12300,0.0,0.0
2011-08-19 00:00:00-04:00,13.351482674672807,13.351482674672807,13.169902428806274,13.223308563232422,2300,0.0,0.0
2011-08-22 00:00:00-04:00,13.351483833056319,13.351483833056319,12.918896042083759,12.945598602294922,17000,0.0,0.0
2011-08-23 00:00:00-04:00,13.105817261056485,13.105817261056485,12.577097595120554,12.897533416748047,10600,0.0,0.0
2011-08-24 00:00:00-04:00,12.9509369455783,13.031045630174027,12.81742213170636,12.924234390258789,10500,0.0,0.0
2011-08-25 00:00:00-04:00,12.924238440751727,12.924238440751727,12.801403999328613,12.801403999328613,10400,0.0,0.0
2011-08-26 00:00:00-04:00,12.844123876688206,12.92423357486699,12.80139917969018,12.918892860412598,4500,0.0,0.0
2011-08-29 00:00:00-04:00,12.924234226254592,13.244668960571289,12.924234226254592,13.244668960571289,8100,0.0,0.0
2011-08-30 00:00:00-04:00,13.333926015350938,13.4373322628612,13.333926015350938,13.38290786743164,2000,0.464,0.0
2011-08-31 00:00:00-04:00,13.437330682093892,13.437330682093892,13.344809532165527,13.344809532165527,3000,0.0,0.0
2011-09-01 00:00:00-04:00,13.388350410780497,13.388350410780497,13.328483472002082,13.38290786743164,6300,0.0,0.0
2011-09-02 00:00:00-04:00,13.333925195497454,13.448215484619142,13.30671351848532,13.44821548461914,13900,0.0,0.0
2011-09-06 00:00:00-04:00,13.410121873767244,13.469988822937013,13.333928329776032,13.469988822937012,4000,0.0,0.0
2011-09-07 00:00:00-04:00,13.46998474549274,13.46998474549274,13.121670320616412,13.333924293518066,5700,0.0,0.0
2011-09-08 00:00:00-04:00,13.306712618346678,13.333924293518066,13.279499905116422,13.333924293518066,5400,0.0,0.0
2011-09-09 00:00:00-04:00,13.333927269199672,13.333927269199672,13.279502868652342,13.279502868652344,3000,0.0,0.0
2011-09-12 00:00:00-04:00,13.518967347323784,13.518967347323784,13.12167105447227,13.263174057006836,5100,0.0,0.0
2011-09-13 00:00:00-04:00,13.333928197280418,13.333928197280418,13.012825353566482,13.094461441040039,13400,0.0,0.0
2011-09-14 00:00:00-04:00,13.143439729914997,13.317596946020545,13.050918579101562,13.050918579101562,4700,0.0,0.0
2011-09-15 00:00:00-04:00,13.225079536437988,13.225079536437988,13.225079536437988,13.225079536437988,1800,0.0,0.0
2011-09-16 00:00:00-04:00,13.295831574282655,13.295831574282655,13.121674308909911,13.225079536437988,7500,0.0,0.0
2011-09-19 00:00:00-04:00,13.19786785299569,13.225079536437988,13.19786785299569,13.225079536437988,700,0.0,0.0
2011-09-20 00:00:00-04:00,13.19786231589476,13.252286698005046,13.148880475801379,13.176092147827148,8500,0.0,0.0
2011-09-21 00:00:00-04:00,13.25229072570801,13.257733269379038,13.16521210308968,13.252290725708008,11600,0.0,0.0
2011-09-22 00:00:00-04:00,13.252288664369642,13.252288664369642,13.061803817749023,13.061803817749023,30300,0.0,0.0
2011-09-23 00:00:00-04:00,13.061806638047734,13.328485065674114,13.061806638047734,13.121673583984375,22300,0.0,0.0
2011-09-26 00:00:00-04:00,13.143440724620257,13.2958288192749,13.072689739494976,13.295828819274902,8700,0.0,0.0
2011-09-27 00:00:00-04:00,13.317599977674885,13.317599977674885,13.121673583984373,13.121673583984375,3700,0.0,0.0
2011-09-28 00:00:00-04:00,13.197864274183909,13.225075950247325,13.007379427563288,13.061803817749023,7900,0.0,0.0
2011-09-29 00:00:00-04:00,13.225078468105014,13.295830500234272,12.958400047288112,13.279502868652344,10800,0.0,0.0
2011-09-30 00:00:00-04:00,13.197865789642306,13.22507746883033,13.116229714019209,13.219635963439941,4300,0.0,0.0
2011-10-03 00:00:00-04:00,13.181535951183289,13.279499640744183,13.061803129530444,13.197863578796387,5700,0.0,0.0
2011-10-04 00:00:00-04:00,13.19786625168382,13.246848106384277,12.996496289242039,13.246848106384277,9900,0.0,0.0
2011-10-05 00:00:00-04:00,13.279505674668663,13.306718399722042,13.132560073558372,13.154330253601074,6000,0.0,0.0
2011-10-06 00:00:00-04:00,13.225079536437988,13.252292257939468,13.12711685321021,13.225079536437988,4600,0.0,0.0
2011-10-07 00:00:00-04:00,13.25228800104006,13.317596435546873,13.25228800104006,13.317596435546875,2500,0.0,0.0
2011-10-10 00:00:00-04:00,13.32303894298693,13.333924028062329,13.132554106402841,13.197863578796387,8100,0.0,0.0
2011-10-11 00:00:00-04:00,13.208749409159667,13.328482237568293,13.208749409159667,13.306713104248047,5500,0.0,0.0
2011-10-12 00:00:00-04:00,13.32848152065096,13.333924063203003,13.127112636519625,13.317596435546875,12500,0.0,0.0
2011-10-13 00:00:00-04:00,13.25229072570801,13.257733269379038,13.25229072570801,13.252290725708008,3100,0.0,0.0
2011-10-14 00:00:00-04:00,13.25228773451999,13.25228773451999,13.181535720825195,13.181535720825195,3600,0.0,0.0
2011-10-17 00:00:00-04:00,13.170650482177734,13.170650482177734,13.170650482177734,13.170650482177734,1100,0.0,0.0
2011-10-18 00:00:00-04:00,13.203308870727815,13.306715124359231,13.176096152372672,13.252290725708008,6300,0.0,0.0
2011-10-19 00:00:00-04:00,13.22507915132547,13.279503554684416,13.170655786025677,13.203310012817383,13200,0.0,0.0
2011-10-20 00:00:00-04:00,13.246848182036981,13.25229072570801,13.246848182036981,13.252290725708008,1700,0.0,0.0
2011-10-21 00:00:00-04:00,13.252288713859068,13.306713104248045,13.203306866314879,13.306713104248047,14500,0.0,0.0
2011-10-24 00:00:00-04:00,13.333926015350938,13.388350410780497,13.328483472002082,13.38290786743164,6300,0.0,0.0
2011-10-25 00:00:00-04:00,13.38835540301788,13.399240493774414,13.333930987294595,13.399240493774414,4400,0.0,0.0
2011-10-26 00:00:00-04:00,13.39379398419711,13.39379398419711,13.333927040814546,13.388351440429688,6000,0.0,0.0
2011-10-27 00:00:00-04:00,13.41012019827381,13.41012019827381,13.361138343811037,13.361138343811035,8600,0.0,0.0
2011-10-28 00:00:00-04:00,13.415562629699707,13.415562629699707,13.35025418300152,13.415562629699707,7500,0.0,0.0
2011-10-31 00:00:00-04:00,13.415565689382152,13.415565689382152,13.361141279348413,13.366583824157715,3300,0.0,0.0
2011-11-01 00:00:00-04:00,13.415560357091097,13.415560357091097,13.333924293518066,13.333924293518066,1300,0.0,0.0
2011-11-02 00:00:00-04:00,13.355695701317336,13.41011905670166,13.312155356115534,13.41011905670166,3600,0.0,0.0
2011-11-03 00:00:00-04:00,13.442772303957408,13.4645414352417,13.421002134614307,13.4645414352417,1800,0.0,0.0
2011-11-04 00:00:00-04:00,13.469987406866176,13.469987406866176,13.415563007711468,13.44277572631836,12300,0.0,0.0
2011-11-07 00:00:00-05:00,13.469987751538444,13.469987751538444,13.252291187408229,13.279502868652344,12600,0.0,0.0
2011-11-08 00:00:00-05:00,13.328484535217285,13.328484535217285,13.328484535217285,13.328484535217285,500,0.0,0.0
2011-11-09 00:00:00-05:00,13.3502549007816,13.442776070294329,13.252291187408229,13.279502868652344,1700,0.0,0.0
2011-11-10 00:00:00-05:00,13.410120577440294,13.410120577440294,13.295830272501671,13.388351440429688,1700,0.0,0.0
2011-11-11 00:00:00-05:00,13.46454448375287,13.46454448375287,13.344811639433496,13.415562629699707,5300,0.0,0.0
2011-11-14 00:00:00-05:00,13.469987944647757,13.475430488586426,13.464545400709088,13.475430488586426,4300,0.0,0.0
2011-11-15 00:00:00-05:00,13.475426574259396,13.529850959777832,13.475426574259396,13.529850959777832,500,0.0,0.0
2011-11-16 00:00:00-05:00,13.551620585011591,13.551620585011591,13.46998452278828,13.497196197509766,5100,0.0,0.0
2011-11-17 00:00:00-05:00,13.497196162505691,13.497196162505691,13.377463340759277,13.377463340759277,3800,0.0,0.0
2011-11-18 00:00:00-05:00,13.546182335527389,13.551624879808314,13.404679298400879,13.404679298400879,4400,0.0,0.0
2011-11-21 00:00:00-05:00,13.3230389533986,13.551620549866369,13.3230389533986,13.377463340759277,7600,0.0,0.0
2011-11-22 00:00:00-05:00,13.382905918008904,13.524408910290104,13.382905918008904,13.497196197509766,3000,0.0,0.0
2011-11-23 00:00:00-05:00,13.410118304122307,13.415560846967095,13.29038547571368,13.306713104248047,3300,0.0,0.0
2011-11-25 00:00:00-05:00,13.290390894062678,13.290390894062678,13.284948348999023,13.284948348999023,2400,0.0,0.0
2011-11-28 00:00:00-05:00,13.469988597573268,13.497200280526519,13.312157929878758,13.45366096496582,2300,0.0,0.0
2011-11-29 00:00:00-05:00,13.623749808742582,13.623749808742582,13.35694468386817,13.5070219039917,2300,0.516,0.0
2011-11-30 00:00:00-05:00,13.395849486575404,13.529252007729863,13.395849486575404,13.451434135437012,6500,0.0,0.0
2011-12-01 00:00:00-05:00,13.507017724109623,13.534810578634923,13.42364128091171,13.451434135437012,5200,0.0,0.0
2011-12-02 00:00:00-05:00,13.557043802066168,13.557043802066168,13.451434135437012,13.451434135437012,3300,0.0,0.0
2011-12-05 00:00:00-05:00,13.434758422721831,13.451434135437012,13.368056632050104,13.451434135437012,2100,0.0,0.0
2011-12-06 00:00:00-05:00,13.395848821313011,13.545927047729492,13.395848821313011,13.545927047729492,6400,0.0,0.0
2011-12-07 00:00:00-05:00,13.540373175729588,13.562606405771819,13.473671365224277,13.518138885498047,1800,0.0,0.0
2011-12-08 00:00:00-05:00,13.401408057480465,13.456991646153076,13.401408057480465,13.451434135437012,5400,0.0,0.0
2011-12-09 00:00:00-05:00,13.507017950441027,13.562602600234042,13.429200076844214,13.55704402923584,5500,0.0,0.0
2011-12-12 00:00:00-05:00,13.523695387948742,13.540371103069802,13.35694247749473,13.529253959655762,4000,0.0,0.0
2011-12-13 00:00:00-05:00,13.501462306782,13.501462306782,13.434760505768226,13.479228019714355,7800,0.0,0.0
2011-12-14 00:00:00-05:00,13.36250132242368,13.46811100644901,13.36250132242368,13.39029312133789,3500,0.0,0.0
2011-12-15 00:00:00-05:00,13.345825461734412,13.440319061279295,13.345825461734412,13.440319061279297,11400,0.0,0.0
2011-12-16 00:00:00-05:00,13.345826975059177,13.540372767969284,13.345826975059177,13.473670959472656,5800,0.0,0.0
2011-12-19 00:00:00-05:00,13.395851693158566,13.501462437373066,13.390293121337889,13.39029312133789,11600,0.0,0.0
2011-12-20 00:00:00-05:00,13.390290915670345,13.468108787963196,13.368056632050104,13.451434135437012,8600,0.0,0.0
2011-12-21 00:00:00-05:00,13.379175848288272,13.479228019714355,13.379175848288272,13.479228019714355,7600,0.0,0.0
2011-12-22 00:00:00-05:00,13.395854160459459,13.47923063274786,13.24021730138224,13.384737014770508,23500,0.0,0.0
2011-12-23 00:00:00-05:00,13.384735921603342,13.473670959472658,13.340268402668684,13.473670959472656,5300,0.0,0.0
2011-12-27 00:00:00-05:00,13.4514369261483,13.479228726250449,13.423644065856934,13.423644065856934,6000,0.0,0.0
2011-12-28 00:00:00-05:00,13.49590358960279,13.529253959655762,13.429201789307696,13.529253959655762,1900,0.0,0.0
2011-12-29 00:00:00-05:00,13.534814767117778,13.534814767117778,13.5070219039917,13.5070219039917,500,0.0,0.0
2011-12-30 00:00:00-05:00,13.540369376430244,13.55704402923584,13.523693663435635,13.55704402923584,2600,0.0,0.0
2012-01-03 00:00:00-05:00,13.573720213855186,13.5903959274292,13.573720213855186,13.5903959274292,1900,0.0,0.0
2012-01-04 00:00:00-05:00,13.673779321086116,13.740480088887498,13.584844257224548,13.684896469116211,4300,0.0,0.0
2012-01-05 00:00:00-05:00,13.7515935679822,13.757152140514215,13.584840632778963,13.673775672912598,11700,0.0,0.0
2012-01-06 00:00:00-05:00,13.68488981284047,13.757149119510261,13.629305159915745,13.723798751831055,2500,0.0,0.0
2012-01-09 00:00:00-05:00,13.757152140514215,13.757152140514215,13.673775672912596,13.673775672912598,3300,0.0,0.0
2012-01-10 00:00:00-05:00,13.645985437634353,13.746037642095953,13.59040182199081,13.657102584838867,22300,0.0,0.0
2012-01-11 00:00:00-05:00,13.64598251939224,13.868321175176545,13.64598251939224,13.812736511230469,6800,0.0,0.0
2012-01-12 00:00:00-05:00,13.779387269171693,13.879438400268553,13.66821793214491,13.879438400268555,3400,0.0,0.0
2012-01-13 00:00:00-05:00,13.823852407035524,13.879436005770192,13.612630915162717,13.640423774719238,29600,0.0,0.0
2012-01-17 00:00:00-05:00,13.729360427461097,13.840528698257511,13.668217189400014,13.779386520385742,8700,0.0,0.0
2012-01-18 00:00:00-05:00,13.807176356198331,13.83496815489115,13.773825985729115,13.79050064086914,8400,0.0,0.0
2012-01-19 00:00:00-05:00,13.840526149138638,13.840526149138638,13.757149696350098,13.757149696350098,4400,0.0,0.0
2012-01-20 00:00:00-05:00,13.76271080268109,13.829411553121076,13.757152230112872,13.779386520385742,2600,0.0,0.0
2012-01-23 00:00:00-05:00,13.812732413183008,13.846082777580346,13.684888466169069,13.718238830566406,18200,0.0,0.0
2012-01-24 00:00:00-05:00,13.679332265325323,13.818293377942805,13.64598083496094,13.645980834960938,9000,0.0,0.0
2012-01-25 00:00:00-05:00,13.729357898816957,13.812734351605497,13.729357898816957,13.757149696350098,2900,0.0,0.0
2012-01-26 00:00:00-05:00,13.757151858933966,13.868321186920257,13.757151858933966,13.851645469665527,11100,0.0,0.0
2012-01-27 00:00:00-05:00,13.884995542168602,13.95169734954834,13.829410879383694,13.95169734954834,45000,0.0,0.0
2012-01-30 00:00:00-05:00,13.923903173623906,14.268527202205888,13.90166994672235,14.023955345153809,19000,0.0,0.0
2012-01-31 00:00:00-05:00,14.085101996019558,14.201828851033646,13.901673323719264,13.940582275390625,13300,0.0,0.0
2012-02-01 00:00:00-05:00,14.035073146557787,14.229618926963756,14.035073146557787,14.124008178710938,4800,0.0,0.0
2012-02-02 00:00:00-05:00,14.185149855686548,14.185149855686548,13.98504552518596,14.05174732208252,13300,0.0,0.0
2012-02-03 00:00:00-05:00,14.101778526532676,14.179596434351543,13.935024503820062,14.068427085876465,13000,0.0,0.0
2012-02-06 00:00:00-05:00,14.06842540010665,14.06842540010665,13.929464261258767,14.046192169189453,2700,0.0,0.0
2012-02-07 00:00:00-05:00,13.962812066063563,14.146240679223736,13.790499535375918,14.03507137298584,14100,0.0,0.0
2012-02-08 00:00:00-05:00,14.112888475277822,14.146239901428896,14.040629172328538,14.062862396240234,4500,0.0,0.0
2012-02-09 00:00:00-05:00,14.112891197204588,14.140684057690839,14.079540824810312,14.11289119720459,4000,0.0,0.0
2012-02-10 00:00:00-05:00,14.112890170563366,14.190709114074709,14.085098372288051,14.190709114074707,4900,0.0,0.0
2012-02-13 00:00:00-05:00,14.201827291849346,14.25741195678711,14.12400939705006,14.25741195678711,9200,0.0,0.0
2012-02-14 00:00:00-05:00,14.257409527645152,14.257409527645152,14.012837679702118,14.107331275939941,30000,0.0,0.0
2012-02-15 00:00:00-05:00,14.201828140986388,14.201828140986388,14.073984146118166,14.073984146118164,4900,0.0,0.0
2012-02-16 00:00:00-05:00,14.112891253422115,14.224060575431501,14.101775169372559,14.101775169372559,12300,0.0,0.0
2012-02-17 00:00:00-05:00,14.09621519299776,14.146241276899497,14.09621519299776,14.107331275939941,8100,0.0,0.0
2012-02-21 00:00:00-05:00,14.107332329828624,14.218501649068306,14.090657674075112,14.212943077087402,9100,0.0,0.0
2012-02-22 00:00:00-05:00,14.212943077087402,14.29076096444166,14.151799845486657,14.212943077087402,4500,0.0,0.0
2012-02-23 00:00:00-05:00,14.296322328690426,14.329673767089844,14.212945853070694,14.329673767089844,8000,0.0,0.0
2012-02-24 00:00:00-05:00,14.340785638912607,14.340785638912607,14.174032736674429,14.324110984802246,10700,0.0,0.0
2012-02-27 00:00:00-05:00,14.340789622690208,14.407491438228266,14.23517991668992,14.312997817993164,12200,0.0,0.0
2012-02-28 00:00:00-05:00,14.520595795813634,14.520595795813634,14.265350518896321,14.316399574279785,3600,0.516,0.0
2012-02-29 00:00:00-05:00,14.327742174264325,14.480889320373535,14.288037599021612,14.480889320373535,19000,0.0,0.0
2012-03-01 00:00:00-05:00,14.463875034047781,14.554628673202112,14.42417045215135,14.469547271728516,6900,0.0,0.0
2012-03-02 00:00:00-05:00,14.548957260195856,14.747481262799607,14.480892567906373,14.60567855834961,15100,0.0,0.0
2012-03-05 00:00:00-05:00,14.634036319111166,14.634036319111166,14.594331741333006,14.594331741333008,3200,0.0,0.0
2012-03-06 00:00:00-05:00,14.577312105128412,14.577312105128412,14.276690113073643,14.429837226867676,4500,0.0,0.0
2012-03-07 00:00:00-05:00,14.520592061646324,14.611345674129806,14.407149505107773,14.458198547363281,3700,0.0,0.0
2012-03-08 00:00:00-05:00,14.571641103901833,14.571641103901833,14.429838449162842,14.458198547363281,7200,0.0,0.0
2012-03-09 00:00:00-05:00,14.458199719398003,14.463871955871582,14.384462808978437,14.463871955871582,6400,0.0,0.0
2012-03-12 00:00:00-04:00,14.463870783377049,14.497903117591255,14.3674449348798,14.458198547363281,8700,0.0,0.0
2012-03-13 00:00:00-04:00,14.514925352616409,14.514925352616409,14.390139358402791,14.452531814575195,10500,0.0,0.0
2012-03-14 00:00:00-04:00,14.514924700123434,14.531941413879393,14.424171057162507,14.531941413879395,4500,0.0,0.0
2012-03-15 00:00:00-04:00,14.577313830218385,14.577313830218385,14.463871269864233,14.492231369018555,5700,0.0,0.0
2012-03-16 00:00:00-04:00,14.543285022193603,14.662399856503363,14.486564805908626,14.60567855834961,11500,0.0,0.0
2012-03-19 00:00:00-04:00,14.628364789354679,14.628364789354679,14.367447299127859,14.424168586730957,27100,0.0,0.0
2012-03-20 00:00:00-04:00,14.407148879203735,14.548951527782252,14.265346230625218,14.282362937927246,29600,0.0,0.0
2012-03-21 00:00:00-04:00,14.322071811752243,14.497906845923794,14.299382861862405,14.316399574279785,15100,0.0,0.0
2012-03-22 00:00:00-04:00,14.327741404516262,14.5262653519328,14.29370906783209,14.32206916809082,35800,0.0,0.0
2012-03-23 00:00:00-04:00,14.424167495150577,14.424167495150577,14.32774163808312,14.395806312561035,3300,0.0,0.0
2012-03-26 00:00:00-04:00,14.492229629219084,14.492229629219084,14.378788164352072,14.475214004516602,4400,0.0,0.0
2012-03-27 00:00:00-04:00,14.463869533469408,14.509246335789873,14.412820495625345,14.475214004516602,8400,0.0,0.0
2012-03-28 00:00:00-04:00,14.520592470853792,14.52626470702741,14.378789812118635,14.514920234680176,12400,0.0,0.0
2012-03-29 00:00:00-04:00,14.520598403042845,14.59433533968722,14.520598403042845,14.588663101196289,15400,0.0,0.0
2012-03-30 00:00:00-04:00,14.588657220759053,14.600001693168155,14.492231369018553,14.492231369018555,6700,0.0,0.0
2012-04-02 00:00:00-04:00,14.554626234128783,14.571642944319317,14.463872610183,14.480889320373535,6800,0.0,0.0
2012-04-03 00:00:00-04:00,14.537610745033621,14.548955219446864,14.435513720920316,14.50925064086914,7800,0.0,0.0
2012-04-04 00:00:00-04:00,14.480888665292321,14.531937711686053,14.463871955871582,14.463871955871582,3600,0.0,0.0
2012-04-05 00:00:00-04:00,14.5319379456454,14.543281336906697,14.463872188735092,14.537609100341797,8000,0.0,0.0
2012-04-09 00:00:00-04:00,14.53193907087101,14.54895470001475,14.469545545694398,14.520594596862793,5100,0.0,0.0
2012-04-10 00:00:00-04:00,14.531937711686053,14.548953339238306,14.441183009977262,14.463871955871582,5400,0.0,0.0
2012-04-11 00:00:00-04:00,14.543281102764727,14.543281102764727,14.42983961889859,14.463871955871582,12000,0.0,0.0
2012-04-12 00:00:00-04:00,14.520593094527072,14.577314376831055,14.4184950027536,14.577314376831055,7300,0.0,0.0
2012-04-13 00:00:00-04:00,14.577314127273477,14.617018699645996,14.486560509888161,14.617018699645996,6700,0.0,0.0
2012-04-16 00:00:00-04:00,14.668067543831727,14.747476687489538,14.543280510234089,14.679410934448242,12300,0.0,0.0
2012-04-17 00:00:00-04:00,14.668067543831727,14.67941093444824,14.554624982719046,14.679410934448242,10200,0.0,0.0
2012-04-18 00:00:00-04:00,14.679413314921169,14.679413314921169,14.639708736653608,14.645380973815918,4100,0.0,0.0
2012-04-19 00:00:00-04:00,14.668067543831727,14.67941093444824,14.62836297200282,14.679410934448242,7100,0.0,0.0
2012-04-20 00:00:00-04:00,14.679412759667468,14.702101707458494,14.56597126631806,14.702101707458496,7100,0.0,0.0
2012-04-23 00:00:00-04:00,14.537609785263276,14.747478220578286,14.537609785263276,14.719118118286133,8900,0.0,0.0
2012-04-24 00:00:00-04:00,14.673745627840782,14.747482564641686,14.600007609171005,14.707777976989746,8000,0.0,0.0
2012-04-25 00:00:00-04:00,14.639708182901746,14.702101707458494,14.605675843083782,14.702101707458496,7200,0.0,0.0
2012-04-26 00:00:00-04:00,14.702102263570413,14.702102263570413,14.622693107035293,14.645380973815918,3200,0.0,0.0
2012-04-27 00:00:00-04:00,14.702105094678094,14.74180968059136,14.622695922851564,14.622695922851562,11000,0.0,0.0
2012-04-30 00:00:00-04:00,14.543283735252125,14.747479957788716,14.543283735252125,14.736135482788086,11000,0.0,0.0
2012-05-01 00:00:00-04:00,14.707776286624034,14.71912076232616,14.622694882595596,14.713448524475098,4000,0.0,0.0
2012-05-02 00:00:00-04:00,14.66806856684563,14.832559101876004,14.66806856684563,14.798526763916016,17000,0.0,0.0
2012-05-03 00:00:00-04:00,14.798528492619319,14.911971074895867,14.747479438781737,14.747479438781738,14000,0.0,0.0
2012-05-04 00:00:00-04:00,14.719118816934364,14.849577024660194,14.719118816934364,14.75882339477539,2400,0.0,0.0
2012-05-07 00:00:00-04:00,14.832558006003566,14.99137737453034,14.781508961900977,14.911968231201172,4100,0.0,0.0
2012-05-08 00:00:00-04:00,14.719114987456834,14.980031335025794,14.719114987456834,14.917637825012207,9500,0.0,0.0
2012-05-09 00:00:00-04:00,14.77016557133141,14.963016193435324,14.77016557133141,14.911968231201172,14200,0.0,0.0
2012-05-10 00:00:00-04:00,14.826890208677074,14.946005041200007,14.804202338877177,14.832562446594238,10800,0.0,0.0
2012-05-11 00:00:00-04:00,14.713448825550742,14.883611637089597,14.713448825550742,14.860923767089844,3200,0.0,0.0
2012-05-14 00:00:00-04:00,14.855249783757593,14.911971074895867,14.662398043008649,14.747479438781738,7200,0.0,0.0
2012-05-15 00:00:00-04:00,14.747479438781737,14.821216359953443,14.605676751870375,14.747479438781738,13000,0.0,0.0
2012-05-16 00:00:00-04:00,14.747478859726218,14.940330592902896,14.62836512669459,14.639708518981934,18300,0.0,0.0
2012-05-17 00:00:00-04:00,14.70777554079879,14.826889284024647,14.548956134628956,14.554628372192383,6000,0.0,0.0
2012-05-18 00:00:00-04:00,14.70777496067523,14.70777496067523,14.435514059581841,14.446857452392578,9100,0.0,0.0
2012-05-21 00:00:00-04:00,14.526265960842903,14.554626062290428,14.480889149405751,14.497904777526855,3700,0.0,0.0
2012-05-22 00:00:00-04:00,14.531938197506113,14.639707448501524,14.41282339131576,14.497904777526855,10500,0.0,0.0
2012-05-23 00:00:00-04:00,14.33908524077174,14.617018322068438,14.33908524077174,14.514920234680176,9100,0.0,0.0
2012-05-24 00:00:00-04:00,14.548951778490109,14.62268976286787,14.548951778490109,14.611345291137695,2800,0.0,0.0
2012-05-25 00:00:00-04:00,14.611345482036231,14.662394523620605,14.520591870745877,14.662394523620605,4500,0.0,0.0
2012-05-29 00:00:00-04:00,14.747480214309357,14.747480214309357,14.57164517621583,14.628366470336914,10800,0.0,0.0
2012-05-30 00:00:00-04:00,14.73022862215957,14.90386544793171,14.643409105317486,14.695500373840332,9600,0.516,0.0
2012-05-31 00:00:00-04:00,14.63183683693577,14.799685652414073,14.63183683693577,14.666563987731934,1800,0.0,0.0
2012-06-01 00:00:00-04:00,14.799687381607892,14.880717777585259,14.498715762325741,14.672353744506836,6300,0.0,0.0
2012-06-04 00:00:00-04:00,14.869142932230327,14.869142932230327,14.701292991638184,14.701292991638184,400,0.0,0.0
2012-06-05 00:00:00-04:00,14.649197770636967,14.701289041378462,14.637622791326905,14.643409729003906,5100,0.0,0.0
2012-06-06 00:00:00-04:00,14.683928957317674,14.736019134521486,14.683928957317674,14.736019134521484,1000,0.0,0.0
2012-06-07 00:00:00-04:00,14.80547524399571,14.80547524399571,14.649201393127441,14.649201393127441,12500,0.0,0.0
2012-06-08 00:00:00-04:00,14.68971531856214,14.753382682800291,14.649200124576494,14.753382682800293,8800,0.0,0.0
2012-06-11 00:00:00-04:00,14.678137300000182,14.759167671203612,14.678137300000182,14.759167671203613,4000,0.0,0.0
2012-06-12 00:00:00-04:00,14.759171603937114,15.025414953952248,14.730232493355054,14.9733247756958,3800,0.0,0.0
2012-06-13 00:00:00-04:00,14.990687370300293,14.990687370300293,14.973324346031816,14.990687370300293,2900,0.0,0.0
2012-06-14 00:00:00-04:00,14.984897086918826,14.984897086918826,14.788108078955261,14.967534065246582,4000,0.0,0.0
2012-06-15 00:00:00-04:00,14.8980770111084,14.984895421690064,14.817046641759644,14.898077011108398,2800,0.0,0.0
2012-06-18 00:00:00-04:00,14.817049412267044,14.874928731462486,14.782322262332256,14.805473327636719,3200,0.0,0.0
2012-06-19 00:00:00-04:00,14.845988379719197,14.979110039842517,14.759169953723822,14.776534080505371,18800,0.0,0.0
2012-06-20 00:00:00-04:00,14.78232519554205,14.788112135049305,14.712869777934465,14.741808891296387,12800,0.0,0.0
2012-06-21 00:00:00-04:00,14.776534853052798,14.903868477572864,14.753382682800291,14.753382682800293,22800,0.0,0.0
2012-06-22 00:00:00-04:00,14.840198042407042,14.840198042407042,14.753379629838223,14.759167671203613,4900,0.0,0.0
2012-06-25 00:00:00-04:00,14.764958018957648,14.95595899802713,14.764958018957648,14.903867721557617,7900,0.0,0.0
2012-06-26 00:00:00-04:00,14.874929938861506,14.932808158798734,14.840201682151632,14.921233177185059,4800,0.0,0.0
2012-06-27 00:00:00-04:00,14.82862309516645,15.193260870313324,14.82862309516645,15.077502250671387,7000,0.0,0.0
2012-06-28 00:00:00-04:00,15.129596643223028,15.19326400756836,14.984898890769996,15.19326400756836,7500,0.0,0.0
2012-06-29 00:00:00-04:00,15.193264824575618,15.30902347434538,15.03120293568921,15.164325714111328,4200,0.0,0.0
2012-07-02 00:00:00-04:00,15.21641540527344,15.21641540527344,15.19905127843646,15.216415405273438,2200,0.0,0.0
2012-07-03 00:00:00-04:00,15.251146448832312,15.424783345709395,15.251146448832312,15.280085563659668,800,0.0,0.0
2012-07-05 00:00:00-04:00,15.540539243096596,15.82993475561625,15.32059803536615,15.465295791625977,4800,0.0,0.0
2012-07-06 00:00:00-04:00,15.528965578941955,15.528965578941955,15.51160144805908,15.511601448059082,2400,0.0,0.0
2012-07-09 00:00:00-04:00,15.505811703381346,15.505811703381346,15.430568253790234,15.476871490478516,5700,0.0,0.0
2012-07-10 00:00:00-04:00,15.505809843364958,15.511596781295102,15.442142486572266,15.442142486572266,3300,0.0,0.0
2012-07-11 00:00:00-04:00,15.505810316274452,15.505810316274452,15.187474626558231,15.204838752746582,2900,0.0,0.0
2012-07-12 00:00:00-04:00,15.384264813003819,15.384264813003819,15.12959646261875,15.170111656188965,2500,0.0,0.0
2012-07-13 00:00:00-04:00,15.34374801059465,15.482657704251519,15.251141548156737,15.251141548156738,3500,0.0,0.0
2012-07-16 00:00:00-04:00,15.29745003443913,15.482663022940331,15.285873946668682,15.453723907470703,4100,0.0,0.0
2012-07-17 00:00:00-04:00,15.262721006200064,15.424781799316406,15.262721006200064,15.424781799316406,5300,0.0,0.0
2012-07-18 00:00:00-04:00,15.453721699665696,15.534752094569393,15.34375108947044,15.372690200805664,6400,0.0,0.0
2012-07-19 00:00:00-04:00,15.523178226180407,15.523178226180407,15.372692397034058,15.453723907470703,4000,0.0,0.0
2012-07-20 00:00:00-04:00,15.395842687390305,15.505813299830935,15.395842687390305,15.424781799316406,3200,0.0,0.0
2012-07-23 00:00:00-04:00,15.424780720358008,15.54053936787785,15.424780720358008,15.523175239562988,5500,0.0,0.0
2012-07-24 00:00:00-04:00,15.546324128607399,15.546324128607399,15.355323173291973,15.378474235534668,7800,0.0,0.0
2012-07-25 00:00:00-04:00,15.552113639382704,15.56368861961953,15.25693011619872,15.268505096435547,8400,0.0,0.0
2012-07-26 00:00:00-04:00,15.407416983018928,15.407416983018928,14.38874468543488,15.170111656188965,16600,0.0,0.0
2012-07-27 00:00:00-04:00,15.036987887793037,15.36689853668213,15.036987887793037,15.366898536682129,7100,0.0,0.0
2012-07-30 00:00:00-04:00,15.453719087134008,15.488446235656738,15.424778876734942,15.488446235656738,5600,0.0,0.0
2012-07-31 00:00:00-04:00,15.482662333877402,15.540541666197203,15.442147132440473,15.511601448059082,6500,0.0,0.0
2012-08-01 00:00:00-04:00,15.56947872863969,15.56947872863969,15.453721183211005,15.482660293579102,7400,0.0,0.0
2012-08-02 00:00:00-04:00,15.52896627006563,15.52896627006563,15.314813062138311,15.453723907470703,4500,0.0,0.0
2012-08-03 00:00:00-04:00,15.511590302910154,15.511590302910154,15.401620864868164,15.401620864868164,2100,0.0,0.0
2012-08-06 00:00:00-04:00,15.51160144805908,15.51160144805908,15.49423842113265,15.511601448059082,5400,0.0,0.0
2012-08-07 00:00:00-04:00,15.511596267174264,15.511596267174264,15.36689853668213,15.366898536682129,8600,0.0,0.0
2012-08-08 00:00:00-04:00,15.343748982745515,15.517385834828874,15.343748982745515,15.407416343688965,11600,0.0,0.0
2012-08-09 00:00:00-04:00,15.482659767665472,15.482659767665472,14.012530048612438,15.309022903442383,7400,0.0,0.0
2012-08-10 00:00:00-04:00,15.41899164728909,15.41899164728909,14.950171253677247,15.274293899536133,11400,0.0,0.0
2012-08-13 00:00:00-04:00,15.30323214366327,15.366898393797696,15.291656060382078,15.337959289550781,1900,0.0,0.0
2012-08-14 00:00:00-04:00,15.45371791445057,15.45371791445057,15.262716956135161,15.337959289550781,6500,0.0,0.0
2012-08-15 00:00:00-04:00,15.280079977100886,15.366898393797696,15.19904960204467,15.337959289550781,28900,0.0,0.0
2012-08-16 00:00:00-04:00,15.418989478532724,15.418989478532724,15.280079792702958,15.314806938171387,8900,0.0,0.0
2012-08-17 00:00:00-04:00,15.390052788606225,15.39584083108484,15.170111590243687,15.233778953552246,5000,0.0,0.0
2012-08-20 00:00:00-04:00,15.309021188687437,15.361112462910901,15.256929914463973,15.30323314666748,2300,0.0,0.0
2012-08-21 00:00:00-04:00,15.361112666023203,15.361112666023203,15.251142074102232,15.268505096435547,9400,0.0,0.0
2012-08-22 00:00:00-04:00,15.28008225584828,15.33217353442605,15.036989990470765,15.170111656188965,66900,0.0,0.0
2012-08-23 00:00:00-04:00,15.11223285216394,15.274293620150996,15.048565491051207,15.216415405273438,55700,0.0,0.0
2012-08-24 00:00:00-04:00,15.054353405114236,15.239566340639827,15.054353405114236,15.158535957336426,9000,0.0,0.0
2012-08-27 00:00:00-04:00,15.227991977924027,15.227991977924027,15.1238094139225,15.164325714111328,12500,0.0,0.0
2012-08-28 00:00:00-04:00,15.193264824575618,15.193264824575618,15.146961585458973,15.164325714111328,14800,0.0,0.0
2012-08-29 00:00:00-04:00,15.303663125337645,15.374513912875463,15.144249697978852,15.30956745147705,9400,0.516,0.0
2012-08-30 00:00:00-04:00,15.232810670386243,15.368607904457837,15.232810670386243,15.350894927978516,1500,0.0,0.0
2012-08-31 00:00:00-04:00,15.350894927978516,15.374512229950946,15.23871499587935,15.350894927978516,11200,0.0,0.0
2012-09-04 00:00:00-04:00,15.374508513473263,15.522113236715665,15.36269986534155,15.451262474060059,6700,0.0,0.0
2012-09-05 00:00:00-04:00,15.622492439332005,15.622492439332005,15.386324970229865,15.433558464050293,11600,0.0,0.0
2012-09-06 00:00:00-04:00,15.47488650610815,15.528024323562525,15.415845487723503,15.492599487304688,10000,0.0,0.0
2012-09-07 00:00:00-04:00,15.528020475036778,15.616584232934239,15.504404298763093,15.545733451843262,9100,0.0,0.0
2012-09-10 00:00:00-04:00,15.622488519738123,15.622488519738123,15.468980547937504,15.539830207824707,6200,0.0,0.0
2012-09-11 00:00:00-04:00,15.545734562694493,15.587063718727917,15.445363272555442,15.486692428588867,6700,0.0,0.0
2012-09-12 00:00:00-04:00,15.52211489763604,15.52211489763604,15.374510158599417,15.463072776794434,9100,0.0,0.0
2012-09-13 00:00:00-04:00,15.522118612463332,15.528021812438965,15.468980803602172,15.528021812438965,7900,0.0,0.0
2012-09-14 00:00:00-04:00,15.598871596981432,15.628392099502337,15.50440463755256,15.522117614746094,6400,0.0,0.0
2012-09-17 00:00:00-04:00,15.598875122213437,15.598875122213437,15.486695160239176,15.492599487304688,1500,0.0,0.0
2012-09-18 00:00:00-04:00,15.610683262557684,15.640203770778413,15.545736793109835,15.575257301330566,7100,0.0,0.0
2012-09-19 00:00:00-04:00,15.681531356589826,15.681531356589826,15.516214725353402,15.551639556884766,10500,0.0,0.0
2012-09-20 00:00:00-04:00,15.64610608238267,15.64610608238267,15.492596981909877,15.528021812438965,11800,0.0,0.0
2012-09-21 00:00:00-04:00,15.61658350866068,15.61658350866068,15.557541381512312,15.587061882019043,5600,0.0,0.0
2012-09-24 00:00:00-04:00,15.65791323253561,15.65791323253561,15.587062452139111,15.604775428771973,15500,0.0,0.0
2012-09-25 00:00:00-04:00,15.563446971693443,15.616584777832031,15.563446971693443,15.616584777832031,9900,0.0,0.0
2012-09-26 00:00:00-04:00,15.62839206542412,15.70514717362708,15.62839206542412,15.687434196472168,7500,0.0,0.0
2012-09-27 00:00:00-04:00,15.705149426545479,15.705149426545479,15.646107287027778,15.663820266723633,7700,0.0,0.0
2012-09-28 00:00:00-04:00,15.705147871512901,15.705147871512901,15.6697230417639,15.699243545532227,11000,0.0,0.0
2012-10-01 00:00:00-04:00,15.699244370608438,15.705148696899412,15.646106560124753,15.705148696899414,8100,0.0,0.0
2012-10-02 00:00:00-04:00,15.705148302756813,15.77009363805746,15.516214370727539,15.516214370727539,6600,0.0,0.0
2012-10-03 00:00:00-04:00,15.587064032170984,15.587064032170984,15.46898088772022,15.516214370727539,7100,0.0,0.0
2012-10-04 00:00:00-04:00,15.522118384733266,15.528021584622293,15.439458946531374,15.486692428588867,8500,0.0,0.0
2012-10-05 00:00:00-04:00,15.522118612463332,15.528021812438965,15.404034342519628,15.528021812438965,12300,0.0,0.0
2012-10-08 00:00:00-04:00,15.498500487329714,15.66972255706787,15.468979984474514,15.669722557067871,2200,0.0,0.0
2012-10-09 00:00:00-04:00,15.63429569535827,15.67562484741211,15.63429569535827,15.67562484741211,2600,0.0,0.0
2012-10-10 00:00:00-04:00,15.687434230679129,15.687434230679129,15.522117614746092,15.522117614746094,1900,0.0,0.0
2012-10-11 00:00:00-04:00,15.616584641289059,15.734667778015135,15.616584641289059,15.734667778015137,6100,0.0,0.0
2012-10-12 00:00:00-04:00,15.734668721772918,15.734668721772918,15.528021812438965,15.528021812438965,9200,0.0,0.0
2012-10-15 00:00:00-04:00,15.563448435053303,15.592968940734863,15.533926803236636,15.592968940734863,5300,0.0,0.0
2012-10-16 00:00:00-04:00,15.622487151321764,15.622487151321764,15.58706232448112,15.610679626464844,3900,0.0,0.0
2012-10-17 00:00:00-04:00,15.657916844310881,15.675628698894345,15.510312050060897,15.622490882873535,3700,0.0,0.0
2012-10-18 00:00:00-04:00,15.516212797877566,15.646104581447034,15.516212797877566,15.604775428771973,7800,0.0,0.0
2012-10-19 00:00:00-04:00,15.539826965536752,15.675623057100083,15.52801831597434,15.557539939880371,10800,0.0,0.0
2012-10-22 00:00:00-04:00,15.687433837679565,15.69333816326283,15.61658418295032,15.652009010314941,5100,0.0,0.0
2012-10-23 00:00:00-04:00,15.65200957967375,15.66972255706787,15.528020990184913,15.669722557067871,6200,0.0,0.0
2012-10-24 00:00:00-04:00,15.758287239497893,15.758287239497893,15.63429863389721,15.663820266723633,44600,0.0,0.0
2012-10-25 00:00:00-04:00,15.663817322635964,15.693337823778725,15.581157892393353,15.67562484741211,5200,0.0,0.0
2012-10-26 00:00:00-04:00,15.770094454494451,15.770094454494451,15.634298324584963,15.634298324584961,4900,0.0,0.0
2012-10-31 00:00:00-04:00,15.734665262465729,15.823227882385256,15.563444347439289,15.823227882385254,6500,0.0,0.0
2012-11-01 00:00:00-04:00,15.764189176071698,15.79961400395754,15.569350933497102,15.693338394165039,4600,0.0,0.0
2012-11-02 00:00:00-04:00,15.787805249373774,15.787805249373774,15.610679984967888,15.64610481262207,3300,0.0,0.0
2012-11-05 00:00:00-05:00,15.616584079860548,15.646104581447034,15.598871103227687,15.604775428771973,3200,0.0,0.0
2012-11-06 00:00:00-05:00,15.699246006519244,15.699246006519244,15.622490882873533,15.622490882873535,3800,0.0,0.0
2012-11-07 00:00:00-05:00,15.563441300428215,15.781895645051726,15.563441300428215,15.728757858276367,3000,0.0,0.0
2012-11-08 00:00:00-05:00,15.67562595818007,15.781901571640548,15.551638493232854,15.764189720153809,8600,0.0,0.0
2012-11-09 00:00:00-05:00,15.652010886415729,15.817328644157756,15.652010886415729,15.705148696899414,12100,0.0,0.0
2012-11-12 00:00:00-05:00,15.657915906568432,15.746478552587421,15.657915906568432,15.716958045959473,2600,0.0,0.0
2012-11-13 00:00:00-05:00,15.669722115148172,15.722858793561963,15.646104812622072,15.64610481262207,6200,0.0,0.0
2012-11-14 00:00:00-05:00,15.69924389124383,15.69924389124383,15.480788329688496,15.528021812438965,7000,0.0,0.0
2012-11-15 00:00:00-05:00,15.587063718727917,15.616585348848252,15.167866706234555,15.486692428588867,15200,0.0,0.0
2012-11-16 00:00:00-05:00,15.46307568522444,15.734667915590563,15.46307568522444,15.616584777832031,4800,0.0,0.0
2012-11-19 00:00:00-05:00,15.663818258162443,15.693338761068327,15.504404839746677,15.616584777832031,3600,0.0,0.0
2012-11-20 00:00:00-05:00,15.610679094075811,15.882271300816562,15.604774768781244,15.799612998962402,2500,0.0,0.0
2012-11-21 00:00:00-05:00,15.882272859227108,15.882272859227108,15.746476742532058,15.764189720153809,5200,0.0,0.0
2012-11-23 00:00:00-05:00,15.764189720153809,15.764189720153809,15.764189720153809,15.764189720153809,0,0.0,0.0
2012-11-26 00:00:00-05:00,15.669723865288654,15.793711338993855,15.634297907542804,15.705148696899414,7500,0.0,0.0
2012-11-27 00:00:00-05:00,15.758279476559672,15.758279476559672,15.675620071501006,15.728757858276367,10500,0.0,0.0
2012-11-28 00:00:00-05:00,15.92504465792739,15.92504465792739,15.75044059753418,15.75044059753418,6000,0.516,0.0
2012-11-29 00:00:00-05:00,15.768502567120983,15.888918084627521,15.750439722724705,15.840751647949219,2400,0.0,0.0
2012-11-30 00:00:00-05:00,15.768506766353974,15.852797765893515,15.768506766353974,15.834734916687012,1200,0.0,0.0
2012-12-03 00:00:00-05:00,15.81064716081385,15.834729803600752,15.774522622444314,15.822689056396484,5700,0.0,0.0
2012-12-04 00:00:00-05:00,15.822694165594747,15.83473491668701,15.774527716089477,15.834734916687012,3800,0.0,0.0
2012-12-05 00:00:00-05:00,15.83473491668701,15.83473491668701,15.83473491668701,15.834734916687012,0,0.0,0.0
2012-12-06 00:00:00-05:00,15.894936716218547,15.894936716218547,15.828708593174543,15.846770286560059,13300,0.0,0.0
2012-12-07 00:00:00-05:00,15.828711821378437,16.105668561304423,15.828711821378437,15.961169242858887,4500,0.0,0.0
2012-12-10 00:00:00-05:00,16.039439066821373,16.039439066821373,15.720336840065125,15.798606872558594,2500,0.0,0.0
2012-12-11 00:00:00-05:00,15.864836053401937,15.99729347229004,15.810648666498059,15.997293472290039,2900,0.0,0.0
2012-12-12 00:00:00-05:00,15.894938802295975,15.894938802295975,15.473482774566202,15.738397598266602,29900,0.0,0.0
2012-12-13 00:00:00-05:00,15.714315317604244,16.015355836530077,15.714315317604244,15.913002014160156,8900,0.0,0.0
2012-12-14 00:00:00-05:00,15.931064813650126,15.955148608053785,15.804628338166484,15.925045013427734,5600,0.0,0.0
2012-12-17 00:00:00-05:00,16.063520913231145,16.063520913231145,15.690230196089942,15.858813285827637,5400,0.0,0.0
2012-12-18 00:00:00-05:00,15.696256554470454,15.858818752571455,15.539715306118978,15.666152954101562,7300,0.0,0.0
2012-12-19 00:00:00-05:00,15.58787624168071,15.792583867236377,15.58787624168071,15.7865629196167,7600,0.0,0.0
2012-12-20 00:00:00-05:00,15.708293528862727,15.894938319063337,15.708293528862727,15.882896423339844,9300,0.0,0.0
2012-12-21 00:00:00-05:00,15.816671751892892,15.894941794452379,15.816671751892892,15.870859146118164,5500,0.0,0.0
2012-12-24 00:00:00-05:00,15.89493813313556,15.937083619296413,15.816668108605167,15.822689056396484,3500,0.0,0.0
2012-12-26 00:00:00-05:00,15.894939422607422,15.931063963907551,15.858814881307294,15.894939422607422,3300,0.0,0.0
2012-12-27 00:00:00-05:00,15.8708554993271,15.8708554993271,15.73237599680519,15.762480735778809,1300,0.0,0.0
2012-12-28 00:00:00-05:00,15.77452564239502,15.77452564239502,15.77452564239502,15.77452564239502,400,0.0,0.0
2012-12-31 00:00:00-05:00,15.864836156622792,15.876878053430552,15.74441948530216,15.798606872558594,900,0.0,0.0
2013-01-02 00:00:00-05:00,15.858813285827637,16.01535448021728,15.858813285827637,15.858813285827637,3100,0.0,0.0
2013-01-03 00:00:00-05:00,15.834729588292625,15.894937917008766,15.834729588292625,15.888916969299316,1200,0.0,0.0
2013-01-04 00:00:00-05:00,15.888918474327658,15.931063963907551,15.834731088188233,15.894939422607422,6600,0.0,0.0
2013-01-07 00:00:00-05:00,15.919021924300829,15.919021924300829,15.822689056396486,15.822689056396484,4100,0.0,0.0
2013-01-08 00:00:00-05:00,15.798607857794257,16.165877694685296,15.611963039148335,16.009336471557617,25100,0.0,0.0
2013-01-09 00:00:00-05:00,16.02739821411357,16.123731091191917,15.15438022366529,15.997293472290039,16700,0.0,0.0
2013-01-10 00:00:00-05:00,15.985250240232768,16.0153549795415,15.816668293617399,15.882896423339844,2100,0.0,0.0
2013-01-11 00:00:00-05:00,15.864834718558816,15.94310474395752,15.864834718558816,15.94310474395752,1200,0.0,0.0
2013-01-14 00:00:00-05:00,15.949125366377674,16.099645614624023,15.949125366377674,16.099645614624023,400,0.0,0.0
2013-01-15 00:00:00-05:00,15.816667480780774,16.09964512547002,15.816667480780774,16.01535415649414,3000,0.0,0.0
2013-01-16 00:00:00-05:00,15.894940612611485,16.003315393004012,15.894940612611485,15.93708610534668,10700,0.0,0.0
2013-01-17 00:00:00-05:00,15.943106710851955,16.039439591709545,15.925045013427734,15.925045013427734,6900,0.0,0.0
2013-01-18 00:00:00-05:00,15.900961219024074,16.03341864310863,15.900961219024074,15.925045013427734,3800,0.0,0.0
2013-01-22 00:00:00-05:00,16.07556385622915,16.07556385622915,15.90095980743842,15.949126243591309,8000,0.0,0.0
2013-01-23 00:00:00-05:00,16.06352196009632,16.07556385622915,15.906980755504835,15.949126243591309,9500,0.0,0.0
2013-01-24 00:00:00-05:00,15.97321033477783,16.105667749582455,15.955147490240565,15.973210334777832,15600,0.0,0.0
2013-01-25 00:00:00-05:00,16.04545982036128,16.04545982036128,15.955147892156841,15.96718978881836,8800,0.0,0.0
2013-01-28 00:00:00-05:00,15.900959704757788,15.991271628413958,15.900959704757788,15.979230880737305,2200,0.0,0.0
2013-01-29 00:00:00-05:00,15.97321033477783,15.97923128295692,15.89493915682812,15.973210334777832,8400,0.0,0.0
2013-01-30 00:00:00-05:00,15.900961219024074,15.985252202679835,15.79860738956557,15.925045013427734,8400,0.0,0.0
2013-01-31 00:00:00-05:00,15.846773208307818,15.99729347229004,15.846773208307818,15.997293472290039,5100,0.0,0.0
2013-02-01 00:00:00-05:00,15.955141293970971,16.1658698048877,15.955141293970971,16.135765075683594,7600,0.0,0.0
2013-02-04 00:00:00-05:00,16.159856708241044,16.195981252454448,16.01535738300888,16.12975311279297,6700,0.0,0.0
2013-02-05 00:00:00-05:00,16.117707005408068,16.1779153289567,15.967186770725611,16.0755615234375,10300,0.0,0.0
2013-02-06 00:00:00-05:00,15.973211596340347,16.105669021606445,15.973211596340347,16.105669021606445,2600,0.0,0.0
2013-02-07 00:00:00-05:00,16.09361960317585,16.1658698048877,16.09361960317585,16.135765075683594,3300,0.0,0.0
2013-02-08 00:00:00-05:00,16.135768391018843,16.195976713419753,16.135768391018843,16.171894073486328,3200,0.0,0.0
2013-02-11 00:00:00-05:00,16.195981252454448,16.195981252454448,16.09964836896634,16.12975311279297,4700,0.0,0.0
2013-02-12 00:00:00-05:00,16.105665603554318,16.18995657007318,16.02739558441228,16.159852981567383,7500,0.0,0.0
2013-02-13 00:00:00-05:00,16.189961665950634,16.232107162475586,16.093628774356848,16.232107162475586,6300,0.0,0.0
2013-02-14 00:00:00-05:00,16.147809529400877,16.29832975416916,16.147809529400877,16.292308807373047,1400,0.0,0.0
2013-02-15 00:00:00-05:00,16.26823315242385,16.310378649711275,16.13577456280203,16.25619125366211,22000,0.0,0.0
2013-02-19 00:00:00-05:00,16.183939198520875,16.286293029785156,16.141793705949443,16.286293029785156,7800,0.0,0.0
2013-02-20 00:00:00-05:00,16.232104197737442,16.268229886770868,16.165876064599715,16.262208938598633,4300,0.0,0.0
2013-02-21 00:00:00-05:00,16.26220537290484,16.26220537290484,16.183934212206132,16.244142532348633,5000,0.0,0.0
2013-02-22 00:00:00-05:00,16.310380935668945,16.346505488638485,16.28629713477003,16.310380935668945,8000,0.0,0.0
2013-02-25 00:00:00-05:00,16.352522526151848,16.352522526151848,16.183939405333277,16.2802734375,8100,0.0,0.0
2013-02-26 00:00:00-05:00,16.214045756374684,16.280275051185594,16.20200385761294,16.25619125366211,9200,0.0,0.0
2013-02-27 00:00:00-05:00,16.44401390045095,16.44401390045095,16.272146224975586,16.272146224975586,7000,0.516,0.0
2013-02-28 00:00:00-05:00,16.450152302434624,16.450152302434624,16.259871012374973,16.327390670776367,3600,0.0,0.0
2013-03-01 00:00:00-05:00,16.247589710036138,16.38876724243164,16.235314370014688,16.38876724243164,2500,0.0,0.0
2013-03-04 00:00:00-05:00,16.47470256078727,16.622017196456063,16.290559558889445,16.450149536132812,14800,0.0,0.0
2013-03-05 00:00:00-05:00,16.51153094902823,16.51153094902823,16.315111434541326,16.339664459228516,11000,0.0,0.0
2013-03-06 00:00:00-05:00,16.33352614907629,16.60360239522689,16.33352614907629,16.358078002929688,4500,0.0,0.0
2013-03-07 00:00:00-05:00,16.358079694377693,16.37649446473634,16.315113067626953,16.315113067626953,2500,0.0,0.0
2013-03-08 00:00:00-05:00,16.284425057160266,16.29670040156497,16.210767136967437,16.266010284423828,5400,0.0,0.0
2013-03-11 00:00:00-04:00,16.223040473095267,16.30283546447754,16.204625703967345,16.30283546447754,1600,0.0,0.0
2013-03-12 00:00:00-04:00,16.21690567137887,16.47470664032521,16.21690567137887,16.38263511657715,2000,0.0,0.0
2013-03-13 00:00:00-04:00,16.339668017092503,16.41332476568708,16.339668017092503,16.40718650817871,1000,0.0,0.0
2013-03-14 00:00:00-04:00,16.333529619786002,16.49312080137886,16.333529619786002,16.437877655029297,2800,0.0,0.0
2013-03-15 00:00:00-04:00,16.345807268731924,16.450155318688473,16.345807268731924,16.43174171447754,3100,0.0,0.0
2013-03-18 00:00:00-04:00,16.376493234852045,16.376493234852045,16.241453937202373,16.333526611328125,3500,0.0,0.0
2013-03-19 00:00:00-04:00,16.3151093485404,16.38876724243164,16.30283283776644,16.38876724243164,5100,0.0,0.0
2013-03-20 00:00:00-04:00,16.34580152285667,16.456287792296425,16.34580152285667,16.450149536132812,11900,0.0,0.0
2013-03-21 00:00:00-04:00,16.388772766135567,16.450152999188056,16.388772766135567,16.437877655029297,2500,0.0,0.0
2013-03-22 00:00:00-04:00,16.38877297616907,16.480844497680664,16.38877297616907,16.480844497680664,7200,0.0,0.0
2013-03-25 00:00:00-04:00,16.407186578019637,16.536087644738206,16.407186578019637,16.480844497680664,6900,0.0,0.0
2013-03-26 00:00:00-04:00,16.39491067863739,16.597469672623788,16.39491067863739,16.51767349243164,13600,0.0,0.0
2013-03-27 00:00:00-04:00,16.46242395778399,16.566771957808264,16.456285702399914,16.499252319335938,5000,0.0,0.0
2013-03-28 00:00:00-04:00,16.45015321000819,16.480844497680664,16.419463093088627,16.480844497680664,8300,0.0,0.0
2013-04-01 00:00:00-04:00,16.401043385231997,16.757054019834815,16.401043385231997,16.68339729309082,2000,0.0,0.0
2013-04-02 00:00:00-04:00,16.60360764775315,16.63429893821985,16.480845998145412,16.579055786132812,4600,0.0,0.0
2013-04-03 00:00:00-04:00,16.664983270763702,16.67112152672544,16.450148995113366,16.48697853088379,10000,0.0,0.0
2013-04-04 00:00:00-04:00,16.53608335429429,16.548358695425414,16.468563709686375,16.50539207458496,1000,0.0,0.0
2013-04-05 00:00:00-04:00,16.664981702448465,16.664981702448465,16.456285702399914,16.499252319335938,16600,0.0,0.0
2013-04-08 00:00:00-04:00,16.560636929065392,16.560636929065392,16.474703678450286,16.55449867248535,3200,0.0,0.0
2013-04-09 00:00:00-04:00,16.499257222765998,16.591329910137794,16.444015249396912,16.511533737182617,9800,0.0,0.0
2013-04-10 00:00:00-04:00,16.664988784726887,16.664988784726887,16.462430953979492,16.462430953979492,8000,0.0,0.0
2013-04-11 00:00:00-04:00,16.45629059306068,16.529948508807546,16.45629059306068,16.511533737182617,3600,0.0,0.0
2013-04-12 00:00:00-04:00,16.450149162355306,16.548358917236328,16.41332079696308,16.548358917236328,3300,0.0,0.0
2013-04-15 00:00:00-04:00,16.50539719226266,16.652711868286133,16.493121847325433,16.652711868286133,4200,0.0,0.0
2013-04-16 00:00:00-04:00,16.536084665424195,16.572913033242866,16.536084665424195,16.560636520385742,1100,0.0,0.0
2013-04-17 00:00:00-04:00,16.468568867761856,16.677264952139993,16.468568867761856,16.542226791381836,3400,0.0,0.0
2013-04-18 00:00:00-04:00,16.456285702399914,16.536081851640393,16.456285702399914,16.499252319335938,5000,0.0,0.0
2013-04-19 00:00:00-04:00,16.468565015462712,16.560636520385742,16.462426759034148,16.560636520385742,7600,0.0,0.0
2013-04-22 00:00:00-04:00,16.55450316349662,16.572917938232422,16.529951301268603,16.572917938232422,1500,0.0,0.0
2013-04-23 00:00:00-04:00,16.634294047088122,16.67726067035462,16.57905091124472,16.658845901489258,7400,0.0,0.0
2013-04-24 00:00:00-04:00,16.45015430633577,16.677265167236328,16.419464187370853,16.677265167236328,25700,0.0,0.0
2013-04-25 00:00:00-04:00,16.591329926709715,16.64043481367239,16.55450038342307,16.603605270385742,6800,0.0,0.0
2013-04-26 00:00:00-04:00,16.49925623430126,16.66498565673828,16.49925623430126,16.66498565673828,1600,0.0,0.0
2013-04-29 00:00:00-04:00,16.542225039747038,16.603605270385742,16.542225039747038,16.603605270385742,13300,0.0,0.0
2013-04-30 00:00:00-04:00,16.523805712276083,16.597463607788086,16.523805712276083,16.597463607788086,3800,0.0,0.0
2013-05-01 00:00:00-04:00,16.542220478842214,16.6036006925576,16.542220478842214,16.597463607788086,4800,0.0,0.0
2013-05-02 00:00:00-04:00,16.60360472306412,16.64043426513672,16.566776351744338,16.64043426513672,8800,0.0,0.0
2013-05-03 00:00:00-04:00,16.603604259085373,16.67726217041942,16.603604259085373,16.66498565673828,2700,0.0,0.0
2013-05-06 00:00:00-04:00,16.591331696921053,16.726369857788086,16.57905518118233,16.726369857788086,3700,0.0,0.0
2013-05-07 00:00:00-04:00,16.634295543288218,16.787748452044102,16.634295543288218,16.66498565673828,3400,0.0,0.0
2013-05-08 00:00:00-04:00,16.64657511279889,16.867546545859426,16.634298596864134,16.75092315673828,6500,0.0,0.0
2013-05-09 00:00:00-04:00,16.787746868589092,16.873680114746094,16.787746868589092,16.873680114746094,5600,0.0,0.0
2013-05-10 00:00:00-04:00,16.787749564833167,16.787749564833167,16.640434903152986,16.76933479309082,9500,0.0,0.0
2013-05-13 00:00:00-04:00,16.707954683675272,16.87368412991643,16.671126308094887,16.8245792388916,5800,0.0,0.0
2013-05-14 00:00:00-04:00,16.74477886463106,16.867540467481273,16.628154346783663,16.634292602539062,9400,0.0,0.0
2013-05-15 00:00:00-04:00,16.60974529977616,16.750922889265535,16.60974529977616,16.726369857788086,5600,0.0,0.0
2013-05-16 00:00:00-04:00,16.72636522655203,16.7386417388916,16.70181220187288,16.7386417388916,1800,0.0,0.0
2013-05-17 00:00:00-04:00,16.726364579497513,16.861402697750957,16.689536214656137,16.812297821044922,7900,0.0,0.0
2013-05-20 00:00:00-04:00,16.732508122292025,16.84913268035019,16.732508122292025,16.81844139099121,4900,0.0,0.0
2013-05-21 00:00:00-04:00,16.763195640914585,16.879820180884206,16.70795249938965,16.70795249938965,16500,0.0,0.0
2013-05-22 00:00:00-04:00,16.73864337436818,16.83685314117521,16.701813833750965,16.71409034729004,5700,0.0,0.0
2013-05-23 00:00:00-04:00,16.72636666840104,16.793886321336387,16.720228411702124,16.763195037841797,2500,0.0,0.0
2013-05-24 00:00:00-04:00,16.849131635961733,16.849131635961733,16.6956787109375,16.6956787109375,2800,0.0,0.0
2013-05-28 00:00:00-04:00,16.849131648346013,16.849131648346013,16.744783612422722,16.787750244140625,6400,0.0,0.0
2013-05-29 00:00:00-04:00,16.954161364536933,17.204407046561077,16.816525344474503,17.15435791015625,12900,0.516,0.0
2013-05-30 00:00:00-04:00,17.004209587555415,17.048002430399105,16.96041674471173,17.041746139526367,10500,0.0,0.0
2013-05-31 00:00:00-04:00,16.985440951842115,17.0104661156821,16.897855264933135,16.954160690307617,7100,0.0,0.0
2013-06-03 00:00:00-04:00,16.872832599404965,16.89160147506401,16.62884318216572,16.672636032104492,3600,0.0,0.0
2013-06-04 00:00:00-04:00,16.572537748454256,16.672636032104492,16.409877739206202,16.672636032104492,6700,0.0,0.0
2013-06-05 00:00:00-04:00,16.722682342429355,16.829036899957885,16.722682342429355,16.82278060913086,5200,0.0,0.0
2013-06-06 00:00:00-04:00,16.76647460998562,16.772730900598102,16.447412141607,16.57879066467285,8100,0.0,0.0
2013-06-07 00:00:00-04:00,16.65386423830282,16.722681045532227,16.635095367277323,16.722681045532227,5900,0.0,0.0
2013-06-10 00:00:00-04:00,16.603815897753837,16.66637641761394,16.497461343420067,16.6163272857666,9300,0.0,0.0
2013-06-11 00:00:00-04:00,16.553766297256516,16.553766297256516,16.19090977716348,16.209678649902344,17900,0.0,0.0
2013-06-12 00:00:00-04:00,16.265986238372538,16.272242530117634,15.990715367916469,16.122095108032227,12200,0.0,0.0
2013-06-13 00:00:00-04:00,16.040762189676023,16.21593475341797,16.040762189676023,16.21593475341797,19900,0.0,0.0
2013-06-14 00:00:00-04:00,16.159629702755037,16.20342254638672,16.159629702755037,16.20342254638672,1000,0.0,0.0
2013-06-17 00:00:00-04:00,16.203419158894548,16.5224827728489,16.203419158894548,16.453664779663086,4900,0.0,0.0
2013-06-18 00:00:00-04:00,16.3222947972522,16.484954833984375,16.159634760520028,16.484954833984375,3500,0.0,0.0
2013-06-19 00:00:00-04:00,16.491205274516968,16.491205274516968,16.215934449022686,16.26598358154297,8900,0.0,0.0
2013-06-20 00:00:00-04:00,16.284752453712617,16.428643560550253,16.26598358154297,16.26598358154297,6300,0.0,0.0
2013-06-21 00:00:00-04:00,16.384854885413166,16.647613196280318,16.291012887231844,16.516233444213867,5900,0.0,0.0
2013-06-24 00:00:00-04:00,16.297263841893603,16.516229244144387,16.26598358154297,16.26598358154297,6700,0.0,0.0
2013-06-25 00:00:00-04:00,16.265989279375148,16.57879676551698,16.265989279375148,16.5662841796875,2500,0.0,0.0
2013-06-26 00:00:00-04:00,16.42238626871653,16.722681045532227,16.328544300119795,16.722681045532227,2300,0.0,0.0
2013-06-27 00:00:00-04:00,16.547515034693845,16.566282718516867,16.366086135966267,16.472440719604492,19600,0.0,0.0
2013-06-28 00:00:00-04:00,16.434905683702617,16.597565720434794,16.422393097815714,16.484954833984375,32200,0.0,0.0
2013-07-01 00:00:00-04:00,16.453670775698434,16.66637992918332,16.322292224392537,16.547513961791992,8400,0.0,0.0
2013-07-02 00:00:00-04:00,16.478690395161188,16.710167153314142,16.478690395161188,16.622581481933594,6200,0.0,0.0
2013-07-03 00:00:00-04:00,16.47868993837256,16.610068441801577,16.453664779663086,16.453664779663086,1200,0.0,0.0
2013-07-05 00:00:00-04:00,16.453671714337737,16.53500232115643,16.453671714337737,16.516233444213867,3400,0.0,0.0
2013-07-08 00:00:00-04:00,16.403619504347944,16.63509750366211,16.39110811532286,16.63509750366211,6200,0.0,0.0
2013-07-09 00:00:00-04:00,16.635099069722674,16.635099069722674,16.48495164789677,16.503719329833984,4600,0.0,0.0
2013-07-10 00:00:00-04:00,16.447411705080956,16.484948254494178,16.2659828619305,16.409873962402344,5200,0.0,0.0
2013-07-11 00:00:00-04:00,16.328545979511667,16.516229936008443,16.322289688526375,16.4661808013916,7300,0.0,0.0
2013-07-12 00:00:00-04:00,16.328546965922975,16.478694378843933,16.29101041100913,16.35357093811035,4900,0.0,0.0
2013-07-15 00:00:00-04:00,16.297266006469727,16.409876867913514,16.265985741964496,16.297266006469727,6300,0.0,0.0
2013-07-16 00:00:00-04:00,16.209682339630493,16.610075503075254,16.209682339630493,16.553770065307617,5400,0.0,0.0
2013-07-17 00:00:00-04:00,16.40987874068555,16.441160202026367,16.40987874068555,16.441160202026367,700,0.0,0.0
2013-07-18 00:00:00-04:00,16.35356920656718,16.5162291849919,16.35356920656718,16.4912052154541,1800,0.0,0.0
2013-07-19 00:00:00-04:00,16.453671714337737,16.547514905784805,16.441160322975108,16.516233444213867,2700,0.0,0.0
2013-07-22 00:00:00-04:00,16.42864418029785,16.54751132199216,16.42864418029785,16.42864418029785,3000,0.0,0.0
2013-07-23 00:00:00-04:00,16.453667168644053,16.547510334164848,16.453667168644053,16.5412540435791,2600,0.0,0.0
2013-07-24 00:00:00-04:00,16.49120852744213,16.547513961791992,16.49120852744213,16.547513961791992,500,0.0,0.0
2013-07-25 00:00:00-04:00,16.610075892932947,16.610075892932947,16.422391891479492,16.422391891479492,1000,0.0,0.0
2013-07-26 00:00:00-04:00,16.42239277785299,16.55377134730821,16.42239277785299,16.535003662109375,2100,0.0,0.0
2013-07-29 00:00:00-04:00,16.366083399401212,16.441157701937428,16.366083399401212,16.397363662719727,1300,0.0,0.0
2013-07-30 00:00:00-04:00,16.328547464240557,16.347315145637456,16.297266006469727,16.297266006469727,2900,0.0,0.0
2013-07-31 00:00:00-04:00,16.27224060413662,16.391107746693077,16.265984313132016,16.384851455688477,3800,0.0,0.0
2013-08-01 00:00:00-04:00,16.272239872266184,16.378594428029967,16.26598358154297,16.26598358154297,4400,0.0,0.0
2013-08-02 00:00:00-04:00,16.265986830868155,16.334804849305307,16.265986830868155,16.28475570678711,1200,0.0,0.0
2013-08-05 00:00:00-04:00,16.384852894962453,16.384852894962453,16.128350907569644,16.297266006469727,4600,0.0,0.0
2013-08-06 00:00:00-04:00,16.18465418867205,16.35982555586032,16.18465418867205,16.26598358154297,3300,0.0,0.0
2013-08-07 00:00:00-04:00,16.20968018127422,16.222192764282227,16.20968018127422,16.222192764282227,200,0.0,0.0
2013-08-08 00:00:00-04:00,16.23470369517518,16.30977679905227,16.23470369517518,16.25347137451172,434300,0.0,0.0
2013-08-09 00:00:00-04:00,16.20342254638672,16.422387957810628,16.20342254638672,16.20342254638672,26600,0.0,0.0
2013-08-12 00:00:00-04:00,16.203423459466258,16.34731458044034,16.203423459466258,16.3160343170166,5100,0.0,0.0
2013-08-13 00:00:00-04:00,16.228446773340757,16.303519874298978,16.203421610844398,16.234703063964844,5100,0.0,0.0
2013-08-14 00:00:00-04:00,16.203423889770214,16.234705347290234,16.178399917019792,16.222192764282227,3300,0.0,0.0
2013-08-15 00:00:00-04:00,16.13460863523128,16.20968175403217,15.965692328030713,16.0908145904541,13900,0.0,0.0
2013-08-16 00:00:00-04:00,15.959433368053462,16.09706819169111,15.890615359601885,15.965689659118652,14500,0.0,0.0
2013-08-19 00:00:00-04:00,16.078302356025905,16.103326329891537,15.840568041341367,15.896873474121094,14400,0.0,0.0
2013-08-20 00:00:00-04:00,15.896873349858701,15.940666198730469,15.759238511509482,15.940666198730469,8800,0.0,0.0
2013-08-21 00:00:00-04:00,15.840570391736225,15.890619540159333,15.778008657890886,15.803033828735352,7000,0.0,0.0
2013-08-22 00:00:00-04:00,15.828055211004754,15.984458923339844,15.828055211004754,15.984458923339844,3800,0.0,0.0
2013-08-23 00:00:00-04:00,16.2659844345513,16.2659844345513,16.028251340929295,16.07830047607422,8500,0.0,0.0
2013-08-26 00:00:00-04:00,15.990716617722214,16.078303515733566,15.984460325488136,16.0407657623291,4700,0.0,0.0
2013-08-27 00:00:00-04:00,16.003228825930197,16.05327796936035,15.92815451415211,16.05327796936035,9700,0.0,0.0
2013-08-28 00:00:00-04:00,16.006033774992932,16.140109682802677,16.006033774992932,16.12734031677246,800,0.516,0.0
2013-08-29 00:00:00-04:00,16.031568828015725,16.3252568727905,16.031568828015725,16.095413208007812,7000,0.0,0.0
2013-08-30 00:00:00-04:00,16.095413077191267,16.152873992919922,16.089029613446733,16.152873992919922,2100,0.0,0.0
2013-09-03 00:00:00-04:00,16.152876117069283,16.280567328314383,16.152876117069283,16.197568893432617,3500,0.0,0.0
2013-09-04 00:00:00-04:00,16.15287637377306,16.15287637377306,16.06349325513319,16.108184814453125,3000,0.0,0.0
2013-09-05 00:00:00-04:00,16.146491467834874,16.146491467834874,16.05710713941988,16.063491821289062,5400,0.0,0.0
2013-09-06 00:00:00-04:00,16.14648797329619,16.152871436030264,16.069873025201115,16.076257705688477,3300,0.0,0.0
2013-09-09 00:00:00-04:00,16.025183845791567,16.07626007947901,15.974107612104126,16.03156852722168,4400,0.0,0.0
2013-09-10 00:00:00-04:00,16.037956189878855,16.050724337359032,15.967725898846265,15.999648094177246,6600,0.0,0.0
2013-09-11 00:00:00-04:00,15.967725280764686,16.018801521969404,15.967725280764686,16.01241683959961,3200,0.0,0.0
2013-09-12 00:00:00-04:00,16.012417459411115,16.044339654742096,15.980495264080135,15.999648094177246,4800,0.0,0.0
2013-09-13 00:00:00-04:00,16.076257705688477,16.127333931834098,15.99325807710604,16.076257705688477,3300,0.0,0.0
2013-09-16 00:00:00-04:00,16.152873029948413,16.216718623368855,16.037952423095703,16.037952423095703,5300,0.0,0.0
2013-09-17 00:00:00-04:00,16.03156852722168,16.06349071661878,15.999645120071111,16.03156852722168,11600,0.0,0.0
2013-09-18 00:00:00-04:00,16.063492942197016,16.076262306826422,16.03157074837713,16.06987762451172,4900,0.0,0.0
2013-09-19 00:00:00-04:00,16.12095343404354,16.389103995319953,16.07626187678974,16.267797470092773,9500,0.0,0.0
2013-09-20 00:00:00-04:00,16.18480012151064,16.18480012151064,16.120954513549805,16.120954513549805,300,0.0,0.0
2013-09-23 00:00:00-04:00,16.197562925639474,16.338022232055664,16.133717343540045,16.338022232055664,1600,0.0,0.0
2013-09-24 00:00:00-04:00,16.312489640937983,16.440180853112157,16.15926091698116,16.165645599365234,10600,0.0,0.0
2013-09-25 00:00:00-04:00,16.191183469161672,16.376334377453837,16.159260058936415,16.357181549072266,7200,0.0,0.0
2013-09-26 00:00:00-04:00,16.255029256255757,16.44656608086843,16.184800183209433,16.427412033081055,8500,0.0,0.0
2013-09-27 00:00:00-04:00,16.344409942626953,16.39548617422643,16.318871217950505,16.344409942626953,2200,0.0,0.0
2013-09-30 00:00:00-04:00,16.267798761265684,16.43379685692191,16.267798761265684,16.369951248168945,4400,0.0,0.0
2013-10-01 00:00:00-04:00,16.43379076408186,16.51679039001465,16.369945178999693,16.51679039001465,3500,0.0,0.0
2013-10-02 00:00:00-04:00,16.49125783441928,16.497642517089844,16.446566273479032,16.497642517089844,2900,0.0,0.0
2013-10-03 00:00:00-04:00,16.41464359820235,16.433797647075295,16.363567352294922,16.363567352294922,1300,0.0,0.0
2013-10-04 00:00:00-04:00,16.35718233555028,16.36995048250071,16.306106094487628,16.350797653198242,900,0.0,0.0
2013-10-07 00:00:00-04:00,16.401873421181556,16.47210248952106,16.37633469251002,16.395488739013672,1700,0.0,0.0
2013-10-08 00:00:00-04:00,16.3188736350226,16.472102352516522,16.3188736350226,16.45294952392578,5200,0.0,0.0
2013-10-09 00:00:00-04:00,16.465723795001047,16.638105392456055,16.376339436510865,16.638105392456055,11800,0.0,0.0
2013-10-10 00:00:00-04:00,16.68917778830001,16.70194715338261,16.484872817993164,16.484872817993164,5200,0.0,0.0
2013-10-11 00:00:00-04:00,16.45933723449707,16.714718477309464,16.45933723449707,16.45933723449707,1100,0.0,0.0
2013-10-14 00:00:00-04:00,16.58701819336474,16.58701819336474,16.49125043180206,16.5678653717041,3600,0.0,0.0
2013-10-15 00:00:00-04:00,16.491255974010123,16.650869369506836,16.491255974010123,16.650869369506836,400,0.0,0.0
2013-10-16 00:00:00-04:00,16.504024487727875,16.52956199645996,16.497639806106477,16.52956199645996,900,0.0,0.0
2013-10-17 00:00:00-04:00,16.542326652485702,16.58701819336474,16.542326652485702,16.5678653717041,1200,0.0,0.0
2013-10-18 00:00:00-04:00,16.504024487727875,16.78494439030187,16.504024487727875,16.52956199645996,1300,0.0,0.0
2013-10-21 00:00:00-04:00,16.54233124579504,16.561485290527344,16.54233124579504,16.561485290527344,300,0.0,0.0
2013-10-22 00:00:00-04:00,16.574255186616323,16.644485473632812,16.574255186616323,16.644485473632812,2700,0.0,0.0
2013-10-23 00:00:00-04:00,16.44656136602883,16.548713822769425,16.440176685263378,16.465715408325195,4800,0.0,0.0
2013-10-24 00:00:00-04:00,16.46571961877948,16.46571961877948,16.286952164894092,16.31887435913086,5100,0.0,0.0
2013-10-25 00:00:00-04:00,16.452946281872485,16.555098740072623,16.376331329345703,16.376331329345703,500,0.0,0.0
2013-10-28 00:00:00-04:00,16.34441039168984,16.497639090698232,16.312486984967187,16.32525634765625,2000,0.0,0.0
2013-10-29 00:00:00-04:00,16.484869597766874,16.484869597766874,16.293334029958018,16.38271713256836,2000,0.0,0.0
2013-10-30 00:00:00-04:00,16.45933276545597,16.47210091081441,16.40825653076172,16.40825653076172,1000,0.0,0.0
2013-10-31 00:00:00-04:00,16.38910136530038,16.516792552180398,16.38910136530038,16.401870727539062,2100,0.0,0.0
2013-11-01 00:00:00-04:00,16.516793195630306,16.535946021981065,16.414639511494613,16.478485107421875,3100,0.0,0.0
2013-11-04 00:00:00-05:00,16.4146397165333,16.548715591430664,16.3954868899433,16.548715591430664,2900,0.0,0.0
2013-11-05 00:00:00-05:00,16.43379814509212,16.472105026245117,16.395491263939117,16.472105026245117,1400,0.0,0.0
2013-11-06 00:00:00-05:00,16.504023772042764,16.504023772042764,16.312486984967187,16.32525634765625,7700,0.0,0.0
2013-11-07 00:00:00-05:00,16.382719374677905,16.395488739013672,16.312489088584794,16.395488739013672,2000,0.0,0.0
2013-11-08 00:00:00-05:00,16.382716859346516,16.382716859346516,16.120951019421724,16.159257888793945,10200,0.0,0.0
2013-11-11 00:00:00-05:00,16.15287445221107,16.446563720703125,16.15287445221107,16.446563720703125,3700,0.0,0.0
2013-11-12 00:00:00-05:00,16.548716041324155,16.56787008618835,16.440178889267397,16.52956199645996,4100,0.0,0.0
2013-11-13 00:00:00-05:00,16.376334401581907,16.535947799682617,16.376334401581907,16.535947799682617,3600,0.0,0.0
2013-11-14 00:00:00-05:00,16.504022919872213,16.542329788208008,16.376331735081717,16.542329788208008,3200,0.0,0.0
2013-11-15 00:00:00-05:00,16.504021029447568,16.529558532828485,16.504021029447568,16.51679039001465,4600,0.0,0.0
2013-11-18 00:00:00-05:00,16.408257632659016,16.49125606295338,16.389103586704824,16.4401798248291,6900,0.0,0.0
2013-11-19 00:00:00-05:00,16.39548617422643,16.555099550193972,16.331640580288727,16.344409942626953,12200,0.0,0.0
2013-11-20 00:00:00-05:00,16.350793823672348,16.408254733629093,16.306102275428955,16.376331329345703,10200,0.0,0.0
2013-11-21 00:00:00-05:00,16.34441373531998,16.401874661422276,16.242261248416717,16.369951248168945,10600,0.0,0.0
2013-11-22 00:00:00-05:00,16.28056658228523,16.357181549072266,16.18479878711662,16.357181549072266,4200,0.0,0.0
2013-11-25 00:00:00-05:00,16.29333469826128,16.440178720788065,16.286950016705312,16.40825653076172,9500,0.0,0.0
2013-11-26 00:00:00-05:00,16.509897224623096,16.509897224623096,16.347013472401244,16.49686622619629,3300,0.516,0.0
2013-11-27 00:00:00-05:00,16.503378557061257,16.588077545166016,16.4186795689565,16.588077545166016,12800,0.0,0.0
2013-11-29 00:00:00-05:00,16.535959243774414,16.535959243774414,16.535959243774414,16.535959243774414,100,0.0,0.0
2013-12-02 00:00:00-05:00,16.575051627841937,16.640205379841493,16.54247413048993,16.633689880371094,5800,0.0,0.0
2013-12-03 00:00:00-05:00,16.529443737134304,16.61414274157593,16.52292823791504,16.52292823791504,3600,0.0,0.0
2013-12-04 00:00:00-05:00,16.581569012423937,16.5945987701416,16.522930753228366,16.5945987701416,2700,0.0,0.0
2013-12-05 00:00:00-05:00,16.607627242356664,16.640204738452987,16.52292823791504,16.52292823791504,2500,0.0,0.0
2013-12-06 00:00:00-05:00,16.52292948705524,16.575052242045448,16.33398372352541,16.535959243774414,5500,0.0,0.0
2013-12-09 00:00:00-05:00,16.36655808662027,16.50989532470703,16.360042588156652,16.50989532470703,3200,0.0,0.0
2013-12-10 00:00:00-05:00,16.56201680593089,16.60110855102539,16.418679578781617,16.60110855102539,2900,0.0,0.0
2013-12-11 00:00:00-05:00,16.53595478135159,16.568532271119366,16.418679546300105,16.444740295410156,7900,0.0,0.0
2013-12-12 00:00:00-05:00,16.37307279130018,16.40565028451148,14.73772115592628,15.135156631469727,73600,0.0,0.0
2013-12-13 00:00:00-05:00,15.317588169896151,15.734570176879565,15.317588169896151,15.669416427612305,33300,0.0,0.0
2013-12-16 00:00:00-05:00,15.825783069815925,15.832297325134276,15.558652621708797,15.832297325134277,23900,0.0,0.0
2013-12-17 00:00:00-05:00,15.884423583027463,15.890939082492364,15.539110810318805,15.793209075927734,13000,0.0,0.0
2013-12-18 00:00:00-05:00,15.864875432791436,15.864875432791436,15.239401268027514,15.643353462219238,63900,0.0,0.0
2013-12-19 00:00:00-05:00,15.48047222893211,15.630324985327649,15.115612965580754,15.23940372467041,46100,0.0,0.0
2013-12-20 00:00:00-05:00,15.122127546812408,15.421834308741381,14.6660537685093,15.311073303222656,55100,0.0,0.0
2013-12-23 00:00:00-05:00,15.239402787012516,15.415317529890164,14.998335540287757,15.265464782714844,16300,0.0,0.0
2013-12-24 00:00:00-05:00,15.337131818929844,15.48046904653234,15.24591608981537,15.37622356414795,5400,0.0,0.0
2013-12-26 00:00:00-05:00,15.35668151428511,15.376228013902848,15.128643989562988,15.128643989562988,8700,0.0,0.0
2013-12-27 00:00:00-05:00,15.252433163445875,15.330617904663084,15.148187670292465,15.330617904663086,11300,0.0,0.0
2013-12-30 00:00:00-05:00,15.402287504771047,15.460925756100231,15.14167374481047,15.441380500793457,22600,0.0,0.0
2013-12-31 00:00:00-05:00,15.350161572199763,15.506529795776352,15.24591608981537,15.37622356414795,24300,0.0,0.0
2014-01-02 00:00:00-05:00,15.343648623689104,15.63683986830151,15.115612369773212,15.493502616882324,14900,0.0,0.0
2014-01-03 00:00:00-05:00,15.571687392568263,16.027762423071664,15.571687392568263,15.877909660339355,14500,0.0,0.0
2014-01-06 00:00:00-05:00,15.982154211290798,16.13852246425922,15.93654571680865,16.034276962280273,20300,0.0,0.0
2014-01-07 00:00:00-05:00,15.975639975765798,16.203677495396864,15.975639975765798,16.086400985717773,11900,0.0,0.0
2014-01-08 00:00:00-05:00,16.06033708651788,16.26882808229852,16.06033708651788,16.092914581298828,7900,0.0,0.0
2014-01-09 00:00:00-05:00,16.092918391134056,16.112463649925406,15.936548864575315,16.07988739013672,9400,0.0,0.0
2014-01-10 00:00:00-05:00,16.027761131794325,16.2101901351347,15.962607383728027,15.962607383728027,22100,0.0,0.0
2014-01-13 00:00:00-05:00,15.969122562824737,16.17109805934924,15.969122562824737,16.053821563720703,3200,0.0,0.0
2014-01-14 00:00:00-05:00,16.060337720145288,16.151553466426318,16.00169946993049,16.04079246520996,5900,0.0,0.0
2014-01-15 00:00:00-05:00,16.014731731423993,16.09291648544489,15.969124476038681,16.086400985717773,4400,0.0,0.0
2014-01-16 00:00:00-05:00,16.112457911526093,16.138519904238876,16.027758920617977,16.073366165161133,31400,0.0,0.0
2014-01-17 00:00:00-05:00,16.079884852841005,16.125492106430517,15.877909340071243,15.982154846191406,20800,0.0,0.0
2014-01-21 00:00:00-05:00,16.021244682241303,16.125490175881158,15.962606436730844,16.10594367980957,38400,0.0,0.0
2014-01-22 00:00:00-05:00,16.105940491052912,16.105940491052912,16.008210515452788,16.060333251953125,19400,0.0,0.0
2014-01-23 00:00:00-05:00,16.07337188963805,16.092918391134056,16.03428012935069,16.07988739013672,19400,0.0,0.0
2014-01-24 00:00:00-05:00,16.047302257152026,16.079879744154773,15.9886652659552,16.060333251953125,11300,0.0,0.0
2014-01-27 00:00:00-05:00,16.184127148782032,16.184127148782032,16.060335168804745,16.073366165161133,52500,0.0,0.0
2014-01-28 00:00:00-05:00,16.01472792426159,16.15806515606925,16.01472792426159,16.073366165161133,27100,0.0,0.0
2014-01-29 00:00:00-05:00,16.073364864390523,16.09291135734327,16.00169563293457,16.00169563293457,5700,0.0,0.0
2014-01-30 00:00:00-05:00,15.995185232242642,16.177615496488396,15.995185232242642,16.086400985717773,8200,0.0,0.0
2014-01-31 00:00:00-05:00,16.03427630958552,16.138521807321027,16.03427630958552,16.053821563720703,16200,0.0,0.0
2014-02-03 00:00:00-05:00,16.053824115079543,16.151555372104866,16.008216857910156,16.008216857910156,9200,0.0,0.0
2014-02-04 00:00:00-05:00,15.975639339799775,16.132007598912278,15.962608340864286,15.969123840332031,9500,0.0,0.0
2014-02-05 00:00:00-05:00,15.97563458569185,16.092911055802634,15.962603590634188,15.988665580749512,16500,0.0,0.0
2014-02-06 00:00:00-05:00,15.995185222677788,16.125492731733193,15.995185222677788,16.06685447692871,11300,0.0,0.0
2014-02-07 00:00:00-05:00,16.09291394626871,16.145036693157095,16.079882948870537,16.138521194458008,5500,0.0,0.0
2014-02-10 00:00:00-05:00,16.06685638913938,16.086402890635387,16.014733627854685,16.07988739013672,10500,0.0,0.0
2014-02-11 00:00:00-05:00,16.034273790729877,16.145034770012238,16.034273790729877,16.118972778320312,17300,0.0,0.0
2014-02-12 00:00:00-05:00,16.112459206083027,16.281858444213867,16.105943707381346,16.281858444213867,14600,0.0,0.0
2014-02-13 00:00:00-05:00,16.190644589727032,16.5164120815014,16.190644589727032,16.392620086669922,20800,0.0,0.0
2014-02-14 00:00:00-05:00,16.40564858775161,16.607624053955078,16.262310117855325,16.607624053955078,11900,0.0,0.0
2014-02-18 00:00:00-05:00,16.770511641239747,16.770511641239747,16.360045116237576,16.470806121826172,25700,0.0,0.0
2014-02-19 00:00:00-05:00,16.568532286142286,16.568532286142286,16.418679561187147,16.46428680419922,6800,0.0,0.0
2014-02-20 00:00:00-05:00,16.555503848568137,16.60762659759427,16.39913560148974,16.418682098388672,11600,0.0,0.0
2014-02-21 00:00:00-05:00,16.412164063227685,16.53595479634497,16.412164063227685,16.46428680419922,5400,0.0,0.0
2014-02-24 00:00:00-05:00,16.457773842205842,16.56201934021202,16.44474284427898,16.548988342285156,14200,0.0,0.0
2014-02-25 00:00:00-05:00,16.496866876901574,16.672781634489045,16.490351377431175,16.633689880371094,18900,0.0,0.0
2014-02-26 00:00:00-05:00,16.82386745735095,16.85711696927282,16.63767526394526,16.69752311706543,23100,0.516,0.0
2014-02-27 00:00:00-05:00,16.697525738558927,16.697525738558927,16.53793186129547,16.6110782623291,14500,0.0,0.0
2014-02-28 00:00:00-05:00,16.63103001593976,16.677578077318177,16.604430398958065,16.624380111694336,14100,0.0,0.0
2014-03-03 00:00:00-05:00,16.51133264966066,16.69087624158151,16.51133264966066,16.650978088378906,13800,0.0,0.0
2014-03-04 00:00:00-05:00,16.657623702759185,16.803919018537023,16.611075654407763,16.69752311706543,11800,0.0,0.0
2014-03-05 00:00:00-05:00,16.770669003056568,16.770669003056568,16.67757290914904,16.7108211517334,17800,0.0,0.0
2014-03-06 00:00:00-05:00,16.71082319510295,16.77067105374421,16.664275142457374,16.724123001098633,21800,0.0,0.0
2014-03-07 00:00:00-05:00,16.737422807094315,16.757372516087838,16.690874754448735,16.724123001098633,24900,0.0,0.0
2014-03-10 00:00:00-04:00,16.717472076416016,16.777319931399685,16.717472076416016,16.717472076416016,26400,0.0,0.0
2014-03-11 00:00:00-04:00,16.72412197900745,16.737421784190317,16.71082217382458,16.717472076416016,30600,0.0,0.0
2014-03-12 00:00:00-04:00,16.757371491964616,16.770670028808254,16.717472076416016,16.717472076416016,55600,0.0,0.0
2014-03-13 00:00:00-04:00,16.77067007393174,16.78396987915039,16.717472121396366,16.78396987915039,38400,0.0,0.0
2014-03-14 00:00:00-04:00,16.79062182509704,16.8105715353528,16.225392717911042,16.797271728515625,206500,0.0,0.0
2014-03-17 00:00:00-04:00,16.79062645007614,16.97681999206543,16.79062645007614,16.97681999206543,31700,0.0,0.0
2014-03-18 00:00:00-04:00,16.89701823294977,17.076561825438308,16.890368329338408,17.003414154052734,25600,0.0,0.0
2014-03-19 00:00:00-04:00,17.069913758577844,17.123111724853516,16.983467539007215,17.123111724853516,28300,0.0,0.0
2014-03-20 00:00:00-04:00,17.036660085922435,17.1630044229248,17.036660085922435,17.14970588684082,10900,0.0,0.0
2014-03-21 00:00:00-04:00,17.06990879982059,17.156354994278857,17.06990879982059,17.10315704345703,12300,0.0,0.0
2014-03-24 00:00:00-04:00,17.116458892822266,17.123108796011728,17.096509183253872,17.116458892822266,7700,0.0,0.0
2014-03-25 00:00:00-04:00,17.056612730339317,17.222856521606445,17.056612730339317,17.222856521606445,22600,0.0,0.0
2014-03-26 00:00:00-04:00,17.129760671128967,17.24945640563965,17.129760671128967,17.24945640563965,9400,0.0,0.0
2014-03-27 00:00:00-04:00,17.163008922564384,17.256106309594628,17.163008922564384,17.24945640563965,6200,0.0,0.0
2014-03-28 00:00:00-04:00,17.236153806990153,17.256103515625,17.22285400123359,17.256103515625,8900,0.0,0.0
2014-03-31 00:00:00-04:00,17.262752150163998,17.262752150163998,17.229503904111873,17.256103515625,4900,0.0,0.0
2014-04-01 00:00:00-04:00,17.26940261202049,17.34920018080349,17.22950446179865,17.34255027770996,8300,0.0,0.0
2014-04-02 00:00:00-04:00,17.35585073738479,17.37579917907715,17.34920083404088,17.37579917907715,1900,0.0,0.0
2014-04-03 00:00:00-04:00,17.329247806134433,17.329247806134433,17.17630386352539,17.17630386352539,11400,0.0,0.0
2014-04-04 00:00:00-04:00,17.236156502124754,17.249456309960944,17.043313093518428,17.049962997436523,10100,0.0,0.0
2014-04-07 00:00:00-04:00,17.056611128877435,17.096509279900417,16.950215213923247,17.063261032104492,18600,0.0,0.0
2014-04-08 00:00:00-04:00,17.083211699321446,17.229505773498584,17.063261988522072,17.189607620239258,5300,0.0,0.0
2014-04-09 00:00:00-04:00,17.11646182052661,17.202909308436805,17.11646182052661,17.123111724853516,10500,0.0,0.0
2014-04-10 00:00:00-04:00,17.123109547396762,17.20290712083261,17.06326168440473,17.09650993347168,7900,0.0,0.0
2014-04-11 00:00:00-04:00,17.06990879982059,17.18295460385937,17.06990879982059,17.10315704345703,6000,0.0,0.0
2014-04-14 00:00:00-04:00,17.109810045381188,17.22285586989879,17.109810045381188,17.189607620239258,4400,0.0,0.0
2014-04-15 00:00:00-04:00,17.196259060030457,17.21620750427246,17.14971099901307,17.21620750427246,4400,0.0,0.0
2014-04-16 00:00:00-04:00,17.216206988566327,17.216206988566327,17.176308832937924,17.196258544921875,1700,0.0,0.0
2014-04-17 00:00:00-04:00,17.16965944325507,17.21620750427246,17.16965944325507,17.21620750427246,2200,0.0,0.0
2014-04-21 00:00:00-04:00,17.216205966299,17.22285586989879,17.189607620239258,17.189607620239258,8200,0.0,0.0
2014-04-22 00:00:00-04:00,17.17631049755924,17.26275672118853,17.129762433425032,17.23615837097168,12300,0.0,0.0
2014-04-23 00:00:00-04:00,17.202907843142167,17.262754440307617,17.202907843142167,17.262754440307617,7200,0.0,0.0
2014-04-24 00:00:00-04:00,17.262751877118035,17.282701585437337,17.229503631591797,17.229503631591797,2000,0.0,0.0
2014-04-25 00:00:00-04:00,17.222856286084166,17.282704151589073,17.222856286084166,17.262754440307617,8100,0.0,0.0
2014-04-28 00:00:00-04:00,17.236155478306358,17.296003341674805,17.236155478306358,17.296003341674805,6200,0.0,0.0
2014-04-29 00:00:00-04:00,17.296003341674805,17.296003341674805,17.262753824059327,17.296003341674805,5500,0.0,0.0
2014-04-30 00:00:00-04:00,17.2893513462259,17.422346863917188,17.2893513462259,17.40239715576172,19700,0.0,0.0
2014-05-01 00:00:00-04:00,17.482194813445783,17.482194813445783,17.31595104961312,17.349199295043945,2400,0.0,0.0
2014-05-02 00:00:00-04:00,17.39575119979392,17.448949165272147,17.39575119979392,17.415700912475586,4200,0.0,0.0
2014-05-05 00:00:00-04:00,17.3957460046718,17.442294052021545,17.3957460046718,17.435644149780273,1600,0.0,0.0
2014-05-06 00:00:00-04:00,17.435644149780273,17.435644149780273,17.435644149780273,17.435644149780273,0,0.0,0.0
2014-05-07 00:00:00-04:00,17.4423006640164,17.448950568778507,17.362504343550416,17.429000854492188,4700,0.0,0.0
2014-05-08 00:00:00-04:00,17.40240008395554,17.40904998779297,17.40240008395554,17.40904998779297,800,0.0,0.0
2014-05-09 00:00:00-04:00,17.36914969957705,17.448945999145508,17.35584989353587,17.448945999145508,4400,0.0,0.0
2014-05-12 00:00:00-04:00,17.428997175095002,17.448946885169782,17.402398830001342,17.442296981811523,3900,0.0,0.0
2014-05-13 00:00:00-04:00,17.50879600867545,17.50879600867545,17.40240008395554,17.40904998779297,12300,0.0,0.0
2014-05-14 00:00:00-04:00,17.495494842529297,17.495494842529297,17.482196304226502,17.495494842529297,1300,0.0,0.0
2014-05-15 00:00:00-04:00,17.495494842529297,17.495494842529297,17.468896497584335,17.495494842529297,5800,0.0,0.0
2014-05-16 00:00:00-04:00,17.508791854774408,17.508791854774408,17.47554361181477,17.50214195251465,2700,0.0,0.0
2014-05-19 00:00:00-04:00,17.50214195251465,17.508791854774408,17.48219351407453,17.50214195251465,3700,0.0,0.0
2014-05-20 00:00:00-04:00,17.50879385799151,17.58859142589928,17.435646193104326,17.448945999145508,8400,0.0,0.0
2014-05-21 00:00:00-04:00,17.535393646984165,17.575291797170916,17.502144131545766,17.528743743896484,6300,0.0,0.0
2014-05-22 00:00:00-04:00,17.55534642267401,17.55534642267401,17.548696517944336,17.548696517944336,3600,0.0,0.0
2014-05-23 00:00:00-04:00,17.568645477294922,17.575295381738883,17.56199557285096,17.568645477294922,2000,0.0,0.0
2014-05-27 00:00:00-04:00,17.58859406559515,17.621842317348687,17.581944161576544,17.615192413330078,10900,0.0,0.0
2014-05-28 00:00:00-04:00,17.65994832253487,17.65994832253487,17.510746707638035,17.54465675354004,5000,0.516,0.0
2014-05-29 00:00:00-04:00,17.565003572515106,17.632822378833232,17.531094816124117,17.612476348876953,7300,0.0,0.0
2014-05-30 00:00:00-04:00,17.605696766122993,17.63282480980474,17.598916048738875,17.619260787963867,14800,0.0,0.0
2014-06-02 00:00:00-04:00,17.632817939412714,17.632817939412714,17.56499915016935,17.571781158447266,10800,0.0,0.0
2014-06-03 00:00:00-04:00,17.55143642285584,17.60569119952866,17.524309681287384,17.531091690063477,14000,0.0,0.0
2014-06-04 00:00:00-04:00,17.578572378000654,17.626045167286286,17.43615271660726,17.476844787597656,10600,0.0,0.0
2014-06-05 00:00:00-04:00,17.490405518292338,17.60569581711627,17.490405518292338,17.598915100097656,8200,0.0,0.0
2014-06-06 00:00:00-04:00,17.544661773324865,17.62604331970215,17.544661773324865,17.62604331970215,5100,0.0,0.0
2014-06-09 00:00:00-04:00,17.517532266975543,17.60569581711627,17.51075025642068,17.598915100097656,4600,0.0,0.0
2014-06-10 00:00:00-04:00,17.517533128621494,17.626042715764143,17.517533128621494,17.585351943969727,8700,0.0,0.0
2014-06-11 00:00:00-04:00,17.52431280613869,17.63960438881866,17.52431280613869,17.612476348876953,6000,0.0,0.0
2014-06-12 00:00:00-04:00,17.632825676851635,17.632825676851635,17.598916914118394,17.605697631835938,3500,0.0,0.0
2014-06-13 00:00:00-04:00,17.58535220221225,17.64638900756836,17.58535220221225,17.64638900756836,4900,0.0,0.0
2014-06-16 00:00:00-04:00,17.646388485761587,17.754898071289062,17.646388485761587,17.754898071289062,10500,0.0,0.0
2014-06-17 00:00:00-04:00,17.734551179850925,17.93800761301157,17.734551179850925,17.883752822875977,9800,0.0,0.0
2014-06-18 00:00:00-04:00,17.74811305807038,17.938005447387695,17.74811305807038,17.938005447387695,3600,0.0,0.0
2014-06-19 00:00:00-04:00,17.89731788635254,17.89731788635254,17.89731788635254,17.89731788635254,400,0.0,0.0
2014-06-20 00:00:00-04:00,17.917665212298466,17.971920013427734,17.89731917679881,17.971920013427734,3300,0.0,0.0
2014-06-23 00:00:00-04:00,17.897314772177385,17.965133580282533,17.849841994564635,17.931224822998047,5000,0.0,0.0
2014-06-24 00:00:00-04:00,17.951571815040683,17.951571815040683,17.904099031464376,17.91088104248047,3700,0.0,0.0
2014-06-25 00:00:00-04:00,17.951570510864258,17.95835252138764,17.904097730736833,17.951570510864258,3700,0.0,0.0
2014-06-26 00:00:00-04:00,17.90409764168338,18.01260722244527,17.795588060921485,17.802370071411133,22600,0.0,0.0
2014-06-27 00:00:00-04:00,17.917661751783594,17.951570510864258,17.883752992702934,17.951570510864258,3000,0.0,0.0
2014-06-30 00:00:00-04:00,17.890533539798724,17.951570340393296,17.870188801958022,17.883752822875977,4800,0.0,0.0
2014-07-01 00:00:00-04:00,17.815936337294723,17.91766392038519,17.802372314606288,17.89731788635254,4100,0.0,0.0
2014-07-02 00:00:00-04:00,17.82271532429588,17.924442890124162,17.82271532429588,17.849842071533203,2400,0.0,0.0
2014-07-03 00:00:00-04:00,17.883752903750672,17.883752903750672,17.78202403994219,17.802370071411133,1300,0.0,0.0
2014-07-07 00:00:00-04:00,17.741336302420134,17.741336302420134,17.639608714763305,17.734554290771484,5200,0.0,0.0
2014-07-08 00:00:00-04:00,17.85662094266275,17.85662094266275,17.646383837770962,17.768457412719727,3200,0.0,0.0
2014-07-09 00:00:00-04:00,17.673516615945704,17.904099826587718,17.673516615945704,17.748117446899414,4300,0.0,0.0
2014-07-10 00:00:00-04:00,17.68029862726299,17.748117446899414,17.68029862726299,17.748117446899414,1100,0.0,0.0
2014-07-11 00:00:00-04:00,17.802368000878047,17.890531539916992,17.673512403633968,17.890531539916992,1600,0.0,0.0
2014-07-14 00:00:00-04:00,17.890531539916992,17.890531539916992,17.890531539916992,17.890531539916992,0,0.0,0.0
2014-07-15 00:00:00-04:00,17.78880639416562,17.78880639416562,17.761679645219093,17.782024383544922,2100,0.0,0.0
2014-07-16 00:00:00-04:00,17.76168034133204,17.815935134887695,17.76168034133204,17.815935134887695,1800,0.0,0.0
2014-07-17 00:00:00-04:00,17.822712806923047,17.822712806923047,17.80914878845215,17.80914878845215,500,0.0,0.0
2014-07-18 00:00:00-04:00,17.856625124420372,17.876971156188556,17.856625124420372,17.863407135009766,2800,0.0,0.0
2014-07-21 00:00:00-04:00,17.87019157409668,17.87019157409668,17.87019157409668,17.87019157409668,200,0.0,0.0
2014-07-22 00:00:00-04:00,17.829500359983157,17.89731788635254,17.829500359983157,17.89731788635254,1400,0.0,0.0
2014-07-23 00:00:00-04:00,17.931227061556676,18.351701395936058,17.91766303953506,18.256755828857422,111500,0.0,0.0
2014-07-24 00:00:00-04:00,18.24319292701936,18.31779375918261,18.22284818627405,18.304229736328125,81000,0.0,0.0
2014-07-25 00:00:00-04:00,18.22285028002874,18.27710508414399,18.16859547591349,18.216068267822266,19400,0.0,0.0
2014-07-28 00:00:00-04:00,18.17537161033664,18.29744521219032,18.17537161033664,18.26353645324707,8200,0.0,0.0
2014-07-29 00:00:00-04:00,18.290662336188774,18.290662336188774,18.209280801161416,18.277099609375,4900,0.0,0.0
2014-07-30 00:00:00-04:00,18.249969985012385,18.249969985012385,18.141460418701172,18.141460418701172,3900,0.0,0.0
2014-07-31 00:00:00-04:00,18.17537317054466,18.20250121485697,18.141464408690616,18.16859245300293,6100,0.0,0.0
2014-08-01 00:00:00-04:00,18.039730445195804,18.195712764179234,18.039730445195804,18.134675979614258,1700,0.0,0.0
2014-08-04 00:00:00-04:00,18.114333422318314,18.236407014824298,18.10077069590131,18.155025482177734,1500,0.0,0.0
2014-08-05 00:00:00-04:00,18.175376194583404,18.290667815020377,18.175376194583404,18.216068267822266,3600,0.0,0.0
2014-08-06 00:00:00-04:00,18.2499746840622,18.297447469854763,18.195719886936928,18.243192672729492,2500,0.0,0.0
2014-08-07 00:00:00-04:00,18.182152760461513,18.277099609375,18.182152760461513,18.277099609375,8900,0.0,0.0
2014-08-08 00:00:00-04:00,18.26353601770249,18.317790806839575,18.26353601770249,18.29066276550293,7400,0.0,0.0
2014-08-11 00:00:00-04:00,18.304229736328125,18.304229736328125,18.304229736328125,18.304229736328125,300,0.0,0.0
2014-08-12 00:00:00-04:00,18.30422948118747,18.31101149252018,18.141465089811657,18.243192672729492,2500,0.0,0.0
2014-08-13 00:00:00-04:00,18.31101044706252,18.31101044706252,18.22962760925293,18.22962760925293,500,0.0,0.0
2014-08-14 00:00:00-04:00,18.283882057669324,18.311010100938507,18.209282525751664,18.24997329711914,4100,0.0,0.0
2014-08-15 00:00:00-04:00,18.236410915592117,18.304229736328125,18.236410915592117,18.304229736328125,1400,0.0,0.0
2014-08-18 00:00:00-04:00,18.188936493299778,18.27031932957103,18.188936493299778,18.24997329711914,4600,0.0,0.0
2014-08-19 00:00:00-04:00,18.24997329711914,18.24997329711914,18.24997329711914,18.24997329711914,0,0.0,0.0
2014-08-20 00:00:00-04:00,18.209279221029696,18.209279221029696,18.141460418701172,18.141460418701172,2400,0.0,0.0
2014-08-21 00:00:00-04:00,18.209283045318106,18.256755828857422,18.209283045318106,18.256755828857422,1400,0.0,0.0
2014-08-22 00:00:00-04:00,18.256755828857422,18.256755828857422,18.256755828857422,18.256755828857422,0,0.0,0.0
2014-08-25 00:00:00-04:00,18.175370218571306,18.222844288407295,18.155025482177734,18.155025482177734,2300,0.0,0.0
2014-08-26 00:00:00-04:00,18.155029112477074,18.2499746840622,18.141465089811657,18.243192672729492,5600,0.0,0.0
2014-08-27 00:00:00-04:00,18.192025976115563,18.281915100253954,18.15053939819336,18.15053939819336,5400,0.516,0.0
2014-08-28 00:00:00-04:00,18.171282293958072,18.19202492230034,18.081393175026715,18.09522247314453,3700,0.0,0.0
2014-08-29 00:00:00-04:00,18.115964641932315,18.192023136444966,18.032990180205218,18.067562103271484,3700,0.0,0.0
2014-09-02 00:00:00-04:00,18.012245178222656,18.185107421080204,18.012245178222656,18.012245178222656,4500,0.0,0.0
2014-09-03 00:00:00-04:00,18.04682047273901,18.04682047273901,17.818642338942166,17.853214263916016,3300,0.0,0.0
2014-09-04 00:00:00-04:00,17.853214263916016,18.01916187769241,17.853214263916016,17.853214263916016,2700,0.0,0.0
2014-09-05 00:00:00-04:00,17.8117279010037,17.887787719447708,17.8117279010037,17.83247184753418,3900,0.0,0.0
2014-09-08 00:00:00-04:00,17.846296310424805,18.04681713087754,17.83938166294359,17.846296310424805,2300,0.0,0.0
2014-09-09 00:00:00-04:00,17.977680206298828,17.977680206298828,17.977680206298828,17.977680206298828,200,0.0,0.0
2014-09-10 00:00:00-04:00,17.977675504342486,17.977675504342486,17.894701037112224,17.96384620666504,1400,0.0,0.0
2014-09-11 00:00:00-04:00,17.97075970479753,18.01916092473494,17.90852918806819,18.005332946777344,2300,0.0,0.0
2014-09-12 00:00:00-04:00,17.970759326546027,17.991503271297297,17.908528811126526,17.984588623046875,3300,0.0,0.0
2014-09-15 00:00:00-04:00,18.060651027171065,18.060651027171065,18.019163131713867,18.019163131713867,400,0.0,0.0
2014-09-16 00:00:00-04:00,17.97767486220817,17.9984188079834,17.97767486220817,17.9984188079834,1000,0.0,0.0
2014-09-17 00:00:00-04:00,18.102132189412494,18.102132189412494,17.950012589237673,17.97075653076172,1600,0.0,0.0
2014-09-18 00:00:00-04:00,17.998417201108083,18.10213428305576,17.998417201108083,18.012245178222656,2000,0.0,0.0
2014-09-19 00:00:00-04:00,18.005336037153864,18.115967792809084,17.99150673798832,18.03299331665039,2100,0.0,0.0
2014-09-22 00:00:00-04:00,18.005333692810673,18.288827694619812,18.005333692810673,18.17819595336914,12200,0.0,0.0
2014-09-23 00:00:00-04:00,18.254254451207487,18.281913045937344,18.17819595336914,18.17819595336914,1800,0.0,0.0
2014-09-24 00:00:00-04:00,18.192020843847754,18.281909942626953,18.192020843847754,18.281909942626953,1500,0.0,0.0
2014-09-25 00:00:00-04:00,18.178196051450442,18.178196051450442,18.019161768564437,18.081392288208008,3400,0.0,0.0
2014-09-26 00:00:00-04:00,18.261167355430075,18.268082003451994,18.081390463362936,18.219680786132812,3400,0.0,0.0
2014-09-29 00:00:00-04:00,18.15053055049213,18.35796465782134,18.13670125831448,18.351051330566406,6300,0.0,0.0
2014-09-30 00:00:00-04:00,18.19202664922702,18.357974285890478,18.05373761142476,18.18511199951172,7000,0.0,0.0
2014-10-01 00:00:00-04:00,18.16436627817731,18.323399238062894,18.157451629638672,18.157451629638672,3000,0.0,0.0
2014-10-02 00:00:00-04:00,18.288828721384295,18.288828721384295,18.16436767578125,18.16436767578125,500,0.0,0.0
2014-10-03 00:00:00-04:00,18.309571167981478,18.309571167981478,18.178196793446535,18.254255294799805,2100,0.0,0.0
2014-10-06 00:00:00-04:00,18.1643693692004,18.18511199951172,18.1643693692004,18.18511199951172,1300,0.0,0.0
2014-10-07 00:00:00-04:00,18.295739317972785,18.295739317972785,18.233510123303663,18.28882598876953,1500,0.0,0.0
2014-10-08 00:00:00-04:00,18.261165285968662,18.309566497802734,18.261165285968662,18.309566497802734,3000,0.0,0.0
2014-10-09 00:00:00-04:00,18.2127685546875,18.2127685546875,18.192024607869314,18.2127685546875,2000,0.0,0.0
2014-10-10 00:00:00-04:00,18.302654095930443,18.302654095930443,18.185107716126794,18.261167526245117,800,0.0,0.0
2014-10-13 00:00:00-04:00,18.254253728571722,18.254253728571722,18.205852508544922,18.205852508544922,700,0.0,0.0
2014-10-14 00:00:00-04:00,18.274994531264532,18.274994531264532,18.03990180113104,18.240421295166016,5100,0.0,0.0
2014-10-15 00:00:00-04:00,18.281914331058488,18.281914331058488,17.83938601611404,17.908531188964844,11300,0.0,0.0
2014-10-16 00:00:00-04:00,18.046821100077146,18.254255294799805,18.046821100077146,18.254255294799805,1600,0.0,0.0
2014-10-17 00:00:00-04:00,18.185109760637612,18.30957080252073,18.032991442132918,18.102136611938477,12800,0.0,0.0
2014-10-20 00:00:00-04:00,18.032990593611917,18.35797116192172,18.032990593611917,18.157451629638672,22000,0.0,0.0
2014-10-21 00:00:00-04:00,18.413285998329464,18.413285998329464,18.11596404085529,18.171279907226562,6200,0.0,0.0
2014-10-22 00:00:00-04:00,18.10213654577067,18.115965843448116,17.894701037112224,17.96384620666504,12400,0.0,0.0
2014-10-23 00:00:00-04:00,18.1228773701717,18.185107884693668,18.032989581881235,18.171279907226562,2700,0.0,0.0
2014-10-24 00:00:00-04:00,18.067561503800427,18.171279907226562,18.067561503800427,18.171279907226562,700,0.0,0.0
2014-10-27 00:00:00-04:00,18.171279907226562,18.171279907226562,18.171279907226562,18.171279907226562,300,0.0,0.0
2014-10-28 00:00:00-04:00,18.12287737093464,18.357970132731026,17.95692977181383,18.302654266357422,8400,0.0,0.0
2014-10-29 00:00:00-04:00,18.212764342107626,18.219678989447676,18.060646057128906,18.060646057128906,1400,0.0,0.0
2014-10-30 00:00:00-04:00,18.240421013457645,18.357967376708984,18.11596132192748,18.357967376708984,1900,0.0,0.0
2014-10-31 00:00:00-04:00,18.185107716126794,18.274996822418316,18.136706498354872,18.261167526245117,6400,0.0,0.0
2014-11-03 00:00:00-05:00,18.046819290300594,18.41328641881609,18.046819290300594,18.39254379272461,17000,0.0,0.0
2014-11-04 00:00:00-05:00,18.385628089532712,18.613806195287374,18.378713441620842,18.46860122680664,2400,0.0,0.0
2014-11-05 00:00:00-05:00,18.503175395400852,18.551576614379883,18.46860215410561,18.551576614379883,2500,0.0,0.0
2014-11-06 00:00:00-05:00,18.55157763407022,18.55157763407022,18.440945893513167,18.537748336791992,3400,0.0,0.0
2014-11-07 00:00:00-05:00,18.52391547794998,18.5308288059333,18.4824275970459,18.4824275970459,1200,0.0,0.0
2014-11-10 00:00:00-05:00,18.357970419629453,18.551576614379883,18.35105709020471,18.551576614379883,3000,0.0,0.0
2014-11-11 00:00:00-05:00,18.558491940486174,18.586149215698242,18.558491940486174,18.586149215698242,800,0.0,0.0
2014-11-12 00:00:00-05:00,18.537746164214422,18.586147380181334,18.150535117644914,18.226594924926758,5600,0.0,0.0
2014-11-13 00:00:00-05:00,18.281911849242253,18.413286209106445,18.185108092858695,18.413286209106445,2100,0.0,0.0
2014-11-14 00:00:00-05:00,18.344142703961083,18.53774758264253,18.33722805560327,18.364885330200195,4600,0.0,0.0
2014-11-17 00:00:00-05:00,18.434027176116935,18.50317232841197,18.29573687152686,18.357967376708984,1000,0.0,0.0
2014-11-18 00:00:00-05:00,18.406373089341805,18.427115715433285,18.351057221707336,18.39254379272461,4300,0.0,0.0
2014-11-19 00:00:00-05:00,18.295740240392615,18.503175735473633,18.295740240392615,18.503175735473633,3600,0.0,0.0
2014-11-20 00:00:00-05:00,18.392542609045577,18.496259689331055,18.392542609045577,18.496259689331055,1000,0.0,0.0
2014-11-21 00:00:00-05:00,18.5377462576784,18.5377462576784,18.378713313318386,18.496259689331055,3000,0.0,0.0
2014-11-24 00:00:00-05:00,18.530831609814804,18.530831609814804,18.46860109787667,18.496259689331055,1000,0.0,0.0
2014-11-25 00:00:00-05:00,18.53083610534668,18.53083610534668,18.53083610534668,18.53083610534668,200,0.0,0.0
2014-11-26 00:00:00-05:00,18.774773030786253,18.774773030786253,18.563266543263754,18.640819549560547,1500,0.516,0.0
2014-11-28 00:00:00-05:00,18.330608367919922,18.330608367919922,18.330608367919922,18.330608367919922,300,0.0,0.0
2014-12-01 00:00:00-05:00,18.37290680532783,18.59146499633789,18.37290680532783,18.59146499633789,1600,0.0,0.0
2014-12-02 00:00:00-05:00,18.570315838331176,18.61261686438382,18.394059994265564,18.5421142578125,4000,0.0,0.0
2014-12-03 00:00:00-05:00,18.584416184621894,18.605566024780273,18.577365789660654,18.605566024780273,8000,0.0,0.0
2014-12-04 00:00:00-05:00,18.48571045720699,18.78182029724121,18.48571045720699,18.78182029724121,5400,0.0,0.0
2014-12-05 00:00:00-05:00,18.781821216021715,18.788871610739477,18.72541940300492,18.746570587158203,11800,0.0,0.0
2014-12-08 00:00:00-05:00,18.577365636608064,18.619666661301665,18.563264846801758,18.563264846801758,1700,0.0,0.0
2014-12-09 00:00:00-05:00,18.563264846801758,18.563264846801758,18.563264846801758,18.563264846801758,500,0.0,0.0
2014-12-10 00:00:00-05:00,18.41521170937163,18.61261739977929,18.41521170937163,18.450462341308594,2200,0.0,0.0
2014-12-11 00:00:00-05:00,18.528014217011314,18.563264846801758,18.344707983705284,18.563264846801758,2300,0.0,0.0
2014-12-12 00:00:00-05:00,18.436362086560198,18.549165725708008,18.401111453598553,18.549165725708008,800,0.0,0.0
2014-12-15 00:00:00-05:00,18.563262381137015,18.563262381137015,18.46455955505371,18.46455955505371,500,0.0,0.0
2014-12-16 00:00:00-05:00,18.330607632287602,18.563265290754547,18.302406052000524,18.499813079833984,3300,0.0,0.0
2014-12-17 00:00:00-05:00,18.37995534289414,18.471609115600586,18.37290494924556,18.471609115600586,900,0.0,0.0
2014-12-18 00:00:00-05:00,18.513912440315455,18.528013229370117,18.506862045788125,18.528013229370117,1700,0.0,0.0
2014-12-19 00:00:00-05:00,18.556213573370005,18.690168380737305,18.47866057783232,18.690168380737305,4000,0.0,0.0
2014-12-22 00:00:00-05:00,18.556211871322297,18.76771965482697,18.49275967074341,18.612613677978516,2100,0.0,0.0
2014-12-23 00:00:00-05:00,18.506864785030125,18.520965576171875,18.506864785030125,18.520965576171875,700,0.0,0.0
2014-12-24 00:00:00-05:00,18.549161173840215,18.838220596313477,18.549161173840215,18.838220596313477,200,0.0,0.0
2014-12-26 00:00:00-05:00,18.725419998168945,18.725419998168945,18.725419998168945,18.725419998168945,100,0.0,0.0
2014-12-29 00:00:00-05:00,18.57031490599131,18.78887176513672,18.506862697735336,18.78887176513672,1900,0.0,0.0
2014-12-30 00:00:00-05:00,18.67606847580157,18.67606847580157,18.528014217011314,18.563264846801758,1000,0.0,0.0
2014-12-31 00:00:00-05:00,18.59146499633789,18.59146499633789,18.59146499633789,18.59146499633789,100,0.0,0.0
2015-01-02 00:00:00-05:00,18.556217292359637,18.810026168823242,18.556217292359637,18.810026168823242,2100,0.0,0.0
2015-01-05 00:00:00-05:00,18.767717361450195,18.767717361450195,18.767717361450195,18.767717361450195,300,0.0,0.0
2015-01-06 00:00:00-05:00,18.753623188869273,18.753623188869273,18.59851717627569,18.640819549560547,2600,0.0,0.0
2015-01-07 00:00:00-05:00,18.711318969726562,18.71836801934661,18.711318969726562,18.711318969726562,300,0.0,0.0
2015-01-08 00:00:00-05:00,18.626716135102797,18.669017157704584,18.598514556884766,18.598514556884766,3500,0.0,0.0
2015-01-09 00:00:00-05:00,18.612613518448313,18.626714306172794,18.5703125,18.5703125,3400,0.0,0.0
2015-01-12 00:00:00-05:00,18.584412855804196,18.640814660666155,18.584412855804196,18.633764266967773,1300,0.0,0.0
2015-01-13 00:00:00-05:00,18.661969391477527,18.661969391477527,18.640819549560547,18.640819549560547,1400,0.0,0.0
2015-01-14 00:00:00-05:00,18.640819549560547,18.640819549560547,18.640819549560547,18.640819549560547,0,0.0,0.0
2015-01-15 00:00:00-05:00,18.520964503438886,18.520964503438886,18.513914108276367,18.513914108276367,1700,0.0,0.0
2015-01-16 00:00:00-05:00,18.53506203427943,18.73246768521362,18.53506203427943,18.612613677978516,1300,0.0,0.0
2015-01-20 00:00:00-05:00,18.612618029142347,18.612618029142347,18.471614151901203,18.520965576171875,6100,0.0,0.0
2015-01-21 00:00:00-05:00,18.57736500316624,18.640817210405736,18.4716117726755,18.492761611938477,5600,0.0,0.0
2015-01-22 00:00:00-05:00,18.577366027638675,18.661968078806638,18.577366027638675,18.619667053222656,1800,0.0,0.0
2015-01-23 00:00:00-05:00,18.654917836092043,18.661968231201172,18.549164598905822,18.661968231201172,4300,0.0,0.0
2015-01-26 00:00:00-05:00,18.506861681245496,18.87347412109375,18.506861681245496,18.87347412109375,5600,0.0,0.0
2015-01-27 00:00:00-05:00,18.85937051520602,18.965123725785535,18.824119893254526,18.908721923828125,2400,0.0,0.0
2015-01-28 00:00:00-05:00,18.73246955871582,18.739519953343624,18.725419164088013,18.73246955871582,1200,0.0,0.0
2015-01-29 00:00:00-05:00,18.61966447060909,18.78181950012734,18.584413844966054,18.669015884399414,2400,0.0,0.0
2015-01-30 00:00:00-05:00,18.690169659012867,18.718369894493733,18.59146681774179,18.619667053222656,3000,0.0,0.0
2015-02-02 00:00:00-05:00,18.683117152774454,18.69721794128418,18.67606675851959,18.69721794128418,1600,0.0,0.0
2015-02-03 00:00:00-05:00,18.725421157938456,18.725421157938456,18.70427131652832,18.70427131652832,600,0.0,0.0
2015-02-04 00:00:00-05:00,18.654918074046368,18.845274710244894,18.654918074046368,18.676069259643555,1600,0.0,0.0
2015-02-05 00:00:00-05:00,18.69016882166543,18.69016882166543,18.62671661376953,18.62671661376953,3500,0.0,0.0
2015-02-06 00:00:00-05:00,18.683115005493164,18.725416021435418,18.676064612048613,18.683115005493164,1800,0.0,0.0
2015-02-09 00:00:00-05:00,18.73952019244044,18.746570587158203,18.73246979772268,18.746570587158203,3000,0.0,0.0
2015-02-10 00:00:00-05:00,18.71131971955768,18.73246955871582,18.71131971955768,18.73246955871582,600,0.0,0.0
2015-02-11 00:00:00-05:00,18.676068578301336,18.746571182994494,18.676068578301336,18.725419998168945,1100,0.0,0.0
2015-02-12 00:00:00-05:00,18.760672007109118,18.852324452069713,18.72542003233555,18.817073822021484,1900,0.0,0.0
2015-02-13 00:00:00-05:00,18.866425207555256,18.866425207555256,18.711320553010584,18.725419998168945,2400,0.0,0.0
2015-02-17 00:00:00-05:00,18.725422761760196,18.810026168823242,18.725422761760196,18.810026168823242,800,0.0,0.0
2015-02-18 00:00:00-05:00,18.70426956357693,18.746570587158203,18.70426956357693,18.746570587158203,800,0.0,0.0
2015-02-19 00:00:00-05:00,18.831173711936398,18.831173711936398,18.683119448566874,18.75362205505371,1700,0.0,0.0
2015-02-20 00:00:00-05:00,18.542114235593203,18.75362205505371,18.542114235593203,18.75362205505371,1800,0.0,0.0
2015-02-23 00:00:00-05:00,18.84527572968501,18.85937652084592,18.746572881009552,18.802974700927734,1700,0.0,0.0
2015-02-24 00:00:00-05:00,18.802976463019302,18.838227099499576,18.71132400133523,18.76067543029785,2800,0.0,0.0
2015-02-25 00:00:00-05:00,18.84406852722168,18.84406852722168,18.822500458829865,18.84406852722168,2900,0.516,0.0
2015-02-26 00:00:00-05:00,18.851259105854,18.865638732910156,18.851259105854,18.865638732910156,600,0.0,0.0
2015-02-27 00:00:00-05:00,18.851261871119387,18.995055420140382,18.80093454035711,18.923158645629883,6400,0.0,0.0
2015-03-02 00:00:00-05:00,18.973486134912843,18.980675949555653,18.85845184326172,18.85845184326172,3300,0.0,0.0
2015-03-03 00:00:00-05:00,18.83688008530218,18.84406852722168,18.83688008530218,18.84406852722168,600,0.0,0.0
2015-03-04 00:00:00-05:00,18.858448771876617,18.995052485208184,18.822501075834115,18.93034553527832,9900,0.0,0.0
2015-03-05 00:00:00-05:00,19.081329345703125,19.081329345703125,19.052570091107157,19.081329345703125,5800,0.0,0.0
2015-03-06 00:00:00-05:00,18.937537024208208,19.14603614807129,18.90877776777643,19.14603614807129,6500,0.0,0.0
2015-03-09 00:00:00-04:00,18.995049524187635,19.05256665167967,18.894394893905698,19.03818702697754,4200,0.0,0.0
2015-03-10 00:00:00-04:00,19.1604154970705,19.225122451782227,19.1604154970705,19.225122451782227,1500,0.0,0.0
2015-03-11 00:00:00-04:00,19.19636477224987,19.19636477224987,19.05976104736328,19.05976104736328,4900,0.0,0.0
2015-03-12 00:00:00-04:00,19.088516875855742,19.124465942382812,19.002241858824117,19.124465942382812,2700,0.0,0.0
2015-03-13 00:00:00-04:00,19.138845589860022,19.153223845169855,19.074138641357422,19.074138641357422,6600,0.0,0.0
2015-03-16 00:00:00-04:00,19.17479328510961,19.17479328510961,19.074138641357422,19.074138641357422,1100,0.0,0.0
2015-03-17 00:00:00-04:00,19.052569180645346,19.124465942382812,18.923155283781238,19.124465942382812,3700,0.0,0.0
2015-03-18 00:00:00-04:00,19.110085674544056,19.124465300672384,19.05256854134737,19.088516235351562,2400,0.0,0.0
2015-03-19 00:00:00-04:00,18.966292958778112,19.088517043409656,18.951914703357748,19.009431838989258,5700,0.0,0.0
2015-03-20 00:00:00-04:00,18.966293083982535,19.081328727321637,18.966293083982535,18.995052337646484,4300,0.0,0.0
2015-03-23 00:00:00-04:00,18.987861384049314,19.08851602319565,18.987861384049314,19.016620635986328,1900,0.0,0.0
2015-03-24 00:00:00-04:00,19.088518293569905,19.088518293569905,18.923156689213908,19.02381134033203,12400,0.0,0.0
2015-03-25 00:00:00-04:00,18.973482626288558,19.074138641357422,18.973482626288558,19.074138641357422,4100,0.0,0.0
2015-03-26 00:00:00-04:00,18.923158645629883,18.923158645629883,18.923158645629883,18.923158645629883,500,0.0,0.0
2015-03-27 00:00:00-04:00,19.0453796602417,19.088517169420932,18.995052337646484,18.995052337646484,2100,0.0,0.0
2015-03-30 00:00:00-04:00,19.03818870362248,19.03818870362248,19.002241010017823,19.016620635986328,5500,0.0,0.0
2015-03-31 00:00:00-04:00,19.023810962181425,19.06694984436035,18.980673451319245,19.06694984436035,2200,0.0,0.0
2015-04-01 00:00:00-04:00,19.0813249068433,19.0813249068433,18.923151785994516,18.944721221923828,5500,0.0,0.0
2015-04-02 00:00:00-04:00,18.944724145361317,18.944724145361317,18.93753433227539,18.93753433227539,1100,0.0,0.0
2015-04-06 00:00:00-04:00,18.966291303473028,19.016619992660203,18.959102862048567,18.980670928955078,7700,0.0,0.0
2015-04-07 00:00:00-04:00,18.980670928955078,18.980670928955078,18.980670928955078,18.980670928955078,0,0.0,0.0
2015-04-08 00:00:00-04:00,18.951911033900267,18.951911033900267,18.743410600532844,18.944721221923828,6700,0.0,0.0
2015-04-09 00:00:00-04:00,18.90878082779328,18.90878082779328,18.85845349221,18.8872127532959,600,0.0,0.0
2015-04-10 00:00:00-04:00,18.951912817961976,18.959102630615234,18.951912817961976,18.959102630615234,600,0.0,0.0
2015-04-13 00:00:00-04:00,18.95910975913186,18.95910975913186,18.908781051635742,18.908781051635742,2100,0.0,0.0
2015-04-14 00:00:00-04:00,18.951918730799694,19.038193766922788,18.951918730799694,19.031003952026367,4500,0.0,0.0
2015-04-15 00:00:00-04:00,18.98785971183657,19.03818702697754,18.98785971183657,19.03818702697754,1500,0.0,0.0
2015-04-16 00:00:00-04:00,18.987861384049314,19.016620635986328,18.987861384049314,19.016620635986328,800,0.0,0.0
2015-04-17 00:00:00-04:00,19.0597582675782,19.0597582675782,18.930344375646094,19.002241134643555,3300,0.0,0.0
2015-04-20 00:00:00-04:00,19.038188828483978,19.038188828483978,19.002241134643555,19.002241134643555,1600,0.0,0.0
2015-04-21 00:00:00-04:00,19.031001917764737,19.045381546020508,19.002244032570015,19.045381546020508,4000,0.0,0.0
2015-04-22 00:00:00-04:00,18.937534064476147,19.045378516606736,18.937534064476147,19.016620635986328,6200,0.0,0.0
2015-04-23 00:00:00-04:00,19.01662366082579,19.052571360148395,18.99505421844213,19.045381546020508,3100,0.0,0.0
2015-04-24 00:00:00-04:00,18.98786364245178,19.05257059568965,18.98786364245178,19.02381134033203,2400,0.0,0.0
2015-04-27 00:00:00-04:00,19.002241115815572,19.052568435668945,19.002241115815572,19.052568435668945,600,0.0,0.0
2015-04-28 00:00:00-04:00,18.959103608986485,19.066948061717515,18.944723982937916,19.052568435668945,12500,0.0,0.0
2015-04-29 00:00:00-04:00,19.052573396715626,19.052573396715626,18.99505624886124,19.031003952026367,3000,0.0,0.0
2015-04-30 00:00:00-04:00,19.00943587865408,19.031003952026367,19.00943587865408,19.031003952026367,300,0.0,0.0
2015-05-01 00:00:00-04:00,19.038187827167988,19.059757265127764,18.959102630615234,18.959102630615234,3000,0.0,0.0
2015-05-04 00:00:00-04:00,18.92315561800862,18.980672754151147,18.872828295298497,18.894397735595703,6300,0.0,0.0
2015-05-05 00:00:00-04:00,18.887209114753716,18.93034662675526,18.68589843988521,18.772174835205078,11300,0.0,0.0
2015-05-06 00:00:00-04:00,18.664327330438905,18.89439724029462,18.621189822292,18.79374122619629,5000,0.0,0.0
2015-05-07 00:00:00-04:00,18.822503053597774,18.822503053597774,18.77936553955078,18.77936553955078,700,0.0,0.0
2015-05-08 00:00:00-04:00,18.880020141601562,18.880020141601562,18.750606228517302,18.880020141601562,2600,0.0,0.0
2015-05-11 00:00:00-04:00,18.82250414136459,18.85845184326172,18.82250414136459,18.85845184326172,400,0.0,0.0
2015-05-12 00:00:00-04:00,18.880020141601562,18.880020141601562,18.800933556646328,18.880020141601562,1800,0.0,0.0
2015-05-13 00:00:00-04:00,18.901587800550544,18.901587800550544,18.865638732910156,18.865638732910156,1500,0.0,0.0
2015-05-14 00:00:00-04:00,18.815316194634217,18.908781051635742,18.815316194634217,18.908781051635742,5300,0.0,0.0
2015-05-15 00:00:00-04:00,18.966290274783375,19.03818702697754,18.9375323966956,19.03818702697754,6700,0.0,0.0
2015-05-18 00:00:00-04:00,19.045376839328604,19.05256665167967,19.01661896124083,19.03818702697754,3800,0.0,0.0
2015-05-19 00:00:00-04:00,18.966293698635987,19.081329345703125,18.966293698635987,19.081329345703125,4300,0.0,0.0
2015-05-20 00:00:00-04:00,18.880017775265426,19.18198307750945,18.880017775265426,19.124465942382812,9900,0.0,0.0
2015-05-21 00:00:00-04:00,19.146034010982383,19.16041363759321,19.06694880725617,19.124465942382812,7400,0.0,0.0
2015-05-22 00:00:00-04:00,19.17479413412231,19.181983947753906,19.12446681001784,19.181983947753906,1500,0.0,0.0
2015-05-26 00:00:00-04:00,19.181983947753906,19.181983947753906,19.181983947753906,19.181983947753906,0,0.0,0.0
2015-05-27 00:00:00-04:00,19.332969827605275,19.332969827605275,19.26826286315918,19.26826286315918,800,0.0,0.0
2015-05-28 00:00:00-04:00,19.331301716333396,19.42660140991211,19.257993506837114,19.42660140991211,4500,0.516,0.0
2015-05-29 00:00:00-04:00,19.426607615731463,19.426607615731463,19.279991149902344,19.279991149902344,3000,0.0,0.0
2015-06-01 00:00:00-04:00,19.353293200415823,19.42660140991211,19.353293200415823,19.42660140991211,2500,0.0,0.0
2015-06-02 00:00:00-04:00,19.345965401774926,19.345965401774926,19.199350357055664,19.199350357055664,4300,0.0,0.0
2015-06-03 00:00:00-04:00,19.353295334775634,19.353295334775634,19.206680297851562,19.206680297851562,4100,0.0,0.0
2015-06-04 00:00:00-04:00,19.243331909179688,19.35329352615601,19.2140080655925,19.243331909179688,6200,0.0,0.0
2015-06-05 00:00:00-04:00,19.331302196209606,19.345962719882554,19.060062233811486,19.17735481262207,5500,0.0,0.0
2015-06-08 00:00:00-04:00,19.096719574426384,19.29465136628395,19.089390010198876,19.162696838378906,2000,0.0,0.0
2015-06-09 00:00:00-04:00,19.345963749404877,19.345963749404877,19.15536294913514,19.170024871826172,2700,0.0,0.0
2015-06-10 00:00:00-04:00,19.301979133670788,19.301979133670788,19.133371219585595,19.148033142089844,15300,0.0,0.0
2015-06-11 00:00:00-04:00,19.140707045426748,19.345968419701624,19.140707045426748,19.279991149902344,2000,0.0,0.0
2015-06-12 00:00:00-04:00,19.192020416259766,19.192020416259766,19.148036040327455,19.192020416259766,3100,0.0,0.0
2015-06-15 00:00:00-04:00,19.316641925104104,19.316641925104104,19.17002548994208,19.206680297851562,1000,0.0,0.0
2015-06-16 00:00:00-04:00,19.199351317570816,19.36062829430186,19.199351317570816,19.29465103149414,3000,0.0,0.0
2015-06-17 00:00:00-04:00,19.404608527591883,19.609871234533923,19.389948004282864,19.42660140991211,6600,0.0,0.0
2015-06-18 00:00:00-04:00,19.411945480149587,19.477922749237322,19.38995398927916,19.39728355407715,5000,0.0,0.0
2015-06-19 00:00:00-04:00,19.41927146911621,19.41927146911621,19.31664080937352,19.41927146911621,5500,0.0,0.0
2015-06-22 00:00:00-04:00,19.426605557109582,19.426605557109582,19.27998910681729,19.29465103149414,3600,0.0,0.0
2015-06-23 00:00:00-04:00,19.323976311277427,19.499915225708943,19.31664534839634,19.441268920898438,2500,0.0,0.0
2015-06-24 00:00:00-04:00,19.55122215751786,19.558553117245474,19.31663703918457,19.31663703918457,1900,0.0,0.0
2015-06-25 00:00:00-04:00,19.551227704254504,19.551227704254504,19.34596496836048,19.53656578063965,5200,0.0,0.0
2015-06-26 00:00:00-04:00,19.521906133776724,19.521906133776724,19.35329818725586,19.35329818725586,1800,0.0,0.0
2015-06-29 00:00:00-04:00,19.279985142451014,19.455925405920024,19.279985142451014,19.360624313354492,1700,0.0,0.0
2015-06-30 00:00:00-04:00,19.389954949540297,19.42660836829837,19.301984786987305,19.301984786987305,800,0.0,0.0
2015-07-01 00:00:00-04:00,19.316642599485576,19.382619857788086,19.279987790296403,19.382619857788086,1300,0.0,0.0
2015-07-02 00:00:00-04:00,19.39728355407715,19.39728355407715,19.39728355407715,19.39728355407715,200,0.0,0.0
2015-07-06 00:00:00-04:00,19.40460968017578,19.40460968017578,19.36795627236942,19.40460968017578,2800,0.0,0.0
2015-07-07 00:00:00-04:00,19.37528331876789,19.382614278495506,19.096712442068913,19.31663703918457,6400,0.0,0.0
2015-07-08 00:00:00-04:00,19.279987603670676,19.49991226196289,19.279987603670676,19.49991226196289,1900,0.0,0.0
2015-07-09 00:00:00-04:00,19.301984786987305,19.301984786987305,19.301984786987305,19.301984786987305,100,0.0,0.0
2015-07-10 00:00:00-04:00,19.353293312824654,19.463254928588867,19.353293312824654,19.463254928588867,3500,0.0,0.0
2015-07-13 00:00:00-04:00,19.463254928588867,19.463254928588867,19.463254928588867,19.463254928588867,800,0.0,0.0
2015-07-14 00:00:00-04:00,19.463254928588867,19.463254928588867,19.463254928588867,19.463254928588867,200,0.0,0.0
2015-07-15 00:00:00-04:00,19.411942226389346,19.53656578063965,19.411942226389346,19.53656578063965,4800,0.0,0.0
2015-07-16 00:00:00-04:00,19.426600505030883,19.470584869384766,19.426600505030883,19.470584869384766,1600,0.0,0.0
2015-07-17 00:00:00-04:00,19.42660140991211,19.42660140991211,19.42660140991211,19.42660140991211,1400,0.0,0.0
2015-07-20 00:00:00-04:00,19.42660152274673,19.463254928588867,19.42660152274673,19.463254928588867,3600,0.0,0.0
2015-07-21 00:00:00-04:00,19.52923481883222,19.53656578063965,19.52923481883222,19.53656578063965,1600,0.0,0.0
2015-07-22 00:00:00-04:00,19.536568710099072,19.54389967300576,19.529237747192383,19.529237747192383,3200,0.0,0.0
2015-07-23 00:00:00-04:00,19.558558800989232,19.573220724705237,19.52190399169922,19.52190399169922,12100,0.0,0.0
2015-07-24 00:00:00-04:00,19.507243946556436,19.57322120666504,19.492582022479404,19.57322120666504,2700,0.0,0.0
2015-07-27 00:00:00-04:00,19.47791862487793,19.47791862487793,19.47791862487793,19.47791862487793,100,0.0,0.0
2015-07-28 00:00:00-04:00,19.565886981774895,19.573217942590883,19.360624273640642,19.463254928588867,2200,0.0,0.0
2015-07-29 00:00:00-04:00,19.46325481554135,19.46325481554135,19.42660140991211,19.42660140991211,700,0.0,0.0
2015-07-30 00:00:00-04:00,19.404612232040414,19.404612232040414,19.389951705932617,19.389951705932617,800,0.0,0.0
2015-07-31 00:00:00-04:00,19.397280302774487,19.53656578063965,19.397280302774487,19.53656578063965,2000,0.0,0.0
2015-08-03 00:00:00-04:00,19.52190385702479,19.53656578063965,19.52190385702479,19.53656578063965,400,0.0,0.0
2015-08-04 00:00:00-04:00,19.294646912466355,19.42660140991211,19.294646912466355,19.42660140991211,1000,0.0,0.0
2015-08-05 00:00:00-04:00,19.42660140991211,19.42660140991211,19.42660140991211,19.42660140991211,0,0.0,0.0
2015-08-06 00:00:00-04:00,19.360625467422217,19.42660272059648,19.338632583618164,19.338632583618164,1000,0.0,0.0
2015-08-07 00:00:00-04:00,19.353297331963436,19.353297331963436,19.29465103149414,19.29465103149414,300,0.0,0.0
2015-08-10 00:00:00-04:00,19.35329730143819,19.35329730143819,19.323974850368838,19.345966339111328,2500,0.0,0.0
2015-08-11 00:00:00-04:00,19.33863127886901,19.42660140991211,19.33863127886901,19.42660140991211,900,0.0,0.0
2015-08-12 00:00:00-04:00,19.40460968017578,19.40460968017578,19.40460968017578,19.40460968017578,500,0.0,0.0
2015-08-13 00:00:00-04:00,19.353298050974722,19.36795997619629,19.353298050974722,19.36795997619629,2700,0.0,0.0
2015-08-14 00:00:00-04:00,19.42660140991211,19.42660140991211,19.42660140991211,19.42660140991211,800,0.0,0.0
2015-08-17 00:00:00-04:00,19.42660552646871,19.42660552646871,19.345966339111328,19.345966339111328,8200,0.0,0.0
2015-08-18 00:00:00-04:00,19.345966339111328,19.345966339111328,19.345966339111328,19.345966339111328,0,0.0,0.0
2015-08-19 00:00:00-04:00,19.42660552646871,19.42660552646871,19.345966339111328,19.345966339111328,3100,0.0,0.0
2015-08-20 00:00:00-04:00,19.345966339111328,19.345966339111328,19.345966339111328,19.345966339111328,0,0.0,0.0
2015-08-21 00:00:00-04:00,19.375286235016542,19.375286235016542,19.360624313354492,19.360624313354492,1000,0.0,0.0
2015-08-24 00:00:00-04:00,19.360625021089163,19.426602272742414,18.891454696655273,18.891454696655273,10600,0.0,0.0
2015-08-25 00:00:00-04:00,19.060065399341102,19.389951705932617,19.060065399341102,19.389951705932617,400,0.0,0.0
2015-08-26 00:00:00-04:00,19.162692737552735,19.243331909179688,19.148032213996963,19.243331909179688,800,0.0,0.0
2015-08-27 00:00:00-04:00,19.243332906578267,19.338632606700457,19.243332906578267,19.287317276000977,3200,0.0,0.0
2015-08-28 00:00:00-04:00,19.471266833722844,19.471266833722844,19.426401138305664,19.426401138305664,1000,0.516,0.0
2015-08-31 00:00:00-04:00,19.306764602661133,19.306764602661133,19.306764602661133,19.306764602661133,100,0.0,0.0
2015-09-01 00:00:00-04:00,19.448835372924805,19.463790605797,19.448835372924805,19.448835372924805,700,0.0,0.0
2015-09-02 00:00:00-04:00,19.389011114545795,19.680630953017232,19.389011114545795,19.620811462402344,4400,0.0,0.0
2015-09-03 00:00:00-04:00,19.463790222485006,19.463790222485006,19.40397071838379,19.40397071838379,1500,0.0,0.0
2015-09-04 00:00:00-04:00,19.50117687771971,19.50117687771971,19.40397071838379,19.40397071838379,300,0.0,0.0
2015-09-08 00:00:00-04:00,19.41892394731349,19.47874344963592,19.351626828924577,19.374059677124023,15000,0.0,0.0
2015-09-09 00:00:00-04:00,19.366579764924733,19.366579764924733,19.32171550005445,19.329193115234375,800,0.0,0.0
2015-09-10 00:00:00-04:00,19.329194733565096,19.329194733565096,19.314239501953125,19.314239501953125,6300,0.0,0.0
2015-09-11 00:00:00-04:00,19.3067602696946,19.329193115234375,19.3067602696946,19.329193115234375,500,0.0,0.0
2015-09-14 00:00:00-04:00,19.50117327167787,19.50117327167787,19.306759562746386,19.366579055786133,3100,0.0,0.0
2015-09-15 00:00:00-04:00,19.32171659801395,19.359103249828813,19.306761366804267,19.336671829223633,4100,0.0,0.0
2015-09-16 00:00:00-04:00,19.329193115234375,19.381534995284586,19.329193115234375,19.329193115234375,6500,0.0,0.0
2015-09-17 00:00:00-04:00,19.336671829223633,19.426400364063042,19.32919421361879,19.336671829223633,2300,0.0,0.0
2015-09-18 00:00:00-04:00,19.336670022370868,19.389011900504496,19.336670022370868,19.366579055786133,8700,0.0,0.0
2015-09-21 00:00:00-04:00,19.374059677124023,19.374059677124023,19.374059677124023,19.374059677124023,700,0.0,0.0
2015-09-22 00:00:00-04:00,19.35910539392651,19.38901585965858,19.291808272238857,19.299285888671875,6200,0.0,0.0
2015-09-23 00:00:00-04:00,19.29928226454178,19.38153460364965,19.28432846069336,19.28432846069336,1800,0.0,0.0
2015-09-24 00:00:00-04:00,19.261894909416863,19.38153389307337,19.17964257332457,19.321714401245117,2000,0.0,0.0
2015-09-25 00:00:00-04:00,19.32919324428221,19.32919324428221,19.26189613342285,19.26189613342285,9200,0.0,0.0
2015-09-28 00:00:00-04:00,19.276851201943586,19.276851201943586,19.074959871061537,19.179643630981445,8800,0.0,0.0
2015-09-29 00:00:00-04:00,19.067481039560622,19.254417128183764,19.067481039560622,19.23946189880371,6200,0.0,0.0
2015-09-30 00:00:00-04:00,19.14225792019817,19.254419300786125,19.067483191069755,19.104869842529297,6500,0.0,0.0
2015-10-01 00:00:00-04:00,19.23946189880371,19.23946189880371,19.23946189880371,19.23946189880371,1100,0.0,0.0
2015-10-02 00:00:00-04:00,19.14225849954915,19.17216753638013,19.104870420748707,19.134780883789062,3600,0.0,0.0
2015-10-05 00:00:00-04:00,19.246940741275463,19.246940741275463,19.11234652068743,19.179643630981445,6500,0.0,0.0
2015-10-06 00:00:00-04:00,19.142257430308003,19.276851654052734,19.142257430308003,19.276851654052734,1300,0.0,0.0
2015-10-07 00:00:00-04:00,19.269371032714844,19.269371032714844,19.269371032714844,19.269371032714844,200,0.0,0.0
2015-10-08 00:00:00-04:00,19.134779012535272,19.344147954714746,19.134779012535272,19.28432846069336,3600,0.0,0.0
2015-10-09 00:00:00-04:00,19.284329269395144,19.291805458528252,19.209554542180367,19.276851654052734,1900,0.0,0.0
2015-10-12 00:00:00-04:00,19.254417937175702,19.254417937175702,19.1572117945395,19.231985092163086,4500,0.0,0.0
2015-10-13 00:00:00-04:00,19.36658330465778,19.516132783171706,19.36658330465778,19.463790893554688,6800,0.0,0.0
2015-10-14 00:00:00-04:00,19.523606154959953,19.53108376988084,19.284328182328327,19.516128540039062,1500,0.0,0.0
2015-10-15 00:00:00-04:00,19.55351612837344,19.560993743653782,19.306760528959366,19.441354751586914,4700,0.0,0.0
2015-10-16 00:00:00-04:00,19.448834139262214,19.50865364074707,19.381537021815575,19.50865364074707,1000,0.0,0.0
2015-10-19 00:00:00-04:00,19.605854856734815,19.605854856734815,19.501171112060547,19.501171112060547,1300,0.0,0.0
2015-10-20 00:00:00-04:00,19.426400582693596,19.546039581298828,19.426400582693596,19.546039581298828,1100,0.0,0.0
2015-10-21 00:00:00-04:00,19.486217688830155,19.486217688830155,19.471263885498047,19.471263885498047,200,0.0,0.0
2015-10-22 00:00:00-04:00,19.471263885498047,19.471263885498047,19.471263885498047,19.471263885498047,1000,0.0,0.0
2015-10-23 00:00:00-04:00,19.613337121315016,19.613337121315016,19.493698120117188,19.493698120117188,400,0.0,0.0
2015-10-26 00:00:00-04:00,19.478741692182957,19.478741692182957,19.456310272216797,19.456310272216797,600,0.0,0.0
2015-10-27 00:00:00-04:00,19.44883252830021,19.508652024830166,19.217032157522777,19.276851654052734,3800,0.0,0.0
2015-10-28 00:00:00-04:00,19.261899665344824,19.396493911743164,19.261899665344824,19.396493911743164,1000,0.0,0.0
2015-10-29 00:00:00-04:00,19.276854465582325,19.299285888671875,19.276854465582325,19.299285888671875,600,0.0,0.0
2015-10-30 00:00:00-04:00,19.299285888671875,19.299285888671875,19.299285888671875,19.299285888671875,0,0.0,0.0
2015-11-02 00:00:00-05:00,19.321717790868078,19.374059677124023,19.321717790868078,19.374059677124023,5000,0.0,0.0
2015-11-03 00:00:00-05:00,19.418924524751986,19.43387975732966,19.40397071838379,19.40397071838379,4500,0.0,0.0
2015-11-04 00:00:00-05:00,19.403966778771412,19.486217688830155,19.30675921296219,19.471263885498047,5200,0.0,0.0
2015-11-05 00:00:00-05:00,19.381534576416016,19.49369594927236,19.336670312515324,19.381534576416016,3600,0.0,0.0
2015-11-06 00:00:00-05:00,19.441355560537772,19.441355560537772,19.32171656349275,19.43387794494629,3800,0.0,0.0
2015-11-09 00:00:00-05:00,19.344147954714746,19.501173591692424,19.24694038554922,19.28432846069336,39400,0.0,0.0
2015-11-10 00:00:00-05:00,19.35162640548643,19.433878754208525,19.35162640548643,19.426401138305664,1800,0.0,0.0
2015-11-11 00:00:00-05:00,19.336672599890107,19.426401138305664,19.329194983987243,19.426401138305664,3600,0.0,0.0
2015-11-12 00:00:00-05:00,19.4189227484582,19.4189227484582,19.25441948377972,19.336671829223633,5300,0.0,0.0
2015-11-13 00:00:00-05:00,19.291805267333984,19.291805267333984,19.26189623247007,19.291805267333984,9300,0.0,0.0
2015-11-16 00:00:00-05:00,19.314241121537908,19.381538243225563,19.23198876698422,19.299285888671875,4700,0.0,0.0
2015-11-17 00:00:00-05:00,19.276850138926225,19.366578663564013,19.239462065152825,19.321714401245117,2700,0.0,0.0
2015-11-18 00:00:00-05:00,19.246941131478344,19.381535354795073,19.179644019819982,19.22450828552246,16200,0.0,0.0
2015-11-19 00:00:00-05:00,19.231986446431385,19.396491135689445,19.231986446431385,19.351625442504883,26700,0.0,0.0
2015-11-20 00:00:00-05:00,19.38901367760674,19.43387794494629,19.359103215240815,19.43387794494629,6900,0.0,0.0
2015-11-23 00:00:00-05:00,19.389014233803604,19.456311349848093,19.30676188614714,19.314239501953125,5300,0.0,0.0
2015-11-24 00:00:00-05:00,19.359102440239234,19.396490516699888,19.321715789987863,19.344148635864258,4100,0.0,0.0
2015-11-25 00:00:00-05:00,19.366582307310445,19.52360939428438,19.359104691148882,19.486221313476562,12400,0.0,0.0
2015-11-27 00:00:00-05:00,19.506053371835442,19.544196703987918,19.42213949611935,19.475540161132812,2600,0.516,0.0
2015-11-30 00:00:00-05:00,19.42976553226407,19.52893672741595,19.4221368668663,19.46790885925293,6500,0.0,0.0
2015-12-01 00:00:00-05:00,19.452654161841327,19.536568037557423,19.44502549541083,19.475540161132812,9300,0.0,0.0
2015-12-02 00:00:00-05:00,19.50605655876355,19.53657122947106,19.452657340044993,19.51368522644043,15900,0.0,0.0
2015-12-03 00:00:00-05:00,19.452651528457388,19.52893672741595,19.36110899870328,19.46790885925293,7800,0.0,0.0
2015-12-04 00:00:00-05:00,19.39925739845169,19.50605583190918,19.37637139627386,19.50605583190918,20200,0.0,0.0
2015-12-07 00:00:00-05:00,19.42976553226407,19.513679396620407,19.4221368668663,19.46790885925293,4600,0.0,0.0
2015-12-08 00:00:00-05:00,19.42976979102669,19.513683673775898,19.383999243626878,19.452655792236328,14800,0.0,0.0
2015-12-09 00:00:00-05:00,19.39925739845169,19.53657050147962,19.384000063666473,19.50605583190918,11200,0.0,0.0
2015-12-10 00:00:00-05:00,19.50605601038038,19.55182656013529,19.44502812570065,19.483171463012695,7200,0.0,0.0
2015-12-11 00:00:00-05:00,19.45265642319306,19.48317109246234,19.3839998723567,19.414514541625977,7300,0.0,0.0
2015-12-14 00:00:00-05:00,19.414509656487677,19.46790885925293,19.300081130540256,19.46790885925293,13700,0.0,0.0
2015-12-15 00:00:00-05:00,19.42977079077583,19.49079867545556,19.353487026190827,19.483171463012695,2300,0.0,0.0
2015-12-16 00:00:00-05:00,19.32297136208731,19.49842633963614,19.300085360877667,19.452655792236328,12600,0.0,0.0
2015-12-17 00:00:00-05:00,19.353485306330114,19.445026397705078,19.353485306330114,19.445026397705078,700,0.0,0.0
2015-12-18 00:00:00-05:00,19.39162608083715,19.39925474718716,19.3458555377564,19.36874008178711,5700,0.0,0.0
2015-12-21 00:00:00-05:00,19.41450926835673,19.429765143828135,19.353481401413767,19.39925193786621,2100,0.0,0.0
2015-12-22 00:00:00-05:00,19.429767505516832,19.46028217020693,19.383996963500977,19.383996963500977,1900,0.0,0.0
2015-12-23 00:00:00-05:00,19.467912497395872,19.498425709670087,19.414513284651434,19.49079704284668,8900,0.0,0.0
2015-12-24 00:00:00-05:00,19.50605583190918,19.50605583190918,19.50605583190918,19.50605583190918,100,0.0,0.0
2015-12-28 00:00:00-05:00,19.460284556856802,19.49842643737793,19.445027222640558,19.49842643737793,1100,0.0,0.0
2015-12-29 00:00:00-05:00,19.42976979102669,19.52894100791566,19.307714027947547,19.452655792236328,7600,0.0,0.0
2015-12-30 00:00:00-05:00,19.45265588974868,19.567082986331542,19.43739855553244,19.49842643737793,7500,0.0,0.0
2015-12-31 00:00:00-05:00,19.49842708170675,19.589969635009766,19.460285199925217,19.589969635009766,5800,0.0,0.0
2016-01-04 00:00:00-05:00,19.338224457529115,19.46790885925293,19.338224457529115,19.46790885925293,2400,0.0,0.0
2016-01-05 00:00:00-05:00,19.445028031084462,19.45265669850975,19.39162881412697,19.422142028808594,4600,0.0,0.0
2016-01-06 00:00:00-05:00,19.39162881412697,19.42977069623388,19.39162881412697,19.422142028808594,2800,0.0,0.0
2016-01-07 00:00:00-05:00,19.39162455634275,19.44502376157547,19.36110989334164,19.437395095825195,6200,0.0,0.0
2016-01-08 00:00:00-05:00,19.46028536593504,19.50605591546724,19.39925748155226,19.422142028808594,51600,0.0,0.0
2016-01-11 00:00:00-05:00,19.414513814126185,19.506054908464765,19.383999146000352,19.406885147094727,53600,0.0,0.0
2016-01-12 00:00:00-05:00,19.483166190048472,19.52893672741595,19.414509656487677,19.46790885925293,44100,0.0,0.0
2016-01-13 00:00:00-05:00,19.513683673775898,19.544198342055417,19.452655792236328,19.452655792236328,26000,0.0,0.0
2016-01-14 00:00:00-05:00,19.51368449930179,19.521313166694398,19.452656615180437,19.50605583190918,2400,0.0,0.0
2016-01-15 00:00:00-05:00,19.46791232178831,19.528940200805664,19.45265498827912,19.528940200805664,2500,0.0,0.0
2016-01-19 00:00:00-05:00,19.528936942627936,19.559450149536133,19.467909073792377,19.559450149536133,5400,0.0,0.0
2016-01-20 00:00:00-05:00,19.475541087671576,19.58233951274069,19.376369874376476,19.574710845947266,13800,0.0,0.0
2016-01-21 00:00:00-05:00,19.559453236387938,19.559453236387938,19.399255601044565,19.55182456970215,9100,0.0,0.0
2016-01-22 00:00:00-05:00,19.498425157436316,19.513682490651014,19.36111206854278,19.460283279418945,14300,0.0,0.0
2016-01-25 00:00:00-05:00,19.460284361295475,19.460284361295475,19.315342597736688,19.406885147094727,6900,0.0,0.0
2016-01-26 00:00:00-05:00,19.41451481640284,19.45265669850975,19.368742811851103,19.422142028808594,8800,0.0,0.0
2016-01-27 00:00:00-05:00,19.39162327262095,19.445022474318655,19.39162327262095,19.39925193786621,7300,0.0,0.0
2016-01-28 00:00:00-05:00,19.445022863059616,19.506050731222636,19.399252325692135,19.46790885925293,10200,0.0,0.0
2016-01-29 00:00:00-05:00,19.429766430074917,19.521308964059024,19.422137764324642,19.437395095825195,11200,0.0,0.0
2016-02-01 00:00:00-05:00,19.437397730920594,19.483169731627488,19.40688451880208,19.445026397705078,6700,0.0,0.0
2016-02-02 00:00:00-05:00,19.422140496455423,19.521311710140314,19.353485405083585,19.49079704284668,29700,0.0,0.0
2016-02-03 00:00:00-05:00,19.46028673230394,19.52131462097168,19.40688751159712,19.52131462097168,13000,0.0,0.0
2016-02-04 00:00:00-05:00,19.52894100791566,19.52894100791566,19.42214112395681,19.452655792236328,6100,0.0,0.0
2016-02-05 00:00:00-05:00,19.48317109246234,19.48317109246234,19.39925720699134,19.414514541625977,7200,0.0,0.0
2016-02-08 00:00:00-05:00,19.37636594213043,19.41450926835673,19.37636594213043,19.39925193786621,4300,0.0,0.0
2016-02-09 00:00:00-05:00,19.361113144905975,19.467913028326933,19.34585726586252,19.406885147094727,12000,0.0,0.0
2016-02-10 00:00:00-05:00,19.49842643737793,19.51368377159417,19.07885993156761,19.49842643737793,29800,0.0,0.0
2016-02-11 00:00:00-05:00,19.399259932498452,19.45265915620252,19.231432137977418,19.338232040405273,32300,0.0,0.0
2016-02-12 00:00:00-05:00,19.338227147838147,19.46791156760349,19.338227147838147,19.391626358032227,9000,0.0,0.0
2016-02-16 00:00:00-05:00,19.45265588974868,19.49842643737793,19.43739855553244,19.49842643737793,7800,0.0,0.0
2016-02-17 00:00:00-05:00,19.467911946026295,19.490796490828966,19.41451273479423,19.460283279418945,1800,0.0,0.0
2016-02-18 00:00:00-05:00,24.907027465399356,24.907027465399356,19.391626660993353,19.54419708251953,7200,0.0,0.0
2016-02-19 00:00:00-05:00,19.544197358035756,19.574710569759514,19.45265481282569,19.55182456970215,3300,0.0,0.0
2016-02-22 00:00:00-05:00,19.467909758826302,19.658622037525575,19.437395095825195,19.437395095825195,14400,0.0,0.0
2016-02-23 00:00:00-05:00,19.57471155531547,19.57471155531547,19.452655792236328,19.452655792236328,6200,0.0,0.0
2016-02-24 00:00:00-05:00,19.536568691349967,19.574710569759514,19.460283479511478,19.55182456970215,3600,0.0,0.0
2016-02-25 00:00:00-05:00,19.475537739274216,19.574707480499814,19.467909073792377,19.559450149536133,11300,0.0,0.0
2016-02-26 00:00:00-05:00,19.60305068388811,19.64976126997309,19.57969464839424,19.610836029052734,6000,0.516,0.0
2016-02-29 00:00:00-05:00,19.618622656497116,19.673118591308594,19.61083731082364,19.673118591308594,5900,0.0,0.0
2016-03-01 00:00:00-05:00,19.62640316332915,19.68090057373047,19.62640316332915,19.68090057373047,3100,0.0,0.0
2016-03-02 00:00:00-05:00,19.587478637695312,19.641974565172656,19.579693293069596,19.587478637695312,13300,0.0,0.0
2016-03-03 00:00:00-05:00,19.587482098230318,19.727615356445312,19.57969675222916,19.727615356445312,3300,0.0,0.0
2016-03-04 00:00:00-05:00,19.65754518698978,19.704255769681172,19.603049259699382,19.62640380859375,1200,0.0,0.0
2016-03-07 00:00:00-05:00,19.70425813797137,19.70425813797137,19.634191513061523,19.634191513061523,6100,0.0,0.0
2016-03-08 00:00:00-05:00,19.657547899961642,19.68090393698207,19.657547899961642,19.673118591308594,4200,0.0,0.0
2016-03-09 00:00:00-05:00,19.657546926431976,19.69647216796875,19.657546926431976,19.69647216796875,2300,0.0,0.0
2016-03-10 00:00:00-05:00,19.704258416562215,19.73539979914148,19.6964730709174,19.71204376220703,7400,0.0,0.0
2016-03-11 00:00:00-05:00,19.735403060913086,19.76654296373615,19.704261673186924,19.735403060913086,4200,0.0,0.0
2016-03-14 00:00:00-04:00,19.743181777579974,19.766536325628444,19.712040400311885,19.719825744628906,1500,0.0,0.0
2016-03-15 00:00:00-04:00,19.76653816791861,19.77432351296125,19.657546307127177,19.758752822875977,15500,0.0,0.0
2016-03-16 00:00:00-04:00,19.70425641172291,19.743183135986328,19.70425641172291,19.743183135986328,2400,0.0,0.0
2016-03-17 00:00:00-04:00,19.704258416562215,19.743185144786295,19.704258416562215,19.71204376220703,4800,0.0,0.0
2016-03-18 00:00:00-04:00,19.69647133263343,19.719827367506625,19.579694128072898,19.64197540283203,12400,0.0,0.0
2016-03-21 00:00:00-04:00,19.657544474995323,19.77432166994547,19.657544474995323,19.719825744628906,4500,0.0,0.0
2016-03-22 00:00:00-04:00,19.719826747164902,19.789893364677624,19.68868685321629,19.704256057739258,3400,0.0,0.0
2016-03-23 00:00:00-04:00,19.735397791133643,19.743183135986328,19.735397791133643,19.743183135986328,400,0.0,0.0
2016-03-24 00:00:00-04:00,19.782111293550496,19.805467331553967,19.727615356445312,19.727615356445312,700,0.0,0.0
2016-03-28 00:00:00-04:00,19.673118518885804,19.77432504246271,19.665333173240988,19.71204376220703,8200,0.0,0.0
2016-03-29 00:00:00-04:00,19.74318184357223,19.74318184357223,19.68090057373047,19.68090057373047,2100,0.0,0.0
2016-03-30 00:00:00-04:00,19.750969584984126,19.750969584984126,19.68090296229571,19.69647216796875,5400,0.0,0.0
2016-03-31 00:00:00-04:00,19.735397436590546,19.735397436590546,19.704256057739258,19.704256057739258,200,0.0,0.0
2016-04-01 00:00:00-04:00,19.704253760301036,19.704253760301036,19.657543182373047,19.657543182373047,2900,0.0,0.0
2016-04-04 00:00:00-04:00,19.696468416495954,19.696468416495954,19.657543182373047,19.657543182373047,3100,0.0,0.0
2016-04-05 00:00:00-04:00,19.649762103199947,19.665332794189453,19.649762103199947,19.665332794189453,2600,0.0,0.0
2016-04-06 00:00:00-04:00,19.69647216796875,19.69647216796875,19.69647216796875,19.69647216796875,1500,0.0,0.0
2016-04-07 00:00:00-04:00,19.665332794189453,19.77432466131034,19.665332794189453,19.665332794189453,4200,0.0,0.0
2016-04-08 00:00:00-04:00,19.665335707945005,19.665335707945005,19.634194321351867,19.649765014648438,2800,0.0,0.0
2016-04-11 00:00:00-04:00,19.6575458275095,19.743183135986328,19.6575458275095,19.743183135986328,900,0.0,0.0
2016-04-12 00:00:00-04:00,19.805465346098583,19.813250691319276,19.766538619995117,19.766538619995117,3300,0.0,0.0
2016-04-13 00:00:00-04:00,19.712044664443,19.813252677555123,19.712044664443,19.727615356445312,8800,0.0,0.0
2016-04-14 00:00:00-04:00,19.71204140245208,19.75096812601619,19.704256057739258,19.704256057739258,3800,0.0,0.0
2016-04-15 00:00:00-04:00,19.758752340789,19.758752340789,19.743183135986328,19.743183135986328,1800,0.0,0.0
2016-04-18 00:00:00-04:00,19.7509705631405,19.7509705631405,19.665333245635118,19.673118591308594,11000,0.0,0.0
2016-04-19 00:00:00-04:00,19.696471066870224,19.743183135986328,19.696471066870224,19.743183135986328,2100,0.0,0.0
2016-04-20 00:00:00-04:00,19.750967025756836,19.774321573691626,19.750967025756836,19.750967025756836,6200,0.0,0.0
2016-04-21 00:00:00-04:00,19.77432351296125,19.77432351296125,19.758752822875977,19.758752822875977,1000,0.0,0.0
2016-04-22 00:00:00-04:00,19.77432351296125,19.77432351296125,19.750968962736074,19.758752822875977,6300,0.0,0.0
2016-04-25 00:00:00-04:00,19.758752340789,19.766537685641683,19.719827101428276,19.743183135986328,1900,0.0,0.0
2016-04-26 00:00:00-04:00,19.696473972440682,19.743186048447626,19.68090476534129,19.727615356445312,8400,0.0,0.0
2016-04-27 00:00:00-04:00,19.735398272650805,19.758752822875977,19.727612927608167,19.758752822875977,3300,0.0,0.0
2016-04-28 00:00:00-04:00,19.712042688353037,19.766538619995117,19.712042688353037,19.766538619995117,2700,0.0,0.0
2016-04-29 00:00:00-04:00,19.704255892839274,19.774322509765625,19.704255892839274,19.774322509765625,6800,0.0,0.0
2016-05-02 00:00:00-04:00,19.76653806899289,19.813250139014926,19.76653806899289,19.789894104003906,10600,0.0,0.0
2016-05-03 00:00:00-04:00,19.914457563464243,19.914457563464243,19.712043038835574,19.805465698242188,30000,0.0,0.0
2016-05-04 00:00:00-04:00,19.7431835188846,19.789894104003906,19.7431835188846,19.789894104003906,2100,0.0,0.0
2016-05-05 00:00:00-04:00,19.75875272398922,19.789894104003906,19.75875272398922,19.789894104003906,600,0.0,0.0
2016-05-06 00:00:00-04:00,19.766539422141545,19.813251495361328,19.766539422141545,19.813251495361328,4600,0.0,0.0
2016-05-09 00:00:00-04:00,19.805465698242188,19.805465698242188,19.805465698242188,19.805465698242188,100,0.0,0.0
2016-05-10 00:00:00-04:00,19.78210914084659,19.836605072021484,19.78210914084659,19.836605072021484,9900,0.0,0.0
2016-05-11 00:00:00-04:00,19.83660552380936,19.844390869140625,19.83660552380936,19.844390869140625,6300,0.0,0.0
2016-05-12 00:00:00-04:00,19.85217594449303,20.00009453396987,19.85217594449303,19.945598602294922,18000,0.0,0.0
2016-05-13 00:00:00-04:00,19.95338346735467,19.95338346735467,19.92224356978786,19.930028915405273,5200,0.0,0.0
2016-05-16 00:00:00-04:00,19.774325247076224,19.8521772194271,19.774325247076224,19.828821182250977,5900,0.0,0.0
2016-05-17 00:00:00-04:00,19.47848906180037,19.82103535599513,19.47848906180037,19.813251495361328,11800,0.0,0.0
2016-05-18 00:00:00-04:00,19.782110113214806,19.82103535599513,19.782110113214806,19.813251495361328,11700,0.0,0.0
2016-05-19 00:00:00-04:00,19.828820249416744,19.836605594775865,19.79768035288307,19.805465698242188,6800,0.0,0.0
2016-05-20 00:00:00-04:00,19.8054661498247,19.813251495361328,19.8054661498247,19.813251495361328,13900,0.0,0.0
2016-05-23 00:00:00-04:00,19.82882070153176,19.83660604706839,19.813251495361328,19.813251495361328,13200,0.0,0.0
2016-05-24 00:00:00-04:00,19.813251495361328,19.813251495361328,19.813251495361328,19.813251495361328,10300,0.0,0.0
2016-05-25 00:00:00-04:00,19.813251524486592,19.836606076227984,19.813251524486592,19.821035385131836,6000,0.0,0.0
2016-05-26 00:00:00-04:00,19.821034381713584,19.852175762329384,19.821034381713584,19.836605072021484,15100,0.0,0.0
2016-05-27 00:00:00-04:00,19.865212496679714,19.865212496679714,19.83342742919922,19.83342742919922,30300,0.516,0.0
2016-05-31 00:00:00-04:00,19.833428577769844,19.86521364709104,19.833428577769844,19.857267379760742,2700,0.0,0.0
2016-06-01 00:00:00-04:00,19.841371536254883,19.841371536254883,19.841371536254883,19.841371536254883,1400,0.0,0.0
2016-06-02 00:00:00-04:00,19.849319458007812,19.865211991343784,19.849319458007812,19.849319458007812,2300,0.0,0.0
2016-06-03 00:00:00-04:00,19.865211991343784,19.865211991343784,19.849319458007812,19.849319458007812,20800,0.0,0.0
2016-06-06 00:00:00-04:00,19.8572657246758,19.865211991343784,19.849319458007812,19.849319458007812,2000,0.0,0.0
2016-06-07 00:00:00-04:00,19.849319458007812,19.849319458007812,19.849319458007812,19.849319458007812,100,0.0,0.0
2016-06-08 00:00:00-04:00,19.849319458007812,19.865211991343784,19.849319458007812,19.849319458007812,13800,0.0,0.0
2016-06-09 00:00:00-04:00,19.849319458007812,19.87315825801177,19.849319458007812,19.849319458007812,2000,0.0,0.0
2016-06-10 00:00:00-04:00,19.849318702124556,19.873157501220703,19.849318702124556,19.873157501220703,1800,0.0,0.0
2016-06-13 00:00:00-04:00,19.873157501220703,19.873157501220703,19.873157501220703,19.873157501220703,200,0.0,0.0
2016-06-14 00:00:00-04:00,19.849318702124556,19.873157501220703,19.849318702124556,19.873157501220703,5200,0.0,0.0
2016-06-15 00:00:00-04:00,19.801642214826227,19.86521082885475,19.70628853598579,19.730127334594727,140200,0.0,0.0
2016-06-16 00:00:00-04:00,19.34076678814134,19.82547835229386,19.34076678814134,19.801639556884766,189000,0.0,0.0
2016-06-17 00:00:00-04:00,19.825475942515226,19.873152011943304,19.78574462166273,19.817529678344727,95300,0.0,0.0
2016-06-20 00:00:00-04:00,19.865209579467773,19.865209579467773,19.825479766546923,19.865209579467773,103600,0.0,0.0
2016-06-21 00:00:00-04:00,19.769855906624436,19.873155845170988,19.769855906624436,19.865209579467773,123500,0.0,0.0
2016-06-22 00:00:00-04:00,19.865208845577794,20.190998149397654,19.865208845577794,19.984399795532227,190200,0.0,0.0
2016-06-23 00:00:00-04:00,19.94467048549057,20.0320763760038,19.92877795427173,19.968507766723633,130500,0.0,0.0
2016-06-24 00:00:00-04:00,19.9446709805225,20.06386193643176,19.801641227193294,19.904939651489258,101700,0.0,0.0
2016-06-27 00:00:00-04:00,19.86520816238058,19.952615563285487,19.467903999132968,19.801639556884766,92900,0.0,0.0
2016-06-28 00:00:00-04:00,20.063863347203874,20.063863347203874,19.78575008679683,19.873157501220703,65200,0.0,0.0
2016-06-29 00:00:00-04:00,19.944671385508705,20.151269753890947,19.88904903932796,20.000293731689453,88000,0.0,0.0
2016-06-30 00:00:00-04:00,20.095650861852953,20.779013181012953,19.873159923291833,20.26251792907715,144700,0.0,0.0
2016-07-01 00:00:00-04:00,20.26251444625244,20.548573958719427,19.88904903932796,20.000293731689453,83500,0.0,0.0
2016-07-05 00:00:00-04:00,20.16716152317676,20.16716152317676,19.865210983095647,19.881103515625,59300,0.0,0.0
2016-07-06 00:00:00-04:00,19.99234705976716,20.071808202238408,19.896994901277843,19.904939651489258,46200,0.0,0.0
2016-07-07 00:00:00-04:00,19.984401357266997,20.167160929185716,19.93672527667848,20.151269912719727,74200,0.0,0.0
2016-07-08 00:00:00-04:00,20.143323401673246,20.262514359492386,20.119484603871317,20.206892013549805,95400,0.0,0.0
2016-07-11 00:00:00-04:00,20.222782208700952,20.38170296223163,20.03207487951201,20.063859939575195,108600,0.0,0.0
2016-07-12 00:00:00-04:00,20.071811030359555,20.135379650174336,19.912888723024874,19.93672752380371,79900,0.0,0.0
2016-07-13 00:00:00-04:00,20.000291335043908,20.119482279090686,19.93672273051262,20.063859939575195,111200,0.0,0.0
2016-07-14 00:00:00-04:00,20.06386451047321,20.14332566313872,19.960566072924838,19.99234962463379,93700,0.0,0.0
2016-07-15 00:00:00-04:00,20.024131122580478,20.024131122580478,19.984399795532227,19.984399795532227,61600,0.0,0.0
2016-07-18 00:00:00-04:00,20.024131122580478,20.024131122580478,19.912884922440533,19.984399795532227,110800,0.0,0.0
2016-07-19 00:00:00-04:00,19.984404756372566,20.103595735914443,19.944674935057115,20.055919647216797,121900,0.0,0.0
2016-07-20 00:00:00-04:00,20.06386209127431,20.620088577270508,20.008239745793738,20.620088577270508,131000,0.0,0.0
2016-07-21 00:00:00-04:00,20.500898359636523,20.500898359636523,20.349923838325832,20.453222274780273,76900,0.0,0.0
2016-07-22 00:00:00-04:00,20.421435658190457,20.421435658190457,20.326081987194947,20.381704330444336,48000,0.0,0.0
2016-07-25 00:00:00-04:00,20.44527600803833,20.453222274780273,20.381707389698192,20.453222274780273,45400,0.0,0.0
2016-07-26 00:00:00-04:00,20.45322176774754,20.461168034292495,20.206893567235383,20.421438217163086,96500,0.0,0.0
2016-07-27 00:00:00-04:00,20.286354969803938,20.46116828918457,20.286354969803938,20.46116828918457,67000,0.0,0.0
2016-07-28 00:00:00-04:00,20.46116754113816,20.65187338683461,20.34992284338073,20.580358505249023,104300,0.0,0.0
2016-07-29 00:00:00-04:00,20.58035724793064,20.651872125147158,20.540627434186014,20.620088577270508,40000,0.0,0.0
2016-08-01 00:00:00-04:00,20.65982106162234,20.77106576696361,20.62009124274201,20.64392852783203,82400,0.0,0.0
2016-08-02 00:00:00-04:00,20.651874793420046,20.659821060314698,20.421439115856934,20.54857635498047,69300,0.0,0.0
2016-08-03 00:00:00-04:00,20.620090990639742,20.88231173259213,20.572413389851725,20.651874542236328,65900,0.0,0.0
2016-08-04 00:00:00-04:00,20.779009354694104,21.01739278402616,20.659818397825696,20.66776466369629,61800,0.0,0.0
2016-08-05 00:00:00-04:00,20.683658452248356,20.88231056429824,20.580358505249023,20.580358505249023,32300,0.0,0.0
2016-08-08 00:00:00-04:00,20.675713735491065,20.87436586242946,20.628036133797124,20.747228622436523,69300,0.0,0.0
2016-08-09 00:00:00-04:00,20.85052640884,20.858472675540227,20.60419820351462,20.612144470214844,64000,0.0,0.0
2016-08-10 00:00:00-04:00,20.69160397084249,20.755172583777377,20.63598010837859,20.699548721313477,62200,0.0,0.0
2016-08-11 00:00:00-04:00,20.707498553000942,20.77901344431624,20.659822463989258,20.659822463989258,44700,0.0,0.0
2016-08-12 00:00:00-04:00,20.74722497659412,20.74722497659412,20.373758073596974,20.429380416870117,85800,0.0,0.0
2016-08-15 00:00:00-04:00,20.492953103226938,20.53268292036169,20.469114303588867,20.469114303588867,108900,0.0,0.0
2016-08-16 00:00:00-04:00,20.50884237071412,20.643925859279182,20.50884237071412,20.620088577270508,49800,0.0,0.0
2016-08-17 00:00:00-04:00,20.643928667695103,20.8425807946335,20.620091382443587,20.747228622436523,78200,0.0,0.0
2016-08-18 00:00:00-04:00,20.747224556751735,21.001498986909272,20.715439495184466,20.755170822143555,71300,0.0,0.0
2016-08-19 00:00:00-04:00,20.874365464544766,20.898202749341927,20.548576103823283,20.604198455810547,51100,0.0,0.0
2016-08-22 00:00:00-04:00,20.65982005836166,20.842579641288893,20.64392752534311,20.77106475830078,28300,0.0,0.0
2016-08-23 00:00:00-04:00,20.850526053211194,20.929987203262748,20.794903702853716,20.874364852905273,73600,0.0,0.0
2016-08-24 00:00:00-04:00,20.89820228815264,21.319345325555084,20.84257993739287,21.12069320678711,65900,0.0,0.0
2016-08-25 00:00:00-04:00,21.454430519488454,22.725804483021687,21.02534118161284,21.581567764282227,73000,0.0,0.0
2016-08-26 00:00:00-04:00,21.479895833468824,21.57672395051431,21.270099527796702,21.383066177368164,44500,0.414,0.0
2016-08-29 00:00:00-04:00,21.46375593989768,21.496031463847817,21.26202891328032,21.34272003173828,49200,0.0,0.0
2016-08-30 00:00:00-04:00,21.512171934203792,21.584793793455724,21.18133970385842,21.25396156311035,50500,0.0,0.0
2016-08-31 00:00:00-04:00,21.294304340859313,21.399203256096442,21.262028817055242,21.366926193237305,74300,0.0,0.0
2016-09-01 00:00:00-04:00,21.38306454902359,21.455686400805053,21.302373431593622,21.318511962890625,40700,0.0,0.0
2016-09-02 00:00:00-04:00,21.35885804628171,21.35885804628171,21.124855484516377,21.197477340698242,53200,0.0,0.0
2016-09-06 00:00:00-04:00,21.302375910093875,21.302375910093875,21.1652014562194,21.189409255981445,29600,0.0,0.0
2016-09-07 00:00:00-04:00,21.262027192323846,21.463754202613345,21.22975013193115,21.302371978759766,51000,0.0,0.0
2016-09-08 00:00:00-04:00,21.350787493571975,21.350787493571975,21.165199000759504,21.229751586914062,25000,0.0,0.0
2016-09-09 00:00:00-04:00,21.24588971174922,21.24588971174922,20.616500854492188,20.616500854492188,55100,0.0,0.0
2016-09-12 00:00:00-04:00,20.88278282222788,21.011889545728444,20.737540644018242,20.77788543701172,67400,0.0,0.0
2016-09-13 00:00:00-04:00,21.003819370499528,21.003819370499528,20.576157503619356,20.72140121459961,76300,0.0,0.0
2016-09-14 00:00:00-04:00,20.721401387234565,20.842437301041443,20.68105505659551,20.76981544494629,25700,0.0,0.0
2016-09-15 00:00:00-04:00,20.729470922986977,20.850506838368148,20.616502734783406,20.794023513793945,59300,0.0,0.0
2016-09-16 00:00:00-04:00,20.874715518649456,21.011889972289328,20.818230652634615,20.939268112182617,54300,0.0,0.0
2016-09-19 00:00:00-04:00,20.971540447283033,21.221681516767433,20.923126394266212,21.060300827026367,58900,0.0,0.0
2016-09-20 00:00:00-04:00,21.13292710862879,21.13292710862879,20.777887054242175,20.842439651489258,66400,0.0,0.0
2016-09-21 00:00:00-04:00,20.84243744784809,21.003819693430742,20.84243744784809,20.995750427246094,38500,0.0,0.0
2016-09-22 00:00:00-04:00,21.028025060217917,21.12485471126779,20.834367297173262,20.850505828857422,72500,0.0,0.0
2016-09-23 00:00:00-04:00,20.963471005016473,21.092576171341744,20.89891842185384,21.011886596679688,32800,0.0,0.0
2016-09-26 00:00:00-04:00,21.06030330270862,21.06030330270862,20.9069903212356,20.931198120117188,34500,0.0,0.0
2016-09-27 00:00:00-04:00,21.01995758354254,21.302375755833722,20.95540499036643,21.052234649658203,62900,0.0,0.0
2016-09-28 00:00:00-04:00,21.149060731817155,21.544447058355637,21.076440418165575,21.34272003173828,47300,0.0,0.0
2016-09-29 00:00:00-04:00,21.334652705203325,21.342721971688086,21.076442333911853,21.16520118713379,30400,0.0,0.0
2016-09-30 00:00:00-04:00,21.181337185963056,21.181337185963056,21.019954953686085,21.04416275024414,44500,0.0,0.0
2016-10-03 00:00:00-04:00,21.124854751428565,21.34272031241365,21.1006469538563,21.278167724609375,21400,0.0,0.0
2016-10-04 00:00:00-04:00,21.302374275639487,21.31851280757593,21.124855041503906,21.124855041503906,22100,0.0,0.0
2016-10-05 00:00:00-04:00,21.278170277324264,21.278170277324264,21.149063547171853,21.2216854095459,23300,0.0,0.0
2016-10-06 00:00:00-04:00,21.278166175762465,21.487960916563985,21.03609283482574,21.28623390197754,49800,0.0,0.0
2016-10-07 00:00:00-04:00,21.32658202097697,21.48796272277832,21.32658202097697,21.48796272277832,28500,0.0,0.0
2016-10-10 00:00:00-04:00,21.487961191875918,21.487961191875918,21.189406068333565,21.310441970825195,46800,0.0,0.0
2016-10-11 00:00:00-04:00,21.302373096418606,21.302373096418606,20.73753836140614,20.955402374267578,57100,0.0,0.0
2016-10-12 00:00:00-04:00,21.01188586961224,21.05223065554723,20.97153954462232,21.003816604614258,16400,0.0,0.0
2016-10-13 00:00:00-04:00,21.06030541287511,21.06030541287511,20.87471688668652,20.890853881835938,24600,0.0,0.0
2016-10-14 00:00:00-04:00,20.93926465340081,21.044162023419364,20.88277979671623,21.03609275817871,25000,0.0,0.0
2016-10-17 00:00:00-04:00,21.060304185241847,21.23782343398023,20.963474524713032,21.07644271850586,32100,0.0,0.0
2016-10-18 00:00:00-04:00,21.060300553900674,21.149059393437923,21.03609275817871,21.03609275817871,26600,0.0,0.0
2016-10-19 00:00:00-04:00,21.092579712714628,21.116787512610642,21.060304185241847,21.07644271850586,9600,0.0,0.0
2016-10-20 00:00:00-04:00,21.10064897934663,21.10064897934663,21.01189012450506,21.07644271850586,13300,0.0,0.0
2016-10-21 00:00:00-04:00,21.197477058641677,21.2781681798873,20.995750025055187,21.26202964782715,19500,0.0,0.0
2016-10-24 00:00:00-04:00,21.455687763396867,21.50410182130747,21.181338870144863,21.358858108520508,11600,0.0,0.0
2016-10-25 00:00:00-04:00,21.350789526735007,21.350789526735007,21.11678695678711,21.11678695678711,19500,0.0,0.0
2016-10-26 00:00:00-04:00,21.262028576893993,21.262028576893993,21.060301553468157,21.068370819091797,41100,0.0,0.0
2016-10-27 00:00:00-04:00,21.262029192894534,21.415342166075344,21.124854751428565,21.278167724609375,15700,0.0,0.0
2016-10-28 00:00:00-04:00,21.270098082770026,21.439548045615293,21.22168248848132,21.366926193237305,14400,0.0,0.0
2016-10-31 00:00:00-04:00,21.3669266482283,21.3669266482283,21.302374060190502,21.350788116455078,26600,0.0,0.0
2016-11-01 00:00:00-04:00,21.366928621981824,21.366928621981824,21.068373451873853,21.07644271850586,22600,0.0,0.0
2016-11-02 00:00:00-04:00,21.366925320398945,21.366925320398945,20.818227586648444,20.85857391357422,23200,0.0,0.0
2016-11-03 00:00:00-04:00,21.01995697123931,21.028026237533172,20.898921054941738,20.931198120117188,6600,0.0,0.0
2016-11-04 00:00:00-04:00,21.011890628304517,21.23782394319686,20.963475027351635,21.2216854095459,8000,0.0,0.0
2016-11-07 00:00:00-05:00,21.237819772030146,21.237819772030146,21.03609275817871,21.03609275817871,15800,0.0,0.0
2016-11-08 00:00:00-05:00,21.237817655566076,21.237817655566076,20.874709990252136,20.898916244506836,16600,0.0,0.0
2016-11-09 00:00:00-05:00,20.745605110119477,20.858573283041732,20.689121793185826,20.737537384033203,24900,0.0,0.0
2016-11-10 00:00:00-05:00,20.729468604028696,20.76174412629401,19.8741449477005,20.180770874023438,36400,0.0,0.0
2016-11-11 00:00:00-05:00,20.15656290039867,20.414773232465606,20.092010317381934,20.132356643676758,44100,0.0,0.0
2016-11-14 00:00:00-05:00,20.293736598764802,20.293736598764802,20.043595540990896,20.124286651611328,37500,0.0,0.0
2016-11-15 00:00:00-05:00,20.13235947426288,20.52774429321289,20.13235947426288,20.52774429321289,24800,0.0,0.0
2016-11-16 00:00:00-05:00,20.487394960070887,20.76981308625128,20.43898090785724,20.69719123840332,27700,0.0,0.0
2016-11-17 00:00:00-05:00,20.41477627245859,20.810162633750473,20.41477627245859,20.57615852355957,15200,0.0,0.0
2016-11-18 00:00:00-05:00,20.632639493429007,20.632639493429007,20.29373803606451,20.41477394104004,10300,0.0,0.0
2016-11-21 00:00:00-05:00,20.551948097978997,20.6487777440774,20.479326248168945,20.479326248168945,7700,0.0,0.0
2016-11-22 00:00:00-05:00,20.511605318500873,20.576157909202834,20.430914195359634,20.455121994018555,17700,0.0,0.0
2016-11-23 00:00:00-05:00,20.592296169319177,20.592296169319177,20.422844659057972,20.4309139251709,13600,0.0,0.0
2016-11-25 00:00:00-05:00,20.616498043122174,20.777880252941706,20.616498043122174,20.648775100708008,2900,0.0,0.0
2016-11-28 00:00:00-05:00,21.119560254239243,21.168770442052537,20.775085810818855,20.8817081451416,14700,0.414,0.0
2016-11-29 00:00:00-05:00,20.922717091083214,21.127761357090264,20.750479094168217,20.865304946899414,31700,0.0,0.0
2016-11-30 00:00:00-05:00,20.775086424509446,20.939122474550896,20.299383756625694,20.36499786376953,28900,0.0,0.0
2016-12-01 00:00:00-05:00,20.332193657242986,20.561842273386837,20.045131322699298,20.053333282470703,34200,0.0,0.0
2016-12-02 00:00:00-05:00,20.19275988409203,20.406004542825777,20.184557925777103,20.356794357299805,15900,0.0,0.0
2016-12-05 00:00:00-05:00,20.488022801250704,20.635654923919006,20.43061065673828,20.43061065673828,15300,0.0,0.0
2016-12-06 00:00:00-05:00,20.578245656050978,20.578245656050978,20.479823705725785,20.488025665283203,2900,0.0,0.0
2016-12-07 00:00:00-05:00,20.57004082702202,20.594646702261816,20.545434951782227,20.545434951782227,8200,0.0,0.0
2016-12-08 00:00:00-05:00,20.5864476156084,20.5864476156084,20.488025665283203,20.488025665283203,13800,0.0,0.0
2016-12-09 00:00:00-05:00,20.58644437593248,20.58644437593248,20.42240833932601,20.438812255859375,16200,0.0,0.0
2016-12-12 00:00:00-05:00,20.570040459399117,20.570040459399117,20.430610297592693,20.438812255859375,3800,0.0,0.0
2016-12-13 00:00:00-05:00,20.561839101355872,20.561839101355872,20.422408935479325,20.504426956176758,13400,0.0,0.0
2016-12-14 00:00:00-05:00,20.5454351890126,20.734077105968655,20.53723479486826,20.619251251220703,16100,0.0,0.0
2016-12-15 00:00:00-05:00,20.619251246534986,20.619251246534986,20.504426956176758,20.504426956176758,10500,0.0,0.0
2016-12-16 00:00:00-05:00,20.602848172243586,20.602848172243586,20.504426237981303,20.520830154418945,22000,0.0,0.0
2016-12-19 00:00:00-05:00,20.586445808386735,20.586445808386735,20.512629743213886,20.529033660888672,7700,0.0,0.0
2016-12-20 00:00:00-05:00,20.545439470560286,20.586449271646334,20.49622927362098,20.53723907470703,6600,0.0,0.0
2016-12-21 00:00:00-05:00,20.594649907985815,20.635658142071794,20.529035794829937,20.60285186767578,11400,0.0,0.0
2016-12-22 00:00:00-05:00,20.60285258938815,20.627456904956077,20.545438869547198,20.586448669433594,8400,0.0,0.0
2016-12-23 00:00:00-05:00,20.701270229078578,20.701270229078578,20.57004201561086,20.676664352416992,4000,0.0,0.0
2016-12-27 00:00:00-05:00,20.693070295537705,20.693070295537705,20.529035794829937,20.60285186767578,10100,0.0,0.0
2016-12-28 00:00:00-05:00,20.684866311304187,20.742280023514553,20.64385808123191,20.676664352416992,28900,0.0,0.0
2016-12-29 00:00:00-05:00,20.660262466177787,20.750480887249555,20.660262466177787,20.70947265625,4100,0.0,0.0
2016-12-30 00:00:00-05:00,20.78329122397545,20.78329122397545,20.652062991752338,20.775089263916016,18400,0.0,0.0
2017-01-03 00:00:00-05:00,20.783285858633118,20.898110141094712,20.734075675344364,20.766881942749023,7600,0.0,0.0
2017-01-04 00:00:00-05:00,20.86530579211295,20.914515979926243,20.766883852122692,20.8817081451416,4800,0.0,0.0
2017-01-05 00:00:00-05:00,20.955525507731693,20.955525507731693,20.84890316680118,20.939123153686523,12000,0.0,0.0
2017-01-06 00:00:00-05:00,20.947326194835647,20.955526590099907,20.865308162918474,20.914518356323242,17200,0.0,0.0
2017-01-09 00:00:00-05:00,20.9555244438416,20.9555244438416,20.840700149536133,20.840700149536133,7100,0.0,0.0
2017-01-10 00:00:00-05:00,20.90631282206808,20.90631282206808,20.750478744506836,20.750478744506836,4800,0.0,0.0
2017-01-11 00:00:00-05:00,20.873508942131735,20.873508942131735,20.75048111903138,20.783288955688477,13500,0.0,0.0
2017-01-12 00:00:00-05:00,20.939121966991436,21.103156448693014,20.79148983840544,21.03754234313965,11300,0.0,0.0
2017-01-13 00:00:00-05:00,21.037543530325507,21.094955680379112,20.922719230218295,21.05394744873047,14000,0.0,0.0
2017-01-17 00:00:00-05:00,21.029337989675497,21.045741905286754,20.914513709123685,21.012935638427734,11300,0.0,0.0
2017-01-18 00:00:00-05:00,21.029341103917723,21.04574502195824,20.922718765381802,21.02113914489746,19500,0.0,0.0
2017-01-19 00:00:00-05:00,21.02934038440002,21.086752531213754,20.95552432010702,21.03754234313965,21900,0.0,0.0
2017-01-20 00:00:00-05:00,21.037544119091407,21.11956214904785,20.914517856338648,21.11956214904785,13400,0.0,0.0
2017-01-23 00:00:00-05:00,21.111358642578125,21.111358642578125,20.963726512347755,21.111358642578125,14000,0.0,0.0
2017-01-24 00:00:00-05:00,21.03754306293798,21.11135912975659,21.02113914489746,21.02113914489746,9200,0.0,0.0
2017-01-25 00:00:00-05:00,21.05394446936969,21.078550343495134,20.94732214355317,20.955522537231445,13500,0.0,0.0
2017-01-26 00:00:00-05:00,21.06214834372269,21.07035030251075,20.840700149536133,20.840700149536133,15300,0.0,0.0
2017-01-27 00:00:00-05:00,20.87350811033691,20.947324175510104,20.734077938827962,20.758682250976562,19200,0.0,0.0
2017-01-30 00:00:00-05:00,20.832497831364094,20.947323688052368,20.791489602494917,20.848901748657227,12100,0.0,0.0
2017-01-31 00:00:00-05:00,20.86530698296746,20.996535200868333,20.783288955688477,20.783288955688477,15400,0.0,0.0
2017-02-01 00:00:00-05:00,20.82429575316574,21.152367839690324,20.82429575316574,21.045743942260742,21100,0.0,0.0
2017-02-02 00:00:00-05:00,21.045744301879278,21.119560366172276,21.03754234313965,21.03754234313965,11600,0.0,0.0
2017-02-03 00:00:00-05:00,21.07855153669516,21.40662205512126,21.07855153669516,21.324604034423828,18500,0.0,0.0
2017-02-06 00:00:00-05:00,21.267193094145423,21.349211119489617,21.09495508448624,21.10315704345703,17900,0.0,0.0
2017-02-07 00:00:00-05:00,21.217983010759824,21.258991241455078,21.168771256689052,21.258991241455078,5700,0.0,0.0
2017-02-08 00:00:00-05:00,21.300002690627775,21.316406611130034,21.193380336091014,21.308204650878906,14300,0.0,0.0
2017-02-09 00:00:00-05:00,21.308202876287403,21.332808754991564,21.226184844970703,21.226184844970703,14600,0.0,0.0
2017-02-10 00:00:00-05:00,21.308201431162125,21.37381553889276,21.242587323431486,21.258991241455078,15200,0.0,0.0
2017-02-13 00:00:00-05:00,21.283597474615096,21.455833923653543,21.283597474615096,21.36561393737793,11900,0.0,0.0
2017-02-14 00:00:00-05:00,21.332807665145545,21.42302765142116,21.29179786940038,21.36561393737793,8900,0.0,0.0
2017-02-15 00:00:00-05:00,21.365612981650347,21.447631005108097,21.045744410965177,21.07855224609375,27200,0.0,0.0
2017-02-16 00:00:00-05:00,21.12776304779711,21.16877127853468,20.93912268342232,21.02113914489746,28500,0.0,0.0
2017-02-17 00:00:00-05:00,21.11135887721968,21.11135887721968,21.021138893439776,21.070350646972656,21000,0.0,0.0
2017-02-21 00:00:00-05:00,21.250788687427708,21.250788687427708,21.045744410965177,21.07855224609375,21300,0.0,0.0
2017-02-22 00:00:00-05:00,21.119557975660424,21.160566200353202,21.037539961911374,21.12775993347168,29800,0.0,0.0
2017-02-23 00:00:00-05:00,21.152370337585882,21.300000916719352,21.127764458881725,21.226184844970703,20100,0.0,0.0
2017-02-24 00:00:00-05:00,21.31286719927549,21.38788328542775,21.30453190194797,21.354543685913086,16400,0.414,0.0
2017-02-27 00:00:00-05:00,21.396219554071862,21.512910542363688,21.29619757139638,21.454565048217773,31100,0.0,0.0
2017-02-28 00:00:00-05:00,21.404554851777775,21.4712356436296,21.34620935763186,21.454565048217773,12100,0.0,0.0
2017-03-01 00:00:00-05:00,21.446229887072576,21.454565184831566,21.287863999038255,21.304533004760742,29000,0.0,0.0
2017-03-02 00:00:00-05:00,21.32120810804504,21.36288301585548,21.25452730167085,21.28786849975586,21700,0.0,0.0
2017-03-03 00:00:00-05:00,21.321202745412485,21.354543935111636,21.254521955809604,21.27119255065918,17000,0.0,0.0
2017-03-06 00:00:00-05:00,21.312868166808208,21.46290034592369,21.29619757139638,21.454565048217773,13400,0.0,0.0
2017-03-07 00:00:00-05:00,21.462901699679264,21.487907594374235,21.421226798316567,21.479572296142578,16800,0.0,0.0
2017-03-08 00:00:00-05:00,21.46290218117334,21.46290218117334,21.1294981934055,21.171173095703125,25400,0.0,0.0
2017-03-09 00:00:00-05:00,21.337876367562785,21.379551270803905,21.171173575006993,21.22118377685547,19400,0.0,0.0
2017-03-10 00:00:00-05:00,21.212848919842454,21.212848919842454,21.004471235324534,21.129497528076172,14700,0.0,0.0
2017-03-13 00:00:00-04:00,21.162838167216695,21.22951896593586,21.146169159883634,21.154502868652344,11500,0.0,0.0
2017-03-14 00:00:00-04:00,21.171172244139527,21.246188337094384,21.12949734351818,21.137832641601562,12100,0.0,0.0
2017-03-15 00:00:00-04:00,21.171174446776195,21.27119644438742,21.162839147825615,21.19618034362793,24700,0.0,0.0
2017-03-16 00:00:00-04:00,21.237851360960025,21.362877642740997,21.22118076611045,21.27119255065918,26500,0.0,0.0
2017-03-17 00:00:00-04:00,21.321205694316877,21.379551194564648,21.287866089801998,21.296199798583984,10300,0.0,0.0
2017-03-20 00:00:00-04:00,21.329540140643502,21.412891533293745,21.221182853259506,21.262859344482422,22400,0.0,0.0
2017-03-21 00:00:00-04:00,21.32120360027872,21.362878499278175,21.287863999038255,21.304533004760742,10100,0.0,0.0
2017-03-22 00:00:00-04:00,21.404556570261565,21.462902069091797,21.312869877930847,21.462902069091797,14400,0.0,0.0
2017-03-23 00:00:00-04:00,21.45456972079343,21.45456972079343,21.2461920021496,21.28786849975586,37100,0.0,0.0
2017-03-24 00:00:00-04:00,21.279528816708627,21.37954921076807,21.279528816708627,21.371213912963867,20900,0.0,0.0
2017-03-27 00:00:00-04:00,21.354546888627404,21.362880597409386,21.262860194069106,21.296199798583984,18800,0.0,0.0
2017-03-28 00:00:00-04:00,21.321203899853465,21.379549395190686,21.27119370239235,21.362878799438477,14600,0.0,0.0
2017-03-29 00:00:00-04:00,21.354547977542424,21.404558181762695,21.337877379537094,21.404558181762695,10800,0.0,0.0
2017-03-30 00:00:00-04:00,21.40455590523255,21.421226501464844,21.362879414651815,21.421226501464844,13100,0.0,0.0
2017-03-31 00:00:00-04:00,21.42122593002324,21.562922814626653,21.42122593002324,21.504575729370117,17700,0.0,0.0
2017-04-03 00:00:00-04:00,21.57959101486994,21.704618888812938,21.521245521587453,21.612932205200195,7900,0.0,0.0
2017-04-04 00:00:00-04:00,21.637937223048688,21.79630470275879,21.629603514986243,21.79630470275879,16200,0.0,0.0
2017-04-05 00:00:00-04:00,21.921330991037074,21.921330991037074,21.66294311662255,21.79630470275879,22200,0.0,0.0
2017-04-06 00:00:00-04:00,21.862988844597695,21.862988844597695,21.64627583648333,21.74629783630371,15700,0.0,0.0
2017-04-07 00:00:00-04:00,21.796305759258185,21.796305759258185,21.76296615600586,21.76296615600586,5600,0.0,0.0
2017-04-10 00:00:00-04:00,21.87132012196833,21.87132012196833,21.69628364171359,21.754629135131836,5500,0.0,0.0
2017-04-11 00:00:00-04:00,21.754631153038574,21.754631153038574,21.35454636980645,21.462902069091797,28300,0.0,0.0
2017-04-12 00:00:00-04:00,21.46290210617235,21.46290210617235,21.129498119569572,21.24618911743164,39200,0.0,0.0
2017-04-13 00:00:00-04:00,21.17117349951081,21.462902590545312,21.17117349951081,21.296199798583984,16100,0.0,0.0
2017-04-17 00:00:00-04:00,21.26286130443834,21.571259418937334,21.25452600542543,21.546255111694336,13500,0.0,0.0
2017-04-18 00:00:00-04:00,21.546253612368723,21.546253612368723,21.204514325598485,21.312870025634766,10900,0.0,0.0
2017-04-19 00:00:00-04:00,21.371214628753968,21.379549926837345,21.12949734351818,21.137832641601562,17400,0.0,0.0
2017-04-20 00:00:00-04:00,21.13783349182415,21.229518594838044,21.13783349182415,21.171173095703125,15000,0.0,0.0
2017-04-21 00:00:00-04:00,21.18784086406367,21.28786284193937,21.18784086406367,21.212846755981445,5700,0.0,0.0
2017-04-24 00:00:00-04:00,21.254524415821162,21.496243299730434,21.196178916890126,21.24618911743164,9200,0.0,0.0
2017-04-25 00:00:00-04:00,21.29619987452601,21.371215972196552,21.22118377685547,21.22118377685547,6700,0.0,0.0
2017-04-26 00:00:00-04:00,21.32120678153176,21.412893480765362,21.25452597930616,21.404558181762695,7800,0.0,0.0
2017-04-27 00:00:00-04:00,21.437893783131997,21.437893783131997,21.3628776959176,21.41288948059082,5600,0.0,0.0
2017-04-28 00:00:00-04:00,21.43789810345701,21.63794051307763,21.30453649704326,21.60460090637207,16400,0.0,0.0
2017-05-01 00:00:00-04:00,21.712955949009125,21.712955949009125,21.562925338745117,21.562925338745117,1800,0.0,0.0
2017-05-02 00:00:00-04:00,21.512914471889733,21.629607071291986,21.512914471889733,21.521249771118164,4100,0.0,0.0
2017-05-03 00:00:00-04:00,21.67128133752048,21.67128133752048,21.579594638511722,21.62127113342285,5600,0.0,0.0
2017-05-04 00:00:00-04:00,21.746294829750394,21.746294829750394,21.637937545776367,21.637937545776367,5900,0.0,0.0
2017-05-05 00:00:00-04:00,21.637937545776367,21.637937545776367,21.59626264566053,21.637937545776367,6800,0.0,0.0
2017-05-08 00:00:00-04:00,21.654607153703797,21.754629135131836,21.654607153703797,21.754629135131836,15700,0.0,0.0
2017-05-09 00:00:00-04:00,21.712956056464392,21.721291355375147,21.4295622526815,21.629606246948242,16400,0.0,0.0
2017-05-10 00:00:00-04:00,21.596261978149414,21.596261978149414,21.512910590698485,21.596261978149414,3100,0.0,0.0
2017-05-11 00:00:00-04:00,21.58792495727539,21.58792495727539,21.546250061774163,21.58792495727539,5800,0.0,0.0
2017-05-12 00:00:00-04:00,21.546255111694336,21.571259418937334,21.546255111694336,21.546255111694336,4100,0.0,0.0
2017-05-15 00:00:00-04:00,21.56292260766639,21.729623794555664,21.537916714225023,21.729623794555664,6800,0.0,0.0
2017-05-16 00:00:00-04:00,21.66294446070786,21.712954661162975,21.462902069091797,21.462902069091797,4000,0.0,0.0
2017-05-17 00:00:00-04:00,21.47123938034357,21.604600987256607,21.462904081187034,21.529584884643555,5800,0.0,0.0
2017-05-18 00:00:00-04:00,21.5045783530826,21.646275254974046,21.496244643967554,21.629606246948242,5800,0.0,0.0
2017-05-19 00:00:00-04:00,21.529584513668517,21.579594717950243,21.25452600542543,21.546255111694336,17500,0.0,0.0
2017-05-22 00:00:00-04:00,21.51291022400489,21.79630398263022,21.379548642274788,21.612932205200195,12800,0.0,0.0
2017-05-23 00:00:00-04:00,21.571258359843597,21.646274457480953,21.437896761776223,21.579593658447266,13500,0.0,0.0
2017-05-24 00:00:00-04:00,21.812974678647922,21.979677451479034,21.579591114643463,21.896326065063477,10200,0.0,0.0
2017-05-25 00:00:00-04:00,21.92511886931388,21.9843985783142,21.82349697252789,21.958993911743164,6000,0.414,0.0
2017-05-26 00:00:00-04:00,21.933589401855563,21.99286911564487,21.848903404191816,21.967464447021484,10800,0.0,0.0
2017-05-30 00:00:00-04:00,22.018272167458232,22.534855223651938,21.8912439972346,22.22151756286621,15500,0.0,0.0
2017-05-31 00:00:00-04:00,22.22151756286621,22.22151756286621,21.9081815173313,22.22151756286621,9500,0.0,0.0
2017-06-01 00:00:00-04:00,22.22998905604154,22.22998905604154,22.11989839237921,22.187646865844727,8100,0.0,0.0
2017-06-02 00:00:00-04:00,22.170708504915332,22.187646026453695,22.03521156311035,22.03521156311035,7300,0.0,0.0
2017-06-05 00:00:00-04:00,22.229990272739954,22.229990272739954,22.06908703373362,22.21305274963379,10200,0.0,0.0
2017-06-06 00:00:00-04:00,22.162239605853625,22.17070836656996,22.119897417522893,22.12836456298828,5300,0.0,0.0
2017-06-07 00:00:00-04:00,22.111430965756593,22.111430965756593,21.874310486691112,21.91665267944336,14700,0.0,0.0
2017-06-08 00:00:00-04:00,22.00133757028294,22.00133757028294,21.552504534847685,21.594846725463867,58200,0.0,0.0
2017-06-09 00:00:00-04:00,21.59484294488366,21.71340235005376,21.59484294488366,21.69646644592285,41100,0.0,0.0
2017-06-12 00:00:00-04:00,21.75574872670529,21.75574872670529,21.645656452928616,21.654125213623047,16300,0.0,0.0
2017-06-13 00:00:00-04:00,21.61178276059868,21.687999990663755,21.61178276059868,21.671062469482422,15500,0.0,0.0
2017-06-14 00:00:00-04:00,21.688000828036447,21.823497772216797,21.6795320671188,21.823497772216797,34600,0.0,0.0
2017-06-15 00:00:00-04:00,21.798092298202356,21.798092298202356,21.671064110226734,21.68800163269043,29700,0.0,0.0
2017-06-16 00:00:00-04:00,21.704936162538697,21.730342444621993,21.654125213623047,21.654125213623047,24900,0.0,0.0
2017-06-19 00:00:00-04:00,21.67953151770302,21.76421750948232,21.67953151770302,21.755748748779297,26000,0.0,0.0
2017-06-20 00:00:00-04:00,21.806560516357422,21.84043556044118,21.755749565482795,21.806560516357422,22800,0.0,0.0
2017-06-21 00:00:00-04:00,21.848900265551638,21.874306545776413,21.81502684050276,21.84043312072754,11600,0.0,0.0
2017-06-22 00:00:00-04:00,21.865840778560845,21.992868966569898,21.85737201732677,21.874309539794922,11900,0.0,0.0
2017-06-23 00:00:00-04:00,21.89124393573349,21.93358612060547,21.815026710763266,21.93358612060547,12000,0.0,0.0
2017-06-26 00:00:00-04:00,21.933590202644705,21.95052772584605,21.91665267944336,21.91665267944336,12100,0.0,0.0
2017-06-27 00:00:00-04:00,21.950525968114636,22.11989795606306,21.925119685347077,22.00980567932129,18000,0.0,0.0
2017-06-28 00:00:00-04:00,21.93358793378575,22.22998809814453,21.93358793378575,22.22998809814453,20900,0.0,0.0
2017-06-29 00:00:00-04:00,22.229988483282234,22.229988483282234,22.00133678550824,22.018274307250977,2600,0.0,0.0
2017-06-30 00:00:00-04:00,22.01827485727613,22.102960852854316,22.01827485727613,22.086023330688477,10200,0.0,0.0
2017-07-03 00:00:00-04:00,22.102960852854316,22.102960852854316,22.052149901607812,22.086023330688477,3200,0.0,0.0
2017-07-05 00:00:00-04:00,22.0182733130753,23.10225042690164,22.0182733130753,22.644947052001953,45400,0.0,0.0
2017-07-06 00:00:00-04:00,22.594138129633127,22.594138129633127,22.229989472219458,22.263864517211914,19600,0.0,0.0
2017-07-07 00:00:00-04:00,22.136833323704618,22.22151931561703,22.052148947043154,22.12836456298828,3900,0.0,0.0
2017-07-10 00:00:00-04:00,22.128365254239508,22.128365254239508,22.043680874932654,22.10296058654785,5200,0.0,0.0
2017-07-11 00:00:00-04:00,22.221519454279463,22.255394497356185,22.03521156311035,22.03521156311035,8400,0.0,0.0
2017-07-12 00:00:00-04:00,22.31467628479004,22.31467628479004,22.11989961471975,22.31467628479004,24800,0.0,0.0
2017-07-13 00:00:00-04:00,22.314676695985934,22.602608133243905,22.297739172558725,22.390893936157227,37200,0.0,0.0
2017-07-14 00:00:00-04:00,22.357016433253175,22.357016433253175,22.11142883154246,22.323143005371094,7500,0.0,0.0
2017-07-17 00:00:00-04:00,22.204581815970595,22.238456858869174,22.204581815970595,22.22998809814453,7000,0.0,0.0
2017-07-18 00:00:00-04:00,22.424764904268297,22.492513375283423,22.28079920145479,22.323143005371094,10500,0.0,0.0
2017-07-19 00:00:00-04:00,22.33161127474978,22.746570852492642,22.323142514152874,22.729633331298828,11800,0.0,0.0
2017-07-20 00:00:00-04:00,22.687292098999023,22.687292098999023,22.170708987589258,22.687292098999023,35400,0.0,0.0
2017-07-21 00:00:00-04:00,22.53485872337593,23.009098052978516,22.153772538270502,23.009098052978516,41900,0.0,0.0
2017-07-24 00:00:00-04:00,22.65341567993164,22.661884440371068,22.42476399381978,22.65341567993164,16000,0.0,0.0
2017-07-25 00:00:00-04:00,22.47557910688148,22.594138535985255,22.153772634669693,22.23845863342285,17800,0.0,0.0
2017-07-26 00:00:00-04:00,22.25539400201565,22.441701889038086,22.25539400201565,22.441701889038086,11200,0.0,0.0
2017-07-27 00:00:00-04:00,22.441704742997874,22.484046936035156,22.229990547309217,22.484046936035156,10400,0.0,0.0
2017-07-28 00:00:00-04:00,22.5602622929273,22.771976470947266,22.340079353956416,22.771976470947266,9100,0.0,0.0
2017-07-31 00:00:00-04:00,22.56026254693713,22.5687313079834,22.416296839652578,22.5687313079834,7000,0.0,0.0
2017-08-01 00:00:00-04:00,22.551795959472656,22.551795959472656,22.382425567976092,22.551795959472656,3100,0.0,0.0
2017-08-02 00:00:00-04:00,22.755038231185786,22.755038231185786,22.30620363831283,22.611072540283203,17500,0.0,0.0
2017-08-03 00:00:00-04:00,22.416296159046013,22.594136905116017,22.38242273114042,22.509450912475586,8500,0.0,0.0
2017-08-04 00:00:00-04:00,22.52638816833496,22.52638816833496,22.340078663673506,22.52638816833496,14000,0.0,0.0
2017-08-07 00:00:00-04:00,22.526389644788633,22.526389644788633,22.306206698189637,22.348548889160156,13400,0.0,0.0
2017-08-08 00:00:00-04:00,22.314673710829563,22.441701889038086,22.229987720273574,22.441701889038086,3700,0.0,0.0
2017-08-09 00:00:00-04:00,22.2045820305192,22.2045820305192,21.628720832937695,21.738811492919922,24500,0.0,0.0
2017-08-10 00:00:00-04:00,21.62872205230828,21.730343957213208,21.57790948460476,21.679533004760742,19200,0.0,0.0
2017-08-11 00:00:00-04:00,21.679530381168384,21.679530381168384,20.790329936977862,21.518627166748047,42600,0.0,0.0
2017-08-14 00:00:00-04:00,21.569438957645346,21.69646875125442,21.569438957645346,21.671062469482422,10600,0.0,0.0
2017-08-15 00:00:00-04:00,21.70493438309486,21.755746943095666,21.594843733594733,21.645654678344727,20500,0.0,0.0
2017-08-16 00:00:00-04:00,21.806560250381505,21.925119672726566,21.79809148946386,21.823497772216797,20200,0.0,0.0
2017-08-17 00:00:00-04:00,22.060615116005952,22.170707385194188,21.899713515270644,21.984397888183594,28800,0.0,0.0
2017-08-18 00:00:00-04:00,22.187648630108264,22.196115776620083,22.077556342440865,22.094493865966797,8100,0.0,0.0
2017-08-21 00:00:00-04:00,22.094490605850968,22.22998754356309,21.984398334428054,22.16223907470703,8500,0.0,0.0
2017-08-22 00:00:00-04:00,22.229988530055355,22.49251365661621,22.15377129730366,22.49251365661621,5600,0.0,0.0
2017-08-23 00:00:00-04:00,22.44170047837089,22.49251142341018,22.162237857778567,22.22151756286621,10400,0.0,0.0
2017-08-24 00:00:00-04:00,22.441702673146995,22.441702673146995,22.14530250347033,22.20458221435547,9500,0.0,0.0
2017-08-25 00:00:00-04:00,22.229989462241868,22.43323488635224,22.145303465049782,22.348548889160156,12400,0.0,0.0
2017-08-28 00:00:00-04:00,22.455230989925774,22.455230989925774,22.128295678192817,22.403610229492188,6100,0.414,0.0
2017-08-29 00:00:00-04:00,22.351988544706472,22.756355830551698,22.351988544706472,22.48964500427246,8000,0.0,0.0
2017-08-30 00:00:00-04:00,22.63590480275632,22.63590480275632,21.990639544425797,22.360591888427734,4600,0.0,0.0
2017-08-31 00:00:00-04:00,22.30036764573918,22.30036764573918,22.11969251804627,22.197124481201172,2800,0.0,0.0
2017-09-01 00:00:00-04:00,22.205728518159862,22.334781244848447,22.205728518159862,22.25735092163086,4500,0.0,0.0
2017-09-05 00:00:00-04:00,22.420817201856654,22.489645432951594,22.093883514404297,22.093883514404297,30200,0.0,0.0
2017-09-06 00:00:00-04:00,22.29176647261242,22.403613383792717,22.17131746764406,22.326181411743164,12400,0.0,0.0
2017-09-07 00:00:00-04:00,22.32617866769492,22.32617866769492,21.52604948218759,21.844379425048828,90500,0.0,0.0
2017-09-08 00:00:00-04:00,21.91320988328943,22.111092497113194,21.680915613052584,21.852985382080078,31300,0.0,0.0
2017-09-11 00:00:00-04:00,21.913208674120998,22.093883808774006,21.913208674120998,21.99064064025879,5900,0.0,0.0
2017-09-12 00:00:00-04:00,22.068074155629542,22.119694923013807,21.964832620861007,21.97343635559082,7600,0.0,0.0
2017-09-13 00:00:00-04:00,22.093886099393366,22.162714338541225,21.95622962109765,22.11969566345215,18700,0.0,0.0
2017-09-14 00:00:00-04:00,22.231537463200464,22.231537463200464,22.111088482650334,22.136898040771484,3900,0.0,0.0
2017-09-15 00:00:00-04:00,22.274558990364934,22.274558990364934,22.154109985465148,22.21433448791504,4600,0.0,0.0
2017-09-18 00:00:00-04:00,22.308969419552486,22.308969419552486,22.093881016573377,22.136898040771484,7300,0.0,0.0
2017-09-19 00:00:00-04:00,22.068071403833162,22.23153906132665,22.0594676701762,22.1282958984375,13200,0.0,0.0
2017-09-20 00:00:00-04:00,22.154109608125676,22.19712664028731,22.085281372070312,22.085281372070312,3900,0.0,0.0
2017-09-21 00:00:00-04:00,22.197125427765233,22.231540364410286,22.14550466379215,22.222936630249023,2500,0.0,0.0
2017-09-22 00:00:00-04:00,22.222936630249023,22.231540364410286,22.042263135845985,22.222936630249023,7400,0.0,0.0
2017-09-25 00:00:00-04:00,22.240145109164867,22.369197845458984,22.240145109164867,22.369197845458984,11500,0.0,0.0
2017-09-26 00:00:00-04:00,22.369197845458984,22.369197845458984,22.197126436403778,22.369197845458984,3700,0.0,0.0
2017-09-27 00:00:00-04:00,22.369196696553285,22.678924560546875,22.162712000889055,22.678924560546875,5400,0.0,0.0
2017-09-28 00:00:00-04:00,22.567078913880323,22.584286383058494,22.46383738080045,22.54987144470215,2900,0.0,0.0
2017-09-29 00:00:00-04:00,22.69613143169383,22.88541030883789,22.515457930050385,22.88541030883789,31600,0.0,0.0
2017-10-02 00:00:00-04:00,22.833789109036193,22.833789109036193,22.549870798713528,22.584285736083984,4700,0.0,0.0
2017-10-03 00:00:00-04:00,22.79937188684736,22.79937188684736,22.50685151249128,22.51545524597168,5300,0.0,0.0
2017-10-04 00:00:00-04:00,22.498251245747497,22.584286952814285,22.438026743099133,22.446630477905273,12600,0.0,0.0
2017-10-05 00:00:00-04:00,22.455231697589262,22.678923854510185,22.446627963746792,22.54126739501953,4400,0.0,0.0
2017-10-06 00:00:00-04:00,22.5412685846285,22.5412685846285,22.205729511041916,22.291765213012695,12700,0.0,0.0
2017-10-09 00:00:00-04:00,22.300369892737972,22.317577362060547,22.300369892737972,22.317577362060547,1900,0.0,0.0
2017-10-10 00:00:00-04:00,22.308974551854757,22.308974551854757,22.016454125227693,22.11969566345215,14500,0.0,0.0
2017-10-11 00:00:00-04:00,22.13689895895024,22.257349585490623,22.03365744019489,22.05086326599121,26100,0.0,0.0
2017-10-12 00:00:00-04:00,22.111092860354404,22.128298688843604,22.00784968444616,22.033660888671875,14000,0.0,0.0
2017-10-13 00:00:00-04:00,21.973431176336707,22.283157348632812,21.973431176336707,22.283157348632812,8100,0.0,0.0
2017-10-16 00:00:00-04:00,22.283160178150442,22.4982486000264,22.197124481201172,22.197124481201172,6300,0.0,0.0
2017-10-17 00:00:00-04:00,22.18852493720943,22.343387240313916,22.136902528513314,22.326181411743164,7400,0.0,0.0
2017-10-18 00:00:00-04:00,22.412212649615743,22.412212649615743,22.11109017519036,22.360591888427734,6900,0.0,0.0
2017-10-19 00:00:00-04:00,22.4122148772255,22.4122148772255,22.205730170956,22.369197845458984,14300,0.0,0.0
2017-10-20 00:00:00-04:00,22.343384094492883,22.403610229492188,22.214331372911722,22.403610229492188,9100,0.0,0.0
2017-10-23 00:00:00-04:00,22.420817332726692,22.420817332726692,22.28316086973331,22.386404037475586,6700,0.0,0.0
2017-10-24 00:00:00-04:00,22.300366752855197,22.60149085962372,22.283159285955424,22.39500617980957,18900,0.0,0.0
2017-10-25 00:00:00-04:00,22.369197845458984,22.369197845458984,22.274558406379164,22.369197845458984,6900,0.0,0.0
2017-10-26 00:00:00-04:00,22.377800083392902,22.644509272695952,22.3691963494161,22.610095977783203,10200,0.0,0.0
2017-10-27 00:00:00-04:00,22.567079242634403,22.67032241821289,22.26595509160797,22.67032241821289,2400,0.0,0.0
2017-10-30 00:00:00-04:00,22.618700076678685,22.627302169799805,22.317575946610237,22.627302169799805,3300,0.0,0.0
2017-10-31 00:00:00-04:00,22.446627724464182,22.67031987900053,22.446627724464182,22.653112411499023,3800,0.0,0.0
2017-11-01 00:00:00-04:00,22.59289134068571,22.61009881079539,22.40361409246327,22.412216186523438,5700,0.0,0.0
2017-11-02 00:00:00-04:00,22.412211413857353,22.489643371867146,22.412211413857353,22.43802261352539,2400,0.0,0.0
2017-11-03 00:00:00-04:00,22.44662862751695,22.61870002746582,22.42942115932317,22.61870002746582,4500,0.0,0.0
2017-11-06 00:00:00-05:00,22.618701224489577,22.618701224489577,22.360594110906767,22.369197845458984,9200,0.0,0.0
2017-11-07 00:00:00-05:00,22.308968546738413,22.308968546738413,22.197121662608364,22.283157348632812,2800,0.0,0.0
2017-11-08 00:00:00-05:00,22.283159964109988,22.438023888932243,22.248746670257493,22.42081642150879,4100,0.0,0.0
2017-11-09 00:00:00-05:00,22.16271375072029,22.36059472789766,21.98203860212754,22.274559020996094,31000,0.0,0.0
2017-11-10 00:00:00-05:00,22.291765213012695,22.360593446390414,22.16271248055379,22.291765213012695,7600,0.0,0.0
2017-11-13 00:00:00-05:00,22.343385367168604,22.506853032346175,22.343385367168604,22.386404037475586,3900,0.0,0.0
2017-11-14 00:00:00-05:00,22.37779858836701,22.764956745490945,22.37779858836701,22.739147186279297,20600,0.0,0.0
2017-11-15 00:00:00-05:00,22.68752852054732,22.6961306137488,22.438025151847288,22.455232620239258,6700,0.0,0.0
2017-11-16 00:00:00-05:00,22.62730374464077,22.67032241821289,22.48964727119919,22.67032241821289,5300,0.0,0.0
2017-11-17 00:00:00-05:00,22.549870154690684,22.63590585466512,22.549870154690684,22.61870002746582,5100,0.0,0.0
2017-11-20 00:00:00-05:00,22.52406080316096,22.54987036469751,20.493625485230634,20.837766647338867,109200,0.0,0.0
2017-11-21 00:00:00-05:00,20.837765687695715,21.3281686672342,20.734524164315086,20.863576889038086,81500,0.0,0.0
2017-11-22 00:00:00-05:00,20.880785338677924,21.216322766937818,20.639885704468938,20.949613571166992,37300,0.0,0.0
2017-11-24 00:00:00-05:00,21.15609900426,21.285151739540026,21.078667034893073,21.14749526977539,12900,0.0,0.0
2017-11-27 00:00:00-05:00,21.207719704244745,21.35397990803931,20.906595562197747,21.02704620361328,75200,0.0,0.0
2017-11-28 00:00:00-05:00,21.02704621965277,21.09587445437362,20.743129546304928,20.97542381286621,27900,0.0,0.0
2017-11-29 00:00:00-05:00,21.09270553126582,21.171475103309685,20.410036463332986,20.917661666870117,43600,0.414,0.0
2017-11-30 00:00:00-05:00,20.86514768109528,21.197728996419926,20.86514768109528,20.961421966552734,42700,0.0,0.0
2017-12-01 00:00:00-05:00,20.926411894809785,21.180225305388035,20.830137612267436,21.06644630432129,30100,0.0,0.0
2017-12-04 00:00:00-05:00,21.101455470074082,21.42528441190286,21.066446033475394,21.407779693603516,30000,0.0,0.0
2017-12-05 00:00:00-05:00,21.232735878640455,21.696600861693707,21.18897408627221,21.565317153930664,20700,0.0,0.0
2017-12-06 00:00:00-05:00,21.416531362461136,21.705352527723836,21.18897503992965,21.390275955200195,27400,0.0,0.0
2017-12-07 00:00:00-05:00,21.39902987630688,21.61783385594461,21.276498512557268,21.460294723510742,11300,0.0,0.0
2017-12-08 00:00:00-05:00,21.355266018280524,21.591574694130745,21.355266018280524,21.57406997680664,7100,0.0,0.0
2017-12-11 00:00:00-05:00,21.41653185658596,21.442788933794468,20.856394230872134,21.057693481445312,17900,0.0,0.0
2017-12-12 00:00:00-05:00,20.908906913516933,21.066446039572995,20.445043563842773,20.445043563842773,46800,0.0,0.0
2017-12-13 00:00:00-05:00,20.392527300291867,20.847639913095872,19.736115455827427,20.593828201293945,46000,0.0,0.0
2017-12-14 00:00:00-05:00,21.00518226228649,21.250243322976253,20.655096225116765,20.698856353759766,39300,0.0,0.0
2017-12-15 00:00:00-05:00,20.698853583216202,20.94391461110452,20.19122847993029,20.296255111694336,31600,0.0,0.0
2017-12-18 00:00:00-05:00,20.313761394985455,20.53256538245066,20.313761394985455,20.51506233215332,25700,0.0,0.0
2017-12-19 00:00:00-05:00,20.52381135752614,20.90890511097358,20.52381135752614,20.68134880065918,18100,0.0,0.0
2017-12-20 00:00:00-05:00,20.78637724706273,20.908906936645508,20.44504358645824,20.908906936645508,25500,0.0,0.0
2017-12-21 00:00:00-05:00,20.742615212529753,20.742615212529753,20.366272149896645,20.410032272338867,40700,0.0,0.0
2017-12-22 00:00:00-05:00,20.558821816679277,20.602583614404036,20.31376075744629,20.31376075744629,13300,0.0,0.0
2017-12-26 00:00:00-05:00,20.35752342743355,20.47130076770918,20.322513987753684,20.366275787353516,19100,0.0,0.0
2017-12-27 00:00:00-05:00,20.348768409393976,20.523812246243743,20.348768409393976,20.392528533935547,13000,0.0,0.0
2017-12-28 00:00:00-05:00,20.436290792714587,20.480050918251635,20.296256387785895,20.401281356811523,32400,0.0,0.0
2017-12-29 00:00:00-05:00,20.392528919386994,20.52381263417666,20.12996482849121,20.12996482849121,44400,0.0,0.0
2018-01-02 00:00:00-05:00,20.147467241893008,20.366271182393128,19.88490151168791,19.893653869628906,12500,0.0,0.0
2018-01-03 00:00:00-05:00,19.911162175027144,20.042444229125977,19.893657455989462,20.042444229125977,10400,0.0,0.0
2018-01-04 00:00:00-05:00,20.068698849732755,20.480049680686008,20.042441774392113,20.261245727539062,12200,0.0,0.0
2018-01-05 00:00:00-05:00,20.261245677992427,20.786375498129292,20.261245677992427,20.296255111694336,22700,0.0,0.0
2018-01-08 00:00:00-05:00,20.30500893825662,20.462546393280782,19.788631439208984,19.788631439208984,31600,0.0,0.0
2018-01-09 00:00:00-05:00,19.797381967923965,19.94616871947572,19.403534193421784,19.561073303222656,26300,0.0,0.0
2018-01-10 00:00:00-05:00,19.70111169746647,20.086207191925496,19.683606977413337,19.911163330078125,10200,0.0,0.0
2018-01-11 00:00:00-05:00,19.80613581913261,20.086206319796336,19.71861556135098,20.007436752319336,16700,0.0,0.0
2018-01-12 00:00:00-05:00,19.946172492991828,20.480053092457183,19.48230743408203,19.48230743408203,20000,0.0,0.0
2018-01-16 00:00:00-05:00,19.482303401435427,19.63984250843128,18.081957824000927,18.59833526611328,54700,0.0,0.0
2018-01-17 00:00:00-05:00,18.458299171250115,18.72961556972772,18.32701715065395,18.449546813964844,39400,0.0,0.0
2018-01-18 00:00:00-05:00,18.379531365750353,18.46705327755082,17.42554603274265,17.871906280517578,70200,0.0,0.0
2018-01-19 00:00:00-05:00,17.854402322686838,17.854402322686838,17.092965497165096,17.504316329956055,40900,0.0,0.0
2018-01-22 00:00:00-05:00,17.495564898858255,18.046951827310608,17.443052414500528,17.521821975708008,73100,0.0,0.0
2018-01-23 00:00:00-05:00,17.574335568908563,18.07320837513751,17.574335568908563,17.889413833618164,29300,0.0,0.0
2018-01-24 00:00:00-05:00,17.93317285705572,17.95067757498167,17.68811181411779,17.828147888183594,26000,0.0,0.0
2018-01-25 00:00:00-05:00,17.89816394774418,18.011941268314576,17.60934279777445,17.959428787231445,14700,0.0,0.0
2018-01-26 00:00:00-05:00,17.985686384896773,18.230747442051452,17.775634765625,17.775634765625,14600,0.0,0.0
2018-01-29 00:00:00-05:00,17.784387469650873,18.204490716333517,17.373036582608528,17.3992919921875,38500,0.0,0.0
2018-01-30 00:00:00-05:00,17.285514375560265,17.723122334435207,17.285514375560265,17.583087921142578,19600,0.0,0.0
2018-01-31 00:00:00-05:00,17.425546934237836,17.635598531820822,16.804144500055884,17.390539169311523,37100,0.0,0.0
2018-02-01 00:00:00-05:00,17.136725748308823,17.5130688193098,16.681613119687096,16.742877960205078,62800,0.0,0.0
2018-02-02 00:00:00-05:00,16.699119342564547,17.294266422989956,16.349033315650146,16.8479061126709,36300,0.0,0.0
2018-02-05 00:00:00-05:00,16.89166681875519,17.276762296225666,16.541580779846537,16.62910270690918,15300,0.0,0.0
2018-02-06 00:00:00-05:00,16.410298723923532,16.78664184175355,16.410298723923532,16.62910270690918,14900,0.0,0.0
2018-02-07 00:00:00-05:00,16.550331415722432,16.96168225992899,16.550331415722432,16.672861099243164,9400,0.0,0.0
2018-02-08 00:00:00-05:00,16.46281214339716,16.620351287150378,16.01645179254371,16.340282440185547,16000,0.0,0.0
2018-02-09 00:00:00-05:00,16.235253920622146,16.672861861009178,15.806398339363874,15.841407775878906,11400,0.0,0.0
2018-02-12 00:00:00-05:00,15.95518503222212,16.532827377319336,15.95518503222212,16.532827377319336,16200,0.0,0.0
2018-02-13 00:00:00-05:00,16.419050047854288,17.303018283676828,16.305271049047434,16.532827377319336,18500,0.0,0.0
2018-02-14 00:00:00-05:00,16.480315931705263,17.049205953599564,16.480315931705263,16.62910270690918,23300,0.0,0.0
2018-02-15 00:00:00-05:00,16.637852981798847,16.89166470220137,16.191492712116787,16.58534049987793,19400,0.0,0.0
2018-02-16 00:00:00-05:00,16.401543641545942,16.804143771463718,16.112722498724295,16.3840389251709,10400,0.0,0.0
2018-02-20 00:00:00-05:00,16.261512622660376,16.839155028134893,16.261512622660376,16.795394897460938,7100,0.0,0.0
2018-02-21 00:00:00-05:00,16.56783769009823,17.049205780029297,16.410298556857693,17.049205780029297,31800,0.0,0.0
2018-02-22 00:00:00-05:00,17.066710327247225,17.26800958687527,16.996693120883474,17.00544548034668,22400,0.0,0.0
2018-02-23 00:00:00-05:00,17.294265406763618,17.364282608032227,17.066709085305206,17.364282608032227,10900,0.0,0.0
2018-02-26 00:00:00-05:00,17.27676300186923,17.4955669937916,17.031701929953066,17.101720809936523,14300,0.0,0.0
2018-02-27 00:00:00-05:00,17.2483601426642,17.418249442018784,16.854928970336914,16.854928970336914,10300,0.414,0.0
2018-02-28 00:00:00-05:00,16.881753291854498,16.881753291854498,15.647812274344302,15.951827049255371,33400,0.0,0.0
2018-03-01 00:00:00-05:00,15.87135076354414,16.19324912759933,15.87135076354414,16.077007293701172,25300,0.0,0.0
2018-03-02 00:00:00-05:00,16.085951139006838,16.085951139006838,15.71040356860108,15.933943748474121,15900,0.0,0.0
2018-03-05 00:00:00-05:00,15.933944954431414,16.202194213867188,15.790879364922876,16.202194213867188,10100,0.0,0.0
2018-03-06 00:00:00-05:00,16.26478450628882,16.30055004941093,16.00547707037933,16.22901725769043,12600,0.0,0.0
2018-03-07 00:00:00-05:00,16.229016771034367,16.98905372619629,16.166425793340366,16.98905372619629,35600,0.0,0.0
2018-03-08 00:00:00-05:00,16.685038627263076,17.62390668579533,16.398907474395195,17.00693702697754,34000,0.0,0.0
2018-03-09 00:00:00-05:00,17.006934912866445,17.534489799940477,16.67609474256667,16.828102111816406,6800,0.0,0.0
2018-03-12 00:00:00-04:00,16.783399092235705,17.400368833457073,16.75657365351791,17.25730323791504,6700,0.0,0.0
2018-03-13 00:00:00-04:00,17.069526637147725,17.21259220212994,16.63138813120518,16.70292091369629,3600,0.0,0.0
2018-03-14 00:00:00-04:00,16.756570740805106,17.03376007080078,16.756570740805106,17.03376007080078,9000,0.0,0.0
2018-03-15 00:00:00-04:00,16.98011250063581,17.06952891706173,16.640332164788855,16.685039520263672,12000,0.0,0.0
2018-03-16 00:00:00-04:00,16.559855922823385,16.774454277736563,16.550914111517486,16.765512466430664,4100,0.0,0.0
2018-03-19 00:00:00-04:00,16.550915356374087,16.801280975341797,16.550915356374087,16.801280975341797,6900,0.0,0.0
2018-03-20 00:00:00-04:00,16.80127912616364,17.13211760557219,16.80127912616364,16.881752014160156,4900,0.0,0.0
2018-03-21 00:00:00-04:00,16.765515551014023,16.98011394540983,16.702924565833133,16.71186637878418,4800,0.0,0.0
2018-03-22 00:00:00-04:00,16.765513058832894,16.863871281197092,16.649272918701172,16.649272918701172,9400,0.0,0.0
2018-03-23 00:00:00-04:00,16.810221600467695,16.828105224976323,15.969711714277722,16.041244506835938,24500,0.0,0.0
2018-03-26 00:00:00-04:00,16.27372646643033,16.27372646643033,14.914601705904781,15.719346046447754,27300,0.0,0.0
2018-03-27 00:00:00-04:00,15.612044750216475,15.683579242313657,15.057666080272591,15.138140678405762,19600,0.0,0.0
2018-03-28 00:00:00-04:00,15.138140932437778,15.916059786811076,15.138140932437778,15.218615531921387,4900,0.0,0.0
2018-03-29 00:00:00-04:00,15.245439177940229,15.495804786682129,15.22755726018995,15.495804786682129,8900,0.0,0.0
2018-04-02 00:00:00-04:00,15.49580536127915,15.603105399140503,15.156025034757981,15.558396339416504,6800,0.0,0.0
2018-04-03 00:00:00-04:00,15.477921262463546,15.477921262463546,15.12025732302737,15.16496467590332,11200,0.0,0.0
2018-04-04 00:00:00-04:00,15.11131484140069,15.638869768233608,15.11131484140069,15.612044334411621,12700,0.0,0.0
2018-04-05 00:00:00-04:00,15.388504432956227,15.647811847921766,15.388504432956227,15.513688087463379,16800,0.0,0.0
2018-04-06 00:00:00-04:00,15.433215252602851,15.656755447387697,15.433215252602851,15.656755447387695,4400,0.0,0.0
2018-04-09 00:00:00-04:00,15.764050316746701,16.07700686167086,15.737226590780264,15.826642990112305,17100,0.0,0.0
2018-04-10 00:00:00-04:00,15.880295137060509,16.36314105558997,15.880295137060509,16.050186157226562,12400,0.0,0.0
2018-04-11 00:00:00-04:00,15.933944055613221,16.345258881355665,15.862411264894048,15.969711303710938,8900,0.0,0.0
2018-04-12 00:00:00-04:00,15.996534621865175,16.327374836333874,15.978652703753628,16.26478385925293,15000,0.0,0.0
2018-04-13 00:00:00-04:00,16.157482147216797,16.26478217213711,16.157482147216797,16.157482147216797,3000,0.0,0.0
2018-04-16 00:00:00-04:00,16.18430974119419,16.363140865975822,16.18430974119419,16.237958908081055,7100,0.0,0.0
2018-04-17 00:00:00-04:00,16.24690088385699,16.88175419726486,16.24690088385699,16.783397674560547,11400,0.0,0.0
2018-04-18 00:00:00-04:00,16.75657173370698,16.98905372619629,16.658213508487137,16.98905372619629,10200,0.0,0.0
2018-04-19 00:00:00-04:00,16.854931000288172,17.76697540283203,16.854931000288172,17.76697540283203,6900,0.0,0.0
2018-04-20 00:00:00-04:00,17.63284833981746,17.838506596393735,17.346717189508436,17.382484436035156,17600,0.0,0.0
2018-04-23 00:00:00-04:00,17.382482111744938,17.87426974739491,17.382482111744938,17.48978042602539,10600,0.0,0.0
2018-04-24 00:00:00-04:00,17.570257871811513,18.312411203934072,17.51660870594667,17.9100399017334,11200,0.0,0.0
2018-04-25 00:00:00-04:00,17.99051423064849,18.294527302926543,17.579199417314285,18.00839614868164,13600,0.0,0.0
2018-04-26 00:00:00-04:00,17.9726322654132,18.062048685733934,17.83850848767028,17.92792320251465,11300,0.0,0.0
2018-04-27 00:00:00-04:00,17.79379660874375,17.927920365260384,17.480840039887546,17.5166072845459,8400,0.0,0.0
2018-04-30 00:00:00-04:00,17.516610056706178,17.92792320251465,17.516610056706178,17.92792320251465,4600,0.0,0.0
2018-05-01 00:00:00-04:00,17.722266093076094,17.927922659754163,17.686500549316406,17.686500549316406,5900,0.0,0.0
2018-05-02 00:00:00-04:00,17.686501084767936,17.92792320251465,17.686501084767936,17.92792320251465,5700,0.0,0.0
2018-05-03 00:00:00-04:00,17.78485679626465,18.04416423275073,17.749091253063014,17.78485679626465,11800,0.0,0.0
2018-05-04 00:00:00-04:00,17.78485761219202,18.062048685733934,17.78485761219202,17.92792320251465,8800,0.0,0.0
2018-05-07 00:00:00-04:00,17.829563751675625,18.312409613475847,17.829563751675625,18.258760452270508,7200,0.0,0.0
2018-05-08 00:00:00-04:00,18.133580336543247,18.30346964840747,17.713323699199744,17.990514755249023,6200,0.0,0.0
2018-05-09 00:00:00-04:00,18.00839543898283,18.258761041818484,18.00839543898283,18.142520904541016,4500,0.0,0.0
2018-05-10 00:00:00-04:00,18.187229718921127,18.625368280017007,18.04416413592967,18.616426467895508,13800,0.0,0.0
2018-05-11 00:00:00-04:00,18.634308241735475,19.224454139342313,18.634308241735475,19.170804977416992,12800,0.0,0.0
2018-05-14 00:00:00-04:00,19.12609655092494,19.25128020684017,18.553834256945034,18.7684326171875,6900,0.0,0.0
2018-05-15 00:00:00-04:00,18.687956574948075,18.687956574948075,17.543432075422334,17.731204986572266,23300,0.0,0.0
2018-05-16 00:00:00-04:00,17.61496627116357,17.918981042132167,17.61496627116357,17.758031845092773,1700,0.0,0.0
2018-05-17 00:00:00-04:00,17.883213781744733,18.687958060828013,17.525549847205074,17.93686294555664,8600,0.0,0.0
2018-05-18 00:00:00-04:00,18.133580151957755,18.178287506103516,18.07098746848695,18.178287506103516,1500,0.0,0.0
2018-05-21 00:00:00-04:00,18.17828644467403,18.857848761962682,18.142520904541016,18.142520904541016,5500,0.0,0.0
2018-05-22 00:00:00-04:00,18.11569670601501,18.357120513916016,18.11569670601501,18.357120513916016,3900,0.0,0.0
2018-05-23 00:00:00-04:00,18.3034707294976,18.3034707294976,17.94580675513671,18.21405601501465,13700,0.0,0.0
2018-05-24 00:00:00-04:00,18.25876212658057,18.36606216430664,17.89215636468722,18.36606216430664,8700,0.0,0.0
2018-05-25 00:00:00-04:00,18.160402235497315,18.312409613475847,18.160402235497315,18.258760452270508,8100,0.0,0.0
2018-05-29 00:00:00-04:00,18.45407204780057,18.700491833641962,18.43582008426232,18.581846237182617,10600,0.414,0.0
2018-05-30 00:00:00-04:00,18.463196466180452,19.12031580847096,18.463196466180452,18.600095748901367,14200,0.0,0.0
2018-05-31 00:00:00-04:00,18.55446493516196,19.029050783467532,18.517959268783294,18.946910858154297,3200,0.0,0.0
2018-06-01 00:00:00-04:00,18.84651614994686,19.147695278590835,18.746124267578125,18.746124267578125,11800,0.0,0.0
2018-06-04 00:00:00-04:00,18.63660421363937,18.81001091003418,18.63660421363937,18.81001091003418,5700,0.0,0.0
2018-06-05 00:00:00-04:00,18.91953155049831,19.13857078552246,18.40844000210862,19.13857078552246,5800,0.0,0.0
2018-06-06 00:00:00-04:00,19.074682299765502,19.22070843914835,18.235031127929688,18.235031127929688,12000,0.0,0.0
2018-06-07 00:00:00-04:00,18.864772761032228,19.09293885550975,18.737000305170945,18.78263282775879,10100,0.0,0.0
2018-06-08 00:00:00-04:00,18.736996788815567,19.16594833925546,18.736996788815567,18.937782287597656,5000,0.0,0.0
2018-06-11 00:00:00-04:00,18.956038193684183,19.1568237158132,18.736998967515518,18.755250930786133,4800,0.0,0.0
2018-06-12 00:00:00-04:00,18.755248799047695,18.764375650030154,18.37192976162866,18.43581771850586,16400,0.0,0.0
2018-06-13 00:00:00-04:00,18.362805158859498,18.454070189668457,17.988611221313477,17.988611221313477,18200,0.0,0.0
2018-06-14 00:00:00-04:00,18.07075356761393,18.162020351444127,17.660055651531728,17.888221740722656,26200,0.0,0.0
2018-06-15 00:00:00-04:00,17.97948662569286,18.216777801513672,17.97948662569286,18.216777801513672,11000,0.0,0.0
2018-06-18 00:00:00-04:00,17.979487959975945,18.663986206054688,17.979487959975945,18.663986206054688,17300,0.0,0.0
2018-06-19 00:00:00-04:00,18.499705996228833,18.52708481145848,18.15289258332177,18.344552993774414,36100,0.0,0.0
2018-06-20 00:00:00-04:00,18.39018468156218,18.66398500686299,18.298917906461906,18.545337677001953,11700,0.0,0.0
2018-06-21 00:00:00-04:00,18.61835280943043,18.873899459838867,18.61835280943043,18.873899459838867,6000,0.0,0.0
2018-06-22 00:00:00-04:00,18.8647718739145,18.901277542114258,18.71874571957731,18.901277542114258,6700,0.0,0.0
2018-06-25 00:00:00-04:00,18.782629772831918,19.11118945248663,18.253284589370914,19.08380889892578,18900,0.0,0.0
2018-06-26 00:00:00-04:00,19.092935272355717,19.092935272355717,18.600095765205825,18.937782287597656,13300,0.0,0.0
2018-06-27 00:00:00-04:00,18.93778308768577,18.983415603637695,18.755249542340277,18.983415603637695,7500,0.0,0.0
2018-06-28 00:00:00-04:00,18.81001078992183,19.229835510253906,18.78263023568625,19.229835510253906,5300,0.0,0.0
2018-06-29 00:00:00-04:00,19.16594714763233,19.16594714763233,18.828260646235808,19.15682029724121,13900,0.0,0.0
2018-07-02 00:00:00-04:00,18.965164939613352,19.24809038756907,18.89215186463223,18.92865753173828,14100,0.0,0.0
2018-07-03 00:00:00-04:00,18.94690975662191,19.53101431087389,18.855642984827817,19.330228805541992,5400,0.0,0.0
2018-07-05 00:00:00-04:00,19.074684877644895,19.156824809744794,18.928658718527107,19.047306060791016,6200,0.0,0.0
2018-07-06 00:00:00-04:00,18.937782202652414,19.165948253286782,18.937782202652414,19.111188888549805,700,0.0,0.0
2018-07-09 00:00:00-04:00,19.038178367156654,19.37586319240944,18.965165290823425,19.248090744018555,15100,0.0,0.0
2018-07-10 00:00:00-04:00,19.165948959129302,19.448874384920213,18.965163453853318,18.992542266845703,17500,0.0,0.0
2018-07-11 00:00:00-04:00,19.074682471034837,19.366734752422833,18.86477011138333,19.147695541381836,8200,0.0,0.0
2018-07-12 00:00:00-04:00,18.983415276638205,19.16594881883946,18.873896543932545,19.08380889892578,11800,0.0,0.0
2018-07-13 00:00:00-04:00,19.074682423876688,19.202456602244723,18.901275729442936,19.065555572509766,7500,0.0,0.0
2018-07-16 00:00:00-04:00,18.96516536469857,19.12031837010718,18.37193215881508,18.663986206054688,12600,0.0,0.0
2018-07-17 00:00:00-04:00,18.700492786742963,19.220711200631424,18.463199840961202,18.536212921142578,12600,0.0,0.0
2018-07-18 00:00:00-04:00,18.57271717436279,18.84651574330649,18.57271717436279,18.67310905456543,10400,0.0,0.0
2018-07-19 00:00:00-04:00,18.755251053561103,19.20245810161478,18.7096185339323,19.001670837402344,6400,0.0,0.0
2018-07-20 00:00:00-04:00,18.919531640533492,19.056430945478933,18.828264856980162,18.974292755126953,5500,0.0,0.0
2018-07-23 00:00:00-04:00,18.97429191603174,19.375862960677246,18.97429191603174,19.175077438354492,17200,0.0,0.0
2018-07-24 00:00:00-04:00,19.238964004683826,19.823068618774414,19.22071030030123,19.823068618774414,10100,0.0,0.0
2018-07-25 00:00:00-04:00,19.786560907559966,19.941713897252356,19.4306224126999,19.91433334350586,11700,0.0,0.0
2018-07-26 00:00:00-04:00,19.91433446143328,20.297653531558158,19.91433446143328,20.1972599029541,16100,0.0,0.0
2018-07-27 00:00:00-04:00,20.197259758900124,20.206386610596216,19.248089812503423,19.622282028198242,12500,0.0,0.0
2018-07-30 00:00:00-04:00,19.759180207935287,19.759180207935287,19.284594391113053,19.66791343688965,16800,0.0,0.0
2018-07-31 00:00:00-04:00,19.594901338476284,19.631408745009804,19.02905046335837,19.37586212158203,13900,0.0,0.0
2018-08-01 00:00:00-04:00,19.2389620337479,19.79568777499987,19.2389620337479,19.330228805541992,9200,0.0,0.0
2018-08-02 00:00:00-04:00,19.35760813802645,19.521887983510688,19.111190110569027,19.2207088470459,12700,0.0,0.0
2018-08-03 00:00:00-04:00,19.21158397726589,19.43975006602567,19.184205160706945,19.384990692138672,5100,0.0,0.0
2018-08-06 00:00:00-04:00,19.339356175792926,19.46712861527225,19.2207088470459,19.2207088470459,8600,0.0,0.0
2018-08-07 00:00:00-04:00,19.09293847069673,19.09293847069673,18.709619370069422,18.800886154174805,7700,0.0,0.0
2018-08-08 00:00:00-04:00,18.527084350585938,18.800884681454622,18.481451832492315,18.527084350585938,5800,0.0,0.0
2018-08-09 00:00:00-04:00,18.125514125904534,18.45407210052946,16.838657561636833,17.15808868408203,58100,0.0,0.0
2018-08-10 00:00:00-04:00,16.701754730186135,17.705685732391444,16.25454946590999,16.99380874633789,48500,0.0,0.0
2018-08-13 00:00:00-04:00,16.993810881331967,17.532281243738595,16.701756828488406,17.066823959350586,26900,0.0,0.0
2018-08-14 00:00:00-04:00,17.01206146237625,17.066822572015585,16.68350350838497,16.95730209350586,17500,0.0,0.0
2018-08-15 00:00:00-04:00,16.720008488814724,16.902542031927272,15.82559795725477,16.154157638549805,32500,0.0,0.0
2018-08-16 00:00:00-04:00,16.154160033761713,16.765645230855426,16.154160033761713,16.382326126098633,20000,0.0,0.0
2018-08-17 00:00:00-04:00,16.263677867894536,16.610491283557895,16.053765492543526,16.41883087158203,13100,0.0,0.0
2018-08-20 00:00:00-04:00,16.32756458604685,17.431889349443676,16.32756458604685,17.066823959350586,10500,0.0,0.0
2018-08-21 00:00:00-04:00,16.957301510624927,17.56878662109375,16.70175489673222,17.56878662109375,26700,0.0,0.0
2018-08-22 00:00:00-04:00,17.377127172575666,17.74219250377078,17.377127172575666,17.52315330505371,20300,0.0,0.0
2018-08-23 00:00:00-04:00,17.523154669065836,17.787826401996185,17.340621118875358,17.541406631469727,48100,0.0,0.0
2018-08-24 00:00:00-04:00,17.568788409510375,17.568788409510375,17.021189461579613,17.322368621826172,32900,0.0,0.0
2018-08-27 00:00:00-04:00,17.34062120773121,17.705686569213867,17.34062120773121,17.705686569213867,37400,0.0,0.0
2018-08-28 00:00:00-04:00,17.614421611607415,18.107261206050907,17.431889782411748,17.96123504638672,40300,0.0,0.0
2018-08-29 00:00:00-04:00,17.881058028492276,18.170063156287895,17.759861125168598,17.899703979492188,18400,0.414,0.0
2018-08-30 00:00:00-04:00,18.06751029531733,18.076833269832413,17.480177126271847,17.90902328491211,46700,0.0,0.0
2018-08-31 00:00:00-04:00,17.769181252458516,18.263288205701596,17.638663172731295,18.24464225769043,33900,0.0,0.0
2018-09-04 00:00:00-04:00,17.96496243148867,18.17938552631898,17.58272933959961,17.58272933959961,26900,0.0,0.0
2018-09-05 00:00:00-04:00,17.666632769955978,17.787827880309617,16.37076778446029,16.790292739868164,35000,0.0,0.0
2018-09-06 00:00:00-04:00,16.780970183896347,16.902165297271676,16.25889605384207,16.547901153564453,67000,0.0,0.0
2018-09-07 00:00:00-04:00,16.547902263041525,16.547902263041525,14.226534778677632,14.496894836425781,153400,0.0,0.0
2018-09-10 00:00:00-04:00,14.431634227754998,15.335943222045898,13.47139005201272,15.335943222045898,103200,0.0,0.0
2018-09-11 00:00:00-04:00,15.289329055170805,15.643595000711777,14.217211799682358,14.291793823242188,140500,0.0,0.0
2018-09-12 00:00:00-04:00,14.29179302740661,15.457138191996764,14.263824992401032,15.196100234985352,64400,0.0,0.0
2018-09-13 00:00:00-04:00,15.690208271454674,15.690208271454674,14.785900114470603,15.261362075805664,42700,0.0,0.0
2018-09-14 00:00:00-04:00,15.16813342196251,16.165668620236485,14.68334939609131,16.0351505279541,38500,0.0,0.0
2018-09-17 00:00:00-04:00,15.98853638533933,16.408061384273672,14.795223104928402,15.270683288574219,81000,0.0,0.0
2018-09-18 00:00:00-04:00,15.205423394553513,16.0165044213668,15.205423394553513,15.75546646118164,13300,0.0,0.0
2018-09-19 00:00:00-04:00,15.783435385615073,15.997858471744511,15.503751475807624,15.75546646118164,23200,0.0,0.0
2018-09-20 00:00:00-04:00,15.755467494292917,16.025828447017222,15.410526294540364,15.969890594482422,38600,0.0,0.0
2018-09-21 00:00:00-04:00,15.988536254113974,16.29618732474888,15.988536254113974,16.22160530090332,16600,0.0,0.0
2018-09-24 00:00:00-04:00,16.10040932641018,16.43602752685547,16.10040932641018,16.43602752685547,28100,0.0,0.0
2018-09-25 00:00:00-04:00,16.249573779405615,16.417383772983232,15.941922717238542,16.053794860839844,22200,0.0,0.0
2018-09-26 00:00:00-04:00,16.00718089506198,16.128376007080078,15.867339834063994,16.128376007080078,6100,0.0,0.0
2018-09-27 00:00:00-04:00,16.128375122700668,16.389413059578626,16.03514893926433,16.193635940551758,10800,0.0,0.0
2018-09-28 00:00:00-04:00,16.128377028343312,16.128377028343312,15.876663813878467,16.06311798095703,4800,0.0,0.0
2018-10-01 00:00:00-04:00,15.99785951002315,16.18431546199598,15.941923435701598,16.10041046142578,12800,0.0,0.0
2018-10-02 00:00:00-04:00,15.960570116611619,16.156347274780273,15.876665112203389,16.156347274780273,14800,0.0,0.0
2018-10-03 00:00:00-04:00,15.988535653442076,16.147022670431674,15.876663510964502,16.0351505279541,11200,0.0,0.0
2018-10-04 00:00:00-04:00,15.913953792250386,16.053794860839844,15.792758673653031,16.053794860839844,52800,0.0,0.0
2018-10-05 00:00:00-04:00,16.01650353115181,17.219138764135597,15.848693550229529,16.92081069946289,37800,0.0,0.0
2018-10-08 00:00:00-04:00,16.790295094813803,16.883523073333095,16.24025197754334,16.687744140625,13400,0.0,0.0
2018-10-09 00:00:00-04:00,16.50128936767578,16.7436796136532,16.2216054421872,16.50128936767578,29100,0.0,0.0
2018-10-10 00:00:00-04:00,16.37076861292102,16.482642532749804,15.867340419130576,16.305509567260742,31200,0.0,0.0
2018-10-11 00:00:00-04:00,16.11905569202984,16.380091879317344,15.941922723387847,16.324155807495117,11000,0.0,0.0
2018-10-12 00:00:00-04:00,16.21228231831818,16.21228231831818,15.485108030696763,16.081764221191406,26900,0.0,0.0
2018-10-15 00:00:00-04:00,15.96056917005188,15.96056917005188,15.457139173458991,15.74614429473877,10000,0.0,0.0
2018-10-16 00:00:00-04:00,15.662239226902827,16.02582814891276,15.569013030763793,15.811403274536133,10300,0.0,0.0
2018-10-17 00:00:00-04:00,15.690207849022551,15.783435821533203,15.149487742271576,15.783435821533203,10900,0.0,0.0
2018-10-18 00:00:00-04:00,15.652917426255573,15.755466593689373,15.419848388543672,15.624948501586914,8800,0.0,0.0
2018-10-19 00:00:00-04:00,15.531721114340925,15.848695159790797,15.419848967814916,15.802082061767578,5100,0.0,0.0
2018-10-22 00:00:00-04:00,15.84869602777602,16.41738510131836,15.84869602777602,16.41738510131836,6100,0.0,0.0
2018-10-23 00:00:00-04:00,15.913954237342928,16.398738281642448,15.867341139234622,16.361446380615234,9700,0.0,0.0
2018-10-24 00:00:00-04:00,16.174992202815737,16.22160530090332,15.988536254113974,16.22160530090332,14000,0.0,0.0
2018-10-25 00:00:00-04:00,16.119055548653705,16.31483268737793,16.08176364898682,16.31483268737793,11900,0.0,0.0
2018-10-26 00:00:00-04:00,16.15634495121357,16.39873695373535,16.08176293337422,16.39873695373535,14600,0.0,0.0
2018-10-29 00:00:00-04:00,16.305510291607384,16.35212516784668,15.979213270635135,16.35212516784668,7400,0.0,0.0
2018-10-30 00:00:00-04:00,16.2402506662198,16.342801612128095,15.932599606670555,16.31483268737793,10400,0.0,0.0
2018-10-31 00:00:00-04:00,16.230926680474347,16.380090713500977,16.12837574095271,16.380090713500977,10600,0.0,0.0
2018-11-01 00:00:00-04:00,16.277540921364604,16.370768893121667,15.969889859289262,16.184314727783203,9400,0.0,0.0
2018-11-02 00:00:00-04:00,16.156345670144947,16.31483268737793,15.988535677995243,16.31483268737793,21900,0.0,0.0
2018-11-05 00:00:00-05:00,16.193637702776478,16.286863896357875,16.174991752789932,16.184314727783203,3600,0.0,0.0
2018-11-06 00:00:00-05:00,16.100409586564655,16.221604704038498,16.035150540372925,16.174991607666016,5000,0.0,0.0
2018-11-07 00:00:00-05:00,16.137699695529268,16.25889659108489,16.0351505279541,16.0351505279541,5900,0.0,0.0
2018-11-08 00:00:00-05:00,15.941923721923294,16.119056701660156,15.429170733879907,16.119056701660156,26000,0.0,0.0
2018-11-09 00:00:00-05:00,15.98853580286856,15.98853580286856,15.447815700705082,15.91395378112793,15600,0.0,0.0
2018-11-12 00:00:00-05:00,14.683349595350379,17.853088199981357,14.683349595350379,15.848694801330566,192900,0.0,0.0
2018-11-13 00:00:00-05:00,16.08176353814616,16.193637458200108,14.701995267142728,14.729963302612305,54700,0.0,0.0
2018-11-14 00:00:00-05:00,14.54350794777213,15.559689069220365,14.4502799793669,15.391879081726074,38700,0.0,0.0
2018-11-15 00:00:00-05:00,15.16813455388372,15.214747653698602,14.74860954284668,14.74860954284668,11900,0.0,0.0
2018-11-16 00:00:00-05:00,14.776578469641075,14.869805558358726,14.310440358789153,14.74860954284668,16300,0.0,0.0
2018-11-19 00:00:00-05:00,14.412989626217286,15.102874667841494,14.319761653566278,14.552830696105957,69100,0.0,0.0
2018-11-20 00:00:00-05:00,14.496895136042982,14.86980526164836,14.33840811038873,14.59012222290039,29700,0.0,0.0
2018-11-21 00:00:00-05:00,14.468925616148196,15.373232800341624,14.357051700843327,14.963030815124512,30000,0.0,0.0
2018-11-23 00:00:00-05:00,14.972354882117036,15.12151892795769,14.720640777032898,15.102874755859375,6300,0.0,0.0
2018-11-26 00:00:00-05:00,15.11219632773066,15.40120322962046,14.627413166721828,15.065583229064941,25400,0.0,0.0
2018-11-27 00:00:00-05:00,14.91641728302708,15.54104232788086,14.91641728302708,15.54104232788086,21700,0.0,0.0
2018-11-28 00:00:00-05:00,15.541045167156627,15.951247215270996,15.130843119042257,15.951247215270996,21000,0.0,0.0
2018-11-29 00:00:00-05:00,16.136591669043348,16.32767105102539,15.515586411003769,16.32767105102539,16600,0.414,0.0
2018-11-30 00:00:00-05:00,16.05060512452616,16.05060512452616,15.152535912197289,15.67800235748291,25700,0.0,0.0
2018-12-03 00:00:00-05:00,15.668449300521676,16.356333622796534,14.875472957441087,15.888189315795898,35100,0.0,0.0
2018-12-04 00:00:00-05:00,15.763989221568952,16.193916929246246,15.486924293895123,15.735326766967773,34400,0.0,0.0
2018-12-06 00:00:00-05:00,15.343615377314563,15.515586457156338,14.789487354639983,14.808595657348633,87400,0.0,0.0
2018-12-07 00:00:00-05:00,14.69394806531106,14.69394806531106,13.041117294782978,14.321344375610352,143800,0.0,0.0
2018-12-10 00:00:00-05:00,14.092050535473906,14.092050535473906,13.404167135573928,13.767216682434082,38400,0.0,0.0
2018-12-11 00:00:00-05:00,13.394613869036448,15.477371455969433,13.193981249092133,15.28629207611084,88200,0.0,0.0
2018-12-12 00:00:00-05:00,15.28629173617695,15.763988352932481,14.598408352931472,15.334060668945312,36300,0.0,0.0
2018-12-13 00:00:00-05:00,15.152536491912155,15.993282654308132,14.760825408427053,15.763988494873047,82600,0.0,0.0
2018-12-14 00:00:00-05:00,15.572909355163574,15.668449045286323,15.305400409541498,15.572909355163574,40800,0.0,0.0
2018-12-17 00:00:00-05:00,15.381831312812688,15.84997377517755,15.381831312812688,15.410491943359375,49000,0.0,0.0
2018-12-18 00:00:00-05:00,15.448708194995344,15.983727879465249,15.448708194995344,15.716218948364258,34100,0.0,0.0
2018-12-19 00:00:00-05:00,15.754434121938182,16.04105318389709,15.534694116690599,15.916851043701172,21200,0.0,0.0
2018-12-20 00:00:00-05:00,15.811757045445848,15.983728116427665,15.429600122301782,15.525139808654785,31800,0.0,0.0
2018-12-21 00:00:00-05:00,15.687557125813631,16.08882236083758,15.687557125813631,15.907297134399414,45300,0.0,0.0
2018-12-24 00:00:00-05:00,15.907296495969549,15.907296495969549,15.534693729211499,15.716218948364258,15700,0.0,0.0
2018-12-26 00:00:00-05:00,15.69711152542205,15.69711152542205,14.837257046272182,15.248076438903809,43200,0.0,0.0
2018-12-27 00:00:00-05:00,14.904134580762184,15.238521660729749,13.537921986037691,14.33089828491211,64100,0.0,0.0
2018-12-28 00:00:00-05:00,15.056997857910002,16.42321049871845,15.056997857910002,16.33722496032715,97100,0.0,0.0
2018-12-31 00:00:00-05:00,16.14614558117581,16.623842206786147,15.86908248590118,16.33722496032715,68800,0.0,0.0
2019-01-02 00:00:00-05:00,15.974173818030524,17.4359260856075,15.974173818030524,16.50919532775879,33900,0.0,0.0
2019-01-03 00:00:00-05:00,16.23213127810709,17.053770065307617,16.05060604836715,17.053770065307617,16900,0.0,0.0
2019-01-04 00:00:00-05:00,17.005999487228166,17.005999487228166,15.295846480488317,15.783097267150879,41600,0.0,0.0
2019-01-07 00:00:00-05:00,15.649340250010914,15.678002702825566,15.25763008401781,15.410491943359375,35000,0.0,0.0
2019-01-08 00:00:00-05:00,15.295846227330571,15.620680079729368,15.095213607386256,15.28629207611084,23000,0.0,0.0
2019-01-09 00:00:00-05:00,15.19075260018144,15.286292291456654,14.808595657348633,14.808595657348633,32600,0.0,0.0
2019-01-10 00:00:00-05:00,14.732164312422059,15.372277876913689,14.569747383453494,14.627071380615234,18300,0.0,0.0
2019-01-11 00:00:00-05:00,14.617516221661566,15.286291283069044,14.569746379175182,14.66528606414795,24200,0.0,0.0
2019-01-14 00:00:00-05:00,14.588855643003274,15.486924003093362,14.187590397461816,14.808595657348633,31200,0.0,0.0
2019-01-15 00:00:00-05:00,14.722609744390299,14.9327965131897,14.569746971130371,14.569746971130371,21200,0.0,0.0
2019-01-16 00:00:00-05:00,14.569746988339784,14.971012224188058,14.302237134818933,14.713055610656738,36000,0.0,0.0
2019-01-17 00:00:00-05:00,14.388222746484661,15.429600623674489,14.350007052928467,14.999673843383789,15100,0.0,0.0
2019-01-18 00:00:00-05:00,15.305400757848693,15.668449401855469,15.018782592091844,15.668449401855469,18900,0.0,0.0
2019-01-22 00:00:00-05:00,15.439154916673985,15.439154916673985,14.072942265005207,14.235359191894531,48900,0.0,0.0
2019-01-23 00:00:00-05:00,14.139819625243513,14.19714270734505,13.604799029203397,13.61435317993164,59900,0.0,0.0
2019-01-24 00:00:00-05:00,13.537921828052953,13.767215979263577,13.260857834223291,13.432828903198242,47000,0.0,0.0
2019-01-25 00:00:00-05:00,13.432829055740633,13.843647520208073,13.289519526256106,13.643014907836914,48400,0.0,0.0
2019-01-28 00:00:00-05:00,13.471044748043045,13.986957049692602,13.375505061720027,13.643014907836914,37500,0.0,0.0
2019-01-29 00:00:00-05:00,13.633461668111792,13.881863212510487,13.432829055740633,13.643014907836914,27300,0.0,0.0
2019-01-30 00:00:00-05:00,13.585691935296246,13.585691935296246,13.184426707294763,13.566583633422852,15000,0.0,0.0
2019-01-31 00:00:00-05:00,13.614353908529571,14.617517010332236,13.614353908529571,13.948741912841797,27400,0.0,0.0
2019-02-01 00:00:00-05:00,13.900971497887591,14.416883798930675,13.900971497887591,14.187589645385742,6000,0.0,0.0
2019-02-04 00:00:00-05:00,14.283129151003008,14.464654381861047,13.948742054430548,14.340453147888184,20100,0.0,0.0
2019-02-05 00:00:00-05:00,14.206696948844153,14.464653553351111,13.853201569846222,13.900971412658691,32700,0.0,0.0
2019-02-06 00:00:00-05:00,13.910525648735456,14.197142885099634,13.814985962524748,14.187589645385742,13900,0.0,0.0
2019-02-07 00:00:00-05:00,13.996510022925413,14.10160385810655,13.643014648075123,14.015618324279785,23800,0.0,0.0
2019-02-08 00:00:00-05:00,13.862756487110195,14.034726655155799,13.6143540196583,13.872310638427734,11000,0.0,0.0
2019-02-11 00:00:00-05:00,13.853202034443294,14.120711887577093,13.681230959004566,13.738554954528809,28300,0.0,0.0
2019-02-12 00:00:00-05:00,13.958294331350624,14.015618324279785,13.776770024153864,14.015618324279785,7200,0.0,0.0
2019-02-13 00:00:00-05:00,13.929632682970729,14.330897896976794,13.78632406845454,14.092049598693848,7600,0.0,0.0
2019-02-14 00:00:00-05:00,14.416883437106968,15.142982482910156,14.111157906719919,15.142982482910156,16900,0.0,0.0
2019-02-15 00:00:00-05:00,14.999673680223225,15.381831522762221,14.579301055677723,15.295845985412598,8100,0.0,0.0
2019-02-19 00:00:00-05:00,15.286291717104444,15.429600337498703,15.047443409024687,15.190752029418945,7000,0.0,0.0
2019-02-20 00:00:00-05:00,15.056997944129558,15.907297359459188,15.056997944129558,15.572909355163574,28800,0.0,0.0
2019-02-21 00:00:00-05:00,15.592017987707774,15.716220134176979,15.286292430657513,15.381832122802734,54000,0.0,0.0
2019-02-22 00:00:00-05:00,15.295845776636698,15.563356536102887,15.28629162569848,15.410491943359375,28900,0.0,0.0
2019-02-25 00:00:00-05:00,15.572908268114181,15.64933965042357,15.314953491737429,15.506031036376953,7200,0.0,0.0
2019-02-26 00:00:00-05:00,15.324509036422826,15.65889522552901,15.324509036422826,15.381832122802734,5000,0.0,0.0
2019-02-27 00:00:00-05:00,15.689741875825982,15.689741875825982,15.29749870300293,15.29749870300293,60900,0.414,0.0
2019-02-28 00:00:00-05:00,15.199437176516403,15.228855180168527,14.97389758988101,15.022927284240723,32800,0.0,0.0
2019-03-01 00:00:00-05:00,15.58187580981252,15.876058667833352,15.05234703944763,15.523038864135742,15300,0.0,0.0
2019-03-04 00:00:00-05:00,15.483814123257616,15.483814123257616,14.454174615847782,14.70913314819336,25400,0.0,0.0
2019-03-05 00:00:00-05:00,14.709133299433743,14.875836884975179,14.120767593383789,14.120767593383789,27300,0.0,0.0
2019-03-06 00:00:00-05:00,14.120767912847688,14.640491307849762,13.64026977197244,14.130574226379395,111200,0.0,0.0
2019-03-07 00:00:00-05:00,13.973676569646248,14.120767527885711,12.93423074316112,13.198995590209961,144300,0.0,0.0
2019-03-08 00:00:00-05:00,13.198995454593451,13.777554838705392,12.953843236592222,13.728524208068848,17800,0.0,0.0
2019-03-11 00:00:00-04:00,13.630462946795756,13.905034104287811,13.238219772066389,13.728524208068848,35200,0.0,0.0
2019-03-12 00:00:00-04:00,13.728524253417632,13.728524253417632,13.473565721410601,13.581433296203613,7300,0.0,0.0
2019-03-13 00:00:00-04:00,13.434341359431073,13.92464579543353,13.434341359431073,13.728524208068848,24100,0.0,0.0
2019-03-14 00:00:00-04:00,13.865809716378898,14.07173761586111,13.728524138330258,14.022706985473633,11600,0.0,0.0
2019-03-15 00:00:00-04:00,14.012900999708538,14.130573954278493,13.973676681518555,13.973676681518555,22200,0.0,0.0
2019-03-18 00:00:00-04:00,13.836390733959826,14.267859157808523,13.836390733959826,14.169797897338867,66000,0.0,0.0
2019-03-19 00:00:00-04:00,14.02270756055673,14.414950749379795,13.875615663361934,14.218829154968262,14300,0.0,0.0
2019-03-20 00:00:00-04:00,14.120767640935618,14.218828904001336,13.973676681518555,13.973676681518555,28900,0.0,0.0
2019-03-21 00:00:00-04:00,13.924646354499481,14.258053533996284,13.581433796626884,14.012901306152344,76600,0.0,0.0
2019-03-22 00:00:00-04:00,13.846197022705498,14.38553208397763,13.82658533175493,14.316889762878418,28400,0.0,0.0
2019-03-25 00:00:00-04:00,14.179604836085955,14.267859787366527,14.071738192954996,14.218829154968262,5800,0.0,0.0
2019-03-26 00:00:00-04:00,14.071737487323603,14.55223560333252,14.061931174299383,14.55223560333252,11300,0.0,0.0
2019-03-27 00:00:00-04:00,14.405143848262874,15.513231980464862,14.26785920536555,15.29749870300293,35500,0.0,0.0
2019-03-28 00:00:00-04:00,15.20924440862995,15.395559689928632,14.787582278346706,15.199438095092773,25400,0.0,0.0
2019-03-29 00:00:00-04:00,15.209244198215286,15.964313496864131,15.209244198215286,15.905475616455078,58000,0.0,0.0
2019-04-01 00:00:00-04:00,15.69954835582646,15.964313201682561,15.69954835582646,15.836833000183105,19400,0.0,0.0
2019-04-02 00:00:00-04:00,15.689742093873676,15.964313253847148,15.483814191484324,15.719161033630371,8700,0.0,0.0
2019-04-03 00:00:00-04:00,15.719160968101027,15.954506874084473,15.67993571525562,15.954506874084473,22700,0.0,0.0
2019-04-04 00:00:00-04:00,15.954506874084473,15.954506874084473,15.817220359488546,15.954506874084473,7700,0.0,0.0
2019-04-05 00:00:00-04:00,15.866252309211564,15.915282006090925,15.699548721313477,15.699548721313477,15000,0.0,0.0
2019-04-08 00:00:00-04:00,15.581875695833766,15.934894561767578,15.581875695833766,15.934894561767578,18200,0.0,0.0
2019-04-09 00:00:00-04:00,15.72896734131291,15.866251986069528,15.542651130312493,15.689742088317871,24100,0.0,0.0
2019-04-10 00:00:00-04:00,15.630905156909126,15.660324096679688,15.493620512039186,15.660324096679688,5900,0.0,0.0
2019-04-11 00:00:00-04:00,15.493620552784597,15.640711511298212,15.483814239501953,15.483814239501953,2400,0.0,0.0
2019-04-12 00:00:00-04:00,15.434783554939145,15.689742088317871,15.434783554939145,15.689742088317871,14300,0.0,0.0
2019-04-15 00:00:00-04:00,15.58187583236091,15.58187583236091,15.336723606185712,15.434783935546875,6800,0.0,0.0
2019-04-16 00:00:00-04:00,15.356334992911558,15.434783628914614,15.032734135603576,15.395559310913086,7500,0.0,0.0
2019-04-17 00:00:00-04:00,15.30730415215495,15.395559100246118,14.983703299275,15.003315925598145,4800,0.0,0.0
2019-04-18 00:00:00-04:00,15.00331631900446,15.00331631900446,14.473787551754022,14.689520835876465,8000,0.0,0.0
2019-04-22 00:00:00-04:00,14.542429519783868,14.875836686416513,14.542429519783868,14.856224060058594,6200,0.0,0.0
2019-04-23 00:00:00-04:00,14.63068483075332,14.748357786273672,14.5326235668956,14.718939781188965,32000,0.0,0.0
2019-04-24 00:00:00-04:00,14.63068450582844,14.846418720415388,14.63068450582844,14.767970085144043,41400,0.0,0.0
2019-04-25 00:00:00-04:00,14.601266501397058,14.767970085144043,14.601266501397058,14.767970085144043,17300,0.0,0.0
2019-04-26 00:00:00-04:00,14.718939147510358,14.728745460510254,14.63068420087426,14.728745460510254,6100,0.0,0.0
2019-04-29 00:00:00-04:00,14.601266508438615,14.79738809671156,14.601266508438615,14.70913314819336,14400,0.0,0.0
2019-04-30 00:00:00-04:00,14.6012661263217,14.993509292602539,14.6012661263217,14.993509292602539,41600,0.0,0.0
2019-05-01 00:00:00-04:00,14.91506135171696,14.91506135171696,14.709133446064792,14.807194709777832,11600,0.0,0.0
2019-05-02 00:00:00-04:00,14.767970343410658,14.983703626588916,14.767970343410658,14.954285621643066,7300,0.0,0.0
2019-05-03 00:00:00-04:00,15.150407165049737,15.150407165049737,14.797388301278126,15.1013765335083,15000,0.0,0.0
2019-05-06 00:00:00-04:00,14.767970033300227,15.258274469615644,14.620878141296703,14.973897933959961,16800,0.0,0.0
2019-05-07 00:00:00-04:00,15.0131222261112,15.199437500116643,14.915060964941075,15.032733917236328,8000,0.0,0.0
2019-05-08 00:00:00-04:00,14.90525434086635,15.199437183058619,14.895448027917597,15.052346229553223,21000,0.0,0.0
2019-05-09 00:00:00-04:00,15.003315925598145,15.003315925598145,14.46398085907106,15.003315925598145,9100,0.0,0.0
2019-05-10 00:00:00-04:00,14.934672362083521,15.06215162502271,14.611071515846147,14.964091300964355,8800,0.0,0.0
2019-05-13 00:00:00-04:00,14.738551451106096,15.071958625512607,14.630684809166969,14.807194709777832,11700,0.0,0.0
2019-05-14 00:00:00-04:00,14.728745394663552,15.15040656477769,14.728745394663552,14.934672355651855,7000,0.0,0.0
2019-05-15 00:00:00-04:00,14.836612342577382,15.199437512922131,14.836612342577382,15.003315925598145,17500,0.0,0.0
2019-05-16 00:00:00-04:00,14.92486736288435,15.160213268811882,14.70913314819336,14.70913314819336,88100,0.0,0.0
2019-05-17 00:00:00-04:00,14.463981243304108,14.718939781188965,14.277665964192263,14.718939781188965,6900,0.0,0.0
2019-05-20 00:00:00-04:00,14.70913313541154,14.738551139831543,14.660102504590535,14.738551139831543,5700,0.0,0.0
2019-05-21 00:00:00-04:00,14.650296139936142,14.944478988647461,14.640490761951577,14.944478988647461,5700,0.0,0.0
2019-05-22 00:00:00-04:00,14.954285314525363,15.032733949557533,14.807194357635417,14.915060997009277,14500,0.0,0.0
2019-05-23 00:00:00-04:00,14.91506100973789,14.91506100973789,14.709133108807327,14.885643005371094,8400,0.0,0.0
2019-05-24 00:00:00-04:00,14.885643005371094,14.885643005371094,14.738551113174122,14.885643005371094,13200,0.0,0.0
2019-05-28 00:00:00-04:00,14.728745424187828,14.954285011540343,14.728745424187828,14.816999435424805,21800,0.0,0.0
2019-05-29 00:00:00-04:00,14.34630835770129,14.562042578130756,14.34630835770129,14.483593940734863,9800,0.0,0.0
2019-05-30 00:00:00-04:00,14.40514438557888,14.40514438557888,14.012901198125045,14.365920066833496,21100,0.0,0.0
2019-05-31 00:00:00-04:00,14.32669545522382,14.591460302729018,14.071737856181397,14.297277450561523,15700,0.0,0.0
2019-06-03 00:00:00-04:00,14.2482468323429,14.375726099571231,14.228635140943968,14.26785945892334,11700,0.0,0.0
2019-06-04 00:00:00-04:00,14.287470811352696,14.57184734375169,14.26785912041905,14.346307754516602,23100,0.0,0.0
2019-06-05 00:00:00-04:00,14.267859787366527,14.33650211161518,14.14038051720365,14.218829154968262,9200,0.0,0.0
2019-06-06 00:00:00-04:00,14.130573543157594,14.346307754516602,14.120767230100029,14.346307754516602,19200,0.0,0.0
2019-06-07 00:00:00-04:00,14.267859742385015,14.395339012145996,14.218829110141327,14.395339012145996,18100,0.0,0.0
2019-06-10 00:00:00-04:00,14.395339088674987,15.199438095092773,14.336502142633465,15.199438095092773,32000,0.0,0.0
2019-06-11 00:00:00-04:00,15.091570988103419,15.091570988103419,14.532623291015625,14.532623291015625,39600,0.0,0.0
2019-06-12 00:00:00-04:00,14.493398697199996,14.571847331230137,14.375725746154785,14.375725746154785,8400,0.0,0.0
2019-06-13 00:00:00-04:00,14.375726052936447,14.444368375382293,14.375726052936447,14.414950370788574,2700,0.0,0.0
2019-06-14 00:00:00-04:00,14.365919408718911,14.954285098127675,14.365919408718911,14.522817611694336,32100,0.0,0.0
2019-06-17 00:00:00-04:00,14.53262326383601,14.807194422839183,14.53262326383601,14.679715156555176,15000,0.0,0.0
2019-06-18 00:00:00-04:00,14.660102517329749,14.748357465847949,14.660102517329749,14.70913314819336,7100,0.0,0.0
2019-06-19 00:00:00-04:00,14.660102151002983,15.395558790035054,14.660102151002983,14.905254364013672,13300,0.0,0.0
2019-06-20 00:00:00-04:00,14.885642985794147,14.973897933959961,14.738551093790624,14.973897933959961,7500,0.0,0.0
2019-06-21 00:00:00-04:00,14.954284981563966,15.01312192411882,14.728745394663552,14.934672355651855,3200,0.0,0.0
2019-06-24 00:00:00-04:00,14.826806306130381,15.277886432984864,14.826806306130381,15.1013765335083,16800,0.0,0.0
2019-06-25 00:00:00-04:00,14.807194370271974,15.39555913351537,14.807194370271974,14.885643005371094,7100,0.0,0.0
2019-06-26 00:00:00-04:00,14.718939703749859,15.081764881824101,14.709133390379376,15.01312255859375,1700,0.0,0.0
2019-06-27 00:00:00-04:00,14.807194648581397,15.003316240015408,14.807194648581397,14.98370361328125,4200,0.0,0.0
2019-06-28 00:00:00-04:00,14.905254796865677,15.689742088317871,14.758163838860298,15.689742088317871,25300,0.0,0.0
2019-07-01 00:00:00-04:00,15.434783198119979,15.8270263671875,15.434783198119979,15.8270263671875,21300,0.0,0.0
2019-07-02 00:00:00-04:00,15.454395842081102,15.797609316799198,15.454395842081102,15.738771438598633,7400,0.0,0.0
2019-07-03 00:00:00-04:00,15.621099765939562,15.738771784198661,15.493620499250198,15.689742088317871,5000,0.0,0.0
2019-07-05 00:00:00-04:00,15.474007827669615,15.836833000183105,15.474007827669615,15.836833000183105,7200,0.0,0.0
2019-07-08 00:00:00-04:00,15.836833303141923,15.964313507080078,15.836833303141923,15.964313507080078,5200,0.0,0.0
2019-07-09 00:00:00-04:00,15.748578077198285,16.170240194537747,15.748578077198285,15.777997016906738,1800,0.0,0.0
2019-07-10 00:00:00-04:00,15.689741774529491,16.081984944820135,15.689741774529491,15.709354400634766,2900,0.0,0.0
2019-07-11 00:00:00-04:00,15.689741737943026,15.905475013509074,15.689741737943026,15.8858642578125,12300,0.0,0.0
2019-07-12 00:00:00-04:00,15.74857774575868,15.974119204717466,15.689741737943026,15.8858642578125,2800,0.0,0.0
2019-07-15 00:00:00-04:00,15.78780360142387,15.974119815386187,15.78780360142387,15.934894561767578,3900,0.0,0.0
2019-07-16 00:00:00-04:00,15.866252848996059,16.042762756347656,15.846640221431857,16.042762756347656,4600,0.0,0.0
2019-07-17 00:00:00-04:00,15.93489389213387,16.160433479873884,15.93489389213387,16.1212100982666,1200,0.0,0.0
2019-07-18 00:00:00-04:00,16.08198517360679,16.08198517360679,15.856445581276454,15.98392391204834,8700,0.0,0.0
2019-07-19 00:00:00-04:00,15.83683388302034,16.17024106964082,15.83683388302034,16.131017684936523,4600,0.0,0.0
2019-07-22 00:00:00-04:00,15.905476209025183,16.131017684936523,15.905476209025183,16.131017684936523,4900,0.0,0.0
2019-07-23 00:00:00-04:00,16.08198608328876,16.180047350394073,15.993731129930291,16.16043472290039,11000,0.0,0.0
2019-07-24 00:00:00-04:00,16.101598642052483,16.454618453979492,15.98392474795578,16.454618453979492,5200,0.0,0.0
2019-07-25 00:00:00-04:00,16.180046435165238,16.180046435165238,15.98392391204834,15.98392391204834,6300,0.0,0.0
2019-07-26 00:00:00-04:00,15.92508754400112,16.297719955444336,15.92508754400112,16.297719955444336,7400,0.0,0.0
2019-07-29 00:00:00-04:00,16.15062779689542,16.21927199052106,15.983924210244929,16.081985473632812,9800,0.0,0.0
2019-07-30 00:00:00-04:00,16.091791170999546,16.150627178634767,15.983923598365841,16.003536224365234,5500,0.0,0.0
2019-07-31 00:00:00-04:00,15.905475308027713,16.111404144740103,15.905475308027713,15.954506874084473,7800,0.0,0.0
2019-08-01 00:00:00-04:00,16.023149463745295,16.27810800040858,16.023149463745295,16.081985473632812,6900,0.0,0.0
2019-08-02 00:00:00-04:00,16.18004612400519,16.18004612400519,15.983923604659942,16.032955169677734,89000,0.0,0.0
2019-08-05 00:00:00-04:00,16.032955187858008,16.081984882568435,15.934893928074189,15.944700241088867,2000,0.0,0.0
2019-08-06 00:00:00-04:00,16.180046497413173,17.248910324750113,16.180046497413173,16.96453285217285,36000,0.0,0.0
2019-08-07 00:00:00-04:00,16.768411539554222,17.248909646753123,16.71937997533213,17.150848388671875,13100,0.0,0.0
2019-08-08 00:00:00-04:00,16.964532201906078,17.160654718259938,16.964532201906078,17.062593460083008,11300,0.0,0.0
2019-08-09 00:00:00-04:00,17.082205965893888,17.650959014892578,16.935115014842367,17.650959014892578,12900,0.0,0.0
2019-08-12 00:00:00-04:00,17.190074261223526,17.30774627888283,17.170461634825973,17.258716583251953,3100,0.0,0.0
2019-08-13 00:00:00-04:00,17.209684362305644,17.40580687809128,17.160654668540698,17.32735824584961,7200,0.0,0.0
2019-08-14 00:00:00-04:00,17.160655302003146,17.34697151184082,17.160655302003146,17.34697151184082,1300,0.0,0.0
2019-08-15 00:00:00-04:00,17.25871654397938,17.454837196419614,17.25871654397938,17.435226440429688,3400,0.0,0.0
2019-08-16 00:00:00-04:00,17.454837190620207,17.454837190620207,17.396001181943987,17.405807495117188,3400,0.0,0.0
2019-08-19 00:00:00-04:00,17.454837196419614,17.454837196419614,17.25871654397938,17.435226440429688,1100,0.0,0.0
2019-08-20 00:00:00-04:00,17.03317695200976,17.435226440429688,17.03317695200976,17.435226440429688,2700,0.0,0.0
2019-08-21 00:00:00-04:00,17.278329095517723,17.65095964279479,17.0724002604297,17.61173439025879,5100,0.0,0.0
2019-08-22 00:00:00-04:00,17.6019299401203,17.76863352260255,17.6019299401203,17.758827209472656,7900,0.0,0.0
2019-08-23 00:00:00-04:00,17.73921518462884,17.788244881577594,17.65096023383064,17.778438568115234,11000,0.0,0.0
2019-08-26 00:00:00-04:00,17.680379233379824,17.847082822071684,17.484256704202444,17.690185546875,38700,0.0,0.0
2019-08-27 00:00:00-04:00,17.405807406599617,17.74902088446432,17.405807406599617,17.699989318847656,29700,0.0,0.0
2019-08-28 00:00:00-04:00,17.474450363798457,17.847082794589053,17.454837736838307,17.749021530151367,32700,0.0,0.0
2019-08-29 00:00:00-04:00,17.552897757403922,17.650959014892578,17.552897757403922,17.650959014892578,7100,0.0,0.0
2019-08-30 00:00:00-04:00,17.56270530992693,17.719602584838867,17.415614348492372,17.719602584838867,40700,0.0,0.0
2019-09-03 00:00:00-04:00,17.55289905074757,17.66076662896935,17.55289905074757,17.601930618286133,7400,0.0,0.0
2019-09-04 00:00:00-04:00,17.503868736868267,17.601929998127396,17.494062423706055,17.494062423706055,1700,0.0,0.0
2019-09-05 00:00:00-04:00,17.59212430477842,17.631347688446212,17.58231799127071,17.601930618286133,3400,0.0,0.0
2019-09-06 00:00:00-04:00,17.160654629462734,17.582316728187603,17.160654629462734,17.474449157714844,2800,0.0,0.0
2019-09-09 00:00:00-04:00,17.454837799072266,17.454837799072266,17.278329766890767,17.454837799072266,9000,0.0,0.0
2019-09-10 00:00:00-04:00,17.45483777650297,17.543092727661133,17.445033333363668,17.543092727661133,2300,0.0,0.0
2019-09-11 00:00:00-04:00,17.278329722432282,17.63134765625,17.278329722432282,17.63134765625,2300,0.0,0.0
2019-09-12 00:00:00-04:00,17.56270470083599,17.699989344032016,17.464643439826126,17.64115333557129,56200,0.0,0.0
2019-09-13 00:00:00-04:00,17.543091405993827,17.798049926757812,17.415613080793293,17.798049926757812,21800,0.0,0.0
2019-09-16 00:00:00-04:00,17.7980499659441,17.7980499659441,17.650959014892578,17.650959014892578,1400,0.0,0.0
2019-09-17 00:00:00-04:00,17.523481975811492,17.621541370135773,17.523481975811492,17.572511672973633,3400,0.0,0.0
2019-09-18 00:00:00-04:00,17.60192936073553,17.62154011598683,17.20968432990279,17.503868103027344,8200,0.0,0.0
2019-09-19 00:00:00-04:00,17.523481971019475,17.768634197489252,17.513675657517116,17.543092727661133,2800,0.0,0.0
2019-09-20 00:00:00-04:00,17.621540076537105,18.09223373841006,17.356777112789537,17.650959014892578,10300,0.0,0.0
2019-09-23 00:00:00-04:00,18.1902931832966,18.1902931832966,16.954727694250117,17.415613174438477,11800,0.0,0.0
2019-09-24 00:00:00-04:00,17.76863412993049,17.807857513427734,17.650960238712663,17.807857513427734,1400,0.0,0.0
2019-09-25 00:00:00-04:00,17.758826514607982,18.033395790049806,17.758826514607982,17.974559783935547,4100,0.0,0.0
2019-09-26 00:00:00-04:00,17.61173376375195,17.7980499659441,17.57251038297424,17.650959014892578,2900,0.0,0.0
2019-09-27 00:00:00-04:00,17.719602009437043,17.79805064434558,17.464643478393555,17.464643478393555,5200,0.0,0.0
2019-09-30 00:00:00-04:00,17.69998874808079,17.69998874808079,17.503868103027344,17.503868103027344,8300,0.0,0.0
2019-10-01 00:00:00-04:00,17.53328587136567,17.53328587136567,17.033176990769114,17.258716583251953,6800,0.0,0.0
2019-10-02 00:00:00-04:00,17.11162627784319,17.2096856728404,17.11162627784319,17.160655975341797,3800,0.0,0.0
2019-10-03 00:00:00-04:00,17.248910908557832,17.592124401767745,17.00375868060262,17.278329849243164,5600,0.0,0.0
2019-10-04 00:00:00-04:00,17.278329867846747,17.709796442851076,17.05278839640918,17.160655975341797,6300,0.0,0.0
2019-10-07 00:00:00-04:00,17.327359402323452,17.749021530151367,17.1606558138883,17.749021530151367,9100,0.0,0.0
2019-10-08 00:00:00-04:00,17.454837799072266,17.454837799072266,17.454837799072266,17.454837799072266,1600,0.0,0.0
2019-10-09 00:00:00-04:00,16.719379949789225,17.405806884946365,16.69976919449328,17.35677719116211,2300,0.0,0.0
2019-10-10 00:00:00-04:00,17.327359565345354,17.464644214631907,17.160655975341797,17.160655975341797,800,0.0,0.0
2019-10-11 00:00:00-04:00,17.239103229730567,17.739213959596075,17.16065459781223,17.650959014892578,3200,0.0,0.0
2019-10-14 00:00:00-04:00,17.650958998858123,17.739213943481445,17.366581539435654,17.739213943481445,14400,0.0,0.0
2019-10-15 00:00:00-04:00,17.739213943481445,17.739213943481445,17.739213943481445,17.739213943481445,100,0.0,0.0
2019-10-16 00:00:00-04:00,17.92553074153696,18.13145770559661,17.415613682394525,17.87649917602539,5900,0.0,0.0
2019-10-17 00:00:00-04:00,17.415614370563446,17.650960283229608,17.405808057073642,17.63134765625,4500,0.0,0.0
2019-10-18 00:00:00-04:00,17.621540060529377,17.749020256257694,17.425419416093145,17.739213943481445,4600,0.0,0.0
2019-10-21 00:00:00-04:00,17.454836515930925,17.601929337480332,17.405806822323072,17.56270408630371,4900,0.0,0.0
2019-10-22 00:00:00-04:00,17.464643420830388,17.729408264160156,17.464643420830388,17.729408264160156,1400,0.0,0.0
2019-10-23 00:00:00-04:00,17.699989318847656,17.699989318847656,17.699989318847656,17.699989318847656,600,0.0,0.0
2019-10-24 00:00:00-04:00,17.601929934240076,17.729408264160156,17.562704681733596,17.729408264160156,1400,0.0,0.0
2019-10-25 00:00:00-04:00,17.739214577286777,17.739214577286777,17.454837107703767,17.729408264160156,3900,0.0,0.0
2019-10-28 00:00:00-04:00,17.40580682917971,17.739213982860637,17.40580682917971,17.59212303161621,2400,0.0,0.0
2019-10-29 00:00:00-04:00,17.611734984852372,17.807857513427734,17.611734984852372,17.807857513427734,3200,0.0,0.0
2019-10-30 00:00:00-04:00,17.699989962750998,17.974561129103908,17.699989962750998,17.749021530151367,4000,0.0,0.0
2019-10-31 00:00:00-04:00,17.69018418877412,17.945140838623047,17.415613043077617,17.945140838623047,19400,0.0,0.0
2019-11-01 00:00:00-04:00,17.405808442367395,18.631569600280592,17.405808442367395,18.504091262817383,4700,0.0,0.0
2019-11-04 00:00:00-05:00,18.24913137812599,18.876720446399222,18.24913137812599,18.78846549987793,5500,0.0,0.0
2019-11-05 00:00:00-05:00,18.631568215110086,19.112066328845685,18.631568215110086,18.876720428466797,12600,0.0,0.0
2019-11-06 00:00:00-05:00,18.89633366831895,18.97478230432719,18.543313871100374,18.955169677734375,3300,0.0,0.0
2019-11-07 00:00:00-05:00,18.857109050566432,19.082648652894807,18.53350818233261,18.974782943725586,4000,0.0,0.0
2019-11-08 00:00:00-05:00,18.896334277155006,19.033618927001953,18.71001805924624,19.033618927001953,4500,0.0,0.0
2019-11-11 00:00:00-05:00,19.121873902928986,19.121873902928986,18.876721673404255,18.945363998413086,2900,0.0,0.0
2019-11-12 00:00:00-05:00,19.004199990626457,19.063037872314453,19.004199990626457,19.063037872314453,2000,0.0,0.0
2019-11-13 00:00:00-05:00,18.87672110986308,18.87672110986308,18.719823837280273,18.719823837280273,3000,0.0,0.0
2019-11-14 00:00:00-05:00,18.808078792237257,18.81788510557184,18.631568892940784,18.749242782592773,12600,0.0,0.0
2019-11-15 00:00:00-05:00,18.56292594803298,18.778659223076875,18.56292594803298,18.611955642700195,5900,0.0,0.0
2019-11-18 00:00:00-05:00,18.513895198723407,18.513895198723407,17.95494842529297,17.95494842529297,1600,0.0,0.0
2019-11-19 00:00:00-05:00,18.092234229873238,18.38641613996753,17.95494771751466,18.317773818969727,1600,0.0,0.0
2019-11-20 00:00:00-05:00,18.062816012772636,18.062816012772636,18.003980002474428,18.01378631591797,20200,0.0,0.0
2019-11-21 00:00:00-05:00,18.04320327309451,18.6119563567233,18.04320327309451,18.425642013549805,3700,0.0,0.0
2019-11-22 00:00:00-05:00,18.513894407348108,18.631568293212307,18.513894407348108,18.553119659423828,3900,0.0,0.0
2019-11-25 00:00:00-05:00,18.10203982251142,18.631569538755596,18.10203982251142,18.592344284057617,2500,0.0,0.0
2019-11-26 00:00:00-05:00,18.51389440109571,18.778659241428528,18.43544576733372,18.523700714111328,4500,0.0,0.0
2019-11-27 00:00:00-05:00,18.337386445072806,18.337386445072806,18.317773818969727,18.317773818969727,1500,0.0,0.0
2019-11-29 00:00:00-05:00,17.984367274141256,18.278549194335938,17.984367274141256,18.278549194335938,1700,0.0,0.0
2019-12-02 00:00:00-05:00,18.003979911026153,18.337387084960938,17.621541170122708,18.337387084960938,5800,0.0,0.0
2019-12-03 00:00:00-05:00,17.670571640462892,17.94514091699562,17.650959014892578,17.650959014892578,4900,0.0,0.0
2019-12-04 00:00:00-05:00,17.494062963997596,17.807857513427734,17.40580801317499,17.807857513427734,12900,0.0,0.0
2019-12-05 00:00:00-05:00,17.896112491626372,18.043203453101373,17.739215216671294,17.749021530151367,27700,0.0,0.0
2019-12-06 00:00:00-05:00,17.954948941209874,18.45505971874492,17.74902196418179,18.415836334228516,2900,0.0,0.0
2019-12-09 00:00:00-05:00,17.994172448390774,18.327579601031697,17.66076529574985,17.827468872070312,6400,0.0,0.0
2019-12-10 00:00:00-05:00,17.94514144108689,18.494283750915987,17.94514144108689,18.141263961791992,700,0.0,0.0
2019-12-11 00:00:00-05:00,18.307967543282437,18.307967543282437,18.092234266797202,18.141263961791992,5100,0.0,0.0
2019-12-12 00:00:00-05:00,18.347192154480208,18.347192154480208,18.141265177269275,18.26874351501465,2900,0.0,0.0
2019-12-13 00:00:00-05:00,18.435446473005168,18.435446473005168,18.170683492900725,18.307968139648438,2300,0.0,0.0
2019-12-16 00:00:00-05:00,18.307967543282437,18.307967543282437,18.141263961791992,18.141263961791992,6500,0.0,0.0
2019-12-17 00:00:00-05:00,18.239325842966736,18.337387106657054,18.16087720608709,18.24913215637207,10900,0.0,0.0
2019-12-18 00:00:00-05:00,18.337387769168632,18.366804840084413,18.151071548461914,18.151071548461914,13800,0.0,0.0
2019-12-19 00:00:00-05:00,18.376609777733663,18.61195567925182,18.04320261632553,18.43544578552246,16100,0.0,0.0
2019-12-20 00:00:00-05:00,18.484478512041647,19.0238126697788,18.36680461870755,18.91594696044922,10800,0.0,0.0
2019-12-23 00:00:00-05:00,19.102261247426924,19.121873874647033,17.690185754114406,19.004199981689453,15900,0.0,0.0
2019-12-24 00:00:00-05:00,18.386417336164552,18.53350830078125,18.386417336164552,18.53350830078125,300,0.0,0.0
2019-12-26 00:00:00-05:00,18.15107006122858,19.02381134033203,18.15107006122858,19.02381134033203,6700,0.0,0.0
2019-12-27 00:00:00-05:00,19.121873832247957,19.219935097767998,18.670794629364075,19.210128784179688,8700,0.0,0.0
2019-12-30 00:00:00-05:00,19.219933883150247,19.239546509087436,18.778659151378285,18.964975357055664,10600,0.0,0.0
2019-12-31 00:00:00-05:00,19.1022611774222,19.268964767456055,18.87672157630671,19.268964767456055,10100,0.0,0.0
2020-01-02 00:00:00-05:00,19.27876981968105,19.347412139845748,19.27876981968105,19.317995071411133,7000,0.0,0.0
2020-01-03 00:00:00-05:00,19.36702608907113,19.416055786721014,19.15129280090332,19.15129280090332,9900,0.0,0.0
2020-01-06 00:00:00-05:00,19.180708560718784,19.36702476571079,19.161097805216688,19.317995071411133,39800,0.0,0.0
2020-01-07 00:00:00-05:00,19.268963506748527,19.36702476571079,19.268963506748527,19.317995071411133,2100,0.0,0.0
2020-01-08 00:00:00-05:00,19.317995705344167,19.317995705344167,19.20032181665531,19.308189392089844,2100,0.0,0.0
2020-01-09 00:00:00-05:00,19.367026136984297,19.367026136984297,18.92575137559132,18.974782943725586,5800,0.0,0.0
2020-01-10 00:00:00-05:00,19.161098408389726,19.36702537536621,18.955169571050234,19.36702537536621,12000,0.0,0.0
2020-01-13 00:00:00-05:00,19.112066887952306,19.219934463500977,19.112066887952306,19.219934463500977,600,0.0,0.0
2020-01-14 00:00:00-05:00,19.20032186297351,19.210128176251487,19.082647974000782,19.16109848022461,2900,0.0,0.0
2020-01-15 00:00:00-05:00,19.15129279639167,19.210128807630287,19.12187385559082,19.12187385559082,900,0.0,0.0
2020-01-16 00:00:00-05:00,19.131680164670183,19.200322489492862,18.837496367820457,19.09245491027832,8000,0.0,0.0
2020-01-17 00:00:00-05:00,19.0826473236084,19.0826473236084,19.0826473236084,19.0826473236084,500,0.0,0.0
2020-01-21 00:00:00-05:00,19.219935125758393,19.219935125758393,19.141486487300728,19.15129280090332,2000,0.0,0.0
2020-01-22 00:00:00-05:00,19.170902897177484,19.219934463500977,19.170902897177484,19.219934463500977,3600,0.0,0.0
2020-01-23 00:00:00-05:00,19.20032183697158,19.219934463500977,18.866914667423885,19.219934463500977,3000,0.0,0.0
2020-01-24 00:00:00-05:00,18.876721705883494,19.043425297061663,18.876721705883494,18.91594696044922,2000,0.0,0.0
2020-01-27 00:00:00-05:00,18.42564247316339,19.367026136984297,18.42564247316339,18.974782943725586,2300,0.0,0.0
2020-01-28 00:00:00-05:00,18.974781645914312,19.02381134033203,18.96497533295818,19.02381134033203,3400,0.0,0.0
2020-01-29 00:00:00-05:00,18.749242100481005,18.97478168788207,18.749242100481005,18.876720428466797,6800,0.0,0.0
2020-01-30 00:00:00-05:00,19.00419998616486,19.033618927001953,18.90614059076737,19.033618927001953,5100,0.0,0.0
2020-01-31 00:00:00-05:00,19.298383644003646,19.563148498535156,19.259158389837616,19.563148498535156,7800,0.0,0.0
2020-02-03 00:00:00-05:00,19.612177406869286,20.102481842041016,19.612177406869286,20.102481842041016,10300,0.0,0.0
2020-02-04 00:00:00-05:00,20.13190066807277,20.994835646154126,20.13190066807277,20.63201141357422,34700,0.0,0.0
2020-02-05 00:00:00-05:00,20.936000142637,21.141927111438793,20.936000142637,21.092897415161133,18000,0.0,0.0
2020-02-06 00:00:00-05:00,21.416497623789965,21.42630393682059,20.64181572763721,21.073284149169922,16900,0.0,0.0
2020-02-07 00:00:00-05:00,21.1517333984375,21.357662237345977,21.1517333984375,21.1517333984375,48400,0.0,0.0
2020-02-10 00:00:00-05:00,21.083091034286323,21.328243255615234,21.083091034286323,21.328243255615234,1400,0.0,0.0
2020-02-11 00:00:00-05:00,21.230182628884343,21.347856521606445,21.230182628884343,21.347856521606445,300,0.0,0.0
2020-02-12 00:00:00-05:00,21.543976558069097,21.57339549798795,21.239988327026367,21.239988327026367,9300,0.0,0.0
2020-02-13 00:00:00-05:00,21.308631286135,21.308631286135,21.230182647705078,21.230182647705078,26100,0.0,0.0
2020-02-14 00:00:00-05:00,21.181152982512923,21.230182680220565,21.083091716734568,21.20076560974121,77300,0.0,0.0
2020-02-18 00:00:00-05:00,21.083090425840446,21.249794006347656,21.083090425840446,21.249794006347656,6900,0.0,0.0
2020-02-19 00:00:00-05:00,21.230181362240494,21.338048934936523,21.190957980582002,21.338048934936523,4200,0.0,0.0
2020-02-20 00:00:00-05:00,21.132120777157933,21.18115234375,21.083091080928888,21.18115234375,2000,0.0,0.0
2020-02-21 00:00:00-05:00,21.30863131427158,21.30863131427158,21.13212140998042,21.17134666442871,1800,0.0,0.0
2020-02-24 00:00:00-05:00,20.43588882509434,21.024254516118912,19.2591574430452,20.83793830871582,7500,0.0,0.0
2020-02-25 00:00:00-05:00,20.965417890170354,21.08309178354992,20.837939553508644,20.90658187866211,19300,0.0,0.0
2020-02-26 00:00:00-05:00,20.739878291755353,20.93600082397461,20.739878291755353,20.93600082397461,20400,0.0,0.0
2020-02-27 00:00:00-05:00,21.0,21.139999389648438,20.600000381469727,21.100000381469727,6600,0.414,0.0
2020-02-28 00:00:00-05:00,21.0,21.25,20.959999084472656,21.149999618530273,11400,0.0,0.0
2020-03-02 00:00:00-05:00,21.299999237060547,21.850000381469727,21.010000228881836,21.010000228881836,5000,0.0,0.0
2020-03-03 00:00:00-05:00,21.350000381469727,21.389999389648438,21.010000228881836,21.110000610351562,16300,0.0,0.0
2020-03-04 00:00:00-05:00,21.510000228881836,21.510000228881836,20.350000381469727,20.350000381469727,1000,0.0,0.0
2020-03-05 00:00:00-05:00,20.959999084472656,21.600000381469727,20.950000762939453,21.34000015258789,7100,0.0,0.0
2020-03-06 00:00:00-05:00,21.450000762939453,21.450000762939453,20.770000457763672,21.079999923706055,5300,0.0,0.0
2020-03-09 00:00:00-04:00,20.889999389648438,20.889999389648438,19.5,20.600000381469727,10000,0.0,0.0
2020-03-10 00:00:00-04:00,20.1200008392334,20.399999618530273,19.950000762939453,20.040000915527344,16300,0.0,0.0
2020-03-11 00:00:00-04:00,20.0,20.100000381469727,19.540000915527344,19.899999618530273,3600,0.0,0.0
2020-03-12 00:00:00-04:00,19.399999618530273,19.399999618530273,16.219999313354492,17.110000610351562,30600,0.0,0.0
2020-03-13 00:00:00-04:00,16.920000076293945,18.139999389648438,16.56999969482422,18.079999923706055,9900,0.0,0.0
2020-03-16 00:00:00-04:00,17.579999923706055,17.829999923706055,16.360000610351562,16.5,23100,0.0,0.0
2020-03-17 00:00:00-04:00,17.93000030517578,18.0,16.260000228881836,17.450000762939453,12100,0.0,0.0
2020-03-18 00:00:00-04:00,15.260000228881836,16.40999984741211,12.59000015258789,13.75,21400,0.0,0.0
2020-03-19 00:00:00-04:00,12.5,14.100000381469727,10.890000343322754,14.029999732971191,37200,0.0,0.0
2020-03-20 00:00:00-04:00,14.529999732971191,15.0600004196167,14.0,14.0,8600,0.0,0.0
2020-03-23 00:00:00-04:00,12.75,14.569999694824219,12.75,13.5,34100,0.0,0.0
2020-03-24 00:00:00-04:00,13.600000381469727,14.979999542236328,12.989999771118164,14.979999542236328,4700,0.0,0.0
2020-03-25 00:00:00-04:00,14.1899995803833,15.390000343322754,14.1899995803833,15.25,10800,0.0,0.0
2020-03-26 00:00:00-04:00,15.25,16.600000381469727,15.25,16.0,5500,0.0,0.0
2020-03-27 00:00:00-04:00,15.520000457763672,15.729999542236328,15.520000457763672,15.729999542236328,2200,0.0,0.0
2020-03-30 00:00:00-04:00,16.0,16.25,15.75,16.25,9100,0.0,0.0
2020-03-31 00:00:00-04:00,16.200000762939453,17.18000030517578,16.100000381469727,16.850000381469727,12500,0.0,0.0
2020-04-01 00:00:00-04:00,16.200000762939453,16.200000762939453,14.449999809265137,15.729999542236328,9300,0.0,0.0
2020-04-02 00:00:00-04:00,15.0,16.0,15.0,16.0,4400,0.0,0.0
2020-04-03 00:00:00-04:00,15.5,16.0,15.5,16.0,8500,0.0,0.0
2020-04-06 00:00:00-04:00,15.6899995803833,16.0,15.489999771118164,15.84000015258789,65200,0.0,0.0
2020-04-07 00:00:00-04:00,16.670000076293945,16.670000076293945,16.15999984741211,16.5,1600,0.0,0.0
2020-04-08 00:00:00-04:00,16.25,17.0,16.25,17.0,2900,0.0,0.0
2020-04-09 00:00:00-04:00,17.90999984741211,17.90999984741211,16.93000030517578,16.93000030517578,7400,0.0,0.0
2020-04-13 00:00:00-04:00,16.989999771118164,16.989999771118164,16.450000762939453,16.450000762939453,1000,0.0,0.0
2020-04-14 00:00:00-04:00,16.940000534057617,16.940000534057617,16.920000076293945,16.920000076293945,800,0.0,0.0
2020-04-15 00:00:00-04:00,17.0,17.0,16.100000381469727,17.0,5300,0.0,0.0
2020-04-16 00:00:00-04:00,17.0,17.0,15.8100004196167,16.5,9500,0.0,0.0
2020-04-17 00:00:00-04:00,17.34000015258789,17.34000015258789,16.75,16.75,4500,0.0,0.0
2020-04-20 00:00:00-04:00,16.75,16.75,16.75,16.75,0,0.0,0.0
2020-04-21 00:00:00-04:00,16.760000228881836,16.760000228881836,16.65999984741211,16.65999984741211,1200,0.0,0.0
2020-04-22 00:00:00-04:00,16.829999923706055,16.84000015258789,16.5,16.5,1600,0.0,0.0
2020-04-23 00:00:00-04:00,16.5,16.5,16.5,16.5,400,0.0,0.0
2020-04-24 00:00:00-04:00,17.0,17.0,17.0,17.0,100,0.0,0.0
2020-04-27 00:00:00-04:00,17.190000534057617,17.639999389648438,17.0,17.299999237060547,24200,0.0,0.0
2020-04-28 00:00:00-04:00,17.299999237060547,17.399999618530273,17.299999237060547,17.389999389648438,2000,0.0,0.0
2020-04-29 00:00:00-04:00,17.299999237060547,17.299999237060547,17.219999313354492,17.299999237060547,10300,0.0,0.0
2020-04-30 00:00:00-04:00,17.600000381469727,17.75,16.979999542236328,16.979999542236328,5800,0.0,0.0
2020-05-01 00:00:00-04:00,17.100000381469727,17.190000534057617,16.5,16.700000762939453,2900,0.0,0.0
2020-05-04 00:00:00-04:00,16.700000762939453,16.700000762939453,16.700000762939453,16.700000762939453,0,0.0,0.0
2020-05-05 00:00:00-04:00,17.34000015258789,17.34000015258789,16.56999969482422,16.56999969482422,6900,0.0,0.0
2020-05-06 00:00:00-04:00,17.0,17.0,16.700000762939453,16.989999771118164,4400,0.0,0.0
2020-05-07 00:00:00-04:00,17.0,17.0,16.510000228881836,16.75,3100,0.0,0.0
2020-05-08 00:00:00-04:00,16.75,17.0,16.75,16.850000381469727,1900,0.0,0.0
2020-05-11 00:00:00-04:00,17.209999084472656,17.43000030517578,17.209999084472656,17.25,10100,0.0,0.0
2020-05-12 00:00:00-04:00,16.5,17.350000381469727,16.5,17.350000381469727,600,0.0,0.0
2020-05-13 00:00:00-04:00,17.350000381469727,17.350000381469727,17.350000381469727,17.350000381469727,0,0.0,0.0
2020-05-14 00:00:00-04:00,17.350000381469727,17.350000381469727,17.350000381469727,17.350000381469727,0,0.0,0.0
2020-05-15 00:00:00-04:00,17.350000381469727,17.350000381469727,17.350000381469727,17.350000381469727,0,0.0,0.0
2020-05-18 00:00:00-04:00,16.5,18.079999923706055,16.5,18.079999923706055,13500,0.0,0.0
2020-05-19 00:00:00-04:00,18.100000381469727,18.84000015258789,18.010000228881836,18.739999771118164,3300,0.0,0.0
2020-05-20 00:00:00-04:00,18.700000762939453,18.700000762939453,18.68000030517578,18.68000030517578,1600,0.0,0.0
2020-05-21 00:00:00-04:00,18.75,19.270000457763672,18.290000915527344,19.270000457763672,5300,0.0,0.0
2020-05-22 00:00:00-04:00,20.0,20.93000030517578,19.329999923706055,20.0,3300,0.0,0.0
2020-05-26 00:00:00-04:00,20.0,20.3799991607666,19.729999542236328,20.15999984741211,2800,0.0,0.0
2020-05-27 00:00:00-04:00,18.739999771118164,20.75,18.739999771118164,20.75,2800,0.0,0.0
2020-05-28 00:00:00-04:00,20.15999984741211,20.3799991607666,19.809999465942383,20.34000015258789,2000,0.0,0.0
2020-05-29 00:00:00-04:00,19.299999237060547,21.0,19.190000534057617,20.8799991607666,36300,0.0,0.0
2020-06-01 00:00:00-04:00,20.0,20.200000762939453,18.780000686645508,20.200000762939453,6700,0.0,0.0
2020-06-02 00:00:00-04:00,20.190000534057617,20.399999618530273,19.799999237060547,19.799999237060547,1200,0.0,0.0
2020-06-03 00:00:00-04:00,19.579999923706055,20.40999984741211,19.579999923706055,20.40999984741211,4700,0.0,0.0
2020-06-04 00:00:00-04:00,20.389999389648438,20.389999389648438,20.200000762939453,20.25,4500,0.0,0.0
2020-06-05 00:00:00-04:00,19.81999969482422,20.25,19.440000534057617,20.25,10200,0.0,0.0
2020-06-08 00:00:00-04:00,19.5,19.950000762939453,19.18000030517578,19.950000762939453,4800,0.0,0.0
2020-06-09 00:00:00-04:00,20.0,20.010000228881836,19.799999237060547,19.799999237060547,2200,0.0,0.0
2020-06-10 00:00:00-04:00,19.780000686645508,19.799999237060547,19.780000686645508,19.790000915527344,900,0.0,0.0
2020-06-11 00:00:00-04:00,19.65999984741211,19.65999984741211,19.610000610351562,19.610000610351562,1200,0.0,0.0
2020-06-12 00:00:00-04:00,19.610000610351562,19.610000610351562,19.610000610351562,19.610000610351562,0,0.0,0.0
2020-06-15 00:00:00-04:00,19.559999465942383,19.559999465942383,19.559999465942383,19.559999465942383,500,0.0,0.0
2020-06-16 00:00:00-04:00,20.25,20.25,19.299999237060547,19.75,2600,0.0,0.0
2020-06-17 00:00:00-04:00,19.59000015258789,19.729999542236328,19.239999771118164,19.729999542236328,4000,0.0,0.0
2020-06-18 00:00:00-04:00,19.950000762939453,19.950000762939453,19.3700008392334,19.420000076293945,20200,0.0,0.0
2020-06-19 00:00:00-04:00,19.420000076293945,19.420000076293945,19.420000076293945,19.420000076293945,0,0.0,0.0
2020-06-22 00:00:00-04:00,19.350000381469727,19.350000381469727,19.350000381469727,19.350000381469727,300,0.0,0.0
2020-06-23 00:00:00-04:00,19.40999984741211,19.549999237060547,19.40999984741211,19.540000915527344,3700,0.0,0.0
2020-06-24 00:00:00-04:00,19.540000915527344,19.540000915527344,19.540000915527344,19.540000915527344,0,0.0,0.0
2020-06-25 00:00:00-04:00,19.43000030517578,19.43000030517578,19.049999237060547,19.139999389648438,3000,0.0,0.0
2020-06-26 00:00:00-04:00,19.059999465942383,19.15999984741211,18.899999618530273,18.989999771118164,2600,0.0,0.0
2020-06-29 00:00:00-04:00,19.170000076293945,19.219999313354492,18.8799991607666,18.889999389648438,4200,0.0,0.0
2020-06-30 00:00:00-04:00,19.0,19.25,19.0,19.25,3200,0.0,0.0
2020-07-01 00:00:00-04:00,19.25,19.25,19.09000015258789,19.200000762939453,15600,0.0,0.0
2020-07-02 00:00:00-04:00,19.200000762939453,19.200000762939453,18.950000762939453,19.200000762939453,2300,0.0,0.0
2020-07-06 00:00:00-04:00,19.110000610351562,19.110000610351562,19.110000610351562,19.110000610351562,200,0.0,0.0
2020-07-07 00:00:00-04:00,19.100000381469727,19.100000381469727,18.969999313354492,18.989999771118164,3600,0.0,0.0
2020-07-08 00:00:00-04:00,19.030000686645508,19.030000686645508,18.950000762939453,18.950000762939453,1600,0.0,0.0
2020-07-09 00:00:00-04:00,19.059999465942383,19.06999969482422,19.0,19.010000228881836,1600,0.0,0.0
2020-07-10 00:00:00-04:00,19.170000076293945,19.170000076293945,18.90999984741211,19.079999923706055,1400,0.0,0.0
2020-07-13 00:00:00-04:00,18.8799991607666,18.8799991607666,18.75,18.81999969482422,5600,0.0,0.0
2020-07-14 00:00:00-04:00,18.799999237060547,18.799999237060547,18.649999618530273,18.799999237060547,193400,0.0,0.0
2020-07-15 00:00:00-04:00,18.469999313354492,18.469999313354492,18.299999237060547,18.469999313354492,2100,0.0,0.0
2020-07-16 00:00:00-04:00,18.799999237060547,18.799999237060547,18.709999084472656,18.709999084472656,1000,0.0,0.0
2020-07-17 00:00:00-04:00,18.799999237060547,18.799999237060547,18.65999984741211,18.670000076293945,1800,0.0,0.0
2020-07-20 00:00:00-04:00,18.65999984741211,18.65999984741211,18.25,18.25,7100,0.0,0.0
2020-07-21 00:00:00-04:00,18.309999465942383,18.3700008392334,18.219999313354492,18.309999465942383,3700,0.0,0.0
2020-07-22 00:00:00-04:00,18.25,18.610000610351562,18.25,18.420000076293945,9400,0.0,0.0
2020-07-23 00:00:00-04:00,18.59000015258789,19.209999084472656,18.59000015258789,18.989999771118164,3600,0.0,0.0
2020-07-24 00:00:00-04:00,18.989999771118164,18.989999771118164,18.989999771118164,18.989999771118164,0,0.0,0.0
2020-07-27 00:00:00-04:00,19.149999618530273,19.200000762939453,19.020000457763672,19.020000457763672,2100,0.0,0.0
2020-07-28 00:00:00-04:00,19.219999313354492,19.229999542236328,19.1299991607666,19.1299991607666,1400,0.0,0.0
2020-07-29 00:00:00-04:00,19.110000610351562,19.420000076293945,19.100000381469727,19.420000076293945,31400,0.0,0.0
2020-07-30 00:00:00-04:00,19.5,19.5,19.18000030517578,19.389999389648438,1700,0.0,0.0
2020-07-31 00:00:00-04:00,19.649999618530273,20.0,19.040000915527344,19.68000030517578,9500,0.0,0.0
2020-08-03 00:00:00-04:00,19.139999389648438,19.90999984741211,19.139999389648438,19.90999984741211,2600,0.0,0.0
2020-08-04 00:00:00-04:00,19.989999771118164,19.989999771118164,18.809999465942383,19.149999618530273,10000,0.0,0.0
2020-08-05 00:00:00-04:00,19.15999984741211,19.559999465942383,19.010000228881836,19.18000030517578,6400,0.0,0.0
2020-08-06 00:00:00-04:00,19.25,19.700000762939453,19.239999771118164,19.440000534057617,3000,0.0,0.0
2020-08-07 00:00:00-04:00,19.600000381469727,19.8799991607666,19.520000457763672,19.81999969482422,1400,0.0,0.0
2020-08-10 00:00:00-04:00,19.940000534057617,20.0,19.739999771118164,19.780000686645508,4100,0.0,0.0
2020-08-11 00:00:00-04:00,19.989999771118164,20.0,19.860000610351562,19.860000610351562,6800,0.0,0.0
2020-08-12 00:00:00-04:00,19.18000030517578,19.780000686645508,19.139999389648438,19.780000686645508,800,0.0,0.0
2020-08-13 00:00:00-04:00,19.81999969482422,19.8700008392334,19.350000381469727,19.770000457763672,9800,0.0,0.0
2020-08-14 00:00:00-04:00,19.950000762939453,20.0,19.889999389648438,20.0,3300,0.0,0.0
2020-08-17 00:00:00-04:00,20.0,20.0,19.8700008392334,20.0,34900,0.0,0.0
2020-08-18 00:00:00-04:00,20.100000381469727,20.200000762939453,20.100000381469727,20.200000762939453,5900,0.0,0.0
2020-08-19 00:00:00-04:00,20.200000762939453,20.200000762939453,20.0,20.0,6300,0.0,0.0
2020-08-20 00:00:00-04:00,20.170000076293945,20.170000076293945,19.889999389648438,20.0,50900,0.0,0.0
2020-08-21 00:00:00-04:00,20.200000762939453,20.200000762939453,19.860000610351562,20.0,4200,0.0,0.0
2020-08-24 00:00:00-04:00,20.0,20.209999084472656,20.0,20.100000381469727,142200,0.0,0.0
2020-08-25 00:00:00-04:00,20.219999313354492,20.219999313354492,20.059999465942383,20.100000381469727,3600,0.0,0.0
2020-08-26 00:00:00-04:00,20.0,20.170000076293945,19.670000076293945,20.040000915527344,10000,0.0,0.0
2020-08-27 00:00:00-04:00,20.0,20.0,19.790000915527344,19.940000534057617,6800,0.0,0.0
2020-08-28 00:00:00-04:00,19.739999771118164,19.780000686645508,19.450000762939453,19.639999389648438,6500,0.0,0.0
2020-08-31 00:00:00-04:00,19.68000030517578,20.0,19.600000381469727,20.0,3200,0.0,0.0
2020-09-01 00:00:00-04:00,19.780000686645508,19.799999237060547,19.6299991607666,19.6299991607666,1200,0.0,0.0
2020-09-02 00:00:00-04:00,19.81999969482422,19.81999969482422,19.600000381469727,19.600000381469727,1900,0.0,0.0
2020-09-03 00:00:00-04:00,19.579999923706055,19.610000610351562,19.559999465942383,19.610000610351562,3000,0.0,0.0
2020-09-04 00:00:00-04:00,19.600000381469727,19.600000381469727,19.25,19.450000762939453,6300,0.0,0.0
2020-09-08 00:00:00-04:00,19.43000030517578,19.479999542236328,19.299999237060547,19.43000030517578,5500,0.0,0.0
2020-09-09 00:00:00-04:00,19.450000762939453,19.649999618530273,19.450000762939453,19.649999618530273,1200,0.0,0.0
2020-09-10 00:00:00-04:00,19.799999237060547,19.8799991607666,19.700000762939453,19.860000610351562,3600,0.0,0.0
2020-09-11 00:00:00-04:00,19.649999618530273,19.670000076293945,19.489999771118164,19.639999389648438,2500,0.0,0.0
2020-09-14 00:00:00-04:00,20.0,20.0,19.8799991607666,19.8799991607666,3000,0.0,0.0
2020-09-15 00:00:00-04:00,19.700000762939453,19.8799991607666,19.700000762939453,19.8799991607666,3000,0.0,0.0
2020-09-16 00:00:00-04:00,19.649999618530273,19.8799991607666,19.649999618530273,19.8799991607666,700,0.0,0.0
2020-09-17 00:00:00-04:00,19.540000915527344,19.84000015258789,19.540000915527344,19.84000015258789,2100,0.0,0.0
2020-09-18 00:00:00-04:00,19.790000915527344,20.0,19.600000381469727,20.0,1500,0.0,0.0
2020-09-21 00:00:00-04:00,20.0,20.0,19.940000534057617,19.940000534057617,1800,0.0,0.0
2020-09-22 00:00:00-04:00,19.90999984741211,20.0,19.90999984741211,20.0,2000,0.0,0.0
2020-09-23 00:00:00-04:00,19.899999618530273,19.899999618530273,19.719999313354492,19.760000228881836,3400,0.0,0.0
2020-09-24 00:00:00-04:00,19.760000228881836,19.8700008392334,19.600000381469727,19.68000030517578,7200,0.0,0.0
2020-09-25 00:00:00-04:00,19.760000228881836,19.860000610351562,19.649999618530273,19.690000534057617,4300,0.0,0.0
2020-09-28 00:00:00-04:00,19.920000076293945,19.979999542236328,19.860000610351562,19.979999542236328,5000,0.0,0.0
2020-09-29 00:00:00-04:00,19.899999618530273,19.969999313354492,19.899999618530273,19.969999313354492,1400,0.0,0.0
2020-09-30 00:00:00-04:00,19.940000534057617,19.969999313354492,19.850000381469727,19.850000381469727,2900,0.0,0.0
2020-10-01 00:00:00-04:00,19.93000030517578,20.0,19.889999389648438,19.989999771118164,5200,0.0,0.0
2020-10-02 00:00:00-04:00,19.799999237060547,20.0,19.799999237060547,20.0,1300,0.0,0.0
2020-10-05 00:00:00-04:00,20.0,20.0,20.0,20.0,3400,0.0,0.0
2020-10-06 00:00:00-04:00,20.0,20.0,19.950000762939453,19.959999084472656,5300,0.0,0.0
2020-10-07 00:00:00-04:00,20.0,20.0,19.920000076293945,19.920000076293945,3800,0.0,0.0
2020-10-08 00:00:00-04:00,19.8799991607666,19.93000030517578,19.850000381469727,19.93000030517578,5300,0.0,0.0
2020-10-09 00:00:00-04:00,19.8700008392334,19.969999313354492,19.860000610351562,19.969999313354492,4600,0.0,0.0
2020-10-12 00:00:00-04:00,19.90999984741211,20.0,19.6200008392334,19.93000030517578,12200,0.0,0.0
2020-10-13 00:00:00-04:00,19.8799991607666,19.979999542236328,19.8799991607666,19.979999542236328,1100,0.0,0.0
2020-10-14 00:00:00-04:00,19.65999984741211,19.899999618530273,19.65999984741211,19.860000610351562,3400,0.0,0.0
2020-10-15 00:00:00-04:00,19.81999969482422,20.0,19.780000686645508,20.0,4400,0.0,0.0
2020-10-16 00:00:00-04:00,19.729999542236328,19.799999237060547,19.729999542236328,19.760000228881836,900,0.0,0.0
2020-10-19 00:00:00-04:00,19.950000762939453,19.950000762939453,19.829999923706055,19.850000381469727,4400,0.0,0.0
2020-10-20 00:00:00-04:00,19.899999618530273,19.950000762939453,19.899999618530273,19.899999618530273,4800,0.0,0.0
2020-10-21 00:00:00-04:00,19.860000610351562,19.860000610351562,19.829999923706055,19.850000381469727,3300,0.0,0.0
2020-10-22 00:00:00-04:00,19.850000381469727,19.899999618530273,19.850000381469727,19.850000381469727,56600,0.0,0.0
2020-10-23 00:00:00-04:00,19.920000076293945,19.920000076293945,19.8799991607666,19.920000076293945,1400,0.0,0.0
2020-10-26 00:00:00-04:00,19.850000381469727,19.8799991607666,19.770000457763672,19.770000457763672,18000,0.0,0.0
2020-10-27 00:00:00-04:00,19.65999984741211,19.65999984741211,19.65999984741211,19.65999984741211,100,0.0,0.0
2020-10-28 00:00:00-04:00,19.56999969482422,19.56999969482422,19.270000457763672,19.270000457763672,1500,0.0,0.0
2020-10-29 00:00:00-04:00,18.950000762939453,19.639999389648438,18.950000762939453,19.510000228881836,2100,0.0,0.0
2020-10-30 00:00:00-04:00,19.329999923706055,19.389999389648438,19.299999237060547,19.360000610351562,1800,0.0,0.0
2020-11-02 00:00:00-05:00,18.440000534057617,19.329999923706055,18.389999389648438,19.100000381469727,3600,0.0,0.0
2020-11-03 00:00:00-05:00,19.559999465942383,19.559999465942383,19.489999771118164,19.5,1100,0.0,0.0
2020-11-04 00:00:00-05:00,19.809999465942383,19.899999618530273,19.809999465942383,19.899999618530273,1300,0.0,0.0
2020-11-05 00:00:00-05:00,19.829999923706055,19.829999923706055,19.5,19.59000015258789,1600,0.0,0.0
2020-11-06 00:00:00-05:00,19.610000610351562,19.850000381469727,19.399999618530273,19.850000381469727,4100,0.0,0.0
2020-11-09 00:00:00-05:00,19.6299991607666,20.0,19.6299991607666,20.0,9400,0.0,0.0
2020-11-10 00:00:00-05:00,20.170000076293945,20.170000076293945,19.700000762939453,19.8700008392334,7700,0.0,0.0
2020-11-11 00:00:00-05:00,19.799999237060547,20.0,19.690000534057617,20.0,8900,0.0,0.0
2020-11-12 00:00:00-05:00,19.93000030517578,19.940000534057617,19.809999465942383,19.850000381469727,4600,0.0,0.0
2020-11-13 00:00:00-05:00,19.75,20.0,19.75,20.0,4500,0.0,0.0
2020-11-16 00:00:00-05:00,20.0,20.030000686645508,19.920000076293945,20.0,120500,0.0,0.0
2020-11-17 00:00:00-05:00,19.75,20.0,19.75,19.940000534057617,18600,0.0,0.0
2020-11-18 00:00:00-05:00,20.0,20.0,19.959999084472656,19.979999542236328,19000,0.0,0.0
2020-11-19 00:00:00-05:00,19.959999084472656,20.0,19.850000381469727,19.989999771118164,18600,0.0,0.0
2020-11-20 00:00:00-05:00,20.0,20.0,19.920000076293945,20.0,22000,0.0,0.0
2020-11-23 00:00:00-05:00,20.0,20.010000228881836,19.969999313354492,20.0,28400,0.0,0.0
2020-11-24 00:00:00-05:00,19.959999084472656,20.469999313354492,19.959999084472656,20.350000381469727,47900,0.0,0.0
2020-11-25 00:00:00-05:00,20.25,20.5,20.209999084472656,20.209999084472656,22300,0.0,0.0
2020-11-27 00:00:00-05:00,20.020000457763672,20.049999237060547,18.760000228881836,20.049999237060547,8600,0.0,0.0
2020-11-30 00:00:00-05:00,20.18000030517578,20.34000015258789,19.90999984741211,20.079999923706055,10100,0.0,0.0
2020-12-01 00:00:00-05:00,19.979999542236328,20.34000015258789,19.979999542236328,20.15999984741211,13900,0.0,0.0
2020-12-02 00:00:00-05:00,20.229999542236328,20.309999465942383,19.809999465942383,20.229999542236328,4300,0.0,0.0
2020-12-03 00:00:00-05:00,20.09000015258789,20.229999542236328,20.09000015258789,20.149999618530273,15900,0.0,0.0
2020-12-04 00:00:00-05:00,20.280000686645508,20.329999923706055,20.0,20.290000915527344,3800,0.0,0.0
2020-12-07 00:00:00-05:00,20.350000381469727,20.3799991607666,20.0,20.31999969482422,10200,0.0,0.0
2020-12-08 00:00:00-05:00,20.440000534057617,20.5,20.420000076293945,20.450000762939453,7100,0.0,0.0
2020-12-09 00:00:00-05:00,20.600000381469727,20.600000381469727,20.43000030517578,20.479999542236328,6100,0.0,0.0
2020-12-10 00:00:00-05:00,20.260000228881836,20.559999465942383,20.239999771118164,20.559999465942383,63200,0.0,0.0
2020-12-11 00:00:00-05:00,20.25,20.420000076293945,20.229999542236328,20.34000015258789,4800,0.0,0.0
2020-12-14 00:00:00-05:00,20.729999542236328,20.739999771118164,20.479999542236328,20.540000915527344,4500,0.0,0.0
2020-12-15 00:00:00-05:00,20.610000610351562,20.950000762939453,20.610000610351562,20.84000015258789,8200,0.0,0.0
2020-12-16 00:00:00-05:00,20.969999313354492,20.969999313354492,20.239999771118164,20.510000228881836,9000,0.0,0.0
2020-12-17 00:00:00-05:00,20.510000228881836,20.530000686645508,20.299999237060547,20.3799991607666,7800,0.0,0.0
2020-12-18 00:00:00-05:00,20.5,20.729999542236328,20.469999313354492,20.729999542236328,28700,0.0,0.0
2020-12-21 00:00:00-05:00,20.739999771118164,20.799999237060547,20.65999984741211,20.770000457763672,3100,0.0,0.0
2020-12-22 00:00:00-05:00,20.920000076293945,20.920000076293945,20.610000610351562,20.6299991607666,16700,0.0,0.0
2020-12-23 00:00:00-05:00,20.84000015258789,20.84000015258789,20.5,20.68000030517578,8400,0.0,0.0
2020-12-24 00:00:00-05:00,20.68000030517578,20.68000030517578,20.520000457763672,20.68000030517578,2000,0.0,0.0
2020-12-28 00:00:00-05:00,20.780000686645508,20.950000762939453,20.780000686645508,20.899999618530273,13300,0.0,0.0
2020-12-29 00:00:00-05:00,21.0,21.0,20.459999084472656,20.59000015258789,12300,0.0,0.0
2020-12-30 00:00:00-05:00,20.469999313354492,20.719999313354492,20.469999313354492,20.6200008392334,19400,0.0,0.0
2020-12-31 00:00:00-05:00,20.690000534057617,20.739999771118164,20.579999923706055,20.6299991607666,79500,0.0,0.0
2021-01-04 00:00:00-05:00,20.809999465942383,20.809999465942383,20.5,20.809999465942383,31900,0.0,0.0
2021-01-05 00:00:00-05:00,20.850000381469727,21.170000076293945,20.709999084472656,21.170000076293945,10300,0.0,0.0
2021-01-06 00:00:00-05:00,21.200000762939453,21.239999771118164,20.899999618530273,21.0,45200,0.0,0.0
2021-01-07 00:00:00-05:00,21.09000015258789,21.139999389648438,21.079999923706055,21.09000015258789,2500,0.0,0.0
2021-01-08 00:00:00-05:00,20.75,21.100000381469727,20.75,21.010000228881836,3300,0.0,0.0
2021-01-11 00:00:00-05:00,21.100000381469727,21.100000381469727,21.0,21.020000457763672,2500,0.0,0.0
2021-01-12 00:00:00-05:00,21.020000457763672,21.020000457763672,21.0,21.0,5600,0.0,0.0
2021-01-13 00:00:00-05:00,21.190000534057617,21.190000534057617,21.1200008392334,21.1200008392334,2500,0.0,0.0
2021-01-14 00:00:00-05:00,21.149999618530273,21.200000762939453,21.100000381469727,21.1299991607666,9400,0.0,0.0
2021-01-15 00:00:00-05:00,21.100000381469727,21.190000534057617,21.040000915527344,21.040000915527344,40400,0.0,0.0
2021-01-19 00:00:00-05:00,21.040000915527344,21.209999084472656,21.030000686645508,21.18000030517578,13600,0.0,0.0
2021-01-20 00:00:00-05:00,21.18000030517578,21.31999969482422,21.18000030517578,21.270000457763672,12300,0.0,0.0
2021-01-21 00:00:00-05:00,21.34000015258789,21.34000015258789,21.149999618530273,21.31999969482422,4900,0.0,0.0
2021-01-22 00:00:00-05:00,21.079999923706055,21.299999237060547,21.0,21.25,8800,0.0,0.0
2021-01-25 00:00:00-05:00,21.200000762939453,21.209999084472656,21.149999618530273,21.149999618530273,1500,0.0,0.0
2021-01-26 00:00:00-05:00,21.149999618530273,21.190000534057617,21.079999923706055,21.190000534057617,17100,0.0,0.0
2021-01-27 00:00:00-05:00,21.100000381469727,21.100000381469727,20.600000381469727,20.68000030517578,23400,0.0,0.0
2021-01-28 00:00:00-05:00,20.75,21.030000686645508,20.75,20.979999542236328,57000,0.0,0.0
2021-01-29 00:00:00-05:00,20.969999313354492,21.030000686645508,20.81999969482422,21.0,18600,0.0,0.0
2021-02-01 00:00:00-05:00,20.729999542236328,21.170000076293945,20.729999542236328,21.0,4600,0.0,0.0
2021-02-02 00:00:00-05:00,21.190000534057617,21.219999313354492,21.0,21.0,22100,0.0,0.0
2021-02-03 00:00:00-05:00,21.149999618530273,21.229999542236328,21.06999969482422,21.100000381469727,11100,0.0,0.0
2021-02-04 00:00:00-05:00,21.020000457763672,21.31999969482422,21.0,21.209999084472656,5000,0.0,0.0
2021-02-05 00:00:00-05:00,21.110000610351562,21.149999618530273,21.110000610351562,21.149999618530273,600,0.0,0.0
2021-02-08 00:00:00-05:00,21.049999237060547,21.31999969482422,21.049999237060547,21.290000915527344,15000,0.0,0.0
2021-02-09 00:00:00-05:00,21.170000076293945,21.5,21.170000076293945,21.40999984741211,16200,0.0,0.0
2021-02-10 00:00:00-05:00,21.3799991607666,21.3799991607666,21.350000381469727,21.3799991607666,5000,0.0,0.0
2021-02-11 00:00:00-05:00,21.559999465942383,21.559999465942383,21.3799991607666,21.520000457763672,3900,0.0,0.0
2021-02-12 00:00:00-05:00,21.31999969482422,21.40999984741211,21.200000762939453,21.34000015258789,6500,0.0,0.0
2021-02-16 00:00:00-05:00,21.34000015258789,21.43000030517578,21.34000015258789,21.34000015258789,5200,0.0,0.0
2021-02-17 00:00:00-05:00,21.729999542236328,21.729999542236328,21.139999389648438,21.149999618530273,7500,0.0,0.0
2021-02-18 00:00:00-05:00,21.299999237060547,21.299999237060547,21.149999618530273,21.149999618530273,1200,0.0,0.0
2021-02-19 00:00:00-05:00,21.420000076293945,21.420000076293945,21.15999984741211,21.399999618530273,3000,0.0,0.0
2021-02-22 00:00:00-05:00,21.5,21.5,21.139999389648438,21.31999969482422,3400,0.0,0.0
2021-02-23 00:00:00-05:00,21.1200008392334,21.56999969482422,21.1200008392334,21.350000381469727,4000,0.0,0.0
2021-02-24 00:00:00-05:00,21.3700008392334,21.3700008392334,21.149999618530273,21.18000030517578,7400,0.0,0.0
2021-02-25 00:00:00-05:00,20.920000076293945,21.149999618530273,20.899999618530273,20.90999984741211,17300,0.0,0.0
2021-02-26 00:00:00-05:00,20.899999618530273,20.899999618530273,20.899999618530273,20.899999618530273,1300,0.0,0.0
2021-03-01 00:00:00-05:00,21.079999923706055,21.079999923706055,20.799999237060547,20.899999618530273,2600,0.0,0.0
2021-03-02 00:00:00-05:00,20.950000762939453,20.950000762939453,20.899999618530273,20.899999618530273,1400,0.0,0.0
2021-03-03 00:00:00-05:00,20.950000762939453,21.0,20.90999984741211,20.90999984741211,3800,0.0,0.0
2021-03-04 00:00:00-05:00,20.850000381469727,21.0,20.600000381469727,21.0,31800,0.0,0.0
2021-03-05 00:00:00-05:00,20.6200008392334,20.760000228881836,20.5,20.760000228881836,3000,0.0,0.0
2021-03-08 00:00:00-05:00,20.649999618530273,20.90999984741211,20.649999618530273,20.889999389648438,1300,0.0,0.0
2021-03-09 00:00:00-05:00,20.950000762939453,21.0,20.889999389648438,21.0,13700,0.0,0.0
2021-03-10 00:00:00-05:00,21.100000381469727,21.100000381469727,20.850000381469727,20.850000381469727,3500,0.0,0.0
2021-03-11 00:00:00-05:00,20.850000381469727,20.950000762939453,20.850000381469727,20.8799991607666,1800,0.0,0.0
2021-03-12 00:00:00-05:00,20.950000762939453,20.950000762939453,20.850000381469727,20.850000381469727,500,0.0,0.0
2021-03-15 00:00:00-04:00,20.940000534057617,20.950000762939453,20.940000534057617,20.950000762939453,900,0.0,0.0
2021-03-16 00:00:00-04:00,21.0,21.450000762939453,20.969999313354492,21.399999618530273,16100,0.0,0.0
2021-03-17 00:00:00-04:00,21.209999084472656,21.479999542236328,21.209999084472656,21.479999542236328,700,0.0,0.0
2021-03-18 00:00:00-04:00,21.5,21.5,21.399999618530273,21.43000030517578,7600,0.0,0.0
2021-03-19 00:00:00-04:00,21.030000686645508,21.389999389648438,21.030000686645508,21.25,16100,0.0,0.0
2021-03-22 00:00:00-04:00,21.350000381469727,21.479999542236328,21.34000015258789,21.479999542236328,1500,0.0,0.0
2021-03-23 00:00:00-04:00,21.43000030517578,21.459999084472656,21.299999237060547,21.450000762939453,2700,0.0,0.0
2021-03-24 00:00:00-04:00,21.479999542236328,21.520000457763672,21.450000762939453,21.520000457763672,6600,0.0,0.0
2021-03-25 00:00:00-04:00,21.59000015258789,21.719999313354492,21.450000762939453,21.469999313354492,6400,0.0,0.0
2021-03-26 00:00:00-04:00,21.489999771118164,21.520000457763672,21.489999771118164,21.520000457763672,1100,0.0,0.0
2021-03-29 00:00:00-04:00,21.520000457763672,21.59000015258789,21.520000457763672,21.59000015258789,3300,0.0,0.0
2021-03-30 00:00:00-04:00,21.59000015258789,21.610000610351562,21.59000015258789,21.59000015258789,11800,0.0,0.0
2021-03-31 00:00:00-04:00,21.639999389648438,21.700000762939453,21.59000015258789,21.59000015258789,1900,0.0,0.0
2021-04-01 00:00:00-04:00,21.610000610351562,21.700000762939453,21.450000762939453,21.700000762939453,3100,0.0,0.0
2021-04-05 00:00:00-04:00,21.75,21.75,21.649999618530273,21.649999618530273,2100,0.0,0.0
2021-04-06 00:00:00-04:00,21.690000534057617,21.690000534057617,21.690000534057617,21.690000534057617,900,0.0,0.0
2021-04-07 00:00:00-04:00,21.690000534057617,21.690000534057617,21.690000534057617,21.690000534057617,400,0.0,0.0
2021-04-08 00:00:00-04:00,21.75,21.75,21.600000381469727,21.709999084472656,5100,0.0,0.0
2021-04-09 00:00:00-04:00,21.690000534057617,21.690000534057617,21.68000030517578,21.690000534057617,1400,0.0,0.0
2021-04-12 00:00:00-04:00,21.75,21.75,21.700000762939453,21.700000762939453,5400,0.0,0.0
2021-04-13 00:00:00-04:00,21.739999771118164,21.739999771118164,21.700000762939453,21.739999771118164,7500,0.0,0.0
2021-04-14 00:00:00-04:00,21.739999771118164,21.75,21.739999771118164,21.739999771118164,5500,0.0,0.0
2021-04-15 00:00:00-04:00,21.739999771118164,21.739999771118164,21.739999771118164,21.739999771118164,600,0.0,0.0
2021-04-16 00:00:00-04:00,21.8799991607666,21.90999984741211,21.739999771118164,21.90999984741211,4600,0.0,0.0
2021-04-19 00:00:00-04:00,21.75,21.75,21.739999771118164,21.75,8700,0.0,0.0
2021-04-20 00:00:00-04:00,21.790000915527344,21.799999237060547,21.780000686645508,21.790000915527344,2600,0.0,0.0
2021-04-21 00:00:00-04:00,21.790000915527344,21.799999237060547,21.770000457763672,21.790000915527344,8700,0.0,0.0
2021-04-22 00:00:00-04:00,21.780000686645508,22.0,21.780000686645508,22.0,1600,0.0,0.0
2021-04-23 00:00:00-04:00,22.0,22.0,21.790000915527344,21.940000534057617,16700,0.0,0.0
2021-04-26 00:00:00-04:00,21.719999313354492,22.15999984741211,21.719999313354492,22.15999984741211,2100,0.0,0.0
2021-04-27 00:00:00-04:00,22.010000228881836,22.18000030517578,21.93000030517578,21.959999084472656,2200,0.0,0.0
2021-04-28 00:00:00-04:00,21.969999313354492,22.1299991607666,21.93000030517578,21.93000030517578,4700,0.0,0.0
2021-04-29 00:00:00-04:00,22.079999923706055,22.09000015258789,21.93000030517578,21.93000030517578,3900,0.0,0.0
2021-04-30 00:00:00-04:00,21.899999618530273,22.149999618530273,21.899999618530273,22.149999618530273,3000,0.0,0.0
2021-05-03 00:00:00-04:00,22.219999313354492,22.219999313354492,21.979999542236328,21.979999542236328,4600,0.0,0.0
2021-05-04 00:00:00-04:00,22.010000228881836,22.100000381469727,22.010000228881836,22.100000381469727,1000,0.0,0.0
2021-05-05 00:00:00-04:00,22.100000381469727,22.100000381469727,22.079999923706055,22.100000381469727,3200,0.0,0.0
2021-05-06 00:00:00-04:00,21.959999084472656,21.989999771118164,21.959999084472656,21.969999313354492,900,0.0,0.0
2021-05-07 00:00:00-04:00,21.969999313354492,21.969999313354492,21.969999313354492,21.969999313354492,0,0.0,0.0
2021-05-10 00:00:00-04:00,22.100000381469727,22.100000381469727,22.100000381469727,22.100000381469727,1800,0.0,0.0
2021-05-11 00:00:00-04:00,22.100000381469727,22.100000381469727,21.93000030517578,22.100000381469727,8000,0.0,0.0
2021-05-12 00:00:00-04:00,22.239999771118164,22.239999771118164,21.829999923706055,21.860000610351562,18500,0.0,0.0
2021-05-13 00:00:00-04:00,22.079999923706055,22.100000381469727,21.889999389648438,21.889999389648438,5900,0.0,0.0
2021-05-14 00:00:00-04:00,22.100000381469727,22.100000381469727,22.0,22.0,2800,0.0,0.0
2021-05-17 00:00:00-04:00,22.0,22.0,21.8700008392334,21.920000076293945,3500,0.0,0.0
2021-05-18 00:00:00-04:00,21.93000030517578,21.93000030517578,21.93000030517578,21.93000030517578,300,0.0,0.0
2021-05-19 00:00:00-04:00,22.0,22.0,22.0,22.0,18300,0.0,0.0
2021-05-20 00:00:00-04:00,22.0,22.049999237060547,22.0,22.049999237060547,2300,0.0,0.0
2021-05-21 00:00:00-04:00,22.100000381469727,22.1200008392334,21.8799991607666,21.93000030517578,4800,0.0,0.0
2021-05-24 00:00:00-04:00,22.200000762939453,22.200000762939453,22.0,22.100000381469727,3300,0.0,0.0
2021-05-25 00:00:00-04:00,22.100000381469727,22.1200008392334,22.059999465942383,22.059999465942383,4900,0.0,0.0
2021-05-26 00:00:00-04:00,22.100000381469727,22.100000381469727,22.010000228881836,22.020000457763672,10400,0.0,0.0
2021-05-27 00:00:00-04:00,22.020000457763672,22.020000457763672,21.809999465942383,21.850000381469727,11400,0.0,0.0
2021-05-28 00:00:00-04:00,21.829999923706055,21.889999389648438,21.780000686645508,21.889999389648438,11200,0.0,0.0
2021-06-01 00:00:00-04:00,21.8799991607666,22.0,21.8799991607666,21.93000030517578,8300,0.0,0.0
2021-06-02 00:00:00-04:00,21.93000030517578,22.0,21.899999618530273,21.940000534057617,4400,0.0,0.0
2021-06-03 00:00:00-04:00,21.950000762939453,21.950000762939453,21.950000762939453,21.950000762939453,1900,0.0,0.0
2021-06-04 00:00:00-04:00,21.959999084472656,21.979999542236328,21.90999984741211,21.90999984741211,3200,0.0,0.0
2021-06-07 00:00:00-04:00,21.920000076293945,21.93000030517578,21.899999618530273,21.899999618530273,12400,0.0,0.0
2021-06-08 00:00:00-04:00,21.90999984741211,21.920000076293945,21.8700008392334,21.889999389648438,9400,0.0,0.0
2021-06-09 00:00:00-04:00,21.850000381469727,21.920000076293945,21.81999969482422,21.850000381469727,9400,0.0,0.0
2021-06-10 00:00:00-04:00,21.850000381469727,21.959999084472656,21.850000381469727,21.950000762939453,3900,0.0,0.0
2021-06-11 00:00:00-04:00,21.8799991607666,21.8799991607666,21.799999237060547,21.84000015258789,5100,0.0,0.0
2021-06-14 00:00:00-04:00,21.93000030517578,21.93000030517578,21.760000228881836,21.920000076293945,3400,0.0,0.0
2021-06-15 00:00:00-04:00,21.940000534057617,21.940000534057617,21.84000015258789,21.920000076293945,1600,0.0,0.0
2021-06-16 00:00:00-04:00,21.829999923706055,22.010000228881836,21.829999923706055,22.0,8100,0.0,0.0
2021-06-17 00:00:00-04:00,22.229999542236328,22.229999542236328,22.0,22.010000228881836,8200,0.0,0.0
2021-06-18 00:00:00-04:00,22.0,22.040000915527344,21.940000534057617,22.0,15600,0.0,0.0
2021-06-21 00:00:00-04:00,22.0,22.219999313354492,22.0,22.010000228881836,8400,0.0,0.0
2021-06-22 00:00:00-04:00,22.229999542236328,22.229999542236328,22.0,22.0,7700,0.0,0.0
2021-06-23 00:00:00-04:00,22.0,22.010000228881836,21.93000030517578,21.93000030517578,4900,0.0,0.0
2021-06-24 00:00:00-04:00,21.90999984741211,21.93000030517578,21.899999618530273,21.93000030517578,4700,0.0,0.0
2021-06-25 00:00:00-04:00,21.979999542236328,22.0,21.860000610351562,21.860000610351562,4500,0.0,0.0
2021-06-28 00:00:00-04:00,21.950000762939453,21.950000762939453,21.809999465942383,21.920000076293945,4900,0.0,0.0
2021-06-29 00:00:00-04:00,22.0,22.139999389648438,21.84000015258789,22.139999389648438,14600,0.0,0.0
2021-06-30 00:00:00-04:00,21.989999771118164,22.219999313354492,21.989999771118164,22.040000915527344,48400,0.0,0.0
2021-07-01 00:00:00-04:00,22.049999237060547,22.229999542236328,22.049999237060547,22.079999923706055,27400,0.0,0.0
2021-07-02 00:00:00-04:00,22.170000076293945,22.25,22.110000610351562,22.25,6800,0.0,0.0
2021-07-06 00:00:00-04:00,22.100000381469727,22.149999618530273,22.0,22.06999969482422,25600,0.0,0.0
2021-07-07 00:00:00-04:00,22.049999237060547,22.1200008392334,22.049999237060547,22.1200008392334,4000,0.0,0.0
2021-07-08 00:00:00-04:00,22.049999237060547,22.280000686645508,22.049999237060547,22.09000015258789,3900,0.0,0.0
2021-07-09 00:00:00-04:00,22.040000915527344,22.06999969482422,22.0,22.06999969482422,1100,0.0,0.0
2021-07-12 00:00:00-04:00,22.100000381469727,22.100000381469727,22.100000381469727,22.100000381469727,2500,0.0,0.0
2021-07-13 00:00:00-04:00,22.170000076293945,22.170000076293945,22.059999465942383,22.059999465942383,2200,0.0,0.0
2021-07-14 00:00:00-04:00,22.1299991607666,22.15999984741211,22.020000457763672,22.020000457763672,3400,0.0,0.0
2021-07-15 00:00:00-04:00,22.0,22.020000457763672,21.979999542236328,21.979999542236328,3900,0.0,0.0
2021-07-16 00:00:00-04:00,22.200000762939453,22.200000762939453,21.899999618530273,21.899999618530273,3100,0.0,0.0
2021-07-19 00:00:00-04:00,21.860000610351562,21.959999084472656,21.6299991607666,21.850000381469727,10200,0.0,0.0
2021-07-20 00:00:00-04:00,22.0,22.0,21.84000015258789,21.860000610351562,1000,0.0,0.0
2021-07-21 00:00:00-04:00,22.0,22.100000381469727,22.0,22.010000228881836,3700,0.0,0.0
2021-07-22 00:00:00-04:00,22.010000228881836,22.100000381469727,21.90999984741211,22.100000381469727,1900,0.0,0.0
2021-07-23 00:00:00-04:00,22.079999923706055,22.100000381469727,22.0,22.049999237060547,2800,0.0,0.0
2021-07-26 00:00:00-04:00,22.0,22.100000381469727,21.989999771118164,22.06999969482422,1200,0.0,0.0
2021-07-27 00:00:00-04:00,21.920000076293945,22.100000381469727,21.90999984741211,22.100000381469727,3100,0.0,0.0
2021-07-28 00:00:00-04:00,22.100000381469727,22.100000381469727,22.100000381469727,22.100000381469727,0,0.0,0.0
2021-07-29 00:00:00-04:00,21.950000762939453,21.950000762939453,21.899999618530273,21.950000762939453,3600,0.0,0.0
2021-07-30 00:00:00-04:00,22.020000457763672,22.049999237060547,21.920000076293945,21.969999313354492,6200,0.0,0.0
2021-08-02 00:00:00-04:00,21.959999084472656,21.959999084472656,21.899999618530273,21.940000534057617,6000,0.0,0.0
2021-08-03 00:00:00-04:00,21.899999618530273,22.110000610351562,21.899999618530273,22.110000610351562,2800,0.0,0.0
2021-08-04 00:00:00-04:00,22.059999465942383,22.06999969482422,21.969999313354492,21.969999313354492,2100,0.0,0.0
2021-08-05 00:00:00-04:00,22.100000381469727,22.149999618530273,21.93000030517578,22.139999389648438,7600,0.0,0.0
2021-08-06 00:00:00-04:00,22.0,22.190000534057617,22.0,22.170000076293945,5300,0.0,0.0
2021-08-09 00:00:00-04:00,22.170000076293945,22.170000076293945,21.959999084472656,21.959999084472656,2500,0.0,0.0
2021-08-10 00:00:00-04:00,22.09000015258789,22.149999618530273,21.920000076293945,21.93000030517578,10200,0.0,0.0
2021-08-11 00:00:00-04:00,21.860000610351562,22.1299991607666,21.860000610351562,22.1299991607666,4500,0.0,0.0
2021-08-12 00:00:00-04:00,22.010000228881836,22.149999618530273,21.920000076293945,21.989999771118164,10500,0.0,0.0
2021-08-13 00:00:00-04:00,22.09000015258789,22.149999618530273,21.969999313354492,21.969999313354492,9700,0.0,0.0
2021-08-16 00:00:00-04:00,22.0,22.0,21.979999542236328,22.0,4900,0.0,0.0
2021-08-17 00:00:00-04:00,22.100000381469727,22.100000381469727,21.979999542236328,22.030000686645508,3700,0.0,0.0
2021-08-18 00:00:00-04:00,22.059999465942383,22.059999465942383,21.90999984741211,21.969999313354492,5200,0.0,0.0
2021-08-19 00:00:00-04:00,21.969999313354492,21.969999313354492,21.950000762939453,21.950000762939453,3000,0.0,0.0
2021-08-20 00:00:00-04:00,21.950000762939453,22.079999923706055,21.950000762939453,22.079999923706055,2500,0.0,0.0
2021-08-23 00:00:00-04:00,22.1200008392334,22.149999618530273,21.959999084472656,22.049999237060547,1900,0.0,0.0
2021-08-24 00:00:00-04:00,22.059999465942383,22.18000030517578,22.059999465942383,22.149999618530273,3200,0.0,0.0
2021-08-25 00:00:00-04:00,22.149999618530273,22.149999618530273,21.959999084472656,22.06999969482422,4200,0.0,0.0
2021-08-26 00:00:00-04:00,22.010000228881836,22.100000381469727,22.0,22.06999969482422,4900,0.0,0.0
2021-08-27 00:00:00-04:00,21.709999084472656,21.889999389648438,21.530000686645508,21.889999389648438,2400,0.0,0.0
2021-08-30 00:00:00-04:00,21.950000762939453,21.950000762939453,21.93000030517578,21.950000762939453,7000,0.0,0.0
2021-08-31 00:00:00-04:00,21.760000228881836,21.93000030517578,21.760000228881836,21.809999465942383,2300,0.0,0.0
2021-09-01 00:00:00-04:00,21.850000381469727,21.8799991607666,21.84000015258789,21.8799991607666,1400,0.0,0.0
2021-09-02 00:00:00-04:00,21.829999923706055,22.040000915527344,21.809999465942383,21.989999771118164,28400,0.0,0.0
2021-09-03 00:00:00-04:00,21.959999084472656,21.959999084472656,21.940000534057617,21.950000762939453,6700,0.0,0.0
2021-09-07 00:00:00-04:00,21.989999771118164,22.049999237060547,21.950000762939453,22.010000228881836,3300,0.0,0.0
2021-09-08 00:00:00-04:00,22.020000457763672,22.020000457763672,21.920000076293945,21.959999084472656,2700,0.0,0.0
2021-09-09 00:00:00-04:00,22.06999969482422,22.06999969482422,21.950000762939453,21.989999771118164,3900,0.0,0.0
2021-09-10 00:00:00-04:00,22.100000381469727,22.290000915527344,22.100000381469727,22.209999084472656,13600,0.0,0.0
2021-09-13 00:00:00-04:00,22.239999771118164,22.239999771118164,22.06999969482422,22.18000030517578,15700,0.0,0.0
2021-09-14 00:00:00-04:00,22.270000457763672,22.270000457763672,22.030000686645508,22.219999313354492,6600,0.0,0.0
2021-09-15 00:00:00-04:00,22.219999313354492,22.280000686645508,22.1299991607666,22.200000762939453,8200,0.0,0.0
2021-09-16 00:00:00-04:00,22.200000762939453,22.729999542236328,22.200000762939453,22.670000076293945,19800,0.0,0.0
2021-09-17 00:00:00-04:00,22.700000762939453,22.700000762939453,22.18000030517578,22.690000534057617,8800,0.0,0.0
2021-09-20 00:00:00-04:00,22.56999969482422,22.56999969482422,22.280000686645508,22.280000686645508,6000,0.0,0.0
2021-09-21 00:00:00-04:00,22.260000228881836,22.450000762939453,22.1200008392334,22.450000762939453,12500,0.0,0.0
2021-09-22 00:00:00-04:00,22.540000915527344,22.6200008392334,22.329999923706055,22.600000381469727,8600,0.0,0.0
2021-09-23 00:00:00-04:00,22.600000381469727,22.670000076293945,22.479999542236328,22.670000076293945,9000,0.0,0.0
2021-09-24 00:00:00-04:00,22.489999771118164,22.56999969482422,22.31999969482422,22.479999542236328,5400,0.0,0.0
2021-09-27 00:00:00-04:00,22.440000534057617,22.489999771118164,22.43000030517578,22.440000534057617,9300,0.0,0.0
2021-09-28 00:00:00-04:00,22.25,22.299999237060547,22.059999465942383,22.190000534057617,14600,0.0,0.0
2021-09-29 00:00:00-04:00,22.25,22.299999237060547,22.18000030517578,22.229999542236328,17900,0.0,0.0
2021-09-30 00:00:00-04:00,22.219999313354492,22.299999237060547,21.770000457763672,22.200000762939453,117700,0.0,0.0
2021-10-01 00:00:00-04:00,22.239999771118164,22.280000686645508,21.860000610351562,22.229999542236328,13900,0.0,0.0
2021-10-04 00:00:00-04:00,22.299999237060547,22.34000015258789,22.0,22.040000915527344,21300,0.0,0.0
2021-10-05 00:00:00-04:00,22.040000915527344,22.049999237060547,21.579999923706055,21.579999923706055,10000,0.0,0.0
2021-10-06 00:00:00-04:00,21.5,22.25,21.479999542236328,21.989999771118164,9100,0.0,0.0
2021-10-07 00:00:00-04:00,22.1299991607666,22.1299991607666,21.729999542236328,22.040000915527344,6700,0.0,0.0
2021-10-08 00:00:00-04:00,21.8799991607666,21.899999618530273,21.860000610351562,21.860000610351562,2600,0.0,0.0
2021-10-11 00:00:00-04:00,21.860000610351562,22.09000015258789,21.860000610351562,22.09000015258789,1300,0.0,0.0
2021-10-12 00:00:00-04:00,22.15999984741211,22.270000457763672,22.100000381469727,22.15999984741211,8800,0.0,0.0
2021-10-13 00:00:00-04:00,22.18000030517578,22.540000915527344,22.06999969482422,22.360000610351562,4400,0.0,0.0
2021-10-14 00:00:00-04:00,22.469999313354492,22.649999618530273,22.459999084472656,22.649999618530273,7000,0.0,0.0
2021-10-15 00:00:00-04:00,22.579999923706055,22.579999923706055,22.579999923706055,22.579999923706055,300,0.0,0.0
2021-10-18 00:00:00-04:00,22.520000457763672,22.639999389648438,22.520000457763672,22.639999389648438,4200,0.0,0.0
2021-10-19 00:00:00-04:00,22.700000762939453,22.700000762939453,22.56999969482422,22.579999923706055,17000,0.0,0.0
2021-10-20 00:00:00-04:00,22.34000015258789,22.479999542236328,22.200000762939453,22.479999542236328,1200,0.0,0.0
2021-10-21 00:00:00-04:00,22.299999237060547,22.5,22.299999237060547,22.440000534057617,1300,0.0,0.0
2021-10-22 00:00:00-04:00,22.459999084472656,22.459999084472656,22.209999084472656,22.209999084472656,1100,0.0,0.0
2021-10-25 00:00:00-04:00,22.309999465942383,22.309999465942383,22.309999465942383,22.309999465942383,600,0.0,0.0
2021-10-26 00:00:00-04:00,22.229999542236328,22.229999542236328,22.229999542236328,22.229999542236328,400,0.0,0.0
2021-10-27 00:00:00-04:00,22.219999313354492,22.219999313354492,21.950000762939453,22.100000381469727,10800,0.0,0.0
2021-10-28 00:00:00-04:00,22.299999237060547,22.299999237060547,22.219999313354492,22.299999237060547,6600,0.0,0.0
2021-10-29 00:00:00-04:00,22.260000228881836,23.170000076293945,22.260000228881836,22.90999984741211,62400,0.0,0.0
2021-11-01 00:00:00-04:00,22.93000030517578,22.93000030517578,22.700000762939453,22.889999389648438,12700,0.0,0.0
2021-11-02 00:00:00-04:00,23.0,23.0,22.8799991607666,22.920000076293945,3600,0.0,0.0
2021-11-03 00:00:00-04:00,22.90999984741211,23.0,22.790000915527344,22.989999771118164,8900,0.0,0.0
2021-11-04 00:00:00-04:00,22.90999984741211,23.059999465942383,22.809999465942383,22.989999771118164,11900,0.0,0.0
2021-11-05 00:00:00-04:00,22.940000534057617,23.0,22.940000534057617,22.989999771118164,1400,0.0,0.0
2021-11-08 00:00:00-05:00,23.0,23.0,22.950000762939453,22.950000762939453,1400,0.0,0.0
2021-11-09 00:00:00-05:00,22.799999237060547,22.799999237060547,22.65999984741211,22.670000076293945,1400,0.0,0.0
2021-11-10 00:00:00-05:00,22.399999618530273,22.469999313354492,22.3799991607666,22.469999313354492,2000,0.0,0.0
2021-11-11 00:00:00-05:00,22.450000762939453,22.450000762939453,22.239999771118164,22.280000686645508,5300,0.0,0.0
2021-11-12 00:00:00-05:00,22.309999465942383,22.700000762939453,22.309999465942383,22.309999465942383,2700,0.0,0.0
2021-11-15 00:00:00-05:00,22.309999465942383,22.760000228881836,22.309999465942383,22.40999984741211,8000,0.0,0.0
2021-11-16 00:00:00-05:00,22.5,22.5,22.5,22.5,600,0.0,0.0
2021-11-17 00:00:00-05:00,22.350000381469727,22.56999969482422,22.280000686645508,22.280000686645508,5200,0.0,0.0
2021-11-18 00:00:00-05:00,22.229999542236328,22.649999618530273,22.229999542236328,22.649999618530273,5200,0.0,0.0
2021-11-19 00:00:00-05:00,22.6200008392334,22.6299991607666,22.360000610351562,22.360000610351562,400,0.0,0.0
2021-11-22 00:00:00-05:00,22.299999237060547,22.799999237060547,22.209999084472656,22.209999084472656,4300,0.0,0.0
2021-11-23 00:00:00-05:00,22.219999313354492,22.219999313354492,21.93000030517578,21.93000030517578,3400,0.0,0.0
2021-11-24 00:00:00-05:00,22.0,22.06999969482422,21.989999771118164,22.06999969482422,1900,0.0,0.0
2021-11-26 00:00:00-05:00,22.0,22.700000762939453,22.0,22.170000076293945,6100,0.0,0.0
2021-11-29 00:00:00-05:00,22.09000015258789,22.09000015258789,21.75,21.969999313354492,9400,0.0,0.0
2021-11-30 00:00:00-05:00,21.979999542236328,22.3799991607666,21.75,21.860000610351562,2800,0.0,0.0
2021-12-01 00:00:00-05:00,21.860000610351562,22.239999771118164,21.860000610351562,22.049999237060547,4600,0.0,0.0
2021-12-02 00:00:00-05:00,22.200000762939453,22.229999542236328,21.860000610351562,21.860000610351562,2300,0.0,0.0
2021-12-03 00:00:00-05:00,21.670000076293945,21.68000030517578,21.540000915527344,21.610000610351562,2900,0.0,0.0
2021-12-06 00:00:00-05:00,21.729999542236328,21.739999771118164,21.729999542236328,21.739999771118164,300,0.0,0.0
2021-12-07 00:00:00-05:00,21.709999084472656,21.850000381469727,21.65999984741211,21.65999984741211,3800,0.0,0.0
2021-12-08 00:00:00-05:00,21.729999542236328,21.799999237060547,21.34000015258789,21.479999542236328,5700,0.0,0.0
2021-12-09 00:00:00-05:00,21.309999465942383,21.540000915527344,21.299999237060547,21.309999465942383,9500,0.0,0.0
2021-12-10 00:00:00-05:00,21.450000762939453,21.450000762939453,21.309999465942383,21.309999465942383,2100,0.0,0.0
2021-12-13 00:00:00-05:00,21.309999465942383,21.309999465942383,20.739999771118164,20.8700008392334,8400,0.0,0.0
2021-12-14 00:00:00-05:00,21.049999237060547,21.049999237060547,20.790000915527344,20.979999542236328,5100,0.0,0.0
2021-12-15 00:00:00-05:00,21.049999237060547,21.280000686645508,21.010000228881836,21.059999465942383,7700,0.0,0.0
2021-12-16 00:00:00-05:00,21.309999465942383,21.770000457763672,20.559999465942383,21.559999465942383,10000,0.0,0.0
2021-12-17 00:00:00-05:00,21.049999237060547,21.940000534057617,21.049999237060547,21.610000610351562,1000,0.0,0.0
2021-12-20 00:00:00-05:00,21.739999771118164,21.739999771118164,21.1200008392334,21.1200008392334,4700,0.0,0.0
2021-12-21 00:00:00-05:00,21.260000228881836,21.299999237060547,21.1299991607666,21.25,3600,0.0,0.0
2021-12-22 00:00:00-05:00,21.149999618530273,21.360000610351562,21.010000228881836,21.149999618530273,10700,0.0,0.0
2021-12-23 00:00:00-05:00,21.09000015258789,21.200000762939453,21.010000228881836,21.200000762939453,7900,0.0,0.0
2021-12-27 00:00:00-05:00,21.15999984741211,21.229999542236328,21.100000381469727,21.139999389648438,1800,0.0,0.0
2021-12-28 00:00:00-05:00,21.15999984741211,21.25,21.1299991607666,21.25,1400,0.0,0.0
2021-12-29 00:00:00-05:00,21.219999313354492,21.290000915527344,21.010000228881836,21.290000915527344,1700,0.0,0.0
2021-12-30 00:00:00-05:00,21.329999923706055,21.530000686645508,21.329999923706055,21.5,5100,0.0,0.0
2021-12-31 00:00:00-05:00,21.520000457763672,21.549999237060547,21.469999313354492,21.549999237060547,1500,0.0,0.0
2022-01-03 00:00:00-05:00,21.459999084472656,21.760000228881836,21.459999084472656,21.6200008392334,1600,0.0,0.0
2022-01-04 00:00:00-05:00,21.18000030517578,21.43000030517578,21.110000610351562,21.229999542236328,1300,0.0,0.0
2022-01-05 00:00:00-05:00,21.06999969482422,21.489999771118164,20.459999084472656,20.799999237060547,7700,0.0,0.0
2022-01-06 00:00:00-05:00,20.649999618530273,21.049999237060547,20.309999465942383,21.049999237060547,7700,0.0,0.0
2022-01-07 00:00:00-05:00,20.93000030517578,20.93000030517578,20.6200008392334,20.6200008392334,1900,0.0,0.0
2022-01-10 00:00:00-05:00,20.81999969482422,20.81999969482422,20.600000381469727,20.600000381469727,5400,0.0,0.0
2022-01-11 00:00:00-05:00,20.600000381469727,20.700000762939453,20.600000381469727,20.700000762939453,800,0.0,0.0
2022-01-12 00:00:00-05:00,20.700000762939453,20.920000076293945,20.700000762939453,20.829999923706055,800,0.0,0.0
2022-01-13 00:00:00-05:00,20.850000381469727,20.850000381469727,20.850000381469727,20.850000381469727,2400,0.0,0.0
2022-01-14 00:00:00-05:00,20.850000381469727,20.850000381469727,20.850000381469727,20.850000381469727,0,0.0,0.0
2022-01-18 00:00:00-05:00,20.829999923706055,20.829999923706055,20.579999923706055,20.6200008392334,3600,0.0,0.0
2022-01-19 00:00:00-05:00,20.579999923706055,20.68000030517578,20.5,20.5,5900,0.0,0.0
2022-01-20 00:00:00-05:00,20.399999618530273,20.690000534057617,20.25,20.25,2700,0.0,0.0
2022-01-21 00:00:00-05:00,20.309999465942383,20.389999389648438,20.0,20.010000228881836,11700,0.0,0.0
2022-01-24 00:00:00-05:00,20.0,20.0,19.5,19.809999465942383,4000,0.0,0.0
2022-01-25 00:00:00-05:00,19.989999771118164,20.049999237060547,19.989999771118164,20.049999237060547,1600,0.0,0.0
2022-01-26 00:00:00-05:00,20.31999969482422,20.31999969482422,19.899999618530273,20.0,8800,0.0,0.0
2022-01-27 00:00:00-05:00,19.899999618530273,19.969999313354492,19.5,19.600000381469727,4700,0.0,0.0
2022-01-28 00:00:00-05:00,19.600000381469727,19.739999771118164,19.329999923706055,19.40999984741211,7200,0.0,0.0
2022-01-31 00:00:00-05:00,19.479999542236328,19.8799991607666,19.479999542236328,19.799999237060547,1700,0.0,0.0
2022-02-01 00:00:00-05:00,19.610000610351562,19.93000030517578,19.610000610351562,19.84000015258789,800,0.0,0.0
2022-02-02 00:00:00-05:00,20.079999923706055,20.079999923706055,19.229999542236328,19.229999542236328,5100,0.0,0.0
2022-02-03 00:00:00-05:00,19.260000228881836,19.389999389648438,19.190000534057617,19.190000534057617,1700,0.0,0.0
2022-02-04 00:00:00-05:00,19.239999771118164,19.389999389648438,19.239999771118164,19.25,8800,0.0,0.0
2022-02-07 00:00:00-05:00,19.110000610351562,19.25,18.6299991607666,18.829999923706055,5900,0.0,0.0
2022-02-08 00:00:00-05:00,18.979999542236328,19.110000610351562,18.829999923706055,18.979999542236328,3300,0.0,0.0
2022-02-09 00:00:00-05:00,19.049999237060547,19.049999237060547,18.75,18.90999984741211,3600,0.0,0.0
2022-02-10 00:00:00-05:00,18.75,18.75,18.5,18.5,4700,0.0,0.0
2022-02-11 00:00:00-05:00,18.610000610351562,18.81999969482422,18.25,18.299999237060547,7300,0.0,0.0
2022-02-14 00:00:00-05:00,18.270000457763672,18.34000015258789,18.25,18.25,3000,0.0,0.0
2022-02-15 00:00:00-05:00,18.290000915527344,18.729999542236328,18.290000915527344,18.729999542236328,3300,0.0,0.0
2022-02-16 00:00:00-05:00,18.700000762939453,18.700000762939453,18.700000762939453,18.700000762939453,800,0.0,0.0
2022-02-17 00:00:00-05:00,18.469999313354492,18.649999618530273,18.43000030517578,18.43000030517578,4400,0.0,0.0
2022-02-18 00:00:00-05:00,18.479999542236328,19.219999313354492,18.479999542236328,18.790000915527344,4000,0.0,0.0
2022-02-22 00:00:00-05:00,19.0,19.0,18.450000762939453,18.450000762939453,2800,0.0,0.0
2022-02-23 00:00:00-05:00,18.450000762939453,18.450000762939453,18.450000762939453,18.450000762939453,0,0.0,0.0
2022-02-24 00:00:00-05:00,18.329999923706055,18.5,18.329999923706055,18.5,1400,0.0,0.0
2022-02-25 00:00:00-05:00,18.459999084472656,18.459999084472656,18.459999084472656,18.459999084472656,200,0.0,0.0
2022-02-28 00:00:00-05:00,18.6299991607666,18.6299991607666,18.360000610351562,18.360000610351562,1800,0.0,0.0
2022-03-01 00:00:00-05:00,19.299999237060547,19.299999237060547,18.40999984741211,18.40999984741211,1100,0.0,0.0
2022-03-02 00:00:00-05:00,18.729999542236328,18.729999542236328,18.350000381469727,18.350000381469727,1200,0.0,0.0
2022-03-03 00:00:00-05:00,18.34000015258789,18.350000381469727,18.0,18.0,3000,0.0,0.0
2022-03-04 00:00:00-05:00,18.0,18.0,18.0,18.0,900,0.0,0.0
2022-03-07 00:00:00-05:00,18.0,18.200000762939453,18.0,18.139999389648438,1200,0.0,0.0
2022-03-08 00:00:00-05:00,18.110000610351562,18.110000610351562,18.010000228881836,18.020000457763672,2800,0.0,0.0
2022-03-09 00:00:00-05:00,18.040000915527344,18.270000457763672,18.0,18.270000457763672,1900,0.0,0.0
2022-03-10 00:00:00-05:00,18.010000228881836,18.040000915527344,18.010000228881836,18.040000915527344,500,0.0,0.0
2022-03-11 00:00:00-05:00,18.0,18.110000610351562,17.979999542236328,18.049999237060547,3800,0.0,0.0
2022-03-14 00:00:00-04:00,17.969999313354492,18.190000534057617,17.729999542236328,18.0,2600,0.0,0.0
2022-03-15 00:00:00-04:00,17.81999969482422,18.34000015258789,17.600000381469727,18.34000015258789,2900,0.0,0.0
2022-03-16 00:00:00-04:00,18.420000076293945,18.59000015258789,18.420000076293945,18.59000015258789,700,0.0,0.0
2022-03-17 00:00:00-04:00,19.270000457763672,19.399999618530273,19.100000381469727,19.139999389648438,2000,0.0,0.0
2022-03-18 00:00:00-04:00,19.139999389648438,19.139999389648438,19.139999389648438,19.139999389648438,0,0.0,0.0
2022-03-21 00:00:00-04:00,19.56999969482422,19.84000015258789,18.549999237060547,18.93000030517578,5200,0.0,0.0
2022-03-22 00:00:00-04:00,18.65999984741211,19.350000381469727,17.90999984741211,18.420000076293945,10000,0.0,0.0
2022-03-23 00:00:00-04:00,18.559999465942383,18.559999465942383,17.6200008392334,18.170000076293945,2100,0.0,0.0
2022-03-24 00:00:00-04:00,18.350000381469727,18.350000381469727,17.600000381469727,17.850000381469727,4300,0.0,0.0
2022-03-25 00:00:00-04:00,17.649999618530273,17.65999984741211,17.0,17.350000381469727,6800,0.0,0.0
2022-03-28 00:00:00-04:00,17.350000381469727,17.989999771118164,17.350000381469727,17.989999771118164,2100,0.0,0.0
2022-03-29 00:00:00-04:00,18.309999465942383,18.309999465942383,18.049999237060547,18.309999465942383,900,0.0,0.0
2022-03-30 00:00:00-04:00,18.149999618530273,18.200000762939453,18.030000686645508,18.200000762939453,800,0.0,0.0
2022-03-31 00:00:00-04:00,18.200000762939453,18.200000762939453,18.200000762939453,18.200000762939453,0,0.0,0.0
2022-04-01 00:00:00-04:00,18.549999237060547,18.549999237060547,18.549999237060547,18.549999237060547,700,0.0,0.0
2022-04-04 00:00:00-04:00,18.549999237060547,18.549999237060547,18.549999237060547,18.549999237060547,0,0.0,0.0
2022-04-05 00:00:00-04:00,18.09000015258789,18.34000015258789,18.010000228881836,18.34000015258789,1400,0.0,0.0
2022-04-06 00:00:00-04:00,18.420000076293945,18.420000076293945,18.420000076293945,18.420000076293945,300,0.0,0.0
2022-04-07 00:00:00-04:00,18.25,18.25,18.049999237060547,18.170000076293945,1900,0.0,0.0
2022-04-08 00:00:00-04:00,18.600000381469727,18.600000381469727,18.200000762939453,18.200000762939453,1600,0.0,0.0
2022-04-11 00:00:00-04:00,18.1299991607666,18.149999618530273,18.1299991607666,18.149999618530273,29100,0.0,0.0
2022-04-12 00:00:00-04:00,18.149999618530273,18.15999984741211,18.100000381469727,18.100000381469727,6300,0.0,0.0
2022-04-13 00:00:00-04:00,18.389999389648438,18.389999389648438,18.100000381469727,18.100000381469727,1400,0.0,0.0
2022-04-14 00:00:00-04:00,18.100000381469727,18.100000381469727,18.049999237060547,18.049999237060547,800,0.0,0.0
2022-04-18 00:00:00-04:00,18.0,18.149999618530273,18.0,18.100000381469727,1200,0.0,0.0
2022-04-19 00:00:00-04:00,18.0,18.18000030517578,18.0,18.100000381469727,5300,0.0,0.0
2022-04-20 00:00:00-04:00,18.049999237060547,18.049999237060547,18.049999237060547,18.049999237060547,400,0.0,0.0
2022-04-21 00:00:00-04:00,17.700000762939453,18.09000015258789,17.700000762939453,17.920000076293945,2700,0.0,0.0
2022-04-22 00:00:00-04:00,18.149999618530273,18.309999465942383,18.059999465942383,18.309999465942383,2200,0.0,0.0
2022-04-25 00:00:00-04:00,18.280000686645508,18.280000686645508,18.229999542236328,18.229999542236328,600,0.0,0.0
2022-04-26 00:00:00-04:00,18.229999542236328,18.229999542236328,18.229999542236328,18.229999542236328,0,0.0,0.0
2022-04-27 00:00:00-04:00,17.81999969482422,17.920000076293945,17.65999984741211,17.850000381469727,6300,0.0,0.0
2022-04-28 00:00:00-04:00,17.850000381469727,17.899999618530273,17.850000381469727,17.899999618530273,4200,0.0,0.0
2022-04-29 00:00:00-04:00,17.899999618530273,19.06999969482422,17.850000381469727,19.06999969482422,14600,0.0,0.0
2022-05-02 00:00:00-04:00,18.489999771118164,19.06999969482422,18.43000030517578,19.06999969482422,5200,0.0,0.0
2022-05-03 00:00:00-04:00,19.06999969482422,19.639999389648438,19.06999969482422,19.239999771118164,2300,0.0,0.0
2022-05-04 00:00:00-04:00,18.940000534057617,19.440000534057617,18.5,18.5,11800,0.0,0.0
2022-05-05 00:00:00-04:00,18.5,19.100000381469727,18.350000381469727,18.399999618530273,4800,0.0,0.0
2022-05-06 00:00:00-04:00,18.690000534057617,18.690000534057617,17.959999084472656,17.959999084472656,3100,0.0,0.0
2022-05-09 00:00:00-04:00,18.0,18.290000915527344,18.0,18.0,1200,0.0,0.0
2022-05-10 00:00:00-04:00,18.190000534057617,18.190000534057617,18.190000534057617,18.190000534057617,500,0.0,0.0
2022-05-11 00:00:00-04:00,18.209999084472656,18.209999084472656,18.020000457763672,18.100000381469727,2400,0.0,0.0
2022-05-12 00:00:00-04:00,18.0,18.079999923706055,17.6200008392334,17.700000762939453,3100,0.0,0.0
2022-05-13 00:00:00-04:00,17.68000030517578,17.950000762939453,17.68000030517578,17.940000534057617,1700,0.0,0.0
2022-05-16 00:00:00-04:00,17.93000030517578,18.030000686645508,17.889999389648438,18.030000686645508,900,0.0,0.0
2022-05-17 00:00:00-04:00,18.040000915527344,18.040000915527344,17.6200008392334,17.6200008392334,1600,0.0,0.0
2022-05-18 00:00:00-04:00,17.549999237060547,17.549999237060547,17.399999618530273,17.399999618530273,3600,0.0,0.0
2022-05-19 00:00:00-04:00,17.3799991607666,17.3799991607666,17.229999542236328,17.229999542236328,900,0.0,0.0
2022-05-20 00:00:00-04:00,17.229999542236328,17.229999542236328,17.229999542236328,17.229999542236328,0,0.0,0.0
2022-05-23 00:00:00-04:00,17.329999923706055,17.979999542236328,17.290000915527344,17.459999084472656,5400,0.0,0.0
2022-05-24 00:00:00-04:00,17.729999542236328,17.729999542236328,17.479999542236328,17.479999542236328,400,0.0,0.0
2022-05-25 00:00:00-04:00,17.34000015258789,17.34000015258789,17.34000015258789,17.34000015258789,200,0.0,0.0
2022-05-26 00:00:00-04:00,17.139999389648438,17.889999389648438,17.139999389648438,17.889999389648438,5300,0.0,0.0
2022-05-27 00:00:00-04:00,18.34000015258789,18.34000015258789,18.100000381469727,18.100000381469727,400,0.0,0.0
2022-05-31 00:00:00-04:00,17.899999618530273,18.079999923706055,17.3700008392334,17.739999771118164,4800,0.0,0.0
2022-06-01 00:00:00-04:00,17.969999313354492,18.200000762939453,17.850000381469727,18.079999923706055,2500,0.0,0.0
2022-06-02 00:00:00-04:00,18.329999923706055,18.959999084472656,17.989999771118164,17.989999771118164,8400,0.0,0.0
2022-06-03 00:00:00-04:00,17.299999237060547,18.1200008392334,17.25,17.579999923706055,1100,0.0,0.0
2022-06-06 00:00:00-04:00,17.950000762939453,18.75,17.520000457763672,18.0,1700,0.0,0.0
2022-06-07 00:00:00-04:00,18.0,18.0,18.0,18.0,0,0.0,0.0
2022-06-08 00:00:00-04:00,18.0,18.0,18.0,18.0,0,0.0,0.0
2022-06-09 00:00:00-04:00,17.219999313354492,17.219999313354492,17.219999313354492,17.219999313354492,600,0.0,0.0
2022-06-10 00:00:00-04:00,17.0,17.399999618530273,17.0,17.280000686645508,1700,0.0,0.0
2022-06-13 00:00:00-04:00,17.020000457763672,17.059999465942383,17.0,17.0,2200,0.0,0.0
2022-06-14 00:00:00-04:00,17.540000915527344,17.540000915527344,16.5,16.81999969482422,4000,0.0,0.0
2022-06-15 00:00:00-04:00,17.40999984741211,17.5,17.40999984741211,17.5,600,0.0,0.0
2022-06-16 00:00:00-04:00,17.5,17.5,17.5,17.5,0,0.0,0.0
2022-06-17 00:00:00-04:00,17.229999542236328,17.260000228881836,17.229999542236328,17.260000228881836,800,0.0,0.0
2022-06-21 00:00:00-04:00,17.260000228881836,17.260000228881836,17.260000228881836,17.260000228881836,0,0.0,0.0
2022-06-22 00:00:00-04:00,17.260000228881836,17.260000228881836,17.260000228881836,17.260000228881836,0,0.0,0.0
2022-06-23 00:00:00-04:00,17.110000610351562,17.559999465942383,17.110000610351562,17.15999984741211,1800,0.0,0.0
2022-06-24 00:00:00-04:00,16.780000686645508,17.020000457763672,16.780000686645508,17.020000457763672,600,0.0,0.0
2022-06-27 00:00:00-04:00,16.59000015258789,16.59000015258789,16.110000610351562,16.139999389648438,2300,0.0,0.0
2022-06-28 00:00:00-04:00,15.720000267028809,16.309999465942383,15.720000267028809,16.0,1800,0.0,0.0
2022-06-29 00:00:00-04:00,16.950000762939453,17.0,16.950000762939453,17.0,400,0.0,0.0
2022-06-30 00:00:00-04:00,16.59000015258789,16.809999465942383,16.209999084472656,16.299999237060547,1800,0.0,0.0
2022-07-01 00:00:00-04:00,16.299999237060547,16.299999237060547,16.299999237060547,16.299999237060547,0,0.0,0.0
2022-07-05 00:00:00-04:00,17.3799991607666,17.3799991607666,16.200000762939453,16.93000030517578,1400,0.0,0.0
2022-07-06 00:00:00-04:00,16.600000381469727,16.600000381469727,16.190000534057617,16.3799991607666,2400,0.0,0.0
2022-07-07 00:00:00-04:00,16.229999542236328,16.520000457763672,15.899999618530273,16.3799991607666,3600,0.0,0.0
2022-07-08 00:00:00-04:00,16.84000015258789,16.84000015258789,16.020000457763672,16.309999465942383,2100,0.0,0.0
2022-07-11 00:00:00-04:00,15.9399995803833,16.309999465942383,15.9399995803833,16.309999465942383,1100,0.0,0.0
2022-07-12 00:00:00-04:00,15.9399995803833,16.229999542236328,15.75,15.989999771118164,1700,0.0,0.0
2022-07-13 00:00:00-04:00,16.0,16.6200008392334,15.960000038146973,16.1299991607666,9300,0.0,0.0
2022-07-14 00:00:00-04:00,16.399999618530273,16.399999618530273,16.010000228881836,16.100000381469727,800,0.0,0.0
2022-07-15 00:00:00-04:00,16.149999618530273,16.360000610351562,16.0,16.0,1400,0.0,0.0
2022-07-18 00:00:00-04:00,16.110000610351562,16.110000610351562,16.110000610351562,16.110000610351562,800,0.0,0.0
2022-07-19 00:00:00-04:00,16.139999389648438,16.299999237060547,16.110000610351562,16.110000610351562,3300,0.0,0.0
2022-07-20 00:00:00-04:00,16.65999984741211,16.809999465942383,16.549999237060547,16.770000457763672,3400,0.0,0.0
2022-07-21 00:00:00-04:00,16.700000762939453,17.1299991607666,16.700000762939453,16.969999313354492,1000,0.0,0.0
2022-07-22 00:00:00-04:00,17.729999542236328,18.0,17.6200008392334,18.0,2300,0.0,0.0
2022-07-25 00:00:00-04:00,16.860000610351562,18.0,16.860000610351562,18.0,1400,0.0,0.0
2022-07-26 00:00:00-04:00,18.0,18.0,18.0,18.0,0,0.0,0.0
2022-07-27 00:00:00-04:00,17.5,18.0,17.450000762939453,18.0,1800,0.0,0.0
2022-07-28 00:00:00-04:00,17.700000762939453,17.950000762939453,17.309999465942383,17.950000762939453,900,0.0,0.0
2022-07-29 00:00:00-04:00,17.799999237060547,17.899999618530273,17.799999237060547,17.799999237060547,2500,0.0,0.0
2022-08-01 00:00:00-04:00,17.510000228881836,17.989999771118164,17.510000228881836,17.989999771118164,1100,0.0,0.0
2022-08-02 00:00:00-04:00,17.31999969482422,17.65999984741211,17.31999969482422,17.65999984741211,900,0.0,0.0
2022-08-03 00:00:00-04:00,17.65999984741211,17.65999984741211,17.65999984741211,17.65999984741211,0,0.0,0.0
2022-08-04 00:00:00-04:00,17.549999237060547,17.700000762939453,17.510000228881836,17.510000228881836,2400,0.0,0.0
2022-08-05 00:00:00-04:00,17.549999237060547,17.549999237060547,17.43000030517578,17.43000030517578,500,0.0,0.0
2022-08-08 00:00:00-04:00,17.459999084472656,17.670000076293945,16.920000076293945,17.670000076293945,7200,0.0,0.0
2022-08-09 00:00:00-04:00,17.59000015258789,17.670000076293945,17.59000015258789,17.670000076293945,900,0.0,0.0
2022-08-10 00:00:00-04:00,17.15999984741211,17.790000915527344,16.899999618530273,17.399999618530273,3400,0.0,0.0
2022-08-11 00:00:00-04:00,17.399999618530273,17.399999618530273,17.399999618530273,17.399999618530273,0,0.0,0.0
2022-08-12 00:00:00-04:00,17.399999618530273,17.399999618530273,17.399999618530273,17.399999618530273,0,0.0,0.0
2022-08-15 00:00:00-04:00,18.0,18.0,18.0,18.0,300,0.0,0.0
2022-08-16 00:00:00-04:00,18.0,18.0,18.0,18.0,0,0.0,0.0
2022-08-17 00:00:00-04:00,17.610000610351562,17.610000610351562,16.90999984741211,17.100000381469727,2200,0.0,0.0
2022-08-18 00:00:00-04:00,17.100000381469727,17.100000381469727,17.100000381469727,17.100000381469727,0,0.0,0.0
2022-08-19 00:00:00-04:00,17.360000610351562,17.360000610351562,17.360000610351562,17.360000610351562,200,0.0,0.0
2022-08-22 00:00:00-04:00,17.360000610351562,17.360000610351562,17.360000610351562,17.360000610351562,0,0.0,0.0
2022-08-23 00:00:00-04:00,17.079999923706055,18.0,16.959999084472656,16.959999084472656,2700,0.0,0.0
2022-08-24 00:00:00-04:00,17.0,17.299999237060547,16.799999237060547,17.299999237060547,1100,0.0,0.0
2022-08-25 00:00:00-04:00,16.8799991607666,16.8799991607666,16.860000610351562,16.860000610351562,800,0.0,0.0
2022-08-26 00:00:00-04:00,16.75,17.450000762939453,16.75,17.450000762939453,1900,0.0,0.0
2022-08-29 00:00:00-04:00,17.450000762939453,17.450000762939453,17.450000762939453,17.450000762939453,0,0.0,0.0
2022-08-30 00:00:00-04:00,17.450000762939453,17.450000762939453,17.450000762939453,17.450000762939453,0,0.0,0.0
2022-08-31 00:00:00-04:00,16.84000015258789,17.010000228881836,16.270000457763672,16.350000381469727,3600,0.0,0.0
2022-09-01 00:00:00-04:00,16.25,16.350000381469727,15.819999694824219,15.970000267028809,2500,0.0,0.0
2022-09-02 00:00:00-04:00,15.800000190734863,16.200000762939453,15.75,16.200000762939453,2900,0.0,0.0
2022-09-06 00:00:00-04:00,15.710000038146973,15.710000038146973,15.699999809265137,15.699999809265137,600,0.0,0.0
2022-09-07 00:00:00-04:00,16.0,16.0,15.880000114440918,15.880000114440918,700,0.0,0.0
2022-09-08 00:00:00-04:00,15.880000114440918,15.880000114440918,15.880000114440918,15.880000114440918,0,0.0,0.0
2022-09-09 00:00:00-04:00,16.0,16.0,15.859999656677246,15.859999656677246,1400,0.0,0.0
2022-09-12 00:00:00-04:00,15.899999618530273,16.25,15.449999809265137,16.25,2100,0.0,0.0
2022-09-13 00:00:00-04:00,15.800000190734863,16.010000228881836,15.550000190734863,16.010000228881836,3300,0.0,0.0
2022-09-14 00:00:00-04:00,16.920000076293945,16.920000076293945,16.049999237060547,16.049999237060547,400,0.0,0.0
2022-09-15 00:00:00-04:00,16.239999771118164,16.239999771118164,16.0,16.0,1100,0.0,0.0
2022-09-16 00:00:00-04:00,15.5,16.15999984741211,15.5,15.850000381469727,2900,0.0,0.0
2022-09-19 00:00:00-04:00,15.550000190734863,16.0,15.5,16.0,2600,0.0,0.0
2022-09-20 00:00:00-04:00,15.5,15.979999542236328,15.25,15.979999542236328,4400,0.0,0.0
2022-09-21 00:00:00-04:00,15.979999542236328,15.979999542236328,15.979999542236328,15.979999542236328,0,0.0,0.0
2022-09-22 00:00:00-04:00,15.979999542236328,15.979999542236328,15.979999542236328,15.979999542236328,0,0.0,0.0
2022-09-23 00:00:00-04:00,15.279999732971191,15.680000305175781,14.75,15.180000305175781,4900,0.0,0.0
2022-09-26 00:00:00-04:00,15.0,15.119999885559082,14.260000228881836,15.119999885559082,1500,0.0,0.0
2022-09-27 00:00:00-04:00,15.119999885559082,15.149999618530273,15.0,15.149999618530273,1200,0.0,0.0
2022-09-28 00:00:00-04:00,15.100000381469727,16.09000015258789,15.100000381469727,15.4399995803833,8300,0.0,0.0
2022-09-29 00:00:00-04:00,15.779999732971191,15.949999809265137,15.199999809265137,15.210000038146973,3700,0.0,0.0
2022-09-30 00:00:00-04:00,15.199999809265137,15.619999885559082,15.199999809265137,15.199999809265137,6500,0.0,0.0
2022-10-03 00:00:00-04:00,15.770000457763672,15.890000343322754,15.75,15.75,2500,0.0,0.0
2022-10-04 00:00:00-04:00,16.030000686645508,16.56999969482422,15.800000190734863,15.800000190734863,4500,0.0,0.0
2022-10-05 00:00:00-04:00,16.049999237060547,16.56999969482422,16.049999237060547,16.34000015258789,2200,0.0,0.0
2022-10-06 00:00:00-04:00,15.760000228881836,15.760000228881836,15.760000228881836,15.760000228881836,200,0.0,0.0
2022-10-07 00:00:00-04:00,15.329999923706055,16.059999465942383,15.199999809265137,15.5,2000,0.0,0.0
2022-10-10 00:00:00-04:00,15.130000114440918,15.329999923706055,14.949999809265137,15.050000190734863,2900,0.0,0.0
2022-10-11 00:00:00-04:00,15.399999618530273,15.399999618530273,15.390000343322754,15.390000343322754,200,0.0,0.0
2022-10-12 00:00:00-04:00,15.390000343322754,15.390000343322754,15.390000343322754,15.390000343322754,0,0.0,0.0
2022-10-13 00:00:00-04:00,14.510000228881836,15.0,14.5,14.899999618530273,7000,0.0,0.0
2022-10-14 00:00:00-04:00,15.4399995803833,15.4399995803833,14.890000343322754,14.890000343322754,200,0.0,0.0
2022-10-17 00:00:00-04:00,14.869999885559082,14.960000038146973,14.260000228881836,14.960000038146973,2100,0.0,0.0
2022-10-18 00:00:00-04:00,15.350000381469727,15.460000038146973,15.0,15.0,5100,0.0,0.0
2022-10-19 00:00:00-04:00,14.680000305175781,15.010000228881836,14.680000305175781,14.829999923706055,3100,0.0,0.0
2022-10-20 00:00:00-04:00,14.949999809265137,15.600000381469727,14.949999809265137,15.479999542236328,5700,0.0,0.0
2022-10-21 00:00:00-04:00,15.4399995803833,15.4399995803833,15.4399995803833,15.4399995803833,300,0.0,0.0
2022-10-24 00:00:00-04:00,15.020000457763672,15.34000015258789,14.949999809265137,15.34000015258789,600,0.0,0.0
2022-10-25 00:00:00-04:00,15.119999885559082,15.119999885559082,15.109999656677246,15.109999656677246,400,0.0,0.0
2022-10-26 00:00:00-04:00,15.260000228881836,15.260000228881836,15.050000190734863,15.050000190734863,1500,0.0,0.0
2022-10-27 00:00:00-04:00,15.050000190734863,15.399999618530273,15.020000457763672,15.399999618530273,1500,0.0,0.0
2022-10-28 00:00:00-04:00,15.050000190734863,15.380000114440918,15.050000190734863,15.34000015258789,1200,0.0,0.0
2022-10-31 00:00:00-04:00,15.25,15.390000343322754,15.050000190734863,15.149999618530273,2900,0.0,0.0
2022-11-01 00:00:00-04:00,15.3100004196167,15.3100004196167,15.0600004196167,15.0600004196167,1300,0.0,0.0
2022-11-02 00:00:00-04:00,15.0,15.119999885559082,15.0,15.119999885559082,2500,0.0,0.0
2022-11-03 00:00:00-04:00,15.010000228881836,15.100000381469727,15.0,15.100000381469727,1200,0.0,0.0
2022-11-04 00:00:00-04:00,15.140000343322754,15.220000267028809,15.140000343322754,15.220000267028809,1500,0.0,0.0
2022-11-07 00:00:00-05:00,15.119999885559082,15.40999984741211,15.119999885559082,15.25,2500,0.0,0.0
2022-11-08 00:00:00-05:00,15.720000267028809,15.75,15.430000305175781,15.430000305175781,1600,0.0,0.0
2022-11-09 00:00:00-05:00,15.25,16.020000457763672,15.25,16.0,2200,0.0,0.0
2022-11-10 00:00:00-05:00,16.40999984741211,16.90999984741211,16.200000762939453,16.5,4200,0.0,0.0
2022-11-11 00:00:00-05:00,16.5,16.8799991607666,16.5,16.719999313354492,10300,0.0,0.0
2022-11-14 00:00:00-05:00,16.959999084472656,16.989999771118164,16.3700008392334,16.399999618530273,1900,0.0,0.0
2022-11-15 00:00:00-05:00,16.399999618530273,16.399999618530273,15.75,15.920000076293945,3600,0.0,0.0
2022-11-16 00:00:00-05:00,16.399999618530273,16.399999618530273,16.399999618530273,16.399999618530273,300,0.0,0.0
2022-11-17 00:00:00-05:00,16.020000457763672,16.020000457763672,16.0,16.0,500,0.0,0.0
2022-11-18 00:00:00-05:00,16.0,16.0,16.0,16.0,0,0.0,0.0
2022-11-21 00:00:00-05:00,16.0,16.0,16.0,16.0,0,0.0,0.0
2022-11-22 00:00:00-05:00,16.149999618530273,16.59000015258789,16.149999618530273,16.360000610351562,500,0.0,0.0
2022-11-23 00:00:00-05:00,16.56999969482422,16.579999923706055,16.540000915527344,16.579999923706055,6200,0.0,0.0
2022-11-25 00:00:00-05:00,16.579999923706055,16.579999923706055,16.579999923706055,16.579999923706055,0,0.0,0.0
2022-11-28 00:00:00-05:00,16.700000762939453,16.770000457763672,16.700000762939453,16.75,1300,0.0,0.0
2022-11-29 00:00:00-05:00,16.350000381469727,16.350000381469727,15.970000267028809,15.970000267028809,4100,0.0,0.0
2022-11-30 00:00:00-05:00,16.350000381469727,16.93000030517578,16.229999542236328,16.93000030517578,17800,0.0,0.0
2022-12-01 00:00:00-05:00,16.93000030517578,16.93000030517578,16.93000030517578,16.93000030517578,4000,0.0,0.0
2022-12-02 00:00:00-05:00,16.93000030517578,16.93000030517578,16.93000030517578,16.93000030517578,0,0.0,0.0
2022-12-05 00:00:00-05:00,15.850000381469727,16.920000076293945,15.850000381469727,16.18000030517578,2000,0.0,0.0
2022-12-06 00:00:00-05:00,15.699999809265137,16.139999389648438,15.699999809265137,16.059999465942383,3700,0.0,0.0
2022-12-07 00:00:00-05:00,16.0,16.309999465942383,16.0,16.309999465942383,1700,0.0,0.0
2022-12-08 00:00:00-05:00,16.260000228881836,16.579999923706055,16.219999313354492,16.579999923706055,1500,0.0,0.0
2022-12-09 00:00:00-05:00,16.200000762939453,16.510000228881836,16.200000762939453,16.200000762939453,3700,0.0,0.0
2022-12-12 00:00:00-05:00,16.200000762939453,16.290000915527344,15.550000190734863,16.290000915527344,18800,0.0,0.0
2022-12-13 00:00:00-05:00,16.440000534057617,16.440000534057617,16.440000534057617,16.440000534057617,300,0.0,0.0
2022-12-14 00:00:00-05:00,17.0,17.0,15.899999618530273,16.110000610351562,1600,0.0,0.0
2022-12-15 00:00:00-05:00,16.06999969482422,16.06999969482422,16.06999969482422,16.06999969482422,800,0.0,0.0
2022-12-16 00:00:00-05:00,16.25,16.25,16.25,16.25,1400,0.0,0.0
2022-12-19 00:00:00-05:00,15.90999984741211,16.40999984741211,15.90999984741211,16.40999984741211,9100,0.0,0.0
2022-12-20 00:00:00-05:00,16.40999984741211,16.5,16.40999984741211,16.5,2400,0.0,0.0
2022-12-21 00:00:00-05:00,16.549999237060547,16.729999542236328,16.549999237060547,16.639999389648438,12500,0.0,0.0
2022-12-22 00:00:00-05:00,16.5,16.600000381469727,16.219999313354492,16.510000228881836,40200,0.0,0.0
2022-12-23 00:00:00-05:00,16.5,18.360000610351562,16.5,18.200000762939453,74200,0.0,0.0
2022-12-27 00:00:00-05:00,17.8799991607666,17.8799991607666,16.84000015258789,17.299999237060547,42400,0.0,0.0
2022-12-28 00:00:00-05:00,17.299999237060547,17.709999084472656,17.139999389648438,17.479999542236328,34000,0.0,0.0
2022-12-29 00:00:00-05:00,17.43000030517578,17.530000686645508,17.399999618530273,17.450000762939453,33100,0.0,0.0
2022-12-30 00:00:00-05:00,17.399999618530273,17.920000076293945,17.399999618530273,17.399999618530273,18100,0.0,0.0
2023-01-03 00:00:00-05:00,17.299999237060547,17.690000534057617,17.299999237060547,17.520000457763672,7300,0.0,0.0
2023-01-04 00:00:00-05:00,17.450000762939453,17.719999313354492,17.450000762939453,17.469999313354492,2700,0.0,0.0
2023-01-05 00:00:00-05:00,17.399999618530273,17.43000030517578,17.399999618530273,17.43000030517578,400,0.0,0.0
2023-01-06 00:00:00-05:00,17.350000381469727,17.600000381469727,17.350000381469727,17.510000228881836,1800,0.0,0.0
2023-01-09 00:00:00-05:00,17.350000381469727,17.59000015258789,17.149999618530273,17.440000534057617,7900,0.0,0.0
2023-01-10 00:00:00-05:00,17.110000610351562,17.18000030517578,17.0,17.18000030517578,800,0.0,0.0
2023-01-11 00:00:00-05:00,17.18000030517578,17.329999923706055,17.18000030517578,17.329999923706055,800,0.0,0.0
2023-01-12 00:00:00-05:00,17.399999618530273,17.399999618530273,17.030000686645508,17.040000915527344,700,0.0,0.0
2023-01-13 00:00:00-05:00,17.0,17.0,16.809999465942383,16.809999465942383,2400,0.0,0.0
2023-01-17 00:00:00-05:00,16.90999984741211,16.920000076293945,16.90999984741211,16.920000076293945,600,0.0,0.0
2023-01-18 00:00:00-05:00,16.920000076293945,16.920000076293945,16.8799991607666,16.8799991607666,700,0.0,0.0
2023-01-19 00:00:00-05:00,16.950000762939453,16.950000762939453,16.149999618530273,16.149999618530273,600,0.0,0.0
2023-01-20 00:00:00-05:00,16.5,16.5,16.299999237060547,16.299999237060547,900,0.0,0.0
2023-01-23 00:00:00-05:00,16.25,16.75,16.25,16.489999771118164,4900,0.0,0.0
2023-01-24 00:00:00-05:00,16.6200008392334,16.670000076293945,16.6200008392334,16.670000076293945,400,0.0,0.0
2023-01-25 00:00:00-05:00,16.549999237060547,16.549999237060547,16.5,16.540000915527344,1800,0.0,0.0
2023-01-26 00:00:00-05:00,16.959999084472656,16.959999084472656,16.959999084472656,16.959999084472656,1000,0.0,0.0
2023-01-27 00:00:00-05:00,16.649999618530273,16.799999237060547,16.600000381469727,16.600000381469727,400,0.0,0.0
2023-01-30 00:00:00-05:00,16.610000610351562,16.610000610351562,16.610000610351562,16.610000610351562,1200,0.0,0.0
2023-01-31 00:00:00-05:00,16.780000686645508,16.969999313354492,16.610000610351562,16.969999313354492,4400,0.0,0.0
2023-02-01 00:00:00-05:00,16.969999313354492,17.260000228881836,16.899999618530273,16.899999618530273,4300,0.0,0.0
2023-02-02 00:00:00-05:00,17.530000686645508,18.0,17.530000686645508,17.950000762939453,4000,0.0,0.0
2023-02-03 00:00:00-05:00,17.799999237060547,17.799999237060547,16.979999542236328,16.979999542236328,600,0.0,0.0
2023-02-06 00:00:00-05:00,17.0,17.219999313354492,17.0,17.219999313354492,1600,0.0,0.0
2023-02-07 00:00:00-05:00,17.290000915527344,17.610000610351562,17.059999465942383,17.149999618530273,2900,0.0,0.0
2023-02-08 00:00:00-05:00,17.139999389648438,17.5,16.899999618530273,16.979999542236328,2400,0.0,0.0
2023-02-09 00:00:00-05:00,17.0,17.239999771118164,16.93000030517578,16.93000030517578,2600,0.0,0.0
2023-02-10 00:00:00-05:00,16.90999984741211,16.90999984741211,16.90999984741211,16.90999984741211,700,0.0,0.0
2023-02-13 00:00:00-05:00,16.700000762939453,17.209999084472656,16.700000762939453,16.790000915527344,1700,0.0,0.0
2023-02-14 00:00:00-05:00,17.010000228881836,17.010000228881836,16.850000381469727,16.860000610351562,2300,0.0,0.0
2023-02-15 00:00:00-05:00,16.809999465942383,16.809999465942383,16.809999465942383,16.809999465942383,1000,0.0,0.0
2023-02-16 00:00:00-05:00,16.809999465942383,17.1299991607666,16.809999465942383,17.0,2700,0.0,0.0
2023-02-17 00:00:00-05:00,17.0,17.0,17.0,17.0,0,0.0,0.0
2023-02-21 00:00:00-05:00,17.110000610351562,17.139999389648438,16.75,16.90999984741211,4500,0.0,0.0
2023-02-22 00:00:00-05:00,17.06999969482422,17.06999969482422,17.06999969482422,17.06999969482422,300,0.0,0.0
2023-02-23 00:00:00-05:00,17.049999237060547,17.049999237060547,17.049999237060547,17.049999237060547,300,0.0,0.0
2023-02-24 00:00:00-05:00,17.049999237060547,17.049999237060547,17.049999237060547,17.049999237060547,0,0.0,0.0
2023-02-27 00:00:00-05:00,16.829999923706055,16.829999923706055,16.360000610351562,16.75,1700,0.0,0.0
2023-02-28 00:00:00-05:00,16.510000228881836,17.739999771118164,16.25,17.739999771118164,11400,0.0,0.0
2023-03-01 00:00:00-05:00,16.520000457763672,17.5,16.520000457763672,17.489999771118164,3800,0.0,0.0
2023-03-02 00:00:00-05:00,17.489999771118164,17.489999771118164,17.489999771118164,17.489999771118164,0,0.0,0.0
2023-03-03 00:00:00-05:00,17.399999618530273,17.399999618530273,16.899999618530273,17.239999771118164,1300,0.0,0.0
2023-03-06 00:00:00-05:00,16.549999237060547,17.200000762939453,16.549999237060547,16.8799991607666,2900,0.0,0.0
2023-03-07 00:00:00-05:00,16.700000762939453,17.09000015258789,16.700000762939453,17.09000015258789,2000,0.0,0.0
2023-03-08 00:00:00-05:00,16.68000030517578,17.100000381469727,16.68000030517578,17.100000381469727,800,0.0,0.0
2023-03-09 00:00:00-05:00,17.100000381469727,17.100000381469727,17.100000381469727,17.100000381469727,0,0.0,0.0
2023-03-10 00:00:00-05:00,16.5,16.65999984741211,16.229999542236328,16.65999984741211,7000,0.0,0.0
2023-03-13 00:00:00-04:00,16.350000381469727,16.540000915527344,16.350000381469727,16.530000686645508,1100,0.0,0.0
2023-03-14 00:00:00-04:00,16.530000686645508,16.790000915527344,16.5,16.5,3900,0.0,0.0
2023-03-15 00:00:00-04:00,16.260000228881836,16.260000228881836,15.720000267028809,16.170000076293945,4700,0.0,0.0
2023-03-16 00:00:00-04:00,14.579999923706055,15.399999618530273,14.579999923706055,15.0600004196167,7900,0.0,0.0
2023-03-17 00:00:00-04:00,14.729999542236328,15.010000228881836,14.729999542236328,14.75,1800,0.0,0.0
2023-03-20 00:00:00-04:00,14.600000381469727,14.619999885559082,14.229999542236328,14.460000038146973,1300,0.0,0.0
2023-03-21 00:00:00-04:00,14.460000038146973,14.460000038146973,13.979999542236328,14.109999656677246,5300,0.0,0.0
2023-03-22 00:00:00-04:00,13.569999694824219,14.130000114440918,13.569999694824219,14.130000114440918,2200,0.0,0.0
2023-03-23 00:00:00-04:00,14.520000457763672,14.520000457763672,14.4399995803833,14.4399995803833,600,0.0,0.0
2023-03-24 00:00:00-04:00,14.09000015258789,15.079999923706055,14.09000015258789,14.789999961853027,1300,0.0,0.0
2023-03-27 00:00:00-04:00,14.84000015258789,14.84000015258789,14.84000015258789,14.84000015258789,200,0.0,0.0
2023-03-28 00:00:00-04:00,14.09000015258789,14.510000228881836,14.0,14.510000228881836,1700,0.0,0.0
2023-03-29 00:00:00-04:00,14.5,14.5,14.5,14.5,300,0.0,0.0
2023-03-30 00:00:00-04:00,14.25,14.359999656677246,14.25,14.359999656677246,2300,0.0,0.0
2023-03-31 00:00:00-04:00,14.15999984741211,14.529999732971191,14.15999984741211,14.399999618530273,5900,0.0,0.0
2023-04-03 00:00:00-04:00,14.489999771118164,14.489999771118164,14.0,14.220000267028809,2000,0.0,0.0
2023-04-04 00:00:00-04:00,14.079999923706055,14.119999885559082,14.0,14.119999885559082,900,0.0,0.0
2023-04-05 00:00:00-04:00,13.949999809265137,14.210000038146973,13.949999809265137,14.210000038146973,1100,0.0,0.0
2023-04-06 00:00:00-04:00,14.350000381469727,14.470000267028809,13.930000305175781,14.470000267028809,2200,0.0,0.0
2023-04-10 00:00:00-04:00,14.0,14.279999732971191,14.0,14.279999732971191,1100,0.0,0.0
2023-04-11 00:00:00-04:00,14.550000190734863,14.550000190734863,14.329999923706055,14.329999923706055,800,0.0,0.0
2023-04-12 00:00:00-04:00,14.289999961853027,14.520000457763672,14.289999961853027,14.460000038146973,1700,0.0,0.0
2023-04-13 00:00:00-04:00,14.300000190734863,14.300000190734863,14.300000190734863,14.300000190734863,800,0.0,0.0
2023-04-14 00:00:00-04:00,14.300000190734863,14.300000190734863,14.300000190734863,14.300000190734863,0,0.0,0.0
2023-04-17 00:00:00-04:00,14.020000457763672,14.630000114440918,14.020000457763672,14.289999961853027,2600,0.0,0.0
2023-04-18 00:00:00-04:00,14.09000015258789,14.100000381469727,14.09000015258789,14.100000381469727,300,0.0,0.0
2023-04-19 00:00:00-04:00,13.989999771118164,14.25,13.789999961853027,14.25,2400,0.0,0.0
2023-04-20 00:00:00-04:00,14.119999885559082,14.119999885559082,14.119999885559082,14.119999885559082,1000,0.0,0.0
2023-04-21 00:00:00-04:00,14.119999885559082,14.119999885559082,14.119999885559082,14.119999885559082,0,0.0,0.0
2023-04-24 00:00:00-04:00,14.399999618530273,14.680000305175781,14.399999618530273,14.680000305175781,800,0.0,0.0
2023-04-25 00:00:00-04:00,14.680000305175781,14.680000305175781,14.680000305175781,14.680000305175781,0,0.0,0.0
2023-04-26 00:00:00-04:00,15.680000305175781,15.680000305175781,14.630000114440918,14.630000114440918,800,0.0,0.0
2023-04-27 00:00:00-04:00,14.180000305175781,14.180000305175781,14.0,14.0,1600,0.0,0.0
2023-04-28 00:00:00-04:00,14.329999923706055,14.75,14.319999694824219,14.75,12400,0.0,0.0
2023-05-01 00:00:00-04:00,14.710000038146973,14.960000038146973,14.140000343322754,14.460000038146973,4200,0.0,0.0
2023-05-02 00:00:00-04:00,14.039999961853027,14.039999961853027,14.039999961853027,14.039999961853027,1300,0.0,0.0
2023-05-03 00:00:00-04:00,14.039999961853027,14.039999961853027,14.039999961853027,14.039999961853027,0,0.0,0.0
2023-05-04 00:00:00-04:00,14.050000190734863,14.050000190734863,14.050000190734863,14.050000190734863,400,0.0,0.0
2023-05-05 00:00:00-04:00,14.109999656677246,14.119999885559082,14.109999656677246,14.119999885559082,1000,0.0,0.0
2023-05-08 00:00:00-04:00,14.149999618530273,14.350000381469727,14.149999618530273,14.350000381469727,2100,0.0,0.0
2023-05-09 00:00:00-04:00,14.770000457763672,14.770000457763672,14.34000015258789,14.539999961853027,900,0.0,0.0
2023-05-10 00:00:00-04:00,14.989999771118164,16.020000457763672,14.949999809265137,16.020000457763672,21000,0.0,0.0
2023-05-11 00:00:00-04:00,15.1899995803833,15.970000267028809,15.1899995803833,15.899999618530273,4200,0.0,0.0
2023-05-12 00:00:00-04:00,14.819999694824219,15.739999771118164,14.770000457763672,15.0,3500,0.0,0.0
2023-05-15 00:00:00-04:00,14.989999771118164,14.989999771118164,14.989999771118164,14.989999771118164,1000,0.0,0.0
2023-05-16 00:00:00-04:00,14.800000190734863,15.1899995803833,14.800000190734863,15.1899995803833,2900,0.0,0.0
2023-05-17 00:00:00-04:00,15.600000381469727,15.600000381469727,15.569999694824219,15.569999694824219,900,0.0,0.0
2023-05-18 00:00:00-04:00,15.619999885559082,15.619999885559082,15.619999885559082,15.619999885559082,1000,0.0,0.0
2023-05-19 00:00:00-04:00,14.960000038146973,14.960000038146973,14.960000038146973,14.960000038146973,2000,0.0,0.0
2023-05-22 00:00:00-04:00,15.75,15.75,15.729999542236328,15.75,3100,0.0,0.0
2023-05-23 00:00:00-04:00,15.75,15.859999656677246,15.6899995803833,15.859999656677246,900,0.0,0.0
2023-05-24 00:00:00-04:00,15.75,16.0,15.729999542236328,16.0,5600,0.0,0.0
2023-05-25 00:00:00-04:00,16.0,16.0,16.0,16.0,1300,0.0,0.0
2023-05-26 00:00:00-04:00,15.899999618530273,16.0,15.899999618530273,16.0,1900,0.0,0.0
2023-05-30 00:00:00-04:00,15.850000381469727,16.0,15.850000381469727,16.0,2100,0.0,0.0
2023-05-31 00:00:00-04:00,16.0,17.440000534057617,15.789999961853027,17.420000076293945,18900,0.0,0.0
2023-06-01 00:00:00-04:00,17.100000381469727,17.25,17.0,17.25,3700,0.0,0.0
2023-06-02 00:00:00-04:00,17.200000762939453,17.200000762939453,17.200000762939453,17.200000762939453,900,0.0,0.0
2023-06-05 00:00:00-04:00,17.450000762939453,17.600000381469727,17.170000076293945,17.600000381469727,1700,0.0,0.0
2023-06-06 00:00:00-04:00,17.450000762939453,17.450000762939453,17.450000762939453,17.450000762939453,2200,0.0,0.0
2023-06-07 00:00:00-04:00,17.600000381469727,17.600000381469727,17.280000686645508,17.299999237060547,2900,0.0,0.0
2023-06-08 00:00:00-04:00,17.0,17.0,16.860000610351562,16.860000610351562,500,0.0,0.0
2023-06-09 00:00:00-04:00,16.799999237060547,16.799999237060547,16.360000610351562,16.549999237060547,700,0.0,0.0
2023-06-12 00:00:00-04:00,16.549999237060547,16.889999389648438,16.450000762939453,16.75,1900,0.0,0.0
2023-06-13 00:00:00-04:00,16.5,16.700000762939453,16.5,16.639999389648438,2800,0.0,0.0
2023-06-14 00:00:00-04:00,16.110000610351562,16.360000610351562,15.880000114440918,16.299999237060547,4600,0.0,0.0
2023-06-15 00:00:00-04:00,16.299999237060547,16.299999237060547,16.299999237060547,16.299999237060547,0,0.0,0.0
2023-06-16 00:00:00-04:00,16.31999969482422,16.31999969482422,16.31999969482422,16.31999969482422,400,0.0,0.0
2023-06-20 00:00:00-04:00,16.149999618530273,16.350000381469727,16.149999618530273,16.34000015258789,1800,0.0,0.0
2023-06-21 00:00:00-04:00,16.31999969482422,16.350000381469727,16.100000381469727,16.350000381469727,2200,0.0,0.0
2023-06-22 00:00:00-04:00,16.350000381469727,16.350000381469727,16.350000381469727,16.350000381469727,0,0.0,0.0
2023-06-23 00:00:00-04:00,16.969999313354492,16.969999313354492,16.969999313354492,16.969999313354492,300,0.0,0.0
2023-06-26 00:00:00-04:00,17.040000915527344,17.040000915527344,16.489999771118164,16.489999771118164,1500,0.0,0.0
2023-06-27 00:00:00-04:00,16.489999771118164,16.489999771118164,16.489999771118164,16.489999771118164,0,0.0,0.0
2023-06-28 00:00:00-04:00,16.969999313354492,16.969999313354492,16.969999313354492,16.969999313354492,300,0.0,0.0
2023-06-29 00:00:00-04:00,16.969999313354492,16.969999313354492,16.969999313354492,16.969999313354492,0,0.0,0.0
2023-06-30 00:00:00-04:00,16.969999313354492,18.670000076293945,16.969999313354492,18.670000076293945,33400,0.0,0.0
2023-07-03 00:00:00-04:00,18.469999313354492,18.670000076293945,18.290000915527344,18.450000762939453,7700,0.0,0.0
2023-07-05 00:00:00-04:00,18.399999618530273,18.399999618530273,18.100000381469727,18.25,900,0.0,0.0
2023-07-06 00:00:00-04:00,18.190000534057617,18.190000534057617,18.190000534057617,18.190000534057617,400,0.0,0.0
2023-07-07 00:00:00-04:00,18.190000534057617,18.399999618530273,18.190000534057617,18.399999618530273,2400,0.0,0.0
2023-07-10 00:00:00-04:00,18.299999237060547,18.549999237060547,18.299999237060547,18.549999237060547,1000,0.0,0.0
2023-07-11 00:00:00-04:00,18.309999465942383,18.399999618530273,18.049999237060547,18.299999237060547,2700,0.0,0.0
2023-07-12 00:00:00-04:00,17.639999389648438,18.200000762939453,17.59000015258789,17.59000015258789,3100,0.0,0.0
2023-07-13 00:00:00-04:00,17.850000381469727,17.850000381469727,17.549999237060547,17.549999237060547,1300,0.0,0.0
2023-07-14 00:00:00-04:00,17.489999771118164,17.5,16.829999923706055,16.829999923706055,5100,0.0,0.0
2023-07-17 00:00:00-04:00,16.700000762939453,16.760000228881836,16.489999771118164,16.559999465942383,1700,0.0,0.0
2023-07-18 00:00:00-04:00,16.799999237060547,16.799999237060547,16.799999237060547,16.799999237060547,600,0.0,0.0
2023-07-19 00:00:00-04:00,16.799999237060547,16.799999237060547,16.799999237060547,16.799999237060547,0,0.0,0.0
2023-07-20 00:00:00-04:00,16.5,16.5,16.5,16.5,300,0.0,0.0
2023-07-21 00:00:00-04:00,16.799999237060547,17.020000457763672,16.799999237060547,17.020000457763672,600,0.0,0.0
2023-07-24 00:00:00-04:00,17.020000457763672,17.020000457763672,17.020000457763672,17.020000457763672,0,0.0,0.0
2023-07-25 00:00:00-04:00,16.5,17.799999237060547,16.5,17.399999618530273,1600,0.0,0.0
2023-07-26 00:00:00-04:00,17.260000228881836,17.579999923706055,16.979999542236328,17.440000534057617,3900,0.0,0.0
2023-07-27 00:00:00-04:00,17.1299991607666,17.1299991607666,17.1299991607666,17.1299991607666,800,0.0,0.0
2023-07-28 00:00:00-04:00,17.1299991607666,17.1299991607666,17.1299991607666,17.1299991607666,0,0.0,0.0
2023-07-31 00:00:00-04:00,17.1299991607666,17.270000457763672,16.790000915527344,16.790000915527344,10000,0.0,0.0
2023-08-01 00:00:00-04:00,16.850000381469727,16.850000381469727,16.850000381469727,16.850000381469727,400,0.0,0.0
2023-08-02 00:00:00-04:00,16.450000762939453,16.450000762939453,16.450000762939453,16.450000762939453,300,0.0,0.0
2023-08-03 00:00:00-04:00,16.59000015258789,16.59000015258789,16.020000457763672,16.270000457763672,4000,0.0,0.0
2023-08-04 00:00:00-04:00,16.3700008392334,16.850000381469727,16.299999237060547,16.31999969482422,1500,0.0,0.0
2023-08-07 00:00:00-04:00,16.459999084472656,16.649999618530273,16.270000457763672,16.299999237060547,4700,0.0,0.0
2023-08-08 00:00:00-04:00,16.299999237060547,16.639999389648438,16.299999237060547,16.639999389648438,600,0.0,0.0
2023-08-09 00:00:00-04:00,16.68000030517578,17.0,16.299999237060547,17.0,1700,0.0,0.0
2023-08-10 00:00:00-04:00,16.479999542236328,16.90999984741211,16.479999542236328,16.90999984741211,600,0.0,0.0
2023-08-11 00:00:00-04:00,16.90999984741211,16.90999984741211,16.90999984741211,16.90999984741211,0,0.0,0.0
2023-08-14 00:00:00-04:00,15.880000114440918,15.880000114440918,15.800000190734863,15.819999694824219,300,0.0,0.0
2023-08-15 00:00:00-04:00,15.819999694824219,15.819999694824219,15.819999694824219,15.819999694824219,0,0.0,0.0
2023-08-16 00:00:00-04:00,15.819999694824219,15.819999694824219,15.819999694824219,15.819999694824219,0,0.0,0.0
2023-08-17 00:00:00-04:00,15.819999694824219,15.979999542236328,15.770000457763672,15.979999542236328,1500,0.0,0.0
2023-08-18 00:00:00-04:00,16.100000381469727,16.149999618530273,15.729999542236328,16.139999389648438,2300,0.0,0.0
2023-08-21 00:00:00-04:00,16.350000381469727,16.350000381469727,16.1200008392334,16.1200008392334,400,0.0,0.0
2023-08-22 00:00:00-04:00,16.040000915527344,16.059999465942383,15.699999809265137,15.699999809265137,1600,0.0,0.0
2023-08-23 00:00:00-04:00,16.100000381469727,16.239999771118164,15.989999771118164,16.149999618530273,1600,0.0,0.0
2023-08-24 00:00:00-04:00,16.700000762939453,16.860000610351562,16.31999969482422,16.31999969482422,1100,0.0,0.0
2023-08-25 00:00:00-04:00,16.34000015258789,16.989999771118164,16.329999923706055,16.989999771118164,3200,0.0,0.0
2023-08-28 00:00:00-04:00,16.989999771118164,16.989999771118164,16.5,16.809999465942383,1400,0.0,0.0
2023-08-29 00:00:00-04:00,16.719999313354492,16.719999313354492,15.520000457763672,16.34000015258789,2300,0.0,0.0
2023-08-30 00:00:00-04:00,16.049999237060547,16.049999237060547,16.049999237060547,16.049999237060547,200,0.0,0.0
2023-08-31 00:00:00-04:00,16.770000457763672,16.770000457763672,16.34000015258789,16.34000015258789,1000,0.0,0.0
2023-09-01 00:00:00-04:00,16.34000015258789,16.34000015258789,16.34000015258789,16.34000015258789,0,0.0,0.0
2023-09-05 00:00:00-04:00,16.1299991607666,16.1299991607666,16.1299991607666,16.1299991607666,200,0.0,0.0
2023-09-06 00:00:00-04:00,16.399999618530273,16.399999618530273,16.399999618530273,16.399999618530273,600,0.0,0.0
2023-09-07 00:00:00-04:00,16.399999618530273,16.399999618530273,16.399999618530273,16.399999618530273,0,0.0,0.0
2023-09-08 00:00:00-04:00,16.059999465942383,16.399999618530273,16.059999465942383,16.219999313354492,4200,0.0,0.0
2023-09-11 00:00:00-04:00,16.219999313354492,16.219999313354492,15.84000015258789,15.84000015258789,5200,0.0,0.0
2023-09-12 00:00:00-04:00,16.010000228881836,16.020000457763672,16.010000228881836,16.020000457763672,300,0.0,0.0
2023-09-13 00:00:00-04:00,16.020000457763672,16.020000457763672,16.020000457763672,16.020000457763672,0,0.0,0.0
2023-09-14 00:00:00-04:00,16.1200008392334,16.1200008392334,15.75,15.770000457763672,1900,0.0,0.0
2023-09-15 00:00:00-04:00,15.640000343322754,15.640000343322754,15.640000343322754,15.640000343322754,100,0.0,0.0
2023-09-18 00:00:00-04:00,15.539999961853027,16.0,15.539999961853027,16.0,2100,0.0,0.0
2023-09-19 00:00:00-04:00,15.789999961853027,15.789999961853027,15.789999961853027,15.789999961853027,100,0.0,0.0
2023-09-20 00:00:00-04:00,15.789999961853027,15.789999961853027,15.789999961853027,15.789999961853027,0,0.0,0.0
2023-09-21 00:00:00-04:00,15.779999732971191,15.779999732971191,15.75,15.75,2500,0.0,0.0
2023-09-22 00:00:00-04:00,15.819999694824219,15.819999694824219,15.760000228881836,15.770000457763672,400,0.0,0.0
2023-09-25 00:00:00-04:00,15.75,15.75,15.699999809265137,15.75,1300,0.0,0.0
2023-09-26 00:00:00-04:00,15.75,15.75,15.75,15.75,400,0.0,0.0
2023-09-27 00:00:00-04:00,15.75,15.75,15.710000038146973,15.710000038146973,1300,0.0,0.0
2023-09-28 00:00:00-04:00,15.720000267028809,15.789999961853027,15.710000038146973,15.789999961853027,1200,0.0,0.0
2023-09-29 00:00:00-04:00,15.789999961853027,16.110000610351562,15.699999809265137,15.699999809265137,2100,0.0,0.0
2023-10-02 00:00:00-04:00,15.75,16.010000228881836,15.75,15.75,1300,0.0,0.0
2023-10-03 00:00:00-04:00,15.5,15.949999809265137,15.5,15.75,5600,0.0,0.0
2023-10-04 00:00:00-04:00,16.309999465942383,16.309999465942383,16.309999465942383,16.309999465942383,200,0.0,0.0
2023-10-05 00:00:00-04:00,15.899999618530273,15.899999618530273,15.899999618530273,15.899999618530273,400,0.0,0.0
2023-10-06 00:00:00-04:00,15.899999618530273,15.899999618530273,15.670000076293945,15.670000076293945,2600,0.0,0.0
2023-10-09 00:00:00-04:00,15.699999809265137,15.75,15.699999809265137,15.75,2200,0.0,0.0
2023-10-10 00:00:00-04:00,15.699999809265137,15.75,15.640000343322754,15.680000305175781,5400,0.0,0.0
2023-10-11 00:00:00-04:00,15.609999656677246,15.699999809265137,15.550000190734863,15.699999809265137,2800,0.0,0.0
2023-10-12 00:00:00-04:00,15.529999732971191,15.789999961853027,15.529999732971191,15.789999961853027,600,0.0,0.0
2023-10-13 00:00:00-04:00,15.789999961853027,15.789999961853027,15.789999961853027,15.789999961853027,0,0.0,0.0
2023-10-16 00:00:00-04:00,15.970000267028809,16.0,15.970000267028809,16.0,900,0.0,0.0
2023-10-17 00:00:00-04:00,15.550000190734863,15.779999732971191,15.369999885559082,15.479999542236328,3200,0.0,0.0
2023-10-18 00:00:00-04:00,15.479999542236328,15.479999542236328,15.479999542236328,15.479999542236328,0,0.0,0.0
2023-10-19 00:00:00-04:00,15.140000343322754,15.550000190734863,15.069999694824219,15.260000228881836,3800,0.0,0.0
2023-10-20 00:00:00-04:00,15.270000457763672,15.3100004196167,15.069999694824219,15.069999694824219,1800,0.0,0.0
2023-10-23 00:00:00-04:00,15.069999694824219,15.069999694824219,15.069999694824219,15.069999694824219,0,0.0,0.0
2023-10-24 00:00:00-04:00,15.0,15.619999885559082,15.0,15.34000015258789,2700,0.0,0.0
2023-10-25 00:00:00-04:00,14.8100004196167,14.8100004196167,14.8100004196167,14.8100004196167,300,0.0,0.0
2023-10-26 00:00:00-04:00,15.0,15.0,15.0,15.0,300,0.0,0.0
2023-10-27 00:00:00-04:00,15.100000381469727,15.100000381469727,14.899999618530273,14.899999618530273,4100,0.0,0.0
2023-10-30 00:00:00-04:00,14.899999618530273,14.899999618530273,14.899999618530273,14.899999618530273,0,0.0,0.0
2023-10-31 00:00:00-04:00,15.430000305175781,16.18000030517578,15.369999885559082,15.619999885559082,17100,0.0,0.0
2023-11-01 00:00:00-04:00,15.710000038146973,15.710000038146973,15.550000190734863,15.550000190734863,2500,0.0,0.0
2023-11-02 00:00:00-04:00,15.75,15.75,15.510000228881836,15.510000228881836,1200,0.0,0.0
2023-11-03 00:00:00-04:00,15.430000305175781,15.640000343322754,15.420000076293945,15.460000038146973,9500,0.0,0.0
2023-11-06 00:00:00-05:00,15.5,15.5,15.470000267028809,15.470000267028809,2600,0.0,0.0
2023-11-07 00:00:00-05:00,15.25,15.289999961853027,15.25,15.25,129800,0.0,0.0
2023-11-08 00:00:00-05:00,15.279999732971191,15.289999961853027,14.819999694824219,14.899999618530273,5700,0.0,0.0
2023-11-09 00:00:00-05:00,14.90999984741211,14.90999984741211,14.90999984741211,14.90999984741211,300,0.0,0.0
2023-11-10 00:00:00-05:00,15.5,15.5,14.90999984741211,14.90999984741211,900,0.0,0.0
2023-11-13 00:00:00-05:00,15.039999961853027,15.609999656677246,14.90999984741211,15.609999656677246,2100,0.0,0.0
2023-11-14 00:00:00-05:00,15.569999694824219,15.6899995803833,15.569999694824219,15.6899995803833,800,0.0,0.0
2023-11-15 00:00:00-05:00,15.109999656677246,15.699999809265137,14.899999618530273,15.479999542236328,4500,0.0,0.0
2023-11-16 00:00:00-05:00,15.029999732971191,15.350000381469727,14.899999618530273,15.350000381469727,1400,0.0,0.0
2023-11-17 00:00:00-05:00,15.65999984741211,15.65999984741211,14.569999694824219,14.989999771118164,3200,0.0,0.0
2023-11-20 00:00:00-05:00,14.989999771118164,15.399999618530273,14.989999771118164,15.399999618530273,1100,0.0,0.0
2023-11-21 00:00:00-05:00,15.15999984741211,15.239999771118164,15.15999984741211,15.199999809265137,3100,0.0,0.0
2023-11-22 00:00:00-05:00,15.199999809265137,15.199999809265137,15.199999809265137,15.199999809265137,400,0.0,0.0
2023-11-24 00:00:00-05:00,15.199999809265137,15.199999809265137,15.199999809265137,15.199999809265137,0,0.0,0.0
2023-11-27 00:00:00-05:00,15.199999809265137,15.199999809265137,15.199999809265137,15.199999809265137,0,0.0,0.0
2023-11-28 00:00:00-05:00,15.850000381469727,15.850000381469727,15.3100004196167,15.420000076293945,1700,0.0,0.0
2023-11-29 00:00:00-05:00,15.069999694824219,15.140000343322754,15.0,15.140000343322754,1600,0.0,0.0
2023-11-30 00:00:00-05:00,15.260000228881836,16.940000534057617,15.260000228881836,16.84000015258789,62500,0.0,0.0
2023-12-01 00:00:00-05:00,16.530000686645508,17.0,16.530000686645508,16.81999969482422,22900,0.0,0.0
2023-12-04 00:00:00-05:00,16.84000015258789,17.229999542236328,16.84000015258789,17.229999542236328,7100,0.0,0.0
2023-12-05 00:00:00-05:00,16.93000030517578,16.93000030517578,16.93000030517578,16.93000030517578,1200,0.0,0.0
2023-12-06 00:00:00-05:00,17.229999542236328,17.34000015258789,17.079999923706055,17.299999237060547,5500,0.0,0.0
2023-12-07 00:00:00-05:00,17.399999618530273,17.420000076293945,17.3700008392334,17.3799991607666,900,0.0,0.0
2023-12-08 00:00:00-05:00,16.850000381469727,17.5,16.850000381469727,17.5,4100,0.0,0.0
2023-12-11 00:00:00-05:00,17.5,17.5,17.059999465942383,17.219999313354492,2600,0.0,0.0
2023-12-12 00:00:00-05:00,17.18000030517578,17.18000030517578,16.6200008392334,17.18000030517578,2200,0.0,0.0
2023-12-13 00:00:00-05:00,17.709999084472656,17.709999084472656,17.709999084472656,17.709999084472656,400,0.0,0.0
2023-12-14 00:00:00-05:00,18.25,18.25,17.520000457763672,17.520000457763672,2400,0.0,0.0
2023-12-15 00:00:00-05:00,17.229999542236328,17.229999542236328,16.469999313354492,16.6200008392334,5900,0.0,0.0
2023-12-18 00:00:00-05:00,16.6200008392334,16.6200008392334,16.6200008392334,16.6200008392334,0,0.0,0.0
2023-12-19 00:00:00-05:00,16.190000534057617,16.5,16.190000534057617,16.350000381469727,5300,0.0,0.0
2023-12-20 00:00:00-05:00,16.270000457763672,16.700000762939453,16.0,16.700000762939453,1600,0.0,0.0
2023-12-21 00:00:00-05:00,16.5,17.31999969482422,16.5,17.229999542236328,25300,0.0,0.0
2023-12-22 00:00:00-05:00,16.75,16.969999313354492,16.719999313354492,16.969999313354492,1100,0.0,0.0
2023-12-26 00:00:00-05:00,16.84000015258789,17.100000381469727,16.809999465942383,16.809999465942383,1500,0.0,0.0
2023-12-27 00:00:00-05:00,17.15999984741211,17.209999084472656,17.09000015258789,17.209999084472656,1200,0.0,0.0
2023-12-28 00:00:00-05:00,17.190000534057617,17.190000534057617,17.0,17.1200008392334,1500,0.0,0.0
2023-12-29 00:00:00-05:00,16.75,17.030000686645508,16.65999984741211,16.760000228881836,3900,0.0,0.0
2024-01-02 00:00:00-05:00,16.649999618530273,16.940000534057617,16.649999618530273,16.940000534057617,2500,0.0,0.0
2024-01-03 00:00:00-05:00,17.0,17.0,16.709999084472656,16.709999084472656,500,0.0,0.0
2024-01-04 00:00:00-05:00,16.709999084472656,16.709999084472656,16.709999084472656,16.709999084472656,0,0.0,0.0
2024-01-05 00:00:00-05:00,16.84000015258789,16.84000015258789,16.84000015258789,16.84000015258789,1200,0.0,0.0
2024-01-08 00:00:00-05:00,16.360000610351562,16.84000015258789,16.360000610351562,16.84000015258789,1100,0.0,0.0
2024-01-09 00:00:00-05:00,16.84000015258789,16.84000015258789,16.84000015258789,16.84000015258789,0,0.0,0.0
2024-01-10 00:00:00-05:00,17.0,17.09000015258789,17.0,17.0,3200,0.0,0.0
2024-01-11 00:00:00-05:00,17.0,17.010000228881836,17.0,17.0,4500,0.0,0.0
2024-01-12 00:00:00-05:00,17.0,17.0,17.0,17.0,0,0.0,0.0
2024-01-16 00:00:00-05:00,17.0,17.0,17.0,17.0,900,0.0,0.0
2024-01-17 00:00:00-05:00,16.489999771118164,16.5,16.450000762939453,16.5,900,0.0,0.0
2024-01-18 00:00:00-05:00,15.729999542236328,16.079999923706055,15.539999961853027,15.970000267028809,2500,0.0,0.0
2024-01-19 00:00:00-05:00,15.920000076293945,15.989999771118164,15.920000076293945,15.989999771118164,3500,0.0,0.0
2024-01-22 00:00:00-05:00,16.0,16.0,16.0,16.0,600,0.0,0.0
2024-01-23 00:00:00-05:00,16.0,16.15999984741211,16.0,16.15999984741211,3100,0.0,0.0
2024-01-24 00:00:00-05:00,16.06999969482422,16.06999969482422,16.06999969482422,16.06999969482422,400,0.0,0.0
2024-01-25 00:00:00-05:00,16.030000686645508,16.030000686645508,16.030000686645508,16.030000686645508,1300,0.0,0.0
2024-01-26 00:00:00-05:00,15.9399995803833,15.9399995803833,15.9399995803833,15.9399995803833,700,0.0,0.0
2024-01-29 00:00:00-05:00,16.06999969482422,16.1200008392334,16.020000457763672,16.020000457763672,3500,0.0,0.0
2024-01-30 00:00:00-05:00,15.859999656677246,16.31999969482422,15.859999656677246,16.31999969482422,1300,0.0,0.0
2024-01-31 00:00:00-05:00,16.31999969482422,16.31999969482422,16.31999969482422,16.31999969482422,300,0.0,0.0
2024-02-01 00:00:00-05:00,16.3799991607666,16.3799991607666,16.3799991607666,16.3799991607666,1200,0.0,0.0
2024-02-02 00:00:00-05:00,15.640000343322754,16.950000762939453,15.640000343322754,15.8100004196167,800,0.0,0.0
2024-02-05 00:00:00-05:00,15.529999732971191,15.75,15.529999732971191,15.75,5100,0.0,0.0
2024-02-06 00:00:00-05:00,15.550000190734863,15.649999618530273,15.5,15.5,1400,0.0,0.0
2024-02-07 00:00:00-05:00,15.5,15.5,15.5,15.5,0,0.0,0.0
2024-02-08 00:00:00-05:00,15.5,15.5,15.5,15.5,400,0.0,0.0
2024-02-09 00:00:00-05:00,16.25,16.40999984741211,16.25,16.399999618530273,2200,0.0,0.0
2024-02-12 00:00:00-05:00,16.510000228881836,16.510000228881836,16.489999771118164,16.489999771118164,1900,0.0,0.0
2024-02-13 00:00:00-05:00,16.489999771118164,16.489999771118164,16.489999771118164,16.489999771118164,0,0.0,0.0
2024-02-14 00:00:00-05:00,16.510000228881836,16.75,16.479999542236328,16.489999771118164,5300,0.0,0.0
2024-02-15 00:00:00-05:00,16.489999771118164,16.489999771118164,16.489999771118164,16.489999771118164,0,0.0,0.0
2024-02-16 00:00:00-05:00,16.010000228881836,16.010000228881836,16.010000228881836,16.010000228881836,100,0.0,0.0
2024-02-20 00:00:00-05:00,16.010000228881836,16.15999984741211,15.960000038146973,16.079999923706055,2000,0.0,0.0
2024-02-21 00:00:00-05:00,16.100000381469727,16.1299991607666,16.09000015258789,16.09000015258789,900,0.0,0.0
2024-02-22 00:00:00-05:00,16.1200008392334,16.399999618530273,16.1200008392334,16.200000762939453,9800,0.0,0.0
2024-02-23 00:00:00-05:00,16.399999618530273,16.59000015258789,16.399999618530273,16.59000015258789,2800,0.0,0.0
2024-02-26 00:00:00-05:00,16.600000381469727,16.6299991607666,15.600000381469727,16.030000686645508,1800,0.0,0.0
2024-02-27 00:00:00-05:00,16.020000457763672,16.020000457763672,15.899999618530273,15.899999618530273,700,0.0,0.0
2024-02-28 00:00:00-05:00,15.800000190734863,15.890000343322754,15.600000381469727,15.890000343322754,900,0.0,0.0
2024-02-29 00:00:00-05:00,15.880000114440918,15.90999984741211,15.579999923706055,15.579999923706055,5600,0.0,0.0
2024-03-01 00:00:00-05:00,15.90999984741211,16.260000228881836,15.90999984741211,16.260000228881836,2100,0.0,0.0
2024-03-04 00:00:00-05:00,16.260000228881836,16.260000228881836,15.130000114440918,16.260000228881836,3100,0.0,0.0
2024-03-05 00:00:00-05:00,15.149999618530273,16.25,15.149999618530273,15.75,1100,0.0,0.0
2024-03-06 00:00:00-05:00,16.079999923706055,16.1200008392334,15.989999771118164,16.0,5200,0.0,0.0
2024-03-07 00:00:00-05:00,16.110000610351562,16.110000610351562,16.059999465942383,16.059999465942383,1900,0.0,0.0
2024-03-08 00:00:00-05:00,16.100000381469727,16.100000381469727,16.0,16.0,6200,0.0,0.0
2024-03-11 00:00:00-04:00,16.0,16.0,15.800000190734863,15.9399995803833,6100,0.0,0.0
2024-03-12 00:00:00-04:00,15.710000038146973,15.8100004196167,15.6899995803833,15.779999732971191,4300,0.0,0.0
2024-03-13 00:00:00-04:00,15.680000305175781,15.880000114440918,15.680000305175781,15.880000114440918,8100,0.0,0.0
2024-03-14 00:00:00-04:00,15.630000114440918,15.850000381469727,15.630000114440918,15.850000381469727,800,0.0,0.0
2024-03-15 00:00:00-04:00,15.8100004196167,15.930000305175781,15.8100004196167,15.930000305175781,7100,0.0,0.0
2024-03-18 00:00:00-04:00,15.899999618530273,15.899999618530273,15.899999618530273,15.899999618530273,500,0.0,0.0
2024-03-19 00:00:00-04:00,16.18000030517578,16.260000228881836,16.18000030517578,16.260000228881836,700,0.0,0.0
2024-03-20 00:00:00-04:00,16.270000457763672,16.950000762939453,16.270000457763672,16.950000762939453,1800,0.0,0.0
2024-03-21 00:00:00-04:00,16.799999237060547,17.149999618530273,16.799999237060547,17.149999618530273,3700,0.0,0.0
2024-03-22 00:00:00-04:00,17.09000015258789,17.100000381469727,17.010000228881836,17.010000228881836,1400,0.0,0.0
2024-03-25 00:00:00-04:00,17.010000228881836,17.010000228881836,17.0,17.0,500,0.0,0.0
2024-03-26 00:00:00-04:00,17.0,17.0,17.0,17.0,0,0.0,0.0
2024-03-27 00:00:00-04:00,16.90999984741211,17.239999771118164,16.90999984741211,17.209999084472656,3500,0.0,0.0
2024-03-28 00:00:00-04:00,17.0,17.0,16.520000457763672,16.68000030517578,4200,0.0,0.0
2024-04-01 00:00:00-04:00,16.969999313354492,17.030000686645508,16.90999984741211,17.030000686645508,2000,0.0,0.0
2024-04-02 00:00:00-04:00,16.829999923706055,16.829999923706055,16.479999542236328,16.520000457763672,1300,0.0,0.0
2024-04-03 00:00:00-04:00,16.520000457763672,16.520000457763672,16.520000457763672,16.520000457763672,0,0.0,0.0
2024-04-04 00:00:00-04:00,16.520000457763672,16.520000457763672,16.520000457763672,16.520000457763672,0,0.0,0.0
2024-04-05 00:00:00-04:00,16.899999618530273,16.899999618530273,16.899999618530273,16.899999618530273,500,0.0,0.0
2024-04-08 00:00:00-04:00,16.959999084472656,16.969999313354492,16.959999084472656,16.969999313354492,200,0.0,0.0
2024-04-09 00:00:00-04:00,17.0,17.0,16.610000610351562,16.610000610351562,3700,0.0,0.0
2024-04-10 00:00:00-04:00,16.3700008392334,16.459999084472656,16.270000457763672,16.270000457763672,1900,0.0,0.0
2024-04-11 00:00:00-04:00,16.1200008392334,16.469999313354492,16.1200008392334,16.469999313354492,800,0.0,0.0
2024-04-12 00:00:00-04:00,16.469999313354492,16.469999313354492,16.469999313354492,16.469999313354492,0,0.0,0.0
2024-04-15 00:00:00-04:00,16.170000076293945,16.170000076293945,16.040000915527344,16.040000915527344,3300,0.0,0.0
2024-04-16 00:00:00-04:00,16.100000381469727,16.100000381469727,16.100000381469727,16.100000381469727,600,0.0,0.0
2024-04-17 00:00:00-04:00,15.84000015258789,15.84000015258789,15.75,15.75,1100,0.0,0.0
2024-04-18 00:00:00-04:00,15.989999771118164,15.989999771118164,15.770000457763672,15.779999732971191,2800,0.0,0.0
2024-04-19 00:00:00-04:00,15.800000190734863,15.800000190734863,15.800000190734863,15.800000190734863,1000,0.0,0.0
2024-04-22 00:00:00-04:00,15.859999656677246,15.880000114440918,15.859999656677246,15.880000114440918,800,0.0,0.0
2024-04-23 00:00:00-04:00,16.350000381469727,16.350000381469727,15.890000343322754,15.890000343322754,1000,0.0,0.0
2024-04-24 00:00:00-04:00,15.930000305175781,16.399999618530273,15.890000343322754,16.399999618530273,1000,0.0,0.0
2024-04-25 00:00:00-04:00,15.920000076293945,16.139999389648438,15.920000076293945,16.1299991607666,2400,0.0,0.0
2024-04-26 00:00:00-04:00,16.020000457763672,16.200000762939453,16.0,16.149999618530273,1800,0.0,0.0
2024-04-29 00:00:00-04:00,15.989999771118164,15.989999771118164,15.899999618530273,15.899999618530273,1100,0.0,0.0
2024-04-30 00:00:00-04:00,15.75,15.75,15.649999618530273,15.75,1700,0.0,0.0
2024-05-01 00:00:00-04:00,15.75,15.75,15.75,15.75,400,0.0,0.0
2024-05-02 00:00:00-04:00,15.470000267028809,16.049999237060547,15.470000267028809,15.859999656677246,3600,0.0,0.0
2024-05-03 00:00:00-04:00,16.079999923706055,16.079999923706055,16.079999923706055,16.079999923706055,200,0.0,0.0
2024-05-06 00:00:00-04:00,16.020000457763672,16.020000457763672,15.739999771118164,15.739999771118164,1400,0.0,0.0
2024-05-07 00:00:00-04:00,15.65999984741211,15.850000381469727,15.350000381469727,15.449999809265137,5300,0.0,0.0
2024-05-08 00:00:00-04:00,15.6899995803833,15.6899995803833,15.229999542236328,15.329999923706055,2800,0.0,0.0
2024-05-09 00:00:00-04:00,15.300000190734863,15.300000190734863,14.970000267028809,15.239999771118164,7200,0.0,0.0
2024-05-10 00:00:00-04:00,14.949999809265137,15.0600004196167,14.880000114440918,15.0600004196167,2500,0.0,0.0
2024-05-13 00:00:00-04:00,14.899999618530273,15.5,14.899999618530273,15.5,5500,0.0,0.0
2024-05-14 00:00:00-04:00,15.510000228881836,15.510000228881836,15.140000343322754,15.289999961853027,2200,0.0,0.0
2024-05-15 00:00:00-04:00,15.5,15.720000267028809,15.5,15.5,1800,0.0,0.0
2024-05-16 00:00:00-04:00,15.5,15.5,15.260000228881836,15.460000038146973,1200,0.0,0.0
2024-05-17 00:00:00-04:00,15.460000038146973,15.460000038146973,15.220000267028809,15.399999618530273,700,0.0,0.0
2024-05-20 00:00:00-04:00,15.350000381469727,15.350000381469727,15.220000267028809,15.319999694824219,500,0.0,0.0
2024-05-21 00:00:00-04:00,15.279999732971191,15.359999656677246,15.279999732971191,15.359999656677246,1300,0.0,0.0
2024-05-22 00:00:00-04:00,15.350000381469727,15.390000343322754,15.069999694824219,15.390000343322754,8000,0.0,0.0
2024-05-23 00:00:00-04:00,15.350000381469727,15.350000381469727,15.199999809265137,15.239999771118164,2400,0.0,0.0
2024-05-24 00:00:00-04:00,15.239999771118164,15.239999771118164,15.239999771118164,15.239999771118164,0,0.0,0.0
2024-05-28 00:00:00-04:00,15.369999885559082,15.369999885559082,15.199999809265137,15.260000228881836,2000,0.0,0.0
2024-05-29 00:00:00-04:00,15.260000228881836,15.65999984741211,15.260000228881836,15.65999984741211,8800,0.0,0.0
2024-05-30 00:00:00-04:00,15.380000114440918,15.380000114440918,15.170000076293945,15.300000190734863,2400,0.0,0.0
2024-05-31 00:00:00-04:00,15.300000190734863,15.489999771118164,15.229999542236328,15.229999542236328,6900,0.0,0.0
2024-06-03 00:00:00-04:00,15.050000190734863,15.0600004196167,15.039999961853027,15.0600004196167,1000,0.0,0.0
2024-06-04 00:00:00-04:00,15.430000305175781,15.430000305175781,15.390000343322754,15.390000343322754,700,0.0,0.0
2024-06-05 00:00:00-04:00,15.350000381469727,15.350000381469727,15.09000015258789,15.09000015258789,2100,0.0,0.0
2024-06-06 00:00:00-04:00,15.020000457763672,15.350000381469727,15.020000457763672,15.350000381469727,1200,0.0,0.0
2024-06-07 00:00:00-04:00,15.199999809265137,15.199999809265137,15.199999809265137,15.199999809265137,600,0.0,0.0
2024-06-10 00:00:00-04:00,15.350000381469727,15.350000381469727,14.649999618530273,14.970000267028809,1200,0.0,0.0
2024-06-11 00:00:00-04:00,14.850000381469727,15.020000457763672,14.850000381469727,14.989999771118164,3500,0.0,0.0
2024-06-12 00:00:00-04:00,14.989999771118164,15.010000228881836,14.989999771118164,15.010000228881836,600,0.0,0.0
2024-06-13 00:00:00-04:00,14.850000381469727,14.930000305175781,14.850000381469727,14.930000305175781,900,0.0,0.0
2024-06-14 00:00:00-04:00,15.0,15.020000457763672,14.930000305175781,15.020000457763672,1700,0.0,0.0
2024-06-17 00:00:00-04:00,14.859999656677246,14.859999656677246,14.859999656677246,14.859999656677246,400,0.0,0.0
2024-06-18 00:00:00-04:00,14.850000381469727,14.880000114440918,14.800000190734863,14.880000114440918,2100,0.0,0.0
2024-06-20 00:00:00-04:00,14.800000190734863,14.850000381469727,14.640000343322754,14.710000038146973,1600,0.0,0.0
2024-06-21 00:00:00-04:00,14.729999542236328,14.729999542236328,14.710000038146973,14.710000038146973,900,0.0,0.0
2024-06-24 00:00:00-04:00,14.710000038146973,14.880000114440918,14.670000076293945,14.670000076293945,900,0.0,0.0
2024-06-25 00:00:00-04:00,14.989999771118164,15.020000457763672,14.989999771118164,15.020000457763672,2100,0.0,0.0
2024-06-26 00:00:00-04:00,14.890000343322754,14.890000343322754,14.890000343322754,14.890000343322754,400,0.0,0.0
2024-06-27 00:00:00-04:00,14.930000305175781,14.930000305175781,14.930000305175781,14.930000305175781,600,0.0,0.0
2024-06-28 00:00:00-04:00,14.800000190734863,14.800000190734863,14.800000190734863,14.800000190734863,500,0.0,0.0
2024-07-01 00:00:00-04:00,14.75,14.75,14.65999984741211,14.710000038146973,1400,0.0,0.0
2024-07-02 00:00:00-04:00,14.710000038146973,14.710000038146973,14.710000038146973,14.710000038146973,0,0.0,0.0
2024-07-03 00:00:00-04:00,15.0,15.3100004196167,14.960000038146973,15.3100004196167,1900,0.0,0.0
2024-07-05 00:00:00-04:00,15.3100004196167,15.3100004196167,15.3100004196167,15.3100004196167,0,0.0,0.0
2024-07-08 00:00:00-04:00,14.970000267028809,15.020000457763672,14.890000343322754,15.0,3000,0.0,0.0
2024-07-09 00:00:00-04:00,14.880000114440918,15.010000228881836,14.600000381469727,14.859999656677246,9000,0.0,0.0
2024-07-10 00:00:00-04:00,15.0,15.010000228881836,14.899999618530273,14.899999618530273,1300,0.0,0.0
2024-07-11 00:00:00-04:00,15.0,15.010000228881836,15.0,15.0,1200,0.0,0.0
2024-07-12 00:00:00-04:00,15.010000228881836,15.010000228881836,15.010000228881836,15.010000228881836,1200,0.0,0.0
2024-07-15 00:00:00-04:00,15.270000457763672,15.270000457763672,15.149999618530273,15.149999618530273,1600,0.0,0.0
2024-07-16 00:00:00-04:00,15.220000267028809,15.260000228881836,15.149999618530273,15.15999984741211,2700,0.0,0.0
2024-07-17 00:00:00-04:00,15.15999984741211,15.15999984741211,15.15999984741211,15.15999984741211,400,0.0,0.0
2024-07-18 00:00:00-04:00,15.479999542236328,15.479999542236328,15.470000267028809,15.470000267028809,300,0.0,0.0
2024-07-19 00:00:00-04:00,15.0,15.0,14.829999923706055,14.960000038146973,1700,0.0,0.0
2024-07-22 00:00:00-04:00,14.960000038146973,14.960000038146973,14.960000038146973,14.960000038146973,0,0.0,0.0
2024-07-23 00:00:00-04:00,15.420000076293945,15.420000076293945,15.420000076293945,15.420000076293945,100,0.0,0.0
2024-07-24 00:00:00-04:00,15.420000076293945,15.420000076293945,15.420000076293945,15.420000076293945,0,0.0,0.0
2024-07-25 00:00:00-04:00,15.420000076293945,15.420000076293945,15.420000076293945,15.420000076293945,0,0.0,0.0
2024-07-26 00:00:00-04:00,15.239999771118164,15.239999771118164,14.880000114440918,14.949999809265137,3400,0.0,0.0
2024-07-29 00:00:00-04:00,14.899999618530273,14.899999618530273,14.899999618530273,14.899999618530273,400,0.0,0.0
2024-07-30 00:00:00-04:00,14.899999618530273,14.90999984741211,14.75,14.890000343322754,3400,0.0,0.0
2024-07-31 00:00:00-04:00,14.850000381469727,15.020000457763672,14.579999923706055,15.020000457763672,10300,0.0,0.0
2024-08-01 00:00:00-04:00,15.020000457763672,15.119999885559082,14.760000228881836,14.760000228881836,3200,0.0,0.0
2024-08-02 00:00:00-04:00,15.0,15.0,14.979999542236328,14.989999771118164,3100,0.0,0.0
2024-08-05 00:00:00-04:00,15.0600004196167,15.0600004196167,14.949999809265137,14.949999809265137,500,0.0,0.0
2024-08-06 00:00:00-04:00,14.579999923706055,15.170000076293945,14.579999923706055,15.079999923706055,6200,0.0,0.0
2024-08-07 00:00:00-04:00,15.09000015258789,15.239999771118164,14.989999771118164,14.989999771118164,1500,0.0,0.0
2024-08-08 00:00:00-04:00,15.039999961853027,15.039999961853027,15.039999961853027,15.039999961853027,400,0.0,0.0
2024-08-09 00:00:00-04:00,14.850000381469727,14.850000381469727,14.850000381469727,14.850000381469727,100,0.0,0.0
2024-08-12 00:00:00-04:00,14.850000381469727,14.890000343322754,14.850000381469727,14.859999656677246,600,0.0,0.0
2024-08-13 00:00:00-04:00,14.899999618530273,15.239999771118164,14.899999618530273,15.239999771118164,3700,0.0,0.0
2024-08-14 00:00:00-04:00,15.399999618530273,15.619999885559082,15.399999618530273,15.510000228881836,6200,0.0,0.0
2024-08-15 00:00:00-04:00,15.510000228881836,15.699999809265137,15.449999809265137,15.449999809265137,3900,0.0,0.0
2024-08-16 00:00:00-04:00,15.380000114440918,15.460000038146973,14.600000381469727,15.25,4600,0.0,0.0
2024-08-19 00:00:00-04:00,15.449999809265137,15.869999885559082,15.449999809265137,15.8100004196167,2500,0.0,0.0
2024-08-20 00:00:00-04:00,16.15999984741211,16.25,15.979999542236328,16.1200008392334,6700,0.0,0.0
2024-08-21 00:00:00-04:00,16.530000686645508,16.530000686645508,16.239999771118164,16.239999771118164,2500,0.0,0.0
2024-08-22 00:00:00-04:00,16.34000015258789,16.399999618530273,16.34000015258789,16.399999618530273,1100,0.0,0.0
2024-08-23 00:00:00-04:00,16.65999984741211,16.65999984741211,16.229999542236328,16.3799991607666,5800,0.0,0.0
2024-08-26 00:00:00-04:00,16.3799991607666,16.90999984741211,16.15999984741211,16.549999237060547,6600,0.0,0.0
2024-08-27 00:00:00-04:00,16.520000457763672,16.75,16.520000457763672,16.75,2500,0.0,0.0
2024-08-28 00:00:00-04:00,16.770000457763672,16.770000457763672,16.5,16.729999542236328,5300,0.0,0.0
2024-08-29 00:00:00-04:00,16.520000457763672,16.520000457763672,16.5,16.510000228881836,2300,0.0,0.0
2024-08-30 00:00:00-04:00,16.100000381469727,16.690000534057617,14.779999732971191,15.680000305175781,74100,0.0,0.0
2024-09-03 00:00:00-04:00,15.529999732971191,15.680000305175781,15.5,15.5,13000,0.0,0.0
2024-09-04 00:00:00-04:00,15.829999923706055,15.829999923706055,15.399999618530273,15.399999618530273,3000,0.0,0.0
2024-09-05 00:00:00-04:00,15.329999923706055,15.420000076293945,15.0,15.420000076293945,5800,0.0,0.0
2024-09-06 00:00:00-04:00,15.130000114440918,15.399999618530273,15.130000114440918,15.399999618530273,3100,0.0,0.0
2024-09-09 00:00:00-04:00,16.15999984741211,16.15999984741211,15.40999984741211,15.5600004196167,3500,0.0,0.0
2024-09-10 00:00:00-04:00,15.399999618530273,15.609999656677246,15.399999618530273,15.529999732971191,3900,0.0,0.0
2024-09-11 00:00:00-04:00,15.720000267028809,15.739999771118164,15.510000228881836,15.739999771118164,5000,0.0,0.0
2024-09-12 00:00:00-04:00,16.0,16.530000686645508,16.0,16.469999313354492,4700,0.0,0.0
2024-09-13 00:00:00-04:00,16.469999313354492,16.469999313354492,16.3700008392334,16.440000534057617,11200,0.0,0.0
2024-09-16 00:00:00-04:00,16.469999313354492,16.469999313354492,16.280000686645508,16.450000762939453,5400,0.0,0.0
2024-09-17 00:00:00-04:00,16.469999313354492,16.469999313354492,16.440000534057617,16.450000762939453,20000,0.0,0.0
2024-09-18 00:00:00-04:00,16.329999923706055,16.5,16.299999237060547,16.469999313354492,16400,0.0,0.0
2024-09-19 00:00:00-04:00,16.68000030517578,16.739999771118164,16.610000610351562,16.739999771118164,5400,0.0,0.0
2024-09-20 00:00:00-04:00,16.049999237060547,16.8799991607666,15.899999618530273,16.8799991607666,13100,0.0,0.0
2024-09-23 00:00:00-04:00,16.5,16.5,15.930000305175781,15.930000305175781,700,0.0,0.0
2024-09-24 00:00:00-04:00,16.0,16.520000457763672,16.0,16.389999389648438,2500,0.0,0.0
2024-09-25 00:00:00-04:00,16.34000015258789,16.56999969482422,16.329999923706055,16.399999618530273,3000,0.0,0.0
2024-09-26 00:00:00-04:00,16.670000076293945,16.670000076293945,16.530000686645508,16.610000610351562,900,0.0,0.0
2024-09-27 00:00:00-04:00,16.5,16.5,16.110000610351562,16.350000381469727,1900,0.0,0.0
2024-09-30 00:00:00-04:00,16.469999313354492,16.469999313354492,15.850000381469727,16.40999984741211,7000,0.0,0.0
2024-10-01 00:00:00-04:00,16.3700008392334,16.3700008392334,16.360000610351562,16.360000610351562,800,0.0,0.0
2024-10-02 00:00:00-04:00,16.360000610351562,16.360000610351562,16.360000610351562,16.360000610351562,0,0.0,0.0
2024-10-03 00:00:00-04:00,16.360000610351562,16.360000610351562,16.209999084472656,16.209999084472656,1600,0.0,0.0
2024-10-04 00:00:00-04:00,16.18000030517578,16.309999465942383,16.18000030517578,16.309999465942383,900,0.0,0.0
2024-10-07 00:00:00-04:00,16.290000915527344,16.309999465942383,16.100000381469727,16.100000381469727,6600,0.0,0.0
2024-10-08 00:00:00-04:00,16.100000381469727,16.100000381469727,16.100000381469727,16.100000381469727,0,0.0,0.0
2024-10-09 00:00:00-04:00,16.010000228881836,16.420000076293945,16.010000228881836,16.34000015258789,1300,0.0,0.0
2024-10-10 00:00:00-04:00,15.899999618530273,16.5,15.899999618530273,16.309999465942383,5700,0.0,0.0
2024-10-11 00:00:00-04:00,16.459999084472656,16.690000534057617,16.459999084472656,16.600000381469727,1400,0.0,0.0
