Date,Open,High,Low,Close,Volume,Dividends,Stock Splits
1994-03-18 00:00:00-05:00,0.9010549235343934,0.9101564884185792,0.9010549235343934,0.9101564884185791,235400,0.0,0.0
1994-03-21 00:00:00-05:00,0.9010549783706665,0.9101565438087541,0.9010549783706665,0.9010549783706665,56900,0.0,0.0
1994-03-22 00:00:00-05:00,0.9010549783706665,0.9101565438087541,0.9010549783706665,0.9010549783706665,55400,0.0,0.0
1994-03-23 00:00:00-05:00,0.9010549783706665,0.9101565438087541,0.9010549783706665,0.9010549783706665,72800,0.0,0.0
1994-03-24 00:00:00-05:00,0.9010549783706665,0.9101565438087541,0.9010549783706665,0.9010549783706665,25300,0.0,0.0
1994-03-25 00:00:00-05:00,0.9101564884185792,0.9101564884185792,0.9010549235343934,0.9101564884185791,18200,0.0,0.0
1994-03-28 00:00:00-05:00,0.9101572085400017,0.9101572085400017,0.8919540643692017,0.8919540643692017,22700,0.0,0.0
1994-03-29 00:00:00-05:00,0.891953412932579,0.9010549783706665,0.891953412932579,0.9010549783706665,29300,0.0,0.0
1994-03-30 00:00:00-05:00,0.8919535850741199,0.8919535850741199,0.882852017879486,0.8828520178794861,27800,0.0,0.0
1994-03-31 00:00:00-05:00,0.8828524922838017,0.8919540643692017,0.8828524922838017,0.8919540643692017,48800,0.0,0.0
1994-04-04 00:00:00-04:00,0.882852017879486,0.8919535850741199,0.882852017879486,0.8828520178794861,12000,0.0,0.0
1994-04-05 00:00:00-04:00,0.8919540643692017,0.8919540643692017,0.8828524922838017,0.8919540643692017,12800,0.0,0.0
1994-04-06 00:00:00-04:00,0.8828520153959593,0.8828520153959593,0.8737504482269287,0.8737504482269287,15400,0.0,0.0
1994-04-07 00:00:00-04:00,0.882852017879486,0.882852017879486,0.8737504506848521,0.8828520178794861,7500,0.0,0.0
1994-04-08 00:00:00-04:00,0.882852017879486,0.882852017879486,0.8737504506848521,0.8828520178794861,16000,0.0,0.0
1994-04-11 00:00:00-04:00,0.8737509878058183,0.8737509878058183,0.8646494150161744,0.8646494150161743,16000,0.0,0.0
1994-04-12 00:00:00-04:00,0.8646494150161744,0.8737509878058183,0.8646494150161744,0.8646494150161743,6900,0.0,0.0
1994-04-13 00:00:00-04:00,0.8737509878058183,0.8737509878058183,0.8646494150161744,0.8646494150161743,10200,0.0,0.0
1994-04-14 00:00:00-04:00,0.8646490561064855,0.8737506251181326,0.8464459180831909,0.8464459180831909,26100,0.0,0.0
1994-04-15 00:00:00-04:00,0.8464466551939646,0.8555482321315341,0.8191419243812561,0.8191419243812561,32200,0.0,0.0
1994-04-18 00:00:00-04:00,0.8373441587794912,0.8373441587794912,0.8009378910064698,0.8009378910064697,20900,0.0,0.0
1994-04-19 00:00:00-04:00,0.800938190415848,0.800938190415848,0.7827350497245787,0.7827350497245789,33400,0.0,0.0
1994-04-20 00:00:00-04:00,0.7827347544417984,0.8009378882660263,0.7645316206175705,0.7918363213539124,51800,0.0,0.0
1994-04-21 00:00:00-04:00,0.8009384752629878,0.8373447695931235,0.8009384752629878,0.8282431960105896,72200,0.0,0.0
1994-04-22 00:00:00-04:00,0.8282426615124163,0.8555473646391993,0.8100395260945611,0.837344229221344,31900,0.0,0.0
1994-04-25 00:00:00-04:00,0.837344229221344,0.8464457969302717,0.8282426615124163,0.837344229221344,20900,0.0,0.0
1994-04-26 00:00:00-04:00,0.864648932348127,0.864648932348127,0.837344229221344,0.837344229221344,23800,0.0,0.0
1994-04-28 00:00:00-04:00,0.8282435013188255,0.837345078256395,0.8100403474436866,0.8191419243812561,68900,0.0,0.0
1994-04-29 00:00:00-04:00,0.8100400488455217,0.8373447695931235,0.8100400488455217,0.8282431960105896,14300,0.0,0.0
1994-05-02 00:00:00-04:00,0.837344229221344,0.8464457969302717,0.8282426615124163,0.837344229221344,14500,0.0,0.0
1994-05-03 00:00:00-04:00,0.8464457969302717,0.8464457969302717,0.8282426615124163,0.837344229221344,18300,0.0,0.0
1994-05-04 00:00:00-04:00,0.837344229221344,0.837344229221344,0.8282426615124163,0.837344229221344,11500,0.0,0.0
1994-05-05 00:00:00-04:00,0.8191410248929805,0.8373441587794912,0.7918363240632145,0.8009378910064697,41200,0.0,0.0
1994-05-06 00:00:00-04:00,0.7971999645233154,0.8063631825063421,0.7788735285572622,0.7971999645233154,41200,0.074,0.0
1994-05-09 00:00:00-04:00,0.7788735032081604,0.7880367208929623,0.7697102855233585,0.7788735032081604,35300,0.0,0.0
1994-05-10 00:00:00-04:00,0.7605468214944352,0.7880364656448364,0.7605468214944352,0.7880364656448364,47000,0.0,0.0
1994-05-11 00:00:00-04:00,0.7788731689341585,0.788036382686325,0.7788731689341585,0.7834547758102417,39200,0.0,0.0
1994-05-12 00:00:00-04:00,0.7880367465402889,0.7971999645233154,0.7788735285572622,0.7971999645233154,57500,0.0,0.0
1994-05-13 00:00:00-04:00,0.7880367208929623,0.7971999385777642,0.7788735032081604,0.7788735032081604,45500,0.0,0.0
1994-05-16 00:00:00-04:00,0.7788735285572622,0.7971999645233154,0.7697103105742357,0.7971999645233154,87700,0.0,0.0
1994-05-17 00:00:00-04:00,0.7788735285572622,0.7971999645233154,0.7788735285572622,0.7971999645233154,162300,0.0,0.0
1994-05-18 00:00:00-04:00,0.7880367465402889,0.8063631825063421,0.7788735285572622,0.7971999645233154,115400,0.0,0.0
1994-05-19 00:00:00-04:00,0.788036625463884,0.8338527083396912,0.788036625463884,0.8338527083396912,81600,0.0,0.0
1994-05-20 00:00:00-04:00,0.8063622713088989,0.8246886865659194,0.8063622713088989,0.8063622713088989,170200,0.0,0.0
1994-05-23 00:00:00-04:00,0.8063622713088989,0.8246886865659194,0.8063622713088989,0.8063622713088989,37000,0.0,0.0
1994-05-24 00:00:00-04:00,0.8155254655414158,0.8246886730194093,0.8063622580634224,0.8246886730194092,30600,0.0,0.0
1994-05-25 00:00:00-04:00,0.8155254125595092,0.8246886194422003,0.797198998794127,0.8155254125595093,59000,0.0,0.0
1994-05-26 00:00:00-04:00,0.8063631825063421,0.8063631825063421,0.7880367465402889,0.7971999645233154,69800,0.0,0.0
1994-05-27 00:00:00-04:00,0.8063628950784373,0.8155261097952378,0.7880364656448364,0.7880364656448364,63600,0.0,0.0
1994-05-31 00:00:00-04:00,0.7880367465402889,0.8063631825063421,0.7880367465402889,0.7971999645233154,34300,0.0,0.0
1994-06-01 00:00:00-04:00,0.8063622713088989,0.8155254789374092,0.7971990636803887,0.8063622713088989,118200,0.0,0.0
1994-06-02 00:00:00-04:00,0.8063622713088989,0.8155254789374092,0.8063622713088989,0.8063622713088989,93700,0.0,0.0
1994-06-03 00:00:00-04:00,0.8063622713088989,0.8155254789374092,0.7971990636803887,0.8063622713088989,73500,0.0,0.0
1994-06-06 00:00:00-04:00,0.802598376606786,0.8118236453034158,0.7933731079101562,0.7933731079101562,45400,0.074,0.0
1994-06-07 00:00:00-04:00,0.7933731079101562,0.8118236453034158,0.7933731079101562,0.7933731079101562,74100,0.0,0.0
1994-06-08 00:00:00-04:00,0.7933740314395948,0.8118245903102831,0.7933740314395948,0.802599310874939,57500,0.0,0.0
1994-06-09 00:00:00-04:00,0.7933743939680212,0.8025996776188121,0.7841491103172303,0.7841491103172302,63600,0.0,0.0
1994-06-10 00:00:00-04:00,0.7841478392135266,0.802598376606786,0.7841478392135266,0.7933731079101562,29600,0.0,0.0
1994-06-13 00:00:00-04:00,0.7933734527656011,0.7933734527656011,0.7656976346458708,0.7749229073524475,84900,0.0,0.0
1994-06-14 00:00:00-04:00,0.7749238266664393,0.7933743939680212,0.7749238266664393,0.7841491103172302,105000,0.0,0.0
1994-06-15 00:00:00-04:00,0.7933743939680212,0.7933743939680212,0.7656985430156484,0.7841491103172302,105200,0.0,0.0
1994-06-16 00:00:00-04:00,0.7841491103172303,0.7841491103172303,0.7749238266664393,0.7841491103172302,166400,0.0,0.0
1994-06-17 00:00:00-04:00,0.7841487534074899,0.7841487534074899,0.7564729150519314,0.7656981945037842,126200,0.0,0.0
1994-06-20 00:00:00-04:00,0.7610855547778578,0.774923473955637,0.7564729150519314,0.7656981945037842,51600,0.0,0.0
1994-06-21 00:00:00-04:00,0.774923473955637,0.774923473955637,0.7564729150519314,0.7656981945037842,64900,0.0,0.0
1994-06-22 00:00:00-04:00,0.7656981945037842,0.774923473955637,0.7564729150519314,0.7656981945037842,65100,0.0,0.0
1994-06-23 00:00:00-04:00,0.7656976217176856,0.7749228942685011,0.7564723491668702,0.7564723491668701,80100,0.0,0.0
1994-06-24 00:00:00-04:00,0.7472475171089172,0.7564727950979162,0.7380222391199183,0.7472475171089172,102200,0.0,0.0
1994-06-27 00:00:00-04:00,0.7564729150519314,0.7656981945037842,0.7564729150519314,0.7656981945037842,154900,0.0,0.0
1994-06-28 00:00:00-04:00,0.7656976346458708,0.7749229073524476,0.756472361939294,0.7749229073524475,85900,0.0,0.0
1994-06-29 00:00:00-04:00,0.7749229073524476,0.7841481800590243,0.7656976346458708,0.7749229073524475,94300,0.0,0.0
1994-06-30 00:00:00-04:00,0.7841481800590243,0.7933734527656011,0.7749229073524476,0.7749229073524475,122600,0.0,0.0
1994-07-01 00:00:00-04:00,0.779535543705736,0.7841481800590243,0.7656976346458708,0.7749229073524475,135700,0.0,0.0
1994-07-05 00:00:00-04:00,0.774923473955637,0.7841487534074899,0.7472476356000786,0.7656981945037842,119200,0.0,0.0
1994-07-06 00:00:00-04:00,0.7619071983429323,0.7804903007415405,0.7619071983429323,0.7711987495422363,129400,0.074,0.0
1994-07-07 00:00:00-04:00,0.771198425067247,0.7897815196471806,0.771198425067247,0.7851357460021973,80300,0.0,0.0
1994-07-08 00:00:00-04:00,0.7711987495422363,0.7804903007415405,0.7619071983429323,0.7711987495422363,65000,0.0,0.0
1994-07-11 00:00:00-04:00,0.7711983490280989,0.7804898954019314,0.7619068026542664,0.7619068026542664,35800,0.0,0.0
1994-07-12 00:00:00-04:00,0.7619068026542664,0.7711983490280989,0.7619068026542664,0.7619068026542664,52700,0.0,0.0
1994-07-13 00:00:00-04:00,0.7619063203985041,0.7711978608911688,0.7619063203985041,0.7665520906448364,136100,0.0,0.0
1994-07-14 00:00:00-04:00,0.7619068026542664,0.7804898954019314,0.7619068026542664,0.7619068026542664,90100,0.0,0.0
1994-07-15 00:00:00-04:00,0.7619070121628082,0.7804901100204377,0.7619070121628082,0.7758443355560303,54800,0.0,0.0
1994-07-18 00:00:00-04:00,0.7711987495422363,0.7804903007415405,0.7711987495422363,0.7711987495422363,43500,0.0,0.0
1994-07-19 00:00:00-04:00,0.7711987495422363,0.7804903007415405,0.7619071983429323,0.7711987495422363,77500,0.0,0.0
1994-07-20 00:00:00-04:00,0.7804898954019314,0.7804898954019314,0.7619068026542664,0.7619068026542664,89100,0.0,0.0
1994-07-21 00:00:00-04:00,0.7711987495422363,0.7804903007415405,0.7433240959443242,0.7711987495422363,55300,0.0,0.0
1994-07-22 00:00:00-04:00,0.7711983490280989,0.7804898954019314,0.7619068026542664,0.7619068026542664,72100,0.0,0.0
1994-07-25 00:00:00-04:00,0.7711987495422363,0.7804903007415405,0.7619071983429323,0.7711987495422363,65400,0.0,0.0
1994-07-26 00:00:00-04:00,0.7619071983429323,0.7804903007415405,0.7619071983429323,0.7711987495422363,49100,0.0,0.0
1994-07-27 00:00:00-04:00,0.7619070121628082,0.7804901100204377,0.7619070121628082,0.7758443355560303,133200,0.0,0.0
1994-07-28 00:00:00-04:00,0.7711983490280989,0.7804898954019314,0.7619068026542664,0.7619068026542664,66100,0.0,0.0
1994-07-29 00:00:00-04:00,0.7804899930953979,0.7804899930953979,0.743323802947998,0.743323802947998,91300,0.0,0.0
1994-08-01 00:00:00-04:00,0.7711983490280989,0.7804898954019314,0.7619068026542664,0.7619068026542664,71800,0.0,0.0
1994-08-02 00:00:00-04:00,0.7711983490280989,0.7758441222150151,0.7619068026542664,0.7619068026542664,36000,0.0,0.0
1994-08-03 00:00:00-04:00,0.7619068026542664,0.7804898954019314,0.7619068026542664,0.7619068026542664,41300,0.0,0.0
1994-08-04 00:00:00-04:00,0.7711983490280989,0.7711983490280989,0.7619068026542664,0.7619068026542664,46300,0.0,0.0
1994-08-05 00:00:00-04:00,0.7619068026542664,0.7619068026542664,0.7526152562804338,0.7619068026542664,90800,0.0,0.0
1994-08-08 00:00:00-04:00,0.7580883561111078,0.7674474716186523,0.7580883561111078,0.7674474716186523,92600,0.074,0.0
1994-08-09 00:00:00-04:00,0.7580887079238892,0.7674478277748014,0.748729588072977,0.7580887079238892,66600,0.0,0.0
1994-08-10 00:00:00-04:00,0.7487287580596734,0.7580878675354193,0.7487287580596734,0.7534083127975464,97700,0.0,0.0
1994-08-11 00:00:00-04:00,0.7580885253846645,0.7580885253846645,0.7393702901899815,0.748729407787323,64100,0.0,0.0
1994-08-12 00:00:00-04:00,0.748729407787323,0.7580885253846645,0.7393702901899815,0.748729407787323,110400,0.0,0.0
1994-08-15 00:00:00-04:00,0.7487292406035633,0.7674474716186523,0.7487292406035633,0.7674474716186523,139100,0.0,0.0
1994-08-16 00:00:00-04:00,0.7674478277748014,0.7768069476257136,0.7580887079238892,0.7580887079238892,161600,0.0,0.0
1994-08-17 00:00:00-04:00,0.7580887689647905,0.7861661307783012,0.7580887689647905,0.7768070101737976,199400,0.0,0.0
1994-08-18 00:00:00-04:00,0.7768070101737977,0.7861661307783012,0.7674478895692941,0.7768070101737976,100200,0.0,0.0
1994-08-19 00:00:00-04:00,0.7674478895692941,0.7861661307783012,0.7674478895692941,0.7768070101737976,200800,0.0,0.0
1994-08-22 00:00:00-04:00,0.7674474716186523,0.7768065871261969,0.7674474716186523,0.7674474716186523,52100,0.0,0.0
1994-08-23 00:00:00-04:00,0.7674474716186523,0.7768065871261969,0.7674474716186523,0.7674474716186523,74200,0.0,0.0
1994-08-24 00:00:00-04:00,0.7674474716186523,0.7768065871261969,0.7580883561111078,0.7674474716186523,93100,0.0,0.0
1994-08-25 00:00:00-04:00,0.7674478895692941,0.7768070101737977,0.7487296483602869,0.7768070101737976,110800,0.0,0.0
1994-08-26 00:00:00-04:00,0.7580883561111078,0.7768065871261969,0.7580883561111078,0.7674474716186523,153500,0.0,0.0
1994-08-29 00:00:00-04:00,0.7580887689647905,0.7768070101737977,0.7580887689647905,0.7768070101737976,200700,0.0,0.0
1994-08-30 00:00:00-04:00,0.7768070101737977,0.7861661307783012,0.7674478895692941,0.7768070101737976,126600,0.0,0.0
1994-08-31 00:00:00-04:00,0.767447075673512,0.7861652970314026,0.767447075673512,0.7861652970314026,164600,0.0,0.0
1994-09-01 00:00:00-04:00,0.7768061863524572,0.7861652970314026,0.7768061863524572,0.7861652970314026,97100,0.0,0.0
1994-09-02 00:00:00-04:00,0.7861661307783012,0.7955252513828048,0.7768070101737977,0.7768070101737976,78000,0.0,0.0
1994-09-06 00:00:00-04:00,0.7823866116149084,0.7918129563331604,0.7729602668966565,0.7918129563331604,59400,0.074,0.0
1994-09-07 00:00:00-04:00,0.7918131265295557,0.7918131265295557,0.7823867797851562,0.7823867797851562,66200,0.0,0.0
1994-09-08 00:00:00-04:00,0.791813550595038,0.791813550595038,0.78238719880224,0.7871003746986389,83900,0.0,0.0
1994-09-09 00:00:00-04:00,0.7823866116149084,0.7918129563331604,0.7823866116149084,0.7918129563331604,52200,0.0,0.0
1994-09-12 00:00:00-04:00,0.7823866116149084,0.7918129563331604,0.7823866116149084,0.7918129563331604,75800,0.0,0.0
1994-09-13 00:00:00-04:00,0.7823866116149084,0.8012393010514123,0.7823866116149084,0.7918129563331604,70600,0.0,0.0
1994-09-14 00:00:00-04:00,0.8012396132039745,0.8106659615946095,0.7918132648133395,0.805952787399292,55000,0.0,0.0
1994-09-15 00:00:00-04:00,0.8012393010514123,0.8012393010514123,0.7823866116149084,0.7918129563331604,45100,0.0,0.0
1994-09-16 00:00:00-04:00,0.791813550595038,0.791813550595038,0.78238719880224,0.7871003746986389,91100,0.0,0.0
1994-09-19 00:00:00-04:00,0.7823866116149084,0.7918129563331604,0.7729602668966565,0.7918129563331604,77400,0.0,0.0
1994-09-20 00:00:00-04:00,0.7823865900679333,0.7823865900679333,0.7729602456092834,0.7729602456092834,127700,0.0,0.0
1994-09-21 00:00:00-04:00,0.7729603454470634,0.7729603454470634,0.754107654094696,0.754107654094696,55300,0.0,0.0
1994-09-22 00:00:00-04:00,0.7541081346111533,0.7729608379764321,0.744681782928514,0.7635344862937927,71500,0.0,0.0
1994-09-23 00:00:00-04:00,0.7635339997708798,0.7635339997708798,0.7446813084185123,0.754107654094696,96200,0.0,0.0
1994-09-26 00:00:00-04:00,0.763533895732435,0.7729602401241935,0.7541075513406765,0.7682470679283142,64500,0.0,0.0
1994-09-27 00:00:00-04:00,0.7729602456092834,0.7729602456092834,0.7635339011506337,0.7729602456092834,71200,0.0,0.0
1994-09-28 00:00:00-04:00,0.7635339011506337,0.7729602456092834,0.7635339011506337,0.7729602456092834,56700,0.0,0.0
1994-09-29 00:00:00-04:00,0.7635344862937927,0.7729608379764321,0.7635344862937927,0.7635344862937927,160400,0.0,0.0
1994-09-30 00:00:00-04:00,0.7729608379764321,0.7823871896590716,0.7635344862937927,0.7635344862937927,60000,0.0,0.0
1994-10-03 00:00:00-04:00,0.7635344862937927,0.7729608379764321,0.7635344862937927,0.7635344862937927,73600,0.0,0.0
1994-10-04 00:00:00-04:00,0.7729603503801807,0.7729603503801807,0.7541076589074934,0.7588208317756653,83700,0.0,0.0
1994-10-05 00:00:00-04:00,0.7786875139048071,0.7786875139048071,0.7596951355168848,0.769191324710846,61200,0.074,0.0
1994-10-06 00:00:00-04:00,0.7596948742866516,0.7691910602152348,0.7501986883580685,0.7596948742866516,75100,0.0,0.0
1994-10-07 00:00:00-04:00,0.7501986883580685,0.7596948742866516,0.7501986883580685,0.7596948742866516,55200,0.0,0.0
1994-10-10 00:00:00-04:00,0.759694681227582,0.759694681227582,0.7501984977122372,0.7549465894699097,37500,0.0,0.0
1994-10-11 00:00:00-04:00,0.7501985430717468,0.7596947271612626,0.7501985430717468,0.7501985430717468,59800,0.0,0.0
1994-10-12 00:00:00-04:00,0.7501980143208657,0.7501980143208657,0.7312056595279324,0.7359537482261658,100100,0.0,0.0
1994-10-13 00:00:00-04:00,0.7407023589822311,0.7596947271612626,0.7359542669374732,0.7501985430717468,142200,0.0,0.0
1994-10-14 00:00:00-04:00,0.7501986426596315,0.7691910133598754,0.7407024573095097,0.7644429206848145,152800,0.0,0.0
1994-10-17 00:00:00-04:00,0.7596948742866516,0.7691910602152348,0.7501986883580685,0.7596948742866516,119500,0.0,0.0
1994-10-18 00:00:00-04:00,0.7691910602152348,0.7786872461438179,0.7501986883580685,0.7596948742866516,178400,0.0,0.0
1994-10-19 00:00:00-04:00,0.7596951355168848,0.769191324710846,0.7501989463229238,0.769191324710846,96400,0.0,0.0
1994-10-20 00:00:00-04:00,0.7691910602152348,0.7691910602152348,0.7501986883580685,0.7596948742866516,139400,0.0,0.0
1994-10-21 00:00:00-04:00,0.7596951355168848,0.769191324710846,0.7501989463229238,0.769191324710846,87000,0.0,0.0
1994-10-24 00:00:00-04:00,0.7596947271612626,0.7691909112507784,0.7501985430717468,0.7501985430717468,67200,0.0,0.0
1994-10-25 00:00:00-04:00,0.7596948742866516,0.7596948742866516,0.7407025024294853,0.7596948742866516,64300,0.0,0.0
1994-10-26 00:00:00-04:00,0.7501985430717468,0.7596947271612626,0.74307640500461,0.7501985430717468,63600,0.0,0.0
1994-10-27 00:00:00-04:00,0.7501985430717468,0.7596947271612626,0.7407023589822311,0.7501985430717468,163300,0.0,0.0
1994-10-28 00:00:00-04:00,0.7501986883580685,0.7596948742866516,0.7407025024294853,0.7596948742866516,77500,0.0,0.0
1994-10-31 00:00:00-05:00,0.7596944539974897,0.7596944539974897,0.7407020926475524,0.7407020926475525,63400,0.0,0.0
1994-11-01 00:00:00-05:00,0.7501985430717468,0.7596947271612626,0.7501985430717468,0.7501985430717468,91600,0.0,0.0
1994-11-02 00:00:00-05:00,0.7501982733225211,0.7596944539974897,0.7407020926475524,0.7407020926475525,44100,0.0,0.0
1994-11-03 00:00:00-05:00,0.7501985430717468,0.7596947271612626,0.7501985430717468,0.7501985430717468,133100,0.0,0.0
1994-11-04 00:00:00-05:00,0.7501982733225211,0.7501982733225211,0.7312059119725838,0.7407020926475525,73600,0.0,0.0
1994-11-07 00:00:00-05:00,0.7407024835611319,0.7407024835611319,0.7217101121877695,0.7312062978744507,75600,0.0,0.0
1994-11-08 00:00:00-05:00,0.731206305027008,0.731206305027008,0.712213933467865,0.712213933467865,110600,0.0,0.0
1994-11-09 00:00:00-05:00,0.7217104434967041,0.7312066335427133,0.7217104434967041,0.7217104434967041,123000,0.0,0.0
1994-11-10 00:00:00-05:00,0.7217104434967041,0.7312066335427133,0.7122142534506948,0.7217104434967041,84800,0.0,0.0
1994-11-11 00:00:00-05:00,0.7217104434967041,0.7312066335427133,0.7122142534506948,0.7217104434967041,83500,0.0,0.0
1994-11-14 00:00:00-05:00,0.7217104434967041,0.7312066335427133,0.7027180634046856,0.7217104434967041,183400,0.0,0.0
1994-11-15 00:00:00-05:00,0.7217097312976152,0.7501982733225211,0.7122135506226466,0.7407020926475525,186100,0.0,0.0
1994-11-16 00:00:00-05:00,0.7407028235887226,0.7407028235887226,0.7217104434967041,0.7217104434967041,279000,0.0,0.0
1994-11-17 00:00:00-05:00,0.7217101192474366,0.7407024908065796,0.712213933467865,0.712213933467865,283000,0.0,0.0
1994-11-18 00:00:00-05:00,0.7122139265010884,0.7312062978744507,0.7122139265010884,0.7312062978744507,108100,0.0,0.0
1994-11-21 00:00:00-05:00,0.7312062978744507,0.7407024835611319,0.7217101121877695,0.7312062978744507,129700,0.0,0.0
1994-11-22 00:00:00-05:00,0.7312059119725838,0.7407020926475524,0.7217097312976152,0.7407020926475525,134700,0.0,0.0
1994-11-23 00:00:00-05:00,0.7407023589822311,0.7501985430717468,0.7312061748927153,0.7501985430717468,118200,0.0,0.0
1994-11-25 00:00:00-05:00,0.7501986883580685,0.7596948742866516,0.7407025024294853,0.7596948742866516,70700,0.0,0.0
1994-11-28 00:00:00-05:00,0.7501982733225211,0.7501982733225211,0.7407020926475524,0.7407020926475525,59100,0.0,0.0
1994-11-29 00:00:00-05:00,0.7407020926475524,0.7501982733225211,0.7407020926475524,0.7407020926475525,87900,0.0,0.0
1994-11-30 00:00:00-05:00,0.7407023589822311,0.7596947271612626,0.7407023589822311,0.7501985430717468,162100,0.0,0.0
1994-12-01 00:00:00-05:00,0.7501985430717468,0.7596947271612626,0.7407023589822311,0.7501985430717468,218100,0.0,0.0
1994-12-02 00:00:00-05:00,0.7501986883580685,0.7596948742866516,0.6742292009294033,0.7596948742866516,193700,0.0,0.0
1994-12-05 00:00:00-05:00,0.7596948742866516,0.7691910602152348,0.7501986883580685,0.7596948742866516,99000,0.0,0.0
1994-12-06 00:00:00-05:00,0.7596947271612626,0.7596947271612626,0.7501985430717468,0.7501985430717468,69900,0.0,0.0
1994-12-07 00:00:00-05:00,0.7501985430717468,0.7596947271612626,0.7501985430717468,0.7501985430717468,135500,0.0,0.0
1994-12-08 00:00:00-05:00,0.7501985430717468,0.7596947271612626,0.7407023589822311,0.7501985430717468,123000,0.0,0.0
1994-12-09 00:00:00-05:00,0.7501982733225211,0.7501982733225211,0.7407020926475524,0.7407020926475525,103400,0.0,0.0
1994-12-12 00:00:00-05:00,0.7407023589822311,0.7501985430717468,0.7407023589822311,0.7501985430717468,91100,0.0,0.0
1994-12-13 00:00:00-05:00,0.7501986883580685,0.7691910602152348,0.7501986883580685,0.7596948742866516,251500,0.0,0.0
1994-12-14 00:00:00-05:00,0.7596951355168848,0.7786875139048071,0.7596951355168848,0.769191324710846,186600,0.0,0.0
1994-12-15 00:00:00-05:00,0.769191324710846,0.7786875139048071,0.7596951355168848,0.769191324710846,242500,0.0,0.0
1994-12-16 00:00:00-05:00,0.7691911117332738,0.7881834848624905,0.7691911117332738,0.7786872982978821,190000,0.0,0.0
1994-12-19 00:00:00-05:00,0.7786875139048071,0.7786875139048071,0.7596951355168848,0.769191324710846,104100,0.0,0.0
1994-12-20 00:00:00-05:00,0.7691910602152348,0.7691910602152348,0.7501986883580685,0.7596948742866516,170200,0.0,0.0
1994-12-21 00:00:00-05:00,0.7596948742866516,0.7596948742866516,0.7407025024294853,0.7596948742866516,112100,0.0,0.0
1994-12-22 00:00:00-05:00,0.7501982733225211,0.7501982733225211,0.7312059119725838,0.7407020926475525,189100,0.0,0.0
1994-12-23 00:00:00-05:00,0.7407024908065796,0.7407024908065796,0.712213933467865,0.712213933467865,76200,0.0,0.0
1994-12-27 00:00:00-05:00,0.712213933467865,0.7217101192474366,0.712213933467865,0.712213933467865,125300,0.0,0.0
1994-12-28 00:00:00-05:00,0.7122139923456239,0.7786872982978821,0.6932216192164072,0.7786872982978821,463600,0.0,0.0
1994-12-29 00:00:00-05:00,0.7786868153474269,0.7786868153474269,0.7407020926475524,0.7407020926475525,129300,0.0,0.0
1994-12-30 00:00:00-05:00,0.7407024835611319,0.7501986692478131,0.7122139265010884,0.7312062978744507,174200,0.0,0.0
1995-01-03 00:00:00-05:00,0.731206305027008,0.731206305027008,0.712213933467865,0.712213933467865,48400,0.0,0.0
1995-01-04 00:00:00-05:00,0.7122138464773023,0.7122138464773023,0.6932214772379076,0.702717661857605,65700,0.0,0.0
1995-01-05 00:00:00-05:00,0.7027177476882934,0.712213933467865,0.6932215619087219,0.712213933467865,90900,0.0,0.0
1995-01-06 00:00:00-05:00,0.712213933467865,0.712213933467865,0.7027177476882934,0.712213933467865,58300,0.0,0.0
1995-01-09 00:00:00-05:00,0.712213933467865,0.7217101192474366,0.712213933467865,0.712213933467865,125100,0.0,0.0
1995-01-10 00:00:00-05:00,0.7122135506226466,0.7407020926475524,0.7122135506226466,0.7407020926475525,95700,0.0,0.0
1995-01-11 00:00:00-05:00,0.7407024835611319,0.7407024835611319,0.7217101121877695,0.7312062978744507,83700,0.0,0.0
1995-01-12 00:00:00-05:00,0.7312066335427133,0.7312066335427133,0.7217104434967041,0.7217104434967041,92500,0.0,0.0
1995-01-13 00:00:00-05:00,0.7217104434967041,0.7312066335427133,0.7217104434967041,0.7217104434967041,82300,0.0,0.0
1995-01-16 00:00:00-05:00,0.7217104434967041,0.7312066335427133,0.7122142534506948,0.7217104434967041,66100,0.0,0.0
1995-01-17 00:00:00-05:00,0.7217101121877695,0.7312062978744507,0.7122139265010884,0.7312062978744507,95800,0.0,0.0
1995-01-18 00:00:00-05:00,0.7312059119725838,0.7407020926475524,0.7217097312976152,0.7407020926475525,67200,0.0,0.0
1995-01-19 00:00:00-05:00,0.7407024835611319,0.7407024835611319,0.7217101121877695,0.7312062978744507,102100,0.0,0.0
1995-01-20 00:00:00-05:00,0.7312066335427133,0.7312066335427133,0.7217104434967041,0.7217104434967041,77300,0.0,0.0
1995-01-23 00:00:00-05:00,0.7217104434967041,0.7217104434967041,0.7122142534506948,0.7217104434967041,68100,0.0,0.0
1995-01-24 00:00:00-05:00,0.7217104434967041,0.7217104434967041,0.7122142534506948,0.7217104434967041,38500,0.0,0.0
1995-01-25 00:00:00-05:00,0.7217104434967041,0.7312066335427133,0.7217104434967041,0.7217104434967041,26800,0.0,0.0
1995-01-26 00:00:00-05:00,0.7217104434967041,0.7312066335427133,0.7122142534506948,0.7217104434967041,58300,0.0,0.0
1995-01-27 00:00:00-05:00,0.7217104434967041,0.7312066335427133,0.7217104434967041,0.7217104434967041,32600,0.0,0.0
1995-01-30 00:00:00-05:00,0.7217101121877695,0.7312062978744507,0.7122139265010884,0.7312062978744507,63400,0.0,0.0
1995-01-31 00:00:00-05:00,0.7312062978744507,0.7312062978744507,0.7122139265010884,0.7312062978744507,63400,0.0,0.0
1995-02-01 00:00:00-05:00,0.7312059119725838,0.7407020926475524,0.7217097312976152,0.7407020926475525,114500,0.0,0.0
1995-02-02 00:00:00-05:00,0.7407028235887226,0.7407028235887226,0.7217104434967041,0.7217104434967041,135700,0.0,0.0
1995-02-03 00:00:00-05:00,0.7312061748927153,0.7501985430717468,0.7312061748927153,0.7501985430717468,84900,0.0,0.0
1995-02-06 00:00:00-05:00,0.7501982733225211,0.7596944539974897,0.7312059119725838,0.7407020926475525,118000,0.0,0.0
1995-02-07 00:00:00-05:00,0.7407023589822311,0.7501985430717468,0.7407023589822311,0.7501985430717468,136200,0.0,0.0
1995-02-08 00:00:00-05:00,0.7501985430717468,0.7501985430717468,0.7312061748927153,0.7501985430717468,75900,0.0,0.0
1995-02-09 00:00:00-05:00,0.7501985430717468,0.7501985430717468,0.7407023589822311,0.7501985430717468,84800,0.0,0.0
1995-02-10 00:00:00-05:00,0.7501985430717468,0.7596947271612626,0.7407023589822311,0.7501985430717468,58100,0.0,0.0
1995-02-13 00:00:00-05:00,0.7501986692478131,0.7501986692478131,0.7312062978744507,0.7312062978744507,82900,0.0,0.0
1995-02-14 00:00:00-05:00,0.7312062978744507,0.7407024835611319,0.7312062978744507,0.7312062978744507,109200,0.0,0.0
1995-02-15 00:00:00-05:00,0.7312062978744507,0.7407024835611319,0.7312062978744507,0.7312062978744507,128600,0.0,0.0
1995-02-16 00:00:00-05:00,0.7312059119725838,0.7407020926475524,0.7312059119725838,0.7407020926475525,119300,0.0,0.0
1995-02-17 00:00:00-05:00,0.7407024835611319,0.7501986692478131,0.7312062978744507,0.7312062978744507,67000,0.0,0.0
1995-02-21 00:00:00-05:00,0.7312062978744507,0.7407024835611319,0.7312062978744507,0.7312062978744507,83900,0.0,0.0
1995-02-22 00:00:00-05:00,0.7312062978744507,0.7407024835611319,0.7312062978744507,0.7312062978744507,76400,0.0,0.0
1995-02-23 00:00:00-05:00,0.7312059119725838,0.7407020926475524,0.7312059119725838,0.7407020926475525,124000,0.0,0.0
1995-02-24 00:00:00-05:00,0.7407020926475524,0.7407020926475524,0.7217097312976152,0.7407020926475525,170700,0.0,0.0
1995-02-27 00:00:00-05:00,0.7407020926475524,0.7501982733225211,0.7312059119725838,0.7407020926475525,69800,0.0,0.0
1995-02-28 00:00:00-05:00,0.7407020926475524,0.7501982733225211,0.7407020926475524,0.7407020926475525,162900,0.0,0.0
1995-03-01 00:00:00-05:00,0.7407020926475524,0.7501982733225211,0.7312059119725838,0.7407020926475525,62500,0.0,0.0
1995-03-02 00:00:00-05:00,0.7407020926475524,0.7407020926475524,0.7407020926475524,0.7407020926475525,58400,0.0,0.0
1995-03-03 00:00:00-05:00,0.7407024835611319,0.7501986692478131,0.7312062978744507,0.7312062978744507,53600,0.0,0.0
1995-03-06 00:00:00-05:00,0.7312059119725838,0.7501982733225211,0.7312059119725838,0.7407020926475525,105400,0.0,0.0
1995-03-07 00:00:00-05:00,0.7407024835611319,0.7501986692478131,0.7312062978744507,0.7312062978744507,114300,0.0,0.0
1995-03-08 00:00:00-05:00,0.7312059119725838,0.7501982733225211,0.7312059119725838,0.7407020926475525,45100,0.0,0.0
1995-03-09 00:00:00-05:00,0.7407024835611319,0.7407024835611319,0.7312062978744507,0.7312062978744507,70900,0.0,0.0
1995-03-10 00:00:00-05:00,0.7312062978744507,0.7407024835611319,0.7217101121877695,0.7312062978744507,43800,0.0,0.0
1995-03-13 00:00:00-05:00,0.7312066335427133,0.7407028235887226,0.7217104434967041,0.7217104434967041,64600,0.0,0.0
1995-03-14 00:00:00-05:00,0.7217097312976152,0.7407020926475524,0.7217097312976152,0.7407020926475525,78200,0.0,0.0
1995-03-15 00:00:00-05:00,0.7407024835611319,0.7407024835611319,0.7217101121877695,0.7312062978744507,40200,0.0,0.0
1995-03-16 00:00:00-05:00,0.7312059119725838,0.7407020926475524,0.7217097312976152,0.7407020926475525,111900,0.0,0.0
1995-03-17 00:00:00-05:00,0.7407024835611319,0.7407024835611319,0.7312062978744507,0.7312062978744507,61400,0.0,0.0
1995-03-20 00:00:00-05:00,0.7312059119725838,0.7407020926475524,0.7312059119725838,0.7407020926475525,42500,0.0,0.0
1995-03-21 00:00:00-05:00,0.7407024835611319,0.7407024835611319,0.7312062978744507,0.7312062978744507,89500,0.0,0.0
1995-03-22 00:00:00-05:00,0.7312062978744507,0.7407024835611319,0.7312062978744507,0.7312062978744507,126600,0.0,0.0
1995-03-23 00:00:00-05:00,0.7312066335427133,0.7407028235887226,0.7217104434967041,0.7217104434967041,102500,0.0,0.0
1995-03-24 00:00:00-05:00,0.7217104434967041,0.7407028235887226,0.7217104434967041,0.7217104434967041,94600,0.0,0.0
1995-03-27 00:00:00-05:00,0.7217104434967041,0.7407028235887226,0.7122142534506948,0.7217104434967041,55400,0.0,0.0
1995-03-28 00:00:00-05:00,0.7217101121877695,0.7407024835611319,0.7217101121877695,0.7312062978744507,53500,0.0,0.0
1995-03-29 00:00:00-05:00,0.7312062978744507,0.7407024835611319,0.7312062978744507,0.7312062978744507,60000,0.0,0.0
1995-03-30 00:00:00-05:00,0.7312059119725838,0.7407020926475524,0.7312059119725838,0.7407020926475525,67500,0.0,0.0
1995-03-31 00:00:00-05:00,0.7407020926475524,0.7407020926475524,0.7312059119725838,0.7407020926475525,89200,0.0,0.0
1995-04-03 00:00:00-04:00,0.7407028235887226,0.7407028235887226,0.7217104434967041,0.7217104434967041,106800,0.0,0.0
1995-04-04 00:00:00-04:00,0.7217101121877695,0.7407024835611319,0.7217101121877695,0.7312062978744507,81900,0.0,0.0
1995-04-05 00:00:00-04:00,0.7312059119725838,0.7407020926475524,0.7312059119725838,0.7407020926475525,50800,0.0,0.0
1995-04-06 00:00:00-04:00,0.7407020926475524,0.7501982733225211,0.7312059119725838,0.7407020926475525,141700,0.0,0.0
1995-04-07 00:00:00-04:00,0.7407023589822311,0.7501985430717468,0.7312061748927153,0.7501985430717468,66400,0.0,0.0
1995-04-10 00:00:00-04:00,0.7501982733225211,0.7501982733225211,0.7407020926475524,0.7407020926475525,52400,0.0,0.0
1995-04-11 00:00:00-04:00,0.7407024835611319,0.7501986692478131,0.7312062978744507,0.7312062978744507,82200,0.0,0.0
1995-04-12 00:00:00-04:00,0.7312062978744507,0.7407024835611319,0.7312062978744507,0.7312062978744507,72100,0.0,0.0
1995-04-13 00:00:00-04:00,0.7312066335427133,0.7407028235887226,0.7217104434967041,0.7217104434967041,112800,0.0,0.0
1995-04-17 00:00:00-04:00,0.7217101121877695,0.7312062978744507,0.7122139265010884,0.7312062978744507,152100,0.0,0.0
1995-04-18 00:00:00-04:00,0.7312062978744507,0.7312062978744507,0.7217101121877695,0.7312062978744507,85200,0.0,0.0
1995-04-19 00:00:00-04:00,0.7312059119725838,0.7407020926475524,0.7312059119725838,0.7407020926475525,129700,0.0,0.0
1995-04-20 00:00:00-04:00,0.7407028235887226,0.7407028235887226,0.7217104434967041,0.7217104434967041,57500,0.0,0.0
1995-04-21 00:00:00-04:00,0.7217097312976152,0.7407020926475524,0.7217097312976152,0.7407020926475525,94900,0.0,0.0
1995-04-24 00:00:00-04:00,0.7407020926475524,0.7407020926475524,0.7312059119725838,0.7407020926475525,85500,0.0,0.0
1995-04-25 00:00:00-04:00,0.7407020926475524,0.7501982733225211,0.7312059119725838,0.7407020926475525,59600,0.0,0.0
1995-04-26 00:00:00-04:00,0.7407023589822311,0.7501985430717468,0.7407023589822311,0.7501985430717468,87000,0.0,0.0
1995-04-27 00:00:00-04:00,0.7501985430717468,0.7501985430717468,0.7407023589822311,0.7501985430717468,56900,0.0,0.0
1995-04-28 00:00:00-04:00,0.7501982733225211,0.7501982733225211,0.7407020926475524,0.7407020926475525,107200,0.0,0.0
1995-05-01 00:00:00-04:00,0.7407020926475524,0.7501982733225211,0.7407020926475524,0.7407020926475525,49600,0.0,0.0
1995-05-02 00:00:00-04:00,0.7407020926475524,0.7501982733225211,0.7407020926475524,0.7407020926475525,99100,0.0,0.0
1995-05-03 00:00:00-04:00,0.7407020926475524,0.7501982733225211,0.7407020926475524,0.7407020926475525,85000,0.0,0.0
1995-05-04 00:00:00-04:00,0.7407023589822311,0.7501985430717468,0.7407023589822311,0.7501985430717468,58100,0.0,0.0
1995-05-05 00:00:00-04:00,0.7501989463229238,0.7786875139048071,0.7407027571289627,0.769191324710846,54600,0.0,0.0
1995-05-08 00:00:00-04:00,0.7691907875509147,0.7881831526756287,0.7596946049885578,0.7881831526756287,108200,0.0,0.0
1995-05-09 00:00:00-04:00,0.7881831526756287,0.7881831526756287,0.7691907875509147,0.7881831526756287,93800,0.0,0.0
1995-05-10 00:00:00-04:00,0.7881834848624905,0.7976796714270987,0.7691911117332738,0.7786872982978821,58200,0.0,0.0
1995-05-11 00:00:00-04:00,0.7786872982978821,0.7881834848624905,0.7691911117332738,0.7786872982978821,90000,0.0,0.0
1995-05-12 00:00:00-04:00,0.7786872461438179,0.788183432072401,0.7596948742866516,0.7596948742866516,65300,0.0,0.0
1995-05-15 00:00:00-04:00,0.7596948742866516,0.7691910602152348,0.7596948742866516,0.7596948742866516,77800,0.0,0.0
1995-05-16 00:00:00-04:00,0.7596951355168848,0.769191324710846,0.7596951355168848,0.769191324710846,88100,0.0,0.0
1995-05-17 00:00:00-04:00,0.769191324710846,0.769191324710846,0.7596951355168848,0.769191324710846,102900,0.0,0.0
1995-05-18 00:00:00-04:00,0.7691909112507784,0.7691909112507784,0.7501985430717468,0.7501985430717468,54900,0.0,0.0
1995-05-19 00:00:00-04:00,0.7501985430717468,0.7596947271612626,0.7501985430717468,0.7501985430717468,108700,0.0,0.0
1995-05-22 00:00:00-04:00,0.7501986883580685,0.7691910602152348,0.7501986883580685,0.7596948742866516,77100,0.0,0.0
1995-05-23 00:00:00-04:00,0.7596948742866516,0.7691910602152348,0.7596948742866516,0.7596948742866516,155400,0.0,0.0
1995-05-24 00:00:00-04:00,0.7596949251686655,0.7786872982978821,0.7596949251686655,0.7786872982978821,183600,0.0,0.0
1995-05-25 00:00:00-04:00,0.7786869701132717,0.7881831526756287,0.7691907875509147,0.7881831526756287,61400,0.0,0.0
1995-05-26 00:00:00-04:00,0.7881831526756287,0.7881831526756287,0.7786869701132717,0.7881831526756287,75600,0.0,0.0
1995-05-30 00:00:00-04:00,0.7881831526756287,0.7976793352379856,0.7786869701132717,0.7881831526756287,67700,0.0,0.0
1995-05-31 00:00:00-04:00,0.7881834848624905,0.7976796714270987,0.7786872982978821,0.7786872982978821,115300,0.0,0.0
1995-06-01 00:00:00-04:00,0.7786872982978821,0.7881834848624905,0.7786872982978821,0.7786872982978821,84200,0.0,0.0
1995-06-02 00:00:00-04:00,0.7786872982978821,0.7881834848624905,0.7786872982978821,0.7786872982978821,111500,0.0,0.0
1995-06-05 00:00:00-04:00,0.7786869701132717,0.7976793352379856,0.7786869701132717,0.7881831526756287,100800,0.0,0.0
1995-06-06 00:00:00-04:00,0.7881830639782407,0.8071754269656681,0.7786868824845269,0.7976792454719543,99200,0.0,0.0
1995-06-07 00:00:00-04:00,0.7976796714270987,0.8071758579917071,0.7786872982978821,0.7786872982978821,41100,0.0,0.0
1995-06-08 00:00:00-04:00,0.7786875139048071,0.7881837030987681,0.769191324710846,0.769191324710846,46600,0.0,0.0
1995-06-09 00:00:00-04:00,0.769191324710846,0.7786875139048071,0.769191324710846,0.769191324710846,53600,0.0,0.0
1995-06-12 00:00:00-04:00,0.769191324710846,0.7786875139048071,0.7596951355168848,0.769191324710846,52800,0.0,0.0
1995-06-13 00:00:00-04:00,0.769191324710846,0.7976798922927292,0.769191324710846,0.769191324710846,54100,0.0,0.0
1995-06-14 00:00:00-04:00,0.769191324710846,0.7786875139048071,0.7596951355168848,0.769191324710846,53300,0.0,0.0
1995-06-15 00:00:00-04:00,0.7691911117332738,0.7786872982978821,0.7596949251686655,0.7786872982978821,49800,0.0,0.0
1995-06-16 00:00:00-04:00,0.7786872982978821,0.8166720445563154,0.7691911117332738,0.7786872982978821,75800,0.0,0.0
1995-06-19 00:00:00-04:00,0.7786872982978821,0.7881834848624905,0.7691911117332738,0.7786872982978821,67900,0.0,0.0
1995-06-20 00:00:00-04:00,0.7786872982978821,0.7881834848624905,0.7691911117332738,0.7786872982978821,68200,0.0,0.0
1995-06-21 00:00:00-04:00,0.7786872982978821,0.7786872982978821,0.7691911117332738,0.7786872982978821,51800,0.0,0.0
1995-06-22 00:00:00-04:00,0.7786872982978821,0.7881834848624905,0.7691911117332738,0.7786872982978821,110900,0.0,0.0
1995-06-23 00:00:00-04:00,0.7786872982978821,0.7881834848624905,0.7691911117332738,0.7786872982978821,55000,0.0,0.0
1995-06-26 00:00:00-04:00,0.7786872982978821,0.7881834848624905,0.7691911117332738,0.7786872982978821,59500,0.0,0.0
1995-06-27 00:00:00-04:00,0.7786872982978821,0.7786872982978821,0.7691911117332738,0.7786872982978821,118500,0.0,0.0
1995-06-28 00:00:00-04:00,0.7786875139048071,0.7786875139048071,0.769191324710846,0.769191324710846,209300,0.0,0.0
1995-06-29 00:00:00-04:00,0.7691911117332738,0.7786872982978821,0.7691911117332738,0.7786872982978821,59800,0.0,0.0
1995-06-30 00:00:00-04:00,0.7786875139048071,0.7786875139048071,0.769191324710846,0.769191324710846,46900,0.0,0.0
1995-07-03 00:00:00-04:00,0.769191324710846,0.7786875139048071,0.769191324710846,0.769191324710846,4600,0.0,0.0
1995-07-05 00:00:00-04:00,0.7691911117332738,0.7786872982978821,0.7691911117332738,0.7786872982978821,45000,0.0,0.0
1995-07-06 00:00:00-04:00,0.7786875139048071,0.7786875139048071,0.769191324710846,0.769191324710846,70100,0.0,0.0
1995-07-07 00:00:00-04:00,0.769191324710846,0.7786875139048071,0.769191324710846,0.769191324710846,75700,0.0,0.0
1995-07-10 00:00:00-04:00,0.769191324710846,0.7786875139048071,0.769191324710846,0.769191324710846,116300,0.0,0.0
1995-07-11 00:00:00-04:00,0.7691907875509147,0.7881831526756287,0.7691907875509147,0.7881831526756287,189000,0.0,0.0
1995-07-12 00:00:00-04:00,0.7881830639782407,0.7976792454719543,0.7691907009908132,0.7976792454719543,81900,0.0,0.0
1995-07-13 00:00:00-04:00,0.7976793352379856,0.7976793352379856,0.7881831526756287,0.7881831526756287,114700,0.0,0.0
1995-07-14 00:00:00-04:00,0.7881831526756287,0.7976793352379856,0.7881831526756287,0.7881831526756287,82300,0.0,0.0
1995-07-17 00:00:00-04:00,0.7881837030987681,0.7881837030987681,0.769191324710846,0.769191324710846,186800,0.0,0.0
1995-07-18 00:00:00-04:00,0.769191324710846,0.7786875139048071,0.769191324710846,0.769191324710846,87300,0.0,0.0
1995-07-19 00:00:00-04:00,0.769191324710846,0.7786875139048071,0.7501989463229238,0.769191324710846,114700,0.0,0.0
1995-07-20 00:00:00-04:00,0.769191324710846,0.7786875139048071,0.7596951355168848,0.769191324710846,82500,0.0,0.0
1995-07-21 00:00:00-04:00,0.7691910602152348,0.7786872461438179,0.7596948742866516,0.7596948742866516,144200,0.0,0.0
1995-07-24 00:00:00-04:00,0.769191324710846,0.7786875139048071,0.769191324710846,0.769191324710846,38000,0.0,0.0
1995-07-25 00:00:00-04:00,0.7691911117332738,0.7786872982978821,0.7691911117332738,0.7786872982978821,110100,0.0,0.0
1995-07-26 00:00:00-04:00,0.7786872982978821,0.7786872982978821,0.7691911117332738,0.7786872982978821,85500,0.0,0.0
1995-07-27 00:00:00-04:00,0.7786872982978821,0.7786872982978821,0.7691911117332738,0.7786872982978821,208600,0.0,0.0
1995-07-28 00:00:00-04:00,0.7786875139048071,0.7786875139048071,0.769191324710846,0.769191324710846,70900,0.0,0.0
1995-07-31 00:00:00-04:00,0.769191324710846,0.7786875139048071,0.769191324710846,0.769191324710846,86100,0.0,0.0
1995-08-01 00:00:00-04:00,0.7691910602152348,0.7786872461438179,0.7596948742866516,0.7596948742866516,90500,0.0,0.0
1995-08-02 00:00:00-04:00,0.7596949251686655,0.7786872982978821,0.7596949251686655,0.7786872982978821,59400,0.0,0.0
1995-08-03 00:00:00-04:00,0.7786875139048071,0.7786875139048071,0.769191324710846,0.769191324710846,41500,0.0,0.0
1995-08-04 00:00:00-04:00,0.7691910602152348,0.7786872461438179,0.7596948742866516,0.7596948742866516,58600,0.0,0.0
1995-08-07 00:00:00-04:00,0.7596951355168848,0.769191324710846,0.7596951355168848,0.769191324710846,74600,0.0,0.0
1995-08-08 00:00:00-04:00,0.7691910602152348,0.7786872461438179,0.7596948742866516,0.7596948742866516,80300,0.0,0.0
1995-08-09 00:00:00-04:00,0.7596951355168848,0.769191324710846,0.7596951355168848,0.769191324710846,67800,0.0,0.0
1995-08-10 00:00:00-04:00,0.769191324710846,0.769191324710846,0.7501989463229238,0.769191324710846,59500,0.0,0.0
1995-08-11 00:00:00-04:00,0.769191324710846,0.769191324710846,0.7596951355168848,0.769191324710846,60300,0.0,0.0
1995-08-14 00:00:00-04:00,0.7691910602152348,0.7691910602152348,0.7596948742866516,0.7596948742866516,63900,0.0,0.0
1995-08-15 00:00:00-04:00,0.7596948742866516,0.7691910602152348,0.7596948742866516,0.7596948742866516,90500,0.0,0.0
1995-08-16 00:00:00-04:00,0.7596948742866516,0.7691910602152348,0.7596948742866516,0.7596948742866516,84300,0.0,0.0
1995-08-17 00:00:00-04:00,0.7596948742866516,0.7691910602152348,0.7501986883580685,0.7596948742866516,55700,0.0,0.0
1995-08-18 00:00:00-04:00,0.7596948742866516,0.7596948742866516,0.7501986883580685,0.7596948742866516,86100,0.0,0.0
1995-08-21 00:00:00-04:00,0.7501989463229238,0.769191324710846,0.7501989463229238,0.769191324710846,86400,0.0,0.0
1995-08-22 00:00:00-04:00,0.7596947271612626,0.7691909112507784,0.7501985430717468,0.7501985430717468,92200,0.0,0.0
1995-08-23 00:00:00-04:00,0.7596948742866516,0.7691910602152348,0.7501986883580685,0.7596948742866516,86900,0.0,0.0
1995-08-24 00:00:00-04:00,0.7596948742866516,0.7691910602152348,0.7596948742866516,0.7596948742866516,37000,0.0,0.0
1995-08-25 00:00:00-04:00,0.7691910133598754,0.7691910133598754,0.7549467353346925,0.7644429206848145,201700,0.0,0.0
1995-08-28 00:00:00-04:00,0.7691910602152348,0.7691910602152348,0.7596948742866516,0.7596948742866516,26900,0.0,0.0
1995-08-29 00:00:00-04:00,0.7596948742866516,0.7691910602152348,0.7596948742866516,0.7596948742866516,39400,0.0,0.0
1995-08-30 00:00:00-04:00,0.7596948742866516,0.7691910602152348,0.7596948742866516,0.7596948742866516,116600,0.0,0.0
1995-08-31 00:00:00-04:00,0.7596948742866516,0.7691910602152348,0.7501986883580685,0.7596948742866516,29700,0.0,0.0
1995-09-01 00:00:00-04:00,0.7596951355168848,0.769191324710846,0.7501989463229238,0.769191324710846,66600,0.0,0.0
1995-09-05 00:00:00-04:00,0.769191324710846,0.769191324710846,0.7596951355168848,0.769191324710846,52100,0.0,0.0
1995-09-06 00:00:00-04:00,0.7596948742866516,0.7691910602152348,0.7596948742866516,0.7596948742866516,67500,0.0,0.0
1995-09-07 00:00:00-04:00,0.7596948742866516,0.7691910602152348,0.7501986883580685,0.7596948742866516,81400,0.0,0.0
1995-09-08 00:00:00-04:00,0.7596948742866516,0.7691910602152348,0.7501986883580685,0.7596948742866516,63900,0.0,0.0
1995-09-11 00:00:00-04:00,0.7691910133598754,0.7691910133598754,0.7596948280097535,0.7644429206848145,44700,0.0,0.0
1995-09-12 00:00:00-04:00,0.7596948742866516,0.7691910602152348,0.7596948742866516,0.7596948742866516,55800,0.0,0.0
1995-09-13 00:00:00-04:00,0.7653579115867615,0.774924885481596,0.7605744246393442,0.7653579115867615,145500,0.074,0.0
1995-09-14 00:00:00-04:00,0.7653584661363046,0.7653584661363046,0.7557914853096009,0.7557914853096008,107100,0.0,0.0
1995-09-15 00:00:00-04:00,0.755790937691927,0.7653579115867615,0.755790937691927,0.7653579115867615,85800,0.0,0.0
1995-09-18 00:00:00-04:00,0.755790937691927,0.7653579115867615,0.755790937691927,0.7653579115867615,61300,0.0,0.0
1995-09-19 00:00:00-04:00,0.755791150548923,0.7653581271381499,0.755791150548923,0.7605746388435364,135400,0.0,0.0
1995-09-20 00:00:00-04:00,0.755791150548923,0.7653581271381499,0.755791150548923,0.7605746388435364,141200,0.0,0.0
1995-09-21 00:00:00-04:00,0.755790937691927,0.7653579115867615,0.755790937691927,0.7653579115867615,85100,0.0,0.0
1995-09-22 00:00:00-04:00,0.7653584661363046,0.7653584661363046,0.7557914853096009,0.7557914853096008,97800,0.0,0.0
1995-09-25 00:00:00-04:00,0.7653584661363046,0.7653584661363046,0.7557914853096009,0.7557914853096008,80200,0.0,0.0
1995-09-26 00:00:00-04:00,0.7653579115867615,0.7653579115867615,0.755790937691927,0.7653579115867615,90300,0.0,0.0
1995-09-27 00:00:00-04:00,0.755790937691927,0.7653579115867615,0.755790937691927,0.7653579115867615,191800,0.0,0.0
1995-09-28 00:00:00-04:00,0.7557914853096009,0.7653584661363046,0.7557914853096009,0.7557914853096008,122700,0.0,0.0
1995-09-29 00:00:00-04:00,0.7653579115867615,0.7653579115867615,0.755790937691927,0.7653579115867615,116300,0.0,0.0
1995-10-02 00:00:00-04:00,0.7653584661363046,0.7653584661363046,0.7557914853096009,0.7557914853096008,50000,0.0,0.0
1995-10-03 00:00:00-04:00,0.755791150548923,0.7653581271381499,0.755791150548923,0.7605746388435364,69500,0.0,0.0
1995-10-04 00:00:00-04:00,0.7605744246393442,0.7653579115867615,0.755790937691927,0.7653579115867615,85900,0.0,0.0
1995-10-05 00:00:00-04:00,0.755790937691927,0.7653579115867615,0.755790937691927,0.7653579115867615,72600,0.0,0.0
1995-10-06 00:00:00-04:00,0.7653579115867615,0.774924885481596,0.7653579115867615,0.7653579115867615,56800,0.0,0.0
1995-10-09 00:00:00-04:00,0.7653579115867615,0.774924885481596,0.7605744246393442,0.7653579115867615,48600,0.0,0.0
1995-10-10 00:00:00-04:00,0.7710644565051116,0.7710644565051116,0.7614261507987976,0.7614261507987976,51200,0.074,0.0
1995-10-11 00:00:00-04:00,0.7614261507987976,0.7710644565051116,0.7614261507987976,0.7614261507987976,67900,0.0,0.0
1995-10-12 00:00:00-04:00,0.7614260978580262,0.7807027079303813,0.7614260978580262,0.7758835554122925,68800,0.0,0.0
1995-10-13 00:00:00-04:00,0.7710638642311096,0.7807021625339985,0.7710638642311096,0.7710638642311096,48600,0.0,0.0
1995-10-16 00:00:00-04:00,0.7710644565051116,0.7710644565051116,0.7614261507987976,0.7614261507987976,42300,0.0,0.0
1995-10-17 00:00:00-04:00,0.7710644565051116,0.7710644565051116,0.7614261507987976,0.7614261507987976,94300,0.0,0.0
1995-10-18 00:00:00-04:00,0.7710644565051116,0.7710644565051116,0.7614261507987976,0.7614261507987976,90900,0.0,0.0
1995-10-19 00:00:00-04:00,0.7614261507987976,0.7710644565051116,0.7614261507987976,0.7614261507987976,91300,0.0,0.0
1995-10-20 00:00:00-04:00,0.7614255659282207,0.7807021625339985,0.7614255659282207,0.7710638642311096,171700,0.0,0.0
1995-10-23 00:00:00-04:00,0.7710644639568565,0.7807027697563171,0.7710644639568565,0.7807027697563171,79100,0.0,0.0
1995-10-24 00:00:00-04:00,0.7807027697563171,0.7807027697563171,0.7710644639568565,0.7807027697563171,79100,0.0,0.0
1995-10-25 00:00:00-04:00,0.7903410755557778,0.7903410755557778,0.7710644639568565,0.7807027697563171,73500,0.0,0.0
1995-10-26 00:00:00-04:00,0.7807021846131581,0.7903404831886292,0.771063886037687,0.7903404831886292,69900,0.0,0.0
1995-10-27 00:00:00-04:00,0.7903410755557778,0.7903410755557778,0.7807027697563171,0.7807027697563171,146500,0.0,0.0
1995-10-30 00:00:00-05:00,0.7903410755557778,0.7903410755557778,0.7807027697563171,0.7807027697563171,43200,0.0,0.0
1995-10-31 00:00:00-05:00,0.7807027697563171,0.7903410755557778,0.7807027697563171,0.7807027697563171,81900,0.0,0.0
1995-11-01 00:00:00-05:00,0.7903404608368874,0.7903404608368874,0.7710638642311096,0.7710638642311096,66700,0.0,0.0
1995-11-02 00:00:00-05:00,0.7807028308236527,0.7855219841003418,0.7710645242702742,0.7855219841003418,73800,0.0,0.0
1995-11-03 00:00:00-05:00,0.7807027697563171,0.7903410755557778,0.7807027697563171,0.7807027697563171,41400,0.0,0.0
1995-11-06 00:00:00-05:00,0.7807021846131581,0.7903404831886292,0.7807021846131581,0.7903404831886292,61000,0.0,0.0
1995-11-07 00:00:00-05:00,0.7903410755557778,0.7903410755557778,0.7807027697563171,0.7807027697563171,62900,0.0,0.0
1995-11-08 00:00:00-05:00,0.7807027697563171,0.7903410755557778,0.7807027697563171,0.7807027697563171,59300,0.0,0.0
1995-11-09 00:00:00-05:00,0.7807027697563171,0.7903410755557778,0.7758836168565868,0.7807027697563171,78900,0.0,0.0
1995-11-10 00:00:00-05:00,0.7864504456520081,0.7961597104131439,0.7864504456520081,0.7864504456520081,43100,0.074,0.0
1995-11-13 00:00:00-05:00,0.7864504717290401,0.7961597368121147,0.7767412066459656,0.7767412066459656,102600,0.0,0.0
1995-11-14 00:00:00-05:00,0.7864504717290401,0.7961597368121147,0.7767412066459656,0.7767412066459656,85600,0.0,0.0
1995-11-15 00:00:00-05:00,0.7864504456520081,0.7961597104131439,0.7864504456520081,0.7864504456520081,87400,0.0,0.0
1995-11-16 00:00:00-05:00,0.7864504456520081,0.7961597104131439,0.7864504456520081,0.7864504456520081,68000,0.0,0.0
1995-11-17 00:00:00-05:00,0.7864504456520081,0.7864504456520081,0.7864504456520081,0.7864504456520081,88700,0.0,0.0
1995-11-20 00:00:00-05:00,0.7864504202110011,0.7961596846580505,0.7864504202110011,0.7961596846580505,67100,0.0,0.0
1995-11-21 00:00:00-05:00,0.7864504202110011,0.7961596846580505,0.7864504202110011,0.7961596846580505,69400,0.0,0.0
1995-11-22 00:00:00-05:00,0.7864504456520081,0.7961597104131439,0.7864504456520081,0.7864504456520081,79800,0.0,0.0
1995-11-24 00:00:00-05:00,0.7961596846580505,0.7961596846580505,0.7864504202110011,0.7961596846580505,110200,0.0,0.0
1995-11-27 00:00:00-05:00,0.7864504456520081,0.7961597104131439,0.7864504456520081,0.7864504456520081,77600,0.0,0.0
1995-11-28 00:00:00-05:00,0.7864504456520081,0.7961597104131439,0.7864504456520081,0.7864504456520081,135600,0.0,0.0
1995-11-29 00:00:00-05:00,0.7961597104131439,0.7961597104131439,0.7864504456520081,0.7864504456520081,204100,0.0,0.0
1995-11-30 00:00:00-05:00,0.7864504717290401,0.7864504717290401,0.7767412066459656,0.7767412066459656,166100,0.0,0.0
1995-12-01 00:00:00-05:00,0.7767411808908721,0.7961597104131439,0.7767411808908721,0.7864504456520081,97800,0.0,0.0
1995-12-04 00:00:00-05:00,0.7864504456520081,0.7961597104131439,0.7864504456520081,0.7864504456520081,109300,0.0,0.0
1995-12-05 00:00:00-05:00,0.7961596846580505,0.7961596846580505,0.7864504202110011,0.7961596846580505,147900,0.0,0.0
1995-12-06 00:00:00-05:00,0.7961596846580505,0.7961596846580505,0.7864504202110011,0.7961596846580505,145100,0.0,0.0
1995-12-07 00:00:00-05:00,0.7864504456520081,0.7961597104131439,0.7864504456520081,0.7864504456520081,118400,0.0,0.0
1995-12-08 00:00:00-05:00,0.7824595769246419,0.7922403216362,0.7824595769246419,0.7922403216362,186000,0.074,0.0
1995-12-11 00:00:00-05:00,0.7922399394214154,0.7922399394214154,0.7824591994285583,0.7824591994285583,131700,0.0,0.0
1995-12-12 00:00:00-05:00,0.7824591994285583,0.7922399394214154,0.7824591994285583,0.7824591994285583,142900,0.0,0.0
1995-12-13 00:00:00-05:00,0.7824595769246419,0.7922403216362,0.7824595769246419,0.7922403216362,120100,0.0,0.0
1995-12-14 00:00:00-05:00,0.792240525348277,0.792240525348277,0.7726790308952333,0.7726790308952332,122500,0.0,0.0
1995-12-15 00:00:00-05:00,0.7824597781217552,0.7824597781217552,0.7726790308952333,0.7726790308952332,276200,0.0,0.0
1995-12-18 00:00:00-05:00,0.7726784594357013,0.7824591994285583,0.7726784594357013,0.7824591994285583,143900,0.0,0.0
1995-12-19 00:00:00-05:00,0.7726784594357013,0.7824591994285583,0.7726784594357013,0.7824591994285583,141700,0.0,0.0
1995-12-20 00:00:00-05:00,0.7726784594357013,0.7824591994285583,0.7726784594357013,0.7824591994285583,162000,0.0,0.0
1995-12-21 00:00:00-05:00,0.7824597781217552,0.7824597781217552,0.7726790308952333,0.7726790308952332,116800,0.0,0.0
1995-12-22 00:00:00-05:00,0.7726790308952333,0.7824597781217552,0.7726790308952333,0.7726790308952332,103300,0.0,0.0
1995-12-26 00:00:00-05:00,0.7726788618279703,0.7824596069144003,0.7726788618279703,0.7775692343711853,127700,0.0,0.0
1995-12-27 00:00:00-05:00,0.7824591994285583,0.7922399394214154,0.7726784594357013,0.7824591994285583,287200,0.0,0.0
1995-12-28 00:00:00-05:00,0.7824591994285583,0.7922399394214154,0.7726784594357013,0.7824591994285583,86700,0.0,0.0
1995-12-29 00:00:00-05:00,0.7824591994285583,0.7922399394214154,0.7726784594357013,0.7824591994285583,77200,0.0,0.0
1996-01-02 00:00:00-05:00,0.7824595769246419,0.7922403216362,0.7824595769246419,0.7922403216362,102700,0.0,0.0
1996-01-03 00:00:00-05:00,0.7922403216362,0.7922403216362,0.7824595769246419,0.7922403216362,106100,0.0,0.0
1996-01-04 00:00:00-05:00,0.7922403216362,0.7922403216362,0.7824595769246419,0.7922403216362,75700,0.0,0.0
1996-01-05 00:00:00-05:00,0.7922405767731551,0.802021324634552,0.7922405767731551,0.802021324634552,86200,0.0,0.0
1996-01-08 00:00:00-05:00,0.7922405767731551,0.802021324634552,0.7922405767731551,0.802021324634552,45200,0.0,0.0
1996-01-09 00:00:00-05:00,0.798001766204834,0.8078536398616838,0.798001766204834,0.798001766204834,83800,0.074,0.0
1996-01-10 00:00:00-05:00,0.8078538179397582,0.8078538179397582,0.7980019421112245,0.8078538179397583,60200,0.0,0.0
1996-01-11 00:00:00-05:00,0.8078536398616838,0.8078536398616838,0.798001766204834,0.798001766204834,76200,0.0,0.0
1996-01-12 00:00:00-05:00,0.798001766204834,0.8078536398616838,0.798001766204834,0.798001766204834,47200,0.0,0.0
1996-01-15 00:00:00-05:00,0.8078536398616838,0.8078536398616838,0.798001766204834,0.798001766204834,54600,0.0,0.0
1996-01-16 00:00:00-05:00,0.798001766204834,0.8078536398616838,0.798001766204834,0.798001766204834,55600,0.0,0.0
1996-01-17 00:00:00-05:00,0.7980019421112245,0.8078538179397582,0.7980019421112245,0.8078538179397583,133600,0.0,0.0
1996-01-18 00:00:00-05:00,0.798001766204834,0.8078536398616838,0.798001766204834,0.798001766204834,104600,0.0,0.0
1996-01-19 00:00:00-05:00,0.798001766204834,0.8078536398616838,0.798001766204834,0.798001766204834,91200,0.0,0.0
1996-01-22 00:00:00-05:00,0.7980019421112245,0.8078538179397582,0.7980019421112245,0.8078538179397583,55000,0.0,0.0
1996-01-23 00:00:00-05:00,0.7980019421112245,0.8078538179397582,0.7980019421112245,0.8078538179397583,197600,0.0,0.0
1996-01-24 00:00:00-05:00,0.798001766204834,0.8078536398616838,0.798001766204834,0.798001766204834,88700,0.0,0.0
1996-01-25 00:00:00-05:00,0.798001766204834,0.8078536398616838,0.798001766204834,0.798001766204834,114700,0.0,0.0
1996-01-26 00:00:00-05:00,0.8078536398616838,0.8078536398616838,0.798001766204834,0.798001766204834,201300,0.0,0.0
1996-01-29 00:00:00-05:00,0.8078538179397582,0.8078538179397582,0.7980019421112245,0.8078538179397583,123000,0.0,0.0
1996-01-30 00:00:00-05:00,0.7980019421112245,0.8078538179397582,0.7980019421112245,0.8078538179397583,146700,0.0,0.0
1996-01-31 00:00:00-05:00,0.8078538179397582,0.8177056937682918,0.7980019421112245,0.8078538179397583,109700,0.0,0.0
1996-02-01 00:00:00-05:00,0.8078538179397582,0.8177056937682918,0.7980019421112245,0.8078538179397583,59600,0.0,0.0
1996-02-02 00:00:00-05:00,0.8078536398616838,0.8078536398616838,0.798001766204834,0.798001766204834,59200,0.0,0.0
1996-02-05 00:00:00-05:00,0.7980019421112245,0.8078538179397582,0.7980019421112245,0.8078538179397583,64600,0.0,0.0
1996-02-06 00:00:00-05:00,0.8177056937682918,0.8177056937682918,0.7980019421112245,0.8078538179397583,114200,0.0,0.0
1996-02-07 00:00:00-05:00,0.798001766204834,0.8078536398616838,0.798001766204834,0.798001766204834,120000,0.0,0.0
1996-02-08 00:00:00-05:00,0.8078538179397582,0.8078538179397582,0.7980019421112245,0.8078538179397583,89300,0.0,0.0
1996-02-09 00:00:00-05:00,0.798001766204834,0.8078536398616838,0.798001766204834,0.798001766204834,55400,0.0,0.0
1996-02-12 00:00:00-05:00,0.8038769960403442,0.813801403398867,0.8038769960403442,0.8038769960403442,65100,0.074,0.0
1996-02-13 00:00:00-05:00,0.8038772359126952,0.813801646232605,0.8038772359126952,0.813801646232605,62900,0.0,0.0
1996-02-14 00:00:00-05:00,0.8038769960403442,0.813801403398867,0.8038769960403442,0.8038769960403442,82900,0.0,0.0
1996-02-15 00:00:00-05:00,0.8038769960403442,0.813801403398867,0.8038769960403442,0.8038769960403442,136200,0.0,0.0
1996-02-16 00:00:00-05:00,0.8038769960403442,0.813801403398867,0.8038769960403442,0.8038769960403442,173300,0.0,0.0
1996-02-20 00:00:00-05:00,0.8038772359126952,0.813801646232605,0.8038772359126952,0.813801646232605,105500,0.0,0.0
1996-02-21 00:00:00-05:00,0.8038772359126952,0.813801646232605,0.8038772359126952,0.813801646232605,54800,0.0,0.0
1996-02-22 00:00:00-05:00,0.8038772359126952,0.813801646232605,0.8038772359126952,0.813801646232605,90000,0.0,0.0
1996-02-23 00:00:00-05:00,0.8038769960403442,0.813801403398867,0.8038769960403442,0.8038769960403442,34900,0.0,0.0
1996-02-26 00:00:00-05:00,0.8038769960403442,0.8237258107573898,0.8038769960403442,0.8038769960403442,61000,0.0,0.0
1996-02-27 00:00:00-05:00,0.813801403398867,0.813801403398867,0.8038769960403442,0.8038769960403442,107100,0.0,0.0
1996-02-28 00:00:00-05:00,0.8038772359126952,0.813801646232605,0.8038772359126952,0.813801646232605,164900,0.0,0.0
1996-02-29 00:00:00-05:00,0.813801403398867,0.813801403398867,0.8038769960403442,0.8038769960403442,73800,0.0,0.0
1996-03-01 00:00:00-05:00,0.813801646232605,0.813801646232605,0.8038772359126952,0.813801646232605,66900,0.0,0.0
1996-03-04 00:00:00-05:00,0.8038772359126952,0.813801646232605,0.8038772359126952,0.813801646232605,66900,0.0,0.0
1996-03-05 00:00:00-05:00,0.813801646232605,0.813801646232605,0.8038772359126952,0.813801646232605,58800,0.0,0.0
1996-03-06 00:00:00-05:00,0.8038769960403442,0.813801403398867,0.8038769960403442,0.8038769960403442,79800,0.0,0.0
1996-03-07 00:00:00-05:00,0.8038769960403442,0.8038769960403442,0.7939525886818215,0.8038769960403442,64900,0.0,0.0
1996-03-08 00:00:00-05:00,0.7939520860329652,0.7939520860329652,0.7741032838821411,0.7741032838821411,161700,0.0,0.0
1996-03-11 00:00:00-05:00,0.770024001598358,0.7800243133074277,0.770024001598358,0.7700240015983582,126500,0.074,0.0
1996-03-12 00:00:00-05:00,0.7700233902686682,0.7800236940383911,0.7700233902686682,0.7800236940383911,58200,0.0,0.0
1996-03-13 00:00:00-05:00,0.7700233902686682,0.7800236940383911,0.7700233902686682,0.7800236940383911,71300,0.0,0.0
1996-03-14 00:00:00-05:00,0.770024001598358,0.7800243133074277,0.770024001598358,0.7700240015983582,83500,0.0,0.0
1996-03-15 00:00:00-05:00,0.7700235459112351,0.7800238517022902,0.7700235459112351,0.7750236988067627,72300,0.0,0.0
1996-03-18 00:00:00-05:00,0.770024001598358,0.7800243133074277,0.770024001598358,0.7700240015983582,70000,0.0,0.0
1996-03-19 00:00:00-05:00,0.770024001598358,0.7800243133074277,0.770024001598358,0.7700240015983582,56300,0.0,0.0
1996-03-20 00:00:00-05:00,0.7800243133074277,0.7800243133074277,0.770024001598358,0.7700240015983582,85700,0.0,0.0
1996-03-21 00:00:00-05:00,0.7800236940383911,0.7800236940383911,0.7700233902686682,0.7800236940383911,67300,0.0,0.0
1996-03-22 00:00:00-05:00,0.7700233902686682,0.7800236940383911,0.7700233902686682,0.7800236940383911,76500,0.0,0.0
1996-03-25 00:00:00-05:00,0.7800236940383911,0.790023997808114,0.7700233902686682,0.7800236940383911,163600,0.0,0.0
1996-03-26 00:00:00-05:00,0.7800238937329336,0.7900242000628429,0.7800238937329336,0.7850240468978882,126000,0.0,0.0
1996-03-27 00:00:00-05:00,0.790024161338806,0.790024161338806,0.7800238554990744,0.7900241613388062,162000,0.0,0.0
1996-03-28 00:00:00-05:00,0.790023997808114,0.790023997808114,0.7800236940383911,0.7800236940383911,40400,0.0,0.0
1996-03-29 00:00:00-05:00,0.7800238937329336,0.7900242000628429,0.7800238937329336,0.7850240468978882,43600,0.0,0.0
1996-04-01 00:00:00-05:00,0.7900242000628429,0.7900242000628429,0.7800238937329336,0.7850240468978882,60200,0.0,0.0
1996-04-02 00:00:00-05:00,0.7800236940383911,0.790023997808114,0.7800236940383911,0.7800236940383911,47100,0.0,0.0
1996-04-03 00:00:00-05:00,0.7800238937329336,0.7900242000628429,0.7800238937329336,0.7850240468978882,79000,0.0,0.0
1996-04-04 00:00:00-05:00,0.790023997808114,0.790023997808114,0.7800236940383911,0.7800236940383911,65200,0.0,0.0
1996-04-08 00:00:00-04:00,0.770024001598358,0.770024001598358,0.7600236898892885,0.7700240015983582,91700,0.0,0.0
1996-04-09 00:00:00-04:00,0.7759901285171509,0.7860679223939969,0.7659123346403047,0.7759901285171509,82700,0.074,0.0
1996-04-10 00:00:00-04:00,0.7759895442347777,0.7759895442347777,0.7659117579460143,0.7659117579460144,115100,0.0,0.0
1996-04-11 00:00:00-04:00,0.7659117579460143,0.7759895442347777,0.7659117579460143,0.7659117579460144,48400,0.0,0.0
1996-04-12 00:00:00-04:00,0.7659123346403047,0.7759901285171509,0.7659123346403047,0.7759901285171509,65100,0.0,0.0
1996-04-15 00:00:00-04:00,0.7759898682824927,0.7759898682824927,0.7659120777853174,0.770950973033905,65000,0.0,0.0
1996-04-16 00:00:00-04:00,0.7759901285171509,0.7759901285171509,0.7659123346403047,0.7759901285171509,72900,0.0,0.0
1996-04-17 00:00:00-04:00,0.7759898682824927,0.7759898682824927,0.7659120777853174,0.770950973033905,176800,0.0,0.0
1996-04-18 00:00:00-04:00,0.7759895442347777,0.7759895442347777,0.7659117579460143,0.7659117579460144,69000,0.0,0.0
1996-04-19 00:00:00-04:00,0.7659117579460143,0.7759895442347777,0.7659117579460143,0.7659117579460144,79600,0.0,0.0
1996-04-22 00:00:00-04:00,0.7659117579460143,0.7759895442347777,0.7659117579460143,0.7659117579460144,94900,0.0,0.0
1996-04-23 00:00:00-04:00,0.7659117579460143,0.7759895442347777,0.7659117579460143,0.7659117579460144,118500,0.0,0.0
1996-04-24 00:00:00-04:00,0.7659117579460143,0.7759895442347777,0.7659117579460143,0.7659117579460144,65700,0.0,0.0
1996-04-25 00:00:00-04:00,0.7759901285171509,0.7759901285171509,0.7659123346403047,0.7759901285171509,77600,0.0,0.0
1996-04-26 00:00:00-04:00,0.7759901285171509,0.7759901285171509,0.7659123346403047,0.7759901285171509,178300,0.0,0.0
1996-04-29 00:00:00-04:00,0.7659117579460143,0.7759895442347777,0.7659117579460143,0.7659117579460144,83300,0.0,0.0
1996-04-30 00:00:00-04:00,0.7759901285171509,0.7759901285171509,0.7659123346403047,0.7759901285171509,65600,0.0,0.0
1996-05-01 00:00:00-04:00,0.7759901285171509,0.7860679223939969,0.7659123346403047,0.7759901285171509,72900,0.0,0.0
1996-05-02 00:00:00-04:00,0.7759895442347777,0.7759895442347777,0.7659117579460143,0.7659117579460144,34600,0.0,0.0
1996-05-03 00:00:00-04:00,0.7659120777853174,0.7759898682824927,0.7659120777853174,0.770950973033905,63200,0.0,0.0
1996-05-06 00:00:00-04:00,0.7659123346403047,0.7759901285171509,0.7659123346403047,0.7759901285171509,185500,0.0,0.0
1996-05-07 00:00:00-04:00,0.7820022702217102,0.7820022702217102,0.7718463965824672,0.7820022702217102,42500,0.074,0.0
1996-05-08 00:00:00-04:00,0.7820022702217102,0.7820022702217102,0.7718463965824672,0.7820022702217102,71300,0.0,0.0
1996-05-09 00:00:00-04:00,0.7718459367752075,0.782001804364355,0.7718459367752075,0.7718459367752075,91600,0.0,0.0
1996-05-10 00:00:00-04:00,0.7820022702217102,0.7921581438609532,0.7718463965824672,0.7820022702217102,191600,0.0,0.0
1996-05-13 00:00:00-04:00,0.7820017826862825,0.7921576499938965,0.7820017826862825,0.7921576499938965,71100,0.0,0.0
1996-05-14 00:00:00-04:00,0.7921576499938965,0.8023135173015106,0.7921576499938965,0.7921576499938965,28500,0.0,0.0
1996-05-15 00:00:00-04:00,0.7921576499938965,0.8023135173015106,0.7921576499938965,0.7921576499938965,73100,0.0,0.0
1996-05-16 00:00:00-04:00,0.7921576499938965,0.8023135173015106,0.7921576499938965,0.7921576499938965,56300,0.0,0.0
1996-05-17 00:00:00-04:00,0.7921581438609532,0.8023140175001962,0.7820022702217102,0.7820022702217102,114000,0.0,0.0
1996-05-20 00:00:00-04:00,0.78200163995066,0.7921575054045646,0.78200163995066,0.7870795726776123,96900,0.0,0.0
1996-05-21 00:00:00-04:00,0.7820022702217102,0.7921581438609532,0.7820022702217102,0.7820022702217102,65900,0.0,0.0
1996-05-22 00:00:00-04:00,0.7820017826862825,0.7921576499938965,0.7820017826862825,0.7921576499938965,56500,0.0,0.0
1996-05-23 00:00:00-04:00,0.7921576499938965,0.7921576499938965,0.7820017826862825,0.7921576499938965,104400,0.0,0.0
1996-05-24 00:00:00-04:00,0.7820017826862825,0.8023135173015106,0.7820017826862825,0.7921576499938965,271400,0.0,0.0
1996-05-28 00:00:00-04:00,0.7921576499938965,0.8023135173015106,0.7921576499938965,0.7921576499938965,49800,0.0,0.0
1996-05-29 00:00:00-04:00,0.7921581438609532,0.7921581438609532,0.7820022702217102,0.7820022702217102,59500,0.0,0.0
1996-05-30 00:00:00-04:00,0.7921575054045646,0.7921575054045646,0.78200163995066,0.7870795726776123,96500,0.0,0.0
1996-05-31 00:00:00-04:00,0.7820022702217102,0.7921581438609532,0.7820022702217102,0.7820022702217102,39000,0.0,0.0
1996-06-03 00:00:00-04:00,0.7820022702217102,0.7921581438609532,0.7820022702217102,0.7820022702217102,46900,0.0,0.0
1996-06-04 00:00:00-04:00,0.7820022702217102,0.7921581438609532,0.7820022702217102,0.7820022702217102,164100,0.0,0.0
1996-06-05 00:00:00-04:00,0.7820017826862825,0.7921576499938965,0.7820017826862825,0.7921576499938965,83900,0.0,0.0
1996-06-06 00:00:00-04:00,0.7820022702217102,0.7921581438609532,0.7820022702217102,0.7820022702217102,71400,0.0,0.0
1996-06-07 00:00:00-04:00,0.782001804364355,0.782001804364355,0.7718459367752075,0.7718459367752075,78300,0.0,0.0
1996-06-10 00:00:00-04:00,0.777906060218811,0.777906060218811,0.7676704541633004,0.777906060218811,185100,0.074,0.0
1996-06-11 00:00:00-04:00,0.7779055754343669,0.7779055754343669,0.7676699757575989,0.7676699757575989,38800,0.0,0.0
1996-06-12 00:00:00-04:00,0.7676699757575989,0.7779055754343669,0.7676699757575989,0.7676699757575989,89400,0.0,0.0
1996-06-13 00:00:00-04:00,0.7676700093098824,0.7779056094340141,0.7676700093098824,0.7727878093719482,70500,0.0,0.0
1996-06-14 00:00:00-04:00,0.7676699757575989,0.7779055754343669,0.7676699757575989,0.7676699757575989,31300,0.0,0.0
1996-06-17 00:00:00-04:00,0.7676700093098824,0.7779056094340141,0.7676700093098824,0.7727878093719482,87000,0.0,0.0
1996-06-18 00:00:00-04:00,0.7676700093098824,0.7779056094340141,0.7676700093098824,0.7727878093719482,62200,0.0,0.0
1996-06-19 00:00:00-04:00,0.7779055754343669,0.7779055754343669,0.7676699757575989,0.7676699757575989,69300,0.0,0.0
1996-06-20 00:00:00-04:00,0.7676704541633004,0.777906060218811,0.7676704541633004,0.777906060218811,123000,0.0,0.0
1996-06-21 00:00:00-04:00,0.7779055754343669,0.7779055754343669,0.7676699757575989,0.7676699757575989,150000,0.0,0.0
1996-06-24 00:00:00-04:00,0.7676704541633004,0.777906060218811,0.7676704541633004,0.777906060218811,64600,0.0,0.0
1996-06-25 00:00:00-04:00,0.7676699757575989,0.7779055754343669,0.7676699757575989,0.7676699757575989,134200,0.0,0.0
1996-06-26 00:00:00-04:00,0.7779055754343669,0.7779055754343669,0.7676699757575989,0.7676699757575989,43000,0.0,0.0
1996-06-27 00:00:00-04:00,0.7779055754343669,0.7779055754343669,0.7676699757575989,0.7676699757575989,41300,0.0,0.0
1996-06-28 00:00:00-04:00,0.7676704541633004,0.7881416662743217,0.7676704541633004,0.777906060218811,286300,0.0,0.0
1996-07-01 00:00:00-04:00,0.7881416662743217,0.7881416662743217,0.777906060218811,0.777906060218811,63100,0.0,0.0
1996-07-02 00:00:00-04:00,0.7779057087836327,0.7881413102149963,0.7779057087836327,0.7881413102149963,41600,0.0,0.0
1996-07-03 00:00:00-04:00,0.7779057087836327,0.7881413102149963,0.7779057087836327,0.7881413102149963,36600,0.0,0.0
1996-07-05 00:00:00-04:00,0.7779053800246295,0.7830231785774231,0.7779053800246295,0.7830231785774231,101400,0.0,0.0
1996-07-08 00:00:00-04:00,0.777906060218811,0.7881416662743217,0.777906060218811,0.777906060218811,92700,0.0,0.0
1996-07-09 00:00:00-04:00,0.7840130392710367,0.7840130392710367,0.7736970782279968,0.7736970782279968,93500,0.074,0.0
1996-07-10 00:00:00-04:00,0.7840130925178528,0.7840130925178528,0.7736971307741969,0.7840130925178528,83400,0.0,0.0
1996-07-11 00:00:00-04:00,0.7840130925178528,0.7840130925178528,0.7736971307741969,0.7840130925178528,54400,0.0,0.0
1996-07-12 00:00:00-04:00,0.7840130392710367,0.7840130392710367,0.7736970782279968,0.7736970782279968,36600,0.0,0.0
1996-07-15 00:00:00-04:00,0.7840130392710367,0.7840130392710367,0.7736970782279968,0.7736970782279968,52700,0.0,0.0
1996-07-16 00:00:00-04:00,0.7840130392710367,0.7840130392710367,0.7736970782279968,0.7736970782279968,56400,0.0,0.0
1996-07-17 00:00:00-04:00,0.7736960981065863,0.7840120460813408,0.7736960981065863,0.7788540720939636,82400,0.0,0.0
1996-07-18 00:00:00-04:00,0.7736971307741969,0.7943290542615088,0.7736971307741969,0.7840130925178528,102100,0.0,0.0
1996-07-19 00:00:00-04:00,0.7840130925178528,0.7943290542615088,0.7840130925178528,0.7840130925178528,152800,0.0,0.0
1996-07-22 00:00:00-04:00,0.7840130925178528,0.7943290542615088,0.7840130925178528,0.7840130925178528,55200,0.0,0.0
1996-07-23 00:00:00-04:00,0.7840130925178528,0.7943290542615088,0.7840130925178528,0.7840130925178528,55200,0.0,0.0
1996-07-24 00:00:00-04:00,0.7840123795843744,0.7943283319473267,0.7840123795843744,0.7943283319473267,25600,0.0,0.0
1996-07-25 00:00:00-04:00,0.794327804675469,0.8046437501907349,0.7840118591602032,0.8046437501907349,132800,0.0,0.0
1996-07-26 00:00:00-04:00,0.804644284310279,0.804644284310279,0.7943283319473267,0.7943283319473267,156600,0.0,0.0
1996-07-29 00:00:00-04:00,0.8046437501907349,0.8046437501907349,0.794327804675469,0.8046437501907349,194800,0.0,0.0
1996-07-30 00:00:00-04:00,0.794327804675469,0.8046437501907349,0.7840118591602032,0.8046437501907349,67800,0.0,0.0
1996-07-31 00:00:00-04:00,0.794327804675469,0.8046437501907349,0.794327804675469,0.8046437501907349,40700,0.0,0.0
1996-08-01 00:00:00-04:00,0.8046437501907349,0.8046437501907349,0.794327804675469,0.8046437501907349,44700,0.0,0.0
1996-08-02 00:00:00-04:00,0.804644284310279,0.804644284310279,0.7943283319473267,0.7943283319473267,44200,0.0,0.0
1996-08-05 00:00:00-04:00,0.794327804675469,0.8046437501907349,0.794327804675469,0.8046437501907349,95800,0.0,0.0
1996-08-06 00:00:00-04:00,0.804644284310279,0.804644284310279,0.7943283319473267,0.7943283319473267,199000,0.0,0.0
1996-08-07 00:00:00-04:00,0.8046443754626859,0.8046443754626859,0.794328421931113,0.7994863986968994,67400,0.0,0.0
1996-08-08 00:00:00-04:00,0.794327804675469,0.8046437501907349,0.794327804675469,0.8046437501907349,47100,0.0,0.0
1996-08-09 00:00:00-04:00,0.8046437501907349,0.8046437501907349,0.794327804675469,0.8046437501907349,55900,0.0,0.0
1996-08-12 00:00:00-04:00,0.8004031777381897,0.8056006009702559,0.8004031777381897,0.8004031777381897,82200,0.074,0.0
1996-08-13 00:00:00-04:00,0.8004026726270332,0.8107975125312804,0.8004026726270332,0.8107975125312805,50700,0.0,0.0
1996-08-14 00:00:00-04:00,0.8107975125312804,0.8107975125312804,0.8004026726270332,0.8107975125312805,58100,0.0,0.0
1996-08-15 00:00:00-04:00,0.8056000925791569,0.8107975125312804,0.8004026726270332,0.8107975125312805,86200,0.0,0.0
1996-08-16 00:00:00-04:00,0.8211931180042826,0.8211931180042826,0.8107982684092917,0.8159956932067871,26700,0.0,0.0
1996-08-19 00:00:00-04:00,0.8107975125312804,0.8211923524355277,0.8107975125312804,0.8107975125312805,47800,0.0,0.0
1996-08-20 00:00:00-04:00,0.8107982684092917,0.8211931180042826,0.8107982684092917,0.8159956932067871,64000,0.0,0.0
1996-08-21 00:00:00-04:00,0.8107981319668927,0.8211929798126221,0.8107981319668927,0.8211929798126221,50800,0.0,0.0
1996-08-22 00:00:00-04:00,0.8107981319668927,0.8211929798126221,0.8107981319668927,0.8211929798126221,59300,0.0,0.0
1996-08-23 00:00:00-04:00,0.8211923524355277,0.8211923524355277,0.8107975125312804,0.8107975125312805,62100,0.0,0.0
1996-08-26 00:00:00-04:00,0.8107982684092917,0.8211931180042826,0.8107982684092917,0.8159956932067871,72800,0.0,0.0
1996-08-27 00:00:00-04:00,0.8107975125312804,0.8211923524355277,0.8107975125312804,0.8107975125312805,81800,0.0,0.0
1996-08-28 00:00:00-04:00,0.8211931180042826,0.8211931180042826,0.8107982684092917,0.8159956932067871,185900,0.0,0.0
1996-08-29 00:00:00-04:00,0.8107975125312804,0.8211923524355277,0.8107975125312804,0.8107975125312805,23800,0.0,0.0
1996-08-30 00:00:00-04:00,0.8107975125312804,0.8107975125312804,0.8004026726270332,0.8107975125312805,50700,0.0,0.0
1996-09-03 00:00:00-04:00,0.8211923524355277,0.8211923524355277,0.8107975125312804,0.8107975125312805,53600,0.0,0.0
1996-09-04 00:00:00-04:00,0.8211923524355277,0.8211923524355277,0.8107975125312804,0.8107975125312805,64100,0.0,0.0
1996-09-05 00:00:00-04:00,0.8211923524355277,0.8211923524355277,0.8107975125312804,0.8107975125312805,60900,0.0,0.0
1996-09-06 00:00:00-04:00,0.8107981319668927,0.8211929798126221,0.8107981319668927,0.8211929798126221,56000,0.0,0.0
1996-09-09 00:00:00-04:00,0.8211929798126221,0.8211929798126221,0.8107981319668927,0.8211929798126221,43400,0.0,0.0
1996-09-10 00:00:00-04:00,0.8169195055961609,0.8273928325909834,0.8169195055961609,0.8169195055961609,59400,0.074,0.0
1996-09-11 00:00:00-04:00,0.8169195055961609,0.8273928325909834,0.8169195055961609,0.8169195055961609,58200,0.0,0.0
1996-09-12 00:00:00-04:00,0.8169200782534443,0.8273934125900269,0.8169200782534443,0.8273934125900269,37400,0.0,0.0
1996-09-13 00:00:00-04:00,0.8273928325909834,0.8273928325909834,0.8169195055961609,0.8169195055961609,75200,0.0,0.0
1996-09-16 00:00:00-04:00,0.8273928325909834,0.8273928325909834,0.8169195055961609,0.8169195055961609,80700,0.0,0.0
1996-09-17 00:00:00-04:00,0.8169195055961609,0.8273928325909834,0.8169195055961609,0.8169195055961609,60600,0.0,0.0
1996-09-18 00:00:00-04:00,0.8169200782534443,0.8273934125900269,0.8169200782534443,0.8273934125900269,99500,0.0,0.0
1996-09-19 00:00:00-04:00,0.823087868811209,0.8336402773857117,0.823087868811209,0.8336402773857117,168400,0.074,0.0
1996-09-20 00:00:00-04:00,0.8336399174653566,0.8336399174653566,0.812535109428259,0.8230875134468079,82900,0.0,0.0
1996-09-23 00:00:00-04:00,0.8230875134468079,0.8336399174653566,0.8230875134468079,0.8230875134468079,98500,0.0,0.0
1996-09-24 00:00:00-04:00,0.8336399174653566,0.8336399174653566,0.8230875134468079,0.8230875134468079,62500,0.0,0.0
1996-09-25 00:00:00-04:00,0.8336399174653566,0.8336399174653566,0.8230875134468079,0.8230875134468079,29800,0.0,0.0
1996-09-26 00:00:00-04:00,0.823087868811209,0.8336402773857117,0.8178116645239576,0.8336402773857117,57200,0.0,0.0
1996-09-27 00:00:00-04:00,0.8336402773857117,0.8336402773857117,0.823087868811209,0.8336402773857117,256300,0.0,0.0
1996-09-30 00:00:00-04:00,0.833640638430407,0.833640638430407,0.8230882252857183,0.8283644318580627,68200,0.0,0.0
1996-10-01 00:00:00-04:00,0.8336402773857117,0.8441926859602144,0.823087868811209,0.8336402773857117,89400,0.0,0.0
1996-10-02 00:00:00-04:00,0.8441926859602144,0.8441926859602144,0.8336402773857117,0.8336402773857117,139100,0.0,0.0
1996-10-03 00:00:00-04:00,0.8441930413246155,0.8441930413246155,0.8336406283080577,0.8441930413246155,57600,0.0,0.0
1996-10-04 00:00:00-04:00,0.8441930347018772,0.8547454476356507,0.8336406217681037,0.8547454476356506,111500,0.0,0.0
1996-10-07 00:00:00-04:00,0.854744191495528,0.854744191495528,0.8441917940696574,0.8494679927825928,85100,0.0,0.0
1996-10-08 00:00:00-04:00,0.8504470586776733,0.8504470586776733,0.8398164704442024,0.8504470586776733,76700,0.074,0.0
1996-10-09 00:00:00-04:00,0.8398165702819823,0.8504471597792227,0.8398165702819823,0.8398165702819824,46500,0.0,0.0
1996-10-10 00:00:00-04:00,0.8398164704442024,0.8504470586776733,0.8398164704442024,0.8504470586776733,61700,0.0,0.0
1996-10-11 00:00:00-04:00,0.8504470586776733,0.8504470586776733,0.8398164704442024,0.8504470586776733,119900,0.0,0.0
1996-10-14 00:00:00-04:00,0.845131959076281,0.8610778450965881,0.8398166637361786,0.8610778450965881,90000,0.0,0.0
1996-10-15 00:00:00-04:00,0.8504472544163834,0.8610778450965881,0.8504472544163834,0.8610778450965881,100600,0.0,0.0
1996-10-16 00:00:00-04:00,0.8504470586776733,0.8610776469111442,0.8504470586776733,0.8504470586776733,57500,0.0,0.0
1996-10-17 00:00:00-04:00,0.8610776469111442,0.8610776469111442,0.8504470586776733,0.8504470586776733,103300,0.0,0.0
1996-10-18 00:00:00-04:00,0.8610765771095797,0.8610765771095797,0.8504460020835356,0.8557612895965576,60500,0.0,0.0
1996-10-21 00:00:00-04:00,0.8504470586776733,0.8610776469111442,0.8504470586776733,0.8504470586776733,39700,0.0,0.0
1996-10-22 00:00:00-04:00,0.8610765771095797,0.8610765771095797,0.8504460020835356,0.8557612895965576,120700,0.0,0.0
1996-10-23 00:00:00-04:00,0.8504475035318514,0.8717086911201476,0.8504475035318514,0.8717086911201477,154300,0.0,0.0
1996-10-24 00:00:00-04:00,0.871708435776793,0.871708435776793,0.8504472544163834,0.8610778450965881,191400,0.0,0.0
1996-10-25 00:00:00-04:00,0.8610765771095797,0.8610765771095797,0.8504460020835356,0.8557612895965576,181600,0.0,0.0
1996-10-28 00:00:00-05:00,0.8610778450965881,0.8610778450965881,0.8504472544163834,0.8610778450965881,32900,0.0,0.0
1996-10-29 00:00:00-05:00,0.8610778450965881,0.8610778450965881,0.8504472544163834,0.8610778450965881,39200,0.0,0.0
1996-10-30 00:00:00-05:00,0.8504470586776733,0.8610776469111442,0.8504470586776733,0.8504470586776733,69300,0.0,0.0
1996-10-31 00:00:00-05:00,0.8610776469111442,0.8610776469111442,0.8504470586776733,0.8504470586776733,34800,0.0,0.0
1996-11-01 00:00:00-05:00,0.8504470586776733,0.8610776469111442,0.8504470586776733,0.8504470586776733,46200,0.0,0.0
1996-11-04 00:00:00-05:00,0.8610776469111442,0.8610776469111442,0.8504470586776733,0.8504470586776733,76900,0.0,0.0
1996-11-05 00:00:00-05:00,0.8504472544163834,0.871708435776793,0.8504472544163834,0.8610778450965881,156200,0.0,0.0
1996-11-06 00:00:00-05:00,0.8610776469111442,0.8717082351446152,0.8504470586776733,0.8504470586776733,128100,0.0,0.0
1996-11-07 00:00:00-05:00,0.8504470286925147,0.8717082044098274,0.8504470286925147,0.8663929104804993,80600,0.0,0.0
1996-11-08 00:00:00-05:00,0.8673780955374241,0.8673780955374241,0.8566697239875793,0.8566697239875793,51700,0.074,0.0
1996-11-11 00:00:00-05:00,0.8566691551679446,0.867377519607544,0.8566691551679446,0.867377519607544,83000,0.0,0.0
1996-11-12 00:00:00-05:00,0.867377519607544,0.867377519607544,0.8566691551679446,0.867377519607544,76400,0.0,0.0
1996-11-13 00:00:00-05:00,0.867377519607544,0.867377519607544,0.8566691551679446,0.867377519607544,102400,0.0,0.0
1996-11-14 00:00:00-05:00,0.8566697239875793,0.8673780955374241,0.8566697239875793,0.8566697239875793,114700,0.0,0.0
1996-11-15 00:00:00-05:00,0.8566691551679446,0.867377519607544,0.8566691551679446,0.867377519607544,121800,0.0,0.0
1996-11-18 00:00:00-05:00,0.867377519607544,0.867377519607544,0.8566691551679446,0.867377519607544,239600,0.0,0.0
1996-11-19 00:00:00-05:00,0.8673780955374241,0.8673780955374241,0.8566697239875793,0.8566697239875793,87700,0.0,0.0
1996-11-20 00:00:00-05:00,0.8566697239875793,0.8673780955374241,0.8566697239875793,0.8566697239875793,125600,0.0,0.0
1996-11-21 00:00:00-05:00,0.8566691551679446,0.867377519607544,0.8566691551679446,0.867377519607544,55200,0.0,0.0
1996-11-22 00:00:00-05:00,0.8673780955374241,0.8673780955374241,0.8566697239875793,0.8566697239875793,77600,0.0,0.0
1996-11-25 00:00:00-05:00,0.867377519607544,0.8727317018273436,0.8566691551679446,0.867377519607544,258300,0.0,0.0
1996-11-26 00:00:00-05:00,0.8673785474242234,0.8780869245529175,0.8673785474242234,0.8780869245529175,84800,0.0,0.0
1996-11-27 00:00:00-05:00,0.8780858840471433,0.8780858840471433,0.867377519607544,0.867377519607544,135700,0.0,0.0
1996-11-29 00:00:00-05:00,0.8780858840471433,0.8780858840471433,0.867377519607544,0.867377519607544,29000,0.0,0.0
1996-12-02 00:00:00-05:00,0.8780858840471433,0.8780858840471433,0.867377519607544,0.867377519607544,80400,0.0,0.0
1996-12-03 00:00:00-05:00,0.8673785474242234,0.8887953016816116,0.8673785474242234,0.8780869245529175,139300,0.0,0.0
1996-12-04 00:00:00-05:00,0.8887953016816116,0.8887953016816116,0.8673785474242234,0.8780869245529175,114400,0.0,0.0
1996-12-05 00:00:00-05:00,0.8887946605682373,0.8941488452704556,0.8780862911638008,0.8887946605682373,140200,0.0,0.0
1996-12-06 00:00:00-05:00,0.8780869245529175,0.8887953016816116,0.8780869245529175,0.8780869245529175,100300,0.0,0.0
1996-12-09 00:00:00-05:00,0.8780869245529175,0.8887953016816116,0.8566701702955293,0.8780869245529175,118100,0.0,0.0
1996-12-10 00:00:00-05:00,0.8736854791641235,0.8844717196476313,0.8736854791641235,0.8736854791641235,97200,0.074,0.0
1996-12-11 00:00:00-05:00,0.8736854791641235,0.8790785994058774,0.8628992386806158,0.8736854791641235,167000,0.0,0.0
1996-12-12 00:00:00-05:00,0.8736854791641235,0.8736854791641235,0.8628992386806158,0.8736854791641235,105700,0.0,0.0
1996-12-13 00:00:00-05:00,0.8736853318184798,0.8736853318184798,0.8628990931540542,0.8682922124862671,77500,0.0,0.0
1996-12-16 00:00:00-05:00,0.8628994822502136,0.8736857257783414,0.8628994822502136,0.8628994822502136,87700,0.0,0.0
1996-12-17 00:00:00-05:00,0.8628992386806158,0.8736854791641235,0.8628992386806158,0.8736854791641235,90300,0.0,0.0
1996-12-18 00:00:00-05:00,0.8628998527043983,0.8628998527043983,0.8521136045455933,0.8521136045455933,125700,0.0,0.0
1996-12-19 00:00:00-05:00,0.8585473299026489,0.8694150176229356,0.8476796421823622,0.8585473299026489,98800,0.074,0.0
1996-12-20 00:00:00-05:00,0.8585464549514482,0.8694141315964032,0.8585464549514482,0.8639802932739258,120100,0.0,0.0
1996-12-23 00:00:00-05:00,0.8585470624268055,0.869414746761322,0.8585470624268055,0.869414746761322,158200,0.0,0.0
1996-12-24 00:00:00-05:00,0.869414746761322,0.8802824310958385,0.8585470624268055,0.869414746761322,178500,0.0,0.0
1996-12-26 00:00:00-05:00,0.8802824310958385,0.8802824310958385,0.869414746761322,0.869414746761322,53600,0.0,0.0
1996-12-27 00:00:00-05:00,0.8802818655967712,0.8802818655967712,0.8694141882437246,0.8802818655967712,42100,0.0,0.0
1996-12-30 00:00:00-05:00,0.8802824310958385,0.891150115430355,0.869414746761322,0.869414746761322,346500,0.0,0.0
1996-12-31 00:00:00-05:00,0.8911500293088246,0.9020177125930785,0.8802823460245707,0.9020177125930786,99000,0.0,0.0
1997-01-02 00:00:00-05:00,0.9020172203028644,0.9020172203028644,0.8802818655967712,0.8802818655967712,109000,0.0,0.0
1997-01-03 00:00:00-05:00,0.891150414943695,0.891150414943695,0.8802827269565767,0.8911504149436951,52900,0.0,0.0
1997-01-06 00:00:00-05:00,0.8911498951189445,0.9020175767667366,0.8857160542950485,0.8965837359428406,88800,0.0,0.0
1997-01-07 00:00:00-05:00,0.8911500293088246,0.9128853958773325,0.8911500293088246,0.9020177125930786,171900,0.0,0.0
1997-01-08 00:00:00-05:00,0.9128846922320519,0.9128846922320519,0.9020170173245275,0.9074508547782898,268200,0.0,0.0
1997-01-09 00:00:00-05:00,0.9020177125930785,0.9020177125930785,0.8911500293088246,0.9020177125930786,82200,0.0,0.0
1997-01-10 00:00:00-05:00,0.8911500293088246,0.9020177125930785,0.8911500293088246,0.9020177125930786,101100,0.0,0.0
1997-01-13 00:00:00-05:00,0.9020177125930785,0.9020177125930785,0.8911500293088246,0.9020177125930786,78500,0.0,0.0
1997-01-14 00:00:00-05:00,0.8911498855976832,0.9237529301927203,0.8911498855976832,0.9128852486610413,263000,0.0,0.0
1997-01-15 00:00:00-05:00,0.9128846922320519,0.9237523671395764,0.8965831798707653,0.9074508547782898,120600,0.0,0.0
1997-01-16 00:00:00-05:00,0.9128852486610413,0.9128852486610413,0.9020175671293622,0.9128852486610413,80400,0.0,0.0
1997-01-17 00:00:00-05:00,0.9020175671293622,0.9128852486610413,0.9020175671293622,0.9128852486610413,75000,0.0,0.0
1997-01-20 00:00:00-05:00,0.9128852486610413,0.9237529301927203,0.9020175671293622,0.9128852486610413,99800,0.0,0.0
1997-01-21 00:00:00-05:00,0.9237529301927203,0.9237529301927203,0.9128852486610413,0.9128852486610413,136100,0.0,0.0
1997-01-22 00:00:00-05:00,0.9128852486610413,0.9237529301927203,0.9128852486610413,0.9128852486610413,84100,0.0,0.0
1997-01-23 00:00:00-05:00,0.9237527251243591,0.9237527251243591,0.912885046005249,0.9237527251243591,91900,0.0,0.0
1997-01-24 00:00:00-05:00,0.9237529301927203,0.9237529301927203,0.9128852486610413,0.9128852486610413,190800,0.0,0.0
1997-01-27 00:00:00-05:00,0.9237529301927203,0.9237529301927203,0.9128852486610413,0.9128852486610413,127500,0.0,0.0
1997-01-28 00:00:00-05:00,0.9128846134659807,0.9237522874358138,0.9128846134659807,0.9183184504508972,134300,0.0,0.0
1997-01-29 00:00:00-05:00,0.9237527251243591,0.9237527251243591,0.912885046005249,0.9237527251243591,88200,0.0,0.0
1997-01-30 00:00:00-05:00,0.9237527251243591,0.9237527251243591,0.912885046005249,0.9237527251243591,57300,0.0,0.0
1997-01-31 00:00:00-05:00,0.912885046005249,0.9237527251243591,0.912885046005249,0.9237527251243591,46000,0.0,0.0
1997-02-03 00:00:00-05:00,0.9237527251243591,0.9237527251243591,0.912885046005249,0.9237527251243591,96000,0.0,0.0
1997-02-04 00:00:00-05:00,0.9237522874358138,0.9237522874358138,0.9128846134659807,0.9183184504508972,65100,0.0,0.0
1997-02-05 00:00:00-05:00,0.912885046005249,0.9237527251243591,0.912885046005249,0.9237527251243591,77400,0.0,0.0
1997-02-06 00:00:00-05:00,0.912885046005249,0.9237527251243591,0.912885046005249,0.9237527251243591,79900,0.0,0.0
1997-02-07 00:00:00-05:00,0.9237529301927203,0.9237529301927203,0.9128852486610413,0.9128852486610413,62000,0.0,0.0
1997-02-10 00:00:00-05:00,0.9237527251243591,0.9237527251243591,0.912885046005249,0.9237527251243591,116400,0.0,0.0
1997-02-11 00:00:00-05:00,0.9302319444361187,0.9302319444361187,0.9192880392074585,0.9192880392074585,58900,0.074,0.0
1997-02-12 00:00:00-05:00,0.9192879648769603,0.9302318692207336,0.9192879648769603,0.9302318692207336,66900,0.0,0.0
1997-02-13 00:00:00-05:00,0.9302318692207336,0.941175773564507,0.9192879648769603,0.9302318692207336,84400,0.0,0.0
1997-02-14 00:00:00-05:00,0.9302307942578958,0.9411746859550475,0.9302307942578958,0.9411746859550476,74900,0.0,0.0
1997-02-18 00:00:00-05:00,0.9411746859550475,0.9411746859550475,0.9302307942578958,0.9411746859550476,55200,0.0,0.0
1997-02-19 00:00:00-05:00,0.9411761568880629,0.9521200656890869,0.9302322480870389,0.9521200656890869,98000,0.0,0.0
1997-02-20 00:00:00-05:00,0.9521185776521992,0.9521185776521992,0.9411746859550475,0.9411746859550476,87100,0.0,0.0
1997-02-21 00:00:00-05:00,0.9411746859550475,0.9521185776521992,0.9302307942578958,0.9411746859550476,147500,0.0,0.0
1997-02-24 00:00:00-05:00,0.9302318692207336,0.941175773564507,0.9302318692207336,0.9302318692207336,89800,0.0,0.0
1997-02-25 00:00:00-05:00,0.9302307942578958,0.9411746859550475,0.9302307942578958,0.9411746859550476,135100,0.0,0.0
1997-02-26 00:00:00-05:00,0.9302317433887057,0.9521195491154989,0.9302317433887057,0.935703694820404,161900,0.0,0.0
1997-02-27 00:00:00-05:00,0.9302322480870389,0.9521200656890869,0.9302322480870389,0.9521200656890869,63500,0.0,0.0
1997-02-28 00:00:00-05:00,0.9411746859550475,0.9521185776521992,0.9411746859550475,0.9411746859550476,129600,0.0,0.0
1997-03-03 00:00:00-05:00,0.9411746859550475,0.9521185776521992,0.9302307942578958,0.9411746859550476,56800,0.0,0.0
1997-03-04 00:00:00-05:00,0.9411746859550475,0.9521185776521992,0.9302307942578958,0.9411746859550476,57200,0.0,0.0
1997-03-05 00:00:00-05:00,0.9302318692207336,0.941175773564507,0.9302318692207336,0.9302318692207336,80400,0.0,0.0
1997-03-06 00:00:00-05:00,0.941175773564507,0.941175773564507,0.9302318692207336,0.9302318692207336,72900,0.0,0.0
1997-03-07 00:00:00-05:00,0.9302307942578958,0.9411746859550475,0.9302307942578958,0.9411746859550476,30400,0.0,0.0
1997-03-10 00:00:00-05:00,0.947699334886339,0.947699334886339,0.9366795751783582,0.9421894550323486,22500,0.074,0.0
1997-03-11 00:00:00-05:00,0.9476994823007022,0.9476994823007022,0.9366797208786011,0.9366797208786011,72900,0.0,0.0
1997-03-12 00:00:00-05:00,0.9366797208786011,0.9476994823007022,0.9256599594564998,0.9366797208786011,101200,0.0,0.0
1997-03-13 00:00:00-05:00,0.9476997823942275,0.9476997823942275,0.925660252571106,0.925660252571106,145300,0.0,0.0
1997-03-14 00:00:00-05:00,0.925660252571106,0.9366800174826667,0.925660252571106,0.925660252571106,91500,0.0,0.0
1997-03-17 00:00:00-05:00,0.9256599594564998,0.9366797208786011,0.9256599594564998,0.9366797208786011,102100,0.0,0.0
1997-03-18 00:00:00-05:00,0.9366797208786011,0.9366797208786011,0.9256599594564998,0.9366797208786011,74000,0.0,0.0
1997-03-19 00:00:00-05:00,0.9256599594564998,0.9366797208786011,0.9256599594564998,0.9366797208786011,87100,0.0,0.0
1997-03-20 00:00:00-05:00,0.9256589793594632,0.9366787291137425,0.9256589793594632,0.9311688542366028,79300,0.0,0.0
1997-03-21 00:00:00-05:00,0.9256599594564998,0.9366797208786011,0.9256599594564998,0.9366797208786011,58100,0.0,0.0
1997-03-24 00:00:00-05:00,0.925660252571106,0.9366800174826667,0.925660252571106,0.925660252571106,134000,0.0,0.0
1997-03-25 00:00:00-05:00,0.9366800174826667,0.9366800174826667,0.925660252571106,0.925660252571106,170500,0.0,0.0
1997-03-26 00:00:00-05:00,0.9366797208786011,0.9476994823007022,0.9256599594564998,0.9366797208786011,49000,0.0,0.0
1997-03-27 00:00:00-05:00,0.9476984143257141,0.9476984143257141,0.9366786653219268,0.9476984143257141,215400,0.0,0.0
1997-03-31 00:00:00-05:00,0.9366797208786011,0.9476994823007022,0.9366797208786011,0.9366797208786011,38200,0.0,0.0
1997-04-01 00:00:00-05:00,0.9366797208786011,0.9476994823007022,0.9366797208786011,0.9366797208786011,104400,0.0,0.0
1997-04-02 00:00:00-05:00,0.9476997823942275,0.9476997823942275,0.925660252571106,0.925660252571106,84400,0.0,0.0
1997-04-03 00:00:00-05:00,0.9256596479071192,0.9366794056202992,0.9146398901939392,0.9146398901939392,66600,0.0,0.0
1997-04-04 00:00:00-05:00,0.9256589626837632,0.9256589626837632,0.9146392131280042,0.9201490879058838,85100,0.0,0.0
1997-04-07 00:00:00-04:00,0.9146403641235539,0.9256601275467292,0.9036206007003785,0.9036206007003784,142100,0.0,0.0
1997-04-08 00:00:00-04:00,0.9101918935775757,0.9101918935775757,0.8879920912951957,0.9101918935775757,144000,0.074,0.0
1997-04-09 00:00:00-04:00,0.8990917801856995,0.9101916787065106,0.8879918816648884,0.8990917801856995,90900,0.0,0.0
1997-04-10 00:00:00-04:00,0.8990917801856995,0.8990917801856995,0.8879918816648884,0.8990917801856995,67500,0.0,0.0
1997-04-11 00:00:00-04:00,0.8879918816648884,0.8990917801856995,0.8879918816648884,0.8990917801856995,77100,0.0,0.0
1997-04-14 00:00:00-04:00,0.8990917801856995,0.8990917801856995,0.8879918816648884,0.8990917801856995,69200,0.0,0.0
1997-04-15 00:00:00-04:00,0.8990917801856995,0.8990917801856995,0.8879918816648884,0.8990917801856995,66400,0.0,0.0
1997-04-16 00:00:00-04:00,0.8990917801856995,0.8990917801856995,0.8879918816648884,0.8990917801856995,74300,0.0,0.0
1997-04-17 00:00:00-04:00,0.8990919924363857,0.9101918935775757,0.8990919924363857,0.9101918935775757,64200,0.0,0.0
1997-04-18 00:00:00-04:00,0.9101906173799666,0.9101906173799666,0.8990907318021621,0.9046406745910645,46200,0.0,0.0
1997-04-21 00:00:00-04:00,0.8990919924363857,0.9101918935775757,0.8990919924363857,0.9101918935775757,68100,0.0,0.0
1997-04-22 00:00:00-04:00,0.9101916139776056,0.9212915117090398,0.9046416651118885,0.9157415628433228,87800,0.0,0.0
1997-04-23 00:00:00-04:00,0.9212912917137146,0.9212912917137146,0.9101913966328266,0.9212912917137146,64000,0.0,0.0
1997-04-24 00:00:00-04:00,0.9212912917137146,0.9212912917137146,0.9101913966328266,0.9212912917137146,50200,0.0,0.0
1997-04-25 00:00:00-04:00,0.9212917947187657,0.9212917947187657,0.9101918935775757,0.9101918935775757,127400,0.0,0.0
1997-04-28 00:00:00-04:00,0.9212912917137146,0.9212912917137146,0.9101913966328266,0.9212912917137146,61900,0.0,0.0
1997-04-29 00:00:00-04:00,0.9323911666870117,0.9434910615285238,0.9323911666870117,0.9323911666870117,102700,0.0,0.0
1997-04-30 00:00:00-04:00,0.9434915781021117,0.9434915781021117,0.9323916771832633,0.9434915781021118,77000,0.0,0.0
1997-05-01 00:00:00-04:00,0.9434901974922003,0.9545900821685791,0.9323903128158215,0.9545900821685791,75300,0.0,0.0
1997-05-02 00:00:00-04:00,0.9545900821685791,0.9545900821685791,0.9434901974922003,0.9545900821685791,56100,0.0,0.0
1997-05-05 00:00:00-04:00,0.9545911362296657,0.9545911362296657,0.9434912392967626,0.9490411877632141,50400,0.0,0.0
1997-05-06 00:00:00-04:00,0.9434901974922003,0.9545900821685791,0.9434901974922003,0.9545900821685791,66700,0.0,0.0
1997-05-07 00:00:00-04:00,0.9434910615285238,0.9545909563700359,0.9212912718454997,0.9323911666870117,229200,0.0,0.0
1997-05-08 00:00:00-04:00,0.9323916771832633,0.9434915781021117,0.9323916771832633,0.9434915781021118,60400,0.0,0.0
1997-05-09 00:00:00-04:00,0.9323916771832633,0.9434915781021117,0.9323916771832633,0.9434915781021118,63700,0.0,0.0
1997-05-12 00:00:00-04:00,0.9389304862302892,0.950108230113983,0.9277527423465952,0.9501082301139832,60800,0.074,0.0
1997-05-13 00:00:00-04:00,0.950108255658831,0.950108255658831,0.9389305114746094,0.9389305114746094,68700,0.0,0.0
1997-05-14 00:00:00-04:00,0.9389304862302892,0.950108230113983,0.9389304862302892,0.9501082301139832,53700,0.0,0.0
1997-05-15 00:00:00-04:00,0.9501086027301543,0.9556974768638611,0.9389308544627407,0.9556974768638611,123300,0.0,0.0
1997-05-16 00:00:00-04:00,0.950108230113983,0.961285973997677,0.9389304862302892,0.9501082301139832,49600,0.0,0.0
1997-05-19 00:00:00-04:00,0.950108230113983,0.961285973997677,0.950108230113983,0.9501082301139832,59400,0.0,0.0
1997-05-20 00:00:00-04:00,0.9501080873400667,0.9612858295440675,0.9501080873400667,0.9612858295440674,47600,0.0,0.0
1997-05-21 00:00:00-04:00,0.9612858295440675,0.9612858295440675,0.9501080873400667,0.9612858295440674,57400,0.0,0.0
1997-05-22 00:00:00-04:00,0.9501086027301543,0.9612863509975679,0.9501086027301543,0.9556974768638611,65500,0.0,0.0
1997-05-23 00:00:00-04:00,0.9501080873400667,0.9612858295440675,0.9501080873400667,0.9612858295440674,39400,0.0,0.0
1997-05-27 00:00:00-04:00,0.9501080873400667,0.9612858295440675,0.9501080873400667,0.9612858295440674,56300,0.0,0.0
1997-05-28 00:00:00-04:00,0.9612858295440675,0.9612858295440675,0.9501080873400667,0.9612858295440674,154000,0.0,0.0
1997-05-29 00:00:00-04:00,0.9501086027301543,0.9612863509975679,0.9501086027301543,0.9556974768638611,36900,0.0,0.0
1997-05-30 00:00:00-04:00,0.9501080873400667,0.9724635717480682,0.9501080873400667,0.9612858295440674,132900,0.0,0.0
1997-06-02 00:00:00-04:00,0.9724636077880858,0.9724636077880858,0.9501081225515782,0.9724636077880859,52000,0.0,0.0
1997-06-03 00:00:00-04:00,0.9612858295440675,0.9724635717480682,0.9501080873400667,0.9612858295440674,38000,0.0,0.0
1997-06-04 00:00:00-04:00,0.9724636077880858,0.9724636077880858,0.961285865169832,0.9724636077880859,46700,0.0,0.0
1997-06-05 00:00:00-04:00,0.9724635898722389,0.9724635898722389,0.9612858474599143,0.9668747186660767,26800,0.0,0.0
1997-06-06 00:00:00-04:00,0.961285865169832,0.9724636077880858,0.961285865169832,0.9724636077880859,59000,0.0,0.0
1997-06-09 00:00:00-04:00,0.961285865169832,0.9724636077880858,0.961285865169832,0.9724636077880859,72700,0.0,0.0
1997-06-10 00:00:00-04:00,0.9678721596212948,0.9791264870587517,0.9566178321838379,0.9566178321838379,66900,0.074,0.0
1997-06-11 00:00:00-04:00,0.9678721596212948,0.9678721596212948,0.9566178321838379,0.9566178321838379,19600,0.0,0.0
1997-06-12 00:00:00-04:00,0.9678711891174316,0.9791255052699599,0.9566168729649034,0.9678711891174316,67000,0.0,0.0
1997-06-13 00:00:00-04:00,0.9678716549928161,0.9791259765625001,0.9678716549928161,0.9791259765625,37200,0.0,0.0
1997-06-16 00:00:00-04:00,0.9791255052699599,0.9791255052699599,0.9678711891174316,0.9678711891174316,45000,0.0,0.0
1997-06-17 00:00:00-04:00,0.9678716549928161,0.9791259765625001,0.9566173334231323,0.9791259765625,54000,0.0,0.0
1997-06-18 00:00:00-04:00,0.9678716549928161,0.9791259765625001,0.9678716549928161,0.9791259765625,30100,0.0,0.0
1997-06-19 00:00:00-04:00,0.9678711891174316,0.9791255052699599,0.9678711891174316,0.9678711891174316,80900,0.0,0.0
1997-06-20 00:00:00-04:00,0.9678716549928161,0.9791259765625001,0.9678716549928161,0.9791259765625,64300,0.0,0.0
1997-06-23 00:00:00-04:00,0.9678716549928161,0.9791259765625001,0.9678716549928161,0.9791259765625,47600,0.0,0.0
1997-06-24 00:00:00-04:00,0.9791256823291669,0.9791256823291669,0.9622442050476295,0.973498523235321,171800,0.0,0.0
1997-06-25 00:00:00-04:00,0.9678711891174316,0.9734983471936958,0.9678711891174316,0.9678711891174316,53800,0.0,0.0
1997-06-26 00:00:00-04:00,0.973498523235321,0.973498523235321,0.9678713641414753,0.973498523235321,45300,0.0,0.0
1997-06-27 00:00:00-04:00,0.9734988157776581,0.9791259765625001,0.9678716549928161,0.9791259765625,116700,0.0,0.0
1997-06-30 00:00:00-04:00,0.973498523235321,0.973498523235321,0.9678713641414753,0.973498523235321,12200,0.0,0.0
1997-07-01 00:00:00-04:00,0.9678711891174316,0.9734983471936958,0.9678711891174316,0.9678711891174316,61400,0.0,0.0
1997-07-02 00:00:00-04:00,0.9678713641414753,0.973498523235321,0.9678713641414753,0.973498523235321,78900,0.0,0.0
1997-07-03 00:00:00-04:00,0.973498523235321,0.9791256823291669,0.9678713641414753,0.973498523235321,41900,0.0,0.0
1997-07-07 00:00:00-04:00,0.9678713641414753,0.9791256823291669,0.9678713641414753,0.973498523235321,33800,0.0,0.0
1997-07-08 00:00:00-04:00,0.9802065848611121,0.9802065848611121,0.974540650844574,0.974540650844574,64400,0.074,0.0
1997-07-09 00:00:00-04:00,0.980208158493042,0.980208158493042,0.9745422153803655,0.980208158493042,34900,0.0,0.0
1997-07-10 00:00:00-04:00,0.980208158493042,0.980208158493042,0.9745422153803655,0.980208158493042,25000,0.0,0.0
1997-07-11 00:00:00-04:00,0.9802084102712829,0.9915402994073671,0.9745424657032408,0.985874354839325,121900,0.0,0.0
1997-07-14 00:00:00-04:00,0.9858740426726261,1.0085378137685486,0.9858740426726261,1.0028718709945679,48300,0.0,0.0
1997-07-15 00:00:00-04:00,1.0028718709945679,1.0085378137685486,1.0028718709945679,1.0028718709945679,74600,0.0,0.0
1997-07-16 00:00:00-04:00,1.0085378137685486,1.0142037565425293,1.0028718709945679,1.0028718709945679,102500,0.0,0.0
1997-07-17 00:00:00-04:00,1.0028717830860416,1.014203667640686,1.0028717830860416,1.014203667640686,54700,0.0,0.0
1997-07-18 00:00:00-04:00,1.002871352635073,1.0085372924804688,1.002871352635073,1.0085372924804688,48500,0.0,0.0
1997-07-21 00:00:00-04:00,1.0028718709945679,1.0085378137685486,1.0028718709945679,1.0028718709945679,48800,0.0,0.0
1997-07-22 00:00:00-04:00,1.0085372924804688,1.0085372924804688,0.997205412789677,1.0085372924804688,106100,0.0,0.0
1997-07-23 00:00:00-04:00,1.0028717830860416,1.014203667640686,1.0028717830860416,1.014203667640686,101000,0.0,0.0
1997-07-24 00:00:00-04:00,1.0085366209348043,1.0198684930801392,1.0085366209348043,1.0198684930801392,76900,0.0,0.0
1997-07-25 00:00:00-04:00,1.0255348282855947,1.0312007665634155,1.0198688900077737,1.0312007665634155,155600,0.0,0.0
1997-07-28 00:00:00-04:00,1.0198684930801392,1.031200365225474,1.0198684930801392,1.0198684930801392,65300,0.0,0.0
1997-07-29 00:00:00-04:00,1.0198691721712605,1.0198691721712605,1.0085372924804688,1.0085372924804688,47900,0.0,0.0
1997-07-30 00:00:00-04:00,1.014203667640686,1.014203667640686,1.0085377253633638,1.014203667640686,47700,0.0,0.0
1997-07-31 00:00:00-04:00,1.0085365097863332,1.014202445234571,0.9915387034416198,0.9915387034416199,202200,0.0,0.0
1997-08-01 00:00:00-04:00,0.9972062439754092,0.9972062439754092,0.9858743548393251,0.985874354839325,41100,0.0,0.0
1997-08-04 00:00:00-04:00,0.985872767993382,0.9972046388898577,0.985872767993382,0.9915387034416199,59000,0.0,0.0
1997-08-05 00:00:00-04:00,0.9858736151998693,0.9972054958343506,0.9858736151998693,0.9972054958343506,42900,0.0,0.0
1997-08-06 00:00:00-04:00,0.9972058408087193,1.014203667640686,0.9972058408087193,1.014203667640686,134400,0.0,0.0
1997-08-07 00:00:00-04:00,1.0085377253633638,1.0198696099180085,1.0085377253633638,1.014203667640686,37100,0.0,0.0
1997-08-08 00:00:00-04:00,1.0142032323258647,1.0255351120166565,1.0085372924804688,1.0085372924804688,188400,0.0,0.0
1997-08-11 00:00:00-04:00,1.0095868110656738,1.0209945716426871,1.003882930777167,1.0095868110656738,79900,0.074,0.0
1997-08-12 00:00:00-04:00,1.0095860083897907,1.0266976356506348,1.0095860083897907,1.0266976356506348,128000,0.0,0.0
1997-08-13 00:00:00-04:00,1.020995161327479,1.026699044910314,1.015291277744644,1.0238471031188965,174100,0.0,0.0
1997-08-14 00:00:00-04:00,1.026698783789267,1.026698783789267,1.0152910195249418,1.0209949016571045,57200,0.0,0.0
1997-08-15 00:00:00-04:00,1.0152906913541804,1.0209945716426871,1.0095868110656738,1.0095868110656738,62100,0.0,0.0
1997-08-18 00:00:00-04:00,1.0209945250641217,1.0209945250641217,1.003882884979248,1.003882884979248,67100,0.0,0.0
1997-08-19 00:00:00-04:00,1.0095868110656738,1.0152906913541804,1.003882930777167,1.0095868110656738,104300,0.0,0.0
1997-08-20 00:00:00-04:00,1.0095867650075392,1.0152906450358306,1.003882884979248,1.003882884979248,69900,0.0,0.0
1997-08-21 00:00:00-04:00,1.0152906450358306,1.0152906450358306,0.9981790049509569,1.003882884979248,51800,0.0,0.0
1997-08-22 00:00:00-04:00,0.9924746642793929,1.003882419041225,0.9924746642793929,0.9981785416603088,97800,0.0,0.0
1997-08-25 00:00:00-04:00,0.998178541660309,1.003882419041225,0.998178541660309,0.9981785416603088,28100,0.0,0.0
1997-08-26 00:00:00-04:00,0.9981790504886605,1.0209945716426871,0.9981790504886605,1.0095868110656738,79900,0.0,0.0
1997-08-27 00:00:00-04:00,1.0209943779398887,1.0209943779398887,1.0095866195271526,1.0152904987335205,161300,0.0,0.0
1997-08-28 00:00:00-04:00,1.0152904987335205,1.0152904987335205,1.0038827403207844,1.0152904987335205,33100,0.0,0.0
1997-08-29 00:00:00-04:00,1.0095868110656738,1.0152906913541804,1.0095868110656738,1.0095868110656738,42700,0.0,0.0
1997-09-02 00:00:00-04:00,0.9981788611144162,1.0266982571462568,0.9981788611144162,1.0152904987335205,185700,0.0,0.0
1997-09-03 00:00:00-04:00,1.003882884979248,1.0152906450358306,0.9981790049509569,1.003882884979248,86900,0.0,0.0
1997-09-04 00:00:00-04:00,0.9981788611144162,1.0209943779398887,0.9981788611144162,1.0152904987335205,138900,0.0,0.0
1997-09-05 00:00:00-04:00,1.0152906450358306,1.0266984050924128,1.003882884979248,1.003882884979248,82600,0.0,0.0
1997-09-08 00:00:00-04:00,0.9981790049509569,1.0095867650075392,0.9981790049509569,1.003882884979248,74200,0.0,0.0
1997-09-09 00:00:00-04:00,0.999195977619716,1.0106809888567243,0.999195977619716,1.0049384832382202,48900,0.074,0.0
1997-09-10 00:00:00-04:00,1.0106818479010862,1.0106818479010862,1.0049393374016482,1.0078105926513672,26100,0.0,0.0
1997-09-11 00:00:00-04:00,1.0049384832382202,1.0106809888567243,1.0049384832382202,1.0049384832382202,114800,0.0,0.0
1997-09-12 00:00:00-04:00,1.004939631553693,1.0164246559143066,1.004939631553693,1.0164246559143066,41100,0.0,0.0
1997-09-15 00:00:00-04:00,1.010682143734,1.0164246559143066,1.010682143734,1.0164246559143066,154300,0.0,0.0
1997-09-16 00:00:00-04:00,1.010682021247016,1.0393945786688061,1.010682021247016,1.0336520671844482,173300,0.0,0.0
1997-09-17 00:00:00-04:00,1.027909517288208,1.039394539827741,1.0221670060184416,1.027909517288208,79200,0.0,0.0
1997-09-18 00:00:00-04:00,1.022167044215732,1.0336520671844482,1.0164245327313741,1.0336520671844482,72400,0.0,0.0
1997-09-19 00:00:00-04:00,1.022167044215732,1.0393945786688061,1.022167044215732,1.0336520671844482,59400,0.0,0.0
1997-09-22 00:00:00-04:00,1.027910065255771,1.0393950939178467,1.027910065255771,1.0393950939178467,73600,0.0,0.0
1997-09-23 00:00:00-04:00,1.0393945786688061,1.0393945786688061,1.0279095557000901,1.0336520671844482,64400,0.0,0.0
1997-09-24 00:00:00-04:00,1.027909517288208,1.039394539827741,1.027909517288208,1.027909517288208,58900,0.0,0.0
1997-09-25 00:00:00-04:00,1.0336525795868088,1.0393950939178467,1.027910065255771,1.0393950939178467,49300,0.0,0.0
1997-09-26 00:00:00-04:00,1.0393950939178467,1.0393950939178467,1.0336525795868088,1.0393950939178467,116300,0.0,0.0
1997-09-29 00:00:00-04:00,1.0336520671844482,1.0393945786688061,1.0336520671844482,1.0336520671844482,100600,0.0,0.0
1997-09-30 00:00:00-04:00,1.0336520285579747,1.039394539827741,1.027909517288208,1.027909517288208,25400,0.0,0.0
1997-10-01 00:00:00-04:00,1.0393950939178467,1.0393950939178467,1.0336525795868088,1.0393950939178467,53900,0.0,0.0
1997-10-02 00:00:00-04:00,1.033652025264698,1.0451370477676392,1.033652025264698,1.0451370477676392,46100,0.0,0.0
1997-10-03 00:00:00-04:00,1.033652025264698,1.0451370477676392,1.033652025264698,1.0451370477676392,41800,0.0,0.0
1997-10-06 00:00:00-04:00,1.0393945365161685,1.0566220702705802,1.0393945365161685,1.0451370477676392,69300,0.0,0.0
1997-10-07 00:00:00-04:00,1.0404209932569641,1.051981226515375,1.0404209932569641,1.0462011098861694,128300,0.074,0.0
1997-10-08 00:00:00-04:00,1.0577613431445803,1.0577613431445803,1.0404209932569641,1.0462011098861694,87900,0.0,0.0
1997-10-09 00:00:00-04:00,1.0404209932569641,1.051981226515375,1.0404209932569641,1.0462011098861694,50800,0.0,0.0
1997-10-10 00:00:00-04:00,1.0462002866797977,1.0462002866797977,1.03464006251759,1.0404201745986938,38300,0.0,0.0
1997-10-13 00:00:00-04:00,1.0404205060267187,1.05198073387146,1.0404205060267187,1.05198073387146,41800,0.0,0.0
1997-10-14 00:00:00-04:00,1.051981226515375,1.051981226515375,1.0346408766277588,1.0462011098861694,53700,0.0,0.0
1997-10-15 00:00:00-04:00,1.0404209051718258,1.0404209051718258,1.0346407890319824,1.0346407890319824,43100,0.0,0.0
1997-10-16 00:00:00-04:00,1.0404209051718258,1.0404209051718258,1.0346407890319824,1.0346407890319824,39100,0.0,0.0
1997-10-17 00:00:00-04:00,1.0346407890319824,1.0462010213116693,1.028860672892139,1.0346407890319824,34600,0.0,0.0
1997-10-20 00:00:00-04:00,1.0288599504364861,1.0404201745986938,1.0288599504364861,1.0404201745986938,33400,0.0,0.0
1997-10-21 00:00:00-04:00,1.0404209051718258,1.0462010213116693,1.028860672892139,1.0346407890319824,81900,0.0,0.0
1997-10-22 00:00:00-04:00,1.0404201745986938,1.0462002866797977,1.03464006251759,1.0404201745986938,40300,0.0,0.0
1997-10-23 00:00:00-04:00,1.046200552013483,1.046200552013483,1.0288602113723755,1.0288602113723755,71600,0.0,0.0
1997-10-24 00:00:00-04:00,1.0346403249194114,1.0404204384664473,1.0288602113723755,1.0288602113723755,138700,0.0,0.0
1997-10-27 00:00:00-05:00,1.0288602113723755,1.0404204384664473,1.0288602113723755,1.0288602113723755,63100,0.0,0.0
1997-10-28 00:00:00-05:00,1.0288608399304475,1.0346409570087085,1.0057403716174038,1.0173006057739258,158300,0.0,0.0
1997-10-29 00:00:00-05:00,1.017299543108259,1.0230796541486467,1.011519432067871,1.011519432067871,48800,0.0,0.0
1997-10-30 00:00:00-05:00,1.011519432067871,1.017299543108259,1.011519432067871,1.011519432067871,48200,0.0,0.0
1997-10-31 00:00:00-05:00,1.0057393210274832,1.0230796541486467,1.0057393210274832,1.011519432067871,40100,0.0,0.0
1997-11-03 00:00:00-05:00,1.0115204886956648,1.0230807228521868,1.0115204886956648,1.0173006057739258,59600,0.0,0.0
1997-11-04 00:00:00-05:00,1.0115204886956648,1.0230807228521868,1.0115204886956648,1.0173006057739258,38100,0.0,0.0
1997-11-05 00:00:00-05:00,1.017299543108259,1.0230796541486467,1.011519432067871,1.011519432067871,52500,0.0,0.0
1997-11-06 00:00:00-05:00,1.011519432067871,1.017299543108259,1.0057393210274832,1.011519432067871,58500,0.0,0.0
1997-11-07 00:00:00-05:00,1.011520041816536,1.011520041816536,0.9999598127672042,1.0057399272918701,46200,0.0,0.0
1997-11-10 00:00:00-05:00,1.0126304626464844,1.0242698932516163,1.0068107473439183,1.0126304626464844,49500,0.074,0.0
1997-11-11 00:00:00-05:00,1.0068107473439183,1.0184501779490505,1.0068107473439183,1.0126304626464844,42100,0.0,0.0
1997-11-12 00:00:00-05:00,1.0359093238567485,1.0359093238567485,1.0068107473439183,1.0126304626464844,73300,0.0,0.0
1997-11-13 00:00:00-05:00,1.0068107473439183,1.0242698932516163,1.0068107473439183,1.0126304626464844,40300,0.0,0.0
1997-11-14 00:00:00-05:00,1.0126299517495292,1.0184496641159058,1.0126299517495292,1.0184496641159058,35600,0.0,0.0
1997-11-17 00:00:00-05:00,1.0126304626464844,1.0242698932516163,1.0126304626464844,1.0126304626464844,39900,0.0,0.0
1997-11-18 00:00:00-05:00,1.0242693764822823,1.0242693764822823,1.0126299517495292,1.0184496641159058,67500,0.0,0.0
1997-11-19 00:00:00-05:00,1.0184498673135585,1.0359090078960767,1.0184498673135585,1.0242695808410645,53800,0.0,0.0
1997-11-20 00:00:00-05:00,1.0300892943685704,1.0359090078960767,1.0242695808410645,1.0242695808410645,59700,0.0,0.0
1997-11-21 00:00:00-05:00,1.0300892943685704,1.0359090078960767,1.0242695808410645,1.0242695808410645,41200,0.0,0.0
1997-11-24 00:00:00-05:00,1.0242695808410645,1.0359090078960767,1.0242695808410645,1.0242695808410645,56100,0.0,0.0
1997-11-25 00:00:00-05:00,1.0300892943685704,1.0359090078960767,1.0242695808410645,1.0242695808410645,50000,0.0,0.0
1997-11-26 00:00:00-05:00,1.0242689531401725,1.03590837306222,1.0242689531401725,1.0300886631011963,36100,0.0,0.0
1997-11-28 00:00:00-05:00,1.0359090566635132,1.0359090566635132,1.0300893428620328,1.0359090566635132,103100,0.0,0.0
1997-12-01 00:00:00-05:00,1.0475477929842674,1.0475477929842674,1.0242689531401725,1.0300886631011963,55100,0.0,0.0
1997-12-02 00:00:00-05:00,1.0242689531401725,1.03590837306222,1.0242689531401725,1.0300886631011963,73100,0.0,0.0
1997-12-03 00:00:00-05:00,1.0242697223202213,1.0591880083084106,1.0242697223202213,1.0591880083084106,102200,0.0,0.0
1997-12-04 00:00:00-05:00,1.053368726041582,1.0591884427600438,1.0475490093231201,1.0475490093231201,66700,0.0,0.0
1997-12-05 00:00:00-05:00,1.0475490896741328,1.0533688068389893,1.0475490896741328,1.0533688068389893,105000,0.0,0.0
1997-12-08 00:00:00-05:00,1.0427294969558716,1.077877682246519,1.0427294969558716,1.0427294969558716,95000,0.074,0.0
1997-12-09 00:00:00-05:00,1.0427299883142747,1.0485880219564898,1.0310139210298446,1.0339429378509521,93100,0.0,0.0
1997-12-10 00:00:00-05:00,1.02515596117677,1.0427300633683716,1.02515596117677,1.0368720293045044,66800,0.0,0.0
1997-12-11 00:00:00-05:00,1.0485879913014904,1.0485879913014904,1.025155857417658,1.0280848741531372,108800,0.0,0.0
1997-12-12 00:00:00-05:00,1.0310134351923226,1.0427294969558716,1.0310134351923226,1.0427294969558716,109400,0.0,0.0
1997-12-15 00:00:00-05:00,1.036872119388797,1.0427301539616152,1.031014084815979,1.031014084815979,57200,0.0,0.0
1997-12-16 00:00:00-05:00,1.0368714660740972,1.0427294969558716,1.0310134351923226,1.0427294969558716,48200,0.0,0.0
1997-12-17 00:00:00-05:00,1.0368714660740972,1.0427294969558716,1.0368714660740972,1.0427294969558716,45500,0.0,0.0
1997-12-18 00:00:00-05:00,1.0368725790104396,1.04273061617999,1.0368725790104396,1.0398015975952148,78600,0.0,0.0
1997-12-19 00:00:00-05:00,1.0533936304992504,1.059345006942749,1.0533936304992504,1.059345006942749,50900,0.174,0.0
1997-12-22 00:00:00-05:00,1.0533936304992504,1.059345006942749,1.0533936304992504,1.059345006942749,27300,0.0,0.0
1997-12-23 00:00:00-05:00,1.0533943176269531,1.059345697952529,1.0533943176269531,1.0533943176269531,108300,0.0,0.0
1997-12-24 00:00:00-05:00,1.059345006942749,1.0652963833862477,1.059345006942749,1.059345006942749,21500,0.0,0.0
1997-12-26 00:00:00-05:00,1.0593450625737508,1.0712478160858154,1.0593450625737508,1.0712478160858154,142400,0.0,0.0
1997-12-29 00:00:00-05:00,1.0712482676159736,1.0771996468805067,1.0652968883514404,1.0652968883514404,227900,0.0,0.0
1997-12-30 00:00:00-05:00,1.071247759829746,1.071247759829746,1.0563693187209997,1.059345006942749,19400,0.0,0.0
1997-12-31 00:00:00-05:00,1.059345006942749,1.0652963833862477,1.0533936304992504,1.059345006942749,31500,0.0,0.0
1998-01-02 00:00:00-05:00,1.065297078278105,1.065297078278105,1.0533943176269531,1.0533943176269531,17300,0.0,0.0
1998-01-05 00:00:00-05:00,1.065297078278105,1.065297078278105,1.0533943176269531,1.0533943176269531,152900,0.0,0.0
1998-01-06 00:00:00-05:00,1.0533943176269531,1.059345697952529,1.0474429373013772,1.0533943176269531,76600,0.0,0.0
1998-01-07 00:00:00-05:00,1.059345697952529,1.059345697952529,1.0474429373013772,1.0533943176269531,92400,0.0,0.0
1998-01-08 00:00:00-05:00,1.0533943176269531,1.0533943176269531,1.0474429373013772,1.0533943176269531,42700,0.0,0.0
1998-01-09 00:00:00-05:00,1.0474427938461304,1.0533941733566197,1.0474427938461304,1.0474427938461304,37900,0.0,0.0
1998-01-12 00:00:00-05:00,1.0533936304992504,1.059345006942749,1.0474422540557518,1.059345006942749,101000,0.0,0.0
1998-01-13 00:00:00-05:00,1.0533945674627598,1.0593459491998376,1.0533945674627598,1.0563702583312988,56900,0.0,0.0
1998-01-14 00:00:00-05:00,1.0593455528671092,1.0593455528671092,1.0474427938461304,1.0474427938461304,49000,0.0,0.0
1998-01-15 00:00:00-05:00,1.0533943176269531,1.0533943176269531,1.0474429373013772,1.0533943176269531,56800,0.0,0.0
1998-01-16 00:00:00-05:00,1.0533941733566197,1.0533941733566197,1.0474427938461304,1.0474427938461304,48700,0.0,0.0
1998-01-20 00:00:00-05:00,1.0474427938461304,1.0593455528671092,1.0474427938461304,1.0474427938461304,36500,0.0,0.0
1998-01-21 00:00:00-05:00,1.0474427938461304,1.0533941733566197,1.0474427938461304,1.0474427938461304,23800,0.0,0.0
1998-01-22 00:00:00-05:00,1.0533936304992504,1.0652963833862477,1.0474422540557518,1.059345006942749,140900,0.0,0.0
1998-01-23 00:00:00-05:00,1.0593455528671092,1.0652969323775985,1.0474427938461304,1.0474427938461304,103000,0.0,0.0
1998-01-26 00:00:00-05:00,1.059345006942749,1.0652963833862477,1.0533936304992504,1.059345006942749,41800,0.0,0.0
1998-01-27 00:00:00-05:00,1.0533943176269531,1.065297078278105,1.0533943176269531,1.0533943176269531,41900,0.0,0.0
1998-01-28 00:00:00-05:00,1.0533936304992504,1.0652963833862477,1.0533936304992504,1.059345006942749,61200,0.0,0.0
1998-01-29 00:00:00-05:00,1.059345697952529,1.065297078278105,1.0533943176269531,1.0533943176269531,68000,0.0,0.0
1998-01-30 00:00:00-05:00,1.0533948265203907,1.0652975929217512,1.0533948265203907,1.0623219013214111,70200,0.0,0.0
1998-02-02 00:00:00-05:00,1.059345697952529,1.065297078278105,1.0533943176269531,1.0533943176269531,70000,0.0,0.0
1998-02-03 00:00:00-05:00,1.0533948265203907,1.0652975929217512,1.0533948265203907,1.0623219013214111,54000,0.0,0.0
1998-02-04 00:00:00-05:00,1.0593455090869073,1.0652968883514404,1.0533941298223741,1.0652968883514404,45600,0.0,0.0
1998-02-05 00:00:00-05:00,1.059346209721071,1.0652975929217512,1.0533948265203907,1.0623219013214111,61200,0.0,0.0
1998-02-06 00:00:00-05:00,1.059345006942749,1.0652963833862477,1.059345006942749,1.059345006942749,75600,0.0,0.0
1998-02-09 00:00:00-05:00,1.0593455090869073,1.0652968883514404,1.0593455090869073,1.0652968883514404,46600,0.0,0.0
1998-02-10 00:00:00-05:00,1.066399097442627,1.066399097442627,1.0544170851118109,1.066399097442627,54200,0.074,0.0
1998-02-11 00:00:00-05:00,1.060408353805542,1.066399361454161,1.054417346156923,1.060408353805542,41400,0.0,0.0
1998-02-12 00:00:00-05:00,1.060408353805542,1.066399361454161,1.054417346156923,1.060408353805542,130600,0.0,0.0
1998-02-13 00:00:00-05:00,1.054417346156923,1.060408353805542,1.0484263385083041,1.060408353805542,49600,0.0,0.0
1998-02-17 00:00:00-05:00,1.054417346156923,1.060408353805542,1.054417346156923,1.060408353805542,15800,0.0,0.0
1998-02-18 00:00:00-05:00,1.054417346156923,1.060408353805542,1.054417346156923,1.060408353805542,33600,0.0,0.0
1998-02-19 00:00:00-05:00,1.0544170851118109,1.066399097442627,1.0544170851118109,1.066399097442627,46700,0.0,0.0
1998-02-20 00:00:00-05:00,1.054417346156923,1.060408353805542,1.0484263385083041,1.060408353805542,73100,0.0,0.0
1998-02-23 00:00:00-05:00,1.060408353805542,1.060408353805542,1.054417346156923,1.060408353805542,46100,0.0,0.0
1998-02-24 00:00:00-05:00,1.054417346156923,1.060408353805542,1.054417346156923,1.060408353805542,97800,0.0,0.0
1998-02-25 00:00:00-05:00,1.0544170023023913,1.0604080079972913,1.0544170023023913,1.0574125051498413,43100,0.0,0.0
1998-02-26 00:00:00-05:00,1.060408353805542,1.066399361454161,1.054417346156923,1.060408353805542,32300,0.0,0.0
1998-02-27 00:00:00-05:00,1.060408353805542,1.066399361454161,1.054417346156923,1.060408353805542,33500,0.0,0.0
1998-03-02 00:00:00-05:00,1.0544178960036161,1.0723909283218598,1.0544178960036161,1.0693954229354858,185100,0.0,0.0
1998-03-03 00:00:00-05:00,1.066399361454161,1.0723903691027799,1.060408353805542,1.060408353805542,29900,0.0,0.0
1998-03-04 00:00:00-05:00,1.0723903691027799,1.0723903691027799,1.060408353805542,1.060408353805542,43900,0.0,0.0
1998-03-05 00:00:00-05:00,1.060408091277219,1.066399097442627,1.0544170851118109,1.066399097442627,41500,0.0,0.0
1998-03-06 00:00:00-05:00,1.066399097442627,1.066399097442627,1.060408091277219,1.066399097442627,29800,0.0,0.0
1998-03-09 00:00:00-05:00,1.060408353805542,1.0723903691027799,1.060408353805542,1.060408353805542,32500,0.0,0.0
1998-03-10 00:00:00-05:00,1.060408353805542,1.066399361454161,1.060408353805542,1.060408353805542,71700,0.0,0.0
1998-03-11 00:00:00-05:00,1.0675485134124756,1.0735798609458795,1.0615171658790719,1.0675485134124756,60300,0.074,0.0
1998-03-12 00:00:00-05:00,1.067549185996706,1.0735805373300205,1.0615178346633911,1.0615178346633911,47800,0.0,0.0
1998-03-13 00:00:00-05:00,1.0615171658790719,1.0675485134124756,1.0615171658790719,1.0675485134124756,48500,0.0,0.0
1998-03-16 00:00:00-05:00,1.0615178346633911,1.067549185996706,1.0615178346633911,1.0615178346633911,51900,0.0,0.0
1998-03-17 00:00:00-05:00,1.0615175519670759,1.0675489016941615,1.0554862022399902,1.0554862022399902,39200,0.0,0.0
1998-03-18 00:00:00-05:00,1.0554862022399902,1.0675489016941615,1.0554862022399902,1.0554862022399902,55700,0.0,0.0
1998-03-19 00:00:00-05:00,1.0554862022399902,1.0675489016941615,1.0554862022399902,1.0554862022399902,54500,0.0,0.0
1998-03-20 00:00:00-05:00,1.0615178346633911,1.067549185996706,1.0554864833300763,1.0615178346633911,41600,0.0,0.0
1998-03-23 00:00:00-05:00,1.0615178346633911,1.0735805373300205,1.0615178346633911,1.0615178346633911,51700,0.0,0.0
1998-03-24 00:00:00-05:00,1.0615178346633911,1.0735805373300205,1.0615178346633911,1.0615178346633911,94000,0.0,0.0
1998-03-25 00:00:00-05:00,1.0615169760886203,1.0735796689987183,1.0615169760886203,1.0735796689987183,46800,0.0,0.0
1998-03-26 00:00:00-05:00,1.0615175519670759,1.0735802514212471,1.0373921530587331,1.0554862022399902,270200,0.0,0.0
1998-03-27 00:00:00-05:00,1.0494555234909058,1.0615182306574678,1.0434241699076245,1.0494555234909058,68800,0.0,0.0
1998-03-30 00:00:00-05:00,1.0494548525129046,1.0615175519670759,1.0494548525129046,1.0554862022399902,187000,0.0,0.0
1998-03-31 00:00:00-05:00,1.0554868770741868,1.0554868770741868,1.0494555234909058,1.0494555234909058,54900,0.0,0.0
1998-04-01 00:00:00-05:00,1.0494555234909058,1.0615182306574678,1.0494555234909058,1.0494555234909058,60000,0.0,0.0
1998-04-02 00:00:00-05:00,1.0494548525129046,1.0615175519670759,1.0494548525129046,1.0554862022399902,66100,0.0,0.0
1998-04-03 00:00:00-05:00,1.0615175519670759,1.0615175519670759,1.0554862022399902,1.0554862022399902,51700,0.0,0.0
1998-04-06 00:00:00-04:00,1.067549185996706,1.067549185996706,1.0554864833300763,1.0615178346633911,46900,0.0,0.0
1998-04-07 00:00:00-04:00,1.0565622711181641,1.0626344680786133,1.0565622711181641,1.0626344680786133,56000,0.074,0.0
1998-04-08 00:00:00-04:00,1.0626353797195962,1.0626353797195962,1.0504909753799438,1.0504909753799438,61000,0.0,0.0
1998-04-09 00:00:00-04:00,1.056563377380371,1.0626355806986492,1.0504911740620932,1.056563377380371,97900,0.0,0.0
1998-04-13 00:00:00-04:00,1.056563377380371,1.0626355806986492,1.0504911740620932,1.056563377380371,36400,0.0,0.0
1998-04-14 00:00:00-04:00,1.0626353797195962,1.0626353797195962,1.0504909753799438,1.0504909753799438,44700,0.0,0.0
1998-04-15 00:00:00-04:00,1.056563377380371,1.0626355806986492,1.0504911740620932,1.056563377380371,54100,0.0,0.0
1998-04-16 00:00:00-04:00,1.0626344680786133,1.0626344680786133,1.0565622711181641,1.0626344680786133,45100,0.0,0.0
1998-04-17 00:00:00-04:00,1.056563377380371,1.0626355806986492,1.0504911740620932,1.056563377380371,16800,0.0,0.0
1998-04-20 00:00:00-04:00,1.0504909753799438,1.0626353797195962,1.0504909753799438,1.0504909753799438,48000,0.0,0.0
1998-04-21 00:00:00-04:00,1.0504909753799438,1.0565631775497701,1.0444187732101176,1.0504909753799438,58300,0.0,0.0
1998-04-22 00:00:00-04:00,1.0565631775497701,1.0687075818894225,1.0504909753799438,1.0504909753799438,80700,0.0,0.0
1998-04-23 00:00:00-04:00,1.0565631775497701,1.0626353797195962,1.0504909753799438,1.0504909753799438,37300,0.0,0.0
1998-04-24 00:00:00-04:00,1.056563377380371,1.056563377380371,1.0504911740620932,1.056563377380371,38300,0.0,0.0
1998-04-27 00:00:00-04:00,1.0444187732101176,1.0565631775497701,1.0383465710402913,1.0504909753799438,173800,0.0,0.0
1998-04-28 00:00:00-04:00,1.0504902947780699,1.0565624930137811,1.0444180965423584,1.0444180965423584,16000,0.0,0.0
1998-04-29 00:00:00-04:00,1.0444187732101176,1.0504909753799438,1.0444187732101176,1.0504909753799438,36500,0.0,0.0
1998-04-30 00:00:00-04:00,1.0444189707438152,1.0626355806986492,1.0444189707438152,1.056563377380371,47600,0.0,0.0
1998-05-01 00:00:00-04:00,1.0504902947780699,1.0565624930137811,1.0444180965423584,1.0444180965423584,37000,0.0,0.0
1998-05-04 00:00:00-04:00,1.0504911740620932,1.056563377380371,1.0444189707438152,1.056563377380371,45300,0.0,0.0
1998-05-05 00:00:00-04:00,1.0504909753799438,1.0565631775497701,1.0444187732101176,1.0504909753799438,57300,0.0,0.0
1998-05-06 00:00:00-04:00,1.0565624930137811,1.0565624930137811,1.0444180965423584,1.0444180965423584,42100,0.0,0.0
1998-05-07 00:00:00-04:00,1.0444180965423584,1.0504902947780699,1.0444180965423584,1.0444180965423584,59400,0.0,0.0
1998-05-08 00:00:00-04:00,1.0444187309309754,1.0504909328549927,1.038346529006958,1.038346529006958,84800,0.0,0.0
1998-05-11 00:00:00-04:00,1.0394715627975013,1.0455861014021923,1.03335702419281,1.03335702419281,105700,0.074,0.0
1998-05-12 00:00:00-04:00,1.0394705533981323,1.04558508606518,1.0333560207310843,1.0394705533981323,88900,0.0,0.0
1998-05-13 00:00:00-04:00,1.0394715627975013,1.0517006400068836,1.03335702419281,1.03335702419281,104300,0.0,0.0
1998-05-14 00:00:00-04:00,1.0394705533981323,1.0394705533981323,1.0333560207310843,1.0394705533981323,75400,0.0,0.0
1998-05-15 00:00:00-04:00,1.0333576798439026,1.039472222328186,1.0272431373596191,1.0272431373596191,93300,0.0,0.0
1998-05-18 00:00:00-04:00,1.033356642000603,1.033356642000603,1.0088984966278076,1.0088984966278076,60100,0.0,0.0
1998-05-19 00:00:00-04:00,1.0272421056574041,1.0272421056574041,1.0088984966278076,1.0088984966278076,57000,0.0,0.0
1998-05-20 00:00:00-04:00,1.0150138139724731,1.027242896068527,1.0088992729244461,1.0150138139724731,105300,0.0,0.0
1998-05-21 00:00:00-04:00,1.008899097671052,1.0211281776428223,1.008899097671052,1.0211281776428223,119600,0.0,0.0
1998-05-22 00:00:00-04:00,1.0150130329710065,1.0211275693142052,1.0088984966278076,1.0088984966278076,55400,0.0,0.0
1998-05-26 00:00:00-04:00,1.0211275693142052,1.0211275693142052,1.0088984966278076,1.0088984966278076,78200,0.0,0.0
1998-05-27 00:00:00-04:00,1.0088986703535405,1.0211277451457046,1.0027841329574585,1.0027841329574585,204300,0.0,0.0
1998-05-28 00:00:00-04:00,1.015013637656937,1.0272427176287073,1.0027845576851668,1.0211281776428223,70100,0.0,0.0
1998-05-29 00:00:00-04:00,1.0272431373596191,1.0272431373596191,1.0150140523910522,1.0272431373596191,38200,0.0,0.0
1998-06-01 00:00:00-04:00,1.0211279671471398,1.0272425058725718,1.0150134284217078,1.0180706977844238,70600,0.0,0.0
1998-06-02 00:00:00-04:00,1.0211281776428223,1.0272427176287073,1.015013637656937,1.0211281776428223,33900,0.0,0.0
1998-06-03 00:00:00-04:00,1.0272416813790977,1.0333562151968303,1.0211271475613648,1.0302989482879639,38200,0.0,0.0
1998-06-04 00:00:00-04:00,1.0272431373596191,1.0333576798439026,1.0272431373596191,1.0272431373596191,36500,0.0,0.0
1998-06-05 00:00:00-04:00,1.0333560207310843,1.0394705533981323,1.0272414880640366,1.0394705533981323,63400,0.0,0.0
1998-06-08 00:00:00-04:00,1.0394705533981323,1.04558508606518,1.0333560207310843,1.0394705533981323,80600,0.0,0.0
1998-06-09 00:00:00-04:00,1.0467620830089726,1.0590769310443722,1.0467620830089726,1.0529195070266724,27900,0.074,0.0
1998-06-10 00:00:00-04:00,1.0406043529510498,1.0529191973646717,1.0406043529510498,1.0406043529510498,33600,0.0,0.0
1998-06-11 00:00:00-04:00,1.0344469307442388,1.0467617751578606,1.0344469307442388,1.0406043529510498,39100,0.0,0.0
1998-06-12 00:00:00-04:00,1.0406050965899512,1.0406050965899512,1.0344476699829102,1.0344476699829102,37500,0.0,0.0
1998-06-15 00:00:00-04:00,1.0344467892366296,1.0467616319656372,1.0282893678721259,1.0467616319656372,52400,0.0,0.0
1998-06-16 00:00:00-04:00,1.0467617751578606,1.0467617751578606,1.0344469307442388,1.0406043529510498,58900,0.0,0.0
1998-06-17 00:00:00-04:00,1.0344469307442388,1.0467617751578606,1.0344469307442388,1.0406043529510498,57800,0.0,0.0
1998-06-18 00:00:00-04:00,1.0406043529510498,1.0467617751578606,1.0344469307442388,1.0406043529510498,64500,0.0,0.0
1998-06-19 00:00:00-04:00,1.03444712420544,1.0406045475638057,1.0221322774887085,1.0221322774887085,159000,0.0,0.0
1998-06-22 00:00:00-04:00,1.0159748541303428,1.0221322774887085,1.0098174307719772,1.0221322774887085,138600,0.0,0.0
1998-06-23 00:00:00-04:00,1.028289794921875,1.034447218843563,1.022132371000187,1.028289794921875,80900,0.0,0.0
1998-06-24 00:00:00-04:00,1.0344476699829102,1.0467625231969924,1.0344476699829102,1.0344476699829102,85500,0.0,0.0
1998-06-25 00:00:00-04:00,1.0406050965899512,1.0406050965899512,1.0344476699829102,1.0344476699829102,89900,0.0,0.0
1998-06-26 00:00:00-04:00,1.0406043529510498,1.0467617751578606,1.0344469307442388,1.0406043529510498,59900,0.0,0.0
1998-06-29 00:00:00-04:00,1.0344469307442388,1.0467617751578606,1.0344469307442388,1.0406043529510498,147300,0.0,0.0
1998-06-30 00:00:00-04:00,1.03444712420544,1.0406045475638057,1.0221322774887085,1.0221322774887085,39500,0.0,0.0
1998-07-01 00:00:00-04:00,1.028289794921875,1.028289794921875,1.022132371000187,1.028289794921875,36300,0.0,0.0
1998-07-02 00:00:00-04:00,1.028290243375869,1.0344476699829102,1.028290243375869,1.0344476699829102,52900,0.0,0.0
1998-07-06 00:00:00-04:00,1.028289508537428,1.0406043529510498,1.028289508537428,1.0406043529510498,44000,0.0,0.0
1998-07-07 00:00:00-04:00,1.0417461395263672,1.0479470094045003,1.035545269648234,1.0417461395263672,73100,0.074,0.0
1998-07-08 00:00:00-04:00,1.035545269648234,1.0479470094045003,1.035545269648234,1.0417461395263672,55900,0.0,0.0
1998-07-09 00:00:00-04:00,1.0417461395263672,1.0479470094045003,1.035545269648234,1.0417461395263672,27300,0.0,0.0
1998-07-10 00:00:00-04:00,1.0479463338851929,1.0479463338851929,1.0417454680042153,1.0479463338851929,26600,0.0,0.0
1998-07-13 00:00:00-04:00,1.0417461395263672,1.0479470094045003,1.035545269648234,1.0417461395263672,18500,0.0,0.0
1998-07-14 00:00:00-04:00,1.035545269648234,1.0479470094045003,1.035545269648234,1.0417461395263672,30400,0.0,0.0
1998-07-15 00:00:00-04:00,1.0417454999364064,1.0417454999364064,1.0293437677943065,1.0355446338653564,53300,0.0,0.0
1998-07-16 00:00:00-04:00,1.0417461395263672,1.0417461395263672,1.0293443997701008,1.0417461395263672,34700,0.0,0.0
1998-07-17 00:00:00-04:00,1.0293434858322144,1.0417452145771808,1.0293434858322144,1.0293434858322144,50000,0.0,0.0
1998-07-20 00:00:00-04:00,1.0417461395263672,1.0417461395263672,1.0293443997701008,1.0417461395263672,57300,0.0,0.0
1998-07-21 00:00:00-04:00,1.0417461395263672,1.0417461395263672,1.0293443997701008,1.0417461395263672,61600,0.0,0.0
1998-07-22 00:00:00-04:00,1.0355446338653564,1.0479463660074564,1.0355446338653564,1.0355446338653564,61100,0.0,0.0
1998-07-23 00:00:00-04:00,1.0417454999364064,1.0479463660074564,1.0293437677943065,1.0355446338653564,136600,0.0,0.0
1998-07-24 00:00:00-04:00,1.035544602123238,1.0479463338851929,1.0293437362422604,1.0479463338851929,103700,0.0,0.0
1998-07-27 00:00:00-04:00,1.0417461395263672,1.0417461395263672,1.0293443997701008,1.0417461395263672,147500,0.0,0.0
1998-07-28 00:00:00-04:00,1.0293437677943065,1.0417454999364064,1.0293437677943065,1.0355446338653564,60600,0.0,0.0
1998-07-29 00:00:00-04:00,1.0293434858322144,1.0355443502046975,1.0293434858322144,1.0293434858322144,40200,0.0,0.0
1998-07-30 00:00:00-04:00,1.0293443997701008,1.0417461395263672,1.0293443997701008,1.0417461395263672,48200,0.0,0.0
1998-07-31 00:00:00-04:00,1.0355446338653564,1.0417454999364064,1.0293437677943065,1.0355446338653564,12800,0.0,0.0
1998-08-03 00:00:00-04:00,1.0293437677943065,1.0417454999364064,1.0293437677943065,1.0355446338653564,67800,0.0,0.0
1998-08-04 00:00:00-04:00,1.0355446338653564,1.0417454999364064,1.0293437677943065,1.0355446338653564,43600,0.0,0.0
1998-08-05 00:00:00-04:00,1.0355446338653564,1.0479463660074564,1.0355446338653564,1.0355446338653564,46900,0.0,0.0
1998-08-06 00:00:00-04:00,1.035545269648234,1.0417461395263672,1.035545269648234,1.0417461395263672,24600,0.0,0.0
1998-08-07 00:00:00-04:00,1.0417452145771808,1.0417452145771808,1.0293434858322144,1.0293434858322144,19800,0.0,0.0
1998-08-10 00:00:00-04:00,1.030492901802063,1.036738313328136,1.030492901802063,1.030492901802063,56200,0.074,0.0
1998-08-11 00:00:00-04:00,1.030492901802063,1.036738313328136,1.030492901802063,1.030492901802063,34900,0.0,0.0
1998-08-12 00:00:00-04:00,1.0367380380630493,1.042983447930899,1.0304926281951996,1.0367380380630493,61600,0.0,0.0
1998-08-13 00:00:00-04:00,1.0367380380630493,1.042983447930899,1.0304926281951996,1.0367380380630493,76300,0.0,0.0
1998-08-14 00:00:00-04:00,1.0304926281951996,1.042983447930899,1.0304926281951996,1.0367380380630493,38700,0.0,0.0
1998-08-17 00:00:00-04:00,1.036738313328136,1.036738313328136,1.030492901802063,1.030492901802063,42000,0.0,0.0
1998-08-18 00:00:00-04:00,1.0304930588094199,1.0429838837646856,1.024247646331787,1.024247646331787,76100,0.0,0.0
1998-08-19 00:00:00-04:00,1.0367384712870527,1.0367384712870527,1.024247646331787,1.024247646331787,32900,0.0,0.0
1998-08-20 00:00:00-04:00,1.0304927715548762,1.0367381822915724,1.0117565393447876,1.0117565393447876,70000,0.0,0.0
1998-08-21 00:00:00-04:00,1.0055113746102449,1.0117567868749047,0.9742843132869453,0.9805297255516052,91800,0.0,0.0
1998-08-24 00:00:00-04:00,0.974283919614904,0.9867747390971464,0.9555476903915405,0.9555476903915405,71600,0.0,0.0
1998-08-25 00:00:00-04:00,0.9617925317663896,0.9742833438672518,0.9493017196655275,0.9493017196655273,79900,0.0,0.0
1998-08-26 00:00:00-04:00,0.9493027885488216,0.9555482016313797,0.9118303100534734,0.9305665493011475,181800,0.0,0.0
1998-08-27 00:00:00-04:00,0.9243206416859345,0.9617931001326616,0.9118298222036922,0.9555476903915405,101500,0.0,0.0
1998-08-28 00:00:00-04:00,0.9555470041640394,0.9680378146759876,0.9555470041640394,0.9617924094200134,102500,0.0,0.0
1998-08-31 00:00:00-04:00,0.9617931001326616,0.974283919614904,0.9555476903915405,0.9555476903915405,64200,0.0,0.0
1998-09-01 00:00:00-04:00,0.9680385098737828,0.974283919614904,0.9368114611681769,0.9555476903915405,75900,0.0,0.0
1998-09-02 00:00:00-04:00,0.9555470041640394,0.9742832199319617,0.9555470041640394,0.9617924094200134,57900,0.0,0.0
1998-09-03 00:00:00-04:00,0.9430560151191606,0.9555468232664343,0.9118289947509765,0.9118289947509766,82800,0.0,0.0
1998-09-04 00:00:00-04:00,0.9180750508566161,0.9305658678750734,0.9118296423473874,0.9243204593658447,75500,0.0,0.0
1998-09-08 00:00:00-04:00,0.9243206416859345,0.9867747390971464,0.9243206416859345,0.9555476903915405,108500,0.0,0.0
1998-09-09 00:00:00-04:00,0.9630003719521849,0.9630003719521849,0.9315297715615906,0.9378238916397095,70700,0.074,0.0
1998-09-10 00:00:00-04:00,0.9441178420494343,0.9441178420494343,0.9126472473144531,0.9126472473144531,89400,0.0,0.0
1998-09-11 00:00:00-04:00,0.9126473431820636,0.925235582398368,0.8937649843576072,0.9000591039657593,119000,0.0,0.0
1998-09-14 00:00:00-04:00,0.9063522364642169,0.9315286874771118,0.9063522364642169,0.9315286874771118,108100,0.0,0.0
1998-09-15 00:00:00-04:00,0.925234574723888,0.9441169129835593,0.925234574723888,0.9315286874771118,97500,0.0,0.0
1998-09-16 00:00:00-04:00,0.9378237843513489,0.9504120230674744,0.9378237843513489,0.9441179037094116,72100,0.0,0.0
1998-09-17 00:00:00-04:00,0.9315286874771118,0.9441169129835593,0.9315286874771118,0.9315286874771118,79800,0.0,0.0
1998-09-18 00:00:00-04:00,0.9378234432233091,0.9567057944291475,0.9315293261546963,0.9504116773605347,65200,0.0,0.0
1998-09-21 00:00:00-04:00,0.9441175602919218,0.9567057944291475,0.9441175602919218,0.9504116773605347,61400,0.0,0.0
1998-09-22 00:00:00-04:00,0.956706166267395,0.9692944052972292,0.9441179272375608,0.956706166267395,64300,0.0,0.0
1998-09-23 00:00:00-04:00,0.956706166267395,0.9692944052972292,0.956706166267395,0.956706166267395,33600,0.0,0.0
1998-09-24 00:00:00-04:00,0.9692946571150637,0.9692946571150637,0.9567064148148681,0.9630005359649658,39800,0.0,0.0
1998-09-25 00:00:00-04:00,0.9567064148148681,0.9692946571150637,0.9567064148148681,0.9630005359649658,78000,0.0,0.0
1998-09-28 00:00:00-04:00,0.9692941706651335,0.9881765246391296,0.9692941706651335,0.9881765246391296,60600,0.0,0.0
1998-09-29 00:00:00-04:00,0.9881765246391296,0.9944706426304616,0.9692941706651335,0.9881765246391296,120300,0.0,0.0
1998-09-30 00:00:00-04:00,0.9944712021065958,1.000765323638916,0.9818829590419553,1.000765323638916,135500,0.0,0.0
1998-10-01 00:00:00-04:00,1.0070588317098497,1.0196470671062228,0.9944705963134766,0.9944705963134766,229700,0.0,0.0
1998-10-02 00:00:00-04:00,1.0070589780807495,1.0196472153067588,1.0070589780807495,1.0070589780807495,69800,0.0,0.0
1998-10-05 00:00:00-04:00,1.0070594451712362,1.0070594451712362,0.9944712021065958,1.000765323638916,67500,0.0,0.0
1998-10-06 00:00:00-04:00,1.0133530966937543,1.0196472153067588,0.9881766222417355,1.0070589780807495,61100,0.0,0.0
1998-10-07 00:00:00-04:00,1.0145666014473393,1.0209076427063852,1.0018845189292476,1.0082255601882935,37600,0.074,0.0
1998-10-08 00:00:00-04:00,1.0145668867157727,1.0526131449676142,1.0018848006318255,1.039931058883667,185900,0.0,0.0
1998-10-09 00:00:00-04:00,1.027249424320877,1.027249424320877,0.9955441951751709,0.9955441951751709,49900,0.0,0.0
1998-10-12 00:00:00-04:00,0.9955441951751709,1.0082262868334533,0.9955441951751709,0.9955441951751709,43800,0.0,0.0
1998-10-13 00:00:00-04:00,1.0018852410043122,1.0018852410043122,0.9955441951751709,0.9955441951751709,73600,0.0,0.0
1998-10-14 00:00:00-04:00,0.9955437210125802,0.9955437210125802,0.9892026782035828,0.9892026782035828,54100,0.0,0.0
1998-10-15 00:00:00-04:00,0.9892028421163559,1.0145670175552368,0.9892028421163559,1.0145670175552368,94000,0.0,0.0
1998-10-16 00:00:00-04:00,1.020908061414957,1.0272491052746773,1.0145670175552368,1.0145670175552368,48400,0.0,0.0
1998-10-19 00:00:00-04:00,1.0145670175552368,1.0145670175552368,1.0018849298357964,1.0145670175552368,33500,0.0,0.0
1998-10-20 00:00:00-04:00,1.0018845189292476,1.0209076427063852,1.0018845189292476,1.0082255601882935,30900,0.0,0.0
1998-10-21 00:00:00-04:00,1.0145665422270569,1.0145665422270569,1.0018844604492188,1.0018844604492188,25700,0.0,0.0
1998-10-22 00:00:00-04:00,1.0018849298357964,1.0145670175552368,1.0018849298357964,1.0145670175552368,51300,0.0,0.0
1998-10-23 00:00:00-04:00,1.0145666014473393,1.0272486839654311,1.0082255601882935,1.0082255601882935,54500,0.0,0.0
1998-10-26 00:00:00-05:00,1.0082255013381378,1.020907583115976,1.0018844604492188,1.0018844604492188,101000,0.0,0.0
1998-10-27 00:00:00-05:00,1.0082255601882935,1.0209076427063852,1.0018845189292476,1.0082255601882935,51600,0.0,0.0
1998-10-28 00:00:00-05:00,1.0145666014473393,1.0145666014473393,1.0018845189292476,1.0082255601882935,49400,0.0,0.0
1998-10-29 00:00:00-05:00,1.0082259736955166,1.0272491052746773,1.0082259736955166,1.0145670175552368,79500,0.0,0.0
1998-10-30 00:00:00-05:00,1.014566714046923,1.0335898399353027,1.014566714046923,1.0335898399353027,103000,0.0,0.0
1998-11-02 00:00:00-05:00,1.0272483825683594,1.0335894219669295,1.0145663037712191,1.0272483825683594,38700,0.0,0.0
1998-11-03 00:00:00-05:00,1.0209074020385742,1.027248441802789,1.0145663622743595,1.0209074020385742,24700,0.0,0.0
1998-11-04 00:00:00-05:00,1.0209074020385742,1.027248441802789,1.0209074020385742,1.0209074020385742,29400,0.0,0.0
1998-11-05 00:00:00-05:00,1.020908061414957,1.0272491052746773,1.0145670175552368,1.0145670175552368,65000,0.0,0.0
1998-11-06 00:00:00-05:00,1.0093539759516716,1.0221306085586548,1.0093539759516716,1.0221306085586548,35300,0.074,0.0
1998-11-09 00:00:00-05:00,1.0157419443130493,1.0157419443130493,1.009353630197873,1.0157419443130493,74500,0.0,0.0
1998-11-10 00:00:00-05:00,1.0157417119303835,1.0157417119303835,1.0093533992767334,1.0093533992767334,62300,0.0,0.0
1998-11-11 00:00:00-05:00,1.009353630197873,1.0157419443130493,1.009353630197873,1.0157419443130493,62200,0.0,0.0
1998-11-12 00:00:00-05:00,1.0157419443130493,1.0157419443130493,1.009353630197873,1.0157419443130493,33900,0.0,0.0
1998-11-13 00:00:00-05:00,1.009353630197873,1.0221302584282257,1.009353630197873,1.0157419443130493,60900,0.0,0.0
1998-11-16 00:00:00-05:00,1.0157422922551633,1.0221306085586548,1.0157422922551633,1.0221306085586548,78300,0.0,0.0
1998-11-17 00:00:00-05:00,1.0157422922551633,1.0221306085586548,1.0093539759516716,1.0221306085586548,95300,0.0,0.0
1998-11-18 00:00:00-05:00,1.0221306085586548,1.0221306085586548,1.0093539759516716,1.0221306085586548,75800,0.0,0.0
1998-11-19 00:00:00-05:00,1.0093533992767334,1.0157417119303835,1.0093533992767334,1.0093533992767334,82700,0.0,0.0
1998-11-20 00:00:00-05:00,1.0093533992767334,1.0157417119303835,1.0093533992767334,1.0093533992767334,84900,0.0,0.0
1998-11-23 00:00:00-05:00,1.0093533992767334,1.022130024584034,1.0093533992767334,1.0093533992767334,174100,0.0,0.0
1998-11-24 00:00:00-05:00,1.0221306085586548,1.0221306085586548,1.0157422922551633,1.0221306085586548,134500,0.0,0.0
1998-11-25 00:00:00-05:00,1.022130024584034,1.028518337237684,1.0093533992767334,1.0093533992767334,63800,0.0,0.0
1998-11-27 00:00:00-05:00,1.0157422922551633,1.0221306085586548,1.0093539759516716,1.0221306085586548,17300,0.0,0.0
1998-11-30 00:00:00-05:00,1.0221311912773559,1.0476844710592899,1.0221311912773559,1.0285195112228394,88600,0.0,0.0
1998-12-01 00:00:00-05:00,1.0221311912773559,1.0285195112228394,1.0157428713318724,1.0285195112228394,49600,0.0,0.0
1998-12-02 00:00:00-05:00,1.0285189248621465,1.034907241165638,1.0221306085586548,1.0221306085586548,41300,0.0,0.0
1998-12-03 00:00:00-05:00,1.0221302584282257,1.028518572543402,1.0157419443130493,1.0157419443130493,39800,0.0,0.0
1998-12-04 00:00:00-05:00,1.0285189248621465,1.0285189248621465,1.0157422922551633,1.0221306085586548,90100,0.0,0.0
1998-12-07 00:00:00-05:00,1.0221302584282257,1.028518572543402,1.0157419443130493,1.0157419443130493,42400,0.0,0.0
1998-12-08 00:00:00-05:00,1.0157414058159138,1.0285180272727177,1.0157414058159138,1.0189355611801147,52200,0.0,0.0
1998-12-09 00:00:00-05:00,1.0233384557068348,1.02977454662323,1.0169023647904396,1.02977454662323,73700,0.074,0.0
1998-12-10 00:00:00-05:00,1.0233381986618042,1.0297742879615641,1.0169021093620445,1.0233381986618042,113800,0.0,0.0
1998-12-11 00:00:00-05:00,1.0233384557068348,1.02977454662323,1.0169023647904396,1.02977454662323,136500,0.0,0.0
1998-12-14 00:00:00-05:00,1.0169021093620445,1.0297742879615641,1.0169021093620445,1.0233381986618042,80800,0.0,0.0
1998-12-15 00:00:00-05:00,1.0297742879615641,1.0297742879615641,1.0169021093620445,1.0233381986618042,96000,0.0,0.0
1998-12-16 00:00:00-05:00,1.016902208328247,1.0233382982543753,1.016902208328247,1.016902208328247,70200,0.0,0.0
1998-12-17 00:00:00-05:00,1.0233381986618042,1.0233381986618042,1.0169021093620445,1.0233381986618042,43500,0.0,0.0
1998-12-18 00:00:00-05:00,1.016510009765625,1.0295421893780048,1.0099939199594352,1.016510009765625,71900,0.122,0.0
1998-12-21 00:00:00-05:00,1.0165102404932822,1.0230263317784956,1.0034780579228555,1.0099941492080688,167400,0.0,0.0
1998-12-22 00:00:00-05:00,1.0165102248098337,1.0295424071791905,0.9969619512557985,0.9969619512557983,111300,0.0,0.0
1998-12-23 00:00:00-05:00,1.0034780424404768,1.0099941336251552,0.9969619512557985,0.9969619512557983,84700,0.0,0.0
1998-12-24 00:00:00-05:00,1.0034780579228555,1.0099941492080688,1.0034780579228555,1.0099941492080688,17300,0.0,0.0
1998-12-28 00:00:00-05:00,1.0034767389297485,1.0099928216500715,0.9904445734891025,1.0034767389297485,158400,0.0,0.0
1998-12-29 00:00:00-05:00,1.0099939199594352,1.023026099571815,1.0034778301532452,1.016510009765625,87900,0.0,0.0
1998-12-30 00:00:00-05:00,1.0099939199594352,1.023026099571815,1.0034778301532452,1.016510009765625,100500,0.0,0.0
1998-12-31 00:00:00-05:00,1.0099936936311662,1.0295419586691887,1.0099936936311662,1.0230258703231812,179500,0.0,0.0
1999-01-04 00:00:00-05:00,1.0230258703231812,1.0295419586691887,1.0165097819771738,1.0230258703231812,25400,0.0,0.0
1999-01-05 00:00:00-05:00,1.016510009765625,1.0295421893780048,1.016510009765625,1.016510009765625,48600,0.0,0.0
1999-01-06 00:00:00-05:00,1.0295421893780048,1.0295421893780048,1.0099939199594352,1.016510009765625,66800,0.0,0.0
1999-01-07 00:00:00-05:00,1.0230263317784956,1.029542423063709,1.0099941492080688,1.0099941492080688,62900,0.0,0.0
1999-01-08 00:00:00-05:00,1.0099939569976508,1.016510047042797,0.9969617769073587,1.0002198219299316,118400,0.0,0.0
1999-01-11 00:00:00-05:00,0.996961043461373,1.0034771287127544,0.9904449582099915,0.9904449582099915,42400,0.0,0.0
1999-01-12 00:00:00-05:00,0.9969606562094255,1.0034767389297485,0.9904445734891025,1.0034767389297485,82800,0.0,0.0
1999-01-13 00:00:00-05:00,0.9839284907687794,1.0034767389297485,0.9774124080484564,1.0034767389297485,60900,0.0,0.0
1999-01-14 00:00:00-05:00,1.0034780579228555,1.0099941492080688,0.9904458753524288,1.0099941492080688,48500,0.0,0.0
1999-01-15 00:00:00-05:00,1.0034767389297485,1.0099928216500715,0.9969606562094255,1.0034767389297485,32100,0.0,0.0
1999-01-19 00:00:00-05:00,0.996961043461373,1.0034771287127544,0.9904449582099915,0.9904449582099915,58900,0.0,0.0
1999-01-20 00:00:00-05:00,1.0034767389297485,1.0099928216500715,0.9969606562094255,1.0034767389297485,42900,0.0,0.0
1999-01-21 00:00:00-05:00,1.0034771287127544,1.0034771287127544,0.9904449582099915,0.9904449582099915,65000,0.0,0.0
1999-01-22 00:00:00-05:00,0.9969619666376421,1.0099941492080688,0.9904458753524288,1.0099941492080688,35500,0.0,0.0
1999-01-25 00:00:00-05:00,1.0099941492080688,1.029542423063709,1.0034780579228555,1.0099941492080688,82100,0.0,0.0
1999-01-26 00:00:00-05:00,1.0099936936311662,1.0295419586691887,1.0099936936311662,1.0230258703231812,37100,0.0,0.0
1999-01-27 00:00:00-05:00,1.0295413732528687,1.0295413732528687,1.0165092039711867,1.0295413732528687,97800,0.0,0.0
1999-01-28 00:00:00-05:00,1.0295413732528687,1.0295413732528687,1.0165092039711867,1.0295413732528687,165700,0.0,0.0
1999-01-29 00:00:00-05:00,1.0230252886120277,1.0295413732528687,1.0165092039711867,1.0295413732528687,77000,0.0,0.0
1999-02-01 00:00:00-05:00,1.0230252886120277,1.0360574578937096,1.0230252886120277,1.0295413732528687,92400,0.0,0.0
1999-02-02 00:00:00-05:00,1.0360574578937096,1.0360574578937096,1.0230252886120277,1.0295413732528687,80700,0.0,0.0
1999-02-03 00:00:00-05:00,1.0360574578937096,1.0360574578937096,1.0295413732528687,1.0295413732528687,58100,0.0,0.0
1999-02-04 00:00:00-05:00,1.0425741353612037,1.0425741353612037,1.0230258703231812,1.0230258703231812,62100,0.0,0.0
1999-02-05 00:00:00-05:00,1.0230252886120277,1.0295413732528687,1.0230252886120277,1.0295413732528687,59200,0.0,0.0
1999-02-08 00:00:00-05:00,1.024185061454773,1.0307503503102522,1.024185061454773,1.024185061454773,38200,0.074,0.0
1999-02-09 00:00:00-05:00,1.0241856175084267,1.0307509099283525,1.017620325088501,1.017620325088501,88500,0.0,0.0
1999-02-10 00:00:00-05:00,1.017620325088501,1.0307509099283525,1.017620325088501,1.017620325088501,28900,0.0,0.0
1999-02-11 00:00:00-05:00,1.017620325088501,1.0307509099283525,1.011055032668575,1.017620325088501,54000,0.0,0.0
1999-02-12 00:00:00-05:00,1.0176182451186242,1.0176182451186242,1.0110529661178589,1.0110529661178589,19000,0.0,0.0
1999-02-16 00:00:00-05:00,1.0110537637221186,1.0176190479021323,0.9979231953620911,0.9979231953620911,90800,0.0,0.0
1999-02-17 00:00:00-05:00,1.0044885873794556,1.0110538722642886,0.9979233024946226,1.0044885873794556,51200,0.0,0.0
1999-02-18 00:00:00-05:00,0.9979231953620911,1.0044884795421047,0.9979231953620911,0.9979231953620911,45000,0.0,0.0
1999-02-19 00:00:00-05:00,1.0044887930352167,1.0044887930352167,0.99135822057724,0.99135822057724,65400,0.0,0.0
1999-02-22 00:00:00-05:00,0.9979231953620911,1.0044884795421047,0.9913579111820773,0.9979231953620911,64300,0.0,0.0
1999-02-23 00:00:00-05:00,0.9979233024946226,1.0044885873794556,0.9979233024946226,1.0044885873794556,52100,0.0,0.0
1999-02-24 00:00:00-05:00,1.0044884795421047,1.0044884795421047,0.9979231953620911,0.9979231953620911,76500,0.0,0.0
1999-02-25 00:00:00-05:00,0.9979231953620911,1.0044884795421047,0.9979231953620911,0.9979231953620911,33400,0.0,0.0
1999-02-26 00:00:00-05:00,1.0044884795421047,1.0044884795421047,0.9979231953620911,0.9979231953620911,16900,0.0,0.0
1999-03-01 00:00:00-05:00,0.9979244478287235,1.017620325088501,0.9979244478287235,1.017620325088501,50700,0.0,0.0
1999-03-02 00:00:00-05:00,1.0176182451186242,1.0176182451186242,1.0110529661178589,1.0110529661178589,225300,0.0,0.0
1999-03-03 00:00:00-05:00,1.0110538722642886,1.0176191571491218,0.9979233024946226,1.0044885873794556,91700,0.0,0.0
1999-03-04 00:00:00-05:00,0.9979231953620911,1.0044884795421047,0.9979231953620911,0.9979231953620911,58300,0.0,0.0
1999-03-05 00:00:00-05:00,1.0044884795421047,1.0176190479021323,0.9979231953620911,0.9979231953620911,50800,0.0,0.0
1999-03-08 00:00:00-05:00,0.9991408586502075,1.0057576855286858,0.9991408586502075,0.9991408586502075,71300,0.074,0.0
1999-03-09 00:00:00-05:00,0.9991407441465477,1.0057575702667236,0.992523918026372,1.0057575702667236,58600,0.0,0.0
1999-03-10 00:00:00-05:00,1.012374512407164,1.012374512407164,0.9991408586502075,0.9991408586502075,50100,0.0,0.0
1999-03-11 00:00:00-05:00,0.9991408586502075,1.012374512407164,0.9991408586502075,0.9991408586502075,50200,0.0,0.0
1999-03-12 00:00:00-05:00,1.005758167092317,1.012374997138977,1.005758167092317,1.012374997138977,48000,0.0,0.0
1999-03-15 00:00:00-05:00,1.0057576855286858,1.012374512407164,0.9991408586502075,0.9991408586502075,31300,0.0,0.0
1999-03-16 00:00:00-05:00,1.0057576855286858,1.012374512407164,0.9991408586502075,0.9991408586502075,79900,0.0,0.0
1999-03-17 00:00:00-05:00,1.0057576855286858,1.0057576855286858,0.9991408586502075,0.9991408586502075,83500,0.0,0.0
1999-03-18 00:00:00-05:00,0.9991408586502075,1.0057576855286858,0.9991408586502075,0.9991408586502075,23900,0.0,0.0
1999-03-19 00:00:00-05:00,0.9991408586502075,1.0057576855286858,0.9991408586502075,0.9991408586502075,81500,0.0,0.0
1999-03-22 00:00:00-05:00,1.0057576855286858,1.012374512407164,0.9991408586502075,0.9991408586502075,59000,0.0,0.0
1999-03-23 00:00:00-05:00,0.9991408586502075,1.012374512407164,0.9991408586502075,0.9991408586502075,76900,0.0,0.0
1999-03-24 00:00:00-05:00,1.0057576855286858,1.0057576855286858,0.9991408586502075,0.9991408586502075,60800,0.0,0.0
1999-03-25 00:00:00-05:00,1.0057576855286858,1.0057576855286858,0.9925240317717293,0.9991408586502075,66900,0.0,0.0
1999-03-26 00:00:00-05:00,0.9991407441465477,1.0057575702667236,0.992523918026372,1.0057575702667236,60000,0.0,0.0
1999-03-29 00:00:00-05:00,1.0057576855286858,1.0057576855286858,0.9991408586502075,0.9991408586502075,66000,0.0,0.0
1999-03-30 00:00:00-05:00,0.9991407441465477,1.0189912225070752,0.9991407441465477,1.0057575702667236,222000,0.0,0.0
1999-03-31 00:00:00-05:00,1.005758167092317,1.012374997138977,1.005758167092317,1.012374997138977,66600,0.0,0.0
1999-04-01 00:00:00-05:00,1.005758167092317,1.012374997138977,1.005758167092317,1.012374997138977,28200,0.0,0.0
1999-04-05 00:00:00-04:00,1.0057575702667236,1.0189912225070752,1.0057575702667236,1.0057575702667236,69600,0.0,0.0
1999-04-06 00:00:00-04:00,1.0057568735890574,1.0189905166625977,1.0057568735890574,1.0189905166625977,65200,0.0,0.0
1999-04-07 00:00:00-04:00,1.0135502784080754,1.026886466281866,1.0135502784080754,1.0202183723449707,29300,0.074,0.0
1999-04-08 00:00:00-04:00,1.026886466281866,1.026886466281866,1.0135502784080754,1.0202183723449707,73400,0.0,0.0
1999-04-09 00:00:00-04:00,1.0135502784080754,1.026886466281866,1.0135502784080754,1.0202183723449707,84000,0.0,0.0
1999-04-12 00:00:00-04:00,1.026886466281866,1.026886466281866,1.0202183723449707,1.0202183723449707,37700,0.0,0.0
1999-04-13 00:00:00-04:00,1.020217184896593,1.0268852710723877,1.020217184896593,1.0268852710723877,52700,0.0,0.0
1999-04-14 00:00:00-04:00,1.026886466281866,1.026886466281866,1.0135502784080754,1.0202183723449707,144000,0.0,0.0
1999-04-15 00:00:00-04:00,1.0268852710723877,1.0268852710723877,1.0135490987207982,1.0268852710723877,173400,0.0,0.0
1999-04-16 00:00:00-04:00,1.020217184896593,1.0268852710723877,1.0135490987207982,1.0268852710723877,67500,0.0,0.0
1999-04-19 00:00:00-04:00,1.026886466281866,1.0335545602187612,1.0202183723449707,1.0202183723449707,45100,0.0,0.0
1999-04-20 00:00:00-04:00,1.0335553800448394,1.040223479270935,1.0202191815926478,1.040223479270935,57000,0.0,0.0
1999-04-21 00:00:00-04:00,1.0335533572481823,1.0402214434239772,1.020217184896593,1.0268852710723877,65900,0.0,0.0
1999-04-22 00:00:00-04:00,1.0335533572481823,1.0335533572481823,1.0268852710723877,1.0268852710723877,75300,0.0,0.0
1999-04-23 00:00:00-04:00,1.0335533572481823,1.0335533572481823,1.020217184896593,1.0268852710723877,88300,0.0,0.0
1999-04-26 00:00:00-04:00,1.026887289170296,1.0335553884506226,1.026887289170296,1.0335553884506226,58600,0.0,0.0
1999-04-27 00:00:00-04:00,1.0335553884506226,1.0335553884506226,1.026887289170296,1.0335553884506226,47800,0.0,0.0
1999-04-28 00:00:00-04:00,1.0335533572481823,1.0402214434239772,1.0268852710723877,1.0268852710723877,207600,0.0,0.0
1999-04-29 00:00:00-04:00,1.026887289170296,1.0335553884506226,1.026887289170296,1.0335553884506226,24500,0.0,0.0
1999-04-30 00:00:00-04:00,1.0335533572481823,1.0335533572481823,1.0268852710723877,1.0268852710723877,74800,0.0,0.0
1999-05-03 00:00:00-04:00,1.026886461622121,1.0335545555287582,1.026886461622121,1.0302205085754395,35000,0.0,0.0
1999-05-04 00:00:00-04:00,1.026887289170296,1.0335553884506226,1.026887289170296,1.0335553884506226,31500,0.0,0.0
1999-05-05 00:00:00-04:00,1.0268852710723877,1.0335533572481823,1.0268852710723877,1.0268852710723877,26200,0.0,0.0
1999-05-06 00:00:00-04:00,1.0335553884506226,1.0335553884506226,1.026887289170296,1.0335553884506226,68500,0.0,0.0
1999-05-07 00:00:00-04:00,1.026887289170296,1.0335553884506226,1.026887289170296,1.0335553884506226,45100,0.0,0.0
1999-05-10 00:00:00-04:00,1.040223487730949,1.040223487730949,1.0335553884506226,1.0335553884506226,49900,0.0,0.0
1999-05-11 00:00:00-04:00,1.0335533572481823,1.0335533572481823,1.0268852710723877,1.0268852710723877,112200,0.0,0.0
1999-05-12 00:00:00-04:00,1.0348416566848755,1.0415614077023099,1.0348416566848755,1.0348416566848755,35700,0.074,0.0
1999-05-13 00:00:00-04:00,1.041563099775559,1.0482828617095947,1.034843337841523,1.0482828617095947,62300,0.0,0.0
1999-05-14 00:00:00-04:00,1.0415614077023099,1.0415614077023099,1.0348416566848755,1.0348416566848755,63000,0.0,0.0
1999-05-17 00:00:00-04:00,1.0348416566848755,1.0415614077023099,1.0348416566848755,1.0348416566848755,94400,0.0,0.0
1999-05-18 00:00:00-04:00,1.0348416566848755,1.0415614077023099,1.0348416566848755,1.0348416566848755,119100,0.0,0.0
1999-05-19 00:00:00-04:00,1.0415614077023099,1.0415614077023099,1.0348416566848755,1.0348416566848755,70400,0.0,0.0
1999-05-20 00:00:00-04:00,1.0348430356671734,1.041562795639038,1.0348430356671734,1.041562795639038,50100,0.0,0.0
1999-05-21 00:00:00-04:00,1.041562795639038,1.0482825556109028,1.0348430356671734,1.041562795639038,40700,0.0,0.0
1999-05-24 00:00:00-04:00,1.0348430356671734,1.0482825556109028,1.0348430356671734,1.041562795639038,48100,0.0,0.0
1999-05-25 00:00:00-04:00,1.041563099775559,1.0550026236436305,1.034843337841523,1.0482828617095947,85900,0.0,0.0
1999-05-26 00:00:00-04:00,1.0482828617095947,1.0550026236436305,1.0482828617095947,1.0482828617095947,81200,0.0,0.0
1999-05-27 00:00:00-04:00,1.0550023155827677,1.0550023155827677,1.041562795639038,1.041562795639038,66800,0.0,0.0
1999-05-28 00:00:00-04:00,1.041563099775559,1.0482828617095947,1.041563099775559,1.0482828617095947,20900,0.0,0.0
1999-06-01 00:00:00-04:00,1.0482828617095947,1.0482828617095947,1.041563099775559,1.0482828617095947,44800,0.0,0.0
1999-06-02 00:00:00-04:00,1.041562795639038,1.068441835526497,1.041562795639038,1.041562795639038,210700,0.0,0.0
1999-06-03 00:00:00-04:00,1.0617223855776665,1.0617223855776665,1.0482828617095947,1.0482828617095947,39600,0.0,0.0
1999-06-04 00:00:00-04:00,1.0482828617095947,1.0550026236436305,1.041563099775559,1.0482828617095947,41600,0.0,0.0
1999-06-07 00:00:00-04:00,1.041562795639038,1.0482825556109028,1.041562795639038,1.041562795639038,47600,0.0,0.0
1999-06-08 00:00:00-04:00,1.0495791768098808,1.0563506553699444,1.042807698249817,1.042807698249817,91800,0.074,0.0
1999-06-09 00:00:00-04:00,1.042807698249817,1.0563506553699444,1.042807698249817,1.042807698249817,34400,0.0,0.0
1999-06-10 00:00:00-04:00,1.042807698249817,1.0563506553699444,1.042807698249817,1.042807698249817,20700,0.0,0.0
1999-06-11 00:00:00-04:00,1.042807698249817,1.0495791768098808,1.042807698249817,1.042807698249817,15900,0.0,0.0
1999-06-14 00:00:00-04:00,1.0428095602220104,1.0495810508728027,1.0428095602220104,1.0495810508728027,35500,0.0,0.0
1999-06-15 00:00:00-04:00,1.0495791768098808,1.0563506553699444,1.042807698249817,1.042807698249817,27800,0.0,0.0
1999-06-16 00:00:00-04:00,1.049580413561601,1.056351900100708,1.049580413561601,1.056351900100708,20300,0.0,0.0
1999-06-17 00:00:00-04:00,1.0495810508728027,1.056352541523595,1.0428095602220104,1.0495810508728027,20600,0.0,0.0
1999-06-18 00:00:00-04:00,1.0495810508728027,1.056352541523595,1.0495810508728027,1.0495810508728027,25700,0.0,0.0
1999-06-21 00:00:00-04:00,1.049580413561601,1.056351900100708,1.049580413561601,1.056351900100708,35500,0.0,0.0
1999-06-22 00:00:00-04:00,1.056351900100708,1.056351900100708,1.0428089270224938,1.056351900100708,22800,0.0,0.0
1999-06-23 00:00:00-04:00,1.0563506553699444,1.0563506553699444,1.042807698249817,1.042807698249817,31800,0.0,0.0
1999-06-24 00:00:00-04:00,1.0495791768098808,1.0495791768098808,1.042807698249817,1.042807698249817,60000,0.0,0.0
1999-06-25 00:00:00-04:00,1.0495791768098808,1.0495791768098808,1.042807698249817,1.042807698249817,42300,0.0,0.0
1999-06-28 00:00:00-04:00,1.042807698249817,1.0563506553699444,1.042807698249817,1.042807698249817,51100,0.0,0.0
1999-06-29 00:00:00-04:00,1.0428089270224938,1.063123386639815,1.0428089270224938,1.056351900100708,119200,0.0,0.0
1999-06-30 00:00:00-04:00,1.049580413561601,1.063123386639815,1.049580413561601,1.056351900100708,56100,0.0,0.0
1999-07-01 00:00:00-04:00,1.056350911498829,1.0631223917007446,1.0495794312969136,1.0631223917007446,33500,0.0,0.0
1999-07-02 00:00:00-04:00,1.049580413561601,1.063123386639815,1.049580413561601,1.056351900100708,64800,0.0,0.0
1999-07-06 00:00:00-04:00,1.063122475449043,1.0698939561843872,1.0563509947136989,1.0698939561843872,65500,0.0,0.0
1999-07-07 00:00:00-04:00,1.064436084993424,1.0712593932305614,1.0576127767562866,1.0576127767562866,40600,0.075,0.0
1999-07-08 00:00:00-04:00,1.064436084993424,1.064436084993424,1.0576127767562866,1.0576127767562866,41400,0.0,0.0
1999-07-09 00:00:00-04:00,1.0712593932305614,1.0712593932305614,1.0576127767562866,1.0576127767562866,25300,0.0,0.0
1999-07-12 00:00:00-04:00,1.0576122960983179,1.064435601234436,1.0576122960983179,1.064435601234436,80600,0.0,0.0
1999-07-13 00:00:00-04:00,1.0576122960983179,1.064435601234436,1.0576122960983179,1.064435601234436,85900,0.0,0.0
1999-07-14 00:00:00-04:00,1.0576112239391773,1.0644345221581397,1.0507879257202148,1.0507879257202148,26800,0.0,0.0
1999-07-15 00:00:00-04:00,1.0507879257202148,1.0644345221581397,1.0507879257202148,1.0507879257202148,40200,0.0,0.0
1999-07-16 00:00:00-04:00,1.0507889909621997,1.064435601234436,1.0507889909621997,1.064435601234436,73000,0.0,0.0
1999-07-19 00:00:00-04:00,1.0576122960983179,1.064435601234436,1.0507889909621997,1.064435601234436,74800,0.0,0.0
1999-07-20 00:00:00-04:00,1.0576112239391773,1.0644345221581397,1.0507879257202148,1.0507879257202148,46400,0.0,0.0
1999-07-21 00:00:00-04:00,1.0507894685191492,1.064436084993424,1.0507894685191492,1.0576127767562866,30200,0.0,0.0
1999-07-22 00:00:00-04:00,1.0507889909621997,1.064435601234436,1.0507889909621997,1.064435601234436,39800,0.0,0.0
1999-07-23 00:00:00-04:00,1.0507879257202148,1.0576112239391773,1.0507879257202148,1.0507879257202148,74200,0.0,0.0
1999-07-26 00:00:00-04:00,1.0576127767562866,1.0576127767562866,1.0507894685191492,1.0576127767562866,21900,0.0,0.0
1999-07-27 00:00:00-04:00,1.0507879257202148,1.0576112239391773,1.0507879257202148,1.0507879257202148,34300,0.0,0.0
1999-07-28 00:00:00-04:00,1.0576112239391773,1.0576112239391773,1.0507879257202148,1.0507879257202148,27600,0.0,0.0
1999-07-29 00:00:00-04:00,1.0507890024995492,1.0507890024995492,1.0439656972885132,1.0439656972885132,38700,0.0,0.0
1999-07-30 00:00:00-04:00,1.0439646275012524,1.0507879257202148,1.0439646275012524,1.0507879257202148,38700,0.0,0.0
1999-08-02 00:00:00-04:00,1.0439646275012524,1.0576112239391773,1.0439646275012524,1.0507879257202148,24600,0.0,0.0
1999-08-03 00:00:00-04:00,1.0507879257202148,1.0576112239391773,1.0439646275012524,1.0507879257202148,48200,0.0,0.0
1999-08-04 00:00:00-04:00,1.0439646275012524,1.0507879257202148,1.0439646275012524,1.0507879257202148,111900,0.0,0.0
1999-08-05 00:00:00-04:00,1.043966160282012,1.064436084993424,1.043966160282012,1.0576127767562866,119400,0.0,0.0
1999-08-06 00:00:00-04:00,1.0507894685191492,1.0576127767562866,1.0507894685191492,1.0576127767562866,23700,0.0,0.0
1999-08-09 00:00:00-04:00,1.0520015954971313,1.0588774229186813,1.0520015954971313,1.0520015954971313,32100,0.074,0.0
1999-08-10 00:00:00-04:00,1.0520015954971313,1.0588774229186813,1.0520015954971313,1.0520015954971313,52900,0.0,0.0
1999-08-11 00:00:00-04:00,1.0520015954971313,1.0588774229186813,1.0520015954971313,1.0520015954971313,84900,0.0,0.0
1999-08-12 00:00:00-04:00,1.052002029983621,1.0588778602449518,1.04512619972229,1.04512619972229,123700,0.0,0.0
1999-08-13 00:00:00-04:00,1.04512619972229,1.052002029983621,1.04512619972229,1.04512619972229,13100,0.0,0.0
1999-08-16 00:00:00-04:00,1.0451259170936433,1.0520017454955752,1.0382500886917114,1.0382500886917114,42900,0.0,0.0
1999-08-17 00:00:00-04:00,1.0382500886917114,1.0451259170936433,1.0382500886917114,1.0382500886917114,28800,0.0,0.0
1999-08-18 00:00:00-04:00,1.0451259170936433,1.0451259170936433,1.0382500886917114,1.0382500886917114,24700,0.0,0.0
1999-08-19 00:00:00-04:00,1.0382500886917114,1.0451259170936433,1.0382500886917114,1.0382500886917114,13700,0.0,0.0
1999-08-20 00:00:00-04:00,1.0382500886917114,1.0451259170936433,1.0382500886917114,1.0382500886917114,38300,0.0,0.0
1999-08-23 00:00:00-04:00,1.04512607011219,1.04512607011219,1.0244985818862915,1.0244985818862915,180700,0.0,0.0
1999-08-24 00:00:00-04:00,1.0176227926374315,1.0176227926374315,0.9763678145575357,0.9832436442375183,155000,0.0,0.0
1999-08-25 00:00:00-04:00,0.9832433174396383,0.9969949722290039,0.9763674900449556,0.9969949722290039,156000,0.0,0.0
1999-08-26 00:00:00-04:00,0.9901191448343212,1.0038707996236866,0.9901191448343212,0.9969949722290039,63700,0.0,0.0
1999-08-27 00:00:00-04:00,1.0038704872131348,1.0038704872131348,0.9969946619582503,1.0038704872131348,20100,0.0,0.0
1999-08-30 00:00:00-04:00,1.0038707996236866,1.0038707996236866,0.9969949722290039,0.9969949722290039,36200,0.0,0.0
1999-08-31 00:00:00-04:00,0.9969946619582503,1.0038704872131348,0.9969946619582503,1.0038704872131348,59600,0.0,0.0
1999-09-01 00:00:00-04:00,1.0038707710447765,1.0176224254426502,1.0038707710447765,1.0107465982437134,53800,0.0,0.0
1999-09-02 00:00:00-04:00,1.0038702278523832,1.0176218748092651,1.0038702278523832,1.0176218748092651,169700,0.0,0.0
1999-09-03 00:00:00-04:00,1.0107465982437134,1.024498252641587,1.0107465982437134,1.0107465982437134,41800,0.0,0.0
1999-09-07 00:00:00-04:00,1.0107465982437134,1.0107465982437134,1.0038707710447765,1.0107465982437134,36700,0.0,0.0
1999-09-08 00:00:00-04:00,1.0050907135009766,1.0120223735940868,1.0050907135009766,1.0050907135009766,67400,0.074,0.0
1999-09-09 00:00:00-04:00,1.0120223735940868,1.0120223735940868,1.0050907135009766,1.0050907135009766,64900,0.0,0.0
1999-09-10 00:00:00-04:00,1.0050907135009766,1.0120223735940868,1.0050907135009766,1.0050907135009766,20000,0.0,0.0
1999-09-13 00:00:00-04:00,1.012021780014038,1.012021780014038,1.0050901239865446,1.012021780014038,24100,0.0,0.0
1999-09-14 00:00:00-04:00,1.0120223735940868,1.018954033687197,1.0050907135009766,1.0050907135009766,35300,0.0,0.0
1999-09-15 00:00:00-04:00,1.0050907135009766,1.0120223735940868,0.9981590534078664,1.0050907135009766,96300,0.0,0.0
1999-09-16 00:00:00-04:00,1.0050910111102793,1.0050910111102793,0.9981593489646912,0.9981593489646912,30900,0.0,0.0
1999-09-17 00:00:00-04:00,0.998158161202929,1.0050898151001715,0.998158161202929,1.0016239881515503,28500,0.0,0.0
1999-09-20 00:00:00-04:00,1.0050907135009766,1.0050907135009766,0.9981590534078664,1.0050907135009766,12900,0.0,0.0
1999-09-21 00:00:00-04:00,0.9981593489646912,1.0050910111102793,0.9981593489646912,0.9981593489646912,38600,0.0,0.0
1999-09-22 00:00:00-04:00,0.9981593489646912,1.0050910111102793,0.9912276868191031,0.9981593489646912,58100,0.0,0.0
1999-09-23 00:00:00-04:00,0.9981593489646912,0.9981593489646912,0.9912276868191031,0.9981593489646912,78800,0.0,0.0
1999-09-24 00:00:00-04:00,0.9981593489646912,0.9981593489646912,0.9912276868191031,0.9981593489646912,56800,0.0,0.0
1999-09-27 00:00:00-04:00,0.9981590975885806,1.0050907579885013,0.942705814389215,0.9565691351890564,348300,0.0,0.0
1999-09-28 00:00:00-04:00,0.9635009182350975,0.9808300714407648,0.9635009182350975,0.9704325795173645,143900,0.0,0.0
1999-09-29 00:00:00-04:00,0.9773643617059143,0.9842960238456726,0.9773643617059143,0.9842960238456726,20600,0.0,0.0
1999-09-30 00:00:00-04:00,0.984296024673515,0.9981593489646912,0.9773643625279268,0.9981593489646912,172900,0.0,0.0
1999-10-01 00:00:00-04:00,0.9912276859854309,0.9981593481251891,0.9842960238456726,0.9842960238456726,27800,0.0,0.0
1999-10-04 00:00:00-04:00,0.9981590534078664,1.0050907135009766,0.9912273933147562,1.0050907135009766,51600,0.0,0.0
1999-10-05 00:00:00-04:00,1.0050910111102793,1.0050910111102793,0.9981593489646912,0.9981593489646912,24400,0.0,0.0
1999-10-06 00:00:00-04:00,1.0050910111102793,1.0050910111102793,0.9981593489646912,0.9981593489646912,77000,0.0,0.0
1999-10-07 00:00:00-04:00,1.0050907135009766,1.0050907135009766,0.9981590534078664,1.0050907135009766,49800,0.0,0.0
1999-10-08 00:00:00-04:00,1.006377486915855,1.006377486915855,0.9993887543678284,0.9993887543678284,49600,0.074,0.0
1999-10-11 00:00:00-04:00,1.0063766241073608,1.0063766241073608,0.9993878975510597,1.0063766241073608,21800,0.0,0.0
1999-10-12 00:00:00-04:00,0.9993878975510597,1.0063766241073608,0.9993878975510597,1.0063766241073608,44000,0.0,0.0
1999-10-13 00:00:00-04:00,0.9993887543678284,1.006377486915855,0.9993887543678284,0.9993887543678284,51300,0.0,0.0
1999-10-14 00:00:00-04:00,1.006377486915855,1.006377486915855,0.9993887543678284,0.9993887543678284,50500,0.0,0.0
1999-10-15 00:00:00-04:00,0.9993887543678284,1.006377486915855,0.9993887543678284,0.9993887543678284,108300,0.0,0.0
1999-10-18 00:00:00-04:00,0.9993887543678284,1.006377486915855,0.9993887543678284,0.9993887543678284,48200,0.0,0.0
1999-10-19 00:00:00-04:00,1.006377486915855,1.006377486915855,0.9924000218198016,0.9993887543678284,47900,0.0,0.0
1999-10-20 00:00:00-04:00,0.9923985782244528,0.9993873006063151,0.9854098558425903,0.9854098558425903,36900,0.0,0.0
1999-10-21 00:00:00-04:00,0.9923985782244528,0.9993873006063151,0.978421133460728,0.9854098558425903,84500,0.0,0.0
1999-10-22 00:00:00-04:00,0.9854098558425903,0.9923985782244528,0.9854098558425903,0.9854098558425903,46000,0.0,0.0
1999-10-25 00:00:00-04:00,0.9854098558425903,0.9923985782244528,0.978421133460728,0.9854098558425903,45400,0.0,0.0
1999-10-26 00:00:00-04:00,0.9923993945121765,0.999388122642544,0.9854106663818091,0.9923993945121765,77200,0.0,0.0
1999-10-27 00:00:00-04:00,0.9923985782244528,0.9923985782244528,0.9854098558425903,0.9854098558425903,91800,0.0,0.0
1999-10-28 00:00:00-04:00,0.9924000218198016,0.9993887543678284,0.9924000218198016,0.9993887543678284,34200,0.0,0.0
1999-10-29 00:00:00-04:00,0.9923991709947586,1.0063766241073608,0.9923991709947586,1.0063766241073608,56600,0.0,0.0
1999-11-01 00:00:00-05:00,0.999386972209574,1.0133644123803371,0.999386972209574,1.0098700523376465,33300,0.0,0.0
1999-11-02 00:00:00-05:00,1.013365626335144,1.013365626335144,1.0063768978776602,1.013365626335144,97000,0.0,0.0
1999-11-03 00:00:00-05:00,1.0133645959096411,1.0203533172607422,1.0133645959096411,1.0203533172607422,17800,0.0,0.0
1999-11-04 00:00:00-05:00,1.013365626335144,1.0203543547926277,1.013365626335144,1.013365626335144,58700,0.0,0.0
1999-11-05 00:00:00-05:00,1.0203533172607422,1.027342038611843,1.0203533172607422,1.0203533172607422,41400,0.0,0.0
1999-11-08 00:00:00-05:00,1.0216504335403442,1.0286962985992432,1.0146045684814453,1.0216504335403442,65400,0.074,0.0
1999-11-09 00:00:00-05:00,1.0146049286102081,1.0216507961700012,1.007559061050415,1.007559061050415,73900,0.0,0.0
1999-11-10 00:00:00-05:00,1.007559061050415,1.0146049286102081,1.000513193490622,1.007559061050415,58200,0.0,0.0
1999-11-11 00:00:00-05:00,1.0005128383636475,1.0146045684814453,1.0005128383636475,1.0005128383636475,127000,0.0,0.0
1999-11-12 00:00:00-05:00,1.0005123581446655,1.0005123581446655,0.9934664964675904,0.9934664964675903,42000,0.0,0.0
1999-11-15 00:00:00-05:00,0.9934669733047485,1.0005128383636475,0.9934669733047485,1.0005128383636475,84000,0.0,0.0
1999-11-16 00:00:00-05:00,0.9934673259308288,1.007559061050415,0.9934673259308288,1.007559061050415,59600,0.0,0.0
1999-11-17 00:00:00-05:00,1.0005123581446655,1.0075582198217405,0.9934664964675904,0.9934664964675903,39100,0.0,0.0
1999-11-18 00:00:00-05:00,0.9934664964675904,1.0005123581446655,0.9934664964675904,0.9934664964675903,254100,0.0,0.0
1999-11-19 00:00:00-05:00,0.9934669733047485,1.0075587034225464,0.9934669733047485,1.0005128383636475,141600,0.0,0.0
1999-11-22 00:00:00-05:00,1.0075587034225464,1.0075587034225464,0.9934669733047485,1.0005128383636475,114100,0.0,0.0
1999-11-23 00:00:00-05:00,1.0005123581446655,1.0075582198217405,0.9934664964675904,0.9934664964675903,64800,0.0,0.0
1999-11-24 00:00:00-05:00,1.0005128383636475,1.0005128383636475,0.9934669733047485,1.0005128383636475,61600,0.0,0.0
1999-11-26 00:00:00-05:00,0.9934673259308288,1.007559061050415,0.9934673259308288,1.007559061050415,25800,0.0,0.0
1999-11-29 00:00:00-05:00,0.9934664964675904,1.0005123581446655,0.9934664964675904,0.9934664964675903,68000,0.0,0.0
1999-11-30 00:00:00-05:00,0.9934664964675904,1.0075582198217405,0.9934664964675904,0.9934664964675903,53100,0.0,0.0
1999-12-01 00:00:00-05:00,0.9934669733047485,1.0146045684814453,0.9934669733047485,1.0005128383636475,125300,0.0,0.0
1999-12-02 00:00:00-05:00,1.0146049286102081,1.0216507961700012,1.007559061050415,1.007559061050415,201600,0.0,0.0
1999-12-03 00:00:00-05:00,1.0075591769483354,1.0216509136888716,1.0075591769483354,1.0146050453186035,77900,0.0,0.0
1999-12-06 00:00:00-05:00,1.0146045684814453,1.0146045684814453,1.0005128383636475,1.0005128383636475,71000,0.0,0.0
1999-12-07 00:00:00-05:00,1.0005128383636475,1.0075587034225464,0.9934669733047485,1.0005128383636475,74000,0.0,0.0
1999-12-08 00:00:00-05:00,1.0052458047866821,1.0123752076575097,1.0052458047866821,1.0052458047866821,92900,0.104,0.0
1999-12-09 00:00:00-05:00,1.0052458047866821,1.0123752076575097,1.0052458047866821,1.0052458047866821,87600,0.0,0.0
1999-12-10 00:00:00-05:00,1.0052458047866821,1.0123752076575097,1.0052458047866821,1.0052458047866821,79100,0.0,0.0
1999-12-13 00:00:00-05:00,1.0123759508132935,1.0195053589176124,1.0052465427089745,1.0123759508132935,104600,0.0,0.0
1999-12-14 00:00:00-05:00,1.0052465650585147,1.0195053815841675,1.0052465650585147,1.0195053815841675,61300,0.0,0.0
1999-12-15 00:00:00-05:00,1.0052458047866821,1.0123752076575097,1.0052458047866821,1.0052458047866821,79100,0.0,0.0
1999-12-16 00:00:00-05:00,1.0052458047866821,1.0123752076575097,1.0052458047866821,1.0052458047866821,71800,0.0,0.0
1999-12-17 00:00:00-05:00,1.0052458047866821,1.0123752076575097,1.0052458047866821,1.0052458047866821,169600,0.0,0.0
1999-12-20 00:00:00-05:00,1.0052458047866821,1.0123752076575097,1.0052458047866821,1.0052458047866821,76500,0.0,0.0
1999-12-21 00:00:00-05:00,1.0052458047866821,1.0123752076575097,1.0052458047866821,1.0052458047866821,81100,0.0,0.0
1999-12-22 00:00:00-05:00,1.0052458047866821,1.0123752076575097,1.0052458047866821,1.0052458047866821,74500,0.0,0.0
1999-12-23 00:00:00-05:00,1.0052469574290215,1.0123763684746172,0.9909881353378296,0.9909881353378296,148000,0.0,0.0
1999-12-27 00:00:00-05:00,0.9981175463834255,0.9981175463834255,0.9909881353378296,0.9909881353378296,126500,0.0,0.0
1999-12-28 00:00:00-05:00,0.9909879182066236,1.0052467371736253,0.9909879182066236,0.9981173276901245,73400,0.0,0.0
1999-12-29 00:00:00-05:00,1.0075695514678955,1.0148182532770171,1.0075695514678955,1.0075695514678955,136900,0.144,0.0
1999-12-30 00:00:00-05:00,1.0075697202078053,1.0293158292770386,1.0075697202078053,1.0293158292770386,108100,0.0,0.0
1999-12-31 00:00:00-05:00,1.0220675865809123,1.0510624117321439,1.0220675865809123,1.043813705444336,94200,0.0,0.0
2000-01-03 00:00:00-05:00,1.0365644635825322,1.0583105712101377,1.0365644635825322,1.0510618686676025,148300,0.0,0.0
2000-01-04 00:00:00-05:00,1.043813235323194,1.0510619383462718,1.0293158292770386,1.0293158292770386,67500,0.0,0.0
2000-01-05 00:00:00-05:00,1.0293158292770386,1.0365645323001162,1.0293158292770386,1.0293158292770386,41900,0.0,0.0
2000-01-06 00:00:00-05:00,1.0365642309188843,1.043812931834401,1.0365642309188843,1.0365642309188843,61100,0.0,0.0
2000-01-07 00:00:00-05:00,1.036564999156528,1.043813705444336,1.02931629286872,1.043813705444336,26000,0.0,0.0
2000-01-10 00:00:00-05:00,1.0365645323001162,1.0365645323001162,1.0293158292770386,1.0293158292770386,21000,0.0,0.0
2000-01-11 00:00:00-05:00,1.0365645323001162,1.043813235323194,1.0293158292770386,1.0293158292770386,40800,0.0,0.0
2000-01-12 00:00:00-05:00,1.029314932248271,1.029314932248271,1.0220662355422974,1.0220662355422974,42400,0.0,0.0
2000-01-13 00:00:00-05:00,1.022066829087851,1.0365642309188843,1.022066829087851,1.0365642309188843,25100,0.0,0.0
2000-01-14 00:00:00-05:00,1.029314932248271,1.0365636289542448,1.0220662355422974,1.0220662355422974,41900,0.0,0.0
2000-01-18 00:00:00-05:00,1.0220662355422974,1.029314932248271,1.0220662355422974,1.0220662355422974,85800,0.0,0.0
2000-01-19 00:00:00-05:00,1.0220670129571643,1.0293157151767187,1.0148183107376099,1.0148183107376099,70600,0.0,0.0
2000-01-20 00:00:00-05:00,1.0148175388363236,1.0220662355422974,1.0148175388363236,1.0220662355422974,66700,0.0,0.0
2000-01-21 00:00:00-05:00,1.0148183107376099,1.0220670129571643,1.0148183107376099,1.0148183107376099,28900,0.0,0.0
2000-01-24 00:00:00-05:00,1.0220670129571643,1.0220670129571643,1.0148183107376099,1.0148183107376099,129800,0.0,0.0
2000-01-25 00:00:00-05:00,1.0220662355422974,1.029314932248271,1.0148175388363236,1.0220662355422974,61000,0.0,0.0
2000-01-26 00:00:00-05:00,1.0148175388363236,1.029314932248271,1.0148175388363236,1.0220662355422974,47000,0.0,0.0
2000-01-27 00:00:00-05:00,1.029314932248271,1.029314932248271,1.0220662355422974,1.0220662355422974,34300,0.0,0.0
2000-01-28 00:00:00-05:00,1.0293158292770386,1.0365645323001162,1.022067126253961,1.0293158292770386,132800,0.0,0.0
2000-01-31 00:00:00-05:00,1.0293148886667538,1.0583096742630005,1.0293148886667538,1.0583096742630005,86600,0.0,0.0
2000-02-01 00:00:00-05:00,1.043812931834401,1.043812931834401,1.0365642309188843,1.0365642309188843,42600,0.0,0.0
2000-02-02 00:00:00-05:00,1.0365645323001162,1.043813235323194,1.0293158292770386,1.0293158292770386,43600,0.0,0.0
2000-02-03 00:00:00-05:00,1.0293158292770386,1.043813235323194,1.0293158292770386,1.0293158292770386,24700,0.0,0.0
2000-02-04 00:00:00-05:00,1.043812931834401,1.0510616327499176,1.0293155300033676,1.0365642309188843,57600,0.0,0.0
2000-02-07 00:00:00-05:00,1.0365636289542448,1.0438123256602185,1.0220662355422974,1.0220662355422974,30200,0.0,0.0
2000-02-08 00:00:00-05:00,1.0220662355422974,1.029314932248271,1.0220662355422974,1.0220662355422974,18700,0.0,0.0
2000-02-09 00:00:00-05:00,1.0307221949100493,1.0380322813987732,1.0087919354438781,1.0234121084213257,38700,0.074,0.0
2000-02-10 00:00:00-05:00,1.0234121084213257,1.0380322813987732,1.0234121084213257,1.0234121084213257,31900,0.0,0.0
2000-02-11 00:00:00-05:00,1.0234115817022662,1.0380317471551557,1.0234115817022662,1.030721664428711,46900,0.0,0.0
2000-02-14 00:00:00-05:00,1.0380322813987732,1.0380322813987732,1.0234121084213257,1.0234121084213257,39000,0.0,0.0
2000-02-15 00:00:00-05:00,1.0380317471551557,1.0380317471551557,1.0234115817022662,1.030721664428711,43500,0.0,0.0
2000-02-16 00:00:00-05:00,1.0307218516376657,1.0380319356918335,1.023411767583498,1.0380319356918335,26700,0.0,0.0
2000-02-17 00:00:00-05:00,1.0380322813987732,1.0380322813987732,1.0234121084213257,1.0234121084213257,62900,0.0,0.0
2000-02-18 00:00:00-05:00,1.0307221949100493,1.0380322813987732,1.0234121084213257,1.0234121084213257,61100,0.0,0.0
2000-02-22 00:00:00-05:00,1.0380317471551557,1.0380317471551557,1.0234115817022662,1.030721664428711,95200,0.0,0.0
2000-02-23 00:00:00-05:00,1.0234115817022662,1.030721664428711,1.0234115817022662,1.030721664428711,51300,0.0,0.0
2000-02-24 00:00:00-05:00,1.0307221949100493,1.0307221949100493,1.0234121084213257,1.0234121084213257,58400,0.0,0.0
2000-02-25 00:00:00-05:00,1.0234115817022662,1.030721664428711,1.0234115817022662,1.030721664428711,36600,0.0,0.0
2000-02-28 00:00:00-05:00,1.023411767583498,1.0380319356918335,1.023411767583498,1.0380319356918335,61600,0.0,0.0
2000-02-29 00:00:00-05:00,1.0307221949100493,1.0307221949100493,1.0234121084213257,1.0234121084213257,121300,0.0,0.0
2000-03-01 00:00:00-05:00,1.0307221949100493,1.045342367887497,1.0234121084213257,1.0234121084213257,177900,0.0,0.0
2000-03-02 00:00:00-05:00,1.0234115817022662,1.030721664428711,1.0234115817022662,1.030721664428711,25000,0.0,0.0
2000-03-03 00:00:00-05:00,1.0307221949100493,1.0307221949100493,1.0234121084213257,1.0234121084213257,191000,0.0,0.0
2000-03-06 00:00:00-05:00,1.0234121084213257,1.0307221949100493,1.0234121084213257,1.0234121084213257,47600,0.0,0.0
2000-03-07 00:00:00-05:00,1.0234121084213257,1.0380322813987732,1.0234121084213257,1.0234121084213257,76200,0.0,0.0
2000-03-08 00:00:00-05:00,1.030721664428711,1.030721664428711,1.0234115817022662,1.030721664428711,35400,0.0,0.0
2000-03-09 00:00:00-05:00,1.0320783853530884,1.0394503738198961,1.0320783853530884,1.0320783853530884,31500,0.074,0.0
2000-03-10 00:00:00-05:00,1.0320783853530884,1.0394503738198961,1.0320783853530884,1.0320783853530884,33000,0.0,0.0
2000-03-13 00:00:00-05:00,1.0394503738198961,1.0394503738198961,1.0320783853530884,1.0320783853530884,30500,0.0,0.0
2000-03-14 00:00:00-05:00,1.0320783853530884,1.0394503738198961,1.0320783853530884,1.0320783853530884,116700,0.0,0.0
2000-03-15 00:00:00-05:00,1.0320783853530884,1.0357643795864924,1.0320783853530884,1.0320783853530884,53300,0.0,0.0
2000-03-16 00:00:00-05:00,1.0320778265067025,1.0394498109817505,1.0320778265067025,1.0394498109817505,65300,0.0,0.0
2000-03-17 00:00:00-05:00,1.0320783853530884,1.0394503738198961,1.0320783853530884,1.0320783853530884,27600,0.0,0.0
2000-03-20 00:00:00-05:00,1.0320783853530884,1.0394503738198961,1.0320783853530884,1.0320783853530884,45600,0.0,0.0
2000-03-21 00:00:00-05:00,1.0320778265067025,1.0394498109817505,1.0320778265067025,1.0394498109817505,49600,0.0,0.0
2000-03-22 00:00:00-05:00,1.046822362286704,1.046822362286704,1.0320783853530884,1.0320783853530884,53900,0.0,0.0
2000-03-23 00:00:00-05:00,1.0320778265067025,1.0394498109817505,1.0320778265067025,1.0394498109817505,48000,0.0,0.0
2000-03-24 00:00:00-05:00,1.046822362286704,1.046822362286704,1.0320783853530884,1.0320783853530884,33900,0.0,0.0
2000-03-27 00:00:00-05:00,1.0394503738198961,1.0394503738198961,1.0320783853530884,1.0320783853530884,35000,0.0,0.0
2000-03-28 00:00:00-05:00,1.0394503738198961,1.0394503738198961,1.0247063968862806,1.0320783853530884,107000,0.0,0.0
2000-03-29 00:00:00-05:00,1.0320778265067025,1.0394498109817505,1.0320778265067025,1.0394498109817505,51500,0.0,0.0
2000-03-30 00:00:00-05:00,1.0320783853530884,1.0394503738198961,1.0320783853530884,1.0320783853530884,33700,0.0,0.0
2000-03-31 00:00:00-05:00,1.0320778265067025,1.0394498109817505,1.0320778265067025,1.0394498109817505,44100,0.0,0.0
2000-04-03 00:00:00-04:00,1.0394503738198961,1.0394503738198961,1.0320783853530884,1.0320783853530884,36400,0.0,0.0
2000-04-04 00:00:00-04:00,1.0320783853530884,1.0394503738198961,1.0320783853530884,1.0320783853530884,32400,0.0,0.0
2000-04-05 00:00:00-04:00,1.0320790384856748,1.0541950178817965,1.0320790384856748,1.0468230247497559,105300,0.0,0.0
2000-04-06 00:00:00-04:00,1.0407560260583322,1.055623969287737,1.0407560260583322,1.0481899976730347,82200,0.074,0.0
2000-04-07 00:00:00-04:00,1.0481907989297594,1.0481907989297594,1.0407568216323853,1.0407568216323853,52200,0.0,0.0
2000-04-10 00:00:00-04:00,1.0481907989297594,1.0481907989297594,1.0407568216323853,1.0407568216323853,44000,0.0,0.0
2000-04-11 00:00:00-04:00,1.0407568216323853,1.0481907989297594,1.033322844335011,1.0407568216323853,78600,0.0,0.0
2000-04-12 00:00:00-04:00,1.03332205444363,1.0481899976730347,1.03332205444363,1.0481899976730347,54000,0.0,0.0
2000-04-13 00:00:00-04:00,1.0407560260583322,1.0481899976730347,1.0407560260583322,1.0481899976730347,26100,0.0,0.0
2000-04-14 00:00:00-04:00,1.0407553473822504,1.0407553473822504,1.0333213806152344,1.0333213806152344,59000,0.0,0.0
2000-04-17 00:00:00-04:00,1.0333213806152344,1.0407553473822504,1.0333213806152344,1.0333213806152344,35800,0.0,0.0
2000-04-18 00:00:00-04:00,1.03332205444363,1.0481899976730347,1.03332205444363,1.0481899976730347,37500,0.0,0.0
2000-04-19 00:00:00-04:00,1.0407553473822504,1.0481893141492666,1.0333213806152344,1.0333213806152344,44400,0.0,0.0
2000-04-20 00:00:00-04:00,1.0407568216323853,1.0481907989297594,1.0407568216323853,1.0407568216323853,34600,0.0,0.0
2000-04-24 00:00:00-04:00,1.0481907989297594,1.0481907989297594,1.033322844335011,1.0407568216323853,46300,0.0,0.0
2000-04-25 00:00:00-04:00,1.0407553473822504,1.0481893141492666,1.0333213806152344,1.0333213806152344,47500,0.0,0.0
2000-04-26 00:00:00-04:00,1.0407568216323853,1.0481907989297594,1.033322844335011,1.0407568216323853,22700,0.0,0.0
2000-04-27 00:00:00-04:00,1.0407553473822504,1.0481893141492666,1.0333213806152344,1.0333213806152344,47100,0.0,0.0
2000-04-28 00:00:00-04:00,1.033322844335011,1.0407568216323853,1.033322844335011,1.0407568216323853,36200,0.0,0.0
2000-05-01 00:00:00-04:00,1.03332205444363,1.0481899976730347,1.03332205444363,1.0481899976730347,132200,0.0,0.0
2000-05-02 00:00:00-04:00,1.0407560260583322,1.0481899976730347,1.0407560260583322,1.0481899976730347,50400,0.0,0.0
2000-05-03 00:00:00-04:00,1.0407568216323853,1.0481907989297594,1.033322844335011,1.0407568216323853,33700,0.0,0.0
2000-05-04 00:00:00-04:00,1.0407568216323853,1.0407568216323853,1.033322844335011,1.0407568216323853,40100,0.0,0.0
2000-05-05 00:00:00-04:00,1.0333213806152344,1.0407553473822504,1.0333213806152344,1.0333213806152344,16800,0.0,0.0
2000-05-08 00:00:00-04:00,1.0421994924545288,1.0496973305297412,1.0421994924545288,1.0421994924545288,71200,0.074,0.0
2000-05-09 00:00:00-04:00,1.042200504005819,1.042200504005819,1.0347026586532593,1.0347026586532593,105100,0.0,0.0
2000-05-10 00:00:00-04:00,1.0347026586532593,1.042200504005819,1.0347026586532593,1.0347026586532593,51900,0.0,0.0
2000-05-11 00:00:00-04:00,1.0347026586532593,1.042200504005819,1.0347026586532593,1.0347026586532593,42900,0.0,0.0
2000-05-12 00:00:00-04:00,1.0347026586532593,1.042200504005819,1.0347026586532593,1.0347026586532593,37900,0.0,0.0
2000-05-15 00:00:00-04:00,1.0347027169526928,1.0347027169526928,1.0272048711776733,1.0272048711776733,42400,0.0,0.0
2000-05-16 00:00:00-04:00,1.0347026586532593,1.0347026586532593,1.0272048133006995,1.0347026586532593,59300,0.0,0.0
2000-05-17 00:00:00-04:00,1.0272048711776733,1.0347027169526928,1.0272048711776733,1.0272048711776733,33000,0.0,0.0
2000-05-18 00:00:00-04:00,1.0347027169526928,1.0347027169526928,1.0272048711776733,1.0272048711776733,39900,0.0,0.0
2000-05-19 00:00:00-04:00,1.0272048711776733,1.0347027169526928,1.0272048711776733,1.0272048711776733,34000,0.0,0.0
2000-05-22 00:00:00-04:00,1.0347027169526928,1.0347027169526928,1.019707025402654,1.0272048711776733,48700,0.0,0.0
2000-05-23 00:00:00-04:00,1.0272047475532249,1.0272047475532249,1.0122090578079224,1.0122090578079224,38300,0.0,0.0
2000-05-24 00:00:00-04:00,1.0122077828063105,1.0122077828063105,0.9897142765217258,0.9972121119499207,78600,0.0,0.0
2000-05-25 00:00:00-04:00,1.0047099473781156,1.0047099473781156,0.9972121119499207,0.9972121119499207,44400,0.0,0.0
2000-05-26 00:00:00-04:00,0.9972135433510169,1.004711389541626,0.9897156971604076,1.004711389541626,24900,0.0,0.0
2000-05-30 00:00:00-04:00,1.004710216732586,1.019705891609192,0.9972123792942832,1.019705891609192,71600,0.0,0.0
2000-05-31 00:00:00-04:00,1.0122091796276342,1.0272048711776733,1.0122091796276342,1.0272048711776733,53600,0.0,0.0
2000-06-01 00:00:00-04:00,1.0197062230372167,1.0272040629124903,1.0197062230372167,1.0234551429748535,61200,0.0,0.0
2000-06-02 00:00:00-04:00,1.0272037290474947,1.0421994039241005,1.019705891609192,1.019705891609192,96900,0.0,0.0
2000-06-05 00:00:00-04:00,1.0272048133006995,1.042200504005819,1.0272048133006995,1.0347026586532593,37400,0.0,0.0
2000-06-06 00:00:00-04:00,1.034701839515141,1.0571953577654702,1.034701839515141,1.0496975183486938,161500,0.0,0.0
2000-06-07 00:00:00-04:00,1.0435279607772827,1.0510897575945095,1.0435279607772827,1.0435279607772827,32300,0.074,0.0
2000-06-08 00:00:00-04:00,1.0435279607772827,1.058651554411736,1.0435279607772827,1.0435279607772827,70300,0.0,0.0
2000-06-09 00:00:00-04:00,1.0510889410972595,1.0586507320404053,1.0510889410972595,1.0586507320404053,29400,0.0,0.0
2000-06-12 00:00:00-04:00,1.0510884523391724,1.0586502397660729,1.0435266649122719,1.0510884523391724,34300,0.0,0.0
2000-06-13 00:00:00-04:00,1.043527150154114,1.066212522983551,1.043527150154114,1.0586507320404053,46600,0.0,0.0
2000-06-14 00:00:00-04:00,1.0510889410972595,1.0586507320404053,1.0510889410972595,1.0586507320404053,24000,0.0,0.0
2000-06-15 00:00:00-04:00,1.0586502397660729,1.0586502397660729,1.0510884523391724,1.0510884523391724,71600,0.0,0.0
2000-06-16 00:00:00-04:00,1.0510884523391724,1.0586502397660729,1.0510884523391724,1.0510884523391724,24800,0.0,0.0
2000-06-19 00:00:00-04:00,1.0510889410972595,1.066212522983551,1.0510889410972595,1.0586507320404053,14100,0.0,0.0
2000-06-20 00:00:00-04:00,1.0586501520576208,1.0737737256584439,1.0586501520576208,1.0662119388580322,47200,0.0,0.0
2000-06-21 00:00:00-04:00,1.066212522983551,1.0737743139266969,1.0586507320404053,1.0586507320404053,98600,0.0,0.0
2000-06-22 00:00:00-04:00,1.066212522983551,1.066212522983551,1.0586507320404053,1.0586507320404053,56900,0.0,0.0
2000-06-23 00:00:00-04:00,1.0662130284142661,1.0813366174697876,1.0586512338865053,1.0813366174697876,24700,0.0,0.0
2000-06-26 00:00:00-04:00,1.0737742555552516,1.1115832082156478,1.0737742555552516,1.0964596271514893,118100,0.0,0.0
2000-06-27 00:00:00-04:00,1.0888979886029218,1.1267069465405233,1.0813361970154014,1.119145154953003,90400,0.0,0.0
2000-06-28 00:00:00-04:00,1.119145154953003,1.1267069465405233,1.1115833633654826,1.119145154953003,86900,0.0,0.0
2000-06-29 00:00:00-04:00,1.1267068142793617,1.1342686049792232,1.1115832328796387,1.1115832328796387,62300,0.0,0.0
2000-06-30 00:00:00-04:00,1.1115832082156478,1.1115832082156478,1.0964596271514893,1.0964596271514893,17200,0.0,0.0
2000-07-03 00:00:00-04:00,1.1040214176835685,1.1040214176835685,1.0964596271514893,1.0964596271514893,21200,0.0,0.0
2000-07-05 00:00:00-04:00,1.1040214421797772,1.1115832328796387,1.1040214421797772,1.1115832328796387,58000,0.0,0.0
2000-07-06 00:00:00-04:00,1.1129857301712036,1.1206089201038831,1.105362540238524,1.1129857301712036,20000,0.074,0.0
2000-07-07 00:00:00-04:00,1.1129864462378884,1.12823283591238,1.1129864462378884,1.1206096410751343,55400,0.0,0.0
2000-07-10 00:00:00-04:00,1.1282317718403452,1.143478147135485,1.1206085841927753,1.135854959487915,44900,0.0,0.0
2000-07-11 00:00:00-04:00,1.1282321100365627,1.135855299969242,1.1129857301712036,1.1129857301712036,40100,0.0,0.0
2000-07-12 00:00:00-04:00,1.1206096410751343,1.12823283591238,1.1129864462378884,1.1206096410751343,33800,0.0,0.0
2000-07-13 00:00:00-04:00,1.1206088130538527,1.1282320022583008,1.1206088130538527,1.1282320022583008,77900,0.0,0.0
2000-07-14 00:00:00-04:00,1.1206096410751343,1.12823283591238,1.1206096410751343,1.1206096410751343,30600,0.0,0.0
2000-07-17 00:00:00-04:00,1.1206096410751343,1.135856030749626,1.1206096410751343,1.1206096410751343,30400,0.0,0.0
2000-07-18 00:00:00-04:00,1.1206088130538527,1.1358551914627488,1.1206088130538527,1.1282320022583008,35700,0.0,0.0
2000-07-19 00:00:00-04:00,1.1282320022583008,1.1282320022583008,1.1206088130538527,1.1282320022583008,10000,0.0,0.0
2000-07-20 00:00:00-04:00,1.1282320022583008,1.1358551914627488,1.1206088130538527,1.1282320022583008,63600,0.0,0.0
2000-07-21 00:00:00-04:00,1.1282320022583008,1.1358551914627488,1.1282320022583008,1.1282320022583008,63200,0.0,0.0
2000-07-24 00:00:00-04:00,1.1282320022583008,1.1358551914627488,1.1282320022583008,1.1282320022583008,23100,0.0,0.0
2000-07-25 00:00:00-04:00,1.1358551914627488,1.1358551914627488,1.1282320022583008,1.1282320022583008,38700,0.0,0.0
2000-07-26 00:00:00-04:00,1.1282317718403452,1.135854959487915,1.1206085841927753,1.135854959487915,29600,0.0,0.0
2000-07-27 00:00:00-04:00,1.1358551914627488,1.1434783806671966,1.1282320022583008,1.1282320022583008,138700,0.0,0.0
2000-07-28 00:00:00-04:00,1.135856030749626,1.135856030749626,1.1206096410751343,1.1206096410751343,42900,0.0,0.0
2000-07-31 00:00:00-04:00,1.1206096410751343,1.12823283591238,1.1206096410751343,1.1206096410751343,35200,0.0,0.0
2000-08-01 00:00:00-04:00,1.1206096410751343,1.12823283591238,1.1206096410751343,1.1206096410751343,21200,0.0,0.0
2000-08-02 00:00:00-04:00,1.1282320022583008,1.1282320022583008,1.1206088130538527,1.1282320022583008,20100,0.0,0.0
2000-08-03 00:00:00-04:00,1.12823283591238,1.12823283591238,1.1206096410751343,1.1206096410751343,10000,0.0,0.0
2000-08-04 00:00:00-04:00,1.1206096410751343,1.12823283591238,1.1206096410751343,1.1206096410751343,21900,0.0,0.0
2000-08-07 00:00:00-04:00,1.1282320022583008,1.1358551914627488,1.1206088130538527,1.1282320022583008,35100,0.0,0.0
2000-08-08 00:00:00-04:00,1.1296465767396462,1.137331247329712,1.1219619061495807,1.137331247329712,20900,0.074,0.0
2000-08-09 00:00:00-04:00,1.1296465767396462,1.137331247329712,1.1296465767396462,1.137331247329712,61400,0.0,0.0
2000-08-10 00:00:00-04:00,1.1373310473141254,1.1450157165527344,1.1373310473141254,1.1450157165527344,54000,0.0,0.0
2000-08-11 00:00:00-04:00,1.137331247329712,1.1450159179197774,1.137331247329712,1.137331247329712,64500,0.0,0.0
2000-08-14 00:00:00-04:00,1.1450159179197774,1.1527005885098431,1.137331247329712,1.137331247329712,60600,0.0,0.0
2000-08-15 00:00:00-04:00,1.137331247329712,1.1450159179197774,1.137331247329712,1.137331247329712,60100,0.0,0.0
2000-08-16 00:00:00-04:00,1.1450161099433898,1.1527007818222046,1.1450161099433898,1.1527007818222046,21700,0.0,0.0
2000-08-17 00:00:00-04:00,1.1450157165527344,1.1527003857913434,1.1450157165527344,1.1450157165527344,16800,0.0,0.0
2000-08-18 00:00:00-04:00,1.1527001068292075,1.1603847742080688,1.145015439450346,1.1603847742080688,36100,0.0,0.0
2000-08-21 00:00:00-04:00,1.1527007818222046,1.1527007818222046,1.1450161099433898,1.1527007818222046,24100,0.0,0.0
2000-08-22 00:00:00-04:00,1.1450161099433898,1.1603854537010192,1.1450161099433898,1.1527007818222046,33200,0.0,0.0
2000-08-23 00:00:00-04:00,1.1527001068292075,1.1603847742080688,1.1527001068292075,1.1603847742080688,23000,0.0,0.0
2000-08-24 00:00:00-04:00,1.1603847742080688,1.1680694415869302,1.1527001068292075,1.1603847742080688,54500,0.0,0.0
2000-08-25 00:00:00-04:00,1.168069758446388,1.1911237668367771,1.1603850889829248,1.175754427909851,102500,0.0,0.0
2000-08-28 00:00:00-04:00,1.1757538736640634,1.1834385395050049,1.1680692078231216,1.1834385395050049,41200,0.0,0.0
2000-08-29 00:00:00-04:00,1.175754427909851,1.1834390973733142,1.175754427909851,1.175754427909851,15200,0.0,0.0
2000-08-30 00:00:00-04:00,1.175754427909851,1.175754427909851,1.168069758446388,1.175754427909851,38400,0.0,0.0
2000-08-31 00:00:00-04:00,1.1757538736640634,1.1834385395050049,1.1757538736640634,1.1834385395050049,9400,0.0,0.0
2000-09-01 00:00:00-04:00,1.1834396625819958,1.1834396625819958,1.1680703163146973,1.1680703163146973,48100,0.0,0.0
2000-09-05 00:00:00-04:00,1.1680694415869302,1.1757541089657917,1.1603847742080688,1.1603847742080688,66900,0.0,0.0
2000-09-06 00:00:00-04:00,1.160385643181048,1.1680703163146973,1.160385643181048,1.1680703163146973,14300,0.0,0.0
2000-09-07 00:00:00-04:00,1.1757541089657917,1.1757541089657917,1.1603847742080688,1.1603847742080688,36300,0.0,0.0
2000-09-08 00:00:00-04:00,1.1695558844428313,1.177301287651062,1.1695558844428313,1.177301287651062,118600,0.074,0.0
2000-09-11 00:00:00-04:00,1.1695558844428313,1.177301287651062,1.1695558844428313,1.177301287651062,27300,0.0,0.0
2000-09-12 00:00:00-04:00,1.177301287651062,1.1850466908592927,1.1695558844428313,1.177301287651062,59900,0.0,0.0
2000-09-13 00:00:00-04:00,1.1850466908592927,1.1927920940675234,1.177301287651062,1.177301287651062,30900,0.0,0.0
2000-09-14 00:00:00-04:00,1.1773011513005673,1.1850465536117554,1.1773011513005673,1.1850465536117554,19700,0.0,0.0
2000-09-15 00:00:00-04:00,1.177301287651062,1.177301287651062,1.1695558844428313,1.177301287651062,32300,0.0,0.0
2000-09-18 00:00:00-04:00,1.1695558844428313,1.177301287651062,1.1695558844428313,1.177301287651062,40400,0.0,0.0
2000-09-19 00:00:00-04:00,1.1773011513005673,1.1850465536117554,1.1695557489893795,1.1850465536117554,51500,0.0,0.0
2000-09-20 00:00:00-04:00,1.1850466908592927,1.1850466908592927,1.177301287651062,1.177301287651062,23900,0.0,0.0
2000-09-21 00:00:00-04:00,1.1850465536117554,1.1850465536117554,1.1773011513005673,1.1850465536117554,43000,0.0,0.0
2000-09-22 00:00:00-04:00,1.1773007058149931,1.185046105195355,1.1695553064346313,1.1695553064346313,25800,0.0,0.0
2000-09-25 00:00:00-04:00,1.1773007058149931,1.185046105195355,1.1695553064346313,1.1695553064346313,24800,0.0,0.0
2000-09-26 00:00:00-04:00,1.185046105195355,1.185046105195355,1.1695553064346313,1.1695553064346313,27600,0.0,0.0
2000-09-27 00:00:00-04:00,1.1850465536117554,1.1927919559229434,1.1773011513005673,1.1850465536117554,128100,0.0,0.0
2000-09-28 00:00:00-04:00,1.1850466908592927,1.1927920940675234,1.177301287651062,1.177301287651062,14100,0.0,0.0
2000-09-29 00:00:00-04:00,1.1850465536117554,1.1927919559229434,1.1773011513005673,1.1850465536117554,18600,0.0,0.0
2000-10-02 00:00:00-04:00,1.1773007058149931,1.185046105195355,1.1695553064346313,1.1695553064346313,83900,0.0,0.0
2000-10-03 00:00:00-04:00,1.1695553064346313,1.1773007058149931,1.1695553064346313,1.1695553064346313,37900,0.0,0.0
2000-10-04 00:00:00-04:00,1.1695553064346313,1.1773007058149931,1.1695553064346313,1.1695553064346313,41900,0.0,0.0
2000-10-05 00:00:00-04:00,1.177301287651062,1.177301287651062,1.1695558844428313,1.177301287651062,12000,0.0,0.0
2000-10-06 00:00:00-04:00,1.1695558844428313,1.177301287651062,1.1695558844428313,1.177301287651062,90300,0.0,0.0
2000-10-09 00:00:00-04:00,1.1695557489893795,1.1850465536117554,1.1695557489893795,1.1850465536117554,52700,0.0,0.0
2000-10-10 00:00:00-04:00,1.1773007058149931,1.1927915045757167,1.1695553064346313,1.1695553064346313,89200,0.0,0.0
2000-10-11 00:00:00-04:00,1.1787984371185303,1.186605049284878,1.1787984371185303,1.1787984371185303,39300,0.074,0.0
2000-10-12 00:00:00-04:00,1.1787984371185303,1.186605049284878,1.1787984371185303,1.1787984371185303,45100,0.0,0.0
2000-10-13 00:00:00-04:00,1.1787984371185303,1.190508355368052,1.1787984371185303,1.1787984371185303,33800,0.0,0.0
2000-10-16 00:00:00-04:00,1.1787983649655391,1.194411588342566,1.1787983649655391,1.1866049766540527,25200,0.0,0.0
2000-10-17 00:00:00-04:00,1.1787984371185303,1.186605049284878,1.1787984371185303,1.1787984371185303,94600,0.0,0.0
2000-10-18 00:00:00-04:00,1.1787983649655391,1.1866049766540527,1.1787983649655391,1.1866049766540527,17200,0.0,0.0
2000-10-19 00:00:00-04:00,1.186605049284878,1.186605049284878,1.1787984371185303,1.1787984371185303,35700,0.0,0.0
2000-10-20 00:00:00-04:00,1.178798757370549,1.1866053716577711,1.178798757370549,1.1827020645141602,90800,0.0,0.0
2000-10-23 00:00:00-04:00,1.1787984371185303,1.186605049284878,1.1787984371185303,1.1787984371185303,20600,0.0,0.0
2000-10-24 00:00:00-04:00,1.186605049284878,1.186605049284878,1.1787984371185303,1.1787984371185303,23300,0.0,0.0
2000-10-25 00:00:00-04:00,1.1787984371185303,1.1827017432017042,1.1787984371185303,1.1787984371185303,142800,0.0,0.0
2000-10-26 00:00:00-04:00,1.1787984371185303,1.1827017432017042,1.1787984371185303,1.1787984371185303,21100,0.0,0.0
2000-10-27 00:00:00-04:00,1.1866051510313953,1.2334448280457926,1.1787985381956625,1.2061216831207275,124500,0.0,0.0
2000-10-30 00:00:00-05:00,1.210025668144226,1.210025668144226,1.1944124337165587,1.210025668144226,114300,0.0,0.0
2000-10-31 00:00:00-05:00,1.2022183858431301,1.2178316116333008,1.2022183858431301,1.2178316116333008,53000,0.0,0.0
2000-11-01 00:00:00-05:00,1.2100249987382155,1.2178316116333008,1.2100249987382155,1.2178316116333008,49200,0.0,0.0
2000-11-02 00:00:00-05:00,1.210025668144226,1.2178322853580599,1.210025668144226,1.210025668144226,41600,0.0,0.0
2000-11-03 00:00:00-05:00,1.2022183858431301,1.2178316116333008,1.2022183858431301,1.2178316116333008,35100,0.0,0.0
2000-11-06 00:00:00-05:00,1.2178320791207107,1.2178320791207107,1.1944122314453125,1.1944122314453125,77700,0.0,0.0
2000-11-07 00:00:00-05:00,1.194411588342566,1.2022182000310797,1.1866049766540527,1.1866049766540527,23400,0.0,0.0
2000-11-08 00:00:00-05:00,1.195920432640227,1.195920432640227,1.1880525350570679,1.1880525350570679,95400,0.074,0.0
2000-11-09 00:00:00-05:00,1.1880528064150557,1.1959207057952879,1.1880528064150557,1.195920705795288,26300,0.0,0.0
2000-11-10 00:00:00-05:00,1.1959207057952879,1.1959207057952879,1.1880528064150557,1.195920705795288,40100,0.0,0.0
2000-11-13 00:00:00-05:00,1.1880525350570679,1.195920432640227,1.1880525350570679,1.1880525350570679,218900,0.0,0.0
2000-11-14 00:00:00-05:00,1.1919864838486476,1.1919864838486476,1.1880525350570679,1.1880525350570679,13600,0.0,0.0
2000-11-15 00:00:00-05:00,1.1880528064150557,1.1959207057952879,1.1880528064150557,1.195920705795288,73700,0.0,0.0
2000-11-16 00:00:00-05:00,1.1880525350570679,1.1998543814318068,1.1880525350570679,1.1880525350570679,109700,0.0,0.0
2000-11-17 00:00:00-05:00,1.1880525350570679,1.195920432640227,1.1880525350570679,1.1880525350570679,20200,0.0,0.0
2000-11-20 00:00:00-05:00,1.1880525350570679,1.195920432640227,1.1880525350570679,1.1880525350570679,21200,0.0,0.0
2000-11-21 00:00:00-05:00,1.195920432640227,1.195920432640227,1.1880525350570679,1.1880525350570679,33200,0.0,0.0
2000-11-22 00:00:00-05:00,1.1880525350570679,1.195920432640227,1.1880525350570679,1.1880525350570679,154300,0.0,0.0
2000-11-24 00:00:00-05:00,1.1880528064150557,1.1959207057952879,1.1880528064150557,1.195920705795288,16300,0.0,0.0
2000-11-27 00:00:00-05:00,1.1959214846293131,1.2037893891334532,1.1801856756210327,1.1801856756210327,90100,0.0,0.0
2000-11-28 00:00:00-05:00,1.1644498666127523,1.1959214846293131,1.1644498666127523,1.1801856756210327,285300,0.0,0.0
2000-11-29 00:00:00-05:00,1.1801855112627098,1.188053414671128,1.1644497044458737,1.184119462966919,43500,0.0,0.0
2000-11-30 00:00:00-05:00,1.1801856756210327,1.1880535801251728,1.1644498666127523,1.1801856756210327,45500,0.0,0.0
2000-12-01 00:00:00-05:00,1.1880531584894334,1.1880531584894334,1.1644494533538818,1.1644494533538818,66100,0.0,0.0
2000-12-04 00:00:00-05:00,1.1644493653470238,1.1723172664642334,1.1565814642298142,1.1723172664642334,69300,0.0,0.0
2000-12-05 00:00:00-05:00,1.1723172664642334,1.1880530686986528,1.1723172664642334,1.1723172664642334,53900,0.0,0.0
2000-12-06 00:00:00-05:00,1.1723177711168924,1.1880535801251728,1.1723177711168924,1.1801856756210327,44200,0.0,0.0
2000-12-07 00:00:00-05:00,1.1801856756210327,1.1880535801251728,1.1723177711168924,1.1801856756210327,48400,0.0,0.0
2000-12-08 00:00:00-05:00,1.1737137032835276,1.1895746992738456,1.1737137032835276,1.1816442012786865,72700,0.074,0.0
2000-12-11 00:00:00-05:00,1.1816438651084902,1.1895743608474734,1.1776786172389986,1.1895743608474731,17500,0.0,0.0
2000-12-12 00:00:00-05:00,1.1895743608474734,1.1895743608474734,1.173713369369507,1.1895743608474731,78300,0.0,0.0
2000-12-13 00:00:00-05:00,1.1895746992738456,1.1895746992738456,1.1816442012786867,1.1816442012786865,26300,0.0,0.0
2000-12-14 00:00:00-05:00,1.1816442012786867,1.1895746992738456,1.1816442012786867,1.1816442012786865,17600,0.0,0.0
2000-12-15 00:00:00-05:00,1.1895746384796342,1.2054356336593628,1.1895746384796342,1.2054356336593628,103100,0.0,0.0
2000-12-18 00:00:00-05:00,1.2054356336593628,1.213366131249227,1.1975051360694986,1.2054356336593628,60000,0.0,0.0
2000-12-19 00:00:00-05:00,1.1975051360694986,1.213366131249227,1.1975051360694986,1.2054356336593628,58300,0.0,0.0
2000-12-20 00:00:00-05:00,1.213366232170964,1.2292272286699308,1.197505235671997,1.197505235671997,76300,0.0,0.0
2000-12-21 00:00:00-05:00,1.2229558966661753,1.2229558966661753,1.2149627208709717,1.2149627208709717,77400,0.074,0.0
2000-12-22 00:00:00-05:00,1.2229555133101226,1.23894185988934,1.214962340020514,1.2309486865997314,52100,0.0,0.0
2000-12-26 00:00:00-05:00,1.2229555133101226,1.23894185988934,1.2069691667309055,1.2309486865997314,66800,0.0,0.0
2000-12-27 00:00:00-05:00,1.2389416973802108,1.2629212141036987,1.2309485251390482,1.2629212141036987,88200,0.0,0.0
2000-12-28 00:00:00-05:00,1.2629212141036987,1.2869007308271867,1.2469348696213736,1.2629212141036987,130900,0.0,0.0
2000-12-29 00:00:00-05:00,1.270913707543604,1.294893211459521,1.2549273715996594,1.2869000434875488,169100,0.0,0.0
2001-01-02 00:00:00-05:00,1.2869007308271867,1.2869007308271867,1.2469348696213736,1.2629212141036987,91900,0.0,0.0
2001-01-03 00:00:00-05:00,1.262921114762624,1.2709142863750458,1.2469347715377808,1.2469347715377808,81500,0.0,0.0
2001-01-04 00:00:00-05:00,1.2389416973802108,1.2789075585860241,1.2389416973802108,1.2629212141036987,53300,0.0,0.0
2001-01-05 00:00:00-05:00,1.2709147930145264,1.2709147930145264,1.262921618215693,1.2709147930145264,76500,0.0,0.0
2001-01-08 00:00:00-05:00,1.270913707543604,1.2869000434875486,1.2629205395716316,1.2869000434875488,126800,0.0,0.0
2001-01-09 00:00:00-05:00,1.2789068755155764,1.294893211459521,1.2789068755155764,1.2869000434875488,92100,0.0,0.0
2001-01-10 00:00:00-05:00,1.2868997955614805,1.3028861284255981,1.2868997955614805,1.3028861284255981,100500,0.0,0.0
2001-01-11 00:00:00-05:00,1.3028870327973072,1.3028870327973072,1.2869006888366041,1.2948938608169556,87700,0.0,0.0
2001-01-12 00:00:00-05:00,1.3028863794314933,1.3028863794314933,1.2869000434875486,1.2869000434875488,71000,0.0,0.0
2001-01-16 00:00:00-05:00,1.2908963787775098,1.3028861284255981,1.2868997955614805,1.3028861284255981,47700,0.0,0.0
2001-01-17 00:00:00-05:00,1.2948937719518487,1.3188732862472534,1.2948937719518487,1.3188732862472534,81500,0.0,0.0
2001-01-18 00:00:00-05:00,1.3028870327973072,1.3108802047776589,1.2948938608169556,1.2948938608169556,38900,0.0,0.0
2001-01-19 00:00:00-05:00,1.3028861284255981,1.310879294857657,1.2948929619935394,1.3028861284255981,51500,0.0,0.0
2001-01-22 00:00:00-05:00,1.3028869433836503,1.3188732862472534,1.3028869433836503,1.3188732862472534,38900,0.0,0.0
2001-01-23 00:00:00-05:00,1.3108799457550049,1.31887311615595,1.3028867753540596,1.3108799457550049,71700,0.0,0.0
2001-01-24 00:00:00-05:00,1.3188727433422962,1.3268659114837646,1.3028864070593593,1.3268659114837646,65600,0.0,0.0
2001-01-25 00:00:00-05:00,1.334859079625233,1.3428522477667015,1.3268659114837646,1.3268659114837646,130900,0.0,0.0
2001-01-26 00:00:00-05:00,1.334859079625233,1.3428522477667015,1.3268659114837646,1.3268659114837646,79900,0.0,0.0
2001-01-29 00:00:00-05:00,1.3364598194975923,1.3415754503850312,1.3211129268352755,1.3300652503967285,110000,0.0,0.0
2001-01-30 00:00:00-05:00,1.3313431707027974,1.3402954874195618,1.3198329795148613,1.3236697912216187,71700,0.0,0.0
2001-01-31 00:00:00-05:00,1.3262275437266222,1.3262275437266222,1.3211119167504473,1.3236697912216187,26200,0.0,0.0
2001-02-01 00:00:00-05:00,1.321111562505887,1.3275061250030016,1.321111562505887,1.3262271881103516,59000,0.0,0.0
2001-02-02 00:00:00-05:00,1.327506601321859,1.3313432914103056,1.3236699112334125,1.3287855386734009,111900,0.0,0.0
2001-02-05 00:00:00-05:00,1.3313424078753868,1.3543627770611368,1.3249478473275564,1.3428525924682617,48300,0.0,0.0
2001-02-06 00:00:00-05:00,1.336459338750664,1.3415749677979252,1.3351804009972945,1.3402960300445557,25500,0.0,0.0
2001-02-07 00:00:00-05:00,1.3420989513397217,1.351114931793639,1.3356589126582716,1.3420989513397217,115500,0.074,0.0
2001-02-08 00:00:00-05:00,1.3420974835378,1.343385514432123,1.333081512944313,1.334369421005249,51500,0.0,0.0
2001-02-09 00:00:00-05:00,1.3330833884387951,1.3343712983116718,1.3266433477401733,1.3266433477401733,42400,0.0,0.0
2001-02-12 00:00:00-05:00,1.3240668496528232,1.3266429142238974,1.3227789402008057,1.3227789402008057,66300,0.0,0.0
2001-02-13 00:00:00-05:00,1.3202025582337988,1.3253545633038106,1.3098985480937753,1.3124744892120361,76600,0.0,0.0
2001-02-14 00:00:00-05:00,1.3098992524590072,1.3202032681397549,1.293155196269403,1.2995952367782593,74300,0.0,0.0
2001-02-15 00:00:00-05:00,1.300882307115018,1.300882307115018,1.2828502315962151,1.293154239654541,80500,0.0,0.0
2001-02-16 00:00:00-05:00,1.288003188429029,1.2995952367782593,1.2854271230920642,1.2995952367782593,37900,0.0,0.0
2001-02-20 00:00:00-05:00,1.3008821304210425,1.320202112197876,1.2944420955509486,1.320202112197876,64100,0.0,0.0
2001-02-21 00:00:00-05:00,1.3266433477401733,1.3266433477401733,1.3073232256443075,1.3266433477401733,43300,0.0,0.0
2001-02-22 00:00:00-05:00,1.3202026316418118,1.3227786957368013,1.31505062628533,1.3163386583328247,48000,0.0,0.0
2001-02-23 00:00:00-05:00,1.3189150411720116,1.333083152770996,1.3137630340906186,1.333083152770996,68500,0.0,0.0
2001-02-26 00:00:00-05:00,1.3395218212130828,1.3408098524915146,1.3279299082074683,1.3305058479309082,33000,0.0,0.0
2001-02-27 00:00:00-05:00,1.3330824902095144,1.3511144446154764,1.33050642653239,1.3356584310531616,108300,0.0,0.0
2001-02-28 00:00:00-05:00,1.3498257800292501,1.3511138112640315,1.336945836181694,1.3459618091583252,82400,0.0,0.0
2001-03-01 00:00:00-05:00,1.352401923686782,1.352401923686782,1.3356578851296963,1.3382339477539062,69600,0.0,0.0
2001-03-02 00:00:00-05:00,1.3408113390102938,1.344675314296043,1.3266433477401733,1.3266433477401733,70500,0.0,0.0
2001-03-05 00:00:00-05:00,1.3266431132108703,1.3356590948949236,1.3266431132108703,1.333083152770996,70800,0.0,0.0
2001-03-06 00:00:00-05:00,1.336946455760434,1.3420984602537247,1.3292183876037598,1.3292183876037598,66700,0.0,0.0
2001-03-07 00:00:00-05:00,1.3330819453389129,1.3395218562325848,1.3279299429239193,1.3382339477539062,59900,0.0,0.0
2001-03-08 00:00:00-05:00,1.3296729326248171,1.3491315114212807,1.3296729326248171,1.329672932624817,64400,0.074,0.0
2001-03-09 00:00:00-05:00,1.3361587665896901,1.3491311073303223,1.329672534362079,1.3491311073303223,36400,0.0,0.0
2001-03-12 00:00:00-05:00,1.3426447979837914,1.3426447979837914,1.3374558377207881,1.3387529850006104,30400,0.0,0.0
2001-03-13 00:00:00-05:00,1.3400500307054033,1.3426445722579956,1.3309693827004312,1.3426445722579956,55500,0.0,0.0
2001-03-14 00:00:00-05:00,1.3491320931467188,1.3491320931467188,1.3374570150634988,1.3478349447250366,65800,0.0,0.0
2001-03-15 00:00:00-05:00,1.3491307143807498,1.3504279851913452,1.3426446077568805,1.3504279851913452,43700,0.0,0.0
2001-03-16 00:00:00-05:00,1.342645263153111,1.3569148778915405,1.342645263153111,1.3569148778915405,76500,0.0,0.0
2001-03-19 00:00:00-05:00,1.3491320931467188,1.3517266374194432,1.338754163485181,1.3478349447250366,77400,0.0,0.0
2001-03-20 00:00:00-05:00,1.3543207067013165,1.360806941986084,1.3426456316463127,1.360806941986084,73400,0.0,0.0
2001-03-21 00:00:00-05:00,1.3621048798520683,1.3621048798520683,1.3439434369167456,1.358213186264038,45400,0.0,0.0
2001-03-22 00:00:00-05:00,1.3439421462911514,1.3556173395579334,1.342644998817301,1.3491311073303223,29300,0.0,0.0
2001-03-23 00:00:00-05:00,1.3491306133096375,1.3556168431621398,1.3491306133096375,1.3543195724487305,29300,0.0,0.0
2001-03-26 00:00:00-05:00,1.3530229208956428,1.3569146107463734,1.3465366886680317,1.3491311073303223,65500,0.0,0.0
2001-03-27 00:00:00-05:00,1.3556175864382458,1.362103819847107,1.3465369338946078,1.362103819847107,132200,0.0,0.0
2001-03-28 00:00:00-05:00,1.3556179785011997,1.3621042137859671,1.3504290150163152,1.360806941986084,22400,0.0,0.0
2001-03-29 00:00:00-05:00,1.3621038399522982,1.3621038399522982,1.3556176064476977,1.3569148778915405,52000,0.0,0.0
2001-03-30 00:00:00-05:00,1.3634010912718015,1.3646983626964964,1.3556175864382458,1.362103819847107,31900,0.0,0.0
2001-04-02 00:00:00-04:00,1.364698382839984,1.364698382839984,1.3569148778915405,1.3569148778915405,47400,0.0,0.0
2001-04-03 00:00:00-04:00,1.3556186413955453,1.3659965734400987,1.3556186413955453,1.358213186264038,50900,0.0,0.0
2001-04-04 00:00:00-04:00,1.3556175864382458,1.3659955104065786,1.3556175864382458,1.362103819847107,46300,0.0,0.0
2001-04-05 00:00:00-04:00,1.3517259116198057,1.3659955263137817,1.3517259116198057,1.3659955263137817,35500,0.0,0.0
2001-04-06 00:00:00-04:00,1.356915048579187,1.3659957023991232,1.356915048579187,1.3595094680786133,27600,0.0,0.0
2001-04-09 00:00:00-04:00,1.3653892361465738,1.3758419669326498,1.3588562482536812,1.3706156015396118,58300,0.075,0.0
2001-04-10 00:00:00-04:00,1.3706159147730965,1.3706159147730965,1.3549368150107621,1.3588565587997437,59300,0.0,0.0
2001-04-11 00:00:00-04:00,1.3562434748686507,1.3680028311633288,1.352323730972562,1.3653895854949951,25000,0.0,0.0
2001-04-12 00:00:00-04:00,1.3523237637073526,1.3588566288235,1.337951161396433,1.347097396850586,41800,0.0,0.0
2001-04-16 00:00:00-04:00,1.339257423534779,1.3444837889838301,1.322271704673767,1.322271704673767,46500,0.0,0.0
2001-04-17 00:00:00-04:00,1.3261916563412208,1.3261916563412208,1.3196587919564706,1.32096529006958,19000,0.0,0.0
2001-04-18 00:00:00-04:00,1.31965830461853,1.349709868431091,1.31965830461853,1.3497098684310913,32700,0.0,0.0
2001-04-19 00:00:00-04:00,1.351015956709602,1.358855437820434,1.3431763509924644,1.3523225784301758,12200,0.0,0.0
2001-04-20 00:00:00-04:00,1.3523225355242123,1.3523225355242123,1.326190600367061,1.3457895517349243,24800,0.0,0.0
2001-04-23 00:00:00-04:00,1.352322973688898,1.3588558349885893,1.339257001876831,1.339257001876831,35800,0.0,0.0
2001-04-24 00:00:00-04:00,1.340565261697508,1.340565261697508,1.3327256441116333,1.3327256441116333,20100,0.0,0.0
2001-04-25 00:00:00-04:00,1.3340314758429261,1.349710577100052,1.324885364594541,1.3444842100143433,41100,0.0,0.0
2001-04-26 00:00:00-04:00,1.3327240159707976,1.3457899877828645,1.3327240159707976,1.339257001876831,6500,0.0,0.0
2001-04-27 00:00:00-04:00,1.3392565679456365,1.3497092921659763,1.3379499462665188,1.3457895517349243,13400,0.0,0.0
2001-04-30 00:00:00-04:00,1.3523231129050644,1.3523231129050644,1.337950517510922,1.3497098684310913,36000,0.0,0.0
2001-05-01 00:00:00-04:00,1.345791152626111,1.3706163710287795,1.3418714075323108,1.368003249168396,81200,0.0,0.0
2001-05-02 00:00:00-04:00,1.3693096167703316,1.3693096167703316,1.3470976469598919,1.3575503826141357,15000,0.0,0.0
2001-05-03 00:00:00-04:00,1.3536299048914542,1.3666958808898926,1.352323406976716,1.3666958808898926,38800,0.0,0.0
2001-05-04 00:00:00-04:00,1.3693089790397572,1.3706156015396118,1.3601628707535358,1.3706156015396118,40000,0.0,0.0
2001-05-07 00:00:00-04:00,1.3706153323414916,1.3706153323414916,1.3601626036084022,1.3693087100982666,20200,0.0,0.0
2001-05-08 00:00:00-04:00,1.3562428614850826,1.3693087100982666,1.3457901327519932,1.3693087100982666,34800,0.0,0.0
2001-05-09 00:00:00-04:00,1.355359398855995,1.3803611184950728,1.355359398855995,1.369834065437317,65800,0.074,0.0
2001-05-10 00:00:00-04:00,1.3764145365710458,1.3816780670448514,1.3737827085879104,1.3803621530532837,89300,0.0,0.0
2001-05-11 00:00:00-04:00,1.3711508434050763,1.3869414329528806,1.3711508434050763,1.3869414329528809,41500,0.0,0.0
2001-05-14 00:00:00-04:00,1.381678822674057,1.3869423560264473,1.377731204032898,1.377731204032898,26800,0.0,0.0
2001-05-15 00:00:00-04:00,1.37772981833067,1.3816774330013712,1.3474644378755405,1.3553597927093506,91000,0.0,0.0
2001-05-16 00:00:00-04:00,1.3487803927691706,1.3487803927691706,1.338253336328414,1.3448327779769897,27100,0.0,0.0
2001-05-17 00:00:00-04:00,1.3474662174977146,1.3474662174977146,1.330359697341919,1.330359697341919,40700,0.0,0.0
2001-05-18 00:00:00-04:00,1.3264105316580455,1.3264105316580455,1.319831089190029,1.3224629163742065,39600,0.0,0.0
2001-05-21 00:00:00-04:00,1.322464420330439,1.3540456295013428,1.322464420330439,1.3540456295013428,48100,0.0,0.0
2001-05-22 00:00:00-04:00,1.3553601946254963,1.3553601946254963,1.3329901623706064,1.3487807512283325,58800,0.0,0.0
2001-05-23 00:00:00-04:00,1.3487815400836634,1.3540450727813624,1.335622645593157,1.351413369178772,57000,0.0,0.0
2001-05-24 00:00:00-04:00,1.3527286415539377,1.357992172241211,1.3461491968217285,1.357992172241211,24500,0.0,0.0
2001-05-25 00:00:00-04:00,1.3606241910010837,1.3750988710463656,1.3553606595762095,1.3685194253921509,23000,0.0,0.0
2001-05-29 00:00:00-04:00,1.3737822282893022,1.3869411126194697,1.3566758543494746,1.3843094110488892,98700,0.0,0.0
2001-05-30 00:00:00-04:00,1.3750980665492556,1.3856251232401802,1.359307481512869,1.381677508354187,18800,0.0,0.0
2001-05-31 00:00:00-04:00,1.3816785789165518,1.3882580258194188,1.3816785789165518,1.385626196861267,45700,0.0,0.0
2001-06-01 00:00:00-04:00,1.381677583985887,1.3869411126194697,1.3777299688838054,1.3843094110488892,41000,0.0,0.0
2001-06-04 00:00:00-04:00,1.3843094110488892,1.3882570261509708,1.379045756922885,1.3843094110488892,41200,0.0,0.0
2001-06-05 00:00:00-04:00,1.3869415895255375,1.3882575035095215,1.384309887050034,1.3882575035095215,44300,0.0,0.0
2001-06-06 00:00:00-04:00,1.3874638080596924,1.3940897348286887,1.3874638080596924,1.3874638080596924,45200,0.074,0.0
2001-06-07 00:00:00-04:00,1.392763135936907,1.392763135936907,1.38083650491661,1.3887875080108643,24300,0.0,0.0
2001-06-08 00:00:00-04:00,1.388787707565825,1.3980640476805937,1.3808367033290907,1.3914381265640259,24100,0.0,0.0
2001-06-11 00:00:00-04:00,1.3980640476805937,1.3980640476805937,1.388787707565825,1.3914381265640259,18200,0.0,0.0
2001-06-12 00:00:00-04:00,1.3914372442701683,1.3980631611853207,1.3715596199035645,1.3715596199035645,33100,0.0,0.0
2001-06-13 00:00:00-04:00,1.3781871450426202,1.3848130702972412,1.3728864301147259,1.3848130702972412,20000,0.0,0.0
2001-06-14 00:00:00-04:00,1.3967389659909086,1.402039678093421,1.386137541785884,1.3954137563705444,56900,0.0,0.0
2001-06-15 00:00:00-04:00,1.3927629495216378,1.400713951551685,1.3927629495216378,1.3980636596679688,10000,0.0,0.0
2001-06-18 00:00:00-04:00,1.399389909196162,1.4046906232833862,1.3980646990796077,1.4046906232833862,40600,0.0,0.0
2001-06-19 00:00:00-04:00,1.404691031027119,1.4179427569023006,1.3914391787729081,1.413967251777649,51000,0.0,0.0
2001-06-20 00:00:00-04:00,1.4166159151158477,1.4166159151158477,1.4020389955252972,1.4152908325195312,35100,0.0,0.0
2001-06-21 00:00:00-04:00,1.4126399612351255,1.424566585426755,1.4113147526852015,1.423241376876831,39100,0.0,0.0
2001-06-22 00:00:00-04:00,1.4179427569023006,1.424568683029406,1.4099917466529974,1.413967251777649,45700,0.0,0.0
2001-06-25 00:00:00-04:00,1.417942495984369,1.444446069236795,1.417942495984369,1.4285439252853394,29500,0.0,0.0
2001-06-26 00:00:00-04:00,1.4179417170915225,1.437819480895996,1.4099907126728821,1.437819480895996,51500,0.0,0.0
2001-06-27 00:00:00-04:00,1.4325182452027432,1.4510706663131714,1.4258923263580658,1.4510706663131714,63600,0.0,0.0
2001-06-28 00:00:00-04:00,1.444445226850749,1.444445226850749,1.4311935111423073,1.432518720626831,36500,0.0,0.0
2001-06-29 00:00:00-04:00,1.431192961085282,1.4378188795823992,1.4099901229976146,1.4152908325195312,29500,0.0,0.0
2001-07-02 00:00:00-04:00,1.4152903783349735,1.4311925017975318,1.4139651697850495,1.423241376876831,27400,0.0,0.0
2001-07-03 00:00:00-04:00,1.417941689491272,1.42589282013408,1.4099906852273982,1.417941689491272,31500,0.0,0.0
2001-07-05 00:00:00-04:00,1.415805698068009,1.4264809432605718,1.4144713878631592,1.4144713878631592,26000,0.074,0.0
2001-07-06 00:00:00-04:00,1.4144719163075339,1.4278159141540527,1.4091342917171246,1.4278159141540527,25200,0.0,0.0
2001-07-09 00:00:00-04:00,1.415805698068009,1.4278153807243825,1.4131369503993487,1.4144713878631592,44600,0.0,0.0
2001-07-10 00:00:00-04:00,1.4344873871217538,1.4358218245356444,1.4158056451041534,1.4251465797424316,42600,0.0,0.0
2001-07-11 00:00:00-04:00,1.421144296031916,1.4331539869308472,1.421144296031916,1.4331539869308472,30500,0.0,0.0
2001-07-12 00:00:00-04:00,1.4238114278350347,1.42914904755313,1.4224769910907877,1.4264801740646362,18800,0.0,0.0
2001-07-13 00:00:00-04:00,1.4291506910775325,1.4304851293563845,1.4251475035000152,1.4304851293563843,25600,0.0,0.0
2001-07-16 00:00:00-04:00,1.4331544203695417,1.4331544203695417,1.4184759755310168,1.41981041431427,18400,0.0,0.0
2001-07-17 00:00:00-04:00,1.4171417197429754,1.4291514158248901,1.4171417197429754,1.4291514158248901,20500,0.0,0.0
2001-07-18 00:00:00-04:00,1.4238130652211631,1.4304851293563845,1.4238130652211631,1.4304851293563843,34700,0.0,0.0
2001-07-19 00:00:00-04:00,1.4251475035000152,1.4304851293563845,1.4251475035000152,1.4304851293563843,30800,0.0,0.0
2001-07-20 00:00:00-04:00,1.4278153273112568,1.4291497647251474,1.4224777049146504,1.4251465797424316,34700,0.0,0.0
2001-07-23 00:00:00-04:00,1.4251458645792816,1.430483484297377,1.4251458645792816,1.4264801740646362,38000,0.0,0.0
2001-07-24 00:00:00-04:00,1.430484202139038,1.430484202139038,1.4251465797424316,1.4251465797424316,28200,0.0,0.0
2001-07-25 00:00:00-04:00,1.4251471515372145,1.4251471515372145,1.4064654020241585,1.4077998399734497,50700,0.0,0.0
2001-07-26 00:00:00-04:00,1.4144722517872765,1.4304851293563845,1.4091346259309074,1.4304851293563843,66400,0.0,0.0
2001-07-27 00:00:00-04:00,1.4238128687001859,1.455838619418065,1.4144720565555597,1.445163369178772,54400,0.0,0.0
2001-07-30 00:00:00-04:00,1.453168817111241,1.453168817111241,1.4344870791050308,1.4398247003555298,29600,0.0,0.0
2001-07-31 00:00:00-04:00,1.441160271603309,1.4505010843276978,1.441160271603309,1.4505010843276978,16400,0.0,0.0
2001-08-01 00:00:00-04:00,1.4505011736968179,1.4558387994766235,1.4438291096573017,1.4558387994766235,54600,0.0,0.0
2001-08-02 00:00:00-04:00,1.4558388199004741,1.4558388199004741,1.4438291299126693,1.4518356323242188,61500,0.0,0.0
2001-08-03 00:00:00-04:00,1.4518356323242188,1.4545043816220429,1.4451635681911006,1.4518356323242188,29800,0.0,0.0
2001-08-06 00:00:00-04:00,1.4523722664397063,1.460433465047782,1.4510286906282133,1.455059289932251,43400,0.074,0.0
2001-08-07 00:00:00-04:00,1.4550605304219995,1.4577476843358779,1.4469993249414657,1.4523735046386719,70200,0.0,0.0
2001-08-08 00:00:00-04:00,1.4523742113611149,1.4617789983749387,1.4510306337503933,1.461778998374939,39600,0.0,0.0
2001-08-09 00:00:00-04:00,1.4577464415552372,1.4590898892362887,1.4510286906282133,1.455059289932251,54600,0.0,0.0
2001-08-10 00:00:00-04:00,1.4564034938812256,1.4564034938812256,1.4483421636659084,1.4564034938812256,34100,0.0,0.0
2001-08-13 00:00:00-04:00,1.4510291823542694,1.4604339599609375,1.4510291823542694,1.4604339599609375,43800,0.0,0.0
2001-08-14 00:00:00-04:00,1.4604340635035336,1.4658082408212916,1.4537163098237127,1.4644646644592285,108500,0.0,0.0
2001-08-15 00:00:00-04:00,1.4604354207642174,1.4698402077780413,1.4604354207642174,1.461778998374939,45600,0.0,0.0
2001-08-16 00:00:00-04:00,1.4684952894312853,1.4684952894312853,1.4510291823542694,1.4604339599609375,103400,0.0,0.0
2001-08-17 00:00:00-04:00,1.4604339599609375,1.461777536227743,1.4537162067573952,1.4604339599609375,25600,0.0,0.0
2001-08-20 00:00:00-04:00,1.4617789983749387,1.4631225759856603,1.4550612384519446,1.461778998374939,30400,0.0,0.0
2001-08-21 00:00:00-04:00,1.4631210413717006,1.4684952180471968,1.456403288494711,1.4671516418457031,42000,0.0,0.0
2001-08-22 00:00:00-04:00,1.4631212949752808,1.4671518961479093,1.4577471173682757,1.4631212949752808,35000,0.0,0.0
2001-08-23 00:00:00-04:00,1.4577469355578117,1.461777536227743,1.4577469355578117,1.4604339599609375,18900,0.0,0.0
2001-08-24 00:00:00-04:00,1.4604340635035336,1.4644646644592285,1.4550598861857758,1.4644646644592285,34300,0.0,0.0
2001-08-27 00:00:00-04:00,1.4644648303219114,1.4711825847625732,1.456403627497524,1.4711825847625732,109400,0.0,0.0
2001-08-28 00:00:00-04:00,1.4577474878490149,1.4684958457946777,1.4577474878490149,1.4684958457946777,40900,0.0,0.0
2001-08-29 00:00:00-04:00,1.4617776398655966,1.4711824181390494,1.4604340635035336,1.4644646644592285,29200,0.0,0.0
2001-08-30 00:00:00-04:00,1.4564027601598828,1.4617769348858058,1.448341434005782,1.45102858543396,79200,0.0,0.0
2001-08-31 00:00:00-04:00,1.4617763879854178,1.4617763879854178,1.4402796971243708,1.4577457904815674,29300,0.0,0.0
2001-09-04 00:00:00-04:00,1.4617782870761449,1.4617782870761449,1.44028156828732,1.4523735046386719,64400,0.0,0.0
2001-09-05 00:00:00-04:00,1.4523728928388155,1.4590905185326668,1.4510293164478465,1.4564034938812256,26200,0.0,0.0
2001-09-06 00:00:00-04:00,1.4590903520584106,1.4590903520584106,1.4510291508933295,1.4590903520584106,29000,0.0,0.0
2001-09-07 00:00:00-04:00,1.4590914124764751,1.4604349896906157,1.4523737826669232,1.4537172317504883,29900,0.0,0.0
2001-09-10 00:00:00-04:00,1.4542571357930523,1.4677851607543897,1.4542571357930523,1.4583154916763306,44200,0.074,0.0
2001-09-17 00:00:00-04:00,1.4461412834451741,1.4461412834451741,1.3920294046401978,1.3920294046401978,105000,0.0,0.0
2001-09-18 00:00:00-04:00,1.3947350208403912,1.4069100964430563,1.3893238331237985,1.39338219165802,35900,0.0,0.0
2001-09-19 00:00:00-04:00,1.3933811654507942,1.4136730721900672,1.3893228099054988,1.3960866928100586,66900,0.0,0.0
2001-09-20 00:00:00-04:00,1.4001456910859083,1.4001456910859083,1.3500920619403172,1.3785008192062378,92600,0.0,0.0
2001-09-21 00:00:00-04:00,1.3690308865137342,1.405556476457542,1.3568556898657982,1.4001452922821045,39200,0.0,0.0
2001-09-24 00:00:00-04:00,1.405556476457542,1.43396522563179,1.379853254864609,1.4001452922821045,27600,0.0,0.0
2001-09-25 00:00:00-04:00,1.4001443708067138,1.4610201849694573,1.3947331901925304,1.4542561769485474,51800,0.0,0.0
2001-09-26 00:00:00-04:00,1.4610213908272487,1.4704909324645996,1.4407293500164307,1.4704909324645996,79600,0.0,0.0
2001-09-27 00:00:00-04:00,1.4596686847612832,1.488077441069487,1.4542574992269988,1.474549412727356,64200,0.0,0.0
2001-09-28 00:00:00-04:00,1.467786762077939,1.467786762077939,1.433966791790548,1.4488475322723389,33200,0.0,0.0
2001-10-01 00:00:00-04:00,1.4610216631746225,1.479960749979738,1.4488464622211323,1.4731968641281128,73800,0.0,0.0
2001-10-02 00:00:00-04:00,1.4731970285899418,1.4880777597427368,1.4637273551173746,1.4880777597427368,90000,0.0,0.0
2001-10-03 00:00:00-04:00,1.4813134268984214,1.5421892964123325,1.4596686847612832,1.474549412727356,82500,0.0,0.0
2001-10-04 00:00:00-04:00,1.5016057909819087,1.5151336932082131,1.4745497285035651,1.4880777597427368,91200,0.0,0.0
2001-10-05 00:00:00-04:00,1.4858970668858744,1.491344897025584,1.472277556479858,1.4777253866195679,21600,0.074,0.0
2001-10-08 00:00:00-04:00,1.4736405289095384,1.4763645109787238,1.4464013576507568,1.4464013576507568,28100,0.0,0.0
2001-10-09 00:00:00-04:00,1.4600203523053903,1.4845355304814774,1.4464007078513543,1.457296371459961,23000,0.0,0.0
2001-10-10 00:00:00-04:00,1.464107532942916,1.4967945536683747,1.457297704486777,1.4913467168807983,29800,0.0,0.0
2001-10-11 00:00:00-04:00,1.4954314305490508,1.5090510771566377,1.4872597464937598,1.5022412538528442,32400,0.0,0.0
2001-10-12 00:00:00-04:00,1.4886228634303473,1.5036043821245137,1.4886228634303473,1.4913467168807983,32500,0.0,0.0
2001-10-15 00:00:00-04:00,1.4913467168807983,1.4981565453369374,1.484536888424659,1.4913467168807983,41500,0.0,0.0
2001-10-16 00:00:00-04:00,1.4954322072276227,1.5022420340682174,1.487260518928224,1.498156189918518,26900,0.0,0.0
2001-10-17 00:00:00-04:00,1.498156189918518,1.5049660167591128,1.4899843717324757,1.498156189918518,52100,0.0,0.0
2001-10-18 00:00:00-04:00,1.5049652669381717,1.5117750903858984,1.4886217685955745,1.507689118385315,30900,0.0,0.0
2001-10-19 00:00:00-04:00,1.4981554118251987,1.515860900460431,1.4967934211871248,1.5022412538528442,32800,0.0,0.0
2001-10-22 00:00:00-04:00,1.5049652424708546,1.5117750658078692,1.477726079009373,1.5090510845184326,39200,0.0,0.0
2001-10-23 00:00:00-04:00,1.4981561042722888,1.5158616010909942,1.4940702603561682,1.5104137659072876,34400,0.0,0.0
2001-10-24 00:00:00-04:00,1.5049660167591128,1.5049660167591128,1.4709170124427828,1.498156189918518,57600,0.0,0.0
2001-10-25 00:00:00-04:00,1.4940702603561682,1.5104137659072876,1.4913462778209967,1.5104137659072876,59500,0.0,0.0
2001-10-26 00:00:00-04:00,1.5104129070822245,1.5322042354264394,1.5022410940098627,1.5117748975753784,56300,0.0,0.0
2001-10-29 00:00:00-05:00,1.5185856236369495,1.5390151052764505,1.5185856236369495,1.5362911224365234,42000,0.0,0.0
2001-10-30 00:00:00-05:00,1.536291068266342,1.536291068266342,1.5267573884360597,1.5322052240371704,35800,0.0,0.0
2001-10-31 00:00:00-05:00,1.5322045089660363,1.5458241565559243,1.504965343672846,1.5172230005264282,83600,0.0,0.0
2001-11-01 00:00:00-05:00,1.5253944128472317,1.5253944128472317,1.4913454298377553,1.5117748975753784,51700,0.0,0.0
2001-11-02 00:00:00-05:00,1.5144987486751242,1.5253944128472317,1.498155252416963,1.5117748975753784,27100,0.0,0.0
2001-11-05 00:00:00-05:00,1.5049655661521573,1.5267569016081262,1.5049655661521573,1.5185850858688354,58900,0.0,0.0
2001-11-06 00:00:00-05:00,1.525395727681988,1.5390153845800447,1.5145000541182125,1.5335675477981567,49500,0.0,0.0
2001-11-07 00:00:00-05:00,1.5245183619089886,1.5327442380213339,1.499840864317818,1.5121796131134033,52300,0.074,0.0
2001-11-08 00:00:00-05:00,1.521776436497465,1.5272603101296094,1.5039538145065305,1.5039538145065308,45100,0.0,0.0
2001-11-09 00:00:00-05:00,1.5080663338887557,1.530001823280532,1.501211460767368,1.5217760801315308,62300,0.0,0.0
2001-11-12 00:00:00-05:00,1.520404790147357,1.520404790147357,1.5149209188425525,1.5190337896347046,28500,0.0,0.0
2001-11-13 00:00:00-05:00,1.5204050793580872,1.530001823280532,1.501211460767368,1.5217760801315308,47600,0.0,0.0
2001-11-14 00:00:00-05:00,1.5217770193810658,1.5313737692266798,1.503954390563561,1.5149221420288086,69000,0.0,0.0
2001-11-15 00:00:00-05:00,1.5080680372825874,1.5121809135026663,1.487503525436216,1.5053260326385498,38300,0.0,0.0
2001-11-16 00:00:00-05:00,1.5080669803992799,1.514921856459363,1.4943572282791138,1.4943572282791138,35000,0.0,0.0
2001-11-19 00:00:00-05:00,1.4943572282791138,1.4943572282791138,1.4641959828081663,1.4943572282791138,59200,0.0,0.0
2001-11-20 00:00:00-05:00,1.4806476069048338,1.4943572282791138,1.4806476069048338,1.4943572282791138,34600,0.0,0.0
2001-11-21 00:00:00-05:00,1.480647318883452,1.5039538145065305,1.4669375694301605,1.5039538145065308,44700,0.0,0.0
2001-11-23 00:00:00-05:00,1.5080669803992799,1.5080669803992799,1.4806476069048338,1.4943572282791138,13000,0.0,0.0
2001-11-26 00:00:00-05:00,1.5012121043391968,1.5012121043391968,1.4875024829649168,1.4943572282791138,53000,0.0,0.0
2001-11-27 00:00:00-05:00,1.4943567218654403,1.5012115956025158,1.4806471051371308,1.4875019788742065,49100,0.0,0.0
2001-11-28 00:00:00-05:00,1.4806486114548796,1.4984712490045575,1.4737937307440843,1.4916163682937622,43100,0.0,0.0
2001-11-29 00:00:00-05:00,1.4888733535802245,1.5012121043391968,1.473792730844751,1.4943572282791138,41400,0.0,0.0
2001-11-30 00:00:00-05:00,1.499840864317818,1.5121796131134033,1.4875022462680982,1.5121796131134033,85700,0.0,0.0
2001-12-03 00:00:00-05:00,1.5121798318222748,1.540970206260681,1.5080669585441837,1.5409702062606812,83200,0.0,0.0
2001-12-04 00:00:00-05:00,1.540970206260681,1.5464540808800973,1.5245185824024323,1.5409702062606812,54000,0.0,0.0
2001-12-05 00:00:00-05:00,1.5505125041409857,1.5575284244672898,1.5294647431620738,1.535077452659607,32300,0.258,0.0
2001-12-06 00:00:00-05:00,1.5406896601802078,1.5505119989638063,1.5182388295048506,1.5294642448425293,47000,0.0,0.0
2001-12-07 00:00:00-05:00,1.5364803075790407,1.5575280636824635,1.5154326852931366,1.5364803075790405,51800,0.0,0.0
2001-12-10 00:00:00-05:00,1.536479098702975,1.5434950118841129,1.4873679740698378,1.5084155797958374,65700,0.0,0.0
2001-12-11 00:00:00-05:00,1.5084165607203515,1.522448396207541,1.4663211880762834,1.4873689413070679,84000,0.0,0.0
2001-12-12 00:00:00-05:00,1.4943845983656283,1.4943845983656283,1.4691274839774204,1.4831591844558716,94800,0.0,0.0
2001-12-13 00:00:00-05:00,1.4831587929987178,1.4831587929987178,1.4466762743297579,1.4494825601577759,352200,0.0,0.0
2001-12-14 00:00:00-05:00,1.455095216825265,1.4593047123348266,1.4396603107452393,1.4396603107452393,73200,0.0,0.0
2001-12-17 00:00:00-05:00,1.4452732449878054,1.5210448452507501,1.442466824991877,1.5182384252548218,99100,0.0,0.0
2001-12-18 00:00:00-05:00,1.5154317849814218,1.529463480230013,1.4873682606668,1.5196412801742554,117900,0.0,0.0
2001-12-19 00:00:00-05:00,1.5056094601626184,1.515431794094885,1.4733364404610805,1.4943840503692627,58900,0.0,0.0
2001-12-20 00:00:00-05:00,1.4873682696114954,1.5028031746229995,1.4775459356792289,1.4943840503692627,51200,0.0,0.0
2001-12-21 00:00:00-05:00,1.480353023563473,1.5154324784639461,1.473337105819878,1.4873689413070679,59800,0.0,0.0
2001-12-24 00:00:00-05:00,1.4733375943820761,1.4985948531073834,1.4663216743119858,1.4887725114822388,22900,0.0,0.0
2001-12-26 00:00:00-05:00,1.4747399012826252,1.484562103070138,1.4677239855126318,1.4705302715301514,32900,0.0,0.0
2001-12-27 00:00:00-05:00,1.4705304735565492,1.4957877202714647,1.4705304735565492,1.4929814338684082,27400,0.0,0.0
2001-12-28 00:00:00-05:00,1.4929815746001929,1.4985942817528537,1.4733370326571333,1.497191071510315,33200,0.0,0.0
2001-12-31 00:00:00-05:00,1.4929816487384435,1.4971911458576,1.481756233875692,1.4873689413070679,31200,0.0,0.0
2002-01-02 00:00:00-05:00,1.4999981296819531,1.5294648908436317,1.4593059484413078,1.4789505004882812,75600,0.0,0.0
2002-01-03 00:00:00-05:00,1.480353323887518,1.5378836201848505,1.473337404720581,1.5014009475708008,58400,0.0,0.0
2002-01-04 00:00:00-05:00,1.5028029061076091,1.5154315233230589,1.4873680038539574,1.515431523323059,25100,0.0,0.0
2002-01-07 00:00:00-05:00,1.5294646479399412,1.5420932769775393,1.5238519387918465,1.542093276977539,37000,0.0,0.0
2002-01-08 00:00:00-05:00,1.5364794402640392,1.5575271844863892,1.5364794402640392,1.5575271844863892,60200,0.0,0.0
2002-01-09 00:00:00-05:00,1.5603342039298986,1.5603342039298986,1.5294642448425293,1.5294642448425293,46200,0.0,0.0
2002-01-10 00:00:00-05:00,1.5434962262801817,1.5547216426749997,1.5294643888778996,1.5364803075790405,34600,0.0,0.0
2002-01-11 00:00:00-05:00,1.5364799511642868,1.5715594027151496,1.5364799511642868,1.5645434856414795,59500,0.0,0.0
2002-01-14 00:00:00-05:00,1.5505119079274843,1.5715595269954712,1.5154324536025072,1.5673500299453735,46700,0.0,0.0
2002-01-15 00:00:00-05:00,1.5673507646105098,1.5757697626569465,1.546303135676857,1.571560263633728,52700,0.0,0.0
2002-01-16 00:00:00-05:00,1.5743653774261472,1.5743653774261472,1.564543042776359,1.5743653774261475,45400,0.0,0.0
2002-01-17 00:00:00-05:00,1.5743661386010843,1.592607473121502,1.5743661386010843,1.5855915546417236,41100,0.0,0.0
2002-01-18 00:00:00-05:00,1.5855914075159427,1.5912041150154637,1.5771722793579102,1.5771722793579102,23000,0.0,0.0
2002-01-22 00:00:00-05:00,1.5687535323339066,1.5687535323339066,1.5434962776954642,1.5519154071807861,58000,0.0,0.0
2002-01-23 00:00:00-05:00,1.551914116813827,1.5617363148652563,1.5448982037124868,1.554720401763916,47100,0.0,0.0
2002-01-24 00:00:00-05:00,1.561737729553952,1.561737729553952,1.5420931818388117,1.5491091012954712,68700,0.0,0.0
2002-01-25 00:00:00-05:00,1.5575283274979552,1.5575283274979552,1.5294646479399412,1.542093276977539,74300,0.0,0.0
2002-01-28 00:00:00-05:00,1.5392870851459193,1.5392870851459193,1.5182393241670074,1.535077452659607,114100,0.0,0.0
2002-01-29 00:00:00-05:00,1.535076696137146,1.535076696137146,1.5224482063544802,1.5280609130859375,118200,0.0,0.0
2002-01-30 00:00:00-05:00,1.5294651812753801,1.5336748149675365,1.5154334704209569,1.5266588926315308,79700,0.0,0.0
2002-01-31 00:00:00-05:00,1.5294642448425293,1.5294642448425293,1.5154325425791841,1.5294642448425293,60700,0.0,0.0
2002-02-01 00:00:00-05:00,1.5266575263894944,1.5336734424467904,1.5126256942749021,1.5126256942749023,92700,0.0,0.0
2002-02-04 00:00:00-05:00,1.5224489566533197,1.535077452659607,1.5112235376582532,1.535077452659607,44800,0.0,0.0
2002-02-05 00:00:00-05:00,1.5322711648196154,1.5378838743171486,1.5308679539908445,1.535077452659607,41000,0.0,0.0
2002-02-06 00:00:00-05:00,1.536480162882955,1.5406896601802078,1.5224484606196098,1.5294642448425293,82300,0.0,0.0
2002-02-07 00:00:00-05:00,1.5196421829868136,1.5364803075790407,1.5196421829868136,1.5364803075790405,44700,0.0,0.0
2002-02-08 00:00:00-05:00,1.5210452502480234,1.536480162882955,1.5210452502480234,1.5294642448425293,70700,0.0,0.0
2002-02-11 00:00:00-05:00,1.536480162882955,1.5378833732545414,1.5154325425791841,1.5294642448425293,78500,0.0,0.0
2002-02-12 00:00:00-05:00,1.5252552444933114,1.5364806634883779,1.519642534995778,1.535077452659607,86400,0.0,0.0
2002-02-13 00:00:00-05:00,1.5256129289498417,1.546801943146679,1.5256129289498417,1.5397388935089111,71700,0.073,0.0
2002-02-14 00:00:00-05:00,1.5397388935089111,1.5482145800175262,1.5326759785876096,1.5397388935089111,39800,0.0,0.0
2002-02-15 00:00:00-05:00,1.5397384075084062,1.5439763167833003,1.5256124474080315,1.5383259057998657,61900,0.0,0.0
2002-02-19 00:00:00-05:00,1.5213751530537674,1.5496272168883731,1.5213751530537674,1.5397388935089111,67400,0.0,0.0
2002-02-20 00:00:00-05:00,1.5468018054962156,1.5468018054962156,1.529850568703949,1.5468018054962158,47200,0.0,0.0
2002-02-21 00:00:00-05:00,1.5369141101837158,1.5453896639374276,1.5326763333068598,1.5369141101837158,87700,0.0,0.0
2002-02-22 00:00:00-05:00,1.543977161456141,1.543977161456141,1.5369141101837158,1.5369141101837158,55700,0.0,0.0
2002-02-25 00:00:00-05:00,1.5468013192864931,1.5524517297744749,1.5383257709127263,1.552451729774475,47700,0.0,0.0
2002-02-26 00:00:00-05:00,1.5538642406463623,1.558102014491169,1.5453885582403473,1.5538642406463623,49800,0.0,0.0
2002-02-27 00:00:00-05:00,1.5581029408035143,1.5750541809768743,1.5468021140212744,1.5694037675857544,98300,0.0,0.0
2002-02-28 00:00:00-05:00,1.5694030397488372,1.5750534505194846,1.5609274909510755,1.5722283124923706,48000,0.0,0.0
2002-03-01 00:00:00-05:00,1.553863881188259,1.5679899703583369,1.549626108323784,1.5581016540527344,65200,0.0,0.0
2002-03-04 00:00:00-05:00,1.5482144112703533,1.5609278722893427,1.5482144112703533,1.5566900968551636,175200,0.0,0.0
2002-03-05 00:00:00-05:00,1.5566900968551636,1.5609278722893427,1.5552774601382866,1.5566900968551636,82600,0.0,0.0
2002-03-06 00:00:00-05:00,1.5609278722893427,1.5609278722893427,1.5552774601382866,1.5566900968551636,49900,0.0,0.0
2002-03-07 00:00:00-05:00,1.5700575722282795,1.571479758381739,1.5572581681014155,1.5643689632415771,39100,0.074,0.0
2002-03-08 00:00:00-05:00,1.5643688457658869,1.5771682489315841,1.5458808340406711,1.5529916286468506,62600,0.0,0.0
2002-03-11 00:00:00-05:00,1.564369101906047,1.564369101906047,1.54872545971276,1.5629469156265259,58600,0.0,0.0
2002-03-12 00:00:00-05:00,1.5572585665709786,1.564369363530643,1.5487257187211183,1.560102939605713,56200,0.0,0.0
2002-03-13 00:00:00-05:00,1.571479897676504,1.571479897676504,1.5615247293470047,1.5629469156265259,52300,0.0,0.0
2002-03-14 00:00:00-05:00,1.5629471770132761,1.564369363530643,1.5544143291634156,1.560102939605713,99500,0.0,0.0
2002-03-15 00:00:00-05:00,1.564369363530643,1.564369363530643,1.5572585665709786,1.560102939605713,36500,0.0,0.0
2002-03-18 00:00:00-05:00,1.5601027628970237,1.5615248136261477,1.55441415309906,1.55441415309906,51600,0.0,0.0
2002-03-19 00:00:00-05:00,1.5529916286468504,1.5572580511597074,1.5501472565535281,1.5529916286468506,58300,0.0,0.0
2002-03-20 00:00:00-05:00,1.5601027628970237,1.571479982492951,1.5458811705885367,1.55441415309906,24100,0.0,0.0
2002-03-21 00:00:00-05:00,1.5444594857354,1.5529924710166783,1.521705039154924,1.5416152477264404,70800,0.0,0.0
2002-03-22 00:00:00-05:00,1.5273932171803017,1.548725606513733,1.516015997120003,1.5387704372406006,72900,0.0,0.0
2002-03-25 00:00:00-05:00,1.5345034003898628,1.5430363798386255,1.521703999030272,1.5288147926330566,40900,0.0,0.0
2002-03-26 00:00:00-05:00,1.5316601251667876,1.5586809950555853,1.5217049536269633,1.5501480102539062,73000,0.0,0.0
2002-03-27 00:00:00-05:00,1.5501469583953227,1.5586799374069138,1.5288147143069954,1.5359255075454712,56500,0.0,0.0
2002-03-28 00:00:00-05:00,1.5359263113191566,1.560102939605713,1.5217047173998277,1.560102939605713,49000,0.0,0.0
2002-04-01 00:00:00-05:00,1.5643697825230196,1.5672141563195756,1.555836796760559,1.555836796760559,101900,0.0,0.0
2002-04-02 00:00:00-05:00,1.547303946625306,1.560103357455393,1.54445957282875,1.555836796760559,47800,0.0,0.0
2002-04-03 00:00:00-05:00,1.5572580511597074,1.5572580511597074,1.5444586479940101,1.5529916286468506,44600,0.0,0.0
2002-04-04 00:00:00-05:00,1.5664519209259793,1.5678838110852569,1.539246690662513,1.5607244968414307,109700,0.074,0.0
2002-04-05 00:00:00-05:00,1.5607234338249318,1.5607234338249318,1.5435411732742086,1.5549960136413574,50000,0.0,0.0
2002-04-08 00:00:00-04:00,1.553564261009815,1.5678827431925169,1.5507004826417936,1.5549960136413574,66700,0.0,0.0
2002-04-09 00:00:00-04:00,1.5549955241006252,1.5607229424811047,1.5478363535393451,1.5578593015670776,47000,0.0,0.0
2002-04-10 00:00:00-04:00,1.5607235923766014,1.56358737103555,1.5507006401752461,1.5592918395996094,57500,0.0,0.0
2002-04-11 00:00:00-04:00,1.549269474543854,1.5607243214254962,1.549269474543854,1.5535651445388794,39100,0.0,0.0
2002-04-12 00:00:00-04:00,1.5607244968414307,1.562156387000708,1.5521334289908881,1.5607244968414307,40300,0.0,0.0
2002-04-15 00:00:00-04:00,1.5592920144310063,1.5650194358385927,1.552132703533399,1.5635875463485718,39700,0.0,0.0
2002-04-16 00:00:00-04:00,1.5507001876831055,1.5607231369597783,1.5507001876831055,1.5507001876831055,52400,0.0,0.0
2002-04-17 00:00:00-04:00,1.55213369543724,1.55213369543724,1.5464062703694952,1.5492699146270752,43100,0.0,0.0
2002-04-18 00:00:00-04:00,1.5464054346084597,1.553564746212008,1.5449735449772477,1.5464054346084595,61300,0.0,0.0
2002-04-19 00:00:00-04:00,1.560723921263045,1.560723921263045,1.5464054346084597,1.5464054346084595,81800,0.0,0.0
2002-04-22 00:00:00-04:00,1.55642869737244,1.569315433502197,1.5521331641800336,1.5693154335021973,59600,0.0,0.0
2002-04-23 00:00:00-04:00,1.570747029579913,1.5721787826745204,1.5549965165666173,1.5650196075439453,106100,0.0,0.0
2002-04-24 00:00:00-04:00,1.5736112351698057,1.5736112351698057,1.5592927432347146,1.5607244968414307,144900,0.0,0.0
2002-04-25 00:00:00-04:00,1.5664525032043457,1.5693162845874196,1.5635888583738842,1.5664525032043457,66500,0.0,0.0
2002-04-26 00:00:00-04:00,1.5640006457773585,1.5769738070926955,1.5640006457773585,1.5755324363708496,68600,0.073,0.0
2002-04-29 00:00:00-04:00,1.5784153152843288,1.5784153152843288,1.5582347504806129,1.5755324363708496,98500,0.0,0.0
2002-04-30 00:00:00-04:00,1.5784167358913037,1.5784167358913037,1.5683264444079794,1.5769752264022827,110900,0.0,0.0
2002-05-01 00:00:00-04:00,1.5740909281792164,1.5784153152843288,1.5712079117959499,1.5755324363708496,95100,0.0,0.0
2002-05-02 00:00:00-04:00,1.5784153152843288,1.5784153152843288,1.5640006457773585,1.5755324363708496,154800,0.0,0.0
2002-05-03 00:00:00-04:00,1.5769738070926955,1.5827397023894412,1.5697665410741042,1.5755324363708496,61600,0.0,0.0
2002-05-06 00:00:00-04:00,1.5755330624525061,1.5755330624525061,1.5654426385711515,1.5740915536880493,68000,0.0,0.0
2002-05-07 00:00:00-04:00,1.5769738661794939,1.5769738661794939,1.568325091645213,1.5726494789123535,55900,0.0,0.0
2002-05-08 00:00:00-04:00,1.572649360582344,1.5755323768567073,1.5524687965409283,1.558234691619873,76700,0.0,0.0
2002-05-09 00:00:00-04:00,1.5668831162448245,1.5683246240606938,1.5596757146352294,1.565441608428955,152600,0.0,0.0
2002-05-10 00:00:00-04:00,1.5697676553086248,1.5712090270535686,1.5654431276641383,1.5668846368789673,159600,0.0,0.0
2002-05-13 00:00:00-04:00,1.571208715438843,1.5740917332967175,1.5640014457338722,1.5712087154388428,66900,0.0,0.0
2002-05-14 00:00:00-04:00,1.5740916897280322,1.584181977011592,1.5582355043581733,1.579857587814331,103900,0.0,0.0
2002-05-15 00:00:00-04:00,1.5827391719919408,1.6115687762842625,1.5784147863359892,1.6072442531585693,92600,0.0,0.0
2002-05-16 00:00:00-04:00,1.6202183289687382,1.6202183289687382,1.607245028274589,1.6101280450820923,63100,0.0,0.0
2002-05-17 00:00:00-04:00,1.618777453028613,1.636075285692358,1.6072456562326907,1.6216604709625244,71700,0.0,0.0
2002-05-20 00:00:00-04:00,1.6216605338470145,1.6346338401129692,1.6216605338470145,1.6317508220672607,56500,0.0,0.0
2002-05-21 00:00:00-04:00,1.6231005836181367,1.6403982639312744,1.6216590758912726,1.6403982639312744,63300,0.0,0.0
2002-05-22 00:00:00-04:00,1.6403998011828924,1.6865269919113104,1.6389582921051613,1.6605805158615112,77300,0.0,0.0
2002-05-23 00:00:00-04:00,1.667787876883278,1.667787876883278,1.6303096011160347,1.6432827711105347,65400,0.0,0.0
2002-05-24 00:00:00-04:00,1.6476050140155194,1.6533709051747378,1.6216584350641918,1.6360732316970825,79000,0.0,0.0
2002-05-28 00:00:00-04:00,1.6432816784834992,1.6649038890373644,1.6360744124353324,1.6576964855194092,105600,0.0,0.0
2002-05-29 00:00:00-04:00,1.6682858220385306,1.67408854979866,1.6479762057041065,1.6595816612243652,81700,0.073,0.0
2002-05-30 00:00:00-04:00,1.6595827936448855,1.6610335111618042,1.6465267510367276,1.6610335111618042,50000,0.0,0.0
2002-05-31 00:00:00-04:00,1.6595827746249743,1.665385506278109,1.6479773113187044,1.6581321954727173,59200,0.0,0.0
2002-06-03 00:00:00-04:00,1.6479773302056093,1.6653855253645236,1.6479773302056093,1.6610335111618042,55300,0.0,0.0
2002-06-04 00:00:00-04:00,1.6610328603318478,1.6958492370078382,1.6508781183883463,1.6813424825668335,127100,0.0,0.0
2002-06-05 00:00:00-04:00,1.6827938395855493,1.6900471503909413,1.658132195472717,1.6581321954727173,62100,0.0,0.0
2002-06-06 00:00:00-04:00,1.6508793135997821,1.6711889505386353,1.647977877602196,1.6711889505386353,59500,0.0,0.0
2002-06-07 00:00:00-04:00,1.6740903355240604,1.676991771673012,1.6508793997248088,1.6566821336746216,53100,0.0,0.0
2002-06-10 00:00:00-04:00,1.66538603668404,1.6755409240722654,1.646527256566078,1.6755409240722656,108500,0.0,0.0
2002-06-11 00:00:00-04:00,1.6682871628826283,1.6682871628826283,1.6392735007629762,1.652329683303833,105600,0.0,0.0
2002-06-12 00:00:00-04:00,1.6610337127657018,1.6653857274966362,1.6392735007629762,1.652329683303833,101900,0.0,0.0
2002-06-13 00:00:00-04:00,1.6552302658515738,1.6682864427566528,1.6479768188656418,1.6682864427566528,96600,0.0,0.0
2002-06-14 00:00:00-04:00,1.656680982918359,1.6726384556090144,1.6537795487847886,1.6682864427566528,54200,0.0,0.0
2002-06-17 00:00:00-04:00,1.6755410535985362,1.6755410535985362,1.6479779635758574,1.6566821336746216,60400,0.0,0.0
2002-06-18 00:00:00-04:00,1.6537801249178559,1.6639350095750505,1.6421746610365269,1.6436253786087036,62800,0.0,0.0
2002-06-19 00:00:00-04:00,1.6581319566024153,1.6827935971624943,1.6421743430941196,1.6740894317626953,107600,0.0,0.0
2002-06-20 00:00:00-04:00,1.6682882562596746,1.7045553922653198,1.6624855200326971,1.7045553922653198,93700,0.0,0.0
2002-06-21 00:00:00-04:00,1.7045533187865007,1.7045533187865007,1.6653847931392716,1.6769903898239136,85900,0.0,0.0
2002-06-24 00:00:00-04:00,1.688596406655225,1.7147086273752186,1.679892240849879,1.6973004341125488,126900,0.0,0.0
2002-06-25 00:00:00-04:00,1.7103562331493631,1.7118069501855215,1.6900466096871176,1.6943987607955933,113500,0.0,0.0
2002-06-26 00:00:00-04:00,1.6816987026383987,1.7123545337043529,1.6802388613824606,1.707975149154663,99300,0.073,0.0
2002-06-27 00:00:00-04:00,1.7006770334524262,1.7006770334524262,1.6787799592366208,1.6846191883087158,60000,0.0,0.0
2002-06-28 00:00:00-04:00,1.6743993796325336,1.6904572133389215,1.6685601547194742,1.6802386045455933,70700,0.0,0.0
2002-07-01 00:00:00-04:00,1.6816990444228965,1.729872701914559,1.6773195197649977,1.7240334749221802,85300,0.0,0.0
2002-07-02 00:00:00-04:00,1.7225738900442762,1.7517700293565845,1.712355136871338,1.712355136871338,93700,0.0,0.0
2002-07-03 00:00:00-04:00,1.7269528003746648,1.744470479136067,1.7254929590066808,1.7371714115142822,41800,0.0,0.0
2002-07-05 00:00:00-04:00,1.7386317180707767,1.7400915598293563,1.7123551232890368,1.7225738763809204,44400,0.0,0.0
2002-07-08 00:00:00-04:00,1.7079760973053764,1.7225742395323924,1.7079760973053764,1.7152751684188843,42200,0.0,0.0
2002-07-09 00:00:00-04:00,1.7254934206799066,1.7371718763121973,1.7006766676567462,1.7225738763809204,120800,0.0,0.0
2002-07-10 00:00:00-04:00,1.7225737582269114,1.7298728273009818,1.7021363926631474,1.7035962343215942,64700,0.0,0.0
2002-07-11 00:00:00-04:00,1.7181936506635238,1.728412259543528,1.7006758365576529,1.7108945846557617,193700,0.0,0.0
2002-07-12 00:00:00-04:00,1.7006770282954247,1.7138153284723494,1.6787799541460184,1.6860790252685547,60300,0.0,0.0
2002-07-15 00:00:00-04:00,1.6933778664328012,1.7006767973459507,1.6612620413858463,1.677319884300232,54100,0.0,0.0
2002-07-16 00:00:00-04:00,1.672941443246401,1.7152759068684666,1.672941443246401,1.6889992952346802,70600,0.0,0.0
2002-07-17 00:00:00-04:00,1.6933769097679954,1.7225730345809391,1.6933769097679954,1.7108945846557617,87800,0.0,0.0
2002-07-18 00:00:00-04:00,1.7181938987281058,1.7211134420218575,1.7065153078987247,1.707975149154663,58700,0.0,0.0
2002-07-19 00:00:00-04:00,1.7211127175542145,1.7211127175542145,1.7035950475110395,1.7094342708587646,54300,0.0,0.0
2002-07-22 00:00:00-04:00,1.7225731643527562,1.7488496090549162,1.7094348723926187,1.728412389755249,153600,0.0,0.0
2002-07-23 00:00:00-04:00,1.7400918006896973,1.7517702579384986,1.7357124140259448,1.7400918006896973,161800,0.0,0.0
2002-07-24 00:00:00-04:00,1.7444705913110106,1.853956195023645,1.7371715232198728,1.7590687274932861,263100,0.0,0.0
2002-07-25 00:00:00-04:00,1.7882632771418308,1.7926426584313364,1.694835594584913,1.7444690465927124,187700,0.0,0.0
2002-07-26 00:00:00-04:00,1.7590692055718542,1.8028634868029152,1.7590692055718542,1.776586890220642,200200,0.0,0.0
2002-07-29 00:00:00-04:00,1.7992048095359172,1.8138922517641423,1.7610175717983956,1.7639551162719727,133700,0.074,0.0
2002-07-30 00:00:00-04:00,1.7683609229085393,1.7712984667674776,1.7522048518937798,1.7610172033309937,102800,0.0,0.0
2002-07-31 00:00:00-04:00,1.7624869346618652,1.7698306582369319,1.7522058056986984,1.7624869346618652,91100,0.0,0.0
2002-08-01 00:00:00-04:00,1.76836111341345,1.76836111341345,1.7272364754465743,1.7536736726760864,79600,0.0,0.0
2002-08-02 00:00:00-04:00,1.7536755184953903,1.7536755184953903,1.716957018073988,1.7257695198059082,57800,0.0,0.0
2002-08-05 00:00:00-04:00,1.7507381229680674,1.784519076347351,1.725769531309482,1.784519076347351,113900,0.0,0.0
2002-08-06 00:00:00-04:00,1.7845184550586781,1.7845184550586781,1.7389876085236036,1.7463313341140747,81000,0.0,0.0
2002-08-07 00:00:00-04:00,1.7477987574435832,1.7477987574435832,1.7345802286137906,1.7419238090515137,63000,0.0,0.0
2002-08-08 00:00:00-04:00,1.7477996044142212,1.7654245982011885,1.7345810691788253,1.7448621988296509,83400,0.0,0.0
2002-08-09 00:00:00-04:00,1.7477991574698113,1.7477991574698113,1.7272369034263069,1.7316430807113647,71400,0.0,0.0
2002-08-12 00:00:00-04:00,1.7433943831997858,1.7478005640307643,1.7213633389749297,1.7257695198059082,139000,0.0,0.0
2002-08-13 00:00:00-04:00,1.7404563816556808,1.746331334114075,1.718425204884267,1.7463313341140747,91600,0.0,0.0
2002-08-14 00:00:00-04:00,1.7477997595619814,1.7477997595619814,1.6963939666748047,1.6963939666748047,68200,0.0,0.0
2002-08-15 00:00:00-04:00,1.6963939666748047,1.724299952519855,1.6890502419566655,1.6963939666748047,64000,0.0,0.0
2002-08-16 00:00:00-04:00,1.703737016671102,1.7272368144067292,1.6905183454273507,1.7184243202209473,46900,0.0,0.0
2002-08-19 00:00:00-04:00,1.70373710447953,1.7566116521097779,1.6934558373879272,1.7316430807113647,99700,0.0,0.0
2002-08-20 00:00:00-04:00,1.7404554856504804,1.7610177386342327,1.7125493707870405,1.7184243202209473,78400,0.0,0.0
2002-08-21 00:00:00-04:00,1.7331118635640244,1.7360492684150746,1.7184244190992188,1.734580636024475,37200,0.0,0.0
2002-08-22 00:00:00-04:00,1.749267529559055,1.7580800221820685,1.7331114564983185,1.7419238090515137,79400,0.0,0.0
2002-08-23 00:00:00-04:00,1.7477987574435832,1.759548654227722,1.736048860659444,1.7419238090515137,33700,0.0,0.0
2002-08-26 00:00:00-04:00,1.7522051672242258,1.7522051672242258,1.7272366002090571,1.7404552698135376,45700,0.0,0.0
2002-08-27 00:00:00-04:00,1.7404552698135378,1.7477988506428483,1.7272366002090571,1.7404552698135376,63700,0.0,0.0
2002-08-28 00:00:00-04:00,1.7292226052167061,1.7499142088370836,1.726266742385234,1.744002342224121,58900,0.074,0.0
2002-08-29 00:00:00-04:00,1.7513921825080068,1.766171778327263,1.7351344438718042,1.758781909942627,34300,0.0,0.0
2002-08-30 00:00:00-04:00,1.7735613674667814,1.788341101909002,1.739568175579665,1.7646934986114502,33000,0.0,0.0
2002-09-03 00:00:00-04:00,1.7794744912401013,1.801643967628479,1.7587828765808804,1.801643967628479,52700,0.0,0.0
2002-09-04 00:00:00-04:00,1.7883410902323587,1.7986868197043664,1.7735613558866397,1.786863088607788,68400,0.0,0.0
2002-09-05 00:00:00-04:00,1.7957300222673702,1.8031198861719544,1.7794724344372292,1.7853842973709106,47000,0.0,0.0
2002-09-06 00:00:00-04:00,1.7809504712841846,1.7883403353376328,1.754347017071745,1.7794724702835083,47200,0.0,0.0
2002-09-09 00:00:00-04:00,1.7661720514297485,1.7794737883889327,1.7440025837978002,1.7661720514297485,80500,0.0,0.0
2002-09-10 00:00:00-04:00,1.7513931562497878,1.763216895858977,1.7410472783791766,1.7573050260543823,70100,0.0,0.0
2002-09-11 00:00:00-04:00,1.7691278105667159,1.7750396771796784,1.7440023422241213,1.744002342224121,47500,0.0,0.0
2002-09-12 00:00:00-04:00,1.7587818532799193,1.7661717214264758,1.736612389790261,1.751392126083374,47500,0.0,0.0
2002-09-13 00:00:00-04:00,1.7513926120750816,1.7735620817165176,1.7499146098456388,1.7602603435516357,33000,0.0,0.0
2002-09-16 00:00:00-04:00,1.7528704374150668,1.7706060409545896,1.7513925761659754,1.7706060409545898,49800,0.0,0.0
2002-09-17 00:00:00-04:00,1.758782340162943,1.7632163468483482,1.736612870536119,1.7380908727645874,77300,0.0,0.0
2002-09-18 00:00:00-04:00,1.7440027418779191,1.7750400839459604,1.733656867221872,1.7602603435516357,102100,0.0,0.0
2002-09-19 00:00:00-04:00,1.7499144512296556,1.7750399230525506,1.7499144512296556,1.7661720514297485,89300,0.0,0.0
2002-09-20 00:00:00-04:00,1.7735621975064308,1.7735621975064308,1.7543485901194373,1.7558265924453735,51000,0.0,0.0
2002-09-23 00:00:00-04:00,1.7617384607990594,1.770606192854558,1.752870587793501,1.7558265924453735,53600,0.0,0.0
2002-09-24 00:00:00-04:00,1.758781909942627,1.773561646711899,1.755826047158782,1.758781909942627,49300,0.0,0.0
2002-09-25 00:00:00-04:00,1.766171500245671,1.7735613674667814,1.7587816330245607,1.7646934986114502,66600,0.0,0.0
2002-09-26 00:00:00-04:00,1.7696016532416137,1.7829852182766517,1.7621664653929192,1.7755498886108398,48600,0.073,0.0
2002-09-27 00:00:00-04:00,1.784472926130404,1.784472926130404,1.76662821388716,1.7725764513015747,32700,0.0,0.0
2002-09-30 00:00:00-04:00,1.762166380984695,1.7919075564062155,1.7606792867593413,1.7844722270965576,64600,0.0,0.0
2002-10-01 00:00:00-04:00,1.7696018546166796,1.7844725156405377,1.7666278075021884,1.7785242795944214,57000,0.0,0.0
2002-10-02 00:00:00-04:00,1.7800105017768215,1.7800105017768215,1.7577045211719458,1.7696009874343872,76900,0.0,0.0
2002-10-03 00:00:00-04:00,1.7696016532416137,1.7814981239800658,1.7696016532416137,1.7755498886108398,26000,0.0,0.0
2002-10-04 00:00:00-04:00,1.7814978071493655,1.7844719952135923,1.7696013385266423,1.7770366668701172,45900,0.0,0.0
2002-10-07 00:00:00-04:00,1.7740628511533032,1.7859593213219114,1.7740628511533032,1.7844722270965576,45800,0.0,0.0
2002-10-08 00:00:00-04:00,1.7844722270965576,1.7844722270965576,1.769601568477242,1.7844722270965576,26300,0.0,0.0
2002-10-09 00:00:00-04:00,1.7844715378599032,1.7844715378599032,1.7577044194105467,1.7591915130615234,68300,0.0,0.0
2002-10-10 00:00:00-04:00,1.7398601808113594,1.756217931660558,1.6833518834953238,1.7101190090179443,108400,0.0,0.0
2002-10-11 00:00:00-04:00,1.7205298103656494,1.7309393354878093,1.6893015186335916,1.6982239484786987,52500,0.0,0.0
2002-10-14 00:00:00-04:00,1.698222575637806,1.7279637480500862,1.6878132007477822,1.707144856452942,58000,0.0,0.0
2002-10-15 00:00:00-04:00,1.6952472793571054,1.6952472793571054,1.583717849351585,1.6580708026885986,269400,0.0,0.0
2002-10-16 00:00:00-04:00,1.643201470375061,1.677403785258749,1.643201470375061,1.643201470375061,80700,0.0,0.0
2002-10-17 00:00:00-04:00,1.6506364327308318,1.6506364327308318,1.5168009658024253,1.6089986562728882,273700,0.0,0.0
2002-10-18 00:00:00-04:00,1.5941290713137843,1.6208960668267092,1.585206644931372,1.5971031188964844,87200,0.0,0.0
2002-10-21 00:00:00-04:00,1.6119727648309246,1.6179209980591283,1.5688480384721815,1.5807445049285889,106000,0.0,0.0
2002-10-22 00:00:00-04:00,1.5673618390058557,1.6283312998367632,1.5242370880412761,1.6134607791900635,101200,0.0,0.0
2002-10-23 00:00:00-04:00,1.60156338377782,1.680377509094481,1.60156338377782,1.6253563165664673,102800,0.0,0.0
2002-10-24 00:00:00-04:00,1.6298177498961997,1.6729424838060727,1.6134601411086933,1.66402006149292,101200,0.0,0.0
2002-10-25 00:00:00-04:00,1.6655069478484879,1.695248115488857,1.6506364349368403,1.6803776025772095,101900,0.0,0.0
2002-10-28 00:00:00-05:00,1.687813408500659,1.7101192551012205,1.6684816085988523,1.702683925628662,54500,0.0,0.0
2002-10-29 00:00:00-05:00,1.7210923727967107,1.7510243855173215,1.7136093339347842,1.7390515804290771,65200,0.073,0.0
2002-10-30 00:00:00-05:00,1.7315694982705623,1.7510253529702193,1.6971477003053665,1.709120512008667,53100,0.0,0.0
2002-10-31 00:00:00-05:00,1.713608964349078,1.713608964349078,1.6612279890671442,1.6836769580841064,67000,0.0,0.0
2002-11-01 00:00:00-05:00,1.6986417770385742,1.7195940945737338,1.6791859516652412,1.6986417770385742,52400,0.0,0.0
2002-11-04 00:00:00-05:00,1.6911582838905996,1.7210902598646,1.6657160686309693,1.7151038646697998,57200,0.0,0.0
2002-11-05 00:00:00-05:00,1.7270781645938722,1.7270781645938722,1.6911597620309704,1.692656397819519,31600,0.0,0.0
2002-11-06 00:00:00-05:00,1.6836757136046383,1.7061246660285834,1.6806824438270678,1.6986417770385742,68500,0.0,0.0
2002-11-07 00:00:00-05:00,1.7091183432128214,1.7435400974983282,1.6941522762113879,1.7330639362335205,65600,0.0,0.0
2002-11-08 00:00:00-05:00,1.7375537693119498,1.7480300737262189,1.7195945738222007,1.7435401678085327,38000,0.0,0.0
2002-11-11 00:00:00-05:00,1.7585071325302124,1.7585071325302124,1.7420445639478455,1.7585071325302124,35000,0.0,0.0
2002-11-12 00:00:00-05:00,1.7585062354134895,1.7600028707193849,1.7435401678085327,1.7435401678085327,71600,0.0,0.0
2002-11-13 00:00:00-05:00,1.7510228361223457,1.7510228361223457,1.7001383881589338,1.7480297088623047,39700,0.0,0.0
2002-11-14 00:00:00-05:00,1.7360588434447637,1.7510247818287796,1.7151063584345885,1.7405486106872559,64500,0.0,0.0
2002-11-15 00:00:00-05:00,1.7360573222805167,1.7540165182414458,1.716601490974426,1.7166014909744263,22100,0.0,0.0
2002-11-18 00:00:00-05:00,1.7061246660285834,1.716600967523122,1.6986417770385742,1.6986417770385742,46100,0.0,0.0
2002-11-19 00:00:00-05:00,1.7061263764702161,1.7375550270080564,1.7001399736404894,1.7375550270080566,44400,0.0,0.0
2002-11-20 00:00:00-05:00,1.7285747834262308,1.7375543126153508,1.7076223107732125,1.7210917472839355,54500,0.0,0.0
2002-11-21 00:00:00-05:00,1.7285751750635252,1.7285751750635252,1.7076226976633768,1.7136090993881226,42000,0.0,0.0
2002-11-22 00:00:00-05:00,1.7285742882817123,1.7285742882817123,1.700138787631656,1.7166014909744263,52000,0.0,0.0
2002-11-25 00:00:00-05:00,1.7166020648988793,1.719595193862915,1.7031326277430938,1.719595193862915,64900,0.0,0.0
2002-11-26 00:00:00-05:00,1.73059054220377,1.73059054220377,1.7140227119789329,1.724565863609314,25500,0.073,0.0
2002-11-27 00:00:00-05:00,1.724564108383309,1.7320949848715244,1.701971622558185,1.7140209674835205,50700,0.0,0.0
2002-11-29 00:00:00-05:00,1.724565546778428,1.7305902242660525,1.714022397084996,1.7305902242660522,10700,0.0,0.0
2002-12-02 00:00:00-05:00,1.724564108383309,1.7290825768204294,1.7049838869697578,1.7140209674835205,47500,0.0,0.0
2002-12-03 00:00:00-05:00,1.7019743861327967,1.7170360199259778,1.6793817199833927,1.6989619731903076,51700,0.0,0.0
2002-12-04 00:00:00-05:00,1.7140221957765682,1.7305900210117673,1.6869110784465837,1.7019728422164917,39800,0.0,0.0
2002-12-05 00:00:00-05:00,1.7095031909718843,1.7441450357437134,1.691429022628796,1.7441450357437134,65100,0.0,0.0
2002-12-06 00:00:00-05:00,1.7471578520538893,1.7757750285915654,1.7215529418487834,1.7682441473007202,54400,0.0,0.0
2002-12-09 00:00:00-05:00,1.7531829973763806,1.7607137370422625,1.724565669543282,1.732096552848816,30500,0.0,0.0
2002-12-10 00:00:00-05:00,1.7170347862377482,1.7441459086818094,1.7049854304047547,1.732096552848816,40700,0.0,0.0
2002-12-11 00:00:00-05:00,1.7336019940809002,1.742638935152413,1.7034786177765433,1.7095032930374146,42200,0.0,0.0
2002-12-12 00:00:00-05:00,1.709504792373706,1.735109720599335,1.709504792373706,1.7185417413711548,53700,0.0,0.0
2002-12-13 00:00:00-05:00,1.7260726279621716,1.7305911024608962,1.7140232668724302,1.7185417413711548,38300,0.0,0.0
2002-12-16 00:00:00-05:00,1.7215531194954927,1.72908385792382,1.70197288357466,1.7079975605010986,57300,0.0,0.0
2002-12-17 00:00:00-05:00,1.7110102176666262,1.7320966635417603,1.6974547992179623,1.711010217666626,55700,0.0,0.0
2002-12-18 00:00:00-05:00,1.711008986226806,1.7170336601922698,1.6944411687316705,1.7064905166625977,75100,0.0,0.0
2002-12-19 00:00:00-05:00,1.6989609120334341,1.7245658314929524,1.6884177605993966,1.7215535640716553,60200,0.0,0.0
2002-12-20 00:00:00-05:00,1.7185414271053485,1.7456525564193726,1.7064920682190463,1.7456525564193726,51300,0.0,0.0
2002-12-23 00:00:00-05:00,1.742639945714395,1.7697510719299314,1.7260721150491627,1.7697510719299316,55500,0.0,0.0
2002-12-24 00:00:00-05:00,1.7396274083149739,1.7998741865158083,1.7320965251299572,1.799874186515808,22100,0.0,0.0
2002-12-26 00:00:00-05:00,1.8058982326811224,1.8058982326811224,1.7637255026914282,1.7968612909317017,40700,0.0,0.0
2002-12-27 00:00:00-05:00,1.8302504029310032,1.8302504029310032,1.7950238956865756,1.8072766065597534,87200,0.198,0.0
2002-12-30 00:00:00-05:00,1.7996177038686019,1.8225914884712078,1.7980860792780922,1.8149336576461792,32700,0.0,0.0
2002-12-31 00:00:00-05:00,1.8225918290517904,1.8333130571250325,1.8072760184759677,1.8271867036819458,44300,0.0,0.0
2003-01-02 00:00:00-05:00,1.8287187549771573,1.8287187549771573,1.7965553528162201,1.8195292949676514,49200,0.0,0.0
2003-01-03 00:00:00-05:00,1.8271863622427371,1.8302494653599963,1.7996177038686019,1.8149336576461792,91900,0.0,0.0
2003-01-06 00:00:00-05:00,1.8149347803345126,1.8164662598086099,1.7858344793689078,1.7919608354568481,80500,0.0,0.0
2003-01-07 00:00:00-05:00,1.7934906403920825,1.7965537422947206,1.7689852409161668,1.7843010425567627,42000,0.0,0.0
2003-01-08 00:00:00-05:00,1.776644971885892,1.7980871446019655,1.770518615957893,1.796555519104004,59900,0.0,0.0
2003-01-09 00:00:00-05:00,1.7843028783326333,1.7904292345046995,1.7735817915474805,1.7904292345046997,62400,0.0,0.0
2003-01-10 00:00:00-05:00,1.796555519104004,1.8011503955978885,1.7919607886739664,1.796555519104004,59300,0.0,0.0
2003-01-13 00:00:00-05:00,1.7980871915447887,1.7996188170827363,1.7797081232809675,1.7919608354568481,50700,0.0,0.0
2003-01-14 00:00:00-05:00,1.7812397732785266,1.7980872162357455,1.7812397732785266,1.7904292345046997,77200,0.0,0.0
2003-01-15 00:00:00-05:00,1.7950238961596785,1.7980870008468626,1.7843026645949458,1.7980870008468628,57800,0.0,0.0
2003-01-16 00:00:00-05:00,1.7919599502448047,1.798086303306382,1.7858335971832275,1.7858335971832275,51400,0.0,0.0
2003-01-17 00:00:00-05:00,1.7858340291417762,1.7996183633804324,1.781239299750162,1.7996183633804321,66000,0.0,0.0
2003-01-21 00:00:00-05:00,1.807276988625567,1.827187684519643,1.798087380496045,1.8164664506912231,62200,0.0,0.0
2003-01-22 00:00:00-05:00,1.831782462866703,1.8348455682797518,1.8164664976098495,1.822592854499817,50000,0.0,0.0
2003-01-23 00:00:00-05:00,1.8241253140351619,1.8363780334157422,1.8210622072219849,1.8210622072219849,38300,0.0,0.0
2003-01-24 00:00:00-05:00,1.8287187549771573,1.8379083610504963,1.802681854241002,1.8195292949676514,83300,0.0,0.0
2003-01-27 00:00:00-05:00,1.8271882247246616,1.8409725679623286,1.810340629183553,1.839440941810608,71500,0.0,0.0
2003-01-28 00:00:00-05:00,1.8455664877161744,1.8455664877161744,1.8317821505480083,1.8379085063934326,61800,0.0,0.0
2003-01-29 00:00:00-05:00,1.8183395633330017,1.856863706001252,1.8183395633330017,1.8460768461227417,60200,0.073,0.0
2003-01-30 00:00:00-05:00,1.8553228771910486,1.861486734711632,1.8429951621498821,1.8507000207901,49500,0.0,0.0
2003-01-31 00:00:00-05:00,1.8537807831823514,1.8553217833934956,1.8260435141711002,1.8414530754089355,59200,0.0,0.0
2003-02-03 00:00:00-05:00,1.8414530754956147,1.8553217834808273,1.8306663679328354,1.8337482213974,64300,0.0,0.0
2003-02-04 00:00:00-05:00,1.8306668382407412,1.832207838847849,1.8183391272996916,1.8198801279067993,66600,0.0,0.0
2003-02-05 00:00:00-05:00,1.8260433120495159,1.830666165213384,1.8198794588450744,1.8214203119277954,35000,0.0,0.0
2003-02-06 00:00:00-05:00,1.8260425329208374,1.8260425329208374,1.8183376829632976,1.8260425329208374,57400,0.0,0.0
2003-02-07 00:00:00-05:00,1.8214209815560007,1.832207838847849,1.8090932706149512,1.8198801279067993,66300,0.0,0.0
2003-02-10 00:00:00-05:00,1.8275834247909777,1.8522389745788057,1.8214195740834689,1.8491569757461548,41200,0.0,0.0
2003-02-11 00:00:00-05:00,1.8522397219420965,1.8799769878387451,1.8399118685951,1.8799769878387451,75500,0.0,0.0
2003-02-12 00:00:00-05:00,1.8876808736657775,1.8953857229498463,1.8614844742746097,1.893844723701477,81500,0.0,0.0
2003-02-13 00:00:00-05:00,1.8938453083843214,1.8938453083843214,1.813715233181838,1.8275837898254395,113100,0.0,0.0
2003-02-14 00:00:00-05:00,1.8368292443693166,1.870730496186524,1.8291243943711617,1.8614846467971802,56700,0.0,0.0
2003-02-18 00:00:00-05:00,1.8645666455795584,1.87689434679349,1.8460749468008701,1.8614846467971802,55700,0.0,0.0
2003-02-19 00:00:00-05:00,1.8661085727111384,1.879977281303295,1.8553218646762943,1.8768954277038574,81300,0.0,0.0
2003-02-20 00:00:00-05:00,1.8645674283312408,1.8799769878387451,1.8645674283312408,1.8799769878387451,68300,0.0,0.0
2003-02-21 00:00:00-05:00,1.8691895503756568,1.8799762525076003,1.8368292970220317,1.8584028482437134,112800,0.0,0.0
2003-02-24 00:00:00-05:00,1.8676504483550558,1.879978162446539,1.842995020172089,1.8784371614456177,105200,0.0,0.0
2003-02-25 00:00:00-05:00,1.8676492814496009,1.8923046942278896,1.8676492814496009,1.8799769878387451,59900,0.0,0.0
2003-02-26 00:00:00-05:00,1.8943942040690325,1.9036955656111565,1.8742410569377954,1.8835424184799194,61000,0.073,0.0
2003-02-27 00:00:00-05:00,1.8990449979901314,1.9021455505838958,1.854088020277942,1.8602889776229858,59100,0.0,0.0
2003-02-28 00:00:00-05:00,1.86338957076421,1.8897435291722466,1.8618392944335938,1.8618392944335938,70000,0.0,0.0
2003-03-03 00:00:00-05:00,1.8726905702005383,1.8726905702005383,1.8509871493047438,1.857188105583191,83900,0.0,0.0
2003-03-04 00:00:00-05:00,1.8633898971985592,1.8664903025604422,1.8447868736572053,1.8525381088256836,63900,0.0,0.0
2003-03-05 00:00:00-05:00,1.852537085933297,1.854087361679499,1.8354844962523722,1.8385848999023438,66100,0.0,0.0
2003-03-06 00:00:00-05:00,1.8416854059434506,1.857187719495589,1.837034726662052,1.8447858095169067,74100,0.0,0.0
2003-03-07 00:00:00-05:00,1.8525370402141903,1.8587379952035314,1.8385848545275656,1.8447858095169067,65800,0.0,0.0
2003-03-10 00:00:00-05:00,1.8525362092524458,1.8525362092524458,1.8401343048366823,1.8416845798492432,70100,0.0,0.0
2003-03-11 00:00:00-05:00,1.8447858550447194,1.8447858550447194,1.8370347719985742,1.8385848999023438,63700,0.0,0.0
2003-03-12 00:00:00-05:00,1.8447856571917616,1.8447856571917616,1.8354842993969835,1.8401349782943726,47100,0.0,0.0
2003-03-13 00:00:00-05:00,1.8370357799855326,1.8370357799855326,1.7750260466944203,1.8013801574707031,106500,0.0,0.0
2003-03-14 00:00:00-05:00,1.801379212318195,1.8122308471174065,1.7858768980110982,1.79827880859375,50700,0.0,0.0
2003-03-17 00:00:00-05:00,1.81378173828125,1.8199826956764384,1.7982794187145215,1.81378173828125,78200,0.0,0.0
2003-03-18 00:00:00-05:00,1.8153314966961904,1.8215324523223133,1.7719248073133302,1.7781257629394531,65400,0.0,0.0
2003-03-19 00:00:00-05:00,1.767275474078735,1.812232477343328,1.767275474078735,1.8044813871383667,79300,0.0,0.0
2003-03-20 00:00:00-05:00,1.8137817478713576,1.8137817478713576,1.784327237049097,1.8106813430786133,84500,0.0,0.0
2003-03-21 00:00:00-05:00,1.8215333097021262,1.824633862895813,1.8013801574707031,1.8013801574707031,63300,0.0,0.0
2003-03-24 00:00:00-05:00,1.8137809157482578,1.8168814669610238,1.798278603211686,1.8029292821884155,75600,0.0,0.0
2003-03-25 00:00:00-05:00,1.8013788019045374,1.810680306643554,1.7967281234562302,1.807579755783081,65500,0.0,0.0
2003-03-26 00:00:00-05:00,1.80448056074589,1.806030689371433,1.7703752176614183,1.796729326248169,115800,0.0,0.0
2003-03-27 00:00:00-05:00,1.7753547270698316,1.7971956997244845,1.7753547270698316,1.7878352403640747,48400,0.073,0.0
2003-03-28 00:00:00-05:00,1.7940760852077633,1.8096768063300668,1.7800354659535906,1.7893959283828735,82100,0.0,0.0
2003-03-31 00:00:00-05:00,1.795635948332762,1.8034363078567979,1.7815953309453938,1.794075846672058,81400,0.0,0.0
2003-04-01 00:00:00-05:00,1.7940776001774936,1.815918598435973,1.7862772330294918,1.8112382888793945,87400,0.0,0.0
2003-04-02 00:00:00-05:00,1.8065560103054399,1.8112361655959175,1.783155085073597,1.7878352403640747,109300,0.0,0.0
2003-04-03 00:00:00-05:00,1.7909558814715014,1.7909558814715014,1.7847156227784806,1.7893959283828735,69600,0.0,0.0
2003-04-04 00:00:00-05:00,1.7847152495748624,1.8112363806692158,1.7847152495748624,1.806556224822998,38000,0.0,0.0
2003-04-07 00:00:00-04:00,1.8081177444976533,1.8221583718280443,1.7971973226982774,1.8127979040145874,35400,0.0,0.0
2003-04-08 00:00:00-04:00,1.81279717952793,1.8190374393164443,1.794076400162388,1.8096771240234375,55000,0.0,0.0
2003-04-09 00:00:00-04:00,1.8127979040145874,1.8174780635315215,1.8018774822152115,1.8127979040145874,30100,0.0,0.0
2003-04-10 00:00:00-04:00,1.8174772262573242,1.8174772262573242,1.8018766521278764,1.8174772262573242,46600,0.0,0.0
2003-04-11 00:00:00-04:00,1.8221575323977266,1.8237174856650074,1.811236966849641,1.8174772262573242,45400,0.0,0.0
2003-04-14 00:00:00-04:00,1.8315188994443394,1.8315188994443394,1.819038373458112,1.8299587965011597,40100,0.0,0.0
2003-04-15 00:00:00-04:00,1.8330768416359058,1.8439972518064467,1.8190362292569644,1.8268365859985352,56700,0.0,0.0
2003-04-16 00:00:00-04:00,1.8143571709432427,1.8315178471194913,1.811236966849641,1.8174772262573242,45600,0.0,0.0
2003-04-17 00:00:00-04:00,1.8268376583095913,1.8315178155899048,1.817477194969447,1.8315178155899048,30700,0.0,0.0
2003-04-21 00:00:00-04:00,1.83151837804644,1.8408788442611692,1.819037855613176,1.8408788442611694,52000,0.0,0.0
2003-04-22 00:00:00-04:00,1.8330779176098484,1.842438380949993,1.828397760329535,1.8315178155899048,62600,0.0,0.0
2003-04-23 00:00:00-04:00,1.8268391927413272,1.837759618494379,1.8268391927413272,1.83307945728302,50700,0.0,0.0
2003-04-24 00:00:00-04:00,1.8346391990966988,1.8471197257207896,1.829958890027955,1.837759256362915,47200,0.0,0.0
2003-04-25 00:00:00-04:00,1.8486781858085024,1.884559630769731,1.8424379280422245,1.8798794746398926,120700,0.0,0.0
2003-04-28 00:00:00-04:00,1.8944775428202167,1.8960471542136472,1.878781877945054,1.8834905624389648,47200,0.073,0.0
2003-04-29 00:00:00-04:00,1.8834912828180683,1.8834912828180683,1.8646563879522604,1.8756433725357056,73600,0.0,0.0
2003-04-30 00:00:00-04:00,1.8505291920061562,1.8725032991348998,1.8505291920061562,1.866225004196167,64200,0.0,0.0
2003-05-01 00:00:00-04:00,1.8615163949713085,1.8709339133570497,1.8426815078862024,1.8489598035812378,81300,0.0,0.0
2003-05-02 00:00:00-04:00,1.845820289970675,1.8615159506184449,1.845820289970675,1.8599464893341064,51500,0.0,0.0
2003-05-05 00:00:00-04:00,1.8662259999460207,1.8803520588305478,1.859947701657418,1.8756433725357056,73600,0.0,0.0
2003-05-06 00:00:00-04:00,1.8756421499818763,1.8772117609525556,1.856807267392748,1.8599464893341064,33700,0.0,0.0
2003-05-07 00:00:00-04:00,1.8677947306853606,1.8819209337234497,1.8677947306853606,1.8819209337234497,55300,0.0,0.0
2003-05-08 00:00:00-04:00,1.911742809369427,1.911742809369427,1.88662962791406,1.8960469961166382,100000,0.0,0.0
2003-05-09 00:00:00-04:00,1.8991870662901942,1.9086044386959504,1.8991870662901942,1.9054653644561768,49800,0.0,0.0
2003-05-12 00:00:00-04:00,1.905465084437854,1.9227303644354719,1.9023258609729707,1.9180216789245605,51000,0.0,0.0
2003-05-13 00:00:00-04:00,1.927438024430454,1.927438024430454,1.8944769440185747,1.8991857767105103,101800,0.0,0.0
2003-05-14 00:00:00-04:00,1.8913383926478557,1.9101732795423596,1.8866297083458237,1.9086036682128906,69000,0.0,0.0
2003-05-15 00:00:00-04:00,1.9086031078601888,1.9180206233857107,1.9070334969915466,1.9117423295974731,52100,0.0,0.0
2003-05-16 00:00:00-04:00,1.9023256687355758,1.9305780783188562,1.9007560571617494,1.9274388551712036,65300,0.0,0.0
2003-05-19 00:00:00-04:00,1.9274387089870912,1.9776652277353792,1.924299635763916,1.9572607278823853,137200,0.0,0.0
2003-05-20 00:00:00-04:00,1.9619683389660039,1.9760945349563679,1.9509813641674119,1.9651075601577759,121500,0.0,0.0
2003-05-21 00:00:00-04:00,1.9619683389660039,1.9776641455522541,1.9588291177742319,1.9651075601577759,81200,0.0,0.0
2003-05-22 00:00:00-04:00,1.9698167678462135,2.005916923066015,1.9651080844884883,1.9902212619781494,125500,0.0,0.0
2003-05-23 00:00:00-04:00,1.9917918184338914,2.0121963237846368,1.983944058418274,1.983944058418274,86600,0.0,0.0
2003-05-27 00:00:00-04:00,1.9619684888698325,1.9855120508617439,1.9290074122693666,1.9368553161621094,152300,0.0,0.0
2003-05-28 00:00:00-04:00,1.9359095097236225,1.9359095097236225,1.8869590407880263,1.888538122177124,102300,0.074,0.0
2003-05-29 00:00:00-04:00,1.8727466090386011,1.9059065475480683,1.8727466090386011,1.8980114459991455,111900,0.0,0.0
2003-05-30 00:00:00-04:00,1.8885361290127085,1.9011684656143186,1.8806408809893693,1.9011684656143188,68900,0.0,0.0
2003-06-02 00:00:00-04:00,1.8948532342910767,1.9011694057151376,1.8916950732843438,1.8948532342910767,60900,0.0,0.0
2003-06-03 00:00:00-04:00,1.901171561075852,1.9343315362930298,1.8901182861999848,1.9343315362930298,67400,0.0,0.0
2003-06-04 00:00:00-04:00,1.9611745718206819,1.9659116662734273,1.928014609472428,1.9359098672866821,94800,0.0,0.0
2003-06-05 00:00:00-04:00,1.9343307289749312,1.9674906903523677,1.9343307289749312,1.9532792568206787,83200,0.0,0.0
2003-06-06 00:00:00-04:00,1.9580140443633909,1.9738045409265375,1.945381707348608,1.9706463813781738,56400,0.0,0.0
2003-06-09 00:00:00-04:00,1.967488851016934,1.9738050210607534,1.9580145206565185,1.969067931175232,54100,0.0,0.0
2003-06-10 00:00:00-04:00,1.9438024427127858,1.9611718654632568,1.9438024427127858,1.9611718654632568,37100,0.0,0.0
2003-06-11 00:00:00-04:00,1.96590892007318,1.9801203341688502,1.9580136732878848,1.9627509117126465,61000,0.0,0.0
2003-06-12 00:00:00-04:00,1.9738053581764197,1.9753844386044164,1.9390663417074834,1.9422245025634766,51600,0.0,0.0
2003-06-13 00:00:00-04:00,1.9501204572957875,1.9580155611038208,1.9438042838956895,1.9580155611038208,42800,0.0,0.0
2003-06-16 00:00:00-04:00,1.937487377801337,1.9595939010469912,1.937487377801337,1.9438035488128662,81400,0.0,0.0
2003-06-17 00:00:00-04:00,1.939066313821293,1.9706471689800638,1.9264339717577843,1.9295921325683594,112200,0.0,0.0
2003-06-18 00:00:00-04:00,1.9295937843806221,1.9406470555009012,1.902749996868923,1.916961431503296,88000,0.0,0.0
2003-06-19 00:00:00-04:00,1.9122218587369502,1.9390656135752908,1.9059056899861255,1.907484769821167,69300,0.0,0.0
2003-06-20 00:00:00-04:00,1.9090638496562087,1.9138009385719918,1.8948524323195177,1.907484769821167,71400,0.0,0.0
2003-06-23 00:00:00-04:00,1.9074855771391983,1.9074855771391983,1.8790627304362224,1.8948532342910767,77000,0.0,0.0
2003-06-24 00:00:00-04:00,1.8948539147257955,1.9059071810397354,1.8916957525849785,1.8964329957962036,50200,0.0,0.0
2003-06-25 00:00:00-04:00,1.9106431837363336,1.9248544523747453,1.8995897740095313,1.9138011932373047,75900,0.0,0.0
2003-06-26 00:00:00-04:00,1.9301646704646491,1.9349306183881803,1.909512835470427,1.92063307762146,43600,0.073,0.0
2003-06-27 00:00:00-04:00,1.9174552478350901,1.9174552478350901,1.8904488230907739,1.9031577110290527,40400,0.0,0.0
2003-06-30 00:00:00-04:00,1.9031589398936715,1.9031589398936715,1.8427917589588674,1.8729753494262695,156200,0.0,0.0
2003-07-01 00:00:00-04:00,1.8745630792754777,1.8745630792754777,1.8348477604412596,1.8554997444152832,135700,0.0,0.0
2003-07-02 00:00:00-04:00,1.855499810593219,1.855499810593219,1.8332591767121358,1.8539111614227295,67800,0.0,0.0
2003-07-03 00:00:00-04:00,1.850733363961917,1.8539106614460183,1.834847331047058,1.834847331047058,75500,0.0,0.0
2003-07-07 00:00:00-04:00,1.8475578523735725,1.8523236513137817,1.8221400560231014,1.8523236513137817,91600,0.0,0.0
2003-07-08 00:00:00-04:00,1.8618541230933177,1.8634426206486838,1.8316703970126709,1.8412021398544312,138500,0.0,0.0
2003-07-09 00:00:00-04:00,1.8570873781689283,1.8888597396583404,1.8507329361714155,1.8825052976608276,140600,0.0,0.0
2003-07-10 00:00:00-04:00,1.8952141623934255,1.9158661365509033,1.876150836594641,1.9158661365509033,113500,0.0,0.0
2003-07-11 00:00:00-04:00,1.9174568002150671,1.9396974478641116,1.9126910012552782,1.925399899482727,94100,0.0,0.0
2003-07-14 00:00:00-04:00,1.9333418196368841,1.9476393592984333,1.9253987252135873,1.9444620609283447,137800,0.0,0.0
2003-07-15 00:00:00-04:00,1.9444623853259277,1.9539941305244644,1.922221899032593,1.9222218990325928,105200,0.0,0.0
2003-07-16 00:00:00-04:00,1.933343358739843,1.933343358739843,1.9190458076962478,1.9317547082901,187000,0.0,0.0
2003-07-17 00:00:00-04:00,1.9444622112313694,1.9444622112313694,1.9142786318920215,1.92063307762146,100300,0.0,0.0
2003-07-18 00:00:00-04:00,1.9222213884525041,1.938107424227819,1.9158669438419964,1.9238098859786987,59600,0.0,0.0
2003-07-21 00:00:00-04:00,1.938107350902035,1.939695999870035,1.917455368823748,1.919044017791748,99800,0.0,0.0
2003-07-22 00:00:00-04:00,1.950815491431085,1.950815491431085,1.9015686043263536,1.9158661365509033,179000,0.0,0.0
2003-07-23 00:00:00-04:00,1.9190445070244684,1.9555826850938283,1.9158673597804048,1.9539940357208252,226200,0.0,0.0
2003-07-24 00:00:00-04:00,1.9667030572891235,1.9825890975600753,1.955582813949262,1.9667030572891235,230300,0.0,0.0
2003-07-25 00:00:00-04:00,1.9921215772628782,1.9921215772628782,1.9667037822582496,1.9921215772628784,153700,0.0,0.0
2003-07-28 00:00:00-04:00,2.0080070346971133,2.0143614811058845,1.9667030572891235,1.9667030572891235,181000,0.0,0.0
2003-07-29 00:00:00-04:00,1.9737351986784533,1.9945112238993663,1.9465663627274172,1.9897167682647705,114900,0.074,0.0
2003-07-30 00:00:00-04:00,1.9977074124805114,1.9977074124805114,1.9497624040983832,1.9561550617218018,98500,0.0,0.0
2003-07-31 00:00:00-04:00,1.986520617150295,1.988118667501752,1.9177994224084958,1.9465664625167847,110900,0.0,0.0
2003-08-01 00:00:00-04:00,1.957754083149078,1.957754083149078,1.917799918186852,1.938576102256775,66500,0.0,0.0
2003-08-04 00:00:00-04:00,1.9385758930552774,1.9385758930552774,1.8954253263944074,1.917799711227417,98500,0.0,0.0
2003-08-05 00:00:00-04:00,1.9177988507623258,1.9225933052136033,1.8874337693536243,1.9002190828323364,75300,0.0,0.0
2003-08-06 00:00:00-04:00,1.9018167831430863,1.9098076407017577,1.8842370184443542,1.8954241275787354,64500,0.0,0.0
2003-08-07 00:00:00-04:00,1.8922275816638263,1.917798199943677,1.8922275816638263,1.901816487312317,59600,0.0,0.0
2003-08-08 00:00:00-04:00,1.905013057857521,1.9321818802655686,1.905013057857521,1.9289854764938354,81500,0.0,0.0
2003-08-11 00:00:00-04:00,1.9289859419748328,1.9433694575926563,1.917798830900062,1.9209952354431152,52400,0.0,0.0
2003-08-12 00:00:00-04:00,1.9257899020111962,1.932182559388631,1.8906302102288173,1.9146026372909546,95400,0.0,0.0
2003-08-13 00:00:00-04:00,1.914601796452242,1.922592652767922,1.8890311781723914,1.901816487312317,100100,0.0,0.0
2003-08-14 00:00:00-04:00,1.9098078318265619,1.9098078318265619,1.8794427529603301,1.8858354091644287,88400,0.0,0.0
2003-08-15 00:00:00-04:00,1.8890315209451531,1.901816832405027,1.876246209485279,1.8938261270523071,55900,0.0,0.0
2003-08-18 00:00:00-04:00,1.893825757860466,1.9130037213116293,1.8842366999284317,1.897022008895874,71000,0.0,0.0
2003-08-19 00:00:00-04:00,1.8922290727971358,1.9289868274374082,1.8794437535819952,1.917799711227417,73000,0.0,0.0
2003-08-20 00:00:00-04:00,1.9098088486146974,1.9289868274374082,1.903416189007127,1.917799711227417,49600,0.0,0.0
2003-08-21 00:00:00-04:00,1.9225932945211865,1.9273879013587578,1.9066117289681566,1.9162006378173828,45200,0.0,0.0
2003-08-22 00:00:00-04:00,1.9162003459006194,1.9241912036662743,1.890629722980871,1.8938261270523071,57100,0.0,0.0
2003-08-25 00:00:00-04:00,1.8954241275787354,1.908209438707437,1.893826077997346,1.8954241275787354,65100,0.0,0.0
2003-08-26 00:00:00-04:00,1.8954253160399455,1.9177997007507268,1.8890326564672975,1.9082106351852417,54500,0.0,0.0
2003-08-27 00:00:00-04:00,1.9263807795878833,1.9328129162975822,1.9119089320427998,1.921556830406189,68800,0.073,0.0
2003-08-28 00:00:00-04:00,1.9231652535120554,1.9344211883291962,1.9183413033547965,1.9312052726745605,58500,0.0,0.0
2003-08-29 00:00:00-04:00,1.9376364398733208,1.942460387995425,1.9231644421564624,1.9295964241027832,55600,0.0,0.0
2003-09-02 00:00:00-04:00,1.9344200055893588,1.945676086874936,1.8877881069791587,1.9119081497192383,91800,0.0,0.0
2003-09-03 00:00:00-04:00,1.9151237088424664,1.9167317420641978,1.889395790696717,1.8958277702331543,60200,0.0,0.0
2003-09-04 00:00:00-04:00,1.9006533180717988,1.9070853030279398,1.886181313582827,1.889397382736206,64300,0.0,0.0
2003-09-05 00:00:00-04:00,1.8990446815905675,1.9247726111830654,1.8942205797790566,1.910300612449646,63300,0.0,0.0
2003-09-08 00:00:00-04:00,1.9183412433711968,1.9183412433711968,1.8781413021662723,1.8942211866378784,108600,0.0,0.0
2003-09-09 00:00:00-04:00,1.8845715885944394,1.9054755575882465,1.881355522587484,1.8974355459213257,69800,0.0,0.0
2003-09-10 00:00:00-04:00,1.900652065428282,1.9022600989451812,1.844372272491455,1.844372272491455,206500,0.0,0.0
2003-09-11 00:00:00-04:00,1.8508045621212061,1.882964471074331,1.8491965283359142,1.8540204763412476,97500,0.0,0.0
2003-09-12 00:00:00-04:00,1.8604521683513575,1.8781402305334238,1.8572362546322208,1.8765321969985962,56100,0.0,0.0
2003-09-15 00:00:00-04:00,1.886181313582827,1.9022613526484884,1.8797493286266858,1.889397382736206,58800,0.0,0.0
2003-09-16 00:00:00-04:00,1.895829221090221,1.903869240001327,1.884573286625036,1.8942211866378784,50600,0.0,0.0
2003-09-17 00:00:00-04:00,1.8974364303542948,1.9135163078328203,1.8910044486927766,1.9086923599243164,47000,0.0,0.0
2003-09-18 00:00:00-04:00,1.9103001161997961,1.9135160298881633,1.89422008770641,1.9119081497192383,54300,0.0,0.0
2003-09-19 00:00:00-04:00,1.9135160298881633,1.9215560441348565,1.9086920826803542,1.9119081497192383,46400,0.0,0.0
2003-09-22 00:00:00-04:00,1.918340628784941,1.9199485093715545,1.8893966313181025,1.910300612449646,59000,0.0,0.0
2003-09-23 00:00:00-04:00,1.897434549171562,1.916730475025463,1.884570598602295,1.884570598602295,61900,0.0,0.0
2003-09-24 00:00:00-04:00,1.895828550230487,1.9006524985299011,1.8813565519816926,1.8877885341644287,39100,0.0,0.0
2003-09-25 00:00:00-04:00,1.8893961404986008,1.9119081497192383,1.8813561262519076,1.9119081497192383,63000,0.0,0.0
2003-09-26 00:00:00-04:00,1.9269551640606475,1.930191099061911,1.9140117326513402,1.9285731315612793,32800,0.073,0.0
2003-09-29 00:00:00-04:00,1.9253369792005561,1.9253369792005561,1.9075398015964258,1.9204832315444946,34800,0.0,0.0
2003-09-30 00:00:00-04:00,1.9221000215171429,1.9253357998732186,1.9123923778533936,1.9123923778533936,37200,0.0,0.0
2003-10-01 00:00:00-04:00,1.912393372102255,1.9318085152258802,1.912393372102255,1.9221010208129883,36700,0.0,0.0
2003-10-02 00:00:00-04:00,1.9237195381677221,1.9334270353569725,1.912393919049749,1.9318090677261353,43800,0.0,0.0
2003-10-03 00:00:00-04:00,1.9237190540596405,1.9366624832533228,1.88165283203125,1.88165283203125,94700,0.0,0.0
2003-10-06 00:00:00-04:00,1.901068734768383,1.9091584198184686,1.8865073325378108,1.8881253004074097,59500,0.0,0.0
2003-10-07 00:00:00-04:00,1.9010675959495351,1.9188647689601468,1.8929779157455058,1.9091572761535645,59400,0.0,0.0
2003-10-08 00:00:00-04:00,1.9204834471953347,1.9334268785968196,1.9091579832935037,1.9253371953964233,62800,0.0,0.0
2003-10-09 00:00:00-04:00,1.9318089110971657,1.9350448460964735,1.9188654796956808,1.9253371953964233,69300,0.0,0.0
2003-10-10 00:00:00-04:00,1.9334261232969634,1.9496054833772312,1.9301903438595978,1.9415158033370972,62900,0.0,0.0
2003-10-13 00:00:00-04:00,1.9479878508456931,1.9803464222621652,1.9334264551338207,1.965785026550293,80800,0.0,0.0
2003-10-14 00:00:00-04:00,1.9738742928773134,1.9819639726046487,1.952841187305364,1.9706385135650635,66600,0.0,0.0
2003-10-15 00:00:00-04:00,1.975492238998413,1.9819639518529595,1.9576950672228617,1.975492238998413,55500,0.0,0.0
2003-10-16 00:00:00-04:00,1.9819639726046487,1.9851999062147059,1.9593129002276708,1.9706385135650635,45600,0.0,0.0
2003-10-17 00:00:00-04:00,1.9706395263981986,1.9803470236220369,1.9593139072398722,1.9690215587615967,50700,0.0,0.0
2003-10-20 00:00:00-04:00,1.9690203841296676,1.9738741298460531,1.9431335345785528,1.9609307050704956,74700,0.0,0.0
2003-10-21 00:00:00-04:00,1.9496058179909765,1.9690209608408598,1.9431341037076821,1.965785026550293,51900,0.0,0.0
2003-10-22 00:00:00-04:00,1.9706396922988434,1.9706396922988434,1.939898921807006,1.956078290939331,73300,0.0,0.0
2003-10-23 00:00:00-04:00,1.9576954994195543,1.9657850265502927,1.9479878508456931,1.965785026550293,53500,0.0,0.0
2003-10-24 00:00:00-04:00,1.9690205467600348,1.9722563260722847,1.9479874411880855,1.9706385135650635,28100,0.0,0.0
2003-10-27 00:00:00-05:00,1.9576963181053453,1.9722575656087222,1.9415169484821657,1.9544603824615479,58800,0.0,0.0
2003-10-28 00:00:00-05:00,1.9496067991036514,1.9852013227231426,1.9496067991036514,1.9722577333450317,47500,0.0,0.0
2003-10-29 00:00:00-05:00,1.9694905631700141,1.9776288294883568,1.9532137200783692,1.9597244262695312,57000,0.073,0.0
2003-10-30 00:00:00-05:00,1.9564692417814438,1.9776289214662295,1.9532138109207153,1.9532138109207153,67600,0.0,0.0
2003-10-31 00:00:00-05:00,1.9662340263451217,1.977627716963203,1.9597233238165905,1.9694894552230835,47800,0.0,0.0
2003-11-03 00:00:00-05:00,1.9792568730602,1.9808845886847821,1.9613524668723137,1.971118450164795,60600,0.0,0.0
2003-11-04 00:00:00-05:00,1.9580968019843208,1.9727459304026242,1.9515860954903512,1.9532138109207153,59000,0.0,0.0
2003-11-05 00:00:00-05:00,1.9564688813265032,1.9727455669489076,1.953213451065547,1.9613518714904785,85900,0.0,0.0
2003-11-06 00:00:00-05:00,1.9662350701914797,1.9987886001163435,1.9548413735246462,1.9727457761764526,110000,0.0,0.0
2003-11-07 00:00:00-05:00,1.9694894552230835,1.9939045508982274,1.9597233238165905,1.9694894552230835,75600,0.0,0.0
2003-11-10 00:00:00-05:00,1.9694902919876696,1.9857669776106712,1.9613518715624396,1.979256272315979,60200,0.0,0.0
2003-11-11 00:00:00-05:00,1.9955322381042369,1.9987875117103815,1.9629787259058378,1.9646062850952148,88700,0.0,0.0
2003-11-12 00:00:00-05:00,1.966234861654454,1.9711178518184296,1.9580964412295225,1.9613518714904785,57700,0.0,0.0
2003-11-13 00:00:00-05:00,1.9678627854945916,1.9727457761764524,1.956469088827758,1.9727457761764526,39400,0.0,0.0
2003-11-14 00:00:00-05:00,1.96949029191541,1.9743732820793856,1.9548411661960252,1.9613518714904785,72600,0.0,0.0
2003-11-17 00:00:00-05:00,1.953212617582259,1.966234022614616,1.9450742006301878,1.945074200630188,75500,0.0,0.0
2003-11-18 00:00:00-05:00,1.9515860954903512,1.9548415263510797,1.936936967072048,1.9532138109207153,75500,0.0,0.0
2003-11-19 00:00:00-05:00,1.953213153375445,1.9548408682578424,1.9385640298887399,1.9483301639556885,59600,0.0,0.0
2003-11-20 00:00:00-05:00,1.953212617582259,1.953212617582259,1.9385634981140094,1.945074200630188,44600,0.0,0.0
2003-11-21 00:00:00-05:00,1.9515849031463663,1.953212617582259,1.9385634981140094,1.945074200630188,65800,0.0,0.0
2003-11-24 00:00:00-05:00,1.9532132475750594,1.9532132475750594,1.9385641233818556,1.9434471130371094,72900,0.0,0.0
2003-11-25 00:00:00-05:00,1.9586773960222619,1.9619526950579251,1.9357496780434147,1.9406628608703613,59400,0.073,0.0
2003-11-26 00:00:00-05:00,1.9488505125045776,1.9619520164804345,1.9488505125045776,1.9488505125045776,35800,0.0,0.0
2003-11-28 00:00:00-05:00,1.9652274705655224,1.9652274705655224,1.940662189656352,1.9488505125045776,22600,0.0,0.0
2003-12-01 00:00:00-05:00,1.9619534265920362,1.9619534265920362,1.94066358446634,1.958678126335144,52800,0.0,0.0
2003-12-02 00:00:00-05:00,1.9635913060780392,1.9750552483161907,1.9570405488772546,1.9652290344238281,59100,0.0,0.0
2003-12-03 00:00:00-05:00,1.9701397633528257,1.9816036922080749,1.9586759906797655,1.9668644666671753,72600,0.0,0.0
2003-12-04 00:00:00-05:00,1.9783305488253975,1.9783305488253975,1.9570405488772546,1.9652290344238281,49100,0.0,0.0
2003-12-05 00:00:00-05:00,1.9734186610161248,1.9766939634191363,1.9521286487579348,1.9521286487579346,46600,0.0,0.0
2003-12-08 00:00:00-05:00,1.9668643262364933,1.9717773490052823,1.9586758508337265,1.9701396226882935,51700,0.0,0.0
2003-12-09 00:00:00-05:00,1.9701418567105693,1.9816057977467332,1.9701418567105693,1.9717795848846436,44200,0.0,0.0
2003-12-10 00:00:00-05:00,1.9848810979125264,1.994707310774616,1.965228828370702,1.9717795848846436,77200,0.0,0.0
2003-12-11 00:00:00-05:00,1.9881572477059142,2.001258765303448,1.973418001363086,1.9832440614700317,49900,0.0,0.0
2003-12-12 00:00:00-05:00,2.006170476859807,2.0110835036843366,1.989793512534968,1.999619722366333,58800,0.0,0.0
2003-12-15 00:00:00-05:00,2.0143593728065174,2.0143593728065174,1.981605593610952,1.9865186214447021,35900,0.0,0.0
2003-12-16 00:00:00-05:00,1.9865192227354755,2.019273011845142,1.9865192227354755,2.0045337677001953,53600,0.0,0.0
2003-12-17 00:00:00-05:00,2.004532007589371,2.0421989491282266,1.9979812555194285,2.0307350158691406,51100,0.0,0.0
2003-12-18 00:00:00-05:00,2.0454742470720735,2.047111974135121,2.015995940848457,2.0307350158691406,72500,0.0,0.0
2003-12-19 00:00:00-05:00,2.038924386943027,2.0798666443361897,2.0225475776951525,2.0716781616210938,74000,0.0,0.0
2003-12-22 00:00:00-05:00,2.0880542136178235,2.0880542136178235,2.025821990862246,2.0307350158691406,70900,0.0,0.0
2003-12-23 00:00:00-05:00,2.047111974135121,2.0634889324011016,2.0225466929183993,2.0307350158691406,62400,0.0,0.0
2003-12-24 00:00:00-05:00,2.030736348852082,2.030736348852082,2.006171051510607,2.0110840797424316,45400,0.0,0.0
2003-12-26 00:00:00-05:00,1.986519784482736,2.0127228231801535,1.986519784482736,1.9979835748672485,53100,0.0,0.0
2003-12-29 00:00:00-05:00,2.029999077804678,2.063007160900088,2.0167958445665137,2.056405544281006,74600,0.094,0.0
2003-12-30 00:00:00-05:00,2.0630094258260065,2.0630094258260065,2.0349524850431626,2.0547573566436768,66300,0.0,0.0
2003-12-31 00:00:00-05:00,2.0580569900599324,2.0613577212794545,2.0333007976358726,2.049804925918579,33400,0.0,0.0
2004-01-02 00:00:00-05:00,2.049805005541225,2.0729107545555276,2.030000145269696,2.0333008766174316,95200,0.0,0.0
2004-01-05 00:00:00-05:00,2.031650991644956,2.0498054111373225,2.0052443486627824,2.0167973041534424,110800,0.0,0.0
2004-01-06 00:00:00-05:00,2.0052441439409967,2.02009782991605,1.9986425232182012,2.006894588470459,91000,0.0,0.0
2004-01-07 00:00:00-05:00,2.0134962091932542,2.016797098252179,2.0002929677476633,2.006894588470459,61100,0.0,0.0
2004-01-08 00:00:00-05:00,2.0134969250442913,2.0465050403935208,2.0101961922069234,2.0432043075561523,61000,0.0,0.0
2004-01-09 00:00:00-05:00,2.043204568716821,2.072911955025855,2.026700430235107,2.058058261871338,85300,0.0,0.0
2004-01-12 00:00:00-05:00,2.0630092859395837,2.0778629779815674,2.054757217316802,2.0778629779815674,61600,0.0,0.0
2004-01-13 00:00:00-05:00,2.079513313137859,2.086114936207705,2.039903417323675,2.0432043075561523,107400,0.0,0.0
2004-01-14 00:00:00-05:00,2.036601184647214,2.076210893896027,2.031650010339861,2.0679588317871094,88000,0.0,0.0
2004-01-15 00:00:00-05:00,2.0762105369430897,2.091064214706421,2.0696089198699386,2.091064214706421,116300,0.0,0.0
2004-01-16 00:00:00-05:00,2.0960161685943604,2.102617788125562,2.0811624853004003,2.0960161685943604,53100,0.0,0.0
2004-01-20 00:00:00-05:00,2.1092198837588754,2.1389272570524707,2.1042687073416295,2.1207728385925293,156200,0.0,0.0
2004-01-21 00:00:00-05:00,2.1372762032172727,2.142227378223185,2.119121789932251,2.119121789932251,98200,0.0,0.0
2004-01-22 00:00:00-05:00,2.112520615884647,2.132325477476044,2.0960164858609582,2.1042685508728027,89700,0.0,0.0
2004-01-23 00:00:00-05:00,2.0960164774511103,2.0960164774511103,2.025049096382109,2.0349514484405518,267800,0.0,0.0
2004-01-26 00:00:00-05:00,2.016796669260602,2.054755940993619,2.016796669260602,2.0250487327575684,155500,0.0,0.0
2004-01-27 00:00:00-05:00,2.0250487327575684,2.046503877496653,2.0217478444007737,2.0250487327575684,154800,0.0,0.0
2004-01-28 00:00:00-05:00,2.0404904195318276,2.0570933341755913,2.0404904195318276,2.0537726879119873,134700,0.073,0.0
2004-01-29 00:00:00-05:00,2.0570906593207305,2.0570906593207305,2.02886583612962,2.040487766265869,149500,0.0,0.0
2004-01-30 00:00:00-05:00,2.030527009463443,2.062072490302106,2.030527009463443,2.0604121685028076,105000,0.0,0.0
2004-02-02 00:00:00-05:00,2.0570933341755913,2.070375602555751,2.0388300964000257,2.0537726879119873,98800,0.0,0.0
2004-02-03 00:00:00-05:00,2.0454719661167684,2.073696836158207,2.0454719661167684,2.055433750152588,107000,0.0,0.0
2004-02-04 00:00:00-05:00,2.0554320875068477,2.0653937051474967,2.042149825094611,2.0504512786865234,73300,0.0,0.0
2004-02-05 00:00:00-05:00,2.0537728731637492,2.057093519726878,2.0321891455148404,2.038830280303955,66900,0.0,0.0
2004-02-06 00:00:00-05:00,2.0421491037215302,2.0604121685028076,2.03384765306204,2.0604121685028076,76300,0.0,0.0
2004-02-09 00:00:00-05:00,2.0670538138620884,2.085317041543839,2.0521112306086717,2.073694944381714,97100,0.0,0.0
2004-02-10 00:00:00-05:00,2.0736966094115585,2.0819980688108277,2.057093848950189,2.062074661254883,71000,0.0,0.0
2004-02-11 00:00:00-05:00,2.0720364786434615,2.0886393989867105,2.0587542057037354,2.0587542057037354,63700,0.0,0.0
2004-02-12 00:00:00-05:00,2.058753498970265,2.0670549562921465,2.0504521999855116,2.0537726879119873,73900,0.0,0.0
2004-02-13 00:00:00-05:00,2.0703754106118994,2.0803370318049157,2.0504520098887524,2.0570931434631348,113800,0.0,0.0
2004-02-17 00:00:00-05:00,2.0587542057037354,2.06373517680902,2.050452903869294,2.0587542057037354,70100,0.0,0.0
2004-02-18 00:00:00-05:00,2.0521115506162944,2.0902981758117676,2.0521115506162944,2.0902981758117676,79000,0.0,0.0
2004-02-19 00:00:00-05:00,2.0902978498492972,2.0902978498492972,2.065393491647922,2.073694944381714,65500,0.0,0.0
2004-02-20 00:00:00-05:00,2.0637344683656713,2.0753564136140286,2.0504521999855116,2.0537726879119873,62500,0.0,0.0
2004-02-23 00:00:00-05:00,2.0504506200898684,2.078675458234429,2.0487902982373636,2.075354814529419,84000,0.0,0.0
2004-02-24 00:00:00-05:00,2.0803379727363582,2.0819982964651924,2.04381180072512,2.055433750152588,88600,0.0,0.0
2004-02-25 00:00:00-05:00,2.0676254334205786,2.0793163177511373,2.0626150771755323,2.0759761333465576,46900,0.073,0.0
2004-02-26 00:00:00-05:00,2.0709657570487936,2.0793164575361605,2.0509241714449313,2.065955400466919,47300,0.0,0.0
2004-02-27 00:00:00-05:00,2.0709644191890795,2.107707382031425,2.067624236717736,2.0926761627197266,75500,0.0,0.0
2004-03-01 00:00:00-05:00,2.104366838125496,2.107707020023148,2.0676238815939203,2.0776445865631104,58700,0.0,0.0
2004-03-02 00:00:00-05:00,2.070964035536035,2.0876654226275484,2.0676238536834717,2.0676238536834717,61400,0.0,0.0
2004-03-03 00:00:00-05:00,2.079316228053907,2.087666927619655,2.0626149881987574,2.070965528488159,62300,0.0,0.0
2004-03-04 00:00:00-05:00,2.064284268609238,2.1077077635302617,2.064284268609238,2.0960168838500977,106900,0.0,0.0
2004-03-05 00:00:00-05:00,2.0876668490721695,2.1043682475752834,2.072635622274636,2.0843265056610107,69100,0.0,0.0
2004-03-08 00:00:00-05:00,2.104367002940202,2.104367002940202,2.057603178500645,2.0692942142486572,118000,0.0,0.0
2004-03-09 00:00:00-05:00,2.0709640634915725,2.0843251096346482,2.0642835404200346,2.0776445865631104,83100,0.0,0.0
2004-03-10 00:00:00-05:00,2.09100579198242,2.09100579198242,2.0642835404200346,2.0776445865631104,86900,0.0,0.0
2004-03-11 00:00:00-05:00,2.070965528488159,2.094347455416984,2.070965528488159,2.070965528488159,90100,0.0,0.0
2004-03-12 00:00:00-05:00,2.0843251096346482,2.0843251096346482,2.0709640634915725,2.0776445865631104,75100,0.0,0.0
2004-03-15 00:00:00-05:00,2.0793161498206127,2.094347376618147,2.070965450569056,2.0843265056610107,61300,0.0,0.0
2004-03-16 00:00:00-05:00,2.074304581719923,2.1043670177459717,2.074304581719923,2.1043670177459717,90100,0.0,0.0
2004-03-17 00:00:00-05:00,2.0943465596384705,2.1077076095184384,2.0793153387044367,2.0876660346984863,79700,0.0,0.0
2004-03-18 00:00:00-05:00,2.0826552760911863,2.111047541387733,2.0826552760911863,2.1043670177459717,59300,0.0,0.0
2004-03-19 00:00:00-05:00,2.1110480567689116,2.119398593902588,2.1026973603589494,2.119398593902588,70400,0.0,0.0
2004-03-22 00:00:00-05:00,2.119398783181364,2.1260793090507,2.114388428598438,2.1210689544677734,39300,0.0,0.0
2004-03-23 00:00:00-05:00,2.121068893374871,2.131089761528395,2.107707842021037,2.1177287101745605,103400,0.0,0.0
2004-03-24 00:00:00-05:00,2.124408588671255,2.1360994652252754,2.1043670177459717,2.1043670177459717,77500,0.0,0.0
2004-03-25 00:00:00-05:00,2.1043671995600817,2.119398259595519,2.084325467626976,2.0926761627197266,56900,0.0,0.0
2004-03-26 00:00:00-05:00,2.0960156411536994,2.1210675568372266,2.0960156411536994,2.114387035369873,46000,0.0,0.0
2004-03-29 00:00:00-05:00,2.1217815581031156,2.1301813587081506,2.1117017653345,2.1251413822174072,61700,0.074,0.0
2004-03-30 00:00:00-05:00,2.1251403847615373,2.1369001641741647,2.1150607569367663,2.1301803588867188,35300,0.0,0.0
2004-03-31 00:00:00-05:00,2.140258815143976,2.150338597663918,2.121779400772242,2.136898994445801,62200,0.0,0.0
2004-04-01 00:00:00-05:00,2.145299960836671,2.1503397747490567,2.113380765561706,2.1301803588867188,87900,0.0,0.0
2004-04-02 00:00:00-05:00,2.1217786412324786,2.12849844043603,2.0999392537677757,2.101619243621826,56500,0.0,0.0
2004-04-05 00:00:00-04:00,2.1251407473730777,2.1301807223582268,2.06634248112841,2.106661319732666,117900,0.0,0.0
2004-04-06 00:00:00-04:00,2.099941564730705,2.1016215564335683,2.002504288944227,2.0277035236358643,172800,0.0,0.0
2004-04-07 00:00:00-04:00,2.0243441340161032,2.0243441340161032,1.9655456935250886,1.97898530960083,148500,0.0,0.0
2004-04-08 00:00:00-04:00,1.9739427510838614,2.0025019356186817,1.9689029421108457,1.9957821369171143,82000,0.0,0.0
2004-04-12 00:00:00-04:00,1.995783493012145,2.0058631178070803,1.978983904736923,1.9806638956069946,54000,0.0,0.0
2004-04-13 00:00:00-04:00,1.9554643364044753,1.9823435448423012,1.8479473424404518,1.8697867393493652,301400,0.0,0.0
2004-04-14 00:00:00-04:00,1.861387006974441,1.871466790571604,1.7807493790480382,1.82778799533844,291700,0.0,0.0
2004-04-15 00:00:00-04:00,1.814348816402571,1.8580276218845233,1.814348816402571,1.8479478359222412,159900,0.0,0.0
2004-04-16 00:00:00-04:00,1.8429081428274743,1.9000265598297117,1.8429081428274743,1.900026559829712,108800,0.0,0.0
2004-04-19 00:00:00-04:00,1.8966660765169812,1.9117856723426294,1.8798664899967648,1.8933062553405762,117500,0.0,0.0
2004-04-20 00:00:00-04:00,1.8899477726897826,1.894987588557355,1.8462689412698663,1.8496289253234863,117500,0.0,0.0
2004-04-21 00:00:00-04:00,1.8479478328716445,1.8479478328716445,1.8042690274617972,1.8244284391403198,188900,0.0,0.0
2004-04-22 00:00:00-04:00,1.7975492468921455,1.832828257840496,1.7975492468921455,1.8311482667922974,115300,0.0,0.0
2004-04-23 00:00:00-04:00,1.8210685011265093,1.841227911518977,1.8076288941981977,1.8143486976623535,109100,0.0,0.0
2004-04-26 00:00:00-04:00,1.804268319867731,1.8193879127502441,1.794188698087855,1.8193879127502441,157100,0.0,0.0
2004-04-27 00:00:00-04:00,1.8193877672565149,1.8244275777434267,1.7992283650961811,1.8177077770233154,77900,0.0,0.0
2004-04-28 00:00:00-04:00,1.8099274471628632,1.826842721777363,1.7591817846353783,1.776097059249878,146700,0.074,0.0
2004-04-29 00:00:00-04:00,1.7760975584496983,1.798087357102717,1.7422671610281542,1.7913212776184082,114000,0.0,0.0
2004-04-30 00:00:00-04:00,1.7760972952939456,1.7896294522575689,1.7557990598485105,1.7693312168121338,114900,0.0,0.0
2004-05-03 00:00:00-04:00,1.764257253565465,1.7744062938244929,1.7338098101562083,1.7524164915084839,138100,0.0,0.0
2004-05-04 00:00:00-04:00,1.7524160502999189,1.7591821292077934,1.7253517346684215,1.7422670125961304,214100,0.0,0.0
2004-05-05 00:00:00-04:00,1.7253524255871289,1.7371931894045862,1.6864474966163538,1.7270439863204956,258200,0.0,0.0
2004-05-06 00:00:00-04:00,1.7168930828367102,1.7338083507853868,1.6982864171459262,1.7236591577529907,176600,0.0,0.0
2004-05-07 00:00:00-04:00,1.7033626286301147,1.7084373108559212,1.6272441697202416,1.65261709690094,203300,0.0,0.0
2004-05-10 00:00:00-04:00,1.5900298019071002,1.6526162258418415,1.5731146873516786,1.610328197479248,324700,0.0,0.0
2004-05-11 00:00:00-04:00,1.5984875463910377,1.6881381273269653,1.5934130278177685,1.6881381273269653,169300,0.0,0.0
2004-05-12 00:00:00-04:00,1.6965967981554069,1.7405764160601347,1.683064632848742,1.7016714811325073,117000,0.0,0.0
2004-05-13 00:00:00-04:00,1.7033615255754146,1.738883471572372,1.6746056568485441,1.7304258346557617,103500,0.0,0.0
2004-05-14 00:00:00-04:00,1.7253526897611031,1.7253526897611031,1.683064632848742,1.7016714811325073,168700,0.0,0.0
2004-05-17 00:00:00-04:00,1.67798912525177,1.7016704812820473,1.674606005254856,1.67798912525177,139100,0.0,0.0
2004-05-18 00:00:00-04:00,1.6779879541597065,1.7016692936624345,1.6746048365239192,1.6796795129776,86100,0.0,0.0
2004-05-19 00:00:00-04:00,1.674605117862408,1.7202762457228513,1.674605117862408,1.7084356546401978,71600,0.0,0.0
2004-05-20 00:00:00-04:00,1.7135107785675736,1.728734493255615,1.694904105791085,1.7287344932556152,71900,0.0,0.0
2004-05-21 00:00:00-04:00,1.7338089879681142,1.7693309346620527,1.7304258686086869,1.7591817378997803,41700,0.0,0.0
2004-05-24 00:00:00-04:00,1.767638817613828,1.771021935906497,1.7422660756826467,1.7625643014907837,83500,0.0,0.0
2004-05-25 00:00:00-04:00,1.7642564638093368,1.7811715771078223,1.7456496294701842,1.776097059249878,73800,0.0,0.0
2004-05-26 00:00:00-04:00,1.7972214412870828,1.8040355443954466,1.7818896686780057,1.8040355443954468,101600,0.074,0.0
2004-05-27 00:00:00-04:00,1.8074426366048206,1.8346992133373687,1.7972215624835286,1.8227744102478027,100500,0.0,0.0
2004-05-28 00:00:00-04:00,1.8432159210459806,1.8432159210459806,1.790406681927972,1.814255952835083,90500,0.0,0.0
2004-06-01 00:00:00-04:00,1.8227738390993529,1.8381056079382743,1.792110463882503,1.7989245653152466,83500,0.0,0.0
2004-06-02 00:00:00-04:00,1.798924218272302,1.8142558216925044,1.7904065525093262,1.795517086982727,65700,0.0,0.0
2004-06-03 00:00:00-04:00,1.7904064364157612,1.8227733692631782,1.7904064364157612,1.8176628351211548,62300,0.0,0.0
2004-06-04 00:00:00-04:00,1.8312908098305247,1.8364013433456423,1.8108485133091237,1.836401343345642,64700,0.0,0.0
2004-06-07 00:00:00-04:00,1.8346974940871639,1.8432149937196851,1.819365734811199,1.831290364265442,54500,0.0,0.0
2004-06-08 00:00:00-04:00,1.8244778453586226,1.8398096178974312,1.8108496392043554,1.826181411743164,76100,0.0,0.0
2004-06-09 00:00:00-04:00,1.8227744102478027,1.8278849473084486,1.8091462031120507,1.8227744102478027,44000,0.0,0.0
2004-06-10 00:00:00-04:00,1.8091453425669493,1.8227735432202585,1.8091453425669493,1.8193665742874146,53100,0.0,0.0
2004-06-14 00:00:00-04:00,1.8193666501388697,1.8398089519710963,1.8091454179922697,1.814255952835083,151300,0.0,0.0
2004-06-15 00:00:00-04:00,1.8210699775233532,1.8329947749407238,1.8091453425669493,1.8193665742874146,41500,0.0,0.0
2004-06-16 00:00:00-04:00,1.8159598784354802,1.8210704142909462,1.8040352406190576,1.8057388067245483,58800,0.0,0.0
2004-06-17 00:00:00-04:00,1.7938136510028564,1.8295877198244963,1.788703116160043,1.814255952835083,63800,0.0,0.0
2004-06-18 00:00:00-04:00,1.81425544261932,1.8295872052970432,1.8108484745025635,1.8108484745025635,40900,0.0,0.0
2004-06-21 00:00:00-04:00,1.8091457764745236,1.8210704142909462,1.8057388067245481,1.8057388067245483,52800,0.0,0.0
2004-06-22 00:00:00-04:00,1.7989247047635917,1.8142563123299897,1.7989247047635917,1.8057388067245483,42300,0.0,0.0
2004-06-23 00:00:00-04:00,1.827885442316402,1.8364031146981707,1.8040361546007544,1.8295890092849731,90300,0.0,0.0
2004-06-24 00:00:00-04:00,1.8227744760688684,1.8295885798828044,1.8108498350097433,1.821070909500122,29800,0.0,0.0
2004-06-25 00:00:00-04:00,1.8210695908402679,1.8227731561754408,1.7767780293522977,1.7904062271118164,109200,0.0,0.0
2004-06-28 00:00:00-04:00,1.7979554452608204,1.7979554452608204,1.7705057687855372,1.777368187904358,52900,0.074,0.0
2004-06-29 00:00:00-04:00,1.7722217726960412,1.7739374187257824,1.7447720906722242,1.7464877367019653,103600,0.0,0.0
2004-06-30 00:00:00-04:00,1.7499172085176091,1.7842292785644531,1.7447704389137964,1.7842292785644531,66800,0.0,0.0
2004-07-01 00:00:00-04:00,1.7979550199152972,1.8133955001831055,1.7790834127062753,1.8133955001831055,61500,0.0,0.0
2004-07-02 00:00:00-04:00,1.8271192400768064,1.8442753553390503,1.8219724709432696,1.8442753553390503,57600,0.0,0.0
2004-07-06 00:00:00-04:00,1.852853680637945,1.8631472203920485,1.839128851890564,1.839128851890564,58500,0.0,0.0
2004-07-07 00:00:00-04:00,1.8459917306900024,1.85113850186191,1.8288356086331032,1.8459917306900024,33200,0.0,0.0
2004-07-08 00:00:00-04:00,1.8511400360229073,1.8665805259480808,1.8459932605855298,1.8528556823730469,36700,0.0,0.0
2004-07-09 00:00:00-04:00,1.864864385378401,1.8700111594517994,1.8408458336808797,1.8511395454406738,99800,0.0,0.0
2004-07-12 00:00:00-04:00,1.827119920984133,1.8580008745193481,1.827119920984133,1.8580008745193481,72100,0.0,0.0
2004-07-13 00:00:00-04:00,1.8580004505149967,1.8751565682556552,1.8356975628972867,1.839128851890564,79500,0.0,0.0
2004-07-14 00:00:00-04:00,1.8339824255394164,1.8717257968380658,1.8339824255394164,1.8631477355957031,47800,0.0,0.0
2004-07-15 00:00:00-04:00,1.8562861477140555,1.8768734057152874,1.8562861477140555,1.871726632118225,31900,0.0,0.0
2004-07-16 00:00:00-04:00,1.871726243828059,1.8785886617381924,1.8528546354784297,1.8768730163574219,36900,0.0,0.0
2004-07-19 00:00:00-04:00,1.8837352099505378,1.8837352099505378,1.8631479586716877,1.8785884380340576,44900,0.0,0.0
2004-07-20 00:00:00-04:00,1.8785905938571732,1.8803062410024765,1.8665813910662852,1.8700125217437744,82000,0.0,0.0
2004-07-21 00:00:00-04:00,1.8700105404561906,1.8871666665059679,1.8648637680864348,1.8665794134140015,89200,0.0,0.0
2004-07-22 00:00:00-04:00,1.8700111197047309,1.8820204771047317,1.8700111197047309,1.8734424114227295,42500,0.0,0.0
2004-07-23 00:00:00-04:00,1.8837353758508348,1.8871666665059679,1.8665794134140015,1.8665794134140015,76800,0.0,0.0
2004-07-26 00:00:00-04:00,1.878588467817148,1.8871665302225644,1.870010405411732,1.8820197582244873,86200,0.0,0.0
2004-07-27 00:00:00-04:00,1.887166785505128,1.8888824309408778,1.8665795311149902,1.8751575946807861,94800,0.0,0.0
2004-07-28 00:00:00-04:00,1.89139587660505,1.89139587660505,1.8689409282311067,1.8827593326568604,78000,0.074,0.0
2004-07-29 00:00:00-04:00,1.8827593343942286,1.8931232200872945,1.875850132174976,1.886214017868042,70300,0.0,0.0
2004-07-30 00:00:00-04:00,1.8844867717677949,1.8965778350830078,1.8827594299432266,1.8965778350830078,58900,0.0,0.0
2004-08-02 00:00:00-04:00,1.8965759433862124,1.9034853037929007,1.8862122322326174,1.8879395723342896,58200,0.0,0.0
2004-08-03 00:00:00-04:00,1.9052112695388623,1.9086659475488155,1.8844836956634865,1.8983020782470703,62400,0.0,0.0
2004-08-04 00:00:00-04:00,1.905213784695633,1.9086684672662648,1.8983045842827007,1.9017592668533325,32800,0.0,0.0
2004-08-05 00:00:00-04:00,1.915576088642822,1.9276671382165478,1.906939554063791,1.9259397983551025,57400,0.0,0.0
2004-08-06 00:00:00-04:00,1.9518487469260428,1.9604852786060973,1.9328483442842943,1.9380303621292114,62200,0.0,0.0
2004-08-09 00:00:00-04:00,1.9518498134695024,1.9553043291922807,1.9380314211219283,1.9483951330184937,57500,0.0,0.0
2004-08-10 00:00:00-04:00,1.9483959169091172,1.950123257829576,1.9276683200485019,1.9432140588760376,49900,0.0,0.0
2004-08-11 00:00:00-04:00,1.9345779949744604,1.950123737626781,1.9345779949744604,1.9449418783187866,37500,0.0,0.0
2004-08-12 00:00:00-04:00,1.943213281809321,1.9553043339608784,1.943213281809321,1.9518498182296753,56900,0.0,0.0
2004-08-13 00:00:00-04:00,1.9622131041731423,1.9760314935545717,1.96048592904661,1.9743043184280396,67700,0.0,0.0
2004-08-16 00:00:00-04:00,1.9812125500102804,2.003667463021354,1.9794852109952483,1.9984854459762573,91100,0.0,0.0
2004-08-17 00:00:00-04:00,1.9950322249429748,2.027850863846063,1.9950322249429748,2.026123523712158,70700,0.0,0.0
2004-08-18 00:00:00-04:00,2.026122811535262,2.041668537819682,2.0123044247775916,2.0278501510620117,89300,0.0,0.0
2004-08-19 00:00:00-04:00,2.034759922636307,2.071033239364624,2.022668871969605,2.071033239364624,113400,0.0,0.0
2004-08-20 00:00:00-04:00,2.0710340483003953,2.0710340483003953,2.0209423213222033,2.038215398788452,72400,0.0,0.0
2004-08-23 00:00:00-04:00,2.0295771303570507,2.0399410009498915,2.0036677009671506,2.0123040676116943,85100,0.0,0.0
2004-08-24 00:00:00-04:00,2.010578695020826,2.034760806862819,1.9933056167951606,2.0002148151397705,61600,0.0,0.0
2004-08-25 00:00:00-04:00,2.010579191299346,2.0226702502048224,1.984669567565482,1.9863969087600708,85400,0.0,0.0
2004-08-26 00:00:00-04:00,2.003669259890875,2.012305633254815,1.9898508648346565,2.0019419193267822,68000,0.0,0.0
2004-08-27 00:00:00-04:00,2.01654567570731,2.0304528735436187,1.9922079966003312,2.020022392272949,48000,0.074,0.0
2004-08-30 00:00:00-04:00,2.0304501208226133,2.0582644787867617,2.0095893523495025,2.0443572998046875,33100,0.0,0.0
2004-08-31 00:00:00-04:00,2.0408811464080427,2.058265209197998,2.0374044333220773,2.058265209197998,41500,0.0,0.0
2004-09-01 00:00:00-04:00,2.060003517357192,2.060003517357192,2.021758681128532,2.028712272644043,50900,0.0,0.0
2004-09-02 00:00:00-04:00,2.042621365089704,2.042621365089704,2.018283689141538,2.023499011993408,42300,0.0,0.0
2004-09-03 00:00:00-04:00,2.0287141690584245,2.033929326123441,2.0008997769958654,2.023499011993408,43300,0.0,0.0
2004-09-07 00:00:00-04:00,2.037405375255043,2.037405375255043,2.002637399387917,2.007852554321289,70500,0.0,0.0
2004-09-08 00:00:00-04:00,2.0008981323250064,2.014805316925049,1.9956828137599525,2.014805316925049,49700,0.0,0.0
2004-09-09 00:00:00-04:00,2.011329057459212,2.018282651901245,1.9991603086323464,2.018282651901245,54600,0.0,0.0
2004-09-10 00:00:00-04:00,2.018283214903906,2.0408824445912894,2.007852903224692,2.0374057292938232,91800,0.0,0.0
2004-09-13 00:00:00-04:00,2.037405144220777,2.054789047289676,2.0304515498358633,2.0356667041778564,121500,0.0,0.0
2004-09-14 00:00:00-04:00,2.0530513653314224,2.066958558113424,2.0391440067626063,2.0652201175689697,105100,0.0,0.0
2004-09-15 00:00:00-04:00,2.0669569041181837,2.0791256466182073,2.054787995831478,2.0704336166381836,69400,0.0,0.0
2004-09-16 00:00:00-04:00,2.077388062351783,2.0843416560400088,2.072172908532301,2.0826032161712646,68700,0.0,0.0
2004-09-17 00:00:00-04:00,2.082603919007224,2.0843423594626556,2.072173607848245,2.0773887634277344,76400,0.0,0.0
2004-09-20 00:00:00-04:00,2.07912590178943,2.084341054102827,2.072172310109333,2.0756490230560303,64100,0.0,0.0
2004-09-21 00:00:00-04:00,2.082602464509906,2.0860793429925053,2.070433721394191,2.080864191055298,86300,0.0,0.0
2004-09-22 00:00:00-04:00,2.082602464509906,2.0860793429925053,2.0773873125726987,2.080864191055298,123100,0.0,0.0
2004-09-23 00:00:00-04:00,2.0721724287044068,2.091294765472412,2.0721724287044068,2.091294765472412,60900,0.0,0.0
2004-09-24 00:00:00-04:00,2.0982469946748483,2.0982469946748483,2.0739095211029053,2.0739095211029053,85800,0.0,0.0
2004-09-27 00:00:00-04:00,2.0756490181680083,2.0860794885569423,2.0686954265042865,2.084341049194336,92600,0.0,0.0
2004-09-28 00:00:00-04:00,2.0937868295648117,2.0937868295648117,2.0832915843217648,2.0885391235351562,74200,0.074,0.0
2004-09-29 00:00:00-04:00,2.0815423489785463,2.095535898091766,2.074545574421936,2.0885391235351562,66800,0.0,0.0
2004-09-30 00:00:00-04:00,2.0885397453898737,2.0902889812539205,2.0710478871983464,2.08154296875,73400,0.0,0.0
2004-10-01 00:00:00-04:00,2.086790571248918,2.0902888759845193,2.067549311346043,2.071047782897949,66300,0.0,0.0
2004-10-04 00:00:00-04:00,2.0867902400243232,2.0867902400243232,2.0727966896704264,2.08329176902771,106100,0.0,0.0
2004-10-05 00:00:00-04:00,2.083290185989175,2.0867886543273926,2.0727951146068255,2.0867886543273926,47700,0.0,0.0
2004-10-06 00:00:00-04:00,2.093788116067296,2.0955371856689453,2.0780453219378905,2.0955371856689453,56700,0.0,0.0
2004-10-07 00:00:00-04:00,2.0955362734529484,2.097285509109497,2.0885394976430462,2.097285509109497,37300,0.0,0.0
2004-10-08 00:00:00-04:00,2.099033885417918,2.1200242042541504,2.0920371124725077,2.1200242042541504,68100,0.0,0.0
2004-10-11 00:00:00-04:00,2.13576774751099,2.1392660518244058,2.121774196624756,2.121774196624756,60800,0.0,0.0
2004-10-12 00:00:00-04:00,2.139264948918513,2.139264948918513,2.118274633410796,2.128769874572754,49700,0.0,0.0
2004-10-13 00:00:00-04:00,2.132270097732544,2.134019333971201,2.1200257776946434,2.132270097732544,64800,0.0,0.0
2004-10-14 00:00:00-04:00,2.1252728436017208,2.1305205511423746,2.1130285263061523,2.1130285263061523,72500,0.0,0.0
2004-10-15 00:00:00-04:00,2.1200257776946434,2.135768570209858,2.116527472033679,2.132270097732544,43700,0.0,0.0
2004-10-18 00:00:00-04:00,2.1497609196744127,2.1515101549311013,2.1357673712534186,2.1480116844177246,109100,0.0,0.0
2004-10-19 00:00:00-04:00,2.1655049425157706,2.1690032482147217,2.1392668991000576,2.1690032482147217,106200,0.0,0.0
2004-10-20 00:00:00-04:00,2.1759984493255615,2.1777476843154155,2.1620049030391897,2.1759984493255615,66800,0.0,0.0
2004-10-21 00:00:00-04:00,2.175999578536645,2.1777488144342456,2.1672537326812744,2.1672537326812744,47700,0.0,0.0
2004-10-22 00:00:00-04:00,2.1585077200095872,2.174250509455361,2.1567584841119865,2.1672537326812744,35900,0.0,0.0
2004-10-25 00:00:00-04:00,2.1829964079122184,2.1829964079122184,2.1532602310180664,2.1532602310180664,60400,0.0,0.0
2004-10-26 00:00:00-04:00,2.155007642240877,2.175997956920551,2.1357665621552235,2.1410140991210938,69800,0.0,0.0
2004-10-27 00:00:00-04:00,2.1258798495940785,2.15051759054489,2.124119974990975,2.1311593055725098,69600,0.074,0.0
2004-10-28 00:00:00-04:00,2.131159721993384,2.1381990539503786,2.125880264983366,2.1294000148773193,46500,0.0,0.0
2004-10-29 00:00:00-04:00,2.141719366536536,2.141719366536536,2.1258808235143216,2.1346800327301025,52700,0.0,0.0
2004-11-01 00:00:00-05:00,2.1505180107483035,2.152277717864368,2.125880264983366,2.1294000148773193,43100,0.0,0.0
2004-11-02 00:00:00-05:00,2.129400602347423,2.1346800608139653,2.117081642150879,2.117081642150879,57700,0.0,0.0
2004-11-03 00:00:00-05:00,2.1206021373288344,2.1206021373288344,2.0977242521692663,2.1100430488586426,73000,0.0,0.0
2004-11-04 00:00:00-05:00,2.1100415327094497,2.1100415327094497,2.0871636639885454,2.094202995300293,94200,0.0,0.0
2004-11-05 00:00:00-05:00,2.0766045381831435,2.0783644127885013,1.990372696491172,1.9991717338562012,260900,0.0,0.0
2004-11-08 00:00:00-05:00,1.9815756975542518,1.9921346212807982,1.891824006723273,1.9199813604354858,250000,0.0,0.0
2004-11-09 00:00:00-05:00,1.895342973476418,1.9322993590172202,1.8935830976418093,1.9147011041641235,194000,0.0,0.0
2004-11-10 00:00:00-05:00,1.9147003740445627,1.9710150366299832,1.8971019580711523,1.9586962461471558,132700,0.0,0.0
2004-11-11 00:00:00-05:00,1.9534194309639514,1.9886161426919804,1.9534194309639514,1.9815768003463745,112700,0.0,0.0
2004-11-12 00:00:00-05:00,1.9850947022269334,2.0062127113342285,1.978055365857835,2.0062127113342285,89300,0.0,0.0
2004-11-15 00:00:00-05:00,2.0044537555598585,2.03965045061771,2.0044537555598585,2.0290913581848145,90800,0.0,0.0
2004-11-16 00:00:00-05:00,2.0238102541537883,2.039648796039247,2.0185307961356167,2.032609462738037,60300,0.0,0.0
2004-11-17 00:00:00-05:00,2.048447872823299,2.0660461210285543,2.025569999108626,2.0308494567871094,103000,0.0,0.0
2004-11-18 00:00:00-05:00,2.0414086799853486,2.062526679978597,2.030849596073252,2.059006929397583,60600,0.0,0.0
2004-11-19 00:00:00-05:00,2.071326663295097,2.071326663295097,2.0396495675422313,2.044929027557373,67900,0.0,0.0
2004-11-22 00:00:00-05:00,2.043168067932129,2.0502074001623933,2.0326091535021913,2.043168067932129,92800,0.0,0.0
2004-11-23 00:00:00-05:00,2.043168757131076,2.05020809173584,2.0343697147483537,2.05020809173584,44000,0.0,0.0
2004-11-24 00:00:00-05:00,2.050207745537847,2.064286412370051,2.04140870464093,2.0519676208496094,53100,0.0,0.0
2004-11-26 00:00:00-05:00,2.063303235523185,2.088098357481192,2.056218939092747,2.0792429447174072,32900,0.074,0.0
2004-11-29 00:00:00-05:00,2.0792421440363396,2.0792421440363396,2.0509049692267567,2.056218147277832,67700,0.0,0.0
2004-11-30 00:00:00-05:00,2.0615306709032866,2.0615306709032866,2.0455909742131273,2.0473620891571045,58200,0.0,0.0
2004-12-01 00:00:00-05:00,2.0420501083011198,2.0491344039061263,2.003086566925049,2.003086566925049,118100,0.0,0.0
2004-12-02 00:00:00-05:00,2.0048574339149785,2.0048574339149785,1.969435957307508,1.980062484741211,140700,0.0,0.0
2004-12-03 00:00:00-05:00,1.9818324354925425,2.0225672397881715,1.9818324354925425,2.0119407176971436,106000,0.0,0.0
2004-12-06 00:00:00-05:00,2.0296525742316884,2.0385079857063206,2.008399688034327,2.034965753555298,145100,0.0,0.0
2004-12-07 00:00:00-05:00,2.0331945482811076,2.0491342544555664,2.0296524851884046,2.0491342544555664,78500,0.0,0.0
2004-12-08 00:00:00-05:00,2.0526763304344047,2.072158098220825,2.042049804158145,2.072158098220825,81100,0.0,0.0
2004-12-09 00:00:00-05:00,2.0774717769538187,2.0810140095328205,2.0633031844437033,2.066845417022705,61400,0.0,0.0
2004-12-10 00:00:00-05:00,2.0792427972545786,2.0845561458777895,2.059761025678287,2.0650742053985596,107900,0.0,0.0
2004-12-13 00:00:00-05:00,2.0650739198839636,2.081013625743915,2.0650739198839636,2.0686161518096924,69600,0.0,0.0
2004-12-14 00:00:00-05:00,2.0774712769075023,2.0792423927706967,2.0633026878077594,2.072158098220825,70200,0.0,0.0
2004-12-15 00:00:00-05:00,2.084556627994855,2.086327575709239,2.0703878639589406,2.081014394760132,90000,0.0,0.0
2004-12-16 00:00:00-05:00,2.0845547924327317,2.1111208426884147,2.0827836773749318,2.1093497276306152,121700,0.0,0.0
2004-12-17 00:00:00-05:00,2.1093499472606823,2.1217474161504755,2.0951813631286775,2.1146631240844727,78800,0.0,0.0
2004-12-20 00:00:00-05:00,2.1146637803522315,2.1607117775232716,2.1111217176714043,2.1394588947296143,74600,0.0,0.0
2004-12-21 00:00:00-05:00,2.1571697148424445,2.1571697148424445,2.127061421992372,2.1394588947296143,55200,0.0,0.0
2004-12-22 00:00:00-05:00,2.1553984353543316,2.1677959071500217,2.1376876165865863,2.146543025970459,71100,0.0,0.0
2004-12-23 00:00:00-05:00,2.160711793849869,2.1784226140965246,2.125290322259458,2.1713383197784424,64500,0.0,0.0
2004-12-27 00:00:00-05:00,2.1642539968529757,2.18196464796263,2.1571697026285346,2.1607117652893066,59300,0.0,0.0
2004-12-28 00:00:00-05:00,2.1518565458696126,2.17842277824137,2.1500855988338254,2.1642541885375977,62100,0.0,0.0
2004-12-29 00:00:00-05:00,2.181323028816111,2.2010878375052574,2.1669485913409483,2.1723389625549316,61900,0.175,0.0
2004-12-30 00:00:00-05:00,2.1687457228400873,2.1759329430866394,2.1561681302478326,2.1633553504943848,50100,0.0,0.0
2004-12-31 00:00:00-05:00,2.161560199191575,2.179528349589493,2.1561698226149923,2.1687474250793457,41000,0.0,0.0
2005-01-03 00:00:00-05:00,2.161557485940995,2.1885096777066875,2.1561671161305638,2.17952561378479,72300,0.0,0.0
2005-01-04 00:00:00-05:00,2.193902257462096,2.195699106327817,2.156169288066652,2.157966136932373,61400,0.0,0.0
2005-01-05 00:00:00-05:00,2.1669479793679196,2.1669479793679196,2.113043768380872,2.131011724472046,85700,0.0,0.0
2005-01-06 00:00:00-05:00,2.0932787939167885,2.1364022655204846,2.089685271241259,2.131011724472046,63500,0.0,0.0
2005-01-07 00:00:00-05:00,2.1310139558487844,2.138201180082322,2.0753130108781024,2.091484308242798,94000,0.0,0.0
2005-01-10 00:00:00-05:00,2.123826297188291,2.123826297188291,2.0914838804314577,2.105858325958252,83300,0.0,0.0
2005-01-11 00:00:00-05:00,2.1022652683837997,2.1741376892374693,2.1022652683837997,2.1543726921081543,79400,0.0,0.0
2005-01-12 00:00:00-05:00,2.1723405851442625,2.1723405851442625,2.138201142123321,2.157966136932373,64700,0.0,0.0
2005-01-13 00:00:00-05:00,2.172339418641787,2.1741362665426367,2.1489809100012804,2.1633553504943848,98900,0.0,0.0
2005-01-14 00:00:00-05:00,2.1777287667290572,2.1903063534056533,2.1669480271081936,2.17952561378479,99100,0.0,0.0
2005-01-18 00:00:00-05:00,2.2136671397280105,2.219057686468392,2.199292691134214,2.2172608375549316,141200,0.0,0.0
2005-01-19 00:00:00-05:00,2.2118696552742225,2.2262440986241754,2.199291888825353,2.224447250366211,136700,0.0,0.0
2005-01-20 00:00:00-05:00,2.2262444217415305,2.2585868382946654,2.2208538761852528,2.2567901611328125,165500,0.0,0.0
2005-01-21 00:00:00-05:00,2.2621810248576755,2.301710844039917,2.2370256542222595,2.301710844039917,154300,0.0,0.0
2005-01-24 00:00:00-05:00,2.3196781885961397,2.328662259335425,2.267570783936563,2.28194522857666,219800,0.0,0.0
2005-01-25 00:00:00-05:00,2.2963210265746303,2.3017115750093087,2.2747593469069107,2.2981178760528564,131800,0.0,0.0
2005-01-26 00:00:00-05:00,2.2981178760528564,2.3017115750093087,2.2819465734628173,2.2981178760528564,127800,0.0,0.0
2005-01-27 00:00:00-05:00,2.2952253696980645,2.3132980796174265,2.28980362566391,2.311490774154663,126100,0.074,0.0
2005-01-28 00:00:00-05:00,2.325949166084969,2.3295637774657294,2.3078766262436368,2.315105676651001,98800,0.0,0.0
2005-01-31 00:00:00-05:00,2.3331779104639776,2.3367925213706324,2.3132980675397796,2.32775616645813,90800,0.0,0.0
2005-02-01 00:00:00-05:00,2.3331763282174625,2.344019981229655,2.322332847559287,2.342212677001953,89200,0.0,0.0
2005-02-02 00:00:00-05:00,2.342213646213186,2.344020951188753,2.309682846069336,2.309682846069336,111700,0.0,0.0
2005-02-03 00:00:00-05:00,2.3277553722322772,2.3277553722322772,2.286188222759055,2.297031879425049,86300,0.0,0.0
2005-02-04 00:00:00-05:00,2.3132964998069645,2.3385980695900077,2.29160936612692,2.3259472846984863,149000,0.0,0.0
2005-02-07 00:00:00-05:00,2.3331790889529014,2.3349863953190995,2.3006482637782244,2.30426287651062,86500,0.0,0.0
2005-02-08 00:00:00-05:00,2.304261103496724,2.3151047609960367,2.2898030084003658,2.309682846069336,106400,0.0,0.0
2005-02-09 00:00:00-05:00,2.3096837986951857,2.3223347663879395,2.291611258547788,2.3223347663879395,86600,0.0,0.0
2005-02-10 00:00:00-05:00,2.3060687996012255,2.3675158003597274,2.3060687996012255,2.3548648357391357,180600,0.0,0.0
2005-02-11 00:00:00-05:00,2.362092637997043,2.4018524714507437,2.3494418524066036,2.396430730819702,199000,0.0,0.0
2005-02-14 00:00:00-05:00,2.385588472279307,2.394624826851459,2.3620940193333637,2.3729376792907715,119000,0.0,0.0
2005-02-15 00:00:00-05:00,2.372936872415369,2.376551309602727,2.3422133807295116,2.34582781791687,135300,0.0,0.0
2005-02-16 00:00:00-05:00,2.3440208387294965,2.3440208387294965,2.3042609929450277,2.3313698768615723,103900,0.0,0.0
2005-02-17 00:00:00-05:00,2.3385996666795705,2.3765522196269226,2.293418064235301,2.311490774154663,104100,0.0,0.0
2005-02-18 00:00:00-05:00,2.3458291003683582,2.3458291003683582,2.217513493871511,2.2301642894744873,161700,0.0,0.0
2005-02-22 00:00:00-05:00,2.2120895485748835,2.2175114608804045,2.1271483240364564,2.1759443283081055,241300,0.0,0.0
2005-02-23 00:00:00-05:00,2.179558836809631,2.2319694468874793,2.1687151850486286,2.2138967514038086,102700,0.0,0.0
2005-02-24 00:00:00-05:00,2.218262037040178,2.234626293182373,2.192806681620412,2.234626293182373,47700,0.074,0.0
2005-02-25 00:00:00-05:00,2.2509909770922123,2.2582639619373555,2.2182624585882507,2.2491726875305176,62400,0.0,0.0
2005-02-28 00:00:00-05:00,2.245535855077704,2.245535855077704,2.209170764361003,2.234626293182373,88300,0.0,0.0
2005-03-01 00:00:00-05:00,2.1946236876951257,2.2146245121559565,2.190987284503212,2.2018966674804688,69100,0.0,0.0
2005-03-02 00:00:00-05:00,2.2018965545258227,2.2018965545258227,2.1582586780523343,2.16916823387146,123400,0.0,0.0
2005-03-03 00:00:00-05:00,2.1564413174324835,2.1909881145519425,2.1564413174324835,2.1655325889587402,86300,0.0,0.0
2005-03-04 00:00:00-05:00,2.1655326817089837,2.170987375497731,2.1437137331524063,2.147350311279297,111300,0.0,0.0
2005-03-07 00:00:00-05:00,2.152804244613171,2.152804244613171,2.132803418783526,2.1509859561920166,128600,0.0,0.0
2005-03-08 00:00:00-05:00,2.1509847466612264,2.1582577228546143,2.141893483069134,2.1582577228546143,70900,0.0,0.0
2005-03-09 00:00:00-05:00,2.1618942976520232,2.170985387842685,2.1455300578665435,2.1582577228546143,66900,0.0,0.0
2005-03-10 00:00:00-05:00,2.1673502051793525,2.169168493600507,2.1237123234808086,2.1509859561920166,97600,0.0,0.0
2005-03-11 00:00:00-05:00,2.1637134107489695,2.180077658090678,2.147349336808771,2.1546223163604736,52000,0.0,0.0
2005-03-14 00:00:00-05:00,2.163714692353634,2.1728059655285548,2.1400776248610995,2.160078287124634,67100,0.0,0.0
2005-03-15 00:00:00-05:00,2.1764422312125475,2.212807145281772,2.172805653104831,2.181896924972534,77700,0.0,0.0
2005-03-16 00:00:00-05:00,2.1818965876309746,2.2037155326990967,2.1182578677977797,2.1273491382598877,67300,0.0,0.0
2005-03-17 00:00:00-05:00,2.1146209409652648,2.1182573442103307,2.018253914050514,2.0509822368621826,195900,0.0,0.0
2005-03-18 00:00:00-05:00,2.041891098601968,2.1146210755488415,2.041891098601968,2.098256826400757,96200,0.0,0.0
2005-03-21 00:00:00-05:00,2.0964378462149105,2.1582582455307757,2.090983156099238,2.1018927097320557,97500,0.0,0.0
2005-03-22 00:00:00-05:00,2.1018938117850525,2.1437134136009464,2.078256577688501,2.1200761795043945,47400,0.0,0.0
2005-03-23 00:00:00-05:00,2.1018938785812664,2.1364404997269695,2.04552813803646,2.1091668605804443,86700,0.0,0.0
2005-03-24 00:00:00-05:00,2.127348985986375,2.1491679294927186,2.116439600933977,2.1328036785125732,47900,0.0,0.0
2005-03-28 00:00:00-05:00,2.141894416269787,2.1582586631849954,2.038254417008807,2.0673463344573975,90000,0.0,0.0
2005-03-29 00:00:00-05:00,2.0516073868948297,2.095531142613254,2.0387963351113285,2.0589280128479004,43500,0.074,0.0
2005-03-30 00:00:00-05:00,2.0534387881350376,2.068080048605289,2.0259862938501225,2.0662498474121094,61800,0.0,0.0
2005-03-31 00:00:00-05:00,2.066249575060362,2.1065131233152226,2.0589289457901665,2.1046829223632812,36300,0.0,0.0
2005-04-01 00:00:00-05:00,2.0955318962345766,2.1687383566301945,2.0955318962345766,2.1266446113586426,46200,0.0,0.0
2005-04-04 00:00:00-04:00,2.1449466882040946,2.155927545954515,2.0863814735640354,2.0900418758392334,52200,0.0,0.0
2005-04-05 00:00:00-04:00,2.0845511903417515,2.088211417628764,2.0406272411346436,2.0406272411346436,75000,0.0,0.0
2005-04-06 00:00:00-04:00,2.0406272411346436,2.0552684993578243,2.0369670138476312,2.0406272411346436,72900,0.0,0.0
2005-04-07 00:00:00-04:00,2.0424552678615657,2.27854552356519,2.0424552678615657,2.091869592666626,198600,0.0,0.0
2005-04-08 00:00:00-04:00,2.1028507958340166,2.1028507958340166,2.0699080815525153,2.097360372543335,26500,0.0,0.0
2005-04-11 00:00:00-04:00,2.1303028982247687,2.1321329226514383,2.0680775297461205,2.091869592666626,57800,0.0,0.0
2005-04-12 00:00:00-04:00,2.1101715771059495,2.144944667816162,2.097360530285041,2.144944667816162,51900,0.0,0.0
2005-04-13 00:00:00-04:00,2.150436347136806,2.223642621054113,2.1467759461721783,2.1742284297943115,69600,0.0,0.0
2005-04-14 00:00:00-04:00,2.1815484388055473,2.1888690641221777,2.146775337648447,2.1723976135253906,31900,0.0,0.0
2005-04-15 00:00:00-04:00,2.154096235702014,2.1723977125591674,2.1303041587039795,2.170567512512207,61300,0.0,0.0
2005-04-18 00:00:00-04:00,2.1504353857467575,2.181548081886515,2.144944961291932,2.1669068336486816,64200,0.0,0.0
2005-04-19 00:00:00-04:00,2.1229832257541688,2.177887822915733,2.1229832257541688,2.1687371730804443,55700,0.0,0.0
2005-04-20 00:00:00-04:00,2.2144905709008826,2.2144905709008826,2.1687366349280333,2.1961889266967773,68900,0.0,0.0
2005-04-21 00:00:00-04:00,2.1961897981225835,2.2108310494804018,2.1778881466565685,2.205340623855591,46700,0.0,0.0
2005-04-22 00:00:00-04:00,2.2071711861148713,2.2090012119318,2.1687378513591704,2.199850559234619,59700,0.0,0.0
2005-04-25 00:00:00-04:00,2.199850559234619,2.2382837194528076,2.1669076510047294,2.199850559234619,43400,0.0,0.0
2005-04-26 00:00:00-04:00,2.181548345477169,2.2273022953830868,2.177887945706711,2.2199816703796387,67500,0.0,0.0
2005-04-27 00:00:00-04:00,2.237292310965205,2.2759615690227997,2.228085486920612,2.255706310272217,48300,0.074,0.0
2005-04-28 00:00:00-04:00,2.2464975728096,2.283325367326064,2.2299250213749975,2.2722771167755127,41300,0.0,0.0
2005-04-29 00:00:00-04:00,2.2409731432601987,2.268593941495064,2.200462486988143,2.2078280448913574,45500,0.0,0.0
2005-05-02 00:00:00-04:00,2.1728412401714206,2.1894137859344482,2.152585828412735,2.1894137859344482,68400,0.0,0.0
2005-05-03 00:00:00-04:00,2.1728410172793526,2.209668795414522,2.163634028843386,2.1857306957244873,30000,0.0,0.0
2005-05-04 00:00:00-04:00,2.1765260132602857,2.2059882669829,2.1654777559187472,2.198622703552246,32100,0.0,0.0
2005-05-05 00:00:00-04:00,2.1967799252541353,2.218876600265503,2.1636348249327026,2.218876600265503,47400,0.0,0.0
2005-05-06 00:00:00-04:00,2.2336084859756062,2.2336084859756062,2.1617941357562658,2.1967806816101074,59800,0.0,0.0
2005-05-09 00:00:00-04:00,2.193098574881477,2.207829701742784,2.169160449829632,2.198622703552246,46000,0.0,0.0
2005-05-10 00:00:00-04:00,2.2078271989120317,2.2078271989120317,2.1709994235073617,2.1820478439331055,67800,0.0,0.0
2005-05-11 00:00:00-04:00,2.194938692789179,2.2059869435023254,2.17836614111068,2.200462818145752,33000,0.0,0.0
2005-05-12 00:00:00-04:00,2.207828648923898,2.217035642724015,2.1728422832140133,2.2059872150421143,38900,0.0,0.0
2005-05-13 00:00:00-04:00,2.218876805568072,2.220718239224923,2.1838902685230233,2.213352680206299,31300,0.0,0.0
2005-05-16 00:00:00-04:00,2.2133540060224375,2.2280851328837445,2.198622703552246,2.198622703552246,46700,0.0,0.0
2005-05-17 00:00:00-04:00,2.1949392474896263,2.209670369235826,2.1949392474896263,2.1967806816101074,40900,0.0,0.0
2005-05-18 00:00:00-04:00,2.2151936217667596,2.229924737699354,2.202303939227928,2.2170350551605225,67900,0.0,0.0
2005-05-19 00:00:00-04:00,2.2317675873424587,2.274119704231311,2.220719331186317,2.244657278060913,69500,0.0,0.0
2005-05-20 00:00:00-04:00,2.250180550369155,2.2796427874265603,2.2225595714212485,2.274118661880493,58500,0.0,0.0
2005-05-23 00:00:00-04:00,2.2833268345898463,2.298057961862641,2.2501818860305027,2.2778027057647705,64100,0.0,0.0
2005-05-24 00:00:00-04:00,2.2962161527576495,2.3293610933793745,2.2796435946423634,2.303581714630127,102700,0.0,0.0
2005-05-25 00:00:00-04:00,2.3109489433598798,2.31647307484651,2.229927528714093,2.2943763732910156,92700,0.0,0.0
2005-05-26 00:00:00-04:00,2.3117863826814595,2.3117863826814595,2.2562147339242418,2.2951149940490723,64100,0.074,0.0
2005-05-27 00:00:00-04:00,2.302525049565373,2.33216331565935,2.274739042608769,2.309934616088867,47100,0.0,0.0
2005-05-31 00:00:00-04:00,2.408110284559756,2.408110284559756,2.309933530114998,2.334014654159546,132300,0.0,0.0
2005-06-01 00:00:00-04:00,2.3488351323206103,2.352539827644229,2.293263289202176,2.3173444271087646,89800,0.0,0.0
2005-06-02 00:00:00-04:00,2.3340172755244035,2.3340172755244035,2.3191981328007913,2.3266077041625977,45700,0.0,0.0
2005-06-03 00:00:00-04:00,2.328457739848063,2.3395721746008467,2.2951147889056065,2.3247530460357666,77700,0.0,0.0
2005-06-06 00:00:00-04:00,2.326606446204968,2.3395731449127197,2.3117871348357966,2.3395731449127197,32900,0.0,0.0
2005-06-07 00:00:00-04:00,2.3488340445192186,2.3488340445192186,2.3266053528980892,2.3432767391204834,49200,0.0,0.0
2005-06-08 00:00:00-04:00,2.328458289464176,2.34142516251282,2.2914104593065976,2.306229591369629,49300,0.0,0.0
2005-06-09 00:00:00-04:00,2.3191958485107937,2.330310106277466,2.3062289789057533,2.330310106277466,45800,0.0,0.0
2005-06-10 00:00:00-04:00,2.3432767992245638,2.346981669585416,2.3117861077890893,2.330310106277466,71500,0.0,0.0
2005-06-13 00:00:00-04:00,2.3321633183479435,2.3340157541454527,2.2802963526236892,2.2969677448272705,91300,0.0,0.0
2005-06-14 00:00:00-04:00,2.2969677448272705,2.3136393136888525,2.2691819144966345,2.2969677448272705,62600,0.0,0.0
2005-06-15 00:00:00-04:00,2.3117863749443743,2.3136388103388716,2.2710338562132,2.287705421447754,55700,0.0,0.0
2005-06-16 00:00:00-04:00,2.274740696643463,2.298821849519475,2.2636264271056907,2.2821502685546875,43500,0.0,0.0
2005-06-17 00:00:00-04:00,2.300674278152117,2.332165002822876,2.300674278152117,2.332165002822876,55600,0.0,0.0
2005-06-20 00:00:00-04:00,2.3173433538914674,2.3432767391204834,2.3173433538914674,2.3432767391204834,59500,0.0,0.0
2005-06-21 00:00:00-04:00,2.343275646442088,2.3469805149803173,2.2932611577809783,2.304375410079956,67400,0.0,0.0
2005-06-22 00:00:00-04:00,2.3154913755822952,2.3377200715889286,2.3062293747483715,2.328458070755005,78900,0.0,0.0
2005-06-23 00:00:00-04:00,2.3395740253851938,2.3618027358174465,2.32105001169594,2.3451311588287354,54200,0.0,0.0
2005-06-24 00:00:00-04:00,2.352539370912433,2.387734941272902,2.3358678035477882,2.34698224067688,55800,0.0,0.0
2005-06-27 00:00:00-04:00,2.343278565521163,2.376621717270181,2.343278565521163,2.361802577972412,68900,0.0,0.0
2005-06-28 00:00:00-04:00,2.375589550715221,2.3793160509876055,2.288018748896633,2.302924394607544,91000,0.074,0.0
2005-06-29 00:00:00-04:00,2.3103779525659642,2.3141044540240254,2.258208175978691,2.2656610012054443,47500,0.0,0.0
2005-06-30 00:00:00-04:00,2.2526173305708244,2.291744685358256,2.235848438849173,2.271249294281006,77200,0.0,0.0
2005-07-01 00:00:00-04:00,2.291745662689209,2.295471985944654,2.2637974386713173,2.291745662689209,43000,0.0,0.0
2005-07-05 00:00:00-04:00,2.2973346420066965,2.301061141987295,2.258207280656903,2.2787024974823,35400,0.0,0.0
2005-07-06 00:00:00-04:00,2.273113450168526,2.334599292533962,2.2637973757548124,2.315967321395874,50400,0.0,0.0
2005-07-07 00:00:00-04:00,2.317831275605143,2.3457795094750797,2.31596820216534,2.3401899337768555,38300,0.0,0.0
2005-07-08 00:00:00-04:00,2.3457791309969034,2.347642381825489,2.3103780760112915,2.3327367305755615,33700,0.0,0.0
2005-07-11 00:00:00-04:00,2.351367194139264,2.3718624070095453,2.321555910804577,2.3345983028411865,59900,0.0,0.0
2005-07-12 00:00:00-04:00,2.3606846738364444,2.3755903244018555,2.3327366234486413,2.3755903244018555,79100,0.0,0.0
2005-07-13 00:00:00-04:00,2.3755896271470407,2.3904952733375238,2.347641584962215,2.3718631267547607,70800,0.0,0.0
2005-07-14 00:00:00-04:00,2.3867689940528276,2.3886320665935408,2.351367950439453,2.351367950439453,60700,0.0,0.0
2005-07-15 00:00:00-04:00,2.3476415134584547,2.3718630545132684,2.3327358677219636,2.3625471591949463,71400,0.0,0.0
2005-07-18 00:00:00-04:00,2.3532310861873107,2.3662734817844124,2.3439150131796755,2.3625471591949463,40300,0.0,0.0
2005-07-19 00:00:00-04:00,2.356957945096,2.3755900953509648,2.3532316216586193,2.3737268447875977,59400,0.0,0.0
2005-07-20 00:00:00-04:00,2.3569570281428542,2.373725921310663,2.353230706155166,2.3550939559936523,38100,0.0,0.0
2005-07-21 00:00:00-04:00,2.338324461593443,2.3662724912275754,2.338324461593443,2.343914031982422,29500,0.0,0.0
2005-07-22 00:00:00-04:00,2.3513678360479213,2.375589554792048,2.3476415134584547,2.3625471591949463,42000,0.0,0.0
2005-07-25 00:00:00-04:00,2.3662730110492487,2.3681362608179723,2.2936080469618063,2.3234193325042725,91800,0.0,0.0
2005-07-26 00:00:00-04:00,2.3047870195064992,2.356956765342202,2.3047870195064992,2.3345983028411865,65000,0.0,0.0
2005-07-27 00:00:00-04:00,2.3522164647188495,2.3709591178621126,2.3428450487747723,2.3484678268432617,55900,0.074,0.0
2005-07-28 00:00:00-04:00,2.3672104363478597,2.370958895126413,2.346593466203629,2.3522162437438965,37900,0.0,0.0
2005-07-29 00:00:00-04:00,2.3465947948124812,2.367211776629756,2.342846155166626,2.342846155166626,46900,0.0,0.0
2005-08-01 00:00:00-04:00,2.3540907836566434,2.3653363397936227,2.3372222707062824,2.3484678268432617,57000,0.0,0.0
2005-08-02 00:00:00-04:00,2.3653363397936227,2.3653363397936227,2.3428450487747723,2.3484678268432617,59200,0.0,0.0
2005-08-03 00:00:00-04:00,2.3484688365370103,2.35409179576791,2.3278518555919496,2.333474636077881,57500,0.0,0.0
2005-08-04 00:00:00-04:00,2.316605541780323,2.3278512787102668,2.310982762687813,2.3241026401519775,59000,0.0,0.0
2005-08-05 00:00:00-04:00,2.314732693788325,2.3297268989043682,2.305361270904541,2.305361270904541,56400,0.0,0.0
2005-08-08 00:00:00-04:00,2.318480477122163,2.322229116676535,2.2866177558898926,2.2866177558898926,28900,0.0,0.0
2005-08-09 00:00:00-04:00,2.2753722103783574,2.3091090728750565,2.2716235707981833,2.2903664112091064,52900,0.0,0.0
2005-08-10 00:00:00-04:00,2.3091081388047128,2.3241023335700755,2.2941139440393497,2.322228193283081,39200,0.0,0.0
2005-08-11 00:00:00-04:00,2.3259778573190335,2.361589222389998,2.322229396058665,2.3540921211242676,50700,0.0,0.0
2005-08-12 00:00:00-04:00,2.3559648062998146,2.3803304150407487,2.342844931879651,2.3615877628326416,44600,0.0,0.0
2005-08-15 00:00:00-04:00,2.3559647025224497,2.3784559914283947,2.3447191474419147,2.3522162437438965,34000,0.0,0.0
2005-08-16 00:00:00-04:00,2.3690851835428663,2.370959323898631,2.32597673795194,2.3278510570526123,42300,0.0,0.0
2005-08-17 00:00:00-04:00,2.3166050051153757,2.3297250582850717,2.305359449535503,2.3109822273254395,43900,0.0,0.0
2005-08-18 00:00:00-04:00,2.3053611511101475,2.3353495597839355,2.3053611511101475,2.3353495597839355,27000,0.0,0.0
2005-08-19 00:00:00-04:00,2.3334721914258307,2.3559634685516357,2.316603688895282,2.3559634685516357,37000,0.0,0.0
2005-08-22 00:00:00-04:00,2.3428452607824806,2.3522166775745923,2.3034854532515388,2.31660532951355,93100,0.0,0.0
2005-08-23 00:00:00-04:00,2.3222284996177573,2.331599738523632,2.3091084434086686,2.3241026401519775,48700,0.0,0.0
2005-08-24 00:00:00-04:00,2.3297268989043682,2.3390981430431275,2.299738488672281,2.305361270904541,42700,0.0,0.0
2005-08-25 00:00:00-04:00,2.305361270904541,2.3184811556948235,2.2959898480207577,2.305361270904541,72100,0.0,0.0
2005-08-26 00:00:00-04:00,2.3053596623280455,2.318479537963867,2.2978625650011617,2.318479537963867,37200,0.0,0.0
2005-08-29 00:00:00-04:00,2.323005337274288,2.3324331548732293,2.311692100012089,2.3173487186431885,24200,0.074,0.0
2005-08-30 00:00:00-04:00,2.324890936758209,2.3324331548732293,2.2928364648142057,2.3173487186431885,61600,0.0,0.0
2005-08-31 00:00:00-04:00,2.3248919304563826,2.3569464161010156,2.311693088068854,2.3550608158111572,67200,0.0,0.0
2005-09-01 00:00:00-04:00,2.35505886630763,2.35505886630763,2.3248900059264566,2.3286612033843994,49900,0.0,0.0
2005-09-02 00:00:00-04:00,2.330547492091889,2.341860908867481,2.3230052741817144,2.3362042903900146,60900,0.0,0.0
2005-09-06 00:00:00-04:00,2.326776875787703,2.3437469139780958,2.3230056762695312,2.3230056762695312,31300,0.0,0.0
2005-09-07 00:00:00-04:00,2.326775944812833,2.334318161010742,2.315462530605659,2.334318161010742,54600,0.0,0.0
2005-09-08 00:00:00-04:00,2.336204728149308,2.347517967224121,2.328662508825868,2.347517967224121,33600,0.0,0.0
2005-09-09 00:00:00-04:00,2.349403501014728,2.3663735389709473,2.3418612819031512,2.3663735389709473,40600,0.0,0.0
2005-09-12 00:00:00-04:00,2.35506013940683,2.375801376996636,2.3437469005584717,2.3437469005584717,39500,0.0,0.0
2005-09-13 00:00:00-04:00,2.3362039451953964,2.343746161991142,2.330547147733112,2.332432746887207,48200,0.0,0.0
2005-09-14 00:00:00-04:00,2.330547462110722,2.381457567214966,2.330547462110722,2.381457567214966,48500,0.0,0.0
2005-09-15 00:00:00-04:00,2.358831045580767,2.3795721007707162,2.338089810570151,2.3418610095977783,52900,0.0,0.0
2005-09-16 00:00:00-04:00,2.3588304575161474,2.3758004892684483,2.3305470113221047,2.3380892276763916,93300,0.0,0.0
2005-09-19 00:00:00-04:00,2.3305475923355634,2.3418610095977783,2.3192343548940153,2.3418610095977783,61600,0.0,0.0
2005-09-20 00:00:00-04:00,2.321118988289106,2.3286612033843994,2.307919977006898,2.3286612033843994,67600,0.0,0.0
2005-09-21 00:00:00-04:00,2.3343187543571506,2.3343187543571506,2.3041498818970685,2.3173487186431885,50400,0.0,0.0
2005-09-22 00:00:00-04:00,2.3098059134123816,2.3362037600153744,2.287179264818653,2.334318161010742,40900,0.0,0.0
2005-09-23 00:00:00-04:00,2.3380897735043287,2.3418609724721713,2.3041498818970685,2.3173487186431885,44300,0.0,0.0
2005-09-26 00:00:00-04:00,2.334318690957306,2.351288726210364,2.311692037226782,2.3362042903900146,47700,0.0,0.0
2005-09-27 00:00:00-04:00,2.33808967992387,2.381457567214966,2.317348625892876,2.381457567214966,54400,0.0,0.0
2005-09-28 00:00:00-04:00,2.361352694764301,2.408769416269128,2.361352694764301,2.3954927921295166,66400,0.074,0.0
2005-09-29 00:00:00-04:00,2.404975735396075,2.4087689783690442,2.370835644237328,2.3860089778900146,69700,0.0,0.0
2005-09-30 00:00:00-04:00,2.4049766532523793,2.4163565673948213,2.3746299743652344,2.3746299743652344,63500,0.0,0.0
2005-10-03 00:00:00-04:00,2.393595292266791,2.4049753812708254,2.3461785863640094,2.3499720096588135,52900,0.0,0.0
2005-10-04 00:00:00-04:00,2.3689404556585707,2.3708371688049397,2.323420425428841,2.3291103839874268,62900,0.0,0.0
2005-10-05 00:00:00-04:00,2.3234200947404435,2.348076819492328,2.313936711238873,2.3310067653656006,32200,0.0,0.0
2005-10-06 00:00:00-04:00,2.3423850006263054,2.3518681957126075,2.33100491329025,2.3347983360290527,35800,0.0,0.0
2005-10-07 00:00:00-04:00,2.3537671547444186,2.3708372116088867,2.338593811060564,2.3708372116088867,39500,0.0,0.0
2005-10-10 00:00:00-04:00,2.3879074631383155,2.3935974222634817,2.353767346626238,2.363250732421875,27100,0.0,0.0
2005-10-11 00:00:00-04:00,2.3575593000478117,2.3841125466257105,2.340489252458919,2.37652587890625,30000,0.0,0.0
2005-10-12 00:00:00-04:00,2.3556641532745637,2.3803208849677118,2.3329041349917836,2.361354112625122,45500,0.0,0.0
2005-10-13 00:00:00-04:00,2.368938673167613,2.370835384886815,2.3329020549047033,2.3518686294555664,43900,0.0,0.0
2005-10-14 00:00:00-04:00,2.3366963877404983,2.348076482485156,2.3025564652674637,2.31583309173584,80500,0.0,0.0
2005-10-17 00:00:00-04:00,2.313935909475333,2.34428258146104,2.2760025694932,2.332902669906616,80500,0.0,0.0
2005-10-18 00:00:00-04:00,2.313935268320486,2.313935268320486,2.277898650542744,2.296865224838257,56000,0.0,0.0
2005-10-19 00:00:00-04:00,2.2854852606901694,2.3499720096588135,2.2797953066283414,2.3499720096588135,38300,0.0,0.0
2005-10-20 00:00:00-04:00,2.317729333913763,2.361352629673108,2.313935909475333,2.332902669906616,35000,0.0,0.0
2005-10-21 00:00:00-04:00,2.3234200477600098,2.3575601553231387,2.315833377288258,2.3234200477600098,43200,0.0,0.0
2005-10-24 00:00:00-04:00,2.323418677189079,2.384112005160458,2.3044519217578303,2.3518686294555664,64800,0.0,0.0
2005-10-25 00:00:00-04:00,2.351868470762027,2.3898019790649414,2.351868470762027,2.3898019790649414,53600,0.0,0.0
2005-10-26 00:00:00-04:00,2.395492646070035,2.408769269400136,2.3708359306852573,2.3935959339141846,61000,0.0,0.0
2005-10-27 00:00:00-04:00,2.4287003120514026,2.43251611093267,2.3981746487904827,2.405806064605713,62200,0.074,0.0
2005-10-28 00:00:00-04:00,2.4248860632826092,2.4248860632826092,2.4038997034366645,2.422978162765503,65900,0.0,0.0
2005-10-31 00:00:00-05:00,2.466859056099236,2.466859056099236,2.426794053496206,2.442056894302368,97900,0.0,0.0
2005-11-01 00:00:00-05:00,2.449688629467395,2.4515965303001663,2.42107066281814,2.4401493072509766,66500,0.0,0.0
2005-11-02 00:00:00-05:00,2.442056370641926,2.476397664118136,2.4248856329301334,2.4325170516967773,83200,0.0,0.0
2005-11-03 00:00:00-05:00,2.4325170516967773,2.4706741455299968,2.41343841380648,2.4325170516967773,45400,0.0,0.0
2005-11-04 00:00:00-05:00,2.442055612022592,2.447779128832733,2.41343766407725,2.438239812850952,48500,0.0,0.0
2005-11-07 00:00:00-05:00,2.447779104522484,2.4573184204095244,2.4344241714490176,2.4496870040893555,67400,0.0,0.0
2005-11-08 00:00:00-05:00,2.4687651849000614,2.4744888829769764,2.4287002080981397,2.470673084259033,82400,0.0,0.0
2005-11-09 00:00:00-05:00,2.4515944780253807,2.4763964402994767,2.4515944780253807,2.45922589302063,59400,0.0,0.0
2005-11-10 00:00:00-05:00,2.4325178109171266,2.44587275244016,2.390544903626609,2.4267942905426025,68200,0.0,0.0
2005-11-11 00:00:00-05:00,2.426795320330534,2.4458737903238617,2.4039010471700344,2.4248874187469482,81600,0.0,0.0
2005-11-14 00:00:00-05:00,2.4439660706877855,2.464952442264699,2.4134401911929437,2.4248874187469482,74700,0.0,0.0
2005-11-15 00:00:00-05:00,2.421070862440374,2.4287022844532475,2.384821653366089,2.384821653366089,84100,0.0,0.0
2005-11-16 00:00:00-05:00,2.3848206202335467,2.401991357810808,2.3638342642765457,2.3714656829833984,83200,0.0,0.0
2005-11-17 00:00:00-05:00,2.403898072028772,2.403898072028772,2.346662368990509,2.3600172996520996,70300,0.0,0.0
2005-11-18 00:00:00-05:00,2.348570857155214,2.4115300917011715,2.339031540598817,2.352386474609375,68300,0.0,0.0
2005-11-21 00:00:00-05:00,2.2569942101632736,2.3104141408681644,2.2569942101632736,2.2779805660247803,290200,0.0,0.0
2005-11-22 00:00:00-05:00,2.2703466269968655,2.29896455170856,2.167322498318543,2.2073874473571777,269900,0.0,0.0
2005-11-23 00:00:00-05:00,2.1883096931176667,2.201664619633182,2.062391294693581,2.113903284072876,422900,0.0,0.0
2005-11-25 00:00:00-05:00,2.083379256568321,2.1444306047045045,2.083379256568321,2.1406149864196777,143700,0.0,0.0
2005-11-28 00:00:00-05:00,2.13370087563966,2.1452240936262563,2.1183367070944232,2.1375420093536377,182200,0.074,0.0
2005-11-29 00:00:00-05:00,2.1183361251086663,2.1356208557621335,2.1125746092759394,2.1240978240966797,129800,0.0,0.0
2005-11-30 00:00:00-05:00,2.1164153453773022,2.1356204556063183,2.1125742134383483,2.1260178089141846,142200,0.0,0.0
2005-12-01 00:00:00-05:00,2.1202579798663037,2.1663505008479764,2.116417028028863,2.152906894683838,103600,0.0,0.0
2005-12-02 00:00:00-05:00,2.139462108726572,2.17019043910274,2.1317800261325304,2.1682698726654053,71800,0.0,0.0
2005-12-05 00:00:00-05:00,2.1490645382900437,2.1605877535640476,2.1413824558258057,2.1413824558258057,116500,0.0,0.0
2005-12-06 00:00:00-05:00,2.1413822242149934,2.170190167706504,2.1413822242149934,2.1567463874816895,106700,0.0,0.0
2005-12-07 00:00:00-05:00,2.162508240719279,2.1682697565674918,2.1317799119884304,2.1394619941711426,62200,0.0,0.0
2005-12-08 00:00:00-05:00,2.1337019690941803,2.141384057303625,2.1144968401482833,2.116417407989502,88800,0.0,0.0
2005-12-09 00:00:00-05:00,2.1144968401482833,2.1317815844083916,2.102973616256401,2.116417407989502,112700,0.0,0.0
2005-12-12 00:00:00-05:00,2.102973570300045,2.1106556583416127,2.0780067383760925,2.0933709144592285,163500,0.0,0.0
2005-12-13 00:00:00-05:00,2.0741641292112325,2.0914488592875786,2.0568793991348864,2.0856871604919434,146800,0.0,0.0
2005-12-14 00:00:00-05:00,2.0607208424783416,2.079926143423536,2.0357542076670416,2.058800458908081,130200,0.0,0.0
2005-12-15 00:00:00-05:00,2.047276268353794,2.0856866688270363,2.047276268353794,2.062640428543091,119000,0.0,0.0
2005-12-16 00:00:00-05:00,2.053039903516459,2.1048941350894648,2.045357815485876,2.10105299949646,109100,0.0,0.0
2005-12-19 00:00:00-05:00,2.0952906608139155,2.1010521787974707,2.0491981506347656,2.0491981506347656,65600,0.0,0.0
2005-12-20 00:00:00-05:00,2.041514754071617,2.064560994355562,2.0357532397894396,2.062640428543091,90000,0.0,0.0
2005-12-21 00:00:00-05:00,2.0472770024500053,2.062641168148462,2.0453564359488725,2.0511181354522705,71900,0.0,0.0
2005-12-22 00:00:00-05:00,2.049199206738757,2.0626428166806576,2.049199206738757,2.0549607276916504,80300,0.0,0.0
2005-12-23 00:00:00-05:00,2.0530385274290057,2.0818464756011963,2.0530385274290057,2.0818464756011963,76900,0.0,0.0
2005-12-27 00:00:00-05:00,2.0760863889072283,2.091450565250678,2.0568810769002015,2.0741658210754395,71400,0.0,0.0
2005-12-28 00:00:00-05:00,2.071069888904678,2.082672602438495,2.069136072579229,2.0788049697875977,65800,0.074,0.0
2005-12-29 00:00:00-05:00,2.0691365839392755,2.0846067495283642,2.0343288035732865,2.047865152359009,111600,0.0,0.0
2005-12-30 00:00:00-05:00,2.0401300769669786,2.0556002426122,2.0304611773339847,2.0439975261688232,153900,0.0,0.0
2006-01-03 00:00:00-05:00,2.030461864023562,2.034329498952338,1.9975877048049,2.0207929611206055,140800,0.0,0.0
2006-01-04 00:00:00-05:00,2.0053227902434685,2.0478658523650872,1.9956538873405119,2.0207929611206055,123900,0.0,0.0
2006-01-05 00:00:00-05:00,2.005324067307706,2.067204790224178,2.005324067307706,2.059469699859619,112400,0.0,0.0
2006-01-06 00:00:00-05:00,2.088474302859965,2.1252158986170757,2.0807392203627355,2.1136133670806885,135400,0.0,0.0
2006-01-09 00:00:00-05:00,2.13295111035147,2.1600239929415963,2.1155471275734548,2.1542227268218994,123300,0.0,0.0
2006-01-10 00:00:00-05:00,2.1426216858100697,2.1542244115423497,2.1271515077797423,2.148422956466675,77400,0.0,0.0
2006-01-11 00:00:00-05:00,2.1445546332251957,2.1716273415740046,2.1445546332251957,2.1696937084198,63900,0.0,0.0
2006-01-12 00:00:00-05:00,2.1580901700447286,2.218037201176604,2.1503550871005115,2.2083683013916016,84700,0.0,0.0
2006-01-13 00:00:00-05:00,2.2083691920151556,2.2122366428375244,2.175495030139527,2.2122366428375244,77000,0.0,0.0
2006-01-17 00:00:00-05:00,2.221903625105421,2.2335063363769474,2.1928971235548635,2.216102361679077,92200,0.0,0.0
2006-01-18 00:00:00-05:00,2.2335086603448566,2.2354424783053903,2.2141708495775814,2.225773572921753,60300,0.0,0.0
2006-01-19 00:00:00-05:00,2.219970933877488,2.233507467955524,2.206434584218384,2.2238385677337646,59800,0.0,0.0
2006-01-20 00:00:00-05:00,2.2335063363769474,2.2335063363769474,2.1928971235548635,2.216102361679077,59900,0.0,0.0
2006-01-23 00:00:00-05:00,2.231573651027386,2.2354412848836627,2.2141696675120053,2.2238385677337646,78700,0.0,0.0
2006-01-24 00:00:00-05:00,2.233507835924946,2.260580539703369,2.223838934110239,2.260580539703369,97900,0.0,0.0
2006-01-25 00:00:00-05:00,2.2799203337444505,2.2895892440002905,2.216105784242679,2.2818541526794434,50200,0.0,0.0
2006-01-26 00:00:00-05:00,2.2934546552916664,2.2973222897177967,2.225772712605026,2.2431766986846924,68100,0.0,0.0
2006-01-27 00:00:00-05:00,2.277039862390881,2.277039862390881,2.228385163683371,2.2731475830078125,47300,0.074,0.0
2006-01-30 00:00:00-05:00,2.26730888552879,2.3159635842363,2.2459008849145463,2.2731475830078125,77500,0.0,0.0
2006-01-31 00:00:00-05:00,2.2478479141246157,2.267309689143796,2.2439554477589727,2.2536864280700684,46300,0.0,0.0
2006-02-01 00:00:00-05:00,2.2497928142547607,2.2848240627736893,2.2497928142547607,2.2497928142547607,46900,0.0,0.0
2006-02-02 00:00:00-05:00,2.269255158497172,2.269255158497172,2.2478471575010865,2.257578134536743,49200,0.0,0.0
2006-02-03 00:00:00-05:00,2.251739185916497,2.2828781604766846,2.247846906897938,2.2828781604766846,36600,0.0,0.0
2006-02-06 00:00:00-05:00,2.284823711114938,2.284823711114938,2.253684745844997,2.267307996749878,60100,0.0,0.0
2006-02-07 00:00:00-05:00,2.2478472854876324,2.2575782630773458,2.232277795585275,2.2342238426208496,38000,0.0,0.0
2006-02-08 00:00:00-05:00,2.2478475806847227,2.2653633055258555,2.1719461682408077,2.1777846813201904,98900,0.0,0.0
2006-02-09 00:00:00-05:00,2.1602693565357005,2.193354576608271,2.158323123448372,2.1797311305999756,52200,0.0,0.0
2006-02-10 00:00:00-05:00,2.1641605114329234,2.1952994822214262,2.162214279357915,2.1914072036743164,51500,0.0,0.0
2006-02-13 00:00:00-05:00,2.189461999349287,2.2244934507318335,2.179731020009358,2.2128162384033203,41100,0.0,0.0
2006-02-14 00:00:00-05:00,2.236170468650976,2.236170468650976,2.164161518783874,2.1855695247650146,56900,0.0,0.0
2006-02-15 00:00:00-05:00,2.1719460706820684,2.197246540360269,2.146645601003868,2.169999837875366,47300,0.0,0.0
2006-02-16 00:00:00-05:00,2.170001787673631,2.179732774847689,2.1408090117545977,2.1447014808654785,70600,0.0,0.0
2006-02-17 00:00:00-05:00,2.133020194071066,2.1777823899204862,2.133020194071066,2.1738901138305664,79300,0.0,0.0
2006-02-21 00:00:00-05:00,2.19724559087836,2.2575774825944555,2.1914070805841885,2.2517387866973877,129300,0.0,0.0
2006-02-22 00:00:00-05:00,2.2595234020031354,2.3023395748281397,2.257577355749683,2.3003933429718018,97800,0.0,0.0
2006-02-23 00:00:00-05:00,2.304286957770357,2.329587427732715,2.2984484448876525,2.3159639835357666,119800,0.0,0.0
2006-02-24 00:00:00-05:00,2.3304555416107178,2.346122455182622,2.3049969471296294,2.3304555416107178,85500,0.074,0.0
2006-02-27 00:00:00-05:00,2.3500394177408115,2.3578728749960405,2.3304556812205637,2.3441643714904785,150300,0.0,0.0
2006-02-28 00:00:00-05:00,2.348082763117764,2.350041175587565,2.3324158368883396,2.3402493000030518,59500,0.0,0.0
2006-03-01 00:00:00-05:00,2.3206639459752263,2.3461225413918005,2.3108720779418945,2.3108720779418945,78900,0.0,0.0
2006-03-02 00:00:00-05:00,2.330456495489993,2.350040238852867,2.3147895755054604,2.3480818271636963,69500,0.0,0.0
2006-03-03 00:00:00-05:00,2.3500400041688967,2.3833322525024414,2.3402481334653134,2.3833322525024414,58100,0.0,0.0
2006-03-06 00:00:00-05:00,2.3970414460153324,2.3970414460153324,2.3187068314780155,2.3324153423309326,106100,0.0,0.0
2006-03-07 00:00:00-05:00,2.3206631618683478,2.326538205997544,2.254078705856501,2.2775790691375732,90500,0.0,0.0
2006-03-08 00:00:00-05:00,2.2521222077628087,2.2521222077628087,2.2129549023719965,2.2325384616851807,74300,0.0,0.0
2006-03-09 00:00:00-05:00,2.2325372767090617,2.3010801648354295,2.2031618599488154,2.2501626014709473,74200,0.0,0.0
2006-03-10 00:00:00-05:00,2.2325365931627634,2.283454140937579,2.2325365931627634,2.257995367050171,64300,0.0,0.0
2006-03-13 00:00:00-05:00,2.3069551473660717,2.322622060775757,2.2775797314139967,2.322622060775757,58900,0.0,0.0
2006-03-14 00:00:00-05:00,2.3343729339921704,2.340247981326626,2.3167476052244163,2.328497886657715,56600,0.0,0.0
2006-03-15 00:00:00-05:00,2.3284987049862935,2.336332166440025,2.3187068314780155,2.3324153423309326,44300,0.0,0.0
2006-03-16 00:00:00-05:00,2.3304553059553754,2.375497817993164,2.3128301700424907,2.375497817993164,59600,0.0,0.0
2006-03-17 00:00:00-05:00,2.3500396521400715,2.369623390613654,2.3206642311940695,2.3265392780303955,69100,0.0,0.0
2006-03-20 00:00:00-05:00,2.314788898480756,2.3774567468543397,2.314788898480756,2.373539924621582,55600,0.0,0.0
2006-03-21 00:00:00-05:00,2.3735397895064976,2.3774566115162883,2.320663999724793,2.3441643714904785,38900,0.0,0.0
2006-03-22 00:00:00-05:00,2.3402488037846645,2.344165627893757,2.3128317820788302,2.3324153423309326,45500,0.0,0.0
2006-03-23 00:00:00-05:00,2.3461238531838498,2.348082265238396,2.3167484194234693,2.3324153423309326,38500,0.0,0.0
2006-03-24 00:00:00-05:00,2.342205820171817,2.3441642310593904,2.3226220848247654,2.3304555416107178,38800,0.0,0.0
2006-03-27 00:00:00-05:00,2.3461228297396066,2.359831521376863,2.3265392780303955,2.3265392780303955,61800,0.0,0.0
2006-03-28 00:00:00-05:00,2.334373318868335,2.3539570622312094,2.326539858876069,2.3480818271636963,25200,0.0,0.0
2006-03-29 00:00:00-05:00,2.3666045289029456,2.3685751023010133,2.337046491704601,2.3429582118988037,26100,0.074,0.0
2006-03-30 00:00:00-05:00,2.3409869818547695,2.3626627193808076,2.329163732707004,2.3488690853118896,41600,0.0,0.0
2006-03-31 00:00:00-05:00,2.3291649587535517,2.3587230032199065,2.325223998912599,2.3468997478485107,45600,0.0,0.0
2006-04-03 00:00:00-04:00,2.327192416095373,2.340986044642018,2.313398599624634,2.313398599624634,49100,0.0,0.0
2006-04-04 00:00:00-04:00,2.3331046622719764,2.3331046622719764,2.2720182251948704,2.2877824306488037,45900,0.0,0.0
2006-04-05 00:00:00-04:00,2.2680776694808937,2.303547044071964,2.258224992346191,2.273989200592041,45900,0.0,0.0
2006-04-06 00:00:00-04:00,2.2858128547668457,2.3114295567510874,2.246402139262002,2.2858128547668457,59700,0.0,0.0
2006-04-07 00:00:00-04:00,2.252313984048937,2.2700487694232163,2.2424613046272004,2.2464022636413574,40000,0.0,0.0
2006-04-10 00:00:00-04:00,2.2345774226459776,2.256253149806677,2.191225780400499,2.2168426513671875,77200,0.0,0.0
2006-04-11 00:00:00-04:00,2.206991490933503,2.2266968476078146,2.195168427268283,2.2129030227661133,35100,0.0,0.0
2006-04-12 00:00:00-04:00,2.187286749929587,2.2345793896874415,2.1754634960280006,2.214874029159546,47700,0.0,0.0
2006-04-13 00:00:00-04:00,2.2345795965354767,2.2345795965354767,2.183345804759793,2.224726915359497,55100,0.0,0.0
2006-04-17 00:00:00-04:00,2.270048649436236,2.2818717137780093,2.2385200393683276,2.2601959705352783,66600,0.0,0.0
2006-04-18 00:00:00-04:00,2.220785017006608,2.2582249641418457,2.212902725057944,2.2582249641418457,57300,0.0,0.0
2006-04-19 00:00:00-04:00,2.258226599095995,2.258226599095995,2.2069927918815453,2.226698160171509,57200,0.0,0.0
2006-04-20 00:00:00-04:00,2.2089619938958323,2.220785245109041,2.1794041477491146,2.1991093158721924,85800,0.0,0.0
2006-04-21 00:00:00-04:00,2.1853147975718286,2.2306368350982666,2.183344225177428,2.2306368350982666,42500,0.0,0.0
2006-04-24 00:00:00-04:00,2.2266953229580797,2.2365479945489724,2.1853142526155955,2.2168426513671875,65100,0.0,0.0
2006-04-25 00:00:00-04:00,2.2109304517541073,2.222753503731282,2.183343017267328,2.197136640548706,49600,0.0,0.0
2006-04-26 00:00:00-04:00,2.2157830688030495,2.229668846560747,2.197929817869133,2.211815595626831,52100,0.074,0.0
2006-04-27 00:00:00-04:00,2.203883730212329,2.2296717721561365,2.2019001802010987,2.2197532653808594,50100,0.0,0.0
2006-04-28 00:00:00-04:00,2.2058679690266048,2.2435582654734536,2.201900678925782,2.24157452583313,62000,0.0,0.0
2006-05-01 00:00:00-04:00,2.247525379665571,2.279264454707304,2.2415743503901986,2.275297164916992,46600,0.0,0.0
2006-05-02 00:00:00-04:00,2.2614097110788776,2.2812467147047064,2.2534749474644835,2.2673609256744385,43500,0.0,0.0
2006-05-03 00:00:00-04:00,2.2455405256391043,2.2653775322842824,2.2157852048510533,2.2435569763183594,58700,0.0,0.0
2006-05-04 00:00:00-04:00,2.2435575876194096,2.2772802054170524,2.23363908159433,2.2534759044647217,61400,0.0,0.0
2006-05-05 00:00:00-04:00,2.2475238771695913,2.2792629309933954,2.2455401390106826,2.2594261169433594,35300,0.0,0.0
2006-05-08 00:00:00-04:00,2.277279238307666,2.305051005547889,2.255458685663004,2.2673609256744385,48300,0.0,0.0
2006-05-09 00:00:00-04:00,2.2871993771171337,2.3110036849975586,2.271329838530184,2.3110036849975586,46800,0.0,0.0
2006-05-10 00:00:00-04:00,2.350676632682125,2.352660182202581,2.3129863540974274,2.3486928939819336,72600,0.0,0.0
2006-05-11 00:00:00-04:00,2.307035290709935,2.307035290709935,2.150323530286874,2.1562745571136475,372000,0.0,0.0
2006-05-12 00:00:00-04:00,2.1959495203654775,2.2197538291642016,2.158259412062455,2.1840474605560303,186900,0.0,0.0
2006-05-15 00:00:00-04:00,2.1741276227155595,2.2415732176878214,2.172143884232913,2.1820623874664307,180800,0.0,0.0
2006-05-16 00:00:00-04:00,2.2018999597505533,2.2098347265404032,2.184046687178451,2.197932481765747,108200,0.0,0.0
2006-05-17 00:00:00-04:00,2.2177671828255625,2.2197507305717115,2.1820606748809586,2.195946455001831,83400,0.0,0.0
2006-05-18 00:00:00-04:00,2.1919803619384766,2.231654176122498,2.1899966239343582,2.1919803619384766,68800,0.0,0.0
2006-05-19 00:00:00-04:00,2.186029908332259,2.215785229450653,2.186029908332259,2.1899971961975098,64800,0.0,0.0
2006-05-22 00:00:00-04:00,2.1899979257029525,2.1899979257029525,2.1523078271194724,2.172144651412964,96500,0.0,0.0
2006-05-23 00:00:00-04:00,2.1820631581496,2.1840468973328835,2.154291377122975,2.172144651412964,122000,0.0,0.0
2006-05-24 00:00:00-04:00,2.182062775832218,2.184046514667932,2.160242216178605,2.1701605319976807,74800,0.0,0.0
2006-05-25 00:00:00-04:00,2.1701599617171214,2.1840459407383777,2.148339407797573,2.1681764125823975,131500,0.0,0.0
2006-05-26 00:00:00-04:00,2.1869497299194336,2.192941319788092,2.166977700200837,2.1869497299194336,40100,0.074,0.0
2006-05-30 00:00:00-04:00,2.164980756515151,2.1849527891527982,2.1569919053662447,2.1709723472595215,79900,0.0,0.0
2006-05-31 00:00:00-04:00,2.178960931287933,2.1829554516073126,2.152997120619603,2.172969341278076,69800,0.0,0.0
2006-06-01 00:00:00-04:00,2.182955719217498,2.1929416403017044,2.16098623570608,2.1709723472595215,63300,0.0,0.0
2006-06-02 00:00:00-04:00,2.1709720811183866,2.1849525212977903,2.1629832309488397,2.172969341278076,92200,0.0,0.0
2006-06-05 00:00:00-04:00,2.1789611984084276,2.1849527891527982,2.164980756515151,2.1709723472595215,76900,0.0,0.0
2006-06-06 00:00:00-04:00,2.176963991748882,2.178961252202726,2.1510003677258727,2.156991958618164,86100,0.0,0.0
2006-06-07 00:00:00-04:00,2.1629835495104555,2.1709724008565905,2.1510003677258727,2.156991958618164,84700,0.0,0.0
2006-06-08 00:00:00-04:00,2.158989062435699,2.158989062435699,2.067117183385898,2.1170475482940674,159400,0.0,0.0
2006-06-09 00:00:00-04:00,2.105064735260854,2.164981227136862,2.09507862153664,2.1010704040527344,71300,0.0,0.0
2006-06-12 00:00:00-04:00,2.1030681133270264,2.1410153189134156,2.101071042350902,2.1030681133270264,111400,0.0,0.0
2006-06-13 00:00:00-04:00,2.101069743749659,2.1629832865375223,2.101069743749659,2.1450083255767822,90000,0.0,0.0
2006-06-14 00:00:00-04:00,2.180959100759851,2.1849534322753845,2.1529980182739537,2.1629841327667236,93000,0.0,0.0
2006-06-15 00:00:00-04:00,2.172970036232433,2.184953220084582,2.156992330783386,2.1609866619110107,78900,0.0,0.0
2006-06-16 00:00:00-04:00,2.176965165516642,2.184954021170178,2.147007004433218,2.1589903831481934,75100,0.0,0.0
2006-06-19 00:00:00-04:00,2.184954021170178,2.192942876823714,2.147007004433218,2.1589903831481934,91200,0.0,0.0
2006-06-20 00:00:00-04:00,2.1689763977915866,2.1689763977915866,2.137020973881997,2.152998685836792,87900,0.0,0.0
2006-06-21 00:00:00-04:00,2.156991777091252,2.164980627765066,2.1130530031506627,2.129030704498291,115800,0.0,0.0
2006-06-22 00:00:00-04:00,2.1250360282124072,2.1270330977036056,2.0571307133126377,2.0850915908813477,211400,0.0,0.0
2006-06-23 00:00:00-04:00,2.079100314758674,2.099072536433719,2.0611253533449783,2.083094835281372,167900,0.0,0.0
2006-06-26 00:00:00-04:00,2.0870902655598034,2.091084788188243,1.9972156015824571,2.0171878337860107,225600,0.0,0.0
2006-06-27 00:00:00-04:00,2.017187745984842,2.0591292794112777,2.0012100371051824,2.033165454864502,156700,0.0,0.0
2006-06-28 00:00:00-04:00,2.0963373832231262,2.0963373832231262,2.0098281982003607,2.0279347896575928,165600,0.074,0.0
2006-06-29 00:00:00-04:00,2.046041221030721,2.0721951631044124,2.0058044608650443,2.070183277130127,145400,0.0,0.0
2006-06-30 00:00:00-04:00,2.084265703430598,2.1144434117801816,2.082254009698469,2.112431526184082,90400,0.0,0.0
2006-07-03 00:00:00-04:00,2.1405975630986736,2.142609257032067,2.114443623324657,2.1365737915039062,64700,0.0,0.0
2006-07-05 00:00:00-04:00,2.142608546128876,2.1486442015184366,2.1184665001624126,2.128525733947754,76400,0.0,0.0
2006-07-06 00:00:00-04:00,2.1204788849873917,2.1325500067471705,2.102372298279709,2.104384183883667,72300,0.0,0.0
2006-07-07 00:00:00-04:00,2.1124319930227955,2.140597822000811,2.1063965267646543,2.1204793453216553,75600,0.0,0.0
2006-07-10 00:00:00-04:00,2.1405975630986736,2.1466330286268342,2.1265145543809783,2.1365737915039062,85600,0.0,0.0
2006-07-11 00:00:00-04:00,2.1365750136882693,2.1446223696171405,2.124504075727013,2.132551431655884,70400,0.0,0.0
2006-07-12 00:00:00-04:00,2.1385850506917827,2.16272709759475,2.1124311185809184,2.158703327178955,99500,0.0,0.0
2006-07-13 00:00:00-04:00,2.162728170788035,2.1727874099552036,2.152668931620866,2.1687636375427246,51300,0.0,0.0
2006-07-14 00:00:00-04:00,2.160714517721634,2.1808329796046966,2.154679055902264,2.162726402282715,56700,0.0,0.0
2006-07-17 00:00:00-04:00,2.1969286376891075,2.2049759876055384,2.1768101669660527,2.1908931732177734,61800,0.0,0.0
2006-07-18 00:00:00-04:00,2.1788218021392822,2.194916500123415,2.154679755163083,2.1788218021392822,65700,0.0,0.0
2006-07-19 00:00:00-04:00,2.164738536253495,2.1989398102768676,2.162726651460616,2.182845115661621,50000,0.0,0.0
2006-07-20 00:00:00-04:00,2.2029646737005315,2.2049765596675948,2.1687633797164825,2.1848580837249756,70600,0.0,0.0
2006-07-21 00:00:00-04:00,2.174798108385927,2.1989401540834304,2.172786223278487,2.1888809204101562,67100,0.0,0.0
2006-07-24 00:00:00-04:00,2.208999685234663,2.2110115707877793,2.1727867045984004,2.1808340549468994,77700,0.0,0.0
2006-07-25 00:00:00-04:00,2.172787151650609,2.211012025704778,2.172787151650609,2.1848580837249756,70600,0.0,0.0
2006-07-26 00:00:00-04:00,2.204975983301506,2.206987868742676,2.154679998456001,2.1707746982574463,64900,0.0,0.0
2006-07-27 00:00:00-04:00,2.1898157839072967,2.214124538140783,2.1776613101961506,2.1817128658294678,54400,0.074,0.0
2006-07-28 00:00:00-04:00,2.1918416668996477,2.2141248395385786,2.1918416668996477,2.1938674449920654,26300,0.0,0.0
2006-07-31 00:00:00-04:00,2.1979199625202512,2.2202029517166575,2.1958941835417827,2.212100028991699,50500,0.0,0.0
2006-08-01 00:00:00-04:00,2.220201797834071,2.234381856935863,2.0763748493240706,2.096632242202759,238300,0.0,0.0
2006-08-02 00:00:00-04:00,2.070298213902229,2.0925811969549257,2.0297836114478423,2.072323799133301,284200,0.0,0.0
2006-08-03 00:00:00-04:00,2.0601695149914163,2.076375355973171,2.0581437365714814,2.072323799133301,131600,0.0,0.0
2006-08-04 00:00:00-04:00,2.072322650240896,2.096631591425553,2.06624551153911,2.082451343536377,111400,0.0,0.0
2006-08-07 00:00:00-04:00,2.092580036831858,2.1108116461259723,2.076374204834591,2.082451343536377,91600,0.0,0.0
2006-08-08 00:00:00-04:00,2.0824525089254013,2.1168899694887893,2.080426923683745,2.090555429458618,167900,0.0,0.0
2006-08-09 00:00:00-04:00,2.1047358143768484,2.1168900993277218,2.0844784152068914,2.09460711479187,81400,0.0,0.0
2006-08-10 00:00:00-04:00,2.100684764730813,2.100684764730813,2.076375995767908,2.0865046977996826,68500,0.0,0.0
2006-08-11 00:00:00-04:00,2.0784016826599867,2.0925817489624023,2.0662472021229776,2.0925817489624023,90900,0.0,0.0
2006-08-14 00:00:00-04:00,2.0946064642771267,2.096632242202759,2.0763748493240706,2.096632242202759,89300,0.0,0.0
2006-08-15 00:00:00-04:00,2.082451429104976,2.1027088165283203,2.076374290153478,2.1027088165283203,136400,0.0,0.0
2006-08-16 00:00:00-04:00,2.0865029838651505,2.1128375102399923,2.084477206485063,2.1027088165283203,117700,0.0,0.0
2006-08-17 00:00:00-04:00,2.088529323689047,2.1067607454532866,2.0804264051753347,2.096632242202759,108600,0.0,0.0
2006-08-18 00:00:00-04:00,2.098658990977261,2.1168906160426313,2.088530482108876,2.104736328125,89600,0.0,0.0
2006-08-21 00:00:00-04:00,2.114864708899764,2.1249934103435946,2.0986588638651997,2.100684642791748,89400,0.0,0.0
2006-08-22 00:00:00-04:00,2.098659959300605,2.12094315274595,2.096634372505674,2.1067628860473633,98200,0.0,0.0
2006-08-23 00:00:00-04:00,2.1047361785549796,2.1371478682839378,2.1047361785549796,2.127019166946411,120600,0.0,0.0
2006-08-24 00:00:00-04:00,2.127018490072341,2.143224329779689,2.12296693355108,2.1371471881866455,118800,0.0,0.0
2006-08-25 00:00:00-04:00,2.145249617177298,2.183738429378261,2.1330951435834757,2.173609733581543,100800,0.0,0.0
2006-08-28 00:00:00-04:00,2.1877893311824814,2.203995162338824,2.173609084029122,2.2019693851470947,134000,0.0,0.0
2006-08-29 00:00:00-04:00,2.2213311516039775,2.2213311516039775,2.1866865205523562,2.2050278186798096,91400,0.065,0.0
2006-08-30 00:00:00-04:00,2.205028634097046,2.221331973050171,2.1866873291869973,2.2131803035736084,98400,0.0,0.0
2006-08-31 00:00:00-04:00,2.2172559027769974,2.2213316397281284,2.1928008980169067,2.2029905319213867,85000,0.0,0.0
2006-09-01 00:00:00-04:00,2.2009508004102845,2.21725412383658,2.196874872378238,2.2152161598205566,62900,0.0,0.0
2006-09-05 00:00:00-04:00,2.2274455660808465,2.2519005711637115,2.2070662980029074,2.225407600402832,67000,0.0,0.0
2006-09-06 00:00:00-04:00,2.2396720794668603,2.2417100443332276,2.21521708412353,2.231520414352417,67800,0.0,0.0
2006-09-07 00:00:00-04:00,2.2294819940869957,2.241709586436538,2.1846479422909755,2.1948375701904297,90600,0.0,0.0
2006-09-08 00:00:00-04:00,2.178534588846832,2.231520511574704,2.1642692228628033,2.2009518146514893,60200,0.0,0.0
2006-09-11 00:00:00-04:00,2.221330784371606,2.2417100443332276,2.2050274541427193,2.231520414352417,54200,0.0,0.0
2006-09-12 00:00:00-04:00,2.239672561588985,2.2417105268940545,2.202990157853082,2.21114182472229,81900,0.0,0.0
2006-09-13 00:00:00-04:00,2.2254071931556374,2.2254071931556374,2.2009521925480127,2.21114182472229,62800,0.0,0.0
2006-09-14 00:00:00-04:00,2.2029900845704793,2.2254071191273312,2.2029900845704793,2.2070658206939697,66800,0.0,0.0
2006-09-15 00:00:00-04:00,2.2029896457280733,2.2213307461567684,2.2029896457280733,2.2091033458709717,86100,0.0,0.0
2006-09-18 00:00:00-04:00,2.2111425319678157,2.215218269530532,2.20095289653433,2.2131803035736084,45600,0.0,0.0
2006-09-19 00:00:00-04:00,2.229481519230829,2.241709108976023,2.2050265340913855,2.2152161598205566,65300,0.0,0.0
2006-09-20 00:00:00-04:00,2.231520272031135,2.2417099013620745,2.2070652782474887,2.2213306427001953,53000,0.0,0.0
2006-09-21 00:00:00-04:00,2.219294163522906,2.2315215703532525,2.2111424941856326,2.2294836044311523,58900,0.0,0.0
2006-09-22 00:00:00-04:00,2.2172549164351003,2.2396719455718994,2.2111412165525217,2.2396719455718994,51600,0.0,0.0
2006-09-25 00:00:00-04:00,2.260050396418342,2.2661640941154664,2.207064498107409,2.2152161598205566,87100,0.0,0.0
2006-09-26 00:00:00-04:00,2.2213316977807,2.2824693084542553,2.2213316977807,2.2478246688842773,124400,0.0,0.0
2006-09-27 00:00:00-04:00,2.254998979439041,2.2734490023695004,2.2529489334460684,2.265249013900757,41000,0.065,0.0
2006-09-28 00:00:00-04:00,2.2590988911204906,2.285748704889557,2.2549987994617844,2.2570488452911377,59000,0.0,0.0
2006-09-29 00:00:00-04:00,2.257049747058063,2.2857496181230412,2.257049747058063,2.2611496448516846,52700,0.0,0.0
2006-10-02 00:00:00-04:00,2.2734488209197004,2.2836988545633345,2.2570488452911377,2.2570488452911377,48900,0.0,0.0
2006-10-03 00:00:00-04:00,2.252948993291637,2.2795990053987496,2.218098992497963,2.2385990619659424,134800,0.0,0.0
2006-10-04 00:00:00-04:00,2.224249186837457,2.2488491535186768,2.2078492090499773,2.2488491535186768,81800,0.0,0.0
2006-10-05 00:00:00-04:00,2.248849344489729,2.2529492415331815,2.2180992368995547,2.234499216079712,43400,0.0,0.0
2006-10-06 00:00:00-04:00,2.2221980166806343,2.2508978655398604,2.2221980166806343,2.240648031234741,54900,0.0,0.0
2006-10-09 00:00:00-04:00,2.2467979709184243,2.2529479106021073,2.2344978960480004,2.240648031234741,50400,0.0,0.0
2006-10-10 00:00:00-04:00,2.248849344489729,2.2529492415331815,2.234499216079712,2.234499216079712,48700,0.0,0.0
2006-10-11 00:00:00-04:00,2.2262992264896333,2.248849344489729,2.2262992264896333,2.234499216079712,63200,0.0,0.0
2006-10-12 00:00:00-04:00,2.248847791186191,2.2590978199697767,2.236547717545281,2.254997730255127,73100,0.0,0.0
2006-10-13 00:00:00-04:00,2.246798520670372,2.2857484088681246,2.2406485794819067,2.283698558807373,90300,0.0,0.0
2006-10-16 00:00:00-04:00,2.283699584443441,2.2857494354248047,2.271399501039295,2.2857494354248047,95100,0.0,0.0
2006-10-17 00:00:00-04:00,2.277549194628102,2.291899322939354,2.26934920509446,2.2754993438720703,113500,0.0,0.0
2006-10-18 00:00:00-04:00,2.2754993438720703,2.291899322939354,2.261149215560818,2.2754993438720703,105600,0.0,0.0
2006-10-19 00:00:00-04:00,2.269348729260994,2.291898842377616,2.2570488452911377,2.2570488452911377,73400,0.0,0.0
2006-10-20 00:00:00-04:00,2.261148448611159,2.291898545559695,2.261148448611159,2.283698558807373,80000,0.0,0.0
2006-10-23 00:00:00-04:00,2.2898492766801506,2.2898492766801506,2.273449297612867,2.2754993438720703,81500,0.0,0.0
2006-10-24 00:00:00-04:00,2.287797920878312,2.287797920878312,2.2672980565299796,2.269347906112671,51700,0.0,0.0
2006-10-25 00:00:00-04:00,2.2652493236698863,2.2754993595332773,2.2262992264896333,2.234499216079712,96600,0.0,0.0
2006-10-26 00:00:00-04:00,2.2262989855329285,2.2918990906567016,2.2262989855329285,2.2713990211486816,112700,0.0,0.0
2006-10-27 00:00:00-04:00,2.251809624367919,2.307486133308871,2.2497474804590665,2.2786169052124023,80400,0.065,0.0
2006-10-30 00:00:00-05:00,2.27861629864616,2.305423572354564,2.268305778503418,2.268305778503418,74400,0.0,0.0
2006-10-31 00:00:00-05:00,2.2765543460845947,2.2806786331500746,2.262119734669078,2.2765543460845947,51800,0.0,0.0
2006-11-01 00:00:00-05:00,2.2806779940751016,2.2827399403732267,2.2394359216041813,2.253870725631714,67100,0.0,0.0
2006-11-02 00:00:00-05:00,2.239435266625087,2.239435266625087,2.206441775623547,2.216752290725708,90300,0.0,0.0
2006-11-03 00:00:00-05:00,2.227064147035045,2.2889270782470703,2.218815769317231,2.2889270782470703,99000,0.0,0.0
2006-11-06 00:00:00-05:00,2.2930504984602504,2.2992367307760078,2.276553747847044,2.2806780338287354,73300,0.0,0.0
2006-11-07 00:00:00-05:00,2.2806779314592913,2.290988252637176,2.272429556522921,2.2827398777008057,55300,0.0,0.0
2006-11-08 00:00:00-05:00,2.272430065223241,2.2827403887091684,2.2600574017205872,2.268305778503418,87100,0.0,0.0
2006-11-09 00:00:00-05:00,2.2765536456627204,2.290988252637176,2.2579947528916944,2.2827398777008057,42700,0.0,0.0
2006-11-10 00:00:00-05:00,2.2889271396053625,2.2909890865974623,2.268306096429629,2.286864995956421,36100,0.0,0.0
2006-11-13 00:00:00-05:00,2.286863592782524,2.2951119656604115,2.2621184741488602,2.2724289894104004,65200,0.0,0.0
2006-11-14 00:00:00-05:00,2.2683047948471486,2.2683047948471486,2.231187017092224,2.2476837635040283,116800,0.0,0.0
2006-11-15 00:00:00-05:00,2.2497459059696863,2.2559321367099305,2.239435390298126,2.2476837635040283,69500,0.0,0.0
2006-11-16 00:00:00-05:00,2.266244993433583,2.266244993433583,2.239437703658039,2.2497482299804688,85500,0.0,0.0
2006-11-17 00:00:00-05:00,2.255932046997903,2.2786152199046357,2.255932046997903,2.2724289894104004,57600,0.0,0.0
2006-11-20 00:00:00-05:00,2.2765541552862487,2.2889268187889025,2.257995258360676,2.268305778503418,74100,0.0,0.0
2006-11-21 00:00:00-05:00,2.2848025320690795,2.2848025320690795,2.257995258360676,2.268305778503418,52300,0.0,0.0
2006-11-22 00:00:00-05:00,2.268306432095705,2.274492667301133,2.2579959089820774,2.2703685760498047,45000,0.0,0.0
2006-11-24 00:00:00-05:00,2.286863592782524,2.2889257351661763,2.2538701012709725,2.2724289894104004,29800,0.0,0.0
2006-11-27 00:00:00-05:00,2.2518081822679417,2.2703670722484217,2.2476838970915054,2.2579944133758545,74400,0.0,0.0
2006-11-28 00:00:00-05:00,2.263180920110489,2.267329834412715,2.252808832186045,2.254883289337158,43200,0.065,0.0
2006-11-29 00:00:00-05:00,2.248662535311242,2.2714809950331425,2.2465880759279777,2.263183355331421,71100,0.0,0.0
2006-11-30 00:00:00-05:00,2.2694048359647994,2.2694048359647994,2.240363217675345,2.256958484649658,80700,0.0,0.0
2006-12-01 00:00:00-05:00,2.250734709972549,2.261106600697688,2.2362137068613124,2.238288164138794,76500,0.0,0.0
2006-12-04 00:00:00-05:00,2.242436653173531,2.256957455698195,2.238287739405857,2.2465853691101074,91800,0.0,0.0
2006-12-05 00:00:00-05:00,2.2424377730973717,2.2465864911059117,2.229991223409361,2.2362143993377686,65000,0.0,0.0
2006-12-06 00:00:00-05:00,2.2403632407739758,2.2403632407739758,2.2030237907811996,2.221693515777588,114400,0.0,0.0
2006-12-07 00:00:00-05:00,2.2050988240875298,2.213396459825636,2.1366432797903445,2.2009499073028564,224600,0.0,0.0
2006-12-08 00:00:00-05:00,2.186429653556501,2.2133970260620117,2.1802064746187035,2.2133970260620117,66400,0.0,0.0
2006-12-11 00:00:00-05:00,2.1967999427398013,2.2009486593408663,2.1677581352078326,2.188502311706543,158500,0.0,0.0
2006-12-12 00:00:00-05:00,2.1781312688417844,2.209247350692749,2.173982352418337,2.209247350692749,103100,0.0,0.0
2006-12-13 00:00:00-05:00,2.207173690703224,2.2237689652487815,2.1739829437808313,2.1822807788848877,84300,0.0,0.0
2006-12-14 00:00:00-05:00,2.1843539960762004,2.190577369430518,2.1636100117220236,2.1739819049835205,129400,0.0,0.0
2006-12-15 00:00:00-05:00,2.1739812583947185,2.1822790870658557,2.165683627554705,2.1802046298980713,104900,0.0,0.0
2006-12-18 00:00:00-05:00,2.167759158207273,2.1885033444954893,2.149089430114123,2.165684700012207,132400,0.0,0.0
2006-12-19 00:00:00-05:00,2.1511638634075085,2.1698335912845397,2.140791770383467,2.159461498260498,113600,0.0,0.0
2006-12-20 00:00:00-05:00,2.14701570802755,2.1760573387145996,2.14701570802755,2.1760573387145996,96800,0.0,0.0
2006-12-21 00:00:00-05:00,2.178130820553066,2.178130820553066,2.1511634628445715,2.1739819049835205,93000,0.0,0.0
2006-12-22 00:00:00-05:00,2.1698323788874814,2.19472526953751,2.1636092056827514,2.1905765533447266,71300,0.0,0.0
2006-12-26 00:00:00-05:00,2.1781318613328593,2.192652677102403,2.1781318613328593,2.1822807788848877,103400,0.0,0.0
2006-12-27 00:00:00-05:00,2.1916742776919187,2.1958489909131287,2.1728884663190398,2.1854124069213867,85000,0.065,0.0
2006-12-28 00:00:00-05:00,2.1770625127553527,2.183324381608016,2.166625931960099,2.1749751567840576,98400,0.0,0.0
2006-12-29 00:00:00-05:00,2.1728863326514922,2.1895847710167207,2.164537113468878,2.1812355518341064,179200,0.0,0.0
2007-01-03 00:00:00-05:00,2.1707997315828322,2.1833236642343987,2.168712575358535,2.172887086868286,72100,0.0,0.0
2007-01-04 00:00:00-05:00,2.1812346355654837,2.1812346355654837,2.1687109115829317,2.177060127258301,108400,0.0,0.0
2007-01-05 00:00:00-05:00,2.174974483546318,2.1895855727002496,2.1645379059815837,2.1666252613067627,74300,0.0,0.0
2007-01-08 00:00:00-05:00,2.154100463526725,2.200021266937256,2.154100463526725,2.200021266937256,117600,0.0,0.0
2007-01-09 00:00:00-05:00,2.2000215449858977,2.218807339621761,2.1874976155416204,2.1937596797943115,78200,0.0,0.0
2007-01-10 00:00:00-05:00,2.1749740420582735,2.2083709242374137,2.172886687156797,2.2062835693359375,60500,0.0,0.0
2007-01-11 00:00:00-05:00,2.2062838491365913,2.2125459146351742,2.1791488291595,2.197934627532959,75600,0.0,0.0
2007-01-12 00:00:00-05:00,2.1937598373311435,2.214632789155713,2.185410616789092,2.21254563331604,74400,0.0,0.0
2007-01-16 00:00:00-05:00,2.2125457501524304,2.2396805690511488,2.2021091741584686,2.2334187030792236,91700,0.0,0.0
2007-01-17 00:00:00-05:00,2.222980905351717,2.2626398325202985,2.2208937505489135,2.24385404586792,84900,0.0,0.0
2007-01-18 00:00:00-05:00,2.2334188179256493,2.268903058693105,2.229244306750082,2.2584664821624756,58300,0.0,0.0
2007-01-19 00:00:00-05:00,2.2459419538302385,2.260553036359682,2.2146322353314836,2.229243516921997,98900,0.0,0.0
2007-01-22 00:00:00-05:00,2.245942197592616,2.2856009397887664,2.2438548429872682,2.277251720428467,289500,0.0,0.0
2007-01-23 00:00:00-05:00,2.2772513311636557,2.316910265641748,2.2751639769151124,2.310648202896118,198900,0.0,0.0
2007-01-24 00:00:00-05:00,2.310648480350497,2.3169105438480533,2.298124751477548,2.306473970413208,144500,0.0,0.0
2007-01-25 00:00:00-05:00,2.3148239790702863,2.3482208662065513,2.3127366238589824,2.341958999633789,145200,0.0,0.0
2007-01-26 00:00:00-05:00,2.339871604584859,2.358657403044457,2.3169112948348767,2.344046115875244,140800,0.0,0.0
2007-01-29 00:00:00-05:00,2.3639908243900636,2.3723886521764226,2.313603857671912,2.330399513244629,205400,0.065,0.0
2007-01-30 00:00:00-05:00,2.319901933917332,2.351393734741645,2.311504107016183,2.3282997608184814,96800,0.0,0.0
2007-01-31 00:00:00-05:00,2.3283004708109876,2.3513944517764354,2.3094053044665084,2.3387978076934814,94300,0.0,0.0
2007-02-01 00:00:00-05:00,2.3408964031429296,2.342995909925081,2.305205588726294,2.3178024291992188,116400,0.0,0.0
2007-02-02 00:00:00-05:00,2.317802671455087,2.3513939826005217,2.317802671455087,2.330399513244629,95800,0.0,0.0
2007-02-05 00:00:00-05:00,2.3450960747184255,2.3576927185058594,2.328300416188485,2.3576927185058594,99800,0.0,0.0
2007-02-06 00:00:00-05:00,2.359790795439199,2.372387631810833,2.3492934651661574,2.3681886196136475,109200,0.0,0.0
2007-02-07 00:00:00-05:00,2.368189847179551,2.376587675707066,2.3366980402563753,2.355593204498291,95300,0.0,0.0
2007-02-08 00:00:00-05:00,2.3681908203974573,2.3786881604257832,2.324102152454574,2.347196340560913,155100,0.0,0.0
2007-02-09 00:00:00-05:00,2.342996567347172,2.3744885772558426,2.3324992307109484,2.3576927185058594,90300,0.0,0.0
2007-02-12 00:00:00-05:00,2.372388607242832,2.372388607242832,2.3387972967336244,2.351393938064575,74300,0.0,0.0
2007-02-13 00:00:00-05:00,2.3513935100309338,2.370288668807802,2.3136033926971646,2.3220012187957764,100800,0.0,0.0
2007-02-14 00:00:00-05:00,2.319903540173781,2.363992211985957,2.317804031939838,2.3492958545684814,90700,0.0,0.0
2007-02-15 00:00:00-05:00,2.357692482965098,2.380786661301619,2.357692482965098,2.3702893257141113,54500,0.0,0.0
2007-02-16 00:00:00-05:00,2.380786879239731,2.4122786886650016,2.3576926987891604,2.39968204498291,84500,0.0,0.0
2007-02-20 00:00:00-05:00,2.408079141782958,2.4143774617084293,2.3849849683562643,2.395482301712036,124300,0.0,0.0
2007-02-21 00:00:00-05:00,2.389184500666892,2.3954828219602256,2.342996344002394,2.361891508102417,115300,0.0,0.0
2007-02-22 00:00:00-05:00,2.3765883838000925,2.3849862148297007,2.3450965674940827,2.3639917373657227,73700,0.0,0.0
2007-02-23 00:00:00-05:00,2.3786873425068853,2.4143781661987305,2.3387977043795494,2.4143781661987305,113500,0.0,0.0
2007-02-26 00:00:00-05:00,2.417545615007001,2.417545615007001,2.3922089161452282,2.4112114906311035,65000,0.065,0.0
2007-02-27 00:00:00-05:00,2.4090994031353645,2.411210844480906,2.3858741524087965,2.400653839111328,47400,0.0,0.0
2007-02-28 00:00:00-05:00,2.381652169463302,2.4407713413238525,2.3774294865350947,2.4407713413238525,99700,0.0,0.0
2007-03-01 00:00:00-05:00,2.4407696884529866,2.4407696884529866,2.3689823150634766,2.3689823150634766,74500,0.0,0.0
2007-03-02 00:00:00-05:00,2.3710951483528575,2.423879993522154,2.3689839075783214,2.4069888591766357,79300,0.0,0.0
2007-03-05 00:00:00-05:00,2.3753165795977966,2.3964305852930097,2.3077520835460454,2.3119747638702393,107100,0.0,0.0
2007-03-06 00:00:00-05:00,2.316196219730499,2.3753151173829123,2.316196219730499,2.349978446960449,79100,0.0,0.0
2007-03-07 00:00:00-05:00,2.3373124279359927,2.3753175735473633,2.333089745844821,2.3753175735473633,62800,0.0,0.0
2007-03-08 00:00:00-05:00,2.394318715538635,2.4175439565563837,2.358425033101541,2.371093273162842,57000,0.0,0.0
2007-03-09 00:00:00-05:00,2.3922081679981817,2.404876614146188,2.3352006637274543,2.3816511631011963,85000,0.0,0.0
2007-03-12 00:00:00-04:00,2.4027659822778427,2.413322990731004,2.3816519653715194,2.4048774242401123,80200,0.0,0.0
2007-03-13 00:00:00-04:00,2.4069873056865445,2.4133216279965417,2.322531688467326,2.326754570007324,54400,0.0,0.0
2007-03-14 00:00:00-04:00,2.3415338349626866,2.352090835571289,2.32253127413881,2.352090835571289,47300,0.0,0.0
2007-03-15 00:00:00-04:00,2.3520916687962186,2.404876489180135,2.3352005423820144,2.3985421657562256,70400,0.0,0.0
2007-03-16 00:00:00-04:00,2.3858732637901454,2.406987065307335,2.3858732637901454,2.392207384109497,43400,0.0,0.0
2007-03-19 00:00:00-04:00,2.4133230544579254,2.423879861831665,2.3879863543162023,2.423879861831665,82500,0.0,0.0
2007-03-20 00:00:00-04:00,2.3985428284442203,2.415433959525237,2.3732061318226947,2.3753175735473633,68500,0.0,0.0
2007-03-21 00:00:00-04:00,2.42598950768643,2.466106070894485,2.4006528263035745,2.4090983867645264,128700,0.0,0.0
2007-03-22 00:00:00-04:00,2.413322177792152,2.419656300187095,2.3373119036203547,2.3816511631011963,167200,0.0,0.0
2007-03-23 00:00:00-04:00,2.3879866353864823,2.3879866353864823,2.328867460072502,2.358427047729492,84900,0.0,0.0
2007-03-26 00:00:00-04:00,2.3584265132773057,2.38587465244762,2.354203629701178,2.364760637283325,77300,0.0,0.0
2007-03-27 00:00:00-04:00,2.3605380498305726,2.387986190102809,2.3520924836974366,2.3858747482299805,83900,0.0,0.0
2007-03-28 00:00:00-04:00,2.3699462087191994,2.386935054460891,2.3402158299327467,2.3572046756744385,68500,0.065,0.0
2007-03-29 00:00:00-04:00,2.3699467510222934,2.378441175836876,2.344463476578545,2.355081558227539,41200,0.0,0.0
2007-03-30 00:00:00-04:00,2.3635757233963837,2.3635757233963837,2.323227058067238,2.3338451385498047,104400,0.0,0.0
2007-04-02 00:00:00-04:00,2.325351063286203,2.3805649280548096,2.3211039519702714,2.3805649280548096,58900,0.0,0.0
2007-04-03 00:00:00-04:00,2.3890609741210938,2.399679063399607,2.3784428848425807,2.3890609741210938,71000,0.0,0.0
2007-04-04 00:00:00-04:00,2.367824208762901,2.3996784687042236,2.3593297799498463,2.3996784687042236,48400,0.0,0.0
2007-04-05 00:00:00-04:00,2.3890609741210938,2.4145442668756005,2.380566543202925,2.3890609741210938,48400,0.0,0.0
2007-04-09 00:00:00-04:00,2.3720700435580415,2.3890588905780876,2.3635756200480187,2.386935234069824,70600,0.0,0.0
2007-04-10 00:00:00-04:00,2.3699452642238725,2.3933050697013676,2.3699452642238725,2.384810447692871,61900,0.0,0.0
2007-04-11 00:00:00-04:00,2.372071524431007,2.3996784687042236,2.3657007534520056,2.3996784687042236,80900,0.0,0.0
2007-04-12 00:00:00-04:00,2.37419518226506,2.3996784687042236,2.367824208762901,2.3996784687042236,62700,0.0,0.0
2007-04-13 00:00:00-04:00,2.399677404511921,2.418789911496201,2.3848120087891096,2.4102954864501953,78300,0.0,0.0
2007-04-16 00:00:00-04:00,2.406048621782115,2.406048621782115,2.3763180273100053,2.3826889991760254,105500,0.0,0.0
2007-04-17 00:00:00-04:00,2.3848125794132726,2.3933072090148926,2.3699473826566715,2.3933072090148926,75200,0.0,0.0
2007-04-18 00:00:00-04:00,2.3741941267135283,2.395430088043213,2.3699468129337506,2.395430088043213,76800,0.0,0.0
2007-04-19 00:00:00-04:00,2.3784413785795997,2.420913506272916,2.3784413785795997,2.412419080734253,80200,0.0,0.0
2007-04-20 00:00:00-04:00,2.4209129860497196,2.442149146594539,2.395429714909758,2.4357783794403076,67700,0.0,0.0
2007-04-23 00:00:00-04:00,2.4187885782310365,2.4570133686065674,2.4145412667876682,2.4570133686065674,78700,0.0,0.0
2007-04-24 00:00:00-04:00,2.4570153002666726,2.4570153002666726,2.399677968364345,2.4209139347076416,56600,0.0,0.0
2007-04-25 00:00:00-04:00,2.435779122206525,2.4485206604003906,2.4081721860890184,2.4485206604003906,89500,0.0,0.0
2007-04-26 00:00:00-04:00,2.426096118471631,2.4559952645794727,2.4175535343938575,2.453859567642212,66500,0.065,0.0
2007-04-27 00:00:00-04:00,2.430369027992753,2.453861097939129,2.417555042049295,2.4260976314544678,66400,0.0,0.0
2007-04-30 00:00:00-04:00,2.4196898123266317,2.4581315517425537,2.4111472261976847,2.4581315517425537,54800,0.0,0.0
2007-05-01 00:00:00-04:00,2.4559976860629837,2.458133385105931,2.4196916170187697,2.4325056076049805,56700,0.0,0.0
2007-05-02 00:00:00-04:00,2.428231348845383,2.428231348845383,2.3748401577001337,2.381247043609619,207200,0.0,0.0
2007-05-03 00:00:00-04:00,2.3812473055928365,2.3919255857309496,2.36629783560223,2.3705692291259766,130300,0.0,0.0
2007-05-04 00:00:00-04:00,2.362025775786998,2.3812464285508983,2.3556186878611864,2.3748395442962646,112500,0.0,0.0
2007-05-07 00:00:00-04:00,2.3791112899780273,2.396196452978093,2.3748398973924068,2.3791112899780273,90700,0.0,0.0
2007-05-08 00:00:00-04:00,2.385517863387682,2.385517863387682,2.3492118458400952,2.3662970066070557,130900,0.0,0.0
2007-05-09 00:00:00-04:00,2.3684327026207215,2.3769752830042017,2.359890122237241,2.3662970066070557,70400,0.0,0.0
2007-05-10 00:00:00-04:00,2.3620261269779617,2.3791112899780273,2.3598904306851516,2.3791112899780273,60200,0.0,0.0
2007-05-11 00:00:00-04:00,2.3748395442962646,2.3940604007313433,2.3748395442962646,2.3748395442962646,65300,0.0,0.0
2007-05-14 00:00:00-04:00,2.3748397686078166,2.3833823496445956,2.3620259988882464,2.364161491394043,63400,0.0,0.0
2007-05-15 00:00:00-04:00,2.3641631391052202,2.3727057260957833,2.3513493604550453,2.362027645111084,88400,0.0,0.0
2007-05-16 00:00:00-04:00,2.364160614036709,2.379110278056541,2.362025122323409,2.376974582672119,51000,0.0,0.0
2007-05-17 00:00:00-04:00,2.383384144743376,2.383384144743376,2.366298969801738,2.3684346675872803,41000,0.0,0.0
2007-05-18 00:00:00-04:00,2.3641616195995634,2.389789364099662,2.3641616195995634,2.3791112899780273,43600,0.0,0.0
2007-05-21 00:00:00-04:00,2.368432712519329,2.398331642150879,2.3598901321001464,2.398331642150879,80000,0.0,0.0
2007-05-22 00:00:00-04:00,2.402603034196062,2.419688195034428,2.387653569380287,2.398331642150879,64700,0.0,0.0
2007-05-23 00:00:00-04:00,2.385518846029573,2.411146597736586,2.385518846029573,2.3876545429229736,55800,0.0,0.0
2007-05-24 00:00:00-04:00,2.391927719116211,2.43464067409354,2.3855208267874706,2.391927719116211,78900,0.0,0.0
2007-05-25 00:00:00-04:00,2.4111471258011608,2.434639185759762,2.398333145305635,2.421825408935547,116000,0.0,0.0
2007-05-29 00:00:00-04:00,2.4336379262387102,2.4379339432628555,2.412158250808716,2.412158250808716,99300,0.065,0.0
2007-05-30 00:00:00-04:00,2.3992706773402124,2.41215831908671,2.3971226687673384,2.401418685913086,25800,0.0,0.0
2007-05-31 00:00:00-04:00,2.388532779629714,2.4143082889066436,2.3863847693119187,2.3906807899475098,52200,0.0,0.0
2007-06-01 00:00:00-04:00,2.3992706509671544,2.407862480318835,2.375643171461376,2.382086992263794,73600,0.0,0.0
2007-06-04 00:00:00-04:00,2.382086672844242,2.414305977381339,2.3670510247063086,2.3885304927825928,79900,0.0,0.0
2007-06-05 00:00:00-04:00,2.38638348335287,2.4121589787400657,2.38638348335287,2.3928275108337402,45500,0.0,0.0
2007-06-06 00:00:00-04:00,2.392827370719307,2.394975174908402,2.35201601844526,2.3563120365142822,147400,0.0,0.0
2007-06-07 00:00:00-04:00,2.358460914971629,2.3799406054098102,2.2639507277037545,2.266098737716675,167900,0.0,0.0
2007-06-08 00:00:00-04:00,2.2703942443655314,2.3069095902409407,2.195215747739175,2.2918739318847656,258500,0.0,0.0
2007-06-11 00:00:00-04:00,2.287576675415039,2.2983165133669923,2.257505374964016,2.287576675415039,94900,0.0,0.0
2007-06-12 00:00:00-04:00,2.274689867112023,2.2768378764584396,2.2338785089118893,2.2703938484191895,135000,0.0,0.0
2007-06-13 00:00:00-04:00,2.289725004959149,2.291873013819732,2.2446178431139043,2.2467658519744873,107300,0.0,0.0
2007-06-14 00:00:00-04:00,2.236026225420513,2.2618017196655273,2.233878216355407,2.2618017196655273,83100,0.0,0.0
2007-06-15 00:00:00-04:00,2.2746890337489925,2.2918726925339685,2.266097204356504,2.287576675415039,69000,0.0,0.0
2007-06-18 00:00:00-04:00,2.2703935510805318,2.27683757827585,2.2553578973156285,2.2618017196655273,106800,0.0,0.0
2007-06-19 00:00:00-04:00,2.2596539027603226,2.276837565493864,2.2467660532874576,2.2575058937072754,106300,0.0,0.0
2007-06-20 00:00:00-04:00,2.2618013854783423,2.2703932156238813,2.2510615465850714,2.263949394226074,81500,0.0,0.0
2007-06-21 00:00:00-04:00,2.261801407876853,2.2639494166458567,2.24032193472299,2.2489137649536133,78300,0.0,0.0
2007-06-22 00:00:00-04:00,2.248916295114289,2.2510641014543076,2.223140775423471,2.2360284328460693,60500,0.0,0.0
2007-06-25 00:00:00-04:00,2.2424722615573685,2.2446202727430085,2.233880421660429,2.2360284328460693,65800,0.0,0.0
2007-06-26 00:00:00-04:00,2.2424702705879045,2.2424702705879045,2.203807127801426,2.2081029415130615,96600,0.0,0.0
2007-06-27 00:00:00-04:00,2.207022806257826,2.2243158185456293,2.2026994501113917,2.222154140472412,67800,0.065,0.0
2007-06-28 00:00:00-04:00,2.2091830256479534,2.250253851175931,2.2091830256479534,2.2480921745300293,72200,0.0,0.0
2007-06-29 00:00:00-04:00,2.2264772407428977,2.250255078368738,2.217830735592688,2.2308003902435303,83900,0.0,0.0
2007-07-02 00:00:00-04:00,2.2156689003560475,2.22647708256318,2.2070223958201276,2.2243154048919678,75800,0.0,0.0
2007-07-03 00:00:00-04:00,2.2135062611156027,2.2329609394073486,2.2135062611156027,2.2329609394073486,45800,0.0,0.0
2007-07-05 00:00:00-04:00,2.2329613379723674,2.2437695174134897,2.2156683333261227,2.2394461631774902,134600,0.0,0.0
2007-07-06 00:00:00-04:00,2.230800419499293,2.2524167857327764,2.230800419499293,2.2502551078796387,42900,0.0,0.0
2007-07-09 00:00:00-04:00,2.2524162963233074,2.310780142633986,2.2524162963233074,2.2956488132476807,104000,0.0,0.0
2007-07-10 00:00:00-04:00,2.3021324545647692,2.3021324545647692,2.261061636159008,2.287001132965088,70400,0.0,0.0
2007-07-11 00:00:00-04:00,2.2956488132476807,2.310780142633986,2.2783558064779315,2.2956488132476807,97000,0.0,0.0
2007-07-12 00:00:00-04:00,2.315103610268389,2.315103610268389,2.291325776337976,2.3086187839508057,120100,0.0,0.0
2007-07-13 00:00:00-04:00,2.3237499209748718,2.332396424062776,2.2826790828445507,2.302133560180664,139400,0.0,0.0
2007-07-16 00:00:00-04:00,2.3021335085715138,2.3561742031966566,2.2697091742559845,2.2718708515167236,271100,0.0,0.0
2007-07-17 00:00:00-04:00,2.3042944891523214,2.3042944891523214,2.278354988312663,2.299971342086792,89600,0.0,0.0
2007-07-18 00:00:00-04:00,2.3086185921082634,2.3086185921082634,2.2848405540048558,2.302133560180664,109200,0.0,0.0
2007-07-19 00:00:00-04:00,2.3042967944357837,2.312943303365881,2.287003776575589,2.3064584732055664,127500,0.0,0.0
2007-07-20 00:00:00-04:00,2.319425813104915,2.3259108429264503,2.291324841806906,2.299971342086792,79200,0.0,0.0
2007-07-23 00:00:00-04:00,2.3237499209748718,2.3237499209748718,2.2826790828445507,2.302133560180664,100600,0.0,0.0
2007-07-24 00:00:00-04:00,2.3021327063293886,2.3021327063293886,2.2718700598204586,2.2783548831939697,72200,0.0,0.0
2007-07-25 00:00:00-04:00,2.3064569147990635,2.3086185921082634,2.2783557282261513,2.302133560180664,82100,0.0,0.0
2007-07-26 00:00:00-04:00,2.2913267612457275,2.3021347410377824,2.269710389363617,2.2913267612457275,98800,0.0,0.0
2007-07-27 00:00:00-04:00,2.292413995391918,2.3272134157710056,2.268489445736522,2.2793641090393066,67000,0.065,0.0
2007-07-30 00:00:00-04:00,2.2663136366614447,2.2837133407592773,2.2663136366614447,2.2837133407592773,138400,0.0,0.0
2007-07-31 00:00:00-04:00,2.283712572309182,2.283712572309182,2.2228136284587507,2.253262996673584,99800,0.0,0.0
2007-08-01 00:00:00-04:00,2.2336889091377405,2.238038730800979,2.1836646117752787,2.2075891494750977,88900,0.0,0.0
2007-08-02 00:00:00-04:00,2.1988899684549295,2.224989528646045,2.1967151606713196,2.220639705657959,70000,0.0,0.0
2007-08-03 00:00:00-04:00,2.2075891192116606,2.32721222091247,2.1988892685836454,2.23586368560791,101400,0.0,0.0
2007-08-06 00:00:00-04:00,2.222814720862435,2.266313987847628,2.2075898218519683,2.220639705657959,68700,0.0,0.0
2007-08-07 00:00:00-04:00,2.2054147007760854,2.2402141094207764,2.1967148486149126,2.2402141094207764,69100,0.0,0.0
2007-08-08 00:00:00-04:00,2.2380396149161195,2.25543932328426,2.2141150677651478,2.2271647453308105,59900,0.0,0.0
2007-08-09 00:00:00-04:00,2.2206405078016713,2.227165348351148,2.1967159541729626,2.2010657787323,77300,0.0,0.0
2007-08-10 00:00:00-04:00,2.1749642372122944,2.1967139625527183,1.8813439822203333,2.118415117263794,382300,0.0,0.0
2007-08-13 00:00:00-04:00,2.109716414505289,2.168440580368042,2.107541399305735,2.168440580368042,106300,0.0,0.0
2007-08-14 00:00:00-04:00,2.131465612440534,2.166265017146369,2.027067190902215,2.0705666542053223,188300,0.0,0.0
2007-08-15 00:00:00-04:00,1.9705180840476288,2.022717186393326,1.8965692520141602,1.8965692520141602,341400,0.0,0.0
2007-08-16 00:00:00-04:00,1.8704707622528076,1.8856954572211286,1.7530226116178302,1.8704707622528076,372100,0.0,0.0
2007-08-17 00:00:00-04:00,1.8922188143235057,2.066215991973877,1.8748191173005435,2.066215991973877,218300,0.0,0.0
2007-08-20 00:00:00-04:00,2.1510407569915118,2.1640904326395947,2.08144172632527,2.1358158588409424,124300,0.0,0.0
2007-08-21 00:00:00-04:00,2.1314669264153707,2.2054158107125788,2.1184170378954756,2.2010657787323,129400,0.0,0.0
2007-08-22 00:00:00-04:00,2.194538890215351,2.211938587056997,2.133639951269587,2.153214454650879,112500,0.0,0.0
2007-08-23 00:00:00-04:00,2.190190188240798,2.190190188240798,2.120591358738918,2.133641242980957,128300,0.0,0.0
2007-08-24 00:00:00-04:00,2.1314666582155364,2.177140951156616,2.1314666582155364,2.177140951156616,78400,0.0,0.0
2007-08-27 00:00:00-04:00,2.1640911785031594,2.216290313927862,2.1640911785031594,2.188015937805176,89800,0.0,0.0
2007-08-28 00:00:00-04:00,2.1532165175671896,2.164091390367215,2.1205921065880595,2.1423418521881104,74300,0.0,0.0
2007-08-29 00:00:00-04:00,2.1390569328861497,2.191602802921749,2.1390569328861497,2.145625114440918,58700,0.065,0.0
2007-08-30 00:00:00-04:00,2.1346777561967354,2.154382507354036,2.1127835418444674,2.13905668258667,78500,0.0,0.0
2007-08-31 00:00:00-04:00,2.156572047648731,2.1587613021232634,2.0186389934150757,2.1215412616729736,168400,0.0,0.0
2007-09-04 00:00:00-04:00,2.1390569328861497,2.1587614775504544,2.1171627159719533,2.145625114440918,95000,0.0,0.0
2007-09-05 00:00:00-04:00,2.132488278455521,2.1718977805013,2.1237306345340925,2.1675188541412354,61400,0.0,0.0
2007-09-06 00:00:00-04:00,2.191602838258335,2.206928665066144,2.1565722576697817,2.1872239112854004,71200,0.0,0.0
2007-09-07 00:00:00-04:00,2.187222148519512,2.2266316243193973,2.1850326867976158,2.2200634479522705,75500,0.0,0.0
2007-09-10 00:00:00-04:00,2.220065498167697,2.2266336806004956,2.1894136321500444,2.222254753112793,49100,0.0,0.0
2007-09-11 00:00:00-04:00,2.1981709539091767,2.2332015334457815,2.195981490488458,2.2113075256347656,50700,0.0,0.0
2007-09-12 00:00:00-04:00,2.211307166263959,2.213496420530167,2.1806553097514576,2.200360059738159,96800,0.0,0.0
2007-09-13 00:00:00-04:00,2.2003586464849785,2.2156844604983728,2.1916010086489592,2.2069268226623535,49400,0.0,0.0
2007-09-14 00:00:00-04:00,2.2200655532597864,2.224444272057394,2.2003607966736514,2.2134971618652344,47700,0.0,0.0
2007-09-17 00:00:00-04:00,2.220065104131227,2.2222543586877554,2.1894132435539335,2.1916027069091797,55600,0.0,0.0
2007-09-18 00:00:00-04:00,2.211306861384931,2.2397690421096845,2.200359756368439,2.2025492191314697,110400,0.0,0.0
2007-09-19 00:00:00-04:00,2.2025498516797692,2.268232083044619,2.198170924896128,2.2550957202911377,92100,0.0,0.0
2007-09-20 00:00:00-04:00,2.2507164042421266,2.255095330268425,2.2069281879725686,2.2091176509857178,75800,0.0,0.0
2007-09-21 00:00:00-04:00,2.200360375820408,2.2375804180755807,2.185034340963224,2.2047390937805176,117800,0.0,0.0
2007-09-24 00:00:00-04:00,2.22444290905153,2.2419581911071615,2.2091170894525103,2.2332005500793457,84300,0.0,0.0
2007-09-25 00:00:00-04:00,2.2200651293106084,2.255095708196984,2.211307484589015,2.2485275268554688,67500,0.0,0.0
2007-09-26 00:00:00-04:00,2.262847961316005,2.262847961316005,2.225390871839975,2.2342042922973633,72000,0.065,0.0
2007-09-27 00:00:00-04:00,2.262847961316005,2.269457974126916,2.2342042922973633,2.2342042922973633,51100,0.0,0.0
2007-09-28 00:00:00-04:00,2.2320014040695697,2.2584416715947633,2.2320014040695697,2.247424840927124,41500,0.0,0.0
2007-10-01 00:00:00-04:00,2.2474263340398224,2.265053190767295,2.243019724922308,2.2606465816497803,72200,0.0,0.0
2007-10-02 00:00:00-04:00,2.2672545664804393,2.269457974126916,2.227594069357933,2.2342042922973633,76700,0.0,0.0
2007-10-03 00:00:00-04:00,2.2430164336359506,2.2518298490673367,2.216576187341792,2.220982789993286,40400,0.0,0.0
2007-10-04 00:00:00-04:00,2.2364074898153214,2.249627725565663,2.225390871839975,2.2342042922973633,36400,0.0,0.0
2007-10-05 00:00:00-04:00,2.2452224762369166,2.258442721207917,2.227595623028026,2.2297990322113037,45700,0.0,0.0
2007-10-08 00:00:00-04:00,2.2430192214744618,2.2430192214744618,2.2231889595748,2.227595567703247,47000,0.0,0.0
2007-10-09 00:00:00-04:00,2.229797562101159,2.2584412322129412,2.229797562101159,2.2386109828948975,64100,0.0,0.0
2007-10-10 00:00:00-04:00,2.234206423950931,2.256239891052246,2.2253929950846616,2.256239891052246,67500,0.0,0.0
2007-10-11 00:00:00-04:00,2.2584431720266696,2.2694600100135167,2.249629743662933,2.2606465816497803,76900,0.0,0.0
2007-10-12 00:00:00-04:00,2.2694591085986895,2.2716625173466203,2.249628850124559,2.2628490924835205,57400,0.0,0.0
2007-10-15 00:00:00-04:00,2.2628495595022966,2.2628495595022966,2.2386124785301287,2.2518327236175537,94000,0.0,0.0
2007-10-16 00:00:00-04:00,2.249629294603472,2.258442721207917,2.227595623028026,2.2297990322113037,42000,0.0,0.0
2007-10-17 00:00:00-04:00,2.251832842420729,2.256239450929912,2.2364091873168945,2.2364091873168945,41700,0.0,0.0
2007-10-18 00:00:00-04:00,2.227596013553943,2.2650531357217116,2.227596013553943,2.2584431171417236,50600,0.0,0.0
2007-10-19 00:00:00-04:00,2.2562397075721603,2.260646526711287,2.2386128512730576,2.2584431171417236,50300,0.0,0.0
2007-10-22 00:00:00-04:00,2.227595760169851,2.251832842420729,2.220985742341738,2.2364091873168945,62600,0.0,0.0
2007-10-23 00:00:00-04:00,2.2275951829024985,2.2694591085986895,2.2275951829024985,2.2628490924835205,62000,0.0,0.0
2007-10-24 00:00:00-04:00,2.247426279422609,2.273866563871263,2.2099691572548403,2.2584431171417236,83500,0.0,0.0
2007-10-25 00:00:00-04:00,2.2694591085986895,2.2694591085986895,2.23200200039836,2.2628490924835205,94700,0.0,0.0
2007-10-26 00:00:00-04:00,2.2496292242358065,2.2694594860076904,2.2386123887926863,2.2694594860076904,68000,0.0,0.0
2007-10-29 00:00:00-04:00,2.252829357152418,2.294959159064636,2.228438563888547,2.288306951522827,120900,0.065,0.0
2007-10-30 00:00:00-04:00,2.2883070483394063,2.2927418535549124,2.2594814488280734,2.263916254043579,48000,0.0,0.0
2007-10-31 00:00:00-04:00,2.2594813059642846,2.272785509306445,2.2284385172711416,2.239525318145752,92300,0.0,0.0
2007-11-01 00:00:00-04:00,2.2616991711259606,2.2616991711259606,2.206265366875505,2.2217869758605957,86400,0.0,0.0
2007-11-02 00:00:00-04:00,2.2350893075715788,2.2395241101144823,2.2040463241603256,2.230654716491699,94900,0.0,0.0
2007-11-05 00:00:00-05:00,2.2062646052196455,2.2173514045349423,2.195177805904349,2.204047203063965,71100,0.0,0.0
2007-11-06 00:00:00-05:00,2.204046409840298,2.204046409840298,2.1574820386447904,2.1596994400024414,114900,0.0,0.0
2007-11-07 00:00:00-05:00,2.157481876276053,2.190742259748595,2.1220043030757543,2.1397430896759033,90500,0.0,0.0
2007-11-08 00:00:00-05:00,2.137526686356816,2.188525663729316,2.1197878932304604,2.1796562671661377,82800,0.0,0.0
2007-11-09 00:00:00-05:00,2.1397426890426265,2.188524448790925,2.1242213065393853,2.170785665512085,129800,0.0,0.0
2007-11-12 00:00:00-05:00,2.184091348430698,2.184091348430698,2.124222755432129,2.124222755432129,82800,0.0,0.0
2007-11-13 00:00:00-05:00,2.1286573281653203,2.1597001109644807,2.1197879314422607,2.1197879314422607,80400,0.0,0.0
2007-11-14 00:00:00-05:00,2.1197866589509218,2.1619162152296383,2.1197866589509218,2.1486120223999023,48100,0.0,0.0
2007-11-15 00:00:00-05:00,2.1109190203138337,2.166352815450691,2.1109190203138337,2.128657817840576,51600,0.0,0.0
2007-11-16 00:00:00-05:00,2.119788421768021,2.1597006105222825,2.1131362140896885,2.1419618129730225,69100,0.0,0.0
2007-11-19 00:00:00-05:00,2.13087366371773,2.1441778591954477,2.086526697897025,2.122004270553589,79300,0.0,0.0
2007-11-20 00:00:00-05:00,2.1020495689017378,2.110919179798374,2.08431077003479,2.08431077003479,71000,0.0,0.0
2007-11-21 00:00:00-05:00,2.046615277284469,2.08431026867538,2.046615277284469,2.0665714740753174,90400,0.0,0.0
2007-11-23 00:00:00-05:00,2.075438608951702,2.084307996583265,2.064352033009409,2.06878662109375,24200,0.0,0.0
2007-11-26 00:00:00-05:00,2.0931798200005836,2.0953972223545354,2.062137032897768,2.0865278244018555,141300,0.0,0.0
2007-11-27 00:00:00-05:00,2.106484271636092,2.1197884758691594,2.0732240782481512,2.0820934772491455,112700,0.0,0.0
2007-11-28 00:00:00-05:00,2.0899079231312436,2.139029751979442,2.0899079231312436,2.103304862976074,108600,0.065,0.0
2007-11-29 00:00:00-05:00,2.094373658110261,2.094373658110261,2.0564159099948185,2.0742783546447754,170600,0.0,0.0
2007-11-30 00:00:00-05:00,2.0765108879227303,2.1546590177806144,2.0765108879227303,2.1412622928619385,100400,0.0,0.0
2007-12-03 00:00:00-05:00,1.9425420977763566,2.201547682421594,1.9425420977763566,2.1926164627075195,186600,0.0,0.0
2007-12-04 00:00:00-05:00,2.165821850307087,2.2037795706195777,2.165821850307087,2.1859171390533447,55200,0.0,0.0
2007-12-05 00:00:00-05:00,2.183685242993445,2.201547682421594,2.1658228035652956,2.1926164627075195,120500,0.0,0.0
2007-12-06 00:00:00-05:00,2.208247793501884,2.210480440281166,2.190385341644287,2.190385341644287,76200,0.0,0.0
2007-12-07 00:00:00-05:00,2.1725219495263057,2.1725219495263057,2.125633188800587,2.147961139678955,107100,0.0,0.0
2007-12-10 00:00:00-05:00,2.125631783489226,2.168055011167015,2.125631783489226,2.154658079147339,99200,0.0,0.0
2007-12-11 00:00:00-05:00,2.150193389085148,2.210479073597095,2.132330948271453,2.1948494911193848,137400,0.0,0.0
2007-12-12 00:00:00-05:00,2.170287868659796,2.188150302728024,2.136795645079111,2.154658079147339,118000,0.0,0.0
2007-12-13 00:00:00-05:00,2.132330608396158,2.185917922295882,2.132330608396158,2.183685064315796,95300,0.0,0.0
2007-12-14 00:00:00-05:00,2.1479597553034533,2.1769862643809748,2.1345630359981445,2.1613566875457764,115700,0.0,0.0
2007-12-17 00:00:00-05:00,2.147959719606006,2.176986228201129,2.147959719606006,2.154658079147339,120300,0.0,0.0
2007-12-18 00:00:00-05:00,2.154658481046322,2.154658481046322,2.054182217436891,2.0854415893554688,238700,0.0,0.0
2007-12-19 00:00:00-05:00,2.0541827948983102,2.147960724079367,2.0430187151506396,2.1390295028686523,142700,0.0,0.0
2007-12-20 00:00:00-05:00,2.1390282104465905,2.2082452927108123,2.12116577881782,2.1635890007019043,134200,0.0,0.0
2007-12-21 00:00:00-05:00,2.185917962071684,2.185917962071684,2.1211665700303453,2.1256322860717773,203400,0.0,0.0
2007-12-24 00:00:00-05:00,2.1211669925468213,2.1434951513274187,2.1010716922317045,2.1412622928619385,43400,0.0,0.0
2007-12-26 00:00:00-05:00,2.1211657713915044,2.1881499962333693,2.1211657713915044,2.1859171390533447,153300,0.0,0.0
2007-12-27 00:00:00-05:00,2.1780282420385544,2.1983204653533113,2.139698534671518,2.1645002365112305,137500,0.095,0.0
2007-12-28 00:00:00-05:00,2.144206627104436,2.144206627104436,2.11715041851612,2.130678415298462,134400,0.0,0.0
2007-12-31 00:00:00-05:00,2.1329333208628065,2.1938097412186592,2.1306785828805324,2.1667535305023193,169800,0.0,0.0
2008-01-02 00:00:00-05:00,2.1644996916284773,2.2095933904074627,2.162244952933599,2.198319911956787,72800,0.0,0.0
2008-01-03 00:00:00-05:00,2.182536072645998,2.2456672191619873,2.182536072645998,2.2456672191619873,103800,0.0,0.0
2008-01-04 00:00:00-05:00,2.247922356730669,2.2546863555908203,2.2141019323826185,2.2546863555908203,66000,0.0,0.0
2008-01-07 00:00:00-05:00,2.2546869630546014,2.2862526579458997,2.241158746665844,2.2682151794433594,75200,0.0,0.0
2008-01-08 00:00:00-05:00,2.2907619200596825,2.29527139719717,2.1983197889782367,2.2682151794433594,105000,0.0,0.0
2008-01-09 00:00:00-05:00,2.2885062458086147,2.2997797190193383,2.198318890170059,2.263704776763916,140800,0.0,0.0
2008-01-10 00:00:00-05:00,2.2659601380678214,2.288506875671159,2.232139709127301,2.2749788761138916,92000,0.0,0.0
2008-01-11 00:00:00-05:00,2.2772339186946295,2.29527139719717,2.247922962372075,2.2682151794433594,81600,0.0,0.0
2008-01-14 00:00:00-05:00,2.2975236994694255,2.3042879086359402,2.2727222442626953,2.2727222442626953,88300,0.0,0.0
2008-01-15 00:00:00-05:00,2.277232687915492,2.331345094176905,2.2704684758651235,2.3290903568267822,102100,0.0,0.0
2008-01-16 00:00:00-05:00,2.184790474573034,2.403495060280974,2.184790474573034,2.376438856124878,154100,0.0,0.0
2008-01-17 00:00:00-05:00,2.3989863454513918,2.3989863454513918,2.220866133022838,2.256941080093384,138600,0.0,0.0
2008-01-18 00:00:00-05:00,2.2546859543785573,2.313307840798066,2.2434124816019425,2.2456672191619873,133300,0.0,0.0
2008-01-22 00:00:00-05:00,2.171265155205999,2.367423038290023,2.1645011495889945,2.218613624572754,164900,0.0,0.0
2008-01-23 00:00:00-05:00,2.254685986070514,2.3674202853740396,2.2253750424487637,2.356146812438965,95100,0.0,0.0
2008-01-24 00:00:00-05:00,2.367420572890319,2.367420572890319,2.2569409977611103,2.2952706813812256,123900,0.0,0.0
2008-01-25 00:00:00-05:00,2.3403633420650767,2.3493820745672647,2.265958745166137,2.299778938293457,91100,0.0,0.0
2008-01-28 00:00:00-05:00,2.3087981379995473,2.367420018638153,2.2907606693451434,2.3313450813293457,120400,0.0,0.0
2008-01-29 00:00:00-05:00,2.3574383322981594,2.377858693644089,2.337017754568368,2.3597071170806885,104000,0.065,0.0
2008-01-30 00:00:00-05:00,2.361975872941021,2.377858446688526,2.3483623001242564,2.357438087463379,55300,0.0,0.0
2008-01-31 00:00:00-05:00,2.3665138748025014,2.377858446688526,2.3529000856018984,2.357438087463379,71700,0.0,0.0
2008-02-01 00:00:00-05:00,2.366514982681486,2.3801285618714187,2.3302118163297445,2.3483633995056152,47900,0.0,0.0
2008-02-04 00:00:00-05:00,2.357438744663365,2.3823971127078147,2.323404370365771,2.3755903244018555,87100,0.0,0.0
2008-02-05 00:00:00-05:00,2.3778593852093266,2.3801283870356227,2.3302116451606554,2.3324804306030273,61000,0.0,0.0
2008-02-06 00:00:00-05:00,2.3120593049205658,2.4050864105351373,2.2961767286276777,2.3007147312164307,79400,0.0,0.0
2008-02-07 00:00:00-05:00,2.30525372689726,2.3892048713801897,2.3029847244124277,2.3529016971588135,38500,0.0,0.0
2008-02-08 00:00:00-05:00,2.3234038608199206,2.3529002255220925,2.2939074961177486,2.302983283996582,75800,0.0,0.0
2008-02-11 00:00:00-05:00,2.314328175672187,2.3597071170806885,2.307521388556877,2.3597071170806885,116700,0.0,0.0
2008-02-12 00:00:00-05:00,2.3665151493519536,2.4436594914745458,2.3483635648976917,2.414163112640381,143600,0.0,0.0
2008-02-13 00:00:00-05:00,2.4050857731539974,2.4164303438516637,2.3823961989910325,2.4028167724609375,82000,0.0,0.0
2008-02-14 00:00:00-05:00,2.4096229994122806,2.4096229994122806,2.2939065875043814,2.3279409408569336,154800,0.0,0.0
2008-02-15 00:00:00-05:00,2.3052521479755446,2.3687826593494035,2.3052521479755446,2.357438087463379,105200,0.0,0.0
2008-02-19 00:00:00-05:00,2.357437884773352,2.368782455683982,2.3279415243613095,2.36197566986084,98500,0.0,0.0
2008-02-20 00:00:00-05:00,2.321135989754576,2.343825578689575,2.2961776150332427,2.343825578689575,102900,0.0,0.0
2008-02-21 00:00:00-05:00,2.3733210198146484,2.37785880597794,2.3143282850047546,2.32340407371521,98600,0.0,0.0
2008-02-22 00:00:00-05:00,2.355169653350984,2.3665144443511963,2.3143284923037766,2.3665144443511963,85800,0.0,0.0
2008-02-25 00:00:00-05:00,2.37785955987845,2.37785955987845,2.3438253955196777,2.3483633995056152,117200,0.0,0.0
2008-02-26 00:00:00-05:00,2.361976531406038,2.3755903244018555,2.3438249516675476,2.3755903244018555,104400,0.0,0.0
2008-02-27 00:00:00-05:00,2.390431856086252,2.3972811698913574,2.374449833559993,2.3972811698913574,99200,0.065,0.0
2008-02-28 00:00:00-05:00,2.397280643653608,2.4201119749731657,2.3858649779938297,2.4178287982940674,97500,0.0,0.0
2008-02-29 00:00:00-05:00,2.4132613732982775,2.454357664329896,2.4086952397034396,2.433809518814087,119700,0.0,0.0
2008-03-03 00:00:00-05:00,2.4543589145063396,2.4566420913345475,2.397280800215494,2.420112133026123,96200,0.0,0.0
2008-03-04 00:00:00-05:00,2.440659351057971,2.452075014094634,2.397280092801446,2.413261890411377,175100,0.0,0.0
2008-03-05 00:00:00-05:00,2.4201113693093674,2.4383763426996854,2.369882583618164,2.369882583618164,119100,0.0,0.0
2008-03-06 00:00:00-05:00,2.3721649212266063,2.3721649212266063,2.3379179449234417,2.347050428390503,68100,0.0,0.0
2008-03-07 00:00:00-05:00,2.33106830611611,2.3927125063412054,2.328785131139297,2.363032102584839,126200,0.0,0.0
2008-03-10 00:00:00-04:00,2.5114371030739635,2.5114371030739635,2.328787088394165,2.328787088394165,157600,0.0,0.0
2008-03-11 00:00:00-04:00,2.374448922607788,2.420111577752138,2.3287864851991147,2.4155452251434326,118400,0.0,0.0
2008-03-12 00:00:00-04:00,2.5114358921841755,2.534267214661919,2.399562891061613,2.4429421424865723,207300,0.0,0.0
2008-03-13 00:00:00-04:00,2.45892470398343,2.461207662552106,2.4086959139660507,2.4155452251434326,157200,0.0,0.0
2008-03-14 00:00:00-04:00,2.4178270923072698,2.4657726800599984,2.41554391723915,2.431525707244873,139800,0.0,0.0
2008-03-17 00:00:00-04:00,2.4315276536091353,2.4749071436851504,2.328787088394165,2.328787088394165,328800,0.0,0.0
2008-03-18 00:00:00-04:00,2.344769401159283,2.424678642847539,2.344769401159283,2.3972811698913574,98900,0.0,0.0
2008-03-19 00:00:00-04:00,2.4406585674866674,2.458923753122704,2.3516169034059007,2.4086949825286865,152400,0.0,0.0
2008-03-20 00:00:00-04:00,2.440659999847412,2.440659999847412,2.4201120622020493,2.440659999847412,77200,0.0,0.0
2008-03-24 00:00:00-04:00,2.511434896041525,2.511434896041525,2.4315255168005323,2.4566400051116943,121200,0.0,0.0
2008-03-25 00:00:00-04:00,2.4703394776701604,2.504586459707264,2.465773344039917,2.465773344039917,128100,0.0,0.0
2008-03-26 00:00:00-04:00,2.504586841324585,2.504586841324585,2.4612073676817605,2.4749062061309814,110000,0.0,0.0
2008-03-27 00:00:00-04:00,2.501319421244476,2.501319421244476,2.4622721779899965,2.480647325515747,107200,0.065,0.0
2008-03-28 00:00:00-04:00,2.469163448280941,2.469163448280941,2.4094440937042236,2.4094440937042236,143400,0.0,0.0
2008-03-31 00:00:00-04:00,2.42781921539539,2.4576788923069994,2.3933658599853516,2.3933658599853516,105200,0.0,0.0
2008-04-01 00:00:00-04:00,2.450789482746976,2.450789482746976,2.393367049166305,2.4117422103881836,104900,0.0,0.0
2008-04-02 00:00:00-04:00,2.4163357269094212,2.4760548818825416,2.4163357269094212,2.4599766731262207,74200,0.0,0.0
2008-04-03 00:00:00-04:00,2.4829457305345355,2.501320888841521,2.4347108852164068,2.4599766731262207,113800,0.0,0.0
2008-04-04 00:00:00-04:00,2.501319603686352,2.5036163330078125,2.4714599320168356,2.5036163330078125,85000,0.0,0.0
2008-04-07 00:00:00-04:00,2.5013205589102614,2.5265863434874465,2.49442971116719,2.5219924449920654,138700,0.0,0.0
2008-04-08 00:00:00-04:00,2.521993617476472,2.521993617476472,2.496727821153122,2.505915403366089,93500,0.0,0.0
2008-04-09 00:00:00-04:00,2.5036180975021027,2.5128056784103063,2.4668677738692892,2.496727466583252,64600,0.0,0.0
2008-04-10 00:00:00-04:00,2.5219914818738145,2.5219914818738145,2.487538132512324,2.5036163330078125,74600,0.0,0.0
2008-04-11 00:00:00-04:00,2.510509278249147,2.515102959783898,2.4852432631356893,2.5082123279571533,84000,0.0,0.0
2008-04-14 00:00:00-04:00,2.5196957147935115,2.5265863434874465,2.499023609662571,2.5219924449920654,119500,0.0,0.0
2008-04-15 00:00:00-04:00,2.5219921334548223,2.5380705571533797,2.5151015056120745,2.5288829803466797,99800,0.0,0.0
2008-04-16 00:00:00-04:00,2.5564460067922794,2.5725242133035144,2.5403678002810444,2.561039686203003,122300,0.0,0.0
2008-04-17 00:00:00-04:00,2.556445494191456,2.5702267487094397,2.526585817337036,2.526585817337036,160800,0.0,0.0
2008-04-18 00:00:00-04:00,2.5380708510511147,2.584008740404026,2.524289374720674,2.561039686203003,88900,0.0,0.0
2008-04-21 00:00:00-04:00,2.581709722883204,2.6138663291931152,2.581709722883204,2.6138663291931152,200700,0.0,0.0
2008-04-22 00:00:00-04:00,2.6138663237273256,2.634538412094116,2.595491182745503,2.634538412094116,160800,0.0,0.0
2008-04-23 00:00:00-04:00,2.6368351459439436,2.6391320933337146,2.6138663291931152,2.6138663291931152,218400,0.0,0.0
2008-04-24 00:00:00-04:00,2.643726987083495,2.646023935341201,2.6000858463832577,2.6299455165863037,147700,0.0,0.0
2008-04-25 00:00:00-04:00,2.641431358777201,2.6850723022362413,2.6299468307987746,2.67588472366333,151900,0.0,0.0
2008-04-28 00:00:00-04:00,2.7116854809918376,2.7116854809918376,2.605435442745028,2.628533363342285,224900,0.065,0.0
2008-04-29 00:00:00-04:00,2.6493213182428375,2.702446224628794,2.6216039470486754,2.635462522506714,214200,0.0,0.0
2008-04-30 00:00:00-04:00,2.649322309018896,2.6932081080855856,2.6354635080999493,2.64701247215271,197600,0.0,0.0
2008-05-01 00:00:00-04:00,2.707067050127862,2.707067050127862,2.607746262485817,2.6262245178222656,175400,0.0,0.0
2008-05-02 00:00:00-04:00,2.630843654907039,2.6793491203360267,2.626223981876595,2.64239239692688,156700,0.0,0.0
2008-05-05 00:00:00-04:00,2.677039631843524,2.7070668496106287,2.6423927404454055,2.7024471759796143,181500,0.0,0.0
2008-05-06 00:00:00-04:00,2.71399602187478,2.71399602187478,2.6562514256646783,2.6701102256774902,130700,0.0,0.0
2008-05-07 00:00:00-04:00,2.670108390194859,2.693206080634222,2.65624959970884,2.6654887199401855,94300,0.0,0.0
2008-05-08 00:00:00-04:00,2.6631797077364765,2.672418830822715,2.6100548050601238,2.6192939281463623,103900,0.0,0.0
2008-05-09 00:00:00-04:00,2.6539429042608877,2.7024483979281375,2.6354646419379604,2.6885898113250732,115300,0.0,0.0
2008-05-12 00:00:00-04:00,2.6978268132242014,2.6978268132242014,2.568478858773442,2.5800278186798096,295300,0.0,0.0
2008-05-13 00:00:00-04:00,2.5892675411903228,2.6100556297723925,2.452990267399547,2.4807076454162598,307700,0.0,0.0
2008-05-14 00:00:00-04:00,2.480707634026272,2.515354521596689,2.4298925513680154,2.4553000926971436,184100,0.0,0.0
2008-05-15 00:00:00-04:00,2.526902492011048,2.526902492011048,2.4737775890192313,2.524592876434326,149800,0.0,0.0
2008-05-16 00:00:00-04:00,2.5500022035065872,2.584648884584396,2.5292141067486114,2.556931495666504,166800,0.0,0.0
2008-05-19 00:00:00-04:00,2.656251083484581,2.656251083484581,2.593886821877965,2.6493217945098877,221700,0.0,0.0
2008-05-20 00:00:00-04:00,2.6493208904073273,2.6631794636273622,2.5915763213417327,2.6054348945617676,115600,0.0,0.0
2008-05-21 00:00:00-04:00,2.6447021461518956,2.6793490319022766,2.6054358078016735,2.6216044425964355,119000,0.0,0.0
2008-05-22 00:00:00-04:00,2.6285331060433954,2.6447015167119425,2.559239571312648,2.589266777038574,143100,0.0,0.0
2008-05-23 00:00:00-04:00,2.5569311555632734,2.575409412384033,2.545382410258946,2.575409412384033,97800,0.0,0.0
2008-05-27 00:00:00-04:00,2.589267562988304,2.619294777828731,2.5800284369049526,2.5985066890716553,106900,0.0,0.0
2008-05-28 00:00:00-04:00,2.5950217716715995,2.620576964330879,2.5926985119139623,2.613607406616211,94700,0.065,0.0
2008-05-29 00:00:00-04:00,2.608961427655207,2.690273763553779,2.6043151287355037,2.641486406326294,159400,0.0,0.0
2008-05-30 00:00:00-04:00,2.6484536541843227,2.6484536541843227,2.548555988229158,2.555525541305542,109500,0.0,0.0
2008-06-02 00:00:00-04:00,2.5555279044146855,2.5903759235788377,2.5439118241738674,2.5462350845336914,98900,0.0,0.0
2008-06-03 00:00:00-04:00,2.5857299274272485,2.5857299274272485,2.5532049432531654,2.5741138458251953,57600,0.0,0.0
2008-06-04 00:00:00-04:00,2.5903737194558634,2.597343494604824,2.569465058683323,2.57643461227417,63500,0.0,0.0
2008-06-05 00:00:00-04:00,2.5926986202601596,2.6112842559814453,2.5880523221089655,2.6112842559814453,47200,0.0,0.0
2008-06-06 00:00:00-04:00,2.6019911730134933,2.6066376922495254,2.5950216157176773,2.5973448753356934,48900,0.0,0.0
2008-06-09 00:00:00-04:00,2.6136097245420395,2.6484577655792236,2.5950240731144163,2.6484577655792236,59000,0.0,0.0
2008-06-10 00:00:00-04:00,2.6368408328337245,2.6368408328337245,2.518357186748064,2.5346195697784424,169800,0.0,0.0
2008-06-11 00:00:00-04:00,2.550880294258084,2.5764357041852697,2.5230018465215056,2.539264440536499,58400,0.0,0.0
2008-06-12 00:00:00-04:00,2.5973448024216457,2.6391623665808486,2.5230020476397477,2.5694663524627686,107400,0.0,0.0
2008-06-13 00:00:00-04:00,2.611283993531884,2.611283993531884,2.5671431685198094,2.6019911766052246,81500,0.0,0.0
2008-06-16 00:00:00-04:00,2.6228999928277266,2.627546511933319,2.546234200051258,2.5694663524627686,123600,0.0,0.0
2008-06-17 00:00:00-04:00,2.57875896355287,2.5857285200974625,2.4974466581525276,2.539264440536499,164100,0.0,0.0
2008-06-18 00:00:00-04:00,2.5183564501823836,2.6484559194907864,2.497447551511104,2.6182544231414795,136500,0.0,0.0
2008-06-19 00:00:00-04:00,2.648455510906255,2.648455510906255,2.5044167241854973,2.509063243865967,122700,0.0,0.0
2008-06-20 00:00:00-04:00,2.499769990684571,2.567142963409424,2.478861098880614,2.567142963409424,103600,0.0,0.0
2008-06-23 00:00:00-04:00,2.599669210489125,2.6019924712663216,2.527649898862763,2.536942720413208,93200,0.0,0.0
2008-06-24 00:00:00-04:00,2.5415879275911935,2.5415879275911935,2.4858310222625732,2.4858310222625732,118600,0.0,0.0
2008-06-25 00:00:00-04:00,2.523000812952309,2.523000812952309,2.4881528229469203,2.511384963989258,101500,0.0,0.0
2008-06-26 00:00:00-04:00,2.5452765327068065,2.5452765327068065,2.50086846243203,2.5032057762145996,83300,0.065,0.0
2008-06-27 00:00:00-04:00,2.5032066766669248,2.5078810830150284,2.388680934906006,2.388680934906006,150500,0.0,0.0
2008-06-30 00:00:00-04:00,2.381666856751364,2.381666856751364,2.2764902448372255,2.292851209640503,310500,0.0,0.0
2008-07-01 00:00:00-04:00,2.1946873268005755,2.2788286106423747,2.152616573430429,2.262467861175537,251900,0.0,0.0
2008-07-02 00:00:00-04:00,2.185339179096365,2.3559591293942383,2.185339179096365,2.33492374420166,139500,0.0,0.0
2008-07-03 00:00:00-04:00,2.3372608990655754,2.4237395255831733,2.3372608990655754,2.405041456222534,79800,0.0,0.0
2008-07-07 00:00:00-04:00,2.458796716280077,2.458796716280077,2.3138864538025756,2.3466081619262695,114400,0.0,0.0
2008-07-08 00:00:00-04:00,2.3419355220350453,2.400367044366476,2.3209001383319596,2.3442726135253906,68400,0.0,0.0
2008-07-09 00:00:00-04:00,2.310161540494533,2.4136719624055143,2.2795789260368577,2.368974208831787,115300,0.065,0.0
2008-07-10 00:00:00-04:00,2.3266305948511685,2.427788290729807,2.30310542407791,2.4207308292388916,57600,0.0,0.0
2008-07-11 00:00:00-04:00,2.418375481161854,2.434843171472324,2.3619154055749774,2.4254331588745117,51000,0.0,0.0
2008-07-14 00:00:00-04:00,2.4254345171007965,2.4254345171007965,2.305456621027607,2.331334114074707,91400,0.0,0.0
2008-07-15 00:00:00-04:00,2.331333381453577,2.331333381453577,2.049032709793294,2.1643054485321045,289200,0.0,0.0
2008-07-16 00:00:00-04:00,2.161953202083312,2.3007511103922296,2.1407808337307097,2.2842836380004883,129400,0.0,0.0
2008-07-17 00:00:00-04:00,2.2419374685183833,2.3713253037598343,2.2419374685183833,2.357210397720337,91000,0.0,0.0
2008-07-18 00:00:00-04:00,2.326629061975994,2.3642691309323185,2.326629061975994,2.3548591136932373,37500,0.0,0.0
2008-07-21 00:00:00-04:00,2.366621380888712,2.373678836804134,2.3430962287006665,2.350153684616089,54400,0.0,0.0
2008-07-22 00:00:00-04:00,2.350153684616089,2.3548588047946892,2.3242761966912218,2.350153684616089,68600,0.0,0.0
2008-07-23 00:00:00-04:00,2.368973365286627,2.368973365286627,2.3266284117217326,2.3595633506774902,96800,0.0,0.0
2008-07-24 00:00:00-04:00,2.361917440781443,2.3666225633108366,2.279579591337773,2.2936947345733643,90600,0.0,0.0
2008-07-25 00:00:00-04:00,2.2889886597730444,2.352506441379489,2.2584062734653085,2.3383913040161133,78100,0.0,0.0
2008-07-28 00:00:00-04:00,2.296045322608693,2.350152839080992,2.2701676196415956,2.340742826461792,87000,0.0,0.0
2008-07-29 00:00:00-04:00,2.3525063995711983,2.427786532564679,2.3525063995711983,2.423081636428833,91200,0.0,0.0
2008-07-30 00:00:00-04:00,2.423082864709379,2.467780410243687,2.411320281878475,2.434845447540283,64300,0.0,0.0
2008-07-31 00:00:00-04:00,2.463074607062139,2.470132064427511,2.3054566383361816,2.3054566383361816,104700,0.0,0.0
2008-08-01 00:00:00-04:00,2.3642691309323185,2.376031708569297,2.3195713807823024,2.3548591136932373,43900,0.0,0.0
2008-08-04 00:00:00-04:00,2.3195704528168006,2.387793106595165,2.2983980907634476,2.3478004932403564,78300,0.0,0.0
2008-08-05 00:00:00-04:00,2.387793510925192,2.387793510925192,2.3289808606624782,2.3760311603546143,59300,0.0,0.0
2008-08-06 00:00:00-04:00,2.3807357451177564,2.3830883046659355,2.352505703596885,2.371325731277466,79000,0.0,0.0
2008-08-07 00:00:00-04:00,2.377246061278278,2.3796138904427755,2.353568221250542,2.355936050415039,54500,0.065,0.0
2008-08-08 00:00:00-04:00,2.355935148461436,2.3748773229082967,2.3511997177539867,2.360670804977417,38500,0.0,0.0
2008-08-11 00:00:00-04:00,2.3677743664753246,2.4269687256372077,2.3251543556200294,2.329890012741089,62800,0.0,0.0
2008-08-12 00:00:00-04:00,2.370142200723524,2.4032908974162477,2.32278675844209,2.393819808959961,85400,0.0,0.0
2008-08-13 00:00:00-04:00,2.391452625703123,2.391452625703123,2.3298904270339382,2.348832607269287,48600,0.0,0.0
2008-08-14 00:00:00-04:00,2.3677756531660448,2.3677756531660448,2.348833466005411,2.351201295852661,56500,0.0,0.0
2008-08-15 00:00:00-04:00,2.355935148461436,2.367774063942857,2.3488318894959965,2.360670804977417,32300,0.0,0.0
2008-08-18 00:00:00-04:00,2.400924453973806,2.410395547003324,2.3677755154661586,2.389085531234741,69100,0.0,0.0
2008-08-19 00:00:00-04:00,2.4080282813748326,2.438809397383415,2.3819828258946734,2.398557186126709,60900,0.0,0.0
2008-08-20 00:00:00-04:00,2.3938188139608414,2.403289898480439,2.3677733879840646,2.377244472503662,54500,0.0,0.0
2008-08-21 00:00:00-04:00,2.3559345277799078,2.384347781964599,2.3559345277799078,2.3701412677764893,55700,0.0,0.0
2008-08-22 00:00:00-04:00,2.3796123000856784,2.4009222967068893,2.3677733879840646,2.377244472503662,37300,0.0,0.0
2008-08-25 00:00:00-04:00,2.3772460402539197,2.4624858571443977,2.3772460402539197,2.3914527893066406,72100,0.0,0.0
2008-08-26 00:00:00-04:00,2.3914537188241947,2.4269702665477535,2.38435022863252,2.403292417526245,92500,0.0,0.0
2008-08-27 00:00:00-04:00,2.450646312713568,2.450646312713568,2.4151295653097478,2.4293363094329834,70000,0.0,0.0
2008-08-28 00:00:00-04:00,2.469588646785613,2.5453573515018144,2.4459108136575245,2.483795166015625,123000,0.0,0.0
2008-08-29 00:00:00-04:00,2.519312816822506,2.528783908299677,2.48616388374809,2.5027382373809814,69400,0.0,0.0
2008-09-02 00:00:00-04:00,2.531150842002476,2.5714030265808105,2.51931215014532,2.5714030265808105,162300,0.0,0.0
2008-09-03 00:00:00-04:00,2.597449295215731,2.642436921846989,2.5571971012678887,2.609288215637207,178200,0.0,0.0
2008-09-04 00:00:00-04:00,2.6282293516106274,2.64480369811677,2.569034998878933,2.5761382579803467,78000,0.0,0.0
2008-09-05 00:00:00-04:00,2.599817419608124,2.6021852493286133,2.5571976136826713,2.6021852493286133,70400,0.0,0.0
2008-09-08 00:00:00-04:00,2.7253083469262336,2.7253083469262336,2.533518524102781,2.580873966217041,158700,0.0,0.0
2008-09-09 00:00:00-04:00,2.602181869131446,2.6519050996285984,2.592710788360958,2.5974464416503906,123400,0.0,0.0
2008-09-10 00:00:00-04:00,2.6343671246297413,2.6796228777278555,2.605784280704732,2.6200757026672363,130500,0.065,0.0
2008-09-11 00:00:00-04:00,2.636750163065829,2.686769824320811,2.6200770183656887,2.665332794189453,78300,0.0,0.0
2008-09-12 00:00:00-04:00,2.6367503009290845,2.6367503009290845,2.520037827616634,2.560529947280884,154500,0.0,0.0
2008-09-15 00:00:00-04:00,2.5605289441559456,2.5605289441559456,2.422379493713379,2.422379493713379,132000,0.0,0.0
2008-09-16 00:00:00-04:00,2.3818879010489766,2.498600353683289,2.3413957885587817,2.4533445835113525,159700,0.0,0.0
2008-09-17 00:00:00-04:00,2.3604519137885482,2.4462000613923345,2.1675190359892933,2.1722826957702637,315300,0.0,0.0
2008-09-18 00:00:00-04:00,2.148463327888176,2.3318686064992393,2.1436994423155054,2.3247230052948,215900,0.0,0.0
2008-09-19 00:00:00-04:00,2.6796251108179545,2.6796251108179545,2.3890345907526207,2.493837833404541,150700,0.0,0.0
2008-09-22 00:00:00-04:00,2.5128912880448264,2.5248007706445104,2.4628716428497444,2.489072322845459,98800,0.0,0.0
2008-09-23 00:00:00-04:00,2.4890730711643596,2.498600614677585,2.3937976360321045,2.3937976360321045,81900,0.0,0.0
2008-09-24 00:00:00-04:00,2.3937978559535895,2.450963122284794,2.3580693941306548,2.4295260906219482,79000,0.0,0.0
2008-09-25 00:00:00-04:00,2.384269513296046,2.5248009163420235,2.343777406413154,2.510509490966797,109100,0.0,0.0
2008-09-26 00:00:00-04:00,2.3985599543907408,2.4890716807843725,2.3652136842987486,2.3842687606811523,156300,0.0,0.0
2008-09-29 00:00:00-04:00,2.450961560566289,2.4533435019343264,2.262792508425503,2.331867218017578,193700,0.0,0.0
2008-09-30 00:00:00-04:00,2.358069295685229,2.3818882692394503,2.3223410625084644,2.3247230052948,128700,0.0,0.0
2008-10-01 00:00:00-04:00,2.3318680230408555,2.429525381300024,2.3104309976367436,2.369978189468384,66500,0.0,0.0
2008-10-02 00:00:00-04:00,2.422380783940566,2.4271444431373173,2.281849316740054,2.3223414421081543,146200,0.0,0.0
2008-10-03 00:00:00-04:00,2.2770837756322515,2.3937961689274627,2.2770837756322515,2.298520565032959,77500,0.0,0.0
2008-10-06 00:00:00-04:00,2.3104313257198945,2.405706982472447,2.1436992103461057,2.3604509830474854,211000,0.0,0.0
2008-10-07 00:00:00-04:00,2.3032857857213997,2.3294864727596605,2.143699266591657,2.1460812091827393,219800,0.0,0.0
2008-10-08 00:00:00-04:00,2.072905259894963,2.1040948328467493,1.6314531947391255,2.0992963314056396,614000,0.065,0.0
2008-10-09 00:00:00-04:00,2.1328848381160346,2.147279882689873,1.9793362468960758,2.041715383529663,183100,0.0,0.0
2008-10-10 00:00:00-04:00,1.7993980273604393,1.9553457648762276,1.6554462080521333,1.9193578958511353,329800,0.0,0.0
2008-10-13 00:00:00-04:00,2.147281672291083,2.238451202860547,1.979337896528511,2.204862356185913,207900,0.0,0.0
2008-10-14 00:00:00-04:00,2.327220527913128,2.4207892725235096,2.2120592072897707,2.226454257965088,226600,0.0,0.0
2008-10-15 00:00:00-04:00,2.2432482784608054,2.2456473004907487,2.099296431627167,2.118489980697632,95900,0.0,0.0
2008-10-16 00:00:00-04:00,2.118489980697632,2.180869129579219,2.0657076063512774,2.118489980697632,100600,0.0,0.0
2008-10-17 00:00:00-04:00,2.118490644274179,2.152079480071127,2.0393171723576526,2.1448817253112793,68900,0.0,0.0
2008-10-20 00:00:00-04:00,2.2552444120297945,2.4351841330578696,2.233651837702783,2.3200228214263916,83300,0.0,0.0
2008-10-21 00:00:00-04:00,2.3728061777222207,2.3728061777222207,2.216858218196483,2.332019805908203,118000,0.0,0.0
2008-10-22 00:00:00-04:00,2.2192566395011513,2.3704060380805556,2.2072606119049705,2.255244493484497,102200,0.0,0.0
2008-10-23 00:00:00-04:00,2.255244493484497,2.351212485448745,2.2144581369406007,2.255244493484497,62400,0.0,0.0
2008-10-24 00:00:00-04:00,2.24324931496235,2.7542780810926235,2.219257253136073,2.2720396518707275,89100,0.0,0.0
2008-10-27 00:00:00-04:00,2.2744385428224643,2.31282588527455,2.1832692623138428,2.1832692623138428,103400,0.0,0.0
2008-10-28 00:00:00-04:00,2.188066206106195,2.3056267273383395,2.1832679342217736,2.2144572734832764,115300,0.0,0.0
2008-10-29 00:00:00-04:00,2.1952645935392177,2.298430110972876,2.1952645935392177,2.2912325859069824,75500,0.0,0.0
2008-10-30 00:00:00-04:00,2.303228510398035,2.303228510398035,2.212059024694239,2.224055051803589,40000,0.0,0.0
2008-10-31 00:00:00-04:00,2.1664731458878155,2.315223217010498,2.130485310334212,2.315223217010498,80900,0.0,0.0
2008-11-03 00:00:00-05:00,2.3967968881655004,2.40159539027042,2.346413760089716,2.375204086303711,85500,0.0,0.0
2008-11-04 00:00:00-05:00,2.3872008330975176,2.4591767847537995,2.2168578466599227,2.3991968631744385,177000,0.0,0.0
2008-11-05 00:00:00-05:00,2.3919995860119045,2.3919995860119045,2.219257329789817,2.351213216781616,89100,0.0,0.0
2008-11-06 00:00:00-05:00,2.279236207126608,2.3344176054726695,2.221655557859806,2.236050605773926,68400,0.0,0.0
2008-11-07 00:00:00-05:00,2.231252904940607,2.351212736079293,2.226454401868554,2.3272206783294678,68300,0.0,0.0
2008-11-10 00:00:00-05:00,2.4636883999285333,2.4636883999285333,2.246304217421094,2.2825348377227783,114000,0.065,0.0
2008-11-11 00:00:00-05:00,2.253549337387085,2.2777032275523963,2.2390571875667526,2.253549337387085,43300,0.0,0.0
2008-11-12 00:00:00-05:00,2.241475297755886,2.2704598653155768,2.217321606630577,2.2197368144989014,72400,0.0,0.0
2008-11-13 00:00:00-05:00,2.2197358422901945,2.294612781786147,2.200412805713581,2.222151279449463,50600,0.0,0.0
2008-11-14 00:00:00-05:00,2.200412297938875,2.231812282717095,2.185920139025058,2.2269816398620605,107600,0.0,0.0
2008-11-17 00:00:00-05:00,2.202827612588887,2.2463045476208143,2.2004121761207354,2.212489128112793,34900,0.0,0.0
2008-11-18 00:00:00-05:00,2.2028277925836153,2.226981698541364,2.1496893376857984,2.161766290664673,93000,0.0,0.0
2008-11-19 00:00:00-05:00,2.149690018845908,2.1979978460684344,2.125536335583437,2.193166971206665,156600,0.0,0.0
2008-11-20 00:00:00-05:00,2.0868903337581237,2.197997925771031,1.9492133897396249,1.9902749061584473,163800,0.0,0.0
2008-11-21 00:00:00-05:00,1.9951046549453921,2.0023507330615478,1.8236126038719034,1.9081509113311768,216700,0.0,0.0
2008-11-24 00:00:00-05:00,1.7825517926651309,1.956459346433347,1.7632287567296356,1.9202284812927246,172300,0.0,0.0
2008-11-25 00:00:00-05:00,1.975781415959467,1.975781415959467,1.9105660288142525,1.9637044668197632,82000,0.0,0.0
2008-11-26 00:00:00-05:00,1.9153977004796805,2.1207051277160645,1.9153977004796805,2.1207051277160645,76200,0.0,0.0
2008-11-28 00:00:00-05:00,2.0071828816066155,2.1134596061630493,2.0071828816066155,2.11104416847229,48800,0.0,0.0
2008-12-01 00:00:00-05:00,2.096551216204635,2.108627939428491,1.975782141176234,2.0917203426361084,68300,0.0,0.0
2008-12-02 00:00:00-05:00,2.1062138274742455,2.1110444732042577,2.0530753423510117,2.1037983894348145,33400,0.0,0.0
2008-12-03 00:00:00-05:00,2.1037962317175323,2.17384225057776,2.0603193129944204,2.1665961742401123,63900,0.0,0.0
2008-12-04 00:00:00-05:00,2.115874033395953,2.173843128197531,2.115874033395953,2.1472740173339844,65600,0.0,0.0
2008-12-05 00:00:00-05:00,2.053074119967141,2.1472740742794056,1.9902741504256318,2.0820586681365967,127100,0.0,0.0
2008-12-08 00:00:00-05:00,2.0337522534997903,2.1327829074253852,2.031336815514082,2.108628988265991,90700,0.0,0.0
2008-12-09 00:00:00-05:00,1.9370663784646345,2.1244457934970433,1.8810958631557941,2.019805431365967,291400,0.065,0.0
2008-12-10 00:00:00-05:00,2.0684752375280624,2.1025443249878912,1.9224652439690428,2.039273262023926,118900,0.0,0.0
2008-12-11 00:00:00-05:00,2.0173713118800167,2.0271053017340477,1.9516669383844656,1.9687013626098633,121100,0.0,0.0
2008-12-12 00:00:00-05:00,1.9346330977468444,1.995470618003517,1.9346330977468444,1.9541010856628418,145500,0.0,0.0
2008-12-15 00:00:00-05:00,2.0125037606664433,2.1025431947555635,1.9492327317141274,2.0587401390075684,266900,0.0,0.0
2008-12-16 00:00:00-05:00,2.0514422365784646,2.187718217041983,2.044141563567437,2.180417776107788,536900,0.0,0.0
2008-12-17 00:00:00-05:00,2.134179717785573,2.2509876122116528,2.129312606146158,2.209618091583252,393600,0.0,0.0
2008-12-18 00:00:00-05:00,2.263155221939087,2.3702291281297048,2.2144852645797153,2.263155221939087,243000,0.0,0.0
2008-12-19 00:00:00-05:00,2.2242179350316933,2.2607203233523547,2.148779371872061,2.250986337661743,91000,0.0,0.0
2008-12-22 00:00:00-05:00,2.241253082874999,2.3118245601654053,2.219351549909597,2.3118245601654053,92900,0.0,0.0
2008-12-23 00:00:00-05:00,2.3969987589376758,2.4286340701003732,2.336161229341052,2.411599636077881,124500,0.0,0.0
2008-12-24 00:00:00-05:00,2.517224687113255,2.532495883436898,2.3696018280844986,2.443413257598877,77000,0.435,0.0
2008-12-26 00:00:00-05:00,2.5350421582396194,2.542677759396911,2.4255974898157713,2.507044792175293,175400,0.0,0.0
2008-12-29 00:00:00-05:00,2.522316495693755,2.522316495693755,2.4205076509283754,2.435778856277466,149500,0.0,0.0
2008-12-30 00:00:00-05:00,2.423053345881167,2.4459601578106054,2.2168900966644287,2.2168900966644287,199000,0.0,0.0
2008-12-31 00:00:00-05:00,2.3263348942743822,2.3263348942743822,2.163440465927124,2.163440465927124,159100,0.0,0.0
2009-01-02 00:00:00-05:00,2.1634393124967004,2.473956552372771,2.1634393124967004,2.3543310165405273,174100,0.0,0.0
2009-01-05 00:00:00-05:00,2.3034265279708945,2.4815920634685193,2.298335966201452,2.4383232593536377,67100,0.0,0.0
2009-01-06 00:00:00-05:00,2.481593620133351,2.481593620133351,2.316154142550393,2.377239465713501,137100,0.0,0.0
2009-01-07 00:00:00-05:00,2.2932479687299514,2.3543333154148636,2.2907026852685157,2.318700075149536,94700,0.0,0.0
2009-01-08 00:00:00-05:00,2.3122905695389337,2.43277559446196,2.3122905695389337,2.4302120208740234,64200,0.065,0.0
2009-01-09 00:00:00-05:00,2.4020126729659608,2.4430288592893796,2.33279791966413,2.373814105987549,52100,0.0,0.0
2009-01-12 00:00:00-05:00,2.3840681623347155,2.473791009165805,2.348178876916826,2.399449110031128,68000,0.0,0.0
2009-01-13 00:00:00-05:00,2.3609954988096784,2.4712266367903326,2.3609954988096784,2.453281879425049,63100,0.0,0.0
2009-01-14 00:00:00-05:00,2.343051908196767,2.384068093504026,2.3071626238150413,2.3302342891693115,98600,0.0,0.0
2009-01-15 00:00:00-05:00,2.3815039795726904,2.4327741995548764,2.2892175836047564,2.4097025394439697,96100,0.0,0.0
2009-01-16 00:00:00-05:00,2.435338691041909,2.491736076550836,2.4302115448702857,2.4686644077301025,109900,0.0,0.0
2009-01-20 00:00:00-05:00,2.4968637447002555,2.4994273185729985,2.47379206879729,2.499427318572998,129500,0.0,0.0
2009-01-21 00:00:00-05:00,2.4866084889795754,2.494298962396083,2.389194929292755,2.435338258743286,72500,0.0,0.0
2009-01-22 00:00:00-05:00,2.4327746081217425,2.4942988824329215,2.4097029441361166,2.4891719818115234,54600,0.0,0.0
2009-01-23 00:00:00-05:00,2.491735273037884,2.4994257453395776,2.4712271839162314,2.4968621730804443,110400,0.0,0.0
2009-01-26 00:00:00-05:00,2.4968637447002555,2.5096813695881095,2.47379206879729,2.499427318572998,92400,0.0,0.0
2009-01-27 00:00:00-05:00,2.5019906071568876,2.5071175098419194,2.4737917867237997,2.507117509841919,90600,0.0,0.0
2009-01-28 00:00:00-05:00,2.5301883661621094,2.5301883661621094,2.512243845844711,2.5224978923797607,78700,0.0,0.0
2009-01-29 00:00:00-05:00,2.5199341800519575,2.5609503639203357,2.51480727930628,2.5327517986297607,67800,0.0,0.0
2009-01-30 00:00:00-05:00,2.5250624802231587,2.5301893833138536,2.4302122060488616,2.4379029273986816,79000,0.0,0.0
2009-02-02 00:00:00-05:00,2.532753045491075,2.532753045491075,2.437903012482331,2.499427318572998,45400,0.0,0.0
2009-02-03 00:00:00-05:00,2.486608128519618,2.5122433621595373,2.460973139355405,2.4968621730804443,52300,0.0,0.0
2009-02-04 00:00:00-05:00,2.463536065453873,2.4840441512316374,2.437901080469501,2.455845594406128,60500,0.0,0.0
2009-02-05 00:00:00-05:00,2.437901511414942,2.4917353072166373,2.437901511414942,2.463536500930786,52300,0.0,0.0
2009-02-06 00:00:00-05:00,2.4866094101501277,2.512244657002783,2.4866094101501277,2.507117509841919,73700,0.0,0.0
2009-02-09 00:00:00-05:00,2.4507186002034356,2.5635130676089397,2.4507186002034356,2.5301873683929443,121800,0.0,0.0
2009-02-10 00:00:00-05:00,2.541801058525578,2.554703404593001,2.492771257522056,2.5443813800811768,61100,0.065,0.0
2009-02-11 00:00:00-05:00,2.565026137546061,2.565026137546061,2.454064404921261,2.4876110553741455,92900,0.0,0.0
2009-02-12 00:00:00-05:00,2.5056729506233664,2.510833837979258,2.438579692322059,2.4747068881988525,46900,0.0,0.0
2009-02-13 00:00:00-05:00,2.4953517804665903,2.5134152615145324,2.4618051398800755,2.5108346939086914,23200,0.0,0.0
2009-02-17 00:00:00-05:00,2.477287978854732,2.4927708902933263,2.4076141390917365,2.4205167293548584,81600,0.0,0.0
2009-02-18 00:00:00-05:00,2.4127748318010616,2.443740895104093,2.371486501300624,2.3740670680999756,58200,0.0,0.0
2009-02-19 00:00:00-05:00,2.3740666176029834,2.392130335674322,2.319875955581665,2.319875955581665,86100,0.0,0.0
2009-02-20 00:00:00-05:00,2.3043936088608468,2.3043936088608468,2.051503709389282,2.196012258529663,305800,0.0,0.0
2009-02-23 00:00:00-05:00,2.144403042844162,2.1753691206708723,2.0850512091039173,2.090212345123291,175300,0.0,0.0
2009-02-24 00:00:00-05:00,2.07214744213632,2.2192365361686126,2.051503401938169,2.216655969619751,175200,0.0,0.0
2009-02-25 00:00:00-05:00,2.2553633168157226,2.2553633168157226,2.193431200797506,2.226977825164795,69200,0.0,0.0
2009-02-26 00:00:00-05:00,2.2089164566449946,2.2476240044977582,2.1289205460269383,2.136662006378174,68000,0.0,0.0
2009-02-27 00:00:00-05:00,2.128918994535599,2.1340801284062034,2.0386012436194867,2.092791795730591,90000,0.0,0.0
2009-03-02 00:00:00-05:00,2.0411819965629547,2.0902117913716913,1.9740888457131403,1.9998939037322998,149400,0.0,0.0
2009-03-03 00:00:00-05:00,1.9895715455719578,1.999893567041866,1.8476435657884156,1.9689275026321411,173500,0.0,0.0
2009-03-04 00:00:00-05:00,1.9508651246420852,1.9586067071143116,1.868288778147546,1.9379626512527466,102600,0.0,0.0
2009-03-05 00:00:00-05:00,1.8786110584284463,1.925060187313988,1.770229634647228,1.7882931232452393,185000,0.0,0.0
2009-03-06 00:00:00-05:00,1.7573255508214214,1.832160256692734,1.7289399345449357,1.7934526205062866,171900,0.0,0.0
2009-03-09 00:00:00-04:00,1.7186183606573406,1.796033653121346,1.6850718487679393,1.7573260068893433,169200,0.0,0.0
2009-03-10 00:00:00-04:00,1.7612345513117957,1.9227678624484783,1.7586291152124796,1.8446065187454224,109600,0.065,0.0
2009-03-11 00:00:00-04:00,1.8159470700879135,1.9019245849420148,1.8159470700879135,1.8862922191619873,60000,0.0,0.0
2009-03-12 00:00:00-04:00,1.888898149349048,1.9852970595686217,1.8602389702285644,1.9722702503204346,85700,0.0,0.0
2009-03-13 00:00:00-04:00,1.9905072142716862,1.9905072142716862,1.9331889973649394,1.9748749732971191,54400,0.0,0.0
2009-03-16 00:00:00-04:00,1.9592427387645557,1.9722696684031984,1.9175567626953125,1.9175567626953125,108600,0.0,0.0
2009-03-17 00:00:00-04:00,1.8941085860979074,1.9253730722278313,1.8315796138380598,1.857633352279663,158700,0.0,0.0
2009-03-18 00:00:00-04:00,1.8550279027859178,1.927978494124251,1.84981715513561,1.9149515628814697,64200,0.0,0.0
2009-03-19 00:00:00-04:00,1.912346300680436,1.9436107873916626,1.9071355528952314,1.9436107873916626,42700,0.0,0.0
2009-03-20 00:00:00-04:00,1.9410042389050475,1.9592419078174466,1.8915022254344533,1.9253720045089722,42900,0.0,0.0
2009-03-23 00:00:00-04:00,1.9305852878703567,1.9592444840646521,1.8758723334240284,1.9540337324142456,84500,0.0,0.0
2009-03-24 00:00:00-04:00,1.9514272647370765,1.9931133801773953,1.907135961197446,1.9800864458084106,56000,0.0,0.0
2009-03-25 00:00:00-04:00,1.9800874906662784,2.008746686860574,1.90192621591018,1.9540337324142456,89900,0.0,0.0
2009-03-26 00:00:00-04:00,1.9331881875501291,1.9748741460200114,1.9045290289851071,1.927977442741394,60900,0.0,0.0
2009-03-27 00:00:00-04:00,1.9201615473788416,1.9879013641442154,1.901923999968144,1.94882071018219,52400,0.0,0.0
2009-03-30 00:00:00-04:00,1.9618473423337701,1.9618473423337701,1.9045290253142049,1.9253720045089722,62700,0.0,0.0
2009-03-31 00:00:00-04:00,1.9227692225118063,1.974876739015872,1.9201637845695436,1.9540337324142456,31400,0.0,0.0
2009-04-01 00:00:00-04:00,1.9514271300767558,1.9800863091704326,1.935794884453126,1.9696648120880127,48800,0.0,0.0
2009-04-02 00:00:00-04:00,2.0165599460150014,2.084299747439065,1.9931116583353952,2.0608513355255127,139400,0.0,0.0
2009-04-03 00:00:00-04:00,2.0556414341736136,2.068668362631212,2.0269823903412925,2.0660629272460938,64200,0.0,0.0
2009-04-06 00:00:00-04:00,2.084300233048138,2.084300233048138,2.058246504981831,2.0634572505950928,59600,0.0,0.0
2009-04-07 00:00:00-04:00,2.058246504981831,2.0634572505950928,2.037403522528786,2.0634572505950928,49400,0.0,0.0
2009-04-08 00:00:00-04:00,2.104176142936855,2.104176142936855,2.0043525284209944,2.0279948711395264,54700,0.065,0.0
2009-04-09 00:00:00-04:00,2.0279943254254333,2.0358751877190056,1.9728287904186557,1.9780826568603516,114400,0.0,0.0
2009-04-13 00:00:00-04:00,2.0542624514273857,2.07527790357302,1.9780813747684727,2.072650909423828,86200,0.0,0.0
2009-04-14 00:00:00-04:00,2.09892206535785,2.09892206535785,2.0516372565614556,2.091041326522827,67900,0.0,0.0
2009-04-15 00:00:00-04:00,2.0910401407816486,2.1015478701112436,2.075278546787256,2.0779054164886475,42100,0.0,0.0
2009-04-16 00:00:00-04:00,2.098921053096839,2.117309768875669,2.0700248576216063,2.112055778503418,29300,0.0,0.0
2009-04-17 00:00:00-04:00,2.1015478900374,2.1225633488958513,2.077905436190634,2.0936670303344727,81100,0.0,0.0
2009-04-20 00:00:00-04:00,2.07527790357302,2.1068012070534476,2.0700240405366115,2.072650909423828,64300,0.0,0.0
2009-04-21 00:00:00-04:00,2.072652389773963,2.0936678569294704,2.062144656196209,2.0647716522216797,71700,0.0,0.0
2009-04-22 00:00:00-04:00,2.06739711489875,2.0936664309513304,2.06739711489875,2.0805318355560303,43200,0.0,0.0
2009-04-23 00:00:00-04:00,2.0962955951690674,2.0989224668625432,2.0752801205728235,2.0962955951690674,81000,0.0,0.0
2009-04-24 00:00:00-04:00,2.088413715362549,2.1146831711126577,2.0752791127495427,2.088413715362549,82300,0.0,0.0
2009-04-27 00:00:00-04:00,2.0752791127495427,2.098921447557773,2.0752791127495427,2.088413715362549,53700,0.0,0.0
2009-04-28 00:00:00-04:00,2.0779061868910884,2.1278181076049805,2.0779061868910884,2.1278181076049805,71300,0.0,0.0
2009-04-29 00:00:00-04:00,2.117310374379549,2.1383258408304124,2.0910409160539083,2.1278181076049805,57400,0.0,0.0
2009-04-30 00:00:00-04:00,2.1672215645460153,2.2250142097473145,2.1383253672073987,2.2250142097473145,105500,0.0,0.0
2009-05-01 00:00:00-04:00,2.225014925213696,2.2302686670900584,2.1278183205216035,2.167222261428833,50900,0.0,0.0
2009-05-04 00:00:00-04:00,2.201372587104613,2.251284265160131,2.167222386109086,2.1829841136932373,93000,0.0,0.0
2009-05-05 00:00:00-04:00,2.2565374024414595,2.259164397796988,2.2066254927826803,2.2250142097473145,81700,0.0,0.0
2009-05-06 00:00:00-04:00,2.2118790448040078,2.272298422853582,2.2118790448040078,2.269671678543091,57900,0.0,0.0
2009-05-07 00:00:00-04:00,2.31334603913233,2.350402017185454,2.286877699742841,2.2974650859832764,90500,0.065,0.0
2009-05-08 00:00:00-04:00,2.2815837448931493,2.286877563910533,2.2498215880584014,2.27629017829895,58500,0.0,0.0
2009-05-11 00:00:00-04:00,2.2498201727220106,2.2709949306243757,2.239232793770828,2.24187970161438,63300,0.0,0.0
2009-05-12 00:00:00-04:00,2.2604082203909215,2.281582984557615,2.241880364850839,2.2683486938476562,37500,0.0,0.0
2009-05-13 00:00:00-04:00,2.2418798508010247,2.2683481737288123,2.225998655105919,2.2286455631256104,42800,0.0,0.0
2009-05-14 00:00:00-04:00,2.2286455329629753,2.249820291987841,2.2233517169952393,2.2233517169952393,38500,0.0,0.0
2009-05-15 00:00:00-04:00,2.223352165280254,2.223352165280254,2.204824310503564,2.220705509185791,51600,0.0,0.0
2009-05-18 00:00:00-04:00,2.223352228976211,2.270995573964719,2.2127648470257757,2.26570200920105,49700,0.0,0.0
2009-05-19 00:00:00-04:00,2.26834958450468,2.3159929487982387,2.2630560175960617,2.2974650859832764,78600,0.0,0.0
2009-05-20 00:00:00-04:00,2.292169705347217,2.315991371267943,2.276288763015418,2.310697555541992,45900,0.0,0.0
2009-05-21 00:00:00-04:00,2.278935626928038,2.3239320550227016,2.2127644388385974,2.273642063140869,81000,0.0,0.0
2009-05-22 00:00:00-04:00,2.2577609612449367,2.2577609612449367,2.186296206383086,2.2180583477020264,57600,0.0,0.0
2009-05-26 00:00:00-04:00,2.2074703915554,2.2418794321161597,2.188942543723835,2.2365856170654297,59900,0.0,0.0
2009-05-27 00:00:00-04:00,2.2604086710347997,2.2657024893434192,2.183650072521866,2.1915905475616455,76100,0.0,0.0
2009-05-28 00:00:00-04:00,2.2074713185746213,2.239233464948409,2.2021775013007727,2.2339396476745605,52000,0.0,0.0
2009-05-29 00:00:00-04:00,2.268348685274153,2.31599203068069,2.2392334477607685,2.302757740020752,91000,0.0,0.0
2009-06-01 00:00:00-04:00,2.3398137859032957,2.3398137859032957,2.2657021089862495,2.2789361476898193,71300,0.0,0.0
2009-06-02 00:00:00-04:00,2.514505726950509,2.514505726950509,2.302757825775318,2.3159921169281006,197300,0.0,0.0
2009-06-03 00:00:00-04:00,2.27628949140297,2.3133452036499396,2.2657021089862495,2.2789361476898193,88100,0.0,0.0
2009-06-04 00:00:00-04:00,2.302757764972381,2.4218658773562263,2.286876817946856,2.3768694400787354,78400,0.0,0.0
2009-06-05 00:00:00-04:00,2.424511702272354,2.4350990796979675,2.355693622794373,2.4298055171966553,90100,0.0,0.0
2009-06-08 00:00:00-04:00,2.4430405157417097,2.4430405157417097,2.3848100430855697,2.395397424697876,74900,0.0,0.0
2009-06-09 00:00:00-04:00,2.4020620592932107,2.4233900034218547,2.394063889558107,2.3967299461364746,80000,0.065,0.0
2009-06-10 00:00:00-04:00,2.40472751035718,2.40472751035718,2.332745526361327,2.3567395210266113,49600,0.0,0.0
2009-06-11 00:00:00-04:00,2.370069301224988,2.4073930630677216,2.3487413646722666,2.39139723777771,37600,0.0,0.0
2009-06-12 00:00:00-04:00,2.404729303035853,2.415393280364756,2.3220832880498947,2.3860671520233154,64000,0.0,0.0
2009-06-15 00:00:00-04:00,2.372735484120665,2.407393450153775,2.351407544138613,2.3620715141296387,36700,0.0,0.0
2009-06-16 00:00:00-04:00,2.370070457458496,2.372736260141298,2.346076453568999,2.370070457458496,32500,0.0,0.0
2009-06-17 00:00:00-04:00,2.338077772336655,2.3620715141296387,2.3087516641745083,2.3620715141296387,49500,0.0,0.0
2009-06-18 00:00:00-04:00,2.33807785901165,2.3620716016941072,2.322081776307569,2.3460757732391357,41000,0.0,0.0
2009-06-19 00:00:00-04:00,2.3620713953806654,2.394063303745407,2.3487416242488384,2.367403507232666,53200,0.0,0.0
2009-06-22 00:00:00-04:00,2.346077129467627,2.3674050825696664,2.3087530844144304,2.316751003265381,49000,0.0,0.0
2009-06-23 00:00:00-04:00,2.308753468266427,2.394065294858478,2.3007555480857467,2.364739418029785,62600,0.0,0.0
2009-06-24 00:00:00-04:00,2.399396771122091,2.410060746601553,2.3087528524220464,2.3380789756774902,77100,0.0,0.0
2009-06-25 00:00:00-04:00,2.316751003265381,2.335413152916608,2.3087530844144304,2.316751003265381,68600,0.0,0.0
2009-06-26 00:00:00-04:00,2.3140851998145684,2.316751003265381,2.292757246712529,2.316751003265381,72300,0.0,0.0
2009-06-29 00:00:00-04:00,2.3167496639898393,2.3780676843981876,2.3140838620800834,2.3460757732391357,74400,0.0,0.0
2009-06-30 00:00:00-04:00,2.359407176912778,2.4527169086936835,2.3460771425871463,2.348743200302124,110400,0.0,0.0
2009-07-01 00:00:00-04:00,2.394063889558107,2.3967299461364746,2.3727359454294623,2.3967299461364746,52400,0.0,0.0
2009-07-02 00:00:00-04:00,2.3967313843903377,2.431389377959578,2.3594075868921576,2.407395362854004,53200,0.0,0.0
2009-07-06 00:00:00-04:00,2.420724619175916,2.420724619175916,2.378068719071371,2.4100606441497803,103900,0.0,0.0
2009-07-07 00:00:00-04:00,2.4100598689842214,2.4393857273114965,2.394063784465347,2.4127259254455566,130400,0.0,0.0
2009-07-08 00:00:00-04:00,2.4100614210322457,2.4100614210322457,2.388733464104914,2.407395362854004,70200,0.0,0.0
2009-07-09 00:00:00-04:00,2.430220087617808,2.430220087617808,2.384569525010189,2.4060521125793457,85900,0.065,0.0
2009-07-10 00:00:00-04:00,2.408736226922993,2.443645477294922,2.3953095527657116,2.443645477294922,51500,0.0,0.0
2009-07-13 00:00:00-04:00,2.4463305531489024,2.4543867111206055,2.419477461520736,2.4543867111206055,32300,0.0,0.0
2009-07-14 00:00:00-04:00,2.4463312056793027,2.4597578831210476,2.435589914944421,2.4570724964141846,43700,0.0,0.0
2009-07-15 00:00:00-04:00,2.454386894691727,2.475869472038009,2.435589447444338,2.465128183364868,56600,0.0,0.0
2009-07-16 00:00:00-04:00,2.45707184101867,2.45707184101867,2.443645423250838,2.4543867111206055,55300,0.0,0.0
2009-07-17 00:00:00-04:00,2.449017148094361,2.4624438285827637,2.422164043210186,2.4624438285827637,63900,0.0,0.0
2009-07-20 00:00:00-04:00,2.4704999321644174,2.5080945893222943,2.4436468251310624,2.481241226196289,77000,0.0,0.0
2009-07-21 00:00:00-04:00,2.500037851917826,2.5107791423797607,2.483925788178641,2.5107791423797607,58000,0.0,0.0
2009-07-22 00:00:00-04:00,2.51078095244533,2.5510607566928543,2.51078095244533,2.548375368118286,83900,0.0,0.0
2009-07-23 00:00:00-04:00,2.564485779569222,2.564485779569222,2.518835227791803,2.5215206146240234,76700,0.0,0.0
2009-07-24 00:00:00-04:00,2.524206955846186,2.5349482522334705,2.521521823818895,2.5295777320861816,46700,0.0,0.0
2009-07-27 00:00:00-04:00,2.5242057540019305,2.564485788345337,2.5242057540019305,2.564485788345337,72300,0.0,0.0
2009-07-28 00:00:00-04:00,2.561801621248035,2.5752283057553167,2.5295777320861816,2.5295777320861816,73300,0.0,0.0
2009-07-29 00:00:00-04:00,2.553746145267423,2.5832846513094236,2.5322635488563763,2.548375368118286,62000,0.0,0.0
2009-07-30 00:00:00-04:00,2.5456894859268924,2.5886549265106065,2.5322630578429752,2.5403189659118652,116200,0.0,0.0
2009-07-31 00:00:00-04:00,2.572542329708412,2.6181928929446014,2.5430038354172617,2.5591156482696533,68800,0.0,0.0
2009-08-03 00:00:00-04:00,2.564485951354741,2.615507024121733,2.561800564342636,2.6020803451538086,66900,0.0,0.0
2009-08-04 00:00:00-04:00,2.6584714191413266,2.6584714191413266,2.551058530807495,2.551058530807495,79800,0.0,0.0
2009-08-05 00:00:00-04:00,2.599394671636224,2.599394671636224,2.567170802495182,2.5779120922088623,55800,0.0,0.0
2009-08-06 00:00:00-04:00,2.6020801797547484,2.604765566596159,2.564485788345337,2.564485788345337,82400,0.0,0.0
2009-08-07 00:00:00-04:00,2.653101262289043,2.653101262289043,2.5913386510583276,2.642359972000122,118900,0.0,0.0
2009-08-10 00:00:00-04:00,2.6531026187804323,2.6531026187804323,2.604766659720561,2.6450467109680176,104100,0.0,0.0
2009-08-11 00:00:00-04:00,2.6599134624255356,2.6599134624255356,2.622069072976979,2.646397590637207,61700,0.065,0.0
2009-08-12 00:00:00-04:00,2.649100760562861,2.649100760562861,2.584224886702662,2.5896310806274414,137500,0.0,0.0
2009-08-13 00:00:00-04:00,2.5950372136578177,2.646397209708,2.5761148927603608,2.6166625022888184,121700,0.0,0.0
2009-08-14 00:00:00-04:00,2.546381950378418,2.6085546338394034,2.5436787229773437,2.546381950378418,113400,0.0,0.0
2009-08-17 00:00:00-04:00,2.527459090541364,2.5463811608943474,2.440957645083709,2.532865285873413,169200,0.0,0.0
2009-08-18 00:00:00-04:00,2.5328654692815276,2.5707098705217315,2.5247560467993027,2.5571939945220947,85200,0.0,0.0
2009-08-19 00:00:00-04:00,2.5382718862018825,2.56260015329779,2.5382718862018825,2.5598971843719482,50300,0.0,0.0
2009-08-20 00:00:00-04:00,2.5761157427235797,2.630178982138698,2.5761157427235797,2.624772787094116,60100,0.0,0.0
2009-08-21 00:00:00-04:00,2.649100435235319,2.649100435235319,2.584224569342317,2.6166625022888184,71900,0.0,0.0
2009-08-24 00:00:00-04:00,2.622069927129016,2.632882576523189,2.597741401543652,2.6139605045318604,54700,0.0,0.0
2009-08-25 00:00:00-04:00,2.643693932372531,2.6653192205797436,2.613959225536057,2.66261625289917,59700,0.0,0.0
2009-08-26 00:00:00-04:00,2.6626162528991695,2.673428897002776,2.635584513743269,2.66261625289917,113600,0.0,0.0
2009-08-27 00:00:00-04:00,2.6680221969416267,2.6707254221635712,2.635584267659528,2.643693685531616,47500,0.0,0.0
2009-08-28 00:00:00-04:00,2.659913487078452,2.6653196811676025,2.627475549162107,2.6653196811676025,96400,0.0,0.0
2009-08-31 00:00:00-04:00,2.5977405553167507,2.6599134624255356,2.5977405553167507,2.646397590637207,59700,0.0,0.0
2009-09-01 00:00:00-04:00,2.649101105349245,2.657210526188777,2.6166631641972753,2.6220693588256836,60200,0.0,0.0
2009-09-02 00:00:00-04:00,2.611256427105079,2.6491008165536356,2.611256427105079,2.646397590637207,64000,0.0,0.0
2009-09-03 00:00:00-04:00,2.640992093358757,2.6680235862731934,2.630179186840326,2.6680235862731934,79700,0.0,0.0
2009-09-04 00:00:00-04:00,2.665320798810165,2.6734304800352255,2.659914602454047,2.670727252960205,67300,0.0,0.0
2009-09-08 00:00:00-04:00,2.673427266181784,2.7031619548797607,2.6680208185310903,2.7031619548797607,84500,0.0,0.0
2009-09-09 00:00:00-04:00,2.7045248968838282,2.742616891860962,2.696362419203188,2.742616891860962,51800,0.065,0.0
2009-09-10 00:00:00-04:00,2.726290805433202,2.748057576538106,2.7208489829167863,2.7317323684692383,79800,0.0,0.0
2009-09-11 00:00:00-04:00,2.753499139574142,2.767103436384802,2.7235698941749944,2.7317323684692383,59300,0.0,0.0
2009-09-14 00:00:00-04:00,2.7426169532422477,2.7888714269352226,2.7426169532422477,2.7752671241760254,128600,0.0,0.0
2009-09-15 00:00:00-04:00,2.7779856602033535,2.7997524222055516,2.688197702074217,2.7208478450775146,199600,0.0,0.0
2009-09-16 00:00:00-04:00,2.7181268766219646,2.843285885188635,2.715405966560017,2.7861480712890625,249500,0.0,0.0
2009-09-17 00:00:00-04:00,2.8215209968564605,2.8215209968564605,2.690920340940612,2.7181286811828613,146500,0.0,0.0
2009-09-18 00:00:00-04:00,2.7208485899887904,2.7426153579502732,2.7126861168733196,2.7371737957000732,73200,0.0,0.0
2009-09-21 00:00:00-04:00,2.7398946821403785,2.7398946821403785,2.718127912311526,2.729011297225952,54600,0.0,0.0
2009-09-22 00:00:00-04:00,2.7344535587328913,2.7888704920474927,2.7344535587328913,2.78342866897583,56800,0.0,0.0
2009-09-23 00:00:00-04:00,2.786148071289062,2.7970314520565873,2.7589397491103824,2.7861480712890625,71700,0.0,0.0
2009-09-24 00:00:00-04:00,2.769823452602664,2.843286216472873,2.767102542223691,2.818798542022705,320800,0.0,0.0
2009-09-25 00:00:00-04:00,2.8296834284457035,2.8296834284457035,2.7453372376976555,2.7807083129882812,134300,0.0,0.0
2009-09-28 00:00:00-04:00,2.7671037990858167,2.7997539600228265,2.7643828874709624,2.7888705730438232,49900,0.0,0.0
2009-09-29 00:00:00-04:00,2.8160786346091258,2.8160786346091258,2.7426155918633253,2.799753427505493,69100,0.0,0.0
2009-09-30 00:00:00-04:00,2.780707568784892,2.821520197323427,2.780707568784892,2.799753427505493,56900,0.0,0.0
2009-10-01 00:00:00-04:00,2.7943133721077094,2.8106383285370327,2.7915924595426542,2.7970340251922607,56400,0.0,0.0
2009-10-02 00:00:00-04:00,2.786148782802445,2.7970321663493163,2.7507777214050293,2.7507777214050293,90100,0.0,0.0
2009-10-05 00:00:00-04:00,2.753497928986487,2.786148071289062,2.7507770189245395,2.7861480712890625,65100,0.0,0.0
2009-10-06 00:00:00-04:00,2.786150634412544,2.843288500876183,2.76438385285311,2.7970340251922607,100800,0.0,0.0
2009-10-07 00:00:00-04:00,2.7943133721077094,2.7970340251922607,2.775267243632827,2.7970340251922607,69400,0.0,0.0
2009-10-08 00:00:00-04:00,2.8203065133653267,2.8203065133653267,2.771019520773651,2.779233932495117,129800,0.065,0.0
2009-10-09 00:00:00-04:00,2.7737597859601246,2.77923597742661,2.751854497830917,2.76554536819458,70000,0.0,0.0
2009-10-12 00:00:00-04:00,2.760067927696296,2.8011402629547937,2.7463770622329506,2.7573297023773193,122700,0.0,0.0
2009-10-13 00:00:00-04:00,2.7463773984891535,2.751853849797624,2.72173388986418,2.735424757003784,99800,0.0,0.0
2009-10-14 00:00:00-04:00,2.7299471779043065,2.7408998138172738,2.6368496420783667,2.672445774078369,215900,0.0,0.0
2009-10-15 00:00:00-04:00,2.6341128422621183,2.6423272583560804,2.5163717466784847,2.595778465270996,467900,0.0,0.0
2009-10-16 00:00:00-04:00,2.5766112059799218,2.6149455799752253,2.554705924020194,2.6039929389953613,140800,0.0,0.0
2009-10-19 00:00:00-04:00,2.5875632721880852,2.6833990553227,2.5848250472684673,2.6614937782287598,123600,0.0,0.0
2009-10-20 00:00:00-04:00,2.6833999614815816,2.697090829571447,2.6560182253018514,2.688876152038574,103900,0.0,0.0
2009-10-21 00:00:00-04:00,2.677922552456931,2.735423968972793,2.6724463638576323,2.7244713306427,117000,0.0,0.0
2009-10-22 00:00:00-04:00,2.721734783846467,2.7463783005658615,2.697091528258729,2.7272112369537354,115300,0.0,0.0
2009-10-23 00:00:00-04:00,2.72721034117265,2.74363943396649,2.718995925341516,2.735424757003784,71900,0.0,0.0
2009-10-26 00:00:00-04:00,2.724473021205728,2.7381638928965426,2.7189968292083972,2.729949474334717,59500,0.0,0.0
2009-10-27 00:00:00-04:00,2.713518515403304,2.738162015322241,2.6861370519289687,2.7326855659484863,73400,0.0,0.0
2009-10-28 00:00:00-04:00,2.749115814955027,2.749115814955027,2.6697090933917167,2.688876152038574,119700,0.0,0.0
2009-10-29 00:00:00-04:00,2.6149465451207776,2.7326874138281747,2.576612156976709,2.686138868331909,88800,0.0,0.0
2009-10-30 00:00:00-04:00,2.683397756140889,2.7354226987679593,2.658754266058612,2.680659532546997,96400,0.0,0.0
2009-11-02 00:00:00-05:00,2.7545927777310233,2.7545927777310233,2.6724478150822373,2.6943531036376953,73500,0.0,0.0
2009-11-03 00:00:00-05:00,2.71078087034296,2.7545916913063073,2.6888755904270543,2.7518534660339355,105600,0.0,0.0
2009-11-04 00:00:00-05:00,2.7710207368008795,2.773758962286817,2.740901039850232,2.7463772296905518,84400,0.0,0.0
2009-11-05 00:00:00-05:00,2.7737589002009635,2.776497125625611,2.7545918444915327,2.7764971256256104,71800,0.0,0.0
2009-11-06 00:00:00-05:00,2.779235918257888,2.806617658402268,2.7573306305950345,2.792926788330078,102800,0.0,0.0
2009-11-09 00:00:00-05:00,2.786038502183924,2.8273745440932423,2.786038502183924,2.8163516521453857,93400,0.065,0.0
2009-11-10 00:00:00-05:00,2.8191040146115482,2.8191040146115482,2.7446996431569004,2.7557225227355957,98900,0.0,0.0
2009-11-11 00:00:00-05:00,2.755722727572407,2.8246157957617175,2.747455632975426,2.7943029403686523,102600,0.0,0.0
2009-11-12 00:00:00-05:00,2.7805256574171646,2.7805256574171646,2.733678326718467,2.7529683113098145,61600,0.0,0.0
2009-11-13 00:00:00-05:00,2.736432549174424,2.7557225227355957,2.7254096695957286,2.7557225227355957,67400,0.0,0.0
2009-11-16 00:00:00-05:00,2.755724139532635,2.7832814860504946,2.752968352319582,2.7612357139587402,56900,0.0,0.0
2009-11-17 00:00:00-05:00,2.7750144405501005,2.799816002680383,2.769503128302462,2.7832818031311035,63500,0.0,0.0
2009-11-18 00:00:00-05:00,2.7832803537496504,2.7970587585968825,2.7557230184427324,2.7695016860961914,88300,0.0,0.0
2009-11-19 00:00:00-05:00,2.769502219750987,2.8025708708075436,2.7557235494425187,2.7970592975616455,65900,0.0,0.0
2009-11-20 00:00:00-05:00,2.7832818031311035,2.810838889982024,2.752968665946819,2.7832818031311035,110800,0.0,0.0
2009-11-23 00:00:00-05:00,2.8108379946187916,2.8191050917600333,2.783280916545892,2.791548013687134,55500,0.0,0.0
2009-11-24 00:00:00-05:00,2.8494187059112868,2.8494187059112868,2.780525604754075,2.8246171474456787,84200,0.0,0.0
2009-11-25 00:00:00-05:00,2.8411501809075226,2.8797301299897544,2.821859943560214,2.87697434425354,88900,0.0,0.0
2009-11-27 00:00:00-05:00,2.7970579572145247,2.8935083403486055,2.786035078811157,2.87146258354187,65800,0.0,0.0
2009-11-30 00:00:00-05:00,2.893511170525132,2.893511170525132,2.827373835415238,2.830129623413086,68400,0.0,0.0
2009-12-01 00:00:00-05:00,2.9100456357058095,2.9100456357058095,2.8108393702345604,2.830129623413086,98900,0.0,0.0
2009-12-02 00:00:00-05:00,2.854929285434888,2.8659521682818854,2.830127996133837,2.8439064025878906,70400,0.0,0.0
2009-12-03 00:00:00-05:00,2.832882921510191,2.8852418010812966,2.8301273984850286,2.860440254211426,91100,0.0,0.0
2009-12-04 00:00:00-05:00,2.8604418273100842,2.8990220617477545,2.8604418273100842,2.8907546997070312,65900,0.0,0.0
2009-12-07 00:00:00-05:00,2.9128013494474616,2.9348471292444844,2.8935113578266733,2.90177845954895,95500,0.0,0.0
2009-12-08 00:00:00-05:00,2.857686977200173,2.9403587850768966,2.857686977200173,2.937602996826172,84300,0.0,0.0
2009-12-09 00:00:00-05:00,2.9583949627247392,3.049891692341505,2.9445317657849435,3.022165298461914,181400,0.065,0.0
2009-12-10 00:00:00-05:00,3.005530007164635,3.0498920307596302,3.002757314585318,3.0193932056427,109100,0.0,0.0
2009-12-11 00:00:00-05:00,3.0332573536967953,3.0332573536967953,2.9833501893874397,3.02493953704834,93100,0.0,0.0
2009-12-14 00:00:00-05:00,3.0193934337538337,3.0221658621240857,2.9916670347030103,3.008302927017212,91400,0.0,0.0
2009-12-15 00:00:00-05:00,3.0193945091406316,3.024939632274623,2.975032201975538,2.994440793991089,80600,0.0,0.0
2009-12-16 00:00:00-05:00,2.9833493032713165,2.9944398103146894,2.9417597035447587,2.9611682891845703,83600,0.0,0.0
2009-12-17 00:00:00-05:00,2.955624355619735,2.9888958930969243,2.9445338431273385,2.988895893096924,84800,0.0,0.0
2009-12-18 00:00:00-05:00,2.994441634144704,3.0110772726327895,2.96671521743962,2.991668939590454,77100,0.0,0.0
2009-12-21 00:00:00-05:00,3.0277113064929324,3.0637555201914846,3.0193934923835877,3.0582101345062256,121100,0.0,0.0
2009-12-22 00:00:00-05:00,3.0693006414582,3.1081175479993814,3.058210134506226,3.0582101345062256,185100,0.0,0.0
2009-12-23 00:00:00-05:00,3.1122215540562994,3.1414169899923974,3.0742675987106964,3.1151411533355713,94900,0.555,0.0
2009-12-24 00:00:00-05:00,3.1005445075493876,3.1530961990356445,3.1005445075493876,3.1530961990356445,53700,0.0,0.0
2009-12-28 00:00:00-05:00,3.141417429124653,3.1501759497584927,3.1122219891073843,3.138497829437256,98700,0.0,0.0
2009-12-29 00:00:00-05:00,3.120980173431549,3.147256010929996,3.1151412531142944,3.126819372177124,43800,0.0,0.0
2009-12-30 00:00:00-05:00,3.1443339799001158,3.1443339799001158,3.0596673416329425,3.0684261322021484,82600,0.0,0.0
2009-12-31 00:00:00-05:00,3.080107972705064,3.0917860958504653,2.902016246702173,2.998361110687256,150700,0.0,0.0
2010-01-04 00:00:00-05:00,3.0333963921563125,3.036315714999084,2.9779250817161214,2.9866836071014404,114000,0.0,0.0
2010-01-05 00:00:00-05:00,2.9662463690249026,3.018798067811299,2.9662463690249026,2.9837636947631836,77500,0.0,0.0
2010-01-06 00:00:00-05:00,2.983764138574743,3.0363155667493062,2.983764138574743,3.0333962440490723,75500,0.0,0.0
2010-01-07 00:00:00-05:00,3.120979193222945,3.120979193222945,3.0363127870015996,3.059669017791748,93000,0.0,0.0
2010-01-08 00:00:00-05:00,3.074267661796895,3.109302018582156,3.039233305011634,3.10054349899292,84500,0.0,0.0
2010-01-11 00:00:00-05:00,3.1005436234185635,3.14141718052246,3.094704702934195,3.1209802627563477,80800,0.0,0.0
2010-01-12 00:00:00-05:00,3.134200576365827,3.134200576365827,3.090139762168014,3.0930769443511963,55700,0.065,0.0
2010-01-13 00:00:00-05:00,3.0872000417913448,3.1371357440948486,3.075450481257086,3.1371357440948486,73100,0.0,0.0
2010-01-14 00:00:00-05:00,3.1224494475285356,3.1371364716353654,3.101887781857985,3.11657452583313,50900,0.0,0.0
2010-01-15 00:00:00-05:00,3.1283242702484126,3.1341991922840258,3.1077626033871697,3.128324270248413,54700,0.0,0.0
2010-01-19 00:00:00-05:00,3.1488856881082468,3.1518228685007936,3.1253865641779477,3.1341986656188965,110300,0.0,0.0
2010-01-20 00:00:00-05:00,3.134200006674916,3.1782608128639738,3.134200006674916,3.1723861694335938,85200,0.0,0.0
2010-01-21 00:00:00-05:00,3.1988213382955037,3.2252576421373824,3.1753222147927347,3.2193830013275146,77300,0.0,0.0
2010-01-22 00:00:00-05:00,3.231133989162507,3.2546331230367835,3.1870731831811816,3.2252590656280518,107000,0.0,0.0
2010-01-25 00:00:00-05:00,3.2399460383225813,3.292819228691556,3.2399460383225813,3.278132200241089,160100,0.0,0.0
2010-01-26 00:00:00-05:00,3.2840068253125745,3.2898814680799724,3.23700856264642,3.2428832054138184,147700,0.0,0.0
2010-01-27 00:00:00-05:00,3.266381892906041,3.286943559995598,3.2428827647660605,3.2575697898864746,99400,0.0,0.0
2010-01-28 00:00:00-05:00,3.25463110209087,3.2751927614302656,3.2340694427514745,3.237006902694702,67100,0.0,0.0
2010-01-29 00:00:00-05:00,3.2605078347707717,3.2605078347707717,3.1518239974975586,3.1518239974975586,104600,0.0,0.0
2010-02-01 00:00:00-05:00,3.1870731831811816,3.231133989162507,3.1753236162440435,3.2252590656280518,103600,0.0,0.0
2010-02-02 00:00:00-05:00,3.2428830047452517,3.304568290710449,3.2399455434774507,3.304568290710449,93700,0.0,0.0
2010-02-03 00:00:00-05:00,3.325129873129704,3.348629002399533,3.2663820499551313,3.2957561016082764,103600,0.0,0.0
2010-02-04 00:00:00-05:00,3.3104421422584815,3.319254243079287,3.1811966896057133,3.181196689605713,118500,0.0,0.0
2010-02-05 00:00:00-05:00,3.154760793644178,3.157698254600995,2.943268647123862,3.0402026176452637,501700,0.0,0.0
2010-02-08 00:00:00-05:00,3.040204023340186,3.122451007237622,3.0108299604537607,3.0930769443511963,104900,0.0,0.0
2010-02-09 00:00:00-05:00,3.079774132231743,3.1920883850274575,3.0679515941412228,3.153665065765381,104900,0.065,0.0
2010-02-10 00:00:00-05:00,3.1241099260590737,3.1714000988026805,3.073864047051076,3.0945537090301514,107200,0.0,0.0
2010-02-11 00:00:00-05:00,3.059085435294478,3.144798925810753,3.059085435294478,3.1241092681884766,112700,0.0,0.0
2010-02-12 00:00:00-05:00,3.130020918475328,3.130020918475328,3.067952504612273,3.088641881942749,83100,0.0,0.0
2010-02-16 00:00:00-05:00,3.1034222828214695,3.127067382426554,3.091599733018927,3.1182005405426025,75600,0.0,0.0
2010-02-17 00:00:00-05:00,3.103417399469226,3.141840696334839,3.1004616962015534,3.141840696334839,68600,0.0,0.0
2010-02-18 00:00:00-05:00,3.147754949035999,3.215734782389587,3.147754949035999,3.2098233699798584,110600,0.0,0.0
2010-02-19 00:00:00-05:00,3.2039117329266698,3.2216454036089752,3.1713995335564205,3.2127785682678223,71100,0.0,0.0
2010-02-22 00:00:00-05:00,3.2630259990692143,3.280759960105523,3.212780104983379,3.263025999069214,146300,0.0,0.0
2010-02-23 00:00:00-05:00,3.251203452335591,3.280759960105523,3.233469491299282,3.263025999069214,92400,0.0,0.0
2010-02-24 00:00:00-05:00,3.2984916500445087,3.2984916500445087,3.2482457862605107,3.268935441970825,72300,0.0,0.0
2010-02-25 00:00:00-05:00,3.2541583523173503,3.2541583523173503,3.212779308077557,3.245291233062744,86400,0.0,0.0
2010-02-26 00:00:00-05:00,3.2600695459884905,3.265980958938599,3.236424457931425,3.2659809589385986,58300,0.0,0.0
2010-03-01 00:00:00-05:00,3.280759960105523,3.3044050535727694,3.2571148666382768,3.263025999069214,106700,0.0,0.0
2010-03-02 00:00:00-05:00,3.295535296341787,3.32213607568501,3.260067684507998,3.2984910011291504,135400,0.0,0.0
2010-03-03 00:00:00-05:00,3.29258131980896,3.310314992580237,3.289625613723198,3.29258131980896,102000,0.0,0.0
2010-03-04 00:00:00-05:00,3.295535148327034,3.3191802218209054,3.26597894739545,3.280757188796997,107000,0.0,0.0
2010-03-05 00:00:00-05:00,3.310313492832608,3.3221360299477722,3.2925798280956218,3.3073577880859375,56900,0.0,0.0
2010-03-08 00:00:00-05:00,3.301447314135945,3.3132698535919185,3.2866690693480836,3.313269853591919,92600,0.0,0.0
2010-03-09 00:00:00-05:00,3.323674846028015,3.3890779018402095,3.323674846028015,3.38907790184021,155600,0.065,0.0
2010-03-10 00:00:00-05:00,3.3950247043159525,3.3979976486133108,3.3325942916492974,3.3355672359466553,180200,0.0,0.0
2010-03-11 00:00:00-05:00,3.3355678435726257,3.383133826932953,3.317730458054691,3.323676347732544,179600,0.0,0.0
2010-03-12 00:00:00-05:00,3.32962127403078,3.356377205086668,3.273136751202679,3.2761096954345703,180800,0.0,0.0
2010-03-15 00:00:00-04:00,3.2642182688054704,3.3058386419717243,3.2136796290176157,3.219625234603882,228000,0.0,0.0
2010-03-16 00:00:00-04:00,3.213678783622382,3.27908184544427,3.204759952315788,3.2701632976531982,160700,0.0,0.0
2010-03-17 00:00:00-04:00,3.270162696493407,3.2998915616858984,3.2463797177456013,3.2820541858673096,123300,0.0,0.0
2010-03-18 00:00:00-04:00,3.29691911344924,3.3534036255767594,3.2761090747994457,3.350430965423584,91900,0.0,0.0
2010-03-19 00:00:00-04:00,3.2998926639556885,3.338539804693651,3.2761096772636042,3.2998926639556885,117900,0.0,0.0
2010-03-22 00:00:00-04:00,3.270162009455423,3.270162009455423,3.22854166363317,3.249351978302002,156200,0.0,0.0
2010-03-23 00:00:00-04:00,3.2374626031304494,3.2671911979528168,3.225571108498383,3.258272647857666,129200,0.0,0.0
2010-03-24 00:00:00-04:00,3.2463811532256,3.290974187216949,3.228543769519703,3.258272647857666,144200,0.0,0.0
2010-03-25 00:00:00-04:00,3.258272777913117,3.2701642730198377,3.2374627323552576,3.2463812828063965,120700,0.0,0.0
2010-03-26 00:00:00-04:00,3.2434076482931613,3.267190633448073,3.2255705511847514,3.237462043762207,81700,0.0,0.0
2010-03-29 00:00:00-04:00,3.2285421285455773,3.2285421285455773,3.169084685605737,3.172057628631592,160800,0.0,0.0
2010-03-30 00:00:00-04:00,3.183950308646775,3.183950308646775,3.082872476068218,3.103682518005371,256900,0.0,0.0
2010-03-31 00:00:00-04:00,3.079898241978746,3.0917897300359827,3.044223777807035,3.068006753921509,177400,0.0,0.0
2010-04-01 00:00:00-04:00,3.070979970126546,3.1036814943154662,3.06800702696879,3.0739529132843018,120300,0.0,0.0
2010-04-05 00:00:00-04:00,3.0650374916298944,3.0709831004905155,3.047200098016525,3.050173044204712,148100,0.0,0.0
2010-04-06 00:00:00-04:00,3.0293608354982777,3.0323337798523653,2.9104458964905686,2.9728763103485107,600100,0.0,0.0
2010-04-07 00:00:00-04:00,2.972876349536363,2.972876349536363,2.913418879248752,2.9253103733062744,363300,0.0,0.0
2010-04-08 00:00:00-04:00,2.905857662495433,3.0106003284454346,2.893887096564073,3.0106003284454346,247700,0.065,0.0
2010-04-09 00:00:00-04:00,2.9926457077386797,3.040527993398349,2.9896529935347167,3.0225722789764404,126900,0.0,0.0
2010-04-12 00:00:00-04:00,3.013592619630495,3.0554897411964506,2.9986296269433885,3.0465118885040283,185300,0.0,0.0
2010-04-13 00:00:00-04:00,3.04950649461394,3.0644697833928163,3.0285580615641106,3.0554919242858887,110500,0.0,0.0
2010-04-14 00:00:00-04:00,3.0435194406342894,3.0824238528877252,3.0285561612443805,3.0764384269714355,173100,0.0,0.0
2010-04-15 00:00:00-04:00,3.0435191758062903,3.0704530192843484,3.0345413231138685,3.0465118885040283,195200,0.0,0.0
2010-04-16 00:00:00-04:00,3.028555441681114,3.034540866175309,2.956732060155257,2.995636463165283,198900,0.0,0.0
2010-04-19 00:00:00-04:00,2.992644951672508,3.052497793625786,2.9687038148911973,3.0345420837402344,218500,0.0,0.0
2010-04-20 00:00:00-04:00,3.028556191457849,3.05848275053622,3.0225710508826666,3.0255634784698486,122600,0.0,0.0
2010-04-21 00:00:00-04:00,3.016585754743682,3.0255636086932816,2.9926446206108617,2.9986300468444824,156900,0.0,0.0
2010-04-22 00:00:00-04:00,2.9836686266865864,3.019580350273261,2.9687053371752192,3.001624345779419,169800,0.0,0.0
2010-04-23 00:00:00-04:00,2.992646486233003,3.0524993588774607,2.992646486233003,3.001624345779419,116900,0.0,0.0
2010-04-26 00:00:00-04:00,2.9896507583679113,3.019577307231544,2.974687483936095,3.0076067447662354,123800,0.0,0.0
2010-04-27 00:00:00-04:00,3.0016245289581147,3.0375362547363576,3.0016245289581147,3.0135951042175293,91700,0.0,0.0
2010-04-28 00:00:00-04:00,3.0524973505573696,3.0524973505573696,3.0285562172511016,3.0435194969177246,59500,0.0,0.0
2010-04-29 00:00:00-04:00,3.037534344337297,3.064468193081707,3.037534344337297,3.052497625350952,70500,0.0,0.0
2010-04-30 00:00:00-04:00,3.0674610137939453,3.091402150093927,3.0524977322562425,3.0674610137939453,99100,0.0,0.0
2010-05-03 00:00:00-04:00,3.0824221751453775,3.094392735061643,3.06745890389988,3.0854148864746094,81900,0.0,0.0
2010-05-04 00:00:00-04:00,3.0854169604953503,3.097387528458245,3.0674609658505814,3.0794315338134766,63000,0.0,0.0
2010-05-05 00:00:00-04:00,3.0524987505948165,3.0973886101835495,3.0495060362087103,3.0734474658966064,106400,0.0,0.0
2010-05-06 00:00:00-04:00,3.0375343568913724,3.0524976379668707,2.9327919601645807,2.971696376800537,384400,0.0,0.0
2010-05-07 00:00:00-04:00,2.9627187008376756,2.9627187008376756,2.765204158835283,2.893887996673584,653900,0.0,0.0
2010-05-10 00:00:00-04:00,2.9627171992487042,3.0255627294340157,2.947754208814712,2.995636463165283,170800,0.0,0.0
2010-05-11 00:00:00-04:00,3.024254313815799,3.1266693468903792,2.9850956078010302,3.102571725845337,204000,0.065,0.0
2010-05-12 00:00:00-04:00,3.09353417903664,3.1296805987942826,3.057387472012789,3.0875096321105957,87100,0.0,0.0
2010-05-13 00:00:00-04:00,3.057388323326343,3.108595837391349,3.048351787687309,3.0905227661132812,106400,0.0,0.0
2010-05-14 00:00:00-04:00,3.0905229104178042,3.0935351848602295,3.0483519300227595,3.0935351848602295,98800,0.0,0.0
2010-05-17 00:00:00-04:00,3.1025706860845164,3.1025706860845164,2.9971434138944466,3.0001556873321533,113700,0.0,0.0
2010-05-18 00:00:00-04:00,3.048351034264175,3.057387567669761,3.00015580641276,3.030277967453003,126700,0.0,0.0
2010-05-19 00:00:00-04:00,3.0423271010711797,3.0543759093277165,2.9248510051202583,3.0182294845581055,131400,0.0,0.0
2010-05-20 00:00:00-04:00,2.951960795161782,3.000156026549527,2.936899713536552,2.9429242610931396,195600,0.0,0.0
2010-05-21 00:00:00-04:00,2.8766542942449025,3.012203389310662,2.8766542942449025,2.9971423149108887,154000,0.0,0.0
2010-05-24 00:00:00-04:00,3.0242534203384674,3.039314500858589,3.0122046133756135,3.030277967453003,61700,0.0,0.0
2010-05-25 00:00:00-04:00,2.9519600035202367,2.9850941443970074,2.906776770761555,2.9640088081359863,123200,0.0,0.0
2010-05-26 00:00:00-04:00,2.9971414886132,3.048348955095114,2.9459340221312864,2.9549708366394043,97700,0.0,0.0
2010-05-27 00:00:00-04:00,3.0182290486542187,3.0483509213121236,2.9700335353223983,3.0091922283172607,104500,0.0,0.0
2010-05-28 00:00:00-04:00,3.039315135528438,3.063412754486211,3.024254051863261,3.051363945007324,64700,0.0,0.0
2010-06-01 00:00:00-04:00,3.0604001897487216,3.0604001897487216,2.982082791938193,3.0453391075134277,100300,0.0,0.0
2010-06-02 00:00:00-04:00,3.0664242845703797,3.0844973507699387,3.042326671460162,3.0784730911254883,111700,0.0,0.0
2010-06-03 00:00:00-04:00,3.1085957182154655,3.1085957182154655,3.036302861342147,3.051363945007324,57400,0.0,0.0
2010-06-04 00:00:00-04:00,3.0272656938957354,3.0905220022672717,3.0122046133756135,3.030277967453003,62700,0.0,0.0
2010-06-07 00:00:00-04:00,3.069436933200475,3.0875102905668053,3.0513638631004145,3.072449207305908,44300,0.0,0.0
2010-06-08 00:00:00-04:00,3.0483507953085494,3.0875094866847874,3.0272654565929575,3.0844972133636475,58200,0.0,0.0
2010-06-09 00:00:00-04:00,3.1042026584069475,3.1193599561090224,3.061762571762827,3.0678253173828125,63400,0.065,0.0
2010-06-10 00:00:00-04:00,3.0829830947958885,3.1072346592521796,3.061763048171997,3.061763048171997,75600,0.0,0.0
2010-06-11 00:00:00-04:00,3.0738868309399185,3.110264153962127,3.0526665090176817,3.0920753479003906,59900,0.0,0.0
2010-06-14 00:00:00-04:00,3.1163274516835258,3.137547777385673,3.0860131549825263,3.1254220008850098,95500,0.0,0.0
2010-06-15 00:00:00-04:00,3.155736780482484,3.155736780482484,3.113296700786565,3.1314852237701416,55700,0.0,0.0
2010-06-16 00:00:00-04:00,3.131484679568501,3.155736232066314,3.131484679568501,3.1527047157287598,84100,0.0,0.0
2010-06-17 00:00:00-04:00,3.1617980644201524,3.1617980644201524,3.1132949778378745,3.1466407775878906,92600,0.0,0.0
2010-06-18 00:00:00-04:00,3.149673507722475,3.1527047349772257,3.125421955076597,3.137547731399536,52800,0.0,0.0
2010-06-21 00:00:00-04:00,3.161798977839207,3.1769559799490086,3.1405786545031744,3.1587674617767334,81900,0.0,0.0
2010-06-22 00:00:00-04:00,3.1375487604249623,3.158768803674339,3.1254229801251174,3.1284542083740234,74500,0.0,0.0
2010-06-23 00:00:00-04:00,3.122390031814575,3.161798872003744,3.107232741110853,3.122390031814575,61900,0.0,0.0
2010-06-24 00:00:00-04:00,3.1375477122436095,3.16786200831522,3.128453163230947,3.1527047157287598,88800,0.0,0.0
2010-06-25 00:00:00-04:00,3.164831750333806,3.1921148300170894,3.158769004349424,3.19211483001709,70400,0.0,0.0
2010-06-28 00:00:00-04:00,3.179989708616136,3.2315243611303446,3.179989708616136,3.2042412757873535,73700,0.0,0.0
2010-06-29 00:00:00-04:00,3.1890819374501893,3.2012077121929123,3.122390031814575,3.122390031814575,90200,0.0,0.0
2010-06-30 00:00:00-04:00,3.1072332903097912,3.1799879516254097,3.104201773812976,3.161799430847168,64900,0.0,0.0
2010-07-01 00:00:00-04:00,3.176957443836815,3.1799889612961603,3.092076978685065,3.149674654006958,100100,0.0,0.0
2010-07-02 00:00:00-04:00,3.164831750333806,3.1921148300170894,3.146643223279234,3.19211483001709,113700,0.0,0.0
2010-07-06 00:00:00-04:00,3.2042390731956503,3.3042767912864366,3.1951448140332026,3.2739624977111816,230800,0.0,0.0
2010-07-07 00:00:00-04:00,3.3042779624450143,3.380064156896518,3.3012467343840095,3.3376240730285645,230200,0.0,0.0
2010-07-08 00:00:00-04:00,3.3574639998780405,3.3879865163106473,3.342202741661737,3.360516309738159,117000,0.075,0.0
2010-07-09 00:00:00-04:00,3.3574624883819273,3.387984991073608,3.3574624883819273,3.3879849910736084,119300,0.0,0.0
2010-07-12 00:00:00-04:00,3.3696710328630184,3.3910366075707583,3.354409783321436,3.372723340988159,100800,0.0,0.0
2010-07-13 00:00:00-04:00,3.391038551951435,3.391038551951435,3.3055759130331013,3.314732551574707,153500,0.0,0.0
2010-07-14 00:00:00-04:00,3.3269402663148178,3.3452538276913915,3.217059771307926,3.23232102394104,216300,0.0,0.0
2010-07-15 00:00:00-04:00,3.247583519876743,3.272001417004183,3.2017997444495725,3.265896797180176,134400,0.0,0.0
2010-07-16 00:00:00-04:00,3.275051140215396,3.275051140215396,3.210954423497082,3.2475812435150146,94300,0.0,0.0
2010-07-19 00:00:00-04:00,3.23232226140102,3.287262675479907,3.23232226140102,3.265896797180176,106200,0.0,0.0
2010-07-20 00:00:00-04:00,3.2628432903399753,3.323888301849365,3.2445300197545084,3.3238883018493652,79500,0.0,0.0
2010-07-21 00:00:00-04:00,3.308627027613199,3.348306168404479,3.2903134660617672,3.3269402980804443,97800,0.0,0.0
2010-07-22 00:00:00-04:00,3.333045460425909,3.384933553704741,3.3299931511543934,3.3696722984313965,119400,0.0,0.0
2010-07-23 00:00:00-04:00,3.3879847284062277,3.415454629398034,3.372723478243578,3.403245687484741,169400,0.0,0.0
2010-07-26 00:00:00-04:00,3.4062969688260933,3.418505907058716,3.3818790923608493,3.418505907058716,123800,0.0,0.0
2010-07-27 00:00:00-04:00,3.427663344488861,3.4368202686309814,3.40629777032548,3.4368202686309814,125300,0.0,0.0
2010-07-28 00:00:00-04:00,3.433767082156653,3.4703938961029057,3.4246104514411004,3.4703938961029053,101700,0.0,0.0
2010-07-29 00:00:00-04:00,3.4734465144746935,3.479550838470459,3.4368196972478966,3.479550838470459,117200,0.0,0.0
2010-07-30 00:00:00-04:00,3.4734475530093416,3.4978654384613033,3.461238610283361,3.4978654384613037,109900,0.0,0.0
2010-08-02 00:00:00-04:00,3.507021425281163,3.528387289420258,3.494812484809153,3.519230365753174,122500,0.0,0.0
2010-08-03 00:00:00-04:00,3.5283887780378405,3.601642451775428,3.4978662684383997,3.586381196975708,195200,0.0,0.0
2010-08-04 00:00:00-04:00,3.595537418472222,3.647425504152496,3.5802761654337547,3.6077463626861572,130600,0.0,0.0
2010-08-05 00:00:00-04:00,3.6108001564587062,3.6230091056935936,3.53144184088978,3.5467031002044678,135900,0.0,0.0
2010-08-06 00:00:00-04:00,3.5100759972478754,3.5924866169037193,3.5100759972478754,3.5711207389831543,78500,0.0,0.0
2010-08-09 00:00:00-04:00,3.589432533078093,3.647424936294555,3.5802756080301155,3.6474249362945557,173700,0.0,0.0
2010-08-10 00:00:00-04:00,3.6520332626757623,3.6704621978344916,3.6028887520996506,3.661247730255127,125400,0.075,0.0
2010-08-11 00:00:00-04:00,3.645889826084875,3.6796764000544595,3.596745611975435,3.6673903465270996,98500,0.0,0.0
2010-08-12 00:00:00-04:00,3.648960490849708,3.661246541273207,3.5691010166356922,3.575244188308716,174700,0.0,0.0
2010-08-13 00:00:00-04:00,3.572173393712203,3.584459446857075,3.461598915408356,3.4892423152923584,155700,0.0,0.0
2010-08-16 00:00:00-04:00,3.4769576589024527,3.5783177112964126,3.4769576589024527,3.569103240966797,118800,0.0,0.0
2010-08-17 00:00:00-04:00,3.5691022956406426,3.6336041567092,3.5476017729253413,3.6213181018829346,141300,0.0,0.0
2010-08-18 00:00:00-04:00,3.6121033161613254,3.679676465298631,3.5660303949248426,3.6274609565734863,153200,0.0,0.0
2010-08-19 00:00:00-04:00,3.6366736275382863,3.6458880900656094,3.5906007290567055,3.6182444095611572,145900,0.0,0.0
2010-08-20 00:00:00-04:00,3.609029947033834,3.6366736275382863,3.5875294368292523,3.6182444095611572,85400,0.0,0.0
2010-08-23 00:00:00-04:00,3.636676572227093,3.664320275115197,3.5783175788138246,3.6090328693389893,136500,0.0,0.0
2010-08-24 00:00:00-04:00,3.5967459922304035,3.6336041567092,3.5783167635296786,3.6213181018829346,221800,0.0,0.0
2010-08-25 00:00:00-04:00,3.566031447446341,3.5783175048177993,3.452385343529672,3.458528518676758,296400,0.0,0.0
2010-08-26 00:00:00-04:00,3.4431696290642235,3.458527268457609,3.3325951526925413,3.360238552093506,316800,0.0,0.0
2010-08-27 00:00:00-04:00,3.3387373162354033,3.4093823251161943,3.3356657304313377,3.3878815174102783,150800,0.0,0.0
2010-08-30 00:00:00-04:00,3.4063110968587957,3.470812940901952,3.4063110968587957,3.4554553031921387,98400,0.0,0.0
2010-08-31 00:00:00-04:00,3.4585261418482984,3.562957704197778,3.455454556385664,3.5445284843444824,151500,0.0,0.0
2010-09-01 00:00:00-04:00,3.5721746502729665,3.6090328226729427,3.532244890275646,3.5906035900115967,94900,0.0,0.0
2010-09-02 00:00:00-04:00,3.6059581041273674,3.6090296890577434,3.5353134082634865,3.5598855018615723,137800,0.0,0.0
2010-09-03 00:00:00-04:00,3.569102790128137,3.59981807791063,3.47081433790047,3.510744094848633,145900,0.0,0.0
2010-09-07 00:00:00-04:00,3.5107419527309034,3.6243879795074467,3.4585261711143143,3.6243879795074463,93700,0.0,0.0
2010-09-08 00:00:00-04:00,3.5844591359464206,3.673533086751253,3.5844591359464206,3.60595965385437,164700,0.0,0.0
2010-09-09 00:00:00-04:00,3.6291452763300285,3.6291452763300285,3.5611376541475743,3.60441517829895,67500,0.075,0.0
2010-09-10 00:00:00-04:00,3.595140581991447,3.604414292773248,3.56113677925421,3.5704104900360107,55700,0.0,0.0
2010-09-13 00:00:00-04:00,3.585866813824,3.5889578541645,3.5333152955582077,3.5549540519714355,66000,0.0,0.0
2010-09-14 00:00:00-04:00,3.5735018939285093,3.5735018939285093,3.5178590385561312,3.5240414142608643,131400,0.0,0.0
2010-09-15 00:00:00-04:00,3.539497808199182,3.539497808199182,3.4683988659115537,3.477672576904297,95300,0.0,0.0
2010-09-16 00:00:00-04:00,3.486945038023348,3.530222831820091,3.477671330354707,3.517857789993286,60500,0.0,0.0
2010-09-17 00:00:00-04:00,3.496218676955724,3.5178574242011402,3.47767096874121,3.4869446754455566,137200,0.0,0.0
2010-09-20 00:00:00-04:00,3.4683980948467537,3.4683980948467537,3.3849338300492575,3.415846586227417,419400,0.0,0.0
2010-09-21 00:00:00-04:00,3.3849336519503948,3.428211449361571,3.375659943507241,3.378751277923584,361400,0.0,0.0
2010-09-22 00:00:00-04:00,3.357115028593622,3.3818451349150167,3.3416589332473414,3.360206365585327,459900,0.0,0.0
2010-09-23 00:00:00-04:00,3.310744341954464,3.354022151746861,3.2921966249560195,3.3231093883514404,566800,0.0,0.0
2010-09-24 00:00:00-04:00,3.323108969827776,3.3385653495788574,3.2952875452370143,3.3385653495788574,495000,0.0,0.0
2010-09-27 00:00:00-04:00,3.304562274996129,3.335475044038374,3.2952885622058616,3.298379898071289,456200,0.0,0.0
2010-09-28 00:00:00-04:00,3.276740131304342,3.2983788861114216,3.2705574614703625,3.2829225063323975,318000,0.0,0.0
2010-09-29 00:00:00-04:00,3.298379677959143,3.298379677959143,3.2489194866370106,3.2520108222961426,378500,0.0,0.0
2010-09-30 00:00:00-04:00,3.248917816843156,3.2767392338644292,3.2396438146321693,3.245826482772827,374000,0.0,0.0
2010-10-01 00:00:00-04:00,3.2458264882200174,3.2921953201293945,3.2458264882200174,3.2921953201293945,285300,0.0,0.0
2010-10-04 00:00:00-04:00,3.248918829445204,3.2829226303993773,3.2149147336850956,3.2643752098083496,343700,0.0,0.0
2010-10-05 00:00:00-04:00,3.2551001956407237,3.313834363852168,3.2551001956407237,3.2921953201293945,267400,0.0,0.0
2010-10-06 00:00:00-04:00,3.318660310941027,3.318660310941027,3.2906415549703523,3.293754816055298,315600,0.075,0.0
2010-10-07 00:00:00-04:00,3.296866058549883,3.36846923828125,3.296866058549883,3.36846923828125,231800,0.0,0.0
2010-10-08 00:00:00-04:00,3.374696204764119,3.415167688772164,3.362243463292165,3.3964884281158447,181300,0.0,0.0
2010-10-11 00:00:00-04:00,3.402714419117594,3.45563863638249,3.371582421821751,3.4525253772735596,275600,0.0,0.0
2010-10-12 00:00:00-04:00,3.4587517422942953,3.50233648093993,3.4400727806581246,3.496109962463379,235600,0.0,0.0
2010-10-13 00:00:00-04:00,3.4867698819891353,3.5365808336480717,3.4867698819891353,3.5116753578186035,284800,0.0,0.0
2010-10-14 00:00:00-04:00,3.530355471492329,3.5396949529749624,3.4961102112280678,3.499223470687866,215700,0.0,0.0
2010-10-15 00:00:00-04:00,3.505450442881285,3.508563702743645,3.427620727703087,3.433846950531006,199000,0.0,0.0
2010-10-18 00:00:00-04:00,3.4338469505310054,3.4649789553610058,3.430733987565447,3.433846950531006,130100,0.0,0.0
2010-10-19 00:00:00-04:00,3.452526212808366,3.4618656954986453,3.4245074678407263,3.433846950531006,172200,0.0,0.0
2010-10-20 00:00:00-04:00,3.430733571969594,3.4743180171756527,3.430733571969594,3.4712047576904297,97300,0.0,0.0
2010-10-21 00:00:00-04:00,3.4494117665135127,3.4992227195914882,3.4307328075576216,3.4369590282440186,171800,0.0,0.0
2010-10-22 00:00:00-04:00,3.4369607989416826,3.443187319732638,3.3809232994104903,3.390263080596924,225600,0.0,0.0
2010-10-25 00:00:00-04:00,3.384036740703314,3.3933762254921476,3.346678504651112,3.3497917652130127,317200,0.0,0.0
2010-10-26 00:00:00-04:00,3.35913107043585,3.3933760440955494,3.346678325750791,3.390263080596924,128900,0.0,0.0
2010-10-27 00:00:00-04:00,3.3778095527425247,3.4120545184622832,3.3778095527425247,3.4058279991149902,85200,0.0,0.0
2010-10-28 00:00:00-04:00,3.41516716244865,3.4182801246643066,3.39337464555867,3.4182801246643066,91100,0.0,0.0
2010-10-29 00:00:00-04:00,3.405828538280676,3.455639810254128,3.405828538280676,3.4463000297546387,110200,0.0,0.0
2010-11-01 00:00:00-04:00,3.430733571969594,3.4743180171756527,3.430733571969594,3.4712047576904297,168000,0.0,0.0
2010-11-02 00:00:00-04:00,3.486770839075617,3.5179028408562454,3.455639134191761,3.514789581298828,219900,0.0,0.0
2010-11-03 00:00:00-04:00,3.5054493970117004,3.5334681336198,3.5054493970117004,3.517902135848999,124800,0.0,0.0
2010-11-04 00:00:00-04:00,3.533469657912665,3.549035365501597,3.5179036534268917,3.527243137359619,125900,0.0,0.0
2010-11-05 00:00:00-04:00,3.5459229675147075,3.5646019383585,3.533470221319883,3.536583185195923,208400,0.0,0.0
2010-11-08 00:00:00-05:00,3.558374066112555,3.558374066112555,3.524128807260348,3.5459213256835938,132100,0.0,0.0
2010-11-09 00:00:00-05:00,3.566291403065753,3.5819605813237665,3.547488329383193,3.5506222248077393,185300,0.075,0.0
2010-11-10 00:00:00-05:00,3.5662921153761777,3.5662921153761777,3.541221544701793,3.5568907260894775,163200,0.0,0.0
2010-11-11 00:00:00-05:00,3.5600236122166606,3.566291403065753,3.547488329383193,3.5506222248077393,79000,0.0,0.0
2010-11-12 00:00:00-05:00,3.5412187033452023,3.547486191552585,3.4816759216201114,3.494211196899414,142000,0.0,0.0
2010-11-15 00:00:00-05:00,3.4910804790194154,3.5255524397276523,3.4096009731292725,3.4096009731292725,251500,0.0,0.0
2010-11-16 00:00:00-05:00,3.4001977899167253,3.4033313855172787,3.183963853653373,3.2873799800872803,444800,0.0,0.0
2010-11-17 00:00:00-05:00,3.299916516695432,3.384529906314034,3.2936490242411316,3.362592935562134,186000,0.0,0.0
2010-11-18 00:00:00-05:00,3.3719931827812384,3.3876623555237413,3.3563240100387355,3.375127077102661,194400,0.0,0.0
2010-11-19 00:00:00-05:00,3.4001982895331904,3.409599675445518,3.3688599380058726,3.3845291137695312,139900,0.0,0.0
2010-11-22 00:00:00-05:00,3.3845296264743765,3.440938249358061,3.3813957310739733,3.419001579284668,141900,0.0,0.0
2010-11-23 00:00:00-05:00,3.422134050939224,3.422134050939224,3.3845282183740735,3.3907957077026367,118800,0.0,0.0
2010-11-24 00:00:00-05:00,3.4127349646833163,3.4409391339434365,3.4001996787238875,3.434671640396118,104600,0.0,0.0
2010-11-26 00:00:00-05:00,3.4346698538197042,3.437803748395634,3.403331505789679,3.4315359592437744,48400,0.0,0.0
2010-11-29 00:00:00-05:00,3.3970651409311716,3.444072379684809,3.3970651409311716,3.425269603729248,133200,0.0,0.0
2010-11-30 00:00:00-05:00,3.415867618199946,3.431536796035942,3.4064662310442317,3.428402900695801,119400,0.0,0.0
2010-12-01 00:00:00-05:00,3.447205628786212,3.447205628786212,3.3845292225812167,3.403331995010376,198400,0.0,0.0
2010-12-02 00:00:00-05:00,3.4001981037387976,3.40646559438299,3.3531905790164167,3.397064208984375,178200,0.0,0.0
2010-12-03 00:00:00-05:00,3.4064648793209305,3.4064648793209305,3.3657251526592025,3.3907957077026367,100200,0.0,0.0
2010-12-06 00:00:00-05:00,3.3907983396940984,3.4472072817596358,3.3907983396940984,3.4378058910369873,98400,0.0,0.0
2010-12-07 00:00:00-05:00,3.447204353132586,3.462873523601557,3.400197140590242,3.44093656539917,122400,0.0,0.0
2010-12-08 00:00:00-05:00,3.4472068774862143,3.4722774490496584,3.3531920846909054,3.35945987701416,269200,0.0,0.0
2010-12-09 00:00:00-05:00,3.367349336516557,3.389440566529422,3.2884517425043986,3.3200109004974365,252400,0.075,0.0
2010-12-10 00:00:00-05:00,3.301074308943587,3.3294774820244086,3.231644363742728,3.234800338745117,304500,0.0,0.0
2010-12-13 00:00:00-05:00,3.2284882976794607,3.392595381530901,3.080161088394889,3.1495907306671143,935200,0.0,0.0
2010-12-14 00:00:00-05:00,3.1369687052888717,3.162216216288082,3.0833186097056906,3.15906023979187,345600,0.0,0.0
2010-12-15 00:00:00-05:00,3.181150141096868,3.200085691173674,3.1527469664668386,3.187462091445923,244100,0.0,0.0
2010-12-16 00:00:00-05:00,3.209553348971038,3.2442681733393357,3.187462124461245,3.2379565238952637,254100,0.0,0.0
2010-12-17 00:00:00-05:00,3.2663570768585184,3.376813411712646,3.253733487133186,3.3768134117126465,305000,0.0,0.0
2010-12-20 00:00:00-05:00,3.3389452758603455,3.34841290037864,3.250580078092099,3.2568917274475098,173600,0.0,0.0
2010-12-21 00:00:00-05:00,3.2316451027024136,3.2632042580020553,3.212709850298957,3.2253334522247314,137400,0.0,0.0
2010-12-22 00:00:00-05:00,3.2852945111599596,3.3010740841269115,3.2695149381930078,3.294762134552002,264400,0.0,0.0
2010-12-23 00:00:00-05:00,3.282137816062044,3.326320550478934,3.282137816062044,3.288449764251709,301100,0.0,0.0
2010-12-27 00:00:00-05:00,3.3073856677945996,3.3641920089721675,3.294762069862953,3.364192008972168,252600,0.0,0.0
2010-12-28 00:00:00-05:00,3.3894392832019116,3.3894392832019116,3.3357889155093963,3.34841251373291,225300,0.0,0.0
2010-12-29 00:00:00-05:00,3.355083072030631,3.411779011868664,3.355083072030631,3.385098457336426,205800,0.57,0.0
2010-12-30 00:00:00-05:00,3.25169466701893,3.3484117264438717,3.231684098353646,3.325066328048706,496500,0.0,0.0
2010-12-31 00:00:00-05:00,3.3117263529705228,3.411778251128735,3.298386078678946,3.398437976837158,150300,0.0,0.0
2011-01-03 00:00:00-05:00,3.398437997169277,3.4984902139833074,3.3684226183765738,3.4584693908691406,258400,0.0,0.0
2011-01-04 00:00:00-05:00,3.481816320197649,3.4851514697691024,3.438460647998232,3.461806058883667,208100,0.0,0.0
2011-01-05 00:00:00-05:00,3.46514215903718,3.46514215903718,3.4051107225122523,3.425121307373047,178600,0.0,0.0
2011-01-06 00:00:00-05:00,3.4151140799638644,3.4518000801213837,3.4084441005171366,3.4417946338653564,113100,0.0,0.0
2011-01-07 00:00:00-05:00,3.4417957330489046,3.475146595105459,3.4417957330489046,3.4684762954711914,332200,0.0,0.0
2011-01-10 00:00:00-05:00,3.4918212440965846,3.4918212440965846,3.4551352404391866,3.4751458168029785,134900,0.0,0.0
2011-01-11 00:00:00-05:00,3.493619873314751,3.50033852709182,3.4701052258210985,3.4801828861236572,213300,0.075,0.0
2011-01-12 00:00:00-05:00,3.500340318024672,3.507058654876102,3.39620337374023,3.443233013153076,166900,0.0,0.0
2011-01-13 00:00:00-05:00,3.426436690479688,3.460029335826465,3.419718353628258,3.443233013153076,94400,0.0,0.0
2011-01-14 00:00:00-05:00,3.449952099834467,3.449952099834467,3.3928447878538766,3.4331557750701904,98200,0.0,0.0
2011-01-18 00:00:00-05:00,3.443231169946467,3.443231169946467,3.386123895645141,3.3861238956451416,198400,0.0,0.0
2011-01-19 00:00:00-05:00,3.3894842705783983,3.416358252634741,3.3693286238545728,3.409639596939087,96500,0.0,0.0
2011-01-20 00:00:00-05:00,3.4096407922549044,3.439874112757952,3.3928447878538766,3.4331557750701904,134500,0.0,0.0
2011-01-21 00:00:00-05:00,3.426438331604004,3.436516001889547,3.406282991032918,3.426438331604004,127600,0.0,0.0
2011-01-24 00:00:00-05:00,3.412999751004204,3.4869033797312685,3.412999751004204,3.476825714111328,187000,0.0,0.0
2011-01-25 00:00:00-05:00,3.493621338816555,3.5036993237096645,3.476825338054397,3.496980667114258,199200,0.0,0.0
2011-01-26 00:00:00-05:00,3.493622064590454,3.507059060209523,3.470107402347894,3.493622064590454,209200,0.0,0.0
2011-01-27 00:00:00-05:00,3.4936225648868104,3.5104188919067383,3.486904226296814,3.5104188919067383,245500,0.0,0.0
2011-01-28 00:00:00-05:00,3.517135994062826,3.517135994062826,3.463388027680263,3.470106363296509,94200,0.0,0.0
2011-01-31 00:00:00-05:00,3.4734648789897,3.5171351715536856,3.4734648789897,3.5070571899414062,151300,0.0,0.0
2011-02-01 00:00:00-05:00,3.5137782213833826,3.5171375508600264,3.500341223840098,3.5104188919067383,167600,0.0,0.0
2011-02-02 00:00:00-05:00,3.513776988239595,3.5204953244718222,3.493621338816555,3.496980667114258,189800,0.0,0.0
2011-02-03 00:00:00-05:00,3.5036993237096645,3.5036993237096645,3.4835436742866244,3.496980667114258,119500,0.0,0.0
2011-02-04 00:00:00-05:00,3.4768243708199567,3.5104166833622448,3.4768243708199567,3.5036983489990234,209900,0.0,0.0
2011-02-07 00:00:00-05:00,3.4969816926513153,3.527215015470616,3.4936223633684436,3.523855686187744,164000,0.0,0.0
2011-02-08 00:00:00-05:00,3.523853292780283,3.533931273783916,3.5070569781372836,3.527212619781494,121500,0.0,0.0
2011-02-09 00:00:00-05:00,3.552590060469648,3.579657387497882,3.5289062299869403,3.5661237239837646,248100,0.075,0.0
2011-02-10 00:00:00-05:00,3.5525914002464414,3.5661250688644652,3.535674233806884,3.539057731628418,66100,0.0,0.0
2011-02-11 00:00:00-05:00,3.555973907829537,3.569507572678817,3.5458234171915604,3.5593574047088623,73000,0.0,0.0
2011-02-14 00:00:00-05:00,3.5695071932262725,3.5695071932262725,3.542439866405075,3.555973529815674,116800,0.0,0.0
2011-02-15 00:00:00-05:00,3.5559736553176107,3.5627403259277344,3.545823165400427,3.5627403259277344,105700,0.0,0.0
2011-02-16 00:00:00-05:00,3.5593582824207157,3.5728919506073,3.5492077892797016,3.5728919506073,104200,0.0,0.0
2011-02-17 00:00:00-05:00,3.562742470679557,3.6033434867858887,3.562742470679557,3.6033434867858887,111500,0.0,0.0
2011-02-18 00:00:00-05:00,3.6033416460665415,3.6202588081359863,3.5965749748395806,3.6202588081359863,108400,0.0,0.0
2011-02-22 00:00:00-05:00,3.6033417328873303,3.6033417328873303,3.539056902676162,3.545823574066162,162000,0.0,0.0
2011-02-23 00:00:00-05:00,3.5627406050686363,3.5762742700172456,3.545823443215869,3.569507598876953,93500,0.0,0.0
2011-02-24 00:00:00-05:00,3.583041407684016,3.630409075571939,3.5728912392320376,3.616875410079956,157600,0.0,0.0
2011-02-25 00:00:00-05:00,3.6304099715478695,3.6473271382549717,3.616876302715811,3.6270267963409424,187700,0.0,0.0
2011-02-28 00:00:00-05:00,3.6405605349167662,3.687928215402355,3.6405605349167662,3.6845450401306152,221700,0.0,0.0
2011-03-01 00:00:00-05:00,3.6980768513061397,3.704843521118164,3.687926362586162,3.704843521118164,181400,0.0,0.0
2011-03-02 00:00:00-05:00,3.7048437869245867,3.7319111134505687,3.69469362014434,3.714993953704834,188400,0.0,0.0
2011-03-03 00:00:00-05:00,3.7183782714775915,3.7386789321899414,3.704844605225377,3.7386789321899414,104100,0.0,0.0
2011-03-04 00:00:00-05:00,3.7386793851107947,3.7420628827507545,3.7149952242991686,3.728529214859009,117500,0.0,0.0
2011-03-07 00:00:00-05:00,3.7420628827507545,3.7420628827507545,3.7217622195790887,3.728529214859009,117700,0.0,0.0
2011-03-08 00:00:00-05:00,3.738677225191257,3.765744545337337,3.73529372950602,3.7623610496520996,108200,0.0,0.0
2011-03-09 00:00:00-05:00,3.7879104614257812,3.8151615901162557,3.777691369381623,3.7879104614257812,201100,0.075,0.0
2011-03-10 00:00:00-05:00,3.794722149718099,3.794722149718099,3.740219585522109,3.7742836475372314,98100,0.0,0.0
2011-03-11 00:00:00-05:00,3.7606609706350955,3.7606609706350955,3.7197842597961426,3.7197842597961426,123900,0.0,0.0
2011-03-14 00:00:00-04:00,3.7300029596199273,3.7300029596199273,3.6720942108749735,3.6891262531280518,151500,0.0,0.0
2011-03-15 00:00:00-04:00,3.569899983123246,3.712968526135183,3.5324297741854442,3.699342966079712,183700,0.0,0.0
2011-03-16 00:00:00-04:00,3.7095626646109614,3.7606584375277152,3.692530632019043,3.692530632019043,90300,0.0,0.0
2011-03-17 00:00:00-04:00,3.6993431415356124,3.7402198236407638,3.6993431415356124,3.7300007343292236,109800,0.0,0.0
2011-03-18 00:00:00-04:00,3.770878362122556,3.770878362122556,3.7231890501361713,3.764065742492676,128400,0.0,0.0
2011-03-21 00:00:00-04:00,3.7606580877029767,3.7742836475372314,3.753845470215335,3.7742836475372314,200300,0.0,0.0
2011-03-22 00:00:00-04:00,3.7913178286084377,3.7913178286084377,3.743628179714169,3.753847599029541,98500,0.0,0.0
2011-03-23 00:00:00-04:00,3.767471453019447,3.7742840712719334,3.7538458916554656,3.7708775997161865,113700,0.0,0.0
2011-03-24 00:00:00-04:00,3.7708772992873447,3.8151604514069617,3.764064681577625,3.80153489112854,135100,0.0,0.0
2011-03-25 00:00:00-04:00,3.8151610969276804,3.8287866595115316,3.7538462277298694,3.7674717903137207,136200,0.0,0.0
2011-03-28 00:00:00-04:00,3.7674700125739116,3.7776890984750047,3.757250601813935,3.7606570720672607,125800,0.0,0.0
2011-03-29 00:00:00-04:00,3.7776896511929956,3.808347238240704,3.7742831804412655,3.7845022678375244,88400,0.0,0.0
2011-03-30 00:00:00-04:00,3.804941238379047,3.8083477095523537,3.770877176363925,3.7742836475372314,81700,0.0,0.0
2011-03-31 00:00:00-04:00,3.787909632635915,3.804941665555644,3.7708775997161865,3.7708775997161865,97900,0.0,0.0
2011-04-01 00:00:00-04:00,3.794723400911683,3.798129548349091,3.76747227225795,3.77769136428833,88600,0.0,0.0
2011-04-04 00:00:00-04:00,3.8049408945567933,3.828785540897345,3.7947218068192625,3.811753511428833,150900,0.0,0.0
2011-04-05 00:00:00-04:00,3.811752799992934,3.883287050522184,3.811752799992934,3.879880905151367,147400,0.0,0.0
2011-04-06 00:00:00-04:00,3.8798828834813137,3.9207595725038336,3.85944437654053,3.9139466285705566,123900,0.0,0.0
2011-04-07 00:00:00-04:00,3.9208072094568367,3.9208072094568367,3.8624924669419403,3.9002254009246826,130100,0.08,0.0
2011-04-08 00:00:00-04:00,3.907084841771156,3.9688295930074715,3.797315777204049,3.841909408569336,205500,0.0,0.0
2011-04-11 00:00:00-04:00,3.88993386614867,3.88993386614867,3.8350494907825072,3.838479518890381,110700,0.0,0.0
2011-04-12 00:00:00-04:00,3.8453406072381995,3.8453406072381995,3.824758800885096,3.835049867630005,92600,0.0,0.0
2011-04-13 00:00:00-04:00,3.838480664268104,3.910516510215393,3.838480664268104,3.8933653831481934,85800,0.0,0.0
2011-04-14 00:00:00-04:00,3.893362912526924,3.9413865612594408,3.87621146920678,3.9276654720306396,120400,0.0,0.0
2011-04-15 00:00:00-04:00,3.913947844200859,3.948250761177801,3.900226742837454,3.9448204040527344,146400,0.0,0.0
2011-04-18 00:00:00-04:00,3.9413879492722725,4.009993419576616,3.9310972105107926,3.996272325515747,151300,0.0,0.0
2011-04-19 00:00:00-04:00,4.003134617225057,4.016855716705322,3.9894135177447914,4.016855716705322,117700,0.0,0.0
2011-04-20 00:00:00-04:00,4.027145938435494,4.027145938435494,3.9516800646274097,3.961970806121826,171600,0.0,0.0
2011-04-21 00:00:00-04:00,3.955109930433087,3.9791220957778615,3.886504444741074,3.91737699508667,165300,0.0,0.0
2011-04-25 00:00:00-04:00,3.920807502799905,3.979122249677736,3.920807502799905,3.958540439605713,116800,0.0,0.0
2011-04-26 00:00:00-04:00,3.972262856096259,3.9859839583208605,3.9448206516470563,3.9482510089874268,217600,0.0,0.0
2011-04-27 00:00:00-04:00,3.9756894478997284,3.9756894478997284,3.9105140287104962,3.9276654720306396,225300,0.0,0.0
2011-04-28 00:00:00-04:00,3.927667436199303,3.9722610802776734,3.920807051722411,3.9654006958007812,117100,0.0,0.0
2011-04-29 00:00:00-04:00,3.975691925216361,4.0031341207736295,3.9448193734302404,3.989413022994995,92000,0.0,0.0
2011-05-02 00:00:00-04:00,4.027146580263153,4.027146580263153,3.985983280588302,4.006565093994141,164000,0.0,0.0
2011-05-03 00:00:00-04:00,3.9962705705011246,4.02028271991491,3.9859798362589554,4.013422012329102,123000,0.0,0.0
2011-05-04 00:00:00-04:00,4.013423941825792,4.020284652709961,3.9962724917520713,4.020284652709961,111000,0.0,0.0
2011-05-05 00:00:00-04:00,4.0099939088862,4.0237150046213515,3.999703168869018,3.9997031688690186,119400,0.0,0.0
2011-05-06 00:00:00-04:00,4.0099950033967815,4.027146459531317,4.006564973879327,4.016855716705322,140300,0.0,0.0
2011-05-09 00:00:00-04:00,4.020284123198435,4.088889587320595,4.020284123198435,4.085459232330322,192000,0.0,0.0
2011-05-10 00:00:00-04:00,4.1027283172208415,4.113088649946795,4.064740210992987,4.068193435668945,122800,0.08,0.0
2011-05-11 00:00:00-04:00,4.075101522803933,4.075101522803933,4.006032072454534,4.019845962524414,124600,0.0,0.0
2011-05-12 00:00:00-04:00,4.026752597407427,4.08891526515065,4.023299042677446,4.075101375579834,76000,0.0,0.0
2011-05-13 00:00:00-04:00,4.054382673918682,4.071650128003884,4.04056877652038,4.0612897872924805,57900,0.0,0.0
2011-05-16 00:00:00-04:00,4.07510054371894,4.078554097743938,4.030205329441091,4.068193435668945,97700,0.0,0.0
2011-05-17 00:00:00-04:00,4.0681899023692285,4.082003777122568,4.026748278109209,4.040562152862549,102600,0.0,0.0
2011-05-18 00:00:00-04:00,4.054378776047172,4.075099766898154,4.033658114545166,4.071646213531494,150200,0.0,0.0
2011-05-19 00:00:00-04:00,4.068191680172689,4.0923662185668945,4.0578313519174,4.0923662185668945,104900,0.0,0.0
2011-05-20 00:00:00-04:00,4.088910890876177,4.109631538391113,4.061283141290426,4.109631538391113,112000,0.0,0.0
2011-05-23 00:00:00-04:00,4.085461523086618,4.102728966595636,4.078554743292466,4.095821857452393,111400,0.0,0.0
2011-05-24 00:00:00-04:00,4.08545964916215,4.092366755137232,3.9784021413398962,4.050924777984619,243400,0.0,0.0
2011-05-25 00:00:00-04:00,4.026751397085042,4.037111728837597,3.9853097407258162,4.033658504486084,152600,0.0,0.0
2011-05-26 00:00:00-04:00,4.030205420605815,4.061286748835784,4.019845087645506,4.057833194732666,99600,0.0,0.0
2011-05-27 00:00:00-04:00,4.061287486009019,4.082008155690689,4.057833931279038,4.075101375579834,47900,0.0,0.0
2011-05-31 00:00:00-04:00,4.095820306649489,4.10272741317749,4.0820064229424515,4.10272741317749,93400,0.0,0.0
2011-06-01 00:00:00-04:00,4.099272933863681,4.099272933863681,4.047470964001904,4.082005500793457,105900,0.0,0.0
2011-06-02 00:00:00-04:00,4.064736692325833,4.109631538391113,4.057829590255019,4.109631538391113,101600,0.0,0.0
2011-06-03 00:00:00-04:00,4.075097016083301,4.109631538391113,4.075097016083301,4.109631538391113,93200,0.0,0.0
2011-06-06 00:00:00-04:00,4.099272994287455,4.102726546822184,4.075098785242147,4.0923662185668945,104500,0.0,0.0
2011-06-07 00:00:00-04:00,4.102726486347503,4.102726486347503,4.068191620207057,4.082005500793457,142400,0.0,0.0
2011-06-08 00:00:00-04:00,4.082005946442841,4.102726934259083,4.071645617209184,4.078552722930908,95000,0.0,0.0
2011-06-09 00:00:00-04:00,4.095939254283913,4.095939254283913,4.04030685440699,4.054214954376221,174400,0.08,0.0
2011-06-10 00:00:00-04:00,4.043781689963679,4.0542126761802715,3.8490680682152023,3.949901819229126,430800,0.0,0.0
2011-06-13 00:00:00-04:00,3.929042438843479,3.939473431941552,3.609155776676699,3.723897695541382,831300,0.0,0.0
2011-06-14 00:00:00-04:00,3.7447566839730726,3.866452379508425,3.7447566839730726,3.8594985008239746,265800,0.0,0.0
2011-06-15 00:00:00-04:00,3.8247318029082393,3.8525480076744922,3.789961381152765,3.831686019897461,177900,0.0,0.0
2011-06-16 00:00:00-04:00,3.8316830557458035,3.8351598299555,3.7760503576548796,3.8003897666931152,84300,0.0,0.0
2011-06-17 00:00:00-04:00,3.8177749919137076,3.845591509375213,3.8177749919137076,3.8247292041778564,96700,0.0,0.0
2011-06-20 00:00:00-04:00,3.838638407376038,3.894270795199646,3.817776096144591,3.866454601287842,131500,0.0,0.0
2011-06-21 00:00:00-04:00,3.897745241960286,3.918607538952327,3.8525438748066656,3.873406171798706,88400,0.0,0.0
2011-06-22 00:00:00-04:00,3.8803622437834977,3.9429488385526343,3.8664541484564836,3.9359946250915527,116200,0.0,0.0
2011-06-23 00:00:00-04:00,3.9186118669306844,3.942950963973999,3.887318552677664,3.942950963973999,87800,0.0,0.0
2011-06-24 00:00:00-04:00,3.935996404812502,3.9429506214180385,3.9151344181864896,3.918611526489258,71700,0.0,0.0
2011-06-27 00:00:00-04:00,3.9047036807664366,3.956859318369223,3.9047036807664366,3.939474105834961,85500,0.0,0.0
2011-06-28 00:00:00-04:00,3.9603343009948735,3.9777191726003025,3.9359948838759657,3.960334300994873,96100,0.0,0.0
2011-06-29 00:00:00-04:00,3.9672887928979303,3.9881511062632096,3.9533806945194843,3.977719783782959,69400,0.0,0.0
2011-06-30 00:00:00-04:00,3.9707637493390355,3.995102825417484,3.967286643729245,3.9811947345733643,61100,0.0,0.0
2011-07-01 00:00:00-04:00,3.991627216339111,3.998581430165949,3.9742423449623487,3.9916272163391113,57500,0.0,0.0
2011-07-05 00:00:00-04:00,3.9985825544992983,4.061169170158466,3.9846744545300674,4.054214954376221,110700,0.0,0.0
2011-07-06 00:00:00-04:00,4.050737835171017,4.071600150864222,4.005536759093712,4.057692050933838,104000,0.0,0.0
2011-07-07 00:00:00-04:00,4.089199782544065,4.0927005559118586,4.033183402051784,4.043686389923096,95000,0.08,0.0
2011-07-08 00:00:00-04:00,4.036685215494769,4.089200836150208,4.036685215494769,4.082198619842529,89700,0.0,0.0
2011-07-11 00:00:00-04:00,4.057690175710741,4.075195376751072,4.04018497467041,4.04018497467041,62800,0.0,0.0
2011-07-12 00:00:00-04:00,4.036683867685556,4.054189068725887,4.012176786559456,4.04018497467041,98400,0.0,0.0
2011-07-13 00:00:00-04:00,4.029683583906883,4.047188791881676,3.99817427632907,4.036685466766357,72900,0.0,0.0
2011-07-14 00:00:00-04:00,4.026183747201054,4.064694949802065,3.9141509149914393,3.9666662216186523,159000,0.0,0.0
2011-07-15 00:00:00-04:00,3.9526595042165598,3.9876699080763593,3.907146112752403,3.9211502075195312,106000,0.0,0.0
2011-07-18 00:00:00-04:00,3.9106477708319805,3.9106477708319805,3.8266231903921537,3.879138469696045,285600,0.0,0.0
2011-07-19 00:00:00-04:00,4.054189453433476,4.054189453433476,3.861632891485757,3.910647392272949,105200,0.0,0.0
2011-07-20 00:00:00-04:00,3.9386576073354544,3.9736680307320933,3.8896430813569887,3.9701669216156006,91000,0.0,0.0
2011-07-21 00:00:00-04:00,3.9876706875895542,4.019179656562026,3.907146876524736,4.015678882598877,68100,0.0,0.0
2011-07-22 00:00:00-04:00,3.9911724499300223,4.012178768331047,3.9736675741272895,3.9981746673583984,63100,0.0,0.0
2011-07-25 00:00:00-04:00,3.9456602937305716,3.956163288442112,3.861635334385703,3.8756394386291504,206600,0.0,0.0
2011-07-26 00:00:00-04:00,3.8616346023823165,3.882640921707665,3.8371275080728418,3.847630500793457,154300,0.0,0.0
2011-07-27 00:00:00-04:00,3.805617552576683,3.8546320667924237,3.746100047416163,3.7706074714660645,224100,0.0,0.0
2011-07-28 00:00:00-04:00,3.8161221309051907,3.8196232406378203,3.770609039917815,3.8126213550567627,151900,0.0,0.0
2011-07-29 00:00:00-04:00,3.7741067409515385,3.83012311549952,3.7425974467973164,3.774106740951538,139000,0.0,0.0
2011-08-01 00:00:00-04:00,3.8511299034184914,3.9211503803402152,3.8301235933999886,3.910647392272949,143900,0.0,0.0
2011-08-02 00:00:00-04:00,3.910647219915174,3.980667693750817,3.910647219915174,3.9211502075195312,194800,0.0,0.0
2011-08-03 00:00:00-04:00,3.924652363588159,3.9701657672162662,3.924652363588159,3.95266056060791,89400,0.0,0.0
2011-08-04 00:00:00-04:00,3.8931429548311063,3.973666769532312,3.798615375876863,3.840627670288086,170200,0.0,0.0
2011-08-05 00:00:00-04:00,3.8966443644556032,3.8966443644556032,3.588553847708224,3.7706074714660645,307600,0.0,0.0
2011-08-08 00:00:00-04:00,3.57454875503089,3.6620744343079594,3.5045282783860277,3.5570435523986816,297900,0.0,0.0
2011-08-09 00:00:00-04:00,3.588803879112392,3.804061412811279,3.5570444991413908,3.8040614128112793,190100,0.08,0.0
2011-08-10 00:00:00-04:00,3.7723029798432126,3.8075912634551172,3.715841995291376,3.779360771179199,113300,0.0,0.0
2011-08-11 00:00:00-04:00,3.7476014899755823,3.885225396141039,3.7370151392040927,3.8605234622955322,125400,0.0,0.0
2011-08-12 00:00:00-04:00,3.8252348003327556,3.8887535661756263,3.804061766207145,3.811119556427002,74400,0.0,0.0
2011-08-15 00:00:00-04:00,3.853465348551541,3.9099263250596423,3.849936453386293,3.895811080932617,123200,0.0,0.0
2011-08-16 00:00:00-04:00,3.895807591568883,3.9487396255020233,3.8816923600844677,3.931095838546753,124200,0.0,0.0
2011-08-17 00:00:00-04:00,3.9628566135663297,3.9699144007038116,3.902867105566803,3.952270269393921,89100,0.0,0.0
2011-08-18 00:00:00-04:00,3.8816958368055916,3.9063974298943944,3.7970043720434394,3.895811080932617,94400,0.0,0.0
2011-08-19 00:00:00-04:00,3.8464069670116263,3.9169835133327977,3.8464069670116263,3.864051103591919,91000,0.0,0.0
2011-08-22 00:00:00-04:00,3.8816947427139414,3.8993388770330517,3.793474407652261,3.8146474361419678,89500,0.0,0.0
2011-08-23 00:00:00-04:00,3.8322930440320957,3.8958118229691343,3.82523558889133,3.888754367828369,111400,0.0,0.0
2011-08-24 00:00:00-04:00,3.881695356440766,3.9028683882780966,3.828763281648325,3.8711090087890625,55200,0.0,0.0
2011-08-25 00:00:00-04:00,3.856992590863398,3.871107828941561,3.818175433748085,3.825233221054077,71800,0.0,0.0
2011-08-26 00:00:00-04:00,3.8252354156379416,3.909926892695442,3.811120169461691,3.885225296020508,55300,0.0,0.0
2011-08-29 00:00:00-04:00,3.899338589263668,3.966385890887582,3.8958096953535026,3.93815541267395,73000,0.0,0.0
2011-08-30 00:00:00-04:00,3.9169823433079527,3.9734432942725526,3.9169823433079527,3.952270269393921,73000,0.0,0.0
2011-08-31 00:00:00-04:00,3.9593303562445454,3.984031952505628,3.9593303562445454,3.9628589153289795,68400,0.0,0.0
2011-09-01 00:00:00-04:00,3.998145198133949,4.015789330864621,3.966385826525507,4.012260437011719,68400,0.0,0.0
2011-09-02 00:00:00-04:00,3.9946163042810463,4.022846782036585,3.9699147203784095,4.012260437011719,90200,0.0,0.0
2011-09-06 00:00:00-04:00,3.973446369171143,3.973446369171143,3.874639291986252,3.9734463691711426,76400,0.0,0.0
2011-09-07 00:00:00-04:00,3.9805015064606644,4.036962468227871,3.969915160262783,3.994616746902466,58500,0.0,0.0
2011-09-08 00:00:00-04:00,3.9804017988771263,4.033710955806025,3.9804017988771263,4.005279541015625,43000,0.08,0.0
2011-09-09 00:00:00-04:00,3.944862416680042,3.9804015131523425,3.944862416680042,3.951970100402832,49900,0.0,0.0
2011-09-12 00:00:00-04:00,3.944862322332349,3.9875094404366402,3.9270926050566026,3.948415994644165,51400,0.0,0.0
2011-09-13 00:00:00-04:00,3.9626307064598314,3.9910621113959546,3.9270916197542176,3.983954429626465,72000,0.0,0.0
2011-09-14 00:00:00-04:00,4.008832830024202,4.008832830024202,3.948415994644165,3.948415994644165,61900,0.0,0.0
2011-09-15 00:00:00-04:00,3.966184551071347,3.983954263146139,3.9093217435752665,3.93064546585083,69600,0.0,0.0
2011-09-16 00:00:00-04:00,3.9199841907921265,3.930646223449458,3.8808910878359746,3.895106792449951,102600,0.0,0.0
2011-09-19 00:00:00-04:00,3.8737825966983443,3.937753429174791,3.8702289251722797,3.9093220233917236,58300,0.0,0.0
2011-09-20 00:00:00-04:00,3.991062962822643,3.991062962822643,3.912876752033121,3.9235384464263916,64700,0.0,0.0
2011-09-21 00:00:00-04:00,3.927093029438108,3.9875098713470947,3.927093029438108,3.955524444580078,63400,0.0,0.0
2011-09-22 00:00:00-04:00,3.9342010029580075,3.987510164464804,3.8951078889964057,3.919985294342041,118400,0.0,0.0
2011-09-23 00:00:00-04:00,3.8986610465323754,3.927092457533866,3.8844453410316304,3.9235384464263916,89500,0.0,0.0
2011-09-26 00:00:00-04:00,3.9164288125399933,3.9270905016231463,3.8240266033420407,3.8524580001831055,166000,0.0,0.0
2011-09-27 00:00:00-04:00,3.8560139763136045,3.923538493520348,3.8560139763136045,3.902214765548706,106500,0.0,0.0
2011-09-28 00:00:00-04:00,3.8915504083815224,3.9093201130447843,3.8275799460942777,3.8453493118286133,73700,0.0,0.0
2011-09-29 00:00:00-04:00,3.859566879171572,3.9235377114054453,3.838243494379675,3.8666749000549316,63000,0.0,0.0
2011-09-30 00:00:00-04:00,3.8489043471341926,3.877335746607118,3.8062572479248047,3.8062572479248047,53400,0.0,0.0
2011-10-03 00:00:00-04:00,3.8275816440582275,3.887998124428555,3.792042218965963,3.8275816440582275,96100,0.0,0.0
2011-10-04 00:00:00-04:00,3.8240296597775845,3.8240296597775845,3.5752545691150908,3.6854262351989746,340000,0.0,0.0
2011-10-05 00:00:00-04:00,3.6783174264666063,3.8311361752300317,3.6783174264666063,3.824028491973877,106100,0.0,0.0
2011-10-06 00:00:00-04:00,3.8204737811003664,3.8666749000549316,3.770718651704122,3.8666749000549316,73000,0.0,0.0
2011-10-07 00:00:00-04:00,3.8453530407365286,3.8453530407365286,3.77782850425109,3.7849361896514893,107400,0.0,0.0
2011-10-10 00:00:00-04:00,3.7955971383479343,3.887999055646752,3.7955971383479343,3.8737833499908447,65000,0.0,0.0
2011-10-11 00:00:00-04:00,3.88452618951371,3.9131678289486733,3.855884550078747,3.9024269580841064,61800,0.08,0.0
2011-10-12 00:00:00-04:00,3.9203242212643943,3.9811877307000785,3.9060034155992294,3.9632866382598877,57400,0.0,0.0
2011-10-13 00:00:00-04:00,3.9632873978567758,3.9847687811890773,3.8881030683462265,3.966867685317993,85800,0.0,0.0
2011-10-14 00:00:00-04:00,3.9740309295908247,3.988351747619962,3.9382287138003638,3.9704506397247314,63300,0.0,0.0
2011-10-17 00:00:00-04:00,3.9776081193370882,3.9776081193370882,3.9453865571953366,3.9489665031433105,72800,0.0,0.0
2011-10-18 00:00:00-04:00,3.9597101115616873,3.9955119859169135,3.94538929353255,3.9704506397247314,85900,0.0,0.0
2011-10-19 00:00:00-04:00,3.9632881081671987,4.002670594428812,3.956127873396493,3.9776089191436768,72900,0.0,0.0
2011-10-20 00:00:00-04:00,3.999090394038993,4.009830917148159,3.9776090063855865,3.984769582748413,50300,0.0,0.0
2011-10-21 00:00:00-04:00,4.009830868772019,4.034892544304484,3.9704487235568138,3.991929769515991,80500,0.0,0.0
2011-10-24 00:00:00-04:00,3.9919308328136607,4.081436011499484,3.9919308328136607,4.077856063842773,244000,0.0,0.0
2011-10-25 00:00:00-04:00,4.067113477411856,4.067113477411856,3.9776083365595567,3.988349199295044,119300,0.0,0.0
2011-10-26 00:00:00-04:00,4.045633756060837,4.074275383172743,4.006251262705619,4.031312942504883,141100,0.0,0.0
2011-10-27 00:00:00-04:00,4.052792679018813,4.110075914682892,4.038471870102793,4.074274063110352,86900,0.0,0.0
2011-10-28 00:00:00-04:00,4.102918593587928,4.110078832411454,4.0635364264703835,4.088597774505615,80700,0.0,0.0
2011-10-31 00:00:00-04:00,4.081436122174908,4.099337226684526,4.027733150081226,4.067115306854248,54700,0.0,0.0
2011-11-01 00:00:00-04:00,4.042053663371674,4.059954766543686,4.013412034870513,4.027732849121094,74800,0.0,0.0
2011-11-02 00:00:00-04:00,4.085014453520439,4.110075782961545,4.03847174067624,4.052792549133301,78300,0.0,0.0
2011-11-03 00:00:00-04:00,4.1172387686975656,4.1172387686975656,4.08143655587394,4.1064982414245605,97600,0.0,0.0
2011-11-04 00:00:00-04:00,4.081434692437199,4.1601993198269485,4.063533935633435,4.142298221588135,79300,0.0,0.0
2011-11-07 00:00:00-05:00,4.106497799657904,4.160200771680908,4.106497799657904,4.120818614959717,109900,0.0,0.0
2011-11-08 00:00:00-05:00,4.160200339959276,4.160200339959276,4.045633829433831,4.059954643249512,196000,0.0,0.0
2011-11-09 00:00:00-05:00,4.02029215552195,4.049137274510412,3.995052762372282,4.03110933303833,80000,0.08,0.0
2011-11-10 00:00:00-05:00,4.023901430845515,4.139282008576607,4.023901430845515,4.085197448730469,77300,0.0,0.0
2011-11-11 00:00:00-05:00,4.092403039532498,4.11764241876042,4.085191591832661,4.099614143371582,52000,0.0,0.0
2011-11-14 00:00:00-05:00,4.081586207270471,4.135671037932866,4.059952550094138,4.114037036895752,121200,0.0,0.0
2011-11-15 00:00:00-05:00,4.088799801669247,4.19696917590841,4.088799801669247,4.182546615600586,95300,0.0,0.0
2011-11-16 00:00:00-05:00,4.178938678336427,4.178938678336427,4.114037019362464,4.132065296173096,58300,0.0,0.0
2011-11-17 00:00:00-05:00,4.1356740983551035,4.1717303349510715,4.106828971533915,4.142885208129883,110900,0.0,0.0
2011-11-18 00:00:00-05:00,4.132067753532941,4.160912876039968,4.059954947265374,4.092405796051025,120800,0.0,0.0
2011-11-21 00:00:00-05:00,4.0996156347706565,4.103221359932301,4.038319682466203,4.059953689575195,97600,0.0,0.0
2011-11-22 00:00:00-05:00,4.103223984182081,4.11764655019185,4.067167397227108,4.070773124694824,92800,0.0,0.0
2011-11-23 00:00:00-05:00,4.0743768422086255,4.09961623430946,4.049137106246863,4.0635600090026855,109400,0.0,0.0
2011-11-25 00:00:00-05:00,4.052744802167539,4.074378822957671,4.005871377006499,4.027505397796631,58200,0.0,0.0
2011-11-28 00:00:00-05:00,4.07798413423658,4.117646100466329,4.052744388580322,4.052744388580322,106200,0.0,0.0
2011-11-29 00:00:00-05:00,4.0491368487427195,4.074376583099365,4.034714290765024,4.074376583099365,55100,0.0,0.0
2011-11-30 00:00:00-05:00,4.081586189875483,4.15369929711801,4.074375085467698,4.132065296173096,117900,0.0,0.0
2011-12-01 00:00:00-05:00,4.157307771540477,4.1717303349510715,4.1356740983551035,4.142885208129883,80800,0.0,0.0
2011-12-02 00:00:00-05:00,4.153701405664545,4.189757633728279,4.139278501805907,4.16091251373291,87800,0.0,0.0
2011-12-05 00:00:00-05:00,4.18975907330993,4.225815657623492,4.168125397810651,4.222209930419922,168900,0.0,0.0
2011-12-06 00:00:00-05:00,4.214996672632257,4.254658967179931,4.182546173267239,4.229419231414795,100900,0.0,0.0
2011-12-07 00:00:00-05:00,4.25105132179469,4.254657045827253,4.196966836749314,4.243840217590332,116900,0.0,0.0
2011-12-08 00:00:00-05:00,4.236583619508775,4.269256556073849,4.174868149600151,4.2184319496154785,137600,0.08,0.0
2011-12-09 00:00:00-05:00,4.229321620395377,4.243842882972152,4.1494548493302235,4.2148003578186035,70500,0.0,0.0
2011-12-12 00:00:00-05:00,4.156712663404425,4.196646369749168,4.138561010176268,4.142191410064697,88800,0.0,0.0
2011-12-13 00:00:00-05:00,4.138563642736986,4.269255352142164,4.138563642736986,4.2148003578186035,224200,0.0,0.0
2011-12-14 00:00:00-05:00,4.211172408223992,4.243845005703603,4.160347790676179,4.174869060516357,77100,0.0,0.0
2011-12-15 00:00:00-05:00,4.24384112596684,4.24384112596684,4.182126045227051,4.182126045227051,32100,0.0,0.0
2011-12-16 00:00:00-05:00,4.232953216287255,4.236583619508775,4.193019819493447,4.2184319496154785,81900,0.0,0.0
2011-12-19 00:00:00-05:00,4.225691985925988,4.232952444831504,4.174867388730403,4.178497791290283,87900,0.0,0.0
2011-12-20 00:00:00-05:00,4.214798612837269,4.218429013531982,4.174865243837625,4.182126045227051,141000,0.0,0.0
2011-12-21 00:00:00-05:00,4.182125852480373,4.26562298732614,4.182125852480373,4.254732131958008,106400,0.0,0.0
2011-12-22 00:00:00-05:00,4.280146452011581,4.3200798397785825,4.272885993424048,4.301928520202637,144900,0.0,0.0
2011-12-23 00:00:00-05:00,4.320077963167981,4.385423793141163,4.3091871069104775,4.3781633377075195,153200,0.0,0.0
2011-12-27 00:00:00-05:00,4.374533974979119,4.38542483382107,4.305557727813721,4.305557727813721,194900,0.0,0.0
2011-12-28 00:00:00-05:00,4.426203645206854,4.445054669977412,4.24146439347285,4.260315418243408,149200,0.44,0.0
2011-12-29 00:00:00-05:00,4.2263838022273905,4.275396324626241,4.181141556833082,4.196222305297852,151200,0.0,0.0
2011-12-30 00:00:00-05:00,4.1886798821965145,4.226381916311563,4.181139691105452,4.203760623931885,98400,0.0,0.0
2012-01-03 00:00:00-05:00,4.3319486824537865,4.335718959145853,4.264085499763451,4.328178405761719,120300,0.0,0.0
2012-01-04 00:00:00-05:00,4.347028774297379,4.347028774297379,4.309327091720852,4.343258857727051,110600,0.0,0.0
2012-01-05 00:00:00-05:00,4.305558456613495,4.347030431120259,4.305558456613495,4.324409484863281,111500,0.0,0.0
2012-01-06 00:00:00-05:00,4.324407903896518,4.350799118065741,4.316867351531982,4.316867351531982,86000,0.0,0.0
2012-01-09 00:00:00-05:00,4.328179702901011,4.377192235926634,4.309329032897949,4.309329032897949,162700,0.0,0.0
2012-01-10 00:00:00-05:00,4.358339744409363,4.36587993734856,4.313097148560846,4.362109661102295,122800,0.0,0.0
2012-01-11 00:00:00-05:00,4.37350141205146,4.392483332641439,4.3013688104045995,4.308961868286133,142800,0.08,0.0
2012-01-12 00:00:00-05:00,4.289978420786384,4.312756864132127,4.267199615383813,4.274792671203613,265000,0.0,0.0
2012-01-13 00:00:00-05:00,4.286182556224363,4.289979084721829,4.225439548492432,4.225439548492432,167000,0.0,0.0
2012-01-17 00:00:00-05:00,4.358314431248246,4.358314431248246,4.233031897524491,4.244421482086182,178900,0.0,0.0
2012-01-18 00:00:00-05:00,4.286181892876485,4.289978420786384,4.252013865801042,4.274792671203613,121700,0.0,0.0
2012-01-19 00:00:00-05:00,4.301367367233625,4.316553115844727,4.2785889253453755,4.316553115844727,128900,0.0,0.0
2012-01-20 00:00:00-05:00,4.350721998832264,4.392482725235113,4.350721998832264,4.381093502044678,174000,0.0,0.0
2012-01-23 00:00:00-05:00,4.396279780891782,4.4038728386339505,4.362111745165864,4.384890556335449,107800,0.0,0.0
2012-01-24 00:00:00-05:00,4.396276603721858,4.4228515625,4.388683913523813,4.4228515625,102200,0.0,0.0
2012-01-25 00:00:00-05:00,4.44183795963303,4.464616775512695,4.4114664464981415,4.464616775512695,146500,0.0,0.0
2012-01-26 00:00:00-05:00,4.441836487614753,4.476004519082515,4.438039959216807,4.460818767547607,87800,0.0,0.0
2012-01-27 00:00:00-05:00,4.464616376442767,4.487394828229383,4.460819847126009,4.479802131652832,84400,0.0,0.0
2012-01-30 00:00:00-05:00,4.49118961310495,4.510171890258789,4.464614642323669,4.510171890258789,92100,0.0,0.0
2012-01-31 00:00:00-05:00,4.506377112756206,4.506377112756206,4.472209073019318,4.479802131652832,63500,0.0,0.0
2012-02-01 00:00:00-05:00,4.513967514038086,4.517763679063095,4.479799494415753,4.513967514038086,97400,0.0,0.0
2012-02-02 00:00:00-05:00,4.517767854571455,4.521564385162124,4.483600165426675,4.494989395141602,73700,0.0,0.0
2012-02-03 00:00:00-05:00,4.494984227736315,4.5215591872064325,4.483595011114359,4.517762660980225,96800,0.0,0.0
2012-02-06 00:00:00-05:00,4.491187701510106,4.52535571343264,4.479798484888152,4.517762660980225,132800,0.0,0.0
2012-02-07 00:00:00-05:00,4.525359630584717,4.544341916090157,4.49119158908632,4.525359630584717,93400,0.0,0.0
2012-02-08 00:00:00-05:00,4.525358787886658,4.574712576187504,4.525358787886658,4.551933765411377,138500,0.0,0.0
2012-02-09 00:00:00-05:00,4.563399370871355,4.590153217315674,4.513714437093738,4.590153217315674,156200,0.08,0.0
2012-02-10 00:00:00-05:00,4.559576798394569,4.593974333775493,4.494603757005887,4.509891510009766,206800,0.0,0.0
2012-02-13 00:00:00-05:00,4.525177999192004,4.54046574792622,4.490780473417849,4.498424530029297,99700,0.0,0.0
2012-02-14 00:00:00-05:00,4.521356456889958,4.5481099289284135,4.490780956134945,4.506068706512451,87600,0.0,0.0
2012-02-15 00:00:00-05:00,4.506068059130605,4.548109275506552,4.498424367284373,4.517533779144287,104900,0.0,0.0
2012-02-16 00:00:00-05:00,4.502247638702328,4.559576988220215,4.502247638702328,4.559576988220215,63200,0.0,0.0
2012-02-17 00:00:00-05:00,4.5328233827131745,4.559577226347614,4.529001717470098,4.536645412445068,76100,0.0,0.0
2012-02-21 00:00:00-05:00,4.551932868703753,4.567220622141068,4.532823085784912,4.532823085784912,106300,0.0,0.0
2012-02-22 00:00:00-05:00,4.5442890453906895,4.567220492652117,4.498425786379052,4.509891510009766,137100,0.0,0.0
2012-02-23 00:00:00-05:00,4.525181722318403,4.544291515081065,4.471674375480747,4.490784168243408,124900,0.0,0.0
2012-02-24 00:00:00-05:00,4.486958973937948,4.509890781986318,4.448739779842296,4.479315280914307,203000,0.0,0.0
2012-02-27 00:00:00-05:00,4.506067721675879,4.513711777438323,4.4487387614121054,4.4525604248046875,103700,0.0,0.0
2012-02-28 00:00:00-05:00,4.448741439774947,4.5137144949181645,4.448741439774947,4.456385135650635,60400,0.0,0.0
2012-02-29 00:00:00-05:00,4.48313712442055,4.498425240056507,4.467849373273329,4.475493431091309,65900,0.0,0.0
2012-03-01 00:00:00-05:00,4.517532171648371,4.528998252070689,4.494600739780812,4.5213541984558105,78000,0.0,0.0
2012-03-02 00:00:00-05:00,4.5289988248686,4.571040031601912,4.521354770286952,4.563395977020264,130300,0.0,0.0
2012-03-05 00:00:00-05:00,4.555754611448948,4.582508087158203,4.5290011357396915,4.582508087158203,74200,0.0,0.0
2012-03-06 00:00:00-05:00,4.55575489818528,4.567220622141068,4.525179391310651,4.532823085784912,85500,0.0,0.0
2012-03-07 00:00:00-05:00,4.532821782361301,4.574863365591355,4.532821782361301,4.548109531402588,106800,0.0,0.0
2012-03-08 00:00:00-05:00,4.54426131428123,4.598130390301384,4.532717626315004,4.578891277313232,77000,0.08,0.0
2012-03-09 00:00:00-05:00,4.578892835380581,4.609675279853793,4.575045305038193,4.5942840576171875,97800,0.0,0.0
2012-03-12 00:00:00-04:00,4.605826675239693,4.609674204684676,4.594282986037948,4.601978778839111,76600,0.0,0.0
2012-03-13 00:00:00-04:00,4.601981216447679,4.601981216447679,4.5596554344886675,4.5673508644104,81000,0.0,0.0
2012-03-14 00:00:00-04:00,4.559653221115271,4.578891970058514,4.5404141052164135,4.548109531402588,69300,0.0,0.0
2012-03-15 00:00:00-04:00,4.559654100578011,4.559654100578011,4.521175861358643,4.521175861358643,65000,0.0,0.0
2012-03-16 00:00:00-04:00,4.525021908006381,4.525021908006381,4.436522140779169,4.451913356781006,187200,0.0,0.0
2012-03-19 00:00:00-04:00,4.4365261740105195,4.4596132024793835,4.29030930559003,4.298005104064941,343900,0.0,0.0
2012-03-20 00:00:00-04:00,4.2556754150179525,4.2864578468084,4.117154105005407,4.224892616271973,445300,0.0,0.0
2012-03-21 00:00:00-04:00,4.221047792821264,4.348025497076863,4.213351996463583,4.328786373138428,113600,0.0,0.0
2012-03-22 00:00:00-04:00,4.340329170227051,4.367264087231075,4.3172425178872835,4.340329170227051,82100,0.0,0.0
2012-03-23 00:00:00-04:00,4.321090768966772,4.3826560416991125,4.321090768966772,4.37111234664917,103700,0.0,0.0
2012-03-26 00:00:00-04:00,4.367261544634268,4.424978508836894,4.351870329716534,4.382652759552002,115800,0.0,0.0
2012-03-27 00:00:00-04:00,4.401894963800444,4.417286190818929,4.290308476177479,4.3133955001831055,163700,0.0,0.0
2012-03-28 00:00:00-04:00,4.294155576963159,4.355720473600437,4.251829802263963,4.255677700042725,110700,0.0,0.0
2012-03-29 00:00:00-04:00,4.25183201540709,4.255679915188742,4.217201651284059,4.228744983673096,111000,0.0,0.0
2012-03-30 00:00:00-04:00,4.228742782547118,4.255677700042725,4.209503660609037,4.255677700042725,143200,0.0,0.0
2012-04-02 00:00:00-04:00,4.2556769436276225,4.332633050745842,4.2556769436276225,4.27491569519043,125600,0.0,0.0
2012-04-03 00:00:00-04:00,4.282611871057348,4.351872557114265,4.271068545699761,4.321089744567871,110300,0.0,0.0
2012-04-04 00:00:00-04:00,4.321091765577937,4.321091765577937,4.27107054331449,4.298005104064941,103300,0.0,0.0
2012-04-05 00:00:00-04:00,4.294153213500977,4.328783540538166,4.286457789134672,4.294153213500977,68100,0.0,0.0
2012-04-09 00:00:00-04:00,4.271067404704219,4.32493648661922,4.255676186020562,4.301849842071533,97600,0.0,0.0
2012-04-10 00:00:00-04:00,4.313477740240186,4.313477740240186,4.251469135284424,4.251469135284424,78200,0.08,0.0
2012-04-11 00:00:00-04:00,4.290223362024348,4.290223362024348,4.255343437194824,4.255343437194824,65700,0.0,0.0
2012-04-12 00:00:00-04:00,4.251469283812762,4.313477890934843,4.251469283812762,4.3096022605896,49700,0.0,0.0
2012-04-13 00:00:00-04:00,4.305726886941912,4.305726886941912,4.263096059404042,4.270847320556641,81500,0.0,0.0
2012-04-16 00:00:00-04:00,4.274719757480153,4.309599670422821,4.274719757480153,4.297973155975342,74300,0.0,0.0
2012-04-17 00:00:00-04:00,4.309600044198524,4.321226559654381,4.286347013286807,4.294097900390625,77000,0.0,0.0
2012-04-18 00:00:00-04:00,4.313477240084645,4.325103759765625,4.286348570962228,4.325103759765625,61900,0.0,0.0
2012-04-19 00:00:00-04:00,4.317352767275755,4.348357065422047,4.317352767275755,4.32122802734375,51700,0.0,0.0
2012-04-20 00:00:00-04:00,4.321229342234646,4.390989219090974,4.286349773406982,4.286349773406982,110400,0.0,0.0
2012-04-23 00:00:00-04:00,4.282472839461078,4.356107955158427,4.282472839461078,4.32122802734375,61700,0.0,0.0
2012-04-24 00:00:00-04:00,4.332855046484142,4.359983715776848,4.332855046484142,4.352232456207275,66400,0.0,0.0
2012-04-25 00:00:00-04:00,4.383237610183794,4.387112870797239,4.313477744735639,4.348357677459717,80900,0.0,0.0
2012-04-26 00:00:00-04:00,4.352230887941076,4.371608660282096,4.301849197294795,4.317351341247559,105300,0.0,0.0
2012-04-27 00:00:00-04:00,4.336730714302578,4.3754862765925,4.336730714302578,4.367735385894775,79500,0.0,0.0
2012-04-30 00:00:00-04:00,4.356108144267464,4.418116743251991,4.3483572541946005,4.402614593505859,98000,0.0,0.0
2012-05-01 00:00:00-04:00,4.425869089670712,4.445246874011576,4.371611367436393,4.429744720458984,63000,0.0,0.0
2012-05-02 00:00:00-04:00,4.441369156374083,4.460746931609986,4.418115752170936,4.449120044708252,97000,0.0,0.0
2012-05-03 00:00:00-04:00,4.441370560138629,4.449121450922587,4.367735434489054,4.421992778778076,75000,0.0,0.0
2012-05-04 00:00:00-04:00,4.390987292965983,4.437493733936456,4.37936077512345,4.387111663818359,62100,0.0,0.0
2012-05-07 00:00:00-04:00,4.387112443759728,4.418116743251991,4.387112443759728,4.402614593505859,52000,0.0,0.0
2012-05-08 00:00:00-04:00,4.398737699359984,4.406488586553784,4.383235555372119,4.390986442565918,62000,0.0,0.0
2012-05-09 00:00:00-04:00,4.371473260253279,4.426116810939362,4.371473260253279,4.402698040008545,53200,0.08,0.0
2012-05-10 00:00:00-04:00,4.418309439652674,4.430019008608097,4.371472280516941,4.379278659820557,88300,0.0,0.0
2012-05-11 00:00:00-04:00,4.390987354682507,4.42221212387085,4.3792781592940315,4.42221212387085,53000,0.0,0.0
2012-05-14 00:00:00-04:00,4.414405999464207,4.4183088163367685,4.348053273658843,4.355859279632568,98300,0.0,0.0
2012-05-15 00:00:00-04:00,4.3636673286958825,4.383182537216925,4.312926967637937,4.316830158233643,100000,0.0,0.0
2012-05-16 00:00:00-04:00,4.305119514465332,4.332441469603321,4.285603938574954,4.305119514465332,102700,0.0,0.0
2012-05-17 00:00:00-04:00,4.305120409603258,4.320732799116021,4.156802523117644,4.195833683013916,255900,0.0,0.0
2012-05-18 00:00:00-04:00,4.203640262610862,4.27389583262525,4.180221491120236,4.199737071990967,111200,0.0,0.0
2012-05-21 00:00:00-04:00,4.262185898878524,4.273895096492681,4.17241439122684,4.227057933807373,110600,0.0,0.0
2012-05-22 00:00:00-04:00,4.223156300196257,4.297315447615634,4.223156300196257,4.250478267669678,91000,0.0,0.0
2012-05-23 00:00:00-04:00,4.223155056224242,4.320732578759766,4.223155056224242,4.309023380279541,60000,0.0,0.0
2012-05-24 00:00:00-04:00,4.293411556746132,4.3753767013549805,4.28560517524588,4.3753767013549805,102200,0.0,0.0
2012-05-25 00:00:00-04:00,4.390985975937102,4.390985975937102,4.289505321825051,4.348052024841309,67200,0.0,0.0
2012-05-29 00:00:00-04:00,4.375377190119345,4.387086391448975,4.3402492139016555,4.387086391448975,68500,0.0,0.0
2012-05-30 00:00:00-04:00,4.3558608565810975,4.390988826751709,4.340248466752907,4.390988826751709,52700,0.0,0.0
2012-05-31 00:00:00-04:00,4.375374952362291,4.430018484334816,4.363665757021253,4.410502910614014,69100,0.0,0.0
2012-06-01 00:00:00-04:00,4.430020668134141,4.4612454525883845,4.332443123657431,4.394892692565918,60300,0.0,0.0
2012-06-04 00:00:00-04:00,4.4417295875503005,4.457341978787276,4.3792800226024,4.3987956047058105,75500,0.0,0.0
2012-06-05 00:00:00-04:00,4.3831831192239825,4.398795883679897,4.37147391811084,4.394892692565918,41600,0.0,0.0
2012-06-06 00:00:00-04:00,4.484663854814671,4.484663854814671,4.375377109224818,4.394892692565918,104700,0.0,0.0
2012-06-07 00:00:00-04:00,4.398820823545236,4.445993496490474,4.375234861964716,4.4420623779296875,46500,0.08,0.0
2012-06-08 00:00:00-04:00,4.465649207681128,4.481373310089111,4.434201002865161,4.481373310089111,63100,0.0,0.0
2012-06-11 00:00:00-04:00,4.481373075413468,4.489235313651825,4.430270026432761,4.453855991363525,39200,0.0,0.0
2012-06-12 00:00:00-04:00,4.453856224598184,4.497097412497094,4.445994360840278,4.481373310089111,55900,0.0,0.0
2012-06-13 00:00:00-04:00,4.4577901140538625,4.516755441002602,4.438134880106814,4.485307216644287,70200,0.0,0.0
2012-06-14 00:00:00-04:00,4.52068177144754,4.532474749359815,4.473509484906433,4.504957675933838,47700,0.0,0.0
2012-06-15 00:00:00-04:00,4.532476088555331,4.532476088555331,4.434200368834491,4.449924468994141,53900,0.0,0.0
2012-06-18 00:00:00-04:00,4.402753833867763,4.469581378546988,4.402753833867763,4.461719512939453,78600,0.0,0.0
2012-06-19 00:00:00-04:00,4.536408495567667,4.567856704817629,4.477443196947044,4.512822151184082,85400,0.0,0.0
2012-06-20 00:00:00-04:00,4.54820043741716,4.54820043741716,4.465648813341927,4.497097015380859,56300,0.0,0.0
2012-06-21 00:00:00-04:00,4.4853058601548135,4.540340423583984,4.4853058601548135,4.540340423583984,36600,0.0,0.0
2012-06-22 00:00:00-04:00,4.540339466106319,4.56785655457189,4.512822002748536,4.520684242248535,71200,0.0,0.0
2012-06-25 00:00:00-04:00,4.512820429284096,4.56785496191881,4.501027449038116,4.528544902801514,55500,0.0,0.0
2012-06-26 00:00:00-04:00,4.516751766204834,4.532475865590974,4.477441705185535,4.516751766204834,51400,0.0,0.0
2012-06-27 00:00:00-04:00,4.5285465596344405,4.540339544195052,4.489236111242777,4.536408424377441,43800,0.0,0.0
2012-06-28 00:00:00-04:00,4.516753122498536,4.5324772266063205,4.485304914282967,4.520684242248535,49000,0.0,0.0
2012-06-29 00:00:00-04:00,4.544272918485433,4.544272918485433,4.485307216644287,4.485307216644287,59600,0.0,0.0
2012-07-02 00:00:00-04:00,4.52461543981683,4.544270664012662,4.497097975985778,4.536408424377441,48800,0.0,0.0
2012-07-03 00:00:00-04:00,4.556062531382743,4.579648494720459,4.532476193152898,4.579648494720459,52400,0.0,0.0
2012-07-05 00:00:00-04:00,4.563924715830239,4.57964881746088,4.559993971591695,4.5678558349609375,65500,0.0,0.0
2012-07-06 00:00:00-04:00,4.5717872038779115,4.58358018702218,4.540338998898411,4.559994220733643,68800,0.0,0.0
2012-07-09 00:00:00-04:00,4.559993041340246,4.626820553360507,4.552130804682767,4.607165336608887,82200,0.0,0.0
2012-07-10 00:00:00-04:00,4.642790226786638,4.642790226786638,4.571545617870003,4.603209972381592,72200,0.08,0.0
2012-07-11 00:00:00-04:00,4.634874633208038,4.650706811510168,4.575504058942279,4.595293998718262,60400,0.0,0.0
2012-07-12 00:00:00-04:00,4.599251850548817,4.658622798577199,4.579461534539356,4.63487434387207,40300,0.0,0.0
2012-07-13 00:00:00-04:00,4.658621915643064,4.6704959520107385,4.619041291125734,4.642789363861084,59700,0.0,0.0
2012-07-16 00:00:00-04:00,4.682369621399926,4.682369621399926,4.654663412890543,4.678411483764648,48100,0.0,0.0
2012-07-17 00:00:00-04:00,4.674456903366735,4.6902890872088046,4.654666579196888,4.666540622711182,62900,0.0,0.0
2012-07-18 00:00:00-04:00,4.66258034758053,4.7100768773600405,4.658622586533887,4.682370662689209,105900,0.0,0.0
2012-07-19 00:00:00-04:00,4.670496784633795,4.6982030002539075,4.658622746149302,4.694244861602783,53100,0.0,0.0
2012-07-20 00:00:00-04:00,4.6665365285802585,4.7100749015808105,4.6586206323386605,4.7100749015808105,74000,0.0,0.0
2012-07-23 00:00:00-04:00,4.6982008684840615,4.7259070715327125,4.6823686985321595,4.7100749015808105,66700,0.0,0.0
2012-07-24 00:00:00-04:00,4.72986817944762,4.745700359344482,4.710077860209307,4.745700359344482,123800,0.0,0.0
2012-07-25 00:00:00-04:00,4.717991206719595,4.741739273071289,4.717991206719595,4.741739273071289,74100,0.0,0.0
2012-07-26 00:00:00-04:00,4.7259070715327125,4.7298652083878645,4.6902849722424635,4.7100749015808105,93800,0.0,0.0
2012-07-27 00:00:00-04:00,4.721951292906566,4.7259090539532105,4.670496624611547,4.682370662689209,86200,0.0,0.0
2012-07-30 00:00:00-04:00,4.690287562769654,4.710077503038328,4.662580966949463,4.662580966949463,97300,0.0,0.0
2012-07-31 00:00:00-04:00,4.682369796481857,4.710076006027224,4.6586217247197705,4.686327934265137,58600,0.0,0.0
2012-08-01 00:00:00-04:00,4.725907025774304,4.745697332389739,4.706117096627572,4.733823299407959,81400,0.0,0.0
2012-08-02 00:00:00-04:00,4.725910040106169,4.749658498685934,4.714035999550759,4.745700359344482,121100,0.0,0.0
2012-08-03 00:00:00-04:00,4.745696765227047,4.749654901570834,4.71007429307028,4.729864597320557,88400,0.0,0.0
2012-08-06 00:00:00-04:00,4.7456974099528075,4.7456974099528075,4.710074932956557,4.741739273071289,81600,0.0,0.0
2012-08-07 00:00:00-04:00,4.729863516495167,4.753611951662454,4.721947623085119,4.7496538162231445,95200,0.0,0.0
2012-08-08 00:00:00-04:00,4.741740672610003,4.856524411240552,4.717992599248995,4.797153472900391,250600,0.0,0.0
2012-08-09 00:00:00-04:00,4.797155531161089,4.797155531161089,4.741374515923292,4.749343395233154,97300,0.08,0.0
2012-08-10 00:00:00-04:00,4.737388571166395,4.761294439629314,4.7214511988654735,4.725435256958008,88900,0.0,0.0
2012-08-13 00:00:00-04:00,4.741371169236577,4.757308536629865,4.729418238685813,4.745355606079102,51100,0.0,0.0
2012-08-14 00:00:00-04:00,4.773246905951785,4.781215781309542,4.725434793735917,4.729419231414795,86300,0.0,0.0
2012-08-15 00:00:00-04:00,4.729419734634184,4.769263355708624,4.725435296531353,4.737388610839844,73600,0.0,0.0
2012-08-16 00:00:00-04:00,4.777232208785441,4.813091394435649,4.753326338336609,4.789185523986816,103600,0.0,0.0
2012-08-17 00:00:00-04:00,4.781216044610783,4.813090787843369,4.757309797197888,4.809106349945068,75100,0.0,0.0
2012-08-20 00:00:00-04:00,4.781215203166582,4.781215203166582,4.737387533929219,4.7573089599609375,135000,0.0,0.0
2012-08-21 00:00:00-04:00,4.761292405500339,4.801136009219043,4.757307969133116,4.773245334625244,77500,0.0,0.0
2012-08-22 00:00:00-04:00,4.781214207359691,4.801136009219043,4.761292405500339,4.773245334625244,75100,0.0,0.0
2012-08-23 00:00:00-04:00,4.789183132479441,4.793167188913477,4.761292457580566,4.761292457580566,57300,0.0,0.0
2012-08-24 00:00:00-04:00,4.765275871644999,4.809103522830736,4.757307000533034,4.793166160583496,78000,0.0,0.0
2012-08-27 00:00:00-04:00,4.801138877868652,4.801138877868652,4.7891859416019456,4.801138877868652,53500,0.0,0.0
2012-08-28 00:00:00-04:00,4.8051228523254395,4.80910691071139,4.785201040487861,4.8051228523254395,66800,0.0,0.0
2012-08-29 00:00:00-04:00,4.817074734044917,4.833012104034424,4.7891844315575,4.833012104034424,70400,0.0,0.0
2012-08-30 00:00:00-04:00,4.8011373365874785,4.833012076384132,4.79715289911868,4.825043201446533,81600,0.0,0.0
2012-08-31 00:00:00-04:00,4.856919177409251,4.912700176239014,4.833013306465759,4.912700176239014,79200,0.0,0.0
2012-09-04 00:00:00-04:00,4.9007463612234785,4.944574036738713,4.872855676825694,4.876840114593506,100400,0.0,0.0
2012-09-05 00:00:00-04:00,4.904729686575427,4.972463213381451,4.904729686575427,4.968479156494141,165100,0.0,0.0
2012-09-06 00:00:00-04:00,4.996370819072302,5.107932421896946,4.99238638112005,5.004339694976807,145700,0.0,0.0
2012-09-07 00:00:00-04:00,4.9884033203125,5.016293631599626,4.944575254030452,4.9884033203125,73500,0.0,0.0
2012-09-10 00:00:00-04:00,5.028244145632889,5.076056247654341,4.916682574249499,4.956525802612305,74000,0.0,0.0
2012-09-11 00:00:00-04:00,4.932621763326832,5.064105187440046,4.920668828401162,4.992386817932129,86500,0.0,0.0
2012-09-12 00:00:00-04:00,5.032486746700044,5.032486746700044,4.940257708467895,4.944267749786377,133000,0.08,0.0
2012-09-13 00:00:00-04:00,4.952286153806586,5.032485040899238,4.952286153806586,4.964315891265869,73500,0.0,0.0
2012-09-14 00:00:00-04:00,5.000404345589114,5.044513627825181,4.968324798068634,5.028473854064941,76700,0.0,0.0
2012-09-17 00:00:00-04:00,5.04852489019745,5.056544587811668,4.972335659560823,4.980355739593506,77600,0.0,0.0
2012-09-18 00:00:00-04:00,4.9843664138466455,5.032485752910303,4.952286854470873,4.972336292266846,99400,0.0,0.0
2012-09-19 00:00:00-04:00,4.964317897402759,5.040506775324949,4.964317897402759,5.0244669914245605,42700,0.0,0.0
2012-09-20 00:00:00-04:00,5.0445168813832035,5.068576748750623,5.000407570697989,5.040506839752197,79600,0.0,0.0
2012-09-21 00:00:00-04:00,5.036495294606903,5.072584508516375,4.976345839920832,5.012435436248779,84600,0.0,0.0
2012-09-24 00:00:00-04:00,5.040506298033166,5.068576204014831,5.0204568568701475,5.036496639251709,72700,0.0,0.0
2012-09-25 00:00:00-04:00,5.072582733407561,5.072582733407561,4.972334059763788,5.004413604736328,120000,0.0,0.0
2012-09-26 00:00:00-04:00,5.0765963194820145,5.0765963194820145,4.988377317954001,5.0204572677612305,131100,0.0,0.0
2012-09-27 00:00:00-04:00,5.012435436248779,5.048525032576727,4.980355880050265,5.012435436248779,79700,0.0,0.0
2012-09-28 00:00:00-04:00,4.992387098352398,5.044516488236901,4.928227966931036,4.944267749786377,467900,0.0,0.0
2012-10-01 00:00:00-04:00,5.000407506783286,5.032487074584061,4.972337598143646,5.0244669914245605,86800,0.0,0.0
2012-10-02 00:00:00-04:00,5.01243718462509,5.028476968319145,4.9843676587651435,5.008427143096924,89600,0.0,0.0
2012-10-03 00:00:00-04:00,5.012438236002552,5.012438236002552,4.972338577147057,4.996398448944092,83900,0.0,0.0
2012-10-04 00:00:00-04:00,5.004415515976377,5.036495455618931,5.004415515976377,5.016445636749268,89300,0.0,0.0
2012-10-05 00:00:00-04:00,5.012435190992086,5.108673854878705,5.012435190992086,5.032485008239746,55800,0.0,0.0
2012-10-08 00:00:00-04:00,5.012436922526221,5.032486746700044,4.9161982253941785,4.944267749786377,198100,0.0,0.0
2012-10-09 00:00:00-04:00,4.968484024293598,4.972519868114034,4.754568520256204,4.774749279022217,349600,0.08,0.0
2012-10-10 00:00:00-04:00,4.770712051666658,4.774748279558178,4.4437852907711415,4.62137508392334,759600,0.0,0.0
2012-10-11 00:00:00-04:00,4.621374737896009,4.7586033966055945,4.58504945942396,4.722278118133545,220400,0.0,0.0
2012-10-12 00:00:00-04:00,4.742461044939163,4.7949308729028814,4.681919143012733,4.7061357498168945,214600,0.0,0.0
2012-10-15 00:00:00-04:00,4.698063675854183,4.754569348341244,4.685954987536077,4.7061357498168945,112500,0.0,0.0
2012-10-16 00:00:00-04:00,4.7222800847075765,4.758605378307144,4.6617381853189706,4.702099323272705,119900,0.0,0.0
2012-10-17 00:00:00-04:00,4.706136143351504,4.7424614415113515,4.70209991357462,4.714208602905273,59800,0.0,0.0
2012-10-18 00:00:00-04:00,4.726313099961981,4.766674595384859,4.702096125725105,4.758602142333984,93200,0.0,0.0
2012-10-19 00:00:00-04:00,4.734386415985612,4.750531326342832,4.702097365102868,4.722278118133545,95200,0.0,0.0
2012-10-22 00:00:00-04:00,4.702098063604933,4.7424595756620365,4.702098063604933,4.7384233474731445,54300,0.0,0.0
2012-10-23 00:00:00-04:00,4.722280320562277,4.75053354194861,4.6496301146506305,4.67384672164917,161200,0.0,0.0
2012-10-24 00:00:00-04:00,4.669809818267822,4.689990577798298,4.63348452809616,4.669809818267822,84700,0.0,0.0
2012-10-25 00:00:00-04:00,4.6980625602983315,4.6980625602983315,4.508364055768224,4.6254119873046875,209100,0.0,0.0
2012-10-26 00:00:00-04:00,4.601195891143799,4.6577019460570215,4.548726450408104,4.645593643188477,104200,0.0,0.0
2012-10-31 00:00:00-04:00,4.677882707448601,4.710171771708725,4.609268349666835,4.645593643188477,121200,0.0,0.0
2012-11-01 00:00:00-04:00,4.685953987888458,4.698062673623435,4.645592856853026,4.681918144226074,101800,0.0,0.0
2012-11-02 00:00:00-04:00,4.669809090962783,4.698062303871508,4.625411734843233,4.641556262969971,116200,0.0,0.0
2012-11-05 00:00:00-05:00,4.629447484925152,4.665772765687227,4.593122204163079,4.597158432006836,111400,0.0,0.0
2012-11-06 00:00:00-05:00,4.6334855758568585,4.645594265262841,4.601196507273024,4.617341041564941,69000,0.0,0.0
2012-11-07 00:00:00-05:00,4.621376953079702,4.669810552619695,4.609268649423712,4.653666019439697,127600,0.0,0.0
2012-11-08 00:00:00-05:00,4.6173392522979775,4.633483780333722,4.5931226527023155,4.629447937011719,53700,0.0,0.0
2012-11-09 00:00:00-05:00,4.63757817513275,4.670094030097957,4.596933550236025,4.6213202476501465,92200,0.08,0.0
2012-11-12 00:00:00-05:00,4.613191604614258,4.666029579671465,4.600997867952215,4.613191604614258,93900,0.0,0.0
2012-11-13 00:00:00-05:00,4.613190732677022,4.625384079414827,4.540029877011181,4.548158645629883,160200,0.0,0.0
2012-11-14 00:00:00-05:00,4.527833942417825,4.531898130594563,4.300222736891379,4.312416076660156,383700,0.0,0.0
2012-11-15 00:00:00-05:00,4.312416159907797,4.348996567539566,4.064482845853668,4.15390157699585,618900,0.0,0.0
2012-11-16 00:00:00-05:00,4.125451023079313,4.418093973805007,4.125451023079313,4.340868949890137,324000,0.0,0.0
2012-11-19 00:00:00-05:00,4.41403066865551,4.552223223748986,4.40996647815591,4.548158645629883,201700,0.0,0.0
2012-11-20 00:00:00-05:00,4.430286824157662,4.466867237381206,4.340868466966053,4.393706798553467,269500,0.0,0.0
2012-11-21 00:00:00-05:00,4.3693231053087365,4.483128621843742,4.349000594736859,4.381516456604004,101600,0.0,0.0
2012-11-23 00:00:00-05:00,4.389642436471617,4.442480770639943,4.389642436471617,4.414029121398926,46100,0.0,0.0
2012-11-26 00:00:00-05:00,4.422158845482713,4.515641795800643,4.414029691044935,4.511577606201172,169700,0.0,0.0
2012-11-27 00:00:00-05:00,4.527837586304333,4.6294497372639665,4.483127991805554,4.588804721832275,240500,0.0,0.0
2012-11-28 00:00:00-05:00,4.5847396476753035,4.592868804931641,4.531901288367771,4.592868804931641,64400,0.0,0.0
2012-11-29 00:00:00-05:00,4.592869097797098,4.649771651741652,4.556288663050126,4.613191604614258,113800,0.0,0.0
2012-11-30 00:00:00-05:00,4.613188314911173,4.625381655258465,4.564414178283403,4.60099458694458,70100,0.0,0.0
2012-12-03 00:00:00-05:00,4.58880373995108,4.686351290971061,4.584739161753703,4.641642093658447,122500,0.0,0.0
2012-12-04 00:00:00-05:00,4.661962032318115,4.682284524505378,4.641639540130853,4.661962032318115,101200,0.0,0.0
2012-12-05 00:00:00-05:00,4.674158608873499,4.674158608873499,4.596933550236025,4.6213202476501465,100400,0.0,0.0
2012-12-06 00:00:00-05:00,4.5969351425055525,4.617257268183235,4.5806772093915855,4.6050639152526855,82000,0.0,0.0
2012-12-07 00:00:00-05:00,4.609126567840576,4.625384494155271,4.5928686415258815,4.609126567840576,69400,0.0,0.0
2012-12-10 00:00:00-05:00,4.59693322000944,4.641642420469965,4.59693322000944,4.609126567840576,147700,0.0,0.0
2012-12-11 00:00:00-05:00,4.609127721575874,4.650061125254793,4.609127721575874,4.637781143188477,100000,0.08,0.0
2012-12-12 00:00:00-05:00,4.637781525815211,4.658248424530029,4.621408084918082,4.658248424530029,71800,0.0,0.0
2012-12-13 00:00:00-05:00,4.654152096384804,4.6828055026901305,4.613218714573393,4.645965576171875,84900,0.0,0.0
2012-12-14 00:00:00-05:00,4.650058926721646,4.662339293355435,4.62549897420088,4.641872406005859,71100,0.0,0.0
2012-12-17 00:00:00-05:00,4.625500372885573,4.633686896076846,4.539539732322819,4.572286605834961,161400,0.0,0.0
2012-12-18 00:00:00-05:00,4.613218400354607,4.613218400354607,4.543631226604258,4.605031490325928,77300,0.0,0.0
2012-12-19 00:00:00-05:00,4.654154091035319,4.662341005130331,4.5886603397694214,4.613220691680908,137500,0.0,0.0
2012-12-20 00:00:00-05:00,4.629591427778345,4.686898231506348,4.600937635541021,4.686898231506348,95600,0.0,0.0
2012-12-21 00:00:00-05:00,4.5886586768268085,4.6868992681229935,4.580471765698755,4.6664323806762695,72900,0.0,0.0
2012-12-24 00:00:00-05:00,4.695087596482474,4.695087596482474,4.572286625107563,4.629593849182129,74400,0.0,0.0
2012-12-26 00:00:00-05:00,4.606496553198672,4.698878144265673,4.564504629648463,4.686280727386475,91000,0.285,0.0
2012-12-27 00:00:00-05:00,4.686280582994958,4.7030772718045775,4.661085750012854,4.673683166503906,99800,0.0,0.0
2012-12-28 00:00:00-05:00,4.661086327282001,4.694679709061734,4.619094399824985,4.656887054443359,84000,0.0,0.0
2012-12-31 00:00:00-05:00,4.635890946829455,4.76606559753418,4.635890946829455,4.76606559753418,286400,0.0,0.0
2013-01-02 00:00:00-05:00,4.829054693428636,4.829054693428636,4.770266057341299,4.816457271575928,166400,0.0,0.0
2013-01-03 00:00:00-05:00,4.803857803344727,4.824853766215413,4.774463695604576,4.803857803344727,89100,0.0,0.0
2013-01-04 00:00:00-05:00,4.787063726985608,4.845852375030518,4.778665577530564,4.845852375030518,70900,0.0,0.0
2013-01-07 00:00:00-05:00,4.833252311549561,4.833252311549561,4.782862240938723,4.803857803344727,86500,0.0,0.0
2013-01-08 00:00:00-05:00,4.791261677626267,4.841651761823259,4.791261677626267,4.8374528884887695,89300,0.0,0.0
2013-01-09 00:00:00-05:00,4.845851035622539,4.85005030942182,4.824855067090929,4.8374528884887695,115300,0.0,0.0
2013-01-10 00:00:00-05:00,4.828995274855038,4.87550909436304,4.807852482982233,4.854366302490234,95200,0.08,0.0
2013-01-11 00:00:00-05:00,4.837450678454951,4.862822101639274,4.803622383052581,4.858593463897705,87700,0.0,0.0
2013-01-14 00:00:00-05:00,4.862824061211683,4.862824061211683,4.82053847328635,4.824767112731934,69600,0.0,0.0
2013-01-15 00:00:00-05:00,4.85436732344377,4.883967399597168,4.8332249303895845,4.883967399597168,94500,0.0,0.0
2013-01-16 00:00:00-05:00,4.854366422476388,4.88396649313603,4.845909547477364,4.879737854003906,33400,0.0,0.0
2013-01-17 00:00:00-05:00,4.875508169491156,4.8881940841674805,4.862822658079969,4.8881940841674805,68200,0.0,0.0
2013-01-18 00:00:00-05:00,4.955851479723919,4.955851479723919,4.879737592485732,4.896651744842529,100600,0.0,0.0
2013-01-22 00:00:00-05:00,4.943166113578304,4.968537546571976,4.90088092960918,4.955852031707764,119500,0.0,0.0
2013-01-23 00:00:00-05:00,4.943164857639427,4.985450434130054,4.943164857639427,4.976993560791016,56200,0.0,0.0
2013-01-24 00:00:00-05:00,4.981222797586161,4.993908715043661,4.960080005088887,4.972765922546387,67100,0.0,0.0
2013-01-25 00:00:00-05:00,4.989678512264667,4.99390715009203,4.922021920087263,4.94739294052124,67000,0.0,0.0
2013-01-28 00:00:00-05:00,4.947392766052632,4.951621403730872,4.922021746513358,4.926249980926514,73100,0.0,0.0
2013-01-29 00:00:00-05:00,4.922021792450586,4.989678382873535,4.913564517015174,4.989678382873535,102000,0.0,0.0
2013-01-30 00:00:00-05:00,4.985450744628906,4.985450744628906,4.934708291638951,4.985450744628906,82800,0.0,0.0
2013-01-31 00:00:00-05:00,4.968536762372394,5.006593704223633,4.964308123663327,5.006593704223633,104500,0.0,0.0
2013-02-01 00:00:00-05:00,5.010821860677459,5.015050095714406,4.972764922488924,4.976993560791016,83400,0.0,0.0
2013-02-04 00:00:00-05:00,4.976994039790528,5.0108223429327,4.976994039790528,5.006593704223633,122300,0.0,0.0
2013-02-05 00:00:00-05:00,5.010820956871951,5.0150491911462485,4.972764025547773,5.002363681793213,101400,0.0,0.0
2013-02-06 00:00:00-05:00,5.002363810682033,5.027735233306885,4.985449663353826,5.027735233306885,115400,0.0,0.0
2013-02-07 00:00:00-05:00,5.027737385902931,5.031994263803568,4.976650791125904,5.014965534210205,99000,0.08,0.0
2013-02-08 00:00:00-05:00,5.019222733966726,5.049022908756313,5.010708572311242,5.04050874710083,121800,0.0,0.0
2013-02-11 00:00:00-05:00,5.066052349173476,5.091595649719238,5.0405094546247025,5.091595649719238,99600,0.0,0.0
2013-02-12 00:00:00-05:00,5.091594935024522,5.095852218850729,5.036251463274623,5.04050874710083,79800,0.0,0.0
2013-02-13 00:00:00-05:00,5.06605069439567,5.1001081466674805,5.057536534326146,5.1001081466674805,115300,0.0,0.0
2013-02-14 00:00:00-05:00,5.108623341820664,5.117137908935547,5.091594613587804,5.117137908935547,174700,0.0,0.0
2013-02-15 00:00:00-05:00,5.125651281033012,5.155451449353981,5.108622555421481,5.1511945724487305,98600,0.0,0.0
2013-02-19 00:00:00-05:00,5.15970881321011,5.172480256119927,5.121394078483809,5.146937370300293,120600,0.0,0.0
2013-02-20 00:00:00-05:00,5.163968086242676,5.168225370852215,5.134167905969911,5.163968086242676,68600,0.0,0.0
2013-02-21 00:00:00-05:00,5.129907601811435,5.15119360633283,5.087335592768644,5.108621597290039,132300,0.0,0.0
2013-02-22 00:00:00-05:00,5.138422723742449,5.1511945724487305,5.091593829809949,5.1511945724487305,64300,0.0,0.0
2013-02-25 00:00:00-05:00,5.146937119667493,5.146937119667493,5.074564936707981,5.095850944519043,158000,0.0,0.0
2013-02-26 00:00:00-05:00,5.095851501223028,5.11288022813284,5.010707866673967,5.049022197723389,167000,0.0,0.0
2013-02-27 00:00:00-05:00,5.036252734972376,5.057538753481386,5.006452552657982,5.027738571166992,98500,0.0,0.0
2013-02-28 00:00:00-05:00,5.031994263803568,5.074566290785445,4.980908075023479,5.014965534210205,139800,0.0,0.0
2013-03-01 00:00:00-05:00,5.031992671087586,5.049021395291052,4.993677940130585,5.044764518737793,118600,0.0,0.0
2013-03-04 00:00:00-05:00,5.023477457902735,5.057534899163358,4.980905453328592,4.985162734985352,136100,0.0,0.0
2013-03-05 00:00:00-05:00,5.002191455615663,5.023477457902735,4.980905453328592,4.985162734985352,132000,0.0,0.0
2013-03-06 00:00:00-05:00,4.997935529952035,5.023478820826032,4.993678247140229,5.010707378387451,117800,0.0,0.0
2013-03-07 00:00:00-05:00,5.036425048239758,5.113578924467682,5.036425048239758,5.109292507171631,155200,0.08,0.0
2013-03-08 00:00:00-05:00,5.100718390586118,5.135008902785593,5.019278526306152,5.019278526306152,195000,0.0,0.0
2013-03-11 00:00:00-04:00,5.01927960556481,5.075001802064277,4.864972267487604,4.873544692993164,312400,0.0,0.0
2013-03-12 00:00:00-04:00,4.869258122793424,4.869258122793424,4.7320960488141015,4.864972114562988,394500,0.0,0.0
2013-03-13 00:00:00-04:00,4.8049650221544296,4.869259662468598,4.7921061758466665,4.847828388214111,160000,0.0,0.0
2013-03-14 00:00:00-04:00,4.860687234521874,4.877832499190676,4.800678603793391,4.847828388214111,151600,0.0,0.0
2013-03-15 00:00:00-04:00,4.843542163414564,4.8478285819469,4.693520784985759,4.71495246887207,268600,0.0,0.0
2013-03-18 00:00:00-04:00,4.71495285331328,4.817824453824927,4.697807586561338,4.787820339202881,130000,0.0,0.0
2013-03-19 00:00:00-04:00,4.77924692076355,4.852114397799796,4.757815646509063,4.847828388214111,75500,0.0,0.0
2013-03-20 00:00:00-04:00,4.856399433206808,4.899262787060317,4.8221089136340956,4.873544692993164,85700,0.0,0.0
2013-03-21 00:00:00-04:00,4.864971287950935,4.882116544285182,4.860684871673584,4.860684871673584,58200,0.0,0.0
2013-03-22 00:00:00-04:00,4.89926180061943,4.89926180061943,4.852112039118882,4.860684871673584,85900,0.0,0.0
2013-03-25 00:00:00-04:00,4.8864049271373995,4.8992641822205165,4.822110286823231,4.847828388214111,82900,0.0,0.0
2013-03-26 00:00:00-04:00,4.85639803632494,4.894974961941883,4.839252781470201,4.886402130126953,100500,0.0,0.0
2013-03-27 00:00:00-04:00,4.882119178131419,4.882119178131419,4.804965278616098,4.8392558097839355,68500,0.0,0.0
2013-03-28 00:00:00-04:00,4.834969540143947,4.924982289426366,4.834969540143947,4.890691757202148,155800,0.0,0.0
2013-04-01 00:00:00-04:00,4.912123906594937,4.946414442062145,4.762102507344332,4.834969997406006,145200,0.0,0.0
2013-04-02 00:00:00-04:00,4.864972615479657,4.903549146176915,4.83068209345414,4.87783145904541,99800,0.0,0.0
2013-04-03 00:00:00-04:00,4.890690302611162,4.890690302611162,4.83496810212588,4.87783145904541,62000,0.0,0.0
2013-04-04 00:00:00-04:00,4.860687386725712,4.916409600838,4.843542121520037,4.899264335632324,86500,0.0,0.0
2013-04-05 00:00:00-04:00,4.8606869574366645,4.9292680122023835,4.8606869574366645,4.924981594085693,82200,0.0,0.0
2013-04-08 00:00:00-04:00,4.9421245362033766,4.9421245362033766,4.882116345860015,4.894975185394287,106800,0.0,0.0
2013-04-09 00:00:00-04:00,4.877712398179318,4.981309729098224,4.851812859619991,4.882029056549072,130800,0.08,0.0
2013-04-10 00:00:00-04:00,4.916561500188708,4.925194405269017,4.869079081439809,4.882029056549072,88700,0.0,0.0
2013-04-11 00:00:00-04:00,4.88202673226228,4.916559159461353,4.88202673226228,4.899292945861816,36800,0.0,0.0
2013-04-12 00:00:00-04:00,4.877708975689465,4.912241395099108,4.877708975689465,4.894975185394287,81200,0.0,0.0
2013-04-15 00:00:00-04:00,4.890661600185606,4.964043140411377,4.877712037692578,4.964043140411377,108700,0.0,0.0
2013-04-16 00:00:00-04:00,4.938143402245055,4.942460060119629,4.894978058476778,4.942460060119629,73100,0.0,0.0
2013-04-17 00:00:00-04:00,4.9338271560296345,4.942460060119629,4.9036109625667725,4.942460060119629,66900,0.0,0.0
2013-04-18 00:00:00-04:00,4.9338250769569605,4.972674158139138,4.916558864393656,4.951091289520264,90600,0.0,0.0
2013-04-19 00:00:00-04:00,4.964042223991808,4.964042223991808,4.912243571923159,4.933826446533203,87900,0.0,0.0
2013-04-22 00:00:00-04:00,4.959725566737981,4.98994175585568,4.92087647477172,4.933826446533203,105600,0.0,0.0
2013-04-23 00:00:00-04:00,4.93382655803741,5.007208086374521,4.93382655803741,4.968358993530273,60300,0.0,0.0
2013-04-24 00:00:00-04:00,4.976993477898629,4.994259701131005,4.938144372710976,4.972677230834961,70200,0.0,0.0
2013-04-25 00:00:00-04:00,4.959725991444468,5.0503737432416385,4.955409333821001,5.024474620819092,141400,0.0,0.0
2013-04-26 00:00:00-04:00,5.037424087524414,5.067639867003557,5.020157869013601,5.037424087524414,58500,0.0,0.0
2013-04-29 00:00:00-04:00,5.05900549733688,5.05900549733688,4.985623987019151,4.989940643310547,81600,0.0,0.0
2013-04-30 00:00:00-04:00,4.98994218314961,5.028790866783431,4.9726759643148695,5.024474620819092,84900,0.0,0.0
2013-05-01 00:00:00-04:00,5.050376708523204,5.080592917969511,5.020160910736266,5.059010028839111,80800,0.0,0.0
2013-05-02 00:00:00-04:00,5.076271829179742,5.123753814514979,5.059005615270655,5.102170944213867,122200,0.0,0.0
2013-05-03 00:00:00-04:00,5.132388292924708,5.158287413840828,5.102172102977096,5.123754978179932,69700,0.0,0.0
2013-05-06 00:00:00-04:00,5.14533668481609,5.14533668481609,5.0805884855717665,5.102170944213867,78400,0.0,0.0
2013-05-07 00:00:00-04:00,5.106489882976583,5.1194394462815165,5.067640781402588,5.067640781402588,86700,0.0,0.0
2013-05-08 00:00:00-04:00,5.076271862764338,5.158286276460356,5.063321893502588,5.132387161254883,129900,0.0,0.0
2013-05-09 00:00:00-04:00,5.145427483682727,5.145427483682727,5.058511562900479,5.093277931213379,71400,0.08,0.0
2013-05-10 00:00:00-04:00,5.093278414253897,5.101969799932502,5.04982024251735,5.088932514190674,91000,0.0,0.0
2013-05-13 00:00:00-04:00,5.045471746502325,5.062854923363536,5.023743086261532,5.028088569641113,102900,0.0,0.0
2013-05-14 00:00:00-04:00,5.0280890421025655,5.054164017068316,4.993322685113343,5.032434940338135,79000,0.0,0.0
2013-05-15 00:00:00-04:00,5.032435096692202,5.058510072468083,4.980285559588121,5.002014636993408,80700,0.0,0.0
2013-05-16 00:00:00-04:00,4.984631694910652,5.049818515777588,4.984631694910652,5.049818515777588,100300,0.0,0.0
2013-05-17 00:00:00-04:00,5.041126736809274,5.0498181188327464,5.002014481584482,5.032434940338135,63600,0.0,0.0
2013-05-20 00:00:00-04:00,5.03243501605089,5.054164093107984,5.01505183729475,5.019397735595703,70100,0.0,0.0
2013-05-21 00:00:00-04:00,5.023742767704984,5.032434148360654,4.9802846210838325,4.988976001739502,138200,0.0,0.0
2013-05-22 00:00:00-04:00,4.975938723532197,5.019396870153349,4.9715928259805615,4.988976001739502,164500,0.0,0.0
2013-05-23 00:00:00-04:00,4.971594328643363,4.984632025238909,4.919444785604359,4.975940227508545,106500,0.0,0.0
2013-05-24 00:00:00-04:00,4.945517865343525,4.980284214019775,4.945517865343525,4.980284214019775,55000,0.0,0.0
2013-05-28 00:00:00-04:00,4.980287613251328,5.010708085494258,4.823838937426164,4.8672966957092285,258300,0.0,0.0
2013-05-29 00:00:00-04:00,4.8455636975987595,4.8455636975987595,4.680423769210909,4.789068698883057,425700,0.0,0.0
2013-05-30 00:00:00-04:00,4.793415700399502,4.849911131469378,4.736920269329626,4.76299524307251,115800,0.0,0.0
2013-05-31 00:00:00-04:00,4.767341786147561,4.82383722486153,4.69780906602197,4.723883628845215,156400,0.0,0.0
2013-06-03 00:00:00-04:00,4.75865001084649,4.780379089597839,4.563089130979756,4.6108927726745605,338800,0.0,0.0
2013-06-04 00:00:00-04:00,4.580471824530636,4.663041817677519,4.5630886462656255,4.623929977416992,191400,0.0,0.0
2013-06-05 00:00:00-04:00,4.61089190076857,4.7195368595331715,4.61089190076857,4.70215368270874,138400,0.0,0.0
2013-06-06 00:00:00-04:00,4.7108463426911795,4.789070859977573,4.684771365446481,4.728229522705078,116300,0.0,0.0
2013-06-07 00:00:00-04:00,4.754303213182034,4.767340906636078,4.671733226877892,4.70215368270874,107700,0.0,0.0
2013-06-10 00:00:00-04:00,4.689115083924489,4.7021523592614916,4.563086983806774,4.567432880401611,212500,0.0,0.0
2013-06-11 00:00:00-04:00,4.571813454022018,4.637500682152229,4.532401618295759,4.628742218017578,121800,0.08,0.0
2013-06-12 00:00:00-04:00,4.624362684037187,4.637499960568479,4.409784940018143,4.431680679321289,345700,0.0,0.0
2013-06-13 00:00:00-04:00,4.409784203072613,4.549916660618479,4.401026159390859,4.541158199310303,163200,0.0,0.0
2013-06-14 00:00:00-04:00,4.554295473646145,4.633119954914044,4.501745958676354,4.541158199310303,125600,0.0,0.0
2013-06-17 00:00:00-04:00,4.589328700279515,4.655015910312539,4.545537644550607,4.576191425323486,123800,0.0,0.0
2013-06-18 00:00:00-04:00,4.554296244938883,4.58932926085176,4.528021691817472,4.5849504470825195,145000,0.0,0.0
2013-06-19 00:00:00-04:00,4.584951473072292,4.589330287821394,4.501747728440563,4.514885425567627,105200,0.0,0.0
2013-06-20 00:00:00-04:00,4.444816889736398,4.4667126237877195,4.387888565879907,4.414163112640381,266000,0.0,0.0
2013-06-21 00:00:00-04:00,4.457956044329728,4.523642850422868,4.422923025396516,4.4929890632629395,190800,0.0,0.0
2013-06-24 00:00:00-04:00,4.466715379320022,4.466715379320022,4.379132806711129,4.392270088195801,308500,0.0,0.0
2013-06-25 00:00:00-04:00,4.396647640683773,4.436059887699728,4.3791311328574025,4.422922611236572,127500,0.0,0.0
2013-06-26 00:00:00-04:00,4.440440536571636,4.52802310366221,4.440440536571636,4.50612735748291,88200,0.0,0.0
2013-06-27 00:00:00-04:00,4.51926287753009,4.6900491300419445,4.510504833046293,4.685669898986816,90500,0.0,0.0
2013-06-28 00:00:00-04:00,4.65063739501682,4.65063739501682,4.554296389387515,4.606846332550049,64300,0.0,0.0
2013-07-01 00:00:00-04:00,4.633119405266818,4.6637731809559995,4.598086399443075,4.602465629577637,68100,0.0,0.0
2013-07-02 00:00:00-04:00,4.63750037076907,4.659396112008959,4.449197580783161,4.4929890632629395,192700,0.0,0.0
2013-07-03 00:00:00-04:00,4.471093218584378,4.479851264301799,4.453576709523016,4.475472450256348,22600,0.0,0.0
2013-07-05 00:00:00-04:00,4.462336226228947,4.466715459344511,4.335341389264184,4.401028633117676,298300,0.0,0.0
2013-07-08 00:00:00-04:00,4.396647388471992,4.457955371160626,4.361614374828906,4.383510112762451,154300,0.0,0.0
2013-07-09 00:00:00-04:00,4.405581389268454,4.432068036977498,4.379095162550394,4.392338275909424,136700,0.08,0.0
2013-07-10 00:00:00-04:00,4.414410412168463,4.432068036977498,4.379095162550394,4.392338275909424,118200,0.0,0.0
2013-07-11 00:00:00-04:00,4.423240086597483,4.489456084137019,4.418825574497235,4.480627059936523,128200,0.0,0.0
2013-07-12 00:00:00-04:00,4.502700177871475,4.511529203990494,4.414412021636963,4.414412021636963,96500,0.0,0.0
2013-07-15 00:00:00-04:00,4.427654486526301,4.493870909675339,4.427654486526301,4.454141139984131,100400,0.0,0.0
2013-07-16 00:00:00-04:00,4.449726662800325,4.564501460374364,4.432069034019017,4.524771690368652,234800,0.0,0.0
2013-07-17 00:00:00-04:00,4.533600714434703,4.599816717104859,4.533600714434703,4.586573600769043,177300,0.0,0.0
2013-07-18 00:00:00-04:00,4.613060872155881,4.6572051645366,4.590988725965522,4.599817752838135,140700,0.0,0.0
2013-07-19 00:00:00-04:00,4.617475340401834,4.621889853794936,4.555673415871905,4.59540319442749,95900,0.0,0.0
2013-07-22 00:00:00-04:00,4.62188738804831,4.6792747685693445,4.599815253849306,4.6439595222473145,134400,0.0,0.0
2013-07-23 00:00:00-04:00,4.666031377585069,4.763148518424361,4.643959663704694,4.727833271026611,212000,0.0,0.0
2013-07-24 00:00:00-04:00,4.701347002896088,4.705761514423402,4.643960037004965,4.6527886390686035,134900,0.0,0.0
2013-07-25 00:00:00-04:00,4.6704463946962145,4.6704463946962145,4.568915152676777,4.6042304039001465,95800,0.0,0.0
2013-07-26 00:00:00-04:00,4.604231949111752,4.648375817460447,4.604231949111752,4.626303672790527,61400,0.0,0.0
2013-07-29 00:00:00-04:00,4.643961725319378,4.696934619932497,4.626303672790527,4.626303672790527,110800,0.0,0.0
2013-07-30 00:00:00-04:00,4.666034710247058,4.701349982868339,4.6572061025873674,4.661620616912842,114400,0.0,0.0
2013-07-31 00:00:00-04:00,4.67044774578276,4.679276771638201,4.617474853623486,4.657204627990723,187200,0.0,0.0
2013-08-01 00:00:00-04:00,4.701348095438558,4.7366633538819745,4.66161874543303,4.67044734954834,201500,0.0,0.0
2013-08-02 00:00:00-04:00,4.732251155542801,4.7543233061480725,4.679278246684902,4.73666524887085,205500,0.0,0.0
2013-08-05 00:00:00-04:00,4.745492817307394,4.754321843229288,4.643961545152372,4.6660332679748535,204600,0.0,0.0
2013-08-06 00:00:00-04:00,4.6881035124564026,4.7543199170704025,4.666031377585069,4.727833271026611,136400,0.0,0.0
2013-08-07 00:00:00-04:00,4.758735353999321,4.807294148656842,4.745492237725031,4.7808074951171875,168400,0.0,0.0
2013-08-08 00:00:00-04:00,4.816383837764506,4.825278563729368,4.740780363558691,4.789700508117676,124200,0.08,0.0
2013-08-09 00:00:00-04:00,4.803045621220001,4.820834661797238,4.736336400962225,4.771914482116699,85900,0.0,0.0
2013-08-12 00:00:00-04:00,4.785255852794168,4.847517273282299,4.776361121796368,4.807492256164551,136000,0.0,0.0
2013-08-13 00:00:00-04:00,4.803043998439284,4.803043998439284,4.736334800720215,4.736334800720215,66400,0.0,0.0
2013-08-14 00:00:00-04:00,4.7229931308260165,4.8208330330062275,4.718545766153271,4.736334800720215,54000,0.0,0.0
2013-08-15 00:00:00-04:00,4.736335649072002,4.736335649072002,4.634048788021907,4.6518378257751465,166300,0.0,0.0
2013-08-16 00:00:00-04:00,4.674074228997724,4.736335649072002,4.642943094836469,4.6518378257751465,109900,0.0,0.0
2013-08-19 00:00:00-04:00,4.647389047943161,4.647389047943161,4.500629425048828,4.500629425048828,280900,0.0,0.0
2013-08-20 00:00:00-04:00,4.553997801055414,4.634048681161079,4.531761398345607,4.567339897155762,106600,0.0,0.0
2013-08-21 00:00:00-04:00,4.585128934498787,4.647390353137321,4.549550435688632,4.567339897155762,88100,0.0,0.0
2013-08-22 00:00:00-04:00,4.536208978634746,4.678521708245726,4.531761613057251,4.607365131378174,112100,0.0,0.0
2013-08-23 00:00:00-04:00,4.63404674562454,4.691861198872608,4.616257715711591,4.6696248054504395,98300,0.0,0.0
2013-08-26 00:00:00-04:00,4.651837264508609,4.6829679707896785,4.607364463429312,4.620706558227539,75300,0.0,0.0
2013-08-27 00:00:00-04:00,4.634048218120304,4.682967959894465,4.634048218120304,4.647389888763428,94100,0.0,0.0
2013-08-28 00:00:00-04:00,4.647389448197771,4.709651278836788,4.647389448197771,4.700756549835205,63900,0.0,0.0
2013-08-29 00:00:00-04:00,4.696310713123455,4.727441423696882,4.678521675063765,4.682968616485596,67300,0.0,0.0
2013-08-30 00:00:00-04:00,4.6607312123456,4.718545679659402,4.656284271878409,4.705204010009766,55000,0.0,0.0
2013-09-03 00:00:00-04:00,4.682968616485596,4.727441423696882,4.656285271458122,4.682968616485596,65000,0.0,0.0
2013-09-04 00:00:00-04:00,4.700756645418543,4.722993044250625,4.669625941528046,4.705204010009766,84400,0.0,0.0
2013-09-05 00:00:00-04:00,4.705205020091238,4.705205020091238,4.678521675063765,4.682968616485596,62800,0.0,0.0
2013-09-06 00:00:00-04:00,4.700757573565524,4.71409966997354,4.6518378257751465,4.6518378257751465,134300,0.0,0.0
2013-09-09 00:00:00-04:00,4.660732212879953,4.714099751183144,4.656285271458122,4.682968616485596,82700,0.0,0.0
2013-09-10 00:00:00-04:00,4.714100266728129,4.722994574668615,4.665180088620865,4.709652900695801,111900,0.0,0.0
2013-09-11 00:00:00-04:00,4.732057241916931,4.749981683360267,4.709651583274663,4.741019248962402,79400,0.08,0.0
2013-09-12 00:00:00-04:00,4.727573895775354,4.758941547337469,4.7051682472229,4.7051682472229,61600,0.0,0.0
2013-09-13 00:00:00-04:00,4.714133336232298,4.732057779712737,4.642435134958101,4.6693220138549805,102300,0.0,0.0
2013-09-16 00:00:00-04:00,4.72309568904657,4.749982569905988,4.664841136644891,4.687246799468994,114400,0.0,0.0
2013-09-17 00:00:00-04:00,4.705170802064846,4.705170802064846,4.655878690366282,4.6648406982421875,121700,0.0,0.0
2013-09-18 00:00:00-04:00,4.655877098755996,4.754461288452148,4.62899022961468,4.754461288452148,118400,0.0,0.0
2013-09-19 00:00:00-04:00,4.790310372094511,4.790310372094511,4.6917261780829795,4.714131832122803,82500,0.0,0.0
2013-09-20 00:00:00-04:00,4.705168599190538,4.709649814706684,4.646914079537339,4.673800945281982,80700,0.0,0.0
2013-09-23 00:00:00-04:00,4.682764873716074,4.709651750512014,4.664840431636251,4.700689315795898,78800,0.0,0.0
2013-09-24 00:00:00-04:00,4.727576389849203,4.727576389849203,4.6872462866487306,4.709651947021484,62900,0.0,0.0
2013-09-25 00:00:00-04:00,4.714132967870072,4.741019417313603,4.687246091074133,4.700689315795898,143700,0.0,0.0
2013-09-26 00:00:00-04:00,4.7365370588103195,4.741018275088745,4.669320524043157,4.714131832122803,92400,0.0,0.0
2013-09-27 00:00:00-04:00,4.714131832122803,4.7320562698841995,4.687244961804554,4.714131832122803,39600,0.0,0.0
2013-09-30 00:00:00-04:00,4.673803133470527,4.700689584450677,4.660359480628018,4.6648406982421875,121000,0.0,0.0
2013-10-01 00:00:00-04:00,4.7006895119314125,4.709651947021484,4.682765069103694,4.709651947021484,71900,0.0,0.0
2013-10-02 00:00:00-04:00,4.727575680220776,4.736537686613188,4.691726799946403,4.723094463348389,124700,0.0,0.0
2013-10-03 00:00:00-04:00,4.705171244257782,4.7186144710112545,4.664841136644891,4.687246799468994,117600,0.0,0.0
2013-10-04 00:00:00-04:00,4.678281383489515,4.718611465413492,4.678281383489515,4.7051682472229,93100,0.0,0.0
2013-10-07 00:00:00-04:00,4.682764873716074,4.705170533153956,4.682764873716074,4.700689315795898,67000,0.0,0.0
2013-10-08 00:00:00-04:00,4.709649739446367,4.714130954890903,4.5976219174463235,4.646914005279541,102600,0.0,0.0
2013-10-09 00:00:00-04:00,4.637883866282869,4.655947660777624,4.592724164708565,4.619819641113281,91000,0.08,0.0
2013-10-10 00:00:00-04:00,4.624335697405678,4.678527080889944,4.619819641113281,4.619819641113281,93900,0.0,0.0
2013-10-11 00:00:00-04:00,4.628852978713842,4.655948892964265,4.62433692122628,4.637885093688965,127000,0.0,0.0
2013-10-14 00:00:00-04:00,4.619820848777347,4.637885078669092,4.597241422762556,4.601757049560547,122300,0.0,0.0
2013-10-15 00:00:00-04:00,4.624335376942001,4.624335376942001,4.561112315929093,4.592723846435547,142200,0.0,0.0
2013-10-16 00:00:00-04:00,4.592724732234971,4.615304585812332,4.561113195631596,4.5882086753845215,162400,0.0,0.0
2013-10-17 00:00:00-04:00,4.60627312195098,4.66046451977688,4.60627312195098,4.637885093688965,186800,0.0,0.0
2013-10-18 00:00:00-04:00,4.651432329834787,4.687559924458075,4.615304735211499,4.674012184143066,139100,0.0,0.0
2013-10-21 00:00:00-04:00,4.687557150057384,4.692073204381126,4.674009417760804,4.683041095733643,72800,0.0,0.0
2013-10-22 00:00:00-04:00,4.701107501983643,4.728203412350284,4.6965914451433886,4.701107501983643,98900,0.0,0.0
2013-10-23 00:00:00-04:00,4.710139683614389,4.732719106791631,4.70110756980358,4.705623626708984,102300,0.0,0.0
2013-10-24 00:00:00-04:00,4.728203570295849,4.7462673675854035,4.705623716015182,4.71465539932251,85100,0.0,0.0
2013-10-25 00:00:00-04:00,4.74175105805074,4.75078317155192,4.705623465395773,4.7327189445495605,72000,0.0,0.0
2013-10-28 00:00:00-04:00,4.741751603382026,4.764331459056925,4.714655690437161,4.7372355461120605,84400,0.0,0.0
2013-10-29 00:00:00-04:00,4.759816236402274,4.8049759556706535,4.746268492891759,4.764332294464111,123700,0.0,0.0
2013-10-30 00:00:00-04:00,4.791425205189549,4.791425205189549,4.750781996511405,4.786909580230713,56600,0.0,0.0
2013-10-31 00:00:00-04:00,4.782393524597107,4.786909580230713,4.755297621470241,4.786909580230713,64800,0.0,0.0
2013-11-01 00:00:00-04:00,4.8275537053506286,4.8275537053506286,4.746266841888428,4.746266841888428,105100,0.0,0.0
2013-11-04 00:00:00-05:00,4.777879013764559,4.786911127952067,4.7552991589707,4.759815216064453,106300,0.0,0.0
2013-11-05 00:00:00-05:00,4.773362388042941,4.773362388042941,4.72820311450974,4.7507829666137695,115400,0.0,0.0
2013-11-06 00:00:00-05:00,4.7552995681762695,4.777879424913183,4.732719711439356,4.7552995681762695,100000,0.0,0.0
2013-11-07 00:00:00-05:00,4.764400314239491,4.846309478039335,4.746198229620422,4.791703224182129,125300,0.08,0.0
2013-11-08 00:00:00-05:00,4.755297127192751,4.7643983827986895,4.655185485386195,4.732544422149658,180100,0.0,0.0
2013-11-11 00:00:00-05:00,4.7052401116706655,4.732543002353918,4.691588666329039,4.696138858795166,65200,0.0,0.0
2013-11-12 00:00:00-05:00,4.687040386868828,4.687040386868828,4.6051308058606155,4.614232063293457,147900,0.0,0.0
2013-11-13 00:00:00-05:00,4.618782399970045,4.664287820588922,4.618782399970045,4.646085739135742,73300,0.0,0.0
2013-11-14 00:00:00-05:00,4.623332500457764,4.650635836503152,4.6187818721215645,4.623332500457764,163200,0.0,0.0
2013-11-15 00:00:00-05:00,4.623333853250572,4.682490737015117,4.623333853250572,4.673389911651611,75300,0.0,0.0
2013-11-18 00:00:00-05:00,4.659735850171843,4.723443333902203,4.65063502905135,4.655185222625732,122200,0.0,0.0
2013-11-19 00:00:00-05:00,4.655185242362485,4.700690650073063,4.618781089782715,4.618781089782715,76800,0.0,0.0
2013-11-20 00:00:00-05:00,4.623334015477276,4.668839445807323,4.605131930139647,4.609682559967041,77100,0.0,0.0
2013-11-21 00:00:00-05:00,4.6051291481268235,4.609679775205129,4.577826253600353,4.5960283279418945,136100,0.0,0.0
2013-11-22 00:00:00-05:00,4.609678515691103,4.614229141526031,4.52776898654867,4.55507230758667,175100,0.0,0.0
2013-11-25 00:00:00-05:00,4.550523622647683,4.573276327555272,4.514119468384242,4.541422367095947,210500,0.0,0.0
2013-11-26 00:00:00-05:00,4.564175072003536,4.573276327555272,4.5368721732918305,4.541422367095947,165100,0.0,0.0
2013-11-27 00:00:00-05:00,4.541420430081888,4.582375194653103,4.532319612383598,4.55507230758667,83800,0.0,0.0
2013-11-29 00:00:00-05:00,4.5732768253420915,4.586928276183862,4.550524117957942,4.577827453613281,61100,0.0,0.0
2013-12-02 00:00:00-05:00,4.600578055910768,4.614229935765425,4.5505224650252805,4.559623718261719,154500,0.0,0.0
2013-12-03 00:00:00-05:00,4.5732743769548145,4.596027072157886,4.52776898654867,4.55507230758667,147400,0.0,0.0
2013-12-04 00:00:00-05:00,4.545972994871815,4.555074250423551,4.532321545515963,4.541422367095947,85600,0.0,0.0
2013-12-05 00:00:00-05:00,4.527772082713246,4.564176246343297,4.527772082713246,4.5368733406066895,109400,0.0,0.0
2013-12-06 00:00:00-05:00,4.541423657302214,4.559626173576971,4.500469297599632,4.509570121765137,146800,0.0,0.0
2013-12-09 00:00:00-05:00,4.514119071102186,4.550523222161743,4.514119071102186,4.527770519256592,148600,0.0,0.0
2013-12-10 00:00:00-05:00,4.5415345603062045,4.559884178100778,4.523184942511631,4.546122074127197,184000,0.08,0.0
2013-12-11 00:00:00-05:00,4.536946879673521,4.5461214686040945,4.4497858786417055,4.472723007202148,218400,0.0,0.0
2013-12-12 00:00:00-05:00,4.458961288938742,4.477310905868968,4.399324924543163,4.417674541473389,260000,0.0,0.0
2013-12-13 00:00:00-05:00,4.4176757010047405,4.440612837560302,4.3672143505740975,4.408500671386719,178200,0.0,0.0
2013-12-16 00:00:00-05:00,4.403912438148064,4.440611672008516,4.399324924543163,4.417674541473389,163900,0.0,0.0
2013-12-17 00:00:00-05:00,4.403912438148064,4.431436644798715,4.385562821217837,4.417674541473389,197000,0.0,0.0
2013-12-18 00:00:00-05:00,4.454373084869629,4.4681351860617164,4.417673856697856,4.445198059082031,169100,0.0,0.0
2013-12-19 00:00:00-05:00,4.4497861815562905,4.500247955322266,4.431436564956672,4.500247955322266,125000,0.0,0.0
2013-12-20 00:00:00-05:00,4.504834008995353,4.578232458736245,4.500246934003499,4.532358646392822,203900,0.0,0.0
2013-12-23 00:00:00-05:00,4.541532591841065,4.582819323356036,4.536945517497674,4.5782318115234375,238800,0.0,0.0
2013-12-24 00:00:00-05:00,4.578232502269812,4.669981002807617,4.550708302099889,4.669981002807617,154600,0.0,0.0
2013-12-26 00:00:00-05:00,4.656013514047238,4.70257382680053,4.590829164999039,4.609453201293945,216000,0.15,0.0
2013-12-27 00:00:00-05:00,4.628074645996094,4.642042998419424,4.572202568398178,4.628074645996094,165200,0.0,0.0
2013-12-30 00:00:00-05:00,4.60014204980946,4.632734006884851,4.5163336527217535,4.530301570892334,170400,0.0,0.0
2013-12-31 00:00:00-05:00,4.516331745203963,4.590827869359026,4.516331745203963,4.553579807281494,202400,0.0,0.0
2014-01-02 00:00:00-05:00,4.5582351662687906,4.609451132080584,4.544267256325911,4.581515312194824,85100,0.0,0.0
2014-01-03 00:00:00-05:00,4.604796886444092,4.6420449538666695,4.590828528136633,4.604796886444092,121700,0.0,0.0
2014-01-06 00:00:00-05:00,4.623422956936338,4.679295082683848,4.614110713962327,4.656014919281006,142100,0.0,0.0
2014-01-07 00:00:00-05:00,4.63273272104894,4.71188497543335,4.618764806755218,4.71188497543335,184400,0.0,0.0
2014-01-08 00:00:00-05:00,4.674638961196842,4.693263003112679,4.646702676306995,4.656014919281006,176300,0.0,0.0
2014-01-09 00:00:00-05:00,4.679478889020758,4.679478889020758,4.618462562561035,4.618462562561035,124500,0.08,0.0
2014-01-10 00:00:00-05:00,4.618466771332632,4.660708916423729,4.599692534360269,4.646627902984619,153600,0.0,0.0
2014-01-13 00:00:00-05:00,4.656014127478026,4.67478835994314,4.637239895012914,4.651320457458496,141700,0.0,0.0
2014-01-14 00:00:00-05:00,4.679480305186651,4.679480305186651,4.623157628550884,4.63254451751709,123400,0.0,0.0
2014-01-15 00:00:00-05:00,4.646623668550009,4.646623668550009,4.618462562561035,4.618462562561035,81200,0.0,0.0
2014-01-16 00:00:00-05:00,4.618465776254617,4.67948214517171,4.618465776254617,4.674788475036621,78200,0.0,0.0
2014-01-17 00:00:00-05:00,4.693562935629356,4.731111403305348,4.693562935629356,4.721724510192871,169300,0.0,0.0
2014-01-21 00:00:00-05:00,4.7311108879488115,4.740498227651774,4.6935624243629475,4.735804557800293,173600,0.0,0.0
2014-01-22 00:00:00-05:00,4.735804796285921,4.778046931850495,4.735804796285921,4.768659591674805,182100,0.0,0.0
2014-01-23 00:00:00-05:00,4.7827388411432175,4.796819847540574,4.763964613559636,4.792126178741455,156200,0.0,0.0
2014-01-24 00:00:00-05:00,4.792127253179089,4.792127253179089,4.721723995858842,4.735804557800293,221200,0.0,0.0
2014-01-27 00:00:00-05:00,4.754578191508663,4.754578191508663,4.693561833953712,4.71233606338501,159200,0.0,0.0
2014-01-28 00:00:00-05:00,4.693562271998909,4.726417064666748,4.693562271998909,4.726417064666748,177700,0.0,0.0
2014-01-29 00:00:00-05:00,4.717030326007361,4.740498227651774,4.70294976406591,4.735804557800293,114000,0.0,0.0
2014-01-30 00:00:00-05:00,4.763964081586301,4.787431975348434,4.731109298887022,4.740496635437012,141600,0.0,0.0
2014-01-31 00:00:00-05:00,4.7592714663146385,4.7592714663146385,4.721723010564112,4.749884128570557,82700,0.0,0.0
2014-02-03 00:00:00-05:00,4.773354013075133,4.834370390981879,4.745192435728526,4.7874345779418945,254100,0.0,0.0
2014-02-04 00:00:00-05:00,4.81559352662999,4.885996760146299,4.796819301184785,4.834367752075195,217800,0.0,0.0
2014-02-05 00:00:00-05:00,4.810899891037839,4.834367784906934,4.810899891037839,4.820287227630615,101100,0.0,0.0
2014-02-06 00:00:00-05:00,4.834367784906934,4.853142010479641,4.820287227630615,4.820287227630615,177700,0.0,0.0
2014-02-07 00:00:00-05:00,4.857837839237598,4.8719184027760685,4.829676264547612,4.85314416885376,146600,0.0,0.0
2014-02-10 00:00:00-05:00,4.834370168847063,4.900079766948044,4.834370168847063,4.8859992027282715,137800,0.0,0.0
2014-02-11 00:00:00-05:00,4.956946669445073,4.956946669445073,4.843428910086669,4.895458221435547,188000,0.08,0.0
2014-02-12 00:00:00-05:00,4.909645290969728,4.919104873820543,4.848156423662065,4.881265640258789,142500,0.0,0.0
2014-02-13 00:00:00-05:00,4.895457702478398,4.928566932678223,4.876538077924293,4.928566932678223,109600,0.0,0.0
2014-02-14 00:00:00-05:00,4.909647736300875,4.928567362504984,4.881268071454976,4.9049177169799805,113800,0.0,0.0
2014-02-18 00:00:00-05:00,4.890729904174805,4.909649537319248,4.881269862062765,4.890729904174805,107100,0.0,0.0
2014-02-19 00:00:00-05:00,4.881265640258789,4.914375307934758,4.881265640258789,4.881265640258789,106400,0.0,0.0
2014-02-20 00:00:00-05:00,4.881270241939564,4.909649919404648,4.881270241939564,4.9001898765563965,93100,0.0,0.0
2014-02-21 00:00:00-05:00,4.933297270877312,4.956946464790982,4.919107213233758,4.947486877441406,122000,0.0,0.0
2014-02-24 00:00:00-05:00,4.975867178407659,4.994786806607405,4.9569470991283975,4.985326766967773,106700,0.0,0.0
2014-02-25 00:00:00-05:00,4.975869117370346,5.008978366851807,4.96640907404439,5.008978366851807,136800,0.0,0.0
2014-02-26 00:00:00-05:00,5.027895088223836,5.07519392419983,5.018435050380979,5.042084693908691,152900,0.0,0.0
2014-02-27 00:00:00-05:00,5.046815600211492,5.061005208391305,5.0326259920316785,5.0515456199646,116700,0.0,0.0
2014-02-28 00:00:00-05:00,5.07046535997607,5.084654968469533,5.032626103273821,5.065735340118408,126200,0.0,0.0
2014-03-03 00:00:00-05:00,5.061004318514976,5.070464356357833,5.018435050380979,5.042084693908691,136500,0.0,0.0
2014-03-04 00:00:00-05:00,5.0610053202607475,5.108304616678319,5.037355672051961,5.065735340118408,110600,0.0,0.0
2014-03-05 00:00:00-05:00,5.09411543586019,5.136684264914436,5.079925375095883,5.0988450050354,152500,0.0,0.0
2014-03-06 00:00:00-05:00,5.113035270533108,5.131954901230195,5.089385619391854,5.103575229644775,122800,0.0,0.0
2014-03-07 00:00:00-05:00,5.0846562573818925,5.103575890528965,5.01843731582732,5.027897357940674,186500,0.0,0.0
2014-03-10 00:00:00-04:00,5.051544333368724,5.065733937934537,4.96640580381506,4.975865840911865,189400,0.0,0.0
2014-03-11 00:00:00-04:00,4.999698617451765,4.999698617451765,4.918673911545319,4.928206443786621,153300,0.08,0.0
2014-03-12 00:00:00-04:00,4.94250396623575,4.994931521241702,4.94250396623575,4.990165710449219,94200,0.0,0.0
2014-03-13 00:00:00-04:00,5.004463753427925,5.004463753427925,4.961568277101345,4.971100807189941,84500,0.0,0.0
2014-03-14 00:00:00-04:00,4.971099754773568,4.99493016587789,4.971099754773568,4.9806318283081055,45400,0.0,0.0
2014-03-17 00:00:00-04:00,4.980632882742486,4.990165412831082,4.971100807189941,4.971100807189941,73600,0.0,0.0
2014-03-18 00:00:00-04:00,4.9901625522091155,5.004460884609407,4.980630027585061,4.994928359985352,87800,0.0,0.0
2014-03-19 00:00:00-04:00,5.004464313524879,5.004464313524879,4.956802566819725,4.961568832397461,101200,0.0,0.0
2014-03-20 00:00:00-04:00,4.956801367585374,4.956801367585374,4.885309219360352,4.885309219360352,134200,0.0,0.0
2014-03-21 00:00:00-04:00,4.866246725762067,4.932973093024995,4.832883769398697,4.9139084815979,264800,0.0,0.0
2014-03-24 00:00:00-04:00,4.890075739489387,4.890075739489387,4.8471802664969506,4.856712341308594,175800,0.0,0.0
2014-03-25 00:00:00-04:00,4.866244826759342,4.875776901484999,4.766155542191872,4.785220146179199,320000,0.0,0.0
2014-03-26 00:00:00-04:00,4.7852206619538515,4.842414480080464,4.7852206619538515,4.832882404327393,130400,0.0,0.0
2014-03-27 00:00:00-04:00,4.823350541852739,4.875778102093616,4.81381846477991,4.861479759216309,67400,0.0,0.0
2014-03-28 00:00:00-04:00,4.861479759216309,4.932972382675095,4.8567134934118315,4.861479759216309,83900,0.0,0.0
2014-03-31 00:00:00-04:00,4.875776767338862,4.890075560837967,4.847180089412651,4.8519463539123535,127600,0.0,0.0
2014-04-01 00:00:00-04:00,4.861479024462282,4.89960823606308,4.856712759378168,4.890076160430908,99000,0.0,0.0
2014-04-02 00:00:00-04:00,4.899609763398379,4.928206908281476,4.885311418224929,4.904376029968262,102500,0.0,0.0
2014-04-03 00:00:00-04:00,4.89484167098999,4.909140009502229,4.89484167098999,4.89484167098999,65800,0.0,0.0
2014-04-04 00:00:00-04:00,4.932968486743176,4.937734294247616,4.909137631077912,4.918669700622559,100000,0.0,0.0
2014-04-07 00:00:00-04:00,4.93297129943531,4.966334243668173,4.93297129943531,4.952035903930664,68600,0.0,0.0
2014-04-08 00:00:00-04:00,4.94727087020874,4.956802947560284,4.918673729081831,4.94727087020874,88500,0.0,0.0
2014-04-09 00:00:00-04:00,4.971288170288504,4.980894285692041,4.952075481414795,4.952075481414795,53500,0.08,0.0
2014-04-10 00:00:00-04:00,4.961679458618164,4.961679458618164,4.947270062689166,4.961679458618164,59200,0.0,0.0
2014-04-11 00:00:00-04:00,4.971286878473988,4.995302389775594,4.956877022013206,4.9664835929870605,78900,0.0,0.0
2014-04-14 00:00:00-04:00,4.971288170288504,4.985697572427127,4.937665621209537,4.952075481414795,72600,0.0,0.0
2014-04-15 00:00:00-04:00,4.94246450443727,4.961677176193376,4.93285839759233,4.956873893737793,78400,0.0,0.0
2014-04-16 00:00:00-04:00,4.9760897058944,4.9760897058944,4.952074194592794,4.9664835929870605,58300,0.0,0.0
2014-04-17 00:00:00-04:00,4.956875549751455,4.96167883381174,4.947269439697266,4.947269439697266,64800,0.0,0.0
2014-04-21 00:00:00-04:00,4.942467067365813,4.952073637258491,4.918451100700584,4.928057670593262,101700,0.0,0.0
2014-04-22 00:00:00-04:00,4.92805566095163,4.947268334835668,4.913645811988893,4.932858943939209,99500,0.0,0.0
2014-04-23 00:00:00-04:00,4.928058225224673,4.971286878473988,4.928058225224673,4.9664835929870605,82500,0.0,0.0
2014-04-24 00:00:00-04:00,4.956878310083246,4.971288170288504,4.947272194679709,4.952075481414795,72300,0.0,0.0
2014-04-25 00:00:00-04:00,4.947269381218999,4.985694737114316,4.947269381218999,4.971285343170166,96100,0.0,0.0
2014-04-28 00:00:00-04:00,4.995298385620117,5.004904948893497,4.980888998776197,4.995298385620117,87200,0.0,0.0
2014-04-29 00:00:00-04:00,5.000103995850679,5.028923241026054,4.990497886169797,5.019316673278809,70900,0.0,0.0
2014-04-30 00:00:00-04:00,5.014514936700135,5.168216861618289,5.0097121094108985,5.076956272125244,169800,0.0,0.0
2014-05-01 00:00:00-04:00,5.0913645446343665,5.158608686433886,5.048135906011041,5.062545299530029,105100,0.0,0.0
2014-05-02 00:00:00-04:00,5.076956272125244,5.081759557480984,5.062546874124528,5.076956272125244,77800,0.0,0.0
2014-05-05 00:00:00-04:00,5.05294197459667,5.0913673505347985,5.05294197459667,5.086564064025879,121100,0.0,0.0
2014-05-06 00:00:00-04:00,5.072152137756348,5.091364816161749,5.067348853638401,5.072152137756348,80600,0.0,0.0
2014-05-07 00:00:00-04:00,5.067348853638401,5.081758247925856,5.057742285402507,5.072152137756348,97900,0.0,0.0
2014-05-08 00:00:00-04:00,5.101191166033561,5.130230408122249,5.086671775770764,5.0915117263793945,94800,0.08,0.0
2014-05-09 00:00:00-04:00,5.110873516597254,5.125392913818359,5.101193610740974,5.125392913818359,68500,0.0,0.0
2014-05-12 00:00:00-04:00,5.120550686099049,5.130230587655059,5.1011913445501404,5.115710735321045,122000,0.0,0.0
2014-05-13 00:00:00-04:00,5.096349409837958,5.106029307625725,5.081830024719238,5.081830024719238,97900,0.0,0.0
2014-05-14 00:00:00-04:00,5.0915117263793945,5.106031116642191,5.0915117263793945,5.0915117263793945,73600,0.0,0.0
2014-05-15 00:00:00-04:00,5.096351215424931,5.101191166033561,5.0818318251621335,5.0915117263793945,111700,0.0,0.0
2014-05-16 00:00:00-04:00,5.0818323159907965,5.168949589107986,5.062472973249548,5.130230903625488,164300,0.0,0.0
2014-05-19 00:00:00-04:00,5.130229100715732,5.139908537903154,5.120549201965332,5.120549201965332,82700,0.0,0.0
2014-05-20 00:00:00-04:00,5.144750431573922,5.202828461336142,5.144750431573922,5.197988510131836,179900,0.0,0.0
2014-05-21 00:00:00-04:00,5.193148791044686,5.193148791044686,5.168949957067846,5.178629398345947,74000,0.0,0.0
2014-05-22 00:00:00-04:00,5.188308946831577,5.236707073042889,5.168949604034424,5.168949604034424,150100,0.0,0.0
2014-05-23 00:00:00-04:00,5.178629276965378,5.202828571938188,5.135070638326953,5.149590492248535,75200,0.0,0.0
2014-05-27 00:00:00-04:00,5.139910710107198,5.193148791044686,5.139910710107198,5.178629398345947,57500,0.0,0.0
2014-05-28 00:00:00-04:00,5.183468341827393,5.202827682182292,5.178628391347897,5.183468341827393,70200,0.0,0.0
2014-05-29 00:00:00-04:00,5.173788547515869,5.183468448674391,5.159269157341177,5.173788547515869,106900,0.0,0.0
2014-05-30 00:00:00-04:00,5.173789093561357,5.183468995741504,5.159269701854277,5.168949604034424,74600,0.0,0.0
2014-06-02 00:00:00-04:00,5.183467060117098,5.217345781970247,5.168947673831887,5.212506294250488,131400,0.0,0.0
2014-06-03 00:00:00-04:00,5.227027838940873,5.256066623502328,5.212508446660145,5.231867790222168,119700,0.0,0.0
2014-06-04 00:00:00-04:00,5.207665991957661,5.241544711514285,5.076990139559934,5.159267425537109,271600,0.0,0.0
2014-06-05 00:00:00-04:00,5.173789093561357,5.188308946831577,5.154429750764204,5.168949604034424,97000,0.0,0.0
2014-06-06 00:00:00-04:00,5.183467060117098,5.227025680535699,5.173787161551646,5.212506294250488,89600,0.0,0.0
2014-06-09 00:00:00-04:00,5.231868431214856,5.251227777148727,5.193149277783898,5.217348575592041,132200,0.0,0.0
2014-06-10 00:00:00-04:00,5.231975570147271,5.231975570147271,5.197843537634458,5.2124714851379395,71900,0.08,0.0
2014-06-11 00:00:00-04:00,5.192967891693115,5.212471978548696,5.188092218739803,5.192967891693115,44600,0.0,0.0
2014-06-12 00:00:00-04:00,5.192967891693115,5.227100392450965,5.192967891693115,5.192967891693115,76200,0.0,0.0
2014-06-13 00:00:00-04:00,5.188090295749177,5.266106614254378,5.1832141595891175,5.241726398468018,133900,0.0,0.0
2014-06-16 00:00:00-04:00,5.2417278592784635,5.2466039967974485,5.197843551635742,5.197843551635742,85300,0.0,0.0
2014-06-17 00:00:00-04:00,5.173463834449726,5.207596335402946,5.129579987534067,5.168588161468506,105400,0.0,0.0
2014-06-18 00:00:00-04:00,5.183215604092857,5.202719689154726,5.178339466573873,5.197843551635742,52700,0.0,0.0
2014-06-19 00:00:00-04:00,5.207594404135873,5.207594404135873,5.173461915840886,5.1880903244018555,63500,0.0,0.0
2014-06-20 00:00:00-04:00,5.173464298248291,5.183216575113244,5.163712486397492,5.173464298248291,126800,0.0,0.0
2014-06-23 00:00:00-04:00,5.163711549387292,5.168587686934942,5.149083601758413,5.153959274291992,103200,0.0,0.0
2014-06-24 00:00:00-04:00,5.14908552428648,5.183217569835863,5.144209384918213,5.144209384918213,117000,0.0,0.0
2014-06-25 00:00:00-04:00,5.134457106181678,5.168589616745305,5.134457106181678,5.144209384918213,82500,0.0,0.0
2014-06-26 00:00:00-04:00,5.163712960239642,5.192968863490826,5.149085008614049,5.178340911865234,45000,0.0,0.0
2014-06-27 00:00:00-04:00,5.18321608077238,5.192967891693115,5.149084045028641,5.192967891693115,60000,0.0,0.0
2014-06-30 00:00:00-04:00,5.192968823232753,5.261233371979964,5.1734647328784344,5.217349052429199,122300,0.0,0.0
2014-07-01 00:00:00-04:00,5.2173466684091725,5.2514791596933375,5.207594860195112,5.222222805023193,104800,0.0,0.0
2014-07-02 00:00:00-04:00,5.231976561059069,5.236852699488436,5.178340433378494,5.183216571807861,147300,0.0,0.0
2014-07-03 00:00:00-04:00,5.19296646149225,5.212470542976189,5.158834435148851,5.202718734741211,109300,0.0,0.0
2014-07-07 00:00:00-04:00,5.207597239759137,5.231977003941389,5.202721100917009,5.217349052429199,59800,0.0,0.0
2014-07-08 00:00:00-04:00,5.227100835727452,5.256356735984771,5.192968332075046,5.231976509094238,138100,0.0,0.0
2014-07-09 00:00:00-04:00,5.231973482927456,5.320401356855259,5.21232289633316,5.276187419891357,170800,0.08,0.0
2014-07-10 00:00:00-04:00,5.271274432429106,5.290925486696448,5.217235438714676,5.236886024475098,85200,0.0,0.0
2014-07-11 00:00:00-04:00,5.246713908905039,5.246713908905039,5.192674422404286,5.2074127197265625,86200,0.0,0.0
2014-07-14 00:00:00-04:00,5.182848276535178,5.192673337523528,5.163197686051445,5.173022747039795,173400,0.0,0.0
2014-07-15 00:00:00-04:00,5.158285140991211,5.187761262225693,5.143547314627496,5.158285140991211,152100,0.0,0.0
2014-07-16 00:00:00-04:00,5.158285705574702,5.168111236563969,5.148460174585436,5.163198471069336,44800,0.0,0.0
2014-07-17 00:00:00-04:00,5.158285273527196,5.173023100269581,5.13372191661851,5.13863468170166,67800,0.0,0.0
2014-07-18 00:00:00-04:00,5.163198249772793,5.182848842401991,5.1484599539205815,5.17793607711792,39900,0.0,0.0
2014-07-21 00:00:00-04:00,5.148459176743939,5.173022530949289,5.133721351623535,5.133721351623535,110800,0.0,0.0
2014-07-22 00:00:00-04:00,5.158285484488722,5.182848842401991,5.143547657143595,5.17793607711792,62500,0.0,0.0
2014-07-23 00:00:00-04:00,5.182849884033203,5.192674948068867,5.158286521183276,5.182849884033203,71100,0.0,0.0
2014-07-24 00:00:00-04:00,5.187762650304625,5.202500480611709,5.173024351490361,5.182849884033203,106100,0.0,0.0
2014-07-25 00:00:00-04:00,5.207411631766602,5.207411631766602,5.158284921303753,5.173022747039795,59200,0.0,0.0
2014-07-28 00:00:00-04:00,5.168111190304317,5.202499611444731,5.168111190304317,5.1877617835998535,55400,0.0,0.0
2014-07-29 00:00:00-04:00,5.192674948068867,5.202500480611709,5.177937117761783,5.182849884033203,59700,0.0,0.0
2014-07-30 00:00:00-04:00,5.187761918115368,5.197586980764345,5.168111324310303,5.168111324310303,74400,0.0,0.0
2014-07-31 00:00:00-04:00,5.143549550445786,5.153374616123376,4.9863442830390365,5.0109076499938965,297500,0.0,0.0
2014-08-01 00:00:00-04:00,4.98634169551407,5.010905049722452,4.9126521013959366,4.971603870391846,293000,0.0,0.0
2014-08-04 00:00:00-04:00,5.02564548276391,5.05020884971877,4.9863442830390365,5.0109076499938965,176000,0.0,0.0
2014-08-05 00:00:00-04:00,4.99125632389339,5.030557517899859,4.961780662642133,4.996169090270996,88700,0.0,0.0
2014-08-06 00:00:00-04:00,4.981431086089792,5.010906746314102,4.961780489771194,4.9863433837890625,102000,0.0,0.0
2014-08-07 00:00:00-04:00,5.025955677032471,5.070520878493867,5.011100767288361,5.025955677032471,101300,0.08,0.0
2014-08-08 00:00:00-04:00,5.025957891511451,5.0606199924922075,5.00615117904928,5.050716400146484,69700,0.0,0.0
2014-08-11 00:00:00-04:00,5.050712286366925,5.129939071685795,5.050712286366925,5.100229263305664,73600,0.0,0.0
2014-08-12 00:00:00-04:00,5.100231969289554,5.115086881361057,5.065569878150529,5.080425262451172,50900,0.0,0.0
2014-08-13 00:00:00-04:00,5.0952789037617965,5.149747215925685,5.080423995395104,5.144795894622803,73200,0.0,0.0
2014-08-14 00:00:00-04:00,5.164602596521401,5.174505711356188,5.144795894622803,5.144795894622803,72400,0.0,0.0
2014-08-15 00:00:00-04:00,5.159650961980818,5.194312573314184,5.159650961980818,5.179457664489746,67000,0.0,0.0
2014-08-18 00:00:00-04:00,5.19926579803814,5.19926579803814,5.179459090077637,5.194314002990723,72100,0.0,0.0
2014-08-19 00:00:00-04:00,5.199265956878662,5.2091695472760575,5.194314161679965,5.199265956878662,87300,0.0,0.0
2014-08-20 00:00:00-04:00,5.19926579803814,5.22402430104606,5.194314002990723,5.194314002990723,64000,0.0,0.0
2014-08-21 00:00:00-04:00,5.184408344525118,5.199263250158612,5.184408344525118,5.189359664916992,56900,0.0,0.0
2014-08-22 00:00:00-04:00,5.194313211571647,5.204216800157545,5.179458300921895,5.184410095214844,58000,0.0,0.0
2014-08-25 00:00:00-04:00,5.1844092984199985,5.199264206786691,5.1398441010908975,5.144795894622803,83500,0.0,0.0
2014-08-26 00:00:00-04:00,5.1497475343146935,5.169554237437863,5.1249895095825195,5.1249895095825195,99100,0.0,0.0
2014-08-27 00:00:00-04:00,5.124990459208709,5.169555195321597,5.124990459208709,5.139845371246338,67400,0.0,0.0
2014-08-28 00:00:00-04:00,5.1249895095825195,5.1497475343146935,5.110134128068354,5.1249895095825195,100400,0.0,0.0
2014-08-29 00:00:00-04:00,5.1150889296362765,5.12994384765625,5.1150889296362765,5.12994384765625,86600,0.0,0.0
2014-09-02 00:00:00-04:00,5.144797489310735,5.144797489310735,5.055667067025555,5.120038986206055,116700,0.0,0.0
2014-09-03 00:00:00-04:00,5.110133969593977,5.199264366998675,5.09527906076954,5.179457664489746,128400,0.0,0.0
2014-09-04 00:00:00-04:00,5.154698217284099,5.1745049161388055,5.139843311200307,5.164601802825928,64700,0.0,0.0
2014-09-05 00:00:00-04:00,5.149748007393295,5.184410095214844,5.144796685329441,5.184410095214844,44200,0.0,0.0
2014-09-08 00:00:00-04:00,5.189361411983461,5.214119911193848,5.1844100899246595,5.214119911193848,83100,0.0,0.0
2014-09-09 00:00:00-04:00,5.19926579803814,5.214120710951225,5.189362207943305,5.194314002990723,88400,0.0,0.0
2014-09-10 00:00:00-04:00,5.20429280152623,5.229241091258003,5.1693643393571245,5.2142720222473145,86800,0.08,0.0
2014-09-11 00:00:00-04:00,5.199302341935378,5.249199867248535,5.189322646529519,5.249199867248535,138500,0.0,0.0
2014-09-12 00:00:00-04:00,5.219259931565311,5.219259931565311,5.129444599151611,5.129444599151611,112900,0.0,0.0
2014-09-15 00:00:00-04:00,5.1294483416133305,5.149407266060919,5.084540642641682,5.099510192871094,127300,0.0,0.0
2014-09-16 00:00:00-04:00,5.079549144474783,5.114477128688799,5.079549144474783,5.10449743270874,106000,0.0,0.0
2014-09-17 00:00:00-04:00,5.089526779380622,5.174352265358461,5.089526779380622,5.129444599151611,67900,0.0,0.0
2014-09-18 00:00:00-04:00,5.119468463549027,5.149406608468084,5.119468463549027,5.124458312988281,83800,0.0,0.0
2014-09-19 00:00:00-04:00,5.114478614109774,5.139427385447809,5.099509541650246,5.124458312988281,83800,0.0,0.0
2014-09-22 00:00:00-04:00,5.109485817977105,5.129444728365376,5.094516754150391,5.094516754150391,77700,0.0,0.0
2014-09-23 00:00:00-04:00,5.089528364596747,5.124456824668859,5.089528364596747,5.10449743270874,41700,0.0,0.0
2014-09-24 00:00:00-04:00,5.099510192871094,5.119469117318683,5.0745614183470344,5.099510192871094,72100,0.0,0.0
2014-09-25 00:00:00-04:00,5.094518886125316,5.109487956216347,5.084539188825857,5.089529037475586,75400,0.0,0.0
2014-09-26 00:00:00-04:00,4.91987758586853,5.039631564328266,4.765196097305973,4.855010986328125,1099900,0.0,0.0
2014-09-29 00:00:00-04:00,4.855010986328125,4.91987758586853,4.815093152127586,4.855010986328125,370900,0.0,0.0
2014-09-30 00:00:00-04:00,4.815091696567281,4.934845638826443,4.805112478962837,4.9198760986328125,319400,0.0,0.0
2014-10-01 00:00:00-04:00,4.96977464315215,5.024661540985107,4.93983603242449,5.024661540985107,255700,0.0,0.0
2014-10-02 00:00:00-04:00,5.0346433787492035,5.0346433787492035,4.8649922894416076,4.924869060516357,263600,0.0,0.0
2014-10-03 00:00:00-04:00,4.9198771172254085,5.119466745074303,4.914887745319193,5.024661540985107,193400,0.0,0.0
2014-10-06 00:00:00-04:00,5.009694601380081,5.029653525056564,4.974766603910805,5.019674301147461,180000,0.0,0.0
2014-10-07 00:00:00-04:00,5.004704751496392,5.0845404462023245,4.9947255275872875,5.019674301147461,127900,0.0,0.0
2014-10-08 00:00:00-04:00,5.089530296086014,5.089530296086014,4.9947255275872875,5.019674301147461,170300,0.0,0.0
2014-10-09 00:00:00-04:00,5.0347623001592225,5.080029968980115,4.9794349361902785,4.9945244789123535,192600,0.08,0.0
2014-10-10 00:00:00-04:00,4.979433753426357,5.049850163718713,4.914047669185839,4.944225788116455,174300,0.0,0.0
2014-10-13 00:00:00-04:00,4.944226150459759,4.9744047512746,4.798363952478632,4.919077396392822,224800,0.0,0.0
2014-10-14 00:00:00-04:00,4.914047823336767,4.949255789751123,4.768185151797137,4.8536906242370605,332500,0.0,0.0
2014-10-15 00:00:00-04:00,4.848661244056803,4.848661244056803,4.652501546702882,4.768185138702393,416700,0.0,0.0
2014-10-16 00:00:00-04:00,4.73297825617345,4.969375820500174,4.697770281793629,4.77824592590332,485000,0.0,0.0
2014-10-17 00:00:00-04:00,4.8436329163569365,4.9291384153740925,4.7983652427981225,4.893929958343506,167900,0.0,0.0
2014-10-20 00:00:00-04:00,4.909018879821704,4.979434825603545,4.9039890323593855,4.9693756103515625,175200,0.0,0.0
2014-10-21 00:00:00-04:00,4.9693723641943786,5.0397887436505835,4.95931267584106,5.0246992111206055,102800,0.0,0.0
2014-10-22 00:00:00-04:00,5.049852573281351,5.080031186284396,4.979436129389433,5.029733657836914,116900,0.0,0.0
2014-10-23 00:00:00-04:00,5.014641120824209,5.039789867643934,4.999551584928905,5.019670486450195,87700,0.0,0.0
2014-10-24 00:00:00-04:00,5.004585470497944,5.019674538902412,4.95428841592544,4.984466552734375,89700,0.0,0.0
2014-10-27 00:00:00-04:00,4.9643454285059105,5.004583246148852,4.959315581382387,4.979434490203857,49100,0.0,0.0
2014-10-28 00:00:00-04:00,4.974403294045662,5.090086857322971,4.974403294045662,5.034759998321533,129200,0.0,0.0
2014-10-29 00:00:00-04:00,5.059908556787759,5.074997612377287,5.029729965936273,5.0548787117004395,75400,0.0,0.0
2014-10-30 00:00:00-04:00,5.029731556826783,5.069969370907591,5.009612649786379,5.0498504638671875,98200,0.0,0.0
2014-10-31 00:00:00-04:00,5.044821151815956,5.105177879333497,5.034761937066015,5.105177879333496,131600,0.0,0.0
2014-11-03 00:00:00-05:00,5.105177066365163,5.1705636306815785,5.080028793658704,5.115236759185791,110200,0.0,0.0
2014-11-04 00:00:00-05:00,5.135358504434179,5.1755963386186075,5.115239587341964,5.13032865524292,111900,0.0,0.0
2014-11-05 00:00:00-05:00,5.14541670388943,5.17056546519119,5.14541670388943,5.160506248474121,86400,0.0,0.0
2014-11-06 00:00:00-05:00,5.16050400862678,5.225890567762112,5.105176661842451,5.170563220977783,135900,0.0,0.0
2014-11-07 00:00:00-05:00,5.150445152919803,5.170564060561185,5.145415306091309,5.145415306091309,64900,0.0,0.0
2014-11-10 00:00:00-05:00,5.155555275718882,5.2315957200520335,5.120069799490526,5.185971260070801,123900,0.08,0.0
2014-11-11 00:00:00-05:00,5.165694466864672,5.201180431292181,5.140347970999418,5.160625457763672,69600,0.0,0.0
2014-11-12 00:00:00-05:00,5.165693028733249,5.1961094921383815,5.125138066495261,5.150485038757324,105100,0.0,0.0
2014-11-13 00:00:00-05:00,5.150485274303378,5.191040238396058,5.145415782928467,5.145415782928467,44200,0.0,0.0
2014-11-14 00:00:00-05:00,5.140346775006861,5.15555476567829,5.120069292960522,5.145415782928467,60400,0.0,0.0
2014-11-17 00:00:00-05:00,5.155553356045135,5.16569185256958,5.1352758795430695,5.16569185256958,60700,0.0,0.0
2014-11-18 00:00:00-05:00,5.1606268646947795,5.170765369114236,5.08458590600787,5.099794387817383,137600,0.0,0.0
2014-11-19 00:00:00-05:00,5.094721573171506,5.10992956161499,5.05923562219906,5.10992956161499,110900,0.0,0.0
2014-11-20 00:00:00-05:00,5.094722283398694,5.109930273962241,5.0693753101572465,5.104860782623291,47300,0.0,0.0
2014-11-21 00:00:00-05:00,5.109928617045256,5.135275582067837,5.094720631412965,5.120067596435547,65600,0.0,0.0
2014-11-24 00:00:00-05:00,5.135277791666485,5.216387727876074,5.120069799490526,5.185971260070801,118900,0.0,0.0
2014-11-25 00:00:00-05:00,5.180902944527927,5.180902944527927,5.145416980100417,5.160625457763672,80800,0.0,0.0
2014-11-26 00:00:00-05:00,5.150485783842444,5.191040751947239,5.150485783842444,5.185971260070801,70900,0.0,0.0
2014-11-28 00:00:00-05:00,5.191040532855675,5.211318016052246,5.150485566462532,5.211318016052246,50000,0.0,0.0
2014-12-01 00:00:00-05:00,5.251873204104431,5.251873204104431,5.175832759771279,5.185971260070801,142000,0.0,0.0
2014-12-02 00:00:00-05:00,5.20117764554378,5.246802087190277,5.191038665865376,5.241732597351074,158300,0.0,0.0
2014-12-03 00:00:00-05:00,5.23159365704884,5.272148609161377,5.221455160747289,5.272148609161377,121300,0.0,0.0
2014-12-04 00:00:00-05:00,5.2670817375183105,5.27722023792906,5.251873261722147,5.2670817375183105,106200,0.0,0.0
2014-12-05 00:00:00-05:00,5.251873996116204,5.29749846297786,5.23159650900585,5.292428970336914,136400,0.0,0.0
2014-12-08 00:00:00-05:00,5.28229021841411,5.312706205912859,5.2417352461135085,5.277220726013184,151600,0.0,0.0
2014-12-09 00:00:00-05:00,5.272110350970176,5.343631405330425,5.236350067388714,5.323196887969971,134700,0.08,0.0
2014-12-10 00:00:00-05:00,5.302763604604743,5.302763604604743,5.215916763813535,5.282329082489014,112900,0.0,0.0
2014-12-11 00:00:00-05:00,5.261893807133941,5.343631883896062,5.210807265558931,5.2363505363464355,83300,0.0,0.0
2014-12-12 00:00:00-05:00,5.221024967429058,5.22613323202305,5.103526112214286,5.190372943878174,163100,0.0,0.0
2014-12-15 00:00:00-05:00,5.21080427609566,5.21080427609566,5.072871472491629,5.088197231292725,149800,0.0,0.0
2014-12-16 00:00:00-05:00,5.067764173966716,5.067764173966716,4.878744804008343,4.975808620452881,274800,0.0,0.0
2014-12-17 00:00:00-05:00,4.945160300946486,5.144396813165562,4.945160300946486,5.057549953460693,142900,0.0,0.0
2014-12-18 00:00:00-05:00,5.129066246227036,5.18015275849347,5.016676211559134,5.088197231292725,233000,0.0,0.0
2014-12-19 00:00:00-05:00,5.093309349857647,5.129069639786067,5.032005786895752,5.032005786895752,146700,0.0,0.0
2014-12-22 00:00:00-05:00,5.057546538333057,5.057546538333057,4.975808487263004,4.996243000030518,181300,0.0,0.0
2014-12-23 00:00:00-05:00,4.980920314788818,5.032006871870787,4.955377036247834,4.980920314788818,168700,0.0,0.0
2014-12-24 00:00:00-05:00,4.997370276526647,5.048783255374971,4.9870873865678735,5.023077011108398,77300,0.062,0.0
2014-12-26 00:00:00-05:00,5.017935428470731,5.033359272670585,4.951098116517813,4.987087249755859,157800,0.0,0.0
2014-12-29 00:00:00-05:00,4.971663732468102,4.976805177644518,4.925391706510756,4.951098442077637,151500,0.0,0.0
2014-12-30 00:00:00-05:00,4.920250558655691,4.9459572957759805,4.812282655002655,4.889402866363525,300600,0.0,0.0
2014-12-31 00:00:00-05:00,4.868838787078857,4.884262637065503,4.807142896816925,4.868838787078857,307800,0.0,0.0
2015-01-02 00:00:00-05:00,4.915110225755296,4.981947064288525,4.899685887341205,4.9253926277160645,172400,0.0,0.0
2015-01-05 00:00:00-05:00,4.909967387535912,4.935674120622361,4.858553921363015,4.884260654449463,162900,0.0,0.0
2015-01-06 00:00:00-05:00,4.899686080386555,5.012795448303223,4.889403678020664,5.012795448303223,107700,0.0,0.0
2015-01-07 00:00:00-05:00,5.038502428543012,5.038502428543012,4.9562412444550175,4.96652364730835,138400,0.0,0.0
2015-01-08 00:00:00-05:00,4.976893288583382,5.002814211236807,4.925050454456716,4.956156253814697,205600,0.08,0.0
2015-01-09 00:00:00-05:00,4.935418951761793,4.966524255025317,4.925050187734031,4.950971603393555,70800,0.0,0.0
2015-01-12 00:00:00-05:00,4.976891183518356,4.98207506921048,4.9250483713195345,4.961338043212891,107700,0.0,0.0
2015-01-13 00:00:00-05:00,4.976894478735793,4.987262751394604,4.83173470623223,4.914682865142822,221100,0.0,0.0
2015-01-14 00:00:00-05:00,4.862837477651331,4.930232938300527,4.8109946634874206,4.919864177703857,183800,0.0,0.0
2015-01-15 00:00:00-05:00,4.90431477928603,4.961341517106665,4.852471930787237,4.945788860321045,119900,0.0,0.0
2015-01-16 00:00:00-05:00,5.05465509900225,5.05465509900225,4.899127150920237,4.919864177703857,97100,0.0,0.0
2015-01-20 00:00:00-05:00,4.919866072162068,4.956156253814697,4.883576384919347,4.956156253814697,157900,0.0,0.0
2015-01-21 00:00:00-05:00,4.950969777418946,4.971706803416534,4.909495725423768,4.961338043212891,94900,0.0,0.0
2015-01-22 00:00:00-05:00,4.950972423611485,4.966525077819824,4.930235386530378,4.966525077819824,94300,0.0,0.0
2015-01-23 00:00:00-05:00,5.0287345431110655,5.0287345431110655,4.966523452230018,5.007997512817383,102900,0.0,0.0
2015-01-26 00:00:00-05:00,5.013180197947082,5.049469865081149,4.992443174669096,5.039101600646973,101700,0.0,0.0
2015-01-27 00:00:00-05:00,5.023550909560673,5.033919673455537,4.992445606695831,5.013182640075684,69600,0.0,0.0
2015-01-28 00:00:00-05:00,5.033919053719177,5.05465608454605,4.976892342547728,4.99244499206543,95900,0.0,0.0
2015-01-29 00:00:00-05:00,5.013180855411712,5.013180855411712,4.961338043212891,4.961338043212891,116300,0.0,0.0
2015-01-30 00:00:00-05:00,4.997630404938348,5.054657127880715,4.982077257800499,5.002814292907715,128300,0.0,0.0
2015-02-02 00:00:00-05:00,5.018365859985352,5.054655536394496,4.987260069913399,5.018365859985352,136500,0.0,0.0
2015-02-03 00:00:00-05:00,5.049469593244639,5.0702066154062555,5.01836430720702,5.03391695022583,157000,0.0,0.0
2015-02-04 00:00:00-05:00,5.018365401976133,5.054655075073242,5.018365401976133,5.054655075073242,91400,0.0,0.0
2015-02-05 00:00:00-05:00,5.033917310260418,5.096128381194709,5.028732930746816,5.085760116577148,93000,0.0,0.0
2015-02-06 00:00:00-05:00,5.116865314337013,5.116865314337013,5.023548462381258,5.039101600646973,214700,0.0,0.0
2015-02-09 00:00:00-05:00,5.023548191940218,5.059838351530251,5.023548191940218,5.03391695022583,96900,0.0,0.0
2015-02-10 00:00:00-05:00,5.033915639169734,5.075734212616312,5.033915639169734,5.039143085479736,76800,0.08,0.0
2015-02-11 00:00:00-05:00,5.044374208648802,5.070510963316247,5.013010501861572,5.013010501861572,136200,0.0,0.0
2015-02-12 00:00:00-05:00,5.023464419394974,5.0443737214058455,4.992100715637207,4.992100715637207,116300,0.0,0.0
2015-02-13 00:00:00-05:00,5.039143085479736,5.049597479583022,5.0234607465497305,5.039143085479736,89400,0.0,0.0
2015-02-17 00:00:00-05:00,5.138462072786178,5.175053199922753,5.018233798756448,5.039143085479736,156900,0.0,0.0
2015-02-18 00:00:00-05:00,5.060052372203025,5.065279319996308,4.997324512033159,5.039143085479736,160500,0.0,0.0
2015-02-19 00:00:00-05:00,5.039147134780922,5.0548289877956565,4.976419224204868,4.986873626708984,114900,0.0,0.0
2015-02-20 00:00:00-05:00,4.992100715637207,5.018237467780068,4.992100715637207,4.992100715637207,71500,0.0,0.0
2015-02-23 00:00:00-05:00,4.992101197831043,5.028692355255187,4.992101197831043,5.013010501861572,75800,0.0,0.0
2015-02-24 00:00:00-05:00,5.023464419394974,5.033919319658951,4.9555090632303695,4.992100715637207,175100,0.0,0.0
2015-02-25 00:00:00-05:00,5.00778091138539,5.033917654884529,4.992099064692673,5.002553462982178,56900,0.0,0.0
2015-02-26 00:00:00-05:00,4.997328648467958,5.033919805892102,4.992101197831043,5.013010501861572,94200,0.0,0.0
2015-02-27 00:00:00-05:00,5.018235822468221,5.039145117623634,5.0130083740501385,5.023462772369385,54900,0.0,0.0
2015-03-02 00:00:00-05:00,5.054828528068638,5.054828528068638,5.028691776409757,5.049601078033447,120700,0.0,0.0
2015-03-03 00:00:00-05:00,5.065285682678222,5.075740588430997,5.049603822566405,5.065285682678223,118400,0.0,0.0
2015-03-04 00:00:00-05:00,5.0495984724184515,5.086189606749455,5.033916628921852,5.080962657928467,89900,0.0,0.0
2015-03-05 00:00:00-05:00,5.070510510241244,5.096647262573242,5.065283060071428,5.096647262573242,71900,0.0,0.0
2015-03-06 00:00:00-05:00,5.065282558453223,5.091419308196882,4.960736057995625,5.033918857574463,190200,0.0,0.0
2015-03-09 00:00:00-04:00,5.023464326374566,5.070510379657138,5.018237374856449,5.049601078033447,95000,0.0,0.0
2015-03-10 00:00:00-04:00,5.023247963000538,5.075958007763622,5.023247963000538,5.04960298538208,90800,0.08,0.0
2015-03-11 00:00:00-04:00,5.039057186329286,5.060141086578369,5.028514984864827,5.060141086578369,106500,0.0,0.0
2015-03-12 00:00:00-04:00,5.054872579028787,5.0917692977229825,5.054872579028787,5.070685386657715,50100,0.0,0.0
2015-03-13 00:00:00-04:00,5.033789781360039,5.054873697088744,5.007434761029109,5.0285186767578125,127000,0.0,0.0
2015-03-16 00:00:00-04:00,5.017974331492105,5.028516032472918,4.986348223189786,5.002161026000977,136400,0.0,0.0
2015-03-17 00:00:00-04:00,4.975806019529035,5.002161026000977,4.912554305604337,5.002161026000977,140100,0.0,0.0
2015-03-18 00:00:00-04:00,4.981079118179006,4.991621326065928,4.902014569747649,4.944182395935059,159200,0.0,0.0
2015-03-19 00:00:00-04:00,4.938908862237076,4.954721663608026,4.875657154073386,4.891469955444336,166200,0.0,0.0
2015-03-20 00:00:00-04:00,4.912554997294069,4.949452212621906,4.89147108968388,4.938910007476807,122100,0.0,0.0
2015-03-23 00:00:00-04:00,4.928369098552853,4.986349728146618,4.9230979951315765,4.981078624725342,105400,0.0,0.0
2015-03-24 00:00:00-04:00,4.944179412289628,4.959992211897381,4.912553310394287,4.912553310394287,93800,0.0,0.0
2015-03-25 00:00:00-04:00,4.9283695867848145,4.975808014235546,4.923098482841354,4.944182395935059,107200,0.0,0.0
2015-03-26 00:00:00-04:00,4.959994631575977,4.970536838243936,4.859846181630781,4.875658988952637,209800,0.0,0.0
2015-03-27 00:00:00-04:00,4.838760852813721,4.8756575599775935,4.822947547446403,4.838760852813721,310800,0.0,0.0
2015-03-30 00:00:00-04:00,4.844031262060347,4.886199572040467,4.844031262060347,4.865115165710449,189800,0.0,0.0
2015-03-31 00:00:00-04:00,4.896743297576904,4.896743297576904,4.849304369075795,4.896743297576904,139900,0.0,0.0
2015-04-01 00:00:00-04:00,4.923097202439168,4.949452212621906,4.907284397401528,4.938910007476807,86300,0.0,0.0
2015-04-02 00:00:00-04:00,4.9283666126818755,4.949450513052158,4.912553310394287,4.912553310394287,143600,0.0,0.0
2015-04-06 00:00:00-04:00,4.917826497471441,4.975807122417174,4.917826497471441,4.959994316101074,141800,0.0,0.0
2015-04-07 00:00:00-04:00,4.970537250874716,5.0074339719154,4.959995043331593,4.986350059509277,135200,0.0,0.0
2015-04-08 00:00:00-04:00,5.007433745709719,5.023246553629953,4.97580762718915,5.012704849243164,121200,0.0,0.0
2015-04-09 00:00:00-04:00,4.991441630954615,5.028651362384304,4.90107470581574,4.932968616485596,212300,0.08,0.0
2015-04-10 00:00:00-04:00,4.9542313523306145,4.964862993763905,4.906389979769939,4.938284397125244,128800,0.0,0.0
2015-04-13 00:00:00-04:00,4.9329687070314465,4.943600348746258,4.917021751403809,4.917021751403809,114500,0.0,0.0
2015-04-14 00:00:00-04:00,4.927652620371661,4.970178166672957,4.927652620371661,4.96486234664917,157300,0.0,0.0
2015-04-15 00:00:00-04:00,4.964861783575509,5.0233342763722,4.959545964154599,4.980808734893799,113800,0.0,0.0
2015-04-16 00:00:00-04:00,4.975492601091247,4.980808420176272,4.927651750159251,4.954229831695557,97900,0.0,0.0
2015-04-17 00:00:00-04:00,4.938284527888852,4.938284527888852,4.911705930546402,4.917021751403809,123100,0.0,0.0
2015-04-20 00:00:00-04:00,4.932966870221686,4.964861276545533,4.89044133308615,4.906388282775879,164200,0.0,0.0
2015-04-21 00:00:00-04:00,4.9010747557321395,4.932968666726828,4.9010747557321395,4.922337532043457,107000,0.0,0.0
2015-04-22 00:00:00-04:00,4.922337612566025,4.93828456832424,4.906390149863228,4.91170597076416,77100,0.0,0.0
2015-04-23 00:00:00-04:00,4.906390019631003,4.959547213340189,4.906390019631003,4.932968616485596,89500,0.0,0.0
2015-04-24 00:00:00-04:00,4.932967584794434,4.943599224090576,4.927652272090827,4.943599224090576,37000,0.0,0.0
2015-04-27 00:00:00-04:00,4.948914005376951,4.986123721217324,4.943598186844224,4.959545135498047,93300,0.0,0.0
2015-04-28 00:00:00-04:00,4.970178166672957,4.986125119799818,4.943599573498522,4.96486234664917,103800,0.0,0.0
2015-04-29 00:00:00-04:00,4.94891483225722,4.9808087348938,4.94891483225722,4.980808734893799,97700,0.0,0.0
2015-04-30 00:00:00-04:00,4.9701775257643,4.991440296173096,4.954230067749378,4.991440296173096,89800,0.0,0.0
2015-05-01 00:00:00-04:00,5.002074158437264,5.0127058029174805,4.975495554181433,5.0127058029174805,118800,0.0,0.0
2015-05-04 00:00:00-04:00,5.0233342763722,5.044597047111401,4.975492915472889,4.980808734893799,170600,0.0,0.0
2015-05-05 00:00:00-04:00,4.986125119799818,4.9914409398236055,4.9489153935223085,4.96486234664917,141000,0.0,0.0
2015-05-06 00:00:00-04:00,4.9701781180640054,5.012703663949398,4.9701781180640054,4.975493431091309,123400,0.0,0.0
2015-05-07 00:00:00-04:00,4.975493818554116,5.007663185526496,4.964771037106484,4.980855464935303,105300,0.08,0.0
2015-05-08 00:00:00-04:00,4.996941714647929,5.013026659656057,4.980857280954729,4.9862189292907715,85600,0.0,0.0
2015-05-11 00:00:00-04:00,4.980857134483636,4.991580430840384,4.959411053085054,4.964772701263428,126300,0.0,0.0
2015-05-12 00:00:00-04:00,4.927240371704101,4.959409740948213,4.9218792362590635,4.927240371704102,161100,0.0,0.0
2015-05-13 00:00:00-04:00,4.948686447428583,4.954048094188399,4.927240371704101,4.927240371704102,91500,0.0,0.0
2015-05-14 00:00:00-04:00,4.927240433915509,4.954048156738281,4.921879298402782,4.954048156738281,95400,0.0,0.0
2015-05-15 00:00:00-04:00,4.943324987800832,4.964771062118883,4.937963341392633,4.948686122894287,62900,0.0,0.0
2015-05-18 00:00:00-04:00,4.943326235450021,4.959410667419434,4.932602939927165,4.959410667419434,70400,0.0,0.0
2015-05-19 00:00:00-04:00,4.932600728775311,4.9433240194912065,4.916516304016113,4.916516304016113,166100,0.0,0.0
2015-05-20 00:00:00-04:00,4.927240128855509,4.954047850018536,4.911155700683594,4.911155700683594,81200,0.0,0.0
2015-05-21 00:00:00-04:00,4.916516215761247,4.9486850647021905,4.916516215761247,4.921877861022949,86700,0.0,0.0
2015-05-22 00:00:00-04:00,4.9218792362590635,4.948686447428583,4.9218792362590635,4.927240371704102,95400,0.0,0.0
2015-05-26 00:00:00-04:00,4.927238994970017,4.932600640231718,4.911154570499544,4.921877861022949,75300,0.0,0.0
2015-05-27 00:00:00-04:00,4.927241711005218,4.932603359222412,4.905795629451356,4.932603359222412,78600,0.0,0.0
2015-05-28 00:00:00-04:00,4.927239102374412,4.927239102374412,4.873624182532592,4.884346961975098,134300,0.0,0.0
2015-05-29 00:00:00-04:00,4.889712091580297,4.905796527862549,4.878989304497134,4.905796527862549,101100,0.0,0.0
2015-06-01 00:00:00-04:00,4.916519826260724,4.9326042625429745,4.889712091580297,4.905796527862549,120200,0.0,0.0
2015-06-02 00:00:00-04:00,4.916516215761247,4.921877861022949,4.895070146029073,4.921877861022949,86300,0.0,0.0
2015-06-03 00:00:00-04:00,4.921877808568668,4.921877808568668,4.862900733947754,4.862900733947754,124500,0.0,0.0
2015-06-04 00:00:00-04:00,4.862900733947754,4.895070093860491,4.841454664444139,4.862900733947754,247000,0.0,0.0
2015-06-05 00:00:00-04:00,4.852179819811393,4.852179819811393,4.648441825562077,4.739587783813477,680100,0.0,0.0
2015-06-08 00:00:00-04:00,4.73958724390017,4.7449488905547295,4.6966950932932265,4.712779521942139,191900,0.0,0.0
2015-06-09 00:00:00-04:00,4.691136688453504,4.729011905717725,4.680314902943079,4.707368850708008,228700,0.08,0.0
2015-06-10 00:00:00-04:00,4.685725359136955,4.696547143639133,4.647850145401506,4.669493198394775,350400,0.0,0.0
2015-06-11 00:00:00-04:00,4.674903647969226,4.691135807174349,4.615384870865383,4.631617546081543,252500,0.0,0.0
2015-06-12 00:00:00-04:00,4.620796532244081,4.680314803250252,4.620796532244081,4.637028694152832,163700,0.0,0.0
2015-06-15 00:00:00-04:00,4.647851467132568,4.6803157978489605,4.642440573342759,4.647851467132568,229400,0.0,0.0
2015-06-16 00:00:00-04:00,4.653261955456533,4.669494119400326,4.653261955456533,4.658672332763672,112400,0.0,0.0
2015-06-17 00:00:00-04:00,4.642439832688903,4.707368999774135,4.642439832688903,4.691136837005615,168700,0.0,0.0
2015-06-18 00:00:00-04:00,4.674903392791748,4.691135551110845,4.653260343029282,4.674903392791748,131000,0.0,0.0
2015-06-19 00:00:00-04:00,4.65867031953368,4.6965460403829065,4.65867031953368,4.685724258422852,101100,0.0,0.0
2015-06-22 00:00:00-04:00,4.680313655561674,4.685724546874795,4.653260231018066,4.653260231018066,191800,0.0,0.0
2015-06-23 00:00:00-04:00,4.631619301774372,4.653262360922378,4.609976242626366,4.647851467132568,163900,0.0,0.0
2015-06-24 00:00:00-04:00,4.637027855325244,4.761475783476326,4.637027855325244,4.7560648918151855,174800,0.0,0.0
2015-06-25 00:00:00-04:00,4.74524414187676,4.756065410367851,4.669493198394775,4.669493198394775,140900,0.0,0.0
2015-06-26 00:00:00-04:00,4.68572669163877,4.750655869082788,4.647851467132568,4.647851467132568,158600,0.0,0.0
2015-06-29 00:00:00-04:00,4.626205272276152,4.6370265365097305,4.463882180685415,4.545043468475342,403400,0.0,0.0
2015-06-30 00:00:00-04:00,4.5558681423001435,4.707369549869901,4.5558681423001435,4.701958656311035,184800,0.0,0.0
2015-07-01 00:00:00-04:00,4.718188285827636,4.734420439996006,4.680312571420272,4.718188285827637,154900,0.0,0.0
2015-07-02 00:00:00-04:00,4.729011791091762,4.73442268371582,4.680314789497476,4.73442268371582,134700,0.0,0.0
2015-07-06 00:00:00-04:00,4.67490522053913,4.729012608094152,4.658672539862533,4.701958656311035,124100,0.0,0.0
2015-07-07 00:00:00-04:00,4.718190636218433,4.729011905717725,4.669493633443787,4.707368850708008,134500,0.0,0.0
2015-07-08 00:00:00-04:00,4.626205218855415,4.734420439996006,4.620794328795666,4.718188285827637,239200,0.0,0.0
2015-07-09 00:00:00-04:00,4.729111913288715,4.740033899980167,4.647199096258786,4.712729454040527,179700,0.08,0.0
2015-07-10 00:00:00-04:00,4.756415606374382,4.7727980630295255,4.6963462514462515,4.740033149719238,112800,0.0,0.0
2015-07-13 00:00:00-04:00,4.740032701703821,4.7564151568105375,4.723649725808246,4.7291107177734375,85100,0.0,0.0
2015-07-14 00:00:00-04:00,4.718191425937288,4.718191425937288,4.685425979856382,4.690886974334717,138800,0.0,0.0
2015-07-15 00:00:00-04:00,4.685424282130498,4.734572173048964,4.669041825420646,4.718189716339111,129500,0.0,0.0
2015-07-16 00:00:00-04:00,4.712730431458954,4.734573888583192,4.669043517210478,4.690886974334717,118900,0.0,0.0
2015-07-17 00:00:00-04:00,4.701805623526764,4.701805623526764,4.636275291442871,4.636275291442871,143100,0.0,0.0
2015-07-20 00:00:00-04:00,4.641737541060187,4.641737541060187,4.559824733945284,4.5652852058410645,278600,0.0,0.0
2015-07-21 00:00:00-04:00,4.559823497739389,4.636275291442871,4.548901515331014,4.636275291442871,153400,0.0,0.0
2015-07-22 00:00:00-04:00,4.592591251632206,4.6417391613730015,4.581669783239312,4.603513240814209,111200,0.0,0.0
2015-07-23 00:00:00-04:00,4.619894727083553,4.630816193167487,4.603512267563153,4.6253557205200195,134400,0.0,0.0
2015-07-24 00:00:00-04:00,4.608972072601318,4.630815522394162,4.598050608099358,4.608972072601318,108500,0.0,0.0
2015-07-27 00:00:00-04:00,4.576208886714653,4.58713035534159,4.505217517877645,4.516139507293701,178100,0.0,0.0
2015-07-28 00:00:00-04:00,4.510678512585673,4.559826423379688,4.494295528461588,4.516139507293701,125600,0.0,0.0
2015-07-29 00:00:00-04:00,4.548901568827084,4.58712746612837,4.5215971332738265,4.527058124542236,122100,0.0,0.0
2015-07-30 00:00:00-04:00,4.521597357436848,4.548901794343752,4.521597357436848,4.532519340515137,77800,0.0,0.0
2015-07-31 00:00:00-04:00,4.55436396374846,4.587128879879469,4.5434419778454895,4.570746421813965,74700,0.0,0.0
2015-08-03 00:00:00-04:00,4.6035106321519494,4.6035106321519494,4.554362750261688,4.598049640655518,151800,0.0,0.0
2015-08-04 00:00:00-04:00,4.608972941264572,4.652660369873047,4.603512468378906,4.652660369873047,211000,0.0,0.0
2015-08-05 00:00:00-04:00,4.66904262643375,4.674503619870216,4.619894727083553,4.6253557205200195,114400,0.0,0.0
2015-08-06 00:00:00-04:00,4.641737541060187,4.641737541060187,4.5652852058410645,4.5652852058410645,69400,0.0,0.0
2015-08-07 00:00:00-04:00,4.559822821478597,4.587126731872559,4.554361831084321,4.587126731872559,60900,0.0,0.0
2015-08-10 00:00:00-04:00,4.625356252466448,4.625356252466448,4.570747353399402,4.592590808868408,106900,0.0,0.0
2015-08-11 00:00:00-04:00,4.603616039257114,4.614642390586062,4.592589162137724,4.609128952026367,53800,0.08,0.0
2015-08-12 00:00:00-04:00,4.620157942443093,4.631184298815587,4.565024583208585,4.603618144989014,81600,0.0,0.0
2015-08-13 00:00:00-04:00,4.576048389644191,4.603615050732896,4.565021514892578,4.565021514892578,78800,0.0,0.0
2015-08-14 00:00:00-04:00,4.576049815831155,4.598103046417236,4.559510024339216,4.598103046417236,83600,0.0,0.0
2015-08-17 00:00:00-04:00,4.576048620606962,4.598101845432933,4.559508833435072,4.570535182952881,104000,0.0,0.0
2015-08-18 00:00:00-04:00,4.576049815831155,4.614642837909175,4.565022937642868,4.598103046417236,113200,0.0,0.0
2015-08-19 00:00:00-04:00,4.565021745298799,4.6146416326048225,4.54848195812691,4.570535182952881,148600,0.0,0.0
2015-08-20 00:00:00-04:00,4.576048620606962,4.592588407778852,4.5539953957809916,4.570535182952881,91000,0.0,0.0
2015-08-21 00:00:00-04:00,4.54848314615093,4.598103046417236,4.531943354658991,4.598103046417236,148500,0.0,0.0
2015-08-24 00:00:00-04:00,4.476811151158994,4.509891268326479,3.3135020224540055,4.399624824523926,852000,0.0,0.0
2015-08-25 00:00:00-04:00,4.487837770947432,4.5043775656732254,4.410651185909403,4.421678066253662,216400,0.0,0.0
2015-08-26 00:00:00-04:00,4.43821647037475,4.465783136807474,4.383083137509304,4.454756259918213,235900,0.0,0.0
2015-08-27 00:00:00-04:00,4.465783596038818,4.509890056550618,4.432703487759727,4.465783596038818,160600,0.0,0.0
2015-08-28 00:00:00-04:00,4.482322739340335,4.520915755261719,4.471295862911134,4.515402317047119,94600,0.0,0.0
2015-08-31 00:00:00-04:00,4.498864877692667,4.515404675183847,4.471298198013581,4.504378318786621,161000,0.0,0.0
2015-09-01 00:00:00-04:00,4.493350982666016,4.520917659560229,4.410651477774005,4.493350982666016,198600,0.0,0.0
2015-09-02 00:00:00-04:00,4.50437761412059,4.509891054352019,4.47681093875404,4.49886417388916,229300,0.0,0.0
2015-09-03 00:00:00-04:00,4.509890056550618,4.5154029697717295,4.454756718015626,4.465783596038818,161600,0.0,0.0
2015-09-04 00:00:00-04:00,4.454756729404889,4.487836837768555,4.438216938118298,4.487836837768555,206500,0.0,0.0
2015-09-08 00:00:00-04:00,4.509891054352019,4.5154039687928496,4.4878378192169,4.49886417388916,162600,0.0,0.0
2015-09-09 00:00:00-04:00,4.487727107513084,4.515566179452272,4.454319477791295,4.459887504577637,151400,0.08,0.0
2015-09-10 00:00:00-04:00,4.471023559617201,4.493295138418674,4.465456063164075,4.47659158706665,127400,0.0,0.0
2015-09-11 00:00:00-04:00,4.482158180394619,4.4877262060625105,4.4654546343871,4.471022129058838,158000,0.0,0.0
2015-09-14 00:00:00-04:00,4.487728931841713,4.487728931841713,4.393074296482299,4.409778118133545,246300,0.0,0.0
2015-09-15 00:00:00-04:00,4.4097771117136775,4.454320271953504,4.3596659236947835,4.381937503814697,236500,0.0,0.0
2015-09-16 00:00:00-04:00,4.39864191408768,4.432049288767044,4.320691373169163,4.326259136199951,204400,0.0,0.0
2015-09-17 00:00:00-04:00,4.326259540873787,4.415345881685136,4.326259540873787,4.409778118133545,276400,0.0,0.0
2015-09-18 00:00:00-04:00,4.393073086860941,4.532270854298283,4.393073086860941,4.504431247711182,168700,0.0,0.0
2015-09-21 00:00:00-04:00,4.487728647491545,4.52670378637786,4.47102456140046,4.49886417388916,124200,0.0,0.0
2015-09-22 00:00:00-04:00,4.482161362574859,4.660334062474624,4.459889775087388,4.643630504608154,676200,0.0,0.0
2015-09-23 00:00:00-04:00,4.665902232323111,4.7271489670052125,4.638062614377957,4.699309349060059,458400,0.0,0.0
2015-09-24 00:00:00-04:00,4.716012722627361,4.855210260229143,4.688173108907711,4.816234588623047,517700,0.0,0.0
2015-09-25 00:00:00-04:00,4.8385065549904525,4.844074584372801,4.749420208858912,4.782827854156494,166900,0.0,0.0
2015-09-28 00:00:00-04:00,4.782828110437152,4.782828110437152,4.654766082763672,4.654766082763672,163700,0.0,0.0
2015-09-29 00:00:00-04:00,4.649196996386442,4.677036073289885,4.56567817268705,4.587949752807617,188700,0.0,0.0
2015-09-30 00:00:00-04:00,4.638059907006831,4.754985809326172,4.593516756694342,4.754985809326172,176000,0.0,0.0
2015-10-01 00:00:00-04:00,4.7438496304534175,4.782824748831625,4.654762811166401,4.6937384605407715,152400,0.0,0.0
2015-10-02 00:00:00-04:00,4.688171083857439,4.760553835864292,4.660331482163075,4.754985809326172,118200,0.0,0.0
2015-10-05 00:00:00-04:00,4.793962625995144,4.888616986583587,4.782827099982846,4.877481460571289,269100,0.0,0.0
2015-10-06 00:00:00-04:00,4.899752771670873,4.977703042420228,4.883049218081211,4.960999488830566,173000,0.0,0.0
2015-10-07 00:00:00-04:00,5.005945780637986,5.050892502005664,4.944144172709225,5.011564254760742,269600,0.08,0.0
2015-10-08 00:00:00-04:00,5.039654772694789,5.14640307409767,5.011562945228649,5.1126933097839355,476500,0.0,0.0
2015-10-09 00:00:00-04:00,5.191349903830197,5.202586849399454,5.118311365051196,5.163258075714111,362900,0.0,0.0
2015-10-12 00:00:00-04:00,5.1913515816672975,5.241916781457438,5.140786381877157,5.225061893463135,380300,0.0,0.0
2015-10-13 00:00:00-04:00,5.225062813059593,5.241917704020311,5.146405762230706,5.174497604370117,431500,0.0,0.0
2015-10-14 00:00:00-04:00,5.140789579916952,5.168881434587973,4.972239523505953,5.0452775955200195,308200,0.0,0.0
2015-10-15 00:00:00-04:00,5.062128166553733,5.095837931127492,4.949761391629459,5.067746639251709,173600,0.0,0.0
2015-10-16 00:00:00-04:00,5.101458646566607,5.12393201143137,5.084603756869856,5.107077121734619,152400,0.0,0.0
2015-10-19 00:00:00-04:00,5.118311365051196,5.180113494067996,5.107074955288995,5.163258075714111,199100,0.0,0.0
2015-10-20 00:00:00-04:00,5.191349129829177,5.213822481809984,5.1688757778483705,5.196967601776123,235500,0.0,0.0
2015-10-21 00:00:00-04:00,5.2138232591616545,5.2138232591616545,5.1576401387365385,5.163258075714111,157500,0.0,0.0
2015-10-22 00:00:00-04:00,5.168877003785934,5.196968834376416,5.157640593034003,5.185731887817383,187500,0.0,0.0
2015-10-23 00:00:00-04:00,5.21944095375693,5.225059425703876,5.185730657882232,5.196967601776123,155700,0.0,0.0
2015-10-26 00:00:00-04:00,5.225061893463135,5.230680368063646,5.1969700562678085,5.225061893463135,203100,0.0,0.0
2015-10-27 00:00:00-04:00,5.208207922098876,5.225062813059593,5.1688791287807705,5.174497604370117,207600,0.0,0.0
2015-10-28 00:00:00-04:00,5.202588153702299,5.326191371109447,5.16887784435032,5.230679988861084,366800,0.0,0.0
2015-10-29 00:00:00-04:00,5.247534369176931,5.270007727973543,5.1576409339904785,5.1576409339904785,135500,0.0,0.0
2015-10-30 00:00:00-04:00,5.191350704281829,5.191350704281829,5.129549101542929,5.1576409339904785,195800,0.0,0.0
2015-11-02 00:00:00-05:00,5.196968834376416,5.20820578093545,5.168877003785934,5.185731887817383,151200,0.0,0.0
2015-11-03 00:00:00-05:00,5.208205880212333,5.219442291178448,5.17449557569976,5.19135046005249,194200,0.0,0.0
2015-11-04 00:00:00-05:00,5.174494249795316,5.202586073723069,5.163257305901425,5.196967601776123,209400,0.0,0.0
2015-11-05 00:00:00-05:00,5.21382691903597,5.21382691903597,5.174498653550992,5.180117130279541,110500,0.0,0.0
2015-11-06 00:00:00-05:00,5.152022765201142,5.157641239184543,5.090221158805243,5.123930931091309,170100,0.0,0.0
2015-11-09 00:00:00-05:00,5.135267964008625,5.174944252493432,5.061583042144775,5.061583042144775,143100,0.08,0.0
2015-11-10 00:00:00-05:00,5.061583689276377,5.089923590075176,4.999234610201519,5.010571002960205,204500,0.0,0.0
2015-11-11 00:00:00-05:00,4.999233755306536,5.021905996397878,4.970893859354006,4.982229709625244,113200,0.0,0.0
2015-11-12 00:00:00-05:00,4.970893320752425,5.016237798021989,4.931216497729951,4.993565559387207,175500,0.0,0.0
2015-11-13 00:00:00-05:00,4.95389035998931,4.976562606054861,4.925549917270125,4.936886310577393,122400,0.0,0.0
2015-11-16 00:00:00-05:00,4.959558929994864,4.993567571927828,4.931218485142231,4.965227127075195,128200,0.0,0.0
2015-11-17 00:00:00-05:00,4.96522600829204,5.044578587340564,4.948221420882582,5.016238689422607,152200,0.0,0.0
2015-11-18 00:00:00-05:00,5.038911444307963,5.038911444307963,4.993566954371134,5.010571002960205,88800,0.0,0.0
2015-11-19 00:00:00-05:00,5.038912253767283,5.095592605019067,5.0275758591874995,5.067252159118652,163100,0.0,0.0
2015-11-20 00:00:00-05:00,5.067250697250541,5.089922939320273,5.04457845518081,5.061583042144775,108500,0.0,0.0
2015-11-23 00:00:00-05:00,5.067248064985198,5.271298678164223,5.061580412823587,5.157937526702881,234700,0.0,0.0
2015-11-24 00:00:00-05:00,5.17494156428493,5.2259542175796865,5.146601141282442,5.157937526702881,117500,0.0,0.0
2015-11-25 00:00:00-05:00,5.174944875261863,5.2202893648582185,5.123932189328725,5.186280727386475,127800,0.0,0.0
2015-11-27 00:00:00-05:00,5.225956057353126,5.242960100921369,5.203283819079202,5.208951473236084,51500,0.0,0.0
2015-11-30 00:00:00-05:00,5.242959022521973,5.2712994496723695,5.220286788911393,5.242959022521973,159300,0.0,0.0
2015-12-01 00:00:00-05:00,5.276968893372902,5.310976981571245,5.254296654391068,5.299641132354736,244600,0.0,0.0
2015-12-02 00:00:00-05:00,5.339320148315978,5.367660596686264,5.2769715943406235,5.3449883460998535,255300,0.0,0.0
2015-12-03 00:00:00-05:00,5.361990753632185,5.361990753632185,5.2259572918541535,5.265633583068848,251000,0.0,0.0
2015-12-04 00:00:00-05:00,5.282637087744055,5.310977524505758,5.259964846444466,5.2769694328308105,129800,0.0,0.0
2015-12-07 00:00:00-05:00,5.276968831285661,5.339317352614928,5.2429602029386375,5.32231330871582,149900,0.0,0.0
2015-12-08 00:00:00-05:00,5.299642084537802,5.322314327593142,5.2542975984271205,5.310977935791016,116300,0.0,0.0
2015-12-09 00:00:00-05:00,5.328127245802044,5.385296213028013,5.322410785242389,5.345278263092041,178800,0.08,0.0
2015-12-10 00:00:00-05:00,5.368147397495894,5.396731344725909,5.2938279352493955,5.310978412628174,101700,0.0,0.0
2015-12-11 00:00:00-05:00,5.288108903240032,5.316693384730706,5.013699189418295,5.053717136383057,315300,0.0,0.0
2015-12-14 00:00:00-05:00,5.013700691591551,5.030851167543017,4.916513752526908,5.007983684539795,468100,0.0,0.0
2015-12-15 00:00:00-05:00,5.030850879167753,5.099453324245032,5.007983397475327,5.0594353675842285,137800,0.0,0.0
2015-12-16 00:00:00-05:00,5.09945431302549,5.168056771404736,5.019417838981099,5.14518928527832,199000,0.0,0.0
2015-12-17 00:00:00-05:00,5.168158661839645,5.202613293879208,5.133704029800083,5.185385704040527,85200,0.04,0.0
2015-12-18 00:00:00-05:00,5.185386947896477,5.242811165857907,5.185386947896477,5.231326103210449,117000,0.0,0.0
2015-12-21 00:00:00-05:00,5.265778229450378,5.2772627389768045,5.202612057960861,5.219839096069336,99800,0.0,0.0
2015-12-22 00:00:00-05:00,5.225582251788587,5.248551821235751,5.087764287467861,5.168158054351807,181800,0.0,0.0
2015-12-23 00:00:00-05:00,5.168158095510372,5.219839764087514,5.14518852588028,5.179643154144287,108800,0.0,0.0
2015-12-24 00:00:00-05:00,5.179643112894255,5.208354663974912,5.168158054351807,5.168158054351807,57900,0.0,0.0
2015-12-28 00:00:00-05:00,5.127962242422581,5.185385901154318,5.122219712258062,5.14518928527832,129800,0.0,0.0
2015-12-29 00:00:00-05:00,5.168156485936707,5.168156485936707,5.116474833455329,5.1509294509887695,105200,0.0,0.0
2015-12-30 00:00:00-05:00,5.1566736070779635,5.1566736070779635,5.1049924804238955,5.110734462738037,87800,0.0,0.0
2015-12-31 00:00:00-05:00,5.087765059375463,5.145189265524552,5.064795486443391,5.13944673538208,190800,0.0,0.0
2016-01-04 00:00:00-05:00,5.156673036876457,5.196870194457421,5.070537287673046,5.179643154144287,194300,0.0,0.0
2016-01-05 00:00:00-05:00,5.156674064429034,5.271522483102679,5.156674064429034,5.260037422180176,130400,0.0,0.0
2016-01-06 00:00:00-05:00,5.25429314246971,5.311717332688981,5.237066104458995,5.283005237579346,130300,0.0,0.0
2016-01-07 00:00:00-05:00,5.2657769327324075,5.271519459900335,5.082020444458987,5.104990005493164,237900,0.0,0.0
2016-01-08 00:00:00-05:00,5.145189414840345,5.271522343451892,5.1107347806234396,5.162416458129883,124400,0.0,0.0
2016-01-11 00:00:00-05:00,5.196869380006217,5.219838946036528,5.09350605905099,5.127960681915283,165100,0.0,0.0
2016-01-12 00:00:00-05:00,5.156931288341307,5.191697361880315,5.093194131539117,5.127960205078125,97600,0.08,0.0
2016-01-13 00:00:00-05:00,5.151138637905854,5.168521402547795,5.017869302082633,5.087400913238525,200100,0.0,0.0
2016-01-14 00:00:00-05:00,5.0700175872327735,5.087400349950057,4.9888971069053465,5.006280422210693,228000,0.0,0.0
2016-01-15 00:00:00-05:00,4.942543145863254,5.00048643021137,4.913571503689195,4.977309226989746,127200,0.0,0.0
2016-01-19 00:00:00-05:00,5.012074606639851,5.064223450486405,4.896188593974232,4.913571357727051,190500,0.0,0.0
2016-01-20 00:00:00-05:00,4.84983273884145,4.855627175889259,4.635443541363921,4.704975128173828,511400,0.0,0.0
2016-01-21 00:00:00-05:00,4.681798988857342,4.797684993019542,4.618061548421118,4.658621788024902,331500,0.0,0.0
2016-01-22 00:00:00-05:00,4.7513309143111195,4.820862521534627,4.676004868338629,4.809274196624756,160000,0.0,0.0
2016-01-25 00:00:00-05:00,4.786096659678497,4.809273860466295,4.7803022213345345,4.791891098022461,103400,0.0,0.0
2016-01-26 00:00:00-05:00,4.820862239105026,4.88459995643358,4.80347947646454,4.844039440155029,121200,0.0,0.0
2016-01-27 00:00:00-05:00,4.8266576865385815,4.85562933205469,4.791892153989792,4.820863246917725,102300,0.0,0.0
2016-01-28 00:00:00-05:00,4.8440409048730215,4.994693033545541,4.832452577138028,4.983104705810547,140500,0.0,0.0
2016-01-29 00:00:00-05:00,5.012075004819974,5.012075004819974,4.95992670941864,4.988897800445557,112900,0.0,0.0
2016-02-01 00:00:00-05:00,5.017867614165663,5.046839247215466,4.93674770473174,4.994690418243408,125800,0.0,0.0
2016-02-02 00:00:00-05:00,5.012073020924529,5.012073020924529,4.9367475509643555,4.9367475509643555,139400,0.0,0.0
2016-02-03 00:00:00-05:00,4.936748330068761,4.954131091065339,4.896187817626068,4.925159454345703,83400,0.0,0.0
2016-02-04 00:00:00-05:00,4.907776305627953,4.983102334112941,4.907776305627953,4.930953502655029,75800,0.0,0.0
2016-02-05 00:00:00-05:00,4.925161240985943,4.983104535444592,4.925161240985943,4.971515655517578,55500,0.0,0.0
2016-02-08 00:00:00-05:00,4.965719414200388,4.965719414200388,4.896187817626068,4.925159454345703,115500,0.0,0.0
2016-02-09 00:00:00-05:00,4.8725172939400245,4.936860059173675,4.860818862915039,4.860818862915039,87600,0.08,0.0
2016-02-10 00:00:00-05:00,4.860816990370099,4.890063335585164,4.854967498191774,4.884214401245117,69800,0.0,0.0
2016-02-11 00:00:00-05:00,4.8257212321704435,4.895913474061412,4.796474325256286,4.802323818206787,171900,0.0,0.0
2016-02-12 00:00:00-05:00,4.802324744679921,4.86081856979297,4.778927326202393,4.778927326202393,96000,0.0,0.0
2016-02-16 00:00:00-05:00,4.778927117836508,4.854968864032594,4.7672281301886015,4.83742094039917,101700,0.0,0.0
2016-02-17 00:00:00-05:00,4.796474325256286,4.831570725120946,4.7730769112926295,4.802323818206787,220000,0.0,0.0
2016-02-18 00:00:00-05:00,4.796474194045495,4.837420085740554,4.790624701255011,4.808173179626465,45200,0.0,0.0
2016-02-19 00:00:00-05:00,4.814023361834118,4.866667694911325,4.796475436754544,4.819872856140137,157500,0.0,0.0
2016-02-22 00:00:00-05:00,4.843269876384689,4.87251678766602,4.8198724589273105,4.83742094039917,117300,0.0,0.0
2016-02-23 00:00:00-05:00,4.808173311157289,4.831570725120946,4.755528990279475,4.802323818206787,117900,0.0,0.0
2016-02-24 00:00:00-05:00,4.790624294590019,4.878365005484181,4.767226883252568,4.8549675941467285,111900,0.0,0.0
2016-02-25 00:00:00-05:00,4.854968709006982,4.890064555153175,4.825721798659544,4.872516632080078,108200,0.0,0.0
2016-02-26 00:00:00-05:00,4.913460843571214,4.913460843571214,4.849118101852794,4.8549675941467285,100000,0.0,0.0
2016-02-29 00:00:00-05:00,4.854967628323282,4.931009355164869,4.843268643653056,4.8783650398254395,112600,0.0,0.0
2016-03-01 00:00:00-05:00,4.931010025140107,5.018750190734863,4.913461545750461,5.018750190734863,153000,0.0,0.0
2016-03-02 00:00:00-05:00,5.018750152595188,5.094791889190674,4.95440740217056,5.094791889190674,104500,0.0,0.0
2016-03-03 00:00:00-05:00,5.059694290161133,5.083091699122963,4.995351554975659,5.059694290161133,106700,0.0,0.0
2016-03-04 00:00:00-05:00,5.0713955562848705,5.0947929757782875,5.0596965676189205,5.0889434814453125,70800,0.0,0.0
2016-03-07 00:00:00-05:00,5.1006424701112625,5.1298893839376545,5.0889434814453125,5.0889434814453125,129900,0.0,0.0
2016-03-08 00:00:00-05:00,5.088942558201087,5.118189466721457,5.088942558201087,5.112339973449707,130400,0.0,0.0
2016-03-09 00:00:00-05:00,5.100533364225702,5.1949875919535025,5.088726304263923,5.177277565002441,94200,0.08,0.0
2016-03-10 00:00:00-05:00,5.194987520892811,5.248118164010842,5.088726234656749,5.094629764556885,127400,0.0,0.0
2016-03-11 00:00:00-05:00,5.135952280504301,5.153662303532557,5.106435200129553,5.130048751831055,95600,0.0,0.0
2016-03-14 00:00:00-04:00,5.130050000789635,5.13595353090015,5.1064364433391916,5.112339973449707,77400,0.0,0.0
2016-03-15 00:00:00-04:00,5.106436245057965,5.159566888006321,5.106436245057965,5.147760391235352,83400,0.0,0.0
2016-03-16 00:00:00-04:00,5.159567781995293,5.271732617207888,5.130050690466101,5.265829086303711,103400,0.0,0.0
2016-03-17 00:00:00-04:00,5.254022024495356,5.289442646928726,5.23040846387034,5.265829086303711,110700,0.0,0.0
2016-03-18 00:00:00-04:00,5.265827852138343,5.265827852138343,5.200890716386954,5.230407238006592,89900,0.0,0.0
2016-03-21 00:00:00-04:00,5.21269853032119,5.265829183455632,5.206794999308095,5.254022121429443,57800,0.0,0.0
2016-03-22 00:00:00-04:00,5.283539065912928,5.3720903396606445,5.283539065912928,5.3720903396606445,185100,0.0,0.0
2016-03-23 00:00:00-04:00,5.336669455124813,5.3720900754803775,5.30715236532712,5.324862957000732,114600,0.0,0.0
2016-03-24 00:00:00-04:00,5.3071496979731,5.354376792716579,5.265826130820399,5.289439678192139,100200,0.0,0.0
2016-03-28 00:00:00-04:00,5.307151419717501,5.336668504255944,5.271731368664619,5.283537864685059,104100,0.0,0.0
2016-03-29 00:00:00-04:00,5.301247212903429,5.336667822422397,5.28353718963969,5.330764293670654,81700,0.0,0.0
2016-03-30 00:00:00-04:00,5.34257135117414,5.360281374437879,5.3248613279104005,5.330764293670654,77000,0.0,0.0
2016-03-31 00:00:00-04:00,5.330764941424636,5.419316194486386,5.330764941424636,5.401605606079102,127800,0.0,0.0
2016-04-01 00:00:00-04:00,5.413412944597541,5.4547365270322805,5.360282302614826,5.437026500701904,94700,0.0,0.0
2016-04-04 00:00:00-04:00,5.460639859366481,5.490156944177586,5.431122774555376,5.472446918487549,124100,0.0,0.0
2016-04-05 00:00:00-04:00,5.413412551841191,5.501963240060088,5.39570252679572,5.478349685668945,85400,0.0,0.0
2016-04-06 00:00:00-04:00,5.478350429967371,5.549191102765338,5.472447462811257,5.525577545166016,82900,0.0,0.0
2016-04-07 00:00:00-04:00,5.537486872503405,5.591075544896687,5.525578026262656,5.543441295623779,152400,0.08,0.0
2016-04-08 00:00:00-04:00,5.525576117472263,5.5493932338811796,5.376718997955323,5.376718997955322,170400,0.0,0.0
2016-04-11 00:00:00-04:00,5.400537014007568,5.477942797192328,5.382674315686452,5.400537014007568,78400,0.0,0.0
2016-04-12 00:00:00-04:00,5.38267357620743,5.477942044625193,5.38267357620743,5.454124927520752,83800,0.0,0.0
2016-04-13 00:00:00-04:00,5.454125560692004,5.477942680561383,5.4005368990246705,5.448171138763428,63200,0.0,0.0
2016-04-14 00:00:00-04:00,5.436262650552586,5.47794246673584,5.394582834369333,5.47794246673584,65200,0.0,0.0
2016-04-15 00:00:00-04:00,5.44817209713036,5.48389806714131,5.436263819023397,5.46603536605835,47800,0.0,0.0
2016-04-18 00:00:00-04:00,5.466034949085345,5.477943226283894,5.394583582359097,5.442217826843262,94900,0.0,0.0
2016-04-19 00:00:00-04:00,5.460080943082353,5.471989221189317,5.442218241999393,5.46603536605835,45400,0.0,0.0
2016-04-20 00:00:00-04:00,5.454126520106357,5.46603536605835,5.44817209713036,5.46603536605835,64200,0.0,0.0
2016-04-21 00:00:00-04:00,5.466036933592291,5.531533901576193,5.418402671813965,5.418402671813965,57200,0.0,0.0
2016-04-22 00:00:00-04:00,5.4303093960474005,5.48389806714131,5.39458399388148,5.46603536605835,119800,0.0,0.0
2016-04-25 00:00:00-04:00,5.454125192541928,5.501759429065403,5.418399799071767,5.483896732330322,119900,0.0,0.0
2016-04-26 00:00:00-04:00,5.495806948537279,5.531532922469961,5.483898669123112,5.525578498840332,74400,0.0,0.0
2016-04-27 00:00:00-04:00,5.549394089727808,5.549394089727808,5.477942729481584,5.50771427154541,92600,0.0,0.0
2016-04-28 00:00:00-04:00,5.507713959445696,5.537485499822491,5.48985126235758,5.519622802734375,78000,0.0,0.0
2016-04-29 00:00:00-04:00,5.53153191374681,5.585120580950927,5.49580594632907,5.567257881164551,76200,0.0,0.0
2016-05-02 00:00:00-04:00,5.608936511400127,5.650616324659841,5.597027668843141,5.644661903381348,138900,0.0,0.0
2016-05-03 00:00:00-04:00,5.644660521932153,5.656569361574622,5.597026299051734,5.620843410491943,115500,0.0,0.0
2016-05-04 00:00:00-04:00,5.591075222495307,5.61489234575838,5.525577707638098,5.537486553192139,111400,0.0,0.0
2016-05-05 00:00:00-04:00,5.53748655319214,5.626800623467411,5.513669429929066,5.537486553192139,75000,0.0,0.0
2016-05-06 00:00:00-04:00,5.54939422511023,5.722068491879048,5.543440370828163,5.668480396270752,166200,0.0,0.0
2016-05-09 00:00:00-04:00,5.686344688526116,5.710161815864488,5.6089388827151305,5.662527561187744,102100,0.0,0.0
2016-05-10 00:00:00-04:00,5.674535283840283,5.692549521584914,5.482381887464781,5.506401062011719,224500,0.08,0.0
2016-05-11 00:00:00-04:00,5.572454196605208,5.578459133997782,5.506401603273937,5.530420780181885,101600,0.0,0.0
2016-05-12 00:00:00-04:00,5.560445845837997,5.644512693067925,5.548435968998037,5.584465026855469,95200,0.0,0.0
2016-05-13 00:00:00-04:00,5.58446351326834,5.758602671612753,5.58446351326834,5.674535274505615,165300,0.0,0.0
2016-05-16 00:00:00-04:00,5.716568539850078,5.752597010745195,5.656520324808591,5.7405877113342285,168300,0.0,0.0
2016-05-17 00:00:00-04:00,5.758604191877862,5.800637615197061,5.64451265335083,5.64451265335083,142600,0.0,0.0
2016-05-18 00:00:00-04:00,5.632501885800465,5.704559409623604,5.58446353658504,5.614487648010254,86300,0.0,0.0
2016-05-19 00:00:00-04:00,5.542429401871631,5.554439275182352,5.452357642690343,5.458362579345703,206700,0.0,0.0
2016-05-20 00:00:00-04:00,5.458364183348129,5.7045609319428285,5.458364183348129,5.584465026855469,196700,0.0,0.0
2016-05-23 00:00:00-04:00,5.632501885800465,5.686545171833393,5.590468473402542,5.614487648010254,106000,0.0,0.0
2016-05-24 00:00:00-04:00,5.632503388890412,5.632503388890412,5.584465026855469,5.584465026855469,107500,0.0,0.0
2016-05-25 00:00:00-04:00,5.572453121139167,5.614487102112411,5.572453121139167,5.590467929840088,53600,0.0,0.0
2016-05-26 00:00:00-04:00,5.6264969254907635,5.686545148090474,5.596472814190908,5.674535274505615,117200,0.0,0.0
2016-05-27 00:00:00-04:00,5.668529313959863,5.692548484129356,5.644510143790371,5.650515079498291,71600,0.0,0.0
2016-05-31 00:00:00-04:00,5.680541325599275,5.692550628877601,5.6144887259124765,5.662527084350586,95600,0.0,0.0
2016-06-01 00:00:00-04:00,5.680540409470466,5.764607809510395,5.662526171127022,5.746592998504639,125900,0.0,0.0
2016-06-02 00:00:00-04:00,5.740587430929192,5.78862577155101,5.722572623699367,5.758601665496826,118100,0.0,0.0
2016-06-03 00:00:00-04:00,5.752598066524516,5.818650657063066,5.752598066524516,5.794631481170654,90300,0.0,0.0
2016-06-06 00:00:00-04:00,5.830658735584829,5.884702007863816,5.806639567089962,5.866687774658203,139000,0.0,0.0
2016-06-07 00:00:00-04:00,5.884703419878783,5.932741768395158,5.872693546418546,5.926736831665039,170000,0.0,0.0
2016-06-08 00:00:00-04:00,5.968769102910724,5.986783909658725,5.932740634739076,5.962764739990234,160200,0.0,0.0
2016-06-09 00:00:00-04:00,5.968819562068052,6.0051412345640465,5.938552175187023,5.95671272277832,131600,0.08,0.0
2016-06-10 00:00:00-04:00,5.95671467450918,5.9748752280508235,5.902232436570661,5.920392990112305,104100,0.0,0.0
2016-06-13 00:00:00-04:00,5.920390537723898,5.920390537723898,5.702462253555293,5.714569091796875,203900,0.0,0.0
2016-06-14 00:00:00-04:00,5.684302611202999,5.781159641786973,5.678248902463141,5.726677417755127,142200,0.0,0.0
2016-06-15 00:00:00-04:00,5.72667485686749,5.847746090956121,5.714567444802035,5.769049644470215,76800,0.0,0.0
2016-06-16 00:00:00-04:00,5.750892116199199,5.829588603909017,5.726677856697216,5.762999534606934,58800,0.0,0.0
2016-06-17 00:00:00-04:00,5.76299797429944,5.871961823900119,5.744836851604886,5.817479610443115,67100,0.0,0.0
2016-06-20 00:00:00-04:00,5.8537986207492425,5.890119695021024,5.817476969164393,5.823530673980713,62300,0.0,0.0
2016-06-21 00:00:00-04:00,5.8659090888085546,5.8659090888085546,5.829587992024651,5.8416948318481445,63400,0.0,0.0
2016-06-22 00:00:00-04:00,5.823534957547707,5.841695508041797,5.793266988515231,5.799320697784424,89900,0.0,0.0
2016-06-23 00:00:00-04:00,5.8598559575535205,5.8659090888085546,5.8114274436327,5.8416948318481445,84300,0.0,0.0
2016-06-24 00:00:00-04:00,5.623767586850706,5.920392435256942,5.599553325293329,5.811428546905518,282700,0.0,0.0
2016-06-27 00:00:00-04:00,5.7932669259992995,5.847749154207134,5.738784697791465,5.762999534606934,141700,0.0,0.0
2016-06-28 00:00:00-04:00,5.799321670978701,5.920392990112305,5.799321670978701,5.920392990112305,120400,0.0,0.0
2016-06-29 00:00:00-04:00,5.859853824124042,5.938550274922278,5.835639575979447,5.896174907684326,251000,0.0,0.0
2016-06-30 00:00:00-04:00,5.853801278518894,5.914337199540749,5.769051104550963,5.817479610443115,199000,0.0,0.0
2016-07-01 00:00:00-04:00,5.8719639245143735,5.9143393153142165,5.859857082366943,5.859857082366943,101200,0.0,0.0
2016-07-05 00:00:00-04:00,5.890122670954281,5.9688191413879395,5.890122670954281,5.9688191413879395,81500,0.0,0.0
2016-07-06 00:00:00-04:00,5.968820533506635,6.017249053174209,5.968820533506635,6.0051422119140625,82300,0.0,0.0
2016-07-07 00:00:00-04:00,5.974626934343508,6.0661684833224925,5.968524009209716,6.0356550216674805,129100,0.08,0.0
2016-07-08 00:00:00-04:00,6.017346246266104,6.08447725872387,6.011243903139287,6.0356550216674805,86400,0.0,0.0
2016-07-11 00:00:00-04:00,6.035653804376649,6.035653804376649,5.950214615756143,5.962420463562012,187000,0.0,0.0
2016-07-12 00:00:00-04:00,6.0051407513882955,6.041757136795299,5.950215591270837,6.023448944091797,214000,0.0,0.0
2016-07-13 00:00:00-04:00,6.041756021302959,6.1027840950562595,6.029550755756405,6.060064792633057,335100,0.0,0.0
2016-07-14 00:00:00-04:00,6.096683171008656,6.163814190557817,6.060066780351873,6.08447790145874,197400,0.0,0.0
2016-07-15 00:00:00-04:00,6.102786585296558,6.176019954479266,6.084478388502651,6.145505905151367,210800,0.0,0.0
2016-07-18 00:00:00-04:00,6.114990711212158,6.145504169917246,6.0905790130370185,6.114990711212158,134200,0.0,0.0
2016-07-19 00:00:00-04:00,6.0905790130370185,6.20653225134126,6.0905790130370185,6.114990711212158,136500,0.0,0.0
2016-07-20 00:00:00-04:00,6.1271980091192235,6.194328455330124,6.121095082552657,6.182123184204102,164500,0.0,0.0
2016-07-21 00:00:00-04:00,6.169913349514446,6.255352520289607,6.169913349514446,6.237044334411621,160100,0.0,0.0
2016-07-22 00:00:00-04:00,6.255353927612304,6.273662117609247,6.2126346236171495,6.255353927612305,84900,0.0,0.0
2016-07-25 00:00:00-04:00,6.273662264119038,6.346895607823904,6.255354073694541,6.322484493255615,158100,0.0,0.0
2016-07-26 00:00:00-04:00,6.3407944696586735,6.444541871774877,6.328588619053478,6.395719051361084,283100,0.0,0.0
2016-07-27 00:00:00-04:00,6.4079234959711595,6.4079234959711595,6.334690154429455,6.3774094581604,171400,0.0,0.0
2016-07-28 00:00:00-04:00,6.389616321912556,6.3957186648393725,6.334691161522527,6.340794086456299,117200,0.0,0.0
2016-07-29 00:00:00-04:00,6.34689526246092,6.42012918418768,6.34689526246092,6.414026260375977,135100,0.0,0.0
2016-08-01 00:00:00-04:00,6.432338421949453,6.4384413495298825,6.316385707957325,6.334693908691406,209500,0.0,0.0
2016-08-02 00:00:00-04:00,6.316381062089413,6.340792172448897,6.066166453396226,6.133297443389893,309600,0.0,0.0
2016-08-03 00:00:00-04:00,6.05396220303771,6.163812509054698,5.992934125915633,6.072270393371582,299100,0.0,0.0
2016-08-04 00:00:00-04:00,6.023447124114419,6.066166421517323,5.864774616608238,5.944110870361328,482800,0.0,0.0
2016-08-05 00:00:00-04:00,5.944113105968844,6.0661687030304945,5.944113105968844,6.041757583618164,152400,0.0,0.0
2016-08-08 00:00:00-04:00,6.078372568522582,6.145502979479716,6.072269645160986,6.102783679962158,178900,0.0,0.0
2016-08-09 00:00:00-04:00,6.1519999504089355,6.1519999504089355,6.108936138500212,6.1519999504089355,144600,0.08,0.0
2016-08-10 00:00:00-04:00,6.15815258026123,6.195064254343045,6.133544601973193,6.1581525802612305,106700,0.0,0.0
2016-08-11 00:00:00-04:00,6.158154300843411,6.201218128204346,6.158154300843411,6.201218128204346,70300,0.0,0.0
2016-08-12 00:00:00-04:00,6.201217008868738,6.207369150724293,6.158153189280934,6.170456886291504,99000,0.0,0.0
2016-08-15 00:00:00-04:00,6.195065975189209,6.2012181181452615,6.170457990065642,6.195065975189209,83700,0.0,0.0
2016-08-16 00:00:00-04:00,6.176608429093633,6.1827605703525075,6.158152592017492,6.164304733276367,111600,0.0,0.0
2016-08-17 00:00:00-04:00,6.176610133021694,6.213522404057367,6.139697861986022,6.195065975189209,100500,0.0,0.0
2016-08-18 00:00:00-04:00,6.170456919670411,6.188913345336914,6.152001080704449,6.188913345336914,127000,0.0,0.0
2016-08-19 00:00:00-04:00,6.182760882575899,6.2135210037231445,6.170456599436796,6.2135210037231445,108800,0.0,0.0
2016-08-22 00:00:00-04:00,6.213520971253381,6.275040626525879,6.213520971253381,6.275040626525879,129000,0.0,0.0
2016-08-23 00:00:00-04:00,6.275041590732607,6.305801716445632,6.268889448249882,6.281193733215332,139100,0.0,0.0
2016-08-24 00:00:00-04:00,6.262736003075466,6.3057998140615075,6.262736003075466,6.287343978881836,90900,0.0,0.0
2016-08-25 00:00:00-04:00,6.262738347792848,6.293497889041611,6.244281919002821,6.268889904022217,89100,0.0,0.0
2016-08-26 00:00:00-04:00,6.281191838255138,6.2996476734348095,6.268887557001743,6.287343978881836,52100,0.0,0.0
2016-08-29 00:00:00-04:00,6.311952555533966,6.318104696746297,6.293496131896973,6.293496131896973,95000,0.0,0.0
2016-08-30 00:00:00-04:00,6.318105043937367,6.36116886138916,6.287344922885866,6.36116886138916,86000,0.0,0.0
2016-08-31 00:00:00-04:00,6.324257857011517,6.4226897945991475,6.2996498726146095,6.416538238525391,91100,0.0,0.0
2016-09-01 00:00:00-04:00,6.355015111901185,6.422686891731852,6.355015111901185,6.398078918457031,110600,0.0,0.0
2016-09-02 00:00:00-04:00,6.422689643046852,6.459601912121531,6.305801866594828,6.391930103302002,166700,0.0,0.0
2016-09-06 00:00:00-04:00,6.385776974066228,6.459600914109126,6.367321135730633,6.45344877243042,181400,0.0,0.0
2016-09-07 00:00:00-04:00,6.416537580678345,6.478057242013079,6.410385438534702,6.459601402282715,98800,0.0,0.0
2016-09-08 00:00:00-04:00,6.484396544338376,6.509193448111561,6.459599640565192,6.496794700622559,118900,0.08,0.0
2016-09-09 00:00:00-04:00,6.397609324417568,6.472000061770675,6.180636488272259,6.193034648895264,254900,0.0,0.0
2016-09-12 00:00:00-04:00,6.1930366826751335,6.292224365052299,6.186837304725255,6.267427444458008,117400,0.0,0.0
2016-09-13 00:00:00-04:00,6.242628129786331,6.24882750535872,6.044252841109862,6.056651592254639,220400,0.0,0.0
2016-09-14 00:00:00-04:00,6.050450672895022,6.261224658936771,6.044251298904419,6.19923210144043,186100,0.0,0.0
2016-09-15 00:00:00-04:00,6.193032655227968,6.2302283075329745,6.137239472372878,6.180634498596191,93800,0.0,0.0
2016-09-16 00:00:00-04:00,6.186833281309661,6.21782955969636,6.131040689659407,6.180634498596191,95200,0.0,0.0
2016-09-19 00:00:00-04:00,6.149640067426323,6.199233891260002,6.1372413158653965,6.155839443206787,85400,0.0,0.0
2016-09-20 00:00:00-04:00,6.1930331200566595,6.1930331200566595,6.137239933013916,6.137239933013916,96600,0.0,0.0
2016-09-21 00:00:00-04:00,6.174436590603557,6.24882732167047,6.174436590603557,6.211632251739502,106600,0.0,0.0
2016-09-22 00:00:00-04:00,6.261226140667238,6.286023051293039,6.224030479126044,6.23022985458374,158900,0.0,0.0
2016-09-23 00:00:00-04:00,6.230230904127954,6.279824733734131,6.217832151123869,6.279824733734131,89900,0.0,0.0
2016-09-26 00:00:00-04:00,6.279823180008053,6.279823180008053,6.23022936267216,6.236428737640381,95300,0.0,0.0
2016-09-27 00:00:00-04:00,6.2302305611548965,6.329418214906986,6.2302305611548965,6.317019462585449,120700,0.0,0.0
2016-09-28 00:00:00-04:00,6.310819625854491,6.354214069337554,6.292221500471792,6.310819625854492,104900,0.0,0.0
2016-09-29 00:00:00-04:00,6.292220346480098,6.310818468451907,6.19923210144043,6.19923210144043,242500,0.0,0.0
2016-09-30 00:00:00-04:00,6.2054329439579385,6.292221835545752,6.199233568500242,6.23022985458374,306100,0.0,0.0
2016-10-03 00:00:00-04:00,6.2302308728944835,6.267425949310107,6.224031496423519,6.248828411102295,156300,0.0,0.0
2016-10-04 00:00:00-04:00,6.162037420431605,6.248826896371886,6.155838636668321,6.236428737640381,185600,0.0,0.0
2016-10-05 00:00:00-04:00,6.211631828972434,6.248826896371886,6.180635545336267,6.236428737640381,116400,0.0,0.0
2016-10-06 00:00:00-04:00,6.217833603269425,6.292224365052299,6.199236060625012,6.267427444458008,76300,0.0,0.0
2016-10-07 00:00:00-04:00,6.267424062465479,6.292220969679001,6.2302289972476474,6.286022186279297,59000,0.0,0.0
2016-10-10 00:00:00-04:00,6.304616940078971,6.3108163119511556,6.267421300050507,6.298417568206787,87600,0.0,0.0
2016-10-11 00:00:00-04:00,6.279675006866454,6.292171562448158,6.248432724066725,6.279675006866455,94200,0.08,0.0
2016-10-12 00:00:00-04:00,6.2484340450340925,6.285924911499024,6.210943178569161,6.285924911499023,124100,0.0,0.0
2016-10-13 00:00:00-04:00,6.2421848256888826,6.298420821651366,6.223439692333736,6.267178535461426,74400,0.0,0.0
2016-10-14 00:00:00-04:00,6.248433778894681,6.2734274901743765,6.22968864440918,6.22968864440918,83100,0.0,0.0
2016-10-17 00:00:00-04:00,6.217191135010255,6.235936268422971,6.173452291748237,6.185948848724365,138500,0.0,0.0
2016-10-18 00:00:00-04:00,6.204694560092417,6.260930556064995,6.198445983673897,6.223439693450928,81500,0.0,0.0
2016-10-19 00:00:00-04:00,6.22344033268984,6.298421469722597,6.22344033268984,6.285924911499023,88400,0.0,0.0
2016-10-20 00:00:00-04:00,6.285923582605797,6.285923582605797,6.260929875545409,6.279675006866455,30900,0.0,0.0
2016-10-21 00:00:00-04:00,6.254684285207235,6.273429425475457,6.235938549041748,6.235938549041748,60100,0.0,0.0
2016-10-24 00:00:00-04:00,6.2296857863275426,6.260928060067969,6.167201238846689,6.192194938659668,140200,0.0,0.0
2016-10-25 00:00:00-04:00,6.217190265655518,6.223438841218361,6.192196559301105,6.217190265655518,90100,0.0,0.0
2016-10-26 00:00:00-04:00,6.223440067614986,6.22968864440918,6.179701221849789,6.22968864440918,88700,0.0,0.0
2016-10-27 00:00:00-04:00,6.229689063479955,6.242185622011904,6.160955905914307,6.160955905914307,122100,0.0,0.0
2016-10-28 00:00:00-04:00,6.1609553265712895,6.185949037182036,6.110967905349795,6.167203903198242,123400,0.0,0.0
2016-10-31 00:00:00-04:00,6.154705809167818,6.198444642841884,6.129712104797363,6.129712104797363,94700,0.0,0.0
2016-11-01 00:00:00-04:00,6.142208365125925,6.160953493532571,5.811041649089692,5.829786777496338,403200,0.0,0.0
2016-11-02 00:00:00-04:00,5.811042932623076,5.898520615107276,5.42364014990114,5.47362756729126,796300,0.0,0.0
2016-11-03 00:00:00-04:00,5.42364206909232,5.461132347452581,5.267431185497701,5.43613862991333,418100,0.0,0.0
2016-11-04 00:00:00-04:00,5.4548826268721,5.729814058132003,5.448634645718502,5.686075210571289,296900,0.0,0.0
2016-11-07 00:00:00-05:00,5.748558143786466,5.804794135180739,5.698570728302002,5.698570728302002,173200,0.0,0.0
2016-11-08 00:00:00-05:00,5.7360615730285645,5.742309553025216,5.686074157673383,5.7360615730285645,106100,0.0,0.0
2016-11-09 00:00:00-05:00,5.609996410208168,5.7927940298360046,5.502839122722616,5.761277675628662,232400,0.08,0.0
2016-11-10 00:00:00-05:00,5.673029181137576,5.679332691166988,5.546961986228346,5.559568405151367,339800,0.0,0.0
2016-11-11 00:00:00-05:00,5.515443724660688,5.5469606661715956,5.364163126771125,5.376769542694092,405700,0.0,0.0
2016-11-14 00:00:00-05:00,5.338951480102909,5.338951480102909,5.118333416847537,5.168760299682617,597700,0.0,0.0
2016-11-15 00:00:00-05:00,5.175062173901797,5.338949791860431,5.175062173901797,5.301129341125488,305300,0.0,0.0
2016-11-16 00:00:00-05:00,5.313736630617916,5.540657543244842,5.313736630617916,5.4524102210998535,225100,0.0,0.0
2016-11-17 00:00:00-05:00,5.433499318615161,5.54696005510097,5.389375966042055,5.395679473876953,177800,0.0,0.0
2016-11-18 00:00:00-05:00,5.364163201872309,5.528050819115014,5.364163201872309,5.515443801879883,172700,0.0,0.0
2016-11-21 00:00:00-05:00,5.5217475946042,5.578477972809867,5.509140576720408,5.5406575202941895,131000,0.0,0.0
2016-11-22 00:00:00-05:00,5.546962737705705,5.603693133384386,5.534355715938939,5.565872669219971,164200,0.0,0.0
2016-11-23 00:00:00-05:00,5.5280505334820695,5.673027617381148,5.5280505334820695,5.616297245025635,97800,0.0,0.0
2016-11-25 00:00:00-05:00,5.559566784584697,5.603690740793019,5.559566784584697,5.584780216217041,51700,0.0,0.0
2016-11-28 00:00:00-05:00,5.622600465320679,5.622600465320679,5.591083526611327,5.591083526611328,61200,0.0,0.0
2016-11-29 00:00:00-05:00,5.5910853143912025,5.654119211965336,5.572175385573281,5.628905773162842,82300,0.0,0.0
2016-11-30 00:00:00-05:00,5.59738826751709,5.616298194453748,5.572174831222966,5.59738826751709,100300,0.0,0.0
2016-12-01 00:00:00-05:00,5.597388263256493,5.609994680826089,5.572174826981561,5.5784783363342285,112600,0.0,0.0
2016-12-02 00:00:00-05:00,5.565873489243226,5.64781733939239,5.559569977431143,5.622603893280029,109200,0.0,0.0
2016-12-05 00:00:00-05:00,5.622601699531424,5.66672506272862,5.5784783363342285,5.5784783363342285,143600,0.0,0.0
2016-12-06 00:00:00-05:00,5.578478703945115,5.673028945922852,5.578478703945115,5.673028945922852,152400,0.0,0.0
2016-12-07 00:00:00-05:00,5.6415121649976445,5.79909630704303,5.6415121649976445,5.792792797088623,239400,0.0,0.0
2016-12-08 00:00:00-05:00,5.754638433439695,5.8055081158627315,5.67833390980514,5.748279571533203,127800,0.08,0.0
2016-12-09 00:00:00-05:00,5.691055198622966,5.716490058477682,5.576598632484191,5.621109485626221,240500,0.0,0.0
2016-12-12 00:00:00-05:00,5.582954176650125,5.665617582567713,5.582954176650125,5.633823871612549,145300,0.0,0.0
2016-12-13 00:00:00-05:00,5.671978950500488,5.684696076649034,5.6274680993582775,5.671978950500488,99200,0.0,0.0
2016-12-14 00:00:00-05:00,5.640182845727842,5.691052541688158,5.627465724945068,5.627465724945068,121700,0.0,0.0
2016-12-15 00:00:00-05:00,5.6465429145895785,5.652901779545579,5.602032072727049,5.6083903312683105,127600,0.0,0.0
2016-12-16 00:00:00-05:00,5.595672612133689,5.640183449258215,5.557520032873613,5.5829548835754395,138900,0.0,0.0
2016-12-19 00:00:00-05:00,5.570237761431864,5.621107462835514,5.570237761431864,5.5829548835754395,127900,0.0,0.0
2016-12-20 00:00:00-05:00,5.59567190359803,5.633823871612549,5.59567190359803,5.633823871612549,68800,0.0,0.0
2016-12-21 00:00:00-05:00,5.62110877420988,5.633825899320292,5.582956186049011,5.614749908447266,124300,0.0,0.0
2016-12-22 00:00:00-05:00,5.602031707763672,5.640183682184661,5.595672843221941,5.602031707763672,91800,0.0,0.0
2016-12-23 00:00:00-05:00,5.608388295792186,5.627464883736642,5.5956711769104,5.5956711769104,55800,0.0,0.0
2016-12-27 00:00:00-05:00,5.602033492338907,5.640185478913534,5.589315759204102,5.621109485626221,163800,0.0,0.0
2016-12-28 00:00:00-05:00,5.633825184677576,5.6465429145895785,5.602032072727049,5.6083903312683105,152200,0.0,0.0
2016-12-29 00:00:00-05:00,5.608388889809637,5.621106616452951,5.563878059387206,5.563878059387207,161700,0.0,0.0
2016-12-30 00:00:00-05:00,5.5702370462693835,5.595671893705631,5.544802198833137,5.58931303024292,174100,0.0,0.0
2017-01-03 00:00:00-05:00,5.57659591959077,5.633823871612549,5.57659591959077,5.633823871612549,158800,0.0,0.0
2017-01-04 00:00:00-05:00,5.652900572925226,5.691052541688158,5.627465724945068,5.627465724945068,194200,0.0,0.0
2017-01-05 00:00:00-05:00,5.640183682184661,5.6529014112681235,5.570237991469715,5.602031707763672,185200,0.0,0.0
2017-01-06 00:00:00-05:00,5.614749908447266,5.691054478354187,5.6083910426846515,5.614749908447266,142700,0.0,0.0
2017-01-09 00:00:00-05:00,5.659258830109308,5.678335420905384,5.614747997747684,5.627465724945068,208800,0.0,0.0
2017-01-10 00:00:00-05:00,5.646542317290374,5.684694290161133,5.63382458872367,5.684694290161133,181800,0.0,0.0
2017-01-11 00:00:00-05:00,5.710358262465319,5.774519838763188,5.69752631433983,5.761687278747559,98900,0.08,0.0
2017-01-12 00:00:00-05:00,5.7745219287328,5.838683528252642,5.761689364072687,5.825850963592529,127300,0.0,0.0
2017-01-13 00:00:00-05:00,5.838681813951271,5.896426502296219,5.838681813951271,5.890010833740234,111000,0.0,0.0
2017-01-17 00:00:00-05:00,5.915675973516445,5.999085792527259,5.909259692387095,5.947756767272949,178600,0.0,0.0
2017-01-18 00:00:00-05:00,5.973420695328889,6.05682989428686,5.934923624210436,6.018333435058594,132600,0.0,0.0
2017-01-19 00:00:00-05:00,6.05041574856421,6.05041574856421,5.902844319338323,5.941341400146484,196700,0.0,0.0
2017-01-20 00:00:00-05:00,5.960588184491587,5.973420745602469,5.806601122502162,5.851513862609863,159200,0.0,0.0
2017-01-23 00:00:00-05:00,5.890011089022854,5.947756391760758,5.851514016567515,5.90925931930542,95600,0.0,0.0
2017-01-24 00:00:00-05:00,5.909259034787823,6.037581583643494,5.902842754372494,6.005500793457031,161600,0.0,0.0
2017-01-25 00:00:00-05:00,6.031165384171287,6.031165384171287,5.986252644441581,6.018333435058594,95500,0.0,0.0
2017-01-26 00:00:00-05:00,5.999083606318238,6.06324455855922,5.999083606318238,6.043996334075928,113300,0.0,0.0
2017-01-27 00:00:00-05:00,6.082493863782714,6.0953264236450195,6.031164848113756,6.0953264236450195,93100,0.0,0.0
2017-01-30 00:00:00-05:00,6.043996334075929,6.108157898206935,6.037580055284823,6.043996334075928,229700,0.0,0.0
2017-01-31 00:00:00-05:00,6.06324455855922,6.088909061833618,6.031163776493718,6.043996334075928,118300,0.0,0.0
2017-02-01 00:00:00-05:00,6.063247242995841,6.076079806259529,6.043999009990603,6.0696635246276855,119300,0.0,0.0
2017-02-02 00:00:00-05:00,5.8322657862849505,5.9349238303122425,5.697526950526578,5.90925931930542,599700,0.0,0.0
2017-02-03 00:00:00-05:00,5.922090750264473,5.9605878193486115,5.89001057323287,5.9028425216674805,207200,0.0,0.0
2017-02-06 00:00:00-05:00,5.890011855375535,6.011918145546686,5.864347341029488,5.934924602508545,233600,0.0,0.0
2017-02-07 00:00:00-05:00,5.928506714314692,6.063245531089578,5.909258486744029,5.960587501525879,221000,0.0,0.0
2017-02-08 00:00:00-05:00,5.986252644441581,6.0632461747883,5.941339904711876,6.018333435058594,129000,0.0,0.0
2017-02-09 00:00:00-05:00,6.019625854105128,6.019625854105128,5.948502063751221,5.948502063751221,139400,0.072,0.0
2017-02-10 00:00:00-05:00,5.948502540698783,5.980831482849654,5.929105422057574,5.954968452453613,125500,0.0,0.0
2017-02-13 00:00:00-05:00,5.980833183009273,6.019628047943115,5.9614360588540825,6.019628047943115,116400,0.0,0.0
2017-02-14 00:00:00-05:00,6.013161661679501,6.019627574764125,5.9743667997951695,6.000229835510254,107000,0.0,0.0
2017-02-15 00:00:00-05:00,5.961434364318848,6.000228601601984,5.961434364318848,5.961434364318848,175600,0.0,0.0
2017-02-16 00:00:00-05:00,5.954970439802496,5.993765306655186,5.870915408807907,5.883847236633301,230700,0.0,0.0
2017-02-17 00:00:00-05:00,5.883845273129291,6.006694513356935,5.870913449619389,5.961434364318848,153500,0.0,0.0
2017-02-21 00:00:00-05:00,5.980833183009273,6.026093344912539,5.9614360588540825,6.019628047943115,155200,0.0,0.0
2017-02-22 00:00:00-05:00,6.026091913248042,6.039023737361497,5.980831762097574,6.006694793701172,91000,0.0,0.0
2017-02-23 00:00:00-05:00,6.013160705757899,6.045489649418224,6.006694793701171,6.006694793701172,95200,0.0,0.0
2017-02-24 00:00:00-05:00,6.019626756197403,6.045489788395556,6.013160843992034,6.0390238761901855,104400,0.0,0.0
2017-02-27 00:00:00-05:00,6.051953936785699,6.090748786040745,6.045488642429199,6.084282875061035,119500,0.0,0.0
2017-02-28 00:00:00-05:00,6.084284105354149,6.129544258117675,6.084284105354149,6.129544258117676,124500,0.0,0.0
2017-03-01 00:00:00-05:00,6.123079776763916,6.161874022399529,6.097216740799035,6.123079776763916,167100,0.0,0.0
2017-03-02 00:00:00-05:00,6.1295439795702045,6.200667778250306,6.077817916870116,6.077817916870117,218100,0.0,0.0
2017-03-03 00:00:00-05:00,6.077816489140229,6.136008450163877,6.032556349065464,6.090748310089111,208000,0.0,0.0
2017-03-06 00:00:00-05:00,6.084285731783222,6.1166146852378,6.071354520375491,6.097217559814453,99900,0.0,0.0
2017-03-07 00:00:00-05:00,6.123079300705886,6.129544596726879,6.0907503541074455,6.116613388061523,151500,0.0,0.0
2017-03-08 00:00:00-05:00,6.110144827434201,6.1230766471186,5.94850078111783,5.974363803863525,203600,0.0,0.0
2017-03-09 00:00:00-05:00,5.988704326370124,5.995221020244319,5.832307402186234,5.903989791870117,310000,0.072,0.0
2017-03-10 00:00:00-05:00,5.956121592737704,5.995220509721141,5.903989289115735,5.969154357910156,150700,0.0,0.0
2017-03-13 00:00:00-04:00,5.936569459622827,5.995218436280368,5.877921104431152,5.877921104431152,151800,0.0,0.0
2017-03-14 00:00:00-04:00,5.910502909503101,5.930052981352228,5.819271726737138,5.845337867736816,227500,0.0,0.0
2017-03-15 00:00:00-04:00,5.86488872986245,5.988702774047852,5.86488872986245,5.988702774047852,168600,0.0,0.0
2017-03-16 00:00:00-04:00,5.988702622498053,6.132066739610531,5.975669859923804,6.066901683807373,229300,0.0,0.0
2017-03-17 00:00:00-04:00,6.027800964482606,6.086449938166159,6.027800964482606,6.0603837966918945,65500,0.0,0.0
2017-03-20 00:00:00-04:00,6.060385617240614,6.1320673724616865,6.060385617240614,6.079935073852539,111600,0.0,0.0
2017-03-21 00:00:00-04:00,6.086450652960877,6.119033488996704,6.040835055390262,6.053867816925049,116100,0.0,0.0
2017-03-22 00:00:00-04:00,6.034318845172815,6.106000592996076,6.027802153152713,6.066901683807373,90200,0.0,0.0
2017-03-23 00:00:00-04:00,6.112517915849762,6.112517915849762,6.066902309933263,6.079935073852539,67300,0.0,0.0
2017-03-24 00:00:00-04:00,6.106000664775848,6.119034048969269,6.0929679020483904,6.112517356872559,85200,0.0,0.0
2017-03-27 00:00:00-04:00,6.092967419875143,6.132066326429347,6.073417345132127,6.099483489990234,146600,0.0,0.0
2017-03-28 00:00:00-04:00,6.105999549409694,6.151615142822266,6.099482858503371,6.151615142822266,112500,0.0,0.0
2017-03-29 00:00:00-04:00,6.151618719428345,6.184201571438079,6.138585951504179,6.158135414123535,129600,0.0,0.0
2017-03-30 00:00:00-04:00,6.151618719428345,6.17768487674289,6.151618719428345,6.158135414123535,92800,0.0,0.0
2017-03-31 00:00:00-04:00,6.190718650663104,6.229818199796653,6.158135796629522,6.203752040863037,130000,0.0,0.0
2017-04-03 00:00:00-04:00,6.171165776708122,6.223298065767598,6.171165776708122,6.210264682769775,144100,0.0,0.0
2017-04-04 00:00:00-04:00,6.2102655608700585,6.281947934561796,6.2102655608700585,6.2558817863464355,150100,0.0,0.0
2017-04-05 00:00:00-04:00,6.308012558408839,6.34059476970486,6.249363583730649,6.275429725646973,178500,0.0,0.0
2017-04-06 00:00:00-04:00,6.255881141573055,6.314529502913423,6.255881141573055,6.294980049133301,146700,0.0,0.0
2017-04-07 00:00:00-04:00,6.281946254813546,6.340594606516453,6.281946254813546,6.314528465270996,211200,0.0,0.0
2017-04-10 00:00:00-04:00,6.347110115709677,6.373176252103047,6.327560668781079,6.33407735824585,185500,0.0,0.0
2017-04-11 00:00:00-04:00,6.361653004545723,6.433870315551758,6.348522982792468,6.433870315551758,121800,0.072,0.0
2017-04-12 00:00:00-04:00,6.446999173981639,6.446999173981639,6.374782502110432,6.394477844238281,135900,0.0,0.0
2017-04-13 00:00:00-04:00,6.440435639480261,6.46013098516202,6.420739667694751,6.433870315551758,104000,0.0,0.0
2017-04-17 00:00:00-04:00,6.433872102841751,6.433872102841751,6.341959420621182,6.374785423278809,203300,0.0,0.0
2017-04-18 00:00:00-04:00,6.37478620426195,6.394481557827858,6.322264844016859,6.348525524139404,150500,0.0,0.0
2017-04-19 00:00:00-04:00,6.335393674317294,6.414176325907474,6.3222636497881854,6.341958999633789,119200,0.0,0.0
2017-04-20 00:00:00-04:00,6.368219257517902,6.447001277842001,6.35508923384914,6.420740604400635,193600,0.0,0.0
2017-04-21 00:00:00-04:00,6.473260960136933,6.473260960136933,6.44700029071644,6.466696262359619,111700,0.0,0.0
2017-04-24 00:00:00-04:00,6.4666958925697955,6.4666958925697955,6.394478586215287,6.414174556732178,150700,0.0,0.0
2017-04-25 00:00:00-04:00,6.368217407607471,6.532346725463868,6.368217407607471,6.532346725463867,264500,0.0,0.0
2017-04-26 00:00:00-04:00,6.479826632329533,6.57173929329373,6.466696609965378,6.506087303161621,142300,0.0,0.0
2017-04-27 00:00:00-04:00,6.506089048408232,6.525784400289596,6.48639369652687,6.492959022521973,86800,0.0,0.0
2017-04-28 00:00:00-04:00,6.433870614899324,6.545478622461642,6.433870614899324,6.506087303161621,237200,0.0,0.0
2017-05-01 00:00:00-04:00,6.519218921661377,6.552044295507927,6.506088271239658,6.519218921661377,158400,0.0,0.0
2017-05-02 00:00:00-04:00,6.5192204519134975,6.584871841120775,6.50608979840963,6.565176486968994,170500,0.0,0.0
2017-05-03 00:00:00-04:00,6.584869171315047,6.611129841571492,6.565173825148656,6.604565143585205,144900,0.0,0.0
2017-05-04 00:00:00-04:00,6.604565143585205,6.630825813841649,6.538913154892212,6.604565143585205,184100,0.0,0.0
2017-05-05 00:00:00-04:00,6.604565373910074,6.611130072125295,6.571739378418817,6.5980000495910645,154400,0.0,0.0
2017-05-08 00:00:00-04:00,6.584867000579835,6.604562966357116,6.565171660906113,6.584867000579834,122500,0.0,0.0
2017-05-09 00:00:00-04:00,6.572969703382316,6.606033058788506,6.513456420408436,6.539906978607178,89900,0.072,0.0
2017-05-10 00:00:00-04:00,6.572967444402477,6.572967444402477,6.506841386947175,6.5465168952941895,105400,0.0,0.0
2017-05-11 00:00:00-04:00,6.559739492730513,6.579577237854403,6.526676163770331,6.533288955688477,62100,0.0,0.0
2017-05-12 00:00:00-04:00,6.526678402868537,6.559741743171712,6.460552352892951,6.467164516448975,160400,0.0,0.0
2017-05-15 00:00:00-04:00,6.493614535761301,6.520065079731849,6.427488491150288,6.487002372741699,110100,0.0,0.0
2017-05-16 00:00:00-04:00,6.487001911374582,6.513452453463921,6.460551369285244,6.48038911819458,101800,0.0,0.0
2017-05-17 00:00:00-04:00,6.420874704681963,6.467162991815488,6.4010369574291115,6.4407124519348145,164100,0.0,0.0
2017-05-18 00:00:00-04:00,6.414264269171933,6.467165368373409,6.414264269171933,6.447327613830566,86800,0.0,0.0
2017-05-19 00:00:00-04:00,6.447326362391198,6.526677995791095,6.420875817924566,6.500227451324463,59300,0.0,0.0
2017-05-22 00:00:00-04:00,6.5002266058309015,6.566353273711656,6.5002266058309015,6.520064353942871,72700,0.0,0.0
2017-05-23 00:00:00-04:00,6.5663539624193055,6.652318387428351,6.559741168811523,6.62586784362793,142200,0.0,0.0
2017-05-24 00:00:00-04:00,6.625869326272024,6.625869326272024,6.579580391290367,6.6060309410095215,61300,0.0,0.0
2017-05-25 00:00:00-04:00,6.606027505108534,6.612640296756616,6.572964177498647,6.5795769691467285,76900,0.0,0.0
2017-05-26 00:00:00-04:00,6.619256973266602,6.645707524752315,6.579580830722585,6.619256973266602,109400,0.0,0.0
2017-05-30 00:00:00-04:00,6.6457062478085716,6.691994546356752,6.625868495663747,6.678769588470459,128700,0.0,0.0
2017-05-31 00:00:00-04:00,6.68538297304245,6.764734626744424,6.665545217274678,6.751509666442871,244900,0.0,0.0
2017-06-01 00:00:00-04:00,6.758120610872621,6.791183948516846,6.725057273228396,6.791183948516846,176300,0.0,0.0
2017-06-02 00:00:00-04:00,6.824248479789177,6.877149581909181,6.777960173091895,6.87714958190918,199600,0.0,0.0
2017-06-05 00:00:00-04:00,6.877147658697073,6.903598202360111,6.850697115034034,6.883760452270508,204100,0.0,0.0
2017-06-06 00:00:00-04:00,6.850699343006207,6.896988282443559,6.824248790740967,6.824248790740967,139400,0.0,0.0
2017-06-07 00:00:00-04:00,6.82424986148654,6.930052087148191,6.82424986148654,6.890376567840576,134200,0.0,0.0
2017-06-08 00:00:00-04:00,6.858412265777588,6.924998410385596,6.778508511236823,6.858412265777588,141100,0.072,0.0
2017-06-09 00:00:00-04:00,6.858413384425349,6.9116825628077105,6.7785096168518075,6.778509616851807,137900,0.0,0.0
2017-06-12 00:00:00-04:00,6.778508807221653,6.778508807221653,6.725239635201801,6.74521541595459,133900,0.0,0.0
2017-06-13 00:00:00-04:00,6.738557731989367,6.805144525603494,6.518822202088965,6.665312767028809,244000,0.0,0.0
2017-06-14 00:00:00-04:00,6.6453349465649305,6.785166675651897,6.61204219179737,6.651993751525879,179600,0.0,0.0
2017-06-15 00:00:00-04:00,6.605381945332286,6.731896036887962,6.592064338316713,6.711920261383057,151500,0.0,0.0
2017-06-16 00:00:00-04:00,6.678630274265206,6.705264866818873,6.538798504603757,6.6053853034973145,109200,0.0,0.0
2017-06-19 00:00:00-04:00,6.605381945332286,6.738554840395749,6.605381945332286,6.711920261383057,160600,0.0,0.0
2017-06-20 00:00:00-04:00,6.7318961508376765,6.778507141162706,6.651992412447081,6.691944599151611,123900,0.0,0.0
2017-06-21 00:00:00-04:00,6.731897805440317,6.758532391450243,6.691946243934738,6.74521541595459,91200,0.0,0.0
2017-06-22 00:00:00-04:00,6.745214097783954,6.805142063349633,6.725238320934893,6.771848678588867,93200,0.0,0.0
2017-06-23 00:00:00-04:00,6.771849740427669,6.818460105390237,6.758532130427738,6.7984843254089355,72300,0.0,0.0
2017-06-26 00:00:00-04:00,6.865071466913424,6.871729637245439,6.778508902410928,6.818460464477539,121700,0.0,0.0
2017-06-27 00:00:00-04:00,6.7984852010732,6.8118021777698,6.745216024249445,6.758533000946045,138500,0.0,0.0
2017-06-28 00:00:00-04:00,6.7518739604463685,6.825118910390202,6.738556350446436,6.7984843254089355,124700,0.0,0.0
2017-06-29 00:00:00-04:00,6.758531070677162,6.791824455437928,6.725238320934893,6.771848678588867,76800,0.0,0.0
2017-06-30 00:00:00-04:00,6.745215180307627,6.83843654559495,6.745215180307627,6.7851667404174805,104900,0.0,0.0
2017-07-03 00:00:00-04:00,6.845097220034109,6.8517560274948925,6.791828030385504,6.811803817749023,84600,0.0,0.0
2017-07-05 00:00:00-04:00,6.8251164009980565,6.9249958992004395,6.811798795894612,6.9249958992004395,153700,0.0,0.0
2017-07-06 00:00:00-04:00,6.911680924834657,6.938315507713809,6.871728733006656,6.918339729309082,126000,0.0,0.0
2017-07-07 00:00:00-04:00,6.924997667530107,6.958291053771973,6.871728503550531,6.958291053771973,87900,0.0,0.0
2017-07-10 00:00:00-04:00,6.964950411801095,7.044854164123535,6.964950411801095,7.044854164123535,263200,0.0,0.0
2017-07-11 00:00:00-04:00,7.058171212497571,7.091463963720912,6.958291053771973,6.958291053771973,237500,0.0,0.0
2017-07-12 00:00:00-04:00,6.979747576976897,7.006566946901503,6.912699471877491,6.9261088371276855,162000,0.072,0.0
2017-07-13 00:00:00-04:00,6.99315768983107,7.026681423187255,6.865765201150348,7.026681423187256,123300,0.0,0.0
2017-07-14 00:00:00-04:00,7.040091319710666,7.113844427153013,7.040091319710666,7.107140064239502,115800,0.0,0.0
2017-07-17 00:00:00-04:00,7.093730003280497,7.100435005565024,6.865765041000249,6.905994415283203,246200,0.0,0.0
2017-07-18 00:00:00-04:00,6.9328128365673,6.999860931967559,6.905993470522372,6.966337203979492,112100,0.0,0.0
2017-07-19 00:00:00-04:00,7.006567001629931,7.006567001629931,6.939518896006811,6.946223258972168,124200,0.0,0.0
2017-07-20 00:00:00-04:00,6.946223258972168,6.986452633885418,6.912699525872719,6.946223258972168,141300,0.0,0.0
2017-07-21 00:00:00-04:00,6.952927451532124,6.97974681854248,6.919403082913144,6.9797468185424805,79400,0.0,0.0
2017-07-24 00:00:00-04:00,6.959634545546422,6.959634545546422,6.8724714167012415,6.885881423950195,130300,0.0,0.0
2017-07-25 00:00:00-04:00,6.8858801019528855,6.952928207052292,6.872470097278474,6.9261088371276855,114100,0.0,0.0
2017-07-26 00:00:00-04:00,6.939517967062888,6.946222329130779,6.838944862954881,6.87917423248291,133700,0.0,0.0
2017-07-27 00:00:00-04:00,6.885883143225189,6.966341288534772,6.8791781379265995,6.919406890869141,165900,0.0,0.0
2017-07-28 00:00:00-04:00,6.926108642260621,6.9663380157277786,6.905994275239141,6.93281364440918,36600,0.0,0.0
2017-07-31 00:00:00-04:00,6.919402833832774,6.979746567289894,6.905993470522372,6.966337203979492,81200,0.0,0.0
2017-08-01 00:00:00-04:00,6.926109807339573,6.966339187573936,6.792012938932207,6.805422306060791,164200,0.0,0.0
2017-08-02 00:00:00-04:00,6.83223871008351,6.966336159629211,6.83223871008351,6.952926158905029,129600,0.0,0.0
2017-08-03 00:00:00-04:00,6.9596327898230435,7.026680890880407,6.932813421515262,7.006566524505615,112400,0.0,0.0
2017-08-04 00:00:00-04:00,7.04009123272363,7.04009123272363,6.973042489023245,7.03338623046875,96200,0.0,0.0
2017-08-07 00:00:00-04:00,7.053499203477577,7.06020356437516,6.946221116603921,6.993155479431152,193600,0.0,0.0
2017-08-08 00:00:00-04:00,7.040090439650293,7.040090439650293,6.9059936067798775,6.939517974853516,185400,0.0,0.0
2017-08-09 00:00:00-04:00,6.8936061442314776,6.9881318272205455,6.88685417175293,6.88685417175293,113700,0.072,0.0
2017-08-10 00:00:00-04:00,6.866598898150264,6.866598898150264,6.616781711578369,6.616781711578369,382700,0.0,0.0
2017-08-11 00:00:00-04:00,6.58977174138165,6.718055945922871,6.312947423237485,6.70455265045166,405100,0.0,0.0
2017-08-14 00:00:00-04:00,6.799078969825997,6.886852661082861,6.630283558309733,6.684298038482666,166700,0.0,0.0
2017-08-15 00:00:00-04:00,6.704555185373465,6.758569675487161,6.704555185373465,6.75181770324707,103600,0.0,0.0
2017-08-16 00:00:00-04:00,6.751815765942681,6.758567736245423,6.5492611641837355,6.67754602432251,159500,0.0,0.0
2017-08-17 00:00:00-04:00,6.583020210266113,6.670793890338059,6.556012973621154,6.583020210266113,168200,0.0,0.0
2017-08-18 00:00:00-04:00,6.583022968154014,6.718059207950816,6.5627676931603895,6.691051959991455,110300,0.0,0.0
2017-08-21 00:00:00-04:00,6.691050895409481,6.691050895409481,6.6302844361932936,6.650540351867676,97400,0.0,0.0
2017-08-22 00:00:00-04:00,6.650543818269914,6.711309665255049,6.650543818269914,6.697806358337402,99200,0.0,0.0
2017-08-23 00:00:00-04:00,6.657294312974593,6.697805516443028,6.657294312974593,6.664046287536621,152000,0.0,0.0
2017-08-24 00:00:00-04:00,6.68429892351802,6.704554839192403,6.637036408084754,6.650540351867676,109600,0.0,0.0
2017-08-25 00:00:00-04:00,6.657293029937458,6.704556198859053,6.623534451440961,6.637037754058838,122600,0.0,0.0
2017-08-28 00:00:00-04:00,6.697801291327406,6.711304588029561,6.657290113414286,6.67754602432251,105000,0.0,0.0
2017-08-29 00:00:00-04:00,6.63703484640939,6.7045532616301475,6.63703484640939,6.67754602432251,129200,0.0,0.0
2017-08-30 00:00:00-04:00,6.704555134552025,6.718058435026335,6.643788672658856,6.670795917510986,145600,0.0,0.0
2017-08-31 00:00:00-04:00,6.677547565921269,6.738313380964536,6.670795594059746,6.718058109283447,92200,0.0,0.0
2017-09-01 00:00:00-04:00,6.738313380964536,6.75181732468758,6.718058109283446,6.718058109283447,132200,0.0,0.0
2017-09-05 00:00:00-04:00,6.731562053006491,6.75181732468758,6.718058109283446,6.718058109283447,147800,0.0,0.0
2017-09-06 00:00:00-04:00,6.738313380964536,6.738313380964536,6.70455480946388,6.718058109283447,110900,0.0,0.0
2017-09-07 00:00:00-04:00,6.718058109283446,6.738313380964536,6.670795594059746,6.718058109283447,108000,0.0,0.0
2017-09-08 00:00:00-04:00,6.705817030075091,6.787429332733154,6.692215303930543,6.787429332733154,133700,0.072,0.0
2017-09-11 00:00:00-04:00,6.739821436541714,6.767025533868546,6.719418525695801,6.719418525695801,178500,0.0,0.0
2017-09-12 00:00:00-04:00,6.733021270533928,6.7398224580456505,6.631006052245844,6.692215442657471,201400,0.0,0.0
2017-09-13 00:00:00-04:00,6.678614365035557,6.760226685239591,6.665012635966751,6.726222038269043,89500,0.0,0.0
2017-09-14 00:00:00-04:00,6.705817222595215,6.746623699394241,6.685414308494175,6.705817222595215,83700,0.0,0.0
2017-09-15 00:00:00-04:00,6.685414599356816,6.760225720046738,6.678613411494921,6.746623992919922,100300,0.0,0.0
2017-09-18 00:00:00-04:00,6.733021270533928,6.760225371983879,6.685414255145747,6.692215442657471,87400,0.0,0.0
2017-09-19 00:00:00-04:00,6.705817287814184,6.712618475446325,6.651409083950953,6.678613185882568,132600,0.0,0.0
2017-09-20 00:00:00-04:00,6.6514099912567834,6.671813556936419,6.631007074174188,6.644609451293945,162700,0.0,0.0
2017-09-21 00:00:00-04:00,6.658209565599071,6.665010752510068,6.556194356321639,6.590198993682861,206000,0.0,0.0
2017-09-22 00:00:00-04:00,6.5834011297698245,6.624206970618761,6.542594640323741,6.610605239868164,173400,0.0,0.0
2017-09-25 00:00:00-04:00,6.597002860520421,6.6378093499665045,6.576599940095953,6.610605239868164,106500,0.0,0.0
2017-09-26 00:00:00-04:00,6.610601424846278,6.6514072421459085,6.610601424846278,6.631004333496094,94600,0.0,0.0
2017-09-27 00:00:00-04:00,6.631008160292633,6.651411080717102,6.597002860520421,6.610605239868164,345300,0.0,0.0
2017-09-28 00:00:00-04:00,6.624205112457276,6.65140921492457,6.603802197756046,6.624205112457275,85000,0.0,0.0
2017-09-29 00:00:00-04:00,6.6038013052985205,6.644607777783235,6.6038013052985205,6.617403030395508,167100,0.0,0.0
2017-10-02 00:00:00-04:00,6.597002860520421,6.631008160292633,6.576599940095953,6.610605239868164,208700,0.0,0.0
2017-10-03 00:00:00-04:00,6.637805519244956,6.644606704993818,6.624203147747231,6.631004333496094,299800,0.0,0.0
2017-10-04 00:00:00-04:00,6.6106028462590585,6.658209859544018,6.6106028462590585,6.651408672332764,161100,0.0,0.0
2017-10-05 00:00:00-04:00,6.637805519244956,6.644606704993818,6.5833973304476014,6.631004333496094,166500,0.0,0.0
2017-10-06 00:00:00-04:00,6.603804050194293,6.610605239868165,6.56299756074821,6.610605239868164,122100,0.0,0.0
2017-10-09 00:00:00-04:00,6.651408260797184,6.651408260797184,6.59019887687686,6.603801250457764,132100,0.0,0.0
2017-10-10 00:00:00-04:00,6.610605840514089,6.624207572500552,6.576600537652123,6.59700345993042,101100,0.0,0.0
2017-10-11 00:00:00-04:00,6.5969978467121635,6.610600215721921,6.556192036876198,6.562992572784424,138400,0.0,0.0
2017-10-12 00:00:00-04:00,6.536956157428848,6.605477972104704,6.509547562252997,6.598625659942627,133800,0.072,0.0
2017-10-13 00:00:00-04:00,6.564364914128975,6.626034418160208,6.564364914128975,6.591773509979248,92000,0.0,0.0
2017-10-16 00:00:00-04:00,6.5438095772301255,6.571218177045298,6.482140064277844,6.509548664093018,400800,0.0,0.0
2017-10-17 00:00:00-04:00,6.475289830388235,6.50269843900523,6.372507711442697,6.44788122177124,330400,0.0,0.0
2017-10-18 00:00:00-04:00,6.372504196178433,6.441025353186209,6.166939418210274,6.208052635192871,601700,0.0,0.0
2017-10-19 00:00:00-04:00,6.187496028062818,6.303982719972504,6.098417931104091,6.221756935119629,405100,0.0,0.0
2017-10-20 00:00:00-04:00,6.276574772437678,6.276574772437678,6.201201291916031,6.242313861846924,228900,0.0,0.0
2017-10-23 00:00:00-04:00,6.208052635192871,6.303982385698242,6.208052635192871,6.208052635192871,138400,0.0,0.0
2017-10-24 00:00:00-04:00,6.214904766552144,6.242313362136127,6.098418071952101,6.180644512176514,347500,0.0,0.0
2017-10-25 00:00:00-04:00,6.166939426682245,6.23546123725657,6.098417616107921,6.187495708465576,285500,0.0,0.0
2017-10-26 00:00:00-04:00,6.166939730444382,6.187496013240244,6.139531135559082,6.139531135559082,140600,0.0,0.0
2017-10-27 00:00:00-04:00,6.153235755699968,6.269722459625024,6.153235755699968,6.242313861846924,220000,0.0,0.0
2017-10-30 00:00:00-04:00,6.2217566137527385,6.249165207287985,6.153234803178414,6.187495708465576,173800,0.0,0.0
2017-10-31 00:00:00-04:00,6.201199078435508,6.290277152786584,6.098416383350904,6.256016254425049,189700,0.0,0.0
2017-11-01 00:00:00-04:00,6.27657491976256,6.290279545709547,6.1600882131033075,6.173792839050293,122300,0.0,0.0
2017-11-02 00:00:00-04:00,6.180644678194618,6.26287046715523,6.1669400532982745,6.20120096206665,134400,0.0,0.0
2017-11-03 00:00:00-04:00,6.201201296003628,6.331391972167293,6.180645011024632,6.297131061553955,216700,0.0,0.0
2017-11-06 00:00:00-05:00,6.324539661407471,6.338244287046272,6.2765747786167045,6.324539661407471,215300,0.0,0.0
2017-11-07 00:00:00-05:00,6.310835521376983,6.3313918058158825,6.25601832722492,6.276574611663818,103400,0.0,0.0
2017-11-08 00:00:00-05:00,6.276573792200648,6.276573792200648,6.208052635192871,6.208052635192871,201700,0.0,0.0
2017-11-09 00:00:00-05:00,6.1874955397984195,6.2217564441516515,6.132678354222207,6.1669392585754395,196300,0.0,0.0
2017-11-10 00:00:00-05:00,6.15450595149882,6.216672784745047,6.15450595149882,6.182135581970215,153500,0.072,0.0
2017-11-13 00:00:00-05:00,6.223582639827133,6.24430470559584,6.064711712286795,6.085434436798096,296100,0.0,0.0
2017-11-14 00:00:00-05:00,6.078525657230715,6.085433230698773,5.98872917837336,6.030173301696777,342200,0.0,0.0
2017-11-15 00:00:00-05:00,5.974914957177573,6.0301742359988575,5.954192892305232,5.968008041381836,223400,0.0,0.0
2017-11-16 00:00:00-05:00,6.016357831733256,6.140691498899241,6.009450259392399,6.126876354217529,158800,0.0,0.0
2017-11-17 00:00:00-05:00,6.182136574416453,6.209766209323357,6.154506939509548,6.1683220863342285,168600,0.0,0.0
2017-11-20 00:00:00-05:00,6.189043106896768,6.189043106896768,6.0232653253374195,6.037079811096191,336600,0.0,0.0
2017-11-21 00:00:00-05:00,6.092341464909974,6.147600747137619,6.071619398760259,6.078526973724365,127800,0.0,0.0
2017-11-22 00:00:00-05:00,6.078526973724365,6.126878680987903,6.023267691496721,6.078526973724365,113600,0.0,0.0
2017-11-24 00:00:00-05:00,6.064709191939778,6.147598079310577,6.064709191939778,6.106153964996338,60600,0.0,0.0
2017-11-27 00:00:00-05:00,6.1199692962673,6.161414075053562,6.071617603302002,6.071617603302002,215600,0.0,0.0
2017-11-28 00:00:00-05:00,6.113062382088265,6.113062382088265,6.050895543280076,6.071617603302002,149600,0.0,0.0
2017-11-29 00:00:00-05:00,6.05780592150462,6.085435567242976,5.995639053907641,6.023268699645996,188200,0.0,0.0
2017-11-30 00:00:00-05:00,6.037081983187866,6.099248838325323,5.99563785225795,6.0094523429870605,194700,0.0,0.0
2017-12-01 00:00:00-05:00,6.050897499930907,6.050897499930907,5.981823065864991,6.016360282897949,223200,0.0,0.0
2017-12-04 00:00:00-05:00,6.078528198622453,6.078528198622453,6.037083399228781,6.050898551940918,162000,0.0,0.0
2017-12-05 00:00:00-05:00,6.064709847113393,6.175228375547163,6.050895360430368,6.147598743438721,214200,0.0,0.0
2017-12-06 00:00:00-05:00,6.119970993498409,6.161415783778418,5.995637940143572,6.085434436798096,258400,0.0,0.0
2017-12-07 00:00:00-05:00,6.043990975584849,6.078528198622453,6.030175822872712,6.050898551940918,241300,0.0,0.0
2017-12-08 00:00:00-05:00,6.087111338743125,6.12889958178005,6.087111338743125,6.094076156616211,133500,0.072,0.0
2017-12-11 00:00:00-05:00,6.094077381771689,6.121935994663148,6.059253949606934,6.080147743225098,220000,0.0,0.0
2017-12-12 00:00:00-05:00,6.080148783398938,6.080148783398938,6.024431548084081,6.066219806671143,251200,0.0,0.0
2017-12-13 00:00:00-05:00,6.0313941241616185,6.114969946033878,6.024429306288533,6.094076156616211,227600,0.0,0.0
2017-12-14 00:00:00-05:00,6.1219345480046545,6.128899365632113,6.094075941696391,6.114969730377197,150200,0.0,0.0
2017-12-15 00:00:00-05:00,6.094076156616211,6.12889958178005,6.087111338743125,6.094076156616211,156000,0.0,0.0
2017-12-18 00:00:00-05:00,6.094078267296737,6.128901704521654,6.08711344701139,6.108007907867432,167700,0.0,0.0
2017-12-19 00:00:00-05:00,6.121934419450806,6.121934419450806,6.073182025485482,6.087110996246338,126600,0.0,0.0
2017-12-20 00:00:00-05:00,6.08711344701139,6.114972063950959,6.0662196503571675,6.108007907867432,110600,0.0,0.0
2017-12-21 00:00:00-05:00,6.087111338743125,6.108005792362382,6.073182367198544,6.094076156616211,195500,0.0,0.0
2017-12-22 00:00:00-05:00,6.094078045669945,6.1497952775227835,6.094078045669945,6.128901481628418,224700,0.0,0.0
2017-12-26 00:00:00-05:00,6.142828238491251,6.254262661943007,6.142828238491251,6.233368873596191,330200,0.0,0.0
2017-12-27 00:00:00-05:00,6.233371309864782,6.491063680864576,6.233371309864782,6.477134704589844,559300,0.0,0.0
2017-12-28 00:00:00-05:00,6.504992349381493,6.546779936163709,6.47016891759517,6.511957168579102,166400,0.0,0.0
2017-12-29 00:00:00-05:00,6.546780553789369,6.546780553789369,6.351770247271014,6.393558502197266,257600,0.0,0.0
2018-01-02 00:00:00-05:00,6.407486190117916,6.53285026550293,6.407486190117916,6.53285026550293,211200,0.0,0.0
2018-01-03 00:00:00-05:00,6.546780314108733,6.567674772907792,6.504992724914123,6.5607099533081055,282500,0.0,0.0
2018-01-04 00:00:00-05:00,6.55374606530952,6.609463301623589,6.55374606530952,6.595534324645996,188300,0.0,0.0
2018-01-05 00:00:00-05:00,6.616426564248319,6.616426564248319,6.525885910507034,6.567674160003662,151600,0.0,0.0
2018-01-08 00:00:00-05:00,6.6024971565899016,6.665179200919835,6.567674389030353,6.658215045928955,293800,0.0,0.0
2018-01-09 00:00:00-05:00,6.693037986755371,6.706967625501169,6.616426966258684,6.693037986755371,173400,0.0,0.0
2018-01-10 00:00:00-05:00,6.651251015991101,6.686074451884606,6.372664193044863,6.463204860687256,669800,0.0,0.0
2018-01-11 00:00:00-05:00,6.45056793110281,6.5277786429563935,6.422491491172907,6.478644371032715,157500,0.072,0.0
2018-01-12 00:00:00-05:00,6.429511782558202,6.464607505354615,6.394416059761789,6.422492504119873,262900,0.0,0.0
2018-01-16 00:00:00-05:00,6.4224901310193045,6.492681550676505,6.352299380757092,6.43652868270874,203700,0.0,0.0
2018-01-17 00:00:00-05:00,6.46460870691969,6.46460870691969,6.387398637932875,6.429512977600098,175800,0.0,0.0
2018-01-18 00:00:00-05:00,6.429511782558202,6.464607505354615,6.359321006360612,6.422492504119873,223400,0.0,0.0
2018-01-19 00:00:00-05:00,6.443550339434862,6.464607505354615,6.380378172280365,6.422492504119873,171700,0.0,0.0
2018-01-22 00:00:00-05:00,6.4224951821445195,6.58393530656654,6.36634227001395,6.562878131866455,280800,0.0,0.0
2018-01-23 00:00:00-05:00,6.555858850501255,6.58393530656654,6.541820287770856,6.562878131866455,133100,0.0,0.0
2018-01-24 00:00:00-05:00,6.562874586190823,6.562874586190823,6.492683149251663,6.5347981452941895,96200,0.0,0.0
2018-01-25 00:00:00-05:00,6.562875058429647,6.597970110029377,6.492683616439785,6.5207600593566895,170000,0.0,0.0
2018-01-26 00:00:00-05:00,6.520761289368975,6.562876296386094,6.47162767234511,6.492684841156006,95900,0.0,0.0
2018-01-29 00:00:00-05:00,6.436531450897997,6.4926843430157,6.303167830071995,6.331244945526123,239400,0.0,0.0
2018-01-30 00:00:00-05:00,6.317204443594386,6.366338041727032,6.211917970625842,6.338261604309082,215900,0.0,0.0
2018-01-31 00:00:00-05:00,6.394415627260431,6.44354990361019,6.324224855810358,6.415473461151123,130600,0.0,0.0
2018-02-01 00:00:00-05:00,6.415473130576228,6.527778894625633,6.415473130576228,6.499702453613281,170300,0.0,0.0
2018-02-02 00:00:00-05:00,6.471627826191881,6.527780723952715,6.359322030670213,6.3803791999816895,123200,0.0,0.0
2018-02-05 00:00:00-05:00,6.32422401930837,6.380376896799191,6.261051864782422,6.289128303527832,225500,0.0,0.0
2018-02-06 00:00:00-05:00,6.211919741368611,6.3031676869413875,6.1838432959473115,6.21893835067749,284000,0.0,0.0
2018-02-07 00:00:00-05:00,6.247013811086722,6.34528168926429,6.247013811086722,6.254033088684082,222300,0.0,0.0
2018-02-08 00:00:00-05:00,6.261055036145739,6.296150769703045,6.218940021997883,6.239997863769531,140600,0.0,0.0
2018-02-09 00:00:00-05:00,6.298021795342801,6.326327485495724,6.1706465270850925,6.213104724884033,182800,0.072,0.0
2018-02-12 00:00:00-05:00,6.248489020426553,6.347559305326512,6.2131067276150596,6.340482711791992,189000,0.0,0.0
2018-02-13 00:00:00-05:00,6.354633776326384,6.38294014401588,6.305098982591669,6.375863552093506,70800,0.0,0.0
2018-02-14 00:00:00-05:00,6.361708967989275,6.397091244952291,6.333403281391022,6.354632377624512,84700,0.0,0.0
2018-02-15 00:00:00-05:00,6.3546317302835575,6.397090593286088,6.298020362854005,6.298020362854004,67600,0.0,0.0
2018-02-16 00:00:00-05:00,6.2626412654301635,6.319252655468273,6.2626412654301635,6.290946960449219,122300,0.0,0.0
2018-02-20 00:00:00-05:00,6.290946025654319,6.340480815861857,6.198952361796818,6.305098533630371,200100,0.0,0.0
2018-02-21 00:00:00-05:00,6.340480506058989,6.3687861954889495,6.290945718271775,6.326327323913574,73800,0.0,0.0
2018-02-22 00:00:00-05:00,6.3617100652708745,6.382939840026923,6.298022090724565,6.312175273895264,138200,0.0,0.0
2018-02-23 00:00:00-05:00,6.305099323493815,6.361710712211751,6.283870221439836,6.333405017852783,75200,0.0,0.0
2018-02-26 00:00:00-05:00,6.347557544708251,6.404168927559933,6.326327769993184,6.347557544708252,78900,0.0,0.0
2018-02-27 00:00:00-05:00,6.375862786561656,6.382939377634364,6.326327323913574,6.326327323913574,101000,0.0,0.0
2018-02-28 00:00:00-05:00,6.326327782205045,6.368786656856224,6.312175273895265,6.312175273895264,75900,0.0,0.0
2018-03-01 00:00:00-05:00,6.347559305326512,6.368788411068966,6.298023825445981,6.340482711791992,95700,0.0,0.0
2018-03-02 00:00:00-05:00,6.347557532591252,6.418321423590313,6.340480941033071,6.38293981552124,123800,0.0,0.0
2018-03-05 00:00:00-05:00,6.432473354118874,6.474931545478294,6.418320173758544,6.453702449798584,247100,0.0,0.0
2018-03-06 00:00:00-05:00,6.453703700898653,6.496162575349836,6.439551192655534,6.4678568840026855,113600,0.0,0.0
2018-03-07 00:00:00-05:00,6.4395499442990385,6.482008135658459,6.4395499442990385,6.453702449798584,67700,0.0,0.0
2018-03-08 00:00:00-05:00,6.510314773068452,6.510314773068452,6.439550885506279,6.489085674285889,118300,0.0,0.0
2018-03-09 00:00:00-05:00,6.5261759757995605,6.540441168412021,6.447719457036498,6.5261759757995605,92800,0.072,0.0
2018-03-12 00:00:00-04:00,6.533306523012429,6.547571711150783,6.497644232868152,6.519042015075684,112300,0.0,0.0
2018-03-13 00:00:00-04:00,6.533305582159395,6.540438175201417,6.490511384310287,6.540438175201416,101300,0.0,0.0
2018-03-14 00:00:00-04:00,6.49051202128529,6.554703324358648,6.454849732776816,6.4762468338012695,106600,0.0,0.0
2018-03-15 00:00:00-04:00,6.469116565753366,6.5261759757995605,6.469116565753366,6.5261759757995605,143200,0.0,0.0
2018-03-16 00:00:00-04:00,6.5190435632633195,6.526175478824625,6.419189263185574,6.461984157562256,118900,0.0,0.0
2018-03-19 00:00:00-04:00,6.476247852126724,6.476247852126724,6.419188453621776,6.469115257263184,117800,0.0,0.0
2018-03-20 00:00:00-04:00,6.504778856882779,6.526175965566094,6.461984639516147,6.483381748199463,135600,0.0,0.0
2018-03-21 00:00:00-04:00,6.504776035167935,6.5475709141723435,6.419186957360642,6.4548492431640625,196400,0.0,0.0
2018-03-22 00:00:00-04:00,6.4548506639867975,6.52617457109172,6.419188370333498,6.433453559875488,90500,0.0,0.0
2018-03-23 00:00:00-04:00,6.433451793291157,6.526172779046805,6.433451793291157,6.4405837059021,93700,0.0,0.0
2018-03-26 00:00:00-04:00,6.4691165556093715,6.497646260587733,6.4691165556093715,6.483381748199463,156800,0.0,0.0
2018-03-27 00:00:00-04:00,6.476248668886637,6.511910967500245,6.4334544547117245,6.461984157562256,83200,0.0,0.0
2018-03-28 00:00:00-04:00,6.511909421006506,6.526173928943252,6.483379724931406,6.519042015075684,82500,0.0,0.0
2018-03-29 00:00:00-04:00,6.519043814327732,6.633162630124855,6.497646026214424,6.618897438049316,101200,0.0,0.0
2018-04-02 00:00:00-04:00,6.633162630124855,6.661692334074136,6.583235138062267,6.618897438049316,146900,0.0,0.0
2018-04-03 00:00:00-04:00,6.633161142874859,6.661690840427371,6.6188959539977805,6.647425651550293,223200,0.0,0.0
2018-04-04 00:00:00-04:00,6.611762492480968,6.6830863795702635,6.611762492480968,6.661689281463623,85300,0.0,0.0
2018-04-05 00:00:00-04:00,6.690220962181482,6.697353557072272,6.647426073038429,6.675955772399902,89900,0.0,0.0
2018-04-06 00:00:00-04:00,6.647424095924873,6.697351565109013,6.640292183356983,6.661689281463623,75300,0.0,0.0
2018-04-09 00:00:00-04:00,6.647426073038429,6.697353557072272,6.647426073038429,6.675955772399902,154600,0.0,0.0
2018-04-10 00:00:00-04:00,6.704486363603583,6.725884151122324,6.6616921489696574,6.683089256286621,128400,0.0,0.0
2018-04-11 00:00:00-04:00,6.69890022277832,6.7132758746405345,6.6701496045227024,6.69890022277832,120100,0.072,0.0
2018-04-12 00:00:00-04:00,6.69171427068903,6.742027690204256,6.677338616273862,6.684526443481445,111400,0.0,0.0
2018-04-13 00:00:00-04:00,6.684526152710532,6.684526152710532,6.612649254699136,6.648587703704834,149300,0.0,0.0
2018-04-16 00:00:00-04:00,6.648587502082634,6.6917137766754236,6.641399675405689,6.677338123321533,70500,0.0,0.0
2018-04-17 00:00:00-04:00,6.677338700826628,6.749215602874757,6.670150873528026,6.749215602874756,137500,0.0,0.0
2018-04-18 00:00:00-04:00,6.749215807856712,6.756402949904655,6.713277355741153,6.720465183258057,48700,0.0,0.0
2018-04-19 00:00:00-04:00,6.7420267455958225,6.7492145717963385,6.684525506929368,6.691713333129883,106300,0.0,0.0
2018-04-20 00:00:00-04:00,6.648586309064535,6.691712575918775,6.612647867597461,6.662961959838867,73200,0.0,0.0
2018-04-23 00:00:00-04:00,6.6917137766754236,6.7276515391223874,6.655775328759579,6.677338123321533,147300,0.0,0.0
2018-04-24 00:00:00-04:00,6.698899715837183,6.713275366611516,6.655774134451701,6.662961959838867,89500,0.0,0.0
2018-04-25 00:00:00-04:00,6.655775196506005,6.655775196506005,6.483271472500343,6.569523334503174,193700,0.0,0.0
2018-04-26 00:00:00-04:00,6.5982744882126925,6.641400079963577,6.591086661097904,6.619837284088135,70900,0.0,0.0
2018-04-27 00:00:00-04:00,6.648586812198191,6.720463700571641,6.648586812198191,6.69890022277832,49300,0.0,0.0
2018-04-30 00:00:00-04:00,6.655777286445592,6.742029175531847,6.655777286445592,6.734841346740723,92100,0.0,0.0
2018-05-01 00:00:00-04:00,6.734841137555005,6.777967423493161,6.7276533089871355,6.763591766357422,123400,0.0,0.0
2018-05-02 00:00:00-04:00,6.777965569684529,6.871405259103412,6.777965569684529,6.813903331756592,189500,0.0,0.0
2018-05-03 00:00:00-04:00,6.821092429672263,6.864218711853027,6.792341803374755,6.864218711853027,141500,0.0,0.0
2018-05-04 00:00:00-04:00,6.849842087930134,6.864217741781779,6.821091465695747,6.857029914855957,99800,0.0,0.0
2018-05-07 00:00:00-04:00,6.86421743250145,6.9001558800423854,6.7132765012046205,6.813903331756592,192400,0.0,0.0
2018-05-08 00:00:00-04:00,6.828277950662918,6.928905451441444,6.821090125149715,6.914529800415039,155200,0.0,0.0
2018-05-09 00:00:00-04:00,6.8785929679870605,6.928907072884783,6.84265520294874,6.8785929679870605,145500,0.0,0.0
2018-05-10 00:00:00-04:00,6.822104818446687,6.909010528728564,6.7714099934485565,6.829347133636475,171900,0.072,0.0
2018-05-11 00:00:00-04:00,6.829345219313846,6.865555403782384,6.756923469046776,6.843829154968262,115100,0.0,0.0
2018-05-14 00:00:00-04:00,6.865557569450635,6.872799884894854,6.807620427227312,6.858315944671631,86900,0.0,0.0
2018-05-15 00:00:00-04:00,6.81486273965529,6.858315941636156,6.78589416855645,6.800378799438477,91600,0.0,0.0
2018-05-16 00:00:00-04:00,6.843829767226357,6.880040645599365,6.822103516468575,6.880040645599365,75100,0.0,0.0
2018-05-17 00:00:00-04:00,6.880043512885127,6.923496723175049,6.880043512885127,6.923496723175049,104100,0.0,0.0
2018-05-18 00:00:00-04:00,6.894527071403298,6.937979584251881,6.880042440010277,6.887284755706787,66000,0.0,0.0
2018-05-21 00:00:00-04:00,6.880041365873554,6.923494562603309,6.851072798275429,6.90900993347168,85200,0.0,0.0
2018-05-22 00:00:00-04:00,6.901768207550049,6.945221407985878,6.887284267848233,6.901768207550049,93800,0.0,0.0
2018-05-23 00:00:00-04:00,6.901769772697414,6.937980666161458,6.894528146536883,6.923496723175049,93000,0.0,0.0
2018-05-24 00:00:00-04:00,6.887284166551433,6.937978990759967,6.872799536397464,6.894526481628418,129100,0.0,0.0
2018-05-25 00:00:00-04:00,6.872799884894854,6.916253086894953,6.843831313783192,6.858315944671631,124800,0.0,0.0
2018-05-29 00:00:00-04:00,6.887283680439369,6.966947068667931,6.880041365873554,6.90900993347168,129700,0.0,0.0
2018-05-30 00:00:00-04:00,6.945221075088292,7.053853034973145,6.9379787602519265,7.0538530349731445,208400,0.0,0.0
2018-05-31 00:00:00-04:00,7.053851333268735,7.053851333268735,6.959703335104164,6.966945648193359,104400,0.0,0.0
2018-06-01 00:00:00-04:00,6.974188574585207,7.039368016789796,6.96694626085913,7.003157138824463,81100,0.0,0.0
2018-06-04 00:00:00-04:00,7.024886867787715,7.0321291850999055,6.9524657666619945,6.981434345245361,158300,0.0,0.0
2018-06-05 00:00:00-04:00,7.010398836063542,7.017640458487747,6.937977086501568,6.966945648193359,94700,0.0,0.0
2018-06-06 00:00:00-04:00,7.010398836063542,7.017640458487747,6.937977086501568,6.966945648193359,85700,0.0,0.0
2018-06-07 00:00:00-04:00,6.96694626085913,7.017641075611565,6.952462324072028,7.003157138824463,90800,0.0,0.0
2018-06-08 00:00:00-04:00,7.0046170876617895,7.07028478573842,6.997320444815666,7.055692195892334,80500,0.072,0.0
2018-06-11 00:00:00-04:00,7.062988544323898,7.062988544323898,7.0046167956804055,7.019209384918213,65700,0.0,0.0
2018-06-12 00:00:00-04:00,7.04839680493179,7.070286041511809,6.982728399345448,6.990025043487549,105400,0.0,0.0
2018-06-13 00:00:00-04:00,7.004617001727424,7.033802876907698,6.931651965853661,6.9608378410339355,74900,0.0,0.0
2018-06-14 00:00:00-04:00,6.946246570327511,6.990025043487549,6.895170757179087,6.990025043487549,151500,0.0,0.0
2018-06-15 00:00:00-04:00,6.9316532820433086,7.033804212493872,6.9316532820433086,6.990025043487549,85200,0.0,0.0
2018-06-18 00:00:00-04:00,6.990025043487549,7.004618331771752,6.953542518623327,6.990025043487549,75300,0.0,0.0
2018-06-19 00:00:00-04:00,6.946245068908556,7.004616817735844,6.917058498648778,6.997320175170898,91500,0.0,0.0
2018-06-20 00:00:00-04:00,6.99732120395179,7.106768075132843,6.982727916676324,7.092175483703613,177500,0.0,0.0
2018-06-21 00:00:00-04:00,7.070285797119141,7.084879084898909,7.048396561295748,7.070285797119141,58500,0.0,0.0
2018-06-22 00:00:00-04:00,7.070285797119141,7.092175728788793,7.03380396936224,7.070285797119141,50500,0.0,0.0
2018-06-25 00:00:00-04:00,7.070285715508304,7.077582359313965,7.0046180087961165,7.077582359313965,87900,0.0,0.0
2018-06-26 00:00:00-04:00,7.070285552790414,7.099471431495109,7.055692961361183,7.092175483703613,57300,0.0,0.0
2018-06-27 00:00:00-04:00,7.092173916157247,7.106766504361152,7.041098117828369,7.041098117828369,94800,0.0,0.0
2018-06-28 00:00:00-04:00,7.099472860648995,7.12865944107531,7.004619257648978,7.01191520690918,131900,0.0,0.0
2018-06-29 00:00:00-04:00,7.026504816996848,7.09217319686955,6.997318947702983,7.062987327575684,83400,0.0,0.0
2018-07-02 00:00:00-04:00,7.0775824410090244,7.0775824410090244,7.0192106815824715,7.070285797119141,83400,0.0,0.0
2018-07-03 00:00:00-04:00,7.12865779317457,7.187029548840902,7.099471219495188,7.150547027587891,79800,0.0,0.0
2018-07-05 00:00:00-04:00,7.157843112945557,7.187028988503242,7.084878076128262,7.157843112945557,102700,0.0,0.0
2018-07-06 00:00:00-04:00,7.165139059950357,7.187028988503242,7.128657237387871,7.157843112945557,76300,0.0,0.0
2018-07-09 00:00:00-04:00,7.157843671007736,7.187029548840902,7.143250384168045,7.150547027587891,78200,0.0,0.0
2018-07-10 00:00:00-04:00,7.172435363972331,7.179732006478596,7.121360258120731,7.1651387214660645,79800,0.0,0.0
2018-07-11 00:00:00-04:00,7.172436551134041,7.187029838562012,7.165139907420056,7.187029838562012,61800,0.0,0.0
2018-07-12 00:00:00-04:00,7.129696454847313,7.239949915558788,7.129696454847313,7.188498020172119,93400,0.072,0.0
2018-07-13 00:00:00-04:00,7.14439821687624,7.195849418640137,7.14439821687624,7.195849418640137,32900,0.0,0.0
2018-07-16 00:00:00-04:00,7.203199936121328,7.232600723576106,7.151748032347917,7.210550308227539,162500,0.0,0.0
2018-07-17 00:00:00-04:00,7.166450632138747,7.2399529702923715,7.166450632138747,7.232602596282959,99700,0.0,0.0
2018-07-18 00:00:00-04:00,7.210550349217557,7.306102383261225,7.195849604921565,7.291402339935303,132000,0.0,0.0
2018-07-19 00:00:00-04:00,7.306102932539943,7.4163564201386185,7.276702142707655,7.3502044677734375,233800,0.0,0.0
2018-07-20 00:00:00-04:00,7.364905550283116,7.379605595387054,7.2399520125339505,7.284052848815918,129000,0.0,0.0
2018-07-23 00:00:00-04:00,7.313453013269491,7.328153758083808,7.144398653725427,7.166449069976807,164500,0.0,0.0
2018-07-24 00:00:00-04:00,7.188499486228186,7.21055060344966,7.144398653725427,7.166449069976807,62000,0.0,0.0
2018-07-25 00:00:00-04:00,7.129697262700246,7.320802722144652,7.129697262700246,7.298752307891846,101200,0.0,0.0
2018-07-26 00:00:00-04:00,7.313451788909956,7.313451788909956,7.2178990665238585,7.239950180053711,59400,0.0,0.0
2018-07-27 00:00:00-04:00,7.2399507359043405,7.313452350403706,7.2399507359043405,7.298752307891846,88900,0.0,0.0
2018-07-30 00:00:00-04:00,7.276700633996845,7.276700633996845,7.210549396317218,7.239950180053711,46000,0.0,0.0
2018-07-31 00:00:00-04:00,7.254649298801903,7.40900356903045,7.232598889046365,7.342851638793945,179600,0.0,0.0
2018-08-01 00:00:00-04:00,7.3649062320841585,7.4237078198837345,7.350205484649155,7.4090070724487305,162900,0.0,0.0
2018-08-02 00:00:00-04:00,7.401655377459461,7.41635612227023,7.350204172561957,7.39430570602417,104000,0.0,0.0
2018-08-03 00:00:00-04:00,7.379602100156814,7.489854839612445,7.379602100156814,7.467804431915283,182700,0.0,0.0
2018-08-06 00:00:00-04:00,7.489857196807861,7.570709885426315,7.475157154039988,7.489857196807861,233600,0.0,0.0
2018-08-07 00:00:00-04:00,7.5707091024090065,7.5707091024090065,7.445755597440481,7.48250675201416,183200,0.0,0.0
2018-08-08 00:00:00-04:00,7.431054855223022,7.504557164370379,7.423705185084263,7.48250675201416,114300,0.0,0.0
2018-08-09 00:00:00-04:00,7.541308846659848,7.578060003805251,7.526608103413679,7.563359260559082,74400,0.0,0.0
2018-08-10 00:00:00-04:00,7.550035139118837,7.6018495867470595,7.476015608935971,7.498221397399902,134700,0.072,0.0
2018-08-13 00:00:00-04:00,7.4834184646606445,7.498222797006143,7.342780836925504,7.4834184646606445,140900,0.0,0.0
2018-08-14 00:00:00-04:00,7.431603034766261,7.453808822359684,7.216945205605145,7.231749534606934,276800,0.0,0.0
2018-08-15 00:00:00-04:00,7.209542461370731,7.268758360797698,7.031894763089828,7.068904876708984,324100,0.0,0.0
2018-08-16 00:00:00-04:00,7.083710804876072,7.194741181882032,7.083710804876072,7.157731056213379,98800,0.0,0.0
2018-08-17 00:00:00-04:00,7.209544689524908,7.2539569807756274,7.179936730660902,7.224349021911621,113200,0.0,0.0
2018-08-20 00:00:00-04:00,7.224345731116285,7.276159459049028,7.194737785739132,7.246551513671875,92200,0.0,0.0
2018-08-21 00:00:00-04:00,7.305769665417563,7.31317183052995,7.231750132021648,7.298367500305176,89600,0.0,0.0
2018-08-22 00:00:00-04:00,7.320573988446673,7.3723877323638165,7.253955914319309,7.290966033935547,80600,0.0,0.0
2018-08-23 00:00:00-04:00,7.327975670893818,7.327975670893818,7.224348179902456,7.28356409072876,73400,0.0,0.0
2018-08-24 00:00:00-04:00,7.2613590784568585,7.283564870917992,7.179936662917011,7.187338829040527,116300,0.0,0.0
2018-08-27 00:00:00-04:00,7.253957594939079,7.3131735176806645,7.2021431331080805,7.305771350860596,103800,0.0,0.0
2018-08-28 00:00:00-04:00,7.320573988446673,7.320573988446673,7.253955914319309,7.290966033935547,95700,0.0,0.0
2018-08-29 00:00:00-04:00,7.305768611788686,7.364984512329102,7.231749089067774,7.364984512329102,87500,0.0,0.0
2018-08-30 00:00:00-04:00,7.364983945282579,7.364983945282579,7.290964428260595,7.320572376251221,50000,0.0,0.0
2018-08-31 00:00:00-04:00,7.268759657806796,7.372387853249601,7.268759657806796,7.357583522796631,96500,0.0,0.0
2018-09-04 00:00:00-04:00,7.401996167790327,7.439006289811151,7.401996167790327,7.416800498962402,141100,0.0,0.0
2018-09-05 00:00:00-04:00,7.424202547097488,7.490820630833394,7.4019967544886605,7.4834184646606445,147100,0.0,0.0
2018-09-06 00:00:00-04:00,7.476014956194886,7.527828693389893,7.439004841380213,7.527828693389893,103800,0.0,0.0
2018-09-07 00:00:00-04:00,7.47601586318193,7.535231771705765,7.47601586318193,7.505623817443848,87100,0.0,0.0
2018-09-10 00:00:00-04:00,7.5056239262782345,7.55003550536044,7.387191401603936,7.4390058517456055,173400,0.0,0.0
2018-09-11 00:00:00-04:00,7.461211533096315,7.54263323083926,7.453809368053508,7.505623817443848,64200,0.0,0.0
2018-09-12 00:00:00-04:00,7.505625625086325,7.505625625086325,7.401997407257309,7.446409702301025,75500,0.0,0.0
2018-09-13 00:00:00-04:00,7.403169035122144,7.410623851065241,7.291338263997514,7.358436584472656,209700,0.072,0.0
2018-09-14 00:00:00-04:00,7.388255430166463,7.507540976046368,7.388255430166463,7.425532341003418,157500,0.0,0.0
2018-09-17 00:00:00-04:00,7.425531188818759,7.425531188818759,7.201870469499349,7.2615132331848145,206900,0.0,0.0
2018-09-18 00:00:00-04:00,7.224236894149702,7.231692417943981,7.127317928815605,7.186960697174072,260000,0.0,0.0
2018-09-19 00:00:00-04:00,7.194418911979102,7.194418911979102,7.075133318855859,7.1347761154174805,165100,0.0,0.0
2018-09-20 00:00:00-04:00,7.134772741612003,7.291335186302448,7.134772741612003,7.186960697174072,213800,0.0,0.0
2018-09-21 00:00:00-04:00,7.224238350217347,7.224238350217347,6.89620305812925,6.9856672286987305,384000,0.0,0.0
2018-09-24 00:00:00-04:00,6.940935163390701,7.0974976320686265,6.866381336021026,7.060220718383789,114400,0.0,0.0
2018-09-25 00:00:00-04:00,7.0825836366437915,7.224234996537682,7.0825836366437915,7.216780185699463,137300,0.0,0.0
2018-09-26 00:00:00-04:00,7.231690518373596,7.261511894719557,7.0825836366437915,7.216780185699463,156900,0.0,0.0
2018-09-27 00:00:00-04:00,7.231694034950297,7.231694034950297,7.157140913331081,7.179506778717041,70700,0.0,0.0
2018-09-28 00:00:00-04:00,7.194417901974115,7.328614530897369,7.194417901974115,7.276427268981934,125400,0.0,0.0
2018-10-01 00:00:00-04:00,7.291335875162799,7.313702448658754,7.231693101169489,7.268970012664795,106500,0.0,0.0
2018-10-02 00:00:00-04:00,7.321157132859533,7.4329878653703965,7.298791270756535,7.425532341003418,170200,0.0,0.0
2018-10-03 00:00:00-04:00,7.380798468787085,7.432986418197208,7.321155707459344,7.39570951461792,117800,0.0,0.0
2018-10-04 00:00:00-04:00,7.343521925548896,7.350976737110544,7.239146742710415,7.2987895011901855,141700,0.0,0.0
2018-10-05 00:00:00-04:00,7.2838815254920295,7.2838815254920295,7.082586617197894,7.209327697753906,233800,0.0,0.0
2018-10-08 00:00:00-04:00,7.18696307772588,7.224239287048582,7.104953710820454,7.127320289611816,131800,0.0,0.0
2018-10-09 00:00:00-04:00,7.142230686478779,7.157141739121884,7.030400635647988,7.104953765869141,134400,0.0,0.0
2018-10-10 00:00:00-04:00,7.045309187254364,7.11986300953136,6.821648431421316,6.8589253425598145,346800,0.0,0.0
2018-10-11 00:00:00-04:00,6.800314682107434,6.85291357077304,6.650031631201337,6.702630519866943,395000,0.072,0.0
2018-10-12 00:00:00-04:00,6.822857592954767,6.897999483675248,6.6124613021860705,6.710145473480225,210700,0.0,0.0
2018-10-15 00:00:00-04:00,6.672574118194072,6.988168893261816,6.672574118194072,6.9355692863464355,232100,0.0,0.0
2018-10-16 00:00:00-04:00,6.988170478847425,7.033255047454519,6.852915339813548,6.943085193634033,178400,0.0,0.0
2018-10-17 00:00:00-04:00,6.9806547777984465,7.108395558173081,6.943083833581291,7.0332536697387695,101300,0.0,0.0
2018-10-18 00:00:00-04:00,7.063311184725046,7.063311184725046,6.93557038802075,6.980655670166016,77600,0.0,0.0
2018-10-19 00:00:00-04:00,6.980655141958057,7.033254036642306,6.935569863224277,6.965627193450928,68000,0.0,0.0
2018-10-22 00:00:00-04:00,6.988170766114081,6.988170766114081,6.882972240695912,6.920543193817139,65500,0.0,0.0
2018-10-23 00:00:00-04:00,6.837886869945068,6.950598999510855,6.7326883568390885,6.928056716918945,129900,0.0,0.0
2018-10-24 00:00:00-04:00,6.913027163025788,6.94308377482392,6.7852863837321875,6.8078293800354,145000,0.0,0.0
2018-10-25 00:00:00-04:00,6.822857668512577,6.928056173365006,6.807829720165766,6.837886333465576,147800,0.0,0.0
2018-10-26 00:00:00-04:00,6.770258896588721,6.822857791661222,6.695117003679834,6.732687950134277,201800,0.0,0.0
2018-10-29 00:00:00-04:00,6.762743740229382,6.792800350410602,6.672573909685723,6.702630519866943,138100,0.0,0.0
2018-10-30 00:00:00-04:00,6.6951168006577,6.740202078357109,6.627489242411674,6.672574520111084,139500,0.0,0.0
2018-10-31 00:00:00-04:00,6.7026308804388615,6.837885991833533,6.672574268640729,6.8078293800354,133900,0.0,0.0
2018-11-01 00:00:00-04:00,6.837885837659589,6.973140229398526,6.837885837659589,6.9355692863464355,138800,0.0,0.0
2018-11-02 00:00:00-04:00,6.988169813959438,7.078339659200732,6.9280565837985755,6.9956841468811035,170800,0.0,0.0
2018-11-05 00:00:00-05:00,7.048283769141807,7.078340387314012,6.988170532797398,7.070826053619385,139100,0.0,0.0
2018-11-06 00:00:00-05:00,7.040768154850721,7.12342366063907,7.018225874473202,7.078339099884033,78700,0.0,0.0
2018-11-07 00:00:00-05:00,7.100881598087994,7.2436510502729385,7.085853649577375,7.213594436645508,153700,0.0,0.0
2018-11-08 00:00:00-05:00,7.206079419484536,7.2135937513290544,7.138451866096118,7.153480529785156,62900,0.0,0.0
2018-11-09 00:00:00-05:00,7.13228086139494,7.147423332636832,7.048995464396536,7.064137935638428,84400,0.072,0.0
2018-11-12 00:00:00-05:00,7.041424243991171,7.041424243991171,6.942995648424274,6.950567245483398,106600,0.0,0.0
2018-11-13 00:00:00-05:00,6.950566596722543,6.9808522600649585,6.905137740675333,6.920280933380127,93500,0.0,0.0
2018-11-14 00:00:00-05:00,6.995994526282353,7.018709314675826,6.882423472583588,6.905137538909912,63900,0.0,0.0
2018-11-15 00:00:00-05:00,6.8597088797834935,7.003565584898923,6.8597088797834935,6.988422393798828,115900,0.0,0.0
2018-11-16 00:00:00-05:00,6.980851823004926,7.041423145897483,6.920280500112369,6.958137035369873,131000,0.0,0.0
2018-11-19 00:00:00-05:00,6.942994215750998,6.973279875670869,6.814279980574774,6.8975653648376465,152700,0.0,0.0
2018-11-20 00:00:00-05:00,6.80670901478941,6.874851936430021,6.7991374185921964,6.821852207183838,138900,0.0,0.0
2018-11-21 00:00:00-05:00,6.829423803381051,6.874851936430021,6.814280610986624,6.821852207183838,83100,0.0,0.0
2018-11-23 00:00:00-05:00,6.814282139140019,6.859711004443906,6.814282139140019,6.82942533493042,26900,0.0,0.0
2018-11-26 00:00:00-05:00,6.867281160350336,6.942995687230285,6.859710285316135,6.882424354553223,66400,0.0,0.0
2018-11-27 00:00:00-05:00,6.912708039234519,7.041422264791744,6.897564849372712,7.03385066986084,203100,0.0,0.0
2018-11-28 00:00:00-05:00,7.011138037258397,7.207995213214369,7.011138037258397,7.192852020263672,175100,0.0,0.0
2018-11-29 00:00:00-05:00,7.268565928797072,7.306422463851553,7.23070867167547,7.253422737121582,120000,0.0,0.0
2018-11-30 00:00:00-05:00,7.276136875955208,7.366993860723169,7.207994678929583,7.329137325286865,166400,0.0,0.0
2018-12-03 00:00:00-05:00,7.382134304501314,7.594133856708272,7.260991703240195,7.525990962982178,300900,0.0,0.0
2018-12-04 00:00:00-05:00,7.518423254417267,7.548708917471562,7.435137139467582,7.495708465576172,213800,0.0,0.0
2018-12-06 00:00:00-05:00,7.313995570606176,7.3972816978922795,7.230710165387343,7.2761383056640625,180000,0.0,0.0
2018-12-07 00:00:00-05:00,7.321566446311268,7.412423439976079,7.2534235205458595,7.382137775421143,132800,0.0,0.0
2018-12-10 00:00:00-05:00,7.313993503938844,7.351850758183881,7.230708122253418,7.230708122253418,109800,0.0,0.0
2018-12-11 00:00:00-05:00,7.238280498993901,7.298851823498691,7.185280048501851,7.200423240661621,107100,0.0,0.0
2018-12-12 00:00:00-05:00,7.316387059757997,7.385049827358954,7.24772429215704,7.3392744064331055,99800,0.072,0.0
2018-12-13 00:00:00-05:00,7.354533564364571,7.377420912414452,7.331645488739014,7.331645488739014,59900,0.0,0.0
2018-12-14 00:00:00-05:00,7.331644527056825,7.331644527056825,7.148544311523438,7.1485443115234375,135000,0.0,0.0
2018-12-17 00:00:00-05:00,7.0722542778649,7.1485456852097435,6.995962142944337,6.995962142944336,195600,0.0,0.0
2018-12-18 00:00:00-05:00,7.003591501951537,7.07988290929638,6.973074793498456,6.995962142944336,71900,0.0,0.0
2018-12-19 00:00:00-05:00,7.140915746837923,7.194320527979711,7.064624345682837,7.072253704071045,112900,0.0,0.0
2018-12-20 00:00:00-05:00,7.003591430670488,7.072254205885017,6.904411947313471,6.980703353881836,271700,0.0,0.0
2018-12-21 00:00:00-05:00,6.965445469821817,7.133287730952965,6.942558120259846,7.003591537475586,163600,0.0,0.0
2018-12-24 00:00:00-05:00,6.9425583888696565,7.018849799553209,6.728940692773904,6.866266250610352,286400,0.0,0.0
2018-12-26 00:00:00-05:00,7.003589839354986,7.133286001385676,6.957814423754224,7.087510585784912,164900,0.0,0.0
2018-12-27 00:00:00-05:00,7.1409149539823185,7.186690371653455,7.056994203756744,7.1485443115234375,104700,0.0,0.0
2018-12-28 00:00:00-05:00,7.163804618629263,7.407938293594657,7.133287909258589,7.324017524719238,147200,0.0,0.0
2018-12-31 00:00:00-05:00,7.377419032836727,7.45371114366662,7.331643620823693,7.3850483894348145,153700,0.0,0.0
2019-01-02 00:00:00-05:00,7.339277084568668,7.42319787138423,7.285873013647483,7.400310516357422,110500,0.0,0.0
2019-01-03 00:00:00-05:00,7.385051337003966,7.407938688357684,7.293501204013311,7.35453462600708,127100,0.0,0.0
2019-01-04 00:00:00-05:00,7.385049973141796,7.537633499947278,7.285870498824321,7.507116794586182,169200,0.0,0.0
2019-01-07 00:00:00-05:00,7.362162250052848,7.5910379149798946,7.316387553612848,7.530004501342773,202600,0.0,0.0
2019-01-08 00:00:00-05:00,7.537633107681775,7.705475342220961,7.522374392007481,7.613924503326416,276600,0.0,0.0
2019-01-09 00:00:00-05:00,7.5757813108300125,7.636814735629029,7.55289323084852,7.568151950836182,91200,0.0,0.0
2019-01-10 00:00:00-05:00,7.5757796797389165,7.621554374694823,7.552891604685304,7.621554374694824,117800,0.0,0.0
2019-01-11 00:00:00-05:00,7.607722648630018,7.653830382855672,7.553930902748066,7.630776882171631,247700,0.072,0.0
2019-01-14 00:00:00-05:00,7.59235162953689,7.59235162953689,7.4540292009449125,7.484767436981201,65300,0.0,0.0
2019-01-15 00:00:00-05:00,7.492453647309462,7.530876633097933,7.3618159353431585,7.477084159851074,139900,0.0,0.0
2019-01-16 00:00:00-05:00,7.561613594508992,7.607720583360397,7.500137120802201,7.553928852081299,127500,0.0,0.0
2019-01-17 00:00:00-05:00,7.523190615227904,7.676881799494881,7.492452378374509,7.553928852081299,109500,0.0,0.0
2019-01-18 00:00:00-05:00,7.546245502542085,7.584668488915301,7.500138505180235,7.561614990234375,143200,0.0,0.0
2019-01-22 00:00:00-05:00,7.561617652997393,7.676885919850324,7.507825892847061,7.607724666595459,181800,0.0,0.0
2019-01-23 00:00:00-05:00,7.584671159796426,7.6154094131477255,7.500141146294793,7.607724666595459,137900,0.0,0.0
2019-01-24 00:00:00-05:00,7.561614471440729,7.607721465639231,7.5155067443847665,7.515506744384766,102200,0.0,0.0
2019-01-25 00:00:00-05:00,7.515508029850958,7.538562263750907,7.438662782090549,7.492454528808594,126800,0.0,0.0
2019-01-28 00:00:00-05:00,7.515508029850958,7.523192774484274,7.44634679386628,7.492454528808594,100800,0.0,0.0
2019-01-29 00:00:00-05:00,7.4770840519210795,7.523191780773191,7.4770840519210795,7.500138282775879,112200,0.0,0.0
2019-01-30 00:00:00-05:00,7.5539312735165485,7.561616018407609,7.523193026809916,7.546246528625488,150400,0.0,0.0
2019-01-31 00:00:00-05:00,7.546246374736691,7.653830602444769,7.507824116780144,7.638461112976074,109100,0.0,0.0
2019-02-01 00:00:00-05:00,7.684566939456259,7.692251682281494,7.646143958187495,7.692251682281494,198300,0.0,0.0
2019-02-04 00:00:00-05:00,7.730676608174796,7.830575358602384,7.684568872482558,7.799837112426758,325100,0.0,0.0
2019-02-05 00:00:00-05:00,7.822888885865096,7.822888885865096,7.74604292817057,7.81520414352417,118500,0.0,0.0
2019-02-06 00:00:00-05:00,7.730676608174796,7.815206601943369,7.730676608174796,7.799837112426758,78300,0.0,0.0
2019-02-07 00:00:00-05:00,7.807521857185063,7.83826010336069,7.792153100526049,7.799837112426758,128400,0.0,0.0
2019-02-08 00:00:00-05:00,7.739468838105862,7.894258067249326,7.662073854487497,7.871039867401123,186300,0.072,0.0
2019-02-11 00:00:00-05:00,7.894260883331299,7.894260883331299,7.855563377717741,7.894260883331299,144400,0.0,0.0
2019-02-12 00:00:00-05:00,7.8787823239419925,7.932958388944858,7.855563377717741,7.894260883331299,186900,0.0,0.0
2019-02-13 00:00:00-05:00,7.86330233498098,7.93295769134137,7.824604832770378,7.855562686920166,106800,0.0,0.0
2019-02-14 00:00:00-05:00,7.847823776952817,7.917478395219744,7.78590806865324,7.855562686920166,61100,0.0,0.0
2019-02-15 00:00:00-05:00,7.832344480831191,7.925218043280557,7.78590806865324,7.855562686920166,108800,0.0,0.0
2019-02-19 00:00:00-05:00,7.847820382781054,7.925214615635892,7.793643607880208,7.840080738067627,174300,0.0,0.0
2019-02-20 00:00:00-05:00,7.917478030887676,7.948436621706333,7.855562325437223,7.901999473571777,93400,0.0,0.0
2019-02-21 00:00:00-05:00,7.932954889620577,7.956173087509467,7.878778848515432,7.925215244293213,106000,0.0,0.0
2019-02-22 00:00:00-05:00,7.956173508372095,7.987131353225946,7.871039619547316,7.9097371101379395,94500,0.0,0.0
2019-02-25 00:00:00-05:00,7.917475254106241,8.002609872812656,7.917475254106241,7.971652030944824,121800,0.0,0.0
2019-02-26 00:00:00-05:00,7.9174765732264465,8.01035085239677,7.894258372480512,7.979393005371094,93300,0.0,0.0
2019-02-27 00:00:00-05:00,8.002610911136129,8.049047310916325,7.948434865361479,8.041308403015137,87200,0.0,0.0
2019-02-28 00:00:00-05:00,8.025829463608083,8.025829463608083,7.956174122784502,7.994871616363525,73200,0.0,0.0
2019-03-01 00:00:00-05:00,8.041308231922937,8.049047139659468,7.979392541471191,8.018089294433594,123700,0.0,0.0
2019-03-04 00:00:00-05:00,8.06452593658054,8.126441623233914,8.025828447898881,8.095483779907227,134000,0.0,0.0
2019-03-05 00:00:00-05:00,8.095485135454524,8.273492579866101,8.087745488803588,8.196098327636719,179500,0.0,0.0
2019-03-06 00:00:00-05:00,8.157399844467387,8.188357689228253,8.095484154945654,8.10322380065918,138400,0.0,0.0
2019-03-07 00:00:00-05:00,8.103224300912318,8.103224300912318,7.987131822322161,8.025829315185547,145400,0.0,0.0
2019-03-08 00:00:00-05:00,7.933863971004406,7.98841878830287,7.832547350840372,7.926070213317871,257900,0.072,0.0
2019-03-11 00:00:00-04:00,7.926070005749352,8.081941439129878,7.926070005749352,7.9884185791015625,109400,0.0,0.0
2019-03-12 00:00:00-04:00,7.980626429094439,8.058562533109574,7.949452136139139,8.035181999206543,65400,0.0,0.0
2019-03-13 00:00:00-04:00,8.089735613355291,8.167670962433585,8.027387036791193,8.058561325073242,81600,0.0,0.0
2019-03-14 00:00:00-04:00,8.042974429805627,8.167671592553974,8.042974429805627,8.06635570526123,79800,0.0,0.0
2019-03-15 00:00:00-04:00,8.089737741382512,8.230022447180835,8.089737741382512,8.167673110961914,256400,0.0,0.0
2019-03-18 00:00:00-04:00,8.21443276648349,8.21443276648349,8.019593278907266,8.058561325073242,113400,0.0,0.0
2019-03-19 00:00:00-04:00,8.144294719205687,8.167675261911366,8.081946109821176,8.105326652526855,70400,0.0,0.0
2019-03-20 00:00:00-04:00,8.050767110852897,8.183258014355125,8.027386581780037,8.14428997039795,94500,0.0,0.0
2019-03-21 00:00:00-04:00,8.14429151042744,8.191053320669113,8.097530443439526,8.113117218017578,62900,0.0,0.0
2019-03-22 00:00:00-04:00,8.097529995948317,8.1053230111798,8.035181414574144,8.06635570526123,70300,0.0,0.0
2019-03-25 00:00:00-04:00,8.050768405140834,8.074148937972483,7.957245530560505,8.004007339477539,107500,0.0,0.0
2019-03-26 00:00:00-04:00,8.019593897603741,8.136497301866887,8.019593897603741,8.06635570526123,101000,0.0,0.0
2019-03-27 00:00:00-04:00,8.050768188290828,8.144291060352089,8.035181414574144,8.06635570526123,77600,0.0,0.0
2019-03-28 00:00:00-04:00,8.113118277930948,8.206641167378542,8.09753150131661,8.167673110961914,91500,0.0,0.0
2019-03-29 00:00:00-04:00,8.191052186114144,8.245607004461492,8.128703609930415,8.214432716369629,70100,0.0,0.0
2019-04-01 00:00:00-04:00,8.206641167378542,8.261196743663366,8.167673110961914,8.167673110961914,121000,0.0,0.0
2019-04-02 00:00:00-04:00,7.692263513175904,7.700057271701039,7.396107378504281,7.442869186401367,833400,0.0,0.0
2019-04-03 00:00:00-04:00,7.403898863192163,7.590944550828811,7.0220137317873,7.4116926193237305,874100,0.0,0.0
2019-04-04 00:00:00-04:00,7.364933272227007,7.614328348505252,7.333758980598944,7.575360298156738,235700,0.0,0.0
2019-04-05 00:00:00-04:00,7.575359812887571,7.575359812887571,7.302584221175416,7.427281379699707,310200,0.0,0.0
2019-04-08 00:00:00-04:00,7.42728144505927,7.474043251544226,7.364932865248462,7.419488430023193,232200,0.0,0.0
2019-04-09 00:00:00-04:00,7.4818377871379225,7.70785159824658,7.419489200849588,7.692264080047607,337700,0.0,0.0
2019-04-10 00:00:00-04:00,7.614626959520188,7.6616795662144135,7.48915433883667,7.48915433883667,124000,0.061,0.0
2019-04-11 00:00:00-04:00,7.504838683187684,7.520523136050043,7.449944593921177,7.4813127517700195,95300,0.0,0.0
2019-04-12 00:00:00-04:00,7.473470201304167,7.551890966464047,7.457786496997698,7.496996879577637,83100,0.0,0.0
2019-04-15 00:00:00-04:00,7.48131195979289,7.559732720051258,7.4734697341918945,7.4734697341918945,95300,0.0,0.0
2019-04-16 00:00:00-04:00,7.489155388558604,7.567575413539687,7.489155388558604,7.520523548126221,74200,0.0,0.0
2019-04-17 00:00:00-04:00,7.520521687378479,7.677362446410598,7.520521687378479,7.591100215911865,178400,0.0,0.0
2019-04-18 00:00:00-04:00,7.583258415516571,7.669520650844428,7.567573964797448,7.606784343719482,71600,0.0,0.0
2019-04-22 00:00:00-04:00,7.598941113741781,7.622467786710121,7.53620481491089,7.536204814910889,116000,0.0,0.0
2019-04-23 00:00:00-04:00,7.551891707693836,7.606785799968186,7.457787228990988,7.520523548126221,221700,0.0,0.0
2019-04-24 00:00:00-04:00,7.50483782817321,7.638152670811412,7.50483782817321,7.5126800537109375,98600,0.0,0.0
2019-04-25 00:00:00-04:00,7.496996361800444,7.536205993796543,7.4264178276062,7.426417827606201,133300,0.0,0.0
2019-04-26 00:00:00-04:00,7.410732746124268,7.481311274314855,7.402890521241819,7.410732746124268,116900,0.0,0.0
2019-04-29 00:00:00-04:00,7.473469685151835,7.496996361800444,7.395049673283847,7.426417827606201,198400,0.0,0.0
2019-04-30 00:00:00-04:00,7.434259294085245,7.606784516536293,7.418575590885581,7.5126800537109375,158100,0.0,0.0
2019-05-01 00:00:00-04:00,7.551890101828567,7.74794124440602,7.544047876635287,7.614626407623291,183100,0.0,0.0
2019-05-02 00:00:00-04:00,7.6695217436343945,7.740100286175268,7.591101722492441,7.7087321281433105,125000,0.0,0.0
2019-05-03 00:00:00-04:00,7.708730645104097,7.747941022069551,7.630309891173192,7.661678791046143,104500,0.0,0.0
2019-05-06 00:00:00-04:00,7.645995833659973,7.669521765281372,7.583259517418988,7.622469902038574,88800,0.0,0.0
2019-05-07 00:00:00-04:00,7.614626142797751,7.653836519524713,7.575415766070788,7.591100215911865,89500,0.0,0.0
2019-05-08 00:00:00-04:00,7.551889839184903,7.645994294604175,7.551889839184903,7.591100215911865,55600,0.0,0.0
2019-05-09 00:00:00-04:00,7.551892117196293,7.614628439733412,7.5440498899101645,7.559734344482422,92800,0.0,0.0
2019-05-10 00:00:00-04:00,7.513173262121027,7.718364386987722,7.497388924172004,7.671012878417969,97600,0.061,0.0
2019-05-13 00:00:00-04:00,7.568415606006285,7.639443608983462,7.5368476883095985,7.576307773590088,57700,0.0,0.0
2019-05-14 00:00:00-04:00,7.536844730377197,7.576304800171071,7.513168989556165,7.536844730377197,123200,0.0,0.0
2019-05-15 00:00:00-04:00,7.465820039159413,7.544740213460651,7.442144287924467,7.481603622436523,118900,0.0,0.0
2019-05-16 00:00:00-04:00,7.48160368095307,7.5763081919107,7.48160368095307,7.528955936431885,64100,0.0,0.0
2019-05-17 00:00:00-04:00,7.4894928271592685,7.615764453970739,7.4894928271592685,7.505277156829834,87600,0.0,0.0
2019-05-20 00:00:00-04:00,7.497387709579155,7.615767214464464,7.497387709579155,7.552631378173828,62900,0.0,0.0
2019-05-21 00:00:00-04:00,7.552630490522876,7.639442819698462,7.552630490522876,7.599982738494873,67200,0.0,0.0
2019-05-22 00:00:00-04:00,7.631551862770512,7.631551862770512,7.528955936431885,7.528955936431885,54900,0.0,0.0
2019-05-23 00:00:00-04:00,7.489493695757961,7.497385861508543,7.3474384754392466,7.379006385803223,165800,0.0,0.0
2019-05-24 00:00:00-04:00,7.481600886244907,7.513169546530873,7.379005750868659,7.434249401092529,72300,0.0,0.0
2019-05-28 00:00:00-04:00,7.434250040780592,7.442142206531173,7.379006385803222,7.379006385803223,92500,0.0,0.0
2019-05-29 00:00:00-04:00,7.379007340382992,7.4579267501831055,7.355330840068354,7.4579267501831055,80400,0.0,0.0
2019-05-30 00:00:00-04:00,7.465817821553882,7.481601400142725,7.418465580510677,7.426357746124268,92800,0.0,0.0
2019-05-31 00:00:00-04:00,7.4342497704192585,7.489493423387582,7.371113951987367,7.394789695739746,79800,0.0,0.0
2019-06-03 00:00:00-04:00,7.386896656985226,7.489492537967578,7.386896656985226,7.442141056060791,77800,0.0,0.0
2019-06-04 00:00:00-04:00,7.4894947654952135,7.521062680368089,7.465819017500173,7.497386932373047,78400,0.0,0.0
2019-06-05 00:00:00-04:00,7.513172294267868,7.536848045502815,7.371116281581066,7.481603622436523,144500,0.0,0.0
2019-06-06 00:00:00-04:00,7.450034683744506,7.5131712661287136,7.442143269505132,7.497386932373047,97400,0.0,0.0
2019-06-07 00:00:00-04:00,7.521060923666105,7.773604936300593,7.4973851812010315,7.7578206062316895,210400,0.0,0.0
2019-06-10 00:00:00-04:00,7.7341455010430336,7.749929079774187,7.5289537090696275,7.702577590942383,144900,0.0,0.0
2019-06-11 00:00:00-04:00,7.742037028801067,7.7972806787656666,7.615764646164682,7.7578206062316895,141600,0.0,0.0
2019-06-12 00:00:00-04:00,7.6950865292102595,7.758617354856625,7.663321495056152,7.663321495056152,73800,0.061,0.0
2019-06-13 00:00:00-04:00,7.750676847437746,7.750676847437746,7.623616695404053,7.623616695404053,62900,0.0,0.0
2019-06-14 00:00:00-04:00,7.591850536462109,7.726851360061411,7.56008550314378,7.671262741088867,113700,0.0,0.0
2019-06-17 00:00:00-04:00,7.679204188752983,7.679204188752983,7.607732674452208,7.671262741088867,79900,0.0,0.0
2019-06-18 00:00:00-04:00,7.671259109939041,7.7427305904091694,7.504492574621333,7.591846942901611,125200,0.0,0.0
2019-06-19 00:00:00-04:00,7.607729073373988,7.623611961184138,7.5441990368089344,7.591846942901611,61000,0.0,0.0
2019-06-20 00:00:00-04:00,7.631556857839392,7.655381202697754,7.599791822033102,7.655381202697754,108300,0.0,0.0
2019-06-21 00:00:00-04:00,7.655379419723378,7.679203001694921,7.583907916470731,7.631555080413818,104700,0.0,0.0
2019-06-24 00:00:00-04:00,7.687143286855276,7.687143286855276,7.599788903925983,7.639495372772217,101200,0.0,0.0
2019-06-25 00:00:00-04:00,7.663320431875825,7.679203325418421,7.583908236176985,7.607731819152832,101800,0.0,0.0
2019-06-26 00:00:00-04:00,7.623616695404053,7.64744028457581,7.6077337977307185,7.623616695404053,30200,0.0,0.0
2019-06-27 00:00:00-04:00,7.687144315982406,7.750674371706394,7.647437841820414,7.7268500328063965,128100,0.0,0.0
2019-06-28 00:00:00-04:00,7.687144435645279,7.782439520714681,7.671261542798037,7.710968017578125,85100,0.0,0.0
2019-07-01 00:00:00-04:00,7.7189100030076885,7.814205094731479,7.7189100030076885,7.7983222007751465,115800,0.0,0.0
2019-07-02 00:00:00-04:00,7.838029437763482,7.9809724678681135,7.838029437763482,7.9253830909729,245600,0.0,0.0
2019-07-03 00:00:00-04:00,7.901561521593114,7.9174444211417665,7.853914337623822,7.8618550300598145,50400,0.0,0.0
2019-07-05 00:00:00-04:00,7.845972887849496,7.877737929608468,7.782442804331551,7.8618550300598145,57900,0.0,0.0
2019-07-08 00:00:00-04:00,7.79832148021764,7.893616563136256,7.790380791311254,7.8380279541015625,110300,0.0,0.0
2019-07-09 00:00:00-04:00,7.853912333258726,7.973031020120492,7.838029437763482,7.9253830909729,113200,0.0,0.0
2019-07-10 00:00:00-04:00,7.925381260699578,7.973029178843444,7.901557680296628,7.9412641525268555,140400,0.0,0.0
2019-07-11 00:00:00-04:00,7.902116987675652,8.021966784701515,7.902116987675652,8.005987167358398,138500,0.061,0.0
2019-07-12 00:00:00-04:00,8.029953366911156,8.029953366911156,7.8941232515774065,7.902113437652588,88800,0.0,0.0
2019-07-15 00:00:00-04:00,7.87814285118448,7.942062815584615,7.838193444923956,7.870153427124023,109100,0.0,0.0
2019-07-16 00:00:00-04:00,7.878145217895509,7.926085586590644,7.854175414541095,7.878145217895508,85300,0.0,0.0
2019-07-17 00:00:00-04:00,7.926082580234348,7.926082580234348,7.862162620876492,7.89412260055542,67900,0.0,0.0
2019-07-18 00:00:00-04:00,7.862165451049805,7.8941254422334906,7.774274903804946,7.862165451049805,79900,0.0,0.0
2019-07-19 00:00:00-04:00,7.830206804665564,8.021966784701515,7.830206804665564,8.005987167358398,211300,0.0,0.0
2019-07-22 00:00:00-04:00,7.990003051373243,8.005983423229303,7.854172938541013,7.926083087921143,81400,0.0,0.0
2019-07-23 00:00:00-04:00,7.910105209696829,7.926085586590644,7.878145217895509,7.878145217895508,69300,0.0,0.0
2019-07-24 00:00:00-04:00,7.9021135663804145,7.918093176805007,7.886133193969727,7.886133193969727,49800,0.0,0.0
2019-07-25 00:00:00-04:00,7.886135140924158,7.982015113101153,7.886135140924158,7.950055122375488,67000,0.0,0.0
2019-07-26 00:00:00-04:00,7.95804334584563,7.974022956270222,7.878143007764383,7.886133193969727,53500,0.0,0.0
2019-07-29 00:00:00-04:00,7.870153455337946,7.950053030131509,7.854173083187583,7.902113437652588,61700,0.0,0.0
2019-07-30 00:00:00-04:00,7.902113437652588,7.942062844056328,7.870153455337946,7.902113437652588,71600,0.0,0.0
2019-07-31 00:00:00-04:00,7.91010492368892,7.918095111846924,7.8701555068714635,7.918095111846924,33700,0.0,0.0
2019-08-01 00:00:00-04:00,7.934076475636356,7.98201608657837,7.862166297236958,7.982016086578369,100600,0.0,0.0
2019-08-02 00:00:00-04:00,8.029955559118957,8.069905738415327,7.974025003309519,8.037945747375488,127000,0.0,0.0
2019-08-05 00:00:00-04:00,7.942065258885271,7.966035824399198,7.894125651830047,7.934075832366943,131400,0.0,0.0
2019-08-06 00:00:00-04:00,7.958045158579513,7.982014960669442,7.878144802298057,7.974024772644043,80000,0.0,0.0
2019-08-07 00:00:00-04:00,7.934075508005797,7.958045310553476,7.742314801665522,7.950055122375488,148500,0.0,0.0
2019-08-08 00:00:00-04:00,7.990005530932635,8.053925514221191,7.870155752763168,8.053925514221191,120100,0.0,0.0
2019-08-09 00:00:00-04:00,7.982382174820414,8.030613660491928,7.9100341796875,7.9100341796875,100300,0.061,0.0
2019-08-12 00:00:00-04:00,7.885917586902429,7.893955655897572,7.588486801940921,7.660834789276123,213100,0.0,0.0
2019-08-13 00:00:00-04:00,7.676911180288983,7.845722867044306,7.6688723460088655,7.701026916503906,109500,0.0,0.0
2019-08-14 00:00:00-04:00,7.676911399358938,7.684950233868454,7.516138542295885,7.548293113708496,158600,0.0,0.0
2019-08-15 00:00:00-04:00,7.54829293979998,7.652795486139647,7.483983798456406,7.572408676147461,107500,0.0,0.0
2019-08-16 00:00:00-04:00,7.636716215166074,7.701025343016398,7.636716215166074,7.684948444366455,62900,0.0,0.0
2019-08-19 00:00:00-04:00,7.733182776611324,7.749260447852729,7.660834789276123,7.660834789276123,43100,0.0,0.0
2019-08-20 00:00:00-04:00,7.636716530494813,7.701025661000535,7.596523132272411,7.6447553634643555,67800,0.0,0.0
2019-08-21 00:00:00-04:00,7.652793884277344,7.701025346876625,7.604561655052786,7.652793884277344,60700,0.0,0.0
2019-08-22 00:00:00-04:00,7.65279708701585,7.65279708701585,7.52417801079765,7.556332588195801,77300,0.0,0.0
2019-08-23 00:00:00-04:00,7.564371888862539,7.668874463482264,7.548294982488696,7.612604141235352,49100,0.0,0.0
2019-08-26 00:00:00-04:00,7.580447824649435,7.660833871347848,7.556331320676991,7.564370155334473,68300,0.0,0.0
2019-08-27 00:00:00-04:00,7.580449157009853,7.58848722645466,7.475946587971339,7.483985424041748,79900,0.0,0.0
2019-08-28 00:00:00-04:00,7.475945004381181,7.475945004381181,7.315172150156676,7.387519359588623,160900,0.0,0.0
2019-08-29 00:00:00-04:00,7.395557248701376,7.49202094890668,7.379480348646497,7.443789482116699,116000,0.0,0.0
2019-08-30 00:00:00-04:00,7.435752691072714,7.5000618422060015,7.41163695105412,7.459868431091309,119000,0.0,0.0
2019-09-03 00:00:00-04:00,7.4598674673547265,7.556331181592558,7.451829399470665,7.548293113708496,64000,0.0,0.0
2019-09-04 00:00:00-04:00,7.5241769486934125,7.6045637641542765,7.459867802974917,7.475945472717285,122700,0.0,0.0
2019-09-05 00:00:00-04:00,7.508100375584822,7.588486427953456,7.411636652767147,7.4357523918151855,195700,0.0,0.0
2019-09-06 00:00:00-04:00,7.475945801312263,7.492022705135781,7.411636652767147,7.4357523918151855,83900,0.0,0.0
2019-09-09 00:00:00-04:00,7.43575128390999,7.508099256899991,7.355364476893233,7.395557880401611,228000,0.0,0.0
2019-09-10 00:00:00-04:00,7.41967554724514,7.41967554724514,7.323211813690153,7.363405227661133,142600,0.0,0.0
2019-09-11 00:00:00-04:00,7.363404450735703,7.435752434924785,7.3312498762767255,7.339288711547852,134700,0.0,0.0
2019-09-12 00:00:00-04:00,7.404837560414868,7.46148711810508,7.364374582927062,7.421023368835449,73400,0.061,0.0
2019-09-13 00:00:00-04:00,7.437208733994105,7.437208733994105,7.364374908229709,7.372467041015625,82300,0.0,0.0
2019-09-16 00:00:00-04:00,7.42911834990702,7.445303391070417,7.2834491205262415,7.29963493347168,219000,0.0,0.0
2019-09-17 00:00:00-04:00,7.307726955787778,7.315819862136049,7.226800207651162,7.242985248565674,184100,0.0,0.0
2019-09-18 00:00:00-04:00,7.242984893747781,7.469580857924709,7.242984893747781,7.461488723754883,171100,0.0,0.0
2019-09-19 00:00:00-04:00,7.485765375775283,7.56669287773965,7.453394529345907,7.550507068634033,159900,0.0,0.0
2019-09-20 00:00:00-04:00,7.550507175345227,7.574785117564914,7.469579672237112,7.477672576904297,50300,0.0,0.0
2019-09-23 00:00:00-04:00,7.437208399505237,7.5990633964538565,7.38865251784611,7.599063396453857,216200,0.0,0.0
2019-09-24 00:00:00-04:00,7.534321809038178,7.550506845884458,7.477672250621612,7.526228904724121,63300,0.0,0.0
2019-09-25 00:00:00-04:00,7.526228808223759,7.526228808223759,7.38865252377611,7.421023368835449,110100,0.0,0.0
2019-09-26 00:00:00-04:00,7.404839679246007,7.4614892531460075,7.388654637976039,7.445303440093994,74500,0.0,0.0
2019-09-27 00:00:00-04:00,7.493858059249726,7.526228904724121,7.356281773038091,7.526228904724121,140000,0.0,0.0
2019-09-30 00:00:00-04:00,7.518135801081843,7.542413741598499,7.453394111849549,7.4938578605651855,71900,0.0,0.0
2019-10-01 00:00:00-04:00,7.5505061382663,7.5505061382663,7.493857356940578,7.542413234710693,65600,0.0,0.0
2019-10-02 00:00:00-04:00,7.526229126757466,7.550507068634033,7.485765375775283,7.550507068634033,84000,0.0,0.0
2019-10-03 00:00:00-04:00,7.510043767278136,7.615249217417721,7.510043767278136,7.558600425720215,70300,0.0,0.0
2019-10-04 00:00:00-04:00,7.558601947220914,7.655714511871338,7.501953144120347,7.655714511871338,80000,0.0,0.0
2019-10-07 00:00:00-04:00,7.679992362317321,7.760919884386779,7.655714414409304,7.720456123352051,97800,0.0,0.0
2019-10-08 00:00:00-04:00,7.760919431027484,7.760919431027484,7.6638068732862585,7.712362766265869,103200,0.0,0.0
2019-10-09 00:00:00-04:00,7.688085366754812,7.7609199831881455,7.655714511871338,7.655714511871338,122400,0.0,0.0
2019-10-10 00:00:00-04:00,7.632092475891113,7.713545215306574,7.607656964782832,7.632092475891113,46000,0.061,0.0
2019-10-11 00:00:00-04:00,7.632092025003005,7.811287575055983,7.623946596184496,7.7461256980896,106300,0.0,0.0
2019-10-14 00:00:00-04:00,7.6809632186605175,7.705398726408581,7.575074982697864,7.640236854553223,81300,0.0,0.0
2019-10-15 00:00:00-04:00,7.6158024909422695,7.705399884006085,7.6158024909422695,7.6239471435546875,89500,0.0,0.0
2019-10-16 00:00:00-04:00,7.61580212449198,7.705399513244629,7.575075756225916,7.705399513244629,63400,0.0,0.0
2019-10-17 00:00:00-04:00,7.729834234156644,7.729834234156644,7.607655918625543,7.640236854553223,82600,0.0,0.0
2019-10-18 00:00:00-04:00,7.664671911748633,7.721688352072777,7.640236405436964,7.689107418060303,69300,0.0,0.0
2019-10-21 00:00:00-04:00,7.70539758986772,7.70539758986772,7.656525804789363,7.680962085723877,59600,0.0,0.0
2019-10-22 00:00:00-04:00,7.672818845598844,7.70539978600685,7.591366106183383,7.632092475891113,86800,0.0,0.0
2019-10-23 00:00:00-04:00,7.6728183447858935,7.680963773553957,7.558784672405525,7.583220958709717,74600,0.0,0.0
2019-10-24 00:00:00-04:00,7.550640484775384,7.575075995791462,7.477333174936262,7.49362325668335,135500,0.0,0.0
2019-10-25 00:00:00-04:00,7.493622672487627,7.5750754052457605,7.44475165426541,7.477332592010498,125100,0.0,0.0
2019-10-28 00:00:00-04:00,7.371445486263615,7.583222002642106,7.371445486263615,7.550641059875488,139600,0.0,0.0
2019-10-29 00:00:00-04:00,7.452898025512695,7.509915262313754,7.452898025512695,7.452898025512695,92800,0.0,0.0
2019-10-30 00:00:00-04:00,7.428462510764246,7.501769831800601,7.420317080251094,7.452898025512695,66500,0.0,0.0
2019-10-31 00:00:00-04:00,7.452897841614434,7.5343505911541175,7.452897841614434,7.518059730529785,69900,0.0,0.0
2019-11-01 00:00:00-04:00,7.550640867154944,7.575076379408485,7.452897264558922,7.501769065856934,118200,0.0,0.0
2019-11-04 00:00:00-05:00,7.509913568798522,7.656527401018225,7.509913568798522,7.615801811218262,235800,0.0,0.0
2019-11-05 00:00:00-05:00,7.566931157390559,7.607657530124756,7.54249564446642,7.599512100219727,113900,0.0,0.0
2019-11-06 00:00:00-05:00,7.575075529941652,7.648382835272543,7.575075529941652,7.583220958709717,111700,0.0,0.0
2019-11-07 00:00:00-05:00,7.575076379408485,7.607657321343516,7.493623636175443,7.501769065856934,107100,0.0,0.0
2019-11-08 00:00:00-05:00,7.510786808409853,7.707575798034669,7.502587071683003,7.707575798034668,153100,0.061,0.0
2019-11-11 00:00:00-05:00,7.699377817270204,7.740374942150838,7.617382003568868,7.625581741333008,108600,0.0,0.0
2019-11-12 00:00:00-05:00,7.674777125326457,7.674777125326457,7.568182900839577,7.576382637023926,74700,0.0,0.0
2019-11-13 00:00:00-05:00,7.600982054781372,7.6665783821218225,7.50258678180079,7.650178909301758,105600,0.0,0.0
2019-11-14 00:00:00-05:00,7.625581833514611,7.650180265134356,7.543586018822071,7.609182357788086,56500,0.0,0.0
2019-11-15 00:00:00-05:00,7.609182154150486,7.723976135253906,7.559985292227607,7.723976135253906,147000,0.0,0.0
2019-11-18 00:00:00-05:00,7.682977782569061,7.732175423603228,7.584583282470703,7.584583282470703,111500,0.0,0.0
2019-11-19 00:00:00-05:00,7.559984154701113,7.699376545792048,7.559984154701113,7.650178909301758,96300,0.0,0.0
2019-11-20 00:00:00-05:00,7.641979217529297,7.699376590764884,7.584582626263619,7.641979217529297,82700,0.0,0.0
2019-11-21 00:00:00-05:00,7.600984530801892,7.633782705156122,7.502589225769043,7.502589225769043,99300,0.0,0.0
2019-11-22 00:00:00-05:00,7.527184963226318,7.568182075738694,7.502585757355136,7.527184963226318,90500,0.0,0.0
2019-11-25 00:00:00-05:00,7.518987330954667,7.600983142852783,7.502587855787038,7.600983142852783,125400,0.0,0.0
2019-11-26 00:00:00-05:00,7.62558169539073,7.64198038885018,7.5681843133575875,7.633781433105469,115500,0.0,0.0
2019-11-27 00:00:00-05:00,7.600982756805418,7.650179615869608,7.559984852938608,7.584583282470703,125400,0.0,0.0
2019-11-29 00:00:00-05:00,7.584584476199846,7.592784214657751,7.510788394018902,7.518988132476807,119000,0.0,0.0
2019-12-02 00:00:00-05:00,7.5435864196732405,7.576384590899078,7.502588510148423,7.568184852600098,203800,0.0,0.0
2019-12-03 00:00:00-05:00,7.551786019146335,7.609182622243897,7.527187586671676,7.5927839279174805,76900,0.0,0.0
2019-12-04 00:00:00-05:00,7.568183808135989,7.723975686435871,7.55178511577125,7.584583282470703,223800,0.0,0.0
2019-12-05 00:00:00-05:00,7.56818535216361,7.650181176625654,7.56818535216361,7.617383003234863,93700,0.0,0.0
2019-12-06 00:00:00-05:00,7.61738070123292,7.658378601074219,7.592782274116102,7.658378601074219,47900,0.0,0.0
2019-12-09 00:00:00-05:00,7.617382695409376,7.658380605983634,7.510788440704346,7.510788440704346,221100,0.0,0.0
2019-12-10 00:00:00-05:00,7.51078549264553,7.592781281609875,7.51078549264553,7.527184963226318,76600,0.0,0.0
2019-12-11 00:00:00-05:00,7.552773776095664,7.610555096787604,7.552773776095664,7.577537536621094,93000,0.061,0.0
2019-12-12 00:00:00-05:00,7.577539565983407,7.585793367834962,7.5115044279653285,7.561030387878418,140200,0.0,0.0
2019-12-13 00:00:00-05:00,7.544520077997401,7.5940460253133795,7.486738756527774,7.519756317138672,159900,0.0,0.0
2019-12-16 00:00:00-05:00,7.536265203844172,7.5775373498351355,7.428957939147949,7.428957939147949,193600,0.0,0.0
2019-12-17 00:00:00-05:00,7.445469820149799,7.569285515950553,7.437215230509483,7.552776336669922,186500,0.0,0.0
2019-12-18 00:00:00-05:00,7.511504301040499,7.594047828567857,7.503249712127485,7.536267280578613,218500,0.0,0.0
2019-12-19 00:00:00-05:00,7.519756465306648,7.61055534917626,7.511502665391847,7.58579158782959,154500,0.0,0.0
2019-12-20 00:00:00-05:00,7.536267219777851,7.660082903670435,7.519758042085015,7.544521808624268,188300,0.0,0.0
2019-12-23 00:00:00-05:00,7.618810746639267,7.6270653354856845,7.519758042085015,7.544521808624268,151000,0.0,0.0
2019-12-24 00:00:00-05:00,7.5940464469093305,7.5940464469093305,7.511502934399915,7.528011322021484,59700,0.0,0.0
2019-12-26 00:00:00-05:00,7.536265389612773,7.594045923103985,7.519756215929154,7.577537536621094,106100,0.0,0.0
2019-12-27 00:00:00-05:00,7.53626529764812,7.561028270670639,7.486738564402362,7.5032477378845215,176400,0.0,0.0
2019-12-30 00:00:00-05:00,7.528010904091581,7.528010904091581,7.4784849567756035,7.519756317138672,92700,0.0,0.0
2019-12-31 00:00:00-05:00,7.5115023246256,7.5115023246256,7.453721004638763,7.5032477378845215,170300,0.0,0.0
2020-01-02 00:00:00-05:00,7.544522534230602,7.552776336669922,7.503250373230018,7.552776336669922,83600,0.0,0.0
2020-01-03 00:00:00-05:00,7.494995062746682,7.585793178454517,7.494995062746682,7.544521808624268,105100,0.0,0.0
2020-01-06 00:00:00-05:00,7.486740406960969,7.544521741168348,7.486740406960969,7.511504173278809,164700,0.0,0.0
2020-01-07 00:00:00-05:00,7.486738904045177,7.594046174945147,7.486738904045177,7.58579158782959,231900,0.0,0.0
2020-01-08 00:00:00-05:00,7.594047767300934,7.6023023561473515,7.536267219777851,7.544521808624268,108900,0.0,0.0
2020-01-09 00:00:00-05:00,7.5692834718765845,7.5692834718765845,7.519756734610308,7.528011322021484,127400,0.0,0.0
2020-01-10 00:00:00-05:00,7.5870131508806855,7.603632701662184,7.520533362751521,7.5454630851745605,212300,0.061,0.0
2020-01-13 00:00:00-05:00,7.520533283561903,7.553773177276477,7.495603561401367,7.495603561401367,146300,0.0,0.0
2020-01-14 00:00:00-05:00,7.503912363581803,7.570392145900239,7.503912363581803,7.562082767486572,82200,0.0,0.0
2020-01-15 00:00:00-05:00,7.528842435579855,7.5703917027203955,7.528842435579855,7.53715181350708,60600,0.0,0.0
2020-01-16 00:00:00-05:00,7.537154139681983,7.603633938626123,7.537154139681983,7.570394039154053,89200,0.0,0.0
2020-01-17 00:00:00-05:00,7.553775392517004,7.595325469970703,7.5371550445348,7.595325469970703,77000,0.0,0.0
2020-01-21 00:00:00-05:00,7.570390086953547,7.595320592918658,7.537150204834701,7.553770542144775,170500,0.0,0.0
2020-01-22 00:00:00-05:00,7.545464255108338,7.628564399405371,7.520534528819912,7.603633880615234,89500,0.0,0.0
2020-01-23 00:00:00-05:00,7.57039294088128,7.661803245544434,7.57039294088128,7.661803245544434,126800,0.0,0.0
2020-01-24 00:00:00-05:00,7.695044372642744,7.695044372642744,7.661804472669197,7.686734199523926,123300,0.0,0.0
2020-01-27 00:00:00-05:00,7.645182182782674,7.661802524794891,7.603632120253657,7.611942291259766,110400,0.0,0.0
2020-01-28 00:00:00-05:00,7.670113157743268,7.686733502473736,7.628563880920411,7.62856388092041,113000,0.0,0.0
2020-01-29 00:00:00-05:00,7.645184783807569,7.6784246866392705,7.562085422979212,7.587015151977539,102000,0.0,0.0
2020-01-30 00:00:00-05:00,7.595322412978079,7.6202521324157715,7.562082522893991,7.6202521324157715,79000,0.0,0.0
2020-01-31 00:00:00-05:00,7.587014327256854,7.636873779833706,7.570393981396764,7.603633880615234,102800,0.0,0.0
2020-02-03 00:00:00-05:00,7.6368746099741935,7.6784246866392705,7.52884552014751,7.587015151977539,234900,0.0,0.0
2020-02-04 00:00:00-05:00,7.611941862612515,7.661802093339888,7.578701972961426,7.578701972961426,162500,0.0,0.0
2020-02-05 00:00:00-05:00,7.636873260783989,7.6534936055144565,7.6036333638247084,7.62856388092041,83100,0.0,0.0
2020-02-06 00:00:00-05:00,7.678423939667641,7.678423939667641,7.611944140471518,7.64518404006958,83900,0.0,0.0
2020-02-07 00:00:00-05:00,7.645182901968733,7.661803245544434,7.620253179106782,7.661803245544434,128800,0.0,0.0
2020-02-10 00:00:00-05:00,7.670114517211914,7.6950450387263585,7.6202550591866185,7.670114517211914,115200,0.0,0.0
2020-02-11 00:00:00-05:00,7.678424691050062,7.703355212564507,7.645184788199266,7.670114517211914,92100,0.0,0.0
2020-02-12 00:00:00-05:00,7.662583112021988,7.72950517256397,7.6542176550107675,7.704409599304199,107400,0.061,0.0
2020-02-13 00:00:00-05:00,7.72114372253418,7.729509183886758,7.679318011319896,7.72114372253418,92500,0.0,0.0
2020-02-14 00:00:00-05:00,7.704410493229327,7.704410493229327,7.670949459075928,7.670949459075928,58000,0.0,0.0
2020-02-18 00:00:00-05:00,7.654219627380371,7.687680666273735,7.637489506820737,7.654219627380371,108100,0.0,0.0
2020-02-19 00:00:00-05:00,7.654216022902247,7.679312388584609,7.5956594318575075,7.604024887084961,224700,0.0,0.0
2020-02-20 00:00:00-05:00,7.629125033813048,7.687681660002082,7.629125033813048,7.679316997528076,106900,0.0,0.0
2020-02-21 00:00:00-05:00,7.704410547500809,7.704410547500809,7.604027444333495,7.612392902374268,258600,0.0,0.0
2020-02-24 00:00:00-05:00,7.587297194242186,7.612393570567391,7.5287405783648245,7.537106037139893,252200,0.0,0.0
2020-02-25 00:00:00-05:00,7.537105881944221,7.562201459978627,7.411626396224105,7.445087432861328,506100,0.0,0.0
2020-02-26 00:00:00-05:00,7.445089146090025,7.637490749359132,7.445089146090025,7.637490749359131,403100,0.0,0.0
2020-02-27 00:00:00-05:00,7.528740482427444,7.553836060658802,7.386530876159668,7.386530876159668,289000,0.0,0.0
2020-02-28 00:00:00-05:00,7.127207672952791,7.336339342260927,6.1735669737090495,6.625291347503662,2220000,0.0,0.0
2020-03-02 00:00:00-05:00,6.708944020447937,7.219224982486842,6.708944020447937,7.16066837310791,393100,0.0,0.0
2020-03-03 00:00:00-05:00,7.319608698590995,7.344704276466577,6.391063940567086,6.491447448730469,2419800,0.0,0.0
2020-03-04 00:00:00-05:00,6.708945264897079,6.817693045979985,6.524909147002569,6.800962924957275,731000,0.0,0.0
2020-03-05 00:00:00-05:00,6.5750999819740406,6.717309186088155,6.47471647469341,6.550004005432129,561100,0.0,0.0
2020-03-06 00:00:00-05:00,6.382699197650976,6.5751003660889165,6.273950624428002,6.54163932800293,706300,0.0,0.0
2020-03-09 00:00:00-04:00,5.939339735089886,6.098279862509116,5.780399607670656,5.855687141418457,982200,0.0,0.0
2020-03-10 00:00:00-04:00,6.098278154484292,6.1317391825809935,5.9393380715814965,6.073182582855225,306900,0.0,0.0
2020-03-11 00:00:00-04:00,5.9727942767831115,5.981230620070624,5.42444443337141,5.5509867668151855,1191800,0.061,0.0
2020-03-12 00:00:00-04:00,5.0279442581306295,5.373826198639992,4.800168277408167,4.859221458435059,1440700,0.0,0.0
2020-03-13 00:00:00-04:00,5.103870186466072,5.888431880289675,5.078561563060894,5.804070472717285,949300,0.0,0.0
2020-03-16 00:00:00-04:00,5.06169090391771,5.584732200778448,4.935148550866357,5.103871822357178,583400,0.0,0.0
2020-03-17 00:00:00-04:00,5.1460516360236905,5.626912351067996,5.078562497547366,5.593167781829834,1198300,0.0,0.0
2020-03-18 00:00:00-04:00,5.171360751387868,5.205105323805813,4.892967827806312,5.112307548522949,586000,0.0,0.0
2020-03-19 00:00:00-04:00,4.943585395812988,5.036382782144779,4.024044659806932,4.943585395812988,974100,0.0,0.0
2020-03-20 00:00:00-04:00,4.909839265025402,5.196668080980629,4.682063239456887,4.766424655914307,599500,0.0,0.0
2020-03-23 00:00:00-04:00,4.774860037171653,4.808604599802293,4.234946632814495,4.378361225128174,530300,0.0,0.0
2020-03-24 00:00:00-04:00,4.555520254204085,5.407571040486073,4.555520254204085,4.77485990524292,714500,0.0,0.0
2020-03-25 00:00:00-04:00,4.808604365458673,5.593166414053321,4.808604365458673,5.382262706756592,784000,0.0,0.0
2020-03-26 00:00:00-04:00,5.517242035092041,5.517242035092041,5.095434537594074,5.171360015869141,662700,0.0,0.0
2020-03-27 00:00:00-04:00,5.0363806967249225,5.525677668927126,4.86765788028756,5.340082168579102,631000,0.0,0.0
2020-03-30 00:00:00-04:00,5.247286060063857,5.4328816184770545,5.070127248512424,5.103871822357178,272700,0.0,0.0
2020-03-31 00:00:00-04:00,4.977328210261728,5.272593357847816,4.977328210261728,5.095434188842773,179100,0.0,0.0
2020-04-01 00:00:00-04:00,5.002637243139941,5.086999072338983,4.69049976235793,4.715808391571045,296900,0.0,0.0
2020-04-02 00:00:00-04:00,4.63988223788794,5.103870622583516,4.63988223788794,5.070126056671143,187100,0.0,0.0
2020-04-03 00:00:00-04:00,5.171360040151511,5.221976891816904,4.926711722635291,5.053253650665283,349100,0.0,0.0
2020-04-06 00:00:00-04:00,5.205104817813998,5.340083094364444,5.129179336120876,5.297902584075928,214400,0.0,0.0
2020-04-07 00:00:00-04:00,5.416008472442627,5.677529079389401,5.399136188196609,5.416008472442627,215500,0.0,0.0
2020-04-08 00:00:00-04:00,5.3485194452889555,5.6944014805684136,5.3485194452889555,5.525678634643555,216600,0.0,0.0
2020-04-09 00:00:00-04:00,5.66277623932263,5.935270471270601,5.628714460329134,5.705353260040283,365900,0.061,0.0
2020-04-13 00:00:00-04:00,5.799024055080592,6.003395159752021,5.620199490761273,5.850116729736328,320200,0.0,0.0
2020-04-14 00:00:00-04:00,5.960818105241443,6.105580895622211,5.730900851709785,5.9523024559021,554900,0.0,0.0
2020-04-15 00:00:00-04:00,5.790509261050819,5.867148075949127,5.560592004258866,5.688323497772217,511900,0.0,0.0
2020-04-16 00:00:00-04:00,5.688322327919254,5.773477180813339,5.35621978219699,5.381766319274902,575200,0.0,0.0
2020-04-17 00:00:00-04:00,5.509499250982242,5.8075405032361065,5.424344781501941,5.492468357086182,343700,0.0,0.0
2020-04-20 00:00:00-04:00,5.449890629638325,5.509498547640731,5.219973388368432,5.237004280090332,607800,0.0,0.0
2020-04-21 00:00:00-04:00,5.17739695335214,5.288097973892873,5.075211583336955,5.160366058349609,203800,0.0,0.0
2020-04-22 00:00:00-04:00,5.322159215306785,5.407313681541988,5.151850282836377,5.211458206176758,289200,0.0,0.0
2020-04-23 00:00:00-04:00,5.202942884672538,5.569107287025505,5.202942884672538,5.500983715057373,290500,0.0,0.0
2020-04-24 00:00:00-04:00,5.5861382563330215,5.654261829231829,5.449891110535407,5.611684799194336,118600,0.0,0.0
2020-04-27 00:00:00-04:00,5.620199251305774,5.705353705437224,5.492467367084366,5.569106578826904,133000,0.0,0.0
2020-04-28 00:00:00-04:00,5.594653471625127,5.603168714552129,5.4839524712346455,5.535045146942139,140000,0.0,0.0
2020-04-29 00:00:00-04:00,5.577622775818858,5.713869915828971,5.543560990816329,5.654261589050293,155900,0.0,0.0
2020-04-30 00:00:00-04:00,5.569107232547112,5.594653774809518,5.500983661245382,5.55207633972168,109600,0.0,0.0
2020-05-01 00:00:00-04:00,5.509498442005329,5.654261221890139,5.449890525145805,5.577622413635254,320600,0.0,0.0
2020-05-04 00:00:00-04:00,5.577622742012408,5.764962558390831,5.552076200391098,5.7564473152160645,129500,0.0,0.0
2020-05-05 00:00:00-04:00,5.713869511678637,5.816054859458504,5.705353863006076,5.739415645599365,154100,0.0,0.0
2020-05-06 00:00:00-04:00,5.739415367330985,5.935270810770828,5.7223844768600625,5.773477554321289,123800,0.0,0.0
2020-05-07 00:00:00-04:00,5.8330857507551475,5.884178424645081,5.6968386203819925,5.739415645599365,103000,0.0,0.0
2020-05-08 00:00:00-04:00,5.912139248044762,6.05822414724679,5.697308610337528,5.705901622772217,167800,0.061,0.0
2020-05-11 00:00:00-04:00,5.705902982389701,5.740275859832764,5.680123529185914,5.740275859832764,88300,0.0,0.0
2020-05-12 00:00:00-04:00,5.783242027242864,5.886360657177899,5.654343534945565,5.688716411590576,113800,0.0,0.0
2020-05-13 00:00:00-04:00,5.680123397307829,5.8004284655653695,5.55122490501053,5.688716411590576,279100,0.0,0.0
2020-05-14 00:00:00-04:00,5.58559690168984,5.654342644149526,5.422325558469612,5.577003479003906,163700,0.0,0.0
2020-05-15 00:00:00-04:00,5.439512660751265,5.619970461703326,5.396546771326534,5.473885536193848,168700,0.0,0.0
2020-05-18 00:00:00-04:00,5.5770027406335005,5.637155462200247,5.559816307293986,5.6285624504089355,270200,0.0,0.0
2020-05-19 00:00:00-04:00,5.5684118698613,5.8090224388846305,5.559818445008979,5.731683254241943,117700,0.0,0.0
2020-05-20 00:00:00-04:00,5.7918339411288775,5.8519866687076725,5.740274635957168,5.757461071014404,90800,0.0,0.0
2020-05-21 00:00:00-04:00,5.791833757221818,5.894952774047852,5.791833757221818,5.894952774047852,78700,0.0,0.0
2020-05-22 00:00:00-04:00,5.9121393962864675,5.9121393962864675,5.6973087531925435,5.757461071014404,86200,0.0,0.0
2020-05-26 00:00:00-04:00,5.843393509539554,5.851986521974244,5.680122175711226,5.705901622772217,292300,0.0,0.0
2020-05-27 00:00:00-04:00,5.843394816438077,5.972292900085449,5.78324207691416,5.972292900085449,241900,0.0,0.0
2020-05-28 00:00:00-04:00,5.998070907102784,6.006663918800998,5.912138741336218,5.937918186187744,72600,0.0,0.0
2020-05-29 00:00:00-04:00,5.912139752615162,5.9636990608943865,5.826207572149787,5.8605804443359375,169600,0.0,0.0
2020-06-01 00:00:00-04:00,5.903546071279422,6.0496309765545915,5.869173200597846,5.998071670532227,116200,0.0,0.0
2020-06-02 00:00:00-04:00,5.748868873819679,5.817614623799951,5.619970387728172,5.7832417488098145,436800,0.0,0.0
2020-06-03 00:00:00-04:00,5.791834005457826,5.843393720959135,5.723088264465332,5.723088264465332,412500,0.0,0.0
2020-06-04 00:00:00-04:00,5.723088945078067,5.791834694246082,5.62856374485054,5.697309494018555,447900,0.0,0.0
2020-06-05 00:00:00-04:00,5.7746482569540785,5.834800992354585,5.637156758618048,5.697309494018555,558400,0.0,0.0
2020-06-08 00:00:00-04:00,5.791835370761975,5.860581537716879,5.766055916691291,5.83480167388916,195100,0.0,0.0
2020-06-09 00:00:00-04:00,5.869173935166562,5.929326671266331,5.843394483807368,5.9035468101501465,292600,0.0,0.0
2020-06-10 00:00:00-04:00,5.8957544171802425,5.930384366337888,5.774549595128482,5.8005218505859375,250200,0.051,0.0
2020-06-11 00:00:00-04:00,5.679318220499141,5.705290894229252,5.584085633917595,5.610058307647705,225000,0.0,0.0
2020-06-12 00:00:00-04:00,5.739919920549352,5.791864846770692,5.5927424231781,5.670660018920898,90200,0.0,0.0
2020-06-15 00:00:00-04:00,5.601399121207928,5.679316708837318,5.540796920004211,5.627371788024902,117800,0.0,0.0
2020-06-16 00:00:00-04:00,5.713947296142578,5.7485772472302274,5.670660063693807,5.713947296142578,144800,0.0,0.0
2020-06-17 00:00:00-04:00,5.7312620788859014,5.78320700376994,5.713947103924556,5.765892028808594,77300,0.0,0.0
2020-06-18 00:00:00-04:00,5.748577053847248,5.7918646976613966,5.739919772777358,5.765892028808594,96700,0.0,0.0
2020-06-19 00:00:00-04:00,5.748578240549955,5.791865893300153,5.722605979157159,5.774550914764404,86200,0.0,0.0
2020-06-22 00:00:00-04:00,5.826494777858742,5.843809753207234,5.696632256334266,5.73126220703125,141500,0.0,0.0
2020-06-23 00:00:00-04:00,5.757234334352573,5.757234334352573,5.7312616673646835,5.748576641082764,120900,0.0,0.0
2020-06-24 00:00:00-04:00,5.748578520310046,5.748578520310046,5.540798767769264,5.566771030426025,234700,0.0,0.0
2020-06-25 00:00:00-04:00,5.5581125327088055,5.618714740880876,5.384962363936188,5.454222679138184,706800,0.0,0.0
2020-06-26 00:00:00-04:00,5.4628802483127155,5.480195224819982,5.237785553718247,5.3070454597473145,470000,0.0,0.0
2020-06-29 00:00:00-04:00,5.289729973313655,5.462879721694804,5.289729973313655,5.4455647468566895,117400,0.0,0.0
2020-06-30 00:00:00-04:00,5.454223130894134,5.514825344085693,5.454223130894134,5.514825344085693,105300,0.0,0.0
2020-07-01 00:00:00-04:00,5.601400045937887,5.713947599355925,5.592742764117363,5.7052903175354,215000,0.0,0.0
2020-07-02 00:00:00-04:00,5.7052903175354,5.757235246923355,5.670660364610097,5.7052903175354,222300,0.0,0.0
2020-07-06 00:00:00-04:00,5.757234876464775,5.800522108425216,5.713947231682758,5.73126220703125,141300,0.0,0.0
2020-07-07 00:00:00-04:00,5.670660063693807,5.765892222774052,5.636030112606159,5.713947296142578,70300,0.0,0.0
2020-07-08 00:00:00-04:00,5.748577007408337,5.757234701229854,5.705289776765444,5.722604751586914,157200,0.0,0.0
2020-07-09 00:00:00-04:00,5.731262226435007,5.731262226435007,5.627372373992327,5.670660018920898,140000,0.0,0.0
2020-07-10 00:00:00-04:00,5.671532587541488,5.715159927716268,5.671532587541488,5.68898344039917,71800,0.051,0.0
2020-07-13 00:00:00-04:00,5.697708853896007,5.697708853896007,5.584278106689453,5.584278106689453,156700,0.0,0.0
2020-07-14 00:00:00-04:00,5.584277881849517,5.619179584806111,5.470847139210029,5.479572772979736,166600,0.0,0.0
2020-07-15 00:00:00-04:00,5.497024446911815,5.55810222819363,5.479573592822557,5.531926155090332,96300,0.0,0.0
2020-07-16 00:00:00-04:00,5.497024059295654,5.514474912154387,5.46212235357819,5.497024059295654,77200,0.0,0.0
2020-07-17 00:00:00-04:00,5.523200511932373,5.523200511932373,5.418495387550048,5.523200511932373,101800,0.0,0.0
2020-07-20 00:00:00-04:00,5.479573548773195,5.575553037461965,5.479573548773195,5.549376964569092,179800,0.0,0.0
2020-07-21 00:00:00-04:00,5.558101104894456,5.645355357706556,5.540650254332037,5.601728439331055,151400,0.0,0.0
2020-07-22 00:00:00-04:00,5.575551945641397,5.6017284294694925,5.575551945641397,5.593002796173096,84700,0.0,0.0
2020-07-23 00:00:00-04:00,5.593003794013735,5.593003794013735,5.5581020867235695,5.575552940368652,119300,0.0,0.0
2020-07-24 00:00:00-04:00,5.531925109061896,5.575552028005064,5.531925109061896,5.558101177215576,70900,0.0,0.0
2020-07-27 00:00:00-04:00,5.549375959851384,5.575552028005064,5.549375959851384,5.558101177215576,72500,0.0,0.0
2020-07-28 00:00:00-04:00,5.523199475636601,5.601728512219847,5.514474258272409,5.558101177215576,164400,0.0,0.0
2020-07-29 00:00:00-04:00,5.5755519048438416,5.6104536056518555,5.566826687672385,5.6104536056518555,57600,0.0,0.0
2020-07-30 00:00:00-04:00,5.627905898729394,5.627905898729394,5.584278969566471,5.619180679321289,128600,0.0,0.0
2020-07-31 00:00:00-04:00,5.619179641297023,5.654081344604492,5.5842779379895555,5.654081344604492,107200,0.0,0.0
2020-08-03 00:00:00-04:00,5.671533115643628,5.6977096053981375,5.662807480371728,5.680258750915527,177500,0.0,0.0
2020-08-04 00:00:00-04:00,5.715159893035889,5.784963304043039,5.697709040284101,5.715159893035889,172000,0.0,0.0
2020-08-05 00:00:00-04:00,5.7413368685317225,5.767513359813406,5.715160793311254,5.723886013031006,229700,0.0,0.0
2020-08-06 00:00:00-04:00,5.7238858085857425,5.7413366634631515,5.619180679321289,5.619180679321289,171000,0.0,0.0
2020-08-07 00:00:00-04:00,5.619179641297023,5.715159533423123,5.619179641297023,5.654081344604492,139300,0.0,0.0
2020-08-10 00:00:00-04:00,5.671532121553601,5.697708606719971,5.619179567281979,5.697708606719971,141800,0.0,0.0
2020-08-11 00:00:00-04:00,5.706434824608848,5.732611314363357,5.680258750915527,5.680258750915527,106100,0.0,0.0
2020-08-12 00:00:00-04:00,5.716314061862167,5.725108592474332,5.672342247493937,5.70751953125,133800,0.051,0.0
2020-08-13 00:00:00-04:00,5.672342247493937,5.733902703740198,5.672342247493937,5.70751953125,94800,0.0,0.0
2020-08-14 00:00:00-04:00,5.725108592474332,5.742697234352364,5.6899308893719684,5.70751953125,125800,0.0,0.0
2020-08-17 00:00:00-04:00,5.716314343121863,5.777874802397082,5.698725700378418,5.698725700378418,145800,0.0,0.0
2020-08-18 00:00:00-04:00,5.698726119973556,5.751492052089028,5.698726119973556,5.733903408050537,71200,0.0,0.0
2020-08-19 00:00:00-04:00,5.716314343121863,5.742697516910191,5.698725700378418,5.698725700378418,108000,0.0,0.0
2020-08-20 00:00:00-04:00,5.663548162565932,5.71631408844541,5.637164989953042,5.6899309158325195,142900,0.0,0.0
2020-08-21 00:00:00-04:00,5.6811368045257575,5.698725446485584,5.637164989953042,5.6899309158325195,225400,0.0,0.0
2020-08-24 00:00:00-04:00,5.672342526590089,5.698725700378418,5.672342526590089,5.698725700378418,88700,0.0,0.0
2020-08-25 00:00:00-04:00,5.6899308893719684,5.716314061862167,5.6899308893719684,5.70751953125,106200,0.0,0.0
2020-08-26 00:00:00-04:00,5.6811368578581245,5.698725499983066,5.584399116497792,5.654753684997559,261600,0.0,0.0
2020-08-27 00:00:00-04:00,5.663548098074547,5.6811367398340895,5.584399000483457,5.593193531036377,171300,0.0,0.0
2020-08-28 00:00:00-04:00,5.610782595623477,5.654753993662861,5.575605309453438,5.628371238708496,316100,0.0,0.0
2020-08-31 00:00:00-04:00,5.65475492111198,5.65475492111198,5.610783515860747,5.645960807800293,115000,0.0,0.0
2020-09-01 00:00:00-04:00,5.645959772148082,5.698725700378418,5.628371129404637,5.698725700378418,116500,0.0,0.0
2020-09-02 00:00:00-04:00,5.698725446485584,5.760285903018127,5.6811368045257575,5.6899309158325195,288800,0.0,0.0
2020-09-03 00:00:00-04:00,5.663548269566064,5.689931023331095,5.593193700397567,5.619576454162598,186400,0.0,0.0
2020-09-04 00:00:00-04:00,5.584399169578349,5.654753738746846,5.540427773521194,5.619576454162598,121100,0.0,0.0
2020-09-08 00:00:00-04:00,5.540428105762341,5.601988147803172,5.4876617563754335,5.575605392456055,173200,0.0,0.0
2020-09-09 00:00:00-04:00,5.566810527286225,5.6283709849818155,5.531633242701976,5.619576454162598,154700,0.0,0.0
2020-09-10 00:00:00-04:00,5.593867458793784,5.638193043963604,5.593867458793784,5.620462894439697,78400,0.051,0.0
2020-09-11 00:00:00-04:00,5.602733710214291,5.647058880300813,5.585003557635646,5.629328727722168,96800,0.0,0.0
2020-09-14 00:00:00-04:00,5.6293283203224975,5.673653909921318,5.6293283203224975,5.638193607330322,117700,0.0,0.0
2020-09-15 00:00:00-04:00,5.620463285982444,5.655923587500555,5.593867848483791,5.602733135223389,120100,0.0,0.0
2020-09-16 00:00:00-04:00,5.638194015371582,5.655924167950227,5.585003557635646,5.629328727722168,83200,0.0,0.0
2020-09-17 00:00:00-04:00,5.629328150001903,5.647058300760959,5.5850029844643325,5.602733135223389,71900,0.0,0.0
2020-09-18 00:00:00-04:00,5.602733065407202,5.62046321594532,5.585002914869084,5.593867778778076,69000,0.0,0.0
2020-09-21 00:00:00-04:00,5.54067858262702,5.56727402582053,5.505218273515825,5.558408737182617,175300,0.0,0.0
2020-09-22 00:00:00-04:00,5.54067850112915,5.593868964013564,5.531813212621636,5.54067850112915,76200,0.0,0.0
2020-09-23 00:00:00-04:00,5.5584084213556215,5.576138574903797,5.496352672576904,5.496352672576904,90700,0.0,0.0
2020-09-24 00:00:00-04:00,5.46975796440463,5.593869046293812,5.381107191626644,5.558408737182617,129100,0.0,0.0
2020-09-25 00:00:00-04:00,5.558407715140506,5.647058471617996,5.540677563845008,5.638193607330322,108400,0.0,0.0
2020-09-28 00:00:00-04:00,5.62046321594532,5.655923517021558,5.585002914869084,5.593867778778076,139100,0.0,0.0
2020-09-29 00:00:00-04:00,5.558407798437129,5.655923843383789,5.540677646875932,5.655923843383789,175500,0.0,0.0
2020-09-30 00:00:00-04:00,5.620463707140211,5.771170211245132,5.593868267648685,5.691384315490723,592100,0.0,0.0
2020-10-01 00:00:00-04:00,5.753439721055079,5.753439721055079,5.682519111661515,5.7091145515441895,209700,0.0,0.0
2020-10-02 00:00:00-04:00,5.620463501978956,5.771170000582705,5.620463501978956,5.753439426422119,103000,0.0,0.0
2020-10-05 00:00:00-04:00,5.753439341547529,5.788900066625432,5.717979039189775,5.735709190368652,121200,0.0,0.0
2020-10-06 00:00:00-04:00,5.7002494301283075,5.7800353293813,5.7002494301283075,5.744575023651123,86600,0.0,0.0
2020-10-07 00:00:00-04:00,5.762305176516212,5.7800353293813,5.709114717920946,5.744575023651123,92500,0.0,0.0
2020-10-08 00:00:00-04:00,5.717979416358297,5.771170296123646,5.673654246847407,5.7091145515441895,131900,0.0,0.0
2020-10-09 00:00:00-04:00,5.727880005624641,5.763623373359073,5.683201009003878,5.701072692871094,116200,0.051,0.0
2020-10-12 00:00:00-04:00,5.692136809902336,5.718944549560547,5.683201180745977,5.718944549560547,124100,0.0,0.0
2020-10-13 00:00:00-04:00,5.701072472132847,5.710008100673202,5.647457422607106,5.656393051147461,59000,0.0,0.0
2020-10-14 00:00:00-04:00,5.66532923662297,5.7010726037989565,5.584906447429726,5.620649814605713,177600,0.0,0.0
2020-10-15 00:00:00-04:00,5.629583897723032,5.629583897723032,5.531289459368763,5.567032814025879,112200,0.0,0.0
2020-10-16 00:00:00-04:00,5.567034069205925,5.6117134856482345,5.5491623878479,5.5491623878479,132900,0.0,0.0
2020-10-19 00:00:00-04:00,5.549162337655528,5.55809796520647,5.522354602813721,5.522354602813721,93800,0.0,0.0
2020-10-20 00:00:00-04:00,5.522354602813721,5.575969646402846,5.504482921617346,5.522354602813721,155300,0.0,0.0
2020-10-21 00:00:00-04:00,5.522355816652656,5.647458038619807,5.522355816652656,5.59384298324585,187800,0.0,0.0
2020-10-22 00:00:00-04:00,5.567032814025879,5.620647846011554,5.549161136697321,5.567032814025879,65700,0.0,0.0
2020-10-23 00:00:00-04:00,5.531290706489876,5.558098015479666,5.5223546527636165,5.5491623878479,100600,0.0,0.0
2020-10-26 00:00:00-04:00,5.522355868623534,5.549163609610092,5.477676868438721,5.477676868438721,133700,0.0,0.0
2020-10-27 00:00:00-04:00,5.495547468144223,5.5670341951941476,5.495547468144223,5.540226459503174,189800,0.0,0.0
2020-10-28 00:00:00-04:00,5.513419151306152,5.53129083307317,5.477675787772117,5.513419151306152,155100,0.0,0.0
2020-10-29 00:00:00-04:00,5.477675613418535,5.531290657013028,5.4687395597722075,5.495547294616699,109700,0.0,0.0
2020-10-30 00:00:00-04:00,5.5134202390244065,5.522355868623534,5.468740812745005,5.477676868438721,139500,0.0,0.0
2020-11-02 00:00:00-05:00,5.522355868623534,5.522355868623534,5.468740812745005,5.477676868438721,152600,0.0,0.0
2020-11-03 00:00:00-05:00,5.504482971405591,5.5491623878479,5.495547343773826,5.5491623878479,203300,0.0,0.0
2020-11-04 00:00:00-05:00,5.558096762314401,5.638519523340112,5.531289459368763,5.567032814025879,197100,0.0,0.0
2020-11-05 00:00:00-05:00,5.602778218554129,5.701072692871094,5.593842589667799,5.701072692871094,195700,0.0,0.0
2020-11-06 00:00:00-05:00,5.710007492122603,5.710007492122603,5.584905723228737,5.692135810852051,184300,0.0,0.0
2020-11-09 00:00:00-05:00,5.727879741973245,5.808302528721175,5.674264692839471,5.799366474151611,288100,0.0,0.0
2020-11-10 00:00:00-05:00,5.728214287833937,5.8543069322777175,5.728214287833937,5.836293697357178,278900,0.051,0.0
2020-11-11 00:00:00-05:00,5.827287016616647,5.899340387640912,5.782254142879565,5.881327152252197,234900,0.0,0.0
2020-11-12 00:00:00-05:00,5.845299611508921,5.97139267488273,5.764240275876457,5.800266742706299,229000,0.0,0.0
2020-11-13 00:00:00-05:00,5.7912603793011055,5.845300083913239,5.746227506859025,5.764240741729736,158700,0.0,0.0
2020-11-16 00:00:00-05:00,5.782253530922206,5.87231969833374,5.782253530922206,5.87231969833374,169100,0.0,0.0
2020-11-17 00:00:00-05:00,5.836294082863643,5.908347027305138,5.818280846753269,5.863314151763916,126700,0.0,0.0
2020-11-18 00:00:00-05:00,5.872320403807905,5.935366943304787,5.8182806968688965,5.8182806968688965,84900,0.0,0.0
2020-11-19 00:00:00-05:00,5.809273781227932,5.899340387640912,5.809273781227932,5.881327152252197,87200,0.0,0.0
2020-11-20 00:00:00-05:00,5.92635886034463,5.989405386539328,5.908345628498905,5.9713921546936035,117800,0.0,0.0
2020-11-23 00:00:00-05:00,5.989405344788652,6.115497966829765,5.971392113068494,6.106491565704346,182900,0.0,0.0
2020-11-24 00:00:00-05:00,6.12450577125303,6.259604815901018,6.0974857046418,6.1785454750061035,259400,0.0,0.0
2020-11-25 00:00:00-05:00,6.178545320178185,6.187551722509978,6.0704654859110185,6.133512020111084,167700,0.0,0.0
2020-11-27 00:00:00-05:00,6.169537661990241,6.295630284031353,5.980398514193913,6.106491565704346,161800,0.0,0.0
2020-11-30 00:00:00-05:00,6.061459803450836,6.250598999044219,6.061459803450836,6.223578929901123,108000,0.0,0.0
2020-12-01 00:00:00-05:00,6.304638125866902,6.304638125866902,6.178545483600994,6.214571952819824,114500,0.0,0.0
2020-12-02 00:00:00-05:00,6.151525282474099,6.367684522531032,6.151525282474099,6.241591453552246,114100,0.0,0.0
2020-12-03 00:00:00-05:00,6.223578355389837,6.286624891257486,6.196558718210409,6.214571952819824,155700,0.0,0.0
2020-12-04 00:00:00-05:00,6.241592166173378,6.349672013276332,6.169539221084361,6.223578929901123,150900,0.0,0.0
2020-12-07 00:00:00-05:00,6.223578929901123,6.250598999044219,6.196559290227457,6.223578929901123,234100,0.0,0.0
2020-12-08 00:00:00-05:00,6.26861214925946,6.340665093359316,6.259605316512266,6.286625385284424,158000,0.0,0.0
2020-12-09 00:00:00-05:00,6.331658927987139,6.331658927987139,6.2235790783069405,6.268612384796143,143100,0.0,0.0
2020-12-10 00:00:00-05:00,6.215080184734539,6.2876649945926415,6.215080184734539,6.278592109680176,112600,0.051,0.0
2020-12-11 00:00:00-05:00,6.26951895677549,6.305811362657637,6.2332265508933435,6.260446071624756,189900,0.0,0.0
2020-12-14 00:00:00-05:00,6.305810461548014,6.305810461548014,6.233225660156196,6.25137186050415,144500,0.0,0.0
2020-12-15 00:00:00-05:00,6.251373208235208,6.342104229535646,6.242300322424983,6.314885139465332,182600,0.0,0.0
2020-12-16 00:00:00-05:00,6.351176798672115,6.405615405029697,6.314884394433727,6.342103481292725,178200,0.0,0.0
2020-12-17 00:00:00-05:00,6.3602506995163495,6.387469788872322,6.323957859309011,6.333031177520752,42300,0.0,0.0
2020-12-18 00:00:00-05:00,6.378396439554863,6.396542642019389,6.233226387199065,6.278592109680176,172700,0.0,0.0
2020-12-21 00:00:00-05:00,6.224153665742609,6.342103768539783,6.224153665742609,6.260446071624756,216700,0.0,0.0
2020-12-22 00:00:00-05:00,6.2332258224487305,6.269518224089573,6.196933420807888,6.2332258224487305,140900,0.0,0.0
2020-12-23 00:00:00-05:00,6.260446071624756,6.278592274565829,6.21508034795227,6.260446071624756,171700,0.0,0.0
2020-12-24 00:00:00-05:00,6.28766520211844,6.305811405181885,6.25137279599155,6.305811405181885,81000,0.0,0.0
2020-12-28 00:00:00-05:00,6.278592109680176,6.305811197057167,6.278592109680176,6.278592109680176,114000,0.0,0.0
2020-12-29 00:00:00-05:00,6.287664424909995,6.296737741639983,6.215079621628309,6.2332258224487305,242800,0.0,0.0
2020-12-30 00:00:00-05:00,6.251372753834416,6.287665159716563,6.2332265508933435,6.260446071624756,158300,0.0,0.0
2020-12-31 00:00:00-05:00,6.25137201187744,6.287664413452148,6.25137201187744,6.287664413452148,207600,0.0,0.0
2021-01-04 00:00:00-05:00,6.342103662787859,6.342103662787859,6.224153561957453,6.269518852233887,99900,0.0,0.0
2021-01-05 00:00:00-05:00,6.287664354270385,6.342102956120051,6.278591470281882,6.2967376708984375,94900,0.0,0.0
2021-01-06 00:00:00-05:00,6.278591470281882,6.323956755503496,6.260445269665326,6.2967376708984375,102200,0.0,0.0
2021-01-07 00:00:00-05:00,6.33303013174031,6.33303013174031,6.24229912780354,6.287664413452148,194100,0.0,0.0
2021-01-08 00:00:00-05:00,6.287664089856077,6.351176005662937,6.287664089856077,6.323956489562988,107400,0.0,0.0
2021-01-11 00:00:00-05:00,6.305811405181885,6.333030926096857,6.2241537077161855,6.305811405181885,181700,0.0,0.0
2021-01-12 00:00:00-05:00,6.278591960800655,6.305811047532221,6.151568546560986,6.242299556732178,276600,0.0,0.0
2021-01-13 00:00:00-05:00,6.243213133944305,6.288917650925653,6.224931414325883,6.279776573181152,92400,0.051,0.0
2021-01-14 00:00:00-05:00,6.279777359478593,6.2889184383676575,6.188368749941111,6.2249321937561035,228000,0.0,0.0
2021-01-15 00:00:00-05:00,6.215790489617982,6.279776287435661,6.215790489617982,6.234072208404541,101200,0.0,0.0
2021-01-19 00:00:00-05:00,6.234072167525041,6.316339683589817,6.234072167525041,6.270635604858398,191600,0.0,0.0
2021-01-20 00:00:00-05:00,6.270635780422187,6.371185017968794,6.270635780422187,6.325480937957764,109800,0.0,0.0
2021-01-21 00:00:00-05:00,6.325480311856969,6.389466104713164,6.25235344238102,6.334620952606201,138400,0.0,0.0
2021-01-22 00:00:00-05:00,6.325480937957764,6.343762657136289,6.270635780422187,6.325480937957764,133200,0.0,0.0
2021-01-25 00:00:00-05:00,6.3163400769601346,6.362044594408502,6.3071994349928096,6.3437628746032715,115800,0.0,0.0
2021-01-26 00:00:00-05:00,6.371184976005397,6.39860777252785,6.334621537889168,6.362044334411621,134100,0.0,0.0
2021-01-27 00:00:00-05:00,6.362044921233519,6.380326641977901,6.279776959948496,6.352903842926025,120300,0.0,0.0
2021-01-28 00:00:00-05:00,6.380325463963932,6.380325463963932,6.316339235237214,6.334620952606201,76300,0.0,0.0
2021-01-29 00:00:00-05:00,6.343762029225957,6.371184387344177,6.316339235237214,6.334620952606201,94800,0.0,0.0
2021-02-01 00:00:00-05:00,6.3803260534697355,6.39860777252785,6.362044334411621,6.362044334411621,206400,0.0,0.0
2021-02-02 00:00:00-05:00,6.3894675132165375,6.499158277481374,6.3894675132165375,6.47173547744751,167600,0.0,0.0
2021-02-03 00:00:00-05:00,6.480876984761422,6.508299350738525,6.453454182913671,6.508299350738525,190900,0.0,0.0
2021-02-04 00:00:00-05:00,6.508299350738525,6.535722152586277,6.499158707369707,6.508299350738525,151600,0.0,0.0
2021-02-05 00:00:00-05:00,6.599707414906049,6.599707414906049,6.453453646203168,6.480876445770264,182600,0.0,0.0
2021-02-08 00:00:00-05:00,6.490016634093514,6.572284591165634,6.490016634093514,6.544861793518066,109100,0.0,0.0
2021-02-09 00:00:00-05:00,6.499157346527878,6.581424863104052,6.499157346527878,6.57228422164917,116500,0.0,0.0
2021-02-10 00:00:00-05:00,6.600825132772306,6.600825132772306,6.517969447579265,6.573206424713135,129400,0.051,0.0
2021-02-11 00:00:00-05:00,6.582411708110303,6.619236353384913,6.536380682024841,6.545587062835693,145300,0.0,0.0
2021-02-12 00:00:00-05:00,6.545587626262737,6.573205893103803,6.499556596215045,6.536381244659424,122300,0.0,0.0
2021-02-16 00:00:00-05:00,6.517968151408712,6.5732051175580954,6.490349887826212,6.563999176025391,189300,0.0,0.0
2021-02-17 00:00:00-05:00,6.554793353226295,6.711298323458049,6.490350440061047,6.683680057525635,422500,0.0,0.0
2021-02-18 00:00:00-05:00,6.6652676246745095,6.711298655485049,6.490350761157127,6.610030651092529,156500,0.0,0.0
2021-02-19 00:00:00-05:00,6.6284422326036605,6.729710225644529,6.600823968400765,6.720504283905029,191400,0.0,0.0
2021-02-22 00:00:00-05:00,6.6836793978390325,6.775741006834533,6.610029671658253,6.656060695648193,145800,0.0,0.0
2021-02-23 00:00:00-05:00,6.656060450809896,6.665266391878623,6.481143180660459,6.591617107391357,118100,0.0,0.0
2021-02-24 00:00:00-05:00,6.600823968400765,6.803359515498109,6.600823968400765,6.720504283905029,133300,0.0,0.0
2021-02-25 00:00:00-05:00,6.674473841217881,6.987483789418979,6.56399989678847,6.794154167175293,1068500,0.0,0.0
2021-02-26 00:00:00-05:00,6.757329351991302,6.757329351991302,6.628442647691963,6.683680057525635,166100,0.0,0.0
2021-03-01 00:00:00-05:00,6.784947737266807,6.849391090549997,6.628442764282227,6.628442764282227,234000,0.0,0.0
2021-03-02 00:00:00-05:00,6.646854433025126,6.775741126886815,6.646854433025126,6.729710102081299,72800,0.0,0.0
2021-03-03 00:00:00-05:00,6.702091693878174,6.821771565620137,6.665266611437135,6.702091693878174,167000,0.0,0.0
2021-03-04 00:00:00-05:00,6.665267294924796,6.748122970690883,6.628442647691963,6.683680057525635,110700,0.0,0.0
2021-03-05 00:00:00-05:00,6.748123293525459,6.757329675266317,6.6652676137955025,6.738917350769043,133900,0.0,0.0
2021-03-08 00:00:00-05:00,6.784947041845643,6.82177168595187,6.738916456205054,6.775741100311279,112500,0.0,0.0
2021-03-09 00:00:00-05:00,6.784947942520007,6.81256664875814,6.738917350769043,6.738917350769043,89200,0.0,0.0
2021-03-10 00:00:00-05:00,6.795468226036325,6.795468226036325,6.712031229635893,6.7305731773376465,141000,0.051,0.0
2021-03-11 00:00:00-05:00,6.786197044283109,6.814009079043236,6.721301559735609,6.749114036560059,104800,0.0,0.0
2021-03-12 00:00:00-05:00,6.739842891693115,6.795467401858952,6.712030415578041,6.739842891693115,85400,0.0,0.0
2021-03-15 00:00:00-04:00,6.721301837980454,6.851092370384131,6.721301837980454,6.823280334472656,96900,0.0,0.0
2021-03-16 00:00:00-04:00,6.860363716799369,6.8789052224367575,6.712031229635893,6.7305731773376465,131700,0.0,0.0
2021-03-17 00:00:00-04:00,6.721302509307861,6.767656496542635,6.702761002826829,6.721302509307861,101200,0.0,0.0
2021-03-18 00:00:00-04:00,6.721302030315881,6.721302030315881,6.637865036065159,6.6934895515441895,86800,0.0,0.0
2021-03-19 00:00:00-04:00,6.6934898916285235,6.76765635809985,6.6378653733233115,6.656406879425049,96700,0.0,0.0
2021-03-22 00:00:00-04:00,6.656407015592055,6.906717574118187,6.656407015592055,6.721302509307861,189600,0.0,0.0
2021-03-23 00:00:00-04:00,6.721302371813318,6.721302371813318,6.656406879425049,6.656406879425049,110800,0.0,0.0
2021-03-24 00:00:00-04:00,6.712030919653861,6.7769264074198325,6.656406405310603,6.684218883514404,55000,0.0,0.0
2021-03-25 00:00:00-04:00,6.656406879425049,6.712031397730262,6.656406879425049,6.656406879425049,64800,0.0,0.0
2021-03-26 00:00:00-04:00,6.656406573797452,6.749114542113848,6.58224055279582,6.665677547454834,108600,0.0,0.0
2021-03-29 00:00:00-04:00,6.7213009059906295,6.7213009059906295,6.637863925697073,6.712029933929443,86100,0.0,0.0
2021-03-30 00:00:00-04:00,6.758386132761761,6.823281632339643,6.693490633183879,6.786198616027832,142900,0.0,0.0
2021-03-31 00:00:00-04:00,6.804738826888835,6.841821836130927,6.795467853546143,6.795467853546143,94500,0.0,0.0
2021-04-01 00:00:00-04:00,6.851093673541289,6.851093673541289,6.767657107871926,6.786198616027832,91200,0.0,0.0
2021-04-05 00:00:00-04:00,6.786197493324672,6.8140095299251175,6.767655988236259,6.804738998413086,180500,0.0,0.0
2021-04-06 00:00:00-04:00,6.841821666881441,6.860363171043816,6.776926181280962,6.814009189605713,73100,0.0,0.0
2021-04-07 00:00:00-04:00,6.795467658268666,6.87890464769786,6.795467658268666,6.869633674621582,91700,0.0,0.0
2021-04-08 00:00:00-04:00,6.869633929575112,7.082861455535447,6.869633929575112,7.055049419403076,221100,0.0,0.0
2021-04-09 00:00:00-04:00,7.027982624878586,7.027982624878586,6.953315771049197,7.018649101257324,166900,0.051,0.0
2021-04-12 00:00:00-04:00,7.009315986205617,7.009315986205617,6.953315734863281,6.953315734863281,83100,0.0,0.0
2021-04-13 00:00:00-04:00,6.953315202139355,6.962648724996962,6.9346486014710065,6.943982124328613,84400,0.0,0.0
2021-04-14 00:00:00-04:00,6.98131532566531,6.98131532566531,6.925315523660265,6.943982124328613,76800,0.0,0.0
2021-04-15 00:00:00-04:00,6.925316388492008,6.953316070467691,6.906649785492578,6.934649467468262,101000,0.0,0.0
2021-04-16 00:00:00-04:00,6.925316333770752,6.943982936622685,6.915982809821327,6.925316333770752,75800,0.0,0.0
2021-04-19 00:00:00-04:00,6.943982936622685,6.943982936622685,6.9066497309188195,6.925316333770752,52300,0.0,0.0
2021-04-20 00:00:00-04:00,6.925315961919271,6.94398256376891,6.822649429222813,6.8786492347717285,182200,0.0,0.0
2021-04-21 00:00:00-04:00,6.906649160775056,6.906649160775056,6.831982755531036,6.850649356842041,135900,0.0,0.0
2021-04-22 00:00:00-04:00,6.850649554520717,6.887982758219994,6.841316031072451,6.8786492347717285,80400,0.0,0.0
2021-04-23 00:00:00-04:00,6.897315836621367,6.953315642170282,6.85998263292209,6.8786492347717285,126100,0.0,0.0
2021-04-26 00:00:00-04:00,6.915982809821327,6.953316015525193,6.850649922363022,6.925316333770752,101700,0.0,0.0
2021-04-27 00:00:00-04:00,6.953315928472553,6.962649452305126,6.906649644450423,6.915982723236084,70400,0.0,0.0
2021-04-28 00:00:00-04:00,6.925316281497027,7.037315897763226,6.925316281497027,6.981316089630127,129200,0.0,0.0
2021-04-29 00:00:00-04:00,7.0186493501374,7.046649476947163,6.962649541564791,6.990649223327637,108400,0.0,0.0
2021-04-30 00:00:00-04:00,7.027982766726769,7.046649369299145,6.999982640344749,7.037315845489502,148800,0.0,0.0
2021-05-03 00:00:00-04:00,7.093315021872717,7.2333147512284475,7.04664874211872,7.139981746673584,132500,0.0,0.0
2021-05-04 00:00:00-04:00,7.177315622539591,7.233315430531626,7.04664940389151,7.102649211883545,162300,0.0,0.0
2021-05-05 00:00:00-04:00,7.130649316399428,7.195982652122986,7.09331610885652,7.158649444580078,72600,0.0,0.0
2021-05-06 00:00:00-04:00,7.139982840808624,7.233315859665893,7.130649316399428,7.158649444580078,104800,0.0,0.0
2021-05-07 00:00:00-04:00,7.18664893205219,7.214649059470517,7.046649630101337,7.195982456207275,133200,0.0,0.0
2021-05-10 00:00:00-04:00,7.214648302333942,7.2239813804626465,7.1959817010296545,7.2239813804626465,90500,0.0,0.0
2021-05-11 00:00:00-04:00,7.186649322509766,7.2333160557267835,7.130649509677515,7.186649322509766,111700,0.0,0.0
2021-05-12 00:00:00-04:00,7.178192778479412,7.2157749044389154,6.81176682636711,6.905722141265869,302400,0.051,0.0
2021-05-13 00:00:00-04:00,6.905722137910483,7.065446397167906,6.905722137910483,7.037259578704834,122200,0.0,0.0
2021-05-14 00:00:00-04:00,6.999677278144122,7.18758835117684,6.999677278144122,7.0748419761657715,97000,0.0,0.0
2021-05-17 00:00:00-04:00,7.121819565549896,7.121819565549896,6.980886369669358,7.065446376800537,143300,0.0,0.0
2021-05-18 00:00:00-04:00,7.131214892568843,7.206379139718755,7.121819137667977,7.168797016143799,62200,0.0,0.0
2021-05-19 00:00:00-04:00,7.112424850463867,7.159402287660421,6.980886951079158,7.112424850463867,88500,0.0,0.0
2021-05-20 00:00:00-04:00,7.168798237302223,7.215775675766095,7.103029285835609,7.206380367279053,69900,0.0,0.0
2021-05-21 00:00:00-04:00,7.215774877148185,7.225170632609665,7.140610625513455,7.196983814239502,53700,0.0,0.0
2021-05-24 00:00:00-04:00,7.196983384817889,7.2157744466053675,7.159401261242933,7.168797016143799,91300,0.0,0.0
2021-05-25 00:00:00-04:00,7.225169859834843,7.225169859834843,7.168796677138243,7.187587738037109,47600,0.0,0.0
2021-05-26 00:00:00-04:00,7.1875887127937395,7.225170839688235,7.159401893615723,7.159401893615723,60500,0.0,0.0
2021-05-27 00:00:00-04:00,7.20637950077848,7.272147996322713,7.150006312591592,7.25335693359375,84100,0.0,0.0
2021-05-28 00:00:00-04:00,7.253357388657634,7.281544208526611,7.215775260841867,7.281544208526611,47100,0.0,0.0
2021-06-01 00:00:00-04:00,7.281544403289314,7.375499725341797,7.234566518255916,7.375499725341797,186200,0.0,0.0
2021-06-02 00:00:00-04:00,7.403685774042012,7.403685774042012,7.3473125866881,7.366103649139404,98500,0.0,0.0
2021-06-03 00:00:00-04:00,7.356707893906619,7.403685774042012,7.3097304617854935,7.366103649139404,103500,0.0,0.0
2021-06-04 00:00:00-04:00,7.366104011597387,7.375499319278212,7.309730821469565,7.319126129150391,101100,0.0,0.0
2021-06-07 00:00:00-04:00,7.3003349509519415,7.309730706499277,7.262752824791167,7.272148132324219,92400,0.0,0.0
2021-06-08 00:00:00-04:00,7.347312655037376,7.347312655037376,7.225170523960525,7.309730529785156,104800,0.0,0.0
2021-06-09 00:00:00-04:00,7.328521591481761,7.507036462400028,7.309730528858034,7.441267967224121,261700,0.0,0.0
2021-06-10 00:00:00-04:00,7.423301576286758,7.555691543444484,7.423301576286758,7.461127281188965,95500,0.051,0.0
2021-06-11 00:00:00-04:00,7.4516699962482535,7.4516699962482535,7.347649097442627,7.347649097442627,82500,0.0,0.0
2021-06-14 00:00:00-04:00,7.38547553167158,7.432757886083458,7.234172719022292,7.262541770935059,84700,0.0,0.0
2021-06-15 00:00:00-04:00,7.328736732868605,7.338193383803238,7.1206953724039685,7.186890125274658,161400,0.0,0.0
2021-06-16 00:00:00-04:00,7.205802571382825,7.319279670715332,7.205802571382825,7.319279670715332,50200,0.0,0.0
2021-06-17 00:00:00-04:00,7.3287363211186625,7.376018671299495,7.234172071674907,7.319279670715332,104700,0.0,0.0
2021-06-18 00:00:00-04:00,7.271998120729435,7.281454320669041,7.205802917480469,7.205802917480469,100600,0.0,0.0
2021-06-21 00:00:00-04:00,7.215259440877162,7.271997992266279,7.082869036717966,7.092325687408447,158800,0.0,0.0
2021-06-22 00:00:00-04:00,7.082868617578452,7.111238117053163,7.045042918890767,7.0734124183654785,112200,0.0,0.0
2021-06-23 00:00:00-04:00,7.082868545024774,7.130150893358989,7.035586647608451,7.101781845092773,125700,0.0,0.0
2021-06-24 00:00:00-04:00,7.205803024605976,7.451670539541972,7.14906447137104,7.328736782073975,540700,0.0,0.0
2021-06-25 00:00:00-04:00,7.328736174932231,7.376018524169922,7.3098233254207345,7.376018524169922,103500,0.0,0.0
2021-06-28 00:00:00-04:00,7.42330091881364,7.42330091881364,7.309823814157552,7.366562366485596,75700,0.0,0.0
2021-06-29 00:00:00-04:00,7.366561871200179,7.385474720704601,7.186889575449211,7.215259075164795,114100,0.0,0.0
2021-06-30 00:00:00-04:00,7.262541031292569,7.2909105312340365,7.186889632672528,7.196346282958984,97200,0.0,0.0
2021-07-01 00:00:00-04:00,7.300366133452482,7.319278981560473,7.234171390533447,7.234171390533447,66400,0.0,0.0
2021-07-02 00:00:00-04:00,7.2909105326993195,7.404387630652188,7.253084833381696,7.357105731964111,84300,0.0,0.0
2021-07-06 00:00:00-04:00,7.366562603197339,7.376019254348185,7.2530854948948615,7.2909111976623535,95300,0.0,0.0
2021-07-07 00:00:00-04:00,7.338192971521993,7.404387720673667,7.28145397093783,7.319279670715332,96500,0.0,0.0
2021-07-08 00:00:00-04:00,7.338193315780539,7.413844718884597,7.309823814157552,7.366562366485596,90300,0.0,0.0
2021-07-09 00:00:00-04:00,7.367513548857972,7.405588972982646,7.243770122538211,7.2818450927734375,108400,0.051,0.0
2021-07-12 00:00:00-04:00,7.32943892749269,7.32943892749269,7.23425149737385,7.272326469421387,88400,0.0,0.0
2021-07-13 00:00:00-04:00,7.243770361569791,7.357995276044689,7.224732875823975,7.224732875823975,78100,0.0,0.0
2021-07-14 00:00:00-04:00,7.224733348921595,7.300883296891392,7.186658374936697,7.262808322906494,68500,0.0,0.0
2021-07-15 00:00:00-04:00,7.272326363243784,7.348476306227049,7.215213906006335,7.224732875823975,67100,0.0,0.0
2021-07-16 00:00:00-04:00,7.224733222746653,7.234251739131897,7.215214252471924,7.215214252471924,38200,0.0,0.0
2021-07-19 00:00:00-04:00,7.186658493426705,7.19617701013512,7.091470603005557,7.158102035522461,217000,0.0,0.0
2021-07-20 00:00:00-04:00,7.205695629119873,7.2152141453638166,7.148583169987775,7.205695629119873,43400,0.0,0.0
2021-07-21 00:00:00-04:00,7.205695742293241,7.215214258686683,7.139064311981201,7.139064311981201,42300,0.0,0.0
2021-07-22 00:00:00-04:00,7.1390643088903065,7.224733225841625,7.120026822222178,7.1771392822265625,26000,0.0,0.0
2021-07-23 00:00:00-04:00,7.186658489065184,7.196177005767822,7.129545573291356,7.196177005767822,51300,0.0,0.0
2021-07-26 00:00:00-04:00,7.167620421085706,7.18665790683816,7.139063965512293,7.148582935333252,55300,0.0,0.0
2021-07-27 00:00:00-04:00,7.177139172609085,7.272326604495914,7.158101686231719,7.205695629119873,36700,0.0,0.0
2021-07-28 00:00:00-04:00,7.253288638142145,7.310401093494905,7.196176182789386,7.243770122528076,78200,0.0,0.0
2021-07-29 00:00:00-04:00,7.23425138806668,7.500776642261791,7.23425138806668,7.338957786560059,204300,0.0,0.0
2021-07-30 00:00:00-04:00,7.329438578642938,7.415107488617156,7.281845092793498,7.35799503326416,67100,0.0,0.0
2021-08-02 00:00:00-04:00,7.348476298854471,7.548370125929725,7.338957782935844,7.453182697296143,254800,0.0,0.0
2021-08-03 00:00:00-04:00,7.538851739839846,7.548370255922394,7.46270179562158,7.500776767730713,188500,0.0,0.0
2021-08-04 00:00:00-04:00,7.548370245001427,7.748264529119374,7.510295272947381,7.729226589202881,357000,0.0,0.0
2021-08-05 00:00:00-04:00,7.729226719273655,7.757782721850007,7.662595744002513,7.73874568939209,260800,0.0,0.0
2021-08-06 00:00:00-04:00,7.757782591298681,7.757782591298681,7.710189557065328,7.729226589202881,124200,0.0,0.0
2021-08-09 00:00:00-04:00,7.729226589202881,7.757782591298681,7.719707619244635,7.729226589202881,152500,0.0,0.0
2021-08-10 00:00:00-04:00,7.795857920554588,7.833932894353208,7.615002021955887,7.643558025360107,246200,0.0,0.0
2021-08-11 00:00:00-04:00,7.740311494426245,7.740311494426245,7.673254632103192,7.7211527824401855,98400,0.051,0.0
2021-08-12 00:00:00-04:00,7.721153765194512,7.759472107625048,7.57745929589399,7.634936809539795,120900,0.0,0.0
2021-08-13 00:00:00-04:00,7.644515850257779,7.663675019534991,7.577458529392222,7.596617698669434,69700,0.0,0.0
2021-08-16 00:00:00-04:00,7.615777483414427,7.673255452681764,7.615777483414427,7.644516468048096,74800,0.0,0.0
2021-08-17 00:00:00-04:00,7.625356493776678,7.682834456987848,7.625356493776678,7.663674831390381,54000,0.0,0.0
2021-08-18 00:00:00-04:00,7.692413212646055,7.692413212646055,7.615776538848877,7.615776538848877,69200,0.0,0.0
2021-08-19 00:00:00-04:00,7.615777320440852,7.682835102081299,7.606197963628398,7.682835102081299,66100,0.0,0.0
2021-08-20 00:00:00-04:00,7.6828352664898745,7.692414166716658,7.644516468048096,7.644516468048096,74100,0.0,0.0
2021-08-23 00:00:00-04:00,7.682835422763976,7.6924143231855995,7.615777638324527,7.634936809539795,94900,0.0,0.0
2021-08-24 00:00:00-04:00,7.682834158334014,7.682834158334014,7.6157763849308395,7.625356197357178,73700,0.0,0.0
2021-08-25 00:00:00-04:00,7.61577679511342,7.807368486053263,7.61577679511342,7.740311622619629,135300,0.0,0.0
2021-08-26 00:00:00-04:00,7.778630143600434,7.79778976993528,7.6732549395025815,7.701993465423584,94000,0.0,0.0
2021-08-27 00:00:00-04:00,7.711572981802817,7.807368369046458,7.615776680977945,7.663674831390381,194100,0.0,0.0
2021-08-30 00:00:00-04:00,7.663674688367417,7.6828343136073185,7.615776538848877,7.615776538848877,76800,0.0,0.0
2021-08-31 00:00:00-04:00,7.654094696044922,7.663674508439958,7.634935528045445,7.654094696044922,98100,0.0,0.0
2021-09-01 00:00:00-04:00,7.701993025266005,7.721152650505907,7.615776538848877,7.615776538848877,90300,0.0,0.0
2021-09-02 00:00:00-04:00,7.6157763849308395,7.721152494458173,7.606197029295099,7.625356197357178,129100,0.0,0.0
2021-09-03 00:00:00-04:00,7.606197278468869,7.634935803108143,7.433764760261384,7.4433441162109375,155100,0.0,0.0
2021-09-07 00:00:00-04:00,7.366707687912437,7.433765008965233,7.223013689536804,7.2900710105896,234800,0.0,0.0
2021-09-08 00:00:00-04:00,7.29965048700186,7.366707809158328,7.29965048700186,7.337968826293945,108500,0.0,0.0
2021-09-09 00:00:00-04:00,7.337968818983098,7.376287158237007,7.328389462564939,7.366707801818848,81500,0.0,0.0
2021-09-10 00:00:00-04:00,7.358028456105482,7.358028456105482,7.232662200927734,7.232662200927734,107000,0.051,0.0
2021-09-13 00:00:00-04:00,7.3290978237760225,7.3387415943885,7.155514091314063,7.223018646240234,130300,0.0,0.0
2021-09-14 00:00:00-04:00,7.174800930087768,7.2519492530177,7.174800930087768,7.213375091552734,100800,0.0,0.0
2021-09-15 00:00:00-04:00,7.251949310302734,7.319454323319802,7.2133751485330615,7.251949310302734,61400,0.0,0.0
2021-09-16 00:00:00-04:00,7.309810750305559,7.406246157333278,7.251949506088927,7.386959075927734,44200,0.0,0.0
2021-09-17 00:00:00-04:00,7.3773153763101496,7.406245766973489,7.251949123861626,7.280879974365234,89800,0.0,0.0
2021-09-20 00:00:00-04:00,7.155514456682291,7.261593639634596,7.13622737431281,7.145870685577393,116400,0.0,0.0
2021-09-21 00:00:00-04:00,7.165157346255856,7.232662360496326,7.165157346255856,7.184444427490234,61500,0.0,0.0
2021-09-22 00:00:00-04:00,7.184444399273865,7.232662332090583,7.145870236956604,7.165157318115234,79300,0.0,0.0
2021-09-23 00:00:00-04:00,7.18444421192975,7.232662143489121,7.165157131274057,7.194087982177734,58500,0.0,0.0
2021-09-24 00:00:00-04:00,7.223017864287135,7.232661633855592,7.165156626397119,7.174800395965576,78900,0.0,0.0
2021-09-27 00:00:00-04:00,7.1458698471114825,7.17480069719124,7.0205040563399,7.059078216552734,112100,0.0,0.0
2021-09-28 00:00:00-04:00,7.039790880390081,7.059077959794975,6.846919626500894,6.904780864715576,274300,0.0,0.0
2021-09-29 00:00:00-04:00,6.904781067527215,6.991573157318674,6.866206907584401,6.875850677490234,94400,0.0,0.0
2021-09-30 00:00:00-04:00,6.914425202770257,7.039791459128502,6.702266852034723,6.798702716827393,136700,0.0,0.0
2021-10-01 00:00:00-04:00,6.798703138095623,6.866207695824938,6.557614380855924,6.596188545227051,1051600,0.0,0.0
2021-10-04 00:00:00-04:00,6.740840953249777,6.943355531744347,6.740840953249777,6.924068450927734,275000,0.0,0.0
2021-10-05 00:00:00-04:00,6.914424925398457,6.9722861660487885,6.895137845181679,6.933712005615234,173900,0.0,0.0
2021-10-06 00:00:00-04:00,6.866207208477897,6.962642612560959,6.866207208477897,6.924068450927734,93200,0.0,0.0
2021-10-07 00:00:00-04:00,6.962642413604068,7.213374916895648,6.962642413604068,7.097652435302734,112800,0.0,0.0
2021-10-08 00:00:00-04:00,7.0792012857260955,7.516188836480006,7.0792012857260955,7.409369945526123,479600,0.051,0.0
2021-10-11 00:00:00-04:00,7.360816334705305,7.419081316676056,7.1957319875970525,7.283129692077637,161400,0.0,0.0
2021-10-12 00:00:00-04:00,7.302551399189393,7.3511057826650195,7.195732033372365,7.215153694152832,76000,0.0,0.0
2021-10-13 00:00:00-04:00,7.215152975411719,7.477345601354033,7.156887998874413,7.38994836807251,366200,0.0,0.0
2021-10-14 00:00:00-04:00,7.438503024652662,7.4870574081282895,7.18602143450659,7.215153694152832,97500,0.0,0.0
2021-10-15 00:00:00-04:00,7.1957318052845265,7.263707847385939,7.137466824789988,7.156888484954834,93800,0.0,0.0
2021-10-18 00:00:00-04:00,7.1763101834985035,7.283129546500876,7.1568885232297905,7.205442905426025,80100,0.0,0.0
2021-10-19 00:00:00-04:00,7.215153717656396,7.29284082408025,6.991804386428999,7.098623752593994,127100,0.0,0.0
2021-10-20 00:00:00-04:00,7.079201844295451,7.205442866891401,7.079201844295451,7.156888484954834,94300,0.0,0.0
2021-10-21 00:00:00-04:00,7.147178112945657,7.253997015713766,7.147178112945657,7.215153694152832,42700,0.0,0.0
2021-10-22 00:00:00-04:00,7.215153670788277,7.224864732671523,7.137467027917978,7.166599750518799,48800,0.0,0.0
2021-10-25 00:00:00-04:00,7.127756226232017,7.205442866891401,7.079201844295451,7.156888484954834,105800,0.0,0.0
2021-10-26 00:00:00-04:00,7.118045330047607,7.205443034344977,7.079202008815202,7.118045330047607,132400,0.0,0.0
2021-10-27 00:00:00-04:00,7.137466417877292,7.273418031280502,7.127755819872929,7.2539963722229,102300,0.0,0.0
2021-10-28 00:00:00-04:00,7.302551102258535,7.302551102258535,7.011225739348265,7.059780120849609,207800,0.0,0.0
2021-10-29 00:00:00-04:00,7.030646800994873,7.147177214070984,6.991803484319123,7.030646800994873,130800,0.0,0.0
2021-11-01 00:00:00-04:00,7.108334064483643,7.21515295632841,7.040358027178805,7.108334064483643,136200,0.0,0.0
2021-11-02 00:00:00-04:00,7.186021306917459,7.419081232145041,7.186021306917459,7.30255126953125,175000,0.0,0.0
2021-11-03 00:00:00-04:00,7.292840505971491,7.380237744431625,7.283129444448755,7.341394424438477,62000,0.0,0.0
2021-11-04 00:00:00-04:00,7.341394817692321,7.380238139766176,7.33168421869832,7.360816478729248,78500,0.0,0.0
2021-11-05 00:00:00-04:00,7.3511055688325975,7.370527229048117,7.292840588186035,7.321972846984863,59600,0.0,0.0
2021-11-08 00:00:00-05:00,7.380238139766176,7.4385031228769565,7.33168421869832,7.360816478729248,116200,0.0,0.0
2021-11-09 00:00:00-05:00,7.448213685373878,7.48705700484254,7.380237644779271,7.477345943450928,80000,0.0,0.0
2021-11-10 00:00:00-05:00,7.380567704486431,7.448996508975408,7.2925872802734375,7.2925872802734375,97500,0.051,0.0
2021-11-11 00:00:00-05:00,7.263260513612115,7.419670212688071,7.263260513612115,7.361016750335693,60200,0.0,0.0
2021-11-12 00:00:00-05:00,7.351240741036676,7.43922116524967,7.263260316823683,7.2925872802734375,93100,0.0,0.0
2021-11-15 00:00:00-05:00,7.2828114704114295,7.33168958744893,7.263260316823683,7.2925872802734375,80600,0.0,0.0
2021-11-16 00:00:00-05:00,7.263260669613114,7.3707922526368534,7.263260669613114,7.273036479949951,69800,0.0,0.0
2021-11-17 00:00:00-05:00,7.302363386401426,7.302363386401426,7.224158763885498,7.224158763885498,49300,0.0,0.0
2021-11-18 00:00:00-05:00,7.214383052057165,7.263260705574469,7.145953777769384,7.1655049324035645,68600,0.0,0.0
2021-11-19 00:00:00-05:00,7.1655049926293675,7.204607302226383,7.136178493499756,7.136178493499756,75800,0.0,0.0
2021-11-22 00:00:00-05:00,7.1557294015514765,7.1557294015514765,7.038422010669174,7.097075939178467,98600,0.0,0.0
2021-11-23 00:00:00-05:00,7.087300777435303,7.087300777435303,7.038422654584667,7.087300777435303,72800,0.0,0.0
2021-11-24 00:00:00-05:00,7.028646576088508,7.08730003770558,6.950441960599078,6.9699931144714355,158600,0.0,0.0
2021-11-26 00:00:00-05:00,6.891788898964546,6.921115398406982,6.842910778378748,6.921115398406982,92800,0.0,0.0
2021-11-29 00:00:00-05:00,6.989544649662591,6.989544649662591,6.706052669979195,6.764706134796143,230100,0.0,0.0
2021-11-30 00:00:00-05:00,6.686501624891183,6.706052780151367,6.637623503672569,6.706052780151367,194500,0.0,0.0
2021-12-01 00:00:00-05:00,6.72560398599664,6.833135107668267,6.6767258644104,6.6767258644104,129100,0.0,0.0
2021-12-02 00:00:00-05:00,6.676725562066403,6.930891036987305,6.637623253022618,6.930891036987305,238400,0.0,0.0
2021-12-03 00:00:00-05:00,6.852686206897396,6.9015638586218495,6.676725355507788,6.784256935119629,115700,0.0,0.0
2021-12-06 00:00:00-05:00,6.813584162962111,6.94066691010715,6.813584162962111,6.901564598083496,57100,0.0,0.0
2021-12-07 00:00:00-05:00,6.940666515829873,7.057973445237,6.901564206027498,7.028646945953369,153100,0.0,0.0
2021-12-08 00:00:00-05:00,6.969993530720621,7.038422340292313,6.969993530720621,6.999320030212402,83900,0.0,0.0
2021-12-09 00:00:00-05:00,6.891788727943519,6.9699933460310906,6.852686418899733,6.930891036987305,187100,0.0,0.0
2021-12-10 00:00:00-05:00,6.872797100591632,6.94172216871779,6.862950461067775,6.892489910125732,111500,0.051,0.0
2021-12-13 00:00:00-05:00,6.892489321832048,6.941721576221993,6.734946859005945,6.764485836029053,140600,0.0,0.0
2021-12-14 00:00:00-05:00,6.715254659431457,6.872797136528016,6.7054080198561135,6.794025897979736,85900,0.0,0.0
2021-12-15 00:00:00-05:00,6.823564788878281,6.843257598259074,6.715254572040729,6.7743330001831055,169300,0.0,0.0
2021-12-16 00:00:00-05:00,6.734946956845114,6.774332573123798,6.547865044764574,6.577404022216797,372400,0.0,0.0
2021-12-17 00:00:00-05:00,6.528172236625232,6.6364824466348225,6.498632789659428,6.577404022216797,165500,0.0,0.0
2021-12-20 00:00:00-05:00,6.567558151770735,6.587250960806228,6.498633085389706,6.538018703460693,198900,0.0,0.0
2021-12-21 00:00:00-05:00,6.538018751430793,6.666022245857477,6.4395547055308855,6.547865390777588,246500,0.0,0.0
2021-12-22 00:00:00-05:00,6.488786827269861,6.656175936548991,6.488786827269861,6.5183258056640625,274500,0.0,0.0
2021-12-23 00:00:00-05:00,6.5183261176296465,6.597097356468954,6.508479947531543,6.58725118637085,204800,0.0,0.0
2021-12-27 00:00:00-05:00,6.597096830356138,6.685714701739968,6.557711214077455,6.577404022216797,290100,0.0,0.0
2021-12-28 00:00:00-05:00,6.547865431363108,6.606943859269237,6.518325982653238,6.557711601257324,185100,0.0,0.0
2021-12-29 00:00:00-05:00,6.547865044764574,6.685714701739968,6.528172236625232,6.577404022216797,228300,0.0,0.0
2021-12-30 00:00:00-05:00,6.597097219861411,6.646329477873324,6.50847981275902,6.557711601257324,246400,0.0,0.0
2021-12-31 00:00:00-05:00,6.577404510945732,6.715254647677555,6.557711701343131,6.685715198516846,209500,0.0,0.0
2022-01-03 00:00:00-05:00,6.705408096313477,6.744793716036705,6.62663685686702,6.705408096313477,211000,0.0,0.0
2022-01-04 00:00:00-05:00,6.734947204589844,6.794025631181067,6.725100565401174,6.734947204589844,161200,0.0,0.0
2022-01-05 00:00:00-05:00,6.794025705780163,6.813718514860133,6.547865357523733,6.646329402923584,140500,0.0,0.0
2022-01-06 00:00:00-05:00,6.68571546078143,6.823565133407149,6.6167903897117535,6.744793891906738,135800,0.0,0.0
2022-01-07 00:00:00-05:00,6.764486183128656,6.813718440044808,6.626636521082468,6.734947204589844,84700,0.0,0.0
2022-01-10 00:00:00-05:00,6.734947115396154,6.744793284940828,6.65617588098439,6.715254306793213,67300,0.0,0.0
2022-01-11 00:00:00-05:00,6.675869028472353,6.744793627324649,6.646329579311644,6.685715198516846,123900,0.0,0.0
2022-01-12 00:00:00-05:00,6.686706629952526,6.7164696282667204,6.607339265203755,6.676785945892334,141600,0.051,0.0
2022-01-13 00:00:00-05:00,6.666864735217269,6.666864735217269,6.617260369181112,6.627181053161621,95400,0.0,0.0
2022-01-14 00:00:00-05:00,6.647023153063254,6.696627994098118,6.597418785095215,6.597418785095215,138100,0.0,0.0
2022-01-18 00:00:00-05:00,6.607339590025037,6.617260747639769,6.498209694663982,6.527972221374512,163300,0.0,0.0
2022-01-19 00:00:00-05:00,6.53789307192686,6.587497438470276,6.458525707003948,6.508130073547363,155500,0.0,0.0
2022-01-20 00:00:00-05:00,6.508130416117681,6.597418942889268,6.438683731621242,6.468446731567383,94300,0.0,0.0
2022-01-21 00:00:00-05:00,6.389079164276763,6.468446530915372,6.150976591294112,6.270028114318848,289300,0.0,0.0
2022-01-24 00:00:00-05:00,6.2005815505981445,6.299790760794349,6.10137234040194,6.2005815505981445,277800,0.0,0.0
2022-01-25 00:00:00-05:00,6.170818601456182,6.299790812299092,6.150976759254721,6.250186443328857,126500,0.0,0.0
2022-01-26 00:00:00-05:00,6.309711626430101,6.408920832036415,6.260106787093539,6.289869785308838,115400,0.0,0.0
2022-01-27 00:00:00-05:00,6.299790760794349,6.468446654661311,6.2005815505981445,6.2005815505981445,149200,0.0,0.0
2022-01-28 00:00:00-05:00,6.220423221588135,6.230344378868359,6.121214014119986,6.220423221588135,235000,0.0,0.0
2022-01-31 00:00:00-05:00,6.160897561713417,6.220423084886154,6.1509764046512245,6.180739402770996,220200,0.0,0.0
2022-02-01 00:00:00-05:00,6.270027911050373,6.369237116132365,6.260106754008771,6.349395275115967,182300,0.0,0.0
2022-02-02 00:00:00-05:00,6.398999964339656,6.537893331536811,6.398999964339656,6.478367805480957,148600,0.0,0.0
2022-02-03 00:00:00-05:00,6.448604667155896,6.508130191930856,6.43868350982666,6.43868350982666,94700,0.0,0.0
2022-02-04 00:00:00-05:00,6.4783675822761255,6.498209423611115,6.349395377065286,6.448604583740234,87300,0.0,0.0
2022-02-07 00:00:00-05:00,6.547814016012706,6.547814016012706,6.448604805919616,6.478367805480957,118500,0.0,0.0
2022-02-08 00:00:00-05:00,6.478367666076785,6.478367666076785,6.389079142380937,6.43868350982666,98400,0.0,0.0
2022-02-09 00:00:00-05:00,6.448604530470635,6.468446371641718,6.3989996910095215,6.3989996910095215,148900,0.0,0.0
2022-02-10 00:00:00-05:00,6.400000095367432,6.400000095367432,6.300000190734863,6.320000171661377,119100,0.051,0.0
2022-02-11 00:00:00-05:00,6.349999904632568,6.389999866485596,6.21999979019165,6.260000228881836,91900,0.0,0.0
2022-02-14 00:00:00-05:00,6.230000019073486,6.239999771118164,6.150000095367432,6.170000076293945,119700,0.0,0.0
2022-02-15 00:00:00-05:00,6.199999809265137,6.25,6.119999885559082,6.150000095367432,117000,0.0,0.0
2022-02-16 00:00:00-05:00,6.179999828338623,6.199999809265137,6.130000114440918,6.170000076293945,87100,0.0,0.0
2022-02-17 00:00:00-05:00,6.21999979019165,6.289999961853027,6.119999885559082,6.150000095367432,82400,0.0,0.0
2022-02-18 00:00:00-05:00,6.159999847412109,6.239999771118164,6.099999904632568,6.130000114440918,126200,0.0,0.0
2022-02-22 00:00:00-05:00,6.099999904632568,6.130000114440918,6.0,6.0,141100,0.0,0.0
2022-02-23 00:00:00-05:00,6.019999980926514,6.090000152587891,5.840000152587891,5.900000095367432,264400,0.0,0.0
2022-02-24 00:00:00-05:00,5.739999771118164,5.860000133514404,5.599999904632568,5.840000152587891,295200,0.0,0.0
2022-02-25 00:00:00-05:00,5.849999904632568,5.940000057220459,5.820000171661377,5.869999885559082,217800,0.0,0.0
2022-02-28 00:00:00-05:00,5.869999885559082,5.949999809265137,5.860000133514404,5.920000076293945,302400,0.0,0.0
2022-03-01 00:00:00-05:00,5.889999866485596,5.949999809265137,5.829999923706055,5.869999885559082,338500,0.0,0.0
2022-03-02 00:00:00-05:00,5.889999866485596,6.0,5.889999866485596,5.989999771118164,187800,0.0,0.0
2022-03-03 00:00:00-05:00,5.989999771118164,6.0,5.869999885559082,5.929999828338623,143300,0.0,0.0
2022-03-04 00:00:00-05:00,5.849999904632568,5.920000076293945,5.5,5.730000019073486,468600,0.0,0.0
2022-03-07 00:00:00-05:00,5.710000038146973,5.730000019073486,5.579999923706055,5.619999885559082,293800,0.0,0.0
2022-03-08 00:00:00-05:00,5.610000133514404,5.630000114440918,5.5,5.550000190734863,169400,0.0,0.0
2022-03-09 00:00:00-05:00,5.610000133514404,5.639999866485596,5.550000190734863,5.570000171661377,146000,0.0,0.0
2022-03-10 00:00:00-05:00,5.539999961853027,5.590000152587891,5.510000228881836,5.539999961853027,124600,0.0,0.0
2022-03-11 00:00:00-05:00,5.579999923706055,5.639999866485596,5.550000190734863,5.639999866485596,165700,0.0,0.0
2022-03-14 00:00:00-04:00,5.699999809265137,5.900000095367432,5.449999809265137,5.510000228881836,255900,0.0,0.0
2022-03-15 00:00:00-04:00,5.420000076293945,5.519999980926514,5.369999885559082,5.480000019073486,204300,0.0,0.0
2022-03-16 00:00:00-04:00,5.559999942779541,5.739999771118164,5.550000190734863,5.739999771118164,114000,0.0,0.0
2022-03-17 00:00:00-04:00,5.769999980926514,5.820000171661377,5.650000095367432,5.730000019073486,180400,0.0,0.0
2022-03-18 00:00:00-04:00,5.739999771118164,5.849999904632568,5.610000133514404,5.730000019073486,97900,0.0,0.0
2022-03-21 00:00:00-04:00,5.730000019073486,5.989999771118164,5.699999809265137,5.840000152587891,227800,0.0,0.0
2022-03-22 00:00:00-04:00,5.820000171661377,5.96999979019165,5.800000190734863,5.880000114440918,170400,0.0,0.0
2022-03-23 00:00:00-04:00,5.880000114440918,5.96999979019165,5.690000057220459,5.730000019073486,176800,0.0,0.0
2022-03-24 00:00:00-04:00,5.730000019073486,5.849999904632568,5.650000095367432,5.789999961853027,192000,0.0,0.0
2022-03-25 00:00:00-04:00,5.800000190734863,5.820000171661377,5.760000228881836,5.760000228881836,109500,0.0,0.0
2022-03-28 00:00:00-04:00,5.739999771118164,5.860000133514404,5.590000152587891,5.71999979019165,168700,0.0,0.0
2022-03-29 00:00:00-04:00,5.71999979019165,5.809999942779541,5.559999942779541,5.769999980926514,326800,0.0,0.0
2022-03-30 00:00:00-04:00,5.840000152587891,5.949999809265137,5.670000076293945,5.900000095367432,304600,0.0,0.0
2022-03-31 00:00:00-04:00,5.929999828338623,6.0,5.840000152587891,5.880000114440918,201200,0.0,0.0
2022-04-01 00:00:00-04:00,5.96999979019165,5.96999979019165,5.849999904632568,5.920000076293945,112100,0.0,0.0
2022-04-04 00:00:00-04:00,5.960000038146973,6.090000152587891,5.949999809265137,6.090000152587891,653000,0.0,0.0
2022-04-05 00:00:00-04:00,6.110000133514404,6.139999866485596,6.059999942779541,6.099999904632568,243400,0.0,0.0
2022-04-06 00:00:00-04:00,6.110000133514404,6.110000133514404,6.019999980926514,6.090000152587891,172900,0.0,0.0
2022-04-07 00:00:00-04:00,6.099999904632568,6.130000114440918,5.96999979019165,6.019999980926514,180300,0.0,0.0
2022-04-08 00:00:00-04:00,5.960000038146973,6.019999980926514,5.869999885559082,5.880000114440918,177400,0.0,0.0
2022-04-11 00:00:00-04:00,5.860000133514404,5.889999866485596,5.78000020980835,5.860000133514404,155800,0.0,0.0
2022-04-12 00:00:00-04:00,5.940000057220459,6.079999923706055,5.869999885559082,5.940000057220459,163900,0.0,0.0
2022-04-13 00:00:00-04:00,5.96999979019165,5.989999771118164,5.909999847412109,5.960000038146973,82800,0.0,0.0
2022-04-14 00:00:00-04:00,5.980000019073486,5.980000019073486,5.809999942779541,5.820000171661377,124600,0.0,0.0
2022-04-18 00:00:00-04:00,5.889999866485596,5.900000095367432,5.800000190734863,5.849999904632568,115600,0.0,0.0
2022-04-19 00:00:00-04:00,5.849999904632568,5.940000057220459,5.800000190734863,5.809999942779541,177400,0.0,0.0
2022-04-20 00:00:00-04:00,5.880000114440918,5.900000095367432,5.78000020980835,5.840000152587891,87000,0.0,0.0
2022-04-21 00:00:00-04:00,5.829999923706055,5.869999885559082,5.539999961853027,5.690000057220459,223000,0.0,0.0
2022-04-22 00:00:00-04:00,5.75,5.75,5.550000190734863,5.590000152587891,134300,0.0,0.0
2022-04-25 00:00:00-04:00,5.670000076293945,5.670000076293945,5.5,5.590000152587891,189200,0.0,0.0
2022-04-26 00:00:00-04:00,5.510000228881836,5.619999885559082,5.46999979019165,5.480000019073486,106500,0.0,0.0
2022-04-27 00:00:00-04:00,5.460000038146973,5.559999942779541,5.420000076293945,5.5,78600,0.0,0.0
2022-04-28 00:00:00-04:00,5.489999771118164,5.550000190734863,5.440000057220459,5.460000038146973,114400,0.0,0.0
2022-04-29 00:00:00-04:00,5.400000095367432,5.480000019073486,5.360000133514404,5.369999885559082,248200,0.0,0.0
2022-05-02 00:00:00-04:00,5.449999809265137,5.489999771118164,5.320000171661377,5.360000133514404,194200,0.0,0.0
2022-05-03 00:00:00-04:00,5.349999904632568,5.590000152587891,5.349999904632568,5.5,170700,0.0,0.0
2022-05-04 00:00:00-04:00,5.46999979019165,5.579999923706055,5.46999979019165,5.519999980926514,90900,0.0,0.0
2022-05-05 00:00:00-04:00,5.489999771118164,5.559999942779541,5.440000057220459,5.480000019073486,77700,0.0,0.0
2022-05-06 00:00:00-04:00,5.389999866485596,5.510000228881836,5.309999942779541,5.369999885559082,214300,0.0,0.0
2022-05-09 00:00:00-04:00,5.309999942779541,5.400000095367432,5.210000038146973,5.260000228881836,279700,0.0,0.0
2022-05-10 00:00:00-04:00,5.300000190734863,5.389999866485596,5.25,5.28000020980835,110700,0.0,0.0
2022-05-11 00:00:00-04:00,5.25,5.329999923706055,5.179999828338623,5.199999809265137,121000,0.0,0.0
2022-05-12 00:00:00-04:00,5.199999809265137,5.25,5.059999942779541,5.139999866485596,145400,0.0,0.0
2022-05-13 00:00:00-04:00,5.150000095367432,5.25,5.130000114440918,5.179999828338623,98500,0.0,0.0
2022-05-16 00:00:00-04:00,5.179999828338623,5.289999961853027,5.179999828338623,5.289999961853027,42500,0.0,0.0
2022-05-17 00:00:00-04:00,5.320000171661377,5.400000095367432,5.21999979019165,5.369999885559082,189100,0.0,0.0
2022-05-18 00:00:00-04:00,5.340000152587891,5.340000152587891,5.210000038146973,5.21999979019165,76900,0.0,0.0
2022-05-19 00:00:00-04:00,5.239999771118164,5.28000020980835,5.210000038146973,5.239999771118164,51700,0.0,0.0
2022-05-20 00:00:00-04:00,5.239999771118164,5.28000020980835,5.179999828338623,5.190000057220459,94900,0.0,0.0
2022-05-23 00:00:00-04:00,5.199999809265137,5.25,5.150000095367432,5.170000076293945,129200,0.0,0.0
2022-05-24 00:00:00-04:00,5.210000038146973,5.269999980926514,5.190000057220459,5.21999979019165,92000,0.0,0.0
2022-05-25 00:00:00-04:00,5.21999979019165,5.340000152587891,5.21999979019165,5.340000152587891,60400,0.0,0.0
2022-05-26 00:00:00-04:00,5.349999904632568,5.409999847412109,5.269999980926514,5.369999885559082,88300,0.0,0.0
2022-05-27 00:00:00-04:00,5.420000076293945,5.46999979019165,5.309999942779541,5.420000076293945,125300,0.0,0.0
2022-05-31 00:00:00-04:00,5.349999904632568,5.420000076293945,5.28000020980835,5.309999942779541,172900,0.0,0.0
2022-06-01 00:00:00-04:00,5.420000076293945,5.420000076293945,5.300000190734863,5.320000171661377,112400,0.0,0.0
2022-06-02 00:00:00-04:00,5.300000190734863,5.440000057220459,5.300000190734863,5.360000133514404,168400,0.0,0.0
2022-06-03 00:00:00-04:00,5.320000171661377,5.380000114440918,5.269999980926514,5.28000020980835,111600,0.0,0.0
2022-06-06 00:00:00-04:00,5.340000152587891,5.340000152587891,5.269999980926514,5.329999923706055,100100,0.0,0.0
2022-06-07 00:00:00-04:00,5.300000190734863,5.389999866485596,5.269999980926514,5.380000114440918,120300,0.0,0.0
2022-06-08 00:00:00-04:00,5.349999904632568,5.440000057220459,5.269999980926514,5.300000190734863,197800,0.0,0.0
2022-06-09 00:00:00-04:00,5.309999942779541,5.400000095367432,5.269999980926514,5.289999961853027,166400,0.0,0.0
2022-06-10 00:00:00-04:00,5.199999809265137,5.340000152587891,5.110000133514404,5.150000095367432,272600,0.0,0.0
2022-06-13 00:00:00-04:00,5.079999923706055,5.119999885559082,4.809999942779541,4.840000152587891,396500,0.0,0.0
2022-06-14 00:00:00-04:00,4.829999923706055,4.900000095367432,4.809999942779541,4.809999942779541,179200,0.0,0.0
2022-06-15 00:00:00-04:00,4.820000171661377,5.039999961853027,4.820000171661377,4.889999866485596,135200,0.0,0.0
2022-06-16 00:00:00-04:00,4.840000152587891,4.849999904632568,4.699999809265137,4.760000228881836,234100,0.0,0.0
2022-06-17 00:00:00-04:00,4.71999979019165,4.900000095367432,4.71999979019165,4.840000152587891,172200,0.0,0.0
2022-06-21 00:00:00-04:00,4.860000133514404,4.989999771118164,4.800000190734863,4.849999904632568,157300,0.0,0.0
2022-06-22 00:00:00-04:00,4.829999923706055,4.900000095367432,4.829999923706055,4.880000114440918,68700,0.0,0.0
2022-06-23 00:00:00-04:00,4.869999885559082,5.099999904632568,4.849999904632568,5.050000190734863,115700,0.0,0.0
2022-06-24 00:00:00-04:00,5.059999942779541,5.179999828338623,5.0,5.050000190734863,107200,0.0,0.0
2022-06-27 00:00:00-04:00,5.090000152587891,5.139999866485596,5.03000020980835,5.079999923706055,52000,0.0,0.0
2022-06-28 00:00:00-04:00,5.050000190734863,5.159999847412109,5.050000190734863,5.059999942779541,118500,0.0,0.0
2022-06-29 00:00:00-04:00,5.050000190734863,5.150000095367432,5.0,5.050000190734863,115700,0.0,0.0
2022-06-30 00:00:00-04:00,5.0,5.130000114440918,5.0,5.130000114440918,151000,0.0,0.0
2022-07-01 00:00:00-04:00,5.159999847412109,5.159999847412109,5.059999942779541,5.130000114440918,89900,0.0,0.0
2022-07-05 00:00:00-04:00,5.110000133514404,5.25,5.110000133514404,5.230000019073486,163800,0.0,0.0
2022-07-06 00:00:00-04:00,5.230000019073486,5.239999771118164,5.150000095367432,5.150000095367432,95200,0.0,0.0
2022-07-07 00:00:00-04:00,5.190000057220459,5.25,5.150000095367432,5.21999979019165,113200,0.0,0.0
2022-07-08 00:00:00-04:00,5.079999923706055,5.21999979019165,5.039999961853027,5.159999847412109,116800,0.0,0.0
2022-07-11 00:00:00-04:00,5.139999866485596,5.230000019073486,5.139999866485596,5.210000038146973,57100,0.0,0.0
2022-07-12 00:00:00-04:00,5.210000038146973,5.239999771118164,5.150000095367432,5.170000076293945,79900,0.0,0.0
2022-07-13 00:00:00-04:00,5.119999885559082,5.190000057220459,5.090000152587891,5.139999866485596,46500,0.0,0.0
2022-07-14 00:00:00-04:00,5.139999866485596,5.190000057220459,5.090000152587891,5.130000114440918,93100,0.0,0.0
2022-07-15 00:00:00-04:00,5.190000057220459,5.190000057220459,5.019999980926514,5.019999980926514,117100,0.0,0.0
2022-07-18 00:00:00-04:00,5.03000020980835,5.050000190734863,4.980000019073486,4.980000019073486,108100,0.0,0.0
2022-07-19 00:00:00-04:00,5.039999961853027,5.039999961853027,4.960000038146973,4.980000019073486,99000,0.0,0.0
2022-07-20 00:00:00-04:00,5.010000228881836,5.119999885559082,4.989999771118164,5.110000133514404,84700,0.0,0.0
2022-07-21 00:00:00-04:00,5.039999961853027,5.210000038146973,5.039999961853027,5.150000095367432,137900,0.0,0.0
2022-07-22 00:00:00-04:00,5.210000038146973,5.230000019073486,5.159999847412109,5.230000019073486,49100,0.0,0.0
2022-07-25 00:00:00-04:00,5.239999771118164,5.300000190734863,5.159999847412109,5.190000057220459,125800,0.0,0.0
2022-07-26 00:00:00-04:00,5.179999828338623,5.21999979019165,5.070000171661377,5.099999904632568,69200,0.0,0.0
2022-07-27 00:00:00-04:00,5.139999866485596,5.170000076293945,5.119999885559082,5.139999866485596,65900,0.0,0.0
2022-07-28 00:00:00-04:00,5.21999979019165,5.239999771118164,5.159999847412109,5.21999979019165,114300,0.0,0.0
2022-07-29 00:00:00-04:00,5.25,5.389999866485596,5.21999979019165,5.349999904632568,137100,0.0,0.0
2022-08-01 00:00:00-04:00,5.440000057220459,5.5,5.380000114440918,5.460000038146973,239900,0.0,0.0
2022-08-02 00:00:00-04:00,5.5,5.610000133514404,5.460000038146973,5.559999942779541,225400,0.0,0.0
2022-08-03 00:00:00-04:00,5.599999904632568,5.650000095367432,5.559999942779541,5.619999885559082,150000,0.0,0.0
2022-08-04 00:00:00-04:00,5.670000076293945,5.670000076293945,5.550000190734863,5.610000133514404,170700,0.0,0.0
2022-08-05 00:00:00-04:00,5.610000133514404,5.610000133514404,5.53000020980835,5.559999942779541,83200,0.0,0.0
2022-08-08 00:00:00-04:00,5.599999904632568,5.650000095367432,5.550000190734863,5.599999904632568,95400,0.0,0.0
2022-08-09 00:00:00-04:00,5.619999885559082,5.639999866485596,5.510000228881836,5.579999923706055,114100,0.0,0.0
2022-08-10 00:00:00-04:00,5.590000152587891,5.619999885559082,5.5,5.519999980926514,125200,0.0,0.0
2022-08-11 00:00:00-04:00,5.519999980926514,5.53000020980835,5.460000038146973,5.489999771118164,109900,0.0,0.0
2022-08-12 00:00:00-04:00,5.53000020980835,5.599999904632568,5.519999980926514,5.599999904632568,62700,0.0,0.0
2022-08-15 00:00:00-04:00,5.610000133514404,5.650000095367432,5.570000171661377,5.650000095367432,123900,0.0,0.0
2022-08-16 00:00:00-04:00,5.659999847412109,5.679999828338623,5.570000171661377,5.659999847412109,68700,0.0,0.0
2022-08-17 00:00:00-04:00,5.630000114440918,5.690000057220459,5.539999961853027,5.599999904632568,93200,0.0,0.0
2022-08-18 00:00:00-04:00,5.619999885559082,5.710000038146973,5.619999885559082,5.710000038146973,103900,0.0,0.0
2022-08-19 00:00:00-04:00,5.670000076293945,5.690000057220459,5.53000020980835,5.539999961853027,172800,0.0,0.0
2022-08-22 00:00:00-04:00,5.519999980926514,5.539999961853027,5.369999885559082,5.409999847412109,127500,0.0,0.0
2022-08-23 00:00:00-04:00,5.440000057220459,5.489999771118164,5.400000095367432,5.449999809265137,63100,0.0,0.0
2022-08-24 00:00:00-04:00,5.480000019073486,5.570000171661377,5.480000019073486,5.53000020980835,85700,0.0,0.0
2022-08-25 00:00:00-04:00,5.570000171661377,5.570000171661377,5.460000038146973,5.539999961853027,69700,0.0,0.0
2022-08-26 00:00:00-04:00,5.510000228881836,5.570000171661377,5.489999771118164,5.5,79600,0.0,0.0
2022-08-29 00:00:00-04:00,5.489999771118164,5.5,5.429999828338623,5.429999828338623,68000,0.0,0.0
2022-08-30 00:00:00-04:00,5.429999828338623,5.489999771118164,5.409999847412109,5.449999809265137,74200,0.0,0.0
2022-08-31 00:00:00-04:00,5.420000076293945,5.5,5.369999885559082,5.429999828338623,98300,0.0,0.0
2022-09-01 00:00:00-04:00,5.409999847412109,5.440000057220459,5.320000171661377,5.340000152587891,148900,0.0,0.0
2022-09-02 00:00:00-04:00,5.360000133514404,5.440000057220459,5.329999923706055,5.380000114440918,61000,0.0,0.0
2022-09-06 00:00:00-04:00,5.389999866485596,5.440000057220459,5.300000190734863,5.349999904632568,77600,0.0,0.0
2022-09-07 00:00:00-04:00,5.309999942779541,5.460000038146973,5.300000190734863,5.409999847412109,81200,0.0,0.0
2022-09-08 00:00:00-04:00,5.329999923706055,5.389999866485596,5.329999923706055,5.360000133514404,104300,0.0,0.0
2022-09-09 00:00:00-04:00,5.300000190734863,5.360000133514404,5.25,5.349999904632568,88400,0.0,0.0
2022-09-12 00:00:00-04:00,5.480000019073486,5.480000019073486,5.389999866485596,5.440000057220459,143100,0.0,0.0
2022-09-13 00:00:00-04:00,5.360000133514404,5.440000057220459,5.28000020980835,5.28000020980835,107400,0.0,0.0
2022-09-14 00:00:00-04:00,5.260000228881836,5.369999885559082,5.260000228881836,5.340000152587891,57000,0.0,0.0
2022-09-15 00:00:00-04:00,5.300000190734863,5.349999904632568,5.260000228881836,5.289999961853027,50900,0.0,0.0
2022-09-16 00:00:00-04:00,5.170000076293945,5.329999923706055,5.170000076293945,5.199999809265137,157400,0.0,0.0
2022-09-19 00:00:00-04:00,5.159999847412109,5.230000019073486,5.050000190734863,5.090000152587891,78200,0.0,0.0
2022-09-20 00:00:00-04:00,5.03000020980835,5.190000057220459,4.940000057220459,4.980000019073486,97700,0.0,0.0
2022-09-21 00:00:00-04:00,5.039999961853027,5.050000190734863,4.760000228881836,4.900000095367432,79300,0.0,0.0
2022-09-22 00:00:00-04:00,4.860000133514404,4.949999809265137,4.849999904632568,4.889999866485596,105500,0.0,0.0
2022-09-23 00:00:00-04:00,4.880000114440918,4.880000114440918,4.75,4.789999961853027,253800,0.0,0.0
2022-09-26 00:00:00-04:00,4.75,4.800000190734863,4.659999847412109,4.690000057220459,211900,0.0,0.0
2022-09-27 00:00:00-04:00,4.710000038146973,4.889999866485596,4.670000076293945,4.71999979019165,110300,0.0,0.0
2022-09-28 00:00:00-04:00,4.75,4.880000114440918,4.699999809265137,4.78000020980835,120200,0.0,0.0
2022-09-29 00:00:00-04:00,4.739999771118164,4.769999980926514,4.670000076293945,4.739999771118164,107900,0.0,0.0
2022-09-30 00:00:00-04:00,4.739999771118164,4.840000152587891,4.699999809265137,4.739999771118164,162200,0.0,0.0
2022-10-03 00:00:00-04:00,4.929999828338623,5.139999866485596,4.829999923706055,4.900000095367432,116200,0.0,0.0
2022-10-04 00:00:00-04:00,4.940000057220459,5.090000152587891,4.860000133514404,5.050000190734863,91200,0.0,0.0
2022-10-05 00:00:00-04:00,4.960000038146973,5.099999904632568,4.960000038146973,5.050000190734863,66900,0.0,0.0
2022-10-06 00:00:00-04:00,5.039999961853027,5.070000171661377,4.989999771118164,5.03000020980835,44500,0.0,0.0
2022-10-07 00:00:00-04:00,4.949999809265137,5.039999961853027,4.909999847412109,4.929999828338623,35900,0.0,0.0
2022-10-10 00:00:00-04:00,4.940000057220459,4.989999771118164,4.869999885559082,4.929999828338623,54400,0.0,0.0
2022-10-11 00:00:00-04:00,4.96999979019165,5.03000020980835,4.909999847412109,4.989999771118164,47000,0.0,0.0
2022-10-12 00:00:00-04:00,4.880000114440918,4.949999809265137,4.809999942779541,4.809999942779541,84600,0.0,0.0
2022-10-13 00:00:00-04:00,4.75,5.039999961853027,4.659999847412109,4.980000019073486,155900,0.0,0.0
2022-10-14 00:00:00-04:00,4.949999809265137,5.0,4.820000171661377,4.840000152587891,127800,0.0,0.0
2022-10-17 00:00:00-04:00,4.869999885559082,4.929999828338623,4.829999923706055,4.869999885559082,84600,0.0,0.0
2022-10-18 00:00:00-04:00,4.889999866485596,4.920000076293945,4.860000133514404,4.889999866485596,41400,0.0,0.0
2022-10-19 00:00:00-04:00,4.849999904632568,4.900000095367432,4.730000019073486,4.800000190734863,75100,0.0,0.0
2022-10-20 00:00:00-04:00,4.760000228881836,4.929999828338623,4.760000228881836,4.809999942779541,72100,0.0,0.0
2022-10-21 00:00:00-04:00,4.800000190734863,4.940000057220459,4.610000133514404,4.739999771118164,207000,0.0,0.0
2022-10-24 00:00:00-04:00,4.78000020980835,4.889999866485596,4.78000020980835,4.860000133514404,109000,0.0,0.0
2022-10-25 00:00:00-04:00,4.929999828338623,5.0,4.929999828338623,5.0,61500,0.0,0.0
2022-10-26 00:00:00-04:00,4.900000095367432,5.070000171661377,4.889999866485596,5.03000020980835,97400,0.0,0.0
2022-10-27 00:00:00-04:00,5.03000020980835,5.110000133514404,5.0,5.0,47400,0.0,0.0
2022-10-28 00:00:00-04:00,5.019999980926514,5.079999923706055,5.0,5.03000020980835,51000,0.0,0.0
2022-10-31 00:00:00-04:00,5.039999961853027,5.090000152587891,5.010000228881836,5.079999923706055,48500,0.0,0.0
2022-11-01 00:00:00-04:00,5.110000133514404,5.110000133514404,5.03000020980835,5.050000190734863,92000,0.0,0.0
2022-11-02 00:00:00-04:00,5.03000020980835,5.170000076293945,4.920000076293945,5.019999980926514,127200,0.0,0.0
2022-11-03 00:00:00-04:00,4.989999771118164,5.059999942779541,4.929999828338623,4.96999979019165,54400,0.0,0.0
2022-11-04 00:00:00-04:00,4.980000019073486,5.059999942779541,4.960000038146973,5.019999980926514,31400,0.0,0.0
2022-11-07 00:00:00-05:00,5.019999980926514,5.150000095367432,5.019999980926514,5.090000152587891,83600,0.0,0.0
2022-11-08 00:00:00-05:00,5.139999866485596,5.179999828338623,5.079999923706055,5.139999866485596,51100,0.0,0.0
2022-11-09 00:00:00-05:00,5.159999847412109,5.179999828338623,5.050000190734863,5.070000171661377,74700,0.0,0.0
2022-11-10 00:00:00-05:00,5.199999809265137,5.199999809265137,5.050000190734863,5.099999904632568,100100,0.0,0.0
2022-11-11 00:00:00-05:00,5.139999866485596,5.139999866485596,5.010000228881836,5.050000190734863,46400,0.0,0.0
2022-11-14 00:00:00-05:00,5.139999866485596,5.190000057220459,5.059999942779541,5.170000076293945,72400,0.0,0.0
2022-11-15 00:00:00-05:00,5.199999809265137,5.269999980926514,5.170000076293945,5.210000038146973,80300,0.0,0.0
2022-11-16 00:00:00-05:00,5.199999809265137,5.300000190734863,5.110000133514404,5.230000019073486,84900,0.0,0.0
2022-11-17 00:00:00-05:00,5.21999979019165,5.260000228881836,5.199999809265137,5.230000019073486,48900,0.0,0.0
2022-11-18 00:00:00-05:00,5.239999771118164,5.28000020980835,5.230000019073486,5.239999771118164,29200,0.0,0.0
2022-11-21 00:00:00-05:00,5.199999809265137,5.25,5.190000057220459,5.190000057220459,66000,0.0,0.0
2022-11-22 00:00:00-05:00,5.179999828338623,5.300000190734863,5.179999828338623,5.260000228881836,55000,0.0,0.0
2022-11-23 00:00:00-05:00,5.289999961853027,5.329999923706055,5.230000019073486,5.230000019073486,53100,0.0,0.0
2022-11-25 00:00:00-05:00,5.21999979019165,5.269999980926514,5.21999979019165,5.260000228881836,11300,0.0,0.0
2022-11-28 00:00:00-05:00,5.199999809265137,5.320000171661377,5.079999923706055,5.150000095367432,180100,0.0,0.0
2022-11-29 00:00:00-05:00,5.130000114440918,5.199999809265137,5.059999942779541,5.119999885559082,75500,0.0,0.0
2022-11-30 00:00:00-05:00,5.110000133514404,5.199999809265137,5.110000133514404,5.199999809265137,76300,0.0,0.0
2022-12-01 00:00:00-05:00,5.380000114440918,5.480000019073486,5.289999961853027,5.289999961853027,300500,0.0,0.0
2022-12-02 00:00:00-05:00,5.289999961853027,5.519999980926514,5.289999961853027,5.46999979019165,190300,0.0,0.0
2022-12-05 00:00:00-05:00,5.480000019073486,5.550000190734863,5.400000095367432,5.400000095367432,182100,0.0,0.0
2022-12-06 00:00:00-05:00,5.420000076293945,5.429999828338623,5.300000190734863,5.329999923706055,137400,0.0,0.0
2022-12-07 00:00:00-05:00,5.369999885559082,5.46999979019165,5.360000133514404,5.449999809265137,82800,0.0,0.0
2022-12-08 00:00:00-05:00,5.510000228881836,5.570000171661377,5.449999809265137,5.489999771118164,108500,0.0,0.0
2022-12-09 00:00:00-05:00,5.460000038146973,5.519999980926514,5.400000095367432,5.400000095367432,130900,0.0,0.0
2022-12-12 00:00:00-05:00,5.409999847412109,5.46999979019165,5.309999942779541,5.360000133514404,143700,0.0,0.0
2022-12-13 00:00:00-05:00,5.429999828338623,5.429999828338623,5.320000171661377,5.329999923706055,170400,0.0,0.0
2022-12-14 00:00:00-05:00,5.309999942779541,5.369999885559082,5.230000019073486,5.239999771118164,149300,0.0,0.0
2022-12-15 00:00:00-05:00,5.239999771118164,5.28000020980835,5.079999923706055,5.210000038146973,111100,0.0,0.0
2022-12-16 00:00:00-05:00,5.190000057220459,5.190000057220459,5.090000152587891,5.159999847412109,113000,0.0,0.0
2022-12-19 00:00:00-05:00,5.119999885559082,5.170000076293945,5.090000152587891,5.099999904632568,65900,0.0,0.0
2022-12-20 00:00:00-05:00,5.090000152587891,5.130000114440918,5.090000152587891,5.099999904632568,77900,0.0,0.0
2022-12-21 00:00:00-05:00,5.059999942779541,5.199999809265137,5.039999961853027,5.099999904632568,239600,0.0,0.0
2022-12-22 00:00:00-05:00,5.050000190734863,5.170000076293945,5.050000190734863,5.119999885559082,124900,0.0,0.0
2022-12-23 00:00:00-05:00,5.119999885559082,5.21999979019165,5.099999904632568,5.130000114440918,47100,0.0,0.0
2022-12-27 00:00:00-05:00,5.119999885559082,5.190000057220459,5.0,5.039999961853027,170600,0.0,0.0
2022-12-28 00:00:00-05:00,5.019999980926514,5.059999942779541,4.989999771118164,5.03000020980835,83500,0.0,0.0
2022-12-29 00:00:00-05:00,5.059999942779541,5.059999942779541,4.949999809265137,5.010000228881836,148800,0.0,0.0
2022-12-30 00:00:00-05:00,4.980000019073486,5.019999980926514,4.920000076293945,4.940000057220459,209100,0.0,0.0
2023-01-03 00:00:00-05:00,5.039999961853027,5.099999904632568,5.0,5.079999923706055,136100,0.0,0.0
2023-01-04 00:00:00-05:00,5.090000152587891,5.159999847412109,4.960000038146973,5.050000190734863,257400,0.0,0.0
2023-01-05 00:00:00-05:00,5.050000190734863,5.090000152587891,4.980000019073486,5.090000152587891,119400,0.0,0.0
2023-01-06 00:00:00-05:00,5.130000114440918,5.210000038146973,5.099999904632568,5.179999828338623,85200,0.0,0.0
2023-01-09 00:00:00-05:00,5.199999809265137,5.289999961853027,5.150000095367432,5.21999979019165,165600,0.0,0.0
2023-01-10 00:00:00-05:00,5.25,5.320000171661377,5.239999771118164,5.320000171661377,136300,0.0,0.0
2023-01-11 00:00:00-05:00,5.28000020980835,5.329999923706055,5.269999980926514,5.309999942779541,185600,0.0,0.0
2023-01-12 00:00:00-05:00,5.25,5.28000020980835,5.21999979019165,5.21999979019165,84800,0.0,0.0
2023-01-13 00:00:00-05:00,5.230000019073486,5.320000171661377,5.230000019073486,5.309999942779541,72000,0.0,0.0
2023-01-17 00:00:00-05:00,5.329999923706055,5.480000019073486,5.289999961853027,5.460000038146973,128300,0.0,0.0
2023-01-18 00:00:00-05:00,5.5,5.550000190734863,5.380000114440918,5.420000076293945,184500,0.0,0.0
2023-01-19 00:00:00-05:00,5.429999828338623,5.460000038146973,5.369999885559082,5.409999847412109,43300,0.0,0.0
2023-01-20 00:00:00-05:00,5.440000057220459,5.449999809265137,5.409999847412109,5.429999828338623,64200,0.0,0.0
2023-01-23 00:00:00-05:00,5.400000095367432,5.460000038146973,5.360000133514404,5.420000076293945,107100,0.0,0.0
2023-01-24 00:00:00-05:00,5.349999904632568,5.5,5.320000171661377,5.449999809265137,95600,0.0,0.0
2023-01-25 00:00:00-05:00,5.449999809265137,5.480000019073486,5.420000076293945,5.46999979019165,56000,0.0,0.0
2023-01-26 00:00:00-05:00,5.510000228881836,5.650000095367432,5.480000019073486,5.619999885559082,93000,0.0,0.0
2023-01-27 00:00:00-05:00,5.579999923706055,5.739999771118164,5.579999923706055,5.630000114440918,93600,0.0,0.0
2023-01-30 00:00:00-05:00,5.630000114440918,5.71999979019165,5.559999942779541,5.590000152587891,109600,0.0,0.0
2023-01-31 00:00:00-05:00,5.590000152587891,5.679999828338623,5.590000152587891,5.659999847412109,99200,0.0,0.0
2023-02-01 00:00:00-05:00,5.679999828338623,5.71999979019165,5.670000076293945,5.690000057220459,123900,0.0,0.0
2023-02-02 00:00:00-05:00,5.739999771118164,5.820000171661377,5.739999771118164,5.809999942779541,168200,0.0,0.0
2023-02-03 00:00:00-05:00,5.789999961853027,5.940000057220459,5.78000020980835,5.929999828338623,187500,0.0,0.0
2023-02-06 00:00:00-05:00,5.920000076293945,5.960000038146973,5.78000020980835,5.869999885559082,233500,0.0,0.0
2023-02-07 00:00:00-05:00,5.860000133514404,5.960000038146973,5.840000152587891,5.920000076293945,160700,0.0,0.0
2023-02-08 00:00:00-05:00,5.929999828338623,6.019999980926514,5.900000095367432,6.0,150300,0.0,0.0
2023-02-09 00:00:00-05:00,6.039999961853027,6.039999961853027,5.869999885559082,5.880000114440918,213400,0.0,0.0
2023-02-10 00:00:00-05:00,5.789999961853027,5.860000133514404,5.739999771118164,5.800000190734863,117700,0.0,0.0
2023-02-13 00:00:00-05:00,5.789999961853027,5.840000152587891,5.75,5.769999980926514,103600,0.0,0.0
2023-02-14 00:00:00-05:00,5.71999979019165,5.849999904632568,5.71999979019165,5.809999942779541,96500,0.0,0.0
2023-02-15 00:00:00-05:00,5.75,5.829999923706055,5.75,5.78000020980835,113400,0.0,0.0
2023-02-16 00:00:00-05:00,5.710000038146973,5.820000171661377,5.690000057220459,5.710000038146973,187100,0.0,0.0
2023-02-17 00:00:00-05:00,5.699999809265137,5.730000019073486,5.630000114440918,5.690000057220459,104300,0.0,0.0
2023-02-21 00:00:00-05:00,5.639999866485596,5.659999847412109,5.510000228881836,5.510000228881836,95000,0.0,0.0
2023-02-22 00:00:00-05:00,5.510000228881836,5.579999923706055,5.5,5.559999942779541,71000,0.0,0.0
2023-02-23 00:00:00-05:00,5.559999942779541,5.619999885559082,5.559999942779541,5.619999885559082,71100,0.0,0.0
2023-02-24 00:00:00-05:00,5.510000228881836,5.670000076293945,5.510000228881836,5.590000152587891,127600,0.0,0.0
2023-02-27 00:00:00-05:00,5.599999904632568,5.739999771118164,5.599999904632568,5.599999904632568,65900,0.0,0.0
2023-02-28 00:00:00-05:00,5.659999847412109,5.679999828338623,5.590000152587891,5.659999847412109,44500,0.0,0.0
2023-03-01 00:00:00-05:00,5.679999828338623,5.710000038146973,5.570000171661377,5.610000133514404,112600,0.0,0.0
2023-03-02 00:00:00-05:00,5.590000152587891,5.710000038146973,5.590000152587891,5.699999809265137,102900,0.0,0.0
2023-03-03 00:00:00-05:00,5.71999979019165,5.920000076293945,5.71999979019165,5.849999904632568,323300,0.0,0.0
2023-03-06 00:00:00-05:00,5.900000095367432,5.949999809265137,5.800000190734863,5.909999847412109,252800,0.0,0.0
2023-03-07 00:00:00-05:00,5.940000057220459,5.96999979019165,5.860000133514404,5.900000095367432,168100,0.0,0.0
2023-03-08 00:00:00-05:00,5.889999866485596,5.920000076293945,5.869999885559082,5.909999847412109,137700,0.0,0.0
2023-03-09 00:00:00-05:00,5.909999847412109,5.920000076293945,5.78000020980835,5.800000190734863,170500,0.0,0.0
2023-03-10 00:00:00-05:00,5.699999809265137,5.760000228881836,5.570000171661377,5.570000171661377,182200,0.0,0.0
2023-03-13 00:00:00-04:00,5.519999980926514,5.630000114440918,5.400000095367432,5.489999771118164,219200,0.0,0.0
2023-03-14 00:00:00-04:00,5.610000133514404,5.639999866485596,5.539999961853027,5.590000152587891,106100,0.0,0.0
2023-03-15 00:00:00-04:00,5.5,5.539999961853027,5.340000152587891,5.389999866485596,285000,0.0,0.0
2023-03-16 00:00:00-04:00,5.369999885559082,5.489999771118164,5.320000171661377,5.460000038146973,127400,0.0,0.0
2023-03-17 00:00:00-04:00,5.440000057220459,5.5,5.260000228881836,5.309999942779541,176900,0.0,0.0
2023-03-20 00:00:00-04:00,5.289999961853027,5.369999885559082,5.179999828338623,5.179999828338623,147100,0.0,0.0
2023-03-21 00:00:00-04:00,5.199999809265137,5.269999980926514,5.199999809265137,5.21999979019165,132500,0.0,0.0
2023-03-22 00:00:00-04:00,5.25,5.300000190734863,5.210000038146973,5.269999980926514,108100,0.0,0.0
2023-03-23 00:00:00-04:00,5.289999961853027,5.380000114440918,5.269999980926514,5.320000171661377,83000,0.0,0.0
2023-03-24 00:00:00-04:00,5.349999904632568,5.420000076293945,5.329999923706055,5.369999885559082,122000,0.0,0.0
2023-03-27 00:00:00-04:00,5.400000095367432,5.440000057220459,5.349999904632568,5.360000133514404,55700,0.0,0.0
2023-03-28 00:00:00-04:00,5.380000114440918,5.449999809265137,5.260000228881836,5.300000190734863,48300,0.0,0.0
2023-03-29 00:00:00-04:00,5.309999942779541,5.420000076293945,5.28000020980835,5.389999866485596,66700,0.0,0.0
2023-03-30 00:00:00-04:00,5.400000095367432,5.550000190734863,5.340000152587891,5.519999980926514,86700,0.0,0.0
2023-03-31 00:00:00-04:00,5.5,5.639999866485596,5.300000190734863,5.320000171661377,513100,0.0,0.0
2023-04-03 00:00:00-04:00,5.369999885559082,5.449999809265137,5.329999923706055,5.349999904632568,165800,0.0,0.0
2023-04-04 00:00:00-04:00,5.400000095367432,5.579999923706055,5.400000095367432,5.480000019073486,88600,0.0,0.0
2023-04-05 00:00:00-04:00,5.46999979019165,5.53000020980835,5.460000038146973,5.510000228881836,65100,0.0,0.0
2023-04-06 00:00:00-04:00,5.550000190734863,5.570000171661377,5.489999771118164,5.53000020980835,57400,0.0,0.0
2023-04-10 00:00:00-04:00,5.440000057220459,5.53000020980835,5.400000095367432,5.420000076293945,150700,0.0,0.0
2023-04-11 00:00:00-04:00,5.400000095367432,5.510000228881836,5.400000095367432,5.460000038146973,84600,0.0,0.0
2023-04-12 00:00:00-04:00,5.400000095367432,5.440000057220459,5.349999904632568,5.349999904632568,78900,0.0,0.0
2023-04-13 00:00:00-04:00,5.349999904632568,5.429999828338623,5.349999904632568,5.349999904632568,43500,0.0,0.0
2023-04-14 00:00:00-04:00,5.340000152587891,5.389999866485596,5.309999942779541,5.340000152587891,40000,0.0,0.0
2023-04-17 00:00:00-04:00,5.340000152587891,5.389999866485596,5.329999923706055,5.369999885559082,56600,0.0,0.0
2023-04-18 00:00:00-04:00,5.349999904632568,5.360000133514404,5.300000190734863,5.349999904632568,83500,0.0,0.0
2023-04-19 00:00:00-04:00,5.320000171661377,5.400000095367432,5.320000171661377,5.389999866485596,126400,0.0,0.0
2023-04-20 00:00:00-04:00,5.369999885559082,5.400000095367432,5.329999923706055,5.340000152587891,31400,0.0,0.0
2023-04-21 00:00:00-04:00,5.320000171661377,5.349999904632568,5.260000228881836,5.300000190734863,74300,0.0,0.0
2023-04-24 00:00:00-04:00,5.300000190734863,5.349999904632568,5.260000228881836,5.289999961853027,104400,0.0,0.0
2023-04-25 00:00:00-04:00,5.300000190734863,5.349999904632568,5.28000020980835,5.349999904632568,105000,0.0,0.0
2023-04-26 00:00:00-04:00,5.329999923706055,5.329999923706055,5.260000228881836,5.289999961853027,61300,0.0,0.0
2023-04-27 00:00:00-04:00,5.320000171661377,5.320000171661377,5.239999771118164,5.260000228881836,86000,0.0,0.0
2023-04-28 00:00:00-04:00,5.230000019073486,5.320000171661377,5.21999979019165,5.300000190734863,60700,0.0,0.0
2023-05-01 00:00:00-04:00,5.320000171661377,5.369999885559082,5.25,5.349999904632568,112300,0.0,0.0
2023-05-02 00:00:00-04:00,5.300000190734863,5.360000133514404,5.28000020980835,5.309999942779541,95900,0.0,0.0
2023-05-03 00:00:00-04:00,5.28000020980835,5.360000133514404,5.28000020980835,5.329999923706055,72000,0.0,0.0
2023-05-04 00:00:00-04:00,5.309999942779541,5.349999904632568,5.21999979019165,5.269999980926514,135700,0.0,0.0
2023-05-05 00:00:00-04:00,5.300000190734863,5.320000171661377,5.230000019073486,5.269999980926514,86500,0.0,0.0
2023-05-08 00:00:00-04:00,5.269999980926514,5.340000152587891,5.269999980926514,5.320000171661377,84400,0.0,0.0
2023-05-09 00:00:00-04:00,5.300000190734863,5.340000152587891,5.300000190734863,5.309999942779541,49000,0.0,0.0
2023-05-10 00:00:00-04:00,5.260000228881836,5.309999942779541,5.25,5.28000020980835,51100,0.0,0.0
2023-05-11 00:00:00-04:00,5.25,5.289999961853027,5.21999979019165,5.21999979019165,55500,0.0,0.0
2023-05-12 00:00:00-04:00,5.230000019073486,5.309999942779541,5.230000019073486,5.230000019073486,67000,0.0,0.0
2023-05-15 00:00:00-04:00,5.210000038146973,5.329999923706055,5.210000038146973,5.230000019073486,81200,0.0,0.0
2023-05-16 00:00:00-04:00,5.239999771118164,5.340000152587891,5.239999771118164,5.300000190734863,38400,0.0,0.0
2023-05-17 00:00:00-04:00,5.300000190734863,5.329999923706055,5.289999961853027,5.289999961853027,46500,0.0,0.0
2023-05-18 00:00:00-04:00,5.320000171661377,5.449999809265137,5.320000171661377,5.420000076293945,101900,0.0,0.0
2023-05-19 00:00:00-04:00,5.389999866485596,5.400000095367432,5.28000020980835,5.300000190734863,74300,0.0,0.0
2023-05-22 00:00:00-04:00,5.300000190734863,5.400000095367432,4.960000038146973,5.039999961853027,234700,0.0,0.0
2023-05-23 00:00:00-04:00,5.050000190734863,5.059999942779541,4.940000057220459,4.96999979019165,227600,0.0,0.0
2023-05-24 00:00:00-04:00,4.949999809265137,5.019999980926514,4.940000057220459,4.960000038146973,83900,0.0,0.0
2023-05-25 00:00:00-04:00,4.960000038146973,4.980000019073486,4.820000171661377,4.860000133514404,138400,0.0,0.0
2023-05-26 00:00:00-04:00,4.869999885559082,4.949999809265137,4.820000171661377,4.929999828338623,76400,0.0,0.0
2023-05-30 00:00:00-04:00,4.909999847412109,4.949999809265137,4.829999923706055,4.929999828338623,108200,0.0,0.0
2023-05-31 00:00:00-04:00,4.909999847412109,4.96999979019165,4.849999904632568,4.929999828338623,66200,0.0,0.0
2023-06-01 00:00:00-04:00,4.929999828338623,5.130000114440918,4.929999828338623,5.090000152587891,115200,0.0,0.0
2023-06-02 00:00:00-04:00,5.150000095367432,5.199999809265137,5.130000114440918,5.130000114440918,149100,0.0,0.0
2023-06-05 00:00:00-04:00,5.130000114440918,5.210000038146973,5.099999904632568,5.170000076293945,63700,0.0,0.0
2023-06-06 00:00:00-04:00,5.159999847412109,5.289999961853027,5.159999847412109,5.269999980926514,92900,0.0,0.0
2023-06-07 00:00:00-04:00,5.230000019073486,5.349999904632568,5.230000019073486,5.309999942779541,91100,0.0,0.0
2023-06-08 00:00:00-04:00,5.309999942779541,5.400000095367432,5.269999980926514,5.340000152587891,82900,0.0,0.0
2023-06-09 00:00:00-04:00,5.230000019073486,5.260000228881836,5.199999809265137,5.210000038146973,62900,0.0,0.0
2023-06-12 00:00:00-04:00,5.210000038146973,5.289999961853027,5.130000114440918,5.289999961853027,78900,0.0,0.0
2023-06-13 00:00:00-04:00,5.25,5.400000095367432,5.25,5.269999980926514,103900,0.0,0.0
2023-06-14 00:00:00-04:00,5.260000228881836,5.349999904632568,5.159999847412109,5.239999771118164,156200,0.0,0.0
2023-06-15 00:00:00-04:00,5.239999771118164,5.449999809265137,5.239999771118164,5.349999904632568,80400,0.0,0.0
2023-06-16 00:00:00-04:00,5.400000095367432,5.420000076293945,5.289999961853027,5.360000133514404,68500,0.0,0.0
2023-06-20 00:00:00-04:00,5.400000095367432,5.519999980926514,5.320000171661377,5.460000038146973,184700,0.0,0.0
2023-06-21 00:00:00-04:00,5.400000095367432,5.449999809265137,5.380000114440918,5.409999847412109,54100,0.0,0.0
2023-06-22 00:00:00-04:00,5.329999923706055,5.389999866485596,5.269999980926514,5.340000152587891,71300,0.0,0.0
2023-06-23 00:00:00-04:00,5.300000190734863,5.349999904632568,5.25,5.269999980926514,67200,0.0,0.0
2023-06-26 00:00:00-04:00,5.239999771118164,5.320000171661377,5.230000019073486,5.289999961853027,70900,0.0,0.0
2023-06-27 00:00:00-04:00,5.25,5.289999961853027,5.21999979019165,5.230000019073486,63900,0.0,0.0
2023-06-28 00:00:00-04:00,5.199999809265137,5.260000228881836,5.159999847412109,5.210000038146973,80200,0.0,0.0
2023-06-29 00:00:00-04:00,5.190000057220459,5.21999979019165,5.099999904632568,5.159999847412109,117400,0.0,0.0
2023-06-30 00:00:00-04:00,5.150000095367432,5.239999771118164,5.079999923706055,5.199999809265137,164800,0.0,0.0
2023-07-03 00:00:00-04:00,5.199999809265137,5.369999885559082,5.199999809265137,5.329999923706055,81900,0.0,0.0
2023-07-05 00:00:00-04:00,5.409999847412109,5.639999866485596,5.340000152587891,5.639999866485596,228300,0.0,0.0
2023-07-06 00:00:00-04:00,5.539999961853027,5.610000133514404,5.480000019073486,5.610000133514404,89200,0.0,0.0
2023-07-07 00:00:00-04:00,5.480000019073486,5.639999866485596,5.480000019073486,5.599999904632568,287700,0.0,0.0
2023-07-10 00:00:00-04:00,5.619999885559082,5.730000019073486,5.599999904632568,5.699999809265137,125400,0.0,0.0
2023-07-11 00:00:00-04:00,5.679999828338623,5.71999979019165,5.610000133514404,5.670000076293945,147400,0.0,0.0
2023-07-12 00:00:00-04:00,5.619999885559082,5.739999771118164,5.599999904632568,5.679999828338623,69400,0.0,0.0
2023-07-13 00:00:00-04:00,5.670000076293945,5.739999771118164,5.659999847412109,5.679999828338623,99300,0.0,0.0
2023-07-14 00:00:00-04:00,5.639999866485596,5.639999866485596,5.5,5.579999923706055,87400,0.0,0.0
2023-07-17 00:00:00-04:00,5.570000171661377,5.630000114440918,5.449999809265137,5.5,151300,0.0,0.0
2023-07-18 00:00:00-04:00,5.489999771118164,5.559999942779541,5.460000038146973,5.5,114100,0.0,0.0
2023-07-19 00:00:00-04:00,5.449999809265137,5.739999771118164,5.449999809265137,5.699999809265137,143500,0.0,0.0
2023-07-20 00:00:00-04:00,5.690000057220459,5.75,5.650000095367432,5.699999809265137,157000,0.0,0.0
2023-07-21 00:00:00-04:00,5.679999828338623,5.690000057220459,5.599999904632568,5.610000133514404,83200,0.0,0.0
2023-07-24 00:00:00-04:00,5.570000171661377,5.679999828338623,5.5,5.5,152500,0.0,0.0
2023-07-25 00:00:00-04:00,5.489999771118164,5.579999923706055,5.480000019073486,5.489999771118164,82200,0.0,0.0
2023-07-26 00:00:00-04:00,5.480000019073486,5.519999980926514,5.429999828338623,5.460000038146973,66000,0.0,0.0
2023-07-27 00:00:00-04:00,5.460000038146973,5.510000228881836,5.389999866485596,5.420000076293945,144900,0.0,0.0
2023-07-28 00:00:00-04:00,5.420000076293945,5.519999980926514,5.409999847412109,5.480000019073486,91900,0.0,0.0
2023-07-31 00:00:00-04:00,5.480000019073486,5.559999942779541,5.429999828338623,5.489999771118164,111700,0.0,0.0
2023-08-01 00:00:00-04:00,5.429999828338623,5.5,5.389999866485596,5.420000076293945,113300,0.0,0.0
2023-08-02 00:00:00-04:00,5.349999904632568,5.489999771118164,5.340000152587891,5.46999979019165,117900,0.0,0.0
2023-08-03 00:00:00-04:00,5.369999885559082,5.510000228881836,5.369999885559082,5.480000019073486,105400,0.0,0.0
2023-08-04 00:00:00-04:00,5.440000057220459,5.630000114440918,5.440000057220459,5.610000133514404,100500,0.0,0.0
2023-08-07 00:00:00-04:00,5.610000133514404,5.610000133514404,5.550000190734863,5.590000152587891,97600,0.0,0.0
2023-08-08 00:00:00-04:00,5.599999904632568,5.610000133514404,5.559999942779541,5.599999904632568,81800,0.0,0.0
2023-08-09 00:00:00-04:00,5.550000190734863,5.599999904632568,5.510000228881836,5.570000171661377,90400,0.0,0.0
2023-08-10 00:00:00-04:00,5.5,5.550000190734863,5.440000057220459,5.449999809265137,79600,0.0,0.0
2023-08-11 00:00:00-04:00,5.429999828338623,5.449999809265137,5.389999866485596,5.409999847412109,88800,0.0,0.0
2023-08-14 00:00:00-04:00,5.409999847412109,5.440000057220459,5.400000095367432,5.420000076293945,42100,0.0,0.0
2023-08-15 00:00:00-04:00,5.420000076293945,5.420000076293945,5.320000171661377,5.420000076293945,94100,0.0,0.0
2023-08-16 00:00:00-04:00,5.380000114440918,5.449999809265137,5.329999923706055,5.329999923706055,99100,0.0,0.0
2023-08-17 00:00:00-04:00,5.329999923706055,5.340000152587891,5.269999980926514,5.28000020980835,51400,0.0,0.0
2023-08-18 00:00:00-04:00,5.239999771118164,5.320000171661377,5.239999771118164,5.289999961853027,56500,0.0,0.0
2023-08-21 00:00:00-04:00,5.309999942779541,5.369999885559082,5.25,5.360000133514404,61200,0.0,0.0
2023-08-22 00:00:00-04:00,5.340000152587891,5.570000171661377,5.300000190734863,5.5,99400,0.0,0.0
2023-08-23 00:00:00-04:00,5.5,5.519999980926514,5.449999809265137,5.5,56200,0.0,0.0
2023-08-24 00:00:00-04:00,5.5,5.5,5.440000057220459,5.440000057220459,72300,0.0,0.0
2023-08-25 00:00:00-04:00,5.480000019073486,5.480000019073486,5.400000095367432,5.409999847412109,78300,0.0,0.0
2023-08-28 00:00:00-04:00,5.449999809265137,5.53000020980835,5.420000076293945,5.510000228881836,93800,0.0,0.0
2023-08-29 00:00:00-04:00,5.46999979019165,5.579999923706055,5.460000038146973,5.539999961853027,80800,0.0,0.0
2023-08-30 00:00:00-04:00,5.570000171661377,5.590000152587891,5.519999980926514,5.539999961853027,50700,0.0,0.0
2023-08-31 00:00:00-04:00,5.510000228881836,5.570000171661377,5.480000019073486,5.480000019073486,76600,0.0,0.0
2023-09-01 00:00:00-04:00,5.53000020980835,5.570000171661377,5.480000019073486,5.510000228881836,112600,0.0,0.0
2023-09-05 00:00:00-04:00,5.539999961853027,5.630000114440918,5.519999980926514,5.559999942779541,194300,0.0,0.0
2023-09-06 00:00:00-04:00,5.539999961853027,5.579999923706055,5.519999980926514,5.550000190734863,115900,0.0,0.0
2023-09-07 00:00:00-04:00,5.5,5.559999942779541,5.5,5.53000020980835,76500,0.0,0.0
2023-09-08 00:00:00-04:00,5.400000095367432,5.5,5.380000114440918,5.389999866485596,110300,0.0,0.0
2023-09-11 00:00:00-04:00,5.409999847412109,5.46999979019165,5.369999885559082,5.429999828338623,116500,0.0,0.0
2023-09-12 00:00:00-04:00,5.400000095367432,5.46999979019165,5.389999866485596,5.449999809265137,49500,0.0,0.0
2023-09-13 00:00:00-04:00,5.480000019073486,5.539999961853027,5.449999809265137,5.5,78800,0.0,0.0
2023-09-14 00:00:00-04:00,5.480000019073486,5.519999980926514,5.46999979019165,5.5,83300,0.0,0.0
2023-09-15 00:00:00-04:00,5.46999979019165,5.5,5.420000076293945,5.480000019073486,38600,0.0,0.0
2023-09-18 00:00:00-04:00,5.460000038146973,5.5,5.460000038146973,5.46999979019165,76700,0.0,0.0
2023-09-19 00:00:00-04:00,5.489999771118164,5.489999771118164,5.46999979019165,5.46999979019165,93200,0.0,0.0
2023-09-20 00:00:00-04:00,5.5,5.5,5.460000038146973,5.460000038146973,36800,0.0,0.0
2023-09-21 00:00:00-04:00,5.420000076293945,5.46999979019165,5.369999885559082,5.369999885559082,59900,0.0,0.0
2023-09-22 00:00:00-04:00,5.400000095367432,5.440000057220459,5.369999885559082,5.389999866485596,57900,0.0,0.0
2023-09-25 00:00:00-04:00,5.369999885559082,5.420000076293945,5.360000133514404,5.369999885559082,69300,0.0,0.0
2023-09-26 00:00:00-04:00,5.340000152587891,5.409999847412109,5.300000190734863,5.320000171661377,76400,0.0,0.0
2023-09-27 00:00:00-04:00,5.320000171661377,5.409999847412109,5.269999980926514,5.269999980926514,64800,0.0,0.0
2023-09-28 00:00:00-04:00,5.28000020980835,5.320000171661377,5.199999809265137,5.28000020980835,98900,0.0,0.0
2023-09-29 00:00:00-04:00,5.300000190734863,5.369999885559082,5.289999961853027,5.309999942779541,44400,0.0,0.0
2023-10-02 00:00:00-04:00,5.329999923706055,5.329999923706055,5.179999828338623,5.179999828338623,146700,0.0,0.0
2023-10-03 00:00:00-04:00,5.170000076293945,5.239999771118164,5.090000152587891,5.159999847412109,144000,0.0,0.0
2023-10-04 00:00:00-04:00,5.190000057220459,5.269999980926514,5.150000095367432,5.239999771118164,67100,0.0,0.0
2023-10-05 00:00:00-04:00,5.239999771118164,5.320000171661377,5.170000076293945,5.170000076293945,72600,0.0,0.0
2023-10-06 00:00:00-04:00,5.119999885559082,5.239999771118164,5.059999942779541,5.150000095367432,115200,0.0,0.0
2023-10-09 00:00:00-04:00,5.179999828338623,5.289999961853027,5.179999828338623,5.25,67200,0.0,0.0
2023-10-10 00:00:00-04:00,5.289999961853027,5.380000114440918,5.25,5.28000020980835,170200,0.0,0.0
2023-10-11 00:00:00-04:00,5.199999809265137,5.28000020980835,5.090000152587891,5.190000057220459,82000,0.0,0.0
2023-10-12 00:00:00-04:00,5.190000057220459,5.199999809265137,5.130000114440918,5.159999847412109,64900,0.0,0.0
2023-10-13 00:00:00-04:00,5.210000038146973,5.230000019073486,5.150000095367432,5.190000057220459,64500,0.0,0.0
2023-10-16 00:00:00-04:00,5.25,5.28000020980835,4.940000057220459,5.050000190734863,189300,0.0,0.0
2023-10-17 00:00:00-04:00,4.96999979019165,5.070000171661377,4.829999923706055,4.860000133514404,202500,0.0,0.0
2023-10-18 00:00:00-04:00,4.829999923706055,4.900000095367432,4.699999809265137,4.78000020980835,122700,0.0,0.0
2023-10-19 00:00:00-04:00,4.78000020980835,4.809999942779541,4.659999847412109,4.670000076293945,115500,0.0,0.0
2023-10-20 00:00:00-04:00,4.710000038146973,4.769999980926514,4.550000190734863,4.579999923706055,222400,0.0,0.0
2023-10-23 00:00:00-04:00,4.559999942779541,4.809999942779541,4.550000190734863,4.579999923706055,183000,0.0,0.0
2023-10-24 00:00:00-04:00,4.590000152587891,4.840000152587891,4.579999923706055,4.690000057220459,186200,0.0,0.0
2023-10-25 00:00:00-04:00,4.630000114440918,4.690000057220459,4.519999980926514,4.519999980926514,147900,0.0,0.0
2023-10-26 00:00:00-04:00,4.519999980926514,4.619999885559082,4.510000228881836,4.570000171661377,83100,0.0,0.0
2023-10-27 00:00:00-04:00,4.579999923706055,4.75,4.550000190734863,4.71999979019165,83500,0.0,0.0
2023-10-30 00:00:00-04:00,4.739999771118164,4.75,4.650000095367432,4.650000095367432,88900,0.0,0.0
2023-10-31 00:00:00-04:00,4.679999828338623,4.820000171661377,4.619999885559082,4.800000190734863,148200,0.0,0.0
2023-11-01 00:00:00-04:00,4.889999866485596,5.070000171661377,4.809999942779541,5.03000020980835,191400,0.0,0.0
2023-11-02 00:00:00-04:00,5.059999942779541,5.400000095367432,5.03000020980835,5.340000152587891,512900,0.0,0.0
2023-11-03 00:00:00-04:00,5.369999885559082,5.650000095367432,5.369999885559082,5.489999771118164,324500,0.0,0.0
2023-11-06 00:00:00-05:00,5.5,5.570000171661377,5.46999979019165,5.53000020980835,118600,0.0,0.0
2023-11-07 00:00:00-05:00,5.510000228881836,5.519999980926514,5.429999828338623,5.480000019073486,65500,0.0,0.0
2023-11-08 00:00:00-05:00,5.550000190734863,5.579999923706055,5.480000019073486,5.53000020980835,83400,0.0,0.0
2023-11-09 00:00:00-05:00,5.559999942779541,5.579999923706055,5.329999923706055,5.329999923706055,102000,0.0,0.0
2023-11-10 00:00:00-05:00,5.309999942779541,5.389999866485596,5.28000020980835,5.360000133514404,146100,0.0,0.0
2023-11-13 00:00:00-05:00,5.340000152587891,5.340000152587891,5.150000095367432,5.329999923706055,154800,0.0,0.0
2023-11-14 00:00:00-05:00,5.429999828338623,5.510000228881836,5.380000114440918,5.489999771118164,172700,0.0,0.0
2023-11-15 00:00:00-05:00,5.489999771118164,5.559999942779541,5.440000057220459,5.449999809265137,129700,0.0,0.0
2023-11-16 00:00:00-05:00,5.420000076293945,5.559999942779541,5.420000076293945,5.559999942779541,85400,0.0,0.0
2023-11-17 00:00:00-05:00,5.599999904632568,5.639999866485596,5.550000190734863,5.610000133514404,94100,0.0,0.0
2023-11-20 00:00:00-05:00,5.630000114440918,5.699999809265137,5.599999904632568,5.630000114440918,96200,0.0,0.0
2023-11-21 00:00:00-05:00,5.559999942779541,5.599999904632568,5.519999980926514,5.539999961853027,97500,0.0,0.0
2023-11-22 00:00:00-05:00,5.539999961853027,5.590000152587891,5.539999961853027,5.559999942779541,69900,0.0,0.0
2023-11-24 00:00:00-05:00,5.550000190734863,5.619999885559082,5.510000228881836,5.53000020980835,68500,0.0,0.0
2023-11-27 00:00:00-05:00,5.510000228881836,5.619999885559082,5.510000228881836,5.610000133514404,67100,0.0,0.0
2023-11-28 00:00:00-05:00,5.639999866485596,5.75,5.579999923706055,5.650000095367432,293000,0.0,0.0
2023-11-29 00:00:00-05:00,5.630000114440918,5.730000019073486,5.610000133514404,5.679999828338623,281800,0.0,0.0
2023-11-30 00:00:00-05:00,5.659999847412109,5.71999979019165,5.619999885559082,5.650000095367432,62700,0.0,0.0
2023-12-01 00:00:00-05:00,5.670000076293945,5.679999828338623,5.639999866485596,5.679999828338623,119700,0.0,0.0
2023-12-04 00:00:00-05:00,5.679999828338623,5.71999979019165,5.650000095367432,5.699999809265137,117800,0.0,0.0
2023-12-05 00:00:00-05:00,5.690000057220459,5.769999980926514,5.650000095367432,5.670000076293945,127500,0.0,0.0
2023-12-06 00:00:00-05:00,5.739999771118164,5.739999771118164,5.650000095367432,5.699999809265137,85300,0.0,0.0
2023-12-07 00:00:00-05:00,5.71999979019165,5.809999942779541,5.690000057220459,5.75,119200,0.0,0.0
2023-12-08 00:00:00-05:00,5.690000057220459,5.820000171661377,5.670000076293945,5.78000020980835,96500,0.0,0.0
2023-12-11 00:00:00-05:00,5.760000228881836,5.789999961853027,5.710000038146973,5.78000020980835,119800,0.0,0.0
2023-12-12 00:00:00-05:00,5.75,5.800000190734863,5.71999979019165,5.769999980926514,79800,0.0,0.0
2023-12-13 00:00:00-05:00,5.75,6.0,5.75,5.989999771118164,190600,0.0,0.0
2023-12-14 00:00:00-05:00,6.050000190734863,6.300000190734863,6.0,6.239999771118164,286300,0.0,0.0
2023-12-15 00:00:00-05:00,6.199999809265137,6.210000038146973,6.059999942779541,6.059999942779541,138100,0.0,0.0
2023-12-18 00:00:00-05:00,6.090000152587891,6.130000114440918,6.059999942779541,6.090000152587891,102900,0.0,0.0
2023-12-19 00:00:00-05:00,6.059999942779541,6.099999904632568,6.010000228881836,6.03000020980835,134100,0.0,0.0
2023-12-20 00:00:00-05:00,6.010000228881836,6.03000020980835,5.849999904632568,5.849999904632568,313000,0.0,0.0
2023-12-21 00:00:00-05:00,6.0,6.0,5.829999923706055,5.849999904632568,115200,0.0,0.0
2023-12-22 00:00:00-05:00,5.889999866485596,5.940000057220459,5.840000152587891,5.880000114440918,118100,0.0,0.0
2023-12-26 00:00:00-05:00,5.849999904632568,5.949999809265137,5.820000171661377,5.880000114440918,116900,0.0,0.0
2023-12-27 00:00:00-05:00,5.929999828338623,5.949999809265137,5.840000152587891,5.940000057220459,139700,0.0,0.0
2023-12-28 00:00:00-05:00,6.010000228881836,6.03000020980835,5.96999979019165,5.96999979019165,93100,0.0,0.0
2023-12-29 00:00:00-05:00,6.0,6.079999923706055,5.940000057220459,6.079999923706055,259100,0.0,0.0
2024-01-02 00:00:00-05:00,5.960000038146973,6.010000228881836,5.599999904632568,5.960000038146973,284700,0.0,0.0
2024-01-03 00:00:00-05:00,5.920000076293945,5.980000019073486,5.840000152587891,5.960000038146973,113600,0.0,0.0
2024-01-04 00:00:00-05:00,5.960000038146973,6.079999923706055,5.960000038146973,5.980000019073486,111000,0.0,0.0
2024-01-05 00:00:00-05:00,5.980000019073486,6.050000190734863,5.96999979019165,5.96999979019165,147800,0.0,0.0
2024-01-08 00:00:00-05:00,6.059999942779541,6.070000171661377,6.0,6.039999961853027,146200,0.0,0.0
2024-01-09 00:00:00-05:00,6.039999961853027,6.039999961853027,6.0,6.010000228881836,76300,0.0,0.0
2024-01-10 00:00:00-05:00,6.019999980926514,6.239999771118164,6.019999980926514,6.130000114440918,242100,0.0,0.0
2024-01-11 00:00:00-05:00,6.03000020980835,6.119999885559082,6.0,6.050000190734863,105500,0.0,0.0
2024-01-12 00:00:00-05:00,6.019999980926514,6.050000190734863,6.010000228881836,6.010000228881836,106400,0.0,0.0
2024-01-16 00:00:00-05:00,6.0,6.039999961853027,5.940000057220459,6.019999980926514,135500,0.0,0.0
2024-01-17 00:00:00-05:00,5.940000057220459,6.050000190734863,5.920000076293945,5.949999809265137,74600,0.0,0.0
2024-01-18 00:00:00-05:00,5.940000057220459,6.039999961853027,5.940000057220459,6.010000228881836,105800,0.0,0.0
2024-01-19 00:00:00-05:00,6.03000020980835,6.03000020980835,5.929999828338623,5.96999979019165,300400,0.0,0.0
2024-01-22 00:00:00-05:00,5.949999809265137,6.050000190734863,5.949999809265137,6.03000020980835,77800,0.0,0.0
2024-01-23 00:00:00-05:00,6.0,6.090000152587891,5.989999771118164,6.059999942779541,117600,0.0,0.0
2024-01-24 00:00:00-05:00,6.099999904632568,6.150000095367432,6.039999961853027,6.139999866485596,159600,0.0,0.0
2024-01-25 00:00:00-05:00,6.179999828338623,6.199999809265137,6.130000114440918,6.159999847412109,101800,0.0,0.0
2024-01-26 00:00:00-05:00,6.139999866485596,6.170000076293945,6.139999866485596,6.150000095367432,60300,0.0,0.0
2024-01-29 00:00:00-05:00,6.199999809265137,6.300000190734863,6.099999904632568,6.099999904632568,180200,0.0,0.0
2024-01-30 00:00:00-05:00,6.130000114440918,6.190000057220459,5.949999809265137,6.039999961853027,167400,0.0,0.0
2024-01-31 00:00:00-05:00,6.0,6.099999904632568,6.0,6.059999942779541,121300,0.0,0.0
2024-02-01 00:00:00-05:00,6.139999866485596,6.239999771118164,6.059999942779541,6.150000095367432,210100,0.0,0.0
2024-02-02 00:00:00-05:00,6.119999885559082,6.150000095367432,6.070000171661377,6.079999923706055,106500,0.0,0.0
2024-02-05 00:00:00-05:00,6.070000171661377,6.190000057220459,6.039999961853027,6.090000152587891,120900,0.0,0.0
2024-02-06 00:00:00-05:00,6.119999885559082,6.179999828338623,6.119999885559082,6.170000076293945,85100,0.0,0.0
2024-02-07 00:00:00-05:00,6.170000076293945,6.210000038146973,6.159999847412109,6.210000038146973,104800,0.0,0.0
2024-02-08 00:00:00-05:00,6.179999828338623,6.230000019073486,6.090000152587891,6.199999809265137,142800,0.0,0.0
2024-02-09 00:00:00-05:00,6.099999904632568,6.21999979019165,6.099999904632568,6.139999866485596,171100,0.0,0.0
2024-02-12 00:00:00-05:00,6.139999866485596,6.21999979019165,6.139999866485596,6.179999828338623,77300,0.0,0.0
2024-02-13 00:00:00-05:00,6.130000114440918,6.159999847412109,6.099999904632568,6.130000114440918,113800,0.0,0.0
2024-02-14 00:00:00-05:00,6.130000114440918,6.170000076293945,6.119999885559082,6.159999847412109,114500,0.0,0.0
2024-02-15 00:00:00-05:00,6.139999866485596,6.25,6.139999866485596,6.190000057220459,82600,0.0,0.0
2024-02-16 00:00:00-05:00,6.210000038146973,6.230000019073486,6.179999828338623,6.199999809265137,95800,0.0,0.0
2024-02-20 00:00:00-05:00,6.210000038146973,6.21999979019165,6.170000076293945,6.170000076293945,68200,0.0,0.0
2024-02-21 00:00:00-05:00,6.170000076293945,6.21999979019165,6.139999866485596,6.139999866485596,99300,0.0,0.0
2024-02-22 00:00:00-05:00,6.150000095367432,6.190000057220459,6.150000095367432,6.159999847412109,179400,0.0,0.0
2024-02-23 00:00:00-05:00,6.159999847412109,6.309999942779541,6.159999847412109,6.300000190734863,394700,0.0,0.0
2024-02-26 00:00:00-05:00,6.239999771118164,6.269999980926514,6.210000038146973,6.210000038146973,86200,0.0,0.0
2024-02-27 00:00:00-05:00,6.28000020980835,6.28000020980835,6.079999923706055,6.110000133514404,236500,0.0,0.0
2024-02-28 00:00:00-05:00,6.139999866485596,6.159999847412109,6.070000171661377,6.090000152587891,157500,0.0,0.0
2024-02-29 00:00:00-05:00,6.119999885559082,6.139999866485596,6.03000020980835,6.050000190734863,150600,0.0,0.0
2024-03-01 00:00:00-05:00,6.130000114440918,6.139999866485596,6.039999961853027,6.079999923706055,272100,0.0,0.0
2024-03-04 00:00:00-05:00,6.110000133514404,6.130000114440918,6.03000020980835,6.059999942779541,152800,0.0,0.0
2024-03-05 00:00:00-05:00,6.03000020980835,6.079999923706055,6.03000020980835,6.039999961853027,135400,0.0,0.0
2024-03-06 00:00:00-05:00,6.039999961853027,6.079999923706055,6.039999961853027,6.039999961853027,103200,0.0,0.0
2024-03-07 00:00:00-05:00,6.039999961853027,6.079999923706055,6.039999961853027,6.050000190734863,150300,0.0,0.0
2024-03-08 00:00:00-05:00,6.0,6.019999980926514,5.980000019073486,5.989999771118164,163700,0.0,0.0
2024-03-11 00:00:00-04:00,5.980000019073486,5.989999771118164,5.960000038146973,5.960000038146973,98300,0.0,0.0
2024-03-12 00:00:00-04:00,5.960000038146973,6.059999942779541,5.960000038146973,6.059999942779541,115800,0.0,0.0
2024-03-13 00:00:00-04:00,6.059999942779541,6.159999847412109,5.960000038146973,6.099999904632568,384800,0.0,0.0
2024-03-14 00:00:00-04:00,6.050000190734863,6.190000057220459,6.050000190734863,6.150000095367432,129000,0.0,0.0
2024-03-15 00:00:00-04:00,6.150000095367432,6.179999828338623,6.130000114440918,6.130000114440918,65600,0.0,0.0
2024-03-18 00:00:00-04:00,6.179999828338623,6.179999828338623,6.119999885559082,6.119999885559082,57100,0.0,0.0
2024-03-19 00:00:00-04:00,6.070000171661377,6.119999885559082,6.070000171661377,6.079999923706055,60000,0.0,0.0
2024-03-20 00:00:00-04:00,6.099999904632568,6.099999904632568,6.079999923706055,6.090000152587891,32800,0.0,0.0
2024-03-21 00:00:00-04:00,6.090000152587891,6.159999847412109,6.090000152587891,6.139999866485596,130300,0.0,0.0
2024-03-22 00:00:00-04:00,6.139999866485596,6.159999847412109,6.099999904632568,6.119999885559082,119000,0.0,0.0
2024-03-25 00:00:00-04:00,6.070000171661377,6.099999904632568,5.960000038146973,6.050000190734863,209000,0.0,0.0
2024-03-26 00:00:00-04:00,6.03000020980835,6.070000171661377,6.019999980926514,6.039999961853027,68300,0.0,0.0
2024-03-27 00:00:00-04:00,6.079999923706055,6.090000152587891,6.070000171661377,6.079999923706055,59800,0.0,0.0
2024-03-28 00:00:00-04:00,6.099999904632568,6.099999904632568,6.079999923706055,6.090000152587891,63900,0.0,0.0
2024-04-01 00:00:00-04:00,6.119999885559082,6.139999866485596,6.090000152587891,6.099999904632568,94200,0.0,0.0
2024-04-02 00:00:00-04:00,6.079999923706055,6.130000114440918,6.059999942779541,6.119999885559082,155800,0.0,0.0
2024-04-03 00:00:00-04:00,6.090000152587891,6.139999866485596,6.090000152587891,6.130000114440918,66200,0.0,0.0
2024-04-04 00:00:00-04:00,6.150000095367432,6.159999847412109,6.099999904632568,6.119999885559082,60600,0.0,0.0
2024-04-05 00:00:00-04:00,6.119999885559082,6.139999866485596,6.090000152587891,6.110000133514404,125500,0.0,0.0
2024-04-08 00:00:00-04:00,6.119999885559082,6.139999866485596,6.099999904632568,6.119999885559082,52900,0.0,0.0
2024-04-09 00:00:00-04:00,6.110000133514404,6.139999866485596,6.099999904632568,6.110000133514404,83700,0.0,0.0
2024-04-10 00:00:00-04:00,6.019999980926514,6.03000020980835,5.96999979019165,5.980000019073486,152700,0.0,0.0
2024-04-11 00:00:00-04:00,5.980000019073486,6.0,5.880000114440918,5.940000057220459,231800,0.0,0.0
2024-04-12 00:00:00-04:00,5.949999809265137,5.989999771118164,5.869999885559082,5.869999885559082,79100,0.0,0.0
2024-04-15 00:00:00-04:00,5.809999942779541,5.889999866485596,5.71999979019165,5.71999979019165,167800,0.0,0.0
2024-04-16 00:00:00-04:00,5.710000038146973,5.96999979019165,5.699999809265137,5.920000076293945,215900,0.0,0.0
2024-04-17 00:00:00-04:00,5.929999828338623,5.929999828338623,5.769999980926514,5.78000020980835,281000,0.0,0.0
2024-04-18 00:00:00-04:00,5.760000228881836,5.869999885559082,5.539999961853027,5.630000114440918,514300,0.0,0.0
2024-04-19 00:00:00-04:00,5.599999904632568,5.650000095367432,5.579999923706055,5.610000133514404,107900,0.0,0.0
2024-04-22 00:00:00-04:00,5.619999885559082,5.710000038146973,5.619999885559082,5.670000076293945,98300,0.0,0.0
2024-04-23 00:00:00-04:00,5.670000076293945,5.739999771118164,5.670000076293945,5.739999771118164,87500,0.0,0.0
2024-04-24 00:00:00-04:00,5.75,5.769999980926514,5.670000076293945,5.71999979019165,76400,0.0,0.0
2024-04-25 00:00:00-04:00,5.679999828338623,5.71999979019165,5.659999847412109,5.699999809265137,86300,0.0,0.0
2024-04-26 00:00:00-04:00,5.690000057220459,5.71999979019165,5.679999828338623,5.690000057220459,57900,0.0,0.0
2024-04-29 00:00:00-04:00,5.690000057220459,5.760000228881836,5.690000057220459,5.75,52800,0.0,0.0
2024-04-30 00:00:00-04:00,5.710000038146973,5.789999961853027,5.710000038146973,5.789999961853027,111000,0.0,0.0
2024-05-01 00:00:00-04:00,5.820000171661377,5.920000076293945,5.800000190734863,5.920000076293945,117400,0.0,0.0
2024-05-02 00:00:00-04:00,5.900000095367432,5.949999809265137,5.880000114440918,5.900000095367432,110700,0.0,0.0
2024-05-03 00:00:00-04:00,6.0,6.0,5.730000019073486,5.769999980926514,318000,0.0,0.0
2024-05-06 00:00:00-04:00,5.800000190734863,5.829999923706055,5.730000019073486,5.809999942779541,165000,0.0,0.0
2024-05-07 00:00:00-04:00,5.829999923706055,5.840000152587891,5.78000020980835,5.809999942779541,97400,0.0,0.0
2024-05-08 00:00:00-04:00,5.809999942779541,5.809999942779541,5.75,5.78000020980835,130300,0.0,0.0
2024-05-09 00:00:00-04:00,5.75,5.78000020980835,5.710000038146973,5.75,125400,0.0,0.0
2024-05-10 00:00:00-04:00,5.679999828338623,5.820000171661377,5.670000076293945,5.789999961853027,140500,0.0,0.0
2024-05-13 00:00:00-04:00,5.789999961853027,5.800000190734863,5.730000019073486,5.789999961853027,96100,0.0,0.0
2024-05-14 00:00:00-04:00,5.739999771118164,5.820000171661377,5.739999771118164,5.760000228881836,131300,0.0,0.0
2024-05-15 00:00:00-04:00,5.809999942779541,5.880000114440918,5.789999961853027,5.880000114440918,104400,0.0,0.0
2024-05-16 00:00:00-04:00,5.889999866485596,6.010000228881836,5.849999904632568,6.010000228881836,130100,0.0,0.0
2024-05-17 00:00:00-04:00,5.96999979019165,6.130000114440918,5.949999809265137,6.110000133514404,192200,0.0,0.0
2024-05-20 00:00:00-04:00,6.119999885559082,6.119999885559082,6.019999980926514,6.050000190734863,126800,0.0,0.0
2024-05-21 00:00:00-04:00,6.050000190734863,6.079999923706055,6.03000020980835,6.079999923706055,105500,0.0,0.0
2024-05-22 00:00:00-04:00,6.079999923706055,6.079999923706055,6.039999961853027,6.079999923706055,54700,0.0,0.0
2024-05-23 00:00:00-04:00,6.059999942779541,6.079999923706055,5.960000038146973,5.960000038146973,92300,0.0,0.0
2024-05-24 00:00:00-04:00,5.960000038146973,6.019999980926514,5.960000038146973,6.0,41100,0.0,0.0
2024-05-28 00:00:00-04:00,6.0,6.019999980926514,5.989999771118164,5.989999771118164,28100,0.0,0.0
2024-05-29 00:00:00-04:00,5.980000019073486,6.019999980926514,5.940000057220459,6.019999980926514,52900,0.0,0.0
2024-05-30 00:00:00-04:00,6.039999961853027,6.090000152587891,6.039999961853027,6.059999942779541,85300,0.0,0.0
2024-05-31 00:00:00-04:00,6.059999942779541,6.110000133514404,6.059999942779541,6.099999904632568,66900,0.0,0.0
2024-06-03 00:00:00-04:00,6.139999866485596,6.139999866485596,6.099999904632568,6.139999866485596,114600,0.0,0.0
2024-06-04 00:00:00-04:00,6.139999866485596,6.170000076293945,6.130000114440918,6.159999847412109,81000,0.0,0.0
2024-06-05 00:00:00-04:00,6.150000095367432,6.179999828338623,6.139999866485596,6.150000095367432,52800,0.0,0.0
2024-06-06 00:00:00-04:00,6.199999809265137,6.199999809265137,6.139999866485596,6.139999866485596,56100,0.0,0.0
2024-06-07 00:00:00-04:00,6.090000152587891,6.159999847412109,6.090000152587891,6.099999904632568,102100,0.0,0.0
2024-06-10 00:00:00-04:00,6.079999923706055,6.25,6.079999923706055,6.230000019073486,177200,0.0,0.0
2024-06-11 00:00:00-04:00,6.21999979019165,6.21999979019165,6.170000076293945,6.190000057220459,78000,0.0,0.0
2024-06-12 00:00:00-04:00,6.210000038146973,6.25,6.170000076293945,6.179999828338623,86600,0.0,0.0
2024-06-13 00:00:00-04:00,6.150000095367432,6.159999847412109,6.050000190734863,6.090000152587891,94400,0.0,0.0
2024-06-14 00:00:00-04:00,6.070000171661377,6.130000114440918,6.070000171661377,6.110000133514404,39300,0.0,0.0
2024-06-17 00:00:00-04:00,6.139999866485596,6.170000076293945,6.090000152587891,6.099999904632568,116600,0.0,0.0
2024-06-18 00:00:00-04:00,6.130000114440918,6.159999847412109,6.099999904632568,6.150000095367432,99300,0.0,0.0
2024-06-20 00:00:00-04:00,6.130000114440918,6.170000076293945,6.099999904632568,6.139999866485596,114500,0.0,0.0
2024-06-21 00:00:00-04:00,6.139999866485596,6.170000076293945,6.119999885559082,6.150000095367432,63300,0.0,0.0
2024-06-24 00:00:00-04:00,6.130000114440918,6.190000057220459,6.130000114440918,6.139999866485596,87300,0.0,0.0
2024-06-25 00:00:00-04:00,6.170000076293945,6.199999809265137,6.139999866485596,6.179999828338623,81900,0.0,0.0
2024-06-26 00:00:00-04:00,6.179999828338623,6.199999809265137,6.159999847412109,6.159999847412109,40900,0.0,0.0
2024-06-27 00:00:00-04:00,6.139999866485596,6.190000057220459,6.139999866485596,6.159999847412109,76900,0.0,0.0
2024-06-28 00:00:00-04:00,6.199999809265137,6.230000019073486,6.150000095367432,6.210000038146973,65900,0.0,0.0
2024-07-01 00:00:00-04:00,6.269999980926514,6.300000190734863,6.21999979019165,6.260000228881836,183000,0.0,0.0
2024-07-02 00:00:00-04:00,6.28000020980835,6.300000190734863,6.269999980926514,6.269999980926514,51300,0.0,0.0
2024-07-03 00:00:00-04:00,6.269999980926514,6.300000190734863,6.269999980926514,6.269999980926514,38200,0.0,0.0
2024-07-05 00:00:00-04:00,6.260000228881836,6.360000133514404,6.260000228881836,6.340000152587891,121600,0.0,0.0
2024-07-08 00:00:00-04:00,6.360000133514404,6.420000076293945,6.349999904632568,6.400000095367432,145800,0.0,0.0
2024-07-09 00:00:00-04:00,6.420000076293945,6.449999809265137,6.400000095367432,6.429999828338623,143200,0.0,0.0
2024-07-10 00:00:00-04:00,6.449999809265137,6.5,6.409999847412109,6.409999847412109,200400,0.0,0.0
2024-07-11 00:00:00-04:00,6.400000095367432,6.489999771118164,6.380000114440918,6.460000038146973,112200,0.0,0.0
2024-07-12 00:00:00-04:00,6.440000057220459,6.46999979019165,6.400000095367432,6.449999809265137,133900,0.0,0.0
2024-07-15 00:00:00-04:00,6.480000019073486,6.480000019073486,6.449999809265137,6.449999809265137,101100,0.0,0.0
2024-07-16 00:00:00-04:00,6.449999809265137,6.570000171661377,6.449999809265137,6.510000228881836,119500,0.0,0.0
2024-07-17 00:00:00-04:00,6.510000228881836,6.539999961853027,6.460000038146973,6.539999961853027,114300,0.0,0.0
2024-07-18 00:00:00-04:00,6.590000152587891,6.630000114440918,6.53000020980835,6.579999923706055,80300,0.0,0.0
2024-07-19 00:00:00-04:00,6.619999885559082,6.619999885559082,6.460000038146973,6.46999979019165,80600,0.0,0.0
2024-07-22 00:00:00-04:00,6.460000038146973,6.610000133514404,6.460000038146973,6.590000152587891,124200,0.0,0.0
2024-07-23 00:00:00-04:00,6.559999942779541,6.849999904632568,6.559999942779541,6.679999828338623,248800,0.0,0.0
2024-07-24 00:00:00-04:00,6.650000095367432,6.650000095367432,6.559999942779541,6.599999904632568,159500,0.0,0.0
2024-07-25 00:00:00-04:00,6.659999847412109,6.690000057220459,6.599999904632568,6.619999885559082,77200,0.0,0.0
2024-07-26 00:00:00-04:00,6.650000095367432,6.900000095367432,6.650000095367432,6.710000038146973,264400,0.0,0.0
2024-07-29 00:00:00-04:00,6.71999979019165,6.789999961853027,6.710000038146973,6.760000228881836,102800,0.0,0.0
2024-07-30 00:00:00-04:00,6.760000228881836,6.849999904632568,6.699999809265137,6.71999979019165,150000,0.0,0.0
2024-07-31 00:00:00-04:00,6.75,6.849999904632568,6.579999923706055,6.75,479000,0.0,0.0
2024-08-01 00:00:00-04:00,6.78000020980835,6.880000114440918,6.71999979019165,6.71999979019165,204400,0.0,0.0
2024-08-02 00:00:00-04:00,6.730000019073486,6.75,6.659999847412109,6.699999809265137,176100,0.0,0.0
2024-08-05 00:00:00-04:00,6.559999942779541,6.670000076293945,6.519999980926514,6.559999942779541,378100,0.0,0.0
2024-08-06 00:00:00-04:00,6.630000114440918,6.789999961853027,6.570000171661377,6.659999847412109,223000,0.0,0.0
2024-08-07 00:00:00-04:00,6.75,6.820000171661377,6.679999828338623,6.71999979019165,227900,0.0,0.0
2024-08-08 00:00:00-04:00,6.730000019073486,6.889999866485596,6.71999979019165,6.809999942779541,241800,0.0,0.0
2024-08-09 00:00:00-04:00,6.789999961853027,6.860000133514404,6.760000228881836,6.769999980926514,105500,0.0,0.0
2024-08-12 00:00:00-04:00,6.71999979019165,6.75,6.659999847412109,6.659999847412109,133300,0.0,0.0
2024-08-13 00:00:00-04:00,6.699999809265137,6.739999771118164,6.659999847412109,6.71999979019165,100700,0.0,0.0
2024-08-14 00:00:00-04:00,6.730000019073486,6.809999942779541,6.730000019073486,6.789999961853027,108900,0.0,0.0
2024-08-15 00:00:00-04:00,6.840000152587891,6.889999866485596,6.820000171661377,6.869999885559082,106700,0.0,0.0
2024-08-16 00:00:00-04:00,6.869999885559082,6.869999885559082,6.800000190734863,6.820000171661377,180200,0.0,0.0
2024-08-19 00:00:00-04:00,6.860000133514404,6.869999885559082,6.820000171661377,6.840000152587891,136400,0.0,0.0
2024-08-20 00:00:00-04:00,6.869999885559082,6.889999866485596,6.809999942779541,6.840000152587891,120200,0.0,0.0
2024-08-21 00:00:00-04:00,6.880000114440918,6.889999866485596,6.739999771118164,6.809999942779541,140700,0.0,0.0
2024-08-22 00:00:00-04:00,6.840000152587891,6.980000019073486,6.78000020980835,6.840000152587891,111800,0.0,0.0
2024-08-23 00:00:00-04:00,6.869999885559082,6.960000038146973,6.829999923706055,6.920000076293945,140200,0.0,0.0
2024-08-26 00:00:00-04:00,6.880000114440918,6.929999828338623,6.860000133514404,6.869999885559082,150700,0.0,0.0
2024-08-27 00:00:00-04:00,6.869999885559082,6.929999828338623,6.809999942779541,6.849999904632568,125400,0.0,0.0
2024-08-28 00:00:00-04:00,6.800000190734863,6.869999885559082,6.75,6.840000152587891,109400,0.0,0.0
2024-08-29 00:00:00-04:00,6.880000114440918,6.949999809265137,6.840000152587891,6.869999885559082,128900,0.0,0.0
2024-08-30 00:00:00-04:00,6.880000114440918,6.960000038146973,6.760000228881836,6.880000114440918,146900,0.0,0.0
2024-09-03 00:00:00-04:00,6.889999866485596,6.900000095367432,6.769999980926514,6.820000171661377,235400,0.0,0.0
2024-09-04 00:00:00-04:00,6.809999942779541,7.070000171661377,6.800000190734863,6.96999979019165,481400,0.0,0.0
2024-09-05 00:00:00-04:00,7.0,7.090000152587891,6.960000038146973,7.03000020980835,220800,0.0,0.0
2024-09-06 00:00:00-04:00,7.039999961853027,7.090000152587891,6.980000019073486,7.039999961853027,113400,0.0,0.0
2024-09-09 00:00:00-04:00,7.059999942779541,7.159999847412109,7.019999980926514,7.130000114440918,169100,0.0,0.0
2024-09-10 00:00:00-04:00,7.139999866485596,7.349999904632568,7.110000133514404,7.289999961853027,193400,0.0,0.0
2024-09-11 00:00:00-04:00,7.289999961853027,7.46999979019165,7.269999980926514,7.460000038146973,171200,0.0,0.0
2024-09-12 00:00:00-04:00,7.480000019073486,7.630000114440918,7.420000076293945,7.550000190734863,249700,0.0,0.0
2024-09-13 00:00:00-04:00,7.480000019073486,7.679999828338623,7.440000057220459,7.659999847412109,255200,0.0,0.0
2024-09-16 00:00:00-04:00,7.639999866485596,7.71999979019165,7.53000020980835,7.659999847412109,299000,0.0,0.0
2024-09-17 00:00:00-04:00,7.670000076293945,7.690000057220459,7.550000190734863,7.570000171661377,177800,0.0,0.0
2024-09-18 00:00:00-04:00,7.53000020980835,7.579999923706055,7.380000114440918,7.429999828338623,256900,0.0,0.0
2024-09-19 00:00:00-04:00,7.53000020980835,7.570000171661377,7.480000019073486,7.570000171661377,156100,0.0,0.0
2024-09-20 00:00:00-04:00,7.599999904632568,7.650000095367432,7.510000228881836,7.599999904632568,166700,0.0,0.0
2024-09-23 00:00:00-04:00,7.590000152587891,7.630000114440918,7.539999961853027,7.599999904632568,149200,0.0,0.0
2024-09-24 00:00:00-04:00,7.599999904632568,7.699999809265137,7.570000171661377,7.650000095367432,119200,0.0,0.0
2024-09-25 00:00:00-04:00,7.639999866485596,7.690000057220459,7.579999923706055,7.599999904632568,117200,0.0,0.0
2024-09-26 00:00:00-04:00,7.630000114440918,7.679999828338623,7.570000171661377,7.630000114440918,121400,0.0,0.0
2024-09-27 00:00:00-04:00,7.619999885559082,7.760000228881836,7.619999885559082,7.760000228881836,138800,0.0,0.0
2024-09-30 00:00:00-04:00,7.760000228881836,7.769999980926514,7.630000114440918,7.690000057220459,113200,0.0,0.0
2024-10-01 00:00:00-04:00,7.730000019073486,7.769999980926514,7.610000133514404,7.710000038146973,198300,0.0,0.0
2024-10-02 00:00:00-04:00,7.679999828338623,7.760000228881836,7.650000095367432,7.710000038146973,175300,0.0,0.0
2024-10-03 00:00:00-04:00,7.75,7.809999942779541,7.71999979019165,7.800000190734863,110400,0.0,0.0
2024-10-04 00:00:00-04:00,7.78000020980835,7.849999904632568,7.75,7.789999961853027,105800,0.0,0.0
2024-10-07 00:00:00-04:00,7.78000020980835,7.809999942779541,7.699999809265137,7.710000038146973,196900,0.0,0.0
2024-10-08 00:00:00-04:00,7.710000038146973,7.789999961853027,7.650000095367432,7.739999771118164,108600,0.0,0.0
2024-10-09 00:00:00-04:00,7.78000020980835,7.840000152587891,7.739999771118164,7.789999961853027,99900,0.0,0.0
2024-10-10 00:00:00-04:00,7.789999961853027,8.069999694824219,7.78000020980835,8.020000457763672,224400,0.0,0.0
2024-10-11 00:00:00-04:00,7.900000095367432,7.960000038146973,7.849999904632568,7.900000095367432,146900,0.0,0.0
