Date,Open,High,Low,Close,Volume,Dividends,Stock Splits
2021-10-20 00:00:00-04:00,270.0,319.0,260.0,289.0,888770,0.0,0.0
2021-10-21 00:00:00-04:00,280.0,280.0,251.0,259.8999938964844,198820,0.0,0.0
2021-10-22 00:00:00-04:00,260.0,266.79998779296875,233.5,253.60000610351562,78910,0.0,0.0
2021-10-25 00:00:00-04:00,261.0,280.0,256.3800048828125,276.5,51510,0.0,0.0
2021-10-26 00:00:00-04:00,277.70001220703125,281.44000244140625,265.0,277.0,52660,0.0,0.0
2021-10-27 00:00:00-04:00,270.29998779296875,274.5,260.0,263.1000061035156,40130,0.0,0.0
2021-10-28 00:00:00-04:00,266.3999938964844,271.3999938964844,260.6000061035156,268.6000061035156,43000,0.0,0.0
2021-10-29 00:00:00-04:00,265.1000061035156,286.29998779296875,265.1000061035156,274.6000061035156,27910,0.0,0.0
2021-11-01 00:00:00-04:00,275.5,279.29998779296875,265.0,272.6000061035156,24320,0.0,0.0
2021-11-02 00:00:00-04:00,281.0,336.20001220703125,275.3999938964844,332.6000061035156,94580,0.0,0.0
2021-11-03 00:00:00-04:00,316.0,344.0,297.6000061035156,322.0,89120,0.0,0.0
2021-11-04 00:00:00-04:00,317.6000061035156,357.95001220703125,265.0,270.0,226590,0.0,0.0
2021-11-05 00:00:00-04:00,278.2300109863281,284.3999938964844,268.8999938964844,272.79998779296875,73910,0.0,0.0
2021-11-08 00:00:00-05:00,287.5,304.70001220703125,271.70001220703125,272.6000061035156,113070,0.0,0.0
2021-11-09 00:00:00-05:00,274.70001220703125,279.5,257.29998779296875,278.5,46440,0.0,0.0
2021-11-10 00:00:00-05:00,276.8999938964844,279.3999938964844,266.1600036621094,274.1000061035156,19090,0.0,0.0
2021-11-11 00:00:00-05:00,270.0,273.0,259.6000061035156,265.0,28730,0.0,0.0
2021-11-12 00:00:00-05:00,267.6000061035156,269.8999938964844,261.0,268.0,16970,0.0,0.0
2021-11-15 00:00:00-05:00,283.1000061035156,288.0,260.5,263.0,38560,0.0,0.0
2021-11-16 00:00:00-05:00,262.20001220703125,267.8999938964844,243.10000610351562,244.5,74710,0.0,0.0
2021-11-17 00:00:00-05:00,248.0,254.60000610351562,242.60000610351562,251.39999389648438,28340,0.0,0.0
2021-11-18 00:00:00-05:00,247.0,249.1999969482422,225.8300018310547,231.10000610351562,60030,0.0,0.0
2021-11-19 00:00:00-05:00,231.1999969482422,243.0,228.3300018310547,241.39999389648438,18260,0.0,0.0
2021-11-22 00:00:00-05:00,245.8000030517578,246.17999267578125,210.1999969482422,212.89999389648438,42670,0.0,0.0
2021-11-23 00:00:00-05:00,216.6999969482422,226.10000610351562,195.89999389648438,205.5,49480,0.0,0.0
2021-11-24 00:00:00-05:00,205.39999389648438,222.0,196.60000610351562,207.6999969482422,25640,0.0,0.0
2021-11-26 00:00:00-05:00,205.0,205.0,192.5,194.39999389648438,18940,0.0,0.0
2021-11-29 00:00:00-05:00,199.39999389648438,204.89999389648438,177.0,181.6999969482422,66080,0.0,0.0
2021-11-30 00:00:00-05:00,178.85000610351562,185.5,164.60000610351562,172.39999389648438,79430,0.0,0.0
2021-12-01 00:00:00-05:00,189.5,218.0,176.1999969482422,177.39999389648438,106190,0.0,0.0
2021-12-02 00:00:00-05:00,178.0,199.39999389648438,177.5,197.89999389648438,55690,0.0,0.0
2021-12-03 00:00:00-05:00,198.8000030517578,201.60000610351562,177.5,180.8000030517578,108180,0.0,0.0
2021-12-06 00:00:00-05:00,179.5,185.0,163.10000610351562,178.60000610351562,38310,0.0,0.0
2021-12-07 00:00:00-05:00,183.39999389648438,198.39999389648438,181.10000610351562,188.0,25530,0.0,0.0
2021-12-08 00:00:00-05:00,192.39999389648438,196.10000610351562,179.89999389648438,182.1999969482422,25800,0.0,0.0
2021-12-09 00:00:00-05:00,183.3000030517578,184.14999389648438,166.6999969482422,167.1999969482422,23960,0.0,0.0
2021-12-10 00:00:00-05:00,171.6999969482422,173.25,158.39999389648438,167.10000610351562,32490,0.0,0.0
2021-12-13 00:00:00-05:00,168.6999969482422,170.85000610351562,161.8000030517578,167.89999389648438,34050,0.0,0.0
2021-12-14 00:00:00-05:00,166.8000030517578,171.0,161.89999389648438,165.1999969482422,35100,0.0,0.0
2021-12-15 00:00:00-05:00,167.3000030517578,169.47999572753906,147.6999969482422,162.3000030517578,77600,0.0,0.0
2021-12-16 00:00:00-05:00,166.8000030517578,176.89999389648438,148.39999389648438,150.3000030517578,66280,0.0,0.0
2021-12-17 00:00:00-05:00,151.75,151.75,125.0999984741211,125.9000015258789,239240,0.0,0.0
2021-12-20 00:00:00-05:00,121.19999694824219,125.19999694824219,104.30000305175781,108.69999694824219,207880,0.0,0.0
2021-12-21 00:00:00-05:00,116.0,117.69999694824219,107.0,110.4000015258789,166070,0.0,0.0
2021-12-22 00:00:00-05:00,110.4000015258789,114.0999984741211,107.4000015258789,110.30000305175781,36310,0.0,0.0
2021-12-23 00:00:00-05:00,109.69999694824219,122.0,106.30000305175781,120.0,70280,0.0,0.0
2021-12-27 00:00:00-05:00,122.0,130.5,119.5,127.0,65200,0.0,0.0
2021-12-28 00:00:00-05:00,126.30000305175781,126.30000305175781,112.69999694824219,113.0999984741211,38250,0.0,0.0
2021-12-29 00:00:00-05:00,115.5999984741211,123.55999755859375,112.5999984741211,119.0999984741211,49230,0.0,0.0
2021-12-30 00:00:00-05:00,118.9000015258789,129.5800018310547,117.94999694824219,124.5,44380,0.0,0.0
2021-12-31 00:00:00-05:00,124.19999694824219,134.0,124.0,128.5,60290,0.0,0.0
2022-01-03 00:00:00-05:00,130.0,134.69000244140625,122.9000015258789,131.60000610351562,53630,0.0,0.0
2022-01-04 00:00:00-05:00,131.5,138.8000030517578,131.5,134.8000030517578,40660,0.0,0.0
2022-01-05 00:00:00-05:00,136.6999969482422,142.5,131.3000030517578,133.89999389648438,67760,0.0,0.0
2022-01-06 00:00:00-05:00,132.0,135.0,119.0999984741211,130.8000030517578,54660,0.0,0.0
2022-01-07 00:00:00-05:00,128.89999389648438,131.08999633789062,122.5,125.4000015258789,44920,0.0,0.0
2022-01-10 00:00:00-05:00,125.0,127.30000305175781,107.69999694824219,111.80000305175781,82430,0.0,0.0
2022-01-11 00:00:00-05:00,112.0,129.8000030517578,110.19999694824219,125.9000015258789,71910,0.0,0.0
2022-01-12 00:00:00-05:00,128.39999389648438,131.8000030517578,122.0,125.69999694824219,35280,0.0,0.0
2022-01-13 00:00:00-05:00,127.0999984741211,128.5,114.69999694824219,115.30000305175781,29180,0.0,0.0
2022-01-14 00:00:00-05:00,116.19999694824219,120.30000305175781,109.0999984741211,119.0,54570,0.0,0.0
2022-01-18 00:00:00-05:00,116.9000015258789,120.0,111.4000015258789,115.69999694824219,50360,0.0,0.0
2022-01-19 00:00:00-05:00,117.4000015258789,120.6500015258789,112.0999984741211,116.5,28990,0.0,0.0
2022-01-20 00:00:00-05:00,118.5999984741211,128.14999389648438,116.0,117.0,45060,0.0,0.0
2022-01-21 00:00:00-05:00,110.5,115.5999984741211,87.5,92.0999984741211,128060,0.0,0.0
2022-01-24 00:00:00-05:00,81.4000015258789,93.0,73.0,92.4000015258789,98440,0.0,0.0
2022-01-25 00:00:00-05:00,89.80000305175781,93.0,81.55000305175781,83.5,52450,0.0,0.0
2022-01-26 00:00:00-05:00,88.0,91.52999877929688,81.08999633789062,81.5999984741211,45330,0.0,0.0
2022-01-27 00:00:00-05:00,81.9000015258789,88.54000091552734,73.4000015258789,76.0,31430,0.0,0.0
2022-01-28 00:00:00-05:00,75.9000015258789,80.0,72.5999984741211,77.0,68210,0.0,0.0
2022-01-31 00:00:00-05:00,76.5999984741211,90.0,76.5999984741211,89.30000305175781,69680,0.0,0.0
2022-02-01 00:00:00-05:00,90.80000305175781,94.80000305175781,87.4000015258789,92.4000015258789,58550,0.0,0.0
2022-02-02 00:00:00-05:00,93.19999694824219,93.19999694824219,83.19999694824219,83.80000305175781,28480,0.0,0.0
2022-02-03 00:00:00-05:00,81.5,82.5,77.5,79.30000305175781,22230,0.0,0.0
2022-02-04 00:00:00-05:00,78.9000015258789,89.80000305175781,78.19999694824219,88.80000305175781,35170,0.0,0.0
2022-02-07 00:00:00-05:00,92.0,98.94999694824219,90.0999984741211,96.5,40040,0.0,0.0
2022-02-08 00:00:00-05:00,96.5,102.80000305175781,94.0,101.0999984741211,41850,0.0,0.0
2022-02-09 00:00:00-05:00,102.69999694824219,127.69999694824219,102.69999694824219,118.19999694824219,312980,0.0,0.0
2022-02-10 00:00:00-05:00,114.30000305175781,127.0,109.0999984741211,118.69999694824219,148210,0.0,0.0
2022-02-11 00:00:00-05:00,118.69999694824219,123.05000305175781,112.19999694824219,112.9000015258789,63640,0.0,0.0
2022-02-14 00:00:00-05:00,112.0,118.30000305175781,110.30000305175781,115.0,27110,0.0,0.0
2022-02-15 00:00:00-05:00,119.69999694824219,130.60000610351562,119.69999694824219,126.5999984741211,50940,0.0,0.0
2022-02-16 00:00:00-05:00,124.9000015258789,130.0,115.5999984741211,118.0,59040,0.0,0.0
2022-02-17 00:00:00-05:00,115.0,120.69999694824219,105.19999694824219,106.69999694824219,57210,0.0,0.0
2022-02-18 00:00:00-05:00,106.0999984741211,107.80000305175781,98.69999694824219,102.9000015258789,43420,0.0,0.0
2022-02-22 00:00:00-05:00,100.4000015258789,112.69999694824219,97.5,110.30000305175781,92950,0.0,0.0
2022-02-23 00:00:00-05:00,114.0999984741211,115.0,106.80000305175781,110.5999984741211,64250,0.0,0.0
2022-02-24 00:00:00-05:00,103.69999694824219,115.80000305175781,101.69999694824219,115.0,72760,0.0,0.0
2022-02-25 00:00:00-05:00,115.69999694824219,119.9000015258789,103.30000305175781,105.69999694824219,63760,0.0,0.0
2022-02-28 00:00:00-05:00,106.30000305175781,129.22000122070312,106.19999694824219,126.0999984741211,90350,0.0,0.0
2022-03-01 00:00:00-05:00,131.5,136.60000610351562,123.05000305175781,127.5,93510,0.0,0.0
2022-03-02 00:00:00-05:00,132.39999389648438,144.3000030517578,125.0,129.39999389648438,179940,0.0,0.0
2022-03-03 00:00:00-05:00,129.39999389648438,132.05999755859375,115.1500015258789,118.0999984741211,86350,0.0,0.0
2022-03-04 00:00:00-05:00,117.5,118.29000091552734,103.30000305175781,103.9000015258789,66710,0.0,0.0
2022-03-07 00:00:00-05:00,103.30000305175781,104.0,89.30000305175781,92.4000015258789,95680,0.0,0.0
2022-03-08 00:00:00-05:00,94.5999984741211,106.19999694824219,90.5,101.5999984741211,51960,0.0,0.0
2022-03-09 00:00:00-05:00,106.80000305175781,115.80000305175781,105.5999984741211,110.9000015258789,72730,0.0,0.0
2022-03-10 00:00:00-05:00,105.9000015258789,111.4000015258789,100.19999694824219,105.0999984741211,36380,0.0,0.0
2022-03-11 00:00:00-05:00,105.5999984741211,107.80000305175781,93.91000366210938,95.4000015258789,37990,0.0,0.0
2022-03-14 00:00:00-04:00,94.4000015258789,96.9000015258789,86.5999984741211,88.0,52470,0.0,0.0
2022-03-15 00:00:00-04:00,89.19999694824219,91.0,82.5999984741211,89.5,47710,0.0,0.0
2022-03-16 00:00:00-04:00,91.4000015258789,94.5,89.0,93.80000305175781,48940,0.0,0.0
2022-03-17 00:00:00-04:00,94.0,104.25,93.0999984741211,101.30000305175781,55540,0.0,0.0
2022-03-18 00:00:00-04:00,101.19999694824219,109.19999694824219,97.69999694824219,109.0,72940,0.0,0.0
2022-03-21 00:00:00-04:00,108.9000015258789,110.0,98.05000305175781,98.80000305175781,54150,0.0,0.0
2022-03-22 00:00:00-04:00,106.4000015258789,108.9000015258789,99.5999984741211,101.0,68380,0.0,0.0
2022-03-23 00:00:00-04:00,100.80000305175781,101.0999984741211,94.0,94.69999694824219,53740,0.0,0.0
2022-03-24 00:00:00-04:00,95.19999694824219,99.69999694824219,92.30000305175781,97.80000305175781,53580,0.0,0.0
2022-03-25 00:00:00-04:00,97.4000015258789,100.38999938964844,91.0,92.0,42400,0.0,0.0
2022-03-28 00:00:00-04:00,99.80000305175781,103.0,93.69999694824219,96.5,63220,0.0,0.0
2022-03-29 00:00:00-04:00,98.94999694824219,108.0,92.80000305175781,102.5,179740,0.0,0.0
2022-03-30 00:00:00-04:00,69.1500015258789,75.0,66.5,69.69999694824219,619220,0.0,0.0
2022-03-31 00:00:00-04:00,70.30000305175781,70.54000091552734,54.099998474121094,58.5,477200,0.0,0.0
2022-04-01 00:00:00-04:00,59.0,61.70000076293945,55.5,56.5,181060,0.0,0.0
2022-04-04 00:00:00-04:00,57.20000076293945,59.79999923706055,56.70000076293945,58.79999923706055,98890,0.0,0.0
2022-04-05 00:00:00-04:00,57.599998474121094,58.5,52.79999923706055,53.400001525878906,139190,0.0,0.0
2022-04-06 00:00:00-04:00,53.20000076293945,53.20000076293945,48.099998474121094,51.29999923706055,103660,0.0,0.0
2022-04-07 00:00:00-04:00,50.5,51.5,47.5,50.400001525878906,84600,0.0,0.0
2022-04-08 00:00:00-04:00,50.0,50.70000076293945,48.0,49.20000076293945,49400,0.0,0.0
2022-04-11 00:00:00-04:00,48.20000076293945,48.79999923706055,46.29999923706055,47.79999923706055,55380,0.0,0.0
2022-04-12 00:00:00-04:00,48.0,50.29999923706055,45.70000076293945,46.0,41980,0.0,0.0
2022-04-13 00:00:00-04:00,46.599998474121094,52.400001525878906,46.20000076293945,51.900001525878906,99720,0.0,0.0
2022-04-14 00:00:00-04:00,52.0,52.29999923706055,47.5,48.400001525878906,47490,0.0,0.0
2022-04-18 00:00:00-04:00,48.5,48.5,43.5,46.20000076293945,83100,0.0,0.0
2022-04-19 00:00:00-04:00,45.5,49.79999923706055,45.0,48.29999923706055,40960,0.0,0.0
2022-04-20 00:00:00-04:00,47.79999923706055,47.900001525878906,44.20000076293945,44.5,62030,0.0,0.0
2022-04-21 00:00:00-04:00,45.900001525878906,45.900001525878906,40.0,42.099998474121094,70260,0.0,0.0
2022-04-22 00:00:00-04:00,41.400001525878906,43.29999923706055,38.400001525878906,39.0,62020,0.0,0.0
2022-04-25 00:00:00-04:00,38.599998474121094,39.59000015258789,36.79999923706055,38.0,45840,0.0,0.0
2022-04-26 00:00:00-04:00,38.099998474121094,38.20000076293945,36.099998474121094,37.29999923706055,84520,0.0,0.0
2022-04-27 00:00:00-04:00,38.099998474121094,39.5,36.70000076293945,38.70000076293945,61850,0.0,0.0
2022-04-28 00:00:00-04:00,39.70000076293945,39.70000076293945,35.099998474121094,38.79999923706055,63710,0.0,0.0
2022-04-29 00:00:00-04:00,38.599998474121094,41.779998779296875,38.20000076293945,39.0,65650,0.0,0.0
2022-05-02 00:00:00-04:00,38.0,40.5,37.599998474121094,39.900001525878906,50040,0.0,0.0
2022-05-03 00:00:00-04:00,40.20000076293945,40.20000076293945,36.0,36.599998474121094,116920,0.0,0.0
2022-05-04 00:00:00-04:00,36.5,37.5,33.5,37.29999923706055,79180,0.0,0.0
2022-05-05 00:00:00-04:00,37.400001525878906,37.400001525878906,33.099998474121094,33.5,64610,0.0,0.0
2022-05-06 00:00:00-04:00,34.0,34.400001525878906,30.399999618530273,31.0,42250,0.0,0.0
2022-05-09 00:00:00-04:00,30.0,30.0,23.5,24.399999618530273,108930,0.0,0.0
2022-05-10 00:00:00-04:00,26.799999237060547,27.450000762939453,22.399999618530273,22.799999237060547,79050,0.0,0.0
2022-05-11 00:00:00-04:00,21.399999618530273,23.0,20.149999618530273,20.600000381469727,83800,0.0,0.0
2022-05-12 00:00:00-04:00,20.0,23.0,18.700000762939453,19.399999618530273,126790,0.0,0.0
2022-05-13 00:00:00-04:00,20.5,23.5,20.100000381469727,22.600000381469727,87370,0.0,0.0
2022-05-16 00:00:00-04:00,23.299999237060547,23.299999237060547,20.549999237060547,21.100000381469727,70780,0.0,0.0
2022-05-17 00:00:00-04:00,22.0,25.5,21.799999237060547,24.899999618530273,108820,0.0,0.0
2022-05-18 00:00:00-04:00,24.5,25.5,22.600000381469727,23.799999237060547,61640,0.0,0.0
2022-05-19 00:00:00-04:00,23.799999237060547,27.200000762939453,23.510000228881836,25.700000762939453,59570,0.0,0.0
2022-05-20 00:00:00-04:00,27.100000381469727,29.0,26.100000381469727,28.899999618530273,95690,0.0,0.0
2022-05-23 00:00:00-04:00,28.700000762939453,29.399999618530273,27.0,29.100000381469727,36960,0.0,0.0
2022-05-24 00:00:00-04:00,28.0,28.899999618530273,26.5,27.600000381469727,36670,0.0,0.0
2022-05-25 00:00:00-04:00,27.200000762939453,28.899999618530273,26.700000762939453,28.600000381469727,27810,0.0,0.0
2022-05-26 00:00:00-04:00,28.899999618530273,31.200000762939453,28.200000762939453,30.0,39370,0.0,0.0
2022-05-27 00:00:00-04:00,30.100000381469727,30.799999237060547,28.389999389648438,29.899999618530273,65940,0.0,0.0
2022-05-31 00:00:00-04:00,31.899999618530273,32.77000045776367,30.100000381469727,32.29999923706055,46130,0.0,0.0
2022-06-01 00:00:00-04:00,32.400001525878906,32.79999923706055,30.350000381469727,30.899999618530273,50120,0.0,0.0
2022-06-02 00:00:00-04:00,30.809999465942383,31.989999771118164,29.799999237060547,30.700000762939453,23020,0.0,0.0
2022-06-03 00:00:00-04:00,29.600000381469727,30.200000762939453,27.799999237060547,29.700000762939453,34550,0.0,0.0
2022-06-06 00:00:00-04:00,30.600000381469727,30.989999771118164,27.690000534057617,28.299999237060547,31540,0.0,0.0
2022-06-07 00:00:00-04:00,28.0,29.0,27.0,27.799999237060547,25200,0.0,0.0
2022-06-08 00:00:00-04:00,28.200000762939453,29.549999237060547,26.899999618530273,27.100000381469727,30900,0.0,0.0
2022-06-09 00:00:00-04:00,26.799999237060547,27.0,24.299999237060547,24.399999618530273,32320,0.0,0.0
2022-06-10 00:00:00-04:00,23.899999618530273,24.700000762939453,22.899999618530273,23.200000762939453,40450,0.0,0.0
2022-06-13 00:00:00-04:00,21.200000762939453,22.350000381469727,20.40999984741211,20.799999237060547,40900,0.0,0.0
2022-06-14 00:00:00-04:00,20.600000381469727,20.799999237060547,18.200000762939453,18.25,58470,0.0,0.0
2022-06-15 00:00:00-04:00,18.200000762939453,19.0,17.200000762939453,18.200000762939453,73140,0.0,0.0
2022-06-16 00:00:00-04:00,17.0,17.989999771118164,15.949999809265137,16.5,79440,0.0,0.0
2022-06-17 00:00:00-04:00,16.399999618530273,17.139999389648438,15.5,15.600000381469727,117360,0.0,0.0
2022-06-21 00:00:00-04:00,16.899999618530273,18.700000762939453,16.0,16.700000762939453,96050,0.0,0.0
2022-06-22 00:00:00-04:00,16.5,17.700000762939453,16.399999618530273,16.799999237060547,52000,0.0,0.0
2022-06-23 00:00:00-04:00,17.100000381469727,18.5,16.399999618530273,18.200000762939453,47050,0.0,0.0
2022-06-24 00:00:00-04:00,18.899999618530273,21.0,18.399999618530273,19.100000381469727,158870,0.0,0.0
2022-06-27 00:00:00-04:00,19.899999618530273,20.200000762939453,18.0,18.399999618530273,33980,0.0,0.0
2022-06-28 00:00:00-04:00,22.600000381469727,24.399999618530273,17.600000381469727,18.100000381469727,316870,0.0,0.0
2022-06-29 00:00:00-04:00,17.600000381469727,17.700000762939453,16.0,16.200000762939453,68690,0.0,0.0
2022-06-30 00:00:00-04:00,15.899999618530273,17.299999237060547,14.600000381469727,16.600000381469727,49970,0.0,0.0
2022-07-01 00:00:00-04:00,16.899999618530273,18.0,15.899999618530273,16.399999618530273,53570,0.0,0.0
2022-07-05 00:00:00-04:00,16.5,18.0,15.899999618530273,17.899999618530273,49360,0.0,0.0
2022-07-06 00:00:00-04:00,17.799999237060547,18.25,16.700000762939453,17.399999618530273,32080,0.0,0.0
2022-07-07 00:00:00-04:00,17.399999618530273,19.889999389648438,17.399999618530273,19.5,51490,0.0,0.0
2022-07-08 00:00:00-04:00,19.399999618530273,20.600000381469727,18.700000762939453,19.700000762939453,39450,0.0,0.0
2022-07-11 00:00:00-04:00,19.399999618530273,19.719999313354492,17.799999237060547,18.399999618530273,45960,0.0,0.0
2022-07-12 00:00:00-04:00,18.299999237060547,19.200000762939453,17.799999237060547,18.200000762939453,10940,0.0,0.0
2022-07-13 00:00:00-04:00,17.5,19.5,17.5,18.700000762939453,23740,0.0,0.0
2022-07-14 00:00:00-04:00,17.899999618530273,18.700000762939453,17.0,18.200000762939453,31800,0.0,0.0
2022-07-15 00:00:00-04:00,18.399999618530273,18.700000762939453,16.799999237060547,18.299999237060547,49020,0.0,0.0
2022-07-18 00:00:00-04:00,18.899999618530273,21.0,17.950000762939453,18.0,84020,0.0,0.0
2022-07-19 00:00:00-04:00,19.0,21.700000762939453,19.0,21.399999618530273,63130,0.0,0.0
2022-07-20 00:00:00-04:00,27.0,34.400001525878906,25.899999618530273,32.099998474121094,10226260,0.0,0.0
2022-07-21 00:00:00-04:00,27.700000762939453,29.899999618530273,25.200000762939453,29.799999237060547,597300,0.0,0.0
2022-07-22 00:00:00-04:00,37.400001525878906,37.70000076293945,29.0,29.799999237060547,2761910,0.0,0.0
2022-07-25 00:00:00-04:00,26.5,28.200000762939453,23.799999237060547,25.299999237060547,264820,0.0,0.0
2022-07-26 00:00:00-04:00,23.700000762939453,24.5,22.0,23.5,138870,0.0,0.0
2022-07-27 00:00:00-04:00,25.399999618530273,27.299999237060547,23.0,26.0,755090,0.0,0.0
2022-07-28 00:00:00-04:00,25.299999237060547,26.5,23.299999237060547,24.600000381469727,297110,0.0,0.0
2022-07-29 00:00:00-04:00,24.399999618530273,25.299999237060547,23.700000762939453,25.100000381469727,163810,0.0,0.0
2022-08-01 00:00:00-04:00,24.200000762939453,24.5,22.299999237060547,23.299999237060547,105410,0.0,0.0
2022-08-02 00:00:00-04:00,22.719999313354492,23.389999389648438,21.899999618530273,22.799999237060547,151260,0.0,0.0
2022-08-03 00:00:00-04:00,22.700000762939453,24.75,22.5,24.5,113650,0.0,0.0
2022-08-04 00:00:00-04:00,24.5,26.709999084472656,24.200000762939453,25.200000762939453,108990,0.0,0.0
2022-08-05 00:00:00-04:00,24.799999237060547,25.799999237060547,24.110000610351562,25.200000762939453,57300,0.0,0.0
2022-08-08 00:00:00-04:00,26.0,28.600000381469727,26.0,28.299999237060547,163040,0.0,0.0
2022-08-09 00:00:00-04:00,28.0,28.0,25.200000762939453,25.399999618530273,65110,0.0,0.0
2022-08-10 00:00:00-04:00,26.799999237060547,28.200000762939453,25.799999237060547,27.799999237060547,70860,0.0,0.0
2022-08-11 00:00:00-04:00,29.399999618530273,32.5,28.299999237060547,29.100000381469727,191390,0.0,0.0
2022-08-12 00:00:00-04:00,28.799999237060547,32.5,28.510000228881836,32.099998474121094,127520,0.0,0.0
2022-08-15 00:00:00-04:00,32.099998474121094,37.900001525878906,32.0,36.099998474121094,218460,0.0,0.0
2022-08-16 00:00:00-04:00,35.099998474121094,35.099998474121094,30.399999618530273,31.899999618530273,200420,0.0,0.0
2022-08-17 00:00:00-04:00,27.600000381469727,28.200000762939453,23.299999237060547,23.799999237060547,296580,0.0,0.0
2022-08-18 00:00:00-04:00,24.5,24.5,21.5,22.200000762939453,146090,0.0,0.0
2022-08-19 00:00:00-04:00,20.799999237060547,21.200000762939453,19.399999618530273,19.5,142460,0.0,0.0
2022-08-22 00:00:00-04:00,19.100000381469727,21.0,19.0,19.200000762939453,84500,0.0,0.0
2022-08-23 00:00:00-04:00,19.100000381469727,20.0,18.5,19.5,60190,0.0,0.0
2022-08-24 00:00:00-04:00,19.5,20.0,18.799999237060547,19.899999618530273,62560,0.0,0.0
2022-08-25 00:00:00-04:00,20.299999237060547,20.600000381469727,19.299999237060547,20.200000762939453,52170,0.0,0.0
2022-08-26 00:00:00-04:00,20.0,20.149999618530273,18.100000381469727,18.200000762939453,68890,0.0,0.0
2022-08-29 00:00:00-04:00,18.0,18.799999237060547,16.200000762939453,16.600000381469727,93900,0.0,0.0
2022-08-30 00:00:00-04:00,16.700000762939453,17.299999237060547,13.800000190734863,14.0,200860,0.0,0.0
2022-08-31 00:00:00-04:00,15.100000381469727,15.100000381469727,13.5,13.899999618530273,157430,0.0,0.0
2022-09-01 00:00:00-04:00,13.5,13.899999618530273,12.800000190734863,13.699999809265137,89510,0.0,0.0
2022-09-02 00:00:00-04:00,13.899999618530273,14.399999618530273,13.100000381469727,14.0,74800,0.0,0.0
2022-09-06 00:00:00-04:00,14.399999618530273,14.399999618530273,13.0,13.0,99000,0.0,0.0
2022-09-07 00:00:00-04:00,13.100000381469727,13.600000381469727,12.699999809265137,13.600000381469727,76960,0.0,0.0
2022-09-08 00:00:00-04:00,13.300000190734863,14.899999618530273,13.300000190734863,14.600000381469727,90050,0.0,0.0
2022-09-09 00:00:00-04:00,15.5,17.399999618530273,15.300000190734863,16.100000381469727,172180,0.0,0.0
2022-09-12 00:00:00-04:00,16.799999237060547,17.299999237060547,15.300000190734863,16.600000381469727,97550,0.0,0.0
2022-09-13 00:00:00-04:00,15.300000190734863,15.699999809265137,14.5,14.5,135640,0.0,0.0
2022-09-14 00:00:00-04:00,14.600000381469727,15.100000381469727,14.5,14.800000190734863,38320,0.0,0.0
2022-09-15 00:00:00-04:00,14.699999809265137,15.399999618530273,13.5,13.800000190734863,107800,0.0,0.0
2022-09-16 00:00:00-04:00,13.300000190734863,13.600000381469727,12.399999618530273,12.399999618530273,142690,0.0,0.0
2022-09-19 00:00:00-04:00,12.0,13.100000381469727,11.899999618530273,12.899999618530273,64610,0.0,0.0
2022-09-20 00:00:00-04:00,12.600000381469727,12.699999809265137,11.699999809265137,11.699999809265137,63020,0.0,0.0
2022-09-21 00:00:00-04:00,11.800000190734863,12.350000381469727,10.899999618530273,11.0,120040,0.0,0.0
2022-09-22 00:00:00-04:00,11.899999618530273,12.199999809265137,10.600000381469727,10.899999618530273,115280,0.0,0.0
2022-09-23 00:00:00-04:00,10.699999809265137,11.300000190734863,10.399999618530273,11.0,93790,0.0,0.0
2022-09-26 00:00:00-04:00,10.899999618530273,11.399999618530273,10.100000381469727,10.199999809265137,82280,0.0,0.0
2022-09-27 00:00:00-04:00,10.5,10.699999809265137,10.0,10.5,183910,0.0,0.0
2022-09-28 00:00:00-04:00,10.100000381469727,11.0,10.100000381469727,10.800000190734863,62090,0.0,0.0
2022-09-29 00:00:00-04:00,10.600000381469727,10.600000381469727,10.0,10.100000381469727,66880,0.0,0.0
2022-09-30 00:00:00-04:00,10.100000381469727,11.399999618530273,10.100000381469727,10.399999618530273,60320,0.0,0.0
2022-10-03 00:00:00-04:00,10.699999809265137,11.100000381469727,10.399999618530273,10.899999618530273,54620,0.0,0.0
2022-10-04 00:00:00-04:00,11.300000190734863,12.100000381469727,11.100000381469727,11.399999618530273,113330,0.0,0.0
2022-10-05 00:00:00-04:00,11.5,11.699999809265137,10.600000381469727,11.699999809265137,50570,0.0,0.0
2022-10-06 00:00:00-04:00,11.600000381469727,12.15999984741211,11.0,11.199999809265137,62000,0.0,0.0
2022-10-07 00:00:00-04:00,11.0,11.0,10.0,10.300000190734863,79370,0.0,0.0
2022-10-10 00:00:00-04:00,10.600000381469727,10.600000381469727,9.609999656677246,9.630000114440918,84670,0.0,0.0
2022-10-11 00:00:00-04:00,9.630000114440918,9.800000190734863,8.800000190734863,8.850000381469727,93050,0.0,0.0
2022-10-12 00:00:00-04:00,9.149999618530273,9.149999618530273,8.199999809265137,8.579999923706055,102720,0.0,0.0
2022-10-13 00:00:00-04:00,8.5,9.819999694824219,8.100000381469727,9.770000457763672,112540,0.0,0.0
2022-10-14 00:00:00-04:00,9.880000114440918,9.979999542236328,9.399999618530273,9.5,31120,0.0,0.0
2022-10-17 00:00:00-04:00,10.100000381469727,11.100000381469727,9.880000114440918,10.399999618530273,76220,0.0,0.0
2022-10-18 00:00:00-04:00,11.0,11.0,9.319999694824219,9.779999732971191,79840,0.0,0.0
2022-10-19 00:00:00-04:00,9.800000190734863,10.199999809265137,9.100000381469727,9.199999809265137,43490,0.0,0.0
2022-10-20 00:00:00-04:00,9.300000190734863,9.479999542236328,9.0,9.25,24380,0.0,0.0
2022-10-21 00:00:00-04:00,9.0,9.220000267028809,8.5600004196167,8.5600004196167,69660,0.0,0.0
2022-10-24 00:00:00-04:00,9.399999618530273,9.399999618530273,8.300000190734863,8.479999542236328,52400,0.0,0.0
2022-10-25 00:00:00-04:00,8.5,10.800000190734863,8.399999618530273,9.40999984741211,223160,0.0,0.0
2022-10-26 00:00:00-04:00,9.600000381469727,10.399999618530273,9.100000381469727,9.319999694824219,108560,0.0,0.0
2022-10-27 00:00:00-04:00,9.600000381469727,10.100000381469727,8.510000228881836,8.699999809265137,85210,0.0,0.0
2022-10-28 00:00:00-04:00,8.899999618530273,10.0,8.630000114440918,9.699999809265137,105780,0.0,0.0
2022-10-31 00:00:00-04:00,9.720000267028809,10.5,9.300000190734863,9.5,57950,0.0,0.0
2022-11-01 00:00:00-04:00,9.970000267028809,9.970000267028809,9.0,9.210000038146973,43410,0.0,0.0
2022-11-02 00:00:00-04:00,9.270000457763672,9.300000190734863,8.800000190734863,9.25,47920,0.0,0.0
2022-11-03 00:00:00-04:00,9.25,9.399999618530273,8.199999809265137,8.369999885559082,88350,0.0,0.0
2022-11-04 00:00:00-04:00,8.399999618530273,8.649999618530273,8.010000228881836,8.140000343322754,72430,0.0,0.0
2022-11-07 00:00:00-05:00,8.600000381469727,8.600000381469727,7.940000057220459,8.100000381469727,44470,0.0,0.0
2022-11-08 00:00:00-05:00,8.100000381469727,8.399999618530273,7.619999885559082,8.260000228881836,79050,0.0,0.0
2022-11-09 00:00:00-05:00,7.800000190734863,8.100000381469727,6.820000171661377,6.989999771118164,107430,0.0,0.0
2022-11-10 00:00:00-05:00,7.210000038146973,7.96999979019165,7.199999809265137,7.889999866485596,74680,0.0,0.0
2022-11-11 00:00:00-05:00,8.0,8.300000190734863,7.510000228881836,7.949999809265137,64840,0.0,0.0
2022-11-14 00:00:00-05:00,8.029999732971191,8.180000305175781,7.400000095367432,7.610000133514404,54260,0.0,0.0
2022-11-15 00:00:00-05:00,8.0600004196167,8.699999809265137,7.699999809265137,8.670000076293945,57050,0.0,0.0
2022-11-16 00:00:00-05:00,8.479999542236328,8.5,8.0,8.0600004196167,55590,0.0,0.0
2022-11-17 00:00:00-05:00,8.0,8.300000190734863,7.800000190734863,8.199999809265137,42840,0.0,0.0
2022-11-18 00:00:00-05:00,8.0,8.550000190734863,7.800000190734863,7.96999979019165,29920,0.0,0.0
2022-11-21 00:00:00-05:00,7.880000114440918,8.09000015258789,7.119999885559082,7.420000076293945,37330,0.0,0.0
2022-11-22 00:00:00-05:00,7.400000095367432,7.599999904632568,7.0,7.380000114440918,45570,0.0,0.0
2022-11-23 00:00:00-05:00,7.699999809265137,8.5,7.199999809265137,7.659999847412109,57550,0.0,0.0
2022-11-25 00:00:00-05:00,7.800000190734863,8.300000190734863,7.599999904632568,8.100000381469727,19090,0.0,0.0
2022-11-28 00:00:00-05:00,8.199999809265137,8.399999618530273,7.400000095367432,7.619999885559082,47070,0.0,0.0
2022-11-29 00:00:00-05:00,7.849999904632568,7.849999904632568,7.199999809265137,7.400000095367432,42970,0.0,0.0
2022-11-30 00:00:00-05:00,7.829999923706055,7.829999923706055,7.0,7.300000190734863,58720,0.0,0.0
2022-12-01 00:00:00-05:00,7.400000095367432,7.420000076293945,6.840000152587891,6.940000057220459,84750,0.0,0.0
2022-12-02 00:00:00-05:00,6.900000095367432,7.090000152587891,6.699999809265137,6.820000171661377,73580,0.0,0.0
2022-12-05 00:00:00-05:00,7.090000152587891,7.199999809265137,6.78000020980835,6.840000152587891,56860,0.0,0.0
2022-12-06 00:00:00-05:00,6.900000095367432,6.949999809265137,5.099999904632568,5.099999904632568,210690,0.0,0.0
2022-12-07 00:00:00-05:00,5.360000133514404,5.409999847412109,5.010000228881836,5.139999866485596,67550,0.0,0.0
2022-12-08 00:00:00-05:00,5.400000095367432,5.400000095367432,5.0,5.320000171661377,46930,0.0,0.0
2022-12-09 00:00:00-05:00,5.349999904632568,5.349999904632568,5.0,5.090000152587891,53490,0.0,0.0
2022-12-12 00:00:00-05:00,5.03000020980835,5.210000038146973,4.800000190734863,4.869999885559082,99030,0.0,0.0
2022-12-13 00:00:00-05:00,5.090000152587891,5.300000190734863,4.699999809265137,5.099999904632568,98240,0.0,0.0
2022-12-14 00:00:00-05:00,5.059999942779541,5.199999809265137,4.730000019073486,5.099999904632568,52840,0.0,0.0
2022-12-15 00:00:00-05:00,4.900000095367432,5.0,4.699999809265137,4.71999979019165,48950,0.0,0.0
2022-12-16 00:00:00-05:00,4.699999809265137,5.0,4.610000133514404,4.699999809265137,34670,0.0,0.0
2022-12-19 00:00:00-05:00,4.949999809265137,4.949999809265137,4.599999904632568,4.599999904632568,39520,0.0,0.0
2022-12-20 00:00:00-05:00,4.599999904632568,4.650000095367432,4.400000095367432,4.400000095367432,53470,0.0,0.0
2022-12-21 00:00:00-05:00,4.46999979019165,4.650000095367432,4.300000190734863,4.5,52750,0.0,0.0
2022-12-22 00:00:00-05:00,4.880000114440918,4.929999828338623,4.300000190734863,4.670000076293945,36480,0.0,0.0
2022-12-23 00:00:00-05:00,4.670000076293945,4.690000057220459,4.329999923706055,4.599999904632568,18110,0.0,0.0
2022-12-27 00:00:00-05:00,4.699999809265137,4.789999961853027,4.130000114440918,4.28000020980835,40880,0.0,0.0
2022-12-28 00:00:00-05:00,4.300000190734863,4.300000190734863,4.0,4.099999904632568,44520,0.0,0.0
2022-12-29 00:00:00-05:00,4.400000095367432,4.599999904632568,4.099999904632568,4.519999980926514,63110,0.0,0.0
2022-12-30 00:00:00-05:00,4.429999828338623,4.789999961853027,4.130000114440918,4.789999961853027,58490,0.0,0.0
2023-01-03 00:00:00-05:00,5.199999809265137,5.199999809265137,4.099999904632568,4.300000190734863,71000,0.0,0.0
2023-01-04 00:00:00-05:00,4.599999904632568,4.699999809265137,4.0,4.269999980926514,134380,0.0,0.0
2023-01-05 00:00:00-05:00,4.309999942779541,4.5,4.0,4.170000076293945,86470,0.0,0.0
2023-01-06 00:00:00-05:00,4.199999809265137,4.75,4.050000190734863,4.650000095367432,88780,0.0,0.0
2023-01-09 00:00:00-05:00,4.800000190734863,5.199999809265137,4.599999904632568,4.739999771118164,128930,0.0,0.0
2023-01-10 00:00:00-05:00,4.829999923706055,5.300000190734863,4.400000095367432,4.949999809265137,111170,0.0,0.0
2023-01-11 00:00:00-05:00,5.090000152587891,5.599999904632568,4.869999885559082,5.0,138990,0.0,0.0
2023-01-12 00:00:00-05:00,5.429999828338623,6.400000095367432,5.0,6.300000190734863,320220,0.0,0.0
2023-01-13 00:00:00-05:00,6.329999923706055,7.730000019073486,6.0,6.510000228881836,288630,0.0,0.0
2023-01-17 00:00:00-05:00,7.75,7.849999904632568,6.199999809265137,6.960000038146973,315260,0.0,0.0
2023-01-18 00:00:00-05:00,6.960000038146973,7.130000114440918,5.730000019073486,6.039999961853027,207060,0.0,0.0
2023-01-19 00:00:00-05:00,6.300000190734863,6.400000095367432,5.639999866485596,5.949999809265137,135030,0.0,0.0
2023-01-20 00:00:00-05:00,6.0,7.0,5.699999809265137,6.460000038146973,275030,0.0,0.0
2023-01-23 00:00:00-05:00,6.800000190734863,6.949999809265137,6.110000133514404,6.5,178540,0.0,0.0
2023-01-24 00:00:00-05:00,6.630000114440918,6.699999809265137,6.230000019073486,6.409999847412109,81630,0.0,0.0
2023-01-25 00:00:00-05:00,6.099999904632568,6.360000133514404,5.690000057220459,6.099999904632568,167450,0.0,0.0
2023-01-26 00:00:00-05:00,6.300000190734863,6.400000095367432,6.0,6.0,131500,0.0,0.0
2023-01-27 00:00:00-05:00,6.099999904632568,6.25,5.849999904632568,6.099999904632568,129990,0.0,0.0
2023-01-30 00:00:00-05:00,6.199999809265137,6.300000190734863,5.5,5.5,159010,0.0,0.0
2023-01-31 00:00:00-05:00,5.710000038146973,5.800000190734863,5.449999809265137,5.5,90670,0.0,0.0
2023-02-01 00:00:00-05:00,5.599999904632568,6.039999961853027,5.5,6.0,161660,0.0,0.0
2023-02-02 00:00:00-05:00,6.25,6.599999904632568,5.900000095367432,6.0,277980,0.0,0.0
2023-02-03 00:00:00-05:00,5.699999809265137,6.139999866485596,5.260000228881836,5.699999809265137,135180,0.0,0.0
2023-02-06 00:00:00-05:00,5.510000228881836,5.840000152587891,5.449999809265137,5.599999904632568,98960,0.0,0.0
2023-02-07 00:00:00-05:00,5.900000095367432,6.289999961853027,5.5,6.199999809265137,138460,0.0,0.0
2023-02-08 00:00:00-05:00,6.690000057220459,6.690000057220459,5.699999809265137,5.900000095367432,94150,0.0,0.0
2023-02-09 00:00:00-05:00,5.849999904632568,6.019999980926514,5.300000190734863,5.420000076293945,109510,0.0,0.0
2023-02-10 00:00:00-05:00,5.480000019073486,5.699999809265137,5.019999980926514,5.170000076293945,92410,0.0,0.0
2023-02-13 00:00:00-05:00,5.460000038146973,5.5,4.199999809265137,4.5,159120,0.0,0.0
2023-02-14 00:00:00-05:00,4.900000095367432,5.0,4.25,4.699999809265137,149910,0.0,0.0
2023-02-15 00:00:00-05:00,4.730000019073486,6.300000190734863,4.71999979019165,6.099999904632568,477520,0.0,0.0
2023-02-16 00:00:00-05:00,6.0,9.369999885559082,5.619999885559082,7.269999980926514,1533770,0.0,0.0
2023-02-17 00:00:00-05:00,6.96999979019165,8.300000190734863,6.659999847412109,8.069999694824219,541330,0.0,0.0
2023-02-21 00:00:00-05:00,8.3100004196167,8.699999809265137,7.099999904632568,7.199999809265137,334080,0.0,0.0
2023-02-22 00:00:00-05:00,7.300000190734863,7.5,6.300000190734863,6.309999942779541,197330,0.0,0.0
2023-02-23 00:00:00-05:00,6.599999904632568,6.78000020980835,6.0,6.480000019073486,179010,0.0,0.0
2023-02-24 00:00:00-05:00,6.139999866485596,6.289999961853027,5.800000190734863,6.199999809265137,116030,0.0,0.0
2023-02-27 00:00:00-05:00,6.230000019073486,6.380000114440918,5.900000095367432,6.0,119220,0.0,0.0
2023-02-28 00:00:00-05:00,5.800000190734863,6.179999828338623,5.800000190734863,5.900000095367432,115550,0.0,0.0
2023-03-01 00:00:00-05:00,5.929999828338623,6.0,5.699999809265137,5.849999904632568,101650,0.0,0.0
2023-03-02 00:00:00-05:00,5.769999980926514,6.099999904632568,5.599999904632568,5.690000057220459,117890,0.0,0.0
2023-03-03 00:00:00-05:00,5.46999979019165,5.699999809265137,5.199999809265137,5.389999866485596,134010,0.0,0.0
2023-03-06 00:00:00-05:00,5.650000095367432,5.650000095367432,5.159999847412109,5.28000020980835,107730,0.0,0.0
2023-03-07 00:00:00-05:00,5.300000190734863,5.369999885559082,5.0,5.079999923706055,70960,0.0,0.0
2023-03-08 00:00:00-05:00,5.019999980926514,5.46999979019165,4.599999904632568,5.199999809265137,139870,0.0,0.0
2023-03-09 00:00:00-05:00,5.289999961853027,5.289999961853027,4.659999847412109,4.769999980926514,83980,0.0,0.0
2023-03-10 00:00:00-05:00,4.599999904632568,4.760000228881836,4.5,4.519999980926514,113930,0.0,0.0
2023-03-13 00:00:00-04:00,5.03000020980835,5.699999809265137,4.400000095367432,5.340000152587891,287140,0.0,0.0
2023-03-14 00:00:00-04:00,5.789999961853027,6.099999904632568,5.0,5.050000190734863,206700,0.0,0.0
2023-03-15 00:00:00-04:00,4.949999809265137,5.099999904632568,4.510000228881836,4.75,84410,0.0,0.0
2023-03-16 00:00:00-04:00,4.699999809265137,4.900000095367432,4.610000133514404,4.769999980926514,107800,0.0,0.0
2023-03-17 00:00:00-04:00,5.199999809265137,5.460000038146973,4.800000190734863,5.0,177080,0.0,0.0
2023-03-20 00:00:00-04:00,5.800000190734863,6.5,5.400000095367432,5.630000114440918,337950,0.0,0.0
2023-03-21 00:00:00-04:00,5.699999809265137,6.300000190734863,5.699999809265137,6.039999961853027,166520,0.0,0.0
2023-03-22 00:00:00-04:00,6.300000190734863,6.5,5.610000133514404,5.699999809265137,184710,0.0,0.0
2023-03-23 00:00:00-04:00,5.889999866485596,6.199999809265137,5.699999809265137,5.989999771118164,101780,0.0,0.0
2023-03-24 00:00:00-04:00,6.199999809265137,6.199999809265137,5.800000190734863,5.989999771118164,60810,0.0,0.0
2023-03-27 00:00:00-04:00,5.900000095367432,6.0,5.400000095367432,5.840000152587891,89970,0.0,0.0
2023-03-28 00:00:00-04:00,5.699999809265137,5.889999866485596,5.53000020980835,5.800000190734863,36040,0.0,0.0
2023-03-29 00:00:00-04:00,6.199999809265137,6.300000190734863,5.900000095367432,6.199999809265137,84410,0.0,0.0
2023-03-30 00:00:00-04:00,6.300000190734863,6.900000095367432,6.300000190734863,6.5,167320,0.0,0.0
2023-03-31 00:00:00-04:00,6.599999904632568,6.900000095367432,6.050000190734863,6.199999809265137,132880,0.0,0.0
2023-04-03 00:00:00-04:00,6.480000019073486,6.880000114440918,6.21999979019165,6.699999809265137,87640,0.0,0.0
2023-04-04 00:00:00-04:00,6.929999828338623,7.079999923706055,6.5,6.75,69320,0.0,0.0
2023-04-05 00:00:00-04:00,6.739999771118164,7.079999923706055,6.400000095367432,6.71999979019165,52700,0.0,0.0
2023-04-06 00:00:00-04:00,6.71999979019165,6.889999866485596,6.25,6.679999828338623,43580,0.0,0.0
2023-04-10 00:00:00-04:00,6.599999904632568,7.28000020980835,6.510000228881836,7.190000057220459,115660,0.0,0.0
2023-04-11 00:00:00-04:00,7.400000095367432,8.890000343322754,7.239999771118164,8.600000381469727,288150,0.0,0.0
2023-04-12 00:00:00-04:00,8.899999618530273,8.9399995803833,7.670000076293945,7.880000114440918,131520,0.0,0.0
2023-04-13 00:00:00-04:00,8.199999809265137,10.699999809265137,8.199999809265137,9.699999809265137,358940,0.0,0.0
2023-04-14 00:00:00-04:00,10.5,10.600000381469727,9.039999961853027,9.9399995803833,297610,0.0,0.0
2023-04-17 00:00:00-04:00,9.350000381469727,9.899999618530273,8.5,9.800000190734863,158170,0.0,0.0
2023-04-18 00:00:00-04:00,10.300000190734863,12.5,10.119999885559082,11.300000190734863,344330,0.0,0.0
2023-04-19 00:00:00-04:00,10.899999618530273,12.199999809265137,10.100000381469727,10.800000190734863,239240,0.0,0.0
2023-04-20 00:00:00-04:00,11.300000190734863,11.300000190734863,9.5,10.0,174730,0.0,0.0
2023-04-21 00:00:00-04:00,11.199999809265137,11.699999809265137,9.529999732971191,9.829999923706055,157770,0.0,0.0
2023-04-24 00:00:00-04:00,9.989999771118164,10.300000190734863,9.100000381469727,9.5,108970,0.0,0.0
2023-04-25 00:00:00-04:00,9.899999618530273,9.899999618530273,8.920000076293945,9.319999694824219,168720,0.0,0.0
2023-04-26 00:00:00-04:00,10.5,11.600000381469727,9.75,10.0,369200,0.0,0.0
2023-04-27 00:00:00-04:00,10.199999809265137,10.300000190734863,9.520000457763672,10.100000381469727,161660,0.0,0.0
2023-04-28 00:00:00-04:00,9.800000190734863,10.0,9.520000457763672,9.850000381469727,81690,0.0,0.0
2023-05-01 00:00:00-04:00,9.949999809265137,9.949999809265137,8.800000190734863,9.199999809265137,158080,0.0,0.0
2023-05-02 00:00:00-04:00,9.180000305175781,9.199999809265137,8.600000381469727,9.0,122980,0.0,0.0
2023-05-03 00:00:00-04:00,8.989999771118164,8.989999771118164,8.229999542236328,8.579999923706055,106450,0.0,0.0
2023-05-04 00:00:00-04:00,9.199999809265137,9.369999885559082,8.609999656677246,8.789999961853027,70080,0.0,0.0
2023-05-05 00:00:00-04:00,8.899999618530273,9.699999809265137,8.800000190734863,9.649999618530273,108820,0.0,0.0
2023-05-08 00:00:00-04:00,9.199999809265137,9.399999618530273,8.65999984741211,9.050000190734863,85880,0.0,0.0
2023-05-09 00:00:00-04:00,8.779999732971191,9.100000381469727,8.699999809265137,9.0,47610,0.0,0.0
2023-05-10 00:00:00-04:00,9.359999656677246,9.800000190734863,9.0,9.539999961853027,105940,0.0,0.0
2023-05-11 00:00:00-04:00,9.600000381469727,9.699999809265137,7.699999809265137,8.329999923706055,152300,0.0,0.0
2023-05-12 00:00:00-04:00,8.470000267028809,8.489999771118164,7.699999809265137,7.880000114440918,78330,0.0,0.0
2023-05-15 00:00:00-04:00,8.220000267028809,8.260000228881836,6.0,6.920000076293945,551870,0.0,0.0
2023-05-16 00:00:00-04:00,6.340000152587891,6.699999809265137,5.909999847412109,5.929999828338623,305000,0.0,0.0
2023-05-17 00:00:00-04:00,5.940000057220459,6.0,5.315999984741211,5.570000171661377,315700,0.0,0.0
2023-05-18 00:00:00-04:00,5.53000020980835,6.050000190734863,5.349999904632568,6.050000190734863,205400,0.0,0.0
2023-05-19 00:00:00-04:00,5.980000019073486,6.449999809265137,5.974999904632568,6.449999809265137,184400,0.0,0.0
2023-05-22 00:00:00-04:00,6.28000020980835,6.400000095367432,6.079999923706055,6.230000019073486,123100,0.0,0.0
2023-05-23 00:00:00-04:00,6.130000114440918,6.599999904632568,6.099999904632568,6.239999771118164,90100,0.0,0.0
2023-05-24 00:00:00-04:00,6.0,6.349999904632568,5.809000015258789,6.230000019073486,96900,0.0,0.0
2023-05-25 00:00:00-04:00,6.099999904632568,6.349999904632568,5.960000038146973,6.239999771118164,60500,0.0,0.0
2023-05-26 00:00:00-04:00,6.159999847412109,6.508999824523926,6.0,6.099999904632568,117500,0.0,0.0
2023-05-30 00:00:00-04:00,6.079999923706055,6.550000190734863,6.0,6.039999961853027,132700,0.0,0.0
2023-05-31 00:00:00-04:00,5.949999809265137,6.309999942779541,5.579999923706055,6.260000228881836,106800,0.0,0.0
2023-06-01 00:00:00-04:00,6.349999904632568,6.480000019073486,5.960000038146973,6.03000020980835,230300,0.0,0.0
2023-06-02 00:00:00-04:00,6.059999942779541,6.210000038146973,5.619999885559082,5.760000228881836,85200,0.0,0.0
2023-06-05 00:00:00-04:00,5.840000152587891,5.840000152587891,5.28000020980835,5.340000152587891,81100,0.0,0.0
2023-06-06 00:00:00-04:00,5.340000152587891,5.630000114440918,5.050000190734863,5.21999979019165,161500,0.0,0.0
2023-06-07 00:00:00-04:00,5.360000133514404,5.5,4.889999866485596,5.039999961853027,168500,0.0,0.0
2023-06-08 00:00:00-04:00,4.900000095367432,5.150000095367432,4.739999771118164,4.820000171661377,90800,0.0,0.0
2023-06-09 00:00:00-04:00,4.800000190734863,4.859000205993652,4.309999942779541,4.380000114440918,159100,0.0,0.0
2023-06-12 00:00:00-04:00,4.440000057220459,4.570000171661377,4.210000038146973,4.21999979019165,85900,0.0,0.0
2023-06-13 00:00:00-04:00,4.260000228881836,4.480000019073486,4.099999904632568,4.21999979019165,160400,0.0,0.0
2023-06-14 00:00:00-04:00,4.289999961853027,4.429999828338623,4.050000190734863,4.079999923706055,201000,0.0,0.0
2023-06-15 00:00:00-04:00,4.039999961853027,4.269999980926514,3.8399999141693115,4.03000020980835,280800,0.0,0.0
2023-06-16 00:00:00-04:00,4.570000171661377,4.570000171661377,3.9000000953674316,4.0,606000,0.0,0.0
2023-06-20 00:00:00-04:00,4.139999866485596,4.28000020980835,3.5799999237060547,4.130000114440918,633500,0.0,0.0
2023-06-21 00:00:00-04:00,4.230000019073486,4.784999847412109,4.21999979019165,4.380000114440918,817200,0.0,0.0
2023-06-22 00:00:00-04:00,4.420000076293945,4.53000020980835,3.9189999103546143,4.119999885559082,394400,0.0,0.0
2023-06-23 00:00:00-04:00,4.210000038146973,4.599999904632568,4.019999980926514,4.25,429400,0.0,0.0
2023-06-26 00:00:00-04:00,4.199999809265137,4.400000095367432,3.950000047683716,3.9800000190734863,262600,0.0,0.0
2023-06-27 00:00:00-04:00,3.9700000286102295,4.199999809265137,3.9000000953674316,4.03000020980835,357600,0.0,0.0
2023-06-28 00:00:00-04:00,3.9100000858306885,4.050000190734863,3.890000104904175,3.940000057220459,160600,0.0,0.0
2023-06-29 00:00:00-04:00,4.0,4.239999771118164,3.75,3.940000057220459,297400,0.0,0.0
2023-06-30 00:00:00-04:00,4.0,4.190000057220459,3.880000114440918,4.179999828338623,190700,0.0,0.0
2023-07-03 00:00:00-04:00,4.179999828338623,5.199999809265137,4.179999828338623,5.099999904632568,481400,0.0,0.0
2023-07-05 00:00:00-04:00,4.829999923706055,6.289999961853027,4.559999942779541,5.929999828338623,1087200,0.0,0.0
2023-07-06 00:00:00-04:00,6.159999847412109,6.550000190734863,5.550000190734863,6.170000076293945,903400,0.0,0.0
2023-07-07 00:00:00-04:00,6.039999961853027,7.625,6.039999961853027,7.03000020980835,1464600,0.0,0.0
2023-07-10 00:00:00-04:00,7.449999809265137,9.210000038146973,7.099999904632568,9.039999961853027,1812300,0.0,0.0
2023-07-11 00:00:00-04:00,9.789999961853027,10.300000190734863,7.730000019073486,8.699999809265137,2264900,0.0,0.0
2023-07-12 00:00:00-04:00,9.039999961853027,9.300000190734863,8.220000267028809,8.479999542236328,751400,0.0,0.0
2023-07-13 00:00:00-04:00,8.359999656677246,9.960000038146973,8.359999656677246,9.369999885559082,1310200,0.0,0.0
2023-07-14 00:00:00-04:00,9.369999885559082,9.59000015258789,8.0,8.119999885559082,802600,0.0,0.0
2023-07-17 00:00:00-04:00,7.760000228881836,8.23900032043457,7.5,7.769999980926514,597000,0.0,0.0
2023-07-18 00:00:00-04:00,7.639999866485596,7.699999809265137,7.159999847412109,7.400000095367432,361600,0.0,0.0
2023-07-19 00:00:00-04:00,7.369999885559082,8.399999618530273,7.21999979019165,8.399999618530273,481600,0.0,0.0
2023-07-20 00:00:00-04:00,8.859999656677246,9.097000122070312,7.699999809265137,7.760000228881836,617400,0.0,0.0
2023-07-21 00:00:00-04:00,8.0,8.170000076293945,7.309999942779541,7.840000152587891,405900,0.0,0.0
2023-07-24 00:00:00-04:00,7.5,8.890000343322754,7.050000190734863,8.329999923706055,1102500,0.0,0.0
2023-07-25 00:00:00-04:00,8.300000190734863,9.039999961853027,8.199999809265137,8.329999923706055,479800,0.0,0.0
2023-07-26 00:00:00-04:00,8.329999923706055,9.689000129699707,8.329999923706055,9.59000015258789,683900,0.0,0.0
2023-07-27 00:00:00-04:00,9.6899995803833,10.0,8.529999732971191,9.010000228881836,664300,0.0,0.0
2023-07-28 00:00:00-04:00,8.779999732971191,9.25,8.670000076293945,8.890000343322754,283600,0.0,0.0
2023-07-31 00:00:00-04:00,8.819999694824219,9.069999694824219,8.100000381469727,8.869999885559082,582600,0.0,0.0
2023-08-01 00:00:00-04:00,8.460000038146973,8.579999923706055,8.050000190734863,8.380000114440918,365000,0.0,0.0
2023-08-02 00:00:00-04:00,8.329999923706055,8.550999641418457,7.790999889373779,8.119999885559082,271200,0.0,0.0
2023-08-03 00:00:00-04:00,7.920000076293945,8.039999961853027,7.514999866485596,7.849999904632568,274100,0.0,0.0
2023-08-04 00:00:00-04:00,8.0,8.069999694824219,7.0,7.099999904632568,365900,0.0,0.0
2023-08-07 00:00:00-04:00,6.96999979019165,7.010000228881836,5.800000190734863,6.800000190734863,1100300,0.0,0.0
2023-08-08 00:00:00-04:00,6.429999828338623,7.949999809265137,6.349999904632568,7.739999771118164,1496100,0.0,0.0
2023-08-09 00:00:00-04:00,7.78000020980835,8.289999961853027,7.239999771118164,7.289999961853027,495700,0.0,0.0
2023-08-10 00:00:00-04:00,7.269999980926514,8.449999809265137,7.269999980926514,8.079999923706055,683900,0.0,0.0
2023-08-11 00:00:00-04:00,8.430000305175781,8.430000305175781,7.429999828338623,7.510000228881836,321800,0.0,0.0
2023-08-14 00:00:00-04:00,7.429999828338623,7.440000057220459,6.757999897003174,7.21999979019165,387700,0.0,0.0
2023-08-15 00:00:00-04:00,7.050000190734863,7.190000057220459,6.579999923706055,6.659999847412109,231700,0.0,0.0
2023-08-16 00:00:00-04:00,6.449999809265137,6.64900016784668,6.010000228881836,6.090000152587891,364600,0.0,0.0
2023-08-17 00:00:00-04:00,6.119999885559082,6.190000057220459,5.489999771118164,5.650000095367432,411900,0.0,0.0
2023-08-18 00:00:00-04:00,5.409999847412109,5.769999980926514,5.130000114440918,5.329999923706055,446700,0.0,0.0
2023-08-21 00:00:00-04:00,5.409999847412109,5.693999767303467,5.300000190734863,5.5,323000,0.0,0.0
2023-08-22 00:00:00-04:00,5.760000228881836,5.909999847412109,5.489999771118164,5.559999942779541,191200,0.0,0.0
2023-08-23 00:00:00-04:00,5.5,6.210000038146973,5.46999979019165,5.989999771118164,395500,0.0,0.0
2023-08-24 00:00:00-04:00,6.050000190734863,6.050000190734863,5.400000095367432,5.429999828338623,252600,0.0,0.0
2023-08-25 00:00:00-04:00,5.550000190734863,5.659999847412109,5.349999904632568,5.590000152587891,142600,0.0,0.0
2023-08-28 00:00:00-04:00,5.53000020980835,5.710000038146973,5.310999870300293,5.360000133514404,214800,0.0,0.0
2023-08-29 00:00:00-04:00,5.380000114440918,6.389999866485596,5.289999961853027,6.179999828338623,927400,0.0,0.0
2023-08-30 00:00:00-04:00,6.050000190734863,6.119999885559082,5.570000171661377,5.949999809265137,284800,0.0,0.0
2023-08-31 00:00:00-04:00,5.980000019073486,6.150000095367432,5.559999942779541,5.610000133514404,270100,0.0,0.0
2023-09-01 00:00:00-04:00,5.699999809265137,5.78000020980835,5.03000020980835,5.110000133514404,451500,0.0,0.0
2023-09-05 00:00:00-04:00,5.010000228881836,5.099999904632568,4.480000019073486,4.5,532600,0.0,0.0
2023-09-06 00:00:00-04:00,4.550000190734863,4.894999980926514,4.429999828338623,4.460000038146973,493100,0.0,0.0
2023-09-07 00:00:00-04:00,4.389999866485596,4.75,4.119999885559082,4.679999828338623,351600,0.0,0.0
2023-09-08 00:00:00-04:00,4.679999828338623,4.760000228881836,4.510000228881836,4.579999923706055,191000,0.0,0.0
2023-09-11 00:00:00-04:00,4.599999904632568,4.599999904632568,4.130000114440918,4.159999847412109,330600,0.0,0.0
2023-09-12 00:00:00-04:00,4.28000020980835,4.880000114440918,4.25,4.650000095367432,293400,0.0,0.0
2023-09-13 00:00:00-04:00,4.71999979019165,4.739999771118164,4.5,4.539999961853027,175600,0.0,0.0
2023-09-14 00:00:00-04:00,4.699999809265137,4.989999771118164,4.650000095367432,4.809999942779541,296200,0.0,0.0
2023-09-15 00:00:00-04:00,4.869999885559082,4.889999866485596,4.599999904632568,4.599999904632568,169400,0.0,0.0
2023-09-18 00:00:00-04:00,4.840000152587891,5.190000057220459,4.599999904632568,4.639999866485596,402900,0.0,0.0
2023-09-19 00:00:00-04:00,4.670000076293945,4.795000076293945,4.440000057220459,4.71999979019165,184200,0.0,0.0
2023-09-20 00:00:00-04:00,4.699999809265137,4.769999980926514,4.550000190734863,4.559999942779541,129000,0.0,0.0
2023-09-21 00:00:00-04:00,4.5,4.646999835968018,4.380000114440918,4.510000228881836,147800,0.0,0.0
2023-09-22 00:00:00-04:00,4.539999961853027,4.5970001220703125,4.170000076293945,4.210000038146973,296700,0.0,0.0
2023-09-25 00:00:00-04:00,4.119999885559082,4.295000076293945,4.039999961853027,4.190000057220459,122400,0.0,0.0
2023-09-26 00:00:00-04:00,4.179999828338623,4.275000095367432,4.059999942779541,4.090000152587891,94600,0.0,0.0
2023-09-27 00:00:00-04:00,4.130000114440918,4.289999961853027,4.019999980926514,4.099999904632568,198600,0.0,0.0
2023-09-28 00:00:00-04:00,4.110000133514404,4.439000129699707,4.010000228881836,4.28000020980835,277200,0.0,0.0
2023-09-29 00:00:00-04:00,4.400000095367432,4.489999771118164,4.25,4.349999904632568,129600,0.0,0.0
2023-10-02 00:00:00-04:00,4.75,4.875,4.429999828338623,4.53000020980835,198500,0.0,0.0
2023-10-03 00:00:00-04:00,4.389999866485596,4.465000152587891,4.070000171661377,4.099999904632568,144600,0.0,0.0
2023-10-04 00:00:00-04:00,4.320000171661377,4.420000076293945,4.119999885559082,4.28000020980835,119500,0.0,0.0
2023-10-05 00:00:00-04:00,4.300000190734863,4.429999828338623,4.119999885559082,4.210000038146973,109900,0.0,0.0
2023-10-06 00:00:00-04:00,4.110000133514404,4.559999942779541,4.090000152587891,4.510000228881836,166900,0.0,0.0
2023-10-09 00:00:00-04:00,4.369999885559082,4.46999979019165,4.210000038146973,4.369999885559082,130000,0.0,0.0
2023-10-10 00:00:00-04:00,4.360000133514404,4.638999938964844,4.298999786376953,4.550000190734863,90300,0.0,0.0
2023-10-11 00:00:00-04:00,4.579999923706055,4.579999923706055,4.120999813079834,4.179999828338623,257900,0.0,0.0
2023-10-12 00:00:00-04:00,4.210000038146973,4.260000228881836,4.019999980926514,4.119999885559082,108300,0.0,0.0
2023-10-13 00:00:00-04:00,4.079999923706055,4.25,3.9600000381469727,4.090000152587891,202100,0.0,0.0
2023-10-16 00:00:00-04:00,4.300000190734863,4.519999980926514,4.170000076293945,4.289999961853027,261000,0.0,0.0
2023-10-17 00:00:00-04:00,4.230000019073486,4.625,4.21999979019165,4.420000076293945,195900,0.0,0.0
2023-10-18 00:00:00-04:00,4.429999828338623,4.5320000648498535,4.173999786376953,4.210000038146973,88500,0.0,0.0
2023-10-19 00:00:00-04:00,4.239999771118164,4.28000020980835,4.099999904632568,4.150000095367432,141600,0.0,0.0
2023-10-20 00:00:00-04:00,4.230000019073486,4.449999809265137,4.130000114440918,4.199999809265137,175600,0.0,0.0
2023-10-23 00:00:00-04:00,4.320000171661377,4.789999961853027,4.150000095367432,4.71999979019165,352200,0.0,0.0
2023-10-24 00:00:00-04:00,5.019999980926514,5.480000019073486,4.739999771118164,4.78000020980835,727900,0.0,0.0
2023-10-25 00:00:00-04:00,4.869999885559082,4.9710001945495605,4.499000072479248,4.599999904632568,335000,0.0,0.0
2023-10-26 00:00:00-04:00,4.519999980926514,4.550000190734863,4.210000038146973,4.239999771118164,225700,0.0,0.0
2023-10-27 00:00:00-04:00,4.269999980926514,4.409999847412109,4.119999885559082,4.190000057220459,95700,0.0,0.0
2023-10-30 00:00:00-04:00,4.400000095367432,4.544000148773193,4.139999866485596,4.28000020980835,215800,0.0,0.0
2023-10-31 00:00:00-04:00,4.199999809265137,4.349999904632568,4.119999885559082,4.25,128100,0.0,0.0
2023-11-01 00:00:00-04:00,4.389999866485596,4.389999866485596,4.050000190734863,4.119999885559082,205200,0.0,0.0
2023-11-02 00:00:00-04:00,4.269999980926514,4.5,4.210000038146973,4.489999771118164,309300,0.0,0.0
2023-11-03 00:00:00-04:00,4.489999771118164,4.699999809265137,4.369999885559082,4.53000020980835,246600,0.0,0.0
2023-11-06 00:00:00-05:00,4.610000133514404,4.610000133514404,4.099999904632568,4.25,345700,0.0,0.0
2023-11-07 00:00:00-05:00,4.210000038146973,4.239999771118164,4.03000020980835,4.190000057220459,226800,0.0,0.0
2023-11-08 00:00:00-05:00,4.210000038146973,4.210000038146973,3.9700000286102295,4.050000190734863,194000,0.0,0.0
2023-11-09 00:00:00-05:00,4.199999809265137,4.644999980926514,3.9700000286102295,4.03000020980835,745200,0.0,0.0
2023-11-10 00:00:00-05:00,4.019999980926514,4.1579999923706055,3.799999952316284,3.890000104904175,407900,0.0,0.0
2023-11-13 00:00:00-05:00,3.859999895095825,3.930000066757202,3.619999885559082,3.7799999713897705,211800,0.0,0.0
2023-11-14 00:00:00-05:00,3.7100000381469727,3.999000072479248,3.4600000381469727,3.680000066757202,323900,0.0,0.0
2023-11-15 00:00:00-05:00,3.7300000190734863,4.188000202178955,3.7100000381469727,3.9800000190734863,499400,0.0,0.0
2023-11-16 00:00:00-05:00,4.0,4.050000190734863,3.75,3.809999942779541,162500,0.0,0.0
2023-11-17 00:00:00-05:00,3.7899999618530273,3.990000009536743,3.75,3.9700000286102295,97200,0.0,0.0
2023-11-20 00:00:00-05:00,4.039999961853027,4.210000038146973,3.9600000381469727,4.079999923706055,183700,0.0,0.0
2023-11-21 00:00:00-05:00,4.019999980926514,4.073999881744385,3.880000114440918,3.9000000953674316,134700,0.0,0.0
2023-11-22 00:00:00-05:00,4.0,4.050000190734863,3.8299999237060547,4.010000228881836,122900,0.0,0.0
2023-11-24 00:00:00-05:00,4.099999904632568,4.300000190734863,4.01200008392334,4.289999961853027,184800,0.0,0.0
2023-11-27 00:00:00-05:00,4.170000076293945,4.320000171661377,4.150000095367432,4.179999828338623,132700,0.0,0.0
2023-11-28 00:00:00-05:00,4.230000019073486,4.579999923706055,4.150000095367432,4.53000020980835,432600,0.0,0.0
2023-11-29 00:00:00-05:00,4.670000076293945,4.699999809265137,4.380000114440918,4.539999961853027,390500,0.0,0.0
2023-11-30 00:00:00-05:00,4.519999980926514,4.525000095367432,4.085000038146973,4.170000076293945,378800,0.0,0.0
2023-12-01 00:00:00-05:00,4.25,5.28000020980835,4.25,5.150000095367432,922900,0.0,0.0
2023-12-04 00:00:00-05:00,5.769999980926514,6.150000095367432,5.300000190734863,5.960000038146973,1438000,0.0,0.0
2023-12-05 00:00:00-05:00,5.940000057220459,6.340000152587891,5.760000228881836,6.010000228881836,1292500,0.0,0.0
2023-12-06 00:00:00-05:00,5.960000038146973,6.150000095367432,5.182000160217285,5.25,812500,0.0,0.0
2023-12-07 00:00:00-05:00,5.139999866485596,5.380000114440918,4.809999942779541,4.880000114440918,515200,0.0,0.0
2023-12-08 00:00:00-05:00,5.0,5.5,4.929999828338623,5.199999809265137,578800,0.0,0.0
2023-12-11 00:00:00-05:00,5.03000020980835,5.03000020980835,4.209000110626221,4.480000019073486,808500,0.0,0.0
2023-12-12 00:00:00-05:00,4.510000228881836,4.599999904632568,4.309999942779541,4.420000076293945,335100,0.0,0.0
2023-12-13 00:00:00-05:00,4.400000095367432,5.079999923706055,4.260000228881836,5.079999923706055,724200,0.0,0.0
2023-12-14 00:00:00-05:00,5.210000038146973,5.480000019073486,5.050000190734863,5.139999866485596,565900,0.0,0.0
2023-12-15 00:00:00-05:00,4.980000019073486,5.130000114440918,4.820000171661377,5.0,333700,0.0,0.0
2023-12-18 00:00:00-05:00,4.840000152587891,5.840000152587891,4.820000171661377,5.789999961853027,729000,0.0,0.0
2023-12-19 00:00:00-05:00,6.050000190734863,6.489999771118164,5.429999828338623,5.800000190734863,1199200,0.0,0.0
2023-12-20 00:00:00-05:00,6.0,6.940000057220459,5.78000020980835,6.070000171661377,1878300,0.0,0.0
2023-12-21 00:00:00-05:00,6.630000114440918,6.739999771118164,5.909999847412109,6.710000038146973,1415100,0.0,0.0
2023-12-22 00:00:00-05:00,6.920000076293945,9.279999732971191,6.550000190734863,8.789999961853027,4483300,0.0,0.0
2023-12-26 00:00:00-05:00,9.0,10.279999732971191,8.949999809265137,9.449999809265137,2955100,0.0,0.0
2023-12-27 00:00:00-05:00,10.0,11.5600004196167,9.947999954223633,11.3100004196167,3070700,0.0,0.0
2023-12-28 00:00:00-05:00,10.729999542236328,10.729999542236328,9.15999984741211,9.760000228881836,4321300,0.0,0.0
2023-12-29 00:00:00-05:00,9.899999618530273,10.100000381469727,7.010000228881836,7.300000190734863,4198300,0.0,0.0
2024-01-02 00:00:00-05:00,8.180000305175781,8.210000038146973,6.514999866485596,6.599999904632568,3330800,0.0,0.0
2024-01-03 00:00:00-05:00,6.0,6.849999904632568,6.0,6.409999847412109,1880500,0.0,0.0
2024-01-04 00:00:00-05:00,6.550000190734863,7.78000020980835,6.314000129699707,7.460000038146973,2636900,0.0,0.0
2024-01-05 00:00:00-05:00,7.449999809265137,7.449999809265137,6.610000133514404,7.190000057220459,1601100,0.0,0.0
2024-01-08 00:00:00-05:00,7.400000095367432,7.960000038146973,6.28000020980835,7.730000019073486,2767100,0.0,0.0
2024-01-09 00:00:00-05:00,7.380000114440918,7.860000133514404,7.199999809265137,7.360000133514404,878500,0.0,0.0
2024-01-10 00:00:00-05:00,6.849999904632568,7.599999904632568,6.650000095367432,6.940000057220459,1841200,0.0,0.0
2024-01-11 00:00:00-05:00,7.840000152587891,7.909999847412109,5.900000095367432,6.440000057220459,3212100,0.0,0.0
2024-01-12 00:00:00-05:00,6.199999809265137,6.289999961853027,5.21999979019165,5.389999866485596,1794800,0.0,0.0
2024-01-16 00:00:00-05:00,5.150000095367432,5.289999961853027,4.710000038146973,5.159999847412109,1175900,0.0,0.0
2024-01-17 00:00:00-05:00,4.920000076293945,5.190000057220459,4.800000190734863,5.170000076293945,536200,0.0,0.0
2024-01-18 00:00:00-05:00,5.210000038146973,5.28000020980835,4.710000038146973,5.079999923706055,968900,0.0,0.0
2024-01-19 00:00:00-05:00,5.139999866485596,5.139999866485596,4.420000076293945,5.110000133514404,1231200,0.0,0.0
2024-01-22 00:00:00-05:00,4.869999885559082,5.449999809265137,4.78000020980835,5.320000171661377,957000,0.0,0.0
2024-01-23 00:00:00-05:00,5.039999961853027,5.360000133514404,4.873000144958496,4.949999809265137,737300,0.0,0.0
2024-01-24 00:00:00-05:00,5.090000152587891,5.185999870300293,4.809999942779541,4.929999828338623,715100,0.0,0.0
2024-01-25 00:00:00-05:00,4.929999828338623,5.349999904632568,4.860000133514404,5.239999771118164,884000,0.0,0.0
2024-01-26 00:00:00-05:00,5.539999961853027,5.820000171661377,5.400000095367432,5.820000171661377,966500,0.0,0.0
2024-01-29 00:00:00-05:00,5.829999923706055,6.099999904632568,5.46999979019165,5.75,960700,0.0,0.0
2024-01-30 00:00:00-05:00,5.619999885559082,5.730000019073486,5.110000133514404,5.210000038146973,866500,0.0,0.0
2024-01-31 00:00:00-05:00,5.019999980926514,5.300000190734863,4.900000095367432,4.909999847412109,664600,0.0,0.0
2024-02-01 00:00:00-05:00,4.909999847412109,5.070000171661377,4.659999847412109,4.699999809265137,571600,0.0,0.0
2024-02-02 00:00:00-05:00,4.670000076293945,4.75,4.460000038146973,4.519999980926514,547800,0.0,0.0
2024-02-05 00:00:00-05:00,4.519999980926514,4.539999961853027,4.260000228881836,4.28000020980835,436100,0.0,0.0
2024-02-06 00:00:00-05:00,4.28000020980835,4.579999923706055,4.199999809265137,4.579999923706055,326400,0.0,0.0
2024-02-07 00:00:00-05:00,4.5,4.670000076293945,4.269999980926514,4.610000133514404,522000,0.0,0.0
2024-02-08 00:00:00-05:00,4.75,5.330999851226807,4.670000076293945,5.300000190734863,939200,0.0,0.0
2024-02-09 00:00:00-05:00,5.730000019073486,5.920000076293945,5.300000190734863,5.599999904632568,1248100,0.0,0.0
2024-02-12 00:00:00-05:00,5.650000095367432,6.599999904632568,5.650000095367432,5.889999866485596,1563300,0.0,0.0
2024-02-13 00:00:00-05:00,5.489999771118164,5.880000114440918,5.309999942779541,5.429999828338623,683700,0.0,0.0
2024-02-14 00:00:00-05:00,6.099999904632568,6.400000095367432,5.800000190734863,6.320000171661377,1391600,0.0,0.0
2024-02-15 00:00:00-05:00,6.210000038146973,6.5,5.739999771118164,5.78000020980835,1141600,0.0,0.0
2024-02-16 00:00:00-05:00,5.809999942779541,5.89900016784668,5.480999946594238,5.519999980926514,635200,0.0,0.0
2024-02-20 00:00:00-05:00,5.550000190734863,5.789999961853027,4.869999885559082,5.190000057220459,754200,0.0,0.0
2024-02-21 00:00:00-05:00,4.949999809265137,5.090000152587891,4.809999942779541,4.860000133514404,367800,0.0,0.0
2024-02-22 00:00:00-05:00,5.090000152587891,5.150000095367432,4.699999809265137,4.710000038146973,725300,0.0,0.0
2024-02-23 00:00:00-05:00,4.75,4.793000221252441,4.489999771118164,4.639999866485596,501400,0.0,0.0
2024-02-26 00:00:00-05:00,4.679999828338623,5.159999847412109,4.679999828338623,5.0,1246900,0.0,0.0
2024-02-27 00:00:00-05:00,5.300000190734863,5.360000133514404,4.739999771118164,5.21999979019165,1538100,0.0,0.0
2024-02-28 00:00:00-05:00,5.289999961853027,5.389999866485596,4.679999828338623,4.78000020980835,1530100,0.0,0.0
2024-02-29 00:00:00-05:00,4.829999923706055,5.099999904632568,4.699999809265137,4.75,629500,0.0,0.0
2024-03-01 00:00:00-05:00,4.800000190734863,5.03000020980835,4.650000095367432,4.989999771118164,496000,0.0,0.0
2024-03-04 00:00:00-05:00,5.070000171661377,5.300000190734863,4.75,4.869999885559082,881000,0.0,0.0
2024-03-05 00:00:00-05:00,4.75,5.078999996185303,4.289999961853027,4.300000190734863,1238800,0.0,0.0
2024-03-06 00:00:00-05:00,4.360000133514404,4.449999809265137,3.9100000858306885,4.199999809265137,1007400,0.0,0.0
2024-03-07 00:00:00-05:00,4.25,4.489999771118164,4.111000061035156,4.409999847412109,409300,0.0,0.0
2024-03-08 00:00:00-05:00,4.409999847412109,4.929999828338623,4.349999904632568,4.809999942779541,658800,0.0,0.0
2024-03-11 00:00:00-04:00,4.940000057220459,4.96999979019165,4.408999919891357,4.440000057220459,459000,0.0,0.0
2024-03-12 00:00:00-04:00,4.400000095367432,4.400000095367432,4.090000152587891,4.199999809265137,361600,0.0,0.0
2024-03-13 00:00:00-04:00,4.150000095367432,4.380000114440918,4.03000020980835,4.170000076293945,324800,0.0,0.0
2024-03-14 00:00:00-04:00,4.159999847412109,4.159999847412109,3.7300000190734863,3.869999885559082,563500,0.0,0.0
2024-03-15 00:00:00-04:00,3.8499999046325684,4.150000095367432,3.8399999141693115,4.099999904632568,360100,0.0,0.0
2024-03-18 00:00:00-04:00,4.110000133514404,4.139999866485596,3.819999933242798,3.9000000953674316,329400,0.0,0.0
2024-03-19 00:00:00-04:00,3.8499999046325684,3.9800000190734863,3.7200000286102295,3.9100000858306885,268800,0.0,0.0
2024-03-20 00:00:00-04:00,3.869999885559082,4.340000152587891,3.8299999237060547,4.329999923706055,468300,0.0,0.0
2024-03-21 00:00:00-04:00,4.340000152587891,4.480000019073486,4.110000133514404,4.130000114440918,308600,0.0,0.0
2024-03-22 00:00:00-04:00,4.010000228881836,4.2270002365112305,3.950000047683716,3.9700000286102295,434800,0.0,0.0
2024-03-25 00:00:00-04:00,4.010000228881836,4.300000190734863,4.010000228881836,4.050000190734863,400100,0.0,0.0
2024-03-26 00:00:00-04:00,4.139999866485596,4.139999866485596,3.740000009536743,3.740000009536743,425500,0.0,0.0
2024-03-27 00:00:00-04:00,3.880000114440918,3.950000047683716,3.700000047683716,3.8499999046325684,331000,0.0,0.0
2024-03-28 00:00:00-04:00,3.890000104904175,4.380000114440918,3.890000104904175,4.150000095367432,802100,0.0,0.0
2024-04-01 00:00:00-04:00,4.130000114440918,4.138999938964844,3.869999885559082,3.9000000953674316,251100,0.0,0.0
2024-04-02 00:00:00-04:00,3.819999933242798,3.9000000953674316,3.5,3.630000114440918,649000,0.0,0.0
2024-04-03 00:00:00-04:00,3.630000114440918,3.7899999618530273,3.5899999141693115,3.7200000286102295,131600,0.0,0.0
2024-04-04 00:00:00-04:00,3.75,3.880000114440918,3.609999895095825,3.640000104904175,281400,0.0,0.0
2024-04-05 00:00:00-04:00,3.609999895095825,3.7060000896453857,3.549999952316284,3.559999942779541,127800,0.0,0.0
2024-04-08 00:00:00-04:00,3.700000047683716,3.7899999618530273,3.4700000286102295,3.5399999618530273,217600,0.0,0.0
2024-04-09 00:00:00-04:00,3.490000009536743,3.6619999408721924,3.490000009536743,3.5999999046325684,148400,0.0,0.0
2024-04-10 00:00:00-04:00,3.4700000286102295,3.5799999237060547,3.4100000858306885,3.509999990463257,151700,0.0,0.0
2024-04-11 00:00:00-04:00,3.569999933242798,3.5850000381469727,3.259999990463257,3.390000104904175,253200,0.0,0.0
2024-04-12 00:00:00-04:00,3.380000114440918,3.444000005722046,3.1500000953674316,3.1500000953674316,239700,0.0,0.0
2024-04-15 00:00:00-04:00,3.1600000858306885,3.190000057220459,2.1500000953674316,2.2300000190734863,1363600,0.0,0.0
2024-04-16 00:00:00-04:00,2.059999942779541,2.2799999713897705,1.649999976158142,2.259999990463257,814500,0.0,0.0
2024-04-17 00:00:00-04:00,2.2899999618530273,2.369999885559082,2.180000066757202,2.369999885559082,357500,0.0,0.0
2024-04-18 00:00:00-04:00,2.4600000381469727,2.880000114440918,2.2899999618530273,2.690000057220459,497900,0.0,0.0
2024-04-19 00:00:00-04:00,2.680000066757202,3.180000066757202,2.619999885559082,2.690000057220459,634200,0.0,0.0
2024-04-22 00:00:00-04:00,2.809999942779541,3.6700000762939453,2.700000047683716,3.640000104904175,1053500,0.0,0.0
2024-04-23 00:00:00-04:00,3.6500000953674316,4.300000190734863,3.5799999237060547,3.619999885559082,1303700,0.0,0.0
2024-04-24 00:00:00-04:00,3.5899999141693115,3.75,3.359999895095825,3.490000009536743,530100,0.0,0.0
2024-04-25 00:00:00-04:00,3.299999952316284,3.859999895095825,3.2300000190734863,3.819999933242798,299700,0.0,0.0
2024-04-26 00:00:00-04:00,3.819999933242798,3.9200000762939453,3.4549999237060547,3.490000009536743,399200,0.0,0.0
2024-04-29 00:00:00-04:00,3.490000009536743,3.5199999809265137,3.119999885559082,3.1500000953674316,339300,0.0,0.0
2024-04-30 00:00:00-04:00,3.0299999713897705,3.2899999618530273,3.0299999713897705,3.130000114440918,201800,0.0,0.0
2024-05-01 00:00:00-04:00,3.130000114440918,3.3299999237060547,3.0299999713897705,3.0899999141693115,173000,0.0,0.0
2024-05-02 00:00:00-04:00,3.309999942779541,3.559999942779541,3.0,3.200000047683716,625600,0.0,0.0
2024-05-03 00:00:00-04:00,3.3399999141693115,3.440000057220459,3.190000057220459,3.359999895095825,266700,0.0,0.0
2024-05-06 00:00:00-04:00,3.380000114440918,3.440000057220459,3.0859999656677246,3.140000104904175,486800,0.0,0.0
2024-05-07 00:00:00-04:00,3.130000114440918,3.130000114440918,2.88100004196167,2.9600000381469727,318300,0.0,0.0
2024-05-08 00:00:00-04:00,2.8499999046325684,2.9800000190734863,2.809999942779541,2.9800000190734863,185800,0.0,0.0
2024-05-09 00:00:00-04:00,3.0299999713897705,3.1500000953674316,2.9100000858306885,3.109999895095825,237400,0.0,0.0
2024-05-10 00:00:00-04:00,3.140000104904175,3.140000104904175,2.8299999237060547,2.8299999237060547,277100,0.0,0.0
2024-05-13 00:00:00-04:00,2.940000057220459,3.0209999084472656,2.7899999618530273,2.809999942779541,140500,0.0,0.0
2024-05-14 00:00:00-04:00,2.880000114440918,3.059999942779541,2.799999952316284,3.0,167200,0.0,0.0
2024-05-15 00:00:00-04:00,3.109999895095825,3.2100000381469727,2.937000036239624,3.0299999713897705,318500,0.0,0.0
2024-05-16 00:00:00-04:00,2.9800000190734863,3.059999942779541,2.8499999046325684,2.930000066757202,256800,0.0,0.0
2024-05-17 00:00:00-04:00,2.9800000190734863,3.0899999141693115,2.700000047683716,2.7100000381469727,480800,0.0,0.0
2024-05-20 00:00:00-04:00,2.740000009536743,2.9600000381469727,2.6500000953674316,2.950000047683716,310100,0.0,0.0
2024-05-21 00:00:00-04:00,2.9100000858306885,3.063999891281128,2.880000114440918,2.9200000762939453,238800,0.0,0.0
2024-05-22 00:00:00-04:00,2.869999885559082,3.2899999618530273,2.869999885559082,3.059999942779541,324200,0.0,0.0
2024-05-23 00:00:00-04:00,3.0899999141693115,3.0899999141693115,2.8499999046325684,2.859999895095825,246200,0.0,0.0
2024-05-24 00:00:00-04:00,2.9200000762939453,3.119999885559082,2.884999990463257,3.059999942779541,223200,0.0,0.0
2024-05-28 00:00:00-04:00,3.0999999046325684,3.1500000953674316,2.9700000286102295,3.059999942779541,89900,0.0,0.0
2024-05-29 00:00:00-04:00,3.0,3.0999999046325684,2.990000009536743,3.0299999713897705,76800,0.0,0.0
2024-05-30 00:00:00-04:00,3.049999952316284,3.299999952316284,3.049999952316284,3.119999885559082,152600,0.0,0.0
2024-05-31 00:00:00-04:00,3.130000114440918,3.174999952316284,2.799999952316284,2.799999952316284,349600,0.0,0.0
2024-06-03 00:00:00-04:00,2.9100000858306885,3.0399999618530273,2.7899999618530273,2.8399999141693115,204300,0.0,0.0
2024-06-04 00:00:00-04:00,2.8399999141693115,3.0799999237060547,2.809999942779541,3.0199999809265137,278200,0.0,0.0
2024-06-05 00:00:00-04:00,3.0899999141693115,3.190000057220459,2.9200000762939453,3.180000066757202,271300,0.0,0.0
2024-06-06 00:00:00-04:00,3.1500000953674316,4.230000019073486,3.109999895095825,3.950000047683716,1706600,0.0,0.0
2024-06-07 00:00:00-04:00,3.890000104904175,4.190000057220459,3.4200000762939453,3.5899999141693115,869600,0.0,0.0
2024-06-10 00:00:00-04:00,3.5199999809265137,3.7300000190734863,3.4700000286102295,3.5799999237060547,279400,0.0,0.0
2024-06-11 00:00:00-04:00,3.380000114440918,3.5,3.1549999713897705,3.4200000762939453,382900,0.0,0.0
2024-06-12 00:00:00-04:00,3.5,4.119999885559082,3.5,3.8499999046325684,791900,0.0,0.0
2024-06-13 00:00:00-04:00,3.880000114440918,4.090000152587891,3.7300000190734863,3.930000066757202,445800,0.0,0.0
2024-06-14 00:00:00-04:00,3.950000047683716,4.53000020980835,3.7699999809265137,3.859999895095825,927900,0.0,0.0
2024-06-17 00:00:00-04:00,3.799999952316284,4.070000171661377,3.559999942779541,4.03000020980835,622400,0.0,0.0
2024-06-18 00:00:00-04:00,4.0,4.050000190734863,3.7300000190734863,3.7899999618530273,318700,0.0,0.0
2024-06-20 00:00:00-04:00,3.9200000762939453,4.400000095367432,3.8399999141693115,4.210000038146973,913000,0.0,0.0
2024-06-21 00:00:00-04:00,4.150000095367432,4.920000076293945,3.859999895095825,4.579999923706055,1287500,0.0,0.0
2024-06-24 00:00:00-04:00,4.260000228881836,4.989999771118164,4.230000019073486,4.579999923706055,928300,0.0,0.0
2024-06-25 00:00:00-04:00,4.610000133514404,5.289999961853027,4.409999847412109,4.460000038146973,1496000,0.0,0.0
2024-06-26 00:00:00-04:00,4.5,4.849999904632568,4.480000019073486,4.679999828338623,888200,0.0,0.0
2024-06-27 00:00:00-04:00,4.659999847412109,4.71999979019165,4.199999809265137,4.230000019073486,1240800,0.0,0.0
2024-06-28 00:00:00-04:00,4.230000019073486,4.340000152587891,4.050000190734863,4.289999961853027,816000,0.0,0.0
2024-07-01 00:00:00-04:00,4.360000133514404,4.679999828338623,4.25,4.570000171661377,974800,0.0,0.0
2024-07-02 00:00:00-04:00,4.570000171661377,4.598999977111816,4.170000076293945,4.230000019073486,423000,0.0,0.0
2024-07-03 00:00:00-04:00,4.150000095367432,4.289000034332275,4.03000020980835,4.179999828338623,299100,0.0,0.0
2024-07-05 00:00:00-04:00,4.0,4.070000171661377,3.799999952316284,3.950000047683716,537600,0.0,0.0
2024-07-08 00:00:00-04:00,4.059999942779541,4.139999866485596,3.799999952316284,3.859999895095825,416300,0.0,0.0
2024-07-09 00:00:00-04:00,3.880000114440918,3.9549999237060547,3.510999917984009,3.619999885559082,495200,0.0,0.0
2024-07-10 00:00:00-04:00,3.690000057220459,3.7699999809265137,3.5,3.5,313500,0.0,0.0
2024-07-11 00:00:00-04:00,3.640000104904175,3.7200000286102295,3.4000000953674316,3.5999999046325684,349300,0.0,0.0
2024-07-12 00:00:00-04:00,3.5999999046325684,3.825000047683716,3.5299999713897705,3.7899999618530273,273500,0.0,0.0
2024-07-15 00:00:00-04:00,3.9600000381469727,4.139999866485596,3.759999990463257,3.950000047683716,806300,0.0,0.0
2024-07-16 00:00:00-04:00,4.090000152587891,4.619999885559082,4.039999961853027,4.590000152587891,1246100,0.0,0.0
2024-07-17 00:00:00-04:00,4.449999809265137,4.829999923706055,4.150000095367432,4.199999809265137,594500,0.0,0.0
2024-07-18 00:00:00-04:00,4.289999961853027,4.304999828338623,3.7100000381469727,3.7249999046325684,419000,0.0,0.0
2024-07-19 00:00:00-04:00,3.75,4.090000152587891,3.621999979019165,4.070000171661377,506400,0.0,0.0
2024-07-22 00:00:00-04:00,4.110000133514404,4.159999847412109,3.8499999046325684,4.070000171661377,561400,0.0,0.0
2024-07-23 00:00:00-04:00,4.059999942779541,4.190000057220459,3.7200000286102295,3.8399999141693115,572100,0.0,0.0
2024-07-24 00:00:00-04:00,3.799999952316284,3.9800000190734863,3.450000047683716,3.5,1397700,0.0,0.0
2024-07-25 00:00:00-04:00,3.5,3.6700000762939453,3.1700000762939453,3.1700000762939453,760300,0.0,0.0
2024-07-26 00:00:00-04:00,3.3499999046325684,3.369999885559082,3.109999895095825,3.2200000286102295,627400,0.0,0.0
2024-07-29 00:00:00-04:00,3.359999895095825,3.4000000953674316,2.9000000953674316,2.940000057220459,565800,0.0,0.0
2024-07-30 00:00:00-04:00,2.950000047683716,3.0399999618530273,2.759999990463257,2.759999990463257,573800,0.0,0.0
2024-07-31 00:00:00-04:00,2.8399999141693115,3.299999952316284,2.799999952316284,3.059999942779541,1018000,0.0,0.0
2024-08-01 00:00:00-04:00,3.059999942779541,3.130000114440918,2.825000047683716,2.8399999141693115,397200,0.0,0.0
2024-08-02 00:00:00-04:00,2.799999952316284,2.8399999141693115,2.5899999141693115,2.6700000762939453,506600,0.0,0.0
2024-08-05 00:00:00-04:00,1.9700000286102295,2.509999990463257,1.840000033378601,2.2899999618530273,976400,0.0,0.0
2024-08-06 00:00:00-04:00,2.380000114440918,2.450000047683716,2.2100000381469727,2.434999942779541,385200,0.0,0.0
2024-08-07 00:00:00-04:00,2.509999990463257,2.5399999618530273,2.240000009536743,2.259999990463257,323200,0.0,0.0
2024-08-08 00:00:00-04:00,2.319999933242798,2.7300000190734863,2.2699999809265137,2.7100000381469727,612000,0.0,0.0
2024-08-09 00:00:00-04:00,2.700000047683716,2.8399999141693115,2.559999942779541,2.819999933242798,329800,0.0,0.0
2024-08-12 00:00:00-04:00,2.8299999237060547,2.880000114440918,2.690000057220459,2.7799999713897705,357100,0.0,0.0
2024-08-13 00:00:00-04:00,2.799999952316284,2.799999952316284,2.4700000286102295,2.640000104904175,664900,0.0,0.0
2024-08-14 00:00:00-04:00,2.7200000286102295,2.950000047683716,2.5299999713897705,2.755000114440918,629900,0.0,0.0
2024-08-15 00:00:00-04:00,2.740000009536743,3.009999990463257,2.6700000762939453,2.744999885559082,564900,0.0,0.0
2024-08-16 00:00:00-04:00,2.7300000190734863,2.880000114440918,2.5799999237060547,2.609999895095825,547100,0.0,0.0
2024-08-19 00:00:00-04:00,2.619999885559082,2.809999942779541,2.569999933242798,2.799999952316284,442300,0.0,0.0
2024-08-20 00:00:00-04:00,2.75,2.9800000190734863,2.75,2.930000066757202,482000,0.0,0.0
2024-08-21 00:00:00-04:00,4.849999904632568,5.440000057220459,4.670000076293945,5.340000152587891,60383900,0.0,0.0
2024-08-22 00:00:00-04:00,5.179999828338623,5.368000030517578,4.829999923706055,4.900000095367432,2635600,0.0,0.0
2024-08-23 00:00:00-04:00,5.110000133514404,5.460000038146973,4.96999979019165,5.420000076293945,2200300,0.0,0.0
2024-08-26 00:00:00-04:00,5.449999809265137,5.550000190734863,5.199999809265137,5.300000190734863,988700,0.0,0.0
2024-08-27 00:00:00-04:00,5.199999809265137,5.260000228881836,4.989999771118164,5.0,688100,0.0,0.0
2024-08-28 00:00:00-04:00,4.989999771118164,5.0,4.739999771118164,4.789999961853027,784100,0.0,0.0
2024-08-29 00:00:00-04:00,4.860000133514404,5.110000133514404,4.840000152587891,4.849999904632568,902200,0.0,0.0
2024-08-30 00:00:00-04:00,4.900000095367432,4.909999847412109,4.710000038146973,4.820000171661377,555700,0.0,0.0
2024-09-03 00:00:00-04:00,4.78000020980835,4.829999923706055,4.360000133514404,4.400000095367432,921300,0.0,0.0
2024-09-04 00:00:00-04:00,4.349999904632568,4.510000228881836,4.248000144958496,4.329999923706055,455800,0.0,0.0
2024-09-05 00:00:00-04:00,4.360000133514404,4.4679999351501465,4.239999771118164,4.28000020980835,707600,0.0,0.0
2024-09-06 00:00:00-04:00,4.269999980926514,4.360000133514404,3.9000000953674316,3.990000009536743,866500,0.0,0.0
2024-09-09 00:00:00-04:00,4.059999942779541,4.360000133514404,4.059999942779541,4.349999904632568,596800,0.0,0.0
2024-09-10 00:00:00-04:00,4.340000152587891,4.539999961853027,4.199999809265137,4.519999980926514,317500,0.0,0.0
2024-09-11 00:00:00-04:00,4.46999979019165,4.525000095367432,4.239999771118164,4.46999979019165,278200,0.0,0.0
2024-09-12 00:00:00-04:00,4.449999809265137,4.699999809265137,4.349999904632568,4.579999923706055,440300,0.0,0.0
2024-09-13 00:00:00-04:00,4.639999866485596,4.829999923706055,4.559999942779541,4.610000133514404,800400,0.0,0.0
2024-09-16 00:00:00-04:00,4.519999980926514,4.539999961853027,4.370999813079834,4.440000057220459,471700,0.0,0.0
2024-09-17 00:00:00-04:00,4.539999961853027,4.71999979019165,4.489999771118164,4.539999961853027,365600,0.0,0.0
2024-09-18 00:00:00-04:00,4.46999979019165,4.71999979019165,4.309999942779541,4.309999942779541,456700,0.0,0.0
2024-09-19 00:00:00-04:00,4.539999961853027,4.699999809265137,4.489999771118164,4.510000228881836,487500,0.0,0.0
2024-09-20 00:00:00-04:00,4.559999942779541,4.585000038146973,4.340000152587891,4.400000095367432,536800,0.0,0.0
2024-09-23 00:00:00-04:00,4.460000038146973,4.800000190734863,4.420000076293945,4.670000076293945,778900,0.0,0.0
2024-09-24 00:00:00-04:00,4.789999961853027,5.079999923706055,4.699999809265137,5.070000171661377,510800,0.0,0.0
2024-09-25 00:00:00-04:00,5.059999942779541,5.170000076293945,4.940000057220459,4.949999809265137,389000,0.0,0.0
2024-09-26 00:00:00-04:00,5.059999942779541,5.329999923706055,5.039999961853027,5.170000076293945,496300,0.0,0.0
2024-09-27 00:00:00-04:00,5.239999771118164,5.360000133514404,5.139999866485596,5.239999771118164,495600,0.0,0.0
2024-09-30 00:00:00-04:00,5.039999961853027,5.199999809265137,4.900000095367432,5.050000190734863,614900,0.0,0.0
2024-10-01 00:00:00-04:00,4.989999771118164,5.052000045776367,4.610000133514404,4.739999771118164,365700,0.0,0.0
2024-10-02 00:00:00-04:00,4.679999828338623,4.78000020980835,4.599999904632568,4.710000038146973,220600,0.0,0.0
2024-10-03 00:00:00-04:00,4.639999866485596,4.730000019073486,4.539999961853027,4.659999847412109,194200,0.0,0.0
2024-10-04 00:00:00-04:00,4.699999809265137,4.849999904632568,4.630000114440918,4.659999847412109,479700,0.0,0.0
2024-10-07 00:00:00-04:00,4.630000114440918,4.699999809265137,4.349999904632568,4.440000057220459,340100,0.0,0.0
2024-10-08 00:00:00-04:00,4.440000057220459,4.46999979019165,4.239999771118164,4.269999980926514,254600,0.0,0.0
2024-10-09 00:00:00-04:00,4.25,4.300000190734863,4.119999885559082,4.139999866485596,177500,0.0,0.0
2024-10-10 00:00:00-04:00,4.110000133514404,4.135000228881836,4.010000228881836,4.070000171661377,153500,0.0,0.0
2024-10-11 00:00:00-04:00,4.159999847412109,4.360000133514404,4.150000095367432,4.315000057220459,315500,0.0,0.0
