Date,Open,High,Low,Close,Volume,Dividends,Stock Splits
2000-02-11 00:00:00+09:00,432.24173265593527,457.8831913728128,412.0948722355315,454.6780090332031,4000,0.0,0.0
2000-02-14 00:00:00+09:00,412.0949207652699,453.3044128417969,412.0949207652699,453.3044128417969,1000,0.0,0.0
2000-02-15 00:00:00+09:00,401.1056595005294,456.5095234269724,401.1056595005294,445.97821044921875,2000,0.0,0.0
2000-02-16 00:00:00+09:00,450.09933560929204,499.09285433787215,418.9632676322505,485.3563537597656,8000,0.0,0.0
2000-02-17 00:00:00+09:00,428.12073014740247,535.7232666015625,428.12073014740247,535.7232666015625,3000,0.0,0.0
2000-02-18 00:00:00+09:00,572.3541013656125,572.3541013656125,478.488028741652,567.7752685546875,190,0.0,0.0
2000-02-21 00:00:00+09:00,505.96091488429477,629.5893737248012,503.671498979841,512.8291625976562,16000,0.0,0.0
2000-02-22 00:00:00+09:00,517.4081076345136,567.7752685546875,469.3303631198022,567.7752685546875,2000,0.0,0.0
2000-02-23 00:00:00+09:00,592.9587633609772,592.9587633609772,503.6715364456177,586.0905151367188,2000,0.0,0.0
2000-02-24 00:00:00+09:00,531.1445371805414,576.9328593512778,517.4080405293206,565.4857788085938,1000,0.0,0.0
2000-02-25 00:00:00+09:00,565.4856840093084,613.5634142287233,531.1444481382979,538.0126953125,990,0.0,0.0
2000-02-28 00:00:00+09:00,595.248291015625,595.248291015625,503.671630859375,572.3541259765625,8000,0.0,0.0
2000-02-29 00:00:00+09:00,531.1445277622768,641.0364990234375,521.9868634905134,641.0364990234375,62000,0.0,0.0
2000-03-01 00:00:00+09:00,641.0364990234375,641.0364990234375,641.0364990234375,641.0364990234375,0,0.0,0.0
2000-03-02 00:00:00+09:00,716.5872802734375,716.5872802734375,716.5872802734375,716.5872802734375,22000,0.0,0.0
2000-03-03 00:00:00+09:00,801.29539938534,801.29539938534,631.878657801011,778.4012451171875,86000,0.0,0.0
2000-03-06 00:00:00+09:00,741.7708431846218,869.9781494140625,686.8248548005756,869.9781494140625,36000,0.0,0.0
2000-03-07 00:00:00+09:00,973.0019763835426,973.0019763835426,824.1899094072361,943.2395629882812,34000,0.0,0.0
2000-03-08 00:00:00+09:00,831.0582141177192,1048.552788060373,831.0582141177192,874.55712890625,61000,0.0,0.0
2000-03-09 00:00:00+09:00,847.083903317729,938.6605415142402,773.82259276052,865.3992309570312,32000,0.0,0.0
2000-03-10 00:00:00+09:00,828.768700412586,961.5548457825583,803.5851211182809,956.9760131835938,35000,0.0,0.0
2000-03-13 00:00:00+09:00,851.6626289563301,1071.446533203125,851.6626289563301,1071.446533203125,37000,0.0,0.0
2000-03-14 00:00:00+09:00,1199.6539306640625,1199.6539306640625,1098.9196311426526,1199.6539306640625,77000,0.0,0.0
2000-03-15 00:00:00+09:00,1341.5979977960455,1341.5979977960455,1108.0775271899079,1337.0191650390625,87000,0.0,0.0
2000-03-16 00:00:00+09:00,1327.8614896187987,1327.8614896187987,1176.760009765625,1176.760009765625,48000,0.0,0.0
2000-03-17 00:00:00+09:00,1037.1055908203125,1037.1055908203125,1037.1055908203125,1037.1055908203125,1000,0.0,0.0
2000-03-20 00:00:00+09:00,913.4769897460938,913.4769897460938,913.4769897460938,913.4769897460938,10,0.0,0.0
2000-03-21 00:00:00+09:00,805.8744506835938,805.8744506835938,805.8744506835938,805.8744506835938,10,0.0,0.0
2000-03-22 00:00:00+09:00,709.7192011124048,897.4513768905248,709.7192011124048,714.2980346679688,140000,0.0,0.0
2000-03-23 00:00:00+09:00,753.2181198902618,787.5593715569911,663.9308655567658,714.2980346679688,46000,0.0,0.0
2000-03-24 00:00:00+09:00,737.1919620137819,737.1919620137819,645.6153207698338,650.1941528320312,27000,0.0,0.0
2000-03-27 00:00:00+09:00,654.7730432666323,728.0343627929688,595.2482211514839,728.0343627929688,56000,0.0,0.0
2000-03-28 00:00:00+09:00,815.0321044921875,815.0321044921875,732.613127633427,815.0321044921875,45000,0.0,0.0
2000-03-29 00:00:00+09:00,911.1876220703125,911.1876220703125,860.8204670815013,911.1876220703125,95000,0.0,0.0
2000-03-30 00:00:00+09:00,1016.5007771809896,1018.7901933458116,803.5850738525392,824.1898193359375,173000,0.0,0.0
2000-03-31 00:00:00+09:00,810.453061092601,819.6107227998621,728.0341057272518,778.4012451171875,26000,0.0,0.0
2000-04-03 00:00:00+09:00,847.0839875873767,869.9781494140625,847.0839875873767,869.9781494140625,54000,0.0,0.0
2000-04-04 00:00:00+09:00,869.9780628668568,952.3970372437169,766.9543448957817,865.3992309570312,112000,0.0,0.0
2000-04-05 00:00:00+09:00,865.3992309570312,865.3992309570312,865.3992309570312,865.3992309570312,0,0.0,0.0
2000-04-06 00:00:00+09:00,847.0840815604554,847.0840815604554,801.2957528274578,831.0581665039062,31000,0.0,0.0
2000-04-07 00:00:00+09:00,837.9262947414232,888.2934490701427,796.7168048361074,842.505126953125,38000,0.0,0.0
2000-04-10 00:00:00+09:00,865.3994048775978,943.2395629882812,778.4015811068341,943.2395629882812,136000,0.0,0.0
2000-04-11 00:00:00+09:00,1007.343040350461,1055.4207763671875,847.0839202947059,1055.4207763671875,112000,0.0,0.0
2000-04-12 00:00:00+09:00,1181.3387451171875,1181.3387451171875,1181.3387451171875,1181.3387451171875,65000,0.0,0.0
2000-04-13 00:00:00+09:00,1181.3387451171875,1181.3387451171875,1181.3387451171875,1181.3387451171875,0,0.0,0.0
2000-04-14 00:00:00+09:00,1320.993408203125,1320.993408203125,1320.993408203125,1320.993408203125,79000,0.0,0.0
2000-04-17 00:00:00+09:00,1165.3127314049427,1478.9627200149175,1163.0233154296875,1163.0233154296875,379000,0.0,0.0
2000-04-18 00:00:00+09:00,1295.8094736018652,1300.3883056640625,1295.8094736018652,1300.3883056640625,127000,0.0,0.0
2000-04-19 00:00:00+09:00,1456.0687255859375,1456.0687255859375,1451.4898931155415,1456.0687255859375,79000,0.0,0.0
2000-04-20 00:00:00+09:00,1630.064208984375,1630.064208984375,1556.8028962210321,1630.064208984375,692000,0.0,0.0
2000-04-21 00:00:00+09:00,1808.6386843351277,1808.6386843351277,1435.4638671875,1435.4638671875,282000,0.0,0.0
2000-04-24 00:00:00+09:00,1263.7578014742942,1465.2264364919354,1263.7578014742942,1419.4381103515625,755000,0.0,0.0
2000-04-25 00:00:00+09:00,1405.7015412159456,1451.4898650340544,1250.021240234375,1250.021240234375,180000,0.0,0.0
2000-04-26 00:00:00+09:00,1101.208740234375,1277.4937152822895,1101.208740234375,1101.208740234375,213000,0.0,0.0
2000-04-27 00:00:00+09:00,1053.131477200255,1222.548280054209,1011.9219846141581,1121.81396484375,450000,0.0,0.0
2000-04-28 00:00:00+09:00,1167.6020855373806,1167.6020855373806,989.0276489257812,989.0276489257812,279000,0.0,0.0
2000-05-01 00:00:00+09:00,989.0276489257812,989.0276489257812,989.0276489257812,989.0276489257812,0,0.0,0.0
2000-05-02 00:00:00+09:00,906.6090069850677,947.8185073025708,872.2677567204818,929.503173828125,233000,0.0,0.0
2000-05-03 00:00:00+09:00,929.5032316354605,1021.0799047029935,876.846644621629,952.3973999023438,522000,0.0,0.0
2000-05-04 00:00:00+09:00,915.7665197929127,1016.500836970133,906.6088545949835,956.9760131835938,241000,0.0,0.0
2000-05-05 00:00:00+09:00,956.9760131835938,956.9760131835938,956.9760131835938,956.9760131835938,0,0.0,0.0
2000-05-08 00:00:00+09:00,943.2393656885902,1030.2371712618096,892.8722150935683,984.4488525390625,359000,0.0,0.0
2000-05-09 00:00:00+09:00,984.4488525390625,984.4488525390625,984.4488525390625,984.4488525390625,0,0.0,0.0
2000-05-10 00:00:00+09:00,1002.7641962466033,1053.13134765625,961.5547087296196,1053.13134765625,294000,0.0,0.0
2000-05-11 00:00:00+09:00,1053.13134765625,1053.13134765625,1053.13134765625,1053.13134765625,0,0.0,0.0
2000-05-12 00:00:00+09:00,1076.0258125379248,1179.049560546875,1053.1316463137136,1179.049560546875,368000,0.0,0.0
2000-05-15 00:00:00+09:00,1190.4961480034722,1282.07277477297,1039.3947138338008,1071.446533203125,364000,0.0,0.0
2000-05-16 00:00:00+09:00,1053.131550909246,1087.4727971345476,943.2395629882812,943.2395629882812,149000,0.0,0.0
2000-05-17 00:00:00+09:00,970.7123676215278,1030.2371826171875,851.6627376302083,1030.2371826171875,194000,0.0,0.0
2000-05-18 00:00:00+09:00,1041.684310913086,1062.2890555245535,915.7664271763392,961.5547485351562,195000,0.0,0.0
2000-05-19 00:00:00+09:00,1007.343043971706,1007.343043971706,847.0839233398438,847.0839233398438,121000,0.0,0.0
2000-05-22 00:00:00+09:00,865.3992666690908,947.8182444470995,746.3496321008561,860.8204345703125,223000,0.0,0.0
2000-05-23 00:00:00+09:00,876.8461084702435,876.8461084702435,757.7965062758501,778.4012451171875,102000,0.0,0.0
2000-05-24 00:00:00+09:00,691.4037227376302,695.9825553385416,686.8248901367188,686.8248901367188,8000,0.0,0.0
2000-05-25 00:00:00+09:00,604.4058954518313,753.2179530441382,604.4058954518313,718.876708984375,437000,0.0,0.0
2000-05-26 00:00:00+09:00,718.8766839443109,803.5850830078125,663.9306953625801,803.5850830078125,282000,0.0,0.0
2000-05-29 00:00:00+09:00,899.7404174804688,899.7404174804688,824.1896954019561,899.7404174804688,44000,0.0,0.0
2000-05-30 00:00:00+09:00,899.7404174804688,899.7404174804688,899.7404174804688,899.7404174804688,0,0.0,0.0
2000-05-31 00:00:00+09:00,1108.0774918222814,1126.392822265625,998.1855091622206,1126.392822265625,248000,0.0,0.0
2000-06-01 00:00:00+09:00,1126.392712823276,1261.46826171875,1126.392712823276,1261.46826171875,132000,0.0,0.0
2000-06-02 00:00:00+09:00,1378.2283423128545,1412.569580078125,1112.656103594763,1412.569580078125,121000,0.0,0.0
2000-06-05 00:00:00+09:00,1410.2802166606104,1581.9864118709122,1378.2283935546875,1378.2283935546875,185000,0.0,0.0
2000-06-06 00:00:00+09:00,1378.2283935546875,1378.2283935546875,1378.2283935546875,1378.2283935546875,0,0.0,0.0
2000-06-07 00:00:00+09:00,1375.9389327199835,1522.4615478515625,1282.0728824013158,1522.4615478515625,92000,0.0,0.0
2000-06-08 00:00:00+09:00,1556.80302434407,1556.80302434407,1341.597900390625,1341.597900390625,131000,0.0,0.0
2000-06-09 00:00:00+09:00,1183.6280897874099,1272.9153151292069,1181.338673753005,1190.496337890625,119000,0.0,0.0
2000-06-12 00:00:00+09:00,1098.9199420103093,1332.4404296875,1098.9199420103093,1332.4404296875,184000,0.0,0.0
2000-06-13 00:00:00+09:00,1245.4423632511557,1485.8310546875,1174.4704638747112,1485.8310546875,84000,0.0,0.0
2000-06-14 00:00:00+09:00,1309.5458984375,1318.703562062937,1309.5458984375,1309.5458984375,463000,0.0,0.0
2000-06-15 00:00:00+09:00,1153.8656005859375,1208.8115815662202,1153.8656005859375,1153.8656005859375,163000,0.0,0.0
2000-06-16 00:00:00+09:00,1016.500927734375,1098.919921875,1016.500927734375,1098.919921875,627000,0.0,0.0
2000-06-19 00:00:00+09:00,986.7382395498578,1076.0254584418403,968.4229125976562,968.4229125976562,370000,0.0,0.0
2000-06-20 00:00:00+09:00,968.4233176891621,1021.0799047029935,915.7667306753306,952.3973999023438,395000,0.0,0.0
2000-06-21 00:00:00+09:00,961.554693177689,1048.5524987509084,961.554693177689,984.4488525390625,281000,0.0,0.0
2000-06-22 00:00:00+09:00,998.1855065742748,1002.7643391732394,915.7665197929127,956.9760131835938,181000,0.0,0.0
2000-06-23 00:00:00+09:00,897.4512346878793,959.265477893422,897.4512346878793,943.2395629882812,113000,0.0,0.0
2000-06-26 00:00:00+09:00,943.2392929449313,1007.3429342130335,865.3991571193787,938.6604614257812,167000,0.0,0.0
2000-06-27 00:00:00+09:00,970.7126741456281,970.7126741456281,911.1878403536791,929.503173828125,83000,0.0,0.0
2000-06-28 00:00:00+09:00,920.345157257755,966.1334735392353,906.6086623733108,931.792236328125,153000,0.0,0.0
2000-06-29 00:00:00+09:00,924.9243176455425,945.5290672960621,865.3994853218195,902.0301513671875,68000,0.0,0.0
2000-06-30 00:00:00+09:00,869.9780782063801,927.2134780883789,851.6627502441406,879.1357421875,97000,0.0,0.0
2000-07-03 00:00:00+09:00,902.0299021402994,902.0299021402994,860.8204142252604,879.1357421875,59000,0.0,0.0
2000-07-04 00:00:00+09:00,879.1357194767443,984.4488525390625,860.8203919876454,984.4488525390625,110000,0.0,0.0
2000-07-05 00:00:00+09:00,1030.2372611347755,1094.340912938717,867.6887154890665,911.1876220703125,333000,0.0,0.0
2000-07-06 00:00:00+09:00,938.6605916997438,938.6605916997438,828.7686199885543,851.6627807617188,67000,0.0,0.0
2000-07-07 00:00:00+09:00,831.0580112766575,869.9780834301098,831.0580112766575,847.0839233398438,64000,0.0,0.0
2000-07-10 00:00:00+09:00,856.2416511572501,947.8182983398438,831.0580731820369,947.8182983398438,227000,0.0,0.0
2000-07-11 00:00:00+09:00,952.3972005208333,975.2913639948918,856.2417139297877,892.8723754882812,152000,0.0,0.0
2000-07-12 00:00:00+09:00,847.0840485401643,938.6607024363982,847.0840485401643,892.8723754882812,50000,0.0,0.0
2000-07-13 00:00:00+09:00,869.9780628668568,892.8722224159845,847.083903317729,865.3992309570312,30000,0.0,0.0
2000-07-14 00:00:00+09:00,856.2416024715343,956.975908644656,856.2416024715343,860.8204345703125,60000,0.0,0.0
2000-07-17 00:00:00+09:00,860.8204345703125,860.8204345703125,860.8204345703125,860.8204345703125,0,0.0,0.0
2000-07-18 00:00:00+09:00,856.2416748626781,963.84423828125,856.2416748626781,963.84423828125,200000,0.0,0.0
2000-07-19 00:00:00+09:00,856.2416748626781,963.84423828125,856.2416748626781,963.84423828125,200000,0.0,0.0
2000-07-20 00:00:00+09:00,973.0016604336826,1048.5523775967683,920.3450999866832,1007.3428955078125,200000,0.0,0.0
2000-07-21 00:00:00+09:00,966.1336808863695,1126.392822265625,966.1336808863695,1126.392822265625,350000,0.0,0.0
2000-07-24 00:00:00+09:00,1190.4963631465519,1261.46826171875,1153.8657058189656,1261.46826171875,198000,0.0,0.0
2000-07-25 00:00:00+09:00,1405.7015864353555,1405.7015864353555,1112.6563045726102,1167.602294921875,673000,0.0,0.0
2000-07-26 00:00:00+09:00,1195.0754150390626,1291.230908203125,1103.4987548828126,1213.3907470703125,949000,0.0,0.0
2000-07-27 00:00:00+09:00,1254.5999803987456,1337.0189572132617,1213.3904919914876,1277.494140625,1042000,0.0,0.0
2000-07-28 00:00:00+09:00,1369.0709506399264,1369.0709506399264,1126.392822265625,1126.392822265625,769000,0.0,0.0
2000-07-31 00:00:00+09:00,1126.392510431463,1126.392510431463,991.3169858065518,1007.3428955078125,324000,0.0,0.0
2000-08-01 00:00:00+09:00,1098.9198266006097,1126.392822265625,1053.131500492251,1126.392822265625,484000,0.0,0.0
2000-08-02 00:00:00+09:00,1082.8940684328797,1144.7083175823252,1048.55281890541,1064.5787353515625,441000,0.0,0.0
2000-08-03 00:00:00+09:00,1064.5782861954126,1121.8136779263489,1034.815882495326,1071.446533203125,386000,0.0,0.0
2000-08-04 00:00:00+09:00,1076.0257178949555,1080.6045507370616,989.0278938949378,1011.9220581054688,135000,0.0,0.0
2000-08-07 00:00:00+09:00,998.1855419428662,1133.2611083984375,998.1855419428662,1133.2611083984375,375000,0.0,0.0
2000-08-08 00:00:00+09:00,1185.9177490234374,1211.1013305664062,1103.4987548828126,1144.708251953125,606000,0.0,0.0
2000-08-09 00:00:00+09:00,1172.1813504016066,1172.1813504016066,1071.4470156014684,1140.1295166015625,188000,0.0,0.0
2000-08-10 00:00:00+09:00,1195.0751390832615,1208.8116349347933,1135.550323726624,1163.0233154296875,199000,0.0,0.0
2000-08-11 00:00:00+09:00,1190.4963204141811,1190.4963204141811,1055.4207763671875,1055.4207763671875,114000,0.0,0.0
2000-08-14 00:00:00+09:00,1009.6324684836648,1069.1572852196632,1007.3430524553571,1057.710205078125,90000,0.0,0.0
2000-08-15 00:00:00+09:00,1057.710205078125,1057.710205078125,1057.710205078125,1057.710205078125,0,0.0,0.0
2000-08-16 00:00:00+09:00,1030.2372127384333,1076.025533304586,1014.21130054028,1057.710205078125,99000,0.0,0.0
2000-08-17 00:00:00+09:00,1011.9218546943,1183.6280517578125,1011.9218546943,1183.6280517578125,256000,0.0,0.0
2000-08-18 00:00:00+09:00,1272.9157321973778,1272.9157321973778,1098.9200565732758,1195.0755615234375,421000,0.0,0.0
2000-08-21 00:00:00+09:00,1227.1268552805877,1227.1268552805877,1144.707887388608,1188.206787109375,398000,0.0,0.0
2000-08-22 00:00:00+09:00,1190.496337890625,1314.1248037484977,1082.8937842735877,1190.496337890625,709000,0.0,0.0
2000-08-23 00:00:00+09:00,1211.1010230654763,1233.9951822916667,1144.7079613095239,1201.943359375,323000,0.0,0.0
2000-08-24 00:00:00+09:00,1220.2586954834476,1220.2586954834476,1117.2349782287474,1137.8397216796875,187000,0.0,0.0
2000-08-25 00:00:00+09:00,1108.0774673150509,1149.2869599011478,1089.7621372767856,1121.81396484375,152000,0.0,0.0
2000-08-28 00:00:00+09:00,1103.4985142817727,1245.4423065752787,1089.762018253369,1231.705810546875,206000,0.0,0.0
2000-08-29 00:00:00+09:00,1222.5481925333352,1282.0730108963814,1192.7857833518121,1217.9693603515625,392000,0.0,0.0
2000-08-30 00:00:00+09:00,1231.7059450733418,1250.021275111607,1176.759954958546,1233.995361328125,221000,0.0,0.0
2000-08-31 00:00:00+09:00,1247.7319946289062,1300.38857421875,1087.4728393554688,1098.919921875,339000,0.0,0.0
2000-09-01 00:00:00+09:00,1030.237333653337,1121.8139855336335,1030.237333653337,1080.6044921875,164000,0.0,0.0
2000-09-04 00:00:00+09:00,1043.9741561989379,1089.762496383102,1021.0799861068559,1050.8424072265625,143000,0.0,0.0
2000-09-05 00:00:00+09:00,1053.13139125279,1057.710223388672,950.107668195452,961.5547485351562,180000,0.0,0.0
2000-09-06 00:00:00+09:00,975.2913124778054,975.2913124778054,897.4511607776989,906.6088256835938,179000,0.0,0.0
2000-09-07 00:00:00+09:00,920.3452138749379,929.5028776945891,842.5050714079034,865.3992309570312,154000,0.0,0.0
2000-09-08 00:00:00+09:00,840.2154616411995,886.0037701775045,778.4012451171875,778.4012451171875,57000,0.0,0.0
2000-09-11 00:00:00+09:00,778.4012451171875,778.4012451171875,778.4012451171875,778.4012451171875,0,0.0,0.0
2000-09-12 00:00:00+09:00,778.4012451171875,778.4012451171875,778.4012451171875,778.4012451171875,0,0.0,0.0
2000-09-13 00:00:00+09:00,778.4012451171875,778.4012451171875,778.4012451171875,778.4012451171875,0,0.0,0.0
2000-09-14 00:00:00+09:00,716.5870285931755,805.8742302389705,689.1140434713924,778.4012451171875,95000,0.0,0.0
2000-09-15 00:00:00+09:00,773.82275390625,799.0063346546782,741.7709238627958,773.82275390625,62000,0.0,0.0
2000-09-18 00:00:00+09:00,764.665019642223,769.2438520951705,682.246035489169,705.1401977539062,68000,0.0,0.0
2000-09-19 00:00:00+09:00,650.1943550857843,746.3498583026961,650.1943550857843,700.5615234375,65000,0.0,0.0
2000-09-20 00:00:00+09:00,686.8248268410011,755.5073095251013,686.8248268410011,741.7708129882812,88000,0.0,0.0
2000-09-21 00:00:00+09:00,741.7708938186233,741.7708938186233,654.7730729386612,677.667236328125,48000,0.0,0.0
2000-09-22 00:00:00+09:00,689.1142717048303,728.0343468509503,597.537624302195,613.5635375976562,45000,0.0,0.0
2000-09-25 00:00:00+09:00,592.9589471926635,645.6155332367996,558.6176954247486,597.5377807617188,33000,0.0,0.0
2000-09-26 00:00:00+09:00,597.5376747862933,668.5095825195312,597.5376747862933,668.5095825195312,41000,0.0,0.0
2000-09-27 00:00:00+09:00,686.8247495878727,748.6389770507812,686.8247495878727,748.6389770507812,50000,0.0,0.0
2000-09-28 00:00:00+09:00,801.2954213852698,837.926069220025,739.4812031641205,771.5330200195312,117000,0.0,0.0
2000-09-29 00:00:00+09:00,780.6908571261337,782.9802731294361,702.8507130138505,725.744873046875,164000,0.0,0.0
2000-10-02 00:00:00+09:00,709.7189388275146,732.6130981445312,673.0882839202881,732.6130981445312,63000,0.0,0.0
2000-10-03 00:00:00+09:00,732.6130981445312,732.6130981445312,732.6130981445312,732.6130981445312,0,0.0,0.0
2000-10-04 00:00:00+09:00,714.2976619784392,819.6107788085938,705.1399996453823,819.6107788085938,217000,0.0,0.0
2000-10-05 00:00:00+09:00,902.0299221801757,915.7664184570312,865.3992654418945,915.7664184570312,85000,0.0,0.0
2000-10-06 00:00:00+09:00,1025.6583251953125,1025.6583251953125,1025.6583251953125,1025.6583251953125,30000,0.0,0.0
2000-10-09 00:00:00+09:00,1146.9975136286096,1146.9975136286096,904.3193969726562,904.3193969726562,1024000,0.0,0.0
2000-10-10 00:00:00+09:00,936.3711872930113,984.4489255158799,824.189798106318,842.505126953125,438000,0.0,0.0
2000-10-11 00:00:00+09:00,869.9781017768673,869.9781017768673,741.7708025676448,750.928466796875,175000,0.0,0.0
2000-10-12 00:00:00+09:00,677.667107938096,840.2156372070312,677.667107938096,840.2156372070312,478000,0.0,0.0
2000-10-13 00:00:00+09:00,837.9261654897837,837.9261654897837,739.4812881234976,744.0601196289062,235000,0.0,0.0
2000-10-16 00:00:00+09:00,744.0601196289062,744.0601196289062,744.0601196289062,744.0601196289062,0,0.0,0.0
2000-10-17 00:00:00+09:00,769.2437435963114,780.6908231141138,698.2718505859375,698.2718505859375,115000,0.0,0.0
2000-10-18 00:00:00+09:00,673.0883942634828,739.4814671670237,673.0883942634828,709.7190551757812,84000,0.0,0.0
2000-10-19 00:00:00+09:00,689.1144397212009,746.3498583026961,677.667356004902,700.5615234375,53000,0.0,0.0
2000-10-20 00:00:00+09:00,741.7707618713379,755.5072574615479,705.1401069641113,732.6130981445312,69000,0.0,0.0
2000-10-23 00:00:00+09:00,746.3495578173524,746.3495578173524,709.7189046729426,737.19189453125,72000,0.0,0.0
2000-10-24 00:00:00+09:00,737.1920674641926,819.6110563732328,732.6132347470237,769.243896484375,100000,0.0,0.0
2000-10-25 00:00:00+09:00,792.1379530886387,860.8204345703125,755.5072962984126,860.8204345703125,197000,0.0,0.0
2000-10-26 00:00:00+09:00,869.9781723203681,963.84423828125,869.9781723203681,963.84423828125,467000,0.0,0.0
2000-10-27 00:00:00+09:00,963.84423828125,963.84423828125,963.84423828125,963.84423828125,0,0.0,0.0
2000-10-30 00:00:00+09:00,869.9780161446387,869.9780161446387,748.6389770507812,748.6389770507812,144000,0.0,0.0
2000-10-31 00:00:00+09:00,689.1141654198323,750.9283928827408,663.9305912682769,748.6389770507812,118000,0.0,0.0
2000-11-01 00:00:00+09:00,757.7969290311219,837.926513671875,755.5075123271004,837.926513671875,277000,0.0,0.0
2000-11-02 00:00:00+09:00,892.8722493032391,906.6087454463658,787.559112205934,815.0321044921875,200000,0.0,0.0
2000-11-03 00:00:00+09:00,828.7684411416507,833.3472723081791,801.2954541424799,819.6107788085938,67000,0.0,0.0
2000-11-06 00:00:00+09:00,780.6908236719282,888.2933712161529,780.6908236719282,840.2156372070312,122000,0.0,0.0
2000-11-07 00:00:00+09:00,856.2416456434462,856.2416456434462,801.295657687717,824.1898193359375,64000,0.0,0.0
2000-11-08 00:00:00+09:00,778.4014960394966,835.6369001600478,778.4014960394966,824.1898193359375,71000,0.0,0.0
2000-11-09 00:00:00+09:00,824.1898610884465,892.8723495124837,815.0321959652415,876.846435546875,187000,0.0,0.0
2000-11-10 00:00:00+09:00,892.8723255216767,979.870141854558,856.241666013095,883.7146606445312,130000,0.0,0.0
2000-11-13 00:00:00+09:00,874.5568947766824,929.5028776945891,849.3733192726418,865.3992309570312,58000,0.0,0.0
2000-11-14 00:00:00+09:00,869.9780302295729,968.4229125976562,851.6627032773714,968.4229125976562,301000,0.0,0.0
2000-11-15 00:00:00+09:00,984.4488172177914,1082.8936989395706,947.8181635538737,989.0276489257812,509000,0.0,0.0
2000-11-16 00:00:00+09:00,1007.343222608844,1048.552718079206,929.5030644981607,943.2395629882812,102000,0.0,0.0
2000-11-17 00:00:00+09:00,961.5547631492077,1046.2631589504474,943.2394343273181,975.291259765625,115000,0.0,0.0
2000-11-20 00:00:00+09:00,961.5546191626693,1092.0513174776029,956.9757876428471,1014.211181640625,134000,0.0,0.0
2000-11-21 00:00:00+09:00,1016.5008031384698,1030.237300478179,938.6606515467852,995.8960571289062,55000,0.0,0.0
2000-11-22 00:00:00+09:00,1007.3432252633626,1062.2892193686369,970.712562526513,1011.9220581054688,162000,0.0,0.0
2000-11-23 00:00:00+09:00,989.0277127851864,991.317128787004,890.5828247070312,890.5828247070312,40000,0.0,0.0
2000-11-24 00:00:00+09:00,869.9783185774905,993.6068164806076,869.9783185774905,902.0301513671875,53000,0.0,0.0
2000-11-27 00:00:00+09:00,924.9242795772507,982.159692917427,902.0301142411801,940.9501953125,45000,0.0,0.0
2000-11-28 00:00:00+09:00,940.9498734085648,959.2651994116513,899.7403899016205,927.21337890625,11000,0.0,0.0
2000-11-29 00:00:00+09:00,874.5569817793996,906.6088083367598,837.9263228567023,869.9781494140625,28000,0.0,0.0
2000-11-30 00:00:00+09:00,865.3993186257103,906.6088099888393,828.7686596362622,881.4252319335938,41000,0.0,0.0
2000-12-01 00:00:00+09:00,872.2675530023499,874.5569691519624,824.1898138604881,867.688720703125,17000,0.0,0.0
2000-12-04 00:00:00+09:00,867.6887511445995,970.7124814915836,867.6887511445995,918.055908203125,140000,0.0,0.0
2000-12-05 00:00:00+09:00,924.924166932398,943.2394969706633,879.1358418367347,897.451171875,40000,0.0,0.0
2000-12-06 00:00:00+09:00,927.2134780883789,927.2134780883789,860.8204142252604,879.1357421875,69000,0.0,0.0
2000-12-07 00:00:00+09:00,847.0839182535807,892.8722381591797,847.0839182535807,879.1357421875,21000,0.0,0.0
2000-12-08 00:00:00+09:00,853.9521002947965,888.2933375720671,849.3732686578271,856.2415161132812,18000,0.0,0.0
2000-12-11 00:00:00+09:00,831.0580743086965,922.63472161544,831.0580743086965,869.9781494140625,96000,0.0,0.0
2000-12-12 00:00:00+09:00,881.4252319335938,902.0299776151583,860.8204862520292,881.4252319335938,20000,0.0,0.0
2000-12-13 00:00:00+09:00,883.7145767015786,899.7404887143015,847.0839206724976,890.5828247070312,32000,0.0,0.0
2000-12-14 00:00:00+09:00,888.2936401367188,906.6089729230429,860.8206409572326,888.2936401367188,32000,0.0,0.0
2000-12-15 00:00:00+09:00,879.1357629654256,888.2934271629821,849.3733543233669,860.8204345703125,17000,0.0,0.0
2000-12-18 00:00:00+09:00,961.5548270089286,961.5548270089286,879.1358418367347,897.451171875,62000,0.0,0.0
2000-12-19 00:00:00+09:00,897.4511872649534,915.7665176172994,789.8486214449208,799.0062866210938,80000,0.0,0.0
2000-12-20 00:00:00+09:00,739.4815074311206,824.1899154031065,705.140260955991,773.82275390625,85000,0.0,0.0
2000-12-21 00:00:00+09:00,730.3237998453776,771.5332932535807,682.2460575358073,686.8248901367188,60000,0.0,0.0
2000-12-22 00:00:00+09:00,709.7187247440733,718.876385708513,663.930419921875,663.930419921875,35000,0.0,0.0
2000-12-25 00:00:00+09:00,663.930419921875,663.930419921875,663.930419921875,663.930419921875,0,0.0,0.0
2000-12-26 00:00:00+09:00,663.9305247876467,741.7706552799916,663.9305247876467,682.245849609375,27000,0.0,0.0
2000-12-27 00:00:00+09:00,682.245849609375,682.245849609375,682.245849609375,682.245849609375,0,0.0,0.0
2000-12-28 00:00:00+09:00,682.245849609375,682.245849609375,682.245849609375,682.245849609375,0,0.0,0.0
2000-12-29 00:00:00+09:00,682.245849609375,682.245849609375,682.245849609375,682.245849609375,0,0.0,0.0
2001-01-01 00:00:00+09:00,682.245849609375,682.245849609375,682.245849609375,682.245849609375,0,0.0,0.0
2001-01-02 00:00:00+09:00,679.8353210449219,802.7842620849609,679.8353210449219,771.4443359375,83000,75.0,0.0
2001-01-03 00:00:00+09:00,781.0873783656529,834.124175662086,749.7474526904878,810.0165405273438,31000,0.0,0.0
2001-01-04 00:00:00+09:00,843.7673276187452,877.518020723495,785.9089965820312,785.9089965820312,373000,0.0,0.0
2001-01-05 00:00:00+09:00,805.1949684470401,805.1949684470401,711.1751966822659,730.4613037109375,159000,0.0,0.0
2001-01-08 00:00:00+09:00,737.6936985792312,817.2489013671875,723.2291162541483,817.2489013671875,319000,0.0,0.0
2001-01-09 00:00:00+09:00,824.48100086065,850.9993956251739,790.7303166148924,812.4271850585938,308000,0.0,0.0
2001-01-10 00:00:00+09:00,800.3736508438011,841.3566389894174,737.6937866210938,737.6937866210938,108000,0.0,0.0
2001-01-11 00:00:00+09:00,747.3367004394531,778.676626586914,728.0505920410156,771.4443359375,49000,0.0,0.0
2001-01-12 00:00:00+09:00,752.1581552239912,793.1411316304267,752.1581552239912,761.8012084960938,68000,0.0,0.0
2001-01-15 00:00:00+09:00,747.3367063155085,805.1950319657415,747.3367063155085,776.265869140625,151000,0.0,0.0
2001-01-16 00:00:00+09:00,785.9091329919287,812.4275393198772,761.8014908756119,800.3737182617188,155000,0.0,0.0
2001-01-17 00:00:00+09:00,810.0163352272727,860.6423561789774,771.4441287878789,795.5517578125,138000,0.0,0.0
2001-01-18 00:00:00+09:00,800.3734772370026,834.1241660361533,778.67660586612,802.7842407226562,86000,0.0,0.0
2001-01-19 00:00:00+09:00,807.6056572698778,896.8038940429688,800.3733678017893,896.8038940429688,329000,0.0,0.0
2001-01-22 00:00:00+09:00,906.4469999220976,923.3223430057536,824.4810478014823,846.1779174804688,464000,0.0,0.0
2001-01-23 00:00:00+09:00,846.1779174804688,846.1779174804688,846.1779174804688,846.1779174804688,0,0.0,0.0
2001-01-24 00:00:00+09:00,846.1779174804688,846.1779174804688,846.1779174804688,846.1779174804688,0,0.0,0.0
2001-01-25 00:00:00+09:00,846.1779174804688,846.1779174804688,846.1779174804688,846.1779174804688,0,0.0,0.0
2001-01-26 00:00:00+09:00,848.5887567429315,848.5887567429315,800.3734864734467,810.0165405273438,96000,0.0,0.0
2001-01-29 00:00:00+09:00,817.2488323779817,906.4470825195312,817.2488323779817,906.4470825195312,343000,0.0,0.0
2001-01-30 00:00:00+09:00,913.6791215863144,913.6791215863144,824.4808959960938,824.4808959960938,392000,0.0,0.0
2001-01-31 00:00:00+09:00,843.7672507980785,923.3224487304688,805.1950336187377,923.3224487304688,447000,0.0,0.0
2001-02-01 00:00:00+09:00,932.9652232591001,971.5374288718793,863.0531005859375,863.0531005859375,534000,0.0,0.0
2001-02-02 00:00:00+09:00,891.9823879665798,928.1438361273871,867.874755859375,867.874755859375,113000,0.0,0.0
2001-02-05 00:00:00+09:00,882.3395341255922,887.1610616344752,826.8919677734375,826.8919677734375,54000,0.0,0.0
2001-02-06 00:00:00+09:00,805.1949382672991,894.3931799316407,805.1949382672991,843.7671508789062,56000,0.0,0.0
2001-02-07 00:00:00+09:00,853.4102561576909,867.8748367705331,814.8380411901117,836.534912109375,38000,0.0,0.0
2001-02-08 00:00:00+09:00,838.9456747086322,891.9824702361894,838.9456747086322,882.3394165039062,96000,0.0,0.0
2001-02-09 00:00:00+09:00,867.874755859375,884.7500983344183,863.053229437934,867.874755859375,26000,0.0,0.0
2001-02-12 00:00:00+09:00,863.0533745807151,891.982537974482,863.0533745807151,887.1610107421875,64000,0.0,0.0
2001-02-13 00:00:00+09:00,891.9823879665798,940.1976521809895,891.9823879665798,911.2684936523438,124000,0.0,0.0
2001-02-14 00:00:00+09:00,911.2684077626651,959.4836674326474,908.857644779166,935.3760375976562,171000,0.0,0.0
2001-02-15 00:00:00+09:00,964.3053123988018,988.4129452087718,925.7330999028497,930.5546264648438,186000,0.0,0.0
2001-02-16 00:00:00+09:00,925.7332469919786,949.8408836323948,891.9825556953961,901.6256103515625,67000,0.0,0.0
2001-02-19 00:00:00+09:00,882.3393733097957,949.8407461313101,882.3393733097957,940.1976928710938,70000,0.0,0.0
2001-02-20 00:00:00+09:00,930.5545932503634,1046.2712266079216,930.5545932503634,1036.628173828125,188000,0.0,0.0
2001-02-21 00:00:00+09:00,1051.0930753183243,1051.0930753183243,937.7871704101562,937.7871704101562,130000,0.0,0.0
2001-02-22 00:00:00+09:00,925.7332469919786,925.7332469919786,882.3395010392296,901.6256103515625,66000,0.0,0.0
2001-02-23 00:00:00+09:00,891.9824265700121,959.4837993915265,867.8747934194712,940.1976928710938,90000,0.0,0.0
2001-02-26 00:00:00+09:00,940.1976928710938,969.1268526517429,935.3761662409856,940.1976928710938,29000,0.0,0.0
2001-02-27 00:00:00+09:00,942.6086107755962,945.0193744860197,911.2686825400905,916.0902099609375,48000,0.0,0.0
2001-02-28 00:00:00+09:00,916.0901079963235,1024.574462890625,916.0901079963235,1024.574462890625,718000,0.0,0.0
2001-03-01 00:00:00+09:00,1024.574462890625,1024.574462890625,1024.574462890625,1024.574462890625,0,0.0,0.0
2001-03-02 00:00:00+09:00,1029.396084545768,1060.7360121783088,901.6256103515625,901.6256103515625,676000,0.0,0.0
2001-03-05 00:00:00+09:00,877.517808702257,899.2146775987413,824.4810180664062,867.874755859375,218000,0.0,0.0
2001-03-06 00:00:00+09:00,891.9825778705607,971.5377807617188,858.2318857349178,971.5377807617188,556000,0.0,0.0
2001-03-07 00:00:00+09:00,971.5376522986967,1010.1098667820196,916.0900939789199,966.7161254882812,768000,0.0,0.0
2001-03-08 00:00:00+09:00,1005.2883767022026,1055.9144100613064,981.1807417692961,1041.4498291015625,411000,0.0,0.0
2001-03-09 00:00:00+09:00,1055.9144284189033,1055.9144284189033,993.2345765036259,1007.6991577148438,112000,0.0,0.0
2001-03-12 00:00:00+09:00,998.0560772235576,1128.2373046875,998.0560772235576,1128.2373046875,459000,0.0,0.0
2001-03-13 00:00:00+09:00,1113.7728010751669,1142.701964739457,993.234619140625,993.234619140625,165000,0.0,0.0
2001-03-14 00:00:00+09:00,993.234619140625,993.234619140625,993.234619140625,993.234619140625,0,0.0,0.0
2001-03-15 00:00:00+09:00,964.3053123988018,964.3053123988018,879.9285975639067,930.5546264648438,161000,0.0,0.0
2001-03-16 00:00:00+09:00,954.6622592748138,964.3053123988018,920.9115733408557,930.5546264648438,58000,0.0,0.0
2001-03-19 00:00:00+09:00,945.019219501202,954.6622727614183,916.090059720553,940.1976928710938,76000,0.0,0.0
2001-03-20 00:00:00+09:00,952.251407353565,988.4128532024346,942.6083551271997,954.6621704101562,145000,0.0,0.0
2001-03-21 00:00:00+09:00,932.9654788246638,1005.288384159909,891.9824991346915,952.2515869140625,146000,0.0,0.0
2001-03-22 00:00:00+09:00,998.0560009986567,1065.557373046875,988.4129478489112,1065.557373046875,226000,0.0,0.0
2001-03-23 00:00:00+09:00,1157.1663682081355,1193.3278172146397,978.7698864427146,1014.9313354492188,953000,0.0,0.0
2001-03-26 00:00:00+09:00,1036.6282290875758,1036.6282290875758,923.3223528849804,942.6084594726562,205000,0.0,0.0
2001-03-27 00:00:00+09:00,964.3054668719951,1046.2714315561147,964.3054668719951,1002.877685546875,308000,0.0,0.0
2001-03-28 00:00:00+09:00,998.0561867297536,1067.9683350755577,998.0561867297536,1026.9853515625,280000,0.0,0.0
2001-03-29 00:00:00+09:00,1051.0928443545386,1113.7726928710938,988.4129958379837,1012.5206298828125,446000,0.0,0.0
2001-03-30 00:00:00+09:00,1012.520461023879,1048.6819060604462,932.9652819434314,981.1805419921875,176000,0.0,0.0
2001-04-02 00:00:00+09:00,981.1807394222337,981.1807394222337,940.1977601343272,945.019287109375,102000,0.0,0.0
2001-04-03 00:00:00+09:00,945.0192363941727,998.0560302734375,916.090076096392,998.0560302734375,111000,0.0,0.0
2001-04-04 00:00:00+09:00,973.9484682220021,1116.1835167989777,964.3054140811902,1007.6991577148438,259000,0.0,0.0
2001-04-05 00:00:00+09:00,1007.6991577148438,1007.6991577148438,1007.6991577148438,1007.6991577148438,0,0.0,0.0
2001-04-06 00:00:00+09:00,1026.9853100822968,1046.2714191918235,973.9485100310983,993.234619140625,229000,0.0,0.0
2001-04-09 00:00:00+09:00,998.0558508447854,1036.6280576407191,954.66211819936,1000.4666137695312,94000,0.0,0.0
2001-04-10 00:00:00+09:00,1026.9852783781657,1051.0929140208457,993.2345884784138,1017.3422241210938,247000,0.0,0.0
2001-04-11 00:00:00+09:00,1031.806849553035,1036.6283768873948,964.3054668719951,1002.877685546875,100000,0.0,0.0
2001-04-12 00:00:00+09:00,988.4128959506166,990.8236591114718,964.305264342065,983.5913696289062,80000,0.0,0.0
2001-04-13 00:00:00+09:00,949.8406853769341,998.0559485940372,949.8406853769341,983.5913696289062,81000,0.0,0.0
2001-04-16 00:00:00+09:00,964.3054044699368,988.4130395816851,945.019296380538,952.2515869140625,101000,0.0,0.0
2001-04-17 00:00:00+09:00,952.2516372828808,993.234619140625,945.0193463668082,993.234619140625,101000,0.0,0.0
2001-04-18 00:00:00+09:00,993.2343570043765,1007.6989350190033,969.1267269799985,981.1805419921875,37000,0.0,0.0
2001-04-19 00:00:00+09:00,990.8236935424804,990.8236935424804,947.4299551391601,964.3052978515625,93000,0.0,0.0
2001-04-20 00:00:00+09:00,954.6625313541006,969.127115162496,932.9656556415073,949.8410034179688,87000,0.0,0.0
2001-04-23 00:00:00+09:00,964.3051496898854,971.5374383125596,940.1975209476383,947.4298095703125,47000,0.0,0.0
2001-04-24 00:00:00+09:00,928.1439208984375,949.8407917765828,923.3223940366274,928.1439208984375,70000,0.0,0.0
2001-04-25 00:00:00+09:00,945.0192061508258,945.0192061508258,920.9115733408557,930.5546264648438,47000,0.0,0.0
2001-04-26 00:00:00+09:00,945.0192061508258,945.0192061508258,920.9115733408557,930.5546264648438,47000,0.0,0.0
2001-04-27 00:00:00+09:00,904.0363220700535,916.0901396976542,870.2856327127715,908.8578491210938,94000,0.0,0.0
2001-04-30 00:00:00+09:00,916.0900200737847,916.0900200737847,899.2146775987413,911.2684936523438,29000,0.0,0.0
2001-05-01 00:00:00+09:00,911.2684936523438,911.2684936523438,911.2684936523438,911.2684936523438,0,0.0,0.0
2001-05-02 00:00:00+09:00,920.9115464952256,920.9115464952256,891.9823879665798,911.2684936523438,36000,0.0,0.0
2001-05-03 00:00:00+09:00,891.9825409679878,911.2686499618903,877.517959222561,889.57177734375,26000,0.0,0.0
2001-05-04 00:00:00+09:00,879.9285172098907,889.5715694532868,867.8747019056457,872.6962280273438,49000,0.0,0.0
2001-05-07 00:00:00+09:00,867.874527815934,877.517578125,860.6422400841345,877.517578125,31000,0.0,0.0
2001-05-08 00:00:00+09:00,877.5177541490417,887.1608063924378,860.6424127230986,872.6962280273438,44000,0.0,0.0
2001-05-09 00:00:00+09:00,863.053229437934,872.6962822808159,846.1778869628906,867.874755859375,57000,0.0,0.0
2001-05-10 00:00:00+09:00,867.8749047256098,889.57177734375,867.8749047256098,889.57177734375,45000,0.0,0.0
2001-05-11 00:00:00+09:00,891.9823879665798,899.2146775987413,860.6424662272135,867.874755859375,40000,0.0,0.0
2001-05-14 00:00:00+09:00,901.625592439071,901.625592439071,870.2856654291568,887.1610107421875,13000,0.0,0.0
2001-05-15 00:00:00+09:00,877.517578125,935.3758799793956,867.874527815934,877.517578125,590000,0.0,0.0
2001-05-16 00:00:00+09:00,877.5178189028064,901.6254512902461,863.0532394703425,875.1070556640625,23000,0.0,0.0
2001-05-17 00:00:00+09:00,875.1069910881927,882.3392802707398,858.2316496622497,872.6962280273438,73000,0.0,0.0
2001-05-18 00:00:00+09:00,863.0532933285361,877.5178736636512,863.0532933285361,870.2855834960938,31000,0.0,0.0
2001-05-21 00:00:00+09:00,870.2855770355479,872.6963404068375,860.6425235503896,865.4640502929688,49000,0.0,0.0
2001-05-22 00:00:00+09:00,863.053229437934,882.3393351236979,863.053229437934,867.874755859375,43000,0.0,0.0
2001-05-23 00:00:00+09:00,867.8746262875349,913.6791204527103,858.23157488434,863.0531005859375,253000,0.0,0.0
2001-05-24 00:00:00+09:00,867.8749047256098,901.625595464939,855.8210866044208,889.57177734375,191000,0.0,0.0
2001-05-25 00:00:00+09:00,891.9823325141358,891.9823325141358,867.8747019056457,872.6962280273438,77000,0.0,0.0
2001-05-28 00:00:00+09:00,867.8748201069078,882.339400442023,858.2317665501645,870.2855834960938,52000,0.0,0.0
2001-05-29 00:00:00+09:00,870.2855291865745,889.5716350965263,867.8747659478305,875.1070556640625,61000,0.0,0.0
2001-05-30 00:00:00+09:00,867.8749018130095,891.982537974482,863.0533745807151,887.1610107421875,111000,0.0,0.0
2001-05-31 00:00:00+09:00,879.9286530708355,884.750179936977,865.4640724724109,882.3394165039062,54000,0.0,0.0
2001-06-01 00:00:00+09:00,882.339400442023,882.339400442023,867.8748201069078,870.2855834960938,25000,0.0,0.0
2001-06-04 00:00:00+09:00,863.0532933285361,882.339400442023,863.0532933285361,870.2855834960938,58000,0.0,0.0
2001-06-05 00:00:00+09:00,872.6962822808159,879.9285719129774,863.053229437934,867.874755859375,23000,0.0,0.0
2001-06-06 00:00:00+09:00,867.874755859375,867.874755859375,867.874755859375,867.874755859375,0,0.0,0.0
2001-06-07 00:00:00+09:00,863.053229437934,875.1070454915364,863.053229437934,867.874755859375,61000,0.0,0.0
2001-06-08 00:00:00+09:00,865.4639388447966,896.8038586358339,858.2316496622497,872.6962280273438,23000,0.0,0.0
2001-06-11 00:00:00+09:00,882.3393453802944,882.3393453802944,865.4640027090866,875.1070556640625,52000,0.0,0.0
2001-06-12 00:00:00+09:00,884.7502381207191,891.982528895548,858.2318386130137,879.9287109375,49000,0.0,0.0
2001-06-13 00:00:00+09:00,884.750179936977,891.9824702361894,867.8748359054816,882.3394165039062,83000,0.0,0.0
2001-06-14 00:00:00+09:00,877.517578125,877.517578125,860.6422400841345,877.517578125,27000,0.0,0.0
2001-06-15 00:00:00+09:00,872.6962557406039,891.9823608398438,867.874729465794,891.9823608398438,90000,0.0,0.0
2001-06-18 00:00:00+09:00,891.9823879665798,891.9823879665798,867.874755859375,867.874755859375,31000,0.0,0.0
2001-06-19 00:00:00+09:00,889.5717743583348,889.5717743583348,872.6964290453041,887.1610107421875,45000,0.0,0.0
2001-06-20 00:00:00+09:00,887.1610283673128,978.7700476008941,877.5179737111464,901.6256103515625,373000,0.0,0.0
2001-06-21 00:00:00+09:00,911.26864690366,916.0901741359545,870.2856654291568,887.1610107421875,97000,0.0,0.0
2001-06-22 00:00:00+09:00,891.9824539987665,891.9824539987665,865.464056717722,870.2855834960938,80000,0.0,0.0
2001-06-25 00:00:00+09:00,882.339400442023,882.339400442023,863.0532933285361,870.2855834960938,25000,0.0,0.0
2001-06-26 00:00:00+09:00,870.2856283641996,884.750209445045,807.6057770138694,810.0165405273438,45000,0.0,0.0
2001-06-27 00:00:00+09:00,795.5517344755285,822.0701256247128,795.5517344755285,819.6593627929688,22000,0.0,0.0
2001-06-28 00:00:00+09:00,819.659676510113,829.302731527879,800.3735664745809,826.8919677734375,15000,0.0,0.0
2001-06-29 00:00:00+09:00,810.0166214923469,831.7134952823205,805.1950939834638,826.8919677734375,18000,0.0,0.0
2001-07-02 00:00:00+09:00,819.6595945812406,834.124175662086,805.1950135003952,810.0165405273438,15000,0.0,0.0
2001-07-03 00:00:00+09:00,810.0163114659927,819.6593627929688,781.0871574850644,819.6593627929688,9000,0.0,0.0
2001-07-04 00:00:00+09:00,819.6595945812406,819.6595945812406,795.5519594464982,810.0165405273438,16000,0.0,0.0
2001-07-05 00:00:00+09:00,805.1949382672991,901.625469796317,805.1949382672991,843.7671508789062,264000,0.0,0.0
2001-07-06 00:00:00+09:00,843.7672361114321,843.7672361114321,788.3196748812522,814.8380737304688,73000,0.0,0.0
2001-07-09 00:00:00+09:00,810.0164218981826,829.3025271814726,771.4442113316024,812.4271850585938,33000,0.0,0.0
2001-07-10 00:00:00+09:00,795.5519502656954,810.0165311796171,781.0873693517736,802.7842407226562,14000,0.0,0.0
2001-07-11 00:00:00+09:00,771.4441845554711,805.1948676297731,761.8011322485278,793.1410522460938,14000,0.0,0.0
2001-07-12 00:00:00+09:00,795.5521898384554,824.4813603780356,781.0876045686653,800.3737182617188,45000,0.0,0.0
2001-07-13 00:00:00+09:00,800.3734864734467,814.8380675542921,785.9089053926014,810.0165405273438,21000,0.0,0.0
2001-07-16 00:00:00+09:00,814.837861032197,817.2486239346591,795.5517578125,795.5517578125,18000,0.0,0.0
2001-07-17 00:00:00+09:00,795.5517578125,795.5517578125,795.5517578125,795.5517578125,0,0.0,0.0
2001-07-18 00:00:00+09:00,807.6057891845703,807.6057891845703,771.4443359375,771.4443359375,10000,0.0,0.0
2001-07-19 00:00:00+09:00,761.8012084960938,771.4442617681962,761.8012084960938,761.8012084960938,2000,0.0,0.0
2001-07-20 00:00:00+09:00,766.6225811993635,781.087158203125,742.5149528597608,781.087158203125,10000,0.0,0.0
2001-07-23 00:00:00+09:00,781.087083277209,781.087083277209,699.1211547851562,699.1211547851562,14000,0.0,0.0
2001-07-24 00:00:00+09:00,699.1213207579495,699.1213207579495,643.6737677323191,687.0675048828125,18000,0.0,0.0
2001-07-25 00:00:00+09:00,696.7106264028977,696.7106264028977,641.2630679002449,646.0845947265625,3000,0.0,0.0
2001-07-26 00:00:00+09:00,573.7617300047096,699.1214357200244,573.7617300047096,679.8353271484375,13000,0.0,0.0
2001-07-27 00:00:00+09:00,694.2999384631848,711.1752841897206,684.6568837623073,703.9429931640625,6000,0.0,0.0
2001-07-30 00:00:00+09:00,703.9428206104343,715.9966360318459,689.4782421047405,711.1751098632812,3000,0.0,0.0
2001-07-31 00:00:00+09:00,684.6567778716216,715.9967008023648,675.0137246621621,713.5859375,10000,0.0,0.0
2001-08-01 00:00:00+09:00,689.4781043743264,713.5857304014008,682.2458165662042,699.1211547851562,13000,0.0,0.0
2001-08-02 00:00:00+09:00,684.6568481445313,703.9429565429688,675.0137939453125,675.0137939453125,9000,0.0,0.0
2001-08-03 00:00:00+09:00,665.370639614292,691.8890346713833,665.370639614292,689.478271484375,12000,0.0,0.0
2001-08-06 00:00:00+09:00,689.4781043743264,699.1211547851562,672.6027661553744,699.1211547851562,10000,0.0,0.0
2001-08-07 00:00:00+09:00,699.1214113819356,708.7644653320312,699.1214113819356,708.7644653320312,3000,0.0,0.0
2001-08-08 00:00:00+09:00,708.7644653320312,715.996755794603,689.47835743184,708.7644653320312,14000,0.0,0.0
2001-08-09 00:00:00+09:00,699.1213478895585,708.7644009638972,689.4782948152198,706.3536376953125,7000,0.0,0.0
2001-08-10 00:00:00+09:00,708.7644836425782,713.5860107421876,675.0137939453125,675.0137939453125,11000,0.0,0.0
2001-08-13 00:00:00+09:00,675.0136635990466,711.1751098632812,675.0136635990466,711.1751098632812,32000,0.0,0.0
2001-08-14 00:00:00+09:00,691.8890051890228,711.1751098632812,679.8351897676113,711.1751098632812,8000,0.0,0.0
2001-08-15 00:00:00+09:00,711.1751098632812,711.1751098632812,711.1751098632812,711.1751098632812,0,0.0,0.0
2001-08-16 00:00:00+09:00,689.47835743184,708.7644653320312,675.0137765066964,708.7644653320312,20000,0.0,0.0
2001-08-17 00:00:00+09:00,694.2999267578125,703.9429812961154,687.0676358540852,694.2999267578125,3000,0.0,0.0
2001-08-20 00:00:00+09:00,675.0138176812065,694.2999267578125,675.0138176812065,694.2999267578125,29000,0.0,0.0
2001-08-21 00:00:00+09:00,694.29990234375,694.29990234375,675.0137939453125,675.0137939453125,18000,0.0,0.0
2001-08-22 00:00:00+09:00,675.0136218391121,684.656673579671,675.0136218391121,682.2459106445312,13000,0.0,0.0
2001-08-23 00:00:00+09:00,675.0137361682607,684.656789542093,675.0137361682607,677.4244995117188,1000,0.0,0.0
2001-08-24 00:00:00+09:00,677.4245635769892,696.710672148576,675.0138000055408,679.8353271484375,12000,0.0,0.0
2001-08-27 00:00:00+09:00,658.1384490966797,679.8353210449219,658.1384490966797,675.0137939453125,2000,0.0,0.0
2001-08-28 00:00:00+09:00,655.7275218694982,684.6566772460938,655.7275218694982,684.6566772460938,870,0.0,0.0
2001-08-29 00:00:00+09:00,675.0136254538953,694.2997290382923,660.5490477655975,684.6566772460938,13000,0.0,0.0
2001-08-30 00:00:00+09:00,650.9060094629266,694.2997434271217,650.9060094629266,653.3167724609375,850,0.0,0.0
2001-08-31 00:00:00+09:00,675.0138492721447,684.6569042617468,660.5492667877417,670.1923217773438,360,0.0,0.0
2001-09-03 00:00:00+09:00,679.8353210449219,679.8353210449219,675.0137939453125,675.0137939453125,17000,0.0,0.0
2001-09-04 00:00:00+09:00,675.0137939453125,675.0137939453125,675.0137939453125,675.0137939453125,1000,0.0,0.0
2001-09-05 00:00:00+09:00,687.0676178627826,687.0676178627826,650.9061642910572,679.8353271484375,5000,0.0,0.0
2001-09-06 00:00:00+09:00,655.727685546875,679.8353210449219,655.727685546875,675.0137939453125,14000,0.0,0.0
2001-09-07 00:00:00+09:00,655.727685546875,675.0137939453125,650.9061584472656,675.0137939453125,10000,0.0,0.0
2001-09-10 00:00:00+09:00,715.9968652428228,715.9968652428228,696.7107543945312,696.7107543945312,2000,0.0,0.0
2001-09-11 00:00:00+09:00,670.192099557796,691.8889660902427,658.1382848175479,684.6566772460938,11000,0.0,0.0
2001-09-12 00:00:00+09:00,602.6907958984375,602.6907958984375,602.6907958984375,602.6907958984375,910,0.0,0.0
2001-09-13 00:00:00+09:00,530.3679596431672,607.5123901367188,530.3679596431672,607.5123901367188,30000,0.0,0.0
2001-09-14 00:00:00+09:00,568.9401073373241,568.9401073373241,535.1894230037541,556.8862915039062,8000,0.0,0.0
2001-09-17 00:00:00+09:00,506.26022893732244,530.3678588867188,491.79565096768465,530.3678588867188,13000,0.0,0.0
2001-09-18 00:00:00+09:00,496.6172938683221,593.0478363670254,496.6172938683221,580.9940185546875,3000,0.0,0.0
2001-09-19 00:00:00+09:00,554.4755922514817,564.1186460297683,554.4755922514817,559.297119140625,8000,0.0,0.0
2001-09-20 00:00:00+09:00,578.5832331730769,590.6370505308494,544.8325445713141,564.11865234375,1000,0.0,0.0
2001-09-21 00:00:00+09:00,530.3679637419872,564.11865234375,515.9033829126603,564.11865234375,9000,0.0,0.0
2001-09-24 00:00:00+09:00,564.11865234375,564.11865234375,564.11865234375,564.11865234375,0,0.0,0.0
2001-09-25 00:00:00+09:00,561.7079121474678,679.8353271484375,559.2971485760195,679.8353271484375,19000,0.0,0.0
2001-09-26 00:00:00+09:00,607.5125658885543,607.5125658885543,600.2802734375,600.2802734375,90000,0.0,0.0
2001-09-27 00:00:00+09:00,537.6001478715376,566.5293038108132,530.3678588867188,530.3678588867188,204000,0.0,0.0
2001-09-28 00:00:00+09:00,530.3678588867188,530.3678588867188,530.3678588867188,530.3678588867188,0,0.0,0.0
2001-10-01 00:00:00+09:00,530.3678588867188,530.3678588867188,530.3678588867188,530.3678588867188,0,0.0,0.0
2001-10-02 00:00:00+09:00,530.3678588867188,530.3678588867188,530.3678588867188,530.3678588867188,0,0.0,0.0
2001-10-03 00:00:00+09:00,530.3678588867188,530.3678588867188,530.3678588867188,530.3678588867188,0,0.0,0.0
2001-10-04 00:00:00+09:00,549.6540250377495,607.5123434627758,547.24326177004,573.7616577148438,117000,0.0,0.0
2001-10-05 00:00:00+09:00,554.4755922514817,583.4047535863416,554.4755922514817,559.297119140625,28000,0.0,0.0
2001-10-08 00:00:00+09:00,607.5123948317307,607.5123948317307,544.8325445713141,564.11865234375,46000,0.0,0.0
2001-10-09 00:00:00+09:00,593.0478073646282,593.0478073646282,554.4755922514817,559.297119140625,66000,0.0,0.0
2001-10-10 00:00:00+09:00,564.1187152862549,624.3878087997437,561.7079515457153,617.155517578125,97000,0.0,0.0
2001-10-11 00:00:00+09:00,619.5663399490655,650.9062715418199,612.3340480430454,614.7448120117188,39000,0.0,0.0
2001-10-12 00:00:00+09:00,626.7984277343751,626.7984277343751,590.6369799804688,602.6907958984375,38000,0.0,0.0
2001-10-15 00:00:00+09:00,617.1555513211382,617.1555513211382,588.2263848529599,593.0479125976562,31000,0.0,0.0
2001-10-16 00:00:00+09:00,607.5123256972112,609.9230888944223,593.0477465139443,605.1015625,25000,0.0,0.0
2001-10-17 00:00:00+09:00,605.1015992079765,677.4244995117188,605.1015992079765,677.4244995117188,100000,0.0,0.0
2001-10-18 00:00:00+09:00,699.1212993881609,756.9796138202845,658.1383266654066,672.6029052734375,318000,0.0,0.0
2001-10-19 00:00:00+09:00,670.1924239547164,682.2462445294416,636.4417263454861,650.9063110351562,41000,0.0,0.0
2001-10-22 00:00:00+09:00,655.7275461906934,689.4782287152144,646.0844940408302,660.549072265625,43000,0.0,0.0
2001-10-23 00:00:00+09:00,675.0139223983865,737.6937866210938,675.0139223983865,737.6937866210938,105000,0.0,0.0
2001-10-24 00:00:00+09:00,781.0873549378034,824.4810968787925,706.3536882616556,744.9259033203125,294000,0.0,0.0
2001-10-25 00:00:00+09:00,756.9796340639228,756.9796340639228,699.1213180845148,728.0504760742188,51000,0.0,0.0
2001-10-26 00:00:00+09:00,728.0504824765079,740.1042984115494,689.478271484375,689.478271484375,42000,0.0,0.0
2001-10-29 00:00:00+09:00,675.0135287580819,723.2287808122305,675.0135287580819,699.1211547851562,40000,0.0,0.0
2001-10-30 00:00:00+09:00,703.9427808304907,703.9427808304907,650.9059959733991,684.6566772460938,22000,0.0,0.0
2001-10-31 00:00:00+09:00,699.1215182505676,699.1215182505676,658.1385326979482,696.7107543945312,9000,0.0,0.0
2001-11-01 00:00:00+09:00,672.6029728248026,703.9428962897575,670.1922094813445,677.4244995117188,25000,0.0,0.0
2001-11-02 00:00:00+09:00,706.3535836947167,732.8719776218221,699.1212944418697,711.1751098632812,80000,0.0,0.0
2001-11-05 00:00:00+09:00,708.7642933238636,795.5517578125,708.7642933238636,795.5517578125,239000,0.0,0.0
2001-11-06 00:00:00+09:00,810.0165777439025,889.57177734375,761.8013052591464,889.57177734375,273000,0.0,0.0
2001-11-07 00:00:00+09:00,908.857727346351,995.6452026367188,908.857727346351,995.6452026367188,273000,0.0,0.0
2001-11-08 00:00:00+09:00,1108.9511301924542,1108.9511301924542,877.5178508479421,988.4129638671875,1280000,0.0,0.0
2001-11-09 00:00:00+09:00,988.4129638671875,988.4129638671875,988.4129638671875,988.4129638671875,0,0.0,0.0
2001-11-12 00:00:00+09:00,879.9287118220675,901.625584168365,805.1950404070426,831.7134399414062,237000,0.0,0.0
2001-11-13 00:00:00+09:00,826.8918058735366,846.1779121329777,785.9088300722243,797.962646484375,180000,0.0,0.0
2001-11-14 00:00:00+09:00,810.0163352272727,843.7670158617425,788.3194691051136,795.5517578125,145000,0.0,0.0
2001-11-15 00:00:00+09:00,805.1950827629518,889.5718129926023,805.1950827629518,817.2489013671875,573000,0.0,0.0
2001-11-16 00:00:00+09:00,817.2488433837891,843.7672424316406,766.6228088378906,771.4443359375,151000,0.0,0.0
2001-11-19 00:00:00+09:00,783.4981536865234,788.3196807861328,756.9797546386719,771.4443359375,99000,0.0,0.0
2001-11-20 00:00:00+09:00,761.8012877280668,781.0873962781444,759.3905241593071,776.265869140625,52000,0.0,0.0
2001-11-21 00:00:00+09:00,761.8013067864753,771.4443613027597,740.1044341248352,742.5151977539062,54000,0.0,0.0
2001-11-22 00:00:00+09:00,771.444255075637,776.2657816698596,742.5150955103005,756.9796752929688,75000,0.0,0.0
2001-11-23 00:00:00+09:00,756.9797855500252,756.9797855500252,742.5152036605342,747.3367309570312,63000,0.0,0.0
2001-11-26 00:00:00+09:00,752.1582582535282,759.3905491982737,740.1044400122857,747.3367309570312,40000,0.0,0.0
2001-11-27 00:00:00+09:00,747.3367250120485,752.1582522701908,732.8721432376218,742.5151977539062,10000,0.0,0.0
2001-11-28 00:00:00+09:00,742.5150550690709,771.4442130587748,728.0504760742188,728.0504760742188,12000,0.0,0.0
2001-11-29 00:00:00+09:00,752.1581552239912,771.4442617681962,694.2998355913766,761.8012084960938,40000,0.0,0.0
2001-11-30 00:00:00+09:00,752.158148698746,769.0334917785256,752.158148698746,756.9796752929688,14000,0.0,0.0
2001-12-03 00:00:00+09:00,749.7473854016347,766.6227284814142,732.8720423218551,756.9796752929688,7000,0.0,0.0
2001-12-04 00:00:00+09:00,747.3366221045233,756.9796752929688,737.6935689160779,756.9796752929688,16000,0.0,0.0
2001-12-05 00:00:00+09:00,742.5150956808671,846.1779174804688,718.4074627042156,846.1779174804688,131000,0.0,0.0
2001-12-06 00:00:00+09:00,855.8211465847273,855.8211465847273,744.9260120976923,785.9089965820312,116000,0.0,0.0
2001-12-07 00:00:00+09:00,785.9087802178846,810.0164115129116,747.336570145841,805.1948852539062,40000,0.0,0.0
2001-12-10 00:00:00+09:00,793.1410752782282,800.3733647184552,764.2119175173201,766.6226806640625,57000,0.0,0.0
2001-12-11 00:00:00+09:00,766.6226841080526,781.0872630534875,749.7473420050451,769.033447265625,23000,0.0,0.0
2001-12-12 00:00:00+09:00,776.2658410605532,776.2658410605532,752.158206245008,754.5689697265625,9000,0.0,0.0
2001-12-13 00:00:00+09:00,756.9796818600424,771.4442617681962,742.5151019518888,761.8012084960938,10000,0.0,0.0
2001-12-14 00:00:00+09:00,737.693559162103,771.4442448754019,737.693559162103,749.7473754882812,19000,0.0,0.0
2001-12-17 00:00:00+09:00,756.9798986896191,756.9798986896191,728.0507305868312,737.6937866210938,21000,0.0,0.0
2001-12-18 00:00:00+09:00,737.693658527575,744.9259492974531,723.2290769878186,732.8721313476562,17000,0.0,0.0
2001-12-19 00:00:00+09:00,703.942729883493,742.5149342606707,665.3705255063153,691.888916015625,16000,0.0,0.0
2001-12-20 00:00:00+09:00,691.8890346713833,691.8890346713833,650.9060604922422,689.478271484375,11000,0.0,0.0
2001-12-21 00:00:00+09:00,679.8353679865057,689.4784228515625,631.6200936612216,662.9600219726562,56000,0.0,0.0
2001-12-24 00:00:00+09:00,653.3170751501012,703.9431215639468,641.2632545753762,650.9063110351562,9000,0.0,0.0
2001-12-25 00:00:00+09:00,650.9063110351562,650.9063110351562,650.9063110351562,650.9063110351562,0,0.0,0.0
2001-12-26 00:00:00+09:00,675.0136923623252,689.478271484375,631.6199549961757,689.478271484375,11000,0.0,0.0
2001-12-27 00:00:00+09:00,704.4668564004527,719.4555129196112,679.4857622018551,706.9649658203125,56000,50.0,0.0
2001-12-28 00:00:00+09:00,714.4592895507812,744.4366023990658,666.9952108743307,714.4592895507812,40000,0.0,0.0
2001-12-31 00:00:00+09:00,714.4592895507812,714.4592895507812,714.4592895507812,714.4592895507812,0,0.0,0.0
2002-01-01 00:00:00+09:00,714.4592895507812,714.4592895507812,714.4592895507812,714.4592895507812,0,0.0,0.0
2002-01-02 00:00:00+09:00,709.4634001358695,709.4634001358695,689.478515625,689.478515625,1000,0.0,0.0
2002-01-03 00:00:00+09:00,689.478515625,689.478515625,689.478515625,689.478515625,0,0.0,0.0
2002-01-04 00:00:00+09:00,699.4708295863309,699.4708295863309,674.4897285296762,694.474609375,13000,0.0,0.0
2002-01-07 00:00:00+09:00,684.4821689523382,694.474609375,679.4859487410072,694.474609375,29000,0.0,0.0
2002-01-08 00:00:00+09:00,684.4821646554129,734.4443664550781,684.4821646554129,699.4708251953125,9000,0.0,0.0
2002-01-09 00:00:00+09:00,689.4783305364396,714.4594294689192,676.9877810701996,691.9764404296875,26000,0.0,0.0
2002-01-10 00:00:00+09:00,691.9764326102369,704.4669819353314,681.9839931501613,701.9688720703125,2000,0.0,0.0
2002-01-11 00:00:00+09:00,689.478322745218,704.4669819353314,684.4821030151802,701.9688720703125,3000,0.0,0.0
2002-01-14 00:00:00+09:00,714.4592940798917,714.4592940798917,686.9800904614344,706.9649658203125,4000,0.0,0.0
2002-01-15 00:00:00+09:00,709.4630752401722,709.4630752401722,681.9838716217149,706.9649658203125,1000,0.0,0.0
2002-01-16 00:00:00+09:00,706.9649658203125,716.9574034997515,674.4895433621356,706.9649658203125,13000,0.0,0.0
2002-01-17 00:00:00+09:00,706.9650859564123,709.4631958007812,679.4858776683539,709.4631958007812,11000,0.0,0.0
2002-01-18 00:00:00+09:00,699.4708295863309,699.4708295863309,679.4859487410072,694.474609375,3000,0.0,0.0
2002-01-21 00:00:00+09:00,696.9725952148438,696.9725952148438,664.4971696313564,696.9725952148438,11000,0.0,0.0
2002-01-22 00:00:00+09:00,694.4744325067005,694.4744325067005,676.9876662205605,684.4819946289062,3000,0.0,0.0
2002-01-23 00:00:00+09:00,674.4898522418479,694.4747367527174,669.4936311141304,689.478515625,13000,0.0,0.0
2002-01-24 00:00:00+09:00,694.4746007175311,709.463261164672,679.4859402703901,704.467041015625,9000,0.0,0.0
2002-01-25 00:00:00+09:00,706.9650918003504,714.459421395407,694.4745424752558,701.9688720703125,4000,0.0,0.0
2002-01-28 00:00:00+09:00,709.4631958007812,709.4631958007812,684.4820973570918,709.4631958007812,7000,0.0,0.0
2002-01-29 00:00:00+09:00,709.4631330523574,714.459352299205,699.4706945586622,711.9612426757812,5000,0.0,0.0
2002-01-30 00:00:00+09:00,709.4630051185345,724.45166015625,684.4819133890086,724.45166015625,23000,0.0,0.0
2002-01-31 00:00:00+09:00,724.45166015625,724.45166015625,724.45166015625,724.45166015625,0,0.0,0.0
2002-02-01 00:00:00+09:00,784.4064549326107,784.4064549326107,699.4707241437293,754.4291381835938,41000,0.0,0.0
2002-02-04 00:00:00+09:00,741.9385581568667,774.4139832613761,704.4669138055099,711.9612426757812,37000,0.0,0.0
2002-02-05 00:00:00+09:00,724.4519607334921,734.4444015711954,699.4708586392337,729.4481811523438,10000,0.0,0.0
2002-02-06 00:00:00+09:00,719.4557585685484,799.3952872983871,719.4557585685484,774.4141845703125,10000,0.0,0.0
2002-02-07 00:00:00+09:00,794.3987169989224,794.3987169989224,724.45166015625,724.45166015625,750,0.0,0.0
2002-02-08 00:00:00+09:00,754.4291455569683,754.4291455569683,704.4669504869704,744.4367065429688,15000,0.0,0.0
2002-02-11 00:00:00+09:00,744.4367065429688,744.4367065429688,744.4367065429688,744.4367065429688,0,0.0,0.0
2002-02-12 00:00:00+09:00,744.4367065429688,744.4367065429688,744.4367065429688,744.4367065429688,0,0.0,0.0
2002-02-13 00:00:00+09:00,744.4367065429688,744.4367065429688,744.4367065429688,744.4367065429688,0,0.0,0.0
2002-02-14 00:00:00+09:00,774.4141482350021,774.4141482350021,719.455724811873,746.9349365234375,1000,0.0,0.0
2002-02-15 00:00:00+09:00,721.9538688413559,774.4141845703125,721.9538688413559,774.4141845703125,800,0.0,0.0
2002-02-18 00:00:00+09:00,746.9349526183246,749.4330628277504,719.4557403146404,729.4481811523438,8000,0.0,0.0
2002-02-19 00:00:00+09:00,744.4367102545662,749.4329297864759,714.4593930631071,739.4404907226562,4000,0.0,0.0
2002-02-20 00:00:00+09:00,739.440555909864,739.440555909864,734.4443359375,734.4443359375,850,0.0,0.0
2002-02-21 00:00:00+09:00,724.451895992772,746.9348858684099,709.4632360756802,734.4443359375,13000,0.0,0.0
2002-02-22 00:00:00+09:00,714.4593356892213,736.9423217773438,714.4593356892213,736.9423217773438,360,0.0,0.0
2002-02-25 00:00:00+09:00,736.9426163383152,736.9426163383152,689.478515625,689.478515625,12000,0.0,0.0
2002-02-26 00:00:00+09:00,689.47845703125,729.44822265625,679.486015625,686.9803466796875,18000,0.0,0.0
2002-02-27 00:00:00+09:00,704.467131890191,704.467131890191,674.4898071289062,674.4898071289062,9000,0.0,0.0
2002-02-28 00:00:00+09:00,674.489556751112,691.9763230372519,664.4971188733177,684.4819946289062,17000,0.0,0.0
2002-03-01 00:00:00+09:00,684.4819946289062,684.4819946289062,684.4819946289062,684.4819946289062,0,0.0,0.0
2002-03-04 00:00:00+09:00,699.4708295863309,699.4708295863309,684.4821689523382,694.474609375,3000,0.0,0.0
2002-03-05 00:00:00+09:00,699.4708675808376,731.9463007185194,699.4708675808376,719.4557495117188,14000,0.0,0.0
2002-03-06 00:00:00+09:00,726.9497693292026,726.9497693292026,714.4592234644397,724.45166015625,2000,0.0,0.0
2002-03-07 00:00:00+09:00,729.4481417608599,729.4481417608599,699.470820866578,704.467041015625,12000,0.0,0.0
2002-03-08 00:00:00+09:00,706.9649658203125,724.4517317593309,706.9649658203125,706.9649658203125,6000,0.0,0.0
2002-03-11 00:00:00+09:00,724.4519682384673,789.4028343563989,701.9689761207218,786.9047241210938,102000,0.0,0.0
2002-03-12 00:00:00+09:00,789.4029820261437,789.4029820261437,741.9388786764705,764.421875,45000,0.0,0.0
2002-03-13 00:00:00+09:00,751.9311122828743,751.9311122828743,724.451902199447,726.9500122070312,6000,0.0,0.0
2002-03-14 00:00:00+09:00,701.9688662676745,721.953745022626,701.9688662676745,709.4631958007812,17000,0.0,0.0
2002-03-15 00:00:00+09:00,704.467041015625,719.455701462766,699.470820866578,704.467041015625,21000,0.0,0.0
2002-03-18 00:00:00+09:00,784.4066795692312,784.4066795692312,714.4595871235672,721.9539184570312,19000,0.0,0.0
2002-03-19 00:00:00+09:00,724.4519451230665,754.4292669902279,714.4595045006794,746.9349365234375,16000,0.0,0.0
2002-03-20 00:00:00+09:00,754.4292647298176,766.9198154703776,729.4481632486979,749.4330444335938,14000,0.0,0.0
2002-03-21 00:00:00+09:00,739.4405866350446,769.4179077148438,729.4481462751116,769.4179077148438,24000,0.0,0.0
2002-03-22 00:00:00+09:00,769.4177874338354,774.4140068327565,736.942361340849,766.919677734375,29000,0.0,0.0
2002-03-25 00:00:00+09:00,756.9272590843407,759.4253688502956,714.4593930631071,739.4404907226562,26000,0.0,0.0
2002-03-26 00:00:00+09:00,724.4519607334921,729.4481811523438,709.4632994769371,729.4481811523438,10000,0.0,0.0
2002-03-27 00:00:00+09:00,714.4593325014467,741.9385375976562,714.4593325014467,741.9385375976562,1000,0.0,0.0
2002-03-28 00:00:00+09:00,741.9384106607532,771.9157201823998,719.4554285195183,751.9308471679688,19000,0.0,0.0
2002-03-29 00:00:00+09:00,754.4292536501024,766.9198042072234,739.4405929815573,761.923583984375,21000,0.0,0.0
2002-04-01 00:00:00+09:00,764.4214069234914,764.4214069234914,724.45166015625,724.45166015625,10000,0.0,0.0
2002-04-02 00:00:00+09:00,734.4443422297842,749.4330022752899,726.9500122070312,726.9500122070312,1000,0.0,0.0
2002-04-03 00:00:00+09:00,729.4478785021552,746.9346427128232,724.45166015625,724.45166015625,5000,0.0,0.0
2002-04-04 00:00:00+09:00,716.9574420556476,749.4328662602588,716.9574420556476,741.9385375976562,7000,0.0,0.0
2002-04-05 00:00:00+09:00,741.9385375976562,741.9385375976562,741.9385375976562,741.9385375976562,0,0.0,0.0
2002-04-08 00:00:00+09:00,749.4330269949777,766.9197976248605,699.4708251953125,699.4708251953125,6000,0.0,0.0
2002-04-09 00:00:00+09:00,704.4670880635579,731.9463007185194,699.4708675808376,719.4557495117188,5000,0.0,0.0
2002-04-10 00:00:00+09:00,676.9879304562472,726.9501393460072,676.9879304562472,721.9539184570312,12000,0.0,0.0
2002-04-11 00:00:00+09:00,729.4481632486979,749.4330444335938,729.4481632486979,749.4330444335938,4000,0.0,0.0
2002-04-12 00:00:00+09:00,794.3990154328893,794.3990154328893,739.4405929815573,761.923583984375,3000,0.0,0.0
2002-04-15 00:00:00+09:00,764.421707612615,774.4141482350021,721.9538349674697,746.9349365234375,22000,0.0,0.0
2002-04-16 00:00:00+09:00,749.4329260499685,749.4329260499685,719.4556090079698,744.4367065429688,17000,0.0,0.0
2002-04-17 00:00:00+09:00,724.4518321269268,749.4329297864759,721.9537223609718,739.4404907226562,18000,0.0,0.0
2002-04-18 00:00:00+09:00,729.4480979592099,756.9273071289062,714.4594384121029,756.9273071289062,7000,0.0,0.0
2002-04-19 00:00:00+09:00,754.4292647298176,759.4254850260417,724.4519429524739,749.4330444335938,7000,0.0,0.0
2002-04-22 00:00:00+09:00,749.4330814906529,839.3650512695312,749.4330814906529,839.3650512695312,445000,0.0,0.0
2002-04-23 00:00:00+09:00,836.8669652646305,934.2932686834979,791.9009790713071,814.3839721679688,347000,0.0,0.0
2002-04-24 00:00:00+09:00,819.3798828125,839.3647580030488,716.9573974609375,716.9573974609375,188000,0.0,0.0
2002-04-25 00:00:00+09:00,716.9573856398994,716.9573856398994,632.0216674804688,632.0216674804688,181000,0.0,0.0
2002-04-26 00:00:00+09:00,634.5199112988677,652.0066805078916,612.0369223158369,617.0331420898438,35000,0.0,0.0
2002-04-29 00:00:00+09:00,599.5463423295455,644.5123180042614,574.5652447324811,577.0633544921875,34000,0.0,0.0
2002-04-30 00:00:00+09:00,552.0822586722995,587.055795420771,547.0860391368036,574.5652465820312,82000,0.0,0.0
2002-05-01 00:00:00+09:00,574.5652465820312,574.5652465820312,574.5652465820312,574.5652465820312,0,0.0,0.0
2002-05-02 00:00:00+09:00,587.0557843224477,597.048223204532,569.5690162788003,589.5538940429688,16000,0.0,0.0
2002-05-03 00:00:00+09:00,589.5539509749212,594.5501708984375,574.5652912043723,594.5501708984375,31000,0.0,0.0
2002-05-06 00:00:00+09:00,577.0633972167968,624.5274861653645,574.5652872721354,599.54638671875,36000,0.0,0.0
2002-05-07 00:00:00+09:00,599.5463767538265,614.5350361726722,569.5690579161352,612.0369262695312,33000,0.0,0.0
2002-05-08 00:00:00+09:00,604.5426376222625,634.5199584960938,592.0520872581662,634.5199584960938,40000,0.0,0.0
2002-05-09 00:00:00+09:00,627.0255144042968,637.0179528808593,612.0368566894531,624.5274047851562,28000,0.0,0.0
2002-05-10 00:00:00+09:00,612.0368133927988,614.5349228352184,584.5576095261833,597.0481567382812,10000,0.0,0.0
2002-05-13 00:00:00+09:00,597.0481492339587,612.0368057000833,579.5613833568135,609.5386962890625,43000,0.0,0.0
2002-05-14 00:00:00+09:00,604.5425850309698,632.0217934414685,599.54636531997,627.0255737304688,10000,0.0,0.0
2002-05-15 00:00:00+09:00,619.5312726628429,619.5312726628429,592.0520629882812,592.0520629882812,16000,0.0,0.0
2002-05-16 00:00:00+09:00,574.5652484477347,587.0557973270334,557.0784800167168,572.067138671875,55000,0.0,0.0
2002-05-17 00:00:00+09:00,574.5652447324811,584.5576837713069,567.0709154533617,577.0633544921875,27000,0.0,0.0
2002-05-20 00:00:00+09:00,592.052133453762,592.052133453762,577.0634718473377,582.0596923828125,11000,0.0,0.0
2002-05-21 00:00:00+09:00,577.0632918785358,594.5500582990975,574.5651823898842,579.5614013671875,25000,0.0,0.0
2002-05-22 00:00:00+09:00,562.0746905987079,609.5387755825989,562.0746905987079,584.5576782226562,46000,0.0,0.0
2002-05-23 00:00:00+09:00,579.5615821150751,584.5578026505499,569.5691410441256,582.0596923828125,19000,0.0,0.0
2002-05-24 00:00:00+09:00,564.5728738255438,577.0634241314186,564.5728738255438,567.0709838867188,14000,0.0,0.0
2002-05-27 00:00:00+09:00,572.0671443432833,572.0671443432833,559.5765953401549,564.5728149414062,3000,0.0,0.0
2002-05-28 00:00:00+09:00,559.5765413851351,562.0746509448902,519.6067884290541,554.580322265625,37000,0.0,0.0
2002-05-29 00:00:00+09:00,552.0822193950688,554.5803289850918,539.5916714449542,544.587890625,4000,0.0,0.0
2002-05-30 00:00:00+09:00,537.0936912465319,539.5918014383761,524.6031402873101,534.5955810546875,9000,0.0,0.0
2002-05-31 00:00:00+09:00,549.5842375578703,554.5804578993055,522.1050256799768,539.591796875,2000,0.0,0.0
2002-06-03 00:00:00+09:00,527.1011124674479,564.5727555338542,524.6030029296875,562.0746459960938,18000,0.0,0.0
2002-06-04 00:00:00+09:00,559.5765364583334,567.0708650716147,559.5765364583334,562.0746459960938,2000,0.0,0.0
2002-06-05 00:00:00+09:00,579.5614679994542,579.5614679994542,542.0898213615584,572.067138671875,21000,0.0,0.0
2002-06-06 00:00:00+09:00,572.067138671875,572.067138671875,572.067138671875,572.067138671875,0,0.0,0.0
2002-06-07 00:00:00+09:00,549.5841064453125,554.5803255948153,542.0897777210582,549.5841064453125,910,0.0,0.0
2002-06-10 00:00:00+09:00,549.5841815214202,574.5652806814848,532.097412109375,532.097412109375,1000,0.0,0.0
2002-06-11 00:00:00+09:00,534.5955180323401,554.5803972111191,534.5955180323401,537.0936279296875,10000,0.0,0.0
2002-06-12 00:00:00+09:00,549.5841115081365,549.5841115081365,524.603015530494,542.0897827148438,6000,0.0,0.0
2002-06-13 00:00:00+09:00,542.0897827148438,542.0897827148438,542.0897827148438,542.0897827148438,0,0.0,0.0
2002-06-14 00:00:00+09:00,542.0897777210582,549.5841064453125,542.0897777210582,549.5841064453125,720,0.0,0.0
2002-06-17 00:00:00+09:00,549.5841064453125,549.5841064453125,549.5841064453125,549.5841064453125,450,0.0,0.0
2002-06-18 00:00:00+09:00,534.5955240501548,542.0898538265589,529.5993041992188,529.5993041992188,9000,0.0,0.0
2002-06-19 00:00:00+09:00,534.5955180323401,537.0936279296875,509.61441905886625,537.0936279296875,1000,0.0,0.0
2002-06-20 00:00:00+09:00,507.1164418734037,524.6032157311073,489.62966801570013,519.6069946289062,1000,0.0,0.0
2002-06-21 00:00:00+09:00,489.62963619328997,522.1050712469265,489.62963619328997,492.12774658203125,5000,0.0,0.0
2002-06-24 00:00:00+09:00,492.1276510420756,512.1125302722107,492.1276510420756,497.1238708496094,3000,0.0,0.0
2002-06-25 00:00:00+09:00,479.6370793269231,509.6143967848557,479.6370793269231,487.13140869140625,6000,0.0,0.0
2002-06-26 00:00:00+09:00,464.6484962504178,509.61447975852275,464.6484962504178,467.1466064453125,5000,0.0,0.0
2002-06-27 00:00:00+09:00,460.1518919725871,494.1261901855469,460.1518919725871,494.1261901855469,3000,0.0,0.0
2002-06-28 00:00:00+09:00,467.14667305579553,519.6069946289062,467.14667305579553,519.6069946289062,12000,0.0,0.0
2002-07-01 00:00:00+09:00,519.6069946289062,519.6069946289062,519.6069946289062,519.6069946289062,0,0.0,0.0
2002-07-02 00:00:00+09:00,484.63343036820737,507.1164245605469,484.63343036820737,507.1164245605469,660,0.0,0.0
2002-07-03 00:00:00+09:00,504.6181965538518,504.6181965538518,485.13293945919816,502.1200866699219,1000,0.0,0.0
2002-07-04 00:00:00+09:00,512.1126629756047,522.1051051800067,497.12399966900165,519.6069946289062,22000,0.0,0.0
2002-07-05 00:00:00+09:00,509.6145524245042,519.6069946289062,509.6145524245042,519.6069946289062,2000,0.0,0.0
2002-07-08 00:00:00+09:00,519.606816882622,519.606816882622,499.6219393102134,512.1124877929688,19000,0.0,0.0
2002-07-09 00:00:00+09:00,499.6221102201022,519.6069946289062,499.6221102201022,519.6069946289062,8000,0.0,0.0
2002-07-10 00:00:00+09:00,509.61449721253035,514.6107177734375,509.61449721253035,514.6107177734375,2000,0.0,0.0
2002-07-11 00:00:00+09:00,529.599379456159,529.599379456159,489.6296149689017,514.6107177734375,5000,0.0,0.0
2002-07-12 00:00:00+09:00,499.622056090716,514.6107177734375,499.622056090716,514.6107177734375,5000,0.0,0.0
2002-07-15 00:00:00+09:00,504.6181945800781,504.6181945800781,494.6257550834429,504.6181945800781,4000,0.0,0.0
2002-07-16 00:00:00+09:00,499.1223528569288,519.606853825031,484.6333155868077,504.6181945800781,3000,0.0,0.0
2002-07-17 00:00:00+09:00,504.6181945800781,504.6181945800781,504.6181945800781,504.6181945800781,0,0.0,0.0
2002-07-18 00:00:00+09:00,502.11999062930835,512.1124282537722,499.6218812231924,509.61431884765625,5000,0.0,0.0
2002-07-19 00:00:00+09:00,504.6181945800781,504.6181945800781,485.6325595364712,504.6181945800781,3000,0.0,0.0
2002-07-22 00:00:00+09:00,444.6635683020767,499.1223648694097,444.6635683020767,489.6295471191406,5000,0.0,0.0
2002-07-23 00:00:00+09:00,474.6407784706305,487.13132527248916,474.6407784706305,483.63397216796875,3000,0.0,0.0
2002-07-24 00:00:00+09:00,482.1352988456372,482.1352988456372,455.1557069931352,473.6417236328125,11000,0.0,0.0
2002-07-25 00:00:00+09:00,473.64162139892574,489.62952423095703,468.145779800415,479.6370849609375,10000,0.0,0.0
2002-07-26 00:00:00+09:00,469.6446513826885,473.6416271391369,464.648431687128,472.14276123046875,6000,0.0,0.0
2002-07-29 00:00:00+09:00,463.1496072652224,472.6424255371094,463.1496072652224,472.6424255371094,1000,0.0,0.0
2002-07-30 00:00:00+09:00,488.1307201284793,488.1307201284793,457.15415447037725,473.1420593261719,10000,0.0,0.0
2002-07-31 00:00:00+09:00,474.6408543442235,512.1125007398201,450.1593786991004,494.625732421875,33000,0.0,0.0
2002-08-01 00:00:00+09:00,475.1404235088011,507.1162248805816,445.66273161919094,446.162353515625,87000,0.0,0.0
2002-08-02 00:00:00+09:00,446.6620836544994,450.6590597945844,433.6719111992231,448.16094970703125,10000,0.0,0.0
2002-08-05 00:00:00+09:00,447.16163687991656,447.16163687991656,419.68243014427924,433.6718444824219,8000,0.0,0.0
2002-08-06 00:00:00+09:00,410.1898018342903,424.67884477362577,410.1898018342903,414.6864013671875,7000,0.0,0.0
2002-08-07 00:00:00+09:00,419.6824434068468,438.66807775144224,414.68622384247954,431.6733703613281,2000,0.0,0.0
2002-08-08 00:00:00+09:00,446.6620744257075,446.6620744257075,411.1889119153884,423.1798400878906,8000,0.0,0.0
2002-08-09 00:00:00+09:00,427.17685644967213,427.17685644967213,416.684793308803,419.6825256347656,1000,0.0,0.0
2002-08-12 00:00:00+09:00,417.1843006785323,424.67862943323644,405.1933746710056,409.6899719238281,12000,0.0,0.0
2002-08-13 00:00:00+09:00,410.6892108117749,417.1842956542969,408.69072316792193,417.1842956542969,8000,0.0,0.0
2002-08-14 00:00:00+09:00,414.6862029119953,419.18280029296875,409.6899835998026,419.18280029296875,6000,0.0,0.0
2002-08-15 00:00:00+09:00,419.18280029296875,419.18280029296875,419.18280029296875,419.18280029296875,0,0.0,0.0
2002-08-16 00:00:00+09:00,462.15035664852286,462.15035664852286,419.1828640303899,423.1798400878906,28000,0.0,0.0
2002-08-19 00:00:00+09:00,424.67862287045637,442.165389694534,419.68240377786276,428.67559814453125,1000,0.0,0.0
2002-08-20 00:00:00+09:00,424.1790604269716,434.17150001300155,422.1805725097656,422.1805725097656,17000,0.0,0.0
2002-08-21 00:00:00+09:00,422.6802579607282,422.6802579607282,417.6840374174572,419.6825256347656,3000,0.0,0.0
2002-08-22 00:00:00+09:00,419.6825073664576,433.17230224609375,419.6825073664576,433.17230224609375,11000,0.0,0.0
2002-08-23 00:00:00+09:00,433.17230224609375,433.17230224609375,433.17230224609375,433.17230224609375,0,0.0,0.0
2002-08-26 00:00:00+09:00,439.1676771763393,439.1676771763393,425.67788504464284,437.169189453125,1000,0.0,0.0
2002-08-27 00:00:00+09:00,429.6748962402344,436.6696038534475,429.6748962402344,429.6748962402344,15000,0.0,0.0
2002-08-28 00:00:00+09:00,429.6748788514999,438.66807399025225,425.17828128212375,436.6695861816406,790,0.0,0.0
2002-08-29 00:00:00+09:00,429.6748788514999,436.6695861816406,424.67865932997086,436.6695861816406,11000,0.0,0.0
2002-08-30 00:00:00+09:00,429.6749040535753,435.1707458496094,427.6764161277447,435.1707458496094,2000,0.0,0.0
2002-09-02 00:00:00+09:00,435.1707283321747,442.1654357910156,429.6748867573711,442.1654357910156,4000,0.0,0.0
2002-09-03 00:00:00+09:00,430.67417133414324,436.1700134277344,429.6749273171267,436.1700134277344,10000,0.0,0.0
2002-09-04 00:00:00+09:00,448.660497482388,479.6370574421965,428.1759981541275,432.1729736328125,5000,0.0,0.0
2002-09-05 00:00:00+09:00,443.6643477730129,460.6514962237814,432.17304146808124,459.6522521972656,2000,0.0,0.0
2002-09-06 00:00:00+09:00,445.16316566038665,459.15258051840107,431.1737508023723,444.6635437011719,4000,0.0,0.0
2002-09-09 00:00:00+09:00,457.1541423068262,457.1541423068262,430.1745535805217,431.1737976074219,6000,0.0,0.0
2002-09-10 00:00:00+09:00,434.67110451687586,444.6635437011719,427.17677512865384,444.6635437011719,4000,0.0,0.0
2002-09-11 00:00:00+09:00,449.6597632933199,449.6597632933199,431.1737508023723,444.6635437011719,2000,0.0,0.0
2002-09-12 00:00:00+09:00,431.17382371200205,449.65983932885496,431.17382371200205,449.16021728515625,1000,0.0,0.0
2002-09-13 00:00:00+09:00,432.17299109564885,449.6597595214844,412.18811289469403,449.6597595214844,9000,0.0,0.0
2002-09-16 00:00:00+09:00,449.65983932885496,449.65983932885496,440.6666425422779,449.16021728515625,1000,0.0,0.0
2002-09-17 00:00:00+09:00,450.1593322753906,450.1593322753906,450.1593322753906,450.1593322753906,70,0.0,0.0
2002-09-18 00:00:00+09:00,454.1564206493144,454.1564206493144,434.67116167756166,440.6666259765625,710,0.0,0.0
2002-09-19 00:00:00+09:00,429.6748639586344,439.6673026553468,428.1759981541275,432.1729736328125,10000,0.0,0.0
2002-09-20 00:00:00+09:00,432.1729736328125,432.1729736328125,432.1729736328125,432.1729736328125,0,0.0,0.0
2002-09-23 00:00:00+09:00,443.6643114666606,443.6643114666606,429.6748962402344,429.6748962402344,1000,0.0,0.0
2002-09-24 00:00:00+09:00,440.6665415108486,440.6665415108486,415.68544505331755,421.680908203125,120,0.0,0.0
2002-09-25 00:00:00+09:00,448.1608442952382,448.1608442952382,411.188823695631,441.1661376953125,840,0.0,0.0
2002-09-26 00:00:00+09:00,441.1661750369121,441.1661750369121,425.67789482610317,440.16693115234375,2000,0.0,0.0
2002-09-27 00:00:00+09:00,440.6665254695687,443.664256935348,406.692235524069,417.1842956542969,17000,0.0,0.0
2002-09-30 00:00:00+09:00,415.6854285037879,429.67484196304997,409.68996559267555,428.67559814453125,5000,0.0,0.0
2002-10-01 00:00:00+09:00,430.1744774990395,430.1744774990395,393.20245504267604,426.6771240234375,4000,0.0,0.0
2002-10-02 00:00:00+09:00,439.16763554325814,439.16763554325814,385.2084721317998,404.6937255859375,8000,0.0,0.0
2002-10-03 00:00:00+09:00,404.6937255859375,404.6937255859375,404.6937255859375,404.6937255859375,0,0.0,0.0
2002-10-04 00:00:00+09:00,399.69764346168154,422.18063590640116,399.69764346168154,419.6825256347656,2000,0.0,0.0
2002-10-07 00:00:00+09:00,420.6817065718611,422.1805725097656,419.6824626132581,422.1805725097656,230,0.0,0.0
2002-10-08 00:00:00+09:00,427.17680914241936,427.17680914241936,424.1790771484375,424.1790771484375,2000,0.0,0.0
2002-10-09 00:00:00+09:00,414.6862226367417,425.17828369140625,414.6862226367417,425.17828369140625,4000,0.0,0.0
2002-10-10 00:00:00+09:00,429.17527195228587,429.17527195228587,399.69757574136054,401.1964416503906,3000,0.0,0.0
2002-10-11 00:00:00+09:00,422.68014176531534,422.68014176531534,409.6899719238281,409.6899719238281,730,0.0,0.0
2002-10-14 00:00:00+09:00,431.67333627096036,431.67333627096036,409.6899719238281,409.6899719238281,240,0.0,0.0
2002-10-15 00:00:00+09:00,425.6780891142696,425.6780891142696,414.6864013671875,414.6864013671875,1000,0.0,0.0
2002-10-16 00:00:00+09:00,439.16771134581984,439.16771134581984,395.2009780142702,401.1964416503906,1000,0.0,0.0
2002-10-17 00:00:00+09:00,400.6968227214315,421.6809456070925,399.69757877449524,420.68170166015625,3000,0.0,0.0
2002-10-18 00:00:00+09:00,402.19565463151355,419.18280029296875,399.69754497541714,419.18280029296875,10000,0.0,0.0
2002-10-21 00:00:00+09:00,424.67862431874534,424.67862431874534,402.19563832539995,417.1842956542969,510,0.0,0.0
2002-10-22 00:00:00+09:00,402.69533122755723,417.18436919976466,400.1972212323491,402.1957092285156,2000,0.0,0.0
2002-10-23 00:00:00+09:00,402.1957043578797,402.1957043578797,400.1972163859151,400.69683837890625,14000,0.0,0.0
2002-10-24 00:00:00+09:00,400.6968453216553,413.68701736450197,375.71574523925784,399.6976013183594,15000,0.0,0.0
2002-10-25 00:00:00+09:00,395.20100330352784,409.19041934967044,394.7013813018799,399.6976013183594,16000,0.0,0.0
2002-10-28 00:00:00+09:00,418.6832648424447,418.6832648424447,399.6976275345534,411.1889343261719,5000,0.0,0.0
2002-10-29 00:00:00+09:00,407.1919860839844,412.1882067721314,404.6938757399109,407.1919860839844,19000,0.0,0.0
2002-10-30 00:00:00+09:00,404.69386411516854,404.69386411516854,400.197265625,400.197265625,5000,0.0,0.0
2002-10-31 00:00:00+09:00,401.19637240186154,404.6937255859375,399.69750675154324,404.6937255859375,1000,0.0,0.0
2002-11-01 00:00:00+09:00,405.69296935281636,405.69296935281636,397.1993973343461,404.6937255859375,1000,0.0,0.0
2002-11-04 00:00:00+09:00,404.69386411516854,404.69386411516854,400.197265625,400.197265625,220,0.0,0.0
2002-11-05 00:00:00+09:00,400.6967505184221,404.6937255859375,399.69750675154324,404.6937255859375,390,0.0,0.0
2002-11-06 00:00:00+09:00,400.1971242453835,412.18804931640625,399.69750236742425,412.18804931640625,1000,0.0,0.0
2002-11-07 00:00:00+09:00,400.1971286349827,404.6937255859375,399.69750675154324,404.6937255859375,590,0.0,0.0
2002-11-08 00:00:00+09:00,391.20410734836054,403.69465994569003,385.20864210164234,403.1950378417969,620,0.0,0.0
2002-11-11 00:00:00+09:00,399.69751541565165,410.1895751953125,399.69751541565165,410.1895751953125,510,0.0,0.0
2002-11-12 00:00:00+09:00,382.71038362650125,409.1903448956978,380.71189598354306,408.19110107421875,750,0.0,0.0
2002-11-13 00:00:00+09:00,406.6922318466809,410.68920709824533,399.69752515644313,404.1941223144531,3000,0.0,0.0
2002-11-14 00:00:00+09:00,404.1941972246821,404.1941972246821,381.21158526876695,402.1957092285156,3000,0.0,0.0
2002-11-15 00:00:00+09:00,404.6937442208987,404.6937442208987,386.20773368241316,404.1941223144531,410,0.0,0.0
2002-11-18 00:00:00+09:00,399.69752515644313,404.1941223144531,390.2047089339776,404.1941223144531,270,0.0,0.0
2002-11-19 00:00:00+09:00,399.69750675154324,404.6937255859375,391.70355661651234,404.6937255859375,4000,0.0,0.0
2002-11-20 00:00:00+09:00,399.6976389468295,411.6885681152344,399.6976389468295,411.6885681152344,6000,0.0,0.0
2002-11-21 00:00:00+09:00,399.69760724517494,414.1866455078125,399.69760724517494,414.1866455078125,31000,0.0,0.0
2002-11-22 00:00:00+09:00,414.1866620305349,416.1851501464844,403.1949773928126,416.1851501464844,28000,0.0,0.0
2002-11-25 00:00:00+09:00,417.68399119880627,417.68399119880627,402.1957092285156,402.1957092285156,2000,0.0,0.0
2002-11-26 00:00:00+09:00,404.6938273357396,438.168501942523,399.69760724517494,414.1866455078125,38000,0.0,0.0
2002-11-27 00:00:00+09:00,404.6938594336649,411.6885681152344,404.6938594336649,411.6885681152344,2000,0.0,0.0
2002-11-28 00:00:00+09:00,404.69375275402535,409.6899719238281,400.1971555012028,409.6899719238281,1000,0.0,0.0
2002-11-29 00:00:00+09:00,404.6937067045582,416.68463134765625,404.6937067045582,416.68463134765625,150,0.0,0.0
2002-12-02 00:00:00+09:00,416.68463134765625,416.68463134765625,416.68463134765625,416.68463134765625,0,0.0,0.0
2002-12-03 00:00:00+09:00,412.188220280473,422.68028406943046,405.6931331730231,418.1836853027344,8000,0.0,0.0
2002-12-04 00:00:00+09:00,409.6900964280579,409.6900964280579,407.1919860839844,407.1919860839844,9000,0.0,0.0
2002-12-05 00:00:00+09:00,402.19566149589343,409.19036865234375,402.19566149589343,409.19036865234375,1000,0.0,0.0
2002-12-06 00:00:00+09:00,405.6929649029356,415.6854024621212,405.6929649029356,412.18804931640625,7000,0.0,0.0
2002-12-09 00:00:00+09:00,406.1927186536443,414.1866712962744,405.6930966134799,412.68780517578125,170,0.0,0.0
2002-12-10 00:00:00+09:00,405.69299152052093,408.19110107421875,399.69752859164623,408.19110107421875,5000,0.0,0.0
2002-12-11 00:00:00+09:00,408.1911161160582,421.680908203125,399.69754332049763,421.680908203125,7000,0.0,0.0
2002-12-12 00:00:00+09:00,415.1859200421502,417.1844082252652,407.69158935546875,407.69158935546875,2000,0.0,0.0
2002-12-13 00:00:00+09:00,407.1918305368135,412.18804931640625,404.1940992690578,412.18804931640625,1000,0.0,0.0
2002-12-16 00:00:00+09:00,409.6899533010429,410.1895751953125,404.6937343583473,410.1895751953125,1000,0.0,0.0
2002-12-17 00:00:00+09:00,409.6900964280579,409.6900964280579,404.6938757399109,407.1919860839844,50000,0.0,0.0
2002-12-18 00:00:00+09:00,401.19649363780803,411.1889343261719,401.19649363780803,411.1889343261719,37000,0.0,0.0
2002-12-19 00:00:00+09:00,411.1889343261719,411.1889343261719,411.1889343261719,411.1889343261719,0,0.0,0.0
2002-12-20 00:00:00+09:00,407.19196967708257,411.6885681152344,407.19196967708257,411.6885681152344,2000,0.0,0.0
2002-12-23 00:00:00+09:00,400.19716213384874,408.69073486328125,400.19716213384874,408.69073486328125,760,0.0,0.0
2002-12-24 00:00:00+09:00,399.69752515644313,404.1941223144531,370.2198326761555,404.1941223144531,16000,0.0,0.0
2002-12-25 00:00:00+09:00,404.1941223144531,404.1941223144531,404.1941223144531,404.1941223144531,0,0.0,0.0
2002-12-26 00:00:00+09:00,412.1880815087295,412.1880815087295,409.6899719238281,409.6899719238281,170,0.0,0.0
2002-12-27 00:00:00+09:00,446.40251553322236,446.40251553322236,400.6449275286251,433.10089111328125,520,50.0,0.0
2002-12-30 00:00:00+09:00,400.644952583313,425.6520080566406,400.644952583313,425.6520080566406,1000,0.0,0.0
2002-12-31 00:00:00+09:00,425.6520080566406,425.6520080566406,425.6520080566406,425.6520080566406,0,0.0,0.0
2003-01-01 00:00:00+09:00,425.6520080566406,425.6520080566406,425.6520080566406,425.6520080566406,0,0.0,0.0
2003-01-02 00:00:00+09:00,391.0676893462946,430.44049072265625,391.0676893462946,430.44049072265625,180,0.0,0.0
2003-01-03 00:00:00+09:00,425.6519470609637,425.6519470609637,411.2861938476562,411.28619384765625,1000,0.0,0.0
2003-01-06 00:00:00+09:00,430.44049072265625,430.44049072265625,430.44049072265625,430.44049072265625,10,0.0,0.0
2003-01-07 00:00:00+09:00,438.42146729121436,438.42146729121436,425.65190999147023,428.84429931640625,2000,0.0,0.0
2003-01-08 00:00:00+09:00,435.76116943359375,435.76116943359375,435.76116943359375,435.76116943359375,10,0.0,0.0
2003-01-09 00:00:00+09:00,430.97253417968744,430.97253417968744,430.97253417968744,430.9725341796875,10,0.0,0.0
2003-01-10 00:00:00+09:00,420.331298828125,420.331298828125,420.331298828125,420.331298828125,10,0.0,0.0
2003-01-13 00:00:00+09:00,424.0558471679688,424.0558471679688,424.0558471679688,424.05584716796875,10,0.0,0.0
2003-01-14 00:00:00+09:00,422.4595947265625,422.4595947265625,422.4595947265625,422.4595947265625,10,0.0,0.0
2003-01-15 00:00:00+09:00,433.6329622010927,433.6329622010927,379.3623338029191,393.72808837890625,5000,0.0,0.0
2003-01-16 00:00:00+09:00,398.5166718683156,408.0938415527344,398.5166718683156,408.0938415527344,270,0.0,0.0
2003-01-17 00:00:00+09:00,413.9465512006711,421.9275258382162,385.74710748134515,415.01068115234375,1000,0.0,0.0
2003-01-20 00:00:00+09:00,419.2672519918669,419.2672519918669,388.93954467773443,388.9395446777344,2000,0.0,0.0
2003-01-21 00:00:00+09:00,379.3623672909207,411.81833419799807,379.3623672909207,383.0868225097656,6000,0.0,0.0
2003-01-22 00:00:00+09:00,403.83728599548346,403.83728599548346,366.0606755795686,391.59979248046875,3000,0.0,0.0
2003-01-23 00:00:00+09:00,403.8372893082468,404.3693542480469,384.15088653564453,404.3693542480469,15000,0.0,0.0
2003-01-24 00:00:00+09:00,404.3694133015422,414.47864863408074,404.3694133015422,409.6900634765625,23000,0.0,0.0
2003-01-27 00:00:00+09:00,424.587926163465,424.587926163465,373.5096794069579,413.9466247558594,30000,0.0,0.0
2003-01-28 00:00:00+09:00,424.5879122208772,425.11997727378554,374.04173219458227,424.05584716796875,17000,0.0,0.0
2003-01-29 00:00:00+09:00,427.2481689453125,427.2481689453125,427.2481689453125,427.2481689453125,10,0.0,0.0
2003-01-30 00:00:00+09:00,435.76116943359375,435.76116943359375,435.76116943359375,435.76116943359375,1000,0.0,0.0
2003-01-31 00:00:00+09:00,435.76116943359375,435.76116943359375,435.76116943359375,435.76116943359375,0,0.0,0.0
2003-02-03 00:00:00+09:00,443.7420654296875,443.7420654296875,443.7420654296875,443.7420654296875,10,0.0,0.0
2003-02-04 00:00:00+09:00,398.5167068463039,441.0819091796875,398.5167068463039,441.0819091796875,60,0.0,0.0
2003-02-05 00:00:00+09:00,451.72314453125,451.72314453125,451.72314453125,451.72314453125,10,0.0,0.0
2003-02-06 00:00:00+09:00,441.6138539415725,441.6138539415725,400.11279296875,400.11279296875,0,0.0,0.0
2003-02-07 00:00:00+09:00,393.7280137636164,430.44049072265625,393.7280137636164,430.44049072265625,470,0.0,0.0
2003-02-10 00:00:00+09:00,386.2790435580549,429.90835701778013,385.74697875976557,385.7469787597656,6000,0.0,0.0
2003-02-11 00:00:00+09:00,403.3053090970252,403.3053090970252,398.5167236328125,398.5167236328125,20,0.0,0.0
2003-02-12 00:00:00+09:00,401.1770324707031,401.1770324707031,401.1770324707031,401.1770324707031,10,0.0,0.0
2003-02-13 00:00:00+09:00,402.77321824903606,409.69006347656244,400.11289316152596,409.6900634765625,6000,0.0,0.0
2003-02-14 00:00:00+09:00,414.478674268598,414.478674268598,403.30530821000934,407.56182861328125,10000,0.0,0.0
2003-02-17 00:00:00+09:00,413.9466247558594,413.9466247558594,413.9466247558594,413.9466247558594,10,0.0,0.0
2003-02-18 00:00:00+09:00,424.05582991706007,424.05582991706007,373.5096519470215,383.0868225097656,330,0.0,0.0
2003-02-19 00:00:00+09:00,399.04878197646724,414.4786682128906,399.04878197646724,414.4786682128906,34000,0.0,0.0
2003-02-20 00:00:00+09:00,424.587890625,424.587890625,424.587890625,424.587890625,10,0.0,0.0
2003-02-21 00:00:00+09:00,433.1008972167969,433.1008972167969,393.72808837890625,393.72808837890625,220,0.0,0.0
2003-02-24 00:00:00+09:00,404.3693542480469,404.3693542480469,404.3693542480469,404.3693542480469,25000,0.0,0.0
2003-02-25 00:00:00+09:00,413.94652316444797,413.94652316444797,404.3693542480469,404.3693542480469,18000,0.0,0.0
2003-02-26 00:00:00+09:00,415.01072438557946,415.01072438557946,383.0868225097657,383.0868225097656,0,0.0,0.0
2003-02-27 00:00:00+09:00,404.36942155393837,414.4786570927868,388.407470703125,388.407470703125,8000,0.0,0.0
2003-02-28 00:00:00+09:00,408.6259765625,408.6259765625,383.08685302734375,408.6259765625,70,0.0,0.0
2003-03-03 00:00:00+09:00,419.2671975429038,419.2671975429038,384.1509094238281,384.1509094238281,270,0.0,0.0
2003-03-04 00:00:00+09:00,378.29812662330966,403.30517578124994,377.76606174760883,403.30517578125,1000,0.0,0.0
2003-03-05 00:00:00+09:00,398.5166669014173,398.5166669014173,373.5096130371094,373.5096130371094,0,0.0,0.0
2003-03-06 00:00:00+09:00,403.30517578124994,403.30517578124994,403.30517578124994,403.30517578125,10,0.0,0.0
2003-03-07 00:00:00+09:00,414.4786682128906,414.4786682128906,414.4786682128906,414.4786682128906,10,0.0,0.0
2003-03-10 00:00:00+09:00,402.77314147069745,402.77314147069745,369.2530517578125,369.2530517578125,0,0.0,0.0
2003-03-11 00:00:00+09:00,401.17699840550694,402.773193359375,396.92047852852545,402.773193359375,4000,0.0,0.0
2003-03-12 00:00:00+09:00,396.9205133226183,397.98464338514543,372.4455218844944,383.0868225097656,630,0.0,0.0
2003-03-13 00:00:00+09:00,393.19599321747893,419.7992403905154,348.5025379667777,379.3623046875,41000,0.0,0.0
2003-03-14 00:00:00+09:00,387.8753047347758,387.8753047347758,353.8231517813798,368.18890380859375,3000,0.0,0.0
2003-03-17 00:00:00+09:00,361.8041455614698,361.8041455614698,338.92535400390625,338.92535400390625,470,0.0,0.0
2003-03-18 00:00:00+09:00,366.59276340496285,366.59276340496285,347.9704895019531,347.9704895019531,19000,0.0,0.0
2003-03-19 00:00:00+09:00,363.4003500146178,363.4003500146178,337.8612331761088,339.4574279785156,530,0.0,0.0
2003-03-20 00:00:00+09:00,327.752023381295,375.10580598021585,327.2199584082734,369.78515625,26000,0.0,0.0
2003-03-21 00:00:00+09:00,372.44545488666915,382.0226237266121,372.44545488666915,377.2340393066406,140,0.0,0.0
2003-03-24 00:00:00+09:00,375.1058654785156,375.1058654785156,375.1058654785156,375.1058654785156,6000,0.0,0.0
2003-03-25 00:00:00+09:00,392.13191853398865,392.13191853398865,342.1178068078083,342.6498718261719,1000,0.0,0.0
2003-03-26 00:00:00+09:00,356.4835218949751,383.0867697975852,348.5025475241921,351.1628723144531,3000,0.0,0.0
2003-03-27 00:00:00+09:00,377.2340234844501,377.2340234844501,345.8421936035156,345.8421936035156,710,0.0,0.0
2003-03-28 00:00:00+09:00,374.04162347727805,374.04162347727805,343.18185937815696,370.3171691894531,80,0.0,0.0
2003-03-31 00:00:00+09:00,386.81117495498216,386.81117495498216,340.52152953395955,368.18890380859375,1000,0.0,0.0
2003-04-01 00:00:00+09:00,386.81121826171875,386.81121826171875,386.81121826171875,386.81121826171875,10,0.0,0.0
2003-04-02 00:00:00+09:00,349.03455500261606,369.7850849494179,349.03455500261606,349.5666198730469,290,0.0,0.0
2003-04-03 00:00:00+09:00,366.0607978877315,366.0607978877315,350.0988444914641,359.1439514160156,80,0.0,0.0
2003-04-04 00:00:00+09:00,346.90631103515625,346.90631103515625,346.90631103515625,346.90631103515625,20,0.0,0.0
2003-04-07 00:00:00+09:00,364.9966177677763,367.1248779296875,356.4835771201314,367.1248779296875,380,0.0,0.0
2003-04-08 00:00:00+09:00,347.9705024029701,364.99658203125,347.9705024029701,364.99658203125,310,0.0,0.0
2003-04-09 00:00:00+09:00,365.52858233305574,365.52858233305574,346.90631103515625,346.90631103515625,0,0.0,0.0
2003-04-10 00:00:00+09:00,347.43841760808766,365.52862618186253,347.43841760808766,351.1628723144531,440,0.0,0.0
2003-04-11 00:00:00+09:00,366.5927664118705,369.78515625,354.3552720323741,369.78515625,60,0.0,0.0
2003-04-14 00:00:00+09:00,359.143851427887,367.6568908691406,359.143851427887,367.6568908691406,20,0.0,0.0
2003-04-15 00:00:00+09:00,363.40035225096204,363.40035225096204,357.5476379394531,357.5476379394531,26000,0.0,0.0
2003-04-16 00:00:00+09:00,371.38128182159335,371.38128182159335,357.54759510617583,358.6117248535156,20000,0.0,0.0
2003-04-17 00:00:00+09:00,369.2531092026654,369.2531092026654,359.1438742244945,361.80419921875,11000,0.0,0.0
2003-04-18 00:00:00+09:00,371.91351318359375,372.4455782954444,360.2080807228798,371.91351318359375,3000,0.0,0.0
2003-04-21 00:00:00+09:00,371.3814490198206,375.105904812283,356.4836258499711,359.1439514160156,23000,0.0,0.0
2003-04-22 00:00:00+09:00,359.67593922334555,381.4906041762408,359.67593922334555,379.8944091796875,720,0.0,0.0
2003-04-23 00:00:00+09:00,371.38135116906477,371.9134161420863,369.78515625,369.78515625,5000,0.0,0.0
2003-04-24 00:00:00+09:00,373.5096689131335,374.57379902399714,355.41945702845186,371.38140869140625,16000,0.0,0.0
2003-04-25 00:00:00+09:00,371.3813074823635,392.1318389892578,351.1628408859025,356.4834899902344,4000,0.0,0.0
2003-04-28 00:00:00+09:00,355.95144206039777,361.2720914185502,348.5025329589844,348.5025329589844,3000,0.0,0.0
2003-04-29 00:00:00+09:00,356.4835422171101,364.99658203125,351.6949573216564,364.99658203125,410,0.0,0.0
2003-04-30 00:00:00+09:00,371.38128516571,372.4454149226318,357.0155334472656,357.0155334472656,4000,0.0,0.0
2003-05-01 00:00:00+09:00,357.0155334472656,357.0155334472656,357.0155334472656,357.0155334472656,0,0.0,0.0
2003-05-02 00:00:00+09:00,369.2530517578125,369.78511667389,367.1247920935023,369.2530517578125,6000,0.0,0.0
2003-05-05 00:00:00+09:00,369.2530517578125,369.2530517578125,369.2530517578125,369.2530517578125,0,0.0,0.0
2003-05-06 00:00:00+09:00,369.2530517578125,370.31718158996756,354.35523410764137,369.2530517578125,2000,0.0,0.0
2003-05-07 00:00:00+09:00,354.88733170726016,367.6568908691406,354.3552667421818,367.6568908691406,150,0.0,0.0
2003-05-08 00:00:00+09:00,367.6568908691406,367.6568908691406,367.6568908691406,367.6568908691406,0,0.0,0.0
2003-05-09 00:00:00+09:00,361.8041390945662,366.0606583780317,338.9253479459392,356.4834899902344,5000,0.0,0.0
2003-05-12 00:00:00+09:00,366.06061703442487,366.59268188476557,361.804098231699,366.5926818847656,3000,0.0,0.0
2003-05-13 00:00:00+09:00,366.59268188476557,366.59268188476557,366.59268188476557,366.5926818847656,30000,0.0,0.0
2003-05-14 00:00:00+09:00,371.9134811584107,371.9134811584107,354.8873990452932,355.4194641113281,1000,0.0,0.0
2003-05-15 00:00:00+09:00,352.2270223100401,367.124841984785,352.2270223100401,364.99658203125,1000,0.0,0.0
2003-05-16 00:00:00+09:00,377.7661787392437,377.7661787392437,363.40042264634286,367.1248779296875,6000,0.0,0.0
2003-05-19 00:00:00+09:00,369.78520313207656,369.78520313207656,367.1248779296875,367.1248779296875,1000,0.0,0.0
2003-05-20 00:00:00+09:00,347.4384442497702,361.80419921875,347.4384442497702,361.80419921875,30000,0.0,0.0
2003-05-21 00:00:00+09:00,364.4645527272985,367.1248779296875,364.4645527272985,367.1248779296875,1000,0.0,0.0
2003-05-22 00:00:00+09:00,357.01552656193144,365.528564453125,356.48346169373184,365.528564453125,18000,0.0,0.0
2003-05-23 00:00:00+09:00,357.54765994049785,367.1248294031897,357.0155949703483,366.0606994628906,1000,0.0,0.0
2003-05-26 00:00:00+09:00,366.0606994628906,366.0606994628906,366.0606994628906,366.0606994628906,1000,0.0,0.0
2003-05-27 00:00:00+09:00,357.01561422909003,371.91343419692095,355.95148423138784,361.80419921875,19000,0.0,0.0
2003-05-28 00:00:00+09:00,361.80423769363364,371.38140869140625,361.80423769363364,371.38140869140625,5000,0.0,0.0
2003-05-29 00:00:00+09:00,375.1058654785156,375.1058654785156,375.1058654785156,375.1058654785156,10,0.0,0.0
2003-05-30 00:00:00+09:00,375.1058654785156,375.1058654785156,375.1058654785156,375.1058654785156,20,0.0,0.0
2003-06-02 00:00:00+09:00,356.48358846894394,375.1058654785156,356.48358846894394,375.1058654785156,180,0.0,0.0
2003-06-03 00:00:00+09:00,382.5546784467352,382.5546784467352,382.0226135253906,382.0226135253906,20,0.0,0.0
2003-06-04 00:00:00+09:00,381.4905984641532,381.4905984641532,359.6759338378906,359.6759338378906,0,0.0,0.0
2003-06-05 00:00:00+09:00,357.5477560763889,374.5738396990741,356.4836258499711,359.1439514160156,5000,0.0,0.0
2003-06-06 00:00:00+09:00,359.1439514160156,359.1439514160156,359.1439514160156,359.1439514160156,0,0.0,0.0
2003-06-09 00:00:00+09:00,361.27212881054396,375.10581857353975,355.95147890169943,359.6759338378906,270,0.0,0.0
2003-06-10 00:00:00+09:00,357.01564360827933,374.0417249726086,357.01564360827933,370.8493347167969,30,0.0,0.0
2003-06-11 00:00:00+09:00,376.70194204694275,376.70194204694275,357.0155411207607,368.18890380859375,70,0.0,0.0
2003-06-12 00:00:00+09:00,360.7400517086331,369.78515625,358.61179181654677,369.78515625,12000,0.0,0.0
2003-06-13 00:00:00+09:00,357.015690051776,371.91351318359375,357.015690051776,371.91351318359375,30,0.0,0.0
2003-06-16 00:00:00+09:00,385.74711839122887,385.74711839122887,358.6118038561217,359.6759338378906,19000,0.0,0.0
2003-06-17 00:00:00+09:00,363.9323853970972,363.9323853970972,362.8682556152344,362.8682556152344,700,0.0,0.0
2003-06-18 00:00:00+09:00,356.4834801473042,370.3171674366025,354.3552205643352,361.2720642089844,3000,0.0,0.0
2003-06-19 00:00:00+09:00,361.2721342198989,366.5927842084099,361.2721342198989,361.80419921875,6000,0.0,0.0
2003-06-20 00:00:00+09:00,362.8682588962111,362.8682588962111,359.14380462601537,361.2720642089844,17000,0.0,0.0
2003-06-23 00:00:00+09:00,371.3813074823635,371.3813074823635,356.4834899902344,356.4834899902344,15000,0.0,0.0
2003-06-24 00:00:00+09:00,363.4003295898438,363.4003295898438,363.4003295898438,363.40032958984375,10,0.0,0.0
2003-06-25 00:00:00+09:00,363.40042264634286,367.1248779296875,357.01564216060916,367.1248779296875,35000,0.0,0.0
2003-06-26 00:00:00+09:00,357.0155334472656,363.40031198879643,357.0155334472656,357.0155334472656,710,0.0,0.0
2003-06-27 00:00:00+09:00,354.8874305103443,359.1439514160156,354.8874305103443,359.1439514160156,6000,0.0,0.0
2003-06-30 00:00:00+09:00,359.143843154562,360.2079730602051,325.09168617398126,352.7590637207031,2000,0.0,0.0
2003-07-01 00:00:00+09:00,352.75902587710846,361.2720642089844,352.75902587710846,361.2720642089844,2000,0.0,0.0
2003-07-02 00:00:00+09:00,361.8041291047266,361.8041291047266,358.61173973027314,361.2720642089844,4000,0.0,0.0
2003-07-03 00:00:00+09:00,357.54759832572654,359.1437929611092,356.4834685688047,357.0155334472656,32000,0.0,0.0
2003-07-04 00:00:00+09:00,356.4836258499711,359.1439514160156,351.69503983109087,359.1439514160156,31000,0.0,0.0
2003-07-07 00:00:00+09:00,354.35521418439214,364.4644470214844,354.35521418439214,364.4644470214844,9000,0.0,0.0
2003-07-08 00:00:00+09:00,364.46450651978415,371.9134161420863,364.46450651978415,369.78515625,1000,0.0,0.0
2003-07-09 00:00:00+09:00,369.7851542539375,369.7851542539375,366.0606994628906,366.0606994628906,0,0.0,0.0
2003-07-10 00:00:00+09:00,365.52862258842083,371.38133706945814,352.75906372070307,352.7590637207031,38000,0.0,0.0
2003-07-11 00:00:00+09:00,368.7209858894348,377.7660894393921,354.8872981071472,374.5736999511719,550,0.0,0.0
2003-07-14 00:00:00+09:00,391.06775517086334,391.06775517086334,356.4835319244604,369.78515625,2000,0.0,0.0
2003-07-15 00:00:00+09:00,369.78511667389,369.78511667389,369.2530517578125,369.2530517578125,300,0.0,0.0
2003-07-16 00:00:00+09:00,362.86823381696433,368.72094726562506,362.33616895799514,368.720947265625,220,0.0,0.0
2003-07-17 00:00:00+09:00,368.72094726562506,368.72094726562506,368.72094726562506,368.720947265625,0,0.0,0.0
2003-07-18 00:00:00+09:00,356.4835422171101,366.0607120080175,356.4835422171101,364.99658203125,120,0.0,0.0
2003-07-21 00:00:00+09:00,371.3812655378322,371.3812655378322,342.1176987690918,366.5926818847656,150,0.0,0.0
2003-07-22 00:00:00+09:00,351.6949338150599,366.06068754124243,351.1628688622384,352.7590637207031,1000,0.0,0.0
2003-07-23 00:00:00+09:00,360.7399960515087,362.8682556152344,360.7399960515087,362.8682556152344,2000,0.0,0.0
2003-07-24 00:00:00+09:00,362.868297824313,362.868297824313,352.75906372070307,352.7590637207031,0,0.0,0.0
2003-07-25 00:00:00+09:00,353.8232421875,363.93247767857144,353.8232421875,353.8232421875,180,0.0,0.0
2003-07-28 00:00:00+09:00,363.4003295898438,363.4003295898438,363.4003295898438,363.40032958984375,10,0.0,0.0
2003-07-29 00:00:00+09:00,353.8231845636742,362.86828852996365,335.20091169190187,352.22698974609375,1000,0.0,0.0
2003-07-30 00:00:00+09:00,348.5025035600858,362.8682556152344,348.5025035600858,362.8682556152344,2000,0.0,0.0
2003-07-31 00:00:00+09:00,369.78515625,369.78515625,369.78515625,369.78515625,10,0.0,0.0
2003-08-01 00:00:00+09:00,367.1248779296875,367.1248779296875,367.1248779296875,367.1248779296875,100,0.0,0.0
2003-08-04 00:00:00+09:00,361.80419152928147,361.80419152928147,337.8612670898437,337.86126708984375,0,0.0,0.0
2003-08-05 00:00:00+09:00,365.52858841128466,365.52858841128466,349.0345764160156,349.0345764160156,0,0.0,0.0
2003-08-06 00:00:00+09:00,371.38140869140625,371.38140869140625,371.38140869140625,371.38140869140625,10,0.0,0.0
2003-08-07 00:00:00+09:00,362.86835760586507,367.1248779296875,362.86835760586507,367.1248779296875,2000,0.0,0.0
2003-08-08 00:00:00+09:00,367.1248779296875,367.1248779296875,364.4645527272985,367.1248779296875,1000,0.0,0.0
2003-08-11 00:00:00+09:00,364.4645427044173,364.4645427044173,351.1629170582707,353.8232421875,900,0.0,0.0
2003-08-12 00:00:00+09:00,366.59272717742476,369.2530517578125,366.59272717742476,369.2530517578125,1000,0.0,0.0
2003-08-13 00:00:00+09:00,367.1247467351063,379.89430314328393,361.804098231699,366.5926818847656,2000,0.0,0.0
2003-08-14 00:00:00+09:00,361.27209780870766,374.0416564941406,361.27209780870766,374.0416564941406,1000,0.0,0.0
2003-08-15 00:00:00+09:00,374.0416564941406,374.0416564941406,374.0416564941406,374.0416564941406,0,0.0,0.0
2003-08-18 00:00:00+09:00,368.72098293019764,368.72098293019764,356.4834899902344,356.4834899902344,31000,0.0,0.0
2003-08-19 00:00:00+09:00,364.4644347167258,365.528564453125,356.48346169373184,365.528564453125,40000,0.0,0.0
2003-08-20 00:00:00+09:00,357.0155334472656,357.0155334472656,356.4834685688047,357.0155334472656,160,0.0,0.0
2003-08-21 00:00:00+09:00,361.80419921875,361.80419921875,361.80419921875,361.80419921875,50,0.0,0.0
2003-08-22 00:00:00+09:00,366.59268188476557,366.59268188476557,366.59268188476557,366.5926818847656,10,0.0,0.0
2003-08-25 00:00:00+09:00,367.12476553895925,383.08671186674013,324.5595753315437,362.336181640625,43000,0.0,0.0
2003-08-26 00:00:00+09:00,348.5025340034848,359.1438327516828,342.6498196919759,357.5476379394531,11000,0.0,0.0
2003-08-27 00:00:00+09:00,352.2269599774133,357.54760891967027,346.90631103515625,346.90631103515625,1000,0.0,0.0
2003-08-28 00:00:00+09:00,356.4834685688047,357.0155334472656,356.4834685688047,357.0155334472656,280,0.0,0.0
2003-08-29 00:00:00+09:00,356.48354923023896,361.80419921875,356.48354923023896,361.80419921875,230,0.0,0.0
2003-09-01 00:00:00+09:00,361.8041957310268,372.4454956054688,361.8041957310268,372.44549560546875,200,0.0,0.0
2003-09-02 00:00:00+09:00,371.9134184899682,382.5547180175781,371.9134184899682,382.5547180175781,390,0.0,0.0
2003-09-03 00:00:00+09:00,382.5547180175781,382.5547180175781,382.5547180175781,382.5547180175781,200,0.0,0.0
2003-09-04 00:00:00+09:00,382.0226135253906,382.0226135253906,382.0226135253906,382.0226135253906,40,0.0,0.0
2003-09-05 00:00:00+09:00,372.44544900873655,372.44544900873655,346.374267578125,346.374267578125,0,0.0,0.0
2003-09-08 00:00:00+09:00,370.3172524318032,370.3172524318032,351.6949768066407,351.6949768066406,0,0.0,0.0
2003-09-09 00:00:00+09:00,371.91351318359375,392.6640525457685,371.91351318359375,371.91351318359375,1000,0.0,0.0
2003-09-10 00:00:00+09:00,371.91351318359375,371.91351318359375,371.91351318359375,371.91351318359375,0,0.0,0.0
2003-09-11 00:00:00+09:00,371.91351318359375,371.91351318359375,371.91351318359375,371.91351318359375,0,0.0,0.0
2003-09-12 00:00:00+09:00,371.91351318359375,371.91351318359375,371.91351318359375,371.91351318359375,0,0.0,0.0
2003-09-15 00:00:00+09:00,366.5927407767026,380.9584940437142,344.2460134724624,348.5025329589844,40000,0.0,0.0
2003-09-16 00:00:00+09:00,372.97750520706177,374.5736999511719,372.97750520706177,374.5736999511719,300,0.0,0.0
2003-09-17 00:00:00+09:00,356.4834899902344,359.14381454240026,356.4834899902344,356.4834899902344,890,0.0,0.0
2003-09-18 00:00:00+09:00,356.48354923023896,361.80419921875,356.48354923023896,361.80419921875,1000,0.0,0.0
2003-09-19 00:00:00+09:00,352.22696098136623,361.2720642089844,352.22696098136623,361.2720642089844,1000,0.0,0.0
2003-09-22 00:00:00+09:00,345.8422763105752,367.1248779296875,345.8422763105752,367.1248779296875,110,0.0,0.0
2003-09-23 00:00:00+09:00,361.8041714754971,361.8041714754971,351.1628723144531,351.1628723144531,3000,0.0,0.0
2003-09-24 00:00:00+09:00,351.1629304206777,351.1629304206777,343.7140197753906,343.7140197753906,31000,0.0,0.0
2003-09-25 00:00:00+09:00,351.16293811798096,364.4645645618439,340.5216369628906,340.5216369628906,17000,0.0,0.0
2003-09-26 00:00:00+09:00,340.52164226235027,355.4194641113281,340.52164226235027,355.4194641113281,9000,0.0,0.0
2003-09-29 00:00:00+09:00,363.4003476313907,363.4003476313907,345.8422049200643,350.0987243652344,1000,0.0,0.0
2003-09-30 00:00:00+09:00,351.1628427358774,351.1628427358774,345.8421936035156,345.8421936035156,0,0.0,0.0
2003-10-01 00:00:00+09:00,341.0537241369728,349.0347005208333,327.22003173828125,327.22003173828125,3000,0.0,0.0
2003-10-02 00:00:00+09:00,345.31015143595954,345.842216384243,332.5405926771567,339.989501953125,280,0.0,0.0
2003-10-03 00:00:00+09:00,339.989501953125,339.989501953125,339.989501953125,339.989501953125,0,0.0,0.0
2003-10-06 00:00:00+09:00,356.4834899902344,356.4834899902344,356.4834899902344,356.4834899902344,10,0.0,0.0
2003-10-07 00:00:00+09:00,341.58572926240805,346.9063792509191,332.5406242819393,334.66888427734375,3000,0.0,0.0
2003-10-08 00:00:00+09:00,337.86124089833214,345.3101501464844,332.5405914353663,345.3101501464844,4000,0.0,0.0
2003-10-09 00:00:00+09:00,350.6307373046875,350.6307373046875,349.56660760118314,350.6307373046875,280,0.0,0.0
2003-10-10 00:00:00+09:00,330.9443900770813,348.5025329589844,330.9443900770813,348.5025329589844,3000,0.0,0.0
2003-10-13 00:00:00+09:00,334.13678320312505,354.8873159179688,332.5405883789063,332.54058837890625,2000,0.0,0.0
2003-10-14 00:00:00+09:00,335.7330071396715,339.98952704001596,330.4123572642409,337.86126708984375,19000,0.0,0.0
2003-10-15 00:00:00+09:00,333.07260771720644,333.07260771720644,321.89924547749183,329.8802185058594,1000,0.0,0.0
2003-10-16 00:00:00+09:00,344.77808203125005,345.84221191406255,329.880263671875,332.54058837890625,1000,0.0,0.0
2003-10-17 00:00:00+09:00,329.8802185058594,334.66880232287997,325.09163468883884,329.8802185058594,2000,0.0,0.0
2003-10-20 00:00:00+09:00,329.8802992876838,334.66888427734375,329.8802992876838,334.66888427734375,1000,0.0,0.0
2003-10-21 00:00:00+09:00,325.6237079118586,338.3932650848727,325.6237079118586,335.7329406738281,15000,0.0,0.0
2003-10-22 00:00:00+09:00,331.4764131115329,333.60467258576426,329.8802185058594,329.8802185058594,28000,0.0,0.0
2003-10-23 00:00:00+09:00,334.66887336767815,334.66887336767815,319.2389889039855,330.412353515625,2000,0.0,0.0
2003-10-24 00:00:00+09:00,327.7520968305386,327.7520968305386,327.22003173828125,327.22003173828125,30000,0.0,0.0
2003-10-27 00:00:00+09:00,334.66880232287997,334.66880232287997,329.8802185058594,329.8802185058594,0,0.0,0.0
2003-10-28 00:00:00+09:00,324.5595703125,328.816089267418,324.0275054431352,324.5595703125,300,0.0,0.0
2003-10-29 00:00:00+09:00,327.21994234434663,330.94439697265625,327.21994234434663,330.94439697265625,200,0.0,0.0
2003-10-30 00:00:00+09:00,333.6048128453697,333.6048128453697,327.22003173828125,327.22003173828125,0,0.0,0.0
2003-10-31 00:00:00+09:00,340.5215669014085,345.842216384243,339.989501953125,339.989501953125,220,0.0,0.0
2003-11-03 00:00:00+09:00,335.7330732143991,335.7330732143991,327.22003173828125,327.22003173828125,140,0.0,0.0
2003-11-04 00:00:00+09:00,339.9894762959268,347.97044991789693,329.88024304143136,347.4383850097656,2000,0.0,0.0
2003-11-05 00:00:00+09:00,336.2650721272145,337.8612670898437,330.9444222517839,337.86126708984375,2000,0.0,0.0
2003-11-06 00:00:00+09:00,340.5215323044479,350.6307652947362,330.94436420838525,346.90631103515625,7000,0.0,0.0
2003-11-07 00:00:00+09:00,342.11776085758515,342.11776085758515,330.94439697265625,330.94439697265625,520,0.0,0.0
2003-11-10 00:00:00+09:00,321.8992861682222,348.5025329589844,321.8992861682222,348.5025329589844,650,0.0,0.0
2003-11-11 00:00:00+09:00,325.6237128679142,345.8421786995821,325.6237128679142,343.1818542480469,1000,0.0,0.0
2003-11-12 00:00:00+09:00,342.11772446743277,343.1818542480469,342.11772446743277,343.1818542480469,1000,0.0,0.0
2003-11-13 00:00:00+09:00,326.15588040351867,342.6498971939087,325.62381534576417,340.5216369628906,780,0.0,0.0
2003-11-14 00:00:00+09:00,340.5215477685471,344.2460021972656,324.5596002168965,344.2460021972656,3000,0.0,0.0
2003-11-17 00:00:00+09:00,344.778067115654,348.5025215443725,329.88024940078003,344.2460021972656,11000,0.0,0.0
2003-11-18 00:00:00+09:00,328.8161195640033,344.2460021972656,327.21992480883824,344.2460021972656,1000,0.0,0.0
2003-11-19 00:00:00+09:00,325.62374834947184,339.989501953125,325.62374834947184,339.989501953125,310,0.0,0.0
2003-11-20 00:00:00+09:00,340.52160293530346,340.52160293530346,324.5596527977111,333.07269287109375,16000,0.0,0.0
2003-11-21 00:00:00+09:00,325.0917230030847,335.2009582519531,325.0917230030847,335.2009582519531,20000,0.0,0.0
2003-11-24 00:00:00+09:00,328.81616230161166,337.8612670898437,325.0917073888103,337.86126708984375,20000,0.0,0.0
2003-11-25 00:00:00+09:00,325.0917575487203,337.3292541503906,325.0917575487203,337.3292541503906,15000,0.0,0.0
2003-11-26 00:00:00+09:00,338.9253299670816,338.9253299670816,325.09164302964973,335.7329406738281,12000,0.0,0.0
2003-11-27 00:00:00+09:00,321.8993225097656,321.8993225097656,321.8993225097656,321.8993225097656,140,0.0,0.0
2003-11-28 00:00:00+09:00,321.8993329244947,335.2009582519531,321.8993329244947,335.2009582519531,500,0.0,0.0
2003-12-01 00:00:00+09:00,332.5405794720862,360.7400206113191,332.5405794720862,346.374267578125,27000,0.0,0.0
2003-12-02 00:00:00+09:00,346.3742768554688,346.3742768554688,332.5405883789063,332.54058837890625,0,0.0,0.0
2003-12-03 00:00:00+09:00,330.9443617709847,343.1818542480469,327.2199075388354,343.1818542480469,810,0.0,0.0
2003-12-04 00:00:00+09:00,332.0085234375,345.84221191406255,331.47645849609376,332.54058837890625,15000,0.0,0.0
2003-12-05 00:00:00+09:00,330.94442928538604,340.52159926470586,327.2199742934283,334.66888427734375,22000,0.0,0.0
2003-12-08 00:00:00+09:00,334.66880232287997,334.66880232287997,329.8802185058594,329.8802185058594,0,0.0,0.0
2003-12-09 00:00:00+09:00,329.88033165261515,329.88033165261515,324.55968114208906,329.3482666015625,2000,0.0,0.0
2003-12-10 00:00:00+09:00,329.3482463670814,345.8422619363536,321.36727109162706,342.6498718261719,2000,0.0,0.0
2003-12-11 00:00:00+09:00,327.2199862936269,342.6498718261719,325.0917262201724,342.6498718261719,2000,0.0,0.0
2003-12-12 00:00:00+09:00,327.2199399003359,347.9704726745035,323.49548529984423,341.585693359375,13000,0.0,0.0
2003-12-15 00:00:00+09:00,335.2009140442465,341.585693359375,335.2009140442465,341.585693359375,3000,0.0,0.0
2003-12-16 00:00:00+09:00,336.26499692855344,336.26499692855344,329.8802185058594,329.8802185058594,1000,0.0,0.0
2003-12-17 00:00:00+09:00,343.1818360229302,343.1818360229302,327.7519550234497,342.1177062988281,610,0.0,0.0
2003-12-18 00:00:00+09:00,330.4123731340681,336.79715329124815,327.7520480685764,335.2009582519531,1000,0.0,0.0
2003-12-19 00:00:00+09:00,330.4123207117136,330.4123207117136,324.55960649620823,326.6878662109375,1000,0.0,0.0
2003-12-22 00:00:00+09:00,327.75204282522964,333.07269287109375,324.5596527977111,333.07269287109375,3000,0.0,0.0
2003-12-23 00:00:00+09:00,335.20091084600654,341.58569010021614,328.8161315917969,328.8161315917969,146000,0.0,0.0
2003-12-24 00:00:00+09:00,329.88030812096974,335.2009582519531,329.88030812096974,335.2009582519531,260,0.0,0.0
2003-12-25 00:00:00+09:00,335.2009582519531,335.2009582519531,335.2009582519531,335.2009582519531,0,0.0,0.0
2003-12-26 00:00:00+09:00,328.8161692899816,334.66888427734375,328.8161692899816,334.66888427734375,310,0.0,0.0
2003-12-29 00:00:00+09:00,357.0193137004244,361.72467533074297,351.7257818663159,361.1365051269531,1000,60.0,0.0
2003-12-30 00:00:00+09:00,361.13648673815607,367.6063586504032,361.13648673815607,367.0181884765625,4000,0.0,0.0
2003-12-31 00:00:00+09:00,367.0181884765625,367.0181884765625,367.0181884765625,367.0181884765625,0,0.0,0.0
2004-01-01 00:00:00+09:00,367.0181884765625,367.0181884765625,367.0181884765625,367.0181884765625,0,0.0,0.0
2004-01-02 00:00:00+09:00,370.5472106933594,370.5472106933594,370.5472106933594,370.5472106933594,100,0.0,0.0
2004-01-05 00:00:00+09:00,359.96021007281865,359.96021007281865,359.3720397949219,359.3720397949219,450,0.0,0.0
2004-01-06 00:00:00+09:00,344.66780756978153,370.5473016535194,344.0796372496966,363.4892578125,1000,0.0,0.0
2004-01-07 00:00:00+09:00,348.19670645136625,363.4891293698384,341.1386651043791,360.54827880859375,2000,0.0,0.0
2004-01-08 00:00:00+09:00,341.1386927898476,357.019287109375,337.0215016699701,357.019287109375,5000,0.0,0.0
2004-01-09 00:00:00+09:00,358.19561767578125,358.19561767578125,358.19561767578125,358.19561767578125,20,0.0,0.0
2004-01-12 00:00:00+09:00,352.3140355243584,352.3140355243584,340.5506286621094,340.5506286621094,0,0.0,0.0
2004-01-13 00:00:00+09:00,357.0193174834535,379.95795567431793,345.84408349303243,375.2525939941406,150000,0.0,0.0
2004-01-14 00:00:00+09:00,364.07737273649144,364.07737273649144,344.6677551269531,344.6677551269531,0,0.0,0.0
2004-01-15 00:00:00+09:00,369.95904051765564,370.5472106933594,369.95904051765564,370.5472106933594,50,0.0,0.0
2004-01-16 00:00:00+09:00,341.72695596935677,363.48925781249994,341.1387856492718,363.4892578125,2000,0.0,0.0
2004-01-19 00:00:00+09:00,352.90212631225586,352.90212631225586,338.7860412597656,338.7860412597656,0,0.0,0.0
2004-01-20 00:00:00+09:00,358.78382431179386,361.1365051269532,358.78382431179386,361.1365051269531,8000,0.0,0.0
2004-01-21 00:00:00+09:00,361.1365051269532,361.1365051269532,361.1365051269532,361.1365051269531,0,0.0,0.0
2004-01-22 00:00:00+09:00,361.1365051269532,361.1365051269532,361.1365051269532,361.1365051269531,0,0.0,0.0
2004-01-23 00:00:00+09:00,361.1365051269532,361.1365051269532,361.1365051269532,361.1365051269531,0,0.0,0.0
2004-01-26 00:00:00+09:00,369.37079334411135,369.37079334411135,368.7826232910156,368.7826232910156,200,0.0,0.0
2004-01-27 00:00:00+09:00,366.4300537109375,366.4300537109375,366.4300537109375,366.4300537109375,100,0.0,0.0
2004-01-28 00:00:00+09:00,365.841773025537,368.7826232910156,365.841773025537,368.7826232910156,500,0.0,0.0
2004-01-29 00:00:00+09:00,370.5472106933594,370.5472106933594,370.5472106933594,370.5472106933594,100,0.0,0.0
2004-01-30 00:00:00+09:00,367.6064098224092,368.19458007812506,337.6097267809006,368.194580078125,240,0.0,0.0
2004-02-02 00:00:00+09:00,367.6063773153577,367.6063773153577,342.9032287597656,342.9032287597656,0,0.0,0.0
2004-02-03 00:00:00+09:00,332.9043550644657,367.6063991436238,332.9043550644657,365.8418884277344,630,0.0,0.0
2004-02-04 00:00:00+09:00,352.3139777191211,365.8418933911408,352.3139777191211,365.25372314453125,800,0.0,0.0
2004-02-05 00:00:00+09:00,365.25366114734976,365.25366114734976,335.84515380859375,335.84515380859375,0,0.0,0.0
2004-02-06 00:00:00+09:00,358.7837219238281,358.7837219238281,358.7837219238281,358.7837219238281,10,0.0,0.0
2004-02-09 00:00:00+09:00,370.5472106933594,370.5472106933594,369.95904051765564,370.5472106933594,600,0.0,0.0
2004-02-10 00:00:00+09:00,368.1945299905444,370.5472106933594,368.1945299905444,370.5472106933594,1000,0.0,0.0
2004-02-11 00:00:00+09:00,376.42898511435334,376.42898511435334,372.89996337890625,372.89996337890625,710,0.0,0.0
2004-02-12 00:00:00+09:00,379.9580078125,379.9580078125,379.9580078125,379.9580078125,100,0.0,0.0
2004-02-13 00:00:00+09:00,367.6064118095066,378.7816467285156,365.2537307739258,378.7816467285156,770,0.0,0.0
2004-02-16 00:00:00+09:00,358.7838877342396,358.7838877342396,339.374267578125,339.374267578125,0,0.0,0.0
2004-02-17 00:00:00+09:00,367.6063120817379,387.6040954589844,367.6063120817379,387.6040954589844,600,0.0,0.0
2004-02-18 00:00:00+09:00,381.13434177513915,381.13434177513915,369.9591064453125,369.9591064453125,0,0.0,0.0
2004-02-19 00:00:00+09:00,381.1343078613281,381.1343078613281,381.1343078613281,381.1343078613281,10,0.0,0.0
2004-02-20 00:00:00+09:00,380.5461120605469,380.5461120605469,380.5461120605469,380.5461120605469,10,0.0,0.0
2004-02-23 00:00:00+09:00,377.0170909286098,380.5461120605469,352.9021131937065,380.5461120605469,46000,0.0,0.0
2004-02-24 00:00:00+09:00,378.78161129027376,380.5461219018744,378.78161129027376,379.3697814941406,30000,0.0,0.0
2004-02-25 00:00:00+09:00,378.7816467285156,378.7816467285156,355.8430066316024,378.7816467285156,20000,0.0,0.0
2004-02-26 00:00:00+09:00,377.60523755926835,377.60523755926835,357.6074523925781,357.6074523925781,0,0.0,0.0
2004-02-27 00:00:00+09:00,375.2526430402483,375.2526430402483,362.3128967285156,362.3128967285156,0,0.0,0.0
2004-03-01 00:00:00+09:00,362.3128967285156,362.3128967285156,362.3128967285156,362.3128967285156,0,0.0,0.0
2004-03-02 00:00:00+09:00,367.6063168433405,367.6063168433405,364.66546630859375,364.66546630859375,4000,0.0,0.0
2004-03-03 00:00:00+09:00,377.6053241878361,377.6053241878361,362.3128967285156,362.3128967285156,0,0.0,0.0
2004-03-04 00:00:00+09:00,364.66546630859375,364.66546630859375,364.66546630859375,364.66546630859375,100,0.0,0.0
2004-03-05 00:00:00+09:00,377.0171203613281,377.0171203613281,377.0171203613281,377.0171203613281,10,0.0,0.0
2004-03-08 00:00:00+09:00,374.07630764100605,374.07630764100605,361.7247314453125,361.7247314453125,0,0.0,0.0
2004-03-09 00:00:00+09:00,375.8407835984593,375.8407835984593,347.6086120605469,347.6086120605469,0,0.0,0.0
2004-03-10 00:00:00+09:00,349.96125454372833,370.5472106933594,349.96125454372833,370.5472106933594,220,0.0,0.0
2004-03-11 00:00:00+09:00,375.2526639053245,375.2526639053245,359.9602355957031,359.9602355957031,0,0.0,0.0
2004-03-12 00:00:00+09:00,348.19675665386654,348.19675665386654,347.0204162597657,347.0204162597656,20000,0.0,0.0
2004-03-15 00:00:00+09:00,369.95903934576575,369.95903934576575,347.0204025659806,367.0181884765625,3000,0.0,0.0
2004-03-16 00:00:00+09:00,348.1967133620689,352.90207435344826,341.138671875,341.138671875,21000,0.0,0.0
2004-03-17 00:00:00+09:00,341.13871428926115,347.0204162597657,341.13871428926115,347.0204162597656,350,0.0,0.0
2004-03-18 00:00:00+09:00,342.3150102637872,348.7848815917969,335.84513893577747,348.7848815917969,7000,0.0,0.0
2004-03-19 00:00:00+09:00,341.7268592303394,346.4322204589844,341.7268592303394,346.4322204589844,20,0.0,0.0
2004-03-22 00:00:00+09:00,344.079545916933,349.3730773925781,344.079545916933,349.3730773925781,40,0.0,0.0
2004-03-23 00:00:00+09:00,347.0204292629076,347.0204292629076,338.1978759765625,338.1978759765625,0,0.0,0.0
2004-03-24 00:00:00+09:00,351.137563981681,351.137563981681,341.138671875,341.138671875,0,0.0,0.0
2004-03-25 00:00:00+09:00,335.25698754095265,346.4322204589844,331.72796661946893,346.4322204589844,410,0.0,0.0
2004-03-26 00:00:00+09:00,341.1387435704061,343.4914245605469,341.1387435704061,343.4914245605469,3000,0.0,0.0
2004-03-29 00:00:00+09:00,343.49140794836956,343.49140794836956,338.1978759765625,338.1978759765625,0,0.0,0.0
2004-03-30 00:00:00+09:00,345.84404630377077,345.84404630377077,335.2569836618186,335.84515380859375,20000,0.0,0.0
2004-03-31 00:00:00+09:00,335.84518329991704,335.84518329991704,323.4936091330199,332.316162109375,21000,0.0,0.0
2004-04-01 00:00:00+09:00,329.37530625414087,332.9043273925781,329.37530625414087,332.9043273925781,6000,0.0,0.0
2004-04-02 00:00:00+09:00,328.78713606440135,332.9043273925781,326.4344553054432,332.9043273925781,150,0.0,0.0
2004-04-05 00:00:00+09:00,332.9043273925781,332.9043273925781,332.9043273925781,332.9043273925781,0,0.0,0.0
2004-04-06 00:00:00+09:00,324.67000988409876,339.374267578125,324.67000988409876,339.374267578125,320,0.0,0.0
2004-04-07 00:00:00+09:00,337.6097106933594,337.6097106933594,337.6097106933594,337.6097106933594,100,0.0,0.0
2004-04-08 00:00:00+09:00,329.3752952978599,345.2558898925781,328.1989549575104,345.2558898925781,340,0.0,0.0
2004-04-09 00:00:00+09:00,328.19895877322637,328.19895877322637,326.4344482421875,326.4344482421875,670,0.0,0.0
2004-04-12 00:00:00+09:00,324.0818193968654,334.66888427734375,323.4936491257277,334.66888427734375,4000,0.0,0.0
2004-04-13 00:00:00+09:00,334.66888427734375,334.66888427734375,334.66888427734375,334.66888427734375,400,0.0,0.0
2004-04-14 00:00:00+09:00,326.4344837174949,326.4344837174949,325.8463134765625,325.8463134765625,180,0.0,0.0
2004-04-15 00:00:00+09:00,325.8463134765625,325.8463134765625,325.8463134765625,325.8463134765625,0,0.0,0.0
2004-04-16 00:00:00+09:00,332.316162109375,332.316162109375,332.316162109375,332.316162109375,10,0.0,0.0
2004-04-19 00:00:00+09:00,323.49359130859375,323.49359130859375,323.49359130859375,323.49359130859375,60,0.0,0.0
2004-04-20 00:00:00+09:00,323.49358024177974,326.43443097125044,321.1408996582031,321.1408996582031,6000,0.0,0.0
2004-04-21 00:00:00+09:00,318.20004892873243,331.72796228429775,318.20004892873243,321.1408996582031,30,0.0,0.0
2004-04-22 00:00:00+09:00,319.3764001464844,323.49359130859375,319.3764001464844,323.49359130859375,7000,0.0,0.0
2004-04-23 00:00:00+09:00,323.493643686281,331.72802734375,320.55279238004215,331.72802734375,6000,0.0,0.0
2004-04-26 00:00:00+09:00,327.0225797554951,331.1397705078125,324.6698993255995,331.1397705078125,710,0.0,0.0
2004-04-27 00:00:00+09:00,337.609699878358,337.609699878358,335.25701904296875,335.25701904296875,2000,0.0,0.0
2004-04-28 00:00:00+09:00,324.66997044748035,337.02154541015625,324.66997044748035,337.02154541015625,20,0.0,0.0
2004-04-29 00:00:00+09:00,324.0817638682301,331.1398059125473,322.31725335715083,330.5516357421875,70000,0.0,0.0
2004-04-30 00:00:00+09:00,323.49359130859375,326.4344421386719,323.49359130859375,323.49359130859375,1000,0.0,0.0
2004-05-03 00:00:00+09:00,329.3752866972477,329.3752866972477,320.552734375,320.552734375,0,0.0,0.0
2004-05-04 00:00:00+09:00,329.37534629875887,331.72802734375,329.37534629875887,331.72802734375,1000,0.0,0.0
2004-05-05 00:00:00+09:00,331.72802734375,331.72802734375,331.72802734375,331.72802734375,0,0.0,0.0
2004-05-06 00:00:00+09:00,323.4935973571228,326.4344482421875,321.14091664907096,326.4344482421875,1000,0.0,0.0
2004-05-07 00:00:00+09:00,328.19895263671873,328.19895263671873,323.49359130859375,323.49359130859375,0,0.0,0.0
2004-05-10 00:00:00+09:00,326.43443097125044,326.43443097125044,321.1408996582031,321.1408996582031,3000,0.0,0.0
2004-05-11 00:00:00+09:00,321.7290746846331,321.7290746846331,320.552734375,320.552734375,1000,0.0,0.0
2004-05-12 00:00:00+09:00,319.96458794247786,332.90433230779865,317.6119071487832,332.316162109375,103000,0.0,0.0
2004-05-13 00:00:00+09:00,319.96462211879435,331.72802734375,319.96462211879435,331.72802734375,20,0.0,0.0
2004-05-14 00:00:00+09:00,325.25817909308967,328.7872009277344,325.25817909308967,328.7872009277344,140,0.0,0.0
2004-05-17 00:00:00+09:00,319.96457629504505,326.4344482421875,319.3764061180321,326.4344482421875,4000,0.0,0.0
2004-05-18 00:00:00+09:00,323.49363173881585,323.49363173881585,317.0237591040395,322.3172912597656,1000,0.0,0.0
2004-05-19 00:00:00+09:00,319.9645703125,323.49359130859375,309.37750732421875,323.49359130859375,6000,0.0,0.0
2004-05-20 00:00:00+09:00,300.55499239733615,322.3172912597656,300.55499239733615,322.3172912597656,1000,0.0,0.0
2004-05-21 00:00:00+09:00,294.67329000208497,322.3172912597656,294.67329000208497,322.3172912597656,350,0.0,0.0
2004-05-24 00:00:00+09:00,311.7302759955911,319.96466064453125,311.7302759955911,319.96466064453125,1000,0.0,0.0
2004-05-25 00:00:00+09:00,301.7312545776367,317.6118469238281,301.7312545776367,317.6118469238281,490,0.0,0.0
2004-05-26 00:00:00+09:00,317.6118469238281,317.6118469238281,317.6118469238281,317.6118469238281,0,0.0,0.0
2004-05-27 00:00:00+09:00,317.02367683693217,317.6118469238281,317.02367683693217,317.6118469238281,2000,0.0,0.0
2004-05-28 00:00:00+09:00,315.2592029816514,320.552734375,315.2592029816514,320.552734375,2000,0.0,0.0
2004-05-31 00:00:00+09:00,320.55279925353545,320.55279925353545,312.9065856933594,312.9065856933594,0,0.0,0.0
2004-06-01 00:00:00+09:00,317.6118469238281,317.6118469238281,317.6118469238281,317.6118469238281,2000,0.0,0.0
2004-06-02 00:00:00+09:00,314.6710328268349,320.552734375,314.6710328268349,320.552734375,210,0.0,0.0
2004-06-03 00:00:00+09:00,319.376394065367,320.552734375,312.3183522075688,320.552734375,1000,0.0,0.0
2004-06-04 00:00:00+09:00,308.78933127866975,320.552734375,308.78933127866975,320.552734375,260,0.0,0.0
2004-06-07 00:00:00+09:00,321.7290375321,326.4343982272678,316.4355067500362,317.6118469238281,1847000,0.0,0.0
2004-06-08 00:00:00+09:00,318.2000732421875,318.2000732421875,318.2000732421875,318.2000732421875,200,0.0,0.0
2004-06-09 00:00:00+09:00,311.14206498392514,314.0829162597656,311.14206498392514,314.0829162597656,1000,0.0,0.0
2004-06-10 00:00:00+09:00,325.8463134765625,325.8463134765625,325.8463134765625,325.8463134765625,570,0.0,0.0
2004-06-11 00:00:00+09:00,325.84628461320824,325.84628461320824,314.6710510253906,314.6710510253906,0,0.0,0.0
2004-06-14 00:00:00+09:00,325.8463795887842,325.8463795887842,299.96688373696736,325.2582092285156,1000,0.0,0.0
2004-06-15 00:00:00+09:00,322.3172735675862,322.3172735675862,313.4947204589844,313.4947204589844,0,0.0,0.0
2004-06-16 00:00:00+09:00,325.8462480004154,325.8462480004154,315.2591857910156,315.2591857910156,0,0.0,0.0
2004-06-17 00:00:00+09:00,318.2000732421875,318.2000732421875,318.2000732421875,318.2000732421875,560,0.0,0.0
2004-06-18 00:00:00+09:00,311.1419982910156,311.1419982910156,311.1419982910156,311.1419982910156,50,0.0,0.0
2004-06-21 00:00:00+09:00,317.6118469238281,317.6118469238281,317.6118469238281,317.6118469238281,10,0.0,0.0
2004-06-22 00:00:00+09:00,317.0237045288086,317.0237045288086,283.4980066472834,310.5538330078125,8000,0.0,0.0
2004-06-23 00:00:00+09:00,297.61421194724664,303.4959157406705,297.02604156790426,302.9077453613281,22000,0.0,0.0
2004-06-24 00:00:00+09:00,311.14202391426517,311.7301940917969,311.14202391426517,311.7301940917969,1000,0.0,0.0
2004-06-25 00:00:00+09:00,311.7302588893943,311.7302588893943,300.5550231933594,300.5550231933594,0,0.0,0.0
2004-06-28 00:00:00+09:00,306.4366372582592,311.1419982910156,300.5549359673138,311.1419982910156,450,0.0,0.0
2004-06-29 00:00:00+09:00,308.78930642380385,331.1397705078125,308.78930642380385,331.1397705078125,210,0.0,0.0
2004-06-30 00:00:00+09:00,304.08397583007815,308.7893371582031,304.08397583007815,308.7893371582031,110,0.0,0.0
2004-07-01 00:00:00+09:00,314.0829162597656,314.0829162597656,314.0829162597656,314.0829162597656,840,0.0,0.0
2004-07-02 00:00:00+09:00,302.3194960542093,312.3183898925781,302.3194960542093,312.3183898925781,20,0.0,0.0
2004-07-05 00:00:00+09:00,309.9657287597656,309.9657287597656,309.9657287597656,309.9657287597656,100,0.0,0.0
2004-07-06 00:00:00+09:00,309.9656835592018,311.7301940917969,300.5549607186947,311.7301940917969,740,0.0,0.0
2004-07-07 00:00:00+09:00,304.083956741881,311.1419982910156,304.083956741881,311.1419982910156,20,0.0,0.0
2004-07-08 00:00:00+09:00,311.1421306721215,311.1421306721215,302.9077453613281,302.9077453613281,0,0.0,0.0
2004-07-09 00:00:00+09:00,311.1421306721215,311.1421306721215,302.9077453613281,302.9077453613281,0,0.0,0.0
2004-07-12 00:00:00+09:00,299.9667658382192,311.1419982910156,299.9667658382192,311.1419982910156,240,0.0,0.0
2004-07-13 00:00:00+09:00,309.96566637738425,309.96566637738425,305.8484753628839,306.4366455078125,650,0.0,0.0
2004-07-14 00:00:00+09:00,306.4366372582592,311.1419982910156,305.8484671291647,311.1419982910156,210,0.0,0.0
2004-07-15 00:00:00+09:00,310.5538918887867,310.5538918887867,299.9668273925781,299.9668273925781,0,0.0,0.0
2004-07-16 00:00:00+09:00,309.9657089894325,312.3183898925781,299.3786449252773,312.3183898925781,5000,0.0,0.0
2004-07-19 00:00:00+09:00,311.1420407032403,311.1420407032403,298.79046630859375,298.79046630859375,0,0.0,0.0
2004-07-20 00:00:00+09:00,306.4366372582592,311.1419982910156,306.4366372582592,311.1419982910156,800,0.0,0.0
2004-07-21 00:00:00+09:00,311.14206498392514,314.0829162597656,299.3786598805631,314.0829162597656,22000,0.0,0.0
2004-07-22 00:00:00+09:00,310.55382816192105,311.1419982910156,310.55382816192105,311.1419982910156,18000,0.0,0.0
2004-07-23 00:00:00+09:00,310.5538330078125,311.1420031460849,310.5538330078125,310.5538330078125,19000,0.0,0.0
2004-07-26 00:00:00+09:00,310.5538330078125,310.5538330078125,310.5538330078125,310.5538330078125,14000,0.0,0.0
2004-07-27 00:00:00+09:00,309.9657287597656,309.9657287597656,309.9657287597656,309.9657287597656,1000,0.0,0.0
2004-07-28 00:00:00+09:00,308.7893371582031,308.7893371582031,308.7893371582031,308.7893371582031,100,0.0,0.0
2004-07-29 00:00:00+09:00,301.7313013662206,329.3752997370049,297.02593994140625,297.02593994140625,34000,0.0,0.0
2004-07-30 00:00:00+09:00,311.7302323883655,311.7302323883655,294.6732951444738,299.9668273925781,1000,0.0,0.0
2004-08-02 00:00:00+09:00,301.14310284514926,315.2591857910156,301.14310284514926,315.2591857910156,610,0.0,0.0
2004-08-03 00:00:00+09:00,301.73132582842294,312.3183898925781,299.3786449252773,312.3183898925781,3000,0.0,0.0
2004-08-04 00:00:00+09:00,307.61305600980796,307.61305600980796,298.20233154296875,298.20233154296875,520,0.0,0.0
2004-08-05 00:00:00+09:00,305.8485412597656,305.8485412597656,305.8485412597656,305.8485412597656,10,0.0,0.0
2004-08-06 00:00:00+09:00,297.6141325669481,305.2603454589844,297.0259623444838,305.2603454589844,2000,0.0,0.0
2004-08-09 00:00:00+09:00,308.78933842474294,308.78933842474294,297.6141052246094,297.6141052246094,0,0.0,0.0
2004-08-10 00:00:00+09:00,299.3786537068296,307.613037109375,299.3786537068296,307.613037109375,1000,0.0,0.0
2004-08-11 00:00:00+09:00,299.96678466796874,308.7893371582031,294.67325317382813,308.7893371582031,610,0.0,0.0
2004-08-12 00:00:00+09:00,304.6721684012826,304.6721684012826,298.79046630859375,298.79046630859375,0,0.0,0.0
2004-08-13 00:00:00+09:00,297.0259556807871,298.79046630859375,297.0259556807871,298.79046630859375,2000,0.0,0.0
2004-08-16 00:00:00+09:00,305.8485088198204,305.8485088198204,298.79046630859375,298.79046630859375,0,0.0,0.0
2004-08-17 00:00:00+09:00,305.8485412597656,305.8485412597656,305.8485412597656,305.8485412597656,6000,0.0,0.0
2004-08-18 00:00:00+09:00,306.4367071799581,309.9657287597656,306.4367071799581,309.9657287597656,8000,0.0,0.0
2004-08-19 00:00:00+09:00,309.96566286954015,310.5538330078125,309.96566286954015,310.5538330078125,20000,0.0,0.0
2004-08-20 00:00:00+09:00,310.5539045979206,312.9065856933594,310.5539045979206,312.9065856933594,23000,0.0,0.0
2004-08-23 00:00:00+09:00,312.3183702700606,314.6710510253906,312.3183702700606,314.6710510253906,25000,0.0,0.0
2004-08-24 00:00:00+09:00,301.7313068710755,314.6710510253906,301.7313068710755,314.6710510253906,2000,0.0,0.0
2004-08-25 00:00:00+09:00,314.0829206028745,314.0829206028745,309.9657287597656,309.9657287597656,0,0.0,0.0
2004-08-26 00:00:00+09:00,313.4947204589844,313.4947204589844,313.4947204589844,313.4947204589844,15000,0.0,0.0
2004-08-27 00:00:00+09:00,325.2581511079595,325.2581511079595,314.0829162597656,314.0829162597656,0,0.0,0.0
2004-08-30 00:00:00+09:00,322.90545654296875,322.90545654296875,317.61192446849384,322.90545654296875,1000,0.0,0.0
2004-08-31 00:00:00+09:00,311.7302395496694,318.7882827092846,308.78938823316315,309.9657287597656,1000,0.0,0.0
2004-09-01 00:00:00+09:00,310.55387338848624,310.55387338848624,309.3775329589844,309.3775329589844,0,0.0,0.0
2004-09-02 00:00:00+09:00,311.7301460548684,317.6118469238281,311.7301460548684,317.6118469238281,6000,0.0,0.0
2004-09-03 00:00:00+09:00,318.20005375573396,320.552734375,317.61188360091745,320.552734375,380,0.0,0.0
2004-09-06 00:00:00+09:00,324.0817565917969,324.0817565917969,324.0817565917969,324.0817565917969,100,0.0,0.0
2004-09-07 00:00:00+09:00,322.90545654296875,322.90545654296875,322.90545654296875,322.90545654296875,180,0.0,0.0
2004-09-08 00:00:00+09:00,328.7870933477827,329.3752634611061,318.2000313079614,327.0225830078125,6000,0.0,0.0
2004-09-09 00:00:00+09:00,324.0818193968654,341.1387572598583,323.4936491257277,334.66888427734375,4000,0.0,0.0
2004-09-10 00:00:00+09:00,326.4344096480212,337.0214715825516,314.67100749854296,331.1397705078125,57000,0.0,0.0
2004-09-13 00:00:00+09:00,340.55049990160273,352.31390231616587,329.9634377284959,348.7848815917969,21000,0.0,0.0
2004-09-14 00:00:00+09:00,341.1387266656353,356.43115234375,317.61191793007424,356.43115234375,110,0.0,0.0
2004-09-15 00:00:00+09:00,352.31389406265754,364.66546630859375,352.31389406265754,364.66546630859375,590,0.0,0.0
2004-09-16 00:00:00+09:00,368.19451188122537,368.19451188122537,335.84515380859375,335.84515380859375,0,0.0,0.0
2004-09-17 00:00:00+09:00,341.72695596935677,370.5473016535194,330.5517198877427,363.4892578125,700,0.0,0.0
2004-09-20 00:00:00+09:00,353.49034731485006,361.7247314453125,353.49034731485006,361.7247314453125,1000,0.0,0.0
2004-09-21 00:00:00+09:00,364.66547322827716,404.6610412597656,361.7246226377265,404.6610412597656,24000,0.0,0.0
2004-09-22 00:00:00+09:00,382.3106470242352,422.8943926314233,370.5472425004126,417.6008605957031,2000,0.0,0.0
2004-09-23 00:00:00+09:00,414.66003007418374,414.66003007418374,371.7236014282044,393.48590087890625,1000,0.0,0.0
2004-09-24 00:00:00+09:00,387.6041281533408,426.4233579835692,387.6041281533408,420.5416564941406,70,0.0,0.0
2004-09-27 00:00:00+09:00,420.5416564941406,420.5416564941406,420.5416564941406,420.5416564941406,0,0.0,0.0
2004-09-28 00:00:00+09:00,420.5416564941406,420.5416564941406,420.5416564941406,420.5416564941406,0,0.0,0.0
2004-09-29 00:00:00+09:00,420.5416564941406,420.5416564941406,420.5416564941406,420.5416564941406,0,0.0,0.0
2004-09-30 00:00:00+09:00,469.9479490053404,469.9479490053404,378.78157591919796,420.5416564941406,5000,0.0,0.0
2004-10-01 00:00:00+09:00,395.2504442730687,451.71479345493566,383.48703819351306,411.13104248046875,310,0.0,0.0
2004-10-04 00:00:00+09:00,405.2492289287573,424.0706735234166,382.89876347259946,384.0751037597656,5000,0.0,0.0
2004-10-05 00:00:00+09:00,382.3106948643515,429.9524891474476,382.3106948643515,429.36431884765625,44000,0.0,0.0
2004-10-06 00:00:00+09:00,418.18905823651477,431.128804060992,390.5450557933134,399.9557800292969,1000,0.0,0.0
2004-10-07 00:00:00+09:00,388.1922349098807,425.2469482421875,388.1922349098807,425.2469482421875,20,0.0,0.0
2004-10-08 00:00:00+09:00,391.133139285049,428.77602787789584,391.133139285049,407.01373291015625,1000,0.0,0.0
2004-10-11 00:00:00+09:00,429.3643103027344,441.1277160644531,388.7805604248047,441.1277160644531,1000,0.0,0.0
2004-10-12 00:00:00+09:00,401.7202402888118,435.24594116210943,400.5438999072926,435.2459411621094,830,0.0,0.0
2004-10-13 00:00:00+09:00,404.66117755031087,449.3621215820313,404.66117755031087,449.36212158203125,250,0.0,0.0
2004-10-14 00:00:00+09:00,402.8965861685324,438.1867980957031,402.8965861685324,438.1867980957031,70,0.0,0.0
2004-10-15 00:00:00+09:00,411.7191335317251,437.0104517343882,411.7191335317251,435.2459411621094,100,0.0,0.0
2004-10-18 00:00:00+09:00,411.7192725885927,449.95034790039057,409.95476142035585,449.9503479003906,170,0.0,0.0
2004-10-19 00:00:00+09:00,418.18909295050656,447.00943831559067,418.18909295050656,428.18798828125,210,0.0,0.0
2004-10-20 00:00:00+09:00,415.2480935382417,429.3641760381252,394.0739697884163,394.6621398925781,420,0.0,0.0
2004-10-21 00:00:00+09:00,405.83740937545,428.77604555754067,382.8987731933594,382.8987731933594,1000,0.0,0.0
2004-10-22 00:00:00+09:00,388.1923095703125,411.7191162109375,367.6063537597656,367.6063537597656,3000,0.0,0.0
2004-10-25 00:00:00+09:00,375.84065296610845,388.1922237208632,352.9020215644211,358.7837219238281,15000,0.0,0.0
2004-10-26 00:00:00+09:00,362.90101158012783,362.90101158012783,347.0204162597657,347.0204162597656,13000,0.0,0.0
2004-10-27 00:00:00+09:00,373.4881480868683,373.4881480868683,348.7849949850597,364.0774230957031,13000,0.0,0.0
2004-10-28 00:00:00+09:00,376.42891245039687,407.0137615869916,355.84295630076576,370.5472106933594,2000,0.0,0.0
2004-10-29 00:00:00+09:00,414.6599571328414,414.6599571328414,357.6074523925781,357.6074523925781,1000,0.0,0.0
2004-11-01 00:00:00+09:00,370.54727725532115,399.95579132320375,370.54727725532115,373.4881286621094,1000,0.0,0.0
2004-11-02 00:00:00+09:00,411.1309027194304,418.18894396783264,372.3116758532181,417.0126037597656,2000,0.0,0.0
2004-11-03 00:00:00+09:00,384.0751425024844,467.00714111328125,384.0751425024844,467.00714111328125,1000,0.0,0.0
2004-11-04 00:00:00+09:00,412.3073081323656,467.0071364580575,412.3073081323656,416.42449951171875,540,0.0,0.0
2004-11-05 00:00:00+09:00,452.8911640376398,452.8911640376398,417.0127731203722,450.5384826660156,130,0.0,0.0
2004-11-08 00:00:00+09:00,503.4737766213613,503.4737766213613,417.60091285183006,429.36431884765625,1000,0.0,0.0
2004-11-09 00:00:00+09:00,479.3586790456712,479.3586790456712,414.65996162846403,467.59527587890625,360,0.0,0.0
2004-11-10 00:00:00+09:00,432.3050101444639,499.94456955482224,411.7190572804418,426.4233093261719,3000,0.0,0.0
2004-11-11 00:00:00+09:00,411.71911966110787,437.01043701171875,411.71911966110787,437.01043701171875,40,0.0,0.0
2004-11-12 00:00:00+09:00,412.8955504534996,429.36431884765625,412.30738015370827,429.36431884765625,1000,0.0,0.0
2004-11-15 00:00:00+09:00,388.19244384765625,423.482666015625,388.19244384765625,423.482666015625,1000,0.0,0.0
2004-11-16 00:00:00+09:00,414.0718609720303,429.3642876556565,382.310667090653,425.83526611328125,2000,0.0,0.0
2004-11-17 00:00:00+09:00,412.8955193079106,419.9535623730031,393.48590087890625,393.48590087890625,410,0.0,0.0
2004-11-18 00:00:00+09:00,391.13320896768164,417.01269948584405,391.13320896768164,412.8955078125,80,0.0,0.0
2004-11-19 00:00:00+09:00,402.3085632324219,402.3085632324219,402.3085632324219,402.3085632324219,12000,0.0,0.0
2004-11-22 00:00:00+09:00,411.13106199909697,439.9514082622669,396.4268037015613,398.1913146972656,12000,0.0,0.0
2004-11-23 00:00:00+09:00,394.6622371335001,402.8966206206373,394.6622371335001,397.60308837890625,14000,0.0,0.0
2004-11-24 00:00:00+09:00,399.95576937523117,435.24598432010447,383.48700240095695,397.60308837890625,1000,0.0,0.0
2004-11-25 00:00:00+09:00,404.6610754520007,404.6610754520007,394.66218259926234,400.54388427734375,15000,0.0,0.0
2004-11-26 00:00:00+09:00,394.0740825434797,431.71697998046875,384.07518791177944,431.71697998046875,15000,0.0,0.0
2004-11-29 00:00:00+09:00,397.01488229457544,431.1287536621093,397.01488229457544,431.1287536621094,15000,0.0,0.0
2004-11-30 00:00:00+09:00,430.540605571908,435.245967381437,417.6008605957031,417.6008605957031,18000,0.0,0.0
2004-12-01 00:00:00+09:00,438.1868696021779,441.1277210760181,417.60090928529706,440.53955078125,2000,0.0,0.0
2004-12-02 00:00:00+09:00,440.53948951134316,458.7727661132813,429.95242567795975,458.77276611328125,5000,0.0,0.0
2004-12-03 00:00:00+09:00,461.7136004254534,504.6500244140625,417.60083605359483,504.6500244140625,4000,0.0,0.0
2004-12-06 00:00:00+09:00,476.4179271697998,482.29962997436525,469.9480540847778,470.5362243652344,7000,0.0,0.0
2004-12-07 00:00:00+09:00,477.00598213889384,477.00598213889384,464.65440923517406,465.83074951171875,7000,0.0,0.0
2004-12-08 00:00:00+09:00,470.5361672938998,473.4770183394867,466.4189758300781,466.4189758300781,630,0.0,0.0
2004-12-09 00:00:00+09:00,488.18125188275326,488.18125188275326,465.24261474609375,465.24261474609375,0,0.0,0.0
2004-12-10 00:00:00+09:00,476.41781616210943,476.41781616210943,465.8307535807292,476.4178161621094,40,0.0,0.0
2004-12-13 00:00:00+09:00,465.83086504536294,465.83086504536294,448.1857565209174,455.83197021484375,240,0.0,0.0
2004-12-14 00:00:00+09:00,453.47927856445307,453.47927856445307,453.47927856445307,453.4792785644531,10,0.0,0.0
2004-12-15 00:00:00+09:00,465.24268397468535,465.24268397468535,453.47927856445307,453.4792785644531,0,0.0,0.0
2004-12-16 00:00:00+09:00,452.89111328125,452.89111328125,436.4223455255682,452.89111328125,50000,0.0,0.0
2004-12-17 00:00:00+09:00,452.8911308393087,452.8911308393087,429.36431884765625,429.36431884765625,44000,0.0,0.0
2004-12-20 00:00:00+09:00,424.0707525634765,429.3642848423549,407.0138152204241,411.71917724609375,147000,0.0,0.0
2004-12-21 00:00:00+09:00,412.3073474993024,438.18683864048546,399.9557721819196,411.71917724609375,39000,0.0,0.0
2004-12-22 00:00:00+09:00,404.66108647924267,419.9535112589815,397.0148740893733,402.8965759277344,95000,0.0,0.0
2004-12-23 00:00:00+09:00,419.3653259277344,419.3653259277344,419.3653259277344,419.3653259277344,14000,0.0,0.0
2004-12-24 00:00:00+09:00,414.6600094647474,417.6008605957031,405.83745607188047,417.6008605957031,5000,0.0,0.0
2004-12-27 00:00:00+09:00,417.6008697248932,438.1868280916133,406.4256351829594,412.8955078125,1000,0.0,0.0
2004-12-28 00:00:00+09:00,409.9546664864676,428.18794433593746,409.9546664864676,411.71917724609375,1000,0.0,0.0
2004-12-29 00:00:00+09:00,459.807862546953,459.807862546953,428.1878376153574,428.8465881347656,2000,75.0,0.0
2004-12-30 00:00:00+09:00,409.7429504394531,409.7429504394531,409.7429504394531,409.7429504394531,140,0.0,0.0
2004-12-31 00:00:00+09:00,409.7429504394531,409.7429504394531,409.7429504394531,409.7429504394531,0,0.0,0.0
2005-01-03 00:00:00+09:00,453.22052828881044,453.22052828881044,402.4967191634639,408.42547607421875,2000,0.0,0.0
2005-01-04 00:00:00+09:00,408.42542208158056,418.3066822932317,405.79041935847357,411.0604248046875,2000,0.0,0.0
2005-01-05 00:00:00+09:00,405.7903523700708,436.0928786834203,405.7903523700708,430.16412353515625,1000,0.0,0.0
2005-01-06 00:00:00+09:00,412.3779146339861,459.14921166116346,412.3779146339861,440.7041931152344,5000,0.0,0.0
2005-01-07 00:00:00+09:00,416.3304000289352,444.65667724609375,416.3304000289352,444.65667724609375,810,0.0,0.0
2005-01-10 00:00:00+09:00,428.1878525199835,455.1966247558594,422.25909763893753,455.1966247558594,1000,0.0,0.0
2005-01-11 00:00:00+09:00,453.22041603370945,453.22041603370945,426.8703918457031,426.8703918457031,3000,0.0,0.0
2005-01-12 00:00:00+09:00,428.187875529282,431.48162841796875,426.8703743738073,431.48162841796875,3000,0.0,0.0
2005-01-13 00:00:00+09:00,431.4817621052445,436.093017578125,428.18800819604417,436.093017578125,1000,0.0,0.0
2005-01-14 00:00:00+09:00,432.7991658528646,444.65667724609375,432.7991658528646,444.65667724609375,560,0.0,0.0
2005-01-17 00:00:00+09:00,441.3629240813079,444.65667724609375,441.3629240813079,444.65667724609375,20,0.0,0.0
2005-01-18 00:00:00+09:00,443.9979266131366,444.65667724609375,443.9979266131366,444.65667724609375,20000,0.0,0.0
2005-01-19 00:00:00+09:00,444.65667724609375,444.65667724609375,444.65667724609375,444.65667724609375,0,0.0,0.0
2005-01-20 00:00:00+09:00,443.9979266131366,444.65667724609375,443.9979266131366,444.65667724609375,7000,0.0,0.0
2005-01-21 00:00:00+09:00,444.65661607844436,455.1966247558594,444.65661607844436,455.1966247558594,22000,0.0,0.0
2005-01-24 00:00:00+09:00,455.1966652462225,469.6891784667969,455.1966652462225,469.6891784667969,23000,0.0,0.0
2005-01-25 00:00:00+09:00,467.71289474662694,471.0066475265328,458.4903869628906,458.4903869628906,3000,0.0,0.0
2005-01-26 00:00:00+09:00,461.1254206546393,469.6891784667969,449.2679098378057,469.6891784667969,8000,0.0,0.0
2005-01-27 00:00:00+09:00,464.41913234859743,467.0541345179512,447.95036879013657,455.1966247558594,2000,0.0,0.0
2005-01-28 00:00:00+09:00,455.8554259732238,462.44293212890625,453.8791741265191,462.44293212890625,12000,0.0,0.0
2005-01-31 00:00:00+09:00,467.71301269531256,472.32426775005507,456.51425041950927,467.7130126953125,6000,0.0,0.0
2005-02-01 00:00:00+09:00,471.0067266369542,494.06299996883314,464.4192199707031,464.4192199707031,6000,0.0,0.0
2005-02-02 00:00:00+09:00,486.8167555305395,486.8167555305395,469.0304870605469,469.0304870605469,2000,0.0,0.0
2005-02-03 00:00:00+09:00,480.22918430762957,480.22918430762957,463.10166881791986,468.3716735839844,6000,0.0,0.0
2005-02-04 00:00:00+09:00,483.5229372864199,486.15793966945216,468.37167358398443,468.3716735839844,16000,0.0,0.0
2005-02-07 00:00:00+09:00,480.8878576577115,490.7691150068425,474.95910324823285,484.1816101074219,5000,0.0,0.0
2005-02-08 00:00:00+09:00,484.1816101074218,484.1816101074218,484.1816101074218,484.1816101074219,0,0.0,0.0
2005-02-09 00:00:00+09:00,484.1816101074218,484.1816101074218,484.1816101074218,484.1816101074219,0,0.0,0.0
2005-02-10 00:00:00+09:00,484.1816101074218,484.1816101074218,484.1816101074218,484.1816101074219,0,0.0,0.0
2005-02-11 00:00:00+09:00,467.71296058196185,487.4754800431715,467.71296058196185,482.2054748535156,15000,0.0,0.0
2005-02-14 00:00:00+09:00,488.7929936161748,513.1667682304584,488.7929936161748,498.0155029296875,8000,0.0,0.0
2005-02-15 00:00:00+09:00,513.8255004882812,528.3180146046174,513.8255004882812,513.8255004882812,8000,0.0,0.0
2005-02-16 00:00:00+09:00,527.0005861918132,543.4693545103073,505.9205627441406,505.9205627441406,3000,0.0,0.0
2005-02-17 00:00:00+09:00,523.7068208582261,566.5256175321691,508.5555543428309,559.9381103515625,21000,0.0,0.0
2005-02-18 00:00:00+09:00,530.2942649024878,565.8667994425305,530.2942649024878,535.5642700195312,17000,0.0,0.0
2005-02-21 00:00:00+09:00,564.5493076016676,582.335575169048,519.0955127072509,538.8580322265625,2000,0.0,0.0
2005-02-22 00:00:00+09:00,553.350557493932,579.0418333775789,527.0005309466019,542.810546875,72000,0.0,0.0
2005-02-23 00:00:00+09:00,528.3180147588106,542.8105288793765,527.0005134751228,536.2230224609375,170000,0.0,0.0
2005-02-24 00:00:00+09:00,530.2942282466565,551.3742472577038,520.4129693352281,544.1279907226562,54000,0.0,0.0
2005-02-25 00:00:00+09:00,543.4692399308489,609.3442993164062,543.4692399308489,609.3442993164062,91000,0.0,0.0
2005-02-28 00:00:00+09:00,612.6380429475204,681.8068542480469,599.4630312712296,606.050537109375,89000,0.0,0.0
2005-03-01 00:00:00+09:00,606.050537109375,606.050537109375,606.050537109375,606.050537109375,0,0.0,0.0
2005-03-02 00:00:00+09:00,612.6380695169429,625.1543311522353,592.8755511454286,593.5343017578125,39000,0.0,0.0
2005-03-03 00:00:00+09:00,616.5906119246862,631.0831263075314,597.4868429654812,629.765625,59000,0.0,0.0
2005-03-04 00:00:00+09:00,652.1631397920496,678.5131656422334,632.4006204044117,671.9256591796875,31000,0.0,0.0
2005-03-07 00:00:00+09:00,678.5132184709822,750.9757952008929,658.7506975446429,691.688232421875,94000,0.0,0.0
2005-03-08 00:00:00+09:00,662.0444170016686,685.1006902305825,652.8219077101031,678.51318359375,39000,0.0,0.0
2005-03-09 00:00:00+09:00,625.8132144383022,737.8008422851562,625.8132144383022,737.8008422851562,11000,0.0,0.0
2005-03-10 00:00:00+09:00,724.6257853957842,724.6257853957842,678.5132354160525,698.2757568359375,54000,0.0,0.0
2005-03-11 00:00:00+09:00,698.2756797685053,714.7444458007812,698.2756797685053,714.7444458007812,17000,0.0,0.0
2005-03-14 00:00:00+09:00,718.0382862437856,724.6257934570312,694.9820109974255,724.6257934570312,23000,0.0,0.0
2005-03-15 00:00:00+09:00,704.863255216047,704.863255216047,678.5132269836714,694.9819946289062,26000,0.0,0.0
2005-03-16 00:00:00+09:00,668.6318902558687,691.6881623336573,662.0443839479292,688.3944091796875,9000,0.0,0.0
2005-03-17 00:00:00+09:00,701.5695375295785,701.5695375295785,658.750739464393,685.1007690429688,40000,0.0,0.0
2005-03-18 00:00:00+09:00,691.6882764376127,691.6882764376127,678.5132616483248,685.1007690429688,4000,0.0,0.0
2005-03-21 00:00:00+09:00,678.5131497177781,691.6881623336573,658.7506307939593,688.3944091796875,13000,0.0,0.0
2005-03-22 00:00:00+09:00,671.9257365481955,701.5695190429688,665.3382293271347,701.5695190429688,12000,0.0,0.0
2005-03-23 00:00:00+09:00,698.2757568359375,698.2757568359375,698.2757568359375,698.2757568359375,10000,0.0,0.0
2005-03-24 00:00:00+09:00,665.3382652545798,694.9820493500808,658.7507576778017,668.6320190429688,24000,0.0,0.0
2005-03-25 00:00:00+09:00,708.1569281035063,708.1569281035063,671.9256434098386,688.3944091796875,17000,0.0,0.0
2005-03-28 00:00:00+09:00,701.5693317570099,721.3318481445312,691.6880735632492,721.3318481445312,17000,0.0,0.0
2005-03-29 00:00:00+09:00,718.0382520592731,823.4383624532949,708.1569917098335,757.5632934570312,25000,0.0,0.0
2005-03-30 00:00:00+09:00,790.5007386818911,790.5007386818911,770.7382202148438,770.7382202148438,410,0.0,0.0
2005-03-31 00:00:00+09:00,757.5632934570312,757.5632934570312,711.4507451596468,757.5632934570312,16000,0.0,0.0
2005-04-01 00:00:00+09:00,757.56332952326,836.6134160822089,718.0382862437856,724.6257934570312,105000,0.0,0.0
2005-04-04 00:00:00+09:00,708.1569477868459,830.0258178710938,671.9256620861236,830.0258178710938,49000,0.0,0.0
2005-04-05 00:00:00+09:00,830.0258178710938,830.0258178710938,830.0258178710938,830.0258178710938,0,0.0,0.0
2005-04-06 00:00:00+09:00,757.5632835210756,820.1445982467297,708.156982421875,708.156982421875,132000,0.0,0.0
2005-04-07 00:00:00+09:00,721.3320398504085,724.6257934570312,718.0382862437856,724.6257934570312,3000,0.0,0.0
2005-04-08 00:00:00+09:00,724.6257763903287,724.6257763903287,694.9819946289062,694.9819946289062,0,0.0,0.0
2005-04-11 00:00:00+09:00,731.2133347647531,741.0945960453579,698.2757971627371,737.8008422851562,57000,0.0,0.0
2005-04-12 00:00:00+09:00,737.8008422851562,737.8008422851562,737.8008422851562,737.8008422851562,60,0.0,0.0
2005-04-13 00:00:00+09:00,823.4384400503976,823.4384400503976,718.0383197239468,737.8008422851562,266000,0.0,0.0
2005-04-14 00:00:00+09:00,744.3882710152839,754.26953125,744.3882710152839,754.26953125,2000,0.0,0.0
2005-04-15 00:00:00+09:00,724.6256242718613,764.1506583230538,724.6256242718613,750.9756469726562,40000,0.0,0.0
2005-04-18 00:00:00+09:00,737.8008078835228,737.8008078835228,694.9820109974255,724.6257934570312,11000,0.0,0.0
2005-04-19 00:00:00+09:00,678.5132106615149,757.5632934570312,678.5132106615149,757.5632934570312,7000,0.0,0.0
2005-04-20 00:00:00+09:00,708.1569281035063,737.8007064892345,681.806902871748,688.3944091796875,24000,0.0,0.0
2005-04-21 00:00:00+09:00,668.6318902558687,688.3944091796875,658.7506307939593,688.3944091796875,7000,0.0,0.0
2005-04-22 00:00:00+09:00,718.038165283203,718.038165283203,658.7506103515625,658.7506103515625,8000,0.0,0.0
2005-04-25 00:00:00+09:00,638.988116205955,678.5131543217873,638.988116205955,645.5756225585938,4000,0.0,0.0
2005-04-26 00:00:00+09:00,645.5756010341183,681.806884765625,645.5756010341183,681.806884765625,1000,0.0,0.0
2005-04-27 00:00:00+09:00,678.51318359375,678.51318359375,678.51318359375,678.51318359375,190,0.0,0.0
2005-04-28 00:00:00+09:00,675.2194011454679,675.2194011454679,645.5756225585938,645.5756225585938,0,0.0,0.0
2005-04-29 00:00:00+09:00,671.9257728313578,671.9257728313578,648.8694963126347,668.6320190429688,3000,0.0,0.0
2005-05-02 00:00:00+09:00,678.513220301948,678.513220301948,646.2344360351562,646.2344360351562,0,0.0,0.0
2005-05-03 00:00:00+09:00,632.4005859375,658.7506103515625,632.4005859375,658.7506103515625,6000,0.0,0.0
2005-05-04 00:00:00+09:00,662.0443634033203,662.0443634033203,658.0918597412109,658.7506103515625,4000,0.0,0.0
2005-05-05 00:00:00+09:00,658.7506103515625,658.7506103515625,658.7506103515625,658.7506103515625,0,0.0,0.0
2005-05-06 00:00:00+09:00,681.8069467831067,681.8069467831067,613.9556274414062,613.9556274414062,0,0.0,0.0
2005-05-09 00:00:00+09:00,658.7506103515625,658.7506103515625,658.7506103515625,658.7506103515625,200,0.0,0.0
2005-05-10 00:00:00+09:00,685.1007690429688,685.1007690429688,685.1007690429688,685.1007690429688,10,0.0,0.0
2005-05-11 00:00:00+09:00,608.0268625796419,678.51318359375,608.0268625796419,678.51318359375,1000,0.0,0.0
2005-05-12 00:00:00+09:00,658.7507424895296,658.7507424895296,638.9882202148438,638.9882202148438,0,0.0,0.0
2005-05-13 00:00:00+09:00,704.8632101410801,704.8632101410801,574.4305787317961,678.51318359375,820,0.0,0.0
2005-05-16 00:00:00+09:00,685.100615530303,685.100615530303,645.5755800189394,652.1630859375,2000,0.0,0.0
2005-05-17 00:00:00+09:00,678.51318359375,678.51318359375,678.51318359375,678.51318359375,10,0.0,0.0
2005-05-18 00:00:00+09:00,678.5132616483248,691.6882764376127,599.4631729125977,685.1007690429688,9000,0.0,0.0
2005-05-19 00:00:00+09:00,615.931870543841,691.6881968674151,615.931870543841,678.51318359375,6000,0.0,0.0
2005-05-20 00:00:00+09:00,658.7506103515625,658.7506103515625,658.7506103515625,658.7506103515625,10,0.0,0.0
2005-05-23 00:00:00+09:00,671.9257114955358,691.688232421875,639.6469273158482,691.688232421875,23000,0.0,0.0
2005-05-24 00:00:00+09:00,646.8931849888393,691.688232421875,646.8931849888393,691.688232421875,1000,0.0,0.0
2005-05-25 00:00:00+09:00,629.1068549151319,644.9168701171875,629.1068549151319,644.9168701171875,1000,0.0,0.0
2005-05-26 00:00:00+09:00,645.575667696221,724.6257494549419,645.575667696221,708.156982421875,3000,0.0,0.0
2005-05-27 00:00:00+09:00,675.2193756103516,675.2193756103516,658.7506103515625,658.7506103515625,2000,0.0,0.0
2005-05-30 00:00:00+09:00,658.7506103515625,658.7506103515625,658.7506103515625,658.7506103515625,30000,0.0,0.0
2005-05-31 00:00:00+09:00,665.3382568359375,668.6320105826501,665.3382568359375,665.3382568359375,10000,0.0,0.0
2005-06-01 00:00:00+09:00,701.5695480497758,701.5695480497758,649.5282388517172,665.3382568359375,260,0.0,0.0
2005-06-02 00:00:00+09:00,711.4506591796875,711.4506591796875,658.7506103515625,658.7506103515625,5000,0.0,0.0
2005-06-03 00:00:00+09:00,658.0918597412109,658.7506103515625,658.0918597412109,658.7506103515625,350,0.0,0.0
2005-06-06 00:00:00+09:00,658.7506103515625,658.7506103515625,658.7506103515625,658.7506103515625,0,0.0,0.0
2005-06-07 00:00:00+09:00,658.7506103515625,658.7506103515625,658.7506103515625,658.7506103515625,0,0.0,0.0
2005-06-08 00:00:00+09:00,652.1631042480468,694.9818939208984,652.1631042480468,658.7506103515625,21000,0.0,0.0
2005-06-09 00:00:00+09:00,658.7506307939593,688.3944091796875,658.7506307939593,688.3944091796875,10000,0.0,0.0
2005-06-10 00:00:00+09:00,658.7506444321066,694.9819298758725,648.869384765625,648.869384765625,93000,0.0,0.0
2005-06-13 00:00:00+09:00,658.7506133001208,681.806884765625,658.7506133001208,681.806884765625,2000,0.0,0.0
2005-06-14 00:00:00+09:00,658.7506352638711,698.2756733797033,645.5756225585938,645.5756225585938,77000,0.0,0.0
2005-06-15 00:00:00+09:00,662.0443725585938,714.7444221154967,658.091868841826,662.0443725585938,49000,0.0,0.0
2005-06-16 00:00:00+09:00,662.0443663666214,685.1006378321256,648.2106034873188,681.806884765625,2000,0.0,0.0
2005-06-17 00:00:00+09:00,658.7506160557826,704.8631591796875,658.7506160557826,704.8631591796875,7000,0.0,0.0
2005-06-20 00:00:00+09:00,688.3944091796875,688.3944091796875,688.3944091796875,688.3944091796875,500,0.0,0.0
2005-06-21 00:00:00+09:00,662.0443994858686,671.9256591796875,658.7506462545956,671.9256591796875,15000,0.0,0.0
2005-06-22 00:00:00+09:00,671.9256591796875,671.9256591796875,662.0443994858686,671.9256591796875,920,0.0,0.0
2005-06-23 00:00:00+09:00,668.6319580078125,770.7383161272322,658.7506975446429,691.688232421875,123000,0.0,0.0
2005-06-24 00:00:00+09:00,658.750739464393,685.1007690429688,652.163232069749,685.1007690429688,37000,0.0,0.0
2005-06-27 00:00:00+09:00,662.0443994858686,734.506970573874,662.0443994858686,671.9256591796875,22000,0.0,0.0
2005-06-28 00:00:00+09:00,662.0443994858686,685.1006721047794,662.0443994858686,671.9256591796875,4000,0.0,0.0
2005-06-29 00:00:00+09:00,671.9257542536809,688.3945227402907,665.3382468590369,685.1007690429688,7000,0.0,0.0
2005-06-30 00:00:00+09:00,678.5131656422334,685.1006721047794,665.3381527171415,671.9256591796875,36000,0.0,0.0
2005-07-01 00:00:00+09:00,671.9256769569174,685.1006902305825,671.9256769569174,678.51318359375,2000,0.0,0.0
2005-07-04 00:00:00+09:00,662.0443994858686,688.3944253360523,662.0443994858686,671.9256591796875,9000,0.0,0.0
2005-07-05 00:00:00+09:00,691.688232421875,691.688232421875,675.219464983259,691.688232421875,11000,0.0,0.0
2005-07-06 00:00:00+09:00,694.982011821908,701.5695190429688,678.5132437692562,701.5695190429688,7000,0.0,0.0
2005-07-07 00:00:00+09:00,704.8631591796875,704.8631591796875,704.8631591796875,704.8631591796875,2000,0.0,0.0
2005-07-08 00:00:00+09:00,671.9256255661231,750.9756991621376,671.9256255661231,681.806884765625,1000,0.0,0.0
2005-07-11 00:00:00+09:00,678.5132184709822,704.8632463727679,678.5132184709822,691.688232421875,6000,0.0,0.0
2005-07-12 00:00:00+09:00,694.9819687954215,708.156982421875,694.9819687954215,708.156982421875,10000,0.0,0.0
2005-07-13 00:00:00+09:00,685.1006755303899,767.4445067239465,685.1006755303899,718.0382080078125,9000,0.0,0.0
2005-07-14 00:00:00+09:00,694.98192656205,721.3319522136917,694.98192656205,714.7444458007812,4000,0.0,0.0
2005-07-15 00:00:00+09:00,757.56332952326,757.56332952326,694.9820109974255,724.6257934570312,240,0.0,0.0
2005-07-18 00:00:00+09:00,737.8005999472574,783.913137443961,724.6255892339135,780.619384765625,7000,0.0,0.0
2005-07-19 00:00:00+09:00,820.1444613842253,820.1444613842253,727.919381389212,774.0319213867188,3000,0.0,0.0
2005-07-20 00:00:00+09:00,774.0320077572229,872.8446044921876,770.7382545327241,872.8446044921875,10000,0.0,0.0
2005-07-21 00:00:00+09:00,899.1947472312233,971.657327594179,783.9133693810666,869.5509643554688,18000,0.0,0.0
2005-07-22 00:00:00+09:00,797.0883523692255,856.3759157685894,790.5008453248518,833.3196411132812,5000,0.0,0.0
2005-07-25 00:00:00+09:00,823.4383807918889,889.31345125524,747.6820497590352,810.2633666992188,7000,0.0,0.0
2005-07-26 00:00:00+09:00,793.794537787657,823.4383172071131,724.6257191422594,787.20703125,62000,0.0,0.0
2005-07-27 00:00:00+09:00,793.794537787657,823.4383172071131,774.0320181746862,787.20703125,15000,0.0,0.0
2005-07-28 00:00:00+09:00,787.2071431062659,810.26341926419,783.9133893694196,806.9696655273438,4000,0.0,0.0
2005-07-29 00:00:00+09:00,823.4383544921875,823.4383544921875,777.325806640625,823.4383544921875,3000,0.0,0.0
2005-08-01 00:00:00+09:00,823.4383113800534,862.9633503262959,810.2632983979724,830.0258178710938,7000,0.0,0.0
2005-08-02 00:00:00+09:00,830.0260934829712,849.78861951828,830.0260934829712,843.2011108398438,3000,0.0,0.0
2005-08-03 00:00:00+09:00,849.7882782335907,856.3757842664093,836.6132661679537,853.08203125,2000,0.0,0.0
2005-08-04 00:00:00+09:00,915.663544170673,915.663544170673,823.4384390024038,856.3759765625,8000,0.0,0.0
2005-08-05 00:00:00+09:00,810.2632507324219,882.7258178710937,783.9132263183593,790.500732421875,111000,0.0,0.0
2005-08-08 00:00:00+09:00,783.9133134765625,886.0196694335938,783.9133134765625,823.4383544921875,7000,0.0,0.0
2005-08-09 00:00:00+09:00,813.5570776845894,839.9071044921874,813.5570776845894,839.9071044921875,3000,0.0,0.0
2005-08-10 00:00:00+09:00,965.0697719029018,965.0697719029018,856.3759068080358,899.1947021484375,1000,0.0,0.0
2005-08-11 00:00:00+09:00,889.3133544921875,892.6071076569734,830.0257975260417,889.3133544921875,2000,0.0,0.0
2005-08-12 00:00:00+09:00,843.2007921006946,1001.3009406195747,843.2007921006946,948.6008911132812,33000,0.0,0.0
2005-08-15 00:00:00+09:00,948.6008911132814,948.6008911132814,948.6008911132814,948.6008911132812,0,0.0,0.0
2005-08-16 00:00:00+09:00,961.7760666355942,961.7760666355942,869.5509643554688,869.5509643554688,11000,0.0,0.0
2005-08-17 00:00:00+09:00,912.3697259174129,912.3697259174129,793.794599083381,810.2633666992188,14000,0.0,0.0
2005-08-18 00:00:00+09:00,793.7945321703714,853.0820905897352,793.7945321703714,830.0258178710938,1000,0.0,0.0
2005-08-19 00:00:00+09:00,836.6134028526102,859.6696777343751,833.3196492980724,859.669677734375,2000,0.0,0.0
2005-08-22 00:00:00+09:00,886.0195614140927,886.0195614140927,820.1445010859073,853.08203125,640,0.0,0.0
2005-08-23 00:00:00+09:00,830.0258878382241,843.2009019308942,810.2633666992188,810.2633666992188,4000,0.0,0.0
2005-08-24 00:00:00+09:00,839.9070398131413,902.4883486619636,839.9070398131413,882.725830078125,1000,0.0,0.0
2005-08-25 00:00:00+09:00,902.4884739433669,902.4884739433669,823.4383886344589,859.669677734375,1000,0.0,0.0
2005-08-26 00:00:00+09:00,846.4947103694993,846.4947103694993,803.6759117904975,806.9696655273438,700,0.0,0.0
2005-08-29 00:00:00+09:00,836.6134643554689,836.6134643554689,836.6134643554689,836.6134643554688,10,0.0,0.0
2005-08-30 00:00:00+09:00,823.4384181135791,942.0135503219345,734.5070689573125,777.3258666992188,11000,0.0,0.0
2005-08-31 00:00:00+09:00,777.32589959921,886.019775390625,777.32589959921,886.019775390625,14000,0.0,0.0
2005-09-01 00:00:00+09:00,810.2632983979724,859.6695970807757,810.2632983979724,830.0258178710938,9000,0.0,0.0
2005-09-02 00:00:00+09:00,830.025861328125,830.025861328125,823.4383544921875,823.4383544921875,12000,0.0,0.0
2005-09-05 00:00:00+09:00,843.2006457564576,892.60693359375,843.2006457564576,892.60693359375,1000,0.0,0.0
2005-09-06 00:00:00+09:00,872.8447561188947,872.8447561188947,836.6134643554689,836.6134643554688,0,0.0,0.0
2005-09-07 00:00:00+09:00,866.2571411132812,866.2571411132812,866.2571411132812,866.2571411132812,200,0.0,0.0
2005-09-08 00:00:00+09:00,810.2633735795455,922.2509943181818,810.2633735795455,905.7822265625,2000,0.0,0.0
2005-09-09 00:00:00+09:00,839.9070101006087,889.3133048124091,839.9070101006087,849.7882690429688,730,0.0,0.0
2005-09-12 00:00:00+09:00,849.788337344215,932.1321684822204,823.4383113800534,830.0258178710938,28000,0.0,0.0
2005-09-13 00:00:00+09:00,800.3821580536511,806.9696655273438,800.3821580536511,806.9696655273438,1000,0.0,0.0
2005-09-14 00:00:00+09:00,909.0758548565765,909.0758548565765,813.5570150346898,882.725830078125,90,0.0,0.0
2005-09-15 00:00:00+09:00,826.7321927584135,856.3759765625,826.7321927584135,856.3759765625,3000,0.0,0.0
2005-09-16 00:00:00+09:00,902.4886474609375,902.4886474609375,902.4886474609375,902.4886474609375,10,0.0,0.0
2005-09-19 00:00:00+09:00,902.4886474609375,902.4886474609375,902.4886474609375,902.4886474609375,0,0.0,0.0
2005-09-20 00:00:00+09:00,889.3134672745415,942.0135245945143,889.3134672745415,909.0759887695312,30000,0.0,0.0
2005-09-21 00:00:00+09:00,899.1947021484375,899.1947021484375,899.1947021484375,899.1947021484375,2000,0.0,0.0
2005-09-22 00:00:00+09:00,889.3136715888977,889.3136715888977,843.2011108398438,843.2011108398438,0,0.0,0.0
2005-09-23 00:00:00+09:00,1001.3009620949074,1001.3009620949074,843.2008101851852,889.3133544921875,1000,0.0,0.0
2005-09-26 00:00:00+09:00,882.7259601095449,915.6634959345279,876.1384529445482,909.0759887695312,5000,0.0,0.0
2005-09-27 00:00:00+09:00,859.669660295759,899.1947021484375,859.669660295759,899.1947021484375,2000,0.0,0.0
2005-09-28 00:00:00+09:00,974.9509033203125,974.9509033203125,856.3757934570312,922.2508544921875,4000,0.0,0.0
2005-09-29 00:00:00+09:00,886.0197052556819,912.3697336647728,856.3759232954545,905.7822265625,7000,0.0,0.0
2005-09-30 00:00:00+09:00,922.2508663601346,948.6008911132814,869.5508168538412,948.6008911132812,3000,0.0,0.0
2005-10-03 00:00:00+09:00,948.6008911132814,948.6008911132814,948.6008911132814,948.6008911132812,0,0.0,0.0
2005-10-04 00:00:00+09:00,886.0195992305362,955.1884155273438,856.3758208176185,955.1884155273438,4000,0.0,0.0
2005-10-05 00:00:00+09:00,889.3134829872533,938.7197875976562,889.3134829872533,938.7197875976562,10000,0.0,0.0
2005-10-06 00:00:00+09:00,918.9573364257812,918.9573364257812,918.9573364257812,918.9573364257812,250,0.0,0.0
2005-10-07 00:00:00+09:00,830.0257995825812,912.3696289062499,830.0257995825812,912.36962890625,2000,0.0,0.0
2005-10-10 00:00:00+09:00,938.7198597897766,938.7198597897766,918.9573364257812,918.9573364257812,3000,0.0,0.0
2005-10-11 00:00:00+09:00,882.7259178984937,915.6634521484375,882.7259178984937,915.6634521484375,1000,0.0,0.0
2005-10-12 00:00:00+09:00,915.6633776434537,955.1884155273438,869.5508334455819,955.1884155273438,2000,0.0,0.0
2005-10-13 00:00:00+09:00,942.0134479446917,1047.4135540084335,942.0134479446917,994.7135009765625,1000,0.0,0.0
2005-10-14 00:00:00+09:00,1109.994869570189,1109.994869570189,932.1321901731853,1040.8260498046875,1000,0.0,0.0
2005-10-17 00:00:00+09:00,889.3132940613398,1021.0634117000568,886.0195411203719,998.0071411132812,54000,0.0,0.0
2005-10-18 00:00:00+09:00,955.188397301568,958.4821503957113,915.6633601718479,948.6008911132812,2000,0.0,0.0
2005-10-19 00:00:00+09:00,948.601013869382,948.601013869382,879.4321899414062,879.4321899414062,10000,0.0,0.0
2005-10-20 00:00:00+09:00,902.4884809622073,955.188538244672,869.5509451606669,932.1322631835938,21000,0.0,0.0
2005-10-21 00:00:00+09:00,895.900830078125,928.8383605957031,895.900830078125,922.2508544921875,9000,0.0,0.0
2005-10-24 00:00:00+09:00,951.8946253267446,951.8946253267446,876.1383056640625,876.1383056640625,15000,0.0,0.0
2005-10-25 00:00:00+09:00,899.1944386387223,899.1944386387223,856.3756558464022,892.60693359375,9000,0.0,0.0
2005-10-26 00:00:00+09:00,892.6070674469113,955.1883747586872,853.08203125,853.08203125,18000,0.0,0.0
2005-10-27 00:00:00+09:00,856.3758052996735,882.725830078125,856.3758052996735,882.725830078125,11000,0.0,0.0
2005-10-28 00:00:00+09:00,856.3759765625,856.3759765625,843.2009615384616,856.3759765625,3000,0.0,0.0
2005-10-31 00:00:00+09:00,876.1384716611919,879.4322253140537,843.2009351325758,869.5509643554688,5000,0.0,0.0
2005-11-01 00:00:00+09:00,849.788442438299,869.5509643554688,843.2009351325758,869.5509643554688,18000,0.0,0.0
2005-11-02 00:00:00+09:00,849.7882452811904,882.7257741680583,849.7882452811904,862.9632568359375,30000,0.0,0.0
2005-11-03 00:00:00+09:00,853.0821960911607,869.5509643554688,853.0821960911607,869.5509643554688,2000,0.0,0.0
2005-11-04 00:00:00+09:00,889.3133706146817,889.3133706146817,862.9633448186911,872.8446044921875,1000,0.0,0.0
2005-11-07 00:00:00+09:00,869.5508512676887,876.1383577166864,866.2570980431899,872.8446044921875,890,0.0,0.0
2005-11-08 00:00:00+09:00,899.1947021484375,899.1947021484375,899.1947021484375,899.1947021484375,340,0.0,0.0
2005-11-09 00:00:00+09:00,915.6634959345279,915.6634959345279,872.8446993620499,909.0759887695312,1000,0.0,0.0
2005-11-10 00:00:00+09:00,876.1381709813193,922.2507062961255,869.550665936347,892.60693359375,2000,0.0,0.0
2005-11-11 00:00:00+09:00,872.8445707862057,895.9008424673508,869.5508176888993,882.725830078125,6000,0.0,0.0
2005-11-14 00:00:00+09:00,856.3757874911889,892.6070708081238,856.3757874911889,876.1383056640625,7000,0.0,0.0
2005-11-15 00:00:00+09:00,876.1384716611919,899.1947472312233,869.5509643554688,869.5509643554688,7000,0.0,0.0
2005-11-16 00:00:00+09:00,892.6071238391805,895.9008770636793,856.3758383696935,872.8446044921875,2000,0.0,0.0
2005-11-17 00:00:00+09:00,889.3135141225961,889.3135141225961,856.3759765625,856.3759765625,4000,0.0,0.0
2005-11-18 00:00:00+09:00,876.1386139584284,902.4886474609375,869.5511055828011,902.4886474609375,15000,0.0,0.0
2005-11-21 00:00:00+09:00,922.2508544921875,942.0133728027344,902.4883361816405,922.2508544921875,9000,0.0,0.0
2005-11-22 00:00:00+09:00,918.9571352521434,922.2508884250901,879.4320971767825,912.36962890625,7000,0.0,0.0
2005-11-23 00:00:00+09:00,912.369595336914,922.2508544921875,889.3133239746094,922.2508544921875,3000,0.0,0.0
2005-11-24 00:00:00+09:00,922.2509589984263,981.5385206483251,915.6634521484375,915.6634521484375,5000,0.0,0.0
2005-11-25 00:00:00+09:00,928.8385181695643,945.3072862222161,922.2510109485036,935.426025390625,33000,0.0,0.0
2005-11-28 00:00:00+09:00,1037.5321086402078,1040.8258613660498,935.4257741391081,1017.7695922851562,5000,0.0,0.0
2005-11-29 00:00:00+09:00,942.0135326116858,974.9510687169895,935.4260253906251,935.426025390625,11000,0.0,0.0
2005-11-30 00:00:00+09:00,935.4259466076574,955.1884666064107,922.2509332751551,928.8384399414062,33000,0.0,0.0
2005-12-01 00:00:00+09:00,915.6634521484375,938.7197261233981,912.3696987234431,915.6634521484375,2000,0.0,0.0
2005-12-02 00:00:00+09:00,922.2506859188987,974.9507251142644,922.2506859188987,968.3632202148438,8000,0.0,0.0
2005-12-05 00:00:00+09:00,968.3635525652882,968.3635525652882,909.0759881225154,932.1322631835938,22000,0.0,0.0
2005-12-06 00:00:00+09:00,951.894793443277,988.126083159111,928.8385181695643,935.426025390625,6000,0.0,0.0
2005-12-07 00:00:00+09:00,942.0135143383129,984.8323104445999,942.0135143383129,974.9510498046875,10000,0.0,0.0
2005-12-08 00:00:00+09:00,945.3072862222161,971.6573151064591,935.4260253906251,935.426025390625,51000,0.0,0.0
2005-12-09 00:00:00+09:00,984.8323295485807,984.8323295485807,935.4260253906251,935.426025390625,2000,0.0,0.0
2005-12-12 00:00:00+09:00,961.776063082511,965.0698167232046,938.7197875976562,938.7197875976562,25000,0.0,0.0
2005-12-13 00:00:00+09:00,948.6009706439394,978.2447509765625,948.6009706439394,978.2447509765625,970,0.0,0.0
2005-12-14 00:00:00+09:00,948.6008700877926,984.8321533203125,948.6008700877926,984.8321533203125,1000,0.0,0.0
2005-12-15 00:00:00+09:00,961.7759841251052,981.538504346854,961.7759841251052,978.2447509765625,16000,0.0,0.0
2005-12-16 00:00:00+09:00,974.9509344692889,974.9509344692889,948.6009092133621,955.1884155273438,28000,0.0,0.0
2005-12-19 00:00:00+09:00,951.894662370353,955.1884155273438,938.7196497423896,955.1884155273438,66000,0.0,0.0
2005-12-20 00:00:00+09:00,958.482177734375,981.5384500510095,955.1884245462843,958.482177734375,50000,0.0,0.0
2005-12-21 00:00:00+09:00,961.7759841251052,978.2447509765625,951.8947240142309,978.2447509765625,18000,0.0,0.0
2005-12-22 00:00:00+09:00,958.4821503957113,958.4821503957113,948.6008911132814,948.6008911132812,18000,0.0,0.0
2005-12-23 00:00:00+09:00,942.0135473632812,988.1260986328125,942.0135473632812,988.1260986328125,250,0.0,0.0
2005-12-26 00:00:00+09:00,988.1257349131058,988.1257349131058,935.4256957177402,968.3632202148438,39000,0.0,0.0
2005-12-27 00:00:00+09:00,984.8323278235109,984.8323278235109,955.1885453806628,981.53857421875,380,0.0,0.0
2005-12-28 00:00:00+09:00,995.26611328125,995.26611328125,971.2424484779095,995.26611328125,3000,60.0,0.0
2005-12-29 00:00:00+09:00,981.538445343124,984.9703979492189,871.7159619480891,984.9703979492188,10000,0.0,0.0
2006-01-02 00:00:00+09:00,981.5384521484374,981.5384521484374,981.5384521484374,981.5384521484375,10,0.0,0.0
2006-01-03 00:00:00+09:00,930.0592339744031,974.6746215820314,909.4675166170363,974.6746215820312,15000,0.0,0.0
2006-01-04 00:00:00+09:00,960.9467163085938,967.8106214250837,960.9467163085938,960.9467163085938,8000,0.0,0.0
2006-01-05 00:00:00+09:00,974.6747198070676,974.6747198070676,947.2190938970094,957.5149536132812,3000,0.0,0.0
2006-01-06 00:00:00+09:00,957.5148107650432,967.8106689453124,919.7633307707224,967.8106689453125,12000,0.0,0.0
2006-01-09 00:00:00+09:00,1098.224818638393,1098.224818638393,947.2189060756139,960.9467163085938,2000,0.0,0.0
2006-01-10 00:00:00+09:00,947.2190261994949,1105.0888638994109,947.2190261994949,1019.2900390625,13000,0.0,0.0
2006-01-11 00:00:00+09:00,971.2427665683103,971.2427665683103,940.3551874194949,957.5149536132812,2000,0.0,0.0
2006-01-12 00:00:00+09:00,974.6746215820314,974.6746215820314,974.6746215820314,974.6746215820312,20,0.0,0.0
2006-01-13 00:00:00+09:00,971.2426216720688,971.2426216720688,964.378716218556,967.8106689453125,170,0.0,0.0
2006-01-16 00:00:00+09:00,967.8106689453124,967.8106689453124,967.8106689453124,967.8106689453125,20,0.0,0.0
2006-01-17 00:00:00+09:00,967.8106214250837,967.8106214250837,960.9467163085938,960.9467163085938,1000,0.0,0.0
2006-01-18 00:00:00+09:00,960.9470695996807,960.9470695996807,837.3967320797218,940.3553466796875,18000,0.0,0.0
2006-01-19 00:00:00+09:00,954.0829467773438,954.0829467773438,954.0829467773438,954.0829467773438,10,0.0,0.0
2006-01-20 00:00:00+09:00,967.8107589611905,967.8107589611905,926.6273224096504,954.0829467773438,410,0.0,0.0
2006-01-23 00:00:00+09:00,830.5328056023467,923.195556640625,830.5328056023467,923.195556640625,12000,0.0,0.0
2006-01-24 00:00:00+09:00,899.1715702601842,991.8342893327986,844.2603293282646,960.9467163085938,5000,0.0,0.0
2006-01-25 00:00:00+09:00,837.3965274586396,991.8344116210936,837.3965274586396,991.8344116210938,20,0.0,0.0
2006-01-26 00:00:00+09:00,892.307861328125,960.9469275841346,878.580048076923,892.307861328125,6000,0.0,0.0
2006-01-27 00:00:00+09:00,1019.2900546506155,1019.2900546506155,851.1243553984937,954.0829467773438,6000,0.0,0.0
2006-01-31 00:00:00+09:00,899.171630859375,926.6272531756917,899.171630859375,899.171630859375,3000,0.0,0.0
2006-02-01 00:00:00+09:00,960.9467163085938,1029.5857674734934,933.491095842634,960.9467163085938,44000,0.0,0.0
2006-02-02 00:00:00+09:00,947.2189192821756,1012.4260187979776,940.3550140699859,984.9703979492188,11000,0.0,0.0
2006-02-03 00:00:00+09:00,1094.7929170735677,1094.7929170735677,947.2189501953126,1029.5858154296875,7000,0.0,0.0
2006-02-06 00:00:00+09:00,960.9467230902778,988.4023437500001,960.9467230902778,988.40234375,15000,0.0,0.0
2006-02-07 00:00:00+09:00,1063.9051555765086,1063.9051555765086,964.3785442483836,995.26611328125,6000,0.0,0.0
2006-02-08 00:00:00+09:00,1012.4262695312499,1012.4262695312499,1012.4262695312499,1012.42626953125,10,0.0,0.0
2006-02-09 00:00:00+09:00,1029.5857954998405,1029.5857954998405,978.1065057248486,1008.9940795898438,12000,0.0,0.0
2006-02-10 00:00:00+09:00,988.4021965967466,1012.425861097362,988.4021965967466,1002.1300048828125,3000,0.0,0.0
2006-02-13 00:00:00+09:00,995.2662689831792,1012.4260322415099,988.402363679847,1008.9940795898438,11000,0.0,0.0
2006-02-14 00:00:00+09:00,1015.8578131688785,1015.8578131688785,995.2661007397796,1002.1300048828125,21000,0.0,0.0
2006-02-15 00:00:00+09:00,1022.7217173119114,1022.7217173119114,988.4021965967466,1002.1300048828125,530,0.0,0.0
2006-02-16 00:00:00+09:00,1043.3136263020833,1043.3136263020833,974.6745719401042,1029.5858154296875,4000,0.0,0.0
2006-02-17 00:00:00+09:00,1098.224799177116,1098.224799177116,1002.1301292491183,1094.7928466796875,3000,0.0,0.0
2006-02-20 00:00:00+09:00,1015.8577413676697,1129.1121517228491,1015.8577413676697,1111.952392578125,5000,0.0,0.0
2006-02-21 00:00:00+09:00,1111.9528420706774,1111.9528420706774,1029.585964880257,1101.656982421875,2000,0.0,0.0
2006-02-22 00:00:00+09:00,1132.544193390877,1132.544193390877,1019.2897740517892,1063.9051513671875,16000,0.0,0.0
2006-02-23 00:00:00+09:00,1221.775151334851,1221.775151334851,974.6745589300497,1036.44970703125,2000,0.0,0.0
2006-02-24 00:00:00+09:00,1063.9051513671875,1081.0649118731098,1029.5856303553426,1063.9051513671875,2000,0.0,0.0
2006-02-27 00:00:00+09:00,1115.3846333821614,1115.3846333821614,1002.1301936848959,1029.5858154296875,2000,0.0,0.0
2006-02-28 00:00:00+09:00,1084.4969195890274,1084.4969195890274,1008.9939694910571,1067.337158203125,1000,0.0,0.0
2006-03-02 00:00:00+09:00,1063.9052454213627,1063.9052454213627,1015.8579117571721,1046.7454833984375,4000,0.0,0.0
2006-03-03 00:00:00+09:00,1063.905342610677,1084.4970589192708,1029.5858154296875,1029.5858154296875,3000,0.0,0.0
2006-03-06 00:00:00+09:00,1043.3136263020833,1050.1775317382812,1029.5858154296875,1029.5858154296875,510,0.0,0.0
2006-03-07 00:00:00+09:00,1022.7219848632812,1022.7219848632812,1022.7219848632812,1022.7219848632812,1000,0.0,0.0
2006-03-08 00:00:00+09:00,1063.9054355105839,1063.9054355105839,1015.8580932617189,1015.8580932617188,1000,0.0,0.0
2006-03-09 00:00:00+09:00,1043.3138427734375,1166.8641662597656,1015.8582153320314,1098.22509765625,11000,0.0,0.0
2006-03-10 00:00:00+09:00,1063.9051899157073,1063.9051899157073,1043.3134765625,1043.3134765625,0,0.0,0.0
2006-03-13 00:00:00+09:00,1098.22509765625,1098.22509765625,1098.22509765625,1098.22509765625,10,0.0,0.0
2006-03-14 00:00:00+09:00,1029.5858944163601,1166.864013671875,1029.5858944163601,1166.864013671875,210,0.0,0.0
2006-03-15 00:00:00+09:00,1166.8637956891741,1341.8933650425504,1098.2247488839287,1153.135986328125,39000,0.0,0.0
2006-03-16 00:00:00+09:00,1262.9586751302083,1262.9586751302083,1235.5030517578125,1235.5030517578125,1000,0.0,0.0
2006-03-17 00:00:00+09:00,1214.9112005909171,1214.9112005909171,1211.479248046875,1211.479248046875,1000,0.0,0.0
2006-03-20 00:00:00+09:00,1166.864232772436,1269.8228415464744,1146.2725110176282,1204.61572265625,57000,0.0,0.0
2006-03-21 00:00:00+09:00,1204.6154244559152,1211.4793300083707,1201.1834716796875,1201.1834716796875,42000,0.0,0.0
2006-03-22 00:00:00+09:00,1235.5029994419642,1235.5029994419642,1194.319566127232,1201.1834716796875,20000,0.0,0.0
2006-03-23 00:00:00+09:00,1194.3194144112724,1194.3194144112724,1153.135986328125,1153.135986328125,19000,0.0,0.0
2006-03-24 00:00:00+09:00,1221.7751883370536,1221.7751883370536,1201.1834716796875,1201.1834716796875,14000,0.0,0.0
2006-03-27 00:00:00+09:00,1170.2957089072781,1249.2306100945725,1170.2957089072781,1173.7276611328125,6000,0.0,0.0
2006-03-28 00:00:00+09:00,1166.864013671875,1166.864013671875,1166.864013671875,1166.864013671875,10000,0.0,0.0
2006-03-29 00:00:00+09:00,1201.1833522630775,1262.95849609375,1166.8638279127038,1262.95849609375,112000,0.0,0.0
2006-03-30 00:00:00+09:00,1262.95849609375,1262.95849609375,1262.95849609375,1262.95849609375,37000,0.0,0.0
2006-03-31 00:00:00+09:00,1262.958686350477,1262.958686350477,1208.0474391178475,1259.5267333984375,14000,0.0,0.0
2006-04-03 00:00:00+09:00,1259.5267333984375,1290.4143099667915,1259.5267333984375,1259.5267333984375,42000,0.0,0.0
2006-04-04 00:00:00+09:00,1238.9349472086371,1293.84619140625,1211.4793251098308,1293.84619140625,10000,0.0,0.0
2006-04-05 00:00:00+09:00,1225.2071650578425,1259.5266934908354,1225.2071650578425,1249.2308349609375,7000,0.0,0.0
2006-04-06 00:00:00+09:00,1201.1835225423179,1262.9586751302083,1201.1835225423179,1235.5030517578125,40000,0.0,0.0
2006-04-07 00:00:00+09:00,1235.5030517578125,1420.8285095214844,1214.9113342285157,1235.5030517578125,113000,0.0,0.0
2006-04-10 00:00:00+09:00,1214.9113483109288,1276.6865016148743,1201.1835364656076,1228.63916015625,23000,0.0,0.0
2006-04-11 00:00:00+09:00,1221.77491475768,1221.77491475768,1173.7275866492319,1214.9110107421875,2000,0.0,0.0
2006-04-12 00:00:00+09:00,1201.1832027112023,1256.094434835143,1173.7275866492319,1214.9110107421875,3000,0.0,0.0
2006-04-13 00:00:00+09:00,1245.7989501953125,1249.2309032261535,1235.5030911027893,1245.7989501953125,20000,0.0,0.0
2006-04-14 00:00:00+09:00,1063.9053606305804,1245.7988577706474,1063.9053606305804,1201.1834716796875,44000,0.0,0.0
2006-04-17 00:00:00+09:00,1187.4556605747769,1242.3669049944197,1187.4556605747769,1201.1834716796875,7000,0.0,0.0
2006-04-18 00:00:00+09:00,1201.1836267966592,1338.46175557342,1166.8640946024689,1242.3670654296875,185000,0.0,0.0
2006-04-19 00:00:00+09:00,1355.6214040120444,1355.6214040120444,1235.5030517578125,1235.5030517578125,13000,0.0,0.0
2006-04-20 00:00:00+09:00,1269.8226911850397,1269.8226911850397,1201.1836267966592,1242.3670654296875,710,0.0,0.0
2006-04-21 00:00:00+09:00,1108.5208289616692,1266.3906683803589,1108.5208289616692,1245.7989501953125,1000,0.0,0.0
2006-04-24 00:00:00+09:00,1249.2308634440105,1249.2308634440105,1221.7752400716147,1235.5030517578125,3000,0.0,0.0
2006-04-25 00:00:00+09:00,1290.4144504494864,1290.4144504494864,1252.6629638671875,1252.6629638671875,10000,0.0,0.0
2006-04-26 00:00:00+09:00,1173.7278346011512,1276.6864165837085,1166.8639291356476,1238.9349365234375,5000,0.0,0.0
2006-04-27 00:00:00+09:00,1249.2305501302085,1359.0530160757212,1235.5027418870193,1338.4613037109375,59000,0.0,0.0
2006-04-28 00:00:00+09:00,1249.230843955592,1338.4616185238485,1228.6391267475328,1304.14208984375,3000,0.0,0.0
2006-05-02 00:00:00+09:00,1283.5503331191976,1300.7100969309515,1221.7751833968832,1293.84619140625,2000,0.0,0.0
2006-05-03 00:00:00+09:00,1479.1717277132848,1479.1717277132848,1293.8462676285578,1462.011962890625,5000,0.0,0.0
2006-05-04 00:00:00+09:00,1407.1005859375,1407.1005859375,1407.1005859375,1407.1005859375,10,0.0,0.0
2006-05-08 00:00:00+09:00,1571.834445853222,1571.834445853222,1365.9172695405728,1437.98828125,9000,0.0,0.0
2006-05-09 00:00:00+09:00,1475.7397081292988,1489.4675193677108,1400.2367463180324,1434.5562744140625,14000,0.0,0.0
2006-05-10 00:00:00+09:00,1468.8758025100929,1475.7397081292988,1372.7811238412082,1434.5562744140625,18000,0.0,0.0
2006-05-11 00:00:00+09:00,1420.82856968471,1462.0120064871653,1403.6688043503534,1441.4202880859375,24000,0.0,0.0
2006-05-12 00:00:00+09:00,1407.100558810764,1434.5561794704863,1379.6449381510417,1420.828369140625,47000,0.0,0.0
2006-05-15 00:00:00+09:00,1407.1008536097515,1554.674845573701,1359.0535073889307,1424.2606201171875,15000,0.0,0.0
2006-05-16 00:00:00+09:00,1341.893339214903,1400.2365278764205,1262.958436908144,1359.0531005859375,13000,0.0,0.0
2006-05-17 00:00:00+09:00,1345.3253173828125,1345.3253173828125,1317.8696986607144,1345.3253173828125,6000,0.0,0.0
2006-05-18 00:00:00+09:00,1235.5028424944198,1352.1892220633372,1235.5028424944198,1345.3253173828125,6000,0.0,0.0
2006-05-19 00:00:00+09:00,1252.6625653342908,1335.0294189453125,1252.6625653342908,1335.0294189453125,1000,0.0,0.0
2006-05-22 00:00:00+09:00,1335.0298367260611,1424.2606227283172,1242.3670974160261,1283.550537109375,17000,0.0,0.0
2006-05-23 00:00:00+09:00,1335.0294189453125,1335.0294189453125,1269.8223265032536,1335.0294189453125,1000,0.0,0.0
2006-05-24 00:00:00+09:00,1352.1892757415771,1352.1892757415771,1256.0946063995361,1317.8697509765625,1000,0.0,0.0
2006-05-25 00:00:00+09:00,1259.5268639549215,1300.7103036482704,1132.5445915670955,1283.550537109375,17000,0.0,0.0
2006-05-26 00:00:00+09:00,1359.0535098805146,1359.0535098805146,1283.550537109375,1283.550537109375,3000,0.0,0.0
2006-05-29 00:00:00+09:00,1283.5503895663956,1283.5503895663956,1221.7752371273712,1266.390625,13000,0.0,0.0
2006-05-30 00:00:00+09:00,1187.4557108561198,1238.935004679362,1187.4557108561198,1235.5030517578125,6000,0.0,0.0
2006-05-31 00:00:00+09:00,1235.5030517578125,1235.5030517578125,1235.5030517578125,1235.5030517578125,0,0.0,0.0
2006-06-01 00:00:00+09:00,1187.4557108561198,1235.5030517578125,1180.5918050130208,1235.5030517578125,1000,0.0,0.0
2006-06-02 00:00:00+09:00,1269.8225809733074,1269.8225809733074,1187.4557108561198,1235.5030517578125,3000,0.0,0.0
2006-06-05 00:00:00+09:00,1204.6154754638671,1235.5030517578125,1201.1835225423179,1235.5030517578125,3000,0.0,0.0
2006-06-07 00:00:00+09:00,1208.0472412109375,1221.7750507701526,1118.8164790760386,1208.0472412109375,10000,0.0,0.0
2006-06-08 00:00:00+09:00,1204.6152888211336,1208.0472412109375,1105.0886695168235,1208.0472412109375,1000,0.0,0.0
2006-06-09 00:00:00+09:00,1197.7515802617295,1259.5267333984375,1197.7515802617295,1259.5267333984375,20000,0.0,0.0
2006-06-12 00:00:00+09:00,1235.5030871975807,1283.5504294774867,1235.5030871975807,1276.6865234375,3000,0.0,0.0
2006-06-13 00:00:00+09:00,1228.6390374366272,1290.4141845703125,1228.6390374366272,1290.4141845703125,80,0.0,0.0
2006-06-14 00:00:00+09:00,1228.639181157594,1283.5504294774867,1221.7752751176076,1276.6865234375,590,0.0,0.0
2006-06-15 00:00:00+09:00,1242.3669576009115,1242.3669576009115,1201.1835225423179,1235.5030517578125,1000,0.0,0.0
2006-06-16 00:00:00+09:00,1286.9824904171542,1286.9824904171542,1201.1836577226773,1283.550537109375,2000,0.0,0.0
2006-06-19 00:00:00+09:00,1269.822509765625,1269.822509765625,1269.822509765625,1269.822509765625,20,0.0,0.0
2006-06-20 00:00:00+09:00,1283.550537109375,1283.550537109375,1283.550537109375,1283.550537109375,10,0.0,0.0
2006-06-21 00:00:00+09:00,1304.14208984375,1304.14208984375,1304.14208984375,1304.14208984375,50,0.0,0.0
2006-06-22 00:00:00+09:00,1153.13625,1286.982421875,1153.13625,1286.982421875,520,0.0,0.0
2006-06-23 00:00:00+09:00,1232.0710466657365,1232.0710466657365,1201.1834716796875,1201.1834716796875,0,0.0,0.0
2006-06-26 00:00:00+09:00,1221.7751866077647,1235.502997693245,1166.8639422658425,1232.071044921875,6000,0.0,0.0
2006-06-27 00:00:00+09:00,1297.2779753609989,1297.2779753609989,1201.1833105194435,1221.7750244140625,2000,0.0,0.0
2006-06-28 00:00:00+09:00,1235.5027783890846,1235.5027783890846,1180.5915437940141,1218.343017578125,7000,0.0,0.0
2006-06-29 00:00:00+09:00,1235.5027783890846,1235.5027783890846,1166.8637351452464,1218.343017578125,5000,0.0,0.0
2006-06-30 00:00:00+09:00,1273.2545338948569,1273.2545338948569,1218.3432871500652,1235.5030517578125,11000,0.0,0.0
2006-07-03 00:00:00+09:00,1283.550537109375,1283.550537109375,1283.550537109375,1283.550537109375,10,0.0,0.0
2006-07-04 00:00:00+09:00,1359.0533536585365,1359.0533536585365,1232.0710958672087,1266.390625,610,0.0,0.0
2006-07-05 00:00:00+09:00,1266.3905570365287,1269.822509765625,1256.0946988492399,1269.822509765625,270,0.0,0.0
2006-07-06 00:00:00+09:00,1269.822509765625,1269.822509765625,1269.822509765625,1269.822509765625,10,0.0,0.0
2006-07-07 00:00:00+09:00,1266.3905570365287,1269.822509765625,1266.3905570365287,1269.822509765625,20,0.0,0.0
2006-07-10 00:00:00+09:00,1280.1182582689369,1280.1182582689369,1081.0650170367696,1262.95849609375,7000,0.0,0.0
2006-07-11 00:00:00+09:00,1242.3669576009115,1242.3669576009115,1235.5030517578125,1235.5030517578125,620,0.0,0.0
2006-07-12 00:00:00+09:00,1269.8227304955053,1269.8227304955053,1208.0475706335617,1252.6629638671875,4000,0.0,0.0
2006-07-13 00:00:00+09:00,1259.5267333984375,1259.5267333984375,1259.5267333984375,1259.5267333984375,20,0.0,0.0
2006-07-14 00:00:00+09:00,1201.1834951547478,1249.2308349609375,1187.4556837815505,1249.2308349609375,4000,0.0,0.0
2006-07-18 00:00:00+09:00,1201.1834951547478,1249.2308349609375,1201.1834951547478,1249.2308349609375,110,0.0,0.0
2006-07-19 00:00:00+09:00,1290.4140681286021,1290.4140681286021,1190.887451171875,1190.887451171875,4000,0.0,0.0
2006-07-20 00:00:00+09:00,1256.094616487536,1283.5502365200505,1187.45556640625,1187.45556640625,8000,0.0,0.0
2006-07-21 00:00:00+09:00,1235.502997693245,1235.502997693245,1146.272225637622,1232.071044921875,4000,0.0,0.0
2006-07-24 00:00:00+09:00,1369.3491844764123,1369.3491844764123,1245.7988821176384,1249.2308349609375,40,0.0,0.0
2006-07-25 00:00:00+09:00,1232.071044921875,1232.071044921875,1201.1834699795438,1232.071044921875,15000,0.0,0.0
2006-07-26 00:00:00+09:00,1249.230877924232,1249.230877924232,1173.727912774965,1228.63916015625,11000,0.0,0.0
2006-07-27 00:00:00+09:00,1208.047442388268,1256.0947838468926,1208.047442388268,1228.63916015625,26000,0.0,0.0
2006-07-28 00:00:00+09:00,1345.3254698057433,1345.3254698057433,1228.6390770164696,1269.822509765625,6000,0.0,0.0
2006-07-31 00:00:00+09:00,1214.911345021926,1269.8225922545555,1214.911345021926,1259.5267333984375,1000,0.0,0.0
2006-08-01 00:00:00+09:00,1228.6391041239756,1259.5266793673156,1180.5917648565573,1256.0947265625,1000,0.0,0.0
2006-08-02 00:00:00+09:00,1187.4557108561198,1235.5030517578125,1187.4557108561198,1235.5030517578125,1000,0.0,0.0
2006-08-03 00:00:00+09:00,1359.0531005859375,1359.0531005859375,1359.0531005859375,1359.0531005859375,10,0.0,0.0
2006-08-04 00:00:00+09:00,1235.5027418870193,1352.1891119541267,1235.5027418870193,1338.4613037109375,5000,0.0,0.0
2006-08-07 00:00:00+09:00,1266.3906082956414,1304.14208984375,1232.0710796155427,1304.14208984375,630,0.0,0.0
2006-08-08 00:00:00+09:00,1201.183503803454,1317.8699013157893,1201.183503803454,1304.14208984375,4000,0.0,0.0
2006-08-09 00:00:00+09:00,1262.9586165450928,1297.2781441686006,1262.9586165450928,1293.84619140625,3000,0.0,0.0
2006-08-10 00:00:00+09:00,1238.9349472086371,1293.84619140625,1238.9349472086371,1293.84619140625,4000,0.0,0.0
2006-08-11 00:00:00+09:00,1324.73388671875,1324.73388671875,1324.73388671875,1324.73388671875,10,0.0,0.0
2006-08-14 00:00:00+09:00,1249.2310266016655,1300.7103271484375,1249.2310266016655,1300.7103271484375,4000,0.0,0.0
2006-08-16 00:00:00+09:00,1235.503190800468,1290.414443724933,1235.503190800468,1283.550537109375,290,0.0,0.0
2006-08-17 00:00:00+09:00,1218.3432188291806,1283.5503206820101,1208.0473606418918,1269.822509765625,1000,0.0,0.0
2006-08-18 00:00:00+09:00,1228.63916015625,1228.63916015625,1228.63916015625,1228.63916015625,1000,0.0,0.0
2006-08-21 00:00:00+09:00,1228.6389555497603,1232.070907939564,1201.18333643133,1208.0472412109375,8000,0.0,0.0
2006-08-22 00:00:00+09:00,1245.7989501953125,1245.7989501953125,1245.7989501953125,1245.7989501953125,10,0.0,0.0
2006-08-23 00:00:00+09:00,1201.18333643133,1235.5028603293679,1173.7277173128994,1208.0472412109375,10000,0.0,0.0
2006-08-24 00:00:00+09:00,1256.0947804463983,1262.958686350477,1166.8640036933755,1259.5267333984375,18000,0.0,0.0
2006-08-25 00:00:00+09:00,1170.2956346414858,1218.3429627499338,1170.2956346414858,1214.9110107421875,12000,0.0,0.0
2006-08-28 00:00:00+09:00,1190.8874002805899,1221.774969740317,1187.455448118398,1218.343017578125,9000,0.0,0.0
2006-08-29 00:00:00+09:00,1235.5028603293679,1235.5028603293679,1166.8638125332918,1208.0472412109375,12000,0.0,0.0
2006-08-30 00:00:00+09:00,1235.5030517578125,1235.5030517578125,1235.5030517578125,1235.5030517578125,20,0.0,0.0
2006-08-31 00:00:00+09:00,1197.7515835042773,1235.5030660789107,1187.4557246202864,1228.63916015625,590,0.0,0.0
2006-09-01 00:00:00+09:00,1235.5029014631502,1235.5029014631502,1187.45556640625,1187.45556640625,1000,0.0,0.0
2006-09-04 00:00:00+09:00,1221.77538223048,1221.77538223048,1166.8641290965259,1197.751708984375,8000,0.0,0.0
2006-09-05 00:00:00+09:00,1166.8639439174108,1201.1834716796875,1166.8639439174108,1201.1834716796875,24000,0.0,0.0
2006-09-06 00:00:00+09:00,1204.6154244559152,1204.6154244559152,1201.1834716796875,1201.1834716796875,760,0.0,0.0
2006-09-07 00:00:00+09:00,1214.9110107421875,1214.9110107421875,1214.9110107421875,1214.9110107421875,20,0.0,0.0
2006-09-08 00:00:00+09:00,1214.911226962475,1290.4141845703125,1214.911226962475,1290.4141845703125,15000,0.0,0.0
2006-09-11 00:00:00+09:00,1290.4144504494864,1293.8464037751498,1235.50319723887,1252.6629638671875,7000,0.0,0.0
2006-09-12 00:00:00+09:00,1197.7516077635373,1245.7989501953125,1197.7516077635373,1245.7989501953125,60,0.0,0.0
2006-09-13 00:00:00+09:00,1225.2071411132813,1225.2071411132813,1201.1834716796875,1201.1834716796875,0,0.0,0.0
2006-09-14 00:00:00+09:00,1238.9351505645334,1252.6629638671875,1173.7280373769265,1252.6629638671875,10000,0.0,0.0
2006-09-15 00:00:00+09:00,1242.3669576009115,1252.66281636556,1208.0474283854167,1235.5030517578125,6000,0.0,0.0
2006-09-18 00:00:00+09:00,1242.366968638241,1420.8285221442866,1242.366968638241,1259.5267333984375,44000,0.0,0.0
2006-09-19 00:00:00+09:00,1249.2308745423195,1372.7811808157358,1245.79892159028,1259.5267333984375,73000,0.0,0.0
2006-09-20 00:00:00+09:00,1297.278201219512,1297.278201219512,1235.5030487804877,1266.390625,3000,0.0,0.0
2006-09-21 00:00:00+09:00,1214.9110821533202,1372.7808837890625,1214.9110821533202,1372.7808837890625,820,0.0,0.0
2006-09-22 00:00:00+09:00,1249.2307014465332,1324.7336559295654,1235.5028915405273,1317.8697509765625,1000,0.0,0.0
2006-09-25 00:00:00+09:00,1235.5030487804877,1276.6864837398373,1235.5030487804877,1266.390625,1000,0.0,0.0
2006-09-26 00:00:00+09:00,1235.5028915405273,1317.8697509765625,1235.5028915405273,1317.8697509765625,1000,0.0,0.0
2006-09-27 00:00:00+09:00,1304.1419813368057,1304.1419813368057,1297.278076171875,1297.278076171875,260,0.0,0.0
2006-09-28 00:00:00+09:00,1273.2543533988621,1273.2543533988621,1242.3667814835258,1262.95849609375,1000,0.0,0.0
2006-09-29 00:00:00+09:00,1235.5029426737035,1290.4141845703125,1235.5029426737035,1290.4141845703125,2000,0.0,0.0
2006-10-02 00:00:00+09:00,1283.550537109375,1283.550537109375,1283.550537109375,1283.550537109375,10,0.0,0.0
2006-10-04 00:00:00+09:00,1242.3670974160261,1283.550537109375,1201.1836577226773,1283.550537109375,1000,0.0,0.0
2006-10-09 00:00:00+09:00,1235.5030487804877,1269.822577913279,1166.863990514905,1266.390625,2000,0.0,0.0
2006-10-10 00:00:00+09:00,1262.95849609375,1262.95849609375,1262.95849609375,1262.95849609375,3000,0.0,0.0
2006-10-11 00:00:00+09:00,1283.5502107039742,1283.5502107039742,1262.95849609375,1262.95849609375,39000,0.0,0.0
2006-10-12 00:00:00+09:00,1338.4616185238485,1434.556298828125,1262.9586554276316,1304.14208984375,111000,0.0,0.0
2006-10-13 00:00:00+09:00,1386.5089812464246,1499.763427734375,1304.1421110733695,1499.763427734375,264000,0.0,0.0
2006-10-16 00:00:00+09:00,1599.2899160195157,1722.8402099609375,1530.650863829837,1722.8402099609375,287000,0.0,0.0
2006-10-17 00:00:00+09:00,1963.0771729784988,1980.2369384765625,1647.3374878141249,1980.2369384765625,499000,0.0,0.0
2006-10-18 00:00:00+09:00,1980.237129211426,2275.385124206543,1980.237129211426,2196.4501953125,474000,0.0,0.0
2006-10-19 00:00:00+09:00,2093.491104232681,2162.130156830474,1866.982230659965,1963.076904296875,206000,0.0,0.0
2006-10-20 00:00:00+09:00,1921.8934605387524,1956.2129866198015,1726.2721618767723,1815.5029296875,210000,0.0,0.0
2006-10-23 00:00:00+09:00,1729.7041468336092,2079.7633194070777,1688.5207147661422,2072.8994140625,220000,0.0,0.0
2006-10-24 00:00:00+09:00,2024.8520093645368,2189.5857321602957,1884.1419544764929,1921.8934326171875,60000,0.0,0.0
2006-10-25 00:00:00+09:00,1921.8935727719906,1980.2367705168547,1774.31960200557,1853.2545166015625,28000,0.0,0.0
2006-10-26 00:00:00+09:00,1853.2547889122598,1853.2547889122598,1671.3612633338341,1784.61572265625,54000,0.0,0.0
2006-10-27 00:00:00+09:00,1764.0232729004824,1822.3664550781248,1691.9522831516301,1822.366455078125,30000,0.0,0.0
2006-10-30 00:00:00+09:00,1853.2545957460509,1956.2131843986094,1842.9587368807952,1873.8463134765625,17000,0.0,0.0
2006-10-31 00:00:00+09:00,1873.8461240252836,1873.8461240252836,1791.4792614307657,1815.5029296875,18000,0.0,0.0
2006-11-01 00:00:00+09:00,1815.5031234947014,1815.5031234947014,1722.8403931840078,1781.18359375,15000,0.0,0.0
2006-11-02 00:00:00+09:00,1726.2719345242663,1777.7512168659443,1709.112173743707,1746.8636474609375,30000,0.0,0.0
2006-11-03 00:00:00+09:00,1702.2485068774133,1794.9112280179177,1702.2485068774133,1777.75146484375,17000,0.0,0.0
2006-11-06 00:00:00+09:00,1750.2964481994184,1921.8941391993615,1743.4325405594207,1880.710693359375,37000,0.0,0.0
2006-11-07 00:00:00+09:00,1853.2546875,1915.02984375,1784.6156250000001,1887.57421875,15000,0.0,0.0
2006-11-08 00:00:00+09:00,1860.1187591552737,1918.461967468262,1767.4560165405276,1812.0714111328125,16000,0.0,0.0
2006-11-09 00:00:00+09:00,1812.0712104885056,1880.710271491858,1777.7516799868295,1791.4794921875,14000,0.0,0.0
2006-11-10 00:00:00+09:00,1805.207264571291,1805.207264571291,1726.2723461584778,1781.18359375,8000,0.0,0.0
2006-11-13 00:00:00+09:00,1801.775171849635,1853.25446247391,1760.5917393502145,1849.822509765625,12000,0.0,0.0
2006-11-14 00:00:00+09:00,1866.9824109636872,1901.3019405769903,1805.2072576597416,1842.958740234375,6000,0.0,0.0
2006-11-15 00:00:00+09:00,1815.5033024714544,1873.8465087890625,1750.2961895282453,1784.61572265625,11000,0.0,0.0
2006-11-16 00:00:00+09:00,1757.1597490347492,1836.0946596359195,1709.1124121470802,1777.75146484375,12000,0.0,0.0
2006-11-17 00:00:00+09:00,1794.9114056478807,1805.207264571291,1753.727969954239,1781.18359375,7000,0.0,0.0
2006-11-20 00:00:00+09:00,1794.9108399357049,1839.5262145421373,1784.6149842572975,1822.366455078125,19000,0.0,0.0
2006-11-21 00:00:00+09:00,1839.5273730957847,2079.7641568956074,1836.0954190415016,2055.740478515625,97000,0.0,0.0
2006-11-22 00:00:00+09:00,2055.7396781412763,2059.171630859375,1894.4379003906251,2059.171630859375,29000,0.0,0.0
2006-11-23 00:00:00+09:00,2059.171242909889,2059.171242909889,1949.3487766213614,2004.260009765625,7000,0.0,0.0
2006-11-24 00:00:00+09:00,2031.7163104503327,2031.7163104503327,1757.1600522813687,1805.2073974609375,35000,0.0,0.0
2006-11-27 00:00:00+09:00,1805.2071857755147,1849.8225724962024,1729.7042236328127,1729.7042236328125,15000,0.0,0.0
2006-11-28 00:00:00+09:00,1709.1124121470802,1777.7514648437502,1650.7692173549108,1777.75146484375,28000,0.0,0.0
2006-11-29 00:00:00+09:00,1836.0947946841352,1880.7101822185161,1736.5681609535932,1832.662841796875,15000,0.0,0.0
2006-11-30 00:00:00+09:00,1853.2545448417095,1853.2545448417095,1777.751581903714,1839.5267333984375,22000,0.0,0.0
2006-12-01 00:00:00+09:00,1853.255020765567,1853.255020765567,1740.0005472743378,1846.39111328125,27000,0.0,0.0
2006-12-04 00:00:00+09:00,1853.254852294922,1860.1187591552737,1784.6157836914065,1812.0714111328125,7000,0.0,0.0
2006-12-05 00:00:00+09:00,1812.070977079395,1836.0946453361296,1777.751450998346,1815.5029296875,8000,0.0,0.0
2006-12-06 00:00:00+09:00,1822.366931245527,1822.366931245527,1715.9763947697995,1798.34326171875,9000,0.0,0.0
2006-12-07 00:00:00+09:00,1808.6391200873686,1812.0710728769084,1691.9527252430223,1798.34326171875,15000,0.0,0.0
2006-12-08 00:00:00+09:00,1770.8876925223215,1812.0711272321428,1753.7279280598957,1801.7752685546875,2000,0.0,0.0
2006-12-11 00:00:00+09:00,1801.7755508422854,1812.0714111328127,1750.2962493896484,1812.0714111328125,8000,0.0,0.0
2006-12-12 00:00:00+09:00,1812.070977079395,1815.5029296875,1757.1597353497166,1815.5029296875,1000,0.0,0.0
2006-12-13 00:00:00+09:00,1815.5029296875,1832.6626927280247,1781.1834036064508,1815.5029296875,3000,0.0,0.0
2006-12-14 00:00:00+09:00,1770.8875974750697,1990.5325708053108,1770.8875974750697,1849.822509765625,9000,0.0,0.0
2006-12-15 00:00:00+09:00,1853.2544469406864,1956.21302732628,1853.2544469406864,1918.4615478515625,2000,0.0,0.0
2006-12-18 00:00:00+09:00,1921.8935143626572,1969.9408522217236,1853.2544602782766,1911.59765625,10000,0.0,0.0
2006-12-19 00:00:00+09:00,1915.0296089542192,1921.8935143626572,1853.2544602782766,1911.59765625,9000,0.0,0.0
2006-12-20 00:00:00+09:00,1884.1422222329559,1908.1658935546875,1849.822691773339,1908.1658935546875,6000,0.0,0.0
2006-12-21 00:00:00+09:00,1884.142205272338,1959.6451716038343,1750.2960376846856,1829.23095703125,31000,0.0,0.0
2006-12-22 00:00:00+09:00,1791.4794738655019,1829.23095703125,1743.4321316545497,1829.23095703125,12000,0.0,0.0
2006-12-26 00:00:00+09:00,1825.7989754277235,1901.3019405769903,1558.1066444439596,1842.958740234375,26000,0.0,0.0
2006-12-27 00:00:00+09:00,1870.829744360261,1937.0229755387431,1811.604221726882,1874.3135986328125,2000,40.0,0.0
2006-12-28 00:00:00+09:00,1842.9584179033968,1870.829244639176,1766.3136443800042,1822.0552978515625,9000,0.0,0.0
2007-01-02 00:00:00+09:00,1839.4743445444915,1849.9259033203125,1773.281138964292,1849.9259033203125,2000,0.0,0.0
2007-01-03 00:00:00+09:00,1811.604248046875,1881.2813345102163,1776.7657048152041,1811.604248046875,4000,0.0,0.0
2007-01-04 00:00:00+09:00,1776.7651701626712,1839.474529109589,1741.9266374143835,1780.2490234375,1000,0.0,0.0
2007-01-05 00:00:00+09:00,1780.2492140811753,1801.1523359686255,1693.1528728834662,1748.89453125,6000,0.0,0.0
2007-01-08 00:00:00+09:00,1755.8619470730634,1794.1843308385469,1602.5724120111292,1731.4749755859375,19000,0.0,0.0
2007-01-09 00:00:00+09:00,1734.9591024733934,1734.9591024733934,1606.0565185546875,1606.0565185546875,11000,0.0,0.0
2007-01-10 00:00:00+09:00,1567.7342917702415,1665.2822032581676,1477.1540882457386,1532.895751953125,98000,0.0,0.0
2007-01-11 00:00:00+09:00,1546.8311110276443,1644.3790189302883,1539.8634033203125,1630.443603515625,11000,0.0,0.0
2007-01-12 00:00:00+09:00,1651.346891310452,1658.3145997126057,1647.8630371093752,1647.863037109375,960,0.0,0.0
2007-01-15 00:00:00+09:00,1602.5728012286618,1672.2498795429515,1487.6056220100838,1581.669677734375,9000,0.0,0.0
2007-01-16 00:00:00+09:00,1599.0889473129473,1630.4436325543777,1511.9925994200853,1581.669677734375,11000,0.0,0.0
2007-01-17 00:00:00+09:00,1553.798846408659,1595.6050933972328,1522.4441611672287,1581.669677734375,2000,0.0,0.0
2007-01-18 00:00:00+09:00,1578.1854906486744,1776.7651219223485,1505.0245738636365,1724.50732421875,13000,0.0,0.0
2007-01-19 00:00:00+09:00,1707.0881902976114,1769.7975523901769,1609.5402937091765,1700.1204833984375,2000,0.0,0.0
2007-01-22 00:00:00+09:00,1703.6042218147438,1738.4427539581948,1550.3146803835605,1637.4110107421875,7000,0.0,0.0
2007-01-23 00:00:00+09:00,1644.379102379707,1734.9593071718098,1574.7020217703976,1665.2822265625,1000,0.0,0.0
2007-01-24 00:00:00+09:00,1665.2822265625,1727.9915991108787,1637.4113943187763,1665.2822265625,6000,0.0,0.0
2007-01-25 00:00:00+09:00,1665.2823562305498,1686.185482040975,1665.2823562305498,1679.2177734375,140,0.0,0.0
2007-01-26 00:00:00+09:00,1682.7016277392374,1755.8625680757261,1651.3469390235996,1679.2177734375,230,0.0,0.0
2007-01-29 00:00:00+09:00,1679.2174403346598,1682.7012939453127,1679.2174403346598,1682.7012939453125,440,0.0,0.0
2007-01-30 00:00:00+09:00,1686.1850703983519,1755.862139423077,1550.3147858001375,1585.1533203125,10000,0.0,0.0
2007-01-31 00:00:00+09:00,1588.63720703125,1602.5726211280153,1567.7340858861019,1588.63720703125,1000,0.0,0.0
2007-02-01 00:00:00+09:00,1588.6375806725541,1630.443832795516,1407.4771548063857,1602.572998046875,19000,0.0,0.0
2007-02-02 00:00:00+09:00,1595.6051115225919,1616.5082352543288,1595.6051115225919,1609.54052734375,650,0.0,0.0
2007-02-05 00:00:00+09:00,1609.5403824344758,1619.991943359375,1578.1856996597783,1619.991943359375,390,0.0,0.0
2007-02-06 00:00:00+09:00,1619.991943359375,1619.991943359375,1553.7987241683468,1619.991943359375,570,0.0,0.0
2007-02-07 00:00:00+09:00,1619.992032544366,1619.992032544366,1588.6373480435075,1616.5081787109375,1000,0.0,0.0
2007-02-08 00:00:00+09:00,1546.8313285495922,1602.5729980468748,1543.347474206012,1602.572998046875,11000,0.0,0.0
2007-02-09 00:00:00+09:00,1532.8957282555023,1581.66968324545,1491.0894811212613,1543.3472900390625,6000,0.0,0.0
2007-02-12 00:00:00+09:00,1498.0570266825584,1581.6695118927478,1498.0570266825584,1564.250244140625,840,0.0,0.0
2007-02-13 00:00:00+09:00,1564.2501886541193,1581.6694557883523,1421.412198153409,1571.2178955078125,8000,0.0,0.0
2007-02-14 00:00:00+09:00,1571.2181338355654,1727.991561823593,1532.895740327381,1609.54052734375,1000,0.0,0.0
2007-02-15 00:00:00+09:00,1609.5404996744792,1609.5404996744792,1508.5087367078993,1567.7342529296875,10000,0.0,0.0
2007-02-16 00:00:00+09:00,1599.0888009436542,1599.0888009436542,1543.34714339442,1592.12109375,1000,0.0,0.0
2007-02-20 00:00:00+09:00,1543.34714339442,1630.4434833150983,1543.34714339442,1592.12109375,1000,0.0,0.0
2007-02-21 00:00:00+09:00,1592.1211217244465,1734.9591217041016,1532.8956095377605,1672.249755859375,4000,0.0,0.0
2007-02-22 00:00:00+09:00,1606.0565045382632,1668.765869140625,1574.7018222370825,1668.765869140625,4000,0.0,0.0
2007-02-23 00:00:00+09:00,1668.7660805929656,1668.7660805929656,1616.5082701359834,1665.2822265625,1000,0.0,0.0
2007-02-26 00:00:00+09:00,1665.282074629493,1707.0883191808612,1623.475830078125,1623.475830078125,9000,0.0,0.0
2007-02-27 00:00:00+09:00,1602.572650949243,1707.088258619846,1602.572650949243,1668.765869140625,1000,0.0,0.0
2007-02-28 00:00:00+09:00,1668.7659545149538,1703.6044921875,1588.637317868098,1703.6044921875,3000,0.0,0.0
2007-03-01 00:00:00+09:00,1703.6044921875,1703.6044921875,1703.6044921875,1703.6044921875,0,0.0,0.0
2007-03-05 00:00:00+09:00,1867.345733579132,1867.345733579132,1675.7337646484375,1675.7337646484375,2000,0.0,0.0
2007-03-06 00:00:00+09:00,1700.1209854618196,1776.7657839867377,1700.1209854618196,1727.9918212890625,540,0.0,0.0
2007-03-07 00:00:00+09:00,1741.9272392026842,1741.9272392026842,1613.0246235016855,1727.9918212890625,14000,0.0,0.0
2007-03-08 00:00:00+09:00,1727.9915207705824,1776.765474985881,1672.249858810241,1734.959228515625,1000,0.0,0.0
2007-03-09 00:00:00+09:00,1724.5076384367767,1734.959199881848,1640.8951468762057,1693.1529541015625,9000,0.0,0.0
2007-03-12 00:00:00+09:00,1693.1529011276534,1693.1529011276534,1606.056558477054,1661.7982177734375,3000,0.0,0.0
2007-03-13 00:00:00+09:00,1644.3787290677742,1665.2818485050764,1578.185517516317,1651.346435546875,14000,0.0,0.0
2007-03-14 00:00:00+09:00,1571.2181741522515,1637.411401001238,1508.508801347949,1626.9598388671875,12000,0.0,0.0
2007-03-15 00:00:00+09:00,1623.4761532054226,1741.9272030101101,1578.1860459271597,1658.314697265625,4000,0.0,0.0
2007-03-16 00:00:00+09:00,1613.0242436726887,1714.0559997558594,1532.8956095377605,1672.249755859375,18000,0.0,0.0
2007-03-19 00:00:00+09:00,1623.4758270071738,1672.2497788915095,1602.57270477103,1661.7982177734375,31000,0.0,0.0
2007-03-20 00:00:00+09:00,1679.2174863035575,1679.2174863035575,1661.7982177734377,1661.7982177734375,230,0.0,0.0
2007-03-21 00:00:00+09:00,1630.4433043134973,1658.314130028258,1574.701652883976,1637.4110107421875,6000,0.0,0.0
2007-03-22 00:00:00+09:00,1637.4113112229568,1672.2498497596152,1602.572772686298,1630.443603515625,5000,0.0,0.0
2007-03-23 00:00:00+09:00,1630.4436929118708,1658.3145252693387,1571.2181741522515,1626.9598388671875,4000,0.0,0.0
2007-03-26 00:00:00+09:00,1609.5403681216035,1738.4429517157578,1609.5403681216035,1682.7012939453125,6000,0.0,0.0
2007-03-27 00:00:00+09:00,1686.1852233512268,1811.6039589723925,1595.6050254026072,1703.6044921875,4000,0.0,0.0
2007-03-28 00:00:00+09:00,1700.120505798969,1700.120505798969,1623.4757288981957,1689.6689453125,2000,0.0,0.0
2007-03-29 00:00:00+09:00,1651.346891310452,1679.2177249190672,1616.508349299683,1647.863037109375,4000,0.0,0.0
2007-03-30 00:00:00+09:00,1647.8628545062534,1707.0883693616577,1595.6050472808963,1693.1529541015625,5000,0.0,0.0
2007-04-02 00:00:00+09:00,1693.153352396689,1700.121061665811,1616.5085504363449,1696.63720703125,10000,0.0,0.0
2007-04-03 00:00:00+09:00,1714.0561829890169,1714.0561829890169,1637.4113943187763,1665.2822265625,3000,0.0,0.0
2007-04-04 00:00:00+09:00,1668.7662105322872,1700.1208992479253,1640.8953761183868,1679.2177734375,2000,0.0,0.0
2007-04-05 00:00:00+09:00,1707.0886078514004,1707.0886078514004,1616.508396006224,1679.2177734375,3000,0.0,0.0
2007-04-06 00:00:00+09:00,1679.2177734375,1703.6047535496627,1651.3469390235996,1679.2177734375,2000,0.0,0.0
2007-04-09 00:00:00+09:00,1696.63720703125,1700.121061665811,1651.3470967819558,1696.63720703125,16000,0.0,0.0
2007-04-10 00:00:00+09:00,1707.0883459547545,1714.0560534892638,1658.3143932131902,1703.6044921875,12000,0.0,0.0
2007-04-11 00:00:00+09:00,1707.08816808013,1714.05587488862,1665.2819272291879,1710.572021484375,9000,0.0,0.0
2007-04-12 00:00:00+09:00,1714.056186107879,1964.8936767578125,1707.0884780342699,1964.8936767578125,37000,0.0,0.0
2007-04-13 00:00:00+09:00,2003.2160711626636,2149.537940708458,1804.6363910647995,1964.8936767578125,57000,0.0,0.0
2007-04-16 00:00:00+09:00,2020.6355334170717,2139.0865819277274,1916.1199023782576,1971.861572265625,112000,0.0,0.0
2007-04-17 00:00:00+09:00,1975.3452388682265,2006.6999251994682,1881.2811798745015,1964.8936767578125,12000,0.0,0.0
2007-04-18 00:00:00+09:00,1919.603742264505,1961.4099943646393,1881.2813445060483,1943.99072265625,7000,0.0,0.0
2007-04-19 00:00:00+09:00,1950.9581437895567,1950.9581437895567,1815.087844489927,1926.5711669921875,14000,0.0,0.0
2007-04-20 00:00:00+09:00,1888.2487425873244,1937.0226953478825,1888.2487425873244,1923.0872802734375,2000,0.0,0.0
2007-04-23 00:00:00+09:00,1964.8933778505068,1964.8933778505068,1881.2808936866554,1933.5386962890625,11000,0.0,0.0
2007-04-24 00:00:00+09:00,1933.5386412625487,2017.1511230468752,1933.5386412625487,2017.151123046875,23000,0.0,0.0
2007-04-25 00:00:00+09:00,2069.4093142497477,2069.4093142497477,1895.2166110300718,1940.5067138671875,11000,0.0,0.0
2007-04-26 00:00:00+09:00,1909.151352490071,2090.311699806647,1895.2159411580267,2083.343994140625,43000,0.0,0.0
2007-04-27 00:00:00+09:00,2083.344595038931,2086.828448876789,1968.3774183896255,2069.4091796875,11000,0.0,0.0
2007-04-30 00:00:00+09:00,2062.4411267510777,2086.828099533607,1978.8286486395475,2020.6348876953125,12000,0.0,0.0
2007-05-02 00:00:00+09:00,1940.506549116494,1999.7320631828861,1923.0872802734375,1923.0872802734375,14000,0.0,0.0
2007-05-03 00:00:00+09:00,1937.0228444633756,1964.8936767578125,1937.0228444633756,1964.8936767578125,3000,0.0,0.0
2007-05-04 00:00:00+09:00,1968.3770773145889,2006.6994628906252,1919.6031320359973,2006.699462890625,5000,0.0,0.0
2007-05-07 00:00:00+09:00,1937.0224095837825,2027.6025942046067,1937.0224095837825,2020.6348876953125,60,0.0,0.0
2007-05-08 00:00:00+09:00,2013.6672248441585,2013.6672248441585,1923.087038259473,1999.7318115234375,1000,0.0,0.0
2007-05-09 00:00:00+09:00,1943.9902231402102,1968.377197265625,1930.0548093542589,1968.377197265625,2000,0.0,0.0
2007-05-10 00:00:00+09:00,1919.603756746218,1971.861572265625,1898.7006305384552,1971.861572265625,5000,0.0,0.0
2007-05-11 00:00:00+09:00,1978.8288330917096,2055.4736118382193,1909.1517615039731,2027.602783203125,2000,0.0,0.0
2007-05-14 00:00:00+09:00,2086.828448876789,2086.828448876789,1971.8612722274834,2069.4091796875,4000,0.0,0.0
2007-05-15 00:00:00+09:00,2118.1830593444624,2159.9893039367876,2090.312229616246,2139.086181640625,3000,0.0,0.0
2007-05-16 00:00:00+09:00,2320.246625398335,2449.149215698242,2065.925298590409,2118.18310546875,9000,0.0,0.0
2007-05-17 00:00:00+09:00,2142.5698575106535,2153.021417791193,2048.5058149857955,2146.0537109375,10000,0.0,0.0
2007-05-18 00:00:00+09:00,2146.0538103291597,2229.6662964458806,2062.441324212439,2156.50537109375,7000,0.0,0.0
2007-05-21 00:00:00+09:00,2229.6666666666665,2229.6666666666665,2076.3770833333333,2194.828125,2000,0.0,0.0
2007-05-22 00:00:00+09:00,2194.827704757941,2194.827704757941,2024.1188832767675,2125.150634765625,2000,0.0,0.0
2007-05-23 00:00:00+09:00,2104.247515412415,2104.247515412415,2045.0220058726616,2048.505859375,7000,0.0,0.0
2007-05-25 00:00:00+09:00,2041.5379952324763,2069.408821105957,1891.7323061625164,2006.699462890625,15000,0.0,0.0
2007-05-28 00:00:00+09:00,1916.1195930767385,2051.989891494907,1916.1195930767385,2041.538330078125,10000,0.0,0.0
2007-05-29 00:00:00+09:00,2038.0548168240662,2083.3449238646012,2020.635544885399,2051.990234375,3000,0.0,0.0
2007-05-30 00:00:00+09:00,2090.312236064189,2125.150773331926,1978.8289168074323,2062.44140625,7000,0.0,0.0
2007-05-31 00:00:00+09:00,2062.4412733843537,2062.4412733843537,1957.9256683142007,2048.505859375,1000,0.0,0.0
2007-06-01 00:00:00+09:00,1999.7323553290034,2048.506315215077,1999.7323553290034,2045.0224609375,14000,0.0,0.0
2007-06-04 00:00:00+09:00,2048.50625,2173.925,2045.0223958333333,2090.3125,260,0.0,0.0
2007-06-05 00:00:00+09:00,2062.4416666666666,2153.021875,2020.6354166666667,2090.3125,2000,0.0,0.0
2007-06-07 00:00:00+09:00,2055.473464806321,2086.8281447779427,1982.3125448725366,1999.7318115234375,15000,0.0,0.0
2007-06-08 00:00:00+09:00,1996.2479296391552,2299.3431650293933,1971.8609566767223,2111.215087890625,11000,0.0,0.0
2007-06-11 00:00:00+09:00,2090.311699806647,2149.5371979678353,2055.473171476536,2083.343994140625,2000,0.0,0.0
2007-06-12 00:00:00+09:00,2083.344440473314,2083.344440473314,1961.4095651947755,2027.602783203125,9000,0.0,0.0
2007-06-13 00:00:00+09:00,2020.635235126202,2020.635235126202,1888.248788686899,1992.764404296875,6000,0.0,0.0
2007-06-14 00:00:00+09:00,2006.6998697916665,2006.6998697916665,1842.9587345829716,1881.2811279296875,22000,0.0,0.0
2007-06-15 00:00:00+09:00,1933.5389754901626,2055.473865836389,1902.184289401133,1989.2806396484375,10000,0.0,0.0
2007-06-18 00:00:00+09:00,2051.989438665353,2055.4732917021365,1741.9265183916411,1982.3123779296875,61000,0.0,0.0
2007-06-19 00:00:00+09:00,1923.0874591619317,1968.3775623668323,1898.7004805131392,1916.1197509765625,9000,0.0,0.0
2007-06-20 00:00:00+09:00,1950.9579638231983,1950.9579638231983,1916.119428754927,1933.5386962890625,1000,0.0,0.0
2007-06-21 00:00:00+09:00,1930.0551214802704,1989.2806396484377,1916.1197054407016,1989.2806396484375,4000,0.0,0.0
2007-06-22 00:00:00+09:00,1985.796875,2006.7,1930.0552083333334,1985.796875,2000,0.0,0.0
2007-06-25 00:00:00+09:00,1881.2814202107174,1985.7970546668682,1881.2814202107174,1978.829345703125,320,0.0,0.0
2007-06-26 00:00:00+09:00,1964.8933440390906,1985.7964647203576,1902.18398199529,1930.0548095703125,1000,0.0,0.0
2007-06-27 00:00:00+09:00,1999.7321838053674,1999.7321838053674,1856.8941706764126,1961.4097900390625,2000,0.0,0.0
2007-06-28 00:00:00+09:00,1916.1197757381562,1957.926025390625,1905.668213325039,1957.926025390625,1000,0.0,0.0
2007-06-29 00:00:00+09:00,1957.926025390625,1957.926025390625,1881.2812343610988,1957.926025390625,1000,0.0,0.0
2007-07-02 00:00:00+09:00,1961.4098958333334,1985.796875,1937.0229166666668,1985.796875,5000,0.0,0.0
2007-07-03 00:00:00+09:00,1992.7640499538848,2013.6671693589954,1964.8932240804038,2006.699462890625,3000,0.0,0.0
2007-07-04 00:00:00+09:00,2045.0218484666614,2045.0218484666614,1950.9578111436633,2006.699462890625,14000,0.0,0.0
2007-07-05 00:00:00+09:00,1964.8932782216357,2006.699518183798,1943.9901582405544,1999.7318115234375,2000,0.0,0.0
2007-07-06 00:00:00+09:00,1950.9584460578621,1999.7324072093088,1930.0553198500995,1971.861572265625,1000,0.0,0.0
2007-07-09 00:00:00+09:00,1971.861572265625,2257.5376304383835,1905.6683392743762,1971.861572265625,2000,0.0,0.0
2007-07-10 00:00:00+09:00,2076.3769424909256,2076.3769424909256,1909.1519538339383,1919.603515625,9000,0.0,0.0
2007-07-11 00:00:00+09:00,1961.4096581419806,1961.4096581419806,1909.1518519747874,1947.4742431640625,1000,0.0,0.0
2007-07-12 00:00:00+09:00,1985.796989737467,1985.796989737467,1937.0230285860205,1971.861572265625,11000,0.0,0.0
2007-07-13 00:00:00+09:00,1937.0226819306238,1971.8612193754193,1853.410192063115,1947.4742431640625,12000,0.0,0.0
2007-07-16 00:00:00+09:00,1923.0875966061826,1961.4099943646393,1916.119887922827,1943.99072265625,5000,0.0,0.0
2007-07-18 00:00:00+09:00,1950.9584673713234,1950.9584673713234,1881.281379250919,1895.216796875,23000,0.0,0.0
2007-07-19 00:00:00+09:00,1916.119735416433,1947.4744219959746,1895.2166110300718,1940.5067138671875,43000,0.0,0.0
2007-07-20 00:00:00+09:00,1947.4742431640625,1954.4419506530214,1905.667998230308,1947.4742431640625,11000,0.0,0.0
2007-07-23 00:00:00+09:00,1926.5711206971853,1957.925804397501,1916.1195594637466,1947.4742431640625,1000,0.0,0.0
2007-07-24 00:00:00+09:00,1968.377703047995,1968.377703047995,1923.0875966061826,1943.99072265625,1000,0.0,0.0
2007-07-25 00:00:00+09:00,1912.6358813520394,1947.4744219959746,1912.6358813520394,1940.5067138671875,4000,0.0,0.0
2007-07-26 00:00:00+09:00,1930.0548427822355,1933.5386962890625,1870.8293331661741,1933.5386962890625,7000,0.0,0.0
2007-07-27 00:00:00+09:00,1881.2810350501018,1930.0549878106601,1773.2815682231515,1923.0872802734375,5000,0.0,0.0
2007-07-30 00:00:00+09:00,1804.6363412362557,1905.668105513961,1804.6363412362557,1881.2811279296875,2000,0.0,0.0
2007-07-31 00:00:00+09:00,1881.2809856672932,1905.6679614074249,1811.6039121240601,1853.41015625,32000,0.0,0.0
2007-08-01 00:00:00+09:00,1815.0877457247434,1895.216379413168,1801.152331170235,1825.539306640625,1000,0.0,0.0
2007-08-02 00:00:00+09:00,1769.7976932010135,1874.313305004223,1769.7976932010135,1804.63623046875,12000,0.0,0.0
2007-08-03 00:00:00+09:00,1769.7978040643238,1839.474882964494,1748.8946803942729,1790.700927734375,22000,0.0,0.0
2007-08-06 00:00:00+09:00,1755.8622385458168,1801.1523359686255,1748.89453125,1748.89453125,1000,0.0,0.0
2007-08-07 00:00:00+09:00,1748.8949751853943,1783.7335205078125,1727.9918479919434,1783.7335205078125,8000,0.0,0.0
2007-08-08 00:00:00+09:00,1801.1524057064416,1867.345627579599,1801.1524057064416,1846.4425048828125,14000,0.0,0.0
2007-08-09 00:00:00+09:00,1895.2164273648648,1950.9580869932431,1626.959690403294,1804.63623046875,3000,0.0,0.0
2007-08-10 00:00:00+09:00,1748.8947208235488,1808.1202392578125,1745.410866798004,1808.1202392578125,400,0.0,0.0
2007-08-13 00:00:00+09:00,1808.1202392578125,1808.1202392578125,1808.1202392578125,1808.1202392578125,0,0.0,0.0
2007-08-14 00:00:00+09:00,1776.7654006545608,1815.0877916490708,1776.7654006545608,1804.63623046875,700,0.0,0.0
2007-08-16 00:00:00+09:00,1783.7329110898663,1822.0552978515625,1776.7652044059214,1822.0552978515625,330,0.0,0.0
2007-08-17 00:00:00+09:00,1748.89465733423,1804.6363197193848,1637.4113325639205,1801.1524658203125,250,0.0,0.0
2007-08-20 00:00:00+09:00,1714.056326998197,1811.604248046875,1714.056326998197,1811.604248046875,1000,0.0,0.0
2007-08-21 00:00:00+09:00,1755.862278293919,1804.63623046875,1755.862278293919,1804.63623046875,20,0.0,0.0
2007-08-22 00:00:00+09:00,1818.57197154652,1842.9589520078719,1811.6042628432765,1839.47509765625,2000,0.0,0.0
2007-08-23 00:00:00+09:00,1902.1842515733506,1916.1196673357929,1867.3457121672454,1881.2811279296875,40,0.0,0.0
2007-08-24 00:00:00+09:00,1846.4424951357532,1856.8940564289744,1748.894589732355,1832.507080078125,20000,0.0,0.0
2007-08-27 00:00:00+09:00,1832.5070139178792,1832.5070139178792,1797.6684775316078,1825.539306640625,4000,0.0,0.0
2007-08-28 00:00:00+09:00,1926.571141887161,1926.571141887161,1811.603967054835,1846.4425048828125,1000,0.0,0.0
2007-08-29 00:00:00+09:00,1846.442651042902,2055.473894557193,1752.3785914614712,1835.9910888671875,2000,0.0,0.0
2007-08-30 00:00:00+09:00,1937.022790979456,1937.022790979456,1766.3139478895398,1881.2811279296875,1000,0.0,0.0
2007-08-31 00:00:00+09:00,1804.636085482711,2038.054266423525,1776.7652579076885,1930.0548095703125,9000,0.0,0.0
2007-09-03 00:00:00+09:00,1926.5712291576244,1926.5712291576244,1881.2811279296875,1881.2811279296875,3000,0.0,0.0
2007-09-04 00:00:00+09:00,1923.0873272235576,1923.0873272235576,1849.9263962965745,1902.1842041015625,160,0.0,0.0
2007-09-05 00:00:00+09:00,1923.0872166338127,1926.5710702871347,1822.055460687471,1877.797119140625,1000,0.0,0.0
2007-09-06 00:00:00+09:00,1909.1514821349974,1909.1514821349974,1658.3140611245599,1731.4749755859375,114000,0.0,0.0
2007-09-07 00:00:00+09:00,1727.9916267017327,1797.6687084235766,1717.540064443456,1759.3463134765625,6000,0.0,0.0
2007-09-10 00:00:00+09:00,1790.7007179865761,1790.7007179865761,1734.9590613955543,1755.8621826171875,6000,0.0,0.0
2007-09-11 00:00:00+09:00,1759.345856021149,1759.345856021149,1672.2495265151517,1724.50732421875,15000,0.0,0.0
2007-09-12 00:00:00+09:00,1731.475479561942,1731.475479561942,1707.0885009765625,1707.0885009765625,880,0.0,0.0
2007-09-13 00:00:00+09:00,1721.023917311065,1748.8947499800702,1696.6369387256855,1707.0885009765625,5000,0.0,0.0
2007-09-14 00:00:00+09:00,1741.9271615835335,1811.604248046875,1721.024035644531,1811.604248046875,35000,0.0,0.0
2007-09-17 00:00:00+09:00,1762.8298119205856,1811.6037592859773,1762.8298119205856,1773.2813720703125,8000,0.0,0.0
2007-09-18 00:00:00+09:00,1787.2167299871576,1787.2167299871576,1762.829757063356,1780.2490234375,2000,0.0,0.0
2007-09-19 00:00:00+09:00,1808.120278300544,1808.120278300544,1707.0885093781628,1721.02392578125,4000,0.0,0.0
2007-09-20 00:00:00+09:00,1839.4749915081522,1839.4749915081522,1759.346346044729,1762.8302001953125,340,0.0,0.0
2007-09-21 00:00:00+09:00,1762.8301369257285,1811.6040932833573,1714.0561805680995,1808.1202392578125,21000,0.0,0.0
2007-09-27 00:00:00+09:00,1853.410212448408,1874.3133351451945,1790.7008443580485,1846.4425048828125,12000,0.0,0.0
2007-09-28 00:00:00+09:00,1881.280861314023,2121.6667491485928,1571.217904541897,1930.0548095703125,92000,0.0,0.0
2007-10-01 00:00:00+09:00,2159.9893794718014,2198.3117716882366,1884.7649262810396,2069.4091796875,24000,0.0,0.0
2007-10-02 00:00:00+09:00,2135.6021952644724,2146.0537557633197,2017.151176277536,2125.150634765625,7000,0.0,0.0
2007-10-04 00:00:00+09:00,2111.2150599161787,2111.2150599161787,1950.9578111436633,2006.699462890625,23000,0.0,0.0
2007-10-05 00:00:00+09:00,2006.6994532590052,2065.9249579558855,1961.409361431979,2031.08642578125,9000,0.0,0.0
2007-10-08 00:00:00+09:00,2079.8603146284054,2079.8603146284054,1950.957749065171,2038.0540771484375,22000,0.0,0.0
2007-10-09 00:00:00+09:00,2086.8286289367147,2086.8286289367147,2010.1838378906248,2010.183837890625,31000,0.0,0.0
2007-10-10 00:00:00+09:00,2045.022379275211,2045.022379275211,2010.1838378906248,2010.183837890625,3000,0.0,0.0
2007-10-11 00:00:00+09:00,1985.7968589214145,2017.1515461675422,1950.9583175368282,2010.183837890625,4000,0.0,0.0
2007-10-12 00:00:00+09:00,2010.18362448872,2010.18362448872,1919.603426504826,1923.0872802734375,8000,0.0,0.0
2007-10-15 00:00:00+09:00,1923.0873695553537,1940.5066392071233,1905.6680999035843,1919.603515625,2000,0.0,0.0
2007-10-16 00:00:00+09:00,1874.3133016488953,1937.022668618561,1842.9586181640625,1842.9586181640625,22000,0.0,0.0
2007-10-17 00:00:00+09:00,1752.3784883939302,1930.0550349308894,1752.3784883939302,1902.1842041015625,6000,0.0,0.0
2007-10-18 00:00:00+09:00,1937.022790979456,1937.022790979456,1829.0233188205295,1881.2811279296875,3000,0.0,0.0
2007-10-19 00:00:00+09:00,1923.0869446926893,1950.9577699780905,1794.1843777477081,1888.2484130859375,5000,0.0,0.0
2007-10-22 00:00:00+09:00,1926.5711669921873,1926.5711669921873,1926.5711669921873,1926.5711669921875,10,0.0,0.0
2007-10-23 00:00:00+09:00,1923.087375217014,1923.087375217014,1811.6040491174767,1881.2811279296875,19000,0.0,0.0
2007-10-24 00:00:00+09:00,1930.0549239404568,1930.0549239404568,1727.9914120477736,1877.797119140625,1000,0.0,0.0
2007-10-25 00:00:00+09:00,1846.4427912785457,1846.4427912785457,1780.2495591383713,1811.604248046875,4000,0.0,0.0
2007-10-26 00:00:00+09:00,1811.6039379222973,1811.6039379222973,1762.8299857474663,1804.63623046875,1000,0.0,0.0
2007-10-29 00:00:00+09:00,1776.7658114433289,1971.8616652488708,1741.9272661209106,1783.7335205078125,9000,0.0,0.0
2007-10-30 00:00:00+09:00,1794.1850563787646,1811.6043287707914,1727.9918212890627,1727.9918212890625,2000,0.0,0.0
2007-10-31 00:00:00+09:00,1738.4431163646557,1975.3451843261719,1738.4431163646557,1881.2811279296875,210,0.0,0.0
2007-11-01 00:00:00+09:00,1916.1194793937743,1916.1194793937743,1752.378360245579,1797.66845703125,1000,0.0,0.0
2007-11-02 00:00:00+09:00,1741.9271394023745,1829.0234963724931,1727.9917222871554,1769.7979736328125,3000,0.0,0.0
2007-11-05 00:00:00+09:00,1832.5071750744771,1832.5071750744771,1741.9269725042557,1790.700927734375,1000,0.0,0.0
2007-11-06 00:00:00+09:00,1790.700927734375,1794.1847816793834,1714.0561409441877,1790.700927734375,6000,0.0,0.0
2007-11-07 00:00:00+09:00,1790.7012295722961,1835.9913384914398,1776.7658114433289,1783.7335205078125,2000,0.0,0.0
2007-11-08 00:00:00+09:00,1783.7328282828285,1811.6036537247476,1724.50732421875,1724.50732421875,3000,0.0,0.0
2007-11-09 00:00:00+09:00,1707.0885093781628,1811.6041324013158,1703.6046552773912,1721.02392578125,2000,0.0,0.0
2007-11-12 00:00:00+09:00,1721.023845542648,1804.6363400629384,1463.218654105085,1738.443115234375,2000,0.0,0.0
2007-11-13 00:00:00+09:00,1738.4432851235697,1769.7979736328125,1606.0568225289892,1769.7979736328125,2000,0.0,0.0
2007-11-14 00:00:00+09:00,2003.2162234990922,2003.2162234990922,1644.3792304201245,1679.2177734375,150,0.0,0.0
2007-11-15 00:00:00+09:00,1783.7329322200392,1783.7329322200392,1665.2819171898022,1773.2813720703125,470,0.0,0.0
2007-11-16 00:00:00+09:00,2020.6350941786363,2020.6350941786363,1658.314318670743,1682.7012939453125,460,0.0,0.0
2007-11-19 00:00:00+09:00,1686.1855675481982,1874.313709382088,1682.701713069793,1727.9918212890625,1000,0.0,0.0
2007-11-20 00:00:00+09:00,1616.5082935855264,1790.700997635691,1606.0567313425165,1654.8306884765625,1000,0.0,0.0
2007-11-21 00:00:00+09:00,1755.862450879491,1755.862450879491,1613.024434042072,1745.410888671875,480,0.0,0.0
2007-11-22 00:00:00+09:00,1672.249921875,1741.927001953125,1619.9921118164061,1741.927001953125,2000,0.0,0.0
2007-11-23 00:00:00+09:00,1992.7643236152094,1992.7643236152094,1616.508122652897,1623.475830078125,4000,0.0,0.0
2007-11-26 00:00:00+09:00,1644.3788282050461,1780.2491127389376,1626.9595609571113,1700.1204833984375,1000,0.0,0.0
2007-11-27 00:00:00+09:00,1780.2494168332607,1780.2494168332607,1616.5082767331369,1626.9598388671875,3000,0.0,0.0
2007-11-28 00:00:00+09:00,1759.346185881516,1759.346185881516,1602.5727633772224,1616.5081787109375,3000,0.0,0.0
2007-11-29 00:00:00+09:00,1700.1206617316102,1700.1206617316102,1630.4435854311344,1693.1529541015625,1000,0.0,0.0
2007-11-30 00:00:00+09:00,1741.9268812010664,1741.9268812010664,1606.0565844673831,1613.0242919921875,6000,0.0,0.0
2007-12-03 00:00:00+09:00,1714.05633704144,1714.05633704144,1574.7021632982335,1602.572998046875,6000,0.0,0.0
2007-12-04 00:00:00+09:00,1619.9920892096184,1672.249898538961,1588.637403612013,1609.54052734375,23000,0.0,0.0
2007-12-05 00:00:00+09:00,1665.2821323789399,1668.7659862123685,1616.5081787109375,1616.5081787109375,330,0.0,0.0
2007-12-06 00:00:00+09:00,1668.7659047986906,1672.2497584621535,1609.5403925198227,1633.9273681640625,90,0.0,0.0
2007-12-07 00:00:00+09:00,1633.9273681640625,1682.7013194525418,1557.2825875678805,1633.9273681640625,1000,0.0,0.0
2007-12-10 00:00:00+09:00,1626.959749661959,1630.443603515625,1626.959749661959,1630.443603515625,200,0.0,0.0
2007-12-11 00:00:00+09:00,1630.4437997855393,1630.4437997855393,1592.121402782033,1599.089111328125,5000,0.0,0.0
2007-12-12 00:00:00+09:00,1599.0888009436542,1599.0888009436542,1536.379436200766,1592.12109375,6000,0.0,0.0
2007-12-13 00:00:00+09:00,1630.443651075487,1630.443651075487,1599.0889654778814,1609.54052734375,2000,0.0,0.0
2007-12-14 00:00:00+09:00,1602.5727918836806,1602.5727918836806,1532.8957139756944,1567.7342529296875,35000,0.0,0.0
2007-12-17 00:00:00+09:00,1532.895751953125,1564.2504377885298,1532.895751953125,1532.895751953125,20000,0.0,0.0
2007-12-18 00:00:00+09:00,1532.8956956129807,1630.443603515625,1532.8956956129807,1630.443603515625,10000,0.0,0.0
2007-12-20 00:00:00+09:00,1602.5729980468748,1602.5729980468748,1602.5729980468748,1602.572998046875,10,0.0,0.0
2007-12-21 00:00:00+09:00,1571.2181249893388,1595.6051025390625,1508.5087541471921,1595.6051025390625,830,0.0,0.0
2007-12-24 00:00:00+09:00,1623.475509712599,1623.475509712599,1515.4760659334347,1539.863037109375,1000,0.0,0.0
2007-12-26 00:00:00+09:00,1585.153416875583,1633.9273681640625,1539.8633192505663,1633.9273681640625,4000,0.0,0.0
2007-12-27 00:00:00+09:00,1665.965361328125,1665.965361328125,1601.8897705078125,1601.8897705078125,0,50.0,0.0
2007-12-28 00:00:00+09:00,1665.9652099609375,1665.9652099609375,1665.9652099609375,1665.9652099609375,1890,0.0,0.0
2008-01-02 00:00:00+09:00,1669.524967308208,1669.524967308208,1658.845703125,1658.845703125,140,0.0,0.0
2008-01-03 00:00:00+09:00,1658.8458512369791,1658.8458512369791,1601.8897705078125,1601.8897705078125,0,0.0,0.0
2008-01-04 00:00:00+09:00,1594.7703634510872,1637.4874267578127,1594.7703634510872,1637.4874267578125,540,0.0,0.0
2008-01-07 00:00:00+09:00,1637.4874267578127,1637.4874267578127,1637.4874267578127,1637.4874267578125,1130,0.0,0.0
2008-01-08 00:00:00+09:00,1655.2859483972638,1658.845703125,1655.2859483972638,1658.845703125,20,0.0,0.0
2008-01-09 00:00:00+09:00,1623.2480384563578,1651.72607421875,1623.2480384563578,1651.72607421875,510,0.0,0.0
2008-01-10 00:00:00+09:00,1662.4052752751174,1662.4052752751174,1612.5687145602317,1655.2857666015625,7740,0.0,0.0
2008-01-11 00:00:00+09:00,1658.8457685103942,1658.8457685103942,1623.2482198299135,1648.16650390625,3930,0.0,0.0
2008-01-14 00:00:00+09:00,1651.726198931277,1658.845708409429,1644.606689453125,1644.606689453125,1510,0.0,0.0
2008-01-15 00:00:00+09:00,1651.7264478600546,1651.7264478600546,1630.3679162066917,1637.4874267578125,4410,0.0,0.0
2008-01-16 00:00:00+09:00,1584.090995279948,1626.808055826823,1391.8642228190104,1601.8897705078125,6580,0.0,0.0
2008-01-17 00:00:00+09:00,1445.260548502604,1601.8897705078125,1445.260548502604,1601.8897705078125,2570,0.0,0.0
2008-01-18 00:00:00+09:00,1498.656995559487,1633.9276982465667,1498.656995559487,1587.65087890625,1200,0.0,0.0
2008-01-21 00:00:00+09:00,1498.65658255479,1626.8077392578125,1498.65658255479,1626.8077392578125,5530,0.0,0.0
2008-01-22 00:00:00+09:00,1537.8141796875,1605.4495255533855,1534.254424641927,1601.8897705078125,5950,0.0,0.0
2008-01-23 00:00:00+09:00,1601.88939947831,1623.2479248046875,1541.3735777202405,1623.2479248046875,1720,0.0,0.0
2008-01-24 00:00:00+09:00,1544.9337158203125,1544.9337158203125,1544.9337158203125,1544.9337158203125,10,0.0,0.0
2008-01-25 00:00:00+09:00,1637.4874267578127,1637.4874267578127,1637.4874267578127,1637.4874267578125,60,0.0,0.0
2008-01-28 00:00:00+09:00,1715.8017025353774,1715.8017025353774,1698.0029296875,1698.0029296875,40,0.0,0.0
2008-01-29 00:00:00+09:00,1715.8020428201428,1715.8020428201428,1619.6886503800104,1637.4874267578125,3620,0.0,0.0
2008-01-30 00:00:00+09:00,1811.9151396811258,1811.9151396811258,1573.41157512585,1701.562744140625,70,0.0,0.0
2008-01-31 00:00:00+09:00,1698.003120551675,1701.562875521385,1680.204345703125,1680.204345703125,1070,0.0,0.0
2008-02-01 00:00:00+09:00,1712.242040692972,1712.242040692972,1576.971359723465,1616.128662109375,1270,0.0,0.0
2008-02-04 00:00:00+09:00,1662.405517578125,1665.9652724337525,1662.405517578125,1662.405517578125,230,0.0,0.0
2008-02-05 00:00:00+09:00,1648.1664981556141,1662.405517578125,1648.1664981556141,1662.405517578125,300,0.0,0.0
2008-02-11 00:00:00+09:00,1705.1224365234375,1705.1224365234375,1705.1224365234375,1705.1224365234375,10,0.0,0.0
2008-02-12 00:00:00+09:00,1509.3361272686955,1701.5628981944255,1509.3361272686955,1630.3677978515625,2020,0.0,0.0
2008-02-13 00:00:00+09:00,1669.5251030401373,1673.0848580572804,1594.770247680131,1630.3677978515625,290,0.0,0.0
2008-02-14 00:00:00+09:00,1733.6008859272877,1733.6008859272877,1633.927734375,1633.927734375,50,0.0,0.0
2008-02-15 00:00:00+09:00,1698.0032664423404,1698.0032664423404,1544.9337895932406,1637.4874267578125,1030,0.0,0.0
2008-02-18 00:00:00+09:00,1683.7642822265625,1683.7642822265625,1683.7642822265625,1683.7642822265625,10,0.0,0.0
2008-02-19 00:00:00+09:00,1847.5125585628462,1847.5125585628462,1612.56876498838,1687.3236083984375,150,0.0,0.0
2008-02-20 00:00:00+09:00,1687.3238781258528,1808.35554870872,1623.2482878172762,1630.3677978515625,1230,0.0,0.0
2008-02-21 00:00:00+09:00,1765.6381452361995,1765.6381452361995,1612.5687092580613,1676.644287109375,2090,0.0,0.0
2008-02-22 00:00:00+09:00,1673.0847525381828,1673.0847525381828,1580.5311279296875,1580.5311279296875,0,0.0,0.0
2008-02-25 00:00:00+09:00,1762.078327584774,1762.078327584774,1619.6881596991357,1673.08447265625,2900,0.0,0.0
2008-02-26 00:00:00+09:00,1669.524797325388,1669.524797325388,1605.44921875,1605.44921875,0,0.0,0.0
2008-02-27 00:00:00+09:00,1641.047182033373,1644.6069373089335,1637.4874267578127,1637.4874267578125,2010,0.0,0.0
2008-02-28 00:00:00+09:00,1637.4869306848404,1673.08447265625,1637.4869306848404,1673.08447265625,1600,0.0,0.0
2008-02-29 00:00:00+09:00,1644.6069733375728,1683.7642822265625,1644.6069733375728,1683.7642822265625,680,0.0,0.0
2008-03-03 00:00:00+09:00,1680.2044330379829,1801.2361082991936,1680.2044330379829,1751.3995361328125,130,0.0,0.0
2008-03-04 00:00:00+09:00,1740.7197883480885,1740.7197883480885,1662.4051966432667,1737.1600341796875,40,0.0,0.0
2008-03-05 00:00:00+09:00,1979.2234068913247,1979.2234068913247,1908.0283203125,1908.0283203125,20,0.0,0.0
2008-03-06 00:00:00+09:00,2114.494376690935,2114.494376690935,1801.2359505145,1829.7139892578125,170,0.0,0.0
2008-03-07 00:00:00+09:00,1623.2482661877648,1797.6762597035554,1623.2482661877648,1680.204345703125,40,0.0,0.0
2008-03-10 00:00:00+09:00,1776.3175671435743,1776.3175671435743,1772.7578125,1772.7578125,20,0.0,0.0
2008-03-11 00:00:00+09:00,1655.285964495285,1655.285964495285,1616.128662109375,1616.128662109375,850,0.0,0.0
2008-03-12 00:00:00+09:00,1747.8395883165267,1747.8395883165267,1601.8896430599532,1616.128662109375,5930,0.0,0.0
2008-03-13 00:00:00+09:00,1616.128662109375,1616.128662109375,1616.128662109375,1616.128662109375,210,0.0,0.0
2008-03-14 00:00:00+09:00,1594.7701416015625,1594.7701416015625,1594.7701416015625,1594.7701416015625,20,0.0,0.0
2008-03-17 00:00:00+09:00,1655.285890449598,1655.285890449598,1423.901841246966,1466.618896484375,6030,0.0,0.0
2008-03-18 00:00:00+09:00,1406.103236063493,1484.4178466796875,1406.103236063493,1484.4178466796875,14580,0.0,0.0
2008-03-19 00:00:00+09:00,1505.7765646714429,1505.7765646714429,1402.5436559823843,1480.8582763671875,13320,0.0,0.0
2008-03-20 00:00:00+09:00,1491.5373599868224,1491.5373599868224,1473.738584807982,1477.29833984375,14160,0.0,0.0
2008-03-21 00:00:00+09:00,1413.2225751646474,1477.2981579177044,1413.2225751646474,1473.7384033203125,1530,0.0,0.0
2008-03-24 00:00:00+09:00,1441.7006652395025,1512.8957598192312,1441.7006652395025,1491.5372314453125,80,0.0,0.0
2008-03-25 00:00:00+09:00,1687.323741539566,1687.323741539566,1391.8640990336926,1491.5372314453125,240,0.0,0.0
2008-03-26 00:00:00+09:00,1594.7701822916667,1633.927485874721,1495.0970458984375,1495.0970458984375,900,0.0,0.0
2008-03-27 00:00:00+09:00,1544.9336140950522,1544.9336140950522,1459.49949718657,1495.0970458984375,790,0.0,0.0
2008-03-28 00:00:00+09:00,1559.1726335797991,1559.1726335797991,1491.5372910272508,1495.0970458984375,720,0.0,0.0
2008-03-31 00:00:00+09:00,1491.537389236661,1544.9337158203125,1484.4178790255075,1544.9337158203125,700,0.0,0.0
2008-04-01 00:00:00+09:00,1544.9337158203125,1544.9337158203125,1544.9337158203125,1544.9337158203125,0,0.0,0.0
2008-04-02 00:00:00+09:00,1537.8143639197715,1537.8143639197715,1452.3802325908953,1480.8582763671875,760,0.0,0.0
2008-04-03 00:00:00+09:00,1423.9019745024875,1544.9336423351988,1366.945895522388,1431.021484375,950,0.0,0.0
2008-04-04 00:00:00+09:00,1423.902014307229,1477.29833984375,1423.902014307229,1477.29833984375,920,0.0,0.0
2008-04-07 00:00:00+09:00,1470.1786979512965,1505.7762451171875,1452.379924368351,1505.7762451171875,3150,0.0,0.0
2008-04-08 00:00:00+09:00,1473.738479349217,1491.5372532544006,1423.9019124147023,1434.5811767578125,2630,0.0,0.0
2008-04-10 00:00:00+09:00,1420.3419174232388,1427.46142578125,1420.3419174232388,1427.46142578125,20,0.0,0.0
2008-04-11 00:00:00+09:00,1466.6189782745594,1466.6189782745594,1413.22265625,1413.22265625,20,0.0,0.0
2008-04-14 00:00:00+09:00,1342.0273889841767,1459.499282449635,1342.0273889841767,1402.543212890625,1680,0.0,0.0
2008-04-15 00:00:00+09:00,1196.0774041458853,1434.5809341392612,1196.0774041458853,1427.46142578125,2030,0.0,0.0
2008-04-16 00:00:00+09:00,1566.292297663947,1566.292297663947,1423.9020887854062,1445.2606201171875,6040,0.0,0.0
2008-04-17 00:00:00+09:00,1431.021484375,1431.021484375,1431.021484375,1431.021484375,10,0.0,0.0
2008-04-18 00:00:00+09:00,1438.14111328125,1438.14111328125,1438.14111328125,1438.14111328125,10,0.0,0.0
2008-04-21 00:00:00+09:00,1559.1725882265434,1559.1725882265434,1431.021416591485,1448.8201904296875,240,0.0,0.0
2008-04-22 00:00:00+09:00,1491.537001003351,1505.7760177193734,1423.9016716022443,1427.46142578125,1470,0.0,0.0
2008-04-23 00:00:00+09:00,1431.0216028194616,1438.14111328125,1395.42405051052,1438.14111328125,510,0.0,0.0
2008-04-24 00:00:00+09:00,1477.29839562229,1487.9776611328125,1477.29839562229,1487.9776611328125,110,0.0,0.0
2008-04-25 00:00:00+09:00,1484.4177960651675,1484.4177960651675,1452.3800019054877,1459.49951171875,470,0.0,0.0
2008-04-28 00:00:00+09:00,1466.618896484375,1466.618896484375,1466.618896484375,1466.618896484375,200,0.0,0.0
2008-04-29 00:00:00+09:00,1662.4057433934245,1662.4057433934245,1434.5814016864028,1470.178955078125,50,0.0,0.0
2008-04-30 00:00:00+09:00,1473.7384056906099,1473.7384056906099,1427.4615958500833,1466.618896484375,40,0.0,0.0
2008-05-01 00:00:00+09:00,1466.618896484375,1466.618896484375,1466.618896484375,1466.618896484375,0,0.0,0.0
2008-05-02 00:00:00+09:00,1470.179009951078,1591.210696000319,1423.9021888146033,1480.8582763671875,290,0.0,0.0
2008-05-05 00:00:00+09:00,1480.8582763671875,1480.8582763671875,1480.8582763671875,1480.8582763671875,0,0.0,0.0
2008-05-06 00:00:00+09:00,1459.49951171875,1470.1787764386431,1423.901962652439,1459.49951171875,9170,0.0,0.0
2008-05-07 00:00:00+09:00,1473.7384033203125,1473.7384033203125,1473.7384033203125,1473.7384033203125,20,0.0,0.0
2008-05-08 00:00:00+09:00,1495.0970181551847,1566.2921142578125,1495.0970181551847,1566.2921142578125,20,0.0,0.0
2008-05-09 00:00:00+09:00,1530.6942969724128,1530.6942969724128,1427.46142578125,1427.46142578125,0,0.0,0.0
2008-05-12 00:00:00+09:00,1427.46142578125,1427.46142578125,1427.46142578125,1427.46142578125,0,0.0,0.0
2008-05-13 00:00:00+09:00,1527.134542793407,1527.134542793407,1427.46142578125,1427.46142578125,0,0.0,0.0
2008-05-14 00:00:00+09:00,1530.694580078125,1530.694580078125,1523.575070403343,1530.694580078125,2980,0.0,0.0
2008-05-15 00:00:00+09:00,1530.694594610305,1530.694594610305,1495.0970458984375,1495.0970458984375,52030,0.0,0.0
2008-05-16 00:00:00+09:00,1694.4430249357877,1694.4430249357877,1480.857769691781,1559.17236328125,40,0.0,0.0
2008-05-19 00:00:00+09:00,1555.6126708984375,1555.6126708984375,1555.6126708984375,1555.6126708984375,200,0.0,0.0
2008-05-20 00:00:00+09:00,1537.814233515251,1537.814233515251,1487.9776611328125,1487.9776611328125,0,0.0,0.0
2008-05-21 00:00:00+09:00,1498.656926643335,1498.656926643335,1309.9899026241028,1487.9776611328125,1410,0.0,0.0
2008-05-22 00:00:00+09:00,1441.7006782214623,1509.3360186812347,1438.1409234604216,1455.939697265625,200,0.0,0.0
2008-05-23 00:00:00+09:00,1448.8201904296875,1502.2165119442952,1448.8201904296875,1448.8201904296875,30,0.0,0.0
2008-05-26 00:00:00+09:00,1448.8201281977633,1459.499392041973,1448.8201281977633,1452.3798828125,430,0.0,0.0
2008-05-27 00:00:00+09:00,1448.820259056281,1448.820259056281,1431.021484375,1431.021484375,850,0.0,0.0
2008-05-28 00:00:00+09:00,1548.4931350708007,1548.4931350708007,1245.9140167236328,1423.9017333984375,4370,0.0,0.0
2008-05-29 00:00:00+09:00,1423.9018866356382,1505.7762451171875,1423.9018866356382,1505.7762451171875,40,0.0,0.0
2008-05-30 00:00:00+09:00,1487.9776611328125,1487.9776611328125,1413.2228025591544,1487.9776611328125,90,0.0,0.0
2008-06-02 00:00:00+09:00,1484.4178084188432,1487.9775633550994,1274.3922671797263,1431.021484375,1590,0.0,0.0
2008-06-03 00:00:00+09:00,1423.9017333984375,1423.9017333984375,1423.9017333984375,1423.9017333984375,50,0.0,0.0
2008-06-04 00:00:00+09:00,1423.9019124147023,1480.8579889112905,1423.9019124147023,1434.5811767578125,24280,0.0,0.0
2008-06-05 00:00:00+09:00,1477.298420821086,1477.298420821086,1434.581358050356,1438.14111328125,101070,0.0,0.0
2008-06-06 00:00:00+09:00,1438.14111328125,1438.14111328125,1438.14111328125,1438.14111328125,0,0.0,0.0
2008-06-09 00:00:00+09:00,1466.6189754170582,1466.6189754170582,1420.3421630859375,1420.3421630859375,20,0.0,0.0
2008-06-10 00:00:00+09:00,1434.5811483226105,1626.8079026884193,1356.2665446920957,1512.895751953125,5630,0.0,0.0
2008-06-11 00:00:00+09:00,1512.8960756155159,1512.8960756155159,1480.8582763671875,1480.8582763671875,120,0.0,0.0
2008-06-12 00:00:00+09:00,1601.8896920340403,1601.8896920340403,1395.4239095052083,1495.0970458984375,30,0.0,0.0
2008-06-13 00:00:00+09:00,1598.3298439492985,1601.8895986128828,1370.5055454799108,1569.851806640625,3780,0.0,0.0
2008-06-16 00:00:00+09:00,1594.7702560240964,1594.7702560240964,1445.2605445218373,1477.29833984375,300,0.0,0.0
2008-06-17 00:00:00+09:00,1445.2605041200247,1459.4995238650497,1431.021484375,1431.021484375,520,0.0,0.0
2008-06-18 00:00:00+09:00,1562.732152404785,1562.732152404785,1423.9017333984375,1423.9017333984375,1770,0.0,0.0
2008-06-19 00:00:00+09:00,1473.7383651151001,1473.7383651151001,1398.9835205078125,1398.9835205078125,30,0.0,0.0
2008-06-20 00:00:00+09:00,1477.2979842873285,1477.2979842873285,1416.782163244233,1427.46142578125,40,0.0,0.0
2008-06-23 00:00:00+09:00,1438.14111328125,1438.14111328125,1395.42405051052,1438.14111328125,112850,0.0,0.0
2008-06-24 00:00:00+09:00,1459.49951171875,1459.49951171875,1459.49951171875,1459.49951171875,10,0.0,0.0
2008-06-25 00:00:00+09:00,1423.901962652439,1459.49951171875,1423.901962652439,1459.49951171875,10020,0.0,0.0
2008-06-26 00:00:00+09:00,1459.4996410050414,1459.4996410050414,1445.2606201171875,1445.2606201171875,3110,0.0,0.0
2008-06-27 00:00:00+09:00,1523.5751000381097,1527.1348549447407,1420.3422077458079,1459.49951171875,80,0.0,0.0
2008-06-30 00:00:00+09:00,1441.7008439205479,1487.9776611328125,1374.0654956872384,1487.9776611328125,5660,0.0,0.0
2008-07-01 00:00:00+09:00,1431.021521259555,1484.4178466796875,1431.021521259555,1484.4178466796875,210,0.0,0.0
2008-07-02 00:00:00+09:00,1484.4180318392239,1484.4180318392239,1480.8582763671875,1480.8582763671875,340,0.0,0.0
2008-07-03 00:00:00+09:00,1359.8261084618507,1452.3797179383118,1359.8261084618507,1370.50537109375,830,0.0,0.0
2008-07-04 00:00:00+09:00,1384.7446046121584,1448.8201904296875,1381.1848498445179,1448.8201904296875,610,0.0,0.0
2008-07-07 00:00:00+09:00,1648.1665354866293,1648.1665354866293,1423.9019745024875,1431.021484375,2040,0.0,0.0
2008-07-08 00:00:00+09:00,1395.423820763976,1416.7823486328125,1388.3043114743639,1416.7823486328125,7930,0.0,0.0
2008-07-09 00:00:00+09:00,1555.612833458903,1555.612833458903,1398.9836236827205,1448.8201904296875,220,0.0,0.0
2008-07-10 00:00:00+09:00,1537.8139935661764,1537.8139935661764,1377.625035903033,1452.3798828125,510,0.0,0.0
2008-07-11 00:00:00+09:00,1452.3798828125,1452.3798828125,1452.3798828125,1452.3798828125,120,0.0,0.0
2008-07-14 00:00:00+09:00,1299.3105409203506,1459.49951171875,1299.3105409203506,1459.49951171875,340,0.0,0.0
2008-07-15 00:00:00+09:00,1423.901737097538,1491.537069609671,1327.7883698434541,1409.6627197265625,8370,0.0,0.0
2008-07-16 00:00:00+09:00,1559.1725882265434,1562.732342994184,1413.2226427532826,1448.8201904296875,50,0.0,0.0
2008-07-17 00:00:00+09:00,1495.0970607850609,1495.0970607850609,1459.49951171875,1459.49951171875,230,0.0,0.0
2008-07-18 00:00:00+09:00,1559.1726187772529,1559.1726187772529,1530.694580078125,1530.694580078125,210,0.0,0.0
2008-07-21 00:00:00+09:00,1559.17236328125,1559.17236328125,1559.17236328125,1559.17236328125,10,0.0,0.0
2008-07-22 00:00:00+09:00,1491.537001003351,1491.537001003351,1427.46142578125,1427.46142578125,0,0.0,0.0
2008-07-23 00:00:00+09:00,1559.1726669276766,1562.732421875,1559.1726669276766,1562.732421875,60,0.0,0.0
2008-07-24 00:00:00+09:00,1491.5374417446628,1491.5374417446628,1438.14111328125,1438.14111328125,0,0.0,0.0
2008-07-25 00:00:00+09:00,1495.0967551823567,1562.7320845834631,1427.46142578125,1427.46142578125,770,0.0,0.0
2008-07-28 00:00:00+09:00,1452.3798828125,1452.3798828125,1402.5433182061886,1452.3798828125,390,0.0,0.0
2008-07-29 00:00:00+09:00,1445.260432982503,1455.939697265625,1359.8263187175273,1455.939697265625,30,0.0,0.0
2008-07-30 00:00:00+09:00,1352.7068167939672,1434.5811767578125,1352.7068167939672,1434.5811767578125,30,0.0,0.0
2008-07-31 00:00:00+09:00,1423.9018133975196,1427.4615679310134,1317.1091773927058,1363.385986328125,540,0.0,0.0
2008-08-01 00:00:00+09:00,1363.385986328125,1363.385986328125,1363.385986328125,1363.385986328125,0,0.0,0.0
2008-08-04 00:00:00+09:00,1559.17236328125,1566.2918717893835,1231.6749719071063,1559.17236328125,240,0.0,0.0
2008-08-05 00:00:00+09:00,1559.17236328125,1559.17236328125,1559.17236328125,1559.17236328125,0,0.0,0.0
2008-08-06 00:00:00+09:00,1359.826233470112,1552.052978515625,1359.826233470112,1552.052978515625,290,0.0,0.0
2008-08-07 00:00:00+09:00,1388.3041936700995,1416.7822284120502,1388.3041936700995,1409.6627197265625,790,0.0,0.0
2008-08-08 00:00:00+09:00,1562.7323548740014,1562.7323548740014,1388.304369933623,1420.3421630859375,950,0.0,0.0
2008-08-11 00:00:00+09:00,1491.5372314453125,1491.5372314453125,1359.8263064728148,1491.5372314453125,40,0.0,0.0
2008-08-12 00:00:00+09:00,1352.7066631217276,1359.826171875,1324.2286281086388,1359.826171875,1000,0.0,0.0
2008-08-13 00:00:00+09:00,1388.3041955008723,1420.3419846278157,1331.3481259418622,1402.543212890625,80,0.0,0.0
2008-08-14 00:00:00+09:00,1342.0275602172544,1413.22265625,1342.0275602172544,1413.22265625,320,0.0,0.0
2008-08-15 00:00:00+09:00,1413.22265625,1413.22265625,1413.22265625,1413.22265625,0,0.0,0.0
2008-08-18 00:00:00+09:00,1480.8579974811084,1480.8579974811084,1413.22265625,1413.22265625,40,0.0,0.0
2008-08-19 00:00:00+09:00,1334.9080506139799,1413.22265625,1331.3482958123427,1413.22265625,340,0.0,0.0
2008-08-20 00:00:00+09:00,1327.7884476153224,1377.6250113327876,1327.7884476153224,1342.0274658203125,1150,0.0,0.0
2008-08-21 00:00:00+09:00,1342.0277539188996,1374.0655517578125,1338.467998603465,1374.0655517578125,1020,0.0,0.0
2008-08-22 00:00:00+09:00,1302.8701592587304,1363.385986328125,1302.8701592587304,1363.385986328125,610,0.0,0.0
2008-08-25 00:00:00+09:00,1409.6627197265625,1409.6627197265625,1409.6627197265625,1409.6627197265625,10,0.0,0.0
2008-08-26 00:00:00+09:00,1391.8641653549316,1391.8641653549316,1320.6690673828125,1320.6690673828125,20,0.0,0.0
2008-08-27 00:00:00+09:00,1409.6628022940151,1409.6628022940151,1342.0274658203125,1342.0274658203125,120,0.0,0.0
2008-08-28 00:00:00+09:00,1416.7825783414794,1445.2606201171875,1352.706984346136,1445.2606201171875,2210,0.0,0.0
2008-08-29 00:00:00+09:00,1409.6627197265625,1409.6627197265625,1409.6627197265625,1409.6627197265625,20,0.0,0.0
2008-09-01 00:00:00+09:00,1559.17236328125,1559.17236328125,1559.17236328125,1559.17236328125,10,0.0,0.0
2008-09-02 00:00:00+09:00,1473.7386404521158,1491.5374163029867,1374.0654956872384,1487.9776611328125,130,0.0,0.0
2008-09-03 00:00:00+09:00,1413.22265625,1416.7824110516374,1320.6690314074308,1413.22265625,80,0.0,0.0
2008-09-04 00:00:00+09:00,1306.4298490084134,1416.7822340745192,1306.4298490084134,1388.30419921875,230,0.0,0.0
2008-09-05 00:00:00+09:00,1487.9775476172927,1487.9775476172927,1317.1093124842064,1320.6690673828125,630,0.0,0.0
2008-09-08 00:00:00+09:00,1441.7005745691197,1441.7005745691197,1398.9835205078125,1398.9835205078125,30,0.0,0.0
2008-09-09 00:00:00+09:00,1491.5372314453125,1491.5372314453125,1491.5372314453125,1491.5372314453125,10,0.0,0.0
2008-09-10 00:00:00+09:00,1598.3299530773627,1598.3299530773627,1313.549560546875,1459.49951171875,80,0.0,0.0
2008-09-11 00:00:00+09:00,1662.405367141604,1662.405367141604,1331.348195526681,1363.385986328125,370,0.0,0.0
2008-09-12 00:00:00+09:00,1423.9017333984375,1423.9017333984375,1423.9017333984375,1423.9017333984375,10,0.0,0.0
2008-09-15 00:00:00+09:00,1423.9017333984375,1423.9017333984375,1423.9017333984375,1423.9017333984375,0,0.0,0.0
2008-09-16 00:00:00+09:00,1559.17236328125,1559.17236328125,1559.17236328125,1559.17236328125,110,0.0,0.0
2008-09-17 00:00:00+09:00,1423.901920654912,1612.5689251416877,1391.8641274401764,1413.22265625,750,0.0,0.0
2008-09-18 00:00:00+09:00,1359.826406577199,1381.1849365234375,1359.826406577199,1381.1849365234375,260,0.0,0.0
2008-09-19 00:00:00+09:00,1374.0652499286064,1374.0652499286064,1292.190895658249,1363.385986328125,15450,0.0,0.0
2008-09-22 00:00:00+09:00,1523.5750120237426,1523.5750120237426,1185.3983154296875,1185.3983154296875,30630,0.0,0.0
2008-09-23 00:00:00+09:00,1238.7944852781163,1359.8261303914956,1164.0396456492645,1277.9517822265625,10490,0.0,0.0
2008-09-24 00:00:00+09:00,1277.9516591418153,1416.7820622240738,1210.316334563279,1285.0711669921875,4750,0.0,0.0
2008-09-25 00:00:00+09:00,1420.3420023816695,1420.3420023816695,1220.9957564333652,1338.4676513671875,130,0.0,0.0
2008-09-26 00:00:00+09:00,1338.4678448932925,1495.0970607850609,1338.4678448932925,1459.49951171875,73190,0.0,0.0
2008-09-29 00:00:00+09:00,1527.134765625,1527.134765625,1527.134765625,1527.134765625,10,0.0,0.0
2008-09-30 00:00:00+09:00,1455.9396734940378,1455.9396734940378,1352.706787109375,1352.706787109375,0,0.0,0.0
2008-10-01 00:00:00+09:00,1655.2859993868094,1655.2859993868094,1327.7885543468385,1530.694580078125,540,0.0,0.0
2008-10-02 00:00:00+09:00,1747.8395883165267,1747.8395883165267,1616.128662109375,1616.128662109375,20,0.0,0.0
2008-10-03 00:00:00+09:00,1616.128662109375,1616.128662109375,1616.128662109375,1616.128662109375,0,0.0,0.0
2008-10-06 00:00:00+09:00,1840.3934980797644,1840.3934980797644,1374.0655517578125,1374.0655517578125,1240,0.0,0.0
2008-10-07 00:00:00+09:00,1217.4362455757941,1434.5813069211843,1217.4362455757941,1288.63134765625,1570,0.0,0.0
2008-10-08 00:00:00+09:00,1295.7508578642955,1295.7508578642955,1235.235021095908,1288.63134765625,3110,0.0,0.0
2008-10-09 00:00:00+09:00,1402.543212890625,1402.543212890625,1402.543212890625,1402.543212890625,10,0.0,0.0
2008-10-10 00:00:00+09:00,1213.8764052447152,1277.9519926183364,1210.316650390625,1210.316650390625,14230,0.0,0.0
2008-10-13 00:00:00+09:00,1377.6251220703125,1377.6251220703125,1377.6251220703125,1377.6251220703125,10,0.0,0.0
2008-10-14 00:00:00+09:00,1520.0152973375823,1520.0152973375823,1420.3421630859375,1420.3421630859375,16280,0.0,0.0
2008-10-15 00:00:00+09:00,1381.1848553705481,1381.1848553705481,1274.3922119140625,1274.3922119140625,0,0.0,0.0
2008-10-16 00:00:00+09:00,1491.5372838637409,1491.5372838637409,1203.1971406824448,1210.316650390625,1430,0.0,0.0
2008-10-17 00:00:00+09:00,1370.5055022302927,1370.5055022302927,1342.0274658203125,1342.0274658203125,20,0.0,0.0
2008-10-20 00:00:00+09:00,1295.7508899777436,1295.7508899777436,1224.5557861328125,1224.5557861328125,0,0.0,0.0
2008-10-21 00:00:00+09:00,1455.939696594909,1455.939696594909,1295.750732421875,1295.750732421875,20,0.0,0.0
2008-10-22 00:00:00+09:00,1295.7505923662814,1295.7505923662814,1135.5616455078125,1135.5616455078125,0,0.0,0.0
2008-10-23 00:00:00+09:00,1470.1786495085685,1470.1786495085685,1103.52392578125,1103.52392578125,5630,0.0,0.0
2008-10-24 00:00:00+09:00,1099.9643776633523,1099.9643776633523,939.775390625,939.775390625,0,0.0,0.0
2008-10-27 00:00:00+09:00,1089.2847900390625,1089.2847900390625,1089.2847900390625,1089.2847900390625,70,0.0,0.0
2008-10-28 00:00:00+09:00,929.0959883980129,1025.2093665081522,929.0959883980129,982.4923095703125,16600,0.0,0.0
2008-10-29 00:00:00+09:00,847.2215555826822,1103.5238749186196,836.5422922770182,854.341064453125,37890,0.0,0.0
2008-10-30 00:00:00+09:00,886.3790215654335,957.5741236992033,857.9009807119256,900.6180419921875,4710,0.0,0.0
2008-10-31 00:00:00+09:00,797.3851323036398,946.8948446105722,797.3851323036398,929.0960693359375,3890,0.0,0.0
2008-11-03 00:00:00+09:00,993.1715862831372,993.1715862831372,904.1777165445048,950.4545288085938,440,0.0,0.0
2008-11-04 00:00:00+09:00,1028.7690450954105,1028.7690450954105,993.1715002824205,1021.6495361328125,300,0.0,0.0
2008-11-05 00:00:00+09:00,1021.6496036610705,1167.5995470412233,889.938679147274,1003.850830078125,8190,0.0,0.0
2008-11-06 00:00:00+09:00,904.1776991874723,1000.2910766601564,904.1776991874723,1000.2910766601562,20,0.0,0.0
2008-11-07 00:00:00+09:00,900.6178721110025,921.9763987223307,850.7813100179036,854.341064453125,58080,0.0,0.0
2008-11-10 00:00:00+09:00,861.4605733235677,868.5800821940104,818.7435201009114,854.341064453125,6510,0.0,0.0
2008-11-11 00:00:00+09:00,886.3789874577926,886.3789874577926,818.7436430333024,840.1021728515625,3290,0.0,0.0
2008-11-12 00:00:00+09:00,847.2216796875,847.2216796875,847.2216796875,847.2216796875,10,0.0,0.0
2008-11-13 00:00:00+09:00,847.2217634082895,847.2217634082895,804.5046997070311,804.5046997070312,2500,0.0,0.0
2008-11-14 00:00:00+09:00,872.1399536132812,872.1399536132812,872.1399536132812,872.1399536132812,10,0.0,0.0
2008-11-17 00:00:00+09:00,783.1460029388143,868.5801123503213,743.9887027918736,761.7874755859375,37010,0.0,0.0
2008-11-18 00:00:00+09:00,797.3850211740654,797.3850211740654,761.7874755859375,761.7874755859375,1010,0.0,0.0
2008-11-19 00:00:00+09:00,761.7874755859375,768.9069847035631,740.4289482330607,761.7874755859375,3680,0.0,0.0
2008-11-20 00:00:00+09:00,783.1460642260174,783.1460642260174,733.3094965025435,765.3472900390625,9090,0.0,0.0
2008-11-21 00:00:00+09:00,854.3411502322635,854.3411502322635,652.1470780106279,790.2655639648438,1630,0.0,0.0
2008-11-24 00:00:00+09:00,687.0326749784452,790.2655639648438,687.0326749784452,790.2655639648438,130,0.0,0.0
2008-11-25 00:00:00+09:00,786.7058265322731,786.7058265322731,736.8692583356585,747.5485229492188,270,0.0,0.0
2008-11-26 00:00:00+09:00,747.5486078676971,818.7437133789064,747.5486078676971,818.7437133789062,4110,0.0,0.0
2008-11-27 00:00:00+09:00,783.1460571289062,832.9826244007457,776.0265475186435,783.1460571289062,1880,0.0,0.0
2008-11-28 00:00:00+09:00,797.3850310983009,797.3850310983009,726.1899390359526,733.3094482421875,10410,0.0,0.0
2008-12-01 00:00:00+09:00,747.548469094669,747.548469094669,726.18994140625,726.18994140625,300,0.0,0.0
2008-12-02 00:00:00+09:00,733.309575409122,733.309575409122,699.1359252929688,699.1359252929688,0,0.0,0.0
2008-12-03 00:00:00+09:00,684.89673828125,740.42890625,684.89673828125,694.152099609375,2160,0.0,0.0
2008-12-04 00:00:00+09:00,694.1522899426913,711.2391155412805,694.1522899426913,703.4076538085938,810,0.0,0.0
2008-12-05 00:00:00+09:00,709.8152134080648,709.8152134080648,703.4076538085938,703.4076538085938,0,0.0,0.0
2008-12-08 00:00:00+09:00,683.4730239435729,704.1196048752016,683.4730239435729,703.4076538085938,10590,0.0,0.0
2008-12-09 00:00:00+09:00,704.8315834632286,740.4291381835938,704.8315834632286,740.4291381835938,3010,0.0,0.0
2008-12-10 00:00:00+09:00,736.8691742528459,736.8691742528459,705.5433349609375,705.5433349609375,0,0.0,0.0
2008-12-11 00:00:00+09:00,736.8693827115573,740.4291381835938,686.3208550086388,740.4291381835938,670,0.0,0.0
2008-12-12 00:00:00+09:00,736.8692016601562,736.8692016601562,733.3094470627642,736.8692016601562,40,0.0,0.0
2008-12-15 00:00:00+09:00,726.1899130351682,726.1899130351682,698.423828125,698.423828125,0,0.0,0.0
2008-12-16 00:00:00+09:00,722.6302883725701,726.190043487706,691.304443359375,691.304443359375,620,0.0,0.0
2008-12-17 00:00:00+09:00,747.5485984877785,747.5485984877785,719.070556640625,719.070556640625,750,0.0,0.0
2008-12-18 00:00:00+09:00,711.9508666992188,711.9508666992188,711.9508666992188,711.9508666992188,1530,0.0,0.0
2008-12-19 00:00:00+09:00,704.8313580322265,711.9508666992188,704.8313580322265,711.9508666992188,960,0.0,0.0
2008-12-22 00:00:00+09:00,697.0000165189676,715.5107421875,697.0000165189676,715.5107421875,1020,0.0,0.0
2008-12-23 00:00:00+09:00,776.0265545512354,776.0265545512354,665.6741545921147,765.3472900390625,40,0.0,0.0
2008-12-24 00:00:00+09:00,692.0162963867188,692.0162963867188,692.0162963867188,692.0162963867188,10,0.0,0.0
2008-12-25 00:00:00+09:00,692.0162963867188,692.0162963867188,692.0162963867188,692.0162963867188,0,0.0,0.0
2008-12-26 00:00:00+09:00,711.9509661639179,776.0265531186704,711.9509661639179,768.9070434570312,2370,0.0,0.0
2008-12-29 00:00:00+09:00,806.2326311383929,806.2326311383929,783.8372802734375,783.8372802734375,13520,50.0,0.0
2008-12-30 00:00:00+09:00,694.255854288737,806.2326049804688,694.255854288737,806.2326049804688,170,0.0,0.0
2008-12-31 00:00:00+09:00,806.2326049804688,806.2326049804688,806.2326049804688,806.2326049804688,0,0.0,0.0
2009-01-02 00:00:00+09:00,783.8372802734375,783.8372802734375,783.8372802734375,783.8372802734375,710,0.0,0.0
2009-01-05 00:00:00+09:00,780.1046526314008,806.2325596573329,746.5116293123452,753.9767456054688,2010,0.0,0.0
2009-01-06 00:00:00+09:00,712.1722401545597,795.0350479712853,712.1722401545597,776.3722534179688,1430,0.0,0.0
2009-01-07 00:00:00+09:00,753.9767901585575,888.348891374934,753.9767901585575,884.6163330078125,18500,0.0,0.0
2009-01-08 00:00:00+09:00,880.8838208623293,959.2675506848248,880.8838208623293,888.3489379882812,120,0.0,0.0
2009-01-09 00:00:00+09:00,888.3489379882812,989.1280191886325,888.3489379882812,888.3489379882812,1310,0.0,0.0
2009-01-12 00:00:00+09:00,985.39541015625,985.39541015625,780.1046997070313,821.162841796875,3610,0.0,0.0
2009-01-13 00:00:00+09:00,910.7442016601561,910.7442016601561,910.7442016601561,910.7442016601562,10,0.0,0.0
2009-01-14 00:00:00+09:00,821.1627584790427,962.9999622163318,821.1627584790427,940.6046142578125,100,0.0,0.0
2009-01-15 00:00:00+09:00,895.8139183407739,940.6046142578125,895.8139183407739,940.6046142578125,3130,0.0,0.0
2009-01-16 00:00:00+09:00,936.8722239859961,977.9303692602828,884.6164027278131,944.3373413085938,60,0.0,0.0
2009-01-19 00:00:00+09:00,1018.9885986328125,1018.9885986328125,970.46533203125,970.46533203125,20,0.0,0.0
2009-01-20 00:00:00+09:00,1000.3256225585938,1000.3256225585938,1000.3256225585938,1000.3256225585938,10,0.0,0.0
2009-01-21 00:00:00+09:00,1000.3256225585938,1000.3256225585938,1000.3256225585938,1000.3256225585938,20,0.0,0.0
2009-01-22 00:00:00+09:00,1041.3836669921875,1041.3836669921875,1041.3836669921875,1041.3836669921875,10,0.0,0.0
2009-01-23 00:00:00+09:00,933.1394653320312,981.662717529297,933.1394653320312,933.1394653320312,3080,0.0,0.0
2009-01-28 00:00:00+09:00,944.3373413085938,944.3373413085938,944.3373413085938,944.3373413085938,10,0.0,0.0
2009-01-29 00:00:00+09:00,944.3372515510109,1015.2558593749999,944.3372515510109,1015.255859375,220,0.0,0.0
2009-01-30 00:00:00+09:00,948.069796495822,1018.9884033203125,948.069796495822,1018.9884033203125,50,0.0,0.0
2009-02-02 00:00:00+09:00,895.8138950892858,1074.976674107143,895.8138950892858,1045.1162109375,15860,0.0,0.0
2009-02-03 00:00:00+09:00,944.3372754548726,1074.9768194901317,944.3372754548726,992.8605346679688,120,0.0,0.0
2009-02-04 00:00:00+09:00,1056.3141343318132,1056.3141343318132,929.4071358608534,936.8722534179688,1670,0.0,0.0
2009-02-05 00:00:00+09:00,948.06982421875,948.06982421875,948.06982421875,948.06982421875,400,0.0,0.0
2009-02-06 00:00:00+09:00,951.8025371844951,992.8606858473557,888.3490347055288,970.46533203125,15990,0.0,0.0
2009-02-09 00:00:00+09:00,933.1396531689074,1037.6512943238251,929.4070945562319,963.0001220703125,490,0.0,0.0
2009-02-10 00:00:00+09:00,1004.0581665039062,1004.0581665039062,1004.0581665039062,1004.0581665039062,10,0.0,0.0
2009-02-11 00:00:00+09:00,944.3373413085938,944.3373413085938,944.3373413085938,944.3373413085938,10,0.0,0.0
2009-02-12 00:00:00+09:00,992.8605059723357,1000.3256225585938,992.8605059723357,1000.3256225585938,500,0.0,0.0
2009-02-13 00:00:00+09:00,933.1396653246974,981.6629279215816,933.1396653246974,944.3373413085938,540,0.0,0.0
2009-02-16 00:00:00+09:00,854.7557502441407,962.9999282226563,854.7557502441407,933.1394653320312,16280,0.0,0.0
2009-02-17 00:00:00+09:00,936.8721090848328,963.0000165095095,910.7442016601561,910.7442016601562,450,0.0,0.0
2009-02-18 00:00:00+09:00,914.4768452440571,1045.1163945646367,862.2210255158253,873.418701171875,3340,0.0,0.0
2009-02-19 00:00:00+09:00,918.2094627586571,966.7327270507812,910.7443451752534,966.7327270507812,830,0.0,0.0
2009-02-20 00:00:00+09:00,996.5930403412365,1011.5232731553374,907.011643456631,910.7442016601562,630,0.0,0.0
2009-02-23 00:00:00+09:00,918.2092850109763,992.8604463939826,862.2209139737216,903.279052734375,1300,0.0,0.0
2009-02-24 00:00:00+09:00,929.406925201416,929.406925201416,865.9534403483073,895.8139038085938,2300,0.0,0.0
2009-02-25 00:00:00+09:00,899.5465270495805,940.604667288358,858.4883868108029,910.7442016601562,1440,0.0,0.0
2009-02-26 00:00:00+09:00,929.4071491520579,966.7327374714176,862.2210901772103,918.20947265625,550,0.0,0.0
2009-02-27 00:00:00+09:00,963.000214092548,1007.7909217247596,963.000214092548,970.46533203125,2450,0.0,0.0
2009-03-02 00:00:00+09:00,1033.9186595933406,1060.0465679585152,836.0930676855895,854.755859375,6940,0.0,0.0
2009-03-03 00:00:00+09:00,854.7558420440297,933.1395655502507,802.5000263732156,907.0116577148438,810,0.0,0.0
2009-03-04 00:00:00+09:00,925.6745480020998,977.9303692602828,899.5466373730083,944.3373413085938,1370,0.0,0.0
2009-03-05 00:00:00+09:00,1007.7909152790651,1007.7909152790651,854.7559985144663,880.8839111328125,2330,0.0,0.0
2009-03-06 00:00:00+09:00,899.5465698242188,899.5465698242188,843.5581941090184,899.5465698242188,15650,0.0,0.0
2009-03-09 00:00:00+09:00,836.0929904513889,955.5348462301588,836.0929904513889,940.6046142578125,1460,0.0,0.0
2009-03-10 00:00:00+09:00,895.8139365960744,903.2790527343751,865.9534720428719,903.279052734375,185120,0.0,0.0
2009-03-11 00:00:00+09:00,925.674349609375,933.1394653320312,925.674349609375,933.1394653320312,160,0.0,0.0
2009-03-12 00:00:00+09:00,933.139694639411,936.8722534179686,933.139694639411,936.8722534179688,140,0.0,0.0
2009-03-13 00:00:00+09:00,933.1394653320312,933.1394653320312,933.1394653320312,933.1394653320312,10,0.0,0.0
2009-03-16 00:00:00+09:00,1000.3256225585938,1000.3256225585938,1000.3256225585938,1000.3256225585938,20,0.0,0.0
2009-03-17 00:00:00+09:00,1037.6513671875,1037.6513671875,1037.6513671875,1037.6513671875,780,0.0,0.0
2009-03-18 00:00:00+09:00,1060.0465317064775,1060.0465317064775,921.9418779278167,974.1976928710938,2890,0.0,0.0
2009-03-19 00:00:00+09:00,970.4651064564521,1007.7906874740079,921.9418511336295,981.6627807617188,1220,0.0,0.0
2009-03-20 00:00:00+09:00,981.6627807617188,981.6627807617188,981.6627807617188,981.6627807617188,10,0.0,0.0
2009-03-23 00:00:00+09:00,925.6745359435562,963.0001220703125,925.6745359435562,963.0001220703125,190,0.0,0.0
2009-03-24 00:00:00+09:00,970.4651842619244,1000.3256514699835,929.4070418508429,992.8605346679688,1720,0.0,0.0
2009-03-25 00:00:00+09:00,1015.2558155293368,1015.2558155293368,914.4767456054688,914.4767456054688,1790,0.0,0.0
2009-03-26 00:00:00+09:00,966.7325483546964,981.6627807617188,951.8023159476742,981.6627807617188,2880,0.0,0.0
2009-03-27 00:00:00+09:00,1015.2560396634615,1045.1165114182693,970.46533203125,970.46533203125,6010,0.0,0.0
2009-03-30 00:00:00+09:00,970.46533203125,970.46533203125,970.46533203125,970.46533203125,550,0.0,0.0
2009-03-31 00:00:00+09:00,970.46533203125,970.46533203125,970.46533203125,970.46533203125,5000,0.0,0.0
2009-04-01 00:00:00+09:00,970.46533203125,974.197891000601,970.46533203125,970.46533203125,2050,0.0,0.0
2009-04-02 00:00:00+09:00,996.5929755316839,1007.7906494140625,996.5929755316839,1007.7906494140625,200,0.0,0.0
2009-04-03 00:00:00+09:00,1007.7906494140625,1011.5232073748552,970.4650698061342,1007.7906494140625,430,0.0,0.0
2009-04-06 00:00:00+09:00,933.1397423377404,1123.5002497746393,933.1397423377404,970.46533203125,5670,0.0,0.0
2009-04-07 00:00:00+09:00,970.4650530133929,1045.1162109375,944.3371477399554,1045.1162109375,13180,0.0,0.0
2009-04-08 00:00:00+09:00,955.534947519084,985.3954146290554,955.534947519084,977.9302978515625,1520,0.0,0.0
2009-04-09 00:00:00+09:00,977.9304251910971,1037.6513671875,977.9304251910971,1037.6513671875,640,0.0,0.0
2009-04-10 00:00:00+09:00,1037.6514897033246,1093.6398794355184,1018.9886931259267,1022.7212524414062,980,0.0,0.0
2009-04-13 00:00:00+09:00,1022.7212524414062,1045.1166083342837,1022.7212524414062,1022.7212524414062,2730,0.0,0.0
2009-04-14 00:00:00+09:00,1045.1166083342837,1045.1166083342837,1022.7212524414062,1022.7212524414062,1650,0.0,0.0
2009-04-15 00:00:00+09:00,1022.7211576021634,1022.7211576021634,970.46533203125,970.46533203125,1760,0.0,0.0
2009-04-16 00:00:00+09:00,970.4651562135612,1000.3256225585938,963.000039627303,1000.3256225585938,22450,0.0,0.0
2009-04-17 00:00:00+09:00,1149.6279378557738,1149.6279378557738,985.3953753049489,1004.0581665039062,15790,0.0,0.0
2009-04-20 00:00:00+09:00,1011.5232868124714,1018.9884033203125,1004.0581703046303,1018.9884033203125,3510,0.0,0.0
2009-04-21 00:00:00+09:00,1145.8954291092723,1145.8954291092723,970.4651842619244,992.8605346679688,5820,0.0,0.0
2009-04-22 00:00:00+09:00,1116.0349336511947,1116.0349336511947,970.4651596966911,1015.255859375,7190,0.0,0.0
2009-04-23 00:00:00+09:00,1004.0580914532696,1063.7790188259548,1004.0580914532696,1007.7906494140625,8110,0.0,0.0
2009-04-24 00:00:00+09:00,996.5933372330492,1026.453811756886,996.5933372330492,1022.7212524414062,1810,0.0,0.0
2009-04-27 00:00:00+09:00,1067.511368755045,1067.511368755045,985.3951096200416,1011.5230102539062,2540,0.0,0.0
2009-04-28 00:00:00+09:00,1037.650910887771,1037.650910887771,977.9299951532231,1011.5230102539062,1080,0.0,0.0
2009-04-29 00:00:00+09:00,974.1976645582076,981.6627807617188,974.1976645582076,981.6627807617188,2230,0.0,0.0
2009-04-30 00:00:00+09:00,989.12821860209,1026.453811756886,970.4654220246921,1022.7212524414062,7650,0.0,0.0
2009-05-04 00:00:00+09:00,981.6628961977751,1030.1861572265625,981.6628961977751,1030.1861572265625,220,0.0,0.0
2009-05-06 00:00:00+09:00,1030.1862091803632,1078.70947265625,1030.1862091803632,1078.70947265625,2120,0.0,0.0
2009-05-07 00:00:00+09:00,1026.453391792848,1089.9068741945875,1026.453391792848,1086.17431640625,740,0.0,0.0
2009-05-08 00:00:00+09:00,1052.5815577388234,1052.5815577388234,1048.8489990234375,1048.8489990234375,330,0.0,0.0
2009-05-11 00:00:00+09:00,1045.1161941002156,1082.4417724609375,1045.1161941002156,1082.4417724609375,810,0.0,0.0
2009-05-12 00:00:00+09:00,1030.185972892198,1112.30224609375,1030.185972892198,1112.30224609375,460,0.0,0.0
2009-05-13 00:00:00+09:00,1026.453650451449,1078.70947265625,1022.7210917225345,1078.70947265625,1050,0.0,0.0
2009-05-14 00:00:00+09:00,1074.976806640625,1074.976806640625,1074.976806640625,1074.976806640625,10,0.0,0.0
2009-05-15 00:00:00+09:00,1074.9768211019164,1074.9768211019164,1071.2442626953125,1071.2442626953125,520,0.0,0.0
2009-05-18 00:00:00+09:00,1071.2440413715683,1216.8137891537674,1071.2440413715683,1198.1510009765625,11710,0.0,0.0
2009-05-19 00:00:00+09:00,1108.5694978675065,1123.499726795015,1097.371826171875,1097.371826171875,1480,0.0,0.0
2009-05-20 00:00:00+09:00,1119.767549022144,1160.8256924862894,1119.767549022144,1127.232666015625,1000,0.0,0.0
2009-05-21 00:00:00+09:00,1153.3604736328125,1153.3604736328125,1153.3604736328125,1153.3604736328125,10,0.0,0.0
2009-05-22 00:00:00+09:00,1216.8138566706732,1216.8138566706732,1213.081298828125,1213.081298828125,20,0.0,0.0
2009-05-25 00:00:00+09:00,1213.0817246356796,1213.0817246356796,1074.9770359848485,1108.570068359375,2560,0.0,0.0
2009-05-26 00:00:00+09:00,1116.03466796875,1116.03466796875,1116.03466796875,1116.03466796875,10,0.0,0.0
2009-05-27 00:00:00+09:00,1116.03466796875,1157.0927995662626,1074.9765363712374,1116.03466796875,4780,0.0,0.0
2009-05-28 00:00:00+09:00,1082.4417724609375,1082.4417724609375,1082.4417724609375,1082.4417724609375,860,0.0,0.0
2009-05-29 00:00:00+09:00,1086.1744400618911,1149.6279296875,1086.1744400618911,1149.6279296875,50,0.0,0.0
2009-06-01 00:00:00+09:00,1097.3722594018075,1142.1629638671875,1097.3722594018075,1142.1629638671875,50,0.0,0.0
2009-06-02 00:00:00+09:00,1220.54638671875,1220.54638671875,1220.54638671875,1220.54638671875,10,0.0,0.0
2009-06-03 00:00:00+09:00,1056.314113641876,1142.1629638671875,1056.314113641876,1142.1629638671875,4180,0.0,0.0
2009-06-04 00:00:00+09:00,1164.5584263392857,1175.756103515625,1164.5584263392857,1175.756103515625,3120,0.0,0.0
2009-06-05 00:00:00+09:00,1172.0233505249023,1347.4535972595215,1172.0233505249023,1194.418701171875,1410,0.0,0.0
2009-06-08 00:00:00+09:00,1101.1045024550963,1198.1510009765625,1101.1045024550963,1198.1510009765625,1610,0.0,0.0
2009-06-09 00:00:00+09:00,1198.1511779785155,1198.1511779785155,1116.0348978678385,1119.7674560546875,2390,0.0,0.0
2009-06-10 00:00:00+09:00,1112.30224609375,1112.30224609375,1112.30224609375,1112.30224609375,10,0.0,0.0
2009-06-11 00:00:00+09:00,1108.569851215069,1175.7559028038613,1097.3721759502705,1164.5582275390625,11050,0.0,0.0
2009-06-12 00:00:00+09:00,1097.371826171875,1097.371826171875,1097.371826171875,1097.371826171875,10,0.0,0.0
2009-06-15 00:00:00+09:00,1082.4416512071489,1116.03466796875,1074.9765363712374,1116.03466796875,22610,0.0,0.0
2009-06-16 00:00:00+09:00,1101.104736328125,1101.104736328125,1101.104736328125,1101.104736328125,10,0.0,0.0
2009-06-17 00:00:00+09:00,1097.371882393533,1186.9532605481072,1097.371882393533,1183.220703125,8150,0.0,0.0
2009-06-18 00:00:00+09:00,1082.4420313851642,1354.9188185959126,1074.9769139273355,1078.70947265625,68710,0.0,0.0
2009-06-19 00:00:00+09:00,1078.70947265625,1097.3722663008218,1078.70947265625,1078.70947265625,29470,0.0,0.0
2009-06-22 00:00:00+09:00,1101.1046002362225,1104.837158203125,1086.1743683686127,1104.837158203125,1680,0.0,0.0
2009-06-23 00:00:00+09:00,1130.9651386211444,1149.6279296875,1130.9651386211444,1149.6279296875,20,0.0,0.0
2009-06-24 00:00:00+09:00,1145.8953857421875,1145.8953857421875,1145.8953857421875,1145.8953857421875,10,0.0,0.0
2009-06-25 00:00:00+09:00,1119.7674005681818,1231.744140625,1097.372052556818,1231.744140625,13260,0.0,0.0
2009-06-26 00:00:00+09:00,1313.8607327279203,1313.8607327279203,1310.128173828125,1310.128173828125,20,0.0,0.0
2009-06-29 00:00:00+09:00,1448.2325494207619,1448.2325494207619,1172.0232487580392,1414.6395263671875,2020,0.0,0.0
2009-06-30 00:00:00+09:00,1205.616455078125,1239.2094832381965,1205.616455078125,1205.616455078125,18680,0.0,0.0
2009-07-01 00:00:00+09:00,1097.3720422693202,1194.4185494087837,1097.3720422693202,1104.837158203125,8250,0.0,0.0
2009-07-02 00:00:00+09:00,1257.8722837360856,1257.8722837360856,1108.5699355181525,1142.1629638671875,7150,0.0,0.0
2009-07-03 00:00:00+09:00,1082.4420956836586,1246.674689511524,1082.4420956836586,1123.500244140625,2050,0.0,0.0
2009-07-06 00:00:00+09:00,1104.8373837586505,1127.2327361321366,1045.1164440960208,1078.70947265625,26050,0.0,0.0
2009-07-07 00:00:00+09:00,1056.3137492814592,1194.4183737458195,1056.3137492814592,1116.03466796875,9220,0.0,0.0
2009-07-08 00:00:00+09:00,1074.9766673657718,1119.7673618393455,1074.9766673657718,1112.30224609375,10200,0.0,0.0
2009-07-09 00:00:00+09:00,1071.244109492974,1183.2208456769085,1071.244109492974,1112.30224609375,6330,0.0,0.0
2009-07-10 00:00:00+09:00,1116.0347605059223,1157.0928955078125,1116.0347605059223,1157.0928955078125,740,0.0,0.0
2009-07-13 00:00:00+09:00,1093.639619471663,1104.837294756356,1093.639619471663,1101.104736328125,560,0.0,0.0
2009-07-14 00:00:00+09:00,1164.5582296080509,1164.5582296080509,1086.1745026152012,1101.104736328125,5530,0.0,0.0
2009-07-15 00:00:00+09:00,1101.1044382969274,1123.4997828046614,1101.1044382969274,1116.03466796875,18930,0.0,0.0
2009-07-16 00:00:00+09:00,1086.1743409841652,1112.30224609375,1086.1743409841652,1112.30224609375,35070,0.0,0.0
2009-07-17 00:00:00+09:00,1089.9070118459895,1145.8953857421875,1089.9070118459895,1145.8953857421875,860,0.0,0.0
2009-07-20 00:00:00+09:00,1130.9652099609375,1130.9652099609375,1130.9652099609375,1130.9652099609375,10,0.0,0.0
2009-07-21 00:00:00+09:00,1101.1046002362225,1108.5697161700275,1101.1046002362225,1104.837158203125,1950,0.0,0.0
2009-07-22 00:00:00+09:00,1119.7675346147896,1130.9652099609375,1097.3721839224938,1130.9652099609375,44990,0.0,0.0
2009-07-23 00:00:00+09:00,1104.836995714883,1116.03466796875,1104.836995714883,1116.03466796875,1860,0.0,0.0
2009-07-24 00:00:00+09:00,1045.1165061773256,1123.500244140625,1045.1165061773256,1123.500244140625,10360,0.0,0.0
2009-07-27 00:00:00+09:00,1104.8373150351822,1127.232666015625,1104.8373150351822,1127.232666015625,1090,0.0,0.0
2009-07-28 00:00:00+09:00,1119.7675346147896,1130.9652099609375,1119.7675346147896,1130.9652099609375,110,0.0,0.0
2009-07-29 00:00:00+09:00,1097.3721980417013,1127.232666015625,1097.3721980417013,1127.232666015625,520,0.0,0.0
2009-07-30 00:00:00+09:00,1186.953357327369,1186.953357327369,1157.0928955078125,1157.0928955078125,20,0.0,0.0
2009-07-31 00:00:00+09:00,1194.4185932601881,1276.534871546826,1157.0930122208072,1190.68603515625,8570,0.0,0.0
2009-08-03 00:00:00+09:00,1190.68603515625,1190.68603515625,1190.68603515625,1190.68603515625,10,0.0,0.0
2009-08-04 00:00:00+09:00,1138.4302626984029,1179.4884033203125,1134.6977044600476,1179.4884033203125,1060,0.0,0.0
2009-08-05 00:00:00+09:00,1134.6976139530254,1172.023193359375,1134.6976139530254,1172.023193359375,80,0.0,0.0
2009-08-06 00:00:00+09:00,1119.767318233367,1157.0928955078125,1119.767318233367,1157.0928955078125,9420,0.0,0.0
2009-08-07 00:00:00+09:00,1157.0928955078125,1157.0928955078125,1157.0928955078125,1157.0928955078125,10,0.0,0.0
2009-08-10 00:00:00+09:00,1127.2324336882562,1160.825453235257,1127.2324336882562,1157.0928955078125,1030,0.0,0.0
2009-08-11 00:00:00+09:00,1164.5582211143092,1164.5582211143092,1134.69775390625,1134.69775390625,140,0.0,0.0
2009-08-12 00:00:00+09:00,1175.7557938259897,1224.2790488092846,1157.0930034477994,1160.8255615234375,190,0.0,0.0
2009-08-13 00:00:00+09:00,1194.4183057108626,1194.4183057108626,1157.0927336573982,1168.2904052734375,370,0.0,0.0
2009-08-14 00:00:00+09:00,1183.2210258483888,1194.418701171875,1157.093116760254,1194.418701171875,10150,0.0,0.0
2009-08-17 00:00:00+09:00,1168.2908444333004,1242.9420166015625,1168.2908444333004,1242.9420166015625,640,0.0,0.0
2009-08-18 00:00:00+09:00,1235.476698626894,1235.476698626894,1228.011582623106,1231.744140625,900,0.0,0.0
2009-08-19 00:00:00+09:00,1231.7441126811937,1239.209228515625,1231.7441126811937,1239.209228515625,1030,0.0,0.0
2009-08-20 00:00:00+09:00,1194.4186716445427,1265.3372802734375,1194.4186716445427,1265.3372802734375,1340,0.0,0.0
2009-08-21 00:00:00+09:00,1194.418480282738,1254.139404296875,1194.418480282738,1254.139404296875,40,0.0,0.0
2009-08-24 00:00:00+09:00,1201.8836766098484,1265.3371626420453,1194.4185606060605,1231.744140625,6540,0.0,0.0
2009-08-25 00:00:00+09:00,1231.744140625,1231.744140625,1220.5464666193182,1231.744140625,3100,0.0,0.0
2009-08-26 00:00:00+09:00,1209.348806456592,1235.4767127689256,1205.6162484119727,1228.0115966796875,1300,0.0,0.0
2009-08-27 00:00:00+09:00,1231.744140625,1265.3371626420453,1201.8836766098484,1231.744140625,870,0.0,0.0
2009-08-28 00:00:00+09:00,1213.081364501211,1228.0115966796875,1213.081364501211,1228.0115966796875,110,0.0,0.0
2009-08-31 00:00:00+09:00,1228.011733264458,1228.011733264458,1194.4187071265244,1224.2791748046875,410,0.0,0.0
2009-09-01 00:00:00+09:00,1239.2093220784993,1265.3372294717205,1228.0116474814045,1246.6744384765625,1620,0.0,0.0
2009-09-02 00:00:00+09:00,1407.1746610356959,1433.302572513812,1298.9304563406422,1351.186279296875,5840,0.0,0.0
2009-09-03 00:00:00+09:00,1332.5234228379234,1336.2559814453125,1332.5234228379234,1336.2559814453125,40,0.0,0.0
2009-09-04 00:00:00+09:00,1332.5231126688295,1332.5231126688295,1250.4068424203301,1321.325439453125,550,0.0,0.0
2009-09-07 00:00:00+09:00,1377.314208984375,1377.314208984375,1377.314208984375,1377.314208984375,10,0.0,0.0
2009-09-08 00:00:00+09:00,1373.5815576038829,1373.5815576038829,1261.6048001905228,1369.8489990234375,160,0.0,0.0
2009-09-09 00:00:00+09:00,1336.2559561771138,1336.2559561771138,1280.267578125,1280.267578125,0,0.0,0.0
2009-09-10 00:00:00+09:00,1336.255642665906,1336.255642665906,1328.79052734375,1328.79052734375,20,0.0,0.0
2009-09-11 00:00:00+09:00,1500.488507952009,1500.488507952009,1257.8722069149926,1410.9071044921875,290,0.0,0.0
2009-09-14 00:00:00+09:00,1410.9071044921875,1410.9071044921875,1410.9071044921875,1410.9071044921875,0,0.0,0.0
2009-09-15 00:00:00+09:00,1511.6858527365694,1511.6858527365694,1276.5347200886586,1328.79052734375,2810,0.0,0.0
2009-09-16 00:00:00+09:00,1310.1280711935885,1336.2559814453125,1269.0699265123078,1336.2559814453125,12010,0.0,0.0
2009-09-17 00:00:00+09:00,1250.407203047539,1317.59326171875,1250.407203047539,1317.59326171875,230,0.0,0.0
2009-09-18 00:00:00+09:00,1246.674386553697,1325.05810546875,1246.674386553697,1325.05810546875,9530,0.0,0.0
2009-09-21 00:00:00+09:00,1332.523193359375,1332.523193359375,1254.1394761029412,1332.523193359375,7070,0.0,0.0
2009-09-22 00:00:00+09:00,1284.0001609418646,1336.2559814453125,1284.0001609418646,1336.2559814453125,5150,0.0,0.0
2009-09-23 00:00:00+09:00,1254.139668367347,1336.2559561771138,1254.139668367347,1280.267578125,11730,0.0,0.0
2009-09-24 00:00:00+09:00,1280.267578125,1280.267578125,1280.267578125,1280.267578125,230,0.0,0.0
2009-09-25 00:00:00+09:00,1272.802260095933,1272.802260095933,1269.0697021484375,1269.0697021484375,1000,0.0,0.0
2009-09-28 00:00:00+09:00,1269.0697021484375,1269.0697021484375,1269.0697021484375,1269.0697021484375,910,0.0,0.0
2009-09-29 00:00:00+09:00,1149.628074811339,1325.0583329806018,1149.628074811339,1205.616455078125,1280,0.0,0.0
2009-09-30 00:00:00+09:00,1261.604519798642,1362.3835790724982,1254.139404296875,1254.139404296875,1320,0.0,0.0
2009-10-01 00:00:00+09:00,1321.3255176371317,1321.3255176371317,1235.4766845703125,1235.4766845703125,20,0.0,0.0
2009-10-05 00:00:00+09:00,1332.5232123408177,1392.244140625,1254.1394939678285,1392.244140625,1020,0.0,0.0
2009-10-06 00:00:00+09:00,1242.9420166015625,1242.9420166015625,1242.9420166015625,1242.9420166015625,20,0.0,0.0
2009-10-07 00:00:00+09:00,1332.5230850048279,1332.5230850048279,1328.79052734375,1328.79052734375,0,0.0,0.0
2009-10-08 00:00:00+09:00,1231.7440537274895,1321.325439453125,1231.7440537274895,1321.325439453125,410,0.0,0.0
2009-10-09 00:00:00+09:00,1321.325439453125,1321.325439453125,1321.325439453125,1321.325439453125,10,0.0,0.0
2009-10-12 00:00:00+09:00,1321.3255326704545,1321.3255326704545,1231.744140625,1231.744140625,0,0.0,0.0
2009-10-13 00:00:00+09:00,1321.3255026943714,1321.3255026943714,1239.209228515625,1239.209228515625,0,0.0,0.0
2009-10-14 00:00:00+09:00,1321.3256854433002,1504.2210486826273,1321.3256854433002,1478.0931396484375,70,0.0,0.0
2009-10-15 00:00:00+09:00,1265.3372175043278,1679.6511736783114,1265.3372175043278,1313.8604736328125,5180,0.0,0.0
2009-10-16 00:00:00+09:00,1399.7093649471506,1507.953555836397,1366.1163401884191,1459.4302978515625,12850,0.0,0.0
2009-10-19 00:00:00+09:00,1493.0232788705584,1507.953511659264,1422.1046731242068,1470.6279296875,1890,0.0,0.0
2009-10-20 00:00:00+09:00,1466.895160803634,1466.895160803634,1250.406816461113,1328.79052734375,8200,0.0,0.0
2009-10-21 00:00:00+09:00,1276.53515625,1328.790981359649,1276.53515625,1276.53515625,3790,0.0,0.0
2009-10-22 00:00:00+09:00,1306.395627741228,1306.395627741228,1276.53515625,1276.53515625,600,0.0,0.0
2009-10-23 00:00:00+09:00,1463.1630150579638,1463.1630150579638,1261.6048446163054,1388.5118408203125,1420,0.0,0.0
2009-10-26 00:00:00+09:00,1295.1977683712294,1295.1977683712294,1291.4652099609375,1291.4652099609375,140,0.0,0.0
2009-10-27 00:00:00+09:00,1351.1860779998694,1351.1860779998694,1265.3372387899328,1339.9884033203125,60,0.0,0.0
2009-10-28 00:00:00+09:00,1276.53515625,1276.53515625,1269.070038377193,1276.53515625,40,0.0,0.0
2009-10-29 00:00:00+09:00,1265.3372802734375,1265.3372802734375,1265.3372802734375,1265.3372802734375,20,0.0,0.0
2009-10-30 00:00:00+09:00,1276.53515625,1276.53515625,1276.53515625,1276.53515625,10,0.0,0.0
2009-11-02 00:00:00+09:00,1205.616455078125,1205.616455078125,1205.616455078125,1205.616455078125,40,0.0,0.0
2009-11-03 00:00:00+09:00,1377.3138055316472,1377.3138055316472,1321.325439453125,1321.325439453125,1710,0.0,0.0
2009-11-04 00:00:00+09:00,1339.9884472512215,1339.9884472512215,1265.3372802734375,1265.3372802734375,50,0.0,0.0
2009-11-05 00:00:00+09:00,1269.0698386223266,1269.0698386223266,1265.3372802734375,1265.3372802734375,120,0.0,0.0
2009-11-06 00:00:00+09:00,1269.0697021484375,1269.0697021484375,1269.0697021484375,1269.0697021484375,20,0.0,0.0
2009-11-09 00:00:00+09:00,1336.2557343632343,1336.2557343632343,1239.209228515625,1239.209228515625,50,0.0,0.0
2009-11-10 00:00:00+09:00,1339.9884099469866,1339.9884099469866,1306.3953857421875,1306.3953857421875,0,0.0,0.0
2009-11-11 00:00:00+09:00,1242.9420166015625,1242.9420166015625,1242.9420166015625,1242.9420166015625,30,0.0,0.0
2009-11-12 00:00:00+09:00,1242.9420967989188,1284.000244140625,1242.9420967989188,1284.000244140625,110,0.0,0.0
2009-11-13 00:00:00+09:00,1306.3952710255082,1306.3952710255082,1239.209228515625,1239.209228515625,50,0.0,0.0
2009-11-16 00:00:00+09:00,1306.3953857421875,1306.3953857421875,1306.3953857421875,1306.3953857421875,1170,0.0,0.0
2009-11-17 00:00:00+09:00,1437.0350366709183,1437.0350366709183,1280.267578125,1280.267578125,90,0.0,0.0
2009-11-18 00:00:00+09:00,1399.709324636859,1399.709324636859,1246.6744384765625,1246.6744384765625,0,0.0,0.0
2009-11-19 00:00:00+09:00,1261.604505952105,1261.604505952105,1257.8719482421875,1257.8719482421875,2850,0.0,0.0
2009-11-20 00:00:00+09:00,1239.209318033854,1343.720947265625,1231.7442016601562,1343.720947265625,11350,0.0,0.0
2009-11-23 00:00:00+09:00,1332.5231170654297,1332.5231170654297,1254.139404296875,1254.139404296875,0,0.0,0.0
2009-11-24 00:00:00+09:00,1306.3955236364295,1306.3955236364295,1209.3489990234375,1209.3489990234375,0,0.0,0.0
2009-11-25 00:00:00+09:00,1339.98829228045,1339.98829228045,1239.209228515625,1239.209228515625,0,0.0,0.0
2009-11-26 00:00:00+09:00,1336.255928597799,1336.255928597799,1224.2791748046875,1224.2791748046875,0,0.0,0.0
2009-11-27 00:00:00+09:00,1321.325522097001,1321.325522097001,1201.8836669921875,1201.8836669921875,0,0.0,0.0
2009-11-30 00:00:00+09:00,1381.046630859375,1381.046630859375,1381.046630859375,1381.046630859375,10,0.0,0.0
2009-12-01 00:00:00+09:00,1381.0466851128472,1381.0466851128472,1242.9420166015625,1242.9420166015625,90,0.0,0.0
2009-12-02 00:00:00+09:00,1250.4070120675224,1306.3953857421875,1250.4070120675224,1306.3953857421875,120,0.0,0.0
2009-12-03 00:00:00+09:00,1298.9302532630052,1298.9302532630052,1246.6744384765625,1246.6744384765625,0,0.0,0.0
2009-12-04 00:00:00+09:00,1298.9301657284009,1366.1162087833181,1242.9417965159698,1269.0697021484375,10720,0.0,0.0
2009-12-07 00:00:00+09:00,1306.3953106219953,1306.3953106219953,1261.6046142578125,1261.6046142578125,0,0.0,0.0
2009-12-08 00:00:00+09:00,1298.930419921875,1298.930419921875,1298.930419921875,1298.930419921875,10,0.0,0.0
2009-12-09 00:00:00+09:00,1291.46504983341,1291.46504983341,1269.0697021484375,1269.0697021484375,0,0.0,0.0
2009-12-10 00:00:00+09:00,1306.3953857421875,1306.3953857421875,1306.3953857421875,1306.3953857421875,10,0.0,0.0
2009-12-11 00:00:00+09:00,1298.9302182404892,1369.8488221099412,1265.3371953549592,1287.7325439453125,32390,0.0,0.0
2009-12-14 00:00:00+09:00,1295.1978759765625,1295.1978759765625,1295.1978759765625,1295.1978759765625,20,0.0,0.0
2009-12-15 00:00:00+09:00,1254.139404296875,1325.0580015636626,1254.139404296875,1254.139404296875,32930,0.0,0.0
2009-12-16 00:00:00+09:00,1269.0698032924106,1306.3953857421875,1194.418638392857,1306.3953857421875,45270,0.0,0.0
2009-12-17 00:00:00+09:00,1500.4884144810267,1500.4884144810267,1284.0000362723213,1306.3953857421875,40950,0.0,0.0
2009-12-18 00:00:00+09:00,1231.7440537274895,1321.325439453125,1231.7440537274895,1321.325439453125,38270,0.0,0.0
2009-12-21 00:00:00+09:00,1239.209526602337,1321.3258205338173,1239.209526602337,1317.59326171875,37390,0.0,0.0
2009-12-22 00:00:00+09:00,1321.325443812779,1321.325443812779,1254.139404296875,1254.139404296875,11300,0.0,0.0
2009-12-23 00:00:00+09:00,1254.1395210597827,1287.7325439453125,1254.1395210597827,1287.7325439453125,240,0.0,0.0
2009-12-24 00:00:00+09:00,1127.2325001436122,1306.3952816233916,1127.2325001436122,1269.0697021484375,2380,0.0,0.0
2009-12-28 00:00:00+09:00,1313.8603975183823,1313.8603975183823,1261.6045862534468,1269.0697021484375,740,0.0,0.0
2009-12-29 00:00:00+09:00,1342.1374960879543,1342.1374960879543,1269.0698387078078,1295.989501953125,1770,50.0,0.0
2009-12-30 00:00:00+09:00,1292.144040146315,1330.6007080078125,1265.2243726432669,1330.6007080078125,160,0.0,0.0
2010-01-04 00:00:00+09:00,1330.6005976679805,1330.6005976679805,1265.2242677247561,1280.60693359375,1140,0.0,0.0
2010-01-05 00:00:00+09:00,1315.217537939021,1315.217537939021,1292.143546045354,1303.6805419921875,330,0.0,0.0
2010-01-06 00:00:00+09:00,1272.915600659253,1322.9092647334835,1272.915600659253,1280.60693359375,350,0.0,0.0
2010-01-07 00:00:00+09:00,1269.0697454637098,1311.3720703125,1265.2240795683651,1311.3720703125,7230,0.0,0.0
2010-01-08 00:00:00+09:00,1269.0699939614922,1299.8353271484375,1230.6133274778108,1299.8353271484375,2760,0.0,0.0
2010-01-11 00:00:00+09:00,1107.5517636601796,1303.6807218083366,1107.5517636601796,1284.452392578125,350,0.0,0.0
2010-01-12 00:00:00+09:00,1253.6870658097866,1284.452392578125,1253.6870658097866,1284.452392578125,40,0.0,0.0
2010-01-13 00:00:00+09:00,1284.452392578125,1284.452392578125,1284.452392578125,1284.452392578125,10,0.0,0.0
2010-01-14 00:00:00+09:00,1319.0636603902783,1319.0636603902783,1245.9959940712833,1299.8353271484375,630,0.0,0.0
2010-01-15 00:00:00+09:00,1380.594261742211,1380.594261742211,1249.841601855762,1280.60693359375,4100,0.0,0.0
2010-01-18 00:00:00+09:00,1280.606758188101,1280.606758188101,1249.8414306640625,1249.8414306640625,0,0.0,0.0
2010-01-19 00:00:00+09:00,1253.6872802734374,1307.526611328125,1207.5392822265624,1307.526611328125,1580,0.0,0.0
2010-01-20 00:00:00+09:00,1307.526611328125,1307.526611328125,1307.526611328125,1307.526611328125,20,0.0,0.0
2010-01-21 00:00:00+09:00,1253.6873675977174,1295.9897020872108,1222.9220334235404,1226.7677001953125,19950,0.0,0.0
2010-01-22 00:00:00+09:00,1245.995849609375,1245.995849609375,1245.995849609375,1245.995849609375,20,0.0,0.0
2010-01-25 00:00:00+09:00,1180.6195135554042,1257.5328369140625,1180.6195135554042,1257.5328369140625,60,0.0,0.0
2010-01-26 00:00:00+09:00,1203.693492471018,1207.5391585811492,1169.0824974798388,1192.156494140625,4350,0.0,0.0
2010-01-27 00:00:00+09:00,1165.2365984235491,1176.7735944475446,1099.8602876209077,1130.6256103515625,26050,0.0,0.0
2010-01-28 00:00:00+09:00,1126.7800936090866,1146.0084228515625,1115.2430960636011,1146.0084228515625,1300,0.0,0.0
2010-01-29 00:00:00+09:00,1099.8606918543985,1146.0086929112265,1099.8606918543985,1122.9346923828125,1470,0.0,0.0
2010-02-01 00:00:00+09:00,1046.021299536672,1269.0699589966976,1046.021299536672,1219.0762939453125,2400,0.0,0.0
2010-02-02 00:00:00+09:00,1115.2430419921875,1215.2303492052802,1115.2430419921875,1115.2430419921875,4600,0.0,0.0
2010-02-03 00:00:00+09:00,1080.6319609142486,1130.6256103515625,1080.6319609142486,1130.6256103515625,30,0.0,0.0
2010-02-04 00:00:00+09:00,1084.4778571330326,1130.6258510535872,1084.4778571330326,1092.169189453125,50300,0.0,0.0
2010-02-05 00:00:00+09:00,1092.1693748763844,1215.230712890625,1092.1693748763844,1215.230712890625,14090,0.0,0.0
2010-02-08 00:00:00+09:00,1207.5394099934895,1303.6810827636718,1134.471738688151,1153.7000732421875,3500,0.0,0.0
2010-02-09 00:00:00+09:00,1161.3913775093947,1288.2983823365803,1161.3913775093947,1215.230712890625,7650,0.0,0.0
2010-02-10 00:00:00+09:00,1292.1439453125,1292.1439453125,1230.61328125,1230.61328125,11080,0.0,0.0
2010-02-11 00:00:00+09:00,1292.1438440393517,1292.1438440393517,1242.150183406877,1245.995849609375,910,0.0,0.0
2010-02-12 00:00:00+09:00,1245.9957804852222,1299.835104333349,1126.7801348215125,1276.7611083984375,810,0.0,0.0
2010-02-16 00:00:00+09:00,1299.8351681310276,1299.8351681310276,1288.29816959732,1295.989501953125,10900,0.0,0.0
2010-02-17 00:00:00+09:00,1307.5263876543788,1307.5263876543788,1176.7737488889409,1284.452392578125,19430,0.0,0.0
2010-02-18 00:00:00+09:00,1322.9092773437499,1322.9092773437499,1245.9959472656249,1307.526611328125,9790,0.0,0.0
2010-02-19 00:00:00+09:00,1307.5265004868324,1307.5265004868324,1230.6131769287833,1295.989501953125,164290,0.0,0.0
2010-02-22 00:00:00+09:00,1207.5393471927966,1242.1503475900424,1122.9346795550848,1134.4716796875,2700,0.0,0.0
2010-02-23 00:00:00+09:00,1107.5520127118643,1161.3913466631354,1107.5520127118643,1134.4716796875,1460,0.0,0.0
2010-02-24 00:00:00+09:00,1184.465344838627,1184.465344838627,1096.0150106461322,1172.9283447265625,100,0.0,0.0
2010-02-25 00:00:00+09:00,1096.0148125725823,1146.0084706899283,1092.1691465635558,1138.317138671875,670,0.0,0.0
2010-02-26 00:00:00+09:00,1184.46542730564,1184.46542730564,1092.169419983123,1103.7064208984375,730,0.0,0.0
2010-03-02 00:00:00+09:00,1165.2367843047145,1165.2367843047145,1053.7124716154844,1111.3974609375,800,0.0,0.0
2010-03-03 00:00:00+09:00,1076.7862955729167,1207.5389171781994,1076.7862955729167,1130.6256103515625,23180,0.0,0.0
2010-03-04 00:00:00+09:00,1115.2429489862352,1130.6256103515625,1107.5516183035716,1130.6256103515625,8700,0.0,0.0
2010-03-05 00:00:00+09:00,1111.3972836449034,1130.6256103515625,1107.5516183035716,1130.6256103515625,300,0.0,0.0
2010-03-08 00:00:00+09:00,1096.0146222795759,1130.6256103515625,1096.0146222795759,1130.6256103515625,160,0.0,0.0
2010-03-09 00:00:00+09:00,1130.625495831991,1130.625495831991,1092.168846313896,1119.0885009765625,4250,0.0,0.0
2010-03-10 00:00:00+09:00,1115.2430419921875,1115.2430419921875,1088.3233823578933,1115.2430419921875,140,0.0,0.0
2010-03-11 00:00:00+09:00,1149.8541366989548,1149.8541366989548,1138.317138671875,1138.317138671875,40,0.0,0.0
2010-03-12 00:00:00+09:00,1099.8607494212963,1142.1630859375,1099.8607494212963,1142.1630859375,6920,0.0,0.0
2010-03-15 00:00:00+09:00,1165.2366661658655,1311.3719576322117,1149.85400390625,1149.85400390625,39960,0.0,0.0
2010-03-16 00:00:00+09:00,1149.8543596659622,1261.3786955532962,1122.9346923828125,1122.9346923828125,16130,0.0,0.0
2010-03-17 00:00:00+09:00,1122.9343733162716,1153.6996986126078,1099.8603793440195,1115.2430419921875,7250,0.0,0.0
2010-03-18 00:00:00+09:00,1115.2432993913858,1149.854298338015,1026.79296875,1026.79296875,54900,0.0,0.0
2010-03-19 00:00:00+09:00,1092.1691854768933,1180.6195068359375,1084.4778531848026,1180.6195068359375,195450,0.0,0.0
2010-03-22 00:00:00+09:00,1345.983163934005,1357.5201624820106,1119.0888591565583,1169.08251953125,592170,0.0,0.0
2010-03-23 00:00:00+09:00,1126.7803353203667,1165.2370020548503,1061.4040018717449,1107.552001953125,173650,0.0,0.0
2010-03-24 00:00:00+09:00,1115.2432068782066,1157.5455354149663,1030.6385498046875,1030.6385498046875,58070,0.0,0.0
2010-03-25 00:00:00+09:00,1011.4103148489287,1046.0213142163825,988.3363152706262,1015.2559814453125,41580,0.0,0.0
2010-03-26 00:00:00+09:00,1022.9471721586222,1165.23681640625,1011.410173976382,1165.23681640625,153340,0.0,0.0
2010-03-29 00:00:00+09:00,1161.3914456332689,1172.928446748831,1022.9474322465215,1053.7127685546875,131400,0.0,0.0
2010-03-30 00:00:00+09:00,1111.3976323647619,1134.4716316526117,1030.6386348572878,1065.2496337890625,114000,0.0,0.0
2010-03-31 00:00:00+09:00,1069.0952765038396,1203.6936026823805,1065.2496100415956,1126.7802734375,73360,0.0,0.0
2010-04-01 00:00:00+09:00,1134.4716071473142,1292.1439322084664,1134.4716071473142,1203.693603515625,282270,0.0,0.0
2010-04-02 00:00:00+09:00,1153.699818560672,1380.5941162109375,1122.9344900657206,1380.5941162109375,334940,0.0,0.0
2010-04-05 00:00:00+09:00,1472.8899986489307,1584.414306640625,1430.587674927943,1584.414306640625,1088630,0.0,0.0
2010-04-06 00:00:00+09:00,1607.4886422442576,1607.4886422442576,1349.8289794921875,1349.8289794921875,654540,0.0,0.0
2010-04-07 00:00:00+09:00,1345.9831770076307,1549.8034866687863,1253.6871877271076,1488.2728271484375,618530,0.0,0.0
2010-04-08 00:00:00+09:00,1434.4336059570312,1507.50126953125,1330.6006103515624,1345.9832763671875,260900,0.0,0.0
2010-04-09 00:00:00+09:00,1380.5942749023436,1380.5942749023436,1284.4526123046874,1307.526611328125,108120,0.0,0.0
2010-04-12 00:00:00+09:00,1319.0638011585581,1319.0638011585581,1115.243447043679,1184.4654541015625,272210,0.0,0.0
2010-04-13 00:00:00+09:00,1215.230615234375,1276.761279296875,1184.465283203125,1230.61328125,124560,0.0,0.0
2010-04-14 00:00:00+09:00,1226.7673787434896,1292.1436967329546,1215.230381451231,1269.0697021484375,131050,0.0,0.0
2010-04-15 00:00:00+09:00,1315.2176037929569,1322.90893480929,1234.4586281214597,1272.915283203125,63330,0.0,0.0
2010-04-16 00:00:00+09:00,1261.378484122984,1284.4524807837702,1157.5454991494455,1192.156494140625,114980,0.0,0.0
2010-04-19 00:00:00+09:00,1199.8478109529703,1211.3848091352104,1149.8541521632633,1165.23681640625,93140,0.0,0.0
2010-04-20 00:00:00+09:00,1169.0824044585988,1207.5390625,1165.2367386544586,1207.5390625,50950,0.0,0.0
2010-04-21 00:00:00+09:00,1207.5392943180698,1230.6132935725552,1192.156628148413,1219.0762939453125,41400,0.0,0.0
2010-04-22 00:00:00+09:00,1219.07602059768,1257.5326773988688,1192.156360836848,1253.68701171875,58870,0.0,0.0
2010-04-23 00:00:00+09:00,1234.4588510018807,1265.2241806218653,1215.2305199893904,1245.995849609375,41170,0.0,0.0
2010-04-26 00:00:00+09:00,1234.4589601149694,1245.995959742212,1219.0762939453125,1219.0762939453125,32710,0.0,0.0
2010-04-27 00:00:00+09:00,1207.5391698582553,1234.458832880573,1176.773840689892,1180.6195068359375,37530,0.0,0.0
2010-04-28 00:00:00+09:00,1153.6996986126078,1176.7736925848599,1092.1690480199354,1115.2430419921875,101200,0.0,0.0
2010-04-29 00:00:00+09:00,1096.0145502505095,1115.242875693501,1061.403564453125,1061.403564453125,64980,0.0,0.0
2010-04-30 00:00:00+09:00,1072.9408116907507,1099.8604736328125,1072.9408116907507,1099.8604736328125,42550,0.0,0.0
2010-05-03 00:00:00+09:00,1092.1688851619112,1092.1688851619112,1042.1752390101335,1061.403564453125,71380,0.0,0.0
2010-05-04 00:00:00+09:00,1061.4039676966293,1092.169300093633,1015.2559691011236,1026.79296875,23280,0.0,0.0
2010-05-06 00:00:00+09:00,1026.792835828993,1053.712498191551,1011.4101716218172,1038.329833984375,24130,0.0,0.0
2010-05-07 00:00:00+09:00,1030.6383433288802,1069.094997930704,1003.7186851076034,1034.4840087890625,51110,0.0,0.0
2010-05-10 00:00:00+09:00,1057.558326434372,1061.4039930759516,1003.7189934522586,1022.9473266601562,21140,0.0,0.0
2010-05-11 00:00:00+09:00,1084.477826605903,1084.477826605903,1022.9471697771992,1038.329833984375,12970,0.0,0.0
2010-05-12 00:00:00+09:00,1026.7929441502793,1046.0212764377377,984.4906131178708,1011.4102783203125,51930,0.0,0.0
2010-05-13 00:00:00+09:00,1015.2558376736112,1038.329833984375,999.8731734664352,1038.329833984375,38610,0.0,0.0
2010-05-14 00:00:00+09:00,1015.2559686653881,1072.9409668850124,1003.7189690214632,1065.2496337890625,29060,0.0,0.0
2010-05-17 00:00:00+09:00,1026.7926778686979,1065.2493324705217,1026.7926778686979,1034.4840087890625,58910,0.0,0.0
2010-05-18 00:00:00+09:00,1053.7126958510455,1069.0953629437615,1022.9473616656136,1046.0213623046875,37310,0.0,0.0
2010-05-19 00:00:00+09:00,1061.4036670103392,1061.4036670103392,1015.2556814881506,1034.4840087890625,20200,0.0,0.0
2010-05-20 00:00:00+09:00,1042.1754815153374,1042.1754815153374,988.3361577470174,992.1818237304688,28870,0.0,0.0
2010-05-24 00:00:00+09:00,992.1817690429688,992.1817690429688,957.5707770996094,961.4164428710938,35670,0.0,0.0
2010-05-25 00:00:00+09:00,942.1880204450046,953.7250166137189,888.3487049910043,926.8053588867188,71930,0.0,0.0
2010-05-26 00:00:00+09:00,899.8858097264024,946.033799968782,899.8858097264024,938.3424682617188,31130,0.0,0.0
2010-05-27 00:00:00+09:00,922.9598413584184,972.9534994319994,922.9598413584184,942.1881713867188,12160,0.0,0.0
2010-05-28 00:00:00+09:00,961.4167232437437,972.9537239226687,949.8797225648188,965.2623901367188,15560,0.0,0.0
2010-05-31 00:00:00+09:00,969.1079709539154,999.8733033651507,965.2623044025108,988.3363037109375,14540,0.0,0.0
2010-06-01 00:00:00+09:00,984.4906131178708,1022.9472776927876,984.4906131178708,1011.4102783203125,4710,0.0,0.0
2010-06-03 00:00:00+09:00,1026.7929187907216,1026.7929187907216,988.3362551656008,996.027587890625,8040,0.0,0.0
2010-06-04 00:00:00+09:00,1030.638610607771,1030.638610607771,992.1819460328542,1011.4102783203125,8660,0.0,0.0
2010-06-07 00:00:00+09:00,957.5707390472179,1007.5643920898438,957.5707390472179,1007.5643920898438,4160,0.0,0.0
2010-06-08 00:00:00+09:00,1022.94731463808,1022.94731463808,992.1819818670099,1015.2559814453125,3280,0.0,0.0
2010-06-09 00:00:00+09:00,1007.5646364679595,1026.7929692249818,984.490637159533,988.3363037109375,27130,0.0,0.0
2010-06-10 00:00:00+09:00,1022.9471515980803,1022.9471515980803,980.6448257801145,992.1818237304688,9790,0.0,0.0
2010-06-11 00:00:00+09:00,1015.2557233271708,1015.2557233271708,992.1817296151896,1007.5643920898438,13160,0.0,0.0
2010-06-14 00:00:00+09:00,1022.9472029528855,1022.9472029528855,1003.7188720703125,1003.7188720703125,4910,0.0,0.0
2010-06-15 00:00:00+09:00,1015.2559814453125,1022.94731463808,999.8733150597775,1015.2559814453125,8210,0.0,0.0
2010-06-16 00:00:00+09:00,1042.1753826578156,1042.1753826578156,999.8730608525167,1007.5643920898438,13420,0.0,0.0
2010-06-17 00:00:00+09:00,1019.1013889458343,1019.1013889458343,984.4903983778626,1007.5643920898438,26180,0.0,0.0
2010-06-18 00:00:00+09:00,1003.7187264711803,1007.5643920898438,992.1817296151896,1007.5643920898438,5310,0.0,0.0
2010-06-21 00:00:00+09:00,996.0273952338532,1007.5643920898438,996.0273952338532,1007.5643920898438,24120,0.0,0.0
2010-06-22 00:00:00+09:00,999.8730608525167,1011.4100577085072,992.1817296151896,1007.5643920898438,17990,0.0,0.0
2010-06-23 00:00:00+09:00,996.0276124903459,1019.1016112352959,992.1819460328542,1011.4102783203125,13720,0.0,0.0
2010-06-24 00:00:00+09:00,1038.3299932264745,1053.7126597927925,1015.2559933769973,1022.9473266601562,210,0.0,0.0
2010-06-25 00:00:00+09:00,1030.6385851532336,1030.6385851532336,988.3362551656008,996.027587890625,24530,0.0,0.0
2010-06-28 00:00:00+09:00,1015.2558196311774,1030.638483564983,988.3361577470174,992.1818237304688,17960,0.0,0.0
2010-06-29 00:00:00+09:00,984.490491763566,999.8731556973717,984.490491763566,992.1818237304688,3240,0.0,0.0
2010-06-30 00:00:00+09:00,988.3361684761795,988.3361684761795,969.1078383501838,980.6448364257812,1100,0.0,0.0
2010-07-01 00:00:00+09:00,980.6451165676117,999.8734521865845,976.7994494438171,984.4907836914062,16720,0.0,0.0
2010-07-02 00:00:00+09:00,984.490637159533,999.8733033651507,984.490637159533,988.3363037109375,11910,0.0,0.0
2010-07-05 00:00:00+09:00,1003.7189206156492,1003.7189206156492,988.3362551656008,996.027587890625,10630,0.0,0.0
2010-07-06 00:00:00+09:00,988.336207364254,1015.2558705998563,988.336207364254,1003.7188720703125,13620,0.0,0.0
2010-07-07 00:00:00+09:00,992.181921528113,1011.4102533406733,988.3362551656008,996.027587890625,4040,0.0,0.0
2010-07-08 00:00:00+09:00,999.8732789478375,1019.1016112352959,992.1819460328542,1011.4102783203125,9540,0.0,0.0
2010-07-09 00:00:00+09:00,1026.792883574073,1030.6385498046875,1003.718886190386,1030.6385498046875,27310,0.0,0.0
2010-07-12 00:00:00+09:00,1046.021166087963,1046.021166087963,1019.1015037254051,1038.329833984375,46420,0.0,0.0
2010-07-13 00:00:00+09:00,1038.329849735383,1192.156494140625,1011.4101869644658,1192.156494140625,235130,0.0,0.0
2010-07-14 00:00:00+09:00,1369.05712890625,1369.05712890625,1369.05712890625,1369.05712890625,32420,0.0,0.0
2010-07-15 00:00:00+09:00,1572.877685546875,1572.877685546875,1572.877685546875,1572.877685546875,36600,0.0,0.0
2010-07-16 00:00:00+09:00,1807.4632071623037,1807.4632071623037,1726.7042127997327,1776.6978759765625,2865710,0.0,0.0
2010-07-19 00:00:00+09:00,1576.723126515784,1726.7041068428953,1511.3468017578125,1511.3468017578125,1642210,0.0,0.0
2010-07-20 00:00:00+09:00,1584.414521836743,1680.556179715186,1415.205203970683,1492.1185302734375,919840,0.0,0.0
2010-07-21 00:00:00+09:00,1492.118318818306,1515.1923134392077,1353.6743510928961,1407.513671875,454140,0.0,0.0
2010-07-22 00:00:00+09:00,1438.2792724609374,1438.2792724609374,1330.6006103515624,1345.9832763671875,241840,0.0,0.0
2010-07-23 00:00:00+09:00,1376.7484074735094,1545.9577089507004,1330.600416161548,1338.291748046875,1336180,0.0,0.0
2010-07-26 00:00:00+09:00,1361.3659297843021,1376.748595657571,1280.60693394964,1319.0635986328125,498710,0.0,0.0
2010-07-27 00:00:00+09:00,1322.9091209258597,1345.9831172210781,1292.143792532235,1342.137451171875,258210,0.0,0.0
2010-07-28 00:00:00+09:00,1349.8285257795217,1353.6741910951328,1292.143546045354,1303.6805419921875,106720,0.0,0.0
2010-07-29 00:00:00+09:00,1330.6004530242658,1438.279102401952,1307.5264567290474,1342.137451171875,477040,0.0,0.0
2010-07-30 00:00:00+09:00,1361.36589184142,1361.36589184142,1303.6808964244108,1315.2178955078125,184600,0.0,0.0
2010-08-02 00:00:00+09:00,1303.681004797894,1372.9030050526494,1295.9896714362546,1326.7550048828125,118760,0.0,0.0
2010-08-03 00:00:00+09:00,1349.8289303793504,1353.6745968476675,1319.0635986328125,1319.0635986328125,84670,0.0,0.0
2010-08-04 00:00:00+09:00,1334.4462768554688,1338.291943359375,1307.526611328125,1307.526611328125,80320,0.0,0.0
2010-08-05 00:00:00+09:00,1307.5265992278607,1330.6005980377643,1299.8352662912264,1319.0635986328125,62070,0.0,0.0
2010-08-06 00:00:00+09:00,1326.7547338938784,1334.4460656845674,1307.5264044171554,1311.3720703125,51280,0.0,0.0
2010-08-09 00:00:00+09:00,1315.2180408632137,1334.4463747939624,1303.6810405047643,1330.6007080078125,42150,0.0,0.0
2010-08-10 00:00:00+09:00,1330.6003997892228,1330.6003997892228,1311.3720703125,1311.3720703125,47260,0.0,0.0
2010-08-11 00:00:00+09:00,1311.372327093542,1322.9093270386466,1299.8353271484375,1299.8353271484375,40100,0.0,0.0
2010-08-12 00:00:00+09:00,1276.7613272582287,1315.2179937419103,1249.8416607196514,1299.8353271484375,19830,0.0,0.0
2010-08-13 00:00:00+09:00,1299.8352300632766,1330.6005609523484,1288.298230979875,1315.2178955078125,103710,0.0,0.0
2010-08-16 00:00:00+09:00,1322.9088685702434,1330.6001992014658,1284.4522154141316,1303.6805419921875,24110,0.0,0.0
2010-08-17 00:00:00+09:00,1319.063513467478,1380.594172987827,1303.680848587391,1322.9091796875,39800,0.0,0.0
2010-08-18 00:00:00+09:00,1299.8350989300272,1484.4270656419837,1299.8350989300272,1415.205078125,218900,0.0,0.0
2010-08-19 00:00:00+09:00,1407.5139656713452,1411.359632244218,1338.2919673596398,1361.365966796875,82130,0.0,0.0
2010-08-20 00:00:00+09:00,1380.5939761075106,1380.5939761075106,1330.600322376598,1353.67431640625,37060,0.0,0.0
2010-08-23 00:00:00+09:00,1369.0569790926845,1369.0569790926845,1338.2916537198153,1353.67431640625,15200,0.0,0.0
2010-08-24 00:00:00+09:00,1369.057275390625,1369.057275390625,1307.526611328125,1345.9832763671875,36250,0.0,0.0
2010-08-25 00:00:00+09:00,1319.0634697046173,1380.5941271835497,1319.0634697046173,1369.05712890625,32370,0.0,0.0
2010-08-26 00:00:00+09:00,1380.5941702845241,1572.8774809091096,1357.520173009574,1449.816162109375,290380,0.0,0.0
2010-08-27 00:00:00+09:00,1445.9704958968832,1553.6491498466512,1411.359499984458,1449.816162109375,155830,0.0,0.0
2010-08-30 00:00:00+09:00,1449.8162237836427,1530.5752176814053,1449.8162237836427,1469.0445556640625,232280,0.0,0.0
2010-08-31 00:00:00+09:00,1499.80965919865,1615.1796329831616,1438.279006513577,1584.414306640625,348790,0.0,0.0
2010-09-01 00:00:00+09:00,1615.1797134724068,1807.4630126953125,1580.5687196122838,1807.4630126953125,351660,0.0,0.0
2010-09-02 00:00:00+09:00,1792.0804859636016,1861.302478983655,1657.482166202387,1669.0191650390625,200610,0.0,0.0
2010-09-03 00:00:00+09:00,1638.25374070259,1703.630063688374,1599.797080122717,1684.4017333984375,158500,0.0,0.0
2010-09-06 00:00:00+09:00,1703.629789416422,1734.395112927328,1642.0991423946098,1719.012451171875,45890,0.0,0.0
2010-09-07 00:00:00+09:00,1719.0127155698578,1792.0803701466527,1676.7103892359241,1784.3890380859375,83510,0.0,0.0
2010-09-08 00:00:00+09:00,1830.5375084918478,1830.5375084918478,1749.7785007642663,1769.0068359375,85520,0.0,0.0
2010-09-09 00:00:00+09:00,1753.623591796875,1999.746201171875,1753.623591796875,1922.8328857421875,258120,0.0,0.0
2010-09-10 00:00:00+09:00,1922.8331457023696,2149.727456895249,1922.8331457023696,1988.20947265625,313570,0.0,0.0
2010-09-13 00:00:00+09:00,2034.3577425830254,2145.882080078125,1988.2097408609152,2145.882080078125,188130,0.0,0.0
2010-09-14 00:00:00+09:00,2199.721432411124,2199.721432411124,1930.524753619553,2095.888427734375,184360,0.0,0.0
2010-09-15 00:00:00+09:00,2084.3511562237586,2084.3511562237586,1949.7528343273902,2003.5921630859375,122030,0.0,0.0
2010-09-16 00:00:00+09:00,1999.7464967460412,2049.740159164692,1903.6048382486354,2003.5921630859375,221110,0.0,0.0
2010-09-17 00:00:00+09:00,1984.3640305397726,2188.184367009943,1980.5183638139204,2115.11669921875,265530,0.0,0.0
2010-09-20 00:00:00+09:00,2122.8077445652175,2207.4124010515125,1968.9810964083176,2034.357421875,232420,0.0,0.0
2010-09-24 00:00:00+09:00,2038.2035283627717,2065.123197605299,1769.0068359375,1769.0068359375,335020,0.0,0.0
2010-09-27 00:00:00+09:00,1807.463129966792,1819.0001286687077,1557.4948247586185,1565.1861572265625,372080,0.0,0.0
2010-09-28 00:00:00+09:00,1553.649215937909,1595.9515460748323,1469.0445556640625,1469.0445556640625,323640,0.0,0.0
2010-09-29 00:00:00+09:00,1469.0445062070037,1661.3278185377635,1449.816174973928,1642.0994873046875,598650,0.0,0.0
2010-09-30 00:00:00+09:00,1642.0994873046875,1642.0994873046875,1642.0994873046875,1642.0994873046875,0,0.0,10.0
2010-10-01 00:00:00+09:00,1642.0994873046875,1642.0994873046875,1642.0994873046875,1642.0994873046875,0,0.0,0.0
2010-10-04 00:00:00+09:00,1642.0994873046875,1642.0994873046875,1642.0994873046875,1642.0994873046875,0,0.0,0.0
2010-10-05 00:00:00+09:00,1642.0994873046875,1642.0994873046875,1642.0994873046875,1642.0994873046875,0,0.0,0.0
2010-10-06 00:00:00+09:00,1642.0994873046875,1642.0994873046875,1642.0994873046875,1642.0994873046875,0,0.0,0.0
2010-10-07 00:00:00+09:00,1642.0994873046875,1642.0994873046875,1642.0994873046875,1642.0994873046875,0,0.0,0.0
2010-10-08 00:00:00+09:00,1642.0994873046875,1642.0994873046875,1642.0994873046875,1642.0994873046875,0,0.0,0.0
2010-10-11 00:00:00+09:00,1642.0994873046875,1642.0994873046875,1642.0994873046875,1642.0994873046875,0,0.0,0.0
2010-10-12 00:00:00+09:00,1642.0994873046875,1642.0994873046875,1642.0994873046875,1642.0994873046875,0,0.0,0.0
2010-10-13 00:00:00+09:00,1642.0994873046875,1642.0994873046875,1642.0994873046875,1642.0994873046875,0,0.0,0.0
2010-10-14 00:00:00+09:00,1642.0994873046875,1642.0994873046875,1642.0994873046875,1642.0994873046875,0,0.0,0.0
2010-10-15 00:00:00+09:00,1522.8838607945395,1615.1798523578448,1422.8965366009586,1492.1185302734375,867624,0.0,0.0
2010-10-18 00:00:00+09:00,1519.0380594004757,1519.0380594004757,1399.822414232337,1415.205078125,250834,0.0,0.0
2010-10-19 00:00:00+09:00,1457.5074647845645,1457.5074647845645,1372.9028098366477,1395.976806640625,151836,0.0,0.0
2010-10-20 00:00:00+09:00,1384.4398193359375,1422.896480984158,1369.0571546766494,1384.4398193359375,76067,0.0,0.0
2010-10-21 00:00:00+09:00,1407.5137026490283,1430.5876977744224,1372.9027099609375,1372.9027099609375,96342,0.0,0.0
2010-10-22 00:00:00+09:00,1392.1312993798551,1392.1312993798551,1330.6006342138946,1361.365966796875,168996,0.0,0.0
2010-10-25 00:00:00+09:00,1361.365785901593,1411.3594447058886,1353.674453777855,1380.5941162109375,93751,0.0,0.0
2010-10-26 00:00:00+09:00,1407.5137407526624,1407.5137407526624,1369.0570811692564,1376.7484130859375,69528,0.0,0.0
2010-10-27 00:00:00+09:00,1376.7484074735094,1403.6680690721532,1330.600416161548,1338.291748046875,144873,0.0,0.0
2010-10-28 00:00:00+09:00,1345.983300505385,1376.748633088365,1315.2179679224046,1361.365966796875,99018,0.0,0.0
2010-10-29 00:00:00+09:00,1357.5199820778587,1384.4396417791193,1326.7546567049892,1353.67431640625,67997,0.0,0.0
2010-11-01 00:00:00+09:00,1353.6745968476675,1361.3659297843021,1315.2179321644953,1319.0635986328125,90334,0.0,0.0
2010-11-02 00:00:00+09:00,1326.7549438476562,1326.7549438476562,1292.1439453125,1307.526611328125,52996,0.0,0.0
2010-11-03 00:00:00+09:00,1295.9896118164063,1330.6006103515624,1288.2982788085938,1307.526611328125,46205,0.0,0.0
2010-11-04 00:00:00+09:00,1315.2177628226902,1503.6553955078125,1307.5264308763587,1503.6553955078125,491770,0.0,0.0
2010-11-05 00:00:00+09:00,1499.8098197749914,1499.8098197749914,1407.5138308657613,1411.3594970703125,419299,0.0,0.0
2010-11-08 00:00:00+09:00,1384.4399789663462,1388.285645574586,1349.8289794921875,1349.8289794921875,155038,0.0,0.0
2010-11-09 00:00:00+09:00,1334.446119073469,1388.285443762312,1334.446119073469,1342.137451171875,78491,0.0,0.0
2010-11-10 00:00:00+09:00,1353.674490017361,1445.9704779730903,1353.674490017361,1384.4398193359375,77258,0.0,0.0
2010-11-11 00:00:00+09:00,1407.5139775579985,1419.0509773740478,1372.9029781098511,1388.28564453125,54531,0.0,0.0
2010-11-12 00:00:00+09:00,1422.8965932773779,1422.8965932773779,1307.5265992278607,1319.0635986328125,94567,0.0,0.0
2010-11-15 00:00:00+09:00,1326.7547168845902,1338.2917144227172,1284.452392578125,1284.452392578125,43658,0.0,0.0
2010-11-16 00:00:00+09:00,1276.7608847829092,1338.291529832688,1276.7608847829092,1303.6805419921875,39950,0.0,0.0
2010-11-17 00:00:00+09:00,1303.6808830602845,1311.372215703708,1276.7612188083021,1288.2982177734375,24569,0.0,0.0
2010-11-18 00:00:00+09:00,1303.6809327595436,1326.7549315694469,1272.9156010130057,1319.0635986328125,28742,0.0,0.0
2010-11-19 00:00:00+09:00,1330.6007080078125,1361.3660422970106,1307.5267072909141,1330.6007080078125,23711,0.0,0.0
2010-11-22 00:00:00+09:00,1322.9092773437499,1357.5202758789062,1311.3722778320312,1345.9832763671875,44828,0.0,0.0
2010-11-23 00:00:00+09:00,1353.6745094476744,1353.6745094476744,1322.9091796875,1322.9091796875,8752,0.0,0.0
2010-11-24 00:00:00+09:00,1238.304293629626,1299.8349417602908,1176.7736454989615,1272.915283203125,55423,0.0,0.0
2010-11-25 00:00:00+09:00,1288.2981837073037,1342.137510787609,1261.3785201671512,1322.9091796875,35313,0.0,0.0
2010-11-26 00:00:00+09:00,1322.9092251795419,1330.600557884074,1230.6132327251553,1238.3045654296875,37375,0.0,0.0
2010-11-29 00:00:00+09:00,1222.921875,1245.9958726415093,1219.0762087264152,1222.921875,27019,0.0,0.0
2010-11-30 00:00:00+09:00,1245.995959742212,1245.995959742212,1192.156628148413,1219.0762939453125,21911,0.0,0.0
2010-12-01 00:00:00+09:00,1226.7677001953125,1257.5330343694895,1199.8480327929074,1226.7677001953125,16736,0.0,0.0
2010-12-02 00:00:00+09:00,1245.995959742212,1253.6872928270407,1219.0762939453125,1219.0762939453125,20862,0.0,0.0
2010-12-03 00:00:00+09:00,1238.3045400943397,1238.3045400943397,1199.8478773584905,1222.921875,13848,0.0,0.0
2010-12-06 00:00:00+09:00,1230.6131737385322,1322.909161768922,1211.3848428988676,1257.5328369140625,7613,0.0,0.0
2010-12-07 00:00:00+09:00,1265.2240944260818,1265.2240944260818,1230.6131009615385,1249.8414306640625,20730,0.0,0.0
2010-12-08 00:00:00+09:00,1238.3046509929907,1265.2243173189252,1230.6133177570093,1234.458984375,32131,0.0,0.0
2010-12-09 00:00:00+09:00,1230.6131847993827,1284.4525116343557,1230.6131847993827,1245.995849609375,32754,0.0,0.0
2010-12-10 00:00:00+09:00,1261.3785635432841,1261.3785635432841,1234.4588990774214,1238.3045654296875,17375,0.0,0.0
2010-12-13 00:00:00+09:00,1284.4526713937953,1403.6683384992075,1249.8416712664175,1326.7550048828125,143362,0.0,0.0
2010-12-14 00:00:00+09:00,1345.9832763671875,1345.9832763671875,1292.1439453125,1307.526611328125,49040,0.0,0.0
2010-12-15 00:00:00+09:00,1330.6003827306324,1330.6003827306324,1276.7610608860405,1284.452392578125,37756,0.0,0.0
2010-12-16 00:00:00+09:00,1303.680754562904,1338.291748046875,1280.6067589069235,1338.291748046875,21134,0.0,0.0
2010-12-17 00:00:00+09:00,1338.291844567587,1376.748506767805,1299.8351823673693,1322.9091796875,40891,0.0,0.0
2010-12-20 00:00:00+09:00,1299.835055962294,1299.835055962294,1245.995734117702,1284.452392578125,63204,0.0,0.0
2010-12-21 00:00:00+09:00,1299.8350587305235,1472.8900221709778,1265.2240660424327,1372.9027099609375,163206,0.0,0.0
2010-12-22 00:00:00+09:00,1338.291833179485,1411.3594907381348,1334.4461669921875,1334.4461669921875,40162,0.0,0.0
2010-12-23 00:00:00+09:00,1357.52026293872,1392.1312611439564,1261.3786012575076,1280.60693359375,85300,0.0,0.0
2010-12-24 00:00:00+09:00,1276.761365525266,1292.1440325797873,1261.3786984707447,1265.224365234375,26821,0.0,0.0
2010-12-27 00:00:00+09:00,1253.6870390920928,1272.9153679125236,1245.9957075639204,1269.0697021484375,37873,0.0,0.0
2010-12-28 00:00:00+09:00,1269.0700319980053,1303.6810328706783,1253.687364943484,1265.224365234375,18662,0.0,0.0
2010-12-29 00:00:00+09:00,1316.7846927472015,1495.264545679804,1261.2576273903917,1328.683349609375,67323,50.0,0.0
2010-12-30 00:00:00+09:00,1340.5824927181177,1384.2109170373465,1320.751390754832,1372.312255859375,24909,0.0,0.0
2011-01-03 00:00:00+09:00,1368.3461874335474,1368.3461874335474,1332.650199935281,1340.5826416015625,13807,0.0,0.0
2011-01-04 00:00:00+09:00,1340.5826416015625,1360.413745767266,1328.6839791021403,1340.5826416015625,30559,0.0,0.0
2011-01-05 00:00:00+09:00,1348.5148589282442,1356.4472992748808,1332.6499782349706,1352.4810791015625,47421,0.0,0.0
2011-01-06 00:00:00+09:00,1352.480878194173,1396.1092936197917,1316.7849019368489,1332.6497802734375,50966,0.0,0.0
2011-01-07 00:00:00+09:00,1336.6161897396612,1352.481070330043,1308.8526487064933,1324.717529296875,18681,0.0,0.0
2011-01-10 00:00:00+09:00,1340.5824226148202,1356.4473033558238,1292.9877803918087,1308.8526611328125,50544,0.0,0.0
2011-01-11 00:00:00+09:00,1308.8526738640721,1320.7513345355637,1289.0215727449195,1292.98779296875,33299,0.0,0.0
2011-01-12 00:00:00+09:00,1285.055352521089,1308.8526738640721,1281.0891322972584,1292.98779296875,14841,0.0,0.0
2011-01-13 00:00:00+09:00,1308.8525724555946,1312.8187923721268,1281.08903303987,1304.8863525390625,24646,0.0,0.0
2011-01-14 00:00:00+09:00,1304.8864666482675,1304.8864666482675,1265.2242640145816,1277.1229248046875,46190,0.0,0.0
2011-01-17 00:00:00+09:00,1277.1229248046875,1285.0553653314246,1261.258043751213,1277.1229248046875,15658,0.0,0.0
2011-01-18 00:00:00+09:00,1261.258043751213,1281.089145068056,1237.4607221710014,1277.1229248046875,18540,0.0,0.0
2011-01-19 00:00:00+09:00,1277.1227805397727,1277.1227805397727,1217.629483309659,1221.595703125,77515,0.0,0.0
2011-01-20 00:00:00+09:00,1221.5958723313738,1237.4607537902227,1201.7647705078125,1201.7647705078125,28074,0.0,0.0
2011-01-21 00:00:00+09:00,1217.6295715134506,1225.56201171875,1201.7646911028519,1225.56201171875,19413,0.0,0.0
2011-01-24 00:00:00+09:00,1209.6971772846423,1229.5282785516035,1197.7985165244654,1205.73095703125,19784,0.0,0.0
2011-01-25 00:00:00+09:00,1201.7647367778577,1257.2918203253496,1201.7647367778577,1205.73095703125,48054,0.0,0.0
2011-01-26 00:00:00+09:00,1205.7308900122548,1225.56199017693,1201.7646699793197,1213.663330078125,16523,0.0,0.0
2011-01-27 00:00:00+09:00,1209.6972387281514,1316.7851910090042,1170.0350341796875,1170.0350341796875,251731,0.0,0.0
2011-01-28 00:00:00+09:00,1181.9337239016224,1181.9337239016224,1122.4404156515407,1138.3052978515625,79628,0.0,0.0
2011-01-31 00:00:00+09:00,1138.305064494534,1138.305064494534,1114.5077460730456,1122.440185546875,21926,0.0,0.0
2011-02-01 00:00:00+09:00,1138.3052776497855,1170.0350414867132,1118.4741752517057,1126.4066162109375,58459,0.0,0.0
2011-02-07 00:00:00+09:00,1146.23758231269,1162.1024623446995,1110.5416022406685,1142.2713623046875,15950,0.0,0.0
2011-02-08 00:00:00+09:00,1130.3728567515516,1150.2039595015788,1126.4066362015462,1138.3052978515625,51586,0.0,0.0
2011-02-09 00:00:00+09:00,1130.3725488788116,1162.1023046368134,1130.3725488788116,1146.2374267578125,20831,0.0,0.0
2011-02-10 00:00:00+09:00,1150.2038833942818,1150.2038833942818,1118.47412109375,1118.47412109375,24472,0.0,0.0
2011-02-11 00:00:00+09:00,1118.4739658099602,1181.9334816005965,1118.4739658099602,1122.440185546875,14820,0.0,0.0
2011-02-14 00:00:00+09:00,1134.3390571701696,1134.3390571701696,1102.6092933332416,1126.4066162109375,26788,0.0,0.0
2011-02-15 00:00:00+09:00,1126.406561668883,1146.2376631067154,1102.609239943484,1118.47412109375,44612,0.0,0.0
2011-02-16 00:00:00+09:00,1130.3727264404297,1134.3389465332032,1110.5416259765625,1110.5416259765625,19622,0.0,0.0
2011-02-17 00:00:00+09:00,1118.4740661621095,1138.3051666259767,1086.7443054199218,1110.5416259765625,31619,0.0,0.0
2011-02-18 00:00:00+09:00,1126.4065063476562,1126.4065063476562,1090.7105255126953,1110.5416259765625,27888,0.0,0.0
2011-02-21 00:00:00+09:00,1138.3051205283718,1138.3051205283718,1102.6091411389802,1130.3726806640625,16046,0.0,0.0
2011-02-22 00:00:00+09:00,1134.3389244768164,1134.3389244768164,1086.744284288978,1098.6429443359375,38033,0.0,0.0
2011-02-23 00:00:00+09:00,1118.4739658099602,1126.4064052837898,1098.6428671253866,1122.440185546875,2502,0.0,0.0
2011-02-24 00:00:00+09:00,1126.4064052837898,1126.4064052837898,1094.6766473884718,1122.440185546875,7264,0.0,0.0
2011-02-25 00:00:00+09:00,1118.47412109375,1126.406561668883,1098.6430196559174,1118.47412109375,6491,0.0,0.0
2011-02-28 00:00:00+09:00,1094.676712633452,1118.4740324733098,1094.676712633452,1114.5078125,13448,0.0,0.0
2011-03-02 00:00:00+09:00,1118.4740324733098,1118.4740324733098,1098.6429326067616,1114.5078125,3720,0.0,0.0
2011-03-03 00:00:00+09:00,1110.541537158378,1118.4739767095095,1102.609097607247,1106.5753173828125,12552,0.0,0.0
2011-03-04 00:00:00+09:00,1122.4400869516226,1142.2711838942307,1110.5414287860576,1134.3387451171875,27579,0.0,0.0
2011-03-07 00:00:00+09:00,1110.5416805186169,1126.406561668883,1098.6430196559174,1118.47412109375,41821,0.0,0.0
2011-03-08 00:00:00+09:00,1106.5755138128577,1126.4066162109375,1102.6092933332416,1126.4066162109375,25945,0.0,0.0
2011-03-09 00:00:00+09:00,1126.4066162109375,1130.3728366905534,1110.5417342924736,1126.4066162109375,28334,0.0,0.0
2011-03-10 00:00:00+09:00,1110.5414287860576,1134.3387451171875,1110.5414287860576,1134.3387451171875,17093,0.0,0.0
2011-03-11 00:00:00+09:00,1130.3726364661907,1177.967273791083,1130.3726364661907,1150.2037353515625,67889,0.0,0.0
2011-03-14 00:00:00+09:00,1166.0688210070973,1197.798584844025,1126.4066162109375,1126.4066162109375,87854,0.0,0.0
2011-03-15 00:00:00+09:00,1126.406553622159,1146.2376549183239,1055.0145889559658,1090.7105712890625,62557,0.0,0.0
2011-03-16 00:00:00+09:00,1074.8457236185561,1110.5417070597628,1074.8457236185561,1086.744384765625,16545,0.0,0.0
2011-03-17 00:00:00+09:00,1074.8457163835733,1078.8119367392321,1055.0146146052787,1058.9808349609375,26369,0.0,0.0
2011-03-18 00:00:00+09:00,1070.8794281119308,1078.8118683201674,1035.1834471748664,1066.9132080078125,22353,0.0,0.0
2011-03-21 00:00:00+09:00,1074.845612766904,1118.4740324733098,1074.845612766904,1114.5078125,43180,0.0,0.0
2011-03-22 00:00:00+09:00,1126.406460731908,1146.237560392681,1118.4740208675987,1130.3726806640625,40937,0.0,0.0
2011-03-23 00:00:00+09:00,1126.4065033693084,1154.1700439453125,1126.4065033693084,1154.1700439453125,28392,0.0,0.0
2011-03-24 00:00:00+09:00,1158.136242336697,1158.136242336697,1142.2713623046875,1142.2713623046875,15827,0.0,0.0
2011-03-25 00:00:00+09:00,1158.1360851670631,1158.1360851670631,1126.4063294090613,1146.2374267578125,16827,0.0,0.0
2011-03-28 00:00:00+09:00,1146.2376913828393,1158.1363525390625,1126.4065894558005,1158.1363525390625,9602,0.0,0.0
2011-03-29 00:00:00+09:00,1158.1362402670359,1237.460640285326,1150.2038002652068,1185.8997802734375,93606,0.0,0.0
2011-03-30 00:00:00+09:00,1193.8322881319707,1193.8322881319707,1158.1363060948022,1177.9674072265625,31963,0.0,0.0
2011-03-31 00:00:00+09:00,1181.93359375,1189.86603397651,1162.1024931837248,1181.93359375,13228,0.0,0.0
2011-04-01 00:00:00+09:00,1181.9336274529146,1185.8998476792667,1154.17008586845,1177.9674072265625,22057,0.0,0.0
2011-04-04 00:00:00+09:00,1177.9672627351722,1177.9672627351722,1142.2712850765306,1166.068603515625,17593,0.0,0.0
2011-04-05 00:00:00+09:00,1166.0687465475064,1177.9674072265625,1158.1363060948022,1177.9674072265625,7298,0.0,0.0
2011-04-06 00:00:00+09:00,1162.1024388493718,1181.9335384884396,1162.1024388493718,1174.0010986328125,9189,0.0,0.0
2011-04-07 00:00:00+09:00,1166.068603515625,1193.8321416945685,1162.102383775776,1166.068603515625,43851,0.0,0.0
2011-04-08 00:00:00+09:00,1166.06871329698,1181.93359375,1166.06871329698,1181.93359375,3135,0.0,0.0
2011-04-11 00:00:00+09:00,1181.9336274529146,1193.8322881319707,1166.0687465475064,1177.9674072265625,7457,0.0,0.0
2011-04-12 00:00:00+09:00,1185.8997361114814,1185.8997361114814,1146.237537579325,1162.1024169921875,18697,0.0,0.0
2011-04-13 00:00:00+09:00,1162.1024169921875,1170.0348566986188,1130.372658166462,1162.1024169921875,15553,0.0,0.0
2011-04-14 00:00:00+09:00,1162.1025729244702,1162.1025729244702,1142.2714709974316,1158.1363525390625,8455,0.0,0.0
2011-04-15 00:00:00+09:00,1162.1025932699947,1174.0012546345338,1154.170152360302,1170.0350341796875,8257,0.0,0.0
2011-04-18 00:00:00+09:00,1170.0348673502604,1189.865966796875,1158.1362076822916,1189.865966796875,29917,0.0,0.0
2011-04-19 00:00:00+09:00,1174.0011535234898,1185.899813863255,1174.0011535234898,1181.93359375,19163,0.0,0.0
2011-04-20 00:00:00+09:00,1177.9673497817096,1257.2917504404104,1177.9673497817096,1213.663330078125,87063,0.0,0.0
2011-04-21 00:00:00+09:00,1225.5621201390277,1265.2243246742712,1213.6634587784545,1241.427001953125,49921,0.0,0.0
2011-04-22 00:00:00+09:00,1249.3594428601737,1249.3594428601737,1209.6972383249301,1241.427001953125,35802,0.0,0.0
2011-04-25 00:00:00+09:00,1233.4944425671306,1265.2242031476355,1181.93358162381,1197.7984619140625,31159,0.0,0.0
2011-04-26 00:00:00+09:00,1209.69711004519,1225.56199017693,1197.7984499463848,1213.663330078125,18981,0.0,0.0
2011-04-27 00:00:00+09:00,1225.56199017693,1225.56199017693,1201.7646699793197,1213.663330078125,17906,0.0,0.0
2011-04-28 00:00:00+09:00,1229.5282799701745,1392.143310546875,1213.6633989383013,1392.143310546875,165745,0.0,0.0
2011-04-29 00:00:00+09:00,1598.386561473425,1598.386561473425,1415.9404527196345,1471.467529296875,1187655,0.0,0.0
2011-05-02 00:00:00+09:00,1471.4676419771633,1471.4676419771633,1384.2108006739354,1443.7041015625,345275,0.0,0.0
2011-05-03 00:00:00+09:00,1451.6366661838367,1657.880126953125,1443.704225385018,1657.880126953125,908515,0.0,0.0
2011-05-04 00:00:00+09:00,1737.204505471622,1903.7857594209559,1586.4881328507965,1618.2178955078125,1719528,0.0,0.0
2011-05-06 00:00:00+09:00,1586.4882326916436,1586.4882326916436,1419.9069682590211,1435.7718505859375,537680,0.0,0.0
2011-05-09 00:00:00+09:00,1455.602626597514,1507.1634825805322,1415.9404296875,1415.9404296875,304451,0.0,0.0
2011-05-11 00:00:00+09:00,1408.008152396379,1435.771693429547,1316.7850890016841,1324.717529296875,336385,0.0,0.0
2011-05-12 00:00:00+09:00,1364.3796721255467,1451.6365116219479,1356.4472321713283,1360.4134521484375,346240,0.0,0.0
2011-05-13 00:00:00+09:00,1384.2107035633949,1384.2107035633949,1253.3254507909248,1281.0889892578125,161248,0.0,0.0
2011-05-16 00:00:00+09:00,1281.089179018205,1328.6838234399338,1265.2242975442953,1273.15673828125,113259,0.0,0.0
2011-05-17 00:00:00+09:00,1277.122813123338,1320.751232205191,1273.1565932068056,1304.8863525390625,71726,0.0,0.0
2011-05-18 00:00:00+09:00,1332.6500519328035,1404.0420190006323,1296.9540683988891,1372.312255859375,124808,0.0,0.0
2011-05-19 00:00:00+09:00,1356.4470977783203,1388.1768544514973,1308.8524627685547,1332.6497802734375,83603,0.0,0.0
2011-05-20 00:00:00+09:00,1320.7510515965453,1388.1767809573298,1285.055077229071,1296.9537353515625,92944,0.0,0.0
2011-05-23 00:00:00+09:00,1296.954081217448,1312.8189629448784,1245.3932156032986,1285.055419921875,72823,0.0,0.0
2011-05-24 00:00:00+09:00,1237.4605716669892,1320.751187067652,1237.4605716669892,1281.0889892578125,39102,0.0,0.0
2011-05-25 00:00:00+09:00,1253.3256160328224,1292.9878190718357,1253.3256160328224,1261.258056640625,52115,0.0,0.0
2011-05-26 00:00:00+09:00,1245.393195701908,1292.9878401236372,1245.393195701908,1273.15673828125,47229,0.0,0.0
2011-05-27 00:00:00+09:00,1289.0216137989457,1332.6500376506024,1269.1905120481927,1316.78515625,63561,0.0,0.0
2011-05-30 00:00:00+09:00,1356.4468822877798,1356.4468822877798,1296.9535979769123,1328.683349609375,21751,0.0,0.0
2011-05-31 00:00:00+09:00,1336.6162154308859,1336.6162154308859,1292.98779296875,1292.98779296875,37295,0.0,0.0
2011-06-01 00:00:00+09:00,1292.98779296875,1300.920233416411,1277.1229120734279,1292.98779296875,12287,0.0,0.0
2011-06-02 00:00:00+09:00,1249.3594360351562,1289.0216403537327,1249.3594360351562,1285.055419921875,37361,0.0,0.0
2011-06-03 00:00:00+09:00,1300.92041015625,1300.92041015625,1269.190644054878,1300.92041015625,3521,0.0,0.0
2011-06-07 00:00:00+09:00,1285.055419921875,1304.886522081163,1257.2918768988716,1285.055419921875,35666,0.0,0.0
2011-06-08 00:00:00+09:00,1300.920233416411,1300.920233416411,1261.258031178106,1292.98779296875,17290,0.0,0.0
2011-06-09 00:00:00+09:00,1296.9540131925805,1300.920233416411,1265.2242514019365,1292.98779296875,11286,0.0,0.0
2011-06-10 00:00:00+09:00,1300.920233416411,1300.920233416411,1269.190471625767,1292.98779296875,13302,0.0,0.0
2011-06-13 00:00:00+09:00,1281.0893063428925,1308.852851681593,1281.0893063428925,1300.92041015625,21037,0.0,0.0
2011-06-14 00:00:00+09:00,1332.64976894065,1495.2647705078125,1320.751110289394,1495.2647705078125,450045,0.0,0.0
2011-06-15 00:00:00+09:00,1523.0286057692306,1634.0827749399036,1431.8055382361779,1546.825927734375,634902,0.0,0.0
2011-06-16 00:00:00+09:00,1562.6908070554016,1689.6098573746222,1475.4339599609375,1475.4339599609375,472163,0.0,0.0
2011-06-17 00:00:00+09:00,1507.1637865149457,1642.0152832031251,1308.8527619735055,1368.3460693359375,657680,0.0,0.0
2011-06-20 00:00:00+09:00,1404.0417084565033,1404.0417084565033,1308.8524400865708,1320.7510986328125,119500,0.0,0.0
2011-06-21 00:00:00+09:00,1320.7513506721048,1376.2784344841452,1312.8189101275277,1348.514892578125,92332,0.0,0.0
2011-06-22 00:00:00+09:00,1396.1094149616367,1550.7919921875,1384.2107551750319,1550.7919921875,655023,0.0,0.0
2011-06-23 00:00:00+09:00,1546.8257059577768,1761.0015729365457,1487.3324095747853,1558.724365234375,1148978,0.0,0.0
2011-06-24 00:00:00+09:00,1562.6906180937888,1685.6434332229953,1515.095979979257,1598.3865966796875,582127,0.0,0.0
2011-06-27 00:00:00+09:00,1614.251608053068,1729.271992902058,1610.2853878858614,1626.1502685546875,426488,0.0,0.0
2011-06-28 00:00:00+09:00,1634.0824658595845,1673.7446616328755,1459.5688044571045,1479.39990234375,438153,0.0,0.0
2011-06-29 00:00:00+09:00,1503.1976637795706,1697.5424804687498,1455.6030147944655,1697.54248046875,515832,0.0,0.0
2011-06-30 00:00:00+09:00,1709.4405517578127,1796.697378065636,1610.2850673171042,1709.4405517578125,814279,0.0,0.0
2011-07-01 00:00:00+09:00,1733.2382440476192,1816.528869047619,1665.8125,1665.8125,515991,0.0,0.0
2011-07-04 00:00:00+09:00,1642.0149722975127,1761.0015644929847,1622.1838735982674,1749.1029052734375,215482,0.0,0.0
2011-07-05 00:00:00+09:00,1780.8327671024224,1824.4611867864462,1693.575927734375,1693.575927734375,216062,0.0,0.0
2011-07-06 00:00:00+09:00,1689.6100094092153,1721.33977484413,1566.6571683489203,1630.11669921875,504821,0.0,0.0
2011-07-07 00:00:00+09:00,1642.0151990525264,1693.576062790891,1590.454335314162,1677.711181640625,188770,0.0,0.0
2011-07-08 00:00:00+09:00,1653.913721132518,1685.6434807705518,1578.5555419921875,1578.5555419921875,230274,0.0,0.0
2011-07-11 00:00:00+09:00,1590.4542572021485,1610.2853576660157,1550.792056274414,1586.488037109375,98482,0.0,0.0
2011-07-12 00:00:00+09:00,1558.7245867329261,1594.4205696352067,1475.4339599609375,1475.4339599609375,209149,0.0,0.0
2011-07-13 00:00:00+09:00,1483.3664282354384,1519.0624118026014,1427.8393426865184,1515.09619140625,145389,0.0,0.0
2011-07-14 00:00:00+09:00,1491.2988823784722,1523.0286458333333,1479.4002210828992,1499.2313232421875,30572,0.0,0.0
2011-07-15 00:00:00+09:00,1503.1975977847449,1538.8935829564143,1443.704289165296,1507.163818359375,62739,0.0,0.0
2011-07-18 00:00:00+09:00,1523.028530844156,1566.6569523006292,1495.2649899173093,1526.9947509765625,60055,0.0,0.0
2011-07-19 00:00:00+09:00,1526.9950143086542,1558.724780839743,1499.2314685939514,1538.8936767578125,74748,0.0,0.0
2011-07-20 00:00:00+09:00,1546.8259545770616,1558.724615766116,1507.163750613547,1515.09619140625,64199,0.0,0.0
2011-07-21 00:00:00+09:00,1507.1635755420054,1534.9271150914635,1459.5689363143633,1463.53515625,66529,0.0,0.0
2011-07-22 00:00:00+09:00,1463.5352861120346,1526.9948107130983,1455.6028455369017,1491.298828125,31429,0.0,0.0
2011-07-25 00:00:00+09:00,1499.2311796875001,1499.2311796875001,1463.53519921875,1487.33251953125,33033,0.0,0.0
2011-07-26 00:00:00+09:00,1487.3326228215144,1602.3530123197115,1467.501521183894,1546.825927734375,115175,0.0,0.0
2011-07-27 00:00:00+09:00,1570.6232496995192,1578.555690354567,1499.2312838040864,1546.825927734375,77331,0.0,0.0
2011-07-28 00:00:00+09:00,1534.9269660119985,1538.893185562417,1467.5012336548823,1495.2647705078125,70094,0.0,0.0
2011-07-29 00:00:00+09:00,1503.1975506774736,1507.16377112781,1451.6366848231012,1455.6029052734375,79164,0.0,0.0
2011-08-01 00:00:00+09:00,1471.4675961212738,1483.3662559281843,1427.8391768292684,1463.53515625,46465,0.0,0.0
2011-08-02 00:00:00+09:00,1471.4676573294907,1562.6907196437178,1439.737896524542,1542.859619140625,136583,0.0,0.0
2011-08-03 00:00:00+09:00,1534.9273681640625,1538.8935887536338,1483.3665004996367,1534.9273681640625,57320,0.0,0.0
2011-08-04 00:00:00+09:00,1558.724629720052,1558.724629720052,1411.9744737413193,1499.2313232421875,74476,0.0,0.0
2011-08-05 00:00:00+09:00,1360.4135360502862,1451.636601149868,1360.4135360502862,1408.0081787109375,75644,0.0,0.0
2011-08-08 00:00:00+09:00,1364.3798668032787,1447.6704982069673,1197.7986039959017,1209.697265625,227127,0.0,0.0
2011-08-09 00:00:00+09:00,1158.1362640275988,1197.7984648504619,1047.0821017235826,1154.1700439453125,110201,0.0,0.0
2011-08-10 00:00:00+09:00,1237.4606626396937,1249.359322857383,1174.0011414786838,1197.7984619140625,76118,0.0,0.0
2011-08-11 00:00:00+09:00,1078.8118865184294,1249.3593538724458,1078.8118865184294,1237.460693359375,33412,0.0,0.0
2011-08-12 00:00:00+09:00,1269.1904761904761,1304.8864583333334,1225.5620535714286,1249.359375,59422,0.0,0.0
2011-08-16 00:00:00+09:00,1300.920088162732,1328.6836266296198,1269.1903299148607,1281.0889892578125,30160,0.0,0.0
2011-08-17 00:00:00+09:00,1289.021364847819,1344.548439025879,1277.1227060953777,1332.6497802734375,41921,0.0,0.0
2011-08-18 00:00:00+09:00,1332.650199935281,1348.515083267844,1281.0893291044517,1340.5826416015625,46802,0.0,0.0
2011-08-19 00:00:00+09:00,1249.3595402415206,1332.650176257622,1249.3595402415206,1300.92041015625,55242,0.0,0.0
2011-08-22 00:00:00+09:00,1320.751110289394,1495.2647705078125,1320.751110289394,1495.2647705078125,384330,0.0,0.0
2011-08-23 00:00:00+09:00,1495.2650673990433,1550.7921521300425,1400.0757792887596,1431.8055419921875,322418,0.0,0.0
2011-08-24 00:00:00+09:00,1419.906889446041,1562.6908224629615,1419.906889446041,1530.9610595703125,96500,0.0,0.0
2011-08-25 00:00:00+09:00,1610.285322265625,1610.285322265625,1388.177001953125,1388.177001953125,147372,0.0,0.0
2011-08-26 00:00:00+09:00,1400.0755730523003,1443.703990342882,1372.3120347764757,1427.839111328125,76522,0.0,0.0
2011-08-29 00:00:00+09:00,1423.8731862921463,1562.690906404194,1384.210980545847,1507.163818359375,218233,0.0,0.0
2011-08-30 00:00:00+09:00,1507.1636665962837,1554.7583086993243,1467.50146484375,1467.50146484375,57354,0.0,0.0
2011-08-31 00:00:00+09:00,1511.1297954776423,1511.1297954776423,1427.8391768292684,1463.53515625,31872,0.0,0.0
2011-09-01 00:00:00+09:00,1463.5351679553723,1499.231147661601,1419.9067483144263,1447.6702880859375,56836,0.0,0.0
2011-09-02 00:00:00+09:00,1443.7042917493957,1451.6367329128539,1392.1434241869172,1435.7718505859375,57408,0.0,0.0
2011-09-05 00:00:00+09:00,1423.873120963918,1427.8393413565752,1372.312255859375,1372.312255859375,46370,0.0,0.0
2011-09-06 00:00:00+09:00,1404.0418262877874,1404.0418262877874,1332.649869018917,1336.6160888671875,38868,0.0,0.0
2011-09-07 00:00:00+09:00,1384.2109170373465,1408.0082393932894,1312.8189499695177,1372.312255859375,61046,0.0,0.0
2011-09-08 00:00:00+09:00,1396.1095052083333,1396.1095052083333,1300.9202207623107,1308.8526611328125,68375,0.0,0.0
2011-09-09 00:00:00+09:00,1308.8526487064933,1340.5824098872567,1308.8526487064933,1324.717529296875,27350,0.0,0.0
2011-09-14 00:00:00+09:00,1348.5149468315972,1348.5149468315972,1253.325656467014,1285.055419921875,34845,0.0,0.0
2011-09-15 00:00:00+09:00,1285.0553653314246,1332.6500084918478,1277.1229248046875,1277.1229248046875,29569,0.0,0.0
2011-09-16 00:00:00+09:00,1316.7851634517883,1356.4473671702156,1289.0216208488891,1344.5487060546875,19302,0.0,0.0
2011-09-19 00:00:00+09:00,1344.5485517043835,1344.5485517043835,1292.987692789466,1304.8863525390625,10453,0.0,0.0
2011-09-20 00:00:00+09:00,1273.1567323983434,1316.78515625,1273.1567323983434,1316.78515625,8437,0.0,0.0
2011-09-21 00:00:00+09:00,1352.481146798373,1352.481146798373,1300.9202819644174,1344.5487060546875,24104,0.0,0.0
2011-09-22 00:00:00+09:00,1300.9204759747256,1344.5489065714391,1253.3258244146748,1265.2244873046875,32717,0.0,0.0
2011-09-23 00:00:00+09:00,1201.7647367778577,1245.3931595651727,1201.7647367778577,1205.73095703125,19414,0.0,0.0
2011-09-26 00:00:00+09:00,1229.52820248074,1245.3930825127497,1126.406482272678,1142.2713623046875,47876,0.0,0.0
2011-09-27 00:00:00+09:00,1213.6633602094046,1253.3255615234375,1146.2376179755488,1253.3255615234375,11701,0.0,0.0
2011-09-28 00:00:00+09:00,1269.1904972484276,1292.9878190718357,1213.663412993809,1261.258056640625,2724,0.0,0.0
2011-09-29 00:00:00+09:00,1261.2582321166992,1269.190673828125,1225.5622444152832,1269.190673828125,2839,0.0,0.0
2011-09-30 00:00:00+09:00,1292.987805858162,1300.920246384899,1253.3256032244758,1277.1229248046875,2026,0.0,0.0
2011-10-04 00:00:00+09:00,1257.291738202495,1257.291738202495,1189.865998298891,1229.5281982421875,5217,0.0,0.0
2011-10-05 00:00:00+09:00,1229.5282351090605,1229.5282351090605,1154.1700529572147,1181.93359375,9314,0.0,0.0
2011-10-06 00:00:00+09:00,1185.8998557642885,1281.0891418457031,1185.8998557642885,1205.73095703125,6129,0.0,0.0
2011-10-07 00:00:00+09:00,1273.1567096280899,1273.1567096280899,1197.7985243230003,1233.4945068359375,5107,0.0,0.0
2011-10-10 00:00:00+09:00,1233.494686126709,1269.190673828125,1217.6298027038574,1269.190673828125,1518,0.0,0.0
2011-10-11 00:00:00+09:00,1324.7175418738163,1324.7175418738163,1261.2580189098012,1308.8526611328125,4831,0.0,0.0
2011-10-12 00:00:00+09:00,1308.8526275726963,1324.717507906911,1281.089086987821,1312.81884765625,4178,0.0,0.0
2011-10-13 00:00:00+09:00,1348.5146586100261,1348.5146586100261,1296.9538040161133,1332.6497802734375,6098,0.0,0.0
2011-10-14 00:00:00+09:00,1348.514862985322,1348.514862985322,1289.0215602065578,1308.8526611328125,3997,0.0,0.0
2011-10-17 00:00:00+09:00,1292.98779296875,1336.6162154308859,1269.190471625767,1292.98779296875,20703,0.0,0.0
2011-10-18 00:00:00+09:00,1285.0553225746637,1285.0553225746637,1229.5282407350178,1253.3255615234375,27748,0.0,0.0
2011-10-19 00:00:00+09:00,1261.2580357142858,1269.1904761904761,1221.5958333333333,1249.359375,22112,0.0,0.0
2011-10-20 00:00:00+09:00,1289.0213595833748,1289.0213595833748,1233.4942856320909,1245.3929443359375,25176,0.0,0.0
2011-10-21 00:00:00+09:00,1245.3931754250198,1277.1229378562305,1245.3931754250198,1261.258056640625,5253,0.0,0.0
2011-10-24 00:00:00+09:00,1324.7176030714563,1324.7176030714563,1257.2918568073403,1273.15673828125,8186,0.0,0.0
2011-10-25 00:00:00+09:00,1277.1229790581597,1304.886522081163,1273.156758626302,1285.055419921875,8826,0.0,0.0
2011-10-26 00:00:00+09:00,1292.9875791513236,1292.9875791513236,1233.4942856320909,1245.3929443359375,19829,0.0,0.0
2011-10-27 00:00:00+09:00,1261.258056640625,1261.258056640625,1237.460734817217,1261.258056640625,11256,0.0,0.0
2011-10-28 00:00:00+09:00,1269.190708268025,1285.0555921213754,1233.494719597987,1265.2244873046875,29488,0.0,0.0
2011-10-31 00:00:00+09:00,1269.1904842779502,1312.8189071750048,1253.3256032244758,1277.1229248046875,96667,0.0,0.0
2011-11-01 00:00:00+09:00,1273.1564191065797,1304.88617409989,1269.190199732416,1296.9537353515625,19460,0.0,0.0
2011-11-02 00:00:00+09:00,1257.2918768988716,1285.055419921875,1245.3932156032986,1285.055419921875,5059,0.0,0.0
2011-11-03 00:00:00+09:00,1285.0555572509766,1292.9879989624023,1245.3933486938477,1269.190673828125,16154,0.0,0.0
2011-11-04 00:00:00+09:00,1261.258001786244,1273.1566621804538,1245.3931212606308,1253.3255615234375,39146,0.0,0.0
2011-11-07 00:00:00+09:00,1253.3253861177884,1300.9200210336537,1253.3253861177884,1289.0213623046875,81460,0.0,0.0
2011-11-08 00:00:00+09:00,1281.0893063428925,1340.582617782965,1277.1230855802212,1300.92041015625,63547,0.0,0.0
2011-11-09 00:00:00+09:00,1300.9202596796383,1316.7851408952438,1114.5079053962756,1261.258056640625,59997,0.0,0.0
2011-11-10 00:00:00+09:00,1209.6969682243978,1245.3929443359375,1197.7983095205514,1245.3929443359375,20606,0.0,0.0
2011-11-11 00:00:00+09:00,1225.5620535714286,1253.3255952380953,1221.5958333333333,1249.359375,2633,0.0,0.0
2011-11-14 00:00:00+09:00,1261.2580973307292,1292.9878607855903,1249.3594360351562,1285.055419921875,18892,0.0,0.0
2011-11-15 00:00:00+09:00,1285.0553993866822,1285.0553993866822,1265.2242975442953,1273.15673828125,11331,0.0,0.0
2011-11-16 00:00:00+09:00,1273.1569292313627,1281.0893711580377,1245.3933824879996,1265.2244873046875,26322,0.0,0.0
2011-11-17 00:00:00+09:00,1245.3931547619047,1269.1904761904761,1245.3931547619047,1249.359375,8042,0.0,0.0
2011-11-18 00:00:00+09:00,1249.359395728921,1265.2242769445263,1241.4269551211185,1261.258056640625,13176,0.0,0.0
2011-11-21 00:00:00+09:00,1269.190264423077,1289.0213623046875,1241.4267273888222,1289.0213623046875,15523,0.0,0.0
2011-11-22 00:00:00+09:00,1249.3593413920341,1304.88642323168,1249.3593413920341,1253.3255615234375,9090,0.0,0.0
2011-11-23 00:00:00+09:00,1277.1231155395508,1277.1231155395508,1241.4271278381348,1269.190673828125,12183,0.0,0.0
2011-11-24 00:00:00+09:00,1269.1904972484276,1273.1567175523292,1245.3931754250198,1261.258056640625,4777,0.0,0.0
2011-11-25 00:00:00+09:00,1269.190454727564,1269.190454727564,1225.562032846304,1237.460693359375,6592,0.0,0.0
2011-11-28 00:00:00+09:00,1237.4609069824219,1292.9879989624023,1225.5622444152832,1269.190673828125,38984,0.0,0.0
2011-11-29 00:00:00+09:00,1277.122703575721,1300.9200210336537,1257.2916056941106,1289.0213623046875,44804,0.0,0.0
2011-11-30 00:00:00+09:00,1289.0216197551597,1360.4135863877532,1269.1905179127725,1273.15673828125,102190,0.0,0.0
2011-12-01 00:00:00+09:00,1273.1565496958447,1289.0214288197803,1269.1903299148607,1281.0889892578125,21875,0.0,0.0
2011-12-02 00:00:00+09:00,1296.954081217448,1296.954081217448,1269.1905381944443,1285.055419921875,20045,0.0,0.0
2011-12-05 00:00:00+09:00,1300.9203016493054,1328.683844672309,1277.1229790581597,1285.055419921875,21131,0.0,0.0
2011-12-06 00:00:00+09:00,1300.920233416411,1300.920233416411,1277.1229120734279,1292.98779296875,18478,0.0,0.0
2011-12-07 00:00:00+09:00,1304.8863818359375,1396.1094419642857,1285.0552818080357,1388.177001953125,138314,0.0,0.0
2011-12-08 00:00:00+09:00,1396.109375,1546.8257279829545,1356.4471768465908,1396.109375,234310,0.0,0.0
2011-12-09 00:00:00+09:00,1404.0419420396959,1467.50146484375,1332.6499788851352,1467.50146484375,127933,0.0,0.0
2011-12-12 00:00:00+09:00,1499.231226245777,1542.8596481735642,1459.5690244932432,1467.50146484375,152303,0.0,0.0
2011-12-13 00:00:00+09:00,1467.5013316761363,1523.028409090909,1447.6702325994318,1483.3662109375,82587,0.0,0.0
2011-12-14 00:00:00+09:00,1483.3661118565567,1530.96074646158,1467.5012336548823,1495.2647705078125,40982,0.0,0.0
2011-12-15 00:00:00+09:00,1499.2310431985295,1499.2310431985295,1380.2444524684875,1415.9404296875,98301,0.0,0.0
2011-12-16 00:00:00+09:00,1400.0758189687288,1467.5015666244465,1392.1433780680559,1455.6029052734375,57133,0.0,0.0
2011-12-19 00:00:00+09:00,1463.5351820591518,1463.5351820591518,1344.548581891741,1388.177001953125,47558,0.0,0.0
2011-12-20 00:00:00+09:00,1411.974321986607,1419.9067619977677,1364.3796819196427,1388.177001953125,56842,0.0,0.0
2011-12-21 00:00:00+09:00,1419.9066493785015,1439.7377478335086,1392.1431115414916,1415.9404296875,37515,0.0,0.0
2011-12-22 00:00:00+09:00,1491.2987077268835,1491.2987077268835,1419.9067483144263,1447.6702880859375,22139,0.0,0.0
2011-12-23 00:00:00+09:00,1491.2985689813197,1582.521619743475,1419.9066162109375,1419.9066162109375,130251,0.0,0.0
2011-12-26 00:00:00+09:00,1415.9405170223579,1479.4000359925476,1415.9405170223579,1463.53515625,23128,0.0,0.0
2011-12-27 00:00:00+09:00,1463.5350240344337,1503.1972198077247,1431.805267415801,1479.39990234375,37592,0.0,0.0
2011-12-28 00:00:00+09:00,1532.381419613487,1630.1929995888158,1499.7775596217105,1548.683349609375,121285,50.0,0.0
2011-12-29 00:00:00+09:00,1573.1362364722079,1581.2872014280226,1467.173692046619,1491.6265869140625,61672,0.0,0.0
2012-01-02 00:00:00+09:00,1491.6264074395806,1491.6264074395806,1426.418695638943,1438.6451416015625,28611,0.0,0.0
2012-01-03 00:00:00+09:00,1438.6451452014915,1548.6831591404157,1414.1922532150638,1520.15478515625,24061,0.0,0.0
2012-01-04 00:00:00+09:00,1520.154877040697,1520.154877040697,1475.324572355851,1499.7774658203125,20944,0.0,0.0
2012-01-05 00:00:00+09:00,1528.3058785103462,1528.3058785103462,1491.626537426098,1507.928466796875,2964,0.0,0.0
2012-01-06 00:00:00+09:00,1516.0794747205284,1532.381404556233,1471.2491676723407,1503.85302734375,18070,0.0,0.0
2012-01-09 00:00:00+09:00,1503.8530116587378,1503.8530116587378,1434.5698105796089,1459.022705078125,6107,0.0,0.0
2012-01-10 00:00:00+09:00,1479.4001171602217,1516.0794589079958,1442.7207754124477,1459.022705078125,16742,0.0,0.0
2012-01-11 00:00:00+09:00,1483.4755368440049,1503.8529480643895,1454.947161135466,1499.7774658203125,23009,0.0,0.0
2012-01-12 00:00:00+09:00,1467.1737568030196,1499.777618065309,1442.7208608563028,1450.871826171875,14811,0.0,0.0
2012-01-13 00:00:00+09:00,1450.8716492876206,1483.4755065749828,1442.72068496578,1479.4000244140625,12625,0.0,0.0
2012-01-16 00:00:00+09:00,1487.5509033203125,1622.0418069081763,1479.3999394665025,1487.5509033203125,58301,0.0,0.0
2012-01-17 00:00:00+09:00,1487.5509033203125,1548.683132223887,1467.1734936857877,1487.5509033203125,29111,0.0,0.0
2012-01-18 00:00:00+09:00,1499.7774658203125,1516.0793947966204,1475.324572355851,1499.7774658203125,22630,0.0,0.0
2012-01-19 00:00:00+09:00,1516.0794410705566,1564.9852294921875,1499.7775115966797,1564.9852294921875,45762,0.0,0.0
2012-01-20 00:00:00+09:00,1536.45677499796,1573.136114454145,1536.45677499796,1560.90966796875,17699,0.0,0.0
2012-01-25 00:00:00+09:00,1577.211690266927,1622.0419967086227,1540.5323486328125,1540.5323486328125,20306,0.0,0.0
2012-01-26 00:00:00+09:00,1573.1362884440964,1573.1362884440964,1520.1550144809532,1544.60791015625,5823,0.0,0.0
2012-01-27 00:00:00+09:00,1556.834421424668,1585.3628008748583,1528.306041974478,1573.1363525390625,10812,0.0,0.0
2012-01-30 00:00:00+09:00,1589.4380493164062,1687.2496215820313,1560.9096740722657,1630.19287109375,109332,0.0,0.0
2012-01-31 00:00:00+09:00,1630.1927267432518,1666.8720630949751,1581.2869449409543,1585.3624267578125,38230,0.0,0.0
2012-02-01 00:00:00+09:00,1564.9851681472082,1605.739990234375,1507.9284172251746,1605.739990234375,23917,0.0,0.0
2012-02-02 00:00:00+09:00,1605.739835842103,1626.1172449263938,1569.06049949038,1585.3624267578125,8374,0.0,0.0
2012-02-03 00:00:00+09:00,1589.4381103515625,1593.5135926857972,1532.3813576722757,1589.4381103515625,7270,0.0,0.0
2012-02-06 00:00:00+09:00,1548.683376487242,1825.816191227064,1548.683376487242,1776.910400390625,495692,0.0,0.0
2012-02-07 00:00:00+09:00,1719.8534401745053,1772.834707288886,1528.3057821455914,1622.0418701171875,261430,0.0,0.0
2012-02-08 00:00:00+09:00,1642.4192153630163,1862.4952392578125,1642.4192153630163,1862.4952392578125,492725,0.0,0.0
2012-02-09 00:00:00+09:00,1866.5710867581795,1915.4768794243325,1728.0046742040788,1736.1556396484375,432410,0.0,0.0
2012-02-10 00:00:00+09:00,1760.6085359815143,1939.929775757409,1732.0801569262583,1736.1556396484375,488926,0.0,0.0
2012-02-13 00:00:00+09:00,1785.0614166259766,1842.118174235026,1707.6272455851235,1760.6085205078125,182320,0.0,0.0
2012-02-14 00:00:00+09:00,1797.2876035089362,1797.2876035089362,1723.928925814694,1785.0611572265625,110191,0.0,0.0
2012-02-15 00:00:00+09:00,1776.9103860294117,1817.6652113970588,1752.4574908088234,1801.36328125,52371,0.0,0.0
2012-02-16 00:00:00+09:00,1862.495617467114,2021.4394447783118,1829.8917554545606,1907.325927734375,371593,0.0,0.0
2012-02-17 00:00:00+09:00,1984.759900892103,1996.9863479201858,1793.212230785473,1809.51416015625,217039,0.0,0.0
2012-02-20 00:00:00+09:00,1817.6649879632994,1858.419808321221,1728.0043831758721,1752.457275390625,93847,0.0,0.0
2012-02-21 00:00:00+09:00,1817.6652879797894,1931.7788038170856,1756.5330473526665,1874.7220458984375,113516,0.0,0.0
2012-02-22 00:00:00+09:00,1915.4765199956873,2102.9486900378183,1878.7971823787486,1919.552001953125,317431,0.0,0.0
2012-02-23 00:00:00+09:00,1923.6278228104882,2017.3639243457449,1895.0994440823665,1899.1749267578125,103842,0.0,0.0
2012-02-24 00:00:00+09:00,1980.684383616728,1980.684383616728,1833.9670218673407,1870.6463623046875,55148,0.0,0.0
2012-02-27 00:00:00+09:00,1911.4014509929464,1911.4014509929464,1813.5898628824332,1846.1937255859375,38008,0.0,0.0
2012-02-28 00:00:00+09:00,1874.7220458984375,1907.3259075662363,1785.0614263119905,1874.7220458984375,52406,0.0,0.0
2012-02-29 00:00:00+09:00,1952.1560525019618,1952.1560525019618,1838.0425463014294,1866.5709228515625,24448,0.0,0.0
2012-03-02 00:00:00+09:00,1931.778738039349,1931.778738039349,1776.910400390625,1776.910400390625,62738,0.0,0.0
2012-03-05 00:00:00+09:00,1772.8348190720017,1785.0612661000844,1658.7213134765625,1658.7213134765625,115520,0.0,0.0
2012-03-06 00:00:00+09:00,1638.3440574142344,1703.5517810924127,1617.9666437648036,1666.8724365234375,61243,0.0,0.0
2012-03-07 00:00:00+09:00,1646.4948934434335,1687.2497175385681,1609.8155517578125,1609.8155517578125,35874,0.0,0.0
2012-03-08 00:00:00+09:00,1638.3437555069313,1646.4947194646772,1589.4379717604559,1626.1173095703125,35219,0.0,0.0
2012-03-09 00:00:00+09:00,1642.4194266784368,1679.098768713439,1589.4381548501,1654.6458740234375,32178,0.0,0.0
2012-03-12 00:00:00+09:00,1683.1742594401042,1764.6839088076636,1650.5703996930804,1711.70263671875,31738,0.0,0.0
2012-03-13 00:00:00+09:00,1740.2308465590668,1740.2308465590668,1683.1740974915565,1715.7779541015625,4253,0.0,0.0
2012-03-14 00:00:00+09:00,1715.7781107484413,1715.7781107484413,1642.4194266784368,1654.6458740234375,50219,0.0,0.0
2012-03-15 00:00:00+09:00,1699.4762027461823,1699.4762027461823,1585.362692729652,1617.966552734375,54395,0.0,0.0
2012-03-16 00:00:00+09:00,1617.9663456125666,1642.4192374858044,1581.28700780271,1626.1173095703125,25946,0.0,0.0
2012-03-19 00:00:00+09:00,1626.1174547350083,1670.9477605046452,1609.8155253642312,1658.7213134765625,21499,0.0,0.0
2012-03-20 00:00:00+09:00,1662.7966850451994,1662.7966850451994,1617.966382262118,1634.268310546875,12529,0.0,0.0
2012-03-21 00:00:00+09:00,1662.796728515625,1662.796728515625,1622.0419067382813,1630.19287109375,8784,0.0,0.0
2012-03-22 00:00:00+09:00,1658.7212965223525,1658.7212965223525,1581.2871328026358,1613.8909912109375,42249,0.0,0.0
2012-03-23 00:00:00+09:00,1605.7399107178355,1642.419248779918,1589.4379826902432,1601.6644287109375,7017,0.0,0.0
2012-03-26 00:00:00+09:00,1617.9665234624124,1626.1174883161273,1577.2116991938378,1597.589111328125,13332,0.0,0.0
2012-03-27 00:00:00+09:00,1613.891041035555,1662.7968301578444,1593.5136289012676,1597.589111328125,16773,0.0,0.0
2012-03-28 00:00:00+09:00,1630.1929204150886,1630.1929204150886,1581.2871328026358,1613.8909912109375,21418,0.0,0.0
2012-03-29 00:00:00+09:00,1609.8157336048246,1626.117665084367,1573.1363877758538,1581.287353515625,5849,0.0,0.0
2012-03-30 00:00:00+09:00,1622.0419757852874,1622.0419757852874,1548.6832934633396,1577.211669921875,14420,0.0,0.0
2012-04-02 00:00:00+09:00,1569.0607621042352,1601.6646220960115,1548.683349609375,1548.683349609375,15830,0.0,0.0
2012-04-03 00:00:00+09:00,1581.2872096011513,1581.2872096011513,1532.381419613487,1548.683349609375,9709,0.0,0.0
2012-04-04 00:00:00+09:00,1569.0606322923466,1613.890936072128,1556.8341858069516,1560.90966796875,40978,0.0,0.0
2012-04-05 00:00:00+09:00,1560.9096802729193,1593.513537824312,1536.456787109375,1536.456787109375,11385,0.0,0.0
2012-04-06 00:00:00+09:00,1564.9852796052633,1662.7968595805921,1528.3059371145148,1548.683349609375,17897,0.0,0.0
2012-04-09 00:00:00+09:00,1548.6832934633396,1613.8910110828488,1536.4568464096817,1577.211669921875,15963,0.0,0.0
2012-04-10 00:00:00+09:00,1581.2869449409543,1593.5133903915287,1544.6076085892312,1585.3624267578125,13404,0.0,0.0
2012-04-12 00:00:00+09:00,1593.5135993267522,1593.5135993267522,1536.4568464096817,1577.211669921875,9755,0.0,0.0
2012-04-13 00:00:00+09:00,1593.5137015068437,1593.5137015068437,1520.1550144809532,1544.60791015625,29319,0.0,0.0
2012-04-16 00:00:00+09:00,1564.9852061170213,1564.9852061170213,1499.7774891954787,1532.38134765625,12839,0.0,0.0
2012-04-17 00:00:00+09:00,1512.003778957428,1548.6831159132687,1512.003778957428,1524.230224609375,6123,0.0,0.0
2012-04-18 00:00:00+09:00,1544.60791015625,1556.8343579938985,1524.2304970935027,1544.60791015625,13900,0.0,0.0
2012-04-19 00:00:00+09:00,1564.9853157722514,1573.136280958565,1536.456937620153,1556.8343505859375,8275,0.0,0.0
2012-04-20 00:00:00+09:00,1548.6832768866357,1569.0606884246176,1512.003936118268,1532.38134765625,14225,0.0,0.0
2012-04-23 00:00:00+09:00,1528.3060302734375,1552.7589267578126,1528.3060302734375,1528.3060302734375,8573,0.0,0.0
2012-04-24 00:00:00+09:00,1524.2303281841855,1524.2303281841855,1475.3245422531422,1479.4000244140625,28452,0.0,0.0
2012-04-25 00:00:00+09:00,1483.4755126953125,1516.0793701171876,1434.5697265625001,1467.173583984375,41003,0.0,0.0
2012-04-26 00:00:00+09:00,1479.4000305175782,1479.4000305175782,1422.343280029297,1467.173583984375,33509,0.0,0.0
2012-04-27 00:00:00+09:00,1471.2491026820398,1487.5510317976305,1434.5697621719614,1475.3245849609375,11240,0.0,0.0
2012-04-30 00:00:00+09:00,1446.796257828867,1483.4755995766411,1442.7207754124477,1459.022705078125,23915,0.0,0.0
2012-05-02 00:00:00+09:00,1479.3999126017595,1479.3999126017595,1438.6450940727855,1454.947021484375,12014,0.0,0.0
2012-05-03 00:00:00+09:00,1475.3248553782782,1536.4571007668808,1471.2493723523714,1495.7022705078125,14673,0.0,0.0
2012-05-04 00:00:00+09:00,1524.2303344726563,1524.2303344726563,1459.0226196289063,1467.173583984375,12754,0.0,0.0
2012-05-07 00:00:00+09:00,1467.173720537606,1471.2492030946548,1422.3434124100681,1442.7208251953125,17061,0.0,0.0
2012-05-08 00:00:00+09:00,1459.022643379543,1540.532288261082,1438.6452321591585,1499.7774658203125,12606,0.0,0.0
2012-05-09 00:00:00+09:00,1512.0039125525434,1524.230359284774,1475.324572355851,1499.7774658203125,4787,0.0,0.0
2012-05-10 00:00:00+09:00,1503.8528151894636,1573.1360072171624,1499.7773333054813,1524.230224609375,25005,0.0,0.0
2012-05-11 00:00:00+09:00,1507.9283391630363,1605.7399071087468,1507.9283391630363,1520.15478515625,33895,0.0,0.0
2012-05-14 00:00:00+09:00,1516.0793260907203,1520.154808150104,1471.2490234375,1471.2490234375,15806,0.0,0.0
2012-05-15 00:00:00+09:00,1471.2492030946548,1516.0795112221929,1430.4943775241659,1442.7208251953125,41749,0.0,0.0
2012-05-16 00:00:00+09:00,1430.4941736169762,1446.7961015214432,1357.135498046875,1357.135498046875,45196,0.0,0.0
2012-05-17 00:00:00+09:00,1377.5130833973085,1426.4188733404083,1353.0601884257587,1410.116943359375,6456,0.0,0.0
2012-05-18 00:00:00+09:00,1365.2865295410156,1414.1923156738283,1348.9846008300783,1385.6639404296875,9766,0.0,0.0
2012-05-21 00:00:00+09:00,1385.6640553821976,1479.4001532462873,1344.9092302238976,1397.8905029296875,7784,0.0,0.0
2012-05-22 00:00:00+09:00,1377.51318359375,1418.2680115107248,1373.4377008020524,1377.51318359375,4256,0.0,0.0
2012-05-23 00:00:00+09:00,1373.4374204363141,1393.8148302350726,1353.0600106375557,1369.3619384765625,7553,0.0,0.0
2012-05-24 00:00:00+09:00,1393.8149109792284,1393.8149109792284,1357.135571216617,1373.4375,5602,0.0,0.0
2012-05-25 00:00:00+09:00,1397.8901057456858,1406.041068461404,1361.2107735249535,1365.2862548828125,7290,0.0,0.0
2012-05-29 00:00:00+09:00,1385.663866315569,1385.663866315569,1353.0600106375557,1369.3619384765625,7542,0.0,0.0
2012-05-30 00:00:00+09:00,1397.8903121948242,1397.8903121948242,1344.9090467180524,1369.3619384765625,4105,0.0,0.0
2012-05-31 00:00:00+09:00,1369.3619439752251,1369.3619439752251,1328.6071242140576,1357.135498046875,5215,0.0,0.0
2012-06-01 00:00:00+09:00,1344.9088480935168,1381.588180314249,1344.9088480935168,1365.2862548828125,356,0.0,0.0
2012-06-04 00:00:00+09:00,1357.135661969866,1357.135661969866,1283.7769775390625,1283.7769775390625,11396,0.0,0.0
2012-06-05 00:00:00+09:00,1308.2298155600981,1316.380780143027,1275.6259572283823,1312.3052978515625,7235,0.0,0.0
2012-06-07 00:00:00+09:00,1332.6829398550638,1344.9093888445598,1300.0790758830744,1336.7584228515625,36802,0.0,0.0
2012-06-08 00:00:00+09:00,1344.909149639423,1353.0601141826924,1300.0788446514423,1324.53173828125,33566,0.0,0.0
2012-06-11 00:00:00+09:00,1312.3055248725705,1344.9093888445598,1312.3055248725705,1336.7584228515625,10183,0.0,0.0
2012-06-12 00:00:00+09:00,1332.6824951171875,1332.6824951171875,1308.2296052985234,1332.6824951171875,17430,0.0,0.0
2012-06-13 00:00:00+09:00,1332.6826780415429,1410.116839762611,1324.5317136498516,1373.4375,19770,0.0,0.0
2012-06-14 00:00:00+09:00,1365.2867352186574,1381.5886663854474,1353.060286843565,1377.51318359375,14659,0.0,0.0
2012-06-15 00:00:00+09:00,1381.5884582519532,1393.8149047851564,1328.6071899414064,1385.6639404296875,12189,0.0,0.0
2012-06-18 00:00:00+09:00,1389.739422607422,1406.0413513183594,1381.5884582519532,1385.6639404296875,13646,0.0,0.0
2012-06-19 00:00:00+09:00,1397.8904667739644,1397.8904667739644,1344.909195438508,1389.739501953125,46423,0.0,0.0
2012-06-20 00:00:00+09:00,1389.7394952108693,1406.0414247734602,1385.6640128202216,1401.9659423828125,30243,0.0,0.0
2012-06-21 00:00:00+09:00,1418.2678417104537,1418.2678417104537,1369.3620540652655,1381.5885009765625,31433,0.0,0.0
2012-06-22 00:00:00+09:00,1369.3619384765625,1401.9657941545759,1357.1354925973073,1369.3619384765625,18204,0.0,0.0
2012-06-25 00:00:00+09:00,1369.3622696014222,1369.3622696014222,1340.833888984726,1361.2113037109375,11684,0.0,0.0
2012-06-26 00:00:00+09:00,1344.9093719299683,1361.2113037109375,1340.833888984726,1361.2113037109375,11253,0.0,0.0
2012-06-27 00:00:00+09:00,1373.4377525466646,1377.513235491907,1348.9848548752107,1361.2113037109375,2917,0.0,0.0
2012-06-28 00:00:00+09:00,1365.2862548828125,1365.2862548828125,1348.984329451376,1365.2862548828125,4069,0.0,0.0
2012-06-29 00:00:00+09:00,1348.9847412109375,1377.5131194238575,1328.6073282017087,1348.9847412109375,44253,0.0,0.0
2012-07-02 00:00:00+09:00,1353.0600890207716,1373.4375,1353.0600890207716,1373.4375,12652,0.0,0.0
2012-07-03 00:00:00+09:00,1373.4377008020524,1393.81511476054,1353.060286843565,1377.51318359375,22273,0.0,0.0
2012-07-04 00:00:00+09:00,1393.81511476054,1401.966080343935,1377.51318359375,1377.51318359375,9235,0.0,0.0
2012-07-05 00:00:00+09:00,1369.362218010355,1406.0415631356323,1365.2867352186574,1377.51318359375,41492,0.0,0.0
2012-07-06 00:00:00+09:00,1385.6640908061595,1446.7963301064312,1365.2866777060688,1406.04150390625,58938,0.0,0.0
2012-07-09 00:00:00+09:00,1389.7393482753207,1422.3432039533343,1365.2864565168109,1369.3619384765625,26138,0.0,0.0
2012-07-10 00:00:00+09:00,1369.3620178041542,1397.8903931750742,1369.3620178041542,1373.4375,9157,0.0,0.0
2012-07-11 00:00:00+09:00,1381.5886663854474,1397.8905975522373,1361.21125242696,1377.51318359375,23665,0.0,0.0
2012-07-12 00:00:00+09:00,1377.513235491907,1389.7396843276338,1344.9093719299683,1361.2113037109375,45537,0.0,0.0
2012-07-13 00:00:00+09:00,1381.5885209517046,1397.890450402462,1328.6072502367424,1344.9091796875,32606,0.0,0.0
2012-07-16 00:00:00+09:00,1369.3620899010264,1426.4188436469024,1348.9846778489277,1389.739501953125,63470,0.0,0.0
2012-07-17 00:00:00+09:00,1381.5885658925667,1430.4943558356665,1377.5130833973085,1410.116943359375,39806,0.0,0.0
2012-07-18 00:00:00+09:00,1410.116907164108,1418.2678719454034,1389.7394952108693,1401.9659423828125,20086,0.0,0.0
2012-07-19 00:00:00+09:00,1397.8905241441862,1450.8717976540242,1397.8905241441862,1430.494384765625,16127,0.0,0.0
2012-07-20 00:00:00+09:00,1434.5698383309248,1434.5698383309248,1385.664048387825,1410.116943359375,11864,0.0,0.0
2012-07-23 00:00:00+09:00,1410.1169647389213,1459.0227554235082,1410.1169647389213,1442.7208251953125,29658,0.0,0.0
2012-07-24 00:00:00+09:00,1426.418695638943,1446.7961055766423,1414.1922496763236,1438.6451416015625,12702,0.0,0.0
2012-07-25 00:00:00+09:00,1446.796148473566,1446.796148473566,1393.814881064675,1434.5697021484375,10661,0.0,0.0
2012-07-26 00:00:00+09:00,1393.8149047851564,1438.6452087402345,1361.2110473632813,1385.6639404296875,15532,0.0,0.0
2012-07-27 00:00:00+09:00,1385.6640981930739,1401.9660287600511,1353.0602370591191,1393.8150634765625,16323,0.0,0.0
2012-07-30 00:00:00+09:00,1397.8904667739644,1401.965949184384,1369.3620899010264,1389.739501953125,6779,0.0,0.0
2012-07-31 00:00:00+09:00,1397.8905386662138,1406.04150390625,1381.5886081861413,1406.04150390625,4605,0.0,0.0
2012-08-01 00:00:00+09:00,1401.965949184384,1401.965949184384,1369.3620899010264,1389.739501953125,2662,0.0,0.0
2012-08-02 00:00:00+09:00,1389.7394952108693,1401.9659423828125,1357.1356360856876,1401.9659423828125,3193,0.0,0.0
2012-08-03 00:00:00+09:00,1401.9659783688583,1410.116943359375,1377.5130833973085,1410.116943359375,1818,0.0,0.0
2012-08-06 00:00:00+09:00,1410.116943359375,1422.3433908451498,1393.8150133783417,1410.116943359375,1617,0.0,0.0
2012-08-07 00:00:00+09:00,1397.8905461183067,1414.1924766852842,1385.6640981930739,1393.8150634765625,5867,0.0,0.0
2012-08-08 00:00:00+09:00,1393.8150133783417,1414.1924258546333,1389.7395308830835,1410.116943359375,4800,0.0,0.0
2012-08-09 00:00:00+09:00,1410.1170221598072,1426.418953051828,1401.966056713797,1414.1925048828125,8496,0.0,0.0
2012-08-10 00:00:00+09:00,1430.4944357748334,1430.4944357748334,1397.8905739907916,1414.1925048828125,7604,0.0,0.0
2012-08-13 00:00:00+09:00,1422.3434196102653,1434.5698673433048,1414.1924544549056,1430.494384765625,25987,0.0,0.0
2012-08-14 00:00:00+09:00,1418.2677316638635,1438.6451416015625,1418.2677316638635,1438.6451416015625,5126,0.0,0.0
2012-08-16 00:00:00+09:00,1414.1922916065562,1450.8716305819423,1414.1922916065562,1434.5697021484375,709,0.0,0.0
2012-08-17 00:00:00+09:00,1422.3434196102653,1438.6453499209847,1414.1924544549056,1430.494384765625,12170,0.0,0.0
2012-08-20 00:00:00+09:00,1438.6450940727855,1454.947021484375,1426.418648514093,1454.947021484375,6541,0.0,0.0
2012-08-21 00:00:00+09:00,1442.7207267297565,1524.2303723077089,1442.7207267297565,1475.3245849609375,23050,0.0,0.0
2012-08-22 00:00:00+09:00,1483.4755126953125,1487.5509948730469,1450.8716552734377,1467.173583984375,9994,0.0,0.0
2012-08-23 00:00:00+09:00,1459.0227202955623,1548.6833343919377,1459.0227202955623,1503.85302734375,28010,0.0,0.0
2012-08-24 00:00:00+09:00,1512.003962590144,1512.003962590144,1483.4755859375,1483.4755859375,4987,0.0,0.0
2012-08-27 00:00:00+09:00,1467.1735044176532,1491.6263961579475,1442.720612677359,1463.0980224609375,15101,0.0,0.0
2012-08-28 00:00:00+09:00,1463.0980224609375,1471.248986374369,1426.4186848504962,1463.0980224609375,5835,0.0,0.0
2012-08-29 00:00:00+09:00,1463.0980224609375,1467.1735044176532,1442.720612677359,1463.0980224609375,1973,0.0,0.0
2012-08-30 00:00:00+09:00,1463.0980335268016,1463.0980335268016,1426.418695638943,1438.6451416015625,12561,0.0,0.0
2012-08-31 00:00:00+09:00,1446.7960577785802,1454.947021484375,1426.418648514093,1454.947021484375,6870,0.0,0.0
2012-09-03 00:00:00+09:00,1434.5698105796089,1463.0981874945444,1422.343363330351,1459.022705078125,12912,0.0,0.0
2012-09-04 00:00:00+09:00,1463.0982741452335,1463.0982741452335,1410.1169995940134,1450.871826171875,8370,0.0,0.0
2012-09-05 00:00:00+09:00,1450.8717269059066,1499.7775154532967,1434.56979739011,1483.4755859375,59307,0.0,0.0
2012-09-06 00:00:00+09:00,1475.3245054968836,1540.5322184470222,1459.022577259349,1471.2490234375,45129,0.0,0.0
2012-09-07 00:00:00+09:00,1467.1736564217033,1528.3058921059408,1463.098174042754,1483.4755859375,45871,0.0,0.0
2012-09-10 00:00:00+09:00,1499.7775245949074,1556.8342782479745,1487.5510773835358,1540.5323486328125,78275,0.0,0.0
2012-09-11 00:00:00+09:00,1540.5323694740853,1548.6833343919377,1503.85302734375,1503.85302734375,19078,0.0,0.0
2012-09-12 00:00:00+09:00,1507.928424022911,1532.3813173854448,1503.8529417958223,1512.00390625,10639,0.0,0.0
2012-09-13 00:00:00+09:00,1507.928466796875,1544.6078078811233,1483.4755727407094,1507.928466796875,11215,0.0,0.0
2012-09-14 00:00:00+09:00,1507.9285028929353,1524.23043265394,1471.2491609306746,1516.0794677734375,38912,0.0,0.0
2012-09-17 00:00:00+09:00,1499.7776510416666,1544.6079612630208,1499.7776510416666,1528.3060302734375,12114,0.0,0.0
2012-09-18 00:00:00+09:00,1512.003936118268,1552.7587591942322,1503.8529715030752,1532.38134765625,7656,0.0,0.0
2012-09-19 00:00:00+09:00,1516.079593638682,1597.589249210654,1516.079593638682,1573.1363525390625,56733,0.0,0.0
2012-09-20 00:00:00+09:00,1564.9853232189976,1589.4382188942943,1512.0040492558544,1544.60791015625,29418,0.0,0.0
2012-09-21 00:00:00+09:00,1528.3057491517259,1544.6076771426776,1499.7773751675604,1520.15478515625,40273,0.0,0.0
2012-09-24 00:00:00+09:00,1507.9283391630363,1528.3057491517259,1491.6264111720845,1520.15478515625,26562,0.0,0.0
2012-09-25 00:00:00+09:00,1507.9282970734457,1528.3057064933573,1495.701851421499,1524.230224609375,18741,0.0,0.0
2012-09-26 00:00:00+09:00,1507.9283391630363,1536.4567131472018,1503.8528571652982,1520.15478515625,21525,0.0,0.0
2012-09-27 00:00:00+09:00,1491.6265799669716,1507.9285098026762,1467.1736852134147,1503.85302734375,13093,0.0,0.0
2012-09-28 00:00:00+09:00,1495.7019835762355,1512.0039125525434,1491.6265013321586,1499.7774658203125,3447,0.0,0.0
2012-10-02 00:00:00+09:00,1483.4756082514282,1524.23043265394,1483.4756082514282,1516.0794677734375,2573,0.0,0.0
2012-10-04 00:00:00+09:00,1507.9282970734457,1528.3057064933573,1499.7773333054813,1524.230224609375,10341,0.0,0.0
2012-10-05 00:00:00+09:00,1516.0795318684038,1560.909840606448,1507.9285666433047,1544.60791015625,13356,0.0,0.0
2012-10-08 00:00:00+09:00,1528.305972433839,1556.8343505859375,1512.0040420612115,1556.8343505859375,20788,0.0,0.0
2012-10-09 00:00:00+09:00,1540.5323507960838,1609.8155517578125,1524.2304211580301,1609.8155517578125,45600,0.0,0.0
2012-10-10 00:00:00+09:00,1597.5890320292517,1622.0419253766383,1564.9851742327364,1593.5135498046875,52829,0.0,0.0
2012-10-11 00:00:00+09:00,1569.060904905968,1613.89121647471,1556.8344562963114,1581.287353515625,26513,0.0,0.0
2012-10-12 00:00:00+09:00,1564.9854220360826,1597.5892849951676,1564.9854220360826,1581.287353515625,2671,0.0,0.0
2012-10-15 00:00:00+09:00,1581.2870414513616,1601.664451779343,1548.6831849265911,1552.7586669921875,16767,0.0,0.0
2012-10-16 00:00:00+09:00,1548.6833781452922,1593.5136864600242,1548.6833781452922,1569.060791015625,15445,0.0,0.0
2012-10-17 00:00:00+09:00,1569.0607621042352,1589.4381745990954,1536.456902112459,1548.683349609375,12596,0.0,0.0
2012-10-18 00:00:00+09:00,1585.3626921001235,1585.3626921001235,1524.2304546155428,1548.683349609375,11665,0.0,0.0
2012-10-19 00:00:00+09:00,1569.0607983654081,1569.0607983654081,1516.0795246543685,1556.8343505859375,4031,0.0,0.0
2012-10-22 00:00:00+09:00,1552.7587591942322,1552.7587591942322,1524.2303830410572,1532.38134765625,1468,0.0,0.0
2012-10-23 00:00:00+09:00,1540.5323486328125,1560.909760651765,1516.0794542100693,1540.5323486328125,3580,0.0,0.0
2012-10-24 00:00:00+09:00,1532.3814623186017,1552.758875381349,1516.0795318684038,1544.60791015625,3642,0.0,0.0
2012-10-25 00:00:00+09:00,1556.8343579938985,1556.8343579938985,1524.2304970935027,1544.60791015625,4917,0.0,0.0
2012-10-26 00:00:00+09:00,1544.6080668186946,1544.6080668186946,1495.7022705078125,1495.7022705078125,6813,0.0,0.0
2012-10-29 00:00:00+09:00,1499.777551869877,1532.3814116931353,1459.0227270908042,1491.6265869140625,4659,0.0,0.0
2012-10-30 00:00:00+09:00,1495.7022705078125,1516.0796856373468,1459.0229232746508,1495.7022705078125,2021,0.0,0.0
2012-10-31 00:00:00+09:00,1507.9286165364583,1581.2873059895833,1467.1737890625,1528.3060302734375,11986,0.0,0.0
2012-11-01 00:00:00+09:00,1544.6076340292864,1544.6076340292864,1475.3244420015876,1524.230224609375,1354,0.0,0.0
2012-11-02 00:00:00+09:00,1528.3058227215267,1536.456787109375,1487.551000782286,1536.456787109375,7306,0.0,0.0
2012-11-05 00:00:00+09:00,1532.38134765625,1536.4568299638465,1503.8529715030752,1532.38134765625,5732,0.0,0.0
2012-11-06 00:00:00+09:00,1532.38134765625,1536.4568299638465,1507.9284538106715,1532.38134765625,13459,0.0,0.0
2012-11-07 00:00:00+09:00,1516.0794184258643,1536.4568299638465,1516.0794184258643,1532.38134765625,2821,0.0,0.0
2012-11-08 00:00:00+09:00,1528.3057491517259,1528.3057491517259,1483.4754471766087,1520.15478515625,10737,0.0,0.0
2012-11-09 00:00:00+09:00,1524.230359284774,1524.230359284774,1479.400054599928,1499.7774658203125,9784,0.0,0.0
2012-11-12 00:00:00+09:00,1499.7774473640584,1540.532269303299,1499.7774473640584,1536.456787109375,19923,0.0,0.0
2012-11-13 00:00:00+09:00,1520.1547427253927,1548.6831159132687,1499.7773333054813,1524.230224609375,24969,0.0,0.0
2012-11-14 00:00:00+09:00,1524.2304546155428,1577.2117271021793,1503.8530421206826,1548.683349609375,17716,0.0,0.0
2012-11-15 00:00:00+09:00,1544.6078310366029,1548.6833134403935,1512.003971806279,1540.5323486328125,6317,0.0,0.0
2012-11-16 00:00:00+09:00,1548.6832336911473,1548.6832336911473,1512.0038939458304,1536.456787109375,14719,0.0,0.0
2012-11-19 00:00:00+09:00,1516.07958203125,1540.532478515625,1516.07958203125,1528.3060302734375,3214,0.0,0.0
2012-11-20 00:00:00+09:00,1516.0794542100693,1544.6078310366029,1483.4755949797452,1540.5323486328125,9873,0.0,0.0
2012-11-21 00:00:00+09:00,1544.6078955712258,1577.211756163758,1532.381447849026,1569.060791015625,37557,0.0,0.0
2012-11-22 00:00:00+09:00,1569.0605918959816,1695.4005356590346,1552.758663668491,1646.4947509765625,90289,0.0,0.0
2012-11-23 00:00:00+09:00,1646.4949657733623,1736.1555827214167,1613.891105064979,1695.4007568359375,74515,0.0,0.0
2012-11-26 00:00:00+09:00,1711.7027231608852,1715.7782058350776,1662.7969310705741,1703.5517578125,21028,0.0,0.0
2012-11-27 00:00:00+09:00,1699.4762983625267,1699.4762983625267,1642.4195401441204,1666.8724365234375,33438,0.0,0.0
2012-11-28 00:00:00+09:00,1695.4006054187978,1695.4006054187978,1581.2871031309942,1593.5135498046875,39874,0.0,0.0
2012-11-29 00:00:00+09:00,1581.2871031309942,1626.1174076012028,1577.2116209064297,1593.5135498046875,16201,0.0,0.0
2012-11-30 00:00:00+09:00,1593.513543608225,1617.9664368605252,1569.060650355925,1605.739990234375,9291,0.0,0.0
2012-12-03 00:00:00+09:00,1605.7399304078358,1675.0231253746713,1605.7399304078358,1646.4947509765625,14756,0.0,0.0
2012-12-04 00:00:00+09:00,1650.570391575104,1654.6458740234375,1609.8155670917681,1654.6458740234375,13635,0.0,0.0
2012-12-05 00:00:00+09:00,1630.1928284756857,1662.7966850451994,1622.0418643333073,1634.268310546875,22283,0.0,0.0
2012-12-06 00:00:00+09:00,1634.2683048059446,1662.7966792040534,1597.5889662940904,1646.4947509765625,26353,0.0,0.0
2012-12-07 00:00:00+09:00,1654.6458740234375,1670.947803816772,1630.192979333436,1654.6458740234375,13247,0.0,0.0
2012-12-10 00:00:00+09:00,1666.8724365234375,1666.8724365234375,1630.193091954462,1666.8724365234375,32002,0.0,0.0
2012-12-11 00:00:00+09:00,1675.0232724680484,1687.2497197123407,1638.3439307351714,1679.0987548828125,6862,0.0,0.0
2012-12-12 00:00:00+09:00,1679.098579206444,1707.626953125,1650.5702052878878,1707.626953125,27956,0.0,0.0
2012-12-13 00:00:00+09:00,1715.7779541015625,1732.0798824065655,1687.2495795678071,1715.7779541015625,25396,0.0,0.0
2012-12-14 00:00:00+09:00,1691.3251397734005,1732.0799624185427,1679.0986929798578,1719.853515625,36615,0.0,0.0
2012-12-17 00:00:00+09:00,1719.8537517233456,1744.3066486672794,1691.3253719554227,1732.0802001953125,33660,0.0,0.0
2012-12-18 00:00:00+09:00,1711.702569190492,1988.835366107048,1711.702569190492,1915.4766845703125,593691,0.0,0.0
2012-12-20 00:00:00+09:00,1923.6276491855053,2013.2882599526265,1850.26896764877,1915.4766845703125,129263,0.0,0.0
2012-12-21 00:00:00+09:00,1956.231201171875,2054.042761230469,1870.6460861206056,1956.231201171875,63815,0.0,0.0
2012-12-24 00:00:00+09:00,1931.7787224264705,2086.6470588235293,1931.7787224264705,2078.49609375,85211,0.0,0.0
2012-12-26 00:00:00+09:00,2054.042926206683,2119.2506381497524,1956.2313582920792,2058.118408203125,80337,0.0,0.0
2012-12-27 00:00:00+09:00,2058.11811711238,2170.3791053185096,1979.1196439302885,2162.0634765625,76034,50.0,0.0
2012-12-28 00:00:00+09:00,2120.4859831748413,2170.379771014249,2078.907826642001,2124.643798828125,36984,0.0,0.0
2013-01-02 00:00:00+09:00,2191.168421896621,2315.9028671658784,2182.8527922120043,2253.53564453125,111251,0.0,0.0
2013-01-03 00:00:00+09:00,2299.2717414354756,2378.2702280309077,2203.6419945041625,2278.482666015625,36144,0.0,0.0
2013-01-04 00:00:00+09:00,2278.482941014173,2332.5345436294724,2162.0641046119886,2236.90478515625,28492,0.0,0.0
2013-01-07 00:00:00+09:00,2195.3262914540815,2245.2200708053106,2170.379401778467,2241.062255859375,28135,0.0,0.0
2013-01-08 00:00:00+09:00,2195.326328423187,2241.0622935986703,2103.854398072221,2178.695068359375,47365,0.0,0.0
2013-01-09 00:00:00+09:00,2178.6950492858887,2203.641939163208,2108.012194633484,2128.80126953125,22792,0.0,0.0
2013-01-10 00:00:00+09:00,2149.590319870989,2203.6419139876675,2103.8543556184145,2170.37939453125,11970,0.0,0.0
2013-01-11 00:00:00+09:00,2149.590657854612,2245.2204163278343,2149.590657854612,2236.90478515625,21437,0.0,0.0
2013-01-14 00:00:00+09:00,2236.904670266544,2261.8515625,2162.0639935661766,2191.168701171875,29971,0.0,0.0
2013-01-15 00:00:00+09:00,2191.168730449861,2245.2203310112427,2116.3280527494862,2149.590576171875,29825,0.0,0.0
2013-01-16 00:00:00+09:00,2120.485868177285,2178.695284166465,2108.012421893889,2149.590576171875,24733,0.0,0.0
2013-01-17 00:00:00+09:00,2236.9046261160715,2236.9046261160715,2120.4857979910716,2182.85302734375,10812,0.0,0.0
2013-01-18 00:00:00+09:00,2203.64208984375,2228.5889814268867,2137.117045622052,2203.64208984375,10680,0.0,0.0
2013-01-21 00:00:00+09:00,2162.0639372051887,2307.5874714401534,2162.0639372051887,2203.64208984375,8671,0.0,0.0
2013-01-22 00:00:00+09:00,2245.219764122596,2245.219764122596,2162.0634765625,2162.0634765625,16362,0.0,0.0
2013-01-23 00:00:00+09:00,2153.748610791973,2162.0642424938724,2120.486083984375,2120.486083984375,9477,0.0,0.0
2013-01-24 00:00:00+09:00,2128.801614481409,2195.326664933953,2108.0125362149893,2124.643798828125,5901,0.0,0.0
2013-01-25 00:00:00+09:00,2112.169692272523,2132.958764046859,2024.8555908203125,2024.8555908203125,34158,0.0,0.0
2013-01-28 00:00:00+09:00,1999.9090961657073,2062.2763236968626,1962.4887596470144,2053.960693359375,16120,0.0,0.0
2013-01-29 00:00:00+09:00,2016.5399733323318,2162.0634765625,2016.5399733323318,2162.0634765625,21081,0.0,0.0
2013-01-30 00:00:00+09:00,2141.274720968957,2199.484130859375,2120.485646008093,2199.484130859375,64226,0.0,0.0
2013-01-31 00:00:00+09:00,2236.9046261160715,2236.9046261160715,2137.1170591517857,2182.85302734375,13171,0.0,0.0
2013-02-01 00:00:00+09:00,2149.5907036104804,2203.6423073763144,2141.2750722618903,2174.53759765625,4306,0.0,0.0
2013-02-04 00:00:00+09:00,2128.801181102362,2174.537143977608,2112.169921875,2112.169921875,6927,0.0,0.0
2013-02-05 00:00:00+09:00,2120.4855751129517,2157.9059087914156,2058.1183523155123,2070.591796875,2359,0.0,0.0
2013-02-06 00:00:00+09:00,2066.4344053526183,2162.0641665661196,2066.4344053526183,2153.74853515625,1565,0.0,0.0
2013-02-07 00:00:00+09:00,2087.2234838772924,2178.6954293858594,2087.2234838772924,2153.74853515625,49,0.0,0.0
2013-02-08 00:00:00+09:00,2087.2234684960563,2178.695413330545,2087.2234684960563,2174.53759765625,4581,0.0,0.0
2013-02-12 00:00:00+09:00,2228.5892961090685,2228.5892961090685,2095.539188878676,2120.486083984375,731,0.0,0.0
2013-02-13 00:00:00+09:00,2191.16886035343,2191.16886035343,2145.4328879361856,2174.53759765625,1000,0.0,0.0
2013-02-14 00:00:00+09:00,2224.431385747789,2224.431385747789,2149.5907036104804,2174.53759765625,1379,0.0,0.0
2013-02-15 00:00:00+09:00,2199.48414343914,2203.641958455093,2137.116918199845,2178.695068359375,1496,0.0,0.0
2013-02-18 00:00:00+09:00,2178.695386309956,2178.695386309956,2112.1703363462934,2145.432861328125,9005,0.0,0.0
2013-02-19 00:00:00+09:00,2141.2750457053958,2145.432861328125,2095.539073855378,2145.432861328125,15275,0.0,0.0
2013-02-20 00:00:00+09:00,2120.4857979910716,2220.273364955357,2120.4857979910716,2182.85302734375,29760,0.0,0.0
2013-02-21 00:00:00+09:00,2207.799704644913,2211.95751953125,2166.221555781544,2211.95751953125,24782,0.0,0.0
2013-02-22 00:00:00+09:00,2203.641620342548,2220.2728778545675,2162.0634765625,2162.0634765625,12441,0.0,0.0
2013-02-25 00:00:00+09:00,2137.1172723365107,2203.6423236154683,2137.1172723365107,2153.74853515625,2806,0.0,0.0
2013-02-26 00:00:00+09:00,2153.7480246803975,2224.4308749112215,2153.7480246803975,2195.326171875,9171,0.0,0.0
2013-02-27 00:00:00+09:00,2157.9061219413325,2207.7999051076063,2157.9061219413325,2203.64208984375,11110,0.0,0.0
2013-02-28 00:00:00+09:00,2170.379761862099,2266.009521484375,2170.379761862099,2266.009521484375,26573,0.0,0.0
2013-03-04 00:00:00+09:00,2295.1139607462846,2577.845390693291,2270.167069868608,2378.270263671875,37032,0.0,0.0
2013-03-05 00:00:00+09:00,2411.5326302318367,2411.5326302318367,2216.1153308854637,2303.429443359375,18127,0.0,0.0
2013-03-06 00:00:00+09:00,2261.8513305890538,2303.4294800484113,2216.11536618376,2241.062255859375,16152,0.0,0.0
2013-03-07 00:00:00+09:00,2241.062248376137,2241.062248376137,2166.221579599198,2170.37939453125,9207,0.0,0.0
2013-03-08 00:00:00+09:00,2128.8017156862743,2170.379874195772,2083.0657413258273,2120.486083984375,49215,0.0,0.0
2013-03-11 00:00:00+09:00,2091.381204187158,2116.3280972788534,2053.960864549614,2087.223388671875,18608,0.0,0.0
2013-03-12 00:00:00+09:00,2087.22280614332,2095.5384348530542,2020.6977764654453,2024.8555908203125,38427,0.0,0.0
2013-03-13 00:00:00+09:00,2024.8559871781695,2087.2232147093246,2024.8559871781695,2053.960693359375,5367,0.0,0.0
2013-03-14 00:00:00+09:00,2078.9077576413097,2141.274990370549,2053.960864549614,2087.223388671875,6972,0.0,0.0
2013-03-15 00:00:00+09:00,2153.7481885859534,2153.7481885859534,2024.8559224736666,2041.4871826171875,23938,0.0,0.0
2013-03-18 00:00:00+09:00,2020.6981074377863,2053.960627724828,1991.5934021866249,2041.4871826171875,23167,0.0,0.0
2013-03-19 00:00:00+09:00,1999.9087614425505,2074.7494219539144,1999.9087614425505,2058.1181640625,5162,0.0,0.0
2013-03-20 00:00:00+09:00,2074.7499421260272,2087.223388671875,2004.0670783662226,2087.223388671875,16034,0.0,0.0
2013-03-21 00:00:00+09:00,2078.9077728087273,2078.9077728087273,2029.013986261318,2066.434326171875,8751,0.0,0.0
2013-03-22 00:00:00+09:00,2078.9073821037045,2078.9073821037045,1979.1198277627268,2062.276123046875,19197,0.0,0.0
2013-03-25 00:00:00+09:00,2070.592026939923,2120.485810721608,2033.1716891036592,2091.381103515625,12132,0.0,0.0
2013-03-26 00:00:00+09:00,2099.6965967814126,2099.6965967814126,1962.488700358073,1995.751220703125,29309,0.0,0.0
2013-03-27 00:00:00+09:00,2004.0668163457192,2033.1715211474207,1950.0152217139882,2012.3824462890625,39553,0.0,0.0
2013-03-28 00:00:00+09:00,2012.3826757013676,2070.5920919406635,1950.0154440164079,2033.1717529296875,25172,0.0,0.0
2013-03-29 00:00:00+09:00,1970.8044864430146,2091.3811322380516,1970.8044864430146,2049.802978515625,14760,0.0,0.0
2013-04-01 00:00:00+09:00,2074.7498489007717,2074.7498489007717,1979.120096346227,2045.6451416015625,617,0.0,0.0
2013-04-02 00:00:00+09:00,2058.11860926011,2062.2764246323527,1999.9091940487133,2049.802978515625,4839,0.0,0.0
2013-04-03 00:00:00+09:00,2066.4342400045957,2066.4342400045957,2016.5404555376838,2049.802978515625,7560,0.0,0.0
2013-04-04 00:00:00+09:00,2045.6456283757716,2045.6456283757716,1945.8580367476852,2020.69873046875,32812,0.0,0.0
2013-04-05 00:00:00+09:00,2070.5919591299494,2070.5919591299494,1933.384058223748,2008.2247314453125,22187,0.0,0.0
2013-04-08 00:00:00+09:00,2008.2246117026118,2070.5918356685315,1920.9104981503244,1962.4886474609375,23516,0.0,0.0
2013-04-09 00:00:00+09:00,1970.8041652036518,1991.593238676264,1850.2275390625,1850.2275390625,25203,0.0,0.0
2013-04-10 00:00:00+09:00,1850.2273982121394,1895.9633563701923,1850.2273982121394,1891.8055419921875,7632,0.0,0.0
2013-04-11 00:00:00+09:00,1912.59531185327,1983.2781820739342,1866.8593370046049,1883.4906005859375,17206,0.0,0.0
2013-04-12 00:00:00+09:00,1862.7008413461538,2053.960302734375,1862.7008413461538,1891.8055419921875,4290,0.0,0.0
2013-04-15 00:00:00+09:00,1900.121447542529,1966.646487281436,1883.4901876078025,1920.9105224609375,5299,0.0,0.0
2013-04-16 00:00:00+09:00,1912.594944730718,1987.4356164810504,1871.016793758311,1954.173095703125,9872,0.0,0.0
2013-04-17 00:00:00+09:00,1987.4361760661666,1995.7518086020084,1929.2267483152748,1966.6470947265625,2844,0.0,0.0
2013-04-18 00:00:00+09:00,1954.1730867583176,1974.9621621493636,1883.4902304287616,1929.2261962890625,38121,0.0,0.0
2013-04-19 00:00:00+09:00,1887.6481789981617,1933.3841480928309,1858.5434713924633,1908.437255859375,19933,0.0,0.0
2013-04-22 00:00:00+09:00,1916.7529011865017,1916.7529011865017,1871.0169317438738,1887.648193359375,18313,0.0,0.0
2013-04-23 00:00:00+09:00,1900.1217888358358,1916.7530517578125,1887.6483416443534,1916.7530517578125,10654,0.0,0.0
2013-04-24 00:00:00+09:00,1912.5948682882017,1970.8042773230602,1912.5948682882017,1962.4886474609375,18328,0.0,0.0
2013-04-25 00:00:00+09:00,1962.4886474609375,2033.1715012889797,1933.3839429435084,1962.4886474609375,84322,0.0,0.0
2013-04-26 00:00:00+09:00,1991.5934404645648,2241.0623474121094,1937.5418439592636,2095.538818359375,61068,0.0,0.0
2013-04-29 00:00:00+09:00,2095.5388929834908,2266.009318801592,2095.5388929834908,2203.64208984375,99948,0.0,0.0
2013-04-30 00:00:00+09:00,2220.2735910363344,2278.4830110260514,2170.3798024737202,2274.3251953125,92366,0.0,0.0
2013-05-02 00:00:00+09:00,2241.0623996310765,2278.482736545139,2174.5373562282984,2245.22021484375,29802,0.0,0.0
2013-05-03 00:00:00+09:00,2207.800241994334,2282.6409281636334,2178.695530706273,2270.16748046875,10329,0.0,0.0
2013-05-06 00:00:00+09:00,2278.4826583059207,2394.9014802631577,2253.535767886513,2369.95458984375,68505,0.0,0.0
2013-05-07 00:00:00+09:00,2444.795306012347,2444.795306012347,2290.956145600005,2378.270263671875,28962,0.0,0.0
2013-05-08 00:00:00+09:00,2411.5329961464354,2411.5329961464354,2132.959356936416,2157.90625,75672,0.0,0.0
2013-05-09 00:00:00+09:00,2195.3266922055986,2195.3266922055986,2132.959456631576,2153.74853515625,83997,0.0,0.0
2013-05-10 00:00:00+09:00,2153.7482299804688,2153.7482299804688,2091.3810032435827,2095.538818359375,108790,0.0,0.0
2013-05-13 00:00:00+09:00,2091.381284170351,2174.53759765625,2091.381284170351,2174.53759765625,69008,0.0,0.0
2013-05-14 00:00:00+09:00,2157.90633495907,2182.8532290048397,2124.643809564711,2174.53759765625,19336,0.0,0.0
2013-05-15 00:00:00+09:00,2182.8528393274064,2182.8528393274064,2145.4325049389367,2170.37939453125,17469,0.0,0.0
2013-05-16 00:00:00+09:00,2178.6954238463786,2224.431396484375,2157.906345374562,2224.431396484375,51543,0.0,0.0
2013-05-20 00:00:00+09:00,2232.7470278731016,2232.7470278731016,2162.0641610689254,2224.431396484375,23993,0.0,0.0
2013-05-21 00:00:00+09:00,2224.4313538857295,2224.4313538857295,2178.695382123593,2216.11572265625,13389,0.0,0.0
2013-05-22 00:00:00+09:00,2257.693540749793,2257.693540749793,2182.852870890684,2199.484130859375,28675,0.0,0.0
2013-05-23 00:00:00+09:00,2199.484130859375,2211.9575758358933,2162.06379592982,2199.484130859375,31610,0.0,0.0
2013-05-24 00:00:00+09:00,2220.273218518905,2220.273218518905,2162.063808295563,2178.695068359375,56912,0.0,0.0
2013-05-27 00:00:00+09:00,2211.95790704151,2216.11572265625,2162.0641196646343,2216.11572265625,30707,0.0,0.0
2013-05-28 00:00:00+09:00,2216.115000351914,2311.7447283220718,2216.115000351914,2307.5869140625,97908,0.0,0.0
2013-05-29 00:00:00+09:00,2320.060809004934,2386.585850123355,2266.009213096217,2369.95458984375,101980,0.0,0.0
2013-05-30 00:00:00+09:00,2394.9016254378284,2478.0579318766418,2345.00784157454,2374.112548828125,56836,0.0,0.0
2013-05-31 00:00:00+09:00,2411.532812152469,2411.532812152469,2203.6420524841524,2336.692138671875,56991,0.0,0.0
2013-06-03 00:00:00+09:00,2286.798553466797,2345.0079711914063,2274.3251068115233,2328.376708984375,10815,0.0,0.0
2013-06-04 00:00:00+09:00,2303.429889181386,2336.6924146569295,2245.220469599185,2295.1142578125,36051,0.0,0.0
2013-06-05 00:00:00+09:00,2311.745155094732,2311.745155094732,2220.273224497458,2249.3779296875,4423,0.0,0.0
2013-06-07 00:00:00+09:00,2249.3782319136267,2278.482941014173,2108.012501996689,2236.90478515625,8088,0.0,0.0
2013-06-10 00:00:00+09:00,2137.117211097235,2274.3251254283805,2128.8015799256505,2236.90478515625,1544,0.0,0.0
2013-06-11 00:00:00+09:00,2137.117230082667,2261.851698764535,2137.117230082667,2145.432861328125,23457,0.0,0.0
2013-06-12 00:00:00+09:00,2141.274977080676,2141.274977080676,2004.0670659279338,2037.32958984375,109460,0.0,0.0
2013-06-13 00:00:00+09:00,2020.6980564957958,2045.6449460821636,1962.4886474609375,1962.4886474609375,13094,0.0,0.0
2013-06-14 00:00:00+09:00,1962.4890443782217,2078.907885993879,1962.4890443782217,2016.5406494140625,15099,0.0,0.0
2013-06-17 00:00:00+09:00,1983.277396182886,2012.382095917226,1804.491383529083,1858.54296875,126822,0.0,0.0
2013-06-18 00:00:00+09:00,1871.016888913855,1904.2794113834348,1816.965289900788,1879.33251953125,98382,0.0,0.0
2013-06-19 00:00:00+09:00,1900.1214234950178,1962.4886474609375,1891.8057936328953,1962.4886474609375,46810,0.0,0.0
2013-06-20 00:00:00+09:00,1958.3312090627542,1979.120287715225,1904.2796045663301,1916.7530517578125,20850,0.0,0.0
2013-06-21 00:00:00+09:00,1912.59521484375,1954.1733716881793,1846.070163892663,1912.59521484375,16447,0.0,0.0
2013-06-24 00:00:00+09:00,1908.4375246236252,1991.5938437793388,1900.121892708054,1937.542236328125,14654,0.0,0.0
2013-06-25 00:00:00+09:00,1937.5419195329594,1937.5419195329594,1829.4387223057986,1900.12158203125,17704,0.0,0.0
2013-06-26 00:00:00+09:00,1841.91234820822,1933.3842932659647,1841.91234820822,1912.59521484375,29380,0.0,0.0
2013-06-27 00:00:00+09:00,1920.9106661506144,1929.2262967400109,1887.6481437930279,1925.0684814453125,27848,0.0,0.0
2013-06-28 00:00:00+09:00,1925.0686095020155,1970.8045807860808,1887.6482693605076,1950.0155029296875,16273,0.0,0.0
2013-07-01 00:00:00+09:00,1958.331003802899,1958.331003802899,1846.069990846045,1925.0684814453125,7284,0.0,0.0
2013-07-02 00:00:00+09:00,1954.1731885082006,1954.1731885082006,1900.1215896771228,1925.0684814453125,10855,0.0,0.0
2013-07-03 00:00:00+09:00,1954.173029832207,1954.173029832207,1887.6479905187703,1941.6995849609375,2724,0.0,0.0
2013-07-04 00:00:00+09:00,1858.5434367301398,1933.3841120347092,1858.5434367301398,1925.0684814453125,11257,0.0,0.0
2013-07-05 00:00:00+09:00,1933.3836857722356,1954.1727576622595,1891.8055419921875,1891.8055419921875,1214,0.0,0.0
2013-07-08 00:00:00+09:00,1871.0167332699425,1950.0152175635624,1850.227658455832,1895.963623046875,8068,0.0,0.0
2013-07-09 00:00:00+09:00,1933.384126221769,1933.384126221769,1895.9637882948962,1904.2794189453125,2079,0.0,0.0
2013-07-10 00:00:00+09:00,1925.068057016226,1925.068057016226,1862.7008413461538,1891.8055419921875,7047,0.0,0.0
2013-07-11 00:00:00+09:00,1929.2264775815217,1929.2264775815217,1879.3326893682065,1912.59521484375,5950,0.0,0.0
2013-07-12 00:00:00+09:00,1912.595340581411,1945.8578682436964,1891.8062607924826,1937.542236328125,1703,0.0,0.0
2013-07-15 00:00:00+09:00,1933.3839212405453,1958.330810546875,1908.4370319342156,1958.330810546875,7545,0.0,0.0
2013-07-16 00:00:00+09:00,1958.3314621907207,1983.278359798246,1937.5423808511164,1966.6470947265625,7106,0.0,0.0
2013-07-17 00:00:00+09:00,1920.9105410032632,1970.8043212890623,1920.9105410032632,1970.8043212890625,12211,0.0,0.0
2013-07-18 00:00:00+09:00,1970.8042552000397,1970.8042552000397,1920.9104765873806,1958.330810546875,9329,0.0,0.0
2013-07-19 00:00:00+09:00,1970.804750454501,1995.7516460298743,1941.7000389498985,1983.2781982421875,5972,0.0,0.0
2013-07-22 00:00:00+09:00,1987.4355370473054,1987.4355370473054,1954.1730175988148,1962.4886474609375,6167,0.0,0.0
2013-07-23 00:00:00+09:00,1962.4889110331633,2045.645220822704,1962.4889110331633,2037.32958984375,21897,0.0,0.0
2013-07-24 00:00:00+09:00,2037.3299957400977,2037.3299957400977,1995.7518325617284,2020.69873046875,3877,0.0,0.0
2013-07-25 00:00:00+09:00,1979.1201171875,2033.1717170266543,1908.437255859375,1908.437255859375,38983,0.0,0.0
2013-07-26 00:00:00+09:00,1916.7526617029923,1962.4886254312632,1912.594846818604,1958.330810546875,15958,0.0,0.0
2013-07-29 00:00:00+09:00,1958.3307987501641,1979.119873046875,1954.172983890822,1979.119873046875,4586,0.0,0.0
2013-07-30 00:00:00+09:00,1974.9620581875329,2008.22457706227,1941.6995393127954,1979.119873046875,10355,0.0,0.0
2013-07-31 00:00:00+09:00,2004.067277888332,2008.225093817561,1958.331302666814,1983.2781982421875,3413,0.0,0.0
2013-08-01 00:00:00+09:00,1970.8049109944832,1995.7518086020084,1950.015829654879,1966.6470947265625,13300,0.0,0.0
2013-08-02 00:00:00+09:00,1987.4355906168619,1999.9090357462564,1979.119960530599,1995.751220703125,951,0.0,0.0
2013-08-05 00:00:00+09:00,1991.5938511293803,1995.7516671025105,1958.3313233443382,1987.43603515625,1164,0.0,0.0
2013-08-06 00:00:00+09:00,1987.4355906168619,1999.9090357462564,1929.2261800130207,1995.751220703125,7776,0.0,0.0
2013-08-07 00:00:00+09:00,1991.5934184827302,1995.7512335526314,1962.488712993421,1974.962158203125,8707,0.0,0.0
2013-08-08 00:00:00+09:00,1999.9090357462564,2008.2246658325196,1962.488700358073,1995.751220703125,30268,0.0,0.0
2013-08-09 00:00:00+09:00,1995.751220703125,2008.2246658325196,1979.119960530599,1995.751220703125,9470,0.0,0.0
2013-08-12 00:00:00+09:00,2012.382439231464,2012.382439231464,1941.6995849609375,1941.6995849609375,1581,0.0,0.0
2013-08-13 00:00:00+09:00,1999.9089868164062,2128.80125,1962.48865234375,2078.907470703125,41162,0.0,0.0
2013-08-14 00:00:00+09:00,2162.063824728261,2390.74365234375,2145.4325645380436,2390.74365234375,1321749,0.0,0.0
2013-08-16 00:00:00+09:00,2748.316162109375,2748.316162109375,2748.316162109375,2748.316162109375,63881,0.0,0.0
2013-08-19 00:00:00+09:00,3159.939697265625,3159.939697265625,3114.2037279630963,3159.939697265625,1155662,0.0,0.0
2013-08-20 00:00:00+09:00,3243.0959263392856,3342.8834933035714,2868.892550223214,2910.470703125,3782009,0.0,0.0
2013-08-21 00:00:00+09:00,2956.2064678485576,3347.0410782251606,2798.2094976963144,2918.7861328125,5184281,0.0,0.0
2013-08-22 00:00:00+09:00,2702.57958984375,2868.892179987981,2519.635740685096,2702.57958984375,1764575,0.0,0.0
2013-08-23 00:00:00+09:00,2656.8437521605365,2989.4689480491797,2640.2124923661045,2818.99853515625,1270291,0.0,0.0
2013-08-26 00:00:00+09:00,2773.2625392225923,3164.0971399526125,2710.895315701844,2789.893798828125,1686213,0.0,0.0
2013-08-27 00:00:00+09:00,2810.682760451716,3205.675160219339,2744.1577247013797,3089.25634765625,3095133,0.0,0.0
2013-08-28 00:00:00+09:00,2993.627415707237,3488.407502469961,2789.894438804939,2843.946044921875,3678167,0.0,0.0
2013-08-29 00:00:00+09:00,2927.1022011239784,3064.3101168016647,2868.8927823516265,3051.836669921875,1008957,0.0,0.0
2013-08-30 00:00:00+09:00,3326.2524757922533,3388.619709713358,2835.630235612896,2952.049072265625,1982895,0.0,0.0
2013-09-02 00:00:00+09:00,3001.9430070206927,3139.1509283942146,2968.6804806271116,3076.78369140625,840250,0.0,0.0
2013-09-03 00:00:00+09:00,3035.2047561091017,3272.2001959696754,2997.7844234995373,3089.25634765625,966565,0.0,0.0
2013-09-04 00:00:00+09:00,3085.0987205198558,3147.465945328209,3010.2580507498324,3101.72998046875,463079,0.0,0.0
2013-09-05 00:00:00+09:00,3101.730298128995,3130.835006020286,2906.3129737160425,2927.10205078125,409227,0.0,0.0
2013-09-06 00:00:00+09:00,2939.57539616578,3039.362962655142,2823.1565685948585,2931.259765625,583089,0.0,0.0
2013-09-09 00:00:00+09:00,2918.7862532106165,2952.048774614726,2702.5798640839043,2731.6845703125,346594,0.0,0.0
2013-09-10 00:00:00+09:00,2702.5799776185677,2814.8409920734925,2669.3174548171082,2706.73779296875,406906,0.0,0.0
2013-09-11 00:00:00+09:00,2760.7896033178404,2802.367759994314,2611.1082392825356,2627.739501953125,234861,0.0,0.0
2013-09-12 00:00:00+09:00,2615.265827060486,2702.5799484726804,2586.161119923088,2677.633056640625,241195,0.0,0.0
2013-09-13 00:00:00+09:00,2627.7391317554434,2773.262659621647,2615.265686509769,2673.47509765625,255662,0.0,0.0
2013-09-16 00:00:00+09:00,2681.791162109375,2715.0536881510416,2494.689453125,2494.689453125,142393,0.0,0.0
2013-09-17 00:00:00+09:00,2415.6905822753906,2735.8423461914062,2415.6905822753906,2561.214111328125,586647,0.0,0.0
2013-09-23 00:00:00+09:00,2411.5328427065024,2419.848473198594,2340.8499835237258,2365.796875,255597,0.0,0.0
2013-09-24 00:00:00+09:00,2386.585939978585,2536.267288130552,2386.585939978585,2457.268798828125,360949,0.0,0.0
2013-09-25 00:00:00+09:00,2478.0576852811437,2544.582723812181,2428.1639063828657,2444.795166015625,177702,0.0,0.0
2013-09-26 00:00:00+09:00,2428.1639877717394,2511.3202887228263,2378.270207201087,2390.74365234375,138074,0.0,0.0
2013-09-27 00:00:00+09:00,2444.795617731184,2748.316162109375,2419.8487236727024,2748.316162109375,708873,0.0,0.0
2013-09-30 00:00:00+09:00,2910.4707605698527,2993.627068014706,2694.264361213235,2827.314453125,1672697,0.0,0.0
2013-10-01 00:00:00+09:00,2781.577964697809,2910.4702171725953,2569.5294203038056,2615.265380859375,510244,0.0,0.0
2013-10-02 00:00:00+09:00,2623.581316673552,2752.473584212189,2594.4766111003114,2673.47509765625,328434,0.0,0.0
2013-10-04 00:00:00+09:00,2636.0549460018383,2694.264361213235,2494.6892233455883,2544.5830078125,240117,0.0,0.0
2013-10-07 00:00:00+09:00,2503.0049108746407,2744.1582079356526,2424.0064170098267,2532.109619140625,666576,0.0,0.0
2013-10-08 00:00:00+09:00,2511.320067520404,2511.320067520404,2419.84814453125,2419.84814453125,203418,0.0,0.0
2013-10-10 00:00:00+09:00,2490.5315093480376,2611.108160051031,2419.8486451428344,2469.742431640625,298338,0.0,0.0
2013-10-11 00:00:00+09:00,2473.899933571039,2540.424973801521,2457.268673513419,2503.004638671875,153314,0.0,0.0
2013-10-14 00:00:00+09:00,2490.5313803130025,2606.9502094428253,2461.4266730305467,2586.1611328125,141272,0.0,0.0
2013-10-15 00:00:00+09:00,2544.582576020206,2665.159201354497,2536.2669466868065,2623.5810546875,196178,0.0,0.0
2013-10-16 00:00:00+09:00,2677.6334186422414,3014.41650390625,2652.6865234375,3014.41650390625,2472597,0.0,0.0
2013-10-17 00:00:00+09:00,3035.2055334142738,3105.8884020006335,2922.9445068359373,3076.78369140625,1361229,0.0,0.0
2013-10-18 00:00:00+09:00,3105.8879529433752,3209.833332894626,2927.101899427224,3085.098876953125,882646,0.0,0.0
2013-10-21 00:00:00+09:00,3010.2581160648824,3068.46752714901,2835.6298828125,2835.6298828125,570359,0.0,0.0
2013-10-22 00:00:00+09:00,2885.523139429804,3076.7825982392724,2785.735595703125,2785.735595703125,1261071,0.0,0.0
2013-10-23 00:00:00+09:00,2785.736099584415,2873.0502161385534,2598.6344212541185,2602.792236328125,558200,0.0,0.0
2013-10-24 00:00:00+09:00,2619.4237122236314,2719.211282213103,2582.0033734775793,2715.053466796875,297679,0.0,0.0
2013-10-25 00:00:00+09:00,2727.526711593511,2744.157972030057,2661.0016698473282,2723.368896484375,192820,0.0,0.0
2013-10-28 00:00:00+09:00,2723.3690238113036,2723.3690238113036,2577.8454881877988,2606.9501953125,250583,0.0,0.0
2013-10-29 00:00:00+09:00,2606.9501953125,2648.528348347787,2586.1611187948565,2606.9501953125,113976,0.0,0.0
2013-10-30 00:00:00+09:00,2598.6347050629843,2702.580093265504,2598.6347050629843,2681.791015625,123167,0.0,0.0
2013-10-31 00:00:00+09:00,2690.106602154356,2922.944267874053,2648.528447561553,2744.158203125,718722,0.0,0.0
2013-11-01 00:00:00+09:00,2744.1581600850113,2806.5253909960343,2715.0534523265337,2735.842529296875,215953,0.0,0.0
2013-11-04 00:00:00+09:00,2769.104338415345,2827.3137389225744,2756.6308954495103,2785.735595703125,209680,0.0,0.0
2013-11-05 00:00:00+09:00,2781.578681656077,2789.894312991372,2619.4238706178303,2627.739501953125,222657,0.0,0.0
2013-11-06 00:00:00+09:00,2623.5810639161837,2636.0545079601593,2419.84814453125,2419.84814453125,317373,0.0,0.0
2013-11-07 00:00:00+09:00,2478.0576852811437,2511.3202045466624,2403.217016933727,2444.795166015625,152367,0.0,0.0
2013-11-08 00:00:00+09:00,2403.217397900308,2453.1111847079264,2357.4814266599906,2448.953369140625,109149,0.0,0.0
2013-11-11 00:00:00+09:00,2440.637761452415,2453.111208274148,2261.851690340909,2286.798583984375,133234,0.0,0.0
2013-11-12 00:00:00+09:00,2282.6401714077956,2345.0073892058226,2278.482356887927,2311.744873046875,76728,0.0,0.0
2013-11-13 00:00:00+09:00,2336.6921930803574,2444.795390625,2182.85302734375,2182.85302734375,273280,0.0,0.0
2013-11-14 00:00:00+09:00,2207.800076055704,2253.536047499419,2157.9062890261966,2236.90478515625,125941,0.0,0.0
2013-11-15 00:00:00+09:00,2266.009318801592,2315.9031019678655,2191.1686440521817,2203.64208984375,129226,0.0,0.0
2013-11-18 00:00:00+09:00,2203.642223099788,2203.642223099788,2070.5921266107443,2087.223388671875,205155,0.0,0.0
2013-11-19 00:00:00+09:00,2087.223557176777,2132.9595315372244,2078.9079254748776,2120.486083984375,72549,0.0,0.0
2013-11-20 00:00:00+09:00,2103.8542592549275,2149.5902214126436,2083.065185546875,2083.065185546875,49688,0.0,0.0
2013-11-21 00:00:00+09:00,2078.907885993879,2108.0125963977935,2016.5406494140625,2016.5406494140625,34323,0.0,0.0
2013-11-22 00:00:00+09:00,2024.856546786587,2062.2768936471193,1983.2783836082176,2020.69873046875,48262,0.0,0.0
2013-11-25 00:00:00+09:00,2033.171695616187,2112.1701868568975,2029.0138802877286,2045.6451416015625,67442,0.0,0.0
2013-11-26 00:00:00+09:00,2074.7494219539144,2108.0119377367423,2029.0134627525254,2058.1181640625,36764,0.0,0.0
2013-11-27 00:00:00+09:00,2095.5388450468117,2162.0638877467104,2045.6450630218878,2053.960693359375,75089,0.0,0.0
2013-11-28 00:00:00+09:00,2087.223260652717,2187.010826899062,2083.0654453924526,2132.959228515625,102407,0.0,0.0
2013-11-29 00:00:00+09:00,2157.906350861185,2157.906350861185,2116.3281938118366,2153.74853515625,42459,0.0,0.0
2013-12-02 00:00:00+09:00,2182.8529090732914,2182.8529090732914,2091.380977645458,2137.116943359375,65764,0.0,0.0
2013-12-03 00:00:00+09:00,2153.7486279780323,2153.7486279780323,2074.75012617961,2099.697021484375,38029,0.0,0.0
2013-12-04 00:00:00+09:00,2074.7494219539144,2083.0650508996214,2008.2243903882577,2058.1181640625,63467,0.0,0.0
2013-12-05 00:00:00+09:00,2074.7497692030934,2078.907584371837,2033.1716175156566,2053.960693359375,25731,0.0,0.0
2013-12-06 00:00:00+09:00,2033.1715369591348,2108.01220703125,2033.1715369591348,2108.01220703125,37388,0.0,0.0
2013-12-09 00:00:00+09:00,2112.1702793834297,2162.064065510597,2083.0655708092486,2157.90625,43970,0.0,0.0
2013-12-10 00:00:00+09:00,2166.2216753278462,2166.2216753278462,2053.960667201451,2095.538818359375,55280,0.0,0.0
2013-12-11 00:00:00+09:00,2103.854123263889,2120.485381155303,2008.2243903882577,2058.1181640625,27611,0.0,0.0
2013-12-12 00:00:00+09:00,2053.9606514812385,2365.796782778997,2033.171576061388,2278.482666015625,1008594,0.0,0.0
2013-12-13 00:00:00+09:00,2245.2203757225434,2245.2203757225434,2120.485910404624,2157.90625,325332,0.0,0.0
2013-12-16 00:00:00+09:00,2178.6950243953543,2315.902917153077,2145.4325049389367,2170.37939453125,257746,0.0,0.0
2013-12-17 00:00:00+09:00,2199.484502318195,2257.6939220392815,2166.2219767632887,2224.431396484375,80936,0.0,0.0
2013-12-18 00:00:00+09:00,2199.48414343914,2228.5888485508112,2145.432548231751,2178.695068359375,55559,0.0,0.0
2013-12-19 00:00:00+09:00,2182.853161449164,2191.1687925403985,2045.6452484437878,2066.434326171875,139706,0.0,0.0
2013-12-20 00:00:00+09:00,2053.961030369179,2137.117347388174,2053.961030369179,2120.486083984375,63569,0.0,0.0
2013-12-23 00:00:00+09:00,2124.643366295522,2141.274625522884,2070.5917738065946,2112.169921875,45137,0.0,0.0
2013-12-24 00:00:00+09:00,2132.9589959092027,2137.1168107160433,2078.907403420276,2112.169921875,37337,0.0,0.0
2013-12-26 00:00:00+09:00,2112.170297173667,2153.7484526298417,2058.11869508064,2066.434326171875,102975,0.0,0.0
2013-12-27 00:00:00+09:00,2108.8658862304687,2121.595458984375,2062.1907861328123,2121.595458984375,31019,50.0,0.0
2013-12-30 00:00:00+09:00,2117.352098308626,2121.5952888863985,2070.677001953125,2070.677001953125,41890,0.0,0.0
2014-01-02 00:00:00+09:00,2134.3248930900327,2202.2159433672505,2062.190652170489,2104.62255859375,125539,0.0,0.0
2014-01-03 00:00:00+09:00,2083.4067951029338,2181.0001887635603,2074.920413045488,2151.2978515625,51227,0.0,0.0
2014-01-06 00:00:00+09:00,2159.784342288971,2261.6209321022034,2134.325194835663,2172.513916015625,179800,0.0,0.0
2014-01-07 00:00:00+09:00,2253.134219104097,2253.134219104097,2193.729550427153,2223.431884765625,106574,0.0,0.0
2014-01-08 00:00:00+09:00,2202.2160672274504,2244.6479760372276,2202.2160672274504,2240.40478515625,47745,0.0,0.0
2014-01-09 00:00:00+09:00,2223.432099050789,2274.3503913954637,2151.2978515625,2151.2978515625,73741,0.0,0.0
2014-01-10 00:00:00+09:00,2151.2978795320087,2189.4865992870145,2117.352350860892,2185.243408203125,51241,0.0,0.0
2014-01-13 00:00:00+09:00,2181.0002171192355,2223.432127958131,2159.7842616997877,2185.243408203125,28897,0.0,0.0
2014-01-14 00:00:00+09:00,2185.243813061806,2206.4597724119208,2151.298278101623,2197.973388671875,41346,0.0,0.0
2014-01-15 00:00:00+09:00,2210.702691285826,2261.6209874382826,2202.21630859375,2202.21630859375,52955,0.0,0.0
2014-01-16 00:00:00+09:00,2193.7298448350693,2223.432183159722,2189.4866536458335,2214.94580078125,45151,0.0,0.0
2014-01-17 00:00:00+09:00,2219.189208984375,2244.648358609435,2197.973250963492,2219.189208984375,37884,0.0,0.0
2014-01-20 00:00:00+09:00,2206.4591532542295,2265.8638227649203,2206.4591532542295,2257.37744140625,50275,0.0,0.0
2014-01-21 00:00:00+09:00,2274.3504774305557,2354.971110026042,2240.404947916667,2291.3232421875,92937,0.0,0.0
2014-01-22 00:00:00+09:00,2299.8097597009996,2325.2689083323758,2248.8914624382464,2308.296142578125,38741,0.0,0.0
2014-01-23 00:00:00+09:00,2282.836886885436,2367.7007116767163,2219.189018291976,2287.080078125,76859,0.0,0.0
2014-01-24 00:00:00+09:00,2308.2961944192375,2461.051089638158,2299.80981135152,2337.99853515625,408747,0.0,0.0
2014-01-27 00:00:00+09:00,2418.6188712284484,2622.2920393318964,2333.7550511853447,2461.05078125,574635,0.0,0.0
2014-01-28 00:00:00+09:00,2452.564507378472,2452.564507378472,2257.3777126736113,2291.3232421875,279516,0.0,0.0
2014-01-29 00:00:00+09:00,2291.3235641311812,2329.5122902000344,2278.593988774897,2316.78271484375,98125,0.0,0.0
2014-02-03 00:00:00+09:00,2308.2961944192375,2401.6464081641334,2214.945980674342,2337.99853515625,519544,0.0,0.0
2014-02-04 00:00:00+09:00,2291.323632069867,2295.5668239811075,2231.9189453125,2231.9189453125,121547,0.0,0.0
2014-02-05 00:00:00+09:00,2274.350864424905,2359.2147026497146,2231.9189453125,2231.9189453125,221171,0.0,0.0
2014-02-06 00:00:00+09:00,2265.864302360521,2562.887712782312,2248.8915360507044,2371.944091796875,1036748,0.0,0.0
2014-02-07 00:00:00+09:00,2461.051186615566,2584.103745946344,2397.403311099646,2473.78076171875,595975,0.0,0.0
2014-02-10 00:00:00+09:00,2448.3212065421135,2465.2939705389394,2414.375678548462,2422.862060546875,117617,0.0,0.0
2014-02-11 00:00:00+09:00,2435.591906524123,2541.6716933936405,2393.159991776316,2418.619140625,292488,0.0,0.0
2014-02-12 00:00:00+09:00,2520.455615607109,2779.290283203125,2473.7805116143845,2779.290283203125,824209,0.0,0.0
2014-02-13 00:00:00+09:00,2668.9675612441943,2736.858627984905,2588.3469194896,2626.53564453125,722955,0.0,0.0
2014-02-14 00:00:00+09:00,2681.6970521000803,2745.3449251720763,2486.510241345961,2639.26513671875,709861,0.0,0.0
2014-02-17 00:00:00+09:00,2668.9673396693083,2694.426487583483,2545.914791417464,2660.48095703125,141917,0.0,0.0
2014-02-18 00:00:00+09:00,2690.183379344451,2915.072526198167,2618.0491246932593,2647.75146484375,678995,0.0,0.0
2014-02-19 00:00:00+09:00,2656.237986230311,2719.8858612997274,2596.833302832189,2626.53564453125,226941,0.0,0.0
2014-02-20 00:00:00+09:00,2656.2376274774538,2685.9399651649014,2516.2123212366296,2528.94189453125,190976,0.0,0.0
2014-02-21 00:00:00+09:00,2537.428439488992,2571.3739704520553,2494.9965257851627,2541.671630859375,65486,0.0,0.0
2014-02-24 00:00:00+09:00,2554.401152820122,2554.401152820122,2414.375840456228,2435.591796875,158980,0.0,0.0
2014-02-25 00:00:00+09:00,2456.807943979899,2541.671776241726,2418.6192194620767,2444.078369140625,239101,0.0,0.0
2014-02-26 00:00:00+09:00,2456.807943979899,2490.75347688463,2418.6192194620767,2444.078369140625,48031,0.0,0.0
2014-02-27 00:00:00+09:00,2461.05113949515,2469.537522734788,2405.8896484375,2405.8896484375,80494,0.0,0.0
2014-02-28 00:00:00+09:00,2401.646239809783,2456.807725883152,2380.4302836277175,2439.8349609375,32962,0.0,0.0
2014-03-03 00:00:00+09:00,2431.3485240667637,2431.3485240667637,2359.214274661642,2410.132568359375,44881,0.0,0.0
2014-03-04 00:00:00+09:00,2405.889296550049,2439.8348245437005,2376.186959555604,2422.862060546875,13348,0.0,0.0
2014-03-05 00:00:00+09:00,2422.8620622306034,2482.266736260776,2418.6188712284484,2461.05078125,49752,0.0,0.0
2014-03-06 00:00:00+09:00,2469.537244340064,2482.2668177644973,2410.132568359375,2410.132568359375,21542,0.0,0.0
2014-03-07 00:00:00+09:00,2448.321483591661,2448.321483591661,2333.755313648897,2380.430419921875,43994,0.0,0.0
2014-03-10 00:00:00+09:00,2380.4302844830004,2401.6462406726887,2342.241563341562,2363.45751953125,25975,0.0,0.0
2014-03-11 00:00:00+09:00,2427.105491962012,2537.428468869376,2427.105491962012,2499.23974609375,167120,0.0,0.0
2014-03-12 00:00:00+09:00,2473.78040860186,2511.9691284602077,2431.3484976481404,2452.564453125,43079,0.0,0.0
2014-03-13 00:00:00+09:00,2448.3214809484653,2482.267012746711,2418.619140625,2418.619140625,31442,0.0,0.0
2014-03-14 00:00:00+09:00,2418.6188660219823,2418.6188660219823,2346.484619140625,2346.484619140625,70831,0.0,0.0
2014-03-17 00:00:00+09:00,2346.484835958653,2376.187175654332,2321.0256876480707,2350.72802734375,35932,0.0,0.0
2014-03-18 00:00:00+09:00,2350.728106689453,2397.4032135009766,2333.755340576172,2376.187255859375,21584,0.0,0.0
2014-03-19 00:00:00+09:00,2380.4303652829426,2422.862279102603,2376.1871739009766,2388.916748046875,23381,0.0,0.0
2014-03-20 00:00:00+09:00,2405.889676043507,2448.321592728578,2384.673717700972,2401.646484375,42585,0.0,0.0
2014-03-21 00:00:00+09:00,2397.40326139662,2448.3215607537163,2397.40326139662,2444.078369140625,38427,0.0,0.0
2014-03-24 00:00:00+09:00,2452.5647485977565,2575.617305188301,2452.5647485977565,2482.26708984375,171654,0.0,0.0
2014-03-25 00:00:00+09:00,2486.5099818879758,2528.941892841696,2405.8893510759085,2452.564453125,67870,0.0,0.0
2014-03-26 00:00:00+09:00,2461.051186615566,2486.510336821934,2439.8352281102593,2473.78076171875,28791,0.0,0.0
2014-03-27 00:00:00+09:00,2448.321611512382,2486.510336821934,2435.592036409198,2473.78076171875,47816,0.0,0.0
2014-03-28 00:00:00+09:00,2482.2670293130163,2601.0763913997935,2478.0238378099175,2567.130859375,214308,0.0,0.0
2014-03-31 00:00:00+09:00,2545.9146857668516,2554.4010680527413,2486.510009765625,2486.510009765625,168443,0.0,0.0
2014-04-01 00:00:00+09:00,2486.5100101759454,2524.69873046875,2452.564481026786,2524.69873046875,100089,0.0,0.0
2014-04-02 00:00:00+09:00,2520.4559652498456,2588.347035020885,2490.7536222250155,2571.374267578125,127207,0.0,0.0
2014-04-03 00:00:00+09:00,2584.103572373406,2588.3467637894546,2533.1852753808266,2537.428466796875,37290,0.0,0.0
2014-04-04 00:00:00+09:00,2554.401232461068,2554.401232461068,2503.4829354684884,2537.428466796875,36258,0.0,0.0
2014-04-07 00:00:00+09:00,2511.9692929025423,2511.9692929025423,2435.5918481859107,2503.48291015625,43292,0.0,0.0
2014-04-08 00:00:00+09:00,2469.537219156355,2528.94189453125,2465.2940280581483,2528.94189453125,22116,0.0,0.0
2014-04-09 00:00:00+09:00,2528.942081960461,2596.8331445634267,2511.96931630972,2575.6171875,42134,0.0,0.0
2014-04-10 00:00:00+09:00,2605.319390190972,2605.319390190972,2550.157904730903,2558.644287109375,21818,0.0,0.0
2014-04-11 00:00:00+09:00,2537.428518853306,2575.617242381198,2520.455752840909,2567.130859375,38230,0.0,0.0
2014-04-14 00:00:00+09:00,2571.3738879840635,2571.3738879840635,2528.941975641092,2554.401123046875,10927,0.0,0.0
2014-04-15 00:00:00+09:00,2562.8875055154695,2588.346652921252,2537.4283581096865,2554.401123046875,25531,0.0,0.0
2014-04-16 00:00:00+09:00,2584.103843160195,2618.049378045715,2528.9423489712253,2571.374267578125,109335,0.0,0.0
2014-04-17 00:00:00+09:00,2579.8604338842974,2584.1036253873967,2541.671710356405,2567.130859375,28985,0.0,0.0
2014-04-18 00:00:00+09:00,2575.6170788154664,2609.5626086845336,2545.914740180033,2592.58984375,45459,0.0,0.0
2014-04-21 00:00:00+09:00,2592.590138456968,2690.1835479242513,2588.346946740999,2622.29248046875,80598,0.0,0.0
2014-04-22 00:00:00+09:00,2622.2921275999183,2690.1831859196573,2596.8329807300165,2601.076171875,32663,0.0,0.0
2014-04-23 00:00:00+09:00,2664.724066840278,2664.724066840278,2579.8602430555557,2596.8330078125,23637,0.0,0.0
2014-04-24 00:00:00+09:00,2579.8603515625,2622.292265239515,2511.9692896792762,2579.8603515625,48120,0.0,0.0
2014-04-25 00:00:00+09:00,2588.346680499948,2609.5626368974886,2545.9147677048672,2550.157958984375,13380,0.0,0.0
2014-04-28 00:00:00+09:00,2545.9147677048672,2550.157958984375,2528.9420025868344,2550.157958984375,17999,0.0,0.0
2014-04-29 00:00:00+09:00,2528.941975641092,2562.8875055154695,2520.455593172498,2554.401123046875,16010,0.0,0.0
2014-04-30 00:00:00+09:00,2554.401123046875,2571.3738879840635,2537.4283581096865,2554.401123046875,6203,0.0,0.0
2014-05-02 00:00:00+09:00,2579.860568041872,2588.346951489378,2545.9150342518474,2584.103759765625,9015,0.0,0.0
2014-05-07 00:00:00+09:00,2584.10348922044,2588.346680499948,2533.1851938663426,2550.157958984375,5782,0.0,0.0
2014-05-08 00:00:00+09:00,2545.914794921875,2579.860325520833,2511.969264322917,2545.914794921875,9783,0.0,0.0
2014-05-09 00:00:00+09:00,2545.9146305006375,2545.9146305006375,2461.0508094839497,2494.996337890625,18382,0.0,0.0
2014-05-12 00:00:00+09:00,2482.2667091356498,2494.996282003012,2465.2939453125,2465.2939453125,11017,0.0,0.0
2014-05-13 00:00:00+09:00,2465.294214737638,2528.942086030348,2465.294214737638,2499.23974609375,11151,0.0,0.0
2014-05-14 00:00:00+09:00,2465.2941877979342,2524.6988670219807,2465.2941877979342,2503.48291015625,9047,0.0,0.0
2014-05-15 00:00:00+09:00,2516.212701839441,2516.212701839441,2478.0239761791454,2507.726318359375,13368,0.0,0.0
2014-05-16 00:00:00+09:00,2490.753336036811,2524.6988670219807,2465.2941877979342,2503.48291015625,13935,0.0,0.0
2014-05-19 00:00:00+09:00,2524.699002147122,2545.9149601483587,2478.023894544402,2520.455810546875,12937,0.0,0.0
2014-05-20 00:00:00+09:00,2520.4556756488346,2647.7514168432203,2490.753336036811,2503.48291015625,45387,0.0,0.0
2014-05-21 00:00:00+09:00,2545.914768528294,2550.1579598091744,2482.2668993150864,2511.96923828125,16930,0.0,0.0
2014-05-22 00:00:00+09:00,2533.184918129281,2558.644063035103,2478.0234375,2478.0234375,32380,0.0,0.0
2014-05-23 00:00:00+09:00,2469.5375150240384,2516.212622696314,2465.2943234174677,2482.26708984375,12565,0.0,0.0
2014-05-26 00:00:00+09:00,2528.942086030348,2545.914851708404,2499.23974609375,2499.23974609375,38674,0.0,0.0
2014-05-27 00:00:00+09:00,2533.185000605099,2533.185000605099,2444.0779905335626,2465.2939453125,21831,0.0,0.0
2014-05-28 00:00:00+09:00,2499.2395831944596,2503.482774337404,2444.0780983361774,2486.510009765625,18446,0.0,0.0
2014-05-29 00:00:00+09:00,2486.5102814503207,2507.7262394831732,2461.0511318108975,2482.26708984375,16273,0.0,0.0
2014-05-30 00:00:00+09:00,2418.618951478509,2486.510009765625,2418.618951478509,2486.510009765625,17328,0.0,0.0
2014-06-02 00:00:00+09:00,2486.5100922800525,2486.5100922800525,2329.5120147811413,2435.591796875,19164,0.0,0.0
2014-06-03 00:00:00+09:00,2435.591937255859,2435.591937255859,2333.755340576172,2376.187255859375,22956,0.0,0.0
2014-06-05 00:00:00+09:00,2337.99842877095,2388.9167248603353,2045.2182262569834,2278.59375,46284,0.0,0.0
2014-06-09 00:00:00+09:00,2291.3232689182255,2337.998372544337,2282.8368864407503,2325.268798828125,10149,0.0,0.0
2014-06-10 00:00:00+09:00,2278.5938536822255,2337.99853515625,2278.5938536822255,2337.99853515625,11509,0.0,0.0
2014-06-11 00:00:00+09:00,2337.99853515625,2342.241726690109,2308.2961944192375,2337.99853515625,8940,0.0,0.0
2014-06-12 00:00:00+09:00,2342.2411317567567,2354.970703125,2308.2956081081084,2354.970703125,2250,0.0,0.0
2014-06-13 00:00:00+09:00,2329.5121520885323,2376.1872589609798,2329.5121520885323,2337.99853515625,6273,0.0,0.0
2014-06-16 00:00:00+09:00,2337.998507734658,2376.1872310914855,2291.3234014096465,2342.24169921875,6396,0.0,0.0
2014-06-17 00:00:00+09:00,2321.0257963423296,2359.214520596591,2274.3506889204546,2333.75537109375,22203,0.0,0.0
2014-06-18 00:00:00+09:00,2337.9986737708905,2350.728249127175,2291.3235641311812,2316.78271484375,17085,0.0,0.0
2014-06-19 00:00:00+09:00,2295.5667559166095,2329.5122902000344,2282.837180560325,2316.78271484375,7231,0.0,0.0
2014-06-20 00:00:00+09:00,2316.7824980289565,2333.755263582282,2282.8369669223052,2312.539306640625,3788,0.0,0.0
2014-06-23 00:00:00+09:00,2274.3505586592178,2308.296089385475,2270.107367318436,2278.59375,7292,0.0,0.0
2014-06-24 00:00:00+09:00,2308.2961170708954,2308.2961170708954,2236.1618634124297,2274.3505859375,9691,0.0,0.0
2014-06-25 00:00:00+09:00,2274.3506464995153,2274.3506464995153,2172.514050387597,2189.48681640625,29920,0.0,0.0
2014-06-26 00:00:00+09:00,2240.405056629507,2240.405056629507,2206.4595254684536,2236.161865234375,9134,0.0,0.0
2014-06-27 00:00:00+09:00,2219.1890187389445,2270.1073136239684,2214.945827498526,2248.891357421875,8796,0.0,0.0
2014-06-30 00:00:00+09:00,2248.8914358156535,2312.539306640625,2240.405053038991,2312.539306640625,5897,0.0,0.0
2014-07-01 00:00:00+09:00,2299.8098384232953,2363.4577121803977,2253.1347310014203,2333.75537109375,9665,0.0,0.0
2014-07-02 00:00:00+09:00,2350.7277296327,2367.70049302355,2316.7822028510004,2359.214111328125,9392,0.0,0.0
2014-07-03 00:00:00+09:00,2359.2145170645126,2376.187283374329,2333.7553675997874,2371.944091796875,19498,0.0,0.0
2014-07-04 00:00:00+09:00,2371.944091796875,2376.187283374329,2329.5121760223333,2371.944091796875,11640,0.0,0.0
2014-07-07 00:00:00+09:00,2376.187283374329,2418.6191991488704,2342.2417507546957,2371.944091796875,17783,0.0,0.0
2014-07-08 00:00:00+09:00,2371.9440643310545,2388.916830444336,2337.9985321044924,2376.187255859375,8461,0.0,0.0
2014-07-09 00:00:00+09:00,2342.241563341562,2376.187093245063,2333.7551808656867,2363.45751953125,10691,0.0,0.0
2014-07-10 00:00:00+09:00,2329.512203093498,2376.1873109879034,2321.0258198399697,2367.700927734375,19255,0.0,0.0
2014-07-11 00:00:00+09:00,2337.998507734658,2376.1872310914855,2291.3234014096465,2342.24169921875,20803,0.0,0.0
2014-07-14 00:00:00+09:00,2342.2411317567567,2354.970703125,2316.7819890202704,2354.970703125,23828,0.0,0.0
2014-07-15 00:00:00+09:00,2354.9713012916854,2371.944067427121,2316.7825774869552,2337.99853515625,18849,0.0,0.0
2014-07-16 00:00:00+09:00,2316.782282189478,2350.727810133646,2295.566327224373,2346.484619140625,26536,0.0,0.0
2014-07-17 00:00:00+09:00,2346.4845387849878,2367.70049302355,2329.511775394138,2359.214111328125,15832,0.0,0.0
2014-07-18 00:00:00+09:00,2367.7002744932433,2376.1866554054054,2321.0251794763512,2354.970703125,14142,0.0,0.0
2014-07-21 00:00:00+09:00,2354.971218728847,2363.457601499041,2321.0256876480707,2350.72802734375,22344,0.0,0.0
2014-07-22 00:00:00+09:00,2346.484835958653,2354.971218728847,2321.0256876480707,2350.72802734375,6086,0.0,0.0
2014-07-23 00:00:00+09:00,2329.5119896277492,2388.916666958876,2329.5119896277492,2363.45751953125,18206,0.0,0.0
2014-07-24 00:00:00+09:00,2359.214410113944,2371.943984269235,2333.755261803362,2350.72802734375,8237,0.0,0.0
2014-07-25 00:00:00+09:00,2325.268798828125,2350.7279462605497,2291.3232689182255,2325.268798828125,32877,0.0,0.0
2014-07-28 00:00:00+09:00,2308.296331272894,2337.9986737708905,2265.864413418613,2316.78271484375,57469,0.0,0.0
2014-07-29 00:00:00+09:00,2244.6483823269773,2278.5939155190677,2236.1619990289546,2253.134765625,49026,0.0,0.0
2014-07-30 00:00:00+09:00,2244.6485698764363,2282.8372979083606,2206.459841844512,2261.621337890625,17103,0.0,0.0
2014-07-31 00:00:00+09:00,2202.216358790888,2278.593804760514,2164.0276358060746,2270.107421875,13813,0.0,0.0
2014-08-01 00:00:00+09:00,2206.4596574858756,2253.134765625,2121.5958245056495,2253.134765625,12157,0.0,0.0
2014-08-04 00:00:00+09:00,2240.405190677966,2278.5939155190677,2206.4596574858756,2253.134765625,28384,0.0,0.0
2014-08-05 00:00:00+09:00,2253.134575031947,2291.323296642658,2214.9458534212363,2282.8369140625,17802,0.0,0.0
2014-08-06 00:00:00+09:00,2282.8366939660277,2291.323075727983,2206.459258108428,2240.40478515625,7447,0.0,0.0
2014-08-07 00:00:00+09:00,2240.405232666501,2261.621191309176,2134.325439453125,2134.325439453125,34390,0.0,0.0
2014-08-08 00:00:00+09:00,2142.8116853969304,2206.4595572404037,2130.082111028236,2155.541259765625,28925,0.0,0.0
2014-08-11 00:00:00+09:00,2164.0277409957625,2274.3507238700563,2147.0549743997176,2253.134765625,25694,0.0,0.0
2014-08-12 00:00:00+09:00,2265.8642578125,2270.107449306531,2214.9459598841295,2265.8642578125,9494,0.0,0.0
2014-08-13 00:00:00+09:00,2223.4322369004017,2270.107341110143,2202.2162804414284,2244.648193359375,28031,0.0,0.0
2014-08-14 00:00:00+09:00,2236.1618634124297,2278.5937773291744,2227.675480629081,2274.3505859375,27705,0.0,0.0
2014-08-18 00:00:00+09:00,2253.134250726915,2278.5933948029256,2206.4591532542295,2257.37744140625,12636,0.0,0.0
2014-08-19 00:00:00+09:00,2219.1890187389445,2261.620931143131,2214.945827498526,2248.891357421875,15798,0.0,0.0
2014-08-20 00:00:00+09:00,2244.648193359375,2265.8641498183483,2214.9458543168125,2244.648193359375,9175,0.0,0.0
2014-08-21 00:00:00+09:00,2236.161488009575,2261.620632085585,2219.1887252922347,2257.37744140625,11420,0.0,0.0
2014-08-22 00:00:00+09:00,2253.134765625,2261.6211489230222,2206.4596574858756,2253.134765625,12809,0.0,0.0
2014-08-25 00:00:00+09:00,2248.89113675631,2248.89113675631,2193.7296560434193,2206.459228515625,10556,0.0,0.0
2014-08-26 00:00:00+09:00,2206.459390959387,2223.4321555052284,2159.7842884583233,2181.000244140625,7871,0.0,0.0
2014-08-27 00:00:00+09:00,2181.000244140625,2231.918537778149,2172.5138618677042,2181.000244140625,10824,0.0,0.0
2014-08-28 00:00:00+09:00,2181.0002712673613,2219.1889919704863,2181.0002712673613,2214.94580078125,4249,0.0,0.0
2014-08-29 00:00:00+09:00,2197.973250963492,2231.918783796905,2189.4868677551385,2219.189208984375,6864,0.0,0.0
2014-09-01 00:00:00+09:00,2214.946177667538,2240.405329134981,2197.973410022576,2231.9189453125,6932,0.0,0.0
2014-09-02 00:00:00+09:00,2227.6750753854067,2240.4046472447517,2197.9727410469345,2223.431884765625,4969,0.0,0.0
2014-09-03 00:00:00+09:00,2236.161865234375,2236.161865234375,2206.4595254684536,2236.161865234375,2798,0.0,0.0
2014-09-04 00:00:00+09:00,2210.7026362581073,2295.56646106648,2189.4866800560144,2248.891357421875,32356,0.0,0.0
2014-09-05 00:00:00+09:00,2240.4051088483147,2265.8642578125,2214.9459598841295,2265.8642578125,8617,0.0,0.0
2014-09-11 00:00:00+09:00,2231.9185924602007,2253.1345486622936,2214.945827498526,2248.891357421875,9643,0.0,0.0
2014-09-12 00:00:00+09:00,2236.1619173542836,2265.8642578125,2219.18915137816,2265.8642578125,13373,0.0,0.0
2014-09-15 00:00:00+09:00,2248.891464661215,2270.107421875,2223.432316004673,2270.107421875,10126,0.0,0.0
2014-09-16 00:00:00+09:00,2240.4050548041046,2291.3233515041975,2240.4050548041046,2274.3505859375,7180,0.0,0.0
2014-09-17 00:00:00+09:00,2265.86412192718,2287.080078125,2265.86412192718,2287.080078125,5577,0.0,0.0
2014-09-18 00:00:00+09:00,2282.8368328327174,2312.539170806377,2270.1072594154343,2295.56640625,8587,0.0,0.0
2014-09-19 00:00:00+09:00,2282.8369939467484,2321.025716893813,2274.350611069623,2308.296142578125,8565,0.0,0.0
2014-09-22 00:00:00+09:00,2316.7823346690498,2316.7823346690498,2231.918512886301,2299.8095703125,16856,0.0,0.0
2014-09-23 00:00:00+09:00,2295.5665705315423,2299.809761974299,2257.377847546729,2270.107421875,6942,0.0,0.0
2014-09-24 00:00:00+09:00,2265.8642578125,2282.837023788624,2240.4051088483147,2265.8642578125,17679,0.0,0.0
2014-09-25 00:00:00+09:00,2265.8641489021843,2308.2960618029742,2257.377766322026,2282.8369140625,21855,0.0,0.0
2014-09-26 00:00:00+09:00,2282.836996203271,2282.836996203271,2236.161890332944,2270.107421875,9539,0.0,0.0
2014-09-29 00:00:00+09:00,2270.1072862413193,2287.080050998264,2214.94580078125,2214.94580078125,15863,0.0,0.0
2014-09-30 00:00:00+09:00,2214.9460407838983,2257.3779572740114,2214.9460407838983,2253.134765625,27596,0.0,0.0
2014-10-01 00:00:00+09:00,2248.891330295139,2265.8640950520835,2168.270697699653,2214.94580078125,31500,0.0,0.0
2014-10-02 00:00:00+09:00,2202.216254236145,2219.1890192013557,2164.0275330644195,2210.70263671875,17861,0.0,0.0
2014-10-06 00:00:00+09:00,2418.6195252004977,2461.051446695243,2342.2420665099557,2397.403564453125,421784,0.0,0.0
2014-10-07 00:00:00+09:00,2308.2961189516127,2333.7552673224027,2236.161865234375,2236.161865234375,145649,0.0,0.0
2014-10-08 00:00:00+09:00,2236.162185869342,2270.1077218977193,2236.162185869342,2261.621337890625,38543,0.0,0.0
2014-10-10 00:00:00+09:00,2253.1346833304074,2282.837023788624,2244.6483003423455,2265.8642578125,56588,0.0,0.0
2014-10-13 00:00:00+09:00,2231.918592925264,2270.1073140969893,2164.0275330644195,2210.70263671875,64949,0.0,0.0
2014-10-14 00:00:00+09:00,2240.4050548041046,2304.052925679221,2223.4322892374066,2274.3505859375,71131,0.0,0.0
2014-10-15 00:00:00+09:00,2274.350796989469,2342.2418655563188,2223.4324955643315,2316.78271484375,64815,0.0,0.0
2014-10-16 00:00:00+09:00,2295.5665928937387,2354.9712736710258,2270.107443989187,2342.24169921875,58088,0.0,0.0
2014-10-17 00:00:00+09:00,2316.782282189478,2465.2939669452135,2291.323136231352,2346.484619140625,92522,0.0,0.0
2014-10-20 00:00:00+09:00,2350.728133909604,2384.6736665292374,2346.48494233215,2371.944091796875,53420,0.0,0.0
2014-10-21 00:00:00+09:00,2350.728077028509,2452.5646724232456,2337.998502604167,2418.619140625,83957,0.0,0.0
2014-10-22 00:00:00+09:00,2418.6189506423307,2439.8349063497194,2376.1870392275528,2410.132568359375,81567,0.0,0.0
2014-10-23 00:00:00+09:00,2418.619251049028,2537.428617767226,2367.7009510269436,2401.646484375,194892,0.0,0.0
2014-10-24 00:00:00+09:00,2418.618813372673,2418.618813372673,2333.7549953595967,2393.15966796875,91830,0.0,0.0
2014-10-27 00:00:00+09:00,2393.1600496841456,2401.646432839054,2350.728133909604,2371.944091796875,15785,0.0,0.0
2014-10-28 00:00:00+09:00,2371.944091796875,2393.1600496841456,2350.728133909604,2371.944091796875,26755,0.0,0.0
2014-10-29 00:00:00+09:00,2354.971376021422,2405.889676043507,2312.5394593363517,2401.646484375,59495,0.0,0.0
2014-10-30 00:00:00+09:00,2384.6734483506943,2388.9166395399307,2325.268771701389,2329.511962890625,32432,0.0,0.0
2014-10-31 00:00:00+09:00,2329.512203093498,2376.1873109879034,2321.0258198399697,2367.700927734375,35321,0.0,0.0
2014-11-03 00:00:00+09:00,2350.727974703764,2354.971165993843,2282.8369140625,2282.8369140625,92090,0.0,0.0
2014-11-04 00:00:00+09:00,2308.296033873175,2333.7551813055998,2274.3505039632755,2325.268798828125,32820,0.0,0.0
2014-11-05 00:00:00+09:00,2299.8098054426628,2418.619168085457,2287.080230873792,2414.3759765625,74718,0.0,0.0
2014-11-06 00:00:00+09:00,2363.4576540044286,2401.6463773186833,2333.755313648897,2380.430419921875,79967,0.0,0.0
2014-11-07 00:00:00+09:00,2350.7281465369842,2533.185385347617,2350.7281465369842,2520.455810546875,450350,0.0,0.0
2014-11-10 00:00:00+09:00,2545.914822229758,2554.401204970524,2490.75333441478,2541.671630859375,180903,0.0,0.0
2014-11-11 00:00:00+09:00,2537.4277985074627,2842.9375,2494.995895522388,2842.9375,704362,0.0,0.0
2014-11-12 00:00:00+09:00,2838.694618367806,3178.149879159173,2804.749092288669,2949.017578125,490661,0.0,0.0
2014-11-13 00:00:00+09:00,2885.370472563794,2970.2343099921413,2808.993018878282,2868.397705078125,253283,0.0,0.0
2014-11-14 00:00:00+09:00,2927.8018377523504,2965.990557375207,2817.4788699529868,2876.883544921875,175204,0.0,0.0
2014-11-17 00:00:00+09:00,2830.208697196765,2868.397420247396,2550.1580614921377,2647.75146484375,271188,0.0,0.0
2014-11-18 00:00:00+09:00,2575.617269958092,2673.2106755742966,2533.1853544727855,2562.8876953125,157597,0.0,0.0
2014-11-19 00:00:00+09:00,2630.778455284553,2694.4263211382113,2545.9146341463415,2609.5625,183240,0.0,0.0
2014-11-20 00:00:00+09:00,2584.1036884014425,2588.3468800080127,2469.5375150240384,2482.26708984375,205600,0.0,0.0
2014-11-21 00:00:00+09:00,2482.2667924509756,2528.94189453125,2452.564454763528,2528.94189453125,102154,0.0,0.0
2014-11-24 00:00:00+09:00,2516.2122040877107,2516.2122040877107,2371.943713465481,2393.15966796875,176441,0.0,0.0
2014-11-25 00:00:00+09:00,2397.4032651978614,2482.267097594246,2397.4032651978614,2405.8896484375,66939,0.0,0.0
2014-11-26 00:00:00+09:00,2414.375759500853,2439.8349063497194,2401.6461860764193,2410.132568359375,50995,0.0,0.0
2014-11-27 00:00:00+09:00,2410.1327032342656,2435.591851507867,2397.403129097465,2427.10546875,34732,0.0,0.0
2014-11-28 00:00:00+09:00,2422.8623295653874,2494.9965845612046,2397.4031807433344,2456.807861328125,55434,0.0,0.0
2014-12-01 00:00:00+09:00,2456.8078917920698,2461.0510833150265,2397.4032104706725,2414.3759765625,67077,0.0,0.0
2014-12-02 00:00:00+09:00,2384.6736114012365,2435.591909153576,2346.4848880869818,2380.430419921875,70832,0.0,0.0
2014-12-03 00:00:00+09:00,2371.9439825190107,2410.132704956705,2371.9439825190107,2388.916748046875,37644,0.0,0.0
2014-12-04 00:00:00+09:00,2388.916800301535,2482.267012746711,2388.916800301535,2418.619140625,86180,0.0,0.0
2014-12-05 00:00:00+09:00,2427.1053337643984,2486.510009765625,2410.1325691926195,2486.510009765625,46859,0.0,0.0
2014-12-08 00:00:00+09:00,2490.7533930908626,2533.185307794284,2444.0782869170985,2456.807861328125,48091,0.0,0.0
2014-12-09 00:00:00+09:00,2473.780327224075,2499.2394729587995,2444.0779905335626,2465.2939453125,42117,0.0,0.0
2014-12-10 00:00:00+09:00,2465.2942688924086,2579.8604397359454,2452.564694354238,2490.75341796875,142907,0.0,0.0
2014-12-11 00:00:00+09:00,2486.510277744897,2541.6717685481112,2473.780702944155,2520.455810546875,71202,0.0,0.0
2014-12-12 00:00:00+09:00,2524.6989198106417,2545.914877119975,2482.267005191976,2533.185302734375,50494,0.0,0.0
2014-12-15 00:00:00+09:00,2499.239717155546,2541.671630859375,2478.023760303631,2541.671630859375,50423,0.0,0.0
2014-12-16 00:00:00+09:00,2494.997172415156,2545.9154820562817,2494.997172415156,2516.213134765625,45258,0.0,0.0
2014-12-17 00:00:00+09:00,2448.3215607537163,2499.2398601108125,2388.916878170437,2444.078369140625,98575,0.0,0.0
2014-12-18 00:00:00+09:00,2444.078236012433,2469.5373843042294,2384.673556664909,2388.916748046875,40442,0.0,0.0
2014-12-19 00:00:00+09:00,2380.4307958552267,2410.1331409015484,2376.1876037057523,2397.403564453125,35348,0.0,0.0
2014-12-22 00:00:00+09:00,2397.4029145516365,2465.2939705389394,2359.2141955587786,2422.862060546875,63939,0.0,0.0
2014-12-23 00:00:00+09:00,2388.916746339598,2431.3486601289333,2388.916746339598,2427.10546875,13868,0.0,0.0
2014-12-24 00:00:00+09:00,2401.646266604965,2452.5645620100177,2401.646266604965,2435.591796875,19120,0.0,0.0
2014-12-26 00:00:00+09:00,2461.0512092190143,2511.9695100994077,2427.105675298752,2507.726318359375,44743,0.0,0.0
2014-12-29 00:00:00+09:00,2550.888353046618,2671.7426235801295,2529.307233308491,2624.26416015625,97467,50.0,0.0
2014-12-30 00:00:00+09:00,2628.58056640625,2641.5292391471676,2537.9398572198274,2628.58056640625,49336,0.0,0.0
2015-01-02 00:00:00+09:00,2758.066827169279,2913.450873770365,2723.5370390357043,2831.442626953125,230220,0.0,0.0
2015-01-05 00:00:00+09:00,2732.169733428955,2822.8104354858397,2684.6912704467773,2762.38330078125,107453,0.0,0.0
2015-01-06 00:00:00+09:00,2762.383366141732,2762.383366141732,2680.3751099593997,2740.80224609375,52589,0.0,0.0
2015-01-07 00:00:00+09:00,2749.434694112943,2796.9131582185037,2714.9049020361713,2740.80224609375,44490,0.0,0.0
2015-01-08 00:00:00+09:00,2732.1696621272117,2891.8699425359114,2719.2209907427227,2835.759033203125,180195,0.0,0.0
2015-01-09 00:00:00+09:00,2827.126708984375,2870.2889488161977,2745.1184533039122,2827.126708984375,71459,0.0,0.0
2015-01-12 00:00:00+09:00,2822.810458314185,2822.810458314185,2611.31548513774,2641.529052734375,139499,0.0,0.0
2015-01-13 00:00:00+09:00,2611.315488313374,2680.37507147538,2611.315488313374,2624.26416015625,51923,0.0,0.0
2015-01-14 00:00:00+09:00,2624.26416015625,2714.9048630563834,2624.26416015625,2624.26416015625,57799,0.0,0.0
2015-01-15 00:00:00+09:00,2624.264153814935,2658.7939453125,2615.6317059405437,2658.7939453125,22836,0.0,0.0
2015-01-16 00:00:00+09:00,2615.6317739973742,2641.529118294378,2524.9910689578614,2619.947998046875,72411,0.0,0.0
2015-01-19 00:00:00+09:00,2619.94785842775,2732.169677734375,2619.94785842775,2732.169677734375,46515,0.0,0.0
2015-01-20 00:00:00+09:00,2727.853282802152,2788.2804124844783,2594.0503527912874,2606.9990234375,74486,0.0,0.0
2015-01-21 00:00:00+09:00,2637.2124627824714,2671.742249529214,2615.631346065757,2650.1611328125,53039,0.0,0.0
2015-01-22 00:00:00+09:00,2658.7935794991854,2697.639589589271,2615.631346065757,2650.1611328125,70547,0.0,0.0
2015-01-23 00:00:00+09:00,2650.1613134528975,2671.742431640625,2615.631524352534,2671.742431640625,15938,0.0,0.0
2015-01-26 00:00:00+09:00,2671.74243563638,2671.74243563638,2589.7341864003683,2637.212646484375,45015,0.0,0.0
2015-01-27 00:00:00+09:00,2628.580141181188,2632.8963647299256,2555.204340852649,2606.9990234375,40666,0.0,0.0
2015-01-28 00:00:00+09:00,2598.3666944159836,2632.896484375,2555.204456967213,2632.896484375,57612,0.0,0.0
2015-01-29 00:00:00+09:00,2602.6828048293655,2645.845040398675,2546.571898589263,2555.204345703125,52770,0.0,0.0
2015-01-30 00:00:00+09:00,2559.520565999349,2606.999025065104,2546.571895345052,2589.734130859375,55013,0.0,0.0
2015-02-02 00:00:00+09:00,2589.73450323548,2589.73450323548,2542.2560373428296,2563.837158203125,43891,0.0,0.0
2015-02-03 00:00:00+09:00,2563.8365478515625,2576.7852172851562,2537.939208984375,2572.468994140625,6348,0.0,0.0
2015-02-04 00:00:00+09:00,2572.468994140625,2632.8961181640625,2542.2554321289062,2572.468994140625,40116,0.0,0.0
2015-02-05 00:00:00+09:00,2576.7855804544747,2615.6315942301703,2550.888237937344,2598.36669921875,70523,0.0,0.0
2015-02-06 00:00:00+09:00,2615.6317739973742,2632.896670195377,2585.41820565087,2619.947998046875,41864,0.0,0.0
2015-02-09 00:00:00+09:00,2615.6312255859375,2641.528564453125,2546.5716552734375,2572.468994140625,31674,0.0,0.0
2015-02-10 00:00:00+09:00,2572.4699205485995,2585.4185946453204,2512.0427747639005,2542.25634765625,28982,0.0,0.0
2015-02-11 00:00:00+09:00,2542.2554321289062,2559.5203247070312,2490.4607543945312,2503.409423828125,64341,0.0,0.0
2015-02-12 00:00:00+09:00,2494.7772191713934,2529.3070076720355,2494.7772191713934,2520.674560546875,47254,0.0,0.0
2015-02-13 00:00:00+09:00,2520.6752241617146,2555.205021752971,2520.6752241617146,2542.25634765625,32597,0.0,0.0
2015-02-16 00:00:00+09:00,2542.2559686916975,2719.2211549673507,2542.2559686916975,2602.68310546875,45535,0.0,0.0
2015-02-17 00:00:00+09:00,2619.947863671875,2710.5885640624997,2594.0505207031247,2697.639892578125,100027,0.0,0.0
2015-02-23 00:00:00+09:00,2771.0158045351673,3099.048828125,2727.8535645891366,3099.048828125,274134,0.0,0.0
2015-02-24 00:00:00+09:00,3560.8848417336158,3560.8848417336158,3150.843556927927,3198.322021484375,1491950,0.0,0.0
2015-02-25 00:00:00+09:00,3198.3214782196133,3254.432381346273,2978.194089030409,3047.253662109375,491835,0.0,0.0
2015-02-26 00:00:00+09:00,3090.4162490928106,3176.7407253244533,3017.0404442959143,3159.475830078125,284297,0.0,0.0
2015-02-27 00:00:00+09:00,3241.4837754953055,3530.670743482237,2947.9805841055845,3060.202392578125,775216,0.0,0.0
2015-03-02 00:00:00+09:00,3107.681334518031,3219.9031604867373,3021.356853003641,3111.99755859375,146080,0.0,0.0
2015-03-03 00:00:00+09:00,3111.997567717562,3405.500805726985,3064.5191027454493,3349.389892578125,348643,0.0,0.0
2015-03-04 00:00:00+09:00,3383.919803636491,3850.072021484375,3323.4926642858395,3850.072021484375,893045,0.0,0.0
2015-03-05 00:00:00+09:00,4143.574774140996,4419.813092417062,3591.0981375888628,3642.892822265625,1490568,0.0,0.0
2015-03-06 00:00:00+09:00,3616.9954228737306,3737.849685213187,3513.4060551541966,3612.67919921875,338291,0.0,0.0
2015-03-09 00:00:00+09:00,3634.2606783353367,3789.644745342548,3366.65478515625,3366.65478515625,396221,0.0,0.0
2015-03-10 00:00:00+09:00,3366.654492961526,3388.235611506151,3206.9542157313,3267.38134765625,215887,0.0,0.0
2015-03-11 00:00:00+09:00,3215.586728998684,3271.6976383637616,3168.1082672282337,3228.535400390625,117860,0.0,0.0
2015-03-12 00:00:00+09:00,3241.483948242187,3310.5435263671875,3168.1081464843746,3237.167724609375,110433,0.0,0.0
2015-03-13 00:00:00+09:00,3237.1678927529183,3474.560204888132,3194.005654182879,3327.80859375,220608,0.0,0.0
2015-03-16 00:00:00+09:00,3332.1248925004143,3349.3897883164786,3194.0057259718997,3254.432861328125,135905,0.0,0.0
2015-03-17 00:00:00+09:00,3258.749259258785,3405.5008815300416,3228.535689967644,3293.279052734375,95042,0.0,0.0
2015-03-18 00:00:00+09:00,3353.7058551845266,3616.9955040471473,3293.2787226586793,3470.243896484375,271696,0.0,0.0
2015-03-19 00:00:00+09:00,3513.405952117728,3625.627763856132,3388.235469794123,3431.397705078125,189217,0.0,0.0
2015-03-20 00:00:00+09:00,3504.7736375640206,3504.7736375640206,3370.970703125,3370.970703125,112713,0.0,0.0
2015-03-23 00:00:00+09:00,3332.124677309783,3353.7057956861413,2978.1943359375,2978.1943359375,380931,0.0,0.0
2015-03-24 00:00:00+09:00,3021.3567038143383,3081.783837890625,2909.134883386949,2935.0322265625,195327,0.0,0.0
2015-03-25 00:00:00+09:00,2986.8272631626073,3012.724609375,2935.0325707378224,3012.724609375,99165,0.0,0.0
2015-03-26 00:00:00+09:00,3012.7241827418848,3029.9890777719243,2952.2970501367467,3008.407958984375,83077,0.0,0.0
2015-03-27 00:00:00+09:00,3008.4078325975734,3068.8349626640957,2969.561820411952,3051.570068359375,104360,0.0,0.0
2015-03-30 00:00:00+09:00,3107.681376689189,3280.330342060811,3064.5191353462837,3194.005859375,131165,0.0,0.0
2015-03-31 00:00:00+09:00,3237.167809397129,3530.671024115802,3194.005571938501,3504.773681640625,396965,0.0,0.0
2015-04-01 00:00:00+09:00,3504.773630842134,3556.5683150417717,3379.6031440263437,3422.765380859375,184011,0.0,0.0
2015-04-02 00:00:00+09:00,3392.551969597139,3629.9442829913405,3297.595044239458,3582.4658203125,346266,0.0,0.0
2015-04-03 00:00:00+09:00,3586.7823011776054,3634.2607672581753,3522.0389383404645,3530.67138671875,94663,0.0,0.0
2015-04-06 00:00:00+09:00,3539.3032917122964,3543.619515238775,3405.500362391466,3448.66259765625,110828,0.0,0.0
2015-04-07 00:00:00+09:00,3448.6630427433897,3582.465989332933,3358.022336989183,3366.65478515625,83486,0.0,0.0
2015-04-08 00:00:00+09:00,3375.28716445362,3470.2440923538497,3340.7573724899003,3405.500732421875,90707,0.0,0.0
2015-04-09 00:00:00+09:00,3427.0816023957027,3539.3034180912796,3405.500483992707,3440.0302734375,58729,0.0,0.0
2015-04-10 00:00:00+09:00,3465.927939077524,3509.0901799128605,3366.65478515625,3366.65478515625,79864,0.0,0.0
2015-04-13 00:00:00+09:00,3370.970703125,3414.132940040813,3280.330005601793,3370.970703125,89175,0.0,0.0
2015-04-14 00:00:00+09:00,3370.9706966597373,3435.714051909284,3323.4922361434033,3422.765380859375,101084,0.0,0.0
2015-04-15 00:00:00+09:00,3444.34674838106,3444.34674838106,3332.1249244989704,3405.500732421875,71419,0.0,0.0
2015-04-16 00:00:00+09:00,3427.081790199763,3431.398014116891,3362.3384314428404,3409.81689453125,42481,0.0,0.0
2015-04-17 00:00:00+09:00,3427.08166875694,3427.08166875694,3314.859850888325,3401.184326171875,37621,0.0,0.0
2015-04-20 00:00:00+09:00,3366.6546375921375,3560.884712837838,3345.073518120393,3513.40625,99369,0.0,0.0
2015-04-21 00:00:00+09:00,3539.3037690803462,3569.5173378407885,3448.6630627990203,3552.25244140625,79324,0.0,0.0
2015-04-22 00:00:00+09:00,3612.679744018813,4083.1481933593755,3612.679744018813,4083.148193359375,599258,0.0,0.0
2015-04-23 00:00:00+09:00,4687.41965186517,4687.41965186517,3763.7476394350165,3910.499267578125,999634,0.0,0.0
2015-04-24 00:00:00+09:00,3845.755782595793,4057.2507695174468,3651.5256925657022,3664.474365234375,347210,0.0,0.0
2015-04-27 00:00:00+09:00,3699.003701891218,3914.8148863656183,3625.627899169922,3867.33642578125,212873,0.0,0.0
2015-04-28 00:00:00+09:00,3888.91754422869,3906.182438986642,3681.738807133266,3867.33642578125,172328,0.0,0.0
2015-04-29 00:00:00+09:00,3867.3358151566,3871.652038164587,3750.7977939409434,3858.703369140625,69782,0.0,0.0
2015-04-30 00:00:00+09:00,3858.703369140625,3923.4467142604344,3781.011354996854,3858.703369140625,63164,0.0,0.0
2015-05-04 00:00:00+09:00,3884.601620899087,4273.061782988995,3858.7042767597595,3897.55029296875,325145,0.0,0.0
2015-05-06 00:00:00+09:00,3914.815303883272,3914.815303883272,3582.4660443474263,3668.79052734375,150953,0.0,0.0
2015-05-07 00:00:00+09:00,3582.4655269770806,3668.789997506649,3297.5947742295057,3448.66259765625,173227,0.0,0.0
2015-05-08 00:00:00+09:00,3457.2951535866478,3578.149416133996,3457.2951535866478,3560.884521484375,46713,0.0,0.0
2015-05-11 00:00:00+09:00,3543.6197417664666,3703.3200224550897,3474.5601609281434,3604.046875,37316,0.0,0.0
2015-05-12 00:00:00+09:00,3604.046688850022,3677.4224897008608,3465.927534307267,3634.26025390625,26718,0.0,0.0
2015-05-13 00:00:00+09:00,3651.5250879953815,3694.687323078069,3586.78173537135,3621.3115234375,32889,0.0,0.0
2015-05-14 00:00:00+09:00,3647.209172578871,3660.1578441974943,3539.303575757011,3616.99560546875,30352,0.0,0.0
2015-05-15 00:00:00+09:00,3651.5256925657022,3755.115073915084,3625.6283472283567,3664.474365234375,44389,0.0,0.0
2015-05-18 00:00:00+09:00,3737.849429060119,3737.849429060119,3569.516718051638,3681.738525390625,52162,0.0,0.0
2015-05-19 00:00:00+09:00,3681.738972587678,3711.9525397718676,3556.5684799674636,3565.200927734375,63268,0.0,0.0
2015-05-20 00:00:00+09:00,3707.636293166342,3716.26874088035,3319.176146035992,3327.80859375,171936,0.0,0.0
2015-05-21 00:00:00+09:00,3327.808545051737,3440.0303636916137,3224.219173999543,3245.80029296875,79841,0.0,0.0
2015-05-22 00:00:00+09:00,3258.7488369678886,3448.662676473302,3258.7488369678886,3288.96240234375,62185,0.0,0.0
2015-05-26 00:00:00+09:00,3297.5946081115226,3427.0813073829177,3202.6376953125,3202.6376953125,53590,0.0,0.0
2015-05-27 00:00:00+09:00,3297.5949136187255,3306.2273610365755,3211.270439440225,3267.38134765625,48520,0.0,0.0
2015-05-28 00:00:00+09:00,3301.911359847731,3388.23583984375,3211.2706558519108,3388.23583984375,42141,0.0,0.0
2015-05-29 00:00:00+09:00,3418.449497767857,3595.4146864149307,3405.5008254278273,3534.987548828125,79617,0.0,0.0
2015-06-01 00:00:00+09:00,3582.465814485755,3616.99560546875,3500.4575609011413,3616.99560546875,54661,0.0,0.0
2015-06-02 00:00:00+09:00,3668.7903615225737,3945.0286946254496,3582.4658824279245,3901.866455078125,359524,0.0,0.0
2015-06-03 00:00:00+09:00,3880.285325762486,4031.353163806632,3768.0635032154064,3953.6611328125,133059,0.0,0.0
2015-06-04 00:00:00+09:00,3858.7046071885093,4316.22439282831,3668.7907339040635,4009.7724609375,273498,0.0,0.0
2015-06-05 00:00:00+09:00,3858.703672090815,4048.617499352555,3841.4387787033843,3906.18212890625,68606,0.0,0.0
2015-06-08 00:00:00+09:00,3854.3876873309796,4488.87255859375,3854.3876873309796,4488.87255859375,225384,0.0,0.0
2015-06-09 00:00:00+09:00,4920.495143821023,5162.2036772017045,4661.521715198864,4747.84619140625,855663,0.0,0.0
2015-06-10 00:00:00+09:00,4825.538125465029,5438.44189453125,4575.197149367559,5438.44189453125,467378,0.0,0.0
2015-06-11 00:00:00+09:00,5395.279706534692,5550.6637620828915,5093.14404296875,5093.14404296875,197630,0.0,0.0
2015-06-12 00:00:00+09:00,5170.8353271484375,5567.9278564453125,4860.0672607421875,5006.81884765625,316416,0.0,0.0
2015-06-15 00:00:00+09:00,5006.819271613023,5006.819271613023,4324.85595703125,4324.85595703125,215517,0.0,0.0
2015-06-16 00:00:00+09:00,4268.745636081995,4402.548583219044,3988.1910695043107,4130.62646484375,243969,0.0,0.0
2015-06-17 00:00:00+09:00,4173.78894767007,4342.121697369277,4143.575377211238,4147.8916015625,124421,0.0,0.0
2015-06-18 00:00:00+09:00,4147.8906813018175,4307.590946867028,4109.044670758928,4229.89892578125,64778,0.0,0.0
2015-06-19 00:00:00+09:00,4316.223466786563,4324.855913720136,4048.617611845796,4087.463623046875,84617,0.0,0.0
2015-06-22 00:00:00+09:00,4087.4644601693735,4557.932914402174,4014.08864620646,4368.01904296875,203951,0.0,0.0
2015-06-23 00:00:00+09:00,4316.224035555429,4903.230504390967,4316.224035555429,4730.58154296875,285349,0.0,0.0
2015-06-24 00:00:00+09:00,5015.452314417997,5170.836379236454,4540.667671917154,4799.64111328125,230355,0.0,0.0
2015-06-25 00:00:00+09:00,4799.641199048913,4980.922611243206,4601.094890455163,4963.65771484375,112925,0.0,0.0
2015-06-26 00:00:00+09:00,4920.495278454702,4980.922413453269,4514.770229178613,4704.68408203125,135195,0.0,0.0
2015-06-29 00:00:00+09:00,4540.667870145631,4704.684390169903,4324.856659587378,4445.7109375,95151,0.0,0.0
2015-06-30 00:00:00+09:00,4359.386090017193,4566.564834889297,4247.164269878137,4471.60791015625,79972,0.0,0.0
2015-07-01 00:00:00+09:00,4471.608512775912,4514.770757107725,4342.12177978047,4497.505859375,40105,0.0,0.0
2015-07-02 00:00:00+09:00,4497.505350892407,4583.829829796291,4147.891211331672,4277.3779296875,85668,0.0,0.0
2015-07-03 00:00:00+09:00,4229.898492951498,4277.3769454234025,4087.4631355357847,4104.72802734375,92655,0.0,0.0
2015-07-06 00:00:00+09:00,3988.190540241745,4208.317940190153,3988.190540241745,4117.67724609375,73675,0.0,0.0
2015-07-07 00:00:00+09:00,4130.6264352210255,4290.326725819958,4014.0883853245073,4268.74560546875,80054,0.0,0.0
2015-07-08 00:00:00+09:00,4307.592319996339,4316.22476953541,4027.0377099765374,4052.93505859375,64909,0.0,0.0
2015-07-09 00:00:00+09:00,4027.0379158791707,4160.840890576121,3940.713416074687,4139.259765625,50519,0.0,0.0
2015-07-10 00:00:00+09:00,4182.42135239454,4229.899819759184,4083.1481933593755,4083.148193359375,31363,0.0,0.0
2015-07-13 00:00:00+09:00,4078.8312225651307,4264.428833750634,4048.617657953537,4255.79638671875,20869,0.0,0.0
2015-07-14 00:00:00+09:00,4273.061404344512,4298.958746189024,4147.890918762703,4247.1640625,23678,0.0,0.0
2015-07-15 00:00:00+09:00,4247.165304301698,4281.6951035236625,4186.738155663258,4195.37060546875,19198,0.0,0.0
2015-07-16 00:00:00+09:00,4238.531719019662,4462.975353835367,4169.472139076368,4376.65087890625,71189,0.0,0.0
2015-07-17 00:00:00+09:00,4419.8125,4523.40185546875,4264.428466796875,4316.22314453125,39078,0.0,0.0
2015-07-20 00:00:00+09:00,4316.223787006579,4342.121129728618,4074.5152549342106,4100.41259765625,124343,0.0,0.0
2015-07-21 00:00:00+09:00,4143.574650948367,4143.574650948367,4065.882626243085,4096.09619140625,35485,0.0,0.0
2015-07-22 00:00:00+09:00,4057.25149081074,4208.3193654685865,3996.8243409476017,4139.259765625,48941,0.0,0.0
2015-07-23 00:00:00+09:00,4139.258234514508,4368.018074378188,4139.258234514508,4229.89892578125,72613,0.0,0.0
2015-07-24 00:00:00+09:00,4316.22314453125,4342.1204833984375,4147.890441894531,4316.22314453125,61645,0.0,0.0
2015-07-27 00:00:00+09:00,4273.061163811268,4290.326057402424,4160.83935546875,4160.83935546875,26203,0.0,0.0
2015-07-28 00:00:00+09:00,4160.839111328125,4488.8720703125,4121.993103027344,4316.22314453125,122251,0.0,0.0
2015-07-29 00:00:00+09:00,4316.223714953271,4834.170560747663,4307.591267523365,4618.359375,178165,0.0,0.0
2015-07-30 00:00:00+09:00,4687.418844839242,4782.375764347957,4376.650744628906,4488.87255859375,111082,0.0,0.0
2015-07-31 00:00:00+09:00,4419.813440320962,4506.137921577231,4156.523772489343,4303.275390625,80272,0.0,0.0
2015-08-03 00:00:00+09:00,4311.907045570265,4445.709966904277,4186.736570773931,4238.53125,44202,0.0,0.0
2015-08-04 00:00:00+09:00,4316.224312374119,4376.651452747356,4216.951153189514,4286.0107421875,32421,0.0,0.0
2015-08-05 00:00:00+09:00,4290.326508393158,4480.240357859254,4238.531822175132,4471.60791015625,33624,0.0,0.0
2015-08-06 00:00:00+09:00,4480.240122877706,4523.402359128937,4281.693836122047,4385.283203125,39689,0.0,0.0
2015-08-07 00:00:00+09:00,4316.223397789159,4402.547865744943,4117.677121490859,4160.83935546875,85116,0.0,0.0
2015-08-10 00:00:00+09:00,4147.891317339086,4147.891317339086,3914.8152183418842,4048.6181640625,85205,0.0,0.0
2015-08-11 00:00:00+09:00,4044.3015012750975,4186.736879655116,4001.1392654023643,4165.15576171875,80309,0.0,0.0
2015-08-12 00:00:00+09:00,4165.157031149531,4225.584179787969,4014.0891595534335,4195.37060546875,69179,0.0,0.0
2015-08-13 00:00:00+09:00,4212.6337890625,4316.22314453125,4182.420227050781,4316.22314453125,18763,0.0,0.0
2015-08-14 00:00:00+09:00,4316.22314453125,4316.22314453125,4316.22314453125,4316.22314453125,0,0.0,0.0
2015-08-17 00:00:00+09:00,4532.035124892489,4903.230382740826,4402.548407038417,4704.68408203125,417021,0.0,0.0
2015-08-18 00:00:00+09:00,4773.743668882308,5403.91236296623,4704.684085969002,5352.11767578125,731689,0.0,0.0
2015-08-19 00:00:00+09:00,5498.868841552735,5602.458207484654,4445.710287911552,4834.17041015625,514974,0.0,0.0
2015-08-20 00:00:00+09:00,4877.332417572138,4937.759544869492,4497.504760274485,4506.13720703125,199271,0.0,0.0
2015-08-21 00:00:00+09:00,4195.36961125753,4316.223879894578,3582.4658203125,3582.4658203125,270807,0.0,0.0
2015-08-24 00:00:00+09:00,3599.730442650334,4255.79642260579,3599.730442650334,3875.96875,404109,0.0,0.0
2015-08-25 00:00:00+09:00,4014.087345351932,4212.633601143533,3802.592420704357,4104.72802734375,201136,0.0,0.0
2015-08-26 00:00:00+09:00,4182.42089804181,5326.22021484375,4117.677540486983,5326.22021484375,391614,0.0,0.0
2015-08-27 00:00:00+09:00,5170.836394595403,5222.631083022069,4592.4623738309765,4730.58154296875,398483,0.0,0.0
2015-08-28 00:00:00+09:00,4791.008904569892,5024.08501344086,4497.505656362007,4816.90625,219777,0.0,0.0
2015-08-31 00:00:00+09:00,4868.700236628605,4877.33268385667,4454.34276968149,4488.87255859375,153268,0.0,0.0
2015-09-01 00:00:00+09:00,4488.87317961165,4532.035421723301,4311.907986953884,4445.7109375,84695,0.0,0.0
2015-09-02 00:00:00+09:00,4350.75349069149,4385.283280300152,4178.104542648177,4260.11279296875,64956,0.0,0.0
2015-09-03 00:00:00+09:00,4316.223596643518,4713.316167534722,4277.377584273727,4661.521484375,123209,0.0,0.0
2015-09-04 00:00:00+09:00,4661.521121175285,4704.68335377876,4419.812618595825,4549.29931640625,64624,0.0,0.0
2015-09-07 00:00:00+09:00,4644.256670647129,5291.690221387899,4497.505065812554,4998.18701171875,506165,0.0,0.0
2015-09-08 00:00:00+09:00,4989.555263885961,5170.836683508115,4756.479152943191,5119.0419921875,215970,0.0,0.0
2015-09-09 00:00:00+09:00,5101.7757568359375,5265.792236328125,4834.169921875,5006.81884765625,207250,0.0,0.0
2015-09-10 00:00:00+09:00,4980.921725510817,5671.517458683894,4920.494598858173,5611.09033203125,481273,0.0,0.0
2015-09-11 00:00:00+09:00,5524.766872278665,5947.7568359375,5352.117907519957,5947.7568359375,295437,0.0,0.0
2015-09-14 00:00:00+09:00,6025.448853694302,6025.448853694302,5472.97216796875,5472.97216796875,207764,0.0,0.0
2015-09-15 00:00:00+09:00,5274.425266224081,5680.150286702856,5205.365688270246,5516.1337890625,161320,0.0,0.0
2015-09-16 00:00:00+09:00,5611.090618986362,6500.232670918047,5524.766147925034,6448.43798828125,384501,0.0,0.0
2015-09-17 00:00:00+09:00,6621.087822001689,6897.326166596284,6077.243581081081,6388.01171875,345933,0.0,0.0
2015-09-18 00:00:00+09:00,6388.01171875,6629.720270270271,6085.8760293496625,6388.01171875,205546,0.0,0.0
2015-09-21 00:00:00+09:00,6258.525130593565,6448.438996625369,5775.108017058062,5835.53515625,216874,0.0,0.0
2015-09-22 00:00:00+09:00,5835.535346525788,6146.303501074499,5775.108205363539,6025.44921875,209207,0.0,0.0
2015-09-23 00:00:00+09:00,6008.183827457265,6388.011540687322,5740.5779385906335,6059.978515625,193840,0.0,0.0
2015-09-24 00:00:00+09:00,5965.022077587751,6120.406154862106,5835.535346525788,6025.44921875,60232,0.0,0.0
2015-09-25 00:00:00+09:00,6042.71301356849,6508.865160329488,5973.653436270565,6034.08056640625,166673,0.0,0.0
2015-09-30 00:00:00+09:00,5913.226323752761,6016.815690008285,5723.312485617636,5861.431640625,91213,0.0,0.0
2015-10-01 00:00:00+09:00,5921.858962823276,6284.421756465517,5697.415328663793,6258.5244140625,88721,0.0,0.0
2015-10-02 00:00:00+09:00,6301.686803644354,6301.686803644354,5999.551134976474,6077.2431640625,80925,0.0,0.0
2015-10-05 00:00:00+09:00,6223.994696012966,6871.428263559391,6085.8755349363955,6595.18994140625,256285,0.0,0.0
2015-10-06 00:00:00+09:00,6638.352604370118,7078.607458496094,6336.216920166015,6905.95849609375,148421,0.0,0.0
2015-10-07 00:00:00+09:00,6905.957645440251,7044.076798349057,6646.984233736242,6862.79541015625,134436,0.0,0.0
2015-10-08 00:00:00+09:00,6871.428740985577,7018.180359825721,6457.071228966346,6733.3095703125,167544,0.0,0.0
2015-10-12 00:00:00+09:00,6862.7954259072585,6983.649684979839,6569.29222530242,6690.146484375,93780,0.0,0.0
2015-10-13 00:00:00+09:00,6655.6169731805785,6828.265921901217,6241.259496251048,6431.17333984375,193009,0.0,0.0
2015-10-14 00:00:00+09:00,6482.967804168487,6482.967804168487,5956.388528463724,6172.19970703125,183973,0.0,0.0
2015-10-15 00:00:00+09:00,6172.2001892004955,6379.378936810022,5921.8592025056505,6206.72998046875,128707,0.0,0.0
2015-10-16 00:00:00+09:00,6206.730344645182,6223.995241292318,6051.346274820964,6215.36279296875,30953,0.0,0.0
2015-10-19 00:00:00+09:00,6223.9950140294895,6223.9950140294895,5904.59443772007,6129.0380859375,70822,0.0,0.0
2015-10-20 00:00:00+09:00,6129.038309733073,6301.687276204427,5990.91913655599,6215.36279296875,50260,0.0,0.0
2015-10-21 00:00:00+09:00,6129.037855747768,6172.200094168527,5870.064425223214,6042.71337890625,81204,0.0,0.0
2015-10-22 00:00:00+09:00,5930.492480906671,6025.449420193386,5671.51901012472,5775.1083984375,87920,0.0,0.0
2015-10-23 00:00:00+09:00,5870.064700866519,5870.064700866519,5611.091258181232,5852.7998046875,89119,0.0,0.0
2015-10-26 00:00:00+09:00,5852.799529854911,6154.935198800224,5714.680366908482,6042.71337890625,54057,0.0,0.0
2015-10-27 00:00:00+09:00,6154.935487820336,6172.200383999355,5766.475323792404,5852.7998046875,38407,0.0,0.0
2015-10-28 00:00:00+09:00,5852.7996875,5904.594375,5611.091145833333,5826.90234375,55399,0.0,0.0
2015-10-29 00:00:00+09:00,5749.209837952118,6025.448148484352,5688.782707523192,5757.84228515625,32258,0.0,0.0
2015-10-30 00:00:00+09:00,5757.8426499052675,5818.269784162145,5611.091038138567,5766.47509765625,44795,0.0,0.0
2015-11-02 00:00:00+09:00,5766.474728716468,5792.3720703125,5636.988020736308,5792.3720703125,14449,0.0,0.0
2015-11-03 00:00:00+09:00,5714.680049135588,5783.739626768646,5636.988024298397,5757.84228515625,9886,0.0,0.0
2015-11-04 00:00:00+09:00,5757.84143175723,6025.447255422108,5671.516972510494,5783.73876953125,27729,0.0,0.0
2015-11-05 00:00:00+09:00,5826.902897788324,6042.714116224928,5697.416166726361,6025.44921875,19757,0.0,0.0
2015-11-06 00:00:00+09:00,6051.346849612061,6275.79052734375,6034.081951325008,6275.79052734375,63620,0.0,0.0
2015-11-09 00:00:00+09:00,6284.42128314394,6344.848410866477,5887.328729538691,5982.28564453125,12735,0.0,0.0
2015-11-10 00:00:00+09:00,6034.080649771342,6034.080649771342,5239.895499872968,5308.955078125,122394,0.0,0.0
2015-11-11 00:00:00+09:00,5308.955297967269,5464.33935546875,5308.955297967269,5464.33935546875,14676,0.0,0.0
2015-11-12 00:00:00+09:00,5464.33946685791,5576.561288452149,5403.912332153321,5524.7666015625,4925,0.0,0.0
2015-11-13 00:00:00+09:00,5516.133418719952,5611.09033203125,5369.381825420673,5611.09033203125,5648,0.0,0.0
2015-11-16 00:00:00+09:00,5524.76681231003,5740.578015915891,5524.76681231003,5680.15087890625,16609,0.0,0.0
2015-11-17 00:00:00+09:00,5680.15087890625,5680.15087890625,5438.442330867686,5680.15087890625,14071,0.0,0.0
2015-11-18 00:00:00+09:00,5688.782842513618,5809.637106239249,5550.66368397004,5645.62060546875,26998,0.0,0.0
2015-11-19 00:00:00+09:00,5706.047765531994,5706.047765531994,5291.690287853422,5438.44189453125,45223,0.0,0.0
2015-11-20 00:00:00+09:00,5326.22064483406,5775.1079601199135,5300.323299721415,5567.92919921875,58676,0.0,0.0
2015-11-23 00:00:00+09:00,5533.398683550959,5662.885392214397,5429.809316620207,5516.1337890625,23307,0.0,0.0
2015-11-24 00:00:00+09:00,5403.912460014763,5567.928972379429,5369.382667937992,5481.6044921875,25125,0.0,0.0
2015-11-25 00:00:00+09:00,5481.604631807857,5481.604631807857,5162.20404696236,5403.91259765625,20578,0.0,0.0
2015-11-26 00:00:00+09:00,5403.912104724702,5438.44189453125,5239.895603143601,5438.44189453125,21762,0.0,0.0
2015-11-27 00:00:00+09:00,5481.6044921875,5481.6044921875,5343.4853238804135,5481.6044921875,17409,0.0,0.0
2015-11-30 00:00:00+09:00,5481.60460851783,5507.501953125,5360.750333684366,5507.501953125,11658,0.0,0.0
2015-12-01 00:00:00+09:00,5524.766849529781,5524.766849529781,5360.750333684366,5507.501953125,11763,0.0,0.0
2015-12-02 00:00:00+09:00,5403.912757209565,5490.2372421490145,5257.1611328125,5257.1611328125,31871,0.0,0.0
2015-12-03 00:00:00+09:00,5222.630642642217,5248.527984671849,4791.008275481703,4998.18701171875,105423,0.0,0.0
2015-12-04 00:00:00+09:00,4972.290163043478,5041.349748641304,4877.333232846468,4963.65771484375,20575,0.0,0.0
2015-12-07 00:00:00+09:00,4963.657365574956,4963.657365574956,4816.905756505783,4851.435546875,14998,0.0,0.0
2015-12-08 00:00:00+09:00,4851.436140707381,5015.452665037346,4765.111654217926,4911.86328125,29551,0.0,0.0
2015-12-09 00:00:00+09:00,4911.862427617462,4980.922004807163,4687.418801750935,4903.22998046875,13982,0.0,0.0
2015-12-10 00:00:00+09:00,4868.70035046729,4903.230140186916,4437.077978971963,4618.359375,60139,0.0,0.0
2015-12-11 00:00:00+09:00,4618.35888857181,4618.35888857181,4277.377251004358,4549.29931640625,72247,0.0,0.0
2015-12-14 00:00:00+09:00,4437.078125,4506.137706712062,4350.753647859922,4437.078125,13129,0.0,0.0
2015-12-15 00:00:00+09:00,4437.077871541031,4540.667238191793,4359.385846552957,4523.40234375,10497,0.0,0.0
2015-12-16 00:00:00+09:00,4523.402329282408,4661.521484375,4497.504987702547,4661.521484375,9431,0.0,0.0
2015-12-17 00:00:00+09:00,4713.316167534722,4713.316167534722,4523.402329282408,4661.521484375,19315,0.0,0.0
2015-12-18 00:00:00+09:00,4678.786258292597,4678.786258292597,4497.5048719011875,4635.6240234375,20397,0.0,0.0
2015-12-21 00:00:00+09:00,4635.624802791262,4704.684390169903,4445.7109375,4445.7109375,29464,0.0,0.0
2015-12-22 00:00:00+09:00,4376.6503859923505,4557.931762926945,4359.385492950961,4549.29931640625,5244,0.0,0.0
2015-12-23 00:00:00+09:00,4609.727061920746,4609.727061920746,4277.377826183014,4540.66748046875,14751,0.0,0.0
2015-12-24 00:00:00+09:00,4454.34276968149,4506.13745304988,4402.548086313101,4488.87255859375,17592,0.0,0.0
2015-12-28 00:00:00+09:00,4488.8734421046165,4523.403237813114,4255.797321072262,4393.91650390625,61513,0.0,0.0
2015-12-29 00:00:00+09:00,4428.788812196602,4489.8154296875,4341.607930066747,4489.8154296875,14692,50.0,0.0
2015-12-30 00:00:00+09:00,4489.814772172408,4629.304163152521,4489.814772172408,4603.14990234375,18450,0.0,0.0
2016-01-04 00:00:00+09:00,4594.431503093986,4655.458107499409,4454.942121595876,4611.86767578125,7925,0.0,0.0
2016-01-05 00:00:00+09:00,4611.86777641937,4611.86777641937,4472.378391877385,4568.27734375,12425,0.0,0.0
2016-01-06 00:00:00+09:00,4446.224267016882,4568.277482189895,4302.375834848689,4550.84130859375,46195,0.0,0.0
2016-01-07 00:00:00+09:00,4515.968906178194,4777.511506922105,4293.6576955458695,4742.63916015625,79196,0.0,0.0
2016-01-08 00:00:00+09:00,4742.639232954545,4969.309490411932,4568.2774964488635,4794.94775390625,35487,0.0,0.0
2016-01-11 00:00:00+09:00,4794.947464554398,4925.718759042245,4672.89425636574,4707.7666015625,16990,0.0,0.0
2016-01-12 00:00:00+09:00,4707.766885653409,4829.820101207386,4655.458364701704,4794.94775390625,11540,0.0,0.0
2016-01-13 00:00:00+09:00,4794.947899712457,5073.926686604818,4794.947899712457,5021.6181640625,35996,0.0,0.0
2016-01-14 00:00:00+09:00,5021.618409490334,5047.772672039762,4803.666221578427,4960.591796875,13890,0.0,0.0
2016-01-15 00:00:00+09:00,5004.182551854094,5021.618727992958,4847.256966604314,4951.8740234375,16844,0.0,0.0
2016-01-18 00:00:00+09:00,4890.847406951474,4960.592111506932,4803.666526257152,4951.8740234375,5369,0.0,0.0
2016-01-19 00:00:00+09:00,4951.873641939253,4951.873641939253,4664.1767578125,4664.1767578125,12185,0.0,0.0
2016-01-20 00:00:00+09:00,4733.921760452908,4733.921760452908,4284.940230686196,4385.1982421875,38287,0.0,0.0
2016-01-21 00:00:00+09:00,4385.198367312625,4489.81542577734,4250.068000129036,4354.68505859375,52421,0.0,0.0
2016-01-22 00:00:00+09:00,4354.68505859375,4359.044102696446,4228.272779615553,4354.68505859375,36783,0.0,0.0
2016-01-25 00:00:00+09:00,4328.53104238435,4446.225239911417,4280.581554502953,4428.7890625,26648,0.0,0.0
2016-01-26 00:00:00+09:00,4367.761992990154,4454.94287109375,4367.761992990154,4454.94287109375,18851,0.0,0.0
2016-01-27 00:00:00+09:00,4385.198201339069,4481.09716796875,4359.043937712792,4481.09716796875,19006,0.0,0.0
2016-01-28 00:00:00+09:00,4463.6609922179,4481.09716796875,4367.7620255882175,4481.09716796875,6776,0.0,0.0
2016-01-29 00:00:00+09:00,4481.09716796875,4515.969519470453,4376.480113463644,4481.09716796875,11577,0.0,0.0
2016-02-01 00:00:00+09:00,4263.145136149878,4524.687782539441,4263.145136149878,4489.8154296875,28795,0.0,0.0
2016-02-02 00:00:00+09:00,4489.814802571929,4576.995672524783,4472.378628581359,4507.2509765625,4521,0.0,0.0
2016-02-03 00:00:00+09:00,4559.559958847581,4559.559958847581,4341.607761961941,4481.09716796875,33435,0.0,0.0
2016-02-04 00:00:00+09:00,4437.506728591622,4481.09716796875,4367.7620255882175,4481.09716796875,15803,0.0,0.0
2016-02-05 00:00:00+09:00,4472.3784548737285,4533.405061470446,4454.94228156038,4498.53271484375,5273,0.0,0.0
2016-02-11 00:00:00+09:00,4481.097287326389,4481.097287326389,4315.45361328125,4315.45361328125,12263,0.0,0.0
2016-02-12 00:00:00+09:00,4271.862575724974,4311.093966726529,4010.319969047934,4114.93701171875,56215,0.0,0.0
2016-02-15 00:00:00+09:00,4075.705661266615,4271.862618225971,4075.705661266615,4263.14453125,12630,0.0,0.0
2016-02-16 00:00:00+09:00,4236.9907148437505,4359.0439453125,4236.9907148437505,4359.0439453125,5546,0.0,0.0
2016-02-17 00:00:00+09:00,4315.45284905749,4354.684238594376,4189.040593883079,4350.3251953125,8207,0.0,0.0
2016-02-18 00:00:00+09:00,4393.91690826416,4481.0977993011475,4359.044551849365,4463.66162109375,17634,0.0,0.0
2016-02-19 00:00:00+09:00,4472.37841796875,4498.532677722953,4420.069898460344,4472.37841796875,24347,0.0,0.0
2016-02-22 00:00:00+09:00,4882.128021816038,4882.128021816038,4559.55884894605,4620.58544921875,24349,0.0,0.0
2016-02-23 00:00:00+09:00,4620.586147808403,4707.76701852177,4576.9957124517205,4655.45849609375,25701,0.0,0.0
2016-02-24 00:00:00+09:00,4655.458088771049,5117.51666312473,4576.995311994009,5047.77197265625,49890,0.0,0.0
2016-02-25 00:00:00+09:00,5047.77253104968,5134.95340377938,4899.565047409188,5100.0810546875,10151,0.0,0.0
2016-02-26 00:00:00+09:00,5100.079547056218,5152.388055231153,4943.154022531411,5073.92529296875,9641,0.0,0.0
2016-02-29 00:00:00+09:00,5039.052954185459,5108.797631752041,4951.872107227234,5073.92529296875,8222,0.0,0.0
2016-03-02 00:00:00+09:00,5134.953508062395,5230.852470012626,5073.926895912247,5178.5439453125,13490,0.0,0.0
2016-03-03 00:00:00+09:00,5178.543243511653,5222.133674854344,5065.208122020656,5143.6708984375,5192,0.0,0.0
2016-03-04 00:00:00+09:00,5143.671100484914,5143.671100484914,4899.564675377155,5056.490234375,14270,0.0,0.0
2016-03-07 00:00:00+09:00,4969.309638081072,5030.336247671541,4882.128767237545,4899.56494140625,17421,0.0,0.0
2016-03-08 00:00:00+09:00,4899.564838927469,5126.23509837963,4855.974404417438,4943.1552734375,19095,0.0,0.0
2016-03-09 00:00:00+09:00,4899.565189608365,4934.437539712339,4707.767264036506,4716.4853515625,12384,0.0,0.0
2016-03-10 00:00:00+09:00,4716.485043313006,4969.309565043278,4699.0488694005735,4847.25634765625,24729,0.0,0.0
2016-03-11 00:00:00+09:00,4847.257347178683,6015.481240203761,4794.948814655172,5562.140625,190138,0.0,0.0
2016-03-14 00:00:00+09:00,5666.757049560547,5797.528366088867,5361.623977661133,5579.576171875,66262,0.0,0.0
2016-03-15 00:00:00+09:00,5579.575858034321,5736.5014290415365,5492.394985252535,5588.2939453125,18386,0.0,0.0
2016-03-16 00:00:00+09:00,5588.294326262578,5640.602853497485,5483.677271792763,5631.884765625,20313,0.0,0.0
2016-03-17 00:00:00+09:00,5640.602786254883,5666.757049560547,5474.959118652344,5579.576171875,25391,0.0,0.0
2016-03-18 00:00:00+09:00,5483.677206420898,5666.757049560547,5474.959118652344,5579.576171875,31978,0.0,0.0
2016-03-21 00:00:00+09:00,5579.5760622154785,5753.937814159712,5544.703711826632,5745.2197265625,58375,0.0,0.0
2016-03-22 00:00:00+09:00,5806.245743717056,5867.272350633001,5710.346789992,5788.8095703125,23259,0.0,0.0
2016-03-23 00:00:00+09:00,5788.809780828968,5823.68212890625,5701.62891063576,5823.68212890625,8434,0.0,0.0
2016-03-24 00:00:00+09:00,5867.272350633001,5867.272350633001,5753.937223503389,5788.8095703125,8755,0.0,0.0
2016-03-25 00:00:00+09:00,5753.9373972039475,5823.682092927632,5509.830962171052,5797.52783203125,15071,0.0,0.0
2016-03-28 00:00:00+09:00,5745.219867026969,5841.118832940925,5213.416510595034,5727.78369140625,89498,0.0,0.0
2016-03-29 00:00:00+09:00,5640.602573617789,5727.783448016828,5405.214212740385,5666.7568359375,18703,0.0,0.0
2016-03-30 00:00:00+09:00,5666.756661390119,5666.756661390119,5492.394917962731,5658.03857421875,17425,0.0,0.0
2016-03-31 00:00:00+09:00,5658.038782841213,5753.937745262251,5579.575995405819,5692.9111328125,7243,0.0,0.0
2016-04-01 00:00:00+09:00,5623.1670391672415,5710.347923495416,5405.214828346806,5527.26806640625,16908,0.0,0.0
2016-04-04 00:00:00+09:00,5527.267472674589,5588.294085148915,5492.3951226892605,5570.85791015625,15843,0.0,0.0
2016-04-05 00:00:00+09:00,5570.857944381571,5631.884557230821,5501.113243982428,5597.01220703125,11974,0.0,0.0
2016-04-06 00:00:00+09:00,5588.293744860198,5806.24591899671,5544.7033100328945,5797.52783203125,37218,0.0,0.0
2016-04-07 00:00:00+09:00,5806.246700573519,6233.4330193844835,5806.246700573519,6032.9169921875,120704,0.0,0.0
2016-04-08 00:00:00+09:00,6032.916399524749,6215.996232458304,5937.017439416697,6076.5068359375,19168,0.0,0.0
2016-04-11 00:00:00+09:00,6102.66068134335,6128.81494140625,5928.298947590683,6128.81494140625,22348,0.0,0.0
2016-04-12 00:00:00+09:00,6128.815006744604,6189.841614208633,6015.479878597122,6059.0703125,7698,0.0,0.0
2016-04-14 00:00:00+09:00,6059.070456152758,6181.123673974541,6015.480021216407,6163.6875,17746,0.0,0.0
2016-04-15 00:00:00+09:00,6172.406155907847,6172.406155907847,5884.709258810447,5971.89013671875,68645,0.0,0.0
2016-04-18 00:00:00+09:00,5971.890386620806,6146.252149733822,5727.783918262583,5910.86376953125,38152,0.0,0.0
2016-04-19 00:00:00+09:00,5910.86376953125,5971.890386620806,5727.783918262583,5910.86376953125,12169,0.0,0.0
2016-04-20 00:00:00+09:00,5841.11826156874,5902.144870271697,5666.756522417435,5675.474609375,20318,0.0,0.0
2016-04-21 00:00:00+09:00,5736.5014305399845,5910.863176149103,5649.320557735426,5832.400390625,10384,0.0,0.0
2016-04-22 00:00:00+09:00,5753.937169733965,6032.915941599855,5727.782909871538,5980.607421875,15138,0.0,0.0
2016-04-25 00:00:00+09:00,5980.608190810575,6032.916717260814,5841.118786943273,5945.73583984375,13566,0.0,0.0
2016-04-26 00:00:00+09:00,5945.735525999725,5954.45361328125,5832.4003913399065,5954.45361328125,8628,0.0,0.0
2016-04-27 00:00:00+09:00,5841.118615776431,5954.453753097467,5710.347303482929,5937.017578125,51576,0.0,0.0
2016-04-28 00:00:00+09:00,5902.145467358967,5998.04443359375,5841.118852482286,5998.04443359375,5942,0.0,0.0
2016-04-29 00:00:00+09:00,6015.4808927837175,6015.4808927837175,5771.374421772204,5963.17236328125,9541,0.0,0.0
2016-05-02 00:00:00+09:00,5849.836461279442,5954.453506786675,5806.246025651428,5875.99072265625,5870,0.0,0.0
2016-05-03 00:00:00+09:00,5867.273955395941,5902.146311743019,5753.938797267936,5893.42822265625,14975,0.0,0.0
2016-05-04 00:00:00+09:00,5797.528041503176,5867.272739746823,5710.347168698617,5832.400390625,3251,0.0,0.0
2016-05-09 00:00:00+09:00,5832.400003823889,5832.400003823889,5710.346789992,5788.8095703125,3916,0.0,0.0
2016-05-10 00:00:00+09:00,5788.809780828968,5832.400215925571,5710.3469976550805,5823.68212890625,4882,0.0,0.0
2016-05-11 00:00:00+09:00,5823.68212890625,5823.68212890625,5675.474649577798,5823.68212890625,9563,0.0,0.0
2016-05-12 00:00:00+09:00,5710.347502993842,5998.044400091241,5701.629415203011,5971.89013671875,29800,0.0,0.0
2016-05-13 00:00:00+09:00,6024.198484929038,6102.661272721168,5884.709084409697,6085.22509765625,22822,0.0,0.0
2016-05-16 00:00:00+09:00,6085.22478401064,6198.559916091068,6006.762000262653,6093.94287109375,9350,0.0,0.0
2016-05-17 00:00:00+09:00,6207.278514574933,6782.672309465305,6207.278514574933,6486.25732421875,144236,0.0,0.0
2016-05-18 00:00:00+09:00,6521.129650878906,6974.47021484375,6407.794509887695,6974.47021484375,113507,0.0,0.0
2016-05-19 00:00:00+09:00,7018.06010123075,7802.687938635429,6957.03349165483,7288.32080078125,290252,0.0,0.0
2016-05-20 00:00:00+09:00,7331.911935570126,7471.40134219215,6930.8798915318075,7323.19384765625,82213,0.0,0.0
2016-05-23 00:00:00+09:00,7410.374857206474,7410.374857206474,7009.342806110595,7035.4970703125,39724,0.0,0.0
2016-05-24 00:00:00+09:00,6983.188234881731,7113.959550141688,6678.05516594183,6922.16162109375,94139,0.0,0.0
2016-05-25 00:00:00+09:00,6922.160957942544,7314.474866138281,6791.389655210633,6913.44287109375,79488,0.0,0.0
2016-05-26 00:00:00+09:00,6948.315326795316,7209.857936335918,6948.315326795316,6991.90576171875,75119,0.0,0.0
2016-05-27 00:00:00+09:00,6991.906561137354,7497.5556640625,6913.443769304143,7497.5556640625,74524,0.0,0.0
2016-05-30 00:00:00+09:00,7759.096868525552,8011.921373230317,7506.272363820787,7889.8681640625,130050,0.0,0.0
2016-05-31 00:00:00+09:00,7933.460447552261,7933.460447552261,7576.018822992214,7663.19970703125,37678,0.0,0.0
2016-06-01 00:00:00+09:00,7663.198969726563,7846.27880859375,7541.145743815105,7846.27880859375,27506,0.0,0.0
2016-06-02 00:00:00+09:00,7846.277104591836,7924.739875637755,7610.888791454081,7689.3515625,29277,0.0,0.0
2016-06-03 00:00:00+09:00,7602.171626625723,7767.815274453576,7453.964152253432,7541.14501953125,14259,0.0,0.0
2016-06-07 00:00:00+09:00,7549.863914292279,7619.608615579044,7279.603196806066,7410.37451171875,20845,0.0,0.0
2016-06-08 00:00:00+09:00,7279.603133236069,7427.810622176205,7044.2147684487945,7236.0126953125,62053,0.0,0.0
2016-06-09 00:00:00+09:00,7236.012968517485,7323.19384765625,7026.778858584449,7323.19384765625,55904,0.0,0.0
2016-06-10 00:00:00+09:00,7218.5767926897315,7541.146045503162,7218.5767926897315,7323.19384765625,23091,0.0,0.0
2016-06-13 00:00:00+09:00,7166.267115732891,7288.3203269497535,7070.3681640625,7070.3681640625,20591,0.0,0.0
2016-06-14 00:00:00+09:00,7070.369422581707,7148.832215187423,6834.98104476456,7035.4970703125,16589,0.0,0.0
2016-06-15 00:00:00+09:00,7035.496548655064,7113.959335443038,6826.262450553798,6887.2890625,11163,0.0,0.0
2016-06-16 00:00:00+09:00,6887.288388356855,6948.314994329638,6721.644743573589,6756.51708984375,15336,0.0,0.0
2016-06-17 00:00:00+09:00,6808.825720339405,7070.368321632852,6634.463986143774,6834.97998046875,11374,0.0,0.0
2016-06-20 00:00:00+09:00,6843.697914659756,7148.830942701911,6791.389395566815,7070.3681640625,16962,0.0,0.0
2016-06-21 00:00:00+09:00,7131.396072048611,7131.396072048611,6887.289605034723,7061.6513671875,20416,0.0,0.0
2016-06-22 00:00:00+09:00,7105.241649809337,7384.220463053385,6983.188419015067,7323.19384765625,31547,0.0,0.0
2016-06-23 00:00:00+09:00,7323.192929591993,7323.192929591993,7079.086498605593,7131.39501953125,12571,0.0,0.0
2016-06-24 00:00:00+09:00,7192.4221222310125,7366.783870648735,6538.565565664557,6887.2890625,34793,0.0,0.0
2016-06-27 00:00:00+09:00,6364.203460887739,6869.852502985669,6364.203460887739,6843.6982421875,23017,0.0,0.0
2016-06-28 00:00:00+09:00,6948.315569108687,6965.751743686124,6634.464426714819,6930.87939453125,11399,0.0,0.0
2016-06-29 00:00:00+09:00,6930.879327594285,7236.012379752524,6843.6984555490735,7122.67724609375,24200,0.0,0.0
2016-06-30 00:00:00+09:00,7192.42225738893,7270.8850456513555,7018.060505694653,7236.0126953125,17416,0.0,0.0
2016-07-01 00:00:00+09:00,7236.012486049108,7270.884835379465,7087.80500139509,7201.14013671875,16425,0.0,0.0
2016-07-04 00:00:00+09:00,7244.729236787963,7244.729236787963,6922.160064993553,7183.70263671875,6541,0.0,0.0
2016-07-05 00:00:00+09:00,7087.804933397033,7270.884765625,7087.804933397033,7270.884765625,7409,0.0,0.0
2016-07-06 00:00:00+09:00,7314.474980152158,7314.474980152158,6948.315326795316,6991.90576171875,18960,0.0,0.0
2016-07-07 00:00:00+09:00,7044.214494804591,7201.140065233406,6896.00701162182,7026.7783203125,18606,0.0,0.0
2016-07-08 00:00:00+09:00,7279.602646669505,7523.709082725489,7070.36855862152,7358.0654296875,41240,0.0,0.0
2016-07-11 00:00:00+09:00,7436.5282811799125,7488.836803673557,7236.012278287605,7288.32080078125,31163,0.0,0.0
2016-07-12 00:00:00+09:00,7323.193649443069,7323.193649443069,7009.342493038366,7044.21484375,66170,0.0,0.0
2016-07-13 00:00:00+09:00,6991.90586525643,7140.113346190794,6878.570732777212,6948.3154296875,19568,0.0,0.0
2016-07-14 00:00:00+09:00,6948.315015590948,7018.059708344684,6887.288409431429,7000.62353515625,27130,0.0,0.0
2016-07-15 00:00:00+09:00,7000.624092840999,7061.650703862028,6712.927212313286,6930.87939453125,42353,0.0,0.0
2016-07-18 00:00:00+09:00,6843.697976460344,7018.059708344684,6843.697976460344,7000.62353515625,4400,0.0,0.0
2016-07-19 00:00:00+09:00,7044.214387939147,7044.214387939147,6913.443081232355,6948.3154296875,3393,0.0,0.0
2016-07-20 00:00:00+09:00,6922.161481234296,7018.060443820666,6834.980606155778,6939.59765625,7611,0.0,0.0
2016-07-21 00:00:00+09:00,6939.597342573714,6965.751603915072,6869.852645663425,6948.3154296875,1992,0.0,0.0
2016-07-22 00:00:00+09:00,6930.87911151473,7000.623806976513,6843.6982421875,6843.6982421875,20303,0.0,0.0
2016-07-25 00:00:00+09:00,6843.698067178531,6878.570414017658,6538.565032336176,6834.97998046875,28807,0.0,0.0
2016-07-26 00:00:00+09:00,6660.6183813539,6852.416292858856,6590.8736862611895,6817.5439453125,23675,0.0,0.0
2016-07-27 00:00:00+09:00,6739.081784605369,6887.289275340545,6704.20943384415,6800.1083984375,22939,0.0,0.0
2016-07-28 00:00:00+09:00,6791.390100870253,6896.007149920886,6695.4911392405065,6887.2890625,10917,0.0,0.0
2016-07-29 00:00:00+09:00,6739.081157048543,6896.006720860799,6678.054548899332,6695.49072265625,33222,0.0,0.0
2016-08-01 00:00:00+09:00,6625.7467290406585,6739.081870458459,6154.969987766717,6486.25732421875,64056,0.0,0.0
2016-08-02 00:00:00+09:00,6311.894593336093,6643.181878621689,6311.894593336093,6582.1552734375,24510,0.0,0.0
2016-08-03 00:00:00+09:00,6651.900244985852,6651.900244985852,6399.075727155459,6547.283203125,8474,0.0,0.0
2016-08-04 00:00:00+09:00,6547.284212066893,6573.4384765625,6451.385242249668,6573.4384765625,4323,0.0,0.0
2016-08-05 00:00:00+09:00,6451.383976614239,6582.1552734375,6242.14990169702,6582.1552734375,23912,0.0,0.0
2016-08-08 00:00:00+09:00,6573.437712516192,6773.953717009392,6390.357882326749,6730.36328125,8298,0.0,0.0
2016-08-09 00:00:00+09:00,6582.156068428078,6939.59765625,6582.156068428078,6939.59765625,27809,0.0,0.0
2016-08-10 00:00:00+09:00,6817.544259777908,6965.751743686124,6808.82617248919,6930.87939453125,9058,0.0,0.0
2016-08-11 00:00:00+09:00,6974.469830974843,7000.624092840999,6817.544259777908,6930.87939453125,8183,0.0,0.0
2016-08-12 00:00:00+09:00,6930.87911151473,6930.87911151473,6782.6716336584395,6843.6982421875,9078,0.0,0.0
2016-08-16 00:00:00+09:00,6843.698937787151,7523.7097876564485,6756.51805959878,6878.5712890625,88811,0.0,0.0
2016-08-17 00:00:00+09:00,6957.0333984375,6957.0333984375,6547.283311060855,6625.74609375,38609,0.0,0.0
2016-08-18 00:00:00+09:00,6625.745429841898,6852.415668231226,6590.873085474309,6617.02734375,27685,0.0,0.0
2016-08-19 00:00:00+09:00,6582.156290033812,6686.773343650243,6486.25732421875,6486.25732421875,26861,0.0,0.0
2016-08-22 00:00:00+09:00,6486.256975446428,6547.283586774553,6346.767578125,6346.767578125,8773,0.0,0.0
2016-08-23 00:00:00+09:00,6346.767925941781,6477.539243097175,6268.305135648545,6364.2041015625,8207,0.0,0.0
2016-08-24 00:00:00+09:00,6364.20382216451,6407.794259302623,6233.432510750171,6399.076171875,7028,0.0,0.0
2016-08-25 00:00:00+09:00,6399.076769332991,6399.076769332991,6320.613975158608,6355.486328125,10718,0.0,0.0
2016-08-26 00:00:00+09:00,6268.3043741861975,6320.612894694011,6059.070292154948,6277.0224609375,43779,0.0,0.0
2016-08-29 00:00:00+09:00,6277.023460079479,6277.023460079479,6024.1989040485005,6032.9169921875,8495,0.0,0.0
2016-08-30 00:00:00+09:00,6032.916261511981,6233.432264423507,6006.762000262653,6093.94287109375,18208,0.0,0.0
2016-08-31 00:00:00+09:00,6093.942245592235,6154.96884891004,5841.117746132757,6111.37841796875,29714,0.0,0.0
2016-09-01 00:00:00+09:00,6111.3788126627605,6285.740547688802,6015.4798583984375,6277.0224609375,14113,0.0,0.0
2016-09-02 00:00:00+09:00,6189.8414090203905,6311.894619902482,6111.378630596188,6146.2509765625,4848,0.0,0.0
2016-09-05 00:00:00+09:00,6215.995506180362,6320.612541347493,6198.559333652507,6259.5859375,4630,0.0,0.0
2016-09-06 00:00:00+09:00,6311.894807942708,6346.767154947916,6128.814986165365,6277.0224609375,2250,0.0,0.0
2016-09-07 00:00:00+09:00,6346.767154947916,6346.767154947916,6146.251159667969,6277.0224609375,3308,0.0,0.0
2016-09-08 00:00:00+09:00,6320.612894694011,6320.612894694011,6146.251159667969,6277.0224609375,1461,0.0,0.0
2016-09-09 00:00:00+09:00,6233.432236139287,6311.89501953125,6137.533278660221,6311.89501953125,3170,0.0,0.0
2016-09-12 00:00:00+09:00,6277.023055069931,6285.741142646416,6146.25174142264,6233.4326171875,4429,0.0,0.0
2016-09-13 00:00:00+09:00,6233.432372357212,6364.203680868202,6128.815325548419,6172.40576171875,3483,0.0,0.0
2016-09-19 00:00:00+09:00,6172.406369058418,6172.406369058418,5928.299902485486,6006.7626953125,11480,0.0,0.0
2016-09-20 00:00:00+09:00,6006.7621029021075,6128.815324151207,5841.118445492616,6050.3525390625,37262,0.0,0.0
2016-09-21 00:00:00+09:00,6015.479751780063,6233.431916699631,5971.889318796149,6198.5595703125,5522,0.0,0.0
2016-09-22 00:00:00+09:00,6250.868617466518,6521.129324776786,6207.278180803572,6468.82080078125,20349,0.0,0.0
2016-09-23 00:00:00+09:00,6399.075720032649,6538.565109025187,6390.357633220616,6425.22998046875,20446,0.0,0.0
2016-09-26 00:00:00+09:00,6494.9749934895835,6538.5654296875,6346.7675104166665,6538.5654296875,15020,0.0,0.0
2016-09-27 00:00:00+09:00,6538.565569382938,6538.565569382938,6224.714422052557,6521.12939453125,12170,0.0,0.0
2016-09-28 00:00:00+09:00,6390.358220404658,6521.129534601207,6346.767782339142,6503.693359375,4552,0.0,0.0
2016-09-29 00:00:00+09:00,6808.825711495536,6974.469358766233,6608.309717431006,6712.9267578125,52893,0.0,0.0
2016-09-30 00:00:00+09:00,6634.464390619887,6739.081437515339,6364.20368613997,6660.61865234375,15167,0.0,0.0
2016-10-04 00:00:00+09:00,6547.283827075484,6660.6189665588145,6407.794424634461,6651.90087890625,10927,0.0,0.0
2016-10-05 00:00:00+09:00,6486.256732935582,6643.18229905499,6486.256732935582,6529.84716796875,9676,0.0,0.0
2016-10-06 00:00:00+09:00,6529.848092956961,6582.15662240655,6311.89588691701,6355.486328125,20936,0.0,0.0
2016-10-07 00:00:00+09:00,6277.022774687065,6399.0759953059805,6268.3046875,6268.3046875,9187,0.0,0.0
2016-10-10 00:00:00+09:00,6268.304023763928,6372.921058931059,6259.5859375,6259.5859375,6617,0.0,0.0
2016-10-11 00:00:00+09:00,6233.432027180989,6346.767154947916,6233.432027180989,6277.0224609375,898,0.0,0.0
2016-10-12 00:00:00+09:00,6277.023329741379,6346.768033405172,6207.278626077586,6320.61376953125,4266,0.0,0.0
2016-10-13 00:00:00+09:00,6320.612729685368,6390.357421875,6189.841431829809,6390.357421875,4172,0.0,0.0
2016-10-14 00:00:00+09:00,6407.794540614298,6407.794540614298,6320.613662510702,6364.2041015625,3366,0.0,0.0
2016-10-17 00:00:00+09:00,6425.22998046875,6451.38424090485,6259.586331040112,6425.22998046875,13227,0.0,0.0
2016-10-18 00:00:00+09:00,6329.33102553638,6442.666154092817,6320.612938724347,6425.22998046875,11630,0.0,0.0
2016-10-19 00:00:00+09:00,6425.229449728261,6739.080549036562,6346.766674901186,6617.02734375,24978,0.0,0.0
2016-10-20 00:00:00+09:00,6564.719903399493,6651.900778610641,6390.3581529771955,6451.384765625,2955,0.0,0.0
2016-10-21 00:00:00+09:00,6381.639019268775,6617.02734375,6372.920933176878,6617.02734375,9779,0.0,0.0
2016-10-24 00:00:00+09:00,6477.53857421875,6678.054573151498,6477.53857421875,6477.53857421875,1241,0.0,0.0
2016-10-25 00:00:00+09:00,6285.740591476213,6521.12893540112,6285.740591476213,6425.22998046875,3722,0.0,0.0
2016-10-26 00:00:00+09:00,6303.177000589211,6494.974917619588,6215.996129211767,6242.150390625,14171,0.0,0.0
2016-10-27 00:00:00+09:00,6242.150767963435,6451.384871917517,6207.278417304422,6407.79443359375,8244,0.0,0.0
2016-10-28 00:00:00+09:00,6477.53888811384,6477.53888811384,6364.203752790178,6468.82080078125,3036,0.0,0.0
2016-10-31 00:00:00+09:00,6338.049838131422,6477.539243097175,6146.251906303511,6364.2041015625,9716,0.0,0.0
2016-11-01 00:00:00+09:00,6364.2034020962465,6433.94809691374,6285.740620426567,6329.3310546875,5408,0.0,0.0
2016-11-02 00:00:00+09:00,6329.330981445312,6390.357588704427,6189.8415934244795,6277.0224609375,5830,0.0,0.0
2016-11-03 00:00:00+09:00,6277.022809903046,6390.357943970741,6277.022809903046,6294.458984375,4253,0.0,0.0
2016-11-04 00:00:00+09:00,6294.4587072787535,6338.049141539687,6277.022533574381,6329.3310546875,1529,0.0,0.0
2016-11-07 00:00:00+09:00,6285.740966796875,6346.767578125,5928.299386160715,6346.767578125,13208,0.0,0.0
2016-11-08 00:00:00+09:00,6346.768239883402,6416.512945816186,6303.177798675411,6355.486328125,3290,0.0,0.0
2016-11-09 00:00:00+09:00,6364.204202090992,6364.204202090992,5675.475254193474,5928.2998046875,19223,0.0,0.0
2016-11-10 00:00:00+09:00,5963.171533890845,6207.277970950704,5963.171533890845,6189.841796875,5160,0.0,0.0
2016-11-11 00:00:00+09:00,5980.607441023284,6259.586213782388,5980.607441023284,6224.7138671875,770,0.0,0.0
2016-11-14 00:00:00+09:00,6215.996765485491,6294.459557756696,6032.916916852678,6102.66162109375,8015,0.0,0.0
2016-11-15 00:00:00+09:00,6102.660930486015,6372.92162883611,6102.660930486015,6311.89501953125,10003,0.0,0.0
2016-11-16 00:00:00+09:00,6250.86855078125,6538.5654296875,6250.86855078125,6538.5654296875,13338,0.0,0.0
2016-11-17 00:00:00+09:00,6564.71941947937,6712.926896413167,6433.94811630249,6695.49072265625,13375,0.0,0.0
2016-11-18 00:00:00+09:00,6765.235417683919,6765.235417683919,6590.873680114746,6695.49072265625,837,0.0,0.0
2016-11-21 00:00:00+09:00,6765.236027848639,6765.236027848639,6407.79443359375,6407.79443359375,4573,0.0,0.0
2016-11-22 00:00:00+09:00,6460.1021888743235,6460.1021888743235,6277.022369756428,6442.666015625,11757,0.0,0.0
2016-11-23 00:00:00+09:00,6442.666719023165,6538.56568236451,6233.4326171875,6233.4326171875,4402,0.0,0.0
2016-11-24 00:00:00+09:00,6233.4322320642605,6494.974843199824,6189.841796875,6189.841796875,4966,0.0,0.0
2016-11-25 00:00:00+09:00,6311.895365287162,6468.8209406672295,6215.996402554899,6451.384765625,1506,0.0,0.0
2016-11-28 00:00:00+09:00,6451.38424090485,6451.38424090485,6329.33102553638,6425.22998046875,583,0.0,0.0
2016-11-29 00:00:00+09:00,6477.53881769595,6494.9749921715775,6207.2781133237095,6416.51220703125,2659,0.0,0.0
2016-11-30 00:00:00+09:00,6294.459505657327,6407.7946491109915,6224.714801993534,6320.61376953125,3334,0.0,0.0
2016-12-01 00:00:00+09:00,6320.613458183374,6355.485808297489,6207.2783203125,6207.2783203125,3056,0.0,0.0
2016-12-02 00:00:00+09:00,6207.277366039587,6338.048658863454,6015.479469897914,6111.37841796875,20451,0.0,0.0
2016-12-05 00:00:00+09:00,6111.3789731861025,6215.996016949631,6015.480016402868,6041.63427734375,11617,0.0,0.0
2016-12-06 00:00:00+09:00,6041.635080326499,6233.4330193844835,6015.480815909501,6032.9169921875,2128,0.0,0.0
2016-12-07 00:00:00+09:00,6146.251852101293,6146.251852101293,6006.762448365661,6067.7890625,3818,0.0,0.0
2016-12-08 00:00:00+09:00,6067.788449121901,6451.384270618113,6067.788449121901,6329.3310546875,29426,0.0,0.0
2016-12-09 00:00:00+09:00,6556.001493724209,6556.001493724209,6207.278010015474,6338.04931640625,2040,0.0,0.0
2016-12-12 00:00:00+09:00,6364.203577684405,6364.203577684405,6259.586532571784,6338.04931640625,823,0.0,0.0
2016-12-13 00:00:00+09:00,6399.076102120536,6399.076102120536,6189.842006138393,6346.767578125,3165,0.0,0.0
2016-12-14 00:00:00+09:00,6364.204416366599,6407.794857574589,6189.842651534636,6355.486328125,7474,0.0,0.0
2016-12-15 00:00:00+09:00,6416.512276785715,6416.512276785715,6250.868617466518,6346.767578125,3749,0.0,0.0
2016-12-16 00:00:00+09:00,6277.022706757221,6364.203577684405,6277.022706757221,6338.04931640625,9563,0.0,0.0
2016-12-19 00:00:00+09:00,6494.974629720052,6617.027844238281,6277.0224609375,6277.0224609375,42087,0.0,0.0
2016-12-20 00:00:00+09:00,6285.740547688802,6346.767154947916,6233.432027180989,6277.0224609375,12938,0.0,0.0
2016-12-21 00:00:00+09:00,6285.740547688802,6364.2033284505205,6224.713940429688,6277.0224609375,29492,0.0,0.0
2016-12-22 00:00:00+09:00,6277.022110027855,6329.330627611421,6242.149764972145,6259.5859375,2881,0.0,0.0
2016-12-23 00:00:00+09:00,6259.586532571784,6364.203577684405,6250.868445479066,6338.04931640625,10672,0.0,0.0
2016-12-26 00:00:00+09:00,6338.049419166005,6338.049419166005,5945.735493633033,6172.40576171875,16692,0.0,0.0
2016-12-27 00:00:00+09:00,6172.40576307133,6477.538816330505,6015.480192823753,6294.458984375,28224,0.0,0.0
2016-12-28 00:00:00+09:00,6338.35302734375,6338.35302734375,6189.112028084964,6338.35302734375,7801,50.0,0.0
2016-12-29 00:00:00+09:00,6347.131909653091,6347.131909653091,6250.564204250347,6338.35302734375,782,0.0,0.0
2017-01-02 00:00:00+09:00,6347.131815993617,6347.131815993617,6233.00634765625,6233.00634765625,3471,0.0,0.0
2017-01-03 00:00:00+09:00,6233.00698490466,6250.564751059322,6145.218154131356,6215.44921875,5192,0.0,0.0
2017-01-04 00:00:00+09:00,6206.670302939248,6276.9013671875,6206.670302939248,6276.9013671875,4849,0.0,0.0
2017-01-05 00:00:00+09:00,6276.901482476129,6338.353664822049,6215.449300130209,6320.7958984375,13634,0.0,0.0
2017-01-06 00:00:00+09:00,6320.79526272507,6391.026321199793,6171.554263466283,6338.35302734375,18985,0.0,0.0
2017-01-09 00:00:00+09:00,6338.35271026911,6408.58376523054,6224.227245956785,6259.3427734375,6270,0.0,0.0
2017-01-10 00:00:00+09:00,6259.342994195642,6259.342994195642,6153.996408038071,6233.00634765625,24506,0.0,0.0
2017-01-11 00:00:00+09:00,6233.006152620397,6434.920436437677,6057.428514518414,6197.890625,27947,0.0,0.0
2017-01-12 00:00:00+09:00,6197.8908189370595,6259.342994195642,6162.775290217869,6233.00634765625,3581,0.0,0.0
2017-01-13 00:00:00+09:00,6233.00634765625,6285.679640735035,6153.996408038071,6233.00634765625,728,0.0,0.0
2017-01-16 00:00:00+09:00,6276.901162920845,6276.901162920845,6127.66015625,6127.66015625,2989,0.0,0.0
2017-01-17 00:00:00+09:00,6127.66015625,6189.112335467407,6057.429094287249,6127.66015625,8203,0.0,0.0
2017-01-18 00:00:00+09:00,6118.8810810012155,6118.8810810012155,6066.2077861862845,6092.54443359375,6342,0.0,0.0
2017-01-19 00:00:00+09:00,6092.544814759171,6285.68024116364,6066.208165704015,6162.77587890625,10543,0.0,0.0
2017-01-20 00:00:00+09:00,6189.112442680027,6241.785740064538,6022.313667629076,6057.42919921875,24507,0.0,0.0
2017-01-23 00:00:00+09:00,6057.429315141637,6101.32373046875,6022.313782879946,6101.32373046875,4919,0.0,0.0
2017-01-24 00:00:00+09:00,6101.323390151515,6145.217803030303,5978.419034090909,6083.765625,7155,0.0,0.0
2017-01-25 00:00:00+09:00,6031.092329545455,6110.102272727273,5995.976799242425,6083.765625,3744,0.0,0.0
2017-01-26 00:00:00+09:00,6083.766260197733,6083.766260197733,5890.630823366058,5952.0830078125,17173,0.0,0.0
2017-01-31 00:00:00+09:00,5952.083233506944,6004.756536458333,5837.957743778935,5925.74658203125,4738,0.0,0.0
2017-02-01 00:00:00+09:00,5925.745679362945,5925.745679362945,5802.841324531714,5916.966796875,11911,0.0,0.0
2017-02-02 00:00:00+09:00,6022.313625045687,6066.208039222405,5925.745913856908,6004.755859375,4714,0.0,0.0
2017-02-03 00:00:00+09:00,5952.082636061036,6057.42923138955,5952.082636061036,5995.97705078125,2567,0.0,0.0
2017-02-06 00:00:00+09:00,6022.313061701642,6083.765235800639,5846.735421418796,6013.5341796875,6710,0.0,0.0
2017-02-07 00:00:00+09:00,6013.5341796875,6039.870825729928,5899.40871350365,6013.5341796875,2657,0.0,0.0
2017-02-08 00:00:00+09:00,6013.534593943604,6057.429007038083,5908.188002516855,6022.3134765625,1941,0.0,0.0
2017-02-09 00:00:00+09:00,5969.639769616789,6048.64970774407,5969.639769616789,6013.5341796875,5335,0.0,0.0
2017-02-10 00:00:00+09:00,6022.313815804415,6074.98711448492,5969.64051712391,6039.87158203125,5512,0.0,0.0
2017-02-13 00:00:00+09:00,6057.429094287249,6189.112335467407,6048.650211541906,6127.66015625,11587,0.0,0.0
2017-02-14 00:00:00+09:00,6127.660794663703,6180.334096623563,6066.208609043866,6110.10302734375,1669,0.0,0.0
2017-02-15 00:00:00+09:00,6066.2081982070595,6145.218145795864,6048.650432076214,6101.32373046875,2158,0.0,0.0
2017-02-16 00:00:00+09:00,6022.314190743983,6145.218561983656,6022.314190743983,6110.10302734375,6701,0.0,0.0
2017-02-17 00:00:00+09:00,6066.207977032594,6145.217921740688,6031.092446051218,6127.66015625,2778,0.0,0.0
2017-02-20 00:00:00+09:00,6197.891410979791,6197.891410979791,6110.10258079594,6162.77587890625,12091,0.0,0.0
2017-02-21 00:00:00+09:00,6162.7758045874825,6197.891336237553,6127.660272937412,6171.5546875,6518,0.0,0.0
2017-02-22 00:00:00+09:00,6171.554794992132,6171.554794992132,6092.544847403327,6101.32373046875,2501,0.0,0.0
2017-02-23 00:00:00+09:00,6101.3238455636165,6162.776028180804,6074.987195870536,6145.21826171875,2822,0.0,0.0
2017-02-24 00:00:00+09:00,6145.217984740498,6197.891281752559,5916.967031021564,6004.755859375,14322,0.0,0.0
2017-02-27 00:00:00+09:00,6004.755681818182,6206.669981060606,6004.755681818182,6083.765625,8596,0.0,0.0
2017-02-28 00:00:00+09:00,6110.10302734375,6145.218561983656,6013.5353070840065,6110.10302734375,9807,0.0,0.0
2017-03-02 00:00:00+09:00,5987.198167837208,6136.439177885935,5987.198167837208,5995.97705078125,9373,0.0,0.0
2017-03-03 00:00:00+09:00,5995.977765251608,6004.756649241727,5881.852273380055,5969.64111328125,13772,0.0,0.0
2017-03-06 00:00:00+09:00,5899.408838619403,5969.639896222015,5873.072192018423,5881.85107421875,7795,0.0,0.0
2017-03-07 00:00:00+09:00,5881.851432191814,5908.188080395657,5653.600481091833,5723.83154296875,38155,0.0,0.0
2017-03-08 00:00:00+09:00,5723.831951904297,5750.168601989746,5557.033168029785,5618.4853515625,25542,0.0,0.0
2017-03-09 00:00:00+09:00,5609.706353038878,5679.937418491633,5504.359754859744,5574.5908203125,42766,0.0,0.0
2017-03-10 00:00:00+09:00,5574.590860685208,5636.043043401423,5495.580911478646,5627.26416015625,5714,0.0,0.0
2017-03-13 00:00:00+09:00,5627.264386670748,5715.05322265625,5583.3699686779955,5715.05322265625,18878,0.0,0.0
2017-03-14 00:00:00+09:00,5715.05318629488,5785.284254636446,5609.706583782532,5776.50537109375,5311,0.0,0.0
2017-03-15 00:00:00+09:00,5776.50537109375,5776.50537109375,5706.274302752185,5776.50537109375,4455,0.0,0.0
2017-03-16 00:00:00+09:00,5706.274155125473,5794.06298828125,5653.600855232007,5794.06298828125,7456,0.0,0.0
2017-03-17 00:00:00+09:00,5723.831350067515,5794.0624095775465,5653.600290557484,5688.7158203125,5910,0.0,0.0
2017-03-20 00:00:00+09:00,5688.716183035714,5688.716183035714,5495.580757068452,5530.6962890625,15238,0.0,0.0
2017-03-21 00:00:00+09:00,5530.6962890625,5618.485119047618,5442.907459077381,5530.6962890625,7183,0.0,0.0
2017-03-22 00:00:00+09:00,5530.695884967672,5530.695884967672,5346.33935546875,5346.33935546875,26026,0.0,0.0
2017-03-23 00:00:00+09:00,5346.33980245258,5381.455334816801,5179.541023722533,5293.66650390625,27395,0.0,0.0
2017-03-24 00:00:00+09:00,5293.6658432904405,5372.67578125,5240.992551317402,5372.67578125,12287,0.0,0.0
2017-03-27 00:00:00+09:00,5372.6760025400245,5434.128179039665,5302.444943683292,5346.33935546875,3555,0.0,0.0
2017-03-28 00:00:00+09:00,5346.339997322329,5442.90771484375,5267.330046622984,5442.90771484375,6711,0.0,0.0
2017-03-29 00:00:00+09:00,5442.90771484375,5451.686598254788,5346.339997322329,5442.90771484375,2958,0.0,0.0
2017-03-30 00:00:00+09:00,5442.907524604302,5442.907524604302,5302.445394937094,5407.7919921875,5412,0.0,0.0
2017-03-31 00:00:00+09:00,5451.68596136455,5460.46484375,5311.223843197347,5460.46484375,1985,0.0,0.0
2017-04-03 00:00:00+09:00,5451.685595936752,5504.35888671875,5381.454541560755,5504.35888671875,7870,0.0,0.0
2017-04-04 00:00:00+09:00,5504.359617638221,5758.947223557692,5460.465202824519,5706.27392578125,19871,0.0,0.0
2017-04-05 00:00:00+09:00,5706.274000264831,5715.052883342161,5530.69633871822,5697.4951171875,9737,0.0,0.0
2017-04-06 00:00:00+09:00,5723.831766419491,5785.283947960805,5557.0329879502115,5697.4951171875,6437,0.0,0.0
2017-04-07 00:00:00+09:00,5697.4947768245265,5697.4947768245265,5600.927068742755,5679.93701171875,4528,0.0,0.0
2017-04-10 00:00:00+09:00,5679.937010923503,5679.937010923503,5355.118356512113,5390.23388671875,13475,0.0,0.0
2017-04-11 00:00:00+09:00,5390.2335452410125,5486.8012471915845,5355.118017258987,5372.67578125,3495,0.0,0.0
2017-04-12 00:00:00+09:00,5372.676573822464,5574.590889505334,5284.887740916868,5451.6865234375,8060,0.0,0.0
2017-04-13 00:00:00+09:00,5372.675803125,5513.1379156250005,5363.89692109375,5486.80126953125,16789,0.0,0.0
2017-04-14 00:00:00+09:00,5513.139048078852,5513.139048078852,5407.792442064607,5469.24462890625,2566,0.0,0.0
2017-04-17 00:00:00+09:00,5513.137498121995,5530.695260854868,5416.569803091196,5478.02197265625,4044,0.0,0.0
2017-04-18 00:00:00+09:00,5513.13881843903,5513.13881843903,5311.224498655434,5381.45556640625,47411,0.0,0.0
2017-04-19 00:00:00+09:00,5320.003347089214,5442.90771484375,5320.003347089214,5442.90771484375,7484,0.0,0.0
2017-04-20 00:00:00+09:00,5442.90764014694,5460.46540672806,5363.897690531904,5451.6865234375,1300,0.0,0.0
2017-04-21 00:00:00+09:00,5478.022637195122,5486.801519626525,5390.233812881098,5399.0126953125,5078,0.0,0.0
2017-04-24 00:00:00+09:00,5399.012401870456,5486.801221413065,5205.876998876716,5434.1279296875,52366,0.0,0.0
2017-04-25 00:00:00+09:00,5434.128436717446,5442.907319490818,5258.55078125,5258.55078125,80043,0.0,0.0
2017-04-26 00:00:00+09:00,5346.339706896086,5346.339706896086,5065.415453003352,5074.1943359375,176924,0.0,0.0
2017-04-27 00:00:00+09:00,5091.752176532712,5126.867708784662,4916.174515272964,5065.41552734375,73025,0.0,0.0
2017-04-28 00:00:00+09:00,5012.7424512059015,5065.4157519190985,4942.511383588306,5039.0791015625,19183,0.0,0.0
2017-05-02 00:00:00+09:00,5039.078869542332,5047.857752590315,4793.270144198803,4951.2900390625,37781,0.0,0.0
2017-05-04 00:00:00+09:00,4951.289714673913,5100.530716711956,4951.289714673913,5047.857421875,13894,0.0,0.0
2017-05-08 00:00:00+09:00,5047.857393349978,5161.982864851804,5003.962981233892,5109.3095703125,16227,0.0,0.0
2017-05-10 00:00:00+09:00,5161.983775326972,5179.541543270261,5056.637167667239,5118.08935546875,23295,0.0,0.0
2017-05-11 00:00:00+09:00,5170.761792656515,5223.43508765811,5126.867380155187,5161.98291015625,7974,0.0,0.0
2017-05-12 00:00:00+09:00,5161.98291015625,5179.540675156782,5082.972967653858,5161.98291015625,5997,0.0,0.0
2017-05-15 00:00:00+09:00,5161.982864851804,5161.982864851804,5030.299628503543,5109.3095703125,5825,0.0,0.0
2017-05-16 00:00:00+09:00,5109.309780808304,5109.309780808304,4854.7221800463785,4968.84765625,40357,0.0,0.0
2017-05-17 00:00:00+09:00,4968.84765625,4968.84765625,4845.943297261484,4968.84765625,14361,0.0,0.0
2017-05-18 00:00:00+09:00,4968.847663578799,4968.847663578799,4652.807882856472,4679.14453125,80964,0.0,0.0
2017-05-19 00:00:00+09:00,4705.481060606061,4723.038825757576,4626.471117424243,4635.25,25899,0.0,0.0
2017-05-22 00:00:00+09:00,4635.249438799622,4687.92272787689,4547.460623670841,4644.0283203125,23064,0.0,0.0
2017-05-23 00:00:00+09:00,4644.028466704222,4644.028466704222,4547.460767018501,4626.470703125,14612,0.0,0.0
2017-05-24 00:00:00+09:00,4626.471349326209,4723.0390625,4617.692466310409,4723.0390625,27407,0.0,0.0
2017-05-25 00:00:00+09:00,4740.5968285315985,4819.606775673792,4617.692466310409,4723.0390625,21641,0.0,0.0
2017-05-26 00:00:00+09:00,4758.154594563197,4758.154594563197,4670.365764405205,4723.0390625,16550,0.0,0.0
2017-05-29 00:00:00+09:00,4758.154028727969,4758.154028727969,4661.586327037917,4731.8173828125,9702,0.0,0.0
2017-05-30 00:00:00+09:00,4731.817723075034,4758.154370884357,4696.702192662604,4749.37548828125,13990,0.0,0.0
2017-05-31 00:00:00+09:00,4731.817576146696,4802.048634790803,4723.038693816183,4766.93310546875,12983,0.0,0.0
2017-06-01 00:00:00+09:00,4766.93310546875,4784.490870129776,4714.259811485669,4766.93310546875,16030,0.0,0.0
2017-06-02 00:00:00+09:00,4784.491624098558,4837.164926382212,4740.597205528847,4793.2705078125,25818,0.0,0.0
2017-06-05 00:00:00+09:00,4793.270803420608,4942.511835761543,4793.270803420608,4872.28076171875,58323,0.0,0.0
2017-06-07 00:00:00+09:00,4881.059645974099,4907.396298740146,4819.607456186655,4872.28076171875,26599,0.0,0.0
2017-06-08 00:00:00+09:00,4907.395389708371,4907.395389708371,4766.933267641583,4863.5009765625,10076,0.0,0.0
2017-06-09 00:00:00+09:00,4863.500512382884,4863.500512382884,4749.375049095921,4802.04833984375,28125,0.0,0.0
2017-06-12 00:00:00+09:00,4784.490453290763,4802.048216422106,4696.701637634052,4758.15380859375,16080,0.0,0.0
2017-06-13 00:00:00+09:00,4758.154223138236,4995.184046062097,4723.038693816183,4766.93310546875,33081,0.0,0.0
2017-06-14 00:00:00+09:00,4740.596786154841,4766.933434966812,4652.807956781603,4670.36572265625,27073,0.0,0.0
2017-06-15 00:00:00+09:00,4670.365427501166,4758.154251326376,4661.586545118645,4705.48095703125,7607,0.0,0.0
2017-06-16 00:00:00+09:00,4705.480736897031,4731.8173828125,4644.028563094272,4731.8173828125,13493,0.0,0.0
2017-06-19 00:00:00+09:00,4731.817796947338,4740.5966796875,4661.586735026041,4740.5966796875,13702,0.0,0.0
2017-06-20 00:00:00+09:00,4696.702192662604,4749.37548828125,4679.144427456388,4749.37548828125,9453,0.0,0.0
2017-06-21 00:00:00+09:00,4740.596605678142,4810.8276665030035,4652.807779647065,4749.37548828125,18205,0.0,0.0
2017-06-22 00:00:00+09:00,4731.81701929429,4775.71142578125,4661.585968915154,4775.71142578125,14072,0.0,0.0
2017-06-23 00:00:00+09:00,4775.711987799263,4784.490870129776,4705.480929155156,4766.93310546875,8337,0.0,0.0
2017-06-26 00:00:00+09:00,4766.932713018399,4766.932713018399,4670.365015332944,4696.70166015625,7707,0.0,0.0
2017-06-27 00:00:00+09:00,4696.701637634052,4758.15380859375,4661.586111371367,4758.15380859375,20243,0.0,0.0
2017-06-28 00:00:00+09:00,4775.711571725092,4775.711571725092,4687.92275606838,4758.15380859375,3721,0.0,0.0
2017-06-29 00:00:00+09:00,4758.154562069954,4784.4912109375,4652.80796659977,4784.4912109375,20940,0.0,0.0
2017-06-30 00:00:00+09:00,4784.491624098558,4793.2705078125,4714.2605543870195,4793.2705078125,7354,0.0,0.0
2017-07-03 00:00:00+09:00,4784.490307078642,4793.269188376034,4749.374781889074,4775.71142578125,6578,0.0,0.0
2017-07-04 00:00:00+09:00,4775.71142578125,4793.269188376034,4705.480375402114,4775.71142578125,5584,0.0,0.0
2017-07-05 00:00:00+09:00,4775.711792671614,4775.711792671614,4652.807445066094,4731.8173828125,27051,0.0,0.0
2017-07-06 00:00:00+09:00,4731.817796947338,4740.5966796875,4652.80785228588,4740.5966796875,7812,0.0,0.0
2017-07-07 00:00:00+09:00,4740.596710834897,4740.596710834897,4652.807882856472,4679.14453125,6568,0.0,0.0
2017-07-10 00:00:00+09:00,4679.144638206845,4705.48128720238,4591.355808221726,4608.91357421875,8568,0.0,0.0
2017-07-11 00:00:00+09:00,4608.9129395457785,4661.586230283444,4556.239648808112,4626.470703125,18273,0.0,0.0
2017-07-12 00:00:00+09:00,4626.471340215774,4626.471340215774,4556.240276227679,4608.91357421875,3230,0.0,0.0
2017-07-13 00:00:00+09:00,4608.912681130802,4775.71142578125,4565.018274643842,4775.71142578125,5428,0.0,0.0
2017-07-14 00:00:00+09:00,4740.596016954159,4740.596016954159,4644.0283203125,4644.0283203125,4139,0.0,0.0
2017-07-17 00:00:00+09:00,4644.028565864342,4670.36521179552,4556.23974609375,4556.23974609375,5646,0.0,0.0
2017-07-18 00:00:00+09:00,4556.239623548456,4582.5762687712795,4477.229687879985,4512.34521484375,5164,0.0,0.0
2017-07-19 00:00:00+09:00,4512.34588490099,4521.124767945545,4380.662639232673,4433.3359375,46274,0.0,0.0
2017-07-20 00:00:00+09:00,4433.335863196332,4477.230277683424,4389.441448709239,4442.11474609375,8466,0.0,0.0
2017-07-21 00:00:00+09:00,4442.114671936637,4459.672437438363,4389.441375431459,4450.8935546875,21637,0.0,0.0
2017-07-24 00:00:00+09:00,4450.893162369039,4582.576392024927,4433.335398414921,4556.23974609375,14531,0.0,0.0
2017-07-25 00:00:00+09:00,4556.239939352294,4617.692115798279,4556.239939352294,4591.35546875,7798,0.0,0.0
2017-07-26 00:00:00+09:00,4626.471755832725,4626.471755832725,4494.7884990253415,4503.5673828125,9550,0.0,0.0
2017-07-27 00:00:00+09:00,4503.567010474481,4565.019191903958,4486.009244351774,4547.46142578125,5814,0.0,0.0
2017-07-28 00:00:00+09:00,4547.46138381958,4556.240266799927,4406.999256134033,4494.7880859375,13939,0.0,0.0
2017-07-31 00:00:00+09:00,4494.787787787788,4503.566670185811,4385.0517578125,4385.0517578125,13638,0.0,0.0
2017-08-01 00:00:00+09:00,4385.052377666542,4424.557354041916,4363.105168569112,4398.220703125,7200,0.0,0.0
2017-08-02 00:00:00+09:00,4398.220258182322,4450.8935546875,4363.10472717887,4450.8935546875,6276,0.0,0.0
2017-08-03 00:00:00+09:00,4450.893628991169,4450.893628991169,4376.2731243631115,4442.11474609375,2018,0.0,0.0
2017-08-04 00:00:00+09:00,4380.662899467889,4494.788385826771,4380.662899467889,4459.6728515625,2404,0.0,0.0
2017-08-07 00:00:00+09:00,4459.673230150348,4459.673230150348,4389.442155659791,4415.77880859375,5288,0.0,0.0
2017-08-08 00:00:00+09:00,4415.77843373216,4477.230618694636,4389.441783033956,4459.6728515625,3355,0.0,0.0
2017-08-09 00:00:00+09:00,4459.672554016113,4512.345851898193,4433.335905075073,4494.7880859375,4887,0.0,0.0
2017-08-10 00:00:00+09:00,4494.7880859375,4503.566968917847,4389.44149017334,4494.7880859375,6628,0.0,0.0
2017-08-11 00:00:00+09:00,4486.009085690951,4486.009085690951,4389.441375431459,4450.8935546875,3430,0.0,0.0
2017-08-14 00:00:00+09:00,4450.8935546875,4459.672437438363,4398.220258182322,4450.8935546875,868,0.0,0.0
2017-08-16 00:00:00+09:00,4450.892838209503,4450.892838209503,4297.262414799904,4301.65185546875,28231,0.0,0.0
2017-08-17 00:00:00+09:00,4301.652740694514,4389.44157213726,4284.094974405965,4341.15771484375,10979,0.0,0.0
2017-08-18 00:00:00+09:00,4341.157374286167,4358.715139197335,4270.926314641498,4323.599609375,7099,0.0,0.0
2017-08-21 00:00:00+09:00,4323.599832318533,4345.547039589185,4257.758210506576,4297.26318359375,5163,0.0,0.0
2017-08-22 00:00:00+09:00,4297.263332832532,4297.263332832532,4213.863942307692,4279.70556640625,12496,0.0,0.0
2017-08-23 00:00:00+09:00,4279.705508517236,4301.652716253221,4244.589976139659,4257.75830078125,6713,0.0,0.0
2017-08-24 00:00:00+09:00,4257.75830078125,4301.652716253221,4213.863885309278,4257.75830078125,16773,0.0,0.0
2017-08-25 00:00:00+09:00,4257.758507458483,4266.537390979016,4183.137997533953,4262.14794921875,19249,0.0,0.0
2017-08-28 00:00:00+09:00,4262.1480996921855,4262.1480996921855,4205.085354794144,4244.59033203125,8339,0.0,0.0
2017-08-29 00:00:00+09:00,4244.59033203125,4257.758657776952,4178.74870330274,4244.59033203125,14230,0.0,0.0
2017-08-30 00:00:00+09:00,4178.748573651452,4240.200758558091,4178.748573651452,4231.421875,8643,0.0,0.0
2017-08-31 00:00:00+09:00,4231.4209952696465,4275.31540393427,4148.021618806863,4161.18994140625,10357,0.0,0.0
2017-09-01 00:00:00+09:00,4191.917580086383,4200.696465070858,4121.686500210591,4152.41259765625,19367,0.0,0.0
2017-09-04 00:00:00+09:00,4117.296031274907,4183.137652244122,4090.959382887221,4130.46435546875,9426,0.0,0.0
2017-09-05 00:00:00+09:00,4130.464120540979,4213.86350235849,4121.6852382443985,4187.52685546875,2618,0.0,0.0
2017-09-06 00:00:00+09:00,4187.526324364973,4191.915764956551,4086.56919075869,4104.126953125,5950,0.0,0.0
2017-09-07 00:00:00+09:00,4104.127909451948,4178.748416896528,4069.0123765368508,4077.791259765625,8869,0.0,0.0
2017-09-08 00:00:00+09:00,4108.517578125,4108.517578125,4029.5076246995195,4051.454833984375,11214,0.0,0.0
2017-09-11 00:00:00+09:00,4051.4540938816713,4090.959063377809,3902.213098007374,3906.6025390625,31167,0.0,0.0
2017-09-12 00:00:00+09:00,3906.6025390625,3941.7180675035115,3858.3186874561097,3906.6025390625,18076,0.0,0.0
2017-09-13 00:00:00+09:00,3906.6025175871673,3906.6025175871673,3788.0876097502533,3792.47705078125,17061,0.0,0.0
2017-09-14 00:00:00+09:00,3792.477669423302,3831.9826451464614,3722.2466014710185,3748.583251953125,19547,0.0,0.0
2017-09-15 00:00:00+09:00,3748.583273446318,3897.824293700621,3687.131088635723,3889.04541015625,12091,0.0,0.0
2017-09-18 00:00:00+09:00,3889.0449134852875,3897.823795908505,3792.4772068298967,3831.982177734375,5959,0.0,0.0
2017-09-19 00:00:00+09:00,3831.982222424523,3910.9921651549257,3757.3617209569206,3884.655517578125,5827,0.0,0.0
2017-09-20 00:00:00+09:00,3884.655836371036,3906.6030444861267,3836.371978517837,3875.876953125,2137,0.0,0.0
2017-09-21 00:00:00+09:00,3875.8768486568547,3875.8768486568547,3739.8041620109175,3744.193603515625,14840,0.0,0.0
2017-09-25 00:00:00+09:00,3643.2363061997494,3652.0151888652913,3551.058038211563,3616.899658203125,23276,0.0,0.0
2017-09-26 00:00:00+09:00,3616.899658203125,3616.899658203125,3616.899658203125,3616.899658203125,0,0.0,0.0
2017-09-27 00:00:00+09:00,3511.553066216626,3700.29904352577,3511.553066216626,3616.899658203125,19234,0.0,0.0
2017-09-28 00:00:00+09:00,3568.6159247351943,3612.5103395535857,3507.163743989447,3515.942626953125,8573,0.0,0.0
2017-09-29 00:00:00+09:00,3520.3318769625835,3625.678466796875,3520.3318769625835,3625.678466796875,5120,0.0,0.0
2017-10-10 00:00:00+09:00,3625.679335051892,3625.679335051892,3568.6165852266204,3581.784912109375,1358,0.0,0.0
2017-10-11 00:00:00+09:00,3581.7839255136987,3581.7839255136987,3489.6056627247435,3524.72119140625,7220,0.0,0.0
2017-10-12 00:00:00+09:00,3524.7215099168034,3559.8370417715164,3511.553185471286,3515.942626953125,4194,0.0,0.0
2017-10-13 00:00:00+09:00,3515.9425374348957,3555.447509765625,3502.774213324653,3555.447509765625,1535,0.0,0.0
2017-10-16 00:00:00+09:00,3555.447472738132,3559.8369140625,3476.4375288995066,3559.8369140625,6036,0.0,0.0
2017-10-17 00:00:00+09:00,3555.4473161578476,3555.4473161578476,3489.6056991919613,3520.331787109375,4873,0.0,0.0
2017-10-18 00:00:00+09:00,3520.331750321062,3555.447279002569,3467.6584572988017,3524.72119140625,5069,0.0,0.0
2017-10-19 00:00:00+09:00,3520.3321057128906,3520.3321057128906,3463.2693658447265,3511.55322265625,3617,0.0,0.0
2017-10-20 00:00:00+09:00,3511.5530303030305,3511.5530303030305,3472.0480587121215,3476.4375,4617,0.0,0.0
2017-10-23 00:00:00+09:00,3467.658712875903,3493.995361328125,3454.4903886497923,3493.995361328125,25004,0.0,0.0
2017-10-24 00:00:00+09:00,3493.9952280205707,3515.9424342267303,3467.6585805731797,3480.826904296875,10730,0.0,0.0
2017-10-25 00:00:00+09:00,3480.827090190752,3498.3848560933534,3450.1009998611994,3458.8798828125,6486,0.0,0.0
2017-10-26 00:00:00+09:00,3458.8798086431966,3489.6058983138846,3423.7642775909812,3467.65869140625,7116,0.0,0.0
2017-10-27 00:00:00+09:00,3467.6589759873464,3590.5633447565183,3432.5434420532974,3577.39501953125,10317,0.0,0.0
2017-10-30 00:00:00+09:00,3612.510449902458,3924.160804632804,3581.7843585910155,3761.75146484375,62490,0.0,0.0
2017-10-31 00:00:00+09:00,3761.7508543480667,3761.7508543480667,3665.18315446982,3717.8564453125,8611,0.0,0.0
2017-11-01 00:00:00+09:00,3726.6357421875,3731.025183579947,3660.7941213007953,3726.6357421875,10415,0.0,0.0
2017-11-02 00:00:00+09:00,3726.6358949888004,3836.3719342994245,3687.1309208369753,3766.140869140625,5327,0.0,0.0
2017-11-03 00:00:00+09:00,3766.140690215647,3897.8239311322777,3731.025159304545,3845.150634765625,17653,0.0,0.0
2017-11-06 00:00:00+09:00,3845.1508211646096,3845.1508211646096,3757.3619896311707,3823.20361328125,4314,0.0,0.0
2017-11-07 00:00:00+09:00,3823.2031986074153,3823.2031986074153,3748.5826998975117,3814.42431640625,4321,0.0,0.0
2017-11-08 00:00:00+09:00,3814.4252342302416,3897.8246352088086,3757.362486192275,3849.540771484375,5008,0.0,0.0
2017-11-09 00:00:00+09:00,3875.876820512251,3889.0451449307525,3814.424639892578,3862.70849609375,9581,0.0,0.0
2017-11-10 00:00:00+09:00,3867.097937566584,3867.097937566584,3823.2035228382456,3862.70849609375,10407,0.0,0.0
2017-11-13 00:00:00+09:00,3862.708528796189,3875.8768533261764,3774.919698596276,3801.25634765625,11729,0.0,0.0
2017-11-14 00:00:00+09:00,3801.2561180105868,3818.8138829898503,3766.1405880520592,3770.530029296875,10757,0.0,0.0
2017-11-15 00:00:00+09:00,3744.1933803604534,3871.4871764102227,3581.7840543659204,3625.678466796875,36714,0.0,0.0
2017-11-16 00:00:00+09:00,3625.6787314781777,3748.5830952570986,3568.61599115225,3652.015380859375,18844,0.0,0.0
2017-11-17 00:00:00+09:00,3652.015718450957,3704.689022082461,3599.3424148194526,3669.573486328125,17977,0.0,0.0
2017-11-20 00:00:00+09:00,3665.183411693245,3976.833737717461,3603.7312347307234,3831.982177734375,53847,0.0,0.0
2017-11-21 00:00:00+09:00,3831.9825368948186,3937.3291358472534,3831.9825368948186,3875.876953125,31439,0.0,0.0
2017-11-22 00:00:00+09:00,3836.371743338449,3968.0549839564733,3836.371743338449,3932.939453125,24370,0.0,0.0
2017-11-23 00:00:00+09:00,3950.4975960702864,4169.969684740858,3910.9926201095836,3946.108154296875,49985,0.0,0.0
2017-11-24 00:00:00+09:00,3950.497314453125,4073.401675347222,3950.497314453125,3950.497314453125,16468,0.0,0.0
2017-11-27 00:00:00+09:00,4020.72905312815,4415.778850924585,3941.7190935688636,4354.32666015625,287354,0.0,0.0
2017-11-28 00:00:00+09:00,4301.652757446538,4389.441589231161,4262.147783143458,4310.431640625,66275,0.0,0.0
2017-11-29 00:00:00+09:00,4284.094950064433,4310.431599347616,4134.853937459729,4257.75830078125,78801,0.0,0.0
2017-11-30 00:00:00+09:00,4257.759071247743,4284.095725296698,4165.580782076399,4253.36962890625,30679,0.0,0.0
2017-12-01 00:00:00+09:00,4253.369541713169,4270.927310719209,4165.5806966829705,4178.7490234375,21259,0.0,0.0
2017-12-04 00:00:00+09:00,4121.685668569711,4314.821099258814,4121.685668569711,4279.70556640625,28305,0.0,0.0
2017-12-05 00:00:00+09:00,4284.095215818364,4406.999586763972,4244.590239442989,4398.220703125,73858,0.0,0.0
2017-12-06 00:00:00+09:00,4358.715481132299,4398.220455281535,4301.652740694514,4341.15771484375,9347,0.0,0.0
2017-12-07 00:00:00+09:00,4380.662992362704,4380.662992362704,4240.200852327026,4306.04248046875,4774,0.0,0.0
2017-12-08 00:00:00+09:00,4314.821174645105,4314.821174645105,4213.864015930113,4270.9267578125,5614,0.0,0.0
2017-12-11 00:00:00+09:00,4218.253643447317,4270.92694596695,4126.075364037958,4191.9169921875,8915,0.0,0.0
2017-12-12 00:00:00+09:00,4218.2532531989455,4284.094875257201,4161.19051408179,4266.537109375,4515,0.0,0.0
2017-12-13 00:00:00+09:00,4266.537241586539,4327.989424078525,4165.580084635417,4279.70556640625,10159,0.0,0.0
2017-12-14 00:00:00+09:00,4284.094925742575,4433.3359375,4240.200510519802,4433.3359375,29568,0.0,0.0
2017-12-15 00:00:00+09:00,4450.893287295387,4591.355402870784,4424.556640625,4424.556640625,48975,0.0,0.0
2017-12-18 00:00:00+09:00,4477.230202940089,4512.34573394354,4380.662492680596,4450.8935546875,9420,0.0,0.0
2017-12-19 00:00:00+09:00,4477.230319976807,4494.7880859375,4363.1048412323,4494.7880859375,13360,0.0,0.0
2017-12-21 00:00:00+09:00,4459.672586633663,4477.230352722772,4354.32599009901,4433.3359375,15998,0.0,0.0
2017-12-22 00:00:00+09:00,4450.893671035767,4494.7880859375,4398.2203731536865,4494.7880859375,11019,0.0,0.0
2017-12-26 00:00:00+09:00,4503.566968917847,4512.345851898193,4389.44149017334,4494.7880859375,7815,0.0,0.0
2017-12-27 00:00:00+09:00,4543.789762785486,4579.427329552431,4472.514629251596,4534.88037109375,4645,75.0,0.0
2017-12-28 00:00:00+09:00,4534.880306567431,4534.880306567431,4387.8753457455,4517.0615234375,25738,0.0,0.0
2018-01-02 00:00:00+09:00,4517.0615234375,4552.699089697362,4454.695782482741,4517.0615234375,14132,0.0,0.0
2018-01-03 00:00:00+09:00,4517.061885522801,4517.061885522801,4387.875697475305,4481.42431640625,10546,0.0,0.0
2018-01-04 00:00:00+09:00,4481.424511228015,4481.424511228015,4378.966495563756,4432.4228515625,3792,0.0,0.0
2018-01-05 00:00:00+09:00,4432.4218359375,4454.6953125,4321.054453125,4454.6953125,19006,0.0,0.0
2018-01-08 00:00:00+09:00,4454.696163054436,4454.696163054436,4361.147543630293,4419.05859375,12004,0.0,0.0
2018-01-09 00:00:00+09:00,4419.058317550505,4419.058317550505,4321.0550080887,4410.14892578125,17684,0.0,0.0
2018-01-10 00:00:00+09:00,4352.238194180598,4410.14924487082,4312.145928318136,4396.78515625,12657,0.0,0.0
2018-01-11 00:00:00+09:00,4401.23912627551,4414.603212691327,4267.598262117347,4365.6015625,10656,0.0,0.0
2018-01-12 00:00:00+09:00,4365.601668236083,4365.601668236083,4285.417147799094,4361.14697265625,12788,0.0,0.0
2018-01-15 00:00:00+09:00,4361.1472227138765,4370.056614384384,4227.50634765625,4227.50634765625,13270,0.0,0.0
2018-01-16 00:00:00+09:00,4272.053282912234,4272.053282912234,4178.50467087766,4187.4140625,4436,0.0,0.0
2018-01-17 00:00:00+09:00,4187.4140625,4196.32345412234,4116.138929521277,4187.4140625,5771,0.0,0.0
2018-01-18 00:00:00+09:00,4187.41401589615,4187.41401589615,4062.682534571584,4107.2294921875,22696,0.0,0.0
2018-01-19 00:00:00+09:00,4107.2291820916735,4138.4120500685085,4062.682227839052,4089.410400390625,5443,0.0,0.0
2018-01-22 00:00:00+09:00,4089.4099398169833,4174.049143364394,4053.7723804286,4160.68505859375,3231,0.0,0.0
2018-01-23 00:00:00+09:00,4160.686706155854,4214.14306640625,4080.502165780259,4214.14306640625,8207,0.0,0.0
2018-01-24 00:00:00+09:00,4214.141839298596,4245.32470703125,4169.594885394806,4245.32470703125,3845,0.0,0.0
2018-01-25 00:00:00+09:00,4245.32542775472,4276.50830078125,4200.778466288249,4276.50830078125,2677,0.0,0.0
2018-01-26 00:00:00+09:00,4276.50830078125,4280.962996927897,4214.14255472819,4276.50830078125,4648,0.0,0.0
2018-01-29 00:00:00+09:00,4272.053604634602,4289.872389221191,4236.416035461426,4276.50830078125,8256,0.0,0.0
2018-01-30 00:00:00+09:00,4276.507666925466,4312.145230816512,4249.779494007182,4303.23583984375,10244,0.0,0.0
2018-01-31 00:00:00+09:00,4303.23583984375,4312.145230816512,4258.688884979943,4303.23583984375,3750,0.0,0.0
2018-02-01 00:00:00+09:00,4303.236244076588,4396.784858078253,4303.236244076588,4347.783203125,14427,0.0,0.0
2018-02-02 00:00:00+09:00,4347.783798076924,4361.147887620193,4276.508653846154,4343.3291015625,10852,0.0,0.0
2018-02-05 00:00:00+09:00,4338.8742364326135,4338.8742364326135,4245.325613265175,4329.96484375,11488,0.0,0.0
2018-02-06 00:00:00+09:00,4329.964143913629,4570.517707464387,4223.0514490021815,4338.87353515625,55853,0.0,0.0
2018-02-07 00:00:00+09:00,4338.873978605289,4481.424253056387,4307.691106069112,4463.60546875,16199,0.0,0.0
2018-02-08 00:00:00+09:00,4463.605298658033,4517.0616495401655,4325.509725545859,4450.2412109375,37414,0.0,0.0
2018-02-09 00:00:00+09:00,4383.421024445564,4463.6055553805445,4343.328758978075,4419.05859375,8302,0.0,0.0
2018-02-12 00:00:00+09:00,4419.058861746362,4419.058861746362,4276.508575883576,4285.41796875,11286,0.0,0.0
2018-02-13 00:00:00+09:00,4285.417607321198,4329.964567896262,4249.780038861147,4321.05517578125,13742,0.0,0.0
2018-02-14 00:00:00+09:00,4272.053791313015,4365.602414480452,4249.780309606482,4329.96484375,22637,0.0,0.0
2018-02-19 00:00:00+09:00,4321.055282104618,4321.055282104618,4258.689535764964,4316.6005859375,3070,0.0,0.0
2018-02-20 00:00:00+09:00,4316.600605408838,4365.602263468175,4240.870770226227,4356.69287109375,17489,0.0,0.0
2018-02-21 00:00:00+09:00,4365.602263468175,4365.602263468175,4276.508339723927,4356.69287109375,5192,0.0,0.0
2018-02-22 00:00:00+09:00,4356.692171556122,4365.6015625,4285.417044005102,4365.6015625,4180,0.0,0.0
2018-02-23 00:00:00+09:00,4365.60140625,4454.6953125,4329.96384375,4454.6953125,19859,0.0,0.0
2018-02-26 00:00:00+09:00,4463.605744016123,4472.51513671875,4365.602424287226,4472.51513671875,5615,0.0,0.0
2018-02-27 00:00:00+09:00,4472.514971961274,4472.514971961274,4289.872428285564,4356.69287109375,17940,0.0,0.0
2018-02-28 00:00:00+09:00,4352.238194180598,4396.78515625,4280.963054869554,4396.78515625,4322,0.0,0.0
2018-03-02 00:00:00+09:00,4396.784456659979,4450.240802637608,4321.054633191671,4405.69384765625,12456,0.0,0.0
2018-03-05 00:00:00+09:00,4405.693913055451,4508.151911033485,4356.692261848565,4423.5126953125,10429,0.0,0.0
2018-03-06 00:00:00+09:00,4427.967390876763,4441.33147756955,4365.6016529770895,4423.5126953125,10161,0.0,0.0
2018-03-07 00:00:00+09:00,4423.512865916792,4463.605127541416,4392.329995764308,4436.876953125,9083,0.0,0.0
2018-03-08 00:00:00+09:00,4450.241295855978,4517.061735733696,4401.239639945652,4508.15234375,19819,0.0,0.0
2018-03-09 00:00:00+09:00,4508.152257726477,4508.152257726477,4361.147292800613,4450.2412109375,23582,0.0,0.0
2018-03-12 00:00:00+09:00,4450.240373752068,4882.345795427694,4392.329337857396,4713.0673828125,237681,0.0,0.0
2018-03-13 00:00:00+09:00,4695.249434297579,5051.625102934966,4597.246125422297,4944.71240234375,451530,0.0,0.0
2018-03-14 00:00:00+09:00,4944.71240234375,5309.9974626970725,4873.437268616272,4944.71240234375,562355,0.0,0.0
2018-03-15 00:00:00+09:00,4980.3500336624775,4998.168817324955,4757.615237881508,4962.53125,167241,0.0,0.0
2018-03-16 00:00:00+09:00,4962.531588309152,5140.719437081473,4873.437663922991,4989.259765625,176812,0.0,0.0
2018-03-19 00:00:00+09:00,5078.35327808277,5211.994153821791,4828.890310036599,4944.71240234375,237783,0.0,0.0
2018-03-20 00:00:00+09:00,4873.436679832984,4989.258758147113,4730.886429600209,4784.3427734375,130341,0.0,0.0
2018-03-21 00:00:00+09:00,4811.071823758317,4855.618785089413,4588.33701710284,4686.34033203125,144914,0.0,0.0
2018-03-22 00:00:00+09:00,4686.340314797794,4739.79666819853,4472.514901194853,4543.7900390625,74290,0.0,0.0
2018-03-23 00:00:00+09:00,4481.423668220029,4739.796006944444,4481.423668220029,4570.517578125,100534,0.0,0.0
2018-03-26 00:00:00+09:00,4525.97073667104,4704.158560949427,4525.97073667104,4668.52099609375,37134,0.0,0.0
2018-03-27 00:00:00+09:00,4819.980696858876,4846.7088707786115,4686.339827260202,4748.70556640625,72858,0.0,0.0
2018-03-28 00:00:00+09:00,4686.339811197917,5007.077897135417,4686.339811197917,4811.0712890625,150917,0.0,0.0
2018-03-29 00:00:00+09:00,4864.52763671875,4900.165201822917,4775.433723958334,4811.0712890625,70303,0.0,0.0
2018-03-30 00:00:00+09:00,4891.255473356427,4989.258770636792,4704.158269457547,4721.97705078125,77922,0.0,0.0
2018-04-02 00:00:00+09:00,4730.886163087784,4793.251894051276,4597.245311023157,4713.0673828125,52717,0.0,0.0
2018-04-03 00:00:00+09:00,4704.158681441327,5238.72216796875,4641.79294134646,5238.72216796875,195781,0.0,0.0
2018-04-04 00:00:00+09:00,5684.19155690927,5826.741815389753,4793.25244140625,4793.25244140625,566542,0.0,0.0
2018-04-05 00:00:00+09:00,4882.346829352251,4882.346829352251,4650.70263671875,4650.70263671875,92591,0.0,0.0
2018-04-06 00:00:00+09:00,4650.702463086321,4811.071513537573,4534.88037109375,4534.88037109375,98864,0.0,0.0
2018-04-09 00:00:00+09:00,4561.608546168958,4641.793071394584,4454.695845868124,4534.88037109375,58094,0.0,0.0
2018-04-10 00:00:00+09:00,4525.971326207822,4561.608895705522,4338.8740863449,4356.69287109375,81568,0.0,0.0
2018-04-11 00:00:00+09:00,4356.692824498323,4525.971277801938,4329.96464766091,4481.42431640625,52970,0.0,0.0
2018-04-12 00:00:00+09:00,4490.333088051102,4517.061261194263,4423.512655193199,4445.7861328125,31783,0.0,0.0
2018-04-13 00:00:00+09:00,4508.152062646028,4766.5244140625,4432.422235506717,4766.5244140625,92990,0.0,0.0
2018-04-16 00:00:00+09:00,4900.165089724956,5069.443520097272,4802.161787930457,4980.349609375,144532,0.0,0.0
2018-04-17 00:00:00+09:00,5060.534709434575,5211.99437503385,4926.8938280234515,5140.71923828125,188767,0.0,0.0
2018-04-18 00:00:00+09:00,5808.923111979167,6682.04345703125,5194.175113932292,6682.04345703125,2636252,0.0,0.0
2018-04-19 00:00:00+09:00,7127.513170929395,7653.167267285437,6147.480109926603,6183.11767578125,2202536,0.0,0.0
2018-04-20 00:00:00+09:00,6031.658222802006,6111.842748659049,5595.098026469216,5969.29248046875,836374,0.0,0.0
2018-04-23 00:00:00+09:00,6156.389698413727,7216.6073165197095,5978.201863437932,6441.490234375,4028711,0.0,0.0
2018-04-24 00:00:00+09:00,6477.1278013701585,6584.040502355636,6120.752131418568,6441.490234375,665324,0.0,0.0
2018-04-25 00:00:00+09:00,6494.946455407019,7029.509949679202,6290.0304492693485,6878.05029296875,1464884,0.0,0.0
2018-04-26 00:00:00+09:00,6788.95595937942,6842.412305516265,6263.30188903377,6298.939453125,477236,0.0,0.0
2018-04-27 00:00:00+09:00,6459.309004217505,6717.681364386205,5951.47367561006,6708.77197265625,879113,0.0,0.0
2018-04-30 00:00:00+09:00,6842.412809647979,7118.603951704083,6486.037142478814,6833.50341796875,1347394,0.0,0.0
2018-05-02 00:00:00+09:00,6984.963186857327,7350.2482514761405,6699.862648618252,6931.5068359375,951288,0.0,0.0
2018-05-03 00:00:00+09:00,7323.519790097892,7323.519790097892,6503.855774661145,6655.3154296875,603887,0.0,0.0
2018-05-04 00:00:00+09:00,6601.858707989387,7082.9658203125,6521.674189268868,7082.9658203125,408669,0.0,0.0
2018-05-08 00:00:00+09:00,6771.1377963362065,6860.231714709052,6227.664894261853,6459.30908203125,270131,0.0,0.0
2018-05-09 00:00:00+09:00,6459.308207136375,6575.130285333304,5844.560253629603,6290.02978515625,197925,0.0,0.0
2018-05-10 00:00:00+09:00,6236.57462827621,6334.577943863407,5978.202250819053,6076.20556640625,267676,0.0,0.0
2018-05-11 00:00:00+09:00,6120.752335949057,6156.389904135078,5684.1921256703035,6022.7490234375,172520,0.0,0.0
2018-05-14 00:00:00+09:00,6094.023191284526,6290.02978515625,5960.382331826531,6290.02978515625,234905,0.0,0.0
2018-05-15 00:00:00+09:00,6503.855762797824,6637.496634636136,6254.392802032977,6450.3994140625,335532,0.0,0.0
2018-05-16 00:00:00+09:00,5586.188668635219,6370.215148443671,5541.641709555193,5639.64501953125,319198,0.0,0.0
2018-05-17 00:00:00+09:00,5693.101091215882,5844.560744659811,5372.363001569917,5630.7353515625,139219,0.0,0.0
2018-05-18 00:00:00+09:00,5630.7356079101555,5791.10466003418,5434.728988647461,5702.0107421875,89986,0.0,0.0
2018-05-21 00:00:00+09:00,5693.100892478285,5693.100892478285,5523.822462185502,5577.27880859375,60059,0.0,0.0
2018-05-23 00:00:00+09:00,5550.550584196464,5639.6444940551555,5238.721899691045,5497.09423828125,101560,0.0,0.0
2018-05-24 00:00:00+09:00,5479.276004253617,5550.551139268299,5220.903639825398,5309.99755859375,95806,0.0,0.0
2018-05-25 00:00:00+09:00,4606.155289713542,4926.893375651042,4606.155289713542,4811.0712890625,199292,0.0,0.0
2018-05-28 00:00:00+09:00,5327.8161328125,5906.926582031249,5211.994042968749,5791.1044921875,388263,0.0,0.0
2018-05-29 00:00:00+09:00,5782.194818696991,5782.194818696991,5399.091001741721,5514.9130859375,116964,0.0,0.0
2018-05-30 00:00:00+09:00,5514.912730057211,5577.278463676597,5158.537109375,5158.537109375,91734,0.0,0.0
2018-05-31 00:00:00+09:00,5167.447094400074,6494.94643416837,5167.447094400074,5996.0205078125,1313930,0.0,0.0
2018-06-01 00:00:00+09:00,5969.292154947917,5987.110937500001,5657.463460286459,5880.1982421875,224191,0.0,0.0
2018-06-04 00:00:00+09:00,5978.201317336031,6085.114008555155,5702.010198353293,5951.47314453125,140222,0.0,0.0
2018-06-05 00:00:00+09:00,5951.473628749133,7118.603936183469,5817.832753852072,6423.67138671875,2123560,0.0,0.0
2018-06-07 00:00:00+09:00,6628.586920968883,6851.321696539074,6298.939453125,6298.939453125,572866,0.0,0.0
2018-06-08 00:00:00+09:00,6263.302564538044,6584.040675951087,6138.571076766305,6557.3125,299565,0.0,0.0
2018-06-11 00:00:00+09:00,6673.134295769457,6682.043687352594,6396.943156692217,6610.7685546875,296311,0.0,0.0
2018-06-12 00:00:00+09:00,6512.7651415945975,6575.130881664586,6067.295569666102,6245.4833984375,347755,0.0,0.0
2018-06-14 00:00:00+09:00,6102.933389632428,6111.84278144211,5434.72900390625,5434.72900390625,147004,0.0,0.0
2018-06-15 00:00:00+09:00,5390.182029724121,5702.0107421875,5345.635070800781,5702.0107421875,100011,0.0,0.0
2018-06-18 00:00:00+09:00,5621.825439854013,5773.285079279556,5425.81884765625,5425.81884765625,64481,0.0,0.0
2018-06-19 00:00:00+09:00,5390.1822367727655,5693.101569087268,5238.722570615514,5283.26953125,60750,0.0,0.0
2018-06-20 00:00:00+09:00,5390.181852429118,5434.7288098872095,5140.718890663804,5381.2724609375,52140,0.0,0.0
2018-06-21 00:00:00+09:00,5381.27269101767,5434.729042252945,5078.353367351112,5105.08154296875,47982,0.0,0.0
2018-06-22 00:00:00+09:00,5105.080836461243,5158.537180298534,4730.886429600209,4784.3427734375,79411,0.0,0.0
2018-06-25 00:00:00+09:00,4641.792587365202,4864.52735643263,4588.336242789019,4802.16162109375,78080,0.0,0.0
2018-06-26 00:00:00+09:00,4721.9781697193,4784.343919130687,4525.971528712084,4552.69970703125,41878,0.0,0.0
2018-06-27 00:00:00+09:00,4570.517910908976,4606.155477465771,4374.511294846602,4392.330078125,75090,0.0,0.0
2018-06-28 00:00:00+09:00,4280.96337890625,4432.4230614065755,4231.96171692085,4280.96337890625,46838,0.0,0.0
2018-06-29 00:00:00+09:00,4280.963227927869,4414.604119538521,4227.506871283609,4307.69140625,26233,0.0,0.0
2018-07-02 00:00:00+09:00,4267.5981964991,4347.782713761087,3964.6789090649254,4018.13525390625,75518,0.0,0.0
2018-07-03 00:00:00+09:00,4009.22592870447,4116.138620136589,3969.1336694174256,4035.9541015625,30952,0.0,0.0
2018-07-04 00:00:00+09:00,4125.048011089266,4240.870093474062,3991.407146799117,4035.9541015625,42685,0.0,0.0
2018-07-05 00:00:00+09:00,4080.501349921068,4080.501349921068,3826.5836895002153,3880.0400390625,54418,0.0,0.0
2018-07-06 00:00:00+09:00,3880.0394929868985,4053.7726046131775,3804.3096750985205,4027.04443359375,38232,0.0,0.0
2018-07-09 00:00:00+09:00,3929.0416029283215,3991.4073426573427,3577.120643028846,3822.12890625,81464,0.0,0.0
2018-07-10 00:00:00+09:00,3822.128720826741,3880.039762051388,3777.58176603855,3871.13037109375,35924,0.0,0.0
2018-07-11 00:00:00+09:00,3871.130446297782,4044.863573346819,3862.221055167062,3991.4072265625,37506,0.0,0.0
2018-07-12 00:00:00+09:00,3964.679308439556,4062.6826171875,3933.496437474301,4062.6826171875,29939,0.0,0.0
2018-07-13 00:00:00+09:00,4107.229457236842,4231.9609375,4009.2261513157896,4231.9609375,58375,0.0,0.0
2018-07-16 00:00:00+09:00,4227.5062777504745,4227.5062777504745,4080.5013176179505,4107.2294921875,25478,0.0,0.0
2018-07-17 00:00:00+09:00,4022.5906704439976,4156.23155650526,4004.771885635829,4049.31884765625,18557,0.0,0.0
2018-07-18 00:00:00+09:00,4049.318779150278,4049.318779150278,3835.493365069735,3857.766845703125,21578,0.0,0.0
2018-07-19 00:00:00+09:00,3857.7667289402175,3915.6777768342395,3786.4915930706525,3790.9462890625,21156,0.0,0.0
2018-07-20 00:00:00+09:00,3741.9445580437723,3880.0401310191974,3697.3975990194417,3701.852294921875,22835,0.0,0.0
2018-07-23 00:00:00+09:00,3737.489813155162,3737.489813155162,3385.5688414754745,3519.209716796875,35667,0.0,0.0
2018-07-24 00:00:00+09:00,3407.8426593282948,3831.038806565142,3407.8426593282948,3688.488525390625,63050,0.0,0.0
2018-07-25 00:00:00+09:00,3684.0335330054872,3764.218059721447,3626.1224859328495,3741.944580078125,14501,0.0,0.0
2018-07-26 00:00:00+09:00,3782.037212040674,4053.773690173161,3728.5808556867423,3951.315673828125,52498,0.0,0.0
2018-07-27 00:00:00+09:00,3951.314497086013,4156.23046875,3741.9438303858524,4156.23046875,88864,0.0,0.0
2018-07-30 00:00:00+09:00,4147.321086630339,4182.958646988064,4027.044320423014,4093.86474609375,47998,0.0,0.0
2018-07-31 00:00:00+09:00,4147.321638997396,4147.321638997396,3848.85703125,3875.585205078125,37742,0.0,0.0
2018-08-01 00:00:00+09:00,3929.0417158647015,3960.2245866255325,3817.6743202903053,3920.13232421875,15549,0.0,0.0
2018-08-02 00:00:00+09:00,3759.7631184895836,3920.1321614583335,3750.853727213542,3875.585205078125,56293,0.0,0.0
2018-08-03 00:00:00+09:00,3893.4040505738385,5033.80615234375,3893.4040505738385,5033.80615234375,2746041,0.0,0.0
2018-08-06 00:00:00+09:00,5238.722702314269,6290.030999717472,5131.8099941037735,5666.37353515625,6956881,0.0,0.0
2018-08-07 00:00:00+09:00,5639.64484390751,5728.7387592930945,5425.8194469821065,5523.82275390625,1021305,0.0,0.0
2018-08-08 00:00:00+09:00,5470.366277597056,5951.473409502986,5203.084537649317,5220.9033203125,2029817,0.0,0.0
2018-08-09 00:00:00+09:00,5274.359902141004,5354.544427680309,5033.806325523086,5149.62841796875,478031,0.0,0.0
2018-08-10 00:00:00+09:00,5220.903168325134,5612.91637550313,4864.527525436047,4980.349609375,1675934,0.0,0.0
2018-08-13 00:00:00+09:00,5051.623900015856,5301.086808658614,4748.704653806792,4828.88916015625,703153,0.0,0.0
2018-08-14 00:00:00+09:00,4935.802654013864,5113.990475458408,4793.252396858229,4980.349609375,340695,0.0,0.0
2018-08-16 00:00:00+09:00,5087.2627422781925,5933.654967350747,5042.715783063848,5372.36328125,4025937,0.0,0.0
2018-08-17 00:00:00+09:00,5301.08772920971,5488.184943181818,5211.993817794421,5390.181640625,494316,0.0,0.0
2018-08-20 00:00:00+09:00,5390.181859245699,5390.181859245699,5113.99072265625,5113.99072265625,266854,0.0,0.0
2018-08-21 00:00:00+09:00,5078.352995572025,5203.08447265625,5042.715430690818,5203.08447265625,188633,0.0,0.0
2018-08-22 00:00:00+09:00,5203.084585084034,5345.634847689076,5096.171888130252,5301.087890625,269924,0.0,0.0
2018-08-23 00:00:00+09:00,5256.54081997806,5479.2756004856055,5203.08447265625,5203.08447265625,224143,0.0,0.0
2018-08-24 00:00:00+09:00,5229.812924011752,5247.631707398505,5096.172048611112,5211.994140625,101958,0.0,0.0
2018-08-27 00:00:00+09:00,4900.164919483419,4989.25882711039,4721.977104229476,4802.16162109375,172421,0.0,0.0
2018-08-28 00:00:00+09:00,4784.343629365809,4891.25633616728,4525.971254595588,4543.7900390625,139179,0.0,0.0
2018-08-29 00:00:00+09:00,4463.604886239035,4704.158442982456,4410.1485402960525,4570.517578125,124283,0.0,0.0
2018-08-30 00:00:00+09:00,4508.151827298678,4739.79599233774,4508.151827298678,4632.88330078125,85483,0.0,0.0
2018-08-31 00:00:00+09:00,4623.974168257279,4837.7995633212,4454.6957304983425,4704.15869140625,137878,0.0,0.0
2018-09-03 00:00:00+09:00,4811.071157882462,4837.799330981809,4677.430292385728,4775.43359375,115802,0.0,0.0
2018-09-04 00:00:00+09:00,4828.890493075577,5969.292675942133,4730.887180485482,5408.0009765625,4616692,0.0,0.0
2018-09-05 00:00:00+09:00,5425.819528868141,5604.007362328506,5318.906828791921,5479.27587890625,787922,0.0,0.0
2018-09-06 00:00:00+09:00,5612.916726445116,5621.826118074395,5336.7255859375,5336.7255859375,541485,0.0,0.0
2018-09-07 00:00:00+09:00,5336.7252640978395,5514.9130859375,5283.268917545942,5514.9130859375,262866,0.0,0.0
2018-09-10 00:00:00+09:00,5541.642042244005,5746.558066314121,5354.544802875638,5666.37353515625,529037,0.0,0.0
2018-09-11 00:00:00+09:00,5612.916454370471,5675.2821927523655,5470.366195211856,5532.73193359375,327002,0.0,0.0
2018-09-12 00:00:00+09:00,5541.641489681362,5630.735404306464,5345.634877506137,5443.63818359375,150892,0.0,0.0
2018-09-13 00:00:00+09:00,5416.910220286885,5568.369881051485,5416.910220286885,5434.72900390625,109946,0.0,0.0
2018-09-14 00:00:00+09:00,5434.72879213124,5586.188446993913,5399.091226281199,5443.63818359375,121978,0.0,0.0
2018-09-17 00:00:00+09:00,5416.910282258064,5452.547849904499,5247.6318359375,5247.6318359375,110093,0.0,0.0
2018-09-18 00:00:00+09:00,5220.903042416097,6539.49288930617,5211.9936515587315,5541.64111328125,5677907,0.0,0.0
2018-09-19 00:00:00+09:00,5452.54735266644,5497.094308162081,4909.074495619621,4917.98388671875,772628,0.0,0.0
2018-09-20 00:00:00+09:00,4971.44079382945,5042.715930658545,4704.15903072034,4730.88720703125,273885,0.0,0.0
2018-09-21 00:00:00+09:00,4677.430872943328,5229.813185557587,4677.430872943328,4873.4375,582295,0.0,0.0
2018-09-27 00:00:00+09:00,4917.983953606592,5203.08447265625,4891.255779945687,5203.08447265625,176450,0.0,0.0
2018-09-28 00:00:00+09:00,5203.085005482456,5318.907103207237,5024.897162828947,5078.353515625,142168,0.0,0.0
2018-10-01 00:00:00+09:00,5185.266267845099,5612.9170940591275,4953.6220703125,4953.6220703125,606313,0.0,0.0
2018-10-02 00:00:00+09:00,4926.892932996072,5105.080742507685,4855.617809191427,4891.25537109375,98484,0.0,0.0
2018-10-04 00:00:00+09:00,5256.541138764229,5256.541138764229,4998.168777706326,5087.2626953125,136622,0.0,0.0
2018-10-05 00:00:00+09:00,4971.440810032895,5176.35682908443,4891.256280838816,5078.353515625,85947,0.0,0.0
2018-10-08 00:00:00+09:00,5033.806977607835,5167.4478708186625,4926.894263039173,5060.53515625,66644,0.0,0.0
2018-10-10 00:00:00+09:00,4944.712707751604,5105.081768543548,4668.521547498812,4686.34033203125,117086,0.0,0.0
2018-10-11 00:00:00+09:00,4454.696433212058,4632.884290540541,4285.41796875,4285.41796875,102459,0.0,0.0
2018-10-12 00:00:00+09:00,3924.587516966132,4463.60577979576,3924.587516966132,4307.69140625,84669,0.0,0.0
2018-10-15 00:00:00+09:00,4307.691362043467,4508.152697402264,4285.417880336934,4329.96484375,36612,0.0,0.0
2018-10-16 00:00:00+09:00,4365.601966934974,4517.061627012311,4289.872136896307,4410.14892578125,29966,0.0,0.0
2018-10-17 00:00:00+09:00,4517.06134545712,4748.705517019024,4454.6956069596845,4668.52099609375,93720,0.0,0.0
2018-10-18 00:00:00+09:00,4739.796293622325,5078.353171738206,4463.605156212002,4579.42724609375,228324,0.0,0.0
2018-10-19 00:00:00+09:00,4579.426969115497,4659.611488029971,4481.423668220029,4570.517578125,41436,0.0,0.0
2018-10-22 00:00:00+09:00,4508.152517011089,4517.061909337198,4401.239809097782,4419.05859375,31102,0.0,0.0
2018-10-23 00:00:00+09:00,4365.60179144515,4517.061445434064,4294.32666015625,4294.32666015625,48044,0.0,0.0
2018-10-24 00:00:00+09:00,4258.689176739386,4659.611797980542,3929.0416881633255,4013.680908203125,330743,0.0,0.0
2018-10-25 00:00:00+09:00,3964.679734250333,3964.679734250333,3684.0338654213765,3768.673095703125,67146,0.0,0.0
2018-10-26 00:00:00+09:00,3773.1274038226497,4044.863852031837,3559.302001953125,3559.302001953125,64458,0.0,0.0
2018-10-29 00:00:00+09:00,3474.662952709328,3657.3054925312285,3265.292236328125,3265.292236328125,91797,0.0,0.0
2018-10-30 00:00:00+09:00,3029.193197050938,3430.115826072386,3029.193197050938,3323.203125,97767,0.0,0.0
2018-10-31 00:00:00+09:00,3363.295473845109,3559.302097486413,3363.295473845109,3483.572265625,48493,0.0,0.0
2018-11-01 00:00:00+09:00,3528.1191740934823,4147.321907930596,3519.209782239711,3639.486572265625,166259,0.0,0.0
2018-11-02 00:00:00+09:00,3724.1256240087946,3866.675887128749,3666.2145796163136,3862.22119140625,66248,0.0,0.0
2018-11-05 00:00:00+09:00,3866.6762379564807,3933.4966798566506,3777.5823154229215,3857.766845703125,40738,0.0,0.0
2018-11-06 00:00:00+09:00,3835.493415719427,3995.862478397591,3813.219934791904,3906.7685546875,34567,0.0,0.0
2018-11-07 00:00:00+09:00,4000.3171792666863,4169.595634514051,3652.850876390515,3804.310546875,57411,0.0,0.0
2018-11-08 00:00:00+09:00,3875.585512907609,4018.1357846467395,3835.4932489809785,3893.404296875,35999,0.0,0.0
2018-11-09 00:00:00+09:00,3893.4038888436776,3995.8618859185112,3741.9442409939234,3848.85693359375,29735,0.0,0.0
2018-11-12 00:00:00+09:00,3848.8572823660716,3920.1324172247023,3741.944580078125,3741.944580078125,12850,0.0,0.0
2018-11-13 00:00:00+09:00,3697.3972897143285,3773.127113720526,3532.573555112606,3684.033203125,18952,0.0,0.0
2018-11-14 00:00:00+09:00,3608.3036496814684,3701.8522628213586,3581.575474498643,3692.94287109375,19681,0.0,0.0
2018-11-15 00:00:00+09:00,3617.2131039915967,3773.1274619222686,3617.2131039915967,3710.76171875,10314,0.0,0.0
2018-11-16 00:00:00+09:00,3786.4910391455137,3790.9457344856846,3630.576702239522,3773.126953125,16606,0.0,0.0
2018-11-19 00:00:00+09:00,3782.036364505631,3911.2225300776727,3773.1269737765247,3844.402099609375,13853,0.0,0.0
2018-11-20 00:00:00+09:00,3866.67590489449,3866.67590489449,3741.9444240914418,3799.85546875,14150,0.0,0.0
2018-11-21 00:00:00+09:00,3857.7664956837516,3955.76980157872,3750.8537983437864,3862.22119140625,32315,0.0,0.0
2018-11-22 00:00:00+09:00,3902.31385530094,3902.31385530094,3719.671311845074,3733.035400390625,17942,0.0,0.0
2018-11-23 00:00:00+09:00,3737.4900566287156,3817.6745870450645,3635.0320455411584,3652.850830078125,19645,0.0,0.0
2018-11-26 00:00:00+09:00,3795.4011063738567,3808.7651947765817,3652.850830078125,3652.850830078125,11297,0.0,0.0
2018-11-27 00:00:00+09:00,3626.1224645805128,3733.035166238906,3617.2130727756467,3701.852294921875,22403,0.0,0.0
2018-11-28 00:00:00+09:00,3701.8521416591484,3701.8521416591484,3599.3941401451166,3626.122314453125,16154,0.0,0.0
2018-11-29 00:00:00+09:00,3684.0334891437615,3817.67436541258,3652.8506180143704,3661.760009765625,33885,0.0,0.0
2018-11-30 00:00:00+09:00,3724.1257520244067,3724.1257520244067,3661.760009765625,3661.760009765625,8160,0.0,0.0
2018-12-03 00:00:00+09:00,3741.9445062277578,3759.7632895907473,3701.852243661032,3755.30859375,13111,0.0,0.0
2018-12-04 00:00:00+09:00,3755.3087211277175,3946.860648777174,3741.944633152174,3893.404296875,72908,0.0,0.0
2018-12-05 00:00:00+09:00,3884.494114982221,4142.866429969571,3857.7659444662886,4071.59130859375,147821,0.0,0.0
2018-12-06 00:00:00+09:00,4147.321912640643,4147.321912640643,3924.587116043401,3946.860595703125,53996,0.0,0.0
2018-12-07 00:00:00+09:00,4027.0450446647837,5042.715697522716,3946.8605194391575,4534.88037109375,2324932,0.0,0.0
2018-12-10 00:00:00+09:00,4499.242426658163,4499.242426658163,4280.962348533163,4365.6015625,368627,0.0,0.0
2018-12-11 00:00:00+09:00,4361.14674415547,4361.14674415547,4102.7744140625,4102.7744140625,162918,0.0,0.0
2018-12-12 00:00:00+09:00,4035.953823933559,4120.593032161746,3955.7693108752765,4027.04443359375,155087,0.0,0.0
2018-12-13 00:00:00+09:00,4040.4092646059785,4142.867272418478,4035.9545686141305,4098.3203125,65850,0.0,0.0
2018-12-14 00:00:00+09:00,4102.7742514821275,4156.230593520983,3929.041139855849,4027.04443359375,80490,0.0,0.0
2018-12-17 00:00:00+09:00,3902.3138729888615,4062.682936262376,3893.4044805847775,4049.31884765625,86950,0.0,0.0
2018-12-18 00:00:00+09:00,3933.496592079307,4093.865649061023,3933.496592079307,4004.771728515625,32536,0.0,0.0
2018-12-19 00:00:00+09:00,3964.6791098530525,4044.8636311759233,3964.6791098530525,4040.408935546875,32519,0.0,0.0
2018-12-20 00:00:00+09:00,4040.4087568194554,4249.77944212322,3978.0430207715253,4223.05126953125,149497,0.0,0.0
2018-12-21 00:00:00+09:00,4205.2328042328045,4249.7797619047615,4133.957671957672,4209.6875,53169,0.0,0.0
2018-12-24 00:00:00+09:00,4187.414377848307,4294.327085367839,4133.958024088542,4276.50830078125,60636,0.0,0.0
2018-12-26 00:00:00+09:00,4147.321086630339,4231.960292479937,3995.861455110004,4093.86474609375,55572,0.0,0.0
2018-12-27 00:00:00+09:00,4188.965922388537,4256.895099508351,4121.036745268723,4202.5517578125,26865,75.0,0.0
2018-12-28 00:00:00+09:00,4202.55217604712,4324.82470703125,4175.380502495092,4324.82470703125,50504,0.0,0.0
2019-01-02 00:00:00+09:00,4374.6390065160285,4460.682630867794,4166.322863348599,4202.5517578125,75765,0.0,0.0
2019-01-03 00:00:00+09:00,4265.953614307051,4370.111717416458,4116.509379410943,4311.23974609375,84955,0.0,0.0
2019-01-04 00:00:00+09:00,4306.71093595154,4306.71093595154,4093.8661262883193,4284.06787109375,20276,0.0,0.0
2019-01-07 00:00:00+09:00,4338.410244561645,4338.410244561645,4238.780781742902,4306.7099609375,31993,0.0,0.0
2019-01-08 00:00:00+09:00,4342.93900039102,4773.157149543415,4306.710103620292,4478.79736328125,609837,0.0,0.0
2019-01-09 00:00:00+09:00,4483.326563681326,4646.356620542465,4438.040436775454,4492.3837890625,157288,0.0,0.0
2019-01-10 00:00:00+09:00,4519.555039469401,4519.555039469401,4302.181650797526,4347.4677734375,57328,0.0,0.0
2019-01-11 00:00:00+09:00,4397.282073730469,4573.897934570313,4302.181225585938,4528.61181640625,66297,0.0,0.0
2019-01-14 00:00:00+09:00,4564.841317227407,4664.470790420862,4442.568781944529,4610.12744140625,99910,0.0,0.0
2019-01-15 00:00:00+09:00,5017.701572468691,5615.478294098535,4745.984880818762,4791.27099609375,1851332,0.0,0.0
2019-01-16 00:00:00+09:00,4890.901011112364,5370.933888128949,4818.443218355144,5017.7021484375,780902,0.0,0.0
2019-01-17 00:00:00+09:00,5135.446061667983,5135.446061667983,4836.55766654445,5017.7021484375,145406,0.0,0.0
2019-01-18 00:00:00+09:00,5008.645514812948,5244.133369035618,4899.9588128640235,5053.931640625,186657,0.0,0.0
2019-01-21 00:00:00+09:00,5053.9313240470465,5108.274671617445,4899.958505930918,4945.24462890625,56885,0.0,0.0
2019-01-22 00:00:00+09:00,4890.901104063065,5108.274486465868,4836.557758462364,5008.64501953125,94496,0.0,0.0
2019-01-23 00:00:00+09:00,4963.359078096383,5062.9885486421135,4899.958505930918,4945.24462890625,54120,0.0,0.0
2019-01-24 00:00:00+09:00,4963.358382251381,5117.331178781077,4881.843372323895,4918.072265625,62141,0.0,0.0
2019-01-25 00:00:00+09:00,4963.358558768657,4963.358558768657,4836.557427705224,4854.671875,50055,0.0,0.0
2019-01-28 00:00:00+09:00,4881.843710862953,5361.876580391222,4745.9853515625,4745.9853515625,282549,0.0,0.0
2019-01-29 00:00:00+09:00,4800.32897476078,4800.32897476078,4628.241709627846,4673.52783203125,51469,0.0,0.0
2019-01-30 00:00:00+09:00,4637.299047619048,4818.4435416666665,4637.299047619048,4755.04296875,40732,0.0,0.0
2019-01-31 00:00:00+09:00,4755.042862846389,4818.443434351007,4628.241719837152,4718.81396484375,34585,0.0,0.0
2019-02-01 00:00:00+09:00,4773.157289679645,5053.931247896095,4773.157289679645,5044.8740234375,210452,0.0,0.0
2019-02-07 00:00:00+09:00,5153.560513228729,5760.394527967437,5017.702151720063,5389.04833984375,1571503,0.0,0.0
2019-02-08 00:00:00+09:00,5325.64826171875,5696.994484049479,5280.362137044271,5434.3349609375,797969,0.0,0.0
2019-02-11 00:00:00+09:00,5434.334944385593,5561.136093087924,5343.7626953125,5343.7626953125,111367,0.0,0.0
2019-02-12 00:00:00+09:00,5379.991337826377,5869.0814594469575,5198.8468483372735,5506.79248046875,866847,0.0,0.0
2019-02-13 00:00:00+09:00,5470.563416708669,5742.280142704133,5379.991174710181,5615.47900390625,384522,0.0,0.0
2019-02-14 00:00:00+09:00,5561.135805876358,5615.479152513587,5398.105765964674,5416.22021484375,114206,0.0,0.0
2019-02-15 00:00:00+09:00,5343.762711588542,5579.250559895833,5271.304912109375,5434.3349609375,126895,0.0,0.0
2019-02-18 00:00:00+09:00,5579.250542902542,5579.250542902542,5334.705470405191,5343.7626953125,58663,0.0,0.0
2019-02-19 00:00:00+09:00,5352.819212608731,5425.277002288713,5198.846409538767,5271.30419921875,62252,0.0,0.0
2019-02-20 00:00:00+09:00,5271.303994292422,5289.418441008204,5135.445643924061,5244.13232421875,45738,0.0,0.0
2019-02-21 00:00:00+09:00,5171.675176545818,5253.190196841637,4981.473462522242,5090.16015625,90963,0.0,0.0
2019-02-22 00:00:00+09:00,5090.159989519817,5289.418921493902,5090.159989519817,5198.8466796875,37659,0.0,0.0
2019-02-25 00:00:00+09:00,5289.418755332765,5307.533203125,5072.045381825938,5307.533203125,84059,0.0,0.0
2019-02-26 00:00:00+09:00,5389.04821819006,5389.04821819006,5244.132635852176,5307.533203125,60995,0.0,0.0
2019-02-27 00:00:00+09:00,5343.762266577744,5660.765112900152,5171.67500714558,5570.19287109375,305532,0.0,0.0
2019-02-28 00:00:00+09:00,5552.078568449039,5552.078568449039,4492.383311501996,4537.66943359375,390817,0.0,0.0
2019-03-04 00:00:00+09:00,4419.925968035343,4496.912383462188,4302.182038558992,4356.525390625,177530,0.0,0.0
2019-03-05 00:00:00+09:00,4356.525112035085,4438.040134921396,4256.895639618482,4428.98291015625,55894,0.0,0.0
2019-03-06 00:00:00+09:00,4456.154767335766,4465.211992472628,4279.538877166971,4342.939453125,43081,0.0,0.0
2019-03-07 00:00:00+09:00,4288.595969654067,4342.939318794351,4148.208984375,4148.208984375,43132,0.0,0.0
2019-03-08 00:00:00+09:00,4044.0510768316262,4161.79500516043,4039.522464203595,4062.16552734375,34325,0.0,0.0
2019-03-11 00:00:00+09:00,4021.4075420341783,4157.265904940738,4007.821705743522,4107.451171875,18598,0.0,0.0
2019-03-12 00:00:00+09:00,4003.2928168640474,4179.908676431579,4003.2928168640474,4134.62255859375,19414,0.0,0.0
2019-03-13 00:00:00+09:00,4102.922261082849,4161.794214056444,4053.107531643653,4089.33642578125,28972,0.0,0.0
2019-03-14 00:00:00+09:00,4066.693381837007,4175.380064647796,4066.693381837007,4134.62255859375,27569,0.0,0.0
2019-03-15 00:00:00+09:00,4121.036414762514,4148.208083431277,4003.2925171978704,4093.86474609375,86655,0.0,0.0
2019-03-18 00:00:00+09:00,4075.7504963743095,4148.2082829765195,4075.7504963743095,4098.3935546875,15669,0.0,0.0
2019-03-19 00:00:00+09:00,4107.4507860791555,4184.437184495192,4093.8649510645605,4121.03662109375,21736,0.0,0.0
2019-03-20 00:00:00+09:00,4166.323171736265,4202.552068881798,4075.750928872433,4080.279541015625,22369,0.0,0.0
2019-03-21 00:00:00+09:00,4080.2793038812433,4188.965989001276,4071.22208012124,4102.92236328125,12902,0.0,0.0
2019-03-22 00:00:00+09:00,4102.922697854387,4184.43771834156,4053.107963112225,4071.222412109375,22321,0.0,0.0
2019-03-25 00:00:00+09:00,3985.1783326295044,4057.6361204954956,3985.1783326295044,4021.4072265625,11787,0.0,0.0
2019-03-26 00:00:00+09:00,4021.4071875000004,4329.35278293919,3985.1782939189193,4188.9658203125,28999,0.0,0.0
2019-03-27 00:00:00+09:00,4188.966112012987,4225.1950081168825,4125.565543831169,4184.4375,8814,0.0,0.0
2019-03-28 00:00:00+09:00,4175.380306778517,4890.901010109325,4175.380306778517,4297.65283203125,901582,0.0,0.0
2019-03-29 00:00:00+09:00,4256.895246266859,5153.560415161368,4211.609126625723,4700.69921875,2546185,0.0,0.0
2019-04-01 00:00:00+09:00,4664.4706279334005,5135.44630298687,4664.4706279334005,4764.10009765625,970796,0.0,0.0
2019-04-02 00:00:00+09:00,4736.928101060919,4764.099772768726,4592.012518619285,4655.4130859375,191334,0.0,0.0
2019-04-03 00:00:00+09:00,5026.759553173561,5814.738077725092,4909.015635711838,4954.3017578125,3602427,0.0,0.0
2019-04-04 00:00:00+09:00,4990.53065549303,5343.762407878199,4854.672289191042,4954.3017578125,764378,0.0,0.0
2019-04-05 00:00:00+09:00,4972.415475223842,4981.472698311681,4755.042121115695,4836.55712890625,174706,0.0,0.0
2019-04-08 00:00:00+09:00,4845.61521577381,4872.786889880953,4727.871294642858,4755.04296875,109611,0.0,0.0
2019-04-09 00:00:00+09:00,4809.386297785194,4863.729645782767,4619.184579793689,4664.470703125,116654,0.0,0.0
2019-04-10 00:00:00+09:00,4619.184495336493,4755.042862846389,4592.012821834513,4718.81396484375,95354,0.0,0.0
2019-04-11 00:00:00+09:00,4673.5276655717325,4791.271579626835,4673.5276655717325,4782.21435546875,63656,0.0,0.0
2019-04-12 00:00:00+09:00,4782.214318347953,4782.214318347953,4637.29873294347,4646.35595703125,61810,0.0,0.0
2019-04-15 00:00:00+09:00,4664.470512345865,4691.642185233317,4592.012717979328,4682.5849609375,77557,0.0,0.0
2019-04-16 00:00:00+09:00,4655.413351032311,4700.699473124065,4483.326087083646,4537.66943359375,83258,0.0,0.0
2019-04-17 00:00:00+09:00,4546.726658012101,4610.127228940557,4492.383311501996,4537.66943359375,33505,0.0,0.0
2019-04-18 00:00:00+09:00,4673.527713572485,4899.958319850221,4582.95547106139,4592.0126953125,277532,0.0,0.0
2019-04-19 00:00:00+09:00,4582.95524727782,4646.3558139397655,4496.91162109375,4496.91162109375,73695,0.0,0.0
2019-04-22 00:00:00+09:00,4519.554680615874,4546.726352042422,4410.86799490968,4496.91162109375,33020,0.0,0.0
2019-04-23 00:00:00+09:00,4496.9119342306385,4592.012790845788,4428.982750934103,4582.95556640625,43106,0.0,0.0
2019-04-24 00:00:00+09:00,4818.443401834239,5298.476297129755,4582.95556640625,4582.95556640625,682772,0.0,0.0
2019-04-25 00:00:00+09:00,4592.012866950758,4619.184540719697,4483.326171875,4483.326171875,65852,0.0,0.0
2019-04-26 00:00:00+09:00,4447.096876390831,4582.955233103382,4442.5682645004135,4451.62548828125,49696,0.0,0.0
2019-04-29 00:00:00+09:00,4442.568747303969,4505.969320659989,4388.225398713094,4428.98291015625,32486,0.0,0.0
2019-04-30 00:00:00+09:00,4397.282124669099,4478.797138308691,4351.996005980436,4383.6962890625,29932,0.0,0.0
2019-05-02 00:00:00+09:00,4383.696597345977,4524.083575153545,4338.410475472569,4447.09716796875,39548,0.0,0.0
2019-05-03 00:00:00+09:00,4524.083677526174,4524.083677526174,4424.454207150222,4460.68310546875,15229,0.0,0.0
2019-05-07 00:00:00+09:00,4374.639856216755,4524.0840749073905,4356.525405466376,4469.74072265625,22377,0.0,0.0
2019-05-08 00:00:00+09:00,4474.268762903529,4601.069901933183,4451.6257023625185,4524.08349609375,46065,0.0,0.0
2019-05-09 00:00:00+09:00,4592.0132590599405,4637.299385875128,4419.925977162231,4424.45458984375,39542,0.0,0.0
2019-05-10 00:00:00+09:00,4342.938738922575,4451.6254226912315,4234.252055153918,4247.837890625,36021,0.0,0.0
2019-05-13 00:00:00+09:00,4130.094171944599,4225.19502458806,4066.693603515625,4066.693603515625,53509,0.0,0.0
2019-05-14 00:00:00+09:00,4016.878929937293,4207.080638006477,4016.878929937293,4107.451171875,12052,0.0,0.0
2019-05-15 00:00:00+09:00,4044.0511046974525,4265.953125,4044.0511046974525,4265.953125,26956,0.0,0.0
2019-05-16 00:00:00+09:00,4225.195216932654,4320.296073905414,4225.195216932654,4234.25244140625,23806,0.0,0.0
2019-05-17 00:00:00+09:00,4279.5387785205285,4433.511602297986,4265.952941128399,4329.353515625,44091,0.0,0.0
2019-05-20 00:00:00+09:00,4365.58200004992,4419.925344448881,4211.609190919528,4252.36669921875,23629,0.0,0.0
2019-05-21 00:00:00+09:00,4288.595991112347,4438.040201995882,4256.895703955234,4261.42431640625,18725,0.0,0.0
2019-05-22 00:00:00+09:00,4261.424416234938,4306.710541805979,4252.36719112073,4275.01025390625,13930,0.0,0.0
2019-05-23 00:00:00+09:00,4275.00900846641,4275.00900846641,4111.97900390625,4111.97900390625,30436,0.0,0.0
2019-05-24 00:00:00+09:00,4102.922627397017,4107.451239568537,3903.663691850142,3985.1787109375,26003,0.0,0.0
2019-05-27 00:00:00+09:00,3962.5354676734746,4102.922438528192,3958.006855710419,4025.93603515625,11999,0.0,0.0
2019-05-28 00:00:00+09:00,3894.6061340532588,4148.208393945099,3894.6061340532588,4134.62255859375,28596,0.0,0.0
2019-05-29 00:00:00+09:00,4093.864775073488,4148.208112795703,4021.4069914438687,4044.050048828125,9219,0.0,0.0
2019-05-30 00:00:00+09:00,4044.0505847332192,4125.565602118659,3917.24944657809,4039.52197265625,32638,0.0,0.0
2019-05-31 00:00:00+09:00,4039.522062588277,4039.522062588277,3958.007043388065,4007.82177734375,13721,0.0,0.0
2019-06-03 00:00:00+09:00,3976.1216688618647,3976.1216688618647,3921.7783203125,3921.7783203125,8233,0.0,0.0
2019-06-04 00:00:00+09:00,3908.1925267419147,4016.8792250522347,3894.606689453125,3894.606689453125,13782,0.0,0.0
2019-06-05 00:00:00+09:00,3930.834976509112,4007.821375818622,3930.834976509112,3976.12109375,6111,0.0,0.0
2019-06-07 00:00:00+09:00,3976.1211316012595,4102.922261082849,3976.1211316012595,4089.33642578125,14237,0.0,0.0
2019-06-10 00:00:00+09:00,4166.323526883938,4188.966589530047,4116.5087890625,4116.5087890625,6237,0.0,0.0
2019-06-11 00:00:00+09:00,4161.794650723072,4256.8955078125,4148.208813996011,4256.8955078125,15791,0.0,0.0
2019-06-12 00:00:00+09:00,4293.123993972252,4351.995947476091,4152.737027924636,4202.5517578125,35335,0.0,0.0
2019-06-13 00:00:00+09:00,4188.966130753294,4252.36669921875,4080.279441955371,4252.36669921875,11352,0.0,0.0
2019-06-14 00:00:00+09:00,4256.8955078125,4329.35330369016,4220.6666098736705,4256.8955078125,8430,0.0,0.0
2019-06-17 00:00:00+09:00,4270.4810383240465,4297.65270982982,4216.1376953125,4216.1376953125,6371,0.0,0.0
2019-06-18 00:00:00+09:00,4306.710030842135,4306.710030842135,4193.494730346811,4207.08056640625,7436,0.0,0.0
2019-06-19 00:00:00+09:00,4211.610063548824,4338.411226752444,4211.610063548824,4284.06787109375,20798,0.0,0.0
2019-06-20 00:00:00+09:00,4279.538962977707,4302.182026273886,4256.895899681529,4265.953125,8671,0.0,0.0
2019-06-21 00:00:00+09:00,4265.952737475199,4315.7674722015545,4211.609390500992,4279.53857421875,20167,0.0,0.0
2019-06-24 00:00:00+09:00,4501.440778932733,5561.136093087924,4474.269104210805,5343.7626953125,4094191,0.0,0.0
2019-06-25 00:00:00+09:00,5832.852214571796,6412.514546454708,5370.933793852601,5724.16552734375,6574005,0.0,0.0
2019-06-26 00:00:00+09:00,6204.198820767338,7200.493521912457,5796.623715753424,6611.77392578125,9627472,0.0,0.0
2019-06-27 00:00:00+09:00,6439.6864052453675,6711.403131205087,5823.795159736668,5986.8251953125,1932501,0.0,0.0
2019-06-28 00:00:00+09:00,5841.9097433651195,6158.91259765625,5452.449093807444,6158.91259765625,2046988,0.0,0.0
2019-07-01 00:00:00+09:00,6801.975565563174,7698.640786589479,6267.599322729317,6294.77099609375,6821871,0.0,0.0
2019-07-02 00:00:00+09:00,6303.8283842643805,6349.114507714556,5896.253273212804,6140.79833984375,1036684,0.0,0.0
2019-07-03 00:00:00+09:00,6004.939716796875,6086.454735576923,5814.738006310096,5887.19580078125,599320,0.0,0.0
2019-07-04 00:00:00+09:00,5832.852298821885,5932.4817635533145,5597.364473093051,5669.822265625,551427,0.0,0.0
2019-07-05 00:00:00+09:00,5669.822803032107,6158.912948980564,5597.365003632336,5941.53955078125,1010839,0.0,0.0
2019-07-08 00:00:00+09:00,5769.452228961074,5796.623903508772,5162.6181640625,5162.6181640625,588806,0.0,0.0
2019-07-09 00:00:00+09:00,5162.617832066569,5262.247299001187,4918.072776863415,5008.64501953125,243692,0.0,0.0
2019-07-10 00:00:00+09:00,4954.301975795201,5207.904270717076,4890.901402064732,5072.0458984375,201611,0.0,0.0
2019-07-11 00:00:00+09:00,5072.045442921441,5561.13553920315,4990.5304268744885,5533.9638671875,488550,0.0,0.0
2019-07-12 00:00:00+09:00,5398.105656373032,6204.198615126722,5307.533413816437,5751.33740234375,1573609,0.0,0.0
2019-07-15 00:00:00+09:00,5615.478758954527,5724.165444611711,5452.44873046875,5452.44873046875,491412,0.0,0.0
2019-07-16 00:00:00+09:00,5461.506392507041,5488.678066101604,5171.675207498375,5226.0185546875,295681,0.0,0.0
2019-07-17 00:00:00+09:00,5162.617214182035,5189.788883730363,4918.072188247097,4972.41552734375,231617,0.0,0.0
2019-07-18 00:00:00+09:00,4909.015353338068,5162.617622514204,4909.015353338068,4981.47314453125,128854,0.0,0.0
2019-07-19 00:00:00+09:00,4981.473411704009,5343.7623871006645,4981.473411704009,5280.36181640625,294122,0.0,0.0
2019-07-22 00:00:00+09:00,5425.277397286782,6856.31884765625,5216.961236789961,6856.31884765625,4590707,0.0,0.0
2019-07-23 00:00:00+09:00,7698.641498827201,8903.25246276134,7227.665783604832,7662.41259765625,10691478,0.0,0.0
2019-07-24 00:00:00+09:00,7752.983543158468,8423.218101796,6928.7761805096125,7272.95068359375,4432199,0.0,0.0
2019-07-25 00:00:00+09:00,8187.73020503692,9419.512625263713,8151.501310324367,8586.248046875,13066389,0.0,0.0
2019-07-26 00:00:00+09:00,8233.016115587183,8332.645573531581,7499.381016178424,7671.46826171875,1887688,0.0,0.0
2019-07-29 00:00:00+09:00,7390.694289542294,7952.242139973204,7245.778715237543,7816.3837890625,2358881,0.0,0.0
2019-07-30 00:00:00+09:00,7472.2100380012935,7544.667832309185,6946.891029269082,7001.234375,1437158,0.0,0.0
2019-07-31 00:00:00+09:00,7010.291738228888,7073.69230950486,6629.8883105730565,6756.689453125,1644045,0.0,0.0
2019-08-01 00:00:00+09:00,7091.807285853794,7490.325192083127,6711.403829907615,6847.26220703125,3449636,0.0,0.0
2019-08-02 00:00:00+09:00,6521.201455310027,6865.3759765625,6367.228643170763,6865.3759765625,922783,0.0,0.0
2019-08-05 00:00:00+09:00,6838.204335026421,7128.0355121401235,6213.255859375,6213.255859375,1026074,0.0,0.0
2019-08-06 00:00:00+09:00,5796.623523622047,6521.201464074803,5733.222953832431,5751.33740234375,1144753,0.0,0.0
2019-08-07 00:00:00+09:00,5751.33754979135,6294.771019062974,5751.33754979135,5968.7109375,777678,0.0,0.0
2019-08-08 00:00:00+09:00,5968.710608642936,6249.484552296852,5923.424488698755,6186.083984375,550658,0.0,0.0
2019-08-09 00:00:00+09:00,6340.05708582261,6602.716593663832,6023.05423153148,6158.91259765625,635560,0.0,0.0
2019-08-12 00:00:00+09:00,6294.770549075704,6484.972249119718,6213.255534771127,6430.62890625,569417,0.0,0.0
2019-08-13 00:00:00+09:00,6466.857870339324,6521.201213787554,6249.484496546405,6330.99951171875,352008,0.0,0.0
2019-08-14 00:00:00+09:00,6412.5149675833845,8106.215954784081,6349.1143958699895,7399.75244140625,10817935,0.0,0.0
2019-08-16 00:00:00+09:00,7309.18088643637,7589.954873399849,6919.720194841868,7517.4970703125,1811841,0.0,0.0
2019-08-19 00:00:00+09:00,7472.2097964269715,7771.09818828405,7291.06531651359,7580.896484375,1426413,0.0,0.0
2019-08-20 00:00:00+09:00,7490.324309564092,7517.49598178742,7019.348657693073,7109.9208984375,780576,0.0,0.0
2019-08-21 00:00:00+09:00,7019.348550911292,7626.182554667494,7010.291326974631,7073.69189453125,1487963,0.0,0.0
2019-08-22 00:00:00+09:00,7118.978386492769,7227.665079416322,6575.544921875,6575.544921875,507239,0.0,0.0
2019-08-23 00:00:00+09:00,6747.631779748634,8341.70318006509,6702.345660421462,7870.7275390625,11550345,0.0,0.0
2019-08-26 00:00:00+09:00,7707.698045841601,9374.227353050595,7653.354698867394,8559.0771484375,11573195,0.0,0.0
2019-08-27 00:00:00+09:00,8559.077084400615,9283.655038635587,8196.788107283128,8287.3603515625,4311324,0.0,0.0
2019-08-28 00:00:00+09:00,8649.649793150053,10732.8115234375,8649.649793150053,10732.8115234375,11769782,0.0,0.0
2019-08-29 00:00:00+09:00,11366.815919670078,13721.694118167465,10642.238012440113,12997.1162109375,11754410,0.0,0.0
2019-08-30 00:00:00+09:00,12680.11337652439,15125.563813425522,11955.535469294424,12997.1162109375,12352362,0.0,0.0
2019-09-02 00:00:00+09:00,12544.255018918771,13993.4108333787,12498.968899716898,12997.1162109375,4935167,0.0,0.0
2019-09-03 00:00:00+09:00,12861.258614155782,13359.405954844915,11729.105567135028,12136.6806640625,2718125,0.0,0.0
2019-09-04 00:00:00+09:00,12091.3955078125,12453.684511791902,11593.248127340825,12091.3955078125,1719757,0.0,0.0
2019-09-05 00:00:00+09:00,12000.822220725575,12181.96670707615,11457.38876167385,11819.677734375,1281271,0.0,0.0
2019-09-06 00:00:00+09:00,11774.391791254497,14265.128516327562,11593.247302158274,12589.5419921875,12560344,0.0,0.0
2019-09-09 00:00:00+09:00,12589.54178936298,13087.689126352163,11547.960993840145,11774.3916015625,2619433,0.0,0.0
2019-09-10 00:00:00+09:00,11864.963625064565,12091.394228596333,10959.2412109375,10959.2412109375,1389726,0.0,0.0
2019-09-11 00:00:00+09:00,11049.81245137448,12408.395949494294,10868.667984958505,10913.9541015625,3349933,0.0,0.0
2019-09-16 00:00:00+09:00,10959.240359375,11955.5349375,10913.954242187501,11321.529296875,1734932,0.0,0.0
2019-09-17 00:00:00+09:00,11366.816370810231,11593.24697580645,11004.52740281628,11230.9580078125,808745,0.0,0.0
2019-09-18 00:00:00+09:00,11321.53031957431,12227.252745140255,11140.385834461122,11502.6748046875,2268116,0.0,0.0
2019-09-19 00:00:00+09:00,11638.533236929086,12091.394452373797,11502.674872295673,11774.3916015625,1179524,0.0,0.0
2019-09-20 00:00:00+09:00,11910.25093871124,12046.109314437985,11502.675811531008,11683.8203125,928206,0.0,0.0
2019-09-23 00:00:00+09:00,11910.249872116816,12046.108235677082,11412.1025390625,11412.1025390625,692866,0.0,0.0
2019-09-24 00:00:00+09:00,11910.248820312501,12000.8210546875,11004.5264765625,11321.529296875,795479,0.0,0.0
2019-09-25 00:00:00+09:00,11774.391247979525,13359.405454438309,10461.093762627963,10506.3798828125,7639814,0.0,0.0
2019-09-26 00:00:00+09:00,10778.097561605176,11230.958803689427,9827.088953228249,10279.9501953125,1507992,0.0,0.0
2019-09-27 00:00:00+09:00,10144.090780542987,10596.95197610294,9872.374063207013,10008.232421875,731000,0.0,0.0
2019-09-30 00:00:00+09:00,9962.947309027777,10325.236302083333,9510.086067708333,10189.3779296875,886526,0.0,0.0
2019-10-01 00:00:00+09:00,9917.660115559896,10098.804592556424,9781.8017578125,9781.8017578125,456387,0.0,0.0
2019-10-02 00:00:00+09:00,9781.801771313365,10325.235203052996,9781.801771313365,9827.087890625,578548,0.0,0.0
2019-10-04 00:00:00+09:00,9872.375,10325.23623853211,9781.802752293577,9872.375,450072,0.0,0.0
2019-10-07 00:00:00+09:00,9374.226576585035,9555.371051494893,9193.08210167518,9419.5126953125,381936,0.0,0.0
2019-10-08 00:00:00+09:00,9283.655319940477,9872.374925595239,9283.655319940477,9510.0859375,407635,0.0,0.0
2019-10-10 00:00:00+09:00,9510.085880055147,9736.516496246937,9193.083017386643,9238.369140625,332166,0.0,0.0
2019-10-11 00:00:00+09:00,9283.65525419489,9464.799746959668,9102.51076143011,9193.0830078125,228864,0.0,0.0
2019-10-14 00:00:00+09:00,9193.082059832317,9555.371008003049,9147.795941310975,9283.654296875,300212,0.0,0.0
2019-10-15 00:00:00+09:00,9374.227510340073,9464.79975681679,9193.083017386643,9238.369140625,171049,0.0,0.0
2019-10-16 00:00:00+09:00,9374.226590535287,9781.801659688996,9283.654352945574,9464.798828125,661540,0.0,0.0
2019-10-17 00:00:00+09:00,9510.085880055147,9691.230373008579,9193.083017386643,9238.369140625,378927,0.0,0.0
2019-10-18 00:00:00+09:00,9193.082998143564,9600.658106435643,9147.796875,9147.796875,333795,0.0,0.0
2019-10-21 00:00:00+09:00,9102.510251880187,9147.796372536308,8658.706269450207,8731.1640625,309459,0.0,0.0
2019-10-22 00:00:00+09:00,8731.163923840011,8993.823419474202,8731.163923840011,8930.4228515625,192312,0.0,0.0
2019-10-23 00:00:00+09:00,8848.908811136163,9102.511110738838,8731.164886320636,8975.7099609375,162226,0.0,0.0
2019-10-24 00:00:00+09:00,8885.136756988893,9147.796253372866,8839.85063692269,9020.9951171875,125540,0.0,0.0
2019-10-25 00:00:00+09:00,9238.369400073061,9238.369400073061,8513.791407910468,8522.8486328125,153966,0.0,0.0
2019-10-28 00:00:00+09:00,8522.847935610913,11049.8134765625,8522.847935610913,11049.8134765625,2651884,0.0,0.0
2019-10-29 00:00:00+09:00,12815.972173996914,13087.68889853395,10415.807773919752,11004.52734375,5254734,0.0,0.0
2019-10-30 00:00:00+09:00,10868.6698971519,11729.106264009757,10370.52252686577,10732.8115234375,2434049,0.0,0.0
2019-10-31 00:00:00+09:00,10596.952160904255,11095.099484707447,10370.521559175531,10642.23828125,1110361,0.0,0.0
2019-11-01 00:00:00+09:00,10778.097588315217,11004.528209918477,10234.664096467392,10415.80859375,803083,0.0,0.0
2019-11-04 00:00:00+09:00,10325.236345108695,10551.666966711957,10189.377972146738,10415.80859375,345706,0.0,0.0
2019-11-05 00:00:00+09:00,10461.094700863487,10506.380825109649,10189.377955386513,10325.236328125,395064,0.0,0.0
2019-11-06 00:00:00+09:00,10551.6669921875,11140.38660977736,10144.091872317596,10551.6669921875,1517255,0.0,0.0
2019-11-07 00:00:00+09:00,10732.811419270833,10732.811419270833,10008.233433159721,10189.3779296875,565832,0.0,0.0
2019-11-08 00:00:00+09:00,10189.376886541193,10370.521364524147,9872.374050071023,9962.9462890625,548248,0.0,0.0
2019-11-11 00:00:00+09:00,9917.660059515036,10053.518416494693,9555.37110756928,9600.6572265625,268459,0.0,0.0
2019-11-12 00:00:00+09:00,9555.37110756928,9827.087821528596,9510.084988576062,9600.6572265625,152263,0.0,0.0
2019-11-13 00:00:00+09:00,9600.65818452381,9781.802678571428,9374.227566964286,9510.0859375,138590,0.0,0.0
2019-11-14 00:00:00+09:00,9464.799885321101,9872.375,9464.799885321101,9872.375,161394,0.0,0.0
2019-11-15 00:00:00+09:00,9691.2304595804,9917.661077794895,9555.372088651702,9645.9443359375,150687,0.0,0.0
2019-11-18 00:00:00+09:00,9645.943400065104,10098.804592556424,9645.943400065104,9781.8017578125,220315,0.0,0.0
2019-11-19 00:00:00+09:00,9827.088876146789,10098.805619266055,9419.51376146789,9872.375,373149,0.0,0.0
2019-11-20 00:00:00+09:00,9872.37486596201,9962.947112438726,9238.369140625,9238.369140625,234990,0.0,0.0
2019-11-21 00:00:00+09:00,9147.796618428589,9464.799471542452,8876.079887188136,8894.1943359375,272038,0.0,0.0
2019-11-22 00:00:00+09:00,8812.679600273059,10461.094489532767,8803.622375606796,9328.94140625,2005880,0.0,0.0
2019-11-25 00:00:00+09:00,9193.082998143564,9328.941367574258,9057.224628712871,9147.796875,220050,0.0,0.0
2019-11-26 00:00:00+09:00,9147.797836840453,9283.656220555904,8975.710550800879,9011.939453125,207616,0.0,0.0
2019-11-27 00:00:00+09:00,9011.938426224226,9102.510671713917,8713.050016108247,8785.5078125,182904,0.0,0.0
2019-11-28 00:00:00+09:00,8722.107230610427,9002.881191305052,8722.107230610427,8740.2216796875,81643,0.0,0.0
2019-11-29 00:00:00+09:00,8613.420256877023,8867.02253573355,8350.760753775621,8396.046875,178609,0.0,0.0
2019-12-02 00:00:00+09:00,8405.104279891304,8586.248768682064,8323.589259935461,8332.646484375,86889,0.0,0.0
2019-12-03 00:00:00+09:00,8133.386260790284,8595.304634175924,7997.52791567686,8459.4462890625,195005,0.0,0.0
2019-12-04 00:00:00+09:00,8305.474055849272,8948.536932583513,8296.416832233297,8405.103515625,172898,0.0,0.0
2019-12-05 00:00:00+09:00,8414.160615938205,8459.446733354449,7997.528335708756,8042.814453125,94328,0.0,0.0
2019-12-06 00:00:00+09:00,7997.528985908533,8957.59475318634,7997.528985908533,8305.474609375,511373,0.0,0.0
2019-12-09 00:00:00+09:00,8269.245974506579,8713.049975328948,8260.18875,8604.36328125,117920,0.0,0.0
2019-12-10 00:00:00+09:00,8522.848229654079,8830.79386175635,8396.04708702373,8468.5048828125,160118,0.0,0.0
2019-12-11 00:00:00+09:00,8477.561750856165,8749.278473640015,8477.561750856165,8595.3056640625,89831,0.0,0.0
2019-12-12 00:00:00+09:00,8595.306851773648,8867.02361210369,8595.306851773648,8713.05078125,116420,0.0,0.0
2019-12-13 00:00:00+09:00,8848.908424084595,9030.052915877524,8713.050055239899,8966.65234375,107306,0.0,0.0
2019-12-16 00:00:00+09:00,9057.225356867284,9193.083737220293,8794.565821518134,8803.623046875,118483,0.0,0.0
2019-12-17 00:00:00+09:00,8894.193696050754,8957.594262112216,8622.476984358775,8722.1064453125,69438,0.0,0.0
2019-12-18 00:00:00+09:00,8649.648512236925,9002.88023158482,8577.190723652742,8876.0791015625,70721,0.0,0.0
2019-12-19 00:00:00+09:00,8894.195294322,8984.767547828335,8740.222463361233,8758.3369140625,50413,0.0,0.0
2019-12-20 00:00:00+09:00,8758.336907971674,8948.538640202703,8676.821879872661,8713.05078125,60702,0.0,0.0
2019-12-23 00:00:00+09:00,8703.991925139926,8867.02195079291,8341.702979244403,8495.67578125,96472,0.0,0.0
2019-12-24 00:00:00+09:00,8414.161426332981,8495.676445533192,7952.242984198447,8015.6435546875,128659,0.0,0.0
2019-12-26 00:00:00+09:00,7979.415276488587,8296.418153534103,7970.358051430143,8233.017578125,72609,0.0,0.0
2019-12-27 00:00:00+09:00,8146.257547312769,8520.693152065935,8146.257547312769,8475.0302734375,46342,75.0,0.0
2019-12-30 00:00:00+09:00,8429.366895581317,8566.355523353493,8411.101745211694,8493.294921875,33568,0.0,0.0
2020-01-02 00:00:00+09:00,8411.10265046142,8639.417054654185,8365.439769622868,8566.3564453125,54746,0.0,0.0
2020-01-03 00:00:00+09:00,8493.295601404083,8630.284240136405,8493.295601404083,8557.2236328125,63084,0.0,0.0
2020-01-06 00:00:00+09:00,8557.223576060513,8612.019031190035,8228.450845283374,8328.9091796875,79812,0.0,0.0
2020-01-07 00:00:00+09:00,8283.24535487507,8502.427150373418,8264.980205250207,8292.3779296875,55931,0.0,0.0
2020-01-08 00:00:00+09:00,8237.582829390605,8392.836607771582,7443.048787087964,7497.84423828125,149691,0.0,0.0
2020-01-09 00:00:00+09:00,7854.015294894366,9726.193359375,7817.484991197183,9726.193359375,4641794,0.0,0.0
2020-01-10 00:00:00+09:00,10411.13671875,10502.462479440788,9315.227590460527,9543.5419921875,2823514,0.0,0.0
2020-01-13 00:00:00+09:00,9452.21602689303,9817.519061748799,9360.890268179086,9497.87890625,1392196,0.0,0.0
2020-01-14 00:00:00+09:00,9634.86739478921,9771.85603073408,9315.227244251178,9680.5302734375,821386,0.0,0.0
2020-01-15 00:00:00+09:00,9452.215538699129,9954.50718568314,9360.889784702036,9817.5185546875,1105030,0.0,0.0
2020-01-16 00:00:00+09:00,9634.867959449406,9817.519484747025,9360.890671502977,9589.205078125,500761,0.0,0.0
2020-01-17 00:00:00+09:00,9589.20424378034,9771.85575318568,9406.552734375,9406.552734375,338036,0.0,0.0
2020-01-20 00:00:00+09:00,9452.216796875,9634.868329181763,9315.228147644928,9452.216796875,230290,0.0,0.0
2020-01-21 00:00:00+09:00,9406.552879409035,9771.855903852105,8949.9240988552,9223.9013671875,429093,0.0,0.0
2020-01-22 00:00:00+09:00,9114.310116234756,9589.204030106706,9004.719213033537,9360.8896484375,336712,0.0,0.0
2020-01-23 00:00:00+09:00,9223.900947265625,9360.889575195313,9123.442620117188,9132.5751953125,122786,0.0,0.0
2020-01-28 00:00:00+09:00,8703.345434468161,8812.936352845514,8411.102985461885,8730.7431640625,257013,0.0,0.0
2020-01-29 00:00:00+09:00,8730.74275320428,8949.924579644556,8593.754111679109,8639.4169921875,143481,0.0,0.0
2020-01-30 00:00:00+09:00,8575.488574544634,8703.344634229004,8036.6666087319245,8210.185546875,174702,0.0,0.0
2020-01-31 00:00:00+09:00,8173.655177058561,8283.246084460463,7488.71200579667,7680.49609375,157319,0.0,0.0
2020-02-03 00:00:00+09:00,7580.038142150465,9123.443498805198,7433.916924952384,8091.46240234375,972417,0.0,0.0
2020-02-04 00:00:00+09:00,8000.1367360151935,8429.367816600483,8000.1367360151935,8264.9814453125,238926,0.0,0.0
2020-02-05 00:00:00+09:00,8347.174182251112,8365.439333634595,8164.522668416295,8210.185546875,127111,0.0,0.0
2020-02-06 00:00:00+09:00,8219.319066652824,8429.368331689508,8219.319066652824,8246.716796875,94601,0.0,0.0
2020-02-07 00:00:00+09:00,8255.848776581242,8867.731373960605,8146.257863617775,8374.572265625,301756,0.0,0.0
2020-02-10 00:00:00+09:00,8465.8974609375,8621.15124393204,8374.57170623483,8465.8974609375,78106,0.0,0.0
2020-02-11 00:00:00+09:00,8465.897196320564,8529.825222614247,8411.101745211694,8493.294921875,73763,0.0,0.0
2020-02-12 00:00:00+09:00,8511.560546875,8767.272666309012,8392.837062852066,8511.560546875,188010,0.0,0.0
2020-02-13 00:00:00+09:00,8584.620407120847,8812.934779650657,8420.234058899385,8520.6923828125,168612,0.0,0.0
2020-02-14 00:00:00+09:00,8566.355677939422,8794.670061679812,8557.223102589805,8612.0185546875,236438,0.0,0.0
2020-02-17 00:00:00+09:00,8557.222328227908,8730.741244168496,8310.64281610181,8319.775390625,133775,0.0,0.0
2020-02-18 00:00:00+09:00,8237.583393792469,8374.572031161522,8054.931877300396,8064.064453125,120402,0.0,0.0
2020-02-19 00:00:00+09:00,8036.666294642858,8666.813992745536,7945.340541294643,8310.6435546875,515142,0.0,0.0
2020-02-20 00:00:00+09:00,8292.379542661516,8484.163651027036,8064.065127940659,8127.9931640625,150442,0.0,0.0
2020-02-21 00:00:00+09:00,7899.677805761147,8118.859617712901,7625.7005408214545,7808.35205078125,209724,0.0,0.0
2020-02-24 00:00:00+09:00,7525.242381908275,9132.575706199363,7525.242381908275,7890.54541015625,2088635,0.0,0.0
2020-02-25 00:00:00+09:00,7945.3402887116645,9543.540921498494,7945.3402887116645,8338.041015625,7133774,0.0,0.0
2020-02-26 00:00:00+09:00,8173.655449521225,8648.54939742637,7991.00393109617,8255.8486328125,1105059,0.0,0.0
2020-02-27 00:00:00+09:00,8794.671689453124,9178.239925130209,8036.667795138888,8219.3193359375,2508330,0.0,0.0
2020-02-28 00:00:00+09:00,7927.07568066991,8073.196891373503,7525.24235123503,7625.70068359375,346785,0.0,0.0
2020-03-02 00:00:00+09:00,7534.375361689815,7726.159461805555,7287.795804398148,7397.38671875,296033,0.0,0.0
2020-03-03 00:00:00+09:00,7817.485062123494,7963.606278237951,7488.712325865964,7580.0380859375,460242,0.0,0.0
2020-03-04 00:00:00+09:00,7552.6400351144475,7689.628669366825,7488.71200579667,7680.49609375,134306,0.0,0.0
2020-03-05 00:00:00+09:00,7854.015545850715,7854.015545850715,7543.5079545031285,7662.2314453125,153557,0.0,0.0
2020-03-06 00:00:00+09:00,7717.026902609133,7771.822359905766,7570.905683151445,7662.2314453125,167739,0.0,0.0
2020-03-09 00:00:00+09:00,7662.2314453125,7662.2314453125,7662.2314453125,7662.2314453125,0,0.0,0.0
2020-03-10 00:00:00+09:00,6977.2876544932205,6995.552805421214,6392.8028247974535,6904.22705078125,203384,0.0,0.0
2020-03-11 00:00:00+09:00,6940.757735038952,7187.3372861521775,6319.742569272309,6447.5986328125,206710,0.0,0.0
2020-03-12 00:00:00+09:00,6447.5986328125,6447.5986328125,6447.5986328125,6447.5986328125,0,0.0,0.0
2020-03-13 00:00:00+09:00,5315.159952059659,5570.872114701704,4767.205317826704,5022.91748046875,436654,0.0,0.0
2020-03-16 00:00:00+09:00,5114.242708333333,5443.015453869048,4794.6025390625,4794.6025390625,321913,0.0,0.0
2020-03-17 00:00:00+09:00,4447.564326970551,5068.5794691348165,4447.564326970551,4913.32568359375,287333,0.0,0.0
2020-03-18 00:00:00+09:00,4931.590958109662,5086.844747531633,4447.564438147047,4465.82958984375,291254,0.0,0.0
2020-03-19 00:00:00+09:00,4657.613615689213,4657.613615689213,3324.257561001712,3333.39013671875,506252,0.0,0.0
2020-03-20 00:00:00+09:00,3397.318388745301,3744.356288670896,3351.6555071761436,3643.89794921875,358963,0.0,0.0
2020-03-23 00:00:00+09:00,3351.6553567289866,4036.5985495210134,3278.594749497837,3694.126953125,297803,0.0,0.0
2020-03-24 00:00:00+09:00,4200.985059716236,4200.985059716236,3835.6820110452586,3972.670654296875,182089,0.0,0.0
2020-03-25 00:00:00+09:00,4063.9957915318696,4365.370760342098,4027.465492282145,4146.18896484375,258832,0.0,0.0
2020-03-26 00:00:00+09:00,4200.985692128414,4497.794463854878,4109.6599162125785,4347.10693359375,244473,0.0,0.0
2020-03-27 00:00:00+09:00,4474.96263854276,4557.1558298629325,4109.659566008657,4351.6728515625,222515,0.0,0.0
2020-03-30 00:00:00+09:00,4132.490490210984,4712.409045190868,4127.924202376497,4575.42041015625,214734,0.0,0.0
2020-03-31 00:00:00+09:00,4748.939236111111,5780.9202624198715,4621.083179754273,5342.556640625,838353,0.0,0.0
2020-04-01 00:00:00+09:00,5342.556774902344,5662.196923828125,5150.7726855468745,5479.54541015625,489139,0.0,0.0
2020-04-02 00:00:00+09:00,5315.158900194314,5397.352079063298,5159.905117886233,5360.82177734375,187634,0.0,0.0
2020-04-03 00:00:00+09:00,5607.40105163159,5607.40105163159,5296.893501541242,5369.9541015625,181114,0.0,0.0
2020-04-06 00:00:00+09:00,5379.086898462459,5872.24596894968,5324.291446186102,5716.9921875,432374,0.0,0.0
2020-04-07 00:00:00+09:00,5844.848663522012,5945.306999926297,5598.269110529678,5808.318359375,374138,0.0,0.0
2020-04-08 00:00:00+09:00,5954.43918773855,6182.75357377147,5726.12480170563,5981.8369140625,376384,0.0,0.0
2020-04-09 00:00:00+09:00,6210.15082780705,6347.139449008676,6045.764482365098,6283.21142578125,277889,0.0,0.0
2020-04-10 00:00:00+09:00,6319.742131696429,6347.139857700893,5808.317912946429,6073.16259765625,193497,0.0,0.0
2020-04-13 00:00:00+09:00,6201.019346906689,6201.019346906689,5790.0534108083075,5853.9814453125,153148,0.0,0.0
2020-04-14 00:00:00+09:00,5899.643968535633,6164.488666813548,5817.450786311452,5990.9697265625,203745,0.0,0.0
2020-04-16 00:00:00+09:00,5917.909036198288,6401.935546875,5716.992371389087,6401.935546875,581794,0.0,0.0
2020-04-17 00:00:00+09:00,6365.4060481958995,6465.864393289378,6219.284818969021,6319.7431640625,252375,0.0,0.0
2020-04-20 00:00:00+09:00,6401.9356893720715,7022.950848968792,6319.742506484271,6822.0341796875,1097825,0.0,0.0
2020-04-21 00:00:00+09:00,6822.033790041861,7296.927708491897,5580.003541787921,6374.53759765625,1173923,0.0,0.0
2020-04-22 00:00:00+09:00,6328.8748422475965,6538.924079436189,6064.03015187937,6529.79150390625,274800,0.0,0.0
2020-04-23 00:00:00+09:00,6538.924584173386,6621.117770287298,6429.333669354838,6511.52685546875,213205,0.0,0.0
2020-04-24 00:00:00+09:00,6511.527017524577,6630.2505115327385,6328.87548828125,6328.87548828125,212803,0.0,0.0
2020-04-27 00:00:00+09:00,6365.4054192341555,6502.394058098592,6347.140267385564,6484.12890625,178934,0.0,0.0
2020-04-28 00:00:00+09:00,6484.128516186242,6666.780023684447,6264.946707188398,6356.2724609375,236918,0.0,0.0
2020-04-29 00:00:00+09:00,6401.935620386956,6666.780317949327,6338.007589940867,6611.98486328125,251620,0.0,0.0
2020-05-04 00:00:00+09:00,6666.780232800309,7196.469621159785,6484.128719572903,7022.95068359375,1144590,0.0,0.0
2020-05-06 00:00:00+09:00,7159.93978412031,7169.072360375566,7022.951140291478,7059.4814453125,338559,0.0,0.0
2020-05-07 00:00:00+09:00,7123.408857458912,7433.916423040455,7041.215678334387,7223.8671875,777760,0.0,0.0
2020-05-08 00:00:00+09:00,7397.386363636363,7397.386363636363,7196.469696969697,7233.0,196254,0.0,0.0
2020-05-11 00:00:00+09:00,7196.469621159785,7214.734772482526,6895.094624334566,7022.95068359375,247389,0.0,0.0
2020-05-12 00:00:00+09:00,6940.7572682698565,7077.745898564656,6803.768637975057,7013.81787109375,108175,0.0,0.0
2020-05-13 00:00:00+09:00,6867.696969696969,7022.950757575757,6849.431818181818,6931.625,90134,0.0,0.0
2020-05-14 00:00:00+09:00,6858.564020046475,6995.552648942211,6748.9731169298875,6785.50341796875,111999,0.0,0.0
2020-05-15 00:00:00+09:00,6785.503921405828,6895.094832653297,6602.852402660045,6767.23876953125,133591,0.0,0.0
2020-05-18 00:00:00+09:00,6785.504203547711,7141.674679911587,6785.504203547711,7004.68603515625,230413,0.0,0.0
2020-05-19 00:00:00+09:00,7068.614069375408,7096.011798326475,6931.625424620071,7004.68603515625,107406,0.0,0.0
2020-05-20 00:00:00+09:00,6995.552748435455,7077.745926941877,6940.7572960978405,6977.28759765625,120641,0.0,0.0
2020-05-21 00:00:00+09:00,7059.480535944667,7059.480535944667,6959.022210077408,6968.15478515625,75185,0.0,0.0
2020-05-22 00:00:00+09:00,7022.9508181799265,7022.9508181799265,6803.768998106691,6858.564453125,78667,0.0,0.0
2020-05-25 00:00:00+09:00,6885.962135334256,7360.856075702136,6858.56440800534,7214.73486328125,576630,0.0,0.0
2020-05-26 00:00:00+09:00,7287.794895086503,7488.711546329489,7141.673694182513,7324.3251953125,591127,0.0,0.0
2020-05-27 00:00:00+09:00,7369.988743799205,7406.519047362026,6904.227373373233,7105.14404296875,229771,0.0,0.0
2020-05-28 00:00:00+09:00,7296.92803030303,7315.193181818181,6840.299242424242,6931.625,237790,0.0,0.0
2020-05-29 00:00:00+09:00,7068.613460847701,8082.329344767721,6959.02255447797,7150.806640625,3464642,0.0,0.0
2020-06-01 00:00:00+09:00,7123.409791224211,7735.29242713706,7077.746907947133,7525.2431640625,1069793,0.0,0.0
2020-06-02 00:00:00+09:00,7762.689409221219,8027.534106712295,7406.518953974598,7516.10986328125,868245,0.0,0.0
2020-06-03 00:00:00+09:00,7543.507410597743,7598.30286394349,7424.7839283486255,7433.91650390625,183461,0.0,0.0
2020-06-04 00:00:00+09:00,7570.905992143609,8812.93640822507,7543.508262377106,8127.9931640625,4023569,0.0,0.0
2020-06-05 00:00:00+09:00,8164.523349766042,9315.227982954544,8054.932432319519,8538.958984375,4588611,0.0,0.0
2020-06-08 00:00:00+09:00,8493.29570137332,8493.29570137332,8127.992660454036,8146.2578125,518279,0.0,0.0
2020-06-09 00:00:00+09:00,8118.8596840598375,8127.992259632458,7808.352114590732,8036.66650390625,424994,0.0,0.0
2020-06-10 00:00:00+09:00,7890.545994718309,7954.47402939774,7717.027043445569,7780.955078125,265403,0.0,0.0
2020-06-11 00:00:00+09:00,7717.026649111793,7936.2084710984,7589.170586286272,7671.36376953125,215563,0.0,0.0
2020-06-12 00:00:00+09:00,7214.734790039062,7415.651455078125,7150.806760253906,7306.060546875,274328,0.0,0.0
2020-06-15 00:00:00+09:00,7214.734831665917,7360.8560434464935,6338.007560982464,6347.14013671875,351389,0.0,0.0
2020-06-16 00:00:00+09:00,6538.923619234625,6895.094039835394,6484.12816991143,6831.166015625,181979,0.0,0.0
2020-06-17 00:00:00+09:00,6630.250190516285,6977.288079276091,6511.526702256352,6694.17822265625,105694,0.0,0.0
2020-06-18 00:00:00+09:00,6657.647582680546,6949.890000575989,6657.647582680546,6812.9013671875,112130,0.0,0.0
2020-06-19 00:00:00+09:00,6904.2267596043575,8575.487999032397,6904.2267596043575,7963.60546875,5003543,0.0,0.0
2020-06-22 00:00:00+09:00,7890.5455329754595,8027.534170700728,7342.590982074386,7443.04931640625,684206,0.0,0.0
2020-06-23 00:00:00+09:00,7443.048416460733,7717.0256587844415,7278.662071066508,7333.45751953125,452951,0.0,0.0
2020-06-24 00:00:00+09:00,7634.833215665874,8237.583206376337,7433.916552095719,7680.49609375,1753038,0.0,0.0
2020-06-25 00:00:00+09:00,7443.048897879465,7625.700404575893,7324.325418526786,7351.72314453125,261764,0.0,0.0
2020-06-26 00:00:00+09:00,7443.0496957726355,7570.905764166276,7251.265593182175,7287.7958984375,196409,0.0,0.0
2020-06-29 00:00:00+09:00,7287.79580316311,7406.51929369083,7114.27685546875,7114.27685546875,135172,0.0,0.0
2020-06-30 00:00:00+09:00,7214.73519360759,7351.72383652419,7114.27685546875,7114.27685546875,112444,0.0,0.0
2020-07-01 00:00:00+09:00,7123.40943166319,7342.59126032975,7077.74655069099,7114.27685546875,113166,0.0,0.0
2020-07-02 00:00:00+09:00,7132.541755558894,7251.265241887019,7114.276603816105,7123.4091796875,52901,0.0,0.0
2020-07-03 00:00:00+09:00,7205.602981122952,7726.159850481644,7105.1446379133795,7525.2431640625,463426,0.0,0.0
2020-07-06 00:00:00+09:00,7580.0382266490915,7580.0382266490915,7360.856398408636,7415.65185546875,135339,0.0,0.0
2020-07-07 00:00:00+09:00,7443.049936688439,7452.182513297872,7251.265827890332,7296.9287109375,102412,0.0,0.0
2020-07-08 00:00:00+09:00,7324.325377138563,7488.711732236437,7306.060226572133,7406.5185546875,125347,0.0,0.0
2020-07-09 00:00:00+09:00,7497.844591467316,7525.242318354529,7360.85595703125,7360.85595703125,167985,0.0,0.0
2020-07-10 00:00:00+09:00,7342.590741537292,7415.651345930698,7077.746050611196,7132.54150390625,159632,0.0,0.0
2020-07-13 00:00:00+09:00,7260.397264509637,7260.397264509637,7114.276061701896,7196.46923828125,72809,0.0,0.0
2020-07-14 00:00:00+09:00,7159.938951176844,7214.73440233381,7050.348048862913,7178.2041015625,96040,0.0,0.0
2020-07-15 00:00:00+09:00,7461.3141033466045,7671.363337590144,7187.3368412898135,7598.302734375,608068,0.0,0.0
2020-07-16 00:00:00+09:00,7598.30310582822,7662.231136766679,7379.121285467791,7443.04931640625,200421,0.0,0.0
2020-07-17 00:00:00+09:00,7561.773090277778,7561.773090277778,7333.458685378086,7397.38671875,87175,0.0,0.0
2020-07-20 00:00:00+09:00,7397.386482153894,7479.579665288937,7324.325874922744,7388.25390625,119531,0.0,0.0
2020-07-21 00:00:00+09:00,7415.651500623489,7634.833318375907,7388.253773404436,7552.64013671875,208029,0.0,0.0
2020-07-22 00:00:00+09:00,7552.639957045576,7552.639957045576,7415.6513242092,7470.44677734375,106974,0.0,0.0
2020-07-23 00:00:00+09:00,7443.049182128906,7470.446909179687,7196.469638671875,7306.060546875,159244,0.0,0.0
2020-07-24 00:00:00+09:00,7223.86708984375,7415.651171875001,7196.469363839286,7351.72314453125,130990,0.0,0.0
2020-07-27 00:00:00+09:00,7452.182383928572,8109.7278883928575,7443.049807477679,7991.00439453125,1433943,0.0,0.0
2020-07-28 00:00:00+09:00,7927.07598794843,8182.788116591928,7707.894163396861,8146.2578125,531616,0.0,0.0
2020-07-29 00:00:00+09:00,8201.053913171374,8274.114527097176,7991.00464813469,8246.716796875,400906,0.0,0.0
2020-07-30 00:00:00+09:00,8237.582586282293,8730.741632467707,8064.063662624461,8484.162109375,1092643,0.0,0.0
2020-07-31 00:00:00+09:00,8429.367593895575,8858.598663140529,8374.572138247282,8822.068359375,654423,0.0,0.0
2020-08-03 00:00:00+09:00,8986.454669234856,9013.852396884962,8520.693299183049,8593.75390625,654063,0.0,0.0
2020-08-04 00:00:00+09:00,8648.548672335051,8876.863051224573,8420.23429344553,8529.8251953125,468101,0.0,0.0
2020-08-05 00:00:00+09:00,8529.826299530228,8548.091452205883,8319.777043760212,8383.705078125,274938,0.0,0.0
2020-08-06 00:00:00+09:00,8383.703244623468,8456.763839347856,8201.0517578125,8201.0517578125,225214,0.0,0.0
2020-08-07 00:00:00+09:00,8246.716148752803,8274.11387682175,8036.666900224215,8146.2578125,168546,0.0,0.0
2020-08-10 00:00:00+09:00,8073.1962890625,8219.317488864535,8036.665989111991,8073.1962890625,175628,0.0,0.0
2020-08-11 00:00:00+09:00,8036.665539578588,8246.714752544847,7981.870092717825,8018.400390625,136270,0.0,0.0
2020-08-12 00:00:00+09:00,8118.859532282902,8118.859532282902,7570.90500816932,7598.302734375,260982,0.0,0.0
2020-08-13 00:00:00+09:00,7671.364069065126,7744.424679246698,7589.170882610857,7607.43603515625,110558,0.0,0.0
2020-08-14 00:00:00+09:00,7616.56800034467,7616.56800034467,7388.253611845129,7452.181640625,125416,0.0,0.0
2020-08-18 00:00:00+09:00,7433.916416785529,7433.916416785529,6484.128569923496,6602.85205078125,420626,0.0,0.0
2020-08-19 00:00:00+09:00,6520.659263392858,6767.2388153698985,6493.261535395409,6712.443359375,140378,0.0,0.0
2020-08-20 00:00:00+09:00,6611.985742463755,6767.239551333761,6264.947816754331,6456.73193359375,246175,0.0,0.0
2020-08-21 00:00:00+09:00,6465.863475196678,6639.382410265515,6411.068022017045,6529.79150390625,91078,0.0,0.0
2020-08-24 00:00:00+09:00,6529.7916812791345,6694.178045283365,6484.128802389071,6611.98486328125,74873,0.0,0.0
2020-08-25 00:00:00+09:00,6648.515238035476,6840.299331440345,6593.719782776941,6822.0341796875,102999,0.0,0.0
2020-08-26 00:00:00+09:00,6849.431864420573,6849.431864420573,6456.731104193794,6575.45458984375,246414,0.0,0.0
2020-08-27 00:00:00+09:00,6639.382696963028,6639.382696963028,5981.837230413733,6484.12890625,170932,0.0,0.0
2020-08-28 00:00:00+09:00,6529.791483274647,8429.3671875,6493.2611812703135,8429.3671875,2923961,0.0,0.0
2020-08-31 00:00:00+09:00,9497.878586065573,9589.204341700819,8228.450582735655,8356.306640625,5848413,0.0,0.0
2020-09-01 00:00:00+09:00,8475.030131392046,8602.886189408737,7945.340748180043,8036.66650390625,930068,0.0,0.0
2020-09-02 00:00:00+09:00,8018.40201200436,8593.754320382805,7981.87170671049,8118.8603515625,1996178,0.0,0.0
2020-09-03 00:00:00+09:00,8118.859879290471,8164.52275825161,7680.49624126354,7799.2197265625,381428,0.0,0.0
2020-09-04 00:00:00+09:00,7598.3036692618225,8465.898439189554,7589.171092736267,7917.94384765625,1832813,0.0,0.0
2020-09-07 00:00:00+09:00,7780.95428190331,8036.666394454123,7580.037622041958,7863.1474609375,501693,0.0,0.0
2020-09-08 00:00:00+09:00,7735.290948337462,7826.616697432355,7488.71142578125,7488.71142578125,300751,0.0,0.0
2020-09-09 00:00:00+09:00,7369.988518138924,8036.666537747526,7214.7347327506195,7379.12109375,436949,0.0,0.0
2020-09-10 00:00:00+09:00,7406.518924883804,7643.965894115591,7397.38634914412,7552.64013671875,122880,0.0,0.0
2020-09-11 00:00:00+09:00,7625.70004942359,7643.965199242569,7443.048551233804,7488.71142578125,116417,0.0,0.0
2020-09-14 00:00:00+09:00,7479.579472890157,7717.0264402834955,7443.049170214259,7625.70068359375,173940,0.0,0.0
2020-09-15 00:00:00+09:00,7643.96630859375,7771.822375882056,7534.375393775201,7643.96630859375,130653,0.0,0.0
2020-09-16 00:00:00+09:00,7662.231642299107,8064.065006138393,7589.171030691965,7991.00439453125,518009,0.0,0.0
2020-09-17 00:00:00+09:00,7863.148388502919,7991.004459860691,7717.027164094038,7917.94384765625,241252,0.0,0.0
2020-09-18 00:00:00+09:00,7908.810750440141,10274.147914832747,7689.628928257042,9726.193359375,15272398,0.0,0.0
2020-09-21 00:00:00+09:00,9543.543325077222,9589.20621180008,8447.634043728642,8685.0810546875,2780130,0.0,0.0
2020-09-22 00:00:00+09:00,8931.659058571928,9634.867389359288,7991.003758947276,8173.6552734375,4711066,0.0,0.0
2020-09-23 00:00:00+09:00,8447.63271685728,9406.553187419458,8164.522863643686,8858.5986328125,6033589,0.0,0.0
2020-09-24 00:00:00+09:00,8475.031143707483,8602.887216996174,8054.9326171875,8054.9326171875,712677,0.0,0.0
2020-09-25 00:00:00+09:00,8054.932124889836,8520.693506261017,7625.701047939923,7771.822265625,883027,0.0,0.0
2020-09-28 00:00:00+09:00,8027.535052224864,8493.296471637228,7890.546399456522,8401.970703125,807956,0.0,0.0
2020-09-29 00:00:00+09:00,8758.13974609375,8758.13974609375,8310.6435546875,8310.6435546875,779503,0.0,0.0
2020-10-05 00:00:00+09:00,8246.716279442631,8794.670849505264,8045.799603752998,8566.3564453125,770093,0.0,0.0
2020-10-06 00:00:00+09:00,8575.4875177933,8922.525351314222,8493.294346696239,8621.150390625,458893,0.0,0.0
2020-10-07 00:00:00+09:00,8584.62009235964,8758.139009120101,8538.95721952794,8621.150390625,199669,0.0,0.0
2020-10-08 00:00:00+09:00,8758.140327785326,8831.200935316381,8493.295625485249,8822.068359375,271096,0.0,0.0
2020-10-12 00:00:00+09:00,9013.852612356302,9013.852612356302,8639.4169921875,8639.4169921875,315645,0.0,0.0
2020-10-13 00:00:00+09:00,8776.405449621456,8968.189543733892,8584.621355509022,8858.5986328125,335235,0.0,0.0
2020-10-14 00:00:00+09:00,8767.272636217947,8858.598392845219,8511.560517661592,8548.0908203125,216101,0.0,0.0
2020-10-15 00:00:00+09:00,8639.416755539021,9817.519040385252,8401.96978339947,8630.2841796875,4744827,0.0,0.0
2020-10-16 00:00:00+09:00,8630.28369140625,8794.670047433036,8127.992047991072,8310.6435546875,496536,0.0,0.0
2020-10-19 00:00:00+09:00,8328.908778901734,8447.632259302745,7625.700471911126,7899.677734375,221793,0.0,0.0
2020-10-20 00:00:00+09:00,7680.495564594527,8338.04096370369,7671.362989606901,8073.1962890625,379130,0.0,0.0
2020-10-21 00:00:00+09:00,8064.064006600984,8155.389759790123,7899.6776508605335,8009.2685546875,117986,0.0,0.0
2020-10-22 00:00:00+09:00,8118.859772712954,8210.185529436383,7927.07568359375,7927.07568359375,123651,0.0,0.0
2020-10-23 00:00:00+09:00,7908.810085783426,8155.389615016858,7863.147209999457,7872.27978515625,124466,0.0,0.0
2020-10-26 00:00:00+09:00,7799.21946638344,7872.280070283987,7488.711899806113,7506.97705078125,133742,0.0,0.0
2020-10-27 00:00:00+09:00,7424.7839283486255,7780.954375095977,7315.193021657134,7433.91650390625,101134,0.0,0.0
2020-10-28 00:00:00+09:00,7369.988636363636,7589.170454545454,7351.723484848484,7534.375,54377,0.0,0.0
2020-10-29 00:00:00+09:00,7488.712121212121,7561.772727272727,7306.060606060606,7534.375,83460,0.0,0.0
2020-10-30 00:00:00+09:00,7534.375059765147,7671.363697215423,7406.51899814489,7461.314453125,60041,0.0,0.0
2020-11-02 00:00:00+09:00,7488.712091940591,7607.435576325015,7315.193153224895,7570.9052734375,52703,0.0,0.0
2020-11-03 00:00:00+09:00,7662.231337123571,7790.08740234375,7607.435880600638,7790.08740234375,95593,0.0,0.0
2020-11-04 00:00:00+09:00,8091.462751915092,8155.390787201102,7799.220304893328,7972.7392578125,235017,0.0,0.0
2020-11-05 00:00:00+09:00,7863.14812264278,8036.667070761494,7854.015546426006,7945.34130859375,60019,0.0,0.0
2020-11-06 00:00:00+09:00,8036.66662145544,8036.66662145544,7744.424198857059,7890.54541015625,63594,0.0,0.0
2020-11-09 00:00:00+09:00,7927.075089260464,8246.715213827418,7908.809939285209,8073.1962890625,105649,0.0,0.0
2020-11-10 00:00:00+09:00,8045.798644459575,8045.798644459575,7890.544868119266,7963.60546875,72007,0.0,0.0
2020-11-11 00:00:00+09:00,7963.6063479997065,7981.871500174018,7671.363913210726,7790.08740234375,96150,0.0,0.0
2020-11-12 00:00:00+09:00,7790.0877126116075,8201.053652901786,7790.0877126116075,7991.00439453125,231979,0.0,0.0
2020-11-13 00:00:00+09:00,8018.401964092873,8612.019421571275,7908.8110488660905,8456.765625,1054234,0.0,0.0
2020-11-16 00:00:00+09:00,8274.113948120375,8904.261699136165,8274.113948120375,8639.4169921875,1327213,0.0,0.0
2020-11-17 00:00:00+09:00,8849.465660549837,8858.59823605092,8255.848252979415,8429.3671875,437099,0.0,0.0
2020-11-18 00:00:00+09:00,8429.367569995664,8895.128941685565,8401.9698422492,8557.2236328125,756835,0.0,0.0
2020-11-19 00:00:00+09:00,8584.620433597955,8657.68103303283,8356.306060363966,8484.162109375,181533,0.0,0.0
2020-11-20 00:00:00+09:00,8657.681266966132,8995.586548482743,8575.48809038101,8831.2001953125,550517,0.0,0.0
2020-11-23 00:00:00+09:00,9315.227824885671,10182.822573281885,8831.201281043572,8986.455078125,4193629,0.0,0.0
2020-11-24 00:00:00+09:00,9096.044932058134,9132.575232990093,8648.548745641618,8758.1396484375,339681,0.0,0.0
2020-11-25 00:00:00+09:00,8675.945797029362,8739.873818691685,8310.64281610181,8319.775390625,279779,0.0,0.0
2020-11-26 00:00:00+09:00,8484.162161363192,9315.2264850274,8484.162161363192,8749.0068359375,1918542,0.0,0.0
2020-11-27 00:00:00+09:00,8849.464672337324,9360.888843287676,8822.066948893556,9105.1767578125,808518,0.0,0.0
2020-11-30 00:00:00+09:00,8977.322133582747,9863.181998239437,8968.18955765845,9726.193359375,2639864,0.0,0.0
2020-12-01 00:00:00+09:00,9589.20439163057,9680.530147741338,9132.575611076732,9223.9013671875,607488,0.0,0.0
2020-12-02 00:00:00+09:00,9360.889358903894,9497.87798366834,9086.912109375,9086.912109375,287573,0.0,0.0
2020-12-03 00:00:00+09:00,9086.912733021349,10091.49605023979,8840.333191522277,9223.9013671875,1589463,0.0,0.0
2020-12-04 00:00:00+09:00,9315.227388822115,9863.18194110577,9132.57587139423,9497.87890625,1485819,0.0,0.0
2020-12-07 00:00:00+09:00,9634.867269685954,10137.158928295174,9178.238489132116,9223.9013671875,1283760,0.0,0.0
2020-12-08 00:00:00+09:00,9315.228781960226,10137.160733309658,8995.58857865767,10045.8349609375,2199242,0.0,0.0
2020-12-09 00:00:00+09:00,9817.519861488527,9863.182744565216,9360.891030721617,9452.216796875,701272,0.0,0.0
2020-12-10 00:00:00+09:00,9406.553913798309,9634.868329181763,9315.228147644928,9452.216796875,266164,0.0,0.0
2020-12-11 00:00:00+09:00,9360.891030721617,9771.856978411835,9269.565264568237,9452.216796875,333510,0.0,0.0
2020-12-14 00:00:00+09:00,9634.867752878288,9817.519274259868,9360.89047080592,9543.5419921875,408402,0.0,0.0
2020-12-15 00:00:00+09:00,9497.878848522168,9634.86748576047,9223.901574045567,9269.564453125,231242,0.0,0.0
2020-12-16 00:00:00+09:00,9269.564227068866,10319.810420283564,9132.575593171296,9863.181640625,3249244,0.0,0.0
2020-12-17 00:00:00+09:00,9771.856978411835,10000.17139379529,9406.553913798309,9452.216796875,954182,0.0,0.0
2020-12-18 00:00:00+09:00,9406.553552827381,9817.519484747025,9360.890671502977,9589.205078125,518466,0.0,0.0
2020-12-21 00:00:00+09:00,9589.203832783829,10137.158337514335,9406.552331206994,9954.5068359375,1548964,0.0,0.0
2020-12-22 00:00:00+09:00,9817.518411775915,9908.844164443597,9360.8896484375,9360.8896484375,770601,0.0,0.0
2020-12-23 00:00:00+09:00,9360.88899806494,9589.203363871402,8685.078475277813,8885.9951171875,434037,0.0,0.0
2020-12-24 00:00:00+09:00,8858.599274894877,9634.868283519687,8630.284860593463,8959.0576171875,752814,0.0,0.0
2020-12-28 00:00:00+09:00,8913.394233214649,9178.238938914674,8812.935896569812,8977.322265625,168624,0.0,0.0
2020-12-29 00:00:00+09:00,9064.749150390626,9294.81892578125,9046.343568359376,9202.791015625,103366,75.0,0.0
2020-12-30 00:00:00+09:00,9202.790681306307,9294.81858811937,9073.951611768018,9193.587890625,104747,0.0,0.0
2021-01-04 00:00:00+09:00,9193.586704371166,9248.803441334356,8963.51696702454,9000.328125,141885,0.0,0.0
2021-01-05 00:00:00+09:00,9055.545925151975,9248.804527213146,9000.329181705927,9083.154296875,124882,0.0,0.0
2021-01-06 00:00:00+09:00,9202.789118647332,9248.803064240568,8954.313812443854,8963.5166015625,139453,0.0,0.0
2021-01-07 00:00:00+09:00,8972.719390681148,9083.152860104916,8935.908234206558,8963.5166015625,94186,0.0,0.0
2021-01-08 00:00:00+09:00,8935.909976356908,9018.735094572368,8733.448576274672,8742.6513671875,155555,0.0,0.0
2021-01-11 00:00:00+09:00,8632.217614215353,8880.692961319633,8282.511570142662,8466.5673828125,225681,0.0,0.0
2021-01-12 00:00:00+09:00,8420.55353385696,8825.476326741886,8383.742370867423,8577.0009765625,107023,0.0,0.0
2021-01-13 00:00:00+09:00,8512.580804528403,8705.839395766345,8512.580804528403,8586.203125,53555,0.0,0.0
2021-01-14 00:00:00+09:00,8586.203046589873,9248.803924783304,8530.98630674042,8825.4755859375,294105,0.0,0.0
2021-01-15 00:00:00+09:00,8963.517633928572,8972.720424107143,8659.825558035714,8696.63671875,92361,0.0,0.0
2021-01-18 00:00:00+09:00,8669.028031198603,8678.230821040639,8319.322017201206,8392.9443359375,82815,0.0,0.0
2021-01-19 00:00:00+09:00,8126.063675203009,9147.57337842785,8116.860885083866,8641.419921875,402650,0.0,0.0
2021-01-20 00:00:00+09:00,8558.594055175781,8632.216369628906,8448.160583496094,8540.1884765625,83031,0.0,0.0
2021-01-21 00:00:00+09:00,8558.59539506773,8761.056791510193,8558.59539506773,8577.0009765625,69488,0.0,0.0
2021-01-22 00:00:00+09:00,8577.00033494105,8715.042185825294,8558.59475482315,8586.203125,44348,0.0,0.0
2021-01-25 00:00:00+09:00,8623.014956550802,8678.231701203209,8558.595421122995,8604.609375,46453,0.0,0.0
2021-01-26 00:00:00+09:00,8595.407153716216,8696.637858952703,8494.17644847973,8512.58203125,35983,0.0,0.0
2021-01-27 00:00:00+09:00,8558.595289147419,8632.217614215353,8420.55342964504,8466.5673828125,91732,0.0,0.0
2021-01-28 00:00:00+09:00,8862.286941964285,9294.818080357143,8374.5390625,8374.5390625,830477,0.0,0.0
2021-01-29 00:00:00+09:00,8438.958534864068,8650.622707494247,7776.357646630466,7997.224609375,124803,0.0,0.0
2021-02-01 00:00:00+09:00,7849.980498325893,8181.28096484375,7739.547009486607,8052.44189453125,90095,0.0,0.0
2021-02-02 00:00:00+09:00,8052.441694605069,8264.105876291831,8052.441694605069,8181.28076171875,44216,0.0,0.0
2021-02-03 00:00:00+09:00,8208.887758386692,8291.712859087904,8190.48218045309,8264.1044921875,38007,0.0,0.0
2021-02-04 00:00:00+09:00,8190.482792256905,8328.524637070224,8052.440947443586,8080.04931640625,41155,0.0,0.0
2021-02-05 00:00:00+09:00,8061.644140175489,8153.672041319045,7960.413448917578,7997.224609375,42442,0.0,0.0
2021-02-08 00:00:00+09:00,8135.266432411951,8135.266432411951,7895.993890282188,7969.6162109375,28584,0.0,0.0
2021-02-09 00:00:00+09:00,7905.196749393071,8098.455342800818,7877.58837890625,7877.58837890625,32303,0.0,0.0
2021-02-10 00:00:00+09:00,7822.371362559887,8089.252267870754,7822.371362559887,7923.60205078125,35958,0.0,0.0
2021-02-15 00:00:00+09:00,7932.80632985152,8356.13474188536,7932.80632985152,8328.5263671875,85608,0.0,0.0
2021-02-16 00:00:00+09:00,8328.524014955108,8540.188161191538,8199.684969419892,8264.1044921875,82188,0.0,0.0
2021-02-17 00:00:00+09:00,8429.755128028635,8503.377443557269,8245.699339207049,8356.1328125,70227,0.0,0.0
2021-02-18 00:00:00+09:00,8383.741339172979,8383.741339172979,8162.874388415404,8199.685546875,40106,0.0,0.0
2021-02-19 00:00:00+09:00,8273.308768689769,8319.322721797053,7960.413887560233,8116.861328125,28822,0.0,0.0
2021-02-22 00:00:00+09:00,8218.091100850237,8218.091100850237,7960.412992424921,8024.83251953125,39587,0.0,0.0
2021-02-23 00:00:00+09:00,7886.7915305913875,8034.036179937318,7730.344090661337,7914.39990234375,45652,0.0,0.0
2021-02-24 00:00:00+09:00,7840.777018619012,8034.0356071061005,7684.32958984375,7684.32958984375,41700,0.0,0.0
2021-02-25 00:00:00+09:00,7702.735686017676,7831.574753645212,7647.518942748732,7711.9384765625,31373,0.0,0.0
2021-02-26 00:00:00+09:00,7509.477023754613,7638.316090338638,7371.435166700299,7481.86865234375,66141,0.0,0.0
2021-03-02 00:00:00+09:00,7592.301769280169,7638.315719397018,7417.448758836141,7445.05712890625,24086,0.0,0.0
2021-03-03 00:00:00+09:00,7353.029228672551,7500.273869046469,7353.029228672551,7445.05712890625,32114,0.0,0.0
2021-03-04 00:00:00+09:00,7334.623660151324,7389.84040037831,7242.595759773014,7297.8125,32785,0.0,0.0
2021-03-05 00:00:00+09:00,7297.812384963188,7297.812384963188,7049.3370578585145,7187.37890625,40363,0.0,0.0
2021-03-08 00:00:00+09:00,7159.771176382212,7325.421409254808,7159.771176382212,7178.1767578125,25797,0.0,0.0
2021-03-09 00:00:00+09:00,7196.582280887831,7242.596234090439,6902.092980391142,6948.10693359375,41036,0.0,0.0
2021-03-10 00:00:00+09:00,6966.511688960958,7132.161900851708,6938.9033203125,6938.9033203125,24196,0.0,0.0
2021-03-11 00:00:00+09:00,6874.484483078063,7058.540292531291,6874.484483078063,6984.91796875,20115,0.0,0.0
2021-03-12 00:00:00+09:00,7049.337448933163,7527.882549905126,7040.134658529855,7426.65185546875,80402,0.0,0.0
2021-03-15 00:00:00+09:00,7426.651001128581,7472.664947851807,7325.420318337485,7389.83984375,31774,0.0,0.0
2021-03-16 00:00:00+09:00,7353.029228672551,7518.679449093209,7353.029228672551,7445.05712890625,25532,0.0,0.0
2021-03-17 00:00:00+09:00,7619.9095458984375,7619.9095458984375,7509.47607421875,7509.47607421875,23374,0.0,0.0
2021-03-18 00:00:00+09:00,7463.462918218289,7564.693611313728,7086.148516680743,7491.0712890625,36512,0.0,0.0
2021-03-19 00:00:00+09:00,7353.029143676758,7491.070992431641,7343.826353759766,7362.23193359375,20069,0.0,0.0
2021-03-22 00:00:00+09:00,7307.015933258364,7435.855005129419,7270.204769866635,7288.6103515625,40243,0.0,0.0
2021-03-23 00:00:00+09:00,7205.7852339311075,7546.288495304609,7205.7852339311075,7288.6103515625,69777,0.0,0.0
2021-03-24 00:00:00+09:00,7242.595364006975,7435.85394424096,7214.98699540212,7380.63720703125,35070,0.0,0.0
2021-03-25 00:00:00+09:00,7371.435418890722,7408.24658203125,7205.785184758346,7408.24658203125,24068,0.0,0.0
2021-03-26 00:00:00+09:00,7408.246079461872,7564.693512195849,7132.162374637205,7233.39306640625,87244,0.0,0.0
2021-03-29 00:00:00+09:00,7168.9731502907935,7214.987098623853,6975.71456729194,7021.728515625,116123,0.0,0.0
2021-03-30 00:00:00+09:00,7178.176135253906,7500.273782348633,7159.770555419922,7362.23193359375,68344,0.0,0.0
2021-03-31 00:00:00+09:00,7362.231780586766,7454.259677844101,7270.203883329432,7371.4345703125,38880,0.0,0.0
2021-04-01 00:00:00+09:00,7334.623648625811,7546.287819163319,7334.623648625811,7445.05712890625,47141,0.0,0.0
2021-04-02 00:00:00+09:00,7463.463430304277,7555.491339432566,7380.638312088816,7518.68017578125,29246,0.0,0.0
2021-04-05 00:00:00+09:00,7518.679617239458,7619.910309760429,7389.840554030948,7610.70751953125,36261,0.0,0.0
2021-04-06 00:00:00+09:00,7546.2872314453125,7601.503967285156,7463.462127685547,7509.47607421875,29876,0.0,0.0
2021-04-07 00:00:00+09:00,7454.26033439217,7592.30219243647,7389.840800638164,7537.08544921875,26142,0.0,0.0
2021-04-08 00:00:00+09:00,7537.085252264968,7776.35779995592,7481.868510490134,7665.92431640625,64134,0.0,0.0
2021-04-09 00:00:00+09:00,7665.923615239092,7693.531983601298,7555.49014179027,7619.90966796875,33538,0.0,0.0
2021-04-12 00:00:00+09:00,7721.140946147598,7877.58837890625,7638.315834687135,7877.58837890625,61647,0.0,0.0
2021-04-13 00:00:00+09:00,7822.371333906978,8116.860607654065,7822.371333906978,7895.99365234375,90356,0.0,0.0
2021-04-14 00:00:00+09:00,7895.994150646736,8236.497394905395,7840.777408334521,8070.84716796875,105459,0.0,0.0
2021-04-15 00:00:00+09:00,8015.631174747243,8172.078625919117,7822.37255859375,7822.37255859375,53474,0.0,0.0
2021-04-16 00:00:00+09:00,7803.966511166067,7822.372092560327,7555.491162343562,7675.12744140625,36986,0.0,0.0
2021-04-19 00:00:00+09:00,7638.315890218788,7757.952163198119,7537.0851976978165,7610.70751953125,36253,0.0,0.0
2021-04-20 00:00:00+09:00,7555.491162343562,7693.53302280051,7537.085580949302,7675.12744140625,17509,0.0,0.0
2021-04-21 00:00:00+09:00,7638.315246876887,7813.1682465041895,7592.3012996065445,7619.90966796875,37678,0.0,0.0
2021-04-22 00:00:00+09:00,7748.749031713453,7757.951821537341,7583.098814883474,7601.50439453125,20224,0.0,0.0
2021-04-23 00:00:00+09:00,7601.504645238004,7647.518595875038,7500.2739538365295,7527.88232421875,22303,0.0,0.0
2021-04-26 00:00:00+09:00,7546.2888212316175,8540.190275735295,7537.086029986213,7822.37255859375,625614,0.0,0.0
2021-04-27 00:00:00+09:00,7914.399638361308,8043.238702241608,7803.966155035336,7813.1689453125,33806,0.0,0.0
2021-04-28 00:00:00+09:00,7923.602387323345,7923.602387323345,7564.693568385354,7610.70751953125,45115,0.0,0.0
2021-04-29 00:00:00+09:00,7610.707435365411,7656.721386002445,7463.462793326902,7527.88232421875,19772,0.0,0.0
2021-04-30 00:00:00+09:00,7564.693711518355,7684.329986761346,7408.246274662136,7426.65185546875,22552,0.0,0.0
2021-05-03 00:00:00+09:00,7472.666117527174,7500.27448988257,7353.029837320459,7408.24658203125,20459,0.0,0.0
2021-05-04 00:00:00+09:00,7325.42046982154,7408.245575636105,7214.98699540212,7380.63720703125,29041,0.0,0.0
2021-05-06 00:00:00+09:00,7362.231867283951,7527.882084297839,7353.029077449846,7454.259765625,11315,0.0,0.0
2021-05-07 00:00:00+09:00,7592.301954088317,7592.301954088317,7389.840568645962,7463.462890625,17035,0.0,0.0
2021-05-10 00:00:00+09:00,7546.287904473564,7573.896274855784,7445.057213072088,7527.88232421875,15059,0.0,0.0
2021-05-11 00:00:00+09:00,7445.057745171778,7518.680071452834,7380.638209675854,7408.24658203125,13553,0.0,0.0
2021-05-12 00:00:00+09:00,7353.029143676758,7500.273782348633,7279.406824340821,7362.23193359375,36219,0.0,0.0
2021-05-13 00:00:00+09:00,7307.014831236259,7389.839936376216,7233.3925155562965,7325.42041015625,26102,0.0,0.0
2021-05-14 00:00:00+09:00,7288.610301824534,7408.24658203125,7288.610301824534,7408.24658203125,12648,0.0,0.0
2021-05-17 00:00:00+09:00,7435.853883676194,7435.853883676194,7270.203673396278,7325.42041015625,14944,0.0,0.0
2021-05-18 00:00:00+09:00,7316.2183882644595,7316.2183882644595,7178.176531882112,7279.4072265625,26013,0.0,0.0
2021-05-20 00:00:00+09:00,7251.798855286031,7334.62396911544,7242.5960648605405,7279.4072265625,20019,0.0,0.0
2021-05-21 00:00:00+09:00,7279.407199298064,7445.057426336453,7233.393247342957,7251.798828125,20007,0.0,0.0
2021-05-24 00:00:00+09:00,7251.798503870785,7297.812453768442,7049.337124321093,7095.35107421875,20420,0.0,0.0
2021-05-25 00:00:00+09:00,7067.742939666239,7261.001535672738,7058.540149380216,7168.9736328125,13656,0.0,0.0
2021-05-26 00:00:00+09:00,7122.959461530855,7389.840371588212,7113.756671528877,7270.2041015625,17203,0.0,0.0
2021-05-27 00:00:00+09:00,7270.203706198116,7270.203706198116,7187.378600684467,7205.7841796875,8700,0.0,0.0
2021-05-28 00:00:00+09:00,7242.59601040008,7288.609962181529,7150.568106837182,7224.1904296875,10708,0.0,0.0
2021-05-31 00:00:00+09:00,7251.798127195083,7297.812074702666,7141.364653176884,7205.7841796875,13667,0.0,0.0
2021-06-01 00:00:00+09:00,7205.784876169892,7288.609989689086,7196.58208577887,7251.798828125,12572,0.0,0.0
2021-06-02 00:00:00+09:00,7270.203790947942,7472.665162341429,7187.378684468788,7435.85400390625,39040,0.0,0.0
2021-06-03 00:00:00+09:00,7445.0574904626,7537.085395165475,7371.435166700299,7481.86865234375,37904,0.0,0.0
2021-06-04 00:00:00+09:00,7481.86847111976,7537.085212604038,7353.029407656443,7463.462890625,12538,0.0,0.0
2021-06-07 00:00:00+09:00,7463.462890625,7573.896373593558,7371.434988151203,7463.462890625,12636,0.0,0.0
2021-06-08 00:00:00+09:00,7463.463273794391,7463.463273794391,7353.02978515625,7353.02978515625,18100,0.0,0.0
2021-06-09 00:00:00+09:00,7316.218289253407,7399.043401961936,7316.218289253407,7343.82666015625,20288,0.0,0.0
2021-06-10 00:00:00+09:00,7343.8268139311485,7417.449137880332,7325.421232943852,7334.6240234375,8637,0.0,0.0
2021-06-11 00:00:00+09:00,7353.029990428716,7435.855109219528,7334.624408475202,7399.0439453125,12064,0.0,0.0
2021-06-14 00:00:00+09:00,7408.245635079865,7518.679110385404,7399.04284547107,7435.85400390625,22089,0.0,0.0
2021-06-15 00:00:00+09:00,7371.4347235107425,7435.854252929687,7343.826353759766,7362.23193359375,12745,0.0,0.0
2021-06-16 00:00:00+09:00,7343.827046535326,7546.28844380823,7316.2186741799305,7408.24658203125,34574,0.0,0.0
2021-06-17 00:00:00+09:00,7408.245729215434,7546.287575101435,7371.4345703125,7371.4345703125,22863,0.0,0.0
2021-06-18 00:00:00+09:00,7399.043234758436,7619.91019699003,7371.434864479486,7500.27392578125,59428,0.0,0.0
2021-06-21 00:00:00+09:00,7546.288002851418,7684.329856562115,7454.260100377621,7463.462890625,52332,0.0,0.0
2021-06-22 00:00:00+09:00,7380.63720703125,7481.867891915718,7380.63720703125,7380.63720703125,28987,0.0,0.0
2021-06-23 00:00:00+09:00,7417.449055163388,7426.65184555441,7251.798828125,7251.798828125,33168,0.0,0.0
2021-06-24 00:00:00+09:00,7307.015261570412,7334.623631576345,7178.176201542722,7270.2041015625,21271,0.0,0.0
2021-06-25 00:00:00+09:00,7297.812625628763,7371.434947198788,7224.190304058738,7261.00146484375,16306,0.0,0.0
2021-06-28 00:00:00+09:00,7822.371282988188,8742.650257457386,7693.5322265625,7693.5322265625,1939388,0.0,0.0
2021-06-29 00:00:00+09:00,7730.343422501518,7748.749002078903,7500.273677784211,7573.89599609375,175491,0.0,0.0
2021-06-30 00:00:00+09:00,7583.099441315407,8034.036179937318,7583.099441315407,7914.39990234375,324438,0.0,0.0
2021-07-01 00:00:00+09:00,7822.37255859375,7914.400471047794,7813.169767348345,7822.37255859375,106110,0.0,0.0
2021-07-02 00:00:00+09:00,7822.371916541201,8052.441678792414,7794.763545071056,7831.57470703125,125029,0.0,0.0
2021-07-05 00:00:00+09:00,7886.7915305913875,7923.6026929278705,7767.15525299782,7914.39990234375,69569,0.0,0.0
2021-07-06 00:00:00+09:00,7877.588072734557,7914.3992319529425,7794.762964493189,7895.99365234375,41983,0.0,0.0
2021-07-07 00:00:00+09:00,8043.238859392322,8310.119782644471,7923.602583451705,8300.9169921875,499005,0.0,0.0
2021-07-08 00:00:00+09:00,8208.888723928158,8310.119414469873,7840.7771219582855,7942.0078125,235421,0.0,0.0
2021-07-09 00:00:00+09:00,8126.063555188886,8365.336094752773,7702.735215960473,7886.791015625,291026,0.0,0.0
2021-07-12 00:00:00+09:00,7978.819335937501,8098.455612024222,7895.994221723617,7978.8193359375,120842,0.0,0.0
2021-07-13 00:00:00+09:00,7942.0080091928,8043.238702241608,7785.560574481007,7813.1689453125,78153,0.0,0.0
2021-07-14 00:00:00+09:00,7886.790768379697,7988.021455021677,7803.965661127168,7960.4130859375,63183,0.0,0.0
2021-07-15 00:00:00+09:00,7960.413773891929,8006.427726342171,7785.560754581008,7831.57470703125,50800,0.0,0.0
2021-07-16 00:00:00+09:00,7831.574131764029,7914.399240090558,7748.7490234375,7748.7490234375,44950,0.0,0.0
2021-07-19 00:00:00+09:00,7748.749061133519,7951.210438027744,7629.11279296875,7629.11279296875,36621,0.0,0.0
2021-07-20 00:00:00+09:00,7592.301855110597,7776.357657658733,7472.665583454309,7527.88232421875,40629,0.0,0.0
2021-07-21 00:00:00+09:00,7537.085395165475,7748.749575982088,7463.463071403175,7481.86865234375,26763,0.0,0.0
2021-07-22 00:00:00+09:00,7546.28813071174,7564.693711518355,7408.246274662136,7426.65185546875,21030,0.0,0.0
2021-07-23 00:00:00+09:00,7426.651520456925,7564.693370279544,7380.637570516052,7417.44873046875,26171,0.0,0.0
2021-07-26 00:00:00+09:00,7472.665853274559,7472.665853274559,7307.015625,7307.015625,41721,0.0,0.0
2021-07-27 00:00:00+09:00,7307.015064072027,7969.615926305259,7307.015064072027,7546.28759765625,301710,0.0,0.0
2021-07-28 00:00:00+09:00,7527.881800195542,7868.385011206833,7435.853905327626,7794.7626953125,176142,0.0,0.0
2021-07-29 00:00:00+09:00,7776.358165672604,7794.763747129817,7656.721886200718,7702.73583984375,58570,0.0,0.0
2021-07-30 00:00:00+09:00,7675.126968008132,7868.385560727762,7592.301856842577,7849.97998046875,90956,0.0,0.0
2021-08-02 00:00:00+09:00,7803.966588288835,7803.966588288835,7564.694027798847,7583.099609375,40252,0.0,0.0
2021-08-03 00:00:00+09:00,7647.518343650689,7693.532292770127,7509.476496292373,7601.50439453125,27192,0.0,0.0
2021-08-04 00:00:00+09:00,7555.490569400092,7638.31567917427,7463.462669651004,7564.693359375,21345,0.0,0.0
2021-08-05 00:00:00+09:00,7610.7080336972895,7675.127569653615,7564.694079442772,7638.31640625,15590,0.0,0.0
2021-08-06 00:00:00+09:00,7684.329494739088,7813.168552135911,7555.490437342265,7748.7490234375,47014,0.0,0.0
2021-08-09 00:00:00+09:00,7702.735365241512,7748.749316049407,7546.287932494672,7555.49072265625,32346,0.0,0.0
2021-08-10 00:00:00+09:00,7555.490453800155,7711.937880979938,7454.259765625,7454.259765625,24314,0.0,0.0
2021-08-11 00:00:00+09:00,7426.65196278331,7537.08544921875,7371.435219565591,7537.08544921875,41128,0.0,0.0
2021-08-12 00:00:00+09:00,7500.273782348633,7573.896101684571,7316.217984008789,7362.23193359375,40885,0.0,0.0
2021-08-13 00:00:00+09:00,7399.043418318414,7399.043418318414,6994.120644181586,7196.58203125,68127,0.0,0.0
2021-08-17 00:00:00+09:00,7196.5819914165295,7362.232216282894,6975.715024928042,6994.12060546875,22333,0.0,0.0
2021-08-18 00:00:00+09:00,6966.512151116221,7076.94563303616,6819.2675085563,6911.29541015625,46045,0.0,0.0
2021-08-19 00:00:00+09:00,6810.06461791148,7049.337158540802,6626.008817427386,6653.6171875,52485,0.0,0.0
2021-08-20 00:00:00+09:00,6579.995237140986,6699.631514179913,6368.3310546875,6368.3310546875,56678,0.0,0.0
2021-08-23 00:00:00+09:00,6368.330790088163,6616.806124383511,6184.274986906425,6589.19775390625,33267,0.0,0.0
2021-08-24 00:00:00+09:00,6552.386607142857,6874.4842633928565,6552.386607142857,6764.05078125,20843,0.0,0.0
2021-08-25 00:00:00+09:00,6837.672793260262,6837.672793260262,6708.833736590485,6782.4560546875,20112,0.0,0.0
2021-08-26 00:00:00+09:00,6865.281103048051,6865.281103048051,6653.61694035354,6727.2392578125,10265,0.0,0.0
2021-08-27 00:00:00+09:00,6736.442017942994,6800.861545436985,6626.008542239011,6699.630859375,9310,0.0,0.0
2021-08-30 00:00:00+09:00,6718.0370367926525,6902.092846019848,6718.0370367926525,6810.06494140625,14575,0.0,0.0
2021-08-31 00:00:00+09:00,6745.645116380424,6782.456276633523,6626.008845557852,6681.2255859375,13807,0.0,0.0
2021-09-01 00:00:00+09:00,6718.036497360355,6902.0922918085835,6662.819759025885,6754.84765625,12818,0.0,0.0
2021-09-02 00:00:00+09:00,6791.658815139645,6846.875553474114,6718.036497360355,6754.84765625,9699,0.0,0.0
2021-09-03 00:00:00+09:00,6791.65920736336,6846.87594888664,6736.442465840081,6819.267578125,5653,0.0,0.0
2021-09-06 00:00:00+09:00,6856.078469472389,6856.078469472389,6672.022671634204,6718.03662109375,14179,0.0,0.0
2021-09-07 00:00:00+09:00,6718.03662109375,6819.2673099047515,6626.008722174657,6718.03662109375,13830,0.0,0.0
2021-09-08 00:00:00+09:00,6856.07869749109,6856.07869749109,6533.981040561978,6616.80615234375,28496,0.0,0.0
2021-09-09 00:00:00+09:00,6607.603797773492,6690.428915015778,6469.5619357030155,6561.58984375,14328,0.0,0.0
2021-09-10 00:00:00+09:00,6644.414340350419,6644.414340350419,6487.9669112839965,6598.400390625,6423,0.0,0.0
2021-09-13 00:00:00+09:00,6598.399932861328,6598.399932861328,6441.9525146484375,6478.763671875,14773,0.0,0.0
2021-09-14 00:00:00+09:00,6414.3449952179335,6819.267778273297,6414.3449952179335,6690.4287109375,27872,0.0,0.0
2021-09-15 00:00:00+09:00,6718.036900592672,6718.036900592672,6616.806207570043,6672.02294921875,10335,0.0,0.0
2021-09-16 00:00:00+09:00,6607.603064051418,6607.603064051418,6487.966796875,6487.966796875,8721,0.0,0.0
2021-09-17 00:00:00+09:00,6487.966796875,6570.791904920213,6405.141688829787,6487.966796875,12974,0.0,0.0
2021-09-23 00:00:00+09:00,6543.18347639485,6552.3862660944205,6395.938841201717,6432.75,13173,0.0,0.0
2021-09-24 00:00:00+09:00,6441.952789699571,6589.1974248927045,6377.533261802575,6432.75,38640,0.0,0.0
2021-09-27 00:00:00+09:00,6718.036291987885,8356.1328125,6570.791660930617,8356.1328125,1641010,0.0,0.0
2021-09-28 00:00:00+09:00,8558.594390652703,8595.405549322177,7785.56005859375,7785.56005859375,3013888,0.0,0.0
2021-09-29 00:00:00+09:00,7518.679010708751,7868.385011206833,7399.04274738046,7794.7626953125,583180,0.0,0.0
2021-09-30 00:00:00+09:00,7988.022033764153,8466.567132561084,7721.14111328125,7721.14111328125,1985995,0.0,0.0
2021-10-01 00:00:00+09:00,7711.937728478773,7711.937728478773,7316.2177734375,7316.2177734375,347358,0.0,0.0
2021-10-05 00:00:00+09:00,7463.462950567455,7491.07132153133,7196.58203125,7196.58203125,224970,0.0,0.0
2021-10-06 00:00:00+09:00,7205.784594533311,7463.46271541062,6975.71484375,6975.71484375,237844,0.0,0.0
2021-10-07 00:00:00+09:00,6994.12031850192,7187.37890625,6938.903579145326,7187.37890625,127497,0.0,0.0
2021-10-08 00:00:00+09:00,7141.365454297922,7168.973825899589,6819.267785611804,6865.28173828125,146419,0.0,0.0
2021-10-12 00:00:00+09:00,6865.281487689064,6865.281487689064,6543.183830759953,6616.80615234375,72281,0.0,0.0
2021-10-13 00:00:00+09:00,6626.008888285427,6883.68701171875,6626.008888285427,6883.68701171875,80415,0.0,0.0
2021-10-14 00:00:00+09:00,6902.092800672311,6984.917914280379,6782.456525460658,6929.701171875,72243,0.0,0.0
2021-10-15 00:00:00+09:00,6920.4983375489555,7086.148563713691,6764.050901726705,7049.33740234375,100324,0.0,0.0
2021-10-18 00:00:00+09:00,7076.945773371206,7178.1764671385445,6938.903918233926,7049.33740234375,50861,0.0,0.0
2021-10-19 00:00:00+09:00,7086.148236711449,7214.987295560748,6837.672908930657,6892.8896484375,65658,0.0,0.0
2021-10-20 00:00:00+09:00,6984.91796875,6994.120759222661,6837.673321187417,6984.91796875,54787,0.0,0.0
2021-10-21 00:00:00+09:00,7095.350967099176,7095.350967099176,6837.6728515625,6837.6728515625,57165,0.0,0.0
2021-10-22 00:00:00+09:00,6966.511685141031,7408.245583274148,6874.483789696632,7086.14794921875,383229,0.0,0.0
2021-10-25 00:00:00+09:00,7067.743184840426,7168.973881498297,6911.295744550989,6920.49853515625,64712,0.0,0.0
2021-10-26 00:00:00+09:00,6920.497741213528,7012.525636708388,6892.88937256507,6938.9033203125,31956,0.0,0.0
2021-10-27 00:00:00+09:00,6892.889190673828,6957.3087158203125,6718.036193847656,6773.2529296875,51046,0.0,0.0
2021-10-28 00:00:00+09:00,6736.442410714286,6846.875892857142,6718.036830357143,6764.05078125,38132,0.0,0.0
2021-10-29 00:00:00+09:00,6791.6586009837965,6810.064179848251,6644.413970068158,6708.83349609375,27422,0.0,0.0
2021-11-01 00:00:00+09:00,6699.631080020921,6764.050609636507,6570.79202078975,6598.400390625,44576,0.0,0.0
2021-11-02 00:00:00+09:00,6699.630983468578,6699.630983468578,6607.60308534401,6662.81982421875,18084,0.0,0.0
2021-11-03 00:00:00+09:00,6708.833714392192,6708.833714392192,6607.60302734375,6607.60302734375,18618,0.0,0.0
2021-11-04 00:00:00+09:00,6607.602836888498,7951.210098985602,6598.400047422079,7030.93115234375,2474291,0.0,0.0
2021-11-05 00:00:00+09:00,6957.3089998717505,7104.553634789671,6708.83367844776,6727.2392578125,193363,0.0,0.0
2021-11-08 00:00:00+09:00,6736.442163315949,6911.295170287264,6718.036583634758,6837.6728515625,87011,0.0,0.0
2021-11-09 00:00:00+09:00,6773.253176510989,6929.700600424966,6635.21133188101,6699.630859375,76948,0.0,0.0
2021-11-10 00:00:00+09:00,6699.631264125522,6727.239634719445,6515.575460166029,6616.80615234375,62818,0.0,0.0
2021-11-11 00:00:00+09:00,6524.777527113001,6653.616575603244,6395.938478622758,6543.18310546875,54564,0.0,0.0
2021-11-12 00:00:00+09:00,6460.358842329546,6616.806278682256,6460.358842329546,6579.9951171875,21637,0.0,0.0
2021-11-15 00:00:00+09:00,6644.414522937674,6727.239634719445,6607.6033621457755,6616.80615234375,27616,0.0,0.0
2021-11-16 00:00:00+09:00,6672.02271018567,6672.02271018567,6543.183650954498,6598.400390625,25754,0.0,0.0
2021-11-17 00:00:00+09:00,6626.00830078125,6626.00830078125,6441.9525146484375,6478.763671875,39607,0.0,0.0
2021-11-18 00:00:00+09:00,6478.763824679943,6598.400088487953,6414.344298014092,6469.56103515625,32586,0.0,0.0
2021-11-19 00:00:00+09:00,6469.5618839506715,6515.575837606082,6451.156302488508,6506.373046875,15019,0.0,0.0
2021-11-22 00:00:00+09:00,6441.952847960993,6533.9807457890065,6432.7500581781915,6487.966796875,24742,0.0,0.0
2021-11-23 00:00:00+09:00,6515.575042423307,6736.4419930139275,6487.96667359948,6524.77783203125,47931,0.0,0.0
2021-11-24 00:00:00+09:00,6533.98095703125,6626.008857834508,6497.169796709947,6533.98095703125,17145,0.0,0.0
2021-11-25 00:00:00+09:00,6533.981264620851,6653.617541297007,6460.358940512447,6515.57568359375,20157,0.0,0.0
2021-11-26 00:00:00+09:00,6552.386845647951,6653.617541297007,6460.358940512447,6515.57568359375,42311,0.0,0.0
2021-11-29 00:00:00+09:00,6386.73645408741,6497.169937443387,6331.51971240942,6349.92529296875,45367,0.0,0.0
2021-11-30 00:00:00+09:00,6414.345459737895,6451.156624499662,5945.003109025366,5963.40869140625,75564,0.0,0.0
2021-12-01 00:00:00+09:00,5816.163460162214,6110.652749284352,5816.163460162214,6027.82763671875,44863,0.0,0.0
2021-12-02 00:00:00+09:00,5834.5692715015575,6313.114385252475,5834.5692715015575,6276.30322265625,29664,0.0,0.0
2021-12-03 00:00:00+09:00,6276.302610525237,6377.533297791773,6202.680292513211,6313.11376953125,19368,0.0,0.0
2021-12-06 00:00:00+09:00,6368.330973188141,6377.533763611823,6156.666793443448,6285.505859375,12637,0.0,0.0
2021-12-07 00:00:00+09:00,6285.505218327394,6395.938692148666,6184.274533991228,6294.7080078125,12680,0.0,0.0
2021-12-08 00:00:00+09:00,6331.51953125,6589.197651707848,6294.708371184593,6331.51953125,42841,0.0,0.0
2021-12-09 00:00:00+09:00,6395.93859880947,6441.952545563495,6322.31628400303,6359.12744140625,14810,0.0,0.0
2021-12-10 00:00:00+09:00,6386.736315746039,6626.008857834508,6165.869353818222,6533.98095703125,59902,0.0,0.0
2021-12-13 00:00:00+09:00,6524.777618408203,6598.399932861328,6441.9525146484375,6478.763671875,20186,0.0,0.0
2021-12-14 00:00:00+09:00,6478.764541184972,6515.575703350795,6322.31710198022,6368.3310546875,16197,0.0,0.0
2021-12-15 00:00:00+09:00,6405.1416015625,6497.169498136674,6303.910915330909,6405.1416015625,27529,0.0,0.0
2021-12-16 00:00:00+09:00,6432.750181799439,7067.742689015692,6414.344601880127,6451.15576171875,250850,0.0,0.0
2021-12-17 00:00:00+09:00,6395.93914628542,6626.008899748924,6386.736356146879,6414.3447265625,23935,0.0,0.0
2021-12-20 00:00:00+09:00,6460.358522956214,6708.833850762222,6359.127833850062,6423.54736328125,91737,0.0,0.0
2021-12-21 00:00:00+09:00,6441.953096978121,6478.764257532282,6368.330775869799,6414.3447265625,26150,0.0,0.0
2021-12-22 00:00:00+09:00,6451.15576171875,6579.994821153932,6368.330652081848,6451.15576171875,23181,0.0,0.0
2021-12-23 00:00:00+09:00,6423.5472103004295,6524.777896995708,6423.5472103004295,6432.75,26792,0.0,0.0
2021-12-24 00:00:00+09:00,6423.547488517651,6487.967019204791,6368.330747928674,6386.736328125,31503,0.0,0.0
2021-12-27 00:00:00+09:00,6386.73623200116,6865.281309903264,6386.73623200116,6451.15576171875,62942,0.0,0.0
2021-12-28 00:00:00+09:00,6524.778052387402,6533.980842306142,6414.3445733625085,6423.54736328125,17533,0.0,0.0
2021-12-29 00:00:00+09:00,6521.2265070921985,6577.042996453901,6465.410017730496,6558.4375,13727,75.0,0.0
2021-12-30 00:00:00+09:00,6604.950802703727,6604.950802703727,6511.923326609309,6521.22607421875,15554,0.0,0.0
2022-01-04 00:00:00+09:00,6558.437458620233,6632.859443966278,6502.6209696107,6586.345703125,22507,0.0,0.0
2022-01-05 00:00:00+09:00,6539.832087133405,6725.8870540504295,6484.015597058297,6502.62109375,52853,0.0,0.0
2022-01-06 00:00:00+09:00,6474.712336171541,6558.437064656518,6409.593102905448,6521.22607421875,25567,0.0,0.0
2022-01-07 00:00:00+09:00,6465.409588562099,6558.437064656518,6446.804093343216,6521.22607421875,20805,0.0,0.0
2022-01-10 00:00:00+09:00,6549.134397482015,6549.134397482015,6456.106920245054,6465.40966796875,19992,0.0,0.0
2022-01-11 00:00:00+09:00,6409.593778429767,6474.713018558952,6353.777286890466,6390.98828125,32730,0.0,0.0
2022-01-12 00:00:00+09:00,6418.89652701965,6456.107521379185,6353.777286890466,6390.98828125,11199,0.0,0.0
2022-01-13 00:00:00+09:00,6390.987847301656,6428.198839134562,6167.721896304219,6353.77685546875,54120,0.0,0.0
2022-01-14 00:00:00+09:00,6949.1534121673885,7972.45578879177,6456.107721612005,6577.04345703125,3315561,0.0,0.0
2022-01-17 00:00:00+09:00,6586.345512367893,6716.583982951439,6381.68505859375,6381.68505859375,219188,0.0,0.0
2022-01-18 00:00:00+09:00,6363.07921177018,6446.803938240841,5935.15283203125,5935.15283203125,214336,0.0,0.0
2022-01-19 00:00:00+09:00,5832.8230771346825,6093.300024757922,5804.914832746479,5944.4560546875,55934,0.0,0.0
2022-01-20 00:00:00+09:00,6000.272543463908,6037.483535981514,5832.8230771346825,5944.4560546875,59273,0.0,0.0
2022-01-21 00:00:00+09:00,5944.456222899223,5972.364468077153,5814.217745402213,5832.8232421875,45096,0.0,0.0
2022-01-24 00:00:00+09:00,5786.309343581572,5823.520336144797,5535.135143779799,5609.55712890625,46652,0.0,0.0
2022-01-25 00:00:00+09:00,5563.043309609511,5646.768041693936,5265.355373309337,5330.474609375,66579,0.0,0.0
2022-01-26 00:00:00+09:00,5330.474609375,5330.474609375,5330.474609375,5330.474609375,0,0.0,0.0
2022-01-27 00:00:00+09:00,5339.777011857762,5432.804485931939,5209.538548153914,5228.14404296875,44017,0.0,0.0
2022-01-28 00:00:00+09:00,5181.630588577773,5395.593790619584,5116.511353173743,5367.685546875,44144,0.0,0.0
2022-02-03 00:00:00+09:00,5423.502206217448,5609.557170410156,5423.502206217448,5581.64892578125,22943,0.0,0.0
2022-02-04 00:00:00+09:00,5656.071313476563,7023.575397491455,5637.465815734863,5953.75927734375,3767907,0.0,0.0
2022-02-07 00:00:00+09:00,5888.639662344244,5935.153403752966,5795.6121795268,5879.3369140625,126553,0.0,0.0
2022-02-08 00:00:00+09:00,5879.3369140625,5879.3369140625,5879.3369140625,5879.3369140625,0,0.0,0.0
2022-02-09 00:00:00+09:00,5879.3369140625,5879.3369140625,5879.3369140625,5879.3369140625,0,0.0,0.0
2022-02-10 00:00:00+09:00,5879.3368863367505,6632.859493604594,5842.125893385252,5897.9423828125,738463,0.0,0.0
2022-02-11 00:00:00+09:00,5897.942424598851,5953.758914421553,5795.6121932572305,5870.0341796875,61854,0.0,0.0
2022-02-14 00:00:00+09:00,5823.520086365237,5860.731077332427,5683.978870238275,5777.00634765625,61961,0.0,0.0
2022-02-15 00:00:00+09:00,5721.190444001934,5972.364658616653,5711.8876953125,5711.8876953125,52257,0.0,0.0
2022-02-16 00:00:00+09:00,5888.639662344244,5907.245158907734,5804.914927808544,5879.3369140625,33231,0.0,0.0
2022-02-17 00:00:00+09:00,5935.153575478831,5963.061821131552,5683.9793646043345,5767.7041015625,53537,0.0,0.0
2022-02-18 00:00:00+09:00,5683.979160002461,5925.8506136195865,5683.979160002461,5907.2451171875,35171,0.0,0.0
2022-02-21 00:00:00+09:00,5897.942314040492,5963.061550946302,5804.914832746479,5944.4560546875,17880,0.0,0.0
2022-02-22 00:00:00+09:00,5944.4560546875,5944.4560546875,5944.4560546875,5944.4560546875,0,0.0,0.0
2022-02-23 00:00:00+09:00,5944.4560546875,5944.4560546875,5944.4560546875,5944.4560546875,0,0.0,0.0
2022-02-24 00:00:00+09:00,5925.850203230574,5981.6666886613175,5739.795251794763,5851.42822265625,27084,0.0,0.0
2022-02-25 00:00:00+09:00,5832.823186472366,5944.4561661177695,5795.6121932572305,5870.0341796875,18494,0.0,0.0
2022-02-28 00:00:00+09:00,5870.0341796875,5870.0341796875,5870.0341796875,5870.0341796875,0,0.0,0.0
2022-03-02 00:00:00+09:00,5935.15321146962,6102.602675116099,5870.033975607101,6009.5751953125,48604,0.0,0.0
2022-03-03 00:00:00+09:00,6009.575741396515,6344.474699121398,5953.759248442368,5972.36474609375,197012,0.0,0.0
2022-03-04 00:00:00+09:00,5972.36392764137,5990.9694227430555,5804.914471726191,5860.73095703125,44953,0.0,0.0
2022-03-07 00:00:00+09:00,5860.731104541094,5897.942095681038,5730.492635551293,5758.40087890625,28161,0.0,0.0
2022-03-08 00:00:00+09:00,5758.401015208076,5767.703763213259,5609.557047125154,5665.37353515625,41896,0.0,0.0
2022-03-10 00:00:00+09:00,5665.37353515625,5665.37353515625,5665.37353515625,5665.37353515625,0,0.0,0.0
2022-03-11 00:00:00+09:00,5739.795383336278,5786.309122261207,5711.887139981321,5758.40087890625,12376,0.0,0.0
2022-03-14 00:00:00+09:00,5730.49267578125,5823.520154284192,5665.37344082919,5730.49267578125,25692,0.0,0.0
2022-03-15 00:00:00+09:00,5730.49267578125,5730.49267578125,5730.49267578125,5730.49267578125,0,0.0,0.0
2022-03-16 00:00:00+09:00,5618.86029373972,5721.190530877364,5609.557544909026,5656.0712890625,23789,0.0,0.0
2022-03-17 00:00:00+09:00,5656.0712890625,5656.0712890625,5656.0712890625,5656.0712890625,0,0.0,0.0
2022-03-18 00:00:00+09:00,5749.098104430857,5786.309095398047,5739.79535668906,5777.00634765625,23377,0.0,0.0
2022-03-21 00:00:00+09:00,5804.91455078125,5851.42828916892,5786.309055426182,5804.91455078125,15063,0.0,0.0
2022-03-22 00:00:00+09:00,5842.125541491387,5842.125541491387,5749.098064716046,5804.91455078125,18699,0.0,0.0
2022-03-23 00:00:00+09:00,5897.9424106259885,5897.9424106259885,5767.703934681566,5879.3369140625,88706,0.0,0.0
2022-03-24 00:00:00+09:00,5879.33697004379,5879.33697004379,5758.401241229598,5842.1259765625,47691,0.0,0.0
2022-03-25 00:00:00+09:00,5851.428492914244,6046.786200944767,5804.914752906977,6000.2724609375,161784,0.0,0.0
2022-03-28 00:00:00+09:00,6121.208048067749,6725.88665463979,6074.694309100668,6093.2998046875,1563975,0.0,0.0
2022-03-29 00:00:00+09:00,6093.300126060017,6232.841350320933,6046.786384639711,6204.93310546875,84393,0.0,0.0
2022-03-30 00:00:00+09:00,6177.024183569488,6195.629678098311,5972.363743752427,5990.96923828125,99947,0.0,0.0
2022-03-31 00:00:00+09:00,5925.850344406012,6102.6025524809165,5925.850344406012,6093.2998046875,47572,0.0,0.0
2022-04-01 00:00:00+09:00,6111.905368088943,6130.510863882211,5981.666897536058,6046.7861328125,49118,0.0,0.0
2022-04-04 00:00:00+09:00,6000.272339987098,6130.510809382167,5990.969592173165,6083.9970703125,28117,0.0,0.0
2022-04-05 00:00:00+09:00,6121.208302815755,6344.4742591494605,6018.878072829473,6251.44677734375,175422,0.0,0.0
2022-04-06 00:00:00+09:00,6204.932723883251,6232.840967019158,6102.6024990515925,6130.5107421875,36443,0.0,0.0
2022-04-07 00:00:00+09:00,6093.300067253832,6121.2083118366745,5897.942355173938,5916.5478515625,48048,0.0,0.0
2022-04-08 00:00:00+09:00,5925.850655471222,5981.6671451616885,5842.125920935522,5879.3369140625,23677,0.0,0.0
2022-04-11 00:00:00+09:00,5823.5204937948565,5897.942480936004,5786.309500224283,5832.8232421875,17721,0.0,0.0
2022-04-12 00:00:00+09:00,5795.612234710888,5851.428724932823,5730.492996118631,5842.1259765625,34307,0.0,0.0
2022-04-13 00:00:00+09:00,5804.914873231131,5972.364340728183,5767.703880454009,5916.5478515625,19577,0.0,0.0
2022-04-14 00:00:00+09:00,5953.758830455259,6000.272571318191,5851.428600556809,5925.8505859375,11151,0.0,0.0
2022-04-15 00:00:00+09:00,5972.36392764137,6074.694150700645,5860.73095703125,5860.73095703125,21698,0.0,0.0
2022-04-18 00:00:00+09:00,5944.4556849888395,5944.4556849888395,5832.822714378721,5860.73095703125,9958,0.0,0.0
2022-04-19 00:00:00+09:00,5832.823104211637,5981.667074973018,5823.52035603905,5925.8505859375,14676,0.0,0.0
2022-04-20 00:00:00+09:00,5935.153375763998,5981.667116953371,5897.9423828125,5897.9423828125,19418,0.0,0.0
2022-04-21 00:00:00+09:00,5925.850084645622,6074.694042815684,5897.941842488734,5935.15283203125,34091,0.0,0.0
2022-04-22 00:00:00+09:00,5944.456428256617,6074.69491025285,5870.034438544484,6018.87841796875,43622,0.0,0.0
2022-04-25 00:00:00+09:00,5897.9419472346235,5990.9694227430555,5851.428209480407,5860.73095703125,29859,0.0,0.0
2022-04-26 00:00:00+09:00,5860.731294486154,6056.089004302359,5851.428546399668,5963.0615234375,29142,0.0,0.0
2022-04-27 00:00:00+09:00,5870.033704582093,5925.850189887153,5804.914471726191,5860.73095703125,25026,0.0,0.0
2022-04-28 00:00:00+09:00,5860.731431383716,5935.1534178139855,5823.520438168582,5870.0341796875,13806,0.0,0.0
2022-04-29 00:00:00+09:00,5851.4286278912405,5935.15336183563,5851.4286278912405,5907.2451171875,10520,0.0,0.0
2022-05-02 00:00:00+09:00,5860.731362396816,5963.061592533903,5851.428614202535,5916.5478515625,17821,0.0,0.0
2022-05-03 00:00:00+09:00,5935.153347951061,6074.694570865271,5888.639606979657,5916.5478515625,35892,0.0,0.0
2022-05-04 00:00:00+09:00,5925.850463489261,6177.024658958978,5860.731227626741,6009.5751953125,147458,0.0,0.0
2022-05-06 00:00:00+09:00,5888.639935972517,6083.997658966867,5888.639935972517,6018.87841796875,55566,0.0,0.0
2022-05-10 00:00:00+09:00,5795.612419016768,5851.42891101372,5637.465691692073,5721.1904296875,60825,0.0,0.0
2022-05-11 00:00:00+09:00,5767.7035050539625,7414.289828270981,5674.676029165996,7218.93212890625,2993190,0.0,0.0
2022-05-12 00:00:00+09:00,6818.9144937455485,6893.336480034723,6363.079827724359,6530.529296875,833248,0.0,0.0
2022-05-13 00:00:00+09:00,6623.556613270308,6856.125314578957,6437.501652223389,6642.162109375,572885,0.0,0.0
2022-05-16 00:00:00+09:00,6716.584156092702,7097.996829776636,6539.831941458683,6930.54736328125,800496,0.0,0.0
2022-05-17 00:00:00+09:00,6911.94207713506,6930.547573977954,6744.492605549016,6791.00634765625,185794,0.0,0.0
2022-05-18 00:00:00+09:00,6874.731459868309,6930.547953453167,6688.676481252117,6865.4287109375,195495,0.0,0.0
2022-05-19 00:00:00+09:00,6716.583970867911,6865.427936981328,6577.042752636584,6725.88671875,167798,0.0,0.0
2022-05-20 00:00:00+09:00,6632.858822113292,6735.189042370299,6521.2258545601935,6679.37255859375,96989,0.0,0.0
2022-05-23 00:00:00+09:00,6623.556545549374,6809.6115046940195,6493.318074148122,6688.67578125,110971,0.0,0.0
2022-05-24 00:00:00+09:00,6595.64812250247,6670.070104138605,6446.8041592302,6474.71240234375,101431,0.0,0.0
2022-05-25 00:00:00+09:00,6474.713018558952,6670.070738946507,6353.777286890466,6390.98828125,69918,0.0,0.0
2022-05-26 00:00:00+09:00,6390.988113599786,6586.345828862661,6390.988113599786,6502.62109375,52643,0.0,0.0
2022-05-27 00:00:00+09:00,6614.254102403156,6614.254102403156,6446.804631456242,6484.015625,32277,0.0,0.0
2022-05-30 00:00:00+09:00,6539.831349152376,6949.152230180405,6484.014865375827,6679.37255859375,357417,0.0,0.0
2022-05-31 00:00:00+09:00,6679.373033292768,6688.67578125,6604.951049634909,6688.67578125,53224,0.0,0.0
2022-06-02 00:00:00+09:00,6744.492365804951,6744.492365804951,6558.437403989642,6623.556640625,48399,0.0,0.0
2022-06-03 00:00:00+09:00,6632.8597354624735,6725.887221233336,6577.043243999957,6716.58447265625,47754,0.0,0.0
2022-06-07 00:00:00+09:00,6744.492241678225,7014.271931345354,6614.253770804438,6707.28125,645404,0.0,0.0
2022-06-08 00:00:00+09:00,6791.006100904495,7386.381978244067,6679.373123903325,6958.45556640625,1702683,0.0,0.0
2022-06-09 00:00:00+09:00,6958.455935660491,7767.795061866992,6716.58447265625,6716.58447265625,2533054,0.0,0.0
2022-06-10 00:00:00+09:00,6660.767247980291,6679.372743086382,6437.501306707209,6549.13427734375,169994,0.0,0.0
2022-06-13 00:00:00+09:00,6446.803938240841,6539.83141209713,5935.15283203125,5935.15283203125,211803,0.0,0.0
2022-06-14 00:00:00+09:00,5637.465512415406,6000.272698857982,5637.465512415406,5842.1259765625,104668,0.0,0.0
2022-06-15 00:00:00+09:00,5702.5846951227495,5888.639660705873,5432.80499502722,5553.74072265625,160434,0.0,0.0
2022-06-16 00:00:00+09:00,5628.162543135519,5777.006511218442,5628.162543135519,5665.37353515625,57820,0.0,0.0
2022-06-17 00:00:00+09:00,5516.529674663321,5637.46540108933,5367.6857036774645,5590.95166015625,40119,0.0,0.0
2022-06-20 00:00:00+09:00,5497.9241301900265,5572.346115031854,5144.419702191344,5293.263671875,71586,0.0,0.0
2022-06-21 00:00:00+09:00,5190.933429276316,5395.593887061404,5172.327933114035,5302.56640625,28534,0.0,0.0
2022-06-22 00:00:00+09:00,5330.475086805556,5395.594328703704,5023.484375,5023.484375,33028,0.0,0.0
2022-06-23 00:00:00+09:00,5107.208753551136,5107.208753551136,4604.8603515625,4604.8603515625,66602,0.0,0.0
2022-06-24 00:00:00+09:00,4404.851060841182,5023.483786386986,4404.851060841182,4753.7041015625,81823,0.0,0.0
2022-06-27 00:00:00+09:00,4874.640242173321,5200.236441555127,4837.429247958258,5125.814453125,37832,0.0,0.0
2022-06-28 00:00:00+09:00,5097.905682395081,5190.933158351196,5014.1809540345785,5153.72216796875,19270,0.0,0.0
2022-06-29 00:00:00+09:00,5004.878206438967,5153.72216796875,4911.850730482852,5153.72216796875,42433,0.0,0.0
2022-06-30 00:00:00+09:00,5153.722858796296,5153.722858796296,4949.0623842592595,5023.484375,27698,0.0,0.0
2022-07-01 00:00:00+09:00,4958.3645521190065,5032.7865341395545,4716.493110552226,4753.7041015625,38085,0.0,0.0
2022-07-04 00:00:00+09:00,4874.640012562814,4874.640012562814,4586.2548209799,4628.1171875,22554,0.0,0.0
2022-07-05 00:00:00+09:00,4707.1902328754795,4856.034192808302,4628.116879161168,4846.7314453125,54721,0.0,0.0
2022-07-06 00:00:00+09:00,4688.585169668416,5153.722587294251,4688.585169668416,4874.64013671875,67010,0.0,0.0
2022-07-07 00:00:00+09:00,4958.364705099988,5032.7866894166855,4893.245468822877,4986.27294921875,28128,0.0,0.0
2022-07-08 00:00:00+09:00,5069.997378355704,6335.171036073825,5032.786388422819,5544.4375,3097384,0.0,0.0
2022-07-11 00:00:00+09:00,5581.648967493718,5702.5846951227495,5488.6214847021565,5553.74072265625,274836,0.0,0.0
2022-07-12 00:00:00+09:00,5535.134995404412,5535.134995404412,5293.263550227076,5376.98828125,94958,0.0,0.0
2022-07-13 00:00:00+09:00,5376.987974775599,5404.896216859209,5218.84126963514,5246.74951171875,78306,0.0,0.0
2022-07-14 00:00:00+09:00,5172.328096998208,5339.777567764337,5163.025348622312,5190.93359375,58602,0.0,0.0
2022-07-15 00:00:00+09:00,5302.5660620947,5302.5660620947,5116.511112547518,5200.23583984375,43366,0.0,0.0
2022-07-18 00:00:00+09:00,5256.05265228218,5330.474636739274,5228.144408110771,5311.869140625,39941,0.0,0.0
2022-07-19 00:00:00+09:00,5302.56580412079,5395.593274368523,5256.0520689969235,5386.29052734375,37012,0.0,0.0
2022-07-20 00:00:00+09:00,5432.804714347079,5488.621201138316,5386.290975354382,5414.19921875,52752,0.0,0.0
2022-07-21 00:00:00+09:00,5414.198997026294,5721.189661806135,5404.896249608722,5572.345703125,243291,0.0,0.0
2022-07-22 00:00:00+09:00,5572.346205287155,5693.2819326139215,5497.924219239914,5563.04345703125,59225,0.0,0.0
2022-07-25 00:00:00+09:00,5860.731788635254,6809.612173461915,5702.585057830811,5953.75927734375,3369903,0.0,0.0
2022-07-26 00:00:00+09:00,5870.033757706419,6260.749158377846,5721.189795545876,5823.52001953125,460880,0.0,0.0
2022-07-27 00:00:00+09:00,5823.519966827877,5907.244694785467,5739.795238870288,5860.73095703125,105379,0.0,0.0
2022-07-28 00:00:00+09:00,5860.731675889757,6725.887304235387,5786.309686354649,6028.18115234375,1486992,0.0,0.0
2022-07-29 00:00:00+09:00,6028.180465214932,6493.317846790159,5944.455736531392,6167.7216796875,871691,0.0,0.0
2022-08-01 00:00:00+09:00,6139.813708932737,6167.72195306425,5981.6669921875,5981.6669921875,100932,0.0,0.0
2022-08-02 00:00:00+09:00,5916.54800625,5981.6672453125,5814.2177734375,5814.2177734375,72444,0.0,0.0
2022-08-03 00:00:00+09:00,5804.914739744582,6046.786187233939,5767.703747823142,6009.5751953125,73224,0.0,0.0
2022-08-04 00:00:00+09:00,6009.5757705688475,6046.786766052246,5935.153779602051,5953.75927734375,40747,0.0,0.0
2022-08-05 00:00:00+09:00,5963.061997268059,6056.089485524971,5879.337257836838,5972.36474609375,51791,0.0,0.0
2022-08-08 00:00:00+09:00,6130.511387954523,6260.749869640962,5981.667408884307,6028.18115234375,159802,0.0,0.0
2022-08-09 00:00:00+09:00,6111.905622628139,6586.345785115254,6074.694629491894,6204.93310546875,500533,0.0,0.0
2022-08-10 00:00:00+09:00,6177.024846790793,6409.593553371772,6065.391867631924,6214.23583984375,248499,0.0,0.0
2022-08-11 00:00:00+09:00,6288.657619761164,6484.015326883922,6288.657619761164,6353.77685546875,193356,0.0,0.0
2022-08-12 00:00:00+09:00,6297.960574212902,6418.896301635011,6149.116602001076,6214.23583984375,108619,0.0,0.0
2022-08-16 00:00:00+09:00,6204.933261033965,6223.53875806855,5972.364548101657,6102.60302734375,63310,0.0,0.0
2022-08-17 00:00:00+09:00,6000.272920540717,6074.69491025285,5907.245433400551,6018.87841796875,55810,0.0,0.0
2022-08-18 00:00:00+09:00,5963.061997268059,6000.272992570824,5786.309769579926,5972.36474609375,43295,0.0,0.0
2022-08-19 00:00:00+09:00,6037.483174092061,6037.483174092061,5842.125475084459,5851.42822265625,36295,0.0,0.0
2022-08-22 00:00:00+09:00,5767.703214212887,5804.914202691681,5609.556513178019,5702.583984375,39384,0.0,0.0
2022-08-23 00:00:00+09:00,5590.951133071192,5888.6390469784765,5563.042891142384,5618.859375,52422,0.0,0.0
2022-08-24 00:00:00+09:00,5581.648710176542,6400.2905210024355,5581.648710176542,5730.49267578125,1540531,0.0,0.0
2022-08-25 00:00:00+09:00,5842.125358174961,5953.758326802508,5739.795136933043,5935.15283203125,136952,0.0,0.0
2022-08-26 00:00:00+09:00,6009.575375814573,6056.089117113448,5814.2176623593,5888.6396484375,64681,0.0,0.0
2022-08-29 00:00:00+09:00,5646.768440358232,5814.2179163490855,5628.1629430259145,5721.1904296875,40297,0.0,0.0
2022-08-30 00:00:00+09:00,5711.887074005909,5870.033784523988,5702.584326328375,5804.91455078125,28489,0.0,0.0
2022-08-31 00:00:00+09:00,5860.73095703125,5953.758432539683,5777.006229073661,5860.73095703125,32149,0.0,0.0
2022-09-01 00:00:00+09:00,5823.520113401151,5879.336600111066,5693.281644411349,5758.40087890625,29649,0.0,0.0
2022-09-02 00:00:00+09:00,5721.190444001934,5916.548166480049,5665.37395186533,5711.8876953125,45827,0.0,0.0
2022-09-05 00:00:00+09:00,5628.162583958591,5795.61204926645,5628.162583958591,5637.46533203125,28771,0.0,0.0
2022-09-06 00:00:00+09:00,5730.492730034723,5730.492730034723,5628.162502712674,5693.28173828125,13998,0.0,0.0
2022-09-07 00:00:00+09:00,5739.79523806387,5739.79523806387,5516.529296875,5516.529296875,40765,0.0,0.0
2022-09-08 00:00:00+09:00,5535.134967672414,5609.556950431034,5395.59375,5395.59375,25148,0.0,0.0
2022-09-13 00:00:00+09:00,5460.713039822049,5739.79547797309,5460.713039822049,5693.28173828125,23847,0.0,0.0
2022-09-14 00:00:00+09:00,5535.135157385537,5656.070883513289,5488.621416567172,5600.25439453125,14331,0.0,0.0
2022-09-15 00:00:00+09:00,5581.64895354306,5711.887429125732,5535.135212263534,5563.04345703125,45561,0.0,0.0
2022-09-16 00:00:00+09:00,5442.1078398106465,5656.071054025424,5442.1078398106465,5488.62158203125,18077,0.0,0.0
2022-09-19 00:00:00+09:00,5488.621367872807,5516.529612116228,5246.749917763158,5302.56640625,31886,0.0,0.0
2022-09-20 00:00:00+09:00,5302.56580412079,5404.896021393296,5302.56580412079,5386.29052734375,13161,0.0,0.0
2022-09-21 00:00:00+09:00,5414.198858514533,5414.198858514533,5209.538420563811,5321.17138671875,22023,0.0,0.0
2022-09-22 00:00:00+09:00,5190.933483325972,5274.658216928004,5125.814246079947,5265.35546875,22007,0.0,0.0
2022-09-23 00:00:00+09:00,5256.051982761083,5256.051982761083,5088.6025390625,5088.6025390625,22238,0.0,0.0
2022-09-26 00:00:00+09:00,4893.245986328125,4995.576225585937,4651.37451171875,4651.37451171875,64064,0.0,0.0
2022-09-27 00:00:00+09:00,4432.759590882221,4669.979673919989,4418.805468350588,4549.0439453125,66090,0.0,0.0
2022-09-28 00:00:00+09:00,4511.833107920372,4637.420215048051,4316.475385721757,4446.7138671875,42834,0.0,0.0
2022-09-29 00:00:00+09:00,4460.667473856608,4600.208687845866,4409.502362060547,4465.31884765625,13056,0.0,0.0
2022-09-30 00:00:00+09:00,4330.428826959839,4618.813990516778,4269.960970084997,4600.20849609375,33050,0.0,0.0
2022-10-04 00:00:00+09:00,4609.511684433045,4632.7685546875,4549.043821771461,4632.7685546875,21000,0.0,0.0
2022-10-05 00:00:00+09:00,4651.374468035537,4716.493710588034,4465.319489314115,4679.28271484375,25185,0.0,0.0
2022-10-06 00:00:00+09:00,4590.9060943301365,5004.878376392327,4590.9060943301365,4697.8876953125,123463,0.0,0.0
2022-10-07 00:00:00+09:00,4688.585377271611,4735.09912109375,4637.4202590672585,4735.09912109375,6631,0.0,0.0
2022-10-11 00:00:00+09:00,4637.420328689559,4637.420328689559,4376.943359375,4376.943359375,37346,0.0,0.0
2022-10-12 00:00:00+09:00,4372.291378144551,4460.66748046875,4283.915275820354,4460.66748046875,10295,0.0,0.0
2022-10-13 00:00:00+09:00,4362.988639175623,4465.318863122172,4111.814453125,4111.814453125,24741,0.0,0.0
2022-10-14 00:00:00+09:00,4232.750405665333,4353.686131541485,4223.447657521014,4288.56689453125,17464,0.0,0.0
2022-10-17 00:00:00+09:00,4237.401699156016,4372.291544683485,4176.93383736784,4344.38330078125,16152,0.0,0.0
2022-10-18 00:00:00+09:00,4353.685974702381,4469.970322317295,4316.474983465609,4395.54833984375,27031,0.0,0.0
2022-10-19 00:00:00+09:00,4395.5482799602005,4483.924382943527,4395.5482799602005,4437.41064453125,30523,0.0,0.0
2022-10-20 00:00:00+09:00,4460.66762950657,4818.823424576441,4321.1264106481785,4358.33740234375,206291,0.0,0.0
2022-10-21 00:00:00+09:00,4418.805302461771,5665.37353515625,4418.805302461771,5665.37353515625,4538298,0.0,0.0
2022-10-24 00:00:00+09:00,5907.244983291,6307.263147513854,5497.924071062962,5665.37353515625,3348719,0.0,0.0
2022-10-25 00:00:00+09:00,5767.70373555135,5944.455946802117,5544.43778449775,5683.97900390625,1003695,0.0,0.0
2022-10-26 00:00:00+09:00,5553.740604440789,5600.254344846491,5293.263658168859,5302.56640625,363427,0.0,0.0
2022-10-27 00:00:00+09:00,5349.079732691988,5749.097869223737,5135.116543384308,5246.74951171875,865890,0.0,0.0
2022-10-28 00:00:00+09:00,5246.750198863637,5293.263941761364,5116.51171875,5116.51171875,146936,0.0,0.0
2022-10-31 00:00:00+09:00,5172.327712414821,5842.125545677172,5144.419469362223,5460.712890625,2744014,0.0,0.0
2022-11-01 00:00:00+09:00,5395.593804253473,5451.410291883681,5293.263576931424,5358.3828125,221635,0.0,0.0
2022-11-02 00:00:00+09:00,5404.896380880605,5423.501876167629,5135.11669921875,5135.11669921875,145667,0.0,0.0
2022-11-03 00:00:00+09:00,5051.391957398565,5172.327676452306,4735.098538334934,5144.41943359375,107246,0.0,0.0
2022-11-04 00:00:00+09:00,5023.483310957496,5153.721767167504,4939.7585891082035,5088.6025390625,53425,0.0,0.0
2022-11-07 00:00:00+09:00,5060.69504884547,5237.447265625,5060.69504884547,5237.447265625,56875,0.0,0.0
2022-11-08 00:00:00+09:00,5265.3549036412805,5330.474133898329,5172.327431845499,5321.17138671875,69306,0.0,0.0
2022-11-09 00:00:00+09:00,5358.382853403142,5414.199341459424,5293.2636173374785,5330.474609375,89978,0.0,0.0
2022-11-10 00:00:00+09:00,5386.2910563151045,5470.015787760417,5265.355333116319,5358.3828125,141372,0.0,0.0
2022-11-11 00:00:00+09:00,5414.198858514533,5516.529077489893,5321.17138671875,5321.17138671875,120244,0.0,0.0
2022-11-14 00:00:00+09:00,5321.17138671875,5395.593364155376,5246.749409282124,5321.17138671875,55530,0.0,0.0
2022-11-15 00:00:00+09:00,5283.960310071243,5432.804262467616,5256.0520689969235,5386.29052734375,68479,0.0,0.0
2022-11-16 00:00:00+09:00,5432.805119313351,5470.01611328125,5330.474885901626,5470.01611328125,50251,0.0,0.0
2022-11-17 00:00:00+09:00,5479.318453339777,5479.318453339777,5349.079984160224,5414.19921875,47949,0.0,0.0
2022-11-18 00:00:00+09:00,5470.015250566709,5628.161949987856,5358.38228626943,5386.29052734375,188104,0.0,0.0
2022-11-21 00:00:00+09:00,5479.318819565619,5730.493026914129,5404.896832203099,5497.92431640625,348236,0.0,0.0
2022-11-22 00:00:00+09:00,5618.860389387104,5721.1906282666705,5228.144931846941,5283.96142578125,302548,0.0,0.0
2022-11-23 00:00:00+09:00,5395.594199503646,5814.217887396171,5283.961216065641,5739.7958984375,977388,0.0,0.0
2022-11-24 00:00:00+09:00,6307.263231734155,6911.941860145246,5823.520329005281,5944.4560546875,6829550,0.0,0.0
2022-11-25 00:00:00+09:00,5990.969802679312,6037.483543383344,5609.55712890625,5609.55712890625,379375,0.0,0.0
2022-11-28 00:00:00+09:00,5693.282381299516,5693.282381299516,5256.053178814096,5283.96142578125,264092,0.0,0.0
2022-11-29 00:00:00+09:00,5172.328096998208,5274.658329133064,5116.511606742832,5190.93359375,227964,0.0,0.0
2022-11-30 00:00:00+09:00,5181.630410755584,5228.1441487336415,5125.813925181916,5153.72216796875,95876,0.0,0.0
2022-12-01 00:00:00+09:00,5200.236342125896,5200.236342125896,5116.511606742832,5190.93359375,76420,0.0,0.0
2022-12-02 00:00:00+09:00,5200.23612573333,5200.23612573333,4986.272921991171,5004.87841796875,90683,0.0,0.0
2022-12-05 00:00:00+09:00,5004.878877314815,5097.906365740741,4995.576128472222,5023.484375,38047,0.0,0.0
2022-12-06 00:00:00+09:00,4995.575325026684,5023.4835670659395,4902.5478515625,4902.5478515625,38693,0.0,0.0
2022-12-07 00:00:00+09:00,4846.731809220224,4967.667535745873,4828.126312831662,4930.45654296875,27647,0.0,0.0
2022-12-08 00:00:00+09:00,4856.0347388025875,4911.851230053192,4809.52099609375,4809.52099609375,46172,0.0,0.0
2022-12-09 00:00:00+09:00,4809.520481469774,4874.639714294316,4809.520481469774,4828.1259765625,35593,0.0,0.0
2022-12-12 00:00:00+09:00,4846.731836492365,4921.153822465376,4846.731836492365,4911.85107421875,23354,0.0,0.0
2022-12-13 00:00:00+09:00,4874.640026580122,4958.364759861079,4874.640026580122,4949.06201171875,31891,0.0,0.0
2022-12-14 00:00:00+09:00,4930.456886574074,5032.787123842593,4930.456886574074,5023.484375,33528,0.0,0.0
2022-12-15 00:00:00+09:00,5023.484448014019,5051.39269494743,4958.3652051693925,4976.970703125,25224,0.0,0.0
2022-12-16 00:00:00+09:00,4893.245455438198,4995.57568359375,4874.639959409916,4995.57568359375,28353,0.0,0.0
2022-12-19 00:00:00+09:00,4995.575851004464,4995.575851004464,4883.94287109375,4883.94287109375,18947,0.0,0.0
2022-12-20 00:00:00+09:00,4828.1265074264165,4921.153993118641,4744.401770303415,4800.21826171875,37454,0.0,0.0
2022-12-21 00:00:00+09:00,4781.612318012914,4874.639795017057,4744.401327211257,4772.3095703125,18476,0.0,0.0
2022-12-22 00:00:00+09:00,4772.310016011083,4865.337501703307,4735.099021734193,4800.21826171875,19025,0.0,0.0
2022-12-23 00:00:00+09:00,4725.79650390625,4763.0075,4646.723137207031,4651.37451171875,27890,0.0,0.0
2022-12-26 00:00:00+09:00,4893.245574765467,4893.245574765467,4586.2548828125,4586.2548828125,36068,0.0,0.0
2022-12-27 00:00:00+09:00,4535.089774349619,4609.511760390228,4535.089774349619,4581.603515625,31658,0.0,0.0
2022-12-28 00:00:00+09:00,4652.453309955019,4676.06982421875,4643.006704249527,4676.06982421875,9761,75.0,0.0
2022-12-29 00:00:00+09:00,4628.835968177355,4666.6223842441095,4510.75341796875,4510.75341796875,47034,0.0,0.0
2023-01-02 00:00:00+09:00,4477.691021891711,4581.6036827373,4383.224966577541,4416.2880859375,42516,0.0,0.0
2023-01-03 00:00:00+09:00,4302.928819560495,4430.457994234625,4255.695791903409,4416.2880859375,34305,0.0,0.0
2023-01-04 00:00:00+09:00,4340.715320246918,4501.3076171875,4335.992017395724,4501.3076171875,22259,0.0,0.0
2023-01-05 00:00:00+09:00,4468.244294241573,4676.069610252809,4468.244294241573,4624.11328125,40978,0.0,0.0
2023-01-06 00:00:00+09:00,4624.1135059675535,4713.856260424534,4539.094054376731,4690.23974609375,22207,0.0,0.0
2023-01-09 00:00:00+09:00,4690.239358935836,4798.87531589004,4690.239358935836,4789.4287109375,20835,0.0,0.0
2023-01-10 00:00:00+09:00,4836.662027833002,5308.992303988569,4732.749367078777,4751.642578125,368845,0.0,0.0
2023-01-11 00:00:00+09:00,4846.1084548862,5450.691186100073,4779.982218659682,4902.7880859375,914202,0.0,0.0
2023-01-12 00:00:00+09:00,4912.234523607337,5904.128033181895,4836.661684782609,5214.52587890625,6387574,0.0,0.0
2023-01-13 00:00:00+09:00,5157.846451400163,5195.6328722895405,5006.700767842648,5091.72021484375,272283,0.0,0.0
2023-01-16 00:00:00+09:00,5101.166973407452,5120.060184420072,4902.78825777494,4912.23486328125,186490,0.0,0.0
2023-01-17 00:00:00+09:00,4978.3606967745745,5327.885072069943,4874.448044659735,4997.25390625,510704,0.0,0.0
2023-01-18 00:00:00+09:00,4931.128046799444,4959.46786316036,4865.0018086239725,4883.89501953125,85260,0.0,0.0
2023-01-19 00:00:00+09:00,4846.108741656553,4912.234981796117,4817.768924453883,4865.001953125,46566,0.0,0.0
2023-01-20 00:00:00+09:00,4893.341452428537,4959.467688272166,4874.4482421875,4874.4482421875,43498,0.0,0.0
2023-01-25 00:00:00+09:00,4902.788113999641,4950.021140146073,4902.788113999641,4931.1279296875,39422,0.0,0.0
2023-01-26 00:00:00+09:00,4950.021312589627,4997.254340381513,4912.234890356119,4940.57470703125,34867,0.0,0.0
2023-01-27 00:00:00+09:00,4997.254340381513,4997.254340381513,4940.57470703125,4940.57470703125,294,0.0,0.0
2023-01-30 00:00:00+09:00,4968.9144065163355,4997.254222523083,4931.1279851740055,4987.8076171875,23395,0.0,0.0
2023-01-31 00:00:00+09:00,4987.807301512287,5016.1471157254255,4940.574277823724,4997.25390625,59,0.0,0.0
2023-02-01 00:00:00+09:00,4997.2541945684525,5006.700799851191,4950.021168154762,4959.4677734375,30622,0.0,0.0
2023-02-02 00:00:00+09:00,5006.700711992847,5044.4871324607175,4978.360896641944,5035.04052734375,59174,0.0,0.0
2023-02-03 00:00:00+09:00,5091.720478258635,5157.84671823602,5044.487449703361,5025.59423828125,792,0.0,0.0
2023-02-06 00:00:00+09:00,5044.4873046875,5082.273726445459,4959.467855732093,5044.4873046875,196,0.0,0.0
2023-02-07 00:00:00+09:00,5072.826832597583,5082.2734375,5035.040412987918,5082.2734375,1009,0.0,0.0
2023-02-08 00:00:00+09:00,5110.613570399791,5110.613570399791,5053.933937456355,5072.8271484375,863,0.0,0.0
2023-02-09 00:00:00+09:00,5129.506462012082,5129.506462012082,5035.040412987918,5082.2734375,65,0.0,0.0
2023-02-10 00:00:00+09:00,5091.720099954045,5091.720099954045,4921.681209788603,4978.36083984375,42275,0.0,0.0
2023-02-13 00:00:00+09:00,5025.594129356971,5025.594129356971,4874.44844125601,4912.23486328125,653,0.0,0.0
2023-02-14 00:00:00+09:00,4902.788141741072,4968.914378720238,4902.788141741072,4959.4677734375,16,0.0,0.0
2023-02-15 00:00:00+09:00,4931.128018984071,5006.700862186892,4808.322148779487,4855.55517578125,2155,0.0,0.0
2023-02-16 00:00:00+09:00,4817.768498455494,4931.1277572426825,4817.768498455494,4921.68115234375,20783,0.0,0.0
2023-02-17 00:00:00+09:00,4855.5549180512235,4931.1277572426825,4817.768498455494,4921.68115234375,10681,0.0,0.0
2023-02-20 00:00:00+09:00,4921.681209788603,4987.807444852941,4874.448184742647,4978.36083984375,122,0.0,0.0
2023-02-21 00:00:00+09:00,4931.127814797795,5006.700654871323,4921.681209788603,4978.36083984375,202,0.0,0.0
2023-02-22 00:00:00+09:00,4950.02128530649,4959.467890812801,4865.001835749699,4912.23486328125,887,0.0,0.0
2023-02-23 00:00:00+09:00,4912.234835892166,4921.681441345805,4865.0018086239725,4883.89501953125,23735,0.0,0.0
2023-02-24 00:00:00+09:00,4912.23410692402,4959.467127182905,4817.76806640625,4817.76806640625,1524,0.0,0.0
2023-02-27 00:00:00+09:00,4817.768816786779,4817.768816786779,4713.856156032555,4751.642578125,27947,0.0,0.0
2023-02-28 00:00:00+09:00,4690.239554507859,4827.21533203125,4690.239554507859,4827.21533203125,18274,0.0,0.0
2023-03-02 00:00:00+09:00,4827.215413724459,5101.166973407452,4827.215413724459,4912.23486328125,165533,0.0,0.0
2023-03-03 00:00:00+09:00,4950.020967040547,4959.467571939479,4883.894732748021,4921.68115234375,14585,0.0,0.0
2023-03-06 00:00:00+09:00,4921.68115234375,4950.020967040547,4855.5549180512235,4921.68115234375,21456,0.0,0.0
2023-03-07 00:00:00+09:00,4883.894875587067,4968.914322164018,4846.1084548862,4902.7880859375,32792,0.0,0.0
2023-03-08 00:00:00+09:00,4883.894703750905,4902.787913436596,4827.215074693835,4893.34130859375,17612,0.0,0.0
2023-03-09 00:00:00+09:00,4836.661849710983,5025.593953215318,4798.875429010116,4902.7880859375,67566,0.0,0.0
2023-03-10 00:00:00+09:00,4846.108740676926,4931.128192267749,4557.987265841358,4690.23974609375,53779,0.0,0.0
2023-03-13 00:00:00+09:00,4690.239430060458,4699.68603515625,4581.603471458857,4699.68603515625,31200,0.0,0.0
2023-03-14 00:00:00+09:00,4624.112698462702,4657.175812752016,4510.753449470766,4539.09326171875,25452,0.0,0.0
2023-03-15 00:00:00+09:00,4534.370751510573,4694.963048959907,4534.370751510573,4690.23974609375,32597,0.0,0.0
2023-03-16 00:00:00+09:00,4690.239328497979,4690.239328497979,4539.093650238226,4600.49658203125,14317,0.0,0.0
2023-03-17 00:00:00+09:00,4605.219984198336,4723.302547895729,4605.219984198336,4699.68603515625,15952,0.0,0.0
2023-03-20 00:00:00+09:00,4699.685734863281,4770.535268554688,4699.685734863281,4723.30224609375,7426,0.0,0.0
2023-03-21 00:00:00+09:00,4713.855641601563,4751.642059570313,4699.685734863281,4723.30224609375,12620,0.0,0.0
2023-03-22 00:00:00+09:00,4718.579549893466,4751.642669862689,4624.113492838542,4676.06982421875,19622,0.0,0.0
2023-03-23 00:00:00+09:00,4671.345734058998,4883.89432660971,4619.38941143549,4846.10791015625,41270,0.0,0.0
2023-03-24 00:00:00+09:00,4865.001725324495,4959.467778243417,4751.642461821789,4798.87548828125,47403,0.0,0.0
2023-03-27 00:00:00+09:00,4751.642059570313,4798.87508203125,4600.4963876953125,4723.30224609375,20954,0.0,0.0
2023-03-28 00:00:00+09:00,4723.302562155562,4751.642377528495,4657.176326285384,4713.85595703125,14441,0.0,0.0
2023-03-29 00:00:00+09:00,4690.239759330289,4742.196091004644,4647.7300334149095,4704.40966796875,14928,0.0,0.0
2023-03-30 00:00:00+09:00,4789.429054365177,4902.788321924116,4694.96299806606,4808.322265625,32375,0.0,0.0
2023-03-31 00:00:00+09:00,4808.321891663567,4846.10831124442,4704.40923781622,4761.0888671875,18694,0.0,0.0
2023-04-03 00:00:00+09:00,4761.088442095588,4846.107878561581,4718.578723862592,4817.76806640625,21821,0.0,0.0
2023-04-04 00:00:00+09:00,4798.875401223353,4902.788057549055,4770.535585861798,4874.4482421875,23906,0.0,0.0
2023-04-05 00:00:00+09:00,4855.5545142696155,4893.340930723075,4817.768097816155,4846.10791015625,15027,0.0,0.0
2023-04-06 00:00:00+09:00,4827.215476884823,4836.662082514735,4723.302814955796,4808.322265625,21264,0.0,0.0
2023-04-07 00:00:00+09:00,4789.42868187314,4789.42868187314,4723.302447606647,4761.0888671875,14029,0.0,0.0
2023-04-10 00:00:00+09:00,4713.85588500604,4713.85588500604,4614.666532716334,4643.00634765625,30506,0.0,0.0
2023-04-11 00:00:00+09:00,4643.00634765625,4661.899557616194,4562.710205326488,4643.00634765625,28633,0.0,0.0
2023-04-12 00:00:00+09:00,4652.453152592079,4680.79296875,4638.283244513118,4680.79296875,12835,0.0,0.0
2023-04-13 00:00:00+09:00,4680.792824964667,4699.68603515625,4600.496681650439,4699.68603515625,13336,0.0,0.0
2023-04-14 00:00:00+09:00,4694.963035629735,4742.196064157197,4671.346521366004,4676.06982421875,21073,0.0,0.0
2023-04-17 00:00:00+09:00,4690.239358935836,4789.4287109375,4671.346149030757,4789.4287109375,21879,0.0,0.0
2023-04-18 00:00:00+09:00,4742.195972601889,4808.322211263668,4732.749367078777,4751.642578125,9633,0.0,0.0
2023-04-19 00:00:00+09:00,4751.6424059620895,4789.4288266854455,4723.302590419572,4742.19580078125,22138,0.0,0.0
2023-04-20 00:00:00+09:00,4713.85588500604,4723.302489986012,4628.836440186292,4643.00634765625,36135,0.0,0.0
2023-04-21 00:00:00+09:00,4666.622830971724,4666.622830971724,4567.433479301273,4614.66650390625,19689,0.0,0.0
2023-04-24 00:00:00+09:00,4581.602948093913,4614.666062152323,4491.860209935373,4510.75341796875,17430,0.0,0.0
2023-04-25 00:00:00+09:00,4510.753862893102,4529.647072790037,4331.268368872225,4468.244140625,27921,0.0,0.0
2023-04-26 00:00:00+09:00,4354.885021687566,4477.690889978106,4354.885021687566,4449.35107421875,14047,0.0,0.0
2023-04-27 00:00:00+09:00,4435.181023305365,4472.967443099234,4369.054788666094,4468.244140625,10150,0.0,0.0
2023-04-28 00:00:00+09:00,4472.967918938063,4482.41452489147,4411.56498024092,4454.07470703125,11773,0.0,0.0
2023-05-02 00:00:00+09:00,4392.671497272995,4534.370577830188,4392.671497272995,4506.03076171875,9121,0.0,0.0
2023-05-03 00:00:00+09:00,4458.797564338235,4529.64710190717,4425.734446806066,4496.583984375,8181,0.0,0.0
2023-05-04 00:00:00+09:00,4472.967528283843,4581.603487260114,4449.351015462915,4553.263671875,6934,0.0,0.0
2023-05-08 00:00:00+09:00,4515.4772793170105,4591.050120811856,4510.753976723582,4581.603515625,7422,0.0,0.0
2023-05-09 00:00:00+09:00,4543.816864907492,4581.603283742482,4510.753748426876,4515.47705078125,6157,0.0,0.0
2023-05-10 00:00:00+09:00,4487.1374359764,4562.710277003372,4482.414133412215,4553.263671875,9691,0.0,0.0
2023-05-11 00:00:00+09:00,4548.540196916418,4628.836337464268,4515.477080220245,4543.81689453125,18162,0.0,0.0
2023-05-12 00:00:00+09:00,4529.647528160853,4591.050466498799,4425.73486328125,4425.73486328125,18460,0.0,0.0
2023-05-15 00:00:00+09:00,4430.457807249664,4591.0500945060485,4364.331571320565,4392.67138671875,20702,0.0,0.0
2023-05-16 00:00:00+09:00,4416.2880169412365,4487.137557319973,4345.4384765625,4345.4384765625,9166,0.0,0.0
2023-05-17 00:00:00+09:00,4265.1422447791465,4425.734533065405,4265.1422447791465,4421.01123046875,5699,0.0,0.0
2023-05-18 00:00:00+09:00,4397.39505848986,4449.351391082115,4397.39505848986,4439.90478515625,6533,0.0,0.0
2023-05-19 00:00:00+09:00,4439.90479810114,4463.521312984656,4421.011586194327,4454.07470703125,12724,0.0,0.0
2023-05-22 00:00:00+09:00,4463.52099609375,4477.690904017857,4435.181180245536,4463.52099609375,6686,0.0,0.0
2023-05-23 00:00:00+09:00,4506.030084093454,4534.3698959430985,4444.6271584192245,4482.41357421875,10148,0.0,0.0
2023-05-24 00:00:00+09:00,4482.414432147745,4529.6474609375,4468.244523510819,4529.6474609375,11169,0.0,0.0
2023-05-25 00:00:00+09:00,4510.754249421599,4548.540672453402,4501.3076436636475,4529.6474609375,16653,0.0,0.0
2023-05-26 00:00:00+09:00,4506.030747855875,4628.836617294295,4491.86083984375,4491.86083984375,23721,0.0,0.0
2023-05-30 00:00:00+09:00,4501.307286879596,4576.880126953125,4487.137379365809,4496.583984375,6464,0.0,0.0
2023-05-31 00:00:00+09:00,4520.200496897978,4543.817009420956,4449.350959329045,4496.583984375,7011,0.0,0.0
2023-06-01 00:00:00+09:00,4496.583984375,4496.583984375,4444.627656824448,4496.583984375,5894,0.0,0.0
2023-06-02 00:00:00+09:00,4496.584340784671,4529.6474609375,4463.521220631843,4529.6474609375,3488,0.0,0.0
2023-06-05 00:00:00+09:00,4534.370535714285,4534.370535714285,4463.52099609375,4463.52099609375,8040,0.0,0.0
2023-06-07 00:00:00+09:00,4454.073793868619,4510.75341796875,4454.073793868619,4510.75341796875,3203,0.0,0.0
2023-06-08 00:00:00+09:00,4510.753891888787,4520.200496897978,4454.07426183364,4496.583984375,6961,0.0,0.0
2023-06-09 00:00:00+09:00,4496.583480143572,4515.476688043335,4458.797064344047,4482.41357421875,9176,0.0,0.0
2023-06-12 00:00:00+09:00,4482.414220624835,4496.584128593091,4458.797707344409,4477.69091796875,4968,0.0,0.0
2023-06-13 00:00:00+09:00,4515.477165367336,4515.477165367336,4454.074233202299,4468.244140625,3305,0.0,0.0
2023-06-14 00:00:00+09:00,4468.244402578461,4468.244402578461,4402.1181640625,4402.1181640625,10845,0.0,0.0
2023-06-15 00:00:00+09:00,4378.501754943382,4421.011480719532,4335.992029167233,4340.71533203125,12080,0.0,0.0
2023-06-16 00:00:00+09:00,4340.715503274294,4364.332018526058,4326.545594123236,4350.162109375,5821,0.0,0.0
2023-06-19 00:00:00+09:00,4307.651586199891,4359.60791015625,4307.651586199891,4359.60791015625,6056,0.0,0.0
2023-06-20 00:00:00+09:00,4335.99192554654,4406.84146681364,4335.99192554654,4402.1181640625,7446,0.0,0.0
2023-06-21 00:00:00+09:00,4383.22509765625,4402.118309284078,4345.438674400592,4383.22509765625,10969,0.0,0.0
2023-06-22 00:00:00+09:00,4335.9920815571295,4439.904745821026,4317.098869872784,4397.39501953125,8886,0.0,0.0
2023-06-23 00:00:00+09:00,4439.9045860716205,4439.9045860716205,4354.8851365511,4402.1181640625,2898,0.0,0.0
2023-06-26 00:00:00+09:00,4378.501768298366,4397.394979812059,4326.54543663571,4354.88525390625,5108,0.0,0.0
2023-06-27 00:00:00+09:00,4373.778162292679,4378.50146484375,4335.991741884102,4378.50146484375,4362,0.0,0.0
2023-06-28 00:00:00+09:00,4364.331557190534,4378.50146484375,4335.991741884102,4378.50146484375,8377,0.0,0.0
2023-06-29 00:00:00+09:00,4340.715305290765,4378.501727970119,4312.37548828125,4312.37548828125,8427,0.0,0.0
2023-06-30 00:00:00+09:00,4298.205279181985,4335.99169921875,4246.248951631434,4335.99169921875,3701,0.0,0.0
2023-07-03 00:00:00+09:00,4293.482316486748,4354.88525390625,4293.482316486748,4354.88525390625,6885,0.0,0.0
2023-07-04 00:00:00+09:00,4354.884909237133,4354.884909237133,4298.205279181985,4335.99169921875,4970,0.0,0.0
2023-07-05 00:00:00+09:00,4302.928869226477,4373.778411529876,4298.20556640625,4298.20556640625,5530,0.0,0.0
2023-07-06 00:00:00+09:00,4298.205484296174,4317.0986952161575,4208.462732426254,4213.18603515625,8797,0.0,0.0
2023-07-07 00:00:00+09:00,4095.1028238017907,4213.185373507725,4095.1028238017907,4203.73876953125,11437,0.0,0.0
2023-07-10 00:00:00+09:00,4076.2100332342684,4199.015897503204,4076.2100332342684,4147.0595703125,8342,0.0,0.0
2023-07-11 00:00:00+09:00,4147.0595703125,4147.0595703125,4109.273150537443,4147.0595703125,8144,0.0,0.0
2023-07-12 00:00:00+09:00,4147.059859913793,4147.059859913793,4095.1035290948275,4109.2734375,12325,0.0,0.0
2023-07-13 00:00:00+09:00,4095.103385453912,4132.889806542298,4095.103385453912,4128.16650390625,5029,0.0,0.0
2023-07-14 00:00:00+09:00,4128.166833705357,4161.229954799107,4080.9338035714286,4132.89013671875,8471,0.0,0.0
2023-07-17 00:00:00+09:00,4132.889806542298,4132.889806542298,4071.48687227367,4128.16650390625,8656,0.0,0.0
2023-07-18 00:00:00+09:00,4000.637034254808,4128.166195913462,3991.1904296875,3991.1904296875,27112,0.0,0.0
2023-07-19 00:00:00+09:00,3967.574146841597,3995.91396217618,3934.511028951251,3977.020751953125,13734,0.0,0.0
2023-07-20 00:00:00+09:00,3934.5110723920866,3962.8508880395684,3783.365388938849,3939.234375,22854,0.0,0.0
2023-07-21 00:00:00+09:00,3929.7879276710687,3939.2345332664318,3873.1082940988895,3934.51123046875,5717,0.0,0.0
2023-07-24 00:00:00+09:00,3915.617908755987,3915.617908755987,3792.8120394825787,3821.15185546875,15952,0.0,0.0
2023-07-25 00:00:00+09:00,3769.1955879725224,3792.8121016816235,3641.666413943377,3717.2392578125,21160,0.0,0.0
2023-07-26 00:00:00+09:00,3717.239193634612,3717.239193634612,3457.4575473196137,3485.79736328125,30363,0.0,0.0
2023-07-27 00:00:00+09:00,3419.6708947243346,3759.7486632604564,3419.6708947243346,3726.685546875,35375,0.0,0.0
2023-07-28 00:00:00+09:00,3618.049632127372,3721.9622847472187,3570.8166082092603,3608.60302734375,21498,0.0,0.0
2023-07-31 00:00:00+09:00,3641.666331833144,3670.0061476450746,3608.6032133858907,3632.2197265625,13802,0.0,0.0
2023-08-01 00:00:00+09:00,3632.219597570675,3674.7293197789145,3627.496295103093,3665.28271484375,14735,0.0,0.0
2023-08-02 00:00:00+09:00,3589.709973457532,3726.685748760517,3580.263368264223,3684.176025390625,11490,0.0,0.0
2023-08-03 00:00:00+09:00,3651.1127214591734,3660.559326171875,3566.0932790448587,3660.559326171875,11238,0.0,0.0
2023-08-04 00:00:00+09:00,3632.2197815801055,3688.8994140625,3584.9867545114435,3688.8994140625,9177,0.0,0.0
2023-08-07 00:00:00+09:00,3636.942928538603,3717.239071116728,3608.6031135110297,3693.62255859375,7181,0.0,0.0
2023-08-08 00:00:00+09:00,3693.6226465608684,3703.0692517950392,3547.2002654312173,3618.0498046875,12995,0.0,0.0
2023-08-09 00:00:00+09:00,3655.8362814307516,3693.622702944248,3533.0304115118893,3674.7294921875,12310,0.0,0.0
2023-08-10 00:00:00+09:00,3632.2197106606204,3707.7925524949114,3622.773105431334,3698.345947265625,6068,0.0,0.0
2023-08-11 00:00:00+09:00,3698.345889638523,3721.96240234375,3665.282771851206,3721.96240234375,3743,0.0,0.0
2023-08-14 00:00:00+09:00,3750.302490234375,3750.302490234375,3655.8364325458515,3750.302490234375,4285,0.0,0.0
2023-08-16 00:00:00+09:00,3660.5595873157235,3745.5790357953147,3570.816836142822,3594.433349609375,15178,0.0,0.0
2023-08-17 00:00:00+09:00,3523.583740234375,3566.0934636420284,3466.904109024171,3523.583740234375,17308,0.0,0.0
2023-08-18 00:00:00+09:00,3514.1369065003337,3542.476720262433,3433.8407675077187,3537.75341796875,5107,0.0,0.0
2023-08-21 00:00:00+09:00,3537.753720519363,3537.753720519363,3471.6274827526463,3514.13720703125,3922,0.0,0.0
2023-08-22 00:00:00+09:00,3533.030509529533,4194.292904361264,3424.39454466432,3438.564453125,478334,0.0,0.0
2023-08-23 00:00:00+09:00,3452.7340592492324,3495.2437809089356,3424.3942448094303,3462.1806640625,29632,0.0,0.0
2023-08-24 00:00:00+09:00,3448.0108283547797,3514.1370634191176,3362.991383272059,3372.43798828125,26265,0.0,0.0
2023-08-25 00:00:00+09:00,3396.054557695205,3452.7341886998533,3386.6079525277632,3429.11767578125,11693,0.0,0.0
2023-08-28 00:00:00+09:00,3429.117661598807,3448.01087185555,3400.777846213693,3414.94775390625,8077,0.0,0.0
2023-08-29 00:00:00+09:00,3396.0545716253,3443.28759765625,3391.331269022205,3443.28759765625,9204,0.0,0.0
2023-08-30 00:00:00+09:00,3429.1178608071136,3481.0741920314636,3429.1178608071136,3452.734375,5472,0.0,0.0
2023-08-31 00:00:00+09:00,3414.9477249686006,3485.79726283102,3414.9477249686006,3466.904052734375,8749,0.0,0.0
2023-09-01 00:00:00+09:00,3485.79726283102,3504.690472927665,3438.564237589407,3466.904052734375,9580,0.0,0.0
2023-09-04 00:00:00+09:00,3466.9040811074747,3495.243896484375,3429.1176606049407,3495.243896484375,10637,0.0,0.0
2023-09-05 00:00:00+09:00,3452.7341593479687,3693.62258906992,3452.7341593479687,3481.073974609375,36823,0.0,0.0
2023-09-06 00:00:00+09:00,3509.413789870781,3542.476907675755,3448.010856804401,3481.073974609375,8721,0.0,0.0
2023-09-07 00:00:00+09:00,3471.6273695222394,3481.073974609375,3448.010856804401,3481.073974609375,8147,0.0,0.0
2023-09-08 00:00:00+09:00,3438.564237589407,3481.0739603068587,3424.3943300169235,3466.904052734375,9550,0.0,0.0
2023-09-11 00:00:00+09:00,3466.903955589414,3641.666144086428,3457.457350805792,3608.60302734375,12479,0.0,0.0
2023-09-12 00:00:00+09:00,3627.496595330739,3646.3898067647538,3575.5402638872,3641.66650390625,5532,0.0,0.0
2023-09-13 00:00:00+09:00,3622.7729345191833,3670.0059584372952,3547.2000962502043,3608.60302734375,16316,0.0,0.0
2023-09-14 00:00:00+09:00,3589.709817776505,3608.60302734375,3551.923398642016,3608.60302734375,3524,0.0,0.0
2023-09-15 00:00:00+09:00,3608.603357332516,3660.5596883935864,3599.1567516850487,3613.32666015625,11349,0.0,0.0
2023-09-18 00:00:00+09:00,3613.326372419085,3613.326372419085,3547.200138152592,3570.816650390625,6740,0.0,0.0
2023-09-19 00:00:00+09:00,3570.8168671875,3575.540169921875,3537.753748046875,3542.47705078125,7364,0.0,0.0
2023-09-20 00:00:00+09:00,3542.4768927887817,3551.9234978362183,3499.9671700753165,3547.2001953125,4699,0.0,0.0
2023-09-21 00:00:00+09:00,3499.9671990471916,3518.8604092984588,3457.457475981841,3495.243896484375,7286,0.0,0.0
2023-09-22 00:00:00+09:00,3433.8410745847973,3528.30712890625,3414.947863720507,3528.30712890625,3480,0.0,0.0
2023-09-25 00:00:00+09:00,3490.520720703125,3542.47705078125,3466.90420703125,3542.47705078125,1586,0.0,0.0
2023-09-26 00:00:00+09:00,3504.6905739223407,3514.137179242886,3448.010941999068,3485.79736328125,3272,0.0,0.0
2023-09-27 00:00:00+09:00,3485.7971612799656,3485.7971612799656,3414.9476254815922,3448.0107421875,2287,0.0,0.0
2023-10-04 00:00:00+09:00,3443.287496275821,3443.287496275821,3311.0350272830597,3344.09814453125,6523,0.0,0.0
2023-10-05 00:00:00+09:00,3344.0985166574887,3367.715031605635,3216.5693359375,3216.5693359375,14474,0.0,0.0
2023-10-06 00:00:00+09:00,3136.273197642544,3249.6324698464914,3136.273197642544,3230.7392578125,3141,0.0,0.0
2023-10-10 00:00:00+09:00,3244.9088351024893,3263.802045204978,3174.0592972181553,3226.015625,5625,0.0,0.0
2023-10-11 00:00:00+09:00,3159.8895008916443,3259.078857421875,3159.8895008916443,3259.078857421875,3293,0.0,0.0
2023-10-12 00:00:00+09:00,3259.0787001787608,3353.5447494593045,3235.4621878586245,3344.09814453125,2654,0.0,0.0
2023-10-13 00:00:00+09:00,3372.438305115432,3372.438305115432,3301.5887608903176,3362.99169921875,5610,0.0,0.0
2023-10-16 00:00:00+09:00,3344.09825857736,3377.161376953125,3282.6953244509396,3377.161376953125,2524,0.0,0.0
2023-10-17 00:00:00+09:00,3348.821646407996,3381.884765625,3311.0352244457054,3381.884765625,2311,0.0,0.0
2023-10-18 00:00:00+09:00,3381.8845932904414,3381.8845932904414,3296.8651482077207,3372.43798828125,4235,0.0,0.0
2023-10-19 00:00:00+09:00,3226.0157487896126,3353.544921875,3226.0157487896126,3353.544921875,2509,0.0,0.0
2023-10-20 00:00:00+09:00,3311.0352188132824,3311.0352188132824,3145.719623009481,3207.12255859375,7271,0.0,0.0
2023-10-23 00:00:00+09:00,3174.059268833087,3202.3990837333827,3089.039824132201,3197.67578125,8559,0.0,0.0
2023-10-24 00:00:00+09:00,3122.103011791088,3188.229248046875,3089.0398936631946,3188.229248046875,11719,0.0,0.0
2023-10-25 00:00:00+09:00,3188.2293202370447,3197.67592563034,3169.336109450455,3178.78271484375,2408,0.0,0.0
2023-10-26 00:00:00+09:00,3174.059210526316,3174.059210526316,3117.3795817669175,3140.99609375,3270,0.0,0.0
2023-10-27 00:00:00+09:00,3112.6564360469224,3140.9962518531156,3103.209830778191,3136.27294921875,7107,0.0,0.0
2023-10-30 00:00:00+09:00,3126.8264430611434,3155.166259765625,3070.1468096521803,3155.166259765625,10062,0.0,0.0
2023-10-31 00:00:00+09:00,3126.8262864641724,3159.889404296875,3126.8262864641724,3159.889404296875,3467,0.0,0.0
2023-11-01 00:00:00+09:00,3159.8893896412887,3226.015625,3150.442784590044,3226.015625,3180,0.0,0.0
2023-11-02 00:00:00+09:00,3240.185771484375,3306.31201171875,3197.6760456194193,3306.31201171875,5207,0.0,0.0
2023-11-03 00:00:00+09:00,3301.588422355005,3344.09814453125,3287.418514962924,3344.09814453125,2176,0.0,0.0
2023-11-06 00:00:00+09:00,3344.098357093185,3396.0546875,3292.14202668637,3396.0546875,4426,0.0,0.0
2023-11-07 00:00:00+09:00,3400.7778900786716,3400.7778900786716,3292.1419297011585,3377.161376953125,3787,0.0,0.0
2023-11-08 00:00:00+09:00,3405.5014257538187,3712.5161173959796,3315.758669735341,3362.99169921875,62680,0.0,0.0
2023-11-09 00:00:00+09:00,3358.268238297686,3367.71484375,3311.035211036115,3367.71484375,2215,0.0,0.0
2023-11-10 00:00:00+09:00,3339.375158380179,3348.8217642030363,3254.35570597446,3334.65185546875,6838,0.0,0.0
2023-11-13 00:00:00+09:00,3315.7583290464454,3315.7583290464454,3263.802001953125,3263.802001953125,2573,0.0,0.0
2023-11-14 00:00:00+09:00,3230.738885394597,3396.054471635549,3230.738885394597,3344.09814453125,3539,0.0,0.0
2023-11-15 00:00:00+09:00,3377.1611919166953,3448.010727411451,3311.0349587882565,3433.8408203125,11541,0.0,0.0
2023-11-16 00:00:00+09:00,3353.545015389877,3452.734375,3353.545015389877,3452.734375,4893,0.0,0.0
2023-11-17 00:00:00+09:00,3452.7341734190245,3495.243896484375,3433.8409631677578,3495.243896484375,3703,0.0,0.0
2023-11-20 00:00:00+09:00,3476.3506862331083,3495.243896484375,3433.8409631677578,3495.243896484375,3466,0.0,0.0
2023-11-21 00:00:00+09:00,3457.4574899583613,3514.1371209412855,3457.4574899583613,3509.413818359375,8454,0.0,0.0
2023-11-22 00:00:00+09:00,3509.413818359375,3518.8604235231955,3485.7973054498234,3509.413818359375,10118,0.0,0.0
2023-11-23 00:00:00+09:00,3481.0740168267216,3523.583740234375,3466.904109024171,3523.583740234375,5439,0.0,0.0
2023-11-24 00:00:00+09:00,3518.8603659237133,3542.4768784466914,3495.2438534007356,3533.0302734375,3787,0.0,0.0
2023-11-27 00:00:00+09:00,3533.030389883977,3533.030389883977,3429.1177313579774,3485.79736328125,8718,0.0,0.0
2023-11-28 00:00:00+09:00,3485.79726283102,3485.79726283102,3448.0108426377296,3466.904052734375,2034,0.0,0.0
2023-11-29 00:00:00+09:00,3466.904052734375,3476.3506577826975,3311.0350694370527,3466.904052734375,12861,0.0,0.0
2023-11-30 00:00:00+09:00,3419.6710706138083,3476.350701618457,3414.947768030088,3429.11767578125,10824,0.0,0.0
2023-12-01 00:00:00+09:00,3429.1176325410847,3466.904052734375,3377.161304775311,3466.904052734375,5996,0.0,0.0
2023-12-04 00:00:00+09:00,3476.3508570586255,3523.5838850077917,3429.1178291094593,3504.690673828125,8898,0.0,0.0
2023-12-05 00:00:00+09:00,3504.690673828125,3504.690673828125,3429.1178291094593,3504.690673828125,8336,0.0,0.0
2023-12-06 00:00:00+09:00,3457.4573321440853,3481.0738439756706,3410.2243084809147,3433.8408203125,15859,0.0,0.0
2023-12-07 00:00:00+09:00,3400.7777037482806,3433.8408203125,3391.3310990156465,3433.8408203125,6345,0.0,0.0
2023-12-08 00:00:00+09:00,3405.501020708476,3448.0107421875,3400.7777183219177,3448.0107421875,2822,0.0,0.0
2023-12-11 00:00:00+09:00,3448.0107568425988,3466.9039664691336,3419.6709424027968,3462.1806640625,5772,0.0,0.0
2023-12-12 00:00:00+09:00,3462.1809806771544,3462.1809806771544,3414.9479522913816,3452.734375,1849,0.0,0.0
2023-12-13 00:00:00+09:00,3429.117703797387,3462.1808221535603,3377.1613749519724,3457.45751953125,13077,0.0,0.0
2023-12-14 00:00:00+09:00,3433.841061171665,3514.13720703125,3433.841061171665,3514.13720703125,5014,0.0,0.0
2023-12-15 00:00:00+09:00,3509.4137609145223,3533.0302734375,3481.073945886949,3533.0302734375,2028,0.0,0.0
2023-12-18 00:00:00+09:00,3533.0302734375,3533.0302734375,3466.9040383731617,3533.0302734375,5801,0.0,0.0
2023-12-19 00:00:00+09:00,3533.030302588619,3542.476907675755,3476.3506720658074,3481.073974609375,6007,0.0,0.0
2023-12-20 00:00:00+09:00,3481.074146399801,3499.9673575064485,3424.394513079859,3490.520751953125,5402,0.0,0.0
2023-12-21 00:00:00+09:00,3490.520751953125,3495.244054729787,3443.2877241865062,3490.520751953125,3243,0.0,0.0
2023-12-22 00:00:00+09:00,3462.1806640625,3476.3505712824012,3433.8408496226975,3462.1806640625,3709,0.0,0.0
2023-12-26 00:00:00+09:00,3551.923364122928,3551.923364122928,3358.2679679406942,3419.6708984375,14329,0.0,0.0
2023-12-27 00:00:00+09:00,3477.549815508137,3482.373046875,3400.378113638331,3482.373046875,4322,75.0,0.0
2023-12-28 00:00:00+09:00,3472.726753715035,3482.3732169197992,3448.610595703125,3448.610595703125,4192,0.0,0.0
2024-01-02 00:00:00+09:00,3448.6105638139707,3487.1964162762247,3405.2014797939346,3434.140869140625,9659,0.0,0.0
2024-01-03 00:00:00+09:00,3405.201469238968,3434.1408584959563,3400.3782376961367,3429.317626953125,2654,0.0,0.0
2024-01-04 00:00:00+09:00,3429.3173607744184,3438.9638231113363,3405.201204932123,3419.6708984375,2472,0.0,0.0
2024-01-05 00:00:00+09:00,3419.6708984375,3419.6708984375,3371.438586752909,3419.6708984375,5492,0.0,0.0
2024-01-08 00:00:00+09:00,3419.67117446728,3434.140869140625,3414.847942909498,3434.140869140625,2551,0.0,0.0
2024-01-09 00:00:00+09:00,3434.140733206371,3487.1962782418627,3414.8478077389195,3482.373046875,6455,0.0,0.0
2024-01-10 00:00:00+09:00,3482.3732058811056,4046.69130157098,3482.3732058811056,3554.7216796875,523851,0.0,0.0
2024-01-11 00:00:00+09:00,3559.54465584133,3578.8375808052397,3520.958805913511,3549.898193359375,27064,0.0,0.0
2024-01-12 00:00:00+09:00,3549.898297026279,3583.660916699084,3487.1962890625,3487.1962890625,19599,0.0,0.0
2024-01-15 00:00:00+09:00,3540.251903981855,3588.4842187500003,3511.312515120968,3738.00439453125,11541,0.0,0.0
2024-01-16 00:00:00+09:00,3723.5347243317133,4736.413341054071,3699.418566790705,3969.51953125,2460955,0.0,0.0
2024-01-17 00:00:00+09:00,4012.9284404342725,4316.792012246002,3926.1102770594925,4109.39306640625,395627,0.0,0.0
2024-01-18 00:00:00+09:00,4104.570047079745,4138.332667913538,3988.81248993531,4094.923583984375,128255,0.0,0.0
2024-01-19 00:00:00+09:00,4244.443554000586,4292.67586711423,4037.0446076119215,4114.21630859375,105174,0.0,0.0
2024-01-22 00:00:00+09:00,4070.807348901099,4094.9235061813188,3863.4083962912086,3950.2265625,83678,0.0,0.0
2024-01-23 00:00:00+09:00,3969.5193524884085,4070.807209599291,3911.6405769964754,3998.458740234375,56450,0.0,0.0
2024-01-24 00:00:00+09:00,4022.5748193002964,4027.3980504984984,3916.463732939857,3964.696044921875,22379,0.0,0.0
2024-01-25 00:00:00+09:00,3969.519334724379,3988.8122598020186,3776.5900839479814,3882.701171875,50703,0.0,0.0
2024-01-26 00:00:00+09:00,3877.877874687109,3877.877874687109,3762.120326188986,3853.76171875,23967,0.0,0.0
2024-01-29 00:00:00+09:00,3877.8780000281363,4032.221403014331,3863.4083059981804,4017.751708984375,44665,0.0,0.0
2024-01-30 00:00:00+09:00,4065.9840506803507,4065.9840506803507,3834.4689445917898,3921.287109375,45055,0.0,0.0
2024-01-31 00:00:00+09:00,3887.524539971502,3911.6406971673546,3694.595282404678,3834.468994140625,39630,0.0,0.0
2024-02-01 00:00:00+09:00,3834.468807426394,3834.468807426394,3665.6557152755463,3752.473876953125,36516,0.0,0.0
2024-02-02 00:00:00+09:00,3752.4738745117183,3858.5849609375,3684.9486376953123,3858.5849609375,22876,0.0,0.0
2024-02-05 00:00:00+09:00,3829.645713214945,3940.58003488238,3800.7063249538746,3921.287109375,16115,0.0,0.0
2024-02-06 00:00:00+09:00,3930.9335786262445,3930.9335786262445,3800.7063312361724,3815.176025390625,18714,0.0,0.0
2024-02-07 00:00:00+09:00,3829.645562812891,3901.9940306242174,3781.413250938673,3853.76171875,8129,0.0,0.0
2024-02-08 00:00:00+09:00,3853.761865543414,3853.761865543414,3757.29723812055,3810.352783203125,9226,0.0,0.0
2024-02-13 00:00:00+09:00,3810.352648925781,3877.877885742187,3810.352648925781,3858.5849609375,13398,0.0,0.0
2024-02-14 00:00:00+09:00,3877.8778292820534,3940.579833984375,3844.1152113654184,3940.579833984375,13945,0.0,0.0
2024-02-15 00:00:00+09:00,3906.8174260019964,3974.342665463759,3897.170963221745,3926.1103515625,13443,0.0,0.0
2024-02-16 00:00:00+09:00,3988.8121452938535,3988.8121452938535,3921.286909460584,3940.579833984375,12397,0.0,0.0
2024-02-19 00:00:00+09:00,3926.1103407518453,3940.58003488238,3868.231564229705,3921.287109375,11220,0.0,0.0
2024-02-20 00:00:00+09:00,3921.2870985510312,3969.5194121863456,3892.347710369843,3916.4638671875,9268,0.0,0.0
2024-02-21 00:00:00+09:00,3897.1708105468747,3901.9940417480466,3829.6455737304686,3858.5849609375,19121,0.0,0.0
2024-02-22 00:00:00+09:00,3858.585107853982,3882.70126477807,3713.888166309458,3815.176025390625,8417,0.0,0.0
2024-02-23 00:00:00+09:00,3834.4688852881172,3834.4688852881172,3752.473953149881,3786.236572265625,12896,0.0,0.0
2024-02-26 00:00:00+09:00,3786.23648008098,4008.1051145825404,3689.7718563846493,3959.872802734375,46712,0.0,0.0
2024-02-27 00:00:00+09:00,3959.872989303377,3959.872989303377,3718.711418700248,3824.822509765625,34859,0.0,0.0
2024-02-28 00:00:00+09:00,3824.8222545276985,3824.8222545276985,3771.766712535511,3819.9990234375,8399,0.0,0.0
2024-02-29 00:00:00+09:00,3819.999289101858,3829.645751953125,3752.4740491429866,3829.645751953125,11450,0.0,0.0
2024-03-04 00:00:00+09:00,3786.2365394845947,3800.7062332660644,3733.1809956192055,3771.766845703125,22963,0.0,0.0
2024-03-05 00:00:00+09:00,3738.0044579820456,3771.7670788928513,3612.6004374561962,3656.009521484375,44256,0.0,0.0
2024-03-06 00:00:00+09:00,3656.0093808987,3680.1255377647863,3492.019514209312,3593.307373046875,61989,0.0,0.0
2024-03-07 00:00:00+09:00,3569.191166869777,3569.191166869777,3400.3780711394497,3463.080078125,48874,0.0,0.0
2024-03-08 00:00:00+09:00,3477.549681616611,3549.8981493340166,3463.07998807313,3530.605224609375,10822,0.0,0.0
2024-03-11 00:00:00+09:00,3525.7820655130995,3675.302235186022,3511.3123716737846,3670.47900390625,12580,0.0,0.0
2024-03-12 00:00:00+09:00,3612.600239270628,3689.7719399760085,3612.600239270628,3675.30224609375,7555,0.0,0.0
2024-03-13 00:00:00+09:00,3704.241608056266,3786.2365394845947,3593.307289064998,3771.766845703125,31697,0.0,0.0
2024-03-14 00:00:00+09:00,3762.120295088421,3762.120295088421,3709.0647524653787,3733.180908203125,7865,0.0,0.0
2024-03-15 00:00:00+09:00,3694.595171270095,3704.2416338582675,3622.246701858801,3675.30224609375,9413,0.0,0.0
2024-03-18 00:00:00+09:00,3617.4235299129614,3660.8326122719172,3593.307373046875,3593.307373046875,10950,0.0,0.0
2024-03-19 00:00:00+09:00,3593.3073946175327,3607.777088824046,3549.898311997992,3602.953857421875,9581,0.0,0.0
2024-03-20 00:00:00+09:00,3602.953824935421,3646.3629071635587,3545.0750486312377,3588.484130859375,14584,0.0,0.0
2024-03-21 00:00:00+09:00,3578.8376681420114,3593.3073622180573,3559.5447427072836,3588.484130859375,4991,0.0,0.0
2024-03-22 00:00:00+09:00,3598.1305057691493,3607.7769682511043,3545.0749621183977,3549.898193359375,8298,0.0,0.0
2024-03-25 00:00:00+09:00,3564.36809065863,3641.539794921875,3564.36809065863,3641.539794921875,7427,0.0,0.0
2024-03-26 00:00:00+09:00,3641.539637814343,3738.00426398161,3617.4234812725263,3680.12548828125,14213,0.0,0.0
2024-03-27 00:00:00+09:00,3680.1254555150085,3742.8274619654608,3665.65576171875,3665.65576171875,10816,0.0,0.0
2024-03-28 00:00:00+09:00,3665.655952504139,3684.9488785699505,3617.4236373396107,3641.539794921875,10665,0.0,0.0
2024-03-29 00:00:00+09:00,3578.8375236035026,3713.887996192314,3578.8375236035026,3631.89306640625,4473,0.0,0.0
2024-04-01 00:00:00+09:00,3651.1861823586855,3651.1861823586855,3598.130636776195,3607.777099609375,6336,0.0,0.0
2024-04-02 00:00:00+09:00,3636.716466336084,3646.3629291115117,3535.428607194098,3598.130615234375,11604,0.0,0.0
2024-04-03 00:00:00+09:00,3549.898215193089,3598.130527899517,3525.7820588398754,3559.544677734375,7924,0.0,0.0
2024-04-04 00:00:00+09:00,3530.605479408254,3554.721637054485,3530.605479408254,3535.4287109375,3795,0.0,0.0
2024-04-05 00:00:00+09:00,3516.1355200896674,3540.2516759201867,3506.4890577574597,3525.781982421875,10185,0.0,0.0
2024-04-08 00:00:00+09:00,3525.7821619073275,3540.251856142241,3477.549847790948,3496.8427734375,9259,0.0,0.0
2024-04-09 00:00:00+09:00,3482.3730684564916,3516.1356882337705,3443.7872172824586,3492.01953125,8525,0.0,0.0
2024-04-11 00:00:00+09:00,3424.494173496669,3443.787098417777,3400.378017345284,3438.9638671875,9482,0.0,0.0
2024-04-12 00:00:00+09:00,3434.140635957223,3438.9638671875,3356.968936272791,3438.9638671875,16529,0.0,0.0
2024-04-15 00:00:00+09:00,3424.494129605959,3424.494129605959,3289.443656889104,3419.6708984375,19202,0.0,0.0
2024-04-16 00:00:00+09:00,3381.085194266183,3405.201351143973,3279.7973353794646,3376.261962890625,18737,0.0,0.0
2024-04-17 00:00:00+09:00,3299.0901192260226,3419.6708984375,3299.0901192260226,3419.6708984375,5162,0.0,0.0
2024-04-18 00:00:00+09:00,3390.731619165073,3525.7820961730704,3381.085156521645,3467.9033203125,3726,0.0,0.0
2024-04-19 00:00:00+09:00,3438.963834176937,3506.489070752641,3410.0244470730636,3424.494140625,4983,0.0,0.0
2024-04-22 00:00:00+09:00,3424.494096361544,3569.1910300106233,3390.731478510092,3405.201171875,5419,0.0,0.0
2024-04-23 00:00:00+09:00,3337.676133202012,3385.908447265625,3337.676133202012,3385.908447265625,5904,0.0,0.0
2024-04-24 00:00:00+09:00,3381.0850490898274,3419.6708984375,3381.0850490898274,3419.6708984375,6492,0.0,0.0
2024-04-25 00:00:00+09:00,3385.9085732736894,4297.499343001222,3385.9085732736894,3887.524658203125,2371087,0.0,0.0
2024-04-26 00:00:00+09:00,3819.9992745535715,4022.574993658685,3689.772026557427,3713.88818359375,372733,0.0,0.0
2024-04-29 00:00:00+09:00,3680.12548828125,3694.5951822063403,3612.6002499641627,3680.12548828125,85153,0.0,0.0
2024-04-30 00:00:00+09:00,3646.3629013340405,3723.534602949576,3641.5396699830694,3694.59521484375,47778,0.0,0.0
2024-05-02 00:00:00+09:00,3651.186164687297,3709.06494140625,3612.600313541328,3709.06494140625,25758,0.0,0.0
2024-05-03 00:00:00+09:00,3699.418616253397,3713.8883109714675,3602.9539847995925,3660.832763671875,40818,0.0,0.0
2024-05-07 00:00:00+09:00,3651.186132685011,3694.59521484375,3651.186132685011,3694.59521484375,21814,0.0,0.0
2024-05-08 00:00:00+09:00,3670.4789464798564,3752.473876953125,3670.4789464798564,3752.473876953125,21202,0.0,0.0
2024-05-09 00:00:00+09:00,3713.8882900140225,3776.5903001051684,3699.418595377604,3762.12060546875,24661,0.0,0.0
2024-05-10 00:00:00+09:00,3718.7114041927425,3757.2972553387112,3699.418478619758,3709.06494140625,17054,0.0,0.0
2024-05-13 00:00:00+09:00,3713.8881184043685,3752.473968985193,3675.302267823544,3684.94873046875,22958,0.0,0.0
2024-05-14 00:00:00+09:00,3689.7720050811768,3728.3578561147056,3689.7720050811768,3704.24169921875,11189,0.0,0.0
2024-05-16 00:00:00+09:00,3713.8882371471777,3766.943783392137,3713.8882371471777,3738.00439453125,15617,0.0,0.0
2024-05-17 00:00:00+09:00,3733.181098372481,3738.0043297657267,3660.832627473789,3709.06494140625,18652,0.0,0.0
2024-05-20 00:00:00+09:00,3742.8275720373376,3742.8275720373376,3684.9487951501624,3713.88818359375,33455,0.0,0.0
2024-05-21 00:00:00+09:00,3713.8881619771323,3728.3578561147056,3617.4235343933105,3704.24169921875,24017,0.0,0.0
2024-05-22 00:00:00+09:00,3704.24169921875,3733.1810874938965,3665.655848185221,3704.24169921875,10482,0.0,0.0
2024-05-23 00:00:00+09:00,3704.2417847938145,3742.82763671875,3684.9488588313466,3742.82763671875,18375,0.0,0.0
2024-05-24 00:00:00+09:00,3762.120562681218,3762.120562681218,3718.7114792656653,3742.82763671875,12985,0.0,0.0
2024-05-27 00:00:00+09:00,3742.82763671875,3747.650868209367,3684.9488588313466,3742.82763671875,19649,0.0,0.0
2024-05-28 00:00:00+09:00,3742.8274581401856,3781.4133082241046,3733.1809956192055,3771.766845703125,18809,0.0,0.0
2024-05-29 00:00:00+09:00,3771.767100142486,3901.994352960705,3771.767100142486,3887.524658203125,34570,0.0,0.0
2024-05-30 00:00:00+09:00,3882.70134106017,3901.9942669784814,3819.999331825658,3848.938720703125,23740,0.0,0.0
2024-05-31 00:00:00+09:00,3848.93855298913,3959.8728721855587,3848.93855298913,3882.701171875,27001,0.0,0.0
2024-06-03 00:00:00+09:00,3882.7012797162574,3930.93359375,3819.9992714723926,3930.93359375,26090,0.0,0.0
2024-06-04 00:00:00+09:00,3959.8727585081665,4003.281838686697,3882.7010604130014,3940.579833984375,29775,0.0,0.0
2024-06-05 00:00:00+09:00,3940.5801102801065,3964.696267625762,3882.7013326505335,3955.0498046875,34314,0.0,0.0
2024-06-07 00:00:00+09:00,3955.049658615425,4027.3981279803415,3940.579964742442,3998.458740234375,29736,0.0,0.0
2024-06-10 00:00:00+09:00,3998.4587074261312,3998.4587074261312,3897.1708511463376,3983.989013671875,17155,0.0,0.0
2024-06-11 00:00:00+09:00,3993.6355414757363,4056.3375487694375,3950.226459503174,4012.928466796875,30943,0.0,0.0
2024-06-12 00:00:00+09:00,4037.04472069848,4080.4538037167436,3974.3427118943223,4056.337646484375,32931,0.0,0.0
2024-06-13 00:00:00+09:00,4056.337335680202,4056.337335680202,3983.988869526572,4027.39794921875,21514,0.0,0.0
2024-06-14 00:00:00+09:00,4027.3981825281962,4046.691107953481,3993.635563033948,4022.574951171875,17557,0.0,0.0
2024-06-17 00:00:00+09:00,4022.574878687888,4037.044572496118,3882.701171875,3882.701171875,21575,0.0,0.0
2024-06-18 00:00:00+09:00,3877.8779623605947,3935.7567379182155,3858.585037174721,3892.34765625,14304,0.0,0.0
2024-06-19 00:00:00+09:00,3892.3477714106725,3892.3477714106725,3771.766985431407,3834.468994140625,21686,0.0,0.0
2024-06-20 00:00:00+09:00,3829.6457627014547,3834.468994140625,3757.2972911138954,3834.468994140625,9917,0.0,0.0
2024-06-21 00:00:00+09:00,3795.882911873822,3839.2919921875,3757.2970627061086,3839.2919921875,7221,0.0,0.0
2024-06-24 00:00:00+09:00,3791.0597707450847,4070.8071838535006,3742.8274581401856,3771.766845703125,45115,0.0,0.0
2024-06-25 00:00:00+09:00,3771.766756144001,3839.2919921875,3771.766756144001,3839.2919921875,2265,0.0,0.0
2024-06-26 00:00:00+09:00,3839.2920688044833,3882.7011499844334,3839.2920688044833,3873.0546875,7505,0.0,0.0
2024-06-27 00:00:00+09:00,3873.0547849157174,3926.110329914563,3858.585090825123,3916.4638671875,3828,0.0,0.0
2024-06-28 00:00:00+09:00,3945.403384310528,3974.3427734375,3882.701374535422,3974.3427734375,9418,0.0,0.0
2024-07-01 00:00:00+09:00,3974.342708970049,4008.1053290705227,3911.6407002120263,3945.4033203125,6793,0.0,0.0
2024-07-02 00:00:00+09:00,3945.403065115323,3945.403065115323,3834.468749103523,3940.579833984375,17647,0.0,0.0
2024-07-03 00:00:00+09:00,3906.8174367331285,3945.4032879601227,3868.2315855061347,3930.93359375,18151,0.0,0.0
2024-07-04 00:00:00+09:00,3935.756748917079,3935.756748917079,3848.9385853380263,3897.1708984375,16253,0.0,0.0
2024-07-05 00:00:00+09:00,3892.3477211139298,3950.2264976360702,3868.231564229705,3921.287109375,21502,0.0,0.0
2024-07-08 00:00:00+09:00,3921.287120172374,3940.580045732878,3897.170963221745,3926.1103515625,23682,0.0,0.0
2024-07-09 00:00:00+09:00,3950.2265625,4012.9285714285716,3911.6407108516482,3950.2265625,3645,0.0,0.0
2024-07-10 00:00:00+09:00,3921.287184403582,3964.696267625762,3916.463952934451,3955.0498046875,10041,0.0,0.0
2024-07-11 00:00:00+09:00,3964.6960886662,4003.28193867755,3955.0496261633625,3983.989013671875,17231,0.0,0.0
2024-07-12 00:00:00+09:00,3959.8728465317236,4017.7516213896783,3955.0496152935607,3979.165771484375,6707,0.0,0.0
2024-07-15 00:00:00+09:00,3998.458772806021,4022.574929457445,3940.5799968426045,4012.928466796875,9978,0.0,0.0
2024-07-16 00:00:00+09:00,4012.9285100179427,4037.044666929108,3983.989121724544,4032.221435546875,10740,0.0,0.0
2024-07-17 00:00:00+09:00,4037.0446452408387,4041.86787659716,4022.574951171875,4022.574951171875,17134,0.0,0.0
2024-07-18 00:00:00+09:00,4022.574951171875,4046.691107953481,3974.342637608663,4022.574951171875,5631,0.0,0.0
2024-07-19 00:00:00+09:00,4022.5750050050283,4051.514393530244,3993.635616479812,4046.691162109375,12076,0.0,0.0
2024-07-22 00:00:00+09:00,4051.5142733808875,4080.453661047894,3945.403185268531,3993.635498046875,16801,0.0,0.0
2024-07-23 00:00:00+09:00,3998.458783611101,4017.751708984375,3969.519395551189,4017.751708984375,9299,0.0,0.0
2024-07-24 00:00:00+09:00,3988.812331677627,4046.691107953481,3988.812331677627,4022.574951171875,5892,0.0,0.0
2024-07-25 00:00:00+09:00,4008.105285194641,4017.7517479748926,3897.170963221745,3926.1103515625,24320,0.0,0.0
2024-07-26 00:00:00+09:00,3926.11037310432,3950.2265301872703,3906.81744743796,3935.7568359375,6566,0.0,0.0
2024-07-29 00:00:00+09:00,3930.9336366758243,3959.873025412088,3930.9336366758243,3950.2265625,3469,0.0,0.0
2024-07-30 00:00:00+09:00,3926.110394540801,3964.6962460841996,3926.110394540801,3945.4033203125,2297,0.0,0.0
2024-07-31 00:00:00+09:00,3969.519220770062,3979.165683031958,3897.170753805845,3940.579833984375,4163,0.0,0.0
2024-08-01 00:00:00+09:00,3940.579888930866,3964.696044921875,3940.579888930866,3964.696044921875,2792,0.0,0.0
2024-08-02 00:00:00+09:00,3964.6961917666054,3964.6961917666054,3892.3477211139298,3921.287109375,7174,0.0,0.0
2024-08-05 00:00:00+09:00,3713.888322061567,3930.9337434807494,3467.903511119827,3554.7216796875,52895,0.0,0.0
2024-08-06 00:00:00+09:00,3361.7922570013234,3699.41845210906,3318.3831747731856,3588.484130859375,16286,0.0,0.0
2024-08-07 00:00:00+09:00,3602.953679422933,3656.0092222256803,3554.721367784072,3631.89306640625,5194,0.0,0.0
2024-08-08 00:00:00+09:00,3646.3629544625487,3738.004351466237,3598.130640250081,3718.71142578125,8967,0.0,0.0
2024-08-09 00:00:00+09:00,3684.9486936761655,3791.0597817139605,3684.9486936761655,3776.590087890625,6389,0.0,0.0
2024-08-12 00:00:00+09:00,3776.5901528710197,3839.292160517665,3776.5901528710197,3805.529541015625,5892,0.0,0.0
2024-08-13 00:00:00+09:00,3805.529541015625,3805.529541015625,3713.888145224374,3805.529541015625,5468,0.0,0.0
2024-08-14 00:00:00+09:00,3805.5294313247155,3805.5294313247155,3757.297119140625,3757.297119140625,5641,0.0,0.0
2024-08-16 00:00:00+09:00,3757.2971057128902,3858.5849609375,3747.650643310547,3858.5849609375,3797,0.0,0.0
2024-08-19 00:00:00+09:00,3858.5849609375,3858.5849609375,3795.8829553222654,3858.5849609375,4317,0.0,0.0
2024-08-20 00:00:00+09:00,3853.76184879778,3916.463856350185,3752.473990443896,3911.640625,4535,0.0,0.0
2024-08-21 00:00:00+09:00,3906.817404460437,3916.4638671875,3834.468934007466,3916.4638671875,2700,0.0,0.0
2024-08-22 00:00:00+09:00,3916.463877998155,3950.2264976360702,3824.8224818380995,3921.287109375,7477,0.0,0.0
2024-08-23 00:00:00+09:00,3921.2870877003697,3921.2870877003697,3848.9386174475953,3911.640625,6547,0.0,0.0
2024-08-26 00:00:00+09:00,3873.0547800197046,3873.0547800197046,3762.1204587987168,3805.529541015625,7546,0.0,0.0
2024-08-27 00:00:00+09:00,3766.9439213941546,3805.5297746222636,3718.7116048590183,3800.70654296875,1474,0.0,0.0
2024-08-28 00:00:00+09:00,3795.8833113152364,3877.878249424968,3742.8277631265864,3800.70654296875,5385,0.0,0.0
2024-08-29 00:00:00+09:00,3791.059825310713,3810.352750630361,3709.064892702212,3795.883056640625,9113,0.0,0.0
2024-08-30 00:00:00+09:00,3800.706457832532,3800.706457832532,3718.7115215594954,3762.12060546875,4532,0.0,0.0
2024-09-02 00:00:00+09:00,3733.18096304858,3771.7668127958523,3689.771882082899,3757.297119140625,7802,0.0,0.0
2024-09-03 00:00:00+09:00,3771.7669714149642,3771.7669714149642,3675.302342990029,3718.71142578125,7075,0.0,0.0
2024-09-04 00:00:00+09:00,3689.7718849333305,3709.0648098218708,3574.014335602089,3651.18603515625,9742,0.0,0.0
2024-09-05 00:00:00+09:00,3656.0092222256803,3656.0092222256803,3564.3678301118443,3631.89306640625,10031,0.0,0.0
2024-09-06 00:00:00+09:00,3641.5397195255055,3641.5397195255055,3564.3680168600645,3607.777099609375,10795,0.0,0.0
2024-09-09 00:00:00+09:00,3578.837602816946,3578.837602816946,3535.428521381161,3559.544677734375,3556,0.0,0.0
2024-09-10 00:00:00+09:00,3559.54465584133,3578.8375808052397,3506.4891121905785,3549.898193359375,5142,0.0,0.0
2024-09-11 00:00:00+09:00,3549.8983732876713,3569.1912992294524,3516.135752889555,3520.958984375,3134,0.0,0.0
2024-09-12 00:00:00+09:00,3492.019710484143,3574.0146484375,3492.019710484143,3574.0146484375,3457,0.0,0.0
2024-09-13 00:00:00+09:00,3578.837646484375,3578.837646484375,3549.8982585074123,3578.837646484375,2765,0.0,0.0
2024-09-19 00:00:00+09:00,3578.8376247096703,3612.6002438107053,3506.489155207453,3569.191162109375,1764,0.0,0.0
2024-09-20 00:00:00+09:00,3574.0142940829132,4085.2767976899154,3520.9587512557714,3525.781982421875,101461,0.0,0.0
2024-09-23 00:00:00+09:00,3583.660974494944,3636.716520550724,3540.251891358397,3622.246826171875,15000,0.0,0.0
2024-09-24 00:00:00+09:00,3622.2468494533264,3844.115498021706,3588.4842290190077,3742.82763671875,24481,0.0,0.0
2024-09-25 00:00:00+09:00,3713.888070577246,3810.3526957870445,3704.241608056266,3771.766845703125,19953,0.0,0.0
2024-09-26 00:00:00+09:00,3738.0043966728344,3858.5851836622805,3723.5347022341007,3848.938720703125,13020,0.0,0.0
2024-09-27 00:00:00+09:00,3810.352648925781,3858.5849609375,3800.7061865234373,3858.5849609375,7141,0.0,0.0
2024-09-30 00:00:00+09:00,3853.761729736328,3877.877885742187,3795.8829553222654,3858.5849609375,6123,0.0,0.0
2024-10-02 00:00:00+09:00,3858.5849609375,3887.524348144531,3819.999111328125,3858.5849609375,10277,0.0,0.0
2024-10-04 00:00:00+09:00,3877.877874687109,3877.877874687109,3839.2920251877345,3853.76171875,1997,0.0,0.0
2024-10-07 00:00:00+09:00,3858.585226387157,3868.231689453125,3815.176142590302,3868.231689453125,4922,0.0,0.0
2024-10-08 00:00:00+09:00,3848.938498535156,3873.054654541015,3839.2920361328124,3858.5849609375,2775,0.0,0.0
2024-10-10 00:00:00+09:00,3877.8779296875,3887.5243921991605,3844.1153108966882,3877.8779296875,7002,0.0,0.0
2024-10-11 00:00:00+09:00,3877.8779623605947,3916.463812732342,3848.9385745817845,3892.34765625,10933,0.0,0.0
2024-10-14 00:00:00+09:00,3901.9941297474475,3921.2870549872373,3858.585047957921,3897.1708984375,13076,0.0,0.0
2024-10-15 00:00:00+09:00,3863.408343490863,3930.9335829526262,3844.1154179303594,3926.1103515625,16777,0.0,0.0
2024-10-16 00:00:00+09:00,3877.877994791667,3906.8173828125,3868.231532118056,3906.8173828125,5262,0.0,0.0
2024-10-17 00:00:00+09:00,3906.817584546565,3911.640816132425,3858.5852686879653,3887.524658203125,11611,0.0,0.0
2024-10-18 00:00:00+09:00,3858.5852686879653,3901.994352960705,3853.7620371021053,3887.524658203125,10386,0.0,0.0
2024-10-21 00:00:00+09:00,3887.524348144531,3887.524348144531,3757.2971057128902,3858.5849609375,10858,0.0,0.0
2024-10-22 00:00:00+09:00,3858.585279815051,3858.585279815051,3747.650953020368,3781.41357421875,13206,0.0,0.0
2024-10-23 00:00:00+09:00,3781.4132184359296,3848.9384544794284,3718.711213538395,3839.2919921875,6544,0.0,0.0
2024-10-24 00:00:00+09:00,3839.2919921875,3839.2919921875,3762.120293852073,3839.2919921875,4137,0.0,0.0
2024-10-25 00:00:00+09:00,3839.2919477982955,3839.2919477982955,3713.887939453125,3819.9990234375,4346,0.0,0.0
2024-10-28 00:00:00+09:00,3819.9992998231132,3844.1154570189665,3742.8275967963837,3834.468994140625,2733,0.0,0.0
2024-10-29 00:00:00+09:00,3853.7618215624007,3853.7618215624007,3781.4133518209287,3791.059814453125,4352,0.0,0.0
2024-10-30 00:00:00+09:00,3810.352728776871,3810.352728776871,3776.590109661127,3786.236572265625,3279,0.0,0.0
2024-10-31 00:00:00+09:00,3800.706352705312,3824.822509765625,3757.2972699967486,3824.822509765625,3359,0.0,0.0
2024-11-01 00:00:00+09:00,3824.822444620096,3824.822444620096,3733.181049351771,3795.883056640625,6649,0.0,0.0
2024-11-04 00:00:00+09:00,3786.2365504395157,3786.2365504395157,3747.6507002439535,3776.590087890625,1415,0.0,0.0
2024-11-05 00:00:00+09:00,3795.8830348701235,3795.8830348701235,3742.8274905453823,3786.236572265625,4150,0.0,0.0
2024-11-06 00:00:00+09:00,3786.236805818519,3786.236805818519,3738.0044898208307,3781.41357421875,3033,0.0,0.0
2024-11-07 00:00:00+09:00,3771.7671110192123,3786.236805818519,3747.650953020368,3781.41357421875,2221,0.0,0.0
2024-11-08 00:00:00+09:00,3786.236848008209,3810.3530062757773,3713.8883732055046,3800.70654296875,4162,0.0,0.0
2024-11-11 00:00:00+09:00,3800.706337877926,3800.706337877926,3680.125553046774,3709.06494140625,6782,0.0,0.0
2024-11-12 00:00:00+09:00,3713.888078394944,3713.888078394944,3501.6659024866613,3559.544677734375,13214,0.0,0.0
2024-11-13 00:00:00+09:00,3525.7822687384787,3540.2519634118244,3385.9085535628074,3434.140869140625,15658,0.0,0.0
2024-11-14 00:00:00+09:00,3434.140558604816,3434.140558604816,3352.1456295370044,3405.201171875,6609,0.0,0.0
2024-11-15 00:00:00+09:00,3390.7315114267453,3424.494129605959,3366.61535558445,3419.6708984375,3243,0.0,0.0
2024-11-18 00:00:00+09:00,3419.6708984375,3424.494129605959,3395.5547425952045,3419.6708984375,3000,0.0,0.0
2024-11-19 00:00:00+09:00,3419.670985606259,3458.2568359375,3414.847754314854,3458.2568359375,1780,0.0,0.0
2024-11-20 00:00:00+09:00,3458.2568359375,3463.080067228905,3405.2012917320435,3458.2568359375,2311,0.0,0.0
2024-11-21 00:00:00+09:00,3458.2569114727207,3496.842762646754,3434.1407544889503,3492.01953125,3697,0.0,0.0
2024-11-22 00:00:00+09:00,3496.8426752356845,3496.8426752356845,3448.610362473813,3453.43359375,1131,0.0,0.0
2024-11-25 00:00:00+09:00,3501.6659940435084,3501.6659940435084,3453.4336800759665,3492.01953125,5756,0.0,0.0
2024-11-26 00:00:00+09:00,3458.2568900406854,3482.373046875,3443.787195940097,3482.373046875,706,0.0,0.0
2024-11-27 00:00:00+09:00,3482.373003351323,3535.4285477237117,3429.317458978934,3463.080078125,19071,0.0,0.0
2024-11-28 00:00:00+09:00,3463.080078125,3463.080078125,3385.9083772197073,3463.080078125,6817,0.0,0.0
2024-11-29 00:00:00+09:00,3434.1408584959563,3434.1408584959563,3366.6156168963166,3429.317626953125,4437,0.0,0.0
2024-12-02 00:00:00+09:00,3400.3779414662145,3448.6102526926857,3299.090087890625,3299.090087890625,9584,0.0,0.0
2024-12-03 00:00:00+09:00,3294.26708984375,3318.3832471632504,3236.3883122769494,3294.26708984375,11734,0.0,0.0
2024-12-04 00:00:00+09:00,3265.3274820595307,3265.3274820595307,3168.8628592512728,3197.80224609375,8018,0.0,0.0
2024-12-05 00:00:00+09:00,3192.9789705638277,3192.9789705638277,3154.393121976954,3178.50927734375,3903,0.0,0.0
2024-12-06 00:00:00+09:00,3144.7470174845444,3168.8631755940883,2922.8783628767387,3120.630859375,28005,0.0,0.0
2024-12-09 00:00:00+09:00,3110.984041539634,3110.984041539634,2811.943715066057,2966.287109375,10639,0.0,0.0
2024-12-10 00:00:00+09:00,2961.4640618819226,3086.8680775316457,2913.2317481704904,3048.2822265625,9617,0.0,0.0
2024-12-11 00:00:00+09:00,3019.3428940281724,3183.332763671875,3019.3428940281724,3183.332763671875,8613,0.0,0.0
2024-12-12 00:00:00+09:00,3154.3931549164463,3192.97900390625,3154.3931549164463,3192.97900390625,1450,0.0,0.0
2024-12-13 00:00:00+09:00,3192.9792186927234,3289.44384765625,3135.1004413146075,3289.44384765625,11159,0.0,0.0
2024-12-16 00:00:00+09:00,3289.443625645331,3303.913319013272,3265.3274700320953,3299.090087890625,6193,0.0,0.0
2024-12-17 00:00:00+09:00,3299.0903427235403,3308.73680571396,3284.6206482379107,3303.91357421875,4931,0.0,0.0
2024-12-18 00:00:00+09:00,3303.9135848954534,3323.2065109386385,3294.267121873861,3308.73681640625,1452,0.0,0.0
2024-12-19 00:00:00+09:00,3308.73680571396,3308.73680571396,3192.9792498289235,3303.91357421875,8376,0.0,0.0
2024-12-20 00:00:00+09:00,3265.3274700320953,3299.090087890625,3246.0345455415068,3299.090087890625,2864,0.0,0.0
2024-12-23 00:00:00+09:00,3299.0903213076504,3299.0903213076504,3260.50446959645,3294.26708984375,645,0.0,0.0
2024-12-24 00:00:00+09:00,3274.97412109375,3294.2670466966583,3226.7418070864783,3274.97412109375,2775,0.0,0.0
2024-12-26 00:00:00+09:00,3270.150868087611,3289.443793563054,3265.32763671875,3265.32763671875,3789,0.0,0.0
2024-12-27 00:00:00+09:00,3334.383006941865,3334.383006941865,3255.4626990852526,3319.58544921875,1883,75.0,0.0
2024-12-30 00:00:00+09:00,3294.9227055890324,3299.855224609375,3285.0576675483467,3299.855224609375,1146,0.0,0.0
2025-01-02 00:00:00+09:00,3299.8554591286943,3299.8554591286943,2998.971777504105,3003.904296875,70514,0.0,0.0
2025-01-03 00:00:00+09:00,3018.7017515545954,3048.2968667659147,2860.8611370942244,2924.98388671875,109218,0.0,0.0
2025-01-06 00:00:00+09:00,2959.5116233204394,3028.56689453125,2939.781545831637,3028.56689453125,31274,0.0,0.0
2025-01-07 00:00:00+09:00,3028.5667484438513,3058.161863249492,3008.836671906758,3033.499267578125,17068,0.0,0.0
2025-01-08 00:00:00+09:00,3013.769287109375,3038.4318835668987,2984.174171360347,3013.769287109375,10736,0.0,0.0
2025-01-09 00:00:00+09:00,3033.4994146935583,3058.1620115609853,3013.7693371996165,3053.2294921875,10045,0.0,0.0
2025-01-10 00:00:00+09:00,3053.2293441152183,3058.161863249492,3008.836671906758,3033.499267578125,4134,0.0,0.0
2025-01-13 00:00:00+09:00,3018.70180640088,3018.70180640088,2998.971729234861,3013.769287109375,3213,0.0,0.0
2025-01-14 00:00:00+09:00,3028.5667933120853,3028.5667933120853,2969.3765628239016,2974.30908203125,8242,0.0,0.0
2025-01-15 00:00:00+09:00,2994.0390625,3003.9041005971994,2974.3089863056016,2994.0390625,3241,0.0,0.0
2025-01-16 00:00:00+09:00,2994.0391105210488,3008.8366679041837,2964.443995754778,2984.174072265625,5379,0.0,0.0
2025-01-17 00:00:00+09:00,2989.106737957885,2994.0392573274526,2944.7140636317777,2979.24169921875,4329,0.0,0.0
2025-01-20 00:00:00+09:00,2994.0391105210488,2994.0391105210488,2954.5789574993546,2984.174072265625,3980,0.0,0.0
2025-01-21 00:00:00+09:00,2984.174217771807,2984.174217771807,2880.591311039232,2954.5791015625,6993,0.0,0.0
2025-01-22 00:00:00+09:00,2924.9838366492318,2959.5114704713983,2885.523683709613,2910.186279296875,13464,0.0,0.0
2025-01-23 00:00:00+09:00,2890.4562048647585,2934.848876953125,2880.5911666228994,2934.848876953125,8154,0.0,0.0
2025-01-24 00:00:00+09:00,2920.051364172384,2934.848921761096,2811.5359418551675,2875.65869140625,16356,0.0,0.0
2025-01-31 00:00:00+09:00,2890.4562028270657,2910.186279296875,2826.333454300185,2910.186279296875,8978,0.0,0.0
2025-02-03 00:00:00+09:00,2910.1864221770647,2910.1864221770647,2752.3458026691565,2806.603515625,14835,0.0,0.0
2025-02-04 00:00:00+09:00,2806.603419332188,2826.33349609375,2767.143265809064,2826.33349609375,6958,0.0,0.0
2025-02-05 00:00:00+09:00,2846.063576228827,2875.65869140625,2826.3334994438787,2875.65869140625,3401,0.0,0.0
2025-02-06 00:00:00+09:00,2841.1309600515465,2875.6585932466173,2841.1309600515465,2870.72607421875,3791,0.0,0.0
2025-02-07 00:00:00+09:00,2850.9961915749136,2865.793749662673,2831.266114124568,2855.9287109375,2522,0.0,0.0
2025-02-10 00:00:00+09:00,2855.9287134035667,2929.91650390625,2826.333597202494,2929.91650390625,15217,0.0,0.0
2025-02-11 00:00:00+09:00,2944.7139151949846,2964.443991678703,2910.186281348477,2934.848876953125,8958,0.0,0.0
2025-02-12 00:00:00+09:00,2934.848972359615,2934.848972359615,2860.861183140465,2890.456298828125,6094,0.0,0.0
2025-02-13 00:00:00+09:00,2846.063626516894,2915.118896484375,2846.063626516894,2915.118896484375,7834,0.0,0.0
2025-02-14 00:00:00+09:00,2915.1189458057133,2954.5791007404778,2905.2539070720222,2929.91650390625,8371,0.0,0.0
2025-02-17 00:00:00+09:00,2929.916310065955,2954.57890526853,2910.1862339038944,2944.7138671875,4226,0.0,0.0
2025-02-18 00:00:00+09:00,2944.714013426096,2954.5790519970374,2900.3213398568582,2939.781494140625,1985,0.0,0.0
2025-02-19 00:00:00+09:00,2964.444091796875,2969.3766110843903,2924.98393749675,2964.444091796875,7162,0.0,0.0
2025-02-20 00:00:00+09:00,2964.444091796875,2998.971726809484,2954.579053221844,2964.444091796875,6624,0.0,0.0
2025-02-21 00:00:00+09:00,2974.3089838883407,2994.0390600667047,2959.511426754568,2969.37646484375,2672,0.0,0.0
2025-02-24 00:00:00+09:00,2969.3766110843903,2979.2416496594215,2944.7140146468123,2964.444091796875,2170,0.0,0.0
2025-02-25 00:00:00+09:00,2974.309130371906,2974.309130371906,2959.511572509359,2964.444091796875,1127,0.0,0.0
2025-02-26 00:00:00+09:00,2964.444043616553,2974.30908203125,2954.5790052018556,2974.30908203125,1922,0.0,0.0
2025-02-27 00:00:00+09:00,2969.37646484375,2984.174021977523,2934.848831531613,2969.37646484375,2039,0.0,0.0
2025-02-28 00:00:00+09:00,2964.4439433495604,2969.376462390075,2905.2537148633796,2944.7138671875,5515,0.0,0.0
2025-03-04 00:00:00+09:00,2944.714012184724,2949.6465314681154,2890.4563000674175,2915.118896484375,2718,0.0,0.0
2025-03-05 00:00:00+09:00,2860.861041094806,2934.848826640361,2860.861041094806,2920.05126953125,4240,0.0,0.0
2025-03-06 00:00:00+09:00,2929.9163536658652,2929.9163536658652,2846.0635287293003,2885.523681640625,23962,0.0,0.0
2025-03-07 00:00:00+09:00,2880.5911582880435,2880.5911582880435,2836.198486328125,2836.198486328125,7319,0.0,0.0
2025-03-10 00:00:00+09:00,2850.99609375,2895.388766490052,2791.805863429931,2850.99609375,11793,0.0,0.0
2025-03-11 00:00:00+09:00,2826.333544408795,2826.333544408795,2791.8059094858254,2816.468505859375,4662,0.0,0.0
2025-03-12 00:00:00+09:00,2811.536035836781,2855.928710086836,2791.8059583923127,2831.26611328125,5500,0.0,0.0
2025-03-13 00:00:00+09:00,2831.2659672214672,2885.523677394701,2781.9407761548914,2836.198486328125,4377,0.0,0.0
2025-03-14 00:00:00+09:00,2836.1985842386885,2865.7936999003095,2831.2660649617515,2841.131103515625,3454,0.0,0.0
2025-03-17 00:00:00+09:00,2841.131098246403,2855.92865604977,2688.223000944947,2742.480712890625,20233,0.0,0.0
2025-03-18 00:00:00+09:00,2762.210839669052,2796.738475164915,2742.4807622428443,2757.2783203125,6215,0.0,0.0
2025-03-19 00:00:00+09:00,2757.2783203125,2806.603513878019,2747.413281599396,2757.2783203125,4811,0.0,0.0
2025-03-20 00:00:00+09:00,2811.5360341173537,2811.5360341173537,2757.2783211782466,2781.94091796875,1784,0.0,0.0
2025-03-21 00:00:00+09:00,2767.143311840907,2806.6034660204564,2752.3457540235754,2791.805908203125,2145,0.0,0.0
2025-03-24 00:00:00+09:00,2791.805956684951,2811.5360341173537,2767.143359894448,2781.94091796875,339,0.0,0.0
2025-03-25 00:00:00+09:00,2781.9409170952595,2781.9409170952595,2732.6157235297405,2757.2783203125,4385,0.0,0.0
2025-03-26 00:00:00+09:00,2737.5480452827787,2737.5480452827787,2707.9529312797217,2722.75048828125,8019,0.0,0.0
2025-03-27 00:00:00+09:00,2707.953125,2737.5482411202183,2703.02060564663,2707.953125,4618,0.0,0.0
2025-03-28 00:00:00+09:00,2757.2782679966517,2757.2782679966517,2693.155517578125,2693.155517578125,3034,0.0,0.0
2025-03-31 00:00:00+09:00,2525.4498031496064,2643.8302626722443,2505.7197265625,2505.7197265625,16541,0.0,0.0
2025-04-01 00:00:00+09:00,2485.9895635673624,2599.4375,2485.9895635673624,2599.4375,6490,0.0,0.0
2025-04-02 00:00:00+09:00,2604.370216836735,2658.6279296875,2599.4376974866655,2658.6279296875,7997,0.0,0.0
2025-04-03 00:00:00+09:00,2638.897806988005,2717.818115234375,2624.1002491918102,2717.818115234375,6364,0.0,0.0
2025-04-04 00:00:00+09:00,2688.2228552776833,2722.75048828125,2555.0448422639265,2722.75048828125,1914,0.0,0.0
2025-04-07 00:00:00+09:00,2722.750531684028,2722.750531684028,2505.7196922019675,2663.560302734375,8533,0.0,0.0
2025-04-08 00:00:00+09:00,2643.8302777144163,2707.9530269873403,2643.8302777144163,2703.0205078125,4624,0.0,0.0
2025-04-09 00:00:00+09:00,2703.0204576404817,2703.0204576404817,2658.6277858909116,2688.222900390625,2669,0.0,0.0
2025-04-10 00:00:00+09:00,2693.155421697443,2742.4806125710224,2683.290383522727,2712.885498046875,11250,0.0,0.0
2025-04-11 00:00:00+09:00,2707.9530780161026,2742.480712890625,2688.223000944947,2742.480712890625,5246,0.0,0.0
2025-04-14 00:00:00+09:00,2742.4806681888203,2801.6708984375,2703.0205146897006,2801.6708984375,2935,0.0,0.0
2025-04-15 00:00:00+09:00,2767.143214619054,2791.8058101147676,2722.75054272677,2786.873291015625,2526,0.0,0.0
2025-04-16 00:00:00+09:00,2786.873291015625,2786.873291015625,2757.278176420769,2786.873291015625,1737,0.0,0.0
2025-04-17 00:00:00+09:00,2801.6708504660087,2811.535888671875,2777.008254951343,2811.535888671875,3097,0.0,0.0
2025-04-18 00:00:00+09:00,2811.535888671875,2821.4009268777413,2737.5481021278783,2811.535888671875,4227,0.0,0.0
2025-04-21 00:00:00+09:00,2811.535987854004,2841.131103515625,2786.87339146932,2841.131103515625,1690,0.0,0.0
2025-04-22 00:00:00+09:00,2860.8611766794784,3689.5244140625,2860.8611766794784,3689.5244140625,573821,0.0,0.0
2025-04-23 00:00:00+09:00,4143.31615306713,4794.40869140625,4143.31615306713,4794.40869140625,1110791,0.0,0.0
2025-04-24 00:00:00+09:00,6224.83935546875,6224.83935546875,5919.023158924327,6224.83935546875,620929,0.0,0.0
2025-04-25 00:00:00+09:00,8089.33154296875,8089.33154296875,8089.33154296875,8089.33154296875,898413,0.0,0.0
2025-04-28 00:00:00+09:00,10516.130859375,10516.130859375,10516.130859375,10516.130859375,223748,0.0,0.0
2025-04-29 00:00:00+09:00,10516.130859375,10516.130859375,10516.130859375,10516.130859375,0,0.0,0.0
2025-04-30 00:00:00+09:00,10851.542423461295,13406.58741225809,7467.834195054727,7773.650390625,7911113,0.0,0.0
2025-05-02 00:00:00+09:00,6994.312475158983,7388.914025238474,5938.7533286963435,6205.109375,2285040,0.0,0.0
2025-05-07 00:00:00+09:00,6303.759445925034,8059.736255588033,5682.262035763411,7171.8828125,6025440,0.0,0.0
2025-05-08 00:00:00+09:00,7023.907510627713,7941.356104010266,6668.766119640919,6816.74169921875,3126305,0.0,0.0
2025-05-09 00:00:00+09:00,7112.692850431515,8858.8046875,7102.827811804009,8858.8046875,4788040,0.0,0.0
2025-05-12 00:00:00+09:00,9993.283385572604,10062.338650823353,7892.030314371257,8237.306640625,3947214,0.0,0.0
2025-05-13 00:00:00+09:00,8237.30707716784,8661.503729045944,7339.588581332781,7448.10400390625,1330573,0.0,0.0
2025-05-14 00:00:00+09:00,7359.318431360831,7724.32484149535,6816.741335214925,7092.96240234375,855702,0.0,0.0
2025-05-15 00:00:00+09:00,7201.478104144119,7260.668335137085,6708.226179202741,6836.4716796875,324439,0.0,0.0
2025-05-16 00:00:00+09:00,6747.686315752262,7132.422816211821,6471.465238499246,6540.5205078125,266138,0.0,0.0
2025-05-19 00:00:00+09:00,6234.704136439732,6402.409785679409,5455.366119384766,5524.42138671875,345141,0.0,0.0
2025-05-20 00:00:00+09:00,5721.722345037775,7181.748046875,5711.857306511847,7181.748046875,901790,0.0,0.0
2025-05-21 00:00:00+09:00,7822.975611272847,7872.300804282134,6274.16455078125,6274.16455078125,3312922,0.0,0.0
2025-05-22 00:00:00+09:00,6274.16431665488,8089.331351661952,6155.783857850071,6974.58203125,5279715,0.0,0.0
2025-05-23 00:00:00+09:00,6767.4164210422505,8178.116928635606,6757.551382527612,7033.7724609375,4456370,0.0,0.0
2025-05-26 00:00:00+09:00,7004.177184089782,7004.177184089782,6165.648929656499,6214.97412109375,699946,0.0,0.0
2025-05-27 00:00:00+09:00,6284.029360064338,6658.90081325499,5573.746606650473,5869.69775390625,578483,0.0,0.0
2025-05-28 00:00:00+09:00,6185.37917602329,6510.925448445568,5465.231361270977,5731.58740234375,1246344,0.0,0.0
2025-05-29 00:00:00+09:00,6757.551314802359,7448.10400390625,6649.035892228891,7448.10400390625,1788046,0.0,0.0
2025-05-30 00:00:00+09:00,7290.263483825116,9075.835460242364,7092.962712950282,7428.3740234375,8564233,0.0,0.0
2025-06-02 00:00:00+09:00,7329.723375592913,8316.227194649833,7300.128261021206,7734.18994140625,2322210,0.0,0.0
2025-06-04 00:00:00+09:00,8197.84693397423,9016.645123528815,6313.6245941558445,7596.07958984375,5603615,0.0,0.0
2025-06-05 00:00:00+09:00,7596.079486035926,8069.601324126476,7477.699026513288,7517.1591796875,1258680,0.0,0.0
2025-06-09 00:00:00+09:00,7497.42927970467,7586.214626438015,6816.741621415694,7181.748046875,680065,0.0,0.0
2025-06-10 00:00:00+09:00,7152.152606183583,7240.937948881034,6836.471387703756,6846.33642578125,306380,0.0,0.0
2025-06-11 00:00:00+09:00,6727.956258954155,7300.128492120344,6718.09122045129,6885.796875,355555,0.0,0.0
2025-06-12 00:00:00+09:00,6905.526678220619,7457.968812478269,6806.876297103182,7092.96240234375,609892,0.0,0.0
2025-06-13 00:00:00+09:00,7053.502716157779,7102.827909977064,6362.950002687787,6451.7353515625,352038,0.0,0.0
2025-06-16 00:00:00+09:00,6451.735348529697,6451.735348529697,6116.324030716227,6353.0849609375,156344,0.0,0.0
2025-06-17 00:00:00+09:00,6412.274979773462,6501.060325647249,6037.403519417476,6096.59375,193548,0.0,0.0
2025-06-18 00:00:00+09:00,6027.538674399233,6284.029681820477,6017.6736356522615,6106.458984375,138912,0.0,0.0
2025-06-19 00:00:00+09:00,6066.998527085486,6136.053794873451,5731.587226401085,5968.34814453125,151719,0.0,0.0
2025-06-20 00:00:00+09:00,5978.21347428005,5997.943551752922,5800.642777024207,5909.158203125,102347,0.0,0.0
2025-06-23 00:00:00+09:00,5869.698044885399,5869.698044885399,5623.072076612903,5810.5078125,132891,0.0,0.0
2025-06-24 00:00:00+09:00,5820.372574602971,6106.4586842021,5731.5872302446205,6017.67333984375,173686,0.0,0.0
2025-06-25 00:00:00+09:00,6027.5386628451415,6057.133779029324,5761.1826171875,5761.1826171875,133339,0.0,0.0
2025-06-26 00:00:00+09:00,6007.808159722223,6244.569072420635,5583.6115244709,5593.4765625,245787,0.0,0.0
2025-06-27 00:00:00+09:00,5721.72206211757,5820.372442498907,5534.286339393028,5642.8017578125,108634,0.0,0.0
2025-06-30 00:00:00+09:00,5623.07196527934,5721.722350635117,5327.120809212006,5484.96142578125,88781,0.0,0.0
2025-07-01 00:00:00+09:00,5484.9612424616225,5820.372541461074,5435.636051432291,5623.07177734375,116235,0.0,0.0
2025-07-02 00:00:00+09:00,5494.826276444967,6560.25040185979,5297.525512479259,5573.74658203125,1402822,0.0,0.0
2025-07-03 00:00:00+09:00,5524.4213534570845,7240.93798828125,5445.501048407697,7240.93798828125,3993910,0.0,0.0
2025-07-04 00:00:00+09:00,7744.054952363436,8641.773424548242,7191.612815634326,7438.23876953125,6220044,0.0,0.0
2025-07-07 00:00:00+09:00,7398.778777426862,7467.834046016179,6579.980592724955,6954.85205078125,1019020,0.0,0.0
2025-07-08 00:00:00+09:00,6895.661721254007,8937.724634415064,6639.1707273303955,8079.46630859375,10773418,0.0,0.0
2025-07-09 00:00:00+09:00,7990.681344364466,8631.908859652973,7892.0309573970035,7901.89599609375,3359152,0.0,0.0
2025-07-10 00:00:00+09:00,7872.300467084545,8168.251612463663,7566.484283526122,7635.53955078125,727620,0.0,0.0
2025-07-11 00:00:00+09:00,7832.840399012177,9924.228515625,7793.380245868539,9924.228515625,7816582,0.0,0.0
2025-07-14 00:00:00+09:00,11147.493558294855,12528.598954897758,10595.051399653694,11216.548828125,11168229,0.0,0.0
2025-07-15 00:00:00+09:00,11216.548992276532,11946.561855450202,10279.370316580604,10387.8857421875,3380011,0.0,0.0
2025-07-16 00:00:00+09:00,10259.639859213006,11768.990723116458,10111.664284320512,10466.8056640625,3154345,0.0,0.0
2025-07-17 00:00:00+09:00,10585.185881696429,11147.493053417487,9924.228328971674,10013.013671875,1286234,0.0,0.0
2025-07-18 00:00:00+09:00,10121.529874475991,10279.370496300178,9509.897464907266,9707.1982421875,582286,0.0,0.0
2025-07-21 00:00:00+09:00,9835.44356274558,10230.045109896857,9519.762325024558,10042.609375,822001,0.0,0.0
2025-07-22 00:00:00+09:00,10141.259728144989,10447.075926172709,9036.37539978678,9253.40625,877989,0.0,0.0
2025-07-23 00:00:00+09:00,9164.620708127668,9756.523014357657,9016.64513157017,9243.541015625,917399,0.0,0.0
2025-07-24 00:00:00+09:00,9154.756052774756,9352.056829774212,8937.725198075354,9065.970703125,236957,0.0,0.0
2025-07-25 00:00:00+09:00,8908.130079414192,9085.700778671617,8799.61465209021,8967.3203125,198029,0.0,0.0
2025-07-28 00:00:00+09:00,8987.05017830935,9036.375371384593,8483.933208941868,8612.1787109375,207915,0.0,0.0
2025-07-29 00:00:00+09:00,8612.178104440789,8681.23336988304,8355.687118512427,8434.607421875,166864,0.0,0.0
2025-07-30 00:00:00+09:00,8474.067567784927,8493.797643612132,8237.306657858455,8385.2822265625,151442,0.0,0.0
2025-07-31 00:00:00+09:00,8286.632413806197,8533.25837850281,7980.816217582396,8118.9267578125,226683,0.0,0.0
2025-08-01 00:00:00+09:00,8109.0614016746695,9322.461100465405,7773.650102821946,7832.84033203125,1918372,0.0,0.0
2025-08-04 00:00:00+09:00,7990.680888172562,9105.430197263302,7961.085773771923,8296.4970703125,2141758,0.0,0.0
2025-08-05 00:00:00+09:00,8622.043361158676,9065.97007883847,8237.306872502853,8641.7734375,591062,0.0,0.0
2025-08-06 00:00:00+09:00,8868.669516551454,8908.12967012899,8385.282635226626,8651.638671875,600408,0.0,0.0
2025-08-07 00:00:00+09:00,9509.897012186431,9825.578240806728,8651.638671875,8651.638671875,1332185,0.0,0.0
2025-08-08 00:00:00+09:00,8651.638851432755,8750.289237424007,8197.847075872998,8316.2275390625,210107,0.0,0.0
2025-08-11 00:00:00+09:00,8316.227543641926,8582.583585964976,8089.3316557371045,8414.8779296875,177272,0.0,0.0
2025-08-12 00:00:00+09:00,8414.877818500565,8464.203010871612,8168.251856645332,8187.98193359375,111294,0.0,0.0
2025-08-13 00:00:00+09:00,8266.902339032307,8503.663265209843,8168.251953125,8168.251953125,142666,0.0,0.0
2025-08-14 00:00:00+09:00,8099.196274523108,8187.981617361973,7921.625588845378,7951.220703125,91296,0.0,0.0
2025-08-18 00:00:00+09:00,7803.245511239035,7990.68124412594,7497.429315476191,7872.30078125,114116,0.0,0.0
2025-08-19 00:00:00+09:00,7872.300771208226,7921.625964010283,7615.809768637532,7675.0,89742,0.0,0.0
2025-08-20 00:00:00+09:00,7665.134665319162,7665.134665319162,7398.778634477956,7635.53955078125,67560,0.0,0.0
2025-08-21 00:00:00+09:00,7635.539845758355,7951.221079691517,7556.619537275064,7675.0,106883,0.0,0.0
2025-08-22 00:00:00+09:00,7556.619340491418,7842.705451293313,7556.619340491418,7615.8095703125,58524,0.0,0.0
2025-08-25 00:00:00+09:00,7605.9445357746135,7842.7054551761585,7517.159190999035,7665.134765625,52212,0.0,0.0
2025-08-26 00:00:00+09:00,7744.055163015727,7783.515316712623,7438.238971864787,7546.75439453125,64840,0.0,0.0
2025-08-27 00:00:00+09:00,7546.754302187905,7674.999800133582,7438.238880849255,7615.8095703125,40594,0.0,0.0
2025-08-28 00:00:00+09:00,7615.8095587021135,7674.999788432959,7448.103907798051,7467.833984375,42715,0.0,0.0
2025-08-29 00:00:00+09:00,7408.6439514560125,7694.730069421691,7398.778912905472,7527.0244140625,66249,0.0,0.0
2025-09-01 00:00:00+09:00,7428.373819438595,7497.429087348382,7260.668168800539,7319.8583984375,46621,0.0,0.0
2025-09-02 00:00:00+09:00,7290.263287525101,7546.754282756025,6954.851986069278,7369.18359375,72585,0.0,0.0
2025-09-03 00:00:00+09:00,7369.18388827917,7625.674893761443,7250.803424210428,7408.64404296875,39478,0.0,0.0
2025-09-04 00:00:00+09:00,7497.429110670337,8138.656600398721,7448.103919152769,7615.8095703125,354822,0.0,0.0
2025-09-05 00:00:00+09:00,7615.809859046485,7753.920400531784,7448.104201528622,7507.29443359375,69910,0.0,0.0
2025-09-08 00:00:00+09:00,7448.104201528622,7635.5399364015275,7408.6440468185365,7507.29443359375,44708,0.0,0.0
2025-09-09 00:00:00+09:00,7645.404978948809,7882.165907329159,7536.889553441149,7605.94482421875,99642,0.0,0.0
2025-09-10 00:00:00+09:00,7793.380465257822,7793.380465257822,7615.8097711127075,7724.3251953125,66056,0.0,0.0
2025-09-11 00:00:00+09:00,7803.245400075605,7832.840515372984,7625.674708291331,7645.40478515625,44688,0.0,0.0
2025-09-12 00:00:00+09:00,7655.269635881697,7783.515132359096,7536.889177594866,7734.18994140625,53866,0.0,0.0
2025-09-15 00:00:00+09:00,7842.705560186107,7980.816098352906,7734.190137340764,7744.05517578125,68849,0.0,0.0
2025-09-16 00:00:00+09:00,7744.055156379346,7892.0307326158945,7408.643850243171,7448.10400390625,111673,0.0,0.0
2025-09-17 00:00:00+09:00,7448.103911632628,7536.889256274607,7369.183605284203,7517.1591796875,36868,0.0,0.0
2025-09-18 00:00:00+09:00,7517.159470331101,7527.024509006076,7388.913967556424,7457.96923828125,55561,0.0,0.0
2025-09-22 00:00:00+09:00,7369.183483986503,7428.373712773544,7201.4778357565565,7240.93798828125,60266,0.0,0.0
2025-09-23 00:00:00+09:00,7211.34296144607,7211.34296144607,7102.8275406855955,7122.5576171875,50147,0.0,0.0
2025-09-24 00:00:00+09:00,7152.152631014213,7280.398126466881,7063.367288008519,7092.96240234375,32257,0.0,0.0
2025-09-25 00:00:00+09:00,7221.208195508357,7221.208195508357,7023.907425139276,7083.09765625,29169,0.0,0.0
2025-09-26 00:00:00+09:00,7023.907315848214,7083.097546037947,6885.79677873884,6905.52685546875,40511,0.0,0.0
2025-09-29 00:00:00+09:00,7083.097455999824,7122.55760895804,6964.716997125175,7023.9072265625,25970,0.0,0.0
2025-09-30 00:00:00+09:00,7023.907510627713,7023.907510627713,6816.74169921875,6816.74169921875,35683,0.0,0.0
2025-10-01 00:00:00+09:00,6846.336621796313,6954.852043755621,6816.741506716502,6856.20166015625,20769,0.0,0.0
2025-10-02 00:00:00+09:00,6806.876662681842,7023.907512796336,6806.876662681842,6866.06689453125,29624,0.0,0.0
2025-10-10 00:00:00+09:00,6856.201742023764,6856.201742023764,6422.140049003555,6589.845703125,49063,0.0,0.0
2025-10-13 00:00:00+09:00,6510.925400995575,6806.876555586283,6293.894554295723,6688.49609375,46335,0.0,0.0
2025-10-14 00:00:00+09:00,6688.49609375,6856.2017480180675,6639.170901318215,6688.49609375,62786,0.0,0.0
2025-10-15 00:00:00+09:00,6688.496198983028,6885.796971814386,6678.631160341461,6866.06689453125,33273,0.0,0.0
2025-10-16 00:00:00+09:00,6866.06650193624,7053.502225408637,6787.146197316282,6846.33642578125,35118,0.0,0.0
2025-10-17 00:00:00+09:00,6846.336405496569,6856.201443544835,6649.03564453125,6649.03564453125,40660,0.0,0.0
2025-10-20 00:00:00+09:00,6639.17099953538,6797.011617652121,6550.385651844714,6718.09130859375,24543,0.0,0.0
2025-10-21 00:00:00+09:00,6678.631154064565,6944.987197136564,6678.631154064565,6718.09130859375,32190,0.0,0.0
2025-10-22 00:00:00+09:00,6737.821387999954,6806.876658447977,6609.57588573934,6767.41650390625,29905,0.0,0.0
2025-10-23 00:00:00+09:00,6698.360935769018,6895.661699709195,6619.440630192947,6678.630859375,45026,0.0,0.0
2025-10-24 00:00:00+09:00,6698.361039433166,6806.876461279653,6619.44073263572,6757.55126953125,38011,0.0,0.0
2025-10-27 00:00:00+09:00,6757.551368890807,6875.93183082758,6639.170906954033,6787.146484375,39699,0.0,0.0
2025-10-28 00:00:00+09:00,6856.201448735503,6856.201448735503,6658.900687620812,6698.36083984375,34552,0.0,0.0
2025-10-29 00:00:00+09:00,6678.631046439008,6757.551354225584,6461.600200025924,6540.5205078125,67084,0.0,0.0
2025-10-30 00:00:00+09:00,6540.520697362675,6540.520697362675,6224.839457067644,6353.0849609375,57195,0.0,0.0
2025-10-31 00:00:00+09:00,6293.8944234375,6392.54480625,6155.783887500001,6165.64892578125,48922,0.0,0.0
2025-11-03 00:00:00+09:00,6116.323726498984,6234.7041857215445,6017.673343813516,6066.99853515625,39151,0.0,0.0
2025-11-04 00:00:00+09:00,6066.998830942007,6382.680070925981,5761.182629707532,6155.7841796875,75001,0.0,0.0
2025-11-05 00:00:00+09:00,6116.323823664356,6214.974207917006,5869.6978630327285,6047.2685546875,46386,0.0,0.0
2025-11-06 00:00:00+09:00,6293.894518608414,6293.894518608414,5968.3482504045305,6096.59375,34190,0.0,0.0
2025-11-07 00:00:00+09:00,6096.593844299816,6126.188960048844,5859.83291830759,6027.53857421875,23666,0.0,0.0
2025-11-10 00:00:00+09:00,6382.680069290186,6382.680069290186,5988.078519411349,6106.458984375,38472,0.0,0.0
2025-11-11 00:00:00+09:00,6106.458675944011,6214.974096679688,5889.427834472656,5919.02294921875,28127,0.0,0.0
2025-11-12 00:00:00+09:00,5919.023149805646,6076.863767133797,5899.293072639628,6027.53857421875,27498,0.0,0.0
2025-11-13 00:00:00+09:00,6027.538620625645,7832.840695215651,5928.888234036028,7162.01806640625,3837851,0.0,0.0
2025-11-14 00:00:00+09:00,7477.699223836264,9174.485855102539,7250.803337097168,7576.349609375,9006520,0.0,0.0
2025-11-17 00:00:00+09:00,7813.110451061321,8562.853373132863,7497.4292207154085,7842.70556640625,4137470,0.0,0.0
2025-11-18 00:00:00+09:00,7783.515306640625,7813.110421875,7201.478040364584,7398.77880859375,625113,0.0,0.0
2025-11-19 00:00:00+09:00,7527.024083024365,8937.72453370914,7408.643625624243,8148.521484375,8183796,0.0,0.0
2025-11-20 00:00:00+09:00,8020.2763671875,8641.773797855167,7970.9511742773675,8020.2763671875,1489429,0.0,0.0
2025-11-21 00:00:00+09:00,7842.705470220358,8316.227309931775,7576.349435382685,7862.435546875,645858,0.0,0.0
2025-11-24 00:00:00+09:00,7763.785133029227,8030.141166818032,7428.3738312211035,7467.833984375,295845,0.0,0.0
2025-11-25 00:00:00+09:00,7566.484570821127,8523.393310546875,7063.367604573568,7576.349609375,3125145,0.0,0.0
2025-11-26 00:00:00+09:00,7536.889450032982,7961.0861075610155,7428.374026014182,7477.69921875,463924,0.0,0.0
2025-11-27 00:00:00+09:00,7546.754371120505,7576.34948630137,7201.47802734375,7201.47802734375,185402,0.0,0.0
2025-11-28 00:00:00+09:00,7201.478030665391,7546.754374601403,7181.747953869047,7250.80322265625,163094,0.0,0.0
2025-12-01 00:00:00+09:00,7240.938285981662,7487.564249400656,7201.478131834623,7329.7236328125,204756,0.0,0.0
2025-12-02 00:00:00+09:00,7290.263401587702,8010.411207157258,7260.668286290323,7645.40478515625,1341164,0.0,0.0
2025-12-03 00:00:00+09:00,7704.595110575358,7793.380457560222,7487.564262390137,7576.349609375,204753,0.0,0.0
2025-12-04 00:00:00+09:00,7546.754179923765,7665.13463764806,7319.858302618867,7339.58837890625,157694,0.0,0.0
2025-12-05 00:00:00+09:00,7398.778696529201,7398.778696529201,7181.747854764344,7221.2080078125,102936,0.0,0.0
2025-12-08 00:00:00+09:00,7290.263178937116,7448.10378903589,7221.207912018903,7240.93798828125,88854,0.0,0.0
2025-12-09 00:00:00+09:00,7221.207747781064,8977.184495192307,7073.232179178994,8335.95703125,6096891,0.0,0.0
2025-12-10 00:00:00+09:00,8582.583364222171,9322.461240448221,8049.871293339416,8109.0615234375,5485280,0.0,0.0
2025-12-11 00:00:00+09:00,8099.1963662441685,9736.792708261868,8079.466289834317,8987.0498046875,5657259,0.0,0.0
2025-12-12 00:00:00+09:00,9174.485479337032,9184.350517486857,8286.632045852804,8444.47265625,941708,0.0,0.0
2025-12-15 00:00:00+09:00,8651.638735589748,9095.565466606326,8059.736427567645,8089.33154296875,1288436,0.0,0.0
2025-12-16 00:00:00+09:00,8049.871134581881,8977.184721163618,7980.815867496007,8493.7978515625,2463164,0.0,0.0
2025-12-17 00:00:00+09:00,8533.2578125,9648.007098988439,8444.472471098266,8533.2578125,3947343,0.0,0.0
2025-12-18 00:00:00+09:00,8681.23399006159,9125.16072818974,8543.12344931061,8809.4794921875,1168267,0.0,0.0
2025-12-19 00:00:00+09:00,8888.39978983655,9174.485909598216,8562.853515625,8562.853515625,1006043,0.0,0.0
2025-12-22 00:00:00+09:00,8622.043361158676,8908.129468107876,8562.853132134704,8641.7734375,380744,0.0,0.0
2025-12-23 00:00:00+09:00,8661.50365541225,8691.098770407963,7896.963184689643,7911.7607421875,509255,0.0,0.0
2025-12-24 00:00:00+09:00,8089.331605868194,8099.196644411935,7369.183792175049,7428.3740234375,305561,0.0,0.0
2025-12-26 00:00:00+09:00,7438.239074550129,8424.74293059126,7309.993573264782,7675.0,936697,0.0,0.0
2025-12-29 00:00:00+09:00,7740.0,7980.0,7600.0,7720.0,202813,105.0,0.0
2025-12-30 00:00:00+09:00,7720.0,7730.0,7510.0,7530.0,98921,0.0,0.0
2026-01-02 00:00:00+09:00,7540.0,7740.0,7540.0,7670.0,63051,0.0,0.0
2026-01-05 00:00:00+09:00,7680.0,7690.0,7460.0,7540.0,96024,0.0,0.0
2026-01-06 00:00:00+09:00,7550.0,7640.0,7400.0,7400.0,83185,0.0,0.0
2026-01-07 00:00:00+09:00,7430.0,7480.0,7200.0,7280.0,98163,0.0,0.0
2026-01-08 00:00:00+09:00,7340.0,7340.0,7030.0,7060.0,59089,0.0,0.0
2026-01-09 00:00:00+09:00,7000.0,7750.0,7000.0,7250.0,210165,0.0,0.0
2026-01-12 00:00:00+09:00,7260.0,7620.0,7190.0,7210.0,115028,0.0,0.0
2026-01-13 00:00:00+09:00,7210.0,7330.0,7020.0,7020.0,89163,0.0,0.0
2026-01-14 00:00:00+09:00,7150.0,7190.0,6950.0,7140.0,49746,0.0,0.0
2026-01-15 00:00:00+09:00,7070.0,7120.0,6930.0,7010.0,66684,0.0,0.0
2026-01-16 00:00:00+09:00,7100.0,7210.0,6940.0,6970.0,64981,0.0,0.0
2026-01-19 00:00:00+09:00,6910.0,7420.0,6900.0,7010.0,168715,0.0,0.0
2026-01-20 00:00:00+09:00,6940.0,7190.0,6890.0,7100.0,95619,0.0,0.0
2026-01-21 00:00:00+09:00,7100.0,7100.0,6710.0,6840.0,94893,0.0,0.0
2026-01-22 00:00:00+09:00,6940.0,6950.0,6800.0,6920.0,57313,0.0,0.0
2026-01-23 00:00:00+09:00,6930.0,6930.0,6780.0,6880.0,46462,0.0,0.0
2026-01-26 00:00:00+09:00,6880.0,7250.0,6870.0,7020.0,87267,0.0,0.0
2026-01-27 00:00:00+09:00,7130.0,7200.0,7020.0,7110.0,48574,0.0,0.0
2026-01-28 00:00:00+09:00,7160.0,7160.0,7020.0,7060.0,64395,0.0,0.0
2026-01-29 00:00:00+09:00,7130.0,7200.0,6930.0,7200.0,70901,0.0,0.0
2026-01-30 00:00:00+09:00,7250.0,7250.0,7000.0,7130.0,56237,0.0,0.0
2026-02-02 00:00:00+09:00,7120.0,7120.0,6780.0,6850.0,53173,0.0,0.0
2026-02-03 00:00:00+09:00,7050.0,7090.0,6870.0,7000.0,36124,0.0,0.0
2026-02-04 00:00:00+09:00,7050.0,7230.0,6890.0,7150.0,70432,0.0,0.0
2026-02-05 00:00:00+09:00,7200.0,7200.0,6910.0,6920.0,61846,0.0,0.0
2026-02-06 00:00:00+09:00,6800.0,7150.0,6550.0,6960.0,88702,0.0,0.0
2026-02-09 00:00:00+09:00,7090.0,7090.0,6920.0,7000.0,30002,0.0,0.0
2026-02-10 00:00:00+09:00,7070.0,7150.0,6950.0,7020.0,36714,0.0,0.0
2026-02-11 00:00:00+09:00,7100.0,7120.0,6910.0,7000.0,26321,0.0,0.0
2026-02-12 00:00:00+09:00,7010.0,7120.0,6920.0,7030.0,34486,0.0,0.0
2026-02-13 00:00:00+09:00,7090.0,7160.0,6900.0,7010.0,36862,0.0,0.0
2026-02-19 00:00:00+09:00,7020.0,7150.0,7000.0,7100.0,36256,0.0,0.0
2026-02-20 00:00:00+09:00,7050.0,7190.0,7010.0,7010.0,30270,0.0,0.0
2026-02-23 00:00:00+09:00,7100.0,7110.0,6930.0,6950.0,44931,0.0,0.0
2026-02-24 00:00:00+09:00,7060.0,7080.0,6910.0,6920.0,33087,0.0,0.0
2026-02-25 00:00:00+09:00,6920.0,7080.0,6860.0,6860.0,75836,0.0,0.0
2026-02-26 00:00:00+09:00,6970.0,6980.0,6600.0,6660.0,59254,0.0,0.0
2026-02-27 00:00:00+09:00,6610.0,6740.0,6470.0,6470.0,39029,0.0,0.0
2026-03-03 00:00:00+09:00,6420.0,6450.0,6150.0,6150.0,62713,0.0,0.0
2026-03-04 00:00:00+09:00,6050.0,6050.0,5390.0,5560.0,97219,0.0,0.0
2026-03-05 00:00:00+09:00,5560.0,6250.0,5540.0,6000.0,71372,0.0,0.0
2026-03-06 00:00:00+09:00,6190.0,6550.0,6010.0,6230.0,99596,0.0,0.0
2026-03-09 00:00:00+09:00,6150.0,6150.0,5730.0,5860.0,40774,0.0,0.0
2026-03-10 00:00:00+09:00,6050.0,6110.0,5880.0,5980.0,25942,0.0,0.0
2026-03-11 00:00:00+09:00,6100.0,6480.0,6070.0,6110.0,46011,0.0,0.0
2026-03-12 00:00:00+09:00,6110.0,6370.0,6110.0,6120.0,14456,0.0,0.0
2026-03-13 00:00:00+09:00,6120.0,6270.0,5950.0,6080.0,19648,0.0,0.0
2026-03-16 00:00:00+09:00,6090.0,6210.0,6010.0,6050.0,20206,0.0,0.0
2026-03-17 00:00:00+09:00,6060.0,6390.0,6060.0,6140.0,45238,0.0,0.0
2026-03-18 00:00:00+09:00,6200.0,7420.0,6130.0,6710.0,2197024,0.0,0.0
2026-03-19 00:00:00+09:00,6710.0,7140.0,6400.0,6510.0,586657,0.0,0.0
2026-03-20 00:00:00+09:00,6590.0,6760.0,6520.0,6550.0,168331,0.0,0.0
2026-03-23 00:00:00+09:00,6830.0,8510.0,6670.0,8510.0,5422529,0.0,0.0
2026-03-24 00:00:00+09:00,8510.0,10900.0,7950.0,9550.0,21405955,0.0,0.0
2026-03-25 00:00:00+09:00,9700.0,11390.0,9210.0,9840.0,12675860,0.0,0.0
2026-03-26 00:00:00+09:00,10000.0,11950.0,9880.0,10440.0,9801284,0.0,0.0
2026-03-27 00:00:00+09:00,10490.0,10490.0,9070.0,10440.0,512095,0.0,0.0
2026-03-30 00:00:00+09:00,9500.0,9500.0,9090.0,9280.0,215434,0.0,0.0
2026-03-31 00:00:00+09:00,9310.0,9310.0,8710.0,8830.0,244747,0.0,0.0
2026-04-01 00:00:00+09:00,8550.0,8830.0,8300.0,8330.0,673246,0.0,0.0
2026-04-02 00:00:00+09:00,8470.0,9730.0,8180.0,8590.0,2917435,0.0,0.0
2026-04-03 00:00:00+09:00,8640.0,8790.0,8100.0,8300.0,606424,0.0,0.0
2026-04-06 00:00:00+09:00,8300.0,9430.0,8290.0,8620.0,1814689,0.0,0.0
2026-04-07 00:00:00+09:00,8220.0,8900.0,7810.0,7920.0,1004733,0.0,0.0
2026-04-08 00:00:00+09:00,7350.0,7730.0,6920.0,7580.0,509659,0.0,0.0
2026-04-09 00:00:00+09:00,7660.0,8280.0,7660.0,7750.0,540318,0.0,0.0
2026-04-10 00:00:00+09:00,7770.0,7940.0,7400.0,7890.0,190027,0.0,0.0
2026-04-13 00:00:00+09:00,8260.0,8670.0,7930.0,8180.0,439611,0.0,0.0
2026-04-14 00:00:00+09:00,8150.0,8705.0,7950.0,8090.0,779039,0.0,0.0
2026-04-15 00:00:00+09:00,8090.0,8110.0,7700.0,7880.0,215549,0.0,0.0
2026-04-16 00:00:00+09:00,7910.0,8090.0,7800.0,7870.0,131100,0.0,0.0
2026-04-17 00:00:00+09:00,7880.0,8010.0,7740.0,7850.0,97665,0.0,0.0
2026-04-20 00:00:00+09:00,7950.0,8300.0,7500.0,7830.0,185072,0.0,0.0
2026-04-21 00:00:00+09:00,7820.0,7950.0,7540.0,7750.0,96845,0.0,0.0
2026-04-22 00:00:00+09:00,7790.0,8010.0,7480.0,7540.0,169314,0.0,0.0
2026-04-23 00:00:00+09:00,7600.0,7850.0,7360.0,7500.0,287809,0.0,0.0
2026-04-24 00:00:00+09:00,7510.0,7750.0,7450.0,7560.0,127836,0.0,0.0
2026-04-27 00:00:00+09:00,7620.0,7700.0,7450.0,7590.0,95378,0.0,0.0
2026-04-28 00:00:00+09:00,7590.0,7770.0,7520.0,7520.0,84813,0.0,0.0
2026-04-29 00:00:00+09:00,7520.0,7680.0,7430.0,7430.0,93212,0.0,0.0
2026-04-30 00:00:00+09:00,7480.0,7640.0,7250.0,7260.0,181979,0.0,0.0
2026-05-04 00:00:00+09:00,7270.0,7310.0,7160.0,7190.0,74333,0.0,0.0
2026-05-06 00:00:00+09:00,7150.0,7200.0,6850.0,6880.0,134084,0.0,0.0
2026-05-07 00:00:00+09:00,6880.0,6980.0,6760.0,6760.0,55075,0.0,0.0
2026-05-08 00:00:00+09:00,6760.0,6940.0,6700.0,6710.0,32882,0.0,0.0
2026-05-11 00:00:00+09:00,6710.0,6890.0,6630.0,6720.0,47799,0.0,0.0
2026-05-12 00:00:00+09:00,6720.0,7050.0,6550.0,6600.0,119967,0.0,0.0
2026-05-13 00:00:00+09:00,6560.0,6750.0,6560.0,6650.0,40995,0.0,0.0
2026-05-14 00:00:00+09:00,6650.0,6770.0,6510.0,6700.0,53957,0.0,0.0
2026-05-15 00:00:00+09:00,6750.0,6750.0,6300.0,6370.0,89903,0.0,0.0
2026-05-18 00:00:00+09:00,6350.0,6570.0,6100.0,6440.0,62364,0.0,0.0
2026-05-19 00:00:00+09:00,6420.0,6530.0,6300.0,6370.0,33056,0.0,0.0
2026-05-20 00:00:00+09:00,6470.0,6470.0,6030.0,6050.0,45917,0.0,0.0
2026-05-21 00:00:00+09:00,6050.0,6280.0,6040.0,6060.0,40588,0.0,0.0
2026-05-22 00:00:00+09:00,6060.0,6270.0,6010.0,6110.0,24857,0.0,0.0
2026-05-26 00:00:00+09:00,6290.0,6290.0,5930.0,5980.0,54719,0.0,0.0
2026-05-27 00:00:00+09:00,6060.0,6060.0,5620.0,5740.0,57129,0.0,0.0
2026-05-28 00:00:00+09:00,5700.0,5800.0,5520.0,5780.0,71040,0.0,0.0
2026-05-29 00:00:00+09:00,5780.0,6070.0,5440.0,5560.0,61441,0.0,0.0
2026-06-01 00:00:00+09:00,5450.0,5610.0,5200.0,5340.0,56598,0.0,0.0
2026-06-02 00:00:00+09:00,5330.0,5490.0,5200.0,5340.0,33165,0.0,0.0
2026-06-04 00:00:00+09:00,5290.0,5810.0,5280.0,5340.0,32235,0.0,0.0
2026-06-05 00:00:00+09:00,5340.0,5340.0,4775.0,5110.0,31871,0.0,0.0
2026-06-08 00:00:00+09:00,4605.0,5200.0,4605.0,4885.0,33268,0.0,0.0
2026-06-09 00:00:00+09:00,4825.0,5280.0,4825.0,5050.0,33318,0.0,0.0
2026-06-10 00:00:00+09:00,5000.0,5160.0,4930.0,4970.0,17068,0.0,0.0
2026-06-11 00:00:00+09:00,5020.0,5520.0,4980.0,5100.0,69898,0.0,0.0
2026-06-12 00:00:00+09:00,5100.0,5300.0,5100.0,5180.0,22029,0.0,0.0
2026-06-15 00:00:00+09:00,5290.0,5290.0,5090.0,5200.0,20402,0.0,0.0
2026-06-16 00:00:00+09:00,5160.0,5380.0,5150.0,5210.0,25804,0.0,0.0
2026-06-17 00:00:00+09:00,5210.0,5470.0,5150.0,5260.0,28992,0.0,0.0
2026-06-18 00:00:00+09:00,5280.0,5280.0,5060.0,5060.0,17231,0.0,0.0
2026-06-19 00:00:00+09:00,5290.0,5290.0,4825.0,4945.0,29868,0.0,0.0
2026-06-22 00:00:00+09:00,4850.0,4980.0,4850.0,4865.0,23729,0.0,0.0
2026-06-23 00:00:00+09:00,4830.0,4940.0,4655.0,4885.0,21924,0.0,0.0
2026-06-24 00:00:00+09:00,4660.0,4880.0,4600.0,4620.0,27349,0.0,0.0
2026-06-25 00:00:00+09:00,4600.0,4720.0,4375.0,4490.0,21810,0.0,0.0
2026-06-26 00:00:00+09:00,4310.0,4470.0,4140.0,4230.0,38715,0.0,0.0
2026-06-29 00:00:00+09:00,4060.0,4665.0,4055.0,4650.0,34174,0.0,0.0
2026-06-30 00:00:00+09:00,4450.0,4745.0,4450.0,4520.0,13038,0.0,0.0
2026-07-01 00:00:00+09:00,4505.0,4765.0,4505.0,4685.0,19054,0.0,0.0
2026-07-02 00:00:00+09:00,4685.0,4685.0,4500.0,4540.0,10640,0.0,0.0
2026-07-03 00:00:00+09:00,4540.0,4640.0,4355.0,4580.0,24723,0.0,0.0
2026-07-06 00:00:00+09:00,4595.0,4685.0,4460.0,4570.0,9533,0.0,0.0
2026-07-07 00:00:00+09:00,4535.0,4650.0,4470.0,4560.0,10584,0.0,0.0
2026-07-08 00:00:00+09:00,4350.0,5880.0,4350.0,4550.0,906038,0.0,0.0
2026-07-09 00:00:00+09:00,4505.0,5070.0,4220.0,4265.0,569031,0.0,0.0
2026-07-10 00:00:00+09:00,4265.0,4660.0,4225.0,4475.0,123213,0.0,0.0
2026-07-13 00:00:00+09:00,4500.0,4815.0,4340.0,4340.0,87948,0.0,0.0
2026-07-14 00:00:00+09:00,4470.0,4630.0,4125.0,4280.0,40413,0.0,0.0
2026-07-15 00:00:00+09:00,4300.0,4460.0,4250.0,4380.0,23474,0.0,0.0
2026-07-16 00:00:00+09:00,4280.0,4475.0,4225.0,4245.0,38342,0.0,0.0
2026-07-20 00:00:00+09:00,4285.0,5380.0,4285.0,4400.0,829557,0.0,0.0
2026-07-21 00:00:00+09:00,4400.0,4580.0,4170.0,4210.0,139411,0.0,0.0
2026-07-22 00:00:00+09:00,4180.0,4300.0,4180.0,4270.0,60464,0.0,0.0
2026-07-23 00:00:00+09:00,4270.0,4485.0,4270.0,4485.0,47232,0.0,0.0
2026-07-24 00:00:00+09:00,4625.0,5800.0,4510.0,4730.0,2659478,0.0,0.0
2026-07-27 00:00:00+09:00,4560.0,4730.0,4215.0,4215.0,329024,0.0,0.0
2026-07-28 00:00:00+09:00,4215.0,4255.0,3995.0,4020.0,126775,0.0,0.0
2026-07-29 00:00:00+09:00,3985.0,4105.0,3720.0,3835.0,124070,0.0,0.0
2026-07-30 00:00:00+09:00,3545.0,4020.0,3545.0,3880.0,74216,0.0,0.0
2026-07-31 00:00:00+09:00,3860.0,4050.0,3815.0,4035.0,62787,0.0,0.0
2026-08-03 00:00:00+09:00,4400.0,4400.0,3955.0,4040.0,72816,0.0,0.0
2026-08-04 00:00:00+09:00,4025.0,4290.0,4005.0,4210.0,30054,0.0,0.0
2026-08-05 00:00:00+09:00,4250.0,4385.0,4210.0,4310.0,40986,0.0,0.0
2026-08-06 00:00:00+09:00,4310.0,4390.0,4240.0,4275.0,26303,0.0,0.0
2026-08-07 00:00:00+09:00,4440.0,4440.0,4175.0,4300.0,22041,0.0,0.0
2026-08-10 00:00:00+09:00,4305.0,4590.0,4305.0,4540.0,78403,0.0,0.0
2026-08-11 00:00:00+09:00,4575.0,4655.0,4480.0,4575.0,35672,0.0,0.0
2026-08-12 00:00:00+09:00,4635.0,4635.0,4390.0,4510.0,19089,0.0,0.0
2026-08-13 00:00:00+09:00,4510.0,4590.0,4405.0,4500.0,26817,0.0,0.0
2026-08-14 00:00:00+09:00,4495.0,4505.0,4355.0,4470.0,18145,0.0,0.0
2026-08-18 00:00:00+09:00,4550.0,4595.0,4460.0,4515.0,46408,0.0,0.0
2026-08-19 00:00:00+09:00,4480.0,4560.0,4380.0,4485.0,38960,0.0,0.0
2026-08-20 00:00:00+09:00,4450.0,4600.0,4435.0,4440.0,25666,0.0,0.0
2026-08-21 00:00:00+09:00,4440.0,4495.0,4260.0,4340.0,24612,0.0,0.0
2026-08-24 00:00:00+09:00,4415.0,4415.0,4300.0,4345.0,10159,0.0,0.0
2026-08-25 00:00:00+09:00,4345.0,4410.0,4200.0,4400.0,10052,0.0,0.0
2026-08-26 00:00:00+09:00,4365.0,4400.0,4300.0,4400.0,11953,0.0,0.0
2026-08-27 00:00:00+09:00,4385.0,4400.0,4325.0,4400.0,11242,0.0,0.0
2026-08-28 00:00:00+09:00,4405.0,4480.0,4350.0,4475.0,8735,0.0,0.0
2026-08-31 00:00:00+09:00,4475.0,4575.0,4350.0,4440.0,13498,0.0,0.0
2026-09-01 00:00:00+09:00,4445.0,4530.0,4380.0,4460.0,9680,0.0,0.0
2026-09-02 00:00:00+09:00,4400.0,4905.0,4375.0,4380.0,101173,0.0,0.0
2026-09-03 00:00:00+09:00,4375.0,4470.0,4320.0,4415.0,19955,0.0,0.0
2026-09-04 00:00:00+09:00,4450.0,4485.0,4330.0,4400.0,6895,0.0,0.0
