Date,Open,High,Low,Close,Volume,Dividends,Stock Splits
2016-06-09 00:00:00+09:00,1995.0,1995.0,1935.0,1935.0,199795,0.0,0.0
2016-06-10 00:00:00+09:00,1945.0,1950.0,1930.0,1940.0,75326,0.0,0.0
2016-06-13 00:00:00+09:00,1945.0,1945.0,1935.0,1940.0,133029,0.0,0.0
2016-06-14 00:00:00+09:00,1940.0,1950.0,1935.0,1935.0,76927,0.0,0.0
2016-06-15 00:00:00+09:00,1940.0,1950.0,1935.0,1940.0,16381,0.0,0.0
2016-06-16 00:00:00+09:00,1940.0,1960.0,1935.0,1940.0,9508,0.0,0.0
2016-06-17 00:00:00+09:00,1935.0,1955.0,1935.0,1955.0,18029,0.0,0.0
2016-06-20 00:00:00+09:00,1950.0,1970.0,1950.0,1965.0,13656,0.0,0.0
2016-06-21 00:00:00+09:00,1980.0,2000.0,1960.0,1985.0,49831,0.0,0.0
2016-06-22 00:00:00+09:00,1985.0,2000.0,1975.0,2000.0,53805,0.0,0.0
2016-06-23 00:00:00+09:00,2000.0,2000.0,1980.0,1980.0,12076,0.0,0.0
2016-06-24 00:00:00+09:00,1985.0,1985.0,1975.0,1975.0,14630,0.0,0.0
2016-06-27 00:00:00+09:00,1990.0,1990.0,1975.0,1980.0,63,0.0,0.0
2016-06-28 00:00:00+09:00,1980.0,1980.0,1980.0,1980.0,2780,0.0,0.0
2016-06-29 00:00:00+09:00,1980.0,2000.0,1980.0,1985.0,5965,0.0,0.0
2016-06-30 00:00:00+09:00,1995.0,2000.0,1990.0,1995.0,32150,0.0,0.0
2016-07-01 00:00:00+09:00,2000.0,2030.0,2000.0,2015.0,49290,0.0,0.0
2016-07-04 00:00:00+09:00,2020.0,2020.0,2000.0,2005.0,3456,0.0,0.0
2016-07-05 00:00:00+09:00,2005.0,2020.0,2000.0,2000.0,7115,0.0,0.0
2016-07-06 00:00:00+09:00,2000.0,2030.0,2000.0,2020.0,9402,0.0,0.0
2016-07-07 00:00:00+09:00,2005.0,2020.0,2005.0,2005.0,1884,0.0,0.0
2016-07-08 00:00:00+09:00,2020.0,2030.0,2010.0,2010.0,39,0.0,0.0
2016-07-11 00:00:00+09:00,2020.0,2030.0,2010.0,2030.0,11660,0.0,0.0
2016-07-12 00:00:00+09:00,2030.0,2345.0,2015.0,2125.0,117926,0.0,0.0
2016-07-13 00:00:00+09:00,2250.0,2250.0,2085.0,2085.0,162825,0.0,0.0
2016-07-14 00:00:00+09:00,2090.0,2115.0,2050.0,2070.0,18999,0.0,0.0
2016-07-15 00:00:00+09:00,2070.0,2080.0,2065.0,2080.0,4583,0.0,0.0
2016-07-18 00:00:00+09:00,2080.0,2100.0,2070.0,2095.0,8925,0.0,0.0
2016-07-19 00:00:00+09:00,2080.0,2155.0,2065.0,2065.0,43371,0.0,0.0
2016-07-20 00:00:00+09:00,2100.0,2145.0,2030.0,2105.0,140395,0.0,0.0
2016-07-21 00:00:00+09:00,2110.0,2135.0,2065.0,2100.0,31527,0.0,0.0
2016-07-22 00:00:00+09:00,2120.0,2120.0,2055.0,2085.0,24486,0.0,0.0
2016-07-25 00:00:00+09:00,2075.0,2100.0,2075.0,2085.0,2980,0.0,0.0
2016-07-26 00:00:00+09:00,2100.0,2100.0,2080.0,2090.0,1926,0.0,0.0
2016-07-27 00:00:00+09:00,2280.0,2280.0,2085.0,2090.0,13836,0.0,0.0
2016-07-28 00:00:00+09:00,2110.0,2180.0,2070.0,2110.0,813,0.0,0.0
2016-07-29 00:00:00+09:00,2125.0,2125.0,2070.0,2120.0,1255,0.0,0.0
2016-08-01 00:00:00+09:00,2120.0,2120.0,2065.0,2105.0,2537,0.0,0.0
2016-08-02 00:00:00+09:00,2110.0,2110.0,2065.0,2095.0,18409,0.0,0.0
2016-08-03 00:00:00+09:00,2100.0,2100.0,2050.0,2100.0,23543,0.0,0.0
2016-08-04 00:00:00+09:00,2130.0,2130.0,2080.0,2100.0,5453,0.0,0.0
2016-08-05 00:00:00+09:00,2210.0,2210.0,2075.0,2105.0,13795,0.0,0.0
2016-08-08 00:00:00+09:00,2115.0,2115.0,2100.0,2100.0,3,0.0,0.0
2016-08-09 00:00:00+09:00,2100.0,2100.0,2080.0,2090.0,333,0.0,0.0
2016-08-10 00:00:00+09:00,2185.0,2185.0,2065.0,2120.0,7096,0.0,0.0
2016-08-11 00:00:00+09:00,2160.0,2160.0,2075.0,2075.0,10713,0.0,0.0
2016-08-12 00:00:00+09:00,2100.0,2100.0,2050.0,2090.0,33641,0.0,0.0
2016-08-16 00:00:00+09:00,2090.0,2095.0,2070.0,2095.0,2975,0.0,0.0
2016-08-17 00:00:00+09:00,2135.0,2135.0,2075.0,2080.0,2113,0.0,0.0
2016-08-18 00:00:00+09:00,2135.0,2135.0,2070.0,2110.0,13042,0.0,0.0
2016-08-19 00:00:00+09:00,2075.0,2120.0,2075.0,2105.0,29,0.0,0.0
2016-08-22 00:00:00+09:00,2075.0,2115.0,2050.0,2065.0,7996,0.0,0.0
2016-08-23 00:00:00+09:00,2180.0,2180.0,2075.0,2095.0,8122,0.0,0.0
2016-08-24 00:00:00+09:00,2080.0,2120.0,2080.0,2090.0,1611,0.0,0.0
2016-08-25 00:00:00+09:00,2110.0,2295.0,2070.0,2100.0,88873,0.0,0.0
2016-08-26 00:00:00+09:00,2120.0,2120.0,2080.0,2095.0,28988,0.0,0.0
2016-08-29 00:00:00+09:00,2100.0,2105.0,2080.0,2085.0,47282,0.0,0.0
2016-08-30 00:00:00+09:00,2065.0,2085.0,2010.0,2070.0,29822,0.0,0.0
2016-08-31 00:00:00+09:00,2120.0,2120.0,2050.0,2070.0,26055,0.0,0.0
2016-09-01 00:00:00+09:00,2070.0,2070.0,2055.0,2060.0,86608,0.0,0.0
2016-09-02 00:00:00+09:00,2090.0,2090.0,2060.0,2070.0,9010,0.0,0.0
2016-09-05 00:00:00+09:00,2085.0,2100.0,2065.0,2070.0,59507,0.0,0.0
2016-09-06 00:00:00+09:00,2095.0,2095.0,2055.0,2075.0,8779,0.0,0.0
2016-09-07 00:00:00+09:00,2085.0,2090.0,2060.0,2075.0,17710,0.0,0.0
2016-09-08 00:00:00+09:00,2090.0,2090.0,2040.0,2045.0,55174,0.0,0.0
2016-09-09 00:00:00+09:00,2090.0,2090.0,2045.0,2045.0,7533,0.0,0.0
2016-09-12 00:00:00+09:00,2080.0,2080.0,2050.0,2060.0,1372,0.0,0.0
2016-09-13 00:00:00+09:00,2050.0,2085.0,2050.0,2085.0,210,0.0,0.0
2016-09-19 00:00:00+09:00,2140.0,2140.0,2045.0,2060.0,14827,0.0,0.0
2016-09-20 00:00:00+09:00,2105.0,2105.0,2040.0,2055.0,11093,0.0,0.0
2016-09-21 00:00:00+09:00,2115.0,2115.0,2035.0,2050.0,4768,0.0,0.0
2016-09-22 00:00:00+09:00,2030.0,2050.0,2030.0,2050.0,1257,0.0,0.0
2016-09-23 00:00:00+09:00,2070.0,2070.0,2065.0,2065.0,51,0.0,0.0
2016-09-26 00:00:00+09:00,2050.0,2055.0,2050.0,2055.0,2814,0.0,0.0
2016-09-27 00:00:00+09:00,2125.0,2125.0,2045.0,2055.0,52317,0.0,0.0
2016-09-28 00:00:00+09:00,2060.0,2060.0,2035.0,2055.0,5211,0.0,0.0
2016-09-29 00:00:00+09:00,2045.0,2090.0,2040.0,2045.0,18169,0.0,0.0
2016-09-30 00:00:00+09:00,2050.0,2050.0,2040.0,2040.0,15102,0.0,0.0
2016-10-04 00:00:00+09:00,2065.0,2065.0,2030.0,2030.0,2838,0.0,0.0
2016-10-05 00:00:00+09:00,2030.0,2050.0,2025.0,2040.0,4656,0.0,0.0
2016-10-06 00:00:00+09:00,2035.0,2040.0,2025.0,2035.0,3404,0.0,0.0
2016-10-07 00:00:00+09:00,2050.0,2050.0,2035.0,2045.0,9727,0.0,0.0
2016-10-10 00:00:00+09:00,2060.0,2060.0,2040.0,2040.0,3995,0.0,0.0
2016-10-11 00:00:00+09:00,2050.0,2050.0,2035.0,2045.0,21013,0.0,0.0
2016-10-12 00:00:00+09:00,2050.0,2050.0,2035.0,2050.0,28177,0.0,0.0
2016-10-13 00:00:00+09:00,2055.0,2055.0,2015.0,2040.0,27466,0.0,0.0
2016-10-14 00:00:00+09:00,2050.0,2050.0,2015.0,2040.0,7299,0.0,0.0
2016-10-17 00:00:00+09:00,2050.0,2050.0,2020.0,2040.0,304,0.0,0.0
2016-10-18 00:00:00+09:00,2025.0,2050.0,2020.0,2045.0,2095,0.0,0.0
2016-10-19 00:00:00+09:00,2020.0,2055.0,2020.0,2040.0,2265,0.0,0.0
2016-10-20 00:00:00+09:00,2020.0,2045.0,2020.0,2045.0,2004,0.0,0.0
2016-10-21 00:00:00+09:00,2030.0,2050.0,2010.0,2035.0,14284,0.0,0.0
2016-10-24 00:00:00+09:00,2045.0,2045.0,2045.0,2045.0,1,0.0,0.0
2016-10-25 00:00:00+09:00,2050.0,2050.0,2010.0,2045.0,282,0.0,0.0
2016-10-26 00:00:00+09:00,2045.0,2045.0,2015.0,2045.0,983,0.0,0.0
2016-10-27 00:00:00+09:00,2020.0,2030.0,1995.0,2025.0,57517,0.0,0.0
2016-10-28 00:00:00+09:00,2005.0,2040.0,2005.0,2040.0,801,0.0,0.0
2016-10-31 00:00:00+09:00,2035.0,2035.0,2000.0,2000.0,16647,0.0,0.0
2016-11-01 00:00:00+09:00,2040.0,2040.0,1995.0,2020.0,9623,0.0,0.0
2016-11-02 00:00:00+09:00,2020.0,2020.0,1995.0,2015.0,1504,0.0,0.0
2016-11-03 00:00:00+09:00,2010.0,2010.0,1995.0,2010.0,1302,0.0,0.0
2016-11-04 00:00:00+09:00,2040.0,2040.0,1990.0,2005.0,7208,0.0,0.0
2016-11-07 00:00:00+09:00,2000.0,2005.0,1995.0,2005.0,3,0.0,0.0
2016-11-08 00:00:00+09:00,2035.0,2035.0,1995.0,2025.0,17282,0.0,0.0
2016-11-09 00:00:00+09:00,2000.0,2005.0,1985.0,1995.0,6670,0.0,0.0
2016-11-10 00:00:00+09:00,1995.0,2000.0,1995.0,2000.0,16217,0.0,0.0
2016-11-11 00:00:00+09:00,2000.0,2000.0,1990.0,2000.0,4257,0.0,0.0
2016-11-14 00:00:00+09:00,2000.0,2035.0,1990.0,2035.0,5356,0.0,0.0
2016-11-15 00:00:00+09:00,1995.0,2040.0,1995.0,2010.0,12012,0.0,0.0
2016-11-16 00:00:00+09:00,2005.0,2005.0,1985.0,2005.0,2509,0.0,0.0
2016-11-17 00:00:00+09:00,2045.0,2045.0,2005.0,2010.0,2501,0.0,0.0
2016-11-18 00:00:00+09:00,1990.0,2020.0,1990.0,2015.0,3773,0.0,0.0
2016-11-21 00:00:00+09:00,2010.0,2010.0,2000.0,2005.0,9002,0.0,0.0
2016-11-22 00:00:00+09:00,2005.0,2015.0,1980.0,2005.0,30380,0.0,0.0
2016-11-23 00:00:00+09:00,2005.0,2010.0,2005.0,2005.0,5498,0.0,0.0
2016-11-24 00:00:00+09:00,2065.0,2065.0,2000.0,2000.0,15976,0.0,0.0
2016-11-25 00:00:00+09:00,2055.0,2055.0,2000.0,2000.0,2608,0.0,0.0
2016-11-28 00:00:00+09:00,2000.0,2020.0,1995.0,1995.0,2503,0.0,0.0
2016-11-29 00:00:00+09:00,1995.0,2000.0,1990.0,1990.0,3506,0.0,0.0
2016-11-30 00:00:00+09:00,1995.0,2055.0,1990.0,2055.0,3233,0.0,0.0
2016-12-01 00:00:00+09:00,1990.0,2020.0,1990.0,2015.0,1363,0.0,0.0
2016-12-02 00:00:00+09:00,2015.0,2015.0,2015.0,2015.0,1,0.0,0.0
2016-12-05 00:00:00+09:00,1995.0,2000.0,1990.0,1990.0,23328,0.0,0.0
2016-12-06 00:00:00+09:00,2005.0,2005.0,2000.0,2000.0,15003,0.0,0.0
2016-12-07 00:00:00+09:00,2030.0,2030.0,2005.0,2005.0,10001,0.0,0.0
2016-12-08 00:00:00+09:00,2005.0,2010.0,2005.0,2010.0,8252,0.0,0.0
2016-12-09 00:00:00+09:00,2000.0,2005.0,1995.0,2000.0,3307,0.0,0.0
2016-12-12 00:00:00+09:00,2010.0,2010.0,1995.0,1995.0,10551,0.0,0.0
2016-12-13 00:00:00+09:00,1990.0,2000.0,1985.0,2000.0,24630,0.0,0.0
2016-12-14 00:00:00+09:00,2000.0,2000.0,1990.0,1990.0,6041,0.0,0.0
2016-12-15 00:00:00+09:00,2000.0,2000.0,1990.0,1995.0,26398,0.0,0.0
2016-12-16 00:00:00+09:00,1985.0,1995.0,1985.0,1995.0,1374,0.0,0.0
2016-12-19 00:00:00+09:00,1990.0,1995.0,1985.0,1990.0,13030,0.0,0.0
2016-12-20 00:00:00+09:00,1990.0,2020.0,1990.0,1990.0,58407,0.0,0.0
2016-12-21 00:00:00+09:00,1990.0,1995.0,1985.0,1990.0,12294,0.0,0.0
2016-12-22 00:00:00+09:00,1990.0,2000.0,1985.0,2000.0,33601,0.0,0.0
2016-12-23 00:00:00+09:00,1985.0,1995.0,1965.0,1995.0,15434,0.0,0.0
2016-12-26 00:00:00+09:00,1995.0,1995.0,1995.0,1995.0,0,0.0,0.0
2016-12-27 00:00:00+09:00,1995.0,2000.0,1990.0,1995.0,62886,0.0,0.0
2016-12-28 00:00:00+09:00,1985.0,2050.0,1970.0,1990.0,6503,0.0,0.0
2016-12-29 00:00:00+09:00,1995.0,2095.0,1990.0,2095.0,5098,0.0,0.0
2017-01-02 00:00:00+09:00,2095.0,2095.0,2095.0,2095.0,0,0.0,0.0
2017-01-03 00:00:00+09:00,2005.0,2005.0,2005.0,2005.0,4203,0.0,0.0
2017-01-04 00:00:00+09:00,2005.0,2005.0,1985.0,1990.0,10311,0.0,0.0
2017-01-05 00:00:00+09:00,2000.0,2000.0,2000.0,2000.0,1,0.0,0.0
2017-01-06 00:00:00+09:00,1990.0,1990.0,1990.0,1990.0,1186,0.0,0.0
2017-01-09 00:00:00+09:00,1965.0,1985.0,1965.0,1985.0,1001,0.0,0.0
2017-01-10 00:00:00+09:00,1985.0,1985.0,1985.0,1985.0,6337,0.0,0.0
2017-01-11 00:00:00+09:00,1985.0,2000.0,1980.0,2000.0,53020,0.0,0.0
2017-01-12 00:00:00+09:00,1980.0,1980.0,1980.0,1980.0,31,0.0,0.0
2017-01-13 00:00:00+09:00,1980.0,1980.0,1980.0,1980.0,0,0.0,0.0
2017-01-16 00:00:00+09:00,1990.0,2025.0,1985.0,2025.0,4972,0.0,0.0
2017-01-17 00:00:00+09:00,1990.0,2000.0,1990.0,2000.0,4435,0.0,0.0
2017-01-18 00:00:00+09:00,2000.0,2000.0,2000.0,2000.0,5925,0.0,0.0
2017-01-19 00:00:00+09:00,1995.0,2000.0,1995.0,2000.0,8402,0.0,0.0
2017-01-20 00:00:00+09:00,2000.0,2000.0,2000.0,2000.0,2605,0.0,0.0
2017-01-23 00:00:00+09:00,1985.0,1985.0,1980.0,1985.0,4089,0.0,0.0
2017-01-24 00:00:00+09:00,1990.0,1990.0,1990.0,1990.0,505,0.0,0.0
2017-01-25 00:00:00+09:00,2000.0,2000.0,1995.0,1995.0,571,0.0,0.0
2017-01-26 00:00:00+09:00,2000.0,2000.0,1995.0,1995.0,10003,0.0,0.0
2017-01-31 00:00:00+09:00,2010.0,2010.0,1990.0,2005.0,501,0.0,0.0
2017-02-01 00:00:00+09:00,2005.0,2005.0,2005.0,2005.0,0,0.0,0.0
2017-02-02 00:00:00+09:00,1995.0,1995.0,1995.0,1995.0,2029,0.0,0.0
2017-02-03 00:00:00+09:00,1965.0,1995.0,1965.0,1995.0,1416,0.0,0.0
2017-02-06 00:00:00+09:00,1965.0,1980.0,1965.0,1980.0,1554,0.0,0.0
2017-02-07 00:00:00+09:00,1960.0,2005.0,1960.0,2005.0,696,0.0,0.0
2017-02-08 00:00:00+09:00,1970.0,2000.0,1965.0,2000.0,4160,0.0,0.0
2017-02-09 00:00:00+09:00,1970.0,1995.0,1970.0,1970.0,1450,0.0,0.0
2017-02-10 00:00:00+09:00,1960.0,1975.0,1960.0,1975.0,4573,0.0,0.0
2017-02-13 00:00:00+09:00,1965.0,1995.0,1965.0,1995.0,2,0.0,0.0
2017-02-14 00:00:00+09:00,1990.0,1990.0,1990.0,1990.0,501,0.0,0.0
2017-02-15 00:00:00+09:00,1990.0,1990.0,1990.0,1990.0,0,0.0,0.0
2017-02-16 00:00:00+09:00,1990.0,1990.0,1990.0,1990.0,55,0.0,0.0
2017-02-17 00:00:00+09:00,1990.0,1990.0,1990.0,1990.0,0,0.0,0.0
2017-02-20 00:00:00+09:00,1990.0,1990.0,1990.0,1990.0,0,0.0,0.0
2017-02-21 00:00:00+09:00,1990.0,1990.0,1990.0,1990.0,0,0.0,0.0
2017-02-22 00:00:00+09:00,1970.0,2010.0,1950.0,2010.0,15210,0.0,0.0
2017-02-23 00:00:00+09:00,1985.0,1995.0,1985.0,1995.0,1200,0.0,0.0
2017-02-24 00:00:00+09:00,1995.0,1995.0,1985.0,1990.0,14591,0.0,0.0
2017-02-27 00:00:00+09:00,1990.0,1990.0,1990.0,1990.0,0,0.0,0.0
2017-02-28 00:00:00+09:00,2000.0,2000.0,1960.0,1985.0,1630,0.0,0.0
2017-03-02 00:00:00+09:00,2065.0,2065.0,1990.0,1995.0,820,0.0,0.0
2017-03-03 00:00:00+09:00,2010.0,2010.0,1955.0,1995.0,20551,0.0,0.0
2017-03-06 00:00:00+09:00,2060.0,2060.0,1965.0,1990.0,1434,0.0,0.0
2017-03-07 00:00:00+09:00,1985.0,1985.0,1985.0,1985.0,1,0.0,0.0
2017-03-08 00:00:00+09:00,1955.0,2015.0,1955.0,1965.0,920,0.0,0.0
2017-03-09 00:00:00+09:00,1995.0,1995.0,1970.0,1970.0,1388,0.0,0.0
2017-03-10 00:00:00+09:00,1990.0,1990.0,1990.0,1990.0,900,0.0,0.0
2017-03-13 00:00:00+09:00,1975.0,1975.0,1970.0,1970.0,2120,0.0,0.0
2017-03-14 00:00:00+09:00,2000.0,2000.0,1960.0,1990.0,24041,0.0,0.0
2017-03-15 00:00:00+09:00,2000.0,2000.0,1970.0,1980.0,2847,0.0,0.0
2017-03-16 00:00:00+09:00,1995.0,1995.0,1970.0,1980.0,4237,0.0,0.0
2017-03-17 00:00:00+09:00,1990.0,2065.0,1980.0,1980.0,23868,0.0,0.0
2017-03-20 00:00:00+09:00,1995.0,2035.0,1995.0,2000.0,28863,0.0,0.0
2017-03-21 00:00:00+09:00,2000.0,2005.0,2000.0,2000.0,5050,0.0,0.0
2017-03-22 00:00:00+09:00,2000.0,2000.0,2000.0,2000.0,3113,0.0,0.0
2017-03-23 00:00:00+09:00,2010.0,2035.0,2000.0,2025.0,10305,0.0,0.0
2017-03-24 00:00:00+09:00,2000.0,2005.0,1980.0,2000.0,15538,0.0,0.0
2017-03-27 00:00:00+09:00,1975.0,1995.0,1975.0,1995.0,904,0.0,0.0
2017-03-28 00:00:00+09:00,1995.0,1995.0,1970.0,1995.0,3325,0.0,0.0
2017-03-29 00:00:00+09:00,2035.0,2035.0,1995.0,1995.0,8122,0.0,0.0
2017-03-30 00:00:00+09:00,2000.0,2005.0,1990.0,1995.0,12274,0.0,0.0
2017-03-31 00:00:00+09:00,2000.0,2020.0,1995.0,2020.0,11308,0.0,0.0
2017-04-03 00:00:00+09:00,2000.0,2010.0,2000.0,2005.0,5306,0.0,0.0
2017-04-04 00:00:00+09:00,1975.0,2040.0,1975.0,1990.0,45050,0.0,0.0
2017-04-05 00:00:00+09:00,1990.0,1995.0,1985.0,1990.0,6969,0.0,0.0
2017-04-06 00:00:00+09:00,2025.0,2025.0,1990.0,1990.0,7677,0.0,0.0
2017-04-07 00:00:00+09:00,1990.0,2020.0,1990.0,2000.0,17205,0.0,0.0
2017-04-10 00:00:00+09:00,2000.0,2005.0,1995.0,2000.0,6205,0.0,0.0
2017-04-11 00:00:00+09:00,1990.0,2000.0,1990.0,2000.0,30581,0.0,0.0
2017-04-12 00:00:00+09:00,1990.0,1995.0,1990.0,1995.0,21600,0.0,0.0
2017-04-13 00:00:00+09:00,2020.0,2020.0,1990.0,1990.0,12422,0.0,0.0
2017-04-14 00:00:00+09:00,1990.0,1990.0,1990.0,1990.0,5000,0.0,0.0
2017-04-17 00:00:00+09:00,2005.0,2005.0,2005.0,2005.0,1,0.0,0.0
2017-04-18 00:00:00+09:00,1990.0,1990.0,1990.0,1990.0,18805,0.0,0.0
2017-04-19 00:00:00+09:00,2020.0,2020.0,1985.0,1990.0,2500,0.0,0.0
2017-04-20 00:00:00+09:00,1990.0,2005.0,1990.0,1990.0,3806,0.0,0.0
2017-04-21 00:00:00+09:00,1985.0,2005.0,1985.0,2005.0,6981,0.0,0.0
2017-04-24 00:00:00+09:00,1985.0,2010.0,1980.0,1985.0,28168,0.0,0.0
2017-04-25 00:00:00+09:00,1995.0,2000.0,1990.0,1990.0,5701,0.0,0.0
2017-04-26 00:00:00+09:00,1990.0,1995.0,1980.0,1990.0,22331,0.0,0.0
2017-04-27 00:00:00+09:00,1990.0,2000.0,1985.0,2000.0,9152,0.0,0.0
2017-04-28 00:00:00+09:00,1985.0,1985.0,1980.0,1980.0,3526,0.0,0.0
2017-05-02 00:00:00+09:00,1995.0,1995.0,1980.0,1980.0,15081,0.0,0.0
2017-05-04 00:00:00+09:00,1995.0,1995.0,1995.0,1995.0,10,0.0,0.0
2017-05-08 00:00:00+09:00,1980.0,2000.0,1980.0,1985.0,3019,0.0,0.0
2017-05-10 00:00:00+09:00,1975.0,2000.0,1975.0,1995.0,4285,0.0,0.0
2017-05-11 00:00:00+09:00,1975.0,1995.0,1975.0,1985.0,9432,0.0,0.0
2017-05-12 00:00:00+09:00,1990.0,1995.0,1980.0,1995.0,7187,0.0,0.0
2017-05-15 00:00:00+09:00,2000.0,2000.0,1975.0,1985.0,1842,0.0,0.0
2017-05-16 00:00:00+09:00,1985.0,1995.0,1985.0,1985.0,2933,0.0,0.0
2017-05-17 00:00:00+09:00,1985.0,1990.0,1985.0,1985.0,16757,0.0,0.0
2017-05-18 00:00:00+09:00,1980.0,1980.0,1975.0,1980.0,5372,0.0,0.0
2017-05-19 00:00:00+09:00,1980.0,1985.0,1980.0,1980.0,2417,0.0,0.0
2017-05-22 00:00:00+09:00,1975.0,1995.0,1975.0,1995.0,4739,0.0,0.0
2017-05-23 00:00:00+09:00,1995.0,1995.0,1995.0,1995.0,2,0.0,0.0
2017-05-24 00:00:00+09:00,1985.0,1990.0,1975.0,1980.0,6944,0.0,0.0
2017-05-25 00:00:00+09:00,1975.0,1990.0,1975.0,1985.0,4,0.0,0.0
2017-05-26 00:00:00+09:00,1975.0,1990.0,1970.0,1990.0,17159,0.0,0.0
2017-05-29 00:00:00+09:00,1970.0,1985.0,1970.0,1970.0,30201,0.0,0.0
2017-05-30 00:00:00+09:00,1965.0,1980.0,1965.0,1970.0,562,0.0,0.0
2017-05-31 00:00:00+09:00,1970.0,1980.0,1970.0,1980.0,3603,0.0,0.0
2017-06-01 00:00:00+09:00,1980.0,1980.0,1970.0,1980.0,7266,0.0,0.0
2017-06-02 00:00:00+09:00,1980.0,1985.0,1970.0,1985.0,3601,0.0,0.0
2017-06-05 00:00:00+09:00,1970.0,1975.0,1970.0,1970.0,2855,0.0,0.0
2017-06-07 00:00:00+09:00,1970.0,1970.0,1965.0,1970.0,15738,0.0,0.0
2017-06-08 00:00:00+09:00,1975.0,1975.0,1965.0,1970.0,1913,0.0,0.0
2017-06-09 00:00:00+09:00,1975.0,1975.0,1970.0,1975.0,8421,0.0,0.0
2017-06-12 00:00:00+09:00,1975.0,1980.0,1970.0,1980.0,1768,0.0,0.0
2017-06-13 00:00:00+09:00,1980.0,1980.0,1970.0,1980.0,408,0.0,0.0
2017-06-14 00:00:00+09:00,1975.0,1980.0,1970.0,1980.0,4716,0.0,0.0
2017-06-15 00:00:00+09:00,1970.0,1985.0,1970.0,1975.0,5080,0.0,0.0
2017-06-16 00:00:00+09:00,1980.0,1985.0,1980.0,1985.0,1421,0.0,0.0
2017-06-19 00:00:00+09:00,1975.0,1990.0,1960.0,1975.0,21141,0.0,0.0
2017-06-20 00:00:00+09:00,1960.0,1975.0,1960.0,1965.0,10161,0.0,0.0
2017-06-21 00:00:00+09:00,1960.0,1980.0,1960.0,1970.0,10828,0.0,0.0
2017-06-22 00:00:00+09:00,1980.0,1990.0,1970.0,1985.0,15712,0.0,0.0
2017-06-23 00:00:00+09:00,1965.0,1985.0,1965.0,1980.0,3401,0.0,0.0
2017-06-26 00:00:00+09:00,1990.0,1990.0,1980.0,1985.0,600,0.0,0.0
2017-06-27 00:00:00+09:00,1985.0,1985.0,1985.0,1985.0,1,0.0,0.0
2017-06-28 00:00:00+09:00,1970.0,1990.0,1970.0,1990.0,56,0.0,0.0
2017-06-29 00:00:00+09:00,1970.0,1990.0,1970.0,1990.0,5340,0.0,0.0
2017-06-30 00:00:00+09:00,1980.0,2000.0,1980.0,2000.0,15503,0.0,0.0
2017-07-03 00:00:00+09:00,2000.0,2000.0,1990.0,1995.0,5750,0.0,0.0
2017-07-04 00:00:00+09:00,1995.0,2005.0,1995.0,2000.0,41970,0.0,0.0
2017-07-05 00:00:00+09:00,1990.0,2015.0,1990.0,2015.0,12814,0.0,0.0
2017-07-06 00:00:00+09:00,1990.0,2015.0,1990.0,2015.0,2635,0.0,0.0
2017-07-07 00:00:00+09:00,2000.0,2025.0,2000.0,2010.0,10896,0.0,0.0
2017-07-10 00:00:00+09:00,2005.0,2020.0,2000.0,2010.0,37267,0.0,0.0
2017-07-11 00:00:00+09:00,2005.0,2015.0,2005.0,2015.0,1905,0.0,0.0
2017-07-12 00:00:00+09:00,2030.0,2035.0,2020.0,2035.0,2133,0.0,0.0
2017-07-13 00:00:00+09:00,2045.0,2045.0,2030.0,2035.0,863,0.0,0.0
2017-07-14 00:00:00+09:00,2015.0,2040.0,2015.0,2035.0,3993,0.0,0.0
2017-07-17 00:00:00+09:00,2035.0,2035.0,2025.0,2025.0,2437,0.0,0.0
2017-07-18 00:00:00+09:00,2025.0,2040.0,2020.0,2040.0,6147,0.0,0.0
2017-07-19 00:00:00+09:00,2040.0,2050.0,2040.0,2050.0,31956,0.0,0.0
2017-07-20 00:00:00+09:00,2045.0,2080.0,2035.0,2080.0,83139,0.0,0.0
2017-07-21 00:00:00+09:00,2080.0,2080.0,2045.0,2055.0,19769,0.0,0.0
2017-07-24 00:00:00+09:00,2050.0,2050.0,2050.0,2050.0,146,0.0,0.0
2017-07-25 00:00:00+09:00,2020.0,2040.0,2020.0,2030.0,13520,0.0,0.0
2017-07-26 00:00:00+09:00,2025.0,2030.0,2025.0,2030.0,837,0.0,0.0
2017-07-27 00:00:00+09:00,2030.0,2035.0,2030.0,2035.0,120,0.0,0.0
2017-07-28 00:00:00+09:00,2030.0,2030.0,2025.0,2025.0,1910,0.0,0.0
2017-07-31 00:00:00+09:00,2030.0,2030.0,2025.0,2030.0,49,0.0,0.0
2017-08-01 00:00:00+09:00,2035.0,2075.0,2035.0,2040.0,98,0.0,0.0
2017-08-02 00:00:00+09:00,2040.0,2070.0,2040.0,2050.0,22801,0.0,0.0
2017-08-03 00:00:00+09:00,2050.0,2055.0,2040.0,2055.0,11304,0.0,0.0
2017-08-04 00:00:00+09:00,2045.0,2050.0,2045.0,2045.0,3423,0.0,0.0
2017-08-07 00:00:00+09:00,2040.0,2090.0,2040.0,2050.0,9950,0.0,0.0
2017-08-08 00:00:00+09:00,2050.0,2055.0,2045.0,2045.0,10593,0.0,0.0
2017-08-09 00:00:00+09:00,2010.0,2050.0,1990.0,2015.0,48580,0.0,0.0
2017-08-10 00:00:00+09:00,2010.0,2030.0,2010.0,2030.0,1262,0.0,0.0
2017-08-11 00:00:00+09:00,2025.0,2025.0,2025.0,2025.0,960,0.0,0.0
2017-08-14 00:00:00+09:00,2040.0,2040.0,2040.0,2040.0,1,0.0,0.0
2017-08-16 00:00:00+09:00,2040.0,2040.0,2040.0,2040.0,0,0.0,0.0
2017-08-17 00:00:00+09:00,2040.0,2065.0,2020.0,2050.0,14900,0.0,0.0
2017-08-18 00:00:00+09:00,2040.0,2065.0,2040.0,2065.0,4,0.0,0.0
2017-08-21 00:00:00+09:00,2055.0,2065.0,2055.0,2060.0,4413,0.0,0.0
2017-08-22 00:00:00+09:00,2025.0,2055.0,2020.0,2035.0,12009,0.0,0.0
2017-08-23 00:00:00+09:00,2030.0,2045.0,2030.0,2045.0,8445,0.0,0.0
2017-08-24 00:00:00+09:00,2045.0,2045.0,2045.0,2045.0,0,0.0,0.0
2017-08-25 00:00:00+09:00,2025.0,2060.0,2025.0,2050.0,11641,0.0,0.0
2017-08-28 00:00:00+09:00,2020.0,2080.0,2020.0,2065.0,1638,0.0,0.0
2017-08-29 00:00:00+09:00,2075.0,2075.0,2065.0,2065.0,100,0.0,0.0
2017-08-30 00:00:00+09:00,2065.0,2070.0,2045.0,2065.0,30665,0.0,0.0
2017-08-31 00:00:00+09:00,2070.0,2070.0,2065.0,2065.0,53004,0.0,0.0
2017-09-01 00:00:00+09:00,2055.0,2055.0,2055.0,2055.0,114,0.0,0.0
2017-09-04 00:00:00+09:00,2045.0,2065.0,2040.0,2045.0,14564,0.0,0.0
2017-09-05 00:00:00+09:00,2040.0,2045.0,2040.0,2045.0,3385,0.0,0.0
2017-09-06 00:00:00+09:00,2045.0,2045.0,2040.0,2040.0,8472,0.0,0.0
2017-09-07 00:00:00+09:00,2040.0,2050.0,2035.0,2050.0,10852,0.0,0.0
2017-09-08 00:00:00+09:00,2045.0,2050.0,2040.0,2050.0,18275,0.0,0.0
2017-09-11 00:00:00+09:00,2050.0,2050.0,2040.0,2045.0,5874,0.0,0.0
2017-09-12 00:00:00+09:00,2040.0,2040.0,2035.0,2040.0,14076,0.0,0.0
2017-09-13 00:00:00+09:00,2040.0,2045.0,2025.0,2030.0,19970,0.0,0.0
2017-09-14 00:00:00+09:00,2025.0,2055.0,2025.0,2040.0,22274,0.0,0.0
2017-09-15 00:00:00+09:00,2040.0,2055.0,2040.0,2055.0,14380,0.0,0.0
2017-09-18 00:00:00+09:00,2055.0,2055.0,2055.0,2055.0,2952,0.0,0.0
2017-09-19 00:00:00+09:00,2060.0,2060.0,2055.0,2060.0,7159,0.0,0.0
2017-09-20 00:00:00+09:00,2080.0,2080.0,2055.0,2055.0,54,0.0,0.0
2017-09-21 00:00:00+09:00,2045.0,2090.0,2045.0,2055.0,5924,0.0,0.0
2017-09-25 00:00:00+09:00,2045.0,2055.0,2045.0,2055.0,183,0.0,0.0
2017-09-26 00:00:00+09:00,2055.0,2055.0,2055.0,2055.0,0,0.0,0.0
2017-09-27 00:00:00+09:00,2055.0,2055.0,2055.0,2055.0,5353,0.0,0.0
2017-09-28 00:00:00+09:00,2055.0,2055.0,2050.0,2055.0,7194,0.0,0.0
2017-09-29 00:00:00+09:00,2035.0,2055.0,2035.0,2050.0,6472,0.0,0.0
2017-10-10 00:00:00+09:00,2080.0,2080.0,2040.0,2045.0,1002,0.0,0.0
2017-10-11 00:00:00+09:00,2045.0,2065.0,2045.0,2065.0,101,0.0,0.0
2017-10-12 00:00:00+09:00,2060.0,2060.0,2055.0,2055.0,201,0.0,0.0
2017-10-13 00:00:00+09:00,2065.0,2065.0,2050.0,2050.0,2202,0.0,0.0
2017-10-16 00:00:00+09:00,2060.0,2085.0,2055.0,2080.0,5564,0.0,0.0
2017-10-17 00:00:00+09:00,2055.0,2060.0,2055.0,2060.0,2240,0.0,0.0
2017-10-18 00:00:00+09:00,2060.0,2075.0,2050.0,2075.0,11198,0.0,0.0
2017-10-19 00:00:00+09:00,2045.0,2045.0,2045.0,2045.0,355,0.0,0.0
2017-10-20 00:00:00+09:00,2045.0,2045.0,2040.0,2040.0,21497,0.0,0.0
2017-10-23 00:00:00+09:00,2020.0,2050.0,2020.0,2050.0,791,0.0,0.0
2017-10-24 00:00:00+09:00,2050.0,2050.0,2050.0,2050.0,2000,0.0,0.0
2017-10-25 00:00:00+09:00,2045.0,2045.0,2030.0,2035.0,4369,0.0,0.0
2017-10-26 00:00:00+09:00,2030.0,2060.0,2030.0,2060.0,3077,0.0,0.0
2017-10-27 00:00:00+09:00,2030.0,2030.0,2030.0,2030.0,1500,0.0,0.0
2017-10-30 00:00:00+09:00,2030.0,2030.0,2025.0,2025.0,1341,0.0,0.0
2017-10-31 00:00:00+09:00,2025.0,2045.0,2025.0,2045.0,801,0.0,0.0
2017-11-01 00:00:00+09:00,2025.0,2045.0,2025.0,2045.0,161,0.0,0.0
2017-11-02 00:00:00+09:00,2040.0,2040.0,2040.0,2040.0,1000,0.0,0.0
2017-11-03 00:00:00+09:00,2025.0,2030.0,2025.0,2030.0,1050,0.0,0.0
2017-11-06 00:00:00+09:00,2030.0,2030.0,2020.0,2020.0,7799,0.0,0.0
2017-11-07 00:00:00+09:00,2020.0,2020.0,2020.0,2020.0,20002,0.0,0.0
2017-11-08 00:00:00+09:00,2020.0,2020.0,2020.0,2020.0,1928,0.0,0.0
2017-11-09 00:00:00+09:00,2020.0,2050.0,2015.0,2050.0,6003,0.0,0.0
2017-11-10 00:00:00+09:00,2020.0,2020.0,2015.0,2015.0,4043,0.0,0.0
2017-11-13 00:00:00+09:00,2015.0,2045.0,2015.0,2015.0,12029,0.0,0.0
2017-11-14 00:00:00+09:00,2015.0,2020.0,2000.0,2005.0,35049,0.0,0.0
2017-11-15 00:00:00+09:00,2005.0,2005.0,2005.0,2005.0,0,0.0,0.0
2017-11-16 00:00:00+09:00,2040.0,2040.0,2040.0,2040.0,1,0.0,0.0
2017-11-17 00:00:00+09:00,2020.0,2030.0,2020.0,2030.0,204,0.0,0.0
2017-11-20 00:00:00+09:00,2000.0,2020.0,2000.0,2020.0,6301,0.0,0.0
2017-11-21 00:00:00+09:00,2020.0,2020.0,2000.0,2000.0,2277,0.0,0.0
2017-11-22 00:00:00+09:00,1995.0,1995.0,1995.0,1995.0,267,0.0,0.0
2017-11-23 00:00:00+09:00,2030.0,2030.0,1995.0,2030.0,1288,0.0,0.0
2017-11-24 00:00:00+09:00,2030.0,2030.0,2030.0,2030.0,0,0.0,0.0
2017-11-27 00:00:00+09:00,2000.0,2000.0,2000.0,2000.0,6076,0.0,0.0
2017-11-28 00:00:00+09:00,2000.0,2090.0,2000.0,2005.0,67986,0.0,0.0
2017-11-29 00:00:00+09:00,2040.0,2040.0,1990.0,2015.0,12334,0.0,0.0
2017-11-30 00:00:00+09:00,2020.0,2030.0,2000.0,2020.0,1008,0.0,0.0
2017-12-01 00:00:00+09:00,2010.0,2015.0,2010.0,2015.0,1005,0.0,0.0
2017-12-04 00:00:00+09:00,2000.0,2020.0,2000.0,2020.0,150,0.0,0.0
2017-12-05 00:00:00+09:00,1995.0,2020.0,1995.0,2020.0,3541,0.0,0.0
2017-12-06 00:00:00+09:00,2010.0,2010.0,2000.0,2010.0,1121,0.0,0.0
2017-12-07 00:00:00+09:00,2000.0,2000.0,2000.0,2000.0,1,0.0,0.0
2017-12-08 00:00:00+09:00,1985.0,2005.0,1980.0,2005.0,7814,0.0,0.0
2017-12-11 00:00:00+09:00,2005.0,2005.0,2005.0,2005.0,0,0.0,0.0
2017-12-12 00:00:00+09:00,2005.0,2005.0,2005.0,2005.0,0,0.0,0.0
2017-12-13 00:00:00+09:00,2000.0,2015.0,2000.0,2015.0,7543,0.0,0.0
2017-12-14 00:00:00+09:00,2000.0,2025.0,2000.0,2025.0,9635,0.0,0.0
2017-12-15 00:00:00+09:00,2025.0,2025.0,2000.0,2005.0,3851,0.0,0.0
2017-12-18 00:00:00+09:00,2005.0,2005.0,2005.0,2005.0,0,0.0,0.0
2017-12-19 00:00:00+09:00,2005.0,2005.0,2005.0,2005.0,0,0.0,0.0
2017-12-21 00:00:00+09:00,2000.0,2000.0,1990.0,1990.0,3205,0.0,0.0
2017-12-22 00:00:00+09:00,1985.0,1990.0,1985.0,1990.0,4350,0.0,0.0
2017-12-26 00:00:00+09:00,1990.0,1990.0,1990.0,1990.0,0,0.0,0.0
2017-12-27 00:00:00+09:00,1990.0,1990.0,1990.0,1990.0,0,0.0,0.0
2017-12-28 00:00:00+09:00,1990.0,1990.0,1980.0,1990.0,2536,0.0,0.0
2018-01-02 00:00:00+09:00,1975.0,2005.0,1975.0,1985.0,23280,0.0,0.0
2018-01-03 00:00:00+09:00,1985.0,1985.0,1985.0,1985.0,0,0.0,0.0
2018-01-04 00:00:00+09:00,1985.0,2000.0,1985.0,1990.0,4130,0.0,0.0
2018-01-05 00:00:00+09:00,1990.0,2000.0,1990.0,1990.0,5661,0.0,0.0
2018-01-08 00:00:00+09:00,1990.0,2010.0,1990.0,2010.0,3481,0.0,0.0
2018-01-09 00:00:00+09:00,1990.0,2000.0,1990.0,1990.0,6096,0.0,0.0
2018-01-10 00:00:00+09:00,1990.0,1995.0,1990.0,1990.0,6161,0.0,0.0
2018-01-11 00:00:00+09:00,1990.0,2020.0,1990.0,2020.0,4316,0.0,0.0
2018-01-12 00:00:00+09:00,1990.0,1995.0,1990.0,1995.0,1500,0.0,0.0
2018-01-15 00:00:00+09:00,1990.0,2025.0,1990.0,2000.0,12933,0.0,0.0
2018-01-16 00:00:00+09:00,2000.0,2015.0,1990.0,1990.0,1385,0.0,0.0
2018-01-17 00:00:00+09:00,1990.0,1990.0,1990.0,1990.0,3505,0.0,0.0
2018-01-18 00:00:00+09:00,1985.0,2000.0,1985.0,1990.0,4678,0.0,0.0
2018-01-19 00:00:00+09:00,1990.0,1990.0,1990.0,1990.0,0,0.0,0.0
2018-01-22 00:00:00+09:00,1990.0,2000.0,1990.0,1990.0,3793,0.0,0.0
2018-01-23 00:00:00+09:00,1980.0,1985.0,1980.0,1985.0,4002,0.0,0.0
2018-01-24 00:00:00+09:00,1990.0,2025.0,1990.0,2015.0,2331,0.0,0.0
2018-01-25 00:00:00+09:00,1990.0,2010.0,1990.0,2010.0,14907,0.0,0.0
2018-01-26 00:00:00+09:00,2010.0,2010.0,2010.0,2010.0,0,0.0,0.0
2018-01-29 00:00:00+09:00,1990.0,2020.0,1990.0,2020.0,3750,0.0,0.0
2018-01-30 00:00:00+09:00,2000.0,2015.0,2000.0,2015.0,3607,0.0,0.0
2018-01-31 00:00:00+09:00,2000.0,2015.0,2000.0,2000.0,4094,0.0,0.0
2018-02-01 00:00:00+09:00,2000.0,2020.0,2000.0,2000.0,3023,0.0,0.0
2018-02-02 00:00:00+09:00,2000.0,2000.0,2000.0,2000.0,343,0.0,0.0
2018-02-05 00:00:00+09:00,2000.0,2030.0,2000.0,2030.0,145,0.0,0.0
2018-02-06 00:00:00+09:00,2005.0,2005.0,2000.0,2000.0,2742,0.0,0.0
2018-02-07 00:00:00+09:00,2005.0,2025.0,2005.0,2005.0,3,0.0,0.0
2018-02-08 00:00:00+09:00,2005.0,2005.0,2005.0,2005.0,0,0.0,0.0
2018-02-09 00:00:00+09:00,2005.0,2025.0,2005.0,2025.0,3,0.0,0.0
2018-02-12 00:00:00+09:00,2025.0,2025.0,2025.0,2025.0,1,0.0,0.0
2018-02-13 00:00:00+09:00,2000.0,2015.0,2000.0,2015.0,7945,0.0,0.0
2018-02-14 00:00:00+09:00,2005.0,2020.0,2000.0,2005.0,3561,0.0,0.0
2018-02-19 00:00:00+09:00,2025.0,2025.0,2000.0,2005.0,10,0.0,0.0
2018-02-20 00:00:00+09:00,2020.0,2020.0,2010.0,2010.0,1612,0.0,0.0
2018-02-21 00:00:00+09:00,2020.0,2020.0,2015.0,2015.0,5,0.0,0.0
2018-02-22 00:00:00+09:00,2020.0,2025.0,2015.0,2015.0,2854,0.0,0.0
2018-02-23 00:00:00+09:00,2025.0,2030.0,2010.0,2010.0,9207,0.0,0.0
2018-02-26 00:00:00+09:00,2005.0,2020.0,2005.0,2020.0,4855,0.0,0.0
2018-02-27 00:00:00+09:00,2025.0,2025.0,2020.0,2020.0,2688,0.0,0.0
2018-02-28 00:00:00+09:00,2020.0,2020.0,2010.0,2020.0,1928,0.0,0.0
2018-03-02 00:00:00+09:00,2005.0,2025.0,2005.0,2015.0,2241,0.0,0.0
2018-03-05 00:00:00+09:00,2025.0,2025.0,2020.0,2020.0,2600,0.0,0.0
2018-03-06 00:00:00+09:00,2020.0,2025.0,2020.0,2025.0,2594,0.0,0.0
2018-03-07 00:00:00+09:00,2015.0,2030.0,2015.0,2030.0,13918,0.0,0.0
2018-03-08 00:00:00+09:00,2030.0,2030.0,2030.0,2030.0,0,0.0,0.0
2018-03-09 00:00:00+09:00,2030.0,2030.0,2030.0,2030.0,5773,0.0,0.0
2018-03-12 00:00:00+09:00,2020.0,2030.0,2020.0,2030.0,998,0.0,0.0
2018-03-13 00:00:00+09:00,2015.0,2030.0,2015.0,2030.0,3779,0.0,0.0
2018-03-14 00:00:00+09:00,2030.0,2030.0,2020.0,2030.0,2338,0.0,0.0
2018-03-15 00:00:00+09:00,2030.0,2030.0,2030.0,2030.0,0,0.0,0.0
2018-03-16 00:00:00+09:00,2045.0,2045.0,2020.0,2040.0,3100,0.0,0.0
2018-03-19 00:00:00+09:00,2040.0,2040.0,2040.0,2040.0,600,0.0,0.0
2018-03-20 00:00:00+09:00,2025.0,2035.0,2025.0,2030.0,5,0.0,0.0
2018-03-21 00:00:00+09:00,2035.0,2035.0,2030.0,2030.0,2446,0.0,0.0
2018-03-22 00:00:00+09:00,2030.0,2030.0,2030.0,2030.0,0,0.0,0.0
2018-03-23 00:00:00+09:00,2045.0,2045.0,2030.0,2030.0,2959,0.0,0.0
2018-03-26 00:00:00+09:00,2030.0,2030.0,2030.0,2030.0,1354,0.0,0.0
2018-03-27 00:00:00+09:00,2040.0,2040.0,2030.0,2030.0,1585,0.0,0.0
2018-03-28 00:00:00+09:00,2035.0,2035.0,2030.0,2030.0,1155,0.0,0.0
2018-03-29 00:00:00+09:00,2030.0,2040.0,2030.0,2040.0,7001,0.0,0.0
2018-03-30 00:00:00+09:00,2045.0,2050.0,2045.0,2050.0,601,0.0,0.0
2018-04-02 00:00:00+09:00,2030.0,2050.0,2030.0,2045.0,2781,0.0,0.0
2018-04-03 00:00:00+09:00,2060.0,2060.0,2030.0,2050.0,214,0.0,0.0
2018-04-04 00:00:00+09:00,2050.0,2070.0,2030.0,2030.0,767,0.0,0.0
2018-04-05 00:00:00+09:00,2030.0,2030.0,2030.0,2030.0,0,0.0,0.0
2018-04-06 00:00:00+09:00,2035.0,2050.0,2035.0,2050.0,1474,0.0,0.0
2018-04-09 00:00:00+09:00,2030.0,2040.0,2030.0,2035.0,6749,0.0,0.0
2018-04-10 00:00:00+09:00,2030.0,2050.0,2030.0,2035.0,2877,0.0,0.0
2018-04-11 00:00:00+09:00,2035.0,2035.0,2035.0,2035.0,0,0.0,0.0
2018-04-12 00:00:00+09:00,2020.0,2045.0,2020.0,2045.0,453,0.0,0.0
2018-04-13 00:00:00+09:00,2040.0,2040.0,2035.0,2035.0,2777,0.0,0.0
2018-04-16 00:00:00+09:00,2040.0,2045.0,2035.0,2040.0,7788,0.0,0.0
2018-04-17 00:00:00+09:00,2035.0,2045.0,2030.0,2045.0,13631,0.0,0.0
2018-04-18 00:00:00+09:00,2030.0,2035.0,2030.0,2030.0,1236,0.0,0.0
2018-04-19 00:00:00+09:00,2030.0,2030.0,2030.0,2030.0,5830,0.0,0.0
2018-04-20 00:00:00+09:00,2030.0,2040.0,2030.0,2040.0,11691,0.0,0.0
2018-04-23 00:00:00+09:00,2025.0,2045.0,2025.0,2030.0,8771,0.0,0.0
2018-04-24 00:00:00+09:00,2030.0,2030.0,2025.0,2025.0,2566,0.0,0.0
2018-04-25 00:00:00+09:00,2025.0,2025.0,2025.0,2025.0,0,0.0,0.0
2018-04-26 00:00:00+09:00,2025.0,2030.0,2025.0,2025.0,4385,0.0,0.0
2018-04-27 00:00:00+09:00,2020.0,2030.0,2015.0,2030.0,4576,0.0,0.0
2018-04-30 00:00:00+09:00,2030.0,2030.0,2030.0,2030.0,0,0.0,0.0
2018-05-02 00:00:00+09:00,2020.0,2025.0,2015.0,2015.0,289,0.0,0.0
2018-05-03 00:00:00+09:00,2015.0,2015.0,2005.0,2015.0,25382,0.0,0.0
2018-05-04 00:00:00+09:00,2015.0,2015.0,2015.0,2015.0,0,0.0,0.0
2018-05-08 00:00:00+09:00,2015.0,2015.0,2015.0,2015.0,0,0.0,0.0
2018-05-09 00:00:00+09:00,2015.0,2030.0,2010.0,2030.0,5501,0.0,0.0
2018-05-10 00:00:00+09:00,2030.0,2035.0,2015.0,2030.0,1112,0.0,0.0
2018-05-11 00:00:00+09:00,2030.0,2030.0,2010.0,2020.0,7121,0.0,0.0
2018-05-14 00:00:00+09:00,2020.0,2020.0,2020.0,2020.0,0,0.0,0.0
2018-05-15 00:00:00+09:00,2010.0,2010.0,2005.0,2005.0,22767,0.0,0.0
2018-05-16 00:00:00+09:00,2005.0,2010.0,2005.0,2010.0,8001,0.0,0.0
2018-05-17 00:00:00+09:00,2010.0,2045.0,2005.0,2015.0,2474,0.0,0.0
2018-05-18 00:00:00+09:00,2010.0,2015.0,2010.0,2015.0,6679,0.0,0.0
2018-05-21 00:00:00+09:00,2015.0,2015.0,2015.0,2015.0,3400,0.0,0.0
2018-05-23 00:00:00+09:00,2015.0,2015.0,2015.0,2015.0,12967,0.0,0.0
2018-05-24 00:00:00+09:00,2020.0,2025.0,2010.0,2015.0,25245,0.0,0.0
2018-05-25 00:00:00+09:00,2015.0,2015.0,2015.0,2015.0,0,0.0,0.0
2018-05-28 00:00:00+09:00,2045.0,2045.0,2025.0,2040.0,3182,0.0,0.0
2018-05-29 00:00:00+09:00,2030.0,2040.0,2030.0,2040.0,4950,0.0,0.0
2018-05-30 00:00:00+09:00,2040.0,2040.0,2040.0,2040.0,1442,0.0,0.0
2018-05-31 00:00:00+09:00,2030.0,2040.0,2025.0,2035.0,6938,0.0,0.0
2018-06-01 00:00:00+09:00,2035.0,2050.0,2035.0,2045.0,4501,0.0,0.0
2018-06-04 00:00:00+09:00,2045.0,2055.0,2045.0,2050.0,18400,0.0,0.0
2018-06-05 00:00:00+09:00,2050.0,2055.0,2050.0,2050.0,5093,0.0,0.0
2018-06-07 00:00:00+09:00,2045.0,2050.0,2045.0,2045.0,394,0.0,0.0
2018-06-08 00:00:00+09:00,2040.0,2055.0,2040.0,2045.0,3241,0.0,0.0
2018-06-11 00:00:00+09:00,2040.0,2045.0,2040.0,2045.0,1933,0.0,0.0
2018-06-12 00:00:00+09:00,2040.0,2050.0,2040.0,2050.0,7088,0.0,0.0
2018-06-14 00:00:00+09:00,2050.0,2050.0,2040.0,2040.0,1256,0.0,0.0
2018-06-15 00:00:00+09:00,2040.0,2050.0,2040.0,2050.0,900,0.0,0.0
2018-06-18 00:00:00+09:00,2050.0,2050.0,2050.0,2050.0,804,0.0,0.0
2018-06-19 00:00:00+09:00,2050.0,2050.0,2050.0,2050.0,0,0.0,0.0
2018-06-20 00:00:00+09:00,2055.0,2055.0,2055.0,2055.0,1,0.0,0.0
2018-06-21 00:00:00+09:00,2055.0,2055.0,2055.0,2055.0,1101,0.0,0.0
2018-06-22 00:00:00+09:00,2055.0,2065.0,2045.0,2065.0,10830,0.0,0.0
2018-06-25 00:00:00+09:00,2065.0,2065.0,2065.0,2065.0,0,0.0,0.0
2018-06-26 00:00:00+09:00,2050.0,2060.0,2050.0,2060.0,601,0.0,0.0
2018-06-27 00:00:00+09:00,2050.0,2055.0,2050.0,2055.0,2651,0.0,0.0
2018-06-28 00:00:00+09:00,2055.0,2055.0,2055.0,2055.0,0,0.0,0.0
2018-06-29 00:00:00+09:00,2055.0,2055.0,2055.0,2055.0,0,0.0,0.0
2018-07-02 00:00:00+09:00,2060.0,2060.0,2045.0,2045.0,15801,0.0,0.0
2018-07-03 00:00:00+09:00,2045.0,2085.0,2045.0,2085.0,23734,0.0,0.0
2018-07-04 00:00:00+09:00,2090.0,2090.0,2060.0,2075.0,14176,0.0,0.0
2018-07-05 00:00:00+09:00,2065.0,2075.0,2065.0,2070.0,6677,0.0,0.0
2018-07-06 00:00:00+09:00,2090.0,2090.0,2070.0,2090.0,149,0.0,0.0
2018-07-09 00:00:00+09:00,2080.0,2105.0,2080.0,2090.0,26290,0.0,0.0
2018-07-10 00:00:00+09:00,2090.0,2100.0,2080.0,2090.0,9327,0.0,0.0
2018-07-11 00:00:00+09:00,2095.0,2100.0,2095.0,2095.0,6168,0.0,0.0
2018-07-12 00:00:00+09:00,2095.0,2095.0,2095.0,2095.0,1377,0.0,0.0
2018-07-13 00:00:00+09:00,2080.0,2100.0,2075.0,2075.0,5402,0.0,0.0
2018-07-16 00:00:00+09:00,2075.0,2075.0,2075.0,2075.0,0,0.0,0.0
2018-07-17 00:00:00+09:00,2075.0,2075.0,2075.0,2075.0,0,0.0,0.0
2018-07-18 00:00:00+09:00,2075.0,2100.0,2075.0,2095.0,16926,0.0,0.0
2018-07-19 00:00:00+09:00,2085.0,2085.0,2085.0,2085.0,1605,0.0,0.0
2018-07-20 00:00:00+09:00,2085.0,2085.0,2085.0,2085.0,0,0.0,0.0
2018-07-23 00:00:00+09:00,2085.0,2085.0,2085.0,2085.0,0,0.0,0.0
2018-07-24 00:00:00+09:00,2085.0,2085.0,2085.0,2085.0,0,0.0,0.0
2018-07-25 00:00:00+09:00,2110.0,2110.0,2065.0,2065.0,16825,0.0,0.0
2018-07-26 00:00:00+09:00,2090.0,2090.0,2080.0,2090.0,10288,0.0,0.0
2018-07-27 00:00:00+09:00,2065.0,2095.0,2065.0,2095.0,3506,0.0,0.0
2018-07-30 00:00:00+09:00,2070.0,2070.0,2070.0,2070.0,17000,0.0,0.0
2018-07-31 00:00:00+09:00,2070.0,2075.0,2070.0,2070.0,14718,0.0,0.0
2018-08-01 00:00:00+09:00,2070.0,2070.0,2070.0,2070.0,0,0.0,0.0
2018-08-02 00:00:00+09:00,2080.0,2080.0,2080.0,2080.0,9500,0.0,0.0
2018-08-03 00:00:00+09:00,2070.0,2080.0,2070.0,2080.0,5602,0.0,0.0
2018-08-06 00:00:00+09:00,2080.0,2080.0,2080.0,2080.0,0,0.0,0.0
2018-08-07 00:00:00+09:00,2070.0,2080.0,2065.0,2080.0,5001,0.0,0.0
2018-08-08 00:00:00+09:00,2080.0,2080.0,2070.0,2080.0,1483,0.0,0.0
2018-08-09 00:00:00+09:00,2080.0,2080.0,2080.0,2080.0,0,0.0,0.0
2018-08-10 00:00:00+09:00,2080.0,2080.0,2080.0,2080.0,0,0.0,0.0
2018-08-13 00:00:00+09:00,2060.0,2070.0,2060.0,2060.0,20187,0.0,0.0
2018-08-14 00:00:00+09:00,2060.0,2060.0,2060.0,2060.0,8725,0.0,0.0
2018-08-16 00:00:00+09:00,2055.0,2055.0,2055.0,2055.0,11400,0.0,0.0
2018-08-17 00:00:00+09:00,2090.0,2090.0,2090.0,2090.0,1,0.0,0.0
2018-08-20 00:00:00+09:00,2090.0,2090.0,2085.0,2090.0,7500,0.0,0.0
2018-08-21 00:00:00+09:00,2080.0,2080.0,2075.0,2075.0,1268,0.0,0.0
2018-08-22 00:00:00+09:00,2075.0,2075.0,2075.0,2075.0,0,0.0,0.0
2018-08-23 00:00:00+09:00,2080.0,2085.0,2075.0,2085.0,2694,0.0,0.0
2018-08-24 00:00:00+09:00,2080.0,2090.0,2080.0,2090.0,4980,0.0,0.0
2018-08-27 00:00:00+09:00,2085.0,2090.0,2085.0,2090.0,1988,0.0,0.0
2018-08-28 00:00:00+09:00,2090.0,2090.0,2090.0,2090.0,7000,0.0,0.0
2018-08-29 00:00:00+09:00,2090.0,2090.0,2090.0,2090.0,0,0.0,0.0
2018-08-30 00:00:00+09:00,2090.0,2090.0,2090.0,2090.0,847,0.0,0.0
2018-08-31 00:00:00+09:00,2090.0,2100.0,2090.0,2100.0,20393,0.0,0.0
2018-09-03 00:00:00+09:00,2085.0,2115.0,2080.0,2115.0,7046,0.0,0.0
2018-09-04 00:00:00+09:00,2085.0,2110.0,2085.0,2105.0,1033,0.0,0.0
2018-09-05 00:00:00+09:00,2095.0,2100.0,2085.0,2100.0,6101,0.0,0.0
2018-09-06 00:00:00+09:00,2100.0,2100.0,2075.0,2095.0,7458,0.0,0.0
2018-09-07 00:00:00+09:00,2085.0,2085.0,2075.0,2075.0,3040,0.0,0.0
2018-09-10 00:00:00+09:00,2070.0,2090.0,2065.0,2090.0,26502,0.0,0.0
2018-09-11 00:00:00+09:00,2090.0,2090.0,2090.0,2090.0,0,0.0,0.0
2018-09-12 00:00:00+09:00,2090.0,2090.0,2090.0,2090.0,0,0.0,0.0
2018-09-13 00:00:00+09:00,2080.0,2080.0,2070.0,2070.0,1686,0.0,0.0
2018-09-14 00:00:00+09:00,2060.0,2090.0,2060.0,2090.0,1222,0.0,0.0
2018-09-17 00:00:00+09:00,2075.0,2075.0,2055.0,2060.0,50249,0.0,0.0
2018-09-18 00:00:00+09:00,2060.0,2090.0,2060.0,2085.0,4441,0.0,0.0
2018-09-19 00:00:00+09:00,2085.0,2085.0,2085.0,2085.0,0,0.0,0.0
2018-09-20 00:00:00+09:00,2085.0,2085.0,2085.0,2085.0,0,0.0,0.0
2018-09-21 00:00:00+09:00,2085.0,2085.0,2085.0,2085.0,0,0.0,0.0
2018-09-27 00:00:00+09:00,2085.0,2085.0,2085.0,2085.0,0,0.0,0.0
2018-09-28 00:00:00+09:00,2085.0,2085.0,2085.0,2085.0,0,0.0,0.0
2018-10-01 00:00:00+09:00,2085.0,2085.0,2085.0,2085.0,0,0.0,0.0
2018-10-02 00:00:00+09:00,2085.0,2085.0,2085.0,2085.0,0,0.0,0.0
2018-10-04 00:00:00+09:00,2085.0,2085.0,2085.0,2085.0,0,0.0,0.0
2018-10-05 00:00:00+09:00,2085.0,2085.0,2085.0,2085.0,0,0.0,0.0
2018-10-08 00:00:00+09:00,2085.0,2085.0,2085.0,2085.0,0,0.0,0.0
2018-10-10 00:00:00+09:00,2085.0,2085.0,2085.0,2085.0,0,0.0,0.0
2018-10-11 00:00:00+09:00,2085.0,2085.0,2085.0,2085.0,0,0.0,0.0
2018-10-12 00:00:00+09:00,2085.0,2085.0,2085.0,2085.0,0,0.0,0.0
2018-10-15 00:00:00+09:00,2085.0,2085.0,2085.0,2085.0,0,0.0,0.0
2018-10-16 00:00:00+09:00,2085.0,2085.0,2085.0,2085.0,0,0.0,0.0
2018-10-17 00:00:00+09:00,2085.0,2085.0,2085.0,2085.0,0,0.0,0.0
2018-10-18 00:00:00+09:00,2085.0,2085.0,2085.0,2085.0,0,0.0,0.0
2018-10-19 00:00:00+09:00,2085.0,2085.0,2085.0,2085.0,0,0.0,0.0
2018-10-22 00:00:00+09:00,2085.0,2085.0,2085.0,2085.0,0,0.0,0.0
2018-10-23 00:00:00+09:00,2085.0,2085.0,2085.0,2085.0,0,0.0,0.0
2018-10-24 00:00:00+09:00,2085.0,2085.0,2085.0,2085.0,0,0.0,0.0
2018-10-25 00:00:00+09:00,2085.0,2085.0,2085.0,2085.0,0,0.0,0.0
2018-10-26 00:00:00+09:00,2085.0,2085.0,2085.0,2085.0,0,0.0,0.0
2018-10-29 00:00:00+09:00,2085.0,2085.0,2085.0,2085.0,0,0.0,0.0
2018-10-30 00:00:00+09:00,2085.0,2085.0,2085.0,2085.0,0,0.0,0.0
2018-10-31 00:00:00+09:00,2085.0,2085.0,2085.0,2085.0,0,0.0,0.0
2018-11-01 00:00:00+09:00,2085.0,2085.0,2085.0,2085.0,0,0.0,0.0
2018-11-02 00:00:00+09:00,2085.0,2085.0,2085.0,2085.0,0,0.0,0.0
2018-11-05 00:00:00+09:00,2085.0,2085.0,2085.0,2085.0,0,0.0,0.0
2018-11-06 00:00:00+09:00,2085.0,2085.0,2085.0,2085.0,0,0.0,0.0
2018-11-07 00:00:00+09:00,2085.0,2085.0,2085.0,2085.0,0,0.0,0.0
2018-11-08 00:00:00+09:00,2085.0,2085.0,2085.0,2085.0,0,0.0,0.0
2018-11-09 00:00:00+09:00,2085.0,2085.0,2085.0,2085.0,0,0.0,0.0
2018-11-12 00:00:00+09:00,2085.0,2085.0,2085.0,2085.0,0,0.0,0.0
2018-11-13 00:00:00+09:00,2085.0,2085.0,2085.0,2085.0,0,0.0,0.0
2018-11-14 00:00:00+09:00,2085.0,2085.0,2085.0,2085.0,0,0.0,0.0
2018-11-15 00:00:00+09:00,2085.0,2085.0,2085.0,2085.0,0,0.0,0.0
2018-11-16 00:00:00+09:00,2085.0,2085.0,2085.0,2085.0,0,0.0,0.0
2018-11-19 00:00:00+09:00,2085.0,2085.0,2085.0,2085.0,0,0.0,0.0
2018-11-20 00:00:00+09:00,2085.0,2085.0,2085.0,2085.0,0,0.0,0.0
2018-11-21 00:00:00+09:00,2085.0,2085.0,2085.0,2085.0,0,0.0,0.0
2018-11-22 00:00:00+09:00,2085.0,2085.0,2085.0,2085.0,0,0.0,0.0
2018-11-23 00:00:00+09:00,2085.0,2085.0,2085.0,2085.0,0,0.0,0.0
2018-11-26 00:00:00+09:00,2085.0,2085.0,2085.0,2085.0,0,0.0,0.0
2018-11-27 00:00:00+09:00,2085.0,2085.0,2085.0,2085.0,0,0.0,0.0
2018-11-28 00:00:00+09:00,2085.0,2085.0,2085.0,2085.0,0,0.0,0.0
2018-11-29 00:00:00+09:00,2085.0,2085.0,2085.0,2085.0,0,0.0,0.0
2018-11-30 00:00:00+09:00,2085.0,2085.0,2085.0,2085.0,0,0.0,0.0
2018-12-03 00:00:00+09:00,2085.0,2085.0,2085.0,2085.0,0,0.0,0.0
2018-12-04 00:00:00+09:00,2085.0,2085.0,2085.0,2085.0,0,0.0,0.0
2018-12-05 00:00:00+09:00,2085.0,2085.0,2085.0,2085.0,0,0.0,0.0
2018-12-06 00:00:00+09:00,2085.0,2085.0,2085.0,2085.0,0,0.0,0.0
2018-12-07 00:00:00+09:00,2085.0,2085.0,2085.0,2085.0,0,0.0,0.0
2018-12-10 00:00:00+09:00,2085.0,2085.0,2085.0,2085.0,0,0.0,0.0
2018-12-11 00:00:00+09:00,2085.0,2085.0,2085.0,2085.0,0,0.0,0.0
2018-12-12 00:00:00+09:00,2085.0,2085.0,2085.0,2085.0,0,0.0,0.0
2018-12-13 00:00:00+09:00,2085.0,2085.0,2085.0,2085.0,0,0.0,0.0
2018-12-14 00:00:00+09:00,2085.0,2085.0,2085.0,2085.0,0,0.0,0.0
2018-12-17 00:00:00+09:00,2085.0,2085.0,2085.0,2085.0,0,0.0,0.0
2018-12-18 00:00:00+09:00,2085.0,2085.0,2085.0,2085.0,0,0.0,0.0
2018-12-19 00:00:00+09:00,2085.0,2085.0,2085.0,2085.0,0,0.0,0.0
2018-12-20 00:00:00+09:00,2085.0,2085.0,2085.0,2085.0,0,0.0,0.0
2018-12-21 00:00:00+09:00,2085.0,2085.0,2085.0,2085.0,0,0.0,0.0
2018-12-24 00:00:00+09:00,2085.0,2085.0,2085.0,2085.0,0,0.0,0.0
2018-12-26 00:00:00+09:00,2085.0,2085.0,2085.0,2085.0,0,0.0,0.0
2018-12-27 00:00:00+09:00,2085.0,2085.0,2085.0,2085.0,0,0.0,0.0
2018-12-28 00:00:00+09:00,2085.0,2085.0,2085.0,2085.0,0,0.0,0.0
2019-01-02 00:00:00+09:00,2085.0,2085.0,2085.0,2085.0,0,0.0,0.0
2019-01-03 00:00:00+09:00,2085.0,2085.0,2085.0,2085.0,0,0.0,0.0
2019-01-04 00:00:00+09:00,2085.0,2085.0,2085.0,2085.0,0,0.0,0.0
2019-01-07 00:00:00+09:00,2085.0,2085.0,2085.0,2085.0,0,0.0,0.0
2019-01-08 00:00:00+09:00,2085.0,2085.0,2085.0,2085.0,0,0.0,0.0
2019-01-09 00:00:00+09:00,2085.0,2085.0,2085.0,2085.0,0,0.0,0.0
2019-01-10 00:00:00+09:00,2085.0,2085.0,2085.0,2085.0,0,0.0,0.0
2019-01-11 00:00:00+09:00,2085.0,2085.0,2085.0,2085.0,0,0.0,0.0
2019-01-14 00:00:00+09:00,2085.0,2085.0,2085.0,2085.0,0,0.0,0.0
2019-01-15 00:00:00+09:00,2085.0,2085.0,2085.0,2085.0,0,0.0,0.0
2019-01-16 00:00:00+09:00,2085.0,2085.0,2085.0,2085.0,0,0.0,0.0
2019-01-17 00:00:00+09:00,2085.0,2085.0,2085.0,2085.0,0,0.0,0.0
2019-01-18 00:00:00+09:00,2085.0,2085.0,2085.0,2085.0,0,0.0,0.0
2019-01-21 00:00:00+09:00,2085.0,2085.0,2085.0,2085.0,0,0.0,0.0
2019-01-22 00:00:00+09:00,2085.0,2085.0,2085.0,2085.0,0,0.0,0.0
2019-01-23 00:00:00+09:00,2085.0,2085.0,2085.0,2085.0,0,0.0,0.0
2019-01-24 00:00:00+09:00,2085.0,2085.0,2085.0,2085.0,0,0.0,0.0
2019-01-25 00:00:00+09:00,2085.0,2085.0,2085.0,2085.0,0,0.0,0.0
2019-01-28 00:00:00+09:00,2085.0,2085.0,2085.0,2085.0,0,0.0,0.0
2019-01-29 00:00:00+09:00,2085.0,2085.0,2085.0,2085.0,0,0.0,0.0
2019-01-30 00:00:00+09:00,2085.0,2085.0,2085.0,2085.0,0,0.0,0.0
2019-01-31 00:00:00+09:00,2085.0,2085.0,2085.0,2085.0,0,0.0,0.0
2019-02-01 00:00:00+09:00,2085.0,2085.0,2085.0,2085.0,0,0.0,0.0
2019-02-07 00:00:00+09:00,2085.0,2085.0,2085.0,2085.0,0,0.0,0.0
2019-02-08 00:00:00+09:00,2085.0,2085.0,2085.0,2085.0,0,0.0,0.0
2019-02-11 00:00:00+09:00,2085.0,2085.0,2085.0,2085.0,0,0.0,0.0
2019-02-12 00:00:00+09:00,2085.0,2085.0,2085.0,2085.0,0,0.0,0.0
2019-02-13 00:00:00+09:00,2085.0,2085.0,2085.0,2085.0,0,0.0,0.0
2019-02-14 00:00:00+09:00,2085.0,2085.0,2085.0,2085.0,0,0.0,0.0
2019-02-15 00:00:00+09:00,2095.0,2165.0,2090.0,2130.0,295680,0.0,0.0
2019-02-18 00:00:00+09:00,2130.0,2150.0,2090.0,2100.0,125641,0.0,0.0
2019-02-19 00:00:00+09:00,2105.0,2105.0,2065.0,2090.0,106797,0.0,0.0
2019-02-20 00:00:00+09:00,2090.0,2120.0,2090.0,2115.0,132907,0.0,0.0
2019-02-21 00:00:00+09:00,2115.0,2135.0,2075.0,2100.0,13287,0.0,0.0
2019-02-22 00:00:00+09:00,2100.0,2120.0,2080.0,2080.0,11020,0.0,0.0
2019-02-25 00:00:00+09:00,2080.0,2100.0,2050.0,2085.0,64780,0.0,0.0
2019-02-26 00:00:00+09:00,2065.0,2085.0,2065.0,2085.0,16226,0.0,0.0
2019-02-27 00:00:00+09:00,2070.0,2140.0,2070.0,2130.0,160624,0.0,0.0
2019-02-28 00:00:00+09:00,2130.0,2150.0,2115.0,2120.0,101710,0.0,0.0
2019-03-04 00:00:00+09:00,2120.0,2165.0,2120.0,2130.0,74518,0.0,0.0
2019-03-05 00:00:00+09:00,2135.0,2145.0,2120.0,2135.0,34207,0.0,0.0
2019-03-06 00:00:00+09:00,2135.0,2140.0,2120.0,2130.0,26933,0.0,0.0
2019-03-07 00:00:00+09:00,2130.0,2145.0,2120.0,2130.0,11295,0.0,0.0
2019-03-08 00:00:00+09:00,2130.0,2765.0,2120.0,2545.0,6615811,0.0,0.0
2019-03-11 00:00:00+09:00,2595.0,3295.0,2545.0,3270.0,6515575,0.0,0.0
2019-03-12 00:00:00+09:00,3245.0,3910.0,3055.0,3470.0,6051722,0.0,0.0
2019-03-13 00:00:00+09:00,3480.0,3750.0,3350.0,3630.0,2023541,0.0,0.0
2019-03-14 00:00:00+09:00,3630.0,3735.0,3555.0,3690.0,552067,0.0,0.0
2019-03-15 00:00:00+09:00,3670.0,3670.0,3380.0,3560.0,729189,0.0,0.0
2019-03-18 00:00:00+09:00,3600.0,3600.0,3180.0,3180.0,656028,0.0,0.0
2019-03-19 00:00:00+09:00,3140.0,3350.0,3075.0,3230.0,610052,0.0,0.0
2019-03-20 00:00:00+09:00,3185.0,3400.0,3105.0,3265.0,426085,0.0,0.0
2019-03-21 00:00:00+09:00,3200.0,3260.0,2940.0,3010.0,458191,0.0,0.0
2019-03-22 00:00:00+09:00,3030.0,3070.0,2905.0,3070.0,239005,0.0,0.0
2019-03-25 00:00:00+09:00,3070.0,3250.0,3005.0,3245.0,434299,0.0,0.0
2019-03-26 00:00:00+09:00,3210.0,3380.0,3170.0,3330.0,323018,0.0,0.0
2019-03-27 00:00:00+09:00,3275.0,3370.0,3240.0,3365.0,211379,0.0,0.0
2019-03-28 00:00:00+09:00,3270.0,3390.0,3230.0,3355.0,199037,0.0,0.0
2019-03-29 00:00:00+09:00,3345.0,3675.0,3250.0,3445.0,1036084,0.0,0.0
2019-04-01 00:00:00+09:00,3450.0,3490.0,3375.0,3435.0,241740,0.0,0.0
2019-04-02 00:00:00+09:00,3435.0,3450.0,3340.0,3400.0,197602,0.0,0.0
2019-04-03 00:00:00+09:00,3390.0,3570.0,3330.0,3470.0,285719,0.0,0.0
2019-04-04 00:00:00+09:00,3470.0,3635.0,3420.0,3495.0,627160,0.0,0.0
2019-04-05 00:00:00+09:00,3455.0,3650.0,3430.0,3650.0,380793,0.0,0.0
2019-04-08 00:00:00+09:00,3670.0,4440.0,3670.0,4210.0,3168483,0.0,0.0
2019-04-09 00:00:00+09:00,4300.0,5000.0,4150.0,5000.0,1344553,0.0,0.0
2019-04-10 00:00:00+09:00,5060.0,6300.0,4920.0,6100.0,3178268,0.0,0.0
2019-04-11 00:00:00+09:00,6110.0,7110.0,5800.0,6670.0,2757693,0.0,0.0
2019-04-12 00:00:00+09:00,6640.0,6970.0,5500.0,6220.0,1984398,0.0,0.0
2019-04-15 00:00:00+09:00,5980.0,6000.0,5690.0,5780.0,1284946,0.0,0.0
2019-04-16 00:00:00+09:00,5810.0,6120.0,5230.0,5890.0,1629356,0.0,0.0
2019-04-17 00:00:00+09:00,5890.0,6030.0,5840.0,6020.0,590289,0.0,0.0
2019-04-18 00:00:00+09:00,6120.0,6130.0,5860.0,6070.0,393114,0.0,0.0
2019-04-19 00:00:00+09:00,6090.0,6320.0,5620.0,5680.0,649348,0.0,0.0
2019-04-22 00:00:00+09:00,5450.0,5450.0,4700.0,4815.0,1511446,0.0,0.0
2019-04-23 00:00:00+09:00,4765.0,4895.0,4710.0,4760.0,576168,0.0,0.0
2019-04-24 00:00:00+09:00,4770.0,4800.0,4140.0,4145.0,651576,0.0,0.0
2019-04-25 00:00:00+09:00,4200.0,4670.0,4000.0,4165.0,1324655,0.0,0.0
2019-04-26 00:00:00+09:00,4375.0,4475.0,3915.0,3960.0,724662,0.0,0.0
2019-04-29 00:00:00+09:00,3955.0,4100.0,3560.0,3815.0,1018928,0.0,0.0
2019-04-30 00:00:00+09:00,3850.0,4230.0,3665.0,3780.0,1142875,0.0,0.0
2019-05-02 00:00:00+09:00,3840.0,4055.0,3795.0,3990.0,657685,0.0,0.0
2019-05-03 00:00:00+09:00,3990.0,4060.0,3830.0,3930.0,338876,0.0,0.0
2019-05-07 00:00:00+09:00,3800.0,3960.0,3675.0,3700.0,449900,0.0,0.0
2019-05-08 00:00:00+09:00,3745.0,3745.0,3480.0,3585.0,387724,0.0,0.0
2019-05-09 00:00:00+09:00,3600.0,3765.0,3420.0,3420.0,406389,0.0,0.0
2019-05-10 00:00:00+09:00,3420.0,3555.0,3170.0,3360.0,345508,0.0,0.0
2019-05-13 00:00:00+09:00,3450.0,3950.0,3255.0,3580.0,941303,0.0,0.0
2019-05-14 00:00:00+09:00,3685.0,4140.0,3430.0,3600.0,2650351,0.0,0.0
2019-05-15 00:00:00+09:00,3710.0,3810.0,3555.0,3810.0,443239,0.0,0.0
2019-05-16 00:00:00+09:00,3810.0,4050.0,3660.0,4020.0,842685,0.0,0.0
2019-05-17 00:00:00+09:00,4065.0,4780.0,4035.0,4185.0,1803101,0.0,0.0
2019-05-20 00:00:00+09:00,4135.0,4185.0,4005.0,4090.0,269744,0.0,0.0
2019-05-21 00:00:00+09:00,4005.0,4070.0,3635.0,3855.0,583054,0.0,0.0
2019-05-22 00:00:00+09:00,3815.0,3820.0,3510.0,3510.0,359801,0.0,0.0
2019-05-23 00:00:00+09:00,3580.0,4080.0,3355.0,3670.0,901829,0.0,0.0
2019-05-24 00:00:00+09:00,3790.0,4770.0,3605.0,4770.0,4679098,0.0,0.0
2019-05-27 00:00:00+09:00,5150.0,5430.0,4220.0,4240.0,3018531,0.0,0.0
2019-05-28 00:00:00+09:00,4085.0,4115.0,3840.0,3935.0,931427,0.0,0.0
2019-05-29 00:00:00+09:00,3890.0,4190.0,3675.0,3750.0,1084413,0.0,0.0
2019-05-30 00:00:00+09:00,3715.0,3860.0,3690.0,3860.0,343458,0.0,0.0
2019-05-31 00:00:00+09:00,3820.0,3945.0,3750.0,3840.0,228922,0.0,0.0
2019-06-03 00:00:00+09:00,3750.0,4565.0,3750.0,4075.0,3234716,0.0,0.0
2019-06-04 00:00:00+09:00,4150.0,4170.0,3930.0,3980.0,452529,0.0,0.0
2019-06-05 00:00:00+09:00,4030.0,4140.0,3820.0,4000.0,458161,0.0,0.0
2019-06-07 00:00:00+09:00,4005.0,5200.0,3990.0,5200.0,7165301,0.0,0.0
2019-06-10 00:00:00+09:00,4920.0,5550.0,4515.0,4845.0,4561840,0.0,0.0
2019-06-11 00:00:00+09:00,5140.0,6290.0,5020.0,6290.0,4585027,0.0,0.0
2019-06-12 00:00:00+09:00,7070.0,7170.0,5770.0,6290.0,16029804,0.0,0.0
2019-06-13 00:00:00+09:00,6590.0,8170.0,6490.0,8170.0,21478183,0.0,0.0
2019-06-14 00:00:00+09:00,8650.0,10600.0,8330.0,10600.0,20960360,0.0,0.0
2019-06-17 00:00:00+09:00,11000.0,11500.0,9970.0,10700.0,8465430,0.0,0.0
2019-06-18 00:00:00+09:00,10300.0,11050.0,9280.0,10850.0,7788312,0.0,0.0
2019-06-19 00:00:00+09:00,10350.0,10450.0,9640.0,10000.0,3808690,0.0,0.0
2019-06-20 00:00:00+09:00,9570.0,9720.0,8920.0,8920.0,4284490,0.0,0.0
2019-06-21 00:00:00+09:00,8720.0,9290.0,8400.0,8510.0,4926223,0.0,0.0
2019-06-24 00:00:00+09:00,8320.0,8420.0,7800.0,7900.0,2872115,0.0,0.0
2019-06-25 00:00:00+09:00,8030.0,8760.0,7320.0,7440.0,5663793,0.0,0.0
2019-06-26 00:00:00+09:00,7350.0,8020.0,7120.0,7650.0,3521424,0.0,0.0
2019-06-27 00:00:00+09:00,7530.0,8230.0,7430.0,7880.0,2982541,0.0,0.0
2019-06-28 00:00:00+09:00,7900.0,8170.0,7730.0,8150.0,1594957,0.0,0.0
2019-07-01 00:00:00+09:00,7900.0,7920.0,7400.0,7500.0,1304813,0.0,0.0
2019-07-02 00:00:00+09:00,7150.0,7560.0,7060.0,7070.0,1279655,0.0,0.0
2019-07-03 00:00:00+09:00,7100.0,7210.0,6670.0,6850.0,2164608,0.0,0.0
2019-07-04 00:00:00+09:00,6730.0,6780.0,6490.0,6650.0,1177920,0.0,0.0
2019-07-05 00:00:00+09:00,6710.0,8640.0,6640.0,8640.0,15972550,0.0,0.0
2019-07-08 00:00:00+09:00,8790.0,10200.0,8500.0,9510.0,18608951,0.0,0.0
2019-07-09 00:00:00+09:00,9150.0,9680.0,9010.0,9420.0,3960056,0.0,0.0
2019-07-10 00:00:00+09:00,9360.0,9580.0,8650.0,8850.0,4125648,0.0,0.0
2019-07-11 00:00:00+09:00,8640.0,9490.0,8230.0,8770.0,8576222,0.0,0.0
2019-07-12 00:00:00+09:00,8970.0,9430.0,8710.0,8890.0,3985210,0.0,0.0
2019-07-15 00:00:00+09:00,9270.0,9980.0,9150.0,9310.0,8892983,0.0,0.0
2019-07-16 00:00:00+09:00,9100.0,9150.0,8570.0,8700.0,2018459,0.0,0.0
2019-07-17 00:00:00+09:00,8620.0,8630.0,7950.0,7950.0,1843652,0.0,0.0
2019-07-18 00:00:00+09:00,7900.0,7900.0,7230.0,7250.0,1636386,0.0,0.0
2019-07-19 00:00:00+09:00,7330.0,8760.0,7330.0,7700.0,11176656,0.0,0.0
2019-07-22 00:00:00+09:00,7400.0,8920.0,7320.0,8180.0,5929411,0.0,0.0
2019-07-23 00:00:00+09:00,8390.0,8940.0,8250.0,8420.0,6055636,0.0,0.0
2019-07-24 00:00:00+09:00,8600.0,8750.0,7700.0,7780.0,2783564,0.0,0.0
2019-07-25 00:00:00+09:00,8170.0,8810.0,8010.0,8400.0,6824762,0.0,0.0
2019-07-26 00:00:00+09:00,8300.0,9350.0,8190.0,9000.0,9734586,0.0,0.0
2019-07-29 00:00:00+09:00,9120.0,9800.0,8680.0,8790.0,6784177,0.0,0.0
2019-07-30 00:00:00+09:00,9100.0,9150.0,8660.0,8830.0,2623795,0.0,0.0
2019-07-31 00:00:00+09:00,8550.0,8650.0,7940.0,8020.0,2611837,0.0,0.0
2019-08-01 00:00:00+09:00,7420.0,7950.0,7300.0,7420.0,1532882,0.0,0.0
2019-08-02 00:00:00+09:00,7200.0,7280.0,6850.0,6850.0,2486710,0.0,0.0
2019-08-05 00:00:00+09:00,6660.0,6830.0,5760.0,5770.0,2177263,0.0,0.0
2019-08-06 00:00:00+09:00,5480.0,6560.0,5070.0,5800.0,5720224,0.0,0.0
2019-08-07 00:00:00+09:00,6050.0,6350.0,5900.0,6000.0,2017426,0.0,0.0
2019-08-08 00:00:00+09:00,6170.0,6590.0,6080.0,6290.0,2909702,0.0,0.0
2019-08-09 00:00:00+09:00,6450.0,6620.0,6340.0,6400.0,1841294,0.0,0.0
2019-08-12 00:00:00+09:00,6420.0,6590.0,6200.0,6410.0,1034632,0.0,0.0
2019-08-13 00:00:00+09:00,6330.0,6480.0,6250.0,6330.0,565151,0.0,0.0
2019-08-14 00:00:00+09:00,6420.0,7600.0,6360.0,6920.0,12539907,0.0,0.0
2019-08-16 00:00:00+09:00,6690.0,7180.0,6600.0,6880.0,3120442,0.0,0.0
2019-08-19 00:00:00+09:00,7040.0,7120.0,6870.0,7000.0,1707777,0.0,0.0
2019-08-20 00:00:00+09:00,7000.0,7150.0,6950.0,7000.0,1383554,0.0,0.0
2019-08-21 00:00:00+09:00,7120.0,7270.0,6650.0,6660.0,2288618,0.0,0.0
2019-08-22 00:00:00+09:00,6760.0,6770.0,6490.0,6570.0,987993,0.0,0.0
2019-08-23 00:00:00+09:00,6520.0,6630.0,6420.0,6450.0,725839,0.0,0.0
2019-08-26 00:00:00+09:00,6230.0,6350.0,6010.0,6040.0,807131,0.0,0.0
2019-08-27 00:00:00+09:00,6130.0,6600.0,6050.0,6090.0,1275261,0.0,0.0
2019-08-28 00:00:00+09:00,6100.0,6330.0,6100.0,6250.0,816389,0.0,0.0
2019-08-29 00:00:00+09:00,6300.0,6320.0,6040.0,6080.0,636668,0.0,0.0
2019-08-30 00:00:00+09:00,6180.0,6470.0,6110.0,6320.0,1086066,0.0,0.0
2019-09-02 00:00:00+09:00,6450.0,6460.0,6230.0,6290.0,758604,0.0,0.0
2019-09-03 00:00:00+09:00,6300.0,6880.0,6270.0,6540.0,3946663,0.0,0.0
2019-09-04 00:00:00+09:00,6500.0,6860.0,6490.0,6690.0,2651827,0.0,0.0
2019-09-05 00:00:00+09:00,6750.0,6930.0,6650.0,6660.0,1822527,0.0,0.0
2019-09-06 00:00:00+09:00,6740.0,6850.0,6640.0,6750.0,939135,0.0,0.0
2019-09-09 00:00:00+09:00,6850.0,6870.0,6450.0,6530.0,952366,0.0,0.0
2019-09-10 00:00:00+09:00,6570.0,6590.0,6230.0,6250.0,703566,0.0,0.0
2019-09-11 00:00:00+09:00,6250.0,6360.0,6230.0,6270.0,320288,0.0,0.0
2019-09-16 00:00:00+09:00,6300.0,6420.0,6240.0,6270.0,496932,0.0,0.0
2019-09-17 00:00:00+09:00,6270.0,6290.0,6110.0,6200.0,435449,0.0,0.0
2019-09-18 00:00:00+09:00,6200.0,6240.0,6060.0,6060.0,461691,0.0,0.0
2019-09-19 00:00:00+09:00,6020.0,6230.0,6020.0,6150.0,605754,0.0,0.0
2019-09-20 00:00:00+09:00,6200.0,6230.0,6080.0,6120.0,334376,0.0,0.0
2019-09-23 00:00:00+09:00,6100.0,6180.0,6070.0,6080.0,275802,0.0,0.0
2019-09-24 00:00:00+09:00,6080.0,6120.0,5890.0,5940.0,467497,0.0,0.0
2019-09-25 00:00:00+09:00,5980.0,5980.0,5550.0,5610.0,515283,0.0,0.0
2019-09-26 00:00:00+09:00,5650.0,5840.0,5350.0,5440.0,441138,0.0,0.0
2019-09-27 00:00:00+09:00,5480.0,5580.0,5330.0,5400.0,323519,0.0,0.0
2019-09-30 00:00:00+09:00,5400.0,5500.0,5100.0,5280.0,303272,0.0,0.0
2019-10-01 00:00:00+09:00,5280.0,5740.0,5250.0,5510.0,1098628,0.0,0.0
2019-10-02 00:00:00+09:00,5390.0,5480.0,5260.0,5360.0,334346,0.0,0.0
2019-10-04 00:00:00+09:00,5310.0,5410.0,5200.0,5200.0,266877,0.0,0.0
2019-10-07 00:00:00+09:00,5240.0,5390.0,5220.0,5230.0,329867,0.0,0.0
2019-10-08 00:00:00+09:00,5160.0,5470.0,5160.0,5430.0,396089,0.0,0.0
2019-10-10 00:00:00+09:00,5430.0,6300.0,5380.0,5790.0,5207984,0.0,0.0
2019-10-11 00:00:00+09:00,5820.0,5880.0,5670.0,5820.0,816431,0.0,0.0
2019-10-14 00:00:00+09:00,5930.0,5940.0,5690.0,5690.0,528452,0.0,0.0
2019-10-15 00:00:00+09:00,5640.0,5770.0,5500.0,5550.0,470442,0.0,0.0
2019-10-16 00:00:00+09:00,5620.0,6220.0,5580.0,5680.0,3084164,0.0,0.0
2019-10-17 00:00:00+09:00,5650.0,6030.0,5600.0,5920.0,1689390,0.0,0.0
2019-10-18 00:00:00+09:00,5930.0,6240.0,5880.0,5940.0,1791343,0.0,0.0
2019-10-21 00:00:00+09:00,5930.0,6070.0,5800.0,5850.0,642555,0.0,0.0
2019-10-22 00:00:00+09:00,5880.0,6430.0,5880.0,6290.0,3462183,0.0,0.0
2019-10-23 00:00:00+09:00,6250.0,6340.0,6060.0,6090.0,1235870,0.0,0.0
2019-10-24 00:00:00+09:00,6080.0,6120.0,5860.0,5970.0,825156,0.0,0.0
2019-10-25 00:00:00+09:00,5970.0,6450.0,5970.0,6330.0,2627845,0.0,0.0
2019-10-28 00:00:00+09:00,6300.0,6680.0,6060.0,6090.0,2234729,0.0,0.0
2019-10-29 00:00:00+09:00,6160.0,6610.0,6150.0,6360.0,2920876,0.0,0.0
2019-10-30 00:00:00+09:00,6360.0,6480.0,6300.0,6330.0,1037281,0.0,0.0
2019-10-31 00:00:00+09:00,6400.0,6470.0,6320.0,6350.0,769725,0.0,0.0
2019-11-01 00:00:00+09:00,6350.0,6400.0,6260.0,6390.0,600330,0.0,0.0
2019-11-04 00:00:00+09:00,6460.0,6460.0,6270.0,6380.0,715138,0.0,0.0
2019-11-05 00:00:00+09:00,6450.0,6500.0,6170.0,6200.0,1013729,0.0,0.0
2019-11-06 00:00:00+09:00,6260.0,6360.0,6140.0,6200.0,764255,0.0,0.0
2019-11-07 00:00:00+09:00,6180.0,6330.0,5880.0,5950.0,696303,0.0,0.0
2019-11-08 00:00:00+09:00,5980.0,6020.0,5730.0,5850.0,687895,0.0,0.0
2019-11-11 00:00:00+09:00,5940.0,5940.0,5640.0,5730.0,380782,0.0,0.0
2019-11-12 00:00:00+09:00,5700.0,5890.0,5660.0,5770.0,361934,0.0,0.0
2019-11-13 00:00:00+09:00,5800.0,5810.0,5610.0,5610.0,296545,0.0,0.0
2019-11-14 00:00:00+09:00,5630.0,5790.0,5480.0,5550.0,298678,0.0,0.0
2019-11-15 00:00:00+09:00,5550.0,5680.0,5450.0,5570.0,342821,0.0,0.0
2019-11-18 00:00:00+09:00,5570.0,5670.0,5480.0,5600.0,244736,0.0,0.0
2019-11-19 00:00:00+09:00,5540.0,5640.0,5370.0,5370.0,427544,0.0,0.0
2019-11-20 00:00:00+09:00,5380.0,5380.0,5110.0,5160.0,409656,0.0,0.0
2019-11-21 00:00:00+09:00,5160.0,5340.0,4980.0,5040.0,455989,0.0,0.0
2019-11-22 00:00:00+09:00,4970.0,5130.0,4800.0,4860.0,417432,0.0,0.0
2019-11-25 00:00:00+09:00,4860.0,5090.0,4860.0,5080.0,275059,0.0,0.0
2019-11-26 00:00:00+09:00,5030.0,5230.0,5030.0,5140.0,187797,0.0,0.0
2019-11-27 00:00:00+09:00,5140.0,5170.0,4990.0,4990.0,203715,0.0,0.0
2019-11-28 00:00:00+09:00,4990.0,5070.0,4925.0,4925.0,126386,0.0,0.0
2019-11-29 00:00:00+09:00,5020.0,5020.0,4700.0,4735.0,231006,0.0,0.0
2019-12-02 00:00:00+09:00,4720.0,4800.0,4655.0,4750.0,120638,0.0,0.0
2019-12-03 00:00:00+09:00,4675.0,4780.0,4635.0,4745.0,142142,0.0,0.0
2019-12-04 00:00:00+09:00,4710.0,4835.0,4655.0,4655.0,124301,0.0,0.0
2019-12-05 00:00:00+09:00,4755.0,4755.0,4485.0,4530.0,160923,0.0,0.0
2019-12-06 00:00:00+09:00,4510.0,4665.0,4510.0,4610.0,93453,0.0,0.0
2019-12-09 00:00:00+09:00,4570.0,4725.0,4560.0,4615.0,121781,0.0,0.0
2019-12-10 00:00:00+09:00,4555.0,5010.0,4500.0,4530.0,986335,0.0,0.0
2019-12-11 00:00:00+09:00,4530.0,4600.0,4430.0,4430.0,627241,0.0,0.0
2019-12-12 00:00:00+09:00,4430.0,4465.0,4390.0,4415.0,224838,0.0,0.0
2019-12-13 00:00:00+09:00,4430.0,4795.0,4430.0,4765.0,593981,0.0,0.0
2019-12-16 00:00:00+09:00,4805.0,4805.0,4650.0,4800.0,423057,0.0,0.0
2019-12-17 00:00:00+09:00,5060.0,5440.0,4790.0,4800.0,4838831,0.0,0.0
2019-12-18 00:00:00+09:00,4820.0,4955.0,4750.0,4780.0,626930,0.0,0.0
2019-12-19 00:00:00+09:00,4785.0,4820.0,4530.0,4550.0,444141,0.0,0.0
2019-12-20 00:00:00+09:00,4550.0,4745.0,4500.0,4570.0,376001,0.0,0.0
2019-12-23 00:00:00+09:00,4535.0,4660.0,4510.0,4510.0,203160,0.0,0.0
2019-12-24 00:00:00+09:00,4490.0,4520.0,4295.0,4295.0,242323,0.0,0.0
2019-12-26 00:00:00+09:00,4295.0,4405.0,4245.0,4320.0,321460,0.0,0.0
2019-12-27 00:00:00+09:00,4320.0,4585.0,4305.0,4470.0,755481,0.0,0.0
2019-12-30 00:00:00+09:00,4450.0,4595.0,4445.0,4585.0,157014,0.0,0.0
2020-01-02 00:00:00+09:00,4700.0,4700.0,4570.0,4625.0,172979,0.0,0.0
2020-01-03 00:00:00+09:00,4625.0,4725.0,4540.0,4615.0,137486,0.0,0.0
2020-01-06 00:00:00+09:00,4615.0,4825.0,4605.0,4675.0,466464,0.0,0.0
2020-01-07 00:00:00+09:00,4680.0,4770.0,4605.0,4610.0,482019,0.0,0.0
2020-01-08 00:00:00+09:00,4610.0,4610.0,4200.0,4220.0,420038,0.0,0.0
2020-01-09 00:00:00+09:00,4330.0,5180.0,4295.0,4830.0,8054639,0.0,0.0
2020-01-10 00:00:00+09:00,4950.0,4975.0,4635.0,4665.0,1996705,0.0,0.0
2020-01-13 00:00:00+09:00,4710.0,4910.0,4635.0,4750.0,1518645,0.0,0.0
2020-01-14 00:00:00+09:00,4715.0,4835.0,4690.0,4725.0,775013,0.0,0.0
2020-01-15 00:00:00+09:00,4800.0,4945.0,4790.0,4810.0,1002252,0.0,0.0
2020-01-16 00:00:00+09:00,4860.0,4885.0,4685.0,4770.0,396372,0.0,0.0
2020-01-17 00:00:00+09:00,4815.0,5020.0,4735.0,4880.0,1780813,0.0,0.0
2020-01-20 00:00:00+09:00,4880.0,4975.0,4795.0,4820.0,628129,0.0,0.0
2020-01-21 00:00:00+09:00,4880.0,4950.0,4820.0,4840.0,609887,0.0,0.0
2020-01-22 00:00:00+09:00,4850.0,4935.0,4830.0,4865.0,422651,0.0,0.0
2020-01-23 00:00:00+09:00,4810.0,4825.0,4520.0,4575.0,794657,0.0,0.0
2020-01-28 00:00:00+09:00,4320.0,4450.0,4165.0,4285.0,445585,0.0,0.0
2020-01-29 00:00:00+09:00,4400.0,4695.0,4325.0,4405.0,419287,0.0,0.0
2020-01-30 00:00:00+09:00,4405.0,4440.0,4195.0,4205.0,254601,0.0,0.0
2020-01-31 00:00:00+09:00,4215.0,4360.0,3950.0,3985.0,421475,0.0,0.0
2020-02-03 00:00:00+09:00,3925.0,4095.0,3855.0,4070.0,265981,0.0,0.0
2020-02-04 00:00:00+09:00,4040.0,4485.0,4030.0,4280.0,1009552,0.0,0.0
2020-02-05 00:00:00+09:00,4370.0,4490.0,4300.0,4370.0,601413,0.0,0.0
2020-02-06 00:00:00+09:00,4375.0,4445.0,4365.0,4380.0,168391,0.0,0.0
2020-02-07 00:00:00+09:00,4400.0,4535.0,4380.0,4520.0,343964,0.0,0.0
2020-02-10 00:00:00+09:00,4480.0,4625.0,4440.0,4515.0,244803,0.0,0.0
2020-02-11 00:00:00+09:00,4495.0,4575.0,4420.0,4420.0,200252,0.0,0.0
2020-02-12 00:00:00+09:00,4460.0,4615.0,4365.0,4585.0,326159,0.0,0.0
2020-02-13 00:00:00+09:00,4625.0,4660.0,4515.0,4605.0,349934,0.0,0.0
2020-02-14 00:00:00+09:00,4645.0,4680.0,4535.0,4650.0,283932,0.0,0.0
2020-02-17 00:00:00+09:00,4640.0,4650.0,4555.0,4590.0,136498,0.0,0.0
2020-02-18 00:00:00+09:00,4560.0,4635.0,4470.0,4490.0,192777,0.0,0.0
2020-02-19 00:00:00+09:00,4470.0,4645.0,4325.0,4500.0,401404,0.0,0.0
2020-02-20 00:00:00+09:00,4500.0,4540.0,4300.0,4425.0,203903,0.0,0.0
2020-02-21 00:00:00+09:00,4335.0,4655.0,4265.0,4265.0,489068,0.0,0.0
2020-02-24 00:00:00+09:00,4075.0,4430.0,4060.0,4155.0,455180,0.0,0.0
2020-02-25 00:00:00+09:00,4160.0,4430.0,4160.0,4330.0,344962,0.0,0.0
2020-02-26 00:00:00+09:00,4215.0,4430.0,4215.0,4430.0,168010,0.0,0.0
2020-02-27 00:00:00+09:00,4430.0,4490.0,4190.0,4280.0,250403,0.0,0.0
2020-02-28 00:00:00+09:00,4200.0,4245.0,3960.0,4020.0,302421,0.0,0.0
2020-03-02 00:00:00+09:00,3980.0,4120.0,3970.0,4110.0,190566,0.0,0.0
2020-03-03 00:00:00+09:00,4220.0,4220.0,4070.0,4070.0,151445,0.0,0.0
2020-03-04 00:00:00+09:00,4050.0,4255.0,4050.0,4185.0,217753,0.0,0.0
2020-03-05 00:00:00+09:00,4260.0,4275.0,4200.0,4235.0,77751,0.0,0.0
2020-03-06 00:00:00+09:00,4225.0,4225.0,4000.0,4140.0,109171,0.0,0.0
2020-03-09 00:00:00+09:00,4110.0,4140.0,3800.0,3875.0,241741,0.0,0.0
2020-03-10 00:00:00+09:00,3800.0,3925.0,3640.0,3880.0,155638,0.0,0.0
2020-03-11 00:00:00+09:00,3840.0,3980.0,3510.0,3615.0,215353,0.0,0.0
2020-03-12 00:00:00+09:00,3530.0,3790.0,3200.0,3200.0,345007,0.0,0.0
2020-03-13 00:00:00+09:00,2975.0,3185.0,2520.0,2860.0,647214,0.0,0.0
2020-03-16 00:00:00+09:00,2850.0,3170.0,2800.0,2940.0,529787,0.0,0.0
2020-03-17 00:00:00+09:00,2625.0,3030.0,2620.0,3025.0,393102,0.0,0.0
2020-03-18 00:00:00+09:00,3030.0,3275.0,2900.0,2900.0,384678,0.0,0.0
2020-03-19 00:00:00+09:00,2920.0,3090.0,2270.0,2385.0,407499,0.0,0.0
2020-03-20 00:00:00+09:00,2500.0,2745.0,2465.0,2600.0,370684,0.0,0.0
2020-03-23 00:00:00+09:00,2500.0,2620.0,2455.0,2620.0,148320,0.0,0.0
2020-03-24 00:00:00+09:00,2795.0,2825.0,2660.0,2785.0,194020,0.0,0.0
2020-03-25 00:00:00+09:00,2960.0,2960.0,2750.0,2880.0,234416,0.0,0.0
2020-03-26 00:00:00+09:00,2955.0,3115.0,2810.0,2985.0,324029,0.0,0.0
2020-03-27 00:00:00+09:00,3085.0,3280.0,2800.0,2960.0,302375,0.0,0.0
2020-03-30 00:00:00+09:00,2900.0,3325.0,2900.0,3215.0,667649,0.0,0.0
2020-03-31 00:00:00+09:00,3445.0,3630.0,3250.0,3400.0,618968,0.0,0.0
2020-04-01 00:00:00+09:00,3500.0,3745.0,3295.0,3485.0,430528,0.0,0.0
2020-04-02 00:00:00+09:00,3500.0,3650.0,3465.0,3620.0,277213,0.0,0.0
2020-04-03 00:00:00+09:00,3660.0,3770.0,3535.0,3650.0,229334,0.0,0.0
2020-04-06 00:00:00+09:00,3715.0,3800.0,3665.0,3745.0,160857,0.0,0.0
2020-04-07 00:00:00+09:00,3950.0,3950.0,3680.0,3735.0,212581,0.0,0.0
2020-04-08 00:00:00+09:00,3740.0,3790.0,3640.0,3670.0,209108,0.0,0.0
2020-04-09 00:00:00+09:00,3705.0,4690.0,3705.0,4300.0,7265746,0.0,0.0
2020-04-10 00:00:00+09:00,4380.0,4400.0,3960.0,4085.0,1750560,0.0,0.0
2020-04-13 00:00:00+09:00,4085.0,4085.0,3755.0,3760.0,675564,0.0,0.0
2020-04-14 00:00:00+09:00,3760.0,3930.0,3760.0,3875.0,357078,0.0,0.0
2020-04-16 00:00:00+09:00,3885.0,4070.0,3860.0,3915.0,451158,0.0,0.0
2020-04-17 00:00:00+09:00,4060.0,4460.0,4015.0,4125.0,3031821,0.0,0.0
2020-04-20 00:00:00+09:00,4125.0,4170.0,3995.0,4140.0,567198,0.0,0.0
2020-04-21 00:00:00+09:00,4160.0,4185.0,3745.0,4010.0,609835,0.0,0.0
2020-04-22 00:00:00+09:00,3830.0,4040.0,3830.0,4000.0,364261,0.0,0.0
2020-04-23 00:00:00+09:00,4335.0,4945.0,4200.0,4270.0,12577042,0.0,0.0
2020-04-24 00:00:00+09:00,4170.0,4575.0,4115.0,4200.0,3603925,0.0,0.0
2020-04-27 00:00:00+09:00,4215.0,4460.0,4165.0,4450.0,1547280,0.0,0.0
2020-04-28 00:00:00+09:00,4480.0,4490.0,4245.0,4465.0,1114912,0.0,0.0
2020-04-29 00:00:00+09:00,4465.0,4480.0,4295.0,4355.0,655605,0.0,0.0
2020-05-04 00:00:00+09:00,4325.0,4445.0,4250.0,4320.0,518711,0.0,0.0
2020-05-06 00:00:00+09:00,4340.0,4430.0,4310.0,4415.0,373280,0.0,0.0
2020-05-07 00:00:00+09:00,4490.0,4540.0,4405.0,4440.0,857444,0.0,0.0
2020-05-08 00:00:00+09:00,4525.0,4535.0,4425.0,4445.0,467521,0.0,0.0
2020-05-11 00:00:00+09:00,4575.0,5170.0,4500.0,4920.0,12492904,0.0,0.0
2020-05-12 00:00:00+09:00,5030.0,5030.0,4640.0,4750.0,2698061,0.0,0.0
2020-05-13 00:00:00+09:00,4670.0,4820.0,4540.0,4790.0,2197854,0.0,0.0
2020-05-14 00:00:00+09:00,4705.0,4765.0,4540.0,4550.0,1223710,0.0,0.0
2020-05-15 00:00:00+09:00,4505.0,4600.0,4405.0,4425.0,1023488,0.0,0.0
2020-05-18 00:00:00+09:00,4515.0,4740.0,4490.0,4645.0,2397376,0.0,0.0
2020-05-19 00:00:00+09:00,4665.0,4665.0,4480.0,4515.0,757891,0.0,0.0
2020-05-20 00:00:00+09:00,4510.0,4630.0,4460.0,4560.0,972995,0.0,0.0
2020-05-21 00:00:00+09:00,4610.0,4890.0,4565.0,4750.0,3401719,0.0,0.0
2020-05-22 00:00:00+09:00,4775.0,4865.0,4590.0,4610.0,1367750,0.0,0.0
2020-05-25 00:00:00+09:00,4660.0,4900.0,4640.0,4750.0,1591943,0.0,0.0
2020-05-26 00:00:00+09:00,4775.0,4820.0,4700.0,4715.0,795114,0.0,0.0
2020-05-27 00:00:00+09:00,4725.0,4770.0,4600.0,4605.0,578522,0.0,0.0
2020-05-28 00:00:00+09:00,4610.0,4760.0,4250.0,4605.0,1120865,0.0,0.0
2020-05-29 00:00:00+09:00,4545.0,4660.0,4455.0,4530.0,360455,0.0,0.0
2020-06-01 00:00:00+09:00,4530.0,4635.0,4500.0,4550.0,431892,0.0,0.0
2020-06-02 00:00:00+09:00,4600.0,4780.0,4570.0,4755.0,1520162,0.0,0.0
2020-06-03 00:00:00+09:00,4760.0,4765.0,4635.0,4660.0,617971,0.0,0.0
2020-06-04 00:00:00+09:00,4645.0,4780.0,4640.0,4655.0,567146,0.0,0.0
2020-06-05 00:00:00+09:00,4675.0,4760.0,4615.0,4655.0,391279,0.0,0.0
2020-06-08 00:00:00+09:00,4695.0,4695.0,4575.0,4610.0,322596,0.0,0.0
2020-06-09 00:00:00+09:00,4605.0,4700.0,4520.0,4555.0,574873,0.0,0.0
2020-06-10 00:00:00+09:00,4600.0,4600.0,4450.0,4450.0,327499,0.0,0.0
2020-06-11 00:00:00+09:00,4460.0,4630.0,4410.0,4530.0,447615,0.0,0.0
2020-06-12 00:00:00+09:00,4110.0,4390.0,4000.0,4385.0,471667,0.0,0.0
2020-06-15 00:00:00+09:00,4355.0,4480.0,4020.0,4110.0,633964,0.0,0.0
2020-06-16 00:00:00+09:00,4270.0,4270.0,3990.0,4215.0,371285,0.0,0.0
2020-06-17 00:00:00+09:00,4170.0,4255.0,4080.0,4095.0,260289,0.0,0.0
2020-06-18 00:00:00+09:00,4095.0,4135.0,4035.0,4070.0,152974,0.0,0.0
2020-06-19 00:00:00+09:00,4080.0,4160.0,4050.0,4070.0,114571,0.0,0.0
2020-06-22 00:00:00+09:00,4020.0,4140.0,4015.0,4050.0,117858,0.0,0.0
2020-06-23 00:00:00+09:00,4050.0,4190.0,3990.0,4050.0,269020,0.0,0.0
2020-06-24 00:00:00+09:00,4060.0,4150.0,4055.0,4130.0,229767,0.0,0.0
2020-06-25 00:00:00+09:00,4240.0,4720.0,4070.0,4230.0,4644569,0.0,0.0
2020-06-26 00:00:00+09:00,4230.0,4380.0,4120.0,4330.0,802991,0.0,0.0
2020-06-29 00:00:00+09:00,4230.0,4280.0,4090.0,4130.0,312768,0.0,0.0
2020-06-30 00:00:00+09:00,4160.0,4290.0,4090.0,4150.0,367487,0.0,0.0
2020-07-01 00:00:00+09:00,4150.0,4200.0,4080.0,4080.0,180512,0.0,0.0
2020-07-02 00:00:00+09:00,4145.0,4200.0,4060.0,4135.0,135663,0.0,0.0
2020-07-03 00:00:00+09:00,4140.0,4285.0,4095.0,4285.0,214278,0.0,0.0
2020-07-06 00:00:00+09:00,4285.0,4325.0,4225.0,4270.0,184630,0.0,0.0
2020-07-07 00:00:00+09:00,4270.0,4365.0,4210.0,4300.0,283004,0.0,0.0
2020-07-08 00:00:00+09:00,4320.0,4330.0,4250.0,4300.0,133374,0.0,0.0
2020-07-09 00:00:00+09:00,4305.0,4485.0,4250.0,4460.0,886453,0.0,0.0
2020-07-10 00:00:00+09:00,4670.0,4670.0,4335.0,4360.0,1130068,0.0,0.0
2020-07-13 00:00:00+09:00,4375.0,4480.0,4305.0,4460.0,377764,0.0,0.0
2020-07-14 00:00:00+09:00,4430.0,4445.0,4335.0,4380.0,270202,0.0,0.0
2020-07-15 00:00:00+09:00,4405.0,4440.0,4325.0,4330.0,254962,0.0,0.0
2020-07-16 00:00:00+09:00,4310.0,4365.0,4260.0,4260.0,162810,0.0,0.0
2020-07-17 00:00:00+09:00,4280.0,4370.0,4250.0,4270.0,213745,0.0,0.0
2020-07-20 00:00:00+09:00,4235.0,4305.0,4180.0,4245.0,175137,0.0,0.0
2020-07-21 00:00:00+09:00,4300.0,4330.0,4205.0,4215.0,150132,0.0,0.0
2020-07-22 00:00:00+09:00,4180.0,4230.0,4160.0,4190.0,133367,0.0,0.0
2020-07-23 00:00:00+09:00,4190.0,4265.0,4160.0,4170.0,195754,0.0,0.0
2020-07-24 00:00:00+09:00,4170.0,4170.0,4050.0,4070.0,273340,0.0,0.0
2020-07-27 00:00:00+09:00,4050.0,4150.0,4005.0,4090.0,143862,0.0,0.0
2020-07-28 00:00:00+09:00,4135.0,4255.0,4065.0,4110.0,338617,0.0,0.0
2020-07-29 00:00:00+09:00,4140.0,4205.0,4070.0,4100.0,191848,0.0,0.0
2020-07-30 00:00:00+09:00,4060.0,4155.0,4030.0,4055.0,169384,0.0,0.0
2020-07-31 00:00:00+09:00,4055.0,4120.0,4015.0,4025.0,128694,0.0,0.0
2020-08-03 00:00:00+09:00,4020.0,4095.0,3995.0,4020.0,140313,0.0,0.0
2020-08-04 00:00:00+09:00,4010.0,4100.0,4010.0,4030.0,166789,0.0,0.0
2020-08-05 00:00:00+09:00,4030.0,4070.0,4010.0,4035.0,83060,0.0,0.0
2020-08-06 00:00:00+09:00,4035.0,4070.0,3985.0,3990.0,283897,0.0,0.0
2020-08-07 00:00:00+09:00,3985.0,4005.0,3870.0,3890.0,314328,0.0,0.0
2020-08-10 00:00:00+09:00,3855.0,3855.0,3700.0,3740.0,410663,0.0,0.0
2020-08-11 00:00:00+09:00,3670.0,3800.0,3655.0,3705.0,255020,0.0,0.0
2020-08-12 00:00:00+09:00,3700.0,3900.0,3685.0,3710.0,392677,0.0,0.0
2020-08-13 00:00:00+09:00,3725.0,3750.0,3640.0,3710.0,123291,0.0,0.0
2020-08-14 00:00:00+09:00,3720.0,3745.0,3625.0,3630.0,183115,0.0,0.0
2020-08-18 00:00:00+09:00,3680.0,3680.0,3410.0,3410.0,228196,0.0,0.0
2020-08-19 00:00:00+09:00,3350.0,3640.0,3350.0,3555.0,160934,0.0,0.0
2020-08-20 00:00:00+09:00,3555.0,3555.0,3200.0,3275.0,340877,0.0,0.0
2020-08-21 00:00:00+09:00,3350.0,3445.0,3215.0,3430.0,215446,0.0,0.0
2020-08-24 00:00:00+09:00,3435.0,3565.0,3360.0,3565.0,187028,0.0,0.0
2020-08-25 00:00:00+09:00,3530.0,3630.0,3510.0,3585.0,112074,0.0,0.0
2020-08-26 00:00:00+09:00,3600.0,3620.0,3500.0,3620.0,248034,0.0,0.0
2020-08-27 00:00:00+09:00,3620.0,3840.0,3565.0,3765.0,490282,0.0,0.0
2020-08-28 00:00:00+09:00,3765.0,3900.0,3575.0,3665.0,351605,0.0,0.0
2020-08-31 00:00:00+09:00,3730.0,3795.0,3685.0,3700.0,205121,0.0,0.0
2020-09-01 00:00:00+09:00,3715.0,3865.0,3715.0,3785.0,338486,0.0,0.0
2020-09-02 00:00:00+09:00,3995.0,4000.0,3770.0,3815.0,472089,0.0,0.0
2020-09-03 00:00:00+09:00,3820.0,3850.0,3775.0,3820.0,158716,0.0,0.0
2020-09-04 00:00:00+09:00,3610.0,3780.0,3605.0,3730.0,208079,0.0,0.0
2020-09-07 00:00:00+09:00,3745.0,3795.0,3675.0,3720.0,155139,0.0,0.0
2020-09-08 00:00:00+09:00,3695.0,3940.0,3680.0,3810.0,642708,0.0,0.0
2020-09-09 00:00:00+09:00,3730.0,3830.0,3685.0,3720.0,220086,0.0,0.0
2020-09-10 00:00:00+09:00,3790.0,3845.0,3710.0,3770.0,149407,0.0,0.0
2020-09-11 00:00:00+09:00,3775.0,3855.0,3700.0,3750.0,245954,0.0,0.0
2020-09-14 00:00:00+09:00,3790.0,3865.0,3725.0,3820.0,292168,0.0,0.0
2020-09-15 00:00:00+09:00,3825.0,3855.0,3790.0,3795.0,132244,0.0,0.0
2020-09-16 00:00:00+09:00,3815.0,3860.0,3790.0,3840.0,169400,0.0,0.0
2020-09-17 00:00:00+09:00,3865.0,3870.0,3760.0,3760.0,163462,0.0,0.0
2020-09-18 00:00:00+09:00,3735.0,3775.0,3660.0,3700.0,222625,0.0,0.0
2020-09-21 00:00:00+09:00,3660.0,3690.0,3560.0,3580.0,238921,0.0,0.0
2020-09-22 00:00:00+09:00,4650.0,4650.0,4050.0,4650.0,22840635,0.0,0.0
2020-09-23 00:00:00+09:00,4855.0,6040.0,4845.0,6040.0,40852518,0.0,0.0
2020-09-24 00:00:00+09:00,6270.0,7040.0,5100.0,5250.0,29011159,0.0,0.0
2020-09-25 00:00:00+09:00,5250.0,6770.0,4930.0,5840.0,47832391,0.0,0.0
2020-09-28 00:00:00+09:00,6190.0,6960.0,5700.0,5880.0,20235586,0.0,0.0
2020-09-29 00:00:00+09:00,5970.0,6870.0,5790.0,6400.0,30333219,0.0,0.0
2020-10-05 00:00:00+09:00,6280.0,8110.0,6010.0,7450.0,41347194,0.0,0.0
2020-10-06 00:00:00+09:00,7230.0,7300.0,7110.0,7190.0,2362781,0.0,0.0
2020-10-07 00:00:00+09:00,7270.0,7470.0,7230.0,7420.0,1753482,0.0,0.0
2020-10-08 00:00:00+09:00,7320.0,7640.0,7000.0,7000.0,2296773,0.0,0.0
2020-10-12 00:00:00+09:00,7220.0,7710.0,6660.0,6910.0,11200401,0.0,0.0
2020-10-13 00:00:00+09:00,6890.0,7300.0,6640.0,6750.0,6009063,0.0,0.0
2020-10-14 00:00:00+09:00,6850.0,7300.0,6720.0,6770.0,7411485,0.0,0.0
2020-10-15 00:00:00+09:00,6850.0,7230.0,6740.0,6860.0,4934912,0.0,0.0
2020-10-16 00:00:00+09:00,6770.0,6920.0,6200.0,6510.0,2777354,0.0,0.0
2020-10-19 00:00:00+09:00,6400.0,6840.0,6390.0,6560.0,2035132,0.0,0.0
2020-10-20 00:00:00+09:00,6500.0,6630.0,6200.0,6320.0,1030030,0.0,0.0
2020-10-21 00:00:00+09:00,6320.0,6630.0,6100.0,6100.0,1547069,0.0,0.0
2020-10-22 00:00:00+09:00,6080.0,6210.0,5850.0,5940.0,1252763,0.0,0.0
2020-10-23 00:00:00+09:00,5970.0,6030.0,5680.0,5750.0,812747,0.0,0.0
2020-10-26 00:00:00+09:00,5830.0,5890.0,5540.0,5540.0,1078378,0.0,0.0
2020-10-27 00:00:00+09:00,5540.0,5750.0,5440.0,5630.0,789285,0.0,0.0
2020-10-28 00:00:00+09:00,5630.0,5800.0,5510.0,5540.0,1082044,0.0,0.0
2020-10-29 00:00:00+09:00,5390.0,5540.0,5370.0,5510.0,659162,0.0,0.0
2020-10-30 00:00:00+09:00,5530.0,5800.0,5280.0,5280.0,1806014,0.0,0.0
2020-11-02 00:00:00+09:00,5380.0,5520.0,5300.0,5430.0,913984,0.0,0.0
2020-11-03 00:00:00+09:00,5500.0,5710.0,5470.0,5640.0,1030619,0.0,0.0
2020-11-04 00:00:00+09:00,5710.0,5730.0,5490.0,5580.0,827722,0.0,0.0
2020-11-05 00:00:00+09:00,5580.0,5770.0,5560.0,5720.0,773758,0.0,0.0
2020-11-06 00:00:00+09:00,5750.0,5750.0,5410.0,5510.0,1090313,0.0,0.0
2020-11-09 00:00:00+09:00,5520.0,5770.0,5510.0,5720.0,922382,0.0,0.0
2020-11-10 00:00:00+09:00,5600.0,5600.0,5370.0,5510.0,619611,0.0,0.0
2020-11-11 00:00:00+09:00,5510.0,5520.0,5320.0,5360.0,591927,0.0,0.0
2020-11-12 00:00:00+09:00,5500.0,5550.0,5400.0,5430.0,571354,0.0,0.0
2020-11-13 00:00:00+09:00,5430.0,5630.0,5280.0,5630.0,633094,0.0,0.0
2020-11-16 00:00:00+09:00,5670.0,5680.0,5500.0,5580.0,468844,0.0,0.0
2020-11-17 00:00:00+09:00,5540.0,5570.0,5430.0,5450.0,532077,0.0,0.0
2020-11-18 00:00:00+09:00,5500.0,5730.0,5390.0,5660.0,804991,0.0,0.0
2020-11-19 00:00:00+09:00,5710.0,5730.0,5480.0,5520.0,697373,0.0,0.0
2020-11-20 00:00:00+09:00,5560.0,7150.0,5460.0,6850.0,34271295,0.0,0.0
2020-11-23 00:00:00+09:00,6970.0,7300.0,6460.0,7100.0,13595847,0.0,0.0
2020-11-24 00:00:00+09:00,6980.0,7450.0,6660.0,6710.0,10319949,0.0,0.0
2020-11-25 00:00:00+09:00,6640.0,6860.0,6330.0,6360.0,2574599,0.0,0.0
2020-11-26 00:00:00+09:00,6350.0,6940.0,6310.0,6720.0,4178740,0.0,0.0
2020-11-27 00:00:00+09:00,6620.0,6670.0,6460.0,6530.0,1109451,0.0,0.0
2020-11-30 00:00:00+09:00,6530.0,6660.0,6450.0,6450.0,913288,0.0,0.0
2020-12-01 00:00:00+09:00,6450.0,6610.0,6390.0,6420.0,743249,0.0,0.0
2020-12-02 00:00:00+09:00,6420.0,6530.0,6200.0,6260.0,1058536,0.0,0.0
2020-12-03 00:00:00+09:00,6250.0,6360.0,6140.0,6280.0,978734,0.0,0.0
2020-12-04 00:00:00+09:00,6300.0,6750.0,6160.0,6510.0,2578752,0.0,0.0
2020-12-07 00:00:00+09:00,6600.0,6730.0,6400.0,6530.0,2040413,0.0,0.0
2020-12-08 00:00:00+09:00,6600.0,6720.0,6300.0,6650.0,1814943,0.0,0.0
2020-12-09 00:00:00+09:00,6650.0,6920.0,6550.0,6610.0,2446385,0.0,0.0
2020-12-10 00:00:00+09:00,6730.0,6850.0,6560.0,6560.0,1469543,0.0,0.0
2020-12-11 00:00:00+09:00,6570.0,6650.0,6410.0,6480.0,971315,0.0,0.0
2020-12-14 00:00:00+09:00,6600.0,6760.0,6520.0,6590.0,1272675,0.0,0.0
2020-12-15 00:00:00+09:00,6640.0,6660.0,6450.0,6450.0,610649,0.0,0.0
2020-12-16 00:00:00+09:00,6450.0,6700.0,6420.0,6540.0,916246,0.0,0.0
2020-12-17 00:00:00+09:00,6500.0,6620.0,6330.0,6360.0,704146,0.0,0.0
2020-12-18 00:00:00+09:00,6330.0,6500.0,6200.0,6290.0,682411,0.0,0.0
2020-12-21 00:00:00+09:00,6310.0,6310.0,6070.0,6080.0,552412,0.0,0.0
2020-12-22 00:00:00+09:00,6090.0,6090.0,5780.0,5800.0,824126,0.0,0.0
2020-12-23 00:00:00+09:00,5800.0,5950.0,5680.0,5830.0,396454,0.0,0.0
2020-12-24 00:00:00+09:00,5870.0,5870.0,5600.0,5630.0,376776,0.0,0.0
2020-12-28 00:00:00+09:00,5630.0,5830.0,5570.0,5590.0,477225,0.0,0.0
2020-12-29 00:00:00+09:00,5580.0,5810.0,5580.0,5750.0,231968,0.0,0.0
2020-12-30 00:00:00+09:00,5740.0,5900.0,5720.0,5880.0,253199,0.0,0.0
2021-01-04 00:00:00+09:00,5950.0,6100.0,5850.0,6060.0,571986,0.0,0.0
2021-01-05 00:00:00+09:00,6040.0,6120.0,5950.0,5990.0,358867,0.0,0.0
2021-01-06 00:00:00+09:00,5970.0,6160.0,5840.0,6030.0,641022,0.0,0.0
2021-01-07 00:00:00+09:00,6040.0,6100.0,5900.0,5910.0,515535,0.0,0.0
2021-01-08 00:00:00+09:00,5910.0,5970.0,5790.0,5890.0,406298,0.0,0.0
2021-01-11 00:00:00+09:00,5850.0,6120.0,5690.0,5800.0,521642,0.0,0.0
2021-01-12 00:00:00+09:00,5760.0,5900.0,5720.0,5830.0,237125,0.0,0.0
2021-01-13 00:00:00+09:00,5780.0,5960.0,5770.0,5930.0,280719,0.0,0.0
2021-01-14 00:00:00+09:00,5880.0,6450.0,5840.0,6090.0,2586476,0.0,0.0
2021-01-15 00:00:00+09:00,6090.0,6110.0,5880.0,5960.0,391844,0.0,0.0
2021-01-18 00:00:00+09:00,5960.0,5960.0,5720.0,5740.0,283693,0.0,0.0
2021-01-19 00:00:00+09:00,5680.0,5880.0,5670.0,5850.0,249837,0.0,0.0
2021-01-20 00:00:00+09:00,5850.0,6120.0,5790.0,6010.0,627059,0.0,0.0
2021-01-21 00:00:00+09:00,6090.0,6180.0,5970.0,6150.0,440039,0.0,0.0
2021-01-22 00:00:00+09:00,6110.0,6180.0,6040.0,6070.0,344640,0.0,0.0
2021-01-25 00:00:00+09:00,6070.0,6450.0,6070.0,6150.0,726672,0.0,0.0
2021-01-26 00:00:00+09:00,6220.0,6220.0,6070.0,6070.0,264720,0.0,0.0
2021-01-27 00:00:00+09:00,6090.0,6220.0,6000.0,6000.0,430727,0.0,0.0
2021-01-28 00:00:00+09:00,5810.0,6000.0,5800.0,5850.0,230373,0.0,0.0
2021-01-29 00:00:00+09:00,5860.0,5910.0,5500.0,5540.0,356545,0.0,0.0
2021-02-01 00:00:00+09:00,5470.0,5590.0,5060.0,5580.0,313257,0.0,0.0
2021-02-02 00:00:00+09:00,5540.0,5790.0,5540.0,5650.0,201593,0.0,0.0
2021-02-03 00:00:00+09:00,5720.0,5760.0,5620.0,5650.0,97548,0.0,0.0
2021-02-04 00:00:00+09:00,5700.0,5760.0,5620.0,5710.0,145165,0.0,0.0
2021-02-05 00:00:00+09:00,5720.0,5960.0,5720.0,5960.0,424041,0.0,0.0
2021-02-08 00:00:00+09:00,5970.0,6060.0,5820.0,5880.0,271790,0.0,0.0
2021-02-09 00:00:00+09:00,5980.0,5990.0,5840.0,5840.0,156231,0.0,0.0
2021-02-10 00:00:00+09:00,5860.0,5910.0,5740.0,5850.0,135282,0.0,0.0
2021-02-15 00:00:00+09:00,5820.0,6370.0,5800.0,6070.0,1608704,0.0,0.0
2021-02-16 00:00:00+09:00,6080.0,6140.0,5990.0,6110.0,276268,0.0,0.0
2021-02-17 00:00:00+09:00,6160.0,6390.0,6000.0,6230.0,783069,0.0,0.0
2021-02-18 00:00:00+09:00,6190.0,6480.0,6150.0,6300.0,1143916,0.0,0.0
2021-02-19 00:00:00+09:00,6350.0,6370.0,5930.0,6130.0,565814,0.0,0.0
2021-02-22 00:00:00+09:00,6270.0,6320.0,6090.0,6090.0,567453,0.0,0.0
2021-02-23 00:00:00+09:00,6050.0,6210.0,5970.0,6030.0,344260,0.0,0.0
2021-02-24 00:00:00+09:00,6100.0,7080.0,5960.0,5960.0,16336256,0.0,0.0
2021-02-25 00:00:00+09:00,6140.0,6230.0,5900.0,5970.0,1567112,0.0,0.0
2021-02-26 00:00:00+09:00,5860.0,6040.0,5520.0,5590.0,2579435,0.0,0.0
2021-03-02 00:00:00+09:00,5700.0,6000.0,5660.0,5660.0,1217798,0.0,0.0
2021-03-03 00:00:00+09:00,5600.0,5750.0,5520.0,5570.0,481366,0.0,0.0
2021-03-04 00:00:00+09:00,5440.0,5550.0,5330.0,5360.0,493203,0.0,0.0
2021-03-05 00:00:00+09:00,5300.0,5360.0,5070.0,5330.0,373415,0.0,0.0
2021-03-08 00:00:00+09:00,5350.0,5440.0,5230.0,5240.0,255848,0.0,0.0
2021-03-09 00:00:00+09:00,5280.0,5290.0,4970.0,5030.0,476647,0.0,0.0
2021-03-10 00:00:00+09:00,5090.0,5140.0,4975.0,5060.0,240852,0.0,0.0
2021-03-11 00:00:00+09:00,4990.0,5160.0,4990.0,5030.0,269691,0.0,0.0
2021-03-12 00:00:00+09:00,5050.0,5150.0,5050.0,5100.0,183942,0.0,0.0
2021-03-15 00:00:00+09:00,5140.0,5290.0,5060.0,5180.0,243588,0.0,0.0
2021-03-16 00:00:00+09:00,5200.0,5330.0,5170.0,5290.0,244446,0.0,0.0
2021-03-17 00:00:00+09:00,5290.0,5380.0,5210.0,5230.0,229457,0.0,0.0
2021-03-18 00:00:00+09:00,5220.0,5330.0,5220.0,5280.0,138894,0.0,0.0
2021-03-19 00:00:00+09:00,5170.0,5500.0,5170.0,5420.0,431222,0.0,0.0
2021-03-22 00:00:00+09:00,5470.0,5480.0,5370.0,5450.0,231013,0.0,0.0
2021-03-23 00:00:00+09:00,5450.0,5450.0,5300.0,5320.0,158189,0.0,0.0
2021-03-24 00:00:00+09:00,5110.0,6440.0,5110.0,5550.0,7356011,0.0,0.0
2021-03-25 00:00:00+09:00,5600.0,6100.0,5560.0,5720.0,2274991,0.0,0.0
2021-03-26 00:00:00+09:00,5720.0,5720.0,5570.0,5580.0,394622,0.0,0.0
2021-03-29 00:00:00+09:00,5530.0,5680.0,5490.0,5510.0,326167,0.0,0.0
2021-03-30 00:00:00+09:00,5480.0,5620.0,5450.0,5530.0,274115,0.0,0.0
2021-03-31 00:00:00+09:00,5550.0,5670.0,5410.0,5460.0,383136,0.0,0.0
2021-04-01 00:00:00+09:00,5460.0,5570.0,5440.0,5470.0,244826,0.0,0.0
2021-04-02 00:00:00+09:00,5450.0,5550.0,5450.0,5550.0,214004,0.0,0.0
2021-04-05 00:00:00+09:00,5580.0,5580.0,5490.0,5490.0,198802,0.0,0.0
2021-04-06 00:00:00+09:00,5530.0,5570.0,5420.0,5480.0,187263,0.0,0.0
2021-04-07 00:00:00+09:00,5450.0,5500.0,5400.0,5470.0,176257,0.0,0.0
2021-04-08 00:00:00+09:00,5470.0,5790.0,5430.0,5610.0,706420,0.0,0.0
2021-04-09 00:00:00+09:00,5630.0,5670.0,5540.0,5670.0,249745,0.0,0.0
2021-04-12 00:00:00+09:00,5650.0,5750.0,5600.0,5710.0,342225,0.0,0.0
2021-04-13 00:00:00+09:00,5730.0,5960.0,5630.0,5950.0,575464,0.0,0.0
2021-04-14 00:00:00+09:00,5920.0,6120.0,5810.0,5970.0,858613,0.0,0.0
2021-04-15 00:00:00+09:00,6030.0,6100.0,5770.0,5840.0,411053,0.0,0.0
2021-04-16 00:00:00+09:00,5930.0,6080.0,5810.0,6030.0,656341,0.0,0.0
2021-04-19 00:00:00+09:00,6040.0,6090.0,5950.0,5960.0,449554,0.0,0.0
2021-04-20 00:00:00+09:00,5960.0,6140.0,5910.0,6050.0,560313,0.0,0.0
2021-04-21 00:00:00+09:00,6050.0,6200.0,6010.0,6120.0,675656,0.0,0.0
2021-04-22 00:00:00+09:00,6110.0,6380.0,6110.0,6300.0,1013931,0.0,0.0
2021-04-23 00:00:00+09:00,6350.0,6400.0,6170.0,6170.0,629539,0.0,0.0
2021-04-26 00:00:00+09:00,6220.0,6720.0,6200.0,6230.0,2791537,0.0,0.0
2021-04-27 00:00:00+09:00,6220.0,6280.0,5910.0,5970.0,829636,0.0,0.0
2021-04-28 00:00:00+09:00,6000.0,6120.0,5860.0,5960.0,445049,0.0,0.0
2021-04-29 00:00:00+09:00,5960.0,6090.0,5850.0,5880.0,242385,0.0,0.0
2021-04-30 00:00:00+09:00,5880.0,5940.0,5720.0,5810.0,312479,0.0,0.0
2021-05-03 00:00:00+09:00,5770.0,5940.0,5650.0,5750.0,252000,0.0,0.0
2021-05-04 00:00:00+09:00,5710.0,5800.0,5580.0,5720.0,221463,0.0,0.0
2021-05-06 00:00:00+09:00,5720.0,5760.0,5640.0,5690.0,142571,0.0,0.0
2021-05-07 00:00:00+09:00,5780.0,5800.0,5650.0,5740.0,157682,0.0,0.0
2021-05-10 00:00:00+09:00,5740.0,5860.0,5730.0,5820.0,205505,0.0,0.0
2021-05-11 00:00:00+09:00,5770.0,5810.0,5700.0,5800.0,135128,0.0,0.0
2021-05-12 00:00:00+09:00,5860.0,5860.0,5700.0,5720.0,169265,0.0,0.0
2021-05-13 00:00:00+09:00,5680.0,5900.0,5600.0,5770.0,165356,0.0,0.0
2021-05-14 00:00:00+09:00,5790.0,5850.0,5750.0,5770.0,111457,0.0,0.0
2021-05-17 00:00:00+09:00,5770.0,5930.0,5680.0,5770.0,150343,0.0,0.0
2021-05-18 00:00:00+09:00,5830.0,6460.0,5770.0,6000.0,2582286,0.0,0.0
2021-05-20 00:00:00+09:00,6020.0,6090.0,5900.0,6030.0,475466,0.0,0.0
2021-05-21 00:00:00+09:00,6150.0,6270.0,6030.0,6150.0,607678,0.0,0.0
2021-05-24 00:00:00+09:00,6150.0,6210.0,6040.0,6090.0,378621,0.0,0.0
2021-05-25 00:00:00+09:00,6160.0,6490.0,6090.0,6490.0,1869597,0.0,0.0
2021-05-26 00:00:00+09:00,6450.0,6600.0,6300.0,6400.0,1041351,0.0,0.0
2021-05-27 00:00:00+09:00,6350.0,6410.0,6210.0,6280.0,403985,0.0,0.0
2021-05-28 00:00:00+09:00,6280.0,6410.0,6140.0,6160.0,521994,0.0,0.0
2021-05-31 00:00:00+09:00,6170.0,6290.0,6140.0,6210.0,326454,0.0,0.0
2021-06-01 00:00:00+09:00,6210.0,6390.0,6160.0,6370.0,430100,0.0,0.0
2021-06-02 00:00:00+09:00,6410.0,6460.0,6250.0,6250.0,495042,0.0,0.0
2021-06-03 00:00:00+09:00,6270.0,6490.0,6240.0,6350.0,744407,0.0,0.0
2021-06-04 00:00:00+09:00,6350.0,6440.0,6270.0,6320.0,327224,0.0,0.0
2021-06-07 00:00:00+09:00,6370.0,6370.0,6170.0,6180.0,302444,0.0,0.0
2021-06-08 00:00:00+09:00,6130.0,6360.0,6130.0,6230.0,366992,0.0,0.0
2021-06-09 00:00:00+09:00,6230.0,6850.0,6230.0,6690.0,4043555,0.0,0.0
2021-06-10 00:00:00+09:00,6560.0,6900.0,6450.0,6550.0,1072869,0.0,0.0
2021-06-11 00:00:00+09:00,6550.0,7070.0,6480.0,6610.0,4172231,0.0,0.0
2021-06-14 00:00:00+09:00,6600.0,6660.0,6460.0,6620.0,607624,0.0,0.0
2021-06-15 00:00:00+09:00,6620.0,6640.0,6310.0,6350.0,904067,0.0,0.0
2021-06-16 00:00:00+09:00,6390.0,6450.0,6160.0,6210.0,653310,0.0,0.0
2021-06-17 00:00:00+09:00,6190.0,6260.0,6110.0,6260.0,310798,0.0,0.0
2021-06-18 00:00:00+09:00,6310.0,7350.0,6240.0,6940.0,17046577,0.0,0.0
2021-06-21 00:00:00+09:00,6730.0,7530.0,6700.0,7130.0,8894445,0.0,0.0
2021-06-22 00:00:00+09:00,7230.0,7230.0,6870.0,6940.0,1741334,0.0,0.0
2021-06-23 00:00:00+09:00,7130.0,8770.0,7120.0,8300.0,31450077,0.0,0.0
2021-06-24 00:00:00+09:00,8200.0,8480.0,7920.0,8260.0,6053136,0.0,0.0
2021-06-25 00:00:00+09:00,8220.0,8380.0,7820.0,7830.0,2782829,0.0,0.0
2021-06-28 00:00:00+09:00,7720.0,8100.0,7710.0,7880.0,1936785,0.0,0.0
2021-06-29 00:00:00+09:00,7930.0,8770.0,7360.0,7380.0,15865967,0.0,0.0
2021-06-30 00:00:00+09:00,7440.0,7550.0,7260.0,7550.0,1356097,0.0,0.0
2021-07-01 00:00:00+09:00,7460.0,7620.0,7150.0,7160.0,1568969,0.0,0.0
2021-07-02 00:00:00+09:00,7300.0,7700.0,7170.0,7290.0,2197649,0.0,0.0
2021-07-05 00:00:00+09:00,7350.0,7430.0,7200.0,7430.0,762669,0.0,0.0
2021-07-06 00:00:00+09:00,7400.0,7400.0,7250.0,7270.0,526904,0.0,0.0
2021-07-07 00:00:00+09:00,7390.0,7700.0,7320.0,7630.0,3818027,0.0,0.0
2021-07-08 00:00:00+09:00,7660.0,7720.0,7430.0,7630.0,1327695,0.0,0.0
2021-07-09 00:00:00+09:00,7490.0,7680.0,7370.0,7370.0,964427,0.0,0.0
2021-07-12 00:00:00+09:00,7450.0,7740.0,7420.0,7490.0,1387081,0.0,0.0
2021-07-13 00:00:00+09:00,7440.0,7550.0,7260.0,7290.0,797119,0.0,0.0
2021-07-14 00:00:00+09:00,7290.0,7390.0,7180.0,7220.0,346813,0.0,0.0
2021-07-15 00:00:00+09:00,7200.0,7290.0,6950.0,7000.0,758151,0.0,0.0
2021-07-16 00:00:00+09:00,7000.0,7110.0,6810.0,7050.0,503485,0.0,0.0
2021-07-19 00:00:00+09:00,7060.0,7100.0,6770.0,6800.0,512353,0.0,0.0
2021-07-20 00:00:00+09:00,6770.0,7200.0,6720.0,6810.0,1354033,0.0,0.0
2021-07-21 00:00:00+09:00,6880.0,6990.0,6740.0,6760.0,325564,0.0,0.0
2021-07-22 00:00:00+09:00,6780.0,6900.0,6660.0,6810.0,345209,0.0,0.0
2021-07-23 00:00:00+09:00,6840.0,7350.0,6840.0,7290.0,1375032,0.0,0.0
2021-07-26 00:00:00+09:00,7270.0,7460.0,7160.0,7230.0,670659,0.0,0.0
2021-07-27 00:00:00+09:00,7400.0,7400.0,7130.0,7250.0,568201,0.0,0.0
2021-07-28 00:00:00+09:00,7200.0,8050.0,7180.0,7210.0,5565684,0.0,0.0
2021-07-29 00:00:00+09:00,7280.0,7290.0,7010.0,7060.0,811258,0.0,0.0
2021-07-30 00:00:00+09:00,7200.0,7510.0,7000.0,7000.0,2259993,0.0,0.0
2021-08-02 00:00:00+09:00,6990.0,7040.0,6860.0,6920.0,343950,0.0,0.0
2021-08-03 00:00:00+09:00,6930.0,7040.0,6730.0,6760.0,514202,0.0,0.0
2021-08-04 00:00:00+09:00,6900.0,7280.0,6890.0,7060.0,1800161,0.0,0.0
2021-08-05 00:00:00+09:00,7520.0,7890.0,7300.0,7330.0,9505401,0.0,0.0
2021-08-06 00:00:00+09:00,7200.0,7480.0,7130.0,7350.0,1064187,0.0,0.0
2021-08-09 00:00:00+09:00,7300.0,7320.0,7030.0,7030.0,1347957,0.0,0.0
2021-08-10 00:00:00+09:00,7040.0,7090.0,6880.0,6880.0,505353,0.0,0.0
2021-08-11 00:00:00+09:00,6820.0,6960.0,6780.0,6780.0,556972,0.0,0.0
2021-08-12 00:00:00+09:00,6840.0,7000.0,6730.0,6780.0,336998,0.0,0.0
2021-08-13 00:00:00+09:00,6820.0,6820.0,6420.0,6580.0,527991,0.0,0.0
2021-08-17 00:00:00+09:00,6550.0,6560.0,6140.0,6140.0,525759,0.0,0.0
2021-08-18 00:00:00+09:00,6090.0,6270.0,6080.0,6220.0,289330,0.0,0.0
2021-08-19 00:00:00+09:00,6120.0,6240.0,5840.0,5840.0,439859,0.0,0.0
2021-08-20 00:00:00+09:00,5870.0,5910.0,5530.0,5570.0,606298,0.0,0.0
2021-08-23 00:00:00+09:00,5600.0,5740.0,5500.0,5670.0,245930,0.0,0.0
2021-08-24 00:00:00+09:00,5720.0,5870.0,5720.0,5840.0,257041,0.0,0.0
2021-08-25 00:00:00+09:00,5850.0,5870.0,5730.0,5760.0,181139,0.0,0.0
2021-08-26 00:00:00+09:00,5840.0,5870.0,5740.0,5750.0,153771,0.0,0.0
2021-08-27 00:00:00+09:00,5760.0,5790.0,5630.0,5730.0,148008,0.0,0.0
2021-08-30 00:00:00+09:00,5810.0,5840.0,5610.0,5740.0,180958,0.0,0.0
2021-08-31 00:00:00+09:00,5760.0,5880.0,5720.0,5850.0,172702,0.0,0.0
2021-09-01 00:00:00+09:00,5790.0,5950.0,5780.0,5940.0,193691,0.0,0.0
2021-09-02 00:00:00+09:00,5970.0,6050.0,5900.0,5940.0,233192,0.0,0.0
2021-09-03 00:00:00+09:00,5940.0,5960.0,5850.0,5940.0,117063,0.0,0.0
2021-09-06 00:00:00+09:00,5940.0,5940.0,5860.0,5910.0,85809,0.0,0.0
2021-09-07 00:00:00+09:00,5910.0,5940.0,5700.0,5800.0,178943,0.0,0.0
2021-09-08 00:00:00+09:00,5800.0,6300.0,5710.0,6060.0,1359465,0.0,0.0
2021-09-09 00:00:00+09:00,5980.0,6170.0,5900.0,5900.0,514042,0.0,0.0
2021-09-10 00:00:00+09:00,6010.0,6350.0,5900.0,6250.0,1072557,0.0,0.0
2021-09-13 00:00:00+09:00,6210.0,6220.0,5980.0,6010.0,420536,0.0,0.0
2021-09-14 00:00:00+09:00,6000.0,6200.0,5990.0,6190.0,425366,0.0,0.0
2021-09-15 00:00:00+09:00,6200.0,6370.0,6130.0,6130.0,638921,0.0,0.0
2021-09-16 00:00:00+09:00,6130.0,6180.0,5860.0,5880.0,453886,0.0,0.0
2021-09-17 00:00:00+09:00,5840.0,5950.0,5800.0,5850.0,179588,0.0,0.0
2021-09-23 00:00:00+09:00,5770.0,5830.0,5690.0,5700.0,204929,0.0,0.0
2021-09-24 00:00:00+09:00,5700.0,5820.0,5650.0,5670.0,167190,0.0,0.0
2021-09-27 00:00:00+09:00,5650.0,5740.0,5590.0,5650.0,126133,0.0,0.0
2021-09-28 00:00:00+09:00,5670.0,5680.0,5360.0,5380.0,419368,0.0,0.0
2021-09-29 00:00:00+09:00,5230.0,5330.0,5170.0,5220.0,258419,0.0,0.0
2021-09-30 00:00:00+09:00,5200.0,5280.0,5180.0,5200.0,157687,0.0,0.0
2021-10-01 00:00:00+09:00,5150.0,5240.0,4990.0,5000.0,295518,0.0,0.0
2021-10-05 00:00:00+09:00,4850.0,4970.0,4725.0,4905.0,370711,0.0,0.0
2021-10-06 00:00:00+09:00,5040.0,5110.0,4700.0,4820.0,476027,0.0,0.0
2021-10-07 00:00:00+09:00,4790.0,5000.0,4790.0,5000.0,201125,0.0,0.0
2021-10-08 00:00:00+09:00,5040.0,5040.0,4880.0,4905.0,132993,0.0,0.0
2021-10-12 00:00:00+09:00,4860.0,4955.0,4745.0,4830.0,126043,0.0,0.0
2021-10-13 00:00:00+09:00,4755.0,4950.0,4755.0,4950.0,99124,0.0,0.0
2021-10-14 00:00:00+09:00,5000.0,5100.0,4950.0,5050.0,108204,0.0,0.0
2021-10-15 00:00:00+09:00,5070.0,5120.0,5000.0,5070.0,91910,0.0,0.0
2021-10-18 00:00:00+09:00,5070.0,5110.0,5010.0,5080.0,72178,0.0,0.0
2021-10-19 00:00:00+09:00,5070.0,5190.0,5050.0,5170.0,121290,0.0,0.0
2021-10-20 00:00:00+09:00,5170.0,5240.0,5130.0,5170.0,92455,0.0,0.0
2021-10-21 00:00:00+09:00,5150.0,5230.0,5060.0,5120.0,148415,0.0,0.0
2021-10-22 00:00:00+09:00,5120.0,5320.0,5040.0,5250.0,185773,0.0,0.0
2021-10-25 00:00:00+09:00,5210.0,5270.0,5100.0,5160.0,84679,0.0,0.0
2021-10-26 00:00:00+09:00,5150.0,5260.0,5130.0,5260.0,133434,0.0,0.0
2021-10-27 00:00:00+09:00,5230.0,5290.0,5110.0,5170.0,102828,0.0,0.0
2021-10-28 00:00:00+09:00,5170.0,5280.0,5130.0,5220.0,144315,0.0,0.0
2021-10-29 00:00:00+09:00,5260.0,5600.0,4740.0,5020.0,1127729,0.0,0.0
2021-11-01 00:00:00+09:00,5000.0,5450.0,5000.0,5320.0,638375,0.0,0.0
2021-11-02 00:00:00+09:00,5400.0,5460.0,5250.0,5460.0,327199,0.0,0.0
2021-11-03 00:00:00+09:00,5500.0,5510.0,5280.0,5350.0,190561,0.0,0.0
2021-11-04 00:00:00+09:00,5380.0,5420.0,5110.0,5160.0,183037,0.0,0.0
2021-11-05 00:00:00+09:00,5210.0,5370.0,5030.0,5280.0,260074,0.0,0.0
2021-11-08 00:00:00+09:00,5280.0,5560.0,5220.0,5460.0,432557,0.0,0.0
2021-11-09 00:00:00+09:00,5460.0,5500.0,5380.0,5410.0,180495,0.0,0.0
2021-11-10 00:00:00+09:00,5350.0,5380.0,5230.0,5240.0,178841,0.0,0.0
2021-11-11 00:00:00+09:00,5160.0,5260.0,5110.0,5140.0,161381,0.0,0.0
2021-11-12 00:00:00+09:00,5120.0,5230.0,5120.0,5130.0,99925,0.0,0.0
2021-11-15 00:00:00+09:00,5160.0,5360.0,5160.0,5300.0,127522,0.0,0.0
2021-11-16 00:00:00+09:00,5220.0,5330.0,5190.0,5320.0,217123,0.0,0.0
2021-11-17 00:00:00+09:00,5330.0,5810.0,5260.0,5810.0,774123,0.0,0.0
2021-11-18 00:00:00+09:00,5690.0,5710.0,5470.0,5550.0,443830,0.0,0.0
2021-11-19 00:00:00+09:00,5500.0,5610.0,5360.0,5400.0,237264,0.0,0.0
2021-11-22 00:00:00+09:00,5430.0,5460.0,5240.0,5330.0,151668,0.0,0.0
2021-11-23 00:00:00+09:00,5300.0,5460.0,5250.0,5340.0,129372,0.0,0.0
2021-11-24 00:00:00+09:00,5390.0,5450.0,5220.0,5250.0,193310,0.0,0.0
2021-11-25 00:00:00+09:00,5230.0,5290.0,5030.0,5220.0,283399,0.0,0.0
2021-11-26 00:00:00+09:00,5200.0,5540.0,5190.0,5230.0,1091549,0.0,0.0
2021-11-29 00:00:00+09:00,5010.0,5140.0,4965.0,5000.0,321424,0.0,0.0
2021-11-30 00:00:00+09:00,5000.0,5060.0,4590.0,4590.0,543282,0.0,0.0
2021-12-01 00:00:00+09:00,4550.0,4705.0,4525.0,4690.0,186514,0.0,0.0
2021-12-02 00:00:00+09:00,4575.0,4820.0,4570.0,4820.0,89948,0.0,0.0
2021-12-03 00:00:00+09:00,4895.0,4895.0,4795.0,4835.0,72079,0.0,0.0
2021-12-06 00:00:00+09:00,4780.0,5180.0,4770.0,5100.0,607862,0.0,0.0
2021-12-07 00:00:00+09:00,5060.0,5160.0,5000.0,5070.0,187814,0.0,0.0
2021-12-08 00:00:00+09:00,5100.0,5150.0,5030.0,5030.0,115174,0.0,0.0
2021-12-09 00:00:00+09:00,5040.0,5090.0,5000.0,5020.0,73863,0.0,0.0
2021-12-10 00:00:00+09:00,4965.0,5140.0,4965.0,5040.0,92848,0.0,0.0
2021-12-13 00:00:00+09:00,4995.0,5090.0,4995.0,5030.0,85646,0.0,0.0
2021-12-14 00:00:00+09:00,4970.0,5060.0,4905.0,4940.0,122117,0.0,0.0
2021-12-15 00:00:00+09:00,4940.0,4990.0,4845.0,4865.0,71401,0.0,0.0
2021-12-16 00:00:00+09:00,4885.0,5130.0,4885.0,5070.0,222604,0.0,0.0
2021-12-17 00:00:00+09:00,5030.0,5070.0,4965.0,4965.0,94347,0.0,0.0
2021-12-20 00:00:00+09:00,4980.0,4990.0,4790.0,4820.0,122072,0.0,0.0
2021-12-21 00:00:00+09:00,4770.0,4920.0,4770.0,4850.0,94572,0.0,0.0
2021-12-22 00:00:00+09:00,4850.0,4900.0,4825.0,4870.0,73876,0.0,0.0
2021-12-23 00:00:00+09:00,4890.0,4890.0,4780.0,4810.0,129921,0.0,0.0
2021-12-24 00:00:00+09:00,4795.0,4845.0,4740.0,4750.0,94064,0.0,0.0
2021-12-27 00:00:00+09:00,4785.0,4785.0,4645.0,4650.0,183812,0.0,0.0
2021-12-28 00:00:00+09:00,4650.0,4770.0,4640.0,4640.0,209514,0.0,0.0
2021-12-29 00:00:00+09:00,4640.0,5260.0,4635.0,4965.0,1534091,0.0,0.0
2021-12-30 00:00:00+09:00,4965.0,5050.0,4905.0,5040.0,254533,0.0,0.0
2022-01-04 00:00:00+09:00,5130.0,5140.0,5010.0,5100.0,210183,0.0,0.0
2022-01-05 00:00:00+09:00,5140.0,5140.0,5000.0,5010.0,124512,0.0,0.0
2022-01-06 00:00:00+09:00,4975.0,5040.0,4875.0,4920.0,128824,0.0,0.0
2022-01-07 00:00:00+09:00,4900.0,5010.0,4900.0,4990.0,94166,0.0,0.0
2022-01-10 00:00:00+09:00,5000.0,5020.0,4830.0,4900.0,115852,0.0,0.0
2022-01-11 00:00:00+09:00,4905.0,4910.0,4690.0,4700.0,195853,0.0,0.0
2022-01-12 00:00:00+09:00,4710.0,4800.0,4710.0,4775.0,70005,0.0,0.0
2022-01-13 00:00:00+09:00,4775.0,4780.0,4700.0,4715.0,110996,0.0,0.0
2022-01-14 00:00:00+09:00,4710.0,4710.0,4605.0,4660.0,114761,0.0,0.0
2022-01-17 00:00:00+09:00,4640.0,4640.0,4490.0,4525.0,131759,0.0,0.0
2022-01-18 00:00:00+09:00,4500.0,4550.0,4415.0,4420.0,83208,0.0,0.0
2022-01-19 00:00:00+09:00,4315.0,4450.0,4310.0,4405.0,84794,0.0,0.0
2022-01-20 00:00:00+09:00,4380.0,4585.0,4350.0,4570.0,86740,0.0,0.0
2022-01-21 00:00:00+09:00,4555.0,4575.0,4440.0,4440.0,55860,0.0,0.0
2022-01-24 00:00:00+09:00,4385.0,4385.0,4200.0,4210.0,140692,0.0,0.0
2022-01-25 00:00:00+09:00,4195.0,4255.0,3850.0,4000.0,171993,0.0,0.0
2022-01-26 00:00:00+09:00,4000.0,4000.0,4000.0,4000.0,0,0.0,0.0
2022-01-27 00:00:00+09:00,3940.0,4010.0,3710.0,3710.0,211109,0.0,0.0
2022-01-28 00:00:00+09:00,3715.0,3950.0,3635.0,3900.0,252843,0.0,0.0
2022-02-03 00:00:00+09:00,3950.0,4060.0,3950.0,4025.0,101955,0.0,0.0
2022-02-04 00:00:00+09:00,3975.0,4125.0,3970.0,4125.0,82811,0.0,0.0
2022-02-07 00:00:00+09:00,4100.0,4110.0,4020.0,4100.0,88722,0.0,0.0
2022-02-08 00:00:00+09:00,4100.0,4100.0,4100.0,4100.0,0,0.0,0.0
2022-02-09 00:00:00+09:00,4100.0,4100.0,4100.0,4100.0,0,0.0,0.0
2022-02-10 00:00:00+09:00,4270.0,4270.0,4070.0,4070.0,61619,0.0,0.0
2022-02-11 00:00:00+09:00,4065.0,4070.0,3945.0,4005.0,65650,0.0,0.0
2022-02-14 00:00:00+09:00,3900.0,3985.0,3795.0,3800.0,124505,0.0,0.0
2022-02-15 00:00:00+09:00,3800.0,3835.0,3720.0,3790.0,77015,0.0,0.0
2022-02-16 00:00:00+09:00,3825.0,3935.0,3825.0,3910.0,48881,0.0,0.0
2022-02-17 00:00:00+09:00,3910.0,4010.0,3795.0,3890.0,110013,0.0,0.0
2022-02-18 00:00:00+09:00,3815.0,3960.0,3780.0,3915.0,78279,0.0,0.0
2022-02-21 00:00:00+09:00,3900.0,3950.0,3720.0,3950.0,78272,0.0,0.0
2022-02-22 00:00:00+09:00,3950.0,3950.0,3950.0,3950.0,0,0.0,0.0
2022-02-23 00:00:00+09:00,3950.0,3950.0,3950.0,3950.0,0,0.0,0.0
2022-02-24 00:00:00+09:00,4840.0,4910.0,4450.0,4470.0,1441074,0.0,0.0
2022-02-25 00:00:00+09:00,4565.0,4715.0,4455.0,4595.0,1454367,0.0,0.0
2022-02-28 00:00:00+09:00,4595.0,4595.0,4595.0,4595.0,0,0.0,0.0
2022-03-02 00:00:00+09:00,4520.0,4580.0,4475.0,4525.0,300544,0.0,0.0
2022-03-03 00:00:00+09:00,4615.0,4755.0,4575.0,4670.0,850082,0.0,0.0
2022-03-04 00:00:00+09:00,4670.0,4670.0,4670.0,4670.0,0,0.0,0.0
2022-03-07 00:00:00+09:00,4595.0,4705.0,4395.0,4400.0,279777,0.0,0.0
2022-03-08 00:00:00+09:00,4340.0,4420.0,4270.0,4335.0,208921,0.0,0.0
2022-03-10 00:00:00+09:00,4335.0,4335.0,4335.0,4335.0,0,0.0,0.0
2022-03-11 00:00:00+09:00,4595.0,4970.0,4595.0,4970.0,1673551,0.0,0.0
2022-03-14 00:00:00+09:00,5380.0,6460.0,5310.0,6460.0,24022720,0.0,0.0
2022-03-15 00:00:00+09:00,6600.0,7440.0,6370.0,6630.0,31081868,0.0,0.0
2022-03-16 00:00:00+09:00,6660.0,6820.0,6570.0,6630.0,7174438,0.0,0.0
2022-03-17 00:00:00+09:00,6820.0,6920.0,6570.0,6670.0,4886439,0.0,0.0
2022-03-18 00:00:00+09:00,6570.0,6730.0,6540.0,6690.0,1783185,0.0,0.0
2022-03-21 00:00:00+09:00,6690.0,6690.0,6690.0,6690.0,0,0.0,0.0
2022-03-22 00:00:00+09:00,6620.0,6760.0,6560.0,6660.0,2016966,0.0,0.0
2022-03-23 00:00:00+09:00,6670.0,7000.0,6550.0,6880.0,6291660,0.0,0.0
2022-03-24 00:00:00+09:00,6800.0,7630.0,6630.0,7630.0,8503893,0.0,0.0
2022-03-25 00:00:00+09:00,7270.0,7390.0,7020.0,7030.0,5660267,0.0,0.0
2022-03-28 00:00:00+09:00,6900.0,7170.0,6680.0,7170.0,3649148,0.0,0.0
2022-03-29 00:00:00+09:00,7040.0,7160.0,6910.0,6910.0,1729098,0.0,0.0
2022-03-30 00:00:00+09:00,6790.0,6860.0,6240.0,6270.0,1895891,0.0,0.0
2022-03-31 00:00:00+09:00,6250.0,6430.0,6220.0,6270.0,1093660,0.0,0.0
2022-04-01 00:00:00+09:00,6250.0,6670.0,6250.0,6260.0,3145958,0.0,0.0
2022-04-04 00:00:00+09:00,6210.0,6580.0,5980.0,6570.0,3003015,0.0,0.0
2022-04-05 00:00:00+09:00,6470.0,6970.0,6330.0,6560.0,6261792,0.0,0.0
2022-04-06 00:00:00+09:00,6560.0,6870.0,6440.0,6690.0,4167717,0.0,0.0
2022-04-07 00:00:00+09:00,6680.0,6690.0,6210.0,6250.0,1177816,0.0,0.0
2022-04-08 00:00:00+09:00,6250.0,6320.0,5980.0,5980.0,771109,0.0,0.0
2022-04-11 00:00:00+09:00,5950.0,6120.0,5770.0,5810.0,401662,0.0,0.0
2022-04-12 00:00:00+09:00,5730.0,5960.0,5730.0,5770.0,428580,0.0,0.0
2022-04-13 00:00:00+09:00,5760.0,5880.0,5730.0,5830.0,298276,0.0,0.0
2022-04-14 00:00:00+09:00,5860.0,5970.0,5830.0,5900.0,260888,0.0,0.0
2022-04-15 00:00:00+09:00,6010.0,6140.0,5890.0,6080.0,630775,0.0,0.0
2022-04-18 00:00:00+09:00,6050.0,6130.0,5970.0,5970.0,338172,0.0,0.0
2022-04-19 00:00:00+09:00,5910.0,6080.0,5890.0,5980.0,342897,0.0,0.0
2022-04-20 00:00:00+09:00,6000.0,6020.0,5860.0,5860.0,226440,0.0,0.0
2022-04-21 00:00:00+09:00,5870.0,5870.0,5730.0,5800.0,292319,0.0,0.0
2022-04-22 00:00:00+09:00,5760.0,5770.0,5580.0,5690.0,277903,0.0,0.0
2022-04-25 00:00:00+09:00,5600.0,5740.0,5530.0,5620.0,326360,0.0,0.0
2022-04-26 00:00:00+09:00,5620.0,5810.0,5620.0,5720.0,159963,0.0,0.0
2022-04-27 00:00:00+09:00,5570.0,5620.0,5390.0,5490.0,318779,0.0,0.0
2022-04-28 00:00:00+09:00,5490.0,5540.0,5320.0,5350.0,283135,0.0,0.0
2022-04-29 00:00:00+09:00,5350.0,5630.0,5350.0,5610.0,412547,0.0,0.0
2022-05-02 00:00:00+09:00,5460.0,6380.0,5420.0,5680.0,4193297,0.0,0.0
2022-05-03 00:00:00+09:00,5720.0,6890.0,5610.0,6260.0,20243174,0.0,0.0
2022-05-04 00:00:00+09:00,6310.0,6500.0,6040.0,6070.0,2224942,0.0,0.0
2022-05-06 00:00:00+09:00,5910.0,6040.0,5750.0,5850.0,810970,0.0,0.0
2022-05-10 00:00:00+09:00,5350.0,5530.0,5180.0,5380.0,765798,0.0,0.0
2022-05-11 00:00:00+09:00,5340.0,5500.0,5220.0,5220.0,699978,0.0,0.0
2022-05-12 00:00:00+09:00,5080.0,5140.0,4820.0,4870.0,631134,0.0,0.0
2022-05-13 00:00:00+09:00,4865.0,4950.0,4850.0,4885.0,293079,0.0,0.0
2022-05-16 00:00:00+09:00,4890.0,5070.0,4890.0,4950.0,287998,0.0,0.0
2022-05-17 00:00:00+09:00,5090.0,5100.0,4940.0,4965.0,199375,0.0,0.0
2022-05-18 00:00:00+09:00,5020.0,5510.0,5010.0,5100.0,1769452,0.0,0.0
2022-05-19 00:00:00+09:00,4970.0,4970.0,4865.0,4875.0,262648,0.0,0.0
2022-05-20 00:00:00+09:00,4900.0,4965.0,4870.0,4925.0,179105,0.0,0.0
2022-05-23 00:00:00+09:00,5020.0,5070.0,4935.0,4955.0,142902,0.0,0.0
2022-05-24 00:00:00+09:00,4955.0,4975.0,4795.0,4815.0,182639,0.0,0.0
2022-05-25 00:00:00+09:00,4810.0,5300.0,4710.0,4845.0,1551463,0.0,0.0
2022-05-26 00:00:00+09:00,4830.0,4950.0,4805.0,4860.0,209032,0.0,0.0
2022-05-27 00:00:00+09:00,4875.0,4960.0,4835.0,4840.0,160885,0.0,0.0
2022-05-30 00:00:00+09:00,4875.0,4980.0,4875.0,4965.0,169361,0.0,0.0
2022-05-31 00:00:00+09:00,4995.0,5050.0,4905.0,4985.0,223179,0.0,0.0
2022-06-02 00:00:00+09:00,4935.0,5100.0,4920.0,4965.0,292845,0.0,0.0
2022-06-03 00:00:00+09:00,4995.0,5360.0,4935.0,5000.0,1336580,0.0,0.0
2022-06-07 00:00:00+09:00,5010.0,5010.0,4860.0,4870.0,184558,0.0,0.0
2022-06-08 00:00:00+09:00,4845.0,4890.0,4770.0,4770.0,137042,0.0,0.0
2022-06-09 00:00:00+09:00,4725.0,4770.0,4635.0,4650.0,165436,0.0,0.0
2022-06-10 00:00:00+09:00,4565.0,4650.0,4555.0,4635.0,102739,0.0,0.0
2022-06-13 00:00:00+09:00,4500.0,4560.0,4320.0,4325.0,216427,0.0,0.0
2022-06-14 00:00:00+09:00,4150.0,4300.0,4110.0,4275.0,197027,0.0,0.0
2022-06-15 00:00:00+09:00,4255.0,4285.0,4000.0,4055.0,269401,0.0,0.0
2022-06-16 00:00:00+09:00,4110.0,4255.0,4050.0,4050.0,148826,0.0,0.0
2022-06-17 00:00:00+09:00,3880.0,4100.0,3850.0,4100.0,160807,0.0,0.0
2022-06-20 00:00:00+09:00,4065.0,4115.0,3790.0,3805.0,234152,0.0,0.0
2022-06-21 00:00:00+09:00,3810.0,4095.0,3795.0,3940.0,500942,0.0,0.0
2022-06-22 00:00:00+09:00,3955.0,4060.0,3825.0,3850.0,189144,0.0,0.0
2022-06-23 00:00:00+09:00,3815.0,3865.0,3575.0,3575.0,434088,0.0,0.0
2022-06-24 00:00:00+09:00,3520.0,3795.0,3520.0,3760.0,230339,0.0,0.0
2022-06-27 00:00:00+09:00,4050.0,4170.0,3880.0,4130.0,437947,0.0,0.0
2022-06-28 00:00:00+09:00,4210.0,4290.0,4010.0,4090.0,909818,0.0,0.0
2022-06-29 00:00:00+09:00,4010.0,4310.0,3980.0,4290.0,733900,0.0,0.0
2022-06-30 00:00:00+09:00,4300.0,4355.0,4030.0,4040.0,697098,0.0,0.0
2022-07-01 00:00:00+09:00,4035.0,4145.0,3865.0,3870.0,323406,0.0,0.0
2022-07-04 00:00:00+09:00,3895.0,3925.0,3670.0,3730.0,352008,0.0,0.0
2022-07-05 00:00:00+09:00,3730.0,3975.0,3730.0,3885.0,352382,0.0,0.0
2022-07-06 00:00:00+09:00,3890.0,3955.0,3820.0,3850.0,219493,0.0,0.0
2022-07-07 00:00:00+09:00,3860.0,3950.0,3820.0,3905.0,192502,0.0,0.0
2022-07-08 00:00:00+09:00,3950.0,4040.0,3935.0,4005.0,181497,0.0,0.0
2022-07-11 00:00:00+09:00,4045.0,4050.0,3925.0,4005.0,163895,0.0,0.0
2022-07-12 00:00:00+09:00,3955.0,3960.0,3810.0,3815.0,212784,0.0,0.0
2022-07-13 00:00:00+09:00,3815.0,3930.0,3770.0,3825.0,178206,0.0,0.0
2022-07-14 00:00:00+09:00,3815.0,3880.0,3765.0,3840.0,114732,0.0,0.0
2022-07-15 00:00:00+09:00,3860.0,3900.0,3780.0,3825.0,99487,0.0,0.0
2022-07-18 00:00:00+09:00,3890.0,3975.0,3875.0,3975.0,188719,0.0,0.0
2022-07-19 00:00:00+09:00,3935.0,4015.0,3900.0,4015.0,118183,0.0,0.0
2022-07-20 00:00:00+09:00,4090.0,4110.0,4010.0,4045.0,152754,0.0,0.0
2022-07-21 00:00:00+09:00,4045.0,4245.0,4040.0,4140.0,484283,0.0,0.0
2022-07-22 00:00:00+09:00,4190.0,4190.0,4005.0,4005.0,180894,0.0,0.0
2022-07-25 00:00:00+09:00,4005.0,4045.0,3965.0,3995.0,95972,0.0,0.0
2022-07-26 00:00:00+09:00,3995.0,4015.0,3920.0,4005.0,71328,0.0,0.0
2022-07-27 00:00:00+09:00,3965.0,4740.0,3965.0,4375.0,7933431,0.0,0.0
2022-07-28 00:00:00+09:00,4380.0,4410.0,4325.0,4345.0,531127,0.0,0.0
2022-07-29 00:00:00+09:00,4360.0,4380.0,4285.0,4355.0,391640,0.0,0.0
2022-08-01 00:00:00+09:00,4385.0,4400.0,4335.0,4390.0,330327,0.0,0.0
2022-08-02 00:00:00+09:00,4490.0,4490.0,4300.0,4300.0,531956,0.0,0.0
2022-08-03 00:00:00+09:00,4325.0,4370.0,4255.0,4365.0,211790,0.0,0.0
2022-08-04 00:00:00+09:00,4405.0,4480.0,4370.0,4415.0,485833,0.0,0.0
2022-08-05 00:00:00+09:00,4500.0,4500.0,4365.0,4390.0,183942,0.0,0.0
2022-08-08 00:00:00+09:00,4390.0,4390.0,4265.0,4335.0,133117,0.0,0.0
2022-08-09 00:00:00+09:00,4320.0,4355.0,4255.0,4335.0,112616,0.0,0.0
2022-08-10 00:00:00+09:00,4250.0,4335.0,4230.0,4230.0,134083,0.0,0.0
2022-08-11 00:00:00+09:00,4270.0,4375.0,4260.0,4290.0,115661,0.0,0.0
2022-08-12 00:00:00+09:00,4295.0,4370.0,4295.0,4325.0,127148,0.0,0.0
2022-08-16 00:00:00+09:00,4325.0,4485.0,4320.0,4410.0,470843,0.0,0.0
2022-08-17 00:00:00+09:00,4410.0,4415.0,4210.0,4215.0,312764,0.0,0.0
2022-08-18 00:00:00+09:00,4265.0,4325.0,4195.0,4265.0,131570,0.0,0.0
2022-08-19 00:00:00+09:00,4230.0,4280.0,4170.0,4180.0,120433,0.0,0.0
2022-08-22 00:00:00+09:00,4110.0,4110.0,4020.0,4035.0,107397,0.0,0.0
2022-08-23 00:00:00+09:00,3935.0,4260.0,3900.0,4010.0,449790,0.0,0.0
2022-08-24 00:00:00+09:00,3975.0,4055.0,3975.0,4020.0,105452,0.0,0.0
2022-08-25 00:00:00+09:00,4005.0,4405.0,4005.0,4180.0,1235685,0.0,0.0
2022-08-26 00:00:00+09:00,4165.0,4250.0,4140.0,4180.0,143157,0.0,0.0
2022-08-29 00:00:00+09:00,3960.0,4100.0,3955.0,4045.0,84289,0.0,0.0
2022-08-30 00:00:00+09:00,4015.0,4170.0,4015.0,4100.0,81895,0.0,0.0
2022-08-31 00:00:00+09:00,4025.0,4200.0,4010.0,4190.0,109862,0.0,0.0
2022-09-01 00:00:00+09:00,4150.0,4185.0,4065.0,4065.0,77533,0.0,0.0
2022-09-02 00:00:00+09:00,4065.0,4145.0,3955.0,3965.0,149178,0.0,0.0
2022-09-05 00:00:00+09:00,3915.0,3980.0,3860.0,3900.0,93745,0.0,0.0
2022-09-06 00:00:00+09:00,3850.0,3950.0,3850.0,3935.0,83830,0.0,0.0
2022-09-07 00:00:00+09:00,3890.0,3925.0,3785.0,3800.0,107757,0.0,0.0
2022-09-08 00:00:00+09:00,3800.0,3890.0,3800.0,3840.0,47326,0.0,0.0
2022-09-13 00:00:00+09:00,3860.0,4015.0,3860.0,3980.0,116386,0.0,0.0
2022-09-14 00:00:00+09:00,3840.0,3955.0,3835.0,3920.0,57227,0.0,0.0
2022-09-15 00:00:00+09:00,3950.0,4010.0,3845.0,3875.0,61857,0.0,0.0
2022-09-16 00:00:00+09:00,3805.0,3870.0,3760.0,3765.0,112581,0.0,0.0
2022-09-19 00:00:00+09:00,3755.0,3785.0,3610.0,3620.0,117507,0.0,0.0
2022-09-20 00:00:00+09:00,3620.0,3725.0,3600.0,3620.0,80346,0.0,0.0
2022-09-21 00:00:00+09:00,3550.0,3630.0,3550.0,3590.0,52979,0.0,0.0
2022-09-22 00:00:00+09:00,3535.0,3565.0,3425.0,3545.0,158094,0.0,0.0
2022-09-23 00:00:00+09:00,3505.0,3565.0,3405.0,3415.0,117356,0.0,0.0
2022-09-26 00:00:00+09:00,3330.0,3435.0,3125.0,3130.0,234432,0.0,0.0
2022-09-27 00:00:00+09:00,3045.0,3210.0,3000.0,3155.0,183209,0.0,0.0
2022-09-28 00:00:00+09:00,3115.0,3200.0,2940.0,3015.0,234444,0.0,0.0
2022-09-29 00:00:00+09:00,3050.0,3220.0,3015.0,3015.0,179382,0.0,0.0
2022-09-30 00:00:00+09:00,2935.0,3045.0,2935.0,3005.0,117663,0.0,0.0
2022-10-04 00:00:00+09:00,3065.0,3125.0,3045.0,3105.0,93664,0.0,0.0
2022-10-05 00:00:00+09:00,3150.0,3200.0,3020.0,3030.0,83882,0.0,0.0
2022-10-06 00:00:00+09:00,3050.0,3140.0,3050.0,3115.0,88431,0.0,0.0
2022-10-07 00:00:00+09:00,3115.0,3125.0,3035.0,3085.0,69858,0.0,0.0
2022-10-11 00:00:00+09:00,3010.0,3040.0,2855.0,2900.0,173993,0.0,0.0
2022-10-12 00:00:00+09:00,2865.0,2935.0,2810.0,2900.0,88347,0.0,0.0
2022-10-13 00:00:00+09:00,2850.0,2860.0,2660.0,2680.0,184233,0.0,0.0
2022-10-14 00:00:00+09:00,2720.0,2910.0,2720.0,2850.0,154634,0.0,0.0
2022-10-17 00:00:00+09:00,3050.0,3705.0,2975.0,3160.0,7831120,0.0,0.0
2022-10-18 00:00:00+09:00,3170.0,3970.0,3170.0,3495.0,10554419,0.0,0.0
2022-10-19 00:00:00+09:00,3520.0,3775.0,3445.0,3470.0,4167125,0.0,0.0
2022-10-20 00:00:00+09:00,3470.0,3470.0,3260.0,3280.0,554150,0.0,0.0
2022-10-21 00:00:00+09:00,3255.0,3270.0,3065.0,3075.0,350823,0.0,0.0
2022-10-24 00:00:00+09:00,3110.0,3255.0,3110.0,3115.0,422959,0.0,0.0
2022-10-25 00:00:00+09:00,3110.0,3380.0,3105.0,3380.0,1254860,0.0,0.0
2022-10-26 00:00:00+09:00,3465.0,3525.0,3275.0,3275.0,1241427,0.0,0.0
2022-10-27 00:00:00+09:00,3280.0,3350.0,3260.0,3270.0,160266,0.0,0.0
2022-10-28 00:00:00+09:00,3280.0,3280.0,3120.0,3145.0,218135,0.0,0.0
2022-10-31 00:00:00+09:00,3175.0,3195.0,3090.0,3160.0,173678,0.0,0.0
2022-11-01 00:00:00+09:00,3135.0,3640.0,3125.0,3400.0,5688497,0.0,0.0
2022-11-02 00:00:00+09:00,3345.0,3510.0,3335.0,3450.0,933582,0.0,0.0
2022-11-03 00:00:00+09:00,3385.0,3420.0,3330.0,3380.0,239055,0.0,0.0
2022-11-04 00:00:00+09:00,3365.0,3435.0,3270.0,3285.0,209193,0.0,0.0
2022-11-07 00:00:00+09:00,3280.0,3360.0,3280.0,3355.0,190608,0.0,0.0
2022-11-08 00:00:00+09:00,3385.0,3455.0,3365.0,3380.0,243722,0.0,0.0
2022-11-09 00:00:00+09:00,3375.0,3460.0,3355.0,3380.0,202074,0.0,0.0
2022-11-10 00:00:00+09:00,3345.0,3650.0,3285.0,3430.0,1659678,0.0,0.0
2022-11-11 00:00:00+09:00,3520.0,3540.0,3440.0,3470.0,394286,0.0,0.0
2022-11-14 00:00:00+09:00,3480.0,3780.0,3455.0,3715.0,1825451,0.0,0.0
2022-11-15 00:00:00+09:00,3585.0,3635.0,3545.0,3610.0,482445,0.0,0.0
2022-11-16 00:00:00+09:00,3670.0,4220.0,3480.0,3765.0,10727682,0.0,0.0
2022-11-17 00:00:00+09:00,3750.0,3755.0,3575.0,3600.0,641744,0.0,0.0
2022-11-18 00:00:00+09:00,3670.0,3845.0,3575.0,3595.0,1244764,0.0,0.0
2022-11-21 00:00:00+09:00,3565.0,3585.0,3450.0,3450.0,208582,0.0,0.0
2022-11-22 00:00:00+09:00,3415.0,3545.0,3360.0,3375.0,163477,0.0,0.0
2022-11-23 00:00:00+09:00,3380.0,3465.0,3380.0,3410.0,109021,0.0,0.0
2022-11-24 00:00:00+09:00,3410.0,3510.0,3405.0,3480.0,183424,0.0,0.0
2022-11-25 00:00:00+09:00,3485.0,3495.0,3435.0,3450.0,105352,0.0,0.0
2022-11-28 00:00:00+09:00,3430.0,3450.0,3300.0,3300.0,158755,0.0,0.0
2022-11-29 00:00:00+09:00,3285.0,3330.0,3240.0,3305.0,76859,0.0,0.0
2022-11-30 00:00:00+09:00,3275.0,3440.0,3265.0,3375.0,163515,0.0,0.0
2022-12-01 00:00:00+09:00,3385.0,3620.0,3385.0,3455.0,824381,0.0,0.0
2022-12-02 00:00:00+09:00,3455.0,3540.0,3420.0,3475.0,165645,0.0,0.0
2022-12-05 00:00:00+09:00,3485.0,3565.0,3440.0,3540.0,179654,0.0,0.0
2022-12-06 00:00:00+09:00,3485.0,3485.0,3370.0,3420.0,124740,0.0,0.0
2022-12-07 00:00:00+09:00,3365.0,3415.0,3310.0,3325.0,85536,0.0,0.0
2022-12-08 00:00:00+09:00,3310.0,3350.0,3260.0,3275.0,66746,0.0,0.0
2022-12-09 00:00:00+09:00,3250.0,3330.0,3245.0,3300.0,53601,0.0,0.0
2022-12-12 00:00:00+09:00,3250.0,3370.0,3240.0,3340.0,75751,0.0,0.0
2022-12-13 00:00:00+09:00,3315.0,3375.0,3305.0,3310.0,72793,0.0,0.0
2022-12-14 00:00:00+09:00,3310.0,3395.0,3310.0,3390.0,139684,0.0,0.0
2022-12-15 00:00:00+09:00,3390.0,3430.0,3285.0,3380.0,107608,0.0,0.0
2022-12-16 00:00:00+09:00,3310.0,3360.0,3275.0,3290.0,89573,0.0,0.0
2022-12-19 00:00:00+09:00,3255.0,3655.0,3255.0,3380.0,1717763,0.0,0.0
2022-12-20 00:00:00+09:00,3370.0,3655.0,3330.0,3350.0,1481645,0.0,0.0
2022-12-21 00:00:00+09:00,3380.0,3405.0,3275.0,3390.0,247348,0.0,0.0
2022-12-22 00:00:00+09:00,3645.0,4030.0,3450.0,3475.0,8884814,0.0,0.0
2022-12-23 00:00:00+09:00,3430.0,3575.0,3410.0,3420.0,896320,0.0,0.0
2022-12-26 00:00:00+09:00,3425.0,3530.0,3300.0,3300.0,607833,0.0,0.0
2022-12-27 00:00:00+09:00,3260.0,3370.0,3215.0,3215.0,575587,0.0,0.0
2022-12-28 00:00:00+09:00,3215.0,3305.0,3155.0,3170.0,309355,0.0,0.0
2022-12-29 00:00:00+09:00,3145.0,3265.0,3100.0,3145.0,196483,0.0,0.0
2023-01-02 00:00:00+09:00,3120.0,3175.0,2970.0,2970.0,270440,0.0,0.0
2023-01-03 00:00:00+09:00,2940.0,2995.0,2870.0,2995.0,356806,0.0,0.0
2023-01-04 00:00:00+09:00,3400.0,3445.0,3100.0,3105.0,1578330,0.0,0.0
2023-01-05 00:00:00+09:00,3105.0,3280.0,3100.0,3150.0,799002,0.0,0.0
2023-01-06 00:00:00+09:00,3240.0,3330.0,3145.0,3305.0,1384045,0.0,0.0
2023-01-09 00:00:00+09:00,3605.0,3965.0,3605.0,3645.0,10750414,0.0,0.0
2023-01-10 00:00:00+09:00,3615.0,3655.0,3485.0,3640.0,1668705,0.0,0.0
2023-01-11 00:00:00+09:00,3825.0,3960.0,3600.0,3610.0,4116811,0.0,0.0
2023-01-12 00:00:00+09:00,3675.0,3970.0,3510.0,3600.0,4807764,0.0,0.0
2023-01-13 00:00:00+09:00,4005.0,4680.0,3950.0,4680.0,31921825,0.0,0.0
2023-01-16 00:00:00+09:00,4895.0,5340.0,4810.0,4890.0,25920955,0.0,0.0
2023-01-17 00:00:00+09:00,4940.0,5150.0,4810.0,4920.0,8177779,0.0,0.0
2023-01-18 00:00:00+09:00,4765.0,4970.0,4675.0,4970.0,3034659,0.0,0.0
2023-01-19 00:00:00+09:00,4775.0,4815.0,4595.0,4655.0,1614375,0.0,0.0
2023-01-20 00:00:00+09:00,4605.0,4685.0,4545.0,4615.0,1018273,0.0,0.0
2023-01-25 00:00:00+09:00,4585.0,5050.0,4575.0,5050.0,392324,0.0,0.0
2023-01-26 00:00:00+09:00,4930.0,4965.0,4615.0,4645.0,178811,0.0,0.0
2023-01-27 00:00:00+09:00,4785.0,5200.0,4685.0,4840.0,141235,0.0,0.0
2023-01-30 00:00:00+09:00,4875.0,5530.0,4840.0,5210.0,603470,0.0,0.0
2023-01-31 00:00:00+09:00,5130.0,5220.0,4950.0,5140.0,146417,0.0,0.0
2023-02-01 00:00:00+09:00,5190.0,5250.0,4915.0,4900.0,55110,0.0,0.0
2023-02-02 00:00:00+09:00,4950.0,5180.0,4915.0,5060.0,148533,0.0,0.0
2023-02-03 00:00:00+09:00,5220.0,5880.0,5110.0,5510.0,485819,0.0,0.0
2023-02-06 00:00:00+09:00,5410.0,5460.0,5170.0,5200.0,75752,0.0,0.0
2023-02-07 00:00:00+09:00,5180.0,5490.0,5120.0,5340.0,103612,0.0,0.0
2023-02-08 00:00:00+09:00,5380.0,5610.0,5310.0,5500.0,95385,0.0,0.0
2023-02-09 00:00:00+09:00,5380.0,5820.0,5370.0,5500.0,50180,0.0,0.0
2023-02-10 00:00:00+09:00,5450.0,5450.0,5050.0,5070.0,33264,0.0,0.0
2023-02-13 00:00:00+09:00,5120.0,5570.0,5120.0,5370.0,71876,0.0,0.0
2023-02-14 00:00:00+09:00,5360.0,5470.0,5170.0,5170.0,52167,0.0,0.0
2023-02-15 00:00:00+09:00,5160.0,5230.0,4765.0,4925.0,29627,0.0,0.0
2023-02-16 00:00:00+09:00,4935.0,4985.0,4825.0,4865.0,37736,0.0,0.0
2023-02-17 00:00:00+09:00,4785.0,4980.0,4745.0,4805.0,21432,0.0,0.0
2023-02-20 00:00:00+09:00,4840.0,4870.0,4750.0,4795.0,28049,0.0,0.0
2023-02-21 00:00:00+09:00,4900.0,5250.0,4890.0,4920.0,48368,0.0,0.0
2023-02-22 00:00:00+09:00,4790.0,5000.0,4750.0,4775.0,29637,0.0,0.0
2023-02-23 00:00:00+09:00,4780.0,4965.0,4780.0,4890.0,17478,0.0,0.0
2023-02-24 00:00:00+09:00,4950.0,5120.0,4750.0,4800.0,29764,0.0,0.0
2023-02-27 00:00:00+09:00,4795.0,4965.0,4770.0,4885.0,710213,0.0,0.0
2023-02-28 00:00:00+09:00,4875.0,5020.0,4835.0,4915.0,604421,0.0,0.0
2023-03-02 00:00:00+09:00,4930.0,4930.0,4650.0,4665.0,762921,0.0,0.0
2023-03-03 00:00:00+09:00,4690.0,4750.0,4585.0,4585.0,475489,0.0,0.0
2023-03-06 00:00:00+09:00,4600.0,4635.0,4490.0,4630.0,343029,0.0,0.0
2023-03-07 00:00:00+09:00,4625.0,4625.0,4450.0,4470.0,346668,0.0,0.0
2023-03-08 00:00:00+09:00,4450.0,4480.0,4360.0,4425.0,279198,0.0,0.0
2023-03-09 00:00:00+09:00,4410.0,4530.0,4300.0,4430.0,390385,0.0,0.0
2023-03-10 00:00:00+09:00,4295.0,4350.0,4240.0,4310.0,284878,0.0,0.0
2023-03-13 00:00:00+09:00,4280.0,4365.0,4115.0,4355.0,248143,0.0,0.0
2023-03-14 00:00:00+09:00,4280.0,4290.0,4065.0,4100.0,389706,0.0,0.0
2023-03-15 00:00:00+09:00,4150.0,4365.0,4145.0,4200.0,376746,0.0,0.0
2023-03-16 00:00:00+09:00,4150.0,4235.0,4075.0,4195.0,132149,0.0,0.0
2023-03-17 00:00:00+09:00,4255.0,4385.0,4240.0,4320.0,224694,0.0,0.0
2023-03-20 00:00:00+09:00,4325.0,4435.0,4325.0,4415.0,198488,0.0,0.0
2023-03-21 00:00:00+09:00,4465.0,4470.0,4230.0,4240.0,325827,0.0,0.0
2023-03-22 00:00:00+09:00,4310.0,4355.0,4180.0,4240.0,243106,0.0,0.0
2023-03-23 00:00:00+09:00,4160.0,4260.0,4135.0,4250.0,191923,0.0,0.0
2023-03-24 00:00:00+09:00,4240.0,4385.0,4205.0,4365.0,546018,0.0,0.0
2023-03-27 00:00:00+09:00,4615.0,4900.0,4325.0,4355.0,2142508,0.0,0.0
2023-03-28 00:00:00+09:00,4370.0,4415.0,4310.0,4330.0,316130,0.0,0.0
2023-03-29 00:00:00+09:00,4390.0,4770.0,4390.0,4405.0,5254185,0.0,0.0
2023-03-30 00:00:00+09:00,4440.0,4450.0,4370.0,4375.0,454324,0.0,0.0
2023-03-31 00:00:00+09:00,4375.0,4375.0,4215.0,4215.0,402746,0.0,0.0
2023-04-03 00:00:00+09:00,4240.0,4280.0,4205.0,4210.0,114230,0.0,0.0
2023-04-04 00:00:00+09:00,4220.0,4295.0,4200.0,4210.0,153389,0.0,0.0
2023-04-05 00:00:00+09:00,4155.0,4220.0,4135.0,4185.0,189646,0.0,0.0
2023-04-06 00:00:00+09:00,4155.0,4375.0,4105.0,4150.0,630556,0.0,0.0
2023-04-07 00:00:00+09:00,4125.0,4185.0,4105.0,4115.0,152498,0.0,0.0
2023-04-10 00:00:00+09:00,4060.0,4090.0,3880.0,3880.0,412540,0.0,0.0
2023-04-11 00:00:00+09:00,3870.0,3935.0,3760.0,3895.0,203252,0.0,0.0
2023-04-12 00:00:00+09:00,3860.0,3940.0,3840.0,3900.0,187171,0.0,0.0
2023-04-13 00:00:00+09:00,3900.0,3930.0,3780.0,3880.0,171055,0.0,0.0
2023-04-14 00:00:00+09:00,3945.0,4000.0,3900.0,3960.0,209518,0.0,0.0
2023-04-17 00:00:00+09:00,3955.0,3960.0,3855.0,3920.0,129104,0.0,0.0
2023-04-18 00:00:00+09:00,3920.0,3925.0,3800.0,3800.0,154271,0.0,0.0
2023-04-19 00:00:00+09:00,3865.0,3895.0,3805.0,3855.0,117660,0.0,0.0
2023-04-20 00:00:00+09:00,3875.0,3875.0,3720.0,3735.0,151476,0.0,0.0
2023-04-21 00:00:00+09:00,3680.0,3800.0,3665.0,3695.0,137622,0.0,0.0
2023-04-24 00:00:00+09:00,3645.0,3715.0,3600.0,3655.0,146215,0.0,0.0
2023-04-25 00:00:00+09:00,3610.0,3670.0,3525.0,3540.0,206937,0.0,0.0
2023-04-26 00:00:00+09:00,3505.0,3630.0,3490.0,3540.0,144611,0.0,0.0
2023-04-27 00:00:00+09:00,3540.0,3560.0,3460.0,3535.0,90029,0.0,0.0
2023-04-28 00:00:00+09:00,3605.0,3640.0,3500.0,3500.0,89412,0.0,0.0
2023-05-02 00:00:00+09:00,3485.0,4095.0,3460.0,3710.0,1578572,0.0,0.0
2023-05-03 00:00:00+09:00,3705.0,3745.0,3640.0,3700.0,142570,0.0,0.0
2023-05-04 00:00:00+09:00,3660.0,3695.0,3590.0,3620.0,118539,0.0,0.0
2023-05-08 00:00:00+09:00,3635.0,3775.0,3615.0,3620.0,254416,0.0,0.0
2023-05-09 00:00:00+09:00,3590.0,3655.0,3540.0,3570.0,83841,0.0,0.0
2023-05-10 00:00:00+09:00,3540.0,3595.0,3525.0,3530.0,53722,0.0,0.0
2023-05-11 00:00:00+09:00,3710.0,3710.0,3520.0,3520.0,177879,0.0,0.0
2023-05-12 00:00:00+09:00,3500.0,3570.0,3500.0,3520.0,61429,0.0,0.0
2023-05-15 00:00:00+09:00,3480.0,3510.0,3355.0,3355.0,204144,0.0,0.0
2023-05-16 00:00:00+09:00,3345.0,3440.0,3335.0,3335.0,136237,0.0,0.0
2023-05-17 00:00:00+09:00,3340.0,3450.0,3325.0,3425.0,87477,0.0,0.0
2023-05-18 00:00:00+09:00,3480.0,3520.0,3455.0,3490.0,58456,0.0,0.0
2023-05-19 00:00:00+09:00,3510.0,3615.0,3510.0,3575.0,112198,0.0,0.0
2023-05-22 00:00:00+09:00,3575.0,3610.0,3550.0,3595.0,55983,0.0,0.0
2023-05-23 00:00:00+09:00,3575.0,4180.0,3575.0,3890.0,9954473,0.0,0.0
2023-05-24 00:00:00+09:00,3900.0,4050.0,3840.0,3890.0,1313485,0.0,0.0
2023-05-25 00:00:00+09:00,3910.0,3950.0,3840.0,3935.0,512865,0.0,0.0
2023-05-26 00:00:00+09:00,3945.0,3990.0,3770.0,3810.0,484666,0.0,0.0
2023-05-30 00:00:00+09:00,3850.0,3855.0,3745.0,3745.0,200537,0.0,0.0
2023-05-31 00:00:00+09:00,3745.0,3785.0,3720.0,3755.0,93726,0.0,0.0
2023-06-01 00:00:00+09:00,3720.0,3770.0,3700.0,3755.0,115682,0.0,0.0
2023-06-02 00:00:00+09:00,3775.0,3775.0,3715.0,3730.0,87775,0.0,0.0
2023-06-05 00:00:00+09:00,3730.0,3770.0,3710.0,3750.0,82634,0.0,0.0
2023-06-07 00:00:00+09:00,3760.0,4085.0,3735.0,3820.0,3255401,0.0,0.0
2023-06-08 00:00:00+09:00,3785.0,3820.0,3740.0,3785.0,208430,0.0,0.0
2023-06-09 00:00:00+09:00,3795.0,3840.0,3745.0,3750.0,230586,0.0,0.0
2023-06-12 00:00:00+09:00,3750.0,3760.0,3705.0,3710.0,77024,0.0,0.0
2023-06-13 00:00:00+09:00,3720.0,3760.0,3715.0,3730.0,61569,0.0,0.0
2023-06-14 00:00:00+09:00,3720.0,3740.0,3590.0,3610.0,178071,0.0,0.0
2023-06-15 00:00:00+09:00,3650.0,3650.0,3505.0,3520.0,135723,0.0,0.0
2023-06-16 00:00:00+09:00,3555.0,3680.0,3545.0,3545.0,141059,0.0,0.0
2023-06-19 00:00:00+09:00,3545.0,3545.0,3465.0,3490.0,103602,0.0,0.0
2023-06-20 00:00:00+09:00,3455.0,3520.0,3425.0,3440.0,101873,0.0,0.0
2023-06-21 00:00:00+09:00,3445.0,3470.0,3420.0,3425.0,41350,0.0,0.0
2023-06-22 00:00:00+09:00,3425.0,3530.0,3415.0,3460.0,99640,0.0,0.0
2023-06-23 00:00:00+09:00,3445.0,3485.0,3425.0,3455.0,52959,0.0,0.0
2023-06-26 00:00:00+09:00,3430.0,3495.0,3400.0,3485.0,45537,0.0,0.0
2023-06-27 00:00:00+09:00,3460.0,3490.0,3445.0,3485.0,29796,0.0,0.0
2023-06-28 00:00:00+09:00,3485.0,3520.0,3445.0,3445.0,49357,0.0,0.0
2023-06-29 00:00:00+09:00,3415.0,3445.0,3305.0,3305.0,140291,0.0,0.0
2023-06-30 00:00:00+09:00,3295.0,3775.0,3290.0,3375.0,1899851,0.0,0.0
2023-07-03 00:00:00+09:00,3395.0,3685.0,3370.0,3525.0,1191441,0.0,0.0
2023-07-04 00:00:00+09:00,3500.0,3715.0,3455.0,3490.0,867447,0.0,0.0
2023-07-05 00:00:00+09:00,3530.0,3605.0,3425.0,3425.0,184677,0.0,0.0
2023-07-06 00:00:00+09:00,3435.0,3435.0,3255.0,3295.0,267558,0.0,0.0
2023-07-07 00:00:00+09:00,3295.0,3295.0,3230.0,3250.0,86456,0.0,0.0
2023-07-10 00:00:00+09:00,3215.0,3425.0,3160.0,3245.0,67037,0.0,0.0
2023-07-11 00:00:00+09:00,3320.0,3340.0,3250.0,3310.0,64036,0.0,0.0
2023-07-12 00:00:00+09:00,3295.0,3320.0,3220.0,3255.0,139437,0.0,0.0
2023-07-13 00:00:00+09:00,3290.0,3365.0,3215.0,3355.0,95598,0.0,0.0
2023-07-14 00:00:00+09:00,3355.0,3355.0,3235.0,3280.0,112459,0.0,0.0
2023-07-17 00:00:00+09:00,3250.0,3375.0,3190.0,3290.0,75998,0.0,0.0
2023-07-18 00:00:00+09:00,3255.0,3340.0,3175.0,3195.0,111681,0.0,0.0
2023-07-19 00:00:00+09:00,3250.0,3285.0,3175.0,3215.0,115165,0.0,0.0
2023-07-20 00:00:00+09:00,3210.0,3260.0,3140.0,3260.0,79911,0.0,0.0
2023-07-21 00:00:00+09:00,3300.0,3315.0,3240.0,3255.0,83795,0.0,0.0
2023-07-24 00:00:00+09:00,3275.0,3275.0,3050.0,3050.0,162263,0.0,0.0
2023-07-25 00:00:00+09:00,3015.0,3065.0,2865.0,2895.0,242668,0.0,0.0
2023-07-26 00:00:00+09:00,2865.0,2910.0,2700.0,2710.0,304055,0.0,0.0
2023-07-27 00:00:00+09:00,2695.0,2930.0,2690.0,2900.0,159151,0.0,0.0
2023-07-28 00:00:00+09:00,2855.0,3010.0,2850.0,2945.0,55809,0.0,0.0
2023-07-31 00:00:00+09:00,2915.0,3050.0,2915.0,3005.0,65309,0.0,0.0
2023-08-01 00:00:00+09:00,2975.0,3250.0,2975.0,3120.0,413498,0.0,0.0
2023-08-02 00:00:00+09:00,3130.0,3185.0,3015.0,3065.0,88437,0.0,0.0
2023-08-03 00:00:00+09:00,3065.0,3310.0,2980.0,3025.0,568352,0.0,0.0
2023-08-04 00:00:00+09:00,3000.0,3115.0,3000.0,3095.0,113704,0.0,0.0
2023-08-07 00:00:00+09:00,3095.0,3155.0,3020.0,3070.0,136631,0.0,0.0
2023-08-08 00:00:00+09:00,3070.0,3155.0,2970.0,3040.0,110532,0.0,0.0
2023-08-09 00:00:00+09:00,3045.0,3075.0,2985.0,3045.0,102955,0.0,0.0
2023-08-10 00:00:00+09:00,3020.0,3090.0,3005.0,3090.0,102382,0.0,0.0
2023-08-11 00:00:00+09:00,3050.0,3125.0,3045.0,3085.0,68283,0.0,0.0
2023-08-14 00:00:00+09:00,3085.0,3085.0,2995.0,2995.0,71554,0.0,0.0
2023-08-16 00:00:00+09:00,2925.0,2960.0,2830.0,2830.0,130645,0.0,0.0
2023-08-17 00:00:00+09:00,2760.0,2860.0,2710.0,2830.0,114939,0.0,0.0
2023-08-18 00:00:00+09:00,2785.0,2850.0,2765.0,2815.0,44783,0.0,0.0
2023-08-21 00:00:00+09:00,2800.0,2880.0,2800.0,2800.0,44137,0.0,0.0
2023-08-22 00:00:00+09:00,2800.0,2860.0,2785.0,2830.0,39697,0.0,0.0
2023-08-23 00:00:00+09:00,2785.0,2900.0,2765.0,2845.0,95848,0.0,0.0
2023-08-24 00:00:00+09:00,2845.0,3080.0,2840.0,2945.0,255414,0.0,0.0
2023-08-25 00:00:00+09:00,2885.0,2935.0,2875.0,2920.0,60007,0.0,0.0
2023-08-28 00:00:00+09:00,2905.0,3060.0,2890.0,2970.0,141601,0.0,0.0
2023-08-29 00:00:00+09:00,2980.0,3065.0,2980.0,3025.0,93506,0.0,0.0
2023-08-30 00:00:00+09:00,3055.0,3065.0,2900.0,3030.0,73047,0.0,0.0
2023-08-31 00:00:00+09:00,3030.0,3070.0,2950.0,2995.0,106039,0.0,0.0
2023-09-01 00:00:00+09:00,3025.0,3025.0,2965.0,2985.0,39947,0.0,0.0
2023-09-04 00:00:00+09:00,2955.0,3010.0,2950.0,2960.0,30213,0.0,0.0
2023-09-05 00:00:00+09:00,2930.0,3050.0,2925.0,3000.0,64233,0.0,0.0
2023-09-06 00:00:00+09:00,3005.0,3110.0,2985.0,3005.0,69070,0.0,0.0
2023-09-07 00:00:00+09:00,3000.0,3000.0,2900.0,2965.0,55047,0.0,0.0
2023-09-08 00:00:00+09:00,2940.0,2975.0,2910.0,2930.0,45605,0.0,0.0
2023-09-11 00:00:00+09:00,2940.0,3070.0,2935.0,3050.0,207816,0.0,0.0
2023-09-12 00:00:00+09:00,3000.0,3040.0,2900.0,2950.0,116465,0.0,0.0
2023-09-13 00:00:00+09:00,2990.0,2990.0,2820.0,2850.0,84017,0.0,0.0
2023-09-14 00:00:00+09:00,2825.0,2880.0,2815.0,2865.0,51404,0.0,0.0
2023-09-15 00:00:00+09:00,2865.0,3275.0,2865.0,3090.0,3380100,0.0,0.0
2023-09-18 00:00:00+09:00,3050.0,3155.0,3015.0,3145.0,665112,0.0,0.0
2023-09-19 00:00:00+09:00,3100.0,3110.0,2985.0,3050.0,341678,0.0,0.0
2023-09-20 00:00:00+09:00,3020.0,3055.0,2950.0,3000.0,200408,0.0,0.0
2023-09-21 00:00:00+09:00,2950.0,3020.0,2855.0,2895.0,194141,0.0,0.0
2023-09-22 00:00:00+09:00,2815.0,3550.0,2800.0,3305.0,13524307,0.0,0.0
2023-09-25 00:00:00+09:00,3370.0,3495.0,3060.0,3105.0,5213514,0.0,0.0
2023-09-26 00:00:00+09:00,3100.0,3845.0,3095.0,3465.0,22450218,0.0,0.0
2023-09-27 00:00:00+09:00,3375.0,3560.0,3310.0,3445.0,3581542,0.0,0.0
2023-10-04 00:00:00+09:00,3425.0,3740.0,3305.0,3450.0,7118609,0.0,0.0
2023-10-05 00:00:00+09:00,3530.0,3700.0,3325.0,3335.0,4428643,0.0,0.0
2023-10-06 00:00:00+09:00,3290.0,3500.0,3285.0,3460.0,983225,0.0,0.0
2023-10-10 00:00:00+09:00,3430.0,3515.0,3130.0,3210.0,849091,0.0,0.0
2023-10-11 00:00:00+09:00,3285.0,3720.0,3275.0,3555.0,7026350,0.0,0.0
2023-10-12 00:00:00+09:00,3510.0,3595.0,3455.0,3515.0,1122879,0.0,0.0
2023-10-13 00:00:00+09:00,3555.0,4165.0,3555.0,3605.0,24253465,0.0,0.0
2023-10-16 00:00:00+09:00,3530.0,3530.0,3300.0,3365.0,1796548,0.0,0.0
2023-10-17 00:00:00+09:00,3360.0,3620.0,3340.0,3440.0,2818591,0.0,0.0
2023-10-18 00:00:00+09:00,3385.0,3575.0,3270.0,3270.0,1036559,0.0,0.0
2023-10-19 00:00:00+09:00,3200.0,3225.0,3020.0,3020.0,611425,0.0,0.0
2023-10-20 00:00:00+09:00,2980.0,3170.0,2880.0,2900.0,1192759,0.0,0.0
2023-10-23 00:00:00+09:00,2850.0,3035.0,2800.0,2820.0,784671,0.0,0.0
2023-10-24 00:00:00+09:00,2865.0,3050.0,2770.0,3035.0,626332,0.0,0.0
2023-10-25 00:00:00+09:00,3035.0,3165.0,3005.0,3020.0,446023,0.0,0.0
2023-10-26 00:00:00+09:00,2925.0,2980.0,2830.0,2870.0,317683,0.0,0.0
2023-10-27 00:00:00+09:00,2885.0,2915.0,2795.0,2815.0,235541,0.0,0.0
2023-10-30 00:00:00+09:00,2815.0,3005.0,2815.0,2915.0,238094,0.0,0.0
2023-10-31 00:00:00+09:00,2950.0,2950.0,2815.0,2845.0,176821,0.0,0.0
2023-11-01 00:00:00+09:00,2850.0,2985.0,2850.0,2865.0,244791,0.0,0.0
2023-11-02 00:00:00+09:00,2900.0,2990.0,2900.0,2975.0,181491,0.0,0.0
2023-11-03 00:00:00+09:00,3045.0,3100.0,2990.0,3060.0,303839,0.0,0.0
2023-11-06 00:00:00+09:00,3075.0,3105.0,3030.0,3080.0,232279,0.0,0.0
2023-11-07 00:00:00+09:00,3105.0,3120.0,2965.0,3030.0,236522,0.0,0.0
2023-11-08 00:00:00+09:00,3035.0,3095.0,2990.0,3010.0,189424,0.0,0.0
2023-11-09 00:00:00+09:00,2980.0,3020.0,2910.0,2970.0,118857,0.0,0.0
2023-11-10 00:00:00+09:00,2930.0,2950.0,2840.0,2845.0,166734,0.0,0.0
2023-11-13 00:00:00+09:00,2850.0,2880.0,2780.0,2800.0,139869,0.0,0.0
2023-11-14 00:00:00+09:00,2790.0,2920.0,2790.0,2860.0,134895,0.0,0.0
2023-11-15 00:00:00+09:00,2935.0,2990.0,2900.0,2965.0,148589,0.0,0.0
2023-11-16 00:00:00+09:00,2975.0,2985.0,2925.0,2975.0,89968,0.0,0.0
2023-11-17 00:00:00+09:00,2930.0,2960.0,2820.0,2835.0,288905,0.0,0.0
2023-11-20 00:00:00+09:00,2840.0,2960.0,2840.0,2910.0,181628,0.0,0.0
2023-11-21 00:00:00+09:00,3095.0,3095.0,2950.0,2965.0,580901,0.0,0.0
2023-11-22 00:00:00+09:00,2935.0,3260.0,2895.0,3035.0,1713088,0.0,0.0
2023-11-23 00:00:00+09:00,3040.0,3075.0,2985.0,2985.0,238816,0.0,0.0
2023-11-24 00:00:00+09:00,2985.0,3280.0,2985.0,3070.0,1991624,0.0,0.0
2023-11-27 00:00:00+09:00,3050.0,3100.0,2995.0,3005.0,260547,0.0,0.0
2023-11-28 00:00:00+09:00,3020.0,3145.0,2910.0,2925.0,515550,0.0,0.0
2023-11-29 00:00:00+09:00,2920.0,2980.0,2880.0,2905.0,170860,0.0,0.0
2023-11-30 00:00:00+09:00,2905.0,3065.0,2880.0,3040.0,638666,0.0,0.0
2023-12-01 00:00:00+09:00,3050.0,3070.0,3010.0,3025.0,245133,0.0,0.0
2023-12-04 00:00:00+09:00,3025.0,3025.0,2950.0,3005.0,148703,0.0,0.0
2023-12-05 00:00:00+09:00,2990.0,3015.0,2920.0,2930.0,145410,0.0,0.0
2023-12-06 00:00:00+09:00,2920.0,2960.0,2905.0,2950.0,114823,0.0,0.0
2023-12-07 00:00:00+09:00,2925.0,2945.0,2900.0,2905.0,119031,0.0,0.0
2023-12-08 00:00:00+09:00,2930.0,2950.0,2900.0,2930.0,109062,0.0,0.0
2023-12-11 00:00:00+09:00,2930.0,3010.0,2925.0,2945.0,155438,0.0,0.0
2023-12-12 00:00:00+09:00,2935.0,2960.0,2920.0,2925.0,74384,0.0,0.0
2023-12-13 00:00:00+09:00,2935.0,2940.0,2860.0,2875.0,149368,0.0,0.0
2023-12-14 00:00:00+09:00,2890.0,2935.0,2860.0,2865.0,95748,0.0,0.0
2023-12-15 00:00:00+09:00,2885.0,2905.0,2860.0,2870.0,285100,0.0,0.0
2023-12-18 00:00:00+09:00,2970.0,3415.0,2970.0,3140.0,12270864,0.0,0.0
2023-12-19 00:00:00+09:00,3135.0,3415.0,3080.0,3250.0,6508498,0.0,0.0
2023-12-20 00:00:00+09:00,3210.0,3265.0,3160.0,3175.0,1012696,0.0,0.0
2023-12-21 00:00:00+09:00,3090.0,3185.0,3060.0,3130.0,786605,0.0,0.0
2023-12-22 00:00:00+09:00,3140.0,3140.0,3045.0,3055.0,486156,0.0,0.0
2023-12-26 00:00:00+09:00,3040.0,3045.0,2915.0,2915.0,419219,0.0,0.0
2023-12-27 00:00:00+09:00,2910.0,2980.0,2905.0,2915.0,212424,0.0,0.0
2023-12-28 00:00:00+09:00,2935.0,2950.0,2915.0,2940.0,129290,0.0,0.0
2024-01-02 00:00:00+09:00,2935.0,3010.0,2915.0,2985.0,164672,0.0,0.0
2024-01-03 00:00:00+09:00,2990.0,3005.0,2925.0,2990.0,121492,0.0,0.0
2024-01-04 00:00:00+09:00,2955.0,2990.0,2945.0,2960.0,146092,0.0,0.0
2024-01-05 00:00:00+09:00,2960.0,3140.0,2960.0,3060.0,679776,0.0,0.0
2024-01-08 00:00:00+09:00,3090.0,3240.0,3060.0,3200.0,1304368,0.0,0.0
2024-01-09 00:00:00+09:00,3210.0,3215.0,3130.0,3170.0,414515,0.0,0.0
2024-01-10 00:00:00+09:00,3205.0,3285.0,3070.0,3165.0,939861,0.0,0.0
2024-01-11 00:00:00+09:00,3165.0,3250.0,3135.0,3230.0,442984,0.0,0.0
2024-01-12 00:00:00+09:00,3240.0,3240.0,3115.0,3145.0,231676,0.0,0.0
2024-01-15 00:00:00+09:00,3145.0,3240.0,3120.0,3155.0,71904,0.0,0.0
2024-01-16 00:00:00+09:00,3120.0,3185.0,3090.0,3175.0,202951,0.0,0.0
2024-01-17 00:00:00+09:00,3170.0,3170.0,2975.0,2975.0,400730,0.0,0.0
2024-01-18 00:00:00+09:00,2950.0,3200.0,2930.0,3160.0,571823,0.0,0.0
2024-01-19 00:00:00+09:00,3240.0,3400.0,3190.0,3400.0,1674839,0.0,0.0
2024-01-22 00:00:00+09:00,3570.0,3640.0,3335.0,3540.0,4095141,0.0,0.0
2024-01-23 00:00:00+09:00,3460.0,4380.0,3360.0,3975.0,12845973,0.0,0.0
2024-01-24 00:00:00+09:00,4040.0,4050.0,3800.0,3850.0,1751124,0.0,0.0
2024-01-25 00:00:00+09:00,3805.0,3845.0,3560.0,3655.0,1454939,0.0,0.0
2024-01-26 00:00:00+09:00,3570.0,3785.0,3550.0,3705.0,858028,0.0,0.0
2024-01-29 00:00:00+09:00,3710.0,3850.0,3340.0,3465.0,1236774,0.0,0.0
2024-01-30 00:00:00+09:00,3420.0,3485.0,3220.0,3325.0,885371,0.0,0.0
2024-01-31 00:00:00+09:00,3265.0,3315.0,3125.0,3145.0,529294,0.0,0.0
2024-02-01 00:00:00+09:00,3110.0,3170.0,3030.0,3075.0,432897,0.0,0.0
2024-02-02 00:00:00+09:00,3095.0,3200.0,3090.0,3105.0,255497,0.0,0.0
2024-02-05 00:00:00+09:00,3100.0,3195.0,3060.0,3075.0,172076,0.0,0.0
2024-02-06 00:00:00+09:00,3050.0,3125.0,2995.0,3075.0,199020,0.0,0.0
2024-02-07 00:00:00+09:00,3070.0,3105.0,3000.0,3050.0,197402,0.0,0.0
2024-02-08 00:00:00+09:00,3050.0,3115.0,3035.0,3080.0,181148,0.0,0.0
2024-02-13 00:00:00+09:00,3065.0,3150.0,3065.0,3145.0,153821,0.0,0.0
2024-02-14 00:00:00+09:00,3095.0,3155.0,3075.0,3140.0,203363,0.0,0.0
2024-02-15 00:00:00+09:00,3175.0,3195.0,3125.0,3160.0,200046,0.0,0.0
2024-02-16 00:00:00+09:00,3165.0,3165.0,3105.0,3135.0,149692,0.0,0.0
2024-02-19 00:00:00+09:00,3125.0,3195.0,3120.0,3160.0,194462,0.0,0.0
2024-02-20 00:00:00+09:00,3160.0,3180.0,3100.0,3135.0,256972,0.0,0.0
2024-02-21 00:00:00+09:00,3130.0,3145.0,3030.0,3045.0,316041,0.0,0.0
2024-02-22 00:00:00+09:00,3075.0,3080.0,3040.0,3050.0,116858,0.0,0.0
2024-02-23 00:00:00+09:00,3100.0,3100.0,3010.0,3055.0,168893,0.0,0.0
2024-02-26 00:00:00+09:00,3080.0,3080.0,3010.0,3020.0,105234,0.0,0.0
2024-02-27 00:00:00+09:00,3020.0,3030.0,2950.0,2995.0,152218,0.0,0.0
2024-02-28 00:00:00+09:00,2995.0,3080.0,2960.0,2990.0,124282,0.0,0.0
2024-02-29 00:00:00+09:00,2965.0,3030.0,2880.0,2955.0,225737,0.0,0.0
2024-03-04 00:00:00+09:00,2980.0,2980.0,2900.0,2910.0,142058,0.0,0.0
2024-03-05 00:00:00+09:00,2910.0,2935.0,2880.0,2895.0,104853,0.0,0.0
2024-03-06 00:00:00+09:00,2860.0,3295.0,2860.0,2915.0,6734247,0.0,0.0
2024-03-07 00:00:00+09:00,2920.0,2935.0,2870.0,2895.0,349871,0.0,0.0
2024-03-08 00:00:00+09:00,2900.0,2930.0,2875.0,2875.0,134397,0.0,0.0
2024-03-11 00:00:00+09:00,2850.0,2890.0,2845.0,2865.0,105031,0.0,0.0
2024-03-12 00:00:00+09:00,2860.0,2890.0,2855.0,2875.0,75253,0.0,0.0
2024-03-13 00:00:00+09:00,2895.0,2965.0,2850.0,2930.0,387453,0.0,0.0
2024-03-14 00:00:00+09:00,2965.0,3035.0,2935.0,2980.0,393998,0.0,0.0
2024-03-15 00:00:00+09:00,3000.0,3000.0,2930.0,2945.0,136508,0.0,0.0
2024-03-18 00:00:00+09:00,2975.0,3095.0,2940.0,3010.0,502829,0.0,0.0
2024-03-19 00:00:00+09:00,3070.0,3150.0,3015.0,3100.0,644808,0.0,0.0
2024-03-20 00:00:00+09:00,3120.0,3130.0,3005.0,3010.0,251305,0.0,0.0
2024-03-21 00:00:00+09:00,2960.0,3020.0,2960.0,2970.0,170097,0.0,0.0
2024-03-22 00:00:00+09:00,2970.0,2985.0,2900.0,2915.0,204884,0.0,0.0
2024-03-25 00:00:00+09:00,2945.0,2945.0,2885.0,2920.0,92495,0.0,0.0
2024-03-26 00:00:00+09:00,2915.0,2945.0,2890.0,2935.0,97744,0.0,0.0
2024-03-27 00:00:00+09:00,2940.0,2955.0,2905.0,2915.0,110297,0.0,0.0
2024-03-28 00:00:00+09:00,2895.0,2980.0,2880.0,2935.0,164872,0.0,0.0
2024-03-29 00:00:00+09:00,2950.0,2980.0,2905.0,2905.0,96817,0.0,0.0
2024-04-01 00:00:00+09:00,2910.0,3085.0,2910.0,3065.0,578082,0.0,0.0
2024-04-02 00:00:00+09:00,3040.0,3040.0,2900.0,2945.0,297523,0.0,0.0
2024-04-03 00:00:00+09:00,2940.0,2945.0,2885.0,2885.0,130421,0.0,0.0
2024-04-04 00:00:00+09:00,2885.0,2930.0,2865.0,2890.0,164437,0.0,0.0
2024-04-05 00:00:00+09:00,2870.0,2890.0,2860.0,2885.0,79988,0.0,0.0
2024-04-08 00:00:00+09:00,2900.0,2915.0,2845.0,2870.0,67203,0.0,0.0
2024-04-09 00:00:00+09:00,2880.0,2885.0,2755.0,2765.0,246297,0.0,0.0
2024-04-11 00:00:00+09:00,2730.0,2785.0,2685.0,2775.0,78173,0.0,0.0
2024-04-12 00:00:00+09:00,2780.0,2835.0,2770.0,2770.0,68543,0.0,0.0
2024-04-15 00:00:00+09:00,2695.0,2790.0,2680.0,2780.0,47439,0.0,0.0
2024-04-16 00:00:00+09:00,2705.0,2775.0,2700.0,2710.0,77446,0.0,0.0
2024-04-17 00:00:00+09:00,2695.0,2780.0,2695.0,2720.0,57132,0.0,0.0
2024-04-18 00:00:00+09:00,2720.0,2790.0,2720.0,2790.0,43693,0.0,0.0
2024-04-19 00:00:00+09:00,2800.0,2800.0,2700.0,2750.0,66437,0.0,0.0
2024-04-22 00:00:00+09:00,2730.0,2770.0,2725.0,2755.0,49021,0.0,0.0
2024-04-23 00:00:00+09:00,2755.0,2780.0,2725.0,2725.0,33465,0.0,0.0
2024-04-24 00:00:00+09:00,2735.0,2785.0,2735.0,2780.0,41423,0.0,0.0
2024-04-25 00:00:00+09:00,2750.0,2795.0,2745.0,2750.0,36115,0.0,0.0
2024-04-26 00:00:00+09:00,2750.0,2860.0,2750.0,2820.0,134351,0.0,0.0
2024-04-29 00:00:00+09:00,2800.0,2845.0,2800.0,2810.0,36741,0.0,0.0
2024-04-30 00:00:00+09:00,2820.0,2855.0,2800.0,2800.0,47878,0.0,0.0
2024-05-02 00:00:00+09:00,2800.0,2805.0,2760.0,2800.0,26564,0.0,0.0
2024-05-03 00:00:00+09:00,2815.0,2840.0,2790.0,2790.0,32460,0.0,0.0
2024-05-07 00:00:00+09:00,2810.0,2840.0,2785.0,2810.0,57553,0.0,0.0
2024-05-08 00:00:00+09:00,2785.0,2840.0,2785.0,2815.0,35252,0.0,0.0
2024-05-09 00:00:00+09:00,2840.0,2935.0,2815.0,2815.0,192143,0.0,0.0
2024-05-10 00:00:00+09:00,2815.0,2855.0,2815.0,2835.0,49657,0.0,0.0
2024-05-13 00:00:00+09:00,2860.0,2870.0,2770.0,2820.0,76849,0.0,0.0
2024-05-14 00:00:00+09:00,2795.0,2905.0,2795.0,2860.0,117604,0.0,0.0
2024-05-16 00:00:00+09:00,2905.0,2905.0,2820.0,2820.0,68312,0.0,0.0
2024-05-17 00:00:00+09:00,2820.0,2855.0,2780.0,2785.0,57345,0.0,0.0
2024-05-20 00:00:00+09:00,2815.0,2815.0,2755.0,2765.0,35537,0.0,0.0
2024-05-21 00:00:00+09:00,2755.0,2775.0,2725.0,2730.0,39755,0.0,0.0
2024-05-22 00:00:00+09:00,2730.0,2780.0,2695.0,2725.0,52254,0.0,0.0
2024-05-23 00:00:00+09:00,2725.0,2910.0,2685.0,2780.0,198081,0.0,0.0
2024-05-24 00:00:00+09:00,2775.0,2800.0,2735.0,2735.0,32389,0.0,0.0
2024-05-27 00:00:00+09:00,2720.0,2750.0,2670.0,2690.0,99553,0.0,0.0
2024-05-28 00:00:00+09:00,2680.0,2740.0,2670.0,2690.0,31836,0.0,0.0
2024-05-29 00:00:00+09:00,2680.0,2730.0,2565.0,2575.0,168686,0.0,0.0
2024-05-30 00:00:00+09:00,2575.0,2575.0,2505.0,2530.0,97169,0.0,0.0
2024-05-31 00:00:00+09:00,2570.0,2590.0,2510.0,2580.0,32646,0.0,0.0
2024-06-03 00:00:00+09:00,2580.0,2645.0,2550.0,2645.0,56207,0.0,0.0
2024-06-04 00:00:00+09:00,2605.0,2655.0,2590.0,2635.0,17799,0.0,0.0
2024-06-05 00:00:00+09:00,2565.0,2630.0,2565.0,2580.0,46158,0.0,0.0
2024-06-07 00:00:00+09:00,2560.0,2610.0,2560.0,2610.0,30309,0.0,0.0
2024-06-10 00:00:00+09:00,2635.0,2635.0,2530.0,2605.0,27299,0.0,0.0
2024-06-11 00:00:00+09:00,2610.0,2610.0,2555.0,2575.0,25679,0.0,0.0
2024-06-12 00:00:00+09:00,2580.0,2580.0,2545.0,2560.0,26675,0.0,0.0
2024-06-13 00:00:00+09:00,2580.0,2580.0,2490.0,2510.0,93161,0.0,0.0
2024-06-14 00:00:00+09:00,2490.0,2535.0,2380.0,2390.0,150729,0.0,0.0
2024-06-17 00:00:00+09:00,2410.0,2410.0,2325.0,2325.0,56134,0.0,0.0
2024-06-18 00:00:00+09:00,2310.0,2350.0,2290.0,2310.0,53365,0.0,0.0
2024-06-19 00:00:00+09:00,2310.0,2335.0,2230.0,2245.0,103766,0.0,0.0
2024-06-20 00:00:00+09:00,2225.0,2270.0,2220.0,2260.0,30990,0.0,0.0
2024-06-21 00:00:00+09:00,2285.0,2315.0,2230.0,2230.0,58278,0.0,0.0
2024-06-24 00:00:00+09:00,2230.0,2270.0,2180.0,2230.0,50788,0.0,0.0
2024-06-25 00:00:00+09:00,2150.0,2235.0,2125.0,2170.0,113692,0.0,0.0
2024-06-26 00:00:00+09:00,2170.0,2195.0,2135.0,2140.0,30730,0.0,0.0
2024-06-27 00:00:00+09:00,2160.0,2175.0,2055.0,2055.0,55199,0.0,0.0
2024-06-28 00:00:00+09:00,2055.0,2105.0,2050.0,2105.0,82025,0.0,0.0
2024-07-01 00:00:00+09:00,2100.0,2135.0,2060.0,2075.0,43451,0.0,0.0
2024-07-02 00:00:00+09:00,2045.0,2295.0,2000.0,2210.0,297947,0.0,0.0
2024-07-03 00:00:00+09:00,2390.0,2390.0,2050.0,2105.0,364710,0.0,0.0
2024-07-04 00:00:00+09:00,2050.0,2110.0,2035.0,2045.0,63463,0.0,0.0
2024-07-05 00:00:00+09:00,2040.0,2050.0,2000.0,2005.0,95073,0.0,0.0
2024-07-08 00:00:00+09:00,2005.0,2375.0,1999.0,2165.0,967930,0.0,0.0
2024-07-09 00:00:00+09:00,2170.0,2170.0,2100.0,2120.0,54326,0.0,0.0
2024-07-10 00:00:00+09:00,2120.0,2130.0,2025.0,2120.0,41939,0.0,0.0
2024-07-11 00:00:00+09:00,2100.0,2140.0,2095.0,2095.0,23982,0.0,0.0
2024-07-12 00:00:00+09:00,2095.0,2140.0,2070.0,2125.0,20320,0.0,0.0
2024-07-15 00:00:00+09:00,2125.0,2150.0,2095.0,2150.0,18786,0.0,0.0
2024-07-16 00:00:00+09:00,2150.0,2260.0,2120.0,2215.0,101521,0.0,0.0
2024-07-17 00:00:00+09:00,2215.0,2245.0,2165.0,2190.0,59811,0.0,0.0
2024-07-18 00:00:00+09:00,2145.0,2190.0,2090.0,2145.0,38473,0.0,0.0
2024-07-19 00:00:00+09:00,2125.0,2160.0,2090.0,2145.0,30585,0.0,0.0
2024-07-22 00:00:00+09:00,2120.0,2150.0,2050.0,2085.0,23440,0.0,0.0
2024-07-23 00:00:00+09:00,2085.0,2100.0,2050.0,2055.0,18021,0.0,0.0
2024-07-24 00:00:00+09:00,2020.0,2145.0,2020.0,2070.0,27373,0.0,0.0
2024-07-25 00:00:00+09:00,2055.0,2090.0,2000.0,2075.0,24928,0.0,0.0
2024-07-26 00:00:00+09:00,2050.0,2070.0,2000.0,2005.0,69088,0.0,0.0
2024-07-29 00:00:00+09:00,2005.0,2035.0,2005.0,2030.0,20509,0.0,0.0
2024-07-30 00:00:00+09:00,2030.0,2030.0,1980.0,1993.0,46193,0.0,0.0
2024-07-31 00:00:00+09:00,1993.0,1993.0,1958.0,1960.0,40205,0.0,0.0
2024-08-01 00:00:00+09:00,1960.0,2250.0,1958.0,1984.0,446698,0.0,0.0
2024-08-02 00:00:00+09:00,1984.0,1988.0,1912.0,1912.0,83034,0.0,0.0
2024-08-05 00:00:00+09:00,1910.0,1910.0,1499.0,1620.0,190740,0.0,0.0
2024-08-06 00:00:00+09:00,1620.0,1782.0,1620.0,1782.0,112405,0.0,0.0
2024-08-07 00:00:00+09:00,1719.0,1723.0,1682.0,1715.0,54665,0.0,0.0
2024-08-08 00:00:00+09:00,1669.0,1713.0,1669.0,1700.0,22591,0.0,0.0
2024-08-09 00:00:00+09:00,1689.0,1768.0,1689.0,1759.0,30928,0.0,0.0
2024-08-12 00:00:00+09:00,1759.0,1788.0,1750.0,1775.0,16662,0.0,0.0
2024-08-13 00:00:00+09:00,1757.0,1828.0,1733.0,1826.0,35730,0.0,0.0
2024-08-14 00:00:00+09:00,1819.0,1899.0,1819.0,1899.0,29997,0.0,0.0
2024-08-16 00:00:00+09:00,1900.0,1920.0,1861.0,1920.0,33832,0.0,0.0
2024-08-19 00:00:00+09:00,1920.0,1940.0,1914.0,1938.0,17638,0.0,0.0
2024-08-20 00:00:00+09:00,1918.0,1987.0,1900.0,1948.0,29944,0.0,0.0
2024-08-21 00:00:00+09:00,1947.0,1962.0,1896.0,1962.0,23534,0.0,0.0
2024-08-22 00:00:00+09:00,1954.0,1977.0,1954.0,1969.0,19010,0.0,0.0
2024-08-23 00:00:00+09:00,1965.0,1969.0,1907.0,1953.0,7934,0.0,0.0
2024-08-26 00:00:00+09:00,1943.0,1944.0,1915.0,1929.0,6502,0.0,0.0
2024-08-27 00:00:00+09:00,1873.0,2150.0,1873.0,1950.0,521234,0.0,0.0
2024-08-28 00:00:00+09:00,1950.0,1970.0,1911.0,1911.0,40602,0.0,0.0
2024-08-29 00:00:00+09:00,1842.0,1940.0,1842.0,1905.0,30879,0.0,0.0
2024-08-30 00:00:00+09:00,1885.0,1919.0,1883.0,1901.0,23432,0.0,0.0
2024-09-02 00:00:00+09:00,1901.0,1901.0,1880.0,1898.0,12298,0.0,0.0
2024-09-03 00:00:00+09:00,1884.0,1898.0,1850.0,1890.0,13210,0.0,0.0
2024-09-04 00:00:00+09:00,1861.0,1861.0,1756.0,1815.0,41154,0.0,0.0
2024-09-05 00:00:00+09:00,1811.0,1833.0,1740.0,1812.0,30988,0.0,0.0
2024-09-06 00:00:00+09:00,1749.0,1782.0,1734.0,1738.0,19192,0.0,0.0
2024-09-09 00:00:00+09:00,1735.0,1735.0,1645.0,1704.0,34109,0.0,0.0
2024-09-10 00:00:00+09:00,1704.0,2065.0,1704.0,1772.0,1773229,0.0,0.0
2024-09-11 00:00:00+09:00,1810.0,1810.0,1732.0,1732.0,92126,0.0,0.0
2024-09-12 00:00:00+09:00,1765.0,1807.0,1750.0,1790.0,40964,0.0,0.0
2024-09-13 00:00:00+09:00,1772.0,1808.0,1772.0,1791.0,16372,0.0,0.0
2024-09-19 00:00:00+09:00,1791.0,1810.0,1775.0,1791.0,25299,0.0,0.0
2024-09-20 00:00:00+09:00,1810.0,1896.0,1802.0,1802.0,62928,0.0,0.0
2024-09-23 00:00:00+09:00,1809.0,1851.0,1800.0,1811.0,20402,0.0,0.0
2024-09-24 00:00:00+09:00,1814.0,1860.0,1814.0,1830.0,16417,0.0,0.0
2024-09-25 00:00:00+09:00,1831.0,2100.0,1830.0,1844.0,650944,0.0,0.0
2024-09-26 00:00:00+09:00,1844.0,1905.0,1844.0,1905.0,53467,0.0,0.0
2024-09-27 00:00:00+09:00,1893.0,1906.0,1869.0,1871.0,41308,0.0,0.0
2024-09-30 00:00:00+09:00,1920.0,1920.0,1770.0,1839.0,30320,0.0,0.0
2024-10-02 00:00:00+09:00,1822.0,1839.0,1790.0,1790.0,13019,0.0,0.0
2024-10-04 00:00:00+09:00,1790.0,1817.0,1782.0,1790.0,16977,0.0,0.0
2024-10-07 00:00:00+09:00,1766.0,1806.0,1766.0,1800.0,28146,0.0,0.0
2024-10-08 00:00:00+09:00,1800.0,1811.0,1772.0,1784.0,17691,0.0,0.0
2024-10-10 00:00:00+09:00,1784.0,1799.0,1765.0,1789.0,20014,0.0,0.0
2024-10-11 00:00:00+09:00,1791.0,1801.0,1786.0,1789.0,7527,0.0,0.0
2024-10-14 00:00:00+09:00,1803.0,1803.0,1767.0,1776.0,36532,0.0,0.0
2024-10-15 00:00:00+09:00,1776.0,1801.0,1775.0,1787.0,22465,0.0,0.0
2024-10-16 00:00:00+09:00,1787.0,1797.0,1766.0,1766.0,8472,0.0,0.0
2024-10-17 00:00:00+09:00,1767.0,1784.0,1750.0,1769.0,31191,0.0,0.0
2024-10-18 00:00:00+09:00,1832.0,1832.0,1731.0,1745.0,26383,0.0,0.0
2024-10-21 00:00:00+09:00,1745.0,1748.0,1730.0,1745.0,9745,0.0,0.0
2024-10-22 00:00:00+09:00,1713.0,1730.0,1671.0,1671.0,34479,0.0,0.0
2024-10-23 00:00:00+09:00,1671.0,1780.0,1627.0,1780.0,17726,0.0,0.0
2024-10-24 00:00:00+09:00,1727.0,1742.0,1680.0,1680.0,18592,0.0,0.0
2024-10-25 00:00:00+09:00,1680.0,1709.0,1650.0,1690.0,15165,0.0,0.0
2024-10-28 00:00:00+09:00,1673.0,1686.0,1651.0,1680.0,14657,0.0,0.0
2024-10-29 00:00:00+09:00,1680.0,1688.0,1625.0,1645.0,20821,0.0,0.0
2024-10-30 00:00:00+09:00,1645.0,1660.0,1637.0,1649.0,10066,0.0,0.0
2024-10-31 00:00:00+09:00,1649.0,1664.0,1624.0,1657.0,8311,0.0,0.0
2024-11-01 00:00:00+09:00,1656.0,1656.0,1619.0,1640.0,4616,0.0,0.0
2024-11-04 00:00:00+09:00,1601.0,1658.0,1601.0,1651.0,8079,0.0,0.0
2024-11-05 00:00:00+09:00,1664.0,1695.0,1651.0,1660.0,12755,0.0,0.0
2024-11-06 00:00:00+09:00,1650.0,1684.0,1621.0,1642.0,14383,0.0,0.0
2024-11-07 00:00:00+09:00,1625.0,1652.0,1620.0,1642.0,9490,0.0,0.0
2024-11-08 00:00:00+09:00,1621.0,1750.0,1621.0,1707.0,23206,0.0,0.0
2024-11-11 00:00:00+09:00,1707.0,1720.0,1585.0,1687.0,58189,0.0,0.0
2024-11-12 00:00:00+09:00,1687.0,1698.0,1546.0,1579.0,41949,0.0,0.0
2024-11-13 00:00:00+09:00,1573.0,1599.0,1416.0,1416.0,86270,0.0,0.0
2024-11-14 00:00:00+09:00,1417.0,1505.0,1409.0,1505.0,42049,0.0,0.0
2024-11-15 00:00:00+09:00,1449.0,1530.0,1430.0,1488.0,31612,0.0,0.0
2024-11-18 00:00:00+09:00,1488.0,1530.0,1481.0,1522.0,11976,0.0,0.0
2024-11-19 00:00:00+09:00,1522.0,1564.0,1514.0,1559.0,7950,0.0,0.0
2024-11-20 00:00:00+09:00,1559.0,1598.0,1559.0,1581.0,4938,0.0,0.0
2024-11-21 00:00:00+09:00,1580.0,1580.0,1490.0,1550.0,23450,0.0,0.0
2024-11-22 00:00:00+09:00,1545.0,1585.0,1491.0,1530.0,25153,0.0,0.0
2024-11-25 00:00:00+09:00,1530.0,1599.0,1530.0,1559.0,11289,0.0,0.0
2024-11-26 00:00:00+09:00,1551.0,1635.0,1540.0,1589.0,29493,0.0,0.0
2024-11-27 00:00:00+09:00,1630.0,2065.0,1589.0,2065.0,2061493,0.0,0.0
2024-11-28 00:00:00+09:00,2300.0,2590.0,2155.0,2490.0,14879852,0.0,0.0
2024-11-29 00:00:00+09:00,2400.0,2935.0,2385.0,2700.0,12219759,0.0,0.0
2024-12-02 00:00:00+09:00,2625.0,2665.0,2405.0,2510.0,1394998,0.0,0.0
2024-12-03 00:00:00+09:00,2460.0,2535.0,2330.0,2450.0,1122172,0.0,0.0
2024-12-04 00:00:00+09:00,2345.0,2395.0,2215.0,2280.0,639564,0.0,0.0
2024-12-05 00:00:00+09:00,2340.0,2395.0,2230.0,2335.0,920420,0.0,0.0
2024-12-06 00:00:00+09:00,2340.0,2405.0,2045.0,2115.0,632674,0.0,0.0
2024-12-09 00:00:00+09:00,2020.0,2060.0,1850.0,1902.0,500539,0.0,0.0
2024-12-10 00:00:00+09:00,1902.0,2045.0,1807.0,2010.0,568329,0.0,0.0
2024-12-11 00:00:00+09:00,1981.0,2215.0,1965.0,2200.0,889241,0.0,0.0
2024-12-12 00:00:00+09:00,2255.0,2260.0,2145.0,2145.0,235138,0.0,0.0
2024-12-13 00:00:00+09:00,2220.0,2310.0,2155.0,2290.0,547465,0.0,0.0
2024-12-16 00:00:00+09:00,2330.0,2330.0,2065.0,2165.0,444566,0.0,0.0
2024-12-17 00:00:00+09:00,2165.0,2230.0,2075.0,2100.0,315123,0.0,0.0
2024-12-18 00:00:00+09:00,2100.0,2180.0,1999.0,1999.0,271963,0.0,0.0
2024-12-19 00:00:00+09:00,1991.0,2030.0,1896.0,1931.0,173274,0.0,0.0
2024-12-20 00:00:00+09:00,1912.0,1944.0,1820.0,1842.0,163101,0.0,0.0
2024-12-23 00:00:00+09:00,1846.0,2175.0,1846.0,1976.0,2974519,0.0,0.0
2024-12-24 00:00:00+09:00,1940.0,1955.0,1749.0,1763.0,565094,0.0,0.0
2024-12-26 00:00:00+09:00,1798.0,1802.0,1739.0,1762.0,136755,0.0,0.0
2024-12-27 00:00:00+09:00,1800.0,1800.0,1635.0,1680.0,129437,0.0,0.0
2024-12-30 00:00:00+09:00,1630.0,1800.0,1630.0,1767.0,115255,0.0,0.0
2025-01-02 00:00:00+09:00,1814.0,1817.0,1770.0,1817.0,96680,0.0,0.0
2025-01-03 00:00:00+09:00,1817.0,1831.0,1785.0,1825.0,61268,0.0,0.0
2025-01-06 00:00:00+09:00,1840.0,1898.0,1817.0,1885.0,135627,0.0,0.0
2025-01-07 00:00:00+09:00,1885.0,1900.0,1847.0,1885.0,92322,0.0,0.0
2025-01-08 00:00:00+09:00,1879.0,1885.0,1839.0,1858.0,68188,0.0,0.0
2025-01-09 00:00:00+09:00,1850.0,1858.0,1728.0,1779.0,351243,0.0,0.0
2025-01-10 00:00:00+09:00,1779.0,1813.0,1706.0,1780.0,79146,0.0,0.0
2025-01-13 00:00:00+09:00,1747.0,1767.0,1725.0,1754.0,60469,0.0,0.0
2025-01-14 00:00:00+09:00,1736.0,1789.0,1730.0,1789.0,59753,0.0,0.0
2025-01-15 00:00:00+09:00,1800.0,1813.0,1715.0,1739.0,101879,0.0,0.0
2025-01-16 00:00:00+09:00,1739.0,1772.0,1717.0,1720.0,58001,0.0,0.0
2025-01-17 00:00:00+09:00,1740.0,1740.0,1648.0,1656.0,123508,0.0,0.0
2025-01-20 00:00:00+09:00,1657.0,1714.0,1657.0,1710.0,52043,0.0,0.0
2025-01-21 00:00:00+09:00,1720.0,1728.0,1665.0,1715.0,30873,0.0,0.0
2025-01-22 00:00:00+09:00,1723.0,1769.0,1669.0,1680.0,82483,0.0,0.0
2025-01-23 00:00:00+09:00,1703.0,1705.0,1636.0,1654.0,65784,0.0,0.0
2025-01-24 00:00:00+09:00,1678.0,1678.0,1627.0,1647.0,36588,0.0,0.0
2025-01-31 00:00:00+09:00,1649.0,1780.0,1625.0,1670.0,242052,0.0,0.0
2025-02-03 00:00:00+09:00,1670.0,1685.0,1544.0,1622.0,81480,0.0,0.0
2025-02-04 00:00:00+09:00,1611.0,1666.0,1604.0,1631.0,60431,0.0,0.0
2025-02-05 00:00:00+09:00,1659.0,1857.0,1645.0,1744.0,776704,0.0,0.0
2025-02-06 00:00:00+09:00,1746.0,1783.0,1695.0,1708.0,145369,0.0,0.0
2025-02-07 00:00:00+09:00,1725.0,1725.0,1676.0,1676.0,42405,0.0,0.0
2025-02-10 00:00:00+09:00,1677.0,1721.0,1640.0,1720.0,71746,0.0,0.0
2025-02-11 00:00:00+09:00,1714.0,1714.0,1650.0,1665.0,54168,0.0,0.0
2025-02-12 00:00:00+09:00,1669.0,1703.0,1625.0,1638.0,86733,0.0,0.0
2025-02-13 00:00:00+09:00,1638.0,1652.0,1623.0,1637.0,60877,0.0,0.0
2025-02-14 00:00:00+09:00,1625.0,1678.0,1625.0,1637.0,48899,0.0,0.0
2025-02-17 00:00:00+09:00,1635.0,1690.0,1620.0,1654.0,87449,0.0,0.0
2025-02-18 00:00:00+09:00,1640.0,1697.0,1630.0,1696.0,66613,0.0,0.0
2025-02-19 00:00:00+09:00,1715.0,1720.0,1603.0,1645.0,102310,0.0,0.0
2025-02-20 00:00:00+09:00,1635.0,1662.0,1616.0,1636.0,63205,0.0,0.0
2025-02-21 00:00:00+09:00,1627.0,1650.0,1618.0,1618.0,58174,0.0,0.0
2025-02-24 00:00:00+09:00,1610.0,1617.0,1568.0,1598.0,76866,0.0,0.0
2025-02-25 00:00:00+09:00,1572.0,1590.0,1560.0,1570.0,43709,0.0,0.0
2025-02-26 00:00:00+09:00,1570.0,1590.0,1546.0,1546.0,15790,0.0,0.0
2025-02-27 00:00:00+09:00,1562.0,1585.0,1547.0,1557.0,19526,0.0,0.0
2025-02-28 00:00:00+09:00,1557.0,1557.0,1495.0,1495.0,56741,0.0,0.0
2025-03-04 00:00:00+09:00,1515.0,1515.0,1431.0,1478.0,43676,0.0,0.0
2025-03-05 00:00:00+09:00,1478.0,1485.0,1440.0,1484.0,36758,0.0,0.0
2025-03-06 00:00:00+09:00,1519.0,1519.0,1468.0,1479.0,28262,0.0,0.0
2025-03-07 00:00:00+09:00,1462.0,1518.0,1462.0,1475.0,58976,0.0,0.0
2025-03-10 00:00:00+09:00,1508.0,1508.0,1462.0,1481.0,46688,0.0,0.0
2025-03-11 00:00:00+09:00,1455.0,1500.0,1430.0,1500.0,44226,0.0,0.0
2025-03-12 00:00:00+09:00,1491.0,1509.0,1475.0,1480.0,63130,0.0,0.0
2025-03-13 00:00:00+09:00,1488.0,1520.0,1461.0,1461.0,31491,0.0,0.0
2025-03-14 00:00:00+09:00,1459.0,1519.0,1458.0,1518.0,103358,0.0,0.0
2025-03-17 00:00:00+09:00,1540.0,1540.0,1493.0,1501.0,28236,0.0,0.0
2025-03-18 00:00:00+09:00,1520.0,1520.0,1470.0,1475.0,18234,0.0,0.0
2025-03-19 00:00:00+09:00,1462.0,1499.0,1462.0,1469.0,18529,0.0,0.0
2025-03-20 00:00:00+09:00,1489.0,1500.0,1450.0,1455.0,19791,0.0,0.0
2025-03-21 00:00:00+09:00,1456.0,1466.0,1410.0,1422.0,37663,0.0,0.0
2025-03-24 00:00:00+09:00,1410.0,1493.0,1401.0,1418.0,33526,0.0,0.0
2025-03-25 00:00:00+09:00,1414.0,1471.0,1411.0,1450.0,21337,0.0,0.0
2025-03-26 00:00:00+09:00,1450.0,1452.0,1425.0,1427.0,12863,0.0,0.0
2025-03-27 00:00:00+09:00,1435.0,1449.0,1400.0,1407.0,22276,0.0,0.0
2025-03-28 00:00:00+09:00,1390.0,1390.0,1355.0,1390.0,23456,0.0,0.0
2025-03-31 00:00:00+09:00,1459.0,1459.0,1346.0,1373.0,40755,0.0,0.0
2025-04-01 00:00:00+09:00,1373.0,1437.0,1361.0,1437.0,44627,0.0,0.0
2025-04-02 00:00:00+09:00,1440.0,1452.0,1350.0,1353.0,29100,0.0,0.0
2025-04-03 00:00:00+09:00,1342.0,1363.0,1338.0,1353.0,8516,0.0,0.0
2025-04-04 00:00:00+09:00,1353.0,1380.0,1325.0,1354.0,15702,0.0,0.0
2025-04-07 00:00:00+09:00,1400.0,1545.0,1280.0,1282.0,502017,0.0,0.0
2025-04-08 00:00:00+09:00,1333.0,1335.0,1284.0,1314.0,44699,0.0,0.0
2025-04-09 00:00:00+09:00,1300.0,1369.0,1280.0,1350.0,67961,0.0,0.0
2025-04-10 00:00:00+09:00,1364.0,1755.0,1357.0,1755.0,3277466,0.0,0.0
2025-04-11 00:00:00+09:00,1957.0,2280.0,1950.0,2280.0,3752539,0.0,0.0
2025-04-14 00:00:00+09:00,2960.0,2960.0,2960.0,2960.0,1203375,0.0,0.0
2025-04-15 00:00:00+09:00,3545.0,3795.0,2560.0,2630.0,7979646,0.0,0.0
2025-04-16 00:00:00+09:00,2700.0,2730.0,2385.0,2420.0,2083510,0.0,0.0
2025-04-17 00:00:00+09:00,2420.0,2465.0,2180.0,2305.0,1692338,0.0,0.0
2025-04-18 00:00:00+09:00,2260.0,2400.0,2140.0,2345.0,1396283,0.0,0.0
2025-04-21 00:00:00+09:00,2315.0,2545.0,2275.0,2360.0,1126543,0.0,0.0
2025-04-22 00:00:00+09:00,2385.0,2400.0,2015.0,2050.0,950440,0.0,0.0
2025-04-23 00:00:00+09:00,2130.0,2130.0,1925.0,2005.0,847560,0.0,0.0
2025-04-24 00:00:00+09:00,2055.0,2065.0,1961.0,1981.0,227766,0.0,0.0
2025-04-25 00:00:00+09:00,1988.0,2105.0,1975.0,2060.0,404696,0.0,0.0
2025-04-28 00:00:00+09:00,2090.0,2090.0,1870.0,1878.0,471598,0.0,0.0
2025-04-29 00:00:00+09:00,1902.0,2350.0,1840.0,1981.0,1999844,0.0,0.0
2025-04-30 00:00:00+09:00,1975.0,2090.0,1810.0,1914.0,1171190,0.0,0.0
2025-05-02 00:00:00+09:00,1851.0,1898.0,1743.0,1839.0,413934,0.0,0.0
2025-05-07 00:00:00+09:00,1820.0,1973.0,1793.0,1946.0,590619,0.0,0.0
2025-05-08 00:00:00+09:00,1926.0,1979.0,1856.0,1945.0,359434,0.0,0.0
2025-05-09 00:00:00+09:00,1911.0,2525.0,1831.0,2525.0,4103655,0.0,0.0
2025-05-12 00:00:00+09:00,2770.0,3240.0,2440.0,2870.0,29049039,0.0,0.0
2025-05-13 00:00:00+09:00,2870.0,3460.0,2835.0,2875.0,21364518,0.0,0.0
2025-05-14 00:00:00+09:00,2860.0,2910.0,2590.0,2610.0,2274754,0.0,0.0
2025-05-15 00:00:00+09:00,2665.0,3030.0,2470.0,2510.0,9545685,0.0,0.0
2025-05-16 00:00:00+09:00,2460.0,2570.0,2315.0,2330.0,1135954,0.0,0.0
2025-05-19 00:00:00+09:00,2300.0,2320.0,2110.0,2165.0,714257,0.0,0.0
2025-05-20 00:00:00+09:00,2190.0,2335.0,2115.0,2130.0,875128,0.0,0.0
2025-05-21 00:00:00+09:00,2150.0,2615.0,2110.0,2310.0,11547113,0.0,0.0
2025-05-22 00:00:00+09:00,2230.0,2635.0,2200.0,2360.0,5918919,0.0,0.0
2025-05-23 00:00:00+09:00,2335.0,2625.0,2320.0,2350.0,5610180,0.0,0.0
2025-05-26 00:00:00+09:00,2345.0,2480.0,2150.0,2210.0,1747452,0.0,0.0
2025-05-27 00:00:00+09:00,2280.0,2565.0,2270.0,2340.0,3341684,0.0,0.0
2025-05-28 00:00:00+09:00,2350.0,2530.0,2320.0,2370.0,1667946,0.0,0.0
2025-05-29 00:00:00+09:00,2445.0,2795.0,2415.0,2500.0,8720632,0.0,0.0
2025-05-30 00:00:00+09:00,2500.0,2520.0,2400.0,2400.0,796321,0.0,0.0
2025-06-02 00:00:00+09:00,2435.0,2690.0,2410.0,2525.0,5317559,0.0,0.0
2025-06-04 00:00:00+09:00,2650.0,2990.0,2460.0,2755.0,15386747,0.0,0.0
2025-06-05 00:00:00+09:00,2790.0,2970.0,2695.0,2720.0,5406529,0.0,0.0
2025-06-09 00:00:00+09:00,2760.0,2870.0,2685.0,2700.0,1530251,0.0,0.0
2025-06-10 00:00:00+09:00,2680.0,2680.0,2520.0,2525.0,775066,0.0,0.0
2025-06-11 00:00:00+09:00,2500.0,2575.0,2455.0,2520.0,398296,0.0,0.0
2025-06-12 00:00:00+09:00,2510.0,2530.0,2405.0,2445.0,366476,0.0,0.0
2025-06-13 00:00:00+09:00,2470.0,2475.0,2340.0,2360.0,341822,0.0,0.0
2025-06-16 00:00:00+09:00,2430.0,2485.0,2370.0,2445.0,311417,0.0,0.0
2025-06-17 00:00:00+09:00,2445.0,2455.0,2325.0,2375.0,232461,0.0,0.0
2025-06-18 00:00:00+09:00,2375.0,2700.0,2345.0,2560.0,2471455,0.0,0.0
2025-06-19 00:00:00+09:00,2550.0,2570.0,2475.0,2525.0,471780,0.0,0.0
2025-06-20 00:00:00+09:00,2525.0,2525.0,2395.0,2455.0,319298,0.0,0.0
2025-06-23 00:00:00+09:00,2450.0,2470.0,2340.0,2430.0,236875,0.0,0.0
2025-06-24 00:00:00+09:00,2445.0,2520.0,2385.0,2465.0,295331,0.0,0.0
2025-06-25 00:00:00+09:00,2470.0,2480.0,2355.0,2370.0,294814,0.0,0.0
2025-06-26 00:00:00+09:00,2370.0,2395.0,2290.0,2320.0,168462,0.0,0.0
2025-06-27 00:00:00+09:00,2320.0,2830.0,2295.0,2410.0,7325886,0.0,0.0
2025-06-30 00:00:00+09:00,2320.0,2375.0,2220.0,2220.0,731946,0.0,0.0
2025-07-01 00:00:00+09:00,2225.0,2255.0,2190.0,2190.0,212881,0.0,0.0
2025-07-02 00:00:00+09:00,2195.0,2305.0,2110.0,2185.0,432996,0.0,0.0
2025-07-03 00:00:00+09:00,2190.0,2250.0,2175.0,2185.0,150121,0.0,0.0
2025-07-04 00:00:00+09:00,2170.0,2305.0,2130.0,2220.0,269839,0.0,0.0
2025-07-07 00:00:00+09:00,2200.0,2345.0,2180.0,2275.0,392428,0.0,0.0
2025-07-08 00:00:00+09:00,2280.0,2415.0,2210.0,2285.0,199326,0.0,0.0
2025-07-09 00:00:00+09:00,2285.0,2335.0,2200.0,2260.0,189082,0.0,0.0
2025-07-10 00:00:00+09:00,2250.0,2290.0,2195.0,2240.0,206834,0.0,0.0
2025-07-11 00:00:00+09:00,2240.0,2285.0,2215.0,2260.0,86946,0.0,0.0
2025-07-14 00:00:00+09:00,2260.0,2285.0,2200.0,2245.0,87440,0.0,0.0
2025-07-15 00:00:00+09:00,2250.0,2255.0,2190.0,2235.0,76368,0.0,0.0
2025-07-16 00:00:00+09:00,2240.0,2250.0,2195.0,2230.0,88785,0.0,0.0
2025-07-17 00:00:00+09:00,2205.0,2350.0,2185.0,2230.0,150113,0.0,0.0
2025-07-18 00:00:00+09:00,2255.0,2295.0,2185.0,2190.0,114653,0.0,0.0
2025-07-21 00:00:00+09:00,2190.0,2195.0,2135.0,2170.0,60718,0.0,0.0
2025-07-22 00:00:00+09:00,2150.0,2190.0,2100.0,2165.0,125142,0.0,0.0
2025-07-23 00:00:00+09:00,2165.0,2165.0,2070.0,2090.0,91896,0.0,0.0
2025-07-24 00:00:00+09:00,2090.0,2120.0,2020.0,2075.0,57894,0.0,0.0
2025-07-25 00:00:00+09:00,2070.0,2200.0,2040.0,2095.0,152319,0.0,0.0
2025-07-28 00:00:00+09:00,2095.0,2145.0,2060.0,2110.0,41341,0.0,0.0
2025-07-29 00:00:00+09:00,2110.0,2145.0,2065.0,2120.0,79881,0.0,0.0
2025-07-30 00:00:00+09:00,2120.0,2170.0,2100.0,2105.0,64010,0.0,0.0
2025-07-31 00:00:00+09:00,2105.0,2155.0,2085.0,2145.0,51517,0.0,0.0
2025-08-01 00:00:00+09:00,2145.0,2190.0,2055.0,2060.0,97386,0.0,0.0
2025-08-04 00:00:00+09:00,2055.0,2675.0,2020.0,2415.0,11429996,0.0,0.0
2025-08-05 00:00:00+09:00,2400.0,2530.0,2340.0,2440.0,3946795,0.0,0.0
2025-08-06 00:00:00+09:00,2440.0,2490.0,2340.0,2345.0,741877,0.0,0.0
2025-08-07 00:00:00+09:00,2325.0,2395.0,2260.0,2290.0,460407,0.0,0.0
2025-08-08 00:00:00+09:00,2290.0,2315.0,2240.0,2270.0,213042,0.0,0.0
2025-08-11 00:00:00+09:00,2275.0,2480.0,2205.0,2430.0,1307097,0.0,0.0
2025-08-12 00:00:00+09:00,2440.0,2485.0,2350.0,2370.0,615165,0.0,0.0
2025-08-13 00:00:00+09:00,2385.0,2445.0,2335.0,2350.0,254047,0.0,0.0
2025-08-14 00:00:00+09:00,2440.0,2490.0,2310.0,2310.0,226073,0.0,0.0
2025-08-18 00:00:00+09:00,2285.0,2330.0,2240.0,2275.0,142634,0.0,0.0
2025-08-19 00:00:00+09:00,2285.0,2330.0,2250.0,2265.0,112220,0.0,0.0
2025-08-20 00:00:00+09:00,2240.0,2260.0,2150.0,2200.0,291743,0.0,0.0
2025-08-21 00:00:00+09:00,2185.0,2280.0,2185.0,2240.0,96198,0.0,0.0
2025-08-22 00:00:00+09:00,2225.0,2280.0,2190.0,2200.0,76052,0.0,0.0
2025-08-25 00:00:00+09:00,2200.0,2305.0,2200.0,2220.0,97618,0.0,0.0
2025-08-26 00:00:00+09:00,2220.0,2255.0,2180.0,2180.0,74150,0.0,0.0
2025-08-27 00:00:00+09:00,2185.0,2220.0,2165.0,2170.0,57949,0.0,0.0
2025-08-28 00:00:00+09:00,2170.0,2185.0,2150.0,2165.0,68202,0.0,0.0
2025-08-29 00:00:00+09:00,2175.0,2210.0,2160.0,2175.0,50101,0.0,0.0
2025-09-01 00:00:00+09:00,2155.0,2200.0,2075.0,2090.0,89787,0.0,0.0
2025-09-02 00:00:00+09:00,2175.0,2305.0,2100.0,2190.0,273190,0.0,0.0
2025-09-03 00:00:00+09:00,2190.0,2195.0,2140.0,2145.0,67316,0.0,0.0
2025-09-04 00:00:00+09:00,2150.0,2225.0,2150.0,2160.0,56462,0.0,0.0
2025-09-05 00:00:00+09:00,2160.0,2215.0,2140.0,2165.0,99054,0.0,0.0
2025-09-08 00:00:00+09:00,2185.0,2300.0,2185.0,2225.0,191863,0.0,0.0
2025-09-09 00:00:00+09:00,2240.0,2255.0,2160.0,2220.0,110573,0.0,0.0
2025-09-10 00:00:00+09:00,2240.0,2295.0,2225.0,2255.0,94308,0.0,0.0
2025-09-11 00:00:00+09:00,2270.0,2350.0,2230.0,2235.0,248433,0.0,0.0
2025-09-12 00:00:00+09:00,2245.0,2355.0,2235.0,2280.0,207903,0.0,0.0
2025-09-15 00:00:00+09:00,2305.0,2310.0,2210.0,2250.0,111320,0.0,0.0
2025-09-16 00:00:00+09:00,2250.0,2270.0,2225.0,2225.0,62869,0.0,0.0
2025-09-17 00:00:00+09:00,2225.0,2445.0,2185.0,2305.0,1046557,0.0,0.0
2025-09-18 00:00:00+09:00,2315.0,2545.0,2290.0,2380.0,1208755,0.0,0.0
2025-09-22 00:00:00+09:00,2310.0,2330.0,2235.0,2255.0,187117,0.0,0.0
2025-09-23 00:00:00+09:00,2430.0,2440.0,2255.0,2270.0,630191,0.0,0.0
2025-09-24 00:00:00+09:00,2315.0,2315.0,2235.0,2250.0,133999,0.0,0.0
2025-09-25 00:00:00+09:00,2245.0,2260.0,2210.0,2255.0,83481,0.0,0.0
2025-09-26 00:00:00+09:00,2255.0,2255.0,2100.0,2125.0,225080,0.0,0.0
2025-09-29 00:00:00+09:00,2175.0,2230.0,2100.0,2110.0,115652,0.0,0.0
2025-09-30 00:00:00+09:00,2120.0,2145.0,2055.0,2070.0,79451,0.0,0.0
2025-10-01 00:00:00+09:00,2080.0,2130.0,2025.0,2060.0,46620,0.0,0.0
2025-10-02 00:00:00+09:00,2060.0,2105.0,2050.0,2055.0,64415,0.0,0.0
2025-10-10 00:00:00+09:00,2045.0,2115.0,2040.0,2060.0,75941,0.0,0.0
2025-10-13 00:00:00+09:00,2020.0,2080.0,1981.0,2060.0,72960,0.0,0.0
2025-10-14 00:00:00+09:00,2060.0,2100.0,1990.0,2010.0,110781,0.0,0.0
2025-10-15 00:00:00+09:00,2010.0,2070.0,1997.0,2055.0,47207,0.0,0.0
2025-10-16 00:00:00+09:00,2055.0,2100.0,2015.0,2020.0,63731,0.0,0.0
2025-10-17 00:00:00+09:00,2035.0,2035.0,1995.0,2000.0,81272,0.0,0.0
2025-10-20 00:00:00+09:00,2020.0,2020.0,1960.0,1995.0,59082,0.0,0.0
2025-10-21 00:00:00+09:00,1995.0,2025.0,1971.0,1971.0,74004,0.0,0.0
2025-10-22 00:00:00+09:00,1971.0,1971.0,1909.0,1941.0,115942,0.0,0.0
2025-10-23 00:00:00+09:00,1950.0,1950.0,1876.0,1878.0,109462,0.0,0.0
2025-10-24 00:00:00+09:00,1939.0,1949.0,1859.0,1881.0,38661,0.0,0.0
2025-10-27 00:00:00+09:00,1899.0,1944.0,1885.0,1940.0,45250,0.0,0.0
2025-10-28 00:00:00+09:00,1940.0,2000.0,1909.0,1974.0,62131,0.0,0.0
2025-10-29 00:00:00+09:00,1975.0,2000.0,1939.0,1970.0,76789,0.0,0.0
2025-10-30 00:00:00+09:00,1965.0,1985.0,1917.0,1930.0,65635,0.0,0.0
2025-10-31 00:00:00+09:00,1930.0,2075.0,1930.0,1960.0,155524,0.0,0.0
2025-11-03 00:00:00+09:00,1980.0,2050.0,1950.0,1950.0,80508,0.0,0.0
2025-11-04 00:00:00+09:00,1950.0,1955.0,1910.0,1930.0,38784,0.0,0.0
2025-11-05 00:00:00+09:00,1928.0,1928.0,1815.0,1895.0,115303,0.0,0.0
2025-11-06 00:00:00+09:00,1880.0,1892.0,1831.0,1868.0,39785,0.0,0.0
2025-11-07 00:00:00+09:00,1868.0,1868.0,1800.0,1807.0,61709,0.0,0.0
2025-11-10 00:00:00+09:00,1809.0,1924.0,1809.0,1853.0,10992,0.0,0.0
2025-11-11 00:00:00+09:00,1844.0,1897.0,1800.0,1830.0,33624,0.0,0.0
2025-11-12 00:00:00+09:00,1830.0,1835.0,1810.0,1826.0,13163,0.0,0.0
2025-11-13 00:00:00+09:00,1826.0,1838.0,1805.0,1808.0,26969,0.0,0.0
2025-11-14 00:00:00+09:00,1808.0,1838.0,1782.0,1787.0,40153,0.0,0.0
2025-11-17 00:00:00+09:00,1787.0,1787.0,1711.0,1712.0,61765,0.0,0.0
2025-11-18 00:00:00+09:00,1712.0,1720.0,1647.0,1654.0,37195,0.0,0.0
2025-11-19 00:00:00+09:00,1654.0,1654.0,1610.0,1640.0,75797,0.0,0.0
2025-11-20 00:00:00+09:00,1630.0,1730.0,1610.0,1643.0,29130,0.0,0.0
2025-11-21 00:00:00+09:00,1643.0,1643.0,1570.0,1585.0,69599,0.0,0.0
2025-11-24 00:00:00+09:00,1585.0,1650.0,1561.0,1562.0,38446,0.0,0.0
2025-11-25 00:00:00+09:00,1562.0,1649.0,1531.0,1537.0,33372,0.0,0.0
2025-11-26 00:00:00+09:00,1537.0,1575.0,1537.0,1570.0,13244,0.0,0.0
2025-11-27 00:00:00+09:00,1570.0,1619.0,1570.0,1575.0,19076,0.0,0.0
2025-11-28 00:00:00+09:00,1575.0,1630.0,1575.0,1587.0,14253,0.0,0.0
2025-12-01 00:00:00+09:00,1574.0,1648.0,1574.0,1590.0,27192,0.0,0.0
2025-12-02 00:00:00+09:00,1532.0,1602.0,1532.0,1566.0,47326,0.0,0.0
2025-12-03 00:00:00+09:00,1566.0,1577.0,1555.0,1563.0,42395,0.0,0.0
2025-12-04 00:00:00+09:00,1563.0,1629.0,1563.0,1613.0,45199,0.0,0.0
2025-12-05 00:00:00+09:00,1613.0,1636.0,1593.0,1596.0,32999,0.0,0.0
2025-12-08 00:00:00+09:00,1596.0,1605.0,1580.0,1600.0,21401,0.0,0.0
2025-12-09 00:00:00+09:00,1595.0,1625.0,1590.0,1596.0,7792,0.0,0.0
2025-12-10 00:00:00+09:00,1596.0,1624.0,1591.0,1623.0,27136,0.0,0.0
2025-12-11 00:00:00+09:00,1623.0,1629.0,1600.0,1604.0,27217,0.0,0.0
2025-12-12 00:00:00+09:00,1623.0,1624.0,1594.0,1600.0,23745,0.0,0.0
2025-12-15 00:00:00+09:00,1600.0,1606.0,1568.0,1580.0,17087,0.0,0.0
2025-12-16 00:00:00+09:00,1582.0,1616.0,1550.0,1552.0,20336,0.0,0.0
2025-12-17 00:00:00+09:00,1552.0,1581.0,1536.0,1564.0,14096,0.0,0.0
2025-12-18 00:00:00+09:00,1552.0,1589.0,1552.0,1572.0,23396,0.0,0.0
2025-12-19 00:00:00+09:00,1573.0,1613.0,1573.0,1585.0,24973,0.0,0.0
2025-12-22 00:00:00+09:00,1585.0,1607.0,1583.0,1600.0,23331,0.0,0.0
2025-12-23 00:00:00+09:00,1601.0,1601.0,1565.0,1569.0,20482,0.0,0.0
2025-12-24 00:00:00+09:00,1569.0,1576.0,1552.0,1573.0,13360,0.0,0.0
2025-12-26 00:00:00+09:00,1573.0,1588.0,1550.0,1566.0,12985,0.0,0.0
2025-12-29 00:00:00+09:00,1552.0,1578.0,1546.0,1573.0,12390,0.0,0.0
2025-12-30 00:00:00+09:00,1573.0,1580.0,1555.0,1576.0,13442,0.0,0.0
2026-01-02 00:00:00+09:00,1576.0,1610.0,1560.0,1600.0,34849,0.0,0.0
2026-01-05 00:00:00+09:00,1600.0,1610.0,1590.0,1606.0,23365,0.0,0.0
2026-01-06 00:00:00+09:00,1606.0,1628.0,1591.0,1616.0,21819,0.0,0.0
2026-01-07 00:00:00+09:00,1616.0,1640.0,1601.0,1603.0,19803,0.0,0.0
2026-01-08 00:00:00+09:00,1600.0,1604.0,1570.0,1571.0,25207,0.0,0.0
2026-01-09 00:00:00+09:00,1554.0,1575.0,1523.0,1546.0,34765,0.0,0.0
2026-01-12 00:00:00+09:00,1546.0,1594.0,1543.0,1594.0,37589,0.0,0.0
2026-01-13 00:00:00+09:00,1594.0,1595.0,1501.0,1555.0,33845,0.0,0.0
2026-01-14 00:00:00+09:00,1535.0,1555.0,1515.0,1520.0,50609,0.0,0.0
2026-01-15 00:00:00+09:00,1501.0,1701.0,1501.0,1680.0,402563,0.0,0.0
2026-01-16 00:00:00+09:00,1788.0,2180.0,1769.0,2180.0,5621231,0.0,0.0
2026-01-19 00:00:00+09:00,2350.0,2430.0,1980.0,2010.0,2536135,0.0,0.0
2026-01-20 00:00:00+09:00,1990.0,2035.0,1860.0,1890.0,711539,0.0,0.0
2026-01-21 00:00:00+09:00,1888.0,1888.0,1753.0,1830.0,346659,0.0,0.0
2026-01-22 00:00:00+09:00,1814.0,1825.0,1708.0,1723.0,377060,0.0,0.0
2026-01-23 00:00:00+09:00,1723.0,1802.0,1702.0,1752.0,289307,0.0,0.0
2026-01-26 00:00:00+09:00,1752.0,1766.0,1700.0,1754.0,125885,0.0,0.0
2026-01-27 00:00:00+09:00,1754.0,1867.0,1726.0,1803.0,399105,0.0,0.0
2026-01-28 00:00:00+09:00,1810.0,1813.0,1710.0,1758.0,194575,0.0,0.0
2026-01-29 00:00:00+09:00,1800.0,1800.0,1731.0,1770.0,123491,0.0,0.0
2026-01-30 00:00:00+09:00,1755.0,1783.0,1685.0,1685.0,198654,0.0,0.0
2026-02-02 00:00:00+09:00,1643.0,1779.0,1631.0,1676.0,159104,0.0,0.0
2026-02-03 00:00:00+09:00,1676.0,1704.0,1649.0,1675.0,91996,0.0,0.0
2026-02-04 00:00:00+09:00,1675.0,1675.0,1616.0,1638.0,114403,0.0,0.0
2026-02-05 00:00:00+09:00,1646.0,1646.0,1596.0,1599.0,96606,0.0,0.0
2026-02-06 00:00:00+09:00,1590.0,1590.0,1491.0,1552.0,94916,0.0,0.0
2026-02-09 00:00:00+09:00,1570.0,1600.0,1547.0,1578.0,71683,0.0,0.0
2026-02-10 00:00:00+09:00,1619.0,1731.0,1573.0,1628.0,458362,0.0,0.0
2026-02-11 00:00:00+09:00,1629.0,1658.0,1601.0,1657.0,97196,0.0,0.0
2026-02-12 00:00:00+09:00,1651.0,1660.0,1611.0,1630.0,52775,0.0,0.0
2026-02-13 00:00:00+09:00,1630.0,1630.0,1555.0,1555.0,67788,0.0,0.0
2026-02-19 00:00:00+09:00,1566.0,1600.0,1561.0,1581.0,67203,0.0,0.0
2026-02-20 00:00:00+09:00,1582.0,1599.0,1555.0,1575.0,64894,0.0,0.0
2026-02-23 00:00:00+09:00,1576.0,1610.0,1575.0,1589.0,69982,0.0,0.0
2026-02-24 00:00:00+09:00,1589.0,1606.0,1566.0,1598.0,56154,0.0,0.0
2026-02-25 00:00:00+09:00,1598.0,1688.0,1589.0,1646.0,101567,0.0,0.0
2026-02-26 00:00:00+09:00,1646.0,1646.0,1575.0,1579.0,90431,0.0,0.0
2026-02-27 00:00:00+09:00,1580.0,1628.0,1541.0,1545.0,73456,0.0,0.0
2026-03-03 00:00:00+09:00,1535.0,1535.0,1450.0,1450.0,110103,0.0,0.0
2026-03-04 00:00:00+09:00,1431.0,1431.0,1220.0,1220.0,186362,0.0,0.0
2026-03-05 00:00:00+09:00,1270.0,1340.0,1270.0,1336.0,77701,0.0,0.0
2026-03-06 00:00:00+09:00,1335.0,1400.0,1284.0,1340.0,21512,0.0,0.0
2026-03-09 00:00:00+09:00,1265.0,1328.0,1230.0,1260.0,22926,0.0,0.0
2026-03-10 00:00:00+09:00,1277.0,1370.0,1277.0,1315.0,16331,0.0,0.0
2026-03-11 00:00:00+09:00,1302.0,1401.0,1302.0,1378.0,45954,0.0,0.0
2026-03-12 00:00:00+09:00,1378.0,1398.0,1313.0,1364.0,27713,0.0,0.0
2026-03-13 00:00:00+09:00,1364.0,1463.0,1338.0,1445.0,70622,0.0,0.0
2026-03-16 00:00:00+09:00,1467.0,1610.0,1373.0,1427.0,136558,0.0,0.0
2026-03-17 00:00:00+09:00,1431.0,1491.0,1403.0,1405.0,14525,0.0,0.0
2026-03-18 00:00:00+09:00,1406.0,1487.0,1406.0,1477.0,39722,0.0,0.0
2026-03-19 00:00:00+09:00,1476.0,1492.0,1430.0,1477.0,38926,0.0,0.0
2026-03-20 00:00:00+09:00,1466.0,1466.0,1427.0,1451.0,26740,0.0,0.0
2026-03-23 00:00:00+09:00,1451.0,1462.0,1387.0,1387.0,34321,0.0,0.0
2026-03-24 00:00:00+09:00,1390.0,1457.0,1380.0,1392.0,21404,0.0,0.0
2026-03-25 00:00:00+09:00,1397.0,1449.0,1392.0,1427.0,16628,0.0,0.0
2026-03-26 00:00:00+09:00,1427.0,1460.0,1385.0,1408.0,14638,0.0,0.0
2026-03-27 00:00:00+09:00,1408.0,1427.0,1365.0,1420.0,15503,0.0,0.0
2026-03-30 00:00:00+09:00,1420.0,1426.0,1360.0,1397.0,7811,0.0,0.0
2026-03-31 00:00:00+09:00,1397.0,1450.0,1300.0,1300.0,33629,0.0,0.0
2026-04-01 00:00:00+09:00,1378.0,1400.0,1300.0,1389.0,26090,0.0,0.0
2026-04-02 00:00:00+09:00,1395.0,1400.0,1312.0,1319.0,18201,0.0,0.0
2026-04-03 00:00:00+09:00,1321.0,1400.0,1321.0,1363.0,17511,0.0,0.0
2026-04-06 00:00:00+09:00,1363.0,1400.0,1321.0,1359.0,17751,0.0,0.0
2026-04-07 00:00:00+09:00,1359.0,1480.0,1359.0,1407.0,46547,0.0,0.0
2026-04-08 00:00:00+09:00,1429.0,1490.0,1414.0,1446.0,25822,0.0,0.0
2026-04-09 00:00:00+09:00,1446.0,1446.0,1397.0,1429.0,10981,0.0,0.0
2026-04-10 00:00:00+09:00,1429.0,1485.0,1397.0,1459.0,35964,0.0,0.0
2026-04-13 00:00:00+09:00,1459.0,1595.0,1444.0,1508.0,93110,0.0,0.0
2026-04-14 00:00:00+09:00,1521.0,1550.0,1487.0,1527.0,36710,0.0,0.0
2026-04-15 00:00:00+09:00,1533.0,1579.0,1504.0,1556.0,50639,0.0,0.0
2026-04-16 00:00:00+09:00,1599.0,1629.0,1561.0,1589.0,102734,0.0,0.0
2026-04-17 00:00:00+09:00,1610.0,1610.0,1471.0,1534.0,97365,0.0,0.0
2026-04-20 00:00:00+09:00,1534.0,1587.0,1518.0,1573.0,33495,0.0,0.0
2026-04-21 00:00:00+09:00,1559.0,1589.0,1559.0,1577.0,32572,0.0,0.0
2026-04-22 00:00:00+09:00,1514.0,1574.0,1506.0,1525.0,86048,0.0,0.0
2026-04-23 00:00:00+09:00,1555.0,1555.0,1510.0,1524.0,20251,0.0,0.0
2026-04-24 00:00:00+09:00,1541.0,1541.0,1512.0,1525.0,29637,0.0,0.0
2026-04-27 00:00:00+09:00,1530.0,1570.0,1510.0,1527.0,36594,0.0,0.0
2026-04-28 00:00:00+09:00,1527.0,1546.0,1470.0,1491.0,23354,0.0,0.0
2026-04-29 00:00:00+09:00,1499.0,1505.0,1480.0,1487.0,18858,0.0,0.0
2026-04-30 00:00:00+09:00,1487.0,1487.0,1466.0,1466.0,29044,0.0,0.0
2026-05-04 00:00:00+09:00,1456.0,1500.0,1444.0,1448.0,37523,0.0,0.0
2026-05-06 00:00:00+09:00,1436.0,1476.0,1424.0,1426.0,34788,0.0,0.0
2026-05-07 00:00:00+09:00,1479.0,1479.0,1397.0,1397.0,25712,0.0,0.0
2026-05-08 00:00:00+09:00,1401.0,1449.0,1359.0,1380.0,37032,0.0,0.0
2026-05-11 00:00:00+09:00,1380.0,1407.0,1308.0,1308.0,94309,0.0,0.0
2026-05-12 00:00:00+09:00,1308.0,1367.0,1240.0,1336.0,102899,0.0,0.0
2026-05-13 00:00:00+09:00,1348.0,1348.0,1267.0,1295.0,47401,0.0,0.0
2026-05-14 00:00:00+09:00,1295.0,1326.0,1250.0,1270.0,39634,0.0,0.0
2026-05-15 00:00:00+09:00,1254.0,1309.0,1191.0,1252.0,82454,0.0,0.0
2026-05-18 00:00:00+09:00,1263.0,1263.0,1172.0,1191.0,28751,0.0,0.0
2026-05-19 00:00:00+09:00,1191.0,1192.0,1120.0,1157.0,47881,0.0,0.0
2026-05-20 00:00:00+09:00,1130.0,1130.0,1045.0,1077.0,61269,0.0,0.0
2026-05-21 00:00:00+09:00,1139.0,1139.0,1075.0,1081.0,63016,0.0,0.0
2026-05-22 00:00:00+09:00,1081.0,1148.0,1081.0,1145.0,35466,0.0,0.0
2026-05-26 00:00:00+09:00,1145.0,1420.0,1145.0,1200.0,1044774,0.0,0.0
2026-05-27 00:00:00+09:00,1210.0,1246.0,1147.0,1176.0,63819,0.0,0.0
2026-05-28 00:00:00+09:00,1189.0,1189.0,1071.0,1161.0,37002,0.0,0.0
2026-05-29 00:00:00+09:00,1168.0,1229.0,1109.0,1161.0,43528,0.0,0.0
2026-06-01 00:00:00+09:00,1150.0,1150.0,985.0,1015.0,214131,0.0,0.0
2026-06-02 00:00:00+09:00,1016.0,1016.0,824.0,907.0,186668,0.0,0.0
2026-06-04 00:00:00+09:00,937.0,1000.0,868.0,950.0,97691,0.0,0.0
2026-06-05 00:00:00+09:00,950.0,951.0,856.0,892.0,32683,0.0,0.0
2026-06-08 00:00:00+09:00,892.0,892.0,775.0,801.0,127816,0.0,0.0
2026-06-09 00:00:00+09:00,809.0,857.0,779.0,822.0,79174,0.0,0.0
2026-06-10 00:00:00+09:00,850.0,858.0,808.0,825.0,45976,0.0,0.0
2026-06-11 00:00:00+09:00,825.0,826.0,781.0,802.0,57647,0.0,0.0
2026-06-12 00:00:00+09:00,802.0,820.0,765.0,769.0,114737,0.0,0.0
2026-06-15 00:00:00+09:00,769.0,803.0,769.0,781.0,51824,0.0,0.0
2026-06-16 00:00:00+09:00,781.0,808.0,775.0,799.0,59257,0.0,0.0
2026-06-17 00:00:00+09:00,799.0,810.0,772.0,801.0,28808,0.0,0.0
2026-06-18 00:00:00+09:00,819.0,819.0,780.0,787.0,19662,0.0,0.0
2026-06-19 00:00:00+09:00,787.0,796.0,649.0,756.0,164300,0.0,0.0
2026-06-22 00:00:00+09:00,756.0,756.0,577.0,628.0,169412,0.0,0.0
2026-06-23 00:00:00+09:00,636.0,670.0,510.0,527.0,201895,0.0,0.0
2026-06-24 00:00:00+09:00,531.0,606.0,525.0,574.0,159607,0.0,0.0
2026-06-25 00:00:00+09:00,574.0,673.0,573.0,595.0,188533,0.0,0.0
2026-06-26 00:00:00+09:00,595.0,595.0,552.0,559.0,46325,0.0,0.0
2026-06-29 00:00:00+09:00,554.0,615.0,552.0,614.0,39209,0.0,0.0
2026-06-30 00:00:00+09:00,599.0,614.0,540.0,549.0,69427,0.0,0.0
2026-07-01 00:00:00+09:00,549.0,660.0,549.0,591.0,140178,0.0,0.0
2026-07-02 00:00:00+09:00,591.0,641.0,561.0,582.0,76957,0.0,0.0
2026-07-03 00:00:00+09:00,582.0,680.0,553.0,631.0,394319,0.0,0.0
2026-07-06 00:00:00+09:00,631.0,643.0,580.0,630.0,81544,0.0,0.0
2026-07-07 00:00:00+09:00,630.0,637.0,583.0,607.0,44274,0.0,0.0
2026-07-08 00:00:00+09:00,605.0,639.0,589.0,605.0,50707,0.0,0.0
2026-07-09 00:00:00+09:00,605.0,628.0,572.0,590.0,26208,0.0,0.0
2026-07-10 00:00:00+09:00,590.0,619.0,573.0,606.0,18733,0.0,0.0
2026-07-13 00:00:00+09:00,605.0,609.0,558.0,565.0,27824,0.0,0.0
2026-07-14 00:00:00+09:00,565.0,700.0,530.0,700.0,78604,0.0,0.0
2026-07-15 00:00:00+09:00,700.0,700.0,626.0,651.0,94064,0.0,0.0
2026-07-16 00:00:00+09:00,651.0,670.0,570.0,630.0,54316,0.0,0.0
2026-07-20 00:00:00+09:00,621.0,621.0,560.0,564.0,26798,0.0,0.0
2026-07-21 00:00:00+09:00,559.0,733.0,542.0,640.0,1156022,0.0,0.0
2026-07-22 00:00:00+09:00,640.0,650.0,588.0,608.0,177342,0.0,0.0
2026-07-23 00:00:00+09:00,607.0,739.0,607.0,679.0,533700,0.0,0.0
2026-07-24 00:00:00+09:00,678.0,729.0,641.0,679.0,204491,0.0,0.0
2026-07-27 00:00:00+09:00,713.0,713.0,625.0,649.0,73972,0.0,0.0
2026-07-28 00:00:00+09:00,674.0,674.0,570.0,642.0,109733,0.0,0.0
2026-07-29 00:00:00+09:00,634.0,651.0,576.0,579.0,81149,0.0,0.0
2026-07-30 00:00:00+09:00,575.0,624.0,541.0,541.0,77374,0.0,0.0
2026-07-31 00:00:00+09:00,522.0,570.0,522.0,561.0,50675,0.0,0.0
2026-08-03 00:00:00+09:00,604.0,622.0,564.0,581.0,21081,0.0,0.0
2026-08-04 00:00:00+09:00,608.0,755.0,606.0,755.0,304978,0.0,0.0
2026-08-05 00:00:00+09:00,878.0,878.0,704.0,714.0,1422527,0.0,0.0
2026-08-06 00:00:00+09:00,720.0,928.0,690.0,928.0,2622172,0.0,0.0
2026-08-07 00:00:00+09:00,1040.0,1206.0,845.0,928.0,3380184,0.0,0.0
2026-08-10 00:00:00+09:00,935.0,940.0,863.0,894.0,455313,0.0,0.0
2026-08-11 00:00:00+09:00,892.0,894.0,810.0,878.0,375477,0.0,0.0
2026-08-12 00:00:00+09:00,870.0,912.0,784.0,784.0,347310,0.0,0.0
2026-08-13 00:00:00+09:00,730.0,750.0,621.0,669.0,729668,0.0,0.0
2026-08-14 00:00:00+09:00,670.0,670.0,629.0,664.0,147116,0.0,0.0
2026-08-18 00:00:00+09:00,653.0,675.0,621.0,622.0,83037,0.0,0.0
2026-08-19 00:00:00+09:00,622.0,623.0,595.0,613.0,67180,0.0,0.0
2026-08-20 00:00:00+09:00,608.0,622.0,592.0,592.0,54788,0.0,0.0
2026-08-21 00:00:00+09:00,571.0,605.0,539.0,554.0,97907,0.0,0.0
2026-08-24 00:00:00+09:00,559.0,584.0,540.0,541.0,94216,0.0,0.0
2026-08-25 00:00:00+09:00,541.0,541.0,513.0,531.0,93257,0.0,0.0
2026-08-26 00:00:00+09:00,527.0,541.0,492.0,507.0,171031,0.0,0.0
2026-08-27 00:00:00+09:00,510.0,524.0,490.0,504.0,179004,0.0,0.0
2026-08-28 00:00:00+09:00,504.0,504.0,504.0,504.0,0,0.0,0.0
2026-08-31 00:00:00+09:00,504.0,504.0,504.0,504.0,0,0.0,0.0
2026-09-01 00:00:00+09:00,504.0,504.0,504.0,504.0,0,0.0,0.0
2026-09-02 00:00:00+09:00,504.0,504.0,504.0,504.0,0,0.0,0.0
2026-09-03 00:00:00+09:00,504.0,504.0,504.0,504.0,0,0.0,0.0
2026-09-04 00:00:00+09:00,504.0,504.0,504.0,504.0,0,0.0,0.0
