Date,Open,High,Low,Close,Volume,Dividends,Stock Splits
2000-01-04 00:00:00+09:00,2142.48779296875,2654.409655005531,2142.48779296875,2142.48779296875,0,0.0,0.0
2000-01-05 00:00:00+09:00,2464.808837890625,2464.808837890625,2464.808837890625,2464.808837890625,100,0.0,0.0
2000-01-06 00:00:00+09:00,2464.808837890625,2464.808837890625,2464.808837890625,2464.808837890625,100,0.0,0.0
2000-01-07 00:00:00+09:00,1896.0067138671875,1896.0067138671875,1896.0067138671875,1896.0067138671875,100,0.0,0.0
2000-01-10 00:00:00+09:00,1896.0067138671875,1896.0067138671875,1896.0067138671875,1896.0067138671875,0,0.0,0.0
2000-01-11 00:00:00+09:00,1905.4868314395396,1924.4468994140625,1905.4868314395396,1924.4468994140625,200,0.0,0.0
2000-01-12 00:00:00+09:00,1933.9267578125,1933.9267578125,1933.9267578125,1933.9267578125,100,0.0,0.0
2000-01-13 00:00:00+09:00,2370.0084141322545,2654.409423828125,2370.0084141322545,2654.409423828125,900,0.0,0.0
2000-01-14 00:00:00+09:00,2654.409423828125,2654.409423828125,2654.409423828125,2654.409423828125,700,0.0,0.0
2000-01-17 00:00:00+09:00,2654.409423828125,2654.409423828125,2654.409423828125,2654.409423828125,0,0.0,0.0
2000-01-18 00:00:00+09:00,2464.808837890625,2464.808837890625,2464.808837890625,2464.808837890625,100,0.0,0.0
2000-01-19 00:00:00+09:00,2464.808837890625,2464.808837890625,2464.808837890625,2464.808837890625,0,0.0,0.0
2000-01-20 00:00:00+09:00,2180.40771484375,2180.40771484375,2180.40771484375,2180.40771484375,100,0.0,0.0
2000-01-21 00:00:00+09:00,2180.40771484375,2180.40771484375,2180.40771484375,2180.40771484375,0,0.0,0.0
2000-01-24 00:00:00+09:00,2322.608642578125,2322.608642578125,2322.608642578125,2322.608642578125,100,0.0,0.0
2000-01-25 00:00:00+09:00,2322.608642578125,2322.608642578125,2322.608642578125,2322.608642578125,0,0.0,0.0
2000-01-26 00:00:00+09:00,2218.328249953863,2407.928955078125,2218.328249953863,2407.928955078125,300,0.0,0.0
2000-01-27 00:00:00+09:00,2407.928955078125,2407.928955078125,2407.928955078125,2407.928955078125,0,0.0,0.0
2000-01-28 00:00:00+09:00,2095.087646484375,2095.087646484375,2095.087646484375,2095.087646484375,300,0.0,0.0
2000-01-31 00:00:00+09:00,2095.087646484375,2095.087646484375,2095.087646484375,2095.087646484375,0,0.0,0.0
2000-02-01 00:00:00+09:00,2095.087646484375,2095.087646484375,2095.087646484375,2095.087646484375,100,0.0,0.0
2000-02-02 00:00:00+09:00,2095.087646484375,2095.087646484375,2095.087646484375,2095.087646484375,0,0.0,0.0
2000-02-03 00:00:00+09:00,2208.848388671875,2208.848388671875,2208.848388671875,2208.848388671875,100,0.0,0.0
2000-02-04 00:00:00+09:00,2208.848388671875,2208.848388671875,2208.848388671875,2208.848388671875,0,0.0,0.0
2000-02-07 00:00:00+09:00,2142.48779296875,2142.48779296875,2142.48779296875,2142.48779296875,100,0.0,0.0
2000-02-08 00:00:00+09:00,2142.48779296875,2142.48779296875,2142.48779296875,2142.48779296875,100,0.0,0.0
2000-02-09 00:00:00+09:00,2142.48779296875,2142.48779296875,2142.48779296875,2142.48779296875,0,0.0,0.0
2000-02-10 00:00:00+09:00,2256.248134765625,2370.008544921875,2256.248134765625,2370.008544921875,500,0.0,0.0
2000-02-11 00:00:00+09:00,2370.008544921875,2370.008544921875,2370.008544921875,2370.008544921875,0,0.0,0.0
2000-02-14 00:00:00+09:00,2360.5285107421873,2370.008544921875,2360.5285107421873,2370.008544921875,300,0.0,0.0
2000-02-15 00:00:00+09:00,2370.008544921875,2370.008544921875,2370.008544921875,2370.008544921875,100,0.0,0.0
2000-02-16 00:00:00+09:00,2370.008544921875,2370.008544921875,2370.008544921875,2370.008544921875,0,0.0,0.0
2000-02-17 00:00:00+09:00,2275.208251953125,2275.208251953125,2275.208251953125,2275.208251953125,100,0.0,0.0
2000-02-18 00:00:00+09:00,2275.208203125,2370.008544921875,2275.208203125,2370.008544921875,200,0.0,0.0
2000-02-21 00:00:00+09:00,2275.208251953125,2275.208251953125,2275.208251953125,2275.208251953125,100,0.0,0.0
2000-02-22 00:00:00+09:00,2189.887965379563,2189.887965379563,2142.48779296875,2142.48779296875,900,0.0,0.0
2000-02-23 00:00:00+09:00,2275.208251953125,2275.208251953125,2275.208251953125,2275.208251953125,300,0.0,0.0
2000-02-24 00:00:00+09:00,2275.208251953125,2275.208251953125,2275.208251953125,2275.208251953125,0,0.0,0.0
2000-02-25 00:00:00+09:00,2275.208251953125,2275.208251953125,2275.208251953125,2275.208251953125,0,0.0,0.0
2000-02-28 00:00:00+09:00,2151.967529296875,2151.967529296875,2151.967529296875,2151.967529296875,200,0.0,0.0
2000-02-29 00:00:00+09:00,2151.967658025568,2151.967658025568,2085.607421875,2085.607421875,300,0.0,0.0
2000-03-01 00:00:00+09:00,2095.0871065156953,2104.567138671875,2095.0871065156953,2104.567138671875,200,0.0,0.0
2000-03-02 00:00:00+09:00,2104.567138671875,2104.567138671875,2104.567138671875,2104.567138671875,0,0.0,0.0
2000-03-03 00:00:00+09:00,2256.24853515625,2256.24853515625,2256.24853515625,2256.24853515625,100,0.0,0.0
2000-03-06 00:00:00+09:00,2256.24853515625,2256.24853515625,2256.24853515625,2256.24853515625,0,0.0,0.0
2000-03-07 00:00:00+09:00,2256.24853515625,2256.24853515625,2256.24853515625,2256.24853515625,0,0.0,0.0
2000-03-08 00:00:00+09:00,2180.40771484375,2180.40771484375,2180.40771484375,2180.40771484375,100,0.0,0.0
2000-03-09 00:00:00+09:00,2180.40771484375,2180.40771484375,2180.40771484375,2180.40771484375,100,0.0,0.0
2000-03-10 00:00:00+09:00,2180.407861328125,2370.008544921875,2180.407861328125,2370.008544921875,600,0.0,0.0
2000-03-13 00:00:00+09:00,2370.008544921875,2370.008544921875,2370.008544921875,2370.008544921875,200,0.0,0.0
2000-03-14 00:00:00+09:00,2322.608642578125,2322.608642578125,2322.608642578125,2322.608642578125,100,0.0,0.0
2000-03-15 00:00:00+09:00,2322.608642578125,2322.608642578125,2322.608642578125,2322.608642578125,100,0.0,0.0
2000-03-16 00:00:00+09:00,2322.608642578125,2322.608642578125,2322.608642578125,2322.608642578125,0,0.0,0.0
2000-03-17 00:00:00+09:00,2322.608642578125,2322.608642578125,2322.608642578125,2322.608642578125,0,0.0,0.0
2000-03-20 00:00:00+09:00,2322.608642578125,2322.608642578125,2322.608642578125,2322.608642578125,0,0.0,0.0
2000-03-21 00:00:00+09:00,2322.608642578125,2322.608642578125,2322.608642578125,2322.608642578125,0,0.0,0.0
2000-03-22 00:00:00+09:00,2332.088134765625,2332.088134765625,2332.088134765625,2332.088134765625,100,0.0,0.0
2000-03-23 00:00:00+09:00,2332.088134765625,2332.088134765625,2332.088134765625,2332.088134765625,0,0.0,0.0
2000-03-24 00:00:00+09:00,2332.088134765625,2332.088134765625,2332.088134765625,2332.088134765625,0,0.0,0.0
2000-03-27 00:00:00+09:00,2227.808080037435,2275.208251953125,2227.808080037435,2275.208251953125,300,0.0,0.0
2000-03-28 00:00:00+09:00,2275.208251953125,2275.208251953125,2275.208251953125,2275.208251953125,0,0.0,0.0
2000-03-29 00:00:00+09:00,2275.208251953125,2275.208251953125,2275.208251953125,2275.208251953125,0,0.0,0.0
2000-03-30 00:00:00+09:00,2256.24853515625,2256.24853515625,2256.24853515625,2256.24853515625,100,0.0,0.0
2000-03-31 00:00:00+09:00,2256.24853515625,2256.24853515625,2256.24853515625,2256.24853515625,100,0.0,0.0
2000-04-03 00:00:00+09:00,2180.40771484375,2180.40771484375,2180.40771484375,2180.40771484375,100,0.0,0.0
2000-04-04 00:00:00+09:00,2180.40771484375,2180.40771484375,2180.40771484375,2180.40771484375,0,0.0,0.0
2000-04-05 00:00:00+09:00,2180.40771484375,2180.40771484375,2180.40771484375,2180.40771484375,0,0.0,0.0
2000-04-06 00:00:00+09:00,2180.40771484375,2180.40771484375,2180.40771484375,2180.40771484375,0,0.0,0.0
2000-04-07 00:00:00+09:00,2180.40771484375,2180.40771484375,2180.40771484375,2180.40771484375,0,0.0,0.0
2000-04-10 00:00:00+09:00,2218.328045654297,2275.208251953125,2218.328045654297,2275.208251953125,700,0.0,0.0
2000-04-11 00:00:00+09:00,2275.208251953125,2275.208251953125,2275.208251953125,2275.208251953125,0,0.0,0.0
2000-04-12 00:00:00+09:00,2180.40771484375,2180.40771484375,2180.40771484375,2180.40771484375,200,0.0,0.0
2000-04-13 00:00:00+09:00,2180.40771484375,2180.40771484375,2180.40771484375,2180.40771484375,100,0.0,0.0
2000-04-14 00:00:00+09:00,2180.40771484375,2180.40771484375,2180.40771484375,2180.40771484375,0,0.0,0.0
2000-04-17 00:00:00+09:00,2142.48779296875,2142.48779296875,2142.48779296875,2142.48779296875,200,0.0,0.0
2000-04-18 00:00:00+09:00,2085.607385253906,2085.607385253906,1896.0067138671875,1896.0067138671875,200,0.0,0.0
2000-04-19 00:00:00+09:00,1896.0067138671875,1896.0067138671875,1896.0067138671875,1896.0067138671875,100,0.0,0.0
2000-04-20 00:00:00+09:00,1905.48681640625,1905.48681640625,1905.48681640625,1905.48681640625,100,0.0,0.0
2000-04-21 00:00:00+09:00,1905.48681640625,1905.48681640625,1905.48681640625,1905.48681640625,0,0.0,0.0
2000-04-24 00:00:00+09:00,2047.6875,2047.6875,2047.6875,2047.6875,100,0.0,0.0
2000-04-25 00:00:00+09:00,2047.6875,2047.6875,2047.6875,2047.6875,0,0.0,0.0
2000-04-26 00:00:00+09:00,2095.0875697371985,2095.0875697371985,1914.9669189453125,1914.9669189453125,700,0.0,0.0
2000-04-27 00:00:00+09:00,1914.9669189453125,1914.9669189453125,1914.9669189453125,1914.9669189453125,0,0.0,0.0
2000-04-28 00:00:00+09:00,1914.9669189453125,1914.9669189453125,1914.9669189453125,1914.9669189453125,0,0.0,0.0
2000-05-01 00:00:00+09:00,2038.20703125,2038.20703125,2038.20703125,2038.20703125,100,0.0,0.0
2000-05-02 00:00:00+09:00,2038.20703125,2038.20703125,2038.20703125,2038.20703125,0,0.0,0.0
2000-05-03 00:00:00+09:00,2038.20703125,2038.20703125,2038.20703125,2038.20703125,0,0.0,0.0
2000-05-04 00:00:00+09:00,2038.20703125,2038.20703125,2038.20703125,2038.20703125,0,0.0,0.0
2000-05-05 00:00:00+09:00,2038.20703125,2038.20703125,2038.20703125,2038.20703125,0,0.0,0.0
2000-05-08 00:00:00+09:00,2038.20703125,2038.20703125,2038.20703125,2038.20703125,0,0.0,0.0
2000-05-09 00:00:00+09:00,2038.20703125,2038.20703125,2038.20703125,2038.20703125,0,0.0,0.0
2000-05-10 00:00:00+09:00,2180.407861328125,2370.008544921875,2180.407861328125,2370.008544921875,400,0.0,0.0
2000-05-11 00:00:00+09:00,2370.008544921875,2370.008544921875,2370.008544921875,2370.008544921875,200,0.0,0.0
2000-05-12 00:00:00+09:00,2370.008544921875,2370.008544921875,2370.008544921875,2370.008544921875,0,0.0,0.0
2000-05-15 00:00:00+09:00,2370.008544921875,2370.008544921875,2370.008544921875,2370.008544921875,0,0.0,0.0
2000-05-16 00:00:00+09:00,2370.008544921875,2370.008544921875,2370.008544921875,2370.008544921875,0,0.0,0.0
2000-05-17 00:00:00+09:00,2370.008544921875,2370.008544921875,2370.008544921875,2370.008544921875,0,0.0,0.0
2000-05-18 00:00:00+09:00,2370.008544921875,2370.008544921875,2370.008544921875,2370.008544921875,0,0.0,0.0
2000-05-19 00:00:00+09:00,2095.087646484375,2095.087646484375,2095.087646484375,2095.087646484375,100,0.0,0.0
2000-05-22 00:00:00+09:00,2095.087646484375,2095.087646484375,2095.087646484375,2095.087646484375,0,0.0,0.0
2000-05-23 00:00:00+09:00,2095.087646484375,2095.087646484375,2095.087646484375,2095.087646484375,0,0.0,0.0
2000-05-24 00:00:00+09:00,2019.2471923828125,2019.2471923828125,2019.2471923828125,2019.2471923828125,100,0.0,0.0
2000-05-25 00:00:00+09:00,2019.2471923828125,2019.2471923828125,2019.2471923828125,2019.2471923828125,0,0.0,0.0
2000-05-26 00:00:00+09:00,1896.0067138671875,1896.0067138671875,1896.0067138671875,1896.0067138671875,200,0.0,0.0
2000-05-29 00:00:00+09:00,1896.0067138671875,1896.0067138671875,1896.0067138671875,1896.0067138671875,100,0.0,0.0
2000-05-30 00:00:00+09:00,1896.0067138671875,1896.0067138671875,1896.0067138671875,1896.0067138671875,0,0.0,0.0
2000-05-31 00:00:00+09:00,1896.0067138671875,1896.0067138671875,1896.0067138671875,1896.0067138671875,100,0.0,0.0
2000-06-01 00:00:00+09:00,1896.0067138671875,1896.0067138671875,1896.0067138671875,1896.0067138671875,300,0.0,0.0
2000-06-02 00:00:00+09:00,1896.0067138671875,1896.0067138671875,1896.0067138671875,1896.0067138671875,0,0.0,0.0
2000-06-05 00:00:00+09:00,1896.0067138671875,1896.0067138671875,1896.0067138671875,1896.0067138671875,0,0.0,0.0
2000-06-06 00:00:00+09:00,2085.607421875,2085.607421875,2085.607421875,2085.607421875,100,0.0,0.0
2000-06-07 00:00:00+09:00,2085.607421875,2085.607421875,2085.607421875,2085.607421875,0,0.0,0.0
2000-06-08 00:00:00+09:00,2085.607421875,2085.607421875,2085.607421875,2085.607421875,0,0.0,0.0
2000-06-09 00:00:00+09:00,2085.607421875,2085.607421875,2085.607421875,2085.607421875,0,0.0,0.0
2000-06-12 00:00:00+09:00,2180.407861328125,2370.008544921875,2180.407861328125,2370.008544921875,600,0.0,0.0
2000-06-13 00:00:00+09:00,2370.008544921875,2370.008544921875,2370.008544921875,2370.008544921875,500,0.0,0.0
2000-06-14 00:00:00+09:00,2370.008544921875,2370.008544921875,2370.008544921875,2370.008544921875,0,0.0,0.0
2000-06-15 00:00:00+09:00,2370.008544921875,2370.008544921875,2370.008544921875,2370.008544921875,0,0.0,0.0
2000-06-16 00:00:00+09:00,2370.008544921875,2370.008544921875,2370.008544921875,2370.008544921875,0,0.0,0.0
2000-06-19 00:00:00+09:00,2370.008544921875,2370.008544921875,2370.008544921875,2370.008544921875,0,0.0,0.0
2000-06-20 00:00:00+09:00,2370.008544921875,2370.008544921875,2370.008544921875,2370.008544921875,0,0.0,0.0
2000-06-21 00:00:00+09:00,2370.008544921875,2370.008544921875,2370.008544921875,2370.008544921875,0,0.0,0.0
2000-06-22 00:00:00+09:00,2227.807861328125,2227.807861328125,2227.807861328125,2227.807861328125,100,0.0,0.0
2000-06-23 00:00:00+09:00,2227.807861328125,2227.807861328125,2227.807861328125,2227.807861328125,0,0.0,0.0
2000-06-26 00:00:00+09:00,2057.167236328125,2057.167236328125,2057.167236328125,2057.167236328125,700,0.0,0.0
2000-06-27 00:00:00+09:00,2057.167236328125,2057.167236328125,2057.167236328125,2057.167236328125,0,0.0,0.0
2000-06-28 00:00:00+09:00,2057.167236328125,2057.167236328125,2057.167236328125,2057.167236328125,0,0.0,0.0
2000-06-29 00:00:00+09:00,2370.008544921875,2370.008544921875,2370.008544921875,2370.008544921875,100,0.0,0.0
2000-06-30 00:00:00+09:00,2370.008138020833,2370.008138020833,2133.00732421875,2133.00732421875,200,0.0,0.0
2000-07-03 00:00:00+09:00,2133.00732421875,2133.00732421875,2133.00732421875,2133.00732421875,0,0.0,0.0
2000-07-04 00:00:00+09:00,2085.607421875,2085.607421875,2085.607421875,2085.607421875,100,0.0,0.0
2000-07-05 00:00:00+09:00,2085.607421875,2085.607421875,2085.607421875,2085.607421875,100,0.0,0.0
2000-07-06 00:00:00+09:00,2085.607421875,2085.607421875,2085.607421875,2085.607421875,0,0.0,0.0
2000-07-07 00:00:00+09:00,2085.607421875,2085.607421875,2085.607421875,2085.607421875,0,0.0,0.0
2000-07-10 00:00:00+09:00,2370.008544921875,2370.008544921875,2370.008544921875,2370.008544921875,500,0.0,0.0
2000-07-11 00:00:00+09:00,2370.008544921875,2370.008544921875,2370.008544921875,2370.008544921875,100,0.0,0.0
2000-07-12 00:00:00+09:00,2370.008544921875,2370.008544921875,2370.008544921875,2370.008544921875,0,0.0,0.0
2000-07-13 00:00:00+09:00,2370.008544921875,2370.008544921875,2370.008544921875,2370.008544921875,0,0.0,0.0
2000-07-14 00:00:00+09:00,2370.008544921875,2370.008544921875,2370.008544921875,2370.008544921875,0,0.0,0.0
2000-07-17 00:00:00+09:00,2370.008544921875,2370.008544921875,2370.008544921875,2370.008544921875,0,0.0,0.0
2000-07-18 00:00:00+09:00,2370.008544921875,2370.008544921875,2370.008544921875,2370.008544921875,0,0.0,0.0
2000-07-19 00:00:00+09:00,2370.008544921875,2370.008544921875,2370.008544921875,2370.008544921875,0,0.0,0.0
2000-07-20 00:00:00+09:00,2370.008544921875,2370.008544921875,2370.008544921875,2370.008544921875,0,0.0,0.0
2000-07-21 00:00:00+09:00,2370.008544921875,2370.008544921875,2370.008544921875,2370.008544921875,0,0.0,0.0
2000-07-24 00:00:00+09:00,2227.807861328125,2227.807861328125,2227.807861328125,2227.807861328125,100,0.0,0.0
2000-07-25 00:00:00+09:00,2227.807861328125,2227.807861328125,2227.807861328125,2227.807861328125,0,0.0,0.0
2000-07-26 00:00:00+09:00,2142.48779296875,2142.48779296875,2142.48779296875,2142.48779296875,100,0.0,0.0
2000-07-27 00:00:00+09:00,2133.007758486587,2142.48779296875,2133.007758486587,2142.48779296875,300,0.0,0.0
2000-07-28 00:00:00+09:00,2142.48779296875,2142.48779296875,2142.48779296875,2142.48779296875,0,0.0,0.0
2000-07-31 00:00:00+09:00,2066.647705078125,2066.647705078125,2066.647705078125,2066.647705078125,200,0.0,0.0
2000-08-01 00:00:00+09:00,2066.6472215839462,2066.6472215839462,1933.9267578125,1933.9267578125,200,0.0,0.0
2000-08-02 00:00:00+09:00,2360.528564453125,2360.528564453125,2360.528564453125,2360.528564453125,100,0.0,0.0
2000-08-03 00:00:00+09:00,2360.528564453125,2360.528564453125,2360.528564453125,2360.528564453125,0,0.0,0.0
2000-08-04 00:00:00+09:00,2360.528564453125,2360.528564453125,2360.528564453125,2360.528564453125,0,0.0,0.0
2000-08-07 00:00:00+09:00,1933.9267578125,1933.9267578125,1933.9267578125,1933.9267578125,100,0.0,0.0
2000-08-08 00:00:00+09:00,1933.9267578125,1933.9267578125,1933.9267578125,1933.9267578125,0,0.0,0.0
2000-08-09 00:00:00+09:00,1933.9267578125,1933.9267578125,1933.9267578125,1933.9267578125,0,0.0,0.0
2000-08-10 00:00:00+09:00,2360.5285107421873,2370.008544921875,2360.5285107421873,2370.008544921875,600,0.0,0.0
2000-08-11 00:00:00+09:00,2370.008544921875,2370.008544921875,2370.008544921875,2370.008544921875,0,0.0,0.0
2000-08-14 00:00:00+09:00,2370.008544921875,2370.008544921875,2370.008544921875,2370.008544921875,0,0.0,0.0
2000-08-15 00:00:00+09:00,2370.008544921875,2370.008544921875,2370.008544921875,2370.008544921875,0,0.0,0.0
2000-08-16 00:00:00+09:00,2370.008544921875,2370.008544921875,2370.008544921875,2370.008544921875,0,0.0,0.0
2000-08-17 00:00:00+09:00,2370.008544921875,2370.008544921875,2370.008544921875,2370.008544921875,0,0.0,0.0
2000-08-18 00:00:00+09:00,2370.008544921875,2370.008544921875,2370.008544921875,2370.008544921875,0,0.0,0.0
2000-08-21 00:00:00+09:00,2370.008544921875,2370.008544921875,2370.008544921875,2370.008544921875,0,0.0,0.0
2000-08-22 00:00:00+09:00,2370.008544921875,2370.008544921875,2370.008544921875,2370.008544921875,0,0.0,0.0
2000-08-23 00:00:00+09:00,2370.008544921875,2370.008544921875,2370.008544921875,2370.008544921875,0,0.0,0.0
2000-08-24 00:00:00+09:00,2313.12841796875,2313.12841796875,2313.12841796875,2313.12841796875,100,0.0,0.0
2000-08-25 00:00:00+09:00,2313.1280828737745,2313.1280828737745,1933.9267578125,1933.9267578125,200,0.0,0.0
2000-08-28 00:00:00+09:00,1933.9267578125,1933.9267578125,1933.9267578125,1933.9267578125,300,0.0,0.0
2000-08-29 00:00:00+09:00,1933.9267578125,1933.9267578125,1933.9267578125,1933.9267578125,0,0.0,0.0
2000-08-30 00:00:00+09:00,1933.9267578125,1933.9267578125,1933.9267578125,1933.9267578125,0,0.0,0.0
2000-08-31 00:00:00+09:00,2227.807861328125,2227.807861328125,2227.807861328125,2227.807861328125,100,0.0,0.0
2000-09-01 00:00:00+09:00,2227.807861328125,2227.807861328125,2227.807861328125,2227.807861328125,0,0.0,0.0
2000-09-04 00:00:00+09:00,2227.807861328125,2227.807861328125,2227.807861328125,2227.807861328125,0,0.0,0.0
2000-09-05 00:00:00+09:00,2227.807861328125,2227.807861328125,2227.807861328125,2227.807861328125,0,0.0,0.0
2000-09-06 00:00:00+09:00,2227.807861328125,2227.807861328125,2227.807861328125,2227.807861328125,0,0.0,0.0
2000-09-07 00:00:00+09:00,2227.807861328125,2227.807861328125,2227.807861328125,2227.807861328125,0,0.0,0.0
2000-09-08 00:00:00+09:00,2227.807861328125,2227.807861328125,2227.807861328125,2227.807861328125,0,0.0,0.0
2000-09-11 00:00:00+09:00,2180.40771484375,2180.40771484375,2180.40771484375,2180.40771484375,600,0.0,0.0
2000-09-12 00:00:00+09:00,2180.40771484375,2180.40771484375,2180.40771484375,2180.40771484375,0,0.0,0.0
2000-09-13 00:00:00+09:00,2180.40771484375,2180.40771484375,2180.40771484375,2180.40771484375,0,0.0,0.0
2000-09-14 00:00:00+09:00,2180.40771484375,2180.40771484375,2180.40771484375,2180.40771484375,0,0.0,0.0
2000-09-15 00:00:00+09:00,2180.40771484375,2180.40771484375,2180.40771484375,2180.40771484375,0,0.0,0.0
2000-09-18 00:00:00+09:00,2180.40771484375,2180.40771484375,2180.40771484375,2180.40771484375,100,0.0,0.0
2000-09-19 00:00:00+09:00,2180.40771484375,2180.40771484375,2180.40771484375,2180.40771484375,0,0.0,0.0
2000-09-20 00:00:00+09:00,2180.40771484375,2180.40771484375,2180.40771484375,2180.40771484375,0,0.0,0.0
2000-09-21 00:00:00+09:00,1905.48681640625,1905.48681640625,1905.48681640625,1905.48681640625,100,0.0,0.0
2000-09-22 00:00:00+09:00,1905.48681640625,1905.48681640625,1905.48681640625,1905.48681640625,0,0.0,0.0
2000-09-25 00:00:00+09:00,2180.40771484375,2180.40771484375,2180.40771484375,2180.40771484375,400,0.0,0.0
2000-09-26 00:00:00+09:00,2180.40771484375,2180.40771484375,2180.40771484375,2180.40771484375,100,0.0,0.0
2000-09-27 00:00:00+09:00,2180.40771484375,2180.40771484375,2180.40771484375,2180.40771484375,0,0.0,0.0
2000-09-28 00:00:00+09:00,2180.40771484375,2180.40771484375,2180.40771484375,2180.40771484375,0,0.0,0.0
2000-09-29 00:00:00+09:00,2180.40771484375,2180.40771484375,2180.40771484375,2180.40771484375,0,0.0,0.0
2000-10-02 00:00:00+09:00,2180.40771484375,2180.40771484375,2180.40771484375,2180.40771484375,0,0.0,0.0
2000-10-03 00:00:00+09:00,2180.40771484375,2180.40771484375,2180.40771484375,2180.40771484375,0,0.0,0.0
2000-10-04 00:00:00+09:00,2180.40771484375,2180.40771484375,2180.40771484375,2180.40771484375,0,0.0,0.0
2000-10-05 00:00:00+09:00,1962.366943359375,1962.366943359375,1962.366943359375,1962.366943359375,100,0.0,0.0
2000-10-06 00:00:00+09:00,1962.366943359375,1962.366943359375,1962.366943359375,1962.366943359375,0,0.0,0.0
2000-10-09 00:00:00+09:00,1962.366943359375,1962.366943359375,1962.366943359375,1962.366943359375,0,0.0,0.0
2000-10-10 00:00:00+09:00,1943.4068603515625,1943.4068603515625,1943.4068603515625,1943.4068603515625,200,0.0,0.0
2000-10-11 00:00:00+09:00,1990.8070276772105,1990.8070276772105,1943.4068603515625,1943.4068603515625,200,0.0,0.0
2000-10-12 00:00:00+09:00,1943.406881713867,1943.406881713867,1896.0067138671875,1896.0067138671875,900,0.0,0.0
2000-10-13 00:00:00+09:00,1896.0067138671875,1896.0067138671875,1896.0067138671875,1896.0067138671875,200,0.0,0.0
2000-10-16 00:00:00+09:00,1896.0067138671875,1896.0067138671875,1896.0067138671875,1896.0067138671875,0,0.0,0.0
2000-10-17 00:00:00+09:00,1896.0067138671875,1896.0067138671875,1896.0067138671875,1896.0067138671875,0,0.0,0.0
2000-10-18 00:00:00+09:00,1896.0067138671875,1896.0067138671875,1896.0067138671875,1896.0067138671875,0,0.0,0.0
2000-10-19 00:00:00+09:00,1896.0067138671875,1896.0067138671875,1896.0067138671875,1896.0067138671875,0,0.0,0.0
2000-10-20 00:00:00+09:00,1896.0067138671875,1896.0067138671875,1896.0067138671875,1896.0067138671875,0,0.0,0.0
2000-10-23 00:00:00+09:00,1896.0067138671875,1896.0067138671875,1896.0067138671875,1896.0067138671875,0,0.0,0.0
2000-10-24 00:00:00+09:00,1896.0067138671875,1896.0067138671875,1896.0067138671875,1896.0067138671875,0,0.0,0.0
2000-10-25 00:00:00+09:00,1867.5667724609375,1867.5667724609375,1867.5667724609375,1867.5667724609375,400,0.0,0.0
2000-10-26 00:00:00+09:00,1867.5667724609375,1867.5667724609375,1867.5667724609375,1867.5667724609375,0,0.0,0.0
2000-10-27 00:00:00+09:00,1867.5667724609375,1867.5667724609375,1867.5667724609375,1867.5667724609375,0,0.0,0.0
2000-10-30 00:00:00+09:00,1867.5667724609375,1867.5667724609375,1867.5667724609375,1867.5667724609375,0,0.0,0.0
2000-10-31 00:00:00+09:00,1867.5667724609375,1867.5667724609375,1867.5667724609375,1867.5667724609375,0,0.0,0.0
2000-11-01 00:00:00+09:00,1801.206298828125,1801.206298828125,1801.206298828125,1801.206298828125,100,0.0,0.0
2000-11-02 00:00:00+09:00,1801.206298828125,1801.206298828125,1801.206298828125,1801.206298828125,0,0.0,0.0
2000-11-03 00:00:00+09:00,1801.206298828125,1801.206298828125,1801.206298828125,1801.206298828125,0,0.0,0.0
2000-11-06 00:00:00+09:00,1801.206298828125,1801.206298828125,1801.206298828125,1801.206298828125,0,0.0,0.0
2000-11-07 00:00:00+09:00,1801.206298828125,1801.206298828125,1801.206298828125,1801.206298828125,0,0.0,0.0
2000-11-08 00:00:00+09:00,1801.206298828125,1801.206298828125,1801.206298828125,1801.206298828125,0,0.0,0.0
2000-11-09 00:00:00+09:00,1801.206298828125,1801.206298828125,1801.206298828125,1801.206298828125,0,0.0,0.0
2000-11-10 00:00:00+09:00,1611.6056357935854,1801.206298828125,1611.6056357935854,1801.206298828125,1100,0.0,0.0
2000-11-13 00:00:00+09:00,1801.206298828125,1801.206298828125,1801.206298828125,1801.206298828125,0,0.0,0.0
2000-11-14 00:00:00+09:00,1801.206298828125,1801.206298828125,1801.206298828125,1801.206298828125,0,0.0,0.0
2000-11-15 00:00:00+09:00,1801.206298828125,1801.206298828125,1801.206298828125,1801.206298828125,0,0.0,0.0
2000-11-16 00:00:00+09:00,1801.206298828125,1801.206298828125,1801.206298828125,1801.206298828125,0,0.0,0.0
2000-11-17 00:00:00+09:00,1801.206298828125,1801.206298828125,1801.206298828125,1801.206298828125,0,0.0,0.0
2000-11-20 00:00:00+09:00,1621.085746495864,1621.085746495864,1611.605712890625,1611.605712890625,200,0.0,0.0
2000-11-21 00:00:00+09:00,1611.605712890625,1611.605712890625,1611.605712890625,1611.605712890625,0,0.0,0.0
2000-11-22 00:00:00+09:00,1526.285400390625,1526.285400390625,1526.285400390625,1526.285400390625,100,0.0,0.0
2000-11-23 00:00:00+09:00,1526.285400390625,1526.285400390625,1526.285400390625,1526.285400390625,0,0.0,0.0
2000-11-24 00:00:00+09:00,1526.285400390625,1526.285400390625,1526.285400390625,1526.285400390625,100,0.0,0.0
2000-11-27 00:00:00+09:00,1611.605712890625,1611.605712890625,1611.605712890625,1611.605712890625,200,0.0,0.0
2000-11-28 00:00:00+09:00,1611.605712890625,1611.605712890625,1611.605712890625,1611.605712890625,200,0.0,0.0
2000-11-29 00:00:00+09:00,1611.605712890625,1611.605712890625,1611.605712890625,1611.605712890625,0,0.0,0.0
2000-11-30 00:00:00+09:00,1611.605712890625,1611.605712890625,1611.605712890625,1611.605712890625,0,0.0,0.0
2000-12-01 00:00:00+09:00,1611.605712890625,1611.605712890625,1611.605712890625,1611.605712890625,0,0.0,0.0
2000-12-04 00:00:00+09:00,1611.605712890625,1611.605712890625,1611.605712890625,1611.605712890625,0,0.0,0.0
2000-12-05 00:00:00+09:00,1621.085693359375,1621.085693359375,1621.085693359375,1621.085693359375,100,0.0,0.0
2000-12-06 00:00:00+09:00,1621.085693359375,1621.085693359375,1621.085693359375,1621.085693359375,0,0.0,0.0
2000-12-07 00:00:00+09:00,1621.085693359375,1621.085693359375,1621.085693359375,1621.085693359375,0,0.0,0.0
2000-12-08 00:00:00+09:00,1621.085693359375,1621.085693359375,1621.085693359375,1621.085693359375,0,0.0,0.0
2000-12-11 00:00:00+09:00,1611.605712890625,1611.605712890625,1611.605712890625,1611.605712890625,100,0.0,0.0
2000-12-12 00:00:00+09:00,1611.6056357935854,1801.206298828125,1611.6056357935854,1801.206298828125,1400,0.0,0.0
2000-12-13 00:00:00+09:00,1801.206298828125,1801.206298828125,1801.206298828125,1801.206298828125,0,0.0,0.0
2000-12-14 00:00:00+09:00,1848.606689453125,1848.606689453125,1848.606689453125,1848.606689453125,100,0.0,0.0
2000-12-15 00:00:00+09:00,1848.606689453125,1848.606689453125,1848.606689453125,1848.606689453125,0,0.0,0.0
2000-12-18 00:00:00+09:00,1896.0067138671875,1896.0067138671875,1896.0067138671875,1896.0067138671875,100,0.0,0.0
2000-12-19 00:00:00+09:00,1896.0067138671875,1896.0067138671875,1896.0067138671875,1896.0067138671875,0,0.0,0.0
2000-12-20 00:00:00+09:00,1896.0067138671875,1896.0067138671875,1896.0067138671875,1896.0067138671875,0,0.0,0.0
2000-12-21 00:00:00+09:00,1896.0067138671875,1896.0067138671875,1896.0067138671875,1896.0067138671875,0,0.0,0.0
2000-12-22 00:00:00+09:00,1896.0067138671875,1896.0067138671875,1896.0067138671875,1896.0067138671875,0,0.0,0.0
2000-12-25 00:00:00+09:00,2114.0474800441575,2180.40771484375,2114.0474800441575,2180.40771484375,500,0.0,0.0
2000-12-26 00:00:00+09:00,2180.40771484375,2180.40771484375,2180.40771484375,2180.40771484375,0,0.0,0.0
2000-12-27 00:00:00+09:00,2180.40771484375,2180.40771484375,2180.40771484375,2180.40771484375,0,0.0,0.0
2000-12-28 00:00:00+09:00,1791.7264404296875,1791.7264404296875,1791.7264404296875,1791.7264404296875,100,0.0,0.0
2000-12-29 00:00:00+09:00,1791.7264404296875,1791.7264404296875,1791.7264404296875,1791.7264404296875,0,0.0,0.0
2001-01-01 00:00:00+09:00,1791.7264404296875,1791.7264404296875,1791.7264404296875,1791.7264404296875,0,0.0,0.0
2001-01-02 00:00:00+09:00,1791.7264404296875,1791.7264404296875,1791.7264404296875,1791.7264404296875,0,0.0,0.0
2001-01-03 00:00:00+09:00,1791.7264404296875,1791.7264404296875,1791.7264404296875,1791.7264404296875,0,0.0,0.0
2001-01-04 00:00:00+09:00,1791.7264404296875,1791.7264404296875,1791.7264404296875,1791.7264404296875,0,0.0,0.0
2001-01-05 00:00:00+09:00,1791.7264404296875,1791.7264404296875,1791.7264404296875,1791.7264404296875,0,0.0,0.0
2001-01-08 00:00:00+09:00,1791.7264404296875,1791.7264404296875,1791.7264404296875,1791.7264404296875,0,0.0,0.0
2001-01-09 00:00:00+09:00,1791.7264404296875,1791.7264404296875,1791.7264404296875,1791.7264404296875,0,0.0,0.0
2001-01-10 00:00:00+09:00,1706.4061279296875,1706.4061279296875,1706.4061279296875,1706.4061279296875,100,0.0,0.0
2001-01-11 00:00:00+09:00,1706.4061279296875,1706.4061279296875,1706.4061279296875,1706.4061279296875,0,0.0,0.0
2001-01-12 00:00:00+09:00,2085.607379415761,2180.40771484375,2085.607379415761,2180.40771484375,600,0.0,0.0
2001-01-15 00:00:00+09:00,2180.40771484375,2180.40771484375,2180.40771484375,2180.40771484375,0,0.0,0.0
2001-01-16 00:00:00+09:00,1706.4061279296875,1706.4061279296875,1706.4061279296875,1706.4061279296875,100,0.0,0.0
2001-01-17 00:00:00+09:00,1706.4061279296875,1706.4061279296875,1706.4061279296875,1706.4061279296875,0,0.0,0.0
2001-01-18 00:00:00+09:00,1706.4061279296875,1706.4061279296875,1706.4061279296875,1706.4061279296875,600,0.0,0.0
2001-01-19 00:00:00+09:00,1706.4061279296875,1706.4061279296875,1706.4061279296875,1706.4061279296875,0,0.0,0.0
2001-01-22 00:00:00+09:00,1706.4061279296875,1706.4061279296875,1706.4061279296875,1706.4061279296875,0,0.0,0.0
2001-01-23 00:00:00+09:00,1706.4061279296875,1706.4061279296875,1706.4061279296875,1706.4061279296875,0,0.0,0.0
2001-01-24 00:00:00+09:00,1914.9669189453125,1914.9669189453125,1914.9669189453125,1914.9669189453125,200,0.0,0.0
2001-01-25 00:00:00+09:00,1914.9668146306817,2085.607421875,1914.9668146306817,2085.607421875,300,0.0,0.0
2001-01-26 00:00:00+09:00,2085.607421875,2085.607421875,2085.607421875,2085.607421875,100,0.0,0.0
2001-01-29 00:00:00+09:00,2085.607421875,2085.607421875,2085.607421875,2085.607421875,0,0.0,0.0
2001-01-30 00:00:00+09:00,2085.607421875,2085.607421875,2085.607421875,2085.607421875,0,0.0,0.0
2001-01-31 00:00:00+09:00,2085.607421875,2085.607421875,2085.607421875,2085.607421875,100,0.0,0.0
2001-02-01 00:00:00+09:00,2085.607421875,2085.607421875,2085.607421875,2085.607421875,0,0.0,0.0
2001-02-02 00:00:00+09:00,2085.607421875,2085.607421875,2085.607421875,2085.607421875,0,0.0,0.0
2001-02-05 00:00:00+09:00,2085.607421875,2085.607421875,2085.607421875,2085.607421875,0,0.0,0.0
2001-02-06 00:00:00+09:00,2085.607421875,2085.607421875,2085.607421875,2085.607421875,0,0.0,0.0
2001-02-07 00:00:00+09:00,2085.607421875,2085.607421875,2085.607421875,2085.607421875,0,0.0,0.0
2001-02-08 00:00:00+09:00,2085.607421875,2085.607421875,2085.607421875,2085.607421875,0,0.0,0.0
2001-02-09 00:00:00+09:00,2085.607421875,2085.607421875,2085.607421875,2085.607421875,0,0.0,0.0
2001-02-12 00:00:00+09:00,2085.607421875,2085.607421875,2085.607421875,2085.607421875,0,0.0,0.0
2001-02-13 00:00:00+09:00,1990.8070439877717,2180.40771484375,1990.8070439877717,2180.40771484375,600,0.0,0.0
2001-02-14 00:00:00+09:00,2180.40771484375,2180.40771484375,2180.40771484375,2180.40771484375,0,0.0,0.0
2001-02-15 00:00:00+09:00,2085.607421875,2085.607421875,2085.607421875,2085.607421875,100,0.0,0.0
2001-02-16 00:00:00+09:00,2085.607421875,2085.607421875,2085.607421875,2085.607421875,0,0.0,0.0
2001-02-19 00:00:00+09:00,2085.607421875,2085.607421875,2085.607421875,2085.607421875,0,0.0,0.0
2001-02-20 00:00:00+09:00,2085.607421875,2085.607421875,2085.607421875,2085.607421875,0,0.0,0.0
2001-02-21 00:00:00+09:00,2085.607421875,2085.607421875,2085.607421875,2085.607421875,0,0.0,0.0
2001-02-22 00:00:00+09:00,2085.607421875,2085.607421875,2085.607421875,2085.607421875,100,0.0,0.0
2001-02-23 00:00:00+09:00,2085.607421875,2085.607421875,2085.607421875,2085.607421875,300,0.0,0.0
2001-02-26 00:00:00+09:00,2085.607379415761,2180.40771484375,2085.607379415761,2180.40771484375,300,0.0,0.0
2001-02-27 00:00:00+09:00,2180.40771484375,2180.40771484375,2180.40771484375,2180.40771484375,100,0.0,0.0
2001-02-28 00:00:00+09:00,2180.40771484375,2180.40771484375,2180.40771484375,2180.40771484375,0,0.0,0.0
2001-03-01 00:00:00+09:00,2180.40771484375,2180.40771484375,2180.40771484375,2180.40771484375,0,0.0,0.0
2001-03-02 00:00:00+09:00,1990.8070495605468,1990.8070495605468,1896.0067138671875,1896.0067138671875,300,0.0,0.0
2001-03-05 00:00:00+09:00,1896.0067138671875,1896.0067138671875,1896.0067138671875,1896.0067138671875,0,0.0,0.0
2001-03-06 00:00:00+09:00,1896.0067138671875,1896.0067138671875,1896.0067138671875,1896.0067138671875,0,0.0,0.0
2001-03-07 00:00:00+09:00,2019.2471923828125,2019.2471923828125,2019.2471923828125,2019.2471923828125,100,0.0,0.0
2001-03-08 00:00:00+09:00,1990.80712890625,1990.80712890625,1990.80712890625,1990.80712890625,200,0.0,0.0
2001-03-09 00:00:00+09:00,1990.80712890625,1990.80712890625,1990.80712890625,1990.80712890625,0,0.0,0.0
2001-03-12 00:00:00+09:00,2038.20731396945,2085.607484061763,2009.7672119140625,2009.7672119140625,800,0.0,0.0
2001-03-13 00:00:00+09:00,2009.7672119140625,2009.7672119140625,2009.7672119140625,2009.7672119140625,0,0.0,0.0
2001-03-14 00:00:00+09:00,2009.7672119140625,2009.7672119140625,2009.7672119140625,2009.7672119140625,0,0.0,0.0
2001-03-15 00:00:00+09:00,2009.7672119140625,2009.7672119140625,2009.7672119140625,2009.7672119140625,0,0.0,0.0
2001-03-16 00:00:00+09:00,2009.7672119140625,2009.7672119140625,2009.7672119140625,2009.7672119140625,0,0.0,0.0
2001-03-19 00:00:00+09:00,2009.7672119140625,2009.7672119140625,2009.7672119140625,2009.7672119140625,0,0.0,0.0
2001-03-20 00:00:00+09:00,2009.7672119140625,2009.7672119140625,2009.7672119140625,2009.7672119140625,0,0.0,0.0
2001-03-21 00:00:00+09:00,2009.7672119140625,2009.7672119140625,2009.7672119140625,2009.7672119140625,0,0.0,0.0
2001-03-22 00:00:00+09:00,1905.4868428548177,1905.4868428548177,1706.4061279296875,1706.4061279296875,500,0.0,0.0
2001-03-23 00:00:00+09:00,1715.8860554118733,1753.8061892331302,1715.8860554118733,1725.3660888671875,300,0.0,0.0
2001-03-26 00:00:00+09:00,1725.3660888671875,1725.3660888671875,1725.3660888671875,1725.3660888671875,0,0.0,0.0
2001-03-27 00:00:00+09:00,1924.4468145751953,1924.4468145751953,1896.0067138671875,1896.0067138671875,500,0.0,0.0
2001-03-28 00:00:00+09:00,1801.2065402710637,1801.2065402710637,1715.88623046875,1715.88623046875,300,0.0,0.0
2001-03-29 00:00:00+09:00,1715.88623046875,1715.88623046875,1715.88623046875,1715.88623046875,100,0.0,0.0
2001-03-30 00:00:00+09:00,1715.88623046875,1715.88623046875,1715.88623046875,1715.88623046875,0,0.0,0.0
2001-04-02 00:00:00+09:00,1715.88623046875,1715.88623046875,1715.88623046875,1715.88623046875,0,0.0,0.0
2001-04-03 00:00:00+09:00,1715.88623046875,1715.88623046875,1715.88623046875,1715.88623046875,0,0.0,0.0
2001-04-04 00:00:00+09:00,1829.646240234375,1829.646240234375,1829.646240234375,1829.646240234375,100,0.0,0.0
2001-04-05 00:00:00+09:00,1829.646240234375,1829.646240234375,1829.646240234375,1829.646240234375,0,0.0,0.0
2001-04-06 00:00:00+09:00,1829.646240234375,1829.646240234375,1829.646240234375,1829.646240234375,0,0.0,0.0
2001-04-09 00:00:00+09:00,1810.6865234375,1810.6865234375,1810.6865234375,1810.6865234375,200,0.0,0.0
2001-04-10 00:00:00+09:00,1981.3271484375,1981.3271484375,1981.3271484375,1981.3271484375,700,0.0,0.0
2001-04-11 00:00:00+09:00,1981.3271484375,1981.3271484375,1981.3271484375,1981.3271484375,0,0.0,0.0
2001-04-12 00:00:00+09:00,1981.3271484375,1981.3271484375,1981.3271484375,1981.3271484375,0,0.0,0.0
2001-04-13 00:00:00+09:00,1896.0067138671875,1896.0067138671875,1896.0067138671875,1896.0067138671875,100,0.0,0.0
2001-04-16 00:00:00+09:00,1896.0067138671875,1896.0067138671875,1896.0067138671875,1896.0067138671875,200,0.0,0.0
2001-04-17 00:00:00+09:00,1896.0067138671875,1896.0067138671875,1896.0067138671875,1896.0067138671875,0,0.0,0.0
2001-04-18 00:00:00+09:00,1896.0067138671875,1896.0067138671875,1896.0067138671875,1896.0067138671875,0,0.0,0.0
2001-04-19 00:00:00+09:00,1896.0067138671875,1896.0067138671875,1896.0067138671875,1896.0067138671875,0,0.0,0.0
2001-04-20 00:00:00+09:00,1801.206298828125,1801.206298828125,1801.206298828125,1801.206298828125,100,0.0,0.0
2001-04-23 00:00:00+09:00,1801.206298828125,1801.206298828125,1801.206298828125,1801.206298828125,100,0.0,0.0
2001-04-24 00:00:00+09:00,1801.206298828125,1801.206298828125,1801.206298828125,1801.206298828125,0,0.0,0.0
2001-04-25 00:00:00+09:00,1848.6065460205077,1896.0067138671875,1848.6065460205077,1896.0067138671875,400,0.0,0.0
2001-04-26 00:00:00+09:00,1848.6065460205077,1896.0067138671875,1848.6065460205077,1896.0067138671875,400,0.0,0.0
2001-04-27 00:00:00+09:00,1896.0067138671875,1896.0067138671875,1896.0067138671875,1896.0067138671875,0,0.0,0.0
2001-04-30 00:00:00+09:00,1896.0067138671875,1896.0067138671875,1896.0067138671875,1896.0067138671875,0,0.0,0.0
2001-05-01 00:00:00+09:00,1753.8062744140625,1753.8062744140625,1753.8062744140625,1753.8062744140625,100,0.0,0.0
2001-05-02 00:00:00+09:00,1753.8062744140625,1753.8062744140625,1753.8062744140625,1753.8062744140625,0,0.0,0.0
2001-05-03 00:00:00+09:00,1753.8062744140625,1753.8062744140625,1753.8062744140625,1753.8062744140625,0,0.0,0.0
2001-05-04 00:00:00+09:00,1753.8062744140625,1753.8062744140625,1753.8062744140625,1753.8062744140625,0,0.0,0.0
2001-05-07 00:00:00+09:00,1753.8062744140625,1753.8062744140625,1753.8062744140625,1753.8062744140625,0,0.0,0.0
2001-05-08 00:00:00+09:00,1753.8062744140625,1753.8062744140625,1753.8062744140625,1753.8062744140625,0,0.0,0.0
2001-05-09 00:00:00+09:00,1753.8062744140625,1753.8062744140625,1753.8062744140625,1753.8062744140625,0,0.0,0.0
2001-05-10 00:00:00+09:00,1848.6065460205077,1896.0067138671875,1848.6065460205077,1896.0067138671875,700,0.0,0.0
2001-05-11 00:00:00+09:00,1896.0067138671875,1896.0067138671875,1896.0067138671875,1896.0067138671875,100,0.0,0.0
2001-05-14 00:00:00+09:00,1896.0067138671875,1896.0067138671875,1896.0067138671875,1896.0067138671875,0,0.0,0.0
2001-05-15 00:00:00+09:00,1896.0067138671875,1896.0067138671875,1896.0067138671875,1896.0067138671875,0,0.0,0.0
2001-05-16 00:00:00+09:00,1896.0067138671875,1896.0067138671875,1896.0067138671875,1896.0067138671875,0,0.0,0.0
2001-05-17 00:00:00+09:00,1896.0067138671875,1896.0067138671875,1896.0067138671875,1896.0067138671875,0,0.0,0.0
2001-05-18 00:00:00+09:00,1896.0067138671875,1896.0067138671875,1896.0067138671875,1896.0067138671875,0,0.0,0.0
2001-05-21 00:00:00+09:00,1952.8870849609375,1952.8870849609375,1952.8870849609375,1952.8870849609375,200,0.0,0.0
2001-05-22 00:00:00+09:00,1952.8870849609375,1952.8870849609375,1952.8870849609375,1952.8870849609375,0,0.0,0.0
2001-05-23 00:00:00+09:00,1971.8468017578125,1971.8468017578125,1971.8468017578125,1971.8468017578125,100,0.0,0.0
2001-05-24 00:00:00+09:00,1971.8470610119048,1990.80712890625,1971.8470610119048,1990.80712890625,300,0.0,0.0
2001-05-25 00:00:00+09:00,1990.80712890625,1990.80712890625,1990.80712890625,1990.80712890625,500,0.0,0.0
2001-05-28 00:00:00+09:00,1990.80712890625,1990.80712890625,1990.80712890625,1990.80712890625,0,0.0,0.0
2001-05-29 00:00:00+09:00,1990.80712890625,1990.80712890625,1990.80712890625,1990.80712890625,0,0.0,0.0
2001-05-30 00:00:00+09:00,1990.80712890625,1990.80712890625,1990.80712890625,1990.80712890625,0,0.0,0.0
2001-05-31 00:00:00+09:00,1990.80712890625,1990.80712890625,1990.80712890625,1990.80712890625,0,0.0,0.0
2001-06-01 00:00:00+09:00,1990.80712890625,1990.80712890625,1990.80712890625,1990.80712890625,0,0.0,0.0
2001-06-04 00:00:00+09:00,2028.7275390625,2028.7275390625,2028.7275390625,2028.7275390625,100,0.0,0.0
2001-06-05 00:00:00+09:00,2028.7275390625,2028.7275390625,2028.7275390625,2028.7275390625,100,0.0,0.0
2001-06-06 00:00:00+09:00,2028.7275390625,2028.7275390625,2028.7275390625,2028.7275390625,0,0.0,0.0
2001-06-07 00:00:00+09:00,2028.7275390625,2028.7275390625,2028.7275390625,2028.7275390625,0,0.0,0.0
2001-06-08 00:00:00+09:00,1990.8070276772105,1990.8070276772105,1943.4068603515625,1943.4068603515625,200,0.0,0.0
2001-06-11 00:00:00+09:00,1990.80712890625,1990.80712890625,1990.80712890625,1990.80712890625,700,0.0,0.0
2001-06-12 00:00:00+09:00,1990.80712890625,1990.80712890625,1990.80712890625,1990.80712890625,800,0.0,0.0
2001-06-13 00:00:00+09:00,1990.80712890625,1990.80712890625,1990.80712890625,1990.80712890625,0,0.0,0.0
2001-06-14 00:00:00+09:00,1990.80712890625,1990.80712890625,1990.80712890625,1990.80712890625,0,0.0,0.0
2001-06-15 00:00:00+09:00,1990.80712890625,1990.80712890625,1990.80712890625,1990.80712890625,0,0.0,0.0
2001-06-18 00:00:00+09:00,1990.80712890625,1990.80712890625,1990.80712890625,1990.80712890625,0,0.0,0.0
2001-06-19 00:00:00+09:00,1990.80712890625,1990.80712890625,1990.80712890625,1990.80712890625,0,0.0,0.0
2001-06-20 00:00:00+09:00,1990.80712890625,1990.80712890625,1990.80712890625,1990.80712890625,0,0.0,0.0
2001-06-21 00:00:00+09:00,1896.0067894345239,1990.80712890625,1896.0067894345239,1990.80712890625,200,0.0,0.0
2001-06-22 00:00:00+09:00,1990.80712890625,1990.80712890625,1990.80712890625,1990.80712890625,100,0.0,0.0
2001-06-25 00:00:00+09:00,1990.8070495605468,2076.1273516845704,1896.0067138671875,1896.0067138671875,500,0.0,0.0
2001-06-26 00:00:00+09:00,1896.0067138671875,1896.0067138671875,1896.0067138671875,1896.0067138671875,0,0.0,0.0
2001-06-27 00:00:00+09:00,1896.0067138671875,1896.0067138671875,1896.0067138671875,1896.0067138671875,0,0.0,0.0
2001-06-28 00:00:00+09:00,1810.6865234375,1810.6865234375,1810.6865234375,1810.6865234375,100,0.0,0.0
2001-06-29 00:00:00+09:00,1810.6865234375,1810.6865234375,1810.6865234375,1810.6865234375,0,0.0,0.0
2001-07-02 00:00:00+09:00,2180.40771484375,2180.40771484375,2180.40771484375,2180.40771484375,300,0.0,0.0
2001-07-03 00:00:00+09:00,2180.40771484375,2180.40771484375,2180.40771484375,2180.40771484375,0,0.0,0.0
2001-07-04 00:00:00+09:00,2180.40771484375,2180.40771484375,2180.40771484375,2180.40771484375,0,0.0,0.0
2001-07-05 00:00:00+09:00,2180.40771484375,2180.40771484375,2180.40771484375,2180.40771484375,0,0.0,0.0
2001-07-06 00:00:00+09:00,2180.40771484375,2180.40771484375,2180.40771484375,2180.40771484375,100,0.0,0.0
2001-07-09 00:00:00+09:00,2180.40771484375,2180.40771484375,2180.40771484375,2180.40771484375,0,0.0,0.0
2001-07-10 00:00:00+09:00,2180.40771484375,2180.40771484375,2180.40771484375,2180.40771484375,600,0.0,0.0
2001-07-11 00:00:00+09:00,2180.40771484375,2180.40771484375,2180.40771484375,2180.40771484375,0,0.0,0.0
2001-07-12 00:00:00+09:00,1990.8070845170455,2085.607421875,1990.8070845170455,2085.607421875,200,0.0,0.0
2001-07-13 00:00:00+09:00,2085.607421875,2085.607421875,2085.607421875,2085.607421875,0,0.0,0.0
2001-07-16 00:00:00+09:00,2085.607421875,2085.607421875,2085.607421875,2085.607421875,0,0.0,0.0
2001-07-17 00:00:00+09:00,2085.607421875,2085.607421875,2085.607421875,2085.607421875,200,0.0,0.0
2001-07-18 00:00:00+09:00,2085.607421875,2085.607421875,2085.607421875,2085.607421875,0,0.0,0.0
2001-07-19 00:00:00+09:00,2085.607421875,2085.607421875,2085.607421875,2085.607421875,0,0.0,0.0
2001-07-20 00:00:00+09:00,2085.607421875,2085.607421875,2085.607421875,2085.607421875,0,0.0,0.0
2001-07-23 00:00:00+09:00,2076.1279296875,2076.1279296875,2076.1279296875,2076.1279296875,100,0.0,0.0
2001-07-24 00:00:00+09:00,2076.1274344308035,2076.1274344308035,1990.80712890625,1990.80712890625,200,0.0,0.0
2001-07-25 00:00:00+09:00,1990.80712890625,1990.80712890625,1990.80712890625,1990.80712890625,200,0.0,0.0
2001-07-26 00:00:00+09:00,1990.80712890625,1990.80712890625,1990.80712890625,1990.80712890625,0,0.0,0.0
2001-07-27 00:00:00+09:00,1990.80712890625,1990.80712890625,1990.80712890625,1990.80712890625,0,0.0,0.0
2001-07-30 00:00:00+09:00,1990.80712890625,1990.80712890625,1990.80712890625,1990.80712890625,100,0.0,0.0
2001-07-31 00:00:00+09:00,1990.80712890625,1990.80712890625,1990.80712890625,1990.80712890625,0,0.0,0.0
2001-08-01 00:00:00+09:00,1905.48681640625,1905.48681640625,1905.48681640625,1905.48681640625,100,0.0,0.0
2001-08-02 00:00:00+09:00,1905.48681640625,1905.48681640625,1905.48681640625,1905.48681640625,0,0.0,0.0
2001-08-03 00:00:00+09:00,1905.48681640625,1905.48681640625,1905.48681640625,1905.48681640625,0,0.0,0.0
2001-08-06 00:00:00+09:00,1905.48681640625,1905.48681640625,1905.48681640625,1905.48681640625,0,0.0,0.0
2001-08-07 00:00:00+09:00,1905.48681640625,1905.48681640625,1905.48681640625,1905.48681640625,0,0.0,0.0
2001-08-08 00:00:00+09:00,1905.48681640625,1905.48681640625,1905.48681640625,1905.48681640625,0,0.0,0.0
2001-08-09 00:00:00+09:00,1905.48681640625,1905.48681640625,1905.48681640625,1905.48681640625,0,0.0,0.0
2001-08-10 00:00:00+09:00,2114.0480614377743,2161.4482421875,2114.0480614377743,2161.4482421875,700,0.0,0.0
2001-08-13 00:00:00+09:00,2161.4482421875,2161.4482421875,2161.4482421875,2161.4482421875,0,0.0,0.0
2001-08-14 00:00:00+09:00,2161.4482421875,2161.4482421875,2161.4482421875,2161.4482421875,0,0.0,0.0
2001-08-15 00:00:00+09:00,2161.4482421875,2161.4482421875,2161.4482421875,2161.4482421875,0,0.0,0.0
2001-08-16 00:00:00+09:00,2161.4482421875,2161.4482421875,2161.4482421875,2161.4482421875,0,0.0,0.0
2001-08-17 00:00:00+09:00,2161.4482421875,2161.4482421875,2161.4482421875,2161.4482421875,0,0.0,0.0
2001-08-20 00:00:00+09:00,1905.48681640625,1905.48681640625,1905.48681640625,1905.48681640625,100,0.0,0.0
2001-08-21 00:00:00+09:00,1905.48681640625,1905.48681640625,1905.48681640625,1905.48681640625,0,0.0,0.0
2001-08-22 00:00:00+09:00,1905.48681640625,1905.48681640625,1905.48681640625,1905.48681640625,0,0.0,0.0
2001-08-23 00:00:00+09:00,1990.80712890625,1990.80712890625,1990.80712890625,1990.80712890625,100,0.0,0.0
2001-08-24 00:00:00+09:00,1905.48681640625,1905.48681640625,1905.48681640625,1905.48681640625,100,0.0,0.0
2001-08-27 00:00:00+09:00,1990.8070439877717,2180.40771484375,1990.8070439877717,2180.40771484375,400,0.0,0.0
2001-08-28 00:00:00+09:00,2180.40771484375,2180.40771484375,2180.40771484375,2180.40771484375,0,0.0,0.0
2001-08-29 00:00:00+09:00,2351.048828125,2351.048828125,2351.048828125,2351.048828125,100,0.0,0.0
2001-08-30 00:00:00+09:00,2351.048828125,2351.048828125,2351.048828125,2351.048828125,0,0.0,0.0
2001-08-31 00:00:00+09:00,2351.048828125,2351.048828125,2351.048828125,2351.048828125,0,0.0,0.0
2001-09-03 00:00:00+09:00,2322.6081989567456,2322.6081989567456,1943.4068603515625,1943.4068603515625,200,0.0,0.0
2001-09-04 00:00:00+09:00,1943.4068603515625,1943.4068603515625,1943.4068603515625,1943.4068603515625,0,0.0,0.0
2001-09-05 00:00:00+09:00,1943.4068603515625,1943.4068603515625,1943.4068603515625,1943.4068603515625,0,0.0,0.0
2001-09-06 00:00:00+09:00,1943.4068603515625,1943.4068603515625,1943.4068603515625,1943.4068603515625,0,0.0,0.0
2001-09-07 00:00:00+09:00,2161.447455772987,2161.447455772987,1971.8468017578125,1971.8468017578125,300,0.0,0.0
2001-09-10 00:00:00+09:00,1981.3268350290698,2038.20703125,1981.3268350290698,2038.20703125,600,0.0,0.0
2001-09-11 00:00:00+09:00,2038.20703125,2038.20703125,2038.20703125,2038.20703125,200,0.0,0.0
2001-09-12 00:00:00+09:00,1933.9267578125,1933.9267578125,1933.9267578125,1933.9267578125,100,0.0,0.0
2001-09-13 00:00:00+09:00,1933.9267578125,1933.9267578125,1933.9267578125,1933.9267578125,0,0.0,0.0
2001-09-14 00:00:00+09:00,1933.9267578125,1933.9267578125,1933.9267578125,1933.9267578125,0,0.0,0.0
2001-09-17 00:00:00+09:00,1933.9267578125,1933.9267578125,1933.9267578125,1933.9267578125,0,0.0,0.0
2001-09-18 00:00:00+09:00,1933.9267578125,1933.9267578125,1933.9267578125,1933.9267578125,0,0.0,0.0
2001-09-19 00:00:00+09:00,1933.9267578125,1933.9267578125,1933.9267578125,1933.9267578125,0,0.0,0.0
2001-09-20 00:00:00+09:00,1933.9267578125,1933.9267578125,1933.9267578125,1933.9267578125,0,0.0,0.0
2001-09-21 00:00:00+09:00,1933.9267578125,1933.9267578125,1933.9267578125,1933.9267578125,0,0.0,0.0
2001-09-24 00:00:00+09:00,1933.9267578125,1933.9267578125,1933.9267578125,1933.9267578125,0,0.0,0.0
2001-09-25 00:00:00+09:00,2085.607421875,2085.607421875,2085.607421875,2085.607421875,100,0.0,0.0
2001-09-26 00:00:00+09:00,2076.127254710478,2076.127254710478,1933.9267578125,1933.9267578125,200,0.0,0.0
2001-09-27 00:00:00+09:00,1933.9267578125,1933.9267578125,1933.9267578125,1933.9267578125,0,0.0,0.0
2001-09-28 00:00:00+09:00,1933.9267578125,1933.9267578125,1933.9267578125,1933.9267578125,0,0.0,0.0
2001-10-01 00:00:00+09:00,1933.9267578125,1933.9267578125,1933.9267578125,1933.9267578125,0,0.0,0.0
2001-10-02 00:00:00+09:00,2085.6071614583334,2133.00732421875,2085.6071614583334,2133.00732421875,200,0.0,0.0
2001-10-03 00:00:00+09:00,2133.00732421875,2133.00732421875,2133.00732421875,2133.00732421875,0,0.0,0.0
2001-10-04 00:00:00+09:00,2133.00732421875,2133.00732421875,2133.00732421875,2133.00732421875,0,0.0,0.0
2001-10-05 00:00:00+09:00,2133.00732421875,2133.00732421875,2133.00732421875,2133.00732421875,0,0.0,0.0
2001-10-08 00:00:00+09:00,2133.00732421875,2133.00732421875,2133.00732421875,2133.00732421875,0,0.0,0.0
2001-10-09 00:00:00+09:00,2133.00732421875,2133.00732421875,2133.00732421875,2133.00732421875,0,0.0,0.0
2001-10-10 00:00:00+09:00,2085.607421875,2085.607421875,2085.607421875,2085.607421875,600,0.0,0.0
2001-10-11 00:00:00+09:00,2133.00732421875,2133.00732421875,2133.00732421875,2133.00732421875,100,0.0,0.0
2001-10-12 00:00:00+09:00,2133.00732421875,2133.00732421875,2133.00732421875,2133.00732421875,0,0.0,0.0
2001-10-15 00:00:00+09:00,2133.00732421875,2133.00732421875,2133.00732421875,2133.00732421875,0,0.0,0.0
2001-10-16 00:00:00+09:00,2133.00732421875,2133.00732421875,2133.00732421875,2133.00732421875,0,0.0,0.0
2001-10-17 00:00:00+09:00,2133.00732421875,2133.00732421875,2133.00732421875,2133.00732421875,0,0.0,0.0
2001-10-18 00:00:00+09:00,2133.00732421875,2133.00732421875,2133.00732421875,2133.00732421875,0,0.0,0.0
2001-10-19 00:00:00+09:00,2133.007453469669,2133.007453469669,1933.9267578125,1933.9267578125,800,0.0,0.0
2001-10-22 00:00:00+09:00,1896.0067138671875,1896.0067138671875,1896.0067138671875,1896.0067138671875,100,0.0,0.0
2001-10-23 00:00:00+09:00,1896.0067138671875,1896.0067138671875,1896.0067138671875,1896.0067138671875,0,0.0,0.0
2001-10-24 00:00:00+09:00,1896.0067138671875,1896.0067138671875,1896.0067138671875,1896.0067138671875,0,0.0,0.0
2001-10-25 00:00:00+09:00,2104.567138671875,2104.567138671875,2104.567138671875,2104.567138671875,100,0.0,0.0
2001-10-26 00:00:00+09:00,2104.567138671875,2104.567138671875,2104.567138671875,2104.567138671875,100,0.0,0.0
2001-10-29 00:00:00+09:00,1943.4068603515625,1943.4068603515625,1943.4068603515625,1943.4068603515625,100,0.0,0.0
2001-10-30 00:00:00+09:00,1943.4068603515625,1943.4068603515625,1943.4068603515625,1943.4068603515625,0,0.0,0.0
2001-10-31 00:00:00+09:00,2028.727257268346,2028.727257268346,1896.0067824937812,1905.48681640625,600,0.0,0.0
2001-11-01 00:00:00+09:00,1905.48681640625,1905.48681640625,1905.48681640625,1905.48681640625,0,0.0,0.0
2001-11-02 00:00:00+09:00,1905.48681640625,1905.48681640625,1905.48681640625,1905.48681640625,0,0.0,0.0
2001-11-05 00:00:00+09:00,1905.48681640625,1905.48681640625,1905.48681640625,1905.48681640625,0,0.0,0.0
2001-11-06 00:00:00+09:00,1981.3271484375,1981.3271484375,1981.3271484375,1981.3271484375,100,0.0,0.0
2001-11-07 00:00:00+09:00,1981.3271484375,1981.3271484375,1981.3271484375,1981.3271484375,0,0.0,0.0
2001-11-08 00:00:00+09:00,1981.3271484375,1981.3271484375,1981.3271484375,1981.3271484375,0,0.0,0.0
2001-11-09 00:00:00+09:00,1981.3271484375,1981.3271484375,1981.3271484375,1981.3271484375,0,0.0,0.0
2001-11-12 00:00:00+09:00,2085.607421875,2085.607421875,2085.607421875,2085.607421875,700,0.0,0.0
2001-11-13 00:00:00+09:00,2085.607421875,2085.607421875,2085.607421875,2085.607421875,0,0.0,0.0
2001-11-14 00:00:00+09:00,2085.607421875,2085.607421875,2085.607421875,2085.607421875,0,0.0,0.0
2001-11-15 00:00:00+09:00,2085.607421875,2085.607421875,2085.607421875,2085.607421875,0,0.0,0.0
2001-11-16 00:00:00+09:00,2085.607421875,2085.607421875,2085.607421875,2085.607421875,0,0.0,0.0
2001-11-19 00:00:00+09:00,2085.607421875,2085.607421875,2085.607421875,2085.607421875,0,0.0,0.0
2001-11-20 00:00:00+09:00,2085.607421875,2085.607421875,2085.607421875,2085.607421875,0,0.0,0.0
2001-11-21 00:00:00+09:00,2085.607421875,2085.607421875,2085.607421875,2085.607421875,0,0.0,0.0
2001-11-22 00:00:00+09:00,2085.607421875,2085.607421875,2085.607421875,2085.607421875,0,0.0,0.0
2001-11-23 00:00:00+09:00,2085.607421875,2085.607421875,2085.607421875,2085.607421875,0,0.0,0.0
2001-11-26 00:00:00+09:00,2085.607421875,2085.607421875,2085.607421875,2085.607421875,0,0.0,0.0
2001-11-27 00:00:00+09:00,2085.607421875,2085.607421875,2085.607421875,2085.607421875,0,0.0,0.0
2001-11-28 00:00:00+09:00,2151.967529296875,2151.967529296875,2151.967529296875,2151.967529296875,100,0.0,0.0
2001-11-29 00:00:00+09:00,2151.967529296875,2151.967529296875,2151.967529296875,2151.967529296875,0,0.0,0.0
2001-11-30 00:00:00+09:00,2151.967529296875,2151.967529296875,2151.967529296875,2151.967529296875,200,0.0,0.0
2001-12-03 00:00:00+09:00,2151.967529296875,2151.967529296875,2151.967529296875,2151.967529296875,0,0.0,0.0
2001-12-04 00:00:00+09:00,2151.967529296875,2151.967529296875,2151.967529296875,2151.967529296875,0,0.0,0.0
2001-12-05 00:00:00+09:00,2151.967529296875,2151.967529296875,2151.967529296875,2151.967529296875,0,0.0,0.0
2001-12-06 00:00:00+09:00,1914.9669189453125,1914.9669189453125,1914.9669189453125,1914.9669189453125,100,0.0,0.0
2001-12-07 00:00:00+09:00,1914.9669189453125,1914.9669189453125,1914.9669189453125,1914.9669189453125,0,0.0,0.0
2001-12-10 00:00:00+09:00,2265.728271484375,2265.728271484375,2265.728271484375,2265.728271484375,500,0.0,0.0
2001-12-11 00:00:00+09:00,2265.728271484375,2265.728271484375,2265.728271484375,2265.728271484375,0,0.0,0.0
2001-12-12 00:00:00+09:00,1943.4071677071709,2123.52783203125,1943.4071677071709,2123.52783203125,700,0.0,0.0
2001-12-13 00:00:00+09:00,2265.728271484375,2265.728271484375,2265.728271484375,2265.728271484375,300,0.0,0.0
2001-12-14 00:00:00+09:00,2265.728271484375,2265.728271484375,2265.728271484375,2265.728271484375,0,0.0,0.0
2001-12-17 00:00:00+09:00,2265.728271484375,2265.728271484375,2265.728271484375,2265.728271484375,0,0.0,0.0
2001-12-18 00:00:00+09:00,2265.728271484375,2265.728271484375,2265.728271484375,2265.728271484375,0,0.0,0.0
2001-12-19 00:00:00+09:00,2265.728271484375,2265.728271484375,2265.728271484375,2265.728271484375,0,0.0,0.0
2001-12-20 00:00:00+09:00,2265.728271484375,2265.728271484375,2265.728271484375,2265.728271484375,0,0.0,0.0
2001-12-21 00:00:00+09:00,1905.48681640625,1905.48681640625,1905.48681640625,1905.48681640625,100,0.0,0.0
2001-12-24 00:00:00+09:00,1905.48681640625,1905.48681640625,1905.48681640625,1905.48681640625,0,0.0,0.0
2001-12-25 00:00:00+09:00,2142.48779296875,2142.48779296875,2142.48779296875,2142.48779296875,100,0.0,0.0
2001-12-26 00:00:00+09:00,2142.48779296875,2142.48779296875,2142.48779296875,2142.48779296875,100,0.0,0.0
2001-12-27 00:00:00+09:00,1924.4468994140625,1924.4468994140625,1924.4468994140625,1924.4468994140625,100,0.0,0.0
2001-12-28 00:00:00+09:00,1924.4468994140625,1924.4468994140625,1924.4468994140625,1924.4468994140625,0,0.0,0.0
2001-12-31 00:00:00+09:00,1924.4468994140625,1924.4468994140625,1924.4468994140625,1924.4468994140625,0,0.0,0.0
2002-01-01 00:00:00+09:00,1924.4468994140625,1924.4468994140625,1924.4468994140625,1924.4468994140625,0,0.0,0.0
2002-01-02 00:00:00+09:00,1924.4468994140625,1924.4468994140625,1924.4468994140625,1924.4468994140625,0,0.0,0.0
2002-01-03 00:00:00+09:00,1924.4468994140625,1924.4468994140625,1924.4468994140625,1924.4468994140625,0,0.0,0.0
2002-01-04 00:00:00+09:00,2028.7275390625,2028.7275390625,2028.7275390625,2028.7275390625,100,0.0,0.0
2002-01-07 00:00:00+09:00,2313.12841796875,2313.12841796875,2313.12841796875,2313.12841796875,100,0.0,0.0
2002-01-08 00:00:00+09:00,2227.807861328125,2227.807861328125,2227.807861328125,2227.807861328125,200,0.0,0.0
2002-01-09 00:00:00+09:00,2227.807861328125,2227.807861328125,2227.807861328125,2227.807861328125,0,0.0,0.0
2002-01-10 00:00:00+09:00,2104.567138671875,2104.567138671875,2104.567138671875,2104.567138671875,600,0.0,0.0
2002-01-11 00:00:00+09:00,2104.567138671875,2104.567138671875,2104.567138671875,2104.567138671875,0,0.0,0.0
2002-01-14 00:00:00+09:00,2104.567138671875,2104.567138671875,2104.567138671875,2104.567138671875,0,0.0,0.0
2002-01-15 00:00:00+09:00,2104.567138671875,2104.567138671875,2104.567138671875,2104.567138671875,0,0.0,0.0
2002-01-16 00:00:00+09:00,2104.567138671875,2104.567138671875,2104.567138671875,2104.567138671875,0,0.0,0.0
2002-01-17 00:00:00+09:00,2104.567138671875,2104.567138671875,2104.567138671875,2104.567138671875,0,0.0,0.0
2002-01-18 00:00:00+09:00,2104.567138671875,2104.567138671875,2104.567138671875,2104.567138671875,0,0.0,0.0
2002-01-21 00:00:00+09:00,2104.567138671875,2104.567138671875,2104.567138671875,2104.567138671875,0,0.0,0.0
2002-01-22 00:00:00+09:00,2000.2872314453125,2000.2872314453125,2000.2872314453125,2000.2872314453125,100,0.0,0.0
2002-01-23 00:00:00+09:00,1924.4468994140625,1924.4468994140625,1924.4468994140625,1924.4468994140625,200,0.0,0.0
2002-01-24 00:00:00+09:00,1924.4468994140625,1924.4468994140625,1924.4468994140625,1924.4468994140625,100,0.0,0.0
2002-01-25 00:00:00+09:00,2076.1279296875,2076.1279296875,2076.1279296875,2076.1279296875,100,0.0,0.0
2002-01-28 00:00:00+09:00,2076.1279296875,2076.1279296875,2076.1279296875,2076.1279296875,0,0.0,0.0
2002-01-29 00:00:00+09:00,2076.1279296875,2076.1279296875,2076.1279296875,2076.1279296875,0,0.0,0.0
2002-01-30 00:00:00+09:00,1924.4468994140625,1924.4468994140625,1924.4468994140625,1924.4468994140625,100,0.0,0.0
2002-01-31 00:00:00+09:00,1924.4468994140625,1924.4468994140625,1924.4468994140625,1924.4468994140625,0,0.0,0.0
2002-02-01 00:00:00+09:00,1924.4468994140625,1924.4468994140625,1924.4468994140625,1924.4468994140625,0,0.0,0.0
2002-02-04 00:00:00+09:00,1848.6067066377807,1952.8870849609375,1848.6067066377807,1952.8870849609375,200,0.0,0.0
2002-02-05 00:00:00+09:00,1952.8870849609375,1952.8870849609375,1952.8870849609375,1952.8870849609375,0,0.0,0.0
2002-02-06 00:00:00+09:00,1896.0067138671875,1896.0067138671875,1896.0067138671875,1896.0067138671875,100,0.0,0.0
2002-02-07 00:00:00+09:00,1924.4468994140625,1924.4468994140625,1924.4468994140625,1924.4468994140625,200,0.0,0.0
2002-02-08 00:00:00+09:00,1990.8075914884869,2161.4482421875,1971.8475191885966,2161.4482421875,400,0.0,0.0
2002-02-11 00:00:00+09:00,2161.4482421875,2161.4482421875,2161.4482421875,2161.4482421875,0,0.0,0.0
2002-02-12 00:00:00+09:00,2161.4482421875,2161.4482421875,2161.4482421875,2161.4482421875,600,0.0,0.0
2002-02-13 00:00:00+09:00,1990.80712890625,1990.80712890625,1990.80712890625,1990.80712890625,100,0.0,0.0
2002-02-14 00:00:00+09:00,1990.80712890625,1990.80712890625,1990.80712890625,1990.80712890625,0,0.0,0.0
2002-02-15 00:00:00+09:00,1990.80712890625,1990.80712890625,1990.80712890625,1990.80712890625,0,0.0,0.0
2002-02-18 00:00:00+09:00,1990.80712890625,1990.80712890625,1990.80712890625,1990.80712890625,0,0.0,0.0
2002-02-19 00:00:00+09:00,2085.607421875,2085.607421875,2085.607421875,2085.607421875,100,0.0,0.0
2002-02-20 00:00:00+09:00,1952.8870849609375,1952.8870849609375,1952.8870849609375,1952.8870849609375,100,0.0,0.0
2002-02-21 00:00:00+09:00,1952.8870849609375,1952.8870849609375,1952.8870849609375,1952.8870849609375,0,0.0,0.0
2002-02-22 00:00:00+09:00,1990.8072225329945,1990.8072225329945,1952.8870849609375,1952.8870849609375,300,0.0,0.0
2002-02-25 00:00:00+09:00,1962.3668571920955,1962.3668571920955,1933.9267578125,1933.9267578125,400,0.0,0.0
2002-02-26 00:00:00+09:00,1924.4468145751953,1924.4468145751953,1896.0067138671875,1896.0067138671875,300,0.0,0.0
2002-02-27 00:00:00+09:00,1924.4468994140625,1924.4468994140625,1924.4468994140625,1924.4468994140625,100,0.0,0.0
2002-02-28 00:00:00+09:00,1990.80712890625,1990.80712890625,1990.80712890625,1990.80712890625,300,0.0,0.0
2002-03-01 00:00:00+09:00,1990.80712890625,1990.80712890625,1990.80712890625,1990.80712890625,0,0.0,0.0
2002-03-04 00:00:00+09:00,1990.80712890625,1990.80712890625,1990.80712890625,1990.80712890625,0,0.0,0.0
2002-03-05 00:00:00+09:00,1990.80712890625,1990.80712890625,1990.80712890625,1990.80712890625,0,0.0,0.0
2002-03-06 00:00:00+09:00,1990.80712890625,1990.80712890625,1990.80712890625,1990.80712890625,200,0.0,0.0
2002-03-07 00:00:00+09:00,1990.8071971730596,2000.2872314453125,1990.8071971730596,2000.2872314453125,300,0.0,0.0
2002-03-08 00:00:00+09:00,2000.2870362453198,2057.167236328125,1990.8070028981856,2057.167236328125,300,0.0,0.0
2002-03-11 00:00:00+09:00,2057.167236328125,2057.167236328125,2057.167236328125,2057.167236328125,700,0.0,0.0
2002-03-12 00:00:00+09:00,2057.167236328125,2057.167236328125,2057.167236328125,2057.167236328125,0,0.0,0.0
2002-03-13 00:00:00+09:00,1990.80712890625,1990.80712890625,1990.80712890625,1990.80712890625,100,0.0,0.0
2002-03-14 00:00:00+09:00,2028.7275390625,2028.7275390625,2028.7275390625,2028.7275390625,100,0.0,0.0
2002-03-15 00:00:00+09:00,2028.7275390625,2028.7275390625,2028.7275390625,2028.7275390625,0,0.0,0.0
2002-03-18 00:00:00+09:00,1990.80712890625,1990.80712890625,1990.80712890625,1990.80712890625,100,0.0,0.0
2002-03-19 00:00:00+09:00,1990.80712890625,1990.80712890625,1990.80712890625,1990.80712890625,0,0.0,0.0
2002-03-20 00:00:00+09:00,2151.967529296875,2246.767860983962,2151.967529296875,2151.967529296875,400,0.0,0.0
2002-03-21 00:00:00+09:00,2151.967529296875,2151.967529296875,2151.967529296875,2151.967529296875,0,0.0,0.0
2002-03-22 00:00:00+09:00,1990.80712890625,1990.80712890625,1990.80712890625,1990.80712890625,100,0.0,0.0
2002-03-25 00:00:00+09:00,2019.247245932525,2085.607484061763,2009.7672119140625,2009.7672119140625,400,0.0,0.0
2002-03-26 00:00:00+09:00,2009.7672119140625,2009.7672119140625,2009.7672119140625,2009.7672119140625,100,0.0,0.0
2002-03-27 00:00:00+09:00,2009.7672119140625,2009.7672119140625,2009.7672119140625,2009.7672119140625,0,0.0,0.0
2002-03-28 00:00:00+09:00,2009.7672119140625,2009.7672119140625,2009.7672119140625,2009.7672119140625,0,0.0,0.0
2002-03-29 00:00:00+09:00,2009.7672119140625,2009.7672119140625,2009.7672119140625,2009.7672119140625,0,0.0,0.0
2002-04-01 00:00:00+09:00,2000.2872314453125,2000.2872314453125,2000.2872314453125,2000.2872314453125,100,0.0,0.0
2002-04-02 00:00:00+09:00,2000.2872314453125,2000.2872314453125,2000.2872314453125,2000.2872314453125,0,0.0,0.0
2002-04-03 00:00:00+09:00,2000.2872314453125,2000.2872314453125,2000.2872314453125,2000.2872314453125,0,0.0,0.0
2002-04-04 00:00:00+09:00,1924.4468994140625,1924.4468994140625,1924.4468994140625,1924.4468994140625,100,0.0,0.0
2002-04-05 00:00:00+09:00,1924.4468994140625,1924.4468994140625,1924.4468994140625,1924.4468994140625,300,0.0,0.0
2002-04-08 00:00:00+09:00,1924.4468994140625,1924.4468994140625,1924.4468994140625,1924.4468994140625,200,0.0,0.0
2002-04-09 00:00:00+09:00,1924.4466382540188,1971.8468017578125,1914.9666055532603,1971.8468017578125,700,0.0,0.0
2002-04-10 00:00:00+09:00,1962.366943359375,1962.366943359375,1962.366943359375,1962.366943359375,700,0.0,0.0
2002-04-11 00:00:00+09:00,1962.366943359375,1962.366943359375,1962.366943359375,1962.366943359375,0,0.0,0.0
2002-04-12 00:00:00+09:00,1962.366943359375,1962.366943359375,1962.366943359375,1962.366943359375,0,0.0,0.0
2002-04-15 00:00:00+09:00,1962.366943359375,1962.366943359375,1962.366943359375,1962.366943359375,0,0.0,0.0
2002-04-16 00:00:00+09:00,1962.366943359375,1962.366943359375,1962.366943359375,1962.366943359375,0,0.0,0.0
2002-04-17 00:00:00+09:00,1848.6063049000163,1848.6063049000163,1829.646240234375,1829.646240234375,200,0.0,0.0
2002-04-18 00:00:00+09:00,1820.1666259765625,1820.1666259765625,1820.1666259765625,1820.1666259765625,200,0.0,0.0
2002-04-19 00:00:00+09:00,1801.206298828125,1801.206298828125,1801.206298828125,1801.206298828125,100,0.0,0.0
2002-04-22 00:00:00+09:00,1706.4061279296875,1706.4061279296875,1706.4061279296875,1706.4061279296875,100,0.0,0.0
2002-04-23 00:00:00+09:00,1715.88623046875,1715.88623046875,1715.88623046875,1715.88623046875,100,0.0,0.0
2002-04-24 00:00:00+09:00,1725.3660888671875,1725.3660888671875,1725.3660888671875,1725.3660888671875,100,0.0,0.0
2002-04-25 00:00:00+09:00,1791.7264404296875,1791.7264404296875,1791.7264404296875,1791.7264404296875,100,0.0,0.0
2002-04-26 00:00:00+09:00,1791.7264404296875,1791.7264404296875,1791.7264404296875,1791.7264404296875,0,0.0,0.0
2002-04-29 00:00:00+09:00,1791.7264404296875,1791.7264404296875,1791.7264404296875,1791.7264404296875,0,0.0,0.0
2002-04-30 00:00:00+09:00,1791.7262656763978,1801.206298828125,1791.7262656763978,1801.206298828125,400,0.0,0.0
2002-05-01 00:00:00+09:00,1801.206298828125,1801.206298828125,1801.206298828125,1801.206298828125,0,0.0,0.0
2002-05-02 00:00:00+09:00,2180.4078901241987,2180.4078901241987,1848.606689453125,1848.606689453125,200,0.0,0.0
2002-05-03 00:00:00+09:00,1848.606689453125,1848.606689453125,1848.606689453125,1848.606689453125,0,0.0,0.0
2002-05-06 00:00:00+09:00,1848.606689453125,1848.606689453125,1848.606689453125,1848.606689453125,0,0.0,0.0
2002-05-07 00:00:00+09:00,1896.0067138671875,1896.0067138671875,1896.0067138671875,1896.0067138671875,100,0.0,0.0
2002-05-08 00:00:00+09:00,1943.4069673885851,1943.4069673885851,1924.4468994140625,1924.4468994140625,300,0.0,0.0
2002-05-09 00:00:00+09:00,1933.9267578125,1933.9267578125,1933.9267578125,1933.9267578125,100,0.0,0.0
2002-05-10 00:00:00+09:00,1933.9266709547776,1971.8468017578125,1933.9266709547776,1971.8468017578125,800,0.0,0.0
2002-05-13 00:00:00+09:00,1971.8468017578125,1971.8468017578125,1971.8468017578125,1971.8468017578125,0,0.0,0.0
2002-05-14 00:00:00+09:00,1971.8468017578125,1971.8468017578125,1971.8468017578125,1971.8468017578125,0,0.0,0.0
2002-05-15 00:00:00+09:00,1971.8468017578125,1971.8468017578125,1971.8468017578125,1971.8468017578125,0,0.0,0.0
2002-05-16 00:00:00+09:00,1829.646240234375,1829.646240234375,1829.646240234375,1829.646240234375,200,0.0,0.0
2002-05-17 00:00:00+09:00,1829.646240234375,1829.646240234375,1829.646240234375,1829.646240234375,0,0.0,0.0
2002-05-20 00:00:00+09:00,1744.3262404983107,1763.2863083298141,1744.3262404983107,1753.8062744140625,300,0.0,0.0
2002-05-21 00:00:00+09:00,1706.4061279296875,1706.4061279296875,1706.4061279296875,1706.4061279296875,100,0.0,0.0
2002-05-22 00:00:00+09:00,1725.3661726668074,1763.2863083298141,1725.3661726668074,1753.8062744140625,300,0.0,0.0
2002-05-23 00:00:00+09:00,1753.8062744140625,1753.8062744140625,1753.8062744140625,1753.8062744140625,0,0.0,0.0
2002-05-24 00:00:00+09:00,1820.1666259765625,1820.1666259765625,1820.1666259765625,1820.1666259765625,100,0.0,0.0
2002-05-27 00:00:00+09:00,1810.6865234375,1810.6865234375,1810.6865234375,1810.6865234375,400,0.0,0.0
2002-05-28 00:00:00+09:00,1734.8460693359375,1734.8460693359375,1734.8460693359375,1734.8460693359375,100,0.0,0.0
2002-05-29 00:00:00+09:00,1782.24640635334,1791.7264404296875,1782.24640635334,1791.7264404296875,400,0.0,0.0
2002-05-30 00:00:00+09:00,1753.8062744140625,1753.8062744140625,1753.8062744140625,1753.8062744140625,300,0.0,0.0
2002-05-31 00:00:00+09:00,1753.8062981499568,1753.8062981499568,1706.4061279296875,1706.4061279296875,500,0.0,0.0
2002-06-03 00:00:00+09:00,1706.4061279296875,1706.4061279296875,1706.4061279296875,1706.4061279296875,0,0.0,0.0
2002-06-04 00:00:00+09:00,1706.4061279296875,1706.4061279296875,1706.4061279296875,1706.4061279296875,0,0.0,0.0
2002-06-05 00:00:00+09:00,1706.4061279296875,1706.4061279296875,1706.4061279296875,1706.4061279296875,0,0.0,0.0
2002-06-06 00:00:00+09:00,1801.206298828125,1801.206298828125,1801.206298828125,1801.206298828125,100,0.0,0.0
2002-06-07 00:00:00+09:00,1801.206298828125,1801.206298828125,1801.206298828125,1801.206298828125,0,0.0,0.0
2002-06-10 00:00:00+09:00,1905.4868748130982,1981.3271484375,1905.4868748130982,1981.3271484375,600,0.0,0.0
2002-06-11 00:00:00+09:00,1981.3270949590774,1990.80712890625,1981.3270949590774,1990.80712890625,800,0.0,0.0
2002-06-12 00:00:00+09:00,1990.80712890625,1990.80712890625,1990.80712890625,1990.80712890625,0,0.0,0.0
2002-06-13 00:00:00+09:00,1896.0067138671875,1896.0067138671875,1896.0067138671875,1896.0067138671875,100,0.0,0.0
2002-06-14 00:00:00+09:00,1896.0067138671875,1896.0067138671875,1896.0067138671875,1896.0067138671875,0,0.0,0.0
2002-06-17 00:00:00+09:00,1896.0067138671875,1896.0067138671875,1896.0067138671875,1896.0067138671875,0,0.0,0.0
2002-06-18 00:00:00+09:00,1896.0067138671875,1896.0067138671875,1896.0067138671875,1896.0067138671875,0,0.0,0.0
2002-06-19 00:00:00+09:00,1801.206298828125,1801.206298828125,1801.206298828125,1801.206298828125,400,0.0,0.0
2002-06-20 00:00:00+09:00,1801.206298828125,1801.206298828125,1801.206298828125,1801.206298828125,300,0.0,0.0
2002-06-21 00:00:00+09:00,1801.206298828125,1801.206298828125,1801.206298828125,1801.206298828125,0,0.0,0.0
2002-06-24 00:00:00+09:00,1801.206298828125,1801.206298828125,1801.206298828125,1801.206298828125,200,0.0,0.0
2002-06-25 00:00:00+09:00,1801.206298828125,1801.206298828125,1801.206298828125,1801.206298828125,400,0.0,0.0
2002-06-26 00:00:00+09:00,1791.7263557680192,1791.7263557680192,1763.2862548828125,1763.2862548828125,300,0.0,0.0
2002-06-27 00:00:00+09:00,1763.2862548828125,1763.2862548828125,1763.2862548828125,1763.2862548828125,0,0.0,0.0
2002-06-28 00:00:00+09:00,1763.2862548828125,1763.2862548828125,1763.2862548828125,1763.2862548828125,0,0.0,0.0
2002-07-01 00:00:00+09:00,1896.0067138671875,1896.0067138671875,1896.0067138671875,1896.0067138671875,300,0.0,0.0
2002-07-02 00:00:00+09:00,1896.0067138671875,1896.0067138671875,1896.0067138671875,1896.0067138671875,0,0.0,0.0
2002-07-03 00:00:00+09:00,1896.0067138671875,1896.0067138671875,1896.0067138671875,1896.0067138671875,0,0.0,0.0
2002-07-04 00:00:00+09:00,1896.0067138671875,1896.0067138671875,1896.0067138671875,1896.0067138671875,0,0.0,0.0
2002-07-05 00:00:00+09:00,1896.0067138671875,1896.0067138671875,1896.0067138671875,1896.0067138671875,0,0.0,0.0
2002-07-08 00:00:00+09:00,1896.0067138671875,1896.0067138671875,1896.0067138671875,1896.0067138671875,0,0.0,0.0
2002-07-09 00:00:00+09:00,1801.206298828125,1801.206298828125,1801.206298828125,1801.206298828125,400,0.0,0.0
2002-07-10 00:00:00+09:00,1801.206298828125,1801.206298828125,1801.206298828125,1801.206298828125,900,0.0,0.0
2002-07-11 00:00:00+09:00,1801.206298828125,1801.206298828125,1801.206298828125,1801.206298828125,0,0.0,0.0
2002-07-12 00:00:00+09:00,1753.8062744140625,1753.8062744140625,1753.8062744140625,1753.8062744140625,200,0.0,0.0
2002-07-15 00:00:00+09:00,1753.8062744140625,1753.8062744140625,1753.8062744140625,1753.8062744140625,0,0.0,0.0
2002-07-16 00:00:00+09:00,1753.8062744140625,1753.8062744140625,1753.8062744140625,1753.8062744140625,500,0.0,0.0
2002-07-17 00:00:00+09:00,1753.8062744140625,1753.8062744140625,1753.8062744140625,1753.8062744140625,100,0.0,0.0
2002-07-18 00:00:00+09:00,1753.8062744140625,1753.8062744140625,1753.8062744140625,1753.8062744140625,0,0.0,0.0
2002-07-19 00:00:00+09:00,1753.8062744140625,1753.8062744140625,1753.8062744140625,1753.8062744140625,0,0.0,0.0
2002-07-22 00:00:00+09:00,1706.4061279296875,1706.4061279296875,1706.4061279296875,1706.4061279296875,300,0.0,0.0
2002-07-23 00:00:00+09:00,1706.4061279296875,1706.4061279296875,1706.4061279296875,1706.4061279296875,100,0.0,0.0
2002-07-24 00:00:00+09:00,1706.4061279296875,1706.4061279296875,1706.4061279296875,1706.4061279296875,0,0.0,0.0
2002-07-25 00:00:00+09:00,1725.3660888671875,1725.3660888671875,1725.3660888671875,1725.3660888671875,200,0.0,0.0
2002-07-26 00:00:00+09:00,1725.3660888671875,1725.3660888671875,1725.3660888671875,1725.3660888671875,0,0.0,0.0
2002-07-29 00:00:00+09:00,1725.3660888671875,1725.3660888671875,1725.3660888671875,1725.3660888671875,0,0.0,0.0
2002-07-30 00:00:00+09:00,1725.3660888671875,1725.3660888671875,1725.3660888671875,1725.3660888671875,0,0.0,0.0
2002-07-31 00:00:00+09:00,1810.6863899650155,1810.6863899650155,1725.3660888671875,1725.3660888671875,400,0.0,0.0
2002-08-01 00:00:00+09:00,1725.3660888671875,1725.3660888671875,1725.3660888671875,1725.3660888671875,0,0.0,0.0
2002-08-02 00:00:00+09:00,1725.3660888671875,1725.3660888671875,1725.3660888671875,1725.3660888671875,0,0.0,0.0
2002-08-05 00:00:00+09:00,1725.3660888671875,1725.3660888671875,1725.3660888671875,1725.3660888671875,0,0.0,0.0
2002-08-06 00:00:00+09:00,1725.3660888671875,1725.3660888671875,1725.3660888671875,1725.3660888671875,0,0.0,0.0
2002-08-07 00:00:00+09:00,1725.3660888671875,1725.3660888671875,1725.3660888671875,1725.3660888671875,0,0.0,0.0
2002-08-08 00:00:00+09:00,1725.3660888671875,1725.3660888671875,1725.3660888671875,1725.3660888671875,0,0.0,0.0
2002-08-09 00:00:00+09:00,1725.3660888671875,1725.3660888671875,1725.3660888671875,1725.3660888671875,0,0.0,0.0
2002-08-12 00:00:00+09:00,1848.6064101710465,1877.0465087890625,1848.6064101710465,1877.0465087890625,700,0.0,0.0
2002-08-13 00:00:00+09:00,1877.0465087890625,1877.0465087890625,1877.0465087890625,1877.0465087890625,100,0.0,0.0
2002-08-14 00:00:00+09:00,1877.0465087890625,1877.0465087890625,1877.0465087890625,1877.0465087890625,0,0.0,0.0
2002-08-15 00:00:00+09:00,1706.4061960462707,1715.88623046875,1706.4061960462707,1715.88623046875,300,0.0,0.0
2002-08-16 00:00:00+09:00,1715.88623046875,1715.88623046875,1715.88623046875,1715.88623046875,0,0.0,0.0
2002-08-19 00:00:00+09:00,1715.88623046875,1715.88623046875,1715.88623046875,1715.88623046875,0,0.0,0.0
2002-08-20 00:00:00+09:00,1715.88623046875,1715.88623046875,1715.88623046875,1715.88623046875,0,0.0,0.0
2002-08-21 00:00:00+09:00,1715.88623046875,1715.88623046875,1715.88623046875,1715.88623046875,0,0.0,0.0
2002-08-22 00:00:00+09:00,1782.24609375,1782.24609375,1782.24609375,1782.24609375,100,0.0,0.0
2002-08-23 00:00:00+09:00,1782.24609375,1782.24609375,1782.24609375,1782.24609375,0,0.0,0.0
2002-08-26 00:00:00+09:00,1744.326171875,1744.326171875,1744.326171875,1744.326171875,100,0.0,0.0
2002-08-27 00:00:00+09:00,1744.326171875,1744.326171875,1744.326171875,1744.326171875,0,0.0,0.0
2002-08-28 00:00:00+09:00,1744.326171875,1744.326171875,1744.326171875,1744.326171875,0,0.0,0.0
2002-08-29 00:00:00+09:00,1744.326171875,1744.326171875,1744.326171875,1744.326171875,0,0.0,0.0
2002-08-30 00:00:00+09:00,1867.5667724609375,1867.5667724609375,1867.5667724609375,1867.5667724609375,300,0.0,0.0
2002-09-02 00:00:00+09:00,1725.3661960177953,1725.3661960177953,1706.4061279296875,1706.4061279296875,500,0.0,0.0
2002-09-03 00:00:00+09:00,1706.4061279296875,1706.4061279296875,1706.4061279296875,1706.4061279296875,0,0.0,0.0
2002-09-04 00:00:00+09:00,1706.4061279296875,1706.4061279296875,1706.4061279296875,1706.4061279296875,100,0.0,0.0
2002-09-05 00:00:00+09:00,1706.4061279296875,1706.4061279296875,1706.4061279296875,1706.4061279296875,0,0.0,0.0
2002-09-06 00:00:00+09:00,1706.4061279296875,1706.4061279296875,1706.4061279296875,1706.4061279296875,0,0.0,0.0
2002-09-09 00:00:00+09:00,1706.4061279296875,1706.4061279296875,1706.4061279296875,1706.4061279296875,0,0.0,0.0
2002-09-10 00:00:00+09:00,1829.6463444257024,1877.0465087890625,1829.6463444257024,1877.0465087890625,700,0.0,0.0
2002-09-11 00:00:00+09:00,1877.0465087890625,1877.0465087890625,1877.0465087890625,1877.0465087890625,0,0.0,0.0
2002-09-12 00:00:00+09:00,1877.0465087890625,1877.0465087890625,1877.0465087890625,1877.0465087890625,0,0.0,0.0
2002-09-13 00:00:00+09:00,1877.0465087890625,1877.0465087890625,1877.0465087890625,1877.0465087890625,0,0.0,0.0
2002-09-16 00:00:00+09:00,1877.0465087890625,1877.0465087890625,1877.0465087890625,1877.0465087890625,0,0.0,0.0
2002-09-17 00:00:00+09:00,1877.0465087890625,1877.0465087890625,1877.0465087890625,1877.0465087890625,0,0.0,0.0
2002-09-18 00:00:00+09:00,1715.88623046875,1715.88623046875,1715.88623046875,1715.88623046875,200,0.0,0.0
2002-09-19 00:00:00+09:00,1715.88623046875,1715.88623046875,1715.88623046875,1715.88623046875,0,0.0,0.0
2002-09-20 00:00:00+09:00,1715.88623046875,1715.88623046875,1715.88623046875,1715.88623046875,0,0.0,0.0
2002-09-23 00:00:00+09:00,1715.88623046875,1715.88623046875,1715.88623046875,1715.88623046875,0,0.0,0.0
2002-09-24 00:00:00+09:00,1715.8860004625822,1801.206298828125,1668.4858347039474,1801.206298828125,500,0.0,0.0
2002-09-25 00:00:00+09:00,1801.2064745060352,1801.2064745060352,1791.7264404296875,1791.7264404296875,300,0.0,0.0
2002-09-26 00:00:00+09:00,1791.7264404296875,1791.7264404296875,1791.7264404296875,1791.7264404296875,0,0.0,0.0
2002-09-27 00:00:00+09:00,1725.365899268617,1782.24609375,1725.365899268617,1782.24609375,200,0.0,0.0
2002-09-30 00:00:00+09:00,1867.5667724609375,1867.5667724609375,1867.5667724609375,1867.5667724609375,300,0.0,0.0
2002-10-01 00:00:00+09:00,1867.5667724609375,1867.5667724609375,1867.5667724609375,1867.5667724609375,0,0.0,0.0
2002-10-02 00:00:00+09:00,1867.5667724609375,1867.5667724609375,1867.5667724609375,1867.5667724609375,0,0.0,0.0
2002-10-03 00:00:00+09:00,1706.4061279296875,1706.4061279296875,1706.4061279296875,1706.4061279296875,200,0.0,0.0
2002-10-04 00:00:00+09:00,1706.4061279296875,1706.4061279296875,1706.4061279296875,1706.4061279296875,0,0.0,0.0
2002-10-07 00:00:00+09:00,1706.4061279296875,1706.4061279296875,1706.4061279296875,1706.4061279296875,0,0.0,0.0
2002-10-08 00:00:00+09:00,1753.8062744140625,1753.8062744140625,1753.8062744140625,1753.8062744140625,100,0.0,0.0
2002-10-09 00:00:00+09:00,1668.48583984375,1668.48583984375,1668.48583984375,1668.48583984375,300,0.0,0.0
2002-10-10 00:00:00+09:00,1801.206517928686,1848.606689453125,1801.206517928686,1848.606689453125,800,0.0,0.0
2002-10-11 00:00:00+09:00,1848.606689453125,1848.606689453125,1848.606689453125,1848.606689453125,0,0.0,0.0
2002-10-14 00:00:00+09:00,1848.606689453125,1848.606689453125,1848.606689453125,1848.606689453125,0,0.0,0.0
2002-10-15 00:00:00+09:00,1677.966064453125,1677.966064453125,1677.966064453125,1677.966064453125,400,0.0,0.0
2002-10-16 00:00:00+09:00,1677.966064453125,1677.966064453125,1677.966064453125,1677.966064453125,0,0.0,0.0
2002-10-17 00:00:00+09:00,1677.966064453125,1677.966064453125,1677.966064453125,1677.966064453125,0,0.0,0.0
2002-10-18 00:00:00+09:00,1677.966064453125,1677.966064453125,1677.966064453125,1677.966064453125,0,0.0,0.0
2002-10-21 00:00:00+09:00,1677.966064453125,1677.966064453125,1677.966064453125,1677.966064453125,0,0.0,0.0
2002-10-22 00:00:00+09:00,1734.8462300618492,1734.8462300618492,1706.4061279296875,1706.4061279296875,300,0.0,0.0
2002-10-23 00:00:00+09:00,1706.4061279296875,1706.4061279296875,1706.4061279296875,1706.4061279296875,100,0.0,0.0
2002-10-24 00:00:00+09:00,1715.8861534404246,1772.766357421875,1715.8861534404246,1772.766357421875,200,0.0,0.0
2002-10-25 00:00:00+09:00,1763.2862548828125,1763.2862548828125,1763.2862548828125,1763.2862548828125,200,0.0,0.0
2002-10-28 00:00:00+09:00,1763.2862548828125,1763.2862548828125,1763.2862548828125,1763.2862548828125,0,0.0,0.0
2002-10-29 00:00:00+09:00,1763.2862548828125,1763.2862548828125,1763.2862548828125,1763.2862548828125,0,0.0,0.0
2002-10-30 00:00:00+09:00,1763.2862548828125,1763.2862548828125,1763.2862548828125,1763.2862548828125,0,0.0,0.0
2002-10-31 00:00:00+09:00,1763.2862548828125,1763.2862548828125,1763.2862548828125,1763.2862548828125,300,0.0,0.0
2002-11-01 00:00:00+09:00,1621.085693359375,1621.085693359375,1621.085693359375,1621.085693359375,100,0.0,0.0
2002-11-04 00:00:00+09:00,1621.085693359375,1621.085693359375,1621.085693359375,1621.085693359375,0,0.0,0.0
2002-11-05 00:00:00+09:00,1621.085693359375,1621.085693359375,1621.085693359375,1621.085693359375,0,0.0,0.0
2002-11-06 00:00:00+09:00,1621.085693359375,1621.085693359375,1621.085693359375,1621.085693359375,0,0.0,0.0
2002-11-07 00:00:00+09:00,1621.085693359375,1621.085693359375,1621.085693359375,1621.085693359375,0,0.0,0.0
2002-11-08 00:00:00+09:00,1753.8062744140625,1753.8062744140625,1753.8062744140625,1753.8062744140625,300,0.0,0.0
2002-11-11 00:00:00+09:00,1753.8059815718102,1829.646240234375,1753.8059815718102,1829.646240234375,700,0.0,0.0
2002-11-12 00:00:00+09:00,1829.646240234375,1829.646240234375,1829.646240234375,1829.646240234375,0,0.0,0.0
2002-11-13 00:00:00+09:00,1829.646240234375,1829.646240234375,1829.646240234375,1829.646240234375,0,0.0,0.0
2002-11-14 00:00:00+09:00,1668.48583984375,1668.48583984375,1668.48583984375,1668.48583984375,100,0.0,0.0
2002-11-15 00:00:00+09:00,1668.48583984375,1668.48583984375,1668.48583984375,1668.48583984375,0,0.0,0.0
2002-11-18 00:00:00+09:00,1611.605712890625,1611.605712890625,1611.605712890625,1611.605712890625,500,0.0,0.0
2002-11-19 00:00:00+09:00,1611.605712890625,1611.605712890625,1611.605712890625,1611.605712890625,0,0.0,0.0
2002-11-20 00:00:00+09:00,1611.605712890625,1611.605712890625,1611.605712890625,1611.605712890625,0,0.0,0.0
2002-11-21 00:00:00+09:00,1611.605712890625,1611.605712890625,1611.605712890625,1611.605712890625,0,0.0,0.0
2002-11-22 00:00:00+09:00,1753.8063232421875,1753.8063232421875,1659.0059814453125,1659.0059814453125,200,0.0,0.0
2002-11-25 00:00:00+09:00,1668.4859185987902,1763.2862548828125,1668.4859185987902,1763.2862548828125,200,0.0,0.0
2002-11-26 00:00:00+09:00,1763.2860403568786,1763.2860403568786,1602.12548828125,1602.12548828125,200,0.0,0.0
2002-11-27 00:00:00+09:00,1602.12548828125,1602.12548828125,1602.12548828125,1602.12548828125,0,0.0,0.0
2002-11-28 00:00:00+09:00,1602.12548828125,1602.12548828125,1602.12548828125,1602.12548828125,0,0.0,0.0
2002-11-29 00:00:00+09:00,1621.0857995935387,1753.8062744140625,1621.0857995935387,1753.8062744140625,400,0.0,0.0
2002-12-02 00:00:00+09:00,1753.8062744140625,1753.8062744140625,1753.8062744140625,1753.8062744140625,0,0.0,0.0
2002-12-03 00:00:00+09:00,1753.8062744140625,1753.8062744140625,1753.8062744140625,1753.8062744140625,0,0.0,0.0
2002-12-04 00:00:00+09:00,1753.8062744140625,1753.8062744140625,1753.8062744140625,1753.8062744140625,0,0.0,0.0
2002-12-05 00:00:00+09:00,1753.8062744140625,1753.8062744140625,1753.8062744140625,1753.8062744140625,0,0.0,0.0
2002-12-06 00:00:00+09:00,1687.4460370038007,1753.8062744140625,1687.4460370038007,1753.8062744140625,200,0.0,0.0
2002-12-09 00:00:00+09:00,1753.8062744140625,1753.8062744140625,1753.8062744140625,1753.8062744140625,0,0.0,0.0
2002-12-10 00:00:00+09:00,1810.6865234375,1810.6865234375,1810.6865234375,1810.6865234375,700,0.0,0.0
2002-12-11 00:00:00+09:00,1886.5267554873512,1990.80712890625,1886.5267554873512,1990.80712890625,800,0.0,0.0
2002-12-12 00:00:00+09:00,1990.80712890625,1990.80712890625,1990.80712890625,1990.80712890625,0,0.0,0.0
2002-12-13 00:00:00+09:00,1990.80712890625,1990.80712890625,1990.80712890625,1990.80712890625,0,0.0,0.0
2002-12-16 00:00:00+09:00,1630.5657958984375,1630.5657958984375,1630.5657958984375,1630.5657958984375,100,0.0,0.0
2002-12-17 00:00:00+09:00,1630.5657958984375,1630.5657958984375,1630.5657958984375,1630.5657958984375,0,0.0,0.0
2002-12-18 00:00:00+09:00,1640.045654296875,1640.045654296875,1640.045654296875,1640.045654296875,100,0.0,0.0
2002-12-19 00:00:00+09:00,1640.045654296875,1640.045654296875,1640.045654296875,1640.045654296875,0,0.0,0.0
2002-12-20 00:00:00+09:00,1611.605712890625,1611.605712890625,1611.605712890625,1611.605712890625,100,0.0,0.0
2002-12-23 00:00:00+09:00,1611.605712890625,1611.605712890625,1611.605712890625,1611.605712890625,0,0.0,0.0
2002-12-24 00:00:00+09:00,1611.605712890625,1611.605712890625,1611.605712890625,1611.605712890625,0,0.0,0.0
2002-12-25 00:00:00+09:00,1659.0059814453125,1659.0059814453125,1659.0059814453125,1659.0059814453125,700,0.0,0.0
2002-12-26 00:00:00+09:00,1659.0059814453125,1659.0059814453125,1659.0059814453125,1659.0059814453125,200,0.0,0.0
2002-12-27 00:00:00+09:00,1659.0059814453125,1659.0059814453125,1659.0059814453125,1659.0059814453125,100,0.0,0.0
2002-12-30 00:00:00+09:00,1659.0058015522202,1801.206298828125,1659.0058015522202,1801.206298828125,300,0.0,0.0
2002-12-31 00:00:00+09:00,1801.206298828125,1801.206298828125,1801.206298828125,1801.206298828125,0,0.0,0.0
2003-01-01 00:00:00+09:00,1801.206298828125,1801.206298828125,1801.206298828125,1801.206298828125,0,0.0,0.0
2003-01-02 00:00:00+09:00,1801.206298828125,1801.206298828125,1801.206298828125,1801.206298828125,0,0.0,0.0
2003-01-03 00:00:00+09:00,1801.206298828125,1801.206298828125,1801.206298828125,1801.206298828125,0,0.0,0.0
2003-01-06 00:00:00+09:00,1801.206298828125,1801.206298828125,1801.206298828125,1801.206298828125,300,0.0,0.0
2003-01-07 00:00:00+09:00,1753.8062744140625,1753.8062744140625,1753.8062744140625,1753.8062744140625,200,0.0,0.0
2003-01-08 00:00:00+09:00,1753.8062744140625,1753.8062744140625,1753.8062744140625,1753.8062744140625,200,0.0,0.0
2003-01-09 00:00:00+09:00,1753.80613306949,1801.206298828125,1753.80613306949,1801.206298828125,300,0.0,0.0
2003-01-10 00:00:00+09:00,1801.206298828125,1801.206298828125,1801.206298828125,1801.206298828125,800,0.0,0.0
2003-01-13 00:00:00+09:00,1801.206298828125,1801.206298828125,1801.206298828125,1801.206298828125,0,0.0,0.0
2003-01-14 00:00:00+09:00,1801.206298828125,1801.206298828125,1801.206298828125,1801.206298828125,0,0.0,0.0
2003-01-15 00:00:00+09:00,1772.766357421875,1772.766357421875,1772.766357421875,1772.766357421875,100,0.0,0.0
2003-01-16 00:00:00+09:00,1772.766357421875,1772.766357421875,1772.766357421875,1772.766357421875,0,0.0,0.0
2003-01-17 00:00:00+09:00,1772.766357421875,1772.766357421875,1772.766357421875,1772.766357421875,0,0.0,0.0
2003-01-20 00:00:00+09:00,1772.766357421875,1772.766357421875,1772.766357421875,1772.766357421875,200,0.0,0.0
2003-01-21 00:00:00+09:00,1772.766357421875,1772.766357421875,1772.766357421875,1772.766357421875,0,0.0,0.0
2003-01-22 00:00:00+09:00,1772.766357421875,1772.766357421875,1772.766357421875,1772.766357421875,100,0.0,0.0
2003-01-23 00:00:00+09:00,1772.766357421875,1772.766357421875,1772.766357421875,1772.766357421875,0,0.0,0.0
2003-01-24 00:00:00+09:00,1734.8460693359375,1734.8460693359375,1734.8460693359375,1734.8460693359375,300,0.0,0.0
2003-01-27 00:00:00+09:00,1734.8460693359375,1734.8460693359375,1734.8460693359375,1734.8460693359375,200,0.0,0.0
2003-01-28 00:00:00+09:00,1706.40615234375,1706.40615234375,1659.0059814453125,1659.0059814453125,500,0.0,0.0
2003-01-29 00:00:00+09:00,1668.48583984375,1668.48583984375,1668.48583984375,1668.48583984375,300,0.0,0.0
2003-01-30 00:00:00+09:00,1810.6865234375,1810.6865234375,1810.6865234375,1810.6865234375,100,0.0,0.0
2003-01-31 00:00:00+09:00,1801.206298828125,1801.206298828125,1801.206298828125,1801.206298828125,300,0.0,0.0
2003-02-03 00:00:00+09:00,1801.206298828125,1801.206298828125,1801.206298828125,1801.206298828125,0,0.0,0.0
2003-02-04 00:00:00+09:00,1772.766357421875,1772.766357421875,1772.766357421875,1772.766357421875,100,0.0,0.0
2003-02-05 00:00:00+09:00,1801.206298828125,1801.206298828125,1801.206298828125,1801.206298828125,100,0.0,0.0
2003-02-06 00:00:00+09:00,1801.206298828125,1801.206298828125,1801.206298828125,1801.206298828125,0,0.0,0.0
2003-02-07 00:00:00+09:00,1801.206298828125,1801.206298828125,1801.206298828125,1801.206298828125,0,0.0,0.0
2003-02-10 00:00:00+09:00,1867.5666131591797,1896.0067138671875,1867.5666131591797,1896.0067138671875,600,0.0,0.0
2003-02-11 00:00:00+09:00,1896.0067138671875,1896.0067138671875,1896.0067138671875,1896.0067138671875,0,0.0,0.0
2003-02-12 00:00:00+09:00,1829.6463100787291,1839.1263427734375,1829.6463100787291,1839.1263427734375,200,0.0,0.0
2003-02-13 00:00:00+09:00,1839.1263427734375,1839.1263427734375,1839.1263427734375,1839.1263427734375,0,0.0,0.0
2003-02-14 00:00:00+09:00,1829.646240234375,1829.646240234375,1829.646240234375,1829.646240234375,100,0.0,0.0
2003-02-17 00:00:00+09:00,1829.646240234375,1829.646240234375,1829.646240234375,1829.646240234375,0,0.0,0.0
2003-02-18 00:00:00+09:00,1829.646240234375,1829.646240234375,1829.646240234375,1829.646240234375,0,0.0,0.0
2003-02-19 00:00:00+09:00,1829.646240234375,1829.646240234375,1829.646240234375,1829.646240234375,0,0.0,0.0
2003-02-20 00:00:00+09:00,1829.646240234375,1829.646240234375,1829.646240234375,1829.646240234375,0,0.0,0.0
2003-02-21 00:00:00+09:00,1829.646240234375,1829.646240234375,1829.646240234375,1829.646240234375,0,0.0,0.0
2003-02-24 00:00:00+09:00,1820.1664402173915,1820.1664402173915,1744.326171875,1744.326171875,300,0.0,0.0
2003-02-25 00:00:00+09:00,1753.806359925246,1867.5667724609375,1753.806359925246,1867.5667724609375,200,0.0,0.0
2003-02-26 00:00:00+09:00,1867.5667724609375,1867.5667724609375,1867.5667724609375,1867.5667724609375,0,0.0,0.0
2003-02-27 00:00:00+09:00,1867.5667724609375,1867.5667724609375,1867.5667724609375,1867.5667724609375,0,0.0,0.0
2003-02-28 00:00:00+09:00,1820.166600571066,1867.5667724609375,1820.166600571066,1867.5667724609375,300,0.0,0.0
2003-03-03 00:00:00+09:00,1867.5667724609375,1867.5667724609375,1867.5667724609375,1867.5667724609375,0,0.0,0.0
2003-03-04 00:00:00+09:00,1867.5667724609375,1867.5667724609375,1867.5667724609375,1867.5667724609375,0,0.0,0.0
2003-03-05 00:00:00+09:00,1867.5667724609375,1867.5667724609375,1867.5667724609375,1867.5667724609375,0,0.0,0.0
2003-03-06 00:00:00+09:00,1867.5667724609375,1867.5667724609375,1867.5667724609375,1867.5667724609375,0,0.0,0.0
2003-03-07 00:00:00+09:00,1858.0865795898437,1896.0067138671875,1858.0865795898437,1896.0067138671875,500,0.0,0.0
2003-03-10 00:00:00+09:00,1896.0068786028519,1952.8870849609375,1896.0068786028519,1952.8870849609375,500,0.0,0.0
2003-03-11 00:00:00+09:00,1952.8870849609375,1952.8870849609375,1952.8870849609375,1952.8870849609375,200,0.0,0.0
2003-03-12 00:00:00+09:00,1952.8870849609375,1952.8870849609375,1952.8870849609375,1952.8870849609375,0,0.0,0.0
2003-03-13 00:00:00+09:00,1952.8870849609375,1952.8870849609375,1952.8870849609375,1952.8870849609375,0,0.0,0.0
2003-03-14 00:00:00+09:00,1952.8870849609375,1952.8870849609375,1952.8870849609375,1952.8870849609375,0,0.0,0.0
2003-03-17 00:00:00+09:00,1952.8870849609375,1952.8870849609375,1952.8870849609375,1952.8870849609375,0,0.0,0.0
2003-03-18 00:00:00+09:00,1952.8870849609375,1952.8870849609375,1952.8870849609375,1952.8870849609375,0,0.0,0.0
2003-03-19 00:00:00+09:00,1952.8870849609375,1952.8870849609375,1952.8870849609375,1952.8870849609375,0,0.0,0.0
2003-03-20 00:00:00+09:00,1952.8870849609375,1952.8870849609375,1952.8870849609375,1952.8870849609375,0,0.0,0.0
2003-03-21 00:00:00+09:00,1952.8870849609375,1952.8870849609375,1952.8870849609375,1952.8870849609375,0,0.0,0.0
2003-03-24 00:00:00+09:00,1962.366943359375,1962.366943359375,1962.366943359375,1962.366943359375,100,0.0,0.0
2003-03-25 00:00:00+09:00,1962.366943359375,1962.366943359375,1962.366943359375,1962.366943359375,0,0.0,0.0
2003-03-26 00:00:00+09:00,1933.9269334013238,1933.9269334013238,1924.4468994140625,1924.4468994140625,200,0.0,0.0
2003-03-27 00:00:00+09:00,1924.4468994140625,1924.4468994140625,1924.4468994140625,1924.4468994140625,0,0.0,0.0
2003-03-28 00:00:00+09:00,1772.766357421875,1772.766357421875,1772.766357421875,1772.766357421875,100,0.0,0.0
2003-03-31 00:00:00+09:00,1924.4468994140625,1924.4468994140625,1924.4468994140625,1924.4468994140625,300,0.0,0.0
2003-04-01 00:00:00+09:00,1924.4468994140625,1924.4468994140625,1924.4468994140625,1924.4468994140625,0,0.0,0.0
2003-04-02 00:00:00+09:00,1924.4468994140625,1924.4468994140625,1924.4468994140625,1924.4468994140625,0,0.0,0.0
2003-04-03 00:00:00+09:00,1924.4468994140625,1924.4468994140625,1924.4468994140625,1924.4468994140625,0,0.0,0.0
2003-04-04 00:00:00+09:00,1924.4468994140625,1924.4468994140625,1924.4468994140625,1924.4468994140625,0,0.0,0.0
2003-04-07 00:00:00+09:00,1924.4468994140625,1924.4468994140625,1924.4468994140625,1924.4468994140625,0,0.0,0.0
2003-04-08 00:00:00+09:00,1867.5667724609375,1867.5667724609375,1867.5667724609375,1867.5667724609375,200,0.0,0.0
2003-04-09 00:00:00+09:00,1867.5667724609375,1867.5667724609375,1867.5667724609375,1867.5667724609375,0,0.0,0.0
2003-04-10 00:00:00+09:00,1896.0067138671875,1896.0067138671875,1896.0067138671875,1896.0067138671875,200,0.0,0.0
2003-04-11 00:00:00+09:00,1905.4865734011628,2038.20703125,1905.4865734011628,2038.20703125,700,0.0,0.0
2003-04-14 00:00:00+09:00,2038.20703125,2038.20703125,2038.20703125,2038.20703125,0,0.0,0.0
2003-04-15 00:00:00+09:00,2038.20703125,2038.20703125,2038.20703125,2038.20703125,0,0.0,0.0
2003-04-16 00:00:00+09:00,2038.20703125,2038.20703125,2038.20703125,2038.20703125,0,0.0,0.0
2003-04-17 00:00:00+09:00,2038.20703125,2038.20703125,2038.20703125,2038.20703125,0,0.0,0.0
2003-04-18 00:00:00+09:00,2038.20703125,2038.20703125,2038.20703125,2038.20703125,0,0.0,0.0
2003-04-21 00:00:00+09:00,2038.20703125,2038.20703125,2038.20703125,2038.20703125,0,0.0,0.0
2003-04-22 00:00:00+09:00,2038.20703125,2038.20703125,2038.20703125,2038.20703125,0,0.0,0.0
2003-04-23 00:00:00+09:00,2038.20703125,2038.20703125,2038.20703125,2038.20703125,0,0.0,0.0
2003-04-24 00:00:00+09:00,2038.20703125,2038.20703125,2038.20703125,2038.20703125,0,0.0,0.0
2003-04-25 00:00:00+09:00,1962.366943359375,1962.366943359375,1962.366943359375,1962.366943359375,100,0.0,0.0
2003-04-28 00:00:00+09:00,1962.366943359375,1962.366943359375,1962.366943359375,1962.366943359375,100,0.0,0.0
2003-04-29 00:00:00+09:00,1962.366943359375,1962.366943359375,1962.366943359375,1962.366943359375,0,0.0,0.0
2003-04-30 00:00:00+09:00,1990.80712890625,1990.80712890625,1990.80712890625,1990.80712890625,200,0.0,0.0
2003-05-01 00:00:00+09:00,1990.80712890625,1990.80712890625,1990.80712890625,1990.80712890625,0,0.0,0.0
2003-05-02 00:00:00+09:00,1990.80712890625,1990.80712890625,1990.80712890625,1990.80712890625,0,0.0,0.0
2003-05-05 00:00:00+09:00,1990.80712890625,1990.80712890625,1990.80712890625,1990.80712890625,0,0.0,0.0
2003-05-06 00:00:00+09:00,1990.80712890625,1990.80712890625,1990.80712890625,1990.80712890625,0,0.0,0.0
2003-05-07 00:00:00+09:00,1990.80712890625,1990.80712890625,1990.80712890625,1990.80712890625,300,0.0,0.0
2003-05-08 00:00:00+09:00,1990.80712890625,1990.80712890625,1990.80712890625,1990.80712890625,0,0.0,0.0
2003-05-09 00:00:00+09:00,1990.80712890625,1990.80712890625,1990.80712890625,1990.80712890625,0,0.0,0.0
2003-05-12 00:00:00+09:00,2009.7672119140625,2009.7672119140625,2009.7672119140625,2009.7672119140625,200,0.0,0.0
2003-05-13 00:00:00+09:00,2028.7275390625,2028.7275390625,2028.7275390625,2028.7275390625,1100,0.0,0.0
2003-05-14 00:00:00+09:00,2028.7275390625,2028.7275390625,2028.7275390625,2028.7275390625,100,0.0,0.0
2003-05-15 00:00:00+09:00,2028.7275390625,2028.7275390625,2028.7275390625,2028.7275390625,0,0.0,0.0
2003-05-16 00:00:00+09:00,2028.7275390625,2028.7275390625,2028.7275390625,2028.7275390625,0,0.0,0.0
2003-05-19 00:00:00+09:00,2028.7275390625,2028.7275390625,2028.7275390625,2028.7275390625,0,0.0,0.0
2003-05-20 00:00:00+09:00,2028.7275390625,2028.7275390625,2028.7275390625,2028.7275390625,0,0.0,0.0
2003-05-21 00:00:00+09:00,2028.7275390625,2028.7275390625,2028.7275390625,2028.7275390625,0,0.0,0.0
2003-05-22 00:00:00+09:00,1858.086669921875,1858.086669921875,1858.086669921875,1858.086669921875,100,0.0,0.0
2003-05-23 00:00:00+09:00,1858.086669921875,1858.086669921875,1858.086669921875,1858.086669921875,0,0.0,0.0
2003-05-26 00:00:00+09:00,1990.80712890625,1990.80712890625,1990.80712890625,1990.80712890625,100,0.0,0.0
2003-05-27 00:00:00+09:00,1990.8071826405503,1990.8071826405503,1981.3271484375,1981.3271484375,300,0.0,0.0
2003-05-28 00:00:00+09:00,1981.3271484375,1981.3271484375,1981.3271484375,1981.3271484375,100,0.0,0.0
2003-05-29 00:00:00+09:00,1981.3271484375,1981.3271484375,1981.3271484375,1981.3271484375,0,0.0,0.0
2003-05-30 00:00:00+09:00,1990.80712890625,1990.80712890625,1990.80712890625,1990.80712890625,300,0.0,0.0
2003-06-02 00:00:00+09:00,1943.4068603515625,1943.4068603515625,1943.4068603515625,1943.4068603515625,100,0.0,0.0
2003-06-03 00:00:00+09:00,1943.4068603515625,1943.4068603515625,1943.4068603515625,1943.4068603515625,0,0.0,0.0
2003-06-04 00:00:00+09:00,1943.4068603515625,1943.4068603515625,1943.4068603515625,1943.4068603515625,0,0.0,0.0
2003-06-05 00:00:00+09:00,1858.0865591653965,1943.4068603515625,1801.206358374619,1943.4068603515625,400,0.0,0.0
2003-06-06 00:00:00+09:00,1943.4068603515625,1943.4068603515625,1943.4068603515625,1943.4068603515625,0,0.0,0.0
2003-06-09 00:00:00+09:00,1990.80712890625,1990.80712890625,1990.80712890625,1990.80712890625,500,0.0,0.0
2003-06-10 00:00:00+09:00,2085.607421875,2085.607421875,2085.607421875,2085.607421875,500,0.0,0.0
2003-06-11 00:00:00+09:00,2085.607421875,2085.607421875,2085.607421875,2085.607421875,0,0.0,0.0
2003-06-12 00:00:00+09:00,2085.607421875,2085.607421875,2085.607421875,2085.607421875,500,0.0,0.0
2003-06-13 00:00:00+09:00,2085.607421875,2085.607421875,2085.607421875,2085.607421875,100,0.0,0.0
2003-06-16 00:00:00+09:00,1877.0465087890625,1877.0465087890625,1877.0465087890625,1877.0465087890625,100,0.0,0.0
2003-06-17 00:00:00+09:00,1877.0465087890625,1877.0465087890625,1877.0465087890625,1877.0465087890625,0,0.0,0.0
2003-06-18 00:00:00+09:00,1877.0465087890625,1877.0465087890625,1877.0465087890625,1877.0465087890625,0,0.0,0.0
2003-06-19 00:00:00+09:00,1877.0465087890625,1877.0465087890625,1877.0465087890625,1877.0465087890625,0,0.0,0.0
2003-06-20 00:00:00+09:00,1877.0465087890625,1877.0465087890625,1877.0465087890625,1877.0465087890625,0,0.0,0.0
2003-06-23 00:00:00+09:00,1877.0465087890625,1877.0465087890625,1877.0465087890625,1877.0465087890625,0,0.0,0.0
2003-06-24 00:00:00+09:00,1990.80712890625,1990.80712890625,1990.80712890625,1990.80712890625,100,0.0,0.0
2003-06-25 00:00:00+09:00,2038.207298642113,2038.207298642113,1990.80712890625,1990.80712890625,200,0.0,0.0
2003-06-26 00:00:00+09:00,1990.80712890625,1990.80712890625,1990.80712890625,1990.80712890625,0,0.0,0.0
2003-06-27 00:00:00+09:00,1990.80712890625,1990.80712890625,1990.80712890625,1990.80712890625,0,0.0,0.0
2003-06-30 00:00:00+09:00,1990.8070845170455,2085.607421875,1990.8070845170455,2085.607421875,400,0.0,0.0
2003-07-01 00:00:00+09:00,2085.607421875,2085.607421875,2085.607421875,2085.607421875,100,0.0,0.0
2003-07-02 00:00:00+09:00,2085.607421875,2085.607421875,2085.607421875,2085.607421875,100,0.0,0.0
2003-07-03 00:00:00+09:00,2085.607421875,2085.607421875,2085.607421875,2085.607421875,0,0.0,0.0
2003-07-04 00:00:00+09:00,2085.607421875,2085.607421875,2085.607421875,2085.607421875,0,0.0,0.0
2003-07-07 00:00:00+09:00,2085.607421875,2085.607421875,2085.607421875,2085.607421875,0,0.0,0.0
2003-07-08 00:00:00+09:00,2180.40771484375,2180.40771484375,2180.40771484375,2180.40771484375,700,0.0,0.0
2003-07-09 00:00:00+09:00,2275.208251953125,2275.208251953125,2275.208251953125,2275.208251953125,100,0.0,0.0
2003-07-10 00:00:00+09:00,2360.5285198154734,2540.649169921875,2360.5285198154734,2540.649169921875,1100,0.0,0.0
2003-07-11 00:00:00+09:00,2540.649169921875,2540.649169921875,2540.649169921875,2540.649169921875,0,0.0,0.0
2003-07-14 00:00:00+09:00,2540.649169921875,2540.649169921875,2540.649169921875,2540.649169921875,0,0.0,0.0
2003-07-15 00:00:00+09:00,2370.008544921875,2370.008544921875,2370.008544921875,2370.008544921875,100,0.0,0.0
2003-07-16 00:00:00+09:00,2370.008544921875,2370.008544921875,2370.008544921875,2370.008544921875,0,0.0,0.0
2003-07-17 00:00:00+09:00,2370.008544921875,2370.008544921875,2370.008544921875,2370.008544921875,0,0.0,0.0
2003-07-18 00:00:00+09:00,2009.7672119140625,2009.7672119140625,2009.7672119140625,2009.7672119140625,100,0.0,0.0
2003-07-21 00:00:00+09:00,2009.7672119140625,2009.7672119140625,2009.7672119140625,2009.7672119140625,0,0.0,0.0
2003-07-22 00:00:00+09:00,2009.7672119140625,2009.7672119140625,2009.7672119140625,2009.7672119140625,0,0.0,0.0
2003-07-23 00:00:00+09:00,2009.7672119140625,2009.7672119140625,2009.7672119140625,2009.7672119140625,0,0.0,0.0
2003-07-24 00:00:00+09:00,2009.7672119140625,2009.7672119140625,2009.7672119140625,2009.7672119140625,0,0.0,0.0
2003-07-25 00:00:00+09:00,2095.087646484375,2095.087646484375,2095.087646484375,2095.087646484375,200,0.0,0.0
2003-07-28 00:00:00+09:00,2095.0871940104166,2133.00732421875,2095.0871940104166,2133.00732421875,200,0.0,0.0
2003-07-29 00:00:00+09:00,2133.00732421875,2133.00732421875,2133.00732421875,2133.00732421875,100,0.0,0.0
2003-07-30 00:00:00+09:00,2133.0074629594574,2151.967529296875,2133.0074629594574,2151.967529296875,300,0.0,0.0
2003-07-31 00:00:00+09:00,2151.967529296875,2151.967529296875,2151.967529296875,2151.967529296875,200,0.0,0.0
2003-08-01 00:00:00+09:00,2151.967529296875,2151.967529296875,2151.967529296875,2151.967529296875,0,0.0,0.0
2003-08-04 00:00:00+09:00,2180.4077592329545,2180.4077592329545,2085.607421875,2085.607421875,500,0.0,0.0
2003-08-05 00:00:00+09:00,2085.607421875,2085.607421875,2085.607421875,2085.607421875,0,0.0,0.0
2003-08-06 00:00:00+09:00,2038.20703125,2038.20703125,2038.20703125,2038.20703125,200,0.0,0.0
2003-08-07 00:00:00+09:00,2038.2072531960227,2085.607421875,2038.2072531960227,2085.607421875,200,0.0,0.0
2003-08-08 00:00:00+09:00,2085.607379415761,2180.40771484375,2085.607379415761,2180.40771484375,300,0.0,0.0
2003-08-11 00:00:00+09:00,2161.4482421875,2161.4482421875,2161.4482421875,2161.4482421875,500,0.0,0.0
2003-08-12 00:00:00+09:00,2161.4482421875,2161.4482421875,2161.4482421875,2161.4482421875,0,0.0,0.0
2003-08-13 00:00:00+09:00,1896.0067138671875,1896.0067138671875,1896.0067138671875,1896.0067138671875,200,0.0,0.0
2003-08-14 00:00:00+09:00,1905.4867264910442,1943.4068603515625,1905.4867264910442,1943.4068603515625,200,0.0,0.0
2003-08-15 00:00:00+09:00,1943.4068603515625,1943.4068603515625,1943.4068603515625,1943.4068603515625,0,0.0,0.0
2003-08-18 00:00:00+09:00,1943.4068603515625,1943.4068603515625,1943.4068603515625,1943.4068603515625,0,0.0,0.0
2003-08-19 00:00:00+09:00,1914.9669189453125,1914.9669189453125,1914.9669189453125,1914.9669189453125,600,0.0,0.0
2003-08-20 00:00:00+09:00,1943.4068603515625,1943.4068603515625,1943.4068603515625,1943.4068603515625,100,0.0,0.0
2003-08-21 00:00:00+09:00,1943.4068603515625,1943.4068603515625,1943.4068603515625,1943.4068603515625,100,0.0,0.0
2003-08-22 00:00:00+09:00,1943.4068603515625,1943.4068603515625,1943.4068603515625,1943.4068603515625,100,0.0,0.0
2003-08-25 00:00:00+09:00,1943.4068603515625,1943.4068603515625,1943.4068603515625,1943.4068603515625,200,0.0,0.0
2003-08-26 00:00:00+09:00,1952.8870849609375,1952.8870849609375,1952.8870849609375,1952.8870849609375,100,0.0,0.0
2003-08-27 00:00:00+09:00,1952.8870849609375,1952.8870849609375,1952.8870849609375,1952.8870849609375,0,0.0,0.0
2003-08-28 00:00:00+09:00,1924.4468994140625,1924.4468994140625,1924.4468994140625,1924.4468994140625,100,0.0,0.0
2003-08-29 00:00:00+09:00,1896.0067894345239,1990.80712890625,1896.0067894345239,1990.80712890625,500,0.0,0.0
2003-09-01 00:00:00+09:00,1990.8070495605468,1990.8070495605468,1896.0067138671875,1896.0067138671875,600,0.0,0.0
2003-09-02 00:00:00+09:00,1905.48681640625,1905.48681640625,1905.48681640625,1905.48681640625,200,0.0,0.0
2003-09-03 00:00:00+09:00,1924.4467934213035,1943.4068603515625,1924.4467934213035,1943.4068603515625,200,0.0,0.0
2003-09-04 00:00:00+09:00,1990.80712890625,1990.80712890625,1990.80712890625,1990.80712890625,300,0.0,0.0
2003-09-05 00:00:00+09:00,1990.80712890625,1990.80712890625,1990.80712890625,1990.80712890625,0,0.0,0.0
2003-09-08 00:00:00+09:00,1990.80712890625,1990.80712890625,1990.80712890625,1990.80712890625,300,0.0,0.0
2003-09-09 00:00:00+09:00,1990.8068677325582,2038.20703125,1990.8068677325582,2038.20703125,300,0.0,0.0
2003-09-10 00:00:00+09:00,2038.20703125,2038.20703125,2038.20703125,2038.20703125,600,0.0,0.0
2003-09-11 00:00:00+09:00,2038.20703125,2038.20703125,2038.20703125,2038.20703125,0,0.0,0.0
2003-09-12 00:00:00+09:00,2038.20703125,2038.20703125,2038.20703125,2038.20703125,0,0.0,0.0
2003-09-15 00:00:00+09:00,2038.20703125,2038.20703125,2038.20703125,2038.20703125,0,0.0,0.0
2003-09-16 00:00:00+09:00,1943.407050567923,1952.8870849609375,1943.407050567923,1952.8870849609375,200,0.0,0.0
2003-09-17 00:00:00+09:00,1943.4068603515625,1943.4068603515625,1943.4068603515625,1943.4068603515625,100,0.0,0.0
2003-09-18 00:00:00+09:00,1943.4068603515625,1952.8868938166922,1924.4467934213035,1943.4068603515625,1200,0.0,0.0
2003-09-19 00:00:00+09:00,1943.4068603515625,1943.4068603515625,1943.4068603515625,1943.4068603515625,100,0.0,0.0
2003-09-22 00:00:00+09:00,1952.8870849609375,1952.8870849609375,1952.8870849609375,1952.8870849609375,100,0.0,0.0
2003-09-23 00:00:00+09:00,1952.8870849609375,1952.8870849609375,1952.8870849609375,1952.8870849609375,0,0.0,0.0
2003-09-24 00:00:00+09:00,1952.8870849609375,1952.8870849609375,1952.8870849609375,1952.8870849609375,100,0.0,0.0
2003-09-25 00:00:00+09:00,1962.3671193539517,1962.3671193539517,1952.8870849609375,1952.8870849609375,300,0.0,0.0
2003-09-26 00:00:00+09:00,1952.8870849609375,1952.8870849609375,1952.8870849609375,1952.8870849609375,900,0.0,0.0
2003-09-29 00:00:00+09:00,1952.8870849609375,1952.8870849609375,1952.8870849609375,1952.8870849609375,100,0.0,0.0
2003-09-30 00:00:00+09:00,1952.8870849609375,1952.8870849609375,1952.8870849609375,1952.8870849609375,100,0.0,0.0
2003-10-01 00:00:00+09:00,1952.8869931175595,1990.80712890625,1952.8869931175595,1990.80712890625,200,0.0,0.0
2003-10-02 00:00:00+09:00,1990.80712890625,1990.80712890625,1990.80712890625,1990.80712890625,0,0.0,0.0
2003-10-03 00:00:00+09:00,1962.366943359375,1962.366943359375,1962.366943359375,1962.366943359375,100,0.0,0.0
2003-10-06 00:00:00+09:00,1971.8468017578125,1971.8468017578125,1971.8468017578125,1971.8468017578125,100,0.0,0.0
2003-10-07 00:00:00+09:00,1971.8468017578125,1971.8468017578125,1962.3667690570537,1971.8468017578125,700,0.0,0.0
2003-10-08 00:00:00+09:00,1971.8468017578125,1971.8468017578125,1971.8468017578125,1971.8468017578125,0,0.0,0.0
2003-10-09 00:00:00+09:00,1990.8070276772105,1990.8070276772105,1943.4068603515625,1943.4068603515625,600,0.0,0.0
2003-10-10 00:00:00+09:00,1943.406959170387,1990.80712890625,1943.406959170387,1990.80712890625,1100,0.0,0.0
2003-10-13 00:00:00+09:00,1990.80712890625,1990.80712890625,1990.80712890625,1990.80712890625,0,0.0,0.0
2003-10-14 00:00:00+09:00,2038.20703125,2038.20703125,2038.20703125,2038.20703125,500,0.0,0.0
2003-10-15 00:00:00+09:00,1952.8872572283879,2028.7275390625,1952.8872572283879,2028.7275390625,200,0.0,0.0
2003-10-16 00:00:00+09:00,1952.8870849609375,1952.8870849609375,1952.8870849609375,1952.8870849609375,100,0.0,0.0
2003-10-17 00:00:00+09:00,1971.8468017578125,1971.8468017578125,1971.8468017578125,1971.8468017578125,200,0.0,0.0
2003-10-20 00:00:00+09:00,1971.8468017578125,1971.8468017578125,1971.8468017578125,1971.8468017578125,100,0.0,0.0
2003-10-21 00:00:00+09:00,1971.8471142344497,1981.3271484375,1971.8471142344497,1981.3271484375,200,0.0,0.0
2003-10-22 00:00:00+09:00,1981.3271484375,1981.3271484375,1981.3271484375,1981.3271484375,100,0.0,0.0
2003-10-23 00:00:00+09:00,1981.3271484375,1981.3271484375,1981.3271484375,1981.3271484375,100,0.0,0.0
2003-10-24 00:00:00+09:00,1943.406790939032,1943.406790939032,1933.9267578125,1933.9267578125,800,0.0,0.0
2003-10-27 00:00:00+09:00,1933.9267578125,1933.9267578125,1933.9267578125,1933.9267578125,100,0.0,0.0
2003-10-28 00:00:00+09:00,1933.9267578125,1933.9267578125,1933.9267578125,1933.9267578125,100,0.0,0.0
2003-10-29 00:00:00+09:00,1933.9267578125,1933.9267578125,1933.9267578125,1933.9267578125,100,0.0,0.0
2003-10-30 00:00:00+09:00,1933.9267578125,1933.9267578125,1933.9267578125,1933.9267578125,0,0.0,0.0
2003-10-31 00:00:00+09:00,1924.4468994140625,1924.4468994140625,1924.4468994140625,1924.4468994140625,200,0.0,0.0
2003-11-03 00:00:00+09:00,1924.4468994140625,1924.4468994140625,1924.4468994140625,1924.4468994140625,0,0.0,0.0
2003-11-04 00:00:00+09:00,1924.4468994140625,1924.4468994140625,1924.4468994140625,1924.4468994140625,0,0.0,0.0
2003-11-05 00:00:00+09:00,1924.4468994140625,1924.4468994140625,1924.4468994140625,1924.4468994140625,0,0.0,0.0
2003-11-06 00:00:00+09:00,1924.4468994140625,1924.4468994140625,1924.4468994140625,1924.4468994140625,0,0.0,0.0
2003-11-07 00:00:00+09:00,1905.4867474365233,1905.4867474365233,1896.0067138671875,1896.0067138671875,900,0.0,0.0
2003-11-10 00:00:00+09:00,1896.0069020589192,1896.0069020589192,1820.1666259765625,1820.1666259765625,1000,0.0,0.0
2003-11-11 00:00:00+09:00,1820.1666259765625,1820.1666259765625,1820.1666259765625,1820.1666259765625,100,0.0,0.0
2003-11-12 00:00:00+09:00,1829.6466208433494,1848.606689453125,1829.6466208433494,1848.606689453125,200,0.0,0.0
2003-11-13 00:00:00+09:00,1848.606689453125,1848.606689453125,1848.606689453125,1848.606689453125,0,0.0,0.0
2003-11-14 00:00:00+09:00,1848.606689453125,1848.606689453125,1848.606689453125,1848.606689453125,100,0.0,0.0
2003-11-17 00:00:00+09:00,1848.606689453125,1848.606689453125,1848.606689453125,1848.606689453125,200,0.0,0.0
2003-11-18 00:00:00+09:00,1820.1662773840208,1848.606375468146,1801.2062119946038,1839.1263427734375,500,0.0,0.0
2003-11-19 00:00:00+09:00,1839.1263427734375,1839.1263427734375,1839.1263427734375,1839.1263427734375,0,0.0,0.0
2003-11-20 00:00:00+09:00,1829.646240234375,1829.646240234375,1829.646240234375,1829.646240234375,100,0.0,0.0
2003-11-21 00:00:00+09:00,1829.646240234375,1829.646240234375,1829.646240234375,1829.646240234375,0,0.0,0.0
2003-11-24 00:00:00+09:00,1829.646240234375,1829.646240234375,1829.646240234375,1829.646240234375,0,0.0,0.0
2003-11-25 00:00:00+09:00,1810.6865234375,1820.1665575916231,1810.6865234375,1810.6865234375,400,0.0,0.0
2003-11-26 00:00:00+09:00,1810.6865234375,1810.6865234375,1810.6865234375,1810.6865234375,100,0.0,0.0
2003-11-27 00:00:00+09:00,1810.6865234375,1810.6865234375,1810.6865234375,1810.6865234375,0,0.0,0.0
2003-11-28 00:00:00+09:00,1820.1666259765625,1820.1666259765625,1820.1666259765625,1820.1666259765625,100,0.0,0.0
2003-12-01 00:00:00+09:00,1848.6066600539923,1848.6066600539923,1810.6865234375,1810.6865234375,400,0.0,0.0
2003-12-02 00:00:00+09:00,1829.646240234375,1829.646240234375,1829.646240234375,1829.646240234375,100,0.0,0.0
2003-12-03 00:00:00+09:00,1829.6466208433494,1848.606689453125,1829.6466208433494,1848.606689453125,200,0.0,0.0
2003-12-04 00:00:00+09:00,1858.086669921875,1858.086669921875,1858.086669921875,1858.086669921875,100,0.0,0.0
2003-12-05 00:00:00+09:00,1848.606689453125,1848.606689453125,1848.606689453125,1848.606689453125,1000,0.0,0.0
2003-12-08 00:00:00+09:00,1848.606689453125,1848.606689453125,1848.606689453125,1848.606689453125,0,0.0,0.0
2003-12-09 00:00:00+09:00,1877.0466260956555,1943.4068603515625,1877.0466260956555,1943.4068603515625,400,0.0,0.0
2003-12-10 00:00:00+09:00,1914.9669189453125,1914.9669189453125,1914.9669189453125,1914.9669189453125,700,0.0,0.0
2003-12-11 00:00:00+09:00,1914.9669189453125,1914.9669189453125,1914.9669189453125,1914.9669189453125,0,0.0,0.0
2003-12-12 00:00:00+09:00,1896.0067138671875,1896.0067138671875,1896.0067138671875,1896.0067138671875,500,0.0,0.0
2003-12-15 00:00:00+09:00,1896.0067138671875,1896.0067138671875,1896.0067138671875,1896.0067138671875,0,0.0,0.0
2003-12-16 00:00:00+09:00,1858.086669921875,1858.086669921875,1858.086669921875,1858.086669921875,100,0.0,0.0
2003-12-17 00:00:00+09:00,1858.086669921875,1858.086669921875,1858.086669921875,1858.086669921875,0,0.0,0.0
2003-12-18 00:00:00+09:00,1858.086669921875,1858.086669921875,1858.086669921875,1858.086669921875,0,0.0,0.0
2003-12-19 00:00:00+09:00,1839.1266949971516,1839.1266949971516,1820.1666259765625,1820.1666259765625,200,0.0,0.0
2003-12-22 00:00:00+09:00,1820.1666259765625,1820.1666259765625,1820.1666259765625,1820.1666259765625,200,0.0,0.0
2003-12-23 00:00:00+09:00,1820.1666259765625,1820.1666259765625,1820.1666259765625,1820.1666259765625,0,0.0,0.0
2003-12-24 00:00:00+09:00,1820.1666259765625,1820.1666259765625,1820.1666259765625,1820.1666259765625,200,0.0,0.0
2003-12-25 00:00:00+09:00,1829.646660486857,1829.646660486857,1763.286418914795,1820.1666259765625,400,0.0,0.0
2003-12-26 00:00:00+09:00,1820.1666259765625,1820.1666259765625,1820.1666259765625,1820.1666259765625,0,0.0,0.0
2003-12-29 00:00:00+09:00,1772.766357421875,1772.766357421875,1772.766357421875,1772.766357421875,100,0.0,0.0
2003-12-30 00:00:00+09:00,1810.6865690657235,1952.8870849609375,1810.6865690657235,1952.8870849609375,700,0.0,0.0
2003-12-31 00:00:00+09:00,1952.8870849609375,1952.8870849609375,1952.8870849609375,1952.8870849609375,0,0.0,0.0
2004-01-01 00:00:00+09:00,1952.8870849609375,1952.8870849609375,1952.8870849609375,1952.8870849609375,0,0.0,0.0
2004-01-02 00:00:00+09:00,1952.8870849609375,1952.8870849609375,1952.8870849609375,1952.8870849609375,0,0.0,0.0
2004-01-05 00:00:00+09:00,1952.8870849609375,1952.8870849609375,1952.8870849609375,1952.8870849609375,0,0.0,0.0
2004-01-06 00:00:00+09:00,1867.5664759163906,1877.0465087890625,1867.5664759163906,1877.0465087890625,200,0.0,0.0
2004-01-07 00:00:00+09:00,1877.0465087890625,1877.0465087890625,1877.0465087890625,1877.0465087890625,100,0.0,0.0
2004-01-08 00:00:00+09:00,1877.0466467285155,1896.0067138671875,1877.0466467285155,1896.0067138671875,300,0.0,0.0
2004-01-09 00:00:00+09:00,1896.0067138671875,1896.0067138671875,1896.0067138671875,1896.0067138671875,0,0.0,0.0
2004-01-12 00:00:00+09:00,1896.0067138671875,1896.0067138671875,1896.0067138671875,1896.0067138671875,0,0.0,0.0
2004-01-13 00:00:00+09:00,1886.5268266726764,1886.5268266726764,1848.606689453125,1848.606689453125,1200,0.0,0.0
2004-01-14 00:00:00+09:00,1858.086669921875,1858.086669921875,1858.086669921875,1858.086669921875,100,0.0,0.0
2004-01-15 00:00:00+09:00,1858.086669921875,1858.086669921875,1858.086669921875,1858.086669921875,0,0.0,0.0
2004-01-16 00:00:00+09:00,1867.5667724609375,1867.5667724609375,1867.5667724609375,1867.5667724609375,100,0.0,0.0
2004-01-19 00:00:00+09:00,1886.5264892578125,1886.5264892578125,1886.5264892578125,1886.5264892578125,100,0.0,0.0
2004-01-20 00:00:00+09:00,1886.5264892578125,1886.5264892578125,1886.5264892578125,1886.5264892578125,300,0.0,0.0
2004-01-21 00:00:00+09:00,1886.5264892578125,1886.5264892578125,1886.5264892578125,1886.5264892578125,200,0.0,0.0
2004-01-22 00:00:00+09:00,1886.5264892578125,1886.5264892578125,1886.5264892578125,1886.5264892578125,100,0.0,0.0
2004-01-23 00:00:00+09:00,1886.5264892578125,1886.5264892578125,1886.5264892578125,1886.5264892578125,100,0.0,0.0
2004-01-26 00:00:00+09:00,1933.9267578125,1933.9267578125,1933.9267578125,1933.9267578125,200,0.0,0.0
2004-01-27 00:00:00+09:00,1896.0068755948605,1896.0068755948605,1867.5667724609375,1867.5667724609375,200,0.0,0.0
2004-01-28 00:00:00+09:00,1867.5667724609375,1867.5667724609375,1867.5667724609375,1867.5667724609375,100,0.0,0.0
2004-01-29 00:00:00+09:00,1867.5667724609375,1867.5667724609375,1867.5667724609375,1867.5667724609375,100,0.0,0.0
2004-01-30 00:00:00+09:00,1896.0065745344066,1896.0065745344066,1877.0465087890625,1877.0465087890625,500,0.0,0.0
2004-02-02 00:00:00+09:00,1896.0067138671875,1896.0067138671875,1896.0067138671875,1896.0067138671875,200,0.0,0.0
2004-02-03 00:00:00+09:00,1877.0465087890625,1877.0465087890625,1877.0465087890625,1877.0465087890625,100,0.0,0.0
2004-02-04 00:00:00+09:00,1858.0864430437184,1877.0465087890625,1858.0864430437184,1877.0465087890625,300,0.0,0.0
2004-02-05 00:00:00+09:00,1877.0467379823021,1877.0467379823021,1858.086669921875,1858.086669921875,300,0.0,0.0
2004-02-06 00:00:00+09:00,1877.0466467285155,1896.0067138671875,1877.0466467285155,1896.0067138671875,300,0.0,0.0
2004-02-09 00:00:00+09:00,1867.5667724609375,1867.5667724609375,1867.5667724609375,1867.5667724609375,100,0.0,0.0
2004-02-10 00:00:00+09:00,1877.0465087890625,1877.0465087890625,1867.5664759163906,1877.0465087890625,900,0.0,0.0
2004-02-11 00:00:00+09:00,1877.0465087890625,1877.0465087890625,1877.0465087890625,1877.0465087890625,0,0.0,0.0
2004-02-12 00:00:00+09:00,1877.0467923677886,1877.0467923677886,1848.606689453125,1848.606689453125,300,0.0,0.0
2004-02-13 00:00:00+09:00,1848.6066358916612,1858.086669921875,1848.6066358916612,1858.086669921875,400,0.0,0.0
2004-02-16 00:00:00+09:00,1848.606689453125,1848.606689453125,1848.606689453125,1848.606689453125,300,0.0,0.0
2004-02-17 00:00:00+09:00,1829.6463100787291,1839.1263427734375,1829.6463100787291,1839.1263427734375,300,0.0,0.0
2004-02-18 00:00:00+09:00,1839.1263427734375,1839.1263427734375,1839.1263427734375,1839.1263427734375,0,0.0,0.0
2004-02-19 00:00:00+09:00,1810.6862446893124,1839.1263427734375,1810.6862446893124,1839.1263427734375,200,0.0,0.0
2004-02-20 00:00:00+09:00,1848.606689453125,1848.606689453125,1848.606689453125,1848.606689453125,200,0.0,0.0
2004-02-23 00:00:00+09:00,1848.606689453125,1848.606689453125,1848.606689453125,1848.606689453125,200,0.0,0.0
2004-02-24 00:00:00+09:00,1848.6064645867598,1848.6064645867598,1801.206298828125,1801.206298828125,300,0.0,0.0
2004-02-25 00:00:00+09:00,1820.1665865384616,1848.606689453125,1820.1665865384616,1848.606689453125,500,0.0,0.0
2004-02-26 00:00:00+09:00,1839.1266018614476,1858.086669921875,1839.1266018614476,1858.086669921875,400,0.0,0.0
2004-02-27 00:00:00+09:00,1886.526772012516,1886.526772012516,1858.086669921875,1858.086669921875,400,0.0,0.0
2004-03-01 00:00:00+09:00,1858.086669921875,1858.086669921875,1858.086669921875,1858.086669921875,100,0.0,0.0
2004-03-02 00:00:00+09:00,1858.0867380829632,1867.5667724609375,1858.0867380829632,1867.5667724609375,200,0.0,0.0
2004-03-03 00:00:00+09:00,1867.5664759163906,1877.0465087890625,1867.5664759163906,1877.0465087890625,400,0.0,0.0
2004-03-04 00:00:00+09:00,1877.0465087890625,1877.0465087890625,1877.0465087890625,1877.0465087890625,200,0.0,0.0
2004-03-05 00:00:00+09:00,1877.0466467285155,1896.0067138671875,1877.0466467285155,1896.0067138671875,500,0.0,0.0
2004-03-08 00:00:00+09:00,1877.0465087890625,1896.0065745344066,1877.0465087890625,1877.0465087890625,500,0.0,0.0
2004-03-09 00:00:00+09:00,1886.526816188699,1914.9669189453125,1886.526816188699,1914.9669189453125,500,0.0,0.0
2004-03-10 00:00:00+09:00,1914.9668654268012,1924.4468994140625,1914.9668654268012,1924.4468994140625,900,0.0,0.0
2004-03-11 00:00:00+09:00,1924.4468842311878,1924.4468842311878,1896.0067824937812,1905.48681640625,400,0.0,0.0
2004-03-12 00:00:00+09:00,1905.4867264910442,1943.4068603515625,1905.4867264910442,1943.4068603515625,400,0.0,0.0
2004-03-15 00:00:00+09:00,1933.9267578125,1933.9267578125,1933.9267578125,1933.9267578125,100,0.0,0.0
2004-03-16 00:00:00+09:00,1933.9269334013238,1933.9269334013238,1924.4468994140625,1924.4468994140625,800,0.0,0.0
2004-03-17 00:00:00+09:00,1924.4467934213035,1943.4068603515625,1924.4467934213035,1943.4068603515625,300,0.0,0.0
2004-03-18 00:00:00+09:00,1943.4069673885851,1943.4069673885851,1924.4468994140625,1924.4468994140625,900,0.0,0.0
2004-03-19 00:00:00+09:00,1924.4469531975171,1924.4469531975171,1914.9669189453125,1914.9669189453125,900,0.0,0.0
2004-03-22 00:00:00+09:00,1933.926671511628,2038.20703125,1933.926671511628,2038.20703125,500,0.0,0.0
2004-03-23 00:00:00+09:00,2028.7271615377288,2028.7271615377288,1943.4068603515625,1943.4068603515625,1500,0.0,0.0
2004-03-24 00:00:00+09:00,1952.8870849609375,1952.8870849609375,1952.8870849609375,1952.8870849609375,1100,0.0,0.0
2004-03-25 00:00:00+09:00,1990.8070910816461,2019.2471923828125,1952.8869560134244,2019.2471923828125,900,0.0,0.0
2004-03-26 00:00:00+09:00,1848.6066358916612,1886.526772012516,1848.6066358916612,1858.086669921875,1400,0.0,0.0
2004-03-29 00:00:00+09:00,1877.0465087890625,1877.0465087890625,1867.5664759163906,1877.0465087890625,1300,0.0,0.0
2004-03-30 00:00:00+09:00,1877.0465087890625,1877.0465087890625,1877.0465087890625,1877.0465087890625,400,0.0,0.0
2004-03-31 00:00:00+09:00,1962.366943359375,1962.366943359375,1962.366943359375,1962.366943359375,300,0.0,0.0
2004-04-01 00:00:00+09:00,1952.8867369186048,2038.20703125,1952.8867369186048,2038.20703125,1300,0.0,0.0
2004-04-02 00:00:00+09:00,2028.7269985465116,2038.20703125,2028.7269985465116,2038.20703125,600,0.0,0.0
2004-04-05 00:00:00+09:00,1990.8069565716912,1990.8069565716912,1933.9267578125,1933.9267578125,700,0.0,0.0
2004-04-06 00:00:00+09:00,1933.9269252232143,1990.80712890625,1896.0067894345239,1990.80712890625,1000,0.0,0.0
2004-04-07 00:00:00+09:00,1990.80712890625,1990.80712890625,1990.80712890625,1990.80712890625,0,0.0,0.0
2004-04-08 00:00:00+09:00,1924.4468145751953,1924.4468145751953,1896.0067138671875,1896.0067138671875,1200,0.0,0.0
2004-04-09 00:00:00+09:00,1924.4468994140625,1924.4468994140625,1924.4468994140625,1924.4468994140625,100,0.0,0.0
2004-04-12 00:00:00+09:00,1933.9269252232143,1990.80712890625,1924.4468912760417,1990.80712890625,1400,0.0,0.0
2004-04-13 00:00:00+09:00,1990.8071826405503,1990.8071826405503,1952.8870458283493,1981.3271484375,500,0.0,0.0
2004-04-14 00:00:00+09:00,1971.8468017578125,1971.8468017578125,1971.8468017578125,1971.8468017578125,200,0.0,0.0
2004-04-15 00:00:00+09:00,1971.8468017578125,1971.8468017578125,1971.8468017578125,1971.8468017578125,300,0.0,0.0
2004-04-16 00:00:00+09:00,1971.8469607469513,1971.8469607469513,1943.4068603515625,1943.4068603515625,1000,0.0,0.0
2004-04-19 00:00:00+09:00,1943.4068603515625,1943.4068603515625,1943.4068603515625,1943.4068603515625,100,0.0,0.0
2004-04-20 00:00:00+09:00,1943.4068603515625,1943.4068603515625,1943.4068603515625,1943.4068603515625,400,0.0,0.0
2004-04-21 00:00:00+09:00,1962.3669272818217,1962.3669272818217,1943.4068603515625,1943.4068603515625,600,0.0,0.0
2004-04-22 00:00:00+09:00,1943.407050567923,1952.8870849609375,1943.407050567923,1952.8870849609375,1000,0.0,0.0
2004-04-23 00:00:00+09:00,1952.8870013758467,1952.8870013758467,1924.4468994140625,1924.4468994140625,700,0.0,0.0
2004-04-26 00:00:00+09:00,1981.327162900807,2009.7672657175651,1981.327162900807,2000.2872314453125,1100,0.0,0.0
2004-04-27 00:00:00+09:00,2085.6074287522006,2085.6074287522006,2019.2471923828125,2019.2471923828125,700,0.0,0.0
2004-04-28 00:00:00+09:00,2009.7669325608474,2009.7669325608474,1971.8468017578125,1971.8468017578125,300,0.0,0.0
2004-04-29 00:00:00+09:00,1971.8468017578125,1971.8468017578125,1971.8468017578125,1971.8468017578125,0,0.0,0.0
2004-04-30 00:00:00+09:00,1990.8068671593298,1990.8068671593298,1971.8468017578125,1971.8468017578125,800,0.0,0.0
2004-05-03 00:00:00+09:00,1971.8468017578125,1971.8468017578125,1971.8468017578125,1971.8468017578125,0,0.0,0.0
2004-05-04 00:00:00+09:00,1971.8468017578125,1971.8468017578125,1971.8468017578125,1971.8468017578125,0,0.0,0.0
2004-05-05 00:00:00+09:00,1971.8468017578125,1971.8468017578125,1971.8468017578125,1971.8468017578125,0,0.0,0.0
2004-05-06 00:00:00+09:00,2019.2471923828125,2019.2471923828125,2019.2471923828125,2019.2471923828125,100,0.0,0.0
2004-05-07 00:00:00+09:00,1990.80712890625,1990.80712890625,1990.80712890625,1990.80712890625,100,0.0,0.0
2004-05-10 00:00:00+09:00,1990.8068479605056,1990.8068479605056,1886.5264892578125,1886.5264892578125,800,0.0,0.0
2004-05-11 00:00:00+09:00,1886.5265971936676,1886.5265971936676,1801.206298828125,1801.206298828125,400,0.0,0.0
2004-05-12 00:00:00+09:00,1801.206298828125,1801.206298828125,1801.206298828125,1801.206298828125,0,0.0,0.0
2004-05-13 00:00:00+09:00,1877.0465087890625,1877.0465087890625,1877.0465087890625,1877.0465087890625,200,0.0,0.0
2004-05-14 00:00:00+09:00,1877.0465087890625,1877.0465087890625,1877.0465087890625,1877.0465087890625,100,0.0,0.0
2004-05-17 00:00:00+09:00,1877.0465640419407,1877.0465640419407,1801.206298828125,1801.206298828125,400,0.0,0.0
2004-05-18 00:00:00+09:00,1810.6865234375,1810.6865234375,1810.6865234375,1810.6865234375,400,0.0,0.0
2004-05-19 00:00:00+09:00,1848.606689453125,1848.606689453125,1848.606689453125,1848.606689453125,100,0.0,0.0
2004-05-20 00:00:00+09:00,1848.606689453125,1848.606689453125,1848.606689453125,1848.606689453125,0,0.0,0.0
2004-05-21 00:00:00+09:00,1896.0067138671875,1896.0067138671875,1896.0067138671875,1896.0067138671875,100,0.0,0.0
2004-05-24 00:00:00+09:00,1896.0067138671875,1896.0067138671875,1896.0067138671875,1896.0067138671875,200,0.0,0.0
2004-05-25 00:00:00+09:00,1896.0067138671875,1896.0067138671875,1896.0067138671875,1896.0067138671875,300,0.0,0.0
2004-05-26 00:00:00+09:00,1896.0067138671875,1896.0067138671875,1896.0067138671875,1896.0067138671875,0,0.0,0.0
2004-05-27 00:00:00+09:00,1896.0067138671875,1896.0067138671875,1896.0067138671875,1896.0067138671875,0,0.0,0.0
2004-05-28 00:00:00+09:00,1848.606689453125,1848.606689453125,1848.606689453125,1848.606689453125,100,0.0,0.0
2004-05-31 00:00:00+09:00,1943.4068603515625,1943.4068603515625,1943.4068603515625,1943.4068603515625,300,0.0,0.0
2004-06-01 00:00:00+09:00,1943.4068603515625,1943.4068603515625,1943.4068603515625,1943.4068603515625,0,0.0,0.0
2004-06-02 00:00:00+09:00,1962.3670902063352,2009.7672614673577,1914.9669189453125,1914.9669189453125,400,0.0,0.0
2004-06-03 00:00:00+09:00,1914.9669189453125,1914.9669189453125,1914.9669189453125,1914.9669189453125,0,0.0,0.0
2004-06-04 00:00:00+09:00,1981.3270949590774,1990.80712890625,1981.3270949590774,1990.80712890625,200,0.0,0.0
2004-06-07 00:00:00+09:00,1990.80712890625,1990.80712890625,1990.80712890625,1990.80712890625,0,0.0,0.0
2004-06-08 00:00:00+09:00,1990.80712890625,1990.80712890625,1990.80712890625,1990.80712890625,300,0.0,0.0
2004-06-09 00:00:00+09:00,1990.80712890625,1990.80712890625,1990.80712890625,1990.80712890625,200,0.0,0.0
2004-06-10 00:00:00+09:00,2028.7273299717667,2028.7273299717667,1914.9669189453125,1914.9669189453125,1400,0.0,0.0
2004-06-11 00:00:00+09:00,2019.2471923828125,2057.1673274510345,2019.2471923828125,2019.2471923828125,700,0.0,0.0
2004-06-14 00:00:00+09:00,2114.0478515625,2114.0478515625,2114.0478515625,2114.0478515625,400,0.0,0.0
2004-06-15 00:00:00+09:00,2009.7672119140625,2009.7672119140625,1924.4469057478993,2009.7672119140625,300,0.0,0.0
2004-06-16 00:00:00+09:00,2009.7672119140625,2009.7672119140625,2009.7672119140625,2009.7672119140625,0,0.0,0.0
2004-06-17 00:00:00+09:00,2038.20703125,2038.20703125,2038.20703125,2038.20703125,200,0.0,0.0
2004-06-18 00:00:00+09:00,2038.20703125,2038.20703125,2038.20703125,2038.20703125,100,0.0,0.0
2004-06-21 00:00:00+09:00,2038.20703125,2038.20703125,2038.20703125,2038.20703125,0,0.0,0.0
2004-06-22 00:00:00+09:00,2038.20703125,2038.20703125,2038.20703125,2038.20703125,0,0.0,0.0
2004-06-23 00:00:00+09:00,2038.20703125,2038.20703125,2038.20703125,2038.20703125,0,0.0,0.0
2004-06-24 00:00:00+09:00,2019.2471923828125,2019.2471923828125,2019.2471923828125,2019.2471923828125,100,0.0,0.0
2004-06-25 00:00:00+09:00,2038.20703125,2038.20703125,2038.20703125,2038.20703125,300,0.0,0.0
2004-06-28 00:00:00+09:00,1820.1664253048782,1943.4068603515625,1820.1664253048782,1943.4068603515625,900,0.0,0.0
2004-06-29 00:00:00+09:00,1943.4068603515625,1943.4068603515625,1943.4068603515625,1943.4068603515625,100,0.0,0.0
2004-06-30 00:00:00+09:00,2000.2872314453125,2000.2872314453125,2000.2872314453125,2000.2872314453125,300,0.0,0.0
2004-07-01 00:00:00+09:00,2000.2872314453125,2000.2872314453125,2000.2872314453125,2000.2872314453125,0,0.0,0.0
2004-07-02 00:00:00+09:00,1943.4068603515625,1943.4068603515625,1943.4068603515625,1943.4068603515625,200,0.0,0.0
2004-07-05 00:00:00+09:00,1943.4068603515625,1943.4068603515625,1943.4068603515625,1943.4068603515625,0,0.0,0.0
2004-07-06 00:00:00+09:00,1896.0067824937812,1905.48681640625,1896.0067824937812,1905.48681640625,200,0.0,0.0
2004-07-07 00:00:00+09:00,1952.8870849609375,1952.8870849609375,1952.8870849609375,1952.8870849609375,200,0.0,0.0
2004-07-08 00:00:00+09:00,1952.8870849609375,1952.8870849609375,1952.8870849609375,1952.8870849609375,0,0.0,0.0
2004-07-09 00:00:00+09:00,1981.3271697215546,1981.3271697215546,1801.206517928686,1848.606689453125,1300,0.0,0.0
2004-07-12 00:00:00+09:00,1943.407050567923,1952.8870849609375,1943.407050567923,1952.8870849609375,900,0.0,0.0
2004-07-13 00:00:00+09:00,2057.16766973373,2066.647705078125,2057.16766973373,2066.647705078125,1000,0.0,0.0
2004-07-14 00:00:00+09:00,2028.7275390625,2028.7275390625,2028.7275390625,2028.7275390625,100,0.0,0.0
2004-07-15 00:00:00+09:00,2028.7275390625,2028.7275390625,2028.7275390625,2028.7275390625,0,0.0,0.0
2004-07-16 00:00:00+09:00,1952.8870849609375,1952.8870849609375,1952.8870849609375,1952.8870849609375,100,0.0,0.0
2004-07-19 00:00:00+09:00,1952.8870849609375,1952.8870849609375,1952.8870849609375,1952.8870849609375,0,0.0,0.0
2004-07-20 00:00:00+09:00,1943.4068603515625,1943.4068603515625,1943.4068603515625,1943.4068603515625,300,0.0,0.0
2004-07-21 00:00:00+09:00,1896.0067138671875,1896.0067138671875,1896.0067138671875,1896.0067138671875,500,0.0,0.0
2004-07-22 00:00:00+09:00,1905.4867474365233,1905.4867474365233,1896.0067138671875,1896.0067138671875,700,0.0,0.0
2004-07-23 00:00:00+09:00,1848.6065460205077,1896.0067138671875,1848.6065460205077,1896.0067138671875,700,0.0,0.0
2004-07-26 00:00:00+09:00,1943.4068603515625,1943.4068603515625,1943.4068603515625,1943.4068603515625,100,0.0,0.0
2004-07-27 00:00:00+09:00,1990.80712890625,1990.80712890625,1990.80712890625,1990.80712890625,100,0.0,0.0
2004-07-28 00:00:00+09:00,1896.0067138671875,1896.0067138671875,1896.0067138671875,1896.0067138671875,100,0.0,0.0
2004-07-29 00:00:00+09:00,1896.0067138671875,1896.0067138671875,1896.0067138671875,1896.0067138671875,0,0.0,0.0
2004-07-30 00:00:00+09:00,2028.7275390625,2028.7275390625,2028.7275390625,2028.7275390625,1000,0.0,0.0
2004-08-02 00:00:00+09:00,2028.7275390625,2028.7275390625,2028.7275390625,2028.7275390625,0,0.0,0.0
2004-08-03 00:00:00+09:00,1990.8070439877717,1990.8070439877717,1962.366943359375,1962.366943359375,300,0.0,0.0
2004-08-04 00:00:00+09:00,1905.48681640625,1905.48681640625,1905.48681640625,1905.48681640625,200,0.0,0.0
2004-08-05 00:00:00+09:00,1905.4867264910442,1943.4068603515625,1905.4867264910442,1943.4068603515625,200,0.0,0.0
2004-08-06 00:00:00+09:00,1943.4068603515625,1943.4068603515625,1943.4068603515625,1943.4068603515625,0,0.0,0.0
2004-08-09 00:00:00+09:00,1943.4068603515625,1943.4068603515625,1943.4068603515625,1943.4068603515625,0,0.0,0.0
2004-08-10 00:00:00+09:00,1962.3671193539517,1962.3671193539517,1952.8870849609375,1952.8870849609375,300,0.0,0.0
2004-08-11 00:00:00+09:00,1952.8870849609375,1952.8870849609375,1952.8870849609375,1952.8870849609375,500,0.0,0.0
2004-08-12 00:00:00+09:00,1952.8870849609375,1952.8870849609375,1952.8870849609375,1952.8870849609375,0,0.0,0.0
2004-08-13 00:00:00+09:00,1952.8870849609375,1952.8870849609375,1952.8870849609375,1952.8870849609375,0,0.0,0.0
2004-08-16 00:00:00+09:00,1952.8870849609375,1952.8870849609375,1952.8870849609375,1952.8870849609375,100,0.0,0.0
2004-08-17 00:00:00+09:00,1952.8870849609375,1952.8870849609375,1952.8870849609375,1952.8870849609375,0,0.0,0.0
2004-08-18 00:00:00+09:00,1952.8870849609375,1952.8870849609375,1952.8870849609375,1952.8870849609375,0,0.0,0.0
2004-08-19 00:00:00+09:00,1952.8870849609375,1952.8870849609375,1952.8870849609375,1952.8870849609375,0,0.0,0.0
2004-08-20 00:00:00+09:00,1896.0067138671875,1896.0067138671875,1896.0067138671875,1896.0067138671875,200,0.0,0.0
2004-08-23 00:00:00+09:00,1896.0067138671875,1896.0067138671875,1896.0067138671875,1896.0067138671875,0,0.0,0.0
2004-08-24 00:00:00+09:00,1914.9669189453125,1914.9669189453125,1914.9669189453125,1914.9669189453125,100,0.0,0.0
2004-08-25 00:00:00+09:00,1952.8870849609375,1952.8870849609375,1952.8870849609375,1952.8870849609375,200,0.0,0.0
2004-08-26 00:00:00+09:00,1952.8870849609375,1952.8870849609375,1952.8870849609375,1952.8870849609375,0,0.0,0.0
2004-08-27 00:00:00+09:00,1952.8870849609375,1952.8870849609375,1952.8870849609375,1952.8870849609375,0,0.0,0.0
2004-08-30 00:00:00+09:00,1896.0067138671875,1896.0067138671875,1896.0067138671875,1896.0067138671875,100,0.0,0.0
2004-08-31 00:00:00+09:00,1990.80712890625,1990.80712890625,1990.80712890625,1990.80712890625,300,0.0,0.0
2004-09-01 00:00:00+09:00,1990.80712890625,1990.80712890625,1990.80712890625,1990.80712890625,0,0.0,0.0
2004-09-02 00:00:00+09:00,1990.80712890625,1990.80712890625,1990.80712890625,1990.80712890625,0,0.0,0.0
2004-09-03 00:00:00+09:00,1990.80712890625,1990.80712890625,1990.80712890625,1990.80712890625,0,0.0,0.0
2004-09-06 00:00:00+09:00,1990.80712890625,1990.80712890625,1990.80712890625,1990.80712890625,0,0.0,0.0
2004-09-07 00:00:00+09:00,1990.80712890625,1990.80712890625,1990.80712890625,1990.80712890625,0,0.0,0.0
2004-09-08 00:00:00+09:00,1981.3271484375,1981.3271484375,1981.3271484375,1981.3271484375,100,0.0,0.0
2004-09-09 00:00:00+09:00,1943.4068603515625,1943.4068603515625,1943.4068603515625,1943.4068603515625,200,0.0,0.0
2004-09-10 00:00:00+09:00,1990.80712890625,1990.80712890625,1990.80712890625,1990.80712890625,600,0.0,0.0
2004-09-13 00:00:00+09:00,1990.80712890625,1990.80712890625,1990.80712890625,1990.80712890625,0,0.0,0.0
2004-09-14 00:00:00+09:00,1990.80712890625,1990.80712890625,1990.80712890625,1990.80712890625,0,0.0,0.0
2004-09-15 00:00:00+09:00,1990.80712890625,1990.80712890625,1990.80712890625,1990.80712890625,0,0.0,0.0
2004-09-16 00:00:00+09:00,1990.80712890625,1990.80712890625,1990.80712890625,1990.80712890625,0,0.0,0.0
2004-09-17 00:00:00+09:00,1990.80712890625,1990.80712890625,1990.80712890625,1990.80712890625,0,0.0,0.0
2004-09-20 00:00:00+09:00,1990.80712890625,1990.80712890625,1990.80712890625,1990.80712890625,0,0.0,0.0
2004-09-21 00:00:00+09:00,1943.4068603515625,1943.4068603515625,1943.4068603515625,1943.4068603515625,100,0.0,0.0
2004-09-22 00:00:00+09:00,1943.4068603515625,1943.4068603515625,1943.4068603515625,1943.4068603515625,100,0.0,0.0
2004-09-23 00:00:00+09:00,1943.4068603515625,1943.4068603515625,1943.4068603515625,1943.4068603515625,0,0.0,0.0
2004-09-24 00:00:00+09:00,1943.4068603515625,1943.4068603515625,1943.4068603515625,1943.4068603515625,100,0.0,0.0
2004-09-27 00:00:00+09:00,2047.687609521028,2047.687609521028,1990.807398145444,2028.7275390625,400,0.0,0.0
2004-09-28 00:00:00+09:00,2009.7672119140625,2009.7672119140625,2009.7672119140625,2009.7672119140625,100,0.0,0.0
2004-09-29 00:00:00+09:00,1943.4068603515625,1943.4068603515625,1943.4068603515625,1943.4068603515625,400,0.0,0.0
2004-09-30 00:00:00+09:00,2019.2471923828125,2019.2471923828125,2019.2471923828125,2019.2471923828125,200,0.0,0.0
2004-10-01 00:00:00+09:00,2019.2471923828125,2019.2471923828125,2019.2471923828125,2019.2471923828125,0,0.0,0.0
2004-10-04 00:00:00+09:00,2019.2471923828125,2019.2471923828125,2019.2471923828125,2019.2471923828125,0,0.0,0.0
2004-10-05 00:00:00+09:00,2019.2471923828125,2019.2471923828125,2019.2471923828125,2019.2471923828125,0,0.0,0.0
2004-10-06 00:00:00+09:00,2019.2471923828125,2019.2471923828125,2019.2471923828125,2019.2471923828125,0,0.0,0.0
2004-10-07 00:00:00+09:00,2019.2471923828125,2019.2471923828125,2019.2471923828125,2019.2471923828125,100,0.0,0.0
2004-10-08 00:00:00+09:00,1990.80712890625,1990.80712890625,1990.80712890625,1990.80712890625,100,0.0,0.0
2004-10-11 00:00:00+09:00,1990.80712890625,1990.80712890625,1990.80712890625,1990.80712890625,0,0.0,0.0
2004-10-12 00:00:00+09:00,2019.2472307477678,2019.2472307477678,1990.80712890625,1990.80712890625,600,0.0,0.0
2004-10-13 00:00:00+09:00,1990.80712890625,1990.80712890625,1990.80712890625,1990.80712890625,500,0.0,0.0
2004-10-14 00:00:00+09:00,1990.80712890625,1990.80712890625,1990.80712890625,1990.80712890625,0,0.0,0.0
2004-10-15 00:00:00+09:00,1971.8468017578125,1971.8468017578125,1971.8468017578125,1971.8468017578125,200,0.0,0.0
2004-10-18 00:00:00+09:00,1971.8468017578125,1971.8468017578125,1971.8468017578125,1971.8468017578125,0,0.0,0.0
2004-10-19 00:00:00+09:00,1971.8468017578125,1971.8468017578125,1971.8468017578125,1971.8468017578125,0,0.0,0.0
2004-10-20 00:00:00+09:00,1971.8468017578125,1971.8468017578125,1971.8468017578125,1971.8468017578125,0,0.0,0.0
2004-10-21 00:00:00+09:00,1943.4068603515625,1943.4068603515625,1943.4068603515625,1943.4068603515625,200,0.0,0.0
2004-10-22 00:00:00+09:00,1943.4068603515625,1943.4068603515625,1943.4068603515625,1943.4068603515625,0,0.0,0.0
2004-10-25 00:00:00+09:00,1971.8468017578125,1971.8468017578125,1971.8468017578125,1971.8468017578125,100,0.0,0.0
2004-10-26 00:00:00+09:00,1971.8468017578125,1971.8468017578125,1971.8468017578125,1971.8468017578125,100,0.0,0.0
2004-10-27 00:00:00+09:00,1971.8468017578125,1971.8468017578125,1971.8468017578125,1971.8468017578125,0,0.0,0.0
2004-10-28 00:00:00+09:00,1971.8468017578125,1971.8468017578125,1971.8468017578125,1971.8468017578125,0,0.0,0.0
2004-10-29 00:00:00+09:00,1914.966759956174,1943.4068603515625,1914.966759956174,1943.4068603515625,200,0.0,0.0
2004-11-01 00:00:00+09:00,1971.8469607469513,1971.8469607469513,1943.4068603515625,1943.4068603515625,300,0.0,0.0
2004-11-02 00:00:00+09:00,1924.4469531975171,1924.4469531975171,1914.9669189453125,1914.9669189453125,500,0.0,0.0
2004-11-03 00:00:00+09:00,1914.9669189453125,1914.9669189453125,1914.9669189453125,1914.9669189453125,0,0.0,0.0
2004-11-04 00:00:00+09:00,1914.9669189453125,1914.9669189453125,1914.9669189453125,1914.9669189453125,0,0.0,0.0
2004-11-05 00:00:00+09:00,1914.9669189453125,1914.9669189453125,1914.9669189453125,1914.9669189453125,0,0.0,0.0
2004-11-08 00:00:00+09:00,1914.9669189453125,1914.9669189453125,1914.9669189453125,1914.9669189453125,0,0.0,0.0
2004-11-09 00:00:00+09:00,1990.80712890625,1990.80712890625,1990.80712890625,1990.80712890625,100,0.0,0.0
2004-11-10 00:00:00+09:00,1990.80712890625,1990.80712890625,1990.80712890625,1990.80712890625,600,0.0,0.0
2004-11-11 00:00:00+09:00,1990.80712890625,1990.80712890625,1990.80712890625,1990.80712890625,0,0.0,0.0
2004-11-12 00:00:00+09:00,1990.80712890625,1990.80712890625,1990.80712890625,1990.80712890625,0,0.0,0.0
2004-11-15 00:00:00+09:00,1990.80712890625,1990.80712890625,1990.80712890625,1990.80712890625,0,0.0,0.0
2004-11-16 00:00:00+09:00,1905.486554476484,1905.486554476484,1867.566424039141,1886.5264892578125,900,0.0,0.0
2004-11-17 00:00:00+09:00,1886.5264892578125,1886.5264892578125,1886.5264892578125,1886.5264892578125,500,0.0,0.0
2004-11-18 00:00:00+09:00,1886.5268442098377,1952.8870849609375,1886.5268442098377,1952.8870849609375,700,0.0,0.0
2004-11-19 00:00:00+09:00,1952.8870849609375,1952.8870849609375,1952.8870849609375,1952.8870849609375,0,0.0,0.0
2004-11-22 00:00:00+09:00,1952.8870849609375,1952.8870849609375,1952.8870849609375,1952.8870849609375,0,0.0,0.0
2004-11-23 00:00:00+09:00,1952.8870849609375,1952.8870849609375,1952.8870849609375,1952.8870849609375,0,0.0,0.0
2004-11-24 00:00:00+09:00,1886.5264892578125,1886.5264892578125,1886.5264892578125,1886.5264892578125,400,0.0,0.0
2004-11-25 00:00:00+09:00,1886.5264892578125,1886.5264892578125,1886.5264892578125,1886.5264892578125,200,0.0,0.0
2004-11-26 00:00:00+09:00,1886.5266802978515,1896.0067138671875,1886.5266802978515,1896.0067138671875,200,0.0,0.0
2004-11-29 00:00:00+09:00,1896.0067138671875,1896.0067138671875,1896.0067138671875,1896.0067138671875,200,0.0,0.0
2004-11-30 00:00:00+09:00,1867.5665308902137,1867.5665308902137,1801.206298828125,1801.206298828125,1200,0.0,0.0
2004-12-01 00:00:00+09:00,1848.606689453125,1848.606689453125,1848.606689453125,1848.606689453125,500,0.0,0.0
2004-12-02 00:00:00+09:00,1848.606689453125,1848.606689453125,1848.606689453125,1848.606689453125,0,0.0,0.0
2004-12-03 00:00:00+09:00,1801.206298828125,1801.206298828125,1801.206298828125,1801.206298828125,200,0.0,0.0
2004-12-06 00:00:00+09:00,1801.206298828125,1801.206298828125,1801.206298828125,1801.206298828125,0,0.0,0.0
2004-12-07 00:00:00+09:00,1848.6066358916612,1858.086669921875,1848.6066358916612,1858.086669921875,300,0.0,0.0
2004-12-08 00:00:00+09:00,1867.5667724609375,1867.5667724609375,1867.5667724609375,1867.5667724609375,100,0.0,0.0
2004-12-09 00:00:00+09:00,1867.5667724609375,1867.5667724609375,1867.5667724609375,1867.5667724609375,0,0.0,0.0
2004-12-10 00:00:00+09:00,1877.0466467285155,1896.0067138671875,1867.5666131591797,1896.0067138671875,800,0.0,0.0
2004-12-13 00:00:00+09:00,1990.8072040264424,1990.8072040264424,1848.606689453125,1848.606689453125,1000,0.0,0.0
2004-12-14 00:00:00+09:00,1858.086669921875,1858.086669921875,1858.086669921875,1858.086669921875,100,0.0,0.0
2004-12-15 00:00:00+09:00,1867.5667724609375,1867.5667724609375,1867.5667724609375,1867.5667724609375,100,0.0,0.0
2004-12-16 00:00:00+09:00,1896.0067138671875,1896.0067138671875,1896.0067138671875,1896.0067138671875,100,0.0,0.0
2004-12-17 00:00:00+09:00,1896.0067138671875,1896.0067138671875,1896.0067138671875,1896.0067138671875,0,0.0,0.0
2004-12-20 00:00:00+09:00,1858.086669921875,1858.086669921875,1858.086669921875,1858.086669921875,100,0.0,0.0
2004-12-21 00:00:00+09:00,1858.086669921875,1858.086669921875,1858.086669921875,1858.086669921875,0,0.0,0.0
2004-12-22 00:00:00+09:00,1848.6064101710465,1877.0465087890625,1820.1663115530303,1877.0465087890625,400,0.0,0.0
2004-12-23 00:00:00+09:00,1877.0465087890625,1877.0465087890625,1877.0465087890625,1877.0465087890625,0,0.0,0.0
2004-12-24 00:00:00+09:00,1848.6063588204695,1886.5264892578125,1839.1263262111338,1886.5264892578125,600,0.0,0.0
2004-12-27 00:00:00+09:00,1877.0465087890625,1877.0465087890625,1877.0465087890625,1877.0465087890625,200,0.0,0.0
2004-12-28 00:00:00+09:00,1858.086669921875,1858.086669921875,1858.086669921875,1858.086669921875,100,0.0,0.0
2004-12-29 00:00:00+09:00,1858.086409348708,1971.8468017578125,1858.086409348708,1971.8468017578125,700,0.0,0.0
2004-12-30 00:00:00+09:00,1971.8468017578125,1971.8468017578125,1971.8468017578125,1971.8468017578125,0,0.0,0.0
2004-12-31 00:00:00+09:00,1971.8468017578125,1971.8468017578125,1971.8468017578125,1971.8468017578125,0,0.0,0.0
2005-01-03 00:00:00+09:00,1971.8468017578125,1971.8468017578125,1971.8468017578125,1971.8468017578125,0,0.0,0.0
2005-01-04 00:00:00+09:00,1943.4068603515625,1943.4068603515625,1943.4068603515625,1943.4068603515625,200,0.0,0.0
2005-01-05 00:00:00+09:00,1943.4068603515625,1943.4068603515625,1943.4068603515625,1943.4068603515625,0,0.0,0.0
2005-01-06 00:00:00+09:00,1943.4069673885851,1943.4069673885851,1924.4468994140625,1924.4468994140625,300,0.0,0.0
2005-01-07 00:00:00+09:00,1924.4468994140625,1924.4468994140625,1924.4468994140625,1924.4468994140625,0,0.0,0.0
2005-01-10 00:00:00+09:00,1924.4468994140625,1924.4468994140625,1924.4468994140625,1924.4468994140625,0,0.0,0.0
2005-01-11 00:00:00+09:00,1924.4468145751953,1924.4468145751953,1877.0466467285155,1896.0067138671875,900,0.0,0.0
2005-01-12 00:00:00+09:00,1896.0067138671875,1896.0067138671875,1896.0067138671875,1896.0067138671875,100,0.0,0.0
2005-01-13 00:00:00+09:00,1896.0067138671875,1896.0067138671875,1896.0067138671875,1896.0067138671875,100,0.0,0.0
2005-01-14 00:00:00+09:00,1896.0067138671875,1896.0067138671875,1896.0067138671875,1896.0067138671875,0,0.0,0.0
2005-01-17 00:00:00+09:00,1877.0465087890625,1877.0465087890625,1877.0465087890625,1877.0465087890625,100,0.0,0.0
2005-01-18 00:00:00+09:00,1877.0465087890625,1877.0465087890625,1877.0465087890625,1877.0465087890625,0,0.0,0.0
2005-01-19 00:00:00+09:00,1877.0465087890625,1877.0465087890625,1877.0465087890625,1877.0465087890625,0,0.0,0.0
2005-01-20 00:00:00+09:00,1877.0465087890625,1877.0465087890625,1877.0465087890625,1877.0465087890625,0,0.0,0.0
2005-01-21 00:00:00+09:00,1886.5264892578125,1886.5264892578125,1886.5264892578125,1886.5264892578125,200,0.0,0.0
2005-01-24 00:00:00+09:00,1896.0067138671875,1896.0067138671875,1896.0067138671875,1896.0067138671875,100,0.0,0.0
2005-01-25 00:00:00+09:00,1933.9269334013238,1933.9269334013238,1924.4468994140625,1924.4468994140625,400,0.0,0.0
2005-01-26 00:00:00+09:00,1924.4468994140625,1924.4468994140625,1924.4468994140625,1924.4468994140625,100,0.0,0.0
2005-01-27 00:00:00+09:00,1924.4468994140625,1924.4468994140625,1924.4468994140625,1924.4468994140625,100,0.0,0.0
2005-01-28 00:00:00+09:00,1905.48681640625,1905.48681640625,1905.48681640625,1905.48681640625,100,0.0,0.0
2005-01-31 00:00:00+09:00,1943.4068603515625,1943.4068603515625,1943.4068603515625,1943.4068603515625,400,0.0,0.0
2005-02-01 00:00:00+09:00,1943.4070217019262,1943.4070217019262,1914.9669189453125,1914.9669189453125,300,0.0,0.0
2005-02-02 00:00:00+09:00,1914.9669189453125,1914.9669189453125,1914.9669189453125,1914.9669189453125,100,0.0,0.0
2005-02-03 00:00:00+09:00,1914.9669189453125,1914.9669189453125,1914.9669189453125,1914.9669189453125,100,0.0,0.0
2005-02-04 00:00:00+09:00,1914.966759956174,1943.4068603515625,1914.966759956174,1943.4068603515625,200,0.0,0.0
2005-02-07 00:00:00+09:00,1933.9267578125,1943.406790939032,1933.9267578125,1933.9267578125,400,0.0,0.0
2005-02-08 00:00:00+09:00,1933.9268427309783,1962.366943359375,1933.9268427309783,1962.366943359375,300,0.0,0.0
2005-02-09 00:00:00+09:00,1962.3669272818217,1962.3669272818217,1943.4068603515625,1943.4068603515625,200,0.0,0.0
2005-02-10 00:00:00+09:00,1952.8870849609375,1952.8870849609375,1952.8870849609375,1952.8870849609375,200,0.0,0.0
2005-02-11 00:00:00+09:00,1952.8870849609375,1952.8870849609375,1952.8870849609375,1952.8870849609375,0,0.0,0.0
2005-02-14 00:00:00+09:00,1952.8870849609375,1952.8870849609375,1952.8870849609375,1952.8870849609375,100,0.0,0.0
2005-02-15 00:00:00+09:00,1962.3670270647322,1990.80712890625,1962.3670270647322,1990.80712890625,200,0.0,0.0
2005-02-16 00:00:00+09:00,1990.8072412541483,2275.2082757190265,1990.8072412541483,2142.48779296875,1600,0.0,0.0
2005-02-17 00:00:00+09:00,1952.8869098165762,1962.366943359375,1952.8869098165762,1962.366943359375,200,0.0,0.0
2005-02-18 00:00:00+09:00,1971.8469607469513,2066.647295398247,1943.4068603515625,1943.4068603515625,900,0.0,0.0
2005-02-21 00:00:00+09:00,1943.407050567923,1952.8870849609375,1943.407050567923,1952.8870849609375,200,0.0,0.0
2005-02-22 00:00:00+09:00,1962.3671193539517,1962.3671193539517,1952.8870849609375,1952.8870849609375,200,0.0,0.0
2005-02-23 00:00:00+09:00,1962.366943359375,1962.366943359375,1962.366943359375,1962.366943359375,100,0.0,0.0
2005-02-24 00:00:00+09:00,2104.567593077153,2104.567593077153,1981.3271484375,1981.3271484375,600,0.0,0.0
2005-02-25 00:00:00+09:00,2028.7275390625,2028.7275390625,2028.7275390625,2028.7275390625,300,0.0,0.0
2005-02-28 00:00:00+09:00,1990.80712890625,1990.80712890625,1990.80712890625,1990.80712890625,100,0.0,0.0
2005-03-01 00:00:00+09:00,2085.607421875,2085.607421875,2076.1273881392044,2085.607421875,500,0.0,0.0
2005-03-02 00:00:00+09:00,2085.607421875,2085.607421875,2085.607421875,2085.607421875,0,0.0,0.0
2005-03-03 00:00:00+09:00,2085.607421875,2085.607421875,2085.607421875,2085.607421875,0,0.0,0.0
2005-03-04 00:00:00+09:00,2085.607421875,2085.607421875,2085.607421875,2085.607421875,200,0.0,0.0
2005-03-07 00:00:00+09:00,2095.087646484375,2095.087646484375,2095.087646484375,2095.087646484375,300,0.0,0.0
2005-03-08 00:00:00+09:00,2085.607421875,2085.607421875,2085.607421875,2085.607421875,400,0.0,0.0
2005-03-09 00:00:00+09:00,2085.607421875,2085.607421875,2085.607421875,2085.607421875,0,0.0,0.0
2005-03-10 00:00:00+09:00,2085.607421875,2085.607421875,2085.607421875,2085.607421875,800,0.0,0.0
2005-03-11 00:00:00+09:00,2085.607421875,2085.607421875,2085.607421875,2085.607421875,0,0.0,0.0
2005-03-14 00:00:00+09:00,2076.1279296875,2076.1279296875,2076.1279296875,2076.1279296875,200,0.0,0.0
2005-03-15 00:00:00+09:00,2076.1276041666665,2076.1276041666665,2047.6875,2047.6875,300,0.0,0.0
2005-03-16 00:00:00+09:00,2047.6875,2047.6875,2047.6875,2047.6875,0,0.0,0.0
2005-03-17 00:00:00+09:00,2047.6875,2047.6875,2047.6875,2047.6875,100,0.0,0.0
2005-03-18 00:00:00+09:00,2047.6875,2047.6875,2047.6875,2047.6875,100,0.0,0.0
2005-03-21 00:00:00+09:00,2047.6875,2047.6875,2047.6875,2047.6875,0,0.0,0.0
2005-03-22 00:00:00+09:00,2047.6875,2047.6875,2047.6875,2047.6875,400,0.0,0.0
2005-03-23 00:00:00+09:00,2095.0872274709304,2095.0872274709304,2038.20703125,2038.20703125,700,0.0,0.0
2005-03-24 00:00:00+09:00,2085.607421875,2085.607421875,2085.607421875,2085.607421875,600,0.0,0.0
2005-03-25 00:00:00+09:00,2085.607421875,2085.607421875,2066.6473544034093,2085.607421875,700,0.0,0.0
2005-03-28 00:00:00+09:00,1943.4068603515625,2028.7271615377288,1943.4068603515625,1943.4068603515625,500,0.0,0.0
2005-03-29 00:00:00+09:00,1943.4068603515625,1943.4068603515625,1943.4068603515625,1943.4068603515625,100,0.0,0.0
2005-03-30 00:00:00+09:00,1905.48681640625,1905.48681640625,1905.48681640625,1905.48681640625,100,0.0,0.0
2005-03-31 00:00:00+09:00,1905.486895282452,1905.486895282452,1848.606689453125,1848.606689453125,400,0.0,0.0
2005-04-01 00:00:00+09:00,1848.606689453125,1848.606689453125,1848.606689453125,1848.606689453125,0,0.0,0.0
2005-04-04 00:00:00+09:00,1848.606689453125,1848.606689453125,1848.606689453125,1848.606689453125,0,0.0,0.0
2005-04-05 00:00:00+09:00,1877.0465087890625,1877.0465087890625,1877.0465087890625,1877.0465087890625,100,0.0,0.0
2005-04-06 00:00:00+09:00,1896.0067138671875,1896.0067138671875,1896.0067138671875,1896.0067138671875,100,0.0,0.0
2005-04-07 00:00:00+09:00,1896.0067138671875,1896.0067138671875,1896.0067138671875,1896.0067138671875,100,0.0,0.0
2005-04-08 00:00:00+09:00,1896.0067138671875,1896.0067138671875,1896.0067138671875,1896.0067138671875,100,0.0,0.0
2005-04-11 00:00:00+09:00,1905.4868233816965,1990.80712890625,1905.4868233816965,1990.80712890625,200,0.0,0.0
2005-04-12 00:00:00+09:00,1971.8468017578125,1971.8468017578125,1971.8468017578125,1971.8468017578125,700,0.0,0.0
2005-04-13 00:00:00+09:00,1971.8468017578125,1971.8468017578125,1971.8468017578125,1971.8468017578125,0,0.0,0.0
2005-04-14 00:00:00+09:00,1971.8468017578125,1971.8468017578125,1971.8468017578125,1971.8468017578125,0,0.0,0.0
2005-04-15 00:00:00+09:00,1971.8468017578125,1971.8468017578125,1971.8468017578125,1971.8468017578125,0,0.0,0.0
2005-04-18 00:00:00+09:00,1971.8470537935325,1971.8470537935325,1905.48681640625,1905.48681640625,300,0.0,0.0
2005-04-19 00:00:00+09:00,1905.48681640625,1905.48681640625,1905.48681640625,1905.48681640625,0,0.0,0.0
2005-04-20 00:00:00+09:00,1990.80712890625,1990.80712890625,1990.80712890625,1990.80712890625,100,0.0,0.0
2005-04-21 00:00:00+09:00,1990.80712890625,1990.80712890625,1990.80712890625,1990.80712890625,0,0.0,0.0
2005-04-22 00:00:00+09:00,1990.80712890625,1990.80712890625,1990.80712890625,1990.80712890625,100,0.0,0.0
2005-04-25 00:00:00+09:00,1981.3271484375,1981.3271484375,1981.3271484375,1981.3271484375,100,0.0,0.0
2005-04-26 00:00:00+09:00,1981.3271484375,1981.3271484375,1981.3271484375,1981.3271484375,0,0.0,0.0
2005-04-27 00:00:00+09:00,2028.7275390625,2028.7275390625,2028.7275390625,2028.7275390625,200,0.0,0.0
2005-04-28 00:00:00+09:00,2028.7275390625,2028.7275390625,2028.7275390625,2028.7275390625,0,0.0,0.0
2005-04-29 00:00:00+09:00,2028.7275390625,2028.7275390625,2028.7275390625,2028.7275390625,0,0.0,0.0
2005-05-02 00:00:00+09:00,2076.127512770433,2076.127512770433,1848.606689453125,1848.606689453125,400,0.0,0.0
2005-05-03 00:00:00+09:00,1848.606689453125,1848.606689453125,1848.606689453125,1848.606689453125,0,0.0,0.0
2005-05-04 00:00:00+09:00,1848.606689453125,1848.606689453125,1848.606689453125,1848.606689453125,0,0.0,0.0
2005-05-05 00:00:00+09:00,1848.606689453125,1848.606689453125,1848.606689453125,1848.606689453125,0,0.0,0.0
2005-05-06 00:00:00+09:00,1905.4867269169818,2663.889404296875,1905.4867269169818,2663.889404296875,12400,0.0,0.0
2005-05-09 00:00:00+09:00,3280.0919150904606,3422.2924316406247,2644.929607833059,2701.809814453125,43000,0.0,0.0
2005-05-10 00:00:00+09:00,2701.809959726885,2701.809959726885,2294.16845703125,2294.16845703125,6300,0.0,0.0
2005-05-11 00:00:00+09:00,2275.208251953125,2370.0085957845054,2275.208251953125,2275.208251953125,2200,0.0,0.0
2005-05-12 00:00:00+09:00,2322.6087530944574,2351.0488602752057,2227.808395825296,2303.648681640625,1700,0.0,0.0
2005-05-13 00:00:00+09:00,2275.2086068802523,2351.0488937762607,2246.768499294249,2256.24853515625,1100,0.0,0.0
2005-05-16 00:00:00+09:00,2284.6886766949438,2284.6886766949438,2066.6478486286214,2208.848388671875,2300,0.0,0.0
2005-05-17 00:00:00+09:00,2208.84790969122,2208.84790969122,1990.80712890625,1990.80712890625,1800,0.0,0.0
2005-05-18 00:00:00+09:00,2028.7275390625,2104.5678208966124,2019.2475038332361,2028.7275390625,900,0.0,0.0
2005-05-19 00:00:00+09:00,2047.6870639534884,2047.6870639534884,1943.4067042151164,2038.20703125,2500,0.0,0.0
2005-05-20 00:00:00+09:00,2085.607468377976,2085.607468377976,1990.80712890625,1990.80712890625,900,0.0,0.0
2005-05-23 00:00:00+09:00,1943.406881713867,1943.406881713867,1820.1664453125,1896.0067138671875,4200,0.0,0.0
2005-05-24 00:00:00+09:00,1905.4867474365233,1933.9268481445313,1896.0067138671875,1896.0067138671875,1700,0.0,0.0
2005-05-25 00:00:00+09:00,1905.486554476484,1962.3667501324985,1886.5264892578125,1886.5264892578125,1500,0.0,0.0
2005-05-26 00:00:00+09:00,1896.0065218671482,1905.486554476484,1886.5264892578125,1886.5264892578125,500,0.0,0.0
2005-05-27 00:00:00+09:00,1858.0864430437184,1877.0465087890625,1858.0864430437184,1877.0465087890625,700,0.0,0.0
2005-05-30 00:00:00+09:00,1877.046401898478,1877.046401898478,1820.1662079015543,1829.646240234375,1000,0.0,0.0
2005-05-31 00:00:00+09:00,1877.0465087890625,1877.0465087890625,1877.0465087890625,1877.0465087890625,300,0.0,0.0
2005-06-01 00:00:00+09:00,1877.0467923677886,1877.0467923677886,1848.606689453125,1848.606689453125,400,0.0,0.0
2005-06-02 00:00:00+09:00,1933.9267578125,1943.406790939032,1858.0864928002452,1933.9267578125,1300,0.0,0.0
2005-06-03 00:00:00+09:00,1962.3670270647322,2028.7272646949405,1962.3670270647322,1990.80712890625,1300,0.0,0.0
2005-06-06 00:00:00+09:00,1990.80712890625,1990.80712890625,1990.80712890625,1990.80712890625,0,0.0,0.0
2005-06-07 00:00:00+09:00,1943.4068603515625,1943.4068603515625,1914.966759956174,1943.4068603515625,800,0.0,0.0
2005-06-08 00:00:00+09:00,1914.9667810058593,1914.9667810058593,1896.0067138671875,1896.0067138671875,1000,0.0,0.0
2005-06-09 00:00:00+09:00,1943.4068603515625,1943.4068603515625,1943.4068603515625,1943.4068603515625,300,0.0,0.0
2005-06-10 00:00:00+09:00,1962.3670198810635,1962.3670198810635,1905.48681640625,1905.48681640625,1800,0.0,0.0
2005-06-13 00:00:00+09:00,2009.767205299415,2009.767205299415,1924.4468994140625,1924.4468994140625,1000,0.0,0.0
2005-06-14 00:00:00+09:00,1914.9667810058593,1914.9667810058593,1896.0067138671875,1896.0067138671875,800,0.0,0.0
2005-06-15 00:00:00+09:00,1896.0067138671875,1896.0067138671875,1896.0067138671875,1896.0067138671875,100,0.0,0.0
2005-06-16 00:00:00+09:00,1896.0066253063726,1933.9267578125,1896.0066253063726,1933.9267578125,200,0.0,0.0
2005-06-17 00:00:00+09:00,1924.4468145751953,1924.4468145751953,1896.0067138671875,1896.0067138671875,400,0.0,0.0
2005-06-20 00:00:00+09:00,1896.0067824937812,1943.4069520561256,1896.0067824937812,1905.48681640625,300,0.0,0.0
2005-06-21 00:00:00+09:00,1905.4867474365233,1905.4867474365233,1896.0067138671875,1896.0067138671875,600,0.0,0.0
2005-06-22 00:00:00+09:00,1896.0065745344066,1896.0065745344066,1877.0465087890625,1877.0465087890625,300,0.0,0.0
2005-06-23 00:00:00+09:00,1867.5667724609375,1867.5667724609375,1867.5667724609375,1867.5667724609375,400,0.0,0.0
2005-06-24 00:00:00+09:00,1858.0864928002452,1933.9267578125,1848.6064596737133,1933.9267578125,300,0.0,0.0
2005-06-27 00:00:00+09:00,1914.9669189453125,1914.9669189453125,1914.9669189453125,1914.9669189453125,100,0.0,0.0
2005-06-28 00:00:00+09:00,1905.48681640625,1905.48681640625,1905.48681640625,1905.48681640625,200,0.0,0.0
2005-06-29 00:00:00+09:00,1905.48681640625,1905.48681640625,1905.48681640625,1905.48681640625,100,0.0,0.0
2005-06-30 00:00:00+09:00,1924.4467934213035,1943.4068603515625,1924.4467934213035,1943.4068603515625,1500,0.0,0.0
2005-07-01 00:00:00+09:00,1924.4468994140625,1924.4468994140625,1924.4468994140625,1924.4468994140625,300,0.0,0.0
2005-07-04 00:00:00+09:00,1877.0466260956555,1943.4068603515625,1877.0466260956555,1943.4068603515625,800,0.0,0.0
2005-07-05 00:00:00+09:00,1896.0066930259147,1943.4068603515625,1896.0066930259147,1943.4068603515625,600,0.0,0.0
2005-07-06 00:00:00+09:00,1933.926826886433,1943.4068603515625,1896.0066930259147,1943.4068603515625,300,0.0,0.0
2005-07-07 00:00:00+09:00,1933.9269334013238,1933.9269334013238,1924.4468994140625,1924.4468994140625,500,0.0,0.0
2005-07-08 00:00:00+09:00,1943.4067036555364,1971.8468017578125,1943.4067036555364,1971.8468017578125,600,0.0,0.0
2005-07-11 00:00:00+09:00,2000.2869004360466,2038.20703125,1990.8068677325582,2038.20703125,1200,0.0,0.0
2005-07-12 00:00:00+09:00,2038.2072599169235,2038.2072599169235,1943.4069222463688,2019.2471923828125,1000,0.0,0.0
2005-07-13 00:00:00+09:00,2019.2471923828125,2019.2471923828125,2019.2471923828125,2019.2471923828125,0,0.0,0.0
2005-07-14 00:00:00+09:00,2019.2471923828125,2019.2471923828125,2019.2471923828125,2019.2471923828125,0,0.0,0.0
2005-07-15 00:00:00+09:00,2000.2869004360466,2038.20703125,1990.8068677325582,2038.20703125,300,0.0,0.0
2005-07-18 00:00:00+09:00,2038.20703125,2038.20703125,2038.20703125,2038.20703125,0,0.0,0.0
2005-07-19 00:00:00+09:00,2066.6474692134534,2237.2880859375,2066.6474692134534,2237.2880859375,2900,0.0,0.0
2005-07-20 00:00:00+09:00,2237.2885313870615,2237.2885313870615,2161.4482421875,2161.4482421875,1100,0.0,0.0
2005-07-21 00:00:00+09:00,2161.447691761364,2161.447691761364,2085.607421875,2085.607421875,500,0.0,0.0
2005-07-22 00:00:00+09:00,2085.607074359516,2104.567138671875,2009.7668171100788,2104.567138671875,1000,0.0,0.0
2005-07-25 00:00:00+09:00,2085.6071614583334,2133.00732421875,2019.2469335937499,2133.00732421875,1300,0.0,0.0
2005-07-26 00:00:00+09:00,2199.367919921875,2199.367919921875,2199.367919921875,2199.367919921875,100,0.0,0.0
2005-07-27 00:00:00+09:00,2180.4078516466866,2199.367919921875,2180.4078516466866,2199.367919921875,600,0.0,0.0
2005-07-28 00:00:00+09:00,2199.367919921875,2199.367919921875,2199.367919921875,2199.367919921875,200,0.0,0.0
2005-07-29 00:00:00+09:00,2294.168645913709,2303.648681640625,2294.168645913709,2303.648681640625,500,0.0,0.0
2005-08-01 00:00:00+09:00,2303.648355102539,2303.648355102539,2275.208251953125,2275.208251953125,1300,0.0,0.0
2005-08-02 00:00:00+09:00,2275.208251953125,2275.208251953125,2275.208251953125,2275.208251953125,0,0.0,0.0
2005-08-03 00:00:00+09:00,2275.208251953125,2275.208251953125,2275.208251953125,2275.208251953125,0,0.0,0.0
2005-08-04 00:00:00+09:00,2133.0075905539775,2133.0075905539775,2085.607421875,2085.607421875,400,0.0,0.0
2005-08-05 00:00:00+09:00,2085.607421875,2085.607421875,2085.607421875,2085.607421875,100,0.0,0.0
2005-08-08 00:00:00+09:00,2170.927951388889,2237.2881944444443,2047.6875,2047.6875,600,0.0,0.0
2005-08-09 00:00:00+09:00,2000.2868684895832,2133.00732421875,2000.2868684895832,2133.00732421875,300,0.0,0.0
2005-08-10 00:00:00+09:00,2133.0077112568497,2133.0077112568497,2000.2872314453125,2000.2872314453125,700,0.0,0.0
2005-08-11 00:00:00+09:00,2085.6071614583334,2133.00732421875,2085.6071614583334,2133.00732421875,200,0.0,0.0
2005-08-12 00:00:00+09:00,2038.2074136649612,2142.48779296875,2038.2074136649612,2142.48779296875,300,0.0,0.0
2005-08-15 00:00:00+09:00,2133.007503105199,2133.007503105199,2057.167236328125,2057.167236328125,200,0.0,0.0
2005-08-16 00:00:00+09:00,2066.647705078125,2066.647705078125,2000.2874576673596,2066.647705078125,1400,0.0,0.0
2005-08-17 00:00:00+09:00,2019.2471923828125,2019.2471923828125,2019.2471923828125,2019.2471923828125,100,0.0,0.0
2005-08-18 00:00:00+09:00,2076.1273881392044,2085.607421875,2066.6473544034093,2085.607421875,1400,0.0,0.0
2005-08-19 00:00:00+09:00,2057.167382006375,2057.167382006375,2009.7672119140625,2009.7672119140625,1000,0.0,0.0
2005-08-22 00:00:00+09:00,2019.2472307477678,2019.2472307477678,1990.80712890625,1990.80712890625,400,0.0,0.0
2005-08-23 00:00:00+09:00,2009.767676227169,2208.848436608162,2000.2876400185503,2076.1279296875,3000,0.0,0.0
2005-08-24 00:00:00+09:00,2066.6472307784966,2161.447562465584,2038.2071312723706,2151.967529296875,1000,0.0,0.0
2005-08-25 00:00:00+09:00,2133.0075905539775,2133.0075905539775,2085.607421875,2085.607421875,400,0.0,0.0
2005-08-26 00:00:00+09:00,2085.607421875,2085.607421875,2085.607421875,2085.607421875,0,0.0,0.0
2005-08-29 00:00:00+09:00,2085.6075398955863,2085.6075398955863,2000.2872314453125,2000.2872314453125,200,0.0,0.0
2005-08-30 00:00:00+09:00,2038.2072599169235,2038.2072599169235,2019.2471923828125,2019.2471923828125,200,0.0,0.0
2005-08-31 00:00:00+09:00,2066.6473544034093,2256.2480291193183,2066.6473544034093,2085.607421875,3300,0.0,0.0
2005-09-01 00:00:00+09:00,2085.607638888889,2085.607638888889,2047.6875,2047.6875,600,0.0,0.0
2005-09-02 00:00:00+09:00,2057.1674370788282,2057.1674370788282,2000.2872314453125,2000.2872314453125,1300,0.0,0.0
2005-09-05 00:00:00+09:00,2057.1675872802734,2123.52783203125,2057.1675872802734,2123.52783203125,700,0.0,0.0
2005-09-06 00:00:00+09:00,2123.527777777778,2133.0078125,2047.6875,2047.6875,1300,0.0,0.0
2005-09-07 00:00:00+09:00,2047.6875,2047.6875,2047.6875,2047.6875,0,0.0,0.0
2005-09-08 00:00:00+09:00,2076.1279296875,2076.1279296875,2076.1279296875,2076.1279296875,100,0.0,0.0
2005-09-09 00:00:00+09:00,2076.1275772854215,2095.087646484375,2057.167508086468,2095.087646484375,1200,0.0,0.0
2005-09-12 00:00:00+09:00,2114.0475230823863,2133.0075905539775,2085.607421875,2085.607421875,2200,0.0,0.0
2005-09-13 00:00:00+09:00,2085.6076118848982,2095.087646484375,2057.167508086468,2095.087646484375,800,0.0,0.0
2005-09-14 00:00:00+09:00,2076.1273881392044,2085.607421875,2009.7671519886364,2085.607421875,500,0.0,0.0
2005-09-15 00:00:00+09:00,2114.0477156833285,2114.0477156833285,2095.087646484375,2095.087646484375,300,0.0,0.0
2005-09-16 00:00:00+09:00,2104.5673634533314,2151.967529296875,2104.5673634533314,2151.967529296875,600,0.0,0.0
2005-09-19 00:00:00+09:00,2151.967529296875,2151.967529296875,2151.967529296875,2151.967529296875,0,0.0,0.0
2005-09-20 00:00:00+09:00,2199.3676951404186,2199.3676951404186,2142.487496128166,2151.967529296875,700,0.0,0.0
2005-09-21 00:00:00+09:00,2151.967992397702,2151.967992397702,2114.0478515625,2114.0478515625,500,0.0,0.0
2005-09-22 00:00:00+09:00,2114.0471708280547,2114.0471708280547,2104.567138671875,2104.567138671875,400,0.0,0.0
2005-09-23 00:00:00+09:00,2104.567138671875,2104.567138671875,2104.567138671875,2104.567138671875,0,0.0,0.0
2005-09-26 00:00:00+09:00,2133.007758486587,2142.48779296875,2123.5277240044247,2142.48779296875,700,0.0,0.0
2005-09-27 00:00:00+09:00,2047.687634389335,2066.647705078125,2047.687634389335,2066.647705078125,300,0.0,0.0
2005-09-28 00:00:00+09:00,2057.167534722222,2057.167534722222,2047.6875,2047.6875,400,0.0,0.0
2005-09-29 00:00:00+09:00,2047.6875,2047.6875,2047.6875,2047.6875,0,0.0,0.0
2005-09-30 00:00:00+09:00,2104.5678464557054,2123.5279171444954,2066.647705078125,2066.647705078125,600,0.0,0.0
2005-10-03 00:00:00+09:00,2076.1273881392044,2085.607421875,2066.6473544034093,2085.607421875,400,0.0,0.0
2005-10-04 00:00:00+09:00,2123.52783203125,2123.52783203125,2123.52783203125,2123.52783203125,200,0.0,0.0
2005-10-05 00:00:00+09:00,2095.0880021047374,2095.0880021047374,2076.1279296875,2076.1279296875,400,0.0,0.0
2005-10-06 00:00:00+09:00,2085.6076921735494,2123.52783203125,2085.6076921735494,2123.52783203125,500,0.0,0.0
2005-10-07 00:00:00+09:00,2123.5272029842345,2123.5272029842345,2104.567138671875,2104.567138671875,400,0.0,0.0
2005-10-10 00:00:00+09:00,2104.567138671875,2104.567138671875,2104.567138671875,2104.567138671875,0,0.0,0.0
2005-10-11 00:00:00+09:00,2104.567138671875,2104.567138671875,2104.567138671875,2104.567138671875,400,0.0,0.0
2005-10-12 00:00:00+09:00,2095.0871065156953,2104.567138671875,2095.0871065156953,2104.567138671875,800,0.0,0.0
2005-10-13 00:00:00+09:00,2095.087646484375,2095.087646484375,2095.087646484375,2095.087646484375,300,0.0,0.0
2005-10-14 00:00:00+09:00,2095.087646484375,2095.087646484375,2095.087646484375,2095.087646484375,600,0.0,0.0
2005-10-17 00:00:00+09:00,2104.5677083333335,2104.5677083333335,2047.6875,2047.6875,400,0.0,0.0
2005-10-18 00:00:00+09:00,2047.6870639534884,2047.6870639534884,2038.20703125,2038.20703125,500,0.0,0.0
2005-10-19 00:00:00+09:00,2038.20703125,2038.20703125,2038.20703125,2038.20703125,200,0.0,0.0
2005-10-20 00:00:00+09:00,2076.1279296875,2076.1279296875,2076.1279296875,2076.1279296875,100,0.0,0.0
2005-10-21 00:00:00+09:00,2076.1279296875,2076.1279296875,2076.1279296875,2076.1279296875,0,0.0,0.0
2005-10-24 00:00:00+09:00,2076.1279296875,2076.1279296875,2076.1279296875,2076.1279296875,100,0.0,0.0
2005-10-25 00:00:00+09:00,2076.1275772854215,2095.087646484375,2047.687473486991,2095.087646484375,300,0.0,0.0
2005-10-26 00:00:00+09:00,2095.087646484375,2095.087646484375,2095.087646484375,2095.087646484375,0,0.0,0.0
2005-10-27 00:00:00+09:00,2095.087646484375,2095.087646484375,2095.087646484375,2095.087646484375,0,0.0,0.0
2005-10-28 00:00:00+09:00,2085.607638888889,2085.607638888889,2047.6875,2047.6875,300,0.0,0.0
2005-10-31 00:00:00+09:00,2114.047259114583,2133.00732421875,2114.047259114583,2133.00732421875,1600,0.0,0.0
2005-11-01 00:00:00+09:00,2227.807649739583,2227.807649739583,2133.00732421875,2133.00732421875,1600,0.0,0.0
2005-11-02 00:00:00+09:00,2133.00732421875,2133.00732421875,2133.00732421875,2133.00732421875,0,0.0,0.0
2005-11-03 00:00:00+09:00,2133.00732421875,2133.00732421875,2133.00732421875,2133.00732421875,0,0.0,0.0
2005-11-04 00:00:00+09:00,2199.367973823052,2199.367973823052,2189.887939453125,2189.887939453125,200,0.0,0.0
2005-11-07 00:00:00+09:00,2189.887939453125,2189.887939453125,2189.887939453125,2189.887939453125,100,0.0,0.0
2005-11-08 00:00:00+09:00,2189.887939453125,2189.887939453125,2189.887939453125,2189.887939453125,0,0.0,0.0
2005-11-09 00:00:00+09:00,2161.447836343344,2189.887939453125,2151.9678019734174,2189.887939453125,300,0.0,0.0
2005-11-10 00:00:00+09:00,2189.887939453125,2199.367973823052,2189.887939453125,2189.887939453125,800,0.0,0.0
2005-11-11 00:00:00+09:00,2189.887939453125,2189.887939453125,2189.887939453125,2189.887939453125,200,0.0,0.0
2005-11-14 00:00:00+09:00,2189.887748386549,2189.887748386549,2180.40771484375,2180.40771484375,200,0.0,0.0
2005-11-15 00:00:00+09:00,2180.408280663224,2208.848388671875,2180.408280663224,2208.848388671875,500,0.0,0.0
2005-11-16 00:00:00+09:00,2180.4079081217446,2275.208251953125,2180.4079081217446,2275.208251953125,500,0.0,0.0
2005-11-17 00:00:00+09:00,2275.2086068802523,2313.1287503282565,2199.3683199842435,2256.24853515625,1800,0.0,0.0
2005-11-18 00:00:00+09:00,2189.8879425048826,2275.208251953125,2189.8879425048826,2275.208251953125,300,0.0,0.0
2005-11-21 00:00:00+09:00,2275.208251953125,2275.208251953125,2275.208251953125,2275.208251953125,0,0.0,0.0
2005-11-22 00:00:00+09:00,2256.2479616855053,2256.2479616855053,2227.807861328125,2227.807861328125,200,0.0,0.0
2005-11-23 00:00:00+09:00,2227.807861328125,2227.807861328125,2227.807861328125,2227.807861328125,0,0.0,0.0
2005-11-24 00:00:00+09:00,2218.3278278756648,2227.807861328125,2218.3278278756648,2227.807861328125,300,0.0,0.0
2005-11-25 00:00:00+09:00,2275.208222987288,2275.208222987288,2237.2880859375,2237.2880859375,200,0.0,0.0
2005-11-28 00:00:00+09:00,2237.288407841435,2806.0905454282406,2237.288407841435,2559.609619140625,5500,0.0,0.0
2005-11-29 00:00:00+09:00,2550.1292523610064,2550.1292523610064,2294.1683236853664,2360.528564453125,2700,0.0,0.0
2005-11-30 00:00:00+09:00,2360.528427062247,2360.528427062247,2265.7280886260123,2341.568359375,2300,0.0,0.0
2005-12-01 00:00:00+09:00,2360.528896002122,2360.528896002122,2284.6886101867926,2303.648681640625,1000,0.0,0.0
2005-12-02 00:00:00+09:00,2303.648224000506,2341.568359375,2303.648224000506,2341.568359375,200,0.0,0.0
2005-12-05 00:00:00+09:00,2322.6084268715485,2360.528564453125,2322.6084268715485,2360.528564453125,300,0.0,0.0
2005-12-06 00:00:00+09:00,2370.008474425342,3118.93115234375,2370.008474425342,3118.93115234375,58600,0.0,0.0
2005-12-07 00:00:00+09:00,3877.333984375,3877.333984375,3877.333984375,3877.333984375,16800,0.0,0.0
2005-12-08 00:00:00+09:00,3118.93115234375,3194.7714235253607,3118.93115234375,3118.93115234375,21600,0.0,0.0
2005-12-09 00:00:00+09:00,2929.329794761783,2938.8098264600408,2815.5694143826845,2891.40966796875,9700,0.0,0.0
2005-12-12 00:00:00+09:00,2844.009802476415,3640.3325471698113,2844.009802476415,3014.650390625,52400,0.0,0.0
2005-12-13 00:00:00+09:00,3043.0905067373856,3422.29181598815,3024.1304412748473,3099.970703125,11600,0.0,0.0
2005-12-14 00:00:00+09:00,3194.7711585998536,3251.651357269287,2976.7303970336916,3033.610595703125,5700,0.0,0.0
2005-12-15 00:00:00+09:00,3081.0110504049003,3081.0110504049003,2844.0102003737543,2853.490234375,2600,0.0,0.0
2005-12-16 00:00:00+09:00,2862.9700973252116,2891.410197629767,2758.689729541843,2796.60986328125,1800,0.0,0.0
2005-12-19 00:00:00+09:00,2701.8097364288014,2929.330556338595,2701.8097364288014,2758.68994140625,3300,0.0,0.0
2005-12-20 00:00:00+09:00,2758.6897940499443,2815.569995989118,2654.409423828125,2654.409423828125,1600,0.0,0.0
2005-12-21 00:00:00+09:00,2654.409423828125,2739.7297267368863,2625.969322858538,2654.409423828125,2200,0.0,0.0
2005-12-22 00:00:00+09:00,2663.8900110315394,2701.810153537326,2559.609619140625,2559.609619140625,2400,0.0,0.0
2005-12-23 00:00:00+09:00,2559.609619140625,2559.609619140625,2559.609619140625,2559.609619140625,0,0.0,0.0
2005-12-26 00:00:00+09:00,2607.00940943476,2607.00940943476,2531.169135705749,2540.649169921875,2300,0.0,0.0
2005-12-27 00:00:00+09:00,2654.4094460227275,2654.4094460227275,2559.6091086647725,2607.00927734375,1000,0.0,0.0
2005-12-28 00:00:00+09:00,2578.569525526557,2588.049560546875,2578.569525526557,2588.049560546875,200,0.0,0.0
2005-12-29 00:00:00+09:00,2493.249184987802,2607.009604074698,2483.769150063894,2550.12939453125,3300,0.0,0.0
2005-12-30 00:00:00+09:00,2625.9693488204907,3090.49100258296,2625.9693488204907,2910.370361328125,17500,0.0,0.0
2006-01-02 00:00:00+09:00,2910.370361328125,2910.370361328125,2910.370361328125,2910.370361328125,0,0.0,0.0
2006-01-03 00:00:00+09:00,2910.370361328125,2910.370361328125,2910.370361328125,2910.370361328125,0,0.0,0.0
2006-01-04 00:00:00+09:00,2910.3705747435693,2910.3705747435693,2758.6900236168685,2787.130126953125,5200,0.0,0.0
2006-01-05 00:00:00+09:00,2806.0899178340514,2806.0899178340514,2701.8095492658945,2749.209716796875,2500,0.0,0.0
2006-01-06 00:00:00+09:00,2701.8094126383467,2758.689610799154,2701.8094126383467,2730.24951171875,1300,0.0,0.0
2006-01-09 00:00:00+09:00,2730.24951171875,2730.24951171875,2730.24951171875,2730.24951171875,0,0.0,0.0
2006-01-10 00:00:00+09:00,2749.20968435861,2796.6098513303104,2711.28955078125,2711.28955078125,1800,0.0,0.0
2006-01-11 00:00:00+09:00,2711.2895827720904,2749.209716796875,2701.8095492658945,2749.209716796875,800,0.0,0.0
2006-01-12 00:00:00+09:00,2720.7697519798803,2768.169921875,2720.7697519798803,2768.169921875,200,0.0,0.0
2006-01-13 00:00:00+09:00,2768.1700555098682,2768.1700555098682,2701.809814453125,2701.809814453125,1800,0.0,0.0
2006-01-16 00:00:00+09:00,2701.8096236108054,2749.2097924460827,2692.32958984375,2692.32958984375,900,0.0,0.0
2006-01-17 00:00:00+09:00,2701.810153537326,2701.810153537326,2559.609619140625,2559.609619140625,1300,0.0,0.0
2006-01-18 00:00:00+09:00,2531.168904769291,2625.96923828125,2388.9684045013537,2625.96923828125,1000,0.0,0.0
2006-01-19 00:00:00+09:00,2436.3687651663117,2512.2090380119557,2436.3687651663117,2502.72900390625,700,0.0,0.0
2006-01-20 00:00:00+09:00,2597.529753654234,2644.929931640625,2569.089646862399,2644.929931640625,700,0.0,0.0
2006-01-23 00:00:00+09:00,2644.929939778646,2644.929939778646,2512.209441008391,2559.609619140625,900,0.0,0.0
2006-01-24 00:00:00+09:00,2531.1690521816035,2531.1690521816035,2417.408645341981,2512.208984375,300,0.0,0.0
2006-01-25 00:00:00+09:00,2521.689018278302,2521.689018278302,2512.208984375,2512.208984375,300,0.0,0.0
2006-01-26 00:00:00+09:00,2512.209441008391,2559.609619140625,2512.209441008391,2559.609619140625,200,0.0,0.0
2006-01-27 00:00:00+09:00,2625.96923828125,2625.96923828125,2625.96923828125,2625.96923828125,200,0.0,0.0
2006-01-30 00:00:00+09:00,2644.9296052352242,2644.9296052352242,2616.489501953125,2616.489501953125,200,0.0,0.0
2006-01-31 00:00:00+09:00,2550.1292634662827,2701.809814453125,2550.1292634662827,2701.809814453125,900,0.0,0.0
2006-02-01 00:00:00+09:00,2730.2498389175257,2768.169975569158,2673.369633940077,2758.68994140625,1100,0.0,0.0
2006-02-02 00:00:00+09:00,2777.650092507706,2787.130126953125,2749.2099891714497,2787.130126953125,1000,0.0,0.0
2006-02-03 00:00:00+09:00,2787.130126953125,2787.130126953125,2749.2099891714497,2787.130126953125,500,0.0,0.0
2006-02-06 00:00:00+09:00,2692.3298077962804,2739.72998046875,2654.4096696583047,2739.72998046875,600,0.0,0.0
2006-02-07 00:00:00+09:00,2701.8096840218323,2777.649955854024,2701.8096840218323,2768.169921875,900,0.0,0.0
2006-02-08 00:00:00+09:00,2749.209716796875,2749.209716796875,2749.209716796875,2749.209716796875,400,0.0,0.0
2006-02-09 00:00:00+09:00,2701.80959211077,2701.80959211077,2654.409423828125,2654.409423828125,3800,0.0,0.0
2006-02-10 00:00:00+09:00,2635.449904152199,2635.449904152199,2464.8092628761574,2559.609619140625,4800,0.0,0.0
2006-02-13 00:00:00+09:00,2578.569306786381,2644.9295462992654,2398.448656679979,2540.649169921875,5600,0.0,0.0
2006-02-14 00:00:00+09:00,2351.048270089286,2502.7288036434334,1924.446769468246,2057.167236328125,9600,0.0,0.0
2006-02-15 00:00:00+09:00,2104.5673540900734,2625.969176049326,2104.5673540900734,2417.408447265625,10300,0.0,0.0
2006-02-16 00:00:00+09:00,2275.2080285904253,2275.2080285904253,2180.407694065824,2227.807861328125,1600,0.0,0.0
2006-02-17 00:00:00+09:00,2227.808022334658,2227.808022334658,2180.4078516466866,2199.367919921875,1100,0.0,0.0
2006-02-20 00:00:00+09:00,2275.2080285904253,2322.608195852726,2227.807861328125,2227.807861328125,1200,0.0,0.0
2006-02-21 00:00:00+09:00,2227.8081074699026,2398.4487284675974,2227.8081074699026,2313.12841796875,600,0.0,0.0
2006-02-22 00:00:00+09:00,2332.0884889142785,2398.44873046875,2332.0884889142785,2398.44873046875,300,0.0,0.0
2006-02-23 00:00:00+09:00,2398.4488414417615,2398.4488414417615,2294.16845703125,2294.16845703125,300,0.0,0.0
2006-02-24 00:00:00+09:00,2313.1282146765566,2436.36865234375,2313.1282146765566,2436.36865234375,2300,0.0,0.0
2006-02-27 00:00:00+09:00,2436.3687890247948,2455.328857421875,2436.3687890247948,2455.328857421875,400,0.0,0.0
2006-02-28 00:00:00+09:00,2483.768905874399,2483.768905874399,2445.848769906851,2464.808837890625,800,0.0,0.0
2006-03-01 00:00:00+09:00,2417.408447265625,2417.408447265625,2417.408447265625,2417.408447265625,1000,0.0,0.0
2006-03-02 00:00:00+09:00,2417.408447265625,2417.408447265625,2417.408447265625,2417.408447265625,0,0.0,0.0
2006-03-03 00:00:00+09:00,2398.449006111391,2398.449006111391,2351.048828125,2351.048828125,600,0.0,0.0
2006-03-06 00:00:00+09:00,2370.0088993195563,2379.4889349168348,2351.048828125,2351.048828125,600,0.0,0.0
2006-03-07 00:00:00+09:00,2351.048828125,2351.048828125,2351.048828125,2351.048828125,0,0.0,0.0
2006-03-08 00:00:00+09:00,2351.048828125,2351.048828125,2351.048828125,2351.048828125,0,0.0,0.0
2006-03-09 00:00:00+09:00,2398.44873046875,2398.44873046875,2398.44873046875,2398.44873046875,100,0.0,0.0
2006-03-10 00:00:00+09:00,2597.529052734375,2597.529052734375,2597.529052734375,2597.529052734375,200,0.0,0.0
2006-03-13 00:00:00+09:00,2597.529052734375,2597.529052734375,2597.529052734375,2597.529052734375,600,0.0,0.0
2006-03-14 00:00:00+09:00,2578.5693359375,2578.5693359375,2578.5693359375,2578.5693359375,200,0.0,0.0
2006-03-15 00:00:00+09:00,2663.8894797585226,2663.8894797585226,2607.00927734375,2607.00927734375,400,0.0,0.0
2006-03-16 00:00:00+09:00,2597.529052734375,2597.529052734375,2597.529052734375,2597.529052734375,300,0.0,0.0
2006-03-17 00:00:00+09:00,2625.96923828125,2635.4492716324457,2625.96923828125,2625.96923828125,600,0.0,0.0
2006-03-20 00:00:00+09:00,2559.60895346223,2635.44921875,2559.60895346223,2635.44921875,700,0.0,0.0
2006-03-21 00:00:00+09:00,2635.44921875,2635.44921875,2635.44921875,2635.44921875,0,0.0,0.0
2006-03-22 00:00:00+09:00,2635.44921875,2635.44921875,2635.44921875,2635.44921875,400,0.0,0.0
2006-03-23 00:00:00+09:00,2635.44921875,2635.44921875,2635.44921875,2635.44921875,900,0.0,0.0
2006-03-24 00:00:00+09:00,2663.889457484654,2663.889457484654,2654.409423828125,2654.409423828125,500,0.0,0.0
2006-03-27 00:00:00+09:00,2663.8897006889993,2673.369735211024,2569.08935546875,2569.08935546875,800,0.0,0.0
2006-03-28 00:00:00+09:00,2569.08935546875,2569.08935546875,2569.08935546875,2569.08935546875,400,0.0,0.0
2006-03-29 00:00:00+09:00,2625.96923828125,2625.96923828125,2625.96923828125,2625.96923828125,900,0.0,0.0
2006-03-30 00:00:00+09:00,2607.0094675257587,2625.9695363804913,2607.0094675257587,2616.489501953125,500,0.0,0.0
2006-03-31 00:00:00+09:00,2654.409423828125,2654.409423828125,2654.409423828125,2654.409423828125,100,0.0,0.0
2006-04-03 00:00:00+09:00,2597.529459034825,2597.529459034825,2569.08935546875,2569.08935546875,900,0.0,0.0
2006-04-04 00:00:00+09:00,2597.529052734375,2644.929217930258,2597.529052734375,2597.529052734375,500,0.0,0.0
2006-04-05 00:00:00+09:00,2588.0494245127998,2616.4895280788746,2569.08935546875,2569.08935546875,1100,0.0,0.0
2006-04-06 00:00:00+09:00,2426.888679245283,2512.208984375,2426.888679245283,2512.208984375,500,0.0,0.0
2006-04-07 00:00:00+09:00,2512.2092803843293,2588.049560546875,2512.2092803843293,2588.049560546875,200,0.0,0.0
2006-04-10 00:00:00+09:00,2588.049560546875,2588.049560546875,2588.049560546875,2588.049560546875,500,0.0,0.0
2006-04-11 00:00:00+09:00,2569.08935546875,2569.08935546875,2569.08935546875,2569.08935546875,200,0.0,0.0
2006-04-12 00:00:00+09:00,2569.08935546875,2569.08935546875,2569.08935546875,2569.08935546875,0,0.0,0.0
2006-04-13 00:00:00+09:00,2569.08935546875,2569.08935546875,2569.08935546875,2569.08935546875,300,0.0,0.0
2006-04-14 00:00:00+09:00,2569.08935546875,2569.08935546875,2569.08935546875,2569.08935546875,200,0.0,0.0
2006-04-17 00:00:00+09:00,2569.08935546875,2569.08935546875,2569.08935546875,2569.08935546875,200,0.0,0.0
2006-04-18 00:00:00+09:00,2540.649169921875,2540.649169921875,2540.649169921875,2540.649169921875,100,0.0,0.0
2006-04-19 00:00:00+09:00,2540.649169921875,2540.649169921875,2540.649169921875,2540.649169921875,200,0.0,0.0
2006-04-20 00:00:00+09:00,2445.8488518892586,2493.2490234375,2445.8488518892586,2493.2490234375,400,0.0,0.0
2006-04-21 00:00:00+09:00,2407.928729961445,2407.928729961445,2180.4079050831983,2189.887939453125,1600,0.0,0.0
2006-04-24 00:00:00+09:00,2322.608423868815,2322.608423868815,2275.208251953125,2275.208251953125,200,0.0,0.0
2006-04-25 00:00:00+09:00,2322.608423868815,2322.608423868815,2275.208251953125,2275.208251953125,200,0.0,0.0
2006-04-26 00:00:00+09:00,2227.807861328125,2227.807861328125,2227.807861328125,2227.807861328125,100,0.0,0.0
2006-04-27 00:00:00+09:00,2227.807861328125,2227.807861328125,2227.807861328125,2227.807861328125,0,0.0,0.0
2006-04-28 00:00:00+09:00,2275.208251953125,2275.208251953125,2275.208251953125,2275.208251953125,100,0.0,0.0
2006-05-01 00:00:00+09:00,2294.16845703125,2294.16845703125,2294.16845703125,2294.16845703125,200,0.0,0.0
2006-05-02 00:00:00+09:00,2313.128607302296,2322.608642578125,2313.128607302296,2322.608642578125,200,0.0,0.0
2006-05-03 00:00:00+09:00,2322.608642578125,2322.608642578125,2322.608642578125,2322.608642578125,0,0.0,0.0
2006-05-04 00:00:00+09:00,2322.608642578125,2322.608642578125,2322.608642578125,2322.608642578125,0,0.0,0.0
2006-05-05 00:00:00+09:00,2322.608642578125,2322.608642578125,2322.608642578125,2322.608642578125,0,0.0,0.0
2006-05-08 00:00:00+09:00,2370.008544921875,2370.008544921875,2370.008544921875,2370.008544921875,100,0.0,0.0
2006-05-09 00:00:00+09:00,2370.008544921875,2370.008544921875,2370.008544921875,2370.008544921875,0,0.0,0.0
2006-05-10 00:00:00+09:00,2351.048828125,2351.048828125,2351.048828125,2351.048828125,600,0.0,0.0
2006-05-11 00:00:00+09:00,2199.367919921875,2199.367919921875,2199.367919921875,2199.367919921875,100,0.0,0.0
2006-05-12 00:00:00+09:00,2189.8878857842806,2199.367919921875,2180.4078516466866,2199.367919921875,700,0.0,0.0
2006-05-15 00:00:00+09:00,2199.367919921875,2199.367919921875,2199.367919921875,2199.367919921875,300,0.0,0.0
2006-05-16 00:00:00+09:00,2199.367999861726,2199.367999861726,2142.48779296875,2142.48779296875,200,0.0,0.0
2006-05-17 00:00:00+09:00,2133.00732421875,2133.00732421875,2133.00732421875,2133.00732421875,100,0.0,0.0
2006-05-18 00:00:00+09:00,2085.607379415761,2180.40771484375,2038.2072117017665,2180.40771484375,700,0.0,0.0
2006-05-19 00:00:00+09:00,2095.087646484375,2095.087646484375,2085.6076118848982,2095.087646484375,300,0.0,0.0
2006-05-22 00:00:00+09:00,2085.607421875,2085.607421875,2085.607421875,2085.607421875,300,0.0,0.0
2006-05-23 00:00:00+09:00,2038.207368534323,2133.0077112568497,2000.2872314453125,2000.2872314453125,1300,0.0,0.0
2006-05-24 00:00:00+09:00,1990.8071971730596,2000.2872314453125,1990.8071971730596,2000.2872314453125,300,0.0,0.0
2006-05-25 00:00:00+09:00,2000.2871628534226,2000.2871628534226,1990.80712890625,1990.80712890625,400,0.0,0.0
2006-05-26 00:00:00+09:00,1990.8067527977196,2133.0072351404137,1914.9664955482826,2104.567138671875,600,0.0,0.0
2006-05-29 00:00:00+09:00,2009.767069592454,2123.5274697580644,2009.767069592454,2057.167236328125,800,0.0,0.0
2006-05-30 00:00:00+09:00,2057.167236328125,2057.167236328125,2057.167236328125,2057.167236328125,0,0.0,0.0
2006-05-31 00:00:00+09:00,2114.0478818001006,2114.0478818001006,2019.2475283561498,2066.647705078125,400,0.0,0.0
2006-06-01 00:00:00+09:00,2009.7670946074695,2057.1672619331175,1943.4068603515625,1943.4068603515625,1100,0.0,0.0
2006-06-02 00:00:00+09:00,1914.966850318719,1914.966850318719,1905.48681640625,1905.48681640625,300,0.0,0.0
2006-06-05 00:00:00+09:00,1914.9668146306817,2085.607421875,1905.4867808948864,2085.607421875,700,0.0,0.0
2006-06-06 00:00:00+09:00,1990.80712890625,1990.80712890625,1990.80712890625,1990.80712890625,100,0.0,0.0
2006-06-07 00:00:00+09:00,1990.80712890625,1990.80712890625,1990.80712890625,1990.80712890625,0,0.0,0.0
2006-06-08 00:00:00+09:00,1990.8071929629486,1990.8071929629486,1914.9669189453125,1914.9669189453125,1000,0.0,0.0
2006-06-09 00:00:00+09:00,1914.966759956174,1943.4068603515625,1896.0066930259147,1943.4068603515625,700,0.0,0.0
2006-06-12 00:00:00+09:00,2038.207298642113,2038.207298642113,1990.80712890625,1990.80712890625,600,0.0,0.0
2006-06-13 00:00:00+09:00,1990.80712890625,1990.80712890625,1990.80712890625,1990.80712890625,200,0.0,0.0
2006-06-14 00:00:00+09:00,1990.80712890625,1990.80712890625,1990.80712890625,1990.80712890625,500,0.0,0.0
2006-06-15 00:00:00+09:00,1990.80712890625,1990.80712890625,1990.80712890625,1990.80712890625,100,0.0,0.0
2006-06-16 00:00:00+09:00,1990.8068677325582,2038.20703125,1990.8068677325582,2038.20703125,800,0.0,0.0
2006-06-19 00:00:00+09:00,2076.1274344308035,2076.1274344308035,1981.3270949590774,1990.80712890625,300,0.0,0.0
2006-06-20 00:00:00+09:00,1990.80712890625,1990.80712890625,1990.80712890625,1990.80712890625,0,0.0,0.0
2006-06-21 00:00:00+09:00,2028.727226149868,2028.727226149868,1990.8070910816461,2019.2471923828125,300,0.0,0.0
2006-06-22 00:00:00+09:00,2019.2475038332361,2028.7275390625,1981.32736291618,2028.7275390625,500,0.0,0.0
2006-06-23 00:00:00+09:00,1981.3270949590774,1990.80712890625,1981.3270949590774,1990.80712890625,200,0.0,0.0
2006-06-26 00:00:00+09:00,2028.7269985465116,2038.20703125,2028.7269985465116,2038.20703125,300,0.0,0.0
2006-06-27 00:00:00+09:00,2019.2471923828125,2019.2471923828125,2019.2471923828125,2019.2471923828125,200,0.0,0.0
2006-06-28 00:00:00+09:00,2019.2469335937499,2133.00732421875,2019.2469335937499,2133.00732421875,400,0.0,0.0
2006-06-29 00:00:00+09:00,2066.647705078125,2066.647705078125,2066.647705078125,2066.647705078125,100,0.0,0.0
2006-06-30 00:00:00+09:00,2085.6073363695277,2199.367736535138,2057.167236328125,2057.167236328125,1100,0.0,0.0
2006-07-03 00:00:00+09:00,2047.6872936839789,2047.6872936839789,2019.2471923828125,2019.2471923828125,300,0.0,0.0
2006-07-04 00:00:00+09:00,2009.7672119140625,2009.7672119140625,2009.7672119140625,2009.7672119140625,200,0.0,0.0
2006-07-05 00:00:00+09:00,2019.2471923828125,2019.2471923828125,2019.2471923828125,2019.2471923828125,100,0.0,0.0
2006-07-06 00:00:00+09:00,2019.2471923828125,2019.2471923828125,2019.2471923828125,2019.2471923828125,0,0.0,0.0
2006-07-07 00:00:00+09:00,2019.2471923828125,2019.2471923828125,2019.2471923828125,2019.2471923828125,0,0.0,0.0
2006-07-10 00:00:00+09:00,2066.6472696752594,2066.6472696752594,2057.167236328125,2057.167236328125,200,0.0,0.0
2006-07-11 00:00:00+09:00,2076.1279168379933,2161.4482421875,2076.1279168379933,2161.4482421875,400,0.0,0.0
2006-07-12 00:00:00+09:00,2161.4482421875,2161.4482421875,2161.4482421875,2161.4482421875,600,0.0,0.0
2006-07-13 00:00:00+09:00,2161.4482421875,2161.4482421875,2161.4482421875,2161.4482421875,0,0.0,0.0
2006-07-14 00:00:00+09:00,2038.20703125,2038.20703125,2038.20703125,2038.20703125,100,0.0,0.0
2006-07-17 00:00:00+09:00,2038.20703125,2038.20703125,2038.20703125,2038.20703125,0,0.0,0.0
2006-07-18 00:00:00+09:00,2038.20703125,2038.20703125,2038.20703125,2038.20703125,0,0.0,0.0
2006-07-19 00:00:00+09:00,2038.20703125,2038.20703125,2038.20703125,2038.20703125,0,0.0,0.0
2006-07-20 00:00:00+09:00,2038.20703125,2038.20703125,2038.20703125,2038.20703125,0,0.0,0.0
2006-07-21 00:00:00+09:00,2038.20703125,2038.20703125,2038.20703125,2038.20703125,100,0.0,0.0
2006-07-24 00:00:00+09:00,2038.20703125,2038.20703125,2038.20703125,2038.20703125,0,0.0,0.0
2006-07-25 00:00:00+09:00,2038.207298642113,2038.207298642113,1990.80712890625,1990.80712890625,400,0.0,0.0
2006-07-26 00:00:00+09:00,1990.80712890625,1990.80712890625,1990.80712890625,1990.80712890625,100,0.0,0.0
2006-07-27 00:00:00+09:00,1990.80712890625,1990.80712890625,1990.80712890625,1990.80712890625,0,0.0,0.0
2006-07-28 00:00:00+09:00,1990.80712890625,1990.80712890625,1990.80712890625,1990.80712890625,0,0.0,0.0
2006-07-31 00:00:00+09:00,1990.80712890625,1990.80712890625,1990.80712890625,1990.80712890625,300,0.0,0.0
2006-08-01 00:00:00+09:00,1981.327567601313,2076.1279296875,1943.407422766838,2076.1279296875,1100,0.0,0.0
2006-08-02 00:00:00+09:00,2019.2471923828125,2019.2471923828125,2019.2471923828125,2019.2471923828125,100,0.0,0.0
2006-08-03 00:00:00+09:00,2028.7271615377288,2028.7271615377288,1943.4068603515625,1943.4068603515625,400,0.0,0.0
2006-08-04 00:00:00+09:00,1943.4068603515625,1943.4068603515625,1943.4068603515625,1943.4068603515625,0,0.0,0.0
2006-08-07 00:00:00+09:00,1896.0067894345239,1990.80712890625,1896.0067894345239,1990.80712890625,300,0.0,0.0
2006-08-08 00:00:00+09:00,1990.80712890625,1990.80712890625,1990.80712890625,1990.80712890625,0,0.0,0.0
2006-08-09 00:00:00+09:00,1990.80712890625,1990.80712890625,1990.80712890625,1990.80712890625,0,0.0,0.0
2006-08-10 00:00:00+09:00,1990.80712890625,1990.80712890625,1990.80712890625,1990.80712890625,600,0.0,0.0
2006-08-11 00:00:00+09:00,1990.80712890625,1990.80712890625,1990.80712890625,1990.80712890625,0,0.0,0.0
2006-08-14 00:00:00+09:00,1990.80712890625,1990.80712890625,1990.80712890625,1990.80712890625,100,0.0,0.0
2006-08-15 00:00:00+09:00,1990.8074223229646,2066.647705078125,1990.8074223229646,2066.647705078125,300,0.0,0.0
2006-08-16 00:00:00+09:00,2085.607421875,2085.607421875,2085.607421875,2085.607421875,200,0.0,0.0
2006-08-17 00:00:00+09:00,2038.20703125,2038.20703125,2038.20703125,2038.20703125,300,0.0,0.0
2006-08-18 00:00:00+09:00,2038.2072531960227,2085.607421875,2038.2072531960227,2085.607421875,500,0.0,0.0
2006-08-21 00:00:00+09:00,2057.1673206676137,2085.607421875,2057.1673206676137,2085.607421875,200,0.0,0.0
2006-08-22 00:00:00+09:00,2095.087646484375,2095.087646484375,2095.087646484375,2095.087646484375,100,0.0,0.0
2006-08-23 00:00:00+09:00,2189.887939453125,2189.887939453125,2189.887939453125,2189.887939453125,100,0.0,0.0
2006-08-24 00:00:00+09:00,2208.848008192979,2208.848008192979,2189.887939453125,2189.887939453125,700,0.0,0.0
2006-08-25 00:00:00+09:00,2047.6875,2047.6875,2047.6875,2047.6875,200,0.0,0.0
2006-08-28 00:00:00+09:00,2047.6875,2047.6875,2047.6875,2047.6875,0,0.0,0.0
2006-08-29 00:00:00+09:00,2047.6875,2047.6875,2047.6875,2047.6875,0,0.0,0.0
2006-08-30 00:00:00+09:00,2085.607638888889,2085.607638888889,2047.6875,2047.6875,300,0.0,0.0
2006-08-31 00:00:00+09:00,2028.7269985465116,2038.20703125,2028.7269985465116,2038.20703125,300,0.0,0.0
2006-09-01 00:00:00+09:00,2038.20703125,2038.20703125,2038.20703125,2038.20703125,0,0.0,0.0
2006-09-04 00:00:00+09:00,2123.52783203125,2123.52783203125,2123.52783203125,2123.52783203125,100,0.0,0.0
2006-09-05 00:00:00+09:00,2047.6875,2047.6875,2047.6875,2047.6875,300,0.0,0.0
2006-09-06 00:00:00+09:00,2047.6875,2047.6875,2047.6875,2047.6875,0,0.0,0.0
2006-09-07 00:00:00+09:00,2047.6875,2047.6875,2047.6875,2047.6875,0,0.0,0.0
2006-09-08 00:00:00+09:00,2066.647471351081,2066.647471351081,2000.2872314453125,2000.2872314453125,500,0.0,0.0
2006-09-11 00:00:00+09:00,2000.2872314453125,2000.2872314453125,2000.2872314453125,2000.2872314453125,0,0.0,0.0
2006-09-12 00:00:00+09:00,2019.2473958333335,2047.6875,2019.2473958333335,2047.6875,200,0.0,0.0
2006-09-13 00:00:00+09:00,2047.6869457347973,2104.567138671875,2047.6869457347973,2104.567138671875,300,0.0,0.0
2006-09-14 00:00:00+09:00,2104.5677621023997,2123.52783203125,2104.5677621023997,2123.52783203125,500,0.0,0.0
2006-09-15 00:00:00+09:00,2123.52783203125,2123.52783203125,2123.52783203125,2123.52783203125,0,0.0,0.0
2006-09-18 00:00:00+09:00,2123.52783203125,2123.52783203125,2123.52783203125,2123.52783203125,0,0.0,0.0
2006-09-19 00:00:00+09:00,2133.00732421875,2133.00732421875,2133.00732421875,2133.00732421875,100,0.0,0.0
2006-09-20 00:00:00+09:00,2000.2876400185503,2076.1279296875,2000.2876400185503,2076.1279296875,300,0.0,0.0
2006-09-21 00:00:00+09:00,2076.1273881392044,2085.607421875,2076.1273881392044,2085.607421875,200,0.0,0.0
2006-09-22 00:00:00+09:00,2133.007784882282,2133.007784882282,2095.087646484375,2095.087646484375,300,0.0,0.0
2006-09-25 00:00:00+09:00,2180.4080133563048,2180.4080133563048,2151.967908834266,2170.927978515625,500,0.0,0.0
2006-09-26 00:00:00+09:00,2142.48779296875,2142.48779296875,2142.48779296875,2142.48779296875,100,0.0,0.0
2006-09-27 00:00:00+09:00,2000.2872757363107,2142.48779296875,2000.2872757363107,2142.48779296875,300,0.0,0.0
2006-09-28 00:00:00+09:00,2142.48779296875,2142.48779296875,2142.48779296875,2142.48779296875,0,0.0,0.0
2006-09-29 00:00:00+09:00,2142.48779296875,2142.48779296875,2142.48779296875,2142.48779296875,0,0.0,0.0
2006-10-02 00:00:00+09:00,2038.2072531960227,2085.607421875,2038.2072531960227,2085.607421875,200,0.0,0.0
2006-10-03 00:00:00+09:00,2085.607421875,2085.607421875,2085.607421875,2085.607421875,0,0.0,0.0
2006-10-04 00:00:00+09:00,2085.607421875,2085.607421875,2085.607421875,2085.607421875,0,0.0,0.0
2006-10-05 00:00:00+09:00,2028.7273342620704,2028.7273342620704,2000.2872314453125,2000.2872314453125,300,0.0,0.0
2006-10-06 00:00:00+09:00,2000.2872314453125,2000.2872314453125,2000.2872314453125,2000.2872314453125,0,0.0,0.0
2006-10-09 00:00:00+09:00,2000.2872314453125,2000.2872314453125,2000.2872314453125,2000.2872314453125,0,0.0,0.0
2006-10-10 00:00:00+09:00,2000.2872314453125,2000.2872314453125,2000.2872314453125,2000.2872314453125,100,0.0,0.0
2006-10-11 00:00:00+09:00,2104.567138671875,2104.567138671875,2104.567138671875,2104.567138671875,100,0.0,0.0
2006-10-12 00:00:00+09:00,2104.567138671875,2104.567138671875,2104.567138671875,2104.567138671875,600,0.0,0.0
2006-10-13 00:00:00+09:00,2104.567138671875,2104.567138671875,2104.567138671875,2104.567138671875,0,0.0,0.0
2006-10-16 00:00:00+09:00,2180.40771484375,2180.40771484375,2180.40771484375,2180.40771484375,100,0.0,0.0
2006-10-17 00:00:00+09:00,2180.40771484375,2180.40771484375,2180.40771484375,2180.40771484375,0,0.0,0.0
2006-10-18 00:00:00+09:00,2180.40771484375,2180.40771484375,2180.40771484375,2180.40771484375,200,0.0,0.0
2006-10-19 00:00:00+09:00,2180.40771484375,2180.40771484375,2180.40771484375,2180.40771484375,100,0.0,0.0
2006-10-20 00:00:00+09:00,2038.20703125,2038.20703125,2038.20703125,2038.20703125,400,0.0,0.0
2006-10-23 00:00:00+09:00,2142.48779296875,2142.48779296875,2142.48779296875,2142.48779296875,100,0.0,0.0
2006-10-24 00:00:00+09:00,2142.48779296875,2142.48779296875,2142.48779296875,2142.48779296875,100,0.0,0.0
2006-10-25 00:00:00+09:00,2095.087989137884,2161.4482421875,2095.087989137884,2161.4482421875,200,0.0,0.0
2006-10-26 00:00:00+09:00,2180.407395921312,2180.407395921312,2104.567138671875,2104.567138671875,300,0.0,0.0
2006-10-27 00:00:00+09:00,2085.607421875,2085.607421875,2085.607421875,2085.607421875,100,0.0,0.0
2006-10-30 00:00:00+09:00,2085.607421875,2085.607421875,2085.607421875,2085.607421875,0,0.0,0.0
2006-10-31 00:00:00+09:00,2133.00732421875,2133.00732421875,2133.00732421875,2133.00732421875,100,0.0,0.0
2006-11-01 00:00:00+09:00,2133.00732421875,2133.00732421875,2133.00732421875,2133.00732421875,0,0.0,0.0
2006-11-02 00:00:00+09:00,2133.00732421875,2133.00732421875,2133.00732421875,2133.00732421875,0,0.0,0.0
2006-11-03 00:00:00+09:00,2133.00732421875,2133.00732421875,2133.00732421875,2133.00732421875,0,0.0,0.0
2006-11-06 00:00:00+09:00,2133.00732421875,2133.00732421875,2133.00732421875,2133.00732421875,0,0.0,0.0
2006-11-07 00:00:00+09:00,2133.00732421875,2133.00732421875,2133.00732421875,2133.00732421875,0,0.0,0.0
2006-11-08 00:00:00+09:00,2047.6875,2047.6875,2047.6875,2047.6875,200,0.0,0.0
2006-11-09 00:00:00+09:00,2237.2880859375,2237.2880859375,2237.2880859375,2237.2880859375,100,0.0,0.0
2006-11-10 00:00:00+09:00,2237.2880859375,2237.2880859375,2237.2880859375,2237.2880859375,600,0.0,0.0
2006-11-13 00:00:00+09:00,2237.2880859375,2237.2880859375,2237.2880859375,2237.2880859375,0,0.0,0.0
2006-11-14 00:00:00+09:00,2237.2880859375,2237.2880859375,2237.2880859375,2237.2880859375,0,0.0,0.0
2006-11-15 00:00:00+09:00,2237.2880859375,2237.2880859375,2237.2880859375,2237.2880859375,0,0.0,0.0
2006-11-16 00:00:00+09:00,2237.2880859375,2237.2880859375,2237.2880859375,2237.2880859375,0,0.0,0.0
2006-11-17 00:00:00+09:00,2237.2880859375,2237.2880859375,2237.2880859375,2237.2880859375,0,0.0,0.0
2006-11-20 00:00:00+09:00,2237.2880859375,2237.2880859375,2237.2880859375,2237.2880859375,0,0.0,0.0
2006-11-21 00:00:00+09:00,2237.2880859375,2237.2880859375,2237.2880859375,2237.2880859375,0,0.0,0.0
2006-11-22 00:00:00+09:00,2180.40771484375,2180.40771484375,2180.40771484375,2180.40771484375,100,0.0,0.0
2006-11-23 00:00:00+09:00,2180.40771484375,2180.40771484375,2180.40771484375,2180.40771484375,0,0.0,0.0
2006-11-24 00:00:00+09:00,2038.20703125,2038.20703125,2038.20703125,2038.20703125,100,0.0,0.0
2006-11-27 00:00:00+09:00,2038.20703125,2038.20703125,2038.20703125,2038.20703125,0,0.0,0.0
2006-11-28 00:00:00+09:00,2237.2880859375,2237.2880859375,2237.2880859375,2237.2880859375,100,0.0,0.0
2006-11-29 00:00:00+09:00,1990.80712890625,1990.80712890625,1990.80712890625,1990.80712890625,300,0.0,0.0
2006-11-30 00:00:00+09:00,2095.087646484375,2095.087646484375,2095.087646484375,2095.087646484375,100,0.0,0.0
2006-12-01 00:00:00+09:00,1962.3670270647322,2009.7671968005952,1962.3670270647322,1990.80712890625,600,0.0,0.0
2006-12-04 00:00:00+09:00,2038.20703125,2038.20703125,2038.20703125,2038.20703125,200,0.0,0.0
2006-12-05 00:00:00+09:00,2000.2873004896069,2095.087646484375,2000.2873004896069,2095.087646484375,600,0.0,0.0
2006-12-06 00:00:00+09:00,2066.647705078125,2066.647705078125,2066.647705078125,2066.647705078125,300,0.0,0.0
2006-12-07 00:00:00+09:00,2019.2471923828125,2057.1673274510345,2019.2471923828125,2019.2471923828125,800,0.0,0.0
2006-12-08 00:00:00+09:00,2066.6476755184976,2114.0478515625,2066.6476755184976,2114.0478515625,300,0.0,0.0
2006-12-11 00:00:00+09:00,2114.0478515625,2114.0478515625,2114.0478515625,2114.0478515625,600,0.0,0.0
2006-12-12 00:00:00+09:00,2114.0480745219747,2114.0480745219747,2076.1279296875,2076.1279296875,500,0.0,0.0
2006-12-13 00:00:00+09:00,2076.1279296875,2076.1279296875,2076.1279296875,2076.1279296875,100,0.0,0.0
2006-12-14 00:00:00+09:00,2085.607965896119,2085.607965896119,2076.1279296875,2076.1279296875,300,0.0,0.0
2006-12-15 00:00:00+09:00,2076.1279296875,2076.1279296875,2076.1279296875,2076.1279296875,0,0.0,0.0
2006-12-18 00:00:00+09:00,2076.1279296875,2076.1279296875,2076.1279296875,2076.1279296875,0,0.0,0.0
2006-12-19 00:00:00+09:00,2000.2872314453125,2000.2872314453125,2000.2872314453125,2000.2872314453125,100,0.0,0.0
2006-12-20 00:00:00+09:00,2000.2871628534226,2000.2871628534226,1990.80712890625,1990.80712890625,700,0.0,0.0
2006-12-21 00:00:00+09:00,1990.80712890625,1990.80712890625,1990.80712890625,1990.80712890625,0,0.0,0.0
2006-12-22 00:00:00+09:00,1990.80712890625,1990.80712890625,1990.80712890625,1990.80712890625,0,0.0,0.0
2006-12-25 00:00:00+09:00,1924.4468994140625,1924.4468994140625,1924.4468994140625,1924.4468994140625,300,0.0,0.0
2006-12-26 00:00:00+09:00,1924.4468842311878,1924.4468842311878,1905.48681640625,1905.48681640625,500,0.0,0.0
2006-12-27 00:00:00+09:00,1914.9667810058593,1914.9667810058593,1896.0067138671875,1896.0067138671875,300,0.0,0.0
2006-12-28 00:00:00+09:00,1943.407011625299,1981.3271484375,1943.407011625299,1981.3271484375,200,0.0,0.0
2006-12-29 00:00:00+09:00,1981.3270949590774,1990.80712890625,1981.3270949590774,1990.80712890625,200,0.0,0.0
2007-01-04 00:00:00+09:00,1896.0067138671875,1896.0067138671875,1896.0067138671875,1896.0067138671875,100,0.0,0.0
2007-01-05 00:00:00+09:00,1896.0067138671875,1896.0067138671875,1896.0067138671875,1896.0067138671875,200,0.0,0.0
2007-01-09 00:00:00+09:00,1896.006840610048,1981.3271484375,1896.006840610048,1981.3271484375,200,0.0,0.0
2007-01-10 00:00:00+09:00,1981.3270949590774,1990.80712890625,1981.3270949590774,1990.80712890625,700,0.0,0.0
2007-01-11 00:00:00+09:00,1990.80712890625,1990.80712890625,1990.80712890625,1990.80712890625,0,0.0,0.0
2007-01-12 00:00:00+09:00,1981.3271484375,1981.3271484375,1981.3271484375,1981.3271484375,100,0.0,0.0
2007-01-15 00:00:00+09:00,1981.3271484375,1981.3271484375,1981.3271484375,1981.3271484375,0,0.0,0.0
2007-01-16 00:00:00+09:00,1981.3271484375,1981.3271484375,1981.3271484375,1981.3271484375,0,0.0,0.0
2007-01-17 00:00:00+09:00,2066.647705078125,2066.647705078125,2066.647705078125,2066.647705078125,100,0.0,0.0
2007-01-18 00:00:00+09:00,2047.6874028065756,2047.6874028065756,2000.2872314453125,2000.2872314453125,200,0.0,0.0
2007-01-19 00:00:00+09:00,2000.2872569260087,2000.2872569260087,1952.8870849609375,1952.8870849609375,200,0.0,0.0
2007-01-22 00:00:00+09:00,2000.2872314453125,2000.2872314453125,2000.2872314453125,2000.2872314453125,300,0.0,0.0
2007-01-23 00:00:00+09:00,2000.2872314453125,2000.2872314453125,2000.2872314453125,2000.2872314453125,400,0.0,0.0
2007-01-24 00:00:00+09:00,2000.2872314453125,2000.2872314453125,2000.2872314453125,2000.2872314453125,0,0.0,0.0
2007-01-25 00:00:00+09:00,2095.087646484375,2095.087646484375,2095.087646484375,2095.087646484375,100,0.0,0.0
2007-01-26 00:00:00+09:00,2095.087646484375,2095.087646484375,2095.087646484375,2095.087646484375,0,0.0,0.0
2007-01-29 00:00:00+09:00,2057.167236328125,2057.167236328125,2057.167236328125,2057.167236328125,100,0.0,0.0
2007-01-30 00:00:00+09:00,2114.0478515625,2114.0478515625,2114.0478515625,2114.0478515625,100,0.0,0.0
2007-01-31 00:00:00+09:00,2085.607421875,2085.607421875,2085.607421875,2085.607421875,100,0.0,0.0
2007-02-01 00:00:00+09:00,2085.607421875,2085.607421875,2085.607421875,2085.607421875,0,0.0,0.0
2007-02-02 00:00:00+09:00,2000.2871628534226,2000.2871628534226,1943.406959170387,1990.80712890625,800,0.0,0.0
2007-02-05 00:00:00+09:00,1971.8470610119048,1990.80712890625,1971.8470610119048,1990.80712890625,200,0.0,0.0
2007-02-06 00:00:00+09:00,1990.8070439877717,1990.8070439877717,1962.366943359375,1962.366943359375,200,0.0,0.0
2007-02-07 00:00:00+09:00,1962.366943359375,1962.366943359375,1962.366943359375,1962.366943359375,0,0.0,0.0
2007-02-08 00:00:00+09:00,1962.366943359375,1962.366943359375,1962.366943359375,1962.366943359375,0,0.0,0.0
2007-02-09 00:00:00+09:00,1981.3271484375,1990.8071826405503,1981.3271484375,1981.3271484375,700,0.0,0.0
2007-02-13 00:00:00+09:00,1990.80712890625,1990.80712890625,1990.80712890625,1990.80712890625,100,0.0,0.0
2007-02-14 00:00:00+09:00,1990.807398145444,2028.7275390625,1990.807398145444,2028.7275390625,1300,0.0,0.0
2007-02-15 00:00:00+09:00,2028.7275390625,2028.7275390625,2028.7275390625,2028.7275390625,0,0.0,0.0
2007-02-16 00:00:00+09:00,2028.7275390625,2028.7275390625,2028.7275390625,2028.7275390625,0,0.0,0.0
2007-02-19 00:00:00+09:00,1971.8470610119048,1990.80712890625,1971.8470610119048,1990.80712890625,600,0.0,0.0
2007-02-20 00:00:00+09:00,1990.80712890625,1990.80712890625,1990.80712890625,1990.80712890625,0,0.0,0.0
2007-02-21 00:00:00+09:00,1990.8071216184703,1990.8071216184703,1905.48681640625,1905.48681640625,200,0.0,0.0
2007-02-22 00:00:00+09:00,2019.2471923828125,2019.2471923828125,2019.2471923828125,2019.2471923828125,200,0.0,0.0
2007-02-23 00:00:00+09:00,2019.2471923828125,2019.2471923828125,2019.2471923828125,2019.2471923828125,0,0.0,0.0
2007-02-26 00:00:00+09:00,2019.2471923828125,2019.2471923828125,2019.2471923828125,2019.2471923828125,0,0.0,0.0
2007-02-27 00:00:00+09:00,1952.8870013758467,1952.8870013758467,1924.4468994140625,1924.4468994140625,600,0.0,0.0
2007-02-28 00:00:00+09:00,1914.9667810058593,1914.9667810058593,1896.0067138671875,1896.0067138671875,1300,0.0,0.0
2007-03-01 00:00:00+09:00,1896.0067138671875,1896.0067138671875,1896.0067138671875,1896.0067138671875,0,0.0,0.0
2007-03-02 00:00:00+09:00,1943.4068603515625,1943.4068603515625,1943.4068603515625,1943.4068603515625,200,0.0,0.0
2007-03-05 00:00:00+09:00,1896.0065745344066,1896.0065745344066,1877.0465087890625,1877.0465087890625,400,0.0,0.0
2007-03-06 00:00:00+09:00,1877.0465087890625,1877.0465087890625,1877.0465087890625,1877.0465087890625,0,0.0,0.0
2007-03-07 00:00:00+09:00,1877.0465087890625,1877.0465087890625,1877.0465087890625,1877.0465087890625,0,0.0,0.0
2007-03-08 00:00:00+09:00,1943.4068603515625,1943.4068603515625,1943.4068603515625,1943.4068603515625,400,0.0,0.0
2007-03-09 00:00:00+09:00,1943.4068603515625,1943.4068603515625,1943.4068603515625,1943.4068603515625,300,0.0,0.0
2007-03-12 00:00:00+09:00,1962.366943359375,1962.366943359375,1962.366943359375,1962.366943359375,100,0.0,0.0
2007-03-13 00:00:00+09:00,1962.366943359375,1962.366943359375,1962.366943359375,1962.366943359375,800,0.0,0.0
2007-03-14 00:00:00+09:00,1943.4068603515625,1943.4068603515625,1943.4068603515625,1943.4068603515625,100,0.0,0.0
2007-03-15 00:00:00+09:00,1943.4068603515625,1943.4068603515625,1943.4068603515625,1943.4068603515625,200,0.0,0.0
2007-03-16 00:00:00+09:00,1943.4068603515625,1943.4068603515625,1943.4068603515625,1943.4068603515625,300,0.0,0.0
2007-03-19 00:00:00+09:00,1943.4068603515625,1943.4068603515625,1943.4068603515625,1943.4068603515625,0,0.0,0.0
2007-03-20 00:00:00+09:00,1943.4068603515625,1943.4068603515625,1943.4068603515625,1943.4068603515625,0,0.0,0.0
2007-03-22 00:00:00+09:00,1905.4867474365233,1905.4867474365233,1896.0067138671875,1896.0067138671875,200,0.0,0.0
2007-03-23 00:00:00+09:00,1896.0067824937812,1905.48681640625,1896.0067824937812,1905.48681640625,200,0.0,0.0
2007-03-26 00:00:00+09:00,1943.4068603515625,1943.4068603515625,1943.4068603515625,1943.4068603515625,300,0.0,0.0
2007-03-27 00:00:00+09:00,1905.486884693108,1914.9669189453125,1905.486884693108,1914.9669189453125,200,0.0,0.0
2007-03-28 00:00:00+09:00,1914.9669189453125,1914.9669189453125,1914.9669189453125,1914.9669189453125,0,0.0,0.0
2007-03-29 00:00:00+09:00,1896.0067138671875,1896.0067138671875,1896.0067138671875,1896.0067138671875,100,0.0,0.0
2007-03-30 00:00:00+09:00,1914.9669189453125,1914.9669189453125,1914.9669189453125,1914.9669189453125,100,0.0,0.0
2007-04-02 00:00:00+09:00,1914.9669189453125,1914.9669189453125,1914.9669189453125,1914.9669189453125,0,0.0,0.0
2007-04-03 00:00:00+09:00,1896.0067138671875,1896.0067138671875,1896.0067138671875,1896.0067138671875,200,0.0,0.0
2007-04-04 00:00:00+09:00,1896.0067138671875,1896.0067138671875,1896.0067138671875,1896.0067138671875,0,0.0,0.0
2007-04-05 00:00:00+09:00,1867.5667724609375,1867.5667724609375,1867.5667724609375,1867.5667724609375,200,0.0,0.0
2007-04-06 00:00:00+09:00,1867.5667724609375,1867.5667724609375,1867.5667724609375,1867.5667724609375,0,0.0,0.0
2007-04-09 00:00:00+09:00,1867.5667724609375,1867.5667724609375,1867.5667724609375,1867.5667724609375,100,0.0,0.0
2007-04-10 00:00:00+09:00,1867.5667724609375,1867.5667724609375,1867.5667724609375,1867.5667724609375,0,0.0,0.0
2007-04-11 00:00:00+09:00,1867.5667724609375,1867.5667724609375,1867.5667724609375,1867.5667724609375,0,0.0,0.0
2007-04-12 00:00:00+09:00,1943.407050567923,1952.8870849609375,1943.407050567923,1952.8870849609375,500,0.0,0.0
2007-04-13 00:00:00+09:00,1952.8870849609375,1952.8870849609375,1952.8870849609375,1952.8870849609375,100,0.0,0.0
2007-04-16 00:00:00+09:00,1952.8870849609375,1952.8870849609375,1952.8870849609375,1952.8870849609375,0,0.0,0.0
2007-04-17 00:00:00+09:00,1952.8870849609375,1952.8870849609375,1952.8870849609375,1952.8870849609375,0,0.0,0.0
2007-04-18 00:00:00+09:00,1952.8870849609375,1952.8870849609375,1952.8870849609375,1952.8870849609375,0,0.0,0.0
2007-04-19 00:00:00+09:00,1952.8870849609375,1952.8870849609375,1952.8870849609375,1952.8870849609375,0,0.0,0.0
2007-04-20 00:00:00+09:00,1952.8870849609375,1952.8870849609375,1952.8870849609375,1952.8870849609375,0,0.0,0.0
2007-04-23 00:00:00+09:00,1952.8870849609375,1952.8870849609375,1952.8870849609375,1952.8870849609375,0,0.0,0.0
2007-04-24 00:00:00+09:00,1952.8870849609375,1952.8870849609375,1952.8870849609375,1952.8870849609375,0,0.0,0.0
2007-04-25 00:00:00+09:00,1952.8870849609375,1952.8870849609375,1952.8870849609375,1952.8870849609375,0,0.0,0.0
2007-04-26 00:00:00+09:00,1952.8870849609375,1952.8870849609375,1952.8870849609375,1952.8870849609375,0,0.0,0.0
2007-04-27 00:00:00+09:00,1933.9268481445313,1933.9268481445313,1896.0067138671875,1896.0067138671875,300,0.0,0.0
2007-05-01 00:00:00+09:00,1896.0067138671875,1896.0067138671875,1896.0067138671875,1896.0067138671875,0,0.0,0.0
2007-05-02 00:00:00+09:00,1896.0067138671875,1896.0067138671875,1896.0067138671875,1896.0067138671875,0,0.0,0.0
2007-05-07 00:00:00+09:00,1839.1263427734375,1839.1263427734375,1839.1263427734375,1839.1263427734375,100,0.0,0.0
2007-05-08 00:00:00+09:00,1829.646240234375,1829.646240234375,1829.646240234375,1829.646240234375,100,0.0,0.0
2007-05-09 00:00:00+09:00,1933.9267578125,1933.9267578125,1933.9267578125,1933.9267578125,100,0.0,0.0
2007-05-10 00:00:00+09:00,1933.9269181436568,1933.9269181436568,1810.686477281561,1905.48681640625,500,0.0,0.0
2007-05-11 00:00:00+09:00,1905.48681640625,1905.48681640625,1905.48681640625,1905.48681640625,0,0.0,0.0
2007-05-14 00:00:00+09:00,1829.6463444257024,1877.0465087890625,1829.6463444257024,1877.0465087890625,200,0.0,0.0
2007-05-15 00:00:00+09:00,1877.0465087890625,1877.0465087890625,1877.0465087890625,1877.0465087890625,0,0.0,0.0
2007-05-16 00:00:00+09:00,1877.0465087890625,1877.0465087890625,1877.0465087890625,1877.0465087890625,0,0.0,0.0
2007-05-17 00:00:00+09:00,1877.0465087890625,1877.0465087890625,1877.0465087890625,1877.0465087890625,100,0.0,0.0
2007-05-18 00:00:00+09:00,1839.1263427734375,1839.1263427734375,1839.1263427734375,1839.1263427734375,200,0.0,0.0
2007-05-21 00:00:00+09:00,1839.1263427734375,1839.1263427734375,1839.1263427734375,1839.1263427734375,100,0.0,0.0
2007-05-22 00:00:00+09:00,1839.1263427734375,1839.1263427734375,1839.1263427734375,1839.1263427734375,0,0.0,0.0
2007-05-23 00:00:00+09:00,1839.1263427734375,1839.1263427734375,1839.1263427734375,1839.1263427734375,0,0.0,0.0
2007-05-24 00:00:00+09:00,1839.1263427734375,1839.1263427734375,1839.1263427734375,1839.1263427734375,0,0.0,0.0
2007-05-25 00:00:00+09:00,1858.086669921875,1858.086669921875,1858.086669921875,1858.086669921875,100,0.0,0.0
2007-05-28 00:00:00+09:00,1858.086669921875,1858.086669921875,1858.086669921875,1858.086669921875,0,0.0,0.0
2007-05-29 00:00:00+09:00,1858.086669921875,1858.086669921875,1858.086669921875,1858.086669921875,0,0.0,0.0
2007-05-30 00:00:00+09:00,1858.086669921875,1858.086669921875,1858.086669921875,1858.086669921875,0,0.0,0.0
2007-05-31 00:00:00+09:00,1896.0070688790138,2066.647705078125,1896.0070688790138,2066.647705078125,1000,0.0,0.0
2007-06-01 00:00:00+09:00,2066.647705078125,2066.647705078125,2066.647705078125,2066.647705078125,0,0.0,0.0
2007-06-04 00:00:00+09:00,1820.1666259765625,1820.1666259765625,1820.1666259765625,1820.1666259765625,100,0.0,0.0
2007-06-05 00:00:00+09:00,1820.166365131579,1820.166365131579,1801.206298828125,1801.206298828125,200,0.0,0.0
2007-06-06 00:00:00+09:00,1896.0067138671875,1896.0067138671875,1896.0067138671875,1896.0067138671875,100,0.0,0.0
2007-06-07 00:00:00+09:00,1896.0067138671875,1896.0067138671875,1896.0067138671875,1896.0067138671875,0,0.0,0.0
2007-06-08 00:00:00+09:00,1962.366943359375,1962.366943359375,1962.366943359375,1962.366943359375,100,0.0,0.0
2007-06-11 00:00:00+09:00,1952.8869859685947,1952.8869859685947,1905.48681640625,1905.48681640625,1500,0.0,0.0
2007-06-12 00:00:00+09:00,1905.4868649787304,1905.4868649787304,1810.6865234375,1810.6865234375,200,0.0,0.0
2007-06-13 00:00:00+09:00,1810.6865234375,1810.6865234375,1810.6865234375,1810.6865234375,200,0.0,0.0
2007-06-14 00:00:00+09:00,1801.2061585771278,1801.2061585771278,1782.24609375,1782.24609375,300,0.0,0.0
2007-06-15 00:00:00+09:00,1782.24609375,1782.24609375,1782.24609375,1782.24609375,500,0.0,0.0
2007-06-18 00:00:00+09:00,1782.24609375,1782.24609375,1782.24609375,1782.24609375,0,0.0,0.0
2007-06-19 00:00:00+09:00,1801.206298828125,1801.206298828125,1801.206298828125,1801.206298828125,100,0.0,0.0
2007-06-20 00:00:00+09:00,1782.2464002821182,1782.2464002821182,1706.4061279296875,1706.4061279296875,1000,0.0,0.0
2007-06-21 00:00:00+09:00,1725.3662648912293,1725.3662648912293,1715.88623046875,1715.88623046875,600,0.0,0.0
2007-06-22 00:00:00+09:00,1715.8860057484019,1715.8860057484019,1668.48583984375,1668.48583984375,500,0.0,0.0
2007-06-25 00:00:00+09:00,1744.326171875,1744.326171875,1734.8461383322012,1744.326171875,400,0.0,0.0
2007-06-26 00:00:00+09:00,1696.9260709195523,1753.8062744140625,1696.9260709195523,1753.8062744140625,300,0.0,0.0
2007-06-27 00:00:00+09:00,1706.4061279296875,1706.4061279296875,1706.4061279296875,1706.4061279296875,100,0.0,0.0
2007-06-28 00:00:00+09:00,1753.8062981499568,1753.8062981499568,1706.4061279296875,1706.4061279296875,500,0.0,0.0
2007-06-29 00:00:00+09:00,1820.1665783898304,1820.1665783898304,1677.966064453125,1677.966064453125,600,0.0,0.0
2007-07-02 00:00:00+09:00,1753.8062744140625,1753.8062744140625,1715.8861387510558,1753.8062744140625,400,0.0,0.0
2007-07-03 00:00:00+09:00,1753.8063681586673,1753.8063681586673,1706.4061960462707,1715.88623046875,700,0.0,0.0
2007-07-04 00:00:00+09:00,1715.88623046875,1715.88623046875,1715.88623046875,1715.88623046875,0,0.0,0.0
2007-07-05 00:00:00+09:00,1753.806289428058,1772.766357421875,1753.806289428058,1772.766357421875,400,0.0,0.0
2007-07-06 00:00:00+09:00,1772.766357421875,1772.766357421875,1772.766357421875,1772.766357421875,0,0.0,0.0
2007-07-09 00:00:00+09:00,1763.2860289228724,1782.24609375,1763.2860289228724,1782.24609375,500,0.0,0.0
2007-07-10 00:00:00+09:00,1782.2464493189104,1848.606689453125,1782.2464493189104,1848.606689453125,1100,0.0,0.0
2007-07-11 00:00:00+09:00,1801.2064439928208,1801.2064439928208,1753.8062744140625,1753.8062744140625,800,0.0,0.0
2007-07-12 00:00:00+09:00,1753.8062744140625,1753.8062744140625,1753.8062744140625,1753.8062744140625,0,0.0,0.0
2007-07-13 00:00:00+09:00,1744.326171875,1744.326171875,1744.326171875,1744.326171875,100,0.0,0.0
2007-07-17 00:00:00+09:00,1744.326171875,1744.326171875,1744.326171875,1744.326171875,200,0.0,0.0
2007-07-18 00:00:00+09:00,1715.8861619737413,1715.8861619737413,1706.4061279296875,1706.4061279296875,700,0.0,0.0
2007-07-19 00:00:00+09:00,1706.4061279296875,1706.4061279296875,1706.4061279296875,1706.4061279296875,100,0.0,0.0
2007-07-20 00:00:00+09:00,1668.48583984375,1668.48583984375,1668.48583984375,1668.48583984375,200,0.0,0.0
2007-07-23 00:00:00+09:00,1668.4857523482658,1668.4857523482658,1640.045654296875,1640.045654296875,200,0.0,0.0
2007-07-24 00:00:00+09:00,1659.0059814453125,1659.0059814453125,1659.0059814453125,1659.0059814453125,200,0.0,0.0
2007-07-25 00:00:00+09:00,1659.0059814453125,1659.0059814453125,1659.0059814453125,1659.0059814453125,300,0.0,0.0
2007-07-26 00:00:00+09:00,1677.966064453125,1677.966064453125,1677.966064453125,1677.966064453125,100,0.0,0.0
2007-07-27 00:00:00+09:00,1659.0059814453125,1659.0059814453125,1659.0059814453125,1659.0059814453125,200,0.0,0.0
2007-07-30 00:00:00+09:00,1659.0059814453125,1659.0059814453125,1659.0059814453125,1659.0059814453125,100,0.0,0.0
2007-07-31 00:00:00+09:00,1649.525634765625,1649.525634765625,1640.0456023819145,1649.525634765625,300,0.0,0.0
2007-08-01 00:00:00+09:00,1649.525634765625,1649.525634765625,1649.525634765625,1649.525634765625,0,0.0,0.0
2007-08-02 00:00:00+09:00,1659.005943041169,1687.446044921875,1659.005943041169,1687.446044921875,200,0.0,0.0
2007-08-03 00:00:00+09:00,1687.446044921875,1687.446044921875,1687.446044921875,1687.446044921875,0,0.0,0.0
2007-08-06 00:00:00+09:00,1659.0059814453125,1659.0059814453125,1659.0059814453125,1659.0059814453125,200,0.0,0.0
2007-08-07 00:00:00+09:00,1659.0059814453125,1659.0059814453125,1659.0059814453125,1659.0059814453125,0,0.0,0.0
2007-08-08 00:00:00+09:00,1668.486015625,1668.486015625,1659.0059814453125,1659.0059814453125,200,0.0,0.0
2007-08-09 00:00:00+09:00,1687.446044921875,1687.446044921875,1687.446044921875,1687.446044921875,100,0.0,0.0
2007-08-10 00:00:00+09:00,1687.446044921875,1687.446044921875,1687.446044921875,1687.446044921875,800,0.0,0.0
2007-08-13 00:00:00+09:00,1687.446044921875,1687.446044921875,1687.446044921875,1687.446044921875,0,0.0,0.0
2007-08-14 00:00:00+09:00,1659.00588091682,1659.00588091682,1611.605712890625,1611.605712890625,300,0.0,0.0
2007-08-15 00:00:00+09:00,1611.605712890625,1611.605712890625,1611.605712890625,1611.605712890625,0,0.0,0.0
2007-08-16 00:00:00+09:00,1374.6048033471202,1450.445068359375,1374.6048033471202,1450.445068359375,300,0.0,0.0
2007-08-17 00:00:00+09:00,1422.0048828125,1422.0048828125,1422.0048828125,1422.0048828125,200,0.0,0.0
2007-08-20 00:00:00+09:00,1431.4848970980258,1431.4848970980258,1403.0447998046875,1403.0447998046875,500,0.0,0.0
2007-08-21 00:00:00+09:00,1403.0447998046875,1403.0447998046875,1403.0447998046875,1403.0447998046875,0,0.0,0.0
2007-08-22 00:00:00+09:00,1403.0447998046875,1403.0447998046875,1403.0447998046875,1403.0447998046875,0,0.0,0.0
2007-08-23 00:00:00+09:00,1450.4449351917613,1564.205322265625,1450.4449351917613,1564.205322265625,600,0.0,0.0
2007-08-24 00:00:00+09:00,1602.12548828125,1602.12548828125,1602.12548828125,1602.12548828125,200,0.0,0.0
2007-08-27 00:00:00+09:00,1592.6456298828125,1592.6456298828125,1592.6456298828125,1592.6456298828125,200,0.0,0.0
2007-08-28 00:00:00+09:00,1592.6456298828125,1592.6456298828125,1592.6456298828125,1592.6456298828125,100,0.0,0.0
2007-08-29 00:00:00+09:00,1659.0059814453125,1659.0059814453125,1659.0059814453125,1659.0059814453125,200,0.0,0.0
2007-08-30 00:00:00+09:00,1659.0059814453125,1659.0059814453125,1659.0059814453125,1659.0059814453125,0,0.0,0.0
2007-08-31 00:00:00+09:00,1459.9249267578125,1459.9249267578125,1459.9249267578125,1459.9249267578125,300,0.0,0.0
2007-09-03 00:00:00+09:00,1649.525634765625,1649.525634765625,1649.525634765625,1649.525634765625,100,0.0,0.0
2007-09-04 00:00:00+09:00,1478.8852326766305,1526.285400390625,1478.8852326766305,1526.285400390625,200,0.0,0.0
2007-09-05 00:00:00+09:00,1526.285400390625,1526.285400390625,1526.285400390625,1526.285400390625,0,0.0,0.0
2007-09-06 00:00:00+09:00,1526.285400390625,1526.285400390625,1526.285400390625,1526.285400390625,0,0.0,0.0
2007-09-07 00:00:00+09:00,1545.2455712890626,1659.0059814453125,1526.2855029296875,1659.0059814453125,500,0.0,0.0
2007-09-10 00:00:00+09:00,1744.326171875,1744.326171875,1744.326171875,1744.326171875,800,0.0,0.0
2007-09-11 00:00:00+09:00,1744.326171875,1744.326171875,1744.326171875,1744.326171875,500,0.0,0.0
2007-09-12 00:00:00+09:00,1659.0059814453125,1659.0059814453125,1659.0059814453125,1659.0059814453125,100,0.0,0.0
2007-09-13 00:00:00+09:00,1659.0059814453125,1659.0059814453125,1659.0059814453125,1659.0059814453125,0,0.0,0.0
2007-09-14 00:00:00+09:00,1659.0059814453125,1659.0059814453125,1659.0059814453125,1659.0059814453125,300,0.0,0.0
2007-09-18 00:00:00+09:00,1659.0059814453125,1659.0059814453125,1659.0059814453125,1659.0059814453125,400,0.0,0.0
2007-09-19 00:00:00+09:00,1753.8062744140625,1753.8062744140625,1753.8062744140625,1753.8062744140625,400,0.0,0.0
2007-09-20 00:00:00+09:00,1753.8062744140625,1753.8062744140625,1753.8062744140625,1753.8062744140625,200,0.0,0.0
2007-09-21 00:00:00+09:00,1753.8062744140625,1753.8062744140625,1753.8062744140625,1753.8062744140625,0,0.0,0.0
2007-09-25 00:00:00+09:00,1734.8460693359375,1734.8460693359375,1734.8460693359375,1734.8460693359375,100,0.0,0.0
2007-09-26 00:00:00+09:00,1734.8460693359375,1734.8460693359375,1734.8460693359375,1734.8460693359375,0,0.0,0.0
2007-09-27 00:00:00+09:00,1734.8460693359375,1734.8460693359375,1734.8460693359375,1734.8460693359375,0,0.0,0.0
2007-09-28 00:00:00+09:00,1706.4061279296875,1706.4061279296875,1706.4061279296875,1706.4061279296875,200,0.0,0.0
2007-10-01 00:00:00+09:00,1706.4061279296875,1706.4061279296875,1706.4061279296875,1706.4061279296875,0,0.0,0.0
2007-10-02 00:00:00+09:00,1554.7255859375,1554.7255859375,1554.7255859375,1554.7255859375,100,0.0,0.0
2007-10-03 00:00:00+09:00,1516.8052978515625,1516.8052978515625,1516.8052978515625,1516.8052978515625,100,0.0,0.0
2007-10-04 00:00:00+09:00,1516.8052978515625,1516.8052978515625,1516.8052978515625,1516.8052978515625,0,0.0,0.0
2007-10-05 00:00:00+09:00,1516.8052978515625,1516.8052978515625,1516.8052978515625,1516.8052978515625,0,0.0,0.0
2007-10-09 00:00:00+09:00,1516.8052978515625,1516.8052978515625,1516.8052978515625,1516.8052978515625,0,0.0,0.0
2007-10-10 00:00:00+09:00,1630.5657958984375,1630.5657958984375,1630.5657958984375,1630.5657958984375,200,0.0,0.0
2007-10-11 00:00:00+09:00,1630.5657958984375,1630.5657958984375,1630.5657958984375,1630.5657958984375,0,0.0,0.0
2007-10-12 00:00:00+09:00,1630.5657958984375,1630.5657958984375,1630.5657958984375,1630.5657958984375,0,0.0,0.0
2007-10-15 00:00:00+09:00,1630.5657958984375,1630.5657958984375,1630.5657958984375,1630.5657958984375,0,0.0,0.0
2007-10-16 00:00:00+09:00,1640.0459130859374,1659.0059814453125,1640.0459130859374,1659.0059814453125,300,0.0,0.0
2007-10-17 00:00:00+09:00,1659.0059814453125,1659.0059814453125,1659.0059814453125,1659.0059814453125,0,0.0,0.0
2007-10-18 00:00:00+09:00,1753.8062744140625,1753.8062744140625,1753.8062744140625,1753.8062744140625,400,0.0,0.0
2007-10-19 00:00:00+09:00,1753.8062744140625,1753.8062744140625,1753.8062744140625,1753.8062744140625,0,0.0,0.0
2007-10-22 00:00:00+09:00,1753.8062744140625,1753.8062744140625,1753.8062744140625,1753.8062744140625,0,0.0,0.0
2007-10-23 00:00:00+09:00,1488.365234375,1488.365234375,1488.365234375,1488.365234375,100,0.0,0.0
2007-10-24 00:00:00+09:00,1488.365234375,1488.365234375,1488.365234375,1488.365234375,0,0.0,0.0
2007-10-25 00:00:00+09:00,1478.8851318359375,1478.8851318359375,1478.8851318359375,1478.8851318359375,200,0.0,0.0
2007-10-26 00:00:00+09:00,1478.8851318359375,1478.8851318359375,1478.8851318359375,1478.8851318359375,0,0.0,0.0
2007-10-29 00:00:00+09:00,1478.8851318359375,1478.8851318359375,1478.8851318359375,1478.8851318359375,100,0.0,0.0
2007-10-30 00:00:00+09:00,1573.685546875,1573.685546875,1573.685546875,1573.685546875,200,0.0,0.0
2007-10-31 00:00:00+09:00,1431.484830782011,1459.9249267578125,1431.484830782011,1459.9249267578125,300,0.0,0.0
2007-11-01 00:00:00+09:00,1478.8851318359375,1478.8851318359375,1478.8851318359375,1478.8851318359375,100,0.0,0.0
2007-11-02 00:00:00+09:00,1478.8851318359375,1478.8851318359375,1478.8851318359375,1478.8851318359375,0,0.0,0.0
2007-11-05 00:00:00+09:00,1478.8851318359375,1478.8851318359375,1478.8851318359375,1478.8851318359375,0,0.0,0.0
2007-11-06 00:00:00+09:00,1478.8851318359375,1478.8851318359375,1478.8851318359375,1478.8851318359375,0,0.0,0.0
2007-11-07 00:00:00+09:00,1478.8851318359375,1478.8851318359375,1478.8851318359375,1478.8851318359375,0,0.0,0.0
2007-11-08 00:00:00+09:00,1478.8851318359375,1478.8851318359375,1478.8851318359375,1478.8851318359375,0,0.0,0.0
2007-11-09 00:00:00+09:00,1564.2054634094238,1611.6056289672852,1516.8052978515625,1516.8052978515625,300,0.0,0.0
2007-11-12 00:00:00+09:00,1516.8052978515625,1516.8052978515625,1516.8052978515625,1516.8052978515625,400,0.0,0.0
2007-11-13 00:00:00+09:00,1516.8052978515625,1516.8052978515625,1516.8052978515625,1516.8052978515625,100,0.0,0.0
2007-11-14 00:00:00+09:00,1516.8052978515625,1516.8052978515625,1516.8052978515625,1516.8052978515625,100,0.0,0.0
2007-11-15 00:00:00+09:00,1602.12548828125,1602.12548828125,1602.12548828125,1602.12548828125,100,0.0,0.0
2007-11-16 00:00:00+09:00,1611.605712890625,1611.605712890625,1611.605712890625,1611.605712890625,100,0.0,0.0
2007-11-19 00:00:00+09:00,1611.605712890625,1611.605712890625,1611.605712890625,1611.605712890625,0,0.0,0.0
2007-11-20 00:00:00+09:00,1611.605712890625,1611.605712890625,1611.605712890625,1611.605712890625,0,0.0,0.0
2007-11-21 00:00:00+09:00,1516.8053175403227,1516.8053175403227,1469.4051513671875,1469.4051513671875,300,0.0,0.0
2007-11-22 00:00:00+09:00,1469.4051513671875,1469.4051513671875,1469.4051513671875,1469.4051513671875,0,0.0,0.0
2007-11-26 00:00:00+09:00,1469.4051513671875,1469.4051513671875,1469.4051513671875,1469.4051513671875,0,0.0,0.0
2007-11-27 00:00:00+09:00,1469.4051513671875,1469.4051513671875,1469.4051513671875,1469.4051513671875,0,0.0,0.0
2007-11-28 00:00:00+09:00,1469.4051513671875,1469.4051513671875,1469.4051513671875,1469.4051513671875,0,0.0,0.0
2007-11-29 00:00:00+09:00,1469.4051513671875,1469.4051513671875,1469.4051513671875,1469.4051513671875,0,0.0,0.0
2007-11-30 00:00:00+09:00,1516.8052978515625,1516.8052978515625,1516.8052978515625,1516.8052978515625,200,0.0,0.0
2007-12-03 00:00:00+09:00,1516.8052978515625,1516.8052978515625,1516.8052978515625,1516.8052978515625,0,0.0,0.0
2007-12-04 00:00:00+09:00,1516.8052978515625,1516.8052978515625,1516.8052978515625,1516.8052978515625,0,0.0,0.0
2007-12-05 00:00:00+09:00,1516.8052978515625,1516.8052978515625,1516.8052978515625,1516.8052978515625,0,0.0,0.0
2007-12-06 00:00:00+09:00,1516.8052978515625,1516.8052978515625,1516.8052978515625,1516.8052978515625,0,0.0,0.0
2007-12-07 00:00:00+09:00,1564.205322265625,1564.205322265625,1564.205322265625,1564.205322265625,100,0.0,0.0
2007-12-10 00:00:00+09:00,1564.205322265625,1564.205322265625,1564.205322265625,1564.205322265625,900,0.0,0.0
2007-12-11 00:00:00+09:00,1564.205322265625,1564.205322265625,1564.205322265625,1564.205322265625,0,0.0,0.0
2007-12-12 00:00:00+09:00,1564.205322265625,1564.205322265625,1564.205322265625,1564.205322265625,100,0.0,0.0
2007-12-13 00:00:00+09:00,1497.8450964725378,1564.205322265625,1497.8450964725378,1564.205322265625,300,0.0,0.0
2007-12-14 00:00:00+09:00,1564.205322265625,1564.205322265625,1564.205322265625,1564.205322265625,100,0.0,0.0
2007-12-17 00:00:00+09:00,1422.0048828125,1422.0048828125,1422.0048828125,1422.0048828125,300,0.0,0.0
2007-12-18 00:00:00+09:00,1488.365234375,1488.365234375,1488.365234375,1488.365234375,100,0.0,0.0
2007-12-19 00:00:00+09:00,1488.365234375,1488.365234375,1488.365234375,1488.365234375,0,0.0,0.0
2007-12-20 00:00:00+09:00,1469.4051513671875,1469.4051513671875,1469.4051513671875,1469.4051513671875,100,0.0,0.0
2007-12-21 00:00:00+09:00,1469.4051513671875,1469.4051513671875,1469.4051513671875,1469.4051513671875,0,0.0,0.0
2007-12-25 00:00:00+09:00,1545.24560546875,1545.24560546875,1545.24560546875,1545.24560546875,100,0.0,0.0
2007-12-26 00:00:00+09:00,1545.24560546875,1545.24560546875,1545.24560546875,1545.24560546875,100,0.0,0.0
2007-12-27 00:00:00+09:00,1459.9249674479167,1564.205322265625,1459.9249674479167,1564.205322265625,300,0.0,0.0
2007-12-28 00:00:00+09:00,1564.205322265625,1564.205322265625,1564.205322265625,1564.205322265625,100,0.0,0.0
2008-01-04 00:00:00+09:00,1564.205322265625,1564.205322265625,1564.205322265625,1564.205322265625,0,0.0,0.0
2008-01-07 00:00:00+09:00,1564.205322265625,1564.205322265625,1564.205322265625,1564.205322265625,0,0.0,0.0
2008-01-08 00:00:00+09:00,1602.12548828125,1602.12548828125,1602.12548828125,1602.12548828125,100,0.0,0.0
2008-01-09 00:00:00+09:00,1431.4849037305844,1602.12548828125,1431.4849037305844,1602.12548828125,200,0.0,0.0
2008-01-10 00:00:00+09:00,1602.125679285386,1611.605712890625,1602.125679285386,1611.605712890625,700,0.0,0.0
2008-01-11 00:00:00+09:00,1611.605712890625,1611.605712890625,1611.605712890625,1611.605712890625,0,0.0,0.0
2008-01-15 00:00:00+09:00,1469.4051513671875,1469.4051513671875,1469.4051513671875,1469.4051513671875,200,0.0,0.0
2008-01-16 00:00:00+09:00,1431.4849153645832,1431.4849153645832,1422.0048828125,1422.0048828125,200,0.0,0.0
2008-01-17 00:00:00+09:00,1422.0048828125,1422.0048828125,1422.0048828125,1422.0048828125,100,0.0,0.0
2008-01-18 00:00:00+09:00,1279.8048095703125,1279.8048095703125,1279.8048095703125,1279.8048095703125,100,0.0,0.0
2008-01-21 00:00:00+09:00,1289.28466796875,1289.28466796875,1289.28466796875,1289.28466796875,100,0.0,0.0
2008-01-22 00:00:00+09:00,1289.28466796875,1289.28466796875,1289.28466796875,1289.28466796875,0,0.0,0.0
2008-01-23 00:00:00+09:00,1289.2848451967593,1289.2848451967593,1279.8048095703125,1279.8048095703125,400,0.0,0.0
2008-01-24 00:00:00+09:00,1526.285400390625,1526.285400390625,1526.285400390625,1526.285400390625,100,0.0,0.0
2008-01-25 00:00:00+09:00,1640.045813706342,1640.045813706342,1611.605712890625,1611.605712890625,400,0.0,0.0
2008-01-28 00:00:00+09:00,1611.605712890625,1611.605712890625,1611.605712890625,1611.605712890625,0,0.0,0.0
2008-01-29 00:00:00+09:00,1611.605712890625,1611.605712890625,1611.605712890625,1611.605712890625,0,0.0,0.0
2008-01-30 00:00:00+09:00,1611.605712890625,1611.605712890625,1611.605712890625,1611.605712890625,0,0.0,0.0
2008-01-31 00:00:00+09:00,1365.1247751798562,1412.5249409847122,1317.724609375,1317.724609375,400,0.0,0.0
2008-02-01 00:00:00+09:00,1346.164757879849,1374.6048583984375,1346.164757879849,1374.6048583984375,200,0.0,0.0
2008-02-04 00:00:00+09:00,1355.644775390625,1355.644775390625,1355.644775390625,1355.644775390625,100,0.0,0.0
2008-02-05 00:00:00+09:00,1355.644775390625,1355.644775390625,1355.644775390625,1355.644775390625,0,0.0,0.0
2008-02-06 00:00:00+09:00,1355.644775390625,1355.644775390625,1355.644775390625,1355.644775390625,0,0.0,0.0
2008-02-07 00:00:00+09:00,1355.644775390625,1355.644775390625,1355.644775390625,1355.644775390625,0,0.0,0.0
2008-02-08 00:00:00+09:00,1374.6048583984375,1374.6048583984375,1374.6048583984375,1374.6048583984375,400,0.0,0.0
2008-02-12 00:00:00+09:00,1374.6048583984375,1374.6048583984375,1374.6048583984375,1374.6048583984375,1000,0.0,0.0
2008-02-13 00:00:00+09:00,1374.6048583984375,1374.6048583984375,1374.6048583984375,1374.6048583984375,100,0.0,0.0
2008-02-14 00:00:00+09:00,1374.6048583984375,1374.6048583984375,1374.6048583984375,1374.6048583984375,0,0.0,0.0
2008-02-15 00:00:00+09:00,1374.6048583984375,1374.6048583984375,1374.6048583984375,1374.6048583984375,0,0.0,0.0
2008-02-18 00:00:00+09:00,1412.5247802734375,1412.5247802734375,1412.5247802734375,1412.5247802734375,200,0.0,0.0
2008-02-19 00:00:00+09:00,1412.5247802734375,1412.5247802734375,1412.5247802734375,1412.5247802734375,0,0.0,0.0
2008-02-20 00:00:00+09:00,1422.0049851940526,1469.4051513671875,1422.0049851940526,1469.4051513671875,200,0.0,0.0
2008-02-21 00:00:00+09:00,1469.4051513671875,1469.4051513671875,1469.4051513671875,1469.4051513671875,0,0.0,0.0
2008-02-22 00:00:00+09:00,1469.4051513671875,1469.4051513671875,1469.4051513671875,1469.4051513671875,0,0.0,0.0
2008-02-25 00:00:00+09:00,1469.4051513671875,1469.4051513671875,1469.4051513671875,1469.4051513671875,200,0.0,0.0
2008-02-26 00:00:00+09:00,1469.4051513671875,1469.4051513671875,1469.4051513671875,1469.4051513671875,0,0.0,0.0
2008-02-27 00:00:00+09:00,1469.4051513671875,1469.4051513671875,1469.4051513671875,1469.4051513671875,400,0.0,0.0
2008-02-28 00:00:00+09:00,1431.4849853515625,1431.4849853515625,1431.4849853515625,1431.4849853515625,100,0.0,0.0
2008-02-29 00:00:00+09:00,1431.4849853515625,1431.4849853515625,1431.4849853515625,1431.4849853515625,0,0.0,0.0
2008-03-03 00:00:00+09:00,1431.4849853515625,1431.4849853515625,1431.4849853515625,1431.4849853515625,0,0.0,0.0
2008-03-04 00:00:00+09:00,1659.0059814453125,1659.0059814453125,1659.0059814453125,1659.0059814453125,100,0.0,0.0
2008-03-05 00:00:00+09:00,1507.3251953125,1507.3251953125,1507.3251953125,1507.3251953125,100,0.0,0.0
2008-03-06 00:00:00+09:00,1659.0059814453125,1659.0059814453125,1659.0059814453125,1659.0059814453125,300,0.0,0.0
2008-03-07 00:00:00+09:00,1516.8052978515625,1516.8052978515625,1516.8052978515625,1516.8052978515625,100,0.0,0.0
2008-03-10 00:00:00+09:00,1516.8052978515625,1516.8052978515625,1516.8052978515625,1516.8052978515625,700,0.0,0.0
2008-03-11 00:00:00+09:00,1516.8052978515625,1516.8052978515625,1516.8052978515625,1516.8052978515625,0,0.0,0.0
2008-03-12 00:00:00+09:00,1516.8052978515625,1516.8052978515625,1516.8052978515625,1516.8052978515625,0,0.0,0.0
2008-03-13 00:00:00+09:00,1516.8052978515625,1516.8052978515625,1516.8052978515625,1516.8052978515625,0,0.0,0.0
2008-03-14 00:00:00+09:00,1516.8052978515625,1516.8052978515625,1516.8052978515625,1516.8052978515625,0,0.0,0.0
2008-03-17 00:00:00+09:00,1516.8052978515625,1516.8052978515625,1516.8052978515625,1516.8052978515625,100,0.0,0.0
2008-03-18 00:00:00+09:00,1516.8052978515625,1516.8052978515625,1516.8052978515625,1516.8052978515625,0,0.0,0.0
2008-03-19 00:00:00+09:00,1573.685546875,1573.685546875,1573.685546875,1573.685546875,100,0.0,0.0
2008-03-21 00:00:00+09:00,1573.6854965209961,1573.6854965209961,1516.8052978515625,1516.8052978515625,400,0.0,0.0
2008-03-24 00:00:00+09:00,1649.525634765625,1649.525634765625,1649.525634765625,1649.525634765625,100,0.0,0.0
2008-03-25 00:00:00+09:00,1649.525686980672,1649.525686980672,1640.045654296875,1640.045654296875,300,0.0,0.0
2008-03-26 00:00:00+09:00,1640.045654296875,1640.045654296875,1640.045654296875,1640.045654296875,0,0.0,0.0
2008-03-27 00:00:00+09:00,1640.045654296875,1640.045654296875,1640.045654296875,1640.045654296875,0,0.0,0.0
2008-03-28 00:00:00+09:00,1611.6056498865928,1611.6056498865928,1469.4051513671875,1469.4051513671875,200,0.0,0.0
2008-03-31 00:00:00+09:00,1602.12548828125,1602.12548828125,1602.12548828125,1602.12548828125,200,0.0,0.0
2008-04-01 00:00:00+09:00,1602.12548828125,1602.12548828125,1602.12548828125,1602.12548828125,0,0.0,0.0
2008-04-02 00:00:00+09:00,1602.12548828125,1602.12548828125,1602.12548828125,1602.12548828125,100,0.0,0.0
2008-04-03 00:00:00+09:00,1602.12548828125,1602.12548828125,1602.12548828125,1602.12548828125,0,0.0,0.0
2008-04-04 00:00:00+09:00,1602.12548828125,1602.12548828125,1602.12548828125,1602.12548828125,0,0.0,0.0
2008-04-07 00:00:00+09:00,1602.12548828125,1602.12548828125,1602.12548828125,1602.12548828125,0,0.0,0.0
2008-04-08 00:00:00+09:00,1602.12548828125,1602.12548828125,1602.12548828125,1602.12548828125,0,0.0,0.0
2008-04-09 00:00:00+09:00,1602.12548828125,1602.12548828125,1602.12548828125,1602.12548828125,0,0.0,0.0
2008-04-10 00:00:00+09:00,1602.12548828125,1602.12548828125,1602.12548828125,1602.12548828125,800,0.0,0.0
2008-04-11 00:00:00+09:00,1602.12548828125,1602.12548828125,1602.12548828125,1602.12548828125,0,0.0,0.0
2008-04-14 00:00:00+09:00,1459.9249267578125,1459.9249267578125,1459.9249267578125,1459.9249267578125,100,0.0,0.0
2008-04-15 00:00:00+09:00,1459.9249267578125,1459.9249267578125,1459.9249267578125,1459.9249267578125,0,0.0,0.0
2008-04-16 00:00:00+09:00,1459.9249267578125,1459.9249267578125,1459.9249267578125,1459.9249267578125,0,0.0,0.0
2008-04-17 00:00:00+09:00,1459.9249267578125,1459.9249267578125,1459.9249267578125,1459.9249267578125,0,0.0,0.0
2008-04-18 00:00:00+09:00,1459.9249267578125,1459.9249267578125,1459.9249267578125,1459.9249267578125,0,0.0,0.0
2008-04-21 00:00:00+09:00,1459.9249267578125,1459.9249267578125,1459.9249267578125,1459.9249267578125,0,0.0,0.0
2008-04-22 00:00:00+09:00,1459.9249267578125,1459.9249267578125,1459.9249267578125,1459.9249267578125,0,0.0,0.0
2008-04-23 00:00:00+09:00,1459.9249267578125,1459.9249267578125,1459.9249267578125,1459.9249267578125,0,0.0,0.0
2008-04-24 00:00:00+09:00,1422.0048828125,1422.0048828125,1422.0048828125,1422.0048828125,100,0.0,0.0
2008-04-25 00:00:00+09:00,1374.6048583984375,1374.6048583984375,1374.6048583984375,1374.6048583984375,100,0.0,0.0
2008-04-28 00:00:00+09:00,1355.644775390625,1355.644775390625,1355.644775390625,1355.644775390625,100,0.0,0.0
2008-04-30 00:00:00+09:00,1422.0048828125,1422.0048828125,1336.68458984375,1422.0048828125,700,0.0,0.0
2008-05-01 00:00:00+09:00,1355.6446376491238,1403.0447998046875,1355.6446376491238,1403.0447998046875,200,0.0,0.0
2008-05-02 00:00:00+09:00,1403.0447998046875,1403.0447998046875,1403.0447998046875,1403.0447998046875,0,0.0,0.0
2008-05-07 00:00:00+09:00,1403.0447998046875,1403.0447998046875,1403.0447998046875,1403.0447998046875,0,0.0,0.0
2008-05-08 00:00:00+09:00,1403.0447998046875,1403.0447998046875,1403.0447998046875,1403.0447998046875,0,0.0,0.0
2008-05-09 00:00:00+09:00,1422.0048828125,1422.0048828125,1422.0048828125,1422.0048828125,300,0.0,0.0
2008-05-12 00:00:00+09:00,1422.0048123558097,1422.0048123558097,1412.5247802734375,1412.5247802734375,800,0.0,0.0
2008-05-13 00:00:00+09:00,1412.5247802734375,1412.5247802734375,1412.5247802734375,1412.5247802734375,0,0.0,0.0
2008-05-14 00:00:00+09:00,1412.5247802734375,1412.5247802734375,1412.5247802734375,1412.5247802734375,0,0.0,0.0
2008-05-15 00:00:00+09:00,1412.5247802734375,1412.5247802734375,1412.5247802734375,1412.5247802734375,0,0.0,0.0
2008-05-16 00:00:00+09:00,1412.5247802734375,1412.5247802734375,1412.5247802734375,1412.5247802734375,0,0.0,0.0
2008-05-19 00:00:00+09:00,1412.5247802734375,1412.5247802734375,1412.5247802734375,1412.5247802734375,0,0.0,0.0
2008-05-20 00:00:00+09:00,1412.5247802734375,1412.5247802734375,1412.5247802734375,1412.5247802734375,0,0.0,0.0
2008-05-21 00:00:00+09:00,1412.5247802734375,1412.5247802734375,1412.5247802734375,1412.5247802734375,0,0.0,0.0
2008-05-22 00:00:00+09:00,1412.5247802734375,1412.5247802734375,1412.5247802734375,1412.5247802734375,0,0.0,0.0
2008-05-23 00:00:00+09:00,1412.5247802734375,1412.5247802734375,1412.5247802734375,1412.5247802734375,0,0.0,0.0
2008-05-26 00:00:00+09:00,1431.4849853515625,1431.4849853515625,1431.4849853515625,1431.4849853515625,100,0.0,0.0
2008-05-27 00:00:00+09:00,1431.4849853515625,1431.4849853515625,1431.4849853515625,1431.4849853515625,0,0.0,0.0
2008-05-28 00:00:00+09:00,1431.4849853515625,1431.4849853515625,1431.4849853515625,1431.4849853515625,0,0.0,0.0
2008-05-29 00:00:00+09:00,1431.4849853515625,1431.4849853515625,1431.4849853515625,1431.4849853515625,0,0.0,0.0
2008-05-30 00:00:00+09:00,1459.9249267578125,1459.9249267578125,1459.9249267578125,1459.9249267578125,100,0.0,0.0
2008-06-02 00:00:00+09:00,1459.9249267578125,1459.9249267578125,1459.9249267578125,1459.9249267578125,100,0.0,0.0
2008-06-03 00:00:00+09:00,1459.9249267578125,1459.9249267578125,1459.9249267578125,1459.9249267578125,0,0.0,0.0
2008-06-04 00:00:00+09:00,1365.1248929794522,1459.9252327696918,1365.1248929794522,1384.0849609375,500,0.0,0.0
2008-06-05 00:00:00+09:00,1440.9652099609375,1440.9652099609375,1440.9652099609375,1440.9652099609375,100,0.0,0.0
2008-06-06 00:00:00+09:00,1422.0048828125,1422.0048828125,1422.0048828125,1422.0048828125,400,0.0,0.0
2008-06-09 00:00:00+09:00,1469.4051513671875,1469.4051513671875,1469.4051513671875,1469.4051513671875,100,0.0,0.0
2008-06-10 00:00:00+09:00,1469.4051513671875,1469.4051513671875,1469.4051513671875,1469.4051513671875,400,0.0,0.0
2008-06-11 00:00:00+09:00,1469.4051513671875,1469.4051513671875,1469.4051513671875,1469.4051513671875,0,0.0,0.0
2008-06-12 00:00:00+09:00,1469.4051513671875,1469.4051513671875,1469.4051513671875,1469.4051513671875,500,0.0,0.0
2008-06-13 00:00:00+09:00,1422.0048828125,1422.0048828125,1422.0048828125,1422.0048828125,100,0.0,0.0
2008-06-16 00:00:00+09:00,1422.0048828125,1422.0048828125,1422.0048828125,1422.0048828125,0,0.0,0.0
2008-06-17 00:00:00+09:00,1422.0048828125,1422.0048828125,1422.0048828125,1422.0048828125,0,0.0,0.0
2008-06-18 00:00:00+09:00,1422.0048828125,1422.0048828125,1422.0048828125,1422.0048828125,0,0.0,0.0
2008-06-19 00:00:00+09:00,1422.0048828125,1422.0048828125,1422.0048828125,1422.0048828125,0,0.0,0.0
2008-06-20 00:00:00+09:00,1431.4849853515625,1431.4849853515625,1431.4849853515625,1431.4849853515625,100,0.0,0.0
2008-06-23 00:00:00+09:00,1573.685546875,1573.685546875,1573.685546875,1573.685546875,100,0.0,0.0
2008-06-24 00:00:00+09:00,1431.485064962636,1526.285400390625,1431.485064962636,1526.285400390625,300,0.0,0.0
2008-06-25 00:00:00+09:00,1611.605712890625,1611.605712890625,1611.605712890625,1611.605712890625,100,0.0,0.0
2008-06-26 00:00:00+09:00,1611.605712890625,1611.605712890625,1611.605712890625,1611.605712890625,0,0.0,0.0
2008-06-27 00:00:00+09:00,1630.5657958984375,1630.5657958984375,1630.5657958984375,1630.5657958984375,100,0.0,0.0
2008-06-30 00:00:00+09:00,1630.5657958984375,1630.5657958984375,1630.5657958984375,1630.5657958984375,100,0.0,0.0
2008-07-01 00:00:00+09:00,1630.5657958984375,1630.5657958984375,1630.5657958984375,1630.5657958984375,0,0.0,0.0
2008-07-02 00:00:00+09:00,1630.5657958984375,1630.5657958984375,1630.5657958984375,1630.5657958984375,0,0.0,0.0
2008-07-03 00:00:00+09:00,1630.5657958984375,1630.5657958984375,1630.5657958984375,1630.5657958984375,0,0.0,0.0
2008-07-04 00:00:00+09:00,1516.8052978515625,1516.8052978515625,1516.8052978515625,1516.8052978515625,200,0.0,0.0
2008-07-07 00:00:00+09:00,1478.8851318359375,1478.8851318359375,1478.8851318359375,1478.8851318359375,300,0.0,0.0
2008-07-08 00:00:00+09:00,1516.8052978515625,1516.8052978515625,1516.8052978515625,1516.8052978515625,100,0.0,0.0
2008-07-09 00:00:00+09:00,1516.80546875,1659.0059814453125,1516.80546875,1659.0059814453125,500,0.0,0.0
2008-07-10 00:00:00+09:00,1630.5657958984375,1630.5657958984375,1630.5657958984375,1630.5657958984375,700,0.0,0.0
2008-07-11 00:00:00+09:00,1488.365234375,1488.365234375,1488.365234375,1488.365234375,100,0.0,0.0
2008-07-14 00:00:00+09:00,1488.365234375,1488.365234375,1488.365234375,1488.365234375,0,0.0,0.0
2008-07-15 00:00:00+09:00,1488.365234375,1488.365234375,1488.365234375,1488.365234375,0,0.0,0.0
2008-07-16 00:00:00+09:00,1488.365234375,1488.365234375,1488.365234375,1488.365234375,0,0.0,0.0
2008-07-17 00:00:00+09:00,1488.365234375,1488.365234375,1488.365234375,1488.365234375,0,0.0,0.0
2008-07-18 00:00:00+09:00,1488.365234375,1488.365234375,1488.365234375,1488.365234375,0,0.0,0.0
2008-07-22 00:00:00+09:00,1488.365234375,1488.365234375,1488.365234375,1488.365234375,0,0.0,0.0
2008-07-23 00:00:00+09:00,1469.4051513671875,1469.4051513671875,1469.4051513671875,1469.4051513671875,100,0.0,0.0
2008-07-24 00:00:00+09:00,1450.445068359375,1450.445068359375,1450.445068359375,1450.445068359375,100,0.0,0.0
2008-07-25 00:00:00+09:00,1422.0048828125,1422.0048828125,1422.0048828125,1422.0048828125,200,0.0,0.0
2008-07-28 00:00:00+09:00,1422.0048828125,1422.0048828125,1422.0048828125,1422.0048828125,0,0.0,0.0
2008-07-29 00:00:00+09:00,1422.0048828125,1422.0048828125,1422.0048828125,1422.0048828125,0,0.0,0.0
2008-07-30 00:00:00+09:00,1422.0048828125,1422.0048828125,1422.0048828125,1422.0048828125,0,0.0,0.0
2008-07-31 00:00:00+09:00,1422.0048828125,1422.0048828125,1422.0048828125,1422.0048828125,0,0.0,0.0
2008-08-01 00:00:00+09:00,1403.0447998046875,1403.0447998046875,1403.0447998046875,1403.0447998046875,200,0.0,0.0
2008-08-04 00:00:00+09:00,1403.0447998046875,1403.0447998046875,1403.0447998046875,1403.0447998046875,0,0.0,0.0
2008-08-05 00:00:00+09:00,1403.0447998046875,1403.0447998046875,1403.0447998046875,1403.0447998046875,0,0.0,0.0
2008-08-06 00:00:00+09:00,1403.0447998046875,1403.0447998046875,1403.0447998046875,1403.0447998046875,0,0.0,0.0
2008-08-07 00:00:00+09:00,1355.644775390625,1355.644775390625,1355.644775390625,1355.644775390625,100,0.0,0.0
2008-08-08 00:00:00+09:00,1403.0447481910655,1412.5247802734375,1403.0447481910655,1412.5247802734375,200,0.0,0.0
2008-08-11 00:00:00+09:00,1412.5247802734375,1412.5247802734375,1412.5247802734375,1412.5247802734375,900,0.0,0.0
2008-08-12 00:00:00+09:00,1422.0048828125,1422.0048828125,1422.0048828125,1422.0048828125,100,0.0,0.0
2008-08-13 00:00:00+09:00,1422.0048828125,1422.0048828125,1422.0048828125,1422.0048828125,0,0.0,0.0
2008-08-14 00:00:00+09:00,1422.0048828125,1422.0048828125,1422.0048828125,1422.0048828125,0,0.0,0.0
2008-08-15 00:00:00+09:00,1422.0048828125,1422.0048828125,1422.0048828125,1422.0048828125,0,0.0,0.0
2008-08-18 00:00:00+09:00,1422.0048828125,1422.0048828125,1422.0048828125,1422.0048828125,0,0.0,0.0
2008-08-19 00:00:00+09:00,1422.0048828125,1422.0048828125,1422.0048828125,1422.0048828125,0,0.0,0.0
2008-08-20 00:00:00+09:00,1422.0048828125,1422.0048828125,1422.0048828125,1422.0048828125,0,0.0,0.0
2008-08-21 00:00:00+09:00,1422.0048828125,1422.0048828125,1422.0048828125,1422.0048828125,0,0.0,0.0
2008-08-22 00:00:00+09:00,1422.0048828125,1422.0048828125,1422.0048828125,1422.0048828125,0,0.0,0.0
2008-08-25 00:00:00+09:00,1422.0048828125,1422.0048828125,1422.0048828125,1422.0048828125,200,0.0,0.0
2008-08-26 00:00:00+09:00,1422.0048828125,1422.0048828125,1422.0048828125,1422.0048828125,0,0.0,0.0
2008-08-27 00:00:00+09:00,1422.0048828125,1422.0048828125,1422.0048828125,1422.0048828125,0,0.0,0.0
2008-08-28 00:00:00+09:00,1422.0048828125,1422.0048828125,1422.0048828125,1422.0048828125,0,0.0,0.0
2008-08-29 00:00:00+09:00,1422.0048828125,1422.0048828125,1422.0048828125,1422.0048828125,200,0.0,0.0
2008-09-01 00:00:00+09:00,1422.0048828125,1422.0048828125,1422.0048828125,1422.0048828125,0,0.0,0.0
2008-09-02 00:00:00+09:00,1327.2047119140625,1327.2047119140625,1327.2047119140625,1327.2047119140625,400,0.0,0.0
2008-09-03 00:00:00+09:00,1327.2047119140625,1327.2047119140625,1327.2047119140625,1327.2047119140625,0,0.0,0.0
2008-09-04 00:00:00+09:00,1327.2045572916666,1422.0048828125,1327.2045572916666,1422.0048828125,300,0.0,0.0
2008-09-05 00:00:00+09:00,1422.0048828125,1422.0048828125,1422.0048828125,1422.0048828125,0,0.0,0.0
2008-09-08 00:00:00+09:00,1374.6048583984375,1374.6048583984375,1374.6048583984375,1374.6048583984375,100,0.0,0.0
2008-09-09 00:00:00+09:00,1317.7246573612608,1374.6048583984375,1317.7246573612608,1374.6048583984375,600,0.0,0.0
2008-09-10 00:00:00+09:00,1374.6048583984375,1374.6048583984375,1374.6048583984375,1374.6048583984375,500,0.0,0.0
2008-09-11 00:00:00+09:00,1374.6048583984375,1374.6048583984375,1374.6048583984375,1374.6048583984375,400,0.0,0.0
2008-09-12 00:00:00+09:00,1374.6048583984375,1374.6048583984375,1374.6048583984375,1374.6048583984375,0,0.0,0.0
2008-09-16 00:00:00+09:00,1327.2047119140625,1327.2047119140625,1327.2047119140625,1327.2047119140625,200,0.0,0.0
2008-09-17 00:00:00+09:00,1327.2047119140625,1327.2047119140625,1327.2047119140625,1327.2047119140625,0,0.0,0.0
2008-09-18 00:00:00+09:00,1279.8048095703125,1279.8048095703125,1279.8048095703125,1279.8048095703125,100,0.0,0.0
2008-09-19 00:00:00+09:00,1279.8048095703125,1279.8048095703125,1279.8048095703125,1279.8048095703125,100,0.0,0.0
2008-09-22 00:00:00+09:00,1279.8045436314173,1327.2047119140625,1279.8045436314173,1327.2047119140625,300,0.0,0.0
2008-09-24 00:00:00+09:00,1327.2047119140625,1327.2047119140625,1327.2047119140625,1327.2047119140625,200,0.0,0.0
2008-09-25 00:00:00+09:00,1327.2047119140625,1327.2047119140625,1327.2047119140625,1327.2047119140625,100,0.0,0.0
2008-09-26 00:00:00+09:00,1327.2047119140625,1327.2047119140625,1327.2047119140625,1327.2047119140625,0,0.0,0.0
2008-09-29 00:00:00+09:00,1327.2047119140625,1327.2047119140625,1327.2047119140625,1327.2047119140625,0,0.0,0.0
2008-09-30 00:00:00+09:00,1308.2445364287405,1308.2445364287405,881.643057158499,938.5232543945312,3500,0.0,0.0
2008-10-01 00:00:00+09:00,1080.72412109375,1080.72412109375,1080.72412109375,1080.72412109375,300,0.0,0.0
2008-10-02 00:00:00+09:00,1042.8037109375,1042.8037109375,1042.8037109375,1042.8037109375,100,0.0,0.0
2008-10-03 00:00:00+09:00,1042.8037109375,1042.8037109375,1042.8037109375,1042.8037109375,0,0.0,0.0
2008-10-06 00:00:00+09:00,1042.8037109375,1042.8037109375,1042.8037109375,1042.8037109375,0,0.0,0.0
2008-10-07 00:00:00+09:00,1052.2835693359375,1052.2835693359375,1052.2835693359375,1052.2835693359375,100,0.0,0.0
2008-10-08 00:00:00+09:00,1052.2835693359375,1052.2835693359375,1052.2835693359375,1052.2835693359375,100,0.0,0.0
2008-10-09 00:00:00+09:00,1099.6841118499524,1241.8846435546875,1099.6841118499524,1241.8846435546875,200,0.0,0.0
2008-10-10 00:00:00+09:00,1241.8846435546875,1241.8846435546875,1241.8846435546875,1241.8846435546875,900,0.0,0.0
2008-10-14 00:00:00+09:00,1213.4443359375,1213.4443359375,1213.4443359375,1213.4443359375,200,0.0,0.0
2008-10-15 00:00:00+09:00,1213.4443359375,1213.4443359375,1213.4443359375,1213.4443359375,0,0.0,0.0
2008-10-16 00:00:00+09:00,1260.8445053100586,1260.8445053100586,1213.4443359375,1213.4443359375,200,0.0,0.0
2008-10-17 00:00:00+09:00,1137.6041259765625,1137.6041259765625,1137.6041259765625,1137.6041259765625,100,0.0,0.0
2008-10-20 00:00:00+09:00,1213.4443359375,1213.4443359375,1213.4443359375,1213.4443359375,100,0.0,0.0
2008-10-21 00:00:00+09:00,1185.0042724609375,1185.0042724609375,1185.0042724609375,1185.0042724609375,100,0.0,0.0
2008-10-22 00:00:00+09:00,1185.0042724609375,1185.0042724609375,1185.0042724609375,1185.0042724609375,0,0.0,0.0
2008-10-23 00:00:00+09:00,900.6030792885639,900.6030792885639,891.123046875,891.123046875,300,0.0,0.0
2008-10-24 00:00:00+09:00,948.0032694708441,948.0032694708441,919.5631713867188,919.5631713867188,200,0.0,0.0
2008-10-27 00:00:00+09:00,966.96337890625,966.96337890625,966.96337890625,966.96337890625,100,0.0,0.0
2008-10-28 00:00:00+09:00,966.96337890625,966.96337890625,966.96337890625,966.96337890625,0,0.0,0.0
2008-10-29 00:00:00+09:00,1080.72412109375,1080.72412109375,1080.72412109375,1080.72412109375,100,0.0,0.0
2008-10-30 00:00:00+09:00,1080.72412109375,1080.72412109375,1080.72412109375,1080.72412109375,0,0.0,0.0
2008-10-31 00:00:00+09:00,1137.6043034401262,1137.6043034401262,1128.124267578125,1128.124267578125,200,0.0,0.0
2008-11-04 00:00:00+09:00,1128.124267578125,1128.124267578125,1128.124267578125,1128.124267578125,200,0.0,0.0
2008-11-05 00:00:00+09:00,1137.6040251358697,1137.6040251358697,1090.203857421875,1090.203857421875,400,0.0,0.0
2008-11-06 00:00:00+09:00,1090.203857421875,1090.203857421875,1090.203857421875,1090.203857421875,900,0.0,0.0
2008-11-07 00:00:00+09:00,1185.0042724609375,1185.0042724609375,1185.0042724609375,1185.0042724609375,100,0.0,0.0
2008-11-10 00:00:00+09:00,1185.0042489858774,1232.4044189453125,1185.0042489858774,1232.4044189453125,1200,0.0,0.0
2008-11-11 00:00:00+09:00,1232.4044189453125,1232.4044189453125,1232.4044189453125,1232.4044189453125,0,0.0,0.0
2008-11-12 00:00:00+09:00,1232.4044189453125,1232.4044189453125,1232.4044189453125,1232.4044189453125,0,0.0,0.0
2008-11-13 00:00:00+09:00,1232.4044189453125,1232.4044189453125,1232.4044189453125,1232.4044189453125,0,0.0,0.0
2008-11-14 00:00:00+09:00,1232.4044189453125,1232.4044189453125,1232.4044189453125,1232.4044189453125,0,0.0,0.0
2008-11-17 00:00:00+09:00,1232.4044189453125,1232.4044189453125,1232.4044189453125,1232.4044189453125,0,0.0,0.0
2008-11-18 00:00:00+09:00,1232.4044189453125,1232.4044189453125,1232.4044189453125,1232.4044189453125,0,0.0,0.0
2008-11-19 00:00:00+09:00,1090.203857421875,1090.203857421875,1090.203857421875,1090.203857421875,100,0.0,0.0
2008-11-20 00:00:00+09:00,1090.203857421875,1090.203857421875,1090.203857421875,1090.203857421875,0,0.0,0.0
2008-11-21 00:00:00+09:00,1090.203857421875,1090.203857421875,1090.203857421875,1090.203857421875,0,0.0,0.0
2008-11-25 00:00:00+09:00,1090.203857421875,1090.203857421875,1090.203857421875,1090.203857421875,0,0.0,0.0
2008-11-26 00:00:00+09:00,995.403564453125,995.403564453125,995.403564453125,995.403564453125,1200,0.0,0.0
2008-11-27 00:00:00+09:00,995.403564453125,995.403564453125,995.403564453125,995.403564453125,0,0.0,0.0
2008-11-28 00:00:00+09:00,1042.8037832315686,1042.8037832315686,976.4435424804688,976.4435424804688,800,0.0,0.0
2008-12-01 00:00:00+09:00,976.4435424804688,976.4435424804688,976.4435424804688,976.4435424804688,0,0.0,0.0
2008-12-02 00:00:00+09:00,976.4435424804688,976.4435424804688,976.4435424804688,976.4435424804688,0,0.0,0.0
2008-12-03 00:00:00+09:00,976.4435424804688,976.4435424804688,976.4435424804688,976.4435424804688,0,0.0,0.0
2008-12-04 00:00:00+09:00,985.9234008789062,985.9234008789062,985.9234008789062,985.9234008789062,100,0.0,0.0
2008-12-05 00:00:00+09:00,985.9234008789062,985.9234008789062,985.9234008789062,985.9234008789062,0,0.0,0.0
2008-12-08 00:00:00+09:00,985.9234008789062,985.9234008789062,985.9234008789062,985.9234008789062,0,0.0,0.0
2008-12-09 00:00:00+09:00,1090.2039540608723,1137.6041259765625,1090.2039540608723,1137.6041259765625,200,0.0,0.0
2008-12-10 00:00:00+09:00,1137.6041259765625,1137.6041259765625,1137.6041259765625,1137.6041259765625,1000,0.0,0.0
2008-12-11 00:00:00+09:00,1137.6041259765625,1137.6041259765625,1137.6041259765625,1137.6041259765625,0,0.0,0.0
2008-12-12 00:00:00+09:00,1137.6041259765625,1137.6041259765625,1137.6041259765625,1137.6041259765625,100,0.0,0.0
2008-12-15 00:00:00+09:00,1042.8037109375,1042.8037109375,1042.8037109375,1042.8037109375,100,0.0,0.0
2008-12-16 00:00:00+09:00,1118.6439808238636,1118.6439808238636,1042.8037109375,1042.8037109375,300,0.0,0.0
2008-12-17 00:00:00+09:00,985.9234008789062,985.9234008789062,985.9234008789062,985.9234008789062,200,0.0,0.0
2008-12-18 00:00:00+09:00,985.9234008789062,985.9234008789062,985.9234008789062,985.9234008789062,100,0.0,0.0
2008-12-19 00:00:00+09:00,1033.3238525390625,1033.3238525390625,1033.3238525390625,1033.3238525390625,100,0.0,0.0
2008-12-22 00:00:00+09:00,1033.3238525390625,1033.3238525390625,1033.3238525390625,1033.3238525390625,0,0.0,0.0
2008-12-24 00:00:00+09:00,985.9234912109375,985.9234912109375,948.0033569335938,948.0033569335938,400,0.0,0.0
2008-12-25 00:00:00+09:00,995.403564453125,995.403564453125,995.403564453125,995.403564453125,300,0.0,0.0
2008-12-26 00:00:00+09:00,995.403564453125,995.403564453125,995.403564453125,995.403564453125,0,0.0,0.0
2008-12-29 00:00:00+09:00,995.403564453125,995.403564453125,995.403564453125,995.403564453125,0,0.0,0.0
2008-12-30 00:00:00+09:00,995.403564453125,995.403564453125,995.403564453125,995.403564453125,100,0.0,0.0
2009-01-05 00:00:00+09:00,995.403564453125,995.403564453125,995.403564453125,995.403564453125,0,0.0,0.0
2009-01-06 00:00:00+09:00,995.403564453125,995.403564453125,995.403564453125,995.403564453125,0,0.0,0.0
2009-01-07 00:00:00+09:00,948.0034722222223,1023.84375,948.0034722222223,1023.84375,300,0.0,0.0
2009-01-08 00:00:00+09:00,1023.84375,1023.84375,1023.84375,1023.84375,300,0.0,0.0
2009-01-09 00:00:00+09:00,1118.64404296875,1118.64404296875,1118.64404296875,1118.64404296875,100,0.0,0.0
2009-01-13 00:00:00+09:00,1109.1639404296875,1109.1639404296875,1109.1639404296875,1109.1639404296875,900,0.0,0.0
2009-01-14 00:00:00+09:00,1109.1639404296875,1109.1639404296875,1109.1639404296875,1109.1639404296875,0,0.0,0.0
2009-01-15 00:00:00+09:00,1099.6839599609375,1099.6839599609375,1099.6839599609375,1099.6839599609375,400,0.0,0.0
2009-01-16 00:00:00+09:00,1099.6839599609375,1099.6839599609375,1099.6839599609375,1099.6839599609375,0,0.0,0.0
2009-01-19 00:00:00+09:00,1099.6839599609375,1099.6839599609375,1099.6839599609375,1099.6839599609375,0,0.0,0.0
2009-01-20 00:00:00+09:00,1099.6839599609375,1099.6839599609375,1099.6839599609375,1099.6839599609375,0,0.0,0.0
2009-01-21 00:00:00+09:00,1099.6839599609375,1099.6839599609375,1099.6839599609375,1099.6839599609375,0,0.0,0.0
2009-01-22 00:00:00+09:00,1099.6839599609375,1099.6839599609375,1099.6839599609375,1099.6839599609375,0,0.0,0.0
2009-01-23 00:00:00+09:00,1099.6839599609375,1099.6839599609375,1099.6839599609375,1099.6839599609375,0,0.0,0.0
2009-01-26 00:00:00+09:00,995.403564453125,995.403564453125,995.403564453125,995.403564453125,100,0.0,0.0
2009-01-27 00:00:00+09:00,995.403564453125,995.403564453125,995.403564453125,995.403564453125,0,0.0,0.0
2009-01-28 00:00:00+09:00,995.403564453125,995.403564453125,995.403564453125,995.403564453125,0,0.0,0.0
2009-01-29 00:00:00+09:00,995.403564453125,995.403564453125,995.403564453125,995.403564453125,0,0.0,0.0
2009-01-30 00:00:00+09:00,1042.8037420308815,1042.8037420308815,1004.8836059570312,1004.8836059570312,200,0.0,0.0
2009-02-02 00:00:00+09:00,1004.8836059570312,1004.8836059570312,1004.8836059570312,1004.8836059570312,0,0.0,0.0
2009-02-03 00:00:00+09:00,1004.8836059570312,1004.8836059570312,1004.8836059570312,1004.8836059570312,0,0.0,0.0
2009-02-04 00:00:00+09:00,1014.36376953125,1014.36376953125,1014.36376953125,1014.36376953125,100,0.0,0.0
2009-02-05 00:00:00+09:00,1061.7638620022124,1071.243896484375,1061.7638620022124,1071.243896484375,200,0.0,0.0
2009-02-06 00:00:00+09:00,1071.243896484375,1071.243896484375,1071.243896484375,1071.243896484375,0,0.0,0.0
2009-02-09 00:00:00+09:00,1147.084228515625,1147.084228515625,1147.084228515625,1147.084228515625,100,0.0,0.0
2009-02-10 00:00:00+09:00,1147.084228515625,1147.084228515625,1147.084228515625,1147.084228515625,1300,0.0,0.0
2009-02-12 00:00:00+09:00,1147.084228515625,1147.084228515625,1147.084228515625,1147.084228515625,0,0.0,0.0
2009-02-13 00:00:00+09:00,1147.084228515625,1147.084228515625,1147.084228515625,1147.084228515625,0,0.0,0.0
2009-02-16 00:00:00+09:00,976.4434549082881,1090.203857421875,957.4833878226902,1090.203857421875,900,0.0,0.0
2009-02-17 00:00:00+09:00,948.0033569335938,948.0033569335938,948.0033569335938,948.0033569335938,300,0.0,0.0
2009-02-18 00:00:00+09:00,948.0033569335938,948.0033569335938,948.0033569335938,948.0033569335938,0,0.0,0.0
2009-02-19 00:00:00+09:00,948.0033569335938,948.0033569335938,948.0033569335938,948.0033569335938,0,0.0,0.0
2009-02-20 00:00:00+09:00,948.0033569335938,948.0033569335938,948.0033569335938,948.0033569335938,0,0.0,0.0
2009-02-23 00:00:00+09:00,957.4834594726562,957.4834594726562,957.4834594726562,957.4834594726562,300,0.0,0.0
2009-02-24 00:00:00+09:00,957.4834594726562,957.4834594726562,957.4834594726562,957.4834594726562,0,0.0,0.0
2009-02-25 00:00:00+09:00,957.4833789867359,957.4833789867359,862.6830444335938,862.6830444335938,600,0.0,0.0
2009-02-26 00:00:00+09:00,881.6431274414062,881.6431274414062,881.6431274414062,881.6431274414062,100,0.0,0.0
2009-02-27 00:00:00+09:00,929.0433567160427,957.4834594726562,910.0832882116337,957.4834594726562,500,0.0,0.0
2009-03-02 00:00:00+09:00,910.0832882116337,957.4834594726562,910.0832882116337,957.4834594726562,300,0.0,0.0
2009-03-03 00:00:00+09:00,910.0833129882812,910.0833129882812,910.0833129882812,910.0833129882812,100,0.0,0.0
2009-03-04 00:00:00+09:00,948.0033569335938,948.0033569335938,948.0033569335938,948.0033569335938,100,0.0,0.0
2009-03-05 00:00:00+09:00,948.0033569335938,948.0033569335938,948.0033569335938,948.0033569335938,0,0.0,0.0
2009-03-06 00:00:00+09:00,948.0033569335938,948.0033569335938,948.0033569335938,948.0033569335938,0,0.0,0.0
2009-03-09 00:00:00+09:00,1061.7638509114583,1137.6041259765625,1061.7638509114583,1137.6041259765625,200,0.0,0.0
2009-03-10 00:00:00+09:00,1128.1240397135416,1128.1240397135416,995.403564453125,995.403564453125,800,0.0,0.0
2009-03-11 00:00:00+09:00,995.403564453125,995.403564453125,995.403564453125,995.403564453125,0,0.0,0.0
2009-03-12 00:00:00+09:00,995.403564453125,995.403564453125,995.403564453125,995.403564453125,0,0.0,0.0
2009-03-13 00:00:00+09:00,1042.8036439185048,1042.8036439185048,966.96337890625,966.96337890625,300,0.0,0.0
2009-03-16 00:00:00+09:00,966.96337890625,966.96337890625,966.96337890625,966.96337890625,100,0.0,0.0
2009-03-17 00:00:00+09:00,966.96337890625,966.96337890625,966.96337890625,966.96337890625,0,0.0,0.0
2009-03-18 00:00:00+09:00,966.96337890625,966.96337890625,966.96337890625,966.96337890625,0,0.0,0.0
2009-03-19 00:00:00+09:00,1061.763916015625,1061.763916015625,1061.763916015625,1061.763916015625,100,0.0,0.0
2009-03-23 00:00:00+09:00,1061.763916015625,1061.763916015625,1042.8038460867747,1061.763916015625,300,0.0,0.0
2009-03-24 00:00:00+09:00,1061.763916015625,1061.763916015625,1061.763916015625,1061.763916015625,0,0.0,0.0
2009-03-25 00:00:00+09:00,1061.763916015625,1061.763916015625,1014.3637411934989,1061.763916015625,700,0.0,0.0
2009-03-26 00:00:00+09:00,1042.803875219042,1042.803875219042,1014.36376953125,1014.36376953125,200,0.0,0.0
2009-03-27 00:00:00+09:00,1014.36376953125,1014.36376953125,1014.36376953125,1014.36376953125,0,0.0,0.0
2009-03-30 00:00:00+09:00,1023.84375,1023.84375,1023.84375,1023.84375,100,0.0,0.0
2009-03-31 00:00:00+09:00,1052.2835693359375,1052.2835693359375,1052.2835693359375,1052.2835693359375,100,0.0,0.0
2009-04-01 00:00:00+09:00,1052.2835693359375,1052.2835693359375,1052.2835693359375,1052.2835693359375,0,0.0,0.0
2009-04-02 00:00:00+09:00,1061.7638620022124,1071.243896484375,1023.8437240735619,1071.243896484375,300,0.0,0.0
2009-04-03 00:00:00+09:00,1071.243896484375,1071.243896484375,1071.243896484375,1071.243896484375,0,0.0,0.0
2009-04-06 00:00:00+09:00,1137.6041259765625,1137.6041259765625,1137.6041259765625,1137.6041259765625,200,0.0,0.0
2009-04-07 00:00:00+09:00,1137.6041259765625,1137.6041259765625,1137.6041259765625,1137.6041259765625,0,0.0,0.0
2009-04-08 00:00:00+09:00,1137.6041259765625,1137.6041259765625,1137.6041259765625,1137.6041259765625,100,0.0,0.0
2009-04-09 00:00:00+09:00,1137.6041259765625,1137.6041259765625,1137.6041259765625,1137.6041259765625,100,0.0,0.0
2009-04-10 00:00:00+09:00,1052.2835693359375,1052.2835693359375,1052.2835693359375,1052.2835693359375,100,0.0,0.0
2009-04-13 00:00:00+09:00,1052.2835693359375,1052.2835693359375,1052.2835693359375,1052.2835693359375,0,0.0,0.0
2009-04-14 00:00:00+09:00,1052.2835693359375,1052.2835693359375,1052.2835693359375,1052.2835693359375,100,0.0,0.0
2009-04-15 00:00:00+09:00,1099.6839133522726,1099.6839133522726,1042.8037109375,1042.8037109375,200,0.0,0.0
2009-04-16 00:00:00+09:00,1042.8037109375,1042.8037109375,1042.8037109375,1042.8037109375,0,0.0,0.0
2009-04-17 00:00:00+09:00,1023.84375,1023.84375,1023.84375,1023.84375,400,0.0,0.0
2009-04-20 00:00:00+09:00,1023.84375,1023.84375,1023.84375,1023.84375,0,0.0,0.0
2009-04-21 00:00:00+09:00,1023.84375,1023.84375,1023.84375,1023.84375,0,0.0,0.0
2009-04-22 00:00:00+09:00,1023.84375,1023.84375,1023.84375,1023.84375,0,0.0,0.0
2009-04-23 00:00:00+09:00,1023.84375,1023.84375,1023.84375,1023.84375,200,0.0,0.0
2009-04-24 00:00:00+09:00,1023.84375,1023.84375,1023.84375,1023.84375,0,0.0,0.0
2009-04-27 00:00:00+09:00,1023.84375,1023.84375,1023.84375,1023.84375,700,0.0,0.0
2009-04-28 00:00:00+09:00,1023.84375,1023.84375,1023.84375,1023.84375,0,0.0,0.0
2009-04-30 00:00:00+09:00,1023.84375,1023.84375,1023.84375,1023.84375,0,0.0,0.0
2009-05-01 00:00:00+09:00,1023.84375,1023.84375,1023.84375,1023.84375,200,0.0,0.0
2009-05-07 00:00:00+09:00,1014.36376953125,1014.36376953125,1014.36376953125,1014.36376953125,200,0.0,0.0
2009-05-08 00:00:00+09:00,1061.763778409091,1061.763778409091,1042.8037109375,1042.8037109375,200,0.0,0.0
2009-05-11 00:00:00+09:00,957.4834358647184,1004.8836059570312,957.4834358647184,1004.8836059570312,600,0.0,0.0
2009-05-12 00:00:00+09:00,1004.8836059570312,1004.8836059570312,1004.8836059570312,1004.8836059570312,0,0.0,0.0
2009-05-13 00:00:00+09:00,957.4834594726562,957.4834594726562,957.4834594726562,957.4834594726562,100,0.0,0.0
2009-05-14 00:00:00+09:00,957.4834594726562,957.4834594726562,957.4834594726562,957.4834594726562,0,0.0,0.0
2009-05-15 00:00:00+09:00,957.4834594726562,957.4834594726562,957.4834594726562,957.4834594726562,0,0.0,0.0
2009-05-18 00:00:00+09:00,957.4834594726562,957.4834594726562,957.4834594726562,957.4834594726562,0,0.0,0.0
2009-05-19 00:00:00+09:00,985.9234002496779,1014.3634983338032,919.5631713867188,919.5631713867188,700,0.0,0.0
2009-05-20 00:00:00+09:00,919.5631713867188,919.5631713867188,919.5631713867188,919.5631713867188,0,0.0,0.0
2009-05-21 00:00:00+09:00,919.5631713867188,919.5631713867188,919.5631713867188,919.5631713867188,0,0.0,0.0
2009-05-22 00:00:00+09:00,919.5631713867188,919.5631713867188,919.5631713867188,919.5631713867188,0,0.0,0.0
2009-05-25 00:00:00+09:00,929.0433349609375,929.0433349609375,929.0433349609375,929.0433349609375,700,0.0,0.0
2009-05-26 00:00:00+09:00,929.0433349609375,929.0433349609375,929.0433349609375,929.0433349609375,0,0.0,0.0
2009-05-27 00:00:00+09:00,900.6032328702966,929.0433349609375,900.6032328702966,929.0433349609375,300,0.0,0.0
2009-05-28 00:00:00+09:00,929.0433349609375,929.0433349609375,929.0433349609375,929.0433349609375,100,0.0,0.0
2009-05-29 00:00:00+09:00,938.5232543945312,938.5232543945312,938.5232543945312,938.5232543945312,100,0.0,0.0
2009-06-01 00:00:00+09:00,938.5232543945312,938.5232543945312,938.5232543945312,938.5232543945312,400,0.0,0.0
2009-06-02 00:00:00+09:00,919.5631886491872,938.5232543945312,919.5631886491872,938.5232543945312,300,0.0,0.0
2009-06-03 00:00:00+09:00,938.5232543945312,938.5232543945312,938.5232543945312,938.5232543945312,0,0.0,0.0
2009-06-04 00:00:00+09:00,938.5232543945312,938.5232543945312,938.5232543945312,938.5232543945312,100,0.0,0.0
2009-06-05 00:00:00+09:00,938.5232543945312,938.5232543945312,938.5232543945312,938.5232543945312,400,0.0,0.0
2009-06-08 00:00:00+09:00,948.0032872672033,948.0032872672033,938.5232543945312,938.5232543945312,300,0.0,0.0
2009-06-09 00:00:00+09:00,966.96337890625,966.96337890625,966.96337890625,966.96337890625,100,0.0,0.0
2009-06-10 00:00:00+09:00,938.5232543945312,938.5232543945312,938.5232543945312,938.5232543945312,300,0.0,0.0
2009-06-11 00:00:00+09:00,929.0433349609375,929.0433349609375,929.0433349609375,929.0433349609375,100,0.0,0.0
2009-06-12 00:00:00+09:00,929.0433349609375,929.0433349609375,929.0433349609375,929.0433349609375,0,0.0,0.0
2009-06-15 00:00:00+09:00,938.5232543945312,938.5232543945312,938.5232543945312,938.5232543945312,100,0.0,0.0
2009-06-16 00:00:00+09:00,938.5232543945312,938.5232543945312,938.5232543945312,938.5232543945312,200,0.0,0.0
2009-06-17 00:00:00+09:00,938.5232543945312,938.5232543945312,938.5232543945312,938.5232543945312,100,0.0,0.0
2009-06-18 00:00:00+09:00,938.5232543945312,938.5232543945312,938.5232543945312,938.5232543945312,0,0.0,0.0
2009-06-19 00:00:00+09:00,938.5232543945312,938.5232543945312,938.5232543945312,938.5232543945312,300,0.0,0.0
2009-06-22 00:00:00+09:00,966.9633530125474,966.9633530125474,938.5232543945312,938.5232543945312,500,0.0,0.0
2009-06-23 00:00:00+09:00,938.5232543945312,938.5232543945312,938.5232543945312,938.5232543945312,0,0.0,0.0
2009-06-24 00:00:00+09:00,938.5232543945312,938.5232543945312,938.5232543945312,938.5232543945312,0,0.0,0.0
2009-06-25 00:00:00+09:00,938.5232543945312,938.5232543945312,938.5232543945312,938.5232543945312,0,0.0,0.0
2009-06-26 00:00:00+09:00,948.0033569335938,948.0033569335938,948.0033569335938,948.0033569335938,100,0.0,0.0
2009-06-29 00:00:00+09:00,948.0033126531863,966.96337890625,948.0033126531863,966.96337890625,400,0.0,0.0
2009-06-30 00:00:00+09:00,966.9634240722656,966.9634240722656,948.0033569335938,948.0033569335938,600,0.0,0.0
2009-07-01 00:00:00+09:00,948.0033569335938,948.0033569335938,948.0033569335938,948.0033569335938,0,0.0,0.0
2009-07-02 00:00:00+09:00,948.0033569335938,948.0033569335938,948.0033569335938,948.0033569335938,300,0.0,0.0
2009-07-03 00:00:00+09:00,948.0033569335938,948.0033569335938,948.0033569335938,948.0033569335938,100,0.0,0.0
2009-07-06 00:00:00+09:00,948.0033569335938,948.0033569335938,948.0033569335938,948.0033569335938,200,0.0,0.0
2009-07-07 00:00:00+09:00,948.0033569335938,948.0033569335938,948.0033569335938,948.0033569335938,0,0.0,0.0
2009-07-08 00:00:00+09:00,948.0032872672033,948.0032872672033,938.5232543945312,938.5232543945312,400,0.0,0.0
2009-07-09 00:00:00+09:00,948.0033569335938,948.0033569335938,948.0033569335938,948.0033569335938,100,0.0,0.0
2009-07-10 00:00:00+09:00,929.0433567160427,957.4834594726562,919.5633224638382,957.4834594726562,900,0.0,0.0
2009-07-13 00:00:00+09:00,957.4834594726562,957.4834594726562,957.4834594726562,957.4834594726562,0,0.0,0.0
2009-07-14 00:00:00+09:00,957.4834594726562,957.4834594726562,957.4834594726562,957.4834594726562,0,0.0,0.0
2009-07-15 00:00:00+09:00,919.5631713867188,919.5631713867188,919.5631713867188,919.5631713867188,100,0.0,0.0
2009-07-16 00:00:00+09:00,919.5631713867188,919.5631713867188,919.5631713867188,919.5631713867188,0,0.0,0.0
2009-07-17 00:00:00+09:00,919.5631713867188,919.5631713867188,919.5631713867188,919.5631713867188,0,0.0,0.0
2009-07-21 00:00:00+09:00,938.5233689911511,938.5233689911511,929.0433349609375,929.0433349609375,300,0.0,0.0
2009-07-22 00:00:00+09:00,929.0433349609375,929.0433349609375,929.0433349609375,929.0433349609375,0,0.0,0.0
2009-07-23 00:00:00+09:00,948.0033569335938,948.0033569335938,948.0033569335938,948.0033569335938,100,0.0,0.0
2009-07-24 00:00:00+09:00,948.0033569335938,948.0033569335938,948.0033569335938,948.0033569335938,0,0.0,0.0
2009-07-27 00:00:00+09:00,995.403573172433,995.403573172433,929.0433349609375,929.0433349609375,1400,0.0,0.0
2009-07-28 00:00:00+09:00,919.5631886491872,938.5232543945312,919.5631886491872,938.5232543945312,200,0.0,0.0
2009-07-29 00:00:00+09:00,948.0033569335938,948.0033569335938,948.0033569335938,948.0033569335938,400,0.0,0.0
2009-07-30 00:00:00+09:00,948.0033569335938,948.0033569335938,948.0033569335938,948.0033569335938,100,0.0,0.0
2009-07-31 00:00:00+09:00,948.0033569335938,948.0033569335938,938.5233233642577,948.0033569335938,500,0.0,0.0
2009-08-03 00:00:00+09:00,938.5232543945312,938.5232543945312,938.5232543945312,938.5232543945312,300,0.0,0.0
2009-08-04 00:00:00+09:00,948.0033569335938,948.0033569335938,948.0033569335938,948.0033569335938,200,0.0,0.0
2009-08-05 00:00:00+09:00,948.0033569335938,948.0033569335938,948.0033569335938,948.0033569335938,600,0.0,0.0
2009-08-06 00:00:00+09:00,948.0032872672033,948.0032872672033,938.5232543945312,938.5232543945312,500,0.0,0.0
2009-08-07 00:00:00+09:00,948.0034252204517,957.4834594726562,948.0034252204517,957.4834594726562,300,0.0,0.0
2009-08-10 00:00:00+09:00,938.5232543945312,948.0032872672033,938.5232543945312,938.5232543945312,500,0.0,0.0
2009-08-11 00:00:00+09:00,938.5232543945312,938.5232543945312,938.5232543945312,938.5232543945312,0,0.0,0.0
2009-08-12 00:00:00+09:00,948.0033569335938,948.0033569335938,938.5233233642577,948.0033569335938,300,0.0,0.0
2009-08-13 00:00:00+09:00,948.0033569335938,966.9634240722656,948.0033569335938,948.0033569335938,400,0.0,0.0
2009-08-14 00:00:00+09:00,957.4833457797181,966.96337890625,948.0033126531863,966.96337890625,900,0.0,0.0
2009-08-17 00:00:00+09:00,966.96337890625,966.96337890625,966.96337890625,966.96337890625,100,0.0,0.0
2009-08-18 00:00:00+09:00,966.96337890625,966.96337890625,966.96337890625,966.96337890625,0,0.0,0.0
2009-08-19 00:00:00+09:00,957.4833457797181,966.96337890625,957.4833457797181,966.96337890625,300,0.0,0.0
2009-08-20 00:00:00+09:00,957.4834594726562,957.4834594726562,957.4834594726562,957.4834594726562,100,0.0,0.0
2009-08-21 00:00:00+09:00,966.96337890625,966.96337890625,957.4833457797181,966.96337890625,400,0.0,0.0
2009-08-24 00:00:00+09:00,966.96337890625,966.96337890625,966.96337890625,966.96337890625,200,0.0,0.0
2009-08-25 00:00:00+09:00,976.4435424804688,976.4435424804688,976.4435424804688,976.4435424804688,100,0.0,0.0
2009-08-26 00:00:00+09:00,976.4433681781475,985.9234008789062,976.4433681781475,985.9234008789062,500,0.0,0.0
2009-08-27 00:00:00+09:00,995.4035719385687,1004.8836059570312,985.9235379201061,1004.8836059570312,300,0.0,0.0
2009-08-28 00:00:00+09:00,1004.8837062290737,1061.763916015625,1004.8837062290737,1061.763916015625,500,0.0,0.0
2009-08-31 00:00:00+09:00,1061.763916015625,1061.763916015625,1061.763916015625,1061.763916015625,300,0.0,0.0
2009-09-02 00:00:00+09:00,1052.2835693359375,1052.2835693359375,1052.2835693359375,1052.2835693359375,0,0.0,0.0
2009-09-03 00:00:00+09:00,1052.2835693359375,1052.2835693359375,1052.2835693359375,1052.2835693359375,0,0.0,0.0
2009-09-04 00:00:00+09:00,1052.2835693359375,1052.2835693359375,1052.2835693359375,1052.2835693359375,0,0.0,0.0
2009-09-07 00:00:00+09:00,995.4036112664973,995.4036112664973,976.4435424804688,976.4435424804688,600,0.0,0.0
2009-09-08 00:00:00+09:00,985.9234008789062,985.9234008789062,985.9234008789062,985.9234008789062,200,0.0,0.0
2009-09-09 00:00:00+09:00,985.9235379201061,1004.8836059570312,985.9235379201061,1004.8836059570312,200,0.0,0.0
2009-09-10 00:00:00+09:00,995.4034335796649,1004.8834662804237,985.9234008789062,985.9234008789062,300,0.0,0.0
2009-09-11 00:00:00+09:00,1004.8836805555555,1023.84375,1004.8836805555555,1023.84375,200,0.0,0.0
2009-09-14 00:00:00+09:00,1023.8436739939564,1023.8436739939564,1004.8836059570312,1004.8836059570312,300,0.0,0.0
2009-09-15 00:00:00+09:00,995.403564453125,995.403564453125,995.403564453125,995.403564453125,500,0.0,0.0
2009-09-16 00:00:00+09:00,995.4037111614823,1033.3238525390625,995.4037111614823,1033.3238525390625,300,0.0,0.0
2009-09-17 00:00:00+09:00,1023.843643465909,1042.8037109375,995.4035422585227,1042.8037109375,400,0.0,0.0
2009-09-18 00:00:00+09:00,976.4436404726921,1033.3238525390625,976.4436404726921,1033.3238525390625,700,0.0,0.0
2009-09-21 00:00:00+09:00,1033.3238525390625,1033.3238525390625,1033.3238525390625,1033.3238525390625,0,0.0,0.0
2009-09-24 00:00:00+09:00,1033.3236772017046,1042.8037109375,1033.3236772017046,1042.8037109375,300,0.0,0.0
2009-09-25 00:00:00+09:00,1042.803734188988,1042.803734188988,995.403564453125,995.403564453125,2000,0.0,0.0
2009-09-28 00:00:00+09:00,995.403564453125,995.403564453125,995.403564453125,995.403564453125,100,0.0,0.0
2009-09-29 00:00:00+09:00,995.403564453125,995.403564453125,995.403564453125,995.403564453125,0,0.0,0.0
2009-09-30 00:00:00+09:00,1042.8037109375,1042.8037109375,1042.8037109375,1042.8037109375,100,0.0,0.0
2009-10-01 00:00:00+09:00,948.0034252204517,957.4834594726562,948.0034252204517,957.4834594726562,300,0.0,0.0
2009-10-02 00:00:00+09:00,938.5232373751127,985.9234008789062,938.5232373751127,985.9234008789062,300,0.0,0.0
2009-10-05 00:00:00+09:00,985.9234008789062,985.9234008789062,985.9234008789062,985.9234008789062,0,0.0,0.0
2009-10-06 00:00:00+09:00,985.9234008789062,985.9234008789062,985.9234008789062,985.9234008789062,0,0.0,0.0
2009-10-07 00:00:00+09:00,948.0033569335938,948.0033569335938,948.0033569335938,948.0033569335938,100,0.0,0.0
2009-10-08 00:00:00+09:00,995.403564453125,995.403564453125,995.403564453125,995.403564453125,100,0.0,0.0
2009-10-09 00:00:00+09:00,948.0033569335938,948.0033569335938,948.0033569335938,948.0033569335938,100,0.0,0.0
2009-10-13 00:00:00+09:00,948.0033569335938,948.0033569335938,948.0033569335938,948.0033569335938,0,0.0,0.0
2009-10-14 00:00:00+09:00,985.9234008789062,985.9234008789062,985.9234008789062,985.9234008789062,100,0.0,0.0
2009-10-15 00:00:00+09:00,995.403564453125,995.403564453125,995.403564453125,995.403564453125,200,0.0,0.0
2009-10-16 00:00:00+09:00,995.403564453125,995.403564453125,995.403564453125,995.403564453125,0,0.0,0.0
2009-10-19 00:00:00+09:00,995.403564453125,995.403564453125,995.403564453125,995.403564453125,0,0.0,0.0
2009-10-20 00:00:00+09:00,948.0033569335938,948.0033569335938,948.0033569335938,948.0033569335938,200,0.0,0.0
2009-10-21 00:00:00+09:00,948.0033569335938,948.0033569335938,948.0033569335938,948.0033569335938,0,0.0,0.0
2009-10-22 00:00:00+09:00,948.0033569335938,948.0033569335938,948.0033569335938,948.0033569335938,0,0.0,0.0
2009-10-23 00:00:00+09:00,957.4834594726562,957.4834594726562,957.4834594726562,957.4834594726562,400,0.0,0.0
2009-10-26 00:00:00+09:00,957.4834594726562,957.4834594726562,957.4834594726562,957.4834594726562,0,0.0,0.0
2009-10-27 00:00:00+09:00,957.4834594726562,957.4834594726562,948.0034252204517,957.4834594726562,1000,0.0,0.0
2009-10-28 00:00:00+09:00,957.4834594726562,957.4834594726562,957.4834594726562,957.4834594726562,0,0.0,0.0
2009-10-29 00:00:00+09:00,938.5232543945312,938.5232543945312,938.5232543945312,938.5232543945312,400,0.0,0.0
2009-10-30 00:00:00+09:00,966.96337890625,966.96337890625,966.96337890625,966.96337890625,100,0.0,0.0
2009-11-02 00:00:00+09:00,938.5232543945312,938.5232543945312,938.5232543945312,938.5232543945312,100,0.0,0.0
2009-11-04 00:00:00+09:00,938.5232543945312,938.5232543945312,938.5232543945312,938.5232543945312,100,0.0,0.0
2009-11-05 00:00:00+09:00,938.5232543945312,938.5232543945312,938.5232543945312,938.5232543945312,0,0.0,0.0
2009-11-06 00:00:00+09:00,938.5232543945312,938.5232543945312,938.5232543945312,938.5232543945312,0,0.0,0.0
2009-11-09 00:00:00+09:00,948.0033569335938,948.0033569335938,948.0033569335938,948.0033569335938,200,0.0,0.0
2009-11-10 00:00:00+09:00,929.0433349609375,929.0433349609375,929.0433349609375,929.0433349609375,100,0.0,0.0
2009-11-11 00:00:00+09:00,929.0433349609375,929.0433349609375,929.0433349609375,929.0433349609375,0,0.0,0.0
2009-11-12 00:00:00+09:00,919.5631713867188,919.5631713867188,919.5631713867188,919.5631713867188,100,0.0,0.0
2009-11-13 00:00:00+09:00,919.5631713867188,919.5631713867188,919.5631713867188,919.5631713867188,0,0.0,0.0
2009-11-16 00:00:00+09:00,919.5632562255859,948.0033569335938,919.5632562255859,948.0033569335938,200,0.0,0.0
2009-11-17 00:00:00+09:00,948.0033569335938,948.0033569335938,948.0033569335938,948.0033569335938,0,0.0,0.0
2009-11-18 00:00:00+09:00,910.0833129882812,910.0833129882812,910.0833129882812,910.0833129882812,100,0.0,0.0
2009-11-19 00:00:00+09:00,834.242919921875,834.242919921875,834.242919921875,834.242919921875,100,0.0,0.0
2009-11-20 00:00:00+09:00,834.242919921875,834.242919921875,834.242919921875,834.242919921875,0,0.0,0.0
2009-11-24 00:00:00+09:00,843.7230224609375,843.7230224609375,843.7230224609375,843.7230224609375,100,0.0,0.0
2009-11-25 00:00:00+09:00,891.123046875,891.123046875,891.123046875,891.123046875,100,0.0,0.0
2009-11-26 00:00:00+09:00,891.123243967692,910.0833129882812,891.123243967692,910.0833129882812,700,0.0,0.0
2009-11-27 00:00:00+09:00,910.0833129882812,910.0833129882812,910.0833129882812,910.0833129882812,100,0.0,0.0
2009-11-30 00:00:00+09:00,957.4834594726562,957.4834594726562,957.4834594726562,957.4834594726562,100,0.0,0.0
2009-12-01 00:00:00+09:00,862.6830444335938,862.6830444335938,862.6830444335938,862.6830444335938,200,0.0,0.0
2009-12-02 00:00:00+09:00,862.6830444335938,862.6830444335938,862.6830444335938,862.6830444335938,0,0.0,0.0
2009-12-03 00:00:00+09:00,862.6829469176545,862.6829469176545,824.7628173828125,824.7628173828125,800,0.0,0.0
2009-12-04 00:00:00+09:00,824.7628173828125,824.7628173828125,824.7628173828125,824.7628173828125,0,0.0,0.0
2009-12-07 00:00:00+09:00,919.5631713867188,919.5631713867188,919.5631713867188,919.5631713867188,100,0.0,0.0
2009-12-08 00:00:00+09:00,910.0831825657895,910.0831825657895,900.6031494140625,900.6031494140625,200,0.0,0.0
2009-12-09 00:00:00+09:00,853.2030639648438,853.2030639648438,853.2030639648438,853.2030639648438,200,0.0,0.0
2009-12-10 00:00:00+09:00,815.2828510485197,900.6031494140625,815.2828510485197,900.6031494140625,500,0.0,0.0
2009-12-11 00:00:00+09:00,834.242919921875,834.242919921875,834.242919921875,834.242919921875,100,0.0,0.0
2009-12-14 00:00:00+09:00,853.2030639648438,853.2030639648438,853.2030639648438,853.2030639648438,100,0.0,0.0
2009-12-15 00:00:00+09:00,862.6830548095703,957.4833905029296,862.6830548095703,948.0033569335938,1300,0.0,0.0
2009-12-16 00:00:00+09:00,910.0832386363636,1042.8037109375,910.0832386363636,1042.8037109375,2600,0.0,0.0
2009-12-17 00:00:00+09:00,1042.803692626953,1042.803692626953,948.0033569335938,948.0033569335938,500,0.0,0.0
2009-12-18 00:00:00+09:00,948.0033569335938,948.0033569335938,948.0033569335938,948.0033569335938,0,0.0,0.0
2009-12-21 00:00:00+09:00,948.0033569335938,948.0033569335938,948.0033569335938,948.0033569335938,0,0.0,0.0
2009-12-22 00:00:00+09:00,900.6031494140625,900.6031494140625,900.6031494140625,900.6031494140625,100,0.0,0.0
2009-12-24 00:00:00+09:00,948.0033569335938,948.0033569335938,948.0033569335938,948.0033569335938,1100,0.0,0.0
2009-12-25 00:00:00+09:00,948.0033569335938,948.0033569335938,948.0033569335938,948.0033569335938,600,0.0,0.0
2009-12-28 00:00:00+09:00,995.403564453125,995.403564453125,995.403564453125,995.403564453125,2000,0.0,0.0
2009-12-29 00:00:00+09:00,995.403564453125,995.403564453125,995.403564453125,995.403564453125,0,0.0,0.0
2009-12-30 00:00:00+09:00,995.403564453125,995.403564453125,995.403564453125,995.403564453125,0,0.0,0.0
2010-01-04 00:00:00+09:00,995.403564453125,995.403564453125,995.403564453125,995.403564453125,0,0.0,0.0
2010-01-05 00:00:00+09:00,938.5233233642577,948.0033569335938,938.5233233642577,948.0033569335938,500,0.0,0.0
2010-01-06 00:00:00+09:00,948.0033569335938,948.0033569335938,948.0033569335938,948.0033569335938,100,0.0,0.0
2010-01-07 00:00:00+09:00,910.0833129882812,910.0833129882812,910.0833129882812,910.0833129882812,200,0.0,0.0
2010-01-08 00:00:00+09:00,872.1631749471028,910.0833129882812,872.1631749471028,910.0833129882812,300,0.0,0.0
2010-01-12 00:00:00+09:00,910.0833129882812,910.0833129882812,910.0833129882812,910.0833129882812,0,0.0,0.0
2010-01-13 00:00:00+09:00,891.123046875,891.123046875,891.123046875,891.123046875,100,0.0,0.0
2010-01-14 00:00:00+09:00,891.123046875,891.123046875,891.123046875,891.123046875,0,0.0,0.0
2010-01-15 00:00:00+09:00,872.1629820478723,891.123046875,872.1629820478723,891.123046875,400,0.0,0.0
2010-01-18 00:00:00+09:00,919.5631713867188,919.5631713867188,919.5631713867188,919.5631713867188,100,0.0,0.0
2010-01-19 00:00:00+09:00,872.1630079131766,919.5631713867188,872.1630079131766,919.5631713867188,200,0.0,0.0
2010-01-20 00:00:00+09:00,929.0433349609375,929.0433349609375,929.0433349609375,929.0433349609375,100,0.0,0.0
2010-01-21 00:00:00+09:00,929.0433349609375,929.0433349609375,929.0433349609375,929.0433349609375,0,0.0,0.0
2010-01-22 00:00:00+09:00,891.123243967692,910.0833129882812,891.123243967692,910.0833129882812,300,0.0,0.0
2010-01-25 00:00:00+09:00,910.0833129882812,910.0833129882812,910.0833129882812,910.0833129882812,300,0.0,0.0
2010-01-26 00:00:00+09:00,910.0833129882812,910.0833129882812,910.0833129882812,910.0833129882812,0,0.0,0.0
2010-01-27 00:00:00+09:00,910.0833129882812,910.0833129882812,910.0833129882812,910.0833129882812,100,0.0,0.0
2010-01-28 00:00:00+09:00,910.0833129882812,910.0833129882812,910.0833129882812,910.0833129882812,0,0.0,0.0
2010-01-29 00:00:00+09:00,881.6430144614362,891.123046875,881.6430144614362,891.123046875,800,0.0,0.0
2010-02-01 00:00:00+09:00,853.2029862837358,853.2029862837358,834.242919921875,834.242919921875,1000,0.0,0.0
2010-02-02 00:00:00+09:00,815.2828979492188,815.2828979492188,815.2828979492188,815.2828979492188,300,0.0,0.0
2010-02-03 00:00:00+09:00,815.2828979492188,815.2828979492188,815.2828979492188,815.2828979492188,100,0.0,0.0
2010-02-04 00:00:00+09:00,815.2828979492188,815.2828979492188,815.2828979492188,815.2828979492188,0,0.0,0.0
2010-02-05 00:00:00+09:00,834.242919921875,834.242919921875,834.242919921875,834.242919921875,100,0.0,0.0
2010-02-08 00:00:00+09:00,853.2030639648438,853.2030639648438,853.2030639648438,853.2030639648438,1200,0.0,0.0
2010-02-09 00:00:00+09:00,824.7629618326823,853.2030639648438,824.7629618326823,853.2030639648438,200,0.0,0.0
2010-02-10 00:00:00+09:00,853.2030639648438,853.2030639648438,853.2030639648438,853.2030639648438,100,0.0,0.0
2010-02-12 00:00:00+09:00,853.2030639648438,853.2030639648438,853.2030639648438,853.2030639648438,0,0.0,0.0
2010-02-15 00:00:00+09:00,853.2030244715074,853.2030244715074,805.8028564453125,805.8028564453125,300,0.0,0.0
2010-02-16 00:00:00+09:00,853.2030639648438,853.2030639648438,853.2030639648438,853.2030639648438,100,0.0,0.0
2010-02-17 00:00:00+09:00,805.8028564453125,805.8028564453125,805.8028564453125,805.8028564453125,1900,0.0,0.0
2010-02-18 00:00:00+09:00,805.8028564453125,805.8028564453125,805.8028564453125,805.8028564453125,700,0.0,0.0
2010-02-19 00:00:00+09:00,805.8028564453125,805.8028564453125,805.8028564453125,805.8028564453125,0,0.0,0.0
2010-02-22 00:00:00+09:00,805.8028564453125,805.8028564453125,805.8028564453125,805.8028564453125,0,0.0,0.0
2010-02-23 00:00:00+09:00,834.242919921875,834.242919921875,834.242919921875,834.242919921875,100,0.0,0.0
2010-02-24 00:00:00+09:00,834.242919921875,834.242919921875,834.242919921875,834.242919921875,0,0.0,0.0
2010-02-25 00:00:00+09:00,834.2429173519737,900.6031494140625,834.2429173519737,900.6031494140625,1400,0.0,0.0
2010-02-26 00:00:00+09:00,900.6031494140625,900.6031494140625,900.6031494140625,900.6031494140625,400,0.0,0.0
2010-03-01 00:00:00+09:00,900.6031494140625,900.6031494140625,900.6031494140625,900.6031494140625,200,0.0,0.0
2010-03-02 00:00:00+09:00,900.6031494140625,900.6031494140625,900.6031494140625,900.6031494140625,200,0.0,0.0
2010-03-03 00:00:00+09:00,900.6031494140625,900.6031494140625,900.6031494140625,900.6031494140625,0,0.0,0.0
2010-03-04 00:00:00+09:00,900.6031494140625,900.6031494140625,900.6031494140625,900.6031494140625,0,0.0,0.0
2010-03-05 00:00:00+09:00,853.2030639648438,853.2030639648438,853.2030639648438,853.2030639648438,300,0.0,0.0
2010-03-08 00:00:00+09:00,853.2030639648438,853.2030639648438,853.2030639648438,853.2030639648438,0,0.0,0.0
2010-03-09 00:00:00+09:00,872.1629820478723,891.123046875,872.1629820478723,891.123046875,200,0.0,0.0
2010-03-10 00:00:00+09:00,862.6830444335938,862.6830444335938,862.6830444335938,862.6830444335938,100,0.0,0.0
2010-03-11 00:00:00+09:00,862.6830444335938,862.6830444335938,862.6830444335938,862.6830444335938,100,0.0,0.0
2010-03-12 00:00:00+09:00,891.123046875,891.123046875,891.123046875,891.123046875,100,0.0,0.0
2010-03-15 00:00:00+09:00,891.123046875,891.123046875,891.123046875,891.123046875,0,0.0,0.0
2010-03-16 00:00:00+09:00,881.6431274414062,881.6431274414062,881.6431274414062,881.6431274414062,200,0.0,0.0
2010-03-17 00:00:00+09:00,881.6431274414062,881.6431274414062,881.6431274414062,881.6431274414062,300,0.0,0.0
2010-03-18 00:00:00+09:00,891.1231162623354,900.6031494140625,891.1231162623354,900.6031494140625,400,0.0,0.0
2010-03-19 00:00:00+09:00,891.1231447995365,891.1231447995365,862.6830444335938,862.6830444335938,900,0.0,0.0
2010-03-23 00:00:00+09:00,872.1629820478723,891.123046875,872.1629820478723,891.123046875,300,0.0,0.0
2010-03-24 00:00:00+09:00,891.1230733025935,919.5631713867188,891.1230733025935,919.5631713867188,1100,0.0,0.0
2010-03-25 00:00:00+09:00,919.5632132735907,966.96337890625,919.5632132735907,966.96337890625,900,0.0,0.0
2010-03-26 00:00:00+09:00,966.9635200500488,966.9635200500488,910.0833129882812,910.0833129882812,400,0.0,0.0
2010-03-29 00:00:00+09:00,872.163077888908,872.163077888908,853.2030109782795,862.6830444335938,800,0.0,0.0
2010-03-30 00:00:00+09:00,862.6830980088977,862.6830980088977,853.2030639648438,853.2030639648438,300,0.0,0.0
2010-03-31 00:00:00+09:00,862.6830444335938,862.6830444335938,862.6830444335938,862.6830444335938,300,0.0,0.0
2010-04-01 00:00:00+09:00,862.6830444335938,862.6830444335938,862.6830444335938,862.6830444335938,0,0.0,0.0
2010-04-02 00:00:00+09:00,862.6830523947011,872.1630859375,862.6830523947011,872.1630859375,2400,0.0,0.0
2010-04-05 00:00:00+09:00,872.1630859375,872.1630859375,872.1630859375,872.1630859375,0,0.0,0.0
2010-04-06 00:00:00+09:00,872.1630859375,872.1630859375,872.1630859375,872.1630859375,0,0.0,0.0
2010-04-07 00:00:00+09:00,872.1630859375,872.1630859375,872.1630859375,872.1630859375,0,0.0,0.0
2010-04-08 00:00:00+09:00,872.1630859375,872.1630859375,872.1630859375,872.1630859375,700,0.0,0.0
2010-04-09 00:00:00+09:00,843.7230224609375,843.7230224609375,843.7230224609375,843.7230224609375,300,0.0,0.0
2010-04-12 00:00:00+09:00,843.7230299207899,853.2030639648438,843.7230299207899,853.2030639648438,1300,0.0,0.0
2010-04-13 00:00:00+09:00,853.2030639648438,853.2030639648438,853.2030639648438,853.2030639648438,0,0.0,0.0
2010-04-14 00:00:00+09:00,853.2030639648438,853.2030639648438,853.2030639648438,853.2030639648438,0,0.0,0.0
2010-04-15 00:00:00+09:00,853.2030639648438,853.2030639648438,853.2030639648438,853.2030639648438,100,0.0,0.0
2010-04-16 00:00:00+09:00,853.2030639648438,853.2030639648438,853.2030639648438,853.2030639648438,100,0.0,0.0
2010-04-19 00:00:00+09:00,843.7230224609375,843.7230224609375,843.7230224609375,843.7230224609375,100,0.0,0.0
2010-04-20 00:00:00+09:00,843.7230224609375,843.7230224609375,843.7230224609375,843.7230224609375,0,0.0,0.0
2010-04-21 00:00:00+09:00,843.7230224609375,843.7230224609375,843.7230224609375,843.7230224609375,100,0.0,0.0
2010-04-22 00:00:00+09:00,834.242849766523,834.242849766523,824.7628173828125,824.7628173828125,600,0.0,0.0
2010-04-23 00:00:00+09:00,824.7629618326823,853.2030639648438,824.7629618326823,853.2030639648438,21050,0.0,0.0
2010-04-26 00:00:00+09:00,862.6830444335938,862.6830444335938,862.6830444335938,862.6830444335938,600,0.0,0.0
2010-04-27 00:00:00+09:00,872.1630859375,872.1630859375,872.1630859375,872.1630859375,1000,0.0,0.0
2010-04-28 00:00:00+09:00,872.1630859375,872.1630859375,872.1630859375,872.1630859375,0,0.0,0.0
2010-04-30 00:00:00+09:00,862.6830444335938,862.6830444335938,862.6830444335938,862.6830444335938,100,0.0,0.0
2010-05-06 00:00:00+09:00,862.6830444335938,862.6830444335938,862.6830444335938,862.6830444335938,300,0.0,0.0
2010-05-07 00:00:00+09:00,805.8028564453125,805.8028564453125,805.8028564453125,805.8028564453125,200,0.0,0.0
2010-05-10 00:00:00+09:00,805.8028564453125,805.8028564453125,805.8028564453125,805.8028564453125,0,0.0,0.0
2010-05-11 00:00:00+09:00,805.8028564453125,805.8028564453125,805.8028564453125,805.8028564453125,0,0.0,0.0
2010-05-12 00:00:00+09:00,805.8028564453125,805.8028564453125,805.8028564453125,805.8028564453125,0,0.0,0.0
2010-05-13 00:00:00+09:00,805.8028564453125,805.8028564453125,805.8028564453125,805.8028564453125,0,0.0,0.0
2010-05-14 00:00:00+09:00,805.8028564453125,805.8028564453125,805.8028564453125,805.8028564453125,0,0.0,0.0
2010-05-17 00:00:00+09:00,824.7628173828125,824.7628173828125,824.7628173828125,824.7628173828125,100,0.0,0.0
2010-05-18 00:00:00+09:00,824.7628173828125,824.7628173828125,824.7628173828125,824.7628173828125,0,0.0,0.0
2010-05-19 00:00:00+09:00,824.7628173828125,824.7628173828125,824.7628173828125,824.7628173828125,0,0.0,0.0
2010-05-20 00:00:00+09:00,805.8028564453125,805.8028564453125,805.8028564453125,805.8028564453125,300,0.0,0.0
2010-05-21 00:00:00+09:00,853.2030639648438,853.2030639648438,853.2030639648438,853.2030639648438,1000,0.0,0.0
2010-05-24 00:00:00+09:00,853.2030639648438,853.2030639648438,853.2030639648438,853.2030639648438,200,0.0,0.0
2010-05-25 00:00:00+09:00,862.6830980088977,862.6830980088977,853.2030639648438,853.2030639648438,600,0.0,0.0
2010-05-26 00:00:00+09:00,853.2030639648438,853.2030639648438,853.2030639648438,853.2030639648438,0,0.0,0.0
2010-05-27 00:00:00+09:00,853.2030639648438,853.2030639648438,853.2030639648438,853.2030639648438,200,0.0,0.0
2010-05-28 00:00:00+09:00,853.2030639648438,853.2030639648438,853.2030639648438,853.2030639648438,100,0.0,0.0
2010-05-31 00:00:00+09:00,862.6830580767464,862.6830580767464,805.8028564453125,805.8028564453125,400,0.0,0.0
2010-06-01 00:00:00+09:00,805.8028564453125,805.8028564453125,805.8028564453125,805.8028564453125,0,0.0,0.0
2010-06-02 00:00:00+09:00,805.8028564453125,805.8028564453125,805.8028564453125,805.8028564453125,0,0.0,0.0
2010-06-03 00:00:00+09:00,805.8028564453125,805.8028564453125,805.8028564453125,805.8028564453125,0,0.0,0.0
2010-06-04 00:00:00+09:00,853.2030639648438,853.2030639648438,853.2030639648438,853.2030639648438,200,0.0,0.0
2010-06-07 00:00:00+09:00,853.2030639648438,853.2030639648438,853.2030639648438,853.2030639648438,0,0.0,0.0
2010-06-08 00:00:00+09:00,853.2030639648438,853.2030639648438,853.2030639648438,853.2030639648438,0,0.0,0.0
2010-06-09 00:00:00+09:00,843.7230224609375,843.7230224609375,843.7230224609375,843.7230224609375,100,0.0,0.0
2010-06-10 00:00:00+09:00,834.242919921875,834.242919921875,834.242919921875,834.242919921875,100,0.0,0.0
2010-06-11 00:00:00+09:00,834.242919921875,834.242919921875,834.242919921875,834.242919921875,0,0.0,0.0
2010-06-14 00:00:00+09:00,853.2030639648438,853.2030639648438,853.2030639648438,853.2030639648438,400,0.0,0.0
2010-06-15 00:00:00+09:00,853.2030639648438,853.2030639648438,853.2030639648438,853.2030639648438,0,0.0,0.0
2010-06-16 00:00:00+09:00,853.2030639648438,853.2030639648438,853.2030639648438,853.2030639648438,200,0.0,0.0
2010-06-17 00:00:00+09:00,853.2030639648438,853.2030639648438,853.2030639648438,853.2030639648438,0,0.0,0.0
2010-06-18 00:00:00+09:00,853.2030639648438,853.2030639648438,853.2030639648438,853.2030639648438,200,0.0,0.0
2010-06-21 00:00:00+09:00,853.2030639648438,853.2030639648438,853.2030639648438,853.2030639648438,0,0.0,0.0
2010-06-22 00:00:00+09:00,853.2030639648438,853.2030639648438,853.2030639648438,853.2030639648438,0,0.0,0.0
2010-06-23 00:00:00+09:00,853.2030639648438,853.2030639648438,853.2030639648438,853.2030639648438,0,0.0,0.0
2010-06-24 00:00:00+09:00,853.2029836554276,900.6031494140625,853.2029836554276,900.6031494140625,14700,0.0,0.0
2010-06-25 00:00:00+09:00,900.6032341851129,900.6032341851129,853.2030639648438,853.2030639648438,800,0.0,0.0
2010-06-28 00:00:00+09:00,853.2030639648438,853.2030639648438,853.2030639648438,853.2030639648438,0,0.0,0.0
2010-06-29 00:00:00+09:00,853.2030639648438,853.2030639648438,853.2030639648438,853.2030639648438,0,0.0,0.0
2010-06-30 00:00:00+09:00,853.2030639648438,853.2030639648438,853.2030639648438,853.2030639648438,100,0.0,0.0
2010-07-01 00:00:00+09:00,853.2030639648438,853.2030639648438,853.2030639648438,853.2030639648438,0,0.0,0.0
2010-07-02 00:00:00+09:00,853.2030639648438,853.2030639648438,853.2030639648438,853.2030639648438,0,0.0,0.0
2010-07-05 00:00:00+09:00,853.2030639648438,853.2030639648438,853.2030639648438,853.2030639648438,0,0.0,0.0
2010-07-06 00:00:00+09:00,853.2030639648438,853.2030639648438,853.2030639648438,853.2030639648438,0,0.0,0.0
2010-07-07 00:00:00+09:00,853.2030639648438,853.2030639648438,853.2030639648438,853.2030639648438,200,0.0,0.0
2010-07-08 00:00:00+09:00,862.6830444335938,862.6830444335938,862.6830444335938,862.6830444335938,100,0.0,0.0
2010-07-09 00:00:00+09:00,853.2030265561996,881.6431274414062,853.2030265561996,881.6431274414062,200,0.0,0.0
2010-07-12 00:00:00+09:00,881.6431274414062,881.6431274414062,881.6431274414062,881.6431274414062,0,0.0,0.0
2010-07-13 00:00:00+09:00,881.6431274414062,881.6431274414062,881.6431274414062,881.6431274414062,100,0.0,0.0
2010-07-14 00:00:00+09:00,834.242919921875,843.7229531028054,834.242919921875,834.242919921875,300,0.0,0.0
2010-07-15 00:00:00+09:00,834.242919921875,834.242919921875,834.242919921875,834.242919921875,0,0.0,0.0
2010-07-16 00:00:00+09:00,834.242919921875,834.242919921875,834.242919921875,834.242919921875,0,0.0,0.0
2010-07-21 00:00:00+09:00,853.2030639648438,853.2030639648438,853.2030639648438,853.2030639648438,0,0.0,0.0
2010-07-22 00:00:00+09:00,853.2030639648438,853.2030639648438,853.2030639648438,853.2030639648438,0,0.0,0.0
2010-07-23 00:00:00+09:00,853.2030639648438,853.2030639648438,853.2030639648438,853.2030639648438,100,0.0,0.0
2010-07-26 00:00:00+09:00,900.6031494140625,900.6031494140625,900.6031494140625,900.6031494140625,400,0.0,0.0
2010-07-27 00:00:00+09:00,919.5631713867188,919.5631713867188,919.5631713867188,919.5631713867188,200,0.0,0.0
2010-07-28 00:00:00+09:00,900.6032328702966,929.0433349609375,900.6032328702966,929.0433349609375,500,0.0,0.0
2010-07-29 00:00:00+09:00,976.4435424804688,976.4435424804688,976.4435424804688,976.4435424804688,200,0.0,0.0
2010-07-30 00:00:00+09:00,976.4435545603434,976.4435545603434,910.0833129882812,910.0833129882812,200,0.0,0.0
2010-08-02 00:00:00+09:00,910.0833129882812,910.0833129882812,910.0833129882812,910.0833129882812,0,0.0,0.0
2010-08-03 00:00:00+09:00,910.0833129882812,910.0833129882812,910.0833129882812,910.0833129882812,0,0.0,0.0
2010-08-04 00:00:00+09:00,929.0433349609375,929.0433349609375,929.0433349609375,929.0433349609375,100,0.0,0.0
2010-08-05 00:00:00+09:00,929.0433349609375,929.0433349609375,929.0433349609375,929.0433349609375,0,0.0,0.0
2010-08-06 00:00:00+09:00,900.6031494140625,900.6031494140625,900.6031494140625,900.6031494140625,100,0.0,0.0
2010-08-09 00:00:00+09:00,938.5232543945312,938.5232543945312,938.5232543945312,938.5232543945312,200,0.0,0.0
2010-08-10 00:00:00+09:00,910.0833129882812,910.0833129882812,910.0833129882812,910.0833129882812,100,0.0,0.0
2010-08-11 00:00:00+09:00,910.0833129882812,910.0833129882812,910.0833129882812,910.0833129882812,0,0.0,0.0
2010-08-12 00:00:00+09:00,910.0833129882812,910.0833129882812,910.0833129882812,910.0833129882812,200,0.0,0.0
2010-08-13 00:00:00+09:00,910.0833129882812,910.0833129882812,910.0833129882812,910.0833129882812,0,0.0,0.0
2010-08-16 00:00:00+09:00,910.0833129882812,910.0833129882812,910.0833129882812,910.0833129882812,100,0.0,0.0
2010-08-17 00:00:00+09:00,910.0833129882812,910.0833129882812,910.0833129882812,910.0833129882812,0,0.0,0.0
2010-08-18 00:00:00+09:00,910.0831825657895,910.0831825657895,900.6031494140625,900.6031494140625,3400,0.0,0.0
2010-08-19 00:00:00+09:00,910.0833129882812,910.0833129882812,910.0833129882812,910.0833129882812,200,0.0,0.0
2010-08-20 00:00:00+09:00,910.0833129882812,910.0833129882812,910.0833129882812,910.0833129882812,0,0.0,0.0
2010-08-23 00:00:00+09:00,910.0833129882812,910.0833129882812,910.0833129882812,910.0833129882812,0,0.0,0.0
2010-08-24 00:00:00+09:00,910.0833129882812,910.0833129882812,910.0833129882812,910.0833129882812,0,0.0,0.0
2010-08-25 00:00:00+09:00,948.0034510294596,948.0034510294596,910.0833129882812,910.0833129882812,600,0.0,0.0
2010-08-26 00:00:00+09:00,910.0833129882812,910.0833129882812,910.0833129882812,910.0833129882812,0,0.0,0.0
2010-08-27 00:00:00+09:00,910.0833129882812,910.0833129882812,910.0833129882812,910.0833129882812,0,0.0,0.0
2010-08-30 00:00:00+09:00,910.0833129882812,910.0833129882812,910.0833129882812,910.0833129882812,0,0.0,0.0
2010-08-31 00:00:00+09:00,938.5232543945312,938.5232543945312,938.5232543945312,938.5232543945312,100,0.0,0.0
2010-09-01 00:00:00+09:00,938.5232543945312,938.5232543945312,938.5232543945312,938.5232543945312,0,0.0,0.0
2010-09-02 00:00:00+09:00,938.5232543945312,938.5232543945312,938.5232543945312,938.5232543945312,0,0.0,0.0
2010-09-03 00:00:00+09:00,938.5232543945312,938.5232543945312,938.5232543945312,938.5232543945312,0,0.0,0.0
2010-09-06 00:00:00+09:00,891.1231530230979,891.1231530230979,872.1630859375,872.1630859375,300,0.0,0.0
2010-09-07 00:00:00+09:00,881.6431274414062,881.6431274414062,881.6431274414062,881.6431274414062,100,0.0,0.0
2010-09-08 00:00:00+09:00,900.6031494140625,900.6031494140625,900.6031494140625,900.6031494140625,100,0.0,0.0
2010-09-09 00:00:00+09:00,900.6031494140625,900.6031494140625,900.6031494140625,900.6031494140625,0,0.0,0.0
2010-09-10 00:00:00+09:00,900.6031494140625,900.6031494140625,900.6031494140625,900.6031494140625,0,0.0,0.0
2010-09-13 00:00:00+09:00,900.6031494140625,900.6031494140625,900.6031494140625,900.6031494140625,0,0.0,0.0
2010-09-14 00:00:00+09:00,900.6031494140625,900.6031494140625,900.6031494140625,900.6031494140625,0,0.0,0.0
2010-09-16 00:00:00+09:00,862.6830444335938,862.6830444335938,862.6830444335938,862.6830444335938,100,0.0,0.0
2010-09-17 00:00:00+09:00,862.6830444335938,862.6830444335938,862.6830444335938,862.6830444335938,0,0.0,0.0
2010-09-21 00:00:00+09:00,862.6830444335938,862.6830444335938,862.6830444335938,862.6830444335938,0,0.0,0.0
2010-09-22 00:00:00+09:00,862.6830444335938,862.6830444335938,862.6830444335938,862.6830444335938,0,0.0,0.0
2010-09-24 00:00:00+09:00,891.123046875,891.123046875,891.123046875,891.123046875,100,0.0,0.0
2010-09-27 00:00:00+09:00,900.6031494140625,900.6031494140625,900.6031494140625,900.6031494140625,600,0.0,0.0
2010-09-28 00:00:00+09:00,805.8028178967927,900.6031494140625,805.8028178967927,900.6031494140625,300,0.0,0.0
2010-09-29 00:00:00+09:00,834.242919921875,834.242919921875,834.242919921875,834.242919921875,100,0.0,0.0
2010-09-30 00:00:00+09:00,881.6430831106085,900.6031494140625,881.6430831106085,900.6031494140625,500,0.0,0.0
2010-10-01 00:00:00+09:00,834.2428771343428,919.5631713867188,834.2428771343428,919.5631713867188,200,0.0,0.0
2010-10-04 00:00:00+09:00,900.6031494140625,900.6031494140625,900.6031494140625,900.6031494140625,100,0.0,0.0
2010-10-05 00:00:00+09:00,900.6031494140625,900.6031494140625,900.6031494140625,900.6031494140625,200,0.0,0.0
2010-10-06 00:00:00+09:00,900.6031494140625,900.6031494140625,900.6031494140625,900.6031494140625,0,0.0,0.0
2010-10-07 00:00:00+09:00,900.6032328702966,929.0433349609375,900.6032328702966,929.0433349609375,8650,0.0,0.0
2010-10-08 00:00:00+09:00,929.0433349609375,929.0433349609375,929.0433349609375,929.0433349609375,0,0.0,0.0
2010-10-12 00:00:00+09:00,929.0433349609375,929.0433349609375,929.0433349609375,929.0433349609375,100,0.0,0.0
2010-10-13 00:00:00+09:00,862.6830444335938,862.6830444335938,862.6830444335938,862.6830444335938,100,0.0,0.0
2010-10-14 00:00:00+09:00,862.6830444335938,862.6830444335938,862.6830444335938,862.6830444335938,100,0.0,0.0
2010-10-15 00:00:00+09:00,862.6830444335938,862.6830444335938,862.6830444335938,862.6830444335938,100,0.0,0.0
2010-10-18 00:00:00+09:00,862.6830444335938,862.6830444335938,862.6830444335938,862.6830444335938,300,0.0,0.0
2010-10-19 00:00:00+09:00,862.6830444335938,862.6830444335938,862.6830444335938,862.6830444335938,300,0.0,0.0
2010-10-20 00:00:00+09:00,862.6830444335938,862.6830444335938,862.6830444335938,862.6830444335938,300,0.0,0.0
2010-10-21 00:00:00+09:00,862.6830444335938,862.6830444335938,862.6830444335938,862.6830444335938,300,0.0,0.0
2010-10-22 00:00:00+09:00,872.1630859375,872.1630859375,872.1630859375,872.1630859375,100,0.0,0.0
2010-10-25 00:00:00+09:00,919.5631713867188,919.5631713867188,919.5631713867188,919.5631713867188,500,0.0,0.0
2010-10-26 00:00:00+09:00,919.5631713867188,919.5631713867188,919.5631713867188,919.5631713867188,500,0.0,0.0
2010-10-27 00:00:00+09:00,919.5631713867188,919.5631713867188,919.5631713867188,919.5631713867188,500,0.0,0.0
2010-10-28 00:00:00+09:00,919.5631713867188,919.5631713867188,919.5631713867188,919.5631713867188,500,0.0,0.0
2010-10-29 00:00:00+09:00,919.5631713867188,919.5631713867188,919.5631713867188,919.5631713867188,100,0.0,0.0
2010-11-01 00:00:00+09:00,929.0433349609375,929.0433349609375,929.0433349609375,929.0433349609375,100,0.0,0.0
2010-11-02 00:00:00+09:00,834.242919921875,834.242919921875,834.242919921875,834.242919921875,200,0.0,0.0
2010-11-04 00:00:00+09:00,853.2030639648438,853.2030639648438,853.2030639648438,853.2030639648438,100,0.0,0.0
2010-11-05 00:00:00+09:00,853.2030639648438,853.2030639648438,853.2030639648438,853.2030639648438,100,0.0,0.0
2010-11-08 00:00:00+09:00,834.2429440676511,862.6830444335938,834.2429440676511,862.6830444335938,400,0.0,0.0
2010-11-09 00:00:00+09:00,862.6829469176545,862.6829469176545,824.7628173828125,824.7628173828125,200,0.0,0.0
2010-11-10 00:00:00+09:00,824.7628241644966,824.7628241644966,767.8826293945312,767.8826293945312,400,0.0,0.0
2010-11-11 00:00:00+09:00,862.6830444335938,862.6830444335938,862.6830444335938,862.6830444335938,100,0.0,0.0
2010-11-12 00:00:00+09:00,862.6830444335938,862.6830444335938,862.6830444335938,862.6830444335938,100,0.0,0.0
2010-11-15 00:00:00+09:00,862.6830444335938,862.6830444335938,862.6830444335938,862.6830444335938,100,0.0,0.0
2010-11-16 00:00:00+09:00,824.7628173828125,824.7628173828125,824.7628173828125,824.7628173828125,100,0.0,0.0
2010-11-17 00:00:00+09:00,824.7628173828125,824.7628173828125,824.7628173828125,824.7628173828125,100,0.0,0.0
2010-11-18 00:00:00+09:00,872.1631320529515,872.1631320529515,853.2030639648438,853.2030639648438,200,0.0,0.0
2010-11-19 00:00:00+09:00,853.2030639648438,853.2030639648438,853.2030639648438,853.2030639648438,200,0.0,0.0
2010-11-22 00:00:00+09:00,853.2030639648438,853.2030639648438,853.2030639648438,853.2030639648438,200,0.0,0.0
2010-11-24 00:00:00+09:00,853.2030639648438,853.2030639648438,853.2030639648438,853.2030639648438,200,0.0,0.0
2010-11-25 00:00:00+09:00,900.6032341851129,900.6032341851129,853.2030639648438,853.2030639648438,800,0.0,0.0
2010-11-26 00:00:00+09:00,853.2030639648438,853.2030639648438,853.2030639648438,853.2030639648438,3000,0.0,0.0
2010-11-29 00:00:00+09:00,815.2828979492188,815.2828979492188,815.2828979492188,815.2828979492188,100,0.0,0.0
2010-11-30 00:00:00+09:00,853.2030265561996,881.6431274414062,805.8028584141886,881.6431274414062,800,0.0,0.0
2010-12-01 00:00:00+09:00,843.7230224609375,843.7230224609375,843.7230224609375,843.7230224609375,100,0.0,0.0
2010-12-02 00:00:00+09:00,843.7230224609375,843.7230224609375,843.7230224609375,843.7230224609375,100,0.0,0.0
2010-12-03 00:00:00+09:00,843.7230224609375,843.7230224609375,843.7230224609375,843.7230224609375,100,0.0,0.0
2010-12-06 00:00:00+09:00,843.7230224609375,843.7230224609375,843.7230224609375,843.7230224609375,100,0.0,0.0
2010-12-07 00:00:00+09:00,843.7230224609375,843.7230224609375,843.7230224609375,843.7230224609375,100,0.0,0.0
2010-12-08 00:00:00+09:00,843.7230224609375,843.7230224609375,843.7230224609375,843.7230224609375,100,0.0,0.0
2010-12-09 00:00:00+09:00,881.6430144614362,891.123046875,881.6430144614362,891.123046875,1400,0.0,0.0
2010-12-10 00:00:00+09:00,862.6830168071546,900.6031494140625,862.6830168071546,900.6031494140625,400,0.0,0.0
2010-12-13 00:00:00+09:00,900.6031494140625,900.6031494140625,900.6031494140625,900.6031494140625,11400,0.0,0.0
2010-12-14 00:00:00+09:00,881.6431274414062,881.6431274414062,881.6431274414062,881.6431274414062,200,0.0,0.0
2010-12-15 00:00:00+09:00,881.6431274414062,881.6431274414062,881.6431274414062,881.6431274414062,200,0.0,0.0
2010-12-16 00:00:00+09:00,862.6830444335938,862.6830444335938,862.6830444335938,862.6830444335938,100,0.0,0.0
2010-12-17 00:00:00+09:00,862.6830444335938,862.6830444335938,862.6830444335938,862.6830444335938,300,0.0,0.0
2010-12-20 00:00:00+09:00,853.2030639648438,853.2030639648438,853.2030639648438,853.2030639648438,100,0.0,0.0
2010-12-21 00:00:00+09:00,843.7228821502334,843.7228821502334,824.7628173828125,824.7628173828125,200,0.0,0.0
2010-12-22 00:00:00+09:00,824.7628173828125,824.7628173828125,824.7628173828125,824.7628173828125,200,0.0,0.0
2010-12-24 00:00:00+09:00,843.7230299207899,853.2030639648438,843.7230299207899,853.2030639648438,300,0.0,0.0
2010-12-27 00:00:00+09:00,900.6031494140625,900.6031494140625,900.6031494140625,900.6031494140625,600,0.0,0.0
2010-12-28 00:00:00+09:00,862.6830980088977,862.6830980088977,853.2030639648438,853.2030639648438,300,0.0,0.0
2010-12-29 00:00:00+09:00,853.2030639648438,853.2030639648438,853.2030639648438,853.2030639648438,300,0.0,0.0
2010-12-30 00:00:00+09:00,872.1631320529515,872.1631320529515,853.2030639648438,853.2030639648438,200,0.0,0.0
2011-01-04 00:00:00+09:00,853.2030639648438,853.2030639648438,853.2030639648438,853.2030639648438,200,0.0,0.0
2011-01-05 00:00:00+09:00,853.2030639648438,853.2030639648438,853.2030639648438,853.2030639648438,200,0.0,0.0
2011-01-06 00:00:00+09:00,853.2030639648438,853.2030639648438,853.2030639648438,853.2030639648438,200,0.0,0.0
2011-01-07 00:00:00+09:00,853.2030639648438,853.2030639648438,853.2030639648438,853.2030639648438,200,0.0,0.0
2011-01-11 00:00:00+09:00,853.2030639648438,853.2030639648438,853.2030639648438,853.2030639648438,200,0.0,0.0
2011-01-12 00:00:00+09:00,853.2030639648438,853.2030639648438,853.2030639648438,853.2030639648438,200,0.0,0.0
2011-01-13 00:00:00+09:00,853.2030639648438,853.2030639648438,853.2030639648438,853.2030639648438,200,0.0,0.0
2011-01-14 00:00:00+09:00,853.2030639648438,853.2030639648438,853.2030639648438,853.2030639648438,200,0.0,0.0
2011-01-17 00:00:00+09:00,853.2030639648438,853.2030639648438,853.2030639648438,853.2030639648438,200,0.0,0.0
2011-01-18 00:00:00+09:00,891.123046875,891.123046875,891.123046875,891.123046875,100,0.0,0.0
2011-01-19 00:00:00+09:00,862.6830444335938,862.6830444335938,862.6830444335938,862.6830444335938,200,0.0,0.0
2011-01-20 00:00:00+09:00,862.6830444335938,862.6830444335938,862.6830444335938,862.6830444335938,500,0.0,0.0
2011-01-21 00:00:00+09:00,862.6830980088977,862.6830980088977,853.2030639648438,853.2030639648438,300,0.0,0.0
2011-01-24 00:00:00+09:00,872.1630859375,872.1630859375,872.1630859375,872.1630859375,300,0.0,0.0
2011-01-25 00:00:00+09:00,881.6431274414062,881.6431274414062,881.6431274414062,881.6431274414062,500,0.0,0.0
2011-01-26 00:00:00+09:00,881.6431274414062,881.6431274414062,881.6431274414062,881.6431274414062,0,0.0,0.0
2011-01-27 00:00:00+09:00,881.6431274414062,881.6431274414062,881.6431274414062,881.6431274414062,500,0.0,0.0
2011-01-28 00:00:00+09:00,853.2030639648438,853.2030639648438,853.2030639648438,853.2030639648438,100,0.0,0.0
2011-01-31 00:00:00+09:00,872.1630859375,872.1630859375,872.1630859375,872.1630859375,100,0.0,0.0
2011-02-01 00:00:00+09:00,872.1630859375,872.1630859375,872.1630859375,872.1630859375,100,0.0,0.0
2011-02-02 00:00:00+09:00,872.1630859375,872.1630859375,872.1630859375,872.1630859375,100,0.0,0.0
2011-02-03 00:00:00+09:00,872.163093813004,881.6431274414062,872.163093813004,881.6431274414062,200,0.0,0.0
2011-02-04 00:00:00+09:00,881.6430144614362,891.123046875,881.6430144614362,891.123046875,600,0.0,0.0
2011-02-07 00:00:00+09:00,919.5633009307238,995.403573172433,910.0832669005101,929.0433349609375,1200,0.0,0.0
2011-02-08 00:00:00+09:00,929.0432215218592,938.5232543945312,929.0432215218592,938.5232543945312,300,0.0,0.0
2011-02-09 00:00:00+09:00,891.123046875,900.6030792885639,881.6430144614362,891.123046875,1000,0.0,0.0
2011-02-10 00:00:00+09:00,900.6031229038431,938.5232543945312,900.6031229038431,938.5232543945312,400,0.0,0.0
2011-02-14 00:00:00+09:00,948.0032694708441,1090.2037598914708,919.5631713867188,919.5631713867188,9600,0.0,0.0
2011-02-15 00:00:00+09:00,919.5631713867188,919.5631713867188,919.5631713867188,919.5631713867188,500,0.0,0.0
2011-02-16 00:00:00+09:00,929.0433349609375,929.0433349609375,929.0433349609375,929.0433349609375,800,0.0,0.0
2011-02-17 00:00:00+09:00,919.5633474985758,919.5633474985758,910.0833129882812,910.0833129882812,200,0.0,0.0
2011-02-18 00:00:00+09:00,919.5631886491872,938.5232543945312,900.6031229038431,938.5232543945312,1000,0.0,0.0
2011-02-21 00:00:00+09:00,910.0833129882812,919.5633474985758,910.0833129882812,910.0833129882812,400,0.0,0.0
2011-02-22 00:00:00+09:00,910.0833129882812,910.0833129882812,910.0833129882812,910.0833129882812,400,0.0,0.0
2011-02-23 00:00:00+09:00,910.0833129882812,910.0833129882812,910.0833129882812,910.0833129882812,100,0.0,0.0
2011-02-24 00:00:00+09:00,900.6031890869141,948.0033569335938,900.6031890869141,948.0033569335938,400,0.0,0.0
2011-02-25 00:00:00+09:00,948.0032872672033,948.0032872672033,929.0432215218592,938.5232543945312,700,0.0,0.0
2011-02-28 00:00:00+09:00,938.5232543945312,938.5232543945312,938.5232543945312,938.5232543945312,300,0.0,0.0
2011-03-01 00:00:00+09:00,938.5232543945312,938.5232543945312,938.5232543945312,938.5232543945312,300,0.0,0.0
2011-03-02 00:00:00+09:00,938.5232543945312,938.5232543945312,938.5232543945312,938.5232543945312,300,0.0,0.0
2011-03-03 00:00:00+09:00,938.5232543945312,938.5232543945312,938.5232543945312,938.5232543945312,100,0.0,0.0
2011-03-04 00:00:00+09:00,938.5232543945312,938.5232543945312,938.5232543945312,938.5232543945312,300,0.0,0.0
2011-03-07 00:00:00+09:00,938.5232543945312,938.5232543945312,938.5232543945312,938.5232543945312,100,0.0,0.0
2011-03-08 00:00:00+09:00,938.5232543945312,938.5232543945312,938.5232543945312,938.5232543945312,0,0.0,0.0
2011-03-09 00:00:00+09:00,948.0033569335938,948.0033569335938,938.5233233642577,948.0033569335938,300,0.0,0.0
2011-03-10 00:00:00+09:00,910.0833129882812,910.0833129882812,910.0833129882812,910.0833129882812,100,0.0,0.0
2011-03-11 00:00:00+09:00,919.5633474985758,1061.7638651529946,900.6032784779866,910.0833129882812,6100,0.0,0.0
2011-03-14 00:00:00+09:00,910.0833129882812,910.0833129882812,910.0833129882812,910.0833129882812,0,0.0,0.0
2011-03-15 00:00:00+09:00,805.8028608049665,805.8028608049665,663.6023559570312,663.6023559570312,600,0.0,0.0
2011-03-16 00:00:00+09:00,663.6023559570312,663.6023559570312,663.6023559570312,663.6023559570312,100,0.0,0.0
2011-03-17 00:00:00+09:00,711.0023993950385,815.2827513063108,711.0023993950385,729.9624633789062,600,0.0,0.0
2011-03-18 00:00:00+09:00,739.4426283725472,824.7629316463027,739.4426283725472,815.2828979492188,400,0.0,0.0
2011-03-22 00:00:00+09:00,853.2029862837358,853.2029862837358,834.242919921875,834.242919921875,600,0.0,0.0
2011-03-23 00:00:00+09:00,853.2029862837358,853.2029862837358,834.242919921875,834.242919921875,200,0.0,0.0
2011-03-24 00:00:00+09:00,900.6031494140625,900.6031494140625,900.6031494140625,900.6031494140625,600,0.0,0.0
2011-03-25 00:00:00+09:00,948.0033569335938,948.0033569335938,948.0033569335938,948.0033569335938,900,0.0,0.0
2011-03-28 00:00:00+09:00,938.5232543945312,938.5232543945312,938.5232543945312,938.5232543945312,100,0.0,0.0
2011-03-29 00:00:00+09:00,843.7229908662684,843.7229908662684,805.8028564453125,805.8028564453125,500,0.0,0.0
2011-03-30 00:00:00+09:00,900.6031494140625,900.6031494140625,900.6031494140625,900.6031494140625,600,0.0,0.0
2011-03-31 00:00:00+09:00,900.6030792885639,900.6030792885639,834.2428523936171,891.123046875,400,0.0,0.0
2011-04-01 00:00:00+09:00,853.2030639648438,853.2030639648438,853.2030639648438,853.2030639648438,200,0.0,0.0
2011-04-04 00:00:00+09:00,853.2030639648438,853.2030639648438,853.2030639648438,853.2030639648438,200,0.0,0.0
2011-04-05 00:00:00+09:00,862.6830444335938,862.6830444335938,862.6830444335938,862.6830444335938,100,0.0,0.0
2011-04-06 00:00:00+09:00,853.2030639648438,853.2030639648438,853.2030639648438,853.2030639648438,100,0.0,0.0
2011-04-07 00:00:00+09:00,824.7628173828125,824.7628173828125,824.7628173828125,824.7628173828125,200,0.0,0.0
2011-04-08 00:00:00+09:00,824.7628173828125,824.7628173828125,824.7628173828125,824.7628173828125,100,0.0,0.0
2011-04-11 00:00:00+09:00,824.7628173828125,824.7628173828125,824.7628173828125,824.7628173828125,100,0.0,0.0
2011-04-12 00:00:00+09:00,824.7628173828125,824.7628173828125,824.7628173828125,824.7628173828125,100,0.0,0.0
2011-04-13 00:00:00+09:00,824.7628173828125,824.7628173828125,824.7628173828125,824.7628173828125,100,0.0,0.0
2011-04-14 00:00:00+09:00,824.7628173828125,824.7628173828125,824.7628173828125,824.7628173828125,100,0.0,0.0
2011-04-15 00:00:00+09:00,853.2030639648438,853.2030639648438,853.2030639648438,853.2030639648438,200,0.0,0.0
2011-04-18 00:00:00+09:00,853.2030639648438,853.2030639648438,853.2030639648438,853.2030639648438,200,0.0,0.0
2011-04-19 00:00:00+09:00,824.7628867409445,834.242919921875,824.7628867409445,834.242919921875,300,0.0,0.0
2011-04-20 00:00:00+09:00,853.2030639648438,853.2030639648438,853.2030639648438,853.2030639648438,100,0.0,0.0
2011-04-21 00:00:00+09:00,853.2030639648438,853.2030639648438,853.2030639648438,853.2030639648438,100,0.0,0.0
2011-04-22 00:00:00+09:00,853.2030639648438,853.2030639648438,843.7230299207899,853.2030639648438,300,0.0,0.0
2011-04-25 00:00:00+09:00,843.7230224609375,843.7230224609375,843.7230224609375,843.7230224609375,400,0.0,0.0
2011-04-26 00:00:00+09:00,843.7230224609375,843.7230224609375,843.7230224609375,843.7230224609375,400,0.0,0.0
2011-04-27 00:00:00+09:00,843.7230224609375,843.7230224609375,843.7230224609375,843.7230224609375,400,0.0,0.0
2011-04-28 00:00:00+09:00,843.7230224609375,843.7230224609375,843.7230224609375,843.7230224609375,100,0.0,0.0
2011-05-02 00:00:00+09:00,843.7230224609375,843.7230224609375,843.7230224609375,843.7230224609375,0,0.0,0.0
2011-05-06 00:00:00+09:00,853.2030639648438,853.2030639648438,853.2030639648438,853.2030639648438,0,0.0,0.0
2011-05-09 00:00:00+09:00,853.2030639648438,853.2030639648438,853.2030639648438,853.2030639648438,0,0.0,0.0
2011-05-10 00:00:00+09:00,853.2030639648438,853.2030639648438,853.2030639648438,853.2030639648438,600,0.0,0.0
2011-05-11 00:00:00+09:00,853.2030639648438,853.2030639648438,853.2030639648438,853.2030639648438,200,0.0,0.0
2011-05-12 00:00:00+09:00,853.2030639648438,853.2030639648438,853.2030639648438,853.2030639648438,200,0.0,0.0
2011-05-13 00:00:00+09:00,824.7628173828125,824.7628173828125,824.7628173828125,824.7628173828125,100,0.0,0.0
2011-05-16 00:00:00+09:00,853.2030327375545,938.52333601131,815.2828979492188,815.2828979492188,5900,0.0,0.0
2011-05-17 00:00:00+09:00,824.7628241644966,824.7628241644966,767.8826293945312,767.8826293945312,1100,0.0,0.0
2011-05-18 00:00:00+09:00,796.3228149414062,796.3228149414062,796.3228149414062,796.3228149414062,100,0.0,0.0
2011-05-19 00:00:00+09:00,834.2429489862352,853.2030160086496,796.3228149414062,796.3228149414062,1900,0.0,0.0
2011-05-20 00:00:00+09:00,758.4026489257812,758.4026489257812,739.4425827026367,758.4026489257812,1700,0.0,0.0
2011-05-23 00:00:00+09:00,758.4026489257812,758.4026489257812,758.4026489257812,758.4026489257812,200,0.0,0.0
2011-05-24 00:00:00+09:00,758.402724847561,777.36279296875,758.402724847561,777.36279296875,300,0.0,0.0
2011-05-25 00:00:00+09:00,824.762915475028,824.762915475028,796.3228149414062,796.3228149414062,800,0.0,0.0
2011-05-26 00:00:00+09:00,796.3228149414062,796.3228149414062,796.3228149414062,796.3228149414062,800,0.0,0.0
2011-05-27 00:00:00+09:00,796.3228149414062,796.3228149414062,796.3228149414062,796.3228149414062,800,0.0,0.0
2011-05-30 00:00:00+09:00,796.3228149414062,796.3228149414062,796.3228149414062,796.3228149414062,0,0.0,0.0
2011-05-31 00:00:00+09:00,796.3228149414062,796.3228149414062,796.3228149414062,796.3228149414062,0,0.0,0.0
2011-06-01 00:00:00+09:00,786.8427734375,786.8427734375,786.8427734375,786.8427734375,800,0.0,0.0
2011-06-02 00:00:00+09:00,786.8427734375,786.8427734375,786.8427734375,786.8427734375,800,0.0,0.0
2011-06-03 00:00:00+09:00,786.8427734375,786.8427734375,786.8427734375,786.8427734375,800,0.0,0.0
2011-06-06 00:00:00+09:00,786.8427734375,786.8427734375,786.8427734375,786.8427734375,800,0.0,0.0
2011-06-07 00:00:00+09:00,786.8427734375,786.8427734375,786.8427734375,786.8427734375,800,0.0,0.0
2011-06-08 00:00:00+09:00,786.8427734375,786.8427734375,786.8427734375,786.8427734375,800,0.0,0.0
2011-06-09 00:00:00+09:00,786.8427734375,786.8427734375,786.8427734375,786.8427734375,100,0.0,0.0
2011-06-10 00:00:00+09:00,767.8826293945312,767.8826293945312,767.8826293945312,767.8826293945312,100,0.0,0.0
2011-06-13 00:00:00+09:00,767.8826293945312,767.8826293945312,767.8826293945312,767.8826293945312,100,0.0,0.0
2011-06-14 00:00:00+09:00,767.8826293945312,767.8826293945312,767.8826293945312,767.8826293945312,100,0.0,0.0
2011-06-15 00:00:00+09:00,786.842781430199,796.3228149414062,786.842781430199,796.3228149414062,200,0.0,0.0
2011-06-16 00:00:00+09:00,796.3228149414062,796.3228149414062,796.3228149414062,796.3228149414062,200,0.0,0.0
2011-06-17 00:00:00+09:00,796.3228149414062,796.3228149414062,796.3228149414062,796.3228149414062,200,0.0,0.0
2011-06-20 00:00:00+09:00,824.7629316463027,824.7629316463027,815.2828979492188,815.2828979492188,200,0.0,0.0
2011-06-21 00:00:00+09:00,815.2828979492188,815.2828979492188,815.2828979492188,815.2828979492188,200,0.0,0.0
2011-06-22 00:00:00+09:00,815.2828979492188,815.2828979492188,815.2828979492188,815.2828979492188,200,0.0,0.0
2011-06-23 00:00:00+09:00,777.36279296875,777.36279296875,777.36279296875,777.36279296875,200,0.0,0.0
2011-06-24 00:00:00+09:00,786.8427892348346,805.8028564453125,786.8427892348346,805.8028564453125,400,0.0,0.0
2011-06-27 00:00:00+09:00,805.8028564453125,805.8028564453125,805.8028564453125,805.8028564453125,500,0.0,0.0
2011-06-28 00:00:00+09:00,767.8827144077846,796.3228149414062,729.9625803629558,796.3228149414062,600,0.0,0.0
2011-06-29 00:00:00+09:00,796.3228149414062,796.3228149414062,796.3228149414062,796.3228149414062,600,0.0,0.0
2011-06-30 00:00:00+09:00,843.7230224609375,843.7230224609375,843.7230224609375,843.7230224609375,100,0.0,0.0
2011-07-01 00:00:00+09:00,796.3228149414062,796.3228149414062,796.3228149414062,796.3228149414062,100,0.0,0.0
2011-07-04 00:00:00+09:00,796.3228149414062,796.3228149414062,796.3228149414062,796.3228149414062,100,0.0,0.0
2011-07-05 00:00:00+09:00,796.3228149414062,796.3228149414062,796.3228149414062,796.3228149414062,100,0.0,0.0
2011-07-06 00:00:00+09:00,796.3228149414062,796.3228149414062,796.3228149414062,796.3228149414062,100,0.0,0.0
2011-07-07 00:00:00+09:00,805.8028564453125,805.8028564453125,805.8028564453125,805.8028564453125,100,0.0,0.0
2011-07-08 00:00:00+09:00,786.8427734375,786.8427734375,786.8427734375,786.8427734375,100,0.0,0.0
2011-07-11 00:00:00+09:00,786.8427734375,786.8427734375,786.8427734375,786.8427734375,100,0.0,0.0
2011-07-12 00:00:00+09:00,786.8427734375,786.8427734375,786.8427734375,786.8427734375,100,0.0,0.0
2011-07-13 00:00:00+09:00,786.8427734375,786.8427734375,786.8427734375,786.8427734375,100,0.0,0.0
2011-07-14 00:00:00+09:00,777.36279296875,777.36279296875,777.36279296875,777.36279296875,300,0.0,0.0
2011-07-15 00:00:00+09:00,777.36279296875,777.36279296875,777.36279296875,777.36279296875,300,0.0,0.0
2011-07-19 00:00:00+09:00,777.36279296875,777.36279296875,777.36279296875,777.36279296875,300,0.0,0.0
2011-07-20 00:00:00+09:00,786.8427734375,786.8427734375,786.8427734375,786.8427734375,100,0.0,0.0
2011-07-21 00:00:00+09:00,767.8826293945312,767.8826293945312,767.8826293945312,767.8826293945312,100,0.0,0.0
2011-07-22 00:00:00+09:00,767.8827144077846,796.3228149414062,767.8827144077846,796.3228149414062,300,0.0,0.0
2011-07-25 00:00:00+09:00,843.7230299207899,853.2030639648438,843.7230299207899,853.2030639648438,1100,0.0,0.0
2011-07-26 00:00:00+09:00,786.842781430199,796.3228149414062,777.3627479189919,796.3228149414062,1500,0.0,0.0
2011-07-27 00:00:00+09:00,796.3228149414062,796.3228149414062,796.3228149414062,796.3228149414062,1500,0.0,0.0
2011-07-28 00:00:00+09:00,796.3228149414062,796.3228149414062,796.3228149414062,796.3228149414062,1500,0.0,0.0
2011-07-29 00:00:00+09:00,796.322861089939,796.322861089939,777.36279296875,777.36279296875,300,0.0,0.0
2011-08-01 00:00:00+09:00,777.36279296875,777.36279296875,777.36279296875,777.36279296875,300,0.0,0.0
2011-08-02 00:00:00+09:00,796.3228149414062,796.3228149414062,796.3228149414062,796.3228149414062,100,0.0,0.0
2011-08-03 00:00:00+09:00,777.36279296875,777.36279296875,767.8827589081554,777.36279296875,300,0.0,0.0
2011-08-04 00:00:00+09:00,777.36279296875,777.36279296875,777.36279296875,777.36279296875,300,0.0,0.0
2011-08-05 00:00:00+09:00,767.8827360129055,767.8827360129055,748.9226684570312,748.9226684570312,500,0.0,0.0
2011-08-08 00:00:00+09:00,796.3228149414062,796.3228149414062,796.3228149414062,796.3228149414062,500,0.0,0.0
2011-08-09 00:00:00+09:00,748.9226684570312,748.9226684570312,748.9226684570312,748.9226684570312,100,0.0,0.0
2011-08-10 00:00:00+09:00,739.4426063629518,786.8427734375,739.4426063629518,786.8427734375,300,0.0,0.0
2011-08-11 00:00:00+09:00,786.8427734375,786.8427734375,786.8427734375,786.8427734375,100,0.0,0.0
2011-08-12 00:00:00+09:00,786.8427734375,786.8427734375,786.8427734375,786.8427734375,0,0.0,0.0
2011-08-15 00:00:00+09:00,786.8427734375,786.8427734375,786.8427734375,786.8427734375,100,0.0,0.0
2011-08-16 00:00:00+09:00,786.8427734375,786.8427734375,786.8427734375,786.8427734375,100,0.0,0.0
2011-08-17 00:00:00+09:00,786.8427734375,786.8427734375,786.8427734375,786.8427734375,100,0.0,0.0
2011-08-18 00:00:00+09:00,786.8427734375,786.8427734375,786.8427734375,786.8427734375,100,0.0,0.0
2011-08-19 00:00:00+09:00,786.8427734375,786.8427734375,786.8427734375,786.8427734375,100,0.0,0.0
2011-08-22 00:00:00+09:00,767.8827589081554,777.36279296875,767.8827589081554,777.36279296875,200,0.0,0.0
2011-08-23 00:00:00+09:00,805.8028564453125,805.8028564453125,805.8028564453125,805.8028564453125,100,0.0,0.0
2011-08-24 00:00:00+09:00,805.8028564453125,805.8028564453125,805.8028564453125,805.8028564453125,100,0.0,0.0
2011-08-25 00:00:00+09:00,843.7230224609375,843.7230224609375,843.7230224609375,843.7230224609375,500,0.0,0.0
2011-08-26 00:00:00+09:00,843.7230224609375,843.7230224609375,843.7230224609375,843.7230224609375,500,0.0,0.0
2011-08-29 00:00:00+09:00,843.7230224609375,843.7230224609375,843.7230224609375,843.7230224609375,0,0.0,0.0
2011-08-30 00:00:00+09:00,843.7230224609375,843.7230224609375,843.7230224609375,843.7230224609375,500,0.0,0.0
2011-08-31 00:00:00+09:00,824.7628173828125,824.7628173828125,824.7628173828125,824.7628173828125,100,0.0,0.0
2011-09-01 00:00:00+09:00,824.7628173828125,824.7628173828125,824.7628173828125,824.7628173828125,100,0.0,0.0
2011-09-02 00:00:00+09:00,805.8028564453125,805.8028564453125,805.8028564453125,805.8028564453125,100,0.0,0.0
2011-09-05 00:00:00+09:00,805.8028564453125,805.8028564453125,805.8028564453125,805.8028564453125,100,0.0,0.0
2011-09-06 00:00:00+09:00,796.3228149414062,796.3228149414062,796.3228149414062,796.3228149414062,100,0.0,0.0
2011-09-07 00:00:00+09:00,796.3228149414062,796.3228149414062,796.3228149414062,796.3228149414062,100,0.0,0.0
2011-09-08 00:00:00+09:00,796.3228149414062,796.3228149414062,796.3228149414062,796.3228149414062,100,0.0,0.0
2011-09-09 00:00:00+09:00,796.3228149414062,796.3228149414062,796.3228149414062,796.3228149414062,100,0.0,0.0
2011-09-12 00:00:00+09:00,805.8028564453125,805.8028564453125,805.8028564453125,805.8028564453125,100,0.0,0.0
2011-09-13 00:00:00+09:00,805.8028564453125,805.8028564453125,805.8028564453125,805.8028564453125,100,0.0,0.0
2011-09-14 00:00:00+09:00,834.2429572610295,834.2429572610295,805.8028564453125,805.8028564453125,200,0.0,0.0
2011-09-15 00:00:00+09:00,815.2829277886285,853.2030639648438,815.2829277886285,853.2030639648438,300,0.0,0.0
2011-09-16 00:00:00+09:00,853.2030639648438,853.2030639648438,853.2030639648438,853.2030639648438,300,0.0,0.0
2011-09-20 00:00:00+09:00,853.2030639648438,853.2030639648438,853.2030639648438,853.2030639648438,300,0.0,0.0
2011-09-21 00:00:00+09:00,834.242919921875,834.242919921875,834.242919921875,834.242919921875,100,0.0,0.0
2011-09-22 00:00:00+09:00,834.2429440676511,862.6830444335938,834.2429440676511,862.6830444335938,300,0.0,0.0
2011-09-26 00:00:00+09:00,881.643085826527,881.643085826527,834.242919921875,834.242919921875,800,0.0,0.0
2011-09-27 00:00:00+09:00,834.242919921875,834.242919921875,834.242919921875,834.242919921875,500,0.0,0.0
2011-09-28 00:00:00+09:00,834.242919921875,834.242919921875,834.242919921875,834.242919921875,500,0.0,0.0
2011-09-29 00:00:00+09:00,834.242919921875,834.242919921875,834.242919921875,834.242919921875,500,0.0,0.0
2011-09-30 00:00:00+09:00,881.6431274414062,881.6431274414062,881.6431274414062,881.6431274414062,100,0.0,0.0
2011-10-03 00:00:00+09:00,805.8028564453125,805.8028564453125,805.8028564453125,805.8028564453125,200,0.0,0.0
2011-10-04 00:00:00+09:00,805.8028564453125,805.8028564453125,805.8028564453125,805.8028564453125,200,0.0,0.0
2011-10-05 00:00:00+09:00,805.8028564453125,805.8028564453125,805.8028564453125,805.8028564453125,200,0.0,0.0
2011-10-06 00:00:00+09:00,805.8028564453125,805.8028564453125,805.8028564453125,805.8028564453125,200,0.0,0.0
2011-10-07 00:00:00+09:00,805.8028564453125,805.8028564453125,805.8028564453125,805.8028564453125,200,0.0,0.0
2011-10-11 00:00:00+09:00,805.8028564453125,805.8028564453125,805.8028564453125,805.8028564453125,200,0.0,0.0
2011-10-12 00:00:00+09:00,805.8028564453125,805.8028564453125,805.8028564453125,805.8028564453125,200,0.0,0.0
2011-10-13 00:00:00+09:00,805.8028564453125,805.8028564453125,805.8028564453125,805.8028564453125,200,0.0,0.0
2011-10-14 00:00:00+09:00,805.8028564453125,805.8028564453125,805.8028564453125,805.8028564453125,200,0.0,0.0
2011-10-17 00:00:00+09:00,805.8028564453125,805.8028564453125,805.8028564453125,805.8028564453125,200,0.0,0.0
2011-10-18 00:00:00+09:00,758.4025969328704,767.8826293945312,758.4025969328704,767.8826293945312,500,0.0,0.0
2011-10-19 00:00:00+09:00,767.8826293945312,767.8826293945312,767.8826293945312,767.8826293945312,200,0.0,0.0
2011-10-20 00:00:00+09:00,767.8826293945312,767.8826293945312,767.8826293945312,767.8826293945312,200,0.0,0.0
2011-10-21 00:00:00+09:00,767.8826293945312,767.8826293945312,767.8826293945312,767.8826293945312,200,0.0,0.0
2011-10-24 00:00:00+09:00,796.3228149414062,796.3228149414062,796.3228149414062,796.3228149414062,200,0.0,0.0
2011-10-25 00:00:00+09:00,834.242919921875,834.242919921875,834.242919921875,834.242919921875,600,0.0,0.0
2011-10-26 00:00:00+09:00,834.242919921875,834.242919921875,834.242919921875,834.242919921875,600,0.0,0.0
2011-10-27 00:00:00+09:00,834.242919921875,834.242919921875,834.242919921875,834.242919921875,600,0.0,0.0
2011-10-28 00:00:00+09:00,834.242919921875,834.242919921875,834.242919921875,834.242919921875,600,0.0,0.0
2011-10-31 00:00:00+09:00,853.2030639648438,853.2030639648438,853.2030639648438,853.2030639648438,100,0.0,0.0
2011-11-01 00:00:00+09:00,853.2030639648438,853.2030639648438,853.2030639648438,853.2030639648438,100,0.0,0.0
2011-11-02 00:00:00+09:00,853.2030639648438,853.2030639648438,853.2030639648438,853.2030639648438,100,0.0,0.0
2011-11-04 00:00:00+09:00,853.2030639648438,853.2030639648438,853.2030639648438,853.2030639648438,100,0.0,0.0
2011-11-07 00:00:00+09:00,853.2030639648438,853.2030639648438,853.2030639648438,853.2030639648438,100,0.0,0.0
2011-11-08 00:00:00+09:00,862.6830444335938,862.6830444335938,862.6830444335938,862.6830444335938,100,0.0,0.0
2011-11-09 00:00:00+09:00,862.6830444335938,862.6830444335938,862.6830444335938,862.6830444335938,100,0.0,0.0
2011-11-10 00:00:00+09:00,862.6830444335938,862.6830444335938,862.6830444335938,862.6830444335938,100,0.0,0.0
2011-11-11 00:00:00+09:00,862.6830444335938,862.6830444335938,862.6830444335938,862.6830444335938,100,0.0,0.0
2011-11-14 00:00:00+09:00,862.6830444335938,862.6830444335938,862.6830444335938,862.6830444335938,100,0.0,0.0
2011-11-15 00:00:00+09:00,786.842754017223,834.242919921875,786.842754017223,834.242919921875,200,0.0,0.0
2011-11-16 00:00:00+09:00,834.242919921875,834.242919921875,834.242919921875,834.242919921875,100,0.0,0.0
2011-11-17 00:00:00+09:00,834.242919921875,834.242919921875,834.242919921875,834.242919921875,100,0.0,0.0
2011-11-18 00:00:00+09:00,834.242919921875,834.242919921875,834.242919921875,834.242919921875,100,0.0,0.0
2011-11-21 00:00:00+09:00,834.242919921875,834.242919921875,834.242919921875,834.242919921875,100,0.0,0.0
2011-11-22 00:00:00+09:00,834.242919921875,834.242919921875,834.242919921875,834.242919921875,0,0.0,0.0
2011-11-24 00:00:00+09:00,853.2030188519022,872.1630859375,853.2030188519022,872.1630859375,400,0.0,0.0
2011-11-25 00:00:00+09:00,872.1630741716867,872.1630741716867,786.8427734375,786.8427734375,800,0.0,0.0
2011-11-28 00:00:00+09:00,786.8427734375,786.8427734375,786.8427734375,786.8427734375,800,0.0,0.0
2011-11-29 00:00:00+09:00,786.8427734375,786.8427734375,786.8427734375,786.8427734375,800,0.0,0.0
2011-11-30 00:00:00+09:00,834.242919921875,834.242919921875,834.242919921875,834.242919921875,100,0.0,0.0
2011-12-01 00:00:00+09:00,881.643085826527,881.643085826527,834.242919921875,834.242919921875,200,0.0,0.0
2011-12-02 00:00:00+09:00,796.3228149414062,796.3228149414062,796.3228149414062,796.3228149414062,200,0.0,0.0
2011-12-05 00:00:00+09:00,796.3228149414062,796.3228149414062,796.3228149414062,796.3228149414062,100,0.0,0.0
2011-12-06 00:00:00+09:00,843.7230224609375,843.7230224609375,843.7230224609375,843.7230224609375,100,0.0,0.0
2011-12-07 00:00:00+09:00,843.7229990404707,843.7229990404707,805.8028642521349,815.2828979492188,300,0.0,0.0
2011-12-08 00:00:00+09:00,815.2828979492188,815.2828979492188,815.2828979492188,815.2828979492188,300,0.0,0.0
2011-12-09 00:00:00+09:00,815.2828979492188,815.2828979492188,815.2828979492188,815.2828979492188,300,0.0,0.0
2011-12-12 00:00:00+09:00,805.8028564453125,805.8028564453125,805.8028564453125,805.8028564453125,300,0.0,0.0
2011-12-13 00:00:00+09:00,805.8028564453125,805.8028564453125,805.8028564453125,805.8028564453125,300,0.0,0.0
2011-12-14 00:00:00+09:00,805.8028564453125,805.8028564453125,805.8028564453125,805.8028564453125,300,0.0,0.0
2011-12-15 00:00:00+09:00,805.8028564453125,805.8028564453125,805.8028564453125,805.8028564453125,0,0.0,0.0
2011-12-16 00:00:00+09:00,805.8028564453125,805.8028564453125,805.8028564453125,805.8028564453125,300,0.0,0.0
2011-12-19 00:00:00+09:00,805.8028564453125,805.8028564453125,805.8028564453125,805.8028564453125,100,0.0,0.0
2011-12-20 00:00:00+09:00,805.8028564453125,805.8028564453125,805.8028564453125,805.8028564453125,100,0.0,0.0
2011-12-21 00:00:00+09:00,834.242919921875,834.242919921875,834.242919921875,834.242919921875,100,0.0,0.0
2011-12-22 00:00:00+09:00,824.7629106123369,862.6830444335938,824.7629106123369,862.6830444335938,300,0.0,0.0
2011-12-26 00:00:00+09:00,862.6830444335938,862.6830444335938,862.6830444335938,862.6830444335938,0,0.0,0.0
2011-12-27 00:00:00+09:00,815.2828979492188,815.2828979492188,815.2828979492188,815.2828979492188,100,0.0,0.0
2011-12-28 00:00:00+09:00,815.2828979492188,815.2828979492188,815.2828979492188,815.2828979492188,100,0.0,0.0
2011-12-29 00:00:00+09:00,805.8028564453125,805.8028564453125,805.8028564453125,805.8028564453125,100,0.0,0.0
2011-12-30 00:00:00+09:00,853.2029172207448,891.123046875,853.2029172207448,891.123046875,300,0.0,0.0
2012-01-04 00:00:00+09:00,900.6031494140625,900.6031494140625,900.6031494140625,900.6031494140625,200,0.0,0.0
2012-01-05 00:00:00+09:00,853.2029172207448,891.123046875,843.7228848071809,891.123046875,300,0.0,0.0
2012-01-06 00:00:00+09:00,872.1630859375,872.1630859375,872.1630859375,872.1630859375,100,0.0,0.0
2012-01-10 00:00:00+09:00,872.1630859375,872.1630859375,872.1630859375,872.1630859375,300,0.0,0.0
2012-01-11 00:00:00+09:00,872.1631320529515,872.1631320529515,853.2030639648438,853.2030639648438,300,0.0,0.0
2012-01-12 00:00:00+09:00,862.6830444335938,862.6830444335938,862.6830444335938,862.6830444335938,100,0.0,0.0
2012-01-13 00:00:00+09:00,862.6830444335938,862.6830444335938,862.6830444335938,862.6830444335938,100,0.0,0.0
2012-01-16 00:00:00+09:00,862.6830444335938,862.6830444335938,862.6830444335938,862.6830444335938,100,0.0,0.0
2012-01-17 00:00:00+09:00,862.6830444335938,862.6830444335938,862.6830444335938,862.6830444335938,100,0.0,0.0
2012-01-18 00:00:00+09:00,853.2030639648438,853.2030639648438,853.2030639648438,853.2030639648438,100,0.0,0.0
2012-01-19 00:00:00+09:00,862.6830444335938,862.6830444335938,862.6830444335938,862.6830444335938,200,0.0,0.0
2012-01-20 00:00:00+09:00,900.6031494140625,900.6031494140625,900.6031494140625,900.6031494140625,300,0.0,0.0
2012-01-23 00:00:00+09:00,891.123046875,891.123046875,891.123046875,891.123046875,100,0.0,0.0
2012-01-24 00:00:00+09:00,891.1231162623354,900.6031494140625,891.1231162623354,900.6031494140625,300,0.0,0.0
2012-01-25 00:00:00+09:00,891.123046875,891.123046875,891.123046875,891.123046875,500,0.0,0.0
2012-01-26 00:00:00+09:00,881.6431274414062,881.6431274414062,881.6431274414062,881.6431274414062,100,0.0,0.0
2012-01-27 00:00:00+09:00,891.1231162623354,900.6031494140625,891.1231162623354,900.6031494140625,200,0.0,0.0
2012-01-30 00:00:00+09:00,881.6431274414062,881.6431274414062,881.6431274414062,881.6431274414062,200,0.0,0.0
2012-01-31 00:00:00+09:00,929.0432488692434,948.0033151726973,900.6031494140625,900.6031494140625,500,0.0,0.0
2012-02-01 00:00:00+09:00,881.643119480299,881.643119480299,872.1630859375,872.1630859375,400,0.0,0.0
2012-02-02 00:00:00+09:00,891.1231162623354,900.6031494140625,891.1231162623354,900.6031494140625,600,0.0,0.0
2012-02-03 00:00:00+09:00,900.6031494140625,900.6031494140625,900.6031494140625,900.6031494140625,600,0.0,0.0
2012-02-06 00:00:00+09:00,900.6031494140625,900.6031494140625,900.6031494140625,900.6031494140625,600,0.0,0.0
2012-02-07 00:00:00+09:00,881.6431274414062,881.6431274414062,881.6431274414062,881.6431274414062,100,0.0,0.0
2012-02-08 00:00:00+09:00,881.6430831106085,900.6031494140625,881.6430831106085,900.6031494140625,500,0.0,0.0
2012-02-09 00:00:00+09:00,900.6031494140625,900.6031494140625,900.6031494140625,900.6031494140625,100,0.0,0.0
2012-02-10 00:00:00+09:00,938.5232795266544,966.96337890625,900.603147020527,966.96337890625,800,0.0,0.0
2012-02-13 00:00:00+09:00,919.5632157175164,919.5632157175164,900.6031494140625,900.6031494140625,800,0.0,0.0
2012-02-14 00:00:00+09:00,891.1231530230979,891.1231530230979,872.1630859375,872.1630859375,500,0.0,0.0
2012-02-15 00:00:00+09:00,872.1630859375,872.1630859375,872.1630859375,872.1630859375,500,0.0,0.0
2012-02-16 00:00:00+09:00,881.6431274414062,881.6431274414062,881.6431274414062,881.6431274414062,100,0.0,0.0
2012-02-17 00:00:00+09:00,881.6431274414062,881.6431274414062,881.6431274414062,881.6431274414062,100,0.0,0.0
2012-02-20 00:00:00+09:00,881.643119480299,900.6031865658967,872.1630859375,872.1630859375,400,0.0,0.0
2012-02-21 00:00:00+09:00,891.123046875,891.123046875,891.123046875,891.123046875,100,0.0,0.0
2012-02-22 00:00:00+09:00,910.0833129882812,910.0833129882812,910.0833129882812,910.0833129882812,100,0.0,0.0
2012-02-23 00:00:00+09:00,900.6031494140625,900.6031494140625,900.6031494140625,900.6031494140625,100,0.0,0.0
2012-02-24 00:00:00+09:00,919.5633009307238,929.0433349609375,919.5633009307238,929.0433349609375,400,0.0,0.0
2012-02-27 00:00:00+09:00,976.4435424804688,976.4435424804688,976.4435424804688,976.4435424804688,800,0.0,0.0
2012-02-28 00:00:00+09:00,966.96337890625,966.96337890625,966.96337890625,966.96337890625,300,0.0,0.0
2012-02-29 00:00:00+09:00,957.4833905029296,957.4833905029296,948.0033569335938,948.0033569335938,400,0.0,0.0
2012-03-01 00:00:00+09:00,948.0033569335938,948.0033569335938,948.0033569335938,948.0033569335938,400,0.0,0.0
2012-03-02 00:00:00+09:00,948.0033569335938,948.0033569335938,948.0033569335938,948.0033569335938,400,0.0,0.0
2012-03-05 00:00:00+09:00,966.96337890625,966.96337890625,966.96337890625,966.96337890625,100,0.0,0.0
2012-03-06 00:00:00+09:00,966.96337890625,966.96337890625,966.96337890625,966.96337890625,0,0.0,0.0
2012-03-07 00:00:00+09:00,966.96337890625,966.96337890625,966.96337890625,966.96337890625,200,0.0,0.0
2012-03-08 00:00:00+09:00,966.96337890625,966.96337890625,966.96337890625,966.96337890625,0,0.0,0.0
2012-03-09 00:00:00+09:00,948.0033569335938,948.0033569335938,948.0033569335938,948.0033569335938,300,0.0,0.0
2012-03-12 00:00:00+09:00,948.0033569335938,948.0033569335938,948.0033569335938,948.0033569335938,0,0.0,0.0
2012-03-13 00:00:00+09:00,995.403564453125,995.403564453125,995.403564453125,995.403564453125,300,0.0,0.0
2012-03-14 00:00:00+09:00,957.4834736944402,976.4435424804688,957.4834736944402,976.4435424804688,200,0.0,0.0
2012-03-15 00:00:00+09:00,957.4834370515784,957.4834370515784,929.0433349609375,929.0433349609375,500,0.0,0.0
2012-03-16 00:00:00+09:00,957.483401567508,1213.444310897436,957.483401567508,1109.1639404296875,9200,0.0,0.0
2012-03-19 00:00:00+09:00,1137.6041259765625,1469.4053293863933,1137.6041259765625,1137.6041259765625,10200,0.0,0.0
2012-03-21 00:00:00+09:00,1185.0042828058793,1185.0042828058793,1118.64404296875,1118.64404296875,1000,0.0,0.0
2012-03-22 00:00:00+09:00,1071.2439509800502,1080.7239859444755,1052.2838810511998,1061.763916015625,2400,0.0,0.0
2012-03-23 00:00:00+09:00,1052.2838275200497,1071.243896484375,1033.3237585557245,1071.243896484375,700,0.0,0.0
2012-03-26 00:00:00+09:00,1071.2439509800502,1099.6840558733259,1061.763916015625,1061.763916015625,1200,0.0,0.0
2012-03-27 00:00:00+09:00,1061.7636014921172,1071.2436336482967,1052.2835693359375,1052.2835693359375,500,0.0,0.0
2012-03-28 00:00:00+09:00,1014.3634989811824,1014.3634989811824,976.4433681781475,985.9234008789062,800,0.0,0.0
2012-03-29 00:00:00+09:00,985.9234008789062,985.9234008789062,985.9234008789062,985.9234008789062,400,0.0,0.0
2012-03-30 00:00:00+09:00,985.9234008789062,985.9234008789062,985.9234008789062,985.9234008789062,500,0.0,0.0
2012-04-02 00:00:00+09:00,957.4834594726562,957.4834594726562,957.4834594726562,957.4834594726562,500,0.0,0.0
2012-04-03 00:00:00+09:00,948.0033151726973,948.0033151726973,881.6430831106085,900.6031494140625,1700,0.0,0.0
2012-04-04 00:00:00+09:00,919.5632132735907,1109.163875804228,910.0831801470588,966.96337890625,22600,0.0,0.0
2012-04-05 00:00:00+09:00,995.4036112664973,1004.8836456595114,938.5234049084116,976.4435424804688,1600,0.0,0.0
2012-04-06 00:00:00+09:00,948.0034393014259,976.4435424804688,948.0034393014259,976.4435424804688,800,0.0,0.0
2012-04-09 00:00:00+09:00,948.0033569335938,948.0033569335938,948.0033569335938,948.0033569335938,200,0.0,0.0
2012-04-10 00:00:00+09:00,948.0032872672033,948.0032872672033,938.5232543945312,938.5232543945312,200,0.0,0.0
2012-04-11 00:00:00+09:00,948.0033569335938,948.0033569335938,948.0033569335938,948.0033569335938,100,0.0,0.0
2012-04-12 00:00:00+09:00,957.4834594726562,957.4834594726562,957.4834594726562,957.4834594726562,100,0.0,0.0
2012-04-13 00:00:00+09:00,966.9634937248608,966.9634937248608,957.4834594726562,957.4834594726562,500,0.0,0.0
2012-04-16 00:00:00+09:00,938.5233689911511,938.5233689911511,929.0433349609375,929.0433349609375,400,0.0,0.0
2012-04-17 00:00:00+09:00,919.5633474985758,919.5633474985758,910.0833129882812,910.0833129882812,500,0.0,0.0
2012-04-18 00:00:00+09:00,919.5633474985758,919.5633474985758,900.6032784779866,910.0833129882812,700,0.0,0.0
2012-04-19 00:00:00+09:00,910.0833129882812,910.0833129882812,910.0833129882812,910.0833129882812,200,0.0,0.0
2012-04-20 00:00:00+09:00,919.5631713867188,919.5631713867188,919.5631713867188,919.5631713867188,100,0.0,0.0
2012-04-23 00:00:00+09:00,919.5631713867188,919.5631713867188,919.5631713867188,919.5631713867188,300,0.0,0.0
2012-04-24 00:00:00+09:00,938.5232373751127,985.9234008789062,929.043204674354,985.9234008789062,600,0.0,0.0
2012-04-25 00:00:00+09:00,976.4435424804688,976.4435424804688,976.4435424804688,976.4435424804688,700,0.0,0.0
2012-04-26 00:00:00+09:00,976.4435424804688,976.4435424804688,976.4435424804688,976.4435424804688,700,0.0,0.0
2012-04-27 00:00:00+09:00,948.0034030213648,948.0034030213648,929.0433349609375,929.0433349609375,400,0.0,0.0
2012-05-01 00:00:00+09:00,929.0433349609375,929.0433349609375,929.0433349609375,929.0433349609375,0,0.0,0.0
2012-05-02 00:00:00+09:00,929.0433349609375,929.0433349609375,929.0433349609375,929.0433349609375,400,0.0,0.0
2012-05-07 00:00:00+09:00,900.6031494140625,900.6031494140625,900.6031494140625,900.6031494140625,100,0.0,0.0
2012-05-08 00:00:00+09:00,881.6431274414062,881.6431274414062,881.6431274414062,881.6431274414062,300,0.0,0.0
2012-05-09 00:00:00+09:00,862.6830980088977,862.6830980088977,815.2829277886285,853.2030639648438,1200,0.0,0.0
2012-05-10 00:00:00+09:00,853.2030639648438,853.2030639648438,853.2030639648438,853.2030639648438,1200,0.0,0.0
2012-05-11 00:00:00+09:00,853.2030639648438,853.2030639648438,853.2030639648438,853.2030639648438,1200,0.0,0.0
2012-05-14 00:00:00+09:00,815.2827917028357,815.2827917028357,767.8826293945312,767.8826293945312,700,0.0,0.0
2012-05-15 00:00:00+09:00,815.2828535600141,834.242919921875,767.8826876553621,834.242919921875,500,0.0,0.0
2012-05-16 00:00:00+09:00,834.242919921875,834.242919921875,834.242919921875,834.242919921875,200,0.0,0.0
2012-05-17 00:00:00+09:00,777.3627479189919,796.3228149414062,777.3627479189919,796.3228149414062,1400,0.0,0.0
2012-05-18 00:00:00+09:00,786.8427892348346,805.8028564453125,786.8427892348346,805.8028564453125,300,0.0,0.0
2012-05-21 00:00:00+09:00,777.36279296875,786.8428270293446,777.36279296875,777.36279296875,900,0.0,0.0
2012-05-22 00:00:00+09:00,786.8427734375,786.8427734375,786.8427734375,786.8427734375,100,0.0,0.0
2012-05-23 00:00:00+09:00,786.8427734375,786.8427734375,786.8427734375,786.8427734375,200,0.0,0.0
2012-05-24 00:00:00+09:00,786.842781430199,796.3228149414062,786.842781430199,796.3228149414062,300,0.0,0.0
2012-05-25 00:00:00+09:00,834.242919921875,834.242919921875,834.242919921875,834.242919921875,500,0.0,0.0
2012-05-28 00:00:00+09:00,758.4025969328704,767.8826293945312,758.4025969328704,767.8826293945312,400,0.0,0.0
2012-05-29 00:00:00+09:00,758.402724847561,777.36279296875,758.402724847561,777.36279296875,200,0.0,0.0
2012-05-30 00:00:00+09:00,777.36279296875,777.36279296875,777.36279296875,777.36279296875,200,0.0,0.0
2012-05-31 00:00:00+09:00,796.322861089939,796.322861089939,777.36279296875,777.36279296875,300,0.0,0.0
2012-06-01 00:00:00+09:00,786.8427734375,786.8427734375,786.8427734375,786.8427734375,200,0.0,0.0
2012-06-04 00:00:00+09:00,786.8427734375,786.8427734375,786.8427734375,786.8427734375,100,0.0,0.0
2012-06-05 00:00:00+09:00,786.8427734375,786.8427734375,786.8427734375,786.8427734375,100,0.0,0.0
2012-06-06 00:00:00+09:00,815.2828979492188,815.2828979492188,815.2828979492188,815.2828979492188,100,0.0,0.0
2012-06-07 00:00:00+09:00,815.2828979492188,815.2828979492188,815.2828979492188,815.2828979492188,100,0.0,0.0
2012-06-08 00:00:00+09:00,815.2828979492188,815.2828979492188,815.2828979492188,815.2828979492188,100,0.0,0.0
2012-06-11 00:00:00+09:00,815.2828979492188,815.2828979492188,815.2828979492188,815.2828979492188,100,0.0,0.0
2012-06-12 00:00:00+09:00,815.2828979492188,815.2828979492188,815.2828979492188,815.2828979492188,100,0.0,0.0
2012-06-13 00:00:00+09:00,815.2828979492188,815.2828979492188,815.2828979492188,815.2828979492188,100,0.0,0.0
2012-06-14 00:00:00+09:00,777.36265546426,824.7628173828125,777.36265546426,824.7628173828125,200,0.0,0.0
2012-06-15 00:00:00+09:00,786.8427734375,786.8427734375,786.8427734375,786.8427734375,300,0.0,0.0
2012-06-18 00:00:00+09:00,786.8427734375,786.8427734375,786.8427734375,786.8427734375,100,0.0,0.0
2012-06-19 00:00:00+09:00,786.8427734375,786.8427734375,786.8427734375,786.8427734375,100,0.0,0.0
2012-06-20 00:00:00+09:00,786.8427734375,786.8427734375,786.8427734375,786.8427734375,500,0.0,0.0
2012-06-21 00:00:00+09:00,815.2828979492188,815.2828979492188,815.2828979492188,815.2828979492188,200,0.0,0.0
2012-06-22 00:00:00+09:00,834.242919921875,834.242919921875,834.242919921875,834.242919921875,100,0.0,0.0
2012-06-25 00:00:00+09:00,881.643085826527,881.643085826527,834.242919921875,834.242919921875,900,0.0,0.0
2012-06-26 00:00:00+09:00,834.242919921875,834.242919921875,834.242919921875,834.242919921875,900,0.0,0.0
2012-06-27 00:00:00+09:00,834.242919921875,834.242919921875,834.242919921875,834.242919921875,900,0.0,0.0
2012-06-28 00:00:00+09:00,824.7628173828125,824.7628173828125,824.7628173828125,824.7628173828125,100,0.0,0.0
2012-06-29 00:00:00+09:00,853.2030327375545,853.2030327375545,815.2828979492188,815.2828979492188,300,0.0,0.0
2012-07-02 00:00:00+09:00,834.242919921875,834.242919921875,834.242919921875,834.242919921875,100,0.0,0.0
2012-07-03 00:00:00+09:00,834.242919921875,834.242919921875,834.242919921875,834.242919921875,100,0.0,0.0
2012-07-04 00:00:00+09:00,834.242919921875,834.242919921875,834.242919921875,834.242919921875,200,0.0,0.0
2012-07-05 00:00:00+09:00,834.242919921875,834.242919921875,834.242919921875,834.242919921875,200,0.0,0.0
2012-07-06 00:00:00+09:00,834.2429653433867,834.2429653433867,815.2828979492188,815.2828979492188,800,0.0,0.0
2012-07-09 00:00:00+09:00,853.2030639648438,853.2030639648438,853.2030639648438,853.2030639648438,100,0.0,0.0
2012-07-10 00:00:00+09:00,853.2030639648438,853.2030639648438,853.2030639648438,853.2030639648438,100,0.0,0.0
2012-07-11 00:00:00+09:00,853.2030639648438,853.2030639648438,853.2030639648438,853.2030639648438,100,0.0,0.0
2012-07-12 00:00:00+09:00,824.7629236557905,824.7629236557905,805.8028564453125,805.8028564453125,200,0.0,0.0
2012-07-13 00:00:00+09:00,805.8028564453125,805.8028564453125,805.8028564453125,805.8028564453125,200,0.0,0.0
2012-07-17 00:00:00+09:00,824.7629236557905,824.7629236557905,805.8028564453125,805.8028564453125,300,0.0,0.0
2012-07-18 00:00:00+09:00,805.8028564453125,805.8028564453125,805.8028564453125,805.8028564453125,300,0.0,0.0
2012-07-19 00:00:00+09:00,805.8028564453125,805.8028564453125,805.8028564453125,805.8028564453125,300,0.0,0.0
2012-07-20 00:00:00+09:00,786.8427734375,786.8427734375,786.8427734375,786.8427734375,600,0.0,0.0
2012-07-23 00:00:00+09:00,834.2429653433867,834.2429653433867,815.2828979492188,815.2828979492188,200,0.0,0.0
2012-07-24 00:00:00+09:00,796.3227871981534,834.242919921875,796.3227871981534,834.242919921875,300,0.0,0.0
2012-07-25 00:00:00+09:00,805.8028564453125,805.8028564453125,805.8028564453125,805.8028564453125,500,0.0,0.0
2012-07-26 00:00:00+09:00,796.3228149414062,796.3228149414062,796.3228149414062,796.3228149414062,100,0.0,0.0
2012-07-27 00:00:00+09:00,796.3228149414062,796.3228149414062,796.3228149414062,796.3228149414062,100,0.0,0.0
2012-07-30 00:00:00+09:00,796.3228149414062,796.3228149414062,796.3228149414062,796.3228149414062,400,0.0,0.0
2012-07-31 00:00:00+09:00,796.3228149414062,796.3228149414062,796.3228149414062,796.3228149414062,100,0.0,0.0
2012-08-01 00:00:00+09:00,786.8427734375,786.8427734375,786.8427734375,786.8427734375,200,0.0,0.0
2012-08-02 00:00:00+09:00,786.8427734375,786.8427734375,786.8427734375,786.8427734375,200,0.0,0.0
2012-08-03 00:00:00+09:00,786.8427734375,786.8427734375,786.8427734375,786.8427734375,200,0.0,0.0
2012-08-06 00:00:00+09:00,777.36279296875,777.36279296875,777.36279296875,777.36279296875,500,0.0,0.0
2012-08-07 00:00:00+09:00,786.8427734375,786.8427734375,786.8427734375,786.8427734375,100,0.0,0.0
2012-08-08 00:00:00+09:00,786.8427734375,786.8427734375,786.8427734375,786.8427734375,100,0.0,0.0
2012-08-09 00:00:00+09:00,815.2828979492188,815.2828979492188,815.2828979492188,815.2828979492188,100,0.0,0.0
2012-08-10 00:00:00+09:00,815.2828979492188,815.2828979492188,815.2828979492188,815.2828979492188,100,0.0,0.0
2012-08-13 00:00:00+09:00,815.2828979492188,815.2828979492188,815.2828979492188,815.2828979492188,100,0.0,0.0
2012-08-14 00:00:00+09:00,815.2828979492188,815.2828979492188,815.2828979492188,815.2828979492188,200,0.0,0.0
2012-08-15 00:00:00+09:00,786.8427734375,786.8427734375,786.8427734375,786.8427734375,100,0.0,0.0
2012-08-16 00:00:00+09:00,786.8427734375,786.8427734375,786.8427734375,786.8427734375,100,0.0,0.0
2012-08-17 00:00:00+09:00,786.8427734375,786.8427734375,786.8427734375,786.8427734375,100,0.0,0.0
2012-08-20 00:00:00+09:00,786.8427734375,786.8427734375,786.8427734375,786.8427734375,100,0.0,0.0
2012-08-21 00:00:00+09:00,786.8427734375,786.8427734375,786.8427734375,786.8427734375,100,0.0,0.0
2012-08-22 00:00:00+09:00,805.8028564453125,805.8028564453125,805.8028564453125,805.8028564453125,100,0.0,0.0
2012-08-23 00:00:00+09:00,805.8028564453125,805.8028564453125,805.8028564453125,805.8028564453125,100,0.0,0.0
2012-08-24 00:00:00+09:00,815.2828920425908,881.6431274414062,796.3228247857863,881.6431274414062,1000,0.0,0.0
2012-08-27 00:00:00+09:00,872.1630916819853,872.1630916819853,805.8028564453125,805.8028564453125,1200,0.0,0.0
2012-08-28 00:00:00+09:00,834.2430369059244,957.4834855397542,834.2430369059244,910.0833129882812,900,0.0,0.0
2012-08-29 00:00:00+09:00,910.0832601825842,910.0832601825842,843.7230224609375,843.7230224609375,800,0.0,0.0
2012-08-30 00:00:00+09:00,815.2828535600141,834.242919921875,815.2828535600141,834.242919921875,300,0.0,0.0
2012-08-31 00:00:00+09:00,843.7228821502334,843.7228821502334,824.7628173828125,824.7628173828125,200,0.0,0.0
2012-09-03 00:00:00+09:00,900.6031946982107,900.6031946982107,881.6431274414062,881.6431274414062,300,0.0,0.0
2012-09-04 00:00:00+09:00,881.6431274414062,881.6431274414062,881.6431274414062,881.6431274414062,300,0.0,0.0
2012-09-05 00:00:00+09:00,881.6431274414062,881.6431274414062,881.6431274414062,881.6431274414062,300,0.0,0.0
2012-09-06 00:00:00+09:00,881.6431274414062,881.6431274414062,881.6431274414062,881.6431274414062,300,0.0,0.0
2012-09-07 00:00:00+09:00,881.6431274414062,881.6431274414062,881.6431274414062,881.6431274414062,300,0.0,0.0
2012-09-10 00:00:00+09:00,881.6431274414062,881.6431274414062,881.6431274414062,881.6431274414062,300,0.0,0.0
2012-09-11 00:00:00+09:00,881.6431274414062,881.6431274414062,881.6431274414062,881.6431274414062,300,0.0,0.0
2012-09-12 00:00:00+09:00,881.6431274414062,881.6431274414062,881.6431274414062,881.6431274414062,300,0.0,0.0
2012-09-13 00:00:00+09:00,872.1630859375,872.1630859375,872.1630859375,872.1630859375,7000,0.0,0.0
2012-09-14 00:00:00+09:00,872.1630859375,872.1630859375,872.1630859375,872.1630859375,7000,0.0,0.0
2012-09-18 00:00:00+09:00,862.6830444335938,862.6830444335938,862.6830444335938,862.6830444335938,100,0.0,0.0
2012-09-19 00:00:00+09:00,862.6830444335938,862.6830444335938,862.6830444335938,862.6830444335938,100,0.0,0.0
2012-09-20 00:00:00+09:00,853.2030639648438,853.2030639648438,853.2030639648438,853.2030639648438,100,0.0,0.0
2012-09-21 00:00:00+09:00,853.2030639648438,853.2030639648438,853.2030639648438,853.2030639648438,100,0.0,0.0
2012-09-24 00:00:00+09:00,900.6031494140625,929.0432488692434,891.1231162623354,900.6031494140625,900,0.0,0.0
2012-09-25 00:00:00+09:00,929.0433349609375,929.0433349609375,929.0433349609375,929.0433349609375,700,0.0,0.0
2012-09-26 00:00:00+09:00,900.6031494140625,900.6031494140625,900.6031494140625,900.6031494140625,100,0.0,0.0
2012-09-27 00:00:00+09:00,853.2030639648438,853.2030639648438,853.2030639648438,853.2030639648438,100,0.0,0.0
2012-09-28 00:00:00+09:00,862.6830444335938,862.6830444335938,862.6830444335938,862.6830444335938,100,0.0,0.0
2012-10-01 00:00:00+09:00,862.6830444335938,862.6830444335938,862.6830444335938,862.6830444335938,100,0.0,0.0
2012-10-02 00:00:00+09:00,862.6830444335938,862.6830444335938,862.6830444335938,862.6830444335938,6700,0.0,0.0
2012-10-03 00:00:00+09:00,862.6830444335938,862.6830444335938,862.6830444335938,862.6830444335938,6700,0.0,0.0
2012-10-04 00:00:00+09:00,862.6830444335938,862.6830444335938,862.6830444335938,862.6830444335938,6700,0.0,0.0
2012-10-05 00:00:00+09:00,862.6830444335938,862.6830444335938,862.6830444335938,862.6830444335938,100,0.0,0.0
2012-10-09 00:00:00+09:00,862.6830444335938,862.6830444335938,862.6830444335938,862.6830444335938,100,0.0,0.0
2012-10-10 00:00:00+09:00,862.6830444335938,862.6830444335938,862.6830444335938,862.6830444335938,100,0.0,0.0
2012-10-11 00:00:00+09:00,862.6830444335938,862.6830444335938,862.6830444335938,862.6830444335938,100,0.0,0.0
2012-10-12 00:00:00+09:00,862.6830444335938,862.6830444335938,862.6830444335938,862.6830444335938,100,0.0,0.0
2012-10-15 00:00:00+09:00,862.6830444335938,862.6830444335938,862.6830444335938,862.6830444335938,100,0.0,0.0
2012-10-16 00:00:00+09:00,862.6830444335938,862.6830444335938,862.6830444335938,862.6830444335938,100,0.0,0.0
2012-10-17 00:00:00+09:00,862.6830444335938,862.6830444335938,862.6830444335938,862.6830444335938,100,0.0,0.0
2012-10-18 00:00:00+09:00,843.7229505037006,900.6031494140625,843.7229505037006,900.6031494140625,200,0.0,0.0
2012-10-19 00:00:00+09:00,900.6031494140625,900.6031494140625,900.6031494140625,900.6031494140625,200,0.0,0.0
2012-10-22 00:00:00+09:00,900.6031494140625,900.6031494140625,900.6031494140625,900.6031494140625,100,0.0,0.0
2012-10-23 00:00:00+09:00,891.1231162623354,900.6031494140625,891.1231162623354,900.6031494140625,300,0.0,0.0
2012-10-24 00:00:00+09:00,910.0831386920104,919.5631713867188,900.6031059973019,919.5631713867188,600,0.0,0.0
2012-10-25 00:00:00+09:00,872.163093813004,881.6431274414062,872.163093813004,881.6431274414062,800,0.0,0.0
2012-10-26 00:00:00+09:00,881.6431274414062,881.6431274414062,881.6431274414062,881.6431274414062,800,0.0,0.0
2012-10-29 00:00:00+09:00,881.6431274414062,881.6431274414062,881.6431274414062,881.6431274414062,800,0.0,0.0
2012-10-30 00:00:00+09:00,881.6431274414062,881.6431274414062,881.6431274414062,881.6431274414062,100,0.0,0.0
2012-10-31 00:00:00+09:00,853.2030639648438,853.2030639648438,853.2030639648438,853.2030639648438,300,0.0,0.0
2012-11-01 00:00:00+09:00,853.2030564211727,853.2030564211727,843.7230224609375,843.7230224609375,200,0.0,0.0
2012-11-02 00:00:00+09:00,843.7230224609375,843.7230224609375,843.7230224609375,843.7230224609375,200,0.0,0.0
2012-11-05 00:00:00+09:00,834.242919921875,834.242919921875,834.242919921875,834.242919921875,100,0.0,0.0
2012-11-06 00:00:00+09:00,853.2030639648438,853.2030639648438,853.2030639648438,853.2030639648438,100,0.0,0.0
2012-11-07 00:00:00+09:00,853.2030639648438,853.2030639648438,853.2030639648438,853.2030639648438,100,0.0,0.0
2012-11-08 00:00:00+09:00,853.2029862837358,853.2029862837358,834.242919921875,834.242919921875,300,0.0,0.0
2012-11-09 00:00:00+09:00,834.242919921875,834.242919921875,834.242919921875,834.242919921875,100,0.0,0.0
2012-11-12 00:00:00+09:00,834.242849766523,834.242849766523,824.7628173828125,824.7628173828125,200,0.0,0.0
2012-11-13 00:00:00+09:00,824.7628173828125,824.7628173828125,824.7628173828125,824.7628173828125,200,0.0,0.0
2012-11-14 00:00:00+09:00,853.2030639648438,853.2030639648438,853.2030639648438,853.2030639648438,100,0.0,0.0
2012-11-15 00:00:00+09:00,853.2030639648438,853.2030639648438,853.2030639648438,853.2030639648438,100,0.0,0.0
2012-11-16 00:00:00+09:00,853.2030639648438,853.2030639648438,853.2030639648438,853.2030639648438,100,0.0,0.0
2012-11-19 00:00:00+09:00,824.7628173828125,824.7628173828125,815.282784999102,824.7628173828125,300,0.0,0.0
2012-11-20 00:00:00+09:00,843.7230224609375,843.7230224609375,843.7230224609375,843.7230224609375,100,0.0,0.0
2012-11-21 00:00:00+09:00,834.2429958767361,853.2030639648438,834.2429958767361,853.2030639648438,300,0.0,0.0
2012-11-22 00:00:00+09:00,853.2030639648438,853.2030639648438,853.2030639648438,853.2030639648438,100,0.0,0.0
2012-11-26 00:00:00+09:00,891.123046875,891.123046875,891.123046875,891.123046875,600,0.0,0.0
2012-11-27 00:00:00+09:00,891.123046875,891.123046875,891.123046875,891.123046875,600,0.0,0.0
2012-11-28 00:00:00+09:00,891.123046875,891.123046875,891.123046875,891.123046875,600,0.0,0.0
2012-11-29 00:00:00+09:00,910.0833129882812,910.0833129882812,910.0833129882812,910.0833129882812,100,0.0,0.0
2012-11-30 00:00:00+09:00,929.0433349609375,929.0433349609375,929.0433349609375,929.0433349609375,100,0.0,0.0
2012-12-03 00:00:00+09:00,929.0433349609375,929.0433349609375,929.0433349609375,929.0433349609375,100,0.0,0.0
2012-12-04 00:00:00+09:00,929.0433349609375,929.0433349609375,929.0433349609375,929.0433349609375,100,0.0,0.0
2012-12-05 00:00:00+09:00,919.5631713867188,919.5631713867188,919.5631713867188,919.5631713867188,100,0.0,0.0
2012-12-06 00:00:00+09:00,891.123046875,891.123046875,891.123046875,891.123046875,200,0.0,0.0
2012-12-07 00:00:00+09:00,900.6031494140625,900.6031494140625,900.6031494140625,900.6031494140625,100,0.0,0.0
2012-12-10 00:00:00+09:00,910.0833129882812,910.0833129882812,910.0833129882812,910.0833129882812,200,0.0,0.0
2012-12-11 00:00:00+09:00,910.0833129882812,910.0833129882812,910.0833129882812,910.0833129882812,200,0.0,0.0
2012-12-12 00:00:00+09:00,910.0833129882812,910.0833129882812,910.0833129882812,910.0833129882812,200,0.0,0.0
2012-12-13 00:00:00+09:00,900.6031494140625,900.6031494140625,900.6031494140625,900.6031494140625,200,0.0,0.0
2012-12-14 00:00:00+09:00,910.0833129882812,910.0833129882812,910.0833129882812,910.0833129882812,100,0.0,0.0
2012-12-17 00:00:00+09:00,900.6031494140625,900.6031494140625,900.6031494140625,900.6031494140625,100,0.0,0.0
2012-12-18 00:00:00+09:00,910.0833129882812,910.0833129882812,910.0833129882812,910.0833129882812,100,0.0,0.0
2012-12-19 00:00:00+09:00,891.1231162623354,900.6031494140625,891.1231162623354,900.6031494140625,600,0.0,0.0
2012-12-20 00:00:00+09:00,900.6032784779866,910.0833129882812,900.6032784779866,910.0833129882812,600,0.0,0.0
2012-12-21 00:00:00+09:00,929.0432040814272,929.0432040814272,919.5631713867188,919.5631713867188,700,0.0,0.0
2012-12-25 00:00:00+09:00,938.5232543945312,938.5232543945312,938.5232543945312,938.5232543945312,700,0.0,0.0
2012-12-26 00:00:00+09:00,938.5232543945312,938.5232543945312,938.5232543945312,938.5232543945312,0,0.0,0.0
2012-12-27 00:00:00+09:00,938.5232543945312,938.5232543945312,938.5232543945312,938.5232543945312,700,0.0,0.0
2012-12-28 00:00:00+09:00,910.0832283266129,910.0832283266129,881.6431274414062,881.6431274414062,400,0.0,0.0
2013-01-04 00:00:00+09:00,910.0833129882812,910.0833129882812,910.0833129882812,910.0833129882812,100,0.0,0.0
2013-01-07 00:00:00+09:00,910.0831825657895,910.0831825657895,900.6031494140625,900.6031494140625,500,0.0,0.0
2013-01-08 00:00:00+09:00,881.6431274414062,881.6431274414062,881.6431274414062,881.6431274414062,200,0.0,0.0
2013-01-09 00:00:00+09:00,872.1630499588815,900.6031494140625,872.1630499588815,900.6031494140625,300,0.0,0.0
2013-01-10 00:00:00+09:00,872.1631749471028,910.0833129882812,872.1631749471028,910.0833129882812,700,0.0,0.0
2013-01-11 00:00:00+09:00,900.6032328702966,929.0433349609375,900.6032328702966,929.0433349609375,400,0.0,0.0
2013-01-15 00:00:00+09:00,938.5232543945312,938.5232543945312,938.5232543945312,938.5232543945312,200,0.0,0.0
2013-01-16 00:00:00+09:00,929.0432040814272,929.0432040814272,919.5631713867188,919.5631713867188,500,0.0,0.0
2013-01-17 00:00:00+09:00,919.5631713867188,919.5631713867188,910.0831386920104,919.5631713867188,400,0.0,0.0
2013-01-18 00:00:00+09:00,919.5631713867188,919.5631713867188,919.5631713867188,919.5631713867188,400,0.0,0.0
2013-01-21 00:00:00+09:00,919.5632157175164,919.5632157175164,900.6031494140625,900.6031494140625,700,0.0,0.0
2013-01-22 00:00:00+09:00,929.0433349609375,929.0433349609375,929.0433349609375,929.0433349609375,100,0.0,0.0
2013-01-23 00:00:00+09:00,929.0433349609375,929.0433349609375,929.0433349609375,929.0433349609375,100,0.0,0.0
2013-01-24 00:00:00+09:00,938.5232367761357,938.5232367761357,919.5631713867188,919.5631713867188,300,0.0,0.0
2013-01-25 00:00:00+09:00,919.5631713867188,919.5631713867188,900.6031059973019,919.5631713867188,900,0.0,0.0
2013-01-28 00:00:00+09:00,938.5232543945312,948.0032872672033,938.5232543945312,938.5232543945312,400,0.0,0.0
2013-01-29 00:00:00+09:00,948.0033569335938,948.0033569335938,948.0033569335938,948.0033569335938,200,0.0,0.0
2013-01-30 00:00:00+09:00,948.0033569335938,948.0033569335938,948.0033569335938,948.0033569335938,300,0.0,0.0
2013-01-31 00:00:00+09:00,957.4833457797181,966.96337890625,957.4833457797181,966.96337890625,500,0.0,0.0
2013-02-01 00:00:00+09:00,957.4833027766301,985.9234008789062,957.4833027766301,985.9234008789062,200,0.0,0.0
2013-02-04 00:00:00+09:00,985.9236758170872,1080.724029261038,985.9236758170872,1033.3238525390625,900,0.0,0.0
2013-02-05 00:00:00+09:00,995.403564453125,995.403564453125,976.4434965587798,995.403564453125,500,0.0,0.0
2013-02-06 00:00:00+09:00,957.4834736944402,976.4435424804688,957.4834736944402,976.4435424804688,900,0.0,0.0
2013-02-07 00:00:00+09:00,957.4834594726562,957.4834594726562,957.4834594726562,957.4834594726562,300,0.0,0.0
2013-02-08 00:00:00+09:00,957.4833905029296,957.4833905029296,948.0033569335938,948.0033569335938,300,0.0,0.0
2013-02-12 00:00:00+09:00,957.4834594726562,957.4834594726562,957.4834594726562,957.4834594726562,400,0.0,0.0
2013-02-13 00:00:00+09:00,957.4833027766301,985.9234008789062,957.4833027766301,985.9234008789062,300,0.0,0.0
2013-02-14 00:00:00+09:00,985.9234008789062,985.9234008789062,985.9234008789062,985.9234008789062,300,0.0,0.0
2013-02-15 00:00:00+09:00,948.0034393014259,1023.8437144455401,948.0034393014259,976.4435424804688,400,0.0,0.0
2013-02-18 00:00:00+09:00,976.4435424804688,976.4435424804688,976.4435424804688,976.4435424804688,400,0.0,0.0
2013-02-19 00:00:00+09:00,976.4435424804688,976.4435424804688,976.4435424804688,976.4435424804688,400,0.0,0.0
2013-02-20 00:00:00+09:00,976.4435424804688,976.4435424804688,976.4435424804688,976.4435424804688,400,0.0,0.0
2013-02-21 00:00:00+09:00,1004.8836805555555,1023.84375,1004.8836805555555,1023.84375,200,0.0,0.0
2013-02-22 00:00:00+09:00,1023.843804760514,1023.843804760514,995.403699072722,1014.36376953125,600,0.0,0.0
2013-02-25 00:00:00+09:00,1023.84375,1023.84375,1023.84375,1023.84375,500,0.0,0.0
2013-02-26 00:00:00+09:00,1023.84375,1023.84375,1023.84375,1023.84375,500,0.0,0.0
2013-02-27 00:00:00+09:00,1042.8037109375,1042.8037109375,1042.8037109375,1042.8037109375,300,0.0,0.0
2013-02-28 00:00:00+09:00,1004.8837465058773,1033.3238525390625,1004.8837465058773,1033.3238525390625,700,0.0,0.0
2013-03-01 00:00:00+09:00,1042.8038878834575,1042.8038878834575,1033.3238525390625,1033.3238525390625,200,0.0,0.0
2013-03-04 00:00:00+09:00,1042.8038878834575,1042.8038878834575,1033.3238525390625,1033.3238525390625,300,0.0,0.0
2013-03-05 00:00:00+09:00,1042.8037109375,1042.8037109375,1042.8037109375,1042.8037109375,200,0.0,0.0
2013-03-06 00:00:00+09:00,1042.803537179758,1052.2835693359375,1042.803537179758,1052.2835693359375,300,0.0,0.0
2013-03-07 00:00:00+09:00,1061.7638620022124,1071.243896484375,1014.3636895913993,1071.243896484375,600,0.0,0.0
2013-03-08 00:00:00+09:00,1080.7236658044765,1080.7236658044765,1052.2835693359375,1052.2835693359375,400,0.0,0.0
2013-03-11 00:00:00+09:00,1080.7239859444755,1090.2040209089007,1061.763916015625,1061.763916015625,500,0.0,0.0
2013-03-12 00:00:00+09:00,1109.164195854123,1128.124267578125,1090.2041241301208,1128.124267578125,400,0.0,0.0
2013-03-13 00:00:00+09:00,1090.2039258233433,1147.084130648909,1090.2039258233433,1099.6839599609375,1000,0.0,0.0
2013-03-14 00:00:00+09:00,1109.1640087063029,1118.64404296875,1109.1640087063029,1118.64404296875,200,0.0,0.0
2013-03-15 00:00:00+09:00,1175.5241004509655,1175.5241004509655,1166.0440673828125,1166.0440673828125,400,0.0,0.0
2013-03-18 00:00:00+09:00,1128.124267578125,1128.124267578125,1118.644231716124,1128.124267578125,600,0.0,0.0
2013-03-19 00:00:00+09:00,1128.1241586228048,1156.5642634620351,1128.1241586228048,1147.084228515625,600,0.0,0.0
2013-03-21 00:00:00+09:00,1137.6041259765625,1137.6041259765625,1137.6041259765625,1137.6041259765625,300,0.0,0.0
2013-03-22 00:00:00+09:00,1137.6041935692149,1147.084228515625,1137.6041935692149,1147.084228515625,500,0.0,0.0
2013-03-25 00:00:00+09:00,1156.564208984375,1156.564208984375,1147.0841744845031,1156.564208984375,800,0.0,0.0
2013-03-26 00:00:00+09:00,1156.5640343146597,1222.9242657917302,1137.6039681783536,1166.0440673828125,1300,0.0,0.0
2013-03-27 00:00:00+09:00,1042.8038878834575,1071.243993916643,1004.8837465058773,1033.3238525390625,2800,0.0,0.0
2013-03-28 00:00:00+09:00,1014.3637152777778,1033.3237847222222,1004.8836805555555,1023.84375,1400,0.0,0.0
2013-03-29 00:00:00+09:00,1023.8436739939564,1023.8436739939564,1004.8836059570312,1004.8836059570312,700,0.0,0.0
2013-04-01 00:00:00+09:00,1004.8835984002976,1004.8835984002976,995.403564453125,995.403564453125,500,0.0,0.0
2013-04-02 00:00:00+09:00,985.9234008789062,985.9234008789062,976.4433681781475,985.9234008789062,600,0.0,0.0
2013-04-03 00:00:00+09:00,1023.84375,1023.84375,1023.84375,1023.84375,100,0.0,0.0
2013-04-04 00:00:00+09:00,1014.36376953125,1014.36376953125,985.9236638434579,1014.36376953125,300,0.0,0.0
2013-04-05 00:00:00+09:00,1023.8436662946428,1023.8436662946428,966.9634626116072,995.403564453125,1000,0.0,0.0
2013-04-08 00:00:00+09:00,1014.36376953125,1014.36376953125,995.403699072722,1014.36376953125,400,0.0,0.0
2013-04-09 00:00:00+09:00,1004.8836059570312,1023.8436739939564,1004.8836059570312,1004.8836059570312,300,0.0,0.0
2013-04-10 00:00:00+09:00,1033.3238525390625,1033.3238525390625,1033.3238525390625,1033.3238525390625,200,0.0,0.0
2013-04-11 00:00:00+09:00,1042.8037109375,1042.8037109375,1042.8037109375,1042.8037109375,100,0.0,0.0
2013-04-12 00:00:00+09:00,1023.843804760514,1042.803875219042,1014.36376953125,1014.36376953125,400,0.0,0.0
2013-04-15 00:00:00+09:00,1033.3237002418155,1033.3237002418155,995.403564453125,995.403564453125,1000,0.0,0.0
2013-04-16 00:00:00+09:00,976.4433681781475,1004.8834662804237,966.9633354773888,985.9234008789062,800,0.0,0.0
2013-04-17 00:00:00+09:00,1033.323839989778,1033.323839989778,1014.36376953125,1014.36376953125,700,0.0,0.0
2013-04-18 00:00:00+09:00,1004.8837465058773,1033.3238525390625,1004.8837465058773,1033.3238525390625,300,0.0,0.0
2013-04-19 00:00:00+09:00,1033.3238525390625,1033.3238525390625,1033.3238525390625,1033.3238525390625,300,0.0,0.0
2013-04-22 00:00:00+09:00,1042.8037109375,1042.8037109375,1042.8037109375,1042.8037109375,100,0.0,0.0
2013-04-23 00:00:00+09:00,1014.3637818502724,1033.3238525390625,1014.3637818502724,1033.3238525390625,400,0.0,0.0
2013-04-24 00:00:00+09:00,1042.803537179758,1052.2835693359375,1042.803537179758,1052.2835693359375,300,0.0,0.0
2013-04-25 00:00:00+09:00,1090.2039930555557,1090.2039930555557,1023.84375,1023.84375,600,0.0,0.0
2013-04-26 00:00:00+09:00,1033.3238525390625,1033.3238525390625,1033.3238525390625,1033.3238525390625,100,0.0,0.0
2013-04-30 00:00:00+09:00,1033.3238111223493,1061.763916015625,1033.3238111223493,1061.763916015625,300,0.0,0.0
2013-05-01 00:00:00+09:00,1042.8037109375,1042.8037109375,1042.8037109375,1042.8037109375,100,0.0,0.0
2013-05-02 00:00:00+09:00,1042.8037109375,1042.8037109375,1042.8037109375,1042.8037109375,100,0.0,0.0
2013-05-07 00:00:00+09:00,1042.8037109375,1042.8037109375,1042.8037109375,1042.8037109375,100,0.0,0.0
2013-05-08 00:00:00+09:00,1052.2835693359375,1052.2835693359375,1052.2835693359375,1052.2835693359375,100,0.0,0.0
2013-05-09 00:00:00+09:00,1052.2835693359375,1052.2835693359375,1052.2835693359375,1052.2835693359375,100,0.0,0.0
2013-05-10 00:00:00+09:00,1080.7239859444755,1080.7239859444755,1061.763916015625,1061.763916015625,200,0.0,0.0
2013-05-13 00:00:00+09:00,1042.8037109375,1042.8037109375,1042.8037109375,1042.8037109375,600,0.0,0.0
2013-05-14 00:00:00+09:00,1052.2838810511998,1061.763916015625,1052.2838810511998,1061.763916015625,300,0.0,0.0
2013-05-15 00:00:00+09:00,1099.6841933936405,1099.6841933936405,1042.8039764939692,1080.72412109375,900,0.0,0.0
2013-05-16 00:00:00+09:00,1052.2837446732954,1080.723845880682,1042.8037109375,1042.8037109375,600,0.0,0.0
2013-05-17 00:00:00+09:00,1042.8037109375,1042.8037109375,1042.8037109375,1042.8037109375,100,0.0,0.0
2013-05-20 00:00:00+09:00,1033.3236772017046,1071.2438121448863,1033.3236772017046,1042.8037109375,300,0.0,0.0
2013-05-21 00:00:00+09:00,1061.7637567934783,1090.203857421875,1061.7637567934783,1090.203857421875,500,0.0,0.0
2013-05-22 00:00:00+09:00,1033.3238525390625,1033.3238525390625,1033.3238525390625,1033.3238525390625,600,0.0,0.0
2013-05-23 00:00:00+09:00,1023.84375,1033.3237847222222,1023.84375,1023.84375,400,0.0,0.0
2013-05-24 00:00:00+09:00,1042.8038194444446,1042.8038194444446,1023.84375,1023.84375,200,0.0,0.0
2013-05-27 00:00:00+09:00,1061.763916015625,1061.763916015625,1061.763916015625,1061.763916015625,400,0.0,0.0
2013-05-28 00:00:00+09:00,1014.363440711219,1052.2835693359375,1014.363440711219,1052.2835693359375,200,0.0,0.0
2013-05-29 00:00:00+09:00,1052.2835693359375,1052.2835693359375,1052.2835693359375,1052.2835693359375,200,0.0,0.0
2013-05-30 00:00:00+09:00,1052.2835693359375,1052.2835693359375,1052.2835693359375,1052.2835693359375,200,0.0,0.0
2013-05-31 00:00:00+09:00,1042.803734188988,1042.803734188988,995.403564453125,995.403564453125,700,0.0,0.0
2013-06-03 00:00:00+09:00,995.403564453125,995.403564453125,995.403564453125,995.403564453125,700,0.0,0.0
2013-06-04 00:00:00+09:00,995.403564453125,995.403564453125,995.403564453125,995.403564453125,100,0.0,0.0
2013-06-05 00:00:00+09:00,1042.8038460867747,1061.763916015625,1042.8038460867747,1061.763916015625,1500,0.0,0.0
2013-06-06 00:00:00+09:00,1004.8836307336788,1004.8836307336788,957.4834594726562,957.4834594726562,1400,0.0,0.0
2013-06-07 00:00:00+09:00,966.9633530125474,966.9633530125474,938.5232543945312,938.5232543945312,600,0.0,0.0
2013-06-10 00:00:00+09:00,938.5232543945312,938.5232543945312,938.5232543945312,938.5232543945312,600,0.0,0.0
2013-06-11 00:00:00+09:00,938.5232543945312,938.5232543945312,938.5232543945312,938.5232543945312,600,0.0,0.0
2013-06-12 00:00:00+09:00,938.5232543945312,938.5232543945312,938.5232543945312,938.5232543945312,600,0.0,0.0
2013-06-13 00:00:00+09:00,938.5232543945312,938.5232543945312,938.5232543945312,938.5232543945312,600,0.0,0.0
2013-06-14 00:00:00+09:00,938.5232543945312,938.5232543945312,938.5232543945312,938.5232543945312,600,0.0,0.0
2013-06-17 00:00:00+09:00,938.5232543945312,938.5232543945312,938.5232543945312,938.5232543945312,600,0.0,0.0
2013-06-18 00:00:00+09:00,938.5232543945312,938.5232543945312,938.5232543945312,938.5232543945312,600,0.0,0.0
2013-06-19 00:00:00+09:00,938.5232543945312,938.5232543945312,938.5232543945312,938.5232543945312,600,0.0,0.0
2013-06-20 00:00:00+09:00,938.5232543945312,938.5232543945312,938.5232543945312,938.5232543945312,600,0.0,0.0
2013-06-21 00:00:00+09:00,938.5232543945312,938.5232543945312,938.5232543945312,938.5232543945312,400,0.0,0.0
2013-06-24 00:00:00+09:00,900.6032328702966,929.0433349609375,900.6032328702966,929.0433349609375,400,0.0,0.0
2013-06-25 00:00:00+09:00,966.963334860261,966.963334860261,919.5631713867188,919.5631713867188,600,0.0,0.0
2013-06-26 00:00:00+09:00,919.5631713867188,919.5631713867188,919.5631713867188,919.5631713867188,600,0.0,0.0
2013-06-27 00:00:00+09:00,919.5631713867188,919.5631713867188,919.5631713867188,919.5631713867188,600,0.0,0.0
2013-06-28 00:00:00+09:00,966.96337890625,966.96337890625,919.5632132735907,966.96337890625,400,0.0,0.0
2013-07-01 00:00:00+09:00,966.96337890625,966.96337890625,966.96337890625,966.96337890625,400,0.0,0.0
2013-07-02 00:00:00+09:00,966.96337890625,966.96337890625,966.96337890625,966.96337890625,400,0.0,0.0
2013-07-03 00:00:00+09:00,966.96337890625,966.96337890625,966.96337890625,966.96337890625,400,0.0,0.0
2013-07-04 00:00:00+09:00,966.96337890625,966.96337890625,966.96337890625,966.96337890625,400,0.0,0.0
2013-07-05 00:00:00+09:00,966.9634937248608,966.9634937248608,957.4834594726562,957.4834594726562,200,0.0,0.0
2013-07-08 00:00:00+09:00,957.4834594726562,957.4834594726562,957.4834594726562,957.4834594726562,200,0.0,0.0
2013-07-09 00:00:00+09:00,929.0433349609375,929.0433349609375,929.0433349609375,929.0433349609375,100,0.0,0.0
2013-07-10 00:00:00+09:00,948.0033126531863,966.96337890625,948.0033126531863,966.96337890625,200,0.0,0.0
2013-07-11 00:00:00+09:00,966.96337890625,966.96337890625,966.96337890625,966.96337890625,200,0.0,0.0
2013-07-12 00:00:00+09:00,957.4834594726562,957.4834594726562,957.4834594726562,957.4834594726562,100,0.0,0.0
2013-07-16 00:00:00+09:00,948.0033569335938,948.0033569335938,948.0033569335938,948.0033569335938,500,0.0,0.0
2013-07-17 00:00:00+09:00,938.5233689911511,938.5233689911511,929.0433349609375,929.0433349609375,200,0.0,0.0
2013-07-18 00:00:00+09:00,976.4435424804688,976.4435424804688,929.0433705153974,976.4435424804688,3400,0.0,0.0
2013-07-19 00:00:00+09:00,948.0033569335938,948.0033569335938,948.0033569335938,948.0033569335938,100,0.0,0.0
2013-07-22 00:00:00+09:00,948.0033569335938,948.0033569335938,948.0033569335938,948.0033569335938,100,0.0,0.0
2013-07-23 00:00:00+09:00,948.0032700758713,985.9234008789062,948.0032700758713,985.9234008789062,200,0.0,0.0
2013-07-24 00:00:00+09:00,966.963469883181,1004.8836059570312,966.963469883181,1004.8836059570312,500,0.0,0.0
2013-07-25 00:00:00+09:00,985.9234451593137,985.9234451593137,957.4833457797181,966.96337890625,800,0.0,0.0
2013-07-26 00:00:00+09:00,966.96337890625,966.96337890625,966.96337890625,966.96337890625,0,0.0,0.0
2013-07-29 00:00:00+09:00,957.4834594726562,957.4834594726562,957.4834594726562,957.4834594726562,100,0.0,0.0
2013-07-30 00:00:00+09:00,957.4834594726562,957.4834594726562,957.4834594726562,957.4834594726562,0,0.0,0.0
2013-07-31 00:00:00+09:00,1004.8836059570312,1004.8836059570312,1004.8836059570312,1004.8836059570312,100,0.0,0.0
2013-08-01 00:00:00+09:00,1004.8836059570312,1004.8836059570312,1004.8836059570312,1004.8836059570312,0,0.0,0.0
2013-08-02 00:00:00+09:00,957.4834594726562,957.4834594726562,957.4834594726562,957.4834594726562,200,0.0,0.0
2013-08-05 00:00:00+09:00,957.4834594726562,957.4834594726562,957.4834594726562,957.4834594726562,0,0.0,0.0
2013-08-06 00:00:00+09:00,957.4834594726562,957.4834594726562,957.4834594726562,957.4834594726562,0,0.0,0.0
2013-08-07 00:00:00+09:00,957.4834594726562,957.4834594726562,957.4834594726562,957.4834594726562,0,0.0,0.0
2013-08-08 00:00:00+09:00,957.4834594726562,957.4834594726562,957.4834594726562,957.4834594726562,0,0.0,0.0
2013-08-09 00:00:00+09:00,976.4435424804688,976.4435424804688,976.4435424804688,976.4435424804688,100,0.0,0.0
2013-08-12 00:00:00+09:00,976.4435424804688,976.4435424804688,976.4435424804688,976.4435424804688,0,0.0,0.0
2013-08-13 00:00:00+09:00,976.4435424804688,976.4435424804688,976.4435424804688,976.4435424804688,100,0.0,0.0
2013-08-14 00:00:00+09:00,976.4435424804688,976.4435424804688,976.4435424804688,976.4435424804688,0,0.0,0.0
2013-08-15 00:00:00+09:00,976.4435424804688,976.4435424804688,976.4435424804688,976.4435424804688,100,0.0,0.0
2013-08-16 00:00:00+09:00,976.4435424804688,976.4435424804688,976.4435424804688,976.4435424804688,0,0.0,0.0
2013-08-19 00:00:00+09:00,976.4435424804688,976.4435424804688,976.4435424804688,976.4435424804688,0,0.0,0.0
2013-08-20 00:00:00+09:00,976.4435424804688,976.4435424804688,976.4435424804688,976.4435424804688,0,0.0,0.0
2013-08-21 00:00:00+09:00,976.4435424804688,976.4435424804688,976.4435424804688,976.4435424804688,0,0.0,0.0
2013-08-22 00:00:00+09:00,976.4435424804688,976.4435424804688,976.4435424804688,976.4435424804688,0,0.0,0.0
2013-08-23 00:00:00+09:00,1004.8836059570312,1004.8836059570312,1004.8836059570312,1004.8836059570312,300,0.0,0.0
2013-08-26 00:00:00+09:00,1033.3238525390625,1033.3238525390625,1033.3238525390625,1033.3238525390625,500,0.0,0.0
2013-08-27 00:00:00+09:00,1033.3238525390625,1033.3238525390625,1033.3238525390625,1033.3238525390625,100,0.0,0.0
2013-08-28 00:00:00+09:00,966.96337890625,966.96337890625,966.96337890625,966.96337890625,100,0.0,0.0
2013-08-29 00:00:00+09:00,976.4435424804688,976.4435424804688,976.4435424804688,976.4435424804688,100,0.0,0.0
2013-08-30 00:00:00+09:00,985.9234008789062,985.9234008789062,985.9234008789062,985.9234008789062,100,0.0,0.0
2013-09-02 00:00:00+09:00,976.4435424804688,976.4435424804688,976.4435424804688,976.4435424804688,100,0.0,0.0
2013-09-03 00:00:00+09:00,966.96337890625,966.96337890625,966.96337890625,966.96337890625,100,0.0,0.0
2013-09-04 00:00:00+09:00,966.96337890625,966.96337890625,966.96337890625,966.96337890625,0,0.0,0.0
2013-09-05 00:00:00+09:00,985.9234451593137,985.9234451593137,966.96337890625,966.96337890625,300,0.0,0.0
2013-09-06 00:00:00+09:00,966.96337890625,966.96337890625,966.96337890625,966.96337890625,0,0.0,0.0
2013-09-09 00:00:00+09:00,1061.7636624849758,1061.7636624849758,985.9234008789062,985.9234008789062,200,0.0,0.0
2013-09-10 00:00:00+09:00,985.9234008789062,985.9234008789062,985.9234008789062,985.9234008789062,0,0.0,0.0
2013-09-11 00:00:00+09:00,976.4435424804688,976.4435424804688,976.4435424804688,976.4435424804688,200,0.0,0.0
2013-09-12 00:00:00+09:00,976.4435424804688,976.4435424804688,976.4435424804688,976.4435424804688,0,0.0,0.0
2013-09-13 00:00:00+09:00,957.4834594726562,957.4834594726562,957.4834594726562,957.4834594726562,100,0.0,0.0
2013-09-17 00:00:00+09:00,995.403564453125,995.403564453125,995.403564453125,995.403564453125,200,0.0,0.0
2013-09-18 00:00:00+09:00,995.403564453125,995.403564453125,995.403564453125,995.403564453125,0,0.0,0.0
2013-09-19 00:00:00+09:00,995.403564453125,995.403564453125,995.403564453125,995.403564453125,0,0.0,0.0
2013-09-20 00:00:00+09:00,1004.8836059570312,1004.8836059570312,1004.8836059570312,1004.8836059570312,100,0.0,0.0
2013-09-24 00:00:00+09:00,995.403564453125,995.403564453125,966.9634626116072,995.403564453125,700,0.0,0.0
2013-09-25 00:00:00+09:00,976.4434965587798,995.403564453125,976.4434965587798,995.403564453125,600,0.0,0.0
2013-09-26 00:00:00+09:00,985.9234008789062,985.9234008789062,985.9234008789062,985.9234008789062,100,0.0,0.0
2013-09-27 00:00:00+09:00,995.403564453125,995.403564453125,995.403564453125,995.403564453125,200,0.0,0.0
2013-09-30 00:00:00+09:00,1033.3238525390625,1033.3238525390625,1033.3238525390625,1033.3238525390625,100,0.0,0.0
2013-10-01 00:00:00+09:00,1004.8836059570312,1033.3237080124188,1004.8836059570312,1004.8836059570312,300,0.0,0.0
2013-10-02 00:00:00+09:00,1004.8836059570312,1004.8836059570312,1004.8836059570312,1004.8836059570312,0,0.0,0.0
2013-10-03 00:00:00+09:00,985.9234008789062,985.9234008789062,985.9234008789062,985.9234008789062,100,0.0,0.0
2013-10-04 00:00:00+09:00,985.9234008789062,985.9234008789062,985.9234008789062,985.9234008789062,0,0.0,0.0
2013-10-07 00:00:00+09:00,976.4435424804688,976.4435424804688,976.4435424804688,976.4435424804688,100,0.0,0.0
2013-10-08 00:00:00+09:00,1014.3635445389093,1450.445068359375,995.4034782858456,1450.445068359375,9600,0.0,0.0
2013-10-09 00:00:00+09:00,1308.2446746826172,1384.084945678711,1203.9643020629883,1213.4443359375,16900,0.0,0.0
2013-10-10 00:00:00+09:00,1241.8844487908182,1687.446044921875,1241.8844487908182,1687.446044921875,38100,0.0,0.0
2013-10-11 00:00:00+09:00,2151.968206037555,2161.4482421875,1933.9273745888158,2161.4482421875,40700,0.0,0.0
2013-10-15 00:00:00+09:00,2436.3689236111113,2436.3689236111113,1858.0868055555557,2047.6875,35900,0.0,0.0
2013-10-16 00:00:00+09:00,1905.4867593088459,1905.4867593088459,1753.8062212544103,1763.2862548828125,19500,0.0,0.0
2013-10-17 00:00:00+09:00,1858.0863372328367,2161.447371883096,1791.7261109030926,1829.646240234375,15800,0.0,0.0
2013-10-18 00:00:00+09:00,1848.6065408457882,1858.086574388587,1715.8860712466033,1744.326171875,4900,0.0,0.0
2013-10-21 00:00:00+09:00,1753.806205417799,1791.7263395889947,1706.4060377038045,1744.326171875,3400,0.0,0.0
2013-10-22 00:00:00+09:00,1744.3262890624999,1782.24642578125,1649.525947265625,1659.0059814453125,2900,0.0,0.0
2013-10-23 00:00:00+09:00,1677.9658730246804,1696.9259393865411,1668.48583984375,1668.48583984375,1600,0.0,0.0
2013-10-24 00:00:00+09:00,1687.4459550459308,1725.3660888671875,1668.4858881353023,1725.3660888671875,1200,0.0,0.0
2013-10-25 00:00:00+09:00,1706.4061279296875,1706.4061279296875,1687.4460598415799,1706.4061279296875,1400,0.0,0.0
2013-10-28 00:00:00+09:00,1611.6054835464015,1611.6054835464015,1545.2452577533145,1564.205322265625,3800,0.0,0.0
2013-10-29 00:00:00+09:00,1564.205322265625,1564.205322265625,1564.205322265625,1564.205322265625,0,0.0,0.0
2013-10-30 00:00:00+09:00,1573.685388635706,1573.685388635706,1516.8051938657409,1535.7652587890625,1300,0.0,0.0
2013-10-31 00:00:00+09:00,1478.8851677389705,1488.3652008655024,1450.445068359375,1450.445068359375,2800,0.0,0.0
2013-11-01 00:00:00+09:00,1488.365405096524,1640.0459559343863,1203.9643722755322,1308.2447509765625,9700,0.0,0.0
2013-11-05 00:00:00+09:00,1327.2047119140625,1327.2047119140625,1289.2845772879464,1327.2047119140625,1200,0.0,0.0
2013-11-06 00:00:00+09:00,1298.7646260865977,1346.164794921875,1298.7646260865977,1346.164794921875,1100,0.0,0.0
2013-11-07 00:00:00+09:00,1346.1647792271206,1355.6448128836496,1308.2446446010044,1327.2047119140625,600,0.0,0.0
2013-11-08 00:00:00+09:00,1374.604842179305,1384.0848755736451,1327.2046752076049,1355.644775390625,1100,0.0,0.0
2013-11-11 00:00:00+09:00,1317.7247709386488,1384.0850112017463,1279.8046336454504,1289.28466796875,2700,0.0,0.0
2013-11-12 00:00:00+09:00,1241.8843440872301,1317.724609375,1185.0041451214029,1317.724609375,2700,0.0,0.0
2013-11-13 00:00:00+09:00,1298.7646876093168,1298.7646876093168,1270.3245849609375,1270.3245849609375,700,0.0,0.0
2013-11-14 00:00:00+09:00,1232.4045958999516,1260.844701959181,1213.4445251937984,1222.924560546875,1600,0.0,0.0
2013-11-15 00:00:00+09:00,1222.9241663756984,1696.92578125,1213.4441340782123,1696.92578125,62800,0.0,0.0
2013-11-18 00:00:00+09:00,2161.447739955357,2161.447739955357,1914.966857328869,1990.80712890625,56000,0.0,0.0
2013-11-19 00:00:00+09:00,1744.3262890624999,1763.286357421875,1649.525947265625,1659.0059814453125,16900,0.0,0.0
2013-11-20 00:00:00+09:00,1659.00586998981,1706.4060377038045,1507.3253333050272,1526.285400390625,10000,0.0,0.0
2013-11-21 00:00:00+09:00,1554.7253950070112,1554.7253950070112,1469.4050989395532,1478.8851318359375,6000,0.0,0.0
2013-11-22 00:00:00+09:00,1526.2854382478738,1535.765472025811,1488.3653031361255,1497.8453369140625,2800,0.0,0.0
2013-11-25 00:00:00+09:00,1497.8452339920343,1535.7653664981617,1422.0049689797795,1450.445068359375,4300,0.0,0.0
2013-11-26 00:00:00+09:00,1422.0049523359892,1431.4849853515625,1422.0049523359892,1431.4849853515625,1600,0.0,0.0
2013-11-27 00:00:00+09:00,1403.0447481910655,1412.5247802734375,1393.5647161086933,1412.5247802734375,600,0.0,0.0
2013-11-28 00:00:00+09:00,1403.0450979219813,1403.0450979219813,1374.6049945857249,1393.5650634765625,1700,0.0,0.0
2013-11-29 00:00:00+09:00,1412.5248502604165,1422.0048828125,1393.5647851562499,1422.0048828125,1200,0.0,0.0
2013-12-02 00:00:00+09:00,1412.524919320416,1431.4849853515625,1412.524919320416,1431.4849853515625,700,0.0,0.0
2013-12-03 00:00:00+09:00,1440.9650183671358,1440.9650183671358,1422.0049523359892,1431.4849853515625,1200,0.0,0.0
2013-12-04 00:00:00+09:00,1422.0048646669131,1422.0048646669131,1403.0447998046875,1403.0447998046875,600,0.0,0.0
2013-12-05 00:00:00+09:00,1403.0449589170257,1422.005025929418,1374.6048583984375,1374.6048583984375,1600,0.0,0.0
2013-12-06 00:00:00+09:00,1365.124960140306,1393.5650634765625,1365.124960140306,1393.5650634765625,1600,0.0,0.0
2013-12-09 00:00:00+09:00,1403.0448879665798,1422.0049540201824,1336.6846567789714,1365.124755859375,2500,0.0,0.0
2013-12-10 00:00:00+09:00,1374.6047200520832,1422.0048828125,1374.6047200520832,1422.0048828125,2400,0.0,0.0
2013-12-11 00:00:00+09:00,1440.9648765205538,1440.9648765205538,1403.0447481910655,1412.5247802734375,900,0.0,0.0
2013-12-12 00:00:00+09:00,1422.0048123558097,1431.4848444381817,1384.0846840263214,1412.5247802734375,400,0.0,0.0
2013-12-13 00:00:00+09:00,1393.564994916524,1393.564994916524,1346.164825021404,1384.0849609375,700,0.0,0.0
2013-12-16 00:00:00+09:00,1374.604842179305,1374.604842179305,1355.644775390625,1355.644775390625,300,0.0,0.0
2013-12-17 00:00:00+09:00,1374.6047888861763,1374.6047888861763,1308.2445576985679,1365.124755859375,1500,0.0,0.0
2013-12-18 00:00:00+09:00,1317.7246782575335,1355.6448128836496,1317.7246782575335,1327.2047119140625,1100,0.0,0.0
2013-12-19 00:00:00+09:00,1336.684839585248,1336.684839585248,1289.28466796875,1289.28466796875,400,0.0,0.0
2013-12-20 00:00:00+09:00,1289.284493328011,1317.7245924455406,1289.284493328011,1298.7645263671875,800,0.0,0.0
2013-12-24 00:00:00+09:00,1298.7647022920496,1317.7247709386488,1289.28466796875,1289.28466796875,1000,0.0,0.0
2013-12-25 00:00:00+09:00,1298.7646876093168,1298.7646876093168,1270.3245849609375,1270.3245849609375,1400,0.0,0.0
2013-12-26 00:00:00+09:00,1298.7646260865977,1346.164794921875,1298.7646260865977,1346.164794921875,1300,0.0,0.0
2013-12-27 00:00:00+09:00,1355.64457484654,1583.1653426529524,1355.64457484654,1459.9249267578125,13200,0.0,0.0
2013-12-30 00:00:00+09:00,1507.3250867174818,1573.6853106610185,1384.0846708223416,1459.9249267578125,5600,0.0,0.0
2014-01-06 00:00:00+09:00,1422.0050091510052,1422.0050091510052,1355.644775390625,1355.644775390625,2000,0.0,0.0
2014-01-07 00:00:00+09:00,1365.124960140306,1393.5650634765625,1365.124960140306,1393.5650634765625,500,0.0,0.0
2014-01-08 00:00:00+09:00,1393.5650634765625,1393.5650634765625,1393.5650634765625,1393.5650634765625,0,0.0,0.0
2014-01-09 00:00:00+09:00,1365.1248929794522,1393.564994916524,1365.1248929794522,1384.0849609375,400,0.0,0.0
2014-01-10 00:00:00+09:00,1374.604842179305,1374.604842179305,1355.644775390625,1355.644775390625,200,0.0,0.0
2014-01-14 00:00:00+09:00,1393.5649254108298,1573.685562028556,1374.6048583984375,1374.6048583984375,8300,0.0,0.0
2014-01-15 00:00:00+09:00,1422.00514140882,1450.4452442369964,1365.124935752467,1440.9652099609375,1400,0.0,0.0
2014-01-16 00:00:00+09:00,1469.4053127891139,1497.8454156172904,1440.9652099609375,1440.9652099609375,800,0.0,0.0
2014-01-17 00:00:00+09:00,1450.445051382709,1450.445051382709,1431.4849853515625,1431.4849853515625,700,0.0,0.0
2014-01-20 00:00:00+09:00,1450.445033146785,1516.8052634214744,1450.445033146785,1478.8851318359375,1500,0.0,0.0
2014-01-21 00:00:00+09:00,1488.3652178364416,1488.3652178364416,1469.4051513671875,1469.4051513671875,1000,0.0,0.0
2014-01-22 00:00:00+09:00,1478.8850781249998,1478.8850781249998,1412.5248502604165,1422.0048828125,1900,0.0,0.0
2014-01-23 00:00:00+09:00,1422.0048828125,1422.0048828125,1412.5248502604165,1422.0048828125,400,0.0,0.0
2014-01-24 00:00:00+09:00,1403.0447998046875,1403.0447998046875,1403.0447998046875,1403.0447998046875,700,0.0,0.0
2014-01-27 00:00:00+09:00,1355.644775390625,1374.604842179305,1355.644775390625,1355.644775390625,1900,0.0,0.0
2014-01-28 00:00:00+09:00,1355.644775390625,1355.644775390625,1355.644775390625,1355.644775390625,0,0.0,0.0
2014-01-29 00:00:00+09:00,1346.164605218011,1403.0447998046875,1346.164605218011,1403.0447998046875,600,0.0,0.0
2014-01-30 00:00:00+09:00,1365.124755859375,1365.124755859375,1365.124755859375,1365.124755859375,300,0.0,0.0
2014-01-31 00:00:00+09:00,1403.0447998046875,1403.0447998046875,1403.0447998046875,1403.0447998046875,100,0.0,0.0
2014-02-03 00:00:00+09:00,1403.0449423623252,1403.0449423623252,1308.2446084189248,1355.644775390625,1000,0.0,0.0
2014-02-04 00:00:00+09:00,1279.8046875,1279.8046875,1080.7239583333333,1194.484375,2100,0.0,0.0
2014-02-05 00:00:00+09:00,1194.4843247357537,1298.7647022920496,1194.4843247357537,1289.28466796875,800,0.0,0.0
2014-02-06 00:00:00+09:00,1279.8046336454504,1289.28466796875,1279.8046336454504,1289.28466796875,400,0.0,0.0
2014-02-07 00:00:00+09:00,1251.364702690972,1279.8048095703125,1251.364702690972,1279.8048095703125,800,0.0,0.0
2014-02-10 00:00:00+09:00,1279.8048095703125,1279.8048095703125,1279.8048095703125,1279.8048095703125,100,0.0,0.0
2014-02-12 00:00:00+09:00,1346.1647088579136,1355.644742018885,1298.7645430530577,1317.724609375,400,0.0,0.0
2014-02-13 00:00:00+09:00,1270.3245849609375,1270.3245849609375,1270.3245849609375,1270.3245849609375,100,0.0,0.0
2014-02-14 00:00:00+09:00,1251.364501953125,1251.364501953125,1251.364501953125,1251.364501953125,100,0.0,0.0
2014-02-17 00:00:00+09:00,1251.364501953125,1251.364501953125,1251.364501953125,1251.364501953125,0,0.0,0.0
2014-02-18 00:00:00+09:00,1298.7645263671875,1298.7645263671875,1298.7645263671875,1298.7645263671875,100,0.0,0.0
2014-02-19 00:00:00+09:00,1298.7645263671875,1298.7645263671875,1298.7645263671875,1298.7645263671875,0,0.0,0.0
2014-02-20 00:00:00+09:00,1298.7648808232059,1298.7648808232059,1279.8048095703125,1279.8048095703125,200,0.0,0.0
2014-02-21 00:00:00+09:00,1289.28466796875,1289.28466796875,1289.28466796875,1289.28466796875,100,0.0,0.0
2014-02-24 00:00:00+09:00,1317.7247709386488,1317.7247709386488,1289.28466796875,1289.28466796875,300,0.0,0.0
2014-02-25 00:00:00+09:00,1327.204790257696,1459.9252692834655,1241.8844823125582,1270.3245849609375,5600,0.0,0.0
2014-02-26 00:00:00+09:00,1260.8446044921875,1260.8446044921875,1260.8446044921875,1260.8446044921875,100,0.0,0.0
2014-02-27 00:00:00+09:00,1279.8046191770638,1279.8046191770638,1270.3245849609375,1270.3245849609375,700,0.0,0.0
2014-02-28 00:00:00+09:00,1289.284638375947,1289.284638375947,1251.364501953125,1251.364501953125,800,0.0,0.0
2014-03-03 00:00:00+09:00,1251.364501953125,1251.364501953125,1251.364501953125,1251.364501953125,100,0.0,0.0
2014-03-04 00:00:00+09:00,1251.364501953125,1251.364501953125,1251.364501953125,1251.364501953125,100,0.0,0.0
2014-03-05 00:00:00+09:00,1346.1647088579136,1346.1647088579136,1317.724609375,1317.724609375,400,0.0,0.0
2014-03-06 00:00:00+09:00,1289.28466796875,1289.28466796875,1289.28466796875,1289.28466796875,100,0.0,0.0
2014-03-07 00:00:00+09:00,1346.1648739085479,1346.1648739085479,1279.8046336454504,1289.28466796875,700,0.0,0.0
2014-03-10 00:00:00+09:00,1289.28466796875,1289.28466796875,1289.28466796875,1289.28466796875,0,0.0,0.0
2014-03-11 00:00:00+09:00,1327.2047119140625,1327.2047119140625,1327.2047119140625,1327.2047119140625,200,0.0,0.0
2014-03-12 00:00:00+09:00,1308.2447509765625,1308.2447509765625,1308.2447509765625,1308.2447509765625,100,0.0,0.0
2014-03-13 00:00:00+09:00,1308.2447509765625,1308.2447509765625,1308.2447509765625,1308.2447509765625,100,0.0,0.0
2014-03-14 00:00:00+09:00,1308.2449164496527,1308.2449164496527,1279.8048095703125,1279.8048095703125,700,0.0,0.0
2014-03-17 00:00:00+09:00,1279.8048095703125,1279.8048095703125,1279.8048095703125,1279.8048095703125,200,0.0,0.0
2014-03-18 00:00:00+09:00,1279.8048095703125,1279.8048095703125,1279.8048095703125,1279.8048095703125,100,0.0,0.0
2014-03-19 00:00:00+09:00,1279.8048095703125,1279.8048095703125,1279.8048095703125,1279.8048095703125,400,0.0,0.0
2014-03-20 00:00:00+09:00,1298.764716549196,1308.2447509765625,1298.764716549196,1308.2447509765625,200,0.0,0.0
2014-03-24 00:00:00+09:00,1317.724609375,1317.724609375,1317.724609375,1317.724609375,200,0.0,0.0
2014-03-25 00:00:00+09:00,1355.6448128836496,1355.6448128836496,1327.2047119140625,1327.2047119140625,700,0.0,0.0
2014-03-26 00:00:00+09:00,1327.2046752076049,1384.0848755736451,1279.8045082359047,1355.644775390625,700,0.0,0.0
2014-03-27 00:00:00+09:00,1213.4443796641792,1270.3245849609375,1213.4443796641792,1270.3245849609375,700,0.0,0.0
2014-03-28 00:00:00+09:00,1260.8446044921875,1260.8446044921875,1260.8446044921875,1260.8446044921875,100,0.0,0.0
2014-03-31 00:00:00+09:00,1260.8445360588305,1260.8445360588305,1251.364501953125,1251.364501953125,200,0.0,0.0
2014-04-01 00:00:00+09:00,1222.924560546875,1222.924560546875,1222.924560546875,1222.924560546875,100,0.0,0.0
2014-04-02 00:00:00+09:00,1175.5240968578923,1298.7645263671875,1175.5240968578923,1298.7645263671875,600,0.0,0.0
2014-04-03 00:00:00+09:00,1298.7645263671875,1298.7645263671875,1298.7645263671875,1298.7645263671875,0,0.0,0.0
2014-04-04 00:00:00+09:00,1251.364501953125,1251.364501953125,1251.364501953125,1251.364501953125,300,0.0,0.0
2014-04-07 00:00:00+09:00,1251.364501953125,1251.364501953125,1251.364501953125,1251.364501953125,0,0.0,0.0
2014-04-08 00:00:00+09:00,1260.844701959181,1260.844701959181,1222.924560546875,1222.924560546875,300,0.0,0.0
2014-04-09 00:00:00+09:00,1147.084228515625,1147.084228515625,1147.084228515625,1147.084228515625,100,0.0,0.0
2014-04-10 00:00:00+09:00,1156.564208984375,1203.9643814837348,1156.564208984375,1156.564208984375,300,0.0,0.0
2014-04-11 00:00:00+09:00,1203.9644097222222,1203.9644097222222,1194.484375,1194.484375,200,0.0,0.0
2014-04-14 00:00:00+09:00,1194.484375,1194.484375,1194.484375,1194.484375,0,0.0,0.0
2014-04-15 00:00:00+09:00,1194.484375,1194.484375,1194.484375,1194.484375,0,0.0,0.0
2014-04-16 00:00:00+09:00,1194.484375,1194.484375,1194.484375,1194.484375,0,0.0,0.0
2014-04-17 00:00:00+09:00,1156.564208984375,1156.564208984375,1156.564208984375,1156.564208984375,100,0.0,0.0
2014-04-18 00:00:00+09:00,1156.5643012579972,1203.9644775390625,1156.5643012579972,1203.9644775390625,200,0.0,0.0
2014-04-21 00:00:00+09:00,1185.0044191345687,1222.924560546875,1185.0044191345687,1222.924560546875,300,0.0,0.0
2014-04-22 00:00:00+09:00,1222.924560546875,1222.924560546875,1222.924560546875,1222.924560546875,0,0.0,0.0
2014-04-23 00:00:00+09:00,1203.9645208543348,1203.9645208543348,1175.5244140625,1175.5244140625,200,0.0,0.0
2014-04-24 00:00:00+09:00,1222.9244091796875,1222.9244091796875,1185.0042724609375,1185.0042724609375,200,0.0,0.0
2014-04-25 00:00:00+09:00,1185.0042724609375,1185.0042724609375,1185.0042724609375,1185.0042724609375,300,0.0,0.0
2014-04-28 00:00:00+09:00,1232.4044189453125,1232.4044189453125,1232.4044189453125,1232.4044189453125,100,0.0,0.0
2014-04-30 00:00:00+09:00,1232.4044189453125,1232.4044189453125,1232.4044189453125,1232.4044189453125,100,0.0,0.0
2014-05-01 00:00:00+09:00,1232.4044189453125,1232.4044189453125,1232.4044189453125,1232.4044189453125,0,0.0,0.0
2014-05-02 00:00:00+09:00,1232.4044189453125,1232.4044189453125,1232.4044189453125,1232.4044189453125,0,0.0,0.0
2014-05-07 00:00:00+09:00,1194.484375,1194.484375,1194.484375,1194.484375,100,0.0,0.0
2014-05-08 00:00:00+09:00,1156.564208984375,1156.564208984375,1156.564208984375,1156.564208984375,100,0.0,0.0
2014-05-09 00:00:00+09:00,1147.084228515625,1147.084228515625,1147.084228515625,1147.084228515625,100,0.0,0.0
2014-05-12 00:00:00+09:00,1147.084228515625,1147.084228515625,1147.084228515625,1147.084228515625,200,0.0,0.0
2014-05-13 00:00:00+09:00,1147.084228515625,1147.084228515625,1147.084228515625,1147.084228515625,0,0.0,0.0
2014-05-14 00:00:00+09:00,1194.484375,1194.484375,1194.484375,1194.484375,200,0.0,0.0
2014-05-15 00:00:00+09:00,1156.564208984375,1156.564208984375,1156.564208984375,1156.564208984375,200,0.0,0.0
2014-05-16 00:00:00+09:00,1147.084201388889,1194.484375,1147.084201388889,1194.484375,200,0.0,0.0
2014-05-19 00:00:00+09:00,1156.5643751641283,1156.5643751641283,1128.124267578125,1128.124267578125,500,0.0,0.0
2014-05-20 00:00:00+09:00,1175.5244140625,1175.5244140625,1175.5244140625,1175.5244140625,100,0.0,0.0
2014-05-21 00:00:00+09:00,1156.5644102933115,1156.5644102933115,1071.2440849438049,1080.72412109375,1000,0.0,0.0
2014-05-22 00:00:00+09:00,1109.1639404296875,1109.1639404296875,1109.1639404296875,1109.1639404296875,200,0.0,0.0
2014-05-23 00:00:00+09:00,1137.6041666666667,1194.484375,1137.6041666666667,1194.484375,300,0.0,0.0
2014-05-26 00:00:00+09:00,1194.4843170683262,1194.4843170683262,1118.64404296875,1118.64404296875,700,0.0,0.0
2014-05-27 00:00:00+09:00,1166.0442708333335,1213.4444444444446,1166.0442708333335,1194.484375,500,0.0,0.0
2014-05-28 00:00:00+09:00,1222.9243698120117,1222.9243698120117,1213.4443359375,1213.4443359375,200,0.0,0.0
2014-05-29 00:00:00+09:00,1185.0042724609375,1185.0042724609375,1185.0042724609375,1185.0042724609375,100,0.0,0.0
2014-05-30 00:00:00+09:00,1203.9643020629883,1222.9243698120117,1203.9643020629883,1213.4443359375,500,0.0,0.0
2014-06-02 00:00:00+09:00,1185.0043402777778,1194.484375,1185.0043402777778,1194.484375,300,0.0,0.0
2014-06-03 00:00:00+09:00,1166.0440673828125,1166.0440673828125,1166.0440673828125,1166.0440673828125,100,0.0,0.0
2014-06-04 00:00:00+09:00,1137.6040649414062,1213.4443359375,1137.6040649414062,1213.4443359375,1500,0.0,0.0
2014-06-05 00:00:00+09:00,1213.4443359375,1213.4443359375,1213.4443359375,1213.4443359375,0,0.0,0.0
2014-06-06 00:00:00+09:00,1213.4443359375,1213.4443359375,1213.4443359375,1213.4443359375,200,0.0,0.0
2014-06-09 00:00:00+09:00,1185.0044496597782,1185.0044496597782,1175.5244140625,1175.5244140625,200,0.0,0.0
2014-06-10 00:00:00+09:00,1175.5244140625,1175.5244140625,1175.5244140625,1175.5244140625,0,0.0,0.0
2014-06-11 00:00:00+09:00,1175.5244140625,1175.5244140625,1175.5244140625,1175.5244140625,0,0.0,0.0
2014-06-12 00:00:00+09:00,1175.5241004509655,1175.5241004509655,1166.0440673828125,1166.0440673828125,200,0.0,0.0
2014-06-13 00:00:00+09:00,1166.0440673828125,1166.0440673828125,1166.0440673828125,1166.0440673828125,0,0.0,0.0
2014-06-16 00:00:00+09:00,1166.0442041015624,1185.0042724609375,1137.6041015625,1185.0042724609375,300,0.0,0.0
2014-06-17 00:00:00+09:00,1175.5244140625,1175.5244140625,1175.5244140625,1175.5244140625,200,0.0,0.0
2014-06-18 00:00:00+09:00,1137.6041259765625,1137.6041259765625,1137.6041259765625,1137.6041259765625,200,0.0,0.0
2014-06-19 00:00:00+09:00,1175.524277984119,1175.524277984119,1147.0841744845031,1156.564208984375,1400,0.0,0.0
2014-06-20 00:00:00+09:00,1156.5640343146597,1166.0440673828125,1156.5640343146597,1166.0440673828125,600,0.0,0.0
2014-06-23 00:00:00+09:00,1166.0440673828125,1166.0440673828125,1166.0440673828125,1166.0440673828125,100,0.0,0.0
2014-06-24 00:00:00+09:00,1175.5243055555557,1194.484375,1175.5243055555557,1194.484375,500,0.0,0.0
2014-06-25 00:00:00+09:00,1241.8842027907403,1611.605454003251,1241.8842027907403,1412.5247802734375,29100,0.0,0.0
2014-06-26 00:00:00+09:00,1422.0048123558097,1459.9249406852978,1317.724459449717,1412.5247802734375,3400,0.0,0.0
2014-06-27 00:00:00+09:00,1393.564908967985,1393.564908967985,1327.2046752076049,1355.644775390625,1400,0.0,0.0
2014-06-30 00:00:00+09:00,1365.1247751798562,1365.1247751798562,1317.724609375,1317.724609375,300,0.0,0.0
2014-07-01 00:00:00+09:00,1317.7245924455406,1317.7245924455406,1298.7645263671875,1298.7645263671875,600,0.0,0.0
2014-07-02 00:00:00+09:00,1336.6846756969423,1554.7254383992806,1317.724609375,1317.724609375,10600,0.0,0.0
2014-07-03 00:00:00+09:00,1327.2047119140625,1327.2047119140625,1327.2047119140625,1327.2047119140625,500,0.0,0.0
2014-07-04 00:00:00+09:00,1327.2048198312953,1327.2048198312953,1308.2447509765625,1308.2447509765625,400,0.0,0.0
2014-07-07 00:00:00+09:00,1308.2447509765625,1317.724785403929,1308.2447509765625,1308.2447509765625,500,0.0,0.0
2014-07-08 00:00:00+09:00,1298.764716549196,1308.2447509765625,1298.764716549196,1308.2447509765625,300,0.0,0.0
2014-07-09 00:00:00+09:00,1327.204625484717,1336.6846585238936,1298.7645263671875,1298.7645263671875,700,0.0,0.0
2014-07-10 00:00:00+09:00,1308.244559406364,1308.244559406364,1298.7645263671875,1298.7645263671875,200,0.0,0.0
2014-07-11 00:00:00+09:00,1289.2846533931904,1289.2846533931904,1270.3245849609375,1270.3245849609375,700,0.0,0.0
2014-07-14 00:00:00+09:00,1270.324427249658,1298.7645263671875,1270.324427249658,1298.7645263671875,400,0.0,0.0
2014-07-15 00:00:00+09:00,1327.2049877025463,1327.2049877025463,1270.3247739438657,1279.8048095703125,500,0.0,0.0
2014-07-16 00:00:00+09:00,1279.8048095703125,1279.8048095703125,1279.8048095703125,1279.8048095703125,100,0.0,0.0
2014-07-17 00:00:00+09:00,1308.2449164496527,1308.2449164496527,1260.844738317419,1279.8048095703125,1200,0.0,0.0
2014-07-18 00:00:00+09:00,1260.8446044921875,1260.8446044921875,1260.8446044921875,1260.8446044921875,200,0.0,0.0
2014-07-22 00:00:00+09:00,1251.364702690972,1279.8048095703125,1251.364702690972,1279.8048095703125,300,0.0,0.0
2014-07-23 00:00:00+09:00,1279.8046336454504,1412.525114171645,1279.8046336454504,1289.28466796875,5200,0.0,0.0
2014-07-24 00:00:00+09:00,1298.7647022920496,1298.7647022920496,1260.844564998851,1289.28466796875,1100,0.0,0.0
2014-07-25 00:00:00+09:00,1279.8046336454504,1289.28466796875,1279.8046336454504,1289.28466796875,500,0.0,0.0
2014-07-28 00:00:00+09:00,1289.2844916449653,1450.445053100586,1289.2844916449653,1365.124755859375,1300,0.0,0.0
2014-07-29 00:00:00+09:00,1374.6048962230414,1374.6048962230414,1346.164794921875,1346.164794921875,300,0.0,0.0
2014-07-30 00:00:00+09:00,1393.5649254108298,1403.0449589170257,1346.164757879849,1374.6048583984375,1300,0.0,0.0
2014-07-31 00:00:00+09:00,1336.684708601945,1355.644775390625,1308.2446084189248,1355.644775390625,600,0.0,0.0
2014-08-01 00:00:00+09:00,1308.2447120179522,1346.1648485981827,1298.7646778728945,1336.684814453125,700,0.0,0.0
2014-08-04 00:00:00+09:00,1336.6848542586617,1336.6848542586617,1308.2447509765625,1308.2447509765625,300,0.0,0.0
2014-08-05 00:00:00+09:00,1289.2845098920864,1317.724609375,1289.2845098920864,1317.724609375,300,0.0,0.0
2014-08-06 00:00:00+09:00,1336.684814453125,1336.684814453125,1336.684814453125,1336.684814453125,100,0.0,0.0
2014-08-07 00:00:00+09:00,1336.684814453125,1336.684814453125,1336.684814453125,1336.684814453125,0,0.0,0.0
2014-08-08 00:00:00+09:00,1289.2846821218297,1308.2447509765625,1289.2846821218297,1308.2447509765625,300,0.0,0.0
2014-08-11 00:00:00+09:00,1317.724609375,1317.724609375,1317.724609375,1317.724609375,100,0.0,0.0
2014-08-12 00:00:00+09:00,1317.724609375,1317.724609375,1317.724609375,1317.724609375,0,0.0,0.0
2014-08-13 00:00:00+09:00,1317.724609375,1317.724609375,1317.724609375,1317.724609375,0,0.0,0.0
2014-08-14 00:00:00+09:00,1279.8046476944633,1308.2447509765625,1279.8046476944633,1308.2447509765625,200,0.0,0.0
2014-08-15 00:00:00+09:00,1308.2447509765625,1308.2447509765625,1308.2447509765625,1308.2447509765625,0,0.0,0.0
2014-08-18 00:00:00+09:00,1289.2845772879464,1327.2047119140625,1289.2845772879464,1327.2047119140625,400,0.0,0.0
2014-08-19 00:00:00+09:00,1327.2047119140625,1327.2047119140625,1327.2047119140625,1327.2047119140625,0,0.0,0.0
2014-08-20 00:00:00+09:00,1308.2445762140287,1317.724609375,1298.7645430530577,1317.724609375,400,0.0,0.0
2014-08-21 00:00:00+09:00,1317.724609375,1317.724609375,1317.724609375,1317.724609375,100,0.0,0.0
2014-08-22 00:00:00+09:00,1289.2845098920864,1317.724609375,1289.2845098920864,1317.724609375,400,0.0,0.0
2014-08-25 00:00:00+09:00,1298.7645750245847,1355.644775390625,1298.7645750245847,1355.644775390625,800,0.0,0.0
2014-08-26 00:00:00+09:00,1355.6448128836496,1355.6448128836496,1327.2047119140625,1327.2047119140625,300,0.0,0.0
2014-08-27 00:00:00+09:00,1289.2845772879464,1336.6847455705915,1289.2845772879464,1327.2047119140625,600,0.0,0.0
2014-08-28 00:00:00+09:00,1355.6448286889306,1355.6448286889306,1346.164794921875,1346.164794921875,300,0.0,0.0
2014-08-29 00:00:00+09:00,1355.644775390625,1355.644775390625,1355.644775390625,1355.644775390625,300,0.0,0.0
2014-09-01 00:00:00+09:00,1327.2047803080675,1336.684814453125,1327.2047803080675,1336.684814453125,200,0.0,0.0
2014-09-02 00:00:00+09:00,1336.684814453125,1336.684814453125,1336.684814453125,1336.684814453125,0,0.0,0.0
2014-09-03 00:00:00+09:00,1336.684814453125,1336.684814453125,1336.684814453125,1336.684814453125,0,0.0,0.0
2014-09-04 00:00:00+09:00,1336.684814453125,1336.684814453125,1336.684814453125,1336.684814453125,0,0.0,0.0
2014-09-05 00:00:00+09:00,1336.684814453125,1336.684814453125,1336.684814453125,1336.684814453125,0,0.0,0.0
2014-09-08 00:00:00+09:00,1346.164794921875,1346.164794921875,1346.164794921875,1346.164794921875,100,0.0,0.0
2014-09-09 00:00:00+09:00,1346.164794921875,1346.164794921875,1346.164794921875,1346.164794921875,200,0.0,0.0
2014-09-10 00:00:00+09:00,1346.1647792271206,1346.1647792271206,1279.8045436314173,1327.2047119140625,600,0.0,0.0
2014-09-11 00:00:00+09:00,1298.7648808232059,1298.7648808232059,1251.364702690972,1279.8048095703125,1100,0.0,0.0
2014-09-12 00:00:00+09:00,1298.7648808232059,1317.7249520760995,1279.8048095703125,1279.8048095703125,300,0.0,0.0
2014-09-16 00:00:00+09:00,1279.8048095703125,1279.8048095703125,1279.8048095703125,1279.8048095703125,0,0.0,0.0
2014-09-17 00:00:00+09:00,1279.8048095703125,1279.8048095703125,1279.8048095703125,1279.8048095703125,0,0.0,0.0
2014-09-18 00:00:00+09:00,1279.8048095703125,1279.8048095703125,1279.8048095703125,1279.8048095703125,100,0.0,0.0
2014-09-19 00:00:00+09:00,1308.2447509765625,1308.2447509765625,1308.2447509765625,1308.2447509765625,100,0.0,0.0
2014-09-22 00:00:00+09:00,1308.2447509765625,1308.2447509765625,1308.2447509765625,1308.2447509765625,0,0.0,0.0
2014-09-24 00:00:00+09:00,1289.284493328011,1298.7645263671875,1289.284493328011,1298.7645263671875,400,0.0,0.0
2014-09-25 00:00:00+09:00,1308.2447509765625,1308.2447509765625,1308.2447509765625,1308.2447509765625,400,0.0,0.0
2014-09-26 00:00:00+09:00,1327.2046752076049,1365.1248087849651,1317.724641813265,1355.644775390625,700,0.0,0.0
2014-09-29 00:00:00+09:00,1327.2046752076049,1355.644775390625,1327.2046752076049,1355.644775390625,300,0.0,0.0
2014-09-30 00:00:00+09:00,1355.644775390625,1355.644775390625,1355.644775390625,1355.644775390625,100,0.0,0.0
2014-10-01 00:00:00+09:00,1308.2447509765625,1308.2447509765625,1298.764716549196,1308.2447509765625,400,0.0,0.0
2014-10-02 00:00:00+09:00,1251.3646666061047,1260.844701959181,1185.0044191345687,1222.924560546875,4100,0.0,0.0
2014-10-03 00:00:00+09:00,1213.444365530303,1251.364501953125,1213.444365530303,1251.364501953125,400,0.0,0.0
2014-10-06 00:00:00+09:00,1241.8844529371995,1241.8844529371995,1232.4044189453125,1232.4044189453125,400,0.0,0.0
2014-10-07 00:00:00+09:00,1241.8844678474195,1251.364501953125,1241.8844678474195,1251.364501953125,300,0.0,0.0
2014-10-08 00:00:00+09:00,1232.404433741714,1251.364501953125,1232.404433741714,1251.364501953125,200,0.0,0.0
2014-10-09 00:00:00+09:00,1241.8844529371995,1241.8844529371995,1232.4044189453125,1232.4044189453125,400,0.0,0.0
2014-10-10 00:00:00+09:00,1222.9245480514887,1222.9245480514887,1203.9644775390625,1203.9644775390625,400,0.0,0.0
2014-10-14 00:00:00+09:00,1185.0043683012655,1185.0043683012655,1147.084228515625,1147.084228515625,1400,0.0,0.0
2014-10-15 00:00:00+09:00,1147.084228515625,1147.084228515625,1147.084228515625,1147.084228515625,0,0.0,0.0
2014-10-16 00:00:00+09:00,1147.084228515625,1147.084228515625,1137.6041935692149,1147.084228515625,600,0.0,0.0
2014-10-17 00:00:00+09:00,1147.084228515625,1147.084228515625,1147.084228515625,1147.084228515625,300,0.0,0.0
2014-10-20 00:00:00+09:00,1147.084228515625,1147.084228515625,1137.6041935692149,1147.084228515625,800,0.0,0.0
2014-10-21 00:00:00+09:00,1166.0442984084452,1166.0442984084452,1147.084228515625,1147.084228515625,300,0.0,0.0
2014-10-22 00:00:00+09:00,1156.564208984375,1156.564208984375,1156.564208984375,1156.564208984375,100,0.0,0.0
2014-10-23 00:00:00+09:00,1185.0041335191186,1185.0041335191186,1166.0440673828125,1166.0440673828125,300,0.0,0.0
2014-10-24 00:00:00+09:00,1166.0440673828125,1166.0440673828125,1166.0440673828125,1166.0440673828125,0,0.0,0.0
2014-10-27 00:00:00+09:00,1166.0440673828125,1166.0440673828125,1166.0440673828125,1166.0440673828125,300,0.0,0.0
2014-10-28 00:00:00+09:00,1185.0042724609375,1185.0042724609375,1185.0042724609375,1185.0042724609375,100,0.0,0.0
2014-10-29 00:00:00+09:00,1156.564208984375,1156.564208984375,1156.564208984375,1156.564208984375,100,0.0,0.0
2014-10-30 00:00:00+09:00,1156.5643130753392,1222.924560546875,1156.5643130753392,1222.924560546875,600,0.0,0.0
2014-10-31 00:00:00+09:00,1222.924560546875,1222.924560546875,1222.924560546875,1222.924560546875,100,0.0,0.0
2014-11-04 00:00:00+09:00,1222.924560546875,1222.924560546875,1222.924560546875,1222.924560546875,0,0.0,0.0
2014-11-05 00:00:00+09:00,1222.924560546875,1222.924560546875,1222.924560546875,1222.924560546875,100,0.0,0.0
2014-11-06 00:00:00+09:00,1222.924560546875,1222.924560546875,1222.924560546875,1222.924560546875,0,0.0,0.0
2014-11-07 00:00:00+09:00,1232.4044189453125,1232.4044189453125,1232.4044189453125,1232.4044189453125,100,0.0,0.0
2014-11-10 00:00:00+09:00,1232.4044189453125,1232.4044189453125,1232.4044189453125,1232.4044189453125,0,0.0,0.0
2014-11-11 00:00:00+09:00,1232.4044189453125,1241.8844529371995,1232.4044189453125,1232.4044189453125,400,0.0,0.0
2014-11-12 00:00:00+09:00,1232.4046081077051,1241.8846435546875,1222.9245726607228,1241.8846435546875,300,0.0,0.0
2014-11-13 00:00:00+09:00,1241.8846435546875,1241.8846435546875,1241.8846435546875,1241.8846435546875,0,0.0,0.0
2014-11-14 00:00:00+09:00,1232.4045833077018,1232.4045833077018,1194.4844422828494,1203.9644775390625,500,0.0,0.0
2014-11-17 00:00:00+09:00,1203.9644775390625,1203.9644775390625,1203.9644775390625,1203.9644775390625,100,0.0,0.0
2014-11-18 00:00:00+09:00,1194.484375,1194.484375,1194.484375,1194.484375,100,0.0,0.0
2014-11-19 00:00:00+09:00,1194.484306640625,1194.484306640625,1185.0042724609375,1185.0042724609375,500,0.0,0.0
2014-11-20 00:00:00+09:00,1232.4046081077051,1241.8846435546875,1232.4046081077051,1241.8846435546875,400,0.0,0.0
2014-11-21 00:00:00+09:00,1241.8844529371995,1241.8844529371995,1232.4044189453125,1232.4044189453125,300,0.0,0.0
2014-11-25 00:00:00+09:00,1232.4044189453125,1232.4044189453125,1232.4044189453125,1232.4044189453125,600,0.0,0.0
2014-11-26 00:00:00+09:00,1222.9243849534255,1232.4044189453125,1222.9243849534255,1232.4044189453125,200,0.0,0.0
2014-11-27 00:00:00+09:00,1232.4044189453125,1232.4044189453125,1222.9243849534255,1232.4044189453125,600,0.0,0.0
2014-11-28 00:00:00+09:00,1203.9643169696515,1232.4044189453125,1203.9643169696515,1232.4044189453125,200,0.0,0.0
2014-12-01 00:00:00+09:00,1232.4044189453125,1232.4044189453125,1232.4044189453125,1232.4044189453125,700,0.0,0.0
2014-12-02 00:00:00+09:00,1203.9643169696515,1232.4044189453125,1203.9643169696515,1232.4044189453125,300,0.0,0.0
2014-12-03 00:00:00+09:00,1232.4044189453125,1232.4044189453125,1232.4044189453125,1232.4044189453125,200,0.0,0.0
2014-12-04 00:00:00+09:00,1232.4044036865234,1232.4044036865234,1213.4443359375,1213.4443359375,500,0.0,0.0
2014-12-05 00:00:00+09:00,1213.4443359375,1222.9243698120117,1213.4443359375,1213.4443359375,800,0.0,0.0
2014-12-08 00:00:00+09:00,1213.4445251937984,1222.924560546875,1213.4445251937984,1222.924560546875,200,0.0,0.0
2014-12-09 00:00:00+09:00,1213.4443359375,1213.4443359375,1213.4443359375,1213.4443359375,200,0.0,0.0
2014-12-10 00:00:00+09:00,1213.4443359375,1213.4443359375,1213.4443359375,1213.4443359375,0,0.0,0.0
2014-12-11 00:00:00+09:00,1213.4443359375,1213.4443359375,1213.4443359375,1213.4443359375,0,0.0,0.0
2014-12-12 00:00:00+09:00,1203.9644775390625,1203.9644775390625,1203.9644775390625,1203.9644775390625,100,0.0,0.0
2014-12-15 00:00:00+09:00,1203.9644775390625,1203.9644775390625,1203.9644775390625,1203.9644775390625,200,0.0,0.0
2014-12-16 00:00:00+09:00,1203.9644097222222,1203.9644097222222,1194.484375,1194.484375,400,0.0,0.0
2014-12-17 00:00:00+09:00,1203.9644775390625,1203.9644775390625,1203.9644775390625,1203.9644775390625,100,0.0,0.0
2014-12-18 00:00:00+09:00,1203.9644775390625,1203.9644775390625,1203.9644775390625,1203.9644775390625,0,0.0,0.0
2014-12-19 00:00:00+09:00,1213.4445127952756,1213.4445127952756,1203.9644775390625,1203.9644775390625,200,0.0,0.0
2014-12-22 00:00:00+09:00,1203.9644898407219,1222.924560546875,1203.9644898407219,1222.924560546875,900,0.0,0.0
2014-12-24 00:00:00+09:00,1222.924560546875,1222.924560546875,1213.4445251937984,1222.924560546875,600,0.0,0.0
2014-12-25 00:00:00+09:00,1222.9245480514887,1232.4045833077018,1203.9644775390625,1203.9644775390625,900,0.0,0.0
2014-12-26 00:00:00+09:00,1203.9644775390625,1203.9644775390625,1203.9644775390625,1203.9644775390625,0,0.0,0.0
2014-12-29 00:00:00+09:00,1213.4443359375,1213.4443359375,1213.4443359375,1213.4443359375,500,0.0,0.0
2014-12-30 00:00:00+09:00,1232.4044189453125,1232.4044189453125,1232.4044189453125,1232.4044189453125,200,0.0,0.0
2015-01-05 00:00:00+09:00,1308.2447120179522,1403.0450534685283,1222.9244047124334,1336.684814453125,7700,0.0,0.0
2015-01-06 00:00:00+09:00,1355.644775390625,1592.6456102491259,1336.684708601945,1355.644775390625,21500,0.0,0.0
2015-01-07 00:00:00+09:00,1384.0848219129775,1431.4849870469836,1365.124755859375,1365.124755859375,2700,0.0,0.0
2015-01-08 00:00:00+09:00,1497.8453815739329,1706.406130907012,1497.8453815739329,1554.7255859375,40600,0.0,0.0
2015-01-09 00:00:00+09:00,1687.445915763609,1791.726281344506,1459.9251181325606,1469.4051513671875,20100,0.0,0.0
2015-01-13 00:00:00+09:00,1422.0051668128187,1422.0051668128187,1374.6049945857249,1393.5650634765625,2400,0.0,0.0
2015-01-14 00:00:00+09:00,1384.0848219129775,1384.0848219129775,1365.124755859375,1365.124755859375,800,0.0,0.0
2015-01-15 00:00:00+09:00,1346.1647792271206,1346.1647792271206,1317.7246782575335,1327.2047119140625,1800,0.0,0.0
2015-01-16 00:00:00+09:00,1327.2048198312953,1327.2048198312953,1308.2447509765625,1308.2447509765625,300,0.0,0.0
2015-01-19 00:00:00+09:00,1355.644775390625,1355.644775390625,1355.644775390625,1355.644775390625,200,0.0,0.0
2015-01-20 00:00:00+09:00,1365.1248248922413,1422.005025929418,1317.7246573612608,1374.6048583984375,1900,0.0,0.0
2015-01-21 00:00:00+09:00,1412.5249358532476,1526.2853333716298,1374.6048033471202,1450.445068359375,7800,0.0,0.0
2015-01-22 00:00:00+09:00,1478.8853020127772,1924.4468994140625,1478.8853020127772,1924.4468994140625,30700,0.0,0.0
2015-01-23 00:00:00+09:00,2682.849365234375,2682.849365234375,2682.849365234375,2682.849365234375,14400,0.0,0.0
2015-01-26 00:00:00+09:00,2303.6484963553294,2388.9688110351562,2038.2075173514231,2123.52783203125,84500,0.0,0.0
2015-01-27 00:00:00+09:00,2085.6075398955863,2104.5676084400916,1962.3670943563018,2000.2872314453125,16800,0.0,0.0
2015-01-28 00:00:00+09:00,2000.28706114234,2284.688065096227,1905.4867264910442,1943.4068603515625,26600,0.0,0.0
2015-01-29 00:00:00+09:00,1924.4468842311878,1924.4468842311878,1886.5267485813122,1905.48681640625,6000,0.0,0.0
2015-01-30 00:00:00+09:00,1867.5666131591797,1896.0067138671875,1810.686411743164,1896.0067138671875,5400,0.0,0.0
2015-02-02 00:00:00+09:00,1763.2863083298141,1801.2064439928208,1734.846206582559,1753.8062744140625,3600,0.0,0.0
2015-02-03 00:00:00+09:00,1753.8062981499568,1782.2464002821182,1630.565855577257,1706.4061279296875,4700,0.0,0.0
2015-02-04 00:00:00+09:00,1659.0059814453125,1668.486015625,1630.56587890625,1659.0059814453125,5200,0.0,0.0
2015-02-05 00:00:00+09:00,1611.605556245484,1696.9258503996568,1611.605556245484,1640.045654296875,2700,0.0,0.0
2015-02-06 00:00:00+09:00,1668.4859306867734,1668.4859306867734,1583.1656274130178,1630.5657958984375,3200,0.0,0.0
2015-02-09 00:00:00+09:00,1640.045813706342,1858.0865866268384,1507.3253432329964,1611.605712890625,14500,0.0,0.0
2015-02-10 00:00:00+09:00,1611.605712890625,1630.565780101103,1573.6855784696693,1611.605712890625,1200,0.0,0.0
2015-02-12 00:00:00+09:00,1706.4060724431818,2085.607421875,1677.9659712357955,2085.607421875,67900,0.0,0.0
2015-02-13 00:00:00+09:00,2540.649179590811,2844.0102756613555,1914.9669189453125,1914.9669189453125,189100,0.0,0.0
2015-02-16 00:00:00+09:00,2047.6872452445652,2057.167278787364,1952.8869098165762,1962.366943359375,14200,0.0,0.0
2015-02-17 00:00:00+09:00,2028.7277360882676,2445.8493266858554,2028.7277360882676,2161.4482421875,45000,0.0,0.0
2015-02-18 00:00:00+09:00,2085.6075398955863,2085.6075398955863,2000.2872314453125,2000.2872314453125,9300,0.0,0.0
2015-02-19 00:00:00+09:00,2000.2872314453125,2038.207368534323,1990.8071971730596,2000.2872314453125,2900,0.0,0.0
2015-02-20 00:00:00+09:00,1981.326994212081,2019.2471280725993,1933.926826886433,1943.4068603515625,4000,0.0,0.0
2015-02-23 00:00:00+09:00,1962.3670270647322,2000.2871628534226,1952.8869931175595,1990.80712890625,1300,0.0,0.0
2015-02-24 00:00:00+09:00,1952.886736356295,1981.3268344585713,1943.4067036555364,1971.8468017578125,1400,0.0,0.0
2015-02-25 00:00:00+09:00,2123.5281107305937,2540.6497039098176,2066.6478934788815,2076.1279296875,44300,0.0,0.0
2015-02-26 00:00:00+09:00,2142.4876242897726,2142.4876242897726,2076.1273881392044,2085.607421875,3200,0.0,0.0
2015-02-27 00:00:00+09:00,2199.3681998996562,2227.8083059328414,2066.647705078125,2066.647705078125,7800,0.0,0.0
2015-03-02 00:00:00+09:00,2066.6476755184976,2123.5278867713005,2066.6476755184976,2114.0478515625,1600,0.0,0.0
2015-03-03 00:00:00+09:00,2066.6475694444443,2085.607638888889,2038.2074652777778,2047.6875,14100,0.0,0.0
2015-03-04 00:00:00+09:00,2076.1273881392044,2085.607421875,2047.687286931818,2085.607421875,3700,0.0,0.0
2015-03-05 00:00:00+09:00,2066.6478934788815,2085.607965896119,2057.1678572702626,2076.1279296875,900,0.0,0.0
2015-03-06 00:00:00+09:00,2076.12774042252,2076.12774042252,2057.16766973373,2066.647705078125,1300,0.0,0.0
2015-03-09 00:00:00+09:00,2076.1273881392044,2180.4077592329545,2047.687286931818,2085.607421875,5500,0.0,0.0
2015-03-10 00:00:00+09:00,2085.607421875,2170.927725497159,2066.6473544034093,2085.607421875,2900,0.0,0.0
2015-03-11 00:00:00+09:00,2123.52783203125,2123.52783203125,2104.5677621023997,2123.52783203125,1100,0.0,0.0
2015-03-12 00:00:00+09:00,2123.5277502828053,2123.5277502828053,2095.087646484375,2095.087646484375,500,0.0,0.0
2015-03-13 00:00:00+09:00,2095.087369716662,2095.087369716662,2057.167236328125,2057.167236328125,2300,0.0,0.0
2015-03-16 00:00:00+09:00,2057.1678572702626,2085.607965896119,2057.1678572702626,2076.1279296875,900,0.0,0.0
2015-03-17 00:00:00+09:00,2076.1273030223933,2076.1273030223933,2047.6872029809908,2057.167236328125,1000,0.0,0.0
2015-03-18 00:00:00+09:00,2057.167096656977,2057.167096656977,2038.20703125,2038.20703125,1400,0.0,0.0
2015-03-19 00:00:00+09:00,2038.2073536558014,2038.2073536558014,1971.8471142344497,1981.3271484375,3200,0.0,0.0
2015-03-20 00:00:00+09:00,2000.2871248487015,2038.2072599169235,1990.8070910816461,2019.2471923828125,900,0.0,0.0
2015-03-23 00:00:00+09:00,2000.2872314453125,2028.7273342620704,1943.4070258117963,2000.2872314453125,2300,0.0,0.0
2015-03-24 00:00:00+09:00,1971.8470758402123,2009.7672119140625,1962.3670418217496,2009.7672119140625,1400,0.0,0.0
2015-03-25 00:00:00+09:00,2047.6872936839789,2057.1673274510345,2009.7671586157571,2019.2471923828125,1200,0.0,0.0
2015-03-26 00:00:00+09:00,2038.20731396945,2038.20731396945,2009.7672119140625,2009.7672119140625,700,0.0,0.0
2015-03-27 00:00:00+09:00,1971.846837515783,1981.3268703884548,1791.7262129350142,1877.0465087890625,3400,0.0,0.0
2015-03-30 00:00:00+09:00,1924.4472262474799,2351.048828125,1924.4472262474799,2351.048828125,44600,0.0,0.0
2015-03-31 00:00:00+09:00,2123.5279171444954,2265.7284473104214,2047.687634389335,2066.647705078125,58500,0.0,0.0
2015-04-01 00:00:00+09:00,2047.6873878588517,2057.167422061902,1971.8471142344497,1981.3271484375,4900,0.0,0.0
2015-04-02 00:00:00+09:00,1990.80712890625,2085.607468377976,1981.3270949590774,1990.80712890625,6100,0.0,0.0
2015-04-03 00:00:00+09:00,2009.7669325608474,2028.7269979623647,1962.3667690570537,1971.8468017578125,2300,0.0,0.0
2015-04-06 00:00:00+09:00,1981.327010444973,1981.327010444973,1914.9667756453805,1962.366943359375,2400,0.0,0.0
2015-04-07 00:00:00+09:00,1990.8068671593298,1990.8068671593298,1971.8468017578125,1971.8468017578125,300,0.0,0.0
2015-04-08 00:00:00+09:00,1962.3670800313996,1990.8071826405503,1962.3670800313996,1981.3271484375,900,0.0,0.0
2015-04-09 00:00:00+09:00,1971.8468017578125,1981.3268344585713,1962.3667690570537,1971.8468017578125,1000,0.0,0.0
2015-04-10 00:00:00+09:00,1971.847153746966,1971.847153746966,1952.8870849609375,1952.8870849609375,1100,0.0,0.0
2015-04-13 00:00:00+09:00,1943.4068603515625,1952.8868938166922,1943.4068603515625,1943.4068603515625,1200,0.0,0.0
2015-04-14 00:00:00+09:00,1962.3669272818217,1971.8469607469513,1924.4467934213035,1943.4068603515625,1400,0.0,0.0
2015-04-15 00:00:00+09:00,1952.8870849609375,1952.8870849609375,1952.8870849609375,1952.8870849609375,100,0.0,0.0
2015-04-16 00:00:00+09:00,1943.4067036555364,1981.3268344585713,1924.4466382540188,1971.8468017578125,1200,0.0,0.0
2015-04-17 00:00:00+09:00,1971.847153746966,1971.847153746966,1952.8870849609375,1952.8870849609375,600,0.0,0.0
2015-04-20 00:00:00+09:00,1933.9269334013238,1933.9269334013238,1924.4468994140625,1924.4468994140625,400,0.0,0.0
2015-04-21 00:00:00+09:00,1905.4866584329045,1933.9267578125,1905.4866584329045,1933.9267578125,1100,0.0,0.0
2015-04-22 00:00:00+09:00,1924.446724685968,1933.9267578125,1924.446724685968,1933.9267578125,600,0.0,0.0
2015-04-23 00:00:00+09:00,1933.9269181436568,1943.4069520561256,1905.48681640625,1905.48681640625,1000,0.0,0.0
2015-04-24 00:00:00+09:00,1914.9666915594362,1943.406790939032,1914.9666915594362,1933.9267578125,1500,0.0,0.0
2015-04-27 00:00:00+09:00,1933.926826886433,1943.4068603515625,1933.926826886433,1943.4068603515625,700,0.0,0.0
2015-04-28 00:00:00+09:00,1943.406790939032,1981.3269234451593,1933.9267578125,1933.9267578125,1600,0.0,0.0
2015-04-30 00:00:00+09:00,1933.9269334013238,1952.8870013758467,1905.4868314395396,1924.4468994140625,1400,0.0,0.0
2015-05-01 00:00:00+09:00,1924.4468994140625,1924.4468994140625,1924.4468994140625,1924.4468994140625,200,0.0,0.0
2015-05-07 00:00:00+09:00,1905.48681640625,1905.48681640625,1896.0067824937812,1905.48681640625,2000,0.0,0.0
2015-05-08 00:00:00+09:00,1886.526816188699,1914.9669189453125,1877.0467819364944,1914.9669189453125,1400,0.0,0.0
2015-05-11 00:00:00+09:00,1896.0067138671875,1896.0067138671875,1896.0067138671875,1896.0067138671875,100,0.0,0.0
2015-05-12 00:00:00+09:00,1924.4468994140625,1924.4468994140625,1924.4468994140625,1924.4468994140625,100,0.0,0.0
2015-05-13 00:00:00+09:00,1886.5267485813122,1914.966850318719,1867.5666807563744,1905.48681640625,900,0.0,0.0
2015-05-14 00:00:00+09:00,1905.4868314395396,1924.4468994140625,1886.526763465017,1924.4468994140625,600,0.0,0.0
2015-05-15 00:00:00+09:00,1924.4466731524226,1924.4466731524226,1877.0465087890625,1877.0465087890625,1200,0.0,0.0
2015-05-18 00:00:00+09:00,1924.4466731524226,1924.4466731524226,1877.0465087890625,1877.0465087890625,4500,0.0,0.0
2015-05-19 00:00:00+09:00,1877.0467379823021,1896.0068060427295,1858.086669921875,1858.086669921875,1400,0.0,0.0
2015-05-20 00:00:00+09:00,1858.0863914298052,1886.5264892578125,1858.0863914298052,1886.5264892578125,400,0.0,0.0
2015-05-21 00:00:00+09:00,1886.526772012516,1886.526772012516,1858.086669921875,1858.086669921875,1400,0.0,0.0
2015-05-22 00:00:00+09:00,1877.0466467285155,1896.0067138671875,1858.0865795898437,1896.0067138671875,2100,0.0,0.0
2015-05-25 00:00:00+09:00,1877.0464566484768,1896.0065218671482,1867.566424039141,1886.5264892578125,1400,0.0,0.0
2015-05-26 00:00:00+09:00,1905.4866074070785,1905.4866074070785,1877.0465087890625,1877.0465087890625,1100,0.0,0.0
2015-05-27 00:00:00+09:00,1924.4468091881795,2180.40771484375,1867.566607931386,1962.366943359375,47600,0.0,0.0
2015-05-28 00:00:00+09:00,1990.8071216184703,2057.1673590057526,1886.5267485813122,1905.48681640625,6200,0.0,0.0
2015-05-29 00:00:00+09:00,1905.4867474365233,1905.4867474365233,1886.5266802978515,1896.0067138671875,2300,0.0,0.0
2015-06-01 00:00:00+09:00,1905.4866074070785,1905.4866074070785,1877.0465087890625,1877.0465087890625,2100,0.0,0.0
2015-06-02 00:00:00+09:00,1886.5266802978515,1896.0067138671875,1877.0466467285155,1896.0067138671875,2200,0.0,0.0
2015-06-03 00:00:00+09:00,1877.0464566484768,1886.5264892578125,1867.566424039141,1886.5264892578125,1300,0.0,0.0
2015-06-04 00:00:00+09:00,1896.0067138671875,1905.4867474365233,1877.0466467285155,1896.0067138671875,2000,0.0,0.0
2015-06-05 00:00:00+09:00,1896.0067138671875,1905.4867474365233,1886.5266802978515,1896.0067138671875,1200,0.0,0.0
2015-06-08 00:00:00+09:00,1905.486554476484,1905.486554476484,1886.5264892578125,1886.5264892578125,600,0.0,0.0
2015-06-09 00:00:00+09:00,1886.5267485813122,1905.48681640625,1886.5267485813122,1905.48681640625,400,0.0,0.0
2015-06-10 00:00:00+09:00,1886.5264892578125,1886.5264892578125,1886.5264892578125,1886.5264892578125,100,0.0,0.0
2015-06-11 00:00:00+09:00,1886.5264892578125,1886.5264892578125,1886.5264892578125,1886.5264892578125,300,0.0,0.0
2015-06-12 00:00:00+09:00,1896.0065218671482,1896.0065218671482,1886.5264892578125,1886.5264892578125,1700,0.0,0.0
2015-06-15 00:00:00+09:00,1886.5264892578125,1886.5264892578125,1886.5264892578125,1886.5264892578125,500,0.0,0.0
2015-06-16 00:00:00+09:00,1886.5264892578125,1886.5264892578125,1886.5264892578125,1886.5264892578125,100,0.0,0.0
2015-06-17 00:00:00+09:00,1896.0067085597827,1981.327010444973,1886.5266750169837,1962.366943359375,3700,0.0,0.0
2015-06-18 00:00:00+09:00,1962.3671193539517,2066.6474976771087,1914.9669473888805,1952.8870849609375,15000,0.0,0.0
2015-06-19 00:00:00+09:00,1952.8870013758467,1990.8071373248922,1924.4468994140625,1924.4468994140625,3300,0.0,0.0
2015-06-22 00:00:00+09:00,1971.847153746966,1971.847153746966,1943.407050567923,1952.8870849609375,2000,0.0,0.0
2015-06-23 00:00:00+09:00,1952.8869859685947,1971.8470537935325,1877.0467146688434,1905.48681640625,3800,0.0,0.0
2015-06-24 00:00:00+09:00,1914.966850318719,1914.966850318719,1896.0067824937812,1905.48681640625,1900,0.0,0.0
2015-06-25 00:00:00+09:00,1905.4867264910442,1981.326994212081,1905.4867264910442,1943.4068603515625,4200,0.0,0.0
2015-06-26 00:00:00+09:00,1924.446724685968,2066.6472215839462,1914.9666915594362,1933.9267578125,9300,0.0,0.0
2015-06-29 00:00:00+09:00,1896.0065218671482,1933.9266523044912,1886.5264892578125,1886.5264892578125,5000,0.0,0.0
2015-06-30 00:00:00+09:00,1886.5265921798407,1933.9267578125,1886.5265921798407,1933.9267578125,1400,0.0,0.0
2015-07-01 00:00:00+09:00,1933.9270161749089,1952.8870849609375,1924.4469817818947,1952.8870849609375,2500,0.0,0.0
2015-07-02 00:00:00+09:00,1952.8868240655638,1952.8868240655638,1905.4866584329045,1933.9267578125,1300,0.0,0.0
2015-07-03 00:00:00+09:00,1914.9668654268012,1933.9269334013238,1896.0067974522783,1924.4468994140625,2300,0.0,0.0
2015-07-06 00:00:00+09:00,1905.48681640625,1924.4468842311878,1905.48681640625,1905.48681640625,1000,0.0,0.0
2015-07-07 00:00:00+09:00,1896.0066253063726,1933.9267578125,1877.0465590533088,1933.9267578125,3200,0.0,0.0
2015-07-08 00:00:00+09:00,1914.9669443508092,1914.9669443508092,1858.0867380829632,1867.5667724609375,3500,0.0,0.0
2015-07-09 00:00:00+09:00,1848.606375468146,1848.606375468146,1763.28608121577,1839.1263427734375,2300,0.0,0.0
2015-07-10 00:00:00+09:00,1839.1264314350328,1848.6064645867598,1801.206298828125,1801.206298828125,2000,0.0,0.0
2015-07-13 00:00:00+09:00,1801.2065569559732,1820.1666259765625,1801.2065569559732,1820.1666259765625,600,0.0,0.0
2015-07-14 00:00:00+09:00,1839.1265124511717,1943.406881713867,1839.1265124511717,1896.0067138671875,3500,0.0,0.0
2015-07-15 00:00:00+09:00,1905.4867474365233,1905.4867474365233,1896.0067138671875,1896.0067138671875,300,0.0,0.0
2015-07-16 00:00:00+09:00,1886.526816188699,1914.9669189453125,1886.526816188699,1914.9669189453125,200,0.0,0.0
2015-07-17 00:00:00+09:00,1896.0065218671482,1896.0065218671482,1886.5264892578125,1886.5264892578125,400,0.0,0.0
2015-07-21 00:00:00+09:00,1924.4468145751953,1924.4468145751953,1896.0067138671875,1896.0067138671875,400,0.0,0.0
2015-07-22 00:00:00+09:00,1924.4469787287833,1924.4469787287833,1867.5667724609375,1867.5667724609375,300,0.0,0.0
2015-07-23 00:00:00+09:00,1877.0465087890625,1877.0465087890625,1877.0465087890625,1877.0465087890625,200,0.0,0.0
2015-07-24 00:00:00+09:00,1877.0465087890625,1877.0465087890625,1867.5664759163906,1877.0465087890625,500,0.0,0.0
2015-07-27 00:00:00+09:00,1896.0068609775642,1896.0068609775642,1829.6466208433494,1848.606689453125,2900,0.0,0.0
2015-07-28 00:00:00+09:00,1848.606689453125,1848.606689453125,1848.606689453125,1848.606689453125,200,0.0,0.0
2015-07-29 00:00:00+09:00,1858.086723758013,1858.086723758013,1848.606689453125,1848.606689453125,500,0.0,0.0
2015-07-30 00:00:00+09:00,1848.606689453125,1848.606689453125,1839.1266551482372,1848.606689453125,400,0.0,0.0
2015-07-31 00:00:00+09:00,1848.606703704989,1867.5667724609375,1848.606703704989,1867.5667724609375,700,0.0,0.0
2015-08-03 00:00:00+09:00,1839.1266693270147,1867.5667724609375,1839.1266693270147,1867.5667724609375,300,0.0,0.0
2015-08-04 00:00:00+09:00,1839.1266551482372,1848.606689453125,1839.1266551482372,1848.606689453125,400,0.0,0.0
2015-08-05 00:00:00+09:00,1829.6466208433494,1848.606689453125,1829.6466208433494,1848.606689453125,600,0.0,0.0
2015-08-06 00:00:00+09:00,1820.1666259765625,1820.1666259765625,1801.2065569559732,1820.1666259765625,1100,0.0,0.0
2015-08-07 00:00:00+09:00,1810.6865234375,1820.1665575916231,1810.6865234375,1810.6865234375,400,0.0,0.0
2015-08-10 00:00:00+09:00,1820.1665865384616,1848.606689453125,1810.6865522335738,1848.606689453125,1300,0.0,0.0
2015-08-11 00:00:00+09:00,1867.5667039520886,1877.0467379823021,1829.646567831234,1858.086669921875,1600,0.0,0.0
2015-08-12 00:00:00+09:00,1848.6067295074463,1886.5268675486245,1820.1666259765625,1820.1666259765625,900,0.0,0.0
2015-08-13 00:00:00+09:00,1801.206298828125,1801.206298828125,1791.7262656763978,1801.206298828125,1300,0.0,0.0
2015-08-14 00:00:00+09:00,1801.2064745060352,1801.2064745060352,1791.7264404296875,1791.7264404296875,600,0.0,0.0
2015-08-17 00:00:00+09:00,1791.726455129254,1820.1665575916231,1791.726455129254,1810.6865234375,700,0.0,0.0
2015-08-18 00:00:00+09:00,1791.7264404296875,1791.7264404296875,1791.7264404296875,1791.7264404296875,500,0.0,0.0
2015-08-19 00:00:00+09:00,1791.7264404296875,1791.7264404296875,1791.7264404296875,1791.7264404296875,100,0.0,0.0
2015-08-20 00:00:00+09:00,1791.7264404296875,1791.7264404296875,1791.7264404296875,1791.7264404296875,100,0.0,0.0
2015-08-21 00:00:00+09:00,1772.766357421875,1810.6864934095088,1772.766357421875,1772.766357421875,1200,0.0,0.0
2015-08-24 00:00:00+09:00,1763.2860791862356,1763.2860791862356,1640.045654296875,1640.045654296875,1900,0.0,0.0
2015-08-25 00:00:00+09:00,1687.446083984375,1687.446083984375,1374.6049560546874,1659.0059814453125,1900,0.0,0.0
2015-08-26 00:00:00+09:00,1706.40615234375,1706.40615234375,1659.0059814453125,1659.0059814453125,500,0.0,0.0
2015-08-27 00:00:00+09:00,1706.4061279296875,1706.4061279296875,1706.4061279296875,1706.4061279296875,100,0.0,0.0
2015-08-28 00:00:00+09:00,1706.405969838627,1734.8460693359375,1659.0058040097763,1734.8460693359375,400,0.0,0.0
2015-08-31 00:00:00+09:00,1715.886201502913,1715.886201502913,1677.966064453125,1677.966064453125,400,0.0,0.0
2015-09-01 00:00:00+09:00,1677.966064453125,1677.966064453125,1677.966064453125,1677.966064453125,100,0.0,0.0
2015-09-02 00:00:00+09:00,1659.0056671493355,1659.0056671493355,1630.565569998204,1649.525634765625,500,0.0,0.0
2015-09-03 00:00:00+09:00,1640.045654296875,1640.045654296875,1640.045654296875,1640.045654296875,300,0.0,0.0
2015-09-04 00:00:00+09:00,1621.085553231324,1621.085553231324,1602.12548828125,1602.12548828125,300,0.0,0.0
2015-09-07 00:00:00+09:00,1516.8052279874214,1526.2852606623428,1497.8451626375786,1507.3251953125,1000,0.0,0.0
2015-09-08 00:00:00+09:00,1507.3251953125,1507.3251953125,1507.3251953125,1507.3251953125,100,0.0,0.0
2015-09-09 00:00:00+09:00,1592.6456832428892,1592.6456832428892,1583.1656494140625,1583.1656494140625,300,0.0,0.0
2015-09-10 00:00:00+09:00,1583.1656494140625,1583.1656494140625,1583.1656494140625,1583.1656494140625,0,0.0,0.0
2015-09-11 00:00:00+09:00,1583.1656494140625,1583.1656494140625,1583.1656494140625,1583.1656494140625,0,0.0,0.0
2015-09-14 00:00:00+09:00,1535.7652587890625,1535.7652587890625,1535.7652587890625,1535.7652587890625,400,0.0,0.0
2015-09-15 00:00:00+09:00,1621.085693359375,1621.085693359375,1621.085693359375,1621.085693359375,100,0.0,0.0
2015-09-16 00:00:00+09:00,1621.085693359375,1621.085693359375,1621.085693359375,1621.085693359375,0,0.0,0.0
2015-09-17 00:00:00+09:00,1611.605712890625,1611.605712890625,1611.605712890625,1611.605712890625,100,0.0,0.0
2015-09-18 00:00:00+09:00,1611.605712890625,1611.605712890625,1611.605712890625,1611.605712890625,100,0.0,0.0
2015-09-24 00:00:00+09:00,1611.6056805346386,1611.6056805346386,1573.685546875,1573.685546875,600,0.0,0.0
2015-09-25 00:00:00+09:00,1526.285379800452,1573.685546875,1526.285379800452,1573.685546875,400,0.0,0.0
2015-09-28 00:00:00+09:00,1573.685546875,1573.685546875,1573.685546875,1573.685546875,0,0.0,0.0
2015-09-29 00:00:00+09:00,1526.2852963178586,1526.2852963178586,1478.8851318359375,1478.8851318359375,1200,0.0,0.0
2015-09-30 00:00:00+09:00,1459.9249267578125,1459.9249267578125,1459.9249267578125,1459.9249267578125,700,0.0,0.0
2015-10-01 00:00:00+09:00,1459.9252453315548,1583.1656881192835,1459.9252453315548,1554.7255859375,800,0.0,0.0
2015-10-02 00:00:00+09:00,1554.7255859375,1554.7255859375,1554.7255859375,1554.7255859375,0,0.0,0.0
2015-10-05 00:00:00+09:00,1516.8051960059172,1611.605520756287,1516.8051960059172,1602.12548828125,1500,0.0,0.0
2015-10-06 00:00:00+09:00,1602.125717071716,1602.125717071716,1583.1656494140625,1583.1656494140625,200,0.0,0.0
2015-10-07 00:00:00+09:00,1583.1655963716053,1621.0857304164342,1583.1655963716053,1592.6456298828125,300,0.0,0.0
2015-10-08 00:00:00+09:00,1592.6456298828125,1592.6456298828125,1592.6456298828125,1592.6456298828125,0,0.0,0.0
2015-10-09 00:00:00+09:00,1592.6456298828125,1592.6456298828125,1592.6456298828125,1592.6456298828125,0,0.0,0.0
2015-10-13 00:00:00+09:00,1592.6456298828125,1592.6456298828125,1592.6456298828125,1592.6456298828125,100,0.0,0.0
2015-10-14 00:00:00+09:00,1611.6057509005427,1611.6057509005427,1583.1656494140625,1583.1656494140625,200,0.0,0.0
2015-10-15 00:00:00+09:00,1583.1656494140625,1583.1656494140625,1583.1656494140625,1583.1656494140625,0,0.0,0.0
2015-10-16 00:00:00+09:00,1706.405813547486,1706.405813547486,1687.4457489525141,1696.92578125,600,0.0,0.0
2015-10-19 00:00:00+09:00,1696.92578125,1696.92578125,1696.92578125,1696.92578125,0,0.0,0.0
2015-10-20 00:00:00+09:00,1696.92578125,1696.92578125,1696.92578125,1696.92578125,0,0.0,0.0
2015-10-21 00:00:00+09:00,1687.446044921875,1687.446044921875,1687.446044921875,1687.446044921875,100,0.0,0.0
2015-10-22 00:00:00+09:00,1687.446044921875,1687.446044921875,1687.446044921875,1687.446044921875,0,0.0,0.0
2015-10-23 00:00:00+09:00,1687.4461272013123,1791.7265058485843,1687.4461272013123,1715.88623046875,800,0.0,0.0
2015-10-26 00:00:00+09:00,1810.6865085823827,1810.6865085823827,1791.7264404296875,1791.7264404296875,500,0.0,0.0
2015-10-27 00:00:00+09:00,1791.7264404296875,1791.7264404296875,1791.7264404296875,1791.7264404296875,0,0.0,0.0
2015-10-28 00:00:00+09:00,1696.92578125,1696.92578125,1696.92578125,1696.92578125,300,0.0,0.0
2015-10-29 00:00:00+09:00,1677.966064453125,1677.966064453125,1677.966064453125,1677.966064453125,100,0.0,0.0
2015-10-30 00:00:00+09:00,1753.8059750349164,1753.8059750349164,1696.92578125,1696.92578125,700,0.0,0.0
2015-11-02 00:00:00+09:00,1696.92578125,1696.92578125,1696.92578125,1696.92578125,200,0.0,0.0
2015-11-04 00:00:00+09:00,1744.326171875,1744.326171875,1744.326171875,1744.326171875,200,0.0,0.0
2015-11-05 00:00:00+09:00,1744.326171875,1744.326171875,1744.326171875,1744.326171875,0,0.0,0.0
2015-11-06 00:00:00+09:00,1744.326171875,1744.326171875,1744.326171875,1744.326171875,0,0.0,0.0
2015-11-09 00:00:00+09:00,1706.4061279296875,1706.4061279296875,1706.4061279296875,1706.4061279296875,400,0.0,0.0
2015-11-10 00:00:00+09:00,1753.806205417799,1753.806205417799,1744.326171875,1744.326171875,700,0.0,0.0
2015-11-11 00:00:00+09:00,1706.4061279296875,1706.4061279296875,1706.4061279296875,1706.4061279296875,500,0.0,0.0
2015-11-12 00:00:00+09:00,1725.3660888671875,1725.3660888671875,1725.3660888671875,1725.3660888671875,100,0.0,0.0
2015-11-13 00:00:00+09:00,1725.3660888671875,1725.3660888671875,1725.3660888671875,1725.3660888671875,0,0.0,0.0
2015-11-16 00:00:00+09:00,1706.4061279296875,1706.4061279296875,1706.4061279296875,1706.4061279296875,200,0.0,0.0
2015-11-17 00:00:00+09:00,1753.8062744140625,1753.8062744140625,1753.8062744140625,1753.8062744140625,100,0.0,0.0
2015-11-18 00:00:00+09:00,1734.8462300618492,1734.8462300618492,1706.4061279296875,1706.4061279296875,400,0.0,0.0
2015-11-19 00:00:00+09:00,1715.88623046875,1715.88623046875,1715.88623046875,1715.88623046875,300,0.0,0.0
2015-11-20 00:00:00+09:00,1715.88623046875,1715.88623046875,1715.88623046875,1715.88623046875,0,0.0,0.0
2015-11-24 00:00:00+09:00,1706.4060531123991,1763.2862548828125,1706.4060531123991,1763.2862548828125,400,0.0,0.0
2015-11-25 00:00:00+09:00,1753.806205417799,1753.806205417799,1744.326171875,1744.326171875,600,0.0,0.0
2015-11-26 00:00:00+09:00,1725.3662018952548,1791.7264404296875,1725.3662018952548,1791.7264404296875,600,0.0,0.0
2015-11-27 00:00:00+09:00,1753.806205417799,1753.806205417799,1744.326171875,1744.326171875,200,0.0,0.0
2015-11-30 00:00:00+09:00,1744.326171875,1744.326171875,1744.326171875,1744.326171875,100,0.0,0.0
2015-12-01 00:00:00+09:00,1763.2863234249667,1772.766357421875,1763.2863234249667,1772.766357421875,300,0.0,0.0
2015-12-02 00:00:00+09:00,1772.766357421875,1772.766357421875,1772.766357421875,1772.766357421875,0,0.0,0.0
2015-12-03 00:00:00+09:00,1772.766357421875,1772.766357421875,1772.766357421875,1772.766357421875,0,0.0,0.0
2015-12-04 00:00:00+09:00,1744.3261025017075,1744.3261025017075,1706.405969838627,1734.8460693359375,1200,0.0,0.0
2015-12-07 00:00:00+09:00,1772.7664370036257,1772.7664370036257,1715.88623046875,1715.88623046875,400,0.0,0.0
2015-12-08 00:00:00+09:00,1744.326171875,1744.326171875,1744.326171875,1744.326171875,100,0.0,0.0
2015-12-09 00:00:00+09:00,1763.2862548828125,1763.2862548828125,1734.8461539976058,1763.2862548828125,300,0.0,0.0
2015-12-10 00:00:00+09:00,1725.3662648912293,1725.3662648912293,1715.88623046875,1715.88623046875,200,0.0,0.0
2015-12-11 00:00:00+09:00,1715.88623046875,1715.88623046875,1715.88623046875,1715.88623046875,0,0.0,0.0
2015-12-14 00:00:00+09:00,1706.406104835304,1753.8062744140625,1706.406104835304,1753.8062744140625,600,0.0,0.0
2015-12-15 00:00:00+09:00,1715.886003004397,1734.8460693359375,1715.886003004397,1734.8460693359375,200,0.0,0.0
2015-12-16 00:00:00+09:00,1725.3660888671875,1725.3660888671875,1725.3660888671875,1725.3660888671875,100,0.0,0.0
2015-12-17 00:00:00+09:00,1734.8460693359375,1734.8460693359375,1734.8460693359375,1734.8460693359375,200,0.0,0.0
2015-12-18 00:00:00+09:00,1763.2864025811464,1763.2864025811464,1715.88623046875,1715.88623046875,200,0.0,0.0
2015-12-21 00:00:00+09:00,1715.88623046875,1715.88623046875,1715.88623046875,1715.88623046875,500,0.0,0.0
2015-12-22 00:00:00+09:00,1725.3660888671875,1725.3660888671875,1725.3660888671875,1725.3660888671875,300,0.0,0.0
2015-12-24 00:00:00+09:00,1715.8858458449722,1725.365878142458,1696.92578125,1696.92578125,800,0.0,0.0
2015-12-25 00:00:00+09:00,1696.92578125,1696.92578125,1696.92578125,1696.92578125,0,0.0,0.0
2015-12-28 00:00:00+09:00,1706.4061279296875,1706.4061279296875,1706.4061279296875,1706.4061279296875,100,0.0,0.0
2015-12-29 00:00:00+09:00,1706.4061279296875,1706.4061279296875,1706.4061279296875,1706.4061279296875,100,0.0,0.0
2015-12-30 00:00:00+09:00,1791.7264404296875,1791.7264404296875,1791.7264404296875,1791.7264404296875,100,0.0,0.0
2016-01-04 00:00:00+09:00,1725.3662648912293,1725.3662648912293,1715.88623046875,1715.88623046875,600,0.0,0.0
2016-01-05 00:00:00+09:00,1725.3662648912293,1725.3662648912293,1715.88623046875,1715.88623046875,500,0.0,0.0
2016-01-06 00:00:00+09:00,1715.88623046875,1715.88623046875,1715.88623046875,1715.88623046875,0,0.0,0.0
2016-01-07 00:00:00+09:00,1715.88623046875,1715.88623046875,1715.88623046875,1715.88623046875,200,0.0,0.0
2016-01-08 00:00:00+09:00,1706.4061279296875,1706.4061279296875,1706.4061279296875,1706.4061279296875,400,0.0,0.0
2016-01-12 00:00:00+09:00,1706.4061279296875,1706.4061279296875,1706.4061279296875,1706.4061279296875,100,0.0,0.0
2016-01-13 00:00:00+09:00,1706.4061279296875,1706.4061279296875,1706.4061279296875,1706.4061279296875,0,0.0,0.0
2016-01-14 00:00:00+09:00,1668.48583984375,1668.48583984375,1668.48583984375,1668.48583984375,100,0.0,0.0
2016-01-15 00:00:00+09:00,1696.92578125,1696.92578125,1696.92578125,1696.92578125,100,0.0,0.0
2016-01-18 00:00:00+09:00,1696.92578125,1696.92578125,1696.92578125,1696.92578125,0,0.0,0.0
2016-01-19 00:00:00+09:00,1696.92578125,1696.92578125,1696.92578125,1696.92578125,0,0.0,0.0
2016-01-20 00:00:00+09:00,1677.966025797526,1706.4061279296875,1677.966025797526,1706.4061279296875,400,0.0,0.0
2016-01-21 00:00:00+09:00,1659.005826537372,1659.005826537372,1621.085693359375,1621.085693359375,600,0.0,0.0
2016-01-22 00:00:00+09:00,1687.446098715572,1687.446098715572,1677.966064453125,1677.966064453125,200,0.0,0.0
2016-01-25 00:00:00+09:00,1706.4061279296875,1706.4061279296875,1706.4061279296875,1706.4061279296875,200,0.0,0.0
2016-01-26 00:00:00+09:00,1734.8460693359375,1734.8460693359375,1734.8460693359375,1734.8460693359375,300,0.0,0.0
2016-01-27 00:00:00+09:00,1734.8460693359375,1734.8460693359375,1734.8460693359375,1734.8460693359375,0,0.0,0.0
2016-01-28 00:00:00+09:00,1734.8460693359375,1734.8460693359375,1734.8460693359375,1734.8460693359375,0,0.0,0.0
2016-01-29 00:00:00+09:00,1687.446044921875,1687.446044921875,1687.446044921875,1687.446044921875,100,0.0,0.0
2016-02-01 00:00:00+09:00,1687.446044921875,1687.446044921875,1687.446044921875,1687.446044921875,0,0.0,0.0
2016-02-02 00:00:00+09:00,1734.8460693359375,1734.8460693359375,1734.8460693359375,1734.8460693359375,400,0.0,0.0
2016-02-03 00:00:00+09:00,1744.326171875,1744.326171875,1744.326171875,1744.326171875,300,0.0,0.0
2016-02-04 00:00:00+09:00,1734.846206582559,1753.8062744140625,1734.846206582559,1753.8062744140625,200,0.0,0.0
2016-02-05 00:00:00+09:00,1734.8460693359375,1734.8460693359375,1706.405969838627,1734.8460693359375,400,0.0,0.0
2016-02-08 00:00:00+09:00,1734.8460693359375,1734.8460693359375,1734.8460693359375,1734.8460693359375,0,0.0,0.0
2016-02-09 00:00:00+09:00,1706.4061279296875,1706.4061279296875,1706.4061279296875,1706.4061279296875,200,0.0,0.0
2016-02-10 00:00:00+09:00,1706.4061279296875,1706.4061279296875,1696.9260938856337,1706.4061279296875,400,0.0,0.0
2016-02-12 00:00:00+09:00,1687.446083984375,1687.446083984375,1659.0059814453125,1659.0059814453125,500,0.0,0.0
2016-02-15 00:00:00+09:00,1687.4459980809413,1687.4459980809413,1611.6057285042698,1630.5657958984375,600,0.0,0.0
2016-02-16 00:00:00+09:00,1630.5657958984375,1630.5657958984375,1630.5657958984375,1630.5657958984375,100,0.0,0.0
2016-02-17 00:00:00+09:00,1611.605712890625,1611.605712890625,1611.605712890625,1611.605712890625,100,0.0,0.0
2016-02-18 00:00:00+09:00,1687.446044921875,1687.446044921875,1687.446044921875,1687.446044921875,300,0.0,0.0
2016-02-19 00:00:00+09:00,1706.4061279296875,1706.4061279296875,1706.4061279296875,1706.4061279296875,100,0.0,0.0
2016-02-22 00:00:00+09:00,1706.4061279296875,1706.4061279296875,1706.4061279296875,1706.4061279296875,0,0.0,0.0
2016-02-23 00:00:00+09:00,1706.4061279296875,1706.4061279296875,1706.4061279296875,1706.4061279296875,0,0.0,0.0
2016-02-24 00:00:00+09:00,1753.806205417799,1753.806205417799,1744.326171875,1744.326171875,400,0.0,0.0
2016-02-25 00:00:00+09:00,1753.806205417799,1753.806205417799,1725.3661047894022,1744.326171875,600,0.0,0.0
2016-02-26 00:00:00+09:00,1744.326171875,1744.326171875,1744.326171875,1744.326171875,0,0.0,0.0
2016-02-29 00:00:00+09:00,1791.7263557680192,1791.7263557680192,1763.2862548828125,1763.2862548828125,400,0.0,0.0
2016-03-01 00:00:00+09:00,1763.2862548828125,1763.2862548828125,1763.2862548828125,1763.2862548828125,0,0.0,0.0
2016-03-02 00:00:00+09:00,1763.2862548828125,1763.2862548828125,1763.2862548828125,1763.2862548828125,0,0.0,0.0
2016-03-03 00:00:00+09:00,1763.2862548828125,1763.2862548828125,1763.2862548828125,1763.2862548828125,0,0.0,0.0
2016-03-04 00:00:00+09:00,1763.2862548828125,1763.2862548828125,1763.2862548828125,1763.2862548828125,0,0.0,0.0
2016-03-07 00:00:00+09:00,1772.7660613364362,1782.24609375,1772.7660613364362,1782.24609375,300,0.0,0.0
2016-03-08 00:00:00+09:00,1782.24609375,1782.24609375,1782.24609375,1782.24609375,100,0.0,0.0
2016-03-09 00:00:00+09:00,1782.24609375,1782.24609375,1782.24609375,1782.24609375,0,0.0,0.0
2016-03-10 00:00:00+09:00,1782.246322139617,1791.7263557680192,1763.2862548828125,1763.2862548828125,400,0.0,0.0
2016-03-11 00:00:00+09:00,1763.2862548828125,1801.2063893964214,1763.2862548828125,1763.2862548828125,700,0.0,0.0
2016-03-14 00:00:00+09:00,1801.2064594126002,1801.2064594126002,1772.766357421875,1772.766357421875,200,0.0,0.0
2016-03-15 00:00:00+09:00,1772.766357421875,1772.766357421875,1772.766357421875,1772.766357421875,0,0.0,0.0
2016-03-16 00:00:00+09:00,1772.766357421875,1772.766357421875,1772.766357421875,1772.766357421875,0,0.0,0.0
2016-03-17 00:00:00+09:00,1772.766357421875,1772.766357421875,1772.766357421875,1772.766357421875,300,0.0,0.0
2016-03-18 00:00:00+09:00,1772.766357421875,1772.766357421875,1772.766357421875,1772.766357421875,400,0.0,0.0
2016-03-22 00:00:00+09:00,1801.206298828125,1801.206298828125,1801.206298828125,1801.206298828125,1000,0.0,0.0
2016-03-23 00:00:00+09:00,1801.206298828125,1801.206298828125,1801.206298828125,1801.206298828125,0,0.0,0.0
2016-03-24 00:00:00+09:00,1791.726455129254,1810.6865234375,1791.726455129254,1810.6865234375,400,0.0,0.0
2016-03-25 00:00:00+09:00,1820.1665575916231,1820.1665575916231,1801.206489283377,1810.6865234375,900,0.0,0.0
2016-03-28 00:00:00+09:00,1829.6463100787291,1839.1263427734375,1810.6862446893124,1839.1263427734375,1500,0.0,0.0
2016-03-29 00:00:00+09:00,1714.6025613184133,1743.3389170946996,1714.6025613184133,1733.7601318359375,1500,20.0,0.0
2016-03-30 00:00:00+09:00,1685.8658447265625,1685.8658447265625,1685.8658447265625,1685.8658447265625,300,0.0,0.0
2016-03-31 00:00:00+09:00,1676.2872314453125,1724.18115234375,1676.2872314453125,1676.2872314453125,500,0.0,0.0
2016-04-01 00:00:00+09:00,1676.2872314453125,1676.2872314453125,1676.2872314453125,1676.2872314453125,100,0.0,0.0
2016-04-04 00:00:00+09:00,1657.129638671875,1657.129638671875,1657.129638671875,1657.129638671875,200,0.0,0.0
2016-04-05 00:00:00+09:00,1657.129638671875,1657.129638671875,1657.129638671875,1657.129638671875,0,0.0,0.0
2016-04-06 00:00:00+09:00,1676.2872314453125,1676.2872314453125,1676.2872314453125,1676.2872314453125,100,0.0,0.0
2016-04-07 00:00:00+09:00,1676.2872314453125,1676.2872314453125,1676.2872314453125,1676.2872314453125,0,0.0,0.0
2016-04-08 00:00:00+09:00,1676.2872314453125,1676.2872314453125,1676.2872314453125,1676.2872314453125,100,0.0,0.0
2016-04-11 00:00:00+09:00,1676.2872314453125,1676.2872314453125,1676.2872314453125,1676.2872314453125,0,0.0,0.0
2016-04-12 00:00:00+09:00,1676.2872314453125,1676.2872314453125,1676.2872314453125,1676.2872314453125,0,0.0,0.0
2016-04-13 00:00:00+09:00,1666.70849609375,1666.70849609375,1666.70849609375,1666.70849609375,100,0.0,0.0
2016-04-14 00:00:00+09:00,1637.9720458984375,1637.9720458984375,1637.9720458984375,1637.9720458984375,100,0.0,0.0
2016-04-15 00:00:00+09:00,1637.9723403033088,1637.9723403033088,1628.3935546875,1628.3935546875,600,0.0,0.0
2016-04-18 00:00:00+09:00,1628.3935546875,1628.3935546875,1628.3935546875,1628.3935546875,100,0.0,0.0
2016-04-19 00:00:00+09:00,1628.3935546875,1628.3935546875,1628.3935546875,1628.3935546875,0,0.0,0.0
2016-04-20 00:00:00+09:00,1628.3935546875,1628.3935546875,1628.3935546875,1628.3935546875,0,0.0,0.0
2016-04-21 00:00:00+09:00,1666.70849609375,1666.70849609375,1666.70849609375,1666.70849609375,100,0.0,0.0
2016-04-22 00:00:00+09:00,1666.70849609375,1666.70849609375,1666.70849609375,1666.70849609375,400,0.0,0.0
2016-04-25 00:00:00+09:00,1714.6021728515625,1714.6021728515625,1714.6021728515625,1714.6021728515625,400,0.0,0.0
2016-04-26 00:00:00+09:00,1676.287280554059,1676.287280554059,1657.129711633441,1666.70849609375,500,0.0,0.0
2016-04-27 00:00:00+09:00,1666.70849609375,1666.70849609375,1666.70849609375,1666.70849609375,0,0.0,0.0
2016-04-28 00:00:00+09:00,1714.6023429032696,1714.6023429032696,1647.5508546333094,1657.129638671875,600,0.0,0.0
2016-05-02 00:00:00+09:00,1657.129638671875,1657.129638671875,1657.129638671875,1657.129638671875,100,0.0,0.0
2016-05-06 00:00:00+09:00,1705.0236339349856,1705.0236339349856,1666.70849609375,1666.70849609375,200,0.0,0.0
2016-05-09 00:00:00+09:00,1666.70849609375,1666.70849609375,1666.70849609375,1666.70849609375,0,0.0,0.0
2016-05-10 00:00:00+09:00,1666.70849609375,1666.70849609375,1666.70849609375,1666.70849609375,0,0.0,0.0
2016-05-11 00:00:00+09:00,1666.70849609375,1666.70849609375,1666.70849609375,1666.70849609375,0,0.0,0.0
2016-05-12 00:00:00+09:00,1676.2870615178888,1685.8658447265625,1676.2870615178888,1685.8658447265625,300,0.0,0.0
2016-05-13 00:00:00+09:00,1676.2872314453125,1676.2872314453125,1676.2872314453125,1676.2872314453125,200,0.0,0.0
2016-05-16 00:00:00+09:00,1676.2870404973378,1714.6021728515625,1676.2870404973378,1714.6021728515625,1600,0.0,0.0
2016-05-17 00:00:00+09:00,1714.602414408689,1810.3902587890625,1714.602414408689,1810.3902587890625,1800,0.0,0.0
2016-05-18 00:00:00+09:00,1819.9690176871827,1887.0205078125,1791.2326647763325,1887.0205078125,3600,0.0,0.0
2016-05-19 00:00:00+09:00,1705.0236078618648,1829.5478039416637,1695.444823548034,1743.3387451171875,5200,0.0,0.0
2016-05-20 00:00:00+09:00,1705.0234111439097,1705.0234111439097,1685.8658447265625,1685.8658447265625,300,0.0,0.0
2016-05-23 00:00:00+09:00,1685.866205542127,1733.7601318359375,1685.866205542127,1733.7601318359375,500,0.0,0.0
2016-05-24 00:00:00+09:00,1733.7598170924832,1772.074951171875,1733.7598170924832,1772.074951171875,400,0.0,0.0
2016-05-25 00:00:00+09:00,1791.2326912257981,1791.2326912257981,1695.4448467752206,1762.496337890625,800,0.0,0.0
2016-05-26 00:00:00+09:00,1762.496337890625,1762.496337890625,1762.496337890625,1762.496337890625,0,0.0,0.0
2016-05-27 00:00:00+09:00,1714.6023681640625,1724.18115234375,1705.023583984375,1724.18115234375,500,0.0,0.0
2016-05-30 00:00:00+09:00,1724.18115234375,1724.18115234375,1724.18115234375,1724.18115234375,0,0.0,0.0
2016-05-31 00:00:00+09:00,1733.7601318359375,1733.7601318359375,1733.7601318359375,1733.7601318359375,200,0.0,0.0
2016-06-01 00:00:00+09:00,1733.7601318359375,1733.7601318359375,1733.7601318359375,1733.7601318359375,0,0.0,0.0
2016-06-02 00:00:00+09:00,1705.0235595703125,1705.0235595703125,1705.0235595703125,1705.0235595703125,100,0.0,0.0
2016-06-03 00:00:00+09:00,1705.0235595703125,1705.0235595703125,1705.0235595703125,1705.0235595703125,0,0.0,0.0
2016-06-06 00:00:00+09:00,1685.8660156249998,1724.18115234375,1685.8660156249998,1724.18115234375,200,0.0,0.0
2016-06-07 00:00:00+09:00,1724.18115234375,1724.18115234375,1724.18115234375,1724.18115234375,200,0.0,0.0
2016-06-08 00:00:00+09:00,1724.18115234375,1724.18115234375,1724.18115234375,1724.18115234375,0,0.0,0.0
2016-06-09 00:00:00+09:00,1724.18115234375,1724.18115234375,1724.18115234375,1724.18115234375,0,0.0,0.0
2016-06-10 00:00:00+09:00,1685.8658447265625,1685.8658447265625,1685.8658447265625,1685.8658447265625,200,0.0,0.0
2016-06-13 00:00:00+09:00,1685.8658447265625,1685.8658447265625,1685.8658447265625,1685.8658447265625,0,0.0,0.0
2016-06-14 00:00:00+09:00,1685.8658447265625,1685.8658447265625,1685.8658447265625,1685.8658447265625,100,0.0,0.0
2016-06-15 00:00:00+09:00,1685.8658447265625,1685.8658447265625,1685.8658447265625,1685.8658447265625,200,0.0,0.0
2016-06-16 00:00:00+09:00,1657.129638671875,1657.129638671875,1657.129638671875,1657.129638671875,100,0.0,0.0
2016-06-17 00:00:00+09:00,1685.8660156249998,1724.18115234375,1685.8660156249998,1724.18115234375,200,0.0,0.0
2016-06-20 00:00:00+09:00,1676.2872314453125,1724.18115234375,1676.2872314453125,1724.18115234375,300,0.0,0.0
2016-06-21 00:00:00+09:00,1724.18115234375,1724.18115234375,1724.18115234375,1724.18115234375,0,0.0,0.0
2016-06-22 00:00:00+09:00,1724.18115234375,1724.18115234375,1724.18115234375,1724.18115234375,100,0.0,0.0
2016-06-23 00:00:00+09:00,1733.7601318359375,1733.7601318359375,1733.7601318359375,1733.7601318359375,100,0.0,0.0
2016-06-24 00:00:00+09:00,1695.444627935236,1695.444627935236,1657.1294951005416,1685.8658447265625,500,0.0,0.0
2016-06-27 00:00:00+09:00,1762.496340696839,1762.496340696839,1666.70849609375,1666.70849609375,400,0.0,0.0
2016-06-28 00:00:00+09:00,1666.70849609375,1666.70849609375,1666.70849609375,1666.70849609375,0,0.0,0.0
2016-06-29 00:00:00+09:00,1666.70849609375,1666.70849609375,1666.70849609375,1666.70849609375,0,0.0,0.0
2016-06-30 00:00:00+09:00,1705.0235595703125,1705.0235595703125,1705.0235595703125,1705.0235595703125,100,0.0,0.0
2016-07-01 00:00:00+09:00,1705.0235595703125,1705.0235595703125,1705.0235595703125,1705.0235595703125,0,0.0,0.0
2016-07-04 00:00:00+09:00,1724.18115234375,1724.18115234375,1724.18115234375,1724.18115234375,300,0.0,0.0
2016-07-05 00:00:00+09:00,1724.18115234375,1724.18115234375,1724.18115234375,1724.18115234375,0,0.0,0.0
2016-07-06 00:00:00+09:00,1724.18115234375,1724.18115234375,1724.18115234375,1724.18115234375,0,0.0,0.0
2016-07-07 00:00:00+09:00,1724.18115234375,1724.18115234375,1724.18115234375,1724.18115234375,0,0.0,0.0
2016-07-08 00:00:00+09:00,1724.18115234375,1724.18115234375,1724.18115234375,1724.18115234375,0,0.0,0.0
2016-07-11 00:00:00+09:00,1724.18115234375,1724.18115234375,1724.18115234375,1724.18115234375,0,0.0,0.0
2016-07-12 00:00:00+09:00,1752.91748046875,1752.91748046875,1752.91748046875,1752.91748046875,200,0.0,0.0
2016-07-13 00:00:00+09:00,1705.0235595703125,1705.0235595703125,1705.0235595703125,1705.0235595703125,200,0.0,0.0
2016-07-14 00:00:00+09:00,1705.0235595703125,1705.0235595703125,1705.0235595703125,1705.0235595703125,0,0.0,0.0
2016-07-15 00:00:00+09:00,1685.8659914852528,1705.0235595703125,1685.8659914852528,1705.0235595703125,200,0.0,0.0
2016-07-19 00:00:00+09:00,1695.4449462890625,1695.4449462890625,1695.4449462890625,1695.4449462890625,100,0.0,0.0
2016-07-20 00:00:00+09:00,1695.4449462890625,1695.4449462890625,1695.4449462890625,1695.4449462890625,0,0.0,0.0
2016-07-21 00:00:00+09:00,1695.4449462890625,1695.4449462890625,1695.4449462890625,1695.4449462890625,0,0.0,0.0
2016-07-22 00:00:00+09:00,1714.6024156653361,1762.496337890625,1714.6024156653361,1762.496337890625,200,0.0,0.0
2016-07-25 00:00:00+09:00,1752.9174797829617,1752.9174797829617,1705.0235595703125,1705.0235595703125,900,0.0,0.0
2016-07-26 00:00:00+09:00,1705.0235595703125,1705.0235595703125,1705.0235595703125,1705.0235595703125,100,0.0,0.0
2016-07-27 00:00:00+09:00,1705.0235595703125,1705.0235595703125,1705.0235595703125,1705.0235595703125,0,0.0,0.0
2016-07-28 00:00:00+09:00,1695.4449462890625,1695.4449462890625,1695.4449462890625,1695.4449462890625,100,0.0,0.0
2016-07-29 00:00:00+09:00,1752.9174797829617,1752.9174797829617,1705.0235595703125,1705.0235595703125,300,0.0,0.0
2016-08-01 00:00:00+09:00,1705.0236078618648,1743.3387451171875,1705.0236078618648,1743.3387451171875,500,0.0,0.0
2016-08-02 00:00:00+09:00,1724.181176489526,1743.3387451171875,1705.0236078618648,1743.3387451171875,500,0.0,0.0
2016-08-03 00:00:00+09:00,1705.0235595703125,1705.0235595703125,1705.0235595703125,1705.0235595703125,100,0.0,0.0
2016-08-04 00:00:00+09:00,1705.0235595703125,1705.0235595703125,1705.0235595703125,1705.0235595703125,0,0.0,0.0
2016-08-05 00:00:00+09:00,1705.0235595703125,1705.0235595703125,1705.0235595703125,1705.0235595703125,0,0.0,0.0
2016-08-08 00:00:00+09:00,1705.0235595703125,1705.0235595703125,1705.0235595703125,1705.0235595703125,0,0.0,0.0
2016-08-09 00:00:00+09:00,1705.0235595703125,1705.0235595703125,1705.0235595703125,1705.0235595703125,0,0.0,0.0
2016-08-10 00:00:00+09:00,1733.7601318359375,1733.7601318359375,1733.7601318359375,1733.7601318359375,200,0.0,0.0
2016-08-12 00:00:00+09:00,1724.1811276553722,1724.1811276553722,1705.0235595703125,1705.0235595703125,200,0.0,0.0
2016-08-15 00:00:00+09:00,1705.0235595703125,1705.0235595703125,1705.0235595703125,1705.0235595703125,100,0.0,0.0
2016-08-16 00:00:00+09:00,1705.0233897630064,1714.6021728515625,1705.0233897630064,1714.6021728515625,200,0.0,0.0
2016-08-17 00:00:00+09:00,1714.6021728515625,1714.6021728515625,1714.6021728515625,1714.6021728515625,0,0.0,0.0
2016-08-18 00:00:00+09:00,1714.6021728515625,1714.6021728515625,1714.6021728515625,1714.6021728515625,0,0.0,0.0
2016-08-19 00:00:00+09:00,1714.6021728515625,1714.6021728515625,1714.6021728515625,1714.6021728515625,0,0.0,0.0
2016-08-22 00:00:00+09:00,1714.6021728515625,1714.6021728515625,1714.6021728515625,1714.6021728515625,0,0.0,0.0
2016-08-23 00:00:00+09:00,1724.18115234375,1724.18115234375,1724.18115234375,1724.18115234375,200,0.0,0.0
2016-08-24 00:00:00+09:00,1724.1813465771754,1733.7601318359375,1714.6025613184133,1733.7601318359375,300,0.0,0.0
2016-08-25 00:00:00+09:00,1733.7600863181938,1733.7600863181938,1695.4449462890625,1695.4449462890625,500,0.0,0.0
2016-08-26 00:00:00+09:00,1695.4449462890625,1695.4449462890625,1695.4449462890625,1695.4449462890625,0,0.0,0.0
2016-08-29 00:00:00+09:00,1695.4449462890625,1695.4449462890625,1695.4449462890625,1695.4449462890625,0,0.0,0.0
2016-08-30 00:00:00+09:00,1705.0235595703125,1705.0235595703125,1705.0235595703125,1705.0235595703125,200,0.0,0.0
2016-08-31 00:00:00+09:00,1705.0234111439097,1705.0234111439097,1685.8658447265625,1685.8658447265625,300,0.0,0.0
2016-09-01 00:00:00+09:00,1685.8658447265625,1685.8658447265625,1685.8658447265625,1685.8658447265625,0,0.0,0.0
2016-09-02 00:00:00+09:00,1685.8658447265625,1685.8658447265625,1685.8658447265625,1685.8658447265625,0,0.0,0.0
2016-09-05 00:00:00+09:00,1685.8658447265625,1685.8658447265625,1685.8658447265625,1685.8658447265625,0,0.0,0.0
2016-09-06 00:00:00+09:00,1685.8658447265625,1685.8658447265625,1685.8658447265625,1685.8658447265625,300,0.0,0.0
2016-09-07 00:00:00+09:00,1676.2872314453125,1676.2872314453125,1676.2872314453125,1676.2872314453125,100,0.0,0.0
2016-09-08 00:00:00+09:00,1676.2872314453125,1676.2872314453125,1676.2872314453125,1676.2872314453125,0,0.0,0.0
2016-09-09 00:00:00+09:00,1676.2872314453125,1676.2872314453125,1676.2872314453125,1676.2872314453125,200,0.0,0.0
2016-09-12 00:00:00+09:00,1676.2872314453125,1676.2872314453125,1676.2872314453125,1676.2872314453125,0,0.0,0.0
2016-09-13 00:00:00+09:00,1676.2872314453125,1676.2872314453125,1676.2872314453125,1676.2872314453125,0,0.0,0.0
2016-09-14 00:00:00+09:00,1676.2872314453125,1676.2872314453125,1676.2872314453125,1676.2872314453125,0,0.0,0.0
2016-09-15 00:00:00+09:00,1676.2872314453125,1676.2872314453125,1676.2872314453125,1676.2872314453125,0,0.0,0.0
2016-09-16 00:00:00+09:00,1676.2872314453125,1676.2872314453125,1676.2872314453125,1676.2872314453125,100,0.0,0.0
2016-09-20 00:00:00+09:00,1676.2872314453125,1676.2872314453125,1676.2872314453125,1676.2872314453125,100,0.0,0.0
2016-09-21 00:00:00+09:00,1676.2872314453125,1676.2872314453125,1676.2872314453125,1676.2872314453125,0,0.0,0.0
2016-09-23 00:00:00+09:00,1714.6021728515625,1714.6021728515625,1714.6021728515625,1714.6021728515625,100,0.0,0.0
2016-09-26 00:00:00+09:00,1752.91748046875,1752.91748046875,1752.91748046875,1752.91748046875,300,0.0,0.0
2016-09-27 00:00:00+09:00,1752.91748046875,1752.91748046875,1752.91748046875,1752.91748046875,0,0.0,0.0
2016-09-28 00:00:00+09:00,1705.0234111439097,1705.0234111439097,1685.8658447265625,1685.8658447265625,200,0.0,0.0
2016-09-29 00:00:00+09:00,1676.2871320857557,1695.444699309593,1647.55078125,1647.55078125,1600,0.0,0.0
2016-09-30 00:00:00+09:00,1685.8660156249998,1685.8660156249998,1647.5508789062499,1676.2872314453125,1100,0.0,0.0
2016-10-03 00:00:00+09:00,1676.2872314453125,1676.2872314453125,1676.2872314453125,1676.2872314453125,0,0.0,0.0
2016-10-04 00:00:00+09:00,1666.70849609375,1666.70849609375,1666.70849609375,1666.70849609375,200,0.0,0.0
2016-10-05 00:00:00+09:00,1657.1296630859374,1676.2872314453125,1657.1296630859374,1676.2872314453125,400,0.0,0.0
2016-10-06 00:00:00+09:00,1676.287280554059,1676.287280554059,1657.129711633441,1666.70849609375,300,0.0,0.0
2016-10-07 00:00:00+09:00,1666.70849609375,1666.70849609375,1666.70849609375,1666.70849609375,0,0.0,0.0
2016-10-11 00:00:00+09:00,1714.6021728515625,1714.6021728515625,1714.6021728515625,1714.6021728515625,100,0.0,0.0
2016-10-12 00:00:00+09:00,1666.708447265625,1676.2872314453125,1657.1296630859374,1676.2872314453125,700,0.0,0.0
2016-10-13 00:00:00+09:00,1676.2872314453125,1676.2872314453125,1676.2872314453125,1676.2872314453125,0,0.0,0.0
2016-10-14 00:00:00+09:00,1676.2872314453125,1676.2872314453125,1676.2872314453125,1676.2872314453125,0,0.0,0.0
2016-10-17 00:00:00+09:00,1714.6021728515625,1714.6021728515625,1714.6021728515625,1714.6021728515625,300,0.0,0.0
2016-10-18 00:00:00+09:00,1714.6021728515625,1714.6021728515625,1714.6021728515625,1714.6021728515625,0,0.0,0.0
2016-10-19 00:00:00+09:00,1685.8658447265625,1685.8658447265625,1685.8658447265625,1685.8658447265625,100,0.0,0.0
2016-10-20 00:00:00+09:00,1685.8658447265625,1685.8658447265625,1685.8658447265625,1685.8658447265625,200,0.0,0.0
2016-10-21 00:00:00+09:00,1676.287280554059,1676.287280554059,1666.70849609375,1666.70849609375,400,0.0,0.0
2016-10-24 00:00:00+09:00,1695.4446066744501,1714.6021728515625,1695.4446066744501,1714.6021728515625,500,0.0,0.0
2016-10-25 00:00:00+09:00,1724.18115234375,1724.18115234375,1724.18115234375,1724.18115234375,600,0.0,0.0
2016-10-26 00:00:00+09:00,1724.18115234375,1724.18115234375,1724.18115234375,1724.18115234375,0,0.0,0.0
2016-10-27 00:00:00+09:00,1724.181176489526,1743.3387451171875,1724.181176489526,1743.3387451171875,500,0.0,0.0
2016-10-28 00:00:00+09:00,1743.3387451171875,1743.3387451171875,1743.3387451171875,1743.3387451171875,0,0.0,0.0
2016-10-31 00:00:00+09:00,1743.3387451171875,1743.3387451171875,1743.3387451171875,1743.3387451171875,500,0.0,0.0
2016-11-01 00:00:00+09:00,1743.3388713254767,1743.3388713254767,1695.4449462890625,1695.4449462890625,300,0.0,0.0
2016-11-02 00:00:00+09:00,1695.4447755277827,1714.6023436128423,1695.4447755277827,1705.0235595703125,400,0.0,0.0
2016-11-04 00:00:00+09:00,1666.708278309215,1685.8658447265625,1666.708278309215,1685.8658447265625,1000,0.0,0.0
2016-11-07 00:00:00+09:00,1685.8658447265625,1685.8658447265625,1685.8658447265625,1685.8658447265625,0,0.0,0.0
2016-11-08 00:00:00+09:00,1666.70849609375,1666.70849609375,1666.70849609375,1666.70849609375,100,0.0,0.0
2016-11-09 00:00:00+09:00,1666.7084227104408,1666.7084227104408,1657.129638671875,1657.129638671875,600,0.0,0.0
2016-11-10 00:00:00+09:00,1657.1294951005416,1685.8658447265625,1657.1294951005416,1685.8658447265625,200,0.0,0.0
2016-11-11 00:00:00+09:00,1685.8658447265625,1685.8658447265625,1685.8658447265625,1685.8658447265625,0,0.0,0.0
2016-11-14 00:00:00+09:00,1695.4448494746766,1695.4448494746766,1666.70849609375,1666.70849609375,300,0.0,0.0
2016-11-15 00:00:00+09:00,1666.70849609375,1666.70849609375,1666.70849609375,1666.70849609375,0,0.0,0.0
2016-11-16 00:00:00+09:00,1666.70849609375,1666.70849609375,1666.70849609375,1666.70849609375,0,0.0,0.0
2016-11-17 00:00:00+09:00,1666.70849609375,1666.70849609375,1666.70849609375,1666.70849609375,0,0.0,0.0
2016-11-18 00:00:00+09:00,1666.708447265625,1676.2872314453125,1666.708447265625,1676.2872314453125,900,0.0,0.0
2016-11-21 00:00:00+09:00,1676.287207442723,1743.3386957404318,1676.287207442723,1705.0235595703125,1200,0.0,0.0
2016-11-22 00:00:00+09:00,1705.0235595703125,1705.0235595703125,1705.0235595703125,1705.0235595703125,100,0.0,0.0
2016-11-24 00:00:00+09:00,1695.4449462890625,1695.4449462890625,1695.4449462890625,1695.4449462890625,300,0.0,0.0
2016-11-25 00:00:00+09:00,1685.8661612817796,1695.4449462890625,1685.8661612817796,1695.4449462890625,600,0.0,0.0
2016-11-28 00:00:00+09:00,1743.3387451171875,1743.3387451171875,1743.3387451171875,1743.3387451171875,100,0.0,0.0
2016-11-29 00:00:00+09:00,1743.3387451171875,1743.3387451171875,1743.3387451171875,1743.3387451171875,0,0.0,0.0
2016-11-30 00:00:00+09:00,1743.3389170946996,1743.3389170946996,1695.4449908008892,1733.7601318359375,600,0.0,0.0
2016-12-01 00:00:00+09:00,1733.7601318359375,1733.7601318359375,1733.7601318359375,1733.7601318359375,0,0.0,0.0
2016-12-02 00:00:00+09:00,1705.0235595703125,1705.0235595703125,1705.0235595703125,1705.0235595703125,200,0.0,0.0
2016-12-05 00:00:00+09:00,1724.1813013109108,1724.1813013109108,1695.4449462890625,1695.4449462890625,400,0.0,0.0
2016-12-06 00:00:00+09:00,1705.0237312963452,1705.0237312963452,1695.4449462890625,1695.4449462890625,200,0.0,0.0
2016-12-07 00:00:00+09:00,1695.4449462890625,1695.4449462890625,1695.4449462890625,1695.4449462890625,300,0.0,0.0
2016-12-08 00:00:00+09:00,1695.4449462890625,1695.4449462890625,1695.4449462890625,1695.4449462890625,0,0.0,0.0
2016-12-09 00:00:00+09:00,1714.6021728515625,1714.6021728515625,1714.6021728515625,1714.6021728515625,100,0.0,0.0
2016-12-12 00:00:00+09:00,1724.1813465771754,1733.7601318359375,1724.1813465771754,1733.7601318359375,200,0.0,0.0
2016-12-13 00:00:00+09:00,1724.1809559401188,1724.1809559401188,1714.6021728515625,1714.6021728515625,1000,0.0,0.0
2016-12-14 00:00:00+09:00,1705.0235595703125,1705.0235595703125,1705.0235595703125,1705.0235595703125,100,0.0,0.0
2016-12-15 00:00:00+09:00,1714.6021728515625,1714.6021728515625,1714.6021728515625,1714.6021728515625,300,0.0,0.0
2016-12-16 00:00:00+09:00,1714.6021728515625,1714.6021728515625,1714.6021728515625,1714.6021728515625,100,0.0,0.0
2016-12-19 00:00:00+09:00,1724.18115234375,1724.18115234375,1714.6023681640625,1724.18115234375,1100,0.0,0.0
2016-12-20 00:00:00+09:00,1724.18115234375,1724.18115234375,1724.18115234375,1724.18115234375,100,0.0,0.0
2016-12-21 00:00:00+09:00,1714.6025163036281,1714.6025163036281,1695.4449462890625,1695.4449462890625,700,0.0,0.0
2016-12-22 00:00:00+09:00,1714.6021728515625,1714.6021728515625,1714.6021728515625,1714.6021728515625,400,0.0,0.0
2016-12-26 00:00:00+09:00,1733.7601318359375,1733.7601318359375,1733.7601318359375,1733.7601318359375,800,0.0,0.0
2016-12-27 00:00:00+09:00,1714.6023436128423,1724.1811276553722,1705.0235595703125,1705.0235595703125,900,0.0,0.0
2016-12-28 00:00:00+09:00,1685.8660156249998,1724.18115234375,1685.8660156249998,1724.18115234375,1600,0.0,0.0
2016-12-29 00:00:00+09:00,1714.6021728515625,1714.6021728515625,1714.6021728515625,1714.6021728515625,100,0.0,0.0
2016-12-30 00:00:00+09:00,1724.18115234375,1724.18115234375,1724.18115234375,1724.18115234375,100,0.0,0.0
2017-01-04 00:00:00+09:00,1724.18115234375,1724.18115234375,1724.18115234375,1724.18115234375,0,0.0,0.0
2017-01-05 00:00:00+09:00,1705.023583984375,1724.18115234375,1705.023583984375,1724.18115234375,1000,0.0,0.0
2017-01-06 00:00:00+09:00,1724.18115234375,1724.18115234375,1724.18115234375,1724.18115234375,200,0.0,0.0
2017-01-10 00:00:00+09:00,1733.7599608033568,1762.496313744849,1733.7599608033568,1743.3387451171875,1400,0.0,0.0
2017-01-11 00:00:00+09:00,1743.3389170946996,1743.3389170946996,1733.7601318359375,1733.7601318359375,400,0.0,0.0
2017-01-12 00:00:00+09:00,1762.4962645150272,1772.0750485613046,1743.3386964224726,1752.91748046875,800,0.0,0.0
2017-01-13 00:00:00+09:00,1781.653832607582,1781.653832607582,1752.91748046875,1752.91748046875,400,0.0,0.0
2017-01-16 00:00:00+09:00,1772.074951171875,1772.074951171875,1772.074951171875,1772.074951171875,100,0.0,0.0
2017-01-17 00:00:00+09:00,1752.91748046875,1781.653832607582,1724.181128329918,1752.91748046875,1300,0.0,0.0
2017-01-18 00:00:00+09:00,1743.3386964224726,1752.91748046875,1743.3386964224726,1752.91748046875,400,0.0,0.0
2017-01-19 00:00:00+09:00,1752.91748046875,1752.91748046875,1752.91748046875,1752.91748046875,200,0.0,0.0
2017-01-20 00:00:00+09:00,1781.653734691723,1848.7052193306588,1772.074951171875,1772.074951171875,2400,0.0,0.0
2017-01-23 00:00:00+09:00,1819.9690432270997,1819.9690432270997,1781.6539054749503,1810.3902587890625,1000,0.0,0.0
2017-01-24 00:00:00+09:00,1791.2326416015624,1819.968994140625,1791.2326416015624,1819.968994140625,400,0.0,0.0
2017-01-25 00:00:00+09:00,1839.1265382124352,1848.705322265625,1810.390186052866,1848.705322265625,1100,0.0,0.0
2017-01-26 00:00:00+09:00,1839.1265624999999,1839.1265624999999,1819.968994140625,1819.968994140625,500,0.0,0.0
2017-01-27 00:00:00+09:00,1829.5477783203123,1829.5477783203123,1791.2326416015624,1819.968994140625,1600,0.0,0.0
2017-01-30 00:00:00+09:00,1829.5478263933635,1858.2841796875,1829.5478263933635,1858.2841796875,1100,0.0,0.0
2017-01-31 00:00:00+09:00,1867.863037109375,1867.863037109375,1867.863037109375,1867.863037109375,200,0.0,0.0
2017-02-01 00:00:00+09:00,1867.8627707741477,1915.7566879734848,1867.8627707741477,1896.59912109375,1300,0.0,0.0
2017-02-02 00:00:00+09:00,1877.441821915064,1877.441821915064,1867.863037109375,1867.863037109375,600,0.0,0.0
2017-02-03 00:00:00+09:00,1867.863037109375,1867.863037109375,1867.863037109375,1867.863037109375,0,0.0,0.0
2017-02-06 00:00:00+09:00,1819.9690419619847,1858.2841796875,1819.9690419619847,1858.2841796875,300,0.0,0.0
2017-02-07 00:00:00+09:00,1858.2841063188148,1858.2841063188148,1848.705322265625,1848.705322265625,400,0.0,0.0
2017-02-08 00:00:00+09:00,1877.4417724609375,1877.4417724609375,1877.4417724609375,1877.4417724609375,100,0.0,0.0
2017-02-09 00:00:00+09:00,1867.8629879075654,1877.4417724609375,1867.8629879075654,1877.4417724609375,300,0.0,0.0
2017-02-10 00:00:00+09:00,1887.0205078125,1887.0205078125,1887.0205078125,1887.0205078125,500,0.0,0.0
2017-02-13 00:00:00+09:00,1896.598951790201,1915.756516959799,1896.598951790201,1906.177734375,900,0.0,0.0
2017-02-14 00:00:00+09:00,1915.7567771084339,2385.1171875,1915.7567771084339,2385.1171875,23700,0.0,0.0
2017-02-15 00:00:00+09:00,2365.9597462245397,2365.9597462245397,2097.753783089774,2145.647705078125,11000,0.0,0.0
2017-02-16 00:00:00+09:00,2069.0171431107956,2136.068624600497,2059.4383600408382,2107.332275390625,3200,0.0,0.0
2017-02-17 00:00:00+09:00,2107.3327184606483,2107.3327184606483,2059.438793041088,2069.017578125,1300,0.0,0.0
2017-02-20 00:00:00+09:00,1992.3870112469806,2021.123362370735,1982.8082275390625,1982.8082275390625,2700,0.0,0.0
2017-02-21 00:00:00+09:00,1982.8084944583582,2001.966064453125,1973.2297094609748,2001.966064453125,1000,0.0,0.0
2017-02-22 00:00:00+09:00,2001.966064453125,2078.596344432192,2001.966064453125,2001.966064453125,500,0.0,0.0
2017-02-23 00:00:00+09:00,2011.5445556640625,2040.2809064592634,2011.5445556640625,2011.5445556640625,700,0.0,0.0
2017-02-24 00:00:00+09:00,2011.5445556640625,2011.5445556640625,2001.9657720656623,2011.5445556640625,800,0.0,0.0
2017-02-27 00:00:00+09:00,1992.386962890625,1992.386962890625,1992.386962890625,1992.386962890625,400,0.0,0.0
2017-02-28 00:00:00+09:00,2030.702122860863,2030.702122860863,2011.5445556640625,2011.5445556640625,200,0.0,0.0
2017-03-01 00:00:00+09:00,2021.1234119007888,2021.1234119007888,1973.2294921875,1973.2294921875,1000,0.0,0.0
2017-03-02 00:00:00+09:00,2011.5445298414963,2011.5445298414963,1982.8081794151892,1992.386962890625,700,0.0,0.0
2017-03-03 00:00:00+09:00,1992.386962890625,1992.386962890625,1992.386962890625,1992.386962890625,0,0.0,0.0
2017-03-06 00:00:00+09:00,1915.7567885315534,1982.8082761301578,1915.7567885315534,1973.2294921875,5700,0.0,0.0
2017-03-07 00:00:00+09:00,1973.2293437882965,1973.2293437882965,1954.07177734375,1954.07177734375,500,0.0,0.0
2017-03-08 00:00:00+09:00,1963.650634765625,1963.650634765625,1963.650634765625,1963.650634765625,100,0.0,0.0
2017-03-09 00:00:00+09:00,1963.650634765625,1963.650634765625,1963.650634765625,1963.650634765625,0,0.0,0.0
2017-03-10 00:00:00+09:00,1982.8081155943983,2078.595947265625,1982.8081155943983,2078.595947265625,800,0.0,0.0
2017-03-13 00:00:00+09:00,2011.5445298414963,2040.2808802678035,1992.386962890625,1992.386962890625,900,0.0,0.0
2017-03-14 00:00:00+09:00,1982.8081106509803,2030.7020263671875,1982.8081106509803,2030.7020263671875,800,0.0,0.0
2017-03-15 00:00:00+09:00,2030.7023196830569,2030.7023196830569,2001.9659661026362,2021.12353515625,400,0.0,0.0
2017-03-16 00:00:00+09:00,2011.5444600807045,2030.7020263671875,2011.5444600807045,2030.7020263671875,700,0.0,0.0
2017-03-17 00:00:00+09:00,2040.28076171875,2069.017110475352,2040.28076171875,2040.28076171875,500,0.0,0.0
2017-03-21 00:00:00+09:00,2059.438793041088,2069.017578125,2049.860007957176,2069.017578125,700,0.0,0.0
2017-03-22 00:00:00+09:00,2059.4383275564846,2059.4383275564846,2040.28076171875,2040.28076171875,300,0.0,0.0
2017-03-23 00:00:00+09:00,2021.12353515625,2021.12353515625,2021.12353515625,2021.12353515625,200,0.0,0.0
2017-03-24 00:00:00+09:00,2059.438720703125,2059.438720703125,2049.859935955669,2059.438720703125,900,0.0,0.0
2017-03-27 00:00:00+09:00,2069.0171589401534,2069.0171589401534,2030.7020263671875,2030.7020263671875,1000,0.0,0.0
2017-03-28 00:00:00+09:00,2078.596363208912,2078.596363208912,2069.017578125,2069.017578125,800,0.0,0.0
2017-03-29 00:00:00+09:00,1934.29052734375,1963.1605352145523,1915.043855429882,1934.29052734375,2200,10.0,0.0
2017-03-30 00:00:00+09:00,1934.2904498291016,1934.2904498291016,1924.6671142578125,1924.6671142578125,800,0.0,0.0
2017-03-31 00:00:00+09:00,1934.2904498291016,1934.2904498291016,1924.6671142578125,1924.6671142578125,300,0.0,0.0
2017-04-03 00:00:00+09:00,1924.6671142578125,1924.6671142578125,1924.6671142578125,1924.6671142578125,0,0.0,0.0
2017-04-04 00:00:00+09:00,1924.6671977796052,1924.6671977796052,1828.433837890625,1828.433837890625,1300,0.0,0.0
2017-04-05 00:00:00+09:00,1828.434036015216,1838.057373046875,1818.810698983557,1838.057373046875,500,0.0,0.0
2017-04-06 00:00:00+09:00,1838.057373046875,1838.057373046875,1838.057373046875,1838.057373046875,0,0.0,0.0
2017-04-07 00:00:00+09:00,1828.433883101852,1828.433883101852,1818.810546875,1818.810546875,300,0.0,0.0
2017-04-10 00:00:00+09:00,1809.1871337890625,1809.1871337890625,1809.1871337890625,1809.1871337890625,200,0.0,0.0
2017-04-11 00:00:00+09:00,1799.5638427734375,1799.5638427734375,1799.5638427734375,1799.5638427734375,100,0.0,0.0
2017-04-12 00:00:00+09:00,1809.1871337890625,1809.1871337890625,1809.1871337890625,1809.1871337890625,100,0.0,0.0
2017-04-13 00:00:00+09:00,1799.5639958671443,1799.5639958671443,1741.823974609375,1741.823974609375,1300,0.0,0.0
2017-04-14 00:00:00+09:00,1741.823974609375,1741.823974609375,1741.823974609375,1741.823974609375,200,0.0,0.0
2017-04-17 00:00:00+09:00,1732.2005615234375,1732.2005615234375,1732.2005615234375,1732.2005615234375,300,0.0,0.0
2017-04-18 00:00:00+09:00,1751.447265625,1751.447265625,1751.447265625,1751.447265625,100,0.0,0.0
2017-04-19 00:00:00+09:00,1780.3172607421875,1780.3172607421875,1780.3172607421875,1780.3172607421875,100,0.0,0.0
2017-04-20 00:00:00+09:00,1780.3172607421875,1780.3172607421875,1780.3172607421875,1780.3172607421875,0,0.0,0.0
2017-04-21 00:00:00+09:00,1780.3172607421875,1780.3172607421875,1780.3172607421875,1780.3172607421875,0,0.0,0.0
2017-04-24 00:00:00+09:00,1780.3170286188472,1857.3037109375,1780.3170286188472,1857.3037109375,300,0.0,0.0
2017-04-25 00:00:00+09:00,1895.7972866759008,1895.7972866759008,1886.1739501953125,1886.1739501953125,400,0.0,0.0
2017-04-26 00:00:00+09:00,1886.1739501953125,1886.1739501953125,1886.1739501953125,1886.1739501953125,0,0.0,0.0
2017-04-27 00:00:00+09:00,1818.8106536865234,1818.8106536865234,1770.6939697265625,1770.6939697265625,400,0.0,0.0
2017-04-28 00:00:00+09:00,1761.070556640625,1761.070556640625,1761.070556640625,1761.070556640625,100,0.0,0.0
2017-05-01 00:00:00+09:00,1761.070556640625,1761.070556640625,1761.070556640625,1761.070556640625,100,0.0,0.0
2017-05-02 00:00:00+09:00,1780.3172607421875,1780.3172607421875,1780.3172607421875,1780.3172607421875,100,0.0,0.0
2017-05-08 00:00:00+09:00,1780.3172607421875,1780.3172607421875,1780.3172607421875,1780.3172607421875,0,0.0,0.0
2017-05-09 00:00:00+09:00,1780.3172607421875,1780.3172607421875,1780.3172607421875,1780.3172607421875,0,0.0,0.0
2017-05-10 00:00:00+09:00,1799.5638427734375,1799.5638427734375,1799.5638427734375,1799.5638427734375,100,0.0,0.0
2017-05-11 00:00:00+09:00,1780.3172607421875,1780.3172607421875,1780.3172607421875,1780.3172607421875,100,0.0,0.0
2017-05-12 00:00:00+09:00,1799.5638427734375,1799.5638427734375,1799.5638427734375,1799.5638427734375,200,0.0,0.0
2017-05-15 00:00:00+09:00,1799.563980102539,1799.563980102539,1770.6939697265625,1770.6939697265625,300,0.0,0.0
2017-05-16 00:00:00+09:00,1789.9405067158254,1799.5638427734375,1789.9405067158254,1799.5638427734375,200,0.0,0.0
2017-05-17 00:00:00+09:00,1789.9405972867398,1789.9405972867398,1780.3172607421875,1780.3172607421875,200,0.0,0.0
2017-05-18 00:00:00+09:00,1780.3172607421875,1780.3172607421875,1780.3172607421875,1780.3172607421875,0,0.0,0.0
2017-05-19 00:00:00+09:00,1770.6939697265625,1770.6939697265625,1770.6939697265625,1770.6939697265625,200,0.0,0.0
2017-05-22 00:00:00+09:00,1770.6939388736264,1770.6939388736264,1751.447265625,1751.447265625,500,0.0,0.0
2017-05-23 00:00:00+09:00,1751.447265625,1751.447265625,1751.447265625,1751.447265625,200,0.0,0.0
2017-05-24 00:00:00+09:00,1751.4472961425781,1770.6939697265625,1751.4472961425781,1770.6939697265625,600,0.0,0.0
2017-05-25 00:00:00+09:00,1780.3172607421875,1780.3172607421875,1780.3172607421875,1780.3172607421875,1100,0.0,0.0
2017-05-26 00:00:00+09:00,1818.8105748911373,1818.8105748911373,1761.070556640625,1761.070556640625,400,0.0,0.0
2017-05-29 00:00:00+09:00,1761.070556640625,1761.070556640625,1761.070556640625,1761.070556640625,200,0.0,0.0
2017-05-30 00:00:00+09:00,1751.447265625,1751.447265625,1751.447265625,1751.447265625,300,0.0,0.0
2017-05-31 00:00:00+09:00,1780.3172754979396,1780.3172754979396,1751.447265625,1751.447265625,400,0.0,0.0
2017-06-01 00:00:00+09:00,1751.4472202655397,1761.070556640625,1751.4472202655397,1761.070556640625,500,0.0,0.0
2017-06-02 00:00:00+09:00,1770.6939697265625,1770.6939697265625,1761.0706329345703,1770.6939697265625,500,0.0,0.0
2017-06-05 00:00:00+09:00,1809.187238516052,1809.187238516052,1761.070556640625,1761.070556640625,300,0.0,0.0
2017-06-06 00:00:00+09:00,1809.187238516052,1809.187238516052,1761.070556640625,1761.070556640625,600,0.0,0.0
2017-06-07 00:00:00+09:00,1761.070556640625,1761.070556640625,1761.070556640625,1761.070556640625,100,0.0,0.0
2017-06-08 00:00:00+09:00,1761.070556640625,1761.070556640625,1761.070556640625,1761.070556640625,100,0.0,0.0
2017-06-09 00:00:00+09:00,1770.6939697265625,1770.6939697265625,1770.6939697265625,1770.6939697265625,100,0.0,0.0
2017-06-12 00:00:00+09:00,1770.693924197635,1780.3172607421875,1770.693924197635,1780.3172607421875,300,0.0,0.0
2017-06-13 00:00:00+09:00,1780.3172607421875,1780.3172607421875,1780.3172607421875,1780.3172607421875,100,0.0,0.0
2017-06-14 00:00:00+09:00,1818.810546875,1818.810546875,1818.810546875,1818.810546875,200,0.0,0.0
2017-06-15 00:00:00+09:00,1818.810546875,1818.810546875,1818.810546875,1818.810546875,200,0.0,0.0
2017-06-16 00:00:00+09:00,1799.5638299239308,1828.433837890625,1799.5638299239308,1828.433837890625,600,0.0,0.0
2017-06-19 00:00:00+09:00,1866.927352672906,1895.79736328125,1866.927352672906,1895.79736328125,500,0.0,0.0
2017-06-20 00:00:00+09:00,1876.5506591796875,1915.0440060346555,1857.3039857522035,1876.5506591796875,600,0.0,0.0
2017-06-21 00:00:00+09:00,1857.304047110193,1857.304047110193,1838.057373046875,1838.057373046875,500,0.0,0.0
2017-06-22 00:00:00+09:00,1838.0573123247195,1876.5506591796875,1838.0573123247195,1876.5506591796875,1000,0.0,0.0
2017-06-23 00:00:00+09:00,1876.5506895423541,1895.79736328125,1876.5506895423541,1895.79736328125,200,0.0,0.0
2017-06-26 00:00:00+09:00,1866.9272772341358,1886.1739501953125,1866.9272772341358,1886.1739501953125,1000,0.0,0.0
2017-06-27 00:00:00+09:00,1886.1739501953125,1886.1739501953125,1886.1739501953125,1886.1739501953125,0,0.0,0.0
2017-06-28 00:00:00+09:00,1886.1739501953125,1886.1739501953125,1886.1739501953125,1886.1739501953125,0,0.0,0.0
2017-06-29 00:00:00+09:00,1886.1739501953125,1886.1739501953125,1886.1739501953125,1886.1739501953125,0,0.0,0.0
2017-06-30 00:00:00+09:00,1886.1739501953125,1886.1739501953125,1886.1739501953125,1886.1739501953125,0,0.0,0.0
2017-07-03 00:00:00+09:00,1886.1739501953125,1886.1739501953125,1886.1739501953125,1886.1739501953125,0,0.0,0.0
2017-07-04 00:00:00+09:00,1876.5506591796875,1876.5506591796875,1876.5506591796875,1876.5506591796875,200,0.0,0.0
2017-07-05 00:00:00+09:00,1876.5506591796875,1876.5506591796875,1876.5506591796875,1876.5506591796875,0,0.0,0.0
2017-07-06 00:00:00+09:00,1876.5504597142801,1876.5504597142801,1866.9271240234375,1866.9271240234375,1400,0.0,0.0
2017-07-07 00:00:00+09:00,1866.9271240234375,1866.9271240234375,1866.9271240234375,1866.9271240234375,100,0.0,0.0
2017-07-10 00:00:00+09:00,1905.4204874470006,1943.913830627748,1905.4204874470006,1915.0438232421875,700,0.0,0.0
2017-07-11 00:00:00+09:00,1924.6671142578125,1924.6671142578125,1924.6671142578125,1924.6671142578125,100,0.0,0.0
2017-07-12 00:00:00+09:00,1943.913830627748,1943.913830627748,1915.0438232421875,1915.0438232421875,400,0.0,0.0
2017-07-13 00:00:00+09:00,1915.0437786865234,1924.6671142578125,1915.0437786865234,1924.6671142578125,200,0.0,0.0
2017-07-14 00:00:00+09:00,1915.0438232421875,1915.0438232421875,1915.0438232421875,1915.0438232421875,400,0.0,0.0
2017-07-17 00:00:00+09:00,1915.0438232421875,1915.0438232421875,1915.0438232421875,1915.0438232421875,0,0.0,0.0
2017-07-18 00:00:00+09:00,1915.0438232421875,1915.0438232421875,1915.0438232421875,1915.0438232421875,0,0.0,0.0
2017-07-19 00:00:00+09:00,1924.6674636314656,1992.0308248585668,1924.6674636314656,1953.5374755859375,1000,0.0,0.0
2017-07-20 00:00:00+09:00,1972.7841502222523,1972.7841502222523,1924.6674636314656,1953.5374755859375,600,0.0,0.0
2017-07-21 00:00:00+09:00,1953.537199257618,1963.1605352145523,1934.29052734375,1934.29052734375,1300,0.0,0.0
2017-07-24 00:00:00+09:00,1963.16064453125,1963.16064453125,1963.16064453125,1963.16064453125,200,0.0,0.0
2017-07-25 00:00:00+09:00,1972.7838134765625,1972.7838134765625,1972.7838134765625,1972.7838134765625,500,0.0,0.0
2017-07-26 00:00:00+09:00,1924.667298560049,1963.16064453125,1924.667298560049,1963.16064453125,500,0.0,0.0
2017-07-27 00:00:00+09:00,1963.16064453125,1963.16064453125,1963.16064453125,1963.16064453125,100,0.0,0.0
2017-07-28 00:00:00+09:00,1934.29052734375,1934.29052734375,1934.29052734375,1934.29052734375,100,0.0,0.0
2017-07-31 00:00:00+09:00,1982.4073486328125,1982.4073486328125,1982.4073486328125,1982.4073486328125,100,0.0,0.0
2017-08-01 00:00:00+09:00,1982.4073486328125,1982.4073486328125,1982.4073486328125,1982.4073486328125,0,0.0,0.0
2017-08-02 00:00:00+09:00,1924.6671142578125,1924.6671142578125,1924.6671142578125,1924.6671142578125,900,0.0,0.0
2017-08-03 00:00:00+09:00,1924.6671142578125,1924.6671142578125,1924.6671142578125,1924.6671142578125,0,0.0,0.0
2017-08-04 00:00:00+09:00,1924.6671142578125,1924.6671142578125,1924.6671142578125,1924.6671142578125,0,0.0,0.0
2017-08-07 00:00:00+09:00,1982.4071491520579,1982.4071491520579,1972.7838134765625,1972.7838134765625,300,0.0,0.0
2017-08-08 00:00:00+09:00,1972.7838134765625,1972.7838134765625,1972.7838134765625,1972.7838134765625,0,0.0,0.0
2017-08-09 00:00:00+09:00,1934.2904498291016,1934.2904498291016,1924.6671142578125,1924.6671142578125,300,0.0,0.0
2017-08-10 00:00:00+09:00,1924.667296117666,1924.667296117666,1886.1739501953125,1886.1739501953125,500,0.0,0.0
2017-08-11 00:00:00+09:00,1886.1739501953125,1886.1739501953125,1886.1739501953125,1886.1739501953125,0,0.0,0.0
2017-08-14 00:00:00+09:00,1818.8105019017269,1838.0571738795231,1818.8105019017269,1828.433837890625,1900,0.0,0.0
2017-08-15 00:00:00+09:00,1876.5506591796875,1876.5506591796875,1876.5506591796875,1876.5506591796875,100,0.0,0.0
2017-08-16 00:00:00+09:00,1838.0573272705078,1847.6806640625,1828.4339904785156,1847.6806640625,800,0.0,0.0
2017-08-17 00:00:00+09:00,1838.057373046875,1838.057373046875,1838.057373046875,1838.057373046875,200,0.0,0.0
2017-08-18 00:00:00+09:00,1838.057373046875,1838.057373046875,1838.057373046875,1838.057373046875,100,0.0,0.0
2017-08-21 00:00:00+09:00,1838.057373046875,1838.057373046875,1838.057373046875,1838.057373046875,0,0.0,0.0
2017-08-22 00:00:00+09:00,1838.057373046875,1838.057373046875,1838.057373046875,1838.057373046875,0,0.0,0.0
2017-08-23 00:00:00+09:00,1838.057373046875,1838.057373046875,1838.057373046875,1838.057373046875,0,0.0,0.0
2017-08-24 00:00:00+09:00,1895.7971516518137,1915.0438232421875,1895.7971516518137,1915.0438232421875,300,0.0,0.0
2017-08-25 00:00:00+09:00,1915.0438232421875,1915.0438232421875,1915.0438232421875,1915.0438232421875,400,0.0,0.0
2017-08-28 00:00:00+09:00,1866.927144266253,1915.0438232421875,1866.927144266253,1915.0438232421875,300,0.0,0.0
2017-08-29 00:00:00+09:00,1963.1605352145523,1963.1605352145523,1934.29052734375,1934.29052734375,600,0.0,0.0
2017-08-30 00:00:00+09:00,1943.9140625,1943.9140625,1943.9140625,1943.9140625,100,0.0,0.0
2017-08-31 00:00:00+09:00,1943.9140625,1943.9140625,1943.9140625,1943.9140625,100,0.0,0.0
2017-09-01 00:00:00+09:00,1943.9137854003907,1943.9137854003907,1924.6671142578125,1924.6671142578125,200,0.0,0.0
2017-09-04 00:00:00+09:00,1924.6671142578125,1924.6671142578125,1924.6671142578125,1924.6671142578125,0,0.0,0.0
2017-09-05 00:00:00+09:00,1924.6671142578125,1924.6671142578125,1924.6671142578125,1924.6671142578125,0,0.0,0.0
2017-09-06 00:00:00+09:00,1924.6671142578125,1924.6671142578125,1924.6671142578125,1924.6671142578125,0,0.0,0.0
2017-09-07 00:00:00+09:00,1866.9271240234375,1866.9271240234375,1866.9271240234375,1866.9271240234375,100,0.0,0.0
2017-09-08 00:00:00+09:00,1866.9270685369318,1905.42041015625,1866.9270685369318,1905.42041015625,300,0.0,0.0
2017-09-11 00:00:00+09:00,1905.42041015625,1905.42041015625,1905.42041015625,1905.42041015625,0,0.0,0.0
2017-09-12 00:00:00+09:00,1905.42041015625,1905.42041015625,1905.42041015625,1905.42041015625,0,0.0,0.0
2017-09-13 00:00:00+09:00,1905.42041015625,1905.42041015625,1905.42041015625,1905.42041015625,0,0.0,0.0
2017-09-14 00:00:00+09:00,1905.42041015625,1905.42041015625,1905.42041015625,1905.42041015625,0,0.0,0.0
2017-09-15 00:00:00+09:00,1905.42041015625,1905.42041015625,1905.42041015625,1905.42041015625,0,0.0,0.0
2017-09-18 00:00:00+09:00,1905.42041015625,1905.42041015625,1905.42041015625,1905.42041015625,0,0.0,0.0
2017-09-19 00:00:00+09:00,1895.79736328125,1895.79736328125,1895.79736328125,1895.79736328125,100,0.0,0.0
2017-09-20 00:00:00+09:00,1895.79736328125,1895.79736328125,1895.79736328125,1895.79736328125,100,0.0,0.0
2017-09-21 00:00:00+09:00,1905.4204431152343,1924.6671142578125,1905.4204431152343,1924.6671142578125,500,0.0,0.0
2017-09-22 00:00:00+09:00,1915.0438232421875,1915.0438232421875,1915.0438232421875,1915.0438232421875,100,0.0,0.0
2017-09-25 00:00:00+09:00,1924.6671142578125,1924.6671142578125,1924.6671142578125,1924.6671142578125,400,0.0,0.0
2017-09-26 00:00:00+09:00,1924.6671142578125,1924.6671142578125,1924.6671142578125,1924.6671142578125,0,0.0,0.0
2017-09-27 00:00:00+09:00,1924.6671142578125,1924.6671142578125,1924.6671142578125,1924.6671142578125,0,0.0,0.1
2017-09-28 00:00:00+09:00,1924.6671142578125,1924.6671142578125,1924.6671142578125,1924.6671142578125,100,0.0,0.0
2017-09-29 00:00:00+09:00,1924.6671142578125,1924.6671142578125,1924.6671142578125,1924.6671142578125,100,0.0,0.0
2017-10-02 00:00:00+09:00,1924.6671142578125,1924.6671142578125,1924.6671142578125,1924.6671142578125,0,0.0,0.0
2017-10-03 00:00:00+09:00,1895.7970747514203,1924.667080965909,1895.7970747514203,1905.42041015625,600,0.0,0.0
2017-10-04 00:00:00+09:00,1905.42041015625,1905.42041015625,1905.42041015625,1905.42041015625,200,0.0,0.0
2017-10-05 00:00:00+09:00,1897.7220458984375,1897.7220458984375,1897.7220458984375,1897.7220458984375,100,0.0,0.0
2017-10-06 00:00:00+09:00,1898.684326171875,1898.684326171875,1898.684326171875,1898.684326171875,100,0.0,0.0
2017-10-09 00:00:00+09:00,1898.684326171875,1898.684326171875,1898.684326171875,1898.684326171875,0,0.0,0.0
2017-10-10 00:00:00+09:00,1895.7974161681361,1910.232421875,1895.7974161681361,1910.232421875,200,0.0,0.0
2017-10-11 00:00:00+09:00,1895.7972330563168,1895.7972330563168,1887.13623046875,1887.13623046875,300,0.0,0.0
2017-10-12 00:00:00+09:00,1882.3246765136719,1882.3246765136719,1878.475341796875,1878.475341796875,700,0.0,0.0
2017-10-13 00:00:00+09:00,1876.5506744384766,1893.8726806640625,1876.5506744384766,1893.8726806640625,400,0.0,0.0
2017-10-16 00:00:00+09:00,1893.8726806640625,1893.8726806640625,1893.8726806640625,1893.8726806640625,0,0.0,0.0
2017-10-17 00:00:00+09:00,1893.8726806640625,1893.8726806640625,1893.8726806640625,1893.8726806640625,0,0.0,0.0
2017-10-18 00:00:00+09:00,1893.8726806640625,1893.8726806640625,1893.8726806640625,1893.8726806640625,0,0.0,0.0
2017-10-19 00:00:00+09:00,1893.8726806640625,1893.8726806640625,1893.8726806640625,1893.8726806640625,0,0.0,0.0
2017-10-20 00:00:00+09:00,1883.2869873046875,1883.2869873046875,1883.2869873046875,1883.2869873046875,100,0.0,0.0
2017-10-23 00:00:00+09:00,1922.7426224098378,1923.7049560546875,1922.7426224098378,1923.7049560546875,400,0.0,0.0
2017-10-24 00:00:00+09:00,1923.7049560546875,1923.7049560546875,1923.7049560546875,1923.7049560546875,0,0.0,0.0
2017-10-25 00:00:00+09:00,1923.7049560546875,1923.7049560546875,1923.7049560546875,1923.7049560546875,0,0.0,0.0
2017-10-26 00:00:00+09:00,1923.7049560546875,1923.7049560546875,1923.7049560546875,1923.7049560546875,0,0.0,0.0
2017-10-27 00:00:00+09:00,1923.7049560546875,1923.7049560546875,1923.7049560546875,1923.7049560546875,0,0.0,0.0
2017-10-30 00:00:00+09:00,1923.7049560546875,1923.7049560546875,1923.7049560546875,1923.7049560546875,0,0.0,0.0
2017-10-31 00:00:00+09:00,1923.7049560546875,1923.7049560546875,1923.7049560546875,1923.7049560546875,0,0.0,0.0
2017-11-01 00:00:00+09:00,1888.0986328125,1888.0986328125,1888.0986328125,1888.0986328125,100,0.0,0.0
2017-11-02 00:00:00+09:00,1888.0986328125,1888.0986328125,1888.0986328125,1888.0986328125,0,0.0,0.0
2017-11-03 00:00:00+09:00,1888.0986328125,1888.0986328125,1888.0986328125,1888.0986328125,0,0.0,0.0
2017-11-06 00:00:00+09:00,1888.0986328125,1888.0986328125,1888.0986328125,1888.0986328125,0,0.0,0.0
2017-11-07 00:00:00+09:00,1896.759521484375,1896.759521484375,1896.759521484375,1896.759521484375,100,0.0,0.0
2017-11-08 00:00:00+09:00,1934.2907028236218,1934.2907028236218,1933.328369140625,1933.328369140625,400,0.0,0.0
2017-11-09 00:00:00+09:00,1924.667080965909,1924.667080965909,1905.42041015625,1905.42041015625,200,0.0,0.0
2017-11-10 00:00:00+09:00,1905.42041015625,1905.42041015625,1905.42041015625,1905.42041015625,0,0.0,0.0
2017-11-13 00:00:00+09:00,1891.9478759765625,1891.9478759765625,1891.9478759765625,1891.9478759765625,100,0.0,0.0
2017-11-14 00:00:00+09:00,1890.9854581486006,1890.9854581486006,1889.060791015625,1889.060791015625,300,0.0,0.0
2017-11-15 00:00:00+09:00,1889.060791015625,1889.060791015625,1889.060791015625,1889.060791015625,0,0.0,0.0
2017-11-16 00:00:00+09:00,1889.060791015625,1889.060791015625,1889.060791015625,1889.060791015625,0,0.0,0.0
2017-11-17 00:00:00+09:00,1889.060791015625,1889.060791015625,1889.060791015625,1889.060791015625,0,0.0,0.0
2017-11-20 00:00:00+09:00,1889.060791015625,1889.060791015625,1889.060791015625,1889.060791015625,0,0.0,0.0
2017-11-21 00:00:00+09:00,1900.60888671875,1900.60888671875,1900.60888671875,1900.60888671875,200,0.0,0.0
2017-11-22 00:00:00+09:00,1900.60888671875,1900.60888671875,1900.60888671875,1900.60888671875,0,0.0,0.0
2017-11-23 00:00:00+09:00,1900.60888671875,1900.60888671875,1900.60888671875,1900.60888671875,0,0.0,0.0
2017-11-24 00:00:00+09:00,1900.60888671875,1900.60888671875,1900.60888671875,1900.60888671875,0,0.0,0.0
2017-11-27 00:00:00+09:00,1924.6671142578125,1924.6671142578125,1924.6671142578125,1924.6671142578125,700,0.0,0.0
2017-11-28 00:00:00+09:00,1903.4960327768083,1903.4960327768083,1895.79736328125,1895.79736328125,400,0.0,0.0
2017-11-29 00:00:00+09:00,1923.7050015294365,1923.7050015294365,1898.684326171875,1898.684326171875,400,0.0,0.0
2017-11-30 00:00:00+09:00,1899.6466064453125,1899.6466064453125,1899.6466064453125,1899.6466064453125,100,0.0,0.0
2017-12-01 00:00:00+09:00,1899.6466064453125,1899.6466064453125,1899.6466064453125,1899.6466064453125,0,0.0,0.0
2017-12-04 00:00:00+09:00,1924.667188684909,1924.667188684909,1903.495849609375,1903.495849609375,500,0.0,0.0
2017-12-05 00:00:00+09:00,1903.495849609375,1903.495849609375,1903.495849609375,1903.495849609375,0,0.0,0.0
2017-12-06 00:00:00+09:00,1903.495849609375,1903.495849609375,1903.495849609375,1903.495849609375,0,0.0,0.0
2017-12-07 00:00:00+09:00,1924.6671142578125,1924.6671142578125,1924.6671142578125,1924.6671142578125,100,0.0,0.0
2017-12-08 00:00:00+09:00,1924.6671142578125,1924.6671142578125,1924.6671142578125,1924.6671142578125,0,0.0,0.0
2017-12-11 00:00:00+09:00,1924.6671142578125,1924.6671142578125,1924.6671142578125,1924.6671142578125,0,0.0,0.0
2017-12-12 00:00:00+09:00,1924.6671142578125,1924.6671142578125,1924.6671142578125,1924.6671142578125,0,0.0,0.0
2017-12-13 00:00:00+09:00,1892.9105224609375,1892.9105224609375,1892.9105224609375,1892.9105224609375,500,0.0,0.0
2017-12-14 00:00:00+09:00,1895.79736328125,1895.79736328125,1895.79736328125,1895.79736328125,200,0.0,0.0
2017-12-15 00:00:00+09:00,1895.79736328125,1895.79736328125,1895.79736328125,1895.79736328125,0,0.0,0.0
2017-12-18 00:00:00+09:00,1893.8726806640625,1893.8726806640625,1893.8726806640625,1893.8726806640625,200,0.0,0.0
2017-12-19 00:00:00+09:00,1924.6670987393643,1924.6670987393643,1896.7594258076435,1922.742431640625,300,0.0,0.0
2017-12-20 00:00:00+09:00,1922.742431640625,1922.742431640625,1922.742431640625,1922.742431640625,0,0.0,0.0
2017-12-21 00:00:00+09:00,1903.495849609375,1903.495849609375,1903.495849609375,1903.495849609375,200,0.0,0.0
2017-12-22 00:00:00+09:00,1903.495849609375,1903.495849609375,1903.495849609375,1903.495849609375,0,0.0,0.0
2017-12-25 00:00:00+09:00,1903.495849609375,1903.495849609375,1903.495849609375,1903.495849609375,0,0.0,0.0
2017-12-26 00:00:00+09:00,1905.4206082886114,1923.7049474590576,1899.6466064453125,1899.6466064453125,400,0.0,0.0
2017-12-27 00:00:00+09:00,1923.7047807006836,1924.6671142578125,1923.7047807006836,1924.6671142578125,300,0.0,0.0
2017-12-28 00:00:00+09:00,1924.6673972248727,1924.6673972248727,1890.9857177734375,1890.9857177734375,1700,0.0,0.0
2017-12-29 00:00:00+09:00,1923.7048934434335,1924.667227056962,1896.759552264636,1900.60888671875,1000,0.0,0.0
2018-01-01 00:00:00+09:00,1900.60888671875,1900.60888671875,1900.60888671875,1900.60888671875,0,0.0,0.0
2018-01-02 00:00:00+09:00,1900.60888671875,1900.60888671875,1900.60888671875,1900.60888671875,0,0.0,0.0
2018-01-03 00:00:00+09:00,1900.60888671875,1900.60888671875,1900.60888671875,1900.60888671875,0,0.0,0.0
2018-01-04 00:00:00+09:00,1924.6671142578125,1924.6671142578125,1924.6671142578125,1924.6671142578125,100,0.0,0.0
2018-01-05 00:00:00+09:00,1924.6671142578125,1924.6671142578125,1924.6671142578125,1924.6671142578125,0,0.0,0.0
2018-01-08 00:00:00+09:00,1924.6671142578125,1924.6671142578125,1924.6671142578125,1924.6671142578125,0,0.0,0.0
2018-01-09 00:00:00+09:00,1924.6671142578125,1924.6671142578125,1924.6671142578125,1924.6671142578125,900,0.0,0.0
2018-01-10 00:00:00+09:00,1919.8555908203125,1919.8555908203125,1919.8555908203125,1919.8555908203125,100,0.0,0.0
2018-01-11 00:00:00+09:00,1919.8555908203125,1919.8555908203125,1919.8555908203125,1919.8555908203125,0,0.0,0.0
2018-01-12 00:00:00+09:00,1919.8555908203125,1919.8555908203125,1919.8555908203125,1919.8555908203125,0,0.0,0.0
2018-01-15 00:00:00+09:00,1934.29052734375,1934.29052734375,1934.29052734375,1934.29052734375,500,0.0,0.0
2018-01-16 00:00:00+09:00,1921.7802976122089,1963.16064453125,1921.7802976122089,1963.16064453125,400,0.0,0.0
2018-01-17 00:00:00+09:00,1934.29052734375,1934.29052734375,1934.29052734375,1934.29052734375,200,0.0,0.0
2018-01-18 00:00:00+09:00,1958.3489990234375,1958.3489990234375,1958.3489990234375,1958.3489990234375,100,0.0,0.0
2018-01-19 00:00:00+09:00,1958.3489990234375,1958.3489990234375,1958.3489990234375,1958.3489990234375,0,0.0,0.0
2018-01-22 00:00:00+09:00,1965.085357695847,2015.1267086263977,1965.085357695847,1968.9346923828125,400,0.0,0.0
2018-01-23 00:00:00+09:00,2010.3150480306867,2010.3150480306867,1962.1983642578125,1962.1983642578125,200,0.0,0.0
2018-01-24 00:00:00+09:00,1962.1983642578125,1962.1983642578125,1962.1983642578125,1962.1983642578125,0,0.0,0.0
2018-01-25 00:00:00+09:00,1977.595703125,1977.595703125,1977.595703125,1977.595703125,100,0.0,0.0
2018-01-26 00:00:00+09:00,1977.595703125,1977.595703125,1977.595703125,1977.595703125,0,0.0,0.0
2018-01-29 00:00:00+09:00,1977.595703125,1977.595703125,1977.595703125,1977.595703125,0,0.0,0.0
2018-01-30 00:00:00+09:00,2001.65380859375,2001.65380859375,2001.65380859375,2001.65380859375,100,0.0,0.0
2018-01-31 00:00:00+09:00,2011.2772442202488,2011.2772442202488,2006.465576171875,2006.465576171875,300,0.0,0.0
2018-02-01 00:00:00+09:00,2006.465576171875,2006.465576171875,2006.465576171875,2006.465576171875,0,0.0,0.0
2018-02-02 00:00:00+09:00,2006.465576171875,2006.465576171875,2006.465576171875,2006.465576171875,0,0.0,0.0
2018-02-05 00:00:00+09:00,2016.088824016292,2016.088824016292,1972.7838134765625,1972.7838134765625,800,0.0,0.0
2018-02-06 00:00:00+09:00,1972.7838134765625,1972.7838134765625,1972.7838134765625,1972.7838134765625,0,0.0,0.0
2018-02-07 00:00:00+09:00,1982.4073408360252,1982.4073408360252,1973.746337890625,1973.746337890625,300,0.0,0.0
2018-02-08 00:00:00+09:00,1973.7461470441121,1973.7461470441121,1972.7838134765625,1972.7838134765625,300,0.0,0.0
2018-02-09 00:00:00+09:00,1972.7838134765625,1972.7838134765625,1972.7838134765625,1972.7838134765625,0,0.0,0.0
2018-02-12 00:00:00+09:00,1972.7838134765625,1972.7838134765625,1972.7838134765625,1972.7838134765625,0,0.0,0.0
2018-02-13 00:00:00+09:00,1972.7838134765625,1972.7838134765625,1972.7838134765625,1972.7838134765625,0,0.0,0.0
2018-02-14 00:00:00+09:00,1972.7838134765625,1972.7838134765625,1972.7838134765625,1972.7838134765625,0,0.0,0.0
2018-02-15 00:00:00+09:00,1972.7838134765625,1972.7838134765625,1972.7838134765625,1972.7838134765625,0,0.0,0.0
2018-02-16 00:00:00+09:00,1972.7838134765625,1972.7838134765625,1972.7838134765625,1972.7838134765625,0,0.0,0.0
2018-02-19 00:00:00+09:00,1967.0100702150312,2005.50341796875,1967.0100702150312,2005.50341796875,200,0.0,0.0
2018-02-20 00:00:00+09:00,2005.50341796875,2005.50341796875,2005.50341796875,2005.50341796875,0,0.0,0.0
2018-02-21 00:00:00+09:00,1987.2191162109375,1987.2191162109375,1987.2191162109375,1987.2191162109375,100,0.0,0.0
2018-02-22 00:00:00+09:00,1987.2191162109375,1987.2191162109375,1987.2191162109375,1987.2191162109375,0,0.0,0.0
2018-02-23 00:00:00+09:00,1973.7462610359696,1975.6709282822262,1964.1229248046875,1964.1229248046875,800,0.0,0.0
2018-02-26 00:00:00+09:00,1964.1229248046875,1964.1229248046875,1964.1229248046875,1964.1229248046875,0,0.0,0.0
2018-02-27 00:00:00+09:00,1972.7838134765625,1972.7838134765625,1971.821479909013,1972.7838134765625,900,0.0,0.0
2018-02-28 00:00:00+09:00,1972.7838134765625,1992.9928183951029,1972.7838134765625,1972.7838134765625,1500,0.0,0.0
2018-03-01 00:00:00+09:00,1971.8216394061,1971.8216394061,1954.4996337890625,1954.4996337890625,300,0.0,0.0
2018-03-02 00:00:00+09:00,1954.4996337890625,1954.4996337890625,1954.4996337890625,1954.4996337890625,0,0.0,0.0
2018-03-05 00:00:00+09:00,1967.972412109375,1967.972412109375,1967.972412109375,1967.972412109375,100,0.0,0.0
2018-03-06 00:00:00+09:00,1972.7838134765625,1972.7838134765625,1972.7838134765625,1972.7838134765625,600,0.0,0.0
2018-03-07 00:00:00+09:00,1985.29443359375,1985.29443359375,1985.29443359375,1985.29443359375,100,0.0,0.0
2018-03-08 00:00:00+09:00,1985.29443359375,1985.29443359375,1985.29443359375,1985.29443359375,0,0.0,0.0
2018-03-09 00:00:00+09:00,1974.7084909167922,1996.8421630859375,1972.7838237716492,1996.8421630859375,900,0.0,0.0
2018-03-12 00:00:00+09:00,1996.8421630859375,1996.8421630859375,1996.8421630859375,1996.8421630859375,0,0.0,0.0
2018-03-13 00:00:00+09:00,1987.2191162109375,1987.2191162109375,1987.2191162109375,1987.2191162109375,100,0.0,0.0
2018-03-14 00:00:00+09:00,1987.2191162109375,1987.2191162109375,1987.2191162109375,1987.2191162109375,0,0.0,0.0
2018-03-15 00:00:00+09:00,1987.2191162109375,1987.2191162109375,1987.2191162109375,1987.2191162109375,0,0.0,0.0
2018-03-16 00:00:00+09:00,1992.0307083166722,1992.9930419921875,1992.0307083166722,1992.9930419921875,200,0.0,0.0
2018-03-19 00:00:00+09:00,1992.9930042613637,2011.27734375,1992.0306706040672,2011.27734375,600,0.0,0.0
2018-03-20 00:00:00+09:00,2011.27734375,2011.27734375,2011.27734375,2011.27734375,0,0.0,0.0
2018-03-21 00:00:00+09:00,2011.27734375,2011.27734375,2011.27734375,2011.27734375,0,0.0,0.0
2018-03-22 00:00:00+09:00,2056.506742532169,2056.506742532169,2021.862735638787,2044.958740234375,700,0.0,0.0
2018-03-23 00:00:00+09:00,2044.9591830633,2044.9591830633,2015.126837333906,2039.1851806640625,600,0.0,0.0
2018-03-26 00:00:00+09:00,2040.1472269990586,2043.996561389623,1972.783875164184,1980.4825439453125,2000,0.0,0.0
2018-03-27 00:00:00+09:00,1959.3114231507786,2007.4281083951496,1959.3114231507786,2000.6917724609375,1700,0.0,0.0
2018-03-28 00:00:00+09:00,1843.0732225028632,1861.4459356337943,1843.0732225028632,1846.941162109375,1500,10.0,0.0
2018-03-29 00:00:00+09:00,1867.2477709960938,1959.1113330078124,1867.2477709960938,1885.6204833984375,700,0.0,0.0
2018-03-30 00:00:00+09:00,1924.2996826171875,1932.0355607382617,1885.620292011817,1924.2996826171875,700,0.0,0.0
2018-04-02 00:00:00+09:00,1924.2996826171875,1924.2996826171875,1924.2996826171875,1924.2996826171875,0,0.0,0.0
2018-04-03 00:00:00+09:00,1924.2996826171875,1924.2996826171875,1924.2996826171875,1924.2996826171875,0,0.0,0.0
2018-04-04 00:00:00+09:00,1924.2996826171875,1924.2996826171875,1924.2996826171875,1924.2996826171875,0,0.0,0.0
2018-04-05 00:00:00+09:00,1924.2996826171875,1924.2996826171875,1924.2996826171875,1924.2996826171875,0,0.0,0.0
2018-04-06 00:00:00+09:00,1885.6204833984375,1885.6204833984375,1884.6534985351561,1885.6204833984375,500,0.0,0.0
2018-04-09 00:00:00+09:00,1885.6204833984375,1885.6204833984375,1885.6204833984375,1885.6204833984375,0,0.0,0.0
2018-04-10 00:00:00+09:00,1880.785400390625,1880.785400390625,1880.785400390625,1880.785400390625,100,0.0,0.0
2018-04-11 00:00:00+09:00,1880.785400390625,1880.785400390625,1880.785400390625,1880.785400390625,0,0.0,0.0
2018-04-12 00:00:00+09:00,1925.2668627929688,1925.2668627929688,1878.8515893554688,1885.6204833984375,1000,0.0,0.0
2018-04-13 00:00:00+09:00,1885.6204833984375,1885.6204833984375,1885.6204833984375,1885.6204833984375,0,0.0,0.0
2018-04-16 00:00:00+09:00,1876.9174242157296,1876.9174242157296,1875.950439453125,1875.950439453125,400,0.0,0.0
2018-04-17 00:00:00+09:00,1875.950439453125,1875.950439453125,1875.950439453125,1875.950439453125,0,0.0,0.0
2018-04-18 00:00:00+09:00,1875.9505712235552,1875.9505712235552,1874.0166015625,1874.0166015625,300,0.0,0.0
2018-04-19 00:00:00+09:00,1874.0166015625,1874.0166015625,1874.0166015625,1874.0166015625,0,0.0,0.0
2018-04-20 00:00:00+09:00,1874.0166015625,1874.0166015625,1874.0166015625,1874.0166015625,0,0.0,0.0
2018-04-23 00:00:00+09:00,1874.0166015625,1874.0166015625,1874.0166015625,1874.0166015625,0,0.0,0.0
2018-04-24 00:00:00+09:00,1874.0166015625,1874.0166015625,1874.0166015625,1874.0166015625,0,0.0,0.0
2018-04-25 00:00:00+09:00,1874.0166015625,1874.0166015625,1874.0166015625,1874.0166015625,0,0.0,0.0
2018-04-26 00:00:00+09:00,1874.0166015625,1874.0166015625,1874.0166015625,1874.0166015625,0,0.0,0.0
2018-04-27 00:00:00+09:00,1874.0166015625,1874.0166015625,1874.0166015625,1874.0166015625,0,0.0,0.0
2018-04-30 00:00:00+09:00,1874.0166015625,1874.0166015625,1874.0166015625,1874.0166015625,0,0.0,0.0
2018-05-01 00:00:00+09:00,1885.6204833984375,1885.6204833984375,1885.6204833984375,1885.6204833984375,100,0.0,0.0
2018-05-02 00:00:00+09:00,1885.6203242990841,1885.6203242990841,1880.785400390625,1880.785400390625,500,0.0,0.0
2018-05-03 00:00:00+09:00,1880.785400390625,1880.785400390625,1880.785400390625,1880.785400390625,0,0.0,0.0
2018-05-04 00:00:00+09:00,1880.785400390625,1880.785400390625,1880.785400390625,1880.785400390625,0,0.0,0.0
2018-05-07 00:00:00+09:00,1880.785400390625,1880.785400390625,1880.785400390625,1880.785400390625,0,0.0,0.0
2018-05-08 00:00:00+09:00,1880.785400390625,1880.785400390625,1880.785400390625,1880.785400390625,0,0.0,0.0
2018-05-09 00:00:00+09:00,1890.4554077148437,1890.4554077148437,1885.6204833984375,1885.6204833984375,200,0.0,0.0
2018-05-10 00:00:00+09:00,1885.6204833984375,1885.6204833984375,1885.6204833984375,1885.6204833984375,0,0.0,0.0
2018-05-11 00:00:00+09:00,1885.6204833984375,1885.6204833984375,1885.6204833984375,1885.6204833984375,0,0.0,0.0
2018-05-14 00:00:00+09:00,1885.6204833984375,1885.6204833984375,1885.6204833984375,1885.6204833984375,200,0.0,0.0
2018-05-15 00:00:00+09:00,1885.6204833984375,1885.6204833984375,1885.6204833984375,1885.6204833984375,0,0.0,0.0
2018-05-16 00:00:00+09:00,1885.6204833984375,1885.6204833984375,1885.6204833984375,1885.6204833984375,0,0.0,0.0
2018-05-17 00:00:00+09:00,1885.6204833984375,1885.6204833984375,1885.6204833984375,1885.6204833984375,0,0.0,0.0
2018-05-18 00:00:00+09:00,1885.6204833984375,1885.6204833984375,1885.6204833984375,1885.6204833984375,0,0.0,0.0
2018-05-21 00:00:00+09:00,1885.6204833984375,1885.6204833984375,1885.6204833984375,1885.6204833984375,0,0.0,0.0
2018-05-22 00:00:00+09:00,1925.2668504244195,1925.2668504244195,1900.125244140625,1900.125244140625,500,0.0,0.0
2018-05-23 00:00:00+09:00,1900.125244140625,1900.125244140625,1900.125244140625,1900.125244140625,0,0.0,0.0
2018-05-24 00:00:00+09:00,1900.125244140625,1900.125244140625,1900.125244140625,1900.125244140625,0,0.0,0.0
2018-05-25 00:00:00+09:00,1900.125244140625,1900.125244140625,1900.125244140625,1900.125244140625,0,0.0,0.0
2018-05-28 00:00:00+09:00,1929.1347328077268,1929.1347328077268,1899.158203125,1899.158203125,200,0.0,0.0
2018-05-29 00:00:00+09:00,1899.158203125,1899.158203125,1899.158203125,1899.158203125,0,0.0,0.0
2018-05-30 00:00:00+09:00,1899.158203125,1899.158203125,1899.158203125,1899.158203125,0,0.0,0.0
2018-05-31 00:00:00+09:00,1899.158203125,1899.158203125,1899.158203125,1899.158203125,0,0.0,0.0
2018-06-01 00:00:00+09:00,1899.158203125,1899.158203125,1899.158203125,1899.158203125,0,0.0,0.0
2018-06-04 00:00:00+09:00,1899.158203125,1899.158203125,1899.158203125,1899.158203125,0,0.0,0.0
2018-06-05 00:00:00+09:00,1899.158203125,1899.158203125,1899.158203125,1899.158203125,0,0.0,0.0
2018-06-06 00:00:00+09:00,1924.2996826171875,1924.2996826171875,1924.2996826171875,1924.2996826171875,100,0.0,0.0
2018-06-07 00:00:00+09:00,1924.2996826171875,1924.2996826171875,1924.2996826171875,1924.2996826171875,0,0.0,0.0
2018-06-08 00:00:00+09:00,1924.2996826171875,1924.2996826171875,1924.2996826171875,1924.2996826171875,0,0.0,0.0
2018-06-11 00:00:00+09:00,1903.0262109375,1903.0262109375,1885.6204833984375,1885.6204833984375,500,0.0,0.0
2018-06-12 00:00:00+09:00,1885.6204931740888,1885.6204931740888,1883.6865234375,1883.6865234375,200,0.0,0.0
2018-06-13 00:00:00+09:00,1883.6865234375,1883.6865234375,1883.6865234375,1883.6865234375,0,0.0,0.0
2018-06-14 00:00:00+09:00,1883.6865234375,1883.6865234375,1883.6865234375,1883.6865234375,0,0.0,0.0
2018-06-15 00:00:00+09:00,1883.6865234375,1883.6865234375,1883.6865234375,1883.6865234375,0,0.0,0.0
2018-06-18 00:00:00+09:00,1883.6865234375,1883.6865234375,1883.6865234375,1883.6865234375,0,0.0,0.0
2018-06-19 00:00:00+09:00,1883.6865234375,1883.6865234375,1883.6865234375,1883.6865234375,0,0.0,0.0
2018-06-20 00:00:00+09:00,1884.6535083057945,1884.6535083057945,1883.6865234375,1883.6865234375,300,0.0,0.0
2018-06-21 00:00:00+09:00,1883.6865234375,1883.6865234375,1883.6865234375,1883.6865234375,0,0.0,0.0
2018-06-22 00:00:00+09:00,1881.7523193359375,1881.7523193359375,1881.7523193359375,1881.7523193359375,400,0.0,0.0
2018-06-25 00:00:00+09:00,1881.7523193359375,1881.7523193359375,1881.7523193359375,1881.7523193359375,0,0.0,0.0
2018-06-26 00:00:00+09:00,1881.7523193359375,1881.7523193359375,1881.7523193359375,1881.7523193359375,0,0.0,0.0
2018-06-27 00:00:00+09:00,1881.7523193359375,1881.7523193359375,1881.7523193359375,1881.7523193359375,0,0.0,0.0
2018-06-28 00:00:00+09:00,1881.7523193359375,1881.7523193359375,1881.7523193359375,1881.7523193359375,0,0.0,0.0
2018-06-29 00:00:00+09:00,1922.365741852791,1923.332726632395,1918.497802734375,1918.497802734375,800,0.0,0.0
2018-07-02 00:00:00+09:00,1929.1346353100191,1929.1346353100191,1918.497802734375,1918.497802734375,500,0.0,0.0
2018-07-03 00:00:00+09:00,1918.497802734375,1918.497802734375,1918.497802734375,1918.497802734375,0,0.0,0.0
2018-07-04 00:00:00+09:00,1918.497802734375,1918.497802734375,1918.497802734375,1918.497802734375,0,0.0,0.0
2018-07-05 00:00:00+09:00,1918.497802734375,1918.497802734375,1918.497802734375,1918.497802734375,0,0.0,0.0
2018-07-06 00:00:00+09:00,1918.497802734375,1918.497802734375,1918.497802734375,1918.497802734375,0,0.0,0.0
2018-07-09 00:00:00+09:00,1895.2903608285797,1928.1678466796875,1895.2903608285797,1928.1678466796875,400,0.0,0.0
2018-07-10 00:00:00+09:00,1928.1678466796875,1928.1678466796875,1928.1678466796875,1928.1678466796875,0,0.0,0.0
2018-07-11 00:00:00+09:00,1928.1678466796875,1928.1678466796875,1928.1678466796875,1928.1678466796875,0,0.0,0.0
2018-07-12 00:00:00+09:00,1928.1678466796875,1928.1678466796875,1928.1678466796875,1928.1678466796875,0,0.0,0.0
2018-07-13 00:00:00+09:00,1928.1678466796875,1928.1678466796875,1928.1678466796875,1928.1678466796875,0,0.0,0.0
2018-07-16 00:00:00+09:00,1928.1678466796875,1928.1678466796875,1928.1678466796875,1928.1678466796875,0,0.0,0.0
2018-07-17 00:00:00+09:00,1928.1678466796875,1928.1678466796875,1928.1678466796875,1928.1678466796875,0,0.0,0.0
2018-07-18 00:00:00+09:00,1928.1678466796875,1928.1678466796875,1928.1678466796875,1928.1678466796875,0,0.0,0.0
2018-07-19 00:00:00+09:00,1928.1678466796875,1928.1678466796875,1928.1678466796875,1928.1678466796875,0,0.0,0.0
2018-07-20 00:00:00+09:00,1928.1678466796875,1928.1678466796875,1928.1678466796875,1928.1678466796875,0,0.0,0.0
2018-07-23 00:00:00+09:00,1928.1678466796875,1928.1678466796875,1928.1678466796875,1928.1678466796875,0,0.0,0.0
2018-07-24 00:00:00+09:00,1933.002497680664,1935.9034519042968,1933.002497680664,1933.969482421875,400,0.0,0.0
2018-07-25 00:00:00+09:00,1933.969482421875,1933.969482421875,1933.969482421875,1933.969482421875,0,0.0,0.0
2018-07-26 00:00:00+09:00,1933.969482421875,1933.969482421875,1933.969482421875,1933.969482421875,0,0.0,0.0
2018-07-27 00:00:00+09:00,1933.969482421875,1933.969482421875,1933.969482421875,1933.969482421875,0,0.0,0.0
2018-07-30 00:00:00+09:00,1933.969482421875,1933.969482421875,1933.969482421875,1933.969482421875,0,0.0,0.0
2018-07-31 00:00:00+09:00,1933.969482421875,1933.969482421875,1933.969482421875,1933.969482421875,0,0.0,0.0
2018-08-01 00:00:00+09:00,1933.969482421875,1933.969482421875,1933.969482421875,1933.969482421875,0,0.0,0.0
2018-08-02 00:00:00+09:00,1933.969482421875,1933.969482421875,1933.969482421875,1933.969482421875,0,0.0,0.0
2018-08-03 00:00:00+09:00,1933.969482421875,1933.969482421875,1933.969482421875,1933.969482421875,0,0.0,0.0
2018-08-06 00:00:00+09:00,1933.969482421875,1933.969482421875,1933.969482421875,1933.969482421875,0,0.0,0.0
2018-08-07 00:00:00+09:00,1933.969482421875,1933.969482421875,1933.969482421875,1933.969482421875,0,0.0,0.0
2018-08-08 00:00:00+09:00,1933.969482421875,1933.969482421875,1933.969482421875,1933.969482421875,0,0.0,0.0
2018-08-09 00:00:00+09:00,1933.969482421875,1933.969482421875,1933.969482421875,1933.969482421875,0,0.0,0.0
2018-08-10 00:00:00+09:00,1933.969482421875,1933.969482421875,1933.969482421875,1933.969482421875,0,0.0,0.0
2018-08-13 00:00:00+09:00,1933.969482421875,1933.969482421875,1933.969482421875,1933.969482421875,0,0.0,0.0
2018-08-14 00:00:00+09:00,1933.969482421875,1933.969482421875,1933.969482421875,1933.969482421875,0,0.0,0.0
2018-08-15 00:00:00+09:00,1933.969482421875,1933.969482421875,1933.969482421875,1933.969482421875,0,0.0,0.0
2018-08-16 00:00:00+09:00,1902.059326171875,1902.059326171875,1902.059326171875,1902.059326171875,100,0.0,0.0
2018-08-17 00:00:00+09:00,1902.059326171875,1902.059326171875,1902.059326171875,1902.059326171875,0,0.0,0.0
2018-08-20 00:00:00+09:00,1902.059326171875,1902.059326171875,1902.059326171875,1902.059326171875,0,0.0,0.0
2018-08-21 00:00:00+09:00,1902.059326171875,1902.059326171875,1902.059326171875,1902.059326171875,0,0.0,0.0
2018-08-22 00:00:00+09:00,1902.059326171875,1902.059326171875,1902.059326171875,1902.059326171875,0,0.0,0.0
2018-08-23 00:00:00+09:00,1902.059326171875,1902.059326171875,1902.059326171875,1902.059326171875,0,0.0,0.0
2018-08-24 00:00:00+09:00,1911.7288818359375,1911.7288818359375,1911.7288818359375,1911.7288818359375,400,0.0,0.0
2018-08-27 00:00:00+09:00,1923.3329177159344,1923.3329177159344,1904.960205078125,1904.960205078125,600,0.0,0.0
2018-08-28 00:00:00+09:00,1904.960205078125,1904.960205078125,1904.960205078125,1904.960205078125,0,0.0,0.0
2018-08-29 00:00:00+09:00,1904.960205078125,1904.960205078125,1904.960205078125,1904.960205078125,0,0.0,0.0
2018-08-30 00:00:00+09:00,1906.8941650390625,1906.8941650390625,1906.8941650390625,1906.8941650390625,200,0.0,0.0
2018-08-31 00:00:00+09:00,1906.8941650390625,1906.8941650390625,1906.8941650390625,1906.8941650390625,0,0.0,0.0
2018-09-03 00:00:00+09:00,1922.3658565438102,1922.3658565438102,1907.861083984375,1907.861083984375,200,0.0,0.0
2018-09-04 00:00:00+09:00,1915.5970068653962,1923.3328857421875,1915.5970068653962,1923.3328857421875,300,0.0,0.0
2018-09-05 00:00:00+09:00,1923.3328857421875,1923.3328857421875,1923.3328857421875,1923.3328857421875,0,0.0,0.0
2018-09-06 00:00:00+09:00,1923.3328857421875,1923.3328857421875,1923.3328857421875,1923.3328857421875,0,0.0,0.0
2018-09-07 00:00:00+09:00,1923.3328857421875,1923.3328857421875,1923.3328857421875,1923.3328857421875,0,0.0,0.0
2018-09-10 00:00:00+09:00,1943.639404296875,1943.639404296875,1943.639404296875,1943.639404296875,200,0.0,0.0
2018-09-11 00:00:00+09:00,1906.8941012635523,1906.8941012635523,1895.290283203125,1895.290283203125,500,0.0,0.0
2018-09-12 00:00:00+09:00,1885.6204833984375,1885.6204833984375,1885.6204833984375,1885.6204833984375,100,0.0,0.0
2018-09-13 00:00:00+09:00,1885.6204833984375,1885.6204833984375,1885.6204833984375,1885.6204833984375,0,0.0,0.0
2018-09-14 00:00:00+09:00,1885.6204833984375,1885.6204833984375,1885.6204833984375,1885.6204833984375,0,0.0,0.0
2018-09-17 00:00:00+09:00,1885.6204833984375,1885.6204833984375,1885.6204833984375,1885.6204833984375,0,0.0,0.0
2018-09-18 00:00:00+09:00,1885.6204833984375,1885.6204833984375,1885.6204833984375,1885.6204833984375,0,0.0,0.0
2018-09-19 00:00:00+09:00,1885.6204833984375,1885.6204833984375,1885.6204833984375,1885.6204833984375,0,0.0,0.0
2018-09-20 00:00:00+09:00,1885.6204833984375,1885.6204833984375,1885.6204833984375,1885.6204833984375,0,0.0,0.0
2018-09-21 00:00:00+09:00,1924.2997403815011,1924.2997403815011,1902.0590901157852,1912.6959228515625,700,0.0,0.0
2018-09-24 00:00:00+09:00,1912.6959228515625,1912.6959228515625,1912.6959228515625,1912.6959228515625,0,0.0,0.0
2018-09-25 00:00:00+09:00,1912.6959228515625,1912.6959228515625,1912.6959228515625,1912.6959228515625,0,0.0,0.0
2018-09-26 00:00:00+09:00,1895.290066189236,1914.6297607421875,1885.6202189127605,1914.6297607421875,500,0.0,0.0
2018-09-27 00:00:00+09:00,1914.6297607421875,1914.6297607421875,1914.6297607421875,1914.6297607421875,0,0.0,0.0
2018-09-28 00:00:00+09:00,1914.6297607421875,1914.6297607421875,1914.6297607421875,1914.6297607421875,0,0.0,0.0
2018-10-01 00:00:00+09:00,1914.6297607421875,1914.6297607421875,1914.6297607421875,1914.6297607421875,0,0.0,0.0
2018-10-02 00:00:00+09:00,1914.6297607421875,1914.6297607421875,1914.6297607421875,1914.6297607421875,0,0.0,0.0
2018-10-03 00:00:00+09:00,1914.6297607421875,1914.6297607421875,1914.6297607421875,1914.6297607421875,0,0.0,0.0
2018-10-04 00:00:00+09:00,1914.6297607421875,1914.6297607421875,1914.6297607421875,1914.6297607421875,0,0.0,0.0
2018-10-05 00:00:00+09:00,1914.6297607421875,1914.6297607421875,1914.6297607421875,1914.6297607421875,0,0.0,0.0
2018-10-08 00:00:00+09:00,1914.6297607421875,1914.6297607421875,1914.6297607421875,1914.6297607421875,0,0.0,0.0
2018-10-09 00:00:00+09:00,1914.6297607421875,1914.6297607421875,1914.6297607421875,1914.6297607421875,0,0.0,0.0
2018-10-10 00:00:00+09:00,1901.092041015625,1901.092041015625,1901.092041015625,1901.092041015625,100,0.0,0.0
2018-10-11 00:00:00+09:00,1901.092041015625,1901.092041015625,1901.092041015625,1901.092041015625,0,0.0,0.0
2018-10-12 00:00:00+09:00,1901.092041015625,1901.092041015625,1901.092041015625,1901.092041015625,0,0.0,0.0
2018-10-15 00:00:00+09:00,1901.092041015625,1901.092041015625,1901.092041015625,1901.092041015625,0,0.0,0.0
2018-10-16 00:00:00+09:00,1901.092041015625,1901.092041015625,1901.092041015625,1901.092041015625,0,0.0,0.0
2018-10-17 00:00:00+09:00,1901.092041015625,1901.092041015625,1901.092041015625,1901.092041015625,0,0.0,0.0
2018-10-18 00:00:00+09:00,1901.092041015625,1901.092041015625,1901.092041015625,1901.092041015625,0,0.0,0.0
2018-10-19 00:00:00+09:00,1909.7950245769052,1913.6629638671875,1909.7950245769052,1913.6629638671875,600,0.0,0.0
2018-10-22 00:00:00+09:00,1913.6629638671875,1913.6629638671875,1913.6629638671875,1913.6629638671875,0,0.0,0.0
2018-10-23 00:00:00+09:00,1913.6629638671875,1913.6629638671875,1913.6629638671875,1913.6629638671875,0,0.0,0.0
2018-10-24 00:00:00+09:00,1903.0262451171875,1903.0262451171875,1903.0262451171875,1903.0262451171875,100,0.0,0.0
2018-10-25 00:00:00+09:00,1922.365942730167,1922.365942730167,1903.0262451171875,1903.0262451171875,500,0.0,0.0
2018-10-26 00:00:00+09:00,1903.0262451171875,1903.0262451171875,1903.0262451171875,1903.0262451171875,0,0.0,0.0
2018-10-29 00:00:00+09:00,1903.0262451171875,1903.0262451171875,1903.0262451171875,1903.0262451171875,0,0.0,0.0
2018-10-30 00:00:00+09:00,1903.0262451171875,1903.0262451171875,1903.0262451171875,1903.0262451171875,0,0.0,0.0
2018-10-31 00:00:00+09:00,1903.0262451171875,1903.0262451171875,1903.0262451171875,1903.0262451171875,0,0.0,0.0
2018-11-01 00:00:00+09:00,1903.0262451171875,1903.0262451171875,1903.0262451171875,1903.0262451171875,0,0.0,0.0
2018-11-02 00:00:00+09:00,1903.0262451171875,1903.0262451171875,1903.0262451171875,1903.0262451171875,0,0.0,0.0
2018-11-05 00:00:00+09:00,1903.0262451171875,1903.0262451171875,1903.0262451171875,1903.0262451171875,0,0.0,0.0
2018-11-06 00:00:00+09:00,1903.0262451171875,1903.0262451171875,1903.0262451171875,1903.0262451171875,0,0.0,0.0
2018-11-07 00:00:00+09:00,1903.0262451171875,1903.0262451171875,1903.0262451171875,1903.0262451171875,0,0.0,0.0
2018-11-08 00:00:00+09:00,1864.3468017578125,1865.313786613496,1864.3468017578125,1864.3468017578125,300,0.0,0.0
2018-11-09 00:00:00+09:00,1864.346755275974,1864.346755275974,1861.44580078125,1861.44580078125,400,0.0,0.0
2018-11-12 00:00:00+09:00,1861.44580078125,1861.44580078125,1861.44580078125,1861.44580078125,0,0.0,0.0
2018-11-13 00:00:00+09:00,1861.44580078125,1861.44580078125,1861.44580078125,1861.44580078125,0,0.0,0.0
2018-11-14 00:00:00+09:00,1862.412841796875,1862.412841796875,1862.412841796875,1862.412841796875,100,0.0,0.0
2018-11-15 00:00:00+09:00,1880.785400390625,1880.785400390625,1880.785400390625,1880.785400390625,300,0.0,0.0
2018-11-16 00:00:00+09:00,1880.785400390625,1880.785400390625,1880.785400390625,1880.785400390625,0,0.0,0.0
2018-11-19 00:00:00+09:00,1880.785400390625,1880.785400390625,1880.785400390625,1880.785400390625,0,0.0,0.0
2018-11-20 00:00:00+09:00,1880.785400390625,1880.785400390625,1880.785400390625,1880.785400390625,0,0.0,0.0
2018-11-21 00:00:00+09:00,1924.2998283541933,1924.2998283541933,1895.290283203125,1895.290283203125,700,0.0,0.0
2018-11-22 00:00:00+09:00,1895.290283203125,1895.290283203125,1895.290283203125,1895.290283203125,0,0.0,0.0
2018-11-23 00:00:00+09:00,1895.290283203125,1895.290283203125,1895.290283203125,1895.290283203125,0,0.0,0.0
2018-11-26 00:00:00+09:00,1904.960205078125,1904.960205078125,1904.960205078125,1904.960205078125,100,0.0,0.0
2018-11-27 00:00:00+09:00,1922.3658447265625,1922.3658447265625,1922.3658447265625,1922.3658447265625,100,0.0,0.0
2018-11-28 00:00:00+09:00,1923.3328295579138,1923.3328295579138,1922.3658447265625,1922.3658447265625,400,0.0,0.0
2018-11-29 00:00:00+09:00,1922.3658447265625,1922.3658447265625,1922.3658447265625,1922.3658447265625,0,0.0,0.0
2018-11-30 00:00:00+09:00,1924.2996826171875,1924.2996826171875,1924.2996826171875,1924.2996826171875,400,0.0,0.0
2018-12-03 00:00:00+09:00,1907.861083984375,1907.861083984375,1907.861083984375,1907.861083984375,500,0.0,0.0
2018-12-04 00:00:00+09:00,1923.3326978520533,1924.2996826171875,1923.3326978520533,1924.2996826171875,400,0.0,0.0
2018-12-05 00:00:00+09:00,1924.2996826171875,1924.2996826171875,1924.2996826171875,1924.2996826171875,0,0.0,0.0
2018-12-06 00:00:00+09:00,1930.1016214603947,1930.1016214603947,1905.927001953125,1905.927001953125,200,0.0,0.0
2018-12-07 00:00:00+09:00,1905.927001953125,1905.927001953125,1905.927001953125,1905.927001953125,0,0.0,0.0
2018-12-10 00:00:00+09:00,1905.927001953125,1905.927001953125,1905.927001953125,1905.927001953125,0,0.0,0.0
2018-12-11 00:00:00+09:00,1912.6958940567508,1918.497802734375,1912.6958940567508,1918.497802734375,300,0.0,0.0
2018-12-12 00:00:00+09:00,1918.497802734375,1918.497802734375,1918.497802734375,1918.497802734375,0,0.0,0.0
2018-12-13 00:00:00+09:00,1933.969482421875,1933.969482421875,1933.969482421875,1933.969482421875,400,0.0,0.0
2018-12-14 00:00:00+09:00,1933.969482421875,1933.969482421875,1933.969482421875,1933.969482421875,0,0.0,0.0
2018-12-17 00:00:00+09:00,1929.1346435546875,1929.1346435546875,1929.1346435546875,1929.1346435546875,300,0.0,0.0
2018-12-18 00:00:00+09:00,1924.2996826171875,1924.2996826171875,1924.2996826171875,1924.2996826171875,100,0.0,0.0
2018-12-19 00:00:00+09:00,1926.233642578125,1926.233642578125,1926.233642578125,1926.233642578125,200,0.0,0.0
2018-12-20 00:00:00+09:00,1926.233642578125,1926.233642578125,1926.233642578125,1926.233642578125,0,0.0,0.0
2018-12-21 00:00:00+09:00,1920.4319630889117,1920.4319630889117,1904.960205078125,1904.960205078125,600,0.0,0.0
2018-12-24 00:00:00+09:00,1904.960205078125,1904.960205078125,1904.960205078125,1904.960205078125,0,0.0,0.0
2018-12-25 00:00:00+09:00,1904.960205078125,1904.960205078125,1904.960205078125,1904.960205078125,0,0.0,0.0
2018-12-26 00:00:00+09:00,1824.7004370117188,1924.2998779296875,1824.7004370117188,1885.6204833984375,1100,0.0,0.0
2018-12-27 00:00:00+09:00,1895.2900734382747,1950.408203125,1895.2900734382747,1950.408203125,600,0.0,0.0
2018-12-28 00:00:00+09:00,1950.408203125,1950.408203125,1950.408203125,1950.408203125,0,0.0,0.0
2018-12-31 00:00:00+09:00,1950.408203125,1950.408203125,1950.408203125,1950.408203125,0,0.0,0.0
2019-01-04 00:00:00+09:00,1934.9365115854293,1962.0120849609375,1934.9365115854293,1962.0120849609375,200,0.0,0.0
2019-01-07 00:00:00+09:00,2010.361413291703,2010.361413291703,2005.5264892578125,2005.5264892578125,300,0.0,0.0
2019-01-08 00:00:00+09:00,1957.1773106864546,1957.1773106864546,1906.8940991470793,1907.861083984375,1600,0.0,0.0
2019-01-09 00:00:00+09:00,1907.861083984375,1907.861083984375,1907.861083984375,1907.861083984375,0,0.0,0.0
2019-01-10 00:00:00+09:00,1929.1345682230083,1932.0355224609375,1929.1345682230083,1932.0355224609375,500,0.0,0.0
2019-01-11 00:00:00+09:00,1905.9269720796365,1924.2996826171875,1905.9269720796365,1924.2996826171875,300,0.0,0.0
2019-01-15 00:00:00+09:00,1919.4649683582854,1919.4649683582854,1906.8941650390625,1906.8941650390625,200,0.0,0.0
2019-01-16 00:00:00+09:00,1940.7386454780694,1940.7386454780694,1904.960205078125,1904.960205078125,1100,0.0,0.0
2019-01-17 00:00:00+09:00,1904.960205078125,1904.960205078125,1904.960205078125,1904.960205078125,0,0.0,0.0
2019-01-18 00:00:00+09:00,1904.960205078125,1904.960205078125,1904.960205078125,1904.960205078125,0,0.0,0.0
2019-01-21 00:00:00+09:00,1913.6630591340286,1923.3329078411234,1905.927180168353,1906.8941650390625,400,0.0,0.0
2019-01-22 00:00:00+09:00,1912.6960081708535,1912.6960081708535,1907.861083984375,1907.861083984375,200,0.0,0.0
2019-01-23 00:00:00+09:00,1924.299894857905,1991.0218510112695,1924.299894857905,1942.672607421875,1200,0.0,0.0
2019-01-24 00:00:00+09:00,1933.9695688934787,1933.9695688934787,1916.5638427734375,1916.5638427734375,500,0.0,0.0
2019-01-25 00:00:00+09:00,1916.5638427734375,1916.5638427734375,1916.5638427734375,1916.5638427734375,0,0.0,0.0
2019-01-28 00:00:00+09:00,1916.5638427734375,1916.5638427734375,1916.5638427734375,1916.5638427734375,900,0.0,0.0
2019-01-29 00:00:00+09:00,1916.5638427734375,1916.5638427734375,1916.5638427734375,1916.5638427734375,0,0.0,0.0
2019-01-30 00:00:00+09:00,1916.5640235862152,1916.5640235862152,1904.960205078125,1904.960205078125,600,0.0,0.0
2019-01-31 00:00:00+09:00,1904.960205078125,1904.960205078125,1904.960205078125,1904.960205078125,0,0.0,0.0
2019-02-01 00:00:00+09:00,1980.385009765625,1980.385009765625,1980.385009765625,1980.385009765625,600,0.0,0.0
2019-02-04 00:00:00+09:00,1980.385009765625,1980.385009765625,1980.385009765625,1980.385009765625,0,0.0,0.0
2019-02-05 00:00:00+09:00,1980.385009765625,1980.385009765625,1980.385009765625,1980.385009765625,0,0.0,0.0
2019-02-06 00:00:00+09:00,1971.68212890625,1971.68212890625,1971.68212890625,1971.68212890625,200,0.0,0.0
2019-02-07 00:00:00+09:00,1938.804376912979,1952.3421630859375,1938.804376912979,1952.3421630859375,200,0.0,0.0
2019-02-08 00:00:00+09:00,1952.3421630859375,1952.3421630859375,1952.3421630859375,1952.3421630859375,0,0.0,0.0
2019-02-12 00:00:00+09:00,1952.3421630859375,1952.3421630859375,1952.3421630859375,1952.3421630859375,0,0.0,0.0
2019-02-13 00:00:00+09:00,1967.814255284842,1970.7152099609375,1967.814255284842,1970.7152099609375,300,0.0,0.0
2019-02-14 00:00:00+09:00,1970.7152099609375,1970.7152099609375,1970.7152099609375,1970.7152099609375,0,0.0,0.0
2019-02-15 00:00:00+09:00,1970.7152099609375,1970.7152099609375,1970.7152099609375,1970.7152099609375,0,0.0,0.0
2019-02-18 00:00:00+09:00,1970.714935037364,2001.658447265625,1970.714935037364,2001.658447265625,700,0.0,0.0
2019-02-19 00:00:00+09:00,2001.658447265625,2001.658447265625,2001.658447265625,2001.658447265625,0,0.0,0.0
2019-02-20 00:00:00+09:00,1977.4840087890625,1977.4840087890625,1977.4840087890625,1977.4840087890625,200,0.0,0.0
2019-02-21 00:00:00+09:00,1977.4840087890625,1977.4840087890625,1977.4840087890625,1977.4840087890625,0,0.0,0.0
2019-02-22 00:00:00+09:00,1977.4840087890625,1977.4840087890625,1977.4840087890625,1977.4840087890625,0,0.0,0.0
2019-02-25 00:00:00+09:00,2030.66796875,2068.3803738839288,2030.66796875,2030.66796875,700,0.0,0.0
2019-02-26 00:00:00+09:00,2030.66796875,2030.66796875,2030.66796875,2030.66796875,0,0.0,0.0
2019-02-27 00:00:00+09:00,2040.3379816760362,2058.710693359375,1993.9227100549701,2058.710693359375,800,0.0,0.0
2019-02-28 00:00:00+09:00,2058.710547936481,2058.710547936481,2001.658447265625,2001.658447265625,500,0.0,0.0
2019-03-01 00:00:00+09:00,2001.658447265625,2001.658447265625,2001.658447265625,2001.658447265625,0,0.0,0.0
2019-03-04 00:00:00+09:00,2030.66796875,2030.66796875,2030.66796875,2030.66796875,100,0.0,0.0
2019-03-05 00:00:00+09:00,1994.8895331101191,2030.66796875,1994.8895331101191,2030.66796875,300,0.0,0.0
2019-03-06 00:00:00+09:00,2030.66796875,2030.66796875,2030.66796875,2030.66796875,0,0.0,0.0
2019-03-07 00:00:00+09:00,2049.040892787692,2049.040892787692,2000.691650390625,2000.691650390625,200,0.0,0.0
2019-03-08 00:00:00+09:00,2000.691650390625,2000.691650390625,2000.691650390625,2000.691650390625,0,0.0,0.0
2019-03-11 00:00:00+09:00,2000.691650390625,2000.691650390625,2000.691650390625,2000.691650390625,0,0.0,0.0
2019-03-12 00:00:00+09:00,2019.0641249436599,2019.0641249436599,2011.3282470703125,2011.3282470703125,200,0.0,0.0
2019-03-13 00:00:00+09:00,2011.3282470703125,2011.3282470703125,2011.3282470703125,2011.3282470703125,0,0.0,0.0
2019-03-14 00:00:00+09:00,1993.9225978407749,1995.8565673828125,1993.9225978407749,1995.8565673828125,200,0.0,0.0
2019-03-15 00:00:00+09:00,1995.8565673828125,1995.8565673828125,1995.8565673828125,1995.8565673828125,0,0.0,0.0
2019-03-18 00:00:00+09:00,1995.8565673828125,1995.8565673828125,1995.8565673828125,1995.8565673828125,0,0.0,0.0
2019-03-19 00:00:00+09:00,2030.6682299075392,2040.3380786213847,2002.6256686373874,2039.37109375,500,0.0,0.0
2019-03-20 00:00:00+09:00,2043.2389518767025,2045.1729215424637,2019.0643310546875,2019.0643310546875,500,0.0,0.0
2019-03-22 00:00:00+09:00,2019.0641875442634,2048.07373046875,2019.0641875442634,2048.07373046875,300,0.0,0.0
2019-03-25 00:00:00+09:00,2079.984401058653,2093.522188885162,2038.404052734375,2038.404052734375,1700,0.0,0.0
2019-03-26 00:00:00+09:00,2038.404052734375,2038.404052734375,2038.404052734375,2038.404052734375,0,0.0,0.0
2019-03-27 00:00:00+09:00,1958.733154296875,1958.733154296875,1958.733154296875,1958.733154296875,100,10.0,0.0
2019-03-28 00:00:00+09:00,1958.733154296875,1958.733154296875,1958.733154296875,1958.733154296875,0,0.0,0.0
2019-03-29 00:00:00+09:00,1910.1534423828125,1910.1534423828125,1910.1534423828125,1910.1534423828125,100,0.0,0.0
2019-04-01 00:00:00+09:00,1914.0398807612728,1943.187696204338,1914.0398807612728,1915.011474609375,500,0.0,0.0
2019-04-02 00:00:00+09:00,1912.0967885257635,1912.0967885257635,1905.295631249503,1909.1820068359375,400,0.0,0.0
2019-04-03 00:00:00+09:00,1912.096695250249,1950.96044921875,1912.096695250249,1950.96044921875,400,0.0,0.0
2019-04-04 00:00:00+09:00,1950.96044921875,1950.96044921875,1950.96044921875,1950.96044921875,0,0.0,0.0
2019-04-05 00:00:00+09:00,1950.96044921875,1950.96044921875,1950.96044921875,1950.96044921875,0,0.0,0.0
2019-04-08 00:00:00+09:00,2033.5460667598734,2033.5460667598734,1983.0231831136653,2025.7733154296875,800,0.0,0.0
2019-04-09 00:00:00+09:00,1939.30126953125,1939.30126953125,1939.30126953125,1939.30126953125,100,0.0,0.0
2019-04-10 00:00:00+09:00,1939.30126953125,1939.30126953125,1939.30126953125,1939.30126953125,100,0.0,0.0
2019-04-11 00:00:00+09:00,1943.187678250061,1990.7957763671875,1943.187678250061,1990.7957763671875,200,0.0,0.0
2019-04-12 00:00:00+09:00,1980.1083984375,1980.1083984375,1980.1083984375,1980.1083984375,100,0.0,0.0
2019-04-15 00:00:00+09:00,1938.3298438703512,1938.3298438703512,1931.5286865234375,1931.5286865234375,200,0.0,0.0
2019-04-16 00:00:00+09:00,1931.5286865234375,1931.5286865234375,1931.5286865234375,1931.5286865234375,0,0.0,0.0
2019-04-17 00:00:00+09:00,1909.1820068359375,1910.1536007325462,1909.1820068359375,1909.1820068359375,800,0.0,0.0
2019-04-18 00:00:00+09:00,1909.1820068359375,1909.1820068359375,1909.1820068359375,1909.1820068359375,0,0.0,0.0
2019-04-19 00:00:00+09:00,1909.1820068359375,1909.1820068359375,1909.1820068359375,1909.1820068359375,0,0.0,0.0
2019-04-22 00:00:00+09:00,1940.27294921875,1940.27294921875,1940.27294921875,1940.27294921875,100,0.0,0.0
2019-04-23 00:00:00+09:00,1940.27294921875,1940.27294921875,1940.27294921875,1940.27294921875,0,0.0,0.0
2019-04-24 00:00:00+09:00,1940.2729224871296,1940.2729224871296,1934.443359375,1934.443359375,300,0.0,0.0
2019-04-25 00:00:00+09:00,1934.443359375,1934.443359375,1934.443359375,1934.443359375,400,0.0,0.0
2019-04-26 00:00:00+09:00,1940.2729129886723,1941.2445068359375,1940.2729129886723,1941.2445068359375,400,0.0,0.0
2019-05-07 00:00:00+09:00,1948.0457400990388,1949.017333984375,1948.0457400990388,1949.017333984375,500,0.0,0.0
2019-05-08 00:00:00+09:00,1949.017333984375,1949.017333984375,1949.017333984375,1949.017333984375,0,0.0,0.0
2019-05-09 00:00:00+09:00,1949.017492401808,1949.017492401808,1948.0458984375,1948.0458984375,200,0.0,0.0
2019-05-10 00:00:00+09:00,1948.0458984375,1948.0458984375,1948.0458984375,1948.0458984375,0,0.0,0.0
2019-05-13 00:00:00+09:00,1948.0458984375,1948.0458984375,1948.0458984375,1948.0458984375,0,0.0,0.0
2019-05-14 00:00:00+09:00,1948.04571840317,1988.8526611328125,1947.0741245286547,1988.8526611328125,400,0.0,0.0
2019-05-15 00:00:00+09:00,1940.27294921875,1940.27294921875,1940.27294921875,1940.27294921875,100,0.0,0.0
2019-05-16 00:00:00+09:00,1979.1367200448635,2015.085693359375,1979.1367200448635,2015.085693359375,500,0.0,0.0
2019-05-17 00:00:00+09:00,1943.1877635636959,1967.477610608242,1928.613855336968,1929.58544921875,2500,0.0,0.0
2019-05-20 00:00:00+09:00,1940.2731412104456,1961.6482083644914,1928.614013671875,1928.614013671875,600,0.0,0.0
2019-05-21 00:00:00+09:00,1949.9888553695375,1950.96044921875,1949.9888553695375,1950.96044921875,200,0.0,0.0
2019-05-22 00:00:00+09:00,1929.58544921875,1929.58544921875,1929.58544921875,1929.58544921875,100,0.0,0.0
2019-05-23 00:00:00+09:00,1945.1309814453125,1945.1309814453125,1945.1309814453125,1945.1309814453125,100,0.0,0.0
2019-05-24 00:00:00+09:00,1945.1309814453125,1945.1309814453125,1945.1309814453125,1945.1309814453125,100,0.0,0.0
2019-05-27 00:00:00+09:00,1945.1309282005732,1947.0741159410331,1933.4718017578125,1933.4718017578125,400,0.0,0.0
2019-05-28 00:00:00+09:00,1943.187744140625,1943.187744140625,1943.187744140625,1943.187744140625,100,0.0,0.0
2019-05-29 00:00:00+09:00,1929.5854225852272,1929.5854225852272,1923.755859375,1923.755859375,300,0.0,0.0
2019-05-30 00:00:00+09:00,1918.8978271484375,1918.8978271484375,1914.039857965783,1918.8978271484375,300,0.0,0.0
2019-05-31 00:00:00+09:00,1933.4718017578125,1933.4718017578125,1933.4718017578125,1933.4718017578125,200,0.0,0.0
2019-06-03 00:00:00+09:00,1933.4718017578125,1933.4718017578125,1933.4718017578125,1933.4718017578125,0,0.0,0.0
2019-06-04 00:00:00+09:00,1914.0400390625,1914.0400390625,1914.0400390625,1914.0400390625,400,0.0,0.0
2019-06-05 00:00:00+09:00,1914.039860754693,1914.039860754693,1846.028292098435,1866.4317626953125,1800,0.0,0.0
2019-06-06 00:00:00+09:00,1866.4317626953125,1866.4317626953125,1866.4317626953125,1866.4317626953125,0,0.0,0.0
2019-06-07 00:00:00+09:00,1892.6649169921875,1892.6649169921875,1892.6649169921875,1892.6649169921875,100,0.0,0.0
2019-06-10 00:00:00+09:00,1892.6649169921875,1892.6649169921875,1892.6649169921875,1892.6649169921875,400,0.0,0.0
2019-06-11 00:00:00+09:00,1901.4091300476541,1902.380723880075,1899.4659423828125,1899.4659423828125,300,0.0,0.0
2019-06-12 00:00:00+09:00,1894.6080322265625,1894.6080322265625,1894.6080322265625,1894.6080322265625,100,0.0,0.0
2019-06-13 00:00:00+09:00,1872.261507866527,1872.261507866527,1861.573974609375,1861.573974609375,600,0.0,0.0
2019-06-14 00:00:00+09:00,1860.6021728515625,1860.6021728515625,1858.6589852036757,1860.6021728515625,300,0.0,0.0
2019-06-17 00:00:00+09:00,1860.6021728515625,1860.6021728515625,1860.6021728515625,1860.6021728515625,0,0.0,0.0
2019-06-18 00:00:00+09:00,1860.6021728515625,1860.6021728515625,1860.6021728515625,1860.6021728515625,0,0.0,0.0
2019-06-19 00:00:00+09:00,1860.6021728515625,1860.6021728515625,1860.6021728515625,1860.6021728515625,0,0.0,0.0
2019-06-20 00:00:00+09:00,1860.6021728515625,1860.6021728515625,1860.6021728515625,1860.6021728515625,0,0.0,0.0
2019-06-21 00:00:00+09:00,1884.8920935997596,1894.6080322265625,1860.6022470327523,1894.6080322265625,400,0.0,0.0
2019-06-24 00:00:00+09:00,1914.0400390625,1914.0400390625,1914.0400390625,1914.0400390625,100,0.0,0.0
2019-06-25 00:00:00+09:00,1914.0400390625,1914.0400390625,1914.0400390625,1914.0400390625,300,0.0,0.0
2019-06-26 00:00:00+09:00,1875.176029795224,1884.8919677734375,1875.176029795224,1884.8919677734375,200,0.0,0.0
2019-06-27 00:00:00+09:00,1884.8919677734375,1884.8919677734375,1884.8919677734375,1884.8919677734375,0,0.0,0.0
2019-06-28 00:00:00+09:00,1884.8919677734375,1884.8919677734375,1884.8919677734375,1884.8919677734375,100,0.0,0.0
2019-07-01 00:00:00+09:00,1918.8978271484375,1918.8978271484375,1918.8978271484375,1918.8978271484375,300,0.0,0.0
2019-07-02 00:00:00+09:00,1918.8978271484375,1918.8978271484375,1918.8978271484375,1918.8978271484375,0,0.0,0.0
2019-07-03 00:00:00+09:00,1918.8978271484375,1918.8978271484375,1918.8978271484375,1918.8978271484375,0,0.0,0.0
2019-07-04 00:00:00+09:00,1895.5796260892428,1895.5796260892428,1894.6080322265625,1894.6080322265625,300,0.0,0.0
2019-07-05 00:00:00+09:00,1894.6080322265625,1894.6080322265625,1894.6080322265625,1894.6080322265625,0,0.0,0.0
2019-07-08 00:00:00+09:00,1895.5796260892428,1895.5796260892428,1894.6080322265625,1894.6080322265625,400,0.0,0.0
2019-07-09 00:00:00+09:00,1894.6080322265625,1894.6080322265625,1894.6080322265625,1894.6080322265625,0,0.0,0.0
2019-07-10 00:00:00+09:00,1889.75,1889.75,1889.75,1889.75,200,0.0,0.0
2019-07-11 00:00:00+09:00,1894.6080322265625,1894.6080322265625,1894.6080322265625,1894.6080322265625,100,0.0,0.0
2019-07-12 00:00:00+09:00,1917.92626953125,1917.92626953125,1917.92626953125,1917.92626953125,100,0.0,0.0
2019-07-16 00:00:00+09:00,1886.8353271484375,1886.8353271484375,1886.8353271484375,1886.8353271484375,200,0.0,0.0
2019-07-17 00:00:00+09:00,1886.8353271484375,1886.8353271484375,1886.8353271484375,1886.8353271484375,100,0.0,0.0
2019-07-18 00:00:00+09:00,1885.86376953125,1885.86376953125,1885.86376953125,1885.86376953125,100,0.0,0.0
2019-07-19 00:00:00+09:00,1885.86376953125,1885.86376953125,1885.86376953125,1885.86376953125,100,0.0,0.0
2019-07-22 00:00:00+09:00,1885.86376953125,1885.86376953125,1885.86376953125,1885.86376953125,0,0.0,0.0
2019-07-23 00:00:00+09:00,1916.9546313663882,1917.926225198809,1899.4659423828125,1899.4659423828125,400,0.0,0.0
2019-07-24 00:00:00+09:00,1889.7501908510471,1914.0400390625,1889.7501908510471,1914.0400390625,300,0.0,0.0
2019-07-25 00:00:00+09:00,1932.5001928710938,1932.5001928710938,1894.6080322265625,1894.6080322265625,1000,0.0,0.0
2019-07-26 00:00:00+09:00,1884.8919677734375,1884.8919677734375,1884.8919677734375,1884.8919677734375,100,0.0,0.0
2019-07-29 00:00:00+09:00,1884.8919677734375,1884.8919677734375,1884.8919677734375,1884.8919677734375,0,0.0,0.0
2019-07-30 00:00:00+09:00,1884.8919677734375,1884.8919677734375,1884.8919677734375,1884.8919677734375,0,0.0,0.0
2019-07-31 00:00:00+09:00,1922.7843017578125,1922.7843017578125,1922.7843017578125,1922.7843017578125,300,0.0,0.0
2019-08-01 00:00:00+09:00,1922.7843017578125,1922.7843017578125,1922.7843017578125,1922.7843017578125,0,0.0,0.0
2019-08-02 00:00:00+09:00,1922.7841258884705,1922.7841258884705,1884.8919677734375,1884.8919677734375,200,0.0,0.0
2019-08-05 00:00:00+09:00,1884.8919677734375,1884.8919677734375,1884.8919677734375,1884.8919677734375,0,0.0,0.0
2019-08-06 00:00:00+09:00,1881.005859375,1881.005859375,1881.005859375,1881.005859375,100,0.0,0.0
2019-08-07 00:00:00+09:00,1881.005859375,1881.005859375,1881.005859375,1881.005859375,0,0.0,0.0
2019-08-08 00:00:00+09:00,1881.005859375,1881.005859375,1881.005859375,1881.005859375,0,0.0,0.0
2019-08-09 00:00:00+09:00,1881.005859375,1881.005859375,1881.005859375,1881.005859375,0,0.0,0.0
2019-08-13 00:00:00+09:00,1880.0342654393726,1881.005859375,1880.0342654393726,1881.005859375,300,0.0,0.0
2019-08-14 00:00:00+09:00,1916.954833984375,1916.954833984375,1916.954833984375,1916.954833984375,100,0.0,0.0
2019-08-15 00:00:00+09:00,1878.0909423828125,1878.0909423828125,1878.0909423828125,1878.0909423828125,400,0.0,0.0
2019-08-16 00:00:00+09:00,1878.0910765797248,1916.954833984375,1878.0910765797248,1916.954833984375,600,0.0,0.0
2019-08-19 00:00:00+09:00,1916.954833984375,1916.954833984375,1916.954833984375,1916.954833984375,0,0.0,0.0
2019-08-20 00:00:00+09:00,1904.3240966796875,1904.3240966796875,1904.3240966796875,1904.3240966796875,100,0.0,0.0
2019-08-21 00:00:00+09:00,1904.3240966796875,1904.3240966796875,1904.3240966796875,1904.3240966796875,0,0.0,0.0
2019-08-22 00:00:00+09:00,1904.3240966796875,1904.3240966796875,1904.3240966796875,1904.3240966796875,100,0.0,0.0
2019-08-23 00:00:00+09:00,1893.6363753213368,1893.6363753213368,1889.75,1889.75,300,0.0,0.0
2019-08-26 00:00:00+09:00,1875.1759033203125,1875.1759033203125,1875.1759033203125,1875.1759033203125,400,0.0,0.0
2019-08-27 00:00:00+09:00,1875.1759033203125,1875.1759033203125,1875.1759033203125,1875.1759033203125,0,0.0,0.0
2019-08-28 00:00:00+09:00,1875.1759033203125,1875.1759033203125,1875.1759033203125,1875.1759033203125,0,0.0,0.0
2019-08-29 00:00:00+09:00,1875.1759033203125,1875.1759033203125,1875.1759033203125,1875.1759033203125,0,0.0,0.0
2019-08-30 00:00:00+09:00,1902.3809088259327,1904.3240966796875,1902.3809088259327,1904.3240966796875,400,0.0,0.0
2019-09-02 00:00:00+09:00,1904.3240966796875,1904.3240966796875,1904.3240966796875,1904.3240966796875,0,0.0,0.0
2019-09-03 00:00:00+09:00,1904.3240966796875,1904.3240966796875,1904.3240966796875,1904.3240966796875,0,0.0,0.0
2019-09-04 00:00:00+09:00,1904.3240966796875,1904.3240966796875,1904.3240966796875,1904.3240966796875,400,0.0,0.0
2019-09-05 00:00:00+09:00,1899.4659423828125,1899.4659423828125,1899.4659423828125,1899.4659423828125,200,0.0,0.0
2019-09-06 00:00:00+09:00,1899.4659423828125,1899.4659423828125,1899.4659423828125,1899.4659423828125,0,0.0,0.0
2019-09-09 00:00:00+09:00,1899.4659423828125,1899.4659423828125,1899.4659423828125,1899.4659423828125,0,0.0,0.0
2019-09-10 00:00:00+09:00,1899.465986288548,1917.92626953125,1899.465986288548,1917.92626953125,300,0.0,0.0
2019-09-11 00:00:00+09:00,1889.75,1889.75,1889.75,1889.75,100,0.0,0.0
2019-09-12 00:00:00+09:00,1889.75,1889.75,1889.75,1889.75,0,0.0,0.0
2019-09-13 00:00:00+09:00,1918.8978271484375,1918.8978271484375,1918.8978271484375,1918.8978271484375,100,0.0,0.0
2019-09-17 00:00:00+09:00,1918.8980815856437,1918.8980815856437,1912.096923828125,1912.096923828125,200,0.0,0.0
2019-09-18 00:00:00+09:00,1923.7560438641372,1928.614013671875,1923.7560438641372,1928.614013671875,200,0.0,0.0
2019-09-19 00:00:00+09:00,1928.614013671875,1928.614013671875,1928.614013671875,1928.614013671875,0,0.0,0.0
2019-09-20 00:00:00+09:00,1932.5002078875823,1933.4718017578125,1932.5002078875823,1933.4718017578125,200,0.0,0.0
2019-09-24 00:00:00+09:00,1938.329833984375,1938.329833984375,1938.329833984375,1938.329833984375,100,0.0,0.0
2019-09-25 00:00:00+09:00,1943.1879286159601,1948.0458984375,1943.1879286159601,1948.0458984375,400,0.0,0.0
2019-09-26 00:00:00+09:00,1948.0458984375,1948.0458984375,1948.0458984375,1948.0458984375,100,0.0,0.0
2019-09-27 00:00:00+09:00,1948.0458984375,1948.0458984375,1948.0458984375,1948.0458984375,0,0.0,0.0
2019-09-30 00:00:00+09:00,1948.0458984375,1948.0458984375,1948.0458984375,1948.0458984375,0,0.0,0.0
2019-10-01 00:00:00+09:00,1948.0458984375,1948.0458984375,1948.0458984375,1948.0458984375,0,0.0,0.0
2019-10-02 00:00:00+09:00,1948.0458984375,1948.0458984375,1948.0458984375,1948.0458984375,0,0.0,0.0
2019-10-03 00:00:00+09:00,1948.0458984375,1948.0458984375,1948.0458984375,1948.0458984375,0,0.0,0.0
2019-10-04 00:00:00+09:00,1948.0458984375,1948.0458984375,1948.0458984375,1948.0458984375,0,0.0,0.0
2019-10-07 00:00:00+09:00,1899.4659423828125,1899.4659423828125,1899.4659423828125,1899.4659423828125,100,0.0,0.0
2019-10-08 00:00:00+09:00,1899.4659423828125,1899.4659423828125,1899.4659423828125,1899.4659423828125,0,0.0,0.0
2019-10-09 00:00:00+09:00,1899.4659423828125,1899.4659423828125,1899.4659423828125,1899.4659423828125,0,0.0,0.0
2019-10-10 00:00:00+09:00,1938.329833984375,1938.329833984375,1938.329833984375,1938.329833984375,100,0.0,0.0
2019-10-11 00:00:00+09:00,1900.4376220703125,1900.4376220703125,1900.4376220703125,1900.4376220703125,100,0.0,0.0
2019-10-15 00:00:00+09:00,1939.30126953125,1939.30126953125,1939.30126953125,1939.30126953125,100,0.0,0.0
2019-10-16 00:00:00+09:00,1939.30126953125,1939.30126953125,1939.30126953125,1939.30126953125,0,0.0,0.0
2019-10-17 00:00:00+09:00,1942.2161865234375,1942.2161865234375,1942.2161865234375,1942.2161865234375,100,0.0,0.0
2019-10-18 00:00:00+09:00,1922.7842728271482,1943.187744140625,1922.7842728271482,1943.187744140625,200,0.0,0.0
2019-10-21 00:00:00+09:00,1932.500244140625,1932.500244140625,1932.500244140625,1932.500244140625,200,0.0,0.0
2019-10-23 00:00:00+09:00,1948.0456474456862,1990.7957763671875,1923.7558014675603,1990.7957763671875,1800,0.0,0.0
2019-10-24 00:00:00+09:00,1957.7615832713677,1957.7615832713677,1954.8468017578125,1954.8468017578125,400,0.0,0.0
2019-10-25 00:00:00+09:00,1989.8243408203125,1989.8243408203125,1989.8243408203125,1989.8243408203125,300,0.0,0.0
2019-10-28 00:00:00+09:00,1989.8243408203125,1989.8243408203125,1989.8243408203125,1989.8243408203125,0,0.0,0.0
2019-10-29 00:00:00+09:00,1989.8243408203125,1989.8243408203125,1989.8243408203125,1989.8243408203125,0,0.0,0.0
2019-10-30 00:00:00+09:00,1989.8243408203125,1989.8243408203125,1989.8243408203125,1989.8243408203125,200,0.0,0.0
2019-10-31 00:00:00+09:00,1990.7957763671875,1990.7957763671875,1990.7957763671875,1990.7957763671875,100,0.0,0.0
2019-11-01 00:00:00+09:00,1942.2161865234375,1942.2161865234375,1942.2161865234375,1942.2161865234375,100,0.0,0.0
2019-11-05 00:00:00+09:00,1943.187744140625,1943.187744140625,1943.187744140625,1943.187744140625,300,0.0,0.0
2019-11-06 00:00:00+09:00,1987.8812255859375,1987.8812255859375,1987.8812255859375,1987.8812255859375,200,0.0,0.0
2019-11-07 00:00:00+09:00,1939.30126953125,1939.30126953125,1939.30126953125,1939.30126953125,100,0.0,0.0
2019-11-08 00:00:00+09:00,1939.30126953125,1939.30126953125,1939.30126953125,1939.30126953125,100,0.0,0.0
2019-11-11 00:00:00+09:00,1978.1651611328125,1978.1651611328125,1978.1651611328125,1978.1651611328125,200,0.0,0.0
2019-11-12 00:00:00+09:00,1978.1651611328125,1978.1651611328125,1978.1651611328125,1978.1651611328125,200,0.0,0.0
2019-11-13 00:00:00+09:00,1981.0798529128087,1981.0798529128087,1967.4775390625,1967.4775390625,200,0.0,0.0
2019-11-14 00:00:00+09:00,1967.4775390625,1967.4775390625,1967.4775390625,1967.4775390625,0,0.0,0.0
2019-11-15 00:00:00+09:00,1967.4775390625,1967.4775390625,1967.4775390625,1967.4775390625,0,0.0,0.0
2019-11-18 00:00:00+09:00,1982.051513671875,1982.051513671875,1982.051513671875,1982.051513671875,300,0.0,0.0
2019-11-19 00:00:00+09:00,1955.8183955956642,1955.8183955956642,1954.8468017578125,1954.8468017578125,200,0.0,0.0
2019-11-20 00:00:00+09:00,1962.6198754522013,1972.3358154296875,1962.6198754522013,1972.3358154296875,300,0.0,0.0
2019-11-21 00:00:00+09:00,1962.6198754522013,1972.3358154296875,1962.6198754522013,1972.3358154296875,300,0.0,0.0
2019-11-22 00:00:00+09:00,1977.193603515625,1977.193603515625,1977.193603515625,1977.193603515625,300,0.0,0.0
2019-11-25 00:00:00+09:00,1977.193603515625,1977.193603515625,1977.193603515625,1977.193603515625,300,0.0,0.0
2019-11-26 00:00:00+09:00,1943.187744140625,1943.187744140625,1943.187744140625,1943.187744140625,500,0.0,0.0
2019-11-27 00:00:00+09:00,1944.1593017578125,1944.1593017578125,1944.1593017578125,1944.1593017578125,300,0.0,0.0
2019-11-28 00:00:00+09:00,1938.330025508486,1972.3358154296875,1938.330025508486,1972.3358154296875,300,0.0,0.0
2019-11-29 00:00:00+09:00,1938.330025508486,1972.3358154296875,1938.330025508486,1972.3358154296875,300,0.0,0.0
2019-12-02 00:00:00+09:00,1972.3358154296875,1972.3358154296875,1972.3358154296875,1972.3358154296875,0,0.0,0.0
2019-12-03 00:00:00+09:00,1972.3358154296875,1972.3358154296875,1972.3358154296875,1972.3358154296875,0,0.0,0.0
2019-12-04 00:00:00+09:00,1972.3358154296875,1972.3358154296875,1972.3358154296875,1972.3358154296875,0,0.0,0.0
2019-12-05 00:00:00+09:00,1972.3356339738177,1977.193603515625,1972.3356339738177,1977.193603515625,600,0.0,0.0
2019-12-06 00:00:00+09:00,1977.193603515625,1977.193603515625,1977.193603515625,1977.193603515625,0,0.0,0.0
2019-12-09 00:00:00+09:00,1943.187744140625,1943.187744140625,1943.187744140625,1943.187744140625,100,0.0,0.0
2019-12-10 00:00:00+09:00,1943.187744140625,1943.187744140625,1943.187744140625,1943.187744140625,100,0.0,0.0
2019-12-11 00:00:00+09:00,1948.0458984375,1948.0458984375,1948.0458984375,1948.0458984375,6400,0.0,0.0
2019-12-12 00:00:00+09:00,1948.0459654859721,1972.3358154296875,1948.0459654859721,1972.3358154296875,1100,0.0,0.0
2019-12-13 00:00:00+09:00,1948.0459654859721,1972.3358154296875,1948.0459654859721,1972.3358154296875,1100,0.0,0.0
2019-12-16 00:00:00+09:00,1948.0458984375,1948.0458984375,1948.0458984375,1948.0458984375,1000,0.0,0.0
2019-12-17 00:00:00+09:00,1948.0458984375,1948.0458984375,1948.0458984375,1948.0458984375,1000,0.0,0.0
2019-12-18 00:00:00+09:00,1948.0458984375,1948.0458984375,1948.0458984375,1948.0458984375,0,0.0,0.0
2019-12-19 00:00:00+09:00,1948.0458984375,1948.0458984375,1948.0458984375,1948.0458984375,0,0.0,0.0
2019-12-20 00:00:00+09:00,1948.0458984375,1948.0458984375,1948.0458984375,1948.0458984375,0,0.0,0.0
2019-12-23 00:00:00+09:00,1992.7391357421875,1992.7391357421875,1992.7391357421875,1992.7391357421875,200,0.0,0.0
2019-12-24 00:00:00+09:00,1992.7391357421875,1992.7391357421875,1992.7391357421875,1992.7391357421875,200,0.0,0.0
2019-12-25 00:00:00+09:00,1992.739195345434,2036.4609231809018,1987.8812255859375,1987.8812255859375,1000,0.0,0.0
2019-12-26 00:00:00+09:00,1983.9947509765625,1983.9947509765625,1983.9947509765625,1983.9947509765625,200,0.0,0.0
2019-12-27 00:00:00+09:00,1983.9947509765625,1983.9947509765625,1983.9947509765625,1983.9947509765625,0,0.0,0.0
2019-12-30 00:00:00+09:00,2038.404052734375,2038.404052734375,2038.404052734375,2038.404052734375,200,0.0,0.0
2020-01-06 00:00:00+09:00,1982.0515499517228,1982.0515499517228,1981.0799560546875,1981.0799560546875,300,0.0,0.0
2020-01-07 00:00:00+09:00,1982.0515499517228,1982.0515499517228,1981.0799560546875,1981.0799560546875,300,0.0,0.0
2020-01-08 00:00:00+09:00,2037.432373046875,2037.432373046875,2037.432373046875,2037.432373046875,100,0.0,0.0
2020-01-09 00:00:00+09:00,2037.432373046875,2037.432373046875,2037.432373046875,2037.432373046875,100,0.0,0.0
2020-01-10 00:00:00+09:00,2037.432373046875,2037.432373046875,2037.432373046875,2037.432373046875,0,0.0,0.0
2020-01-14 00:00:00+09:00,1982.051513671875,1982.051513671875,1982.051513671875,1982.051513671875,100,0.0,0.0
2020-01-15 00:00:00+09:00,1982.0515923329356,2039.375633483741,1982.0515923329356,2035.4892578125,1000,0.0,0.0
2020-01-16 00:00:00+09:00,2035.4892578125,2035.4892578125,2035.4892578125,2035.4892578125,0,0.0,0.0
2020-01-17 00:00:00+09:00,2035.4892578125,2035.4892578125,2035.4892578125,2035.4892578125,0,0.0,0.0
2020-01-20 00:00:00+09:00,1986.9095458984375,1986.9095458984375,1986.9095458984375,1986.9095458984375,300,0.0,0.0
2020-01-21 00:00:00+09:00,1986.9095458984375,1986.9095458984375,1986.9095458984375,1986.9095458984375,100,0.0,0.0
2020-01-22 00:00:00+09:00,1986.9095458984375,1986.9095458984375,1986.9095458984375,1986.9095458984375,100,0.0,0.0
2020-01-23 00:00:00+09:00,1986.909446734999,1987.8810405964832,1982.0514774275784,1983.0230712890625,1200,0.0,0.0
2020-01-24 00:00:00+09:00,1986.909446734999,1986.909446734999,1983.0230712890625,1983.0230712890625,500,0.0,0.0
2020-01-27 00:00:00+09:00,1980.1083984375,1980.1083984375,1980.1083984375,1980.1083984375,100,0.0,0.0
2020-01-28 00:00:00+09:00,1980.1083984375,1980.1083984375,1980.1083984375,1980.1083984375,100,0.0,0.0
2020-01-29 00:00:00+09:00,1980.1083984375,1980.1083984375,1980.1083984375,1980.1083984375,0,0.0,0.0
2020-01-30 00:00:00+09:00,1986.90954259924,1986.90954259924,1938.3298471811656,1977.193603515625,500,0.0,0.0
2020-01-31 00:00:00+09:00,1986.90954259924,1986.90954259924,1938.3298471811656,1977.193603515625,500,0.0,0.0
2020-02-03 00:00:00+09:00,1977.193603515625,1977.193603515625,1977.193603515625,1977.193603515625,400,0.0,0.0
2020-02-04 00:00:00+09:00,1977.193603515625,1977.193603515625,1977.193603515625,1977.193603515625,0,0.0,0.0
2020-02-05 00:00:00+09:00,1977.193603515625,1977.193603515625,1977.193603515625,1977.193603515625,0,0.0,0.0
2020-02-06 00:00:00+09:00,1977.193603515625,1977.193603515625,1977.193603515625,1977.193603515625,0,0.0,0.0
2020-02-07 00:00:00+09:00,1977.193603515625,1977.193603515625,1977.193603515625,1977.193603515625,0,0.0,0.0
2020-02-10 00:00:00+09:00,1977.193603515625,1977.193603515625,1977.193603515625,1977.193603515625,0,0.0,0.0
2020-02-12 00:00:00+09:00,1972.3358154296875,1972.3358154296875,1972.3358154296875,1972.3358154296875,100,0.0,0.0
2020-02-13 00:00:00+09:00,1972.3358154296875,1972.3358154296875,1972.3358154296875,1972.3358154296875,0,0.0,0.0
2020-02-14 00:00:00+09:00,1972.3358154296875,1972.3358154296875,1972.3358154296875,1972.3358154296875,0,0.0,0.0
2020-02-17 00:00:00+09:00,1943.187744140625,1943.187744140625,1943.187744140625,1943.187744140625,100,0.0,0.0
2020-02-18 00:00:00+09:00,1943.187744140625,1943.187744140625,1943.187744140625,1943.187744140625,100,0.0,0.0
2020-02-19 00:00:00+09:00,1943.187744140625,1943.187744140625,1943.187744140625,1943.187744140625,300,0.0,0.0
2020-02-20 00:00:00+09:00,1943.187744140625,1943.187744140625,1943.187744140625,1943.187744140625,0,0.0,0.0
2020-02-21 00:00:00+09:00,1943.187744140625,1943.187744140625,1943.187744140625,1943.187744140625,0,0.0,0.0
2020-02-25 00:00:00+09:00,1991.7673702063125,1991.7673702063125,1942.216084410936,1990.7957763671875,500,0.0,0.0
2020-02-26 00:00:00+09:00,1943.187678250061,1990.7957763671875,1943.187678250061,1990.7957763671875,300,0.0,0.0
2020-02-27 00:00:00+09:00,1918.8980087047908,1918.8980087047908,1914.0400390625,1914.0400390625,700,0.0,0.0
2020-02-28 00:00:00+09:00,1914.0399279785156,1943.187744140625,1914.0399279785156,1943.187744140625,500,0.0,0.0
2020-03-02 00:00:00+09:00,1968.4491810860945,1968.4491810860945,1933.4718017578125,1933.4718017578125,300,0.0,0.0
2020-03-03 00:00:00+09:00,1933.4718017578125,1933.4718017578125,1933.4718017578125,1933.4718017578125,0,0.0,0.0
2020-03-04 00:00:00+09:00,1967.4775390625,1967.4775390625,1967.4775390625,1967.4775390625,200,0.0,0.0
2020-03-05 00:00:00+09:00,1943.1877367424242,1943.1877367424242,1923.755859375,1923.755859375,300,0.0,0.0
2020-03-06 00:00:00+09:00,1966.5059970703123,1966.5059970703123,1943.187744140625,1943.187744140625,200,0.0,0.0
2020-03-09 00:00:00+09:00,1943.187673061709,1943.187673061709,1918.8978271484375,1918.8978271484375,300,0.0,0.0
2020-03-10 00:00:00+09:00,1914.0399206912878,1923.755859375,1894.6080433238635,1923.755859375,1100,0.0,0.0
2020-03-11 00:00:00+09:00,1923.755859375,1923.755859375,1923.755859375,1923.755859375,0,0.0,0.0
2020-03-12 00:00:00+09:00,1918.8980087047908,1932.5003237032045,1909.1820694202095,1914.0400390625,500,0.0,0.0
2020-03-13 00:00:00+09:00,1894.6077779661189,1894.6077779661189,1875.1759033203125,1875.1759033203125,900,0.0,0.0
2020-03-16 00:00:00+09:00,1856.7159722222223,1856.7159722222223,1836.3125,1836.3125,600,0.0,0.0
2020-03-17 00:00:00+09:00,1829.51112129762,1884.8919677734375,1829.51112129762,1884.8919677734375,300,0.0,0.0
2020-03-18 00:00:00+09:00,1923.7560438641372,1928.614013671875,1923.7560438641372,1928.614013671875,200,0.0,0.0
2020-03-19 00:00:00+09:00,1928.614013671875,1928.614013671875,1928.614013671875,1928.614013671875,0,0.0,0.0
2020-03-23 00:00:00+09:00,1850.8863320401144,1926.670654296875,1850.8863320401144,1926.670654296875,200,0.0,0.0
2020-03-24 00:00:00+09:00,1930.5570598409556,1942.2161865234375,1926.6706842801284,1942.2161865234375,400,0.0,0.0
2020-03-25 00:00:00+09:00,1943.187744140625,1943.187744140625,1943.187744140625,1943.187744140625,600,0.0,0.0
2020-03-26 00:00:00+09:00,1943.187744140625,1943.187744140625,1943.187744140625,1943.187744140625,0,0.0,0.0
2020-03-27 00:00:00+09:00,1894.6081754476718,1962.6197509765625,1894.6081754476718,1962.6197509765625,1400,0.0,0.0
2020-03-30 00:00:00+09:00,1757.5696623016515,1884.5052490234375,1757.5696623016515,1884.5052490234375,600,10.0,0.0
2020-03-31 00:00:00+09:00,1777.0983027438206,1884.505343019546,1777.0983027438206,1817.1318359375,600,0.0,0.0
2020-04-01 00:00:00+09:00,1780.027587890625,1780.027587890625,1780.027587890625,1780.027587890625,100,0.0,0.0
2020-04-02 00:00:00+09:00,1780.027587890625,1780.027587890625,1780.027587890625,1780.027587890625,100,0.0,0.0
2020-04-03 00:00:00+09:00,1780.027587890625,1780.027587890625,1780.027587890625,1780.027587890625,100,0.0,0.0
2020-04-06 00:00:00+09:00,1780.027587890625,1780.027587890625,1780.027587890625,1780.027587890625,0,0.0,0.0
2020-04-07 00:00:00+09:00,1777.098506021236,1777.098506021236,1767.334228515625,1767.334228515625,300,0.0,0.0
2020-04-08 00:00:00+09:00,1758.5462531744656,1871.8118641507222,1758.5462531744656,1869.8590087890625,600,0.0,0.0
2020-04-09 00:00:00+09:00,1869.8590087890625,1869.8590087890625,1869.8590087890625,1869.8590087890625,0,0.0,0.0
2020-04-10 00:00:00+09:00,1884.50552734375,1884.50552734375,1830.802001953125,1830.802001953125,400,0.0,0.0
2020-04-13 00:00:00+09:00,1855.212646484375,1855.212646484375,1855.212646484375,1855.212646484375,400,0.0,0.0
2020-04-14 00:00:00+09:00,1855.212646484375,1855.212646484375,1855.212646484375,1855.212646484375,0,0.0,0.0
2020-04-15 00:00:00+09:00,1855.212646484375,1855.212646484375,1855.212646484375,1855.212646484375,100,0.0,0.0
2020-04-16 00:00:00+09:00,1855.212646484375,1855.212646484375,1855.212646484375,1855.212646484375,0,0.0,0.0
2020-04-17 00:00:00+09:00,1864.97705078125,1864.97705078125,1864.97705078125,1864.97705078125,200,0.0,0.0
2020-04-20 00:00:00+09:00,1864.97705078125,1864.97705078125,1864.97705078125,1864.97705078125,0,0.0,0.0
2020-04-21 00:00:00+09:00,1864.97705078125,1864.97705078125,1864.97705078125,1864.97705078125,0,0.0,0.0
2020-04-22 00:00:00+09:00,1835.6839599609375,1835.6839599609375,1835.6839599609375,1835.6839599609375,100,0.0,0.0
2020-04-23 00:00:00+09:00,1835.6839599609375,1835.6839599609375,1835.6839599609375,1835.6839599609375,0,0.0,0.0
2020-04-24 00:00:00+09:00,1835.6839599609375,1835.6839599609375,1835.6839599609375,1835.6839599609375,0,0.0,0.0
2020-04-27 00:00:00+09:00,1903.0574951171875,1903.0574951171875,1903.0574951171875,1903.0574951171875,300,0.0,0.0
2020-04-28 00:00:00+09:00,1903.0574951171875,1903.0574951171875,1903.0574951171875,1903.0574951171875,0,0.0,0.0
2020-04-30 00:00:00+09:00,1903.0574951171875,1903.0574951171875,1903.0574951171875,1903.0574951171875,0,0.0,0.0
2020-05-01 00:00:00+09:00,1913.79834692737,1951.8790283203125,1913.79834692737,1951.8790283203125,600,0.0,0.0
2020-05-07 00:00:00+09:00,1951.8790283203125,1951.8790283203125,1951.8790283203125,1951.8790283203125,100,0.0,0.0
2020-05-08 00:00:00+09:00,1938.2091064453125,1938.2091064453125,1938.2091064453125,1938.2091064453125,100,0.0,0.0
2020-05-11 00:00:00+09:00,1938.2091064453125,1938.2091064453125,1938.2091064453125,1938.2091064453125,0,0.0,0.0
2020-05-12 00:00:00+09:00,1905.0104853390426,1905.0104853390426,1904.0340576171875,1904.0340576171875,200,0.0,0.0
2020-05-13 00:00:00+09:00,1904.0340576171875,1904.0340576171875,1904.0340576171875,1904.0340576171875,0,0.0,0.0
2020-05-14 00:00:00+09:00,1904.0340576171875,1904.0340576171875,1904.0340576171875,1904.0340576171875,0,0.0,0.0
2020-05-15 00:00:00+09:00,1928.444580078125,1928.444580078125,1928.444580078125,1928.444580078125,100,0.0,0.0
2020-05-18 00:00:00+09:00,1889.3876953125,1889.3876953125,1889.3876953125,1889.3876953125,100,0.0,0.0
2020-05-19 00:00:00+09:00,1889.3876953125,1889.3876953125,1889.3876953125,1889.3876953125,0,0.0,0.0
2020-05-20 00:00:00+09:00,1889.3876953125,1889.3876953125,1889.3876953125,1889.3876953125,0,0.0,0.0
2020-05-21 00:00:00+09:00,1889.3876953125,1889.3876953125,1889.3876953125,1889.3876953125,0,0.0,0.0
2020-05-22 00:00:00+09:00,1890.36396484375,1933.3267822265625,1890.36396484375,1933.3267822265625,300,0.0,0.0
2020-05-25 00:00:00+09:00,1946.0203529663086,1952.8553466796875,1946.0203529663086,1952.8553466796875,400,0.0,0.0
2020-05-26 00:00:00+09:00,1952.8553466796875,1952.8553466796875,1952.8553466796875,1952.8553466796875,0,0.0,0.0
2020-05-27 00:00:00+09:00,1952.8553466796875,1952.8553466796875,1952.8553466796875,1952.8553466796875,0,0.0,0.0
2020-05-28 00:00:00+09:00,1952.8553466796875,1952.8553466796875,1952.8553466796875,1952.8553466796875,0,0.0,0.0
2020-05-29 00:00:00+09:00,1951.8790283203125,1951.8790283203125,1951.8790283203125,1951.8790283203125,100,0.0,0.0
2020-06-01 00:00:00+09:00,1951.8790283203125,1951.8790283203125,1951.8790283203125,1951.8790283203125,0,0.0,0.0
2020-06-02 00:00:00+09:00,1916.7275390625,1916.7275390625,1916.7275390625,1916.7275390625,300,0.0,0.0
2020-06-03 00:00:00+09:00,1923.562491324332,1950.9024658203125,1923.562491324332,1950.9024658203125,200,0.0,0.0
2020-06-04 00:00:00+09:00,1950.9024658203125,1950.9024658203125,1950.9024658203125,1950.9024658203125,0,0.0,0.0
2020-06-05 00:00:00+09:00,1924.5389404296875,1924.5389404296875,1924.5389404296875,1924.5389404296875,200,0.0,0.0
2020-06-08 00:00:00+09:00,1924.5389404296875,1924.5389404296875,1924.5389404296875,1924.5389404296875,0,0.0,0.0
2020-06-09 00:00:00+09:00,1924.5389404296875,1924.5389404296875,1924.5389404296875,1924.5389404296875,0,0.0,0.0
2020-06-10 00:00:00+09:00,1928.4447607050088,1928.4447607050088,1923.5626220703125,1923.5626220703125,6400,0.0,0.0
2020-06-11 00:00:00+09:00,1962.619666179628,1962.619666179628,1918.680419921875,1918.680419921875,400,0.0,0.0
2020-06-12 00:00:00+09:00,1918.680419921875,1918.680419921875,1918.680419921875,1918.680419921875,0,0.0,0.0
2020-06-15 00:00:00+09:00,1918.680419921875,1918.680419921875,1918.680419921875,1918.680419921875,0,0.0,0.0
2020-06-16 00:00:00+09:00,1918.680419921875,1918.680419921875,1918.680419921875,1918.680419921875,0,0.0,0.0
2020-06-17 00:00:00+09:00,1918.680419921875,1918.680419921875,1918.680419921875,1918.680419921875,0,0.0,0.0
2020-06-18 00:00:00+09:00,1918.680419921875,1918.680419921875,1918.680419921875,1918.680419921875,0,0.0,0.0
2020-06-19 00:00:00+09:00,1918.680419921875,1918.680419921875,1918.680419921875,1918.680419921875,0,0.0,0.0
2020-06-22 00:00:00+09:00,1918.680419921875,1918.680419921875,1918.680419921875,1918.680419921875,0,0.0,0.0
2020-06-23 00:00:00+09:00,1918.680419921875,1918.680419921875,1918.680419921875,1918.680419921875,100,0.0,0.0
2020-06-24 00:00:00+09:00,1934.3032098943536,1934.3032098943536,1933.3267822265625,1933.3267822265625,200,0.0,0.0
2020-06-25 00:00:00+09:00,1933.3269014878533,1952.8554560483367,1923.5626242076116,1951.8790283203125,800,0.0,0.0
2020-06-26 00:00:00+09:00,1951.8790283203125,1951.8790283203125,1951.8790283203125,1951.8790283203125,0,0.0,0.0
2020-06-29 00:00:00+09:00,1951.8790283203125,1951.8790283203125,1951.8790283203125,1951.8790283203125,0,0.0,0.0
2020-06-30 00:00:00+09:00,1913.79833984375,1913.79833984375,1913.79833984375,1913.79833984375,100,0.0,0.0
2020-07-01 00:00:00+09:00,1913.79833984375,1913.79833984375,1913.79833984375,1913.79833984375,0,0.0,0.0
2020-07-02 00:00:00+09:00,1913.79833984375,1913.79833984375,1913.79833984375,1913.79833984375,0,0.0,0.0
2020-07-03 00:00:00+09:00,1923.5626220703125,1923.5626220703125,1923.5626220703125,1923.5626220703125,100,0.0,0.0
2020-07-06 00:00:00+09:00,1923.5626220703125,1923.5626220703125,1923.5626220703125,1923.5626220703125,0,0.0,0.0
2020-07-07 00:00:00+09:00,1923.5626220703125,1923.5626220703125,1923.5626220703125,1923.5626220703125,0,0.0,0.0
2020-07-08 00:00:00+09:00,1923.5626220703125,1923.5626220703125,1923.5626220703125,1923.5626220703125,0,0.0,0.0
2020-07-09 00:00:00+09:00,1923.5626220703125,1923.5626220703125,1923.5626220703125,1923.5626220703125,0,0.0,0.0
2020-07-10 00:00:00+09:00,1913.79833984375,1913.79833984375,1913.79833984375,1913.79833984375,100,0.0,0.0
2020-07-13 00:00:00+09:00,1913.79833984375,1913.79833984375,1913.79833984375,1913.79833984375,0,0.0,0.0
2020-07-14 00:00:00+09:00,1913.79833984375,1913.79833984375,1913.79833984375,1913.79833984375,0,0.0,0.0
2020-07-15 00:00:00+09:00,1913.79833984375,1913.79833984375,1913.79833984375,1913.79833984375,0,0.0,0.0
2020-07-16 00:00:00+09:00,1913.79833984375,1913.79833984375,1913.79833984375,1913.79833984375,0,0.0,0.0
2020-07-17 00:00:00+09:00,1913.79833984375,1913.79833984375,1913.79833984375,1913.79833984375,0,0.0,0.0
2020-07-20 00:00:00+09:00,1913.7982288707385,1933.3267822265625,1913.7982288707385,1933.3267822265625,300,0.0,0.0
2020-07-21 00:00:00+09:00,1933.3267822265625,1933.3267822265625,1933.3267822265625,1933.3267822265625,0,0.0,0.0
2020-07-22 00:00:00+09:00,1938.2091064453125,1938.2091064453125,1938.2091064453125,1938.2091064453125,100,0.0,0.0
2020-07-27 00:00:00+09:00,1938.2089315795897,1952.8553466796875,1938.2089315795897,1952.8553466796875,600,0.0,0.0
2020-07-28 00:00:00+09:00,1952.8553466796875,1952.8553466796875,1952.8553466796875,1952.8553466796875,0,0.0,0.0
2020-07-29 00:00:00+09:00,1913.7984441121419,1913.7984441121419,1874.7413330078125,1874.7413330078125,300,0.0,0.0
2020-07-30 00:00:00+09:00,1913.7982288707385,1933.3267822265625,1913.7982288707385,1933.3267822265625,300,0.0,0.0
2020-07-31 00:00:00+09:00,1950.9024658203125,1950.9024658203125,1950.9024658203125,1950.9024658203125,100,0.0,0.0
2020-08-03 00:00:00+09:00,1951.8789190063476,1952.8553466796875,1933.3267932128906,1952.8553466796875,600,0.0,0.0
2020-08-04 00:00:00+09:00,1952.8553466796875,1952.8553466796875,1952.8553466796875,1952.8553466796875,200,0.0,0.0
2020-08-05 00:00:00+09:00,1933.3267822265625,1933.3267822265625,1933.3267822265625,1933.3267822265625,100,0.0,0.0
2020-08-06 00:00:00+09:00,1952.8553466796875,1952.8553466796875,1952.8553466796875,1952.8553466796875,100,0.0,0.0
2020-08-07 00:00:00+09:00,1952.8553466796875,1952.8553466796875,1952.8553466796875,1952.8553466796875,0,0.0,0.0
2020-08-11 00:00:00+09:00,1952.8553521455224,1962.61962890625,1952.8553521455224,1962.61962890625,600,0.0,0.0
2020-08-12 00:00:00+09:00,1943.091069946289,2001.6767303466795,1943.091069946289,1952.8553466796875,700,0.0,0.0
2020-08-13 00:00:00+09:00,1904.0340576171875,1904.0340576171875,1904.0340576171875,1904.0340576171875,100,0.0,0.0
2020-08-14 00:00:00+09:00,1904.0340576171875,1904.0340576171875,1904.0340576171875,1904.0340576171875,0,0.0,0.0
2020-08-17 00:00:00+09:00,1864.9768895049708,1927.46826171875,1864.9768895049708,1927.46826171875,1200,0.0,0.0
2020-08-18 00:00:00+09:00,1927.46826171875,1927.46826171875,1927.46826171875,1927.46826171875,0,0.0,0.0
2020-08-19 00:00:00+09:00,1927.46826171875,1927.46826171875,1927.46826171875,1927.46826171875,0,0.0,0.0
2020-08-20 00:00:00+09:00,1966.5255126953125,1966.5255126953125,1966.5255126953125,1966.5255126953125,100,0.0,0.0
2020-08-21 00:00:00+09:00,1966.5254212351492,1966.5254212351492,1931.3740234375,1931.3740234375,200,0.0,0.0
2020-08-24 00:00:00+09:00,1970.4310302734375,1970.4310302734375,1970.4310302734375,1970.4310302734375,200,0.0,0.0
2020-08-25 00:00:00+09:00,1933.3267932128906,1952.8553466796875,1933.3267932128906,1952.8553466796875,600,0.0,0.0
2020-08-26 00:00:00+09:00,1952.8553466796875,1952.8553466796875,1952.8553466796875,1952.8553466796875,0,0.0,0.0
2020-08-27 00:00:00+09:00,1950.9025777695274,1950.9025777695274,1931.3740234375,1931.3740234375,300,0.0,0.0
2020-08-28 00:00:00+09:00,1931.3740234375,1931.3740234375,1931.3740234375,1931.3740234375,0,0.0,0.0
2020-08-31 00:00:00+09:00,1931.3740234375,1931.3740234375,1931.3740234375,1931.3740234375,0,0.0,0.0
2020-09-01 00:00:00+09:00,1952.8553466796875,1952.8553466796875,1952.8553466796875,1952.8553466796875,200,0.0,0.0
2020-09-02 00:00:00+09:00,1995.818115234375,1995.818115234375,1995.818115234375,1995.818115234375,100,0.0,0.0
2020-09-03 00:00:00+09:00,1995.8181643066405,1995.8181643066405,1952.8553466796875,1952.8553466796875,500,0.0,0.0
2020-09-04 00:00:00+09:00,1943.0913254310344,1982.1484375,1943.0913254310344,1982.1484375,500,0.0,0.0
2020-09-07 00:00:00+09:00,1982.1484375,1982.1484375,1982.1484375,1982.1484375,0,0.0,0.0
2020-09-08 00:00:00+09:00,1982.1484375,1982.1484375,1982.1484375,1982.1484375,0,0.0,0.0
2020-09-09 00:00:00+09:00,1953.831787109375,1953.831787109375,1953.831787109375,1953.831787109375,300,0.0,0.0
2020-09-10 00:00:00+09:00,1952.8553466796875,1952.8553466796875,1952.8553466796875,1952.8553466796875,100,0.0,0.0
2020-09-11 00:00:00+09:00,1952.8553466796875,1952.8553466796875,1952.8553466796875,1952.8553466796875,0,0.0,0.0
2020-09-14 00:00:00+09:00,1951.8790283203125,1951.8790283203125,1951.8790283203125,1951.8790283203125,100,0.0,0.0
2020-09-15 00:00:00+09:00,1951.8790283203125,1951.8790283203125,1951.8790283203125,1951.8790283203125,0,0.0,0.0
2020-09-16 00:00:00+09:00,1951.8790283203125,1951.8790283203125,1951.8790283203125,1951.8790283203125,0,0.0,0.0
2020-09-17 00:00:00+09:00,1951.8790283203125,1951.8790283203125,1951.8790283203125,1951.8790283203125,0,0.0,0.0
2020-09-18 00:00:00+09:00,1990.9360479018267,1991.9124755859375,1990.9360479018267,1991.9124755859375,400,0.0,0.0
2020-09-23 00:00:00+09:00,1971.4076024720107,1990.9361572265625,1970.431174734283,1990.9361572265625,400,0.0,0.0
2020-09-24 00:00:00+09:00,1991.9124755859375,1991.9124755859375,1991.9124755859375,1991.9124755859375,200,0.0,0.0
2020-09-25 00:00:00+09:00,1998.74755859375,1998.74755859375,1998.74755859375,1998.74755859375,700,0.0,0.0
2020-09-28 00:00:00+09:00,1998.74755859375,1998.74755859375,1998.74755859375,1998.74755859375,0,0.0,0.0
2020-09-29 00:00:00+09:00,1998.74755859375,1998.74755859375,1998.74755859375,1998.74755859375,0,0.0,0.0
2020-09-30 00:00:00+09:00,2001.676782543312,2001.676782543312,1956.7611083984375,1956.7611083984375,200,0.0,0.0
2020-10-02 00:00:00+09:00,1957.7376016573771,1989.959716796875,1957.7376016573771,1989.959716796875,200,0.0,0.0
2020-10-05 00:00:00+09:00,1955.78466796875,1955.78466796875,1955.78466796875,1955.78466796875,100,0.0,0.0
2020-10-06 00:00:00+09:00,1955.78466796875,1955.78466796875,1955.78466796875,1955.78466796875,0,0.0,0.0
2020-10-07 00:00:00+09:00,1955.78466796875,1955.78466796875,1955.78466796875,1955.78466796875,0,0.0,0.0
2020-10-08 00:00:00+09:00,1953.831787109375,1953.831787109375,1953.831787109375,1953.831787109375,100,0.0,0.0
2020-10-09 00:00:00+09:00,1953.831787109375,1953.831787109375,1953.831787109375,1953.831787109375,0,0.0,0.0
2020-10-12 00:00:00+09:00,1953.8318063680408,2060.26242450603,1952.8553786787015,2011.4410400390625,700,0.0,0.0
2020-10-13 00:00:00+09:00,2011.4410400390625,2011.4410400390625,2011.4410400390625,2011.4410400390625,0,0.0,0.0
2020-10-14 00:00:00+09:00,2011.4410400390625,2011.4410400390625,2011.4410400390625,2011.4410400390625,0,0.0,0.0
2020-10-15 00:00:00+09:00,2011.4410400390625,2011.4410400390625,2011.4410400390625,2011.4410400390625,0,0.0,0.0
2020-10-16 00:00:00+09:00,1978.2425537109375,1978.2425537109375,1978.2425537109375,1978.2425537109375,100,0.0,0.0
2020-10-19 00:00:00+09:00,1978.2425996383818,1978.2425996383818,1972.384033203125,1972.384033203125,300,0.0,0.0
2020-10-20 00:00:00+09:00,1972.384033203125,2021.2054201635983,1972.384033203125,1972.384033203125,300,0.0,0.0
2020-10-21 00:00:00+09:00,1953.831787109375,1953.831787109375,1953.831787109375,1953.831787109375,100,0.0,0.0
2020-10-22 00:00:00+09:00,2000.7003418212526,2000.7003418212526,1955.78466796875,1955.78466796875,200,0.0,0.0
2020-10-23 00:00:00+09:00,1955.784629699707,1955.784629699707,1952.8553466796875,1952.8553466796875,500,0.0,0.0
2020-10-26 00:00:00+09:00,1957.7376708984375,1957.7376708984375,1957.7376708984375,1957.7376708984375,300,0.0,0.0
2020-10-27 00:00:00+09:00,1957.7376708984375,1957.7376708984375,1957.7376708984375,1957.7376708984375,0,0.0,0.0
2020-10-28 00:00:00+09:00,2000.7004382306757,2048.5453974660604,1999.724010491178,2047.5689697265625,700,0.0,0.0
2020-10-29 00:00:00+09:00,1970.4310302734375,1970.4310302734375,1970.4310302734375,1970.4310302734375,100,0.0,0.0
2020-10-30 00:00:00+09:00,1954.808349609375,1954.808349609375,1954.808349609375,1954.808349609375,100,0.0,0.0
2020-11-02 00:00:00+09:00,1953.831787109375,1953.831787109375,1953.831787109375,1953.831787109375,300,0.0,0.0
2020-11-04 00:00:00+09:00,1953.831787109375,1953.831787109375,1953.831787109375,1953.831787109375,0,0.0,0.0
2020-11-05 00:00:00+09:00,1953.831787109375,1953.831787109375,1953.831787109375,1953.831787109375,0,0.0,0.0
2020-11-06 00:00:00+09:00,2047.5688645446185,2047.5688645446185,2011.4410400390625,2011.4410400390625,500,0.0,0.0
2020-11-09 00:00:00+09:00,2011.4410400390625,2011.4410400390625,2011.4410400390625,2011.4410400390625,0,0.0,0.0
2020-11-10 00:00:00+09:00,2046.5923824234312,2050.498093076911,1959.690320383505,1960.666748046875,2500,0.0,0.0
2020-11-11 00:00:00+09:00,1960.6669003326112,1972.384033203125,1960.6669003326112,1972.384033203125,600,0.0,0.0
2020-11-12 00:00:00+09:00,1972.38391464777,2000.7003173828125,1956.761071759471,2000.7003173828125,400,0.0,0.0
2020-11-13 00:00:00+09:00,2000.7003173828125,2000.7003173828125,2000.7003173828125,2000.7003173828125,0,0.0,0.0
2020-11-16 00:00:00+09:00,2000.7003173828125,2000.7003173828125,2000.7003173828125,2000.7003173828125,0,0.0,0.0
2020-11-17 00:00:00+09:00,1994.8417810477015,1994.8417810477015,1965.5489501953125,1965.5489501953125,400,0.0,0.0
2020-11-18 00:00:00+09:00,2013.3939667341774,2013.3939667341774,1958.7140141943548,2007.535400390625,1200,0.0,0.0
2020-11-19 00:00:00+09:00,2007.535400390625,2007.535400390625,2007.535400390625,2007.535400390625,0,0.0,0.0
2020-11-20 00:00:00+09:00,2001.6768213722248,2006.5589599609375,2001.6768213722248,2006.5589599609375,300,0.0,0.0
2020-11-24 00:00:00+09:00,2007.535232973145,2016.3230817556148,1967.5016996307816,2013.393798828125,600,0.0,0.0
2020-11-25 00:00:00+09:00,2040.7340087890625,2040.7340087890625,2040.7340087890625,2040.7340087890625,400,0.0,0.0
2020-11-26 00:00:00+09:00,1992.888903270048,2040.7338597914752,1991.9124755859375,1991.9124755859375,800,0.0,0.0
2020-11-27 00:00:00+09:00,1991.9124755859375,1991.9124755859375,1991.9124755859375,1991.9124755859375,0,0.0,0.0
2020-11-30 00:00:00+09:00,2034.8754361439542,2034.8754361439542,2002.6533203125,2002.6533203125,200,0.0,0.0
2020-12-01 00:00:00+09:00,2001.6766357421875,2001.6766357421875,2001.6766357421875,2001.6766357421875,100,0.0,0.0
2020-12-02 00:00:00+09:00,2001.6766357421875,2001.6766357421875,2001.6766357421875,2001.6766357421875,0,0.0,0.0
2020-12-03 00:00:00+09:00,2001.6766357421875,2001.6766357421875,2001.6766357421875,2001.6766357421875,0,0.0,0.0
2020-12-04 00:00:00+09:00,2001.6766357421875,2001.6766357421875,2001.6766357421875,2001.6766357421875,0,0.0,0.0
2020-12-07 00:00:00+09:00,1991.9124755859375,1991.9124755859375,1991.9124755859375,1991.9124755859375,100,0.0,0.0
2020-12-08 00:00:00+09:00,1991.9124755859375,1991.9124755859375,1991.9124755859375,1991.9124755859375,0,0.0,0.0
2020-12-09 00:00:00+09:00,1991.9124755859375,1991.9124755859375,1991.9124755859375,1991.9124755859375,6300,0.0,0.0
2020-12-10 00:00:00+09:00,1991.9124755859375,1991.9124755859375,1991.9124755859375,1991.9124755859375,0,0.0,0.0
2020-12-11 00:00:00+09:00,1991.9124755859375,1991.9124755859375,1991.9124755859375,1991.9124755859375,0,0.0,0.0
2020-12-14 00:00:00+09:00,1991.9124755859375,1991.9124755859375,1991.9124755859375,1991.9124755859375,0,0.0,0.0
2020-12-15 00:00:00+09:00,1991.9124755859375,1991.9124755859375,1991.9124755859375,1991.9124755859375,0,0.0,0.0
2020-12-16 00:00:00+09:00,1991.9124755859375,1991.9124755859375,1991.9124755859375,1991.9124755859375,0,0.0,0.0
2020-12-17 00:00:00+09:00,1986.0538330078125,1986.0538330078125,1986.0538330078125,1986.0538330078125,100,0.0,0.0
2020-12-18 00:00:00+09:00,2011.4411557068747,2011.4411557068747,1973.3604736328125,1973.3604736328125,200,0.0,0.0
2020-12-21 00:00:00+09:00,1972.384033203125,1972.384033203125,1972.384033203125,1972.384033203125,200,0.0,0.0
2020-12-22 00:00:00+09:00,1990.9361572265625,1990.9361572265625,1990.9361572265625,1990.9361572265625,100,0.0,0.0
2020-12-23 00:00:00+09:00,1973.3604736328125,1973.3604736328125,1973.3604736328125,1973.3604736328125,100,0.0,0.0
2020-12-24 00:00:00+09:00,1990.9360479018267,1991.9124755859375,1990.9360479018267,1991.9124755859375,200,0.0,0.0
2020-12-25 00:00:00+09:00,1991.9124755859375,1991.9124755859375,1991.9124755859375,1991.9124755859375,300,0.0,0.0
2020-12-28 00:00:00+09:00,1991.9124755859375,1991.9124755859375,1991.9124755859375,1991.9124755859375,100,0.0,0.0
2020-12-29 00:00:00+09:00,2040.733922322591,2062.21533203125,1993.8653920491536,2062.21533203125,1100,0.0,0.0
2020-12-30 00:00:00+09:00,2013.393798828125,2013.393798828125,2013.393798828125,2013.393798828125,200,0.0,0.0
2021-01-04 00:00:00+09:00,2013.393798828125,2013.393798828125,2013.393798828125,2013.393798828125,0,0.0,0.0
2021-01-05 00:00:00+09:00,2013.393798828125,2013.393798828125,2013.393798828125,2013.393798828125,0,0.0,0.0
2021-01-06 00:00:00+09:00,2013.3940113165813,2048.54541015625,2013.3940113165813,2048.54541015625,200,0.0,0.0
2021-01-07 00:00:00+09:00,2048.54541015625,2048.54541015625,2048.54541015625,2048.54541015625,0,0.0,0.0
2021-01-08 00:00:00+09:00,2045.6160634980517,2045.6160634980517,1996.794677734375,1996.794677734375,600,0.0,0.0
2021-01-12 00:00:00+09:00,1996.794677734375,1996.794677734375,1996.794677734375,1996.794677734375,0,0.0,0.0
2021-01-13 00:00:00+09:00,2037.8046493676711,2037.8046493676711,2034.8753662109375,2034.8753662109375,300,0.0,0.0
2021-01-14 00:00:00+09:00,2034.8753662109375,2034.8753662109375,2034.8753662109375,2034.8753662109375,0,0.0,0.0
2021-01-15 00:00:00+09:00,2034.8753845185029,2034.8753845185029,1998.74755859375,1998.74755859375,200,0.0,0.0
2021-01-18 00:00:00+09:00,1998.74755859375,1998.74755859375,1998.74755859375,1998.74755859375,0,0.0,0.0
2021-01-19 00:00:00+09:00,1998.74755859375,1998.74755859375,1998.74755859375,1998.74755859375,0,0.0,0.0
2021-01-20 00:00:00+09:00,1998.74755859375,1998.74755859375,1998.74755859375,1998.74755859375,0,0.0,0.0
2021-01-21 00:00:00+09:00,1998.74755859375,1998.74755859375,1998.74755859375,1998.74755859375,0,0.0,0.0
2021-01-22 00:00:00+09:00,2036.8281804432413,2036.8281804432413,2003.629638671875,2003.629638671875,400,0.0,0.0
2021-01-25 00:00:00+09:00,2005.58251953125,2005.58251953125,2005.58251953125,2005.58251953125,300,0.0,0.0
2021-01-26 00:00:00+09:00,2005.58251953125,2005.58251953125,2005.58251953125,2005.58251953125,0,0.0,0.0
2021-01-27 00:00:00+09:00,2005.58251953125,2005.58251953125,2005.58251953125,2005.58251953125,0,0.0,0.0
2021-01-28 00:00:00+09:00,2005.58251953125,2005.58251953125,2005.58251953125,2005.58251953125,0,0.0,0.0
2021-01-29 00:00:00+09:00,2021.205441122023,2039.757568359375,2021.205441122023,2039.757568359375,300,0.0,0.0
2021-02-01 00:00:00+09:00,2039.757568359375,2039.757568359375,2039.757568359375,2039.757568359375,100,0.0,0.0
2021-02-02 00:00:00+09:00,2017.2994955209585,2030.969482421875,2017.2994955209585,2030.969482421875,600,0.0,0.0
2021-02-03 00:00:00+09:00,2039.757343986984,2109.0837065638516,2031.9459228515625,2031.9459228515625,800,0.0,0.0
2021-02-04 00:00:00+09:00,2031.9459228515625,2031.9459228515625,2031.9459228515625,2031.9459228515625,0,0.0,0.0
2021-02-05 00:00:00+09:00,2031.9459228515625,2031.9459228515625,2031.9459228515625,2031.9459228515625,0,0.0,0.0
2021-02-08 00:00:00+09:00,2031.9459228515625,2031.9459228515625,2031.9459228515625,2031.9459228515625,0,0.0,0.0
2021-02-09 00:00:00+09:00,2031.9459228515625,2031.9459228515625,2031.9459228515625,2031.9459228515625,100,0.0,0.0
2021-02-10 00:00:00+09:00,2031.9459228515625,2031.9459228515625,2031.9459228515625,2031.9459228515625,0,0.0,0.0
2021-02-12 00:00:00+09:00,2080.767440541706,2080.767440541706,2051.474609375,2051.474609375,200,0.0,0.0
2021-02-15 00:00:00+09:00,2050.498181669443,2051.474609375,2050.498181669443,2051.474609375,200,0.0,0.0
2021-02-16 00:00:00+09:00,2030.969482421875,2030.969482421875,2030.969482421875,2030.969482421875,100,0.0,0.0
2021-02-17 00:00:00+09:00,2030.969482421875,2030.969482421875,2030.969482421875,2030.969482421875,0,0.0,0.0
2021-02-18 00:00:00+09:00,2030.969482421875,2030.969482421875,2030.969482421875,2030.969482421875,400,0.0,0.0
2021-02-19 00:00:00+09:00,2029.9930547860952,2030.969482421875,2029.9930547860952,2030.969482421875,300,0.0,0.0
2021-02-22 00:00:00+09:00,2069.050537109375,2069.050537109375,2069.050537109375,2069.050537109375,100,0.0,0.0
2021-02-24 00:00:00+09:00,2078.814837218476,2078.814837218476,2032.9227294921875,2032.9227294921875,300,0.0,0.0
2021-02-25 00:00:00+09:00,2076.8614887076365,2088.5786198145906,2076.8614887076365,2079.790771484375,700,0.0,0.0
2021-02-26 00:00:00+09:00,2098.3430832159324,2098.3430832159324,2084.673095703125,2084.673095703125,500,0.0,0.0
2021-03-01 00:00:00+09:00,2084.6733817841086,2097.366943359375,2084.6733817841086,2097.366943359375,300,0.0,0.0
2021-03-02 00:00:00+09:00,2099.3193359375,2099.3193359375,2099.3193359375,2099.3193359375,500,0.0,0.0
2021-03-03 00:00:00+09:00,2104.2017949091924,2105.17822265625,2104.2017949091924,2105.17822265625,200,0.0,0.0
2021-03-04 00:00:00+09:00,2105.178087840777,2105.178087840777,2104.20166015625,2104.20166015625,200,0.0,0.0
2021-03-05 00:00:00+09:00,2113.9658742731917,2120.800867862066,2080.767333984375,2080.767333984375,700,0.0,0.0
2021-03-08 00:00:00+09:00,2084.673095703125,2084.673095703125,2084.673095703125,2084.673095703125,300,0.0,0.0
2021-03-09 00:00:00+09:00,2112.989392681871,2113.9658203125,2084.67299139362,2113.9658203125,300,0.0,0.0
2021-03-10 00:00:00+09:00,2113.9658203125,2113.9658203125,2113.9658203125,2113.9658203125,100,0.0,0.0
2021-03-11 00:00:00+09:00,2113.9658203125,2113.9658203125,2113.9658203125,2113.9658203125,100,0.0,0.0
2021-03-12 00:00:00+09:00,2109.08406011946,2114.942626953125,2109.08406011946,2114.942626953125,200,0.0,0.0
2021-03-15 00:00:00+09:00,2123.7303846795367,2126.65966796875,2100.2961183658317,2126.65966796875,700,0.0,0.0
2021-03-16 00:00:00+09:00,2115.91913032883,2142.282682021898,2115.91913032883,2120.80126953125,400,0.0,0.0
2021-03-17 00:00:00+09:00,2118.8479982059243,2118.8479982059243,2097.3665899291823,2098.343017578125,500,0.0,0.0
2021-03-18 00:00:00+09:00,2124.7068287037036,2124.7068287037036,2109.083984375,2109.083984375,300,0.0,0.0
2021-03-19 00:00:00+09:00,2109.083809267241,2123.730224609375,2109.083809267241,2123.730224609375,200,0.0,0.0
2021-03-22 00:00:00+09:00,2123.730267903051,2136.423828125,2123.730267903051,2136.423828125,700,0.0,0.0
2021-03-23 00:00:00+09:00,2138.376581314507,2138.376581314507,2128.6123046875,2128.6123046875,700,0.0,0.0
2021-03-24 00:00:00+09:00,2129.5888671875,2129.5888671875,2129.5888671875,2129.5888671875,100,0.0,0.0
2021-03-25 00:00:00+09:00,2129.589010211437,2145.2118548530616,2121.777587890625,2121.777587890625,700,0.0,0.0
2021-03-26 00:00:00+09:00,2135.4476696275683,2187.1983447488583,2128.6126748002284,2138.376953125,1000,0.0,0.0
2021-03-29 00:00:00+09:00,2114.942247943129,2194.032886024105,2113.9658203125,2113.9658203125,1900,0.0,0.0
2021-03-30 00:00:00+09:00,2030.3905545405162,2065.787193748002,2016.625194848716,2018.5916748046875,1600,15.0,0.0
2021-03-31 00:00:00+09:00,2021.541209237488,2112.9825187993006,2021.541209237488,2033.340087890625,1000,0.0,0.0
2021-04-01 00:00:00+09:00,2034.3234007019928,2035.306640625,2034.3234007019928,2035.306640625,400,0.0,0.0
2021-04-02 00:00:00+09:00,2063.8206242997517,2063.8206242997517,2029.4072265625,2029.4072265625,200,0.0,0.0
2021-04-05 00:00:00+09:00,2063.82064228767,2063.82064228767,2062.83740234375,2062.83740234375,200,0.0,0.0
2021-04-06 00:00:00+09:00,2062.837487018864,2062.837487018864,2015.6419677734375,2015.6419677734375,800,0.0,0.0
2021-04-07 00:00:00+09:00,2026.45751953125,2026.45751953125,2026.45751953125,2026.45751953125,300,0.0,0.0
2021-04-08 00:00:00+09:00,2015.6419677734375,2015.6419677734375,2015.6419677734375,2015.6419677734375,400,0.0,0.0
2021-04-09 00:00:00+09:00,1968.4464111328125,1968.4464111328125,1968.4464111328125,1968.4464111328125,200,0.0,0.0
2021-04-12 00:00:00+09:00,1987.1278076171875,1987.1278076171875,1987.1278076171875,1987.1278076171875,100,0.0,0.0
2021-04-13 00:00:00+09:00,2013.6754150390625,2013.6754150390625,2013.6754150390625,2013.6754150390625,100,0.0,0.0
2021-04-14 00:00:00+09:00,2013.6754150390625,2013.6754150390625,2013.6754150390625,2013.6754150390625,0,0.0,0.0
2021-04-15 00:00:00+09:00,1966.4798583984375,1966.4798583984375,1966.4798583984375,1966.4798583984375,600,0.0,0.0
2021-04-16 00:00:00+09:00,1976.3123779296875,1976.3123779296875,1976.3123779296875,1976.3123779296875,100,0.0,0.0
2021-04-19 00:00:00+09:00,1977.2956179187074,1977.2956179187074,1976.3123779296875,1976.3123779296875,200,0.0,0.0
2021-04-20 00:00:00+09:00,1976.3122129649753,2014.6585693359375,1976.3122129649753,2014.6585693359375,300,0.0,0.0
2021-04-21 00:00:00+09:00,2014.6585693359375,2014.6585693359375,2014.6585693359375,2014.6585693359375,0,0.0,0.0
2021-04-22 00:00:00+09:00,2005.809450046182,2005.809450046182,1995.97705078125,1995.97705078125,200,0.0,0.0
2021-04-23 00:00:00+09:00,1966.4798583984375,1966.4798583984375,1966.4798583984375,1966.4798583984375,1000,0.0,0.0
2021-04-26 00:00:00+09:00,1966.4798583984375,1966.4798583984375,1966.4798583984375,1966.4798583984375,400,0.0,0.0
2021-04-27 00:00:00+09:00,1966.4798583984375,1966.4798583984375,1966.4798583984375,1966.4798583984375,0,0.0,0.0
2021-04-28 00:00:00+09:00,1966.4798583984375,1966.4798583984375,1966.4798583984375,1966.4798583984375,0,0.0,0.0
2021-04-30 00:00:00+09:00,1986.1447345608294,2004.8262939453125,1986.1447345608294,2004.8262939453125,300,0.0,0.0
2021-05-06 00:00:00+09:00,2004.8262192242078,2012.692138671875,2004.8262192242078,2012.692138671875,300,0.0,0.0
2021-05-07 00:00:00+09:00,2012.692138671875,2012.692138671875,2012.692138671875,2012.692138671875,0,0.0,0.0
2021-05-10 00:00:00+09:00,2012.692138671875,2012.692138671875,2012.692138671875,2012.692138671875,0,0.0,0.0
2021-05-11 00:00:00+09:00,2012.692138671875,2012.692138671875,2012.692138671875,2012.692138671875,0,0.0,0.0
2021-05-12 00:00:00+09:00,2012.692138671875,2012.692138671875,2012.692138671875,2012.692138671875,100,0.0,0.0
2021-05-13 00:00:00+09:00,2017.6083984375,2017.6083984375,2017.6083984375,2017.6083984375,100,0.0,0.0
2021-05-14 00:00:00+09:00,2017.6083984375,2017.6083984375,2017.6083984375,2017.6083984375,0,0.0,0.0
2021-05-17 00:00:00+09:00,2017.6083984375,2017.6083984375,2017.6083984375,2017.6083984375,0,0.0,0.0
2021-05-18 00:00:00+09:00,1969.4295745547454,1986.1446533203125,1969.4295745547454,1986.1446533203125,200,0.0,0.0
2021-05-19 00:00:00+09:00,1973.3626708984375,1973.3626708984375,1973.3626708984375,1973.3626708984375,100,0.0,0.0
2021-05-20 00:00:00+09:00,1973.3626708984375,1973.3626708984375,1973.3626708984375,1973.3626708984375,0,0.0,0.0
2021-05-21 00:00:00+09:00,1973.3626708984375,1973.3626708984375,1973.3626708984375,1973.3626708984375,0,0.0,0.0
2021-05-24 00:00:00+09:00,1999.9101280249618,2015.6419677734375,1972.3794084651295,2015.6419677734375,500,0.0,0.0
2021-05-25 00:00:00+09:00,2056.937744140625,2056.937744140625,2056.937744140625,2056.937744140625,400,0.0,0.0
2021-05-26 00:00:00+09:00,2054.971435546875,2054.971435546875,2054.971435546875,2054.971435546875,200,0.0,0.0
2021-05-27 00:00:00+09:00,2054.971435546875,2054.971435546875,2054.971435546875,2054.971435546875,0,0.0,0.0
2021-05-28 00:00:00+09:00,2054.971435546875,2054.971435546875,2054.971435546875,2054.971435546875,0,0.0,0.0
2021-05-31 00:00:00+09:00,2063.820564683325,2063.820564683325,2014.6585693359375,2014.6585693359375,300,0.0,0.0
2021-06-01 00:00:00+09:00,2014.6585693359375,2014.6585693359375,2014.6585693359375,2014.6585693359375,0,0.0,0.0
2021-06-02 00:00:00+09:00,2014.6585693359375,2014.6585693359375,2014.6585693359375,2014.6585693359375,0,0.0,0.0
2021-06-03 00:00:00+09:00,1974.345947265625,1974.345947265625,1974.345947265625,1974.345947265625,100,0.0,0.0
2021-06-04 00:00:00+09:00,1974.345947265625,1974.345947265625,1974.345947265625,1974.345947265625,0,0.0,0.0
2021-06-07 00:00:00+09:00,2067.7536879554495,2067.7536879554495,2061.854248046875,2061.854248046875,500,0.0,0.0
2021-06-08 00:00:00+09:00,2061.854248046875,2061.854248046875,2061.854248046875,2061.854248046875,6200,0.0,0.0
2021-06-09 00:00:00+09:00,2061.854248046875,2061.854248046875,2061.854248046875,2061.854248046875,0,0.0,0.0
2021-06-10 00:00:00+09:00,2061.854248046875,2061.854248046875,2061.854248046875,2061.854248046875,0,0.0,0.0
2021-06-11 00:00:00+09:00,2061.854248046875,2061.854248046875,2061.854248046875,2061.854248046875,0,0.0,0.0
2021-06-14 00:00:00+09:00,2064.803824491279,2113.9658203125,2064.803824491279,2113.9658203125,3000,0.0,0.0
2021-06-15 00:00:00+09:00,2113.9658203125,2113.9658203125,2113.9658203125,2113.9658203125,0,0.0,0.0
2021-06-16 00:00:00+09:00,2113.9658203125,2113.9658203125,2113.9658203125,2113.9658203125,0,0.0,0.0
2021-06-17 00:00:00+09:00,2074.63623046875,2074.63623046875,2074.63623046875,2074.63623046875,100,0.0,0.0
2021-06-18 00:00:00+09:00,2110.03271484375,2110.03271484375,2110.03271484375,2110.03271484375,100,0.0,0.0
2021-06-21 00:00:00+09:00,2110.03271484375,2110.03271484375,2110.03271484375,2110.03271484375,0,0.0,0.0
2021-06-22 00:00:00+09:00,2094.301149764151,2094.301149764151,2084.46875,2084.46875,200,0.0,0.0
2021-06-23 00:00:00+09:00,2084.468780779907,2084.468780779907,2035.306781233211,2058.904541015625,500,0.0,0.0
2021-06-24 00:00:00+09:00,2089.38482240189,2113.9658203125,2089.38482240189,2113.9658203125,2700,0.0,0.0
2021-06-25 00:00:00+09:00,2118.882257145892,2118.882257145892,2097.2509765625,2097.2509765625,500,0.0,0.0
2021-06-28 00:00:00+09:00,2128.7147034619697,2163.128105134565,2066.770580451298,2068.737060546875,3000,0.0,0.0
2021-06-29 00:00:00+09:00,2068.737060546875,2068.737060546875,2068.737060546875,2068.737060546875,0,0.0,0.0
2021-06-30 00:00:00+09:00,2117.89892578125,2117.89892578125,2117.89892578125,2117.89892578125,100,0.0,0.0
2021-07-01 00:00:00+09:00,2159.1952135120737,2163.128173828125,2104.133769087358,2163.128173828125,1600,0.0,0.0
2021-07-02 00:00:00+09:00,2065.787091072772,2164.111083984375,2065.787091072772,2164.111083984375,300,0.0,0.0
2021-07-05 00:00:00+09:00,2163.1279252885697,2182.792724609375,2153.295525628167,2182.792724609375,1700,0.0,0.0
2021-07-06 00:00:00+09:00,2192.625244140625,2192.625244140625,2192.625244140625,2192.625244140625,100,0.0,0.0
2021-07-07 00:00:00+09:00,2192.625244140625,2192.625244140625,2192.625244140625,2192.625244140625,0,0.0,0.0
2021-07-08 00:00:00+09:00,2191.6420041208307,2192.625244140625,2191.6420041208307,2192.625244140625,1000,0.0,0.0
2021-07-09 00:00:00+09:00,2101.1839275929724,2193.6084896864395,2101.1839275929724,2172.96044921875,600,0.0,0.0
2021-07-12 00:00:00+09:00,2194.5915956224467,2212.2899149419827,2166.07763671875,2166.07763671875,1500,0.0,0.0
2021-07-13 00:00:00+09:00,2261.4518163888424,2310.6138123972955,2206.390380859375,2206.390380859375,700,0.0,0.0
2021-07-14 00:00:00+09:00,2157.2284727933115,2157.2284727933115,2119.865354303728,2129.69775390625,700,0.0,0.0
2021-07-15 00:00:00+09:00,2225.0722214930965,2289.966064453125,2225.0722214930965,2289.966064453125,1100,0.0,0.0
2021-07-16 00:00:00+09:00,2300.7815717357075,2300.7815717357075,2233.921252557063,2283.083251953125,400,0.0,0.0
2021-07-19 00:00:00+09:00,2283.083251953125,2292.9156518323375,2283.083251953125,2283.083251953125,700,0.0,0.0
2021-07-20 00:00:00+09:00,2283.083251953125,2283.083251953125,2283.083251953125,2283.083251953125,0,0.0,0.0
2021-07-21 00:00:00+09:00,2283.083251953125,2283.083251953125,2283.083251953125,2283.083251953125,100,0.0,0.0
2021-07-26 00:00:00+09:00,2320.4462890625,2320.4462890625,2319.463049109507,2320.4462890625,1300,0.0,0.0
2021-07-27 00:00:00+09:00,2271.284423828125,2271.284423828125,2271.284423828125,2271.284423828125,100,0.0,0.0
2021-07-28 00:00:00+09:00,2222.1220703125,2222.1220703125,2222.1220703125,2222.1220703125,100,0.0,0.0
2021-07-29 00:00:00+09:00,2271.2843557504507,2454.1669921875,2271.2843557504507,2454.1669921875,2300,0.0,0.0
2021-07-30 00:00:00+09:00,2454.167018072289,2454.167018072289,2448.267578125,2448.267578125,200,0.0,0.0
2021-08-02 00:00:00+09:00,2356.826138496789,2640.982481436118,2350.92669885099,2402.05517578125,3400,0.0,0.0
2021-08-03 00:00:00+09:00,2500.379197572643,2605.5858724213545,2500.379197572643,2508.2451171875,2100,0.0,0.0
2021-08-04 00:00:00+09:00,2497.429450055004,2497.429450055004,2402.05517578125,2402.05517578125,300,0.0,0.0
2021-08-05 00:00:00+09:00,2402.05517578125,2402.05517578125,2402.05517578125,2402.05517578125,0,0.0,0.0
2021-08-06 00:00:00+09:00,2402.05517578125,2402.05517578125,2402.05517578125,2402.05517578125,0,0.0,0.0
2021-08-10 00:00:00+09:00,2354.859704804002,2354.859704804002,2353.87646484375,2353.87646484375,300,0.0,0.0
2021-08-11 00:00:00+09:00,2353.87646484375,2353.87646484375,2353.87646484375,2353.87646484375,0,0.0,0.0
2021-08-12 00:00:00+09:00,2403.038818359375,2403.038818359375,2403.038818359375,2403.038818359375,100,0.0,0.0
2021-08-13 00:00:00+09:00,2357.809344442267,2391.239501953125,2312.5803078099298,2391.239501953125,400,0.0,0.0
2021-08-16 00:00:00+09:00,2317.49658203125,2317.49658203125,2317.49658203125,2317.49658203125,200,0.0,0.0
2021-08-17 00:00:00+09:00,2306.680908203125,2306.680908203125,2306.680908203125,2306.680908203125,100,0.0,0.0
2021-08-18 00:00:00+09:00,2307.664306640625,2307.664306640625,2307.664306640625,2307.664306640625,100,0.0,0.0
2021-08-19 00:00:00+09:00,2308.647422405335,2317.49658203125,2308.647422405335,2317.49658203125,200,0.0,0.0
2021-08-20 00:00:00+09:00,2318.479736328125,2318.479736328125,2318.479736328125,2318.479736328125,100,0.0,0.0
2021-08-23 00:00:00+09:00,2315.530029296875,2315.530029296875,2315.530029296875,2315.530029296875,200,0.0,0.0
2021-08-24 00:00:00+09:00,2315.530213700964,2315.530213700964,2266.368213410073,2310.614013671875,400,0.0,0.0
2021-08-25 00:00:00+09:00,2310.613958543347,2310.613958543347,2286.032958984375,2286.032958984375,400,0.0,0.0
2021-08-26 00:00:00+09:00,2308.6475461516798,2407.954787276603,2308.6475461516798,2400.0888671875,1400,0.0,0.0
2021-08-27 00:00:00+09:00,2400.0888671875,2400.0888671875,2400.0888671875,2400.0888671875,0,0.0,0.0
2021-08-30 00:00:00+09:00,2400.0888671875,2400.0888671875,2400.0888671875,2400.0888671875,0,0.0,0.0
2021-08-31 00:00:00+09:00,2400.0888671875,2400.0888671875,2400.0888671875,2400.0888671875,200,0.0,0.0
2021-09-01 00:00:00+09:00,2307.664354815531,2382.39059723819,2307.664354815531,2351.91015625,800,0.0,0.0
2021-09-02 00:00:00+09:00,2302.747896279838,2396.155688827483,2281.1166180056466,2394.189208984375,2500,0.0,0.0
2021-09-03 00:00:00+09:00,2345.02734375,2345.02734375,2345.02734375,2345.02734375,200,0.0,0.0
2021-09-06 00:00:00+09:00,2345.0274555536757,2387.3067765552723,2338.144775390625,2338.144775390625,500,0.0,0.0
2021-09-07 00:00:00+09:00,2387.306396484375,2387.306396484375,2387.306396484375,2387.306396484375,100,0.0,0.0
2021-09-08 00:00:00+09:00,2387.306396484375,2387.306396484375,2387.306396484375,2387.306396484375,0,0.0,0.0
2021-09-09 00:00:00+09:00,2359.776013962766,2359.776013962766,2310.614013671875,2310.614013671875,200,0.0,0.0
2021-09-10 00:00:00+09:00,2310.614013671875,2310.614013671875,2310.614013671875,2310.614013671875,0,0.0,0.0
2021-09-13 00:00:00+09:00,2359.775634765625,2359.775634765625,2359.775634765625,2359.775634765625,100,0.0,0.0
2021-09-14 00:00:00+09:00,2395.172605545474,2395.172605545474,2302.748046875,2302.748046875,300,0.0,0.0
2021-09-15 00:00:00+09:00,2302.748046875,2302.748046875,2302.748046875,2302.748046875,0,0.0,0.0
2021-09-16 00:00:00+09:00,2351.909830197704,2408.937744140625,2342.077431242028,2408.937744140625,1600,0.0,0.0
2021-09-17 00:00:00+09:00,2408.937744140625,2408.937744140625,2408.937744140625,2408.937744140625,0,0.0,0.0
2021-09-21 00:00:00+09:00,2458.10009765625,2458.10009765625,2458.10009765625,2458.10009765625,100,0.0,0.0
2021-09-22 00:00:00+09:00,2495.462890625,2495.462890625,2495.462890625,2495.462890625,100,0.0,0.0
2021-09-24 00:00:00+09:00,2401.072021484375,2401.072021484375,2401.072021484375,2401.072021484375,100,0.0,0.0
2021-09-27 00:00:00+09:00,2450.234130859375,2450.234130859375,2450.234130859375,2450.234130859375,300,0.0,0.0
2021-09-28 00:00:00+09:00,2458.10009765625,2458.10009765625,2458.10009765625,2458.10009765625,300,0.0,0.0
2021-09-29 00:00:00+09:00,2450.234191763498,2450.234191763498,2289.966064453125,2289.966064453125,2700,0.0,0.0
2021-09-30 00:00:00+09:00,2325.362694137657,2329.295654296875,2325.362694137657,2329.295654296875,800,0.0,0.0
2021-10-01 00:00:00+09:00,2331.26184835426,2357.809326171875,2331.26184835426,2357.809326171875,300,0.0,0.0
2021-10-04 00:00:00+09:00,2353.8764520103255,2356.826171875,2353.8764520103255,2356.826171875,700,0.0,0.0
2021-10-05 00:00:00+09:00,2403.0386811159283,2452.20068359375,2403.0386811159283,2452.20068359375,200,0.0,0.0
2021-10-06 00:00:00+09:00,2448.267339963329,2448.267339963329,2382.3902669603,2408.937744140625,500,0.0,0.0
2021-10-07 00:00:00+09:00,2408.937744140625,2408.937744140625,2408.937744140625,2408.937744140625,0,0.0,0.0
2021-10-08 00:00:00+09:00,2408.937744140625,2408.937744140625,2408.937744140625,2408.937744140625,0,0.0,0.0
2021-10-11 00:00:00+09:00,2408.937744140625,2408.937744140625,2408.937744140625,2408.937744140625,4800,0.0,0.0
2021-10-12 00:00:00+09:00,2408.937744140625,2408.937744140625,2408.937744140625,2408.937744140625,0,0.0,0.0
2021-10-13 00:00:00+09:00,2408.937744140625,2408.937744140625,2408.937744140625,2408.937744140625,0,0.0,0.0
2021-10-14 00:00:00+09:00,2406.971615625,2458.10009765625,2406.971615625,2458.10009765625,5300,0.0,0.0
2021-10-15 00:00:00+09:00,2458.10009765625,2458.10009765625,2458.10009765625,2458.10009765625,0,0.0,0.0
2021-10-18 00:00:00+09:00,2458.10009765625,2458.10009765625,2458.10009765625,2458.10009765625,0,0.0,0.0
2021-10-19 00:00:00+09:00,2458.10009765625,2458.10009765625,2458.10009765625,2458.10009765625,0,0.0,0.0
2021-10-20 00:00:00+09:00,2413.8541024191336,2458.0999006304824,2409.921142578125,2409.921142578125,400,0.0,0.0
2021-10-21 00:00:00+09:00,2400.088780629439,2546.591537005427,2399.1055406537616,2457.11669921875,2900,0.0,0.0
2021-10-22 00:00:00+09:00,2506.2784846940363,2510.2114442620145,2467.93212890625,2467.93212890625,600,0.0,0.0
2021-10-25 00:00:00+09:00,2467.932498046875,2467.932498046875,2418.77049609375,2458.10009765625,500,0.0,0.0
2021-10-26 00:00:00+09:00,2458.10009765625,2458.10009765625,2458.10009765625,2458.10009765625,0,0.0,0.0
2021-10-27 00:00:00+09:00,2458.0999780371485,2458.0999780371485,2448.267578125,2448.267578125,200,0.0,0.0
2021-10-28 00:00:00+09:00,2458.099930830102,2483.664170110735,2440.401611328125,2440.401611328125,1500,0.0,0.0
2021-10-29 00:00:00+09:00,2440.401611328125,2440.401611328125,2440.401611328125,2440.401611328125,0,0.0,0.0
2021-11-01 00:00:00+09:00,2396.1558784199947,2472.848598369424,2369.6083984375,2369.6083984375,2300,0.0,0.0
2021-11-02 00:00:00+09:00,2369.6083984375,2369.6083984375,2369.6083984375,2369.6083984375,0,0.0,0.0
2021-11-04 00:00:00+09:00,2358.792566091046,2358.792566091046,2357.809326171875,2357.809326171875,200,0.0,0.0
2021-11-05 00:00:00+09:00,2357.809326171875,2357.809326171875,2357.809326171875,2357.809326171875,0,0.0,0.0
2021-11-08 00:00:00+09:00,2358.792724609375,2358.792724609375,2358.792724609375,2358.792724609375,100,0.0,0.0
2021-11-09 00:00:00+09:00,2325.3624847155656,2340.111083984375,2325.3624847155656,2340.111083984375,200,0.0,0.0
2021-11-10 00:00:00+09:00,2340.111083984375,2340.111083984375,2340.111083984375,2340.111083984375,0,0.0,0.0
2021-11-11 00:00:00+09:00,2387.306583596414,2398.1222229784407,2306.680908203125,2306.680908203125,900,0.0,0.0
2021-11-12 00:00:00+09:00,2306.680908203125,2306.680908203125,2306.680908203125,2306.680908203125,0,0.0,0.0
2021-11-15 00:00:00+09:00,2306.680908203125,2306.680908203125,2306.680908203125,2306.680908203125,100,0.0,0.0
2021-11-16 00:00:00+09:00,2306.680908203125,2306.680908203125,2306.680908203125,2306.680908203125,0,0.0,0.0
2021-11-17 00:00:00+09:00,2306.680908203125,2306.680908203125,2306.680908203125,2306.680908203125,0,0.0,0.0
2021-11-18 00:00:00+09:00,2306.680908203125,2306.680908203125,2306.680908203125,2306.680908203125,0,0.0,0.0
2021-11-19 00:00:00+09:00,2306.680908203125,2306.680908203125,2306.680908203125,2306.680908203125,0,0.0,0.0
2021-11-22 00:00:00+09:00,2306.680908203125,2306.680908203125,2306.680908203125,2306.680908203125,0,0.0,0.0
2021-11-24 00:00:00+09:00,2355.84326171875,2355.84326171875,2355.84326171875,2355.84326171875,100,0.0,0.0
2021-11-25 00:00:00+09:00,2405.0048828125,2405.0048828125,2405.0048828125,2405.0048828125,200,0.0,0.0
2021-11-26 00:00:00+09:00,2405.0048828125,2405.0048828125,2405.0048828125,2405.0048828125,0,0.0,0.0
2021-11-29 00:00:00+09:00,2405.0048828125,2405.0048828125,2405.0048828125,2405.0048828125,0,0.0,0.0
2021-11-30 00:00:00+09:00,2359.776013962766,2359.776013962766,2310.614013671875,2310.614013671875,200,0.0,0.0
2021-12-01 00:00:00+09:00,2310.614013671875,2310.614013671875,2310.614013671875,2310.614013671875,0,0.0,0.0
2021-12-02 00:00:00+09:00,2315.5299853515626,2315.5299853515626,2201.474155924479,2212.289794921875,1400,0.0,0.0
2021-12-03 00:00:00+09:00,2261.451895303375,2261.451895303375,2188.692138671875,2188.692138671875,300,0.0,0.0
2021-12-06 00:00:00+09:00,2188.692289575085,2188.692289575085,2172.96044921875,2172.96044921875,3600,0.0,0.0
2021-12-07 00:00:00+09:00,2172.9604437447447,2202.457644338565,2163.1280435468047,2192.625244140625,900,0.0,0.0
2021-12-08 00:00:00+09:00,2191.641845703125,2191.641845703125,2172.9602866773917,2191.641845703125,300,0.0,0.0
2021-12-09 00:00:00+09:00,2191.641837740848,2230.971435546875,2191.641837740848,2230.971435546875,21200,0.0,0.0
2021-12-10 00:00:00+09:00,2230.971435546875,2230.971435546875,2230.971435546875,2230.971435546875,0,0.0,0.0
2021-12-13 00:00:00+09:00,2181.809357747396,2230.9713531901043,2181.809357747396,2212.289794921875,300,0.0,0.0
2021-12-14 00:00:00+09:00,2212.289794921875,2212.289794921875,2212.289794921875,2212.289794921875,0,0.0,0.0
2021-12-15 00:00:00+09:00,2212.289794921875,2212.289794921875,2212.289794921875,2212.289794921875,0,0.0,0.0
2021-12-16 00:00:00+09:00,2212.2898765890122,2230.971435546875,2212.2898765890122,2230.971435546875,300,0.0,0.0
2021-12-17 00:00:00+09:00,2230.971435546875,2230.971435546875,2230.971435546875,2230.971435546875,0,0.0,0.0
2021-12-20 00:00:00+09:00,2182.792724609375,2182.792724609375,2182.792724609375,2182.792724609375,100,0.0,0.0
2021-12-21 00:00:00+09:00,2185.7421875,2185.7421875,2185.7421875,2185.7421875,100,0.0,0.0
2021-12-22 00:00:00+09:00,2230.971369441443,2230.971369441443,2189.67529296875,2189.67529296875,300,0.0,0.0
2021-12-23 00:00:00+09:00,2192.6250127167996,2192.6250127167996,2189.67529296875,2189.67529296875,300,0.0,0.0
2021-12-24 00:00:00+09:00,2189.67529296875,2189.67529296875,2189.67529296875,2189.67529296875,0,0.0,0.0
2021-12-27 00:00:00+09:00,2238.83740234375,2238.83740234375,2238.83740234375,2238.83740234375,200,0.0,0.0
2021-12-28 00:00:00+09:00,2217.206298828125,2217.206298828125,2217.206298828125,2217.206298828125,100,0.0,0.0
2021-12-29 00:00:00+09:00,2250.6362647545857,2261.451904296875,2250.6362647545857,2261.451904296875,400,0.0,0.0
2021-12-30 00:00:00+09:00,2261.451904296875,2261.451904296875,2261.451904296875,2261.451904296875,0,0.0,0.0
2022-01-04 00:00:00+09:00,2222.1221280087525,2246.703125,2222.1221280087525,2246.703125,300,0.0,0.0
2022-01-05 00:00:00+09:00,2247.6865448794156,2261.451904296875,2247.6865448794156,2261.451904296875,200,0.0,0.0
2022-01-06 00:00:00+09:00,2261.451904296875,2261.451904296875,2261.451904296875,2261.451904296875,0,0.0,0.0
2022-01-07 00:00:00+09:00,2261.451904296875,2261.451904296875,2261.451904296875,2261.451904296875,0,0.0,0.0
2022-01-11 00:00:00+09:00,2359.775745664438,2359.775745664438,2351.9098265122234,2352.89306640625,400,0.0,0.0
2022-01-12 00:00:00+09:00,2359.775930433417,2360.759170404431,2347.97705078125,2347.97705078125,600,0.0,0.0
2022-01-13 00:00:00+09:00,2347.97705078125,2347.97705078125,2347.97705078125,2347.97705078125,0,0.0,0.0
2022-01-14 00:00:00+09:00,2347.97705078125,2347.97705078125,2347.97705078125,2347.97705078125,0,0.0,0.0
2022-01-17 00:00:00+09:00,2263.418525565793,2264.4017655855873,2182.792843942685,2192.625244140625,2100,0.0,0.0
2022-01-18 00:00:00+09:00,2215.2398318465184,2215.2398318465184,2214.256591796875,2214.256591796875,300,0.0,0.0
2022-01-19 00:00:00+09:00,2212.290111697588,2214.256591796875,2212.290111697588,2214.256591796875,300,0.0,0.0
2022-01-20 00:00:00+09:00,2214.256591796875,2214.256591796875,2214.256591796875,2214.256591796875,0,0.0,0.0
2022-01-21 00:00:00+09:00,2214.256355602961,2214.256355602961,2174.9267578125,2174.9267578125,700,0.0,0.0
2022-01-24 00:00:00+09:00,2273.251076229577,2303.731518860683,2196.558349609375,2196.558349609375,1000,0.0,0.0
2022-01-25 00:00:00+09:00,2199.5079910522245,2248.669993534393,2199.5079910522245,2214.256591796875,900,0.0,0.0
2022-01-26 00:00:00+09:00,2214.2561536516464,2214.2561536516464,2202.457275390625,2202.457275390625,400,0.0,0.0
2022-01-27 00:00:00+09:00,2249.653233584036,2249.653233584036,2214.256591796875,2214.256591796875,200,0.0,0.0
2022-01-28 00:00:00+09:00,2212.2899628720743,2212.2899628720743,2173.943603515625,2173.943603515625,500,0.0,0.0
2022-01-31 00:00:00+09:00,2223.105502036893,2223.105502036893,2177.87646484375,2177.87646484375,800,0.0,0.0
2022-02-01 00:00:00+09:00,2177.8765747878724,2227.03857421875,2177.8765747878724,2227.03857421875,300,0.0,0.0
2022-02-02 00:00:00+09:00,2227.03857421875,2227.03857421875,2202.457574503311,2227.03857421875,300,0.0,0.0
2022-02-03 00:00:00+09:00,2192.6253960944555,2194.591876270325,2173.943834423696,2176.8935546875,1300,0.0,0.0
2022-02-04 00:00:00+09:00,2173.943689241021,2173.943689241021,2172.96044921875,2172.96044921875,800,0.0,0.0
2022-02-07 00:00:00+09:00,2171.976892222529,2172.960132101308,2170.99365234375,2170.99365234375,1200,0.0,0.0
2022-02-08 00:00:00+09:00,2172.96044921875,2172.96044921875,2172.96044921875,2172.96044921875,500,0.0,0.0
2022-02-09 00:00:00+09:00,2172.960574618253,2172.960574618253,2163.128173828125,2163.128173828125,1300,0.0,0.0
2022-02-10 00:00:00+09:00,2172.9604437447447,2192.625244140625,2172.9604437447447,2192.625244140625,300,0.0,0.0
2022-02-14 00:00:00+09:00,2222.1220703125,2222.1220703125,2222.1220703125,2222.1220703125,100,0.0,0.0
2022-02-15 00:00:00+09:00,2182.792724609375,2182.792724609375,2182.792724609375,2182.792724609375,300,0.0,0.0
2022-02-16 00:00:00+09:00,2182.7927747309604,2227.03857421875,2182.7927747309604,2227.03857421875,300,0.0,0.0
2022-02-17 00:00:00+09:00,2223.10546875,2223.10546875,2223.10546875,2223.10546875,100,0.0,0.0
2022-02-18 00:00:00+09:00,2223.10546875,2223.10546875,2223.10546875,2223.10546875,0,0.0,0.0
2022-02-21 00:00:00+09:00,2183.7757891436922,2183.7757891436922,2084.4685605513855,2128.71435546875,4300,0.0,0.0
2022-02-22 00:00:00+09:00,2177.876533718284,2177.876533718284,2113.9659356633456,2143.463134765625,1000,0.0,0.0
2022-02-24 00:00:00+09:00,2113.9658203125,2113.9658203125,2113.9658203125,2113.9658203125,200,0.0,0.0
2022-02-25 00:00:00+09:00,2163.1276811872212,2202.457275390625,2163.1276811872212,2202.457275390625,400,0.0,0.0
2022-02-28 00:00:00+09:00,2181.8095703125,2181.8095703125,2181.8095703125,2181.8095703125,100,0.0,0.0
2022-03-01 00:00:00+09:00,2123.79853192904,2171.977294921875,2123.79853192904,2171.977294921875,200,0.0,0.0
2022-03-02 00:00:00+09:00,2171.97733453924,2171.97733453924,2163.128173828125,2163.128173828125,200,0.0,0.0
2022-03-03 00:00:00+09:00,2163.1281343721707,2171.977294921875,2163.1281343721707,2171.977294921875,200,0.0,0.0
2022-03-04 00:00:00+09:00,2172.960379619641,2207.373779296875,2172.960379619641,2207.373779296875,500,0.0,0.0
2022-03-07 00:00:00+09:00,2172.960389429209,2172.960389429209,2168.044189453125,2168.044189453125,300,0.0,0.0
2022-03-08 00:00:00+09:00,2168.0442491073954,2172.96044921875,2163.1280489960404,2172.96044921875,500,0.0,0.0
2022-03-09 00:00:00+09:00,2148.37939453125,2148.37939453125,2148.37939453125,2148.37939453125,100,0.0,0.0
2022-03-10 00:00:00+09:00,2163.128173828125,2163.128173828125,2163.128173828125,2163.128173828125,100,0.0,0.0
2022-03-11 00:00:00+09:00,2202.457275390625,2202.457275390625,2202.457275390625,2202.457275390625,100,0.0,0.0
2022-03-14 00:00:00+09:00,2165.094245041732,2201.47412109375,2165.094245041732,2201.47412109375,300,0.0,0.0
2022-03-15 00:00:00+09:00,2197.54150390625,2197.54150390625,2197.54150390625,2197.54150390625,300,0.0,0.0
2022-03-16 00:00:00+09:00,2192.625244140625,2192.625244140625,2192.625244140625,2192.625244140625,100,0.0,0.0
2022-03-17 00:00:00+09:00,2212.290124821101,2214.256604932053,2211.306884765625,2211.306884765625,400,0.0,0.0
2022-03-18 00:00:00+09:00,2212.289940496409,2216.222900390625,2182.7927412897902,2216.222900390625,1300,0.0,0.0
2022-03-22 00:00:00+09:00,2216.2230587842987,2241.7872999237807,2216.2230587842987,2217.206298828125,400,0.0,0.0
2022-03-23 00:00:00+09:00,2253.5861876581753,2253.5861876581753,2208.3571454974967,2233.92138671875,600,0.0,0.0
2022-03-24 00:00:00+09:00,2209.340203366889,2238.83740234375,2207.3737234350983,2238.83740234375,1300,0.0,0.0
2022-03-25 00:00:00+09:00,2238.8372724609376,2238.8372724609376,2212.289794921875,2212.289794921875,300,0.0,0.0
2022-03-28 00:00:00+09:00,2239.8206423096453,2261.451921559343,2238.83740234375,2238.83740234375,1000,0.0,0.0
2022-03-29 00:00:00+09:00,2195.574781168194,2254.5691774378274,2195.574781168194,2253.5859375,800,0.0,0.0
2022-03-30 00:00:00+09:00,2105.4538667822508,2189.3955078125,2105.4538667822508,2189.3955078125,1000,10.0,0.0
2022-03-31 00:00:00+09:00,2204.208738249492,2263.461661320715,2185.4453126102712,2186.432861328125,800,0.0,0.0
2022-04-01 00:00:00+09:00,2185.4453126102712,2186.432861328125,2185.4453126102712,2186.432861328125,200,0.0,0.0
2022-04-04 00:00:00+09:00,2186.432861328125,2186.432861328125,2186.432861328125,2186.432861328125,0,0.0,0.0
2022-04-05 00:00:00+09:00,2142.98046875,2142.98046875,2142.98046875,2142.98046875,100,0.0,0.0
2022-04-06 00:00:00+09:00,2144.955810546875,2144.955810546875,2144.955810546875,2144.955810546875,100,0.0,0.0
2022-04-07 00:00:00+09:00,2144.955566630954,2145.943115234375,2144.955566630954,2145.943115234375,200,0.0,0.0
2022-04-08 00:00:00+09:00,2145.943115234375,2145.943115234375,2145.943115234375,2145.943115234375,0,0.0,0.0
2022-04-11 00:00:00+09:00,2145.94312144604,2173.594482421875,2145.94312144604,2173.594482421875,300,0.0,0.0
2022-04-12 00:00:00+09:00,2173.594482421875,2173.594482421875,2173.594482421875,2173.594482421875,0,0.0,0.0
2022-04-13 00:00:00+09:00,2173.594482421875,2173.594482421875,2173.594482421875,2173.594482421875,0,0.0,0.0
2022-04-14 00:00:00+09:00,2147.9182238632375,2197.295654296875,2147.9182238632375,2197.295654296875,300,0.0,0.0
2022-04-15 00:00:00+09:00,2197.295654296875,2197.295654296875,2197.295654296875,2197.295654296875,0,0.0,0.0
2022-04-18 00:00:00+09:00,2197.295654296875,2197.295654296875,2197.295654296875,2197.295654296875,0,0.0,0.0
2022-04-19 00:00:00+09:00,2197.295654296875,2197.295654296875,2197.295654296875,2197.295654296875,0,0.0,0.0
2022-04-20 00:00:00+09:00,2177.544677734375,2177.544677734375,2177.544677734375,2177.544677734375,100,0.0,0.0
2022-04-21 00:00:00+09:00,2177.544677734375,2177.544677734375,2177.544677734375,2177.544677734375,0,0.0,0.0
2022-04-22 00:00:00+09:00,2190.3828125,2190.3828125,2190.3828125,2190.3828125,100,0.0,0.0
2022-04-25 00:00:00+09:00,2189.395254471723,2189.395254471723,2148.90576171875,2148.90576171875,300,0.0,0.0
2022-04-26 00:00:00+09:00,2172.6069379926803,2192.35791015625,2172.6069379926803,2192.35791015625,500,0.0,0.0
2022-04-27 00:00:00+09:00,2147.918211088018,2147.918211088018,2140.017822265625,2140.017822265625,200,0.0,0.0
2022-04-28 00:00:00+09:00,2124.21728515625,2124.21728515625,2124.21728515625,2124.21728515625,100,0.0,0.0
2022-05-02 00:00:00+09:00,2147.9184634790104,2206.183837890625,2147.9184634790104,2206.183837890625,800,0.0,0.0
2022-05-06 00:00:00+09:00,2206.1835980825754,2225.9345703125,2206.1835980825754,2225.9345703125,200,0.0,0.0
2022-05-09 00:00:00+09:00,2226.922118923996,2226.922118923996,2225.9345703125,2225.9345703125,200,0.0,0.0
2022-05-10 00:00:00+09:00,2226.922124282683,2250.623291015625,2226.922124282683,2250.623291015625,300,0.0,0.0
2022-05-11 00:00:00+09:00,2250.623291015625,2250.623291015625,2250.623291015625,2250.623291015625,0,0.0,0.0
2022-05-12 00:00:00+09:00,2250.623291015625,2250.623291015625,2250.623291015625,2250.623291015625,0,0.0,0.0
2022-05-13 00:00:00+09:00,2250.623291015625,2250.623291015625,2250.623291015625,2250.623291015625,0,0.0,0.0
2022-05-16 00:00:00+09:00,2250.623291015625,2250.623291015625,2250.623291015625,2250.623291015625,0,0.0,0.0
2022-05-17 00:00:00+09:00,2250.623291015625,2250.623291015625,2250.623291015625,2250.623291015625,0,0.0,0.0
2022-05-18 00:00:00+09:00,2250.623291015625,2250.623291015625,2250.623291015625,2250.623291015625,0,0.0,0.0
2022-05-19 00:00:00+09:00,2136.0676513993535,2248.648193359375,2136.0676513993535,2248.648193359375,700,0.0,0.0
2022-05-20 00:00:00+09:00,2248.64819314484,2248.64819314484,2212.1088944420035,2247.66064453125,400,0.0,0.0
2022-05-23 00:00:00+09:00,2198.283447265625,2198.283447265625,2198.283447265625,2198.283447265625,200,0.0,0.0
2022-05-24 00:00:00+09:00,2232.8476529670693,2232.8476529670693,2203.22119140625,2203.22119140625,200,0.0,0.0
2022-05-25 00:00:00+09:00,2231.8598544833894,2231.8598544833894,2192.35791015625,2192.35791015625,400,0.0,0.0
2022-05-26 00:00:00+09:00,2192.35791015625,2192.35791015625,2192.35791015625,2192.35791015625,0,0.0,0.0
2022-05-27 00:00:00+09:00,2241.7353526356455,2246.673095703125,2158.7812691019917,2246.673095703125,1300,0.0,0.0
2022-05-30 00:00:00+09:00,2197.295651649168,2197.295651649168,2185.445068359375,2185.445068359375,200,0.0,0.0
2022-05-31 00:00:00+09:00,2185.4453084627644,2185.4453084627644,2149.8935546875,2149.8935546875,300,0.0,0.0
2022-06-01 00:00:00+09:00,2151.868408203125,2151.868408203125,2151.868408203125,2151.868408203125,200,0.0,0.0
2022-06-02 00:00:00+09:00,2151.868408203125,2151.868408203125,2151.868408203125,2151.868408203125,3800,0.0,0.0
2022-06-03 00:00:00+09:00,2151.868408203125,2151.868408203125,2151.868408203125,2151.868408203125,0,0.0,0.0
2022-06-06 00:00:00+09:00,2150.880859375,2150.880859375,2150.880859375,2150.880859375,100,0.0,0.0
2022-06-07 00:00:00+09:00,2150.880859375,2150.880859375,2150.880859375,2150.880859375,0,0.0,0.0
2022-06-08 00:00:00+09:00,2150.880859375,2150.880859375,2150.880859375,2150.880859375,0,0.0,0.0
2022-06-09 00:00:00+09:00,2150.880859375,2150.880859375,2150.880859375,2150.880859375,0,0.0,0.0
2022-06-10 00:00:00+09:00,2151.8684137417054,2176.55712890625,2151.8684137417054,2176.55712890625,200,0.0,0.0
2022-06-13 00:00:00+09:00,2225.93457460697,2263.4614219162268,2225.93457460697,2245.685546875,600,0.0,0.0
2022-06-14 00:00:00+09:00,2233.834949900401,2233.834949900401,2184.45751953125,2184.45751953125,300,0.0,0.0
2022-06-15 00:00:00+09:00,2174.5820334574196,2184.45751953125,2174.5820334574196,2184.45751953125,200,0.0,0.0
2022-06-16 00:00:00+09:00,2169.644287109375,2169.644287109375,2169.644287109375,2169.644287109375,100,0.0,0.0
2022-06-17 00:00:00+09:00,2169.644287109375,2169.644287109375,2169.644287109375,2169.644287109375,0,0.0,0.0
2022-06-20 00:00:00+09:00,2072.86450218564,2102.4909600539436,2072.86450218564,2073.85205078125,11700,0.0,0.0
2022-06-21 00:00:00+09:00,2073.85205078125,2073.85205078125,2073.85205078125,2073.85205078125,100,0.0,0.0
2022-06-22 00:00:00+09:00,2172.607172056686,2172.607172056686,2123.229736328125,2123.229736328125,500,0.0,0.0
2022-06-23 00:00:00+09:00,2106.44140625,2106.44140625,2106.44140625,2106.44140625,100,0.0,0.0
2022-06-24 00:00:00+09:00,2112.366455078125,2112.366455078125,2112.366455078125,2112.366455078125,100,0.0,0.0
2022-06-27 00:00:00+09:00,2161.743896484375,2161.743896484375,2161.743896484375,2161.743896484375,200,0.0,0.0
2022-06-28 00:00:00+09:00,2161.743896484375,2161.743896484375,2161.743896484375,2161.743896484375,0,0.0,0.0
2022-06-29 00:00:00+09:00,2083.7275390625,2083.7275390625,2083.7275390625,2083.7275390625,300,0.0,0.0
2022-06-30 00:00:00+09:00,2086.690185546875,2086.690185546875,2086.690185546875,2086.690185546875,100,0.0,0.0
2022-07-01 00:00:00+09:00,2086.690185546875,2086.690185546875,2086.690185546875,2086.690185546875,0,0.0,0.0
2022-07-04 00:00:00+09:00,2086.690185546875,2086.690185546875,2086.690185546875,2086.690185546875,0,0.0,0.0
2022-07-05 00:00:00+09:00,2086.690185546875,2086.690185546875,2086.690185546875,2086.690185546875,0,0.0,0.0
2022-07-06 00:00:00+09:00,2086.690185546875,2086.690185546875,2086.690185546875,2086.690185546875,0,0.0,0.0
2022-07-07 00:00:00+09:00,2088.665528949184,2102.4912109375,2088.665528949184,2102.4912109375,600,0.0,0.0
2022-07-08 00:00:00+09:00,2102.4912109375,2102.4912109375,2102.4912109375,2102.4912109375,0,0.0,0.0
2022-07-11 00:00:00+09:00,2102.4912109375,2102.4912109375,2102.4912109375,2102.4912109375,0,0.0,0.0
2022-07-12 00:00:00+09:00,2151.8686466100576,2151.8686466100576,2102.4912109375,2102.4912109375,200,0.0,0.0
2022-07-13 00:00:00+09:00,2094.5908203125,2094.5908203125,2094.5908203125,2094.5908203125,100,0.0,0.0
2022-07-14 00:00:00+09:00,2143.9682649369674,2172.607177734375,2123.2297418767757,2172.607177734375,1200,0.0,0.0
2022-07-15 00:00:00+09:00,2108.416505044435,2118.2919921875,2108.416505044435,2118.2919921875,600,0.0,0.0
2022-07-19 00:00:00+09:00,2114.341552734375,2114.341552734375,2114.341552734375,2114.341552734375,100,0.0,0.0
2022-07-20 00:00:00+09:00,2119.279539987424,2119.279539987424,2110.3916015625,2110.3916015625,400,0.0,0.0
2022-07-21 00:00:00+09:00,2110.3916015625,2110.3916015625,2110.3916015625,2110.3916015625,0,0.0,0.0
2022-07-22 00:00:00+09:00,2159.769044411399,2172.607177734375,2133.1052290482953,2172.607177734375,300,0.0,0.0
2022-07-25 00:00:00+09:00,2152.8559467396076,2152.8559467396076,2108.416259765625,2108.416259765625,600,0.0,0.0
2022-07-26 00:00:00+09:00,2132.117436344252,2152.85595703125,2108.416269844825,2152.85595703125,700,0.0,0.0
2022-07-27 00:00:00+09:00,2103.4787644865764,2144.955810546875,2095.578374760805,2144.955810546875,1500,0.0,0.0
2022-07-28 00:00:00+09:00,2141.9929201468894,2142.98046875,2139.030274337558,2142.98046875,300,0.0,0.0
2022-07-29 00:00:00+09:00,2141.005615234375,2141.005615234375,2141.005615234375,2141.005615234375,100,0.0,0.0
2022-08-01 00:00:00+09:00,2141.005615234375,2141.005615234375,2141.005615234375,2141.005615234375,100,0.0,0.0
2022-08-02 00:00:00+09:00,2141.005615234375,2141.005615234375,2141.005615234375,2141.005615234375,100,0.0,0.0
2022-08-03 00:00:00+09:00,2113.3540016138495,2113.3540016138495,2103.478515625,2103.478515625,700,0.0,0.0
2022-08-04 00:00:00+09:00,2103.478515625,2103.478515625,2103.478515625,2103.478515625,0,0.0,0.0
2022-08-05 00:00:00+09:00,2103.478515625,2103.478515625,2103.478515625,2103.478515625,0,0.0,0.0
2022-08-08 00:00:00+09:00,2103.478515625,2103.478515625,2103.478515625,2103.478515625,0,0.0,0.0
2022-08-09 00:00:00+09:00,2088.665294259401,2137.05517578125,2088.665294259401,2137.05517578125,500,0.0,0.0
2022-08-10 00:00:00+09:00,2087.67797816867,2087.67797816867,2084.71533203125,2084.71533203125,800,0.0,0.0
2022-08-12 00:00:00+09:00,2084.71533203125,2084.71533203125,2084.71533203125,2084.71533203125,0,0.0,0.0
2022-08-15 00:00:00+09:00,2134.0927734375,2134.0927734375,2134.0927734375,2134.0927734375,300,0.0,0.0
2022-08-16 00:00:00+09:00,2134.0927669425473,2134.0927669425473,2078.7900390625,2078.7900390625,1100,0.0,0.0
2022-08-17 00:00:00+09:00,2128.167480014746,2128.167480014746,2124.21728515625,2124.21728515625,200,0.0,0.0
2022-08-18 00:00:00+09:00,2088.665301213499,2617.9913539087406,2083.7275581846257,2168.65673828125,20100,0.0,0.0
2022-08-19 00:00:00+09:00,2157.793678977273,2172.606907894737,2042.2504934210526,2063.9765625,13800,0.0,0.0
2022-08-22 00:00:00+09:00,2064.964104940725,2092.6154655042546,2038.30029296875,2038.30029296875,4200,0.0,0.0
2022-08-23 00:00:00+09:00,2077.8020216018153,2317.7763045149527,2068.9140851976254,2135.079833984375,27200,0.0,0.0
2022-08-24 00:00:00+09:00,2184.4577546296296,2210.134021184951,2068.9145551306847,2106.44140625,14300,0.0,0.0
2022-08-25 00:00:00+09:00,2107.4287006578948,2107.4287006578948,2042.2504934210526,2063.9765625,9600,0.0,0.0
2022-08-26 00:00:00+09:00,2063.9766790566946,2108.4163683186807,2030.4000249476383,2033.3626708984375,8400,0.0,0.0
2022-08-29 00:00:00+09:00,2038.3004089054803,2052.1260899736376,2004.7237548828125,2004.7237548828125,4500,0.0,0.0
2022-08-30 00:00:00+09:00,2014.599240451389,2052.1260890480326,1994.8482675057871,1999.7860107421875,4700,0.0,0.0
2022-08-31 00:00:00+09:00,2025.462276302693,2042.2506033125155,1996.8233655212312,2003.7362060546875,4500,0.0,0.0
2022-09-01 00:00:00+09:00,1994.8482666015625,2004.7237530698872,1989.9105233674002,1994.8482666015625,1900,0.0,0.0
2022-09-02 00:00:00+09:00,2009.661618057175,2009.661618057175,1984.972900390625,1984.972900390625,1800,0.0,0.0
2022-09-05 00:00:00+09:00,1976.0848397799766,1994.8482640457535,1975.0972911344093,1981.0225830078125,1200,0.0,0.0
2022-09-06 00:00:00+09:00,1983.985224690632,1983.985224690632,1956.3338626740378,1958.3089599609375,3700,0.0,0.0
2022-09-07 00:00:00+09:00,1956.333732726206,1975.0971557054077,1926.707275390625,1926.707275390625,1300,0.0,0.0
2022-09-08 00:00:00+09:00,1940.5330876431901,1976.0848388671875,1940.5330876431901,1976.0848388671875,200,0.0,0.0
2022-09-09 00:00:00+09:00,1965.221690484874,2009.661376953125,1965.221690484874,2009.661376953125,1000,0.0,0.0
2022-09-12 00:00:00+09:00,1966.2093577983637,2005.7113037109375,1966.2093577983637,2005.7113037109375,300,0.0,0.0
2022-09-13 00:00:00+09:00,2009.6616160738074,2009.6616160738074,1969.172119140625,1969.172119140625,700,0.0,0.0
2022-09-14 00:00:00+09:00,1969.172003032306,2001.7611083984375,1969.172003032306,2001.7611083984375,600,0.0,0.0
2022-09-15 00:00:00+09:00,2005.7113029882717,2013.61169216794,2001.7611083984375,2001.7611083984375,1100,0.0,0.0
2022-09-16 00:00:00+09:00,1999.7860107421875,1999.7860107421875,1999.7860107421875,1999.7860107421875,100,0.0,0.0
2022-09-20 00:00:00+09:00,2011.636594873023,2018.5494354052325,2001.7611083984375,2001.7611083984375,1200,0.0,0.0
2022-09-21 00:00:00+09:00,2001.7611051173042,2001.7611051173042,1978.0599376171488,1983.9852294921875,600,0.0,0.0
2022-09-22 00:00:00+09:00,1983.985351683963,2018.549556417133,1982.0102542706388,1984.972900390625,800,0.0,0.0
2022-09-26 00:00:00+09:00,1984.9726564928053,1985.960205078125,1984.9726564928053,1985.960205078125,600,0.0,0.0
2022-09-27 00:00:00+09:00,1985.960205078125,1985.960205078125,1985.960205078125,1985.960205078125,0,0.0,0.0
2022-09-28 00:00:00+09:00,1984.9727790476431,1988.9229736328125,1982.9976817550582,1988.9229736328125,300,0.0,0.0
2022-09-29 00:00:00+09:00,1984.9727746398005,2013.6116853186832,1965.2218017578125,1965.2218017578125,300,0.0,0.0
2022-09-30 00:00:00+09:00,1965.2218017578125,1965.2218017578125,1965.2218017578125,1965.2218017578125,0,0.0,0.0
2022-10-03 00:00:00+09:00,2004.7237501315726,2018.549431166963,1979.0474853515625,1979.0474853515625,700,0.0,0.0
2022-10-04 00:00:00+09:00,1990.8980712890625,1990.8980712890625,1990.8980712890625,1990.8980712890625,100,0.0,0.0
2022-10-05 00:00:00+09:00,1989.9105251669298,2004.7237548828125,1989.9105251669298,2004.7237548828125,300,0.0,0.0
2022-10-06 00:00:00+09:00,2004.7237548828125,2004.7237548828125,2004.7237548828125,2004.7237548828125,100,0.0,0.0
2022-10-07 00:00:00+09:00,2004.7237548828125,2004.7237548828125,2004.7237548828125,2004.7237548828125,100,0.0,0.0
2022-10-11 00:00:00+09:00,1981.0225855459082,1994.8482666015625,1980.0350368990757,1994.8482666015625,300,0.0,0.0
2022-10-12 00:00:00+09:00,1994.8482666015625,1994.8482666015625,1994.8482666015625,1994.8482666015625,0,0.0,0.0
2022-10-13 00:00:00+09:00,2004.723758455602,2074.839712569074,2004.723758455602,2024.4747314453125,2600,0.0,0.0
2022-10-14 00:00:00+09:00,2024.4748480361595,2024.4748480361595,1980.03515625,1980.03515625,400,0.0,0.0
2022-10-17 00:00:00+09:00,1980.03515625,1980.03515625,1980.03515625,1980.03515625,0,0.0,0.0
2022-10-18 00:00:00+09:00,1980.03515625,1980.03515625,1980.03515625,1980.03515625,0,0.0,0.0
2022-10-19 00:00:00+09:00,2024.4747314453125,2024.4747314453125,2024.4747314453125,2024.4747314453125,100,0.0,0.0
2022-10-20 00:00:00+09:00,2024.4747314453125,2024.4747314453125,2024.4747314453125,2024.4747314453125,500,0.0,0.0
2022-10-21 00:00:00+09:00,2023.4871826171875,2023.4871826171875,2023.4871826171875,2023.4871826171875,100,0.0,0.0
2022-10-24 00:00:00+09:00,2041.2631820485562,2041.2631820485562,2028.425048828125,2028.425048828125,200,0.0,0.0
2022-10-25 00:00:00+09:00,2041.2630539279514,2041.2630539279514,1999.7860107421875,1999.7860107421875,800,0.0,0.0
2022-10-26 00:00:00+09:00,1999.7860107421875,1999.7860107421875,1999.7860107421875,1999.7860107421875,0,0.0,0.0
2022-10-27 00:00:00+09:00,2035.3376555524555,2073.85205078125,2035.3376555524555,2073.85205078125,3800,0.0,0.0
2022-10-28 00:00:00+09:00,2073.85205078125,2073.85205078125,2073.85205078125,2073.85205078125,100,0.0,0.0
2022-10-31 00:00:00+09:00,2073.852050315777,2073.852050315777,2071.876953125,2071.876953125,300,0.0,0.0
2022-11-01 00:00:00+09:00,2071.876953125,2071.876953125,2071.876953125,2071.876953125,0,0.0,0.0
2022-11-02 00:00:00+09:00,2062.9892576955745,2062.9892576955745,2062.001708984375,2062.001708984375,200,0.0,0.0
2022-11-04 00:00:00+09:00,2062.001708984375,2062.001708984375,2062.001708984375,2062.001708984375,0,0.0,0.0
2022-11-07 00:00:00+09:00,2062.001708984375,2062.001708984375,2062.001708984375,2062.001708984375,0,0.0,0.0
2022-11-08 00:00:00+09:00,2014.5992413600677,2014.5992413600677,2004.7237548828125,2004.7237548828125,500,0.0,0.0
2022-11-09 00:00:00+09:00,2004.7237548828125,2004.7237548828125,2004.7237548828125,2004.7237548828125,0,0.0,0.0
2022-11-10 00:00:00+09:00,1986.9478802933909,2010.6490478515625,1986.9478802933909,2010.6490478515625,200,0.0,0.0
2022-11-11 00:00:00+09:00,2010.6490478515625,2010.6490478515625,2010.6490478515625,2010.6490478515625,0,0.0,0.0
2022-11-14 00:00:00+09:00,2010.6490478515625,2010.6490478515625,2010.6490478515625,2010.6490478515625,0,0.0,0.0
2022-11-15 00:00:00+09:00,2024.4747314453125,2024.4747314453125,2024.4747314453125,2024.4747314453125,100,0.0,0.0
2022-11-16 00:00:00+09:00,2054.101187084155,2054.101187084155,2003.7362060546875,2003.7362060546875,500,0.0,0.0
2022-11-17 00:00:00+09:00,2003.7362060546875,2003.7362060546875,2003.7362060546875,2003.7362060546875,0,0.0,0.0
2022-11-18 00:00:00+09:00,2024.4747314453125,2024.4747314453125,2024.4747314453125,2024.4747314453125,200,0.0,0.0
2022-11-21 00:00:00+09:00,2024.4747314453125,2024.4747314453125,2024.4747314453125,2024.4747314453125,200,0.0,0.0
2022-11-22 00:00:00+09:00,2042.2506069557558,2042.2506069557558,2004.723758278619,2023.4871826171875,400,0.0,0.0
2022-11-24 00:00:00+09:00,2012.624267578125,2012.624267578125,2011.636718869794,2012.624267578125,300,0.0,0.0
2022-11-25 00:00:00+09:00,2022.4996337890625,2022.4996337890625,2022.4996337890625,2022.4996337890625,300,0.0,0.0
2022-11-28 00:00:00+09:00,2023.4871799165169,2023.4871799165169,1955.3463231989767,2008.6739501953125,15100,0.0,0.0
2022-11-29 00:00:00+09:00,1996.8233642578125,1996.8233642578125,1996.8233642578125,1996.8233642578125,100,0.0,0.0
2022-11-30 00:00:00+09:00,2018.54931640625,2018.54931640625,2018.54931640625,2018.54931640625,3600,0.0,0.0
2022-12-01 00:00:00+09:00,2018.54931640625,2018.54931640625,2018.54931640625,2018.54931640625,0,0.0,0.0
2022-12-02 00:00:00+09:00,2018.54931640625,2018.54931640625,2018.54931640625,2018.54931640625,0,0.0,0.0
2022-12-05 00:00:00+09:00,2018.54931640625,2018.54931640625,2018.54931640625,2018.54931640625,0,0.0,0.0
2022-12-06 00:00:00+09:00,2018.54931640625,2018.54931640625,2018.54931640625,2018.54931640625,0,0.0,0.0
2022-12-07 00:00:00+09:00,2018.54931640625,2018.54931640625,2018.54931640625,2018.54931640625,300,0.0,0.0
2022-12-08 00:00:00+09:00,2018.54931640625,2018.54931640625,2018.54931640625,2018.54931640625,0,0.0,0.0
2022-12-09 00:00:00+09:00,2018.54931640625,2018.54931640625,2018.54931640625,2018.54931640625,100,0.0,0.0
2022-12-12 00:00:00+09:00,2017.561882521578,2017.561882521578,1979.0474853515625,1979.0474853515625,400,0.0,0.0
2022-12-13 00:00:00+09:00,1979.0474898637722,2003.7362060546875,1979.0474898637722,2003.7362060546875,600,0.0,0.0
2022-12-14 00:00:00+09:00,1994.8482666015625,1994.8482666015625,1994.8482666015625,1994.8482666015625,200,0.0,0.0
2022-12-15 00:00:00+09:00,2014.5992358398437,2014.5992358398437,1975.0972900390625,1975.0972900390625,500,0.0,0.0
2022-12-16 00:00:00+09:00,2009.661376953125,2009.661376953125,2009.661376953125,2009.661376953125,1100,0.0,0.0
2022-12-19 00:00:00+09:00,1984.972900390625,1984.972900390625,1984.972900390625,1984.972900390625,100,0.0,0.0
2022-12-20 00:00:00+09:00,2011.6364643297698,2011.6364643297698,1967.1967780780076,1970.159423828125,900,0.0,0.0
2022-12-21 00:00:00+09:00,1976.0848388671875,1976.0848388671875,1976.0848388671875,1976.0848388671875,100,0.0,0.0
2022-12-22 00:00:00+09:00,2002.74853515625,2002.74853515625,2002.74853515625,2002.74853515625,500,0.0,0.0
2022-12-23 00:00:00+09:00,2012.624267578125,2012.624267578125,2012.624267578125,2012.624267578125,100,0.0,0.0
2022-12-26 00:00:00+09:00,2013.611572265625,2013.611572265625,2013.611572265625,2013.611572265625,700,0.0,0.0
2022-12-27 00:00:00+09:00,2012.6240236769709,2013.611572265625,2012.6240236769709,2013.611572265625,400,0.0,0.0
2022-12-28 00:00:00+09:00,2013.611572265625,2013.611572265625,2013.611572265625,2013.611572265625,0,0.0,0.0
2022-12-29 00:00:00+09:00,1965.2218017578125,1965.2218017578125,1965.2218017578125,1965.2218017578125,100,0.0,0.0
2022-12-30 00:00:00+09:00,2054.1011872690888,2054.1011872690888,2004.7237548828125,2004.7237548828125,200,0.0,0.0
2023-01-04 00:00:00+09:00,1980.03515625,1980.03515625,1980.03515625,1980.03515625,100,0.0,0.0
2023-01-05 00:00:00+09:00,2029.4124734349189,2029.4124734349189,2017.5618896484375,2017.5618896484375,200,0.0,0.0
2023-01-06 00:00:00+09:00,1982.9976806640625,1982.9976806640625,1982.9976806640625,1982.9976806640625,100,0.0,0.0
2023-01-10 00:00:00+09:00,2032.3751233117057,2039.2879638671875,2032.3751233117057,2039.2879638671875,300,0.0,0.0
2023-01-11 00:00:00+09:00,2004.7236408558927,2038.30029296875,2004.7236408558927,2038.30029296875,300,0.0,0.0
2023-01-12 00:00:00+09:00,2034.350341796875,2034.350341796875,2034.350341796875,2034.350341796875,100,0.0,0.0
2023-01-13 00:00:00+09:00,2033.362793087265,2044.2258288929763,2033.362793087265,2034.350341796875,500,0.0,0.0
2023-01-16 00:00:00+09:00,2003.7362112150945,2053.113643724091,2003.7362112150945,2032.3751220703125,300,0.0,0.0
2023-01-17 00:00:00+09:00,2032.3751220703125,2032.3751220703125,2032.3751220703125,2032.3751220703125,0,0.0,0.0
2023-01-18 00:00:00+09:00,2032.3751220703125,2032.3751220703125,2032.3751220703125,2032.3751220703125,0,0.0,0.0
2023-01-19 00:00:00+09:00,2032.3751220703125,2032.3751220703125,2032.3751220703125,2032.3751220703125,0,0.0,0.0
2023-01-20 00:00:00+09:00,2032.3751220703125,2032.3751220703125,2032.3751220703125,2032.3751220703125,0,0.0,0.0
2023-01-23 00:00:00+09:00,2054.1010753896885,2059.038818359375,2044.2255894503148,2059.038818359375,600,0.0,0.0
2023-01-24 00:00:00+09:00,2073.85205078125,2073.85205078125,2073.85205078125,2073.85205078125,100,0.0,0.0
2023-01-25 00:00:00+09:00,2040.275390625,2040.275390625,2040.275390625,2040.275390625,400,0.0,0.0
2023-01-26 00:00:00+09:00,2082.740234375,2082.740234375,2082.740234375,2082.740234375,100,0.0,0.0
2023-01-27 00:00:00+09:00,2045.2133799626276,2054.101318359375,2045.2133799626276,2054.101318359375,200,0.0,0.0
2023-01-30 00:00:00+09:00,2062.9892578125,2062.9892578125,2062.9892578125,2062.9892578125,100,0.0,0.0
2023-01-31 00:00:00+09:00,2081.752441869076,2083.7275390625,2081.752441869076,2083.7275390625,400,0.0,0.0
2023-02-01 00:00:00+09:00,2055.088623046875,2055.088623046875,2055.088623046875,2055.088623046875,300,0.0,0.0
2023-02-02 00:00:00+09:00,2062.9890162295387,2073.85205078125,2062.9890162295387,2073.85205078125,200,0.0,0.0
2023-02-03 00:00:00+09:00,2056.0761725775633,2080.7648874259967,2056.0761725775633,2059.038818359375,600,0.0,0.0
2023-02-06 00:00:00+09:00,2095.5783690255184,2095.5783690255184,2058.051517930811,2094.5908203125,600,0.0,0.0
2023-02-07 00:00:00+09:00,2094.5908159779497,2094.5908159779497,2058.051513671875,2058.051513671875,300,0.0,0.0
2023-02-08 00:00:00+09:00,2058.0512709330146,2063.9765625,2058.0512709330146,2063.9765625,200,0.0,0.0
2023-02-09 00:00:00+09:00,2063.9765625,2063.9765625,2063.9765625,2063.9765625,0,0.0,0.0
2023-02-10 00:00:00+09:00,2063.9765694096404,2093.60302734375,2049.1633404425856,2093.60302734375,1000,0.0,0.0
2023-02-13 00:00:00+09:00,2101.5034138033175,2101.5034138033175,2083.7275390625,2083.7275390625,500,0.0,0.0
2023-02-14 00:00:00+09:00,2083.7275390625,2083.7275390625,2083.7275390625,2083.7275390625,200,0.0,0.0
2023-02-15 00:00:00+09:00,2083.7275390625,2083.7275390625,2083.7275390625,2083.7275390625,0,0.0,0.0
2023-02-16 00:00:00+09:00,2083.7275436473005,2103.478515625,2083.7275436473005,2103.478515625,400,0.0,0.0
2023-02-17 00:00:00+09:00,2074.83984375,2074.83984375,2074.83984375,2074.83984375,200,0.0,0.0
2023-02-20 00:00:00+09:00,2098.540764019014,2098.540764019014,2066.939208984375,2066.939208984375,300,0.0,0.0
2023-02-21 00:00:00+09:00,2067.927001953125,2067.927001953125,2067.927001953125,2067.927001953125,200,0.0,0.0
2023-02-22 00:00:00+09:00,2035.3376578236077,2083.7275390625,2034.3501092268957,2083.7275390625,1500,0.0,0.0
2023-02-24 00:00:00+09:00,2038.3003020238943,2081.752440245334,2038.3003020238943,2076.814697265625,500,0.0,0.0
2023-02-27 00:00:00+09:00,2075.827392578125,2075.827392578125,2075.827392578125,2075.827392578125,400,0.0,0.0
2023-02-28 00:00:00+09:00,2110.3916015625,2110.3916015625,2110.3916015625,2110.3916015625,300,0.0,0.0
2023-03-01 00:00:00+09:00,2110.3916015625,2110.3916015625,2110.3916015625,2110.3916015625,0,0.0,0.0
2023-03-02 00:00:00+09:00,2061.0139169496874,2064.964111328125,2061.0139169496874,2064.964111328125,200,0.0,0.0
2023-03-03 00:00:00+09:00,2092.6154787459463,2093.60302734375,2092.6154787459463,2093.60302734375,200,0.0,0.0
2023-03-06 00:00:00+09:00,2093.60302734375,2105.453610517394,2093.60302734375,2093.60302734375,500,0.0,0.0
2023-03-07 00:00:00+09:00,2093.6030268826726,2093.6030268826726,2091.6279296875,2091.6279296875,400,0.0,0.0
2023-03-08 00:00:00+09:00,2089.6528390814215,2122.2419429045253,2089.6528390814215,2120.266845703125,700,0.0,0.0
2023-03-09 00:00:00+09:00,2098.5410159691833,2121.2546363773204,2087.677980121813,2101.503662109375,1700,0.0,0.0
2023-03-10 00:00:00+09:00,2101.503416126179,2107.428707713001,2088.6652843547317,2093.60302734375,1200,0.0,0.0
2023-03-13 00:00:00+09:00,2083.7275390625,2083.7275390625,2083.7275390625,2083.7275390625,100,0.0,0.0
2023-03-14 00:00:00+09:00,2083.7275438742813,2241.7353197130897,2083.7275438742813,2104.466064453125,7200,0.0,0.0
2023-03-15 00:00:00+09:00,2104.466073449555,2236.7975862802637,2073.8520667499133,2143.968017578125,6700,0.0,0.0
2023-03-16 00:00:00+09:00,2108.416259765625,2108.416259765625,2108.416259765625,2108.416259765625,100,0.0,0.0
2023-03-17 00:00:00+09:00,2098.540768013181,2098.540768013181,2083.7275390625,2083.7275390625,500,0.0,0.0
2023-03-20 00:00:00+09:00,2085.702882124352,2108.4165025262746,2085.702882124352,2096.56591796875,400,0.0,0.0
2023-03-22 00:00:00+09:00,2102.4910029029265,2271.361816193861,2102.4910029029265,2270.374267578125,3500,0.0,0.0
2023-03-23 00:00:00+09:00,2263.4614212661,2263.4614212661,2188.407726669144,2242.722900390625,1700,0.0,0.0
2023-03-24 00:00:00+09:00,2226.9221125570575,2226.9221125570575,2194.333008470857,2197.295654296875,900,0.0,0.0
2023-03-27 00:00:00+09:00,2245.685788301745,2245.685788301745,2200.258547201534,2220.9970703125,1200,0.0,0.0
2023-03-28 00:00:00+09:00,2197.2956597222224,2221.984375,2197.2956597222224,2221.984375,400,0.0,0.0
2023-03-29 00:00:00+09:00,2230.8723103114535,2230.8723103114535,2195.320560346331,2212.10888671875,1300,0.0,0.0
2023-03-30 00:00:00+09:00,2063.312313988095,2083.15185546875,2055.376497395833,2083.15185546875,1500,10.0,0.0
2023-03-31 00:00:00+09:00,2110.92724609375,2110.92724609375,2110.92724609375,2110.92724609375,200,0.0,0.0
2023-04-03 00:00:00+09:00,2064.304443359375,2064.304443359375,2064.304443359375,2064.304443359375,300,0.0,0.0
2023-04-04 00:00:00+09:00,2072.239990234375,2072.239990234375,2072.239990234375,2072.239990234375,100,0.0,0.0
2023-04-05 00:00:00+09:00,2072.239990234375,2072.239990234375,2072.239990234375,2072.239990234375,0,0.0,0.0
2023-04-06 00:00:00+09:00,2083.151915015244,2083.151915015244,2074.22412109375,2074.22412109375,200,0.0,0.0
2023-04-07 00:00:00+09:00,2074.22412109375,2074.22412109375,2074.22412109375,2074.22412109375,0,0.0,0.0
2023-04-10 00:00:00+09:00,2073.232177734375,2073.232177734375,2073.232177734375,2073.232177734375,200,0.0,0.0
2023-04-11 00:00:00+09:00,2082.16015625,2082.16015625,2082.16015625,2082.16015625,100,0.0,0.0
2023-04-12 00:00:00+09:00,2082.16015625,2082.16015625,2082.16015625,2082.16015625,0,0.0,0.0
2023-04-13 00:00:00+09:00,2082.16015625,2082.16015625,2082.16015625,2082.16015625,0,0.0,0.0
2023-04-14 00:00:00+09:00,2082.16015625,2082.16015625,2082.16015625,2082.16015625,100,0.0,0.0
2023-04-17 00:00:00+09:00,2082.16015625,2082.16015625,2082.16015625,2082.16015625,0,0.0,0.0
2023-04-18 00:00:00+09:00,2101.0075370533045,2101.0075370533045,2073.232177734375,2073.232177734375,200,0.0,0.0
2023-04-19 00:00:00+09:00,2073.232177734375,2073.232177734375,2073.232177734375,2073.232177734375,0,0.0,0.0
2023-04-20 00:00:00+09:00,2073.232177734375,2073.232177734375,2073.232177734375,2073.232177734375,100,0.0,0.0
2023-04-21 00:00:00+09:00,2096.0475574311754,2103.9833740234376,2083.15185546875,2083.15185546875,300,0.0,0.0
2023-04-24 00:00:00+09:00,2110.9272718897405,2110.9272718897405,2102.991455078125,2102.991455078125,200,0.0,0.0
2023-04-25 00:00:00+09:00,2093.071533203125,2112.911073802207,2093.071533203125,2093.071533203125,900,0.0,0.0
2023-04-26 00:00:00+09:00,2093.071533203125,2093.071533203125,2093.071533203125,2093.071533203125,0,0.0,0.0
2023-04-27 00:00:00+09:00,2083.1517374304394,2083.1517374304394,2072.239990234375,2072.239990234375,1100,0.0,0.0
2023-04-28 00:00:00+09:00,2109.935302734375,2109.935302734375,2109.935302734375,2109.935302734375,200,0.0,0.0
2023-05-01 00:00:00+09:00,2101.007432498692,2171.4378044096493,2073.232074561977,2133.74267578125,2500,0.0,0.0
2023-05-02 00:00:00+09:00,2114.8951195406626,2140.6865234375,2114.8951195406626,2140.6865234375,200,0.0,0.0
2023-05-08 00:00:00+09:00,2107.951171875,2107.951171875,2107.951171875,2107.951171875,100,0.0,0.0
2023-05-09 00:00:00+09:00,2110.92741865447,2141.6787109375,2110.92741865447,2141.6787109375,200,0.0,0.0
2023-05-10 00:00:00+09:00,2140.686592995196,2140.686592995196,2108.9433256291873,2109.935302734375,400,0.0,0.0
2023-05-11 00:00:00+09:00,2109.935302734375,2109.935302734375,2109.935302734375,2109.935302734375,0,0.0,0.0
2023-05-12 00:00:00+09:00,2109.935302734375,2109.935302734375,2109.935302734375,2109.935302734375,0,0.0,0.0
2023-05-15 00:00:00+09:00,2132.7508102804563,2132.7508102804563,2108.943359375,2108.943359375,300,0.0,0.0
2023-05-16 00:00:00+09:00,2135.7268861096027,2135.7268861096027,2111.91943359375,2111.91943359375,700,0.0,0.0
2023-05-17 00:00:00+09:00,2133.7425577038916,2133.7425577038916,2111.9190633898584,2122.830810546875,500,0.0,0.0
2023-05-18 00:00:00+09:00,2138.702652469758,2152.59033203125,2093.0717053391418,2152.59033203125,9000,0.0,0.0
2023-05-19 00:00:00+09:00,2251.7880595560036,2251.7880595560036,2163.5020959875083,2166.47802734375,8900,0.0,0.0
2023-05-22 00:00:00+09:00,2038.5129862554766,2121.8390645257737,2038.5129862554766,2080.176025390625,8300,0.0,0.0
2023-05-23 00:00:00+09:00,2106.9594606897226,2106.9594606897226,2064.304443359375,2064.304443359375,600,0.0,0.0
2023-05-24 00:00:00+09:00,2064.304443359375,2064.304443359375,2064.304443359375,2064.304443359375,200,0.0,0.0
2023-05-25 00:00:00+09:00,2064.3042969342573,2064.3042969342573,2018.6733513989495,2043.4727783203125,2700,0.0,0.0
2023-05-26 00:00:00+09:00,2019.6653923483457,2032.561094755285,2018.6734152401195,2023.63330078125,900,0.0,0.0
2023-05-29 00:00:00+09:00,2050.4166061213914,2050.4166061213914,2018.67333984375,2018.67333984375,500,0.0,0.0
2023-05-30 00:00:00+09:00,2018.67333984375,2018.67333984375,2018.67333984375,2018.67333984375,0,0.0,0.0
2023-05-31 00:00:00+09:00,2033.5529613725787,2048.4326171875,2023.6331908292977,2048.4326171875,400,0.0,0.0
2023-06-01 00:00:00+09:00,2048.4326171875,2048.4326171875,2048.4326171875,2048.4326171875,100,0.0,0.0
2023-06-02 00:00:00+09:00,2048.4326171875,2048.4326171875,2048.4326171875,2048.4326171875,0,0.0,0.0
2023-06-05 00:00:00+09:00,2048.4326171875,2048.4326171875,2048.4326171875,2048.4326171875,200,0.0,0.0
2023-06-06 00:00:00+09:00,2048.4326171875,2048.4326171875,2048.4326171875,2048.4326171875,100,0.0,0.0
2023-06-07 00:00:00+09:00,2034.5450439453125,2034.5450439453125,2034.5450439453125,2034.5450439453125,400,0.0,0.0
2023-06-08 00:00:00+09:00,2034.5450439453125,2034.5450439453125,2034.5450439453125,2034.5450439453125,0,0.0,0.0
2023-06-09 00:00:00+09:00,2034.5450439453125,2034.5450439453125,2034.5450439453125,2034.5450439453125,0,0.0,0.0
2023-06-12 00:00:00+09:00,2034.5451138094536,2050.416748046875,2028.5932509704207,2050.416748046875,700,0.0,0.0
2023-06-13 00:00:00+09:00,2040.4969325875513,2040.4969325875513,2026.6092529296875,2026.6092529296875,300,0.0,0.0
2023-06-14 00:00:00+09:00,2024.6252198474242,2024.6252198474242,2003.793701171875,2003.793701171875,3700,0.0,0.0
2023-06-15 00:00:00+09:00,2031.5690904547725,2031.5690904547725,1984.9461669921875,1984.9461669921875,1200,0.0,0.0
2023-06-16 00:00:00+09:00,1985.9380551822787,2012.721435546875,1985.9380551822787,2012.721435546875,900,0.0,0.0
2023-06-19 00:00:00+09:00,2010.7375875392565,2010.7375875392565,1998.8338623046875,1998.8338623046875,600,0.0,0.0
2023-06-20 00:00:00+09:00,2016.689440240799,2022.641302828819,2012.7215318487856,2020.6573486328125,400,0.0,0.0
2023-06-21 00:00:00+09:00,2023.63330078125,2023.63330078125,2023.63330078125,2023.63330078125,200,0.0,0.0
2023-06-22 00:00:00+09:00,2042.480782261248,2042.480782261248,1964.1145939180528,1982.962158203125,7000,0.0,0.0
2023-06-23 00:00:00+09:00,1982.9622543631472,1990.8980712890625,1982.9622543631472,1990.8980712890625,300,0.0,0.0
2023-06-26 00:00:00+09:00,2000.817795618865,2000.817795618865,1983.954185045974,1995.85791015625,2000,0.0,0.0
2023-06-27 00:00:00+09:00,1998.8338623046875,1998.8338623046875,1998.8338623046875,1998.8338623046875,100,0.0,0.0
2023-06-28 00:00:00+09:00,2001.809806561956,2001.809806561956,1994.865966796875,1994.865966796875,300,0.0,0.0
2023-06-29 00:00:00+09:00,2012.721435546875,2012.721435546875,2012.721435546875,2012.721435546875,200,0.0,0.0
2023-06-30 00:00:00+09:00,2012.721506281995,2028.5931396484375,2012.721506281995,2028.5931396484375,600,0.0,0.0
2023-07-03 00:00:00+09:00,2055.3765032425667,2055.3765032425667,2043.4727783203125,2043.4727783203125,10100,0.0,0.0
2023-07-04 00:00:00+09:00,2046.4487095508762,2047.4406866277307,2043.4727783203125,2043.4727783203125,600,0.0,0.0
2023-07-05 00:00:00+09:00,2043.4727783203125,2043.4727783203125,2043.4727783203125,2043.4727783203125,0,0.0,0.0
2023-07-06 00:00:00+09:00,2033.5530792236327,2033.5530792236327,1934.3553680419923,1983.9542236328125,4600,0.0,0.0
2023-07-07 00:00:00+09:00,1994.865966796875,1994.865966796875,1994.865966796875,1994.865966796875,100,0.0,0.0
2023-07-10 00:00:00+09:00,1994.865966796875,1994.865966796875,1984.946195703902,1994.865966796875,800,0.0,0.0
2023-07-11 00:00:00+09:00,1994.865966796875,1994.865966796875,1994.865966796875,1994.865966796875,0,0.0,0.0
2023-07-12 00:00:00+09:00,2005.777689101969,2005.777689101969,2002.8017578125,2002.8017578125,400,0.0,0.0
2023-07-13 00:00:00+09:00,1993.874042958476,1997.8419515016767,1875.8287637982476,1885.74853515625,12200,0.0,0.0
2023-07-14 00:00:00+09:00,1896.660171235614,1939.315185546875,1896.660171235614,1939.315185546875,700,0.0,0.0
2023-07-18 00:00:00+09:00,1944.2751226872745,1944.2751226872745,1923.443603515625,1923.443603515625,700,0.0,0.0
2023-07-19 00:00:00+09:00,1946.2590877742728,1948.2430419921875,1946.2590877742728,1948.2430419921875,300,0.0,0.0
2023-07-20 00:00:00+09:00,1974.034470565373,1974.034470565373,1969.0745849609375,1969.0745849609375,300,0.0,0.0
2023-07-21 00:00:00+09:00,1964.11474609375,1964.11474609375,1964.11474609375,1964.11474609375,200,0.0,0.0
2023-07-24 00:00:00+09:00,1973.042446730724,1974.034423828125,1961.138721561911,1974.034423828125,900,0.0,0.0
2023-07-25 00:00:00+09:00,1975.0264685034033,1975.0264685034033,1972.050537109375,1972.050537109375,800,0.0,0.0
2023-07-26 00:00:00+09:00,1944.275146484375,1944.275146484375,1944.275146484375,1944.275146484375,800,0.0,0.0
2023-07-27 00:00:00+09:00,1944.275146484375,1944.275146484375,1944.275146484375,1944.275146484375,0,0.0,0.0
2023-07-28 00:00:00+09:00,1946.2591552734375,1946.2591552734375,1946.2591552734375,1946.2591552734375,200,0.0,0.0
2023-07-31 00:00:00+09:00,1972.050469633323,1974.034423828125,1969.0745383411197,1974.034423828125,400,0.0,0.0
2023-08-01 00:00:00+09:00,1969.0745255174704,1978.0023193359375,1969.0745255174704,1978.0023193359375,300,0.0,0.0
2023-08-02 00:00:00+09:00,1978.0023004084503,2033.5530169695703,1974.034392082656,2021.6492919921875,1800,0.0,0.0
2023-08-03 00:00:00+09:00,2024.6252232365332,2024.6252232365332,2021.6492919921875,2021.6492919921875,200,0.0,0.0
2023-08-04 00:00:00+09:00,2018.6734890407986,2018.6734890407986,1964.11474609375,1964.11474609375,600,0.0,0.0
2023-08-07 00:00:00+09:00,1972.050537109375,1972.050537109375,1972.050537109375,1972.050537109375,100,0.0,0.0
2023-08-08 00:00:00+09:00,1972.050537109375,1972.050537109375,1972.050537109375,1972.050537109375,0,0.0,0.0
2023-08-09 00:00:00+09:00,1983.9542236328125,1983.9542236328125,1983.9542236328125,1983.9542236328125,100,0.0,0.0
2023-08-10 00:00:00+09:00,1993.8740234375,1993.8740234375,1993.8740234375,1993.8740234375,100,0.0,0.0
2023-08-14 00:00:00+09:00,1998.83377766046,2023.633204182302,1984.9460988082285,2015.6973876953125,600,0.0,0.0
2023-08-15 00:00:00+09:00,1986.930186074161,2011.7296142578125,1986.930186074161,2011.7296142578125,200,0.0,0.0
2023-08-16 00:00:00+09:00,2011.729525911908,2011.729525911908,2010.737548828125,2010.737548828125,300,0.0,0.0
2023-08-17 00:00:00+09:00,2010.737548828125,2010.737548828125,2010.737548828125,2010.737548828125,0,0.0,0.0
2023-08-18 00:00:00+09:00,2010.737548828125,2010.737548828125,2010.737548828125,2010.737548828125,0,0.0,0.0
2023-08-21 00:00:00+09:00,2013.7135009765625,2013.7135009765625,2013.7135009765625,2013.7135009765625,200,0.0,0.0
2023-08-22 00:00:00+09:00,2013.7134719697556,2013.7134719697556,2003.793701171875,2003.793701171875,400,0.0,0.0
2023-08-23 00:00:00+09:00,2003.7937946983832,2003.7937946983832,1993.8740234375,1993.8740234375,300,0.0,0.0
2023-08-24 00:00:00+09:00,1993.8740234375,1993.8740234375,1993.8740234375,1993.8740234375,100,0.0,0.0
2023-08-25 00:00:00+09:00,2027.6012092141546,2027.6012092141546,2023.63330078125,2023.63330078125,400,0.0,0.0
2023-08-28 00:00:00+09:00,2023.6333188657409,2023.6333188657409,2008.753662109375,2008.753662109375,200,0.0,0.0
2023-08-29 00:00:00+09:00,2008.753662109375,2008.753662109375,2008.753662109375,2008.753662109375,0,0.0,0.0
2023-08-30 00:00:00+09:00,2008.753662109375,2008.753662109375,2008.753662109375,2008.753662109375,0,0.0,0.0
2023-08-31 00:00:00+09:00,1993.8740234375,1993.8740234375,1993.8740234375,1993.8740234375,100,0.0,0.0
2023-09-01 00:00:00+09:00,1993.8740080218658,2026.6092529296875,1993.8740080218658,2026.6092529296875,400,0.0,0.0
2023-09-04 00:00:00+09:00,1996.849887248773,2023.6332687468935,1995.85791015625,1995.85791015625,1300,0.0,0.0
2023-09-05 00:00:00+09:00,1995.85791015625,1995.85791015625,1995.85791015625,1995.85791015625,0,0.0,0.0
2023-09-06 00:00:00+09:00,2018.6733864469481,2018.6733864469481,2013.7135009765625,2013.7135009765625,800,0.0,0.0
2023-09-07 00:00:00+09:00,2026.60927369238,2031.5691593352883,2026.60927369238,2029.585205078125,1100,0.0,0.0
2023-09-08 00:00:00+09:00,2029.585205078125,2029.585205078125,2029.585205078125,2029.585205078125,300,0.0,0.0
2023-09-11 00:00:00+09:00,2029.5852234698118,2029.5852234698118,2014.70556640625,2014.70556640625,400,0.0,0.0
2023-09-12 00:00:00+09:00,2032.561068892479,2032.561068892479,2013.713504076004,2031.569091796875,800,0.0,0.0
2023-09-13 00:00:00+09:00,2013.713571020818,2029.585205078125,1998.8339140920928,2029.585205078125,400,0.0,0.0
2023-09-14 00:00:00+09:00,2029.58511673384,2029.58511673384,2028.5931396484375,2028.5931396484375,500,0.0,0.0
2023-09-15 00:00:00+09:00,2033.5531343652774,2033.5531343652774,2032.5611572265625,2032.5611572265625,400,0.0,0.0
2023-09-19 00:00:00+09:00,2034.5449555783155,2039.5048408917683,2033.552978515625,2033.552978515625,1000,0.0,0.0
2023-09-20 00:00:00+09:00,2024.625244140625,2024.625244140625,2024.625244140625,2024.625244140625,100,0.0,0.0
2023-09-21 00:00:00+09:00,2020.6573486328125,2020.6573486328125,2020.6573486328125,2020.6573486328125,100,0.0,0.0
2023-09-22 00:00:00+09:00,2035.5369873046875,2035.5369873046875,2035.5369873046875,2035.5369873046875,300,0.0,0.0
2023-09-25 00:00:00+09:00,2026.609135364923,2026.609135364923,2015.6973876953125,2015.6973876953125,700,0.0,0.0
2023-09-26 00:00:00+09:00,2015.6973876953125,2015.6973876953125,2015.6973876953125,2015.6973876953125,0,0.0,0.0
2023-09-27 00:00:00+09:00,2023.6333164709104,2059.3444926439265,2023.6333164709104,2037.52099609375,2300,0.0,0.0
2023-09-28 00:00:00+09:00,2063.312255859375,2063.312255859375,2063.312255859375,2063.312255859375,300,0.0,0.0
2023-09-29 00:00:00+09:00,2063.3123163565133,2063.3123163565133,2025.6171875,2025.6171875,500,0.0,0.0
2023-10-02 00:00:00+09:00,2025.6171875,2025.6171875,2025.6171875,2025.6171875,0,0.0,0.0
2023-10-03 00:00:00+09:00,2073.232108491557,2081.1679251747782,2028.5931396484375,2028.5931396484375,600,0.0,0.0
2023-10-04 00:00:00+09:00,2028.5931396484375,2028.5931396484375,2028.5931396484375,2028.5931396484375,0,0.0,0.0
2023-10-05 00:00:00+09:00,2023.63330078125,2023.63330078125,2023.63330078125,2023.63330078125,200,0.0,0.0
2023-10-06 00:00:00+09:00,2023.63330078125,2023.63330078125,2023.63330078125,2023.63330078125,0,0.0,0.0
2023-10-10 00:00:00+09:00,2033.552978515625,2033.552978515625,2033.552978515625,2033.552978515625,100,0.0,0.0
2023-10-11 00:00:00+09:00,2023.63330078125,2023.63330078125,2023.63330078125,2023.63330078125,100,0.0,0.0
2023-10-12 00:00:00+09:00,2023.63330078125,2023.63330078125,2023.63330078125,2023.63330078125,0,0.0,0.0
2023-10-13 00:00:00+09:00,2018.67333984375,2018.67333984375,2018.67333984375,2018.67333984375,100,0.0,0.0
2023-10-16 00:00:00+09:00,2033.552978515625,2033.552978515625,2033.552978515625,2033.552978515625,200,0.0,0.0
2023-10-17 00:00:00+09:00,2032.5610188402181,2033.5529959113944,2018.67333984375,2018.67333984375,400,0.0,0.0
2023-10-18 00:00:00+09:00,2018.67333984375,2018.67333984375,2018.67333984375,2018.67333984375,0,0.0,0.0
2023-10-19 00:00:00+09:00,2018.6733735721252,2018.6733735721252,2017.681396484375,2017.681396484375,500,0.0,0.0
2023-10-20 00:00:00+09:00,2023.63330078125,2023.63330078125,2023.63330078125,2023.63330078125,100,0.0,0.0
2023-10-23 00:00:00+09:00,2003.7936459510106,2030.5770263671875,2003.7936459510106,2030.5770263671875,400,0.0,0.0
2023-10-24 00:00:00+09:00,2039.5049711161582,2040.4969482421875,2039.5049711161582,2040.4969482421875,200,0.0,0.0
2023-10-25 00:00:00+09:00,2017.681396484375,2017.681396484375,2017.681396484375,2017.681396484375,300,0.0,0.0
2023-10-26 00:00:00+09:00,2033.552978515625,2033.552978515625,2033.552978515625,2033.552978515625,500,0.0,0.0
2023-10-27 00:00:00+09:00,2033.552978515625,2033.552978515625,2033.552978515625,2033.552978515625,0,0.0,0.0
2023-10-30 00:00:00+09:00,1993.8739817727824,1993.8739817727824,1987.922119140625,1987.922119140625,700,0.0,0.0
2023-10-31 00:00:00+09:00,1987.922119140625,1987.922119140625,1987.922119140625,1987.922119140625,0,0.0,0.0
2023-11-01 00:00:00+09:00,2008.7535273447127,2012.721435546875,2008.7535273447127,2012.721435546875,200,0.0,0.0
2023-11-02 00:00:00+09:00,1994.865966796875,1994.865966796875,1994.865966796875,1994.865966796875,400,0.0,0.0
2023-11-06 00:00:00+09:00,2001.809814453125,2001.809814453125,2001.809814453125,2001.809814453125,300,0.0,0.0
2023-11-07 00:00:00+09:00,1997.8419087528011,2019.6654052734375,1997.8419087528011,2019.6654052734375,300,0.0,0.0
2023-11-08 00:00:00+09:00,1997.841796875,1997.841796875,1997.841796875,1997.841796875,200,0.0,0.0
2023-11-09 00:00:00+09:00,1996.8498442778716,2018.67333984375,1996.8498442778716,2018.67333984375,200,0.0,0.0
2023-11-10 00:00:00+09:00,2018.6733944368057,2020.6573486328125,2018.6733944368057,2020.6573486328125,200,0.0,0.0
2023-11-13 00:00:00+09:00,2020.6573486328125,2020.6573486328125,2020.6573486328125,2020.6573486328125,200,0.0,0.0
2023-11-14 00:00:00+09:00,2033.552999445362,2036.5289306640625,2033.552999445362,2036.5289306640625,600,0.0,0.0
2023-11-15 00:00:00+09:00,2006.769710792651,2083.151948919707,2006.769710792651,2073.232177734375,2000,0.0,0.0
2023-11-16 00:00:00+09:00,2073.232203766661,2073.232203766661,2033.5531185271075,2065.29638671875,1900,0.0,0.0
2023-11-17 00:00:00+09:00,2062.3205303197624,2070.25634765625,2058.3526216515183,2070.25634765625,600,0.0,0.0
2023-11-20 00:00:00+09:00,2043.4728040193256,2043.4728040193256,2035.5369873046875,2035.5369873046875,600,0.0,0.0
2023-11-21 00:00:00+09:00,2035.5369873046875,2035.5369873046875,2035.5369873046875,2035.5369873046875,0,0.0,0.0
2023-11-22 00:00:00+09:00,2056.3686861605256,2056.3686861605256,2053.3927546320733,2055.376708984375,400,0.0,0.0
2023-11-24 00:00:00+09:00,2067.2802654444513,2067.2802654444513,2054.384563212792,2060.33642578125,700,0.0,0.0
2023-11-27 00:00:00+09:00,2058.3524262678666,2058.3524262678666,2036.5289306640625,2036.5289306640625,1000,0.0,0.0
2023-11-28 00:00:00+09:00,2057.360629503588,2057.360629503588,2037.5210863068319,2056.36865234375,400,0.0,0.0
2023-11-29 00:00:00+09:00,2055.376708984375,2055.376708984375,2055.376708984375,2055.376708984375,300,0.0,0.0
2023-11-30 00:00:00+09:00,2067.280420064231,2067.280420064231,2041.489013671875,2041.489013671875,200,0.0,0.0
2023-12-01 00:00:00+09:00,2063.312255859375,2063.312255859375,2063.312255859375,2063.312255859375,100,0.0,0.0
2023-12-04 00:00:00+09:00,2063.312319857403,2063.312319857403,2043.4727783203125,2043.4727783203125,300,0.0,0.0
2023-12-05 00:00:00+09:00,2043.4727783203125,2043.4727783203125,2043.4727783203125,2043.4727783203125,0,0.0,0.0
2023-12-06 00:00:00+09:00,2064.3043520730407,2064.3043520730407,2045.456787109375,2045.456787109375,700,0.0,0.0
2023-12-07 00:00:00+09:00,2064.304266624579,2064.304266624579,2034.5449547558921,2062.3203125,1300,0.0,0.0
2023-12-08 00:00:00+09:00,2065.296319240343,2067.2802734375,2065.296319240343,2067.2802734375,300,0.0,0.0
2023-12-11 00:00:00+09:00,2067.280372608534,2067.280372608534,2046.4488525390625,2046.4488525390625,400,0.0,0.0
2023-12-12 00:00:00+09:00,2046.4487543673524,2067.2802734375,2046.4487543673524,2067.2802734375,600,0.0,0.0
2023-12-13 00:00:00+09:00,2048.4327937671974,2050.416748046875,2048.4327937671974,2050.416748046875,400,0.0,0.0
2023-12-14 00:00:00+09:00,2045.456787109375,2045.456787109375,2045.456787109375,2045.456787109375,500,0.0,0.0
2023-12-15 00:00:00+09:00,2042.4809461205925,2064.304443359375,2038.513037531723,2064.304443359375,300,0.0,0.0
2023-12-18 00:00:00+09:00,2065.296261099882,2066.288238170535,2047.440673828125,2047.440673828125,1100,0.0,0.0
2023-12-19 00:00:00+09:00,2048.4326171875,2048.4326171875,2048.4326171875,2048.4326171875,600,0.0,0.0
2023-12-20 00:00:00+09:00,2048.432653090533,2054.3845155208205,1983.9541434290877,1989.906005859375,4300,0.0,0.0
2023-12-21 00:00:00+09:00,1989.9060791015625,2023.63330078125,1989.9060791015625,2023.63330078125,800,0.0,0.0
2023-12-22 00:00:00+09:00,2023.6333319481382,2023.6333319481382,2004.7857666015625,2004.7857666015625,700,0.0,0.0
2023-12-25 00:00:00+09:00,2013.7135398116172,2062.320418358794,2001.809814453125,2001.809814453125,1400,0.0,0.0
2023-12-26 00:00:00+09:00,2003.793701171875,2003.793701171875,2003.793701171875,2003.793701171875,100,0.0,0.0
2023-12-27 00:00:00+09:00,2009.7456981309454,2046.4488525390625,2009.7456981309454,2046.4488525390625,200,0.0,0.0
2023-12-28 00:00:00+09:00,2046.4488525390625,2046.4488525390625,2046.4488525390625,2046.4488525390625,0,0.0,0.0
2023-12-29 00:00:00+09:00,2047.4406573932927,2047.4406573932927,2033.552978515625,2033.552978515625,600,0.0,0.0
2024-01-04 00:00:00+09:00,2052.400508352426,2063.312255859375,2052.400508352426,2063.312255859375,500,0.0,0.0
2024-01-05 00:00:00+09:00,2053.392578125,2053.392578125,2053.392578125,2053.392578125,400,0.0,0.0
2024-01-09 00:00:00+09:00,2067.280228164821,2067.280228164821,2043.4727783203125,2043.4727783203125,600,0.0,0.0
2024-01-10 00:00:00+09:00,2062.320371942935,2063.3123490338166,2049.4246697614735,2053.392578125,800,0.0,0.0
2024-01-11 00:00:00+09:00,2068.2722505360784,2068.2722505360784,2067.2802734375,2067.2802734375,200,0.0,0.0
2024-01-12 00:00:00+09:00,2067.2802734375,2067.2802734375,2067.2802734375,2067.2802734375,0,0.0,0.0
2024-01-15 00:00:00+09:00,2082.16015625,2082.16015625,2082.16015625,2082.16015625,200,0.0,0.0
2024-01-16 00:00:00+09:00,2082.160062367569,2092.079833984375,2082.160062367569,2092.079833984375,100,0.0,0.0
2024-01-17 00:00:00+09:00,2093.071533203125,2093.071533203125,2093.071533203125,2093.071533203125,100,0.0,0.0
2024-01-18 00:00:00+09:00,2093.071658485814,2110.92724609375,2093.071658485814,2110.92724609375,1000,0.0,0.0
2024-01-19 00:00:00+09:00,2112.9111759165876,2112.9111759165876,2087.119771891315,2090.095703125,1000,0.0,0.0
2024-01-22 00:00:00+09:00,2090.0958305533604,2110.927350459208,2079.18408203125,2079.18408203125,600,0.0,0.0
2024-01-23 00:00:00+09:00,2105.9675896968497,2105.9675896968497,2049.4248894553425,2097.039794921875,1200,0.0,0.0
2024-01-24 00:00:00+09:00,2096.047649014497,2101.99951171875,2095.0556718971216,2101.99951171875,400,0.0,0.0
2024-01-25 00:00:00+09:00,2101.999563959968,2112.9113125222893,2086.1279296875,2086.1279296875,900,0.0,0.0
2024-01-26 00:00:00+09:00,2086.1279296875,2086.1279296875,2086.1279296875,2086.1279296875,0,0.0,0.0
2024-01-29 00:00:00+09:00,2078.192045306933,2088.11181640625,2063.312388657957,2088.11181640625,1300,0.0,0.0
2024-01-30 00:00:00+09:00,2132.7506567325904,2132.7506567325904,2092.079597697225,2127.790771484375,900,0.0,0.0
2024-01-31 00:00:00+09:00,2131.7587890625,2131.7587890625,2094.0636592419437,2131.7587890625,400,0.0,0.0
2024-02-01 00:00:00+09:00,2127.790771484375,2127.790771484375,2127.790771484375,2127.790771484375,200,0.0,0.0
2024-02-02 00:00:00+09:00,2127.790771484375,2127.790771484375,2127.790771484375,2127.790771484375,0,0.0,0.0
2024-02-05 00:00:00+09:00,2132.7509765625,2132.7509765625,2131.758999364099,2132.7509765625,400,0.0,0.0
2024-02-06 00:00:00+09:00,2132.7509765625,2132.7509765625,2132.7509765625,2132.7509765625,0,0.0,0.0
2024-02-07 00:00:00+09:00,2132.7509384855216,2162.51025390625,2132.7509384855216,2162.51025390625,600,0.0,0.0
2024-02-08 00:00:00+09:00,2162.51025390625,2162.51025390625,2162.51025390625,2162.51025390625,0,0.0,0.0
2024-02-09 00:00:00+09:00,2142.6706128133706,2162.5101555246056,2136.71875,2136.71875,400,0.0,0.0
2024-02-13 00:00:00+09:00,2136.71875,2136.71875,2136.71875,2136.71875,0,0.0,0.0
2024-02-14 00:00:00+09:00,2132.7508414577533,2136.71875,2131.758864322191,2136.71875,900,0.0,0.0
2024-02-15 00:00:00+09:00,2132.750622979526,2132.750622979526,2128.78271484375,2128.78271484375,400,0.0,0.0
2024-02-16 00:00:00+09:00,2128.78271484375,2128.78271484375,2128.78271484375,2128.78271484375,0,0.0,0.0
2024-02-19 00:00:00+09:00,2128.78271484375,2128.78271484375,2128.78271484375,2128.78271484375,0,0.0,0.0
2024-02-20 00:00:00+09:00,2128.78271484375,2128.78271484375,2128.78271484375,2128.78271484375,0,0.0,0.0
2024-02-21 00:00:00+09:00,2143.6625123527533,2160.526123046875,2143.6625123527533,2160.526123046875,600,0.0,0.0
2024-02-22 00:00:00+09:00,2166.4781212267135,2174.413938520584,2131.758920566029,2156.558349609375,1400,0.0,0.0
2024-02-26 00:00:00+09:00,2159.534322364177,2162.51025390625,2157.550368002795,2162.51025390625,900,0.0,0.0
2024-02-27 00:00:00+09:00,2180.3656650399594,2180.3656650399594,2160.526123046875,2160.526123046875,600,0.0,0.0
2024-02-28 00:00:00+09:00,2181.3576421396133,2181.3576421396133,2160.526123046875,2160.526123046875,700,0.0,0.0
2024-02-29 00:00:00+09:00,2159.5340449120245,2181.3575400833906,2159.5340449120245,2163.501953125,500,0.0,0.0
2024-03-01 00:00:00+09:00,2163.501953125,2178.381608923659,2162.5099760717562,2163.501953125,400,0.0,0.0
2024-03-04 00:00:00+09:00,2167.4701208579513,2177.389892578125,2163.5022121698817,2177.389892578125,400,0.0,0.0
2024-03-05 00:00:00+09:00,2172.4299654344163,2172.4299654344163,2163.502171055919,2171.43798828125,1000,0.0,0.0
2024-03-06 00:00:00+09:00,2167.4700459519477,2172.429931640625,2167.4700459519477,2172.429931640625,300,0.0,0.0
2024-03-07 00:00:00+09:00,2172.429905649312,2180.36572265625,2167.4700200199754,2180.36572265625,700,0.0,0.0
2024-03-08 00:00:00+09:00,2172.4297548953095,2172.4297548953095,2170.44580078125,2170.44580078125,200,0.0,0.0
2024-03-11 00:00:00+09:00,2170.44580078125,2170.44580078125,2170.44580078125,2170.44580078125,0,0.0,0.0
2024-03-12 00:00:00+09:00,2180.365512186362,2180.365512186362,2169.453764855129,2179.37353515625,700,0.0,0.0
2024-03-13 00:00:00+09:00,2173.4220028938503,2179.373865977996,2162.51025390625,2162.51025390625,1900,0.0,0.0
2024-03-14 00:00:00+09:00,2162.5100889756945,2231.948486328125,2162.5100889756945,2231.948486328125,5100,0.0,0.0
2024-03-15 00:00:00+09:00,2231.9484685430466,2246.828125,2212.1089266004415,2246.828125,2000,0.0,0.0
2024-03-18 00:00:00+09:00,2251.7880521813768,2278.5714342998335,2251.7880521813768,2252.780029296875,1000,0.0,0.0
2024-03-19 00:00:00+09:00,2270.635439083408,2279.563232421875,2252.779852406474,2279.563232421875,800,0.0,0.0
2024-03-21 00:00:00+09:00,2280.55538616678,2281.54736328125,2271.627592136549,2281.54736328125,1500,0.0,0.0
2024-03-22 00:00:00+09:00,2289.4830868675595,2291.467041015625,2281.5472702752977,2291.467041015625,800,0.0,0.0
2024-03-25 00:00:00+09:00,2291.46721757407,2293.451171875,2284.5233775208153,2293.451171875,1300,0.0,0.0
2024-03-26 00:00:00+09:00,2293.450869348404,2430.343698055186,2293.450869348404,2331.14599609375,2100,0.0,0.0
2024-03-27 00:00:00+09:00,2427.367886212916,2429.3518403495837,2335.1140188578684,2428.35986328125,2800,0.0,0.0
2024-03-28 00:00:00+09:00,2250.067724498904,2250.067724498904,2200.265428693262,2201.261474609375,2900,10.0,0.0
2024-03-29 00:00:00+09:00,2186.3206855992717,2186.3206855992717,2153.451171875,2153.451171875,1000,0.0,0.0
2024-04-01 00:00:00+09:00,2146.4787734557535,2146.4787734557535,2131.5380859375,2131.5380859375,700,0.0,0.0
2024-04-02 00:00:00+09:00,2126.5580246648888,2126.5580246648888,2031.9336629116501,2109.625244140625,1700,0.0,0.0
2024-04-03 00:00:00+09:00,2092.6923828125,2092.6923828125,2092.6923828125,2092.6923828125,300,0.0,0.0
2024-04-04 00:00:00+09:00,2142.494755925359,2211.221923828125,2135.522434543919,2211.221923828125,4500,0.0,0.0
2024-04-05 00:00:00+09:00,2211.221923828125,2211.221923828125,2150.4631232184333,2211.221923828125,400,0.0,0.0
2024-04-08 00:00:00+09:00,2211.2218375827956,2260.0280853492627,2192.2969659998794,2199.269287109375,1800,0.0,0.0
2024-04-09 00:00:00+09:00,2199.269287109375,2199.269287109375,2199.269287109375,2199.269287109375,0,0.0,0.0
2024-04-10 00:00:00+09:00,2199.269392755682,2199.269392755682,2191.301025390625,2191.301025390625,200,0.0,0.0
2024-04-11 00:00:00+09:00,2241.1031967348936,2689.3238360818723,2241.1031967348936,2371.585205078125,13600,0.0,0.0
2024-04-12 00:00:00+09:00,2321.7829791853915,2321.7829791853915,2221.1823438796323,2251.063720703125,2800,0.0,0.0
2024-04-15 00:00:00+09:00,2234.1310153568365,2234.1310153568365,2161.4196626501716,2176.3603515625,1900,0.0,0.0
2024-04-16 00:00:00+09:00,2176.3603515625,2176.3603515625,2176.3603515625,2176.3603515625,0,0.0,0.0
2024-04-17 00:00:00+09:00,2170.3839850102695,2220.186279296875,2170.3839850102695,2220.186279296875,300,0.0,0.0
2024-04-18 00:00:00+09:00,2268.992498204328,2271.980635822683,2199.269287109375,2199.269287109375,800,0.0,0.0
2024-04-19 00:00:00+09:00,2199.269287109375,2199.269287109375,2199.269287109375,2199.269287109375,200,0.0,0.0
2024-04-22 00:00:00+09:00,2199.269363088565,2272.9767602210622,2199.269363088565,2221.182373046875,2800,0.0,0.0
2024-04-23 00:00:00+09:00,2270.984614332604,2275.96484375,2270.984614332604,2275.96484375,700,0.0,0.0
2024-04-24 00:00:00+09:00,2269.988525390625,2269.988525390625,2269.988525390625,2269.988525390625,200,0.0,0.0
2024-04-25 00:00:00+09:00,2269.988525390625,2269.988525390625,2269.988525390625,2269.988525390625,200,0.0,0.0
2024-04-26 00:00:00+09:00,2269.988525390625,2269.988525390625,2269.988525390625,2269.988525390625,0,0.0,0.0
2024-04-30 00:00:00+09:00,2298.8740234375,2298.8740234375,2298.8740234375,2298.8740234375,100,0.0,0.0
2024-05-01 00:00:00+09:00,2206.241674695696,2231.142822265625,2204.249582890102,2231.142822265625,500,0.0,0.0
2024-05-02 00:00:00+09:00,2280.9451224307886,2280.9451224307886,2212.217954986367,2226.16259765625,500,0.0,0.0
2024-05-07 00:00:00+09:00,2250.0677754711037,2250.0677754711037,2248.07568359375,2248.07568359375,500,0.0,0.0
2024-05-08 00:00:00+09:00,2239.111103588471,2269.988525390625,2239.111103588471,2269.988525390625,300,0.0,0.0
2024-05-09 00:00:00+09:00,2296.8818359375,2296.8818359375,2296.8818359375,2296.8818359375,300,0.0,0.0
2024-05-10 00:00:00+09:00,2296.8818359375,2296.8818359375,2296.8818359375,2296.8818359375,0,0.0,0.0
2024-05-13 00:00:00+09:00,2296.8818359375,2296.8818359375,2296.8818359375,2296.8818359375,200,0.0,0.0
2024-05-14 00:00:00+09:00,2270.9845433290925,2299.869873046875,2270.9845433290925,2299.869873046875,300,0.0,0.0
2024-05-15 00:00:00+09:00,2299.8699304729957,2305.846205736243,2290.905517578125,2290.905517578125,1100,0.0,0.0
2024-05-16 00:00:00+09:00,2340.707811438519,2390.510105298913,2290.905517578125,2290.905517578125,3100,0.0,0.0
2024-05-17 00:00:00+09:00,2328.755213389295,2390.5100565159573,2327.7591675324134,2340.707763671875,4200,0.0,0.0
2024-05-20 00:00:00+09:00,2248.0755447516603,2279.949012820802,2240.107177734375,2240.107177734375,3700,0.0,0.0
2024-05-21 00:00:00+09:00,2241.103356965973,2253.055908203125,2241.103356965973,2253.055908203125,900,0.0,0.0
2024-05-22 00:00:00+09:00,2266.004361544863,2351.664306640625,2265.0083156716564,2351.664306640625,1800,0.0,0.0
2024-05-23 00:00:00+09:00,2348.6761882931905,2348.6761882931905,2280.945068359375,2280.945068359375,600,0.0,0.0
2024-05-24 00:00:00+09:00,2250.067584991455,2299.8698777092827,2250.067584991455,2294.8896484375,400,0.0,0.0
2024-05-27 00:00:00+09:00,2294.8897687417802,2294.8897687417802,2250.067702946042,2271.980712890625,500,0.0,0.0
2024-05-28 00:00:00+09:00,2246.083448430721,2295.8857421875,2246.083448430721,2295.8857421875,600,0.0,0.0
2024-05-29 00:00:00+09:00,2294.88968639576,2294.88968639576,2241.103209370859,2255.0478515625,2000,0.0,0.0
2024-05-30 00:00:00+09:00,2255.0478515625,2255.0478515625,2255.0478515625,2255.0478515625,100,0.0,0.0
2024-05-31 00:00:00+09:00,2264.012216309241,2302.858004446531,2253.0557119628256,2254.0517578125,600,0.0,0.0
2024-06-03 00:00:00+09:00,2239.111083984375,2239.111083984375,2239.111083984375,2239.111083984375,100,0.0,0.0
2024-06-04 00:00:00+09:00,2218.1942402563204,2260.028168451545,2216.2021484375,2216.2021484375,1200,0.0,0.0
2024-06-05 00:00:00+09:00,2216.2021835536175,2216.2021835536175,2181.340576171875,2181.340576171875,1800,0.0,0.0
2024-06-06 00:00:00+09:00,2174.3682647425103,2174.3682647425103,2171.380126953125,2171.380126953125,900,0.0,0.0
2024-06-07 00:00:00+09:00,2141.498558134191,2141.498558134191,2093.688357766544,2116.597412109375,2100,0.0,0.0
2024-06-10 00:00:00+09:00,2216.2021484375,2216.2021484375,2216.2021484375,2216.2021484375,100,0.0,0.0
2024-06-11 00:00:00+09:00,2136.518387383011,2208.2336898965664,2121.5776993593536,2158.431396484375,1600,0.0,0.0
2024-06-12 00:00:00+09:00,2201.2614218997005,2205.24560546875,2201.2614218997005,2205.24560546875,300,0.0,0.0
2024-06-13 00:00:00+09:00,2274.9687647326236,2356.6445259883485,2274.9687647326236,2310.826416015625,3900,0.0,0.0
2024-06-14 00:00:00+09:00,2318.794924448287,2318.794924448287,2267.99658203125,2267.99658203125,1300,0.0,0.0
2024-06-17 00:00:00+09:00,2317.7988218754917,2406.4469074564627,2273.9728020377083,2373.577392578125,2400,0.0,0.0
2024-06-18 00:00:00+09:00,2375.5693829881557,2375.5693829881557,2325.76708984375,2325.76708984375,200,0.0,0.0
2024-06-19 00:00:00+09:00,2275.96484375,2275.96484375,2235.1269625273526,2275.96484375,500,0.0,0.0
2024-06-20 00:00:00+09:00,2275.96484375,2275.96484375,2275.96484375,2275.96484375,0,0.0,0.0
2024-06-21 00:00:00+09:00,2236.1229847320787,2250.067626953125,2236.1229847320787,2250.067626953125,700,0.0,0.0
2024-06-24 00:00:00+09:00,2254.0519390148083,2267.99658203125,2254.0519390148083,2267.99658203125,300,0.0,0.0
2024-06-25 00:00:00+09:00,2258.0361328125,2258.0361328125,2258.0361328125,2258.0361328125,300,0.0,0.0
2024-06-26 00:00:00+09:00,2258.0360322523748,2261.024169921875,2258.0360322523748,2261.024169921875,400,0.0,0.0
2024-06-27 00:00:00+09:00,2261.024169921875,2261.024169921875,2261.024169921875,2261.024169921875,100,0.0,0.0
2024-06-28 00:00:00+09:00,2268.992527369449,2270.984619140625,2262.020206170333,2270.984619140625,500,0.0,0.0
2024-07-01 00:00:00+09:00,2370.5892127403845,2370.5892127403845,2266.00439453125,2266.00439453125,1700,0.0,0.0
2024-07-02 00:00:00+09:00,2266.0044702074038,2287.91748046875,2266.0044702074038,2287.91748046875,200,0.0,0.0
2024-07-03 00:00:00+09:00,2386.5260266448086,2386.5260266448086,2287.91748046875,2287.91748046875,300,0.0,0.0
2024-07-04 00:00:00+09:00,2288.9134785190276,2288.9134785190276,2264.012331015557,2286.92138671875,400,0.0,0.0
2024-07-05 00:00:00+09:00,2324.771077403193,2324.771077403193,2290.905517578125,2290.905517578125,300,0.0,0.0
2024-07-08 00:00:00+09:00,2317.798883679887,2317.798883679887,2263.016357421875,2263.016357421875,2600,0.0,0.0
2024-07-09 00:00:00+09:00,2263.016357421875,2263.016357421875,2263.016357421875,2263.016357421875,0,0.0,0.0
2024-07-10 00:00:00+09:00,2263.0162812500002,2263.0162812500002,2241.103271484375,2241.103271484375,500,0.0,0.0
2024-07-11 00:00:00+09:00,2241.103271484375,2241.103271484375,2241.103271484375,2241.103271484375,500,0.0,0.0
2024-07-12 00:00:00+09:00,2246.0834531037704,2290.905517578125,2246.0834531037704,2290.905517578125,200,0.0,0.0
2024-07-16 00:00:00+09:00,2290.905517578125,2290.905517578125,2290.905517578125,2290.905517578125,100,0.0,0.0
2024-07-17 00:00:00+09:00,2293.893798828125,2293.893798828125,2293.893798828125,2293.893798828125,100,0.0,0.0
2024-07-18 00:00:00+09:00,2321.7830546314094,2323.775146484375,2321.7830546314094,2323.775146484375,500,0.0,0.0
2024-07-19 00:00:00+09:00,2364.613053083209,2364.613053083209,2253.055908203125,2253.055908203125,300,0.0,0.0
2024-07-22 00:00:00+09:00,2279.9491231006778,2279.9491231006778,2214.2100920283124,2277.95703125,3800,0.0,0.0
2024-07-23 00:00:00+09:00,2266.0044189453124,2307.8383466796877,2241.103271484375,2241.103271484375,1200,0.0,0.0
2024-07-24 00:00:00+09:00,2241.103367102506,2243.095458984375,2241.103367102506,2243.095458984375,200,0.0,0.0
2024-07-25 00:00:00+09:00,2292.897574643837,2292.897574643837,2223.174364294111,2224.17041015625,2000,0.0,0.0
2024-07-26 00:00:00+09:00,2290.905517578125,2290.905517578125,2290.905517578125,2290.905517578125,300,0.0,0.0
2024-07-29 00:00:00+09:00,2289.9095007270444,2289.9095007270444,2240.1072062353733,2261.024169921875,700,0.0,0.0
2024-07-30 00:00:00+09:00,2261.024169921875,2261.024169921875,2261.024169921875,2261.024169921875,0,0.0,0.0
2024-07-31 00:00:00+09:00,2272.976806640625,2272.976806640625,2272.976806640625,2272.976806640625,100,0.0,0.0
2024-08-01 00:00:00+09:00,2246.08349609375,2246.08349609375,2246.08349609375,2246.08349609375,100,0.0,0.0
2024-08-02 00:00:00+09:00,2237.118967463153,2237.118967463153,2213.2138671875,2213.2138671875,700,0.0,0.0
2024-08-05 00:00:00+09:00,2263.0163790603247,2263.0163790603247,2146.47900390625,2146.47900390625,900,0.0,0.0
2024-08-06 00:00:00+09:00,2147.47500978787,2384.533939439778,2147.47500978787,2186.32080078125,1900,0.0,0.0
2024-08-07 00:00:00+09:00,2156.439234055868,2290.905421860737,2156.439234055868,2182.33642578125,1300,0.0,0.0
2024-08-08 00:00:00+09:00,2191.300866207774,2191.300866207774,2151.4590322767235,2152.455078125,1900,0.0,0.0
2024-08-09 00:00:00+09:00,2148.471100903888,2148.471100903888,2141.498779296875,2141.498779296875,700,0.0,0.0
2024-08-13 00:00:00+09:00,2137.514595521439,2141.498779296875,2137.514595521439,2141.498779296875,200,0.0,0.0
2024-08-14 00:00:00+09:00,2218.194091796875,2218.194091796875,2218.194091796875,2218.194091796875,300,0.0,0.0
2024-08-15 00:00:00+09:00,2193.29296875,2193.29296875,2153.4511346219347,2193.29296875,400,0.0,0.0
2024-08-16 00:00:00+09:00,2191.301005595439,2226.1626125026396,2191.301005595439,2211.221923828125,800,0.0,0.0
2024-08-19 00:00:00+09:00,2211.2219641449256,2211.2219641449256,2171.380126953125,2171.380126953125,600,0.0,0.0
2024-08-20 00:00:00+09:00,2171.3800728817114,2274.968847000839,2171.3800728817114,2226.16259765625,1900,0.0,0.0
2024-08-21 00:00:00+09:00,2226.16259765625,2226.16259765625,2226.16259765625,2226.16259765625,0,0.0,0.0
2024-08-22 00:00:00+09:00,2238.1151534692053,2261.024209334711,2221.182373046875,2221.182373046875,600,0.0,0.0
2024-08-23 00:00:00+09:00,2221.182373046875,2221.182373046875,2221.182373046875,2221.182373046875,100,0.0,0.0
2024-08-26 00:00:00+09:00,2221.182349563294,2221.182349563294,2195.28515625,2195.28515625,500,0.0,0.0
2024-08-27 00:00:00+09:00,2221.182373046875,2221.182373046875,2221.182373046875,2221.182373046875,100,0.0,0.0
2024-08-28 00:00:00+09:00,2191.301025390625,2191.301025390625,2191.301025390625,2191.301025390625,100,0.0,0.0
2024-08-29 00:00:00+09:00,2211.221923828125,2211.221923828125,2211.221923828125,2211.221923828125,100,0.0,0.0
2024-08-30 00:00:00+09:00,2211.221923828125,2211.221923828125,2211.221923828125,2211.221923828125,0,0.0,0.0
2024-09-02 00:00:00+09:00,2125.5619017555023,2192.2969755219588,2125.5619017555023,2189.308837890625,5200,0.0,0.0
2024-09-03 00:00:00+09:00,2189.3087899959464,2189.3087899959464,2183.3325148640192,2188.312744140625,400,0.0,0.0
2024-09-04 00:00:00+09:00,2188.312744140625,2188.312744140625,2188.312744140625,2188.312744140625,0,0.0,0.0
2024-09-05 00:00:00+09:00,2262.0202353515624,2290.9055664062503,2212.2179404296876,2241.103271484375,600,0.0,0.0
2024-09-06 00:00:00+09:00,2246.083486392798,2256.0439453125,2246.083486392798,2256.0439453125,200,0.0,0.0
2024-09-09 00:00:00+09:00,2249.0717295324266,2249.0717295324266,2248.07568359375,2248.07568359375,300,0.0,0.0
2024-09-10 00:00:00+09:00,2246.08349609375,2246.08349609375,2246.08349609375,2246.08349609375,100,0.0,0.0
2024-09-11 00:00:00+09:00,2241.103271484375,2241.103271484375,2241.103271484375,2241.103271484375,100,0.0,0.0
2024-09-12 00:00:00+09:00,2231.142774508684,2231.142774508684,2179.348388671875,2179.348388671875,300,0.0,0.0
2024-09-13 00:00:00+09:00,2191.301025390625,2191.301025390625,2191.301025390625,2191.301025390625,300,0.0,0.0
2024-09-17 00:00:00+09:00,2191.301025390625,2191.301025390625,2191.301025390625,2191.301025390625,0,0.0,0.0
2024-09-18 00:00:00+09:00,2201.261484596946,2201.261484596946,2191.301025390625,2191.301025390625,500,0.0,0.0
2024-09-19 00:00:00+09:00,2191.301025390625,2191.301025390625,2191.301025390625,2191.301025390625,0,0.0,0.0
2024-09-20 00:00:00+09:00,2196.2811542498866,2196.2811542498866,2194.2890625,2194.2890625,300,0.0,0.0
2024-09-24 00:00:00+09:00,2198.2732939399957,2198.2732939399957,2195.28515625,2195.28515625,400,0.0,0.0
2024-09-25 00:00:00+09:00,2200.265380859375,2200.265380859375,2200.265380859375,2200.265380859375,400,0.0,0.0
2024-09-26 00:00:00+09:00,2198.2732978515623,2241.103271484375,2198.2732978515623,2241.103271484375,600,0.0,0.0
2024-09-27 00:00:00+09:00,2290.9055557151937,2301.862060546875,2290.9055557151937,2301.862060546875,1000,0.0,0.0
2024-09-30 00:00:00+09:00,2301.8620712890624,2301.8620712890624,2200.2653896484376,2241.103271484375,500,0.0,0.0
2024-10-01 00:00:00+09:00,2203.2534989206415,2289.909490966797,2203.2534989206415,2270.984619140625,900,0.0,0.0
2024-10-02 00:00:00+09:00,2290.905423933722,2340.707715758368,2290.905423933722,2339.711669921875,900,0.0,0.0
2024-10-03 00:00:00+09:00,2339.7119068694487,2350.668412180459,2270.984737191291,2298.8740234375,2100,0.0,0.0
2024-10-04 00:00:00+09:00,2275.96484375,2275.96484375,2275.96484375,2275.96484375,200,0.0,0.0
2024-10-07 00:00:00+09:00,2226.162446891695,2283.93310546875,2226.162446891695,2283.93310546875,500,0.0,0.0
2024-10-08 00:00:00+09:00,2283.93310546875,2283.93310546875,2283.93310546875,2283.93310546875,0,0.0,0.0
2024-10-09 00:00:00+09:00,2278.9529910714286,2278.9529910714286,2266.00439453125,2266.00439453125,200,0.0,0.0
2024-10-10 00:00:00+09:00,2266.004347278226,2315.806640625,2266.004347278226,2315.806640625,200,0.0,0.0
2024-10-11 00:00:00+09:00,2275.96484375,2275.96484375,2275.96484375,2275.96484375,100,0.0,0.0
2024-10-15 00:00:00+09:00,2275.96484375,2275.96484375,2275.96484375,2275.96484375,0,0.0,0.0
2024-10-16 00:00:00+09:00,2275.96484375,2275.96484375,2275.96484375,2275.96484375,0,0.0,0.0
2024-10-17 00:00:00+09:00,2275.96484375,2275.96484375,2275.96484375,2275.96484375,0,0.0,0.0
2024-10-18 00:00:00+09:00,2275.96484375,2275.96484375,2275.96484375,2275.96484375,0,0.0,0.0
2024-10-21 00:00:00+09:00,2275.96484375,2275.96484375,2275.96484375,2275.96484375,0,0.0,0.0
2024-10-22 00:00:00+09:00,2274.9688856578364,2274.9688856578364,2237.119140625,2237.119140625,200,0.0,0.0
2024-10-23 00:00:00+09:00,2224.170366853355,2233.1347794380754,2218.194091796875,2218.194091796875,400,0.0,0.0
2024-10-24 00:00:00+09:00,2224.17041015625,2224.17041015625,2224.17041015625,2224.17041015625,100,0.0,0.0
2024-10-25 00:00:00+09:00,2225.166576596083,2225.166576596083,2201.261474609375,2201.261474609375,600,0.0,0.0
2024-10-28 00:00:00+09:00,2203.2535040327116,2241.1032477728754,2203.2535040327116,2215.2060546875,800,0.0,0.0
2024-10-29 00:00:00+09:00,2219.1903314737046,2267.99658203125,2219.1903314737046,2267.99658203125,200,0.0,0.0
2024-10-30 00:00:00+09:00,2228.154669960851,2246.08349609375,2228.154669960851,2246.08349609375,300,0.0,0.0
2024-10-31 00:00:00+09:00,2250.067626953125,2250.067626953125,2250.067626953125,2250.067626953125,100,0.0,0.0
2024-11-01 00:00:00+09:00,2299.869852791134,2299.869852791134,2268.992431640625,2268.992431640625,400,0.0,0.0
2024-11-05 00:00:00+09:00,2268.992431640625,2268.992431640625,2268.992431640625,2268.992431640625,0,0.0,0.0
2024-11-06 00:00:00+09:00,2232.138916015625,2232.138916015625,2232.138916015625,2232.138916015625,100,0.0,0.0
2024-11-07 00:00:00+09:00,2234.130859375,2234.130859375,2234.130859375,2234.130859375,100,0.0,0.0
2024-11-08 00:00:00+09:00,2241.103271484375,2241.103271484375,2241.103271484375,2241.103271484375,200,0.0,0.0
2024-11-11 00:00:00+09:00,2241.103271484375,2241.103271484375,2241.103271484375,2241.103271484375,0,0.0,0.0
2024-11-12 00:00:00+09:00,2225.16650390625,2225.16650390625,2225.16650390625,2225.16650390625,300,0.0,0.0
2024-11-13 00:00:00+09:00,2225.16650390625,2225.16650390625,2225.16650390625,2225.16650390625,0,0.0,0.0
2024-11-14 00:00:00+09:00,2290.9055664062503,2338.71576953125,2241.103271484375,2241.103271484375,500,0.0,0.0
2024-11-15 00:00:00+09:00,2241.103271484375,2241.103271484375,2241.103271484375,2241.103271484375,0,0.0,0.0
2024-11-18 00:00:00+09:00,2241.103271484375,2241.103271484375,2241.103271484375,2241.103271484375,0,0.0,0.0
2024-11-19 00:00:00+09:00,2242.099365234375,2242.099365234375,2242.099365234375,2242.099365234375,300,0.0,0.0
2024-11-20 00:00:00+09:00,2242.099365234375,2242.099365234375,2242.099365234375,2242.099365234375,0,0.0,0.0
2024-11-21 00:00:00+09:00,2279.9491101828007,2279.9491101828007,2242.099365234375,2242.099365234375,600,0.0,0.0
2024-11-22 00:00:00+09:00,2267.9964478833094,2273.9727231082984,2255.0478515625,2255.0478515625,500,0.0,0.0
2024-11-25 00:00:00+09:00,2274.9688755333,2274.9688755333,2247.07958984375,2247.07958984375,1100,0.0,0.0
2024-11-26 00:00:00+09:00,2247.0796125246493,2272.976806640625,2241.1033369594243,2272.976806640625,700,0.0,0.0
2024-11-27 00:00:00+09:00,2272.976804020153,2272.976804020153,2226.1626454798607,2227.15869140625,700,0.0,0.0
2024-11-28 00:00:00+09:00,2241.103271484375,2241.103271484375,2241.103271484375,2241.103271484375,100,0.0,0.0
2024-11-29 00:00:00+09:00,2241.1033112538885,2241.1033112538885,2191.3010154482463,2201.261474609375,2900,0.0,0.0
2024-12-02 00:00:00+09:00,2251.0636539634984,2269.988525390625,2251.0636539634984,2269.988525390625,700,0.0,0.0
2024-12-03 00:00:00+09:00,2240.1072255859376,2241.103271484375,2240.1072255859376,2241.103271484375,300,0.0,0.0
2024-12-04 00:00:00+09:00,2258.035936574246,2259.031982421875,2258.035936574246,2259.031982421875,200,0.0,0.0
2024-12-05 00:00:00+09:00,2242.0992839270225,2242.0992839270225,2225.16650390625,2225.16650390625,300,0.0,0.0
2024-12-06 00:00:00+09:00,2249.0716289148922,2251.063720703125,2249.0716289148922,2251.063720703125,700,0.0,0.0
2024-12-09 00:00:00+09:00,2251.063720703125,2251.063720703125,2251.063720703125,2251.063720703125,0,0.0,0.0
2024-12-10 00:00:00+09:00,2251.06374528104,2251.06374528104,2226.16259765625,2226.16259765625,400,0.0,0.0
2024-12-11 00:00:00+09:00,2224.170523930522,2257.0400390625,2224.170523930522,2257.0400390625,600,0.0,0.0
2024-12-12 00:00:00+09:00,2257.0400390625,2257.0400390625,2257.0400390625,2257.0400390625,0,0.0,0.0
2024-12-13 00:00:00+09:00,2257.0400390625,2257.0400390625,2257.0400390625,2257.0400390625,100,0.0,0.0
2024-12-16 00:00:00+09:00,2267.99658203125,2267.99658203125,2267.99658203125,2267.99658203125,400,0.0,0.0
2024-12-17 00:00:00+09:00,2267.99658203125,2267.99658203125,2267.99658203125,2267.99658203125,0,0.0,0.0
2024-12-18 00:00:00+09:00,2269.9885301145423,2269.9885301145423,2265.00830078125,2265.00830078125,400,0.0,0.0
2024-12-19 00:00:00+09:00,2247.07958984375,2247.07958984375,2247.07958984375,2247.07958984375,100,0.0,0.0
2024-12-20 00:00:00+09:00,2270.984724877586,2270.984724877586,2249.071714374381,2263.016357421875,700,0.0,0.0
2024-12-23 00:00:00+09:00,2262.0203216309887,2262.0203216309887,2253.055908203125,2253.055908203125,400,0.0,0.0
2024-12-24 00:00:00+09:00,2253.0557456926695,2269.988525390625,2245.0873787759847,2269.988525390625,900,0.0,0.0
2024-12-25 00:00:00+09:00,2269.9885160047033,2279.948974609375,2242.099231911622,2279.948974609375,600,0.0,0.0
2024-12-26 00:00:00+09:00,2279.948974609375,2279.948974609375,2279.948974609375,2279.948974609375,100,0.0,0.0
2024-12-27 00:00:00+09:00,2279.948974609375,2279.948974609375,2279.948974609375,2279.948974609375,0,0.0,0.0
2024-12-30 00:00:00+09:00,2249.071600155227,2280.945068359375,2249.071600155227,2280.945068359375,900,0.0,0.0
2025-01-06 00:00:00+09:00,2289.9093916107677,2324.77099609375,2289.9093916107677,2324.77099609375,300,0.0,0.0
2025-01-07 00:00:00+09:00,2301.862012669947,2301.862012669947,2299.8699209238025,2300.865966796875,300,0.0,0.0
2025-01-08 00:00:00+09:00,2303.8542502202336,2349.67236328125,2303.8542502202336,2349.67236328125,400,0.0,0.0
2025-01-09 00:00:00+09:00,2349.6721830940946,2438.320264609726,2348.6761372343685,2437.32421875,2000,0.0,0.0
2025-01-10 00:00:00+09:00,2437.32421875,2437.32421875,2437.32421875,2437.32421875,0,0.0,0.0
2025-01-14 00:00:00+09:00,2337.7197276258303,2337.7197276258303,2286.92138671875,2286.92138671875,600,0.0,0.0
2025-01-15 00:00:00+09:00,2305.8462392645592,2307.838331047941,2305.8462392645592,2306.84228515625,600,0.0,0.0
2025-01-16 00:00:00+09:00,2306.84228515625,2306.84228515625,2306.84228515625,2306.84228515625,0,0.0,0.0
2025-01-17 00:00:00+09:00,2319.790771484375,2319.790771484375,2319.790771484375,2319.790771484375,100,0.0,0.0
2025-01-20 00:00:00+09:00,2302.8581444134907,2312.818603515625,2273.9728130173007,2312.818603515625,800,0.0,0.0
2025-01-21 00:00:00+09:00,2312.818603515625,2312.818603515625,2312.818603515625,2312.818603515625,0,0.0,0.0
2025-01-22 00:00:00+09:00,2312.818603515625,2312.818603515625,2312.818603515625,2312.818603515625,100,0.0,0.0
2025-01-23 00:00:00+09:00,2302.8580585430195,2311.8224714006697,2300.865966796875,2300.865966796875,600,0.0,0.0
2025-01-24 00:00:00+09:00,2290.905517578125,2290.905517578125,2290.905517578125,2290.905517578125,300,0.0,0.0
2025-01-27 00:00:00+09:00,2289.9093897147395,2289.9093897147395,2273.97265625,2273.97265625,700,0.0,0.0
2025-01-28 00:00:00+09:00,2287.917284242582,2288.913330078125,2287.917284242582,2288.913330078125,200,0.0,0.0
2025-01-29 00:00:00+09:00,2289.909471700917,2290.905517578125,2289.909471700917,2290.905517578125,1200,0.0,0.0
2025-01-30 00:00:00+09:00,2318.7947594616203,2335.7275390625,2310.8263925906185,2335.7275390625,700,0.0,0.0
2025-01-31 00:00:00+09:00,2335.7275869332107,2387.52197265625,2335.7275869332107,2387.52197265625,400,0.0,0.0
2025-02-03 00:00:00+09:00,2387.5220147391697,2449.2768603436034,2337.719719896884,2444.296630859375,1700,0.0,0.0
2025-02-04 00:00:00+09:00,2442.3045622794857,2470.19384765625,2442.3045622794857,2470.19384765625,1000,0.0,0.0
2025-02-05 00:00:00+09:00,2456.249185546875,2490.11474609375,2456.249185546875,2490.11474609375,200,0.0,0.0
2025-02-06 00:00:00+09:00,2490.11474609375,2490.11474609375,2490.11474609375,2490.11474609375,0,0.0,0.0
2025-02-07 00:00:00+09:00,2489.11865234375,2489.11865234375,2489.11865234375,2489.11865234375,100,0.0,0.0
2025-02-10 00:00:00+09:00,2489.11865234375,2489.11865234375,2489.11865234375,2489.11865234375,100,0.0,0.0
2025-02-12 00:00:00+09:00,2480.1542394301473,2489.11865234375,2480.1542394301473,2489.11865234375,300,0.0,0.0
2025-02-13 00:00:00+09:00,2479.1582029327633,2529.95654296875,2450.272872324065,2529.95654296875,3000,0.0,0.0
2025-02-14 00:00:00+09:00,2579.758939761837,2579.758939761837,2526.968505859375,2526.968505859375,500,0.0,0.0
2025-02-17 00:00:00+09:00,2477.1661591679217,2529.956591992972,2466.209654241968,2480.154296875,2200,0.0,0.0
2025-02-18 00:00:00+09:00,2468.201755843624,2497.087087126701,2468.201755843624,2470.19384765625,400,0.0,0.0
2025-02-19 00:00:00+09:00,2477.166116170837,2477.166116170837,2474.177978515625,2474.177978515625,400,0.0,0.0
2025-02-20 00:00:00+09:00,2490.11474609375,2490.11474609375,2490.11474609375,2490.11474609375,200,0.0,0.0
2025-02-21 00:00:00+09:00,2490.114597774905,2492.106689453125,2490.114597774905,2492.106689453125,300,0.0,0.0
2025-02-25 00:00:00+09:00,2495.094903864309,2514.019775390625,2495.094903864309,2514.019775390625,700,0.0,0.0
2025-02-26 00:00:00+09:00,2514.01992636232,2557.845947265625,2514.01992636232,2557.845947265625,500,0.0,0.0
2025-02-27 00:00:00+09:00,2557.8457894258718,2569.79833984375,2529.95650511749,2569.79833984375,400,0.0,0.0
2025-02-28 00:00:00+09:00,2542.905200962693,2569.7984404558356,2530.952650076852,2566.810302734375,900,0.0,0.0
2025-03-03 00:00:00+09:00,2517.0079369638484,2552.86558861826,2503.063294653799,2539.9169921875,400,0.0,0.0
2025-03-04 00:00:00+09:00,2539.9169921875,2539.9169921875,2539.9169921875,2539.9169921875,100,0.0,0.0
2025-03-05 00:00:00+09:00,2539.9169921875,2539.9169921875,2539.9169921875,2539.9169921875,100,0.0,0.0
2025-03-06 00:00:00+09:00,2539.9169921875,2539.9169921875,2539.9169921875,2539.9169921875,200,0.0,0.0
2025-03-07 00:00:00+09:00,2539.917044928012,2539.917044928012,2515.015897428718,2535.932861328125,500,0.0,0.0
2025-03-10 00:00:00+09:00,2535.9328279397237,2535.9328279397237,2515.0158643157115,2519.99609375,800,0.0,0.0
2025-03-11 00:00:00+09:00,2561.830020998024,2561.830020998024,2519.99609375,2519.99609375,800,0.0,0.0
2025-03-12 00:00:00+09:00,2519.99609375,2519.99609375,2519.99609375,2519.99609375,0,0.0,0.0
2025-03-13 00:00:00+09:00,2520.9921875,2520.9921875,2520.9921875,2520.9921875,100,0.0,0.0
2025-03-14 00:00:00+09:00,2520.9921875,2520.9921875,2520.9921875,2520.9921875,0,0.0,0.0
2025-03-17 00:00:00+09:00,2564.818062695388,2568.80224609375,2562.8259709962076,2568.80224609375,800,0.0,0.0
2025-03-18 00:00:00+09:00,2569.7983304174713,2579.7587890625,2569.7983304174713,2579.7587890625,600,0.0,0.0
2025-03-19 00:00:00+09:00,2579.7587890625,2579.7587890625,2579.7587890625,2579.7587890625,200,0.0,0.0
2025-03-21 00:00:00+09:00,2579.758784358442,2584.739013671875,2579.758784358442,2584.739013671875,400,0.0,0.0
2025-03-24 00:00:00+09:00,2589.71925720688,2594.699486547662,2519.996046435925,2569.79833984375,2800,0.0,0.0
2025-03-25 00:00:00+09:00,2519.99609375,2577.766755187747,2519.99609375,2519.99609375,1000,0.0,0.0
2025-03-26 00:00:00+09:00,2519.9960985844677,2519.9960985844677,2505.0554102529395,2515.015869140625,1300,0.0,0.0
2025-03-27 00:00:00+09:00,2499.07908264136,2519.0,2499.07908264136,2519.0,1000,0.0,0.0
2025-03-28 00:00:00+09:00,2500.0,2500.0,2321.0,2321.0,2500,10.0,0.0
2025-03-31 00:00:00+09:00,2321.0,2330.0,2321.0,2330.0,300,0.0,0.0
2025-04-01 00:00:00+09:00,2358.0,2358.0,2330.0,2330.0,500,0.0,0.0
2025-04-02 00:00:00+09:00,2334.0,2334.0,2334.0,2334.0,100,0.0,0.0
2025-04-03 00:00:00+09:00,2325.0,2335.0,2321.0,2335.0,500,0.0,0.0
2025-04-04 00:00:00+09:00,2324.0,2324.0,2260.0,2260.0,1200,0.0,0.0
2025-04-07 00:00:00+09:00,2251.0,2251.0,2195.0,2195.0,800,0.0,0.0
2025-04-08 00:00:00+09:00,2202.0,2399.0,2202.0,2399.0,300,0.0,0.0
2025-04-09 00:00:00+09:00,2399.0,2399.0,2399.0,2399.0,0,0.0,0.0
2025-04-10 00:00:00+09:00,2399.0,2399.0,2399.0,2399.0,0,0.0,0.0
2025-04-11 00:00:00+09:00,2349.0,2349.0,2300.0,2300.0,200,0.0,0.0
2025-04-14 00:00:00+09:00,2300.0,2340.0,2300.0,2320.0,400,0.0,0.0
2025-04-15 00:00:00+09:00,2320.0,2320.0,2320.0,2320.0,100,0.0,0.0
2025-04-16 00:00:00+09:00,2321.0,2321.0,2321.0,2321.0,100,0.0,0.0
2025-04-17 00:00:00+09:00,2271.0,2350.0,2226.0,2349.0,2000,0.0,0.0
2025-04-18 00:00:00+09:00,2349.0,2349.0,2349.0,2349.0,0,0.0,0.0
2025-04-21 00:00:00+09:00,2349.0,2349.0,2349.0,2349.0,100,0.0,0.0
2025-04-22 00:00:00+09:00,2385.0,2400.0,2385.0,2400.0,500,0.0,0.0
2025-04-23 00:00:00+09:00,2450.0,2480.0,2450.0,2470.0,500,0.0,0.0
2025-04-24 00:00:00+09:00,2470.0,2470.0,2470.0,2470.0,200,0.0,0.0
2025-04-25 00:00:00+09:00,2470.0,2470.0,2470.0,2470.0,200,0.0,0.0
