Date,Open,High,Low,Close,Volume,Dividends,Stock Splits
2017-10-25 00:00:00-04:00,9.630000114440918,9.630000114440918,9.569999694824219,9.579999923706055,665300,0.0,0.0
2017-10-26 00:00:00-04:00,9.579999923706055,9.609999656677246,9.550000190734863,9.550000190734863,1000800,0.0,0.0
2017-10-27 00:00:00-04:00,9.550000190734863,9.5600004196167,9.536999702453613,9.539999961853027,17000,0.0,0.0
2017-10-30 00:00:00-04:00,9.579999923706055,9.579999923706055,9.579999923706055,9.579999923706055,1000,0.0,0.0
2017-10-31 00:00:00-04:00,9.550000190734863,9.5600004196167,9.550000190734863,9.5600004196167,14600,0.0,0.0
2017-11-01 00:00:00-04:00,9.520000457763672,9.569999694824219,9.520000457763672,9.569999694824219,1300,0.0,0.0
2017-11-02 00:00:00-04:00,9.569999694824219,9.569999694824219,9.569999694824219,9.569999694824219,1200,0.0,0.0
2017-11-03 00:00:00-04:00,9.569999694824219,9.569999694824219,9.569999694824219,9.569999694824219,4000,0.0,0.0
2017-11-06 00:00:00-05:00,9.569999694824219,9.569999694824219,9.550000190734863,9.5600004196167,30100,0.0,0.0
2017-11-07 00:00:00-05:00,9.5600004196167,9.5600004196167,9.5600004196167,9.5600004196167,0,0.0,0.0
2017-11-08 00:00:00-05:00,9.5600004196167,9.5600004196167,9.5600004196167,9.5600004196167,0,0.0,0.0
2017-11-09 00:00:00-05:00,9.550000190734863,9.569999694824219,9.529999732971191,9.529999732971191,37000,0.0,0.0
2017-11-10 00:00:00-05:00,9.539999961853027,9.539999961853027,9.539999961853027,9.539999961853027,9700,0.0,0.0
2017-11-13 00:00:00-05:00,9.520000457763672,9.520000457763672,9.520000457763672,9.520000457763672,700,0.0,0.0
2017-11-14 00:00:00-05:00,9.520000457763672,9.520000457763672,9.520000457763672,9.520000457763672,0,0.0,0.0
2017-11-15 00:00:00-05:00,9.539999961853027,9.539999961853027,9.539999961853027,9.539999961853027,2500,0.0,0.0
2017-11-16 00:00:00-05:00,9.529999732971191,9.529999732971191,9.529999732971191,9.529999732971191,100000,0.0,0.0
2017-11-17 00:00:00-05:00,9.569999694824219,9.569999694824219,9.5600004196167,9.567999839782715,38000,0.0,0.0
2017-11-20 00:00:00-05:00,9.569999694824219,9.569999694824219,9.569999694824219,9.569999694824219,1000,0.0,0.0
2017-11-21 00:00:00-05:00,9.579999923706055,9.579999923706055,9.569999694824219,9.579999923706055,72700,0.0,0.0
2017-11-22 00:00:00-05:00,9.579999923706055,9.579999923706055,9.579999923706055,9.579999923706055,0,0.0,0.0
2017-11-24 00:00:00-05:00,9.579999923706055,9.579999923706055,9.579999923706055,9.579999923706055,0,0.0,0.0
2017-11-27 00:00:00-05:00,9.579999923706055,9.59000015258789,9.579999923706055,9.59000015258789,1200,0.0,0.0
2017-11-28 00:00:00-05:00,9.59000015258789,9.59000015258789,9.59000015258789,9.59000015258789,0,0.0,0.0
2017-11-29 00:00:00-05:00,9.59000015258789,9.600000381469727,9.59000015258789,9.600000381469727,14600,0.0,0.0
2017-11-30 00:00:00-05:00,9.579999923706055,9.600000381469727,9.579999923706055,9.600000381469727,2500,0.0,0.0
2017-12-01 00:00:00-05:00,9.600000381469727,9.600000381469727,9.600000381469727,9.600000381469727,0,0.0,0.0
2017-12-04 00:00:00-05:00,9.569999694824219,9.600000381469727,9.569999694824219,9.600000381469727,28600,0.0,0.0
2017-12-05 00:00:00-05:00,9.59000015258789,9.59000015258789,9.59000015258789,9.59000015258789,2000,0.0,0.0
2017-12-06 00:00:00-05:00,9.619999885559082,9.619999885559082,9.59000015258789,9.59000015258789,7700,0.0,0.0
2017-12-07 00:00:00-05:00,9.59000015258789,9.59000015258789,9.59000015258789,9.59000015258789,0,0.0,0.0
2017-12-08 00:00:00-05:00,9.59000015258789,9.59000015258789,9.59000015258789,9.59000015258789,0,0.0,0.0
2017-12-11 00:00:00-05:00,9.59000015258789,9.59000015258789,9.59000015258789,9.59000015258789,15100,0.0,0.0
2017-12-12 00:00:00-05:00,9.59000015258789,9.59000015258789,9.59000015258789,9.59000015258789,0,0.0,0.0
2017-12-13 00:00:00-05:00,9.59000015258789,9.59000015258789,9.59000015258789,9.59000015258789,0,0.0,0.0
2017-12-14 00:00:00-05:00,9.59000015258789,9.59000015258789,9.59000015258789,9.59000015258789,0,0.0,0.0
2017-12-15 00:00:00-05:00,9.609999656677246,9.619999885559082,9.600000381469727,9.619999885559082,26500,0.0,0.0
2017-12-18 00:00:00-05:00,9.619999885559082,9.619999885559082,9.619999885559082,9.619999885559082,600,0.0,0.0
2017-12-19 00:00:00-05:00,9.600000381469727,9.600000381469727,9.600000381469727,9.600000381469727,500,0.0,0.0
2017-12-20 00:00:00-05:00,9.600000381469727,9.600000381469727,9.600000381469727,9.600000381469727,0,0.0,0.0
2017-12-21 00:00:00-05:00,9.600000381469727,9.600000381469727,9.600000381469727,9.600000381469727,0,0.0,0.0
2017-12-22 00:00:00-05:00,9.600000381469727,9.600000381469727,9.600000381469727,9.600000381469727,0,0.0,0.0
2017-12-26 00:00:00-05:00,9.600000381469727,9.600000381469727,9.600000381469727,9.600000381469727,0,0.0,0.0
2017-12-27 00:00:00-05:00,9.630000114440918,9.649999618530273,9.619999885559082,9.649999618530273,23300,0.0,0.0
2017-12-28 00:00:00-05:00,9.65999984741211,9.699999809265137,9.649999618530273,9.649999618530273,96500,0.0,0.0
2017-12-29 00:00:00-05:00,9.649999618530273,9.649999618530273,9.649999618530273,9.649999618530273,0,0.0,0.0
2018-01-02 00:00:00-05:00,9.579999923706055,9.579999923706055,9.579999923706055,9.579999923706055,300,0.0,0.0
2018-01-03 00:00:00-05:00,9.630000114440918,9.630000114440918,9.630000114440918,9.630000114440918,4200,0.0,0.0
2018-01-04 00:00:00-05:00,9.630000114440918,9.630000114440918,9.630000114440918,9.630000114440918,0,0.0,0.0
2018-01-05 00:00:00-05:00,9.630000114440918,9.630000114440918,9.630000114440918,9.630000114440918,0,0.0,0.0
2018-01-08 00:00:00-05:00,9.630000114440918,9.649999618530273,9.630000114440918,9.649999618530273,4100,0.0,0.0
2018-01-09 00:00:00-05:00,9.640000343322754,9.649999618530273,9.640000343322754,9.649999618530273,152800,0.0,0.0
2018-01-10 00:00:00-05:00,9.649999618530273,9.649999618530273,9.649999618530273,9.649999618530273,96600,0.0,0.0
2018-01-11 00:00:00-05:00,9.649999618530273,9.649999618530273,9.649999618530273,9.649999618530273,0,0.0,0.0
2018-01-12 00:00:00-05:00,9.670000076293945,9.670000076293945,9.649999618530273,9.670000076293945,700,0.0,0.0
2018-01-16 00:00:00-05:00,9.670000076293945,9.670000076293945,9.670000076293945,9.670000076293945,200,0.0,0.0
2018-01-17 00:00:00-05:00,9.670000076293945,9.670000076293945,9.670000076293945,9.670000076293945,200,0.0,0.0
2018-01-18 00:00:00-05:00,9.649999618530273,9.649999618530273,9.649999618530273,9.649999618530273,1600,0.0,0.0
2018-01-19 00:00:00-05:00,9.649999618530273,9.649999618530273,9.649999618530273,9.649999618530273,0,0.0,0.0
2018-01-22 00:00:00-05:00,9.649999618530273,9.649999618530273,9.649999618530273,9.649999618530273,0,0.0,0.0
2018-01-23 00:00:00-05:00,9.649999618530273,9.649999618530273,9.649999618530273,9.649999618530273,0,0.0,0.0
2018-01-24 00:00:00-05:00,9.649999618530273,9.649999618530273,9.649999618530273,9.649999618530273,0,0.0,0.0
2018-01-25 00:00:00-05:00,9.649999618530273,9.649999618530273,9.649999618530273,9.649999618530273,0,0.0,0.0
2018-01-26 00:00:00-05:00,9.649999618530273,9.649999618530273,9.649999618530273,9.649999618530273,0,0.0,0.0
2018-01-29 00:00:00-05:00,9.649999618530273,9.649999618530273,9.649999618530273,9.649999618530273,0,0.0,0.0
2018-01-30 00:00:00-05:00,9.649999618530273,9.649999618530273,9.649999618530273,9.649999618530273,0,0.0,0.0
2018-01-31 00:00:00-05:00,9.65999984741211,9.65999984741211,9.65999984741211,9.65999984741211,6000,0.0,0.0
2018-02-01 00:00:00-05:00,9.65999984741211,9.65999984741211,9.65999984741211,9.65999984741211,0,0.0,0.0
2018-02-02 00:00:00-05:00,9.65999984741211,9.65999984741211,9.649999618530273,9.654999732971191,15300,0.0,0.0
2018-02-05 00:00:00-05:00,9.633999824523926,9.65999984741211,9.600000381469727,9.600000381469727,87700,0.0,0.0
2018-02-06 00:00:00-05:00,9.600000381469727,9.600000381469727,9.600000381469727,9.600000381469727,0,0.0,0.0
2018-02-07 00:00:00-05:00,9.670000076293945,9.670000076293945,9.619999885559082,9.654999732971191,692400,0.0,0.0
2018-02-08 00:00:00-05:00,9.670000076293945,9.670000076293945,9.654999732971191,9.654999732971191,700,0.0,0.0
2018-02-09 00:00:00-05:00,9.670000076293945,9.670000076293945,9.640000343322754,9.640000343322754,300200,0.0,0.0
2018-02-12 00:00:00-05:00,9.680000305175781,9.680000305175781,9.680000305175781,9.680000305175781,100,0.0,0.0
2018-02-13 00:00:00-05:00,9.680000305175781,9.680000305175781,9.680000305175781,9.680000305175781,0,0.0,0.0
2018-02-14 00:00:00-05:00,9.680000305175781,9.6899995803833,9.680000305175781,9.6899995803833,300,0.0,0.0
2018-02-15 00:00:00-05:00,9.649999618530273,9.649999618530273,9.649999618530273,9.649999618530273,200,0.0,0.0
2018-02-16 00:00:00-05:00,9.649999618530273,9.649999618530273,9.649999618530273,9.649999618530273,0,0.0,0.0
2018-02-20 00:00:00-05:00,9.6899995803833,9.6899995803833,9.649999618530273,9.649999618530273,6600,0.0,0.0
2018-02-21 00:00:00-05:00,9.649999618530273,9.649999618530273,9.649999618530273,9.649999618530273,0,0.0,0.0
2018-02-22 00:00:00-05:00,9.649999618530273,9.649999618530273,9.649999618530273,9.649999618530273,0,0.0,0.0
2018-02-23 00:00:00-05:00,9.649999618530273,9.649999618530273,9.649999618530273,9.649999618530273,0,0.0,0.0
2018-02-26 00:00:00-05:00,9.649999618530273,9.649999618530273,9.649999618530273,9.649999618530273,100,0.0,0.0
2018-02-27 00:00:00-05:00,9.689000129699707,9.689000129699707,9.689000129699707,9.689000129699707,706900,0.0,0.0
2018-02-28 00:00:00-05:00,9.689000129699707,9.689000129699707,9.689000129699707,9.689000129699707,0,0.0,0.0
2018-03-01 00:00:00-05:00,9.642999649047852,9.649999618530273,9.619999885559082,9.649999618530273,3800,0.0,0.0
2018-03-02 00:00:00-05:00,9.649999618530273,9.649999618530273,9.649999618530273,9.649999618530273,0,0.0,0.0
2018-03-05 00:00:00-05:00,9.649999618530273,9.649999618530273,9.649999618530273,9.649999618530273,0,0.0,0.0
2018-03-06 00:00:00-05:00,9.649999618530273,9.649999618530273,9.649999618530273,9.649999618530273,0,0.0,0.0
2018-03-07 00:00:00-05:00,9.649999618530273,9.649999618530273,9.649999618530273,9.649999618530273,0,0.0,0.0
2018-03-08 00:00:00-05:00,9.649999618530273,9.649999618530273,9.649999618530273,9.649999618530273,0,0.0,0.0
2018-03-09 00:00:00-05:00,9.649999618530273,9.649999618530273,9.649999618530273,9.649999618530273,0,0.0,0.0
2018-03-12 00:00:00-04:00,9.65999984741211,9.65999984741211,9.65999984741211,9.65999984741211,150000,0.0,0.0
2018-03-13 00:00:00-04:00,9.670000076293945,9.670000076293945,9.65999984741211,9.65999984741211,800,0.0,0.0
2018-03-14 00:00:00-04:00,9.670000076293945,9.6850004196167,9.670000076293945,9.6850004196167,1300,0.0,0.0
2018-03-15 00:00:00-04:00,9.680000305175781,9.680000305175781,9.649999618530273,9.649999618530273,1400,0.0,0.0
2018-03-16 00:00:00-04:00,9.65999984741211,9.65999984741211,9.65999984741211,9.65999984741211,900,0.0,0.0
2018-03-19 00:00:00-04:00,9.65999984741211,9.65999984741211,9.65999984741211,9.65999984741211,0,0.0,0.0
2018-03-20 00:00:00-04:00,9.670000076293945,9.670000076293945,9.649999618530273,9.65999984741211,10600,0.0,0.0
2018-03-21 00:00:00-04:00,9.65999984741211,9.65999984741211,9.65999984741211,9.65999984741211,0,0.0,0.0
2018-03-22 00:00:00-04:00,9.720000267028809,9.720000267028809,9.720000267028809,9.720000267028809,200500,0.0,0.0
2018-03-23 00:00:00-04:00,9.720000267028809,9.720000267028809,9.720000267028809,9.720000267028809,0,0.0,0.0
2018-03-26 00:00:00-04:00,9.6899995803833,9.6899995803833,9.6899995803833,9.6899995803833,200,0.0,0.0
2018-03-27 00:00:00-04:00,9.680000305175781,9.680000305175781,9.680000305175781,9.680000305175781,100,0.0,0.0
2018-03-28 00:00:00-04:00,9.6899995803833,9.6899995803833,9.6899995803833,9.6899995803833,100,0.0,0.0
2018-03-29 00:00:00-04:00,9.6899995803833,9.6899995803833,9.6899995803833,9.6899995803833,100,0.0,0.0
2018-04-02 00:00:00-04:00,9.6899995803833,9.6899995803833,9.6899995803833,9.6899995803833,600,0.0,0.0
2018-04-03 00:00:00-04:00,9.710000038146973,9.710000038146973,9.6899995803833,9.6899995803833,1200,0.0,0.0
2018-04-04 00:00:00-04:00,9.720000267028809,9.720000267028809,9.720000267028809,9.720000267028809,5100,0.0,0.0
2018-04-05 00:00:00-04:00,9.710000038146973,9.710000038146973,9.710000038146973,9.710000038146973,100,0.0,0.0
2018-04-06 00:00:00-04:00,9.710000038146973,9.710000038146973,9.710000038146973,9.710000038146973,0,0.0,0.0
2018-04-09 00:00:00-04:00,9.710000038146973,9.710000038146973,9.710000038146973,9.710000038146973,0,0.0,0.0
2018-04-10 00:00:00-04:00,9.6899995803833,9.6899995803833,9.6899995803833,9.6899995803833,100000,0.0,0.0
2018-04-11 00:00:00-04:00,9.710000038146973,9.720000267028809,9.710000038146973,9.720000267028809,72300,0.0,0.0
2018-04-12 00:00:00-04:00,9.699999809265137,9.699999809265137,9.699999809265137,9.699999809265137,106100,0.0,0.0
2018-04-13 00:00:00-04:00,9.729999542236328,9.729999542236328,9.699999809265137,9.699999809265137,8900,0.0,0.0
2018-04-16 00:00:00-04:00,9.699999809265137,9.699999809265137,9.699999809265137,9.699999809265137,0,0.0,0.0
2018-04-17 00:00:00-04:00,9.699999809265137,9.699999809265137,9.699999809265137,9.699999809265137,0,0.0,0.0
2018-04-18 00:00:00-04:00,9.720000267028809,9.729999542236328,9.720000267028809,9.729999542236328,300,0.0,0.0
2018-04-19 00:00:00-04:00,9.75,9.75,9.729999542236328,9.729999542236328,800,0.0,0.0
2018-04-20 00:00:00-04:00,9.720000267028809,9.720000267028809,9.720000267028809,9.720000267028809,1100,0.0,0.0
2018-04-23 00:00:00-04:00,9.720000267028809,9.725000381469727,9.720000267028809,9.725000381469727,2000,0.0,0.0
2018-04-24 00:00:00-04:00,9.725000381469727,9.725000381469727,9.725000381469727,9.725000381469727,0,0.0,0.0
2018-04-25 00:00:00-04:00,9.75,9.75,9.75,9.75,6000,0.0,0.0
2018-04-26 00:00:00-04:00,9.75,9.75,9.75,9.75,1000,0.0,0.0
2018-04-27 00:00:00-04:00,9.75,9.75,9.739999771118164,9.739999771118164,1900,0.0,0.0
2018-04-30 00:00:00-04:00,9.739999771118164,9.739999771118164,9.739999771118164,9.739999771118164,7800,0.0,0.0
2018-05-01 00:00:00-04:00,9.739999771118164,9.739999771118164,9.739999771118164,9.739999771118164,0,0.0,0.0
2018-05-02 00:00:00-04:00,9.75,9.75,9.75,9.75,400,0.0,0.0
2018-05-03 00:00:00-04:00,9.720999717712402,9.720999717712402,9.720999717712402,9.720999717712402,1000,0.0,0.0
2018-05-04 00:00:00-04:00,9.720999717712402,9.720999717712402,9.720999717712402,9.720999717712402,0,0.0,0.0
2018-05-07 00:00:00-04:00,9.729999542236328,9.75,9.720000267028809,9.75,100200,0.0,0.0
2018-05-08 00:00:00-04:00,9.75,9.75,9.75,9.75,0,0.0,0.0
2018-05-09 00:00:00-04:00,9.729999542236328,9.729999542236328,9.729999542236328,9.729999542236328,200,0.0,0.0
2018-05-10 00:00:00-04:00,9.720000267028809,9.760000228881836,9.720000267028809,9.760000228881836,5000,0.0,0.0
2018-05-11 00:00:00-04:00,9.770000457763672,9.770000457763672,9.770000457763672,9.770000457763672,5000,0.0,0.0
2018-05-14 00:00:00-04:00,9.769000053405762,9.770000457763672,9.769000053405762,9.770000457763672,18000,0.0,0.0
2018-05-15 00:00:00-04:00,9.779999732971191,9.779999732971191,9.779999732971191,9.779999732971191,300,0.0,0.0
2018-05-16 00:00:00-04:00,9.779999732971191,9.779999732971191,9.779999732971191,9.779999732971191,0,0.0,0.0
2018-05-17 00:00:00-04:00,9.779999732971191,9.779999732971191,9.779999732971191,9.779999732971191,0,0.0,0.0
2018-05-18 00:00:00-04:00,9.779999732971191,9.779999732971191,9.779999732971191,9.779999732971191,0,0.0,0.0
2018-05-21 00:00:00-04:00,9.75,9.75,9.75,9.75,137100,0.0,0.0
2018-05-22 00:00:00-04:00,9.75,9.75,9.75,9.75,385200,0.0,0.0
2018-05-23 00:00:00-04:00,9.75,9.75,9.75,9.75,553000,0.0,0.0
2018-05-24 00:00:00-04:00,9.75,9.75,9.75,9.75,0,0.0,0.0
2018-05-25 00:00:00-04:00,9.758999824523926,9.758999824523926,9.758999824523926,9.758999824523926,100,0.0,0.0
2018-05-29 00:00:00-04:00,9.770000457763672,9.770000457763672,9.770000457763672,9.770000457763672,600,0.0,0.0
2018-05-30 00:00:00-04:00,9.770000457763672,9.770000457763672,9.770000457763672,9.770000457763672,2700,0.0,0.0
2018-05-31 00:00:00-04:00,9.770000457763672,9.770000457763672,9.770000457763672,9.770000457763672,500,0.0,0.0
2018-06-01 00:00:00-04:00,9.720000267028809,9.779999732971191,9.720000267028809,9.779999732971191,1100,0.0,0.0
2018-06-04 00:00:00-04:00,9.779999732971191,9.779999732971191,9.779999732971191,9.779999732971191,0,0.0,0.0
2018-06-05 00:00:00-04:00,9.779999732971191,9.779999732971191,9.779999732971191,9.779999732971191,0,0.0,0.0
2018-06-06 00:00:00-04:00,9.777000427246094,9.777000427246094,9.777000427246094,9.777000427246094,500,0.0,0.0
2018-06-07 00:00:00-04:00,9.779999732971191,9.779999732971191,9.779999732971191,9.779999732971191,1000,0.0,0.0
2018-06-08 00:00:00-04:00,9.779999732971191,9.779999732971191,9.779999732971191,9.779999732971191,0,0.0,0.0
2018-06-11 00:00:00-04:00,9.75,9.789999961853027,9.75,9.789999961853027,184900,0.0,0.0
2018-06-12 00:00:00-04:00,9.760000228881836,9.760000228881836,9.760000228881836,9.760000228881836,1000,0.0,0.0
2018-06-13 00:00:00-04:00,9.760000228881836,9.760000228881836,9.75,9.760000228881836,205000,0.0,0.0
2018-06-14 00:00:00-04:00,9.760000228881836,9.800000190734863,9.760000228881836,9.789999961853027,15000,0.0,0.0
2018-06-15 00:00:00-04:00,9.789999961853027,9.789999961853027,9.789999961853027,9.789999961853027,0,0.0,0.0
2018-06-18 00:00:00-04:00,9.789999961853027,9.789999961853027,9.789999961853027,9.789999961853027,0,0.0,0.0
2018-06-19 00:00:00-04:00,9.789999961853027,9.789999961853027,9.789999961853027,9.789999961853027,0,0.0,0.0
2018-06-20 00:00:00-04:00,9.789999961853027,9.789999961853027,9.789999961853027,9.789999961853027,0,0.0,0.0
2018-06-21 00:00:00-04:00,9.788999557495117,9.788999557495117,9.788999557495117,9.788999557495117,300,0.0,0.0
2018-06-22 00:00:00-04:00,9.788999557495117,9.788999557495117,9.788999557495117,9.788999557495117,0,0.0,0.0
2018-06-25 00:00:00-04:00,9.800000190734863,9.800000190734863,9.800000190734863,9.800000190734863,2000,0.0,0.0
2018-06-26 00:00:00-04:00,9.770000457763672,9.800000190734863,9.760000228881836,9.800000190734863,700300,0.0,0.0
2018-06-27 00:00:00-04:00,9.800000190734863,9.800000190734863,9.800000190734863,9.800000190734863,0,0.0,0.0
2018-06-28 00:00:00-04:00,9.800000190734863,9.800000190734863,9.800000190734863,9.800000190734863,0,0.0,0.0
2018-06-29 00:00:00-04:00,9.800000190734863,9.800000190734863,9.800000190734863,9.800000190734863,0,0.0,0.0
2018-07-02 00:00:00-04:00,9.800000190734863,9.800000190734863,9.800000190734863,9.800000190734863,0,0.0,0.0
2018-07-03 00:00:00-04:00,9.800000190734863,9.800000190734863,9.800000190734863,9.800000190734863,0,0.0,0.0
2018-07-05 00:00:00-04:00,9.789999961853027,9.789999961853027,9.779999732971191,9.779999732971191,300,0.0,0.0
2018-07-06 00:00:00-04:00,9.770000457763672,9.770000457763672,9.760000228881836,9.760000228881836,300,0.0,0.0
2018-07-09 00:00:00-04:00,9.760000228881836,9.760000228881836,9.760000228881836,9.760000228881836,0,0.0,0.0
2018-07-10 00:00:00-04:00,9.760000228881836,9.760000228881836,9.760000228881836,9.760000228881836,0,0.0,0.0
2018-07-11 00:00:00-04:00,9.760000228881836,9.760000228881836,9.760000228881836,9.760000228881836,0,0.0,0.0
2018-07-12 00:00:00-04:00,9.760000228881836,9.770000457763672,9.760000228881836,9.770000457763672,24800,0.0,0.0
2018-07-13 00:00:00-04:00,9.770000457763672,9.770000457763672,9.770000457763672,9.770000457763672,1300,0.0,0.0
2018-07-16 00:00:00-04:00,9.767000198364258,9.770000457763672,9.767000198364258,9.770000457763672,3600,0.0,0.0
2018-07-17 00:00:00-04:00,9.770000457763672,9.770000457763672,9.760000228881836,9.770000457763672,25800,0.0,0.0
2018-07-18 00:00:00-04:00,9.779999732971191,9.829999923706055,9.779999732971191,9.8100004196167,1000,0.0,0.0
2018-07-19 00:00:00-04:00,9.8100004196167,9.8100004196167,9.8100004196167,9.8100004196167,0,0.0,0.0
2018-07-20 00:00:00-04:00,9.8100004196167,9.8100004196167,9.8100004196167,9.8100004196167,0,0.0,0.0
2018-07-23 00:00:00-04:00,9.8100004196167,9.8100004196167,9.8100004196167,9.8100004196167,0,0.0,0.0
2018-07-24 00:00:00-04:00,9.84000015258789,9.850000381469727,9.815999984741211,9.848999977111816,3500,0.0,0.0
2018-07-25 00:00:00-04:00,9.819999694824219,9.819999694824219,9.819999694824219,9.819999694824219,100,0.0,0.0
2018-07-26 00:00:00-04:00,9.819999694824219,9.819999694824219,9.819999694824219,9.819999694824219,2700,0.0,0.0
2018-07-27 00:00:00-04:00,9.819999694824219,9.819999694824219,9.819999694824219,9.819999694824219,0,0.0,0.0
2018-07-30 00:00:00-04:00,9.795000076293945,9.850000381469727,9.795000076293945,9.850000381469727,10200,0.0,0.0
2018-07-31 00:00:00-04:00,9.850000381469727,9.880000114440918,9.800000190734863,9.850000381469727,229600,0.0,0.0
2018-08-01 00:00:00-04:00,9.760000228881836,9.850000381469727,9.760000228881836,9.819999694824219,500,0.0,0.0
2018-08-02 00:00:00-04:00,9.829000473022461,9.850000381469727,9.829000473022461,9.850000381469727,400,0.0,0.0
2018-08-03 00:00:00-04:00,9.850000381469727,9.850000381469727,9.850000381469727,9.850000381469727,0,0.0,0.0
2018-08-06 00:00:00-04:00,9.859999656677246,9.859999656677246,9.859999656677246,9.859999656677246,15000,0.0,0.0
2018-08-07 00:00:00-04:00,9.859999656677246,9.859999656677246,9.859999656677246,9.859999656677246,0,0.0,0.0
2018-08-08 00:00:00-04:00,9.859999656677246,9.859999656677246,9.859999656677246,9.859999656677246,500,0.0,0.0
2018-08-09 00:00:00-04:00,9.8100004196167,9.8100004196167,9.8100004196167,9.8100004196167,1600,0.0,0.0
2018-08-10 00:00:00-04:00,9.8100004196167,9.8100004196167,9.8100004196167,9.8100004196167,66200,0.0,0.0
2018-08-13 00:00:00-04:00,9.8100004196167,9.8100004196167,9.8100004196167,9.8100004196167,0,0.0,0.0
2018-08-14 00:00:00-04:00,9.880000114440918,9.880000114440918,9.760000228881836,9.8100004196167,700,0.0,0.0
2018-08-15 00:00:00-04:00,9.8100004196167,9.8100004196167,9.8100004196167,9.8100004196167,0,0.0,0.0
2018-08-16 00:00:00-04:00,9.8100004196167,9.8100004196167,9.8100004196167,9.8100004196167,0,0.0,0.0
2018-08-17 00:00:00-04:00,9.791000366210938,9.819999694824219,9.791000366210938,9.819999694824219,184700,0.0,0.0
2018-08-20 00:00:00-04:00,9.819999694824219,9.819999694824219,9.819999694824219,9.819999694824219,0,0.0,0.0
2018-08-21 00:00:00-04:00,9.788000106811523,9.788000106811523,9.788000106811523,9.788000106811523,100,0.0,0.0
2018-08-22 00:00:00-04:00,9.788000106811523,9.788000106811523,9.788000106811523,9.788000106811523,0,0.0,0.0
2018-08-23 00:00:00-04:00,9.800000190734863,9.800000190734863,9.800000190734863,9.800000190734863,50000,0.0,0.0
2018-08-24 00:00:00-04:00,9.800000190734863,9.800000190734863,9.800000190734863,9.800000190734863,0,0.0,0.0
2018-08-27 00:00:00-04:00,9.800000190734863,9.800000190734863,9.800000190734863,9.800000190734863,0,0.0,0.0
2018-08-28 00:00:00-04:00,9.850000381469727,9.850000381469727,9.850000381469727,9.850000381469727,11900,0.0,0.0
2018-08-29 00:00:00-04:00,9.84000015258789,9.84000015258789,9.819999694824219,9.821000099182129,10300,0.0,0.0
2018-08-30 00:00:00-04:00,9.821000099182129,9.821000099182129,9.821000099182129,9.821000099182129,0,0.0,0.0
2018-08-31 00:00:00-04:00,9.821000099182129,9.821000099182129,9.821000099182129,9.821000099182129,0,0.0,0.0
2018-09-04 00:00:00-04:00,9.880000114440918,9.880000114440918,9.859999656677246,9.869999885559082,1700,0.0,0.0
2018-09-05 00:00:00-04:00,9.869999885559082,9.869999885559082,9.869999885559082,9.869999885559082,0,0.0,0.0
2018-09-06 00:00:00-04:00,9.869999885559082,9.869999885559082,9.869999885559082,9.869999885559082,0,0.0,0.0
2018-09-07 00:00:00-04:00,9.869999885559082,9.869999885559082,9.869999885559082,9.869999885559082,0,0.0,0.0
2018-09-10 00:00:00-04:00,9.814000129699707,9.814000129699707,9.814000129699707,9.814000129699707,200,0.0,0.0
2018-09-11 00:00:00-04:00,9.814000129699707,9.814000129699707,9.814000129699707,9.814000129699707,0,0.0,0.0
2018-09-12 00:00:00-04:00,9.850000381469727,9.850000381469727,9.850000381469727,9.850000381469727,500,0.0,0.0
2018-09-13 00:00:00-04:00,9.850000381469727,9.850000381469727,9.850000381469727,9.850000381469727,24900,0.0,0.0
2018-09-14 00:00:00-04:00,9.850000381469727,9.850000381469727,9.850000381469727,9.850000381469727,0,0.0,0.0
2018-09-17 00:00:00-04:00,9.850000381469727,9.850000381469727,9.850000381469727,9.850000381469727,0,0.0,0.0
2018-09-18 00:00:00-04:00,9.850000381469727,9.850000381469727,9.850000381469727,9.850000381469727,0,0.0,0.0
2018-09-19 00:00:00-04:00,9.850000381469727,9.850000381469727,9.850000381469727,9.850000381469727,0,0.0,0.0
2018-09-20 00:00:00-04:00,9.850000381469727,9.850000381469727,9.850000381469727,9.850000381469727,0,0.0,0.0
2018-09-21 00:00:00-04:00,9.850000381469727,9.850000381469727,9.850000381469727,9.850000381469727,0,0.0,0.0
2018-09-24 00:00:00-04:00,9.850000381469727,9.850000381469727,9.850000381469727,9.850000381469727,0,0.0,0.0
2018-09-25 00:00:00-04:00,9.850000381469727,9.850000381469727,9.850000381469727,9.850000381469727,0,0.0,0.0
2018-09-26 00:00:00-04:00,9.850000381469727,9.850000381469727,9.850000381469727,9.850000381469727,0,0.0,0.0
2018-09-27 00:00:00-04:00,9.850000381469727,9.850000381469727,9.850000381469727,9.850000381469727,0,0.0,0.0
2018-09-28 00:00:00-04:00,9.850000381469727,9.850000381469727,9.850000381469727,9.850000381469727,0,0.0,0.0
2018-10-01 00:00:00-04:00,11.800000190734863,12.109999656677246,9.850000381469727,9.89900016784668,1700,0.0,0.0
2018-10-02 00:00:00-04:00,9.89900016784668,9.89900016784668,9.89900016784668,9.89900016784668,0,0.0,0.0
2018-10-03 00:00:00-04:00,9.89900016784668,9.89900016784668,9.89900016784668,9.89900016784668,0,0.0,0.0
2018-10-04 00:00:00-04:00,9.89900016784668,9.89900016784668,9.89900016784668,9.89900016784668,0,0.0,0.0
2018-10-05 00:00:00-04:00,9.89900016784668,9.89900016784668,9.89900016784668,9.89900016784668,0,0.0,0.0
2018-10-08 00:00:00-04:00,9.890000343322754,9.899999618530273,9.890000343322754,9.890000343322754,2800,0.0,0.0
2018-10-09 00:00:00-04:00,9.890000343322754,9.890000343322754,9.890000343322754,9.890000343322754,0,0.0,0.0
2018-10-10 00:00:00-04:00,9.890000343322754,9.890000343322754,9.890000343322754,9.890000343322754,0,0.0,0.0
2018-10-11 00:00:00-04:00,9.890000343322754,9.890000343322754,9.890000343322754,9.890000343322754,0,0.0,0.0
2018-10-12 00:00:00-04:00,9.899999618530273,9.899999618530273,9.779999732971191,9.779999732971191,400,0.0,0.0
2018-10-15 00:00:00-04:00,9.779999732971191,9.779999732971191,9.779999732971191,9.779999732971191,0,0.0,0.0
2018-10-16 00:00:00-04:00,9.779999732971191,9.779999732971191,9.779999732971191,9.779999732971191,0,0.0,0.0
2018-10-17 00:00:00-04:00,9.779999732971191,9.779999732971191,9.779999732971191,9.779999732971191,0,0.0,0.0
2018-10-18 00:00:00-04:00,9.779999732971191,9.779999732971191,9.779999732971191,9.779999732971191,0,0.0,0.0
2018-10-19 00:00:00-04:00,9.779999732971191,9.779999732971191,9.779999732971191,9.779999732971191,0,0.0,0.0
2018-10-22 00:00:00-04:00,9.850000381469727,9.850000381469727,9.850000381469727,9.850000381469727,800,0.0,0.0
2018-10-23 00:00:00-04:00,9.850000381469727,9.850000381469727,9.850000381469727,9.850000381469727,0,0.0,0.0
2018-10-24 00:00:00-04:00,9.850000381469727,9.850000381469727,9.850000381469727,9.850000381469727,0,0.0,0.0
2018-10-25 00:00:00-04:00,9.850000381469727,9.850000381469727,9.850000381469727,9.850000381469727,0,0.0,0.0
2018-10-26 00:00:00-04:00,9.850000381469727,9.850000381469727,9.850000381469727,9.850000381469727,0,0.0,0.0
2018-10-29 00:00:00-04:00,9.850000381469727,9.850000381469727,9.850000381469727,9.850000381469727,0,0.0,0.0
2018-10-30 00:00:00-04:00,9.850000381469727,9.850000381469727,9.850000381469727,9.850000381469727,0,0.0,0.0
2018-10-31 00:00:00-04:00,9.850000381469727,9.850000381469727,9.850000381469727,9.850000381469727,0,0.0,0.0
2018-11-01 00:00:00-04:00,9.850000381469727,9.850000381469727,9.850000381469727,9.850000381469727,1200,0.0,0.0
2018-11-02 00:00:00-04:00,9.850000381469727,9.850000381469727,9.850000381469727,9.850000381469727,0,0.0,0.0
2018-11-05 00:00:00-05:00,9.899999618530273,9.899999618530273,9.899999618530273,9.899999618530273,2000,0.0,0.0
2018-11-06 00:00:00-05:00,9.899999618530273,9.899999618530273,9.899999618530273,9.899999618530273,3100,0.0,0.0
2018-11-07 00:00:00-05:00,9.899999618530273,9.899999618530273,9.899999618530273,9.899999618530273,1800,0.0,0.0
2018-11-08 00:00:00-05:00,9.899999618530273,9.949999809265137,9.899999618530273,9.949999809265137,102600,0.0,0.0
2018-11-09 00:00:00-05:00,9.949999809265137,9.949999809265137,9.949999809265137,9.949999809265137,0,0.0,0.0
2018-11-12 00:00:00-05:00,9.923999786376953,9.925000190734863,9.90999984741211,9.90999984741211,7300,0.0,0.0
2018-11-13 00:00:00-05:00,9.899999618530273,9.916999816894531,9.899999618530273,9.916999816894531,1000,0.0,0.0
2018-11-14 00:00:00-05:00,9.90999984741211,9.930000305175781,9.90999984741211,9.90999984741211,33900,0.0,0.0
2018-11-15 00:00:00-05:00,9.90999984741211,9.90999984741211,9.90999984741211,9.90999984741211,0,0.0,0.0
2018-11-16 00:00:00-05:00,9.930000305175781,9.930000305175781,9.930000305175781,9.930000305175781,200,0.0,0.0
2018-11-19 00:00:00-05:00,9.920000076293945,9.920000076293945,9.920000076293945,9.920000076293945,800,0.0,0.0
2018-11-20 00:00:00-05:00,9.927000045776367,9.949999809265137,9.927000045776367,9.949999809265137,7800,0.0,0.0
2018-11-21 00:00:00-05:00,9.949999809265137,10.0,9.949999809265137,10.0,61300,0.0,0.0
2018-11-23 00:00:00-05:00,10.0,10.0,10.0,10.0,0,0.0,0.0
2018-11-26 00:00:00-05:00,10.0,10.0,10.0,10.0,0,0.0,0.0
2018-11-27 00:00:00-05:00,10.0,10.0,10.0,10.0,0,0.0,0.0
2018-11-28 00:00:00-05:00,10.0,10.0,10.0,10.0,0,0.0,0.0
2018-11-29 00:00:00-05:00,10.0,10.0,10.0,10.0,0,0.0,0.0
2018-11-30 00:00:00-05:00,9.960000038146973,9.960000038146973,9.960000038146973,9.960000038146973,29500,0.0,0.0
2018-12-03 00:00:00-05:00,9.960000038146973,9.960000038146973,9.960000038146973,9.960000038146973,100,0.0,0.0
2018-12-04 00:00:00-05:00,9.960000038146973,9.960000038146973,9.960000038146973,9.960000038146973,0,0.0,0.0
2018-12-06 00:00:00-05:00,9.960000038146973,9.960000038146973,9.960000038146973,9.960000038146973,0,0.0,0.0
2018-12-07 00:00:00-05:00,9.960000038146973,9.960000038146973,9.960000038146973,9.960000038146973,0,0.0,0.0
2018-12-10 00:00:00-05:00,9.960000038146973,9.960000038146973,9.960000038146973,9.960000038146973,0,0.0,0.0
2018-12-11 00:00:00-05:00,9.960000038146973,9.960000038146973,9.960000038146973,9.960000038146973,0,0.0,0.0
2018-12-12 00:00:00-05:00,9.960000038146973,9.960000038146973,9.960000038146973,9.960000038146973,0,0.0,0.0
2018-12-13 00:00:00-05:00,9.970000267028809,9.989999771118164,9.960000038146973,9.979999542236328,503900,0.0,0.0
2018-12-14 00:00:00-05:00,9.979999542236328,9.979999542236328,9.979999542236328,9.979999542236328,100,0.0,0.0
2018-12-17 00:00:00-05:00,9.979999542236328,9.979999542236328,9.979999542236328,9.979999542236328,0,0.0,0.0
2018-12-18 00:00:00-05:00,9.979999542236328,9.979999542236328,9.979999542236328,9.979999542236328,0,0.0,0.0
2018-12-19 00:00:00-05:00,9.979999542236328,10.0,9.979999542236328,10.0,12400,0.0,0.0
2018-12-20 00:00:00-05:00,10.100000381469727,10.100000381469727,9.949999809265137,10.0,315400,0.0,0.0
2018-12-21 00:00:00-05:00,9.979999542236328,10.050000190734863,9.979999542236328,10.020000457763672,4700,0.0,0.0
2018-12-24 00:00:00-05:00,10.0,10.003000259399414,10.0,10.003000259399414,800,0.0,0.0
2018-12-26 00:00:00-05:00,10.050000190734863,10.050000190734863,10.0,10.039999961853027,76900,0.0,0.0
2018-12-27 00:00:00-05:00,10.0,10.0,10.0,10.0,800,0.0,0.0
2018-12-28 00:00:00-05:00,10.0,10.050000190734863,10.0,10.050000190734863,39600,0.0,0.0
2018-12-31 00:00:00-05:00,10.050000190734863,10.050000190734863,10.0,10.039999961853027,39600,0.0,0.0
2019-01-02 00:00:00-05:00,10.050000190734863,10.050000190734863,10.019000053405762,10.019000053405762,4100,0.0,0.0
2019-01-03 00:00:00-05:00,10.0,10.038999557495117,9.979999542236328,10.038999557495117,3000,0.0,0.0
2019-01-04 00:00:00-05:00,10.050000190734863,10.050000190734863,10.020000457763672,10.050000190734863,14300,0.0,0.0
2019-01-07 00:00:00-05:00,10.024999618530273,10.039999961853027,10.024999618530273,10.039999961853027,2900,0.0,0.0
2019-01-08 00:00:00-05:00,10.050000190734863,10.069999694824219,10.050000190734863,10.069999694824219,77400,0.0,0.0
2019-01-09 00:00:00-05:00,10.050000190734863,10.069999694824219,10.050000190734863,10.050000190734863,13800,0.0,0.0
2019-01-10 00:00:00-05:00,10.050000190734863,10.050000190734863,10.050000190734863,10.050000190734863,8600,0.0,0.0
2019-01-11 00:00:00-05:00,10.0,10.0,10.0,10.0,4900,0.0,0.0
2019-01-14 00:00:00-05:00,10.0,10.0,10.0,10.0,100,0.0,0.0
2019-01-15 00:00:00-05:00,10.029999732971191,10.0600004196167,10.029999732971191,10.0600004196167,900,0.0,0.0
2019-01-16 00:00:00-05:00,10.0600004196167,10.069999694824219,10.0600004196167,10.069999694824219,11300,0.0,0.0
2019-01-17 00:00:00-05:00,10.100000381469727,10.100000381469727,10.050000190734863,10.09000015258789,7400,0.0,0.0
2019-01-18 00:00:00-05:00,10.09000015258789,10.09000015258789,10.09000015258789,10.09000015258789,100,0.0,0.0
2019-01-22 00:00:00-05:00,10.100000381469727,10.119999885559082,9.970000267028809,9.970000267028809,21900,0.0,0.0
2019-01-23 00:00:00-05:00,10.100000381469727,10.100000381469727,10.100000381469727,10.100000381469727,100100,0.0,0.0
2019-01-24 00:00:00-05:00,10.109999656677246,10.140000343322754,10.104999542236328,10.119000434875488,1200,0.0,0.0
2019-01-25 00:00:00-05:00,10.140000343322754,10.140000343322754,10.079999923706055,10.079999923706055,6800,0.0,0.0
2019-01-28 00:00:00-05:00,10.12600040435791,10.12600040435791,10.12600040435791,10.12600040435791,100,0.0,0.0
2019-01-29 00:00:00-05:00,10.109999656677246,10.109999656677246,10.109999656677246,10.109999656677246,10000,0.0,0.0
2019-01-30 00:00:00-05:00,10.109999656677246,10.149999618530273,10.109999656677246,10.144000053405762,24300,0.0,0.0
2019-01-31 00:00:00-05:00,10.140000343322754,10.151000022888184,10.050000190734863,10.050000190734863,17900,0.0,0.0
2019-02-01 00:00:00-05:00,10.100000381469727,10.10099983215332,10.09000015258789,10.100000381469727,32300,0.0,0.0
2019-02-04 00:00:00-05:00,10.100000381469727,10.100000381469727,10.100000381469727,10.100000381469727,0,0.0,0.0
2019-02-05 00:00:00-05:00,10.119999885559082,10.130000114440918,10.119999885559082,10.119999885559082,2000,0.0,0.0
2019-02-06 00:00:00-05:00,10.130000114440918,10.149999618530273,10.114999771118164,10.149999618530273,5500,0.0,0.0
2019-02-07 00:00:00-05:00,10.149999618530273,10.149999618530273,10.149999618530273,10.149999618530273,0,0.0,0.0
2019-02-08 00:00:00-05:00,10.140999794006348,10.140999794006348,10.140999794006348,10.140999794006348,100,0.0,0.0
2019-02-11 00:00:00-05:00,10.135000228881836,10.135000228881836,10.100000381469727,10.100000381469727,5100,0.0,0.0
2019-02-12 00:00:00-05:00,10.119999885559082,10.119999885559082,10.119999885559082,10.119999885559082,5500,0.0,0.0
2019-02-13 00:00:00-05:00,10.140000343322754,10.140000343322754,10.140000343322754,10.140000343322754,200,0.0,0.0
2019-02-14 00:00:00-05:00,10.149999618530273,10.149999618530273,10.119999885559082,10.119999885559082,13500,0.0,0.0
2019-02-15 00:00:00-05:00,10.119999885559082,10.149999618530273,10.119999885559082,10.130000114440918,11800,0.0,0.0
2019-02-19 00:00:00-05:00,10.15999984741211,10.15999984741211,10.119999885559082,10.130000114440918,11200,0.0,0.0
2019-02-20 00:00:00-05:00,10.130000114440918,10.149999618530273,10.119999885559082,10.149999618530273,11000,0.0,0.0
2019-02-21 00:00:00-05:00,10.149999618530273,10.149999618530273,10.140000343322754,10.140000343322754,400,0.0,0.0
2019-02-22 00:00:00-05:00,10.147000312805176,10.147000312805176,10.147000312805176,10.147000312805176,1000,0.0,0.0
2019-02-25 00:00:00-05:00,10.14799976348877,10.166999816894531,10.14799976348877,10.166999816894531,2000,0.0,0.0
2019-02-26 00:00:00-05:00,10.149999618530273,10.175000190734863,10.149999618530273,10.149999618530273,26000,0.0,0.0
2019-02-27 00:00:00-05:00,10.149999618530273,10.149999618530273,10.149999618530273,10.149999618530273,100,0.0,0.0
2019-02-28 00:00:00-05:00,10.149999618530273,10.149999618530273,10.149999618530273,10.149999618530273,100,0.0,0.0
2019-03-01 00:00:00-05:00,10.149999618530273,10.15999984741211,10.149999618530273,10.15999984741211,600,0.0,0.0
2019-03-04 00:00:00-05:00,10.190999984741211,10.190999984741211,10.190999984741211,10.190999984741211,1600,0.0,0.0
2019-03-05 00:00:00-05:00,10.199999809265137,10.199999809265137,10.199999809265137,10.199999809265137,300,0.0,0.0
2019-03-06 00:00:00-05:00,10.199999809265137,10.199999809265137,10.199999809265137,10.199999809265137,100,0.0,0.0
2019-03-07 00:00:00-05:00,10.199999809265137,10.199999809265137,10.149999618530273,10.149999618530273,13900,0.0,0.0
2019-03-08 00:00:00-05:00,10.149999618530273,10.149999618530273,10.149999618530273,10.149999618530273,100,0.0,0.0
2019-03-11 00:00:00-04:00,10.199999809265137,10.229999542236328,10.199999809265137,10.201000213623047,2400,0.0,0.0
2019-03-12 00:00:00-04:00,10.199999809265137,10.204999923706055,10.149999618530273,10.149999618530273,5200,0.0,0.0
2019-03-13 00:00:00-04:00,10.199999809265137,10.229999542236328,10.15999984741211,10.173999786376953,5500,0.0,0.0
2019-03-14 00:00:00-04:00,10.220000267028809,10.220000267028809,10.1899995803833,10.1899995803833,10400,0.0,0.0
2019-03-15 00:00:00-04:00,10.1899995803833,10.1899995803833,10.1899995803833,10.1899995803833,100,0.0,0.0
2019-03-18 00:00:00-04:00,10.180000305175781,10.180000305175781,10.180000305175781,10.180000305175781,400,0.0,0.0
2019-03-19 00:00:00-04:00,10.220000267028809,10.229999542236328,10.1899995803833,10.1899995803833,18300,0.0,0.0
2019-03-20 00:00:00-04:00,10.1899995803833,10.192000389099121,10.149999618530273,10.149999618530273,14100,0.0,0.0
2019-03-21 00:00:00-04:00,10.210000038146973,10.220000267028809,10.1899995803833,10.199000358581543,86900,0.0,0.0
2019-03-22 00:00:00-04:00,10.199999809265137,10.199999809265137,10.199999809265137,10.199999809265137,10000,0.0,0.0
2019-03-25 00:00:00-04:00,10.220000267028809,10.220000267028809,10.210000038146973,10.210000038146973,2100,0.0,0.0
2019-03-26 00:00:00-04:00,10.199999809265137,10.210000038146973,10.199999809265137,10.210000038146973,4600,0.0,0.0
2019-03-27 00:00:00-04:00,10.196000099182129,10.196000099182129,10.145000457763672,10.1899995803833,9100,0.0,0.0
2019-03-28 00:00:00-04:00,10.1899995803833,10.1899995803833,10.1899995803833,10.1899995803833,100,0.0,0.0
2019-03-29 00:00:00-04:00,10.180000305175781,10.210000038146973,10.010000228881836,10.204999923706055,4300,0.0,0.0
2019-04-01 00:00:00-04:00,10.199999809265137,10.270000457763672,10.199999809265137,10.270000457763672,2100,0.0,0.0
2019-04-02 00:00:00-04:00,10.210000038146973,10.210000038146973,10.199999809265137,10.199999809265137,500,0.0,0.0
2019-04-03 00:00:00-04:00,10.220000267028809,10.220000267028809,10.218000411987305,10.218000411987305,1600,0.0,0.0
2019-04-04 00:00:00-04:00,10.210000038146973,10.218999862670898,10.199999809265137,10.218000411987305,3600,0.0,0.0
2019-04-05 00:00:00-04:00,10.218000411987305,10.218000411987305,10.218000411987305,10.218000411987305,100,0.0,0.0
2019-04-08 00:00:00-04:00,10.218000411987305,10.218000411987305,10.218000411987305,10.218000411987305,100,0.0,0.0
2019-04-09 00:00:00-04:00,10.218000411987305,10.218000411987305,10.218000411987305,10.218000411987305,100,0.0,0.0
2019-04-10 00:00:00-04:00,10.218000411987305,10.220000267028809,10.218000411987305,10.220000267028809,2500,0.0,0.0
2019-04-11 00:00:00-04:00,10.210000038146973,10.220000267028809,10.210000038146973,10.220000267028809,2100,0.0,0.0
2019-04-12 00:00:00-04:00,10.220000267028809,10.220000267028809,10.220000267028809,10.220000267028809,100,0.0,0.0
2019-04-15 00:00:00-04:00,10.239999771118164,10.239999771118164,10.199999809265137,10.199999809265137,25200,0.0,0.0
2019-04-16 00:00:00-04:00,10.229999542236328,10.260000228881836,10.220000267028809,10.260000228881836,6500,0.0,0.0
2019-04-17 00:00:00-04:00,10.21500015258789,10.21500015258789,10.21500015258789,10.21500015258789,111000,0.0,0.0
2019-04-18 00:00:00-04:00,10.21500015258789,10.21500015258789,10.21500015258789,10.21500015258789,0,0.0,0.0
2019-04-22 00:00:00-04:00,10.251999855041504,10.251999855041504,10.25,10.251999855041504,6300,0.0,0.0
2019-04-23 00:00:00-04:00,10.230999946594238,10.230999946594238,10.220000267028809,10.222999572753906,2600,0.0,0.0
2019-04-24 00:00:00-04:00,10.199999809265137,10.211000442504883,10.199999809265137,10.199999809265137,9900,0.0,0.0
2019-04-25 00:00:00-04:00,10.229999542236328,10.229999542236328,10.211999893188477,10.229999542236328,400,0.0,0.0
2019-04-26 00:00:00-04:00,10.229999542236328,10.229999542236328,10.229999542236328,10.229999542236328,0,0.0,0.0
2019-04-29 00:00:00-04:00,10.201000213623047,10.234999656677246,10.199999809265137,10.199999809265137,20500,0.0,0.0
2019-04-30 00:00:00-04:00,10.25,10.25,10.210000038146973,10.229999542236328,9500,0.0,0.0
2019-05-01 00:00:00-04:00,10.210000038146973,10.25,10.210000038146973,10.25,1774400,0.0,0.0
2019-05-02 00:00:00-04:00,10.25,10.25,10.239999771118164,10.239999771118164,368100,0.0,0.0
2019-05-03 00:00:00-04:00,10.232999801635742,10.232999801635742,10.232999801635742,10.232999801635742,300,0.0,0.0
2019-05-06 00:00:00-04:00,10.210000038146973,10.239999771118164,10.199999809265137,10.239999771118164,108700,0.0,0.0
2019-05-07 00:00:00-04:00,10.229999542236328,10.244999885559082,10.229999542236328,10.244999885559082,100600,0.0,0.0
2019-05-08 00:00:00-04:00,10.220000267028809,10.25,10.220000267028809,10.25,265900,0.0,0.0
2019-05-09 00:00:00-04:00,10.199999809265137,10.25,10.199999809265137,10.25,26100,0.0,0.0
2019-05-10 00:00:00-04:00,10.25,10.25,10.25,10.25,100,0.0,0.0
2019-05-13 00:00:00-04:00,10.25,10.25,10.25,10.25,0,0.0,0.0
2019-05-14 00:00:00-04:00,10.239999771118164,10.239999771118164,10.220000267028809,10.239999771118164,5200,0.0,0.0
2019-05-15 00:00:00-04:00,10.201000213623047,10.25,10.199999809265137,10.25,71500,0.0,0.0
2019-05-16 00:00:00-04:00,10.230999946594238,10.239999771118164,10.229999542236328,10.239999771118164,12000,0.0,0.0
2019-05-17 00:00:00-04:00,10.239999771118164,10.239999771118164,10.239999771118164,10.239999771118164,0,0.0,0.0
2019-05-20 00:00:00-04:00,10.229999542236328,10.239999771118164,10.229999542236328,10.229999542236328,2400,0.0,0.0
2019-05-21 00:00:00-04:00,10.229999542236328,10.229999542236328,10.220000267028809,10.220000267028809,5000,0.0,0.0
2019-05-22 00:00:00-04:00,10.234999656677246,10.239999771118164,10.229999542236328,10.239999771118164,17100,0.0,0.0
2019-05-23 00:00:00-04:00,10.239999771118164,10.269000053405762,10.239999771118164,10.239999771118164,12200,0.0,0.0
2019-05-24 00:00:00-04:00,10.279999732971191,10.279999732971191,10.239999771118164,10.279999732971191,44900,0.0,0.0
2019-05-28 00:00:00-04:00,10.279999732971191,10.350000381469727,10.26099967956543,10.350000381469727,7500,0.0,0.0
2019-05-29 00:00:00-04:00,10.312000274658203,10.312000274658203,10.312000274658203,10.312000274658203,200,0.0,0.0
2019-05-30 00:00:00-04:00,10.312000274658203,10.312000274658203,10.312000274658203,10.312000274658203,100,0.0,0.0
2019-05-31 00:00:00-04:00,10.34000015258789,10.350000381469727,10.305999755859375,10.312000274658203,4400,0.0,0.0
2019-06-03 00:00:00-04:00,10.34000015258789,10.34000015258789,10.302000045776367,10.302000045776367,1100,0.0,0.0
2019-06-04 00:00:00-04:00,10.302000045776367,10.302000045776367,10.302000045776367,10.302000045776367,100,0.0,0.0
2019-06-05 00:00:00-04:00,10.3149995803833,10.3149995803833,10.220000267028809,10.220000267028809,6600,0.0,0.0
2019-06-06 00:00:00-04:00,10.260000228881836,10.319999694824219,10.260000228881836,10.319999694824219,400,0.0,0.0
2019-06-07 00:00:00-04:00,10.329999923706055,10.329999923706055,10.3100004196167,10.319999694824219,46300,0.0,0.0
2019-06-10 00:00:00-04:00,10.319999694824219,10.329999923706055,10.319999694824219,10.329999923706055,10700,0.0,0.0
2019-06-11 00:00:00-04:00,10.26099967956543,10.350000381469727,10.220000267028809,10.220000267028809,50300,0.0,0.0
2019-06-12 00:00:00-04:00,10.199999809265137,10.350000381469727,10.199999809265137,10.329999923706055,61600,0.0,0.0
2019-06-13 00:00:00-04:00,10.319999694824219,10.350000381469727,10.289999961853027,10.350000381469727,9400,0.0,0.0
2019-06-14 00:00:00-04:00,10.345000267028809,10.345000267028809,10.300000190734863,10.300000190734863,1000,0.0,0.0
2019-06-17 00:00:00-04:00,10.210000038146973,10.329999923706055,10.210000038146973,10.220000267028809,2900,0.0,0.0
2019-06-18 00:00:00-04:00,10.300000190734863,10.300000190734863,10.220000267028809,10.220000267028809,1900,0.0,0.0
2019-06-19 00:00:00-04:00,10.300000190734863,10.300000190734863,10.265000343322754,10.279999732971191,10100,0.0,0.0
2019-06-20 00:00:00-04:00,10.289999961853027,10.300000190734863,10.220000267028809,10.279999732971191,53700,0.0,0.0
2019-06-21 00:00:00-04:00,10.279999732971191,10.300000190734863,10.199999809265137,10.239999771118164,35400,0.0,0.0
2019-06-24 00:00:00-04:00,10.300000190734863,10.8100004196167,10.260000228881836,10.8100004196167,14900,0.0,0.0
2019-06-25 00:00:00-04:00,10.399999618530273,10.449999809265137,10.260000228881836,10.315999984741211,16200,0.0,0.0
2019-06-26 00:00:00-04:00,10.279000282287598,10.625,10.260000228881836,10.3100004196167,53800,0.0,0.0
2019-06-27 00:00:00-04:00,10.342000007629395,10.782999992370605,10.270000457763672,10.314000129699707,32100,0.0,0.0
2019-06-28 00:00:00-04:00,10.359999656677246,10.359999656677246,10.25,10.25,23800,0.0,0.0
2019-07-01 00:00:00-04:00,10.279999732971191,10.319999694824219,10.25,10.25,8900,0.0,0.0
2019-07-02 00:00:00-04:00,10.29800033569336,10.29800033569336,10.246999740600586,10.263999938964844,5800,0.0,0.0
2019-07-03 00:00:00-04:00,9.760000228881836,10.15999984741211,9.760000228881836,10.050000190734863,19600,0.0,0.0
2019-07-05 00:00:00-04:00,10.0,10.399999618530273,10.0,10.300000190734863,16200,0.0,0.0
2019-07-08 00:00:00-04:00,10.180000305175781,10.3100004196167,10.170000076293945,10.300000190734863,23600,0.0,0.0
2019-07-09 00:00:00-04:00,10.300000190734863,10.300000190734863,10.260000228881836,10.300000190734863,830900,0.0,0.0
2019-07-10 00:00:00-04:00,10.359999656677246,10.359999656677246,10.25,10.289999961853027,11300,0.0,0.0
2019-07-11 00:00:00-04:00,10.329999923706055,10.5600004196167,10.199999809265137,10.199999809265137,26300,0.0,0.0
2019-07-12 00:00:00-04:00,10.5600004196167,10.5600004196167,10.25,10.289999961853027,1500,0.0,0.0
2019-07-15 00:00:00-04:00,10.350000381469727,10.350000381469727,10.274999618530273,10.289999961853027,26900,0.0,0.0
2019-07-16 00:00:00-04:00,10.151000022888184,10.289999961853027,10.151000022888184,10.289999961853027,20300,0.0,0.0
2019-07-17 00:00:00-04:00,10.199999809265137,10.420000076293945,9.949999809265137,10.210000038146973,23000,0.0,0.0
2019-07-18 00:00:00-04:00,10.210000038146973,10.23799991607666,10.199999809265137,10.217000007629395,3900,0.0,0.0
2019-07-19 00:00:00-04:00,10.199999809265137,10.300000190734863,10.199999809265137,10.295000076293945,199300,0.0,0.0
2019-07-22 00:00:00-04:00,10.52299976348877,10.52299976348877,10.25100040435791,10.25100040435791,6600,0.0,0.0
2019-07-23 00:00:00-04:00,10.208000183105469,10.300000190734863,10.012999534606934,10.25,3600,0.0,0.0
2019-07-24 00:00:00-04:00,10.210000038146973,10.279999732971191,10.199999809265137,10.199999809265137,12400,0.0,0.0
2019-07-25 00:00:00-04:00,10.119999885559082,10.274999618530273,10.119999885559082,10.274999618530273,7200,0.0,0.0
2019-07-26 00:00:00-04:00,10.274999618530273,10.274999618530273,10.274999618530273,10.274999618530273,100,0.0,0.0
2019-07-29 00:00:00-04:00,9.300000190734863,10.289999961853027,9.300000190734863,10.289999961853027,1300,0.0,0.0
2019-07-30 00:00:00-04:00,10.199999809265137,10.199999809265137,10.199999809265137,10.199999809265137,100,0.0,0.0
2019-07-31 00:00:00-04:00,10.300000190734863,10.300000190734863,10.25,10.300000190734863,5400,0.0,0.0
2019-08-01 00:00:00-04:00,10.300000190734863,10.300000190734863,10.25,10.300000190734863,5400,0.0,0.0
2019-08-02 00:00:00-04:00,10.260000228881836,10.289999961853027,10.25,10.289999961853027,11600,0.0,0.0
2019-08-05 00:00:00-04:00,10.208999633789062,10.276000022888184,10.201000213623047,10.276000022888184,7600,0.0,0.0
2019-08-06 00:00:00-04:00,10.0,10.0,7.843999862670898,9.369999885559082,30800,0.0,0.0
2019-08-07 00:00:00-04:00,8.539999961853027,10.300000190734863,8.494999885559082,8.510000228881836,400900,0.0,0.0
2019-08-08 00:00:00-04:00,8.4399995803833,8.550000190734863,5.619999885559082,5.909999847412109,607800,0.0,0.0
2019-08-09 00:00:00-04:00,5.800000190734863,6.260000228881836,4.449999809265137,4.449999809265137,171000,0.0,0.0
2019-08-12 00:00:00-04:00,4.199999809265137,5.099999904632568,3.759999990463257,4.099999904632568,373100,0.0,0.0
2019-08-13 00:00:00-04:00,4.010000228881836,4.079999923706055,3.4200000762939453,3.569999933242798,250200,0.0,0.0
2019-08-14 00:00:00-04:00,3.5199999809265137,4.048999786376953,3.4600000381469727,3.569999933242798,119500,0.0,0.0
2019-08-15 00:00:00-04:00,3.5299999713897705,3.7300000190734863,3.4000000953674316,3.4100000858306885,112700,0.0,0.0
2019-08-16 00:00:00-04:00,3.640000104904175,3.8499999046325684,3.4100000858306885,3.700000047683716,217400,0.0,0.0
2019-08-19 00:00:00-04:00,3.7200000286102295,4.0,3.5999999046325684,3.950000047683716,336800,0.0,0.0
2019-08-20 00:00:00-04:00,4.0,4.099999904632568,3.799999952316284,3.9700000286102295,149500,0.0,0.0
2019-08-21 00:00:00-04:00,4.0,4.150000095367432,3.8580000400543213,4.150000095367432,132000,0.0,0.0
2019-08-22 00:00:00-04:00,4.150000095367432,4.300000190734863,3.9600000381469727,4.050000190734863,155800,0.0,0.0
2019-08-23 00:00:00-04:00,4.0,4.050000190734863,3.8399999141693115,3.859999895095825,42200,0.0,0.0
2019-08-26 00:00:00-04:00,3.890000104904175,4.059999942779541,3.859999895095825,3.869999885559082,22300,0.0,0.0
2019-08-27 00:00:00-04:00,3.990000009536743,3.990000009536743,3.5999999046325684,3.6600000858306885,69200,0.0,0.0
2019-08-28 00:00:00-04:00,3.680000066757202,3.9800000190734863,3.5,3.5399999618530273,49400,0.0,0.0
2019-08-29 00:00:00-04:00,3.5999999046325684,3.5999999046325684,3.299999952316284,3.299999952316284,44900,0.0,0.0
2019-08-30 00:00:00-04:00,3.3299999237060547,3.5999999046325684,3.200000047683716,3.4000000953674316,17200,0.0,0.0
2019-09-03 00:00:00-04:00,3.7720000743865967,3.7720000743865967,3.440000057220459,3.4800000190734863,7000,0.0,0.0
2019-09-04 00:00:00-04:00,3.640000104904175,3.640000104904175,3.437999963760376,3.490000009536743,55400,0.0,0.0
2019-09-05 00:00:00-04:00,3.5,3.75,3.5,3.75,39400,0.0,0.0
2019-09-06 00:00:00-04:00,3.7899999618530273,3.799999952316284,3.700000047683716,3.7699999809265137,17500,0.0,0.0
2019-09-09 00:00:00-04:00,3.809999942779541,4.820000171661377,3.809999942779541,4.650000095367432,206900,0.0,0.0
2019-09-10 00:00:00-04:00,4.730000019073486,5.427999973297119,4.690000057220459,5.300000190734863,208400,0.0,0.0
2019-09-11 00:00:00-04:00,5.25,5.739999771118164,5.114999771118164,5.519999980926514,83500,0.0,0.0
2019-09-12 00:00:00-04:00,5.579999923706055,5.684999942779541,5.25,5.400000095367432,55700,0.0,0.0
2019-09-13 00:00:00-04:00,5.380000114440918,5.78000020980835,4.949999809265137,5.199999809265137,73400,0.0,0.0
2019-09-16 00:00:00-04:00,5.130000114440918,5.5,4.949999809265137,5.199999809265137,68200,0.0,0.0
2019-09-17 00:00:00-04:00,5.239999771118164,6.139999866485596,5.239999771118164,5.96999979019165,100000,0.0,0.0
2019-09-18 00:00:00-04:00,6.050000190734863,6.269999980926514,5.619999885559082,5.699999809265137,203000,0.0,0.0
2019-09-19 00:00:00-04:00,5.809999942779541,6.28000020980835,5.599999904632568,6.099999904632568,76800,0.0,0.0
2019-09-20 00:00:00-04:00,6.139999866485596,6.139999866485596,5.659999847412109,5.659999847412109,120000,0.0,0.0
2019-09-23 00:00:00-04:00,5.660999774932861,5.796999931335449,5.229000091552734,5.429999828338623,62900,0.0,0.0
2019-09-24 00:00:00-04:00,5.380000114440918,5.730000019073486,5.090000152587891,5.199999809265137,67500,0.0,0.0
2019-09-25 00:00:00-04:00,5.079999923706055,5.389999866485596,5.070000171661377,5.21999979019165,28800,0.0,0.0
2019-09-26 00:00:00-04:00,5.070000171661377,5.578000068664551,5.070000171661377,5.210000038146973,28900,0.0,0.0
2019-09-27 00:00:00-04:00,5.210000038146973,5.324999809265137,5.079999923706055,5.130000114440918,22600,0.0,0.0
2019-09-30 00:00:00-04:00,5.380000114440918,5.46999979019165,5.120999813079834,5.230000019073486,32700,0.0,0.0
2019-10-01 00:00:00-04:00,5.159999847412109,5.369999885559082,4.800000190734863,4.940000057220459,27800,0.0,0.0
2019-10-02 00:00:00-04:00,4.800000190734863,5.150000095367432,4.800000190734863,4.809999942779541,27600,0.0,0.0
2019-10-03 00:00:00-04:00,4.75,5.119999885559082,4.75,4.849999904632568,9400,0.0,0.0
2019-10-04 00:00:00-04:00,4.980000019073486,5.070000171661377,4.920000076293945,5.010000228881836,17100,0.0,0.0
2019-10-07 00:00:00-04:00,5.0,5.144999980926514,4.929999828338623,4.940000057220459,6400,0.0,0.0
2019-10-08 00:00:00-04:00,4.96999979019165,5.0,4.861000061035156,4.940000057220459,15500,0.0,0.0
2019-10-09 00:00:00-04:00,4.949999809265137,5.0,4.815000057220459,4.929999828338623,3900,0.0,0.0
2019-10-10 00:00:00-04:00,4.789999961853027,4.940000057220459,4.789999961853027,4.789999961853027,1700,0.0,0.0
2019-10-11 00:00:00-04:00,4.900000095367432,4.929999828338623,4.579999923706055,4.78000020980835,10700,0.0,0.0
2019-10-14 00:00:00-04:00,4.900000095367432,4.900000095367432,4.579999923706055,4.690000057220459,12300,0.0,0.0
2019-10-15 00:00:00-04:00,4.738999843597412,4.929999828338623,4.449999809265137,4.559999942779541,41000,0.0,0.0
2019-10-16 00:00:00-04:00,4.630000114440918,4.75,4.179999828338623,4.5,31300,0.0,0.0
2019-10-17 00:00:00-04:00,4.5,4.840000152587891,4.5,4.659999847412109,28600,0.0,0.0
2019-10-18 00:00:00-04:00,4.639999866485596,4.840000152587891,4.409999847412109,4.409999847412109,17500,0.0,0.0
2019-10-21 00:00:00-04:00,4.420000076293945,4.689000129699707,4.409999847412109,4.460000038146973,21200,0.0,0.0
2019-10-22 00:00:00-04:00,4.489999771118164,4.889999866485596,4.440000057220459,4.590000152587891,7800,0.0,0.0
2019-10-23 00:00:00-04:00,4.849999904632568,4.849999904632568,4.449999809265137,4.610000133514404,3100,0.0,0.0
2019-10-24 00:00:00-04:00,4.510000228881836,4.789999961853027,4.510000228881836,4.630000114440918,17900,0.0,0.0
2019-10-25 00:00:00-04:00,4.820000171661377,4.97599983215332,4.650000095367432,4.730000019073486,30100,0.0,0.0
2019-10-28 00:00:00-04:00,4.789999961853027,4.900000095367432,4.610000133514404,4.679999828338623,34100,0.0,0.0
2019-10-29 00:00:00-04:00,4.497000217437744,5.03000020980835,4.36299991607666,4.420000076293945,42100,0.0,0.0
2019-10-30 00:00:00-04:00,4.385000228881836,4.460000038146973,3.869999885559082,3.9700000286102295,50200,0.0,0.0
2019-10-31 00:00:00-04:00,3.990000009536743,4.039999961853027,3.5199999809265137,3.5999999046325684,20600,0.0,0.0
2019-11-01 00:00:00-04:00,3.640000104904175,3.869999885559082,3.640000104904175,3.859999895095825,15100,0.0,0.0
2019-11-04 00:00:00-05:00,4.039999961853027,4.039999961853027,3.799999952316284,4.0,9600,0.0,0.0
2019-11-05 00:00:00-05:00,3.9100000858306885,4.300000190734863,3.8440001010894775,4.300000190734863,11700,0.0,0.0
2019-11-06 00:00:00-05:00,4.485000133514404,4.5,3.930000066757202,4.199999809265137,37700,0.0,0.0
2019-11-07 00:00:00-05:00,4.440000057220459,4.478000164031982,4.190000057220459,4.190000057220459,10700,0.0,0.0
2019-11-08 00:00:00-05:00,4.239999771118164,4.349999904632568,4.239999771118164,4.329999923706055,2300,0.0,0.0
2019-11-11 00:00:00-05:00,4.5,4.579999923706055,4.425000190734863,4.425000190734863,4700,0.0,0.0
2019-11-12 00:00:00-05:00,4.336999893188477,4.449999809265137,4.25,4.309999942779541,17000,0.0,0.0
2019-11-13 00:00:00-05:00,4.25,4.340000152587891,3.9779999256134033,4.329999923706055,5100,0.0,0.0
2019-11-14 00:00:00-05:00,4.230000019073486,4.349999904632568,4.230000019073486,4.300000190734863,7800,0.0,0.0
2019-11-15 00:00:00-05:00,4.210000038146973,4.349999904632568,3.869999885559082,3.9800000190734863,17600,0.0,0.0
2019-11-18 00:00:00-05:00,4.039999961853027,4.039999961853027,3.859999895095825,3.859999895095825,3300,0.0,0.0
2019-11-19 00:00:00-05:00,3.9600000381469727,3.9700000286102295,3.7899999618530273,3.9000000953674316,3400,0.0,0.0
2019-11-20 00:00:00-05:00,3.890000104904175,4.090000152587891,3.819999933242798,3.859999895095825,13300,0.0,0.0
2019-11-21 00:00:00-05:00,3.799999952316284,4.340000152587891,3.799999952316284,4.090000152587891,4700,0.0,0.0
2019-11-22 00:00:00-05:00,3.9100000858306885,4.079999923706055,3.7100000381469727,3.8499999046325684,35100,0.0,0.0
2019-11-25 00:00:00-05:00,3.819999933242798,3.8499999046325684,3.4000000953674316,3.4200000762939453,24600,0.0,0.0
2019-11-26 00:00:00-05:00,3.4600000381469727,3.4670000076293945,2.950000047683716,2.984999895095825,69300,0.0,0.0
2019-11-27 00:00:00-05:00,3.0199999809265137,3.1389999389648438,2.7799999713897705,2.799999952316284,66000,0.0,0.0
2019-11-29 00:00:00-05:00,2.859999895095825,2.869999885559082,2.440000057220459,2.450000047683716,61300,0.0,0.0
2019-12-02 00:00:00-05:00,2.640000104904175,2.799999952316284,2.490000009536743,2.549999952316284,43400,0.0,0.0
2019-12-03 00:00:00-05:00,2.5999999046325684,2.624000072479248,2.450000047683716,2.509999990463257,60400,0.0,0.0
2019-12-04 00:00:00-05:00,2.5199999809265137,2.880000114440918,2.5199999809265137,2.819999933242798,22000,0.0,0.0
2019-12-05 00:00:00-05:00,2.8499999046325684,2.9000000953674316,2.6600000858306885,2.8299999237060547,13600,0.0,0.0
2019-12-06 00:00:00-05:00,2.9700000286102295,2.9700000286102295,2.809999942779541,2.8399999141693115,7900,0.0,0.0
2019-12-09 00:00:00-05:00,2.799999952316284,3.0,2.7799999713897705,2.799999952316284,14700,0.0,0.0
2019-12-10 00:00:00-05:00,3.0,3.059999942779541,2.8499999046325684,2.859999895095825,46400,0.0,0.0
2019-12-11 00:00:00-05:00,3.0,3.1500000953674316,2.75,2.799999952316284,72500,0.0,0.0
2019-12-12 00:00:00-05:00,2.869999885559082,3.255000114440918,2.8299999237060547,2.9100000858306885,58600,0.0,0.0
2019-12-13 00:00:00-05:00,2.990000009536743,3.005000114440918,2.811000108718872,2.9700000286102295,45500,0.0,0.0
2019-12-16 00:00:00-05:00,2.9600000381469727,2.990000009536743,2.809999942779541,2.809999942779541,55600,0.0,0.0
2019-12-17 00:00:00-05:00,2.819999933242798,2.8499999046325684,2.640000104904175,2.75,92800,0.0,0.0
2019-12-18 00:00:00-05:00,2.809999942779541,3.0,2.799999952316284,2.9100000858306885,27000,0.0,0.0
2019-12-19 00:00:00-05:00,2.9100000858306885,3.055999994277954,2.8499999046325684,2.869999885559082,37800,0.0,0.0
2019-12-20 00:00:00-05:00,2.8499999046325684,2.930000066757202,2.515000104904175,2.7899999618530273,104100,0.0,0.0
2019-12-23 00:00:00-05:00,2.809999942779541,2.809999942779541,2.5799999237060547,2.609999895095825,46800,0.0,0.0
2019-12-24 00:00:00-05:00,2.5999999046325684,2.7300000190734863,2.5999999046325684,2.6549999713897705,14100,0.0,0.0
2019-12-26 00:00:00-05:00,2.799999952316284,2.809999942779541,2.5,2.5,35300,0.0,0.0
2019-12-27 00:00:00-05:00,2.490000009536743,2.619999885559082,2.490000009536743,2.5850000381469727,38300,0.0,0.0
2019-12-30 00:00:00-05:00,2.6700000762939453,2.799999952316284,2.4200000762939453,2.5,62100,0.0,0.0
2019-12-31 00:00:00-05:00,2.450000047683716,2.5999999046325684,2.359999895095825,2.5999999046325684,77000,0.0,0.0
2020-01-02 00:00:00-05:00,2.7100000381469727,2.808000087738037,2.5799999237060547,2.690000057220459,30400,0.0,0.0
2020-01-03 00:00:00-05:00,2.4700000286102295,2.7799999713897705,2.4700000286102295,2.5899999141693115,17200,0.0,0.0
2020-01-06 00:00:00-05:00,2.625999927520752,2.690000057220459,2.549999952316284,2.549999952316284,7800,0.0,0.0
2020-01-07 00:00:00-05:00,2.549999952316284,2.549999952316284,2.509999990463257,2.5190000534057617,5200,0.0,0.0
2020-01-08 00:00:00-05:00,2.740000009536743,2.740000009536743,2.3399999141693115,2.4700000286102295,49200,0.0,0.0
2020-01-09 00:00:00-05:00,2.359999895095825,2.740000009536743,2.359999895095825,2.509999990463257,39900,0.0,0.0
2020-01-10 00:00:00-05:00,2.6700000762939453,2.6700000762939453,2.25,2.299999952316284,70300,0.0,0.0
2020-01-13 00:00:00-05:00,2.440000057220459,2.450000047683716,2.2699999809265137,2.4200000762939453,19100,0.0,0.0
2020-01-14 00:00:00-05:00,2.4800000190734863,2.5899999141693115,2.4000000953674316,2.5,105300,0.0,0.0
2020-01-15 00:00:00-05:00,2.8299999237060547,3.5,2.75,3.309999942779541,768700,0.0,0.0
2020-01-16 00:00:00-05:00,3.309999942779541,3.3889999389648438,2.9100000858306885,3.0,182700,0.0,0.0
2020-01-17 00:00:00-05:00,3.190000057220459,3.240000009536743,3.0299999713897705,3.1500000953674316,37900,0.0,0.0
2020-01-21 00:00:00-05:00,3.299999952316284,3.9000000953674316,3.0,3.140000104904175,242000,0.0,0.0
2020-01-22 00:00:00-05:00,3.240000009536743,3.240000009536743,3.0299999713897705,3.069999933242798,59300,0.0,0.0
2020-01-23 00:00:00-05:00,3.009999990463257,3.1500000953674316,2.994999885559082,3.0999999046325684,45300,0.0,0.0
2020-01-24 00:00:00-05:00,3.0999999046325684,3.5199999809265137,3.0460000038146973,3.0999999046325684,27500,0.0,0.0
2020-01-27 00:00:00-05:00,3.200000047683716,3.359999895095825,2.9079999923706055,3.0,23200,0.0,0.0
2020-01-28 00:00:00-05:00,3.0,3.190000057220459,3.0,3.010999917984009,34300,0.0,0.0
2020-01-29 00:00:00-05:00,2.940000057220459,2.940000057220459,2.450000047683716,2.4800000190734863,181300,0.0,0.0
2020-01-30 00:00:00-05:00,2.880000114440918,2.880000114440918,2.259999990463257,2.5999999046325684,72300,0.0,0.0
2020-01-31 00:00:00-05:00,2.4100000858306885,2.5880000591278076,2.375999927520752,2.5880000591278076,23500,0.0,0.0
2020-02-03 00:00:00-05:00,2.559999942779541,2.559999942779541,2.319999933242798,2.3399999141693115,21000,0.0,0.0
2020-02-04 00:00:00-05:00,2.4000000953674316,2.4000000953674316,2.25,2.299999952316284,49200,0.0,0.0
2020-02-05 00:00:00-05:00,2.299999952316284,2.4730000495910645,2.109999895095825,2.2899999618530273,97500,0.0,0.0
2020-02-06 00:00:00-05:00,2.180000066757202,2.4100000858306885,2.1500000953674316,2.4100000858306885,25500,0.0,0.0
2020-02-07 00:00:00-05:00,2.509999990463257,2.690000057220459,2.259999990463257,2.4700000286102295,43600,0.0,0.0
2020-02-10 00:00:00-05:00,2.640000104904175,2.640000104904175,2.0999999046325684,2.1689999103546143,125600,0.0,0.0
2020-02-11 00:00:00-05:00,2.3299999237060547,2.5399999618530273,2.190000057220459,2.240000009536743,77000,0.0,0.0
2020-02-12 00:00:00-05:00,2.2300000190734863,2.5199999809265137,2.2200000286102295,2.4000000953674316,58900,0.0,0.0
2020-02-13 00:00:00-05:00,2.319999933242798,2.6500000953674316,2.309999942779541,2.6500000953674316,60200,0.0,0.0
2020-02-14 00:00:00-05:00,2.6500000953674316,2.680000066757202,2.490000009536743,2.609999895095825,28200,0.0,0.0
2020-02-18 00:00:00-05:00,2.680000066757202,2.9579999446868896,2.680000066757202,2.7200000286102295,64000,0.0,0.0
2020-02-19 00:00:00-05:00,2.950000047683716,2.950000047683716,2.759000062942505,2.819999933242798,43500,0.0,0.0
2020-02-20 00:00:00-05:00,2.9000000953674316,3.0,2.6500000953674316,2.950000047683716,72500,0.0,0.0
2020-02-21 00:00:00-05:00,2.990000009536743,2.990000009536743,2.549999952316284,2.619999885559082,31500,0.0,0.0
2020-02-24 00:00:00-05:00,2.619999885559082,2.805000066757202,2.427000045776367,2.6610000133514404,26700,0.0,0.0
2020-02-25 00:00:00-05:00,3.0199999809265137,3.0199999809265137,2.430000066757202,2.5999999046325684,27500,0.0,0.0
2020-02-26 00:00:00-05:00,2.559999942779541,2.559999942779541,2.4000000953674316,2.4100000858306885,27900,0.0,0.0
2020-02-27 00:00:00-05:00,2.690000057220459,2.690000057220459,2.3499999046325684,2.3499999046325684,49600,0.0,0.0
2020-02-28 00:00:00-05:00,2.25,2.50600004196167,2.25,2.421999931335449,30800,0.0,0.0
2020-03-02 00:00:00-05:00,2.5799999237060547,2.6549999713897705,2.4200000762939453,2.619999885559082,32500,0.0,0.0
2020-03-03 00:00:00-05:00,2.819999933242798,2.819999933242798,2.509999990463257,2.509999990463257,12100,0.0,0.0
2020-03-04 00:00:00-05:00,2.700000047683716,2.700000047683716,2.3499999046325684,2.3499999046325684,9500,0.0,0.0
2020-03-05 00:00:00-05:00,2.3499999046325684,2.440000057220459,2.303999900817871,2.303999900817871,7700,0.0,0.0
2020-03-06 00:00:00-05:00,2.2300000190734863,2.2899999618530273,2.1500000953674316,2.240000009536743,65700,0.0,0.0
2020-03-09 00:00:00-04:00,2.3499999046325684,2.5,2.069999933242798,2.0899999141693115,22900,0.0,0.0
2020-03-10 00:00:00-04:00,2.0999999046325684,2.180000066757202,1.8300000429153442,2.0199999809265137,42400,0.0,0.0
2020-03-11 00:00:00-04:00,1.649999976158142,1.8899999856948853,1.649999976158142,1.7000000476837158,32900,0.0,0.0
2020-03-12 00:00:00-04:00,1.7000000476837158,1.7799999713897705,0.4000000059604645,1.3600000143051147,35300,0.0,0.0
2020-03-13 00:00:00-04:00,1.3600000143051147,1.6699999570846558,1.2400000095367432,1.3830000162124634,31000,0.0,0.0
2020-03-16 00:00:00-04:00,1.0,1.2799999713897705,1.0,1.1920000314712524,33800,0.0,0.0
2020-03-17 00:00:00-04:00,1.4900000095367432,1.7899999618530273,1.4900000095367432,1.5299999713897705,48000,0.0,0.0
2020-03-18 00:00:00-04:00,1.600000023841858,1.600000023841858,1.0700000524520874,1.1399999856948853,18200,0.0,0.0
2020-03-19 00:00:00-04:00,1.0399999618530273,2.7100000381469727,1.0399999618530273,1.4600000381469727,400200,0.0,0.0
2020-03-20 00:00:00-04:00,1.4600000381469727,2.3389999866485596,1.312999963760376,1.9199999570846558,183500,0.0,0.0
2020-03-23 00:00:00-04:00,2.140000104904175,2.140000104904175,1.4800000190734863,1.600000023841858,39400,0.0,0.0
2020-03-24 00:00:00-04:00,1.600000023841858,1.809999942779541,1.600000023841858,1.7300000190734863,12300,0.0,0.0
2020-03-25 00:00:00-04:00,1.8200000524520874,2.130000114440918,1.6430000066757202,1.9900000095367432,78700,0.0,0.0
2020-03-26 00:00:00-04:00,2.0799999237060547,2.200000047683716,1.8170000314712524,1.934999942779541,36200,0.0,0.0
2020-03-27 00:00:00-04:00,1.940000057220459,1.9600000381469727,1.7599999904632568,1.9500000476837158,4500,0.0,0.0
2020-03-30 00:00:00-04:00,1.8899999856948853,1.9299999475479126,1.8600000143051147,1.899999976158142,12900,0.0,0.0
2020-03-31 00:00:00-04:00,1.7300000190734863,1.8899999856948853,1.5019999742507935,1.5700000524520874,29700,0.0,0.0
2020-04-01 00:00:00-04:00,1.600000023841858,1.6799999475479126,1.5,1.5399999618530273,23700,0.0,0.0
2020-04-02 00:00:00-04:00,1.6100000143051147,1.6660000085830688,1.4800000190734863,1.534999966621399,13300,0.0,0.0
2020-04-03 00:00:00-04:00,1.6100000143051147,1.781999945640564,1.559999942779541,1.7400000095367432,18000,0.0,0.0
2020-04-06 00:00:00-04:00,1.809999942779541,2.2149999141693115,1.6200000047683716,1.8300000429153442,102700,0.0,0.0
2020-04-07 00:00:00-04:00,1.899999976158142,1.899999976158142,1.75,1.7899999618530273,28900,0.0,0.0
2020-04-08 00:00:00-04:00,1.7549999952316284,1.8109999895095825,1.7300000190734863,1.7999999523162842,29300,0.0,0.0
2020-04-09 00:00:00-04:00,1.8899999856948853,1.9900000095367432,1.75,1.899999976158142,39400,0.0,0.0
2020-04-13 00:00:00-04:00,2.0,2.0999999046325684,1.809999942779541,1.9600000381469727,36200,0.0,0.0
2020-04-14 00:00:00-04:00,2.069999933242798,2.509999990463257,1.9600000381469727,2.494999885559082,189500,0.0,0.0
2020-04-15 00:00:00-04:00,2.5,2.5,2.049999952316284,2.1700000762939453,102000,0.0,0.0
2020-04-16 00:00:00-04:00,2.4800000190734863,2.4800000190734863,2.25,2.359999895095825,47300,0.0,0.0
2020-04-17 00:00:00-04:00,2.5,2.5,2.121000051498413,2.2100000381469727,22800,0.0,0.0
2020-04-20 00:00:00-04:00,2.2100000381469727,2.3299999237060547,2.049999952316284,2.2300000190734863,13900,0.0,0.0
2020-04-21 00:00:00-04:00,2.430000066757202,2.4590001106262207,2.0799999237060547,2.0999999046325684,34200,0.0,0.0
2020-04-22 00:00:00-04:00,2.190000057220459,2.315000057220459,2.132999897003174,2.2699999809265137,25500,0.0,0.0
2020-04-23 00:00:00-04:00,2.380000114440918,2.384999990463257,2.1679999828338623,2.299999952316284,20000,0.0,0.0
2020-04-24 00:00:00-04:00,2.390000104904175,2.427999973297119,2.0999999046325684,2.0999999046325684,31400,0.0,0.0
2020-04-27 00:00:00-04:00,2.0299999713897705,2.1700000762939453,1.7899999618530273,1.899999976158142,92700,0.0,0.0
2020-04-28 00:00:00-04:00,2.0799999237060547,2.0799999237060547,1.8799999952316284,1.909999966621399,56700,0.0,0.0
2020-04-29 00:00:00-04:00,1.9900000095367432,1.9900000095367432,1.8799999952316284,1.909999966621399,43800,0.0,0.0
2020-04-30 00:00:00-04:00,1.9900000095367432,1.9900000095367432,1.7350000143051147,1.7350000143051147,98900,0.0,0.0
2020-05-01 00:00:00-04:00,1.850000023841858,1.906999945640564,1.5440000295639038,1.5499999523162842,89500,0.0,0.0
2020-05-04 00:00:00-04:00,1.7899999618530273,1.7899999618530273,1.5700000524520874,1.659999966621399,56900,0.0,0.0
2020-05-05 00:00:00-04:00,1.7400000095367432,1.8630000352859497,1.6440000534057617,1.649999976158142,52500,0.0,0.0
2020-05-06 00:00:00-04:00,1.7699999809265137,1.8300000429153442,1.690000057220459,1.7699999809265137,67800,0.0,0.0
2020-05-07 00:00:00-04:00,1.850000023841858,1.8600000143051147,1.7699999809265137,1.809999942779541,52700,0.0,0.0
2020-05-08 00:00:00-04:00,1.7599999904632568,1.909999966621399,1.725000023841858,1.899999976158142,95500,0.0,0.0
2020-05-11 00:00:00-04:00,1.940000057220459,1.940000057220459,1.809999942779541,1.8200000524520874,87500,0.0,0.0
2020-05-12 00:00:00-04:00,1.7599999904632568,1.7999999523162842,1.659999966621399,1.7699999809265137,95500,0.0,0.0
2020-05-13 00:00:00-04:00,1.7999999523162842,2.299999952316284,1.75,1.9500000476837158,434100,0.0,0.0
2020-05-14 00:00:00-04:00,1.8899999856948853,1.9900000095367432,1.7699999809265137,1.8200000524520874,88000,0.0,0.0
2020-05-15 00:00:00-04:00,1.8300000429153442,1.9819999933242798,1.7790000438690186,1.9199999570846558,64200,0.0,0.0
2020-05-18 00:00:00-04:00,1.9900000095367432,2.0,1.850000023841858,1.8600000143051147,66700,0.0,0.0
2020-05-19 00:00:00-04:00,1.940000057220459,1.9500000476837158,1.840999960899353,1.850000023841858,63500,0.0,0.0
2020-05-20 00:00:00-04:00,1.8799999952316284,1.899999976158142,1.6200000047683716,1.690000057220459,109200,0.0,0.0
2020-05-21 00:00:00-04:00,1.7000000476837158,1.809999942779541,1.6799999475479126,1.7200000286102295,76400,0.0,0.0
2020-05-22 00:00:00-04:00,1.75,1.75,1.6799999475479126,1.7100000381469727,30000,0.0,0.0
2020-05-26 00:00:00-04:00,1.7999999523162842,1.850000023841858,1.6799999475479126,1.690000057220459,62400,0.0,0.0
2020-05-27 00:00:00-04:00,1.690000057220459,1.850000023841858,1.649999976158142,1.6799999475479126,206200,0.0,0.0
2020-05-28 00:00:00-04:00,1.7599999904632568,2.049999952316284,1.7300000190734863,1.8300000429153442,337900,0.0,0.0
2020-05-29 00:00:00-04:00,1.8300000429153442,2.7200000286102295,1.7100000381469727,2.450000047683716,1591300,0.0,0.0
2020-06-01 00:00:00-04:00,3.5199999809265137,5.940000057220459,3.3499999046325684,3.9600000381469727,74229600,0.0,0.0
2020-06-02 00:00:00-04:00,3.5,3.799999952316284,3.009999990463257,3.690000057220459,2782100,0.0,0.0
2020-06-03 00:00:00-04:00,3.619999885559082,4.429999828338623,3.509999990463257,4.010000228881836,1415200,0.0,0.0
2020-06-04 00:00:00-04:00,3.950000047683716,4.300000190734863,3.7200000286102295,3.8399999141693115,697700,0.0,0.0
2020-06-05 00:00:00-04:00,4.0,4.0,3.369999885559082,3.6700000762939453,532400,0.0,0.0
2020-06-08 00:00:00-04:00,3.6700000762939453,3.680000066757202,3.2799999713897705,3.4800000190734863,443000,0.0,0.0
2020-06-09 00:00:00-04:00,3.3399999141693115,3.4600000381469727,3.200000047683716,3.369999885559082,204500,0.0,0.0
2020-06-10 00:00:00-04:00,3.369999885559082,3.3919999599456787,3.1600000858306885,3.190000057220459,487800,0.0,0.0
2020-06-11 00:00:00-04:00,3.049999952316284,3.055000066757202,2.7100000381469727,2.759999990463257,242500,0.0,0.0
2020-06-12 00:00:00-04:00,2.809999942779541,2.890000104904175,2.299999952316284,2.4600000381469727,546800,0.0,0.0
2020-06-15 00:00:00-04:00,2.380000114440918,2.7200000286102295,2.2100000381469727,2.359999895095825,1277300,0.0,0.0
2020-06-16 00:00:00-04:00,2.440000057220459,2.5,2.049999952316284,2.2200000286102295,1062300,0.0,0.0
2020-06-17 00:00:00-04:00,2.190000057220459,2.249000072479248,1.9600000381469727,2.0799999237060547,985600,0.0,0.0
2020-06-18 00:00:00-04:00,3.259999990463257,3.299999952316284,2.4210000038146973,2.9100000858306885,15160100,0.0,0.0
2020-06-19 00:00:00-04:00,2.880000114440918,2.934999942779541,2.630000114440918,2.690000057220459,1071300,0.0,0.0
2020-06-22 00:00:00-04:00,2.690000057220459,2.759999990463257,2.3299999237060547,2.559999942779541,429700,0.0,0.0
2020-06-23 00:00:00-04:00,2.569999933242798,2.569999933242798,2.380000114440918,2.490000009536743,250200,0.0,0.0
2020-06-24 00:00:00-04:00,2.4000000953674316,2.4549999237060547,2.240000009536743,2.390000104904175,329900,0.0,0.0
2020-06-25 00:00:00-04:00,2.4100000858306885,2.4700000286102295,2.1500000953674316,2.2300000190734863,385800,0.0,0.0
2020-06-26 00:00:00-04:00,2.1600000858306885,2.2219998836517334,1.9800000190734863,2.0999999046325684,361500,0.0,0.0
2020-06-29 00:00:00-04:00,2.0299999713897705,2.184999942779541,2.009999990463257,2.0899999141693115,214300,0.0,0.0
2020-06-30 00:00:00-04:00,2.0899999141693115,2.1500000953674316,2.049999952316284,2.109999895095825,203700,0.0,0.0
2020-07-01 00:00:00-04:00,2.0999999046325684,2.130000114440918,2.0299999713897705,2.059999942779541,211900,0.0,0.0
2020-07-02 00:00:00-04:00,2.049999952316284,2.2899999618530273,2.0,2.1500000953674316,505600,0.0,0.0
2020-07-06 00:00:00-04:00,2.190000057220459,2.2200000286102295,2.049999952316284,2.0799999237060547,185600,0.0,0.0
2020-07-07 00:00:00-04:00,2.119999885559082,2.2699999809265137,1.9700000286102295,2.180000066757202,750500,0.0,0.0
2020-07-08 00:00:00-04:00,2.200000047683716,2.25,2.059999942779541,2.2300000190734863,395600,0.0,0.0
2020-07-09 00:00:00-04:00,2.5,2.549999952316284,2.200000047683716,2.369999885559082,1501000,0.0,0.0
2020-07-10 00:00:00-04:00,2.369999885559082,2.4700000286102295,2.2100000381469727,2.2899999618530273,414600,0.0,0.0
2020-07-13 00:00:00-04:00,2.200000047683716,2.2799999713897705,2.130000114440918,2.140000104904175,286400,0.0,0.0
2020-07-14 00:00:00-04:00,2.140000104904175,2.140000104904175,1.9199999570846558,2.049999952316284,300200,0.0,0.0
2020-07-15 00:00:00-04:00,2.0999999046325684,2.109999895095825,2.0399999618530273,2.109999895095825,138100,0.0,0.0
2020-07-16 00:00:00-04:00,2.0999999046325684,2.2200000286102295,2.0,2.140000104904175,137600,0.0,0.0
2020-07-17 00:00:00-04:00,2.1600000858306885,2.180000066757202,2.0399999618530273,2.0799999237060547,104100,0.0,0.0
2020-07-20 00:00:00-04:00,2.0999999046325684,2.1700000762939453,2.049999952316284,2.0899999141693115,172000,0.0,0.0
2020-07-21 00:00:00-04:00,2.140000104904175,2.190000057220459,2.059999942779541,2.109999895095825,213800,0.0,0.0
2020-07-22 00:00:00-04:00,2.109999895095825,2.190000057220459,2.069999933242798,2.130000114440918,179600,0.0,0.0
2020-07-23 00:00:00-04:00,2.1600000858306885,2.1600000858306885,2.0299999713897705,2.049999952316284,157400,0.0,0.0
2020-07-24 00:00:00-04:00,2.049999952316284,2.440000057220459,2.049999952316284,2.2899999618530273,1159900,0.0,0.0
2020-07-27 00:00:00-04:00,2.3299999237060547,2.3550000190734863,2.0799999237060547,2.1700000762939453,253400,0.0,0.0
2020-07-28 00:00:00-04:00,2.1700000762939453,2.2009999752044678,2.0799999237060547,2.119999885559082,234400,0.0,0.0
2020-07-29 00:00:00-04:00,2.1600000858306885,2.200000047683716,2.0999999046325684,2.140000104904175,95500,0.0,0.0
2020-07-30 00:00:00-04:00,2.140000104904175,2.1700000762939453,2.0999999046325684,2.0999999046325684,84400,0.0,0.0
2020-07-31 00:00:00-04:00,2.1500000953674316,2.1500000953674316,1.9800000190734863,2.0199999809265137,232900,0.0,0.0
2020-08-03 00:00:00-04:00,2.1700000762939453,2.309999942779541,2.009999990463257,2.059999942779541,1008800,0.0,0.0
2020-08-04 00:00:00-04:00,2.049999952316284,2.140000104904175,2.049999952316284,2.109999895095825,344500,0.0,0.0
2020-08-05 00:00:00-04:00,2.1500000953674316,2.3399999141693115,2.069999933242798,2.2100000381469727,860600,0.0,0.0
2020-08-06 00:00:00-04:00,2.240000009536743,2.2699999809265137,2.109999895095825,2.1700000762939453,459100,0.0,0.0
2020-08-07 00:00:00-04:00,2.1600000858306885,2.1600000858306885,2.049999952316284,2.109999895095825,291100,0.0,0.0
2020-08-10 00:00:00-04:00,2.0999999046325684,2.1689999103546143,1.9299999475479126,2.009999990463257,958000,0.0,0.0
2020-08-11 00:00:00-04:00,2.0,2.0,1.6799999475479126,1.7899999618530273,954700,0.0,0.0
2020-08-12 00:00:00-04:00,1.600000023841858,1.7300000190734863,1.590000033378601,1.659999966621399,417900,0.0,0.0
2020-08-13 00:00:00-04:00,1.6799999475479126,1.7899999618530273,1.6100000143051147,1.7599999904632568,921100,0.0,0.0
2020-08-14 00:00:00-04:00,1.7300000190734863,1.7400000095367432,1.5299999713897705,1.590000033378601,1190500,0.0,0.0
2020-08-17 00:00:00-04:00,1.659999966621399,1.7200000286102295,1.5299999713897705,1.5399999618530273,448500,0.0,0.0
2020-08-18 00:00:00-04:00,1.5499999523162842,1.5499999523162842,1.309999942779541,1.350000023841858,847200,0.0,0.0
2020-08-19 00:00:00-04:00,1.7300000190734863,2.880000114440918,1.559999942779541,1.7999999523162842,140109000,0.0,0.0
2020-08-20 00:00:00-04:00,2.049999952316284,2.299999952316284,1.7699999809265137,1.8700000047683716,34992100,0.0,0.0
2020-08-21 00:00:00-04:00,1.7000000476837158,1.8300000429153442,1.7000000476837158,1.7799999713897705,3575800,0.0,0.0
2020-08-24 00:00:00-04:00,1.7000000476837158,1.7100000381469727,1.5,1.5299999713897705,2038600,0.0,0.0
2020-08-25 00:00:00-04:00,1.590000033378601,1.6399999856948853,1.559999942779541,1.6399999856948853,756400,0.0,0.0
2020-08-26 00:00:00-04:00,1.5800000429153442,1.8700000047683716,1.5800000429153442,1.7649999856948853,1243900,0.0,0.0
2020-08-27 00:00:00-04:00,1.75,1.809999942779541,1.659999966621399,1.6699999570846558,1147900,0.0,0.0
2020-08-28 00:00:00-04:00,1.75,1.8200000524520874,1.6699999570846558,1.7799999713897705,652700,0.0,0.0
2020-08-31 00:00:00-04:00,1.809999942779541,1.8209999799728394,1.7200000286102295,1.7400000095367432,443200,0.0,0.0
2020-09-01 00:00:00-04:00,1.7799999713897705,1.7799999713897705,1.5499999523162842,1.5800000429153442,1793100,0.0,0.0
2020-09-02 00:00:00-04:00,1.600000023841858,1.6699999570846558,1.5499999523162842,1.6399999856948853,1308500,0.0,0.0
2020-09-03 00:00:00-04:00,1.6399999856948853,1.649999976158142,1.4500000476837158,1.5199999809265137,1081900,0.0,0.0
2020-09-04 00:00:00-04:00,1.5199999809265137,1.5199999809265137,1.159999966621399,1.399999976158142,1603700,0.0,0.0
2020-09-08 00:00:00-04:00,1.4500000476837158,1.5,1.3799999952316284,1.4299999475479126,492800,0.0,0.0
2020-09-09 00:00:00-04:00,1.5199999809265137,1.5199999809265137,1.399999976158142,1.4199999570846558,571600,0.0,0.0
2020-09-10 00:00:00-04:00,1.3600000143051147,1.440000057220459,1.350000023841858,1.3799999952316284,433800,0.0,0.0
2020-09-11 00:00:00-04:00,1.3899999856948853,1.5099999904632568,1.3600000143051147,1.4500000476837158,621300,0.0,0.0
2020-09-14 00:00:00-04:00,1.4500000476837158,1.590000033378601,1.3899999856948853,1.5499999523162842,816900,0.0,0.0
2020-09-15 00:00:00-04:00,1.5700000524520874,1.5700000524520874,1.4800000190734863,1.5299999713897705,279400,0.0,0.0
2020-09-16 00:00:00-04:00,1.559999942779541,1.559999942779541,1.440000057220459,1.440000057220459,458200,0.0,0.0
2020-09-17 00:00:00-04:00,1.4199999570846558,1.659999966621399,1.399999976158142,1.5499999523162842,1405900,0.0,0.0
2020-09-18 00:00:00-04:00,1.5199999809265137,1.534999966621399,1.399999976158142,1.5,973900,0.0,0.0
2020-09-21 00:00:00-04:00,1.4500000476837158,1.5,1.3849999904632568,1.4199999570846558,471800,0.0,0.0
2020-09-22 00:00:00-04:00,1.440000057220459,1.440000057220459,1.3799999952316284,1.399999976158142,320500,0.0,0.0
2020-09-23 00:00:00-04:00,1.3899999856948853,1.4299999475479126,1.309999942779541,1.3600000143051147,407400,0.0,0.0
2020-09-24 00:00:00-04:00,1.340000033378601,1.440000057220459,1.277999997138977,1.399999976158142,862200,0.0,0.0
2020-09-25 00:00:00-04:00,1.3799999952316284,1.3849999904632568,1.3200000524520874,1.3799999952316284,540000,0.0,0.0
2020-09-28 00:00:00-04:00,1.3600000143051147,1.3600000143051147,1.2999999523162842,1.3300000429153442,335500,0.0,0.0
2020-09-29 00:00:00-04:00,1.3200000524520874,1.340000033378601,1.25,1.2899999618530273,587400,0.0,0.0
2020-09-30 00:00:00-04:00,1.2699999809265137,1.2860000133514404,1.2100000381469727,1.2599999904632568,356600,0.0,0.0
2020-10-01 00:00:00-04:00,1.25,1.2799999713897705,1.2300000190734863,1.2699999809265137,199800,0.0,0.0
2020-10-02 00:00:00-04:00,1.2400000095367432,1.3899999856948853,1.1699999570846558,1.3799999952316284,2591600,0.0,0.0
2020-10-05 00:00:00-04:00,1.2599999904632568,1.2999999523162842,1.2100000381469727,1.2200000286102295,752400,0.0,0.0
2020-10-06 00:00:00-04:00,1.2400000095367432,1.2599999904632568,1.2100000381469727,1.2200000286102295,327500,0.0,0.0
2020-10-07 00:00:00-04:00,1.2200000286102295,1.2599999904632568,1.190000057220459,1.2450000047683716,269700,0.0,0.0
2020-10-08 00:00:00-04:00,1.2599999904632568,1.2599999904632568,1.215000033378601,1.25,360300,0.0,0.0
2020-10-09 00:00:00-04:00,1.25,1.340000033378601,1.190000057220459,1.3300000429153442,1348400,0.0,0.0
2020-10-12 00:00:00-04:00,1.350000023841858,1.6799999475479126,1.2200000286102295,1.2699999809265137,5322600,0.0,0.0
2020-10-13 00:00:00-04:00,1.2599999904632568,1.2799999713897705,1.2200000286102295,1.25,1105300,0.0,0.0
2020-10-14 00:00:00-04:00,1.25,1.25,1.2100000381469727,1.2200000286102295,771900,0.0,0.0
2020-10-15 00:00:00-04:00,1.2100000381469727,1.2699999809265137,1.1699999570846558,1.2400000095367432,1896500,0.0,0.0
2020-10-16 00:00:00-04:00,1.2300000190734863,1.2359999418258667,1.190000057220459,1.2000000476837158,450500,0.0,0.0
2020-10-19 00:00:00-04:00,1.2100000381469727,1.2100000381469727,1.1799999475479126,1.1799999475479126,550500,0.0,0.0
2020-10-20 00:00:00-04:00,1.1799999475479126,1.187999963760376,1.149999976158142,1.159999966621399,415600,0.0,0.0
2020-10-21 00:00:00-04:00,1.149999976158142,1.1799999475479126,1.1200000047683716,1.159999966621399,486000,0.0,0.0
2020-10-22 00:00:00-04:00,1.1399999856948853,1.190000057220459,1.1200000047683716,1.149999976158142,957800,0.0,0.0
2020-10-23 00:00:00-04:00,1.149999976158142,1.159999966621399,1.1100000143051147,1.1399999856948853,653600,0.0,0.0
2020-10-26 00:00:00-04:00,1.1200000047683716,1.1699999570846558,1.0399999618530273,1.0700000524520874,1524300,0.0,0.0
2020-10-27 00:00:00-04:00,1.0700000524520874,1.0889999866485596,1.0199999809265137,1.0499999523162842,1090700,0.0,0.0
2020-10-28 00:00:00-04:00,1.0099999904632568,1.0199999809265137,0.8600000143051147,0.9599999785423279,1363600,0.0,0.0
2020-10-29 00:00:00-04:00,0.9890000224113464,1.059999942779541,0.9800000190734863,1.0,617200,0.0,0.0
2020-10-30 00:00:00-04:00,0.9900000095367432,1.0099999904632568,0.9599999785423279,0.9599999785423279,455400,0.0,0.0
2020-11-02 00:00:00-05:00,0.9710000157356262,0.9760000109672546,0.9100000262260437,0.9399999976158142,327700,0.0,0.0
2020-11-03 00:00:00-05:00,0.9480000138282776,1.0399999618530273,0.9399999976158142,0.9869999885559082,410000,0.0,0.0
2020-11-04 00:00:00-05:00,1.0199999809265137,1.0399999618530273,0.9800000190734863,1.0,340600,0.0,0.0
2020-11-05 00:00:00-05:00,1.059999942779541,1.090000033378601,1.0099999904632568,1.0299999713897705,1515500,0.0,0.0
2020-11-06 00:00:00-05:00,1.0199999809265137,1.0800000429153442,1.0099999904632568,1.059999942779541,728900,0.0,0.0
2020-11-09 00:00:00-05:00,1.100000023841858,1.1299999952316284,0.949999988079071,0.9879999756813049,1669300,0.0,0.0
2020-11-10 00:00:00-05:00,0.9800000190734863,0.9900000095367432,0.9049999713897705,0.9259999990463257,1913200,0.0,0.0
2020-11-11 00:00:00-05:00,0.9300000071525574,0.9430000185966492,0.8999999761581421,0.9200000166893005,1475900,0.0,0.0
2020-11-12 00:00:00-05:00,0.9200000166893005,0.9679999947547913,0.8999999761581421,0.9300000071525574,1304100,0.0,0.0
2020-11-13 00:00:00-05:00,0.9700000286102295,0.9950000047683716,0.9210000038146973,0.9599999785423279,1266300,0.0,0.0
2020-11-16 00:00:00-05:00,0.9739999771118164,0.9739999771118164,0.9359999895095825,0.9610000252723694,729700,0.0,0.0
2020-11-17 00:00:00-05:00,0.9599999785423279,0.9599999785423279,0.9129999876022339,0.9369999766349792,563700,0.0,0.0
2020-11-18 00:00:00-05:00,0.949999988079071,1.0700000524520874,0.925000011920929,0.9589999914169312,2206300,0.0,0.0
2020-11-19 00:00:00-05:00,0.9549999833106995,0.9599999785423279,0.9169999957084656,0.9559999704360962,730600,0.0,0.0
2020-11-20 00:00:00-05:00,0.9800000190734863,0.9900000095367432,0.9210000038146973,0.9610000252723694,662200,0.0,0.0
2020-11-23 00:00:00-05:00,0.9900000095367432,1.0399999618530273,0.9610000252723694,0.9900000095367432,1185100,0.0,0.0
2020-11-24 00:00:00-05:00,1.0199999809265137,1.0199999809265137,0.949999988079071,0.9850000143051147,550600,0.0,0.0
2020-11-25 00:00:00-05:00,1.0,1.0199999809265137,0.9649999737739563,1.0,683400,0.0,0.0
2020-11-27 00:00:00-05:00,1.0399999618530273,1.0800000429153442,1.0,1.059999942779541,1380000,0.0,0.0
2020-11-30 00:00:00-05:00,1.0700000524520874,1.090000033378601,1.0,1.0299999713897705,993500,0.0,0.0
2020-12-01 00:00:00-05:00,1.0399999618530273,1.0499999523162842,1.0099999904632568,1.0399999618530273,647200,0.0,0.0
2020-12-02 00:00:00-05:00,1.0099999904632568,1.0199999809265137,0.9700000286102295,1.0,504000,0.0,0.0
2020-12-03 00:00:00-05:00,1.0,1.1100000143051147,0.9900000095367432,1.059999942779541,2820200,0.0,0.0
2020-12-04 00:00:00-05:00,1.0700000524520874,1.090000033378601,1.0199999809265137,1.059999942779541,762200,0.0,0.0
2020-12-07 00:00:00-05:00,1.0800000429153442,1.0800000429153442,1.0199999809265137,1.0299999713897705,1126900,0.0,0.0
2020-12-08 00:00:00-05:00,1.0399999618530273,1.2000000476837158,1.0199999809265137,1.1699999570846558,3690100,0.0,0.0
2020-12-09 00:00:00-05:00,1.190000057220459,1.2999999523162842,1.1200000047683716,1.2200000286102295,4433400,0.0,0.0
2020-12-10 00:00:00-05:00,1.1699999570846558,1.2100000381469727,1.100000023841858,1.2100000381469727,2385000,0.0,0.0
2020-12-11 00:00:00-05:00,1.3300000429153442,1.4900000095367432,1.2300000190734863,1.440000057220459,6472800,0.0,0.0
2020-12-14 00:00:00-05:00,1.4299999475479126,1.5199999809265137,1.340000033378601,1.5099999904632568,2624200,0.0,0.0
2020-12-15 00:00:00-05:00,1.5299999713897705,1.7000000476837158,1.4500000476837158,1.6399999856948853,3762100,0.0,0.0
2020-12-16 00:00:00-05:00,1.7000000476837158,1.7000000476837158,1.409999966621399,1.600000023841858,4622800,0.0,0.0
2020-12-17 00:00:00-05:00,1.5499999523162842,1.600000023841858,1.4700000286102295,1.4800000190734863,2008200,0.0,0.0
2020-12-18 00:00:00-05:00,1.5,1.5299999713897705,1.3899999856948853,1.4600000381469727,1480200,0.0,0.0
2020-12-21 00:00:00-05:00,1.399999976158142,1.600000023841858,1.350000023841858,1.5199999809265137,2162600,0.0,0.0
2020-12-22 00:00:00-05:00,1.5800000429153442,1.5950000286102295,1.4500000476837158,1.5399999618530273,1998100,0.0,0.0
2020-12-23 00:00:00-05:00,1.5299999713897705,1.6699999570846558,1.4500000476837158,1.659999966621399,2292300,0.0,0.0
2020-12-24 00:00:00-05:00,1.7000000476837158,1.940000057220459,1.6200000047683716,1.8899999856948853,3704600,0.0,0.0
2020-12-28 00:00:00-05:00,1.909999966621399,1.9299999475479126,1.7000000476837158,1.7799999713897705,2021800,0.0,0.0
2020-12-29 00:00:00-05:00,1.7699999809265137,1.8200000524520874,1.6299999952316284,1.6799999475479126,984800,0.0,0.0
2020-12-30 00:00:00-05:00,1.6799999475479126,1.690000057220459,1.5399999618530273,1.5700000524520874,1236800,0.0,0.0
2020-12-31 00:00:00-05:00,1.5399999618530273,1.6200000047683716,1.4900000095367432,1.5800000429153442,1013100,0.0,0.0
2021-01-04 00:00:00-05:00,1.590000033378601,1.6200000047683716,1.4199999570846558,1.4600000381469727,1421000,0.0,0.0
2021-01-05 00:00:00-05:00,1.4199999570846558,1.559999942779541,1.399999976158142,1.5099999904632568,948500,0.0,0.0
2021-01-06 00:00:00-05:00,1.5,1.5199999809265137,1.378000020980835,1.4500000476837158,1528900,0.0,0.0
2021-01-07 00:00:00-05:00,1.4919999837875366,1.5399999618530273,1.440000057220459,1.5299999713897705,918300,0.0,0.0
2021-01-08 00:00:00-05:00,1.5499999523162842,1.5800000429153442,1.4900000095367432,1.5499999523162842,938100,0.0,0.0
2021-01-11 00:00:00-05:00,1.5399999618530273,1.7200000286102295,1.4700000286102295,1.649999976158142,3769300,0.0,0.0
2021-01-12 00:00:00-05:00,1.6100000143051147,1.6399999856948853,1.5399999618530273,1.5499999523162842,1204200,0.0,0.0
2021-01-13 00:00:00-05:00,1.590000033378601,1.6770000457763672,1.5399999618530273,1.649999976158142,1014500,0.0,0.0
2021-01-14 00:00:00-05:00,1.690000057220459,1.7300000190734863,1.6100000143051147,1.649999976158142,985000,0.0,0.0
2021-01-15 00:00:00-05:00,1.649999976158142,1.6649999618530273,1.559999942779541,1.5800000429153442,765700,0.0,0.0
2021-01-19 00:00:00-05:00,1.909000039100647,1.9800000190734863,1.7100000381469727,1.850000023841858,6046800,0.0,0.0
2021-01-20 00:00:00-05:00,1.8600000143051147,1.8680000305175781,1.6799999475479126,1.75,1624500,0.0,0.0
2021-01-21 00:00:00-05:00,1.75,1.7699999809265137,1.659999966621399,1.7000000476837158,915700,0.0,0.0
2021-01-22 00:00:00-05:00,1.690000057220459,1.8899999856948853,1.6399999856948853,1.75,5857900,0.0,0.0
2021-01-25 00:00:00-05:00,1.7999999523162842,1.850000023841858,1.6299999952316284,1.7400000095367432,6080400,0.0,0.0
2021-01-26 00:00:00-05:00,1.8300000429153442,2.490000009536743,1.809999942779541,2.4100000858306885,19995500,0.0,0.0
2021-01-27 00:00:00-05:00,2.2330000400543213,2.450000047683716,2.0,2.180000066757202,12060600,0.0,0.0
2021-01-28 00:00:00-05:00,2.009999990463257,2.109999895095825,1.7799999713897705,1.940000057220459,3547500,0.0,0.0
2021-01-29 00:00:00-05:00,1.8799999952316284,2.049999952316284,1.850000023841858,1.8600000143051147,3900600,0.0,0.0
2021-02-01 00:00:00-05:00,2.0399999618530273,2.1500000953674316,1.9600000381469727,2.0399999618530273,2681000,0.0,0.0
2021-02-02 00:00:00-05:00,2.059999942779541,2.0999999046325684,1.8899999856948853,1.940000057220459,1953000,0.0,0.0
2021-02-03 00:00:00-05:00,1.9299999475479126,2.0399999618530273,1.909999966621399,1.9900000095367432,1385000,0.0,0.0
2021-02-04 00:00:00-05:00,1.9900000095367432,2.0999999046325684,1.940000057220459,2.059999942779541,1655600,0.0,0.0
2021-02-05 00:00:00-05:00,2.119999885559082,2.2699999809265137,2.0199999809265137,2.1600000858306885,2906700,0.0,0.0
2021-02-08 00:00:00-05:00,2.259999990463257,2.680999994277954,2.190000057220459,2.5399999618530273,6406300,0.0,0.0
2021-02-09 00:00:00-05:00,2.5,2.630000114440918,2.309999942779541,2.369999885559082,5248900,0.0,0.0
2021-02-10 00:00:00-05:00,2.674999952316284,3.5899999141693115,2.359999895095825,3.119999885559082,9743700,0.0,0.0
2021-02-11 00:00:00-05:00,3.0139999389648438,3.180000066757202,2.609999895095825,2.869999885559082,5136300,0.0,0.0
2021-02-12 00:00:00-05:00,2.9200000762939453,3.0399999618530273,2.7699999809265137,2.8399999141693115,1604000,0.0,0.0
2021-02-16 00:00:00-05:00,2.8499999046325684,2.859999895095825,2.569999933242798,2.609999895095825,1867900,0.0,0.0
2021-02-17 00:00:00-05:00,2.630000114440918,2.640000104904175,2.2300000190734863,2.4100000858306885,2720600,0.0,0.0
2021-02-18 00:00:00-05:00,2.369999885559082,2.440000057220459,2.2100000381469727,2.380000114440918,1721300,0.0,0.0
2021-02-19 00:00:00-05:00,2.440000057220459,2.5399999618530273,2.369999885559082,2.369999885559082,1461200,0.0,0.0
2021-02-22 00:00:00-05:00,2.369999885559082,2.5899999141693115,2.299999952316284,2.3299999237060547,1579900,0.0,0.0
2021-02-23 00:00:00-05:00,2.0910000801086426,2.200000047683716,1.8600000143051147,2.0,3014700,0.0,0.0
2021-02-24 00:00:00-05:00,2.1070001125335693,2.2300000190734863,2.049999952316284,2.119999885559082,900000,0.0,0.0
2021-02-25 00:00:00-05:00,2.180000066757202,2.5899999141693115,2.0799999237060547,2.1500000953674316,6958800,0.0,0.0
2021-02-26 00:00:00-05:00,2.140000104904175,2.440000057220459,2.0199999809265137,2.0899999141693115,1824100,0.0,0.0
2021-03-01 00:00:00-05:00,2.1500000953674316,2.4000000953674316,2.0510001182556152,2.3499999046325684,2118900,0.0,0.0
2021-03-02 00:00:00-05:00,2.309999942779541,2.5299999713897705,2.2699999809265137,2.4100000858306885,2796100,0.0,0.0
2021-03-03 00:00:00-05:00,2.569000005722046,3.0899999141693115,2.4800000190734863,2.5,19736800,0.0,0.0
2021-03-04 00:00:00-05:00,3.059000015258789,3.549999952316284,2.6600000858306885,3.2699999809265137,95513900,0.0,0.0
2021-03-05 00:00:00-05:00,3.069999933242798,3.1700000762939453,2.299999952316284,2.440000057220459,16262500,0.0,0.0
2021-03-08 00:00:00-05:00,2.490000009536743,2.490000009536743,2.1500000953674316,2.2300000190734863,3319400,0.0,0.0
2021-03-09 00:00:00-05:00,2.2899999618530273,2.450000047683716,2.2200000286102295,2.380000114440918,3950500,0.0,0.0
2021-03-10 00:00:00-05:00,2.4200000762939453,2.5999999046325684,2.359999895095825,2.4200000762939453,2719700,0.0,0.0
2021-03-11 00:00:00-05:00,2.509999990463257,2.8399999141693115,2.4600000381469727,2.75,6724700,0.0,0.0
2021-03-12 00:00:00-05:00,2.569999933242798,2.6600000858306885,2.5,2.5,2366800,0.0,0.0
2021-03-15 00:00:00-04:00,2.5989999771118164,2.8399999141693115,2.5399999618530273,2.7899999618530273,2718300,0.0,0.0
2021-03-16 00:00:00-04:00,2.8299999237060547,2.869999885559082,2.609999895095825,2.690000057220459,3887600,0.0,0.0
2021-03-17 00:00:00-04:00,2.609999895095825,3.140000104904175,2.5399999618530273,2.859999895095825,4906300,0.0,0.0
2021-03-18 00:00:00-04:00,2.859999895095825,3.890000104904175,2.859999895095825,3.200000047683716,21383400,0.0,0.0
2021-03-19 00:00:00-04:00,3.2219998836517334,4.119999885559082,3.2200000286102295,3.7100000381469727,21551600,0.0,0.0
2021-03-22 00:00:00-04:00,3.880000114440918,4.309999942779541,3.359999895095825,3.549999952316284,13585900,0.0,0.0
2021-03-23 00:00:00-04:00,3.693000078201294,4.050000190734863,3.2100000381469727,3.359999895095825,10908900,0.0,0.0
2021-03-24 00:00:00-04:00,3.4070000648498535,3.8299999237060547,3.059999942779541,3.309999942779541,12720700,0.0,0.0
2021-03-25 00:00:00-04:00,3.1440000534057617,3.2100000381469727,2.7799999713897705,3.0399999618530273,6366200,0.0,0.0
2021-03-26 00:00:00-04:00,3.0399999618530273,3.0799999237060547,2.680000066757202,2.7899999618530273,3595400,0.0,0.0
2021-03-29 00:00:00-04:00,2.8399999141693115,2.930000066757202,2.680000066757202,2.8399999141693115,3285800,0.0,0.0
2021-03-30 00:00:00-04:00,2.8299999237060547,3.0399999618530273,2.740000009536743,2.880000114440918,2492500,0.0,0.0
2021-03-31 00:00:00-04:00,2.9000000953674316,3.119999885559082,2.8499999046325684,2.880000114440918,2474300,0.0,0.0
2021-04-01 00:00:00-04:00,2.700000047683716,2.990000009536743,2.690000057220459,2.9600000381469727,1918700,0.0,0.0
2021-04-05 00:00:00-04:00,3.0399999618530273,3.049999952316284,2.7699999809265137,2.819999933242798,1353900,0.0,0.0
2021-04-06 00:00:00-04:00,2.819999933242798,2.9800000190734863,2.809999942779541,2.9200000762939453,1958000,0.0,0.0
2021-04-07 00:00:00-04:00,2.9200000762939453,2.940000057220459,2.700000047683716,2.7699999809265137,1392300,0.0,0.0
2021-04-08 00:00:00-04:00,2.7899999618530273,2.7899999618530273,2.619999885559082,2.7200000286102295,1298400,0.0,0.0
2021-04-09 00:00:00-04:00,2.640000104904175,2.7300000190734863,2.5799999237060547,2.7200000286102295,1000900,0.0,0.0
2021-04-12 00:00:00-04:00,2.7079999446868896,2.7100000381469727,2.5,2.5999999046325684,2350300,0.0,0.0
2021-04-13 00:00:00-04:00,2.630000114440918,2.640000104904175,2.430000066757202,2.5299999713897705,2226500,0.0,0.0
2021-04-14 00:00:00-04:00,2.490000009536743,2.5899999141693115,2.4800000190734863,2.559999942779541,781300,0.0,0.0
2021-04-15 00:00:00-04:00,2.569999933242798,2.7300000190734863,2.509999990463257,2.5399999618530273,2326000,0.0,0.0
2021-04-16 00:00:00-04:00,2.559000015258789,2.559999942779541,2.309999942779541,2.3399999141693115,2280600,0.0,0.0
2021-04-19 00:00:00-04:00,2.359999895095825,2.390000104904175,2.259999990463257,2.3499999046325684,949800,0.0,0.0
2021-04-20 00:00:00-04:00,2.2799999713897705,2.5199999809265137,2.240000009536743,2.490000009536743,1519300,0.0,0.0
2021-04-21 00:00:00-04:00,2.440000057220459,2.680000066757202,2.359999895095825,2.619999885559082,1592200,0.0,0.0
2021-04-22 00:00:00-04:00,2.5999999046325684,2.7300000190734863,2.494999885559082,2.5999999046325684,1021200,0.0,0.0
2021-04-23 00:00:00-04:00,2.6500000953674316,2.7100000381469727,2.5910000801086426,2.6449999809265137,688900,0.0,0.0
2021-04-26 00:00:00-04:00,2.6500000953674316,2.700000047683716,2.569999933242798,2.680000066757202,714300,0.0,0.0
2021-04-27 00:00:00-04:00,2.740000009536743,2.9200000762939453,2.7300000190734863,2.890000104904175,1502900,0.0,0.0
2021-04-28 00:00:00-04:00,2.880000114440918,2.880000114440918,2.680000066757202,2.7799999713897705,1069800,0.0,0.0
2021-04-29 00:00:00-04:00,2.890000104904175,2.9149999618530273,2.690000057220459,2.819999933242798,958600,0.0,0.0
2021-04-30 00:00:00-04:00,2.74399995803833,2.809999942779541,2.6500000953674316,2.700000047683716,567200,0.0,0.0
2021-05-03 00:00:00-04:00,2.7100000381469727,2.7170000076293945,2.4700000286102295,2.509999990463257,950000,0.0,0.0
2021-05-04 00:00:00-04:00,2.4679999351501465,2.5,2.319999933242798,2.4800000190734863,811700,0.0,0.0
2021-05-05 00:00:00-04:00,2.4800000190734863,2.569999933242798,2.424999952316284,2.4800000190734863,563600,0.0,0.0
2021-05-06 00:00:00-04:00,2.430000066757202,2.4600000381469727,2.240000009536743,2.319999933242798,821000,0.0,0.0
2021-05-07 00:00:00-04:00,2.309999942779541,2.4110000133514404,2.2950000762939453,2.380000114440918,373400,0.0,0.0
2021-05-10 00:00:00-04:00,2.319999933242798,2.3320000171661377,2.200000047683716,2.200000047683716,616800,0.0,0.0
2021-05-11 00:00:00-04:00,2.1500000953674316,2.3399999141693115,2.0799999237060547,2.2799999713897705,481900,0.0,0.0
2021-05-12 00:00:00-04:00,2.2899999618530273,2.299999952316284,2.1500000953674316,2.1700000762939453,484700,0.0,0.0
2021-05-13 00:00:00-04:00,2.2100000381469727,2.2950000762939453,2.0799999237060547,2.1549999713897705,650200,0.0,0.0
2021-05-14 00:00:00-04:00,2.119999885559082,2.2699999809265137,2.119999885559082,2.25,505300,0.0,0.0
2021-05-17 00:00:00-04:00,2.200000047683716,2.3499999046325684,2.190000057220459,2.3399999141693115,278000,0.0,0.0
2021-05-18 00:00:00-04:00,2.2899999618530273,2.450000047683716,2.259999990463257,2.3399999141693115,309600,0.0,0.0
2021-05-19 00:00:00-04:00,2.319999933242798,2.365000009536743,2.25,2.309999942779541,517700,0.0,0.0
2021-05-20 00:00:00-04:00,2.3399999141693115,2.440000057220459,2.259999990463257,2.390000104904175,703800,0.0,0.0
2021-05-21 00:00:00-04:00,2.4100000858306885,2.440000057220459,2.3399999141693115,2.390000104904175,310600,0.0,0.0
2021-05-24 00:00:00-04:00,2.390000104904175,2.430000066757202,2.2300000190734863,2.2300000190734863,515700,0.0,0.0
2021-05-25 00:00:00-04:00,2.200000047683716,2.309999942779541,2.1600000858306885,2.259999990463257,534100,0.0,0.0
2021-05-26 00:00:00-04:00,2.25,2.369999885559082,2.2200000286102295,2.369999885559082,285700,0.0,0.0
2021-05-27 00:00:00-04:00,2.309999942779541,2.4700000286102295,2.299999952316284,2.4000000953674316,478300,0.0,0.0
2021-05-28 00:00:00-04:00,2.369999885559082,2.450000047683716,2.2899999618530273,2.319999933242798,371300,0.0,0.0
2021-06-01 00:00:00-04:00,2.2899999618530273,2.440000057220459,2.2899999618530273,2.390000104904175,344800,0.0,0.0
2021-06-02 00:00:00-04:00,2.380000114440918,2.5199999809265137,2.359999895095825,2.4200000762939453,643400,0.0,0.0
2021-06-03 00:00:00-04:00,2.4100000858306885,2.5179998874664307,2.3499999046325684,2.359999895095825,651900,0.0,0.0
2021-06-04 00:00:00-04:00,2.359999895095825,2.434999942779541,2.3299999237060547,2.3499999046325684,481800,0.0,0.0
2021-06-07 00:00:00-04:00,2.3499999046325684,2.450000047683716,2.299999952316284,2.450000047683716,765400,0.0,0.0
2021-06-08 00:00:00-04:00,2.430000066757202,2.4800000190734863,2.319999933242798,2.390000104904175,636100,0.0,0.0
2021-06-09 00:00:00-04:00,2.4000000953674316,2.450000047683716,2.299999952316284,2.309999942779541,977800,0.0,0.0
2021-06-10 00:00:00-04:00,2.319999933242798,2.3299999237060547,2.2100000381469727,2.2799999713897705,725800,0.0,0.0
2021-06-11 00:00:00-04:00,2.309999942779541,2.309999942779541,2.180000066757202,2.2200000286102295,497800,0.0,0.0
2021-06-14 00:00:00-04:00,2.25,2.3499999046325684,2.180000066757202,2.2699999809265137,952800,0.0,0.0
2021-06-15 00:00:00-04:00,2.2699999809265137,2.299999952316284,2.180000066757202,2.2300000190734863,305200,0.0,0.0
2021-06-16 00:00:00-04:00,2.25,2.259999990463257,2.171999931335449,2.2200000286102295,272700,0.0,0.0
2021-06-17 00:00:00-04:00,2.25,2.2899999618530273,2.180000066757202,2.190000057220459,244300,0.0,0.0
2021-06-18 00:00:00-04:00,2.200000047683716,2.2200000286102295,2.1010000705718994,2.140000104904175,419600,0.0,0.0
2021-06-21 00:00:00-04:00,2.190000057220459,2.190000057220459,2.119999885559082,2.1600000858306885,246800,0.0,0.0
2021-06-22 00:00:00-04:00,2.140000104904175,2.2200000286102295,2.118000030517578,2.180000066757202,268600,0.0,0.0
2021-06-23 00:00:00-04:00,2.2100000381469727,2.2899999618530273,2.200000047683716,2.2699999809265137,342000,0.0,0.0
2021-06-24 00:00:00-04:00,2.2869999408721924,2.319999933242798,2.2100000381469727,2.309999942779541,431000,0.0,0.0
2021-06-25 00:00:00-04:00,2.299999952316284,2.359999895095825,2.2699999809265137,2.3399999141693115,376900,0.0,0.0
2021-06-28 00:00:00-04:00,2.309999942779541,2.359999895095825,2.2899999618530273,2.299999952316284,304900,0.0,0.0
2021-06-29 00:00:00-04:00,2.319999933242798,2.319999933242798,2.2200000286102295,2.25,302400,0.0,0.0
2021-06-30 00:00:00-04:00,2.25,2.319999933242798,2.2119998931884766,2.299999952316284,253700,0.0,0.0
2021-07-01 00:00:00-04:00,2.299999952316284,2.3310000896453857,2.240000009536743,2.240000009536743,2714400,0.0,0.0
2021-07-02 00:00:00-04:00,2.4700000286102295,2.700000047683716,2.380000114440918,2.5299999713897705,7228600,0.0,0.0
2021-07-06 00:00:00-04:00,2.299999952316284,2.430000066757202,2.2799999713897705,2.319999933242798,1172200,0.0,0.0
2021-07-07 00:00:00-04:00,2.2699999809265137,2.302000045776367,2.200000047683716,2.200000047683716,534800,0.0,0.0
2021-07-08 00:00:00-04:00,2.180000066757202,2.2209999561309814,2.0999999046325684,2.200000047683716,676600,0.0,0.0
2021-07-09 00:00:00-04:00,2.1700000762939453,2.2899999618530273,2.1410000324249268,2.2699999809265137,678000,0.0,0.0
2021-07-12 00:00:00-04:00,2.25,2.265000104904175,2.190999984741211,2.2100000381469727,1297600,0.0,0.0
2021-07-13 00:00:00-04:00,2.200000047683716,2.2799999713897705,2.109999895095825,2.2300000190734863,1059600,0.0,0.0
2021-07-14 00:00:00-04:00,2.2200000286102295,2.2200000286102295,2.069999933242798,2.069999933242798,1063600,0.0,0.0
2021-07-15 00:00:00-04:00,2.069999933242798,2.127000093460083,2.0199999809265137,2.069999933242798,516000,0.0,0.0
2021-07-16 00:00:00-04:00,2.0999999046325684,2.109999895095825,2.0350000858306885,2.059999942779541,285000,0.0,0.0
2021-07-19 00:00:00-04:00,2.0,2.0799999237060547,1.9700000286102295,2.0399999618530273,551500,0.0,0.0
2021-07-20 00:00:00-04:00,2.0399999618530273,2.0899999141693115,2.0299999713897705,2.059999942779541,284800,0.0,0.0
2021-07-21 00:00:00-04:00,2.049999952316284,2.1700000762939453,2.049999952316284,2.119999885559082,160500,0.0,0.0
2021-07-22 00:00:00-04:00,2.0999999046325684,2.125,2.0299999713897705,2.059999942779541,198300,0.0,0.0
2021-07-23 00:00:00-04:00,2.0799999237060547,2.0799999237060547,1.9950000047683716,2.0399999618530273,274700,0.0,0.0
2021-07-26 00:00:00-04:00,2.0199999809265137,2.069999933242798,2.0,2.009999990463257,234000,0.0,0.0
2021-07-27 00:00:00-04:00,2.0,2.0199999809265137,1.9299999475479126,1.9900000095367432,282400,0.0,0.0
2021-07-28 00:00:00-04:00,1.9900000095367432,2.069999933242798,1.9900000095367432,2.049999952316284,191700,0.0,0.0
2021-07-29 00:00:00-04:00,2.0299999713897705,2.069999933242798,2.0299999713897705,2.0299999713897705,100900,0.0,0.0
2021-07-30 00:00:00-04:00,2.009999990463257,2.065000057220459,1.965000033378601,1.9800000190734863,443000,0.0,0.0
2021-08-02 00:00:00-04:00,2.009999990463257,2.119999885559082,2.009999990463257,2.059999942779541,218700,0.0,0.0
2021-08-03 00:00:00-04:00,2.059999942779541,2.062000036239624,2.0,2.0299999713897705,153000,0.0,0.0
2021-08-04 00:00:00-04:00,2.009999990463257,2.0399999618530273,1.9800000190734863,2.0199999809265137,270600,0.0,0.0
2021-08-05 00:00:00-04:00,2.0199999809265137,2.1500000953674316,2.0199999809265137,2.049999952316284,316400,0.0,0.0
2021-08-06 00:00:00-04:00,2.049999952316284,2.0999999046325684,2.0399999618530273,2.049999952316284,109700,0.0,0.0
2021-08-09 00:00:00-04:00,2.0399999618530273,2.0969998836517334,2.0,2.059999942779541,347500,0.0,0.0
2021-08-10 00:00:00-04:00,2.0399999618530273,2.0899999141693115,2.0250000953674316,2.0299999713897705,164000,0.0,0.0
2021-08-11 00:00:00-04:00,2.0199999809265137,2.059999942779541,1.9900000095367432,2.049999952316284,189600,0.0,0.0
2021-08-12 00:00:00-04:00,2.0439999103546143,2.140000104904175,2.0199999809265137,2.140000104904175,206300,0.0,0.0
2021-08-13 00:00:00-04:00,2.0799999237060547,2.119999885559082,2.049999952316284,2.059999942779541,192700,0.0,0.0
2021-08-16 00:00:00-04:00,2.0899999141693115,2.0899999141693115,1.9700000286102295,2.0,390000,0.0,0.0
2021-08-17 00:00:00-04:00,2.0,2.0,1.8200000524520874,1.9600000381469727,531300,0.0,0.0
2021-08-18 00:00:00-04:00,1.940000057220459,1.975000023841858,1.850000023841858,1.909999966621399,397900,0.0,0.0
2021-08-19 00:00:00-04:00,1.8700000047683716,1.909999966621399,1.7699999809265137,1.7799999713897705,706500,0.0,0.0
2021-08-20 00:00:00-04:00,1.809999942779541,1.840000033378601,1.75,1.840000033378601,301400,0.0,0.0
2021-08-23 00:00:00-04:00,1.8300000429153442,1.9500000476837158,1.8300000429153442,1.9299999475479126,215200,0.0,0.0
2021-08-24 00:00:00-04:00,1.909999966621399,2.005000114440918,1.909999966621399,1.9900000095367432,211000,0.0,0.0
2021-08-25 00:00:00-04:00,1.9600000381469727,2.0199999809265137,1.9199999570846558,2.0,199900,0.0,0.0
2021-08-26 00:00:00-04:00,2.009999990463257,2.0399999618530273,1.940000057220459,1.9500000476837158,164600,0.0,0.0
2021-08-27 00:00:00-04:00,1.9800000190734863,2.0299999713897705,1.940000057220459,2.0199999809265137,440700,0.0,0.0
2021-08-30 00:00:00-04:00,1.9800000190734863,2.059999942779541,1.9700000286102295,2.0,617100,0.0,0.0
2021-08-31 00:00:00-04:00,1.9700000286102295,2.049999952316284,1.9700000286102295,2.009999990463257,442200,0.0,0.0
2021-09-01 00:00:00-04:00,2.009999990463257,2.0380001068115234,1.9600000381469727,1.9900000095367432,251000,0.0,0.0
2021-09-02 00:00:00-04:00,1.9700000286102295,2.0399999618530273,1.9600000381469727,2.0,199800,0.0,0.0
2021-09-03 00:00:00-04:00,2.0199999809265137,2.0199999809265137,1.9500000476837158,2.0,310700,0.0,0.0
2021-09-07 00:00:00-04:00,1.9800000190734863,1.9850000143051147,1.909999966621399,1.9299999475479126,259900,0.0,0.0
2021-09-08 00:00:00-04:00,1.909999966621399,1.9299999475479126,1.850000023841858,1.850000023841858,179900,0.0,0.0
2021-09-09 00:00:00-04:00,1.8700000047683716,1.899999976158142,1.8420000076293945,1.8700000047683716,177300,0.0,0.0
2021-09-10 00:00:00-04:00,1.8700000047683716,1.8799999952316284,1.840000033378601,1.840000033378601,152000,0.0,0.0
2021-09-13 00:00:00-04:00,1.8300000429153442,1.9199999570846558,1.809999942779541,1.8899999856948853,128500,0.0,0.0
2021-09-14 00:00:00-04:00,1.8899999856948853,1.8899999856948853,1.7699999809265137,1.7899999618530273,211400,0.0,0.0
2021-09-15 00:00:00-04:00,1.809999942779541,1.8600000143051147,1.7699999809265137,1.840000033378601,116100,0.0,0.0
2021-09-16 00:00:00-04:00,1.8200000524520874,1.840000033378601,1.7899999618530273,1.7899999618530273,95000,0.0,0.0
2021-09-17 00:00:00-04:00,1.7799999713897705,1.809999942779541,1.7699999809265137,1.7799999713897705,322600,0.0,0.0
2021-09-20 00:00:00-04:00,1.75,1.7799999713897705,1.7200000286102295,1.75,180400,0.0,0.0
2021-09-21 00:00:00-04:00,1.75,1.7799999713897705,1.75,1.7799999713897705,116500,0.0,0.0
2021-09-22 00:00:00-04:00,1.7699999809265137,1.784999966621399,1.7300000190734863,1.7300000190734863,171200,0.0,0.0
2021-09-23 00:00:00-04:00,1.7300000190734863,1.7719999551773071,1.7109999656677246,1.7599999904632568,270400,0.0,0.0
2021-09-24 00:00:00-04:00,1.7300000190734863,1.7699999809265137,1.7300000190734863,1.7400000095367432,85400,0.0,0.0
2021-09-27 00:00:00-04:00,1.7400000095367432,1.809999942779541,1.7200000286102295,1.7999999523162842,138100,0.0,0.0
2021-09-28 00:00:00-04:00,1.7799999713897705,1.7799999713897705,1.7200000286102295,1.75,195300,0.0,0.0
2021-09-29 00:00:00-04:00,1.7400000095367432,1.7699999809265137,1.7100000381469727,1.75,104600,0.0,0.0
2021-09-30 00:00:00-04:00,1.7200000286102295,1.7999999523162842,1.715000033378601,1.7699999809265137,74200,0.0,0.0
2021-10-01 00:00:00-04:00,1.7899999618530273,1.8420000076293945,1.7699999809265137,1.7999999523162842,155800,0.0,0.0
2021-10-04 00:00:00-04:00,1.7799999713897705,1.7799999713897705,1.7400000095367432,1.7400000095367432,151600,0.0,0.0
2021-10-05 00:00:00-04:00,1.75,1.8229999542236328,1.7209999561309814,1.7699999809265137,231500,0.0,0.0
2021-10-06 00:00:00-04:00,1.7300000190734863,1.7699999809265137,1.7200000286102295,1.7699999809265137,133800,0.0,0.0
2021-10-07 00:00:00-04:00,1.7799999713897705,1.7899999618530273,1.75,1.7699999809265137,94300,0.0,0.0
2021-10-08 00:00:00-04:00,1.7699999809265137,1.7699999809265137,1.7200000286102295,1.7300000190734863,53000,0.0,0.0
2021-10-11 00:00:00-04:00,1.7300000190734863,1.75,1.6799999475479126,1.7400000095367432,156200,0.0,0.0
2021-10-12 00:00:00-04:00,1.7300000190734863,1.75,1.6299999952316284,1.7000000476837158,173400,0.0,0.0
2021-10-13 00:00:00-04:00,1.7000000476837158,1.7300000190734863,1.6399999856948853,1.7300000190734863,187400,0.0,0.0
2021-10-14 00:00:00-04:00,1.7699999809265137,1.8200000524520874,1.74399995803833,1.7799999713897705,170400,0.0,0.0
2021-10-15 00:00:00-04:00,1.7699999809265137,1.7979999780654907,1.7599999904632568,1.7799999713897705,91800,0.0,0.0
2021-10-18 00:00:00-04:00,1.75,1.7699999809265137,1.7100000381469727,1.7100000381469727,84500,0.0,0.0
2021-10-19 00:00:00-04:00,1.7400000095367432,1.753999948501587,1.690000057220459,1.7200000286102295,166300,0.0,0.0
2021-10-20 00:00:00-04:00,1.7100000381469727,1.7100000381469727,1.559999942779541,1.6299999952316284,585000,0.0,0.0
2021-10-21 00:00:00-04:00,1.6299999952316284,1.6299999952316284,1.5700000524520874,1.6100000143051147,214600,0.0,0.0
2021-10-22 00:00:00-04:00,1.5800000429153442,1.6399999856948853,1.559999942779541,1.6299999952316284,248300,0.0,0.0
2021-10-25 00:00:00-04:00,1.6100000143051147,1.7400000095367432,1.600000023841858,1.7100000381469727,373500,0.0,0.0
2021-10-26 00:00:00-04:00,1.7419999837875366,1.9299999475479126,1.7400000095367432,1.8300000429153442,697800,0.0,0.0
2021-10-27 00:00:00-04:00,1.809999942779541,1.809999942779541,1.7100000381469727,1.7100000381469727,134200,0.0,0.0
2021-10-28 00:00:00-04:00,1.7000000476837158,1.7599999904632568,1.690000057220459,1.7200000286102295,152300,0.0,0.0
2021-10-29 00:00:00-04:00,1.7400000095367432,1.7799999713897705,1.7100000381469727,1.7300000190734863,87500,0.0,0.0
2021-11-01 00:00:00-04:00,1.7100000381469727,1.9299999475479126,1.7100000381469727,1.8600000143051147,988800,0.0,0.0
2021-11-02 00:00:00-04:00,1.9199999570846558,1.9199999570846558,1.809999942779541,1.8700000047683716,245200,0.0,0.0
2021-11-03 00:00:00-04:00,1.8700000047683716,1.8700000047683716,1.809999942779541,1.8300000429153442,195400,0.0,0.0
2021-11-04 00:00:00-04:00,1.909999966621399,2.0999999046325684,1.8899999856948853,1.899999976158142,1297200,0.0,0.0
2021-11-05 00:00:00-04:00,1.940000057220459,1.9800000190734863,1.909999966621399,1.9600000381469727,157800,0.0,0.0
2021-11-08 00:00:00-05:00,1.9800000190734863,2.0299999713897705,1.909999966621399,2.0,473300,0.0,0.0
2021-11-09 00:00:00-05:00,2.0,2.5,1.9500000476837158,2.240000009536743,9924600,0.0,0.0
2021-11-10 00:00:00-05:00,2.240000009536743,2.440000057220459,2.0799999237060547,2.2100000381469727,11293200,0.0,0.0
2021-11-11 00:00:00-05:00,2.200000047683716,2.4000000953674316,2.059999942779541,2.2799999713897705,6888200,0.0,0.0
2021-11-12 00:00:00-05:00,2.299999952316284,2.3499999046325684,2.2100000381469727,2.299999952316284,1201000,0.0,0.0
2021-11-15 00:00:00-05:00,2.2300000190734863,2.2699999809265137,2.125,2.140000104904175,2605300,0.0,0.0
2021-11-16 00:00:00-05:00,1.9900000095367432,2.390000104904175,1.7599999904632568,2.1600000858306885,7180800,0.0,0.0
2021-11-17 00:00:00-05:00,2.200000047683716,2.4800000190734863,2.119999885559082,2.240000009536743,4152700,0.0,0.0
2021-11-18 00:00:00-05:00,2.2200000286102295,2.299999952316284,2.049999952316284,2.1600000858306885,1338200,0.0,0.0
2021-11-19 00:00:00-05:00,2.119999885559082,2.1600000858306885,2.0,2.0399999618530273,849100,0.0,0.0
2021-11-22 00:00:00-05:00,2.059999942779541,2.0799999237060547,1.909999966621399,1.909999966621399,2723600,0.0,0.0
2021-11-23 00:00:00-05:00,1.9600000381469727,2.0799999237060547,1.8200000524520874,2.059999942779541,4469200,0.0,0.0
2021-11-24 00:00:00-05:00,1.9500000476837158,1.9589999914169312,1.850000023841858,1.8899999856948853,1681300,0.0,0.0
2021-11-26 00:00:00-05:00,1.809999942779541,1.8600000143051147,1.7000000476837158,1.8600000143051147,658200,0.0,0.0
2021-11-29 00:00:00-05:00,1.809999942779541,1.8300000429153442,1.7200000286102295,1.7200000286102295,866700,0.0,0.0
2021-11-30 00:00:00-05:00,1.649999976158142,1.8600000143051147,1.5399999618530273,1.850000023841858,2153000,0.0,0.0
2021-12-01 00:00:00-05:00,1.8600000143051147,1.8899999856948853,1.659999966621399,1.8600000143051147,1155800,0.0,0.0
2021-12-02 00:00:00-05:00,1.7300000190734863,1.909999966621399,1.7300000190734863,1.899999976158142,402100,0.0,0.0
2021-12-03 00:00:00-05:00,1.9500000476837158,1.9520000219345093,1.7999999523162842,1.909999966621399,1406700,0.0,0.0
2021-12-06 00:00:00-05:00,1.8899999856948853,1.9199999570846558,1.8200000524520874,1.8700000047683716,343800,0.0,0.0
2021-12-07 00:00:00-05:00,1.9249999523162842,1.940000057220459,1.75,1.850000023841858,891500,0.0,0.0
2021-12-08 00:00:00-05:00,1.899999976158142,2.0399999618530273,1.840000033378601,1.9900000095367432,666800,0.0,0.0
2021-12-09 00:00:00-05:00,1.9800000190734863,2.0399999618530273,1.940000057220459,2.0,307400,0.0,0.0
2021-12-10 00:00:00-05:00,1.9800000190734863,1.9989999532699585,1.9199999570846558,1.9299999475479126,174000,0.0,0.0
2021-12-13 00:00:00-05:00,1.899999976158142,1.9299999475479126,1.7999999523162842,1.8200000524520874,362100,0.0,0.0
2021-12-14 00:00:00-05:00,1.75,1.809999942779541,1.7300000190734863,1.75,241900,0.0,0.0
2021-12-15 00:00:00-05:00,1.7200000286102295,1.8899999856948853,1.7000000476837158,1.850000023841858,414900,0.0,0.0
2021-12-16 00:00:00-05:00,1.850000023841858,1.9199999570846558,1.7999999523162842,1.909999966621399,540900,0.0,0.0
2021-12-17 00:00:00-05:00,1.899999976158142,1.940000057220459,1.8300000429153442,1.8899999856948853,348300,0.0,0.0
2021-12-20 00:00:00-05:00,1.909999966621399,1.9390000104904175,1.850000023841858,1.8700000047683716,229800,0.0,0.0
2021-12-21 00:00:00-05:00,1.850000023841858,1.9199999570846558,1.8300000429153442,1.909999966621399,340200,0.0,0.0
2021-12-22 00:00:00-05:00,1.8700000047683716,1.9500000476837158,1.8700000047683716,1.8799999952316284,255700,0.0,0.0
2021-12-23 00:00:00-05:00,1.8600000143051147,1.9299999475479126,1.8600000143051147,1.8700000047683716,195600,0.0,0.0
2021-12-27 00:00:00-05:00,1.850000023841858,1.8700000047683716,1.7899999618530273,1.7899999618530273,286600,0.0,0.0
2021-12-28 00:00:00-05:00,1.7899999618530273,1.809999942779541,1.7200000286102295,1.7400000095367432,376500,0.0,0.0
2021-12-29 00:00:00-05:00,1.7200000286102295,1.7350000143051147,1.7000000476837158,1.7000000476837158,350800,0.0,0.0
2021-12-30 00:00:00-05:00,1.7000000476837158,1.7599999904632568,1.7000000476837158,1.7400000095367432,291500,0.0,0.0
2021-12-31 00:00:00-05:00,1.7200000286102295,1.7799999713897705,1.7100000381469727,1.7100000381469727,273300,0.0,0.0
2022-01-03 00:00:00-05:00,1.7100000381469727,1.8200000524520874,1.7100000381469727,1.809999942779541,494000,0.0,0.0
2022-01-04 00:00:00-05:00,1.7999999523162842,1.809999942779541,1.75,1.7799999713897705,285900,0.0,0.0
2022-01-05 00:00:00-05:00,1.7799999713897705,1.7910000085830688,1.7200000286102295,1.7599999904632568,842200,0.0,0.0
2022-01-06 00:00:00-05:00,1.7300000190734863,1.8600000143051147,1.6610000133514404,1.850000023841858,647800,0.0,0.0
2022-01-07 00:00:00-05:00,1.8300000429153442,1.8600000143051147,1.781000018119812,1.850000023841858,151900,0.0,0.0
2022-01-10 00:00:00-05:00,1.7999999523162842,1.9199999570846558,1.75,1.909999966621399,327800,0.0,0.0
2022-01-11 00:00:00-05:00,1.8700000047683716,2.0299999713897705,1.8300000429153442,2.0199999809265137,1946400,0.0,0.0
2022-01-12 00:00:00-05:00,2.009999990463257,2.009999990463257,1.9199999570846558,1.9500000476837158,360700,0.0,0.0
2022-01-13 00:00:00-05:00,1.9500000476837158,2.0,1.8799999952316284,1.899999976158142,245300,0.0,0.0
2022-01-14 00:00:00-05:00,1.8700000047683716,1.9299999475479126,1.850000023841858,1.9199999570846558,152500,0.0,0.0
2022-01-18 00:00:00-05:00,1.8799999952316284,1.8799999952316284,1.75,1.7799999713897705,661500,0.0,0.0
2022-01-19 00:00:00-05:00,1.7899999618530273,1.7899999618530273,1.7000000476837158,1.7300000190734863,411200,0.0,0.0
2022-01-20 00:00:00-05:00,1.7300000190734863,1.909999966621399,1.7200000286102295,1.8899999856948853,675500,0.0,0.0
2022-01-21 00:00:00-05:00,1.8899999856948853,1.8899999856948853,1.7899999618530273,1.7999999523162842,187300,0.0,0.0
2022-01-24 00:00:00-05:00,1.75,1.7899999618530273,1.6100000143051147,1.7799999713897705,662300,0.0,0.0
2022-01-25 00:00:00-05:00,1.7300000190734863,1.8300000429153442,1.7200000286102295,1.8200000524520874,259700,0.0,0.0
2022-01-26 00:00:00-05:00,1.8600000143051147,1.8930000066757202,1.7799999713897705,1.809999942779541,258800,0.0,0.0
2022-01-27 00:00:00-05:00,1.8200000524520874,1.8279999494552612,1.75,1.7699999809265137,134200,0.0,0.0
2022-01-28 00:00:00-05:00,1.75,1.8600000143051147,1.7200000286102295,1.8600000143051147,394500,0.0,0.0
2022-01-31 00:00:00-05:00,1.8200000524520874,1.8600000143051147,1.7999999523162842,1.840000033378601,241800,0.0,0.0
2022-02-01 00:00:00-05:00,1.840000033378601,1.8589999675750732,1.8250000476837158,1.850000023841858,147100,0.0,0.0
2022-02-02 00:00:00-05:00,1.8700000047683716,1.8700000047683716,1.7999999523162842,1.8300000429153442,123700,0.0,0.0
2022-02-03 00:00:00-05:00,1.7999999523162842,1.8259999752044678,1.7799999713897705,1.7999999523162842,128500,0.0,0.0
2022-02-04 00:00:00-05:00,1.7899999618530273,1.8049999475479126,1.7549999952316284,1.7999999523162842,142100,0.0,0.0
2022-02-07 00:00:00-05:00,1.7799999713897705,1.850000023841858,1.7599999904632568,1.7599999904632568,107100,0.0,0.0
2022-02-08 00:00:00-05:00,1.7599999904632568,1.8300000429153442,1.7599999904632568,1.8200000524520874,175500,0.0,0.0
2022-02-09 00:00:00-05:00,1.8200000524520874,1.899999976158142,1.809999942779541,1.840000033378601,303800,0.0,0.0
2022-02-10 00:00:00-05:00,1.7899999618530273,1.8799999952316284,1.7899999618530273,1.7899999618530273,305800,0.0,0.0
2022-02-11 00:00:00-05:00,1.840000033378601,1.840000033378601,1.7699999809265137,1.7799999713897705,58500,0.0,0.0
2022-02-14 00:00:00-05:00,1.75,1.8200000524520874,1.75,1.7599999904632568,192400,0.0,0.0
2022-02-15 00:00:00-05:00,1.7599999904632568,1.8600000143051147,1.7599999904632568,1.840000033378601,254100,0.0,0.0
2022-02-16 00:00:00-05:00,1.809999942779541,1.899999976158142,1.809999942779541,1.8300000429153442,171700,0.0,0.0
2022-02-17 00:00:00-05:00,1.809999942779541,1.850000023841858,1.7899999618530273,1.809999942779541,158200,0.0,0.0
2022-02-18 00:00:00-05:00,1.7699999809265137,1.850000023841858,1.75,1.7799999713897705,146100,0.0,0.0
2022-02-22 00:00:00-05:00,1.7599999904632568,1.7799999713897705,1.7100000381469727,1.7100000381469727,233200,0.0,0.0
2022-02-23 00:00:00-05:00,1.7000000476837158,1.8799999952316284,1.7000000476837158,1.8200000524520874,460000,0.0,0.0
2022-02-24 00:00:00-05:00,1.6299999952316284,1.8179999589920044,1.600000023841858,1.7999999523162842,511100,0.0,0.0
2022-02-25 00:00:00-05:00,1.7699999809265137,1.7899999618530273,1.75,1.7699999809265137,47400,0.0,0.0
2022-02-28 00:00:00-05:00,1.75,1.8300000429153442,1.7200000286102295,1.7999999523162842,145800,0.0,0.0
2022-03-01 00:00:00-05:00,1.7999999523162842,1.840000033378601,1.7599999904632568,1.7599999904632568,99900,0.0,0.0
2022-03-02 00:00:00-05:00,1.7999999523162842,1.840000033378601,1.7599999904632568,1.8300000429153442,108400,0.0,0.0
2022-03-03 00:00:00-05:00,1.8300000429153442,1.8550000190734863,1.7699999809265137,1.8300000429153442,166100,0.0,0.0
2022-03-04 00:00:00-05:00,1.7999999523162842,1.8200000524520874,1.7799999713897705,1.7899999618530273,43100,0.0,0.0
2022-03-07 00:00:00-05:00,1.7699999809265137,1.7899999618530273,1.6799999475479126,1.690000057220459,370500,0.0,0.0
2022-03-08 00:00:00-05:00,1.690000057220459,1.7400000095367432,1.6799999475479126,1.7200000286102295,115700,0.0,0.0
2022-03-09 00:00:00-05:00,1.7400000095367432,1.7899999618530273,1.7300000190734863,1.7799999713897705,170100,0.0,0.0
2022-03-10 00:00:00-05:00,1.75,1.7699999809265137,1.6710000038146973,1.75,381700,0.0,0.0
2022-03-11 00:00:00-05:00,1.7300000190734863,1.7599999904632568,1.7109999656677246,1.7200000286102295,51000,0.0,0.0
2022-03-14 00:00:00-04:00,1.75,1.75,1.6799999475479126,1.6799999475479126,99200,0.0,0.0
2022-03-15 00:00:00-04:00,1.6799999475479126,1.7000000476837158,1.600000023841858,1.6299999952316284,332000,0.0,0.0
2022-03-16 00:00:00-04:00,1.6399999856948853,1.7000000476837158,1.5199999809265137,1.600000023841858,550500,0.0,0.0
2022-03-17 00:00:00-04:00,1.600000023841858,1.6710000038146973,1.590000033378601,1.6699999570846558,90900,0.0,0.0
2022-03-18 00:00:00-04:00,1.659999966621399,1.7000000476837158,1.6299999952316284,1.7000000476837158,73400,0.0,0.0
2022-03-21 00:00:00-04:00,1.649999976158142,1.7000000476837158,1.6299999952316284,1.6799999475479126,94200,0.0,0.0
2022-03-22 00:00:00-04:00,1.7000000476837158,1.7599999904632568,1.659999966621399,1.7400000095367432,219600,0.0,0.0
2022-03-23 00:00:00-04:00,1.690000057220459,1.75,1.6740000247955322,1.7200000286102295,71000,0.0,0.0
2022-03-24 00:00:00-04:00,1.7100000381469727,1.850000023841858,1.7000000476837158,1.7899999618530273,334500,0.0,0.0
2022-03-25 00:00:00-04:00,1.7699999809265137,1.8300000429153442,1.7699999809265137,1.7799999713897705,77800,0.0,0.0
2022-03-28 00:00:00-04:00,1.7599999904632568,1.875,1.7599999904632568,1.7999999523162842,184500,0.0,0.0
2022-03-29 00:00:00-04:00,1.7899999618530273,1.850000023841858,1.7899999618530273,1.809999942779541,104100,0.0,0.0
2022-03-30 00:00:00-04:00,1.7599999904632568,1.7999999523162842,1.7300000190734863,1.75,185000,0.0,0.0
2022-03-31 00:00:00-04:00,1.7400000095367432,1.7410000562667847,1.7200000286102295,1.725000023841858,84400,0.0,0.0
2022-04-01 00:00:00-04:00,1.7300000190734863,1.8700000047683716,1.7300000190734863,1.809999942779541,284800,0.0,0.0
2022-04-04 00:00:00-04:00,1.8200000524520874,1.940000057220459,1.8049999475479126,1.850000023841858,360600,0.0,0.0
2022-04-05 00:00:00-04:00,1.8700000047683716,1.8799999952316284,1.7999999523162842,1.809999942779541,123200,0.0,0.0
2022-04-06 00:00:00-04:00,1.7999999523162842,1.8899999856948853,1.7999999523162842,1.840000033378601,385600,0.0,0.0
2022-04-07 00:00:00-04:00,1.7999999523162842,1.840000033378601,1.75,1.7799999713897705,209600,0.0,0.0
2022-04-08 00:00:00-04:00,1.7799999713897705,1.809999942779541,1.75,1.7599999904632568,78300,0.0,0.0
2022-04-11 00:00:00-04:00,1.7599999904632568,1.7999999523162842,1.75,1.7599999904632568,123000,0.0,0.0
2022-04-12 00:00:00-04:00,1.7699999809265137,1.7999999523162842,1.7599999904632568,1.7680000066757202,50300,0.0,0.0
2022-04-13 00:00:00-04:00,1.75,1.7699999809265137,1.75,1.75,78700,0.0,0.0
2022-04-14 00:00:00-04:00,1.75,1.75,1.7000000476837158,1.7100000381469727,191000,0.0,0.0
2022-04-18 00:00:00-04:00,1.7000000476837158,1.7100000381469727,1.659999966621399,1.6799999475479126,128400,0.0,0.0
2022-04-19 00:00:00-04:00,1.659999966621399,1.7300000190734863,1.659999966621399,1.7200000286102295,62800,0.0,0.0
2022-04-20 00:00:00-04:00,1.690000057220459,1.7450000047683716,1.690000057220459,1.690000057220459,291300,0.0,0.0
2022-04-21 00:00:00-04:00,1.7400000095367432,1.7400000095367432,1.5800000429153442,1.6200000047683716,477200,0.0,0.0
2022-04-22 00:00:00-04:00,1.600000023841858,1.659999966621399,1.5299999713897705,1.6490000486373901,217600,0.0,0.0
2022-04-25 00:00:00-04:00,1.600000023841858,1.6399999856948853,1.5700000524520874,1.6100000143051147,59000,0.0,0.0
2022-04-26 00:00:00-04:00,1.600000023841858,1.6100000143051147,1.559999942779541,1.590000033378601,43700,0.0,0.0
2022-04-27 00:00:00-04:00,1.5800000429153442,1.6059999465942383,1.559999942779541,1.5700000524520874,68000,0.0,0.0
2022-04-28 00:00:00-04:00,1.590000033378601,1.6100000143051147,1.559999942779541,1.590000033378601,49200,0.0,0.0
2022-04-29 00:00:00-04:00,1.590000033378601,1.600000023841858,1.559999942779541,1.5700000524520874,59700,0.0,0.0
2022-05-02 00:00:00-04:00,1.559999942779541,1.600000023841858,1.5199999809265137,1.559999942779541,85800,0.0,0.0
2022-05-03 00:00:00-04:00,1.5499999523162842,1.600000023841858,1.5299999713897705,1.600000023841858,49300,0.0,0.0
2022-05-04 00:00:00-04:00,1.5800000429153442,1.6399999856948853,1.559999942779541,1.6200000047683716,98200,0.0,0.0
2022-05-05 00:00:00-04:00,1.590000033378601,1.600000023841858,1.4199999570846558,1.5,199500,0.0,0.0
2022-05-06 00:00:00-04:00,1.4800000190734863,1.5299999713897705,1.4500000476837158,1.5149999856948853,50300,0.0,0.0
2022-05-09 00:00:00-04:00,1.4600000381469727,1.4900000095367432,1.350000023841858,1.3799999952316284,255200,0.0,0.0
2022-05-10 00:00:00-04:00,1.409999966621399,1.4290000200271606,1.3600000143051147,1.409999966621399,109800,0.0,0.0
2022-05-11 00:00:00-04:00,1.409999966621399,1.409999966621399,1.3600000143051147,1.3799999952316284,173500,0.0,0.0
2022-05-12 00:00:00-04:00,1.3600000143051147,1.3730000257492065,1.2000000476837158,1.350000023841858,131800,0.0,0.0
2022-05-13 00:00:00-04:00,1.3300000429153442,1.399999976158142,1.3300000429153442,1.350000023841858,99500,0.0,0.0
2022-05-16 00:00:00-04:00,1.3600000143051147,1.409999966621399,1.3300000429153442,1.3700000047683716,79000,0.0,0.0
2022-05-17 00:00:00-04:00,1.350000023841858,1.399999976158142,1.350000023841858,1.3990000486373901,35200,0.0,0.0
2022-05-18 00:00:00-04:00,1.3700000047683716,1.409999966621399,1.350000023841858,1.3600000143051147,25600,0.0,0.0
2022-05-19 00:00:00-04:00,1.350000023841858,1.399999976158142,1.350000023841858,1.3799999952316284,27100,0.0,0.0
2022-05-20 00:00:00-04:00,1.3700000047683716,1.399999976158142,1.3600000143051147,1.3700000047683716,32700,0.0,0.0
2022-05-23 00:00:00-04:00,1.3899999856948853,1.440000057220459,1.3760000467300415,1.4299999475479126,106200,0.0,0.0
2022-05-24 00:00:00-04:00,1.340000033378601,1.4299999475479126,1.340000033378601,1.4299999475479126,57000,0.0,0.0
2022-05-25 00:00:00-04:00,1.4709999561309814,1.4950000047683716,1.399999976158142,1.4900000095367432,120400,0.0,0.0
2022-05-26 00:00:00-04:00,1.4800000190734863,1.5,1.399999976158142,1.4500000476837158,137400,0.0,0.0
2022-05-27 00:00:00-04:00,1.5,1.5,1.4500000476837158,1.4889999628067017,147400,0.0,0.0
2022-05-31 00:00:00-04:00,1.4900000095367432,1.5299999713897705,1.440000057220459,1.5299999713897705,73000,0.0,0.0
2022-06-01 00:00:00-04:00,1.5199999809265137,1.5399999618530273,1.4500000476837158,1.5089999437332153,60500,0.0,0.0
2022-06-02 00:00:00-04:00,1.4900000095367432,1.649999976158142,1.4600000381469727,1.5399999618530273,420600,0.0,0.0
2022-06-03 00:00:00-04:00,1.5700000524520874,1.5700000524520874,1.5199999809265137,1.5499999523162842,36400,0.0,0.0
2022-06-06 00:00:00-04:00,1.5499999523162842,1.5700000524520874,1.5099999904632568,1.5399999618530273,77200,0.0,0.0
2022-06-07 00:00:00-04:00,1.5099999904632568,1.5800000429153442,1.4900000095367432,1.5299999713897705,205700,0.0,0.0
2022-06-08 00:00:00-04:00,1.5299999713897705,1.5800000429153442,1.5119999647140503,1.5700000524520874,76300,0.0,0.0
2022-06-09 00:00:00-04:00,1.5399999618530273,1.5640000104904175,1.5089999437332153,1.5399999618530273,49800,0.0,0.0
2022-06-10 00:00:00-04:00,1.5099999904632568,1.5099999904632568,1.468999981880188,1.4800000190734863,53900,0.0,0.0
2022-06-13 00:00:00-04:00,1.4199999570846558,1.4600000381469727,1.399999976158142,1.409999966621399,102400,0.0,0.0
2022-06-14 00:00:00-04:00,1.4299999475479126,1.4600000381469727,1.3600000143051147,1.3700000047683716,50800,0.0,0.0
2022-06-15 00:00:00-04:00,1.3600000143051147,1.4500000476837158,1.3600000143051147,1.399999976158142,29700,0.0,0.0
2022-06-16 00:00:00-04:00,1.340000033378601,1.4249999523162842,1.340000033378601,1.409999966621399,58500,0.0,0.0
2022-06-17 00:00:00-04:00,1.4199999570846558,1.4559999704360962,1.375,1.409999966621399,45200,0.0,0.0
2022-06-21 00:00:00-04:00,1.3799999952316284,1.440000057220459,1.3799999952316284,1.409999966621399,72100,0.0,0.0
2022-06-22 00:00:00-04:00,1.3799999952316284,1.4199999570846558,1.3700000047683716,1.409999966621399,41000,0.0,0.0
2022-06-23 00:00:00-04:00,1.4160000085830688,1.434999942779541,1.409999966621399,1.409999966621399,36200,0.0,0.0
2022-06-24 00:00:00-04:00,1.4500000476837158,1.4500000476837158,1.409999966621399,1.440000057220459,52200,0.0,0.0
2022-06-27 00:00:00-04:00,1.4299999475479126,1.4950000047683716,1.4199999570846558,1.4299999475479126,44000,0.0,0.0
2022-06-28 00:00:00-04:00,1.4199999570846558,1.4500000476837158,1.399999976158142,1.409999966621399,75400,0.0,0.0
2022-06-29 00:00:00-04:00,1.4199999570846558,1.4220000505447388,1.3899999856948853,1.409999966621399,64300,0.0,0.0
2022-06-30 00:00:00-04:00,1.409999966621399,1.440000057220459,1.399999976158142,1.4299999475479126,43200,0.0,0.0
2022-07-01 00:00:00-04:00,1.4199999570846558,1.4900000095367432,1.4199999570846558,1.4199999570846558,69600,0.0,0.0
2022-07-05 00:00:00-04:00,1.4299999475479126,1.5010000467300415,1.4199999570846558,1.4600000381469727,36100,0.0,0.0
2022-07-06 00:00:00-04:00,1.5,1.5299999713897705,1.4800000190734863,1.5,23700,0.0,0.0
2022-07-07 00:00:00-04:00,1.4800000190734863,1.559999942779541,1.4800000190734863,1.5199999809265137,38500,0.0,0.0
2022-07-08 00:00:00-04:00,1.5,1.5499999523162842,1.5,1.5399999618530273,25100,0.0,0.0
2022-07-11 00:00:00-04:00,1.4900000095367432,1.524999976158142,1.4800000190734863,1.4900000095367432,22400,0.0,0.0
2022-07-12 00:00:00-04:00,1.4700000286102295,1.5700000524520874,1.4700000286102295,1.5399999618530273,81300,0.0,0.0
2022-07-13 00:00:00-04:00,1.5099999904632568,1.5800000429153442,1.4900000095367432,1.5399999618530273,75400,0.0,0.0
2022-07-14 00:00:00-04:00,1.562999963760376,1.562999963760376,1.4709999561309814,1.4889999628067017,55600,0.0,0.0
2022-07-15 00:00:00-04:00,1.4900000095367432,1.531000018119812,1.4809999465942383,1.524999976158142,76600,0.0,0.0
2022-07-18 00:00:00-04:00,1.5,1.5499999523162842,1.5,1.5499999523162842,29200,0.0,0.0
2022-07-19 00:00:00-04:00,1.5,1.5499999523162842,1.5,1.5099999904632568,35400,0.0,0.0
2022-07-20 00:00:00-04:00,1.4900000095367432,1.5499999523162842,1.4900000095367432,1.5199999809265137,51600,0.0,0.0
2022-07-21 00:00:00-04:00,1.524999976158142,1.6050000190734863,1.5099999904632568,1.559999942779541,76200,0.0,0.0
2022-07-22 00:00:00-04:00,1.5499999523162842,1.6100000143051147,1.5499999523162842,1.5800000429153442,54700,0.0,0.0
2022-07-25 00:00:00-04:00,1.6299999952316284,1.7100000381469727,1.600000023841858,1.6100000143051147,437700,0.0,0.0
2022-07-26 00:00:00-04:00,1.6299999952316284,1.6399999856948853,1.590000033378601,1.590000033378601,105700,0.0,0.0
2022-07-27 00:00:00-04:00,1.590000033378601,1.6260000467300415,1.5800000429153442,1.5800000429153442,63500,0.0,0.0
2022-07-28 00:00:00-04:00,1.5800000429153442,1.6200000047683716,1.559999942779541,1.5700000524520874,84300,0.0,0.0
2022-07-29 00:00:00-04:00,1.5700000524520874,1.600000023841858,1.5,1.600000023841858,131500,0.0,0.0
2022-08-01 00:00:00-04:00,1.600000023841858,1.649999976158142,1.5199999809265137,1.559999942779541,164400,0.0,0.0
2022-08-02 00:00:00-04:00,1.5700000524520874,1.5800000429153442,1.5499999523162842,1.5800000429153442,37800,0.0,0.0
2022-08-03 00:00:00-04:00,1.5800000429153442,1.600000023841858,1.559999942779541,1.590000033378601,91800,0.0,0.0
2022-08-04 00:00:00-04:00,1.600000023841858,1.6399999856948853,1.593999981880188,1.6200000047683716,59500,0.0,0.0
2022-08-05 00:00:00-04:00,1.5800000429153442,1.6100000143051147,1.5,1.5399999618530273,103600,0.0,0.0
2022-08-08 00:00:00-04:00,1.600000023841858,1.600000023841858,1.5399999618530273,1.5499999523162842,35800,0.0,0.0
2022-08-09 00:00:00-04:00,1.5399999618530273,1.5800000429153442,1.5399999618530273,1.5499999523162842,250400,0.0,0.0
2022-08-10 00:00:00-04:00,1.5399999618530273,1.5800000429153442,1.5399999618530273,1.559999942779541,42800,0.0,0.0
2022-08-11 00:00:00-04:00,1.5499999523162842,1.5800000429153442,1.5499999523162842,1.5700000524520874,41800,0.0,0.0
2022-08-12 00:00:00-04:00,1.559999942779541,1.5950000286102295,1.5499999523162842,1.5700000524520874,60000,0.0,0.0
2022-08-15 00:00:00-04:00,1.5499999523162842,1.5800000429153442,1.5499999523162842,1.5700000524520874,39900,0.0,0.0
2022-08-16 00:00:00-04:00,1.5700000524520874,1.5700000524520874,1.5399999618530273,1.5399999618530273,87900,0.0,0.0
2022-08-17 00:00:00-04:00,1.5499999523162842,1.5700000524520874,1.5199999809265137,1.5399999618530273,46800,0.0,0.0
2022-08-18 00:00:00-04:00,1.5199999809265137,1.5399999618530273,1.5099999904632568,1.5299999713897705,28500,0.0,0.0
2022-08-19 00:00:00-04:00,1.5,1.5299999713897705,1.5,1.5299999713897705,35900,0.0,0.0
2022-08-22 00:00:00-04:00,1.5,1.531000018119812,1.4500000476837158,1.4900000095367432,80800,0.0,0.0
2022-08-23 00:00:00-04:00,1.4700000286102295,1.5,1.409999966621399,1.4789999723434448,160600,0.0,0.0
2022-08-24 00:00:00-04:00,1.4900000095367432,1.5,1.4700000286102295,1.4780000448226929,29800,0.0,0.0
2022-08-25 00:00:00-04:00,1.5,1.5,1.440000057220459,1.4500000476837158,76200,0.0,0.0
2022-08-26 00:00:00-04:00,1.4700000286102295,1.4830000400543213,1.4500000476837158,1.4600000381469727,30000,0.0,0.0
2022-08-29 00:00:00-04:00,1.4299999475479126,1.5,1.4299999475479126,1.4700000286102295,146700,0.0,0.0
2022-08-30 00:00:00-04:00,1.5,1.590000033378601,1.4700000286102295,1.562000036239624,802400,0.0,0.0
2022-08-31 00:00:00-04:00,1.5399999618530273,1.565999984741211,1.5,1.5,149300,0.0,0.0
2022-09-01 00:00:00-04:00,1.5,1.5,1.4199999570846558,1.4500000476837158,108200,0.0,0.0
2022-09-02 00:00:00-04:00,1.4600000381469727,1.4800000190734863,1.409999966621399,1.409999966621399,63500,0.0,0.0
2022-09-06 00:00:00-04:00,1.409999966621399,1.434999942779541,1.3799999952316284,1.409999966621399,142800,0.0,0.0
2022-09-07 00:00:00-04:00,1.3799999952316284,1.4299999475479126,1.3700000047683716,1.409999966621399,52200,0.0,0.0
2022-09-08 00:00:00-04:00,1.3899999856948853,1.409999966621399,1.3700000047683716,1.3990000486373901,70700,0.0,0.0
2022-09-09 00:00:00-04:00,1.3899999856948853,1.409999966621399,1.3229999542236328,1.340000033378601,129700,0.0,0.0
2022-09-12 00:00:00-04:00,1.3700000047683716,1.3799999952316284,1.3300000429153442,1.340000033378601,43200,0.0,0.0
2022-09-13 00:00:00-04:00,1.340000033378601,1.3480000495910645,1.2799999713897705,1.2999999523162842,142700,0.0,0.0
2022-09-14 00:00:00-04:00,1.3300000429153442,1.3480000495910645,1.2999999523162842,1.309999942779541,19700,0.0,0.0
2022-09-15 00:00:00-04:00,1.3200000524520874,1.3380000591278076,1.2899999618530273,1.2999999523162842,76300,0.0,0.0
2022-09-16 00:00:00-04:00,1.2799999713897705,1.3600000143051147,1.2599999904632568,1.340000033378601,97600,0.0,0.0
2022-09-19 00:00:00-04:00,1.3300000429153442,1.340000033378601,1.2799999713897705,1.2799999713897705,38800,0.0,0.0
2022-09-20 00:00:00-04:00,1.2599999904632568,1.3200000524520874,1.2599999904632568,1.2799999713897705,27100,0.0,0.0
2022-09-21 00:00:00-04:00,1.2599999904632568,1.2899999618530273,1.25,1.2599999904632568,71900,0.0,0.0
2022-09-22 00:00:00-04:00,1.25,1.25,1.2139999866485596,1.2200000286102295,92000,0.0,0.0
2022-09-23 00:00:00-04:00,1.2000000476837158,1.2300000190734863,1.1799999475479126,1.2000000476837158,70400,0.0,0.0
2022-09-26 00:00:00-04:00,1.2000000476837158,1.2200000286102295,1.159999966621399,1.1799999475479126,40200,0.0,0.0
2022-09-27 00:00:00-04:00,1.190000057220459,1.2100000381469727,1.149999976158142,1.159999966621399,59900,0.0,0.0
2022-09-28 00:00:00-04:00,1.149999976158142,1.190000057220459,1.1399999856948853,1.1699999570846558,105300,0.0,0.0
2022-09-29 00:00:00-04:00,1.159999966621399,1.184999942779541,1.1519999504089355,1.1770000457763672,17500,0.0,0.0
2022-09-30 00:00:00-04:00,1.159999966621399,1.2109999656677246,1.159999966621399,1.1699999570846558,16200,0.0,0.0
2022-10-03 00:00:00-04:00,1.1799999475479126,1.2200000286102295,1.1699999570846558,1.2050000429153442,42500,0.0,0.0
2022-10-04 00:00:00-04:00,1.2400000095367432,1.2400000095367432,1.2200000286102295,1.2200000286102295,36100,0.0,0.0
2022-10-05 00:00:00-04:00,1.2000000476837158,1.2400000095367432,1.190000057220459,1.2100000381469727,58000,0.0,0.0
2022-10-06 00:00:00-04:00,1.2400000095367432,1.2400000095367432,1.2070000171661377,1.215000033378601,16200,0.0,0.0
2022-10-07 00:00:00-04:00,1.2100000381469727,1.2100000381469727,1.1749999523162842,1.1799999475479126,27200,0.0,0.0
2022-10-10 00:00:00-04:00,1.1699999570846558,1.2000000476837158,1.149999976158142,1.1699999570846558,26900,0.0,0.0
2022-10-11 00:00:00-04:00,1.159999966621399,1.187999963760376,1.1299999952316284,1.1299999952316284,31300,0.0,0.0
2022-10-12 00:00:00-04:00,1.1399999856948853,1.1399999856948853,1.1200000047683716,1.1299999952316284,52800,0.0,0.0
2022-10-13 00:00:00-04:00,1.1299999952316284,1.159999966621399,1.1100000143051147,1.1399999856948853,54700,0.0,0.0
2022-10-14 00:00:00-04:00,1.1399999856948853,1.149999976158142,1.1100000143051147,1.1200000047683716,15100,0.0,0.0
2022-10-17 00:00:00-04:00,1.1200000047683716,1.159999966621399,1.1200000047683716,1.1299999952316284,80400,0.0,0.0
2022-10-18 00:00:00-04:00,1.149999976158142,1.1799999475479126,1.1399999856948853,1.159999966621399,43200,0.0,0.0
2022-10-19 00:00:00-04:00,1.2000000476837158,1.2000000476837158,1.149999976158142,1.149999976158142,27300,0.0,0.0
2022-10-20 00:00:00-04:00,1.149999976158142,1.190000057220459,1.149999976158142,1.1679999828338623,19200,0.0,0.0
2022-10-21 00:00:00-04:00,1.1679999828338623,1.1799999475479126,1.1399999856948853,1.149999976158142,33600,0.0,0.0
2022-10-24 00:00:00-04:00,1.1399999856948853,1.1749999523162842,1.1299999952316284,1.159999966621399,42700,0.0,0.0
2022-10-25 00:00:00-04:00,1.1699999570846558,1.2380000352859497,1.1699999570846558,1.2100000381469727,98900,0.0,0.0
2022-10-26 00:00:00-04:00,1.2200000286102295,1.2300000190734863,1.149999976158142,1.159999966621399,54400,0.0,0.0
2022-10-27 00:00:00-04:00,1.149999976158142,1.2100000381469727,1.149999976158142,1.190000057220459,64200,0.0,0.0
2022-10-28 00:00:00-04:00,1.2100000381469727,1.2200000286102295,1.159999966621399,1.1790000200271606,42200,0.0,0.0
2022-10-31 00:00:00-04:00,1.1799999475479126,1.2100000381469727,1.159999966621399,1.159999966621399,31300,0.0,0.0
2022-11-01 00:00:00-04:00,1.190999984741211,1.2200000286102295,1.1799999475479126,1.2089999914169312,92300,0.0,0.0
2022-11-02 00:00:00-04:00,1.2100000381469727,1.2100000381469727,1.1399999856948853,1.159999966621399,44800,0.0,0.0
2022-11-03 00:00:00-04:00,1.1399999856948853,1.2899999618530273,1.1399999856948853,1.25,118400,0.0,0.0
2022-11-04 00:00:00-04:00,1.2899999618530273,1.2899999618530273,1.2300000190734863,1.2400000095367432,50400,0.0,0.0
2022-11-07 00:00:00-05:00,1.2899999618530273,1.2999999523162842,1.2599999904632568,1.2799999713897705,71500,0.0,0.0
2022-11-08 00:00:00-05:00,1.2999999523162842,1.2999999523162842,1.2699999809265137,1.2979999780654907,40000,0.0,0.0
2022-11-09 00:00:00-05:00,1.2999999523162842,1.2999999523162842,1.225000023841858,1.246999979019165,52900,0.0,0.0
2022-11-10 00:00:00-05:00,1.2899999618530273,1.2999999523162842,1.25,1.2999999523162842,42700,0.0,0.0
2022-11-11 00:00:00-05:00,1.2699999809265137,1.2999999523162842,1.2200000286102295,1.2599999904632568,69600,0.0,0.0
2022-11-14 00:00:00-05:00,1.2799999713897705,1.2999999523162842,1.2599999904632568,1.2799999713897705,34500,0.0,0.0
2022-11-15 00:00:00-05:00,1.2999999523162842,1.2999999523162842,1.2699999809265137,1.284999966621399,49200,0.0,0.0
2022-11-16 00:00:00-05:00,1.2899999618530273,1.2999999523162842,1.25,1.2699999809265137,38000,0.0,0.0
2022-11-17 00:00:00-05:00,1.25,1.2899999618530273,1.2400000095367432,1.25,29900,0.0,0.0
2022-11-18 00:00:00-05:00,1.2599999904632568,1.2999999523162842,1.2580000162124634,1.2699999809265137,39400,0.0,0.0
2022-11-21 00:00:00-05:00,1.350000023841858,1.3700000047683716,1.2999999523162842,1.3200000524520874,229800,0.0,0.0
2022-11-22 00:00:00-05:00,1.3300000429153442,1.350000023841858,1.2999999523162842,1.3200000524520874,95600,0.0,0.0
2022-11-23 00:00:00-05:00,1.309999942779541,1.350000023841858,1.309999942779541,1.340000033378601,75500,0.0,0.0
2022-11-25 00:00:00-05:00,1.340000033378601,1.440000057220459,1.340000033378601,1.399999976158142,41300,0.0,0.0
2022-11-28 00:00:00-05:00,1.4199999570846558,1.4199999570846558,1.3300000429153442,1.3300000429153442,77100,0.0,0.0
2022-11-29 00:00:00-05:00,1.350000023841858,1.3799999952316284,1.3459999561309814,1.3600000143051147,27000,0.0,0.0
2022-11-30 00:00:00-05:00,1.350000023841858,1.3899999856948853,1.350000023841858,1.3899999856948853,38000,0.0,0.0
2022-12-01 00:00:00-05:00,1.4500000476837158,1.4500000476837158,0.9070000052452087,0.9800000190734863,601100,0.0,0.0
2022-12-02 00:00:00-05:00,1.0399999618530273,1.0399999618530273,0.8799999952316284,0.9700000286102295,720400,0.0,0.0
2022-12-05 00:00:00-05:00,0.9800000190734863,0.9800000190734863,0.9229999780654907,0.9679999947547913,242000,0.0,0.0
2022-12-06 00:00:00-05:00,0.9900000095367432,1.100000023841858,0.8999999761581421,0.9110000133514404,301600,0.0,0.0
2022-12-07 00:00:00-05:00,0.9300000071525574,0.9599999785423279,0.9100000262260437,0.9100000262260437,117600,0.0,0.0
2022-12-08 00:00:00-05:00,0.949999988079071,1.090000033378601,0.949999988079071,1.0019999742507935,108900,0.0,0.0
2022-12-09 00:00:00-05:00,1.0199999809265137,1.090000033378601,1.0,1.0299999713897705,61400,0.0,0.0
2022-12-12 00:00:00-05:00,1.0299999713897705,1.090000033378601,1.0199999809265137,1.0499999523162842,55700,0.0,0.0
2022-12-13 00:00:00-05:00,1.0800000429153442,1.0889999866485596,1.0499999523162842,1.0499999523162842,72100,0.0,0.0
2022-12-14 00:00:00-05:00,1.0700000524520874,1.100000023841858,1.0299999713897705,1.0299999713897705,92600,0.0,0.0
2022-12-15 00:00:00-05:00,1.0199999809265137,1.0800000429153442,1.003000020980835,1.0199999809265137,68600,0.0,0.0
2022-12-16 00:00:00-05:00,1.0099999904632568,1.0180000066757202,1.0,1.0,44000,0.0,0.0
2022-12-19 00:00:00-05:00,1.0,1.0290000438690186,0.9599999785423279,0.9760000109672546,97000,0.0,0.0
2022-12-20 00:00:00-05:00,0.9810000061988831,1.0,0.949999988079071,0.949999988079071,106500,0.0,0.0
2022-12-21 00:00:00-05:00,0.949999988079071,1.0099999904632568,0.949999988079071,0.9900000095367432,91900,0.0,0.0
2022-12-22 00:00:00-05:00,0.9599999785423279,1.0399999618530273,0.9580000042915344,0.9670000076293945,70500,0.0,0.0
2022-12-23 00:00:00-05:00,0.9380000233650208,1.0399999618530273,0.9380000233650208,1.0199999809265137,38400,0.0,0.0
2022-12-27 00:00:00-05:00,1.0099999904632568,1.0499999523162842,1.0,1.0,62500,0.0,0.0
2022-12-28 00:00:00-05:00,0.9800000190734863,1.0,0.9800000190734863,0.9919999837875366,57100,0.0,0.0
2022-12-29 00:00:00-05:00,0.9919999837875366,1.024999976158142,0.9919999837875366,1.0199999809265137,76500,0.0,0.0
2022-12-30 00:00:00-05:00,0.9810000061988831,1.059999942779541,0.9810000061988831,1.0499999523162842,123700,0.0,0.0
2023-01-03 00:00:00-05:00,1.059999942779541,1.1050000190734863,1.059999942779541,1.100000023841858,31400,0.0,0.0
2023-01-04 00:00:00-05:00,1.100000023841858,1.1699999570846558,1.0750000476837158,1.149999976158142,50600,0.0,0.0
2023-01-05 00:00:00-05:00,1.159999966621399,1.2100000381469727,1.1480000019073486,1.2000000476837158,79700,0.0,0.0
2023-01-06 00:00:00-05:00,1.1699999570846558,1.2200000286102295,1.1100000143051147,1.2000000476837158,122700,0.0,0.0
2023-01-09 00:00:00-05:00,1.2300000190734863,1.2400000095367432,1.1699999570846558,1.1699999570846558,66300,0.0,0.0
2023-01-10 00:00:00-05:00,1.1799999475479126,1.2300000190734863,1.1799999475479126,1.2300000190734863,93400,0.0,0.0
2023-01-11 00:00:00-05:00,1.2300000190734863,1.2400000095367432,1.159999966621399,1.159999966621399,51800,0.0,0.0
2023-01-12 00:00:00-05:00,1.1399999856948853,1.2000000476837158,1.121000051498413,1.1799999475479126,36100,0.0,0.0
2023-01-13 00:00:00-05:00,1.190000057220459,1.2300000190734863,1.190000057220459,1.2200000286102295,70100,0.0,0.0
2023-01-17 00:00:00-05:00,1.2100000381469727,1.2100000381469727,1.1699999570846558,1.1799999475479126,91800,0.0,0.0
2023-01-18 00:00:00-05:00,1.1699999570846558,1.2200000286102295,1.149999976158142,1.149999976158142,37400,0.0,0.0
2023-01-19 00:00:00-05:00,1.149999976158142,1.2300000190734863,1.149999976158142,1.190000057220459,31300,0.0,0.0
2023-01-20 00:00:00-05:00,1.2000000476837158,1.2300000190734863,1.1640000343322754,1.1640000343322754,51700,0.0,0.0
2023-01-23 00:00:00-05:00,1.190000057220459,1.2100000381469727,1.149999976158142,1.1799999475479126,85200,0.0,0.0
2023-01-24 00:00:00-05:00,1.1699999570846558,1.2300000190734863,1.159999966621399,1.2300000190734863,117200,0.0,0.0
2023-01-25 00:00:00-05:00,1.2100000381469727,1.25,1.190000057220459,1.2000000476837158,165400,0.0,0.0
2023-01-26 00:00:00-05:00,1.1699999570846558,1.2109999656677246,1.159999966621399,1.1619999408721924,57500,0.0,0.0
2023-01-27 00:00:00-05:00,1.1699999570846558,1.2100000381469727,1.1699999570846558,1.190000057220459,21600,0.0,0.0
2023-01-30 00:00:00-05:00,1.1699999570846558,1.215000033378601,1.1699999570846558,1.190000057220459,41500,0.0,0.0
2023-01-31 00:00:00-05:00,1.2200000286102295,1.340000033378601,1.2100000381469727,1.2200000286102295,678100,0.0,0.0
2023-02-01 00:00:00-05:00,1.25,1.309999942779541,1.2100000381469727,1.2400000095367432,528000,0.0,0.0
2023-02-02 00:00:00-05:00,1.2400000095367432,1.2799999713897705,1.190000057220459,1.2400000095367432,202500,0.0,0.0
2023-02-03 00:00:00-05:00,1.2200000286102295,1.2799999713897705,1.2130000591278076,1.2699999809265137,36200,0.0,0.0
2023-02-06 00:00:00-05:00,1.2599999904632568,1.2799999713897705,1.25,1.2599999904632568,81100,0.0,0.0
2023-02-07 00:00:00-05:00,1.2699999809265137,1.3700000047683716,1.2400000095367432,1.350000023841858,148000,0.0,0.0
2023-02-08 00:00:00-05:00,1.3799999952316284,1.3799999952316284,1.25,1.309999942779541,95200,0.0,0.0
2023-02-09 00:00:00-05:00,1.2999999523162842,1.3799999952316284,1.2999999523162842,1.3799999952316284,75200,0.0,0.0
2023-02-10 00:00:00-05:00,1.3680000305175781,1.3799999952316284,1.3320000171661377,1.3320000171661377,95700,0.0,0.0
2023-02-13 00:00:00-05:00,1.340000033378601,1.340000033378601,1.3170000314712524,1.3179999589920044,13500,0.0,0.0
2023-02-14 00:00:00-05:00,1.2599999904632568,1.409999966621399,1.2599999904632568,1.3600000143051147,49100,0.0,0.0
2023-02-15 00:00:00-05:00,1.2899999618530273,1.4190000295639038,1.2899999618530273,1.3980000019073486,72900,0.0,0.0
2023-02-16 00:00:00-05:00,1.3899999856948853,1.4700000286102295,1.3700000047683716,1.440000057220459,55300,0.0,0.0
2023-02-17 00:00:00-05:00,1.4600000381469727,1.4900000095367432,1.4199999570846558,1.4800000190734863,99500,0.0,0.0
2023-02-21 00:00:00-05:00,1.4900000095367432,1.4900000095367432,1.4299999475479126,1.4299999475479126,70000,0.0,0.0
2023-02-22 00:00:00-05:00,1.399999976158142,1.4609999656677246,1.399999976158142,1.4299999475479126,47900,0.0,0.0
2023-02-23 00:00:00-05:00,1.409999966621399,1.440000057220459,1.399999976158142,1.440000057220459,49500,0.0,0.0
2023-02-24 00:00:00-05:00,1.4199999570846558,1.4800000190734863,1.409999966621399,1.4500000476837158,66400,0.0,0.0
2023-02-27 00:00:00-05:00,1.4500000476837158,1.4600000381469727,1.4179999828338623,1.4500000476837158,51900,0.0,0.0
2023-02-28 00:00:00-05:00,1.4199999570846558,1.440000057220459,1.399999976158142,1.399999976158142,14800,0.0,0.0
2023-03-01 00:00:00-05:00,1.3700000047683716,1.3899999856948853,1.309999942779541,1.309999942779541,76700,0.0,0.0
2023-03-02 00:00:00-05:00,1.2899999618530273,1.3300000429153442,1.2899999618530273,1.3200000524520874,17500,0.0,0.0
2023-03-03 00:00:00-05:00,1.2999999523162842,1.3899999856948853,1.2999999523162842,1.3700000047683716,33500,0.0,0.0
2023-03-06 00:00:00-05:00,1.3799999952316284,1.3799999952316284,1.2799999713897705,1.2799999713897705,19900,0.0,0.0
2023-03-07 00:00:00-05:00,1.2599999904632568,1.274999976158142,1.2419999837875366,1.25,17700,0.0,0.0
2023-03-08 00:00:00-05:00,1.2300000190734863,1.340000033378601,1.2300000190734863,1.2899999618530273,25500,0.0,0.0
2023-03-09 00:00:00-05:00,1.309999942779541,1.409999966621399,1.2450000047683716,1.3700000047683716,193600,0.0,0.0
2023-03-10 00:00:00-05:00,1.3700000047683716,1.3799999952316284,1.2949999570846558,1.3200000524520874,32400,0.0,0.0
2023-03-13 00:00:00-04:00,1.2799999713897705,1.2999999523162842,1.190000057220459,1.25,27700,0.0,0.0
2023-03-14 00:00:00-04:00,1.2799999713897705,1.3200000524520874,1.2000000476837158,1.2799999713897705,66600,0.0,0.0
2023-03-15 00:00:00-04:00,1.2400000095367432,1.2400000095367432,1.1299999952316284,1.1699999570846558,95500,0.0,0.0
2023-03-16 00:00:00-04:00,1.159999966621399,1.2400000095367432,1.149999976158142,1.2400000095367432,62400,0.0,0.0
2023-03-17 00:00:00-04:00,1.2400000095367432,1.2400000095367432,1.149999976158142,1.190000057220459,90200,0.0,0.0
2023-03-20 00:00:00-04:00,1.159999966621399,1.2200000286102295,1.149999976158142,1.159999966621399,41400,0.0,0.0
2023-03-21 00:00:00-04:00,1.1799999475479126,1.1979999542236328,1.1519999504089355,1.1699999570846558,48400,0.0,0.0
2023-03-22 00:00:00-04:00,1.1699999570846558,1.1990000009536743,1.1319999694824219,1.1549999713897705,84800,0.0,0.0
2023-03-23 00:00:00-04:00,1.1200000047683716,1.2139999866485596,1.100000023841858,1.1699999570846558,24300,0.0,0.0
2023-03-24 00:00:00-04:00,1.2100000381469727,1.2100000381469727,1.1399999856948853,1.159999966621399,20100,0.0,0.0
2023-03-27 00:00:00-04:00,1.149999976158142,1.1699999570846558,1.1449999809265137,1.1449999809265137,8800,0.0,0.0
2023-03-28 00:00:00-04:00,1.1299999952316284,1.2200000286102295,1.1299999952316284,1.1399999856948853,30700,0.0,0.0
2023-03-29 00:00:00-04:00,1.1200000047683716,1.190000057220459,1.1200000047683716,1.159999966621399,21700,0.0,0.0
2023-03-30 00:00:00-04:00,1.1799999475479126,1.2000000476837158,1.1699999570846558,1.190000057220459,83200,0.0,0.0
2023-03-31 00:00:00-04:00,1.1699999570846558,1.2100000381469727,1.159999966621399,1.2050000429153442,67200,0.0,0.0
2023-04-03 00:00:00-04:00,1.2000000476837158,1.2300000190734863,1.1799999475479126,1.190000057220459,10800,0.0,0.0
2023-04-04 00:00:00-04:00,1.1799999475479126,1.2209999561309814,1.1799999475479126,1.2000000476837158,74100,0.0,0.0
2023-04-05 00:00:00-04:00,1.1699999570846558,1.190000057220459,1.149999976158142,1.149999976158142,22200,0.0,0.0
2023-04-06 00:00:00-04:00,1.1299999952316284,1.187999963760376,1.1299999952316284,1.159999966621399,16600,0.0,0.0
2023-04-10 00:00:00-04:00,1.1399999856948853,1.1579999923706055,1.1299999952316284,1.1299999952316284,36400,0.0,0.0
2023-04-11 00:00:00-04:00,1.1200000047683716,1.159999966621399,1.1200000047683716,1.1299999952316284,19400,0.0,0.0
2023-04-12 00:00:00-04:00,1.1390000581741333,1.1759999990463257,1.11899995803833,1.1460000276565552,39900,0.0,0.0
2023-04-13 00:00:00-04:00,1.1200000047683716,1.159999966621399,1.1200000047683716,1.1330000162124634,20100,0.0,0.0
2023-04-14 00:00:00-04:00,1.190000057220459,1.190000057220459,1.1200000047683716,1.1399999856948853,35700,0.0,0.0
2023-04-17 00:00:00-04:00,1.1699999570846558,1.1699999570846558,1.100000023841858,1.1200000047683716,34800,0.0,0.0
2023-04-18 00:00:00-04:00,1.1100000143051147,1.149999976158142,1.090000033378601,1.100000023841858,22700,0.0,0.0
2023-04-19 00:00:00-04:00,1.100000023841858,1.1200000047683716,1.0700000524520874,1.0700000524520874,12800,0.0,0.0
2023-04-20 00:00:00-04:00,1.090000033378601,1.1180000305175781,1.0800000429153442,1.100000023841858,13200,0.0,0.0
2023-04-21 00:00:00-04:00,1.100000023841858,1.149999976158142,1.090000033378601,1.1299999952316284,16900,0.0,0.0
2023-04-24 00:00:00-04:00,1.1299999952316284,1.1699999570846558,1.100000023841858,1.1299999952316284,33700,0.0,0.0
2023-04-25 00:00:00-04:00,1.090000033378601,1.100000023841858,1.0800000429153442,1.100000023841858,8400,0.0,0.0
2023-04-26 00:00:00-04:00,1.0800000429153442,1.097000002861023,1.0499999523162842,1.0499999523162842,12700,0.0,0.0
2023-04-27 00:00:00-04:00,1.0499999523162842,1.090000033378601,1.0499999523162842,1.0499999523162842,22000,0.0,0.0
2023-04-28 00:00:00-04:00,1.0499999523162842,1.0750000476837158,1.0,1.0,43600,0.0,0.0
2023-05-01 00:00:00-04:00,1.0099999904632568,1.0210000276565552,0.9599999785423279,0.9800000190734863,54700,0.0,0.0
2023-05-02 00:00:00-04:00,0.9800000190734863,1.0,0.9300000071525574,0.9580000042915344,40000,0.0,0.0
2023-05-03 00:00:00-04:00,0.9580000042915344,0.9789999723434448,0.890999972820282,0.9100000262260437,36300,0.0,0.0
2023-05-04 00:00:00-04:00,0.9300000071525574,0.9800000190734863,0.9300000071525574,0.9800000190734863,21200,0.0,0.0
2023-05-05 00:00:00-04:00,0.8999999761581421,1.0,0.8999999761581421,0.9950000047683716,15400,0.0,0.0
2023-05-08 00:00:00-04:00,0.9700000286102295,1.0,0.949999988079071,0.9509999752044678,16700,0.0,0.0
2023-05-09 00:00:00-04:00,0.9100000262260437,1.0,0.9100000262260437,0.9980000257492065,19300,0.0,0.0
2023-05-10 00:00:00-04:00,0.9700000286102295,0.9980000257492065,0.9350000023841858,0.9399999976158142,16500,0.0,0.0
2023-05-11 00:00:00-04:00,0.9639999866485596,1.0,0.9200000166893005,0.9639999866485596,21700,0.0,0.0
2023-05-12 00:00:00-04:00,0.9599999785423279,1.0,0.949999988079071,0.9599999785423279,40900,0.0,0.0
2023-05-15 00:00:00-04:00,0.949999988079071,1.0,0.949999988079071,0.9800000190734863,25300,0.0,0.0
2023-05-16 00:00:00-04:00,0.9789999723434448,1.0399999618530273,0.9789999723434448,1.0099999904632568,56000,0.0,0.0
2023-05-17 00:00:00-04:00,1.0499999523162842,1.0499999523162842,1.0199999809265137,1.0299999713897705,41600,0.0,0.0
2023-05-18 00:00:00-04:00,1.0199999809265137,1.0449999570846558,1.0099999904632568,1.0199999809265137,49300,0.0,0.0
2023-05-19 00:00:00-04:00,1.0199999809265137,1.0399999618530273,0.9670000076293945,1.0199999809265137,38400,0.0,0.0
2023-05-22 00:00:00-04:00,1.0199999809265137,1.0199999809265137,0.9800000190734863,1.0110000371932983,21600,0.0,0.0
2023-05-23 00:00:00-04:00,1.0399999618530273,1.100000023841858,0.996999979019165,1.100000023841858,41500,0.0,0.0
2023-05-24 00:00:00-04:00,1.090999960899353,1.1299999952316284,1.0700000524520874,1.100000023841858,45200,0.0,0.0
2023-05-25 00:00:00-04:00,1.1100000143051147,1.1260000467300415,1.0499999523162842,1.0499999523162842,14500,0.0,0.0
2023-05-26 00:00:00-04:00,1.0299999713897705,1.1100000143051147,1.0299999713897705,1.0499999523162842,43400,0.0,0.0
2023-05-30 00:00:00-04:00,1.0399999618530273,1.100000023841858,1.0399999618530273,1.059999942779541,35600,0.0,0.0
2023-05-31 00:00:00-04:00,1.059999942779541,1.100000023841858,1.0099999904632568,1.0299999713897705,31700,0.0,0.0
2023-06-01 00:00:00-04:00,1.0199999809265137,1.1100000143051147,1.0199999809265137,1.090000033378601,14800,0.0,0.0
2023-06-02 00:00:00-04:00,1.0800000429153442,1.1050000190734863,1.0499999523162842,1.0499999523162842,47400,0.0,0.0
2023-06-05 00:00:00-04:00,1.0499999523162842,1.100000023841858,1.0499999523162842,1.0499999523162842,56400,0.0,0.0
2023-06-06 00:00:00-04:00,1.0299999713897705,1.100000023841858,1.0299999713897705,1.0700000524520874,20200,0.0,0.0
2023-06-07 00:00:00-04:00,1.0800000429153442,1.100000023841858,1.0800000429153442,1.0800000429153442,23500,0.0,0.0
2023-06-08 00:00:00-04:00,1.0700000524520874,1.1100000143051147,1.059999942779541,1.0850000381469727,26700,0.0,0.0
2023-06-09 00:00:00-04:00,1.100000023841858,1.149999976158142,1.090000033378601,1.090000033378601,61800,0.0,0.0
2023-06-12 00:00:00-04:00,1.0700000524520874,1.149999976158142,1.0700000524520874,1.1399999856948853,42200,0.0,0.0
2023-06-13 00:00:00-04:00,1.1399999856948853,1.1699999570846558,1.1100000143051147,1.1100000143051147,63500,0.0,0.0
2023-06-14 00:00:00-04:00,1.100000023841858,1.1200000047683716,1.0700000524520874,1.0700000524520874,10700,0.0,0.0
2023-06-15 00:00:00-04:00,1.1119999885559082,1.1119999885559082,1.059999942779541,1.059999942779541,29800,0.0,0.0
2023-06-16 00:00:00-04:00,1.0499999523162842,1.1100000143051147,1.0499999523162842,1.059999942779541,31600,0.0,0.0
2023-06-20 00:00:00-04:00,1.059999942779541,1.1399999856948853,1.0499999523162842,1.0800000429153442,53600,0.0,0.0
2023-06-21 00:00:00-04:00,1.0700000524520874,1.1100000143051147,1.0700000524520874,1.100000023841858,15200,0.0,0.0
2023-06-22 00:00:00-04:00,1.100000023841858,1.1100000143051147,1.0800000429153442,1.100000023841858,13200,0.0,0.0
2023-06-23 00:00:00-04:00,1.0800000429153442,1.100000023841858,1.0499999523162842,1.0700000524520874,53800,0.0,0.0
2023-06-26 00:00:00-04:00,1.0499999523162842,1.090000033378601,1.0499999523162842,1.0700000524520874,7900,0.0,0.0
2023-06-27 00:00:00-04:00,1.059999942779541,1.0700000524520874,1.0399999618530273,1.059999942779541,5200,0.0,0.0
2023-06-28 00:00:00-04:00,1.059999942779541,1.0700000524520874,1.0399999618530273,1.0399999618530273,9700,0.0,0.0
2023-06-29 00:00:00-04:00,1.0299999713897705,1.0789999961853027,1.0299999713897705,1.0499999523162842,10600,0.0,0.0
2023-06-30 00:00:00-04:00,1.0299999713897705,1.0679999589920044,1.0099999904632568,1.0499999523162842,27300,0.0,0.0
2023-07-03 00:00:00-04:00,1.0399999618530273,1.059999942779541,1.0,1.059999942779541,7100,0.0,0.0
2023-07-05 00:00:00-04:00,1.0399999618530273,1.0499999523162842,1.0099999904632568,1.0299999713897705,20000,0.0,0.0
2023-07-06 00:00:00-04:00,1.0399999618530273,1.0570000410079956,1.0,1.0299999713897705,21900,0.0,0.0
2023-07-07 00:00:00-04:00,1.0199999809265137,1.0390000343322754,0.9800000190734863,1.0199999809265137,16700,0.0,0.0
2023-07-10 00:00:00-04:00,0.9900000095367432,1.0299999713897705,0.9599999785423279,0.9800000190734863,29300,0.0,0.0
2023-07-11 00:00:00-04:00,0.9800000190734863,1.0199999809265137,0.9700000286102295,0.9700000286102295,41200,0.0,0.0
2023-07-12 00:00:00-04:00,0.9700000286102295,1.0299999713897705,0.9700000286102295,1.0,9700,0.0,0.0
2023-07-13 00:00:00-04:00,1.0,1.0,0.9700000286102295,0.9750000238418579,16700,0.0,0.0
2023-07-14 00:00:00-04:00,0.9700000286102295,1.0,0.949999988079071,0.953000009059906,30400,0.0,0.0
2023-07-17 00:00:00-04:00,0.9509999752044678,0.9599999785423279,0.9399999976158142,0.9440000057220459,33400,0.0,0.0
2023-07-18 00:00:00-04:00,0.9300000071525574,0.9599999785423279,0.9300000071525574,0.9399999976158142,25200,0.0,0.0
2023-07-19 00:00:00-04:00,0.9300000071525574,0.9800000190734863,0.9300000071525574,0.9399999976158142,28700,0.0,0.0
2023-07-20 00:00:00-04:00,0.9359999895095825,0.9599999785423279,0.9300000071525574,0.9300000071525574,34900,0.0,0.0
2023-07-21 00:00:00-04:00,0.9290000200271606,0.9449999928474426,0.9269999861717224,0.9430000185966492,135300,0.0,0.0
2023-07-24 00:00:00-04:00,0.9279999732971191,0.9549999833106995,0.9279999732971191,0.9399999976158142,610400,0.0,0.0
2023-07-25 00:00:00-04:00,0.9399999976158142,0.9800000190734863,0.9200000166893005,0.9399999976158142,37500,0.0,0.0
2023-07-26 00:00:00-04:00,0.9399999976158142,0.9800000190734863,0.9300000071525574,0.9599999785423279,15200,0.0,0.0
2023-07-27 00:00:00-04:00,0.9700000286102295,0.9900000095367432,0.949999988079071,0.9750000238418579,15000,0.0,0.0
2023-07-28 00:00:00-04:00,0.9599999785423279,1.0,0.9340000152587891,0.9470000267028809,67900,0.0,0.0
2023-07-31 00:00:00-04:00,0.9300000071525574,0.984000027179718,0.921999990940094,0.9739999771118164,14500,0.0,0.0
2023-08-01 00:00:00-04:00,0.9300000071525574,0.9700000286102295,0.9169999957084656,0.9509999752044678,76600,0.0,0.0
2023-08-02 00:00:00-04:00,0.949999988079071,0.9890000224113464,0.9200000166893005,0.9800000190734863,70100,0.0,0.0
2023-08-03 00:00:00-04:00,0.9599999785423279,0.9860000014305115,0.9509999752044678,0.9700000286102295,7000,0.0,0.0
2023-08-04 00:00:00-04:00,0.949999988079071,0.9900000095367432,0.949999988079071,0.9729999899864197,54700,0.0,0.0
2023-08-07 00:00:00-04:00,0.9700000286102295,0.9900000095367432,0.9610000252723694,0.9700000286102295,7600,0.0,0.0
2023-08-08 00:00:00-04:00,0.9800000190734863,0.9800000190734863,0.9649999737739563,0.9649999737739563,16300,0.0,0.0
2023-08-09 00:00:00-04:00,0.9800000190734863,0.9800000190734863,0.949999988079071,0.9800000190734863,12300,0.0,0.0
2023-08-10 00:00:00-04:00,0.9800000190734863,0.9869999885559082,0.9169999957084656,0.9610000252723694,38500,0.0,0.0
2023-08-11 00:00:00-04:00,0.9800000190734863,1.0199999809265137,0.9599999785423279,1.0099999904632568,33800,0.0,0.0
2023-08-14 00:00:00-04:00,0.9399999976158142,1.0,0.9399999976158142,0.9800000190734863,46400,0.0,0.0
2023-08-15 00:00:00-04:00,1.0,1.0199999809265137,0.968999981880188,1.0,24800,0.0,0.0
2023-08-16 00:00:00-04:00,0.9900000095367432,1.0,0.9700000286102295,0.9879999756813049,183400,0.0,0.0
2023-08-17 00:00:00-04:00,0.9800000190734863,0.9800000190734863,0.8799999952316284,0.8999999761581421,118600,0.0,0.0
2023-08-18 00:00:00-04:00,0.8799999952316284,0.9150000214576721,0.8799999952316284,0.8799999952316284,36700,0.0,0.0
2023-08-21 00:00:00-04:00,0.8799999952316284,0.9259999990463257,0.8650000095367432,0.8790000081062317,13500,0.0,0.0
2023-08-22 00:00:00-04:00,0.8759999871253967,0.8759999871253967,0.8360000252723694,0.8600000143051147,67300,0.0,0.0
2023-08-23 00:00:00-04:00,0.8500000238418579,0.8700000047683716,0.8339999914169312,0.8600000143051147,53000,0.0,0.0
2023-08-24 00:00:00-04:00,0.8600000143051147,0.9100000262260437,0.8309999704360962,0.8769999742507935,42800,0.0,0.0
2023-08-25 00:00:00-04:00,0.8100000023841858,0.8700000047683716,0.8100000023841858,0.8500000238418579,41100,0.0,0.0
2023-08-28 00:00:00-04:00,0.8420000076293945,0.949999988079071,0.8420000076293945,0.9259999990463257,219300,0.0,0.0
2023-08-29 00:00:00-04:00,0.9449999928474426,1.0199999809265137,0.9449999928474426,1.0,54200,0.0,0.0
2023-08-30 00:00:00-04:00,0.9700000286102295,1.0800000429153442,0.9700000286102295,1.059999942779541,35000,0.0,0.0
2023-08-31 00:00:00-04:00,1.0709999799728394,1.0880000591278076,1.0299999713897705,1.0299999713897705,44200,0.0,0.0
2023-09-01 00:00:00-04:00,1.0,1.031999945640564,0.9800000190734863,0.9850000143051147,100400,0.0,0.0
2023-09-05 00:00:00-04:00,0.9599999785423279,0.9819999933242798,0.9459999799728394,0.949999988079071,35000,0.0,0.0
2023-09-06 00:00:00-04:00,0.9399999976158142,0.9449999928474426,0.8999999761581421,0.8999999761581421,25800,0.0,0.0
2023-09-07 00:00:00-04:00,0.8899999856948853,0.8999999761581421,0.8899999856948853,0.8899999856948853,7500,0.0,0.0
2023-09-08 00:00:00-04:00,0.8899999856948853,0.9200000166893005,0.8799999952316284,0.8899999856948853,29600,0.0,0.0
2023-09-11 00:00:00-04:00,0.8899999856948853,0.9240000247955322,0.8700000047683716,0.8700000047683716,28100,0.0,0.0
2023-09-12 00:00:00-04:00,0.8949999809265137,0.8999999761581421,0.8600000143051147,0.8650000095367432,29900,0.0,0.0
2023-09-13 00:00:00-04:00,0.8899999856948853,0.9399999976158142,0.8899999856948853,0.925000011920929,25200,0.0,0.0
2023-09-14 00:00:00-04:00,0.9399999976158142,0.949999988079071,0.8700000047683716,0.9190000295639038,21000,0.0,0.0
2023-09-15 00:00:00-04:00,0.8899999856948853,0.9100000262260437,0.8410000205039978,0.8410000205039978,70800,0.0,0.0
2023-09-18 00:00:00-04:00,0.8600000143051147,0.8999999761581421,0.8600000143051147,0.8849999904632568,25100,0.0,0.0
2023-09-19 00:00:00-04:00,0.8830000162124634,0.8859999775886536,0.8410000205039978,0.8859999775886536,42500,0.0,0.0
2023-09-20 00:00:00-04:00,0.8450000286102295,0.9049999713897705,0.8450000286102295,0.8650000095367432,12200,0.0,0.0
2023-09-21 00:00:00-04:00,0.8600000143051147,0.9100000262260437,0.8600000143051147,0.8889999985694885,22400,0.0,0.0
2023-09-22 00:00:00-04:00,0.8849999904632568,0.9300000071525574,0.8600000143051147,0.8600000143051147,34300,0.0,0.0
2023-09-25 00:00:00-04:00,0.8899999856948853,0.8899999856948853,0.8600000143051147,0.8600000143051147,33900,0.0,0.0
2023-09-26 00:00:00-04:00,0.8600000143051147,0.8840000033378601,0.8600000143051147,0.8799999952316284,34000,0.0,0.0
2023-09-27 00:00:00-04:00,0.8799999952316284,0.8830000162124634,0.8600000143051147,0.8650000095367432,34500,0.0,0.0
2023-09-28 00:00:00-04:00,0.8650000095367432,0.8899999856948853,0.8600000143051147,0.8600000143051147,37800,0.0,0.0
2023-09-29 00:00:00-04:00,0.8700000047683716,0.9100000262260437,0.8700000047683716,0.9079999923706055,43000,0.0,0.0
2023-10-02 00:00:00-04:00,0.8999999761581421,0.9100000262260437,0.8799999952316284,0.890999972820282,68300,0.0,0.0
2023-10-03 00:00:00-04:00,0.8899999856948853,0.9399999976158142,0.8610000014305115,0.8640000224113464,47100,0.0,0.0
2023-10-04 00:00:00-04:00,0.8999999761581421,0.9399999976158142,0.8700000047683716,0.8700000047683716,43200,0.0,0.0
2023-10-05 00:00:00-04:00,0.9449999928474426,0.9449999928474426,0.8700000047683716,0.8849999904632568,49900,0.0,0.0
2023-10-06 00:00:00-04:00,0.8980000019073486,0.8999999761581421,0.8799999952316284,0.8799999952316284,24300,0.0,0.0
2023-10-09 00:00:00-04:00,0.8500000238418579,0.9599999785423279,0.8500000238418579,0.9139999747276306,53900,0.0,0.0
2023-10-10 00:00:00-04:00,0.9139999747276306,0.9200000166893005,0.8600000143051147,0.8600000143051147,20500,0.0,0.0
2023-10-11 00:00:00-04:00,0.8420000076293945,0.8970000147819519,0.8420000076293945,0.8600000143051147,12700,0.0,0.0
2023-10-12 00:00:00-04:00,0.8500000238418579,0.8980000019073486,0.8500000238418579,0.8560000061988831,7000,0.0,0.0
2023-10-13 00:00:00-04:00,0.8880000114440918,0.8880000114440918,0.8550000190734863,0.8579999804496765,10900,0.0,0.0
2023-10-16 00:00:00-04:00,0.8600000143051147,0.9399999976158142,0.8600000143051147,0.875,7600,0.0,0.0
2023-10-17 00:00:00-04:00,0.8650000095367432,0.9380000233650208,0.8650000095367432,0.8999999761581421,12200,0.0,0.0
2023-10-18 00:00:00-04:00,0.8700000047683716,0.9300000071525574,0.8700000047683716,0.8700000047683716,4900,0.0,0.0
2023-10-19 00:00:00-04:00,0.8700000047683716,0.8700000047683716,0.8600000143051147,0.8700000047683716,21200,0.0,0.0
2023-10-20 00:00:00-04:00,0.8930000066757202,0.8970000147819519,0.8420000076293945,0.843999981880188,42200,0.0,0.0
2023-10-23 00:00:00-04:00,0.8399999737739563,0.8410000205039978,0.8100000023841858,0.8100000023841858,42300,0.0,0.0
2023-10-24 00:00:00-04:00,0.8149999976158142,0.8399999737739563,0.8050000071525574,0.824999988079071,12900,0.0,0.0
2023-10-25 00:00:00-04:00,0.824999988079071,0.8399999737739563,0.824999988079071,0.8299999833106995,14500,0.0,0.0
2023-10-26 00:00:00-04:00,0.824999988079071,0.8299999833106995,0.824999988079071,0.824999988079071,7800,0.0,0.0
2023-10-27 00:00:00-04:00,0.824999988079071,0.8349999785423279,0.824999988079071,0.8299999833106995,9700,0.0,0.0
2023-10-30 00:00:00-04:00,0.8299999833106995,0.8500000238418579,0.8299999833106995,0.8429999947547913,33400,0.0,0.0
2023-10-31 00:00:00-04:00,0.8399999737739563,0.8450000286102295,0.8399999737739563,0.8450000286102295,6300,0.0,0.0
2023-11-01 00:00:00-04:00,0.8450000286102295,0.8500000238418579,0.8450000286102295,0.8450000286102295,6400,0.0,0.0
2023-11-02 00:00:00-04:00,0.8140000104904175,0.847000002861023,0.8100000023841858,0.8349999785423279,15900,0.0,0.0
2023-11-03 00:00:00-04:00,0.8399999737739563,0.9300000071525574,0.8299999833106995,0.8999999761581421,77800,0.0,0.0
2023-11-06 00:00:00-05:00,0.8899999856948853,0.925000011920929,0.8500000238418579,0.8600000143051147,30000,0.0,0.0
2023-11-07 00:00:00-05:00,0.8500000238418579,0.949999988079071,0.8500000238418579,0.921999990940094,37700,0.0,0.0
2023-11-08 00:00:00-05:00,0.8899999856948853,0.9490000009536743,0.8899999856948853,0.9440000057220459,8200,0.0,0.0
2023-11-09 00:00:00-05:00,0.9200000166893005,0.9200000166893005,0.7900000214576721,0.8399999737739563,133700,0.0,0.0
2023-11-10 00:00:00-05:00,0.7599999904632568,0.8429999947547913,0.7599999904632568,0.8420000076293945,56700,0.0,0.0
2023-11-13 00:00:00-05:00,0.8100000023841858,0.8500000238418579,0.8100000023841858,0.8500000238418579,26400,0.0,0.0
2023-11-14 00:00:00-05:00,0.8299999833106995,0.8600000143051147,0.8299999833106995,0.8579999804496765,36500,0.0,0.0
2023-11-15 00:00:00-05:00,0.8399999737739563,0.8799999952316284,0.8399999737739563,0.8600000143051147,75900,0.0,0.0
2023-11-16 00:00:00-05:00,0.8299999833106995,0.8600000143051147,0.7699999809265137,0.8399999737739563,35600,0.0,0.0
2023-11-17 00:00:00-05:00,0.8119999766349792,0.8500000238418579,0.7799999713897705,0.8500000238418579,32200,0.0,0.0
2023-11-20 00:00:00-05:00,0.8399999737739563,0.8600000143051147,0.8299999833106995,0.8500000238418579,15900,0.0,0.0
2023-11-21 00:00:00-05:00,0.8399999737739563,0.8399999737739563,0.8199999928474426,0.8220000267028809,2400,0.0,0.0
2023-11-22 00:00:00-05:00,0.8009999990463257,0.8600000143051147,0.800000011920929,0.843999981880188,7100,0.0,0.0
2023-11-24 00:00:00-05:00,0.7900000214576721,0.824999988079071,0.7900000214576721,0.824999988079071,5500,0.0,0.0
2023-11-27 00:00:00-05:00,0.7900000214576721,0.8600000143051147,0.7900000214576721,0.8299999833106995,31400,0.0,0.0
2023-11-28 00:00:00-05:00,0.8399999737739563,0.8849999904632568,0.8399999737739563,0.878000020980835,28700,0.0,0.0
2023-11-29 00:00:00-05:00,0.8450000286102295,0.9100000262260437,0.8399999737739563,0.9100000262260437,87300,0.0,0.0
2023-11-30 00:00:00-05:00,0.8999999761581421,0.9100000262260437,0.8999999761581421,0.9100000262260437,43000,0.0,0.0
2023-12-01 00:00:00-05:00,0.8999999761581421,0.9100000262260437,0.8999999761581421,0.8999999761581421,22900,0.0,0.0
2023-12-04 00:00:00-05:00,0.9100000262260437,0.9200000166893005,0.8999999761581421,0.9200000166893005,50800,0.0,0.0
2023-12-05 00:00:00-05:00,0.8999999761581421,0.9300000071525574,0.8999999761581421,0.9300000071525574,24200,0.0,0.0
2023-12-06 00:00:00-05:00,0.9200000166893005,0.9300000071525574,0.9100000262260437,0.9200000166893005,11000,0.0,0.0
2023-12-07 00:00:00-05:00,0.9200000166893005,0.949999988079071,0.9190000295639038,0.949999988079071,44400,0.0,0.0
2023-12-08 00:00:00-05:00,0.949999988079071,0.9700000286102295,0.949999988079071,0.9649999737739563,19200,0.0,0.0
2023-12-11 00:00:00-05:00,0.949999988079071,1.0,0.949999988079071,0.9909999966621399,28800,0.0,0.0
2023-12-12 00:00:00-05:00,0.921999990940094,1.149999976158142,0.921999990940094,1.090000033378601,594800,0.0,0.0
2023-12-13 00:00:00-05:00,1.0800000429153442,1.4049999713897705,1.0800000429153442,1.399999976158142,498800,0.0,0.0
2023-12-14 00:00:00-05:00,1.399999976158142,1.4500000476837158,1.2599999904632568,1.3799999952316284,185800,0.0,0.0
2023-12-15 00:00:00-05:00,1.4700000286102295,1.4730000495910645,1.350000023841858,1.399999976158142,62600,0.0,0.0
2023-12-18 00:00:00-05:00,1.3600000143051147,1.3700000047683716,1.2710000276565552,1.309999942779541,47000,0.0,0.0
2023-12-19 00:00:00-05:00,1.3600000143051147,1.5,1.2799999713897705,1.4800000190734863,316900,0.0,0.0
2023-12-20 00:00:00-05:00,1.4700000286102295,1.4700000286102295,1.3309999704360962,1.3700000047683716,43400,0.0,0.0
2023-12-21 00:00:00-05:00,1.350000023841858,1.4479999542236328,1.3300000429153442,1.3600000143051147,22400,0.0,0.0
2023-12-22 00:00:00-05:00,1.3600000143051147,1.399999976158142,1.284999966621399,1.3799999952316284,45100,0.0,0.0
2023-12-26 00:00:00-05:00,1.2899999618530273,1.440000057220459,1.2899999618530273,1.406000018119812,115700,0.0,0.0
2023-12-27 00:00:00-05:00,1.440000057220459,1.4700000286102295,1.350000023841858,1.3700000047683716,60100,0.0,0.0
2023-12-28 00:00:00-05:00,1.2799999713897705,1.350000023841858,1.2599999904632568,1.2599999904632568,152700,0.0,0.0
2023-12-29 00:00:00-05:00,1.2599999904632568,1.2799999713897705,1.0,1.059999942779541,215400,0.0,0.0
2024-01-02 00:00:00-05:00,1.0,1.0800000429153442,1.0,1.0399999618530273,44500,0.0,0.0
2024-01-03 00:00:00-05:00,1.0299999713897705,1.2389999628067017,1.0299999713897705,1.1299999952316284,77400,0.0,0.0
2024-01-04 00:00:00-05:00,1.1100000143051147,1.1790000200271606,1.093999981880188,1.1100000143051147,16200,0.0,0.0
2024-01-05 00:00:00-05:00,1.090000033378601,1.1200000047683716,1.065999984741211,1.090000033378601,13500,0.0,0.0
2024-01-08 00:00:00-05:00,1.059999942779541,1.0989999771118164,1.0499999523162842,1.0499999523162842,15500,0.0,0.0
2024-01-09 00:00:00-05:00,1.0499999523162842,1.0700000524520874,1.0199999809265137,1.0299999713897705,18000,0.0,0.0
2024-01-10 00:00:00-05:00,1.024999976158142,1.024999976158142,1.0,1.0,26200,0.0,0.0
2024-01-11 00:00:00-05:00,1.0,1.0,0.9700000286102295,0.9800000190734863,26800,0.0,0.0
2024-01-12 00:00:00-05:00,0.949999988079071,1.059999942779541,0.949999988079071,0.9850000143051147,21400,0.0,0.0
2024-01-16 00:00:00-05:00,0.9850000143051147,0.9850000143051147,0.9200000166893005,0.9300000071525574,21400,0.0,0.0
2024-01-17 00:00:00-05:00,0.9150000214576721,0.9670000076293945,0.8730000257492065,0.8820000290870667,86400,0.0,0.0
2024-01-18 00:00:00-05:00,0.8700000047683716,0.9900000095367432,0.8700000047683716,0.9279999732971191,42300,0.0,0.0
2024-01-19 00:00:00-05:00,1.100000023841858,1.1699999570846558,1.0399999618530273,1.100000023841858,391700,0.0,0.0
2024-01-22 00:00:00-05:00,1.100000023841858,1.1699999570846558,1.059999942779541,1.1299999952316284,39300,0.0,0.0
2024-01-23 00:00:00-05:00,1.190000057220459,1.3700000047683716,1.1799999475479126,1.25,474400,0.0,0.0
2024-01-24 00:00:00-05:00,1.2400000095367432,1.2999999523162842,1.1299999952316284,1.1799999475479126,77200,0.0,0.0
2024-01-25 00:00:00-05:00,1.1799999475479126,1.2200000286102295,1.159999966621399,1.2000000476837158,14800,0.0,0.0
2024-01-26 00:00:00-05:00,1.149999976158142,1.1990000009536743,1.149999976158142,1.159999966621399,28400,0.0,0.0
2024-01-29 00:00:00-05:00,1.149999976158142,1.190000057220459,1.1200000047683716,1.1699999570846558,28700,0.0,0.0
2024-01-30 00:00:00-05:00,1.149999976158142,1.1799999475479126,1.0700000524520874,1.1100000143051147,77400,0.0,0.0
2024-01-31 00:00:00-05:00,1.1100000143051147,1.309999942779541,1.0989999771118164,1.1799999475479126,341400,0.0,0.0
2024-02-01 00:00:00-05:00,1.1699999570846558,1.2999999523162842,1.1699999570846558,1.2999999523162842,236900,0.0,0.0
2024-02-02 00:00:00-05:00,1.2899999618530273,1.340000033378601,1.2400000095367432,1.2699999809265137,77200,0.0,0.0
2024-02-05 00:00:00-05:00,1.3600000143051147,1.3600000143051147,1.2799999713897705,1.2799999713897705,49000,0.0,0.0
2024-02-06 00:00:00-05:00,1.2799999713897705,1.3279999494552612,1.2799999713897705,1.3279999494552612,15000,0.0,0.0
2024-02-07 00:00:00-05:00,1.3300000429153442,1.3300000429153442,1.2100000381469727,1.2100000381469727,49400,0.0,0.0
2024-02-08 00:00:00-05:00,1.2200000286102295,1.2599999904632568,1.2100000381469727,1.2100000381469727,10100,0.0,0.0
2024-02-09 00:00:00-05:00,1.2000000476837158,1.2400000095367432,1.1799999475479126,1.2200000286102295,18900,0.0,0.0
2024-02-12 00:00:00-05:00,1.2300000190734863,1.2300000190734863,1.1699999570846558,1.1699999570846558,25900,0.0,0.0
2024-02-13 00:00:00-05:00,1.1399999856948853,1.1649999618530273,1.0700000524520874,1.100000023841858,62900,0.0,0.0
2024-02-14 00:00:00-05:00,1.0800000429153442,1.1399999856948853,1.0800000429153442,1.1100000143051147,15600,0.0,0.0
2024-02-15 00:00:00-05:00,1.100000023841858,1.1260000467300415,1.0800000429153442,1.0850000381469727,6200,0.0,0.0
2024-02-16 00:00:00-05:00,1.0700000524520874,1.1200000047683716,1.059999942779541,1.0800000429153442,12200,0.0,0.0
2024-02-20 00:00:00-05:00,1.0499999523162842,1.0700000524520874,1.0299999713897705,1.0299999713897705,9300,0.0,0.0
2024-02-21 00:00:00-05:00,1.0499999523162842,1.059999942779541,1.0399999618530273,1.0499999523162842,7800,0.0,0.0
2024-02-22 00:00:00-05:00,1.0499999523162842,1.0800000429153442,1.0199999809265137,1.0399999618530273,19800,0.0,0.0
2024-02-23 00:00:00-05:00,1.0299999713897705,1.0800000429153442,1.0099999904632568,1.0299999713897705,15100,0.0,0.0
2024-02-26 00:00:00-05:00,1.0199999809265137,1.0299999713897705,0.9599999785423279,1.0099999904632568,87400,0.0,0.0
2024-02-27 00:00:00-05:00,1.0,1.0499999523162842,0.9700000286102295,1.0099999904632568,30800,0.0,0.0
2024-02-28 00:00:00-05:00,0.9700000286102295,1.059999942779541,0.949999988079071,0.9549999833106995,177700,0.0,0.0
2024-02-29 00:00:00-05:00,0.949999988079071,0.9900000095367432,0.9350000023841858,0.949999988079071,55200,0.0,0.0
2024-03-01 00:00:00-05:00,0.9700000286102295,0.9700000286102295,0.8899999856948853,0.8999999761581421,117300,0.0,0.0
2024-03-04 00:00:00-05:00,0.8899999856948853,0.9399999976158142,0.8899999856948853,0.9269999861717224,35300,0.0,0.0
2024-03-05 00:00:00-05:00,0.9399999976158142,0.9399999976158142,0.8899999856948853,0.9200000166893005,44400,0.0,0.0
2024-03-06 00:00:00-05:00,0.8999999761581421,0.9200000166893005,0.8849999904632568,0.9110000133514404,25800,0.0,0.0
2024-03-07 00:00:00-05:00,0.8999999761581421,0.9900000095367432,0.8999999761581421,0.9399999976158142,56700,0.0,0.0
2024-03-08 00:00:00-05:00,0.949999988079071,0.9599999785423279,0.9010000228881836,0.9399999976158142,17500,0.0,0.0
2024-03-11 00:00:00-04:00,0.9300000071525574,1.0010000467300415,0.9300000071525574,0.9599999785423279,30100,0.0,0.0
2024-03-12 00:00:00-04:00,0.9350000023841858,0.9800000190734863,0.9300000071525574,0.9399999976158142,19500,0.0,0.0
2024-03-13 00:00:00-04:00,0.9399999976158142,0.9700000286102295,0.9399999976158142,0.9599999785423279,31900,0.0,0.0
2024-03-14 00:00:00-04:00,0.9399999976158142,0.949999988079071,0.8930000066757202,0.9399999976158142,15000,0.0,0.0
2024-03-15 00:00:00-04:00,0.9380000233650208,0.9599999785423279,0.9079999923706055,0.9599999785423279,9100,0.0,0.0
2024-03-18 00:00:00-04:00,0.9200000166893005,0.9599999785423279,0.9089999794960022,0.949999988079071,48000,0.0,0.0
2024-03-19 00:00:00-04:00,0.9300000071525574,0.9490000009536743,0.8980000019073486,0.9350000023841858,37900,0.0,0.0
2024-03-20 00:00:00-04:00,0.9100000262260437,0.9380000233650208,0.9020000100135803,0.9100000262260437,17400,0.0,0.0
2024-03-21 00:00:00-04:00,0.9399999976158142,0.949999988079071,0.9100000262260437,0.9100000262260437,15100,0.0,0.0
2024-03-22 00:00:00-04:00,0.9200000166893005,0.9459999799728394,0.9200000166893005,0.9380000233650208,12300,0.0,0.0
2024-03-25 00:00:00-04:00,0.9300000071525574,0.9419999718666077,0.9079999923706055,0.9300000071525574,30400,0.0,0.0
2024-03-26 00:00:00-04:00,0.9100000262260437,0.9599999785423279,0.9100000262260437,0.9210000038146973,12400,0.0,0.0
2024-03-27 00:00:00-04:00,0.9409999847412109,1.100000023841858,0.9399999976158142,1.0700000524520874,160800,0.0,0.0
2024-03-28 00:00:00-04:00,1.059999942779541,1.149999976158142,1.0099999904632568,1.0099999904632568,40700,0.0,0.0
2024-04-01 00:00:00-04:00,0.9800000190734863,0.9800000190734863,0.8980000019073486,0.8980000019073486,66400,0.0,0.0
2024-04-02 00:00:00-04:00,0.8999999761581421,0.9599999785423279,0.8999999761581421,0.9110000133514404,44500,0.0,0.0
2024-04-03 00:00:00-04:00,0.9200000166893005,0.9599999785423279,0.9200000166893005,0.925000011920929,13700,0.0,0.0
2024-04-04 00:00:00-04:00,0.9300000071525574,0.9929999709129333,0.9200000166893005,0.9800000190734863,28300,0.0,0.0
2024-04-05 00:00:00-04:00,0.9700000286102295,0.9800000190734863,0.9300000071525574,0.9599999785423279,10400,0.0,0.0
2024-04-08 00:00:00-04:00,0.9599999785423279,0.9850000143051147,0.9599999785423279,0.9700000286102295,5700,0.0,0.0
2024-04-09 00:00:00-04:00,0.9599999785423279,0.9599999785423279,0.9599999785423279,0.9599999785423279,1300,0.0,0.0
2024-04-10 00:00:00-04:00,0.9599999785423279,0.9800000190734863,0.949999988079071,0.949999988079071,12300,0.0,0.0
2024-04-11 00:00:00-04:00,0.9599999785423279,0.9599999785423279,0.9200000166893005,0.9200000166893005,12400,0.0,0.0
2024-04-12 00:00:00-04:00,0.9100000262260437,0.9399999976158142,0.9100000262260437,0.9100000262260437,7600,0.0,0.0
2024-04-15 00:00:00-04:00,0.9200000166893005,0.9200000166893005,0.8799999952316284,0.8899999856948853,24800,0.0,0.0
2024-04-16 00:00:00-04:00,0.8899999856948853,0.9399999976158142,0.8799999952316284,0.9399999976158142,7900,0.0,0.0
2024-04-17 00:00:00-04:00,0.8899999856948853,0.8899999856948853,0.8320000171661377,0.8399999737739563,36700,0.0,0.0
2024-04-18 00:00:00-04:00,0.8399999737739563,0.8399999737739563,0.7799999713897705,0.7900000214576721,35700,0.0,0.0
2024-04-19 00:00:00-04:00,0.7820000052452087,0.8659999966621399,0.7820000052452087,0.824999988079071,13500,0.0,0.0
2024-04-22 00:00:00-04:00,0.9900000095367432,0.9900000095367432,0.8109999895095825,0.8140000104904175,25000,0.0,0.0
2024-04-23 00:00:00-04:00,0.8140000104904175,0.8600000143051147,0.8140000104904175,0.859000027179718,8000,0.0,0.0
2024-04-24 00:00:00-04:00,0.847000002861023,0.847000002861023,0.8019999861717224,0.824999988079071,16600,0.0,0.0
2024-04-25 00:00:00-04:00,0.8100000023841858,0.8159999847412109,0.800000011920929,0.8130000233650208,7100,0.0,0.0
2024-04-26 00:00:00-04:00,0.8100000023841858,0.8299999833106995,0.7919999957084656,0.8050000071525574,15600,0.0,0.0
2024-04-29 00:00:00-04:00,0.8199999928474426,0.8199999928474426,0.7900000214576721,0.8100000023841858,17900,0.0,0.0
2024-04-30 00:00:00-04:00,0.8199999928474426,0.8500000238418579,0.7900000214576721,0.8500000238418579,41900,0.0,0.0
2024-05-01 00:00:00-04:00,0.8489999771118164,0.8500000238418579,0.800000011920929,0.8450000286102295,3700,0.0,0.0
2024-05-02 00:00:00-04:00,0.8080000281333923,0.8450000286102295,0.8080000281333923,0.8180000185966492,8200,0.0,0.0
2024-05-03 00:00:00-04:00,0.8080000281333923,0.8389999866485596,0.8080000281333923,0.8149999976158142,6900,0.0,0.0
2024-05-06 00:00:00-04:00,0.8149999976158142,0.8500000238418579,0.8149999976158142,0.8220000267028809,13900,0.0,0.0
2024-05-07 00:00:00-04:00,0.8209999799728394,0.8610000014305115,0.8209999799728394,0.8209999799728394,7700,0.0,0.0
2024-05-08 00:00:00-04:00,0.8209999799728394,0.8500000238418579,0.8209999799728394,0.8209999799728394,3800,0.0,0.0
2024-05-09 00:00:00-04:00,0.824999988079071,0.8500000238418579,0.7850000262260437,0.7850000262260437,26500,0.0,0.0
2024-05-10 00:00:00-04:00,0.8100000023841858,0.8199999928474426,0.7860000133514404,0.7950000166893005,9000,0.0,0.0
2024-05-13 00:00:00-04:00,0.800000011920929,0.800000011920929,0.7860000133514404,0.7900000214576721,10300,0.0,0.0
2024-05-14 00:00:00-04:00,0.7699999809265137,0.7900000214576721,0.7599999904632568,0.777999997138977,18400,0.0,0.0
2024-05-15 00:00:00-04:00,0.7599999904632568,0.800000011920929,0.7599999904632568,0.7860000133514404,13400,0.0,0.0
2024-05-16 00:00:00-04:00,0.7950000166893005,0.800000011920929,0.7749999761581421,0.7799999713897705,21800,0.0,0.0
2024-05-17 00:00:00-04:00,0.7699999809265137,0.800000011920929,0.7509999871253967,0.7699999809265137,10100,0.0,0.0
2024-05-20 00:00:00-04:00,0.7699999809265137,0.7960000038146973,0.75,0.7699999809265137,63500,0.0,0.0
2024-05-21 00:00:00-04:00,0.7599999904632568,0.8100000023841858,0.7400000095367432,0.7450000047683716,106200,0.0,0.0
2024-05-22 00:00:00-04:00,0.7649999856948853,0.800000011920929,0.7400000095367432,0.7549999952316284,37300,0.0,0.0
2024-05-23 00:00:00-04:00,0.7419999837875366,0.7599999904632568,0.6100000143051147,0.7099999785423279,18300,0.0,0.0
2024-05-24 00:00:00-04:00,0.7049999833106995,0.7400000095367432,0.6150000095367432,0.7400000095367432,103900,0.0,0.0
2024-05-28 00:00:00-04:00,0.7179999947547913,0.7350000143051147,0.6600000262260437,0.7289999723434448,16500,0.0,0.0
2024-05-29 00:00:00-04:00,0.699999988079071,0.7250000238418579,0.6660000085830688,0.7250000238418579,13200,0.0,0.0
2024-05-30 00:00:00-04:00,0.7160000205039978,0.7390000224113464,0.6800000071525574,0.699999988079071,8100,0.0,0.0
2024-05-31 00:00:00-04:00,0.6899999976158142,0.7400000095367432,0.6850000023841858,0.6850000023841858,17500,0.0,0.0
2024-06-03 00:00:00-04:00,0.6700000166893005,0.6980000138282776,0.6600000262260437,0.6980000138282776,16400,0.0,0.0
2024-06-04 00:00:00-04:00,0.6899999976158142,0.699999988079071,0.6620000004768372,0.6700000166893005,14600,0.0,0.0
2024-06-05 00:00:00-04:00,0.6600000262260437,0.699999988079071,0.6600000262260437,0.6779999732971191,26400,0.0,0.0
2024-06-06 00:00:00-04:00,0.6800000071525574,0.7300000190734863,0.6800000071525574,0.7200000286102295,23600,0.0,0.0
2024-06-07 00:00:00-04:00,0.6899999976158142,0.7200000286102295,0.6840000152587891,0.699999988079071,17900,0.0,0.0
2024-06-10 00:00:00-04:00,0.7049999833106995,0.7200000286102295,0.6600000262260437,0.6909999847412109,39700,0.0,0.0
2024-06-11 00:00:00-04:00,0.6610000133514404,0.8299999833106995,0.6600000262260437,0.8299999833106995,128500,0.0,0.0
2024-06-12 00:00:00-04:00,0.800000011920929,0.8489999771118164,0.7799999713897705,0.800000011920929,46000,0.0,0.0
2024-06-13 00:00:00-04:00,0.7799999713897705,0.8399999737739563,0.7799999713897705,0.8199999928474426,8500,0.0,0.0
2024-06-14 00:00:00-04:00,0.7900000214576721,0.8349999785423279,0.7799999713897705,0.8090000152587891,19700,0.0,0.0
2024-06-17 00:00:00-04:00,0.8009999990463257,0.8700000047683716,0.800000011920929,0.8429999947547913,18700,0.0,0.0
2024-06-18 00:00:00-04:00,0.8600000143051147,0.9129999876022339,0.8019999861717224,0.828000009059906,40800,0.0,0.0
2024-06-20 00:00:00-04:00,0.800000011920929,0.8399999737739563,0.7799999713897705,0.800000011920929,40900,0.0,0.0
2024-06-21 00:00:00-04:00,0.800000011920929,0.8899999856948853,0.7950000166893005,0.7950000166893005,165600,0.0,0.0
2024-06-24 00:00:00-04:00,0.8299999833106995,0.9620000123977661,0.8299999833106995,0.9399999976158142,49700,0.0,0.0
2024-06-25 00:00:00-04:00,0.9599999785423279,1.0399999618530273,0.8999999761581421,1.0199999809265137,91100,0.0,0.0
2024-06-26 00:00:00-04:00,1.0099999904632568,1.3799999952316284,1.0099999904632568,1.3300000429153442,867100,0.0,0.0
2024-06-27 00:00:00-04:00,1.309999942779541,1.3300000429153442,1.2100000381469727,1.2699999809265137,435000,0.0,0.0
2024-06-28 00:00:00-04:00,1.2699999809265137,1.3200000524520874,1.1200000047683716,1.2699999809265137,129100,0.0,0.0
2024-07-01 00:00:00-04:00,1.3600000143051147,1.3600000143051147,1.1799999475479126,1.2400000095367432,195500,0.0,0.0
2024-07-02 00:00:00-04:00,1.3200000524520874,1.3700000047683716,1.149999976158142,1.159999966621399,651400,0.0,0.0
2024-07-03 00:00:00-04:00,1.159999966621399,1.3200000524520874,1.159999966621399,1.2899999618530273,222100,0.0,0.0
2024-07-05 00:00:00-04:00,1.2899999618530273,1.440000057220459,1.25,1.3799999952316284,277700,0.0,0.0
2024-07-08 00:00:00-04:00,1.340000033378601,1.4249999523162842,1.3300000429153442,1.3600000143051147,290200,0.0,0.0
2024-07-09 00:00:00-04:00,1.3799999952316284,1.5,1.3609999418258667,1.4800000190734863,426900,0.0,0.0
2024-07-10 00:00:00-04:00,1.4600000381469727,1.5700000524520874,1.3600000143051147,1.5199999809265137,469400,0.0,0.0
2024-07-11 00:00:00-04:00,1.5199999809265137,1.5499999523162842,1.440000057220459,1.4600000381469727,59600,0.0,0.0
2024-07-12 00:00:00-04:00,1.5,1.5379999876022339,1.3300000429153442,1.399999976158142,150200,0.0,0.0
2024-07-15 00:00:00-04:00,1.409999966621399,1.4299999475479126,1.1610000133514404,1.340000033378601,75300,0.0,0.0
2024-07-16 00:00:00-04:00,1.2999999523162842,1.3739999532699585,1.2589999437332153,1.2999999523162842,41700,0.0,0.0
2024-07-17 00:00:00-04:00,1.2799999713897705,1.4450000524520874,1.2799999713897705,1.3899999856948853,140500,0.0,0.0
2024-07-18 00:00:00-04:00,1.3600000143051147,1.375,1.350000023841858,1.350000023841858,16700,0.0,0.0
2024-07-19 00:00:00-04:00,1.3600000143051147,1.3899999856948853,1.350000023841858,1.3600000143051147,23000,0.0,0.0
2024-07-22 00:00:00-04:00,1.3300000429153442,1.4500000476837158,1.3300000429153442,1.4500000476837158,68500,0.0,0.0
2024-07-23 00:00:00-04:00,1.4199999570846558,1.4700000286102295,1.3799999952316284,1.3799999952316284,75400,0.0,0.0
2024-07-24 00:00:00-04:00,1.409999966621399,1.409999966621399,1.2799999713897705,1.350000023841858,83500,0.0,0.0
2024-07-25 00:00:00-04:00,1.3300000429153442,1.3559999465942383,1.309999942779541,1.309999942779541,89800,0.0,0.0
2024-07-26 00:00:00-04:00,1.4299999475479126,1.4299999475479126,1.3539999723434448,1.4299999475479126,73200,0.0,0.0
