Date,Open,High,Low,Close,Volume,Dividends,Stock Splits
2021-01-13 00:00:00-05:00,10.149999618530273,10.25,9.949999809265137,10.09000015258789,78500,0.0,0.0
2021-01-14 00:00:00-05:00,10.010000228881836,10.079999923706055,10.0,10.010000228881836,42500,0.0,0.0
2021-01-15 00:00:00-05:00,10.020000457763672,10.020000457763672,9.755000114440918,9.84000015258789,20000,0.0,0.0
2021-01-19 00:00:00-05:00,9.989999771118164,9.989999771118164,9.770000457763672,9.779999732971191,7700,0.0,0.0
2021-01-20 00:00:00-05:00,9.760000228881836,9.760000228881836,9.489999771118164,9.562999725341797,42200,0.0,0.0
2021-01-21 00:00:00-05:00,9.5600004196167,9.5600004196167,9.470000267028809,9.503000259399414,33500,0.0,0.0
2021-01-22 00:00:00-05:00,9.5,10.0600004196167,9.470000267028809,9.8100004196167,81700,0.0,0.0
2021-01-25 00:00:00-05:00,9.850000381469727,9.880000114440918,9.765000343322754,9.819999694824219,3900,0.0,0.0
2021-01-26 00:00:00-05:00,9.760000228881836,9.970000267028809,9.760000228881836,9.970000267028809,15000,0.0,0.0
2021-01-27 00:00:00-05:00,9.763999938964844,9.9399995803833,9.763999938964844,9.899999618530273,8800,0.0,0.0
2021-01-28 00:00:00-05:00,9.869999885559082,9.869999885559082,9.800000190734863,9.800000190734863,800,0.0,0.0
2021-01-29 00:00:00-05:00,9.800000190734863,9.829999923706055,9.720000267028809,9.829999923706055,4500,0.0,0.0
2021-02-01 00:00:00-05:00,9.829999923706055,9.829999923706055,9.829999923706055,9.829999923706055,600,0.0,0.0
2021-02-02 00:00:00-05:00,9.819999694824219,9.819999694824219,9.75,9.770000457763672,1700,0.0,0.0
2021-02-03 00:00:00-05:00,9.777000427246094,9.777000427246094,9.777000427246094,9.777000427246094,300,0.0,0.0
2021-02-04 00:00:00-05:00,9.800000190734863,9.800000190734863,9.699999809265137,9.699999809265137,10000,0.0,0.0
2021-02-05 00:00:00-05:00,9.739999771118164,9.75,9.739999771118164,9.739999771118164,800,0.0,0.0
2021-02-08 00:00:00-05:00,9.739999771118164,9.739999771118164,9.739999771118164,9.739999771118164,200,0.0,0.0
2021-02-09 00:00:00-05:00,9.729999542236328,9.729999542236328,9.65999984741211,9.65999984741211,10900,0.0,0.0
2021-02-10 00:00:00-05:00,9.649999618530273,9.670000076293945,9.5,9.510000228881836,40700,0.0,0.0
2021-02-11 00:00:00-05:00,9.510000228881836,9.579999923706055,9.460000038146973,9.579999923706055,8800,0.0,0.0
2021-02-12 00:00:00-05:00,9.489999771118164,9.491999626159668,9.350000381469727,9.479999542236328,14400,0.0,0.0
2021-02-16 00:00:00-05:00,9.5,9.5,9.470000267028809,9.470000267028809,1600,0.0,0.0
2021-02-17 00:00:00-05:00,9.470000267028809,9.479999542236328,9.420000076293945,9.449999809265137,9300,0.0,0.0
2021-02-18 00:00:00-05:00,9.430000305175781,9.489999771118164,9.395000457763672,9.430000305175781,5300,0.0,0.0
2021-02-19 00:00:00-05:00,9.449999809265137,9.640000343322754,9.449999809265137,9.479999542236328,10900,0.0,0.0
2021-02-22 00:00:00-05:00,9.600000381469727,9.649999618530273,9.550000190734863,9.628999710083008,10000,0.0,0.0
2021-02-23 00:00:00-05:00,9.600000381469727,9.600000381469727,9.420000076293945,9.550000190734863,4100,0.0,0.0
2021-02-24 00:00:00-05:00,9.59000015258789,9.859999656677246,9.59000015258789,9.850000381469727,24300,0.0,0.0
2021-02-25 00:00:00-05:00,9.970000267028809,9.970000267028809,9.75,9.75,20100,0.0,0.0
2021-02-26 00:00:00-05:00,9.84000015258789,9.850000381469727,9.760000228881836,9.800000190734863,3900,0.0,0.0
2021-03-01 00:00:00-05:00,9.84000015258789,9.850000381469727,9.609999656677246,9.779999732971191,16800,0.0,0.0
2021-03-02 00:00:00-05:00,9.789999961853027,9.789999961853027,9.710000038146973,9.710000038146973,1200,0.0,0.0
2021-03-03 00:00:00-05:00,9.789999961853027,9.850000381469727,9.760000228881836,9.770000457763672,6600,0.0,0.0
2021-03-04 00:00:00-05:00,9.670000076293945,9.850000381469727,9.619999885559082,9.739999771118164,28300,0.0,0.0
2021-03-05 00:00:00-05:00,9.803000450134277,9.850000381469727,9.755000114440918,9.755000114440918,13400,0.0,0.0
2021-03-08 00:00:00-05:00,9.850000381469727,10.029999732971191,9.774999618530273,10.0,58500,0.0,0.0
2021-03-09 00:00:00-05:00,10.020000457763672,10.039999961853027,9.942999839782715,10.0,13700,0.0,0.0
2021-03-10 00:00:00-05:00,10.020000457763672,10.050000190734863,9.949999809265137,10.039999961853027,7900,0.0,0.0
2021-03-11 00:00:00-05:00,10.039999961853027,10.050999641418457,9.914999961853027,10.029999732971191,8600,0.0,0.0
2021-03-12 00:00:00-05:00,10.130000114440918,10.130000114440918,10.0,10.079999923706055,53900,0.0,0.0
2021-03-15 00:00:00-04:00,10.100000381469727,10.109999656677246,9.970000267028809,10.109999656677246,13600,0.0,0.0
2021-03-16 00:00:00-04:00,10.010000228881836,10.239999771118164,10.010000228881836,10.180000305175781,30200,0.0,0.0
2021-03-17 00:00:00-04:00,10.1899995803833,10.199999809265137,10.0,10.0,12600,0.0,0.0
2021-03-18 00:00:00-04:00,9.960000038146973,10.1899995803833,9.949999809265137,10.039999961853027,11800,0.0,0.0
2021-03-19 00:00:00-04:00,10.085000038146973,10.15999984741211,9.710000038146973,9.710000038146973,72900,0.0,0.0
2021-03-22 00:00:00-04:00,9.850000381469727,9.930000305175781,9.779999732971191,9.779999732971191,20200,0.0,0.0
2021-03-23 00:00:00-04:00,9.829999923706055,9.87600040435791,9.75,9.75,26000,0.0,0.0
2021-03-24 00:00:00-04:00,9.850000381469727,9.930000305175781,9.850000381469727,9.930000305175781,4900,0.0,0.0
2021-03-25 00:00:00-04:00,9.890000343322754,9.930000305175781,9.819999694824219,9.920000076293945,1500,0.0,0.0
2021-03-26 00:00:00-04:00,9.899999618530273,9.930000305175781,9.880000114440918,9.899999618530273,1800,0.0,0.0
2021-03-29 00:00:00-04:00,9.930000305175781,9.930000305175781,9.895000457763672,9.899999618530273,6800,0.0,0.0
2021-03-30 00:00:00-04:00,9.930000305175781,9.930000305175781,9.930000305175781,9.930000305175781,500,0.0,0.0
2021-03-31 00:00:00-04:00,9.90999984741211,9.930000305175781,9.90999984741211,9.920000076293945,1300,0.0,0.0
2021-04-01 00:00:00-04:00,9.920000076293945,9.930000305175781,9.920000076293945,9.920000076293945,27500,0.0,0.0
2021-04-05 00:00:00-04:00,9.920000076293945,9.960000038146973,9.800000190734863,9.819999694824219,15600,0.0,0.0
2021-04-06 00:00:00-04:00,10.0,10.0,9.829999923706055,9.899999618530273,1100,0.0,0.0
2021-04-07 00:00:00-04:00,9.904999732971191,9.90999984741211,9.890000343322754,9.890000343322754,7900,0.0,0.0
2021-04-08 00:00:00-04:00,9.854000091552734,9.899999618530273,9.850000381469727,9.850000381469727,7300,0.0,0.0
2021-04-09 00:00:00-04:00,9.880000114440918,9.887999534606934,9.789999961853027,9.800000190734863,12400,0.0,0.0
2021-04-12 00:00:00-04:00,9.899999618530273,9.979999542236328,9.890000343322754,9.899999618530273,10400,0.0,0.0
2021-04-13 00:00:00-04:00,9.831999778747559,9.838000297546387,9.819999694824219,9.819999694824219,6000,0.0,0.0
2021-04-14 00:00:00-04:00,9.885000228881836,9.939000129699707,9.819999694824219,9.822999954223633,14800,0.0,0.0
2021-04-15 00:00:00-04:00,9.970000267028809,10.0,9.829999923706055,9.850000381469727,9600,0.0,0.0
2021-04-16 00:00:00-04:00,9.989999771118164,9.989999771118164,9.84000015258789,9.925000190734863,14500,0.0,0.0
2021-04-19 00:00:00-04:00,9.859999656677246,9.868000030517578,9.791999816894531,9.8100004196167,10600,0.0,0.0
2021-04-20 00:00:00-04:00,9.97700023651123,9.98799991607666,9.819999694824219,9.819999694824219,11600,0.0,0.0
2021-04-21 00:00:00-04:00,9.829999923706055,9.829999923706055,9.829999923706055,9.829999923706055,200,0.0,0.0
2021-04-22 00:00:00-04:00,9.850000381469727,9.885000228881836,9.850000381469727,9.850000381469727,8600,0.0,0.0
2021-04-23 00:00:00-04:00,9.850000381469727,9.932999610900879,9.850000381469727,9.930000305175781,2300,0.0,0.0
2021-04-26 00:00:00-04:00,9.906000137329102,9.906000137329102,9.899999618530273,9.899999618530273,400,0.0,0.0
2021-04-27 00:00:00-04:00,9.899999618530273,9.899999618530273,9.869999885559082,9.869999885559082,400,0.0,0.0
2021-04-28 00:00:00-04:00,9.899999618530273,9.925000190734863,9.880000114440918,9.925000190734863,6600,0.0,0.0
2021-04-29 00:00:00-04:00,9.861000061035156,9.880000114440918,9.861000061035156,9.880000114440918,700,0.0,0.0
2021-04-30 00:00:00-04:00,9.880000114440918,9.890000343322754,9.880000114440918,9.890000343322754,800,0.0,0.0
2021-05-03 00:00:00-04:00,9.880000114440918,9.899999618530273,9.880000114440918,9.899999618530273,8100,0.0,0.0
2021-05-04 00:00:00-04:00,9.90999984741211,9.927000045776367,9.90999984741211,9.927000045776367,1000,0.0,0.0
2021-05-05 00:00:00-04:00,9.949999809265137,9.949999809265137,9.9399995803833,9.9399995803833,3900,0.0,0.0
2021-05-06 00:00:00-04:00,9.90999984741211,9.90999984741211,9.875,9.899999618530273,11300,0.0,0.0
2021-05-07 00:00:00-04:00,9.916000366210938,9.920000076293945,9.90999984741211,9.920000076293945,1400,0.0,0.0
2021-05-10 00:00:00-04:00,9.920000076293945,9.949999809265137,9.920000076293945,9.9399995803833,5300,0.0,0.0
2021-05-11 00:00:00-04:00,9.932000160217285,9.989999771118164,9.90999984741211,9.930000305175781,15100,0.0,0.0
2021-05-12 00:00:00-04:00,9.920000076293945,9.960000038146973,9.89900016784668,9.949999809265137,4600,0.0,0.0
2021-05-13 00:00:00-04:00,9.946999549865723,10.0,9.930000305175781,9.930000305175781,22100,0.0,0.0
2021-05-14 00:00:00-04:00,9.932999610900879,9.932999610900879,9.930000305175781,9.930000305175781,1600,0.0,0.0
2021-05-17 00:00:00-04:00,9.954999923706055,9.954999923706055,9.954999923706055,9.954999923706055,1100,0.0,0.0
2021-05-18 00:00:00-04:00,9.9350004196167,9.9350004196167,9.9350004196167,9.9350004196167,100,0.0,0.0
2021-05-19 00:00:00-04:00,9.9399995803833,9.9399995803833,9.925000190734863,9.9399995803833,6700,0.0,0.0
2021-05-20 00:00:00-04:00,9.9399995803833,9.944999694824219,9.9399995803833,9.944999694824219,3700,0.0,0.0
2021-05-21 00:00:00-04:00,9.949999809265137,9.968000411987305,9.920000076293945,9.920000076293945,33300,0.0,0.0
2021-05-24 00:00:00-04:00,9.920000076293945,9.920000076293945,9.920000076293945,9.920000076293945,0,0.0,0.0
2021-05-25 00:00:00-04:00,9.899999618530273,9.899999618530273,9.899999618530273,9.899999618530273,500,0.0,0.0
2021-05-26 00:00:00-04:00,9.949999809265137,9.949999809265137,9.944999694824219,9.944999694824219,1400,0.0,0.0
2021-05-27 00:00:00-04:00,10.0,10.0,9.946000099182129,9.946000099182129,1800,0.0,0.0
2021-05-28 00:00:00-04:00,9.90999984741211,9.949999809265137,9.90999984741211,9.944000244140625,8900,0.0,0.0
2021-06-01 00:00:00-04:00,10.0,10.0,9.9399995803833,9.949999809265137,7400,0.0,0.0
2021-06-02 00:00:00-04:00,9.9399995803833,9.9399995803833,9.930000305175781,9.930000305175781,6100,0.0,0.0
2021-06-03 00:00:00-04:00,9.979999542236328,10.0,9.9399995803833,9.944999694824219,11700,0.0,0.0
2021-06-04 00:00:00-04:00,9.954999923706055,10.0,9.944999694824219,9.989999771118164,12700,0.0,0.0
2021-06-07 00:00:00-04:00,10.0,10.0,9.949999809265137,9.949999809265137,21400,0.0,0.0
2021-06-08 00:00:00-04:00,9.949999809265137,9.989999771118164,9.90999984741211,9.90999984741211,1600,0.0,0.0
2021-06-09 00:00:00-04:00,9.90999984741211,9.90999984741211,9.90999984741211,9.90999984741211,0,0.0,0.0
2021-06-10 00:00:00-04:00,9.989999771118164,9.989999771118164,9.961999893188477,9.982999801635742,5500,0.0,0.0
2021-06-11 00:00:00-04:00,9.989999771118164,9.989999771118164,9.930000305175781,9.989999771118164,2200,0.0,0.0
2021-06-14 00:00:00-04:00,9.989999771118164,9.989999771118164,9.979999542236328,9.98900032043457,2300,0.0,0.0
2021-06-15 00:00:00-04:00,9.979999542236328,10.1899995803833,9.979999542236328,10.1899995803833,11300,0.0,0.0
2021-06-16 00:00:00-04:00,10.130000114440918,10.130000114440918,10.130000114440918,10.130000114440918,200,0.0,0.0
2021-06-17 00:00:00-04:00,10.010000228881836,10.050000190734863,10.010000228881836,10.048999786376953,2700,0.0,0.0
2021-06-18 00:00:00-04:00,10.005000114440918,10.020000457763672,10.0,10.0,6300,0.0,0.0
2021-06-21 00:00:00-04:00,10.020000457763672,10.020000457763672,10.0,10.0,1400,0.0,0.0
2021-06-22 00:00:00-04:00,10.020000457763672,10.069999694824219,10.0,10.069999694824219,7200,0.0,0.0
2021-06-23 00:00:00-04:00,10.045999526977539,10.069999694824219,10.010000228881836,10.01099967956543,10100,0.0,0.0
2021-06-24 00:00:00-04:00,10.010000228881836,10.055000305175781,10.010000228881836,10.015000343322754,800,0.0,0.0
2021-06-25 00:00:00-04:00,10.100000381469727,10.152999877929688,10.100000381469727,10.100000381469727,2600,0.0,0.0
2021-06-28 00:00:00-04:00,10.090999603271484,10.100000381469727,10.09000015258789,10.09000015258789,1700,0.0,0.0
2021-06-29 00:00:00-04:00,10.116000175476074,10.149999618530273,10.020999908447266,10.100000381469727,7500,0.0,0.0
2021-06-30 00:00:00-04:00,10.149999618530273,10.149999618530273,10.100000381469727,10.100000381469727,3400,0.0,0.0
2021-07-01 00:00:00-04:00,10.149999618530273,10.199999809265137,10.149999618530273,10.180000305175781,6900,0.0,0.0
2021-07-02 00:00:00-04:00,10.125,10.220000267028809,10.125,10.220000267028809,3700,0.0,0.0
2021-07-06 00:00:00-04:00,10.194999694824219,10.25,10.1899995803833,10.239999771118164,3200,0.0,0.0
2021-07-07 00:00:00-04:00,10.239999771118164,10.239999771118164,10.220000267028809,10.220000267028809,800,0.0,0.0
2021-07-08 00:00:00-04:00,10.25,10.399999618530273,10.25,10.350000381469727,7200,0.0,0.0
2021-07-09 00:00:00-04:00,10.350000381469727,10.350000381469727,10.329999923706055,10.329999923706055,2000,0.0,0.0
2021-07-12 00:00:00-04:00,10.350000381469727,10.350000381469727,10.34000015258789,10.34000015258789,500,0.0,0.0
2021-07-13 00:00:00-04:00,10.345000267028809,10.350000381469727,10.3100004196167,10.317999839782715,4700,0.0,0.0
2021-07-14 00:00:00-04:00,10.317999839782715,10.317999839782715,10.317999839782715,10.317999839782715,100,0.0,0.0
2021-07-15 00:00:00-04:00,10.3100004196167,10.359999656677246,10.3100004196167,10.359999656677246,2300,0.0,0.0
2021-07-16 00:00:00-04:00,10.859999656677246,10.859999656677246,10.329999923706055,10.329999923706055,14200,0.0,0.0
2021-07-19 00:00:00-04:00,10.279999732971191,10.479999542236328,10.107000350952148,10.359999656677246,4900,0.0,0.0
2021-07-20 00:00:00-04:00,10.5,10.720000267028809,10.229999542236328,10.229999542236328,2500,0.0,0.0
2021-07-21 00:00:00-04:00,10.470000267028809,10.470000267028809,10.260000228881836,10.260000228881836,3500,0.0,0.0
2021-07-22 00:00:00-04:00,10.449999809265137,10.5,10.399999618530273,10.399999618530273,3300,0.0,0.0
2021-07-23 00:00:00-04:00,10.375,10.399999618530273,10.267999649047852,10.399999618530273,2200,0.0,0.0
2021-07-26 00:00:00-04:00,10.399999618530273,10.449999809265137,10.359999656677246,10.399999618530273,8300,0.0,0.0
2021-07-27 00:00:00-04:00,10.39900016784668,10.399999618530273,10.397000312805176,10.397000312805176,700,0.0,0.0
2021-07-28 00:00:00-04:00,10.470000267028809,10.470000267028809,10.399999618530273,10.399999618530273,1300,0.0,0.0
2021-07-29 00:00:00-04:00,10.399999618530273,10.399999618530273,10.399999618530273,10.399999618530273,0,0.0,0.0
2021-07-30 00:00:00-04:00,10.399999618530273,10.399999618530273,10.399999618530273,10.399999618530273,0,0.0,0.0
2021-08-02 00:00:00-04:00,10.350000381469727,10.5,10.350000381469727,10.430000305175781,1700,0.0,0.0
2021-08-03 00:00:00-04:00,10.343999862670898,10.343999862670898,10.343999862670898,10.343999862670898,100,0.0,0.0
2021-08-04 00:00:00-04:00,10.420000076293945,10.420000076293945,10.420000076293945,10.420000076293945,300,0.0,0.0
2021-08-05 00:00:00-04:00,10.496999740600586,10.550000190734863,10.420000076293945,10.420000076293945,5000,0.0,0.0
2021-08-06 00:00:00-04:00,10.446999549865723,10.5,10.444999694824219,10.5,2800,0.0,0.0
2021-08-09 00:00:00-04:00,10.5,10.5,10.5,10.5,0,0.0,0.0
2021-08-10 00:00:00-04:00,10.449999809265137,10.539999961853027,10.449999809265137,10.539999961853027,400,0.0,0.0
2021-08-11 00:00:00-04:00,9.90999984741211,10.48900032043457,9.90999984741211,10.48900032043457,5400,0.0,0.0
2021-08-12 00:00:00-04:00,10.48900032043457,10.48900032043457,10.48900032043457,10.48900032043457,0,0.0,0.0
2021-08-13 00:00:00-04:00,10.40999984741211,10.40999984741211,10.40999984741211,10.40999984741211,100,0.0,0.0
2021-08-16 00:00:00-04:00,10.40999984741211,10.40999984741211,10.40999984741211,10.40999984741211,0,0.0,0.0
2021-08-17 00:00:00-04:00,10.420000076293945,10.420000076293945,10.420000076293945,10.420000076293945,500,0.0,0.0
2021-08-18 00:00:00-04:00,10.420000076293945,10.420000076293945,10.420000076293945,10.420000076293945,0,0.0,0.0
2021-08-19 00:00:00-04:00,10.300000190734863,10.539999961853027,10.300000190734863,10.539999961853027,1300,0.0,0.0
2021-08-20 00:00:00-04:00,10.550000190734863,10.550000190734863,10.270000457763672,10.274999618530273,4100,0.0,0.0
2021-08-23 00:00:00-04:00,10.274999618530273,10.274999618530273,10.274999618530273,10.274999618530273,0,0.0,0.0
2021-08-24 00:00:00-04:00,10.274999618530273,10.274999618530273,10.274999618530273,10.274999618530273,0,0.0,0.0
2021-08-25 00:00:00-04:00,10.550000190734863,10.699999809265137,10.470000267028809,10.699999809265137,12000,0.0,0.0
2021-08-26 00:00:00-04:00,10.649999618530273,10.649999618530273,10.649999618530273,10.649999618530273,500,0.0,0.0
2021-08-27 00:00:00-04:00,10.649999618530273,10.868000030517578,10.649999618530273,10.770000457763672,4000,0.0,0.0
2021-08-30 00:00:00-04:00,10.800000190734863,10.987000465393066,10.800000190734863,10.800999641418457,6500,0.0,0.0
2021-08-31 00:00:00-04:00,10.819999694824219,10.819999694824219,10.819999694824219,10.819999694824219,300,0.0,0.0
2021-09-01 00:00:00-04:00,10.829999923706055,10.829999923706055,10.800000190734863,10.8100004196167,5100,0.0,0.0
2021-09-02 00:00:00-04:00,10.800000190734863,10.829999923706055,10.800000190734863,10.829999923706055,2300,0.0,0.0
2021-09-03 00:00:00-04:00,10.829999923706055,10.829999923706055,10.829999923706055,10.829999923706055,100,0.0,0.0
2021-09-07 00:00:00-04:00,10.899999618530273,10.899999618530273,10.899999618530273,10.899999618530273,300,0.0,0.0
2021-09-08 00:00:00-04:00,10.979999542236328,11.3100004196167,10.96500015258789,11.039999961853027,4700,0.0,0.0
2021-09-09 00:00:00-04:00,10.819999694824219,10.960000038146973,10.819999694824219,10.90999984741211,1100,0.0,0.0
2021-09-10 00:00:00-04:00,10.890000343322754,10.890000343322754,10.890000343322754,10.890000343322754,300,0.0,0.0
2021-09-13 00:00:00-04:00,10.979999542236328,11.25,10.925000190734863,11.09000015258789,5600,0.0,0.0
2021-09-14 00:00:00-04:00,11.157999992370605,11.239999771118164,11.149999618530273,11.149999618530273,1600,0.0,0.0
2021-09-15 00:00:00-04:00,11.0,11.079999923706055,11.0,11.039999961853027,1200,0.0,0.0
2021-09-16 00:00:00-04:00,11.199999809265137,11.210000038146973,11.119999885559082,11.119999885559082,1600,0.0,0.0
2021-09-17 00:00:00-04:00,11.15999984741211,11.25,11.149999618530273,11.25,5300,0.0,0.0
2021-09-20 00:00:00-04:00,11.300000190734863,11.470000267028809,11.300000190734863,11.460000038146973,2000,0.0,0.0
2021-09-21 00:00:00-04:00,11.4399995803833,11.449999809265137,11.4399995803833,11.449999809265137,700,0.0,0.0
2021-09-22 00:00:00-04:00,11.335000038146973,11.34000015258789,11.315999984741211,11.319999694824219,1600,0.0,0.0
2021-09-23 00:00:00-04:00,11.369999885559082,11.369999885559082,11.317999839782715,11.317999839782715,800,0.0,0.0
2021-09-24 00:00:00-04:00,11.369999885559082,11.369999885559082,11.369999885559082,11.369999885559082,300,0.0,0.0
2021-09-27 00:00:00-04:00,11.5,11.75,11.470000267028809,11.680000305175781,2200,0.0,0.0
2021-09-28 00:00:00-04:00,11.680000305175781,11.680000305175781,11.680000305175781,11.680000305175781,0,0.0,0.0
2021-09-29 00:00:00-04:00,11.680000305175781,11.680000305175781,11.680000305175781,11.680000305175781,0,0.0,0.0
2021-09-30 00:00:00-04:00,11.399999618530273,11.449999809265137,11.399999618530273,11.449999809265137,1700,0.0,0.0
2021-10-01 00:00:00-04:00,11.401000022888184,11.401000022888184,11.401000022888184,11.401000022888184,300,0.0,0.0
2021-10-04 00:00:00-04:00,11.5600004196167,11.560999870300293,11.510000228881836,11.510000228881836,400,0.0,0.0
2021-10-05 00:00:00-04:00,11.5,11.5,11.5,11.5,200,0.0,0.0
2021-10-06 00:00:00-04:00,11.5,11.5,11.5,11.5,3100,0.0,0.0
2021-10-07 00:00:00-04:00,11.5,11.5,11.479999542236328,11.479999542236328,1400,0.0,0.0
2021-10-08 00:00:00-04:00,11.399999618530273,11.399999618530273,11.399999618530273,11.399999618530273,100,0.0,0.0
2021-10-11 00:00:00-04:00,11.470000267028809,11.5,11.350000381469727,11.5,1500,0.0,0.0
2021-10-12 00:00:00-04:00,11.319999694824219,11.5,11.300000190734863,11.5,4900,0.0,0.0
2021-10-13 00:00:00-04:00,11.399999618530273,11.949999809265137,11.399999618530273,11.949999809265137,3500,0.0,0.0
2021-10-14 00:00:00-04:00,11.670000076293945,11.680000305175781,11.649999618530273,11.649999618530273,1300,0.0,0.0
2021-10-15 00:00:00-04:00,11.3100004196167,11.520000457763672,11.3100004196167,11.510000228881836,1800,0.0,0.0
2021-10-18 00:00:00-04:00,11.300000190734863,11.640000343322754,11.300000190734863,11.329999923706055,1600,0.0,0.0
2021-10-19 00:00:00-04:00,11.329999923706055,11.329999923706055,11.329999923706055,11.329999923706055,0,0.0,0.0
2021-10-20 00:00:00-04:00,11.329999923706055,11.329999923706055,11.329999923706055,11.329999923706055,0,0.0,0.0
2021-10-21 00:00:00-04:00,11.329999923706055,11.329999923706055,11.329999923706055,11.329999923706055,0,0.0,0.0
2021-10-22 00:00:00-04:00,11.4399995803833,11.5,11.4399995803833,11.5,4800,0.0,0.0
2021-10-25 00:00:00-04:00,11.5,11.5,11.5,11.5,0,0.0,0.0
2021-10-26 00:00:00-04:00,11.350000381469727,11.350000381469727,11.350000381469727,11.350000381469727,100,0.0,0.0
2021-10-27 00:00:00-04:00,11.550000190734863,11.729999542236328,11.550000190734863,11.699999809265137,700,0.0,0.0
2021-10-28 00:00:00-04:00,11.699999809265137,11.699999809265137,11.699999809265137,11.699999809265137,0,0.0,0.0
2021-10-29 00:00:00-04:00,11.550000190734863,11.675000190734863,11.350000381469727,11.550000190734863,5000,0.0,0.0
2021-11-01 00:00:00-04:00,11.5,11.50100040435791,11.399999618530273,11.5,2000,0.0,0.0
2021-11-02 00:00:00-04:00,11.300000190734863,11.300000190734863,11.300000190734863,11.300000190734863,2200,0.0,0.0
2021-11-03 00:00:00-04:00,11.350000381469727,11.78600025177002,11.3100004196167,11.3100004196167,600,0.0,0.0
2021-11-04 00:00:00-04:00,11.3100004196167,11.3100004196167,11.3100004196167,11.3100004196167,0,0.0,0.0
2021-11-05 00:00:00-04:00,11.359999656677246,11.369999885559082,11.359999656677246,11.359999656677246,1800,0.0,0.0
2021-11-08 00:00:00-05:00,11.416000366210938,11.6899995803833,11.416000366210938,11.6899995803833,700,0.0,0.0
2021-11-09 00:00:00-05:00,11.6899995803833,11.6899995803833,11.6899995803833,11.6899995803833,0,0.0,0.0
2021-11-10 00:00:00-05:00,11.6899995803833,11.6899995803833,11.6899995803833,11.6899995803833,0,0.0,0.0
2021-11-11 00:00:00-05:00,11.449999809265137,11.600000381469727,11.399999618530273,11.600000381469727,1200,0.0,0.0
2021-11-12 00:00:00-05:00,11.600000381469727,11.600000381469727,11.600000381469727,11.600000381469727,0,0.0,0.0
2021-11-15 00:00:00-05:00,11.600000381469727,11.600000381469727,11.600000381469727,11.600000381469727,0,0.0,0.0
2021-11-16 00:00:00-05:00,11.515000343322754,11.730999946594238,11.515000343322754,11.730999946594238,800,0.0,0.0
2021-11-17 00:00:00-05:00,11.699999809265137,11.699999809265137,11.699999809265137,11.699999809265137,400,0.0,0.0
2021-11-18 00:00:00-05:00,11.699999809265137,11.699999809265137,11.699999809265137,11.699999809265137,0,0.0,0.0
2021-11-19 00:00:00-05:00,11.699999809265137,11.699999809265137,11.699999809265137,11.699999809265137,0,0.0,0.0
2021-11-22 00:00:00-05:00,11.699999809265137,11.699999809265137,11.600000381469727,11.600000381469727,800,0.0,0.0
2021-11-23 00:00:00-05:00,11.62399959564209,11.64900016784668,11.600000381469727,11.600000381469727,800,0.0,0.0
2021-11-24 00:00:00-05:00,11.680000305175781,11.680000305175781,11.649999618530273,11.649999618530273,700,0.0,0.0
2021-11-26 00:00:00-05:00,11.649999618530273,11.649999618530273,11.550000190734863,11.609999656677246,1400,0.0,0.0
2021-11-29 00:00:00-05:00,11.609999656677246,11.609999656677246,11.609999656677246,11.609999656677246,0,0.0,0.0
2021-11-30 00:00:00-05:00,11.65999984741211,11.65999984741211,11.609999656677246,11.640000343322754,2100,0.0,0.0
2021-12-01 00:00:00-05:00,11.640000343322754,11.640000343322754,11.640000343322754,11.640000343322754,300,0.0,0.0
2021-12-02 00:00:00-05:00,11.640000343322754,11.640000343322754,11.640000343322754,11.640000343322754,500,0.0,0.0
2021-12-03 00:00:00-05:00,11.649999618530273,11.680000305175781,11.59000015258789,11.649999618530273,5600,0.0,0.0
2021-12-06 00:00:00-05:00,11.649999618530273,11.649999618530273,11.649999618530273,11.649999618530273,0,0.0,0.0
2021-12-07 00:00:00-05:00,11.75,11.75,11.600000381469727,11.600000381469727,1000,0.0,0.0
2021-12-08 00:00:00-05:00,11.600000381469727,11.600000381469727,11.600000381469727,11.600000381469727,0,0.0,0.0
2021-12-09 00:00:00-05:00,11.5600004196167,11.5600004196167,11.5600004196167,11.5600004196167,300,0.0,0.0
2021-12-10 00:00:00-05:00,11.5600004196167,11.5600004196167,11.5600004196167,11.5600004196167,300,0.0,0.0
2021-12-13 00:00:00-05:00,11.649999618530273,11.75,11.649999618530273,11.680000305175781,1700,0.0,0.0
2021-12-14 00:00:00-05:00,11.680000305175781,11.680000305175781,11.680000305175781,11.680000305175781,0,0.0,0.0
2021-12-15 00:00:00-05:00,11.75,12.489999771118164,11.75,12.489999771118164,15000,0.0,0.0
2021-12-16 00:00:00-05:00,13.5,13.5,11.8100004196167,12.088000297546387,60600,0.0,0.0
2021-12-17 00:00:00-05:00,11.760000228881836,11.760000228881836,11.760000228881836,11.760000228881836,400,0.0,0.0
2021-12-20 00:00:00-05:00,11.729999542236328,11.906000137329102,11.699999809265137,11.906000137329102,3900,0.0,0.0
2021-12-21 00:00:00-05:00,11.899999618530273,11.899999618530273,11.84000015258789,11.84000015258789,3600,0.0,0.0
2021-12-22 00:00:00-05:00,12.0,12.0,11.850000381469727,11.899999618530273,2600,0.0,0.0
2021-12-23 00:00:00-05:00,11.930000305175781,11.960000038146973,11.930000305175781,11.930000305175781,1600,0.0,0.0
2021-12-27 00:00:00-05:00,11.930000305175781,11.930000305175781,11.930000305175781,11.930000305175781,0,0.0,0.0
2021-12-28 00:00:00-05:00,11.96500015258789,11.96500015258789,11.96500015258789,11.96500015258789,900,0.0,0.0
2021-12-29 00:00:00-05:00,11.96500015258789,11.96500015258789,11.96500015258789,11.96500015258789,0,0.0,0.0
2021-12-30 00:00:00-05:00,11.979999542236328,11.979999542236328,11.979999542236328,11.979999542236328,200,0.0,0.0
2021-12-31 00:00:00-05:00,11.914999961853027,11.914999961853027,11.914999961853027,11.914999961853027,300,0.0,0.0
2022-01-03 00:00:00-05:00,11.97599983215332,12.020000457763672,11.954999923706055,11.968999862670898,500,0.0,0.0
2022-01-04 00:00:00-05:00,12.109999656677246,12.109999656677246,12.109999656677246,12.109999656677246,400,0.0,0.0
2022-01-05 00:00:00-05:00,12.0,12.0,12.0,12.0,300,0.0,0.0
2022-01-06 00:00:00-05:00,11.850000381469727,12.029999732971191,11.850000381469727,11.942999839782715,16200,0.0,0.0
2022-01-07 00:00:00-05:00,11.942999839782715,11.942999839782715,11.942999839782715,11.942999839782715,0,0.0,0.0
2022-01-10 00:00:00-05:00,12.050000190734863,12.050000190734863,12.050000190734863,12.050000190734863,600,0.0,0.0
2022-01-11 00:00:00-05:00,12.050000190734863,12.050000190734863,12.050000190734863,12.050000190734863,0,0.0,0.0
2022-01-12 00:00:00-05:00,11.989999771118164,11.989999771118164,11.8100004196167,11.8100004196167,2200,0.0,0.0
2022-01-13 00:00:00-05:00,11.819999694824219,11.850000381469727,11.819999694824219,11.850000381469727,6200,0.0,0.0
2022-01-14 00:00:00-05:00,11.850000381469727,11.850000381469727,11.850000381469727,11.850000381469727,0,0.0,0.0
2022-01-18 00:00:00-05:00,11.963000297546387,11.963000297546387,11.850000381469727,11.850000381469727,2100,0.0,0.0
2022-01-19 00:00:00-05:00,11.930000305175781,12.0,11.930000305175781,12.0,600,0.0,0.0
2022-01-20 00:00:00-05:00,11.949999809265137,12.0,11.880000114440918,11.949999809265137,6600,0.0,0.0
2022-01-21 00:00:00-05:00,11.899999618530273,11.899999618530273,11.850000381469727,11.892999649047852,17600,0.0,0.0
2022-01-24 00:00:00-05:00,11.880000114440918,11.880000114440918,11.880000114440918,11.880000114440918,400,0.0,0.0
2022-01-25 00:00:00-05:00,11.859999656677246,11.859999656677246,11.8100004196167,11.859999656677246,4600,0.0,0.0
2022-01-26 00:00:00-05:00,11.90999984741211,11.90999984741211,11.850000381469727,11.859999656677246,4400,0.0,0.0
2022-01-27 00:00:00-05:00,11.850000381469727,11.920000076293945,11.699999809265137,11.920000076293945,5900,0.0,0.0
2022-01-28 00:00:00-05:00,11.819999694824219,11.920000076293945,11.819999694824219,11.84000015258789,2200,0.0,0.0
2022-01-31 00:00:00-05:00,11.90999984741211,11.90999984741211,11.831999778747559,11.831999778747559,800,0.0,0.0
2022-02-01 00:00:00-05:00,11.819999694824219,11.819999694824219,11.765000343322754,11.774999618530273,6200,0.0,0.0
2022-02-02 00:00:00-05:00,11.859999656677246,11.930000305175781,11.800000190734863,11.819999694824219,2200,0.0,0.0
2022-02-03 00:00:00-05:00,11.819999694824219,11.819999694824219,11.819999694824219,11.819999694824219,0,0.0,0.0
2022-02-04 00:00:00-05:00,12.0,12.0,12.0,12.0,300,0.0,0.0
2022-02-07 00:00:00-05:00,12.0,12.0,12.0,12.0,1000,0.0,0.0
2022-02-08 00:00:00-05:00,12.0,12.0,12.0,12.0,300,0.0,0.0
2022-02-09 00:00:00-05:00,12.0,12.0,11.890000343322754,11.890000343322754,800,0.0,0.0
2022-02-10 00:00:00-05:00,11.8100004196167,11.8100004196167,11.75,11.75,300,0.0,0.0
2022-02-11 00:00:00-05:00,11.75,11.75,11.75,11.75,0,0.0,0.0
2022-02-14 00:00:00-05:00,11.75,11.75,11.75,11.75,300,0.0,0.0
2022-02-15 00:00:00-05:00,11.75,11.75,11.75,11.75,0,0.0,0.0
2022-02-16 00:00:00-05:00,11.75,11.75,11.75,11.75,100,0.0,0.0
2022-02-17 00:00:00-05:00,11.8100004196167,11.979999542236328,11.75,11.979999542236328,2400,0.0,0.0
2022-02-18 00:00:00-05:00,11.979999542236328,11.979999542236328,11.979999542236328,11.979999542236328,0,0.0,0.0
2022-02-22 00:00:00-05:00,11.770000457763672,11.770000457763672,11.770000457763672,11.770000457763672,800,0.0,0.0
2022-02-23 00:00:00-05:00,11.800000190734863,11.800000190734863,11.779999732971191,11.779999732971191,300,0.0,0.0
2022-02-24 00:00:00-05:00,11.779999732971191,11.779999732971191,11.779999732971191,11.779999732971191,0,0.0,0.0
2022-02-25 00:00:00-05:00,11.779999732971191,11.779999732971191,11.779999732971191,11.779999732971191,0,0.0,0.0
2022-02-28 00:00:00-05:00,11.979999542236328,11.979999542236328,11.979999542236328,11.979999542236328,200,0.0,0.0
2022-03-01 00:00:00-05:00,11.710000038146973,11.710000038146973,11.710000038146973,11.710000038146973,300,0.0,0.0
2022-03-02 00:00:00-05:00,11.770000457763672,11.789999961853027,11.760000228881836,11.760000228881836,900,0.0,0.0
2022-03-03 00:00:00-05:00,11.760000228881836,11.760000228881836,11.760000228881836,11.760000228881836,0,0.0,0.0
2022-03-04 00:00:00-05:00,11.885000228881836,12.069999694824219,11.710000038146973,11.710000038146973,3400,0.0,0.0
2022-03-07 00:00:00-05:00,11.720000267028809,11.720000267028809,11.720000267028809,11.720000267028809,300,0.0,0.0
2022-03-08 00:00:00-05:00,11.720000267028809,11.720000267028809,11.720000267028809,11.720000267028809,0,0.0,0.0
2022-03-09 00:00:00-05:00,11.569999694824219,11.569999694824219,10.899999618530273,10.899999618530273,13900,0.0,0.0
2022-03-10 00:00:00-05:00,11.380000114440918,11.380000114440918,11.0,11.119999885559082,5100,0.0,0.0
2022-03-11 00:00:00-05:00,11.100000381469727,11.399999618530273,10.949999809265137,11.0,9400,0.0,0.0
2022-03-14 00:00:00-04:00,11.0,11.215999603271484,10.899999618530273,10.899999618530273,13000,0.0,0.0
2022-03-15 00:00:00-04:00,10.899999618530273,11.050000190734863,10.899999618530273,11.050000190734863,24600,0.0,0.0
2022-03-16 00:00:00-04:00,11.260000228881836,11.260000228881836,11.260000228881836,11.260000228881836,300,0.0,0.0
2022-03-17 00:00:00-04:00,11.399999618530273,11.399999618530273,11.0,11.03499984741211,3300,0.0,0.0
2022-03-18 00:00:00-04:00,11.989999771118164,11.989999771118164,11.545000076293945,11.930000305175781,6800,0.0,0.0
2022-03-21 00:00:00-04:00,11.930000305175781,11.930000305175781,11.930000305175781,11.930000305175781,0,0.0,0.0
2022-03-22 00:00:00-04:00,11.930000305175781,11.930000305175781,11.930000305175781,11.930000305175781,0,0.0,0.0
2022-03-23 00:00:00-04:00,11.930000305175781,11.930000305175781,11.930000305175781,11.930000305175781,0,0.0,0.0
2022-03-24 00:00:00-04:00,11.930000305175781,11.970000267028809,11.930000305175781,11.9399995803833,1100,0.0,0.0
2022-03-25 00:00:00-04:00,11.9399995803833,11.9399995803833,11.9399995803833,11.9399995803833,100,0.0,0.0
2022-03-28 00:00:00-04:00,11.75,11.75,11.75,11.75,1900,0.0,0.0
2022-03-29 00:00:00-04:00,11.869999885559082,11.906999588012695,11.779999732971191,11.779999732971191,1300,0.0,0.0
2022-03-30 00:00:00-04:00,11.779999732971191,11.989999771118164,11.75,11.930000305175781,10400,0.0,0.0
2022-03-31 00:00:00-04:00,11.949999809265137,11.970000267028809,11.805999755859375,11.819999694824219,1500,0.0,0.0
2022-04-01 00:00:00-04:00,11.970000267028809,11.989999771118164,11.819999694824219,11.819999694824219,800,0.0,0.0
2022-04-04 00:00:00-04:00,11.989999771118164,12.0,11.75,11.789999961853027,2600,0.0,0.0
2022-04-05 00:00:00-04:00,11.800000190734863,11.800000190734863,11.6850004196167,11.6850004196167,1000,0.0,0.0
2022-04-06 00:00:00-04:00,11.6850004196167,11.6850004196167,11.6850004196167,11.6850004196167,0,0.0,0.0
2022-04-07 00:00:00-04:00,11.6850004196167,11.6850004196167,11.6850004196167,11.6850004196167,0,0.0,0.0
2022-04-08 00:00:00-04:00,11.449999809265137,11.704999923706055,11.399999618530273,11.704999923706055,1300,0.0,0.0
2022-04-11 00:00:00-04:00,11.600000381469727,11.600000381469727,11.600000381469727,11.600000381469727,400,0.0,0.0
2022-04-12 00:00:00-04:00,11.600000381469727,11.600000381469727,11.600000381469727,11.600000381469727,0,0.0,0.0
2022-04-13 00:00:00-04:00,11.581000328063965,11.581000328063965,11.420000076293945,11.427000045776367,1600,0.0,0.0
2022-04-14 00:00:00-04:00,11.427000045776367,11.427000045776367,11.427000045776367,11.427000045776367,0,0.0,0.0
2022-04-18 00:00:00-04:00,11.600000381469727,11.600000381469727,11.600000381469727,11.600000381469727,2300,0.0,0.0
2022-04-19 00:00:00-04:00,11.600000381469727,11.600000381469727,11.579999923706055,11.600000381469727,5700,0.0,0.0
2022-04-20 00:00:00-04:00,11.699999809265137,11.739999771118164,11.699999809265137,11.729999542236328,1900,0.0,0.0
2022-04-21 00:00:00-04:00,11.5,11.5,11.5,11.5,700,0.0,0.0
2022-04-22 00:00:00-04:00,11.5,11.5,11.46399974822998,11.46399974822998,300,0.0,0.0
2022-04-25 00:00:00-04:00,11.557000160217285,11.557000160217285,11.420000076293945,11.449999809265137,2500,0.0,0.0
2022-04-26 00:00:00-04:00,11.430000305175781,11.548999786376953,11.399999618530273,11.399999618530273,3600,0.0,0.0
2022-04-27 00:00:00-04:00,11.399999618530273,11.399999618530273,11.399999618530273,11.399999618530273,900,0.0,0.0
2022-04-28 00:00:00-04:00,11.430000305175781,11.430000305175781,11.380000114440918,11.430000305175781,1800,0.0,0.0
2022-04-29 00:00:00-04:00,11.430000305175781,11.430000305175781,11.399999618530273,11.430000305175781,1900,0.0,0.0
2022-05-02 00:00:00-04:00,11.710000038146973,11.729000091552734,11.473999977111816,11.569999694824219,2000,0.0,0.0
2022-05-03 00:00:00-04:00,11.489999771118164,11.489999771118164,11.489999771118164,11.489999771118164,200,0.0,0.0
2022-05-04 00:00:00-04:00,11.659000396728516,11.659000396728516,11.604999542236328,11.604999542236328,800,0.0,0.0
2022-05-05 00:00:00-04:00,11.569999694824219,11.677000045776367,11.520000457763672,11.609999656677246,1900,0.0,0.0
2022-05-06 00:00:00-04:00,11.635000228881836,11.677000045776367,11.529999732971191,11.550000190734863,2000,0.0,0.0
2022-05-09 00:00:00-04:00,11.472999572753906,11.585000038146973,11.399999618530273,11.399999618530273,2600,0.0,0.0
2022-05-10 00:00:00-04:00,11.670000076293945,11.670000076293945,11.479999542236328,11.496999740600586,21200,0.0,0.0
2022-05-11 00:00:00-04:00,11.649999618530273,11.739999771118164,11.550000190734863,11.65999984741211,14400,0.0,0.0
2022-05-12 00:00:00-04:00,11.630000114440918,11.699999809265137,11.600000381469727,11.649999618530273,6700,0.0,0.0
2022-05-13 00:00:00-04:00,11.649999618530273,11.649999618530273,11.649999618530273,11.649999618530273,0,0.0,0.0
2022-05-16 00:00:00-04:00,11.600000381469727,11.649999618530273,11.520000457763672,11.520000457763672,27800,0.0,0.0
2022-05-17 00:00:00-04:00,11.510000228881836,11.635000228881836,11.510000228881836,11.635000228881836,6000,0.0,0.0
2022-05-18 00:00:00-04:00,11.625,11.699999809265137,11.625,11.649999618530273,2000,0.0,0.0
2022-05-19 00:00:00-04:00,11.649999618530273,11.649999618530273,11.649999618530273,11.649999618530273,0,0.0,0.0
2022-05-20 00:00:00-04:00,11.65999984741211,11.675000190734863,11.600000381469727,11.600000381469727,2900,0.0,0.0
2022-05-23 00:00:00-04:00,11.6899995803833,11.699999809265137,11.609999656677246,11.609999656677246,16000,0.0,0.0
2022-05-24 00:00:00-04:00,11.579999923706055,11.6899995803833,11.550000190734863,11.600000381469727,1500,0.0,0.0
2022-05-25 00:00:00-04:00,11.699999809265137,11.699999809265137,11.5600004196167,11.649999618530273,1300,0.0,0.0
2022-05-26 00:00:00-04:00,11.65999984741211,11.65999984741211,11.649999618530273,11.649999618530273,600,0.0,0.0
2022-05-27 00:00:00-04:00,11.6899995803833,11.765999794006348,11.649999618530273,11.729999542236328,7200,0.0,0.0
2022-05-31 00:00:00-04:00,11.75,11.75,11.75,11.75,400,0.0,0.0
2022-06-01 00:00:00-04:00,11.864999771118164,11.864999771118164,11.720000267028809,11.720000267028809,7200,0.0,0.0
2022-06-02 00:00:00-04:00,11.664999961853027,11.75,11.664999961853027,11.75,1300,0.0,0.0
2022-06-03 00:00:00-04:00,11.600000381469727,11.699999809265137,11.550000190734863,11.699999809265137,8000,0.0,0.0
2022-06-06 00:00:00-04:00,11.699999809265137,11.699999809265137,11.699999809265137,11.699999809265137,0,0.0,0.0
2022-06-07 00:00:00-04:00,11.774999618530273,11.774999618530273,11.609999656677246,11.609999656677246,7800,0.0,0.0
2022-06-08 00:00:00-04:00,11.640000343322754,11.640000343322754,11.640000343322754,11.640000343322754,100,0.0,0.0
2022-06-09 00:00:00-04:00,11.649999618530273,11.649999618530273,11.649999618530273,11.649999618530273,300,0.0,0.0
2022-06-10 00:00:00-04:00,11.649999618530273,11.649999618530273,11.649999618530273,11.649999618530273,0,0.0,0.0
2022-06-13 00:00:00-04:00,11.649999618530273,11.649999618530273,11.649999618530273,11.649999618530273,0,0.0,0.0
2022-06-14 00:00:00-04:00,11.600000381469727,11.600000381469727,11.600000381469727,11.600000381469727,200,0.0,0.0
2022-06-15 00:00:00-04:00,11.600000381469727,11.600000381469727,11.600000381469727,11.600000381469727,0,0.0,0.0
2022-06-16 00:00:00-04:00,11.600000381469727,11.600000381469727,11.5,11.5,11300,0.0,0.0
2022-06-17 00:00:00-04:00,11.510000228881836,11.510000228881836,11.460000038146973,11.489999771118164,8900,0.0,0.0
2022-06-21 00:00:00-04:00,11.460000038146973,11.460000038146973,11.460000038146973,11.460000038146973,1100,0.0,0.0
2022-06-22 00:00:00-04:00,11.5,11.5,11.09000015258789,11.399999618530273,6700,0.0,0.0
2022-06-23 00:00:00-04:00,11.5,11.5,11.350000381469727,11.350000381469727,9800,0.0,0.0
2022-06-24 00:00:00-04:00,11.380000114440918,11.460000038146973,11.380000114440918,11.449999809265137,7100,0.0,0.0
2022-06-27 00:00:00-04:00,11.430000305175781,11.4399995803833,11.420000076293945,11.420000076293945,800,0.0,0.0
2022-06-28 00:00:00-04:00,11.399999618530273,11.430000305175781,11.395000457763672,11.430000305175781,1500,0.0,0.0
2022-06-29 00:00:00-04:00,11.430000305175781,11.430000305175781,11.430000305175781,11.430000305175781,0,0.0,0.0
2022-06-30 00:00:00-04:00,11.399999618530273,11.399999618530273,11.350000381469727,11.399999618530273,1200,0.0,0.0
2022-07-01 00:00:00-04:00,11.399999618530273,11.399999618530273,11.399999618530273,11.399999618530273,0,0.0,0.0
2022-07-05 00:00:00-04:00,11.420000076293945,11.420000076293945,11.420000076293945,11.420000076293945,400,0.0,0.0
2022-07-06 00:00:00-04:00,11.425000190734863,11.425000190734863,11.350000381469727,11.350000381469727,700,0.0,0.0
2022-07-07 00:00:00-04:00,11.350000381469727,11.350000381469727,11.350000381469727,11.350000381469727,0,0.0,0.0
2022-07-08 00:00:00-04:00,11.350000381469727,11.350000381469727,11.350000381469727,11.350000381469727,0,0.0,0.0
2022-07-11 00:00:00-04:00,11.350000381469727,11.350000381469727,11.324999809265137,11.338000297546387,700,0.0,0.0
2022-07-12 00:00:00-04:00,11.338000297546387,11.338000297546387,11.338000297546387,11.338000297546387,0,0.0,0.0
2022-07-13 00:00:00-04:00,11.338000297546387,11.338000297546387,11.338000297546387,11.338000297546387,0,0.0,0.0
2022-07-14 00:00:00-04:00,11.329999923706055,11.329999923706055,11.329999923706055,11.329999923706055,2100,0.0,0.0
2022-07-15 00:00:00-04:00,11.350000381469727,11.350000381469727,11.350000381469727,11.350000381469727,100,0.0,0.0
2022-07-18 00:00:00-04:00,11.350000381469727,11.380000114440918,11.329999923706055,11.329999923706055,2000,0.0,0.0
2022-07-19 00:00:00-04:00,11.329999923706055,11.329999923706055,11.329999923706055,11.329999923706055,0,0.0,0.0
2022-07-20 00:00:00-04:00,11.199999809265137,11.255000114440918,11.199999809265137,11.255000114440918,1500,0.0,0.0
2022-07-21 00:00:00-04:00,11.255000114440918,11.255000114440918,11.255000114440918,11.255000114440918,300,0.0,0.0
2022-07-22 00:00:00-04:00,11.170000076293945,11.170000076293945,11.170000076293945,11.170000076293945,300,0.0,0.0
2022-07-25 00:00:00-04:00,11.300000190734863,11.350000381469727,11.300000190734863,11.335000038146973,1700,0.0,0.0
2022-07-26 00:00:00-04:00,11.300000190734863,11.300000190734863,11.289999961853027,11.289999961853027,1400,0.0,0.0
2022-07-27 00:00:00-04:00,11.289999961853027,11.289999961853027,11.289999961853027,11.289999961853027,0,0.0,0.0
2022-07-28 00:00:00-04:00,11.300000190734863,11.300000190734863,11.199999809265137,11.199999809265137,3300,0.0,0.0
2022-07-29 00:00:00-04:00,11.300000190734863,11.300000190734863,11.244999885559082,11.244999885559082,1400,0.0,0.0
2022-08-01 00:00:00-04:00,11.199999809265137,11.265000343322754,11.199999809265137,11.265000343322754,900,0.0,0.0
2022-08-02 00:00:00-04:00,11.260000228881836,11.300000190734863,11.109999656677246,11.109999656677246,2600,0.0,0.0
2022-08-03 00:00:00-04:00,11.199999809265137,11.25,11.199999809265137,11.25,1600,0.0,0.0
2022-08-04 00:00:00-04:00,11.649999618530273,11.680000305175781,11.25,11.270000457763672,1800,0.0,0.0
2022-08-05 00:00:00-04:00,11.276000022888184,11.300000190734863,11.276000022888184,11.300000190734863,3000,0.0,0.0
2022-08-08 00:00:00-04:00,11.420000076293945,11.593999862670898,11.420000076293945,11.5,3800,0.0,0.0
2022-08-09 00:00:00-04:00,11.199999809265137,11.449999809265137,11.199999809265137,11.449999809265137,2700,0.0,0.0
2022-08-10 00:00:00-04:00,11.5,11.5,11.380000114440918,11.380000114440918,40700,0.0,0.0
2022-08-11 00:00:00-04:00,11.380000114440918,11.380000114440918,11.380000114440918,11.380000114440918,100,0.0,0.0
2022-08-12 00:00:00-04:00,11.380000114440918,11.380000114440918,11.380000114440918,11.380000114440918,100,0.0,0.0
2022-08-15 00:00:00-04:00,11.40999984741211,11.489999771118164,11.300000190734863,11.375,2100,0.0,0.0
2022-08-16 00:00:00-04:00,11.390000343322754,11.390000343322754,11.380000114440918,11.380000114440918,1000,0.0,0.0
2022-08-17 00:00:00-04:00,11.449999809265137,11.449999809265137,11.449999809265137,11.449999809265137,600,0.0,0.0
2022-08-18 00:00:00-04:00,11.449999809265137,11.449999809265137,11.449999809265137,11.449999809265137,0,0.0,0.0
2022-08-19 00:00:00-04:00,11.449999809265137,11.449999809265137,11.449999809265137,11.449999809265137,0,0.0,0.0
2022-08-22 00:00:00-04:00,11.449999809265137,11.449999809265137,11.449999809265137,11.449999809265137,0,0.0,0.0
2022-08-23 00:00:00-04:00,11.449999809265137,11.449999809265137,11.449999809265137,11.449999809265137,0,0.0,0.0
2022-08-24 00:00:00-04:00,11.220000267028809,11.220000267028809,11.220000267028809,11.220000267028809,600,0.0,0.0
2022-08-25 00:00:00-04:00,11.335000038146973,11.335000038146973,11.234999656677246,11.234999656677246,800,0.0,0.0
2022-08-26 00:00:00-04:00,11.109999656677246,11.21500015258789,11.109999656677246,11.109999656677246,1500,0.0,0.0
2022-08-29 00:00:00-04:00,11.109999656677246,11.109999656677246,11.109999656677246,11.109999656677246,0,0.0,0.0
2022-08-30 00:00:00-04:00,11.1899995803833,11.210000038146973,11.1899995803833,11.210000038146973,1100,0.0,0.0
2022-08-31 00:00:00-04:00,11.220000267028809,11.220000267028809,11.010000228881836,11.010000228881836,2000,0.0,0.0
2022-09-01 00:00:00-04:00,11.100000381469727,11.100000381469727,11.100000381469727,11.100000381469727,400,0.0,0.0
2022-09-02 00:00:00-04:00,11.220000267028809,11.220000267028809,11.100000381469727,11.100000381469727,2500,0.0,0.0
2022-09-06 00:00:00-04:00,11.270000457763672,11.270000457763672,11.010000228881836,11.010000228881836,2000,0.0,0.0
2022-09-07 00:00:00-04:00,11.050000190734863,11.208999633789062,11.020000457763672,11.020000457763672,3100,0.0,0.0
2022-09-08 00:00:00-04:00,11.029999732971191,11.175000190734863,11.029999732971191,11.100000381469727,15300,0.0,0.0
2022-09-09 00:00:00-04:00,11.140000343322754,11.140000343322754,11.010000228881836,11.010000228881836,1200,0.0,0.0
2022-09-12 00:00:00-04:00,11.0600004196167,11.0600004196167,11.0600004196167,11.0600004196167,400,0.0,0.0
2022-09-13 00:00:00-04:00,11.050000190734863,11.25,11.050000190734863,11.050000190734863,10700,0.0,0.0
2022-09-14 00:00:00-04:00,11.40999984741211,11.40999984741211,11.199999809265137,11.199999809265137,16800,0.0,0.0
2022-09-15 00:00:00-04:00,11.399999618530273,11.399999618530273,11.399999618530273,11.399999618530273,200,0.0,0.0
2022-09-16 00:00:00-04:00,11.369999885559082,11.390000343322754,11.369999885559082,11.390000343322754,2500,0.0,0.0
2022-09-19 00:00:00-04:00,11.156999588012695,11.190999984741211,11.0600004196167,11.0600004196167,4800,0.0,0.0
2022-09-20 00:00:00-04:00,11.0600004196167,11.0600004196167,11.050000190734863,11.050000190734863,1900,0.0,0.0
2022-09-21 00:00:00-04:00,11.050000190734863,11.050000190734863,11.050000190734863,11.050000190734863,0,0.0,0.0
2022-09-22 00:00:00-04:00,11.050000190734863,11.050000190734863,11.050000190734863,11.050000190734863,0,0.0,0.0
2022-09-23 00:00:00-04:00,11.050000190734863,11.050000190734863,11.050000190734863,11.050000190734863,0,0.0,0.0
2022-09-26 00:00:00-04:00,11.050000190734863,11.050000190734863,11.050000190734863,11.050000190734863,200,0.0,0.0
2022-09-27 00:00:00-04:00,11.050000190734863,11.07800006866455,11.050000190734863,11.050000190734863,2800,0.0,0.0
2022-09-28 00:00:00-04:00,11.050000190734863,11.125,11.050000190734863,11.050000190734863,1800,0.0,0.0
2022-09-29 00:00:00-04:00,11.119999885559082,11.130000114440918,11.050000190734863,11.050000190734863,2800,0.0,0.0
2022-09-30 00:00:00-04:00,11.079000473022461,11.079000473022461,11.050000190734863,11.050000190734863,1700,0.0,0.0
2022-10-03 00:00:00-04:00,11.050000190734863,11.050000190734863,11.050000190734863,11.050000190734863,0,0.0,0.0
2022-10-04 00:00:00-04:00,11.050000190734863,11.050000190734863,11.050000190734863,11.050000190734863,0,0.0,0.0
2022-10-05 00:00:00-04:00,11.050000190734863,11.050000190734863,11.050000190734863,11.050000190734863,300,0.0,0.0
2022-10-06 00:00:00-04:00,11.050000190734863,11.050000190734863,11.050000190734863,11.050000190734863,0,0.0,0.0
2022-10-07 00:00:00-04:00,11.050000190734863,11.050000190734863,11.050000190734863,11.050000190734863,700,0.0,0.0
2022-10-10 00:00:00-04:00,11.050000190734863,11.050000190734863,11.050000190734863,11.050000190734863,0,0.0,0.0
2022-10-11 00:00:00-04:00,11.050000190734863,11.079999923706055,11.050000190734863,11.050000190734863,3700,0.0,0.0
2022-10-12 00:00:00-04:00,11.050000190734863,11.050000190734863,11.050000190734863,11.050000190734863,100,0.0,0.0
2022-10-13 00:00:00-04:00,11.050000190734863,11.050000190734863,11.050000190734863,11.050000190734863,200,0.0,0.0
2022-10-14 00:00:00-04:00,11.050000190734863,11.140000343322754,11.050000190734863,11.140000343322754,4900,0.0,0.0
2022-10-17 00:00:00-04:00,11.0600004196167,11.0600004196167,11.039999961853027,11.039999961853027,6300,0.0,0.0
2022-10-18 00:00:00-04:00,11.039999961853027,11.039999961853027,11.039999961853027,11.039999961853027,0,0.0,0.0
2022-10-19 00:00:00-04:00,11.039999961853027,11.039999961853027,11.0,11.0,400,0.0,0.0
2022-10-20 00:00:00-04:00,11.024999618530273,11.024999618530273,11.0,11.017000198364258,1200,0.0,0.0
2022-10-21 00:00:00-04:00,11.017000198364258,11.017000198364258,11.017000198364258,11.017000198364258,0,0.0,0.0
2022-10-24 00:00:00-04:00,11.017000198364258,11.017000198364258,11.017000198364258,11.017000198364258,0,0.0,0.0
2022-10-25 00:00:00-04:00,10.949999809265137,11.0,10.949999809265137,10.970000267028809,1300,0.0,0.0
2022-10-26 00:00:00-04:00,11.0,11.029999732971191,11.0,11.029999732971191,4400,0.0,0.0
2022-10-27 00:00:00-04:00,11.029999732971191,11.029999732971191,11.029999732971191,11.029999732971191,0,0.0,0.0
2022-10-28 00:00:00-04:00,10.869999885559082,10.869999885559082,10.869999885559082,10.869999885559082,300,0.0,0.0
2022-10-31 00:00:00-04:00,10.869999885559082,10.880000114440918,10.869999885559082,10.880000114440918,400,0.0,0.0
2022-11-01 00:00:00-04:00,10.850000381469727,10.850000381469727,10.850000381469727,10.850000381469727,400,0.0,0.0
2022-11-02 00:00:00-04:00,10.850000381469727,10.850000381469727,10.850000381469727,10.850000381469727,300,0.0,0.0
2022-11-03 00:00:00-04:00,10.850000381469727,10.850000381469727,10.850000381469727,10.850000381469727,0,0.0,0.0
2022-11-04 00:00:00-04:00,10.76200008392334,10.880000114440918,10.694999694824219,10.880000114440918,1900,0.0,0.0
2022-11-07 00:00:00-05:00,10.880000114440918,10.880000114440918,10.880000114440918,10.880000114440918,0,0.0,0.0
2022-11-08 00:00:00-05:00,11.050000190734863,11.050000190734863,11.010000228881836,11.010000228881836,900,0.0,0.0
2022-11-09 00:00:00-05:00,10.979999542236328,11.010000228881836,10.970000267028809,11.010000228881836,900,0.0,0.0
2022-11-10 00:00:00-05:00,11.010000228881836,11.010000228881836,11.010000228881836,11.010000228881836,0,0.0,0.0
2022-11-11 00:00:00-05:00,11.010000228881836,11.010000228881836,11.010000228881836,11.010000228881836,0,0.0,0.0
2022-11-14 00:00:00-05:00,11.050000190734863,11.050000190734863,11.039999961853027,11.039999961853027,500,0.0,0.0
2022-11-15 00:00:00-05:00,11.039999961853027,11.039999961853027,11.039999961853027,11.039999961853027,100,0.0,0.0
2022-11-16 00:00:00-05:00,11.039999961853027,11.039999961853027,11.039999961853027,11.039999961853027,0,0.0,0.0
2022-11-17 00:00:00-05:00,10.670000076293945,10.670000076293945,10.670000076293945,10.670000076293945,400,0.0,0.0
2022-11-18 00:00:00-05:00,10.722999572753906,10.722999572753906,10.699999809265137,10.699999809265137,500,0.0,0.0
2022-11-21 00:00:00-05:00,10.699999809265137,10.699999809265137,10.699999809265137,10.699999809265137,100,0.0,0.0
2022-11-22 00:00:00-05:00,10.739999771118164,10.822999954223633,10.739999771118164,10.822999954223633,600,0.0,0.0
2022-11-23 00:00:00-05:00,10.850000381469727,10.850000381469727,10.850000381469727,10.850000381469727,400,0.0,0.0
2022-11-25 00:00:00-05:00,10.850000381469727,10.850000381469727,10.850000381469727,10.850000381469727,0,0.0,0.0
2022-11-28 00:00:00-05:00,10.850000381469727,10.850000381469727,10.850000381469727,10.850000381469727,0,0.0,0.0
2022-11-29 00:00:00-05:00,10.850000381469727,10.850000381469727,10.850000381469727,10.850000381469727,0,0.0,0.0
2022-11-30 00:00:00-05:00,10.850000381469727,10.850000381469727,10.850000381469727,10.850000381469727,0,0.0,0.0
2022-12-01 00:00:00-05:00,10.850000381469727,10.850000381469727,10.850000381469727,10.850000381469727,0,0.0,0.0
2022-12-02 00:00:00-05:00,10.770000457763672,10.770000457763672,10.770000457763672,10.770000457763672,300,0.0,0.0
2022-12-05 00:00:00-05:00,10.729999542236328,10.729999542236328,10.720000267028809,10.720000267028809,600,0.0,0.0
2022-12-06 00:00:00-05:00,10.760000228881836,10.779999732971191,10.760000228881836,10.779999732971191,400,0.0,0.0
2022-12-07 00:00:00-05:00,10.800000190734863,11.039999961853027,10.800000190734863,11.029999732971191,15900,0.0,0.0
2022-12-08 00:00:00-05:00,10.680000305175781,10.710000038146973,10.680000305175781,10.680000305175781,700,0.0,0.0
2022-12-09 00:00:00-05:00,10.680000305175781,10.680000305175781,10.680000305175781,10.680000305175781,0,0.0,0.0
2022-12-12 00:00:00-05:00,10.84000015258789,10.84000015258789,10.84000015258789,10.84000015258789,400,0.0,0.0
2022-12-13 00:00:00-05:00,10.815999984741211,10.815999984741211,10.619999885559082,10.65999984741211,2000,0.0,0.0
2022-12-14 00:00:00-05:00,10.640000343322754,10.65999984741211,10.640000343322754,10.65999984741211,400,0.0,0.0
2022-12-15 00:00:00-05:00,10.649999618530273,10.649999618530273,10.510000228881836,10.510000228881836,1700,0.0,0.0
2022-12-16 00:00:00-05:00,10.989999771118164,10.989999771118164,10.979999542236328,10.989999771118164,800,0.0,0.0
2022-12-19 00:00:00-05:00,10.989999771118164,10.989999771118164,10.989999771118164,10.989999771118164,0,0.0,0.0
2022-12-20 00:00:00-05:00,10.989999771118164,10.989999771118164,10.989999771118164,10.989999771118164,0,0.0,0.0
2022-12-21 00:00:00-05:00,10.949999809265137,10.949999809265137,10.859999656677246,10.859999656677246,700,0.0,0.0
2022-12-22 00:00:00-05:00,10.699999809265137,10.699999809265137,10.699999809265137,10.699999809265137,300,0.0,0.0
2022-12-23 00:00:00-05:00,10.699999809265137,10.699999809265137,10.699999809265137,10.699999809265137,0,0.0,0.0
2022-12-27 00:00:00-05:00,10.699999809265137,10.699999809265137,10.699999809265137,10.699999809265137,0,0.0,0.0
2022-12-28 00:00:00-05:00,10.649999618530273,10.649999618530273,10.649999618530273,10.649999618530273,300,0.0,0.0
2022-12-29 00:00:00-05:00,10.649999618530273,10.649999618530273,10.649999618530273,10.649999618530273,0,0.0,0.0
2022-12-30 00:00:00-05:00,10.800000190734863,10.800000190734863,10.75,10.800000190734863,4100,0.0,0.0
2023-01-03 00:00:00-05:00,10.800000190734863,10.800000190734863,10.800000190734863,10.800000190734863,0,0.0,0.0
2023-01-04 00:00:00-05:00,10.800000190734863,10.800000190734863,10.800000190734863,10.800000190734863,0,0.0,0.0
2023-01-05 00:00:00-05:00,10.989999771118164,10.989999771118164,10.989999771118164,10.989999771118164,5300,0.0,0.0
2023-01-06 00:00:00-05:00,10.699999809265137,10.699999809265137,10.699999809265137,10.699999809265137,100,0.0,0.0
2023-01-09 00:00:00-05:00,10.699999809265137,10.699999809265137,10.699999809265137,10.699999809265137,0,0.0,0.0
2023-01-10 00:00:00-05:00,10.699999809265137,10.699999809265137,10.699999809265137,10.699999809265137,0,0.0,0.0
2023-01-11 00:00:00-05:00,10.800000190734863,10.800000190734863,10.800000190734863,10.800000190734863,3300,0.0,0.0
2023-01-12 00:00:00-05:00,10.800000190734863,10.800000190734863,10.800000190734863,10.800000190734863,0,0.0,0.0
2023-01-13 00:00:00-05:00,10.800000190734863,10.800000190734863,10.800000190734863,10.800000190734863,0,0.0,0.0
2023-01-17 00:00:00-05:00,10.8100004196167,11.0,10.8100004196167,10.859999656677246,5000,0.0,0.0
2023-01-18 00:00:00-05:00,10.859999656677246,10.979999542236328,10.850000381469727,10.979999542236328,2100,0.0,0.0
2023-01-19 00:00:00-05:00,10.859999656677246,10.930000305175781,10.859999656677246,10.930000305175781,1000,0.0,0.0
2023-01-20 00:00:00-05:00,10.930000305175781,10.930000305175781,10.930000305175781,10.930000305175781,0,0.0,0.0
2023-01-23 00:00:00-05:00,10.9399995803833,10.9399995803833,10.859999656677246,10.899999618530273,5700,0.0,0.0
2023-01-24 00:00:00-05:00,10.930000305175781,10.930000305175781,10.920000076293945,10.930000305175781,2800,0.0,0.0
2023-01-25 00:00:00-05:00,10.9399995803833,10.9399995803833,10.930000305175781,10.930000305175781,1100,0.0,0.0
2023-01-26 00:00:00-05:00,10.859999656677246,10.9399995803833,10.859999656677246,10.9399995803833,700,0.0,0.0
2023-01-27 00:00:00-05:00,10.9399995803833,10.9399995803833,10.9399995803833,10.9399995803833,0,0.0,0.0
2023-01-30 00:00:00-05:00,10.9399995803833,10.9399995803833,10.9399995803833,10.9399995803833,100,0.0,0.0
2023-01-31 00:00:00-05:00,11.029999732971191,11.029999732971191,11.029999732971191,11.029999732971191,2300,0.0,0.0
2023-02-01 00:00:00-05:00,11.050000190734863,11.050000190734863,10.96500015258789,10.96500015258789,1500,0.0,0.0
2023-02-02 00:00:00-05:00,11.0,11.0,11.0,11.0,1000,0.0,0.0
2023-02-03 00:00:00-05:00,10.949999809265137,10.949999809265137,10.949999809265137,10.949999809265137,300,0.0,0.0
2023-02-06 00:00:00-05:00,10.949999809265137,10.949999809265137,10.949999809265137,10.949999809265137,0,0.0,0.0
2023-02-07 00:00:00-05:00,10.899999618530273,10.899999618530273,10.899999618530273,10.899999618530273,1400,0.0,0.0
2023-02-08 00:00:00-05:00,11.0,11.0,10.989999771118164,11.0,1900,0.0,0.0
2023-02-09 00:00:00-05:00,10.880000114440918,10.880000114440918,10.774999618530273,10.800000190734863,1800,0.0,0.0
2023-02-10 00:00:00-05:00,11.0,11.0,11.0,11.0,300,0.0,0.0
2023-02-13 00:00:00-05:00,10.710000038146973,10.710000038146973,10.710000038146973,10.710000038146973,300,0.0,0.0
2023-02-14 00:00:00-05:00,10.949999809265137,11.039999961853027,10.949999809265137,11.039999961853027,1900,0.0,0.0
2023-02-15 00:00:00-05:00,11.039999961853027,11.039999961853027,11.039999961853027,11.039999961853027,400,0.0,0.0
2023-02-16 00:00:00-05:00,10.859999656677246,10.869999885559082,10.859999656677246,10.869999885559082,500,0.0,0.0
2023-02-17 00:00:00-05:00,10.869999885559082,10.869999885559082,10.869999885559082,10.869999885559082,100,0.0,0.0
2023-02-21 00:00:00-05:00,11.0,11.0,10.970000267028809,10.979999542236328,1300,0.0,0.0
2023-02-22 00:00:00-05:00,10.960000038146973,11.0,10.960000038146973,11.0,2100,0.0,0.0
2023-02-23 00:00:00-05:00,11.0,11.0,11.0,11.0,0,0.0,0.0
2023-02-24 00:00:00-05:00,11.0,11.0,11.0,11.0,0,0.0,0.0
2023-02-27 00:00:00-05:00,11.0,11.0,11.0,11.0,0,0.0,0.0
2023-02-28 00:00:00-05:00,10.970000267028809,10.979999542236328,10.970000267028809,10.979999542236328,600,0.0,0.0
2023-03-01 00:00:00-05:00,11.0,11.0,10.90999984741211,10.90999984741211,1500,0.0,0.0
2023-03-02 00:00:00-05:00,11.0,11.0,10.899999618530273,11.0,2300,0.0,0.0
2023-03-03 00:00:00-05:00,10.75,11.0,10.75,11.0,1100,0.0,0.0
2023-03-06 00:00:00-05:00,11.0,11.0,11.0,11.0,0,0.0,0.0
2023-03-07 00:00:00-05:00,11.0,11.0,11.0,11.0,100,0.0,0.0
2023-03-08 00:00:00-05:00,11.0,11.0,11.0,11.0,400,0.0,0.0
2023-03-09 00:00:00-05:00,11.0,11.0,11.0,11.0,100,0.0,0.0
2023-03-10 00:00:00-05:00,11.0,11.0,11.0,11.0,600,0.0,0.0
2023-03-13 00:00:00-04:00,11.0,11.0,11.0,11.0,3900,0.0,0.0
2023-03-14 00:00:00-04:00,10.760000228881836,10.85200023651123,10.40999984741211,10.449999809265137,3400,0.0,0.0
2023-03-15 00:00:00-04:00,10.6899995803833,10.6899995803833,10.109999656677246,10.109999656677246,5200,0.0,0.0
2023-03-16 00:00:00-04:00,10.109999656677246,10.119999885559082,10.109999656677246,10.119999885559082,2100,0.0,0.0
2023-03-17 00:00:00-04:00,10.5,10.850000381469727,10.15999984741211,10.850000381469727,1500,0.0,0.0
2023-03-20 00:00:00-04:00,10.25,10.25,10.25,10.25,600,0.0,0.0
2023-03-21 00:00:00-04:00,10.760000228881836,10.760000228881836,10.5,10.5,400,0.0,0.0
2023-03-22 00:00:00-04:00,10.5,10.5,10.5,10.5,100,0.0,0.0
2023-03-23 00:00:00-04:00,10.5,10.5,10.149999618530273,10.270999908447266,2200,0.0,0.0
2023-03-24 00:00:00-04:00,10.270999908447266,10.270999908447266,10.270999908447266,10.270999908447266,0,0.0,0.0
2023-03-27 00:00:00-04:00,10.15999984741211,10.25,10.15999984741211,10.25,500,0.0,0.0
2023-03-28 00:00:00-04:00,10.350000381469727,10.37600040435791,10.350000381469727,10.37600040435791,1200,0.0,0.0
2023-03-29 00:00:00-04:00,10.5,10.5,10.5,10.5,400,0.0,0.0
2023-03-30 00:00:00-04:00,10.187999725341797,10.348999977111816,10.187999725341797,10.199999809265137,4400,0.0,0.0
2023-03-31 00:00:00-04:00,10.5,10.5,10.199999809265137,10.199999809265137,500,0.0,0.0
2023-04-03 00:00:00-04:00,10.199999809265137,10.199999809265137,10.199999809265137,10.199999809265137,0,0.0,0.0
2023-04-04 00:00:00-04:00,10.300000190734863,10.300000190734863,10.199999809265137,10.199999809265137,2300,0.0,0.0
2023-04-05 00:00:00-04:00,10.199999809265137,10.199999809265137,10.199999809265137,10.199999809265137,0,0.0,0.0
2023-04-06 00:00:00-04:00,10.286999702453613,10.286999702453613,10.286999702453613,10.286999702453613,200,0.0,0.0
2023-04-10 00:00:00-04:00,10.109999656677246,10.109999656677246,9.850000381469727,9.850000381469727,3600,0.0,0.0
2023-04-11 00:00:00-04:00,9.859999656677246,9.859999656677246,9.850000381469727,9.850000381469727,600,0.0,0.0
2023-04-12 00:00:00-04:00,10.40999984741211,10.40999984741211,9.85099983215332,9.85099983215332,2000,0.0,0.0
2023-04-13 00:00:00-04:00,9.850000381469727,9.850000381469727,9.520000457763672,9.520000457763672,600,0.0,0.0
2023-04-14 00:00:00-04:00,9.78499984741211,9.789999961853027,9.579999923706055,9.789999961853027,3700,0.0,0.0
2023-04-17 00:00:00-04:00,9.579999923706055,9.579999923706055,9.579999923706055,9.579999923706055,500,0.0,0.0
2023-04-18 00:00:00-04:00,9.550000190734863,9.550000190734863,9.550000190734863,9.550000190734863,600,0.0,0.0
2023-04-19 00:00:00-04:00,9.550000190734863,9.550000190734863,9.550000190734863,9.550000190734863,0,0.0,0.0
2023-04-20 00:00:00-04:00,9.550000190734863,9.550000190734863,9.550000190734863,9.550000190734863,0,0.0,0.0
2023-04-21 00:00:00-04:00,9.550000190734863,9.779999732971191,9.050000190734863,9.079999923706055,2200,0.0,0.0
2023-04-24 00:00:00-04:00,9.5,9.5,9.5,9.5,400,0.0,0.0
2023-04-25 00:00:00-04:00,9.5,9.5,9.5,9.5,0,0.0,0.0
2023-04-26 00:00:00-04:00,10.130000114440918,10.149999618530273,10.0,10.0,600,0.0,0.0
2023-04-27 00:00:00-04:00,9.550000190734863,9.550000190734863,8.75,8.75,4500,0.0,0.0
2023-04-28 00:00:00-04:00,9.039999961853027,9.819000244140625,8.8100004196167,9.819000244140625,1100,0.0,0.0
2023-05-01 00:00:00-04:00,9.699999809265137,9.699999809265137,8.5,8.510000228881836,2200,0.0,0.0
2023-05-02 00:00:00-04:00,8.869999885559082,9.050000190734863,8.5,8.925000190734863,3900,0.0,0.0
2023-05-03 00:00:00-04:00,8.449999809265137,8.5,8.25,8.25,1500,0.0,0.0
2023-05-04 00:00:00-04:00,8.350000381469727,9.25,8.350000381469727,9.25,1300,0.0,0.0
2023-05-05 00:00:00-04:00,8.85200023651123,9.25,8.85200023651123,9.25,2500,0.0,0.0
2023-05-08 00:00:00-04:00,9.15999984741211,9.15999984741211,9.149999618530273,9.149999618530273,1200,0.0,0.0
2023-05-09 00:00:00-04:00,9.069999694824219,9.069999694824219,8.329999923706055,8.359999656677246,800,0.0,0.0
2023-05-10 00:00:00-04:00,8.449999809265137,9.050000190734863,8.449999809265137,9.050000190734863,1600,0.0,0.0
2023-05-11 00:00:00-04:00,8.350000381469727,8.350000381469727,8.350000381469727,8.350000381469727,500,0.0,0.0
2023-05-12 00:00:00-04:00,8.350000381469727,8.350000381469727,8.350000381469727,8.350000381469727,0,0.0,0.0
2023-05-15 00:00:00-04:00,8.350000381469727,8.350000381469727,8.350000381469727,8.350000381469727,0,0.0,0.0
2023-05-16 00:00:00-04:00,8.350000381469727,8.880000114440918,8.300000190734863,8.654000282287598,3300,0.0,0.0
2023-05-17 00:00:00-04:00,8.744999885559082,8.744999885559082,8.619999885559082,8.619999885559082,1100,0.0,0.0
2023-05-18 00:00:00-04:00,8.66100025177002,8.66100025177002,8.300000190734863,8.300000190734863,3800,0.0,0.0
2023-05-19 00:00:00-04:00,8.649999618530273,8.699999809265137,8.5,8.5,2500,0.0,0.0
2023-05-22 00:00:00-04:00,8.5,8.5,8.5,8.5,0,0.0,0.0
2023-05-23 00:00:00-04:00,8.5,8.5,8.5,8.5,0,0.0,0.0
2023-05-24 00:00:00-04:00,9.0,9.0,8.600000381469727,8.600000381469727,800,0.0,0.0
2023-05-25 00:00:00-04:00,8.588000297546387,8.588000297546387,8.350000381469727,8.350000381469727,3100,0.0,0.0
2023-05-26 00:00:00-04:00,8.420999526977539,8.420999526977539,8.3100004196167,8.319999694824219,1900,0.0,0.0
2023-05-30 00:00:00-04:00,8.3100004196167,8.3100004196167,8.300000190734863,8.3100004196167,2000,0.0,0.0
2023-05-31 00:00:00-04:00,8.3100004196167,8.3100004196167,8.3100004196167,8.3100004196167,0,0.0,0.0
2023-06-01 00:00:00-04:00,8.350000381469727,8.75,8.350000381469727,8.649999618530273,3400,0.0,0.0
2023-06-02 00:00:00-04:00,8.647000312805176,9.050000190734863,8.647000312805176,8.875,4800,0.0,0.0
2023-06-05 00:00:00-04:00,8.741000175476074,8.741000175476074,8.699999809265137,8.699999809265137,900,0.0,0.0
2023-06-06 00:00:00-04:00,8.699999809265137,8.699999809265137,8.699999809265137,8.699999809265137,400,0.0,0.0
2023-06-07 00:00:00-04:00,8.649999618530273,9.050000190734863,8.649999618530273,9.050000190734863,900,0.0,0.0
2023-06-08 00:00:00-04:00,8.699999809265137,8.699999809265137,8.699999809265137,8.699999809265137,1600,0.0,0.0
2023-06-09 00:00:00-04:00,8.649999618530273,8.649999618530273,8.600000381469727,8.600000381469727,1800,0.0,0.0
2023-06-12 00:00:00-04:00,8.550000190734863,8.550000190734863,8.550000190734863,8.550000190734863,500,0.0,0.0
2023-06-13 00:00:00-04:00,8.600000381469727,9.605999946594238,8.569999694824219,8.62600040435791,11300,0.0,0.0
2023-06-14 00:00:00-04:00,8.609999656677246,8.930000305175781,8.359999656677246,8.930000305175781,6300,0.0,0.0
2023-06-15 00:00:00-04:00,8.779999732971191,8.779999732971191,8.59000015258789,8.710000038146973,4100,0.0,0.0
2023-06-16 00:00:00-04:00,8.649999618530273,9.489999771118164,8.649999618530273,9.25,2400,0.0,0.0
2023-06-20 00:00:00-04:00,9.149999618530273,9.270000457763672,9.010000228881836,9.270000457763672,6400,0.0,0.0
2023-06-21 00:00:00-04:00,9.220000267028809,9.289999961853027,9.220000267028809,9.289999961853027,5300,0.0,0.0
2023-06-22 00:00:00-04:00,9.199999809265137,9.199999809265137,9.100000381469727,9.149999618530273,1000,0.0,0.0
2023-06-23 00:00:00-04:00,9.149999618530273,9.149999618530273,9.149999618530273,9.149999618530273,0,0.0,0.0
2023-06-26 00:00:00-04:00,9.25,9.369999885559082,9.25,9.369999885559082,35700,0.0,0.0
2023-06-27 00:00:00-04:00,9.300000190734863,9.399999618530273,9.300000190734863,9.350000381469727,1400,0.0,0.0
2023-06-28 00:00:00-04:00,9.350000381469727,9.350000381469727,9.350000381469727,9.350000381469727,0,0.0,0.0
2023-06-29 00:00:00-04:00,9.350000381469727,9.350000381469727,9.350000381469727,9.350000381469727,0,0.0,0.0
2023-06-30 00:00:00-04:00,9.069999694824219,9.069999694824219,9.069999694824219,9.069999694824219,300,0.0,0.0
2023-07-03 00:00:00-04:00,9.211000442504883,9.211999893188477,9.199999809265137,9.199999809265137,800,0.0,0.0
2023-07-05 00:00:00-04:00,9.25,9.329999923706055,9.25,9.329999923706055,900,0.0,0.0
2023-07-06 00:00:00-04:00,9.390000343322754,9.449999809265137,9.300000190734863,9.40999984741211,3000,0.0,0.0
2023-07-07 00:00:00-04:00,9.40999984741211,9.40999984741211,9.40999984741211,9.40999984741211,0,0.0,0.0
2023-07-10 00:00:00-04:00,9.40999984741211,9.40999984741211,9.40999984741211,9.40999984741211,100,0.0,0.0
2023-07-11 00:00:00-04:00,9.40999984741211,9.40999984741211,9.40999984741211,9.40999984741211,100,0.0,0.0
2023-07-12 00:00:00-04:00,9.529999732971191,9.529999732971191,9.399999618530273,9.399999618530273,25200,0.0,0.0
2023-07-13 00:00:00-04:00,9.399999618530273,9.399999618530273,9.399999618530273,9.399999618530273,0,0.0,0.0
2023-07-14 00:00:00-04:00,9.399999618530273,9.399999618530273,9.399999618530273,9.399999618530273,100,0.0,0.0
2023-07-17 00:00:00-04:00,9.574999809265137,9.574999809265137,9.574999809265137,9.574999809265137,13400,0.0,0.0
2023-07-18 00:00:00-04:00,9.574999809265137,9.574999809265137,9.574999809265137,9.574999809265137,300,0.0,0.0
2023-07-19 00:00:00-04:00,9.739999771118164,9.739999771118164,9.694999694824219,9.694999694824219,500,0.0,0.0
2023-07-20 00:00:00-04:00,9.345000267028809,9.345000267028809,9.345000267028809,9.345000267028809,700,0.0,0.0
2023-07-21 00:00:00-04:00,9.390000343322754,9.390000343322754,9.390000343322754,9.390000343322754,500,0.0,0.0
2023-07-24 00:00:00-04:00,9.449999809265137,9.449999809265137,9.40999984741211,9.40999984741211,300,0.0,0.0
2023-07-25 00:00:00-04:00,9.40999984741211,9.40999984741211,9.40999984741211,9.40999984741211,0,0.0,0.0
2023-07-26 00:00:00-04:00,9.5649995803833,9.5649995803833,9.399999618530273,9.399999618530273,25600,0.0,0.0
2023-07-27 00:00:00-04:00,9.399999618530273,9.399999618530273,9.399999618530273,9.399999618530273,0,0.0,0.0
2023-07-28 00:00:00-04:00,9.399999618530273,9.399999618530273,9.399999618530273,9.399999618530273,600,0.0,0.0
2023-07-31 00:00:00-04:00,9.5,9.789999961853027,9.5,9.789999961853027,18000,0.0,0.0
2023-08-01 00:00:00-04:00,9.789999961853027,9.789999961853027,9.697999954223633,9.697999954223633,1100,0.0,0.0
2023-08-02 00:00:00-04:00,9.70199966430664,9.789999961853027,9.70199966430664,9.789999961853027,900,0.0,0.0
2023-08-03 00:00:00-04:00,9.789999961853027,9.789999961853027,9.789999961853027,9.789999961853027,100,0.0,0.0
2023-08-04 00:00:00-04:00,9.789999961853027,9.789999961853027,9.789999961853027,9.789999961853027,0,0.0,0.0
2023-08-07 00:00:00-04:00,9.789999961853027,9.789999961853027,9.789999961853027,9.789999961853027,0,0.0,0.0
2023-08-08 00:00:00-04:00,9.789999961853027,9.789999961853027,9.789999961853027,9.789999961853027,0,0.0,0.0
2023-08-09 00:00:00-04:00,9.510000228881836,9.520000457763672,9.510000228881836,9.520000457763672,1300,0.0,0.0
2023-08-10 00:00:00-04:00,9.550000190734863,9.5600004196167,9.539999961853027,9.5600004196167,1100,0.0,0.0
2023-08-11 00:00:00-04:00,9.5600004196167,9.5600004196167,9.5600004196167,9.5600004196167,100,0.0,0.0
2023-08-14 00:00:00-04:00,9.779999732971191,9.779999732971191,9.779999732971191,9.779999732971191,1600,0.0,0.0
2023-08-15 00:00:00-04:00,9.779999732971191,9.779999732971191,9.779999732971191,9.779999732971191,0,0.0,0.0
2023-08-16 00:00:00-04:00,9.75,9.75,9.5600004196167,9.5600004196167,1200,0.0,0.0
2023-08-17 00:00:00-04:00,9.5600004196167,9.5600004196167,9.5600004196167,9.5600004196167,0,0.0,0.0
2023-08-18 00:00:00-04:00,9.5600004196167,9.5600004196167,9.5600004196167,9.5600004196167,200,0.0,0.0
2023-08-21 00:00:00-04:00,9.5600004196167,9.5600004196167,9.5600004196167,9.5600004196167,400,0.0,0.0
2023-08-22 00:00:00-04:00,9.534000396728516,9.534000396728516,9.494999885559082,9.494999885559082,1300,0.0,0.0
2023-08-23 00:00:00-04:00,9.420000076293945,9.420000076293945,9.399999618530273,9.399999618530273,1900,0.0,0.0
2023-08-24 00:00:00-04:00,9.399999618530273,9.399999618530273,9.399999618530273,9.399999618530273,0,0.0,0.0
2023-08-25 00:00:00-04:00,9.399999618530273,9.399999618530273,9.399999618530273,9.399999618530273,0,0.0,0.0
2023-08-28 00:00:00-04:00,9.0600004196167,9.15999984741211,9.0600004196167,9.15999984741211,2500,0.0,0.0
2023-08-29 00:00:00-04:00,8.789999961853027,8.789999961853027,8.395999908447266,8.395999908447266,6300,0.0,0.0
2023-08-30 00:00:00-04:00,9.199999809265137,9.199999809265137,9.199999809265137,9.199999809265137,700,0.0,0.0
2023-08-31 00:00:00-04:00,8.710000038146973,9.149999618530273,8.411999702453613,9.050000190734863,5300,0.0,0.0
2023-09-01 00:00:00-04:00,8.744999885559082,8.829999923706055,8.744999885559082,8.829999923706055,900,0.0,0.0
2023-09-05 00:00:00-04:00,8.829999923706055,8.829999923706055,8.829999923706055,8.829999923706055,0,0.0,0.0
2023-09-06 00:00:00-04:00,8.550000190734863,8.550000190734863,8.550000190734863,8.550000190734863,700,0.0,0.0
2023-09-07 00:00:00-04:00,8.550000190734863,8.550000190734863,8.550000190734863,8.550000190734863,0,0.0,0.0
2023-09-08 00:00:00-04:00,9.199999809265137,9.199999809265137,9.199999809265137,9.199999809265137,100,0.0,0.0
2023-09-11 00:00:00-04:00,9.199999809265137,9.199999809265137,9.199999809265137,9.199999809265137,300,0.0,0.0
2023-09-12 00:00:00-04:00,9.0,9.0,9.0,9.0,1200,0.0,0.0
2023-09-13 00:00:00-04:00,8.920000076293945,8.949999809265137,8.5,8.5,1300,0.0,0.0
2023-09-14 00:00:00-04:00,8.479999542236328,8.960000038146973,8.479999542236328,8.960000038146973,1000,0.0,0.0
2023-09-15 00:00:00-04:00,8.800000190734863,8.819999694824219,8.800000190734863,8.819999694824219,400,0.0,0.0
2023-09-18 00:00:00-04:00,8.819999694824219,8.819999694824219,8.819999694824219,8.819999694824219,0,0.0,0.0
2023-09-19 00:00:00-04:00,8.751999855041504,8.890000343322754,8.65999984741211,8.699999809265137,5900,0.0,0.0
2023-09-20 00:00:00-04:00,8.699999809265137,8.699999809265137,8.699999809265137,8.699999809265137,100,0.0,0.0
2023-09-21 00:00:00-04:00,8.510000228881836,8.510000228881836,8.510000228881836,8.510000228881836,100,0.0,0.0
2023-09-22 00:00:00-04:00,8.550000190734863,8.579999923706055,8.449999809265137,8.5,3900,0.0,0.0
2023-09-25 00:00:00-04:00,8.449999809265137,8.503999710083008,8.449999809265137,8.5,2300,0.0,0.0
2023-09-26 00:00:00-04:00,8.5,8.5,8.5,8.5,0,0.0,0.0
2023-09-27 00:00:00-04:00,9.420000076293945,9.420000076293945,8.649999618530273,8.880000114440918,2800,0.0,0.0
2023-09-28 00:00:00-04:00,8.880000114440918,8.880000114440918,8.880000114440918,8.880000114440918,800,0.0,0.0
2023-09-29 00:00:00-04:00,8.460000038146973,8.460000038146973,8.460000038146973,8.460000038146973,600,0.0,0.0
2023-10-02 00:00:00-04:00,8.84000015258789,8.84000015258789,8.550000190734863,8.5600004196167,2800,0.0,0.0
2023-10-03 00:00:00-04:00,8.539999961853027,8.572999954223633,8.539999961853027,8.572999954223633,700,0.0,0.0
2023-10-04 00:00:00-04:00,8.979999542236328,8.979999542236328,8.979999542236328,8.979999542236328,500,0.0,0.0
2023-10-05 00:00:00-04:00,8.961999893188477,8.961999893188477,8.961999893188477,8.961999893188477,900,0.0,0.0
2023-10-06 00:00:00-04:00,8.961999893188477,8.961999893188477,8.961999893188477,8.961999893188477,0,0.0,0.0
2023-10-09 00:00:00-04:00,8.6899995803833,8.6899995803833,8.6899995803833,8.6899995803833,800,0.0,0.0
2023-10-10 00:00:00-04:00,8.850000381469727,8.850000381469727,8.6850004196167,8.694999694824219,1500,0.0,0.0
2023-10-11 00:00:00-04:00,8.75,8.75,8.260000228881836,8.260000228881836,5800,0.0,0.0
2023-10-12 00:00:00-04:00,8.520000457763672,8.729999542236328,8.520000457763672,8.729999542236328,600,0.0,0.0
2023-10-13 00:00:00-04:00,8.25,8.25,8.039999961853027,8.039999961853027,1900,0.0,0.0
2023-10-16 00:00:00-04:00,8.8100004196167,8.850000381469727,8.239999771118164,8.239999771118164,6800,0.0,0.0
2023-10-17 00:00:00-04:00,8.829999923706055,8.829999923706055,8.260000228881836,8.260000228881836,4200,0.0,0.0
2023-10-18 00:00:00-04:00,8.300000190734863,8.829999923706055,8.300000190734863,8.300000190734863,1100,0.0,0.0
2023-10-19 00:00:00-04:00,8.25,8.25,8.199999809265137,8.199999809265137,1700,0.0,0.0
2023-10-20 00:00:00-04:00,8.470000267028809,8.470000267028809,8.470000267028809,8.470000267028809,300,0.0,0.0
2023-10-23 00:00:00-04:00,8.470000267028809,8.470000267028809,8.470000267028809,8.470000267028809,0,0.0,0.0
2023-10-24 00:00:00-04:00,8.479999542236328,8.487000465393066,8.210000038146973,8.210000038146973,39400,0.0,0.0
2023-10-25 00:00:00-04:00,8.289999961853027,8.710000038146973,8.289999961853027,8.449999809265137,1700,0.0,0.0
2023-10-26 00:00:00-04:00,8.449999809265137,8.449999809265137,8.449999809265137,8.449999809265137,0,0.0,0.0
2023-10-27 00:00:00-04:00,8.449999809265137,8.449999809265137,8.449999809265137,8.449999809265137,2800,0.0,0.0
2023-10-30 00:00:00-04:00,8.503000259399414,8.579999923706055,8.220000267028809,8.300000190734863,2200,0.0,0.0
2023-10-31 00:00:00-04:00,8.475000381469727,8.475000381469727,8.449999809265137,8.449999809265137,1100,0.0,0.0
2023-11-01 00:00:00-04:00,8.449999809265137,8.449999809265137,8.449999809265137,8.449999809265137,300,0.0,0.0
2023-11-02 00:00:00-04:00,8.6899995803833,8.732999801635742,8.6899995803833,8.732999801635742,1700,0.0,0.0
2023-11-03 00:00:00-04:00,8.529999732971191,8.529999732971191,8.529999732971191,8.529999732971191,1100,0.0,0.0
2023-11-06 00:00:00-05:00,8.5,8.5,8.5,8.5,700,0.0,0.0
2023-11-07 00:00:00-05:00,8.5,8.5,8.5,8.5,900,0.0,0.0
2023-11-08 00:00:00-05:00,8.524999618530273,8.541000366210938,8.520000457763672,8.541000366210938,900,0.0,0.0
2023-11-09 00:00:00-05:00,8.59000015258789,8.59000015258789,8.5600004196167,8.569999694824219,600,0.0,0.0
2023-11-10 00:00:00-05:00,8.260000228881836,8.260000228881836,8.199999809265137,8.199999809265137,900,0.0,0.0
2023-11-13 00:00:00-05:00,8.300000190734863,8.300000190734863,8.300000190734863,8.300000190734863,400,0.0,0.0
2023-11-14 00:00:00-05:00,8.350000381469727,8.350000381469727,8.350000381469727,8.350000381469727,200,0.0,0.0
2023-11-15 00:00:00-05:00,8.359999656677246,8.359999656677246,8.359999656677246,8.359999656677246,41600,0.0,0.0
2023-11-16 00:00:00-05:00,8.359999656677246,8.359999656677246,8.359999656677246,8.359999656677246,0,0.0,0.0
2023-11-17 00:00:00-05:00,8.399999618530273,8.399999618530273,8.399999618530273,8.399999618530273,1800,0.0,0.0
2023-11-20 00:00:00-05:00,8.399999618530273,8.399999618530273,8.399999618530273,8.399999618530273,0,0.0,0.0
2023-11-21 00:00:00-05:00,8.399999618530273,8.399999618530273,8.399999618530273,8.399999618530273,0,0.0,0.0
2023-11-22 00:00:00-05:00,8.399999618530273,8.399999618530273,8.399999618530273,8.399999618530273,300,0.0,0.0
2023-11-24 00:00:00-05:00,8.399999618530273,8.399999618530273,8.399999618530273,8.399999618530273,400,0.0,0.0
2023-11-27 00:00:00-05:00,8.229999542236328,8.229999542236328,8.229999542236328,8.229999542236328,900,0.0,0.0
2023-11-28 00:00:00-05:00,8.279999732971191,8.279999732971191,8.279999732971191,8.279999732971191,200,0.0,0.0
2023-11-29 00:00:00-05:00,8.5,8.5,8.25,8.25,900,0.0,0.0
2023-11-30 00:00:00-05:00,8.399999618530273,8.609999656677246,8.399999618530273,8.5,2900,0.0,0.0
2023-12-01 00:00:00-05:00,8.350000381469727,8.350000381469727,8.350000381469727,8.350000381469727,100,0.0,0.0
2023-12-04 00:00:00-05:00,8.40999984741211,8.5,8.350000381469727,8.350000381469727,2200,0.0,0.0
2023-12-05 00:00:00-05:00,8.361000061035156,8.600000381469727,8.300000190734863,8.600000381469727,6900,0.0,0.0
2023-12-06 00:00:00-05:00,8.649999618530273,8.649999618530273,8.430000305175781,8.430000305175781,3900,0.0,0.0
2023-12-07 00:00:00-05:00,8.430000305175781,8.430000305175781,8.430000305175781,8.430000305175781,0,0.0,0.0
2023-12-08 00:00:00-05:00,8.430000305175781,8.510000228881836,8.430000305175781,8.510000228881836,3500,0.0,0.0
2023-12-11 00:00:00-05:00,8.6899995803833,8.699999809265137,8.652999877929688,8.699999809265137,3600,0.0,0.0
2023-12-12 00:00:00-05:00,8.75,8.800000190734863,8.600000381469727,8.600000381469727,4900,0.0,0.0
2023-12-13 00:00:00-05:00,8.789999961853027,8.789999961853027,8.789999961853027,8.789999961853027,200,0.0,0.0
2023-12-14 00:00:00-05:00,8.859999656677246,8.989999771118164,8.859999656677246,8.989999771118164,4800,0.0,0.0
2023-12-15 00:00:00-05:00,8.979999542236328,9.350000381469727,8.907999992370605,9.350000381469727,16200,0.0,0.0
2023-12-18 00:00:00-05:00,9.350000381469727,9.350000381469727,9.350000381469727,9.350000381469727,0,0.0,0.0
2023-12-19 00:00:00-05:00,9.34000015258789,9.699999809265137,8.800000190734863,9.649999618530273,17000,0.0,0.0
2023-12-20 00:00:00-05:00,9.199999809265137,9.8149995803833,9.199999809265137,9.600000381469727,8000,0.0,0.0
2023-12-21 00:00:00-05:00,9.795000076293945,9.979999542236328,9.760000228881836,9.800000190734863,24800,0.0,0.0
2023-12-22 00:00:00-05:00,9.699999809265137,9.729999542236328,9.699999809265137,9.720000267028809,3900,0.0,0.0
2023-12-26 00:00:00-05:00,9.720000267028809,9.720000267028809,9.720000267028809,9.720000267028809,0,0.0,0.0
2023-12-27 00:00:00-05:00,9.979999542236328,10.0,9.979999542236328,10.0,900,0.0,0.0
2023-12-28 00:00:00-05:00,10.019000053405762,10.130000114440918,10.0,10.130000114440918,1100,0.0,0.0
2023-12-29 00:00:00-05:00,10.0600004196167,10.274999618530273,10.050000190734863,10.140000343322754,800,0.0,0.0
2024-01-02 00:00:00-05:00,10.199999809265137,10.375,10.199999809265137,10.340999603271484,1300,0.0,0.0
2024-01-03 00:00:00-05:00,10.25,10.489999771118164,10.25,10.489999771118164,1300,0.0,0.0
2024-01-04 00:00:00-05:00,10.25,10.489999771118164,10.25,10.489999771118164,1100,0.0,0.0
2024-01-05 00:00:00-05:00,10.270999908447266,10.270999908447266,10.270999908447266,10.270999908447266,600,0.0,0.0
2024-01-08 00:00:00-05:00,10.270999908447266,10.270999908447266,10.270999908447266,10.270999908447266,0,0.0,0.0
2024-01-09 00:00:00-05:00,10.25,10.303999900817871,10.25,10.303999900817871,600,0.0,0.0
2024-01-10 00:00:00-05:00,10.295000076293945,10.295000076293945,10.100000381469727,10.100000381469727,400,0.0,0.0
2024-01-11 00:00:00-05:00,10.359000205993652,10.359000205993652,10.239999771118164,10.239999771118164,400,0.0,0.0
2024-01-12 00:00:00-05:00,10.239999771118164,10.239999771118164,10.0,10.149999618530273,1200,0.0,0.0
2024-01-16 00:00:00-05:00,10.319999694824219,10.357999801635742,9.949999809265137,10.357999801635742,1700,0.0,0.0
2024-01-17 00:00:00-05:00,10.357999801635742,10.357999801635742,10.357999801635742,10.357999801635742,0,0.0,0.0
2024-01-18 00:00:00-05:00,10.270000457763672,10.489999771118164,9.805999755859375,9.805999755859375,1100,0.0,0.0
2024-01-19 00:00:00-05:00,10.470000267028809,10.5,10.387999534606934,10.5,4800,0.0,0.0
2024-01-22 00:00:00-05:00,10.550000190734863,10.75,10.5,10.75,1300,0.0,0.0
2024-01-23 00:00:00-05:00,10.989999771118164,11.25,10.75,11.25,2200,0.0,0.0
2024-01-24 00:00:00-05:00,11.25,11.25,11.25,11.25,0,0.0,0.0
2024-01-25 00:00:00-05:00,11.25,11.25,11.25,11.25,500,0.0,0.0
2024-01-26 00:00:00-05:00,11.260000228881836,11.260000228881836,10.350000381469727,10.609999656677246,34400,0.0,0.0
2024-01-29 00:00:00-05:00,11.618000030517578,11.618000030517578,10.270000457763672,10.270000457763672,12500,0.0,0.0
2024-01-30 00:00:00-05:00,10.25,10.300000190734863,9.600000381469727,9.800000190734863,6700,0.0,0.0
2024-01-31 00:00:00-05:00,10.180000305175781,11.210000038146973,10.180000305175781,11.109999656677246,1700,0.0,0.0
2024-02-01 00:00:00-05:00,11.109999656677246,11.109999656677246,11.109999656677246,11.109999656677246,400,0.0,0.0
2024-02-02 00:00:00-05:00,11.109999656677246,11.109999656677246,11.109999656677246,11.109999656677246,300,0.0,0.0
2024-02-05 00:00:00-05:00,11.109999656677246,11.109999656677246,11.109999656677246,11.109999656677246,0,0.0,0.0
2024-02-06 00:00:00-05:00,9.899999618530273,10.199999809265137,9.770000457763672,9.859999656677246,9500,0.0,0.0
2024-02-07 00:00:00-05:00,10.0600004196167,10.600000381469727,10.010000228881836,10.600000381469727,1500,0.0,0.0
2024-02-08 00:00:00-05:00,10.600000381469727,10.600000381469727,10.600000381469727,10.600000381469727,0,0.0,0.0
2024-02-09 00:00:00-05:00,10.699999809265137,10.699999809265137,10.699999809265137,10.699999809265137,1800,0.0,0.0
2024-02-12 00:00:00-05:00,10.699999809265137,10.699999809265137,10.699999809265137,10.699999809265137,0,0.0,0.0
2024-02-13 00:00:00-05:00,10.699999809265137,10.699999809265137,10.699999809265137,10.699999809265137,0,0.0,0.0
2024-02-14 00:00:00-05:00,10.699999809265137,10.699999809265137,10.6899995803833,10.699999809265137,1100,0.0,0.0
2024-02-15 00:00:00-05:00,10.699999809265137,10.699999809265137,10.699999809265137,10.699999809265137,0,0.0,0.0
2024-02-16 00:00:00-05:00,10.989999771118164,11.0,10.989999771118164,11.0,1200,0.0,0.0
2024-02-20 00:00:00-05:00,10.979999542236328,10.979999542236328,10.574999809265137,10.706999778747559,800,0.0,0.0
2024-02-21 00:00:00-05:00,10.574999809265137,11.0,10.210000038146973,10.579999923706055,3800,0.0,0.0
2024-02-22 00:00:00-05:00,10.380000114440918,10.380000114440918,10.380000114440918,10.380000114440918,100,0.0,0.0
2024-02-23 00:00:00-05:00,10.739999771118164,10.965999603271484,10.420000076293945,10.510000228881836,2600,0.0,0.0
2024-02-26 00:00:00-05:00,10.899999618530273,10.899999618530273,10.734999656677246,10.734999656677246,200,0.0,0.0
2024-02-27 00:00:00-05:00,10.734999656677246,10.734999656677246,10.734999656677246,10.734999656677246,0,0.0,0.0
2024-02-28 00:00:00-05:00,10.970000267028809,10.970000267028809,10.600000381469727,10.600000381469727,600,0.0,0.0
2024-02-29 00:00:00-05:00,10.600000381469727,10.600000381469727,10.600000381469727,10.600000381469727,0,0.0,0.0
2024-03-01 00:00:00-05:00,10.510000228881836,10.510000228881836,10.510000228881836,10.510000228881836,800,0.0,0.0
2024-03-04 00:00:00-05:00,10.5,10.5,10.5,10.5,300,0.0,0.0
2024-03-05 00:00:00-05:00,10.479999542236328,10.5,10.479999542236328,10.5,1300,0.0,0.0
2024-03-06 00:00:00-05:00,10.5,10.5,10.5,10.5,600,0.0,0.0
2024-03-07 00:00:00-05:00,10.5,10.5,10.5,10.5,600,0.0,0.0
2024-03-08 00:00:00-05:00,10.5,10.5,10.5,10.5,0,0.0,0.0
2024-03-11 00:00:00-04:00,10.15999984741211,10.291999816894531,10.149999618530273,10.149999618530273,800,0.0,0.0
2024-03-12 00:00:00-04:00,10.5,10.5,9.949999809265137,9.949999809265137,2000,0.0,0.0
2024-03-13 00:00:00-04:00,10.770000457763672,10.770000457763672,9.800000190734863,9.800000190734863,600,0.0,0.0
2024-03-14 00:00:00-04:00,10.039999961853027,10.039999961853027,9.380000114440918,9.380000114440918,600,0.0,0.0
2024-03-15 00:00:00-04:00,10.0,10.0,10.0,10.0,1000,0.0,0.0
2024-03-18 00:00:00-04:00,10.970000267028809,10.970000267028809,10.069999694824219,10.069999694824219,400,0.0,0.0
2024-03-19 00:00:00-04:00,10.0,10.0,10.0,10.0,800,0.0,0.0
2024-03-20 00:00:00-04:00,10.0,10.0,10.0,10.0,0,0.0,0.0
2024-03-21 00:00:00-04:00,10.0,10.0,10.0,10.0,0,0.0,0.0
2024-03-22 00:00:00-04:00,10.0,10.0,10.0,10.0,0,0.0,0.0
2024-03-25 00:00:00-04:00,10.0,10.0,10.0,10.0,0,0.0,0.0
2024-03-26 00:00:00-04:00,10.039999961853027,10.039999961853027,10.039999961853027,10.039999961853027,400,0.0,0.0
2024-03-27 00:00:00-04:00,10.5,10.5,10.5,10.5,600,0.0,0.0
2024-03-28 00:00:00-04:00,10.010000228881836,10.010000228881836,9.770000457763672,10.010000228881836,1700,0.0,0.0
2024-04-01 00:00:00-04:00,10.293999671936035,10.385000228881836,10.293999671936035,10.385000228881836,1100,0.0,0.0
2024-04-02 00:00:00-04:00,10.0,10.300000190734863,10.0,10.300000190734863,600,0.0,0.0
2024-04-03 00:00:00-04:00,9.9399995803833,9.9399995803833,9.9399995803833,9.9399995803833,300,0.0,0.0
2024-04-04 00:00:00-04:00,9.9399995803833,9.9399995803833,9.9399995803833,9.9399995803833,0,0.0,0.0
2024-04-05 00:00:00-04:00,10.100000381469727,10.100000381469727,10.100000381469727,10.100000381469727,400,0.0,0.0
2024-04-08 00:00:00-04:00,10.100000381469727,10.100000381469727,10.100000381469727,10.100000381469727,0,0.0,0.0
2024-04-09 00:00:00-04:00,10.100000381469727,10.100000381469727,10.100000381469727,10.100000381469727,0,0.0,0.0
2024-04-10 00:00:00-04:00,10.5,10.5,9.960000038146973,9.960000038146973,800,0.0,0.0
2024-04-11 00:00:00-04:00,9.960000038146973,9.960000038146973,9.960000038146973,9.960000038146973,100,0.0,0.0
2024-04-12 00:00:00-04:00,9.960000038146973,9.960000038146973,9.960000038146973,9.960000038146973,0,0.0,0.0
2024-04-15 00:00:00-04:00,9.960000038146973,9.960000038146973,9.960000038146973,9.960000038146973,0,0.0,0.0
2024-04-16 00:00:00-04:00,9.960000038146973,9.960000038146973,9.960000038146973,9.960000038146973,0,0.0,0.0
2024-04-17 00:00:00-04:00,9.904999732971191,10.449999809265137,9.720000267028809,10.255000114440918,600,0.0,0.0
2024-04-18 00:00:00-04:00,10.255000114440918,10.255000114440918,10.255000114440918,10.255000114440918,0,0.0,0.0
2024-04-19 00:00:00-04:00,10.010000228881836,10.010000228881836,10.010000228881836,10.010000228881836,600,0.0,0.0
2024-04-22 00:00:00-04:00,10.010000228881836,10.010000228881836,10.010000228881836,10.010000228881836,0,0.0,0.0
2024-04-23 00:00:00-04:00,10.010000228881836,10.022000312805176,10.0,10.0,1800,0.0,0.0
2024-04-24 00:00:00-04:00,10.0,10.0,10.0,10.0,300,0.0,0.0
2024-04-25 00:00:00-04:00,10.0,10.0,10.0,10.0,0,0.0,0.0
2024-04-26 00:00:00-04:00,10.225000381469727,10.225000381469727,10.225000381469727,10.225000381469727,300,0.0,0.0
2024-04-29 00:00:00-04:00,10.225000381469727,10.225000381469727,10.225000381469727,10.225000381469727,0,0.0,0.0
2024-04-30 00:00:00-04:00,10.225000381469727,10.225000381469727,10.225000381469727,10.225000381469727,0,0.0,0.0
2024-05-01 00:00:00-04:00,10.225000381469727,10.225000381469727,10.225000381469727,10.225000381469727,0,0.0,0.0
2024-05-02 00:00:00-04:00,10.225000381469727,10.225000381469727,10.225000381469727,10.225000381469727,0,0.0,0.0
2024-05-03 00:00:00-04:00,10.5,10.970000267028809,10.460000038146973,10.970000267028809,6600,0.0,0.0
2024-05-06 00:00:00-04:00,10.229999542236328,10.970000267028809,10.069999694824219,10.069999694824219,500,0.0,0.0
2024-05-07 00:00:00-04:00,10.109999656677246,10.109999656677246,10.109999656677246,10.109999656677246,600,0.0,0.0
2024-05-08 00:00:00-04:00,10.9399995803833,10.9399995803833,10.100000381469727,10.100000381469727,1400,0.0,0.0
2024-05-09 00:00:00-04:00,10.100000381469727,10.100000381469727,10.100000381469727,10.100000381469727,0,0.0,0.0
2024-05-10 00:00:00-04:00,10.100000381469727,10.100000381469727,10.100000381469727,10.100000381469727,100,0.0,0.0
2024-05-13 00:00:00-04:00,10.100000381469727,10.100000381469727,10.100000381469727,10.100000381469727,0,0.0,0.0
2024-05-14 00:00:00-04:00,10.100000381469727,10.100000381469727,10.100000381469727,10.100000381469727,0,0.0,0.0
2024-05-15 00:00:00-04:00,10.100000381469727,10.100000381469727,10.100000381469727,10.100000381469727,100,0.0,0.0
2024-05-16 00:00:00-04:00,10.100000381469727,10.100000381469727,10.100000381469727,10.100000381469727,0,0.0,0.0
2024-05-17 00:00:00-04:00,10.100000381469727,10.100000381469727,10.100000381469727,10.100000381469727,400,0.0,0.0
2024-05-20 00:00:00-04:00,10.100000381469727,10.100000381469727,10.100000381469727,10.100000381469727,0,0.0,0.0
2024-05-21 00:00:00-04:00,10.010000228881836,10.010000228881836,9.914999961853027,9.914999961853027,500,0.0,0.0
2024-05-22 00:00:00-04:00,10.5,10.5,10.5,10.5,200,0.0,0.0
2024-05-23 00:00:00-04:00,10.5,10.5,10.5,10.5,1200,0.0,0.0
2024-05-24 00:00:00-04:00,10.5,10.5,10.5,10.5,0,0.0,0.0
2024-05-28 00:00:00-04:00,10.5,10.5,10.5,10.5,100,0.0,0.0
2024-05-29 00:00:00-04:00,10.5,10.5,10.5,10.5,100,0.0,0.0
2024-05-30 00:00:00-04:00,9.5600004196167,9.989999771118164,9.5600004196167,9.989999771118164,3000,0.0,0.0
2024-05-31 00:00:00-04:00,9.90999984741211,9.90999984741211,9.90999984741211,9.90999984741211,300,0.0,0.0
2024-06-03 00:00:00-04:00,9.90999984741211,9.90999984741211,9.90999984741211,9.90999984741211,0,0.0,0.0
2024-06-04 00:00:00-04:00,10.140000343322754,10.140000343322754,10.140000343322754,10.140000343322754,200,0.0,0.0
2024-06-05 00:00:00-04:00,10.140000343322754,10.649999618530273,10.140000343322754,10.550000190734863,10000,0.0,0.0
2024-06-06 00:00:00-04:00,10.550000190734863,10.550000190734863,10.550000190734863,10.550000190734863,0,0.0,0.0
2024-06-07 00:00:00-04:00,10.550000190734863,10.550000190734863,10.550000190734863,10.550000190734863,0,0.0,0.0
2024-06-10 00:00:00-04:00,10.550000190734863,10.550000190734863,10.550000190734863,10.550000190734863,0,0.0,0.0
2024-06-11 00:00:00-04:00,10.550000190734863,10.550000190734863,10.550000190734863,10.550000190734863,0,0.0,0.0
2024-06-12 00:00:00-04:00,10.550000190734863,10.550000190734863,10.550000190734863,10.550000190734863,0,0.0,0.0
2024-06-13 00:00:00-04:00,10.220000267028809,10.220000267028809,10.220000267028809,10.220000267028809,200,0.0,0.0
2024-06-14 00:00:00-04:00,10.220000267028809,10.220000267028809,10.220000267028809,10.220000267028809,300,0.0,0.0
2024-06-17 00:00:00-04:00,10.220000267028809,10.220000267028809,10.220000267028809,10.220000267028809,0,0.0,0.0
2024-06-18 00:00:00-04:00,10.220000267028809,10.220000267028809,10.220000267028809,10.220000267028809,300,0.0,0.0
2024-06-20 00:00:00-04:00,10.25,10.25,10.130000114440918,10.130000114440918,600,0.0,0.0
2024-06-21 00:00:00-04:00,10.130000114440918,10.130000114440918,10.130000114440918,10.130000114440918,700,0.0,0.0
2024-06-24 00:00:00-04:00,10.130000114440918,10.45300006866455,10.130000114440918,10.45300006866455,2500,0.0,0.0
2024-06-25 00:00:00-04:00,10.489999771118164,10.529999732971191,10.489999771118164,10.529999732971191,800,0.0,0.0
2024-06-26 00:00:00-04:00,10.5,10.5,10.5,10.5,300,0.0,0.0
2024-06-27 00:00:00-04:00,10.199999809265137,10.489999771118164,10.199999809265137,10.489999771118164,900,0.0,0.0
2024-06-28 00:00:00-04:00,10.279999732971191,10.279999732971191,10.25,10.25,700,0.0,0.0
2024-07-01 00:00:00-04:00,10.25,10.25,10.25,10.25,0,0.0,0.0
2024-07-02 00:00:00-04:00,10.130000114440918,10.130000114440918,10.130000114440918,10.130000114440918,600,0.0,0.0
2024-07-03 00:00:00-04:00,10.149999618530273,10.399999618530273,10.149999618530273,10.399999618530273,1900,0.0,0.0
2024-07-05 00:00:00-04:00,10.9399995803833,10.9399995803833,10.199999809265137,10.239999771118164,400,0.0,0.0
2024-07-08 00:00:00-04:00,10.239999771118164,10.239999771118164,10.239999771118164,10.239999771118164,0,0.0,0.0
2024-07-09 00:00:00-04:00,10.239999771118164,10.239999771118164,10.239999771118164,10.239999771118164,0,0.0,0.0
2024-07-10 00:00:00-04:00,10.399999618530273,10.399999618530273,10.399999618530273,10.399999618530273,200,0.0,0.0
2024-07-11 00:00:00-04:00,10.350000381469727,10.350000381469727,10.350000381469727,10.350000381469727,1700,0.0,0.0
2024-07-12 00:00:00-04:00,10.350000381469727,10.359999656677246,10.149999618530273,10.350000381469727,3200,0.0,0.0
2024-07-15 00:00:00-04:00,10.449999809265137,10.449999809265137,10.449999809265137,10.449999809265137,400,0.0,0.0
2024-07-16 00:00:00-04:00,10.369999885559082,10.369999885559082,10.369999885559082,10.369999885559082,200,0.0,0.0
2024-07-17 00:00:00-04:00,10.869999885559082,10.869999885559082,10.869999885559082,10.869999885559082,300,0.0,0.0
2024-07-18 00:00:00-04:00,10.5,10.5,10.496000289916992,10.496000289916992,7100,0.0,0.0
2024-07-19 00:00:00-04:00,10.5,10.5,10.5,10.5,700,0.0,0.0
2024-07-22 00:00:00-04:00,10.350000381469727,10.359999656677246,10.350000381469727,10.359999656677246,700,0.0,0.0
2024-07-23 00:00:00-04:00,10.630000114440918,10.630000114440918,10.619999885559082,10.619999885559082,1400,0.0,0.0
2024-07-24 00:00:00-04:00,10.619999885559082,10.619999885559082,10.619999885559082,10.619999885559082,0,0.0,0.0
2024-07-25 00:00:00-04:00,10.517000198364258,10.517000198364258,10.517000198364258,10.517000198364258,400,0.0,0.0
2024-07-26 00:00:00-04:00,10.5,10.5,10.5,10.5,500,0.0,0.0
