Date,Open,High,Low,Close,Volume,Dividends,Stock Splits
2001-01-04 00:00:00+09:00,515.5658732096355,516.8912353515625,510.26442464192706,516.8912353515625,7000,0.0,0.0
2001-01-05 00:00:00+09:00,502.9750017105394,526.8315235308021,502.9750017105394,520.2047119140625,23000,0.0,0.0
2001-01-08 00:00:00+09:00,520.2047119140625,520.2047119140625,520.2047119140625,520.2047119140625,0,0.0,0.0
2001-01-09 00:00:00+09:00,516.8911935906661,516.8911935906661,503.6375732421875,503.6375732421875,13000,0.0,0.0
2001-01-10 00:00:00+09:00,500.32426012282406,500.32426012282406,487.07063733811344,493.69744873046875,6000,0.0,0.0
2001-01-11 00:00:00+09:00,493.6974713686722,505.625732421875,490.3840655205603,505.625732421875,12000,0.0,0.0
2001-01-12 00:00:00+09:00,494.36032673323234,500.9871407645089,486.4081498957005,487.0708312988281,5000,0.0,0.0
2001-01-15 00:00:00+09:00,505.62568188346876,505.62568188346876,498.9988708496094,498.9988708496094,10000,0.0,0.0
2001-01-16 00:00:00+09:00,487.0706904882558,508.2764892578125,487.0706904882558,508.2764892578125,4000,0.0,0.0
2001-01-17 00:00:00+09:00,508.2764892578125,508.2764892578125,508.2764892578125,508.2764892578125,0,0.0,0.0
2001-01-18 00:00:00+09:00,497.0109115108367,513.5779418945312,497.0109115108367,513.5779418945312,6000,0.0,0.0
2001-01-19 00:00:00+09:00,512.9152017682991,512.9152017682991,493.0347675912332,493.69744873046875,9000,0.0,0.0
2001-01-22 00:00:00+09:00,479.781147984096,479.781147984096,463.8768005371094,463.8768005371094,16000,0.0,0.0
2001-01-23 00:00:00+09:00,463.87669370337517,463.87669370337517,448.6350309102643,455.2618408203125,26000,0.0,0.0
2001-01-24 00:00:00+09:00,456.5872783577355,456.5872783577355,450.6231484517564,453.9365539550781,16000,0.0,0.0
2001-01-25 00:00:00+09:00,447.30976329130283,450.6231689453125,444.6590387680951,450.6231689453125,7000,0.0,0.0
2001-01-26 00:00:00+09:00,447.30968503024656,456.58721923828125,446.6470040153869,456.58721923828125,22000,0.0,0.0
2001-01-29 00:00:00+09:00,457.25006103515625,463.8768735139267,457.25006103515625,457.25006103515625,15000,0.0,0.0
2001-01-30 00:00:00+09:00,456.58734158188554,456.58734158188554,443.9963989257813,443.99639892578125,17000,0.0,0.0
2001-01-31 00:00:00+09:00,455.2618408203125,455.2618408203125,449.96039289227394,455.2618408203125,6000,0.0,0.0
2001-02-01 00:00:00+09:00,457.2500340682241,457.2500340682241,449.9605407714843,449.9605407714844,8000,0.0,0.0
2001-02-02 00:00:00+09:00,455.924660389459,455.924660389459,443.9963989257813,443.99639892578125,11000,0.0,0.0
2001-02-05 00:00:00+09:00,443.9963374451129,460.56336496172156,438.03220753913376,453.9365539550781,19000,0.0,0.0
2001-02-06 00:00:00+09:00,455.2620348994126,455.2620348994126,445.9844970703125,445.9844970703125,9000,0.0,0.0
2001-02-07 00:00:00+09:00,445.9844970703125,445.9844970703125,439.35768433524095,445.9844970703125,10000,0.0,0.0
2001-02-08 00:00:00+09:00,443.99644406255845,447.30985036153277,440.68303776358414,442.67108154296875,9000,0.0,0.0
2001-02-09 00:00:00+09:00,443.9964453379313,447.30985164642334,442.6710828145345,445.3218078613281,4000,0.0,0.0
2001-02-12 00:00:00+09:00,445.3218078613281,445.3218078613281,445.3218078613281,445.3218078613281,0,0.0,0.0
2001-02-13 00:00:00+09:00,453.27398681640625,453.27398681640625,453.27398681640625,453.27398681640625,1000,0.0,0.0
2001-02-14 00:00:00+09:00,449.2979736328125,449.2979736328125,449.2979736328125,449.2979736328125,13000,0.0,0.0
2001-02-15 00:00:00+09:00,455.9246985394022,457.25006103515625,451.94861105214,457.25006103515625,5000,0.0,0.0
2001-02-16 00:00:00+09:00,456.58734981349255,457.25003101786626,443.9964069303919,444.6590881347656,9000,0.0,0.0
2001-02-19 00:00:00+09:00,450.6231689453125,450.6231689453125,450.6231689453125,450.6231689453125,3000,0.0,0.0
2001-02-20 00:00:00+09:00,453.9364951788428,456.58721923828125,453.9364951788428,456.58721923828125,9000,0.0,0.0
2001-02-21 00:00:00+09:00,455.92460410419795,455.92460410419795,441.3456196706335,442.00830078125,5000,0.0,0.0
2001-02-22 00:00:00+09:00,442.00830078125006,442.00830078125006,442.00830078125006,442.00830078125,0,0.0,0.0
2001-02-23 00:00:00+09:00,448.635009765625,448.635009765625,448.635009765625,448.635009765625,2000,0.0,0.0
2001-02-26 00:00:00+09:00,444.65911732549256,457.25006103515625,444.65911732549256,457.25006103515625,7000,0.0,0.0
2001-02-27 00:00:00+09:00,463.8768499669894,470.503662109375,463.8768499669894,470.503662109375,7000,0.0,0.0
2001-02-28 00:00:00+09:00,470.50372996458407,470.50372996458407,468.51568603515625,468.51568603515625,4000,0.0,0.0
2001-03-01 00:00:00+09:00,449.2979736328125,449.2979736328125,449.2979736328125,449.2979736328125,2000,0.0,0.0
2001-03-02 00:00:00+09:00,450.6232124124861,450.6232124124861,446.6471252441406,446.6471252441406,5000,0.0,0.0
2001-03-05 00:00:00+09:00,445.3218078613281,445.3218078613281,445.3218078613281,445.3218078613281,1000,0.0,0.0
2001-03-06 00:00:00+09:00,449.9605407714843,450.62322198027886,443.9964098923336,449.9605407714844,17000,0.0,0.0
2001-03-07 00:00:00+09:00,447.30980488791397,447.30980488791397,443.9963989257813,443.99639892578125,8000,0.0,0.0
2001-03-08 00:00:00+09:00,440.0203565037893,444.6591253223533,440.0203565037893,442.67108154296875,15000,0.0,0.0
2001-03-09 00:00:00+09:00,443.9963585416177,443.9963585416177,436.7068660879494,440.6829528808594,170000,0.0,0.0
2001-03-12 00:00:00+09:00,440.68293133621694,440.68293133621694,420.80249834360563,421.4651794433594,30000,0.0,0.0
2001-03-13 00:00:00+09:00,418.1517146972656,420.8024387207031,414.1756286621093,414.1756286621094,33000,0.0,0.0
2001-03-14 00:00:00+09:00,414.1756286621093,414.1756286621093,414.1756286621093,414.1756286621094,0,0.0,0.0
2001-03-15 00:00:00+09:00,416.16374924460473,420.80251715019745,408.8742568215304,415.5010681152344,19000,0.0,0.0
2001-03-16 00:00:00+09:00,432.73091174409586,434.0562744140625,432.73091174409586,434.0562744140625,3000,0.0,0.0
2001-03-19 00:00:00+09:00,447.3098833885419,450.6232899321607,442.00843291875174,447.9725646972656,10000,0.0,0.0
2001-03-20 00:00:00+09:00,447.9725646972656,447.9725646972656,447.9725646972656,447.9725646972656,0,0.0,0.0
2001-03-21 00:00:00+09:00,444.6590252237163,447.30974966618254,438.6948952281672,442.00830078125,22000,0.0,0.0
2001-03-22 00:00:00+09:00,457.91271527701866,457.91271527701866,449.9605407714843,449.9605407714844,22000,0.0,0.0
2001-03-23 00:00:00+09:00,452.61122774944624,475.1423869639135,452.61122774944624,474.4797058105469,41000,0.0,0.0
2001-03-26 00:00:00+09:00,487.73322882401317,503.6375732421875,487.73322882401317,503.6375732421875,41000,0.0,0.0
2001-03-27 00:00:00+09:00,485.6269167707266,491.63054623629876,485.6269167707266,488.2951965332031,8000,5.0,0.0
2001-03-28 00:00:00+09:00,481.6244451349432,481.6244451349432,476.95495605468756,476.9549560546875,7000,0.0,0.0
2001-03-29 00:00:00+09:00,480.29034423828125,480.29034423828125,478.9562043931749,480.29034423828125,5000,0.0,0.0
2001-03-30 00:00:00+09:00,482.291390183003,486.96087805476094,457.60981143228224,460.9451599121094,23000,0.0,0.0
2001-04-02 00:00:00+09:00,471.6182096144732,471.6182096144732,453.6073303222656,453.6073303222656,12000,0.0,0.0
2001-04-03 00:00:00+09:00,460.94510170265477,474.28649393717444,456.94268403229887,468.2828674316406,6000,0.0,0.0
2001-04-04 00:00:00+09:00,461.61213193696125,484.29249680091596,461.61213193696125,483.62542724609375,12000,0.0,0.0
2001-04-05 00:00:00+09:00,490.2963534268466,491.63049316406256,490.2963534268466,491.6304931640625,3000,0.0,0.0
2001-04-06 00:00:00+09:00,484.9596235060534,503.6375732421875,484.9596235060534,503.6375732421875,38000,0.0,0.0
2001-04-09 00:00:00+09:00,506.97308349609375,511.6425724230314,499.63531518233447,506.97308349609375,21000,0.0,0.0
2001-04-10 00:00:00+09:00,506.973139343667,506.973139343667,502.30364990234375,502.30364990234375,17000,0.0,0.0
2001-04-11 00:00:00+09:00,482.95843505859375,482.95843505859375,482.95843505859375,482.95843505859375,2000,0.0,0.0
2001-04-12 00:00:00+09:00,484.29254028967904,502.9704895019531,484.29254028967904,502.9704895019531,9000,0.0,0.0
2001-04-13 00:00:00+09:00,500.3024344400182,506.97313356588506,500.3024344400182,504.971923828125,10000,0.0,0.0
2001-04-16 00:00:00+09:00,506.30611285041357,513.6438826018689,506.30611285041357,510.30853271484375,9000,0.0,0.0
2001-04-17 00:00:00+09:00,510.308257569658,510.308257569658,501.6363525390625,501.6363525390625,17000,0.0,0.0
2001-04-18 00:00:00+09:00,514.9777058234961,520.3142623605272,510.97528842072285,515.644775390625,42000,0.0,0.0
2001-04-19 00:00:00+09:00,516.9790722533102,528.986328125,516.9790722533102,528.986328125,20000,0.0,0.0
2001-04-20 00:00:00+09:00,535.6571325499104,535.6571325499104,526.3181539002234,529.6535034179688,41000,0.0,0.0
2001-04-23 00:00:00+09:00,530.9874810628564,530.9874810628564,526.3179931640625,526.3179931640625,4000,0.0,0.0
2001-04-24 00:00:00+09:00,529.65342128424,540.3265380859375,526.3180722837095,540.3265380859375,15000,0.0,0.0
2001-04-25 00:00:00+09:00,536.3240686735311,540.3264870964679,534.9899291992188,534.9899291992188,28000,0.0,0.0
2001-04-26 00:00:00+09:00,536.3240686735311,540.3264870964679,534.9899291992188,534.9899291992188,28000,0.0,0.0
2001-04-27 00:00:00+09:00,532.9888529357141,536.9912723570086,526.9852238037724,529.6535034179688,14000,0.0,0.0
2001-04-30 00:00:00+09:00,529.6535034179688,529.6535034179688,529.6535034179688,529.6535034179688,0,0.0,0.0
2001-05-01 00:00:00+09:00,542.9949604297348,552.3339400931454,542.9949604297348,551.6668701171875,27000,0.0,0.0
2001-05-02 00:00:00+09:00,553.6679251534598,560.338623046875,548.9984366280692,560.338623046875,65000,0.0,0.0
2001-05-03 00:00:00+09:00,560.338623046875,560.338623046875,560.338623046875,560.338623046875,0,0.0,0.0
2001-05-04 00:00:00+09:00,560.338623046875,560.338623046875,560.338623046875,560.338623046875,0,0.0,0.0
2001-05-07 00:00:00+09:00,560.3386671686746,560.3386671686746,548.9984798569277,553.66796875,100,0.0,0.0
2001-05-08 00:00:00+09:00,540.3264870964679,540.3264870964679,533.6557897249065,534.9899291992188,100,0.0,0.0
2001-05-09 00:00:00+09:00,533.6557006835938,533.6557006835938,526.9850044250488,533.6557006835938,100,0.0,0.0
2001-05-10 00:00:00+09:00,518.9802961077008,518.9802961077008,513.6437377929688,513.6437377929688,50,0.0,0.0
2001-05-11 00:00:00+09:00,506.9729214093543,506.9729214093543,503.6375732421875,503.6375732421875,100,0.0,0.0
2001-05-14 00:00:00+09:00,500.30222507502066,506.9729214093543,500.30222507502066,503.6375732421875,90,0.0,0.0
2001-05-15 00:00:00+09:00,500.3024127032306,500.3024127032306,493.6317138671875,493.6317138671875,12000,0.0,0.0
2001-05-16 00:00:00+09:00,494.96580528715555,494.96580528715555,477.62199000755174,479.6231994628906,33000,0.0,0.0
2001-05-17 00:00:00+09:00,486.9609260821441,488.96213536741317,483.6255772733623,484.959716796875,15000,0.0,0.0
2001-05-18 00:00:00+09:00,504.9719450486814,506.97315487053874,488.2951965332031,488.2951965332031,18000,0.0,0.0
2001-05-21 00:00:00+09:00,494.96575927734375,503.6376661110438,490.29627098227445,494.96575927734375,23000,0.0,0.0
2001-05-22 00:00:00+09:00,508.30725685946913,508.30725685946913,494.96585904163527,498.30120849609375,59000,0.0,0.0
2001-05-23 00:00:00+09:00,499.63522090988056,501.63643007240347,498.3010814681987,500.9693603515625,36000,0.0,0.0
2001-05-24 00:00:00+09:00,497.6341247973799,497.6341247973799,490.2963562011719,490.2963562011719,10000,0.0,0.0
2001-05-25 00:00:00+09:00,496.9668629694365,506.3058375755735,490.9632364369198,502.9704895019531,12000,0.0,0.0
2001-05-28 00:00:00+09:00,516.9791536282767,527.6522716386669,513.6438042500297,525.6510620117188,38000,0.0,0.0
2001-05-29 00:00:00+09:00,514.3106807738311,520.3143073976502,514.3106807738311,516.3118896484375,6000,0.0,0.0
2001-05-30 00:00:00+09:00,514.9777058234961,520.3142623605272,512.3094275549806,515.644775390625,13000,0.0,0.0
2001-05-31 00:00:00+09:00,520.3145318176189,520.3145318176189,504.30485391553833,504.971923828125,18000,0.0,0.0
2001-06-01 00:00:00+09:00,511.6425284249442,520.314435686384,511.6425284249442,513.6437377929688,9000,0.0,0.0
2001-06-04 00:00:00+09:00,518.3132490177744,520.3144584734415,517.6461791992188,517.6461791992188,7000,0.0,0.0
2001-06-05 00:00:00+09:00,520.3143707081011,523.6497192382812,518.3131615899931,523.6497192382812,27000,0.0,0.0
2001-06-06 00:00:00+09:00,525.651050970183,533.6558893098304,525.651050970183,530.9876098632812,17000,0.0,0.0
2001-06-07 00:00:00+09:00,523.6498296637284,523.6498296637284,502.9706644158614,506.97308349609375,13000,0.0,0.0
2001-06-08 00:00:00+09:00,532.9887965622243,532.9887965622243,519.6473999023438,519.6473999023438,276000,0.0,0.0
2001-06-11 00:00:00+09:00,526.3180814302884,526.9851512419872,520.314453125,520.314453125,10000,0.0,0.0
2001-06-12 00:00:00+09:00,513.6435699462891,513.6435699462891,504.3045959472656,504.3045959472656,15000,0.0,0.0
2001-06-13 00:00:00+09:00,502.970456804548,504.3045959472656,494.2985523768834,504.3045959472656,13000,0.0,0.0
2001-06-14 00:00:00+09:00,503.6375230622771,503.6375230622771,496.9668273925781,496.9668273925781,9000,0.0,0.0
2001-06-15 00:00:00+09:00,497.63404605699617,497.63404605699617,490.2962786218394,490.9633483886719,12000,0.0,0.0
2001-06-18 00:00:00+09:00,493.63175605815616,493.63175605815616,488.2951965332031,488.2951965332031,5000,0.0,0.0
2001-06-19 00:00:00+09:00,488.962158203125,492.29750716767563,488.962158203125,488.962158203125,5000,0.0,0.0
2001-06-20 00:00:00+09:00,515.6448530315254,515.6448530315254,505.638808017977,506.3058776855469,5000,0.0,0.0
2001-06-21 00:00:00+09:00,506.97287101794956,518.3130536591406,506.97287101794956,515.644775390625,9000,0.0,0.0
2001-06-22 00:00:00+09:00,519.6472710369447,520.3143407045146,500.3022506774179,506.3058776855469,14000,0.0,0.0
2001-06-25 00:00:00+09:00,512.9766618521154,513.6437316334576,506.3059640386939,508.9742431640625,6000,0.0,0.0
2001-06-26 00:00:00+09:00,508.9742431640625,511.6425222894311,508.9742431640625,508.9742431640625,4000,0.0,0.0
2001-06-27 00:00:00+09:00,514.9779440782859,520.3145030842785,514.9779440782859,518.3132934570312,7000,0.0,0.0
2001-06-28 00:00:00+09:00,520.3143073976502,523.6496555219941,516.3118896484375,516.3118896484375,18000,0.0,0.0
2001-06-29 00:00:00+09:00,522.3155517578125,522.3155517578125,519.6472730770574,522.3155517578125,6000,0.0,0.0
2001-07-02 00:00:00+09:00,524.9838421460023,524.9838421460023,521.6484937206783,524.3167724609375,17000,0.0,0.0
2001-07-03 00:00:00+09:00,523.649874286027,529.6535034179688,523.649874286027,529.6535034179688,19000,0.0,0.0
2001-07-04 00:00:00+09:00,522.982804382478,530.3205733215178,518.3133150576344,529.6535034179688,29000,0.0,0.0
2001-07-05 00:00:00+09:00,524.9838586503533,526.9850677684614,523.6497192382812,523.6497192382812,12000,0.0,0.0
2001-07-06 00:00:00+09:00,519.6473886548858,519.6473886548858,513.6437602878846,517.6461791992188,8000,0.0,0.0
2001-07-09 00:00:00+09:00,513.643704745436,516.9790534775492,513.643704745436,514.9778442382812,9000,0.0,0.0
2001-07-10 00:00:00+09:00,512.3096562910644,512.3096562910644,507.6401672363281,507.6401672363281,7000,0.0,0.0
2001-07-11 00:00:00+09:00,513.6437737288114,515.6449832368457,506.973075368697,510.9754943847656,22000,0.0,0.0
2001-07-12 00:00:00+09:00,510.3084549480423,518.3132934570312,510.3084549480423,518.3132934570312,5000,0.0,0.0
2001-07-13 00:00:00+09:00,519.6474983263315,530.3206176757812,519.6474983263315,530.3206176757812,8000,0.0,0.0
2001-07-16 00:00:00+09:00,530.9878778469698,532.9890884418704,527.6525268554688,527.6525268554688,6000,0.0,0.0
2001-07-17 00:00:00+09:00,520.9814568344427,524.3168054697466,520.9814568344427,522.982666015625,9000,0.0,0.0
2001-07-18 00:00:00+09:00,529.653318129889,530.3203878000778,522.3155517578125,522.3155517578125,14000,0.0,0.0
2001-07-19 00:00:00+09:00,528.3193636108706,533.6559228392632,526.9852238037724,529.6535034179688,23000,0.0,0.0
2001-07-20 00:00:00+09:00,529.6535034179688,529.6535034179688,529.6535034179688,529.6535034179688,0,0.0,0.0
2001-07-23 00:00:00+09:00,526.9852017630175,532.988830643862,519.6474331308742,525.6510620117188,14000,0.0,0.0
2001-07-24 00:00:00+09:00,518.9804400549456,525.6511397985824,518.9804400549456,524.9840698242188,7000,0.0,0.0
2001-07-25 00:00:00+09:00,513.6437767767137,516.9791259765625,511.64256725680445,516.9791259765625,5000,0.0,0.0
2001-07-26 00:00:00+09:00,516.3120837526272,525.6510620117188,516.3120837526272,525.6510620117188,5000,0.0,0.0
2001-07-27 00:00:00+09:00,525.6510839966743,529.6535034179688,522.982804382478,529.6535034179688,13000,0.0,0.0
2001-07-30 00:00:00+09:00,525.6508643966005,525.6508643966005,512.3094718992248,516.3118896484375,9000,0.0,0.0
2001-07-31 00:00:00+09:00,521.6486590010181,533.6559171365915,521.6486590010181,532.32177734375,27000,0.0,0.0
2001-08-01 00:00:00+09:00,538.3253286856193,540.3265380859375,533.6558400848766,540.3265380859375,60000,0.0,0.0
2001-08-02 00:00:00+09:00,545.6631306475904,553.66796875,544.3289909638554,553.66796875,40000,0.0,0.0
2001-08-03 00:00:00+09:00,553.0009441327929,553.0009441327929,532.32177734375,532.32177734375,6000,0.0,0.0
2001-08-06 00:00:00+09:00,532.3214760156733,543.6616578355561,532.3214760156733,539.6592407226562,12000,0.0,0.0
2001-08-07 00:00:00+09:00,526.31803387944,536.9911499023438,526.31803387944,536.9911499023438,12000,0.0,0.0
2001-08-08 00:00:00+09:00,536.9912442294035,550.3326416015625,536.9912442294035,550.3326416015625,14000,0.0,0.0
2001-08-09 00:00:00+09:00,543.6618372317756,545.6630464485797,542.3276977539062,542.3276977539062,34000,0.0,0.0
2001-08-10 00:00:00+09:00,535.6569354315283,548.3312589348894,535.6569354315283,544.9959106445312,11000,0.0,0.0
2001-08-13 00:00:00+09:00,544.9961822845123,546.9973922561813,544.9961822845123,546.330322265625,30000,0.0,0.0
2001-08-14 00:00:00+09:00,549.6655717329546,551.6667813387785,549.6655717329546,550.3326416015625,19000,0.0,0.0
2001-08-15 00:00:00+09:00,553.6679242804772,553.6679242804772,553.0008544921875,553.0008544921875,19000,0.0,0.0
2001-08-16 00:00:00+09:00,553.6679484987039,579.0166015625,553.6679484987039,579.0166015625,54000,0.0,0.0
2001-08-17 00:00:00+09:00,583.0188954018379,583.0188954018379,571.6787109375,571.6787109375,24000,0.0,0.0
2001-08-20 00:00:00+09:00,585.0201232276573,585.0201232276573,577.015286877906,578.3494262695312,20000,0.0,0.0
2001-08-21 00:00:00+09:00,568.3434333936065,570.3446426661192,562.3398055760683,566.3422241210938,19000,0.0,0.0
2001-08-22 00:00:00+09:00,563.006876532976,573.6799926757812,563.006876532976,573.6799926757812,22000,0.0,0.0
2001-08-23 00:00:00+09:00,573.6799950286104,588.3555297851562,573.6799950286104,588.3555297851562,58000,0.0,0.0
2001-08-24 00:00:00+09:00,587.0214393721197,590.3567884594614,579.0166015625,579.0166015625,48000,0.0,0.0
2001-08-27 00:00:00+09:00,587.0214180924773,590.3567670589118,587.0214180924773,589.689697265625,23000,0.0,0.0
2001-08-28 00:00:00+09:00,590.3566518456045,594.3590698242188,590.3566518456045,594.3590698242188,29000,0.0,0.0
2001-08-29 00:00:00+09:00,594.3591814391208,601.029879322837,593.6921116507491,599.6957397460938,78000,0.0,0.0
2001-08-30 00:00:00+09:00,587.0213826497396,590.3567314147949,576.3482666015625,576.3482666015625,41000,0.0,0.0
2001-08-31 00:00:00+09:00,567.0093995595576,567.0093995595576,559.671630859375,559.671630859375,26000,0.0,0.0
2001-09-03 00:00:00+09:00,559.6714710122734,566.3421679254114,559.6714710122734,563.6738891601562,17000,0.0,0.0
2001-09-04 00:00:00+09:00,560.3387336011203,565.67529296875,557.6704539173054,565.67529296875,21000,0.0,0.0
2001-09-05 00:00:00+09:00,565.6752040854019,565.6752040854019,560.3386455562943,564.341064453125,6000,0.0,0.0
2001-09-06 00:00:00+09:00,559.0043051687725,561.6725834750673,557.670166015625,557.670166015625,99000,0.0,0.0
2001-09-07 00:00:00+09:00,557.6704212138707,559.671630859375,554.3350718046968,559.671630859375,13000,0.0,0.0
2001-09-10 00:00:00+09:00,557.0033625890775,559.0045722750262,554.3350830078125,554.3350830078125,5000,0.0,0.0
2001-09-11 00:00:00+09:00,550.3327301652716,553.6680800450612,550.3327301652716,551.6668701171875,7000,0.0,0.0
2001-09-12 00:00:00+09:00,524.983894376577,536.9911499023438,521.6485456194197,536.9911499023438,45000,0.0,0.0
2001-09-13 00:00:00+09:00,530.3208076486695,533.6561586401706,527.6525268554688,527.6525268554688,6000,0.0,0.0
2001-09-14 00:00:00+09:00,534.3229985104332,535.6571383319324,524.9840197599386,526.9852294921875,109000,0.0,0.0
2001-09-17 00:00:00+09:00,540.3265380859375,540.3265380859375,527.6522118839217,540.3265380859375,16000,0.0,0.0
2001-09-18 00:00:00+09:00,527.6522489911388,527.6522489911388,514.3108520507812,514.3108520507812,8000,0.0,0.0
2001-09-19 00:00:00+09:00,513.6437377929688,513.6437377929688,513.6437377929688,513.6437377929688,1000,0.0,0.0
2001-09-20 00:00:00+09:00,524.9839044089897,531.6546020507812,524.9839044089897,531.6546020507812,6000,0.0,0.0
2001-09-21 00:00:00+09:00,531.6546020507812,531.6546020507812,531.6546020507812,531.6546020507812,0,0.0,0.0
2001-09-24 00:00:00+09:00,531.6546020507812,531.6546020507812,531.6546020507812,531.6546020507812,0,0.0,0.0
2001-09-25 00:00:00+09:00,520.9142320787585,520.9142320787585,496.74810791015625,496.74810791015625,16000,5.0,0.0
2001-09-26 00:00:00+09:00,504.1320332060469,504.80331420898443,501.446909194297,504.8033142089844,5000,0.0,0.0
2001-09-27 00:00:00+09:00,480.63718951832163,480.63718951832163,469.22541267221624,472.5818176269531,10000,0.0,0.0
2001-09-28 00:00:00+09:00,472.5818176269531,472.5818176269531,472.5818176269531,472.5818176269531,0,0.0,0.0
2001-10-01 00:00:00+09:00,475.2669916166072,488.0213317871094,475.2669916166072,488.0213317871094,6000,0.0,0.0
2001-10-02 00:00:00+09:00,488.69266113281253,503.4608459472656,488.69266113281253,503.4608459472656,16000,0.0,0.0
2001-10-03 00:00:00+09:00,524.9417982015079,535.6822953514109,514.2013010516049,518.9002685546875,12000,0.0,0.0
2001-10-04 00:00:00+09:00,518.900380152899,524.2706298828125,518.2290989366597,524.2706298828125,16000,0.0,0.0
2001-10-05 00:00:00+09:00,524.2706237319828,530.3121546072554,516.8865304399831,519.5716552734375,4000,0.0,0.0
2001-10-08 00:00:00+09:00,519.5716552734375,519.5716552734375,519.5716552734375,519.5716552734375,0,0.0,0.0
2001-10-09 00:00:00+09:00,512.8588077130305,512.8588077130305,505.47471493182195,506.14599609375,5000,0.0,0.0
2001-10-10 00:00:00+09:00,512.8588219262996,512.8588219262996,490.70654296875,490.70654296875,16000,0.0,0.0
2001-10-11 00:00:00+09:00,497.41925048828125,497.41925048828125,497.41925048828125,497.41925048828125,2000,0.0,0.0
2001-10-12 00:00:00+09:00,501.4470025634766,503.4608459472656,490.0352233886719,503.4608459472656,23000,0.0,0.0
2001-10-15 00:00:00+09:00,503.4608459472656,503.4608459472656,503.4608459472656,503.4608459472656,6000,0.0,0.0
2001-10-16 00:00:00+09:00,496.0766301866394,496.0766301866394,486.0074157714844,486.0074157714844,2000,0.0,0.0
2001-10-17 00:00:00+09:00,486.00745069715714,486.00745069715714,483.32232666015625,483.32232666015625,9000,0.0,0.0
2001-10-18 00:00:00+09:00,483.3224372384937,483.99371840132494,479.96603142433753,481.30859375,12000,0.0,0.0
2001-10-19 00:00:00+09:00,494.7341447501347,494.7341447501347,486.67877197265625,486.67877197265625,7000,0.0,0.0
2001-10-22 00:00:00+09:00,486.67875506600353,486.67875506600353,478.6233825683594,478.6233825683594,5000,0.0,0.0
2001-10-23 00:00:00+09:00,485.33600909398075,485.33600909398075,473.9242357127945,477.2806396484375,31000,0.0,0.0
2001-10-24 00:00:00+09:00,481.3085467835323,486.00751446482195,481.3085467835323,481.9798278808594,5000,0.0,0.0
2001-10-25 00:00:00+09:00,481.97984985351565,504.13212707519534,481.97984985351565,503.4608459472656,24000,0.0,0.0
2001-10-26 00:00:00+09:00,503.46078163336125,503.46078163336125,487.3500366210937,487.35003662109375,14000,0.0,0.0
2001-10-29 00:00:00+09:00,480.6372176001082,487.35002790178567,465.19775390624994,465.19775390625,22000,0.0,0.0
2001-10-30 00:00:00+09:00,465.19771485593964,470.5679626464844,463.85515290830347,470.5679626464844,13000,0.0,0.0
2001-10-31 00:00:00+09:00,469.8968407703422,470.5681219714427,456.4712167483324,459.1563415527344,10000,0.0,0.0
2001-11-01 00:00:00+09:00,459.15634314456037,461.8414679582712,450.4296875,450.4296875,24000,0.0,0.0
2001-11-02 00:00:00+09:00,463.85520747187616,463.85520747187616,447.07318115234375,447.07318115234375,26000,0.0,0.0
2001-11-05 00:00:00+09:00,450.42958641625023,450.42958641625023,447.07318115234375,447.07318115234375,20000,0.0,0.0
2001-11-06 00:00:00+09:00,447.7443075579797,449.7581500207592,447.7443075579797,448.41558837890625,6000,0.0,0.0
2001-11-07 00:00:00+09:00,455.12852722352363,455.12852722352363,443.04546897865134,444.3880310058594,28000,0.0,0.0
2001-11-08 00:00:00+09:00,446.40208536783854,453.11489868164057,445.7308040364583,453.1148986816406,12000,0.0,0.0
2001-11-09 00:00:00+09:00,453.11489868164057,453.11489868164057,453.11489868164057,453.1148986816406,0,0.0,0.0
2001-11-12 00:00:00+09:00,443.04558183504565,443.7168630196442,441.03173828125,441.03173828125,6000,0.0,0.0
2001-11-13 00:00:00+09:00,443.04561721944367,443.04561721944367,430.9625549316406,430.9625549316406,9000,0.0,0.0
2001-11-14 00:00:00+09:00,447.74452581750336,447.74452581750336,443.0455577804381,445.7306823730469,11000,0.0,0.0
2001-11-15 00:00:00+09:00,445.7306952462435,455.1286315917969,445.7306952462435,455.1286315917969,9000,0.0,0.0
2001-11-16 00:00:00+09:00,462.51259096066724,470.5679626464844,461.8413099868492,470.5679626464844,13000,0.0,0.0
2001-11-19 00:00:00+09:00,470.56797681846507,471.2392578125,470.56797681846507,471.2392578125,3000,0.0,0.0
2001-11-20 00:00:00+09:00,484.6649743652344,484.6649743652344,469.89678955078125,469.89678955078125,44000,0.0,0.0
2001-11-21 00:00:00+09:00,467.88285169892106,467.88285169892106,462.5126037597656,462.5126037597656,10000,0.0,0.0
2001-11-22 00:00:00+09:00,462.5126532253107,469.2254638671875,462.5126532253107,469.2254638671875,3000,0.0,0.0
2001-11-23 00:00:00+09:00,469.2254638671875,469.2254638671875,469.2254638671875,469.2254638671875,0,0.0,0.0
2001-11-26 00:00:00+09:00,462.5126899956981,481.3085612872504,462.5126899956981,473.9244689941406,13000,0.0,0.0
2001-11-27 00:00:00+09:00,463.8553099604378,472.5819655747441,459.1563415527344,459.1563415527344,13000,0.0,0.0
2001-11-28 00:00:00+09:00,469.8966615624435,469.8966615624435,463.8551330566406,463.8551330566406,12000,0.0,0.0
2001-11-29 00:00:00+09:00,473.253173615607,481.9798278808594,473.253173615607,481.9798278808594,12000,0.0,0.0
2001-11-30 00:00:00+09:00,485.33637584339493,494.7343139648438,485.33637584339493,494.73431396484375,25000,0.0,0.0
2001-12-03 00:00:00+09:00,494.7343139648438,494.7343139648438,494.7343139648438,494.73431396484375,0,0.0,0.0
2001-12-04 00:00:00+09:00,464.526304692994,477.2806396484375,463.8550239058654,477.2806396484375,11000,0.0,0.0
2001-12-05 00:00:00+09:00,470.5680520762568,470.5680520762568,463.1839599609375,463.1839599609375,4000,0.0,0.0
2001-12-06 00:00:00+09:00,463.1839599609375,463.1839599609375,463.1839599609375,463.1839599609375,0,0.0,0.0
2001-12-07 00:00:00+09:00,469.89678955078125,469.89678955078125,469.89678955078125,469.89678955078125,1000,0.0,0.0
2001-12-10 00:00:00+09:00,476.6095508993265,476.6095508993265,471.91058349609375,471.91058349609375,13000,0.0,0.0
2001-12-11 00:00:00+09:00,478.62339407214057,478.62339407214057,471.91058349609375,471.91058349609375,3000,0.0,0.0
2001-12-12 00:00:00+09:00,438.34651269954,465.19775390624994,438.34651269954,465.19775390625,5000,0.0,0.0
2001-12-13 00:00:00+09:00,471.9105388065349,471.9105388065349,471.2392578125,471.2392578125,4000,0.0,0.0
2001-12-14 00:00:00+09:00,457.8137626703638,459.8276062011719,453.1147944318117,459.8276062011719,224000,0.0,0.0
2001-12-17 00:00:00+09:00,453.11489868164057,453.11489868164057,453.11489868164057,453.1148986816406,1000,0.0,0.0
2001-12-18 00:00:00+09:00,459.82771199544266,463.85539998372394,452.4436173502604,453.1148986816406,8000,0.0,0.0
2001-12-19 00:00:00+09:00,446.401860947425,452.4433898925781,446.401860947425,452.4433898925781,7000,0.0,0.0
2001-12-20 00:00:00+09:00,472.58181117957747,479.29462099746917,472.58181117957747,476.6094970703125,8000,0.0,0.0
2001-12-21 00:00:00+09:00,477.2807975769043,483.32232666015625,475.9382355584039,483.32232666015625,11000,0.0,0.0
2001-12-24 00:00:00+09:00,483.32232666015625,483.32232666015625,483.32232666015625,483.32232666015625,0,0.0,0.0
2001-12-25 00:00:00+09:00,481.9798850400604,481.9798850400604,459.8276062011719,459.8276062011719,6000,0.0,0.0
2001-12-26 00:00:00+09:00,471.2393518066406,471.2393518066406,469.89678955078125,469.89678955078125,5000,0.0,0.0
2001-12-27 00:00:00+09:00,470.5679626464844,470.5679626464844,459.1561860915768,470.5679626464844,8000,0.0,0.0
2001-12-28 00:00:00+09:00,490.7064552307129,496.7479847752771,459.82752644738486,461.84136962890625,19000,0.0,0.0
2001-12-31 00:00:00+09:00,461.84136962890625,461.84136962890625,461.84136962890625,461.84136962890625,0,0.0,0.0
2002-01-01 00:00:00+09:00,461.84136962890625,461.84136962890625,461.84136962890625,461.84136962890625,0,0.0,0.0
2002-01-02 00:00:00+09:00,461.84136962890625,461.84136962890625,461.84136962890625,461.84136962890625,0,0.0,0.0
2002-01-03 00:00:00+09:00,461.84136962890625,461.84136962890625,461.84136962890625,461.84136962890625,0,0.0,0.0
2002-01-04 00:00:00+09:00,463.1838858840812,471.2392578125,463.1838858840812,471.2392578125,4000,0.0,0.0
2002-01-07 00:00:00+09:00,471.23911256428005,477.2806396484375,469.89655099002283,477.2806396484375,16000,0.0,0.0
2002-01-08 00:00:00+09:00,482.6511119013247,483.3223930027174,463.1839599609375,463.1839599609375,4000,0.0,0.0
2002-01-09 00:00:00+09:00,468.5542156816042,470.56805901547926,465.1978101251457,467.8829345703125,21000,0.0,0.0
2002-01-10 00:00:00+09:00,469.8966946761044,472.5818186456821,462.5126037597656,462.5126037597656,24000,0.0,0.0
2002-01-11 00:00:00+09:00,467.88296862291804,467.88296862291804,449.75837729893124,457.8137512207031,69000,0.0,0.0
2002-01-14 00:00:00+09:00,457.8137512207032,457.8137512207032,457.8137512207032,457.8137512207031,0,0.0,0.0
2002-01-15 00:00:00+09:00,457.81363784382535,459.82748082554303,452.4433898925781,452.4433898925781,12000,0.0,0.0
2002-01-16 00:00:00+09:00,453.78595947624126,457.1423645019531,449.0869924402447,457.1423645019531,16000,0.0,0.0
2002-01-17 00:00:00+09:00,457.1424979494329,459.1563415527344,450.429685938428,459.1563415527344,6000,0.0,0.0
2002-01-18 00:00:00+09:00,463.1840120858519,463.1840120858519,450.4296697240676,459.8276062011719,13000,0.0,0.0
2002-01-21 00:00:00+09:00,459.82759470114615,459.82759470114615,456.47118890040787,457.8137512207031,10000,0.0,0.0
2002-01-22 00:00:00+09:00,458.48485098446116,458.48485098446116,440.3602668313419,456.47100830078125,24000,0.0,0.0
2002-01-23 00:00:00+09:00,438.3466738242803,439.0179551011934,422.9072044552781,426.26361083984375,14000,0.0,0.0
2002-01-24 00:00:00+09:00,426.93478360638966,439.017843519778,426.93478360638966,435.66143798828125,8000,0.0,0.0
2002-01-25 00:00:00+09:00,443.0455322265625,449.0870622114702,443.0455322265625,443.0455322265625,7000,0.0,0.0
2002-01-28 00:00:00+09:00,455.8000240071614,455.8000240071614,453.11489868164057,453.1148986816406,2000,0.0,0.0
2002-01-29 00:00:00+09:00,453.11489868164057,453.11489868164057,453.11489868164057,453.1148986816406,1000,0.0,0.0
2002-01-30 00:00:00+09:00,439.68914794921875,439.68914794921875,439.68914794921875,439.68914794921875,5000,0.0,0.0
2002-01-31 00:00:00+09:00,439.68914794921875,439.68914794921875,439.68914794921875,439.68914794921875,0,0.0,0.0
2002-02-01 00:00:00+09:00,458.4848757548935,458.4848757548935,426.2633910751938,430.29107666015625,29000,0.0,0.0
2002-02-04 00:00:00+09:00,430.96244709666183,440.3603820800781,430.96244709666183,440.3603820800781,2000,0.0,0.0
2002-02-05 00:00:00+09:00,443.04544207954126,451.7720947265625,443.04544207954126,451.7720947265625,3000,0.0,0.0
2002-02-06 00:00:00+09:00,436.3327190945806,436.3327190945806,435.66143798828125,435.66143798828125,6000,0.0,0.0
2002-02-07 00:00:00+09:00,437.6752014160156,437.6752014160156,437.6752014160156,437.6752014160156,2000,0.0,0.0
2002-02-08 00:00:00+09:00,433.6475783128005,447.7444810133714,433.6475783128005,445.0593566894531,131000,0.0,0.0
2002-02-11 00:00:00+09:00,445.0593566894531,445.0593566894531,445.0593566894531,445.0593566894531,0,0.0,0.0
2002-02-12 00:00:00+09:00,450.4296298797002,479.9659990521396,450.4296298797002,473.9244689941406,46000,0.0,0.0
2002-02-13 00:00:00+09:00,467.21142784150845,487.34985145536655,467.21142784150845,477.2806396484375,30000,0.0,0.0
2002-02-14 00:00:00+09:00,471.23924424913196,493.3915164146894,471.23924424913196,489.36383056640625,23000,0.0,0.0
2002-02-15 00:00:00+09:00,488.69256374411384,490.0351257324219,483.3223157908818,490.0351257324219,12000,0.0,0.0
2002-02-18 00:00:00+09:00,483.32239007551357,483.32239007551357,481.9798278808594,481.9798278808594,4000,0.0,0.0
2002-02-19 00:00:00+09:00,476.609555573252,477.2808366374397,465.19777748206144,469.2254638671875,11000,0.0,0.0
2002-02-20 00:00:00+09:00,475.9383197021485,475.9383197021485,469.89678955078125,469.89678955078125,16000,0.0,0.0
2002-02-21 00:00:00+09:00,469.89674312376417,488.0213317871094,469.89674312376417,488.0213317871094,6000,0.0,0.0
2002-02-22 00:00:00+09:00,481.3086396913271,496.74810791015625,481.3086396913271,496.74810791015625,16000,0.0,0.0
2002-02-25 00:00:00+09:00,498.0906206955018,498.7619018554688,496.0767772156008,498.76190185546875,6000,0.0,0.0
2002-02-26 00:00:00+09:00,496.7479026252455,496.7479026252455,491.3776550292969,491.3776550292969,4000,0.0,0.0
2002-02-27 00:00:00+09:00,490.0351257324219,490.0351257324219,475.9382248551878,490.0351257324219,43000,0.0,0.0
2002-02-28 00:00:00+09:00,496.74797121158315,496.74797121158315,487.3500366210937,487.35003662109375,11000,0.0,0.0
2002-03-01 00:00:00+09:00,480.63727453480595,494.0628967285156,480.63727453480595,494.0628967285156,8000,0.0,0.0
2002-03-04 00:00:00+09:00,494.06284704287185,495.4054091272275,479.96594515713775,487.35003662109375,17000,0.0,0.0
2002-03-05 00:00:00+09:00,494.06286841192787,494.06286841192787,483.99365234375,483.99365234375,8000,0.0,0.0
2002-03-06 00:00:00+09:00,483.9935827686953,489.36383056640625,483.9935827686953,489.36383056640625,3000,0.0,0.0
2002-03-07 00:00:00+09:00,496.0767535400391,503.4608459472656,496.0767535400391,503.4608459472656,6000,0.0,0.0
2002-03-08 00:00:00+09:00,483.32250122923955,486.6789074877759,479.9660949707032,479.9660949707031,274000,0.0,0.0
2002-03-11 00:00:00+09:00,480.63719810323516,504.80331420898443,479.9659171002977,504.8033142089844,18000,0.0,0.0
2002-03-12 00:00:00+09:00,502.78952233768206,502.78952233768206,483.99365234375,483.99365234375,7000,0.0,0.0
2002-03-13 00:00:00+09:00,479.96590852737427,480.63718951832163,463.1838837536898,472.5818176269531,31000,0.0,0.0
2002-03-14 00:00:00+09:00,465.8691829530533,475.93840160477635,465.8691829530533,475.2671203613281,14000,0.0,0.0
2002-03-15 00:00:00+09:00,482.6512021451383,498.0906703639675,482.6512021451383,496.74810791015625,29000,0.0,0.0
2002-03-18 00:00:00+09:00,496.74810791015625,496.74810791015625,496.74810791015625,496.74810791015625,0,0.0,0.0
2002-03-19 00:00:00+09:00,495.405545456345,496.74810791015625,476.60967110298776,496.74810791015625,13000,0.0,0.0
2002-03-20 00:00:00+09:00,496.7480346679688,503.4608459472656,495.4054724121094,503.4608459472656,25000,0.0,0.0
2002-03-21 00:00:00+09:00,503.4608459472656,503.4608459472656,503.4608459472656,503.4608459472656,0,0.0,0.0
2002-03-22 00:00:00+09:00,502.11817437830103,502.11817437830103,476.6094970703125,476.6094970703125,11000,0.0,0.0
2002-03-25 00:00:00+09:00,496.74792128825874,496.74792128825874,478.62333497098444,489.36383056640625,10000,0.0,0.0
2002-03-26 00:00:00+09:00,480.57692816705986,485.3083465878326,477.8732604980469,477.8732604980469,13000,5.0,0.0
2002-03-27 00:00:00+09:00,478.54908213513966,479.90091570049316,475.16949822175593,476.5213317871094,14000,0.0,0.0
2002-03-28 00:00:00+09:00,473.1419173340544,473.1419173340544,466.38274708642507,471.1141662597656,25000,0.0,0.0
2002-03-29 00:00:00+09:00,470.43821964707485,471.11413662932637,461.6512988778047,465.0308837890625,30000,0.0,0.0
2002-04-01 00:00:00+09:00,458.2717847392507,465.0309556056113,458.2717847392507,463.0032043457031,9000,0.0,0.0
2002-04-02 00:00:00+09:00,456.2440606894989,461.6513977050782,456.2440606894989,461.6513977050781,3000,0.0,0.0
2002-04-03 00:00:00+09:00,458.27176511881987,460.9754333496094,458.27176511881987,460.9754333496094,5000,0.0,0.0
2002-04-04 00:00:00+09:00,461.65138391862837,464.35505234567745,460.9754668118661,462.3273010253906,35000,0.0,0.0
2002-04-05 00:00:00+09:00,459.62360244199454,459.62360244199454,448.8089294433594,448.8089294433594,30000,0.0,0.0
2002-04-08 00:00:00+09:00,452.86443181784756,455.56810006750635,448.8089294433594,448.8089294433594,27000,0.0,0.0
2002-04-09 00:00:00+09:00,452.86443181784756,452.86443181784756,448.8089294433594,448.8089294433594,33000,0.0,0.0
2002-04-10 00:00:00+09:00,452.1883167238164,452.1883167238164,448.8087328917998,449.4846496582031,51000,0.0,0.0
2002-04-11 00:00:00+09:00,452.18843008188105,452.18843008188105,439.34600830078125,439.34600830078125,23000,0.0,0.0
2002-04-12 00:00:00+09:00,441.3737591083233,446.1051776592548,439.34600830078125,439.34600830078125,18000,0.0,0.0
2002-04-15 00:00:00+09:00,444.0774399777676,446.105190845246,444.0774399777676,444.75335693359375,8000,0.0,0.0
2002-04-16 00:00:00+09:00,446.10519479496685,446.10519479496685,439.3460251768613,440.0219421386719,26000,0.0,0.0
2002-04-17 00:00:00+09:00,440.02196950574506,441.3738035134432,438.6701354980469,438.6701354980469,35000,0.0,0.0
2002-04-18 00:00:00+09:00,442.7256375211413,446.10522254038665,438.6701354980469,438.6701354980469,26000,0.0,0.0
2002-04-19 00:00:00+09:00,458.9476865919374,470.43827668334086,456.2440183351366,469.7623596191406,27000,0.0,0.0
2002-04-22 00:00:00+09:00,469.08643493652346,473.1419372558594,465.0309326171875,473.1419372558594,25000,0.0,0.0
2002-04-23 00:00:00+09:00,472.46602020263674,473.1419372558594,469.7623519897461,473.1419372558594,11000,0.0,0.0
2002-04-24 00:00:00+09:00,471.78997447362286,473.14180821136966,463.6789720471422,464.3548889160156,13000,0.0,0.0
2002-04-25 00:00:00+09:00,464.3549731480593,467.73455810546875,463.67905615657736,467.73455810546875,5000,0.0,0.0
2002-04-26 00:00:00+09:00,464.3551529672255,464.3551529672255,458.9478149414063,458.94781494140625,11000,0.0,0.0
2002-04-29 00:00:00+09:00,458.9478149414063,458.9478149414063,458.9478149414063,458.94781494140625,0,0.0,0.0
2002-04-30 00:00:00+09:00,472.46597704584195,473.1418940373238,466.38272412250495,467.73455810546875,26000,0.0,0.0
2002-05-01 00:00:00+09:00,460.975344703311,468.4104309082031,460.975344703311,468.4104309082031,5000,0.0,0.0
2002-05-02 00:00:00+09:00,466.38268012505074,468.4104309082031,466.38268012505074,468.4104309082031,18000,0.0,0.0
2002-05-03 00:00:00+09:00,468.4104309082031,468.4104309082031,468.4104309082031,468.4104309082031,0,0.0,0.0
2002-05-06 00:00:00+09:00,468.4104309082031,468.4104309082031,468.4104309082031,468.4104309082031,0,0.0,0.0
2002-05-07 00:00:00+09:00,472.46597704584195,473.1418940373238,466.38272412250495,467.73455810546875,24000,0.0,0.0
2002-05-08 00:00:00+09:00,473.1419403881621,473.8178574458595,460.9754333496094,460.9754333496094,20000,0.0,0.0
2002-05-09 00:00:00+09:00,473.14183194872356,486.6601700044014,469.7622474348041,479.9010009765625,16000,0.0,0.0
2002-05-10 00:00:00+09:00,479.9010186794,479.9010186794,466.38268012505074,468.4104309082031,18000,0.0,0.0
2002-05-13 00:00:00+09:00,467.05875013658215,483.28076171875,467.05875013658215,483.28076171875,13000,0.0,0.0
2002-05-14 00:00:00+09:00,483.95651906331386,486.6601867675782,476.52143287658697,486.6601867675781,10000,0.0,0.0
2002-05-15 00:00:00+09:00,491.3917085229935,491.3917085229935,484.6325378417969,484.6325378417969,8000,0.0,0.0
2002-05-16 00:00:00+09:00,486.66027200633084,486.66027200633084,467.7345947616402,470.4382629394531,8000,0.0,0.0
2002-05-17 00:00:00+09:00,471.11414524908594,475.1696472167969,469.762311259849,475.1696472167969,13000,0.0,0.0
2002-05-20 00:00:00+09:00,479.90101827855125,479.90101827855125,473.14184900702236,474.4936828613281,6000,0.0,0.0
2002-05-21 00:00:00+09:00,473.8177490234375,473.8177490234375,469.0863307022334,473.8177490234375,11000,0.0,0.0
2002-05-22 00:00:00+09:00,469.0864195892776,473.14192177592844,465.7068344337353,466.38275146484375,29000,0.0,0.0
2002-05-23 00:00:00+09:00,474.4936820983887,486.6601867675782,474.4936820983887,486.6601867675781,12000,0.0,0.0
2002-05-24 00:00:00+09:00,486.66028904615587,486.66028904615587,484.6325378417969,484.6325378417969,4000,0.0,0.0
2002-05-27 00:00:00+09:00,478.5491700890946,493.4193420410156,478.5491700890946,493.4193420410156,7000,0.0,0.0
2002-05-28 00:00:00+09:00,494.7712303281454,516.4005737304688,494.7712303281454,516.4005737304688,43000,0.0,0.0
2002-05-29 00:00:00+09:00,513.6968648064997,524.5115356445312,513.6968648064997,524.5115356445312,29000,0.0,0.0
2002-05-30 00:00:00+09:00,517.752433964869,525.8634381523083,510.9932638086698,521.1320190429688,16000,0.0,0.0
2002-05-31 00:00:00+09:00,514.3729775530862,523.8358181388197,510.99339162960996,517.7525634765625,11000,0.0,0.0
2002-06-03 00:00:00+09:00,500.1784972737087,506.2617492675781,500.1784972737087,506.2617492675781,3000,0.0,0.0
2002-06-04 00:00:00+09:00,501.5304260253907,501.5304260253907,501.5304260253907,501.5304260253906,2000,0.0,0.0
2002-06-05 00:00:00+09:00,500.85440743465557,506.9376593468174,500.85440743465557,503.5580749511719,10000,0.0,0.0
2002-06-06 00:00:00+09:00,496.7990069119436,501.5304260253907,496.7990069119436,501.5304260253906,3000,0.0,0.0
2002-06-07 00:00:00+09:00,498.8267702636719,506.9377746582031,498.8267702636719,506.9377746582031,8000,0.0,0.0
2002-06-10 00:00:00+09:00,500.1786043294271,525.1875345458984,500.1786043294271,506.9377746582031,80000,0.0,0.0
2002-06-11 00:00:00+09:00,493.4194147221557,493.4194147221557,485.30841064453125,485.30841064453125,7000,0.0,0.0
2002-06-12 00:00:00+09:00,492.0675964355469,492.0675964355469,492.0675964355469,492.0675964355469,3000,0.0,0.0
2002-06-13 00:00:00+09:00,487.3360898788661,493.4193420410156,486.6601729719606,493.4193420410156,9000,0.0,0.0
2002-06-14 00:00:00+09:00,493.419442629681,493.419442629681,483.9566040039063,483.95660400390625,339000,0.0,0.0
2002-06-17 00:00:00+09:00,483.95656814683724,483.95656814683724,475.1696472167969,475.1696472167969,27000,0.0,0.0
2002-06-18 00:00:00+09:00,477.19750737543706,483.28076171875,476.52159022618,483.28076171875,15000,0.0,0.0
2002-06-19 00:00:00+09:00,476.5214166355541,477.8732504416124,473.8177490234375,473.8177490234375,21000,0.0,0.0
2002-06-20 00:00:00+09:00,487.33617355735714,488.68800760328605,474.4937501210329,477.1974182128906,18000,0.0,0.0
2002-06-21 00:00:00+09:00,477.19743957519535,477.19743957519535,473.1419372558594,473.1419372558594,13000,0.0,0.0
2002-06-24 00:00:00+09:00,473.1419372558594,473.1419372558594,473.1419372558594,473.1419372558594,0,0.0,0.0
2002-06-25 00:00:00+09:00,472.4659729003907,472.4659729003907,472.4659729003907,472.4659729003906,2000,0.0,0.0
2002-06-26 00:00:00+09:00,469.7622238670027,469.7622238670027,464.3548889160156,464.3548889160156,21000,0.0,0.0
2002-06-27 00:00:00+09:00,473.8177320201559,473.8177320201559,467.0585632324219,467.0585632324219,7000,0.0,0.0
2002-06-28 00:00:00+09:00,486.66018755008014,486.66018755008014,474.4936828613281,474.4936828613281,6000,0.0,0.0
2002-07-01 00:00:00+09:00,481.2529148091239,488.01208496093744,474.4937446573104,488.0120849609375,7000,0.0,0.0
2002-07-02 00:00:00+09:00,469.7623366203861,469.7623366203861,459.62358115375906,466.38275146484375,25000,0.0,0.0
2002-07-03 00:00:00+09:00,468.4104309082031,468.4104309082031,468.4104309082031,468.4104309082031,1000,0.0,0.0
2002-07-04 00:00:00+09:00,467.05866849595225,467.05866849595225,466.38275146484375,466.38275146484375,8000,0.0,0.0
2002-07-05 00:00:00+09:00,473.81776517232265,486.6601867675782,473.81776517232265,486.6601867675781,19000,0.0,0.0
2002-07-08 00:00:00+09:00,487.33618905078407,487.33618905078407,467.7345947616402,470.4382629394531,5000,0.0,0.0
2002-07-09 00:00:00+09:00,471.11407108077697,506.2617492675781,471.11407108077697,506.2617492675781,29000,0.0,0.0
2002-07-10 00:00:00+09:00,506.2617657184601,519.1041870117188,506.2617657184601,519.1041870117188,30000,0.0,0.0
2002-07-11 00:00:00+09:00,498.82671867276156,504.90997133950253,491.3916320800781,491.3916320800781,6000,0.0,0.0
2002-07-12 00:00:00+09:00,501.5305146913271,501.5305146913271,500.1786804199219,500.1786804199219,3000,0.0,0.0
2002-07-15 00:00:00+09:00,506.9376627604167,506.9376627604167,492.743408203125,492.743408203125,9000,0.0,0.0
2002-07-16 00:00:00+09:00,477.19741948263203,477.19741948263203,470.4382492350027,471.1141662597656,3000,0.0,0.0
2002-07-17 00:00:00+09:00,471.11415257494906,473.81782059546526,471.11415257494906,471.7900695800781,8000,0.0,0.0
2002-07-18 00:00:00+09:00,478.5491848239651,478.5491848239651,468.4104309082031,468.4104309082031,24000,0.0,0.0
2002-07-19 00:00:00+09:00,475.16968225062584,475.84559929507907,469.08642885054667,470.4382629394531,7000,0.0,0.0
2002-07-22 00:00:00+09:00,468.4105025581692,468.4105025581692,466.38275146484375,466.38275146484375,7000,0.0,0.0
2002-07-23 00:00:00+09:00,467.0586837768555,473.1419372558594,465.0309326171875,473.1419372558594,9000,0.0,0.0
2002-07-24 00:00:00+09:00,473.8179106059827,513.697021484375,473.8179106059827,513.697021484375,56000,0.0,0.0
2002-07-25 00:00:00+09:00,500.1786391410982,506.9378099403022,500.1786391410982,502.2063903808594,9000,0.0,0.0
2002-07-26 00:00:00+09:00,495.4472201229956,495.4472201229956,482.60479559047593,488.68804931640625,9000,0.0,0.0
2002-07-29 00:00:00+09:00,502.2063034876177,506.9377222284162,491.3916320800781,491.3916320800781,42000,0.0,0.0
2002-07-30 00:00:00+09:00,492.0675964355469,492.0675964355469,492.0675964355469,492.0675964355469,2000,0.0,0.0
2002-07-31 00:00:00+09:00,491.39161419612105,510.99320540889613,491.39161419612105,502.8822021484375,17000,0.0,0.0
2002-08-01 00:00:00+09:00,496.1230430036743,502.88221252688516,496.1230430036743,500.8544616699219,12000,0.0,0.0
2002-08-02 00:00:00+09:00,500.8545975556245,506.93785177694787,498.8268461485167,500.1786804199219,26000,0.0,0.0
2002-08-05 00:00:00+09:00,500.1786804199219,500.1786804199219,500.1786804199219,500.1786804199219,0,0.0,0.0
2002-08-06 00:00:00+09:00,488.01213223574734,488.6880493164063,488.01213223574734,488.68804931640625,2000,0.0,0.0
2002-08-07 00:00:00+09:00,484.6325378417969,484.6325378417969,484.6325378417969,484.6325378417969,1000,0.0,0.0
2002-08-08 00:00:00+09:00,484.6324192960497,484.6324192960497,479.2250840737786,479.9010009765625,4000,0.0,0.0
2002-08-09 00:00:00+09:00,499.50276328421927,500.1786804199219,486.66033770586995,500.1786804199219,30000,0.0,0.0
2002-08-12 00:00:00+09:00,493.4194104424838,496.79899544551455,490.0398254394531,490.0398254394531,8000,0.0,0.0
2002-08-13 00:00:00+09:00,476.52143287658697,487.33610369364425,476.52143287658697,486.6601867675781,7000,0.0,0.0
2002-08-14 00:00:00+09:00,479.90101750691736,493.41935602823895,479.90101750691736,486.6601867675781,17000,0.0,0.0
2002-08-15 00:00:00+09:00,500.1786518227386,500.1786518227386,491.39172956098776,494.09539794921875,23000,0.0,0.0
2002-08-16 00:00:00+09:00,498.82671867276156,498.82671867276156,488.6879642281932,491.3916320800781,20000,0.0,0.0
2002-08-19 00:00:00+09:00,484.63239538369055,484.63239538369055,475.1695592116241,482.6046447753906,23000,0.0,0.0
2002-08-20 00:00:00+09:00,496.12307404997,496.12307404997,473.1418962329414,475.1696472167969,53000,0.0,0.0
2002-08-21 00:00:00+09:00,479.22516928178396,481.25292035067724,475.84558416696177,477.1974182128906,22000,0.0,0.0
2002-08-22 00:00:00+09:00,477.19740656690675,485.30841064453125,472.46598752162583,485.30841064453125,28000,0.0,0.0
2002-08-23 00:00:00+09:00,485.30841064453125,485.30841064453125,485.30841064453125,485.30841064453125,0,0.0,0.0
2002-08-26 00:00:00+09:00,473.14184207727413,477.8732604980469,473.14184207727413,477.8732604980469,40000,0.0,0.0
2002-08-27 00:00:00+09:00,478.5491774153001,479.90101124980663,473.81775899452737,477.8732604980469,18000,0.0,0.0
2002-08-28 00:00:00+09:00,479.90110778808594,479.90110778808594,472.46602020263674,473.1419372558594,28000,0.0,0.0
2002-08-29 00:00:00+09:00,473.81776632994286,474.4936832576603,468.4104309082031,468.4104309082031,40000,0.0,0.0
2002-08-30 00:00:00+09:00,478.5491774153001,479.90101124980663,471.7900082427676,477.8732604980469,49000,0.0,0.0
2002-09-02 00:00:00+09:00,479.90105974145547,479.90105974145547,471.7900559148393,472.4659729003906,46000,0.0,0.0
2002-09-03 00:00:00+09:00,472.46605762682464,472.46605762682464,461.65138391862837,462.3273010253906,44000,0.0,0.0
2002-09-04 00:00:00+09:00,460.97548057813077,461.6513977050782,458.2718120703411,461.6513977050781,35000,0.0,0.0
2002-09-05 00:00:00+09:00,461.65123795145786,489.36383056640625,459.6234872723153,489.36383056640625,35000,0.0,0.0
2002-09-06 00:00:00+09:00,469.7623752120638,471.1142093853359,463.0032043457031,463.0032043457031,19000,0.0,0.0
2002-09-09 00:00:00+09:00,465.0309401697392,471.7901108117413,465.0309401697392,469.7623596191406,4000,0.0,0.0
2002-09-10 00:00:00+09:00,469.7623596191406,469.7623596191406,466.3827742981396,469.7623596191406,8000,0.0,0.0
2002-09-11 00:00:00+09:00,465.0307782341452,466.3826118918026,459.6234436035156,459.6234436035156,21000,0.0,0.0
2002-09-12 00:00:00+09:00,458.27178955078125,458.27178955078125,456.2440382695831,458.27178955078125,14000,0.0,0.0
2002-09-13 00:00:00+09:00,456.9197762882008,459.6234436035156,452.8642753152286,459.6234436035156,202000,0.0,0.0
2002-09-16 00:00:00+09:00,459.6234436035156,459.6234436035156,459.6234436035156,459.6234436035156,0,0.0,0.0
2002-09-17 00:00:00+09:00,473.14183194872356,479.9010009765625,472.4659150459397,479.9010009765625,12000,0.0,0.0
2002-09-18 00:00:00+09:00,470.4382629394532,470.4382629394532,470.4382629394532,470.4382629394531,3000,0.0,0.0
2002-09-19 00:00:00+09:00,479.90111836495925,488.01212318239516,479.90111836495925,484.6325378417969,11000,0.0,0.0
2002-09-20 00:00:00+09:00,491.3917732928492,492.74360760727245,482.60485024909815,485.98443603515625,33000,0.0,0.0
2002-09-23 00:00:00+09:00,485.98443603515625,485.98443603515625,485.98443603515625,485.98443603515625,0,0.0,0.0
2002-09-24 00:00:00+09:00,492.7433933789941,493.41931024233975,450.16063098821684,450.8365478515625,34000,0.0,0.0
2002-09-25 00:00:00+09:00,457.6468474198487,476.71546606234244,457.6468474198487,472.62933349609375,22000,5.0,0.0
2002-09-26 00:00:00+09:00,473.99132647447186,483.52563476562506,473.99132647447186,483.525634765625,5000,0.0,0.0
2002-09-27 00:00:00+09:00,490.33589958170126,500.5512308229867,490.33589958170126,499.8702087402344,58000,0.0,0.0
2002-09-30 00:00:00+09:00,487.61173878731177,487.61173878731177,482.8445849164861,486.24969482421875,23000,0.0,0.0
2002-10-01 00:00:00+09:00,485.56879862523806,491.697998046875,480.80164351952044,491.697998046875,59000,0.0,0.0
2002-10-02 00:00:00+09:00,498.5082379016247,499.8702822674761,493.06006043821895,495.7841491699219,18000,0.0,0.0
2002-10-03 00:00:00+09:00,491.01699388944184,495.7841491699218,491.01699388944184,495.7841491699219,12000,0.0,0.0
2002-10-04 00:00:00+09:00,495.10312698699613,497.827215718699,495.10312698699613,495.7841491699219,20000,0.0,0.0
2002-10-07 00:00:00+09:00,490.336051590751,491.6980961785031,488.9740070029989,489.655029296875,10000,0.0,0.0
2002-10-08 00:00:00+09:00,482.84464199367744,495.1030391105832,473.31033312497294,491.01690673828125,46000,0.0,0.0
2002-10-09 00:00:00+09:00,484.20691603321137,486.93100557488907,482.1638488769531,482.1638488769531,8000,0.0,0.0
2002-10-10 00:00:00+09:00,481.48246917939827,482.8445129394532,480.80144729937086,482.8445129394531,6000,0.0,0.0
2002-10-11 00:00:00+09:00,482.844714617048,482.844714617048,476.71551513671875,476.71551513671875,17000,0.0,0.0
2002-10-14 00:00:00+09:00,476.71551513671875,476.71551513671875,476.71551513671875,476.71551513671875,0,0.0,0.0
2002-10-15 00:00:00+09:00,488.29290771484375,488.29290771484375,483.525752409399,488.29290771484375,48000,0.0,0.0
2002-10-16 00:00:00+09:00,488.2930503457279,489.65509511656677,482.1638488769531,482.1638488769531,34000,0.0,0.0
2002-10-17 00:00:00+09:00,477.39646207369293,483.5256605881911,477.39646207369293,478.0774841308594,17000,0.0,0.0
2002-10-18 00:00:00+09:00,489.6549008813235,489.6549008813235,480.80161338277384,481.4826354980469,21000,0.0,0.0
2002-10-21 00:00:00+09:00,481.4826333709326,482.8446775954614,478.758544921875,478.758544921875,19000,0.0,0.0
2002-10-22 00:00:00+09:00,488.29280064322734,488.29280064322734,479.43951416015625,479.43951416015625,6000,0.0,0.0
2002-10-23 00:00:00+09:00,476.71543181197615,477.3964538574218,473.99134363019346,477.3964538574219,10000,0.0,0.0
2002-10-24 00:00:00+09:00,473.9913754670516,473.9913754670516,469.9052429199219,469.9052429199219,6000,0.0,0.0
2002-10-25 00:00:00+09:00,472.62939997773,480.8016662597656,472.62939997773,480.8016662597656,10000,0.0,0.0
2002-10-28 00:00:00+09:00,480.1207817206948,482.1638488769531,472.6295354810811,482.1638488769531,16000,0.0,0.0
2002-10-29 00:00:00+09:00,481.4824967188192,481.4824967188192,477.39636520493957,480.1204528808594,16000,0.0,0.0
2002-10-30 00:00:00+09:00,480.80170796000874,486.930908203125,480.80170796000874,486.930908203125,9000,0.0,0.0
2002-10-31 00:00:00+09:00,472.62933128467506,472.62933128467506,469.9052429199219,469.9052429199219,20000,0.0,0.0
2002-11-01 00:00:00+09:00,472.62941066698096,473.991455078125,471.9483884614089,473.991455078125,23000,0.0,0.0
2002-11-04 00:00:00+09:00,473.991455078125,473.991455078125,473.991455078125,473.991455078125,0,0.0,0.0
2002-11-05 00:00:00+09:00,476.71534328595965,480.1204528808594,476.71534328595965,480.1204528808594,10000,0.0,0.0
2002-11-06 00:00:00+09:00,475.3533877210848,477.3964538574218,475.3533877210848,477.3964538574219,5000,0.0,0.0
2002-11-07 00:00:00+09:00,482.1634910594257,483.5255348194806,480.80144729937086,482.8445129394531,11000,0.0,0.0
2002-11-08 00:00:00+09:00,482.8446243459528,482.8446243459528,476.715426011519,479.43951416015625,12000,0.0,0.0
2002-11-11 00:00:00+09:00,475.3534300879609,475.3534300879609,473.31036376953125,473.31036376953125,22000,0.0,0.0
2002-11-12 00:00:00+09:00,473.9913858756745,475.3534300879609,473.31036376953125,473.31036376953125,9000,0.0,0.0
2002-11-13 00:00:00+09:00,473.9913776848433,473.9913776848433,472.6293334960938,472.62933349609375,9000,0.0,0.0
2002-11-14 00:00:00+09:00,471.94824218750006,471.94824218750006,471.94824218750006,471.9482421875,2000,0.0,0.0
2002-11-15 00:00:00+09:00,465.13809045797126,472.6293334960938,465.13809045797126,472.62933349609375,6000,0.0,0.0
2002-11-18 00:00:00+09:00,465.8192138671875,465.8192138671875,465.8192138671875,465.8192138671875,21000,0.0,0.0
2002-11-19 00:00:00+09:00,459.00910210503474,459.69012451171875,454.9229676649306,459.69012451171875,30000,0.0,0.0
2002-11-20 00:00:00+09:00,469.9051967153169,469.9051967153169,461.0519104003906,461.0519104003906,19000,0.0,0.0
2002-11-21 00:00:00+09:00,459.6900088446481,461.0520533152989,454.2418309620449,457.6469421386719,20000,0.0,0.0
2002-11-22 00:00:00+09:00,450.8365775982657,459.68986386530116,450.8365775982657,458.32781982421875,24000,0.0,0.0
2002-11-25 00:00:00+09:00,458.32775363616724,467.862060546875,453.5606001808133,467.862060546875,54000,0.0,0.0
2002-11-26 00:00:00+09:00,465.818994140625,465.818994140625,452.87957763671875,452.87957763671875,20000,0.0,0.0
2002-11-27 00:00:00+09:00,449.4746373911373,456.96588134765625,449.4746373911373,456.96588134765625,40000,0.0,0.0
2002-11-28 00:00:00+09:00,456.96583014645483,457.6468522480144,449.47458702929987,450.1556091308594,36000,0.0,0.0
2002-11-29 00:00:00+09:00,450.1556394678601,460.3709716796875,444.02644014076367,460.3709716796875,21000,0.0,0.0
2002-12-02 00:00:00+09:00,460.3709716796875,460.3709716796875,460.3709716796875,460.3709716796875,0,0.0,0.0
2002-12-03 00:00:00+09:00,448.79361585291423,449.4746380317502,446.0695271375703,446.75054931640625,19000,0.0,0.0
2002-12-04 00:00:00+09:00,446.0694450638242,446.0694450638242,437.8971804214336,439.94024658203125,23000,0.0,0.0
2002-12-05 00:00:00+09:00,430.40589987584787,439.2591857910156,429.043855888899,439.2591857910156,51000,0.0,0.0
2002-12-06 00:00:00+09:00,432.44909489022575,435.85420587361335,429.7250061035156,429.7250061035156,22000,0.0,0.0
2002-12-09 00:00:00+09:00,435.8541325695581,435.8541325695581,407.25120511968083,416.1044921875,52000,0.0,0.0
2002-12-10 00:00:00+09:00,422.9146175414845,428.36279296875006,416.10439825740264,428.36279296875,33000,0.0,0.0
2002-12-11 00:00:00+09:00,426.3198630139718,431.0870180317,416.7855529785156,416.7855529785156,13000,0.0,0.0
2002-12-12 00:00:00+09:00,417.4665268362048,423.5957254357576,417.4665268362048,422.9147033691406,19000,0.0,0.0
2002-12-13 00:00:00+09:00,416.104586994128,421.55276489257807,416.104586994128,421.5527648925781,233000,0.0,0.0
2002-12-16 00:00:00+09:00,421.5527547371488,422.23377695804885,404.5271992146468,405.2082214355469,52000,0.0,0.0
2002-12-17 00:00:00+09:00,401.8030046161852,414.0614013671875,401.8030046161852,414.0614013671875,21000,0.0,0.0
2002-12-18 00:00:00+09:00,408.6133117675781,414.0614892578125,405.2082008361817,408.6133117675781,30000,0.0,0.0
2002-12-19 00:00:00+09:00,401.80308990478517,409.29433395385746,394.9928680419922,408.6133117675781,68000,0.0,0.0
2002-12-20 00:00:00+09:00,414.06137394706735,422.23363790654895,405.88910998758575,409.2942199707031,69000,0.0,0.0
2002-12-23 00:00:00+09:00,409.2942199707031,409.2942199707031,409.2942199707031,409.2942199707031,0,0.0,0.0
2002-12-24 00:00:00+09:00,408.6131702769886,409.29419222745025,398.39784102006394,404.52703857421875,62000,0.0,0.0
2002-12-25 00:00:00+09:00,401.1219845924768,407.2511829988135,399.07891845703125,399.07891845703125,31000,0.0,0.0
2002-12-26 00:00:00+09:00,399.078945217808,408.6132544892232,398.3979231269926,403.8460998535156,27000,0.0,0.0
2002-12-27 00:00:00+09:00,424.2766697447683,445.38834994073585,424.2766697447683,436.5350646972656,25000,0.0,0.0
2002-12-30 00:00:00+09:00,433.8110564350122,433.8110564350122,422.2336813025236,422.9147033691406,4000,0.0,0.0
2002-12-31 00:00:00+09:00,422.9147033691406,422.9147033691406,422.9147033691406,422.9147033691406,0,0.0,0.0
2003-01-01 00:00:00+09:00,422.9147033691406,422.9147033691406,422.9147033691406,422.9147033691406,0,0.0,0.0
2003-01-02 00:00:00+09:00,422.9147033691406,422.9147033691406,422.9147033691406,422.9147033691406,0,0.0,0.0
2003-01-03 00:00:00+09:00,422.9147033691406,422.9147033691406,422.9147033691406,422.9147033691406,0,0.0,0.0
2003-01-06 00:00:00+09:00,437.21630636415523,447.431640625,437.21630636415523,447.431640625,3000,0.0,0.0
2003-01-07 00:00:00+09:00,456.96589772876627,456.96589772876627,431.0870540421893,435.1731872558594,7000,0.0,0.0
2003-01-08 00:00:00+09:00,436.53506469726557,436.53506469726557,436.53506469726557,436.5350646972656,2000,0.0,0.0
2003-01-09 00:00:00+09:00,414.7424061680922,421.55262630221523,414.7424061680922,420.1905822753906,10000,0.0,0.0
2003-01-10 00:00:00+09:00,420.190636803493,420.190636803493,412.01837158203125,412.01837158203125,21000,0.0,0.0
2003-01-13 00:00:00+09:00,412.01837158203125,412.01837158203125,412.01837158203125,412.01837158203125,0,0.0,0.0
2003-01-14 00:00:00+09:00,416.10439545898436,427.6817681640625,416.10439545898436,425.6387023925781,5000,0.0,0.0
2003-01-15 00:00:00+09:00,429.7250458462548,446.069580078125,429.7250458462548,446.069580078125,29000,0.0,0.0
2003-01-16 00:00:00+09:00,441.983377999122,445.38848876953125,440.6213336909583,445.38848876953125,10000,0.0,0.0
2003-01-17 00:00:00+09:00,438.5781745793269,446.75043870192303,437.8971525691106,442.664306640625,14000,0.0,0.0
2003-01-20 00:00:00+09:00,449.47452674278844,449.47452674278844,441.30226262019227,442.664306640625,39000,0.0,0.0
2003-01-21 00:00:00+09:00,441.3023458294312,441.3023458294312,426.31985877966656,431.7680358886719,9000,0.0,0.0
2003-01-22 00:00:00+09:00,431.0870550595797,431.0870550595797,422.233766409067,424.9578552246094,6000,0.0,0.0
2003-01-23 00:00:00+09:00,426.31988709464906,429.0439758300781,425.63886491079177,429.0439758300781,9000,0.0,0.0
2003-01-24 00:00:00+09:00,422.23359277343746,427.6817681640625,422.23359277343746,425.6387023925781,10000,0.0,0.0
2003-01-27 00:00:00+09:00,416.7854909146769,424.9577554424157,416.7854909146769,424.2767333984375,6000,0.0,0.0
2003-01-28 00:00:00+09:00,414.7425114440918,414.7425114440918,408.6133117675781,408.6133117675781,17000,0.0,0.0
2003-01-29 00:00:00+09:00,405.8890937234268,414.06135735544217,400.44091796874994,400.44091796875,15000,0.0,0.0
2003-01-30 00:00:00+09:00,401.1219679950035,401.1219679950035,396.35481387621735,397.71685791015625,17000,0.0,0.0
2003-01-31 00:00:00+09:00,396.35483242603055,396.35483242603055,383.415413498033,384.096435546875,39000,0.0,0.0
2003-02-03 00:00:00+09:00,384.09651022767275,395.6738873090033,381.37242150265376,392.9497985839844,39000,0.0,0.0
2003-02-04 00:00:00+09:00,398.3979631506878,408.613295539167,398.3979631506878,407.2512512207031,9000,0.0,0.0
2003-02-05 00:00:00+09:00,403.1651102190641,411.3373759667478,399.7599994908625,406.5702209472656,12000,0.0,0.0
2003-02-06 00:00:00+09:00,401.8030578298126,401.8030578298126,395.6738586425781,395.6738586425781,5000,0.0,0.0
2003-02-07 00:00:00+09:00,397.03584083350927,403.1650390625,397.03584083350927,403.1650390625,5000,0.0,0.0
2003-02-10 00:00:00+09:00,399.07891845703125,399.07891845703125,399.07891845703125,399.07891845703125,1000,0.0,0.0
2003-02-11 00:00:00+09:00,399.07891845703125,399.07891845703125,399.07891845703125,399.07891845703125,0,0.0,0.0
2003-02-12 00:00:00+09:00,407.93227337993505,407.93227337993505,407.2512512207031,407.2512512207031,8000,0.0,0.0
2003-02-13 00:00:00+09:00,409.97524196732655,409.97524196732655,408.61319797407964,409.2942199707031,11000,0.0,0.0
2003-02-14 00:00:00+09:00,403.8460528120373,403.8460528120373,398.397876720138,402.4840087890625,68000,0.0,0.0
2003-02-17 00:00:00+09:00,407.2512158203125,412.01837052055026,391.58770751953125,391.58770751953125,47000,0.0,0.0
2003-02-18 00:00:00+09:00,398.3979511892559,411.3373718261719,398.3979511892559,411.3373718261719,20000,0.0,0.0
2003-02-19 00:00:00+09:00,415.42356792249177,415.42356792249177,401.1221008300781,401.1221008300781,24000,0.0,0.0
2003-02-20 00:00:00+09:00,407.932176492982,407.932176492982,401.802978515625,401.802978515625,10000,0.0,0.0
2003-02-21 00:00:00+09:00,402.4840005131091,405.8891105005297,401.802978515625,401.802978515625,8000,0.0,0.0
2003-02-24 00:00:00+09:00,403.84604399771536,409.2942199707031,403.84604399771536,409.2942199707031,11000,0.0,0.0
2003-02-25 00:00:00+09:00,402.4840611200747,402.4840611200747,391.58770751953125,391.58770751953125,16000,0.0,0.0
2003-02-26 00:00:00+09:00,395.6738586425781,395.6738586425781,393.6307922468333,395.6738586425781,10000,0.0,0.0
2003-02-27 00:00:00+09:00,397.03584748898413,397.03584748898413,393.6307373046875,393.6307373046875,3000,0.0,0.0
2003-02-28 00:00:00+09:00,394.99278137840616,397.03584748898413,392.2686932309689,393.6307373046875,12000,0.0,0.0
2003-03-03 00:00:00+09:00,394.31172024473847,400.44091796874994,394.31172024473847,400.44091796875,5000,0.0,0.0
2003-03-04 00:00:00+09:00,407.25130101254115,407.25130101254115,392.94983392012745,401.1221008300781,15000,0.0,0.0
2003-03-05 00:00:00+09:00,394.3118896484375,394.3118896484375,392.2688228626943,394.3118896484375,15000,0.0,0.0
2003-03-06 00:00:00+09:00,391.5877542214749,392.9497985839843,391.5877542214749,392.9497985839844,5000,0.0,0.0
2003-03-07 00:00:00+09:00,395.67386895762644,401.12204615497757,388.8636474609375,388.8636474609375,18000,0.0,0.0
2003-03-10 00:00:00+09:00,382.0533228556315,384.0963887532552,367.7518615722656,367.7518615722656,24000,0.0,0.0
2003-03-11 00:00:00+09:00,366.38985722379863,366.38985722379863,360.9416809082031,360.9416809082031,18000,0.0,0.0
2003-03-12 00:00:00+09:00,361.6227053524403,365.70883761630967,360.9416833084621,363.665771484375,6000,0.0,0.0
2003-03-13 00:00:00+09:00,363.66574718768777,364.34676918616657,354.1314392089844,354.1314392089844,50000,0.0,0.0
2003-03-14 00:00:00+09:00,333.7008344151541,343.9161660809241,333.7008344151541,341.19207763671875,335000,0.0,0.0
2003-03-17 00:00:00+09:00,348.0023070559559,348.0023070559559,338.46799727360093,341.87310791015625,30000,0.0,0.0
2003-03-18 00:00:00+09:00,344.59715054706464,357.53656924349593,343.9161285104104,350.7263488769531,82000,0.0,0.0
2003-03-19 00:00:00+09:00,347.3213010578486,355.4935669650921,346.6402788989117,353.45050048828125,17000,0.0,0.0
2003-03-20 00:00:00+09:00,360.2606811523437,363.6657915602109,357.53659282605,360.26068115234375,37000,0.0,0.0
2003-03-21 00:00:00+09:00,360.2606811523437,360.2606811523437,360.2606811523437,360.26068115234375,0,0.0,0.0
2003-03-24 00:00:00+09:00,358.21760442602726,363.66578091919877,354.1314720561486,356.8555603027344,87000,0.0,0.0
2003-03-25 00:00:00+09:00,354.8125242222034,356.8555905804887,345.95923666963404,346.6402587890625,65000,0.0,0.0
2003-03-26 00:00:00+09:00,353.5179540780874,359.02017904428334,353.5179540780874,357.6446228027344,41000,5.0,0.0
2003-03-27 00:00:00+09:00,356.9569036960602,356.9569036960602,352.1424560546875,352.1424560546875,24000,0.0,0.0
2003-03-28 00:00:00+09:00,353.5180477497548,353.5180477497548,339.7624816894531,339.7624816894531,42000,0.0,0.0
2003-03-31 00:00:00+09:00,343.20134027477013,343.20134027477013,321.1924366900153,322.5679931640625,154000,0.0,0.0
2003-04-01 00:00:00+09:00,323.9435515013881,330.1335556702044,323.2557732604085,328.0702209472656,32000,0.0,0.0
2003-04-02 00:00:00+09:00,331.50904398167387,333.57237828031504,322.56792868756236,323.2557067871094,34000,0.0,0.0
2003-04-03 00:00:00+09:00,330.13355377132194,330.13355377132194,322.5679931640625,322.5679931640625,14000,0.0,0.0
2003-04-04 00:00:00+09:00,309.5002081808603,309.5002081808603,294.36908689201823,304.6857604980469,62000,0.0,0.0
2003-04-07 00:00:00+09:00,311.5634562174479,312.25123426649304,306.0612318250868,309.5001220703125,75000,0.0,0.0
2003-04-08 00:00:00+09:00,310.87577542695226,317.06577980492256,310.87577542695226,314.3146667480469,29000,0.0,0.0
2003-04-09 00:00:00+09:00,315.0024343686534,328.0702209472656,315.0024343686534,328.0702209472656,42000,0.0,0.0
2003-04-10 00:00:00+09:00,331.5090777664504,334.26019044501015,326.00685240933086,328.7579650878906,84000,0.0,0.0
2003-04-11 00:00:00+09:00,331.5091516088008,333.57248657732026,330.82137328596093,332.1969299316406,28000,0.0,0.0
2003-04-14 00:00:00+09:00,338.3868982651655,340.45023301068477,336.32356351964614,339.0746765136719,14000,0.0,0.0
2003-04-15 00:00:00+09:00,342.5135605320786,343.8891170000789,340.4502258300781,340.4502258300781,39000,0.0,0.0
2003-04-16 00:00:00+09:00,339.7624378527625,339.7624378527625,315.69020035307284,324.6313171386719,41000,0.0,0.0
2003-04-17 00:00:00+09:00,323.2557858702957,323.2557858702957,317.75355972782256,319.81689453125,14000,0.0,0.0
2003-04-18 00:00:00+09:00,317.7535802329459,317.7535802329459,309.5002404866356,310.1880187988281,49000,0.0,0.0
2003-04-21 00:00:00+09:00,310.8758307409502,310.8758307409502,302.62249010180994,303.998046875,48000,0.0,0.0
2003-04-22 00:00:00+09:00,303.99807710602806,303.99807710602806,292.30584337118086,292.9936218261719,61000,0.0,0.0
2003-04-23 00:00:00+09:00,296.43247021046454,310.87581562675166,296.43247021046454,306.7491455078125,36000,0.0,0.0
2003-04-24 00:00:00+09:00,303.31020401724305,309.5002081808603,303.31020401724305,304.6857604980469,12000,0.0,0.0
2003-04-25 00:00:00+09:00,302.6223415798611,313.6267903645833,301.2467854817708,309.5001220703125,24000,0.0,0.0
2003-04-28 00:00:00+09:00,312.9391469251389,312.9391469251389,307.4369201660156,307.4369201660156,11000,0.0,0.0
2003-04-29 00:00:00+09:00,307.4369201660156,307.4369201660156,307.4369201660156,307.4369201660156,0,0.0,0.0
2003-04-30 00:00:00+09:00,304.6857419467581,304.6857419467581,294.3690689688769,296.4324035644531,42000,0.0,0.0
2003-05-01 00:00:00+09:00,292.3056536471929,292.3056536471929,277.174537458397,288.1789855957031,173000,0.0,0.0
2003-05-02 00:00:00+09:00,293.68132819329105,297.80799791029284,288.86688019012234,295.056884765625,82000,0.0,0.0
2003-05-05 00:00:00+09:00,295.056884765625,295.056884765625,295.056884765625,295.056884765625,0,0.0,0.0
2003-05-06 00:00:00+09:00,298.49577619645976,300.5591110549607,295.056884765625,295.056884765625,38000,0.0,0.0
2003-05-07 00:00:00+09:00,301.93471542669806,305.37360740194515,299.8713802415498,303.3102722167969,44000,0.0,0.0
2003-05-08 00:00:00+09:00,306.74909521925264,310.8757646616641,304.6857604980469,304.6857604980469,34000,0.0,0.0
2003-05-09 00:00:00+09:00,308.1246815557065,316.3780212402344,306.74912494161856,316.3780212402344,57000,0.0,0.0
2003-05-12 00:00:00+09:00,319.81689453125,322.56800760248655,319.12911626344084,319.81689453125,22000,0.0,0.0
2003-05-13 00:00:00+09:00,323.2557665917181,360.39579083842614,323.2557665917181,341.13800048828125,116000,0.0,0.0
2003-05-14 00:00:00+09:00,344.5769025017234,347.3280154957491,339.0746765136719,339.0746765136719,56000,0.0,0.0
2003-05-15 00:00:00+09:00,344.5769384765625,345.264716796875,337.6991552734375,343.88916015625,98000,0.0,0.0
2003-05-16 00:00:00+09:00,347.32802587611076,369.3369304860821,347.32802587611076,360.39581298828125,113000,0.0,0.0
2003-05-19 00:00:00+09:00,362.4591652030375,368.649169921875,359.7080519946653,368.649169921875,109000,0.0,0.0
2003-05-20 00:00:00+09:00,370.71248138084843,370.71248138084843,367.2735900878906,367.2735900878906,29000,0.0,0.0
2003-05-21 00:00:00+09:00,367.2736823064631,381.71702936345883,367.2736823064631,378.27813720703125,48000,0.0,0.0
2003-05-22 00:00:00+09:00,381.71694223071773,392.03361634506143,379.653607407849,383.0924987792969,86000,0.0,0.0
2003-05-23 00:00:00+09:00,385.1558336021656,390.6580597964823,383.0924987792969,383.0924987792969,41000,0.0,0.0
2003-05-26 00:00:00+09:00,385.8435843331473,388.59469723391845,370.71246337890625,370.71246337890625,47000,0.0,0.0
2003-05-27 00:00:00+09:00,369.33692486366533,370.0247031222569,365.8980335707075,367.2735900878906,36000,0.0,0.0
2003-05-28 00:00:00+09:00,376.2146930866413,385.15581010698196,376.2146930866413,381.7169189453125,35000,0.0,0.0
2003-05-29 00:00:00+09:00,381.7168931873566,381.7168931873566,370.712442212586,374.839111328125,21000,0.0,0.0
2003-05-30 00:00:00+09:00,363.14697445140166,374.83920658335967,363.14697445140166,374.15142822265625,11000,0.0,0.0
2003-06-02 00:00:00+09:00,367.2735696719499,407.1647064527983,367.2735696719499,394.7846984863281,93000,0.0,0.0
2003-06-03 00:00:00+09:00,394.0969880837292,411.9792248903207,391.345874728869,410.6036682128906,46000,0.0,0.0
2003-06-04 00:00:00+09:00,394.7847234647568,404.41361915901916,391.34583214537736,401.6625061035156,39000,0.0,0.0
2003-06-05 00:00:00+09:00,401.66261663091,401.66261663091,397.5359459120993,398.2237243652344,46000,0.0,0.0
2003-06-06 00:00:00+09:00,392.0335895085739,405.7891540527344,392.0335895085739,405.7891540527344,70000,0.0,0.0
2003-06-09 00:00:00+09:00,409.22807191547594,420.2325242695055,407.16473709909536,418.169189453125,78000,0.0,0.0
2003-06-10 00:00:00+09:00,418.1692062762605,418.1692062762605,409.22808837890625,409.22808837890625,12000,0.0,0.0
2003-06-11 00:00:00+09:00,416.10582944940165,417.4813859103914,411.2913818359375,411.2913818359375,31000,0.0,0.0
2003-06-12 00:00:00+09:00,411.97908215249834,414.04241645376294,408.5401916503907,408.5401916503906,21000,0.0,0.0
2003-06-13 00:00:00+09:00,407.85255915813815,407.85255915813815,392.721435546875,392.721435546875,283000,0.0,0.0
2003-06-16 00:00:00+09:00,400.9746751992253,412.6669041501461,400.9746751992253,411.9791259765625,24000,0.0,0.0
2003-06-17 00:00:00+09:00,418.8568883080191,430.54911671727416,418.8568883080191,427.7980041503906,87000,0.0,0.0
2003-06-18 00:00:00+09:00,429.17358046875,434.67580585937503,429.17358046875,429.8613586425781,41000,0.0,0.0
2003-06-19 00:00:00+09:00,422.983684165805,431.23702434464997,420.92034912109375,420.92034912109375,48000,0.0,0.0
2003-06-20 00:00:00+09:00,438.1148023817274,442.92925075954855,433.3003540039062,433.30035400390625,34000,0.0,0.0
2003-06-23 00:00:00+09:00,433.3003733847379,440.8659354597095,430.54925990293003,435.36370849609375,25000,0.0,0.0
2003-06-24 00:00:00+09:00,429.17368396577376,433.3003540039062,427.1103489467076,433.30035400390625,72000,0.0,0.0
2003-06-25 00:00:00+09:00,429.17359459918475,430.5491509921309,427.1102600097656,427.1102600097656,30000,0.0,0.0
2003-06-26 00:00:00+09:00,431.9248203325875,436.0514905905422,431.9248203325875,434.6759338378906,28000,0.0,0.0
2003-06-27 00:00:00+09:00,438.11468856139754,440.17802304441824,437.4269104003906,437.4269104003906,38000,0.0,0.0
2003-06-30 00:00:00+09:00,440.17812125599045,440.17812125599045,430.5492248535156,430.5492248535156,20000,0.0,0.0
2003-07-01 00:00:00+09:00,426.4225263625665,437.426978655794,426.4225263625665,436.0514221191406,33000,0.0,0.0
2003-07-02 00:00:00+09:00,442.9291416957256,443.6169198660606,437.4269163330458,442.2413635253906,39000,0.0,0.0
2003-07-03 00:00:00+09:00,449.11913913750794,452.5580299425425,437.4269104003906,437.4269104003906,43000,0.0,0.0
2003-07-04 00:00:00+09:00,437.426978655794,441.55364826575436,434.6758655824872,436.0514221191406,39000,0.0,0.0
2003-07-07 00:00:00+09:00,429.1736619015958,431.2369968145842,419.54476564098303,420.2325439453125,55000,0.0,0.0
2003-07-08 00:00:00+09:00,422.2958664091507,422.2958664091507,414.0425270005028,416.79364013671875,67000,0.0,0.0
2003-07-09 00:00:00+09:00,412.6669565836588,412.6669565836588,394.78472179836695,396.1602783203125,99000,0.0,0.0
2003-07-10 00:00:00+09:00,398.9113966351308,405.7891793357365,396.1602835548885,400.9747314453125,80000,0.0,0.0
2003-07-11 00:00:00+09:00,395.47245319073016,400.2869004469651,388.59467139610877,393.40911865234375,58000,0.0,0.0
2003-07-14 00:00:00+09:00,394.78476794012664,403.0381080364359,389.2825412092538,398.91143798828125,41000,0.0,0.0
2003-07-15 00:00:00+09:00,405.7890792487045,416.10575075502754,402.35018874659687,408.5401916503906,46000,0.0,0.0
2003-07-16 00:00:00+09:00,406.47695223490393,406.47695223490393,394.78472179836695,396.1602783203125,42000,0.0,0.0
2003-07-17 00:00:00+09:00,396.16022538716817,396.16022538716817,388.59466552734375,388.59466552734375,26000,0.0,0.0
2003-07-18 00:00:00+09:00,395.47250172863266,401.6625061035156,389.9702756176256,401.6625061035156,17000,0.0,0.0
2003-07-21 00:00:00+09:00,401.6625061035156,401.6625061035156,401.6625061035156,401.6625061035156,0,0.0,0.0
2003-07-22 00:00:00+09:00,408.5402924159788,409.22807068603936,396.1602835548885,400.9747314453125,21000,0.0,0.0
2003-07-23 00:00:00+09:00,404.4136918768826,406.4770270395197,396.16035122633394,399.5992431640625,9000,0.0,0.0
2003-07-24 00:00:00+09:00,397.53576234570977,404.4135437011719,393.4090935324325,404.4135437011719,19000,0.0,0.0
2003-07-25 00:00:00+09:00,394.096992238808,396.1603272767075,392.721435546875,392.721435546875,17000,0.0,0.0
2003-07-28 00:00:00+09:00,405.10137179172,405.10137179172,392.72136382524974,394.7846984863281,43000,0.0,0.0
2003-07-29 00:00:00+09:00,396.16025492704705,399.59914602884436,394.09692026596866,394.7846984863281,17000,0.0,0.0
2003-07-30 00:00:00+09:00,396.8481214440387,399.5992349375849,395.4725646972656,395.4725646972656,21000,0.0,0.0
2003-07-31 00:00:00+09:00,399.5992734153441,401.6626087341841,393.40926745882416,394.0970458984375,24000,0.0,0.0
2003-08-01 00:00:00+09:00,398.91144998664527,409.9159037793803,396.8481149005074,402.350341796875,75000,0.0,0.0
2003-08-04 00:00:00+09:00,407.1647322145227,411.291401797778,401.6625061035156,401.6625061035156,51000,0.0,0.0
2003-08-05 00:00:00+09:00,403.7258904151667,421.60812746933084,403.7258904151667,420.92034912109375,83000,0.0,0.0
2003-08-06 00:00:00+09:00,421.60808963340736,426.4225376390091,420.2325330603783,422.2958679199219,62000,0.0,0.0
2003-08-07 00:00:00+09:00,415.41797372465226,440.86576350579816,415.41797372465226,438.80242919921875,111000,0.0,0.0
2003-08-08 00:00:00+09:00,436.7392944937269,436.7392944937269,418.8570556640625,418.8570556640625,47000,0.0,0.0
2003-08-11 00:00:00+09:00,424.35908748696295,424.35908748696295,414.7301940917969,414.7301940917969,13000,0.0,0.0
2003-08-12 00:00:00+09:00,412.6670837402344,429.86154556274414,409.9159698486328,429.17376708984375,12000,0.0,0.0
2003-08-13 00:00:00+09:00,428.48586116754666,440.1780917291009,426.4225263625665,436.0514221191406,31000,0.0,0.0
2003-08-14 00:00:00+09:00,442.2413272184484,468.37689554551065,438.11465853522805,467.6891174316406,74000,0.0,0.0
2003-08-15 00:00:00+09:00,459.4357604980469,459.4357604980469,459.4357604980469,459.4357604980469,19000,0.0,0.0
2003-08-18 00:00:00+09:00,455.30925552933303,458.74814718740953,443.6170238918728,445.68035888671875,37000,0.0,0.0
2003-08-19 00:00:00+09:00,451.182561215592,457.37256586641564,449.1192263319841,455.99700927734375,51000,0.0,0.0
2003-08-20 00:00:00+09:00,465.6258445969613,479.38140869140625,465.6258445969613,479.38140869140625,53000,0.0,0.0
2003-08-21 00:00:00+09:00,479.3815500313895,481.44488525390625,473.1915443638393,481.44488525390625,21000,0.0,0.0
2003-08-22 00:00:00+09:00,474.5670346346769,474.5670346346769,453.9336853027344,453.9336853027344,55000,0.0,0.0
2003-08-25 00:00:00+09:00,456.68485307835823,464.9381937966418,456.68485307835823,460.8115234375,38000,0.0,0.0
2003-08-26 00:00:00+09:00,455.9969680373733,461.49919389604446,455.9969680373733,458.060302734375,13000,0.0,0.0
2003-08-27 00:00:00+09:00,464.93812340426155,464.93812340426155,455.9970056464873,456.6847839355469,13000,0.0,0.0
2003-08-28 00:00:00+09:00,461.4990947517806,461.4990947517806,457.3724262443131,459.4357604980469,17000,0.0,0.0
2003-08-29 00:00:00+09:00,456.6848758515858,464.25043855394637,456.6848758515858,462.1871032714844,21000,0.0,0.0
2003-09-01 00:00:00+09:00,467.6893317562411,478.6937866210938,467.6893317562411,478.69378662109375,18000,0.0,0.0
2003-09-02 00:00:00+09:00,475.2547856438347,482.132568359375,474.56700737228067,482.132568359375,34000,0.0,0.0
2003-09-03 00:00:00+09:00,485.5714182420211,486.25919645482844,482.13252717798406,484.19586181640625,18000,0.0,0.0
2003-09-04 00:00:00+09:00,483.5081316132785,499.3270320785778,482.13257505107856,492.4492492675781,72000,0.0,0.0
2003-09-05 00:00:00+09:00,499.32704015997655,508.2681579589844,494.51259211435695,508.2681579589844,45000,0.0,0.0
2003-09-08 00:00:00+09:00,504.82917165889796,504.82917165889796,490.3858302354145,491.0736083984375,7000,0.0,0.0
2003-09-09 00:00:00+09:00,489.0102763506184,504.1413960126629,489.0102763506184,496.5758361816406,16000,0.0,0.0
2003-09-10 00:00:00+09:00,491.07361559363886,511.01918261354854,491.07361559363886,507.5802917480469,36000,0.0,0.0
2003-09-11 00:00:00+09:00,507.5803071962554,507.5803071962554,498.63919067382807,498.6391906738281,11000,0.0,0.0
2003-09-12 00:00:00+09:00,515.8338280079686,521.3360555067202,515.1460495706245,516.5216064453125,340000,0.0,0.0
2003-09-15 00:00:00+09:00,516.5216064453125,516.5216064453125,516.5216064453125,516.5216064453125,0,0.0,0.0
2003-09-16 00:00:00+09:00,524.774810341125,560.5392797221715,524.774810341125,559.8515014648438,78000,0.0,0.0
2003-09-17 00:00:00+09:00,556.4127062492564,556.4127062492564,535.7793549668365,541.9693603515625,31000,0.0,0.0
2003-09-18 00:00:00+09:00,536.4669928095143,548.8470003358877,536.4669928095143,539.9058837890625,31000,0.0,0.0
2003-09-19 00:00:00+09:00,546.7837550754758,557.7882080078125,543.3448635341207,557.7882080078125,38000,0.0,0.0
2003-09-22 00:00:00+09:00,542.6570673506388,542.6570673506388,516.5214924972495,532.3403930664062,42000,0.0,0.0
2003-09-23 00:00:00+09:00,532.3403930664062,532.3403930664062,532.3403930664062,532.3403930664062,0,0.0,0.0
2003-09-24 00:00:00+09:00,539.2180786132812,554.349198166205,535.7791878057986,539.2180786132812,20000,0.0,0.0
2003-09-25 00:00:00+09:00,523.6137826384116,536.0972900390625,523.6137826384116,536.0972900390625,10000,6.5,0.0
2003-09-26 00:00:00+09:00,529.1619718786789,529.1619718786789,506.2755432128906,506.2755432128906,27000,0.0,0.0
2003-09-29 00:00:00+09:00,503.50144238281246,523.6137589518229,502.8079142252604,520.1461181640625,33000,0.0,0.0
2003-09-30 00:00:00+09:00,513.210953733601,534.0168032092874,513.210953733601,531.9362182617188,16000,0.0,0.0
2003-10-01 00:00:00+09:00,545.8066749245111,575.6283865150499,545.8066749245111,565.2254638671875,73000,0.0,0.0
2003-10-02 00:00:00+09:00,575.6284322176313,577.0154886808062,568.6931499017562,576.3219604492188,60000,0.0,0.0
2003-10-03 00:00:00+09:00,583.2574123650343,606.1438506623543,583.2574123650343,602.6762084960938,132000,0.0,0.0
2003-10-06 00:00:00+09:00,602.6760548922048,602.6760548922048,562.451416015625,562.451416015625,48000,0.0,0.0
2003-10-07 00:00:00+09:00,583.2572203570163,583.2572203570163,581.1766357421875,581.1766357421875,28000,0.0,0.0
2003-10-08 00:00:00+09:00,581.1766080192593,581.1766080192593,558.2901783478566,567.9995727539062,29000,0.0,0.0
2003-10-09 00:00:00+09:00,563.1451205549569,583.2574462890625,563.1451205549569,583.2574462890625,13000,0.0,0.0
2003-10-10 00:00:00+09:00,577.0155815005568,635.2719623251322,577.0155815005568,622.7884521484375,120000,0.0,0.0
2003-10-13 00:00:00+09:00,622.7884521484375,622.7884521484375,622.7884521484375,622.7884521484375,0,0.0,0.0
2003-10-14 00:00:00+09:00,622.7884108757657,633.8848636307905,622.7884108757657,629.7236938476562,61000,0.0,0.0
2003-10-15 00:00:00+09:00,640.126685686009,645.6749126475345,638.7396289456276,644.9813842773438,65000,0.0,0.0
2003-10-16 00:00:00+09:00,643.5941312020285,643.5941312020285,631.1106243468167,632.4976806640625,21000,0.0,0.0
2003-10-17 00:00:00+09:00,633.8846579629867,636.6587702516649,617.239984230917,634.5781860351562,20000,0.0,0.0
2003-10-20 00:00:00+09:00,633.19123472834,633.19123472834,617.240086427407,624.868896484375,30000,0.0,0.0
2003-10-21 00:00:00+09:00,623.4819039338088,623.4819039338088,592.2731323242188,592.2731323242188,13000,0.0,0.0
2003-10-22 00:00:00+09:00,599.2082693090936,599.2082693090936,583.9506513405751,585.3377075195312,40000,0.0,0.0
2003-10-23 00:00:00+09:00,572.8542300823658,593.6600737899578,532.6295989143546,574.934814453125,148000,0.0,0.0
2003-10-24 00:00:00+09:00,595.7409241635725,602.6762084960938,595.7409241635725,602.6762084960938,59000,0.0,0.0
2003-10-27 00:00:00+09:00,601.9826018539462,631.110792266234,601.9826018539462,622.7884521484375,59000,0.0,0.0
2003-10-28 00:00:00+09:00,628.3365452543218,628.3365452543218,610.3048121675532,619.3206787109375,20000,0.0,0.0
2003-10-29 00:00:00+09:00,606.837159889179,638.7394562947816,606.1436317064486,627.6430053710938,49000,0.0,0.0
2003-10-30 00:00:00+09:00,626.2559671676872,629.7236081819048,613.0789313136606,625.5624389648438,16000,0.0,0.0
2003-10-31 00:00:00+09:00,619.3206709883982,632.497706541343,619.3206709883982,624.868896484375,31000,0.0,0.0
2003-11-03 00:00:00+09:00,624.868896484375,624.868896484375,624.868896484375,624.868896484375,0,0.0,0.0
2003-11-04 00:00:00+09:00,637.3523845858994,644.9811944122812,637.3523845858994,638.7394409179688,37000,0.0,0.0
2003-11-05 00:00:00+09:00,638.0460508966245,657.46484375,613.772559829905,657.46484375,63000,0.0,0.0
2003-11-06 00:00:00+09:00,656.0775971986487,656.0775971986487,644.9811473517371,651.222900390625,43000,0.0,0.0
2003-11-07 00:00:00+09:00,645.6746259139757,657.4646029714811,645.6746259139757,654.6904907226562,57000,0.0,0.0
2003-11-10 00:00:00+09:00,658.1582576670545,658.8517858626994,649.1423911236702,651.91650390625,10000,0.0,0.0
2003-11-11 00:00:00+09:00,644.9813297816685,644.9813297816685,617.2401973179408,621.4013671875,28000,0.0,0.0
2003-11-12 00:00:00+09:00,614.4661180160984,614.4661180160984,569.3867752722538,572.160888671875,48000,0.0,0.0
2003-11-13 00:00:00+09:00,589.4988615459112,591.5794457631321,581.1765246770277,584.6441650390625,57000,0.0,0.0
2003-11-14 00:00:00+09:00,589.4988513968841,595.0470758806196,586.0312110945495,592.9664916992188,153000,0.0,0.0
2003-11-17 00:00:00+09:00,586.0312982253087,586.0312982253087,549.2743055555555,561.7578125,39000,0.0,0.0
2003-11-18 00:00:00+09:00,563.1448821284346,575.6283893677348,563.1448821284346,574.2413330078125,39000,0.0,0.0
2003-11-19 00:00:00+09:00,570.7737426757812,574.9349121242074,570.7737426757812,570.7737426757812,24000,0.0,0.0
2003-11-20 00:00:00+09:00,578.4025851652009,590.1925659179688,578.4025851652009,590.1925659179688,19000,0.0,0.0
2003-11-21 00:00:00+09:00,590.1924811469185,590.1924811469185,574.2413330078125,574.2413330078125,27000,0.0,0.0
2003-11-24 00:00:00+09:00,574.2413330078125,574.2413330078125,574.2413330078125,574.2413330078125,0,0.0,0.0
2003-11-25 00:00:00+09:00,582.5636663537986,591.5795326187978,582.5636663537986,588.805419921875,24000,0.0,0.0
2003-11-26 00:00:00+09:00,596.4343060661764,596.4343060661764,588.8054951746324,589.4990234375,20000,0.0,0.0
2003-11-27 00:00:00+09:00,588.8053011019555,589.4988291362334,586.0311889648438,586.0311889648438,28000,0.0,0.0
2003-11-28 00:00:00+09:00,586.0313821231617,589.4990234375,583.9507973345588,589.4990234375,34000,0.0,0.0
2003-12-01 00:00:00+09:00,582.5637108246026,607.5307270027998,578.4025414615697,599.9019165039062,50000,0.0,0.0
2003-12-02 00:00:00+09:00,606.8371438870987,612.3853692026379,606.1436157226562,606.1436157226562,20000,0.0,0.0
2003-12-03 00:00:00+09:00,615.1594818604075,624.1753479981587,606.1436157226562,606.1436157226562,25000,0.0,0.0
2003-12-04 00:00:00+09:00,599.2084065944025,600.5954630911489,592.273124110671,597.8213500976562,42000,0.0,0.0
2003-12-05 00:00:00+09:00,598.5147061639453,601.288818359375,592.966481773086,601.288818359375,22000,0.0,0.0
2003-12-08 00:00:00+09:00,583.2571778239131,583.2571778239131,560.3707487297524,567.3060302734375,56000,0.0,0.0
2003-12-09 00:00:00+09:00,571.4672647612101,578.4025471005451,564.531982421875,564.531982421875,22000,0.0,0.0
2003-12-10 00:00:00+09:00,581.8702280256483,615.1595855289036,581.8702280256483,599.2084350585938,124000,0.0,0.0
2003-12-11 00:00:00+09:00,604.0629674133642,620.7076416015625,604.0629674133642,620.7076416015625,39000,0.0,0.0
2003-12-12 00:00:00+09:00,621.4013287401575,621.4013287401575,613.7725177846422,616.546630859375,227000,0.0,0.0
2003-12-15 00:00:00+09:00,638.7393124769834,644.9810647161722,617.9334716796875,617.9334716796875,34000,0.0,0.0
2003-12-16 00:00:00+09:00,615.8531957752614,615.8531957752614,593.6602878193961,597.1279296875,30000,0.0,0.0
2003-12-17 00:00:00+09:00,615.8529375132266,617.9335217615821,599.9017916091678,614.4658813476562,15000,0.0,0.0
2003-12-18 00:00:00+09:00,607.5308279263771,614.4661113501942,607.5308279263771,613.7725830078125,10000,0.0,0.0
2003-12-19 00:00:00+09:00,620.7075319090089,620.7075319090089,592.9664131644722,595.0469970703125,33000,0.0,0.0
2003-12-22 00:00:00+09:00,595.0472290039062,606.1436808268229,595.0472290039062,603.3695678710938,12000,0.0,0.0
2003-12-23 00:00:00+09:00,603.3695678710938,603.3695678710938,603.3695678710938,603.3695678710938,0,0.0,0.0
2003-12-24 00:00:00+09:00,617.240120331987,617.240120331987,610.9983663061579,611.69189453125,25000,0.0,0.0
2003-12-25 00:00:00+09:00,602.676003303702,613.0789262606129,602.676003303702,607.5307006835938,10000,0.0,0.0
2003-12-26 00:00:00+09:00,600.5954549153646,603.3695678710938,599.9019266764323,603.3695678710938,6000,0.0,0.0
2003-12-29 00:00:00+09:00,610.3046633873457,620.7075837859936,610.3046633873457,617.9334716796875,19000,0.0,0.0
2003-12-30 00:00:00+09:00,624.1753644574413,627.6430053710938,624.1753644574413,627.6430053710938,13000,0.0,0.0
2003-12-31 00:00:00+09:00,627.6430053710938,627.6430053710938,627.6430053710938,627.6430053710938,0,0.0,0.0
2004-01-01 00:00:00+09:00,627.6430053710938,627.6430053710938,627.6430053710938,627.6430053710938,0,0.0,0.0
2004-01-02 00:00:00+09:00,627.6430053710938,627.6430053710938,627.6430053710938,627.6430053710938,0,0.0,0.0
2004-01-05 00:00:00+09:00,638.0460911106419,641.5137329101562,636.6590343908362,641.5137329101562,8000,0.0,0.0
2004-01-06 00:00:00+09:00,642.2070658219217,676.1899451148743,640.8200095242502,673.4158325195312,79000,0.0,0.0
2004-01-07 00:00:00+09:00,672.7222970216341,687.2863879880817,670.6417125978558,678.9640502929688,73000,0.0,0.0
2004-01-08 00:00:00+09:00,677.5768997382327,678.2704277830005,663.0128107981069,668.56103515625,45000,0.0,0.0
2004-01-09 00:00:00+09:00,676.190030928644,681.7382568234432,675.4965026917941,677.5770874023438,89000,0.0,0.0
2004-01-12 00:00:00+09:00,677.5770874023438,677.5770874023438,677.5770874023438,677.5770874023438,0,0.0,0.0
2004-01-13 00:00:00+09:00,665.0935501663773,665.0935501663773,653.9970988601603,655.3841552734375,37000,0.0,0.0
2004-01-14 00:00:00+09:00,651.2228710008704,651.2228710008704,633.8846688975459,638.0458374023438,47000,0.0,0.0
2004-01-15 00:00:00+09:00,644.2875901595406,644.2875901595406,638.0458374023438,638.0458374023438,37000,0.0,0.0
2004-01-16 00:00:00+09:00,632.4978223291757,639.43310546875,632.4978223291757,639.43310546875,18000,0.0,0.0
2004-01-19 00:00:00+09:00,642.2072241237161,651.2230922809605,642.2072241237161,645.6748657226562,18000,0.0,0.0
2004-01-20 00:00:00+09:00,656.0777119975911,667.1741637861339,656.0777119975911,656.771240234375,12000,0.0,0.0
2004-01-21 00:00:00+09:00,656.7712063680772,672.7223549915891,656.7712063680772,669.9482421875,56000,0.0,0.0
2004-01-22 00:00:00+09:00,658.1580612753802,659.5451172527783,648.4486694335938,648.4486694335938,17000,0.0,0.0
2004-01-23 00:00:00+09:00,648.4489448840496,674.1094913660922,648.4489448840496,667.8677368164062,42000,0.0,0.0
2004-01-26 00:00:00+09:00,673.4159730643281,676.1900862386404,665.093633541391,671.3353881835938,43000,0.0,0.0
2004-01-27 00:00:00+09:00,679.657546110474,692.1410520594419,679.657546110474,680.35107421875,89000,0.0,0.0
2004-01-28 00:00:00+09:00,673.4158831926113,678.9641088007894,669.2547139864778,669.9482421875,43000,0.0,0.0
2004-01-29 00:00:00+09:00,665.0935582310566,665.7870864461046,640.8200707043757,649.8359375,61000,0.0,0.0
2004-01-30 00:00:00+09:00,648.4488641797882,676.1899920591375,648.4488641797882,672.7223510742188,65000,0.0,0.0
2004-02-02 00:00:00+09:00,672.722377359432,677.5770749280052,665.0935668945312,665.0935668945312,25000,0.0,0.0
2004-02-03 00:00:00+09:00,672.0288756200872,685.2059123969517,672.0288756200872,678.2706298828125,94000,0.0,0.0
2004-02-04 00:00:00+09:00,682.4317255434784,683.1252537198436,653.9970703125,653.9970703125,38000,0.0,0.0
2004-02-05 00:00:00+09:00,663.0130388333171,669.2547933830032,663.0130388333171,667.8677368164062,32000,0.0,0.0
2004-02-06 00:00:00+09:00,665.7871377988565,667.867722604478,664.4000812617755,667.1741943359375,15000,0.0,0.0
2004-02-09 00:00:00+09:00,670.6418729007992,670.6418729007992,661.6260049093717,663.0130615234375,14000,0.0,0.0
2004-02-10 00:00:00+09:00,672.7223510742188,678.9641048470723,669.9482382862839,672.7223510742188,25000,0.0,0.0
2004-02-11 00:00:00+09:00,672.7223510742188,672.7223510742188,672.7223510742188,672.7223510742188,0,0.0,0.0
2004-02-12 00:00:00+09:00,678.270756590293,678.270756590293,675.4966430664062,675.4966430664062,28000,0.0,0.0
2004-02-13 00:00:00+09:00,668.5611868862168,696.9958431749459,665.0935458753961,690.7540893554688,75000,0.0,0.0
2004-02-16 00:00:00+09:00,693.5281839456644,697.6893530493384,692.8346557617188,692.8346557617188,33000,0.0,0.0
2004-02-17 00:00:00+09:00,689.3669077148437,696.3021884765625,689.3669077148437,693.528076171875,25000,0.0,0.0
2004-02-18 00:00:00+09:00,693.5282610246484,703.931184940018,693.5282610246484,702.5441284179688,42000,0.0,0.0
2004-02-19 00:00:00+09:00,694.2216977901115,696.302282298973,690.0605287723886,692.14111328125,23000,0.0,0.0
2004-02-20 00:00:00+09:00,699.0764954524253,701.1570802603195,696.9959106445312,696.9959106445312,17000,0.0,0.0
2004-02-23 00:00:00+09:00,698.3829487997389,706.0117595612057,698.3829487997389,699.0764770507812,26000,0.0,0.0
2004-02-24 00:00:00+09:00,701.1570149054022,702.5440713147107,696.995845677477,699.7699584960938,37000,0.0,0.0
2004-02-25 00:00:00+09:00,693.5282389322916,694.9152954101562,683.1253153483073,686.5929565429688,23000,0.0,0.0
2004-02-26 00:00:00+09:00,686.5929688997795,686.5929688997795,678.2706298828125,678.2706298828125,24000,0.0,0.0
2004-02-27 00:00:00+09:00,686.5929703520982,713.6405722144535,686.5929703520982,708.0923461914062,165000,0.0,0.0
2004-03-01 00:00:00+09:00,694.2219462932638,727.5113103512824,693.5284178753884,725.4307250976562,63000,0.0,0.0
2004-03-02 00:00:00+09:00,725.4303202773585,732.3656005859375,715.0273998144902,732.3656005859375,44000,0.0,0.0
2004-03-03 00:00:00+09:00,732.3656283771614,738.6073808917395,721.9627075195312,721.9627075195312,63000,0.0,0.0
2004-03-04 00:00:00+09:00,721.962680123069,735.833240740227,721.962680123069,732.3656005859375,61000,0.0,0.0
2004-03-05 00:00:00+09:00,718.4951139538493,733.0592041015625,718.4951139538493,733.0592041015625,22000,0.0,0.0
2004-03-08 00:00:00+09:00,733.7529810428167,735.1400377177558,721.2694709683642,730.2853393554688,23000,0.0,0.0
2004-03-09 00:00:00+09:00,730.9788818359375,732.3659385377135,729.5918251341616,730.9788818359375,12000,0.0,0.0
2004-03-10 00:00:00+09:00,725.4303732856525,728.2044856117926,724.7368452041175,726.1239013671875,12000,0.0,0.0
2004-03-11 00:00:00+09:00,724.0433783373787,724.0433783373787,679.6575773665049,714.333984375,42000,0.0,0.0
2004-03-12 00:00:00+09:00,686.5929273522418,723.3499224529173,686.5929273522418,717.8016967773438,216000,0.0,0.0
2004-03-15 00:00:00+09:00,731.6723880021932,754.5588228875698,731.6723880021932,744.8494262695312,59000,0.0,0.0
2004-03-16 00:00:00+09:00,742.7688834952777,753.8653374037038,735.8335998025113,746.9300537109375,21000,0.0,0.0
2004-03-17 00:00:00+09:00,746.9298123822302,767.7356567382812,746.9298123822302,767.7356567382812,43000,0.0,0.0
2004-03-18 00:00:00+09:00,767.7356630949877,792.7026765289711,767.7356630949877,785.7673950195312,71000,0.0,0.0
2004-03-19 00:00:00+09:00,794.0896858328016,798.2508544921875,786.4608766239276,798.2508544921875,33000,0.0,0.0
2004-03-22 00:00:00+09:00,797.5574517314094,797.5574517314094,762.8810407865656,774.6710205078125,18000,0.0,0.0
2004-03-23 00:00:00+09:00,742.7686435110201,772.5903537546931,742.0751153658183,767.7356567382812,36000,0.0,0.0
2004-03-24 00:00:00+09:00,767.0423232147269,789.9287578133581,763.5746816088738,789.2352294921875,15000,0.0,0.0
2004-03-25 00:00:00+09:00,803.1055904047539,822.5243784283576,797.5573652551528,814.8955688476562,44000,0.0,0.0
2004-03-26 00:00:00+09:00,833.3761004699911,836.8630297606605,823.6126984561167,834.073486328125,63000,6.5,0.0
2004-03-29 00:00:00+09:00,834.0737039856991,834.771090025821,816.6390529826537,822.91552734375,70000,0.0,0.0
2004-03-30 00:00:00+09:00,836.8633422851562,836.8633422851562,827.0999366251627,836.8633422851562,60000,0.0,0.0
2004-03-31 00:00:00+09:00,808.9675792768008,827.7969970703125,799.901563302147,827.7969970703125,88000,0.0,0.0
2004-04-01 00:00:00+09:00,838.2579965414396,875.9168416439669,838.2579965414396,864.061279296875,123000,0.0,0.0
2004-04-02 00:00:00+09:00,866.1534540132105,892.654123298639,866.1534540132105,871.03515625,111000,0.0,0.0
2004-04-05 00:00:00+09:00,871.0351437390593,871.0351437390593,839.652772667596,840.3501586914062,78000,0.0,0.0
2004-04-06 00:00:00+09:00,864.7586695247667,864.7586695247667,837.5606145961651,840.3501586914062,64000,0.0,0.0
2004-04-07 00:00:00+09:00,836.8633295865668,843.139804558466,827.0999240747235,831.2842407226562,105000,0.0,0.0
2004-04-08 00:00:00+09:00,825.7052701549369,836.1660632734538,825.0078839470358,829.8895874023438,70000,0.0,0.0
2004-04-09 00:00:00+09:00,829.8893623843214,829.8893623843214,808.9677818200108,812.4547119140625,45000,0.0,0.0
2004-04-12 00:00:00+09:00,811.7572180706522,822.9153928894928,808.2702884397645,818.03369140625,59000,0.0,0.0
2004-04-13 00:00:00+09:00,811.0601747659283,814.5471058698231,801.2967676750229,808.2706298828125,63000,0.0,0.0
2004-04-14 00:00:00+09:00,798.5069956218744,798.5069956218744,788.0462052862166,788.7435913085938,66000,0.0,0.0
2004-04-15 00:00:00+09:00,796.4147512082448,814.5467858241942,778.9801025390625,778.9801025390625,107000,0.0,0.0
2004-04-16 00:00:00+09:00,792.9278214744082,792.9278214744082,758.0585241360438,778.9801025390625,65000,0.0,0.0
2004-04-19 00:00:00+09:00,801.9940726364715,801.9940726364715,732.2554576246044,771.30908203125,115000,0.0,0.0
2004-04-20 00:00:00+09:00,776.190709319934,792.9279752890969,776.190709319934,791.533203125,41000,0.0,0.0
2004-04-21 00:00:00+09:00,791.5329966825598,812.454573687385,790.8356107823988,806.1781005859375,48000,0.0,0.0
2004-04-22 00:00:00+09:00,808.967698250056,811.0598560903578,777.5853306455278,778.9801025390625,55000,0.0,0.0
2004-04-23 00:00:00+09:00,781.0723711993244,788.0462316564611,769.2168084221918,774.0985107421875,32000,0.0,0.0
2004-04-26 00:00:00+09:00,760.1508560043691,788.0463002614102,760.1508560043691,776.8881225585938,38000,0.0,0.0
2004-04-27 00:00:00+09:00,790.8358446871143,792.9280030063924,776.8881225585938,776.8881225585938,29000,0.0,0.0
2004-04-28 00:00:00+09:00,790.8356791651526,813.8494158604349,787.3487493628371,809.6651000976562,58000,0.0,0.0
2004-04-29 00:00:00+09:00,809.6651000976562,809.6651000976562,809.6651000976562,809.6651000976562,0,0.0,0.0
2004-04-30 00:00:00+09:00,768.5195954301993,801.9941331621861,768.5195954301993,798.5072021484375,60000,0.0,0.0
2004-05-03 00:00:00+09:00,798.5072021484375,798.5072021484375,798.5072021484375,798.5072021484375,0,0.0,0.0
2004-05-04 00:00:00+09:00,798.5072021484375,798.5072021484375,798.5072021484375,798.5072021484375,0,0.0,0.0
2004-05-05 00:00:00+09:00,798.5072021484375,798.5072021484375,798.5072021484375,798.5072021484375,0,0.0,0.0
2004-05-06 00:00:00+09:00,808.9679207378243,827.7973464791359,785.2567920265433,792.9280395507812,61000,0.0,0.0
2004-05-07 00:00:00+09:00,805.4809529220609,805.4809529220609,771.3090337071856,776.8881225585938,28000,0.0,0.0
2004-05-10 00:00:00+09:00,770.6116074782152,770.6116074782152,705.7547029574242,707.1494750976562,56000,0.0,0.0
2004-05-11 00:00:00+09:00,705.0574217345549,739.2293442518577,705.0574217345549,727.373779296875,46000,0.0,0.0
2004-05-12 00:00:00+09:00,741.321569667143,759.4536118226893,738.5320247201358,758.7562255859375,42000,0.0,0.0
2004-05-13 00:00:00+09:00,758.7559536377896,758.7559536377896,722.4918823242188,722.4918823242188,34000,0.0,0.0
2004-05-14 00:00:00+09:00,722.492056185528,724.5842146493857,709.2417192477625,718.3077392578125,101000,0.0,0.0
2004-05-17 00:00:00+09:00,732.2552308039878,739.9264760790772,700.8728637695312,700.8728637695312,19000,0.0,0.0
2004-05-18 00:00:00+09:00,725.2815693145257,741.3214501743662,725.2815693145257,731.5580444335938,25000,0.0,0.0
2004-05-19 00:00:00+09:00,773.4012451171875,773.4012451171875,758.0587497226174,773.4012451171875,28000,0.0,0.0
2004-05-20 00:00:00+09:00,774.0984808794931,830.5867484031318,774.0984808794931,812.4547119140625,166000,0.0,0.0
2004-05-21 00:00:00+09:00,812.454728536403,821.520746966423,801.2965520071476,819.4285888671875,60000,0.0,0.0
2004-05-24 00:00:00+09:00,814.5469986366552,815.244384765625,807.5731373469579,815.244384765625,53000,0.0,0.0
2004-05-25 00:00:00+09:00,799.2045288085939,803.3888457133509,791.5332811498726,799.2045288085938,21000,0.0,0.0
2004-05-26 00:00:00+09:00,785.2566727837695,794.3226912084489,785.2566727837695,793.6253051757812,33000,0.0,0.0
2004-05-27 00:00:00+09:00,793.6253597521909,795.0201319134425,788.0462711071842,790.8358154296875,16000,0.0,0.0
2004-05-28 00:00:00+09:00,795.0201399939641,795.0201399939641,791.533209555394,794.32275390625,24000,0.0,0.0
2004-05-31 00:00:00+09:00,801.2967544157608,809.6653889266304,800.5993682065217,801.994140625,18000,0.0,0.0
2004-06-01 00:00:00+09:00,804.7833757034994,805.4807616443169,800.5990600585938,800.5990600585938,14000,0.0,0.0
2004-06-02 00:00:00+09:00,788.0463365808117,792.9280395507812,788.0463365808117,792.9280395507812,13000,0.0,0.0
2004-06-03 00:00:00+09:00,787.3489884748476,789.4411469916098,744.8084319673492,754.5718383789062,25000,0.0,0.0
2004-06-04 00:00:00+09:00,762.242913196238,762.242913196238,754.5716670433023,759.453369140625,16000,0.0,0.0
2004-06-07 00:00:00+09:00,759.453444897289,792.2305908203125,759.453444897289,792.2305908203125,18000,0.0,0.0
2004-06-08 00:00:00+09:00,802.6912841796875,802.6912841796875,789.4409502097361,802.6912841796875,10000,0.0,0.0
2004-06-09 00:00:00+09:00,803.388668581366,827.0997924804688,803.388668581366,827.0997924804688,29000,0.0,0.0
2004-06-10 00:00:00+09:00,785.2564762587531,834.073486328125,785.2564762587531,834.073486328125,73000,0.0,0.0
2004-06-11 00:00:00+09:00,820.1259525152598,835.4684448242188,813.8494783888675,835.4684448242188,282000,0.0,0.0
2004-06-14 00:00:00+09:00,836.8632661403195,867.5482525654646,836.8632661403195,856.3900756835938,93000,0.0,0.0
2004-06-15 00:00:00+09:00,861.2717451838604,870.3377635542168,859.1795870983935,868.24560546875,91000,0.0,0.0
2004-06-16 00:00:00+09:00,860.5743969468737,864.7587133015586,858.4822387695311,858.4822387695312,34000,0.0,0.0
2004-06-17 00:00:00+09:00,859.1797762784091,864.7588657347625,843.8372802734375,843.8372802734375,26000,0.0,0.0
2004-06-18 00:00:00+09:00,843.8372241252529,843.8372241252529,817.336550970906,818.7313232421875,27000,0.0,0.0
2004-06-21 00:00:00+09:00,857.7845571573498,867.5479586209294,857.7845571573498,861.9688720703125,60000,0.0,0.0
2004-06-22 00:00:00+09:00,848.021506605691,857.784912109375,843.1398038538491,857.784912109375,33000,0.0,0.0
2004-06-23 00:00:00+09:00,850.1136785380046,850.1136785380046,836.8633422851562,836.8633422851562,33000,0.0,0.0
2004-06-24 00:00:00+09:00,850.8111008326732,854.2980315737907,850.8111008326732,852.9032592773438,9000,0.0,0.0
2004-06-25 00:00:00+09:00,853.6006454255672,853.6006454255672,849.4163285362263,852.9032592773438,6000,0.0,0.0
2004-06-28 00:00:00+09:00,866.8508645552623,882.1933577332316,866.1534785017183,881.4959716796875,60000,0.0,0.0
2004-06-29 00:00:00+09:00,884.9832139361168,886.3779865349129,871.732874247554,884.2858276367188,41000,0.0,0.0
2004-06-30 00:00:00+09:00,882.1934140210677,882.1934140210677,866.1535337661393,879.4038696289062,14000,0.0,0.0
2004-07-01 00:00:00+09:00,885.6801165228842,897.5356771377575,881.4958010117525,886.3775024414062,21000,0.0,0.0
2004-07-02 00:00:00+09:00,876.6143883169428,877.3117744651663,852.9032592773438,852.9032592773438,30000,0.0,0.0
2004-07-05 00:00:00+09:00,855.692828333507,855.692828333507,832.6790847841951,836.166015625,20000,0.0,0.0
2004-07-06 00:00:00+09:00,829.1922462469851,829.1922462469851,821.5209975432703,822.2183837890625,35000,0.0,0.0
2004-07-07 00:00:00+09:00,801.2967573801677,808.968005710178,800.5993711683486,803.388916015625,35000,0.0,0.0
2004-07-08 00:00:00+09:00,806.1785475510818,823.6132047213041,806.1785475510818,815.9419555664062,18000,0.0,0.0
2004-07-09 00:00:00+09:00,818.7313614209758,836.166015625,816.6392029164929,836.166015625,51000,0.0,0.0
2004-07-12 00:00:00+09:00,859.1798862693583,866.8511352539062,857.7851137267133,866.8511352539062,15000,0.0,0.0
2004-07-13 00:00:00+09:00,869.640475935277,869.640475935277,857.784912109375,857.784912109375,5000,0.0,0.0
2004-07-14 00:00:00+09:00,850.8109807033165,873.1273342955346,850.8109807033165,853.6005249023438,20000,0.0,0.0
2004-07-15 00:00:00+09:00,878.0090958368211,888.4698872884115,878.0090958368211,878.7064819335938,63000,0.0,0.0
2004-07-16 00:00:00+09:00,884.9828457489857,884.9828457489857,882.1933017119518,883.5880737304688,30000,0.0,0.0
2004-07-19 00:00:00+09:00,883.5880737304688,883.5880737304688,883.5880737304688,883.5880737304688,0,0.0,0.0
2004-07-20 00:00:00+09:00,883.5880954265594,892.6541137695312,878.0090072154999,892.6541137695312,38000,0.0,0.0
2004-07-21 00:00:00+09:00,884.9826040916073,884.9826040916073,861.2714862514854,861.9688720703125,18000,0.0,0.0
2004-07-22 00:00:00+09:00,848.7189014916033,848.7189014916033,828.4947041676458,834.7711791992188,27000,0.0,0.0
2004-07-23 00:00:00+09:00,834.7712310099182,841.0477064310454,829.889527904597,830.5869140625,25000,0.0,0.0
2004-07-26 00:00:00+09:00,812.4546881575465,813.8494601543835,798.5069681891765,802.6912841796875,35000,0.0,0.0
2004-07-27 00:00:00+09:00,803.3888497520288,803.3888497520288,771.3090866542916,773.4012451171875,34000,0.0,0.0
2004-07-28 00:00:00+09:00,809.6651441638725,809.6651441638725,795.0200381970841,802.6912841796875,17000,0.0,0.0
2004-07-29 00:00:00+09:00,802.6912443553302,802.6912443553302,786.6513671875,786.6513671875,9000,0.0,0.0
2004-07-30 00:00:00+09:00,787.3488308817724,793.6253051757812,787.3488308817724,793.6253051757812,10000,0.0,0.0
2004-08-02 00:00:00+09:00,794.3227913201491,801.9940386463314,781.0724550294706,783.8619995117188,55000,0.0,0.0
2004-08-03 00:00:00+09:00,783.8620544433594,786.6515991210938,778.2829650878906,781.072509765625,9000,0.0,0.0
2004-08-04 00:00:00+09:00,778.9801786974946,785.2566528320311,776.888020652649,785.2566528320312,96000,0.0,0.0
2004-08-05 00:00:00+09:00,784.5594436727106,784.5594436727106,767.1247893688726,782.46728515625,25000,0.0,0.0
2004-08-06 00:00:00+09:00,768.5194653831253,769.216851467865,758.0586741120301,766.4273071289062,20000,0.0,0.0
2004-08-09 00:00:00+09:00,753.1770429101746,753.1770429101746,744.1110229492188,744.1110229492188,17000,0.0,0.0
2004-08-10 00:00:00+09:00,776.8881225585938,782.4672114100019,772.7038059200376,776.8881225585938,21000,0.0,0.0
2004-08-11 00:00:00+09:00,790.8358973974786,790.8358973974786,772.703857421875,772.703857421875,13000,0.0,0.0
2004-08-12 00:00:00+09:00,777.5853813713891,777.5853813713891,773.401065417821,774.7958374023438,7000,0.0,0.0
2004-08-13 00:00:00+09:00,760.8480730329242,768.519318498884,754.5715994698661,756.6637573242188,43000,0.0,0.0
2004-08-16 00:00:00+09:00,780.3754575962994,780.3754575962994,761.5460229626085,762.9407958984375,8000,0.0,0.0
2004-08-17 00:00:00+09:00,765.0324839596295,774.0985024568721,763.6377118831306,770.611572265625,39000,0.0,0.0
2004-08-18 00:00:00+09:00,762.243409430523,762.9407958984375,759.4538635588651,762.9407958984375,8000,0.0,0.0
2004-08-19 00:00:00+09:00,767.8220841257196,768.5194702148438,765.7299258583471,768.5194702148438,11000,0.0,0.0
2004-08-20 00:00:00+09:00,770.6116989631515,774.0986297276906,770.6116989631515,772.703857421875,20000,0.0,0.0
2004-08-23 00:00:00+09:00,775.4932301884809,782.4670901721903,775.4932301884809,777.5853881835938,21000,0.0,0.0
2004-08-24 00:00:00+09:00,785.256634165674,785.256634165674,777.5853881835938,777.5853881835938,8000,0.0,0.0
2004-08-25 00:00:00+09:00,776.8880549250423,777.5854409707559,767.1246502850507,774.0985107421875,34000,0.0,0.0
2004-08-26 00:00:00+09:00,774.0984765928549,787.3488108768768,774.0984765928549,785.2566528320312,6000,0.0,0.0
2004-08-27 00:00:00+09:00,784.559183043611,784.559183043611,772.0062361149132,776.1905517578125,14000,0.0,0.0
2004-08-30 00:00:00+09:00,775.4931658173293,776.1905517578125,773.4010079958797,776.1905517578125,9000,0.0,0.0
2004-08-31 00:00:00+09:00,776.8881712321994,776.8881712321994,765.7299928303006,771.30908203125,21000,0.0,0.0
2004-09-01 00:00:00+09:00,774.0985205865675,792.2305580057123,773.401134531985,778.2828369140625,14000,0.0,0.0
2004-09-02 00:00:00+09:00,772.0064712689672,772.703857421875,772.0064712689672,772.703857421875,2000,0.0,0.0
2004-09-03 00:00:00+09:00,785.954195894563,785.954195894563,773.4012451171875,773.4012451171875,11000,0.0,0.0
2004-09-06 00:00:00+09:00,759.4535949925404,783.8621127379388,759.4535949925404,779.6777954101562,34000,0.0,0.0
2004-09-07 00:00:00+09:00,777.5855819511754,783.1646713284035,777.5855819511754,782.46728515625,18000,0.0,0.0
2004-09-08 00:00:00+09:00,786.6514973383717,790.138427734375,783.1645669423682,790.138427734375,26000,0.0,0.0
2004-09-09 00:00:00+09:00,790.1384761827258,792.928020670573,781.0724565972223,784.5593872070312,51000,0.0,0.0
2004-09-10 00:00:00+09:00,770.6116236373443,770.6116236373443,759.4534462815095,766.4273071289062,269000,0.0,0.0
2004-09-13 00:00:00+09:00,767.1245063774784,771.30882186681,761.5454190583694,765.0323486328125,33000,0.0,0.0
2004-09-14 00:00:00+09:00,766.427297412422,767.8220695642191,762.2429809570312,762.2429809570312,37000,0.0,0.0
2004-09-15 00:00:00+09:00,754.5717865368431,754.5717865368431,731.5580444335938,731.5580444335938,33000,0.0,0.0
2004-09-16 00:00:00+09:00,726.6763273972731,731.5580301724947,725.2815551757812,725.2815551757812,11000,0.0,0.0
2004-09-17 00:00:00+09:00,732.2555454297997,732.2555454297997,725.9790693261157,728.0712280273438,23000,0.0,0.0
2004-09-20 00:00:00+09:00,728.0712280273438,728.0712280273438,728.0712280273438,728.0712280273438,0,0.0,0.0
2004-09-21 00:00:00+09:00,734.347657755611,739.2293610835211,732.2554991865067,735.0450439453125,15000,0.0,0.0
2004-09-22 00:00:00+09:00,735.0448955322736,735.0448955322736,723.88671875,723.88671875,9000,0.0,0.0
2004-09-23 00:00:00+09:00,723.88671875,723.88671875,723.88671875,723.88671875,0,0.0,0.0
2004-09-24 00:00:00+09:00,724.5840831030869,724.5840831030869,701.5703441787348,714.8206787109375,23000,0.0,0.0
2004-09-27 00:00:00+09:00,715.8735278320313,715.8735278320313,701.8367919921875,701.8367919921875,22000,6.5,0.0
2004-09-28 00:00:00+09:00,666.7449215069488,703.2404329999607,666.7449215069488,698.3275756835938,19000,0.0,0.0
2004-09-29 00:00:00+09:00,694.8183080087794,715.8734082514696,694.8183080087794,708.8550415039062,16000,0.0,0.0
2004-09-30 00:00:00+09:00,709.5568026652378,714.4696588656894,709.5568026652378,713.767822265625,7000,0.0,0.0
2004-10-01 00:00:00+09:00,721.4882684004934,721.4882684004934,720.0845947265625,720.0845947265625,8000,0.0,0.0
2004-10-04 00:00:00+09:00,727.8046527316545,734.8230196818151,727.8046527316545,730.6119995117188,13000,0.0,0.0
2004-10-05 00:00:00+09:00,730.611988193549,730.611988193549,722.8917846679688,722.8917846679688,16000,0.0,0.0
2004-10-06 00:00:00+09:00,717.9788418660121,717.9788418660121,712.3641490654959,713.767822265625,21000,0.0,0.0
2004-10-07 00:00:00+09:00,714.469877433212,715.8735510627467,710.960693359375,710.960693359375,25000,0.0,0.0
2004-10-08 00:00:00+09:00,701.8367266414142,701.8367266414142,691.309175741793,694.818359375,69000,0.0,0.0
2004-10-11 00:00:00+09:00,694.818359375,694.818359375,694.818359375,694.818359375,0,0.0,0.0
2004-10-12 00:00:00+09:00,692.7129052963019,692.7129052963019,670.9559650083735,674.4651489257812,64000,0.0,0.0
2004-10-13 00:00:00+09:00,680.7816873875112,689.905565672086,680.7816873875112,688.5018920898438,64000,0.0,0.0
2004-10-14 00:00:00+09:00,681.4833307325225,684.9925136920103,680.0796575487275,680.781494140625,15000,0.0,0.0
2004-10-15 00:00:00+09:00,673.7632748331622,683.5889892578125,673.7632748331622,683.5889892578125,22000,0.0,0.0
2004-10-18 00:00:00+09:00,682.8872972598746,682.8872972598746,678.6762758995876,679.3781127929688,6000,0.0,0.0
2004-10-19 00:00:00+09:00,690.6074347505704,698.327639813839,690.6074347505704,692.0111083984375,12000,0.0,0.0
2004-10-20 00:00:00+09:00,689.9056661936862,689.9056661936862,675.1670914326818,679.3781127929688,17000,0.0,0.0
2004-10-21 00:00:00+09:00,678.6760950178001,680.7816051367798,672.3595646608609,673.0614013671875,20000,0.0,0.0
2004-10-22 00:00:00+09:00,679.3778900971283,679.3778900971283,672.3595234638935,675.1668701171875,15000,0.0,0.0
2004-10-25 00:00:00+09:00,668.1487224988701,684.2909710466369,668.1487224988701,679.3781127929688,53000,0.0,0.0
2004-10-26 00:00:00+09:00,686.3963742449678,686.3963742449678,672.3596385753366,674.4651489257812,5000,0.0,0.0
2004-10-27 00:00:00+09:00,688.501879122211,688.501879122211,677.2724906757733,687.0982055664062,21000,0.0,0.0
2004-10-28 00:00:00+09:00,703.2404590870167,705.3459694435646,696.2220912318569,701.1349487304688,22000,0.0,0.0
2004-10-29 00:00:00+09:00,687.0981424308499,696.2220197052126,687.0981424308499,693.4146728515625,22000,0.0,0.0
2004-11-01 00:00:00+09:00,700.4330924773311,700.4330924773311,695.5202351152657,699.0294189453125,8000,0.0,0.0
2004-11-02 00:00:00+09:00,699.0295247071286,704.6442196846959,698.3276878349327,703.9423828125,10000,0.0,0.0
2004-11-03 00:00:00+09:00,703.9423828125,703.9423828125,703.9423828125,703.9423828125,0,0.0,0.0
2004-11-04 00:00:00+09:00,707.451470565417,707.451470565417,701.8367763545804,706.7496337890625,10000,0.0,0.0
2004-11-05 00:00:00+09:00,708.8549660651732,713.767822265625,704.643946464786,713.767822265625,16000,0.0,0.0
2004-11-08 00:00:00+09:00,713.7680566988693,713.7680566988693,706.0478515625,706.0478515625,32000,0.0,0.0
2004-11-09 00:00:00+09:00,706.749656044639,707.4514928430943,700.4331248585398,702.5386352539062,17000,0.0,0.0
2004-11-10 00:00:00+09:00,710.9607191066704,710.9607191066704,700.4331665039062,700.4331665039062,17000,0.0,0.0
2004-11-11 00:00:00+09:00,700.4330172647353,700.4330172647353,677.2724064734165,677.9742431640625,30000,0.0,0.0
2004-11-12 00:00:00+09:00,662.5339740953947,663.2358109323602,649.9009110300165,653.4100952148438,71000,0.0,0.0
2004-11-15 00:00:00+09:00,652.0063083768537,652.0063083768537,641.4787576495632,647.7952880859375,61000,0.0,0.0
2004-11-16 00:00:00+09:00,654.1117197833995,663.9374323123346,654.1117197833995,663.235595703125,38000,0.0,0.0
2004-11-17 00:00:00+09:00,663.2357025146484,673.7632533482142,661.832029070173,668.1485595703125,21000,0.0,0.0
2004-11-18 00:00:00+09:00,668.8504256787056,668.8504256787056,640.77695555578,644.9879760742188,39000,0.0,0.0
2004-11-19 00:00:00+09:00,659.0247573358193,659.0247573358193,649.1990421039754,649.90087890625,19000,0.0,0.0
2004-11-22 00:00:00+09:00,640.77700881958,640.77700881958,617.6163940429688,617.6163940429688,60000,0.0,0.0
2004-11-23 00:00:00+09:00,617.6163940429688,617.6163940429688,617.6163940429688,617.6163940429688,0,0.0,0.0
2004-11-24 00:00:00+09:00,619.0200681421197,638.6714988767902,619.0200681421197,630.9512939453125,27000,0.0,0.0
2004-11-25 00:00:00+09:00,624.6346938271029,624.6346938271029,607.7906121958101,616.9144897460938,66000,0.0,0.0
2004-11-26 00:00:00+09:00,616.9144008170425,622.5290938847744,614.1070542831766,620.423583984375,21000,0.0,0.0
2004-11-29 00:00:00+09:00,627.4421450822713,628.8458187849162,625.336634528304,628.1439819335938,17000,0.0,0.0
2004-11-30 00:00:00+09:00,628.845694482854,634.4603881835938,628.1438577702614,634.4603881835938,14000,0.0,0.0
2004-12-01 00:00:00+09:00,635.1623504468182,635.1623504468182,628.1439819335938,628.1439819335938,21000,0.0,0.0
2004-12-02 00:00:00+09:00,632.3550542111149,639.3734232922593,632.3550542111149,633.7587280273438,17000,0.0,0.0
2004-12-03 00:00:00+09:00,633.7585251871745,634.4603618706598,631.6530151367188,631.6530151367188,8000,0.0,0.0
2004-12-06 00:00:00+09:00,624.6346037851739,624.6346037851739,617.616237450509,620.423583984375,11000,0.0,0.0
2004-12-07 00:00:00+09:00,620.4237412886185,620.4237412886185,617.6163940429688,617.6163940429688,6000,0.0,0.0
2004-12-08 00:00:00+09:00,617.616429163757,628.1439819335938,617.616429163757,628.1439819335938,14000,0.0,0.0
2004-12-09 00:00:00+09:00,621.1256761076701,636.5660883950924,621.1256761076701,635.1624145507812,23000,0.0,0.0
2004-12-10 00:00:00+09:00,633.0567857752733,652.7082159323771,633.0567857752733,642.1806640625,206000,0.0,0.0
2004-12-13 00:00:00+09:00,642.8823868056476,665.3411601438361,642.8823868056476,662.5338134765625,42000,0.0,0.0
2004-12-14 00:00:00+09:00,663.9375675447136,670.2540983141664,661.1302205360678,664.639404296875,30000,0.0,0.0
2004-12-15 00:00:00+09:00,673.7633344240838,675.8688448441591,670.254150390625,670.254150390625,24000,0.0,0.0
2004-12-16 00:00:00+09:00,670.2541088510407,672.359619140625,665.3412515086769,672.359619140625,13000,0.0,0.0
2004-12-17 00:00:00+09:00,668.1486335290552,670.9559807287571,666.0431231292788,669.5523071289062,24000,0.0,0.0
2004-12-20 00:00:00+09:00,676.5706218116337,692.7128669378449,676.5706218116337,683.5889892578125,44000,0.0,0.0
2004-12-21 00:00:00+09:00,684.992708984375,701.8367919921875,684.992708984375,701.8367919921875,59000,0.0,0.0
2004-12-22 00:00:00+09:00,709.5570097597773,717.979051418647,699.7312944910959,703.240478515625,32000,0.0,0.0
2004-12-23 00:00:00+09:00,703.240478515625,703.240478515625,703.240478515625,703.240478515625,0,0.0,0.0
2004-12-24 00:00:00+09:00,698.3273791786647,699.0292157406534,694.116359806733,696.9237060546875,39000,0.0,0.0
2004-12-27 00:00:00+09:00,690.6074507413265,701.8368401842748,688.5019402207736,700.4331665039062,22000,0.0,0.0
2004-12-28 00:00:00+09:00,700.4331665039062,703.9423507048276,700.4331665039062,700.4331665039062,11000,0.0,0.0
2004-12-29 00:00:00+09:00,704.6442955280172,712.364501953125,699.7314368938578,712.364501953125,28000,0.0,0.0
2004-12-30 00:00:00+09:00,717.2769842213083,718.6806573802542,717.2769842213083,717.9788208007812,14000,0.0,0.0
2004-12-31 00:00:00+09:00,717.9788208007812,717.9788208007812,717.9788208007812,717.9788208007812,0,0.0,0.0
2005-01-03 00:00:00+09:00,717.9788208007812,717.9788208007812,717.9788208007812,717.9788208007812,0,0.0,0.0
2005-01-04 00:00:00+09:00,718.6808014354067,733.4193725585938,718.6808014354067,733.4193725585938,14000,0.0,0.0
2005-01-05 00:00:00+09:00,725.6994039601293,725.6994039601293,712.364501953125,712.364501953125,26000,0.0,0.0
2005-01-06 00:00:00+09:00,712.3644246140572,717.9791195863846,712.3644246140572,717.2772827148438,9000,0.0,0.0
2005-01-07 00:00:00+09:00,715.873471807808,722.1900024414062,713.0661248595421,722.1900024414062,14000,0.0,0.0
2005-01-10 00:00:00+09:00,722.1900024414062,722.1900024414062,722.1900024414062,722.1900024414062,0,0.0,0.0
2005-01-11 00:00:00+09:00,736.2269333927736,754.4746934196679,724.2957056828812,750.263671875,64000,0.0,0.0
2005-01-12 00:00:00+09:00,750.2634269721684,750.2634269721684,727.1028160366385,730.6119995117188,26000,0.0,0.0
2005-01-13 00:00:00+09:00,727.1028530254438,729.910199948322,721.4881591796875,721.4881591796875,38000,0.0,0.0
2005-01-14 00:00:00+09:00,722.189995910407,725.6991795640047,714.469791872492,721.4881591796875,80000,0.0,0.0
2005-01-17 00:00:00+09:00,725.6989736810837,741.1393773764258,725.6989736810837,738.33203125,14000,0.0,0.0
2005-01-18 00:00:00+09:00,722.1900024414062,723.5936759155393,719.3826554931404,722.1900024414062,17000,0.0,0.0
2005-01-19 00:00:00+09:00,724.2956125452899,729.2084703823219,715.8735705389494,726.401123046875,15000,0.0,0.0
2005-01-20 00:00:00+09:00,722.8918966156695,722.8918966156695,714.4698551017005,715.1716918945312,19000,0.0,0.0
2005-01-21 00:00:00+09:00,706.0476007414102,708.8549470664257,701.8365812538868,705.3457641601562,10000,0.0,0.0
2005-01-24 00:00:00+09:00,708.8551678625406,729.9102718584577,708.8551678625406,729.2084350585938,12000,0.0,0.0
2005-01-25 00:00:00+09:00,729.9103041583372,747.4562249313742,729.9103041583372,746.0525512695312,36000,0.0,0.0
2005-01-26 00:00:00+09:00,743.947005696462,749.5617000790768,743.947005696462,748.85986328125,13000,0.0,0.0
2005-01-27 00:00:00+09:00,745.3506857196936,750.9653801507271,745.3506857196936,749.5617065429688,22000,0.0,0.0
2005-01-28 00:00:00+09:00,750.9651700356849,753.0706798582148,743.244967353075,746.754150390625,25000,0.0,0.0
2005-01-31 00:00:00+09:00,736.928486620259,739.0339965820312,724.2954268496261,739.0339965820312,17000,0.0,0.0
2005-02-01 00:00:00+09:00,719.3827839444818,720.0846208068667,708.8552310087089,709.5570678710938,60000,0.0,0.0
2005-02-02 00:00:00+09:00,711.6622738564483,711.6622738564483,696.2218694926989,696.9237060546875,37000,0.0,0.0
2005-02-03 00:00:00+09:00,699.0293034866318,700.4329767868057,698.3274668365448,699.7311401367188,15000,0.0,0.0
2005-02-04 00:00:00+09:00,694.8183796146374,694.8183796146374,673.7632772020726,677.2724609375,62000,0.0,0.0
2005-02-07 00:00:00+09:00,684.2908584547969,687.8000423443086,682.8871848989921,687.0982055664062,45000,0.0,0.0
2005-02-08 00:00:00+09:00,688.5017355052348,691.30908203125,686.3962256107234,691.30908203125,19000,0.0,0.0
2005-02-09 00:00:00+09:00,697.6257638113839,701.8367845184948,687.800048828125,687.800048828125,18000,0.0,0.0
2005-02-10 00:00:00+09:00,695.5201961016414,696.9238695549243,692.0110124684344,694.818359375,18000,0.0,0.0
2005-02-11 00:00:00+09:00,694.818359375,694.818359375,694.818359375,694.818359375,0,0.0,0.0
2005-02-14 00:00:00+09:00,706.7497367098987,710.9607579812586,703.9423891956587,704.6442260742188,22000,0.0,0.0
2005-02-15 00:00:00+09:00,702.5386674096048,706.0478515625,702.5386674096048,706.0478515625,12000,0.0,0.0
2005-02-16 00:00:00+09:00,706.0478257352482,706.0478257352482,702.5386417107192,703.240478515625,17000,0.0,0.0
2005-02-17 00:00:00+09:00,706.0477970127079,708.8551441181262,698.3275924728075,706.7496337890625,20000,0.0,0.0
2005-02-18 00:00:00+09:00,711.6623882029317,711.6623882029317,708.1532048291499,708.8550415039062,7000,0.0,0.0
2005-02-21 00:00:00+09:00,709.5570777900673,709.5570777900673,703.9423828125,703.9423828125,12000,0.0,0.0
2005-02-22 00:00:00+09:00,711.6622806909819,713.0659538284394,697.6255493164062,697.6255493164062,20000,0.0,0.0
2005-02-23 00:00:00+09:00,697.6257506450505,697.6257506450505,683.5890152195967,686.3963623046875,35000,0.0,0.0
2005-02-24 00:00:00+09:00,672.3596037079016,680.7816446729275,670.9559302137307,677.2724609375,31000,0.0,0.0
2005-02-25 00:00:00+09:00,693.4145707362355,697.6255903965771,691.3090609060648,695.5200805664062,12000,0.0,0.0
2005-02-28 00:00:00+09:00,701.134987109573,702.5386607574401,690.6074347505704,692.0111083984375,30000,0.0,0.0
2005-03-01 00:00:00+09:00,689.905682717844,710.9607900235768,689.905682717844,708.1534423828125,41000,0.0,0.0
2005-03-02 00:00:00+09:00,705.3459294512503,716.5753173828125,705.3459294512503,716.5753173828125,26000,0.0,0.0
2005-03-03 00:00:00+09:00,706.7494914899554,736.928466796875,706.7494914899554,736.928466796875,39000,0.0,0.0
2005-03-04 00:00:00+09:00,731.3138709699604,749.5616259077905,728.506524056448,747.4561157226562,42000,0.0,0.0
2005-03-07 00:00:00+09:00,748.8597131985337,754.4744064558798,748.8597131985337,752.368896484375,35000,0.0,0.0
2005-03-08 00:00:00+09:00,752.3690055490654,758.6855363792348,749.5616585134345,750.96533203125,23000,0.0,0.0
2005-03-09 00:00:00+09:00,758.6854314046074,765.0019613607974,753.7725747720151,759.3872680664062,26000,0.0,0.0
2005-03-10 00:00:00+09:00,755.1762770432692,775.529541015625,755.1762770432692,775.529541015625,51000,0.0,0.0
2005-03-11 00:00:00+09:00,782.5478182955904,783.2496549039273,774.8276156038851,779.0386352539062,270000,0.0,0.0
2005-03-14 00:00:00+09:00,779.7407160548307,779.7407160548307,757.9837743827337,765.7039794921875,9000,0.0,0.0
2005-03-15 00:00:00+09:00,772.7223048578306,772.7223048578306,747.4561804483103,754.4745483398438,14000,0.0,0.0
2005-03-16 00:00:00+09:00,746.7542791706846,746.7542791706846,723.5936671287368,727.8046875,34000,0.0,0.0
2005-03-17 00:00:00+09:00,734.1210914554453,748.1578236056449,732.0155816329153,746.754150390625,31000,0.0,0.0
2005-03-18 00:00:00+09:00,754.4744048705264,763.598281394542,754.4744048705264,758.6854248046875,19000,0.0,0.0
2005-03-21 00:00:00+09:00,758.6854248046875,758.6854248046875,758.6854248046875,758.6854248046875,0,0.0,0.0
2005-03-22 00:00:00+09:00,758.6854181925455,762.1946014404297,757.9835815429688,757.9835815429688,5000,0.0,0.0
2005-03-23 00:00:00+09:00,758.6857149643358,764.3004103572264,743.2453026338868,750.263671875,30000,0.0,0.0
2005-03-24 00:00:00+09:00,752.3690697528864,757.9837643032811,744.6488647460938,744.6488647460938,24000,0.0,0.0
2005-03-25 00:00:00+09:00,757.9835815429688,757.9835815429688,746.0523585001628,757.9835815429688,12000,0.0,0.0
2005-03-28 00:00:00+09:00,720.208073119532,738.5663181206181,720.208073119532,736.4480590820312,18000,6.5,0.0
2005-03-29 00:00:00+09:00,735.0358263726771,736.447998949762,715.2654102934888,715.9714965820312,24000,0.0,0.0
2005-03-30 00:00:00+09:00,706.0863263794066,716.6776212750977,702.5558947475096,711.0289306640625,31000,0.0,0.0
2005-03-31 00:00:00+09:00,716.677654244724,747.0393676757812,716.677654244724,747.0393676757812,52000,0.0,0.0
2005-04-01 00:00:00+09:00,735.7419882109672,745.627197265625,735.7419882109672,745.627197265625,8000,0.0,0.0
2005-04-04 00:00:00+09:00,729.3873090862205,740.6846923828125,729.3873090862205,740.6846923828125,11000,0.0,0.0
2005-04-05 00:00:00+09:00,740.6845904460251,751.275885828952,740.6845904460251,747.0393676757812,12000,0.0,0.0
2005-04-06 00:00:00+09:00,739.9785040871633,747.0393676757812,739.9785040871633,747.0393676757812,9000,0.0,0.0
2005-04-07 00:00:00+09:00,741.3906635054005,741.3906635054005,730.7993683124663,736.4480590820312,20000,0.0,0.0
2005-04-08 00:00:00+09:00,737.8600093711011,747.7452152382738,737.8600093711011,742.8026123046875,17000,0.0,0.0
2005-04-11 00:00:00+09:00,748.4516288138725,748.4516288138725,731.5055541992188,731.5055541992188,17000,0.0,0.0
2005-04-12 00:00:00+09:00,731.5053436781523,731.5053436781523,729.3870849609375,729.3870849609375,7000,0.0,0.0
2005-04-13 00:00:00+09:00,727.9749777805932,731.5054092926233,726.5628051757812,726.5628051757812,7000,0.0,0.0
2005-04-14 00:00:00+09:00,721.6202803495959,721.6202803495959,711.7350710297384,715.2655029296875,22000,0.0,0.0
2005-04-15 00:00:00+09:00,706.7923075255424,706.7923075255424,697.6131866485873,699.7314453125,33000,0.0,0.0
2005-04-18 00:00:00+09:00,684.903812874643,687.0220720897192,658.0725294836776,664.4273071289062,84000,0.0,0.0
2005-04-19 00:00:00+09:00,670.076013209185,676.4307909951519,665.839494685207,673.6064453125,38000,0.0,0.0
2005-04-20 00:00:00+09:00,680.6672342481196,684.1976659610249,662.3089893410126,663.0150756835938,34000,0.0,0.0
2005-04-21 00:00:00+09:00,662.3090031530222,662.3090031530222,647.4811896495963,654.5420532226562,38000,0.0,0.0
2005-04-22 00:00:00+09:00,666.5455663439825,666.5455663439825,660.1907886987539,664.4273071289062,22000,0.0,0.0
2005-04-25 00:00:00+09:00,658.7784383442003,661.602783203125,654.5419210558131,661.602783203125,8000,0.0,0.0
2005-04-26 00:00:00+09:00,658.7788348075671,665.8397012042184,658.7788348075671,660.8970947265625,13000,0.0,0.0
2005-04-27 00:00:00+09:00,660.8970947265625,660.8970947265625,656.6605748885717,660.8970947265625,10000,0.0,0.0
2005-04-28 00:00:00+09:00,660.8967202396716,666.54541015625,660.8967202396716,666.54541015625,6000,0.0,0.0
2005-04-29 00:00:00+09:00,666.54541015625,666.54541015625,666.54541015625,666.54541015625,0,0.0,0.0
2005-05-02 00:00:00+09:00,668.6639325521174,672.9004516601562,668.6639325521174,672.9004516601562,12000,0.0,0.0
2005-05-03 00:00:00+09:00,672.9004516601562,672.9004516601562,672.9004516601562,672.9004516601562,0,0.0,0.0
2005-05-04 00:00:00+09:00,672.9004516601562,672.9004516601562,672.9004516601562,672.9004516601562,0,0.0,0.0
2005-05-05 00:00:00+09:00,672.9004516601562,672.9004516601562,672.9004516601562,672.9004516601562,0,0.0,0.0
2005-05-06 00:00:00+09:00,677.8430074896694,683.49169921875,677.8430074896694,683.49169921875,13000,0.0,0.0
2005-05-09 00:00:00+09:00,683.4917145413834,683.4917145413834,669.3699849020986,675.0186767578125,27000,0.0,0.0
2005-05-10 00:00:00+09:00,663.7212183316212,665.8394775390625,662.3090455266603,665.8394775390625,19000,0.0,0.0
2005-05-11 00:00:00+09:00,667.9577026367188,667.9577026367188,665.1333571710244,667.9577026367188,8000,0.0,0.0
2005-05-12 00:00:00+09:00,667.957790427012,672.194309182363,665.8395310493364,670.0760498046875,16000,0.0,0.0
2005-05-13 00:00:00+09:00,665.1332607329456,688.4341074465201,665.1332607329456,671.488037109375,43000,0.0,0.0
2005-05-16 00:00:00+09:00,678.5489348582732,699.0254375751201,678.5489348582732,688.4341430664062,58000,0.0,0.0
2005-05-17 00:00:00+09:00,695.4951469111766,695.4951469111766,677.8429858220604,678.549072265625,20000,0.0,0.0
2005-05-18 00:00:00+09:00,678.54898937106,678.54898937106,654.5420532226562,654.5420532226562,51000,0.0,0.0
2005-05-19 00:00:00+09:00,662.3090314136126,677.8429319371728,662.3090314136126,674.3125,13000,0.0,0.0
2005-05-20 00:00:00+09:00,681.3734898762337,681.3734898762337,672.9004516601562,672.9004516601562,15000,0.0,0.0
2005-05-23 00:00:00+09:00,672.1942268695061,682.7855224609375,672.1942268695061,682.7855224609375,5000,0.0,0.0
2005-05-24 00:00:00+09:00,687.0221315494254,687.0221315494254,677.8430074896694,683.49169921875,9000,0.0,0.0
2005-05-25 00:00:00+09:00,683.4915380035271,683.4915380035271,668.6637257121283,669.3698120117188,19000,0.0,0.0
2005-05-26 00:00:00+09:00,668.6635760917866,668.6635760917866,667.2514038085938,667.2514038085938,2000,0.0,0.0
2005-05-27 00:00:00+09:00,667.2516503440235,667.9577367465039,665.1333911365821,665.8394775390625,18000,0.0,0.0
2005-05-30 00:00:00+09:00,663.7209986636514,670.7818603515625,663.7209986636514,670.7818603515625,12000,0.0,0.0
2005-05-31 00:00:00+09:00,670.7819846108996,672.9002435096708,669.3698120117188,669.3698120117188,22000,0.0,0.0
2005-06-01 00:00:00+09:00,669.369765807535,679.9610595703125,669.369765807535,679.9610595703125,26000,0.0,0.0
2005-06-02 00:00:00+09:00,689.140120967742,703.9679309475806,689.140120967742,700.4375,45000,0.0,0.0
2005-06-03 00:00:00+09:00,702.5557963569757,707.4983999494368,693.3766753995478,695.4949340820312,26000,0.0,0.0
2005-06-06 00:00:00+09:00,700.4378059575123,716.6777954101562,697.6134599657481,716.6777954101562,45000,0.0,0.0
2005-06-07 00:00:00+09:00,717.3835744492072,720.2079192305033,713.8531434725871,718.0896606445312,18000,0.0,0.0
2005-06-08 00:00:00+09:00,720.2080208914621,720.2080208914621,708.2045538766043,711.7349853515625,31000,0.0,0.0
2005-06-09 00:00:00+09:00,713.1471579415457,718.7958483014788,709.6167264665876,711.7349853515625,29000,0.0,0.0
2005-06-10 00:00:00+09:00,711.7350260416666,726.5628390842014,711.7350260416666,724.444580078125,141000,0.0,0.0
2005-06-13 00:00:00+09:00,727.9752010337994,727.9752010337994,721.6204223632812,721.6204223632812,15000,0.0,0.0
2005-06-14 00:00:00+09:00,725.8566537655796,733.623602395367,725.8566537655796,729.3870849609375,20000,0.0,0.0
2005-06-15 00:00:00+09:00,731.5054700446851,749.15762907086,731.5054700446851,745.627197265625,43000,0.0,0.0
2005-06-16 00:00:00+09:00,748.4515403935048,749.8637131112284,746.3332813169195,747.0393676757812,48000,0.0,0.0
2005-06-17 00:00:00+09:00,759.0427583722926,766.80970752773,754.8062406511449,756.9244995117188,31000,0.0,0.0
2005-06-20 00:00:00+09:00,776.6948003104402,776.6948003104402,749.863525390625,749.863525390625,35000,0.0,0.0
2005-06-21 00:00:00+09:00,753.3939389264142,762.5730590820312,753.3939389264142,762.5730590820312,6000,0.0,0.0
2005-06-22 00:00:00+09:00,755.512383329824,761.1610740463087,755.512383329824,759.7489013671875,19000,0.0,0.0
2005-06-23 00:00:00+09:00,759.042720249721,759.042720249721,741.3905639648438,741.3905639648438,23000,0.0,0.0
2005-06-24 00:00:00+09:00,727.974873079677,735.7418212890625,726.5627006779705,735.7418212890625,27000,0.0,0.0
2005-06-27 00:00:00+09:00,727.2689963230216,727.2689963230216,718.0898730684592,718.7959594726562,26000,0.0,0.0
2005-06-28 00:00:00+09:00,732.211642660658,747.7455444335938,731.5055562164335,747.7455444335938,34000,0.0,0.0
2005-06-29 00:00:00+09:00,759.0427562067184,759.748842491562,758.336669921875,758.336669921875,11000,0.0,0.0
2005-06-30 00:00:00+09:00,758.3368212890625,762.57333984375,758.3368212890625,759.0429077148438,24000,0.0,0.0
2005-07-01 00:00:00+09:00,760.4550756926444,773.1646312752513,756.9246435863647,761.8672485351562,62000,0.0,0.0
2005-07-04 00:00:00+09:00,775.2826741913917,775.2826741913917,759.7487772585952,761.1609497070312,9000,0.0,0.0
2005-07-05 00:00:00+09:00,760.4549013453037,760.4549013453037,747.0392624172065,756.2183837890625,28000,0.0,0.0
2005-07-06 00:00:00+09:00,756.9244995117188,756.9244995117188,756.9244995117188,756.9244995117188,1000,0.0,0.0
2005-07-07 00:00:00+09:00,759.0429077148438,760.4550805664063,758.3368212890625,759.0429077148438,10000,0.0,0.0
2005-07-08 00:00:00+09:00,750.5699385811615,758.3368899681726,748.4516791119767,754.8064575195312,15000,0.0,0.0
2005-07-11 00:00:00+09:00,759.7488446591506,766.103621240872,754.1001543642869,756.9244995117188,17000,0.0,0.0
2005-07-12 00:00:00+09:00,759.0429764579009,759.0429764579009,754.100371029803,754.8064575195312,11000,0.0,0.0
2005-07-13 00:00:00+09:00,752.6881079513036,755.512453572134,751.9820215460959,754.1002807617188,17000,0.0,0.0
2005-07-14 00:00:00+09:00,754.1002807617188,754.1002807617188,753.3941943565111,754.1002807617188,14000,0.0,0.0
2005-07-15 00:00:00+09:00,763.2794040294175,763.2794040294175,754.1002807617188,754.1002807617188,11000,0.0,0.0
2005-07-18 00:00:00+09:00,754.1002807617188,754.1002807617188,754.1002807617188,754.1002807617188,0,0.0,0.0
2005-07-19 00:00:00+09:00,746.3332813169195,753.3941449055375,746.3332813169195,747.0393676757812,11000,0.0,0.0
2005-07-20 00:00:00+09:00,760.454820107514,760.454820107514,748.4513549804688,748.4513549804688,10000,0.0,0.0
2005-07-21 00:00:00+09:00,752.6880608760949,756.21849268133,745.627197265625,745.627197265625,11000,0.0,0.0
2005-07-22 00:00:00+09:00,745.6271769788682,745.6271769788682,738.5663135605078,739.2723999023438,17000,0.0,0.0
2005-07-25 00:00:00+09:00,740.6845223436935,740.6845223436935,732.2114868164062,732.2114868164062,15000,0.0,0.0
2005-07-26 00:00:00+09:00,732.2114403986628,732.2114403986628,720.2079741626192,722.3262329101562,15000,0.0,0.0
2005-07-27 00:00:00+09:00,720.2079992628283,725.856689453125,720.2079992628283,725.856689453125,15000,0.0,0.0
2005-07-28 00:00:00+09:00,739.2723885249166,741.3906475178246,727.2689208984375,727.2689208984375,17000,0.0,0.0
2005-07-29 00:00:00+09:00,734.3297910100499,757.6306401478689,734.3297910100499,742.0967407226562,68000,0.0,0.0
2005-08-01 00:00:00+09:00,742.0968508333773,742.0968508333773,731.5055541992188,731.5055541992188,10000,0.0,0.0
2005-08-02 00:00:00+09:00,732.2113689336561,756.9243852428924,732.2113689336561,751.2756958007812,12000,0.0,0.0
2005-08-03 00:00:00+09:00,756.9244323617231,761.1609497070312,754.8061736890689,761.1609497070312,23000,0.0,0.0
2005-08-04 00:00:00+09:00,757.6307348632813,759.748994140625,750.5698706054687,759.0429077148438,18000,0.0,0.0
2005-08-05 00:00:00+09:00,753.3941449055375,758.33674941757,747.0393676757812,747.0393676757812,27000,0.0,0.0
2005-08-08 00:00:00+09:00,734.3297413469621,735.0358276367188,724.4445332903683,735.0358276367188,20000,0.0,0.0
2005-08-09 00:00:00+09:00,735.0358995751308,749.8637131112284,735.0358995751308,747.0393676757812,19000,0.0,0.0
2005-08-10 00:00:00+09:00,749.1576062737788,761.8671603858693,749.1576062737788,759.7489013671875,20000,0.0,0.0
2005-08-11 00:00:00+09:00,762.5732578232216,774.576725770439,762.5732578232216,771.7523803710938,38000,0.0,0.0
2005-08-12 00:00:00+09:00,776.6950366499204,780.2254686346929,771.7524318712392,777.401123046875,30000,0.0,0.0
2005-08-15 00:00:00+09:00,777.4010711697844,777.4010711697844,767.5158622720759,771.7523803710938,16000,0.0,0.0
2005-08-16 00:00:00+09:00,768.9282096050565,775.9890747070312,768.9282096050565,775.9890747070312,21000,0.0,0.0
2005-08-17 00:00:00+09:00,776.6949212061215,778.8131800821383,773.1644897460938,773.1644897460938,25000,0.0,0.0
2005-08-18 00:00:00+09:00,773.87060546875,778.1071233819,772.4584328310333,773.87060546875,19000,0.0,0.0
2005-08-19 00:00:00+09:00,783.7560263192036,783.7560263192036,775.9890747070312,775.9890747070312,36000,0.0,0.0
2005-08-22 00:00:00+09:00,770.3403826254514,776.6951612172288,768.222123094859,775.9890747070312,12000,0.0,0.0
2005-08-23 00:00:00+09:00,776.6949666524599,787.2862616522663,773.1645349858579,783.0497436523438,28000,0.0,0.0
2005-08-24 00:00:00+09:00,785.8740822283143,795.0532044825533,780.9314779375701,787.2862548828125,33000,0.0,0.0
2005-08-25 00:00:00+09:00,781.6377667886111,782.3438532988087,775.9890747070312,775.9890747070312,10000,0.0,0.0
2005-08-26 00:00:00+09:00,766.1037621889968,766.8098486057609,762.5733301051765,764.6915893554688,8000,0.0,0.0
2005-08-29 00:00:00+09:00,767.51579162484,767.51579162484,758.336669921875,758.336669921875,4000,0.0,0.0
2005-08-30 00:00:00+09:00,762.5733205094238,772.4585302197311,762.5733205094238,770.3402709960938,13000,0.0,0.0
2005-08-31 00:00:00+09:00,771.0463186795595,775.9889232864797,770.3402323071423,775.2828369140625,10000,0.0,0.0
2005-09-01 00:00:00+09:00,780.9315070695775,790.8167160198253,780.9315070695775,787.9923706054688,19000,0.0,0.0
2005-09-02 00:00:00+09:00,788.6984343189071,788.6984343189071,775.9888803191395,783.0497436523438,26000,0.0,0.0
2005-09-05 00:00:00+09:00,790.8167068644351,794.3471385915085,785.1680161011177,793.6410522460938,41000,0.0,0.0
2005-09-06 00:00:00+09:00,794.3469360991792,811.9990902347165,794.3469360991792,807.7625732421875,23000,0.0,0.0
2005-09-07 00:00:00+09:00,820.4725093135127,820.4725093135127,799.2899144086888,800.7020874023438,18000,0.0,0.0
2005-09-08 00:00:00+09:00,787.2862616522663,790.1106069855479,779.5193119857416,783.0497436523438,31000,0.0,0.0
2005-09-09 00:00:00+09:00,797.1715205161032,797.8776068938854,783.7558793382415,790.1106567382812,340000,0.0,0.0
2005-09-12 00:00:00+09:00,796.4653976277525,805.6445201181433,790.1106205190205,793.6410522460938,11000,0.0,0.0
2005-09-13 00:00:00+09:00,795.7592435853671,797.8775024414062,795.7592435853671,797.8775024414062,11000,0.0,0.0
2005-09-14 00:00:00+09:00,789.4044961161997,804.938394966429,785.1679782479553,798.5836181640625,14000,0.0,0.0
2005-09-15 00:00:00+09:00,791.5229655019807,799.9960034912972,787.9925330064322,799.2899169921875,24000,0.0,0.0
2005-09-16 00:00:00+09:00,805.644550281353,831.0636596679688,805.644550281353,831.0636596679688,37000,0.0,0.0
2005-09-19 00:00:00+09:00,831.0636596679688,831.0636596679688,831.0636596679688,831.0636596679688,0,0.0,0.0
2005-09-20 00:00:00+09:00,845.1855813295213,867.7803504210373,839.5368890566423,859.3073120117188,61000,0.0,0.0
2005-09-21 00:00:00+09:00,845.891394243084,861.42529296875,837.418358574539,861.42529296875,47000,0.0,0.0
2005-09-22 00:00:00+09:00,845.8914806899338,863.5436401367188,845.8914806899338,863.5436401367188,20000,0.0,0.0
2005-09-23 00:00:00+09:00,863.5436401367188,863.5436401367188,863.5436401367188,863.5436401367188,0,0.0,0.0
2005-09-26 00:00:00+09:00,861.4252003912648,869.1921489193827,855.0704243228047,862.1312866210938,30000,0.0,0.0
2005-09-27 00:00:00+09:00,866.7453960412457,867.4552612304688,861.7763397166849,867.4552612304688,17000,6.5,0.0
2005-09-28 00:00:00+09:00,865.3258279577478,874.5540771484375,865.3258279577478,874.5540771484375,13000,0.0,0.0
2005-09-29 00:00:00+09:00,880.2327672446647,908.6273726396539,880.2327672446647,902.2385864257812,57000,0.0,0.0
2005-09-30 00:00:00+09:00,817.0549118738561,837.641004353736,767.3643438189735,824.153564453125,351000,0.0,0.0
2005-10-03 00:00:00+09:00,819.8944459971409,819.8944459971409,780.8518533306104,794.3392944335938,54000,0.0,0.0
2005-10-04 00:00:00+09:00,802.1479471367609,802.1479471367609,782.2717148183278,790.7901000976562,40000,0.0,0.0
2005-10-05 00:00:00+09:00,798.598409990111,798.598409990111,784.4011049236201,786.5307006835938,23000,0.0,0.0
2005-10-06 00:00:00+09:00,782.9814515739624,782.9814515739624,767.3644144618798,768.0742797851562,28000,0.0,0.0
2005-10-07 00:00:00+09:00,763.8150489198209,763.8150489198209,741.8092250197146,756.0065307617188,95000,0.0,0.0
2005-10-10 00:00:00+09:00,756.0065307617188,756.0065307617188,756.0065307617188,756.0065307617188,0,0.0,0.0
2005-10-11 00:00:00+09:00,744.6486371829186,749.6176938657408,744.6486371829186,747.4880981445312,69000,0.0,0.0
2005-10-12 00:00:00+09:00,773.753181988503,775.1729125976562,763.1052024198539,775.1729125976562,38000,0.0,0.0
2005-10-13 00:00:00+09:00,775.1727941176471,775.1727941176471,747.4880514705882,760.265625,39000,0.0,0.0
2005-10-14 00:00:00+09:00,760.9755877714201,763.1051836327208,756.0065307617188,756.0065307617188,20000,0.0,0.0
2005-10-17 00:00:00+09:00,763.8150507849422,763.8150507849422,751.0374755859375,751.0374755859375,16000,0.0,0.0
2005-10-18 00:00:00+09:00,751.0374342357838,754.5867604845353,743.9387817382812,743.9387817382812,58000,0.0,0.0
2005-10-19 00:00:00+09:00,743.2288114598496,750.3274629542129,742.5189463104132,746.7781372070312,35000,0.0,0.0
2005-10-20 00:00:00+09:00,750.3278073371027,750.3278073371027,740.3896906836311,742.519287109375,62000,0.0,0.0
2005-10-21 00:00:00+09:00,724.7724410463143,732.5809590203685,720.5132494241028,731.87109375,45000,0.0,0.0
2005-10-24 00:00:00+09:00,731.8710756283434,734.0006713867188,729.0316146171763,734.0006713867188,16000,0.0,0.0
2005-10-25 00:00:00+09:00,728.3217708621404,730.4513666833748,721.9329833984375,721.9329833984375,142000,0.0,0.0
2005-10-26 00:00:00+09:00,720.5132934808034,734.7105997562873,716.9639669119325,729.0316772460938,50000,0.0,0.0
2005-10-27 00:00:00+09:00,729.0317571106248,743.2290649414062,727.6120263275467,743.2290649414062,109000,0.0,0.0
2005-10-28 00:00:00+09:00,752.4571090354059,763.8149521906572,752.4571090354059,755.2965698242188,77000,0.0,0.0
2005-10-31 00:00:00+09:00,765.944616369299,777.3024605415962,761.6854248046875,761.6854248046875,34000,0.0,0.0
2005-11-01 00:00:00+09:00,768.0742777114182,773.7532002822974,768.0742777114182,773.0433349609375,9000,0.0,0.0
2005-11-02 00:00:00+09:00,776.5925936651955,794.3392251474897,776.5925936651955,792.9194946289062,47000,0.0,0.0
2005-11-03 00:00:00+09:00,792.9194946289062,792.9194946289062,792.9194946289062,792.9194946289062,0,0.0,0.0
2005-11-04 00:00:00+09:00,798.5985234098614,800.7281194722877,780.851889556309,790.0801391601562,39000,0.0,0.0
2005-11-07 00:00:00+09:00,791.4997511850277,806.4069213867188,790.7898859373281,806.4069213867188,60000,0.0,0.0
2005-11-08 00:00:00+09:00,806.4071448199577,806.4071448199577,795.0492977098174,797.1788940429688,27000,0.0,0.0
2005-11-09 00:00:00+09:00,795.0490774235255,807.1167866344183,795.0490774235255,806.4069213867188,21000,0.0,0.0
2005-11-10 00:00:00+09:00,805.6970463584746,809.9562377929688,794.3392025331568,809.9562377929688,22000,0.0,0.0
2005-11-11 00:00:00+09:00,810.6662111535536,810.6662111535536,801.4379618146778,802.1478271484375,59000,0.0,0.0
2005-11-14 00:00:00+09:00,803.5674383785562,809.9562254328027,792.2095947265625,792.2095947265625,30000,0.0,0.0
2005-11-15 00:00:00+09:00,784.4009490966797,784.4009490966797,772.3332421875,780.8516235351562,20000,0.0,0.0
2005-11-16 00:00:00+09:00,776.5926267960492,780.8518185335047,758.8459945566514,772.3334350585938,14000,0.0,0.0
2005-11-17 00:00:00+09:00,763.1051473238838,793.6293532168391,745.3585159907702,786.5307006835938,33000,0.0,0.0
2005-11-18 00:00:00+09:00,800.7281705962097,800.7281705962097,789.3703242047741,793.6295166015625,50000,0.0,0.0
2005-11-21 00:00:00+09:00,786.5306446216724,786.5306446216724,763.8149581344039,766.6544189453125,54000,0.0,0.0
2005-11-22 00:00:00+09:00,769.4940766180946,770.2039420024286,758.13623046875,758.13623046875,23000,0.0,0.0
2005-11-23 00:00:00+09:00,760.9756447665662,770.2038941900414,758.136183405497,765.9447021484375,23000,0.0,0.0
2005-11-24 00:00:00+09:00,760.2659048074989,760.2659048074989,739.6798065447375,744.6488647460938,82000,0.0,0.0
2005-11-25 00:00:00+09:00,741.0993709620143,741.0993709620143,724.0626038134623,726.1921997070312,137000,0.0,0.0
2005-11-28 00:00:00+09:00,737.5501974763667,745.3587173726518,731.1614084703155,736.84033203125,54000,0.0,0.0
2005-11-29 00:00:00+09:00,741.8091792527933,741.8091792527933,734.0006615764482,737.5499877929688,53000,0.0,0.0
2005-11-30 00:00:00+09:00,739.6796147674039,748.197998046875,739.6796147674039,748.197998046875,30000,0.0,0.0
2005-12-01 00:00:00+09:00,762.3953569810168,792.9195658731804,762.3953569810168,789.3702392578125,124000,0.0,0.0
2005-12-02 00:00:00+09:00,803.5675956639603,814.215576171875,802.1478649295717,814.215576171875,67000,0.0,0.0
2005-12-05 00:00:00+09:00,827.7026883240264,844.7394503478487,826.9928232397006,836.2210693359375,64000,0.0,0.0
2005-12-06 00:00:00+09:00,826.9931342298551,862.4864017933681,804.987308340477,853.968017578125,87000,0.0,0.0
2005-12-07 00:00:00+09:00,836.9312649073438,862.4864180342856,836.9312649073438,856.8074951171875,62000,0.0,0.0
2005-12-08 00:00:00+09:00,854.6778155507354,854.6778155507354,829.8325302149582,847.5791625976562,60000,0.0,0.0
2005-12-09 00:00:00+09:00,760.9756447665662,770.2038941900414,758.136183405497,765.9447021484375,60000,0.0,0.0
2005-12-12 00:00:00+09:00,861.0666320700394,873.1343424947638,861.0666320700394,863.1962280273438,51000,0.0,0.0
2005-12-13 00:00:00+09:00,861.7764452256761,861.7764452256761,834.0916994564822,838.3508911132812,55000,0.0,0.0
2005-12-14 00:00:00+09:00,809.2466730448045,819.8946555848678,803.5677490234375,803.5677490234375,102000,0.0,0.0
2005-12-15 00:00:00+09:00,804.2772055233226,805.6969358066823,795.7588238231638,796.4686889648438,72000,0.0,0.0
2005-12-16 00:00:00+09:00,793.6292283981242,797.8884192482035,790.0799026897246,796.4686889648438,38000,0.0,0.0
2005-12-19 00:00:00+09:00,797.1786794834619,797.1786794834619,784.4011049236201,786.5307006835938,16000,0.0,0.0
2005-12-20 00:00:00+09:00,800.7280823244805,801.4379476456902,792.9195637911744,794.3392944335938,61000,0.0,0.0
2005-12-21 00:00:00+09:00,795.0490855667838,811.3759864311018,795.0490855667838,807.82666015625,48000,0.0,0.0
2005-12-22 00:00:00+09:00,816.3451754831591,832.6720789928223,816.3451754831591,825.5734252929688,70000,0.0,0.0
2005-12-23 00:00:00+09:00,760.9756447665662,770.2038941900414,758.136183405497,765.9447021484375,48000,0.0,0.0
2005-12-26 00:00:00+09:00,841.900377591451,841.900377591451,817.7649536132812,817.7649536132812,23000,0.0,0.0
2005-12-27 00:00:00+09:00,807.8265091112361,828.41259765625,807.8265091112361,828.41259765625,15000,0.0,0.0
2005-12-28 00:00:00+09:00,828.4128071963277,828.4128071963277,816.3450970657899,827.7029418945312,13000,0.0,0.0
2005-12-29 00:00:00+09:00,827.7028333162006,827.7028333162006,809.2463378906249,809.246337890625,28000,0.0,0.0
2005-12-30 00:00:00+09:00,827.7029791637859,827.7029791637859,802.1478271484375,802.1478271484375,15000,0.0,0.0
2006-01-02 00:00:00+09:00,802.1478271484375,802.1478271484375,802.1478271484375,802.1478271484375,0,0.0,0.0
2006-01-03 00:00:00+09:00,760.9756447665662,770.2038941900414,758.136183405497,765.9447021484375,15000,0.0,0.0
2006-01-04 00:00:00+09:00,818.4746119030834,841.1902993106278,817.0548814401119,839.7705688476562,32000,0.0,0.0
2006-01-05 00:00:00+09:00,845.4495648361067,853.9679483609037,839.770642486242,852.5482177734375,33000,0.0,0.0
2006-01-06 00:00:00+09:00,851.8382042299294,853.2579345703125,839.0606311664803,853.2579345703125,22000,0.0,0.0
2006-01-09 00:00:00+09:00,853.2579345703125,853.2579345703125,853.2579345703125,853.2579345703125,0,0.0,0.0
2006-01-10 00:00:00+09:00,851.8384318916945,859.6469508507017,846.1595090124165,850.418701171875,42000,0.0,0.0
2006-01-11 00:00:00+09:00,851.128556173044,856.807478983206,851.128556173044,853.968017578125,33000,0.0,0.0
2006-01-12 00:00:00+09:00,861.0666620919221,873.84423828125,861.0666620919221,873.84423828125,32000,0.0,0.0
2006-01-13 00:00:00+09:00,868.8750556845181,917.855757353008,868.8750556845181,915.0162963867188,96000,0.0,0.0
2006-01-16 00:00:00+09:00,957.6081677263311,1036.4032059899505,943.4108635346879,1006.5888671875,139000,0.0,0.0
2006-01-17 00:00:00+09:00,972.5156465418199,1001.6201293945313,944.1210291245404,965.4169921875,26000,0.0,0.0
2006-01-18 00:00:00+09:00,971.8057246363172,971.8057246363172,893.720531276204,939.1519165039062,39000,0.0,0.0
2006-01-19 00:00:00+09:00,929.9235436002114,951.2195026139567,919.985429393797,944.120849609375,21000,0.0,0.0
2006-01-20 00:00:00+09:00,954.7687976677609,954.7687976677609,926.3741865847047,933.4728393554688,48000,0.0,0.0
2006-01-23 00:00:00+09:00,912.8868431109204,912.8868431109204,897.2698053594116,907.9177856445312,27000,0.0,0.0
2006-01-24 00:00:00+09:00,940.5716525224259,943.4111141149464,929.2138061523438,929.2138061523438,29000,0.0,0.0
2006-01-25 00:00:00+09:00,917.1459838292287,917.1459838292287,891.5908325770212,904.368408203125,66000,0.0,0.0
2006-01-26 00:00:00+09:00,904.3686069733287,913.5968580648934,904.3686069733287,907.2080688476562,27000,0.0,0.0
2006-01-27 00:00:00+09:00,912.1768616874264,940.5714721679689,912.1768616874264,940.5714721679688,36000,0.0,0.0
2006-01-30 00:00:00+09:00,954.7685112079104,979.6137884512389,947.6698605669593,952.638916015625,52000,0.0,0.0
2006-01-31 00:00:00+09:00,962.5772121674694,968.2561337731772,916.4359741210936,916.4359741210938,86000,0.0,0.0
2006-02-01 00:00:00+09:00,907.9177218712562,907.9177218712562,862.4863425125694,870.2948608398438,206000,0.0,0.0
2006-02-02 00:00:00+09:00,876.6835366363778,877.393401848229,861.7763671875001,861.7763671875,102000,0.0,0.0
2006-02-03 00:00:00+09:00,855.387806581058,855.387806581058,814.9254788008752,826.2833251953125,331000,0.0,0.0
2006-02-06 00:00:00+09:00,831.962242965368,833.3819737554113,819.1846658549783,819.89453125,150000,0.0,0.0
2006-02-07 00:00:00+09:00,834.0915973369891,873.1341827442525,828.4126758232054,867.4552612304688,145000,0.0,0.0
2006-02-08 00:00:00+09:00,871.0049831951935,871.0049831951935,837.6413041322969,839.06103515625,84000,0.0,0.0
2006-02-09 00:00:00+09:00,864.615917604361,865.3257828897504,848.9988813257929,856.0975341796875,37000,0.0,0.0
2006-02-10 00:00:00+09:00,865.3259849644752,865.3259849644752,836.2215014669006,842.6102905273438,32000,0.0,0.0
2006-02-13 00:00:00+09:00,839.0609159469604,839.0609159469604,816.345222791036,817.7649536132812,47000,0.0,0.0
2006-02-14 00:00:00+09:00,817.7649536132812,829.1228001912435,791.4999334017436,817.7649536132812,60000,0.0,0.0
2006-02-15 00:00:00+09:00,823.4437122296438,838.350882882077,823.4437122296438,836.93115234375,24000,0.0,0.0
2006-02-16 00:00:00+09:00,827.7031391204553,846.8695068359375,827.7031391204553,846.8695068359375,37000,0.0,0.0
2006-02-17 00:00:00+09:00,846.8692394191935,868.1651968228614,835.5113954705706,837.6409912109375,134000,0.0,0.0
2006-02-20 00:00:00+09:00,838.3509337426885,838.3509337426885,813.5056478146664,819.1845703125,71000,0.0,0.0
2006-02-21 00:00:00+09:00,813.5054591659672,858.9368286132812,810.66599857551,858.9368286132812,55000,0.0,0.0
2006-02-22 00:00:00+09:00,858.937114811745,860.3568455800289,844.7398071289062,844.7398071289062,34000,0.0,0.0
2006-02-23 00:00:00+09:00,861.0665793833866,873.134289069716,861.0665793833866,864.6159057617188,50000,0.0,0.0
2006-02-24 00:00:00+09:00,850.4186682529137,873.134358890721,841.1904189313044,866.0357055664062,35000,0.0,0.0
2006-02-27 00:00:00+09:00,873.1343926889868,873.1343926889868,843.3200475727775,850.418701171875,53000,0.0,0.0
2006-02-28 00:00:00+09:00,859.6467768908753,860.3566421071354,841.900146484375,841.900146484375,39000,0.0,0.0
2006-03-01 00:00:00+09:00,841.1904033410095,841.1904033410095,816.3451171663805,820.6043090820312,29000,0.0,0.0
2006-03-02 00:00:00+09:00,822.7337995412956,824.8633952260444,792.2095947265625,792.2095947265625,110000,0.0,0.0
2006-03-03 00:00:00+09:00,795.049255426732,795.049255426732,777.3026202609567,778.7223510742188,51000,0.0,0.0
2006-03-06 00:00:00+09:00,777.3024958605207,777.3024958605207,738.9697700372622,762.3953247070312,64000,0.0,0.0
2006-03-07 00:00:00+09:00,762.3952681929977,762.3952681929977,747.4880981445312,747.4880981445312,31000,0.0,0.0
2006-03-08 00:00:00+09:00,747.4881399054276,747.4881399054276,716.9639328627558,728.32177734375,79000,0.0,0.0
2006-03-09 00:00:00+09:00,731.8712989591924,785.8210746341667,729.0318370815621,780.1421508789062,82000,0.0,0.0
2006-03-10 00:00:00+09:00,770.2039661946467,792.919659206839,770.2039661946467,778.7223510742188,229000,0.0,0.0
2006-03-13 00:00:00+09:00,792.9195597588962,792.9195597588962,782.9814453125,782.9814453125,23000,0.0,0.0
2006-03-14 00:00:00+09:00,794.3392268000422,794.3392268000422,786.5307089315878,787.950439453125,15000,0.0,0.0
2006-03-15 00:00:00+09:00,787.2404095458985,787.2404095458985,768.0740515136719,780.8516235351562,24000,0.0,0.0
2006-03-16 00:00:00+09:00,780.8517229998553,781.5615882025824,766.6544189453125,766.6544189453125,22000,0.0,0.0
2006-03-17 00:00:00+09:00,767.3643798828125,771.6235716305432,766.654514591524,767.3643798828125,10000,0.0,0.0
2006-03-20 00:00:00+09:00,770.9138129189154,770.9138129189154,759.5559666880657,764.5250244140625,65000,0.0,0.0
2006-03-21 00:00:00+09:00,764.5250244140625,764.5250244140625,764.5250244140625,764.5250244140625,0,0.0,0.0
2006-03-22 00:00:00+09:00,771.6235883088391,791.4998168945314,760.975608709361,791.4998168945312,39000,0.0,0.0
2006-03-23 00:00:00+09:00,795.0490753560126,797.888536339427,782.2715009306481,785.1109619140625,73000,0.0,0.0
2006-03-24 00:00:00+09:00,782.9815307088745,819.89453125,782.9815307088745,819.89453125,91000,0.0,0.0
2006-03-27 00:00:00+09:00,834.0917934519756,844.7397737939158,814.9254288364834,822.7339477539062,90000,0.0,0.0
2006-03-28 00:00:00+09:00,826.6601767015707,827.3740455933682,817.3798811082024,818.09375,24000,6.5,0.0
2006-03-29 00:00:00+09:00,806.6717973675644,817.3798300759834,806.6717973675644,813.8104858398438,25000,0.0,0.0
2006-03-30 00:00:00+09:00,840.9372660753362,841.6511347222593,826.6598931368756,835.940185546875,61000,0.0,0.0
2006-03-31 00:00:00+09:00,850.2176668714608,850.2176668714608,839.5096358025507,843.0789794921875,62000,0.0,0.0
2006-04-03 00:00:00+09:00,848.0762938455002,880.2003958851026,847.3624249112869,873.0617065429688,76000,0.0,0.0
2006-04-04 00:00:00+09:00,887.3390366320225,893.763856688087,884.4835610515494,893.0499877929688,70000,0.0,0.0
2006-04-05 00:00:00+09:00,899.474696315753,912.3243348345495,888.0527954101561,888.0527954101562,37000,0.0,0.0
2006-04-06 00:00:00+09:00,895.191565769328,906.6134677249174,895.191565769328,905.1857299804688,30000,0.0,0.0
2006-04-07 00:00:00+09:00,915.893617293764,919.4629610868029,904.4717171560397,915.1797485351562,35000,0.0,0.0
2006-04-10 00:00:00+09:00,910.8965517439932,915.1797643697486,885.9111447604197,908.0410766601562,54000,0.0,0.0
2006-04-11 00:00:00+09:00,905.8995288737768,905.8995288737768,858.0703181294562,882.3418579101562,57000,0.0,0.0
2006-04-12 00:00:00+09:00,873.061793022061,878.0588760565291,860.926019938353,863.067626953125,34000,0.0,0.0
2006-04-13 00:00:00+09:00,860.2119936535706,861.6397314023733,844.506878416742,852.3594360351562,54000,0.0,0.0
2006-04-14 00:00:00+09:00,863.7812996557203,863.7812996557203,828.0878575211865,842.365234375,44000,0.0,0.0
2006-04-17 00:00:00+09:00,843.0790110349038,843.0790110349038,828.8016357421875,828.8016357421875,39000,0.0,0.0
2006-04-18 00:00:00+09:00,830.9434708032852,835.2266845703125,820.9493053468883,835.2266845703125,40000,0.0,0.0
2006-04-19 00:00:00+09:00,837.3683612944801,837.3683612944801,803.1026483003326,808.0997314453125,139000,0.0,0.0
2006-04-20 00:00:00+09:00,822.3770317972854,825.94637655335,813.8106043827304,815.2383422851562,47000,0.0,0.0
2006-04-21 00:00:00+09:00,824.5187189216748,824.5187189216748,789.5391369068159,808.0997314453125,75000,0.0,0.0
2006-04-24 00:00:00+09:00,803.816290030062,803.816290030062,772.4060620004681,774.5476684570312,65000,0.0,0.0
2006-04-25 00:00:00+09:00,782.4003313177797,798.819316372806,777.4032489097282,781.6864624023438,37000,0.0,0.0
2006-04-26 00:00:00+09:00,781.6864815474196,801.67481166918,781.6864815474196,798.8193359375,46000,0.0,0.0
2006-04-27 00:00:00+09:00,827.3739526576751,845.9345417595729,822.3768709763949,831.6571655273438,51000,0.0,0.0
2006-04-28 00:00:00+09:00,838.0821675583592,838.0821675583592,819.5215744097073,832.3712158203125,46000,0.0,0.0
2006-05-01 00:00:00+09:00,832.3713229177757,845.2209659816865,832.3713229177757,838.082275390625,24000,0.0,0.0
2006-05-02 00:00:00+09:00,845.2208234440927,853.7872507087288,843.0792166279338,845.9346923828125,47000,0.0,0.0
2006-05-03 00:00:00+09:00,845.9346923828124,845.9346923828124,845.9346923828124,845.9346923828125,0,0.0,0.0
2006-05-04 00:00:00+09:00,845.9346923828124,845.9346923828124,845.9346923828124,845.9346923828125,0,0.0,0.0
2006-05-05 00:00:00+09:00,845.9346923828124,845.9346923828124,845.9346923828124,845.9346923828125,0,0.0,0.0
2006-05-08 00:00:00+09:00,857.3565725794618,862.3536550174771,852.3594901414467,855.2149658203125,26000,0.0,0.0
2006-05-09 00:00:00+09:00,853.073283197866,861.6397094726562,853.073283197866,861.6397094726562,42000,0.0,0.0
2006-05-10 00:00:00+09:00,849.5040370764108,860.9259400959255,832.3711825471387,845.9346923828125,47000,0.0,0.0
2006-05-11 00:00:00+09:00,845.9345979176121,863.067450533665,845.9345979176121,860.2119750976562,38000,0.0,0.0
2006-05-12 00:00:00+09:00,860.9259985495538,860.9259985495538,839.5099289338932,847.3624877929688,42000,0.0,0.0
2006-05-15 00:00:00+09:00,847.3623539143472,852.3594360351562,835.9404519239263,852.3594360351562,29000,0.0,0.0
2006-05-16 00:00:00+09:00,824.5186749626608,858.0705171472887,824.5186749626608,849.5040893554688,27000,0.0,0.0
2006-05-17 00:00:00+09:00,828.0880663894706,836.654494662465,815.2384239799787,830.9435424804688,31000,0.0,0.0
2006-05-18 00:00:00+09:00,812.3828472304424,860.2120658283683,793.1083860044125,848.0762939453125,25000,0.0,0.0
2006-05-19 00:00:00+09:00,855.9288575248878,855.9288575248878,839.5098719343354,845.9346923828125,40000,0.0,0.0
2006-05-22 00:00:00+09:00,845.9346315070169,845.9346315070169,819.5214826751522,820.2353515625,18000,0.0,0.0
2006-05-23 00:00:00+09:00,806.6719246256806,815.2383521438294,786.68359375,786.68359375,29000,0.0,0.0
2006-05-24 00:00:00+09:00,785.2558739020176,810.9551570479018,785.2558739020176,803.8164672851562,12000,0.0,0.0
2006-05-25 00:00:00+09:00,804.5300934787326,806.6716997612847,800.9607496744791,803.1023559570312,13000,0.0,0.0
2006-05-26 00:00:00+09:00,845.9348146120708,845.9348146120708,815.2384458118015,822.3771362304688,31000,0.0,0.0
2006-05-29 00:00:00+09:00,836.6542603699627,837.368129192804,825.9462280273436,825.9462280273438,18000,0.0,0.0
2006-05-30 00:00:00+09:00,822.3767715573414,826.6599839092025,821.6629028320312,821.6629028320312,11000,0.0,0.0
2006-05-31 00:00:00+09:00,820.9492136681482,823.0908203125,804.5302293947854,823.0908203125,28000,0.0,0.0
2006-06-01 00:00:00+09:00,849.5039178069527,849.5039178069527,840.9374917450339,844.5068359375,23000,0.0,0.0
2006-06-02 00:00:00+09:00,853.0732815470917,862.3535766601562,828.8017404821535,862.3535766601562,64000,0.0,0.0
2006-06-05 00:00:00+09:00,856.642662936077,856.642662936077,830.9433830479948,846.6484985351562,18000,0.0,0.0
2006-06-06 00:00:00+09:00,818.0937347808442,827.3740302015693,816.6659970238096,824.5185546875,42000,0.0,0.0
2006-06-07 00:00:00+09:00,836.6541570916877,841.6512382347267,813.8103575806518,816.6658325195312,23000,0.0,0.0
2006-06-08 00:00:00+09:00,825.232317395606,838.0819555557451,817.3797607421875,817.3797607421875,48000,0.0,0.0
2006-06-09 00:00:00+09:00,807.3855812666986,807.3855812666986,783.1140430146494,797.3914184570312,130000,0.0,0.0
2006-06-12 00:00:00+09:00,797.3915171062492,807.3856811523438,784.5418776184135,807.3856811523438,23000,0.0,0.0
2006-06-13 00:00:00+09:00,793.1083133581913,808.813428474195,776.6893293732782,777.4031982421875,41000,0.0,0.0
2006-06-14 00:00:00+09:00,748.8485717773438,773.1201174784206,743.8514888388867,748.8485717773438,32000,0.0,0.0
2006-06-15 00:00:00+09:00,763.1257388405957,763.1257388405957,753.1315757500734,760.270263671875,37000,0.0,0.0
2006-06-16 00:00:00+09:00,788.8250026479699,799.5330343581234,776.6892333764627,793.1082153320312,63000,0.0,0.0
2006-06-19 00:00:00+09:00,793.1084251682254,793.8222941377737,779.5449147468065,782.400390625,11000,0.0,0.0
2006-06-20 00:00:00+09:00,796.6775342155905,802.388484281652,770.9782589183134,776.689208984375,106000,0.0,0.0
2006-06-21 00:00:00+09:00,770.2644752296242,770.2644752296242,760.2703115102407,765.9812622070312,28000,0.0,0.0
2006-06-22 00:00:00+09:00,765.9814586969155,784.5420532226562,765.9814586969155,784.5420532226562,46000,0.0,0.0
2006-06-23 00:00:00+09:00,795.2498042740712,800.9607543945312,780.2585602078634,800.9607543945312,30000,0.0,0.0
2006-06-26 00:00:00+09:00,803.1025614651162,835.2266639237209,803.1025614651162,818.8076782226562,30000,0.0,0.0
2006-06-27 00:00:00+09:00,805.2440949675325,824.5185546875,792.3944551542209,824.5185546875,30000,0.0,0.0
2006-06-28 00:00:00+09:00,810.241200666904,824.5185786522239,806.6718561705741,814.5244140625,25000,0.0,0.0
2006-06-29 00:00:00+09:00,820.949070006226,838.7957889194048,820.949070006226,833.0848388671875,69000,0.0,0.0
2006-06-30 00:00:00+09:00,847.3624128652915,855.9288399540729,844.5069371690311,853.0733642578125,19000,0.0,0.0
2006-07-03 00:00:00+09:00,840.2237744601267,844.5069882636618,832.3712158203125,832.3712158203125,32000,0.0,0.0
2006-07-04 00:00:00+09:00,840.223448204468,840.9373168945314,833.0847613038353,840.9373168945312,20000,0.0,0.0
2006-07-05 00:00:00+09:00,835.2266916893358,838.796036525615,828.8018709840333,832.3712158203125,11000,0.0,0.0
2006-07-06 00:00:00+09:00,831.6573192060981,832.3711881496228,808.099644069788,818.8076782226562,17000,0.0,0.0
2006-07-07 00:00:00+09:00,818.8075144763559,818.8075144763559,806.6717448633673,810.2410888671875,15000,0.0,0.0
2006-07-10 00:00:00+09:00,788.1112670898438,788.8251359911932,782.4003158790478,788.1112670898438,29000,0.0,0.0
2006-07-11 00:00:00+09:00,788.1112432850047,788.1112432850047,765.2674391318161,772.4061279296875,30000,0.0,0.0
2006-07-12 00:00:00+09:00,782.40025364112,795.9637616878182,780.2586471074308,788.8250732421875,26000,0.0,0.0
2006-07-13 00:00:00+09:00,774.5478678990474,775.2617369017194,765.9814398669843,768.123046875,39000,0.0,0.0
2006-07-14 00:00:00+09:00,779.544927197497,779.544927197497,753.1317749023438,753.1317749023438,46000,0.0,0.0
2006-07-17 00:00:00+09:00,753.1317749023438,753.1317749023438,753.1317749023438,753.1317749023438,0,0.0,0.0
2006-07-18 00:00:00+09:00,749.5624317842371,749.5624317842371,697.4499960506664,728.1463623046875,37000,0.0,0.0
2006-07-19 00:00:00+09:00,727.4323483756936,727.4323483756936,708.157889684679,711.7272338867188,53000,0.0,0.0
2006-07-20 00:00:00+09:00,747.4206608509857,747.4206608509857,733.143284330432,744.565185546875,67000,0.0,0.0
2006-07-21 00:00:00+09:00,733.1433647148361,738.8543159492262,728.1462823847447,735.9988403320312,15000,0.0,0.0
2006-07-24 00:00:00+09:00,709.5856712970146,720.2937045660842,709.5856712970146,718.865966796875,28000,0.0,0.0
2006-07-25 00:00:00+09:00,718.1521449497768,726.7185721261161,718.1521449497768,724.5769653320312,22000,0.0,0.0
2006-07-26 00:00:00+09:00,719.5798985384567,725.2908501141588,718.1521606445312,718.1521606445312,20000,0.0,0.0
2006-07-27 00:00:00+09:00,719.5799518453663,756.7011398373892,719.5799518453663,745.2792358398438,40000,0.0,0.0
2006-07-28 00:00:00+09:00,758.1286572953345,772.4060331389378,758.1286572953345,760.270263671875,27000,0.0,0.0
2006-07-31 00:00:00+09:00,772.406098531757,772.406098531757,749.5622952480082,758.8425903320312,18000,0.0,0.0
2006-08-01 00:00:00+09:00,751.7038838477108,766.6951293945312,751.7038838477108,766.6951293945312,8000,0.0,0.0
2006-08-02 00:00:00+09:00,766.6951917505564,804.5302431125485,766.6951917505564,791.6806030273438,53000,0.0,0.0
2006-08-03 00:00:00+09:00,800.2470227167645,823.0908271118907,800.2470227167645,820.2353515625,179000,0.0,0.0
2006-08-04 00:00:00+09:00,801.6747107617894,801.6747107617894,778.1170389406504,789.5389404296875,28000,0.0,0.0
2006-08-07 00:00:00+09:00,777.4031503061582,800.246952702666,771.6921997070311,771.6921997070312,39000,0.0,0.0
2006-08-08 00:00:00+09:00,780.9726526859033,783.8281285640967,780.9726526859033,782.400390625,6000,0.0,0.0
2006-08-09 00:00:00+09:00,785.9695590807338,805.9578857421875,783.8279526527209,805.9578857421875,25000,0.0,0.0
2006-08-10 00:00:00+09:00,805.9578841217851,813.0965722008089,805.9578841217851,806.6717529296875,26000,0.0,0.0
2006-08-11 00:00:00+09:00,810.9551427124669,826.6602599128844,806.6719289305348,809.5274047851562,22000,0.0,0.0
2006-08-14 00:00:00+09:00,786.683418441974,810.2410888671874,786.683418441974,810.2410888671875,17000,0.0,0.0
2006-08-15 00:00:00+09:00,796.6777634393601,810.9551427124669,796.6777634393601,809.5274047851562,22000,0.0,0.0
2006-08-16 00:00:00+09:00,823.8045090079618,835.2264086129248,820.2351653814109,821.6629028320312,18000,0.0,0.0
2006-08-17 00:00:00+09:00,820.9494590759277,828.0881500244141,799.5333862304688,799.5333862304688,35000,0.0,0.0
2006-08-18 00:00:00+09:00,820.2353515625,820.2353515625,806.6718427028937,820.2353515625,39000,0.0,0.0
2006-08-21 00:00:00+09:00,823.0909832302237,835.226756616966,823.0909832302237,830.9435424804688,24000,0.0,0.0
2006-08-22 00:00:00+09:00,832.3711496162252,836.6543630790874,828.087936153363,834.5127563476562,14000,0.0,0.0
2006-08-23 00:00:00+09:00,832.371047432915,832.371047432915,818.8075397989311,825.9462280273438,21000,0.0,0.0
2006-08-24 00:00:00+09:00,813.8105835288203,813.8105835288203,792.3945155412198,798.8193359375,36000,0.0,0.0
2006-08-25 00:00:00+09:00,798.8192353895301,802.3885796048542,789.5389404296875,789.5389404296875,30000,0.0,0.0
2006-08-28 00:00:00+09:00,789.5390274789112,789.5390274789112,775.2616490434879,778.8309936523438,17000,0.0,0.0
2006-08-29 00:00:00+09:00,780.2587314958861,780.2587314958861,776.6893868870302,778.8309936523438,15000,0.0,0.0
2006-08-30 00:00:00+09:00,780.2587819408045,805.9580647860643,778.1171750370328,783.1142578125,30000,0.0,0.0
2006-08-31 00:00:00+09:00,785.2557208086993,798.105359876478,785.2557208086993,792.3944091796875,22000,0.0,0.0
2006-09-01 00:00:00+09:00,800.2470755534437,803.8164202258497,798.10546875,798.10546875,9000,0.0,0.0
2006-09-04 00:00:00+09:00,800.24707380334,805.9580252667001,798.8193359375,798.8193359375,11000,0.0,0.0
2006-09-05 00:00:00+09:00,795.9638567336642,800.960939242306,795.9638567336642,800.2470703125,10000,0.0,0.0
2006-09-06 00:00:00+09:00,808.8136004660239,814.5245526317151,808.0997314453125,808.0997314453125,49000,0.0,0.0
2006-09-07 00:00:00+09:00,813.8105799788136,813.8105799788136,800.2470703125,800.2470703125,19000,0.0,0.0
2006-09-08 00:00:00+09:00,798.81925482712,809.5272877336497,798.81925482712,807.3856811523438,215000,0.0,0.0
2006-09-11 00:00:00+09:00,807.3856695138297,821.6630465167268,807.3856695138297,812.3827514648438,34000,0.0,0.0
2006-09-12 00:00:00+09:00,818.09375,826.6601767015707,816.666012216405,818.09375,27000,0.0,0.0
2006-09-13 00:00:00+09:00,828.8017049611234,832.371049082403,825.2323608398438,825.2323608398438,20000,0.0,0.0
2006-09-14 00:00:00+09:00,820.9491577148438,820.9491577148438,806.6717810589333,820.9491577148438,27000,0.0,0.0
2006-09-15 00:00:00+09:00,817.3797607421875,820.9491046755595,813.8104168088155,817.3797607421875,27000,0.0,0.0
2006-09-18 00:00:00+09:00,817.3797607421875,817.3797607421875,817.3797607421875,817.3797607421875,0,0.0,0.0
2006-09-19 00:00:00+09:00,817.3798811082024,831.6572589441536,815.2382744328098,818.09375,34000,0.0,0.0
2006-09-20 00:00:00+09:00,820.9492341558939,820.9492341558939,814.5244140625,814.5244140625,32000,0.0,0.0
2006-09-21 00:00:00+09:00,828.0879024826539,828.0879024826539,821.6630825495988,823.0908203125,16000,0.0,0.0
2006-09-22 00:00:00+09:00,820.9490449278505,821.6629136625704,815.9519637848114,816.6658325195312,40000,0.0,0.0
2006-09-25 00:00:00+09:00,842.365240614373,873.0616010774391,842.365240614373,865.9229125976562,70000,0.0,0.0
2006-09-26 00:00:00+09:00,851.9276252607406,871.3059284469579,851.9276252607406,865.564208984375,43000,6.5,0.0
2006-09-27 00:00:00+09:00,865.564208984375,865.564208984375,859.1047745889691,865.564208984375,32000,0.0,0.0
2006-09-28 00:00:00+09:00,857.6692695743574,869.8704223632814,856.233839834484,869.8704223632812,5000,0.0,0.0
2006-09-29 00:00:00+09:00,872.0235111375569,889.966381737095,872.0235111375569,886.3778076171875,41000,0.0,0.0
2006-10-02 00:00:00+09:00,886.3778760835722,891.4018802395115,884.2247314453125,884.2247314453125,40000,0.0,0.0
2006-10-03 00:00:00+09:00,884.2245383522728,884.2245383522728,866.2816702850595,868.434814453125,36000,0.0,0.0
2006-10-04 00:00:00+09:00,870.5882160614141,870.5882160614141,860.5402069724942,864.8464965820312,66000,0.0,0.0
2006-10-05 00:00:00+09:00,876.3300704405417,896.4260917119055,876.3300704405417,894.9906616210938,61000,0.0,0.0
2006-10-06 00:00:00+09:00,894.9902976653862,918.6748845322327,894.9902976653862,912.9331665039062,72000,0.0,0.0
2006-10-09 00:00:00+09:00,912.9331665039062,912.9331665039062,912.9331665039062,912.9331665039062,0,0.0,0.0
2006-10-10 00:00:00+09:00,898.5791068290158,938.0534286146355,898.5791068290158,931.593994140625,47000,0.0,0.0
2006-10-11 00:00:00+09:00,918.6752205590801,925.1346557036361,883.5071847720528,905.0386352539062,57000,0.0,0.0
2006-10-12 00:00:00+09:00,905.0383066935711,905.0383066935711,893.5548706054688,893.5548706054688,21000,0.0,0.0
2006-10-13 00:00:00+09:00,914.3688503833528,950.2545980436099,914.3688503833528,944.5128784179688,119000,0.0,0.0
2006-10-16 00:00:00+09:00,968.1973612238852,983.2693735186973,950.9722043155284,958.1493530273438,39000,0.0,0.0
2006-10-17 00:00:00+09:00,940.2066913311298,940.2066913311298,930.8763959209736,933.029541015625,40000,0.0,0.0
2006-10-18 00:00:00+09:00,929.4408216833432,946.6659797685943,929.4408216833432,939.4888305664062,26000,0.0,0.0
2006-10-19 00:00:00+09:00,955.2786618220417,955.2786618220417,937.3357868817329,945.2306518554688,43000,0.0,0.0
2006-10-20 00:00:00+09:00,947.3837916538334,955.278656584282,946.6660766601562,946.6660766601562,31000,0.0,0.0
2006-10-23 00:00:00+09:00,945.2302728402693,971.7857171038153,930.875978643758,968.1971435546875,52000,0.0,0.0
2006-10-24 00:00:00+09:00,971.7856215232331,971.7856215232331,958.1490433777815,959.58447265625,62000,0.0,0.0
2006-10-25 00:00:00+09:00,959.5848924352767,959.5848924352767,940.206588698738,944.5128784179688,61000,0.0,0.0
2006-10-26 00:00:00+09:00,938.0534438391225,944.5128784179688,929.4408644006608,944.5128784179688,34000,0.0,0.0
2006-10-27 00:00:00+09:00,948.1012104919201,948.8189252614068,928.0051969462927,943.794921875,37000,0.0,0.0
2006-10-30 00:00:00+09:00,933.0292820092944,933.0292820092944,906.4738332136453,919.3927001953125,78000,0.0,0.0
2006-10-31 00:00:00+09:00,925.8521459693071,925.8521459693071,908.626989765227,915.8041381835938,37000,0.0,0.0
2006-11-01 00:00:00+09:00,958.8668031238374,971.7856672377814,957.4313737778436,964.6085205078125,160000,0.0,0.0
2006-11-02 00:00:00+09:00,950.254651628542,955.9963715779592,930.1586318055819,946.6660766601562,89000,0.0,0.0
2006-11-03 00:00:00+09:00,946.6660766601562,946.6660766601562,946.6660766601562,946.6660766601562,0,0.0,0.0
2006-11-06 00:00:00+09:00,929.4405986711091,929.4405986711091,904.3205824908089,915.0863037109375,83000,0.0,0.0
2006-11-07 00:00:00+09:00,920.1103232618094,931.5937594335636,920.1103232618094,928.722900390625,53000,0.0,0.0
2006-11-08 00:00:00+09:00,943.0772032485179,943.0772032485179,907.9091796875,907.9091796875,51000,0.0,0.0
2006-11-09 00:00:00+09:00,921.5458569182871,933.0292943876739,912.2155639744104,915.8041381835938,64000,0.0,0.0
2006-11-10 00:00:00+09:00,916.5218579159053,921.5458618355697,906.4738500765767,914.3687133789062,36000,0.0,0.0
2006-11-13 00:00:00+09:00,907.1915974539847,907.1915974539847,886.3778661832841,887.0955810546875,32000,0.0,0.0
2006-11-14 00:00:00+09:00,901.4499335813787,912.2156573104556,901.4499335813787,906.4739379882812,21000,0.0,0.0
2006-11-15 00:00:00+09:00,905.7561919214629,905.7561919214629,894.9904685626499,897.861328125,37000,0.0,0.0
2006-11-16 00:00:00+09:00,900.0146081719315,908.627188154438,891.402028189425,894.2728881835938,22000,0.0,0.0
2006-11-17 00:00:00+09:00,900.0144903544827,902.1676350682495,890.6841965948271,892.8373413085938,37000,0.0,0.0
2006-11-20 00:00:00+09:00,889.9668049125514,900.0148172260803,872.02392578125,872.02392578125,72000,0.0,0.0
2006-11-21 00:00:00+09:00,869.8705924291932,877.7654575419994,866.9997323881727,873.4591674804688,22000,0.0,0.0
2006-11-22 00:00:00+09:00,875.6120428159917,900.7320604377619,864.1286061888967,899.296630859375,26000,0.0,0.0
2006-11-23 00:00:00+09:00,899.296630859375,899.296630859375,899.296630859375,899.296630859375,0,0.0,0.0
2006-11-24 00:00:00+09:00,912.2156083390519,912.2156083390519,899.2967405576964,902.8853149414062,26000,0.0,0.0
2006-11-27 00:00:00+09:00,888.5310749905369,905.7562331486733,888.5310749905369,903.6030883789062,28000,0.0,0.0
2006-11-28 00:00:00+09:00,896.4257317971056,912.2154564564622,893.5548727681318,911.4977416992188,49000,0.0,0.0
2006-11-29 00:00:00+09:00,915.086665226863,933.029541015625,915.086665226863,933.029541015625,30000,0.0,0.0
2006-11-30 00:00:00+09:00,938.7712168769576,945.2306518554688,930.1586369056093,945.2306518554688,37000,0.0,0.0
2006-12-01 00:00:00+09:00,953.8426665567233,953.8426665567233,936.6175168220647,948.8186645507812,35000,0.0,0.0
2006-12-04 00:00:00+09:00,947.383738048041,964.6088969216418,940.206588517374,961.738037109375,39000,0.0,0.0
2006-12-05 00:00:00+09:00,961.738003434806,961.738003434806,933.7471212452856,936.6179809570312,18000,0.0,0.0
2006-12-06 00:00:00+09:00,935.9001657109026,968.9150488571461,935.9001657109026,966.044189453125,60000,0.0,0.0
2006-12-07 00:00:00+09:00,966.0444415015066,966.0444415015066,949.5369956214661,963.8912963867188,28000,0.0,0.0
2006-12-08 00:00:00+09:00,968.9150490425103,968.9150490425103,948.1013183593749,948.101318359375,232000,0.0,0.0
2006-12-11 00:00:00+09:00,948.1009499785038,948.8186645507812,942.3592334002842,948.8186645507812,44000,0.0,0.0
2006-12-12 00:00:00+09:00,920.1105137443843,920.1105137443843,907.1916453766785,908.6270751953125,100000,0.0,0.0
2006-12-13 00:00:00+09:00,909.3450263514117,922.2638980754255,905.0387357767405,910.7804565429688,64000,0.0,0.0
2006-12-14 00:00:00+09:00,920.8283081054688,925.8523129041736,920.8283081054688,920.8283081054688,21000,0.0,0.0
2006-12-15 00:00:00+09:00,932.3115647147858,932.3115647147858,920.1104125976562,920.1104125976562,34000,0.0,0.0
2006-12-18 00:00:00+09:00,932.3117346911697,932.3117346911697,924.4168701171875,924.4168701171875,23000,0.0,0.0
2006-12-19 00:00:00+09:00,926.5700857357597,927.2878007518215,905.0386352539062,905.0386352539062,50000,0.0,0.0
2006-12-20 00:00:00+09:00,933.747080288948,933.747080288948,922.2636419456558,930.876220703125,82000,0.0,0.0
2006-12-21 00:00:00+09:00,922.9812549623617,927.2875438657632,922.2635401451282,925.1343994140625,22000,0.0,0.0
2006-12-22 00:00:00+09:00,918.674717008514,928.7227217257946,918.674717008514,927.2872924804688,25000,0.0,0.0
2006-12-25 00:00:00+09:00,918.6750699266975,930.1585083007811,918.6750699266975,930.1585083007812,14000,0.0,0.0
2006-12-26 00:00:00+09:00,928.7232508263221,945.2306965519832,925.8523907001202,933.029541015625,48000,0.0,0.0
2006-12-27 00:00:00+09:00,933.0291771540006,933.0291771540006,928.0051738924021,932.3114624023438,19000,0.0,0.0
2006-12-28 00:00:00+09:00,932.3115475863981,932.3115475863981,919.3926808761939,925.1343994140625,28000,0.0,0.0
2006-12-29 00:00:00+09:00,928.7229710778524,930.1584007085756,923.6989673703216,925.8521118164062,13000,0.0,0.0
2007-01-04 00:00:00+09:00,928.7232692450032,934.4649896112783,916.5221134666685,928.0055541992188,38000,0.0,0.0
2007-01-05 00:00:00+09:00,933.7469037157675,941.6417660838486,928.722900390625,928.722900390625,63000,0.0,0.0
2007-01-09 00:00:00+09:00,929.4409168119048,948.8192216411877,929.4409168119048,946.6660766601562,47000,0.0,0.0
2007-01-10 00:00:00+09:00,946.6657694089911,947.3834841697258,928.722900390625,928.722900390625,45000,0.0,0.0
2007-01-11 00:00:00+09:00,938.7707746167454,953.1250678066039,938.7707746167454,950.971923828125,33000,0.0,0.0
2007-01-12 00:00:00+09:00,958.1494241509556,966.0442883199896,955.278564453125,955.278564453125,51000,0.0,0.0
2007-01-15 00:00:00+09:00,965.326573395532,976.0922972623966,952.4077047552944,955.278564453125,40000,0.0,0.0
2007-01-16 00:00:00+09:00,955.2785511482052,955.2785511482052,938.7711081155917,941.6419677734375,27000,0.0,0.0
2007-01-17 00:00:00+09:00,927.2875609018502,928.7229905626889,916.5218384455593,920.1104125976562,98000,0.0,0.0
2007-01-18 00:00:00+09:00,917.9572705306828,930.1584226800351,917.9572705306828,919.3927001953125,37000,0.0,0.0
2007-01-19 00:00:00+09:00,920.8281105106611,930.1584031346973,920.8281105106611,925.1343994140625,43000,0.0,0.0
2007-01-22 00:00:00+09:00,933.0292334472282,937.3355222169846,925.1343707026747,933.7469482421875,42000,0.0,0.0
2007-01-23 00:00:00+09:00,930.1585466056035,938.0534108129041,930.1585466056035,936.6179809570312,35000,0.0,0.0
2007-01-24 00:00:00+09:00,953.843017578125,954.5607324145269,947.3835840505079,953.843017578125,29000,0.0,0.0
2007-01-25 00:00:00+09:00,943.077151354789,965.3263078936005,943.077151354789,961.02001953125,39000,0.0,0.0
2007-01-26 00:00:00+09:00,963.891044900109,973.2213379631779,963.891044900109,966.044189453125,34000,0.0,0.0
2007-01-29 00:00:00+09:00,980.3983435581495,982.5514877972962,971.7857666015625,971.7857666015625,56000,0.0,0.0
2007-01-30 00:00:00+09:00,976.0922093761438,998.3413700310412,971.0682053572959,980.3984985351562,88000,0.0,0.0
2007-01-31 00:00:00+09:00,976.0922615590149,976.0922615590149,955.2785295110652,965.3265380859375,69000,0.0,0.0
2007-02-01 00:00:00+09:00,976.092180137888,985.4224730362649,966.0441724011745,971.0681762695312,64000,0.0,0.0
2007-02-02 00:00:00+09:00,975.3744266083678,990.4464376155611,972.5035673689024,982.5515747070312,35000,0.0,0.0
2007-02-05 00:00:00+09:00,996.9060722233527,996.9060722233527,973.2214787148065,978.2454833984375,42000,0.0,0.0
2007-02-06 00:00:00+09:00,976.8100433237986,983.2694778498194,969.6328938504423,981.1163330078125,29000,0.0,0.0
2007-02-07 00:00:00+09:00,986.8583932573945,990.446969232876,972.5040893554688,972.5040893554688,28000,0.0,0.0
2007-02-08 00:00:00+09:00,968.9151429092624,968.9151429092624,954.5608444957919,956.7139892578125,44000,0.0,0.0
2007-02-09 00:00:00+09:00,961.738037109375,968.915186640042,951.6900277664412,961.738037109375,74000,0.0,0.0
2007-02-13 00:00:00+09:00,953.1249962497599,953.1249962497599,933.0289872926867,934.4644165039062,113000,0.0,0.0
2007-02-14 00:00:00+09:00,933.0292104283195,933.0292104283195,922.2634887695312,922.2634887695312,51000,0.0,0.0
2007-02-15 00:00:00+09:00,936.6181056484854,936.6181056484854,925.852380296204,935.900390625,29000,0.0,0.0
2007-02-16 00:00:00+09:00,940.2063246705699,940.2063246705699,928.0051738924021,932.3114624023438,48000,0.0,0.0
2007-02-19 00:00:00+09:00,933.0294063173492,940.9242705246498,933.0294063173492,936.6179809570312,38000,0.0,0.0
2007-02-20 00:00:00+09:00,945.9481291138358,945.9481291138358,922.9812549623617,925.1343994140625,59000,0.0,0.0
2007-02-21 00:00:00+09:00,928.0054194328414,932.3117090821818,924.4168447250578,931.593994140625,40000,0.0,0.0
2007-02-22 00:00:00+09:00,941.6416509719122,964.6085205078125,933.0290748959496,964.6085205078125,118000,0.0,0.0
2007-02-23 00:00:00+09:00,961.7379025647241,983.2693481445312,941.6418866902372,983.2693481445312,62000,0.0,0.0
2007-02-26 00:00:00+09:00,985.422470745615,991.88190427563,976.0921778689267,989.728759765625,102000,0.0,0.0
2007-02-27 00:00:00+09:00,985.4223539294534,985.4223539294534,965.3263408850071,969.6326293945312,51000,0.0,0.0
2007-02-28 00:00:00+09:00,912.2155303245368,948.8189859079761,905.7560969862827,925.8521118164062,102000,0.0,0.0
2007-03-01 00:00:00+09:00,940.2063533661435,940.2063533661435,922.2634840270949,923.6989135742188,72000,0.0,0.0
2007-03-02 00:00:00+09:00,922.2634675440133,933.0291889550329,918.67489374034,928.722900390625,37000,0.0,0.0
2007-03-05 00:00:00+09:00,918.6751913265306,918.6751913265306,879.2008666992188,879.2008666992188,36000,0.0,0.0
2007-03-06 00:00:00+09:00,872.7412259615385,897.1435299769104,872.0235111375569,886.3778076171875,41000,0.0,0.0
2007-03-07 00:00:00+09:00,900.731976974109,909.3445536463714,868.434814453125,868.434814453125,61000,0.0,0.0
2007-03-08 00:00:00+09:00,866.9992996607072,895.7078857421875,866.9992996607072,895.7078857421875,31000,0.0,0.0
2007-03-09 00:00:00+09:00,897.861294161889,904.3207279328377,875.6121333952874,889.9664306640625,202000,0.0,0.0
2007-03-12 00:00:00+09:00,902.8853348632813,909.3447688964844,892.1196114746094,897.1436157226562,15000,0.0,0.0
2007-03-13 00:00:00+09:00,915.0862781293284,932.3114315999982,905.755986666049,922.9811401367188,66000,0.0,0.0
2007-03-14 00:00:00+09:00,922.9813340216662,922.9813340216662,902.1676025390625,902.1676025390625,26000,0.0,0.0
2007-03-15 00:00:00+09:00,905.7561576597153,905.7561576597153,889.9664306640625,889.9664306640625,44000,0.0,0.0
2007-03-16 00:00:00+09:00,883.5070074004244,883.5070074004244,869.1527099609375,869.1527099609375,53000,0.0,0.0
2007-03-19 00:00:00+09:00,868.4348311397097,887.8131290246454,865.5639721937932,882.0714111328125,29000,0.0,0.0
2007-03-20 00:00:00+09:00,892.1195116557967,892.1195116557967,876.3297857857825,890.68408203125,42000,0.0,0.0
2007-03-22 00:00:00+09:00,887.8134531967139,904.3208981631848,887.8134531967139,894.2728881835938,18000,0.0,0.0
2007-03-23 00:00:00+09:00,903.6031318209981,903.6031318209981,889.9665476235407,891.4019775390625,22000,0.0,0.0
2007-03-26 00:00:00+09:00,904.3207671606035,904.3207671606035,887.0956096908777,896.4259033203125,16000,0.0,0.0
2007-03-27 00:00:00+09:00,881.6118732063138,894.6192614995217,877.2760771085779,885.2250366210938,47000,8.5,0.0
2007-03-28 00:00:00+09:00,888.1155589238834,901.1229470936393,881.6118648390055,892.4513549804688,31000,0.0,0.0
2007-03-29 00:00:00+09:00,872.2175726348526,881.6117966980282,867.8817769133868,877.2760009765625,15000,0.0,0.0
2007-03-30 00:00:00+09:00,883.779772436484,900.4003241666877,883.779772436484,894.6192626953125,24000,0.0,0.0
2007-04-02 00:00:00+09:00,895.3418873631678,898.9550507504283,870.0497436523438,870.0497436523438,52000,0.0,0.0
2007-04-03 00:00:00+09:00,873.6629326802555,891.0061174481017,873.6629326802555,889.5608520507812,28000,0.0,0.0
2007-04-04 00:00:00+09:00,904.7362948242961,911.2399902343749,904.7362948242961,911.239990234375,27000,0.0,0.0
2007-04-05 00:00:00+09:00,896.7871661484719,906.1813910960385,894.6192680836489,900.4003295898438,17000,0.0,0.0
2007-04-06 00:00:00+09:00,909.794514121557,924.9697999011858,909.794514121557,914.1303100585938,30000,0.0,0.0
2007-04-09 00:00:00+09:00,911.240105147151,914.8532697195029,899.6779785156249,899.677978515625,26000,0.0,0.0
2007-04-10 00:00:00+09:00,896.7872174509283,899.6777483693842,895.3419519917004,898.2324829101562,10000,0.0,0.0
2007-04-11 00:00:00+09:00,898.2323431640625,904.0134041015625,895.3418126953126,903.290771484375,17000,0.0,0.0
2007-04-12 00:00:00+09:00,885.2248800676422,895.3417358398438,880.1664521815413,895.3417358398438,23000,0.0,0.0
2007-04-13 00:00:00+09:00,898.9551577100567,898.9551577100567,884.5025024414062,884.5025024414062,43000,0.0,0.0
2007-04-16 00:00:00+09:00,898.955058798844,911.2398144255162,894.6192626953125,894.6192626953125,27000,0.0,0.0
2007-04-17 00:00:00+09:00,904.0134777980295,906.9040085024196,888.1155589238834,892.4513549804688,31000,0.0,0.0
2007-04-18 00:00:00+09:00,902.5682287723702,913.4077191099086,902.5682287723702,909.7945556640625,23000,0.0,0.0
2007-04-19 00:00:00+09:00,896.0645183609565,905.4587431502246,887.3929262477859,892.4513549804688,28000,0.0,0.0
2007-04-20 00:00:00+09:00,911.9625572939809,925.6925799473768,909.7946589802867,914.8530883789062,61000,0.0,0.0
2007-04-23 00:00:00+09:00,914.8529254381547,915.5755580806808,894.6192114474214,896.787109375,30000,0.0,0.0
2007-04-24 00:00:00+09:00,900.4001637259446,900.4001637259446,893.173838174372,895.3417358398438,20000,0.0,0.0
2007-04-25 00:00:00+09:00,895.341984329411,895.341984329411,877.2761654365657,882.3345947265625,21000,0.0,0.0
2007-04-26 00:00:00+09:00,884.5022980032616,893.1738891601564,884.5022980032616,893.1738891601562,32000,0.0,0.0
2007-04-27 00:00:00+09:00,894.6192626953125,900.4003241666877,889.5608339078592,894.6192626953125,30000,0.0,0.0
2007-05-01 00:00:00+09:00,898.2325153522663,898.2325153522663,882.3345947265625,882.3345947265625,22000,0.0,0.0
2007-05-02 00:00:00+09:00,886.6703212561401,893.8966482427428,883.0571577628389,889.5608520507812,22000,0.0,0.0
2007-05-07 00:00:00+09:00,899.6776399451047,899.6776399451047,895.3418440899476,896.787109375,22000,0.0,0.0
2007-05-08 00:00:00+09:00,896.787109375,901.8455378726833,896.0644767324737,896.787109375,5000,0.0,0.0
2007-05-09 00:00:00+09:00,900.4006114300953,900.4006114300953,898.2327126866842,899.677978515625,12000,0.0,0.0
2007-05-10 00:00:00+09:00,920.634003964149,920.634003964149,914.1303100585938,914.1303100585938,18000,0.0,0.0
2007-05-11 00:00:00+09:00,904.0135968104358,914.8530883789064,904.0135968104358,914.8530883789062,12000,0.0,0.0
2007-05-14 00:00:00+09:00,909.0718952580661,912.68505859375,909.0718952580661,912.68505859375,24000,0.0,0.0
2007-05-15 00:00:00+09:00,912.685124044009,912.685124044009,908.3493277302607,909.0719604492188,24000,0.0,0.0
2007-05-16 00:00:00+09:00,903.2908603429411,903.2908603429411,900.4003295898438,900.4003295898438,14000,0.0,0.0
2007-05-17 00:00:00+09:00,908.3491008950651,908.3491008950651,904.0133056640625,904.0133056640625,32000,0.0,0.0
2007-05-18 00:00:00+09:00,904.0137849954459,904.0137849954459,901.8458862304688,901.8458862304688,52000,0.0,0.0
2007-05-21 00:00:00+09:00,906.9038595863806,911.962287488456,903.2906967991838,904.7359619140625,34000,0.0,0.0
2007-05-22 00:00:00+09:00,906.9041233716354,933.641535773827,906.9041233716354,927.8604736328125,33000,0.0,0.0
2007-05-23 00:00:00+09:00,932.1960238267749,953.8750011250719,932.1960238267749,940.8676147460938,47000,0.0,0.0
2007-05-24 00:00:00+09:00,947.3715070040282,950.9846706463014,947.3715070040282,948.8167724609375,17000,0.0,0.0
2007-05-25 00:00:00+09:00,944.4808723952103,945.9261376934431,943.0356070969774,943.7582397460938,28000,0.0,0.0
2007-05-28 00:00:00+09:00,941.5905995749257,942.313232421875,941.5905995749257,942.313232421875,12000,0.0,0.0
2007-05-29 00:00:00+09:00,950.261769643644,950.261769643644,948.0938720703125,948.0938720703125,31000,0.0,0.0
2007-05-30 00:00:00+09:00,947.3716715525924,949.5395701144977,943.0358744287819,944.4811401367188,19000,0.0,0.0
2007-05-31 00:00:00+09:00,959.6560867515461,964.7145149196642,957.4881889652098,963.9918823242188,51000,0.0,0.0
2007-06-01 00:00:00+09:00,978.4444580078125,985.670783399303,975.5539278512164,978.4444580078125,68000,0.0,0.0
2007-06-04 00:00:00+09:00,958.9335841152963,963.2693802755764,956.0430533417762,956.7656860351562,20000,0.0,0.0
2007-06-05 00:00:00+09:00,946.6487760268027,949.539306640625,943.7582454129804,949.539306640625,31000,0.0,0.0
2007-06-06 00:00:00+09:00,932.1960823289918,933.6413475729127,928.5829192191895,931.4734497070312,22000,0.0,0.0
2007-06-07 00:00:00+09:00,945.925974496981,948.0938720703125,940.8675468258741,948.0938720703125,28000,0.0,0.0
2007-06-08 00:00:00+09:00,949.539326060902,957.4882854114879,949.539326060902,953.8751220703125,263000,0.0,0.0
2007-06-11 00:00:00+09:00,953.8751220703125,953.8751220703125,953.8751220703125,953.8751220703125,20000,0.0,0.0
2007-06-12 00:00:00+09:00,952.4298095703124,952.4298095703124,952.4298095703124,952.4298095703125,11000,0.0,0.0
2007-06-13 00:00:00+09:00,903.2906896527709,911.9622802734375,903.2906896527709,911.9622802734375,100000,0.0,0.0
2007-06-14 00:00:00+09:00,911.9625384618365,913.4078039744544,908.349374680292,910.5172729492188,10000,0.0,0.0
2007-06-15 00:00:00+09:00,921.3566284179688,921.3566284179688,921.3566284179688,921.3566284179688,11000,0.0,0.0
2007-06-18 00:00:00+09:00,937.9771118164062,942.3129074026145,937.9771118164062,937.9771118164062,35000,0.0,0.0
2007-06-19 00:00:00+09:00,924.2471785176833,926.4150765126426,924.2471785176833,925.6924438476562,13000,0.0,0.0
2007-06-20 00:00:00+09:00,914.1301851607741,914.1301851607741,904.7359619140625,904.7359619140625,133000,0.0,0.0
2007-06-21 00:00:00+09:00,896.7871790373838,896.7871790373838,887.3929539548004,889.5608520507812,75000,0.0,0.0
2007-06-22 00:00:00+09:00,841.1444987811701,849.0934588211983,841.1444987811701,847.648193359375,320000,0.0,0.0
2007-06-25 00:00:00+09:00,839.6993450979901,851.2614703316974,838.2540794437767,845.4804077148438,146000,0.0,0.0
2007-06-26 00:00:00+09:00,851.9839808253646,859.2103080588282,850.5387153786718,854.87451171875,70000,0.0,0.0
2007-06-27 00:00:00+09:00,849.0933227539062,850.5385879841257,847.6480575236868,849.0933227539062,59000,0.0,0.0
2007-06-28 00:00:00+09:00,862.8234241043078,862.8234241043078,852.7065665352457,853.42919921875,29000,0.0,0.0
2007-06-29 00:00:00+09:00,859.9329458856463,860.6555786132812,852.7066186092962,860.6555786132812,29000,0.0,0.0
2007-07-02 00:00:00+09:00,864.2688791132255,867.159410481497,855.5972850084105,859.21044921875,27000,0.0,0.0
2007-07-03 00:00:00+09:00,859.9327428632648,859.9327428632648,854.1516824070411,856.319580078125,33000,0.0,0.0
2007-07-04 00:00:00+09:00,855.5971145564168,855.5971145564168,836.8086644056847,838.9765625,131000,0.0,0.0
2007-07-05 00:00:00+09:00,842.5897876018154,852.7066461150447,842.5897876018154,848.370849609375,45000,0.0,0.0
2007-07-06 00:00:00+09:00,852.706641894859,864.991398600124,844.0350489264367,861.3782348632812,107000,0.0,0.0
2007-07-09 00:00:00+09:00,865.7139475876311,870.0497436523438,854.8744574258494,870.0497436523438,54000,0.0,0.0
2007-07-10 00:00:00+09:00,870.7725312694018,874.3856952995653,869.3272656573365,872.9404296875,50000,0.0,0.0
2007-07-11 00:00:00+09:00,860.6555735055209,864.9913698455991,854.1518789954036,854.87451171875,70000,0.0,0.0
2007-07-12 00:00:00+09:00,859.2101525677136,874.3854370117188,859.2101525677136,874.3854370117188,51000,0.0,0.0
2007-07-13 00:00:00+09:00,874.385509397622,888.1155297931217,873.6628767452272,885.9476318359375,85000,0.0,0.0
2007-07-17 00:00:00+09:00,898.9551156397702,903.2909120174539,895.3419519917004,898.2324829101562,68000,0.0,0.0
2007-07-18 00:00:00+09:00,887.3928022868505,896.7870257638285,878.7212113850246,883.0570068359375,54000,0.0,0.0
2007-07-19 00:00:00+09:00,883.7796020507812,888.8380298630098,883.7796020507812,883.7796020507812,42000,0.0,0.0
2007-07-20 00:00:00+09:00,867.1594096102849,869.3273081343107,867.1594096102849,868.6046752929688,64000,0.0,0.0
2007-07-23 00:00:00+09:00,845.4800112192868,854.8742335661677,845.4800112192868,851.9837036132812,44000,0.0,0.0
2007-07-24 00:00:00+09:00,862.1009989335447,867.1594289356694,862.1009989335447,863.5462646484375,35000,0.0,0.0
2007-07-25 00:00:00+09:00,843.3124907188809,844.0351235301225,838.9766938514317,841.1445922851562,65000,0.0,0.0
2007-07-26 00:00:00+09:00,832.4728682170543,847.6481548772609,832.4728682170543,838.9765625,44000,0.0,0.0
2007-07-27 00:00:00+09:00,813.6842963373224,813.6842963373224,802.844807487358,807.1806030273438,48000,0.0,0.0
2007-07-30 00:00:00+09:00,792.7280992199642,815.8523464169002,792.7280992199642,813.6844482421875,40000,0.0,0.0
2007-07-31 00:00:00+09:00,794.8959364295541,804.2901611328125,791.2827730821471,804.2901611328125,52000,0.0,0.0
2007-08-01 00:00:00+09:00,773.9396257011812,788.3922797758997,755.8738081077829,762.3775024414062,66000,0.0,0.0
2007-08-02 00:00:00+09:00,773.9394967215402,778.9979248046875,758.7642124720982,778.9979248046875,71000,0.0,0.0
2007-08-03 00:00:00+09:00,782.6112017912023,786.224365234375,768.1585480185116,786.224365234375,39000,0.0,0.0
2007-08-06 00:00:00+09:00,779.7206339069853,787.669593103442,778.2753685985386,786.9469604492188,42000,0.0,0.0
2007-08-07 00:00:00+09:00,762.3772750738013,763.8225400502446,754.4283177033636,757.31884765625,49000,0.0,0.0
2007-08-08 00:00:00+09:00,757.3189933493207,772.4942785213968,755.8737280948374,758.0416259765625,31000,0.0,0.0
2007-08-09 00:00:00+09:00,745.0342822882258,786.946977121123,745.0342822882258,772.4943237304688,110000,0.0,0.0
2007-08-10 00:00:00+09:00,743.5890479321749,766.7132943207363,743.5890479321749,765.9906616210938,58000,0.0,0.0
2007-08-13 00:00:00+09:00,820.1880376439099,820.1880376439099,803.567487101346,808.6259155273438,53000,0.0,0.0
2007-08-14 00:00:00+09:00,801.39990234375,801.39990234375,801.39990234375,801.39990234375,13000,0.0,0.0
2007-08-15 00:00:00+09:00,773.9397775750411,773.9397775750411,760.9323863552926,768.88134765625,44000,0.0,0.0
2007-08-16 00:00:00+09:00,747.202029631723,760.9320475843369,741.4209694411488,756.5962524414062,60000,0.0,0.0
2007-08-17 00:00:00+09:00,737.8079528503113,747.9248101861627,721.187401512841,721.9100341796875,97000,0.0,0.0
2007-08-20 00:00:00+09:00,730.5815744000281,734.1947374781687,723.3552482437469,724.077880859375,58000,0.0,0.0
2007-08-21 00:00:00+09:00,728.4136215965347,733.4720495242883,721.9099285465655,729.85888671875,54000,0.0,0.0
2007-08-22 00:00:00+09:00,742.866596636646,744.3118623888574,736.3629007516948,737.8081665039062,35000,0.0,0.0
2007-08-23 00:00:00+09:00,760.9322842892085,773.217041015625,760.9322842892085,773.217041015625,39000,0.0,0.0
2007-08-24 00:00:00+09:00,758.7642904428335,764.5453517033503,746.4795352642353,751.5379638671875,19000,0.0,0.0
2007-08-27 00:00:00+09:00,748.6474609375,748.6474609375,747.9248282531973,748.6474609375,16000,0.0,0.0
2007-08-28 00:00:00+09:00,754.4284903932416,756.5963883541418,751.5379597787082,755.151123046875,15000,0.0,0.0
2007-08-29 00:00:00+09:00,737.085328448315,746.4795532226562,737.085328448315,746.4795532226562,29000,0.0,0.0
2007-08-30 00:00:00+09:00,740.698698008329,740.698698008329,729.8592048667437,737.8081665039062,15000,0.0,0.0
2007-08-31 00:00:00+09:00,733.4722156709837,744.3117065429688,732.7495829461848,744.3117065429688,34000,0.0,0.0
2007-09-03 00:00:00+09:00,750.8152756892591,750.8152756892591,732.7494605860527,734.9173583984375,7000,0.0,0.0
2007-09-04 00:00:00+09:00,739.2532958984375,750.0927870406433,739.2532958984375,739.2532958984375,27000,0.0,0.0
2007-09-05 00:00:00+09:00,739.2530828269131,739.2530828269131,719.0193718599985,719.7420043945312,39000,0.0,0.0
2007-09-06 00:00:00+09:00,719.742211008024,720.46484375,708.1800871364092,720.46484375,39000,0.0,0.0
2007-09-07 00:00:00+09:00,713.2384601100798,716.8516235351562,708.1800313149729,716.8516235351562,23000,0.0,0.0
2007-09-10 00:00:00+09:00,687.9462401334904,708.179953078593,680.719914081668,699.5083618164062,46000,0.0,0.0
2007-09-11 00:00:00+09:00,701.6763455455026,715.4063667250748,695.1726513025474,709.6253051757812,42000,0.0,0.0
2007-09-12 00:00:00+09:00,704.5668119167185,705.2894445443253,687.223628854153,690.8367919921875,21000,0.0,0.0
2007-09-13 00:00:00+09:00,679.9974925906159,684.3332895678143,679.9974925906159,683.6106567382812,12000,0.0,0.0
2007-09-14 00:00:00+09:00,676.3843052455358,685.7785317072793,672.7711412217882,682.8880004882812,192000,0.0,0.0
2007-09-18 00:00:00+09:00,672.0484339450616,674.93896484375,671.3258012203895,674.93896484375,16000,0.0,0.0
2007-09-19 00:00:00+09:00,689.3916579516016,693.7274545424922,683.6105958304141,693.0048217773438,71000,0.0,0.0
2007-09-20 00:00:00+09:00,676.3842163085938,676.3842163085938,672.0484200502053,676.3842163085938,42000,0.0,0.0
2007-09-21 00:00:00+09:00,669.157813428499,669.157813428499,645.310936708045,646.0335693359375,17000,0.0,0.0
2007-09-25 00:00:00+09:00,657.329191806354,657.329191806354,636.9242944997266,645.6692504882812,13000,7.5,0.0
2007-09-26 00:00:00+09:00,645.6693437839009,650.7705688476562,639.8393722824661,650.7705688476562,45000,0.0,0.0
2007-09-27 00:00:00+09:00,656.6003216062865,676.2764688686281,656.6003216062865,671.9039916992188,35000,0.0,0.0
2007-09-28 00:00:00+09:00,691.580193665068,691.580193665068,668.2603135836326,687.9364624023438,31000,0.0,0.0
2007-10-01 00:00:00+09:00,692.309099301648,692.309099301648,670.4467066921222,679.92041015625,28000,0.0,0.0
2007-10-02 00:00:00+09:00,682.1066091229839,682.1066091229839,674.8191453503024,677.734130859375,26000,0.0,0.0
2007-10-03 00:00:00+09:00,687.2077029634594,690.1226879177053,675.547763146476,680.6489868164062,46000,0.0,0.0
2007-10-04 00:00:00+09:00,682.1065191224565,693.7664596202762,682.1065191224565,689.3939819335938,32000,0.0,0.0
2007-10-05 00:00:00+09:00,677.7340157758082,677.7340157758082,674.8190307617188,674.8190307617188,51000,0.0,0.0
2007-10-09 00:00:00+09:00,677.0054398490287,682.8354113439611,674.0904541015625,674.0904541015625,12000,0.0,0.0
2007-10-10 00:00:00+09:00,674.0903736068842,674.0903736068842,668.260402808122,669.7178955078125,10000,0.0,0.0
2007-10-11 00:00:00+09:00,666.802781854208,674.0902439509753,655.8715887090569,666.0740356445312,54000,0.0,0.0
2007-10-12 00:00:00+09:00,656.600404352726,656.600404352726,643.4829711914062,643.4829711914062,54000,0.0,0.0
2007-10-15 00:00:00+09:00,650.7703176962362,650.7703176962362,642.754109975454,647.1265869140625,32000,0.0,0.0
2007-10-16 00:00:00+09:00,639.8391312033144,639.8391312033144,631.0941772460938,631.0941772460938,49000,0.0,0.0
2007-10-17 00:00:00+09:00,618.7056139820027,618.7056139820027,617.9768676757812,617.9768676757812,49000,0.0,0.0
2007-10-18 00:00:00+09:00,618.7054370319673,620.1629292275668,608.5029916627713,615.0617065429688,56000,0.0,0.0
2007-10-19 00:00:00+09:00,605.5881075255911,610.6893310546875,605.5881075255911,610.6893310546875,56000,0.0,0.0
2007-10-22 00:00:00+09:00,600.4869243915264,608.5031333336464,599.0294318565956,606.31689453125,36000,0.0,0.0
2007-10-23 00:00:00+09:00,619.4342922156965,620.8917846679688,619.4342922156965,620.8917846679688,36000,0.0,0.0
2007-10-24 00:00:00+09:00,620.1630664442145,620.1630664442145,609.2318725585938,609.2318725585938,36000,0.0,0.0
2007-10-25 00:00:00+09:00,609.231954402855,609.231954402855,607.0457153320312,607.0457153320312,36000,0.0,0.0
2007-10-26 00:00:00+09:00,609.2320368387612,609.2320368387612,604.8595581054688,604.8595581054688,36000,0.0,0.0
2007-10-29 00:00:00+09:00,625.2643432617188,625.2643432617188,625.2643432617188,625.2643432617188,36000,0.0,0.0
2007-10-30 00:00:00+09:00,623.8067934458493,668.2603149414062,623.8067934458493,668.2603149414062,36000,0.0,0.0
2007-10-31 00:00:00+09:00,655.871766986269,655.871766986269,623.0781786369555,649.3130493164062,27000,0.0,0.0
2007-11-01 00:00:00+09:00,626.7218580313609,626.7218580313609,616.5194091796875,616.5194091796875,27000,0.0,0.0
2007-11-02 00:00:00+09:00,612.8756464076536,612.8756464076536,598.3007202148438,598.3007202148438,27000,0.0,0.0
2007-11-05 00:00:00+09:00,599.7582484869309,599.7582484869309,590.2845458984375,590.2845458984375,21000,0.0,0.0
2007-11-06 00:00:00+09:00,584.4544203438766,585.1831665039062,584.4544203438766,585.1831665039062,21000,0.0,0.0
2007-11-07 00:00:00+09:00,580.0821437369289,580.0821437369289,566.2359619140625,566.2359619140625,21000,0.0,0.0
2007-11-08 00:00:00+09:00,542.187307783603,551.6610107421875,542.187307783603,551.6610107421875,21000,0.0,0.0
2007-11-09 00:00:00+09:00,550.9321987557477,550.9321987557477,534.8997802734375,534.8997802734375,21000,0.0,0.0
2007-11-12 00:00:00+09:00,534.8998680114746,536.3573608398438,534.8998680114746,536.3573608398438,21000,0.0,0.0
2007-11-13 00:00:00+09:00,554.57577734375,555.3045234374999,542.91583984375,546.5595703125,21000,0.0,0.0
2007-11-14 00:00:00+09:00,541.1517119728779,564.0498046875,541.1517119728779,564.0498046875,21000,0.0,0.0
2007-11-15 00:00:00+09:00,560.7636840453818,574.9807739257812,560.7636840453818,574.9807739257812,21000,0.0,0.0
2007-11-16 00:00:00+09:00,574.5649904715314,574.5649904715314,566.9646606445312,566.9646606445312,21000,0.0,0.0
2007-11-19 00:00:00+09:00,550.2033759669254,553.8471069335938,550.2033759669254,553.8471069335938,21000,0.0,0.0
2007-11-20 00:00:00+09:00,550.9321354125357,574.2520141601562,550.9321354125357,574.2520141601562,21000,0.0,0.0
2007-11-21 00:00:00+09:00,572.7946032481588,572.7946032481588,572.0658569335938,572.0658569335938,21000,0.0,0.0
2007-11-22 00:00:00+09:00,567.6932915581597,567.6932915581597,557.4908447265625,557.4908447265625,21000,0.0,0.0
2007-11-26 00:00:00+09:00,593.1993742642338,601.2155820245613,583.7256741838468,585.1831665039062,45000,0.0,0.0
2007-11-27 00:00:00+09:00,582.9969885314039,591.741943359375,582.9969885314039,591.741943359375,21000,0.0,0.0
2007-11-28 00:00:00+09:00,590.284568385074,590.284568385074,581.5396118164062,581.5396118164062,21000,0.0,0.0
2007-11-29 00:00:00+09:00,580.9274776268635,586.640869140625,580.9274776268635,586.640869140625,21000,0.0,0.0
2007-11-30 00:00:00+09:00,593.9282911420604,593.9282911420604,591.0133056640625,591.0133056640625,21000,0.0,0.0
2007-12-03 00:00:00+09:00,586.6407131114709,588.0982055664062,586.6407131114709,588.0982055664062,21000,0.0,0.0
2007-12-04 00:00:00+09:00,587.3694528048156,587.3694528048156,577.895751953125,577.895751953125,23000,0.0,0.0
2007-12-05 00:00:00+09:00,581.5396274093293,599.029541015625,581.5396274093293,599.029541015625,23000,0.0,0.0
2007-12-06 00:00:00+09:00,596.1145055818502,612.8756713867188,596.1145055818502,612.8756713867188,23000,0.0,0.0
2007-12-07 00:00:00+09:00,620.8918653368116,625.2643432617188,620.8918653368116,625.2643432617188,23000,0.0,0.0
2007-12-10 00:00:00+09:00,619.43427862123,626.7217407226562,619.43427862123,626.7217407226562,23000,0.0,0.0
2007-12-11 00:00:00+09:00,628.8159868198273,628.8159868198273,621.6207275390625,621.6207275390625,23000,0.0,0.0
2007-12-12 00:00:00+09:00,617.2479448363679,617.2479448363679,615.0617065429688,615.0617065429688,23000,0.0,0.0
2007-12-13 00:00:00+09:00,602.6733076142102,602.6733076142102,597.5720825195312,597.5720825195312,23000,0.0,0.0
2007-12-14 00:00:00+09:00,600.4870452880859,600.4870452880859,582.9971313476562,582.9971313476562,23000,0.0,0.0
2007-12-17 00:00:00+09:00,589.5556845882822,589.5556845882822,574.2520141601562,574.2520141601562,23000,0.0,0.0
2007-12-18 00:00:00+09:00,567.6934585281931,585.9121189430903,564.0497264452138,576.4384155273438,25000,0.0,0.0
2007-12-19 00:00:00+09:00,578.6245747988986,578.6245747988986,565.5071411132812,565.5071411132812,23000,0.0,0.0
2007-12-20 00:00:00+09:00,558.9483439662297,558.9483439662297,554.5758666992188,554.5758666992188,23000,0.0,0.0
2007-12-21 00:00:00+09:00,554.5759463752668,565.5071411132812,554.5759463752668,565.5071411132812,23000,0.0,0.0
2007-12-25 00:00:00+09:00,566.9645654173103,574.9807739257812,566.9645654173103,574.9807739257812,23000,0.0,0.0
2007-12-26 00:00:00+09:00,578.6246262935169,581.5396118164062,577.8958799127946,581.5396118164062,14000,0.0,0.0
2007-12-27 00:00:00+09:00,580.8107498244111,591.741943359375,580.8107498244111,591.741943359375,14000,0.0,0.0
2007-12-28 00:00:00+09:00,591.741943359375,595.3856745376962,583.7257347670682,591.741943359375,31000,0.0,0.0
2008-01-04 00:00:00+09:00,593.928225790276,593.928225790276,565.5071205070603,567.693359375,93000,0.0,0.0
2008-01-07 00:00:00+09:00,564.7784364378297,564.7784364378297,561.1347045898438,561.1347045898438,14000,0.0,0.0
2008-01-08 00:00:00+09:00,563.3208277176838,571.3370361328125,563.3208277176838,571.3370361328125,14000,0.0,0.0
2008-01-09 00:00:00+09:00,572.7946378837512,600.4869995117188,572.7946378837512,600.4869995117188,14000,0.0,0.0
2008-01-10 00:00:00+09:00,597.6292075587446,597.6292075587446,585.912109375,585.912109375,14000,0.0,0.0
2008-01-11 00:00:00+09:00,588.0981571915513,588.0981571915513,569.1507568359375,569.1507568359375,14000,0.0,0.0
2008-01-15 00:00:00+09:00,562.5923121385028,562.5923121385028,547.2886352539062,547.2886352539062,14000,0.0,0.0
2008-01-16 00:00:00+09:00,542.1872212593129,561.8633704179169,542.1872212593129,550.2034301757812,37000,0.0,0.0
2008-01-17 00:00:00+09:00,546.5597860721805,551.6610107421875,546.5597860721805,551.6610107421875,37000,0.0,0.0
2008-01-18 00:00:00+09:00,559.4192571213983,588.0982055664062,559.4192571213983,588.0982055664062,37000,0.0,0.0
2008-01-21 00:00:00+09:00,576.4382799365852,576.4382799365852,575.7095336914062,575.7095336914062,37000,0.0,0.0
2008-01-22 00:00:00+09:00,573.5848947768296,573.5848947768296,537.0859375,537.0859375,37000,0.0,0.0
2008-01-23 00:00:00+09:00,543.9318297428293,568.4219970703125,543.9318297428293,568.4219970703125,37000,0.0,0.0
2008-01-24 00:00:00+09:00,567.6933048820737,577.895751953125,567.6933048820737,577.895751953125,37000,0.0,0.0
2008-01-25 00:00:00+09:00,576.4382596697126,576.4382596697126,571.3370361328125,571.3370361328125,37000,0.0,0.0
2008-01-28 00:00:00+09:00,561.8632747133316,564.7782592773438,561.8632747133316,564.7782592773438,37000,0.0,0.0
2008-01-29 00:00:00+09:00,560.4059159005524,572.0658569335938,560.4059159005524,572.0658569335938,37000,0.0,0.0
2008-01-30 00:00:00+09:00,575.7097026137708,575.7097026137708,558.2197875976562,558.2197875976562,37000,0.0,0.0
2008-01-31 00:00:00+09:00,560.9830084610088,570.6085205078125,560.9830084610088,570.6085205078125,37000,0.0,0.0
2008-02-01 00:00:00+09:00,577.8959064483643,577.8959064483643,559.67724609375,559.67724609375,37000,0.0,0.0
2008-02-04 00:00:00+09:00,564.0497939850203,573.5234985351562,564.0497939850203,573.5234985351562,37000,0.0,0.0
2008-02-05 00:00:00+09:00,573.52321296938,573.52321296938,564.7782592773438,564.7782592773438,37000,0.0,0.0
2008-02-06 00:00:00+09:00,569.8796644251055,569.8796644251055,518.138671875,518.138671875,37000,0.0,0.0
2008-02-07 00:00:00+09:00,527.6123671738418,527.6123671738418,521.0536499023438,521.0536499023438,37000,0.0,0.0
2008-02-08 00:00:00+09:00,524.1564259940068,532.7135009765625,524.1564259940068,532.7135009765625,37000,0.0,0.0
2008-02-12 00:00:00+09:00,531.2559744426954,531.2559744426954,514.4948120117188,514.4948120117188,37000,0.0,0.0
2008-02-13 00:00:00+09:00,514.4949525720933,514.4949525720933,495.54754638671875,495.54754638671875,37000,0.0,0.0
2008-02-14 00:00:00+09:00,498.462422252213,509.3936157226563,498.462422252213,509.39361572265625,37000,0.0,0.0
2008-02-15 00:00:00+09:00,537.0859784127587,537.8147246521246,532.7135009765625,532.7135009765625,37000,0.0,0.0
2008-02-18 00:00:00+09:00,551.6609369607336,551.6609369607336,544.3734741210938,544.3734741210938,37000,0.0,0.0
2008-02-19 00:00:00+09:00,537.0859577902875,541.4584350585938,537.0859577902875,541.4584350585938,37000,0.0,0.0
2008-02-20 00:00:00+09:00,590.2844307991453,590.2844307991453,574.2520141601562,574.2520141601562,37000,0.0,0.0
2008-02-21 00:00:00+09:00,567.6934750843285,587.36962890625,567.6934750843285,587.36962890625,37000,0.0,0.0
2008-02-22 00:00:00+09:00,580.0821476103231,580.0821476103231,576.4384155273438,576.4384155273438,37000,0.0,0.0
2008-02-25 00:00:00+09:00,582.2683773515237,585.912109375,582.2683773515237,585.912109375,37000,0.0,0.0
2008-02-26 00:00:00+09:00,580.0820788497444,580.0820788497444,579.3533325195312,579.3533325195312,37000,0.0,0.0
2008-02-27 00:00:00+09:00,580.0820100333729,595.3856811523438,580.0820100333729,595.3856811523438,37000,0.0,0.0
2008-02-28 00:00:00+09:00,594.6421666295973,596.84326171875,594.6421666295973,596.84326171875,37000,0.0,0.0
2008-02-29 00:00:00+09:00,598.3007964149466,598.3007964149466,592.4708251953125,592.4708251953125,37000,0.0,0.0
2008-03-03 00:00:00+09:00,599.7580392463819,599.7580392463819,572.79443359375,572.79443359375,37000,0.0,0.0
2008-03-04 00:00:00+09:00,576.3390075462241,576.3390075462241,561.8634033203125,561.8634033203125,37000,0.0,0.0
2008-03-05 00:00:00+09:00,564.7783411908431,564.7783411908431,556.0333862304688,556.0333862304688,37000,0.0,0.0
2008-03-06 00:00:00+09:00,561.8634033203125,561.8634033203125,561.8634033203125,561.8634033203125,37000,0.0,0.0
2008-03-07 00:00:00+09:00,558.9482729143893,558.9482729143893,531.2559204101562,531.2559204101562,37000,0.0,0.0
2008-03-10 00:00:00+09:00,534.1710619814951,534.1710619814951,529.798583984375,529.798583984375,37000,0.0,0.0
2008-03-11 00:00:00+09:00,522.5110932643797,534.8997802734375,522.5110932643797,534.8997802734375,37000,0.0,0.0
2008-03-12 00:00:00+09:00,539.2722494135458,550.9321899414062,539.2722494135458,550.9321899414062,37000,0.0,0.0
2008-03-13 00:00:00+09:00,520.1157805539757,520.1157805539757,490.4463195800781,490.4463195800781,37000,0.0,0.0
2008-03-14 00:00:00+09:00,491.6519358984233,491.6519358984233,480.24383544921875,480.24383544921875,37000,0.0,0.0
2008-03-17 00:00:00+09:00,476.71485356296677,476.71485356296677,467.12652587890625,467.12652587890625,37000,0.0,0.0
2008-03-18 00:00:00+09:00,457.6528077276584,483.158935546875,457.6528077276584,483.158935546875,37000,0.0,0.0
2008-03-19 00:00:00+09:00,484.6163293017798,486.0738220214844,484.6163293017798,486.0738220214844,37000,0.0,0.0
2008-03-21 00:00:00+09:00,487.5312290357507,502.83489990234375,487.5312290357507,502.83489990234375,37000,0.0,0.0
2008-03-24 00:00:00+09:00,502.83506487855817,515.2237548828125,502.83506487855817,515.2237548828125,37000,0.0,0.0
2008-03-25 00:00:00+09:00,506.47873675598936,506.47873675598936,503.56375122070307,503.5637512207031,37000,0.0,0.0
2008-03-26 00:00:00+09:00,500.98501831945714,504.6687316894531,500.98501831945714,504.6687316894531,37000,7.5,0.0
2008-03-27 00:00:00+09:00,504.66881066037894,504.66881066037894,503.93206787109375,503.93206787109375,37000,0.0,0.0
2008-03-28 00:00:00+09:00,501.72176099345637,504.6687316894531,501.72176099345637,504.6687316894531,37000,0.0,0.0
2008-03-31 00:00:00+09:00,498.0381344481011,512.7729904968614,498.0381344481011,509.8260192871094,1300,0.0,0.0
2008-04-01 00:00:00+09:00,506.87909601550825,506.87909601550825,492.88098144531256,492.8809814453125,1300,0.0,0.0
2008-04-02 00:00:00+09:00,490.6707028923147,502.45858764648443,490.6707028923147,502.4585876464844,1300,0.0,0.0
2008-04-03 00:00:00+09:00,505.4056336308869,523.0874633789062,505.4056336308869,523.0874633789062,1300,0.0,0.0
2008-04-04 00:00:00+09:00,511.2993469238281,511.2993469238281,511.2993469238281,511.2993469238281,1300,0.0,0.0
2008-04-07 00:00:00+09:00,516.4568734034307,521.6140747070312,516.4568734034307,521.6140747070312,1300,0.0,0.0
2008-04-08 00:00:00+09:00,522.6193223955198,522.6193223955198,514.9832153320312,514.9832153320312,1300,0.0,0.0
2008-04-09 00:00:00+09:00,518.666842495438,518.666842495438,504.6687316894531,504.6687316894531,1300,0.0,0.0
2008-04-10 00:00:00+09:00,491.40751797997825,491.40751797997825,486.987060546875,486.987060546875,1300,0.0,0.0
2008-04-11 00:00:00+09:00,487.7236041312231,514.246337890625,487.7236041312231,514.246337890625,1300,0.0,0.0
2008-04-14 00:00:00+09:00,508.3524712456597,508.3524712456597,497.30133056640625,497.30133056640625,1300,0.0,0.0
2008-04-15 00:00:00+09:00,494.35451703688005,495.82800292968744,494.35451703688005,495.8280029296875,1300,0.0,0.0
2008-04-16 00:00:00+09:00,494.3544824039235,500.98516845703125,494.3544824039235,500.98516845703125,1300,0.0,0.0
2008-04-17 00:00:00+09:00,512.0362602993523,512.0362602993523,510.5627746582031,510.5627746582031,1300,0.0,0.0
2008-04-18 00:00:00+09:00,490.67072786848763,491.407470703125,490.67072786848763,491.407470703125,1300,0.0,0.0
2008-04-21 00:00:00+09:00,486.98683903934744,486.98683903934744,484.776611328125,484.776611328125,1300,0.0,0.0
2008-04-22 00:00:00+09:00,485.5136087708554,485.5136087708554,478.14617919921875,478.14617919921875,1300,0.0,0.0
2008-04-23 00:00:00+09:00,486.25029267237295,486.25029267237295,485.5135498046875,485.5135498046875,1300,0.0,0.0
2008-04-24 00:00:00+09:00,486.987085402821,488.4605712890625,486.987085402821,488.4605712890625,1300,0.0,0.0
2008-04-25 00:00:00+09:00,499.5115953528363,508.3525085449219,499.5115953528363,508.3525085449219,1300,0.0,0.0
2008-04-28 00:00:00+09:00,520.1404917542363,523.0874633789062,520.1404917542363,523.0874633789062,1300,0.0,0.0
2008-04-30 00:00:00+09:00,522.350604879445,534.1384887695312,522.350604879445,534.1384887695312,1300,0.0,0.0
2008-05-01 00:00:00+09:00,533.401725238212,540.0324096679688,533.401725238212,540.0324096679688,1300,0.0,0.0
2008-05-02 00:00:00+09:00,573.9226559048141,573.9226559048141,573.1859130859375,573.1859130859375,1300,0.0,0.0
2008-05-07 00:00:00+09:00,571.1637789316242,571.1637789316242,562.8716430664062,562.8716430664062,1300,0.0,0.0
2008-05-08 00:00:00+09:00,566.5552980754078,602.6557006835938,566.5552980754078,602.6557006835938,1300,0.0,0.0
2008-05-09 00:00:00+09:00,604.129049366918,619.6006469726562,604.129049366918,619.6006469726562,1300,0.0,0.0
2008-05-12 00:00:00+09:00,591.6045803327502,600.4454956054688,591.6045803327502,600.4454956054688,1300,0.0,0.0
2008-05-13 00:00:00+09:00,586.4472482292306,599.7086181640625,586.4472482292306,599.7086181640625,1300,0.0,0.0
2008-05-14 00:00:00+09:00,601.1822374131945,601.1822374131945,596.7617797851562,596.7617797851562,1300,0.0,0.0
2008-05-15 00:00:00+09:00,601.7832703473691,601.7832703473691,599.7086181640625,599.7086181640625,1300,0.0,0.0
2008-05-16 00:00:00+09:00,591.6043701171875,591.6043701171875,591.6043701171875,591.6043701171875,1300,0.0,0.0
2008-05-19 00:00:00+09:00,597.4985425238991,597.4985425238991,579.8167114257812,579.8167114257812,1300,0.0,0.0
2008-05-20 00:00:00+09:00,576.1329966136734,579.8167114257812,576.1329966136734,579.8167114257812,1300,0.0,0.0
2008-05-21 00:00:00+09:00,573.1860342087443,573.1860342087443,569.5023193359375,569.5023193359375,1300,0.0,0.0
2008-05-22 00:00:00+09:00,586.4473295377443,593.8147583007812,586.4473295377443,593.8147583007812,1300,0.0,0.0
2008-05-23 00:00:00+09:00,600.4452743906106,600.4452743906106,598.2350463867188,598.2350463867188,1300,0.0,0.0
2008-05-26 00:00:00+09:00,600.4452772489262,600.4452772489262,584.2369384765625,584.2369384765625,1300,0.0,0.0
2008-05-27 00:00:00+09:00,590.131103515625,590.131103515625,590.131103515625,590.131103515625,1300,0.0,0.0
2008-05-28 00:00:00+09:00,593.0779919901354,596.0249633789062,593.0779919901354,596.0249633789062,1300,0.0,0.0
2008-05-29 00:00:00+09:00,607.8128647222752,607.8128647222752,604.129150390625,604.129150390625,1300,0.0,0.0
2008-05-30 00:00:00+09:00,612.9698893229166,636.545654296875,612.9698893229166,636.545654296875,1300,0.0,0.0
2008-06-02 00:00:00+09:00,643.9131403646591,643.9131403646591,632.8619995117188,632.8619995117188,1300,0.0,0.0
2008-06-03 00:00:00+09:00,616.6535628131617,630.6516723632812,616.6535628131617,630.6516723632812,1300,0.0,0.0
2008-06-04 00:00:00+09:00,631.794347130835,644.6498413085938,631.794347130835,644.6498413085938,1300,0.0,0.0
2008-06-05 00:00:00+09:00,641.7028070559447,641.7028070559447,640.966064453125,640.966064453125,1300,0.0,0.0
2008-06-06 00:00:00+09:00,647.5969201758487,647.5969201758487,640.2294921875,640.2294921875,1300,0.0,0.0
2008-06-09 00:00:00+09:00,627.7049059597952,627.7049059597952,624.7579345703125,624.7579345703125,1300,0.0,0.0
2008-06-10 00:00:00+09:00,624.7579094636525,624.7579094636525,623.284423828125,623.284423828125,1300,0.0,0.0
2008-06-11 00:00:00+09:00,623.2843844025302,663.8052368164062,623.2843844025302,663.8052368164062,1300,0.0,0.0
2008-06-12 00:00:00+09:00,671.9093203125,671.9093203125,644.6498413085938,644.6498413085938,1300,0.0,0.0
2008-06-13 00:00:00+09:00,664.5420314914577,670.4359741210938,664.5420314914577,670.4359741210938,1300,0.0,0.0
2008-06-16 00:00:00+09:00,679.27686980675,683.6973266601562,679.27686980675,683.6973266601562,1300,0.0,0.0
2008-06-17 00:00:00+09:00,684.4341882578253,684.4341882578253,672.6463012695312,672.6463012695312,1300,0.0,0.0
2008-06-18 00:00:00+09:00,677.8035018269098,677.8035018269098,672.6463012695312,672.6463012695312,1300,0.0,0.0
2008-06-19 00:00:00+09:00,673.3828345058727,673.3828345058727,649.8070678710938,649.8070678710938,1300,0.0,0.0
2008-06-20 00:00:00+09:00,659.3848453117206,659.3848453117206,646.1234741210938,646.1234741210938,1300,0.0,0.0
2008-06-23 00:00:00+09:00,647.5968144503507,648.3335571289062,647.5968144503507,648.3335571289062,1300,0.0,0.0
2008-06-24 00:00:00+09:00,647.5968839555603,647.5968839555603,641.7029418945312,641.7029418945312,1300,0.0,0.0
2008-06-25 00:00:00+09:00,635.0721865234375,644.6498413085938,635.0721865234375,644.6498413085938,1300,0.0,0.0
2008-06-26 00:00:00+09:00,636.5457445954623,645.3866577148438,636.5457445954623,645.3866577148438,1300,0.0,0.0
2008-06-27 00:00:00+09:00,626.9681631124245,626.9681631124245,624.7579345703125,624.7579345703125,1300,0.0,0.0
2008-06-30 00:00:00+09:00,624.0211506131329,640.2294921875,624.0211506131329,640.2294921875,1300,0.0,0.0
2008-07-01 00:00:00+09:00,644.6500300800758,644.6500300800758,626.9682006835938,626.9682006835938,1300,0.0,0.0
2008-07-02 00:00:00+09:00,624.0211666458888,624.0211666458888,623.284423828125,623.284423828125,1300,0.0,0.0
2008-07-03 00:00:00+09:00,622.5477060282005,624.7579345703125,622.5477060282005,624.7579345703125,1300,0.0,0.0
2008-07-04 00:00:00+09:00,623.2843606883082,623.2843606883082,619.6006469726562,619.6006469726562,1300,0.0,0.0
2008-07-07 00:00:00+09:00,613.7066093616779,621.0740356445312,613.7066093616779,621.0740356445312,1300,0.0,0.0
2008-07-08 00:00:00+09:00,602.6557244236484,602.6557244236484,600.4454956054688,600.4454956054688,1300,0.0,0.0
2008-07-09 00:00:00+09:00,611.4966156080475,611.4966156080475,602.6557006835938,602.6557006835938,1300,0.0,0.0
2008-07-10 00:00:00+09:00,601.9187396442721,621.810791015625,601.9187396442721,621.810791015625,1300,0.0,0.0
2008-07-11 00:00:00+09:00,617.3905787024256,625.4947509765625,617.3905787024256,625.4947509765625,1300,0.0,0.0
2008-07-14 00:00:00+09:00,643.9131320654523,643.9131320654523,639.49267578125,639.49267578125,1300,0.0,0.0
2008-07-15 00:00:00+09:00,624.0212539010981,628.4417114257812,624.0212539010981,628.4417114257812,1300,0.0,0.0
2008-07-16 00:00:00+09:00,618.1272425259945,618.1272425259945,610.0230712890625,610.0230712890625,1300,0.0,0.0
2008-07-17 00:00:00+09:00,616.6536508044129,618.1271362304688,616.6536508044129,618.1271362304688,1300,0.0,0.0
2008-07-18 00:00:00+09:00,613.706787109375,613.706787109375,613.706787109375,613.706787109375,1300,0.0,0.0
2008-07-22 00:00:00+09:00,628.4416488071657,628.4416488071657,615.1802775544941,624.7579345703125,8400,0.0,0.0
2008-07-23 00:00:00+09:00,638.0192745495393,638.0192745495393,637.2825317382812,637.2825317382812,8400,0.0,0.0
2008-07-24 00:00:00+09:00,649.8070472974456,655.7009887695312,649.8070472974456,655.7009887695312,8400,0.0,0.0
2008-07-25 00:00:00+09:00,655.7013553214473,659.3850708007812,655.7013553214473,659.3850708007812,8400,0.0,0.0
2008-07-28 00:00:00+09:00,644.6499993847544,644.6499993847544,643.176513671875,643.176513671875,8400,0.0,0.0
2008-07-29 00:00:00+09:00,616.6535925119409,621.810791015625,616.6535925119409,621.810791015625,8400,0.0,0.0
2008-07-30 00:00:00+09:00,623.2842462842709,630.6516723632812,623.2842462842709,630.6516723632812,8400,0.0,0.0
2008-07-31 00:00:00+09:00,624.0210686779897,642.4396362304688,624.0210686779897,642.4396362304688,8400,0.0,0.0
2008-08-01 00:00:00+09:00,645.3866166125038,645.3866166125038,618.1271362304688,618.1271362304688,8400,0.0,0.0
2008-08-04 00:00:00+09:00,618.8639634419857,618.8639634419857,615.9169921875,615.9169921875,8400,0.0,0.0
2008-08-05 00:00:00+09:00,616.6538595468601,616.6538595468601,579.8167114257812,579.8167114257812,8400,0.0,0.0
2008-08-06 00:00:00+09:00,581.2901473355932,581.2901473355932,576.8696899414062,576.8696899414062,8400,0.0,0.0
2008-08-07 00:00:00+09:00,545.1896488328694,545.9263916015625,545.1896488328694,545.9263916015625,8400,0.0,0.0
2008-08-08 00:00:00+09:00,551.0835262900904,559.9244384765625,551.0835262900904,559.9244384765625,8400,0.0,0.0
2008-08-11 00:00:00+09:00,571.7124149121219,572.4491577148438,571.7124149121219,572.4491577148438,8400,0.0,0.0
2008-08-12 00:00:00+09:00,548.136592355671,548.136592355671,540.7691650390625,540.7691650390625,8400,0.0,0.0
2008-08-13 00:00:00+09:00,545.1896684248369,545.1896684248369,536.3487548828125,536.3487548828125,8400,0.0,0.0
2008-08-14 00:00:00+09:00,532.6650054539832,532.6650054539832,516.4566650390625,516.4566650390625,8400,0.0,0.0
2008-08-15 00:00:00+09:00,518.6669975828729,533.40185546875,518.6669975828729,533.40185546875,8400,0.0,0.0
2008-08-18 00:00:00+09:00,548.1367299672719,548.1367299672719,545.1897583007812,545.1897583007812,8400,0.0,0.0
2008-08-19 00:00:00+09:00,531.9281418891802,537.8220825195312,531.9281418891802,537.8220825195312,8400,0.0,0.0
2008-08-20 00:00:00+09:00,539.29568171727,544.452880859375,539.29568171727,544.452880859375,8400,0.0,0.0
2008-08-21 00:00:00+09:00,542.6831955774913,545.1897583007812,542.6831955774913,545.1897583007812,8400,0.0,0.0
2008-08-22 00:00:00+09:00,541.505914135514,551.8203125,541.505914135514,551.8203125,8400,0.0,0.0
2008-08-25 00:00:00+09:00,548.873384517983,565.0817260742188,548.873384517983,565.0817260742188,8400,0.0,0.0
2008-08-26 00:00:00+09:00,570.2388679381997,570.2388679381997,551.0835571289062,551.0835571289062,8400,0.0,0.0
2008-08-27 00:00:00+09:00,554.7673357558439,558.4510498046875,554.7673357558439,558.4510498046875,8400,0.0,0.0
2008-08-28 00:00:00+09:00,546.6630050455728,552.5569458007812,546.6630050455728,552.5569458007812,8400,0.0,0.0
2008-08-29 00:00:00+09:00,546.2258204921008,573.1859130859375,546.2258204921008,573.1859130859375,8400,0.0,0.0
2008-09-01 00:00:00+09:00,574.659318097933,574.659318097933,561.39794921875,561.39794921875,8400,0.0,0.0
2008-09-02 00:00:00+09:00,562.134815179131,562.134815179131,532.6651000976562,532.6651000976562,8400,0.0,0.0
2008-09-03 00:00:00+09:00,534.138356903453,537.0853271484375,534.138356903453,537.0853271484375,8400,0.0,0.0
2008-09-04 00:00:00+09:00,538.4676189280849,538.4676189280849,529.7180786132812,529.7180786132812,8400,0.0,0.0
2008-09-05 00:00:00+09:00,517.1934077851953,517.1934077851953,516.4566650390625,516.4566650390625,8400,0.0,0.0
2008-09-08 00:00:00+09:00,517.9301033474752,556.24072265625,517.9301033474752,556.24072265625,8400,0.0,0.0
2008-09-09 00:00:00+09:00,556.2407932254893,556.2407932254893,528.2445678710938,528.2445678710938,8400,0.0,0.0
2008-09-10 00:00:00+09:00,492.8808742947048,500.9850441261574,492.8808742947048,497.30133056640625,70400,0.0,0.0
2008-09-11 00:00:00+09:00,494.35447692871094,494.35447692871094,486.25030517578125,486.25030517578125,70400,0.0,0.0
2008-09-12 00:00:00+09:00,502.45851153311645,502.45851153311645,498.0380554199219,498.0380554199219,70400,0.0,0.0
2008-09-16 00:00:00+09:00,497.3014722551618,497.3014722551618,464.1480407714844,464.1480407714844,70400,0.0,0.0
2008-09-17 00:00:00+09:00,461.20097669559846,472.9888610839844,461.20097669559846,472.9888610839844,70400,0.0,0.0
2008-09-18 00:00:00+09:00,460.46427608145564,460.46427608145564,432.4680480957031,432.4680480957031,70400,0.0,0.0
2008-09-19 00:00:00+09:00,462.67437503844735,467.8315734863281,462.67437503844735,467.8315734863281,70400,0.0,0.0
2008-09-22 00:00:00+09:00,475.9359503277277,478.14617919921875,475.9359503277277,478.14617919921875,70400,0.0,0.0
2008-09-24 00:00:00+09:00,484.7768069370021,485.5135498046875,484.7768069370021,485.5135498046875,70400,0.0,0.0
2008-09-25 00:00:00+09:00,483.6505762061537,483.6505762061537,477.68878173828125,477.68878173828125,70400,7.5,0.0
2008-09-26 00:00:00+09:00,494.82885779066754,494.82885779066754,493.3384094238282,493.3384094238281,70400,0.0,0.0
2008-09-29 00:00:00+09:00,494.08352733449345,494.08352733449345,471.726806640625,471.726806640625,70400,0.0,0.0
2008-09-30 00:00:00+09:00,468.746022930969,468.746022930969,448.6249694824219,448.6249694824219,70400,0.0,0.0
2008-10-01 00:00:00+09:00,450.8605805453875,450.8605805453875,450.1153564453125,450.1153564453125,70400,0.0,0.0
2008-10-02 00:00:00+09:00,450.1154597203581,459.8033752441406,450.1154597203581,459.8033752441406,70400,0.0,0.0
2008-10-03 00:00:00+09:00,459.05802851562504,465.7650451660156,459.05802851562504,465.7650451660156,70400,0.0,0.0
2008-10-06 00:00:00+09:00,465.7650451660156,465.7650451660156,465.7650451660156,465.7650451660156,70400,0.0,0.0
2008-10-07 00:00:00+09:00,431.4381209726089,444.1534118652343,431.4381209726089,444.1534118652344,70400,0.0,0.0
2008-10-08 00:00:00+09:00,441.17272605681285,441.17272605681285,397.2044982910156,397.2044982910156,70400,0.0,0.0
2008-10-09 00:00:00+09:00,406.4154094920183,411.36370849609375,406.4154094920183,411.36370849609375,70400,0.0,0.0
2008-10-10 00:00:00+09:00,408.38270658926376,416.5801696777344,408.38270658926376,416.5801696777344,70400,0.0,0.0
2008-10-14 00:00:00+09:00,450.8605045435317,462.7840881347656,450.8605045435317,462.7840881347656,70400,0.0,0.0
2008-10-15 00:00:00+09:00,431.484649016853,431.484649016853,425.5228576660156,425.5228576660156,70400,0.0,0.0
2008-10-16 00:00:00+09:00,432.2300043673525,432.2300043673525,388.26177978515625,388.26177978515625,70400,0.0,0.0
2008-10-17 00:00:00+09:00,401.6757653808594,409.87322998046875,401.6757653808594,409.87322998046875,70400,0.0,0.0
2008-10-20 00:00:00+09:00,406.14722235505934,433.72052001953125,406.14722235505934,433.72052001953125,70400,0.0,0.0
2008-10-21 00:00:00+09:00,445.6551567157434,445.6551567157434,444.8988342285156,444.8988342285156,70400,0.0,0.0
2008-10-22 00:00:00+09:00,447.13443044888777,447.13443044888777,439.6821899414063,439.68218994140625,70400,0.0,0.0
2008-10-23 00:00:00+09:00,424.662904481316,435.95611572265625,424.662904481316,435.95611572265625,70400,0.0,0.0
2008-10-24 00:00:00+09:00,439.68217460542263,441.9178466796875,439.68217460542263,441.9178466796875,70400,0.0,0.0
2008-10-27 00:00:00+09:00,441.17262387579694,441.17262387579694,409.12799072265625,409.12799072265625,70400,0.0,0.0
2008-10-28 00:00:00+09:00,417.3255383199896,450.86062622070307,417.3255383199896,450.8606262207031,70400,0.0,0.0
2008-10-29 00:00:00+09:00,439.68214487990963,461.2936401367187,439.68214487990963,461.29364013671875,70400,0.0,0.0
2008-10-30 00:00:00+09:00,482.15987127477473,524.6376342773438,482.15987127477473,524.6376342773438,70400,0.0,0.0
2008-10-31 00:00:00+09:00,514.2045132156707,514.2045132156707,510.4783935546875,510.4783935546875,70400,0.0,0.0
2008-11-04 00:00:00+09:00,470.23631438289783,494.82870483398443,470.23631438289783,494.8287048339844,10500,0.0,0.0
2008-11-05 00:00:00+09:00,498.55481063954153,510.4783935546875,498.55481063954153,510.4783935546875,10500,0.0,0.0
2008-11-06 00:00:00+09:00,506.752370617535,506.752370617535,452.35101318359375,452.35101318359375,10500,0.0,0.0
2008-11-07 00:00:00+09:00,447.87967109349614,447.87967109349614,429.9942932128906,429.9942932128906,10500,0.0,0.0
2008-11-10 00:00:00+09:00,444.8987125078317,455.33184814453125,444.8987125078317,455.33184814453125,10500,0.0,0.0
2008-11-11 00:00:00+09:00,459.05810748311154,459.05810748311154,451.6058654785156,451.6058654785156,10500,0.0,0.0
2008-11-12 00:00:00+09:00,445.6440594926502,445.6440594926502,440.427490234375,440.427490234375,10500,0.0,0.0
2008-11-13 00:00:00+09:00,428.5038575431369,450.1153564453125,428.5038575431369,450.1153564453125,10500,0.0,0.0
2008-11-14 00:00:00+09:00,446.38922277262793,446.38922277262793,431.4847412109375,431.4847412109375,444200,0.0,0.0
2008-11-17 00:00:00+09:00,434.46559143066406,436.7012634277344,434.46559143066406,436.7012634277344,369300,0.0,0.0
2008-11-18 00:00:00+09:00,436.7013977764047,446.3893127441406,436.7013977764047,446.3893127441406,351800,0.0,0.0
2008-11-19 00:00:00+09:00,447.1343695923249,457.56750488281244,447.1343695923249,457.5675048828125,422900,0.0,0.0
2008-11-20 00:00:00+09:00,456.07711863438027,456.07711863438027,445.64398193359375,445.64398193359375,358200,0.0,0.0
2008-11-21 00:00:00+09:00,448.6248179704715,465.0197448730469,448.6248179704715,465.0197448730469,297700,0.0,0.0
2008-11-25 00:00:00+09:00,462.7841903266557,487.3765869140625,462.7841903266557,487.3765869140625,543600,0.0,0.0
2008-11-26 00:00:00+09:00,488.86686454232284,488.86686454232284,473.2171630859375,473.2171630859375,353800,0.0,0.0
2008-11-27 00:00:00+09:00,470.98168792724607,476.9434814453125,470.98168792724607,476.9434814453125,291500,0.0,0.0
2008-11-28 00:00:00+09:00,478.4338543945313,478.4338543945313,465.7650451660156,465.7650451660156,478700,0.0,0.0
2008-12-01 00:00:00+09:00,470.98159963550376,470.98159963550376,445.64398193359375,445.64398193359375,374800,0.0,0.0
2008-12-02 00:00:00+09:00,439.68219228034474,439.68219228034474,408.3827819824219,408.3827819824219,1085800,0.0,0.0
2008-12-03 00:00:00+09:00,411.3636923429174,419.5611572265625,411.3636923429174,419.5611572265625,433500,0.0,0.0
2008-12-04 00:00:00+09:00,432.9751890519471,434.46563720703125,432.9751890519471,434.46563720703125,564000,0.0,0.0
2008-12-05 00:00:00+09:00,436.70136827120626,444.8988342285156,436.70136827120626,444.8988342285156,443900,0.0,0.0
2008-12-08 00:00:00+09:00,448.6248474121094,472.4720153808594,448.6248474121094,472.4720153808594,541400,0.0,0.0
2008-12-09 00:00:00+09:00,479.1514372645969,482.9051208496094,479.1514372645969,482.9051208496094,373300,0.0,0.0
2008-12-10 00:00:00+09:00,483.65053966861683,494.08367919921875,483.65053966861683,494.08367919921875,429500,0.0,0.0
2008-12-11 00:00:00+09:00,477.68862749831123,495.5740051269531,477.68862749831123,495.5740051269531,278200,0.0,0.0
2008-12-12 00:00:00+09:00,499.29998751885876,499.29998751885876,497.8095397949219,497.8095397949219,435900,0.0,0.0
2008-12-15 00:00:00+09:00,497.8096021417219,520.1663208007812,497.8096021417219,520.1663208007812,417500,0.0,0.0
2008-12-16 00:00:00+09:00,492.59300471461097,512.7140502929688,492.59300471461097,512.7140502929688,10000,0.0,0.0
2008-12-17 00:00:00+09:00,493.33833211563535,504.5166931152344,493.33833211563535,504.5166931152344,22400,0.0,0.0
2008-12-18 00:00:00+09:00,508.9880665260304,516.4403076171875,508.9880665260304,516.4403076171875,44300,0.0,0.0
2008-12-19 00:00:00+09:00,520.1663833022476,520.1663833022476,496.3192138671875,496.3192138671875,72900,0.0,0.0
2008-12-22 00:00:00+09:00,492.5931066423015,520.91162109375,492.5931066423015,520.91162109375,17400,0.0,0.0
2008-12-24 00:00:00+09:00,514.9498288381014,517.9307250976562,514.9498288381014,517.9307250976562,15300,0.0,0.0
2008-12-25 00:00:00+09:00,518.9871727165117,518.9871727165117,511.2237243652344,511.2237243652344,4900,0.0,0.0
2008-12-26 00:00:00+09:00,517.1854249795733,520.1663208007812,515.6949770689694,520.1663208007812,2800,0.0,0.0
2008-12-29 00:00:00+09:00,529.1090847628934,535.070877267264,526.128188510708,532.835205078125,23500,0.0,0.0
2008-12-30 00:00:00+09:00,600.6507470568241,600.6507470568241,519.4213035962858,539.5423583984375,6900,0.0,0.0
2009-01-05 00:00:00+09:00,600.6505948153409,600.6505948153409,529.8543088259397,532.835205078125,9800,0.0,0.0
2009-01-06 00:00:00+09:00,526.8735209842692,526.8735209842692,523.1473999023438,523.1473999023438,12600,0.0,0.0
2009-01-07 00:00:00+09:00,526.8735685198002,526.8735685198002,519.4213256835938,519.4213256835938,17900,0.0,0.0
2009-01-08 00:00:00+09:00,517.9308552691659,517.9308552691659,494.08367919921875,494.08367919921875,32000,0.0,0.0
2009-01-09 00:00:00+09:00,497.06461375886676,497.06461375886676,477.68878173828125,477.68878173828125,42100,0.0,0.0
2009-01-13 00:00:00+09:00,478.4338707785004,478.4338707785004,460.5484924316406,460.5484924316406,49000,0.0,0.0
2009-01-14 00:00:00+09:00,465.76499938964844,472.4720153808594,465.76499938964844,472.4720153808594,14700,0.0,0.0
2009-01-15 00:00:00+09:00,464.27464164057864,470.9816589355469,464.27464164057864,470.9816589355469,46200,0.0,0.0
2009-01-16 00:00:00+09:00,470.98161088757047,495.5740051269531,470.98161088757047,495.5740051269531,27800,0.0,0.0
2009-01-19 00:00:00+09:00,495.57386820901655,497.8095397949219,495.57386820901655,497.8095397949219,30900,0.0,0.0
2009-01-20 00:00:00+09:00,477.68864431410935,478.4338684082031,477.68864431410935,478.4338684082031,39900,0.0,0.0
2009-01-21 00:00:00+09:00,479.9243189740721,479.9243189740721,460.5484924316406,460.5484924316406,31900,0.0,0.0
2009-01-22 00:00:00+09:00,461.2937142440463,478.4338684082031,461.2937142440463,478.4338684082031,7800,0.0,0.0
2009-01-23 00:00:00+09:00,476.19811982515324,476.19811982515324,467.25543212890625,467.25543212890625,19300,0.0,0.0
2009-01-26 00:00:00+09:00,470.23634338378906,470.23634338378906,468.00067138671875,468.00067138671875,10300,0.0,0.0
2009-01-27 00:00:00+09:00,465.0198463405831,500.0453796386719,465.0198463405831,500.0453796386719,18400,0.0,0.0
2009-01-28 00:00:00+09:00,501.5358280928859,501.5358280928859,498.554931640625,498.554931640625,14300,0.0,0.0
2009-01-29 00:00:00+09:00,497.06450129582333,497.06450129582333,484.39569091796875,484.39569091796875,71200,0.0,0.0
2009-01-30 00:00:00+09:00,480.6694489938241,482.9051208496094,480.6694489938241,482.9051208496094,23700,0.0,0.0
2009-02-02 00:00:00+09:00,485.14096920641947,485.14096920641947,456.82244873046875,456.82244873046875,26800,0.0,0.0
2009-02-03 00:00:00+09:00,456.822357630219,456.822357630219,452.35101318359375,452.35101318359375,25700,0.0,0.0
2009-02-04 00:00:00+09:00,456.0770723161096,461.2936401367187,456.0770723161096,461.29364013671875,19700,0.0,0.0
2009-02-05 00:00:00+09:00,457.5674441449054,459.0578918457031,457.5674441449054,459.0578918457031,23200,0.0,0.0
2009-02-06 00:00:00+09:00,452.35101318359375,452.35101318359375,452.35101318359375,452.35101318359375,5700,0.0,0.0
2009-02-09 00:00:00+09:00,454.5866394042969,454.5866394042969,423.2872314453125,423.2872314453125,6800,0.0,0.0
2009-02-10 00:00:00+09:00,434.465621688739,438.93696599428347,431.4847254850427,438.1917419433594,6100,0.0,0.0
2009-02-12 00:00:00+09:00,428.50375350233145,428.50375350233145,427.0133056640625,427.0133056640625,16100,0.0,0.0
2009-02-13 00:00:00+09:00,430.73942509799826,430.73942509799826,425.5228576660156,425.5228576660156,7100,0.0,0.0
2009-02-16 00:00:00+09:00,428.5038741727501,437.4465637207031,428.5038741727501,437.4465637207031,6700,0.0,0.0
2009-02-17 00:00:00+09:00,443.408310195147,443.408310195147,439.6821899414063,439.68218994140625,2400,0.0,0.0
2009-02-18 00:00:00+09:00,429.9942927417788,434.46563720703125,429.9942927417788,434.46563720703125,15200,0.0,0.0
2009-02-19 00:00:00+09:00,427.1597670478061,431.4847412109375,427.1597670478061,431.4847412109375,31200,0.0,0.0
2009-02-20 00:00:00+09:00,427.0133208694992,427.0133208694992,426.2680969238281,426.2680969238281,66800,0.0,0.0
2009-02-23 00:00:00+09:00,427.01341479757554,427.01341479757554,411.36370849609375,411.36370849609375,15300,0.0,0.0
2009-02-24 00:00:00+09:00,415.0897674560547,415.8349914550781,415.0897674560547,415.8349914550781,17800,0.0,0.0
2009-02-25 00:00:00+09:00,404.65661626693304,406.1470642089844,404.65661626693304,406.1470642089844,16800,0.0,0.0
2009-02-26 00:00:00+09:00,406.14706426477517,407.63751220703125,406.14706426477517,407.63751220703125,16200,0.0,0.0
2009-02-27 00:00:00+09:00,411.36363222974114,412.1088562011719,411.36363222974114,412.1088562011719,7200,0.0,0.0
2009-03-02 00:00:00+09:00,430.73956559476477,430.73956559476477,418.81597900390625,418.81597900390625,16500,0.0,0.0
2009-03-03 00:00:00+09:00,414.34465046100786,414.34465046100786,413.59942626953125,413.59942626953125,5800,0.0,0.0
2009-03-04 00:00:00+09:00,419.5611559615852,431.4847412109375,419.5611559615852,431.4847412109375,5600,0.0,0.0
2009-03-05 00:00:00+09:00,443.40838481340046,449.37017822265625,443.40838481340046,449.37017822265625,18800,0.0,0.0
2009-03-06 00:00:00+09:00,441.91787750814075,441.91787750814075,438.9369812011718,438.9369812011719,44800,0.0,0.0
2009-03-09 00:00:00+09:00,431.4847413696078,431.4847413696078,429.9942932128906,429.9942932128906,18100,0.0,0.0
2009-03-10 00:00:00+09:00,421.051618904903,432.22998046875006,421.051618904903,432.22998046875,9400,0.0,0.0
2009-03-11 00:00:00+09:00,448.67498708636015,450.1153564453125,448.67498708636015,450.1153564453125,15800,0.0,0.0
2009-03-12 00:00:00+09:00,448.62490764680456,454.5867004394531,448.62490764680456,454.5867004394531,30200,0.0,0.0
2009-03-13 00:00:00+09:00,457.56746020860504,464.27447509765625,457.56746020860504,464.27447509765625,213800,0.0,0.0
2009-03-16 00:00:00+09:00,476.9435248940678,483.6505432128906,476.9435248940678,483.6505432128906,34500,0.0,0.0
2009-03-17 00:00:00+09:00,482.9052135539505,482.9052135539505,473.9625244140625,473.9625244140625,33700,0.0,0.0
2009-03-18 00:00:00+09:00,478.4338222834618,489.6121826171875,478.4338222834618,489.6121826171875,28200,0.0,0.0
2009-03-19 00:00:00+09:00,485.8860625059456,489.6121826171875,485.8860625059456,489.6121826171875,43900,0.0,0.0
2009-03-23 00:00:00+09:00,484.39562914965745,496.3192138671875,484.39562914965745,496.3192138671875,41600,0.0,0.0
2009-03-24 00:00:00+09:00,516.4403101186283,516.4403101186283,500.0453796386719,500.0453796386719,41900,0.0,0.0
2009-03-25 00:00:00+09:00,498.55486942685883,540.2874145507812,498.55486942685883,540.2874145507812,8500,0.0,0.0
2009-03-26 00:00:00+09:00,506.0251918556416,510.54327392578125,506.0251918556416,510.54327392578125,15500,7.5,0.0
2009-03-27 00:00:00+09:00,510.5434523783457,510.5434523783457,503.7663269042969,503.7663269042969,27200,0.0,0.0
2009-03-30 00:00:00+09:00,512.8023573154644,512.8023573154644,487.19989013671875,487.19989013671875,22300,0.0,0.0
2009-03-31 00:00:00+09:00,490.96494240956764,494.7300109863281,490.96494240956764,494.7300109863281,24000,0.0,0.0
2009-04-01 00:00:00+09:00,518.8266399305237,518.8266399305237,513.5555419921875,513.5555419921875,11200,0.0,0.0
2009-04-02 00:00:00+09:00,519.5795353951214,523.3446044921875,519.5795353951214,523.3446044921875,10200,0.0,0.0
2009-04-03 00:00:00+09:00,527.8626559670903,527.8626559670903,526.3566284179688,526.3566284179688,9700,0.0,0.0
2009-04-06 00:00:00+09:00,544.4291152628523,544.4291152628523,529.3688354492188,529.3688354492188,6100,0.0,0.0
2009-04-07 00:00:00+09:00,532.3809092014044,532.3809092014044,524.8507690429688,524.8507690429688,14800,0.0,0.0
2009-04-08 00:00:00+09:00,528.6157180498232,528.6157180498232,518.8265380859375,518.8265380859375,7800,0.0,0.0
2009-04-09 00:00:00+09:00,541.4170299953885,542.1700439453125,541.4170299953885,542.1700439453125,14500,0.0,0.0
2009-04-10 00:00:00+09:00,528.6157896481612,532.380859375,528.6157896481612,532.380859375,13000,0.0,0.0
2009-04-13 00:00:00+09:00,527.1098166789085,528.6158447265625,527.1098166789085,528.6158447265625,5400,0.0,0.0
2009-04-14 00:00:00+09:00,519.5795667016213,520.3325805664062,519.5795667016213,520.3325805664062,6200,0.0,0.0
2009-04-15 00:00:00+09:00,522.5914459228516,524.0974731445312,522.5914459228516,524.0974731445312,4500,0.0,0.0
2009-04-16 00:00:00+09:00,514.3085728211587,524.8507690429688,514.3085728211587,524.8507690429688,26100,0.0,0.0
2009-04-17 00:00:00+09:00,527.8627297814373,533.8868408203125,527.8627297814373,533.8868408203125,34300,0.0,0.0
2009-04-20 00:00:00+09:00,533.1338331719406,537.6519165039062,533.1338331719406,537.6519165039062,67600,0.0,0.0
2009-04-21 00:00:00+09:00,513.5555419921875,513.5555419921875,513.5555419921875,513.5555419921875,27300,0.0,0.0
2009-04-22 00:00:00+09:00,514.3085133234661,514.3085133234661,506.0253601074219,506.0253601074219,3300,0.0,0.0
2009-04-23 00:00:00+09:00,503.7662323220803,515.814453125,503.7662323220803,515.814453125,7900,0.0,0.0
2009-04-24 00:00:00+09:00,518.0138204110219,526.3566284179688,518.0138204110219,526.3566284179688,5100,0.0,0.0
2009-04-27 00:00:00+09:00,515.6971058087129,515.6971058087129,500.75421142578125,500.75421142578125,29200,0.0,0.0
2009-04-28 00:00:00+09:00,500.0011237260916,500.0011237260916,487.19989013671875,487.19989013671875,20100,0.0,0.0
2009-04-30 00:00:00+09:00,518.073473287973,518.073473287973,507.5312805175781,507.5312805175781,18600,0.0,0.0
2009-05-01 00:00:00+09:00,502.2602289865708,509.03735351562494,502.2602289865708,509.037353515625,5800,0.0,0.0
2009-05-07 00:00:00+09:00,526.3566681084606,526.3566681084606,521.0855712890625,521.0855712890625,10500,0.0,0.0
2009-05-08 00:00:00+09:00,524.8506254776664,524.8506254776664,519.5795288085938,519.5795288085938,6400,0.0,0.0
2009-05-11 00:00:00+09:00,518.8266399305237,518.8266399305237,513.5555419921875,513.5555419921875,10400,0.0,0.0
2009-05-12 00:00:00+09:00,516.6839093646398,516.6839093646398,509.03735351562494,509.037353515625,11800,0.0,0.0
2009-05-13 00:00:00+09:00,509.79034272354016,515.814453125,509.79034272354016,515.814453125,7900,0.0,0.0
2009-05-14 00:00:00+09:00,508.28437861857765,508.28437861857765,506.7783508300781,506.7783508300781,19600,0.0,0.0
2009-05-15 00:00:00+09:00,518.8265528368363,520.3325805664062,518.8265528368363,520.3325805664062,34500,0.0,0.0
2009-05-18 00:00:00+09:00,514.3084173867869,518.073486328125,514.3084173867869,518.073486328125,5200,0.0,0.0
2009-05-19 00:00:00+09:00,516.5675258443813,521.838623046875,516.5675258443813,521.838623046875,32300,0.0,0.0
2009-05-20 00:00:00+09:00,519.57937630865,522.5914306640625,519.57937630865,522.5914306640625,47300,0.0,0.0
2009-05-21 00:00:00+09:00,504.5192704962555,509.03735351562494,504.5192704962555,509.037353515625,10800,0.0,0.0
2009-05-22 00:00:00+09:00,500.7541423500655,503.01318359375,500.7541423500655,503.01318359375,8000,0.0,0.0
2009-05-25 00:00:00+09:00,506.7782980392228,506.7782980392228,504.5192565917968,504.5192565917969,14400,0.0,0.0
2009-05-26 00:00:00+09:00,501.50731813313325,513.5555419921875,501.50731813313325,513.5555419921875,10000,0.0,0.0
2009-05-27 00:00:00+09:00,520.3325657726891,520.3325657726891,518.8265380859375,518.8265380859375,5200,0.0,0.0
2009-05-28 00:00:00+09:00,518.8266017202415,518.8266017202415,512.802490234375,512.802490234375,9600,0.0,0.0
2009-05-29 00:00:00+09:00,514.3084173867869,518.073486328125,514.3084173867869,518.073486328125,15100,0.0,0.0
2009-06-01 00:00:00+09:00,523.3446486360166,527.8627319335938,523.3446486360166,527.8627319335938,14500,0.0,0.0
2009-06-02 00:00:00+09:00,524.9354748745831,524.9354748745831,523.3446044921875,523.3446044921875,7800,0.0,0.0
2009-06-03 00:00:00+09:00,519.5795139046603,519.5795139046603,518.073486328125,518.073486328125,6600,0.0,0.0
2009-06-04 00:00:00+09:00,507.531266081119,507.531266081119,503.01318359375,503.01318359375,13400,0.0,0.0
2009-06-05 00:00:00+09:00,502.26038684266985,502.26038684266985,496.9892883300781,496.9892883300781,13000,0.0,0.0
2009-06-08 00:00:00+09:00,500.0012977807543,500.0012977807543,498.4952697753906,498.4952697753906,13700,0.0,0.0
2009-06-09 00:00:00+09:00,492.4710239340191,492.4710239340191,490.9649963378906,490.9649963378906,10200,0.0,0.0
2009-06-10 00:00:00+09:00,493.97704931052334,500.00115966796875,493.97704931052334,500.00115966796875,19700,0.0,0.0
2009-06-11 00:00:00+09:00,506.0253083881579,506.0253083881579,500.75421142578125,500.75421142578125,15700,0.0,0.0
2009-06-12 00:00:00+09:00,506.7782875228102,515.814453125,506.7782875228102,515.814453125,150300,0.0,0.0
2009-06-15 00:00:00+09:00,540.6639404296875,542.9229819635163,531.6277742943724,540.6639404296875,29200,0.0,0.0
2009-06-16 00:00:00+09:00,526.3567970746559,530.1218671538737,522.5917269954381,524.8507690429688,14800,0.0,0.0
2009-06-17 00:00:00+09:00,585.0917127751446,587.3507541372109,561.7482853671272,585.8447265625,79800,0.0,0.0
2009-06-18 00:00:00+09:00,575.3025349406453,579.8206176757812,570.0314384163199,579.8206176757812,56200,0.0,0.0
2009-06-19 00:00:00+09:00,592.621796953755,592.621796953755,576.0554951329385,583.5856323242188,127200,0.0,0.0
2009-06-22 00:00:00+09:00,596.3869923347205,604.670145006036,596.3869923347205,599.3990478515625,21900,0.0,0.0
2009-06-23 00:00:00+09:00,585.8447644842146,600.9050412061738,583.5857229759207,586.5977783203125,17700,0.0,0.0
2009-06-24 00:00:00+09:00,585.8447265625,585.8447265625,585.8447265625,585.8447265625,8800,0.0,0.0
2009-06-25 00:00:00+09:00,590.3628813010364,606.1761727644571,585.8447980257735,599.3990478515625,6100,0.0,0.0
2009-06-26 00:00:00+09:00,594.8809707774949,608.4352207445771,594.8809707774949,603.1641235351562,16600,0.0,0.0
2009-06-29 00:00:00+09:00,603.9172275329969,611.4473675271739,603.9172275329969,606.17626953125,19700,0.0,0.0
2009-06-30 00:00:00+09:00,613.7063690222183,632.5317177652311,612.9533550724977,627.2606201171875,17700,0.0,0.0
2009-07-01 00:00:00+09:00,597.1398828064866,613.706184725456,595.6338553593076,611.4471435546875,17000,0.0,0.0
2009-07-02 00:00:00+09:00,625.0015262598997,625.0015262598997,599.3990540998557,603.1641235351562,11500,0.0,0.0
2009-07-03 00:00:00+09:00,591.1158742771704,598.6460128029943,591.1158742771704,594.1279296875,15600,0.0,0.0
2009-07-06 00:00:00+09:00,591.8688881297528,602.4110820659062,591.1158742771704,594.1279296875,8000,0.0,0.0
2009-07-07 00:00:00+09:00,593.3748748931126,615.9652889118859,593.3748748931126,605.423095703125,21500,0.0,0.0
2009-07-08 00:00:00+09:00,602.4109816188134,602.4109816188134,585.0916658972725,593.3748168945312,8800,0.0,0.0
2009-07-09 00:00:00+09:00,594.1278315617488,594.1278315617488,581.3265981820913,587.3507080078125,4700,0.0,0.0
2009-07-10 00:00:00+09:00,590.3629065081004,593.3749621535499,582.8327673944766,592.6219482421875,19900,0.0,0.0
2009-07-13 00:00:00+09:00,595.6339633916718,595.6339633916718,575.3025891671773,576.0556030273438,5900,0.0,0.0
2009-07-14 00:00:00+09:00,583.5857115656568,583.5857115656568,569.278448959531,573.0435180664062,19100,0.0,0.0
2009-07-15 00:00:00+09:00,595.6340113648581,595.6340113648581,573.0435937404008,574.5496215820312,12100,0.0,0.0
2009-07-16 00:00:00+09:00,586.5978976814928,587.3509116708143,576.055701830991,576.8087158203125,35400,0.0,0.0
2009-07-17 00:00:00+09:00,591.1158910290949,591.8689049030172,585.0917800377156,589.60986328125,77500,0.0,0.0
2009-07-21 00:00:00+09:00,590.3627469982506,591.8687744140625,586.5976784587209,591.8687744140625,3900,0.0,0.0
2009-07-22 00:00:00+09:00,598.6459878333529,606.1761260450932,598.6459878333529,600.905029296875,7300,0.0,0.0
2009-07-23 00:00:00+09:00,597.8928688205018,599.3988961978835,590.3627319335938,590.3627319335938,11300,0.0,0.0
2009-07-24 00:00:00+09:00,593.3749326508621,598.646029768319,586.5978077855603,589.60986328125,5700,0.0,0.0
2009-07-27 00:00:00+09:00,597.139972025684,597.139972025684,584.3387368120186,586.5977783203125,8300,0.0,0.0
2009-07-28 00:00:00+09:00,594.1278243920111,594.1278243920111,583.5856323242188,583.5856323242188,2200,0.0,0.0
2009-07-29 00:00:00+09:00,583.5856323242188,584.3386460433468,582.8326186050907,583.5856323242188,2900,0.0,0.0
2009-07-30 00:00:00+09:00,582.0797093979855,582.0797093979855,564.7603907483689,566.2664184570312,4200,0.0,0.0
2009-07-31 00:00:00+09:00,563.2544263614121,568.525523934313,558.7363427274971,560.2423706054688,7300,0.0,0.0
2009-08-03 00:00:00+09:00,567.0194960563414,568.525523934313,560.2423706054688,560.2423706054688,11300,0.0,0.0
2009-08-04 00:00:00+09:00,572.2905377743241,572.2905377743241,563.2543713884137,564.0073852539062,9700,0.0,0.0
2009-08-05 00:00:00+09:00,569.2785057027072,569.2785057027072,562.5013806348179,563.25439453125,4400,0.0,0.0
2009-08-06 00:00:00+09:00,565.5134193157328,567.7724609375,564.7604054418103,567.7724609375,2700,0.0,0.0
2009-08-07 00:00:00+09:00,565.5134887695312,567.0195167023395,553.4652653070646,565.5134887695312,9700,0.0,0.0
2009-08-10 00:00:00+09:00,562.5014157414909,576.0556667232136,562.5014157414909,570.0315551757812,7400,0.0,0.0
2009-08-11 00:00:00+09:00,566.2663083452608,591.8687744140625,566.2663083452608,591.8687744140625,4800,0.0,0.0
2009-08-12 00:00:00+09:00,586.5977403498554,589.609795499277,585.0917127751446,585.8447265625,23400,0.0,0.0
2009-08-13 00:00:00+09:00,587.3506771788304,597.139855131811,587.3506771788304,590.3627319335938,8700,0.0,0.0
2009-08-14 00:00:00+09:00,587.3507555676745,594.1278796703784,579.8206176757812,579.8206176757812,24200,0.0,0.0
2009-08-17 00:00:00+09:00,587.3508281481596,587.3508281481596,570.7845227388525,571.5375366210938,7700,0.0,0.0
2009-08-18 00:00:00+09:00,564.7604575717779,573.7966248929264,564.7604575717779,570.0315551757812,5600,0.0,0.0
2009-08-19 00:00:00+09:00,570.0313569529956,571.5373843161475,566.2662885451159,568.5253295898438,22300,0.0,0.0
2009-08-20 00:00:00+09:00,567.7725365048364,586.5978858584449,567.7725365048364,585.0918579101562,36600,0.0,0.0
2009-08-21 00:00:00+09:00,581.3267969787516,586.597894878818,564.7604892928287,567.01953125,5600,0.0,0.0
2009-08-24 00:00:00+09:00,589.6099684238434,589.6099684238434,578.3147583007812,578.3147583007812,22500,0.0,0.0
2009-08-25 00:00:00+09:00,576.0554664056033,577.5614937687551,568.5253295898438,568.5253295898438,12400,0.0,0.0
2009-08-26 00:00:00+09:00,578.3147350455137,586.597888802676,576.0556931117421,579.0677490234375,3700,0.0,0.0
2009-08-27 00:00:00+09:00,582.8327277688419,582.8327277688419,572.2905337265114,576.0556030273438,7900,0.0,0.0
2009-08-28 00:00:00+09:00,583.5858563582102,585.0918843746185,576.0557162761688,578.3147583007812,6100,0.0,0.0
2009-08-31 00:00:00+09:00,576.808762475458,585.0919170279777,567.7725938727094,575.302734375,12100,0.0,0.0
2009-09-02 00:00:00+09:00,564.0073977986815,572.290550503335,564.0073977986815,571.5375366210938,23900,0.0,0.0
2009-09-03 00:00:00+09:00,566.2664268503838,573.0435516398167,564.0073852539062,564.0073852539062,14700,0.0,0.0
2009-09-04 00:00:00+09:00,563.2543118331436,563.2543118331436,557.9832153320312,557.9832153320312,20900,0.0,0.0
2009-09-07 00:00:00+09:00,565.5133546254157,565.5133546254157,551.206092657529,551.9591064453125,5700,0.0,0.0
2009-09-08 00:00:00+09:00,548.9469976657774,558.7361759506267,548.9469976657774,555.72412109375,8000,0.0,0.0
2009-09-09 00:00:00+09:00,557.2302394157472,564.0073639491819,557.2302394157472,558.7362670898438,9800,0.0,0.0
2009-09-10 00:00:00+09:00,566.266485458636,576.8086806666425,566.266485458636,570.0315551757812,8000,0.0,0.0
2009-09-11 00:00:00+09:00,576.055458984375,576.80847265625,561.74819921875,564.76025390625,130500,0.0,0.0
2009-09-14 00:00:00+09:00,566.2664875407795,570.7845712179666,545.9351109934377,548.1941528320312,7000,0.0,0.0
2009-09-15 00:00:00+09:00,551.206232000086,554.9713018907969,543.676092218664,547.441162109375,5900,0.0,0.0
2009-09-16 00:00:00+09:00,552.7121231313197,556.4771920899799,539.910888671875,539.910888671875,6700,0.0,0.0
2009-09-17 00:00:00+09:00,542.1698750535103,549.7000122070312,542.1698750535103,549.7000122070312,22700,0.0,0.0
2009-09-18 00:00:00+09:00,557.2303088527572,560.2423645762856,542.1700302351151,556.477294921875,60600,0.0,0.0
2009-09-21 00:00:00+09:00,556.477294921875,556.477294921875,556.477294921875,556.477294921875,0,0.0,0.0
2009-09-24 00:00:00+09:00,576.8086337967824,576.8086337967824,563.2543839164402,571.5375366210938,19100,0.0,0.0
2009-09-25 00:00:00+09:00,576.4808369140626,576.4808369140626,562.791318359375,570.3966064453125,11800,7.5,0.0
2009-09-28 00:00:00+09:00,570.3967301519563,570.3967301519563,563.5519693901329,567.3546142578125,19200,0.0,0.0
2009-09-29 00:00:00+09:00,567.3545264937543,567.3545264937543,555.1860647995182,557.4676513671875,12800,0.0,0.0
2009-09-30 00:00:00+09:00,557.4678869285736,568.8758245874121,557.4678869285736,568.1152954101562,2500,0.0,0.0
2009-10-01 00:00:00+09:00,560.5097984836526,562.0308562814373,553.6650383936216,555.1860961914062,15700,0.0,0.0
2009-10-02 00:00:00+09:00,532.3703265492771,539.215087890625,524.7650361700017,539.215087890625,11400,0.0,0.0
2009-10-05 00:00:00+09:00,536.1729488483054,536.1729488483054,524.004484760968,526.2860717773438,5600,0.0,0.0
2009-10-06 00:00:00+09:00,525.525518375098,532.3702791064669,512.5965258825124,514.8781127929688,5100,0.0,0.0
2009-10-07 00:00:00+09:00,515.6386657009235,530.8492458100953,515.6386657009235,526.2860717773438,6300,0.0,0.0
2009-10-08 00:00:00+09:00,533.8913288745853,535.4123867916069,530.0886840820312,530.0886840820312,3700,0.0,0.0
2009-10-09 00:00:00+09:00,535.4124427009873,542.2572040423352,528.5676813596394,539.215087890625,9200,0.0,0.0
2009-10-13 00:00:00+09:00,527.8072109732111,540.7362060546875,527.8072109732111,540.7362060546875,7600,0.0,0.0
2009-10-14 00:00:00+09:00,540.7359340273101,540.7359340273101,524.7648304906385,529.3280029296875,28900,0.0,0.0
2009-10-15 00:00:00+09:00,536.9333571712527,536.9333571712527,514.8780209701673,515.6385498046875,14600,0.0,0.0
2009-10-16 00:00:00+09:00,523.2439015555452,523.2439015555452,508.03332302195383,512.5964965820312,19900,0.0,0.0
2009-10-19 00:00:00+09:00,504.99111734421433,513.3569340472059,504.99111734421433,511.83587646484375,39200,0.0,0.0
2009-10-20 00:00:00+09:00,518.6808460971765,524.0045497961212,518.6808460971765,520.201904296875,39700,0.0,0.0
2009-10-21 00:00:00+09:00,514.1174921356471,517.1596074737279,514.1174921356471,515.6385498046875,14600,0.0,0.0
2009-10-22 00:00:00+09:00,508.0333496808657,521.7228710794519,508.0333496808657,519.4412841796875,7600,0.0,0.0
2009-10-23 00:00:00+09:00,517.1596701421087,520.9623147755066,512.5964965820312,512.5964965820312,20600,0.0,0.0
2009-10-26 00:00:00+09:00,520.2017808071403,528.5675989195358,517.1596651299055,523.243896484375,9800,0.0,0.0
2009-10-27 00:00:00+09:00,530.8492790566435,535.4124533751819,520.9624013664767,522.4834594726562,16300,0.0,0.0
2009-10-28 00:00:00+09:00,530.0886567581532,530.0886567581532,522.4833675650664,523.243896484375,10800,0.0,0.0
2009-10-29 00:00:00+09:00,523.244020696272,525.5256079958197,520.201904296875,520.201904296875,17500,0.0,0.0
2009-10-30 00:00:00+09:00,525.5254790387835,533.8912970842634,525.5254790387835,532.3702392578125,5700,0.0,0.0
2009-11-02 00:00:00+09:00,524.7650988647982,534.6519775390625,521.7229823496399,534.6519775390625,26700,0.0,0.0
2009-11-04 00:00:00+09:00,522.4833668584408,524.7649536132812,514.8780776756397,524.7649536132812,24500,0.0,0.0
2009-11-05 00:00:00+09:00,515.6386101217831,518.680725815717,511.83596550436584,517.15966796875,23300,0.0,0.0
2009-11-06 00:00:00+09:00,524.7650883115571,524.7650883115571,507.2729187011719,507.2729187011719,15500,0.0,0.0
2009-11-09 00:00:00+09:00,509.55435770420945,509.55435770420945,495.8648376464844,495.8648376464844,11000,0.0,0.0
2009-11-10 00:00:00+09:00,494.3436893416039,499.6673906114366,486.7384018132716,492.8226318359375,10600,0.0,0.0
2009-11-11 00:00:00+09:00,500.42801711988,500.42801711988,482.1753234863281,482.1753234863281,3000,0.0,0.0
2009-11-12 00:00:00+09:00,479.8937391557952,479.8937391557952,473.80950791451727,476.85162353515625,16200,0.0,0.0
2009-11-13 00:00:00+09:00,476.0911564453125,479.1332724609375,463.9226923828125,475.33062744140625,48100,0.0,0.0
2009-11-16 00:00:00+09:00,476.85162117654215,490.54114140170606,476.85162117654215,482.1753234863281,7600,0.0,0.0
2009-11-17 00:00:00+09:00,484.45700809196643,492.06229864286075,468.4858979350884,473.049072265625,14900,0.0,0.0
2009-11-18 00:00:00+09:00,473.809481443722,473.809481443722,461.641019640994,466.9647216796875,4400,0.0,0.0
2009-11-19 00:00:00+09:00,464.683135091676,468.4857794050285,459.35943305298247,466.9647216796875,22400,0.0,0.0
2009-11-20 00:00:00+09:00,471.52789336221474,473.04895108273803,463.16207589933674,470.7673645019531,53900,0.0,0.0
2009-11-24 00:00:00+09:00,478.37275025414635,485.97804040127113,460.8805829157595,463.9226989746094,20500,0.0,0.0
2009-11-25 00:00:00+09:00,458.59899587162204,463.9226989746094,456.3174088274846,463.9226989746094,11300,0.0,0.0
2009-11-26 00:00:00+09:00,458.5989685058594,458.5989685058594,454.03579468988073,458.5989685058594,10000,0.0,0.0
2009-11-27 00:00:00+09:00,450.9936218261718,456.31732393879105,447.19097746001523,450.9936218261719,17000,0.0,0.0
2009-11-30 00:00:00+09:00,474.57015151977544,486.7386169433594,474.57015151977544,486.7386169433594,18000,0.0,0.0
2009-12-01 00:00:00+09:00,487.4990198334302,509.55435770420945,486.73849094133436,495.8648376464844,30000,0.0,0.0
2009-12-02 00:00:00+09:00,499.6676617709073,502.70977843313506,498.1466034397934,501.9492492675781,34100,0.0,0.0
2009-12-03 00:00:00+09:00,513.3570233513327,517.15966796875,507.27279196346507,517.15966796875,11500,0.0,0.0
2009-12-04 00:00:00+09:00,516.399168313335,520.9623421128638,508.0333496808657,519.4412841796875,17000,0.0,0.0
2009-12-07 00:00:00+09:00,520.9621871376587,530.8490607621691,520.9621871376587,527.8069458007812,11600,0.0,0.0
2009-12-08 00:00:00+09:00,527.8069458007812,530.0885320218221,520.2016583973118,527.8069458007812,13800,0.0,0.0
2009-12-09 00:00:00+09:00,529.3282439403044,541.4967093182426,529.3282439403044,533.8914184570312,30700,0.0,0.0
2009-12-10 00:00:00+09:00,546.8203891715282,554.4256797024256,520.9624013664767,522.4834594726562,100700,0.0,0.0
2009-12-11 00:00:00+09:00,527.807182699947,539.9756480071504,520.2018918829449,538.45458984375,132500,0.0,0.0
2009-12-14 00:00:00+09:00,546.0597775829082,558.98876953125,536.9334303252551,558.98876953125,15900,0.0,0.0
2009-12-15 00:00:00+09:00,566.5940031038298,566.5940031038298,541.4965506173514,543.7781372070312,19700,0.0,0.0
2009-12-16 00:00:00+09:00,566.5940296747913,566.5940296747913,548.3413361013752,555.1860961914062,37900,0.0,0.0
2009-12-17 00:00:00+09:00,550.6231689453125,552.9047566619367,529.3283502568197,550.6231689453125,47100,0.0,0.0
2009-12-18 00:00:00+09:00,554.4256333375043,554.4256333375043,538.4545245582347,546.059814453125,99000,0.0,0.0
2009-12-21 00:00:00+09:00,546.0598390007801,560.5098904506616,546.0598390007801,555.9467163085938,32200,0.0,0.0
2009-12-22 00:00:00+09:00,558.2281494140625,559.7492070418937,556.7070917862312,558.2281494140625,4300,0.0,0.0
2009-12-24 00:00:00+09:00,565.833496751811,568.1150834322618,555.946621136524,564.3124389648438,9000,0.0,0.0
2009-12-25 00:00:00+09:00,566.5941189364587,566.5941189364587,555.9467126745654,562.0309448242188,11600,0.0,0.0
2009-12-28 00:00:00+09:00,562.0309403423314,570.3967594813919,562.0309403423314,569.63623046875,9800,0.0,0.0
2009-12-29 00:00:00+09:00,562.0309090309955,571.9177856445312,561.2703800607235,571.9177856445312,10700,0.0,0.0
2009-12-30 00:00:00+09:00,562.7914479014638,564.312505868765,553.6651000976562,553.6651000976562,31000,0.0,0.0
2010-01-04 00:00:00+09:00,543.7782137444678,577.2414884364351,543.7782137444678,571.9177856445312,32700,0.0,0.0
2010-01-05 00:00:00+09:00,572.6782873880173,573.4388163221315,559.7492955080754,565.072998046875,11700,0.0,0.0
2010-01-06 00:00:00+09:00,569.6361643939937,585.6072718069094,568.1151065451446,580.2835693359375,30200,0.0,0.0
2010-01-07 00:00:00+09:00,581.8047128264437,597.0152935539325,581.0441837900693,590.1705322265625,7400,0.0,0.0
2010-01-08 00:00:00+09:00,597.0152945111888,597.0152945111888,585.6073589472808,588.6494750976562,15300,0.0,0.0
2010-01-12 00:00:00+09:00,581.0441837900693,591.6915902993114,579.5231257173205,590.1705322265625,19700,0.0,0.0
2010-01-13 00:00:00+09:00,600.0574350902358,600.8179641587913,585.6073827876827,598.536376953125,2800,0.0,0.0
2010-01-14 00:00:00+09:00,590.9310622104379,591.6915912480317,583.3257718344992,588.6494750976562,20800,0.0,0.0
2010-01-15 00:00:00+09:00,590.1705705640194,590.1705705640194,574.1994597626735,578.7626342773438,52700,0.0,0.0
2010-01-18 00:00:00+09:00,571.1571925205822,581.0440680236015,571.1571925205822,579.5230102539062,12000,0.0,0.0
2010-01-19 00:00:00+09:00,574.9599308645488,585.6073369916701,568.115169782828,574.1994018554688,42200,0.0,0.0
2010-01-20 00:00:00+09:00,575.7204329667079,578.0020198873157,566.5940852842766,567.3546142578125,43000,0.0,0.0
2010-01-21 00:00:00+09:00,564.312499179635,565.8335571289062,562.030912255728,565.8335571289062,25200,0.0,0.0
2010-01-22 00:00:00+09:00,554.4256333375043,554.4256333375043,540.7361115267017,546.059814453125,23600,0.0,0.0
2010-01-25 00:00:00+09:00,553.6650817958663,553.6650817958663,528.5676261650096,530.0886840820312,19500,0.0,0.0
2010-01-26 00:00:00+09:00,537.6938190679441,537.6938190679441,529.3280029296875,529.3280029296875,20300,0.0,0.0
2010-01-27 00:00:00+09:00,536.9333847642117,536.9333847642117,525.5254516601562,525.5254516601562,9800,0.0,0.0
2010-01-28 00:00:00+09:00,528.5676261650096,530.849213040542,528.5676261650096,530.0886840820312,10900,0.0,0.0
2010-01-29 00:00:00+09:00,528.5677338790322,528.5677338790322,507.2729187011719,507.2729187011719,18600,0.0,0.0
2010-02-01 00:00:00+09:00,500.4280366181611,506.51226806640625,492.0622183768241,506.51226806640625,37700,0.0,0.0
2010-02-02 00:00:00+09:00,498.90694806675714,510.3148813304787,491.3016592242761,508.0332946777344,11800,0.0,0.0
2010-02-03 00:00:00+09:00,511.07543658088235,521.7228415096507,511.07543658088235,517.15966796875,10200,0.0,0.0
2010-02-04 00:00:00+09:00,517.159787897478,521.7229624965735,515.6387296977796,520.201904296875,11300,0.0,0.0
2010-02-05 00:00:00+09:00,512.5965279170445,512.5965279170445,511.07546997070307,511.0754699707031,5900,0.0,0.0
2010-02-08 00:00:00+09:00,505.75167495592507,520.9622516463288,505.75167495592507,515.6385498046875,6900,0.0,0.0
2010-02-09 00:00:00+09:00,509.55441202436174,513.3570568902152,503.4701802389962,511.0754699707031,3500,0.0,0.0
2010-02-10 00:00:00+09:00,511.075440181903,511.075440181903,506.51226660885027,509.55438232421875,7100,0.0,0.0
2010-02-12 00:00:00+09:00,517.1596964815237,523.2439282048358,517.1596964815237,520.9623413085938,18600,0.0,0.0
2010-02-15 00:00:00+09:00,528.5676632878368,528.5676632878368,509.55443798971316,518.6807861328125,8000,0.0,0.0
2010-02-16 00:00:00+09:00,517.1597237118407,531.6097748155539,517.1597237118407,526.2860717773438,3200,0.0,0.0
2010-02-17 00:00:00+09:00,527.046656681941,535.4124766292734,527.046656681941,533.8914184570312,6500,0.0,0.0
2010-02-18 00:00:00+09:00,534.6519775390625,536.1730357966417,530.0888027663251,534.6519775390625,21800,0.0,0.0
2010-02-19 00:00:00+09:00,536.1729824282717,536.1729824282717,521.7229304195665,522.4834594726562,42100,0.0,0.0
2010-02-22 00:00:00+09:00,549.1018380495372,555.9465978036172,533.1307319566836,546.8202514648438,25500,0.0,0.0
2010-02-23 00:00:00+09:00,546.8203468860036,546.8203468860036,527.8071220290493,539.9755859375,10400,0.0,0.0
2010-02-24 00:00:00+09:00,528.567474189846,536.1727615882611,527.8069454500045,529.3280029296875,28400,0.0,0.0
2010-02-25 00:00:00+09:00,536.1729814283042,536.1729814283042,522.4834584982198,524.0045166015625,13000,0.0,0.0
2010-02-26 00:00:00+09:00,524.0044539810775,527.0465698242188,524.0044539810775,527.0465698242188,4400,0.0,0.0
2010-03-01 00:00:00+09:00,529.3281236049107,532.3702392578125,521.7228344726562,532.3702392578125,18900,0.0,0.0
2010-03-02 00:00:00+09:00,535.4122940544413,535.4122940544413,529.3280634401863,530.84912109375,7200,0.0,0.0
2010-03-03 00:00:00+09:00,533.1309192814833,534.6519775390625,521.7229823496399,534.6519775390625,3700,0.0,0.0
2010-03-04 00:00:00+09:00,532.370118242863,533.1306469832099,527.0464170604344,527.8069458007812,2300,0.0,0.0
2010-03-05 00:00:00+09:00,531.6097636528334,546.059814453125,531.6097636528334,546.059814453125,18500,0.0,0.0
2010-03-08 00:00:00+09:00,551.3834823796778,555.1861270857446,549.1018955560378,554.4255981445312,11000,0.0,0.0
2010-03-09 00:00:00+09:00,557.4677780805616,568.8757135119511,549.1019587642095,549.8624877929688,4600,0.0,0.0
2010-03-10 00:00:00+09:00,547.5808715820312,548.3414005703397,546.8203425937229,547.5808715820312,17700,0.0,0.0
2010-03-11 00:00:00+09:00,546.8202172053283,558.9886782279781,546.8202172053283,558.2281494140625,3400,0.0,0.0
2010-03-12 00:00:00+09:00,558.9887955489172,567.3546142578125,558.2282665753812,567.3546142578125,136600,0.0,0.0
2010-03-15 00:00:00+09:00,577.2413657226563,577.2413657226563,564.3123759765625,570.3966064453125,31600,0.0,0.0
2010-03-16 00:00:00+09:00,562.7913533584158,563.5518822143056,555.946593655408,557.4676513671875,9300,0.0,0.0
2010-03-17 00:00:00+09:00,555.1860341584,560.5097358558094,543.7781019496657,558.2281494140625,15000,0.0,0.0
2010-03-18 00:00:00+09:00,556.7072734003482,561.2704477724822,554.4256862142812,559.7493896484375,16200,0.0,0.0
2010-03-19 00:00:00+09:00,555.1860647995182,559.7492379348568,555.1860647995182,557.4676513671875,34900,0.0,0.0
2010-03-23 00:00:00+09:00,552.904541015625,555.1861278423745,551.3834831311253,552.904541015625,6000,0.0,0.0
2010-03-24 00:00:00+09:00,551.3835385623255,562.0309448242188,551.3835385623255,562.0309448242188,3600,0.0,0.0
2010-03-25 00:00:00+09:00,571.9177607170116,571.9177607170116,560.5098266601562,560.5098266601562,41300,0.0,0.0
2010-03-26 00:00:00+09:00,568.115110116176,578.0019861958416,568.115110116176,572.6782836914062,41800,0.0,0.0
2010-03-29 00:00:00+09:00,573.8305830299774,578.4396640181701,573.8305830299774,575.366943359375,3200,7.5,0.0
2010-03-30 00:00:00+09:00,579.9760351243361,587.6578369140625,579.9760351243361,587.6578369140625,64800,0.0,0.0
2010-03-31 00:00:00+09:00,579.2079312599311,595.3397171438284,579.2079312599311,589.1942749023438,34000,0.0,0.0
2010-04-01 00:00:00+09:00,594.5713029692445,610.7030825071697,594.5713029692445,606.8621826171875,28700,0.0,0.0
2010-04-02 00:00:00+09:00,613.0078157408047,613.0078157408047,606.8623739789922,607.6305541992188,12400,0.0,0.0
2010-04-05 00:00:00+09:00,610.7031098576903,610.7031098576903,603.7894897460938,603.7894897460938,27200,0.0,0.0
2010-04-06 00:00:00+09:00,611.4714738620704,611.4714738620704,592.2669677734375,592.2669677734375,31400,0.0,0.0
2010-04-07 00:00:00+09:00,595.3395970337226,604.5577585361802,595.3395970337226,600.7168579101562,43200,0.0,0.0
2010-04-08 00:00:00+09:00,603.0213097336942,606.8622097956923,603.0213097336942,603.7894897460938,44100,0.0,0.0
2010-04-09 00:00:00+09:00,602.2534305209673,605.3261521052578,592.2670853720226,597.6443481445312,43500,0.0,0.0
2010-04-12 00:00:00+09:00,583.817017389113,602.2533442540323,583.817017389113,595.3397216796875,23800,0.0,0.0
2010-04-13 00:00:00+09:00,595.3395744679506,595.3395744679506,590.7304938914244,593.0350341796875,7900,0.0,0.0
2010-04-14 00:00:00+09:00,599.1804535534917,604.5577140341,599.1804535534917,602.253173828125,43300,0.0,0.0
2010-04-15 00:00:00+09:00,599.94863362215,605.3258941027583,599.94863362215,602.253173828125,3400,0.0,0.0
2010-04-16 00:00:00+09:00,598.4122948523012,598.4122948523012,592.2668540835998,593.0350341796875,18700,0.0,0.0
2010-04-19 00:00:00+09:00,584.5851840287169,586.8897248330351,576.1352010795501,576.9033813476562,37900,0.0,0.0
2010-04-20 00:00:00+09:00,583.0486976804708,586.121418089854,580.7441573734334,582.280517578125,41700,0.0,0.0
2010-04-21 00:00:00+09:00,591.4988039320222,596.8760657859497,591.4988039320222,593.8033447265625,31500,0.0,0.0
2010-04-22 00:00:00+09:00,586.1215901799227,589.9624918193717,580.744327884694,586.8897705078125,6300,0.0,0.0
2010-04-23 00:00:00+09:00,580.7442641202578,592.2669677734375,580.7442641202578,592.2669677734375,8600,0.0,0.0
2010-04-26 00:00:00+09:00,592.2669497946873,613.7759959610313,592.2669497946873,607.6305541992188,21900,0.0,0.0
2010-04-27 00:00:00+09:00,596.875940645658,600.7168411646134,596.107760541867,599.1804809570312,2900,0.0,0.0
2010-04-28 00:00:00+09:00,587.6577951531661,587.6577951531661,581.5123541581004,583.81689453125,21900,0.0,0.0
2010-04-30 00:00:00+09:00,595.3394829472409,606.8621826171875,595.3394829472409,606.8621826171875,7000,0.0,0.0
2010-05-06 00:00:00+09:00,595.3396328300505,605.3259750581675,591.4987319730825,598.412353515625,26400,0.0,0.0
2010-05-07 00:00:00+09:00,569.9896630406064,581.5123651236374,569.9896630406064,579.2078247070312,21900,0.0,0.0
2010-05-10 00:00:00+09:00,579.9759605448082,580.744140625,569.9896195023148,580.744140625,10000,0.0,0.0
2010-05-11 00:00:00+09:00,588.4259693876227,591.4986898543987,577.6714477539062,577.6714477539062,10700,0.0,0.0
2010-05-12 00:00:00+09:00,568.4532532717456,577.6714141356117,568.4532532717456,574.5986938476562,3200,0.0,0.0
2010-05-13 00:00:00+09:00,568.4532757359004,592.2668589086205,568.4532757359004,582.280517578125,24400,0.0,0.0
2010-05-14 00:00:00+09:00,586.889665011015,594.571466909065,584.5851244416,588.426025390625,21600,0.0,0.0
2010-05-17 00:00:00+09:00,579.9760906667974,581.512451171875,578.4397301617198,581.512451171875,12700,0.0,0.0
2010-05-18 00:00:00+09:00,578.4396445681625,585.3532658179812,578.4396445681625,579.2078247070312,4700,0.0,0.0
2010-05-19 00:00:00+09:00,568.4532711048818,593.8032142757752,568.4532711048818,593.0350341796875,25300,0.0,0.0
2010-05-20 00:00:00+09:00,593.0350560238487,593.0350560238487,583.81689453125,583.81689453125,7100,0.0,0.0
2010-05-21 00:00:00+09:00,577.6714838534713,577.6714838534713,574.5987631946763,575.366943359375,31400,0.0,0.0
2010-05-24 00:00:00+09:00,573.8305471704361,578.4396278706002,569.989646586966,577.6714477539062,22800,0.0,0.0
2010-05-25 00:00:00+09:00,563.8442056534138,577.6714477539062,563.8442056534138,577.6714477539062,33500,0.0,0.0
2010-05-26 00:00:00+09:00,571.5259695014068,573.8305097010093,563.0759887695312,563.0759887695312,27100,0.0,0.0
2010-05-27 00:00:00+09:00,556.1623450736947,557.698705142959,545.4078245888443,555.3941650390625,22100,0.0,0.0
2010-05-28 00:00:00+09:00,559.2350652122234,562.307785350752,549.2487247620052,555.3941650390625,6700,0.0,0.0
2010-05-31 00:00:00+09:00,554.6260375976562,555.3942177051323,553.0896773827043,554.6260375976562,9600,0.0,0.0
2010-06-01 00:00:00+09:00,543.8714688929116,573.0623104436611,543.8714688929116,566.9168701171875,6800,0.0,0.0
2010-06-02 00:00:00+09:00,558.4668896682863,567.6850501579967,558.4668896682863,566.9168701171875,10000,0.0,0.0
2010-06-03 00:00:00+09:00,569.9896712347372,582.2805536333299,569.9896712347372,579.9760131835938,34800,0.0,0.0
2010-06-04 00:00:00+09:00,576.9033813476562,580.7442826881866,570.7579392028077,576.9033813476562,12700,0.0,0.0
2010-06-07 00:00:00+09:00,572.2942685883621,572.2942685883621,552.3215827047413,556.9306640625,6800,0.0,0.0
2010-06-08 00:00:00+09:00,551.5533171677523,560.0032983499881,549.2487768453244,554.6260375976562,6400,0.0,0.0
2010-06-09 00:00:00+09:00,552.3214972752284,555.3942177051323,549.2487768453244,554.6260375976562,2000,0.0,0.0
2010-06-10 00:00:00+09:00,564.6125367199361,569.2216186523438,564.6125367199361,569.2216186523438,11100,0.0,0.0
2010-06-11 00:00:00+09:00,580.7441990285988,580.7441990285988,552.321533203125,552.321533203125,176800,0.0,0.0
2010-06-14 00:00:00+09:00,552.3214865883629,560.0032875144875,552.3214865883629,559.235107421875,2900,0.0,0.0
2010-06-15 00:00:00+09:00,555.3942069588127,563.8441879775498,555.3942069588127,559.235107421875,3400,0.0,0.0
2010-06-16 00:00:00+09:00,563.8441499539507,567.6850501579967,560.7714297907139,566.9168701171875,8300,0.0,0.0
2010-06-17 00:00:00+09:00,564.6123319905042,564.6123319905042,559.2350716858327,561.5396118164062,46300,0.0,0.0
2010-06-18 00:00:00+09:00,563.0760247217465,563.0760247217465,557.6987639126712,560.771484375,122000,0.0,0.0
2010-06-21 00:00:00+09:00,561.5396867906725,568.4533081054688,561.5396867906725,568.4533081054688,14000,0.0,0.0
2010-06-22 00:00:00+09:00,559.235107421875,560.7714676070999,556.9305671440376,559.235107421875,4500,0.0,0.0
2010-06-23 00:00:00+09:00,553.0897629310344,559.2352047413793,553.0897629310344,556.9306640625,7600,0.0,0.0
2010-06-24 00:00:00+09:00,564.612466325431,564.612466325431,556.9306640625,556.9306640625,1500,0.0,0.0
2010-06-25 00:00:00+09:00,560.7714317728818,561.5396118164062,554.6259914246858,561.5396118164062,15300,0.0,0.0
2010-06-28 00:00:00+09:00,566.148685523913,566.148685523913,555.3941650390625,555.3941650390625,6100,0.0,0.0
2010-06-29 00:00:00+09:00,563.8442185320781,563.8442185320781,550.0169761157601,550.78515625,8100,0.0,0.0
2010-06-30 00:00:00+09:00,535.4214629694692,543.8714430163332,535.4214629694692,542.3350830078125,10200,0.0,0.0
2010-07-01 00:00:00+09:00,536.9580197024654,538.4943802738602,532.3489379882812,532.3489379882812,6100,0.0,0.0
2010-07-02 00:00:00+09:00,529.2761758316394,532.3488967363224,523.8989142484443,528.5079956054688,10500,0.0,0.0
2010-07-05 00:00:00+09:00,526.9716269147448,528.5079873430676,526.2034467005834,527.7398071289062,9200,0.0,0.0
2010-07-06 00:00:00+09:00,523.8989467731101,531.5807495117188,523.8989467731101,531.5807495117188,10300,0.0,0.0
2010-07-07 00:00:00+09:00,527.7397988544608,530.0443394608122,526.2034384502266,526.9716186523438,12400,0.0,0.0
2010-07-08 00:00:00+09:00,534.6532829652089,547.7123430376349,533.1169229566882,542.3350830078125,8600,0.0,0.0
2010-07-09 00:00:00+09:00,543.8714430163332,548.4805230418954,541.566903003552,542.3350830078125,5800,0.0,0.0
2010-07-12 00:00:00+09:00,537.726228711221,537.726228711221,529.2762451171875,529.2762451171875,4300,0.0,0.0
2010-07-13 00:00:00+09:00,530.0441753262936,530.0441753262936,516.9851159341965,517.7532958984375,24000,0.0,0.0
2010-07-14 00:00:00+09:00,526.9716269147448,528.5079873430676,526.2034467005834,527.7398071289062,6300,0.0,0.0
2010-07-15 00:00:00+09:00,542.335179803655,542.335179803655,523.1306762695312,523.1306762695312,15800,0.0,0.0
2010-07-16 00:00:00+09:00,523.1308512968176,527.7399336870978,520.8263101016773,522.3626708984375,32000,0.0,0.0
2010-07-21 00:00:00+09:00,524.6671260681603,528.5080274302991,520.0580444335938,520.0580444335938,16700,0.0,0.0
2010-07-22 00:00:00+09:00,522.3625816657529,529.2762040701526,522.3625816657529,525.435302734375,3900,0.0,0.0
2010-07-23 00:00:00+09:00,533.1171508964198,536.189872227235,533.1171508964198,535.4216918945312,6400,0.0,0.0
2010-07-26 00:00:00+09:00,536.1898264745523,536.1898264745523,522.3625816657529,525.435302734375,4400,0.0,0.0
2010-07-27 00:00:00+09:00,523.1305695906929,532.3487294072689,521.5942096212635,530.044189453125,4200,0.0,0.0
2010-07-28 00:00:00+09:00,538.4942736728586,540.0306339401136,533.1170127374663,533.8851928710938,9500,0.0,0.0
2010-07-29 00:00:00+09:00,527.7398435358416,529.2762040701526,525.435302734375,525.435302734375,15400,0.0,0.0
2010-07-30 00:00:00+09:00,522.3625385330384,523.1307187367635,506.9989344585373,510.0716552734375,31900,0.0,0.0
2010-08-02 00:00:00+09:00,520.8261865601504,520.8261865601504,510.83984375,510.83984375,4200,0.0,0.0
2010-08-03 00:00:00+09:00,526.2034332365413,528.507973820059,520.0579916804941,520.826171875,2700,0.0,0.0
2010-08-04 00:00:00+09:00,516.9852854793234,523.1307272086466,510.07166353383457,510.83984375,5600,0.0,0.0
2010-08-05 00:00:00+09:00,518.5215897581375,520.8261301570626,516.9852294921875,516.9852294921875,2900,0.0,0.0
2010-08-06 00:00:00+09:00,511.6078914181841,520.0578716067728,511.6078914181841,515.4487915039062,6000,0.0,0.0
2010-08-09 00:00:00+09:00,513.1443760883377,513.1443760883377,509.3034750697124,510.0716552734375,4500,0.0,0.0
2010-08-10 00:00:00+09:00,512.3761146336703,512.3761146336703,500.853413405027,505.4624938964844,11400,0.0,0.0
2010-08-11 00:00:00+09:00,499.31724071502686,499.31724071502686,490.86725664138794,491.63543701171875,7400,0.0,0.0
2010-08-12 00:00:00+09:00,479.3444731799586,487.0262756347656,476.27175219803576,487.0262756347656,7700,0.0,0.0
2010-08-13 00:00:00+09:00,487.0262062591022,488.56256653121295,485.4898459869915,486.2580261230469,11700,0.0,0.0
2010-08-16 00:00:00+09:00,485.4898821149554,486.2580623081752,483.9535217285156,483.9535217285156,3400,0.0,0.0
2010-08-17 00:00:00+09:00,480.88078713718846,485.4898681640625,480.88078713718846,485.4898681640625,7500,0.0,0.0
2010-08-18 00:00:00+09:00,483.1853791233907,495.4762631710445,480.11265811147723,493.1717224121094,9700,0.0,0.0
2010-08-19 00:00:00+09:00,492.40348665677584,501.6216486534706,492.40348665677584,499.3171081542969,26500,0.0,0.0
2010-08-20 00:00:00+09:00,494.7080444335938,495.47622462681363,483.9535217285156,483.9535217285156,41000,0.0,0.0
2010-08-23 00:00:00+09:00,480.11259878835375,480.11259878835375,475.50351783998553,476.2716979980469,6500,0.0,0.0
2010-08-24 00:00:00+09:00,473.9672546386719,473.9672546386719,473.9672546386719,473.9672546386719,14900,0.0,0.0
2010-08-25 00:00:00+09:00,477.80789662794075,477.80789662794075,475.50335693359375,475.50335693359375,3900,0.0,0.0
2010-08-26 00:00:00+09:00,473.19889667523415,473.19889667523415,470.8943565940236,471.66253662109375,23400,0.0,0.0
2010-08-27 00:00:00+09:00,468.5898746115766,477.03985595703125,468.5898746115766,477.03985595703125,15300,0.0,0.0
2010-08-30 00:00:00+09:00,487.026197547114,487.026197547114,477.03985595703125,477.03985595703125,15200,0.0,0.0
2010-08-31 00:00:00+09:00,469.35793447814535,469.35793447814535,457.8352355957031,457.8352355957031,10500,0.0,0.0
2010-09-01 00:00:00+09:00,450.1536291201253,466.28541446402056,450.1536291201253,464.7490539550781,7300,0.0,0.0
2010-09-02 00:00:00+09:00,468.58991610293356,469.3580962932662,459.3717538189414,463.9808349609375,55800,0.0,0.0
2010-09-03 00:00:00+09:00,463.2126712610226,465.5172119140625,461.67631082566265,465.5172119140625,4400,0.0,0.0
2010-09-06 00:00:00+09:00,460.9081306079827,467.8217525671024,458.6035899549428,465.5172119140625,900,0.0,0.0
2010-09-07 00:00:00+09:00,460.908064315949,460.908064315949,459.3717041015625,459.3717041015625,2400,0.0,0.0
2010-09-08 00:00:00+09:00,456.29901680728506,456.29901680728506,453.9944763183594,453.9944763183594,900,0.0,0.0
2010-09-09 00:00:00+09:00,457.8354878641253,458.6036682128906,455.5309468178294,458.6036682128906,5400,0.0,0.0
2010-09-10 00:00:00+09:00,457.06722951958284,465.5172119140625,454.76268886654293,465.5172119140625,187300,0.0,0.0
2010-09-13 00:00:00+09:00,465.5171563447412,465.5171563447412,462.44443584081546,463.2126159667969,13000,0.0,0.0
2010-09-14 00:00:00+09:00,470.89455379313563,470.89455379313563,458.6036682128906,458.6036682128906,3500,0.0,0.0
2010-09-16 00:00:00+09:00,464.7490382838894,464.7490382838894,454.7626953125,454.7626953125,21000,0.0,0.0
2010-09-17 00:00:00+09:00,458.6035899549428,467.8217525671024,458.6035899549428,465.5172119140625,52000,0.0,0.0
2010-09-21 00:00:00+09:00,463.2125985872948,463.2125985872948,453.22625732421875,453.22625732421875,9500,0.0,0.0
2010-09-22 00:00:00+09:00,455.53083107688207,455.53083107688207,447.8490295410156,447.8490295410156,8700,0.0,0.0
2010-09-24 00:00:00+09:00,447.84905747593166,449.3854178789366,444.0081564684194,444.7763366699219,27000,0.0,0.0
2010-09-27 00:00:00+09:00,452.4580993652344,452.4580993652344,445.5444781525228,452.4580993652344,43500,0.0,0.0
2010-09-28 00:00:00+09:00,454.4033695579594,455.1814575195313,452.8471936348157,455.18145751953125,1800,7.5,0.0
2010-09-29 00:00:00+09:00,455.9596266383447,459.8500671386719,454.40345043821384,459.8500671386719,13000,0.0,0.0
2010-09-30 00:00:00+09:00,466.0747636768916,466.8528517631636,454.4034423828125,454.4034423828125,12800,0.0,0.0
2010-10-01 00:00:00+09:00,460.6280732505342,460.6280732505342,452.8471936348157,455.18145751953125,4000,0.0,0.0
2010-10-04 00:00:00+09:00,453.6252973702195,453.6252973702195,438.06353759765625,438.06353759765625,7900,0.0,0.0
2010-10-05 00:00:00+09:00,434.95111153342503,445.0662536621094,431.8387601092145,445.0662536621094,9300,0.0,0.0
2010-10-06 00:00:00+09:00,452.8471936348157,455.95954548110313,452.8471936348157,455.18145751953125,3000,0.0,0.0
2010-10-07 00:00:00+09:00,455.18153853827926,459.8500671386719,455.18153853827926,459.8500671386719,5700,0.0,0.0
2010-10-08 00:00:00+09:00,459.07190515604583,459.07190515604583,446.62249755859375,446.62249755859375,12400,0.0,0.0
2010-10-12 00:00:00+09:00,443.51007724277446,443.51007724277446,433.39493513021995,434.95111083984375,12800,0.0,0.0
2010-10-13 00:00:00+09:00,436.507338648257,438.06351454361624,429.5045471191406,429.5045471191406,6700,0.0,0.0
2010-10-14 00:00:00+09:00,441.953937228828,445.84437681710995,441.953937228828,442.7320251464844,8300,0.0,0.0
2010-10-15 00:00:00+09:00,442.73206552942526,443.5101535180534,436.50736162039993,438.06353759765625,13800,0.0,0.0
2010-10-18 00:00:00+09:00,445.8443956877056,448.1786595394737,442.73204388534816,443.5101318359375,5500,0.0,0.0
2010-10-19 00:00:00+09:00,445.066269995461,445.8443578800685,440.39774268781633,441.95391845703125,19900,0.0,0.0
2010-10-20 00:00:00+09:00,440.39779958417336,440.39779958417336,434.173095703125,434.173095703125,41400,0.0,0.0
2010-10-21 00:00:00+09:00,432.6169005276864,446.62248363829497,432.6169005276864,443.5101318359375,3300,0.0,0.0
2010-10-22 00:00:00+09:00,445.0662954256962,464.51849365234375,445.0662954256962,464.51849365234375,5000,0.0,0.0
2010-10-25 00:00:00+09:00,462.18431641883456,462.96240449361375,452.8472595214844,452.8472595214844,34000,0.0,0.0
2010-10-26 00:00:00+09:00,459.07182853790334,459.07182853790334,453.6252136230469,453.6252136230469,1200,0.0,0.0
2010-10-27 00:00:00+09:00,451.29098976264567,459.0718688964844,451.29098976264567,459.0718688964844,2000,0.0,0.0
2010-10-28 00:00:00+09:00,462.9622723809604,462.9622723809604,451.29095458984375,451.29095458984375,91100,0.0,0.0
2010-10-29 00:00:00+09:00,458.2937622070312,458.2937622070312,458.2937622070312,458.29376220703125,5500,0.0,0.0
2010-11-01 00:00:00+09:00,488.63926853277746,494.085884583302,482.41456447503504,485.52691650390625,35400,0.0,0.0
2010-11-02 00:00:00+09:00,486.30498576891364,489.41733767783467,476.9679300421505,484.7488098144531,25000,0.0,0.0
2010-11-04 00:00:00+09:00,482.4145314663271,493.3077628220184,482.4145314663271,491.7515869140625,14900,0.0,0.0
2010-11-05 00:00:00+09:00,497.9763065522621,506.53527432112907,495.64204261529835,498.75439453125,8900,0.0,0.0
2010-11-08 00:00:00+09:00,494.0858429234202,510.4256896972656,494.0858429234202,510.4256896972656,10700,0.0,0.0
2010-11-09 00:00:00+09:00,504.2009747428183,504.2009747428183,497.97627135093165,501.088623046875,5800,0.0,0.0
2010-11-10 00:00:00+09:00,508.86954617175684,516.6504260826399,508.86954617175684,514.316162109375,6700,0.0,0.0
2010-11-11 00:00:00+09:00,513.538038874247,516.650390625,509.64759918580575,516.650390625,16800,0.0,0.0
2010-11-12 00:00:00+09:00,520.5407898785318,520.5407898785318,511.20373535156256,511.2037353515625,9700,0.0,0.0
2010-11-15 00:00:00+09:00,507.3133593825236,508.09144735703666,504.9790954589844,504.9790954589844,3600,0.0,0.0
2010-11-16 00:00:00+09:00,506.5352623484959,506.5352623484959,497.1982068213347,499.532470703125,7300,0.0,0.0
2010-11-17 00:00:00+09:00,488.6391411298587,505.75707282549064,488.6391411298587,504.2008972167969,3200,0.0,0.0
2010-11-18 00:00:00+09:00,504.20094445633566,511.20373535156256,504.20094445633566,511.2037353515625,23100,0.0,0.0
2010-11-19 00:00:00+09:00,513.5380631786281,514.3161511531413,504.9790954589844,504.9790954589844,38700,0.0,0.0
2010-11-22 00:00:00+09:00,506.5352055836309,507.31329345703125,503.4228540900295,507.31329345703125,8600,0.0,0.0
2010-11-24 00:00:00+09:00,508.09141436274746,508.09141436274746,501.088623046875,501.088623046875,8800,0.0,0.0
2010-11-25 00:00:00+09:00,501.0886396408081,501.0886396408081,497.19819989204404,497.9762878417969,12300,0.0,0.0
2010-11-26 00:00:00+09:00,500.3105516910553,502.6448155403137,497.9762878417969,497.9762878417969,4500,0.0,0.0
2010-11-29 00:00:00+09:00,510.4255445300627,514.3159831316638,507.31319364878186,511.9817199707031,11400,0.0,0.0
2010-11-30 00:00:00+09:00,504.2009469115842,515.8722651271302,504.2009469115842,515.0941772460938,22600,0.0,0.0
2010-12-01 00:00:00+09:00,516.6504024085596,517.4284903639941,515.0942264976904,515.872314453125,1200,0.0,0.0
2010-12-02 00:00:00+09:00,521.3189404509789,535.3245239257812,521.3189404509789,535.3245239257812,50700,0.0,0.0
2010-12-03 00:00:00+09:00,537.6588035813363,542.3273315429688,533.7683636133092,542.3273315429688,17400,0.0,0.0
2010-12-06 00:00:00+09:00,543.1052856445312,545.4395490498803,542.3271978427483,543.1052856445312,7200,0.0,0.0
2010-12-07 00:00:00+09:00,543.1054703127778,547.773998710882,538.4369419146738,546.9959106445312,26800,0.0,0.0
2010-12-08 00:00:00+09:00,549.3300898991578,549.3300898991578,540.771122492797,548.552001953125,100200,0.0,0.0
2010-12-09 00:00:00+09:00,546.2178006024428,554.7767689879512,545.4397125673966,552.4425048828125,39400,0.0,0.0
2010-12-10 00:00:00+09:00,552.4424597218903,559.4452514648438,550.1081958075723,559.4452514648438,311100,0.0,0.0
2010-12-13 00:00:00+09:00,551.6643580296657,556.3328857421875,549.3300941734047,556.3328857421875,29000,0.0,0.0
2010-12-14 00:00:00+09:00,559.4451492954894,570.33837890625,559.4451492954894,570.33837890625,19300,0.0,0.0
2010-12-15 00:00:00+09:00,567.2261470752759,568.0042350685204,559.4452671428304,566.4480590820312,25000,0.0,0.0
2010-12-16 00:00:00+09:00,574.228844186534,575.7850199160368,568.0041412685229,572.6726684570312,12800,0.0,0.0
2010-12-17 00:00:00+09:00,569.560340320057,574.2288676997297,568.7822524234449,571.1165161132812,51600,0.0,0.0
2010-12-20 00:00:00+09:00,564.1137134785555,571.8945922851562,563.3356255978954,571.8945922851562,91100,0.0,0.0
2010-12-21 00:00:00+09:00,568.004086408944,568.004086408944,564.1136474609375,564.1136474609375,31400,0.0,0.0
2010-12-22 00:00:00+09:00,563.3355741356953,567.2260131835938,563.3355741356953,567.2260131835938,21900,0.0,0.0
2010-12-24 00:00:00+09:00,560.2232496044304,560.2232496044304,552.4423711377021,553.220458984375,5900,0.0,0.0
2010-12-27 00:00:00+09:00,556.3329450580436,556.3329450580436,550.8863288127201,552.4425048828125,11600,0.0,0.0
2010-12-28 00:00:00+09:00,557.111081217909,557.111081217909,549.3302001953125,549.3302001953125,13100,0.0,0.0
2010-12-29 00:00:00+09:00,557.1111102868181,563.3358154296875,557.1111102868181,563.3358154296875,9900,0.0,0.0
2010-12-30 00:00:00+09:00,556.3328857421875,556.3328857421875,556.3328857421875,556.3328857421875,2200,0.0,0.0
2011-01-04 00:00:00+09:00,560.2233136565991,562.5575774635016,557.1109619140625,557.1109619140625,19300,0.0,0.0
2011-01-05 00:00:00+09:00,557.8889451441272,564.8917352505388,557.1108573545258,564.1136474609375,9500,0.0,0.0
2011-01-06 00:00:00+09:00,571.1165068755279,575.7850341796875,564.891803803315,575.7850341796875,4300,0.0,0.0
2011-01-07 00:00:00+09:00,576.5631950079023,577.3412829903691,572.6727550955683,575.0070190429688,7800,0.0,0.0
2011-01-11 00:00:00+09:00,574.2288608627831,582.0097397362626,574.2288608627831,579.6754760742188,8400,0.0,0.0
2011-01-12 00:00:00+09:00,583.5658829525647,594.4591127676792,582.787795108628,585.900146484375,24800,0.0,0.0
2011-01-13 00:00:00+09:00,589.0125497609416,591.3468134984355,585.9001981109499,590.5687255859375,15000,0.0,0.0
2011-01-14 00:00:00+09:00,592.9029869666467,592.9029869666467,586.6782836914062,586.6782836914062,30600,0.0,0.0
2011-01-17 00:00:00+09:00,586.6782719694226,590.5687114387158,586.6782719694226,587.4563598632812,4600,0.0,0.0
2011-01-18 00:00:00+09:00,578.8974864300953,585.900278604653,568.0042541585614,581.2317504882812,9200,0.0,0.0
2011-01-19 00:00:00+09:00,581.2316706359622,591.3468134984355,579.6754948109664,590.5687255859375,22000,0.0,0.0
2011-01-20 00:00:00+09:00,587.456348156803,598.3495784537503,585.9001724000962,588.2344360351562,48400,0.0,0.0
2011-01-21 00:00:00+09:00,587.4564267624376,592.9030426397053,575.0070190429688,575.0070190429688,23800,0.0,0.0
2011-01-24 00:00:00+09:00,572.6726478381561,580.4535262055224,572.6726478381561,578.1192626953125,8900,0.0,0.0
2011-01-25 00:00:00+09:00,581.2316916445469,586.6783072289,581.2316916445469,585.1221313476562,14300,0.0,0.0
2011-01-26 00:00:00+09:00,585.900146484375,585.900146484375,584.3439707965015,585.900146484375,7600,0.0,0.0
2011-01-27 00:00:00+09:00,580.4535522460938,582.7878158610245,569.5603220430839,580.4535522460938,11200,0.0,0.0
2011-01-28 00:00:00+09:00,572.6726966775873,583.565927320911,571.1165208713983,578.8973999023438,20600,0.0,0.0
2011-01-31 00:00:00+09:00,575.7850045131972,596.7933762994895,575.7850045131972,585.900146484375,27700,0.0,0.0
2011-02-01 00:00:00+09:00,562.5576426608503,572.6727869963843,555.5548504285576,564.8919067382812,17900,0.0,0.0
2011-02-02 00:00:00+09:00,571.116539626825,575.0069792700596,569.5603637695312,569.5603637695312,12700,0.0,0.0
2011-02-03 00:00:00+09:00,569.5603637695312,572.6727154841188,568.0041879122374,569.5603637695312,4500,0.0,0.0
2011-02-04 00:00:00+09:00,581.2316872321692,582.7878631015994,577.3412475585938,577.3412475585938,5800,0.0,0.0
2011-02-07 00:00:00+09:00,576.56313619306,580.4535757085329,576.56313619306,578.8973999023438,10500,0.0,0.0
2011-02-08 00:00:00+09:00,575.7850791002267,575.7850791002267,567.2261117081962,568.7822875976562,9600,0.0,0.0
2011-02-09 00:00:00+09:00,568.7822407625159,575.0069438077966,568.7822407625159,571.8945922851562,19200,0.0,0.0
2011-02-10 00:00:00+09:00,566.4479887336087,572.6726919065054,566.4479887336087,571.1165161132812,2700,0.0,0.0
2011-02-14 00:00:00+09:00,570.3385229189535,574.228963048005,561.7795546350401,564.8919067382812,16800,0.0,0.0
2011-02-15 00:00:00+09:00,563.3358154296875,577.3414020011438,563.3358154296875,563.3358154296875,7300,0.0,0.0
2011-02-16 00:00:00+09:00,562.5577272868288,569.560520572557,562.5577272868288,563.3358154296875,6600,0.0,0.0
2011-02-17 00:00:00+09:00,567.2260534037714,572.6726684570312,564.8917898095173,572.6726684570312,17500,0.0,0.0
2011-02-18 00:00:00+09:00,571.8946750347432,571.8946750347432,566.4480590820312,566.4480590820312,32900,0.0,0.0
2011-02-21 00:00:00+09:00,564.8919558518526,567.2262201322321,564.1138677583928,565.6700439453125,3000,0.0,0.0
2011-02-22 00:00:00+09:00,561.7794044940916,562.5574923119506,558.6670532226562,558.6670532226562,23000,0.0,0.0
2011-02-23 00:00:00+09:00,557.8892211914062,565.670102937451,557.8892211914062,557.8892211914062,21700,0.0,0.0
2011-02-24 00:00:00+09:00,557.1109641150529,564.8918435021346,557.1109641150529,561.0014038085938,14800,0.0,0.0
2011-02-25 00:00:00+09:00,557.1108919180662,564.1136824589357,557.1108919180662,561.7794189453125,8700,0.0,0.0
2011-02-28 00:00:00+09:00,591.3467943844379,592.9029701591338,578.1193002995228,579.6754760742188,27700,0.0,0.0
2011-03-01 00:00:00+09:00,579.6755063502329,592.1249131980231,579.6755063502329,589.7906494140625,13600,0.0,0.0
2011-03-02 00:00:00+09:00,582.787841796875,592.1248966721253,582.0097538906041,582.787841796875,17800,0.0,0.0
2011-03-03 00:00:00+09:00,582.7878580621805,589.7906494140625,582.7878580621805,589.7906494140625,2700,0.0,0.0
2011-03-04 00:00:00+09:00,593.6811009032881,593.6811009032881,589.0125732421875,589.0125732421875,5400,0.0,0.0
2011-03-07 00:00:00+09:00,589.7906067058165,589.7906067058165,576.563112887876,580.4535522460938,13900,0.0,0.0
2011-03-08 00:00:00+09:00,579.675471091757,580.4535589724171,571.8945922851562,571.8945922851562,10700,0.0,0.0
2011-03-09 00:00:00+09:00,575.0069121891772,575.0069121891772,561.7794189453125,561.7794189453125,12500,0.0,0.0
2011-03-10 00:00:00+09:00,560.2234336269476,560.2234336269476,548.5521120930529,549.3302001953125,16000,0.0,0.0
2011-03-11 00:00:00+09:00,547.7738715277777,547.7738715277777,537.6587290137705,539.2149047851562,311100,0.0,0.0
2011-03-14 00:00:00+09:00,582.0096666217672,591.3467200969827,560.223208512931,564.1136474609375,69200,0.0,0.0
2011-03-15 00:00:00+09:00,561.7794844830622,570.3384516981781,494.08583469078184,569.5603637695312,54300,0.0,0.0
2011-03-16 00:00:00+09:00,569.5603210449219,603.0180994669597,532.2121032714845,560.2232666015625,71700,0.0,0.0
2011-03-17 00:00:00+09:00,536.8806504162118,552.4424083992905,533.7682988195961,534.54638671875,47100,0.0,0.0
2011-03-18 00:00:00+09:00,553.2205183141372,556.3328700346106,525.209352829877,529.0997924804688,81300,0.0,0.0
2011-03-22 00:00:00+09:00,568.0041412685229,574.228844186534,554.776647567749,572.6726684570312,42400,0.0,0.0
2011-03-23 00:00:00+09:00,583.5659510363145,591.3468303834653,570.338456146158,577.3412475585938,15900,0.0,0.0
2011-03-24 00:00:00+09:00,565.6698373209636,600.6837887369792,565.6698373209636,583.5658569335938,42200,0.0,0.0
2011-03-25 00:00:00+09:00,582.7878325001293,592.1248872264331,578.897393030836,587.4563598632812,41300,0.0,0.0
2011-03-28 00:00:00+09:00,592.9030679601592,601.4620361328125,579.6755716933316,601.4620361328125,51200,0.0,0.0
2011-03-29 00:00:00+09:00,593.997761276533,593.997761276533,571.2121328677771,582.997802734375,56700,7.5,0.0
2011-03-30 00:00:00+09:00,586.1405629166838,595.5690974408128,577.497739602899,594.7833862304688,37100,0.0,0.0
2011-03-31 00:00:00+09:00,601.8546741444577,601.8546741444577,580.6404754474598,584.5690307617188,10200,0.0,0.0
2011-04-01 00:00:00+09:00,608.1405252596227,608.1405252596227,579.8549194335938,579.8549194335938,25300,0.0,0.0
2011-04-04 00:00:00+09:00,585.3548260807828,585.3548260807828,570.426313737783,572.783447265625,55700,0.0,0.0
2011-04-05 00:00:00+09:00,572.7834028764205,572.7834028764205,559.4263139204546,561.783447265625,10000,0.0,0.0
2011-04-06 00:00:00+09:00,559.426252191717,559.426252191717,549.212008823048,553.1405639648438,23500,0.0,0.0
2011-04-07 00:00:00+09:00,555.4977868545888,562.5691872530206,539.7835637469625,540.5692749023438,17100,0.0,0.0
2011-04-08 00:00:00+09:00,540.5693289620536,549.9978637695312,535.8550615583148,549.9978637695312,14100,0.0,0.0
2011-04-11 00:00:00+09:00,549.9977198514072,557.0691191066395,549.9977198514072,553.1405639648438,9500,0.0,0.0
2011-04-12 00:00:00+09:00,548.4265220352929,554.7122128322591,538.9979858398438,538.9979858398438,12800,0.0,0.0
2011-04-13 00:00:00+09:00,538.9979571330047,545.2836475951972,538.2122458252306,542.926513671875,3300,0.0,0.0
2011-04-14 00:00:00+09:00,539.7836177280972,553.1407087053572,538.2121952601842,549.9978637695312,15800,0.0,0.0
2011-04-15 00:00:00+09:00,550.7837005305187,550.7837005305187,538.9980293351438,541.3551635742188,9400,0.0,0.0
2011-04-18 00:00:00+09:00,539.7836590092902,540.5693703033357,528.7837008926526,535.8551025390625,10200,0.0,0.0
2011-04-19 00:00:00+09:00,528.7836971282959,528.7836971282959,526.4265632629395,527.9979858398438,16900,0.0,0.0
2011-04-20 00:00:00+09:00,531.926513671875,539.7836261337934,531.926513671875,531.926513671875,35200,0.0,0.0
2011-04-21 00:00:00+09:00,538.2121362376705,539.7835585332549,532.712158203125,532.712158203125,8100,0.0,0.0
2011-04-22 00:00:00+09:00,532.7122135752255,533.4979248046875,532.7122135752255,533.4979248046875,400,0.0,0.0
2011-04-25 00:00:00+09:00,535.0693586566423,535.0693586566423,531.926513671875,531.926513671875,2600,0.0,0.0
2011-04-26 00:00:00+09:00,530.3551486585809,530.3551486585809,522.4980353451205,524.0694580078125,7800,0.0,0.0
2011-04-27 00:00:00+09:00,528.7836024641639,534.2835804987094,527.9978913163717,532.712158203125,5200,0.0,0.0
2011-04-28 00:00:00+09:00,540.5693401347601,548.4264526367188,532.7122276328014,548.4264526367188,6100,0.0,0.0
2011-05-02 00:00:00+09:00,560.2122134254092,562.569347563244,558.6407906668527,560.9979248046875,7300,0.0,0.0
2011-05-06 00:00:00+09:00,552.3550226911175,563.35498046875,552.3550226911175,563.35498046875,800,0.0,0.0
2011-05-09 00:00:00+09:00,559.426465244528,574.35498046875,559.426465244528,574.35498046875,1600,0.0,0.0
2011-05-10 00:00:00+09:00,568.8549576644059,576.7120703393286,567.2835351294214,571.997802734375,3800,0.0,0.0
2011-05-11 00:00:00+09:00,575.1406894899764,590.8549159787735,575.1406894899764,582.997802734375,24900,0.0,0.0
2011-05-12 00:00:00+09:00,573.5692236129905,582.9977587956698,573.5692236129905,580.640625,3900,0.0,0.0
2011-05-13 00:00:00+09:00,575.9263260921832,575.9263260921832,561.783524087191,568.0692138671875,26300,0.0,0.0
2011-05-16 00:00:00+09:00,567.2836420694987,571.2121991475423,565.7122192382812,565.7122192382812,8800,0.0,0.0
2011-05-17 00:00:00+09:00,565.7122225956452,565.7122225956452,551.5694170307542,557.0693969726562,2800,0.0,0.0
2011-05-18 00:00:00+09:00,560.9977796264146,573.5691584415723,558.6406460985726,572.783447265625,1600,0.0,0.0
2011-05-19 00:00:00+09:00,575.926364819974,576.7120760953082,568.069252066632,571.2120971679688,13400,0.0,0.0
2011-05-20 00:00:00+09:00,571.997782790493,571.997782790493,557.85498046875,557.85498046875,36000,0.0,0.0
2011-05-23 00:00:00+09:00,557.8549691532435,559.4263916015625,557.069257929084,559.4263916015625,3400,0.0,0.0
2011-05-24 00:00:00+09:00,559.4265312334715,560.997954074015,556.2836855523846,557.0693969726562,6900,0.0,0.0
2011-05-25 00:00:00+09:00,555.4978467484596,557.85498046875,553.9264242682659,557.85498046875,2800,0.0,0.0
2011-05-26 00:00:00+09:00,564.1406577546896,569.6406363121866,564.1406577546896,568.0692138671875,15900,0.0,0.0
2011-05-27 00:00:00+09:00,565.7121930803571,565.7121930803571,553.9265223911831,560.9979248046875,7300,0.0,0.0
2011-05-30 00:00:00+09:00,557.8549027409493,560.9977472634336,557.0691916103283,560.2120361328125,3900,0.0,0.0
2011-05-31 00:00:00+09:00,557.854891690341,561.783447265625,557.854891690341,561.783447265625,1100,0.0,0.0
2011-06-01 00:00:00+09:00,559.4264315990691,560.212142879405,553.140741356383,553.9264526367188,4200,0.0,0.0
2011-06-02 00:00:00+09:00,538.2123179221188,541.3551635742188,538.2123179221188,541.3551635742188,16200,0.0,0.0
2011-06-03 00:00:00+09:00,546.0693435333833,546.0693435333833,534.2836742484901,536.6408081054688,10200,0.0,0.0
2011-06-06 00:00:00+09:00,538.2122364211991,540.5693703033357,534.2836799509714,535.8551025390625,9000,0.0,0.0
2011-06-07 00:00:00+09:00,546.85498046875,546.85498046875,546.85498046875,546.85498046875,1900,0.0,0.0
2011-06-08 00:00:00+09:00,552.3549861201534,556.2835422092014,548.4264300311054,551.5692749023438,2300,0.0,0.0
2011-06-09 00:00:00+09:00,551.5692749023438,551.5692749023438,551.5692749023438,551.5692749023438,500,0.0,0.0
2011-06-10 00:00:00+09:00,555.4978751973903,560.9978541597408,552.3550300760472,553.9264526367188,160600,0.0,0.0
2011-06-13 00:00:00+09:00,545.2837000883491,552.3551025390625,545.2837000883491,552.3551025390625,1800,0.0,0.0
2011-06-14 00:00:00+09:00,550.783590543068,556.2835693359375,549.9978792869439,556.2835693359375,3500,0.0,0.0
2011-06-15 00:00:00+09:00,558.6407145643369,558.6407145643369,553.9264469308827,554.712158203125,4600,0.0,0.0
2011-06-16 00:00:00+09:00,553.1406417171897,557.8549085500067,549.9977971619784,550.7835083007812,18600,0.0,0.0
2011-06-17 00:00:00+09:00,554.7121267125226,554.7121267125226,538.2121909321219,542.1407470703125,31000,0.0,0.0
2011-06-20 00:00:00+09:00,549.212158203125,553.1407144134478,545.2836019928022,549.212158203125,106400,0.0,0.0
2011-06-21 00:00:00+09:00,550.7835806872541,550.7835806872541,547.6407357189959,549.212158203125,5100,0.0,0.0
2011-06-22 00:00:00+09:00,549.2121568276849,559.4264029489436,548.4264455875881,557.85498046875,10600,0.0,0.0
2011-06-23 00:00:00+09:00,557.8550032920946,558.6407145643369,552.3550243863979,554.712158203125,7900,0.0,0.0
2011-06-24 00:00:00+09:00,554.7121355083627,557.85498046875,554.7121355083627,557.85498046875,1200,0.0,0.0
2011-06-27 00:00:00+09:00,555.4978538884816,557.8549876390692,548.4264526367188,548.4264526367188,23900,0.0,0.0
2011-06-28 00:00:00+09:00,551.5692976375022,556.2835651386775,547.6407413865229,548.4264526367188,5700,0.0,0.0
2011-06-29 00:00:00+09:00,555.4978467484596,557.85498046875,552.3550017880722,557.85498046875,2800,0.0,0.0
2011-06-30 00:00:00+09:00,564.9263355061514,572.783447265625,560.9977796264146,572.783447265625,20700,0.0,0.0
2011-07-01 00:00:00+09:00,584.5692958047946,585.355007223887,571.2122016802226,573.5693359375,13100,0.0,0.0
2011-07-04 00:00:00+09:00,581.4262864256488,582.2119976235213,576.7120192384137,579.0691528320312,6300,0.0,0.0
2011-07-05 00:00:00+09:00,577.497881279617,579.8550154889216,574.3550356672109,575.1407470703125,9000,0.0,0.0
2011-07-06 00:00:00+09:00,570.4263785520975,580.640625,570.4263785520975,580.640625,24500,0.0,0.0
2011-07-07 00:00:00+09:00,582.9977191178473,587.711986388342,579.0691630591017,586.1405639648438,7600,0.0,0.0
2011-07-08 00:00:00+09:00,585.3548925913396,589.2834489174561,580.640625,580.640625,6300,0.0,0.0
2011-07-11 00:00:00+09:00,586.926219638082,593.2119087372851,582.9976639510802,585.3547973632812,17400,0.0,0.0
2011-07-12 00:00:00+09:00,579.8548910929088,585.3548697347114,579.8548910929088,583.783447265625,6900,0.0,0.0
2011-07-13 00:00:00+09:00,587.711986388342,587.711986388342,583.7834303295964,586.1405639648438,2100,0.0,0.0
2011-07-14 00:00:00+09:00,574.354863422924,585.3548197675492,574.354863422924,582.2119750976562,9300,0.0,0.0
2011-07-15 00:00:00+09:00,585.3547418245705,585.3547418245705,583.783319698867,584.5690307617188,4300,0.0,0.0
2011-07-19 00:00:00+09:00,589.2835344587054,594.7835141136533,587.7121117001489,593.997802734375,31200,0.0,0.0
2011-07-20 00:00:00+09:00,597.1406100658661,597.1406100658661,588.4977854464917,590.8549194335938,63200,0.0,0.0
2011-07-21 00:00:00+09:00,590.8547753250839,590.8547753250839,584.5690862258809,585.3547973632812,1700,0.0,0.0
2011-07-22 00:00:00+09:00,585.3548351087069,597.1405029296875,585.3548351087069,597.1405029296875,6200,0.0,0.0
2011-07-25 00:00:00+09:00,594.7833537772278,594.7833537772278,582.2119750976562,582.2119750976562,7200,0.0,0.0
2011-07-26 00:00:00+09:00,580.6406687610554,582.997802734375,580.6406687610554,582.997802734375,3000,0.0,0.0
2011-07-27 00:00:00+09:00,579.0691754808205,579.0691754808205,567.2835070517672,575.9263305664062,8400,0.0,0.0
2011-07-28 00:00:00+09:00,574.35486895587,585.3548254064611,570.4263130806588,581.42626953125,23500,0.0,0.0
2011-07-29 00:00:00+09:00,573.5693359375,575.9264701947774,573.5693359375,573.5693359375,5700,0.0,0.0
2011-08-01 00:00:00+09:00,567.2835351294214,575.1406478043441,567.2835351294214,571.997802734375,3200,0.0,0.0
2011-08-02 00:00:00+09:00,560.2122018483764,564.9264700266236,560.2122018483764,562.5693359375,2400,0.0,0.0
2011-08-03 00:00:00+09:00,541.3550358426744,545.283591980865,541.3550358426744,542.1407470703125,16200,0.0,0.0
2011-08-04 00:00:00+09:00,541.3548867644166,551.569129910915,541.3548867644166,546.0691528320312,8700,0.0,0.0
2011-08-05 00:00:00+09:00,522.4980418997907,539.78369140625,522.4980418997907,539.78369140625,15600,0.0,0.0
2011-08-08 00:00:00+09:00,520.9266357421875,524.8551925728224,520.1409243760605,520.9266357421875,12000,0.0,0.0
2011-08-09 00:00:00+09:00,513.0695248469253,513.0695248469253,498.1410088100316,512.2838134765625,14500,0.0,0.0
2011-08-10 00:00:00+09:00,524.0693194542403,527.2121639487184,509.14080810546875,509.14080810546875,4500,0.0,0.0
2011-08-11 00:00:00+09:00,502.85514567669173,522.4979248046875,502.85514567669173,522.4979248046875,4600,0.0,0.0
2011-08-12 00:00:00+09:00,532.7121474431278,534.2835697069719,513.8550802769994,516.9979248046875,8900,0.0,0.0
2011-08-15 00:00:00+09:00,534.2836386391743,534.2836386391743,514.6408578068517,516.2122802734375,10300,0.0,0.0
2011-08-16 00:00:00+09:00,516.2122916418177,516.2122916418177,510.7123128876431,514.640869140625,5000,0.0,0.0
2011-08-17 00:00:00+09:00,515.426633363006,528.7837259958887,515.426633363006,524.0694580078125,11600,0.0,0.0
2011-08-18 00:00:00+09:00,523.2837932858735,523.2837932858735,513.8552564699119,517.7838134765625,22600,0.0,0.0
2011-08-19 00:00:00+09:00,509.1410335387239,515.4267253108069,507.5696105957031,507.5696105957031,49700,0.0,0.0
2011-08-22 00:00:00+09:00,508.355327990628,510.7124624326247,506.7839050292968,506.7839050292969,9900,0.0,0.0
2011-08-23 00:00:00+09:00,509.9266604849009,512.283794508714,508.35523780235883,510.7123718261719,6700,0.0,0.0
2011-08-24 00:00:00+09:00,509.92651367187506,509.92651367187506,509.92651367187506,509.926513671875,2100,0.0,0.0
2011-08-25 00:00:00+09:00,520.140869140625,526.4265594021431,518.5694465752455,520.140869140625,26600,0.0,0.0
2011-08-26 00:00:00+09:00,520.1407693323756,520.1407693323756,514.6407914089215,516.9979248046875,2000,0.0,0.0
2011-08-29 00:00:00+09:00,514.6409762262584,525.6409360234609,514.6409762262584,524.855224609375,11300,0.0,0.0
2011-08-30 00:00:00+09:00,531.1407476210056,534.283592281485,511.49796849300986,522.4979248046875,15800,0.0,0.0
2011-08-31 00:00:00+09:00,524.8551693391586,524.8551693391586,519.3551900197363,524.0694580078125,10500,0.0,0.0
2011-09-01 00:00:00+09:00,523.2836081433652,528.7835860067339,523.2836081433652,526.4264526367188,7300,0.0,0.0
2011-09-02 00:00:00+09:00,518.5693689790884,522.4979248046875,518.5693689790884,522.4979248046875,5500,0.0,0.0
2011-09-05 00:00:00+09:00,523.2836813730737,523.2836813730737,513.069435340266,516.2122802734375,3200,0.0,0.0
2011-09-06 00:00:00+09:00,513.8550887569305,513.8550887569305,510.7122441773774,511.4979553222656,22400,0.0,0.0
2011-09-07 00:00:00+09:00,508.3550969818492,511.4979414763274,506.7836747346101,509.14080810546875,5900,0.0,0.0
2011-09-08 00:00:00+09:00,507.5694444338975,507.5694444338975,505.2123107910156,505.2123107910156,6700,0.0,0.0
2011-09-09 00:00:00+09:00,502.85522092145015,522.4980029886943,502.85522092145015,520.140869140625,144900,0.0,0.0
2011-09-12 00:00:00+09:00,509.1409491436298,510.71237182617193,508.35523780235883,510.7123718261719,6400,0.0,0.0
2011-09-13 00:00:00+09:00,511.49803547180085,517.7837256158475,507.56947913177163,513.0694580078125,6700,0.0,0.0
2011-09-14 00:00:00+09:00,520.9265024744478,523.2836359698074,518.5693689790884,522.4979248046875,4900,0.0,0.0
2011-09-15 00:00:00+09:00,530.3551254613566,530.3551254613566,515.4266108187406,527.2122802734375,10800,0.0,0.0
2011-09-16 00:00:00+09:00,531.9264137302075,532.7121248287751,527.99785823737,528.7835693359375,26300,0.0,0.0
2011-09-20 00:00:00+09:00,520.9265431989289,520.9265431989289,505.2123186680412,508.35516357421875,46500,0.0,0.0
2011-09-21 00:00:00+09:00,509.92651367187506,512.2836470170455,509.1408025568182,509.926513671875,11000,0.0,0.0
2011-09-22 00:00:00+09:00,504.42664145530665,504.42664145530665,495.78381738052724,503.64093017578125,18600,0.0,0.0
2011-09-26 00:00:00+09:00,498.92678440908895,507.5696105957031,497.35536146606825,507.5696105957031,25500,0.0,0.0
2011-09-27 00:00:00+09:00,515.42659181183,516.9980143478417,511.49803547180085,513.0694580078125,14100,0.0,0.0
2011-09-28 00:00:00+09:00,521.4153249210624,534.9276123046875,521.4153249210624,534.9276123046875,34000,7.5,0.0
2011-09-29 00:00:00+09:00,541.2862595380362,564.3366288869395,541.2862595380362,562.7469482421875,26800,0.0,0.0
2011-09-30 00:00:00+09:00,556.3881991004663,556.3881991004663,537.3120322741645,538.1068725585938,13500,0.0,0.0
2011-10-03 00:00:00+09:00,524.5945264472336,533.3377685546875,522.2100058724734,533.3377685546875,21100,0.0,0.0
2011-10-04 00:00:00+09:00,530.1585486226492,530.1585486226492,524.5946658035209,526.9791870117188,11300,0.0,0.0
2011-10-05 00:00:00+09:00,529.363545061594,531.7480655348444,526.9790245883436,527.7738647460938,9900,0.0,0.0
2011-10-06 00:00:00+09:00,532.5429680179442,533.3378082687173,529.3636070148519,530.158447265625,2900,0.0,0.0
2011-10-07 00:00:00+09:00,534.9275717353255,538.9017736055731,533.3378909872264,535.722412109375,8200,0.0,0.0
2011-10-11 00:00:00+09:00,543.6707752869193,545.2604559164131,538.9017333984375,538.9017333984375,3800,0.0,0.0
2011-10-12 00:00:00+09:00,542.8758998127445,558.772705078125,542.8758998127445,558.772705078125,26900,0.0,0.0
2011-10-13 00:00:00+09:00,560.3624024683115,560.3624024683115,545.2604370117188,545.2604370117188,7000,0.0,0.0
2011-10-14 00:00:00+09:00,538.9017543401187,542.8759560682906,538.9017543401187,542.0811157226562,9100,0.0,0.0
2011-10-17 00:00:00+09:00,550.0294371487802,550.8242773758737,543.6707153320312,543.6707153320312,8000,0.0,0.0
2011-10-18 00:00:00+09:00,544.4656764374007,544.4656764374007,531.7482299804688,531.7482299804688,5700,0.0,0.0
2011-10-19 00:00:00+09:00,539.6965715104753,539.6965715104753,527.7739668379317,529.3636474609375,19900,0.0,0.0
2011-10-20 00:00:00+09:00,529.363688394695,530.953369140625,523.0049654109749,530.953369140625,37800,0.0,0.0
2011-10-21 00:00:00+09:00,525.3894235564441,525.3894235564441,520.6203818902736,521.4152221679688,13400,0.0,0.0
2011-10-24 00:00:00+09:00,536.5171714647282,546.8500947670119,536.5171714647282,537.31201171875,4800,0.0,0.0
2011-10-25 00:00:00+09:00,529.3636880286654,530.1585284010808,528.56884765625,528.56884765625,3000,0.0,0.0
2011-10-26 00:00:00+09:00,524.5946033722763,524.5946033722763,517.441040599018,519.8255615234375,3100,0.0,0.0
2011-10-27 00:00:00+09:00,527.7738872135805,533.3377685546875,527.7738872135805,533.3377685546875,5600,0.0,0.0
2011-10-28 00:00:00+09:00,550.0294944069602,551.6191750266336,524.5946044921875,524.5946044921875,22200,0.0,0.0
2011-10-31 00:00:00+09:00,526.184206830407,543.6706910453148,526.184206830407,533.3377685546875,16500,0.0,0.0
2011-11-01 00:00:00+09:00,541.2863159179688,552.4140815902912,538.1069542973053,541.2863159179688,17700,0.0,0.0
2011-11-02 00:00:00+09:00,529.363649621474,538.9017333984375,528.5688093067271,538.9017333984375,21000,0.0,0.0
2011-11-04 00:00:00+09:00,546.0552978515625,546.0552978515625,546.0552978515625,546.0552978515625,1700,0.0,0.0
2011-11-07 00:00:00+09:00,544.4657184376435,549.2347612268784,540.4915161132812,540.4915161132812,3100,0.0,0.0
2011-11-08 00:00:00+09:00,532.5431522265031,538.1070359064815,523.0050659179688,523.0050659179688,2800,0.0,0.0
2011-11-09 00:00:00+09:00,529.3636262553697,534.1326679333459,525.389424857056,526.1842651367188,6900,0.0,0.0
2011-11-10 00:00:00+09:00,518.2360026041666,518.2360026041666,510.28759765625,517.441162109375,8000,0.0,0.0
2011-11-11 00:00:00+09:00,522.2101646342545,525.3895263671875,518.2359624680881,525.3895263671875,2000,0.0,0.0
2011-11-14 00:00:00+09:00,526.1844276542095,535.7225139560984,526.1844276542095,532.5431518554688,3400,0.0,0.0
2011-11-15 00:00:00+09:00,536.5171293210344,536.5171293210344,532.5429283631008,533.3377685546875,2500,0.0,0.0
2011-11-16 00:00:00+09:00,532.5429873740205,532.5429873740205,524.5945845773933,526.1842651367188,2800,0.0,0.0
2011-11-17 00:00:00+09:00,525.3894057609867,532.5429680179442,520.6203642563484,530.158447265625,12600,0.0,0.0
2011-11-18 00:00:00+09:00,528.56884765625,530.9533687734962,526.9791669114192,528.56884765625,43300,0.0,0.0
2011-11-21 00:00:00+09:00,524.594645794173,529.3636880286654,524.594645794173,528.56884765625,2300,0.0,0.0
2011-11-22 00:00:00+09:00,526.979207233654,528.5688881001206,524.5946859339542,525.3895263671875,2200,0.0,0.0
2011-11-24 00:00:00+09:00,518.2359431199785,531.7482299804688,518.2359431199785,531.7482299804688,16900,0.0,0.0
2011-11-25 00:00:00+09:00,523.7998035606971,523.7998035606971,516.646240234375,516.646240234375,11800,0.0,0.0
2011-11-28 00:00:00+09:00,524.5947265625,524.5947265625,517.441162109375,517.441162109375,5900,0.0,0.0
2011-11-29 00:00:00+09:00,520.620442459083,520.620442459083,516.6462406082504,519.03076171875,5700,0.0,0.0
2011-11-30 00:00:00+09:00,526.1844282091761,526.9792687351718,518.2360229492188,518.2360229492188,10600,0.0,0.0
2011-12-01 00:00:00+09:00,520.6203598234061,520.6203598234061,515.851318359375,515.851318359375,16000,0.0,0.0
2011-12-02 00:00:00+09:00,519.0308634752145,519.0308634752145,518.2360229492188,518.2360229492188,1300,0.0,0.0
2011-12-05 00:00:00+09:00,521.4152432528409,527.7739657315341,521.4152432528409,524.5946044921875,25500,0.0,0.0
2011-12-06 00:00:00+09:00,522.2100403114166,524.5945610434321,515.851318359375,515.851318359375,13700,0.0,0.0
2011-12-07 00:00:00+09:00,525.3894861665883,528.56884765625,525.3894861665883,528.56884765625,4400,0.0,0.0
2011-12-08 00:00:00+09:00,525.3894854301025,525.3894854301025,523.7998046875,523.7998046875,24300,0.0,0.0
2011-12-09 00:00:00+09:00,528.5688469153073,530.953368029211,523.7998046875,523.7998046875,241100,0.0,0.0
2011-12-12 00:00:00+09:00,531.7481457780046,531.7481457780046,521.4152221679688,521.4152221679688,6600,0.0,0.0
2011-12-13 00:00:00+09:00,518.2360227637015,524.5947469693912,516.6463417122792,523.0050659179688,6700,0.0,0.0
2011-12-14 00:00:00+09:00,522.2101642637763,523.7998451291149,519.8256429657681,520.6204833984375,6600,0.0,0.0
2011-12-15 00:00:00+09:00,526.9791654204154,526.9791654204154,519.03076171875,519.03076171875,2200,0.0,0.0
2011-12-16 00:00:00+09:00,519.0308025330987,525.3895259944537,519.0308025330987,520.6204833984375,10700,0.0,0.0
2011-12-19 00:00:00+09:00,523.0050050674878,525.3895263671875,519.0308029013214,525.3895263671875,33200,0.0,0.0
2011-12-20 00:00:00+09:00,526.1842862149258,529.3636474609375,526.1842862149258,529.3636474609375,77800,0.0,0.0
2011-12-21 00:00:00+09:00,529.3636474609375,529.3636474609375,529.3636474609375,529.3636474609375,100,0.0,0.0
2011-12-22 00:00:00+09:00,526.1842851118608,526.9791254216975,524.5946044921875,524.5946044921875,2500,0.0,0.0
2011-12-26 00:00:00+09:00,523.7997442977306,526.1842651367188,523.7997442977306,526.1842651367188,1600,0.0,0.0
2011-12-27 00:00:00+09:00,530.1585287676601,530.953369140625,530.1585287676601,530.953369140625,5000,0.0,0.0
2011-12-28 00:00:00+09:00,535.7224322727749,539.6966342926025,534.1327514648438,534.1327514648438,4900,0.0,0.0
2011-12-29 00:00:00+09:00,534.1326893299549,534.1326893299549,529.3636474609375,529.3636474609375,3500,0.0,0.0
2011-12-30 00:00:00+09:00,529.3636891169789,538.1069332315235,529.3636891169789,535.722412109375,7900,0.0,0.0
2012-01-04 00:00:00+09:00,543.670796413925,544.4656367595594,542.0811157226562,542.0811157226562,11700,0.0,0.0
2012-01-05 00:00:00+09:00,538.1068497733555,539.6965302749016,530.158447265625,530.158447265625,12600,0.0,0.0
2012-01-06 00:00:00+09:00,530.158447265625,531.7481277671711,527.7739265133058,530.158447265625,9600,0.0,0.0
2012-01-10 00:00:00+09:00,537.3121339688421,540.4914957083026,534.1327722293814,539.6966552734375,4400,0.0,0.0
2012-01-11 00:00:00+09:00,540.491330278968,541.2861704705547,533.3377685546875,533.3377685546875,2700,0.0,0.0
2012-01-12 00:00:00+09:00,530.1585284010808,531.7482091459117,527.7740072838345,528.56884765625,3500,0.0,0.0
2012-01-13 00:00:00+09:00,530.1585494450161,534.1327514648438,530.1585494450161,534.1327514648438,6200,0.0,0.0
2012-01-16 00:00:00+09:00,532.5429680179442,532.5429680179442,528.5687667640789,530.158447265625,12300,0.0,0.0
2012-01-17 00:00:00+09:00,530.1585494450161,536.5172726767404,530.1585494450161,534.1327514648438,1500,0.0,0.0
2012-01-18 00:00:00+09:00,535.7222663235951,537.3119466390955,527.7738647460938,527.7738647460938,9900,0.0,0.0
2012-01-19 00:00:00+09:00,531.7481095377603,539.6965117730034,531.7481095377603,536.5171508789062,19900,0.0,0.0
2012-01-20 00:00:00+09:00,548.4397179345491,549.2345581054688,542.0809965671921,549.2345581054688,44200,0.0,0.0
2012-01-23 00:00:00+09:00,549.2345787445245,551.6190993468886,548.4397385437364,550.0294189453125,5800,0.0,0.0
2012-01-24 00:00:00+09:00,548.439920762006,548.439920762006,538.9018351835363,540.4915161132812,3300,0.0,0.0
2012-01-25 00:00:00+09:00,542.081034877844,543.6707153320312,540.4913544236567,543.6707153320312,5800,0.0,0.0
2012-01-26 00:00:00+09:00,546.0552978515625,546.0552978515625,544.4656172173513,546.0552978515625,4200,0.0,0.0
2012-01-27 00:00:00+09:00,546.0553998110106,552.4141235351562,546.0553998110106,552.4141235351562,8000,0.0,0.0
2012-01-30 00:00:00+09:00,552.4140209253284,554.0037015610848,548.4398193359375,548.4398193359375,7900,0.0,0.0
2012-01-31 00:00:00+09:00,547.6449164674993,554.7984785113418,543.6707153320312,543.6707153320312,6000,0.0,0.0
2012-02-01 00:00:00+09:00,551.6192016601562,554.0037227047967,546.0553192226619,551.6192016601562,6900,0.0,0.0
2012-02-02 00:00:00+09:00,552.4139995964206,552.4139995964206,544.4655967245296,545.2604370117188,8200,0.0,0.0
2012-02-03 00:00:00+09:00,538.901712843023,541.2862336963108,528.5687891454429,538.1068725585938,13200,0.0,0.0
2012-02-06 00:00:00+09:00,539.6966756484088,543.6708779727711,535.7224733240464,540.4915161132812,4000,0.0,0.0
2012-02-07 00:00:00+09:00,538.1069947186638,543.6708779727711,538.1069947186638,540.4915161132812,12200,0.0,0.0
2012-02-08 00:00:00+09:00,541.2863361431678,541.2863361431678,538.1069744037072,539.6966552734375,24800,0.0,0.0
2012-02-09 00:00:00+09:00,536.5171508789062,541.286192220052,536.5171508789062,536.5171508789062,15200,0.0,0.0
2012-02-10 00:00:00+09:00,538.1070355315707,538.9018760567282,532.5431518554688,532.5431518554688,5800,0.0,0.0
2012-02-13 00:00:00+09:00,534.9276126642466,542.081176578033,534.9276126642466,539.6966552734375,16500,0.0,0.0
2012-02-14 00:00:00+09:00,538.9019555699496,547.6452026367188,538.9019555699496,547.6452026367188,7100,0.0,0.0
2012-02-15 00:00:00+09:00,547.6449413923586,558.772705078125,543.6707400760135,558.772705078125,19300,0.0,0.0
2012-02-16 00:00:00+09:00,554.7986449317109,556.3883258627473,550.8244426041198,552.4141235351562,15000,0.0,0.0
2012-02-17 00:00:00+09:00,557.1831464470276,562.7470295071264,555.5934655727137,561.1573486328125,21800,0.0,0.0
2012-02-20 00:00:00+09:00,561.1573486328125,564.3367103814403,561.1573486328125,561.1573486328125,36900,0.0,0.0
2012-02-21 00:00:00+09:00,556.3883060098707,563.5418699442833,555.5934655727137,561.1573486328125,5600,0.0,0.0
2012-02-22 00:00:00+09:00,563.5418107751008,573.8747353732338,561.9521300676957,573.0798950195312,11100,0.0,0.0
2012-02-23 00:00:00+09:00,573.8747362139464,580.2334590528822,573.0798958590794,577.8489379882812,14900,0.0,0.0
2012-02-24 00:00:00+09:00,577.8489587786423,581.0283203125,573.8747568613202,581.0283203125,12100,0.0,0.0
2012-02-27 00:00:00+09:00,576.2592163085938,576.2592163085938,569.9004939217402,576.2592163085938,12800,0.0,0.0
2012-02-28 00:00:00+09:00,576.2592564343414,576.2592564343414,567.5160125436134,573.0798950195312,16700,0.0,0.0
2012-02-29 00:00:00+09:00,579.4386606563924,592.1561072551609,579.4386606563924,588.9767456054688,20100,0.0,0.0
2012-03-01 00:00:00+09:00,600.899310417895,600.899310417895,588.9767050524606,589.7715454101562,11100,0.0,0.0
2012-03-02 00:00:00+09:00,596.1304333745217,596.1304333745217,584.2078247070312,584.2078247070312,8200,0.0,0.0
2012-03-05 00:00:00+09:00,581.0283407409335,588.1819044436262,581.0283407409335,581.8231811523438,6900,0.0,0.0
2012-03-06 00:00:00+09:00,588.181864694765,589.7715454101562,585.0025032639825,589.7715454101562,8000,0.0,0.0
2012-03-07 00:00:00+09:00,583.4128424567145,588.181884765625,576.2592789933487,588.181884765625,15000,0.0,0.0
2012-03-08 00:00:00+09:00,586.5922036656208,588.1818844343624,585.79736328125,585.79736328125,12100,0.0,0.0
2012-03-09 00:00:00+09:00,587.3870652695417,595.335469400388,586.592224856457,593.7457885742188,179200,0.0,0.0
2012-03-12 00:00:00+09:00,581.8230425550854,596.1301665523416,581.8230425550854,592.9508056640625,4300,0.0,0.0
2012-03-13 00:00:00+09:00,593.7457087030474,603.283792376992,593.7457087030474,600.1044311523438,8000,0.0,0.0
2012-03-14 00:00:00+09:00,604.0788171646443,609.6427010069502,597.7200927734375,597.7200927734375,22500,0.0,0.0
2012-03-15 00:00:00+09:00,600.8993731014897,601.6942135421001,596.1303304578271,596.9251708984375,7600,0.0,0.0
2012-03-16 00:00:00+09:00,600.1045533830641,604.8735961914062,598.51487244695,604.8735961914062,18200,0.0,0.0
2012-03-19 00:00:00+09:00,605.6684366594633,606.4632771275203,604.8735961914062,604.8735961914062,33700,0.0,0.0
2012-03-21 00:00:00+09:00,604.078632683154,604.078632683154,600.1044311523438,600.1044311523438,14300,0.0,0.0
2012-03-22 00:00:00+09:00,596.1304116756359,597.7200927734375,591.3613683822307,597.7200927734375,8600,0.0,0.0
2012-03-23 00:00:00+09:00,592.9509270745355,593.7457674593538,588.181884765625,588.181884765625,9300,0.0,0.0
2012-03-26 00:00:00+09:00,600.104448685478,600.104448685478,586.5921630859375,586.5921630859375,33100,0.0,0.0
2012-03-27 00:00:00+09:00,599.3096724398365,603.2838745117188,588.1819066385664,603.2838745117188,23500,0.0,0.0
2012-03-28 00:00:00+09:00,615.726920686395,615.726920686395,596.4603677574856,604.4880981445312,18800,7.5,0.0
2012-03-29 00:00:00+09:00,606.896349609375,606.896349609375,598.8686201171874,602.0797119140625,24200,0.0,0.0
2012-03-30 00:00:00+09:00,606.0935085557072,606.0935085557072,599.6713256835938,599.6713256835938,12400,0.0,0.0
2012-04-02 00:00:00+09:00,602.8824131177819,602.8824131177819,590.8408203125,590.8408203125,32400,0.0,0.0
2012-04-03 00:00:00+09:00,590.8408362780995,594.0519277796109,588.4325176519659,589.2352905273438,3600,0.0,0.0
2012-04-04 00:00:00+09:00,601.2769701227795,601.2769701227795,574.7854614257812,574.7854614257812,8000,0.0,0.0
2012-04-05 00:00:00+09:00,566.7574979015451,582.8129510998891,566.7574979015451,577.1935424804688,7800,0.0,0.0
2012-04-06 00:00:00+09:00,574.7854614257812,578.7993263798719,574.7854614257812,574.7854614257812,28100,0.0,0.0
2012-04-09 00:00:00+09:00,572.3769915291432,575.5880826457163,561.1381726211376,571.57421875,10300,0.0,0.0
2012-04-10 00:00:00+09:00,583.6158358959441,583.6158358959441,552.307696143617,565.954833984375,7600,0.0,0.0
2012-04-11 00:00:00+09:00,569.9687915378147,577.9965209960938,561.9410620795356,577.9965209960938,2800,0.0,0.0
2012-04-12 00:00:00+09:00,569.1659004125702,576.3908554248595,569.1659004125702,571.57421875,7200,0.0,0.0
2012-04-13 00:00:00+09:00,573.1798480917996,576.3909396777481,572.3770751953125,572.3770751953125,12800,0.0,0.0
2012-04-16 00:00:00+09:00,577.9965533890538,577.9965533890538,574.7854614257812,574.7854614257812,9600,0.0,0.0
2012-04-17 00:00:00+09:00,573.9825824128479,574.7853552553834,568.3631725150998,573.1798095703125,4800,0.0,0.0
2012-04-18 00:00:00+09:00,573.1799719373165,585.2215679864198,562.7439220280937,581.2077026367188,16800,0.0,0.0
2012-04-19 00:00:00+09:00,586.0242832972351,586.0242832972351,574.7854614257812,574.7854614257812,22200,0.0,0.0
2012-04-20 00:00:00+09:00,583.6158794696514,583.6158794696514,572.3770592322717,573.9826049804688,47500,0.0,0.0
2012-04-23 00:00:00+09:00,577.9964693509615,584.41865234375,572.3770592322717,573.9826049804688,1700,0.0,0.0
2012-04-24 00:00:00+09:00,567.5603930423699,577.9964398734177,566.7576202092123,570.771484375,12800,0.0,0.0
2012-04-25 00:00:00+09:00,577.996414737117,580.404733131855,576.390869140625,576.390869140625,4500,0.0,0.0
2012-04-26 00:00:00+09:00,585.221522872798,585.221522872798,579.6021118164062,579.6021118164062,1600,0.0,0.0
2012-04-27 00:00:00+09:00,581.2076097496474,581.2076097496474,563.5466050334978,569.166015625,14700,0.0,0.0
2012-05-01 00:00:00+09:00,572.3771625983478,573.9827086364919,564.3494324076277,566.7577514648438,5500,0.0,0.0
2012-05-02 00:00:00+09:00,575.5882344165993,577.1937803982356,573.179915444145,574.7854614257812,3500,0.0,0.0
2012-05-07 00:00:00+09:00,561.9409897748162,573.1798095703125,561.9409897748162,573.1798095703125,12200,0.0,0.0
2012-05-08 00:00:00+09:00,577.9964466255252,577.9964466255252,573.1798095703125,573.1798095703125,8600,0.0,0.0
2012-05-09 00:00:00+09:00,565.9549784457716,573.1799356174198,565.9549784457716,566.7577514648438,18500,0.0,0.0
2012-05-10 00:00:00+09:00,559.5326932466947,573.9826049804688,554.7160560021034,573.9826049804688,4800,0.0,0.0
2012-05-11 00:00:00+09:00,569.9687004363007,570.7714732538166,558.7298809910778,559.5326538085938,18000,0.0,0.0
2012-05-14 00:00:00+09:00,560.3354266261097,560.3354266261097,550.7021528159187,559.5326538085938,9800,0.0,0.0
2012-05-15 00:00:00+09:00,557.1243240557513,557.1243240557513,548.2938232421875,548.2938232421875,6100,0.0,0.0
2012-05-16 00:00:00+09:00,540.2661967744459,541.8717426786791,539.4634238223293,541.0689697265625,16600,0.0,0.0
2012-05-17 00:00:00+09:00,538.6605939210766,553.1105055314781,538.6605939210766,549.8994140625,23900,0.0,0.0
2012-05-18 00:00:00+09:00,549.8994526110197,549.8994526110197,527.4218107524671,533.843994140625,55900,0.0,0.0
2012-05-21 00:00:00+09:00,529.0273372371022,532.2384288136552,526.6190185546875,526.6190185546875,4100,0.0,0.0
2012-05-22 00:00:00+09:00,527.4217348113052,543.4771909699447,527.4217348113052,535.449462890625,4200,0.0,0.0
2012-05-23 00:00:00+09:00,531.4357339001576,531.4357339001576,525.0135498046875,525.0135498046875,27400,0.0,0.0
2012-05-24 00:00:00+09:00,523.4078979492188,523.4078979492188,513.7746237538344,523.4078979492188,10100,0.0,0.0
2012-05-25 00:00:00+09:00,518.5912674066675,527.4217688640565,518.5912674066675,525.8162231445312,4900,0.0,0.0
2012-05-28 00:00:00+09:00,526.6190082870911,526.6190082870911,514.5774151097949,515.3801879882812,5000,0.0,0.0
2012-05-29 00:00:00+09:00,515.380216899671,523.4079461348684,512.1691252055921,518.59130859375,10100,0.0,0.0
2012-05-30 00:00:00+09:00,516.9856895590727,525.0134176578161,507.35241584058076,510.5635070800781,8400,0.0,0.0
2012-05-31 00:00:00+09:00,502.53593093423973,529.0274416703897,502.53593093423973,519.3941650390625,6400,0.0,0.0
2012-06-01 00:00:00+09:00,523.4079461348684,523.4079461348684,511.36635228207234,518.59130859375,11400,0.0,0.0
2012-06-04 00:00:00+09:00,502.5358868311322,505.7469787597656,502.5358868311322,505.7469787597656,7100,0.0,0.0
2012-06-05 00:00:00+09:00,506.54971474095396,518.59130859375,505.7469418174342,518.59130859375,2600,0.0,0.0
2012-06-06 00:00:00+09:00,524.2107315631986,538.66064453125,521.80241273519,538.66064453125,11200,0.0,0.0
2012-06-07 00:00:00+09:00,544.279922936795,545.0826956844894,537.8577409552399,542.6743774414062,12100,0.0,0.0
2012-06-08 00:00:00+09:00,538.6607097090639,538.6607097090639,529.0274332314056,532.238525390625,134000,0.0,0.0
2012-06-11 00:00:00+09:00,531.4357523508202,539.4634827488687,529.8302062712104,532.238525390625,13300,0.0,0.0
2012-06-12 00:00:00+09:00,522.6051225142045,539.4633522727272,522.6051225142045,529.830078125,19500,0.0,0.0
2012-06-13 00:00:00+09:00,531.4356079101562,531.4356079101562,530.6328350885398,531.4356079101562,1600,0.0,0.0
2012-06-14 00:00:00+09:00,527.4218452998571,545.0828507741293,527.4218452998571,539.4634399414062,3600,0.0,0.0
2012-06-15 00:00:00+09:00,547.4911010924654,547.4911010924654,537.0550537109375,537.0550537109375,5100,0.0,0.0
2012-06-18 00:00:00+09:00,545.0826956844894,546.6882411798781,541.8716046937118,542.6743774414062,8900,0.0,0.0
2012-06-19 00:00:00+09:00,534.6469561165317,549.0968738494109,534.6469561165317,545.0830078125,26700,0.0,0.0
2012-06-20 00:00:00+09:00,550.7021776282269,554.7160418966541,549.8994047745414,553.9132690429688,146700,0.0,0.0
2012-06-21 00:00:00+09:00,557.1242519685592,559.5325700606423,553.913161179115,558.7297973632812,7700,0.0,0.0
2012-06-22 00:00:00+09:00,551.5049413008655,559.5326697040805,551.5049413008655,557.9271240234375,1500,0.0,0.0
2012-06-25 00:00:00+09:00,561.9409840009366,561.9409840009366,546.6883001494826,549.0966186523438,4600,0.0,0.0
2012-06-26 00:00:00+09:00,541.0690166356783,553.9133849831128,541.0690166356783,551.5050659179688,12700,0.0,0.0
2012-06-27 00:00:00+09:00,550.7022379672073,569.166015625,549.096692083921,569.166015625,22200,0.0,0.0
2012-06-28 00:00:00+09:00,572.3770722324408,581.2075740480886,569.1659806631144,578.7992553710938,8300,0.0,0.0
2012-06-29 00:00:00+09:00,566.757699754503,578.7992939419217,566.757699754503,577.9965209960938,7600,0.0,0.0
2012-07-02 00:00:00+09:00,586.024168204993,586.024168204993,570.771484375,570.771484375,7200,0.0,0.0
2012-07-03 00:00:00+09:00,560.3353166222075,577.1935424804688,560.3353166222075,577.1935424804688,7900,0.0,0.0
2012-07-04 00:00:00+09:00,578.7992422250601,579.6020150991586,573.9826049804688,573.9826049804688,4800,0.0,0.0
2012-07-05 00:00:00+09:00,566.7576491135817,573.9826049804688,565.9548762394832,573.9826049804688,1700,0.0,0.0
2012-07-06 00:00:00+09:00,572.377005149395,577.996414737117,572.377005149395,576.390869140625,4700,0.0,0.0
2012-07-09 00:00:00+09:00,569.9688720703125,573.1799643073283,569.9688720703125,569.9688720703125,3700,0.0,0.0
2012-07-10 00:00:00+09:00,573.9825824128479,573.9825824128479,573.1798095703125,573.1798095703125,3200,0.0,0.0
2012-07-11 00:00:00+09:00,570.7714459708567,571.57421875,570.7714459708567,571.57421875,1600,0.0,0.0
2012-07-12 00:00:00+09:00,571.574434614451,571.574434614451,561.9411576265669,568.3633422851562,400,0.0,0.0
2012-07-13 00:00:00+09:00,556.3217163085938,568.3633118996888,556.3217163085938,556.3217163085938,7000,0.0,0.0
2012-07-17 00:00:00+09:00,567.560473127814,567.560473127814,562.7438354492188,562.7438354492188,1500,0.0,0.0
2012-07-18 00:00:00+09:00,566.7575315112549,568.363076926301,555.5187136059326,561.1381225585938,7600,0.0,0.0
2012-07-19 00:00:00+09:00,561.9408881527254,563.5464335474475,556.3214792711982,558.7297973632812,14900,0.0,0.0
2012-07-20 00:00:00+09:00,567.560393840946,567.560393840946,545.0827544809085,549.0966186523438,89200,0.0,0.0
2012-07-23 00:00:00+09:00,541.8718098537609,548.2939942668424,521.8024835628809,543.4773559570312,26900,0.0,0.0
2012-07-24 00:00:00+09:00,526.6190156132342,536.252290289086,526.6190156132342,533.0411987304688,6600,0.0,0.0
2012-07-25 00:00:00+09:00,529.8302402781017,539.4635173740671,529.8302402781017,537.8579711914062,11300,0.0,0.0
2012-07-26 00:00:00+09:00,543.4771501891006,543.4771501891006,542.6743774414062,542.6743774414062,8300,0.0,0.0
2012-07-27 00:00:00+09:00,550.7021802974936,550.7021802974936,547.4910888671875,547.4910888671875,1800,0.0,0.0
2012-07-30 00:00:00+09:00,557.9270698962717,560.3353881835938,557.9270698962717,560.3353881835938,11400,0.0,0.0
2012-07-31 00:00:00+09:00,553.1105055314781,553.1105055314781,549.8994140625,549.8994140625,6900,0.0,0.0
2012-08-01 00:00:00+09:00,541.8717588697161,545.0828507741293,539.4634399414062,539.4634399414062,3900,0.0,0.0
2012-08-02 00:00:00+09:00,538.6605137029343,542.6743774414062,538.6605137029343,542.6743774414062,21100,0.0,0.0
2012-08-03 00:00:00+09:00,539.4634046052631,540.2661775287829,533.843994140625,533.843994140625,7400,0.0,0.0
2012-08-06 00:00:00+09:00,535.4495209418403,541.8717041015625,535.4495209418403,541.8717041015625,6100,0.0,0.0
2012-08-07 00:00:00+09:00,545.0827317886107,546.6882773903444,541.8716405851432,542.1550903320312,5100,0.0,0.0
2012-08-08 00:00:00+09:00,554.7162863010861,554.7162863010861,541.8719149829714,545.0830078125,6100,0.0,0.0
2012-08-09 00:00:00+09:00,540.266158311632,543.4772498914931,539.4633854166667,541.8717041015625,20100,0.0,0.0
2012-08-10 00:00:00+09:00,544.2800551299367,544.2800551299367,532.2384609898938,538.66064453125,6000,0.0,0.0
2012-08-13 00:00:00+09:00,498.52207946686246,522.6052717116385,498.52207946686246,517.0435791015625,13000,0.0,0.0
2012-08-14 00:00:00+09:00,517.7884499986541,529.8300418590879,516.9856772079585,524.2106323242188,23400,0.0,0.0
2012-08-15 00:00:00+09:00,526.6191125653102,526.6191125653102,506.5497866291322,525.0829467773438,6600,0.0,0.0
2012-08-16 00:00:00+09:00,509.7607778388763,519.3940523807133,509.7607778388763,515.3801879882812,8600,0.0,0.0
2012-08-17 00:00:00+09:00,516.9857111081318,528.2245309148303,509.76075551811135,514.577392578125,15000,0.0,0.0
2012-08-20 00:00:00+09:00,521.802400287829,521.802400287829,517.7885356702302,518.59130859375,46300,0.0,0.0
2012-08-21 00:00:00+09:00,523.4079493227978,527.4218139648438,523.4079493227978,527.4218139648438,2900,0.0,0.0
2012-08-22 00:00:00+09:00,527.4217782827524,527.4217782827524,521.8023681640625,521.8023681640625,4000,0.0,0.0
2012-08-23 00:00:00+09:00,529.0273592321388,539.463407289829,528.2245863046243,535.9954223632812,3100,0.0,0.0
2012-08-24 00:00:00+09:00,537.055085834704,537.055085834704,527.4218107524671,533.843994140625,2900,0.0,0.0
2012-08-27 00:00:00+09:00,535.449472018239,535.449472018239,531.4356079101562,531.4356079101562,2000,0.0,0.0
2012-08-28 00:00:00+09:00,539.463304124437,541.0688496724264,529.0272580625059,534.6466674804688,13200,0.0,0.0
2012-08-29 00:00:00+09:00,542.6745282341452,556.3216687370749,542.6745282341452,545.8856201171875,2500,0.0,0.0
2012-08-30 00:00:00+09:00,545.8856145516718,545.8856145516718,528.224609375,528.224609375,6500,0.0,0.0
2012-08-31 00:00:00+09:00,525.8162552090834,526.6190281177995,522.6051635742188,522.6051635742188,3500,0.0,0.0
2012-09-03 00:00:00+09:00,517.7885261219218,529.8301197526641,517.7885261219218,522.6051635742188,11400,0.0,0.0
2012-09-04 00:00:00+09:00,518.591224942466,518.591224942466,514.5773609723232,517.7884521484375,8900,0.0,0.0
2012-09-05 00:00:00+09:00,510.56366568551937,512.9719848632812,510.56366568551937,512.9719848632812,5400,0.0,0.0
2012-09-06 00:00:00+09:00,509.7608805531386,510.56365359337974,508.15533447265625,508.15533447265625,12700,0.0,0.0
2012-09-07 00:00:00+09:00,516.183077100297,516.183077100297,510.56366568551937,512.9719848632812,4800,0.0,0.0
2012-09-10 00:00:00+09:00,504.94415958246327,522.6051635742188,504.94415958246327,522.6051635742188,3400,0.0,0.0
2012-09-11 00:00:00+09:00,514.5774884636019,520.1968994140625,514.5774884636019,520.1968994140625,6500,0.0,0.0
2012-09-12 00:00:00+09:00,535.449462890625,535.449462890625,535.449462890625,535.449462890625,700,0.0,0.0
2012-09-13 00:00:00+09:00,543.4771909699447,543.4771909699447,534.646690082693,535.449462890625,5500,0.0,0.0
2012-09-14 00:00:00+09:00,537.8578779180962,541.8717426786791,537.0551049659797,541.0689697265625,106100,0.0,0.0
2012-09-18 00:00:00+09:00,544.2800095904569,544.2800095904569,537.0550537109375,537.0550537109375,6300,0.0,0.0
2012-09-19 00:00:00+09:00,537.8578939891997,541.0689858936129,533.8440291086832,539.4634399414062,17700,0.0,0.0
2012-09-20 00:00:00+09:00,540.2660859493192,541.8716315242058,530.6328125,530.6328125,43600,0.0,0.0
2012-09-21 00:00:00+09:00,538.6605768260841,538.6605768260841,533.0411669337108,536.2522583007812,4400,0.0,0.0
2012-09-24 00:00:00+09:00,529.8301642281668,539.4634399414062,529.8301642281668,539.4634399414062,5300,0.0,0.0
2012-09-25 00:00:00+09:00,542.674429334733,546.6882934570312,538.6605652124347,546.6882934570312,37700,0.0,0.0
2012-09-26 00:00:00+09:00,550.3410408266129,559.2698777721774,549.5293283770162,553.587890625,12800,7.5,0.0
2012-09-27 00:00:00+09:00,552.7762284072744,564.951916257655,551.1528033605571,563.3284912109375,11700,0.0,0.0
2012-09-28 00:00:00+09:00,570.634009215509,570.634009215509,557.6466064453125,557.6466064453125,9200,0.0,0.0
2012-10-01 00:00:00+09:00,551.9646057218796,551.9646057218796,547.9060424445129,551.1528930664062,14100,0.0,0.0
2012-10-02 00:00:00+09:00,543.03564453125,543.03564453125,542.2239320581091,543.03564453125,2400,0.0,0.0
2012-10-03 00:00:00+09:00,537.3535883123225,542.2238625266335,531.6716017289596,535.7301635742188,13700,0.0,0.0
2012-10-04 00:00:00+09:00,527.6131075415732,560.0816064672085,527.6131075415732,543.03564453125,5900,0.0,0.0
2012-10-05 00:00:00+09:00,543.0356995539878,543.847412109375,534.9185740001166,543.847412109375,2300,0.0,0.0
2012-10-09 00:00:00+09:00,535.730242446133,535.730242446133,532.4833924919141,533.2951049804688,4000,0.0,0.0
2012-10-10 00:00:00+09:00,526.8013332523236,534.91845703125,526.8013332523236,534.91845703125,2800,0.0,0.0
2012-10-11 00:00:00+09:00,529.2365112304688,531.6716485520814,526.8013739088561,529.2365112304688,3700,0.0,0.0
2012-10-12 00:00:00+09:00,537.3535560666149,537.3535560666149,530.0481451835341,531.6715698242188,3400,0.0,0.0
2012-10-15 00:00:00+09:00,523.5545551178118,533.2951049804688,523.5545551178118,533.2951049804688,2600,0.0,0.0
2012-10-16 00:00:00+09:00,540.6004028320312,543.0355397817251,538.9769781989021,540.6004028320312,4500,0.0,0.0
2012-10-17 00:00:00+09:00,548.71760425233,555.2113037109375,548.71760425233,555.2113037109375,8400,0.0,0.0
2012-10-18 00:00:00+09:00,560.0815139880283,564.1400756835938,555.2112399533498,564.1400756835938,16100,0.0,0.0
2012-10-19 00:00:00+09:00,566.575212700933,569.8220620573853,564.1400756835938,564.1400756835938,41700,0.0,0.0
2012-10-22 00:00:00+09:00,556.0229522924628,564.1400756835938,556.0229522924628,564.1400756835938,6900,0.0,0.0
2012-10-23 00:00:00+09:00,559.2698856248869,560.893310546875,559.2698856248869,560.893310546875,2700,0.0,0.0
2012-10-24 00:00:00+09:00,552.776160558993,556.0230102539062,551.9644481352647,556.0230102539062,2800,0.0,0.0
2012-10-25 00:00:00+09:00,556.8346676224512,572.2572021484375,549.5292565311946,572.2572021484375,15200,0.0,0.0
2012-10-26 00:00:00+09:00,573.8806237529508,573.8806237529508,560.0815139880283,564.1400756835938,27300,0.0,0.0
2012-10-29 00:00:00+09:00,569.0104623063451,573.8807373046875,569.0104623063451,573.8807373046875,9400,0.0,0.0
2012-10-30 00:00:00+09:00,564.9518025426743,573.0689261424253,556.8346789429232,570.6337890625,6800,0.0,0.0
2012-10-31 00:00:00+09:00,567.3869280875997,572.2572021484375,552.7761059050864,572.2572021484375,8100,0.0,0.0
2012-11-01 00:00:00+09:00,576.3158628735455,576.3158628735455,574.6924379077045,575.504150390625,7000,0.0,0.0
2012-11-02 00:00:00+09:00,576.3158880914008,586.0564383126639,576.3158880914008,580.3744506835938,43300,0.0,0.0
2012-11-05 00:00:00+09:00,577.1276322038207,594.1735960241866,562.5168060720783,592.5501708984375,14600,0.0,0.0
2012-11-06 00:00:00+09:00,583.6213128088567,600.6672760480584,571.4456247808555,578.7510375976562,7000,0.0,0.0
2012-11-07 00:00:00+09:00,577.9392998033062,581.1861498022012,569.0104623063451,573.8807373046875,7500,0.0,0.0
2012-11-08 00:00:00+09:00,561.7049677309783,566.5752420176631,558.4581182065217,560.08154296875,3800,0.0,0.0
2012-11-09 00:00:00+09:00,551.9644481352647,558.4581475250912,543.8473238979813,556.0230102539062,7600,0.0,0.0
2012-11-12 00:00:00+09:00,550.3411315286882,554.3996944455664,549.5294189453125,549.5294189453125,8900,0.0,0.0
2012-11-13 00:00:00+09:00,546.28245666045,547.0941690774789,535.7301952390743,539.7887573242188,32000,0.0,0.0
2012-11-14 00:00:00+09:00,547.9059508009551,548.7176633206602,539.7888256039039,547.09423828125,14800,0.0,0.0
2012-11-15 00:00:00+09:00,548.7175356108567,568.1986315497037,548.7175356108567,564.9517822265625,21700,0.0,0.0
2012-11-16 00:00:00+09:00,560.893229339816,572.2572021484375,560.893229339816,572.2572021484375,8500,0.0,0.0
2012-11-19 00:00:00+09:00,590.9266875661142,592.5501125319552,569.0104505272611,575.504150390625,21000,0.0,0.0
2012-11-20 00:00:00+09:00,576.3159300378487,576.3159300378487,567.3870916851497,574.6925048828125,55700,0.0,0.0
2012-11-21 00:00:00+09:00,584.4330132757867,584.4330132757867,580.3744506835938,580.3744506835938,14900,0.0,0.0
2012-11-22 00:00:00+09:00,592.5501397494612,592.5501397494612,579.5627394261853,588.4915771484375,15100,0.0,0.0
2012-11-26 00:00:00+09:00,587.6797978004477,594.173497223657,587.6797978004477,589.30322265625,20200,0.0,0.0
2012-11-27 00:00:00+09:00,591.7383481539213,591.7383481539213,586.0563612717849,590.9266357421875,23900,0.0,0.0
2012-11-28 00:00:00+09:00,590.9265714767583,590.9265714767583,582.8094482421875,582.8094482421875,6500,0.0,0.0
2012-11-29 00:00:00+09:00,586.868152108028,591.7384272292564,585.2447270676186,588.4915771484375,17700,0.0,0.0
2012-11-30 00:00:00+09:00,590.9267267461964,592.550151819675,586.8681640625,586.8681640625,12400,0.0,0.0
2012-12-03 00:00:00+09:00,588.4914985069862,590.9266357421875,586.0563612717849,590.9266357421875,9000,0.0,0.0
2012-12-04 00:00:00+09:00,578.7509746499543,595.7969360351562,578.7509746499543,595.7969360351562,8700,0.0,0.0
2012-12-05 00:00:00+09:00,586.0563323683173,596.6085932004338,586.0563323683173,594.9851684570312,12800,0.0,0.0
2012-12-06 00:00:00+09:00,598.2321048060354,600.6672422747167,596.6086798269146,599.8555297851562,22500,0.0,0.0
2012-12-07 00:00:00+09:00,599.0438903228884,602.2907406769419,595.7970399688348,598.232177734375,14400,0.0,0.0
2012-12-10 00:00:00+09:00,610.4077680749496,610.4077680749496,600.6672185843919,603.1023559570312,94000,0.0,0.0
2012-12-11 00:00:00+09:00,600.667204772534,600.667204772534,596.608642578125,596.608642578125,6200,0.0,0.0
2012-12-12 00:00:00+09:00,599.043701171875,599.043701171875,599.043701171875,599.043701171875,9600,0.0,0.0
2012-12-13 00:00:00+09:00,609.5959614906208,609.5959614906208,597.4202765074526,599.043701171875,16400,0.0,0.0
2012-12-14 00:00:00+09:00,586.8681487628027,607.9726741678273,576.3158860602903,605.5375366210938,170800,0.0,0.0
2012-12-17 00:00:00+09:00,617.7130880100841,617.7130880100841,607.1608276367188,607.1608276367188,11100,0.0,0.0
2012-12-18 00:00:00+09:00,609.5960611242218,641.2528472545076,609.5960611242218,627.4537353515625,12700,0.0,0.0
2012-12-19 00:00:00+09:00,638.0059602355957,659.9221955108643,630.7005484771729,649.3699340820312,36300,0.0,0.0
2012-12-20 00:00:00+09:00,650.1816523889726,661.5456263383429,647.7465151141075,648.5582275390625,81000,0.0,0.0
2012-12-21 00:00:00+09:00,656.6753458404542,656.6753458404542,645.3113719940186,649.3699340820312,23900,0.0,0.0
2012-12-25 00:00:00+09:00,655.0519291485197,681.8384392623996,651.8050794377463,656.6753540039062,14300,0.0,0.0
2012-12-26 00:00:00+09:00,658.2986887338999,660.7338256835938,654.2401271510769,660.7338256835938,24100,0.0,0.0
2012-12-27 00:00:00+09:00,659.9221133670292,673.7212227486276,656.6752641007707,660.7338256835938,59400,0.0,0.0
2012-12-28 00:00:00+09:00,648.5582972295709,668.8511100340006,648.5582972295709,663.9808349609375,18200,0.0,0.0
2013-01-04 00:00:00+09:00,688.3322143554688,689.9556393893259,676.1565266015394,688.3322143554688,51200,0.0,0.0
2013-01-07 00:00:00+09:00,690.7674010512408,698.0728142233456,689.9556884765625,689.9556884765625,10700,0.0,0.0
2013-01-08 00:00:00+09:00,690.7672470183062,691.5789594119823,681.8384106878699,685.89697265625,6900,0.0,0.0
2013-01-09 00:00:00+09:00,678.5917254329278,710.2485164519279,678.5917254329278,704.5665283203125,17400,0.0,0.0
2013-01-10 00:00:00+09:00,698.0727978124105,719.9890368134978,698.0727978124105,708.6250610351562,11500,0.0,0.0
2013-01-11 00:00:00+09:00,715.118634737455,718.36548438439,707.813223031851,717.5537719726562,12300,0.0,0.0
2013-01-15 00:00:00+09:00,724.0475167877299,737.8466286547607,721.6123793994304,728.1060791015625,10900,0.0,0.0
2013-01-16 00:00:00+09:00,728.1060392870098,728.1060392870098,714.306928174547,716.7420654296875,8100,0.0,0.0
2013-01-17 00:00:00+09:00,726.4828438351391,726.4828438351391,695.637762197446,702.9431762695312,21400,0.0,0.0
2013-01-18 00:00:00+09:00,715.1186088266568,717.5537459736262,712.6834716796875,712.6834716796875,41800,0.0,0.0
2013-01-21 00:00:00+09:00,702.9430690825119,725.6710205078125,702.9430690825119,725.6710205078125,2500,0.0,0.0
2013-01-22 00:00:00+09:00,721.6121900638941,721.6121900638941,711.8716430664062,711.8716430664062,10100,0.0,0.0
2013-01-23 00:00:00+09:00,722.4240112304688,726.4825730913141,709.4366132757636,722.4240112304688,16200,0.0,0.0
2013-01-24 00:00:00+09:00,711.0601173834658,738.6583411175272,711.0601173834658,728.1060791015625,13400,0.0,0.0
2013-01-25 00:00:00+09:00,740.2816451471197,753.2690424304025,724.8591108732213,736.2230834960938,14000,0.0,0.0
2013-01-28 00:00:00+09:00,738.6583090469976,740.281733902046,724.0474853515625,724.0474853515625,18800,0.0,0.0
2013-01-29 00:00:00+09:00,724.0475089958122,730.5412086280617,715.1186720014692,720.8006591796875,6300,0.0,0.0
2013-01-30 00:00:00+09:00,721.6123986708379,742.7169232663855,721.6123986708379,733.7880859375,20500,0.0,0.0
2013-01-31 00:00:00+09:00,732.1645596964976,737.846546301681,709.4366132757636,722.4240112304688,12100,0.0,0.0
2013-02-01 00:00:00+09:00,730.5411519458116,741.9051254205242,730.5411519458116,737.0348510742188,8000,0.0,0.0
2013-02-04 00:00:00+09:00,738.6582758563206,738.6582758563206,735.411426292117,737.0348510742188,11800,0.0,0.0
2013-02-05 00:00:00+09:00,728.9177636829597,736.2231755684237,715.11865234375,715.11865234375,7500,0.0,0.0
2013-02-06 00:00:00+09:00,727.2943767655368,729.7295141877428,718.3655395507812,718.3655395507812,18500,0.0,0.0
2013-02-07 00:00:00+09:00,718.3655378069196,719.1772502790178,706.1898507254464,710.2484130859375,26800,0.0,0.0
2013-02-08 00:00:00+09:00,707.8132383081587,713.495225312926,707.0015258789062,707.0015258789062,20600,0.0,0.0
2013-02-12 00:00:00+09:00,715.1186879185268,720.8006752232143,710.2484130859375,710.2484130859375,7800,0.0,0.0
2013-02-13 00:00:00+09:00,710.2484233409754,721.612398114431,698.0727360837014,700.5078735351562,13600,0.0,0.0
2013-02-14 00:00:00+09:00,704.5663662269467,705.378078630434,693.202392578125,693.202392578125,11200,0.0,0.0
2013-02-15 00:00:00+09:00,685.0853881835938,689.1439509097999,685.0853881835938,685.0853881835938,16000,0.0,0.0
2013-02-18 00:00:00+09:00,710.2484071635764,716.7421068862149,707.813269767587,711.0601196289062,13200,0.0,0.0
2013-02-19 00:00:00+09:00,708.6249354435847,725.670896089994,706.1897982083834,717.5537719726562,23200,0.0,0.0
2013-02-20 00:00:00+09:00,719.1772107864174,727.2943350616591,718.3654983588932,724.0474853515625,34400,0.0,0.0
2013-02-21 00:00:00+09:00,722.4240941435235,725.6709440048427,698.0727201836295,711.0601196289062,21900,0.0,0.0
2013-02-22 00:00:00+09:00,702.9429142984112,726.4825730913141,702.9429142984112,722.4240112304688,22100,0.0,0.0
2013-02-25 00:00:00+09:00,730.5411847717559,734.5997469093767,724.0474853515625,724.0474853515625,14900,0.0,0.0
2013-02-26 00:00:00+09:00,722.4240054078108,730.5411290640783,722.4240054078108,723.2357177734375,8000,0.0,0.0
2013-02-27 00:00:00+09:00,723.2358698102206,727.294432491535,719.1773071289062,719.1773071289062,7200,0.0,0.0
2013-02-28 00:00:00+09:00,719.177172770988,738.6582700018048,707.0014870017275,737.8465576171875,14800,0.0,0.0
2013-03-01 00:00:00+09:00,731.3529973651137,741.0935478294658,725.6710095942415,735.4115600585938,12400,0.0,0.0
2013-03-04 00:00:00+09:00,743.528564453125,749.2105512993825,741.9051396399086,743.528564453125,9100,0.0,0.0
2013-03-05 00:00:00+09:00,741.9052107819414,741.9052107819414,727.2943860619469,733.7880859375,7000,0.0,0.0
2013-03-06 00:00:00+09:00,738.6583608441648,742.7169232663855,733.7880859375,733.7880859375,5600,0.0,0.0
2013-03-07 00:00:00+09:00,733.7880190348757,734.5997314453125,732.1645942140021,734.5997314453125,6300,0.0,0.0
2013-03-08 00:00:00+09:00,727.2943434817597,758.1394160847807,727.2943434817597,756.5159912109375,356300,0.0,0.0
2013-03-11 00:00:00+09:00,768.691643587945,791.4195908112422,763.0096567821207,786.54931640625,28100,0.0,0.0
2013-03-12 00:00:00+09:00,796.2899734127906,812.5242236352736,796.2899734127906,805.2188110351562,35700,0.0,0.0
2013-03-13 00:00:00+09:00,803.595386012908,805.2188110351562,792.2314108571699,805.2188110351562,12200,0.0,0.0
2013-03-14 00:00:00+09:00,810.9006174053261,813.3357543945312,801.9717817782404,813.3357543945312,13900,0.0,0.0
2013-03-15 00:00:00+09:00,837.6872960870917,860.4152459809275,828.758458628799,857.1683959960938,48900,0.0,0.0
2013-03-18 00:00:00+09:00,857.1682939646049,875.8376791551219,840.934045972851,862.8502807617188,30700,0.0,0.0
2013-03-19 00:00:00+09:00,875.83773916739,881.5197263538329,846.6160907799702,854.7332153320312,62600,0.0,0.0
2013-03-21 00:00:00+09:00,836.0637876104684,855.5448855742075,833.6286503650009,835.2520751953125,44300,0.0,0.0
2013-03-22 00:00:00+09:00,832.0053884634387,832.0053884634387,815.7711369812254,821.453125,4300,0.0,0.0
2013-03-25 00:00:00+09:00,836.0637563627477,836.0637563627477,814.1475219726562,814.1475219726562,48100,0.0,0.0
2013-03-26 00:00:00+09:00,818.2061180009823,827.9466670248034,810.9007062331164,826.3232421875,43800,0.0,0.0
2013-03-27 00:00:00+09:00,852.9524984124846,852.9524984124846,818.539429312269,831.649169921875,29200,9.5,0.0
2013-03-28 00:00:00+09:00,834.1071488167477,849.6749639714807,830.0103553549758,843.939453125,16200,0.0,0.0
2013-03-29 00:00:00+09:00,856.2299335648861,856.2299335648861,830.8298111337746,831.649169921875,37800,0.0,0.0
2013-04-01 00:00:00+09:00,830.8295059440305,830.8295059440305,793.1390155363132,793.9583740234375,22800,0.0,0.0
2013-04-02 00:00:00+09:00,792.3199920812419,793.9587097484213,770.1973035743199,790.6812744140625,19400,0.0,0.0
2013-04-03 00:00:00+09:00,794.7779575127089,823.4555126806932,794.7779575127089,820.9974365234375,37000,0.0,0.0
2013-04-04 00:00:00+09:00,800.5135149105574,849.6750409030175,800.5135149105574,845.5782470703125,39300,0.0,0.0
2013-04-05 00:00:00+09:00,868.5202748353629,893.1010373307033,824.27490234375,824.27490234375,77000,0.0,0.0
2013-04-08 00:00:00+09:00,848.0363017792242,884.0880865891622,847.2169430335439,859.50732421875,87400,0.0,0.0
2013-04-09 00:00:00+09:00,864.4235910181662,888.1849977854903,864.4235910181662,881.630126953125,26000,0.0,0.0
2013-04-10 00:00:00+09:00,889.8235103401261,899.6558143217849,843.9394250923848,895.5590209960938,37500,0.0,0.0
2013-04-11 00:00:00+09:00,916.0430342047505,916.0430342047505,880.8106098122602,893.9203491210938,34200,0.0,0.0
2013-04-12 00:00:00+09:00,885.7267383983653,899.655836042003,885.7267383983653,888.184814453125,38300,0.0,0.0
2013-04-15 00:00:00+09:00,882.4493481513508,891.4622941398976,872.6170434365725,879.9912719726562,10300,0.0,0.0
2013-04-16 00:00:00+09:00,866.0622255431381,878.3526071733625,864.4235079924415,869.3396606445312,42600,0.0,0.0
2013-04-17 00:00:00+09:00,878.3526457303437,884.9075162208687,870.1590576171875,870.1590576171875,25400,0.0,0.0
2013-04-18 00:00:00+09:00,865.2428659539473,875.8945300234561,852.9524843352833,856.2299194335938,31500,0.0,0.0
2013-04-19 00:00:00+09:00,867.7008473301286,892.2816078777242,864.4234125904491,888.184814453125,57400,0.0,0.0
2013-04-22 00:00:00+09:00,912.7658238600308,932.4304376595287,901.294799143657,907.8496704101562,29200,0.0,0.0
2013-04-23 00:00:00+09:00,908.6687942763506,932.4301964711334,907.8494355799788,918.5010986328125,12600,0.0,0.0
2013-04-24 00:00:00+09:00,923.4171438786141,933.2494470964875,909.4880476532934,920.1397094726562,28000,0.0,0.0
2013-04-25 00:00:00+09:00,916.0431974689308,926.6948625557787,911.9464032047584,920.9593505859375,28300,0.0,0.0
2013-04-26 00:00:00+09:00,924.2368172844538,924.2368172844538,906.2109219118846,911.1270751953125,12200,0.0,0.0
2013-04-30 00:00:00+09:00,935.7075578717943,950.4560132498086,918.5010265974444,936.5269165039062,24000,0.0,0.0
2013-05-01 00:00:00+09:00,945.5399682768024,945.5399682768024,922.5979239858575,928.3334350585938,14900,0.0,0.0
2013-05-02 00:00:00+09:00,929.1526331817304,938.9849361783624,927.513916015625,927.513916015625,7500,0.0,0.0
2013-05-07 00:00:00+09:00,952.0948731498879,970.9401245117188,952.0948731498879,970.9401245117188,20400,0.0,0.0
2013-05-08 00:00:00+09:00,956.1914760863009,981.5915924176421,956.1914760863009,960.2882690429688,23900,0.0,0.0
2013-05-09 00:00:00+09:00,957.0110148998689,1033.2113782437796,934.0689700221322,1015.1854858398438,34000,0.0,0.0
2013-05-10 00:00:00+09:00,1111.8699109307652,1139.7281106151027,1063.527740890297,1093.024658203125,62900,0.0,0.0
2013-05-13 00:00:00+09:00,1106.1342935001148,1137.2699254653032,1094.6632711971508,1114.327880859375,23700,0.0,0.0
2013-05-14 00:00:00+09:00,1096.3019253850698,1106.9535883372416,1084.8309037442693,1094.6632080078125,29900,0.0,0.0
2013-05-15 00:00:00+09:00,1084.830751527895,1112.688943032388,1084.0113929542335,1091.3856201171875,36400,0.0,0.0
2013-05-16 00:00:00+09:00,1088.9279252134297,1106.9538201379562,1065.1665182674633,1086.4698486328125,22400,0.0,0.0
2013-05-17 00:00:00+09:00,1065.9857061954467,1112.6891537382141,1065.1663474666261,1097.121337890625,32500,0.0,0.0
2013-05-20 00:00:00+09:00,1104.4955122713557,1110.231023091756,1082.3728276783834,1094.6632080078125,39100,0.0,0.0
2013-05-21 00:00:00+09:00,1082.3728399871873,1085.6502747789727,1032.3919594124573,1076.6373291015625,26400,0.0,0.0
2013-05-22 00:00:00+09:00,1052.056257806495,1073.3595776686202,1052.056257806495,1065.9853515625,16900,0.0,0.0
2013-05-23 00:00:00+09:00,1090.5663842792378,1114.3277855896044,1055.3339616466253,1056.1533203125,40900,0.0,0.0
2013-05-24 00:00:00+09:00,1080.7343296328722,1097.940865586087,1044.6825400166128,1069.2633056640625,90600,0.0,0.0
2013-05-27 00:00:00+09:00,1020.1016322683265,1056.9727756033262,1020.1016322683265,1030.7532958984375,37400,0.0,0.0
2013-05-28 00:00:00+09:00,1011.0883973541751,1043.862737624975,1004.5335293000151,1019.281982421875,34900,0.0,0.0
2013-05-29 00:00:00+09:00,1034.8501814700771,1056.15351062148,1011.908134691643,1027.4759521484375,38100,0.0,0.0
2013-05-30 00:00:00+09:00,1002.8949043592598,1034.8498890569815,983.2302983914312,1000.4368286132812,47200,0.0,0.0
2013-05-31 00:00:00+09:00,1005.3531393933652,1036.4887704422224,979.9530193271921,988.1466064453125,21600,0.0,0.0
2013-06-03 00:00:00+09:00,975.0368589326604,1009.4499245420483,950.4560977830974,984.0498046875,41000,0.0,0.0
2013-06-04 00:00:00+09:00,959.4689565534347,997.1594535657815,959.4689565534347,993.8820190429688,33400,0.0,0.0
2013-06-05 00:00:00+09:00,969.3014070019943,999.6176809318961,969.3014070019943,970.9401245117188,15300,0.0,0.0
2013-06-06 00:00:00+09:00,946.3593584126093,957.8303809388227,918.501160848948,931.6109008789062,18500,0.0,0.0
2013-06-07 00:00:00+09:00,900.4752455449737,943.9012582964602,871.7976899543695,925.8753662109375,23200,0.0,0.0
2013-06-10 00:00:00+09:00,919.3205878340609,972.5789106586723,860.3267533206453,961.92724609375,14100,0.0,0.0
2013-06-11 00:00:00+09:00,957.0110052944215,1005.3531708015882,957.0110052944215,991.424072265625,27700,0.0,0.0
2013-06-12 00:00:00+09:00,966.8433101433368,1003.7144533267691,960.2884402440599,991.424072265625,23200,0.0,0.0
2013-06-13 00:00:00+09:00,970.940087081602,991.4240551634922,960.2884236790189,976.6755981445312,22300,0.0,0.0
2013-06-14 00:00:00+09:00,976.6755908407426,999.6176349208943,966.8432862349633,979.1336669921875,322600,0.0,0.0
2013-06-17 00:00:00+09:00,995.5209581328601,1009.4500579585873,976.6757054274643,1007.8113403320312,14000,0.0,0.0
2013-06-18 00:00:00+09:00,1016.0049824617347,1021.7404944595025,975.0370396205357,1003.714599609375,15900,0.0,0.0
2013-06-19 00:00:00+09:00,1028.295174250527,1032.3919677734375,1007.8112066359747,1032.3919677734375,22700,0.0,0.0
2013-06-20 00:00:00+09:00,1038.9468012791053,1039.766159955193,987.3272046855852,1002.89501953125,91100,0.0,0.0
2013-06-21 00:00:00+09:00,970.939955232171,1003.7142997125818,970.939955232171,994.7013549804688,21400,0.0,0.0
2013-06-24 00:00:00+09:00,999.6176670836138,1007.8112545187255,984.0498509569019,988.9660034179688,8600,0.0,0.0
2013-06-25 00:00:00+09:00,983.2305448139133,984.0499036012582,960.2884987682553,978.3143920898438,16400,0.0,0.0
2013-06-26 00:00:00+09:00,979.1335979751015,979.1335979751015,937.3463063460385,939.8043823242188,7900,0.0,0.0
2013-06-27 00:00:00+09:00,939.8043517037145,973.3980556443006,939.8043517037145,971.7593383789062,18600,0.0,0.0
2013-06-28 00:00:00+09:00,979.1336984958349,997.9789495965915,979.1336984958349,988.9660034179688,29000,0.0,0.0
2013-07-01 00:00:00+09:00,987.3274224728954,1003.714599609375,987.3274224728954,1003.714599609375,18300,0.0,0.0
2013-07-02 00:00:00+09:00,1001.2564703032726,1048.779281496063,1001.2564703032726,1040.585693359375,23500,0.0,0.0
2013-07-03 00:00:00+09:00,1025.0176407599658,1036.4886615198695,958.6495920776658,1031.572509765625,25400,0.0,0.0
2013-07-04 00:00:00+09:00,1009.4499479166666,1047.9598079427083,1009.4499479166666,1044.682373046875,51400,0.0,0.0
2013-07-05 00:00:00+09:00,1035.6694045111676,1045.501708984375,1035.6694045111676,1045.501708984375,12800,0.0,0.0
2013-07-08 00:00:00+09:00,1042.224020611435,1045.5014546385148,1009.449680340635,1019.281982421875,26000,0.0,0.0
2013-07-09 00:00:00+09:00,1036.488588487456,1052.8757598469413,1036.488588487456,1043.04345703125,47800,0.0,0.0
2013-07-10 00:00:00+09:00,1042.2243154503976,1042.2243154503976,990.6047149210146,1004.5338134765625,113000,0.0,0.0
2013-07-11 00:00:00+09:00,995.5207950907542,1002.8950232025376,977.4949041508394,980.7723388671875,46000,0.0,0.0
2013-07-12 00:00:00+09:00,978.314293752602,990.6046743273835,978.314293752602,984.0498046875,75700,0.0,0.0
2013-07-16 00:00:00+09:00,1018.4627276779315,1019.2820862681792,981.5915911167835,982.4109497070312,859200,0.0,0.0
2013-07-17 00:00:00+09:00,981.5920421440061,998.7985804453617,971.7597345432314,975.0371704101562,569600,0.0,0.0
2013-07-18 00:00:00+09:00,975.856436984908,988.9661792114055,975.856436984908,984.869384765625,3025300,0.0,0.0
2013-07-19 00:00:00+09:00,984.8691456811669,990.6046565129207,966.8432544956546,969.3013305664062,508000,0.0,0.0
2013-07-22 00:00:00+09:00,979.1338808970928,982.4113164816855,968.4822152471662,975.8564453125,346200,0.0,0.0
2013-07-23 00:00:00+09:00,967.6625366210938,975.0367642498743,959.4689503668931,967.6625366210938,453200,0.0,0.0
2013-07-24 00:00:00+09:00,961.1078177360909,966.0239702564801,944.7206426681269,951.2755126953125,486400,0.0,0.0
2013-07-25 00:00:00+09:00,945.5398056958614,966.8431288744509,945.5398056958614,956.1914672851562,414900,0.0,0.0
2013-07-26 00:00:00+09:00,946.3593584126093,958.649739690695,928.3334658714167,931.6109008789062,482400,0.0,0.0
2013-07-29 00:00:00+09:00,932.4302412985891,932.4302412985891,902.1139680753485,903.752685546875,310900,0.0,0.0
2013-07-30 00:00:00+09:00,893.9203695043167,916.8624138179014,860.3266617594248,873.4364013671875,1015800,0.0,0.0
2013-07-31 00:00:00+09:00,878.3525823398362,904.5720624096821,848.036308509077,850.494384765625,1019000,0.0,0.0
2013-08-01 00:00:00+09:00,850.4942008005062,876.7136751989804,850.4942008005062,872.6168823242188,347800,0.0,0.0
2013-08-02 00:00:00+09:00,871.7976266843464,893.1009521484375,868.5201919975631,893.1009521484375,307300,0.0,0.0
2013-08-05 00:00:00+09:00,889.0043181663335,889.0043181663335,869.339706520258,880.8107299804688,288000,0.0,0.0
2013-08-06 00:00:00+09:00,872.6171795586229,889.8237154935816,861.9655144560293,881.630126953125,316200,0.0,0.0
2013-08-07 00:00:00+09:00,864.4234664019417,868.5202600815717,835.7459106445312,835.7459106445312,470900,0.0,0.0
2013-08-08 00:00:00+09:00,840.6619702436792,865.2427296075296,829.1909492072158,832.4683837890625,642900,0.0,0.0
2013-08-09 00:00:00+09:00,838.2039100032424,848.8555725937039,833.287758038414,834.1071166992188,314000,0.0,0.0
2013-08-12 00:00:00+09:00,837.3845500077351,837.3845500077351,825.0941701152537,827.55224609375,226600,0.0,0.0
2013-08-13 00:00:00+09:00,828.3718249334805,852.1332323746981,828.3718249334805,848.0364379882812,296200,0.0,0.0
2013-08-14 00:00:00+09:00,848.8555752368684,855.4104445437168,834.1071192964595,847.2168579101562,305600,0.0,0.0
2013-08-15 00:00:00+09:00,839.8427261550311,839.8427261550311,819.3587572244205,821.8168334960938,315800,0.0,0.0
2013-08-16 00:00:00+09:00,819.3587566739949,821.8168329440169,808.707092837233,815.261962890625,338800,0.0,0.0
2013-08-19 00:00:00+09:00,815.2620088041841,828.3717496492765,811.9845735929109,820.1781616210938,407000,0.0,0.0
2013-08-20 00:00:00+09:00,817.7199611605727,833.2877760524073,807.0682983398438,807.0682983398438,416900,0.0,0.0
2013-08-21 00:00:00+09:00,807.0682215957409,819.358600604813,798.8746355896927,805.4295043945312,540900,0.0,0.0
2013-08-22 00:00:00+09:00,802.9715510887046,817.7200081495175,798.8747574607011,811.9844970703125,285600,0.0,0.0
2013-08-23 00:00:00+09:00,817.7200852126389,830.8298260577313,811.9845735929109,820.1781616210938,417200,0.0,0.0
2013-08-26 00:00:00+09:00,818.5394208512795,825.9136498679577,811.9845506142323,814.442626953125,296200,0.0,0.0
2013-08-27 00:00:00+09:00,814.4426727294922,825.9136962890625,810.3458786010742,812.803955078125,297300,0.0,0.0
2013-08-28 00:00:00+09:00,794.7779181620797,811.1650917324318,793.9585594835621,807.0682983398438,383500,0.0,0.0
2013-08-29 00:00:00+09:00,801.3329392507286,802.1522980843183,786.584480246114,790.6812744140625,435500,0.0,0.0
2013-08-30 00:00:00+09:00,788.2230648464626,790.6811409322625,762.0035865979316,766.9197387695312,650900,0.0,0.0
2013-09-02 00:00:00+09:00,770.1971153451615,788.2230052787717,766.9196808117779,780.0294189453125,328700,0.0,0.0
2013-09-03 00:00:00+09:00,789.8617341060187,798.0553205594007,788.2230168153424,797.2359619140625,350600,0.0,0.0
2013-09-04 00:00:00+09:00,793.9586870306135,808.7071456132255,790.6812517900331,804.6103515625,191000,0.0,0.0
2013-09-05 00:00:00+09:00,808.7071456132255,808.7071456132255,798.8748398914843,804.6103515625,280900,0.0,0.0
2013-09-06 00:00:00+09:00,809.5265197753906,819.3588256835938,802.1522903442383,806.2490844726562,470400,0.0,0.0
2013-09-09 00:00:00+09:00,832.4684438554068,839.8426721966456,820.9974219912574,825.91357421875,549400,0.0,0.0
2013-09-10 00:00:00+09:00,832.4683825114474,866.0620869238189,832.4683825114474,861.1459350585938,696000,0.0,0.0
2013-09-11 00:00:00+09:00,879.9913251286249,886.5461953344247,867.7009434927502,875.89453125,868700,0.0,0.0
2013-09-12 00:00:00+09:00,880.8106764038997,882.4493939413953,868.5202948726825,878.3526000976562,462200,0.0,0.0
2013-09-13 00:00:00+09:00,901.2945043260806,903.75258024697,865.2427241530373,876.7137451171875,854800,0.0,0.0
2013-09-17 00:00:00+09:00,885.7268750321844,889.0043102774467,865.2429047492939,870.1590576171875,346500,0.0,0.0
2013-09-18 00:00:00+09:00,871.7976847103411,887.36550050874,861.9653799955627,879.9912719726562,484500,0.0,0.0
2013-09-19 00:00:00+09:00,889.8235103401261,895.5590209960938,880.8105650236055,895.5590209960938,262400,0.0,0.0
2013-09-20 00:00:00+09:00,898.0172651707849,898.0172651707849,876.7139358875363,880.8107299804688,519900,0.0,0.0
2013-09-24 00:00:00+09:00,880.8107680990794,887.3656389314447,874.2558972667141,881.630126953125,326800,0.0,0.0
2013-09-25 00:00:00+09:00,877.533193359375,878.3525520833333,860.32666015625,860.32666015625,524000,0.0,0.0
2013-09-26 00:00:00+09:00,866.5279123466706,884.7183837890625,856.6058370144568,884.7183837890625,267100,9.5,0.0
2013-09-27 00:00:00+09:00,889.6794900467147,893.8136884205377,876.450055250481,886.3721313476562,316200,0.0,0.0
2013-09-30 00:00:00+09:00,872.3159494615139,885.5453856618782,866.5280711238546,879.7575073242188,364200,0.0,0.0
2013-10-01 00:00:00+09:00,883.0648010253907,896.2942362467448,883.0648010253907,892.9868774414062,557800,0.0,0.0
2013-10-02 00:00:00+09:00,868.1815905448718,889.6794204059829,866.5279113247864,870.662109375,414400,0.0,0.0
2013-10-03 00:00:00+09:00,867.3548698978149,875.623267132303,855.7791137695312,855.7791137695312,393900,0.0,0.0
2013-10-04 00:00:00+09:00,849.164298647926,849.164298647926,827.6664683024089,833.454345703125,445900,0.0,0.0
2013-10-07 00:00:00+09:00,828.4932961406014,836.7616923096692,816.0907018869996,816.9175415039062,277500,0.0,0.0
2013-10-08 00:00:00+09:00,811.1297888837762,821.0518658120181,804.5150709316149,817.7445068359375,282200,0.0,0.0
2013-10-09 00:00:00+09:00,811.9566376972482,840.0691893079472,808.6492786842248,834.2813110351562,361300,0.0,0.0
2013-10-10 00:00:00+09:00,835.1080820631454,866.5279901011647,829.3202042666682,860.7401123046875,486800,0.0,0.0
2013-10-11 00:00:00+09:00,866.5279359607204,868.1816152278209,852.4716621903651,862.3937377929688,413400,0.0,0.0
2013-10-15 00:00:00+09:00,863.2205273717584,873.14260239902,860.740008614943,864.8742065429688,314400,0.0,0.0
2013-10-16 00:00:00+09:00,858.2595932490543,866.5279901011647,856.6059138786322,860.7401123046875,368200,0.0,0.0
2013-10-17 00:00:00+09:00,867.3547581966454,876.4499939832642,866.5279185796801,872.3157958984375,329100,0.0,0.0
2013-10-18 00:00:00+09:00,875.6231022840107,891.3330540719202,867.3547066061635,888.0256958007812,476700,0.0,0.0
2013-10-21 00:00:00+09:00,896.2940895570528,901.2551269531251,891.3330521609805,901.255126953125,304500,0.0,0.0
2013-10-22 00:00:00+09:00,902.9089780061141,919.4457724750906,896.2942602185236,912.8310546875,415600,0.0,0.0
2013-10-23 00:00:00+09:00,917.791922033434,922.752959449831,900.4282910760447,902.0819702148438,857900,0.0,0.0
2013-10-24 00:00:00+09:00,897.121134403578,923.5800065703195,897.121134403578,921.0994873046875,454900,0.0,0.0
2013-10-25 00:00:00+09:00,923.5800643057194,929.3679429540094,917.7921856574293,920.272705078125,605400,0.0,0.0
2013-10-28 00:00:00+09:00,930.1947183783614,948.3851928710938,922.7531606313345,948.3851928710938,451300,0.0,0.0
2013-10-29 00:00:00+09:00,948.3851716879896,948.3851716879896,926.8873386767535,943.4241333007812,424000,0.0,0.0
2013-10-30 00:00:00+09:00,946.7314595487244,951.6924977647002,934.3288640087848,950.038818359375,471800,0.0,0.0
2013-10-31 00:00:00+09:00,947.5584476728832,953.3463264981102,935.9826900224292,941.7705688476562,513100,0.0,0.0
2013-11-01 00:00:00+09:00,954.9995727539062,963.2679673232042,938.4627836153105,954.9995727539062,470800,0.0,0.0
2013-11-05 00:00:00+09:00,946.7312955277838,970.7096427507582,946.7312955277838,954.1728515625,582200,0.0,0.0
2013-11-06 00:00:00+09:00,967.4023537817297,978.151268823749,953.3460802652431,955.8265991210938,769600,0.0,0.0
2013-11-07 00:00:00+09:00,955.8266047684748,981.4586330970411,918.6188217108785,929.3677368164062,1243200,0.0,0.0
2013-11-08 00:00:00+09:00,921.9262899120579,945.077802125096,921.0994501901636,940.943603515625,549600,0.0,0.0
2013-11-11 00:00:00+09:00,958.3070080641164,958.3070080641164,935.9823409219844,945.0775756835938,434600,0.0,0.0
2013-11-12 00:00:00+09:00,935.9825966260489,954.1730711187814,934.3289171267097,948.3851928710938,464400,0.0,0.0
2013-11-13 00:00:00+09:00,950.8655830422695,961.6144983288343,945.9045452177012,960.7876586914062,498100,0.0,0.0
2013-11-14 00:00:00+09:00,959.1337961090036,979.8047830941115,959.1337961090036,974.0169067382812,465600,0.0,0.0
2013-11-15 00:00:00+09:00,986.4196423339844,996.341717529297,982.2854443359375,992.20751953125,616700,0.0,0.0
2013-11-18 00:00:00+09:00,993.0343296127832,996.341687912909,978.9780568372483,985.5927734375,389100,0.0,0.0
2013-11-19 00:00:00+09:00,983.9392629295888,991.3808203803168,973.1903466118706,982.2855834960938,614200,0.0,0.0
2013-11-20 00:00:00+09:00,985.5928453517259,991.3807227992612,978.9781282688284,988.0733642578125,397400,0.0,0.0
2013-11-21 00:00:00+09:00,992.207535127457,1012.8785254426124,991.3806955148508,1009.5711669921875,595300,0.0,0.0
2013-11-22 00:00:00+09:00,1012.0517076711492,1040.164255106459,999.6491132143949,1014.5322265625,970000,0.0,0.0
2013-11-25 00:00:00+09:00,1019.4932397026733,1025.2811169759245,1010.3980039875644,1022.8005981445312,505400,0.0,0.0
2013-11-26 00:00:00+09:00,1009.5712783888642,1017.012835723426,1003.783400461983,1007.0907592773438,603400,0.0,0.0
2013-11-27 00:00:00+09:00,1010.3981180927044,1019.4933548349464,1002.9565607581428,1007.0907592773438,364500,0.0,0.0
2013-11-28 00:00:00+09:00,1014.5321544572419,1014.5321544572419,1002.12956088197,1012.0516357421875,265800,0.0,0.0
2013-11-29 00:00:00+09:00,1002.9564004536547,1022.8005501740898,1002.9564004536547,1012.0516357421875,572000,0.0,0.0
2013-12-02 00:00:00+09:00,1009.571196579053,1038.5105838683787,1009.571196579053,1030.2421875,521300,0.0,0.0
2013-12-03 00:00:00+09:00,1055.874202907646,1074.0646746883572,1047.6058066436863,1055.04736328125,857900,0.0,0.0
2013-12-04 00:00:00+09:00,1038.5105838683787,1045.9521405999196,1026.9348289526486,1030.2421875,404300,0.0,0.0
2013-12-05 00:00:00+09:00,1026.934864699985,1033.5495820249446,1020.3201473750252,1024.454345703125,646900,0.0,0.0
2013-12-06 00:00:00+09:00,1022.8007019873711,1036.8569767923714,1019.493343209724,1032.7227783203125,362300,0.0,0.0
2013-12-09 00:00:00+09:00,1041.8176994414341,1047.6055755494422,1037.6835022214284,1044.2982177734375,263600,0.0,0.0
2013-12-10 00:00:00+09:00,1045.9521770092438,1054.2205736654435,1021.1469870406452,1024.454345703125,669400,0.0,0.0
2013-12-11 00:00:00+09:00,1022.8007952177553,1031.8960326853344,1015.359237289736,1026.108154296875,416000,0.0,0.0
2013-12-12 00:00:00+09:00,1018.6664283578481,1023.6274661582921,1011.224871657182,1015.3590698242188,321800,0.0,0.0
2013-12-13 00:00:00+09:00,1021.146906756336,1032.7226611649098,1005.4369543447,1006.2637939453125,943200,0.0,0.0
2013-12-16 00:00:00+09:00,1007.9174941333373,1008.7443337511661,993.8612206302472,997.1685791015625,288800,0.0,0.0
2013-12-17 00:00:00+09:00,994.6879197246923,995.5147592257103,978.9779692053497,993.0342407226562,583000,0.0,0.0
2013-12-18 00:00:00+09:00,993.0345306145105,1007.0908062351988,988.0734921601498,1003.783447265625,389000,0.0,0.0
2013-12-19 00:00:00+09:00,1010.3981652047725,1012.0518446895593,997.995569068871,1003.783447265625,515800,0.0,0.0
2013-12-20 00:00:00+09:00,1003.7832850125661,1005.4369642300499,991.3806908814389,994.6880493164062,571900,0.0,0.0
2013-12-24 00:00:00+09:00,994.6879696853969,1008.744241908715,987.2464138024637,990.5537719726562,451000,0.0,0.0
2013-12-25 00:00:00+09:00,980.6319040625987,989.7271409468217,978.151384912356,982.2855834960938,476900,0.0,0.0
2013-12-26 00:00:00+09:00,983.9392019918039,1012.8785902856804,982.2855226607252,1010.3980712890625,402700,0.0,0.0
2013-12-27 00:00:00+09:00,1012.8785796921616,1022.8006555748603,999.6491451818966,1021.9738159179688,269000,0.0,0.0
2013-12-30 00:00:00+09:00,1031.0690117785396,1031.0690117785396,1007.9175022919325,1012.8785400390625,493400,0.0,0.0
2014-01-06 00:00:00+09:00,1017.0127779766194,1026.934853859318,1008.7443814077038,1021.9738159179688,628400,0.0,0.0
2014-01-07 00:00:00+09:00,1017.839602774161,1024.4543199327259,1004.6101684570314,1004.6101684570312,396000,0.0,0.0
2014-01-08 00:00:00+09:00,1017.0129739084551,1026.108211886498,1008.7445757465978,1025.2813720703125,465000,0.0,0.0
2014-01-09 00:00:00+09:00,1029.4153187001464,1031.068997926974,1014.5322056586986,1023.62744140625,377600,0.0,0.0
2014-01-10 00:00:00+09:00,1014.5323592023151,1017.8397181565199,996.3418849541889,1017.0128784179688,493200,0.0,0.0
2014-01-14 00:00:00+09:00,1004.6101135253907,1010.3979907226562,989.7270007324219,992.20751953125,505300,0.0,0.0
2014-01-15 00:00:00+09:00,1007.0907375748512,1017.0128138071158,999.6491804006529,1016.1859741210938,440300,0.0,0.0
2014-01-16 00:00:00+09:00,1020.320103975652,1031.0690191715057,1012.8785473015995,1014.5322265625,528400,0.0,0.0
2014-01-17 00:00:00+09:00,1014.5324843876929,1021.147203112307,1002.9567266196182,1017.83984375,365900,0.0,0.0
2014-01-20 00:00:00+09:00,1018.6664027308559,1019.493242343462,1005.4369689291565,1009.5711669921875,241300,0.0,0.0
2014-01-21 00:00:00+09:00,1005.4368784779472,1016.1857924748332,1000.4758412486152,1002.9563598632812,330900,0.0,0.0
2014-01-22 00:00:00+09:00,997.9953226339493,1008.7442366308352,993.8611249428393,1002.9563598632812,308700,0.0,0.0
2014-01-23 00:00:00+09:00,1011.2248740479537,1015.3590722247646,986.4196849870881,988.0733642578125,396200,0.0,0.0
2014-01-24 00:00:00+09:00,977.3243499128786,983.9390663251485,959.96071933067,965.7485961914062,486700,0.0,0.0
2014-01-27 00:00:00+09:00,937.6360973894438,945.9044933099856,933.5018994291729,935.1555786132812,360300,0.0,0.0
2014-01-28 00:00:00+09:00,928.5410273477125,938.4631042205287,907.0431941232775,916.9652709960938,614200,0.0,0.0
2014-01-29 00:00:00+09:00,933.5019678795857,954.1729591966713,933.5019678795857,950.8656005859375,449000,0.0,0.0
2014-01-30 00:00:00+09:00,934.3287524938156,940.1166297216535,922.75299803814,924.4066772460938,385200,0.0,0.0
2014-01-31 00:00:00+09:00,947.5583149191522,966.5756283948419,907.0431688187696,925.233642578125,913100,0.0,0.0
2014-02-03 00:00:00+09:00,921.9261447507733,933.5018990346396,893.8135986328125,893.8135986328125,560000,0.0,0.0
2014-02-04 00:00:00+09:00,863.2206866419245,870.6622442853894,842.5496931878555,845.0302124023438,639000,0.0,0.0
2014-02-05 00:00:00+09:00,851.6448615579044,864.8742963005515,843.37646484375,857.4327392578125,777700,0.0,0.0
2014-02-06 00:00:00+09:00,859.0862925761455,869.0083671776025,849.1642179746887,856.6057739257812,578200,0.0,0.0
2014-02-07 00:00:00+09:00,865.70109632717,870.6621341284718,857.4326999916669,862.3937377929688,737000,0.0,0.0
2014-02-10 00:00:00+09:00,877.2768732149108,886.3721094122378,863.2205990917689,867.3547973632812,410900,0.0,0.0
2014-02-12 00:00:00+09:00,892.1599836322623,892.1599836322623,873.1426716549296,880.584228515625,442000,0.0,0.0
2014-02-13 00:00:00+09:00,887.1989274510797,889.6794463535525,873.1426536704009,876.4500122070312,410600,0.0,0.0
2014-02-14 00:00:00+09:00,878.9306260260984,883.8916643667912,846.6838768115942,855.7791137695312,513000,0.0,0.0
2014-02-17 00:00:00+09:00,859.9132653438684,873.9695398735278,845.856990814209,873.1427001953125,288200,0.0,0.0
2014-02-18 00:00:00+09:00,873.969610278048,892.98692440898,868.181732064286,889.6795654296875,510600,0.0,0.0
2014-02-19 00:00:00+09:00,895.4674248975866,905.3895016277538,883.0648289848776,899.6016235351562,601000,0.0,0.0
2014-02-20 00:00:00+09:00,898.7747637916157,898.7747637916157,861.5669768821192,866.5280151367188,553900,0.0,0.0
2014-02-21 00:00:00+09:00,887.198902622116,892.9867798992407,876.4499876788843,884.7183837890625,366700,0.0,0.0
2014-02-24 00:00:00+09:00,883.0647474691901,894.6405025858276,866.5279544454226,880.584228515625,364300,0.0,0.0
2014-02-25 00:00:00+09:00,889.6794542201256,896.2941713518738,880.584218163972,892.1599731445312,256000,0.0,0.0
2014-02-26 00:00:00+09:00,885.5452916728917,897.9478867943608,877.2768949252456,886.3721313476562,316500,0.0,0.0
2014-02-27 00:00:00+09:00,878.9305525235156,884.7184301036328,867.3547973632812,867.3547973632812,320800,0.0,0.0
2014-02-28 00:00:00+09:00,864.8743143209798,867.35483338691,853.2985586799724,861.5669555664062,539700,0.0,0.0
2014-03-03 00:00:00+09:00,853.2983821582887,864.0472958870268,840.0689498767648,849.1641845703125,457600,0.0,0.0
2014-03-04 00:00:00+09:00,852.4716868959115,861.5669231285545,845.0301299782944,854.1253662109375,595000,0.0,0.0
2014-03-05 00:00:00+09:00,859.0863792587676,871.4889737620222,856.6058603581166,862.3937377929688,303100,0.0,0.0
2014-03-06 00:00:00+09:00,864.8743489963971,886.3721817630379,864.8743489963971,883.8916625976562,495300,0.0,0.0
2014-03-07 00:00:00+09:00,889.6795362903225,904.5626512096774,883.891658266129,897.12109375,546300,0.0,0.0
2014-03-10 00:00:00+09:00,872.3157642612116,888.8525560007606,864.0473683914371,878.9304809570312,745200,0.0,0.0
2014-03-11 00:00:00+09:00,878.9304495561245,893.8135615900005,878.9304495561245,885.545166015625,406300,0.0,0.0
2014-03-12 00:00:00+09:00,866.528030174366,872.3159082385077,854.9522740460825,855.7791137695312,538100,0.0,0.0
2014-03-13 00:00:00+09:00,855.7790777459026,869.8353524528401,854.9522380572591,861.5669555664062,447100,0.0,0.0
2014-03-14 00:00:00+09:00,847.5105933495215,851.6447913658607,826.0127636645581,827.6664428710938,735400,0.0,0.0
2014-03-17 00:00:00+09:00,826.8397080886108,831.8007463371425,806.1687153863955,809.47607421875,381300,0.0,0.0
2014-03-18 00:00:00+09:00,821.0517137626625,825.1859117171573,809.4759594900771,811.129638671875,552600,0.0,0.0
2014-03-19 00:00:00+09:00,816.0905380018528,828.4931297647989,808.6489829440851,821.0515747070312,512500,0.0,0.0
2014-03-20 00:00:00+09:00,825.1860780974769,825.1860780974769,791.2856480353561,792.1124877929688,703000,0.0,0.0
2014-03-24 00:00:00+09:00,803.6881817233178,833.4544106760333,799.5539832576628,820.2249755859375,822200,0.0,0.0
2014-03-25 00:00:00+09:00,816.9176315915475,821.8786698400792,802.0345168459526,809.47607421875,753100,0.0,0.0
2014-03-26 00:00:00+09:00,816.9175352360886,830.1469690050941,809.475978741023,829.3201293945312,576800,0.0,0.0
2014-03-27 00:00:00+09:00,831.4070949723902,849.7715087167602,823.0596341794947,845.5977783203125,386700,9.5,0.0
2014-03-28 00:00:00+09:00,840.589247983614,869.8053588867188,837.250263880402,869.8053588867188,515300,0.0,0.0
2014-03-31 00:00:00+09:00,876.4833514692699,877.3180975182883,852.2757160477377,865.6316528320312,502900,0.0,0.0
2014-04-01 00:00:00+09:00,866.4662822096767,872.309503766004,857.2840769068766,868.9705200195312,344500,0.0,0.0
2014-04-02 00:00:00+09:00,868.9706811686509,889.0045873627408,864.7969507115488,874.8139038085938,362800,0.0,0.0
2014-04-03 00:00:00+09:00,876.4833270931427,880.6570572221577,868.9706128609158,869.8053588867188,197400,0.0,0.0
2014-04-04 00:00:00+09:00,864.7969335559719,872.3096482297207,855.6147267325011,863.12744140625,430800,0.0,0.0
2014-04-07 00:00:00+09:00,856.4494728073621,874.8138864543037,853.9452345827792,863.12744140625,411900,0.0,0.0
2014-04-08 00:00:00+09:00,853.9452296581084,868.9706589189548,853.9452296581084,859.7884521484375,512600,0.0,0.0
2014-04-09 00:00:00+09:00,853.1104383706589,888.1697714543847,853.1104383706589,869.8053588867188,1063600,0.0,0.0
2014-04-10 00:00:00+09:00,869.8054248233598,889.8393309613258,867.301186556114,873.1444091796875,611900,0.0,0.0
2014-04-11 00:00:00+09:00,862.2926811210975,879.822348404295,847.2672520212138,873.9791259765625,969600,0.0,0.0
2014-04-14 00:00:00+09:00,864.7968431555707,870.640065068784,853.945145316746,863.9620971679688,358300,0.0,0.0
2014-04-15 00:00:00+09:00,870.6400918886643,870.6400918886643,854.7799176356589,861.4578857421875,372300,0.0,0.0
2014-04-16 00:00:00+09:00,872.3096941478217,894.8478393554688,869.8054557914164,894.8478393554688,436300,0.0,0.0
2014-04-17 00:00:00+09:00,889.8392842802974,890.6740303255885,873.1443633744757,883.1613159179688,570100,0.0,0.0
2014-04-18 00:00:00+09:00,889.8392842802974,892.3435224161707,874.8138554650578,883.1613159179688,393200,0.0,0.0
2014-04-21 00:00:00+09:00,879.8222948384081,886.5002629206731,874.8138187767095,878.987548828125,238800,0.0,0.0
2014-04-22 00:00:00+09:00,876.4833861130934,883.1613547691932,868.1359252929688,868.1359252929688,292700,0.0,0.0
2014-04-23 00:00:00+09:00,876.4833540269339,878.9875921812966,863.1274172036664,867.3011474609375,246700,0.0,0.0
2014-04-24 00:00:00+09:00,865.6316845844246,871.4749071418894,858.953715947322,866.4664306640625,317900,0.0,0.0
2014-04-25 00:00:00+09:00,866.4663747835068,873.9790890157337,857.2841684996739,869.8053588867188,256400,0.0,0.0
2014-04-28 00:00:00+09:00,867.3011078354,867.3011078354,856.449409662291,861.4578857421875,204600,0.0,0.0
2014-04-30 00:00:00+09:00,872.309655703031,874.8138939490684,864.7969409649188,868.1359252929688,486500,0.0,0.0
2014-05-01 00:00:00+09:00,873.1443267561432,881.4917868589744,860.6231366018964,878.987548828125,281100,0.0,0.0
2014-05-02 00:00:00+09:00,874.8139012380631,877.318139504966,846.4325342131641,852.2757568359375,510500,0.0,0.0
2014-05-07 00:00:00+09:00,859.7884890112547,862.2927273287631,842.2588207886952,843.0935668945312,787600,0.0,0.0
2014-05-08 00:00:00+09:00,843.9281649792057,879.8222412345032,843.0934190197801,864.7968139648438,497000,0.0,0.0
2014-05-09 00:00:00+09:00,851.4408660685027,883.16121205929,851.4408660685027,875.6484985351562,699500,0.0,0.0
2014-05-12 00:00:00+09:00,873.9791403794427,881.4918550531914,852.2757424330573,863.12744140625,808200,0.0,0.0
2014-05-13 00:00:00+09:00,873.1443056502433,889.0044794622457,872.3095596601379,884.8307495117188,492400,0.0,0.0
2014-05-14 00:00:00+09:00,883.9960455613453,893.178251889178,879.8223154123305,892.343505859375,323000,0.0,0.0
2014-05-15 00:00:00+09:00,881.4918313851034,891.5087840144796,867.3011484934872,888.1697998046875,393400,0.0,0.0
2014-05-16 00:00:00+09:00,876.4833935360151,884.8308544268343,868.1359326451959,873.1444091796875,403200,0.0,0.0
2014-05-19 00:00:00+09:00,868.1359128489078,872.3096431991429,858.1189600083435,859.7884521484375,316100,0.0,0.0
2014-05-20 00:00:00+09:00,868.13590354883,883.9960787098182,868.13590354883,873.9791259765625,245200,0.0,0.0
2014-05-21 00:00:00+09:00,864.7968645504012,868.1358485834144,853.9451664431085,858.118896484375,362500,0.0,0.0
2014-05-22 00:00:00+09:00,868.1359158807356,883.161345194056,865.6316776618489,882.3265991210938,346600,0.0,0.0
2014-05-23 00:00:00+09:00,887.3350296805572,898.1867280679958,884.8307915911483,892.343505859375,339400,0.0,0.0
2014-05-26 00:00:00+09:00,898.1867848247563,911.5427221455706,894.0130544120019,909.8732299804688,269100,0.0,0.0
2014-05-27 00:00:00+09:00,910.7080572729967,917.386026528894,902.360595703125,902.360595703125,205800,0.0,0.0
2014-05-28 00:00:00+09:00,904.8645741668813,916.551017006675,894.0128772442158,911.5425415039062,401700,0.0,0.0
2014-05-29 00:00:00+09:00,906.5341744978194,911.5426506000173,894.8477302593577,903.1951904296875,299900,0.0,0.0
2014-05-30 00:00:00+09:00,902.3604623279433,923.22911316809,899.8562242271257,914.8816528320312,657600,0.0,0.0
2014-06-02 00:00:00+09:00,926.5681786845913,936.5851319676681,919.0554637222839,928.2376708984375,463100,0.0,0.0
2014-06-03 00:00:00+09:00,950.7756429214145,959.9578484281182,947.4366591007949,955.7841186523438,708800,0.0,0.0
2014-06-04 00:00:00+09:00,956.6189817517187,959.1232199238435,944.9325369484691,952.4452514648438,646900,0.0,0.0
2014-06-05 00:00:00+09:00,959.9579518547918,971.6443964860675,953.2799834940628,963.2969360351562,592300,0.0,0.0
2014-06-06 00:00:00+09:00,964.1316820802474,972.4791425311586,951.6104914038805,963.2969360351562,622900,0.0,0.0
2014-06-09 00:00:00+09:00,963.2968404257847,968.305316199229,953.2798888788961,960.7926025390625,241500,0.0,0.0
2014-06-10 00:00:00+09:00,954.9493145331571,968.3052490021523,951.6103309159083,957.4535522460938,520600,0.0,0.0
2014-06-11 00:00:00+09:00,962.4621263090092,988.3392519946808,960.7926343292885,980.8265380859375,847200,0.0,0.0
2014-06-12 00:00:00+09:00,971.6444260133212,974.9834102951539,954.1147585336994,962.4622192382812,514000,0.0,0.0
2014-06-13 00:00:00+09:00,955.7841636895308,965.8011156233949,951.6104337170875,964.9663696289062,587800,0.0,0.0
2014-06-16 00:00:00+09:00,942.4283350333701,959.9580029126445,939.9240967649024,956.6190185546875,467300,0.0,0.0
2014-06-17 00:00:00+09:00,964.9664281253386,975.8181267115231,959.9579518547918,963.2969360351562,398600,0.0,0.0
2014-06-18 00:00:00+09:00,1001.6952035446798,1018.3901236037577,989.1740135003712,1010.0426635742188,1106700,0.0,0.0
2014-06-19 00:00:00+09:00,1015.8857535475128,1030.0764337531887,1005.0340569196428,1022.563720703125,735800,0.0,0.0
2014-06-20 00:00:00+09:00,1024.23358867892,1025.068334879962,1002.5301874518196,1006.7039184570312,823900,0.0,0.0
2014-06-23 00:00:00+09:00,1019.2248401594595,1023.3985700536424,1010.8773803710938,1010.8773803710938,401300,0.0,0.0
2014-06-24 00:00:00+09:00,1010.0425152884764,1018.3899740925133,996.6865812020171,1012.5467529296875,345800,0.0,0.0
2014-06-25 00:00:00+09:00,1013.3817062883187,1021.729166801402,1008.3732299804688,1008.3732299804688,375500,0.0,0.0
2014-06-26 00:00:00+09:00,1020.8944309134232,1021.7291769730417,1011.7122242576197,1015.0512084960938,378600,0.0,0.0
2014-06-27 00:00:00+09:00,1016.7207099462768,1016.7207099462768,994.1825661297337,1000.8605346679688,486300,0.0,0.0
2014-06-30 00:00:00+09:00,1010.0426969559062,1031.74609375,1005.8689668031958,1031.74609375,641000,0.0,0.0
2014-07-01 00:00:00+09:00,1026.7376175667475,1036.7545699332525,1022.5638874140373,1031.74609375,491000,0.0,0.0
2014-07-02 00:00:00+09:00,1028.4069419642856,1031.7459255420918,1019.2247371253188,1022.563720703125,530400,0.0,0.0
2014-07-03 00:00:00+09:00,1033.4157893958084,1054.2844442705218,1033.4157893958084,1046.771728515625,759100,0.0,0.0
2014-07-04 00:00:00+09:00,1053.4495255514148,1053.4495255514148,1032.5808740943742,1034.2503662109375,362300,0.0,0.0
2014-07-07 00:00:00+09:00,1035.9198876598155,1038.4241259055684,1029.2419190044743,1033.4156494140625,192300,0.0,0.0
2014-07-08 00:00:00+09:00,1031.7462008669436,1043.4326465078314,1016.7207707572308,1042.597900390625,473600,0.0,0.0
2014-07-09 00:00:00+09:00,1025.9028372783923,1037.5892813157377,1020.0596152597197,1029.2418212890625,412000,0.0,0.0
2014-07-10 00:00:00+09:00,1030.911156439012,1032.5806481903303,1006.7035260448976,1009.207763671875,429000,0.0,0.0
2014-07-11 00:00:00+09:00,1000.02579356865,1005.8690160686338,989.1740946401088,1004.1995239257812,513400,0.0,0.0
2014-07-14 00:00:00+09:00,1008.3733077977956,1021.7292456494221,1008.3733077977956,1020.0597534179688,218500,0.0,0.0
2014-07-15 00:00:00+09:00,1020.8943668975076,1023.398604919333,1012.5469068247561,1013.3816528320312,355200,0.0,0.0
2014-07-16 00:00:00+09:00,1009.2080151970003,1022.5639525362493,1008.3732691132973,1014.2164916992188,329700,0.0,0.0
2014-07-17 00:00:00+09:00,1018.3900547416208,1025.9027682602066,1015.8858169020923,1024.2332763671875,449800,0.0,0.0
2014-07-18 00:00:00+09:00,1009.2081570601582,1010.0429032612005,995.8522178434812,1006.7039184570312,538200,0.0,0.0
2014-07-22 00:00:00+09:00,1011.71208621814,1017.5553078382118,999.190897032272,1005.0341186523438,362700,0.0,0.0
2014-07-23 00:00:00+09:00,1005.0342699972075,1012.5469846400438,999.1910474972237,1004.1995239257812,256900,0.0,0.0
2014-07-24 00:00:00+09:00,1006.7039184570312,1014.216634266412,1003.364933652862,1006.7039184570312,263400,0.0,0.0
2014-07-25 00:00:00+09:00,1007.5384252197068,1033.4155513024002,1006.7036792170393,1029.2418212890625,432800,0.0,0.0
2014-07-28 00:00:00+09:00,1026.7375832810599,1032.5808052997327,1022.5638532677223,1029.2418212890625,149800,0.0,0.0
2014-07-29 00:00:00+09:00,1027.572358465814,1032.5808346240551,1018.3901521757051,1028.4071044921875,201200,0.0,0.0
2014-07-30 00:00:00+09:00,1019.224994927717,1035.0851709339634,1013.3817721885737,1032.5809326171875,280700,0.0,0.0
2014-07-31 00:00:00+09:00,1034.2505015952913,1040.9284709356969,1020.8945629144805,1021.7293090820312,304200,0.0,0.0
2014-08-01 00:00:00+09:00,1006.703854103056,1014.2165694321832,980.8267235249508,982.4962158203125,607800,0.0,0.0
2014-08-04 00:00:00+09:00,983.3307815076571,983.3307815076571,964.1316236344176,964.9663696289062,474600,0.0,0.0
2014-08-05 00:00:00+09:00,964.9664423254684,972.4791568418432,950.7757593500938,952.4452514648438,420000,0.0,0.0
2014-08-06 00:00:00+09:00,944.0978075955821,948.2715379563052,937.419839018425,943.2630615234375,436600,0.0,0.0
2014-08-07 00:00:00+09:00,943.2630811228594,965.8012255390693,942.4283350333701,956.6190185546875,486300,0.0,0.0
2014-08-08 00:00:00+09:00,947.4366288766836,958.2883259475178,935.7501858773236,937.419677734375,628000,0.0,0.0
2014-08-11 00:00:00+09:00,949.1062607337689,972.479150180159,944.0977844238282,968.305419921875,422300,0.0,0.0
2014-08-12 00:00:00+09:00,974.1486692436831,979.1571456922368,964.1317163465759,965.8012084960938,386400,0.0,0.0
2014-08-13 00:00:00+09:00,969.9748639489851,979.1570700620994,965.8011338975695,976.65283203125,429000,0.0,0.0
2014-08-14 00:00:00+09:00,985.0002941945606,1002.5299604471757,977.487580086297,997.521484375,741200,0.0,0.0
2014-08-15 00:00:00+09:00,1001.6950626437082,1013.3815050412181,990.8433661317347,998.3560791015625,909800,0.0,0.0
2014-08-18 00:00:00+09:00,1000.8606310692903,1011.7123309891408,975.818246638866,982.4962158203125,454100,0.0,0.0
2014-08-19 00:00:00+09:00,985.0004051870525,990.8436279296875,983.330912974871,990.8436279296875,285300,0.0,0.0
2014-08-20 00:00:00+09:00,1000.8605763039545,1000.8605763039545,983.3309081618502,987.504638671875,367500,0.0,0.0
2014-08-21 00:00:00+09:00,987.504495418773,993.3477172851562,981.6612735523897,993.3477172851562,283100,0.0,0.0
2014-08-22 00:00:00+09:00,990.8436108107051,996.6868334523857,975.8181811606692,979.1571655273438,281700,0.0,0.0
2014-08-25 00:00:00+09:00,982.4959425610476,989.1739098851668,979.1569588989879,983.3306884765625,357700,0.0,0.0
2014-08-26 00:00:00+09:00,977.4877389342277,989.1741850017589,977.4877389342277,982.4962158203125,257000,0.0,0.0
2014-08-27 00:00:00+09:00,986.669897399234,1009.2080422636834,985.0004051870525,990.8436279296875,358400,0.0,0.0
2014-08-28 00:00:00+09:00,989.1741755398243,989.1741755398243,974.1487450252953,975.8182373046875,221300,0.0,0.0
2014-08-29 00:00:00+09:00,967.470615511712,980.8265515325812,964.966377507799,969.974853515625,296500,0.0,0.0
2014-09-01 00:00:00+09:00,969.9749585189885,981.6614038023498,969.9749585189885,979.1571655273438,208600,0.0,0.0
2014-09-02 00:00:00+09:00,980.8264852680462,996.6866582213167,977.4875014884103,985.8349609375,330400,0.0,0.0
2014-09-03 00:00:00+09:00,994.1824632660681,1005.0341610179228,989.1739873805967,993.3477172851562,425700,0.0,0.0
2014-09-04 00:00:00+09:00,989.1742122721631,990.0089584428569,977.4877658824498,979.9920043945312,296700,0.0,0.0
2014-09-05 00:00:00+09:00,990.0085972672802,995.0170724642479,979.9916468733448,985.0001220703125,381300,0.0,0.0
2014-09-08 00:00:00+09:00,991.6782681212134,992.5130141381504,975.8180937994094,981.6613159179688,431400,0.0,0.0
2014-09-09 00:00:00+09:00,989.1740221854968,991.6782602163462,974.9833400106838,976.65283203125,244500,0.0,0.0
2014-09-10 00:00:00+09:00,976.6529441261453,990.8436279296875,976.6529441261453,990.8436279296875,417300,0.0,0.0
2014-09-11 00:00:00+09:00,992.512834865764,997.5213100627317,983.3306303379899,985.0001220703125,249200,0.0,0.0
2014-09-12 00:00:00+09:00,979.1571185934133,979.1571185934133,961.6274515086208,968.305419921875,674300,0.0,0.0
2014-09-16 00:00:00+09:00,969.1401927951295,970.8096849446474,962.4622241970579,965.8012084960938,255200,0.0,0.0
2014-09-17 00:00:00+09:00,965.8010701142024,966.6358160693572,955.7841186523438,955.7841186523438,241200,0.0,0.0
2014-09-18 00:00:00+09:00,966.6358830623775,969.1401211013992,955.7841848932835,959.1231689453125,304000,0.0,0.0
2014-09-19 00:00:00+09:00,968.3051377333604,972.4788667753145,953.2797131823255,964.1314086914062,348100,0.0,0.0
2014-09-22 00:00:00+09:00,959.9579493204752,964.1316795349121,948.271504720052,961.62744140625,361400,0.0,0.0
2014-09-24 00:00:00+09:00,959.1232714084764,969.9749707368578,956.6190331019268,966.635986328125,377400,0.0,0.0
2014-09-25 00:00:00+09:00,978.3223785580058,992.5130615234375,969.1401719333145,992.5130615234375,371300,0.0,0.0
2014-09-26 00:00:00+09:00,979.4702558111292,992.0922951901387,974.4214400595255,987.8849487304688,257900,9.5,0.0
2014-09-29 00:00:00+09:00,992.9338113580718,1001.3485046746656,973.580016729906,998.8240966796875,367500,0.0,0.0
2014-09-30 00:00:00+09:00,999.6654083769199,1001.3483467748609,977.7872092036877,992.9336547851562,438000,0.0,0.0
2014-10-01 00:00:00+09:00,996.299899085757,997.982838104483,981.9949174265865,983.6778564453125,281400,0.0,0.0
2014-10-02 00:00:00+09:00,969.3726210834069,973.5799675290814,953.3847045898438,953.3847045898438,495200,0.0,0.0
2014-10-03 00:00:00+09:00,944.1285424093599,956.7505817463833,942.44560383109,953.3847045898438,388500,0.0,0.0
2014-10-06 00:00:00+09:00,960.9579630533854,964.3238403320313,954.2262084960937,959.2750244140625,321000,0.0,0.0
2014-10-07 00:00:00+09:00,955.9090729686145,976.9458043279591,955.0676037142407,970.2140502929688,492100,0.0,0.0
2014-10-08 00:00:00+09:00,957.5920857747395,965.1653096516927,950.8603312174479,959.2750244140625,409000,0.0,0.0
2014-10-09 00:00:00+09:00,960.9580273045482,962.640966056395,941.6042316583095,943.2871704101562,305500,0.0,0.0
2014-10-10 00:00:00+09:00,922.2503300745996,935.7138385428419,922.2503300745996,932.3479614257812,564200,0.0,0.0
2014-10-14 00:00:00+09:00,914.6772577088575,936.5554625850584,913.8357882905422,919.72607421875,622600,0.0,0.0
2014-10-15 00:00:00+09:00,927.29931640625,929.8237247086264,918.04315263087,927.29931640625,315100,0.0,0.0
2014-10-16 00:00:00+09:00,908.7868796494259,916.3601036465045,895.3233703212863,897.8477783203125,440600,0.0,0.0
2014-10-17 00:00:00+09:00,896.1647599045405,902.0550447114248,886.9085980651508,890.2744750976562,590800,0.0,0.0
2014-10-20 00:00:00+09:00,915.5186417079208,936.5553752030476,896.1648468924041,934.8724365234375,498100,0.0,0.0
2014-10-21 00:00:00+09:00,935.7139644850494,944.9701278027972,913.8357602794637,916.3601684570312,439200,0.0,0.0
2014-10-22 00:00:00+09:00,934.8723237304687,946.6528930664062,929.8235083007812,946.6528930664062,270400,0.0,0.0
2014-10-23 00:00:00+09:00,938.2380954813767,950.0186634963894,929.8234040420818,944.9698486328125,362600,0.0,0.0
2014-10-24 00:00:00+09:00,959.2748991000747,960.1163683098116,946.6528609540211,950.0187377929688,328300,0.0,0.0
2014-10-27 00:00:00+09:00,950.0187602625484,953.3846371811048,934.0308448994055,950.8602294921875,467300,0.0,0.0
2014-10-28 00:00:00+09:00,950.0187183380127,950.0187183380127,937.3966804504395,942.4454956054688,288200,0.0,0.0
2014-10-29 00:00:00+09:00,950.018843619619,956.750598047393,937.3968040675426,951.7017822265625,402800,0.0,0.0
2014-10-30 00:00:00+09:00,950.8602842992666,953.3846921336894,939.0797144052933,948.3358764648438,950400,0.0,0.0
2014-10-31 00:00:00+09:00,953.3847531225522,978.6288330816666,947.4944677987588,973.5800170898438,951300,0.0,0.0
2014-11-04 00:00:00+09:00,1009.7630583407802,1014.811873632484,992.9336740351005,1000.5068969726562,1335800,0.0,0.0
2014-11-05 00:00:00+09:00,1000.5069257763386,1006.3972104529023,989.56782566272,1003.872802734375,686300,0.0,0.0
2014-11-06 00:00:00+09:00,1001.348407608554,1034.1657083621117,1001.348407608554,1008.921630859375,987300,0.0,0.0
2014-11-07 00:00:00+09:00,1001.3484422168132,1021.5437049169842,1001.3484422168132,1014.8119506835938,793500,0.0,0.0
2014-11-10 00:00:00+09:00,1009.7631350085511,1019.0192970794628,1003.8728500543345,1014.8119506835938,467200,0.0,0.0
2014-11-11 00:00:00+09:00,1019.0194210155929,1028.2755842122663,1010.6047272004353,1024.0682373046875,451600,0.0,0.0
2014-11-12 00:00:00+09:00,1030.7998942785675,1044.2634031017976,1024.9096091684041,1034.165771484375,865400,0.0,0.0
2014-11-13 00:00:00+09:00,1029.9584432426293,1043.4219523046245,1025.7510966607558,1041.739013671875,655100,0.0,0.0
2014-11-14 00:00:00+09:00,1053.519638556077,1064.458740234375,1049.3122917567316,1064.458740234375,737900,0.0,0.0
2014-11-17 00:00:00+09:00,1066.982934909674,1066.982934909674,1027.433882905924,1029.1168212890625,556000,0.0,0.0
2014-11-18 00:00:00+09:00,1029.9585050853182,1051.8367086247122,1029.9585050853182,1050.9952392578125,407100,0.0,0.0
2014-11-19 00:00:00+09:00,1051.8365093081784,1064.4585474198766,1046.7876940634992,1052.677978515625,433500,0.0,0.0
2014-11-20 00:00:00+09:00,1049.312179739107,1050.9951182791858,1026.5925094480438,1035.0072021484375,612200,0.0,0.0
2014-11-21 00:00:00+09:00,992.092217481286,1014.8118865839109,992.092217481286,1005.5557250976562,1177900,0.0,0.0
2014-11-25 00:00:00+09:00,1010.6045748673923,1030.7998369796467,1010.6045748673923,1027.4339599609375,589000,0.0,0.0
2014-11-26 00:00:00+09:00,1019.8607241030093,1029.9583550347222,1019.0192548586999,1022.3851318359375,336600,0.0,0.0
2014-11-27 00:00:00+09:00,1017.3360508725514,1029.11661721847,1007.2384225760495,1021.5433959960938,507900,0.0,0.0
2014-11-28 00:00:00+09:00,1029.1168598480974,1033.3242059635843,1019.8606983940263,1028.275390625,496900,0.0,0.0
2014-12-01 00:00:00+09:00,1022.3852775792449,1029.9585018576097,993.7753191943112,997.982666015625,732800,0.0,0.0
2014-12-02 00:00:00+09:00,992.0923717835184,1013.9705750628835,983.6776782145319,1011.4461669921875,468000,0.0,0.0
2014-12-03 00:00:00+09:00,1013.9704456548582,1029.116892145968,1013.9704456548582,1024.9095458984375,400300,0.0,0.0
2014-12-04 00:00:00+09:00,1037.5315902217742,1050.9950982862904,1035.8486517137096,1043.421875,470400,0.0,0.0
2014-12-05 00:00:00+09:00,1042.5801933807077,1043.4216624633395,1026.592280810705,1040.0557861328125,434900,0.0,0.0
2014-12-08 00:00:00+09:00,1040.0561582551452,1043.4220357899517,1029.1170562670247,1042.58056640625,371000,0.0,0.0
2014-12-09 00:00:00+09:00,1028.2752122221589,1041.7387174558369,1028.2752122221589,1037.5313720703125,417300,0.0,0.0
2014-12-10 00:00:00+09:00,1033.3242748254172,1036.6901519421124,1004.7143193335083,1014.8119506835938,491400,0.0,0.0
2014-12-11 00:00:00+09:00,1001.3483789675406,1008.0801327757257,992.9336867073091,1005.5557250976562,323400,0.0,0.0
2014-12-12 00:00:00+09:00,997.1411640583967,1007.2387960994945,990.4094093643316,1001.3485107421875,647900,0.0,0.0
2014-12-15 00:00:00+09:00,992.0922827002121,996.2996291069136,981.1531820427882,982.8361206054688,434200,0.0,0.0
2014-12-16 00:00:00+09:00,963.4822548426563,974.4213546792979,960.1163779698436,961.79931640625,428000,0.0,0.0
2014-12-17 00:00:00+09:00,954.2260934424212,974.4213546792979,954.2260934424212,961.79931640625,373500,0.0,0.0
2014-12-18 00:00:00+09:00,987.0433863589639,997.1410169099506,981.9945710834704,991.250732421875,432300,0.0,0.0
2014-12-19 00:00:00+09:00,1007.238683154915,1013.1289678517273,985.3604828524691,997.1410522460938,548100,0.0,0.0
2014-12-22 00:00:00+09:00,997.9824538900566,1005.5556765586995,986.2018852943897,994.6165771484375,358300,0.0,0.0
2014-12-24 00:00:00+09:00,1003.0314822012016,1008.080298386778,995.4582579228368,997.982666015625,258500,0.0,0.0
2014-12-25 00:00:00+09:00,997.1409847046518,1002.1897998170804,991.2507004068184,994.6165771484375,127600,0.0,0.0
2014-12-26 00:00:00+09:00,992.0922048198165,1004.7142430490762,990.4092663892485,1000.5068969726562,201600,0.0,0.0
2014-12-29 00:00:00+09:00,1008.9217677510409,1012.2876452080918,987.0435642802092,997.982666015625,249400,0.0,0.0
2014-12-30 00:00:00+09:00,1003.0310685441301,1003.8725375613651,993.774909354545,996.29931640625,166300,0.0,0.0
2015-01-05 00:00:00+09:00,989.5677907595598,991.2507291792189,979.4701602416051,981.9945678710938,343100,0.0,0.0
2015-01-06 00:00:00+09:00,965.1653096516927,971.8970642089844,958.4335550944011,959.2750244140625,364900,0.0,0.0
2015-01-07 00:00:00+09:00,950.86040211144,963.4824428474326,950.86040211144,955.0677490234375,414200,0.0,0.0
2015-01-08 00:00:00+09:00,957.592157170636,962.6409734650331,944.128647052244,955.0677490234375,604200,0.0,0.0
2015-01-09 00:00:00+09:00,955.0674783599663,959.2748240796138,939.0795646253061,944.9698486328125,410300,0.0,0.0
2015-01-13 00:00:00+09:00,934.0310013827356,940.7627563476561,925.6163076765848,940.7627563476562,446100,0.0,0.0
2015-01-14 00:00:00+09:00,935.7140172596046,953.3848754992194,934.8725478196229,939.0798950195312,489700,0.0,0.0
2015-01-15 00:00:00+09:00,943.2870314509564,962.6408242461143,939.9211544431029,960.9578857421875,549800,0.0,0.0
2015-01-16 00:00:00+09:00,939.9213644595129,942.4457727794578,927.299322859788,939.0798950195312,391200,0.0,0.0
2015-01-19 00:00:00+09:00,940.762762282386,947.4945172897734,934.0310072749986,943.2871704101562,284700,0.0,0.0
2015-01-20 00:00:00+09:00,944.1285288546098,964.3237915039062,944.1285288546098,964.3237915039062,298500,0.0,0.0
2015-01-21 00:00:00+09:00,963.4821804720997,963.4821804720997,951.7016123265894,956.7504272460938,344600,0.0,0.0
2015-01-22 00:00:00+09:00,956.7505140996612,957.5919833293003,940.7625987365183,950.8602294921875,316600,0.0,0.0
2015-01-23 00:00:00+09:00,959.2748794555664,960.1163486480713,938.2381496429443,942.4454956054688,372400,0.0,0.0
2015-01-26 00:00:00+09:00,937.3967509590458,940.762627982238,931.5064661684593,938.2382202148438,196600,0.0,0.0
2015-01-27 00:00:00+09:00,944.9700541105983,946.6529927644017,926.4577289187612,945.8115234375,573800,0.0,0.0
2015-01-28 00:00:00+09:00,942.4456554150764,995.4582235321744,940.7627167446923,992.0923461914062,805300,0.0,0.0
2015-01-29 00:00:00+09:00,976.9457783139985,982.8360629377694,966.8481475303913,976.1043090820312,591800,0.0,0.0
2015-01-30 00:00:00+09:00,975.2630741514008,976.1045435855264,926.4578469721246,927.29931640625,1004400,0.0,0.0
2015-02-02 00:00:00+09:00,925.6162558028947,928.1406637732662,891.9574828646075,902.0551147460938,1021400,0.0,0.0
2015-02-03 00:00:00+09:00,909.6282958984375,913.8356423179492,892.7989102203906,909.6282958984375,990800,0.0,0.0
2015-02-04 00:00:00+09:00,923.9332686331298,934.0308999843116,917.2015143990087,932.3479614257812,565600,0.0,0.0
2015-02-05 00:00:00+09:00,934.8721333950731,935.7136024620353,918.8842211227901,928.140380859375,402200,0.0,0.0
2015-02-06 00:00:00+09:00,976.1043925125161,983.677616247527,959.2750064347141,976.9458618164062,1420200,0.0,0.0
2015-02-09 00:00:00+09:00,981.9946425518916,988.7263967424786,967.689664896894,971.0555419921875,719000,0.0,0.0
2015-02-10 00:00:00+09:00,971.89706625056,990.4093913219992,963.4823730362695,968.5311889648438,708100,0.0,0.0
2015-02-12 00:00:00+09:00,984.5191331343218,990.4094185462366,958.4335834529851,962.6409301757812,889200,0.0,0.0
2015-02-13 00:00:00+09:00,966.0065666429924,980.3115419330019,960.9577518347537,971.8968505859375,544200,0.0,0.0
2015-02-16 00:00:00+09:00,979.4699152260639,1000.5066402094416,978.6284462267288,988.72607421875,679300,0.0,0.0
2015-02-17 00:00:00+09:00,989.5679340314342,1003.0314433379843,983.6776487098185,998.8240966796875,794700,0.0,0.0
2015-02-18 00:00:00+09:00,1008.9214679136971,1022.3849737407356,1002.1897150001779,1016.4946899414062,867000,0.0,0.0
2015-02-19 00:00:00+09:00,1022.3848423089062,1024.909249326953,1013.9701522487505,1020.701904296875,477900,0.0,0.0
2015-02-20 00:00:00+09:00,1034.1656043465389,1042.5802960011079,1020.7020976992283,1032.482666015625,557500,0.0,0.0
2015-02-23 00:00:00+09:00,1035.007193214015,1037.5316010023419,1014.8119309074001,1023.2266235351562,411600,0.0,0.0
2015-02-24 00:00:00+09:00,1026.5925659771306,1050.153706835622,1018.1778728133835,1041.739013671875,613600,0.0,0.0
2015-02-25 00:00:00+09:00,1043.421875,1050.153629032258,1038.3730594758065,1043.421875,515400,0.0,0.0
2015-02-26 00:00:00+09:00,1046.7874342504708,1063.6168142223435,1041.7386202589091,1061.0924072265625,573500,0.0,0.0
2015-02-27 00:00:00+09:00,1055.20262498122,1061.0929107666016,1043.4220534104568,1050.15380859375,487600,0.0,0.0
2015-03-02 00:00:00+09:00,1045.10498297969,1067.8246565227269,1045.10498297969,1063.6173095703125,559700,0.0,0.0
2015-03-03 00:00:00+09:00,1066.1416259956509,1077.9221964486414,1062.775748723368,1076.2392578125,682600,0.0,0.0
2015-03-04 00:00:00+09:00,1065.3000231291119,1077.9220613178454,1050.9950465152137,1071.1903076171875,538600,0.0,0.0
2015-03-05 00:00:00+09:00,1072.8733926617217,1083.8124939202335,1071.1904540065661,1081.2880859375,490900,0.0,0.0
2015-03-06 00:00:00+09:00,1084.6538920557775,1098.1174004133356,1079.6050764216932,1085.495361328125,755400,0.0,0.0
2015-03-09 00:00:00+09:00,1089.7027402791784,1092.227148171717,1079.6051087090239,1082.1295166015625,643200,0.0,0.0
2015-03-10 00:00:00+09:00,1082.9709219898896,1085.495329733456,1063.6171292892157,1072.873291015625,457000,0.0,0.0
2015-03-11 00:00:00+09:00,1062.7756026824254,1074.5561715165932,1062.7756026824254,1066.1414794921875,399000,0.0,0.0
2015-03-12 00:00:00+09:00,1065.3002127267264,1085.4954774229677,1053.519641653919,1082.9710693359375,616000,0.0,0.0
2015-03-13 00:00:00+09:00,1086.3368614927563,1104.0077167145594,1074.5562913448875,1098.117431640625,818800,0.0,0.0
2015-03-16 00:00:00+09:00,1102.3247580872742,1108.2150430541528,1094.7515345584304,1106.5321044921875,474900,0.0,0.0
2015-03-17 00:00:00+09:00,1112.4225744647317,1123.3616769367752,1107.3737579391732,1115.7884521484375,612300,0.0,0.0
2015-03-18 00:00:00+09:00,1112.4221826840753,1112.4221826840753,1091.3854545697775,1105.6904296875,430300,0.0,0.0
2015-03-19 00:00:00+09:00,1098.9588747722346,1106.532098258414,1092.2271205622976,1104.0076904296875,349300,0.0,0.0
2015-03-20 00:00:00+09:00,1103.1661312558235,1109.8978849171863,1091.3855623484387,1100.6417236328125,434500,0.0,0.0
2015-03-23 00:00:00+09:00,1102.3246046735808,1111.5807654761834,1098.117258854216,1109.8978271484375,332800,0.0,0.0
2015-03-24 00:00:00+09:00,1098.1173664814717,1121.6785053791584,1098.1173664814717,1120.8370361328125,500200,0.0,0.0
2015-03-25 00:00:00+09:00,1123.3614825700836,1126.7273596714172,1104.849158512749,1119.99560546875,370700,0.0,0.0
2015-03-26 00:00:00+09:00,1119.9954048052225,1119.9954048052225,1098.9586766909247,1105.6904296875,396500,0.0,0.0
2015-03-27 00:00:00+09:00,1112.4842264904953,1128.6194938976093,1093.801285282258,1105.6904296875,527800,12.0,0.0
2015-03-30 00:00:00+09:00,1116.730621104932,1117.579845911856,1103.1430241941496,1112.4844970703125,536500,0.0,0.0
2015-03-31 00:00:00+09:00,1127.7703523657653,1143.90562096136,1108.2381851184668,1115.031982421875,680000,0.0,0.0
2015-04-01 00:00:00+09:00,1104.841552734375,1114.183026277863,1093.8016294557071,1104.841552734375,582000,0.0,0.0
2015-04-02 00:00:00+09:00,1111.6352369928934,1138.8104299522308,1099.7460900731833,1127.7705078125,631700,0.0,0.0
2015-04-03 00:00:00+09:00,1126.072125675244,1143.0566222917635,1114.1829780436804,1142.2073974609375,374300,0.0,0.0
2015-04-06 00:00:00+09:00,1133.7150071250708,1134.564231849509,1120.1274115340586,1124.37353515625,235000,0.0,0.0
2015-04-07 00:00:00+09:00,1130.3181221681148,1145.604167396534,1127.770447963378,1136.2626953125,508500,0.0,0.0
2015-04-08 00:00:00+09:00,1143.0567136863426,1149.8505128761574,1132.0167900028935,1146.45361328125,661400,0.0,0.0
2015-04-09 00:00:00+09:00,1150.6998216060172,1173.628895542078,1144.755246881853,1161.73974609375,442200,0.0,0.0
2015-04-10 00:00:00+09:00,1165.1363156506616,1171.9301134095576,1157.4932931719036,1163.4378662109375,706200,0.0,0.0
2015-04-13 00:00:00+09:00,1163.4379263485177,1164.287151112276,1150.6995548921473,1154.9456787109375,478800,0.0,0.0
2015-04-14 00:00:00+09:00,1159.1918887732163,1173.6287108311978,1154.945764638516,1170.2318115234375,346700,0.0,0.0
2015-04-15 00:00:00+09:00,1160.0410290704258,1182.9700977270154,1149.8503318897192,1171.93017578125,533000,0.0,0.0
2015-04-16 00:00:00+09:00,1171.9302617019848,1187.21630859375,1167.6841375653835,1187.21630859375,498800,0.0,0.0
2015-04-17 00:00:00+09:00,1182.970011775987,1204.2006293599063,1170.2316412256353,1173.6285400390625,744200,0.0,0.0
2015-04-20 00:00:00+09:00,1162.5885489998284,1172.7792448274383,1147.3025052584135,1159.191650390625,403900,0.0,0.0
2015-04-21 00:00:00+09:00,1164.2872439608248,1183.819415084894,1164.2872439608248,1176.1763916015625,423000,0.0,0.0
2015-04-22 00:00:00+09:00,1171.0808800639943,1194.859172044989,1165.9855317823526,1185.5177001953125,445200,0.0,0.0
2015-04-23 00:00:00+09:00,1188.9148071814473,1197.407055804172,1176.1764342473602,1183.8194580078125,307100,0.0,0.0
2015-04-24 00:00:00+09:00,1178.723888259203,1183.8192364793438,1169.3824165222786,1173.6285400390625,246500,0.0,0.0
2015-04-27 00:00:00+09:00,1174.4775658284564,1182.1205868642164,1164.2868711141098,1181.2713623046875,241800,0.0,0.0
2015-04-28 00:00:00+09:00,1182.1208564152967,1199.9545762319067,1182.1208564152967,1188.0654296875,362900,0.0,0.0
2015-04-30 00:00:00+09:00,1186.3671325946298,1193.1609314928096,1174.4779845228154,1183.8194580078125,693600,0.0,0.0
2015-05-01 00:00:00+09:00,1175.3271850762085,1182.1209838338743,1160.04113787146,1177.025634765625,459900,0.0,0.0
2015-05-07 00:00:00+09:00,1163.4381218177045,1183.8195195721753,1162.5888969112682,1175.3272705078125,420900,0.0,0.0
2015-05-08 00:00:00+09:00,1175.3270650893494,1199.9545830717127,1172.7793908153117,1194.010009765625,487400,0.0,0.0
2015-05-11 00:00:00+09:00,1205.0500549915628,1234.7729245649982,1199.1054810768758,1210.99462890625,874000,0.0,0.0
2015-05-12 00:00:00+09:00,1222.8836831701806,1282.3294177687312,1222.8836831701806,1268.7418212890625,1431200,0.0,0.0
2015-05-13 00:00:00+09:00,1272.1383656647245,1306.9565719345867,1263.6461202330509,1302.71044921875,1082100,0.0,0.0
2015-05-14 00:00:00+09:00,1282.3294271361433,1319.6953177281898,1282.3294271361433,1308.6553955078125,769400,0.0,0.0
2015-05-15 00:00:00+09:00,1317.9969482421875,1331.5845456467462,1313.750824053263,1317.9969482421875,635000,0.0,0.0
2015-05-18 00:00:00+09:00,1317.9967410211552,1334.9812351064793,1307.8060445699607,1319.6951904296875,606100,0.0,0.0
2015-05-19 00:00:00+09:00,1333.2829299017926,1358.7596737852664,1329.8860307173295,1354.5135498046875,650100,0.0,0.0
2015-05-20 00:00:00+09:00,1371.4979594307686,1380.839431600266,1348.5688913783656,1356.2119140625,789600,0.0,0.0
2015-05-21 00:00:00+09:00,1368.9501397777153,1385.085408174599,1359.608668600572,1366.4024658203125,492100,0.0,0.0
2015-05-22 00:00:00+09:00,1358.7595357032217,1376.5932546093266,1358.7595357032217,1370.648681640625,577000,0.0,0.0
2015-05-25 00:00:00+09:00,1384.2365604816096,1384.2365604816096,1364.7043881557956,1372.347412109375,421100,0.0,0.0
2015-05-26 00:00:00+09:00,1373.196527586393,1391.8794735399492,1372.3473027703221,1384.2364501953125,389200,0.0,0.0
2015-05-27 00:00:00+09:00,1375.7442626953125,1389.3318603515627,1371.4981384277344,1375.7442626953125,448000,0.0,0.0
2015-05-28 00:00:00+09:00,1391.8793207664373,1398.673118549312,1379.1409499235474,1388.482421875,427300,0.0,0.0
2015-05-29 00:00:00+09:00,1375.7441773514565,1384.236425359799,1365.5534797414457,1377.442626953125,806900,0.0,0.0
2015-06-01 00:00:00+09:00,1360.4580375532669,1404.617724165483,1360.4580375532669,1401.2208251953125,729700,0.0,0.0
2015-06-02 00:00:00+09:00,1404.6176686660406,1413.1099157559197,1395.2761968671732,1398.673095703125,804700,0.0,0.0
2015-06-03 00:00:00+09:00,1390.1809060138614,1394.4270297341238,1371.4979616447076,1373.1964111328125,566300,0.0,0.0
2015-06-04 00:00:00+09:00,1366.4028074816374,1379.9904053186208,1333.2830377539906,1376.593505859375,436700,0.0,0.0
2015-06-05 00:00:00+09:00,1357.0610056095993,1368.9501508402216,1346.021085038307,1361.30712890625,438800,0.0,0.0
2015-06-08 00:00:00+09:00,1363.005555510973,1363.854780156151,1342.6241640266967,1343.473388671875,495000,0.0,0.0
2015-06-09 00:00:00+09:00,1331.5844660874438,1338.3782643838083,1319.695319068806,1325.639892578125,751800,0.0,0.0
2015-06-10 00:00:00+09:00,1318.8460000356038,1336.6797192891438,1303.5599549611409,1304.4091796875,651100,0.0,0.0
2015-06-11 00:00:00+09:00,1307.8060671636874,1328.1874604181864,1306.1076177258126,1309.5045166015625,777800,0.0,0.0
2015-06-12 00:00:00+09:00,1307.806011792357,1312.9013598902493,1292.5199674986802,1306.956787109375,948100,0.0,0.0
2015-06-15 00:00:00+09:00,1295.9168589619371,1309.5044538134384,1292.5199602490618,1301.01220703125,491900,0.0,0.0
2015-06-16 00:00:00+09:00,1299.3138101407797,1315.4490796784755,1286.575439453125,1286.575439453125,460300,0.0,0.0
2015-06-17 00:00:00+09:00,1293.3691441011745,1301.8613906152991,1281.4799989814,1282.3292236328125,402700,0.0,0.0
2015-06-18 00:00:00+09:00,1282.3296276430021,1288.2742020757844,1265.3451292636248,1267.0435791015625,446100,0.0,0.0
2015-06-19 00:00:00+09:00,1274.6864500485344,1285.7263726672095,1267.8926515139653,1271.28955078125,585700,0.0,0.0
2015-06-22 00:00:00+09:00,1267.89259795941,1289.9724422641286,1265.344923616558,1285.726318359375,609000,0.0,0.0
2015-06-23 00:00:00+09:00,1295.0677328159154,1319.6952503579887,1288.2739348732746,1311.2030029296875,832800,0.0,0.0
2015-06-24 00:00:00+09:00,1321.3937673005555,1328.1875655900185,1306.9569459354466,1308.6553955078125,522700,0.0,0.0
2015-06-25 00:00:00+09:00,1311.2030213389967,1317.9968193770226,1301.012324281958,1312.05224609375,330800,0.0,0.0
2015-06-26 00:00:00+09:00,1307.8061825631107,1312.9015313263437,1289.1232370979235,1303.56005859375,347500,0.0,0.0
2015-06-29 00:00:00+09:00,1260.2495436410732,1284.8770616771858,1254.3049703220115,1272.9879150390625,569800,0.0,0.0
2015-06-30 00:00:00+09:00,1272.9877524672754,1286.5753468898747,1261.9478319989134,1282.3292236328125,432600,0.0,0.0
2015-07-01 00:00:00+09:00,1282.3293298954586,1301.8614984965152,1271.2894085122527,1298.464599609375,373800,0.0,0.0
2015-07-02 00:00:00+09:00,1309.5045236152862,1323.9413439145467,1307.8060741683144,1315.4490966796875,434100,0.0,0.0
2015-07-03 00:00:00+09:00,1309.5045465433373,1323.9413670953716,1303.5599733748527,1305.2584228515625,370800,0.0,0.0
2015-07-06 00:00:00+09:00,1284.877172276147,1284.877172276147,1255.1543031223696,1261.098876953125,486700,0.0,0.0
2015-07-07 00:00:00+09:00,1281.48000645999,1321.393565309307,1276.384658521779,1288.2738037109375,908600,0.0,0.0
2015-07-08 00:00:00+09:00,1275.535742419384,1281.4803164519642,1251.7574462890625,1251.7574462890625,530400,0.0,0.0
2015-07-09 00:00:00+09:00,1226.280881120859,1247.511505794004,1202.5025814869366,1243.265380859375,815300,0.0,0.0
2015-07-10 00:00:00+09:00,1253.4557603809933,1264.495682389769,1233.9235906731594,1239.8681640625,456800,0.0,0.0
2015-07-13 00:00:00+09:00,1250.908130735419,1268.741851540201,1250.908130735419,1264.4957275390625,349000,0.0,0.0
2015-07-14 00:00:00+09:00,1289.9723984829216,1301.0123202605896,1273.8371281924833,1278.083251953125,414500,0.0,0.0
2015-07-15 00:00:00+09:00,1300.1629413124742,1300.1629413124742,1270.440078513038,1282.3292236328125,664100,0.0,0.0
2015-07-16 00:00:00+09:00,1299.3137576748125,1301.861431709469,1278.0831407193416,1301.01220703125,457500,0.0,0.0
2015-07-17 00:00:00+09:00,1298.4646953300664,1298.4646953300664,1267.8926030920793,1274.6864013671875,580600,0.0,0.0
2015-07-21 00:00:00+09:00,1286.5753065481692,1296.7660020455805,1282.329183424248,1291.670654296875,333700,0.0,0.0
2015-07-22 00:00:00+09:00,1275.5356805600888,1280.6310294837642,1246.6620366592613,1260.2496337890625,608500,0.0,0.0
2015-07-23 00:00:00+09:00,1266.1940066828795,1274.6862535419195,1252.6064117084152,1267.8924560546875,561000,0.0,0.0
2015-07-24 00:00:00+09:00,1262.7972396299315,1273.8371616979807,1240.717395493833,1245.812744140625,582800,0.0,0.0
2015-07-27 00:00:00+09:00,1244.9637522582589,1248.360651991569,1228.8284785250344,1233.923828125,410100,0.0,0.0
2015-07-28 00:00:00+09:00,1226.280494773781,1243.2649891612296,1214.391348702567,1236.47119140625,558800,0.0,0.0
2015-07-29 00:00:00+09:00,1232.225177644868,1246.661999161038,1219.4868057188355,1241.566650390625,598400,0.0,0.0
2015-07-30 00:00:00+09:00,1247.5112424004346,1252.606591246182,1236.4713199013158,1242.4158935546875,569500,0.0,0.0
2015-07-31 00:00:00+09:00,1233.074463222338,1268.7419063733971,1223.732990016108,1250.0589599609375,919100,0.0,0.0
2015-08-03 00:00:00+09:00,1261.0987173227163,1261.0987173227163,1206.7483348926464,1214.391357421875,1199500,0.0,0.0
2015-08-04 00:00:00+09:00,1206.7483946894256,1207.5976194569762,1194.0100231761662,1205.899169921875,703800,0.0,0.0
2015-08-05 00:00:00+09:00,1194.8591801570012,1244.114213880602,1194.8591801570012,1236.47119140625,418900,0.0,0.0
2015-08-06 00:00:00+09:00,1244.1141808090897,1248.36030429308,1222.8835633891395,1223.7327880859375,500400,0.0,0.0
2015-08-07 00:00:00+09:00,1222.8837211217497,1225.4313955407533,1205.8992249950588,1208.4468994140625,594400,0.0,0.0
2015-08-10 00:00:00+09:00,1207.5977900513035,1220.336163364081,1197.4070914010815,1219.4869384765625,306500,0.0,0.0
2015-08-11 00:00:00+09:00,1220.3360841533304,1232.225231806877,1208.4469364997838,1227.1298828125,564300,0.0,0.0
2015-08-12 00:00:00+09:00,1212.6929079709353,1233.9235261076813,1207.5975596181163,1214.391357421875,553100,0.0,0.0
2015-08-13 00:00:00+09:00,1212.6929829215742,1234.7728271484375,1210.1453085877051,1234.7728271484375,598700,0.0,0.0
2015-08-14 00:00:00+09:00,1233.9237984987558,1234.7730234116937,1214.3916255011843,1221.1854248046875,480000,0.0,0.0
2015-08-17 00:00:00+09:00,1233.074328944511,1284.0278136116397,1233.074328944511,1283.1785888671875,964700,0.0,0.0
2015-08-18 00:00:00+09:00,1295.0674283302435,1307.8057964777543,1272.9875902078918,1302.71044921875,984300,0.0,0.0
2015-08-19 00:00:00+09:00,1306.107936904725,1324.790885286977,1274.6866146254824,1278.9327392578125,936000,0.0,0.0
2015-08-20 00:00:00+09:00,1276.3848480913919,1278.9325224388797,1239.8681824440666,1240.7174072265625,704100,0.0,0.0
2015-08-21 00:00:00+09:00,1217.788452321097,1242.4159733234067,1199.9547302159765,1200.803955078125,883500,0.0,0.0
2015-08-24 00:00:00+09:00,1168.5333026378328,1180.4224496123454,1115.032141252525,1116.7305908203125,749200,0.0,0.0
2015-08-25 00:00:00+09:00,1065.7772212009804,1122.675287990196,1064.9279963235294,1082.76171875,939600,0.0,0.0
2015-08-26 00:00:00+09:00,1082.761664139597,1100.5953856666022,1064.0787177779725,1097.198486328125,827100,0.0,0.0
2015-08-27 00:00:00+09:00,1109.936853441922,1139.6597225088442,1109.936853441922,1125.222900390625,587700,0.0,0.0
2015-08-28 00:00:00+09:00,1154.9458622685186,1156.6443120659721,1135.4136895978008,1146.45361328125,612700,0.0,0.0
2015-08-31 00:00:00+09:00,1145.604206309599,1160.0410272934857,1132.8658348532283,1154.9456787109375,549100,0.0,0.0
2015-09-01 00:00:00+09:00,1147.3024351058468,1152.3977827080932,1105.6904296875,1105.6904296875,498900,0.0,0.0
2015-09-02 00:00:00+09:00,1081.9123303545393,1116.730545067676,1076.816981859934,1092.10302734375,541700,0.0,0.0
2015-09-03 00:00:00+09:00,1103.1428960886535,1136.2626597125623,1102.2936713803483,1106.539794921875,551600,0.0,0.0
2015-09-04 00:00:00+09:00,1117.5797817230225,1132.0166026115417,1082.7615666389465,1087.0076904296875,1075700,0.0,0.0
2015-09-07 00:00:00+09:00,1078.515625,1096.349347933071,1059.8326771653542,1078.515625,1196300,0.0,0.0
2015-09-08 00:00:00+09:00,1080.2137822005943,1091.2537029306318,1051.3401433681886,1053.8878173828125,346000,0.0,0.0
2015-09-09 00:00:00+09:00,1093.8015584096859,1137.1120238436097,1090.4046591599663,1135.41357421875,645100,0.0,0.0
2015-09-10 00:00:00+09:00,1102.2937284213565,1131.167369997879,1084.4600086240926,1126.072021484375,936100,0.0,0.0
2015-09-11 00:00:00+09:00,1145.6043636641314,1166.8349856742154,1132.8659904580811,1156.644287109375,955000,0.0,0.0
2015-09-14 00:00:00+09:00,1165.9856056717474,1165.9856056717474,1139.6596378816353,1143.90576171875,448600,0.0,0.0
2015-09-15 00:00:00+09:00,1153.246998763458,1171.0807152391815,1137.9609560699805,1138.8101806640625,604900,0.0,0.0
2015-09-16 00:00:00+09:00,1141.3582338483145,1143.9059084774403,1120.1276119389338,1133.7152099609375,498200,0.0,0.0
2015-09-17 00:00:00+09:00,1159.1919670352152,1182.121038910637,1153.247392845291,1179.5733642578125,701500,0.0,0.0
2015-09-18 00:00:00+09:00,1170.2318420187887,1178.7240905094911,1149.0012207920327,1165.9857177734375,715300,0.0,0.0
2015-09-24 00:00:00+09:00,1142.2072917771375,1150.6995392996441,1126.072021484375,1126.072021484375,529900,0.0,0.0
2015-09-25 00:00:00+09:00,1135.413360126202,1159.191650390625,1128.6195629077954,1159.191650390625,712100,0.0,0.0
2015-09-28 00:00:00+09:00,1185.7512703829034,1195.1755940636922,1165.1891096248182,1178.897216796875,739000,12.0,0.0
2015-09-29 00:00:00+09:00,1148.910652079109,1151.4809219942747,1116.3538998203423,1122.3511962890625,770900,0.0,0.0
2015-09-30 00:00:00+09:00,1164.3324942753234,1164.3324942753234,1130.918978987069,1142.91357421875,859300,0.0,0.0
2015-10-01 00:00:00+09:00,1152.3378529467466,1164.3324476986088,1132.6324472829733,1157.4783935546875,463500,0.0,0.0
2015-10-02 00:00:00+09:00,1145.4836673035447,1162.6188006962677,1131.775560589366,1142.056640625,593100,0.0,0.0
2015-10-05 00:00:00+09:00,1152.337646484375,1155.764672942321,1135.2025141946444,1152.337646484375,536100,0.0,0.0
2015-10-06 00:00:00+09:00,1169.472833189399,1184.0376963133695,1160.9052666458867,1170.32958984375,499300,0.0,0.0
2015-10-07 00:00:00+09:00,1168.616190725422,1183.1810552725865,1158.3351098686003,1179.7540283203125,445800,0.0,0.0
2015-10-08 00:00:00+09:00,1184.0377621206567,1207.1701930738097,1179.7539786108134,1186.6080322265625,650000,0.0,0.0
2015-10-09 00:00:00+09:00,1193.462279157464,1220.021741220552,1186.608224431506,1218.3082275390625,682800,0.0,0.0
2015-10-13 00:00:00+09:00,1221.7351833880155,1244.0108599434773,1209.74058831969,1236.300048828125,920400,0.0,0.0
2015-10-14 00:00:00+09:00,1226.0187894515827,1228.589059450433,1190.0350094676787,1193.4620361328125,490100,0.0,0.0
2015-10-15 00:00:00+09:00,1182.3241793724799,1228.5890385653158,1178.0403961138838,1221.7349853515625,673900,0.0,0.0
2015-10-16 00:00:00+09:00,1236.2999516978207,1247.4377891005038,1224.3053575718543,1232.8729248046875,693200,0.0,0.0
2015-10-19 00:00:00+09:00,1240.5836248749565,1245.7241647570352,1226.0187618757338,1231.1593017578125,621100,0.0,0.0
2015-10-20 00:00:00+09:00,1244.867501285489,1251.7215549746038,1222.5918267958657,1226.8756103515625,725500,0.0,0.0
2015-10-21 00:00:00+09:00,1228.588952636719,1255.1484069824219,1224.3051696777345,1250.8646240234375,430500,0.0,0.0
2015-10-22 00:00:00+09:00,1231.1591860189478,1252.5781001807247,1231.1591860189478,1238.8699951171875,629500,0.0,0.0
2015-10-23 00:00:00+09:00,1276.5673523976745,1290.2754581952336,1263.7160032124632,1272.2835693359375,842900,0.0,0.0
2015-10-26 00:00:00+09:00,1279.1376785757109,1285.1349751263003,1252.5782224231007,1256.0052490234375,475700,0.0,0.0
2015-10-27 00:00:00+09:00,1260.2892133374007,1271.427051388649,1237.1567804617312,1239.72705078125,553800,0.0,0.0
2015-10-28 00:00:00+09:00,1252.5783294402038,1255.1485996100537,1226.8756277417044,1232.8729248046875,584500,0.0,0.0
2015-10-29 00:00:00+09:00,1238.0132874129379,1244.867340215224,1219.164642206651,1232.0159912109375,1753500,0.0,0.0
2015-10-30 00:00:00+09:00,1238.0134873013317,1256.8621355509022,1225.1621362220792,1246.5810546875,930800,0.0,0.0
2015-11-02 00:00:00+09:00,1226.8755803258584,1232.0161204668887,1218.3080134241416,1222.591796875,544200,0.0,0.0
2015-11-04 00:00:00+09:00,1232.873171629128,1238.0137129979776,1208.0272216796875,1208.0272216796875,572500,0.0,0.0
2015-11-05 00:00:00+09:00,1214.880841203265,1244.8673217689309,1208.0267885025412,1243.15380859375,810100,0.0,0.0
2015-11-06 00:00:00+09:00,1273.1405205681094,1357.1026814131126,1270.5702503381603,1345.96484375,2029900,0.0,0.0
2015-11-09 00:00:00+09:00,1345.9646116722586,1382.8051452826387,1333.9700193339954,1378.5213623046875,1498800,0.0,0.0
2015-11-10 00:00:00+09:00,1370.8105408131596,1390.5159423373489,1367.3835144611267,1380.23486328125,847900,0.0,0.0
2015-11-11 00:00:00+09:00,1373.3810286861456,1395.6567035119967,1362.2431912732197,1383.662109375,847600,0.0,0.0
2015-11-12 00:00:00+09:00,1393.9431700460448,1408.5080341460957,1387.945873063671,1394.7999267578125,548600,0.0,0.0
2015-11-13 00:00:00+09:00,1393.943201902828,1427.3567144253911,1381.9486076639591,1423.9296875,1300500,0.0,0.0
2015-11-16 00:00:00+09:00,1392.2295965281937,1393.0863532029803,1375.9512197072486,1386.2322998046875,1224200,0.0,0.0
2015-11-17 00:00:00+09:00,1405.080985310995,1434.2107130552472,1404.2242286126345,1423.0728759765625,828500,0.0,0.0
2015-11-18 00:00:00+09:00,1430.783703847469,1447.918838025283,1424.786406885234,1429.0701904296875,817300,0.0,0.0
2015-11-19 00:00:00+09:00,1441.0647344111258,1443.63500444872,1425.643114185561,1435.9241943359375,453400,0.0,0.0
2015-11-20 00:00:00+09:00,1435.924362978099,1446.2054443359375,1424.7865248404407,1446.2054443359375,476300,0.0,0.0
2015-11-24 00:00:00+09:00,1437.6379016142278,1447.9189831513975,1417.9324953346525,1442.7784423828125,776600,0.0,0.0
2015-11-25 00:00:00+09:00,1434.2107682761732,1436.7810384702166,1417.9323903805655,1423.9296875,479800,0.0,0.0
2015-11-26 00:00:00+09:00,1424.786387264835,1447.06206138924,1419.64584708228,1440.2080078125,407300,0.0,0.0
2015-11-27 00:00:00+09:00,1413.648633159825,1492.4702539178274,1409.3648494229772,1445.3486328125,1098300,0.0,0.0
2015-11-30 00:00:00+09:00,1445.3486311927493,1448.7756581783872,1418.789172054056,1420.502685546875,829400,0.0,0.0
2015-12-01 00:00:00+09:00,1435.9241803891525,1454.7728271484375,1431.6403970347696,1454.7728271484375,582700,0.0,0.0
2015-12-02 00:00:00+09:00,1451.3457635870561,1483.0457596040108,1445.3484670433081,1459.913330078125,570100,0.0,0.0
2015-12-03 00:00:00+09:00,1466.7674809261564,1483.9026150491254,1452.2026169216326,1463.3404541015625,1093100,0.0,0.0
2015-12-04 00:00:00+09:00,1449.6324229422814,1454.772963449169,1400.79728812685,1411.078369140625,927900,0.0,0.0
2015-12-07 00:00:00+09:00,1430.7836613468937,1440.2079848647477,1425.6431212462462,1426.4998779296875,636300,0.0,0.0
2015-12-08 00:00:00+09:00,1430.7837744170272,1437.6378284262105,1407.6513421360335,1411.078369140625,642600,0.0,0.0
2015-12-09 00:00:00+09:00,1417.0754028320314,1441.9213439941407,1416.2186462402344,1422.2159423828125,700300,0.0,0.0
2015-12-10 00:00:00+09:00,1422.2161619582043,1433.35399937113,1380.2350824787152,1383.662109375,998100,0.0,0.0
2015-12-11 00:00:00+09:00,1372.5241022303892,1396.513287537787,1371.667345612268,1390.5159912109375,725200,0.0,0.0
2015-12-14 00:00:00+09:00,1363.9567047213623,1387.945892995356,1355.38913748065,1383.662109375,544700,0.0,0.0
2015-12-15 00:00:00+09:00,1396.513412199538,1410.221519313153,1373.3809814453125,1373.3809814453125,928100,0.0,0.0
2015-12-16 00:00:00+09:00,1389.659381454119,1396.5134351234365,1359.6728966508551,1387.089111328125,965800,0.0,0.0
2015-12-17 00:00:00+09:00,1415.3619384765625,1439.3511238744704,1401.6538325349009,1415.3619384765625,842100,0.0,0.0
2015-12-18 00:00:00+09:00,1399.083601290084,1422.2160307051681,1375.951171875,1375.951171875,1167500,0.0,0.0
2015-12-21 00:00:00+09:00,1364.8133477189594,1379.3782108145165,1345.9647013600033,1374.2376708984375,667200,0.0,0.0
2015-12-22 00:00:00+09:00,1390.5160885220594,1405.9377087274797,1387.0890618097437,1393.943115234375,666100,0.0,0.0
2015-12-24 00:00:00+09:00,1412.792027477609,1413.6487843165887,1371.667699206581,1375.0947265625,622600,0.0,0.0
2015-12-25 00:00:00+09:00,1375.0947265625,1375.0947265625,1375.0947265625,1375.0947265625,0,0.0,0.0
2015-12-28 00:00:00+09:00,1385.3755129526212,1387.9457829209935,1369.953893142388,1381.948486328125,335500,0.0,0.0
2015-12-29 00:00:00+09:00,1382.805441340347,1398.22706336273,1363.1000354228574,1396.5135498046875,474700,0.0,0.0
2015-12-30 00:00:00+09:00,1405.0809750408932,1416.2188120381686,1403.3674616566968,1407.6512451171875,276800,0.0,0.0
2016-01-04 00:00:00+09:00,1401.6540240301042,1405.0810509837231,1351.962133202631,1355.38916015625,490700,0.0,0.0
2016-01-05 00:00:00+09:00,1356.2458547467563,1377.6647722253847,1350.2485578527403,1363.9566650390625,459100,0.0,0.0
2016-01-06 00:00:00+09:00,1363.0998979541823,1369.0971948025037,1337.397197175662,1348.5350341796875,387400,0.0,0.0
2016-01-07 00:00:00+09:00,1354.5323685626593,1381.0918267697703,1334.8269640864157,1343.39453125,1044100,0.0,0.0
2016-01-08 00:00:00+09:00,1330.5433603364318,1361.386606294005,1318.5487646862643,1327.1163330078125,697300,0.0,0.0
2016-01-12 00:00:00+09:00,1310.8376539763487,1325.4025167983082,1281.70792833243,1284.2781982421875,807200,0.0,0.0
2016-01-13 00:00:00+09:00,1308.2676163211945,1329.6865360383065,1286.8486966040828,1327.9730224609375,623500,0.0,0.0
2016-01-14 00:00:00+09:00,1293.7025710578575,1303.9836510927544,1256.8620342661436,1277.4241943359375,1027100,0.0,0.0
2016-01-15 00:00:00+09:00,1303.1271047955286,1312.5514296822812,1276.5676437510438,1282.56494140625,654600,0.0,0.0
2016-01-18 00:00:00+09:00,1253.435118095776,1267.9999827626443,1231.1594427229188,1262.002685546875,579100,0.0,0.0
2016-01-19 00:00:00+09:00,1257.7187924881032,1274.8539259007478,1247.4377124405166,1260.2890625,421900,0.0,0.0
2016-01-20 00:00:00+09:00,1250.8647696922753,1254.2917964585554,1203.7431516559225,1205.4566650390625,819800,0.0,0.0
2016-01-21 00:00:00+09:00,1203.7428161486557,1226.8752403735764,1166.0455322265625,1166.0455322265625,688200,0.0,0.0
2016-01-22 00:00:00+09:00,1216.5943724057936,1234.5862610117947,1193.4619441980778,1232.0159912109375,748200,0.0,0.0
2016-01-25 00:00:00+09:00,1257.7187815887387,1258.5755382519462,1236.299865008549,1244.867431640625,447100,0.0,0.0
2016-01-26 00:00:00+09:00,1229.4457339701678,1236.2997868424754,1212.310601789399,1213.1673583984375,613500,0.0,0.0
2016-01-27 00:00:00+09:00,1238.8702143386315,1249.1512949555497,1227.7323770036369,1242.2972412109375,549300,0.0,0.0
2016-01-28 00:00:00+09:00,1242.2972337747583,1262.859394885513,1238.870206922966,1251.7215576171875,688100,0.0,0.0
2016-01-29 00:00:00+09:00,1249.1513933454241,1297.1297733367435,1222.5919329930866,1295.416259765625,757700,0.0,0.0
2016-02-01 00:00:00+09:00,1390.5160071017474,1390.5160071017474,1291.1322382639146,1303.1268310546875,1310900,0.0,0.0
2016-02-02 00:00:00+09:00,1293.7024291018222,1308.2672908864122,1287.7051330728734,1288.5618896484375,560800,0.0,0.0
2016-02-03 00:00:00+09:00,1258.5758366673876,1266.2866484645328,1232.0163738105537,1238.013671875,641300,0.0,0.0
2016-02-04 00:00:00+09:00,1216.5945650836616,1216.5945650836616,1189.1783495324803,1196.88916015625,719500,0.0,0.0
2016-02-05 00:00:00+09:00,1171.186519032901,1171.186519032901,1142.913545274243,1163.4757080078125,965200,0.0,0.0
2016-02-08 00:00:00+09:00,1149.767494041911,1195.1755992462488,1140.3431703202561,1186.6080322265625,689200,0.0,0.0
2016-02-09 00:00:00+09:00,1148.0538703535246,1154.9079233108591,1121.4944151438535,1125.7781982421875,495000,0.0,0.0
2016-02-10 00:00:00+09:00,1134.3457843146223,1141.1998373920521,1081.2268729645418,1097.5052490234375,699600,0.0,0.0
2016-02-12 00:00:00+09:00,1058.0946033787766,1064.0919007258628,1032.391900462693,1033.2486572265625,1516000,0.0,0.0
2016-02-15 00:00:00+09:00,1084.6539711016292,1112.0701852211016,1045.2431633048875,1104.359375,1086200,0.0,0.0
2016-02-16 00:00:00+09:00,1100.0756363778744,1118.9242843531963,1087.2242854856095,1089.7945556640625,632300,0.0,0.0
2016-02-17 00:00:00+09:00,1094.0782539162778,1112.9269004207088,1068.3755541375087,1084.6539306640625,578100,0.0,0.0
2016-02-18 00:00:00+09:00,1114.6405105945676,1118.067537529524,1097.5053759197856,1105.2161865234375,557400,0.0,0.0
2016-02-19 00:00:00+09:00,1092.3647405976933,1092.3647405976933,1070.9458241153857,1084.6539306640625,730000,0.0,0.0
2016-02-22 00:00:00+09:00,1076.0866764374018,1103.502897493132,1068.3758642654777,1091.50830078125,338300,0.0,0.0
2016-02-23 00:00:00+09:00,1094.0780986383209,1096.6483682514101,1058.9510805927678,1063.23486328125,620600,0.0,0.0
2016-02-24 00:00:00+09:00,1043.5297768129576,1066.662210289107,1039.245992835893,1052.9541015625,988800,0.0,0.0
2016-02-25 00:00:00+09:00,1070.9458782433899,1091.508039105663,1063.2350679200374,1085.5107421875,881700,0.0,0.0
2016-02-26 00:00:00+09:00,1098.362017979745,1109.4998543555146,1089.7944515368451,1095.791748046875,661500,0.0,0.0
2016-02-29 00:00:00+09:00,1110.3565994250594,1113.7836259664948,1079.5133605521412,1080.3701171875,573900,0.0,0.0
2016-03-01 00:00:00+09:00,1078.6566586743822,1086.3674687840482,1060.664768418495,1081.2269287109375,672300,0.0,0.0
2016-03-02 00:00:00+09:00,1103.5027863182167,1126.6352205034589,1097.5054885664874,1114.640625,686500,0.0,0.0
2016-03-03 00:00:00+09:00,1112.0701118129757,1112.0701118129757,1084.6538995032568,1097.5052490234375,788900,0.0,0.0
2016-03-04 00:00:00+09:00,1100.9322924132741,1123.2079652558773,1088.0809426963876,1120.6376953125,840700,0.0,0.0
2016-03-07 00:00:00+09:00,1114.6405997440734,1118.924383755388,1090.6514092807113,1093.2216796875,981800,0.0,0.0
2016-03-08 00:00:00+09:00,1099.218738227211,1102.6457646908968,1071.8025265177248,1083.797119140625,1027600,0.0,0.0
2016-03-09 00:00:00+09:00,1070.9457827113083,1081.2268622253368,1055.5241634402655,1064.948486328125,1036100,0.0,0.0
2016-03-10 00:00:00+09:00,1067.5187676571175,1086.3674136350119,1067.5187676571175,1080.3701171875,805000,0.0,0.0
2016-03-11 00:00:00+09:00,1059.8080411096587,1092.3647958082577,1058.951284407064,1085.5107421875,959500,0.0,0.0
2016-03-14 00:00:00+09:00,1086.3673583984375,1093.2214111328126,1056.380877685547,1079.5133056640625,1476000,0.0,0.0
2016-03-15 00:00:00+09:00,1096.6485647788984,1126.6350489720714,1089.7945112490304,1104.359375,1864900,0.0,0.0
2016-03-16 00:00:00+09:00,1098.3619816112896,1098.3619816112896,1082.9403625247035,1083.797119140625,835900,0.0,0.0
2016-03-17 00:00:00+09:00,1090.6515438732583,1110.3569527570644,1082.9407317013345,1091.50830078125,698600,0.0,0.0
2016-03-18 00:00:00+09:00,1090.651220454587,1096.6485170321064,1084.6539238770679,1094.0782470703125,728400,0.0,0.0
2016-03-22 00:00:00+09:00,1115.4970947641805,1128.348443782201,1094.0781797341463,1112.070068359375,741900,0.0,0.0
2016-03-23 00:00:00+09:00,1122.3511782080416,1132.632257703077,1114.640368586765,1116.3538818359375,763300,0.0,0.0
2016-03-24 00:00:00+09:00,1109.4999576722137,1118.924281636997,1101.7891471555727,1106.9296875,619400,0.0,0.0
2016-03-25 00:00:00+09:00,1110.3566843312938,1113.7837111347853,1094.9350637155812,1102.6458740234375,654200,0.0,0.0
2016-03-28 00:00:00+09:00,1112.927102809999,1124.06494140625,1111.2135891798066,1124.06494140625,491300,0.0,0.0
2016-03-29 00:00:00+09:00,1115.4181621601056,1136.1701279677354,1112.8241664341517,1131.8468017578125,485700,12.0,0.0
2016-03-30 00:00:00+09:00,1132.7115568065274,1137.8995486697634,1116.28291590628,1119.7415771484375,531200,0.0,0.0
2016-03-31 00:00:00+09:00,1124.0648639912026,1134.4408473511214,1114.553545911277,1118.01220703125,958000,0.0,0.0
2016-04-01 00:00:00+09:00,1113.6889592950995,1114.5536246361671,1061.809038831042,1065.2677001953125,857400,0.0,0.0
2016-04-04 00:00:00+09:00,1066.9967051923613,1084.2900067351873,1056.6207242666658,1064.4027099609375,533300,0.0,0.0
2016-04-05 00:00:00+09:00,1061.808727028772,1069.5907128131848,1034.1394442397486,1035.8687744140625,612900,0.0,0.0
2016-04-06 00:00:00+09:00,1037.5983814201734,1053.162357141476,1028.9517282416718,1047.974365234375,890800,0.0,0.0
2016-04-07 00:00:00+09:00,1054.0271164500161,1084.2904052734375,1052.2977856601065,1084.2904052734375,1312000,0.0,0.0
2016-04-08 00:00:00+09:00,1066.996965379902,1114.5535562193627,1059.2149777879902,1102.4482421875,1013700,0.0,0.0
2016-04-11 00:00:00+09:00,1093.8012724469422,1096.3952675594646,1068.7259863592258,1086.019287109375,600900,0.0,0.0
2016-04-12 00:00:00+09:00,1081.6961684593787,1090.3428204854329,1073.91418163593,1079.1021728515625,720400,0.0,0.0
2016-04-13 00:00:00+09:00,1086.0196051270684,1101.5835803597813,1074.778956347887,1097.26025390625,600800,0.0,0.0
2016-04-14 00:00:00+09:00,1115.4181245207055,1128.3881027128068,1100.7188159029909,1127.5234375,766700,0.0,0.0
2016-04-15 00:00:00+09:00,1118.0120015430891,1130.1173132380645,1117.1473364220194,1122.3353271484375,486400,0.0,0.0
2016-04-18 00:00:00+09:00,1098.1251025880035,1128.3883928168068,1095.5311062826777,1121.4710693359375,988100,0.0,0.0
2016-04-19 00:00:00+09:00,1147.4107729139437,1158.6514210283983,1130.117468122475,1137.0347900390625,992700,0.0,0.0
2016-04-20 00:00:00+09:00,1143.9520319539295,1150.8693533867574,1130.982054267377,1133.5760498046875,843400,0.0,0.0
2016-04-21 00:00:00+09:00,1163.8391523510106,1163.8391523510106,1143.0871912392543,1162.9744873046875,1606100,0.0,0.0
2016-04-22 00:00:00+09:00,1162.1099392041267,1175.0799162041728,1150.004627337417,1173.3505859375,803700,0.0,0.0
2016-04-25 00:00:00+09:00,1178.5386623555064,1189.7793099054854,1162.974688824766,1166.433349609375,1208200,0.0,0.0
2016-04-26 00:00:00+09:00,1166.433151531291,1170.7564767778858,1142.22253015036,1152.5985107421875,712400,0.0,0.0
2016-04-27 00:00:00+09:00,1164.703986365516,1175.0799684266785,1142.2226918996632,1151.7340087890625,367400,0.0,0.0
2016-04-28 00:00:00+09:00,1165.568674628237,1165.568674628237,1108.5007721612758,1110.2301025390625,566600,0.0,0.0
2016-05-02 00:00:00+09:00,1071.3203125,1089.478283898305,1066.1323206719128,1071.3203125,607800,0.0,0.0
2016-05-06 00:00:00+09:00,1071.3203575827858,1081.6963416755973,1059.2150428078392,1065.2677001953125,567000,0.0,0.0
2016-05-09 00:00:00+09:00,1076.5080990357135,1086.0194155733784,1066.9967824980486,1073.0494384765625,663200,0.0,0.0
2016-05-10 00:00:00+09:00,1072.1848829668972,1096.3955093564723,1069.5908872823,1093.801513671875,710600,0.0,0.0
2016-05-11 00:00:00+09:00,1105.9067464128173,1111.0947374045895,1086.019447611023,1090.3427734375,483100,0.0,0.0
2016-05-12 00:00:00+09:00,1092.0722382142656,1252.8999787588843,1078.2375938663415,1197.5614013671875,2878200,0.0,0.0
2016-05-13 00:00:00+09:00,1201.0201397599844,1211.3961236887965,1153.4635467529297,1203.6141357421875,2335700,0.0,0.0
2016-05-16 00:00:00+09:00,1307.3740167441313,1312.5620088740684,1245.1181111848869,1261.5467529296875,2114100,0.0,0.0
2016-05-17 00:00:00+09:00,1261.5463786357157,1280.569010801573,1253.764392749683,1279.704345703125,1191700,0.0,0.0
2016-05-18 00:00:00+09:00,1269.3285264536848,1279.704508958756,1246.847231026031,1278.83984375,1710300,0.0,0.0
2016-05-19 00:00:00+09:00,1273.6517812379354,1289.2157541247532,1258.0878083511175,1259.817138671875,1432400,0.0,0.0
2016-05-20 00:00:00+09:00,1253.7646557180356,1304.7799072265625,1253.7646557180356,1304.7799072265625,1088100,0.0,0.0
2016-05-23 00:00:00+09:00,1289.2157805515185,1294.4037716201362,1270.1931466332533,1287.4864501953125,837000,0.0,0.0
2016-05-24 00:00:00+09:00,1284.0277099609375,1296.9976868292297,1278.8397192136206,1284.0277099609375,577100,0.0,0.0
2016-05-25 00:00:00+09:00,1305.64453125,1318.6145100372516,1291.8098872102648,1305.64453125,1078400,0.0,0.0
2016-05-26 00:00:00+09:00,1322.9378781024789,1347.148505937034,1298.7272502679236,1304.7799072265625,1707600,0.0,0.0
2016-05-27 00:00:00+09:00,1305.6446120377648,1324.667248769441,1298.7272895898825,1306.50927734375,675200,0.0,0.0
2016-05-30 00:00:00+09:00,1306.5091583556114,1310.8324844917981,1289.2158538108647,1301.3211669921875,771700,0.0,0.0
2016-05-31 00:00:00+09:00,1293.5392569082753,1313.4265583179615,1290.0805957935474,1307.3739013671875,659500,0.0,0.0
2016-06-01 00:00:00+09:00,1307.3736932144616,1339.3663034320114,1303.0503675093873,1316.885009765625,1168300,0.0,0.0
2016-06-02 00:00:00+09:00,1299.5919710966455,1308.2386242642879,1281.4339994445966,1283.163330078125,724600,0.0,0.0
2016-06-03 00:00:00+09:00,1271.9227163197206,1291.8100191581664,1258.952736207691,1290.0806884765625,744700,0.0,0.0
2016-06-06 00:00:00+09:00,1259.8174108299922,1278.840048467782,1258.0880801356477,1277.1107177734375,429000,0.0,0.0
2016-06-07 00:00:00+09:00,1275.381224016698,1284.0278763829128,1271.0578978335907,1277.9752197265625,438500,0.0,0.0
2016-06-08 00:00:00+09:00,1314.2910460041317,1343.6896615068556,1303.050398900149,1334.1783447265625,1147100,0.0,0.0
2016-06-09 00:00:00+09:00,1332.4490555146015,1335.0430510801718,1317.7497473097033,1333.313720703125,861000,0.0,0.0
2016-06-10 00:00:00+09:00,1333.3135124932219,1353.2008087236654,1326.3961920652414,1345.4188232421875,1333200,0.0,0.0
2016-06-13 00:00:00+09:00,1313.4263241957333,1313.4263241957333,1283.1630448363846,1284.0277099609375,709700,0.0,0.0
2016-06-14 00:00:00+09:00,1271.9224867651833,1283.163134166915,1257.2231786244572,1269.3284912109375,505000,0.0,0.0
2016-06-15 00:00:00+09:00,1266.7346639332295,1281.4339740266525,1254.6293497386457,1260.6820068359375,792900,0.0,0.0
2016-06-16 00:00:00+09:00,1251.1705529046653,1257.2232093458074,1213.1252838460578,1214.8546142578125,836700,0.0,0.0
2016-06-17 00:00:00+09:00,1252.035434024803,1292.6747057093096,1252.035434024803,1261.5467529296875,1325800,0.0,0.0
2016-06-20 00:00:00+09:00,1275.3812505843791,1305.644534496551,1257.223280237076,1300.45654296875,862000,0.0,0.0
2016-06-21 00:00:00+09:00,1279.704615781665,1307.373904771539,1271.922628253263,1302.1859130859375,702500,0.0,0.0
2016-06-22 00:00:00+09:00,1290.9451904296875,1298.727177511983,1280.5692076532935,1290.9451904296875,645800,0.0,0.0
2016-06-23 00:00:00+09:00,1277.9751346223609,1286.621786412769,1265.005156936748,1284.8924560546875,762700,0.0,0.0
2016-06-24 00:00:00+09:00,1288.351335860495,1296.9979891213038,1181.9975007525481,1206.2081298828125,921200,0.0,0.0
2016-06-27 00:00:00+09:00,1207.9372867861514,1226.9599212237285,1196.6966391639467,1225.2305908203125,742200,0.0,0.0
2016-06-28 00:00:00+09:00,1200.155305757896,1233.8772487871163,1192.373318904999,1214.8546142578125,840400,0.0,0.0
2016-06-29 00:00:00+09:00,1213.1251220703125,1223.5011031571576,1161.2452166360868,1213.1251220703125,985000,0.0,0.0
2016-06-30 00:00:00+09:00,1227.8246468806612,1227.8246468806612,1193.238037109375,1193.238037109375,1145500,0.0,0.0
2016-07-01 00:00:00+09:00,1199.2908091051825,1205.3434663969895,1186.3208291941676,1203.6141357421875,652200,0.0,0.0
2016-07-04 00:00:00+09:00,1202.7492565357222,1225.2305510504086,1196.6966003202297,1223.501220703125,765500,0.0,0.0
2016-07-05 00:00:00+09:00,1222.6367422673575,1250.3060320499285,1217.4487504331253,1247.7120361328125,757900,0.0,0.0
2016-07-06 00:00:00+09:00,1230.4188096318549,1252.9001090348263,1227.8248135468966,1248.5767822265625,1385300,0.0,0.0
2016-07-07 00:00:00+09:00,1243.3884779073423,1256.358455076056,1218.3131887144962,1224.3658447265625,1429600,0.0,0.0
2016-07-08 00:00:00+09:00,1232.1477884641836,1256.3584116761112,1226.9597977759133,1227.824462890625,955300,0.0,0.0
2016-07-11 00:00:00+09:00,1227.824462890625,1227.824462890625,1227.824462890625,1227.824462890625,0,0.0,0.0
2016-07-12 00:00:00+09:00,1299.5919860003744,1302.1859819804151,1254.629389013003,1262.411376953125,1281800,0.0,0.0
2016-07-13 00:00:00+09:00,1277.9750924129614,1296.1330605730914,1262.4111197042785,1288.35107421875,960300,0.0,0.0
2016-07-14 00:00:00+09:00,1300.456253604977,1328.9902006588097,1300.456253604977,1311.6968994140625,762500,0.0,0.0
2016-07-15 00:00:00+09:00,1311.6971847816003,1319.4791720347544,1302.1858670277456,1310.83251953125,930900,0.0,0.0
2016-07-19 00:00:00+09:00,1322.9375798947808,1327.2609053192734,1307.373608366607,1326.396240234375,715100,0.0,0.0
2016-07-20 00:00:00+09:00,1309.9680061116376,1327.2613131230123,1289.216037697988,1325.531982421875,878800,0.0,0.0
2016-07-21 00:00:00+09:00,1348.8776444136372,1363.5769520771191,1335.0430019068306,1349.7423095703125,716800,0.0,0.0
2016-07-22 00:00:00+09:00,1320.3438245104505,1340.2311250760959,1319.479159268466,1331.58447265625,552100,0.0,0.0
2016-07-25 00:00:00+09:00,1330.719744105539,1331.5844093063872,1298.7271316741517,1299.591796875,679400,0.0,0.0
2016-07-26 00:00:00+09:00,1298.7270170783354,1299.5916822028883,1276.245723839962,1284.0277099609375,609200,0.0,0.0
2016-07-27 00:00:00+09:00,1295.268505827124,1322.9377930010012,1295.268505827124,1309.1031494140625,485500,0.0,0.0
2016-07-28 00:00:00+09:00,1283.163362021758,1298.7273381109708,1279.7047006685998,1295.2686767578125,705200,0.0,0.0
2016-07-29 00:00:00+09:00,1288.3514232307775,1301.321404001557,1219.178192453286,1258.088134765625,1548300,0.0,0.0
2016-08-01 00:00:00+09:00,1254.6292373657227,1260.6818939208983,1232.1479415893555,1245.117919921875,722500,0.0,0.0
2016-08-02 00:00:00+09:00,1226.0953799062943,1234.7420327970297,1217.4487270155587,1222.63671875,467700,0.0,0.0
2016-08-03 00:00:00+09:00,1210.5314565132169,1221.772105752268,1197.561476622004,1206.2081298828125,747800,0.0,0.0
2016-08-04 00:00:00+09:00,1219.17790602815,1221.7719015728906,1199.2906068518041,1202.749267578125,797300,0.0,0.0
2016-08-05 00:00:00+09:00,1195.8319118391714,1208.8018891910062,1185.4559299577036,1190.6439208984375,655700,0.0,0.0
2016-08-08 00:00:00+09:00,1207.072548277458,1211.3958740234375,1186.320584696757,1211.3958740234375,577100,0.0,0.0
2016-08-09 00:00:00+09:00,1217.4486778846153,1238.2006439849213,1211.3960211053595,1236.4713134765625,678800,0.0,0.0
2016-08-10 00:00:00+09:00,1216.584015835537,1234.741986221142,1204.4787022451337,1231.2833251953125,561500,0.0,0.0
2016-08-12 00:00:00+09:00,1239.065393794545,1250.306042865954,1227.824744723136,1232.1480712890625,1116900,0.0,0.0
2016-08-15 00:00:00+09:00,1226.0951802397724,1229.5538408328325,1209.6665424227374,1213.9898681640625,747300,0.0,0.0
2016-08-16 00:00:00+09:00,1208.8020180150081,1209.666683263946,1182.862060546875,1182.862060546875,595400,0.0,0.0
2016-08-17 00:00:00+09:00,1182.8621503415804,1184.591480970735,1162.9748481063054,1170.7568359375,549400,0.0,0.0
2016-08-18 00:00:00+09:00,1165.5685246842374,1175.0798405384858,1154.3278786746714,1159.515869140625,655400,0.0,0.0
2016-08-19 00:00:00+09:00,1164.7039409245178,1164.7039409245178,1144.8166427498602,1160.380615234375,682200,0.0,0.0
2016-08-22 00:00:00+09:00,1166.4334239987725,1180.268068019514,1160.3807672396981,1177.674072265625,544700,0.0,0.0
2016-08-23 00:00:00+09:00,1181.997352622341,1194.1026656704116,1178.5386917514634,1186.3206787109375,601600,0.0,0.0
2016-08-24 00:00:00+09:00,1196.6966169438904,1200.1552776865028,1182.8619739734409,1192.373291015625,520100,0.0,0.0
2016-08-25 00:00:00+09:00,1188.0500121891587,1190.6440078489602,1169.027377350613,1181.1326904296875,683800,0.0,0.0
2016-08-26 00:00:00+09:00,1172.4858464125562,1185.4558225896862,1156.0572099215246,1156.921875,750800,0.0,0.0
2016-08-29 00:00:00+09:00,1169.8921192722084,1194.1027470176791,1169.8921192722084,1187.1854248046875,459300,0.0,0.0
2016-08-30 00:00:00+09:00,1182.8619438779037,1188.9146000234778,1167.2979709321419,1172.4859619140625,485200,0.0,0.0
2016-08-31 00:00:00+09:00,1178.5388760811943,1213.9901555524555,1165.5688957868304,1210.531494140625,754400,0.0,0.0
2016-09-01 00:00:00+09:00,1200.155390527134,1211.3960389974889,1190.6440725906798,1207.9373779296875,661600,0.0,0.0
2016-09-02 00:00:00+09:00,1207.0726363244637,1226.9599362066003,1196.696653777262,1199.2906494140625,636500,0.0,0.0
2016-09-05 00:00:00+09:00,1207.9373494999204,1207.9373494999204,1179.4033963621268,1188.050048828125,477900,0.0,0.0
2016-09-06 00:00:00+09:00,1188.0500409186016,1201.8846847720934,1188.0500409186016,1201.02001953125,309800,0.0,0.0
2016-09-07 00:00:00+09:00,1194.102652232761,1213.1252868085182,1192.3733218167831,1209.6666259765625,394900,0.0,0.0
2016-09-08 00:00:00+09:00,1213.99003479834,1213.99003479834,1192.3734031245806,1207.9373779296875,407500,0.0,0.0
2016-09-09 00:00:00+09:00,1201.8846361696508,1219.1779402871998,1200.155305757896,1214.8546142578125,665600,0.0,0.0
2016-09-12 00:00:00+09:00,1180.268068019514,1186.3207247785886,1170.7567502552542,1177.674072265625,595300,0.0,0.0
2016-09-13 00:00:00+09:00,1176.8094949559934,1177.674160271905,1162.1101845854923,1168.162841796875,586000,0.0,0.0
2016-09-14 00:00:00+09:00,1156.9218359887823,1159.5158311367393,1143.0871951996787,1152.5985107421875,570000,0.0,0.0
2016-09-15 00:00:00+09:00,1150.869267507789,1150.869267507789,1137.034625674487,1140.4932861328125,625800,0.0,0.0
2016-09-16 00:00:00+09:00,1140.4934096872626,1150.0047269780584,1132.711422812975,1137.8994140625,497200,0.0,0.0
2016-09-20 00:00:00+09:00,1154.3278786746714,1171.62118022785,1149.1398882087178,1159.515869140625,1042600,0.0,0.0
2016-09-21 00:00:00+09:00,1154.3281073319283,1184.5913910447505,1147.4107853404262,1182.862060546875,512500,0.0,0.0
2016-09-23 00:00:00+09:00,1177.6739409275015,1196.6965743345536,1167.2979590691093,1195.8319091796875,697600,0.0,0.0
2016-09-26 00:00:00+09:00,1184.5912728439455,1193.2379244705435,1173.350625729368,1175.0799560546875,571200,0.0,0.0
2016-09-27 00:00:00+09:00,1167.2980062265683,1182.8619796429225,1152.5986980000116,1181.997314453125,738800,0.0,0.0
2016-09-28 00:00:00+09:00,1179.3746429217304,1191.6142611581308,1175.8776091399016,1180.2489013671875,537900,15.0,0.0
2016-09-29 00:00:00+09:00,1176.751819009458,1195.1112456061878,1170.6320101438812,1187.242919921875,459300,0.0,0.0
2016-09-30 00:00:00+09:00,1171.5060281859899,1185.4941598658224,1161.8891876561047,1175.8773193359375,804400,0.0,0.0
2016-10-03 00:00:00+09:00,1186.3684455148443,1203.8536105187477,1181.1228960136734,1189.865478515625,586200,0.0,0.0
2016-10-04 00:00:00+09:00,1189.8656557720774,1202.979531478603,1182.871588728597,1195.1112060546875,452000,0.0,0.0
2016-10-05 00:00:00+09:00,1188.9913973916423,1202.979531478603,1169.7577130220716,1195.1112060546875,745400,0.0,0.0
2016-10-06 00:00:00+09:00,1189.8655967134835,1220.464638509936,1180.248755006027,1212.5963134765625,1055500,0.0,0.0
2016-10-07 00:00:00+09:00,1204.7280457427537,1208.2250792572465,1188.9913949275362,1206.4765625,558200,0.0,0.0
2016-10-11 00:00:00+09:00,1185.4944154153138,1217.8419768978852,1181.9973817415223,1211.72216796875,791700,0.0,0.0
2016-10-12 00:00:00+09:00,1185.4942904508139,1197.7339070188902,1174.1289322090288,1188.1170654296875,905900,0.0,0.0
2016-10-13 00:00:00+09:00,1192.4881876718634,1195.9852204802853,1170.6317326192266,1172.3802490234375,994200,0.0,0.0
2016-10-14 00:00:00+09:00,1172.380575358073,1186.3687104853877,1166.2607662398727,1180.2489013671875,877200,0.0,0.0
2016-10-17 00:00:00+09:00,1169.75765155206,1182.8715265694598,1159.2665515381402,1177.6259765625,587400,0.0,0.0
2016-10-18 00:00:00+09:00,1167.1349765064087,1188.9914367406113,1162.7636844595684,1187.242919921875,608400,0.0,0.0
2016-10-19 00:00:00+09:00,1175.8774598935133,1190.7398515798998,1174.1289432245267,1177.6259765625,1103600,0.0,0.0
2016-10-20 00:00:00+09:00,1167.1349765064087,1187.242919921875,1161.8894260502002,1187.242919921875,1017700,0.0,0.0
2016-10-21 00:00:00+09:00,1200.356774786426,1204.7280667557866,1189.8656740599604,1196.8597412109375,639200,0.0,0.0
2016-10-24 00:00:00+09:00,1230.0816070254486,1244.9440002873055,1217.841989045096,1236.201416015625,1269600,0.0,0.0
2016-10-25 00:00:00+09:00,1241.44677734375,1244.9438105193663,1233.5784526986135,1241.44677734375,622000,0.0,0.0
2016-10-26 00:00:00+09:00,1254.5607792894511,1268.548913413933,1243.1954203133098,1265.0518798828125,845600,0.0,0.0
2016-10-27 00:00:00+09:00,1264.177575395772,1267.6746087993563,1251.0637001323303,1260.6805419921875,493300,0.0,0.0
2016-10-28 00:00:00+09:00,1276.4173583984375,1283.4114261156892,1267.6747737518729,1276.4173583984375,747700,0.0,0.0
2016-10-31 00:00:00+09:00,1276.4173947527108,1285.1599796482774,1271.171843815371,1279.9144287109375,568600,0.0,0.0
2016-11-01 00:00:00+09:00,1266.8004400208938,1318.381686370951,1266.8004400208938,1315.7589111328125,1081000,0.0,0.0
2016-11-02 00:00:00+09:00,1299.148124700032,1300.896641691553,1272.9203698272183,1280.7886962890625,481100,0.0,0.0
2016-11-04 00:00:00+09:00,1285.1599303535793,1304.3936163860817,1280.788638073465,1286.908447265625,775900,0.0,0.0
2016-11-07 00:00:00+09:00,1286.034029926851,1301.7706801910817,1280.788479838774,1283.4112548828125,685700,0.0,0.0
2016-11-08 00:00:00+09:00,1296.52533607767,1309.6392133812203,1290.4055266693467,1291.27978515625,592900,0.0,0.0
2016-11-09 00:00:00+09:00,1304.3936405920126,1310.5134498977393,1228.3331535065536,1242.3212890625,782400,0.0,0.0
2016-11-10 00:00:00+09:00,1293.0282043743196,1314.0104064737002,1287.7826538494746,1305.267822265625,975900,0.0,0.0
2016-11-11 00:00:00+09:00,1305.2675790322794,1317.507194642763,1287.7824138744459,1293.9022216796875,639800,0.0,0.0
2016-11-14 00:00:00+09:00,1320.1301064074314,1332.36972328803,1313.1360396185178,1329.7469482421875,595100,0.0,0.0
2016-11-15 00:00:00+09:00,1324.5013889513518,1329.7469390066046,1318.381580553557,1328.8726806640625,590300,0.0,0.0
2016-11-16 00:00:00+09:00,1341.9866943359375,1342.8609527687295,1326.250042545679,1341.9866943359375,535900,0.0,0.0
2016-11-17 00:00:00+09:00,1329.7469644546509,1351.603423436483,1324.5014142990112,1342.86083984375,992600,0.0,0.0
2016-11-18 00:00:00+09:00,1346.357732223252,1347.2319904909295,1334.118116475768,1341.1121826171875,596900,0.0,0.0
2016-11-21 00:00:00+09:00,1346.3578893783244,1359.4717649242173,1342.8608558994197,1355.9747314453125,464900,0.0,0.0
2016-11-22 00:00:00+09:00,1349.8549594302654,1364.7173521182929,1345.4836674631983,1359.4718017578125,431000,0.0,0.0
2016-11-24 00:00:00+09:00,1368.2142503955697,1383.950899920886,1351.603342563291,1381.328125,912000,0.0,0.0
2016-11-25 00:00:00+09:00,1382.202381773408,1396.1905146692807,1375.2083153254719,1392.6934814453125,819000,0.0,0.0
2016-11-28 00:00:00+09:00,1392.6935851014987,1397.0648769568077,1376.0826760513237,1390.945068359375,586600,0.0,0.0
2016-11-29 00:00:00+09:00,1376.9570895603724,1383.9511573168695,1369.0887633343132,1370.8372802734375,719500,0.0,0.0
2016-11-30 00:00:00+09:00,1356.8488755491214,1369.0884916945388,1341.1122262192991,1368.2142333984375,1200300,0.0,0.0
2016-12-01 00:00:00+09:00,1363.8430103139149,1375.2083687331976,1350.7291352147427,1351.6033935546875,1133500,0.0,0.0
2016-12-02 00:00:00+09:00,1341.1123754961316,1365.5916105117062,1341.1123754961316,1359.4718017578125,1092000,0.0,0.0
2016-12-05 00:00:00+09:00,1359.4716720036452,1368.214255103347,1341.9865058042415,1347.2320556640625,657300,0.0,0.0
2016-12-06 00:00:00+09:00,1354.2262513973324,1361.2203185446394,1344.609409069785,1359.4718017578125,742900,0.0,0.0
2016-12-07 00:00:00+09:00,1371.7114412712328,1387.4480926051285,1364.7173740117237,1384.8253173828125,789100,0.0,0.0
2016-12-08 00:00:00+09:00,1407.5560607910156,1408.4303192138673,1385.6996002197266,1398.8134765625,529100,0.0,0.0
2016-12-09 00:00:00+09:00,1390.0706694154637,1393.5677025460686,1380.4538283063002,1389.1964111328125,960100,0.0,0.0
2016-12-12 00:00:00+09:00,1381.3281078399561,1387.4479159126647,1364.7172002140326,1368.2142333984375,748700,0.0,0.0
2016-12-13 00:00:00+09:00,1376.0827150598036,1389.1965909974765,1371.7114230805794,1383.0767822265625,875100,0.0,0.0
2016-12-14 00:00:00+09:00,1389.1965540123228,1389.1965540123228,1373.4599033060788,1379.5797119140625,588100,0.0,0.0
2016-12-15 00:00:00+09:00,1384.825186058907,1395.316285953293,1375.2083444890536,1383.950927734375,783400,0.0,0.0
2016-12-16 00:00:00+09:00,1397.9391470601697,1402.3104389521652,1376.082687600192,1380.4539794921875,1199300,0.0,0.0
2016-12-19 00:00:00+09:00,1384.825223003308,1390.9450314382975,1374.3341228290408,1387.447998046875,653600,0.0,0.0
2016-12-20 00:00:00+09:00,1375.2085052451457,1380.4540558055214,1367.3401794045824,1376.082763671875,592200,0.0,0.0
2016-12-21 00:00:00+09:00,1375.2085052451457,1384.8253479391678,1370.8372131114993,1376.082763671875,999100,0.0,0.0
2016-12-22 00:00:00+09:00,1381.328171209582,1389.1964962354593,1369.9628128388701,1385.699462890625,499400,0.0,0.0
2016-12-26 00:00:00+09:00,1387.4482371432723,1388.3224956417873,1374.3343596655477,1375.2086181640625,338100,0.0,0.0
2016-12-27 00:00:00+09:00,1370.837155577957,1394.442132108955,1367.340122017809,1382.2025146484375,399600,0.0,0.0
2016-12-28 00:00:00+09:00,1381.3281896118856,1392.6935481340088,1373.4598644811851,1387.447998046875,313100,0.0,0.0
2016-12-29 00:00:00+09:00,1383.9509521326459,1383.9509521326459,1349.8548768747978,1351.6033935546875,655600,0.0,0.0
2016-12-30 00:00:00+09:00,1347.2321202477742,1360.345995525981,1346.3578618958938,1353.3519287109375,323000,0.0,0.0
2017-01-04 00:00:00+09:00,1361.220340381969,1384.8253173828125,1358.5975651596532,1384.8253173828125,469900,0.0,0.0
2017-01-05 00:00:00+09:00,1390.070812384892,1397.9391377380139,1372.5856449335097,1379.5797119140625,364400,0.0,0.0
2017-01-06 00:00:00+09:00,1379.5797003979953,1394.4420926076061,1377.831183667453,1390.07080078125,427800,0.0,0.0
2017-01-10 00:00:00+09:00,1378.7054535414934,1390.945070757461,1368.2143530706642,1379.5797119140625,555300,0.0,0.0
2017-01-11 00:00:00+09:00,1383.076641613924,1390.9449663765822,1372.5855419303798,1381.328125,279100,0.0,0.0
2017-01-12 00:00:00+09:00,1381.3280878212247,1382.2023461046558,1369.0884718531886,1377.8310546875,400000,0.0,0.0
2017-01-13 00:00:00+09:00,1383.9509646554525,1389.1965147425863,1373.4598644811851,1387.447998046875,352600,0.0,0.0
2017-01-16 00:00:00+09:00,1390.0708984995433,1392.6936737797312,1369.96295468477,1376.082763671875,347400,0.0,0.0
2017-01-17 00:00:00+09:00,1364.717298825582,1366.4658155441284,1340.2380647659302,1342.86083984375,562600,0.0,0.0
2017-01-18 00:00:00+09:00,1337.6152896881104,1343.7350982030234,1322.7528975804648,1342.86083984375,496100,0.0,0.0
2017-01-19 00:00:00+09:00,1352.477670359057,1362.9687705816225,1348.1063785996548,1353.3519287109375,383000,0.0,0.0
2017-01-20 00:00:00+09:00,1348.106469914604,1364.7173797254845,1337.6153689814166,1362.0946044921875,437500,0.0,0.0
2017-01-23 00:00:00+09:00,1344.6095737524463,1348.106607754403,1338.4897642490216,1340.23828125,292700,0.0,0.0
2017-01-24 00:00:00+09:00,1331.4953798988217,1335.866671362705,1325.3755718493853,1333.243896484375,415900,0.0,0.0
2017-01-25 00:00:00+09:00,1346.3577896048216,1346.3577896048216,1327.9983652011194,1334.992431640625,412100,0.0,0.0
2017-01-26 00:00:00+09:00,1350.7292388757894,1357.7233061321042,1338.4896211772386,1349.85498046875,556600,0.0,0.0
2017-01-27 00:00:00+09:00,1357.7232666015625,1363.8430752726576,1345.483649259372,1357.7232666015625,502200,0.0,0.0
2017-01-30 00:00:00+09:00,1348.9806093086318,1353.3519009784588,1343.7350593048393,1350.7291259765625,484400,0.0,0.0
2017-01-31 00:00:00+09:00,1338.4895640507889,1365.5915735123006,1315.758846437908,1355.9747314453125,1437600,0.0,0.0
2017-02-01 00:00:00+09:00,1376.9569364228473,1448.6461229540687,1371.7113861888556,1425.9154052734375,1372200,0.0,0.0
2017-02-02 00:00:00+09:00,1425.0411757602487,1425.0411757602487,1377.8312226982528,1382.2025146484375,821800,0.0,0.0
2017-02-03 00:00:00+09:00,1389.1965937325724,1390.9451105277046,1367.3401337934192,1371.71142578125,719500,0.0,0.0
2017-02-06 00:00:00+09:00,1389.1966030242336,1391.8193782344745,1363.8431093252389,1372.585693359375,602600,0.0,0.0
2017-02-07 00:00:00+09:00,1355.1005735897988,1370.8372254121318,1350.7292814169284,1365.5916748046875,518700,0.0,0.0
2017-02-08 00:00:00+09:00,1366.465548001803,1369.0883225661057,1355.1001915564905,1363.8427734375,471100,0.0,0.0
2017-02-09 00:00:00+09:00,1362.9687426520784,1364.7172593200091,1344.6093176388047,1350.7291259765625,416500,0.0,0.0
2017-02-10 00:00:00+09:00,1367.3401429388932,1375.2084685696157,1362.0945925184114,1372.585693359375,352100,0.0,0.0
2017-02-13 00:00:00+09:00,1378.7054929617789,1381.3282681544774,1369.0886505885517,1371.71142578125,343300,0.0,0.0
2017-02-14 00:00:00+09:00,1390.945126234883,1407.5560359762173,1383.0768005679352,1384.8253173828125,579500,0.0,0.0
2017-02-15 00:00:00+09:00,1391.8193608374145,1407.5560119021593,1387.4480688749854,1405.8074951171875,538400,0.0,0.0
2017-02-16 00:00:00+09:00,1407.5560302734375,1414.55009750461,1400.5619630422652,1407.5560302734375,429500,0.0,0.0
2017-02-17 00:00:00+09:00,1396.1908862927573,1405.8077302183806,1390.945335060599,1404.9334716796875,446700,0.0,0.0
2017-02-20 00:00:00+09:00,1393.5681106766783,1406.6819887570737,1384.825525289748,1404.9334716796875,557300,0.0,0.0
2017-02-21 00:00:00+09:00,1411.053124700441,1425.915518207199,1409.3046078172931,1425.041259765625,506100,0.0,0.0
2017-02-22 00:00:00+09:00,1425.0412871249234,1432.0353547917941,1419.7957363747703,1427.6640625,614700,0.0,0.0
2017-02-23 00:00:00+09:00,1427.6640350903472,1441.6521701555312,1418.047192233033,1425.041259765625,669200,0.0,0.0
2017-02-24 00:00:00+09:00,1425.9154756190414,1448.6461944210616,1420.6699251262673,1444.27490234375,781600,0.0,0.0
2017-02-27 00:00:00+09:00,1431.1609647414264,1431.1609647414264,1410.17876367008,1426.7896728515625,517000,0.0,0.0
2017-02-28 00:00:00+09:00,1423.2925452742738,1446.023261599293,1418.0469953531156,1429.412353515625,553200,0.0,0.0
2017-03-01 00:00:00+09:00,1429.4124363808735,1442.5263119440008,1421.5441110429972,1437.28076171875,664900,0.0,0.0
2017-03-02 00:00:00+09:00,1453.0172305473914,1465.2568462078389,1448.6459392400889,1454.7657470703125,512000,0.0,0.0
2017-03-03 00:00:00+09:00,1463.5084731418726,1467.8797648776608,1441.652014462932,1445.1490478515625,336000,0.0,0.0
2017-03-06 00:00:00+09:00,1440.7779449852003,1446.8977542175403,1437.280911138149,1439.9036865234375,321000,0.0,0.0
2017-03-07 00:00:00+09:00,1431.160998823861,1441.652099609375,1426.7897068298969,1441.652099609375,390500,0.0,0.0
2017-03-08 00:00:00+09:00,1439.0292761002092,1448.6461181640625,1435.5322426224445,1448.6461181640625,396200,0.0,0.0
2017-03-09 00:00:00+09:00,1460.011660371711,1470.502762122885,1453.017592537595,1466.1314697265625,492600,0.0,0.0
2017-03-10 00:00:00+09:00,1488.86201879529,1509.8442198822465,1478.3709182518116,1508.095703125,1094700,0.0,0.0
2017-03-13 00:00:00+09:00,1529.077905965054,1554.4313989741945,1518.5868054095477,1543.0660400390625,1065700,0.0,0.0
2017-03-14 00:00:00+09:00,1540.4432674042166,1543.9403009284033,1529.9521668316568,1531.70068359375,499200,0.0,0.0
2017-03-15 00:00:00+09:00,1536.0718623681948,1542.1916705848012,1525.5807625682983,1532.5748291015625,661800,0.0,0.0
2017-03-16 00:00:00+09:00,1522.9580973076754,1543.9402984186881,1519.4610637891733,1543.0660400390625,683000,0.0,0.0
2017-03-17 00:00:00+09:00,1538.6948516378332,1557.0542788448756,1531.7007841303885,1541.317626953125,713200,0.0,0.0
2017-03-21 00:00:00+09:00,1529.952035639233,1542.1916519243468,1522.9579691905965,1530.8262939453125,567900,0.0,0.0
2017-03-22 00:00:00+09:00,1529.07790845061,1552.68288473887,1523.8323581643301,1531.70068359375,1067600,0.0,0.0
2017-03-23 00:00:00+09:00,1515.9639595801677,1525.5808013076082,1507.2213761915855,1524.70654296875,521900,0.0,0.0
2017-03-24 00:00:00+09:00,1519.461027475733,1540.4432280852943,1516.8382523995379,1539.5689697265625,392700,0.0,0.0
2017-03-27 00:00:00+09:00,1536.94623388003,1545.6888176904965,1521.2095830211902,1531.70068359375,680800,0.0,0.0
2017-03-28 00:00:00+09:00,1543.0661163330078,1554.4314758300782,1529.9522399902344,1538.69482421875,781500,0.0,0.0
2017-03-29 00:00:00+09:00,1578.4888185680422,1580.2574334908074,1542.2322126513534,1551.9595947265625,825300,20.0,0.0
2017-03-30 00:00:00+09:00,1546.6534236137022,1557.2651109112232,1517.471283545519,1518.3555908203125,790300,0.0,0.0
2017-03-31 00:00:00+09:00,1526.3144336226424,1528.9673555814304,1494.4793701171875,1494.4793701171875,770000,0.0,0.0
2017-04-03 00:00:00+09:00,1490.0577969122244,1493.5950261037074,1475.0245728484215,1484.751953125,886800,0.0,0.0
2017-04-04 00:00:00+09:00,1467.9500235597952,1471.4872525322285,1428.1561976199212,1440.5364990234375,1610400,0.0,0.0
2017-04-05 00:00:00+09:00,1437.8836601852927,1440.5365820675534,1421.9661288917287,1427.27197265625,800800,0.0,0.0
2017-04-06 00:00:00+09:00,1435.230511401994,1435.230511401994,1407.8169896192078,1412.238525390625,839000,0.0,0.0
2017-04-07 00:00:00+09:00,1419.3131702063758,1430.8091647314118,1406.0485611390266,1417.5445556640625,633000,0.0,0.0
2017-04-10 00:00:00+09:00,1429.040769666951,1436.115228922728,1413.1232363414529,1425.5035400390625,830500,0.0,0.0
2017-04-11 00:00:00+09:00,1385.7094330081784,1415.77587890625,1368.023288362254,1415.77587890625,1412700,0.0,0.0
2017-04-12 00:00:00+09:00,1406.0486739795015,1415.7760547428816,1391.8997565054938,1403.395751953125,958900,0.0,0.0
2017-04-13 00:00:00+09:00,1393.6683414180575,1406.0486439433446,1386.593882832179,1404.280029296875,749700,0.0,0.0
2017-04-14 00:00:00+09:00,1403.3959277063666,1407.8174649707219,1384.8254711960742,1387.4783935546875,404900,0.0,0.0
2017-04-17 00:00:00+09:00,1380.4037846295018,1395.437009702341,1379.5194772722762,1391.8997802734375,409100,0.0,0.0
2017-04-18 00:00:00+09:00,1410.4703050162925,1418.4290716276696,1398.0900013985945,1407.8173828125,720100,0.0,0.0
2017-04-19 00:00:00+09:00,1401.6271116022479,1420.1975654468201,1398.9741896244518,1411.3544921875,619300,0.0,0.0
2017-04-20 00:00:00+09:00,1425.5034263667076,1445.8424951051904,1425.5034263667076,1439.65234375,1060200,0.0,0.0
2017-04-21 00:00:00+09:00,1448.4955453267912,1459.9915417182738,1442.3053934236852,1450.26416015625,579600,0.0,0.0
2017-04-24 00:00:00+09:00,1473.2560135536812,1479.4461648711335,1460.8757109187763,1475.908935546875,472900,0.0,0.0
2017-04-25 00:00:00+09:00,1478.5617077826314,1482.9832439901152,1470.6029426091602,1480.330322265625,326300,0.0,0.0
2017-04-26 00:00:00+09:00,1488.2891021836351,1503.3223254380155,1483.867565932347,1501.5537109375,330100,0.0,0.0
2017-04-27 00:00:00+09:00,1501.5539569428888,1513.049953079672,1498.9010347574774,1505.0911865234375,572400,0.0,0.0
2017-04-28 00:00:00+09:00,1502.4381745011226,1507.7440185546875,1494.4794084207751,1507.7440185546875,456200,0.0,0.0
2017-05-01 00:00:00+09:00,1512.165589377145,1515.7028188259803,1504.2068231172652,1513.9342041015625,357100,0.0,0.0
2017-05-02 00:00:00+09:00,1525.43017578125,1531.6203272192029,1518.3557169950182,1525.43017578125,522800,0.0,0.0
2017-05-08 00:00:00+09:00,1542.2319764254387,1562.571044921875,1532.5045958401863,1562.571044921875,655300,0.0,0.0
2017-05-09 00:00:00+09:00,1567.876803454988,1580.2571053435215,1567.876803454988,1572.29833984375,606700,0.0,0.0
2017-05-10 00:00:00+09:00,1573.1827349843177,1582.0258082557302,1563.4553543857637,1566.1082763671875,626500,0.0,0.0
2017-05-11 00:00:00+09:00,1567.8767736219434,1574.066924448426,1557.2650864908305,1573.1826171875,597100,0.0,0.0
2017-05-12 00:00:00+09:00,1537.8103903402632,1550.1906925051646,1495.363640060601,1531.6202392578125,1189700,0.0,0.0
2017-05-15 00:00:00+09:00,1531.6201865424543,1544.00048828125,1508.6281975989764,1544.00048828125,1525400,0.0,0.0
2017-05-16 00:00:00+09:00,1551.074974306717,1588.2158801909143,1551.074974306717,1586.447265625,858600,0.0,0.0
2017-05-17 00:00:00+09:00,1579.3726534691689,1588.2157254370813,1575.8354246820038,1583.794189453125,673800,0.0,0.0
2017-05-18 00:00:00+09:00,1551.9594146364593,1572.298483888105,1547.5378778426232,1557.2652587890625,894100,0.0,0.0
2017-05-19 00:00:00+09:00,1551.9592536847617,1560.80232635533,1543.1161810141932,1544.00048828125,640800,0.0,0.0
2017-05-22 00:00:00+09:00,1545.7690897337147,1572.2983075209065,1539.5789389167032,1569.6453857421875,609200,0.0,0.0
2017-05-23 00:00:00+09:00,1577.6043361133582,1586.4474097462805,1569.645569843728,1571.4141845703125,514800,0.0,0.0
2017-05-24 00:00:00+09:00,1586.4473277476425,1589.9845570179828,1570.529796031111,1588.2159423828125,573800,0.0,0.0
2017-05-25 00:00:00+09:00,1585.563086424159,1601.4806188032082,1583.794471715376,1597.05908203125,533400,0.0,0.0
2017-05-26 00:00:00+09:00,1597.058941244407,1599.7118630737166,1566.9924938455642,1568.7611083984375,704300,0.0,0.0
2017-05-29 00:00:00+09:00,1566.9924365783006,1578.4884307518435,1552.8435206724016,1574.06689453125,544100,0.0,0.0
2017-05-30 00:00:00+09:00,1573.1826748146018,1577.6042112811972,1560.802372708135,1567.8768310546875,285700,0.0,0.0
2017-05-31 00:00:00+09:00,1557.2654126225684,1563.4555647454295,1553.7281828380765,1559.9183349609375,532900,0.0,0.0
2017-06-01 00:00:00+09:00,1556.3808134448489,1588.215875538039,1556.3808134448489,1579.372802734375,516800,0.0,0.0
2017-06-02 00:00:00+09:00,1593.521748838539,1639.5057282722814,1588.2159050577225,1625.3568115234375,1120300,0.0,0.0
2017-06-05 00:00:00+09:00,1632.4311224705605,1639.5055802060774,1620.9351286503452,1633.3154296875,457600,0.0,0.0
2017-06-06 00:00:00+09:00,1634.1999490535181,1643.9273297026461,1626.241183067868,1630.6627197265625,613900,0.0,0.0
2017-06-07 00:00:00+09:00,1619.1666536529642,1635.084184928635,1610.3235807220358,1614.7451171875,617700,0.0,0.0
2017-06-08 00:00:00+09:00,1616.513992675509,1618.282607547145,1583.7946175502389,1585.563232421875,815200,0.0,0.0
2017-06-09 00:00:00+09:00,1587.331598362001,1599.7119005219274,1577.6042180934874,1578.488525390625,471200,0.0,0.0
2017-06-12 00:00:00+09:00,1572.2982800430127,1582.025659728318,1566.108129334182,1574.06689453125,321600,0.0,0.0
2017-06-13 00:00:00+09:00,1574.0671086512143,1591.7532559394301,1571.4141865579818,1574.951416015625,511600,0.0,0.0
2017-06-14 00:00:00+09:00,1582.025654743272,1591.753034397926,1564.3395099166285,1566.992431640625,437100,0.0,0.0
2017-06-15 00:00:00+09:00,1589.1002129562762,1595.2903640362395,1566.1082232306985,1578.488525390625,873300,0.0,0.0
2017-06-16 00:00:00+09:00,1578.4885139789526,1594.406045212354,1553.7279098381064,1560.8023681640625,931100,0.0,0.0
2017-06-19 00:00:00+09:00,1553.7278303479934,1579.3727404675676,1547.5376796294756,1577.6041259765625,370900,0.0,0.0
2017-06-20 00:00:00+09:00,1589.9844970703125,1596.1746480600189,1582.9100387963622,1589.9844970703125,511300,0.0,0.0
2017-06-21 00:00:00+09:00,1582.0258749309114,1588.216026481787,1571.4141865579818,1574.951416015625,390700,0.0,0.0
2017-06-22 00:00:00+09:00,1579.372752661187,1597.9432049601148,1578.4884454088572,1595.290283203125,501000,0.0,0.0
2017-06-23 00:00:00+09:00,1594.4061237133315,1597.9433530504657,1581.1415136990774,1587.3316650390625,263400,0.0,0.0
2017-06-26 00:00:00+09:00,1587.3315056770907,1590.868734659101,1577.6041259765625,1577.6041259765625,254700,0.0,0.0
2017-06-27 00:00:00+09:00,1585.5630461399824,1586.4473534719064,1574.0670508249684,1580.2572021484375,304700,0.0,0.0
2017-06-28 00:00:00+09:00,1584.678586409396,1588.215815396917,1574.9512066937134,1581.141357421875,454200,0.0,0.0
2017-06-29 00:00:00+09:00,1591.7531438697251,1604.133446099823,1582.9100708482267,1592.637451171875,475400,0.0,0.0
2017-06-30 00:00:00+09:00,1573.1826400670432,1577.6041764359782,1555.4964945913036,1561.6866455078125,422100,0.0,0.0
2017-07-03 00:00:00+09:00,1571.4140602279638,1579.3728258678352,1564.3396018814112,1567.8768310546875,416200,0.0,0.0
2017-07-04 00:00:00+09:00,1582.9100224554202,1582.9100224554202,1559.0337260273218,1565.223876953125,339700,0.0,0.0
2017-07-05 00:00:00+09:00,1562.5711129138738,1574.951416015625,1544.0006582612473,1574.951416015625,541900,0.0,0.0
2017-07-06 00:00:00+09:00,1574.0671328721544,1580.2572845182808,1558.1496000678292,1563.4554443359375,690500,0.0,0.0
2017-07-07 00:00:00+09:00,1551.9594631579835,1552.8437705443985,1533.3890080432727,1534.2733154296875,740000,0.0,0.0
2017-07-10 00:00:00+09:00,1541.347619530235,1544.884848720207,1522.777166282883,1531.6202392578125,827700,0.0,0.0
2017-07-11 00:00:00+09:00,1533.3888925378774,1550.1907316141287,1531.620277898272,1544.8848876953125,550000,0.0,0.0
2017-07-12 00:00:00+09:00,1540.4633189910048,1547.5377774019853,1536.041782484142,1542.23193359375,414200,0.0,0.0
2017-07-13 00:00:00+09:00,1554.6121754859323,1562.5709408894438,1539.5789519459659,1544.00048828125,639100,0.0,0.0
2017-07-14 00:00:00+09:00,1546.6533527112988,1552.843503351081,1543.1161237742804,1549.3062744140625,384800,0.0,0.0
2017-07-17 00:00:00+09:00,1549.3062744140625,1549.3062744140625,1549.3062744140625,1549.3062744140625,0,0.0,0.0
2017-07-18 00:00:00+09:00,1581.1415615394467,1582.9101762615267,1551.075111264088,1564.3397216796875,868600,0.0,0.0
2017-07-19 00:00:00+09:00,1562.5709408894438,1564.3395554235574,1536.0417228777385,1544.00048828125,695300,0.0,0.0
2017-07-20 00:00:00+09:00,1549.3063665412865,1560.8023612701886,1544.0005228202547,1550.190673828125,576900,0.0,0.0
2017-07-21 00:00:00+09:00,1544.8848554978676,1547.5377774019853,1537.8103970868872,1542.23193359375,403100,0.0,0.0
2017-07-24 00:00:00+09:00,1535.1575071774828,1547.5378096547206,1526.314433979456,1544.8848876953125,372900,0.0,0.0
2017-07-25 00:00:00+09:00,1541.3474992321385,1544.0004209175638,1530.735812490437,1535.1573486328125,359100,0.0,0.0
2017-07-26 00:00:00+09:00,1550.1906115729628,1552.8435333269383,1540.4632318083864,1548.4219970703125,385700,0.0,0.0
2017-07-27 00:00:00+09:00,1544.884985559637,1566.1083625793458,1544.0006781838158,1556.3809814453125,469200,0.0,0.0
2017-07-28 00:00:00+09:00,1574.0670619419643,1577.604291294643,1536.0418464006698,1547.537841796875,746200,0.0,0.0
2017-07-31 00:00:00+09:00,1533.3888921794103,1539.579043416582,1454.685540735369,1494.4793701171875,1486700,0.0,0.0
2017-08-01 00:00:00+09:00,1494.4793701171875,1505.975365271935,1482.98337496244,1494.4793701171875,680300,0.0,0.0
2017-08-02 00:00:00+09:00,1499.7852660548745,1505.0911101564836,1474.1403528970966,1478.5618896484375,589600,0.0,0.0
2017-08-03 00:00:00+09:00,1474.1405029296875,1476.7934252504967,1464.4131210867201,1474.1405029296875,655000,0.0,0.0
2017-08-04 00:00:00+09:00,1463.5286865234375,1472.3717601580204,1461.760071796521,1463.5286865234375,560800,0.0,0.0
2017-08-07 00:00:00+09:00,1483.8676088914024,1486.5205307189794,1471.4873070293766,1475.0245361328125,709800,0.0,0.0
2017-08-08 00:00:00+09:00,1471.4873277559054,1475.9088641974797,1454.6854892779234,1459.9913330078125,413000,0.0,0.0
2017-08-09 00:00:00+09:00,1454.6855403715604,1455.5698476909351,1436.999393984064,1444.0738525390625,582900,0.0,0.0
2017-08-10 00:00:00+09:00,1432.577908825948,1436.1151382304565,1414.8917618034054,1428.1563720703125,759200,0.0,0.0
2017-08-11 00:00:00+09:00,1428.1563720703125,1428.1563720703125,1428.1563720703125,1428.1563720703125,0,0.0,0.0
2017-08-14 00:00:00+09:00,1427.2721209659753,1442.3053465275748,1415.7761249482817,1419.3133544921875,891100,0.0,0.0
2017-08-15 00:00:00+09:00,1433.4621006567638,1443.189480735249,1422.8504132984162,1438.7679443359375,502900,0.0,0.0
2017-08-16 00:00:00+09:00,1432.5778276683943,1448.495359086932,1424.6190619591255,1444.9581298828125,668900,0.0,0.0
2017-08-17 00:00:00+09:00,1451.1483794665728,1459.1071457159323,1445.8425353003329,1456.4542236328125,661700,0.0,0.0
2017-08-18 00:00:00+09:00,1441.420919627635,1447.6110708162198,1424.61908068719,1426.3876953125,692300,0.0,0.0
2017-08-21 00:00:00+09:00,1425.5035382171175,1425.5035382171175,1409.5860049119635,1421.96630859375,564600,0.0,0.0
2017-08-22 00:00:00+09:00,1420.1974891573284,1441.4208638396296,1419.313181878899,1435.230712890625,498400,0.0,0.0
2017-08-23 00:00:00+09:00,1449.3795714545206,1449.3795714545206,1430.8091193492462,1440.5364990234375,359600,0.0,0.0
2017-08-24 00:00:00+09:00,1483.8677182654505,1510.3969384966563,1481.2147962423298,1504.206787109375,1460600,0.0,0.0
2017-08-25 00:00:00+09:00,1509.5125293867604,1510.396836668182,1487.4048473512191,1489.1734619140625,543400,0.0,0.0
2017-08-28 00:00:00+09:00,1504.2067614103619,1518.355678625274,1504.2067614103619,1512.16552734375,683400,0.0,0.0
2017-08-29 00:00:00+09:00,1508.6283001716108,1527.1987540424218,1508.6283001716108,1515.7027587890625,668900,0.0,0.0
2017-08-30 00:00:00+09:00,1518.3556764698812,1525.4301350672947,1500.6695299763473,1508.6282958984375,675200,0.0,0.0
2017-08-31 00:00:00+09:00,1518.355680770607,1524.5458320608775,1503.3224562085218,1515.7027587890625,869500,0.0,0.0
2017-09-01 00:00:00+09:00,1515.7027243919797,1522.777182848885,1498.9008855568295,1509.5125732421875,562700,0.0,0.0
2017-09-04 00:00:00+09:00,1500.6695191732929,1509.5125923564,1481.2147581704571,1490.942138671875,499400,0.0,0.0
2017-09-05 00:00:00+09:00,1490.9421276811506,1490.9421276811506,1469.7187521981448,1473.2559814453125,366600,0.0,0.0
2017-09-06 00:00:00+09:00,1459.9914035877116,1476.7932428779397,1456.454174263453,1475.908935546875,385100,0.0,0.0
2017-09-07 00:00:00+09:00,1480.3306550115758,1489.1737294142733,1472.3718880491479,1474.1405029296875,423500,0.0,0.0
2017-09-08 00:00:00+09:00,1479.4460725121075,1485.6362234431203,1469.7186924776584,1475.0245361328125,602000,0.0,0.0
2017-09-11 00:00:00+09:00,1493.5949983211706,1505.0909929796521,1488.2891546326407,1489.1734619140625,454600,0.0,0.0
2017-09-12 00:00:00+09:00,1509.5126835624164,1511.281298305899,1483.8677697819185,1488.289306640625,451300,0.0,0.0
2017-09-13 00:00:00+09:00,1490.941949011318,1493.5948706287757,1481.2145697473059,1482.098876953125,445400,0.0,0.0
2017-09-14 00:00:00+09:00,1482.0988663638932,1484.7517879623965,1462.6441079748683,1467.949951171875,659700,0.0,0.0
2017-09-15 00:00:00+09:00,1462.6442022100225,1472.37158203125,1462.6442022100225,1472.37158203125,460700,0.0,0.0
2017-09-18 00:00:00+09:00,1472.37158203125,1472.37158203125,1472.37158203125,1472.37158203125,0,0.0,0.0
2017-09-19 00:00:00+09:00,1484.7519830969718,1495.363670885634,1471.4873733611444,1483.86767578125,701600,0.0,0.0
2017-09-20 00:00:00+09:00,1485.6363903484514,1500.6696157269773,1485.6363903484514,1498.9010009765625,464700,0.0,0.0
2017-09-21 00:00:00+09:00,1507.7439949648483,1524.5458342049258,1507.7439949648483,1519.239990234375,665800,0.0,0.0
2017-09-22 00:00:00+09:00,1517.4713734434256,1518.355680770607,1503.3224562085218,1515.7027587890625,536400,0.0,0.0
2017-09-25 00:00:00+09:00,1525.4302750772504,1540.4635009765625,1521.893045453883,1540.4635009765625,594900,0.0,0.0
2017-09-26 00:00:00+09:00,1547.5377496683373,1551.0749788104363,1534.2731403854657,1546.6534423828125,631700,0.0,0.0
2017-09-27 00:00:00+09:00,1549.3370878815513,1554.7043064307945,1530.5518229591999,1540.3917236328125,582000,20.0,0.0
2017-09-28 00:00:00+09:00,1551.1260771561967,1576.173095703125,1543.9697861427887,1576.173095703125,586500,0.0,0.0
2017-09-29 00:00:00+09:00,1584.2239334106446,1589.5911517056552,1566.333205760609,1574.384033203125,538600,0.0,0.0
2017-10-02 00:00:00+09:00,1569.9113162331246,1573.4894616832285,1552.0205889826045,1559.1768798828125,427200,0.0,0.0
2017-10-03 00:00:00+09:00,1567.227842992666,1579.7513531535662,1561.86062435228,1577.9622802734375,589000,0.0,0.0
2017-10-04 00:00:00+09:00,1582.434778849284,1591.380142211914,1573.4894154866538,1588.696533203125,567700,0.0,0.0
2017-10-05 00:00:00+09:00,1592.274860834382,1605.6929074144468,1586.9076422023559,1599.43115234375,379500,0.0,0.0
2017-10-06 00:00:00+09:00,1599.4309894927096,1608.3763529686196,1597.6419167975275,1606.5872802734375,374700,0.0,0.0
2017-10-09 00:00:00+09:00,1606.5872802734375,1606.5872802734375,1606.5872802734375,1606.5872802734375,0,0.0,0.0
2017-10-10 00:00:00+09:00,1596.747591990345,1611.9547119140625,1593.1694461259408,1611.9547119140625,659200,0.0,0.0
2017-10-11 00:00:00+09:00,1608.3764681954883,1633.4234877224483,1603.9037861371028,1628.9508056640625,378500,0.0,0.0
2017-10-12 00:00:00+09:00,1635.2123770373023,1652.2085669518037,1635.2123770373023,1639.68505859375,667000,0.0,0.0
2017-10-13 00:00:00+09:00,1637.0016213475399,1658.4704950701305,1631.6344029168922,1652.208740234375,467700,0.0,0.0
2017-10-16 00:00:00+09:00,1662.9430846022535,1679.0447389986175,1654.8922574040716,1668.310302734375,488900,0.0,0.0
2017-10-17 00:00:00+09:00,1679.9393878726316,1679.9393878726316,1662.0486595672787,1670.0994873046875,432200,0.0,0.0
2017-10-18 00:00:00+09:00,1664.7323205770185,1673.677685007846,1656.6814925892736,1661.1541748046875,459900,0.0,0.0
2017-10-19 00:00:00+09:00,1656.6814977711645,1676.361299580541,1653.1033519876414,1660.2596435546875,574700,0.0,0.0
2017-10-20 00:00:00+09:00,1659.3652501940471,1659.3652501940471,1648.630811917859,1656.681640625,531300,0.0,0.0
2017-10-23 00:00:00+09:00,1680.8340104305628,1680.8340104305628,1665.6268905916488,1676.361328125,454800,0.0,0.0
2017-10-24 00:00:00+09:00,1655.7868977520482,1692.462890625,1655.7868977520482,1692.462890625,465300,0.0,0.0
2017-10-25 00:00:00+09:00,1689.7791752628602,1689.7791752628602,1662.9430846022535,1668.310302734375,599900,0.0,0.0
2017-10-26 00:00:00+09:00,1668.3105744267168,1690.673986952544,1666.5215014246505,1684.4122314453125,462000,0.0,0.0
2017-10-27 00:00:00+09:00,1696.9356505459411,1721.088134765625,1691.568431830456,1721.088134765625,545400,0.0,0.0
2017-10-30 00:00:00+09:00,1708.5644022623699,1710.353474934896,1693.3572845458984,1696.0408935546875,1088600,0.0,0.0
2017-10-31 00:00:00+09:00,1683.5175859467322,1710.3536792402508,1683.5175859467322,1703.1973876953125,541200,0.0,0.0
2017-11-01 00:00:00+09:00,1717.5100045549193,1722.8772233191535,1707.6701034871567,1718.404541015625,392800,0.0,0.0
2017-11-02 00:00:00+09:00,1721.9826040036542,1737.1897231039463,1714.8263126623403,1732.717041015625,416000,0.0,0.0
2017-11-03 00:00:00+09:00,1732.717041015625,1732.717041015625,1732.717041015625,1732.717041015625,0,0.0,0.0
2017-11-06 00:00:00+09:00,1737.1897647238693,1741.6624469193478,1715.7208901855722,1725.560791015625,578000,0.0,0.0
2017-11-07 00:00:00+09:00,1707.6700315174824,1730.927978515625,1704.0918858254604,1730.927978515625,467300,0.0,0.0
2017-11-08 00:00:00+09:00,1724.6662805759486,1726.4553534811105,1712.1427702398162,1721.088134765625,655800,0.0,0.0
2017-11-09 00:00:00+09:00,1730.9280357440148,1755.0805199636986,1703.1974057140073,1721.088134765625,742000,0.0,0.0
2017-11-10 00:00:00+09:00,1708.564630113939,1734.5061873250932,1649.5252240471748,1678.150390625,1619200,0.0,0.0
2017-11-13 00:00:00+09:00,1668.3105505218589,1684.4122073097374,1645.947138316472,1646.8416748046875,896000,0.0,0.0
2017-11-14 00:00:00+09:00,1645.9470552722805,1676.3612943370945,1638.7907637276185,1661.1541748046875,699900,0.0,0.0
2017-11-15 00:00:00+09:00,1645.0525318356176,1648.630677636239,1627.1618028325113,1637.896240234375,592500,0.0,0.0
2017-11-16 00:00:00+09:00,1620.005571535035,1672.7832240588157,1611.9547431839496,1669.205078125,801800,0.0,0.0
2017-11-17 00:00:00+09:00,1669.205090157368,1696.0411848544318,1657.5761157886402,1687.9903564453125,1015800,0.0,0.0
2017-11-20 00:00:00+09:00,1680.833986878019,1704.0919345410464,1670.9940859436613,1701.4083251953125,614800,0.0,0.0
2017-11-21 00:00:00+09:00,1696.935562343255,1701.40824437368,1671.8885429728748,1694.251953125,634200,0.0,0.0
2017-11-22 00:00:00+09:00,1713.037448494951,1722.8773502878723,1692.463108382479,1696.935791015625,537900,0.0,0.0
2017-11-23 00:00:00+09:00,1696.935791015625,1696.935791015625,1696.935791015625,1696.935791015625,0,0.0,0.0
2017-11-24 00:00:00+09:00,1691.5683131167764,1701.4082134046052,1676.3611944901315,1699.619140625,239700,0.0,0.0
2017-11-27 00:00:00+09:00,1702.3026221249418,1707.6698400612265,1677.2556050889468,1679.044677734375,356500,0.0,0.0
2017-11-28 00:00:00+09:00,1679.9393808635043,1705.8809367980314,1670.0994803366148,1692.462890625,522400,0.0,0.0
2017-11-29 00:00:00+09:00,1713.0372551777,1730.033447265625,1700.5137452181764,1730.033447265625,518200,0.0,0.0
2017-11-30 00:00:00+09:00,1723.771469195272,1743.4512680132773,1711.2479608565413,1726.455078125,1094900,0.0,0.0
2017-12-01 00:00:00+09:00,1744.3461426033462,1751.5024344704368,1731.8226318359375,1731.8226318359375,573200,0.0,0.0
2017-12-04 00:00:00+09:00,1731.8224909071635,1738.9787821919037,1711.248153463535,1713.9317626953125,347300,0.0,0.0
2017-12-05 00:00:00+09:00,1706.775420286945,1723.7716115791106,1703.1972747517523,1722.8770751953125,285400,0.0,0.0
2017-12-06 00:00:00+09:00,1708.5644022623699,1719.2988382975261,1692.4627482096355,1696.0408935546875,680900,0.0,0.0
2017-12-07 00:00:00+09:00,1721.982708466851,1779.233042670424,1711.248270803681,1777.4439697265625,1216600,0.0,0.0
2017-12-08 00:00:00+09:00,1789.9675254991319,1811.4364013671875,1788.1784525101273,1811.4364013671875,1067900,0.0,0.0
2017-12-11 00:00:00+09:00,1792.6509148488358,1795.3345240028011,1758.6585322319415,1786.38916015625,842600,0.0,0.0
2017-12-12 00:00:00+09:00,1783.705628488427,1786.3892377589714,1770.2875821357056,1772.97119140625,573000,0.0,0.0
2017-12-13 00:00:00+09:00,1772.9712538665926,1776.549399686707,1759.5532070411643,1762.23681640625,386600,0.0,0.0
2017-12-14 00:00:00+09:00,1755.0804731889205,1775.6548110499527,1755.0804731889205,1771.18212890625,284200,0.0,0.0
2017-12-15 00:00:00+09:00,1751.5023245131658,1761.342225212678,1735.400668823055,1750.6077880859375,664700,0.0,0.0
2017-12-18 00:00:00+09:00,1805.1746180847501,1806.069154565466,1780.1275966247042,1795.334716796875,651000,0.0,0.0
2017-12-19 00:00:00+09:00,1795.3344828845854,1796.2290192487533,1776.5492192370637,1793.54541015625,368700,0.0,0.0
2017-12-20 00:00:00+09:00,1789.072805433417,1793.5454874470006,1769.3930045736495,1780.12744140625,367800,0.0,0.0
2017-12-21 00:00:00+09:00,1768.4985092886761,1775.6548006767944,1759.5531450535286,1772.97119140625,303800,0.0,0.0
2017-12-22 00:00:00+09:00,1773.8657978471504,1781.9166259765625,1770.2876520118562,1781.9166259765625,401500,0.0,0.0
2017-12-25 00:00:00+09:00,1781.0220428726068,1791.7564800973537,1769.393069212464,1789.9674072265625,242600,0.0,0.0
2017-12-26 00:00:00+09:00,1787.2837875754728,1797.1236883078702,1787.2837875754728,1791.7564697265625,262100,0.0,0.0
2017-12-27 00:00:00+09:00,1806.9637880067569,1821.2763724662163,1799.807495777027,1820.3818359375,499700,0.0,0.0
2017-12-28 00:00:00+09:00,1820.3815010812812,1820.3815010812812,1789.0727283354115,1793.54541015625,392300,0.0,0.0
2017-12-29 00:00:00+09:00,1791.7562815348308,1811.4360809326172,1781.0218454996746,1803.38525390625,460800,0.0,0.0
2018-01-01 00:00:00+09:00,1803.38525390625,1803.38525390625,1803.38525390625,1803.38525390625,0,0.0,0.0
2018-01-02 00:00:00+09:00,1803.38525390625,1803.38525390625,1803.38525390625,1803.38525390625,0,0.0,0.0
2018-01-03 00:00:00+09:00,1803.38525390625,1803.38525390625,1803.38525390625,1803.38525390625,0,0.0,0.0
2018-01-04 00:00:00+09:00,1806.9636126630503,1810.5417584307,1793.5455660343641,1808.752685546875,650400,0.0,0.0
2018-01-05 00:00:00+09:00,1815.9088789674945,1832.9050704455153,1806.963515031694,1825.748779296875,508400,0.0,0.0
2018-01-08 00:00:00+09:00,1825.748779296875,1825.748779296875,1825.748779296875,1825.748779296875,0,0.0,0.0
2018-01-09 00:00:00+09:00,1833.7995810709158,1841.8504085000077,1811.4361715456607,1830.221435546875,751500,0.0,0.0
2018-01-10 00:00:00+09:00,1826.643260105592,1826.643260105592,1796.2290236493775,1814.1197509765625,635200,0.0,0.0
2018-01-11 00:00:00+09:00,1796.2291002041418,1800.7017822265625,1781.0219813279116,1800.7017822265625,493500,0.0,0.0
2018-01-12 00:00:00+09:00,1801.596498472231,1804.2801079535698,1787.2839145717564,1790.862060546875,416600,0.0,0.0
2018-01-15 00:00:00+09:00,1805.1744138670897,1809.647095764679,1783.7055407586604,1788.17822265625,342000,0.0,0.0
2018-01-16 00:00:00+09:00,1788.1784145417885,1799.807388723401,1781.0221227377192,1797.123779296875,317000,0.0,0.0
2018-01-17 00:00:00+09:00,1789.9673730173417,1790.8619094356413,1768.4984989781533,1774.76025390625,412600,0.0,0.0
2018-01-18 00:00:00+09:00,1801.5963431693413,1806.0690252526813,1753.2913766692695,1754.1859130859375,695000,0.0,0.0
2018-01-19 00:00:00+09:00,1762.2368497037382,1786.3893344458709,1761.3423132318076,1777.4439697265625,402700,0.0,0.0
2018-01-22 00:00:00+09:00,1780.1276539896198,1785.494873046875,1764.0259968178543,1785.494873046875,323200,0.0,0.0
2018-01-23 00:00:00+09:00,1781.0220428726068,1795.334625838936,1772.9712149540464,1789.9674072265625,496500,0.0,0.0
2018-01-24 00:00:00+09:00,1794.440169870349,1804.2800711009443,1790.8620239683144,1797.123779296875,332600,0.0,0.0
2018-01-25 00:00:00+09:00,1777.4438683398732,1786.3892325489317,1772.9711862353442,1773.86572265625,351200,0.0,0.0
2018-01-26 00:00:00+09:00,1764.9205217192443,1775.6549597631526,1749.713401157041,1766.7095947265625,545600,0.0,0.0
2018-01-29 00:00:00+09:00,1772.9711517923847,1784.600125038248,1757.7640329324097,1758.6585693359375,486300,0.0,0.0
2018-01-30 00:00:00+09:00,1746.1350434668072,1755.9749438142123,1686.2011049871576,1697.830078125,1180900,0.0,0.0
2018-01-31 00:00:00+09:00,1672.7831770833332,1703.1974166666666,1662.0487395833331,1677.255859375,1331700,0.0,0.0
2018-02-01 00:00:00+09:00,1691.5683017623758,1727.3497571143034,1686.2010834595867,1722.8770751953125,753600,0.0,0.0
2018-02-02 00:00:00+09:00,1709.4590961079416,1718.4044602947963,1697.8301226650303,1711.2481689453125,305100,0.0,0.0
2018-02-05 00:00:00+09:00,1678.1505171773758,1693.357638068642,1654.8925675789687,1656.681640625,616500,0.0,0.0
2018-02-06 00:00:00+09:00,1623.5835871939996,1637.0016333691567,1590.4857399619457,1628.9508056640625,1882500,0.0,0.0
2018-02-07 00:00:00+09:00,1683.5176206190988,1698.7247404652862,1634.318115234375,1634.318115234375,886100,0.0,0.0
2018-02-08 00:00:00+09:00,1640.579833984375,1662.0487085839525,1629.8453966845864,1640.579833984375,815800,0.0,0.0
2018-02-09 00:00:00+09:00,1596.747697233163,1617.3220373095567,1593.1695511329208,1614.638427734375,923100,0.0,0.0
2018-02-12 00:00:00+09:00,1614.638427734375,1614.638427734375,1614.638427734375,1614.638427734375,0,0.0,0.0
2018-02-13 00:00:00+09:00,1624.4781379031974,1624.4781379031974,1583.3294626038874,1584.2239990234375,795900,0.0,0.0
2018-02-14 00:00:00+09:00,1584.2239886959999,1598.5365713155009,1575.2786245588118,1586.0130615234375,528000,0.0,0.0
2018-02-15 00:00:00+09:00,1604.7982690922347,1612.8490965291523,1587.8020778365199,1595.8529052734375,469700,0.0,0.0
2018-02-16 00:00:00+09:00,1609.2711511015366,1636.1072458947808,1603.903932142888,1624.478271484375,306000,0.0,0.0
2018-02-19 00:00:00+09:00,1645.9471140984483,1672.7832083500534,1635.2126763978063,1671.888671875,520300,0.0,0.0
2018-02-20 00:00:00+09:00,1662.9431805778954,1676.3612266826121,1651.3142072871408,1672.7830810546875,398500,0.0,0.0
2018-02-21 00:00:00+09:00,1662.0486406905623,1662.9431770956703,1645.0524489935115,1652.208740234375,687000,0.0,0.0
2018-02-22 00:00:00+09:00,1639.6854990266588,1643.2636452329364,1620.900231443702,1627.1619873046875,309600,0.0,0.0
2018-02-23 00:00:00+09:00,1634.3180582505186,1650.419713996829,1629.8453760987657,1644.157958984375,338600,0.0,0.0
2018-02-26 00:00:00+09:00,1661.1543232400784,1670.9942249932506,1644.158129302781,1656.681640625,384600,0.0,0.0
2018-02-27 00:00:00+09:00,1674.5723392088269,1679.9395582447526,1644.1580980052477,1662.048828125,445400,0.0,0.0
2018-02-28 00:00:00+09:00,1637.8962641338871,1646.8416287659675,1607.4820243848144,1612.8492431640625,1106500,0.0,0.0
2018-03-01 00:00:00+09:00,1590.4855392672184,1595.8527570600213,1571.7002769924088,1578.8565673828125,796000,0.0,0.0
2018-03-02 00:00:00+09:00,1547.548095703125,1560.0716063041907,1543.9699498171062,1547.548095703125,767200,0.0,0.0
2018-03-05 00:00:00+09:00,1525.184681942118,1539.4972654676744,1519.8174631200343,1526.9737548828125,751800,0.0,0.0
2018-03-06 00:00:00+09:00,1535.0244552290692,1560.071474312061,1526.0790912708578,1527.8681640625,671000,0.0,0.0
2018-03-07 00:00:00+09:00,1528.7627836186837,1535.0245387300533,1511.7665911735373,1513.5556640625,704400,0.0,0.0
2018-03-08 00:00:00+09:00,1508.1884557599853,1515.3447473650149,1493.875872549926,1511.7666015625,728600,0.0,0.0
2018-03-09 00:00:00+09:00,1526.0791170452878,1545.758918085731,1514.4501437032077,1523.3955078125,852000,0.0,0.0
2018-03-12 00:00:00+09:00,1538.6025993928622,1560.9660092677584,1530.5517718378997,1549.3370361328125,554100,0.0,0.0
2018-03-13 00:00:00+09:00,1531.446374845477,1541.2862756184327,1518.922864770806,1537.7081298828125,464700,0.0,0.0
2018-03-14 00:00:00+09:00,1534.1299480911202,1557.3878948260292,1534.1299480911202,1543.9698486328125,530600,0.0,0.0
2018-03-15 00:00:00+09:00,1543.9698589705536,1553.8097595781296,1525.1845941742722,1542.1807861328125,407100,0.0,0.0
2018-03-16 00:00:00+09:00,1545.7587225174725,1549.336867708485,1530.5516054556686,1535.9188232421875,380500,0.0,0.0
2018-03-19 00:00:00+09:00,1525.1846483219306,1534.1300128282176,1505.5048464080992,1511.7666015625,352300,0.0,0.0
2018-03-20 00:00:00+09:00,1507.2939166110204,1534.1300100818398,1502.821234365884,1533.2354736328125,533800,0.0,0.0
2018-03-21 00:00:00+09:00,1533.2354736328125,1533.2354736328125,1533.2354736328125,1533.2354736328125,0,0.0,0.0
2018-03-22 00:00:00+09:00,1526.0792184124653,1526.9737548828125,1507.2939525351721,1526.9737548828125,377900,0.0,0.0
2018-03-23 00:00:00+09:00,1492.0866596884357,1509.0828506561097,1489.4030505882765,1493.875732421875,661200,0.0,0.0
2018-03-26 00:00:00+09:00,1470.6179019510212,1494.7703857421875,1467.0397562041817,1494.7703857421875,547600,0.0,0.0
2018-03-27 00:00:00+09:00,1514.4501979445522,1536.8136090187481,1507.2939064008094,1535.0245361328125,522900,0.0,0.0
2018-03-28 00:00:00+09:00,1528.6889191756013,1532.309260014383,1506.9668741429107,1531.4041748046875,462000,20.0,0.0
2018-03-29 00:00:00+09:00,1539.550008162055,1551.3161163960979,1514.2076211964245,1532.309326171875,304800,0.0,0.0
2018-03-30 00:00:00+09:00,1554.9364624738973,1564.8924002429385,1537.7398426910079,1544.075439453125,711400,0.0,0.0
2018-04-02 00:00:00+09:00,1544.9804426023945,1548.6007834169286,1528.6889089369913,1529.593994140625,192800,0.0,0.0
2018-04-03 00:00:00+09:00,1507.871964000223,1526.8787534624107,1500.631282300342,1521.4482421875,403600,0.0,0.0
2018-04-04 00:00:00+09:00,1528.6888076800242,1539.5498294042163,1521.4481265305628,1533.2142333984375,320400,0.0,0.0
2018-04-05 00:00:00+09:00,1549.505991558489,1560.3670148638055,1540.4551388040586,1551.316162109375,495200,0.0,0.0
2018-04-06 00:00:00+09:00,1552.2211402154737,1568.512674048639,1539.549947234123,1543.1702880859375,490200,0.0,0.0
2018-04-09 00:00:00+09:00,1549.505991558489,1554.0314179357042,1536.8347977022863,1551.316162109375,354300,0.0,0.0
2018-04-10 00:00:00+09:00,1545.8855140584192,1565.7973883612794,1531.4041509290664,1559.4617919921875,479800,0.0,0.0
2018-04-11 00:00:00+09:00,1561.2721001392486,1562.1771854146916,1539.5500535286155,1551.316162109375,344400,0.0,0.0
2018-04-12 00:00:00+09:00,1552.220989787748,1552.220989787748,1524.1633509052872,1527.78369140625,293400,0.0,0.0
2018-04-13 00:00:00+09:00,1537.739837593163,1556.746627816504,1525.0686441109358,1554.0313720703125,443900,0.0,0.0
2018-04-16 00:00:00+09:00,1561.271937375813,1568.5126188245122,1545.8854892973266,1565.79736328125,343400,0.0,0.0
2018-04-17 00:00:00+09:00,1573.0381877331586,1595.6653193173524,1568.5127614163198,1569.4178466796875,527600,0.0,0.0
2018-04-18 00:00:00+09:00,1572.1329567712023,1600.19059733534,1565.797360514784,1597.475341796875,382300,0.0,0.0
2018-04-19 00:00:00+09:00,1609.2416128813716,1611.0517834245452,1598.3805896223298,1604.7161865234375,338300,0.0,0.0
2018-04-20 00:00:00+09:00,1600.1905413894394,1601.095626537284,1586.6142641717688,1598.38037109375,263400,0.0,0.0
2018-04-23 00:00:00+09:00,1600.190898038903,1602.001068738042,1590.2349591936384,1596.570556640625,242000,0.0,0.0
2018-04-24 00:00:00+09:00,1590.2347919872136,1601.0958150400575,1582.0890246975807,1599.28564453125,487900,0.0,0.0
2018-04-25 00:00:00+09:00,1600.1905844818896,1632.773650681747,1597.475328965235,1627.3431396484375,547800,0.0,0.0
2018-04-26 00:00:00+09:00,1638.2041617150567,1639.1092468872748,1606.5261806874175,1627.3431396484375,467800,0.0,0.0
2018-04-27 00:00:00+09:00,1624.6280412773674,1644.5399169921875,1617.387359199251,1644.5399169921875,486500,0.0,0.0
2018-04-30 00:00:00+09:00,1644.5399169921875,1644.5399169921875,1644.5399169921875,1644.5399169921875,0,0.0,0.0
2018-05-01 00:00:00+09:00,1650.8753516264321,1667.1668847016929,1641.8244999179537,1659.0211181640625,652900,0.0,0.0
2018-05-02 00:00:00+09:00,1652.6856124124724,1655.4008680736101,1627.343226241854,1631.86865234375,443500,0.0,0.0
2018-05-03 00:00:00+09:00,1631.86865234375,1631.86865234375,1631.86865234375,1631.86865234375,0,0.0,0.0
2018-05-04 00:00:00+09:00,1631.86865234375,1631.86865234375,1631.86865234375,1631.86865234375,0,0.0,0.0
2018-05-07 00:00:00+09:00,1638.204355011319,1665.3569133816723,1638.204355011319,1661.736572265625,480500,0.0,0.0
2018-05-08 00:00:00+09:00,1658.1161702473958,1684.3636423746743,1651.780573527018,1672.5975341796875,508200,0.0,0.0
2018-05-09 00:00:00+09:00,1665.3568574448016,1665.3568574448016,1612.861913025346,1619.197509765625,590200,0.0,0.0
2018-05-10 00:00:00+09:00,1617.3874310436238,1617.3874310436238,1589.3297867446017,1613.76708984375,461500,0.0,0.0
2018-05-11 00:00:00+09:00,1597.475429539054,1678.0280149379073,1592.0449181638505,1667.1669921875,872900,0.0,0.0
2018-05-14 00:00:00+09:00,1658.1161000361612,1685.2686562594608,1640.0143958872948,1681.6483154296875,840300,0.0,0.0
2018-05-15 00:00:00+09:00,1682.5533697733867,1690.6991364909557,1664.4516659565672,1676.2177734375,644100,0.0,0.0
2018-05-16 00:00:00+09:00,1654.4958343926676,1655.4009196412412,1629.1534474326047,1640.9195556640625,580000,0.0,0.0
2018-05-17 00:00:00+09:00,1648.1600900503304,1649.9702603853666,1638.204153207632,1647.2550048828125,275200,0.0,0.0
2018-05-18 00:00:00+09:00,1646.3500620524087,1677.1229604085286,1639.109380086263,1672.5975341796875,602000,0.0,0.0
2018-05-21 00:00:00+09:00,1676.2178070933505,1676.2178070933505,1625.533035388584,1628.248291015625,650500,0.0,0.0
2018-05-22 00:00:00+09:00,1630.9637105431505,1632.7738811430875,1604.7162368440654,1613.76708984375,329700,0.0,0.0
2018-05-23 00:00:00+09:00,1601.0958912650071,1611.0518295374295,1598.3806353725283,1602.0009765625,539000,0.0,0.0
2018-05-24 00:00:00+09:00,1597.4755206930226,1601.0958618164063,1567.6077064251078,1574.848388671875,510200,0.0,0.0
2018-05-25 00:00:00+09:00,1559.4617919921875,1566.7024735568639,1546.7905992540038,1559.4617919921875,592600,0.0,0.0
2018-05-28 00:00:00+09:00,1559.4619039195281,1563.9873302222545,1551.3161365746205,1557.6517333984375,352500,0.0,0.0
2018-05-29 00:00:00+09:00,1525.068639119466,1545.8855997721353,1522.3533833821614,1542.2652587890625,586500,0.0,0.0
2018-05-30 00:00:00+09:00,1511.4924876657055,1519.6382555633052,1504.2518050900615,1510.58740234375,527700,0.0,0.0
2018-05-31 00:00:00+09:00,1511.4922226914414,1516.0176485078828,1499.7261155686936,1506.966796875,867800,0.0,0.0
2018-06-01 00:00:00+09:00,1495.2009220088885,1510.5873721748394,1494.295836705009,1505.1568603515625,389800,0.0,0.0
2018-06-04 00:00:00+09:00,1531.404164547892,1552.2211242314625,1518.7329716970228,1529.593994140625,717700,0.0,0.0
2018-06-05 00:00:00+09:00,1543.1703031288002,1544.0753883505768,1521.448257806166,1535.0245361328125,516200,0.0,0.0
2018-06-06 00:00:00+09:00,1541.3599467918305,1556.74639370637,1537.7396063413505,1555.84130859375,539200,0.0,0.0
2018-06-07 00:00:00+09:00,1558.556874687727,1563.0823011531386,1545.8856805845749,1556.7467041015625,501300,0.0,0.0
2018-06-08 00:00:00+09:00,1546.7906645651426,1559.4618578383502,1535.0245565257353,1538.6448974609375,620700,0.0,0.0
2018-06-11 00:00:00+09:00,1526.8787995281286,1546.79067480354,1522.3533733291715,1540.455078125,359500,0.0,0.0
2018-06-12 00:00:00+09:00,1548.6007834169286,1548.6007834169286,1520.54314210429,1529.593994140625,457900,0.0,0.0
2018-06-13 00:00:00+09:00,1516.9227008121495,1535.0244036858028,1516.9227008121495,1533.2142333984375,416000,0.0,0.0
2018-06-14 00:00:00+09:00,1511.492329988286,1523.2584379462785,1506.0618186230586,1515.1126708984375,510000,0.0,0.0
2018-06-15 00:00:00+09:00,1514.2075136483434,1515.1125988328313,1494.2956395896085,1502.44140625,454800,0.0,0.0
2018-06-18 00:00:00+09:00,1493.3905839629645,1495.200754367768,1478.0041355221338,1486.14990234375,399100,0.0,0.0
2018-06-19 00:00:00+09:00,1477.0991110565296,1503.3465830054508,1463.52283246226,1497.010986328125,1111400,0.0,0.0
2018-06-20 00:00:00+09:00,1497.0109708365906,1505.1567379088574,1462.6177320870195,1483.4346923828125,947800,0.0,0.0
2018-06-21 00:00:00+09:00,1481.6242881005312,1482.5293731879476,1452.6615653032088,1453.566650390625,633300,0.0,0.0
2018-06-22 00:00:00+09:00,1443.6108968048661,1472.5736232611393,1431.8447891820051,1464.4278564453125,1571600,0.0,0.0
2018-06-25 00:00:00+09:00,1465.3330483275392,1488.8652652864744,1462.6177925245852,1472.57373046875,509700,0.0,0.0
2018-06-26 00:00:00+09:00,1475.28890095785,1512.397394785624,1469.8583896659807,1511.4923095703125,662000,0.0,0.0
2018-06-27 00:00:00+09:00,1502.4413669194696,1522.3532404569567,1486.1498340251621,1516.9227294921875,527400,0.0,0.0
2018-06-28 00:00:00+09:00,1522.3533580262206,1552.2211706391013,1519.6381023341407,1526.8787841796875,879400,0.0,0.0
2018-06-29 00:00:00+09:00,1525.9736476618405,1526.8787328621142,1506.966858456088,1517.827880859375,477000,0.0,0.0
2018-07-02 00:00:00+09:00,1506.9669969346787,1515.1127644856772,1466.2381591796875,1466.2381591796875,524300,0.0,0.0
2018-07-03 00:00:00+09:00,1471.6685889950415,1475.2889299273788,1440.895691070176,1451.7567138671875,408700,0.0,0.0
2018-07-04 00:00:00+09:00,1452.6616934009949,1472.5735670800118,1452.6616934009949,1465.3328857421875,330700,0.0,0.0
2018-07-05 00:00:00+09:00,1465.333012898763,1468.0482686360676,1447.2313079833984,1455.3770751953125,324400,0.0,0.0
2018-07-06 00:00:00+09:00,1460.8075360581554,1476.1939847031297,1458.0922804149245,1468.0482177734375,359900,0.0,0.0
2018-07-09 00:00:00+09:00,1481.624592655872,1497.0110423047113,1478.0042515620275,1496.10595703125,404800,0.0,0.0
2018-07-10 00:00:00+09:00,1540.4549145478989,1545.885425409995,1512.3972750937362,1533.2142333984375,831900,0.0,0.0
2018-07-11 00:00:00+09:00,1534.1196511339786,1537.7399924935867,1514.2077736561334,1516.0179443359375,500500,0.0,0.0
2018-07-12 00:00:00+09:00,1520.5432946602123,1531.4043181934996,1513.3026123046875,1513.3026123046875,553800,0.0,0.0
2018-07-13 00:00:00+09:00,1532.3092406085718,1552.2211149696993,1519.638047833309,1549.505859375,496400,0.0,0.0
2018-07-16 00:00:00+09:00,1549.505859375,1549.505859375,1549.505859375,1549.505859375,0,0.0,0.0
2018-07-17 00:00:00+09:00,1562.177224699984,1583.8992718568784,1557.6517982089642,1580.2789306640625,697300,0.0,0.0
2018-07-18 00:00:00+09:00,1604.7162324549788,1616.4823413223871,1600.190805967514,1602.0009765625,671500,0.0,0.0
2018-07-19 00:00:00+09:00,1593.8550456478351,1593.8550456478351,1570.3228303231085,1573.0380859375,379900,0.0,0.0
2018-07-20 00:00:00+09:00,1569.4176625108885,1572.1329179823606,1544.9803632676394,1558.556640625,526300,0.0,0.0
2018-07-23 00:00:00+09:00,1544.9803632676394,1564.8922367251016,1541.36002263901,1558.556640625,503600,0.0,0.0
2018-07-24 00:00:00+09:00,1573.9432023682746,1602.9059294963854,1572.1330319227677,1600.190673828125,448900,0.0,0.0
2018-07-25 00:00:00+09:00,1587.519449214255,1587.519449214255,1549.5058706127734,1573.0380859375,854600,0.0,0.0
2018-07-26 00:00:00+09:00,1588.4244570524797,1626.4380338024534,1588.4244570524797,1623.7227783203125,554700,0.0,0.0
2018-07-27 00:00:00+09:00,1626.4380502273787,1649.065179473725,1618.2922836986938,1637.299072265625,582800,0.0,0.0
2018-07-30 00:00:00+09:00,1632.773829320569,1634.583999863053,1623.7229766081489,1626.438232421875,467300,0.0,0.0
2018-07-31 00:00:00+09:00,1654.4958752166563,1658.1162163002814,1607.4314411295304,1648.1602783203125,742400,0.0,0.0
2018-08-01 00:00:00+09:00,1665.356862464061,1670.7873739720958,1645.4449869345992,1652.6856689453125,702000,0.0,0.0
2018-08-02 00:00:00+09:00,1651.7804480887748,1651.7804480887748,1607.4312744140625,1607.4312744140625,499000,0.0,0.0
2018-08-03 00:00:00+09:00,1613.7669674264496,1616.482223120381,1592.044921875,1592.044921875,496900,0.0,0.0
2018-08-06 00:00:00+09:00,1591.1398518415178,1609.241556640625,1582.0889994419642,1583.899169921875,477200,0.0,0.0
2018-08-07 00:00:00+09:00,1583.8990472442474,1639.1092426053326,1582.0888769045398,1637.299072265625,502600,0.0,0.0
2018-08-08 00:00:00+09:00,1629.1534780858287,1640.0145012730677,1616.4822843673835,1624.6280517578125,673600,0.0,0.0
2018-08-09 00:00:00+09:00,1606.5261806874175,1629.153309992874,1598.380414137453,1627.3431396484375,516800,0.0,0.0
2018-08-10 00:00:00+09:00,1620.1025025310119,1621.9126729249012,1601.095713395173,1602.9058837890625,552500,0.0,0.0
2018-08-13 00:00:00+09:00,1585.7092720045193,1590.2346980090986,1535.9295859541492,1539.5499267578125,533500,0.0,0.0
2018-08-14 00:00:00+09:00,1547.6956611728995,1588.42449436166,1542.2651500810646,1587.5194091796875,386000,0.0,0.0
2018-08-15 00:00:00+09:00,1588.4244883984825,1588.4244883984825,1567.6075292912658,1575.7532958984375,407700,0.0,0.0
2018-08-16 00:00:00+09:00,1551.315941093436,1587.5193469532596,1544.0752599214716,1576.6583251953125,420000,0.0,0.0
2018-08-17 00:00:00+09:00,1581.1837327244873,1602.9057759903073,1567.6074556833498,1594.760009765625,579200,0.0,0.0
2018-08-20 00:00:00+09:00,1583.899169921875,1593.8551075613839,1571.2279765625,1583.899169921875,465900,0.0,0.0
2018-08-21 00:00:00+09:00,1557.6517982089642,1587.519613049694,1557.6517982089642,1580.2789306640625,379500,0.0,0.0
2018-08-22 00:00:00+09:00,1584.8041492840387,1606.526193591758,1583.8990641045502,1597.475341796875,395900,0.0,0.0
2018-08-23 00:00:00+09:00,1602.9060506820679,1628.248438835144,1600.190794808524,1621.912841796875,503700,0.0,0.0
2018-08-24 00:00:00+09:00,1629.1534170500138,1640.014439830347,1612.8618828795136,1635.489013671875,453000,0.0,0.0
2018-08-27 00:00:00+09:00,1635.4890991742836,1665.3569133816723,1628.2484169421894,1661.736572265625,429100,0.0,0.0
2018-08-28 00:00:00+09:00,1665.356883305648,1672.5975654069769,1631.8687285870017,1634.583984375,528700,0.0,0.0
2018-08-29 00:00:00+09:00,1621.0077106953997,1636.3941602106547,1613.7670285705738,1624.6280517578125,550300,0.0,0.0
2018-08-30 00:00:00+09:00,1629.153340883107,1640.014363155661,1625.533000125589,1632.773681640625,555700,0.0,0.0
2018-08-31 00:00:00+09:00,1617.3871924861237,1638.2041513149882,1612.8617666537618,1625.532958984375,578800,0.0,0.0
2018-09-03 00:00:00+09:00,1602.9059199327862,1621.9127094972066,1597.4754086286662,1620.1025390625,734500,0.0,0.0
2018-09-04 00:00:00+09:00,1620.1025390625,1636.3940729748601,1611.9567721063197,1620.1025390625,453100,0.0,0.0
2018-09-05 00:00:00+09:00,1619.1975848496222,1647.255228857637,1615.5772436872978,1643.6348876953125,591100,0.0,0.0
2018-09-06 00:00:00+09:00,1638.2041677541326,1642.7295936319065,1622.8177197697016,1639.1092529296875,504700,0.0,0.0
2018-09-07 00:00:00+09:00,1619.1975147785013,1633.6788788011152,1602.9059802530608,1630.963623046875,489000,0.0,0.0
2018-09-10 00:00:00+09:00,1630.9635068278667,1654.4957216877583,1629.153336454029,1642.7296142578125,451300,0.0,0.0
2018-09-11 00:00:00+09:00,1648.1602426886168,1657.2110952020084,1644.53990168326,1652.6856689453125,404100,0.0,0.0
2018-09-12 00:00:00+09:00,1605.6210687971834,1610.1464945829705,1546.7905335819542,1558.556640625,1292800,0.0,0.0
2018-09-13 00:00:00+09:00,1575.7533334637972,1622.8177638716763,1572.132992663191,1614.6719970703125,789800,0.0,0.0
2018-09-14 00:00:00+09:00,1627.3431456474755,1646.3499343341255,1622.8177197697016,1639.1092529296875,749600,0.0,0.0
2018-09-17 00:00:00+09:00,1639.1092529296875,1639.1092529296875,1639.1092529296875,1639.1092529296875,0,0.0,0.0
2018-09-18 00:00:00+09:00,1646.349929249838,1705.1804654792165,1642.7295885587994,1702.4652099609375,711400,0.0,0.0
2018-09-19 00:00:00+09:00,1734.1433052868824,1737.7636462165,1710.6110892443673,1722.377197265625,668300,0.0,0.0
2018-09-20 00:00:00+09:00,1725.0924119290073,1730.5229231942612,1704.2754520788671,1715.136474609375,500600,0.0,0.0
2018-09-21 00:00:00+09:00,1751.3397608007099,1754.055016243812,1735.0482281420987,1736.8583984375,1323100,0.0,0.0
2018-09-24 00:00:00+09:00,1736.8583984375,1736.8583984375,1736.8583984375,1736.8583984375,0,0.0,0.0
2018-09-25 00:00:00+09:00,1753.1500660134427,1783.9229634034566,1745.9093842746158,1782.11279296875,801200,0.0,0.0
2018-09-26 00:00:00+09:00,1771.1402906415906,1804.9720876233866,1760.1678159447918,1797.6571044921875,711500,20.0,0.0
2018-09-27 00:00:00+09:00,1780.2841585394908,1800.4003637207281,1775.7122937255733,1783.941650390625,464600,0.0,0.0
2018-09-28 00:00:00+09:00,1792.1710022745253,1826.0028018072587,1784.8560185917722,1805.8865966796875,760600,0.0,0.0
2018-10-01 00:00:00+09:00,1781.1984581246024,1804.057781252485,1774.7978476487954,1796.7427978515625,450300,0.0,0.0
2018-10-02 00:00:00+09:00,1824.1739677660394,1832.4033240116005,1798.5715261131827,1810.4583740234375,714000,0.0,0.0
2018-10-03 00:00:00+09:00,1815.9445975432839,1829.6601911803177,1795.828393542301,1802.22900390625,603200,0.0,0.0
2018-10-04 00:00:00+09:00,1786.6846540850308,1815.03021410378,1786.6846540850308,1804.0577392578125,622800,0.0,0.0
2018-10-05 00:00:00+09:00,1793.0853542888808,1821.4309157284297,1792.1709813392179,1809.5440673828125,860200,0.0,0.0
2018-10-08 00:00:00+09:00,1809.5440673828125,1809.5440673828125,1809.5440673828125,1809.5440673828125,0,0.0,0.0
2018-10-09 00:00:00+09:00,1780.2841102391342,1793.999704308773,1751.9385491618805,1771.140380859375,871400,0.0,0.0
2018-10-10 00:00:00+09:00,1771.140314596233,1791.2565184791022,1762.9109584623322,1772.0546875,836000,0.0,0.0
2018-10-11 00:00:00+09:00,1689.7610358905076,1715.3634758282426,1679.7029344863975,1702.562255859375,1101600,0.0,0.0
2018-10-12 00:00:00+09:00,1696.161565194238,1708.048411742769,1687.0178370799833,1695.2471923828125,610000,0.0,0.0
2018-10-15 00:00:00+09:00,1664.1588107099053,1675.1312863849157,1653.186335034895,1654.1007080078125,586000,0.0,0.0
2018-10-16 00:00:00+09:00,1634.8987342931262,1661.415548216225,1633.9843613992261,1657.758056640625,779200,0.0,0.0
2018-10-17 00:00:00+09:00,1672.387929119483,1685.1891489159143,1665.0729463786652,1674.2166748046875,481900,0.0,0.0
2018-10-18 00:00:00+09:00,1663.2442760393067,1664.1586489233305,1635.8130895185923,1639.4705810546875,778400,0.0,0.0
2018-10-19 00:00:00+09:00,1613.8683443171428,1633.0701773090182,1612.0395983179164,1624.8408203125,639600,0.0,0.0
2018-10-22 00:00:00+09:00,1613.868206026341,1618.440070632648,1597.4094934436362,1606.55322265625,979900,0.0,0.0
2018-10-23 00:00:00+09:00,1584.6081948184403,1587.3513134476702,1544.3757882564025,1545.2901611328125,938300,0.0,0.0
2018-10-24 00:00:00+09:00,1559.9200707588625,1563.5775621322714,1528.8313940848875,1544.375732421875,725600,0.0,0.0
2018-10-25 00:00:00+09:00,1494.9994863749137,1506.8863324439496,1484.0270130804188,1488.598876953125,845700,0.0,0.0
2018-10-26 00:00:00+09:00,1504.1436296061897,1512.3729868502357,1474.8836927384705,1491.3424072265625,1170000,0.0,0.0
2018-10-29 00:00:00+09:00,1496.8285198447145,1513.2872329523534,1473.0548231336807,1481.2841796875,661100,0.0,0.0
2018-10-30 00:00:00+09:00,1484.9415014663316,1530.6601437528566,1481.2840100834096,1500.48583984375,2633000,0.0,0.0
2018-10-31 00:00:00+09:00,1535.2322998046875,1538.8897918828404,1516.0304663943846,1535.2322998046875,892100,0.0,0.0
2018-11-01 00:00:00+09:00,1545.2902345498023,1555.3483366681737,1528.831521992467,1532.489013671875,737500,0.0,0.0
2018-11-02 00:00:00+09:00,1526.0883580382826,1539.8039514298791,1502.3146628261825,1529.745849609375,1137500,0.0,0.0
2018-11-05 00:00:00+09:00,1527.9171386282264,1548.9477156410626,1522.430901146617,1534.3177490234375,689400,0.0,0.0
2018-11-06 00:00:00+09:00,1540.718490096542,1546.2047280434733,1513.2873003618854,1522.4310302734375,813700,0.0,0.0
2018-11-07 00:00:00+09:00,1537.9754273779824,1546.2047845993866,1516.9448478121717,1523.345458984375,644100,0.0,0.0
2018-11-08 00:00:00+09:00,1559.0057581162046,1569.0638597814705,1542.547046300315,1555.3482666015625,847200,0.0,0.0
2018-11-09 00:00:00+09:00,1524.2597838133327,1561.749076636576,1522.431037821955,1552.6053466796875,651400,0.0,0.0
2018-11-12 00:00:00+09:00,1538.8897171437416,1538.8897171437416,1485.8560845862032,1505.9722900390625,880000,0.0,0.0
2018-11-13 00:00:00+09:00,1462.99671768179,1471.22607421875,1449.2811234535232,1471.22607421875,685100,0.0,0.0
2018-11-14 00:00:00+09:00,1470.311751740361,1504.1435519980682,1464.8255138607328,1494.08544921875,793700,0.0,0.0
2018-11-15 00:00:00+09:00,1481.2840961185818,1500.4859269941933,1477.6266045232273,1495.9140625,659600,0.0,0.0
2018-11-16 00:00:00+09:00,1485.8560369413321,1504.1434958575333,1480.3697992664718,1493.1710205078125,934700,0.0,0.0
2018-11-19 00:00:00+09:00,1490.427916834795,1494.9997816103619,1463.911101136507,1469.3973388671875,837600,0.0,0.0
2018-11-20 00:00:00+09:00,1456.5962793460722,1480.369978820647,1450.1956679490713,1452.0244140625,960700,0.0,0.0
2018-11-21 00:00:00+09:00,1422.7643749627503,1443.7949537700404,1422.7643749627503,1438.3087158203125,524600,0.0,0.0
2018-11-22 00:00:00+09:00,1451.1098350467823,1468.4829206585587,1449.2810891929112,1466.6541748046875,562700,0.0,0.0
2018-11-23 00:00:00+09:00,1466.6541748046875,1466.6541748046875,1466.6541748046875,1466.6541748046875,0,0.0,0.0
2018-11-26 00:00:00+09:00,1472.1403495864113,1494.0852988970162,1462.9966207069924,1477.6265869140625,547900,0.0,0.0
2018-11-27 00:00:00+09:00,1493.170943803484,1502.3146727918704,1482.1984690174206,1495.9140625,482200,0.0,0.0
2018-11-28 00:00:00+09:00,1498.6571670654148,1499.5715399556316,1473.9690990295599,1487.6846923828125,762300,0.0,0.0
2018-11-29 00:00:00+09:00,1516.9447897527066,1522.4310276903293,1505.972313877461,1512.3729248046875,526800,0.0,0.0
2018-11-30 00:00:00+09:00,1504.1433983646223,1535.2320765071129,1500.485906818447,1531.5745849609375,714400,0.0,0.0
2018-12-03 00:00:00+09:00,1544.375920806451,1548.9477855808927,1516.0303592049115,1543.4615478515625,688400,0.0,0.0
2018-12-04 00:00:00+09:00,1538.8895230373091,1539.8038958971056,1468.4828128329877,1474.8834228515625,771900,0.0,0.0
2018-12-05 00:00:00+09:00,1440.137353407598,1456.5960660179708,1429.1648783340165,1446.5379638671875,941100,0.0,0.0
2018-12-06 00:00:00+09:00,1431.907979928577,1438.3085903113997,1417.2780133392685,1428.25048828125,532400,0.0,0.0
2018-12-07 00:00:00+09:00,1418.1925237178802,1421.8500157197318,1398.9906907081604,1404.4769287109375,1008600,0.0,0.0
2018-12-10 00:00:00+09:00,1378.874386468249,1383.4462511448678,1354.186317214507,1368.8162841796875,990400,0.0,0.0
2018-12-11 00:00:00+09:00,1371.5593714913923,1385.2749652063062,1366.0731340054267,1374.302490234375,947400,0.0,0.0
2018-12-12 00:00:00+09:00,1389.8468502994622,1420.9355298456344,1385.2749856603193,1402.6480712890625,693300,0.0,0.0
2018-12-13 00:00:00+09:00,1417.2781662340335,1434.6512534330313,1412.7063011816656,1422.764404296875,651700,0.0,0.0
2018-12-14 00:00:00+09:00,1417.278091550812,1417.278091550812,1388.0181567575048,1393.50439453125,942000,0.0,0.0
2018-12-17 00:00:00+09:00,1390.7611605065458,1406.305499578611,1377.9599400942568,1381.617431640625,548200,0.0,0.0
2018-12-18 00:00:00+09:00,1362.4157185872396,1381.6175508626302,1358.7582267252603,1371.5594482421875,649000,0.0,0.0
2018-12-19 00:00:00+09:00,1375.2167596848326,1393.5042165955351,1374.3023868392975,1392.58984375,838700,0.0,0.0
2018-12-20 00:00:00+09:00,1373.3880855399846,1377.9599500058303,1339.556288492728,1347.78564453125,726900,0.0,0.0
2018-12-21 00:00:00+09:00,1333.1556316577626,1340.470614547517,1303.8957000987443,1313.0394287109375,657000,0.0,0.0
2018-12-24 00:00:00+09:00,1313.0394287109375,1313.0394287109375,1313.0394287109375,1313.0394287109375,0,0.0,0.0
2018-12-25 00:00:00+09:00,1275.5500915482564,1280.1219556756696,1243.5470426563647,1246.2901611328125,387400,0.0,0.0
2018-12-26 00:00:00+09:00,1280.1222329550596,1288.3515901669136,1246.2904310841045,1262.7491455078125,569300,0.0,0.0
2018-12-27 00:00:00+09:00,1302.981386132003,1329.4982003059176,1298.4095216192593,1324.011962890625,608300,0.0,0.0
2018-12-28 00:00:00+09:00,1318.5256451076932,1327.6693735758463,1300.2381881713866,1316.6968994140625,489200,0.0,0.0
2018-12-31 00:00:00+09:00,1316.6968994140625,1316.6968994140625,1316.6968994140625,1316.6968994140625,0,0.0,0.0
2019-01-04 00:00:00+09:00,1279.2078984000466,1292.9234941655939,1266.4066756855357,1287.437255859375,549700,0.0,0.0
2019-01-07 00:00:00+09:00,1314.8682819580413,1348.7000805897849,1311.210790214069,1336.813232421875,759600,0.0,0.0
2019-01-08 00:00:00+09:00,1334.070201069996,1345.042677021223,1321.268979126898,1332.241455078125,548000,0.0,0.0
2019-01-09 00:00:00+09:00,1330.4125107020548,1341.3849850171234,1309.381934931507,1334.984375,802100,0.0,0.0
2019-01-10 00:00:00+09:00,1318.5257358999504,1326.7550920879528,1309.3820068021698,1322.1832275390625,539400,0.0,0.0
2019-01-11 00:00:00+09:00,1324.0120743534483,1330.4126852101292,1309.3821066810344,1325.8408203125,517600,0.0,0.0
2019-01-15 00:00:00+09:00,1303.8958479974424,1340.4707665948463,1300.238356137702,1329.498291015625,641000,0.0,0.0
2019-01-16 00:00:00+09:00,1322.1832491421242,1324.01199499156,1277.3789758309456,1286.522705078125,1039100,0.0,0.0
2019-01-17 00:00:00+09:00,1286.522739745402,1307.5533175806147,1278.2933832011884,1291.0946044921875,691500,0.0,0.0
2019-01-18 00:00:00+09:00,1296.5808510961829,1334.9845152330233,1296.5808510961829,1321.2689208984375,901500,0.0,0.0
2019-01-21 00:00:00+09:00,1331.3270188053098,1353.2719696647378,1331.3270188053098,1343.2138671875,580400,0.0,0.0
2019-01-22 00:00:00+09:00,1345.0426207322341,1353.271977351262,1325.840788621169,1331.3270263671875,498500,0.0,0.0
2019-01-23 00:00:00+09:00,1315.7826347431046,1317.6113805870839,1303.8957867572392,1308.4676513671875,314100,0.0,0.0
2019-01-24 00:00:00+09:00,1319.4402094558188,1327.6695662715517,1309.3821066810344,1325.8408203125,317300,0.0,0.0
2019-01-25 00:00:00+09:00,1325.8409228015678,1352.3577412575992,1325.8409228015678,1339.5565185546875,532300,0.0,0.0
2019-01-28 00:00:00+09:00,1337.727637070876,1337.727637070876,1324.0120427058293,1331.3270263671875,435200,0.0,0.0
2019-01-29 00:00:00+09:00,1327.6694511745286,1350.528773680977,1325.8407053740127,1345.9569091796875,565800,0.0,0.0
2019-01-30 00:00:00+09:00,1361.5013049009779,1361.5013049009779,1339.5563543854485,1346.871337890625,612300,0.0,0.0
2019-01-31 00:00:00+09:00,1348.6999984859497,1366.0730832122094,1290.1801341448645,1297.4951171875,1705500,0.0,0.0
2019-02-01 00:00:00+09:00,1311.210724646304,1315.7825890976508,1292.0088939506468,1305.7244873046875,642600,0.0,0.0
2019-02-04 00:00:00+09:00,1305.7245013211116,1314.8682303219598,1301.1526368206876,1313.953857421875,701100,0.0,0.0
2019-02-05 00:00:00+09:00,1297.4951029026763,1302.981340124252,1283.7795098487368,1289.2657470703125,565400,0.0,0.0
2019-02-06 00:00:00+09:00,1280.12216060633,1288.351517353085,1270.9784308877133,1285.6083984375,601900,0.0,0.0
2019-02-07 00:00:00+09:00,1285.6082868005476,1287.4370325854702,1271.8926934136284,1283.779541015625,325500,0.0,0.0
2019-02-08 00:00:00+09:00,1263.6632596118804,1270.0638694651968,1248.1189213966836,1254.51953125,409100,0.0,0.0
2019-02-12 00:00:00+09:00,1258.1772092816502,1298.4096200435633,1256.348463337927,1285.6083984375,555500,0.0,0.0
2019-02-13 00:00:00+09:00,1281.0364884956343,1296.5808284702423,1272.807132038489,1282.865234375,975300,0.0,0.0
2019-02-14 00:00:00+09:00,1290.1799773954097,1302.9811961647476,1290.1799773954097,1292.923095703125,874300,0.0,0.0
2019-02-15 00:00:00+09:00,1285.608318279741,1290.1801828539935,1261.8346224936292,1278.2933349609375,631200,0.0,0.0
2019-02-18 00:00:00+09:00,1285.6082594439986,1303.8957169040839,1283.77951369799,1299.3238525390625,436800,0.0,0.0
2019-02-19 00:00:00+09:00,1299.3239640579707,1302.9814558639043,1291.0946074946196,1301.1527099609375,303300,0.0,0.0
2019-02-20 00:00:00+09:00,1301.1527129403385,1319.4401720118822,1299.323967033184,1311.2108154296875,498700,0.0,0.0
2019-02-21 00:00:00+09:00,1314.8683178438155,1323.0976744923512,1305.7245882343313,1309.382080078125,503400,0.0,0.0
2019-02-22 00:00:00+09:00,1302.9814138352497,1311.2107701331563,1290.1801929273945,1308.4676513671875,320500,0.0,0.0
2019-02-25 00:00:00+09:00,1320.354571886299,1334.0701664696055,1316.6970799974174,1327.6695556640625,340800,0.0,0.0
2019-02-26 00:00:00+09:00,1337.727605357868,1348.7000805897849,1330.4126218699234,1336.813232421875,481800,0.0,0.0
2019-02-27 00:00:00+09:00,1348.7000242803783,1359.6724990541848,1333.155685017486,1335.8988037109375,524700,0.0,0.0
2019-02-28 00:00:00+09:00,1337.7274790789488,1340.470597627983,1323.0975134841003,1326.7550048828125,396500,0.0,0.0
2019-03-01 00:00:00+09:00,1320.3545824353448,1334.9845501077587,1317.6114634967673,1325.8408203125,352800,0.0,0.0
2019-03-04 00:00:00+09:00,1333.1557164143042,1336.8132080917096,1321.2688684627362,1330.41259765625,389000,0.0,0.0
2019-03-05 00:00:00+09:00,1328.5837505821685,1331.3268691312026,1323.0975134841003,1326.7550048828125,367200,0.0,0.0
2019-03-06 00:00:00+09:00,1327.6695240162037,1337.7276264708719,1322.1832863136574,1333.15576171875,611300,0.0,0.0
2019-03-07 00:00:00+09:00,1324.011962890625,1332.241319013564,1313.9538609625884,1324.011962890625,535800,0.0,0.0
2019-03-08 00:00:00+09:00,1310.2964394757719,1322.1832878450566,1295.6664722520368,1301.1527099609375,572500,0.0,0.0
2019-03-11 00:00:00+09:00,1309.382048499435,1317.6114049495013,1300.2383191104725,1314.8682861328125,281500,0.0,0.0
2019-03-12 00:00:00+09:00,1324.926328937131,1343.2137868934751,1324.926328937131,1335.8988037109375,319400,0.0,0.0
2019-03-13 00:00:00+09:00,1334.9844377212103,1345.9569125517955,1322.1832170855273,1324.011962890625,398800,0.0,0.0
2019-03-14 00:00:00+09:00,1329.498291015625,1340.4707665948463,1320.354561366274,1329.498291015625,340500,0.0,0.0
2019-03-15 00:00:00+09:00,1330.4126250039778,1357.8438131483897,1329.4982520658307,1346.871337890625,581000,0.0,0.0
2019-03-18 00:00:00+09:00,1361.5012311287671,1363.3299769059715,1347.7856377997332,1359.6724853515625,206800,0.0,0.0
2019-03-19 00:00:00+09:00,1356.9293980260381,1356.9293980260381,1335.8988211024541,1354.186279296875,284500,0.0,0.0
2019-03-20 00:00:00+09:00,1356.0152712251802,1365.1590019819243,1353.2721519981567,1364.24462890625,395300,0.0,0.0
2019-03-22 00:00:00+09:00,1367.901879834082,1376.1312360630302,1354.186286119168,1374.302490234375,661800,0.0,0.0
2019-03-25 00:00:00+09:00,1361.5011879280823,1365.1586793664385,1331.3268835616439,1334.984375,316800,0.0,0.0
2019-03-26 00:00:00+09:00,1363.3300424910626,1395.3330951316977,1363.3300424910626,1390.76123046875,454600,0.0,0.0
2019-03-27 00:00:00+09:00,1411.1453302850787,1412.9984429972062,1377.789301466784,1399.10009765625,449600,20.0,0.0
2019-03-28 00:00:00+09:00,1412.9985537566738,1419.484448757524,1386.1284173245795,1404.6595458984375,563100,0.0,0.0
2019-03-29 00:00:00+09:00,1422.2640746990892,1432.456195104099,1413.9250670949903,1424.1171875,661400,0.0,0.0
2019-04-01 00:00:00+09:00,1454.6936717244703,1463.0326800337189,1441.7218810211948,1442.6484375,448300,0.0,0.0
2019-04-02 00:00:00+09:00,1458.3998912322215,1461.1795606564253,1442.648431161734,1445.4281005859375,218400,0.0,0.0
2019-04-03 00:00:00+09:00,1441.7217408006065,1451.9138610761893,1431.529620525024,1450.9873046875,246900,0.0,0.0
2019-04-04 00:00:00+09:00,1460.252954663523,1463.0326239934661,1444.5014951271778,1449.13427734375,222300,0.0,0.0
2019-04-05 00:00:00+09:00,1452.8404782677667,1467.6653811072335,1451.9139218403,1460.2529296875,241700,0.0,0.0
2019-04-08 00:00:00+09:00,1464.8857610571476,1472.2982127260009,1455.6201964710808,1456.5467529296875,283300,0.0,0.0
2019-04-09 00:00:00+09:00,1453.7671152456649,1453.7671152456649,1435.2359856695568,1442.6484375,215500,0.0,0.0
2019-04-10 00:00:00+09:00,1423.1908064516128,1438.0157106854838,1420.411136907762,1436.16259765625,125300,0.0,0.0
2019-04-11 00:00:00+09:00,1428.7501623433498,1451.914075481212,1424.1173797157771,1446.354736328125,210400,0.0,0.0
2019-04-12 00:00:00+09:00,1447.2812928536396,1457.473414634299,1439.8688406495237,1446.354736328125,274400,0.0,0.0
2019-04-15 00:00:00+09:00,1472.2981937608713,1478.784088887571,1457.4732906141287,1464.8857421875,586100,0.0,0.0
2019-04-16 00:00:00+09:00,1466.738861354736,1474.1513129598136,1454.6936274964849,1462.1060791015625,264300,0.0,0.0
2019-04-17 00:00:00+09:00,1461.1795590943927,1469.5185673580895,1453.7671073044403,1463.959228515625,307000,0.0,0.0
2019-04-18 00:00:00+09:00,1468.5919318648773,1468.5919318648773,1438.942126300413,1444.50146484375,386100,0.0,0.0
2019-04-19 00:00:00+09:00,1456.5466921289812,1457.4732485489108,1442.6483458300406,1447.2811279296875,209300,0.0,0.0
2019-04-22 00:00:00+09:00,1452.8405698002864,1459.3264652011806,1439.868778998498,1455.6202392578125,232700,0.0,0.0
2019-04-23 00:00:00+09:00,1458.3999087153386,1465.8123606020747,1450.0609003427605,1455.6202392578125,285700,0.0,0.0
2019-04-24 00:00:00+09:00,1465.8123559350367,1466.7389124179285,1436.162548482495,1439.8687744140625,287900,0.0,0.0
2019-04-25 00:00:00+09:00,1436.1625847902274,1444.5015933470738,1421.337680689167,1441.721923828125,437400,0.0,0.0
2019-04-26 00:00:00+09:00,1416.7049196814116,1420.411145762985,1402.8065718755115,1414.851806640625,423600,0.0,0.0
2019-05-07 00:00:00+09:00,1423.1907916392365,1426.8970176591301,1400.0268790148998,1407.4393310546875,556300,0.0,0.0
2019-05-08 00:00:00+09:00,1391.687769883344,1392.6143263213487,1351.8458430491337,1362.0379638671875,614600,0.0,0.0
2019-05-09 00:00:00+09:00,1343.5068179535485,1343.5068179535485,1321.269463725352,1333.314697265625,755400,0.0,0.0
2019-05-10 00:00:00+09:00,1333.3147213084992,1366.670753252284,1327.755382651202,1340.7271728515625,644400,0.0,0.0
2019-05-13 00:00:00+09:00,1250.8512819556172,1319.416463336888,1224.9076998113526,1248.9981689453125,1770700,0.0,0.0
2019-05-14 00:00:00+09:00,1165.6080053897304,1215.6420533158396,1159.1221102881977,1213.7889404296875,1297800,0.0,0.0
2019-05-15 00:00:00+09:00,1220.2748737158051,1222.1279866599446,1181.3595018888775,1197.1109619140625,560900,0.0,0.0
2019-05-16 00:00:00+09:00,1204.52334583034,1212.8623536091654,1193.404668791906,1209.1561279296875,622700,0.0,0.0
2019-05-17 00:00:00+09:00,1223.0547076122712,1224.907820805623,1200.817349292048,1214.7156982421875,382000,0.0,0.0
2019-05-20 00:00:00+09:00,1213.789125413161,1219.3484649188701,1198.0376634803185,1204.5235595703125,432300,0.0,0.0
2019-05-21 00:00:00+09:00,1180.4328370279695,1195.2577392198434,1167.4610476100797,1191.551513671875,611400,0.0,0.0
2019-05-22 00:00:00+09:00,1198.964150360012,1205.450046072933,1179.5064632212482,1182.2861328125,451000,0.0,0.0
2019-05-23 00:00:00+09:00,1174.8736898630787,1177.6533594763193,1150.783219881659,1160.975341796875,524700,0.0,0.0
2019-05-24 00:00:00+09:00,1140.5909841796874,1161.901782421875,1135.0316455078125,1158.195556640625,456700,0.0,0.0
2019-05-27 00:00:00+09:00,1148.9299439070096,1151.7096131261396,1139.6643798432435,1143.37060546875,398500,0.0,0.0
2019-05-28 00:00:00+09:00,1134.105168879468,1155.4159686214841,1131.3254993479006,1140.591064453125,782200,0.0,0.0
2019-05-29 00:00:00+09:00,1132.251988450814,1160.0486821116358,1126.6926497186496,1152.63623046875,764200,0.0,0.0
2019-05-30 00:00:00+09:00,1141.5175106676706,1157.2689698246108,1137.8112849836848,1153.562744140625,388000,0.0,0.0
2019-05-31 00:00:00+09:00,1147.076874002053,1150.7830997661954,1136.8847531506615,1142.444091796875,401000,0.0,0.0
2019-06-03 00:00:00+09:00,1127.6191887403056,1147.076874002053,1127.6191887403056,1142.444091796875,397400,0.0,0.0
2019-06-04 00:00:00+09:00,1145.2236516076082,1158.195440541675,1140.5908698454416,1155.415771484375,762000,0.0,0.0
2019-06-05 00:00:00+09:00,1188.7719551902148,1194.3312940297637,1170.2408257250515,1178.579833984375,469000,0.0,0.0
2019-06-06 00:00:00+09:00,1185.992372047244,1190.6251547505535,1175.800250099963,1176.726806640625,522000,0.0,0.0
2019-06-07 00:00:00+09:00,1171.167523381829,1173.9471931366909,1161.9019575322893,1170.240966796875,455300,0.0,0.0
2019-06-10 00:00:00+09:00,1185.065716619596,1187.8453860096342,1172.0939261327512,1184.13916015625,377600,0.0,0.0
2019-06-11 00:00:00+09:00,1183.2124331945936,1192.4779964929066,1177.6530952156056,1187.84521484375,463000,0.0,0.0
2019-06-12 00:00:00+09:00,1180.4329706192018,1193.404761505127,1171.1674057006837,1185.9923095703125,418200,0.0,0.0
2019-06-13 00:00:00+09:00,1171.1674936655406,1180.4330592799831,1154.489475559544,1165.608154296875,526900,0.0,0.0
2019-06-14 00:00:00+09:00,1173.0203979492187,1174.8735107421876,1148.0033752441407,1167.4610595703125,582200,0.0,0.0
2019-06-17 00:00:00+09:00,1166.534515429532,1166.534515429532,1156.3423949611245,1161.9017333984375,390100,0.0,0.0
2019-06-18 00:00:00+09:00,1164.6814211925828,1179.5063239285266,1149.8565184566392,1153.562744140625,339400,0.0,0.0
2019-06-19 00:00:00+09:00,1170.240819450827,1183.2126100068933,1168.3877065142462,1181.3594970703125,372300,0.0,0.0
2019-06-20 00:00:00+09:00,1185.0657958984375,1192.4782481010861,1173.9471175944648,1185.0657958984375,375200,0.0,0.0
2019-06-21 00:00:00+09:00,1188.771948816636,1190.6250617532169,1169.3142629825368,1181.3594970703125,508900,0.0,0.0
2019-06-24 00:00:00+09:00,1180.432940602022,1191.5516182215074,1171.1673759191176,1181.3594970703125,584400,0.0,0.0
2019-06-25 00:00:00+09:00,1186.918781068926,1192.478119621942,1166.534539707867,1169.314208984375,324600,0.0,0.0
2019-06-26 00:00:00+09:00,1158.1954532535563,1172.093798692599,1153.562671440542,1168.3875732421875,326600,0.0,0.0
2019-06-27 00:00:00+09:00,1174.8736128115302,1194.331298828125,1171.1673869036074,1194.331298828125,402800,0.0,0.0
2019-06-28 00:00:00+09:00,1203.596777457216,1205.449890278551,1187.8453184758666,1196.184326171875,500100,0.0,0.0
2019-07-01 00:00:00+09:00,1221.2014823481722,1228.6139344413325,1210.0828042084315,1227.6873779296875,359000,0.0,0.0
2019-07-02 00:00:00+09:00,1237.87939453125,1246.2184024285414,1232.3200559330558,1237.87939453125,424500,0.0,0.0
2019-07-03 00:00:00+09:00,1229.5404115429099,1229.5404115429099,1211.935838958648,1226.7607421875,415800,0.0,0.0
2019-07-04 00:00:00+09:00,1236.0262693129425,1244.3652771268978,1236.0262693129425,1243.438720703125,155100,0.0,0.0
2019-07-05 00:00:00+09:00,1231.393548364038,1238.806000122437,1226.7607660150386,1234.1732177734375,415000,0.0,0.0
2019-07-08 00:00:00+09:00,1223.0545782498573,1233.2466997352728,1212.862456764442,1217.4952392578125,406000,0.0,0.0
2019-07-09 00:00:00+09:00,1214.7153988031466,1219.348180644501,1195.2577150694578,1202.670166015625,427300,0.0,0.0
2019-07-10 00:00:00+09:00,1216.5687951660157,1216.5687951660157,1197.1111068960336,1204.5235595703125,491400,0.0,0.0
2019-07-11 00:00:00+09:00,1208.2296742710712,1223.9811347485315,1205.450004775049,1217.4952392578125,283000,0.0,0.0
2019-07-12 00:00:00+09:00,1223.054449476794,1227.6872314823877,1217.495111070081,1220.2747802734375,219100,0.0,0.0
2019-07-16 00:00:00+09:00,1213.7888610699963,1220.2747557474695,1205.4498536275305,1212.8623046875,291300,0.0,0.0
2019-07-17 00:00:00+09:00,1216.5686212176643,1232.3200808983195,1208.2296131514352,1226.7607421875,400000,0.0,0.0
2019-07-18 00:00:00+09:00,1216.5686234803957,1217.4951799339224,1185.0657040604922,1189.698486328125,517800,0.0,0.0
2019-07-19 00:00:00+09:00,1186.9188976662963,1228.613940909843,1184.1392281167266,1224.90771484375,459000,0.0,0.0
2019-07-22 00:00:00+09:00,1222.12800257907,1236.0263498411518,1221.201446094931,1225.834228515625,332700,0.0,0.0
2019-07-23 00:00:00+09:00,1228.6138601964485,1248.0715457651706,1220.2748520955677,1242.51220703125,307800,0.0,0.0
2019-07-24 00:00:00+09:00,1247.1449830191477,1252.704321725028,1242.5122007642474,1245.2918701171875,372800,0.0,0.0
2019-07-25 00:00:00+09:00,1245.291882707399,1249.924665009138,1236.0263181039213,1239.7325439453125,349600,0.0,0.0
2019-07-26 00:00:00+09:00,1242.5122007642474,1245.2918701171875,1231.3935233524867,1245.2918701171875,314900,0.0,0.0
2019-07-29 00:00:00+09:00,1245.291882707399,1245.291882707399,1232.3200922625304,1239.7325439453125,301000,0.0,0.0
2019-07-30 00:00:00+09:00,1255.4839111686365,1338.8739864492102,1245.2917908565664,1262.8963623046875,1506400,0.0,0.0
2019-07-31 00:00:00+09:00,1237.8794052235403,1269.38232421875,1205.4499297872949,1269.38232421875,1056400,0.0,0.0
2019-08-01 00:00:00+09:00,1252.7043280434377,1272.1620136121599,1242.51220703125,1242.51220703125,603600,0.0,0.0
2019-08-02 00:00:00+09:00,1223.9811303014467,1232.320138759216,1189.6985399750627,1201.7437744140625,620500,0.0,0.0
2019-08-05 00:00:00+09:00,1189.698578525093,1201.7438133543967,1164.681552341154,1185.0657958984375,483500,0.0,0.0
2019-08-06 00:00:00+09:00,1139.6644207519148,1180.4329040958858,1134.1050821141007,1179.50634765625,423200,0.0,0.0
2019-08-07 00:00:00+09:00,1166.534423828125,1175.7999871627408,1157.2688604935092,1166.534423828125,351300,0.0,0.0
2019-08-08 00:00:00+09:00,1160.04866953125,1169.314233984375,1149.8565486328125,1158.195556640625,455500,0.0,0.0
2019-08-09 00:00:00+09:00,1160.9753714896538,1171.1674936655406,1155.4160321209881,1165.608154296875,341700,0.0,0.0
2019-08-13 00:00:00+09:00,1149.8565433251597,1152.6362126482666,1136.8847531506615,1142.444091796875,409100,0.0,0.0
2019-08-14 00:00:00+09:00,1156.3424626057615,1162.8283578287105,1143.3706721598635,1149.8565673828125,423400,0.0,0.0
2019-08-15 00:00:00+09:00,1123.912908935547,1134.105029296875,1120.2066833496094,1130.3988037109375,345900,0.0,0.0
2019-08-16 00:00:00+09:00,1131.325431995453,1158.1955692009144,1130.3988755400924,1152.63623046875,415200,0.0,0.0
2019-08-19 00:00:00+09:00,1166.5346232414247,1190.6250920295715,1164.681510257721,1185.9923095703125,285700,0.0,0.0
2019-08-20 00:00:00+09:00,1185.992277992278,1199.890625,1174.8736003861004,1199.890625,444900,0.0,0.0
2019-08-21 00:00:00+09:00,1194.331158701187,1205.4498351204377,1188.7718204915616,1202.670166015625,412500,0.0,0.0
2019-08-22 00:00:00+09:00,1201.7436036469844,1206.376385465207,1188.7718145559606,1205.4498291015625,303500,0.0,0.0
2019-08-23 00:00:00+09:00,1208.229785907452,1212.8625688288762,1201.743889817458,1204.5235595703125,303500,0.0,0.0
2019-08-26 00:00:00+09:00,1165.6079286255172,1182.2859435025118,1160.9751467152407,1175.800048828125,434100,0.0,0.0
2019-08-27 00:00:00+09:00,1191.5516485214234,1193.404761505127,1183.212640094757,1185.9923095703125,259700,0.0,0.0
2019-08-28 00:00:00+09:00,1182.2860726451422,1184.1391856116707,1167.4611689129147,1173.0205078125,385600,0.0,0.0
2019-08-29 00:00:00+09:00,1177.6533011436463,1185.9923095703125,1168.3877362251283,1185.9923095703125,262000,0.0,0.0
2019-08-30 00:00:00+09:00,1205.4498291015625,1207.3029418288515,1184.1390327377378,1205.4498291015625,455700,0.0,0.0
2019-09-02 00:00:00+09:00,1200.8170532790832,1208.2295042252504,1195.2577150694578,1202.670166015625,145600,0.0,0.0
2019-09-03 00:00:00+09:00,1203.5968195558503,1219.348279088144,1196.1843680112415,1213.7889404296875,408600,0.0,0.0
2019-09-04 00:00:00+09:00,1209.156245829896,1211.009358850325,1188.7720026051777,1193.40478515625,267600,0.0,0.0
2019-09-05 00:00:00+09:00,1213.7889151423947,1246.2183899744434,1207.303020175985,1243.438720703125,491000,0.0,0.0
2019-09-06 00:00:00+09:00,1248.997992101015,1260.116668588561,1248.0714357270526,1255.48388671875,318600,0.0,0.0
2019-09-09 00:00:00+09:00,1251.7777410267356,1251.7777410267356,1223.9810480357644,1237.87939453125,448800,0.0,0.0
2019-09-10 00:00:00+09:00,1244.3654392306898,1265.676239753628,1239.732656508312,1261.04345703125,513700,0.0,0.0
2019-09-11 00:00:00+09:00,1276.79478011033,1308.2976992131973,1267.5292156683101,1303.6649169921875,849000,0.0,0.0
2019-09-12 00:00:00+09:00,1312.9304824092017,1315.7101517438716,1283.28067617272,1285.1337890625,643400,0.0,0.0
2019-09-13 00:00:00+09:00,1286.060426946272,1323.1226870888158,1281.427644428454,1320.343017578125,1035500,0.0,0.0
2019-09-17 00:00:00+09:00,1324.0491817461075,1337.020972190086,1312.9305042226972,1329.6085205078125,767900,0.0,0.0
2019-09-18 00:00:00+09:00,1323.122615054537,1325.9022844138951,1288.8400262891182,1298.1055908203125,657200,0.0,0.0
2019-09-19 00:00:00+09:00,1315.7102159742199,1342.5803541877779,1313.8571029939744,1328.6820068359375,1006600,0.0,0.0
2019-09-20 00:00:00+09:00,1337.0209480184062,1349.9927382278709,1311.0773675994765,1322.196044921875,1776400,0.0,0.0
2019-09-24 00:00:00+09:00,1340.7272585119756,1349.0662670307095,1328.6820239849158,1338.8741455078125,633300,0.0,0.0
2019-09-25 00:00:00+09:00,1350.9193353379733,1362.9645694665012,1340.7272141522958,1358.331787109375,667700,0.0,0.0
2019-09-26 00:00:00+09:00,1374.0831482678934,1385.2018251250847,1360.1848021964045,1365.744140625,906700,0.0,0.0
2019-09-27 00:00:00+09:00,1381.7124012401937,1381.7124012401937,1330.0508226758084,1350.7154541015625,874200,20.0,0.0
2019-09-30 00:00:00+09:00,1336.625873958832,1349.7760933793686,1328.1721614742014,1348.8367919921875,801600,0.0,0.0
2019-10-01 00:00:00+09:00,1361.0477192152207,1384.5302540533025,1361.0477192152207,1372.3193359375,678500,0.0,0.0
2019-10-02 00:00:00+09:00,1381.7123195773056,1410.8306621380782,1378.8944154585213,1406.1341552734375,1063700,0.0,0.0
2019-10-03 00:00:00+09:00,1378.8944091796875,1380.7730119169896,1361.0476831753183,1378.8944091796875,786800,0.0,0.0
2019-10-04 00:00:00+09:00,1363.8656669395098,1369.5014754805823,1346.9582413162927,1358.2298583984375,554200,0.0,0.0
2019-10-07 00:00:00+09:00,1352.594064138986,1354.4726670058458,1335.6866383372487,1343.2010498046875,440800,0.0,0.0
2019-10-08 00:00:00+09:00,1349.7760472877737,1368.5620743899,1347.8974445775611,1366.6834716796875,526600,0.0,0.0
2019-10-09 00:00:00+09:00,1355.4117608893407,1372.3191841020976,1348.8366518621576,1371.3798828125,461800,0.0,0.0
2019-10-10 00:00:00+09:00,1377.0158951977821,1385.4696080605245,1359.1691680431043,1381.71240234375,506000,0.0,0.0
2019-10-11 00:00:00+09:00,1383.5909980944157,1393.9233137624663,1381.712395245679,1389.226806640625,438200,0.0,0.0
2019-10-15 00:00:00+09:00,1417.4056396484375,1437.1309666415568,1414.5877357922775,1417.4056396484375,786100,0.0,0.0
2019-10-16 00:00:00+09:00,1452.1599659521066,1454.9778701551186,1421.1630197189763,1426.798828125,683400,0.0,0.0
2019-10-17 00:00:00+09:00,1427.7381032240753,1427.7381032240753,1413.6485824685747,1422.102294921875,409100,0.0,0.0
2019-10-18 00:00:00+09:00,1423.041533618615,1432.4345470418402,1418.3450269070024,1423.9808349609375,405200,0.0,0.0
2019-10-21 00:00:00+09:00,1440.8884096673403,1460.6137399170236,1438.070505345957,1459.6744384765625,522800,0.0,0.0
2019-10-23 00:00:00+09:00,1468.1280384607296,1484.0961617197395,1450.2813124653658,1483.1568603515625,570900,0.0,0.0
2019-10-24 00:00:00+09:00,1484.0962121174084,1484.0962121174084,1452.159964514882,1461.552978515625,423900,0.0,0.0
2019-10-25 00:00:00+09:00,1468.1280517578125,1470.945955887866,1452.1599283541768,1468.1280517578125,550800,0.0,0.0
2019-10-28 00:00:00+09:00,1475.642429629505,1478.4603336962705,1457.7957038733239,1470.9459228515625,475600,0.0,0.0
2019-10-29 00:00:00+09:00,1483.1568404742127,1485.9747445409782,1466.24941607362,1470.9459228515625,429000,0.0,0.0
2019-10-30 00:00:00+09:00,1461.552876595861,1475.642396614459,1450.2812605809831,1473.7637939453125,566100,0.0,0.0
2019-10-31 00:00:00+09:00,1491.6106323010556,1491.6106323010556,1467.1887957520457,1485.0355224609375,607100,0.0,0.0
2019-11-01 00:00:00+09:00,1470.006765795511,1479.3997802734375,1451.2207368396578,1479.3997802734375,372000,0.0,0.0
2019-11-05 00:00:00+09:00,1480.339085375557,1492.550004227005,1470.0067694243317,1475.642578125,698300,0.0,0.0
2019-11-06 00:00:00+09:00,1473.7639752247771,1478.4604824753342,1456.856549122772,1475.642578125,819300,0.0,0.0
2019-11-07 00:00:00+09:00,1469.0673168789808,1477.5210290605096,1463.4315087579616,1474.703125,600400,0.0,0.0
2019-11-08 00:00:00+09:00,1480.338985858386,1497.2464108237737,1400.4983679662776,1484.09619140625,1181000,0.0,0.0
2019-11-11 00:00:00+09:00,1497.2465265307678,1523.5469673983096,1485.0356075565521,1491.6107177734375,772300,0.0,0.0
2019-11-12 00:00:00+09:00,1484.096407914043,1513.2147551579262,1481.2785033420544,1510.3968505859375,646600,0.0,0.0
2019-11-13 00:00:00+09:00,1515.0932468041442,1515.0932468041442,1499.1251220703125,1499.1251220703125,338800,0.0,0.0
2019-11-14 00:00:00+09:00,1499.1249937679484,1501.003596517031,1471.88525390625,1471.88525390625,343500,0.0,0.0
2019-11-15 00:00:00+09:00,1477.5211112150885,1491.6106323010556,1474.703206997895,1485.0355224609375,359400,0.0,0.0
2019-11-18 00:00:00+09:00,1470.9461412643639,1470.9461412643639,1459.6745233236406,1466.2496337890625,337400,0.0,0.0
2019-11-19 00:00:00+09:00,1463.4316039649061,1474.7032209402457,1461.553001135683,1470.0067138671875,371200,0.0,0.0
2019-11-20 00:00:00+09:00,1453.0991970953814,1481.2782377630358,1445.5847862506735,1470.9459228515625,633600,0.0,0.0
2019-11-21 00:00:00+09:00,1467.1888650739975,1485.0355926261138,1446.5242331715467,1475.642578125,442900,0.0,0.0
2019-11-22 00:00:00+09:00,1474.703213933616,1489.732036495997,1472.8246111133185,1477.5211181640625,330600,0.0,0.0
2019-11-25 00:00:00+09:00,1487.8533341399336,1495.367744918418,1481.2782247087596,1485.9747314453125,256000,0.0,0.0
2019-11-26 00:00:00+09:00,1516.9718571814242,1524.4862688578646,1491.6107177734375,1491.6107177734375,651500,0.0,0.0
2019-11-27 00:00:00+09:00,1501.9429967611186,1508.5181068157326,1487.8534752155172,1498.185791015625,421700,0.0,0.0
2019-11-28 00:00:00+09:00,1484.0962694700233,1499.1250924519984,1464.3709393061813,1498.185791015625,422900,0.0,0.0
2019-11-29 00:00:00+09:00,1506.6393610861448,1506.6393610861448,1482.2175260560703,1485.9747314453125,304700,0.0,0.0
2019-12-02 00:00:00+09:00,1497.246337890625,1512.275159350004,1491.6105298433579,1497.246337890625,421900,0.0,0.0
2019-12-03 00:00:00+09:00,1483.156853736536,1495.3677714683758,1474.703141460647,1490.6712646484375,333000,0.0,0.0
2019-12-04 00:00:00+09:00,1489.7319176318786,1511.3358483415464,1486.9140136262697,1508.5179443359375,424600,0.0,0.0
2019-12-05 00:00:00+09:00,1516.0325227183075,1532.9399486222292,1516.0325227183075,1525.425537109375,244200,0.0,0.0
2019-12-06 00:00:00+09:00,1533.8792238288488,1540.4543337901482,1519.7897024832073,1520.72900390625,255300,0.0,0.0
2019-12-09 00:00:00+09:00,1535.7578279435202,1552.6652535722562,1531.0613208244267,1551.7259521484375,528700,0.0,0.0
2019-12-10 00:00:00+09:00,1560.179672129833,1560.179672129833,1539.5150407108947,1544.2115478515625,349700,0.0,0.0
2019-12-11 00:00:00+09:00,1552.665181365461,1555.4830855058703,1527.3040441017783,1530.1219482421875,388600,0.0,0.0
2019-12-12 00:00:00+09:00,1537.6362995694003,1542.332806287694,1516.0323686652487,1528.2432861328125,354500,0.0,0.0
2019-12-13 00:00:00+09:00,1564.8761792705009,1571.4512892674356,1542.3329449952955,1544.2115478515625,604000,0.0,0.0
2019-12-16 00:00:00+09:00,1539.5148092733846,1541.3934118472387,1528.2431938302605,1529.1824951171875,271100,0.0,0.0
2019-12-17 00:00:00+09:00,1535.7576041256766,1540.4541105603116,1523.5466873956252,1529.1824951171875,258800,0.0,0.0
2019-12-18 00:00:00+09:00,1540.4542402102625,1545.1507470401718,1516.032404694734,1521.668212890625,365200,0.0,0.0
2019-12-19 00:00:00+09:00,1510.3967096884796,1519.7897240522138,1493.4892838337578,1498.185791015625,544300,0.0,0.0
2019-12-20 00:00:00+09:00,1497.2463220078705,1516.0323486328125,1491.6105140203879,1516.0323486328125,349800,0.0,0.0
2019-12-23 00:00:00+09:00,1525.4256749698773,1528.243579541866,1505.7003429659565,1510.3968505859375,170900,0.0,0.0
2019-12-24 00:00:00+09:00,1503.8215035247804,1506.6394076538086,1497.246393890381,1502.8822021484375,300400,0.0,0.0
2019-12-25 00:00:00+09:00,1512.2752790964291,1513.214580512017,1498.1857578626116,1501.003662109375,135100,0.0,0.0
2019-12-26 00:00:00+09:00,1500.0642880423193,1516.971712704036,1500.0642880423193,1514.15380859375,185100,0.0,0.0
2019-12-27 00:00:00+09:00,1522.607570146136,1532.0005841507389,1520.7289673452153,1527.3040771484375,168100,0.0,0.0
2019-12-30 00:00:00+09:00,1516.971923828125,1522.6077328330591,1506.639607319079,1516.971923828125,299900,0.0,0.0
2020-01-06 00:00:00+09:00,1490.6712414411538,1492.5498441398825,1465.3101050083176,1482.217529296875,482200,0.0,0.0
2020-01-07 00:00:00+09:00,1490.6714346776673,1507.5788611579433,1482.2177214375295,1503.8216552734375,600600,0.0,0.0
2020-01-08 00:00:00+09:00,1467.1888320709577,1485.0355592216288,1458.7351192101137,1478.46044921875,360400,0.0,0.0
2020-01-09 00:00:00+09:00,1492.5498937098823,1498.1857019932424,1485.9747840459622,1495.3677978515625,271500,0.0,0.0
2020-01-10 00:00:00+09:00,1495.3679162505873,1505.7002322548315,1495.3679162505873,1499.1251220703125,194700,0.0,0.0
2020-01-14 00:00:00+09:00,1496.3071393297112,1496.3071393297112,1474.703206997895,1485.0355224609375,511800,0.0,0.0
2020-01-15 00:00:00+09:00,1485.0354564645115,1504.7607851082525,1481.2782510085608,1490.6712646484375,590500,0.0,0.0
2020-01-16 00:00:00+09:00,1496.3071323632444,1500.0643379686762,1485.9748169483066,1492.5499267578125,454600,0.0,0.0
2020-01-17 00:00:00+09:00,1492.5498376295516,1498.1856457011545,1483.1568241768796,1489.73193359375,401100,0.0,0.0
2020-01-20 00:00:00+09:00,1478.4603016094431,1511.3358483415464,1477.5210002742401,1508.5179443359375,346300,0.0,0.0
2020-01-21 00:00:00+09:00,1500.0642683781855,1513.2144873871364,1489.7319534425812,1501.94287109375,400800,0.0,0.0
2020-01-22 00:00:00+09:00,1505.7002288762296,1534.8185739137612,1501.9430230649352,1533.8792724609375,368500,0.0,0.0
2020-01-23 00:00:00+09:00,1532.9398557692307,1540.454266826923,1522.607540564904,1526.36474609375,341900,0.0,0.0
2020-01-24 00:00:00+09:00,1525.4256373355263,1526.3649388363488,1510.3968133223684,1516.971923828125,212500,0.0,0.0
2020-01-27 00:00:00+09:00,1470.0066112837646,1470.9459126328277,1446.524077557187,1447.46337890625,623800,0.0,0.0
2020-01-28 00:00:00+09:00,1425.8595423698425,1446.5241734186807,1418.3451310793557,1442.7669677734375,709400,0.0,0.0
2020-01-29 00:00:00+09:00,1433.3739501953125,1446.524169921875,1428.6774431501117,1446.524169921875,531100,0.0,0.0
2020-01-30 00:00:00+09:00,1442.7670380078637,1449.3421482071183,1417.4058986678817,1433.3740234375,516300,0.0,0.0
2020-01-31 00:00:00+09:00,1424.9202116627648,1455.917157598738,1423.0416088787663,1441.82763671875,934700,0.0,0.0
2020-02-03 00:00:00+09:00,1413.6485591064609,1499.1249836105724,1411.7699563701067,1483.1568603515625,1216400,0.0,0.0
2020-02-04 00:00:00+09:00,1480.3389560208461,1528.2433257905564,1471.8852437085443,1517.9110107421875,1021600,0.0,0.0
2020-02-05 00:00:00+09:00,1530.1220443049087,1531.0613457440156,1509.45741264456,1525.425537109375,808800,0.0,0.0
2020-02-06 00:00:00+09:00,1548.907942527922,1576.1476819659508,1543.2721343683297,1567.6939697265625,806500,0.0,0.0
2020-02-07 00:00:00+09:00,1562.0581781631386,1565.8153836427853,1543.2721507649048,1548.907958984375,482400,0.0,0.0
2020-02-10 00:00:00+09:00,1568.6333496383704,1589.2979805916902,1555.483129940803,1581.7835693359375,668600,0.0,0.0
2020-02-12 00:00:00+09:00,1603.3873821385184,1618.4162035293891,1593.9943687692241,1612.7803955078125,802700,0.0,0.0
2020-02-13 00:00:00+09:00,1631.566505432129,1642.8381220499675,1615.598381890191,1623.11279296875,662700,0.0,0.0
2020-02-14 00:00:00+09:00,1634.3843039263968,1645.6559198155444,1615.5982774444842,1639.080810546875,960100,0.0,0.0
2020-02-17 00:00:00+09:00,1623.1128487240485,1638.1416713974193,1608.0840260506775,1628.7486572265625,771300,0.0,0.0
2020-02-18 00:00:00+09:00,1614.659030975724,1616.5376336877375,1567.6939631753828,1575.2083740234375,591300,0.0,0.0
2020-02-19 00:00:00+09:00,1586.4800728892828,1595.873086938361,1562.05823636168,1585.540771484375,767800,0.0,0.0
2020-02-20 00:00:00+09:00,1602.448169229197,1625.930703948265,1597.7516622853834,1615.598388671875,773600,0.0,0.0
2020-02-21 00:00:00+09:00,1616.5377025483738,1642.8381416369004,1609.962592776242,1635.32373046875,559800,0.0,0.0
2020-02-25 00:00:00+09:00,1571.4512401625689,1618.4163101016775,1554.54381498449,1596.8123779296875,720000,0.0,0.0
2020-02-26 00:00:00+09:00,1580.8441563534277,1608.083895232958,1568.6332389246727,1605.2659912109375,744000,0.0,0.0
2020-02-27 00:00:00+09:00,1596.812372304664,1597.7516737001374,1559.2403164857308,1569.5726318359375,1052300,0.0,0.0
2020-02-28 00:00:00+09:00,1532.0007856378509,1541.3938008778132,1501.9431368699713,1510.3968505859375,1244600,0.0,0.0
2020-03-02 00:00:00+09:00,1484.0961871891386,1554.5437910114078,1475.6424747304663,1522.6075439453125,1131900,0.0,0.0
2020-03-03 00:00:00+09:00,1548.90791165724,1553.604418363296,1497.246337890625,1497.246337890625,815900,0.0,0.0
2020-03-04 00:00:00+09:00,1486.914026339549,1505.7000532042305,1476.581711563974,1493.4891357421875,662400,0.0,0.0
2020-03-05 00:00:00+09:00,1507.5787597346623,1527.304089301284,1471.8853062331561,1481.2783203125,916600,0.0,0.0
2020-03-06 00:00:00+09:00,1446.5241681398265,1446.5241681398265,1405.1949061929745,1415.5272216796875,849200,0.0,0.0
2020-03-09 00:00:00+09:00,1377.015856806877,1383.5909666279194,1332.8686908655925,1357.29052734375,918700,0.0,0.0
2020-03-10 00:00:00+09:00,1311.2647755619519,1346.0189279228343,1268.996211879797,1338.5045166015625,1019300,0.0,0.0
2020-03-11 00:00:00+09:00,1325.3543059860451,1339.443827311198,1293.4180576490319,1296.2359619140625,1266500,0.0,0.0
2020-03-12 00:00:00+09:00,1260.5425656211412,1268.9962788033993,1221.0919041039372,1236.1207275390625,1003800,0.0,0.0
2020-03-13 00:00:00+09:00,1146.88716351053,1218.2740795029954,1093.3469765161808,1188.2164306640625,1547900,0.0,0.0
2020-03-16 00:00:00+09:00,1189.1553327110303,1201.3662484497693,1102.739621329186,1106.496826171875,1152500,0.0,0.0
2020-03-17 00:00:00+09:00,1070.8034914753498,1094.2860241831424,1028.534932601323,1040.745849609375,1861400,0.0,0.0
2020-03-18 00:00:00+09:00,1029.4743209998367,1119.6472542260997,1028.535019612063,1078.3179931640625,1512800,0.0,0.0
2020-03-19 00:00:00+09:00,1106.496966473468,1163.7943475896661,1085.8323372184457,1157.21923828125,1298900,0.0,0.0
2020-03-23 00:00:00+09:00,1142.1904460179767,1153.462062261575,1086.7716661536176,1123.4044189453125,1357700,0.0,0.0
2020-03-24 00:00:00+09:00,1151.5836400082237,1166.6124640213816,1115.8901829769736,1160.037353515625,846700,0.0,0.0
2020-03-25 00:00:00+09:00,1223.9096462852076,1298.114452161287,1213.5773315429688,1284.9642333984375,1084900,0.0,0.0
2020-03-26 00:00:00+09:00,1287.782186814569,1324.4149404876312,1278.3891730522455,1298.114501953125,1009600,0.0,0.0
2020-03-27 00:00:00+09:00,1354.4725993998748,1398.6197645675545,1323.4756536438445,1383.5909423828125,1224600,0.0,0.0
2020-03-30 00:00:00+09:00,1362.6420401521596,1380.7344222366396,1281.7024360900116,1373.1165771484375,851400,20.0,0.0
2020-03-31 00:00:00+09:00,1369.307576291742,1385.495496178362,1312.1737413977887,1318.83935546875,539400,0.0,0.0
2020-04-01 00:00:00+09:00,1308.3648741006127,1322.6483334248553,1237.8998081010163,1253.135498046875,983300,0.0,0.0
2020-04-02 00:00:00+09:00,1207.4284197290115,1235.0431075619306,1201.715036039442,1215.0462646484375,803800,0.0,0.0
2020-04-03 00:00:00+09:00,1306.460415377475,1322.6483359761758,1143.6289787670173,1154.103515625,1064200,0.0,0.0
2020-04-06 00:00:00+09:00,1152.1989550702303,1206.4760959289106,1141.7244191150464,1177.9091796875,1470000,0.0,0.0
2020-04-07 00:00:00+09:00,1212.1895352729462,1230.281916396423,1176.9570036114387,1211.2373046875,811800,0.0,0.0
2020-04-08 00:00:00+09:00,1230.282023810913,1290.2725559317237,1212.1896411078112,1275.036865234375,971800,0.0,0.0
2020-04-09 00:00:00+09:00,1279.7978581460675,1284.5590108921465,1244.5653278250818,1271.227783203125,571800,0.0,0.0
2020-04-10 00:00:00+09:00,1297.8903033743902,1297.8903033743902,1237.8997757789489,1293.129150390625,303800,0.0,0.0
2020-04-13 00:00:00+09:00,1285.5112982340186,1285.5112982340186,1252.1832275390625,1252.1832275390625,380300,0.0,0.0
2020-04-14 00:00:00+09:00,1232.1862813770817,1233.1385118881924,1198.8582134882117,1229.32958984375,566400,0.0,0.0
2020-04-15 00:00:00+09:00,1230.2819448909404,1237.8997897509462,1215.9984857784295,1226.4730224609375,551800,0.0,0.0
2020-04-16 00:00:00+09:00,1199.8105724534548,1223.6163377799123,1192.1927275489884,1217.9029541015625,458300,0.0,0.0
2020-04-17 00:00:00+09:00,1240.7564365891458,1261.7055091946418,1215.9984416917416,1231.234130859375,426100,0.0,0.0
2020-04-20 00:00:00+09:00,1194.0969639022037,1203.619268239542,1183.6224291311319,1195.0491943359375,938800,0.0,0.0
2020-04-21 00:00:00+09:00,1162.6734910254143,1183.622562935782,1152.1989550702303,1177.9091796875,839200,0.0,0.0
2020-04-22 00:00:00+09:00,1163.6256523757684,1182.670262070953,1156.9600389824539,1161.72119140625,860000,0.0,0.0
2020-04-23 00:00:00+09:00,1162.6733966612267,1198.858154296875,1162.6733966612267,1198.858154296875,685100,0.0,0.0
2020-04-24 00:00:00+09:00,1184.574809220717,1214.0939563958314,1173.1480425722857,1210.2850341796875,724900,0.0,0.0
2020-04-27 00:00:00+09:00,1237.8997046881047,1241.7086268563758,1210.2850189681392,1230.2818603515625,532200,0.0,0.0
2020-04-28 00:00:00+09:00,1245.5176459316037,1269.3234113354954,1235.9953397700472,1261.70556640625,453700,0.0,0.0
2020-04-30 00:00:00+09:00,1297.8902701086388,1297.8902701086388,1276.94119751701,1283.6068115234375,416800,0.0,0.0
2020-05-01 00:00:00+09:00,1255.03995543953,1256.9444166769194,1199.8105795552412,1209.3328857421875,494500,0.0,0.0
2020-05-07 00:00:00+09:00,1228.3773916376153,1235.995235926841,1178.8614037576494,1186.479248046875,759000,0.0,0.0
2020-05-08 00:00:00+09:00,1212.1894843544967,1224.5684814453125,1192.192642900102,1224.5684814453125,618200,0.0,0.0
2020-05-11 00:00:00+09:00,1236.9474424763055,1274.0844326661252,1235.04298144093,1273.1322021484375,467700,0.0,0.0
2020-05-12 00:00:00+09:00,1255.0399431161843,1255.0399431161843,1214.0940269143664,1223.6163330078125,617100,0.0,0.0
2020-05-13 00:00:00+09:00,1199.8105795552412,1216.9507306917446,1190.2882733682948,1209.3328857421875,425900,0.0,0.0
2020-05-14 00:00:00+09:00,1180.7659298741248,1189.3360051715983,1154.103473393096,1156.0079345703125,531300,0.0,0.0
2020-05-15 00:00:00+09:00,1166.482480472812,1174.100325243247,1125.5365648317256,1144.5811767578125,589700,0.0,0.0
2020-05-18 00:00:00+09:00,1158.8645710010003,1176.9569513206543,1143.6288823107652,1175.052490234375,528500,0.0,0.0
2020-05-19 00:00:00+09:00,1212.1894031397205,1232.1862432543585,1203.6193288048755,1225.5206298828125,674000,0.0,0.0
2020-05-20 00:00:00+09:00,1236.9475030461583,1256.944344896789,1235.9952724818424,1245.517578125,750000,0.0,0.0
2020-05-21 00:00:00+09:00,1245.5175490246468,1245.5175490246468,1222.6640160150203,1230.2818603515625,341800,0.0,0.0
2020-05-22 00:00:00+09:00,1228.3774147063705,1231.2341063684783,1201.714959193364,1210.2850341796875,258300,0.0,0.0
2020-05-25 00:00:00+09:00,1235.0429287192262,1240.7563115814585,1215.046088701413,1234.0906982421875,247500,0.0,0.0
2020-05-26 00:00:00+09:00,1243.6131522175024,1255.9921499042005,1238.8519992610802,1252.1832275390625,498500,0.0,0.0
2020-05-27 00:00:00+09:00,1253.1353179431353,1282.6544629706711,1247.42193503458,1277.893310546875,614300,0.0,0.0
2020-05-28 00:00:00+09:00,1286.463533893392,1308.3648375792156,1275.9889973479978,1295.98583984375,803200,0.0,0.0
2020-05-29 00:00:00+09:00,1302.6513650506017,1320.743745120749,1292.1768292205165,1305.508056640625,757100,0.0,0.0
2020-06-01 00:00:00+09:00,1248.3742904484411,1248.3742904484411,1207.4283755061963,1219.807373046875,1210100,0.0,0.0
2020-06-02 00:00:00+09:00,1230.281963128087,1255.9921899117235,1227.4252712632385,1253.135498046875,642300,0.0,0.0
2020-06-03 00:00:00+09:00,1274.0845057999697,1304.5558841150662,1273.132275227623,1283.6068115234375,747900,0.0,0.0
2020-06-04 00:00:00+09:00,1305.508092071464,1307.4125531831655,1255.0398726113708,1259.801025390625,724300,0.0,0.0
2020-06-05 00:00:00+09:00,1262.6577712945277,1298.8425339711432,1254.0876959237505,1293.129150390625,714600,0.0,0.0
2020-06-08 00:00:00+09:00,1321.695878948313,1326.45703125,1307.412422043252,1326.45703125,461300,0.0,0.0
2020-06-09 00:00:00+09:00,1330.2660202195284,1332.1704812363066,1273.1321897161843,1290.2723388671875,621600,0.0,0.0
2020-06-10 00:00:00+09:00,1261.705545278696,1293.129155085637,1261.705545278696,1287.415771484375,660000,0.0,0.0
2020-06-11 00:00:00+09:00,1267.4188811042623,1275.988956183104,1245.517578125,1245.517578125,459200,0.0,0.0
2020-06-12 00:00:00+09:00,1193.1447993653107,1222.663944441388,1188.3836469336854,1216.9505615234375,661500,0.0,0.0
2020-06-15 00:00:00+09:00,1206.4761368315517,1221.7118260101663,1176.0047584743222,1178.8614501953125,770300,0.0,0.0
2020-06-16 00:00:00+09:00,1196.9537727408015,1260.753218065888,1188.3836979956407,1255.9920654296875,700900,0.0,0.0
2020-06-17 00:00:00+09:00,1255.9920633059226,1264.5621380365922,1238.8519138445831,1258.8487548828125,867200,0.0,0.0
2020-06-18 00:00:00+09:00,1247.4220237990266,1267.4188654019117,1235.9952571688063,1265.514404296875,574600,0.0,0.0
2020-06-19 00:00:00+09:00,1275.0366988409135,1287.4156959170386,1253.1353963216145,1279.7978515625,778200,0.0,0.0
2020-06-22 00:00:00+09:00,1251.230802402599,1253.1352632890566,1229.3295022083373,1238.851806640625,455100,0.0,0.0
2020-06-23 00:00:00+09:00,1246.4697751837261,1256.9443111096398,1228.3773949480571,1235.9952392578125,448700,0.0,0.0
2020-06-24 00:00:00+09:00,1246.4697954226763,1262.65771484375,1237.899720435049,1262.65771484375,706400,0.0,0.0
2020-06-25 00:00:00+09:00,1258.8488060254206,1262.6577282826836,1235.0430419175268,1245.517578125,568800,0.0,0.0
2020-06-26 00:00:00+09:00,1256.9443206445749,1287.4156981147464,1255.9920900986322,1276.941162109375,588700,0.0,0.0
2020-06-29 00:00:00+09:00,1258.8487548828125,1263.6099075109623,1239.8041443702132,1258.8487548828125,458800,0.0,0.0
2020-06-30 00:00:00+09:00,1287.4158113624815,1315.030499623955,1284.5591194733636,1288.3680419921875,701900,0.0,0.0
2020-07-01 00:00:00+09:00,1311.2214662701897,1311.2214662701897,1266.4666304570458,1271.227783203125,474700,0.0,0.0
2020-07-02 00:00:00+09:00,1274.0844968907973,1310.2692583869484,1274.0844968907973,1295.0335693359375,639900,0.0,0.0
2020-07-03 00:00:00+09:00,1307.4124880181907,1307.4124880181907,1271.2277286994063,1290.2723388671875,406000,0.0,0.0
2020-07-06 00:00:00+09:00,1289.3201792837494,1305.5080988168543,1282.6545653583535,1303.6036376953125,346700,0.0,0.0
2020-07-07 00:00:00+09:00,1304.5557902495532,1304.5557902495532,1282.654488661422,1298.8424072265625,579900,0.0,0.0
2020-07-08 00:00:00+09:00,1287.4156423877591,1287.4156423877591,1240.75634765625,1240.75634765625,1001300,0.0,0.0
2020-07-09 00:00:00+09:00,1237.8997709692978,1256.944382830364,1231.2341568179247,1249.3265380859375,642900,0.0,0.0
2020-07-10 00:00:00+09:00,1254.087664610825,1255.9921257567792,1231.234130859375,1231.234130859375,601700,0.0,0.0
2020-07-13 00:00:00+09:00,1267.4189609970115,1304.5559553462854,1266.466730372671,1296.9381103515625,432200,0.0,0.0
2020-07-14 00:00:00+09:00,1293.1291854467147,1309.317106030363,1290.2724935790122,1299.7947998046875,264400,0.0,0.0
2020-07-15 00:00:00+09:00,1308.3646660184722,1317.8869707202077,1291.224517555348,1306.460205078125,480000,0.0,0.0
2020-07-16 00:00:00+09:00,1307.412477635293,1320.7437046468692,1304.5557861328125,1304.5557861328125,362700,0.0,0.0
2020-07-17 00:00:00+09:00,1296.937992602323,1304.5558369054204,1280.750073458241,1291.224609375,370000,0.0,0.0
2020-07-20 00:00:00+09:00,1293.1290747974538,1297.8902275028936,1272.1800028935186,1285.51123046875,316600,0.0,0.0
2020-07-21 00:00:00+09:00,1276.9411284506186,1276.9411284506186,1256.9442875129132,1267.4188232421875,616000,0.0,0.0
2020-07-22 00:00:00+09:00,1267.4188654019117,1288.3679375573151,1262.65771263932,1265.514404296875,440700,0.0,0.0
2020-07-27 00:00:00+09:00,1218.8549971526195,1257.8964462801644,1212.1893838869412,1254.0875244140625,726600,0.0,0.0
2020-07-28 00:00:00+09:00,1254.087488072519,1265.5142533396945,1239.8040314885495,1247.421875,718500,0.0,0.0
2020-07-29 00:00:00+09:00,1229.3297142834397,1233.1386367134426,1211.237332740926,1226.4730224609375,618600,0.0,0.0
2020-07-30 00:00:00+09:00,1224.5685854670733,1230.2819692250846,1193.1449747980116,1197.9061279296875,481800,0.0,0.0
2020-07-31 00:00:00+09:00,1186.4793377438107,1186.4793377438107,1118.8709645657925,1127.4410400390625,1062200,0.0,0.0
2020-08-03 00:00:00+09:00,1148.3901765660598,1163.6258671341004,1136.9634086400295,1149.3424072265625,456300,0.0,0.0
2020-08-04 00:00:00+09:00,1165.5300600113408,1191.2402819233555,1165.5300600113408,1180.7657470703125,428800,0.0,0.0
2020-08-05 00:00:00+09:00,1187.43143444229,1197.9059699506022,1174.100207431711,1191.2403564453125,688000,0.0,0.0
2020-08-06 00:00:00+09:00,1182.6704451451785,1205.5239803170662,1172.195908191397,1189.3360595703125,520700,0.0,0.0
2020-08-07 00:00:00+09:00,1181.7181018530214,1193.1448683495857,1167.434643732316,1177.9091796875,293000,0.0,0.0
2020-08-11 00:00:00+09:00,1205.5238250307912,1233.138509806378,1201.7149029927791,1232.186279296875,639300,0.0,0.0
2020-08-12 00:00:00+09:00,1250.2786515311411,1306.4602512572167,1250.2786515311411,1298.8424072265625,1023700,0.0,0.0
2020-08-13 00:00:00+09:00,1517.8554795732068,1532.1389376620389,1477.8617969244774,1503.572021484375,2336300,0.0,0.0
2020-08-14 00:00:00+09:00,1475.957337027706,1478.8140286477594,1427.3935794867944,1448.3426513671875,1478300,0.0,0.0
2020-08-17 00:00:00+09:00,1447.3904186659286,1466.4350294378487,1435.0114216641805,1451.1993408203125,818000,0.0,0.0
2020-08-18 00:00:00+09:00,1466.4350759990652,1503.572068183457,1451.199386897776,1495.9542236328125,905100,0.0,0.0
2020-08-19 00:00:00+09:00,1523.5688519447929,1524.5210824772585,1497.8586275682246,1517.85546875,971900,0.0,0.0
2020-08-20 00:00:00+09:00,1516.9033272483132,1522.6167107784386,1498.8109460695825,1508.333251953125,856200,0.0,0.0
2020-08-21 00:00:00+09:00,1520.7122324012848,1588.3206034097327,1520.7122324012848,1580.7027587890625,1226100,0.0,0.0
2020-08-24 00:00:00+09:00,1612.1262227255916,1628.3141410872781,1590.2249214127219,1609.26953125,1137900,0.0,0.0
2020-08-25 00:00:00+09:00,1647.358838058901,1666.4034489035128,1639.7409937210564,1657.8333740234375,889400,0.0,0.0
2020-08-26 00:00:00+09:00,1666.4035314801097,1668.3079926589442,1642.5977667446796,1656.8812255859375,663800,0.0,0.0
2020-08-27 00:00:00+09:00,1668.3079615572524,1669.2601921289174,1638.7888138356343,1644.502197265625,475000,0.0,0.0
2020-08-28 00:00:00+09:00,1634.9798291905497,1654.9766704328335,1582.6071497464727,1619.744140625,850000,0.0,0.0
2020-08-31 00:00:00+09:00,1655.9288622126132,1667.355628369342,1613.0784891248802,1615.9351806640625,571300,0.0,0.0
2020-09-01 00:00:00+09:00,1613.078564453125,1628.3142533735795,1596.890644975142,1623.5531005859375,452600,0.0,0.0
2020-09-02 00:00:00+09:00,1608.3174138679908,1622.6008722504773,1585.4638804560122,1620.6964111328125,448100,0.0,0.0
2020-09-03 00:00:00+09:00,1620.6963157814378,1633.0753123179588,1574.0370211437819,1583.559326171875,885800,0.0,0.0
2020-09-04 00:00:00+09:00,1567.3715307028897,1583.559450521814,1552.1358414615493,1580.7027587890625,630800,0.0,0.0
2020-09-07 00:00:00+09:00,1580.702805784655,1588.32065063181,1563.5626548785563,1573.0849609375,331500,0.0,0.0
2020-09-08 00:00:00+09:00,1582.6070915757002,1589.272705078125,1565.4669425694651,1589.272705078125,274900,0.0,0.0
2020-09-09 00:00:00+09:00,1566.4192540010959,1594.9861704874381,1552.1357957579248,1588.320556640625,596400,0.0,0.0
2020-09-10 00:00:00+09:00,1605.4607438273558,1649.2633501239504,1596.89066868237,1644.502197265625,631400,0.0,0.0
2020-09-11 00:00:00+09:00,1666.4034532882295,1675.9257587355908,1639.7409980356178,1652.1199951171875,772300,0.0,0.0
2020-09-14 00:00:00+09:00,1666.4035457365944,1694.0182330659438,1658.7857009560844,1689.257080078125,783600,0.0,0.0
2020-09-15 00:00:00+09:00,1675.92577243228,1703.5404584553119,1669.2601585646516,1687.3525390625,644700,0.0,0.0
2020-09-16 00:00:00+09:00,1666.4034823292939,1674.0213268199423,1646.4066405413425,1667.355712890625,549600,0.0,0.0
2020-09-17 00:00:00+09:00,1661.6422667572465,1667.3556499094204,1635.9320425724638,1642.59765625,735400,0.0,0.0
2020-09-18 00:00:00+09:00,1634.9798184196989,1653.0721984721008,1627.3619741871084,1634.027587890625,842000,0.0,0.0
2020-09-23 00:00:00+09:00,1595.9382769648528,1654.9765664468462,1590.2248941117566,1649.26318359375,949300,0.0,0.0
2020-09-24 00:00:00+09:00,1628.3142578412394,1632.1231800818036,1607.3651855181356,1617.8397216796875,534000,0.0,0.0
2020-09-25 00:00:00+09:00,1620.6964133601107,1643.5499468034966,1609.269646638418,1617.8397216796875,565000,0.0,0.0
2020-09-28 00:00:00+09:00,1630.2186407498573,1668.307861328125,1630.2186407498573,1668.307861328125,668300,0.0,0.0
2020-09-29 00:00:00+09:00,1668.308013809929,1668.308013809929,1637.6617127525708,1652.98486328125,637400,10.0,0.0
2020-09-30 00:00:00+09:00,1640.5345996239942,1643.4076899911115,1599.3536376953125,1599.3536376953125,594700,0.0,0.0
2020-10-02 00:00:00+09:00,1628.0845769549894,1633.8307578148306,1597.4382790358368,1605.099853515625,539000,0.0,0.0
2020-10-05 00:00:00+09:00,1631.9153878348213,1655.8578084309895,1625.2115100678943,1649.1539306640625,549700,0.0,0.0
2020-10-06 00:00:00+09:00,1643.4078734717614,1667.3502958708254,1630.957813824248,1659.688720703125,439400,0.0,0.0
2020-10-07 00:00:00+09:00,1640.534679570768,1651.0693447635751,1623.2961365279928,1642.4500732421875,437300,0.0,0.0
2020-10-08 00:00:00+09:00,1657.7732281462515,1677.884861763277,1650.1116534350037,1663.5194091796875,576300,0.0,0.0
2020-10-09 00:00:00+09:00,1659.688714240579,1659.688714240579,1624.2539292279412,1628.084716796875,557100,0.0,0.0
2020-10-12 00:00:00+09:00,1630.957795950774,1633.8308866071757,1606.0576769286247,1626.1693115234375,332200,0.0,0.0
2020-10-13 00:00:00+09:00,1630.0000204530788,1631.9154141316371,1613.7191741853337,1623.296142578125,381200,0.0,0.0
2020-10-14 00:00:00+09:00,1615.6344337551886,1656.81539442589,1611.8036467160537,1651.0692138671875,514200,0.0,0.0
2020-10-15 00:00:00+09:00,1653.9424292484691,1675.9694563895894,1650.1116419195785,1661.60400390625,403500,0.0,0.0
2020-10-16 00:00:00+09:00,1666.392520265083,1666.392520265083,1643.4077958476337,1656.8155517578125,448800,0.0,0.0
2020-10-19 00:00:00+09:00,1662.5618703009193,1687.4619904782373,1659.6887795112289,1679.8004150390625,393300,0.0,0.0
2020-10-20 00:00:00+09:00,1662.5616774534228,1666.392464728661,1647.2385283524695,1657.773193359375,365900,0.0,0.0
2020-10-21 00:00:00+09:00,1663.519380141855,1699.9118593850274,1660.6462896752887,1678.842529296875,508400,0.0,0.0
2020-10-22 00:00:00+09:00,1666.3925384806696,1666.3925384806696,1625.2115734492506,1639.5770263671875,501900,0.0,0.0
2020-10-23 00:00:00+09:00,1635.7462642384735,1655.8578986348482,1624.2539017262593,1653.9425048828125,355100,0.0,0.0
2020-10-26 00:00:00+09:00,1660.6463598250236,1675.0118127646865,1645.3232100227167,1650.1116943359375,266800,0.0,0.0
2020-10-27 00:00:00+09:00,1629.0423263424584,1636.7039010695248,1605.0999053203766,1633.830810546875,350300,0.0,0.0
2020-10-28 00:00:00+09:00,1610.846072147953,1625.2115246344092,1603.1844974885098,1621.3807373046875,230400,0.0,0.0
2020-10-29 00:00:00+09:00,1603.1844629311463,1625.2114896022433,1593.607494813278,1615.634521484375,187900,0.0,0.0
2020-10-30 00:00:00+09:00,1601.269033137584,1605.0998202982003,1566.791948692038,1569.6650390625,425100,0.0,0.0
2020-11-02 00:00:00+09:00,1576.3690148423525,1627.1269478840563,1576.3690148423525,1606.0576171875,409200,0.0,0.0
2020-11-04 00:00:00+09:00,1637.6615777007125,1650.1116364785541,1594.5652203927991,1600.3114013671875,520500,0.0,0.0
2020-11-05 00:00:00+09:00,1602.2268006560794,1628.0846151317005,1584.0305608399015,1621.3807373046875,515000,0.0,0.0
2020-11-06 00:00:00+09:00,1636.703988826976,1645.3232608570772,1622.3385354434743,1628.084716796875,434200,0.0,0.0
2020-11-09 00:00:00+09:00,1640.5346681879068,1640.5346681879068,1593.6075235637343,1600.3114013671875,559900,0.0,0.0
2020-11-10 00:00:00+09:00,1600.3113578331513,1613.7191130753201,1583.0728153789341,1603.1844482421875,790200,0.0,0.0
2020-11-11 00:00:00+09:00,1647.238612848235,1654.9001877917153,1621.3807974139895,1641.492431640625,644800,0.0,0.0
2020-11-12 00:00:00+09:00,1658.7308845280374,1687.4617889944584,1639.5769482170901,1676.9271240234375,914800,0.0,0.0
2020-11-13 00:00:00+09:00,1648.1963650395962,1757.373811648843,1618.5077611370816,1752.5853271484375,1429300,0.0,0.0
2020-11-16 00:00:00+09:00,1796.6392068073249,1830.1585949940288,1744.9235793192677,1804.30078125,1046400,0.0,0.0
2020-11-17 00:00:00+09:00,1829.200933547247,1829.200933547247,1789.9353637695312,1810.0469970703125,615200,0.0,0.0
2020-11-18 00:00:00+09:00,1799.5123144478914,1806.2161921494005,1764.0775323113444,1787.062255859375,554500,0.0,0.0
2020-11-19 00:00:00+09:00,1781.3162517803282,1795.681705423718,1768.8661919560573,1786.104736328125,397600,0.0,0.0
2020-11-20 00:00:00+09:00,1770.7815056815782,1778.443080611515,1753.5429620892212,1772.6968994140625,472100,0.0,0.0
2020-11-24 00:00:00+09:00,1795.6815677308482,1841.651015864758,1772.6968436638933,1813.8778076171875,690300,0.0,0.0
2020-11-25 00:00:00+09:00,1837.8202340717355,1864.635745564184,1827.2855688425593,1834.9471435546875,616200,0.0,0.0
2020-11-26 00:00:00+09:00,1824.4124810338083,1854.1010830873768,1810.0470284272428,1845.4818115234375,446400,0.0,0.0
2020-11-27 00:00:00+09:00,1843.5664284840143,1895.2820581661633,1830.1586726404942,1887.6204833984375,871600,0.0,0.0
2020-11-30 00:00:00+09:00,1907.7320761482442,1907.7320761482442,1810.0469999599304,1820.5816650390625,906300,0.0,0.0
2020-12-01 00:00:00+09:00,1808.131560885013,1856.9740977521399,1789.9353216600048,1853.143310546875,741300,0.0,0.0
2020-12-02 00:00:00+09:00,1867.5087593697212,1883.7896049642266,1833.031674581357,1842.608642578125,874300,0.0,0.0
2020-12-03 00:00:00+09:00,1829.200915697431,1839.7355806569449,1778.4429845288635,1787.062255859375,885800,0.0,0.0
2020-12-04 00:00:00+09:00,1795.6815534041068,1824.4124582585725,1790.893069261696,1801.427734375,568900,0.0,0.0
2020-12-07 00:00:00+09:00,1810.047077197503,1814.8355615287132,1768.8661119490941,1772.6968994140625,399300,0.0,0.0
2020-12-08 00:00:00+09:00,1769.8237882846138,1803.3431782142468,1741.0928826306429,1779.4007568359375,562400,0.0,0.0
2020-12-09 00:00:00+09:00,1788.9777074622702,1802.3854632997818,1769.8237705515392,1796.6392822265625,381900,0.0,0.0
2020-12-10 00:00:00+09:00,1792.8085659804503,1826.3279569042302,1782.273900261548,1818.6663818359375,547700,0.0,0.0
2020-12-11 00:00:00+09:00,1821.5394724865473,1832.0741382054496,1789.9354753298405,1818.6663818359375,543800,0.0,0.0
2020-12-14 00:00:00+09:00,1833.031801545304,1952.7439097966953,1829.2010140812595,1914.43603515625,1333400,0.0,0.0
2020-12-15 00:00:00+09:00,1902.9435772692698,1912.520545448783,1878.0434600025355,1888.578125,747700,0.0,0.0
2020-12-16 00:00:00+09:00,1891.4512213398007,1944.1245464910355,1876.128072204896,1909.6474609375,973200,0.0,0.0
2020-12-17 00:00:00+09:00,1932.6321585993553,1937.4206426394924,1905.816647974587,1935.5052490234375,562900,0.0,0.0
2020-12-18 00:00:00+09:00,1926.8860124059781,1990.0940028725756,1902.943591774691,1981.4747314453125,1098200,0.0,0.0
2020-12-21 00:00:00+09:00,2020.740411831617,2188.337365419547,2013.0788368104545,2121.298583984375,1742500,0.0,0.0
2020-12-22 00:00:00+09:00,2100.2290540146787,2159.606254812175,2083.94820863472,2118.42529296875,1299100,0.0,0.0
2020-12-23 00:00:00+09:00,2112.6790241126077,2122.255991583653,1965.1937250585092,1994.88232421875,1154300,0.0,0.0
2020-12-24 00:00:00+09:00,2030.3174968969042,2067.6676772643473,2015.9520429094262,2049.471435546875,734200,0.0,0.0
2020-12-25 00:00:00+09:00,2097.356023888564,2107.890688848735,2076.286693968222,2098.313720703125,466300,0.0,0.0
2020-12-28 00:00:00+09:00,2096.3984169325977,2121.298535178485,2059.0482395637664,2103.102294921875,618500,0.0,0.0
2020-12-29 00:00:00+09:00,2126.351457164682,2143.78850783847,2105.039506341164,2112.789306640625,636400,25.0,0.0
2020-12-30 00:00:00+09:00,2112.789613006507,2118.601964073925,2073.0718807124827,2086.634033203125,536100,0.0,0.0
2021-01-04 00:00:00+09:00,2103.102281580234,2110.8520827099633,2055.634749660643,2074.04052734375,467300,0.0,0.0
2021-01-05 00:00:00+09:00,2038.1976044893947,2053.6972060444473,2015.9169272540069,2032.38525390625,553900,0.0,0.0
2021-01-06 00:00:00+09:00,2004.29228146038,2033.3540351789936,1985.8865041052582,1996.54248046875,542100,0.0,0.0
2021-01-07 00:00:00+09:00,2019.7917625818686,2038.1975388356122,1986.8551103383274,2001.385986328125,801300,0.0,0.0
2021-01-08 00:00:00+09:00,1988.7925905961533,2061.446971645696,1977.1678896282265,2059.509521484375,793800,0.0,0.0
2021-01-12 00:00:00+09:00,2044.009964137128,2103.1021953278223,2026.5729123103656,2099.227294921875,853600,0.0,0.0
2021-01-13 00:00:00+09:00,2094.3836213925633,2094.3836213925633,1990.7300379101375,2007.1983642578125,1092700,0.0,0.0
2021-01-14 00:00:00+09:00,1994.6050550606965,2016.8857331891065,1952.9498742119301,1997.51123046875,896900,0.0,0.0
2021-01-15 00:00:00+09:00,1994.6050170605704,2025.6042208225608,1977.1679649444507,2019.7918701171875,624900,0.0,0.0
2021-01-18 00:00:00+09:00,1993.6362706801472,2028.5103745404413,1970.3868681066176,1976.19921875,642000,0.0,0.0
2021-01-19 00:00:00+09:00,1964.5744753169442,1989.7613275645972,1937.4501728963946,1941.3250732421875,627300,0.0,0.0
2021-01-20 00:00:00+09:00,1924.8566841430354,1940.3562850218923,1901.6072828247502,1915.16943359375,733800,0.0,0.0
2021-01-21 00:00:00+09:00,1952.949848193128,2046.91618513496,1949.0749477006812,2044.010009765625,954800,0.0,0.0
2021-01-22 00:00:00+09:00,2051.7597454295437,2121.507952073041,2048.8535701527317,2107.94580078125,1475700,0.0,0.0
2021-01-25 00:00:00+09:00,2087.6025691668806,2089.540019347082,1993.6362354271184,2003.323486328125,895400,0.0,0.0
2021-01-26 00:00:00+09:00,1985.886424779892,2017.854352593422,1977.1678990125656,1983.948974609375,529800,0.0,0.0
2021-01-27 00:00:00+09:00,2014.948370038301,2091.4776590926404,2002.3549427255614,2086.634033203125,796900,0.0,0.0
2021-01-28 00:00:00+09:00,2012.0420477175246,2022.6980238970589,1972.3243183210784,1976.19921875,1849200,0.0,0.0
2021-01-29 00:00:00+09:00,1978.1365889110293,2013.0106913599993,1953.9184622103555,1963.605712890625,597200,0.0,0.0
2021-02-01 00:00:00+09:00,1991.6986450598183,2091.4773223171924,1991.6986450598183,2054.665771484375,912100,0.0,0.0
2021-02-02 00:00:00+09:00,2058.5407867785675,2097.289789823811,2044.978635712732,2087.6025390625,566500,0.0,0.0
2021-02-03 00:00:00+09:00,2115.6955421229572,2150.5696444656437,2110.851916797584,2134.101318359375,820500,0.0,0.0
2021-02-04 00:00:00+09:00,2129.257787608102,2153.475915310651,2111.8207356622665,2128.2890625,547700,0.0,0.0
2021-02-05 00:00:00+09:00,2146.6947389420884,2148.6321890674876,2095.352310619015,2124.4140625,476600,0.0,0.0
2021-02-08 00:00:00+09:00,2152.5071593917605,2248.4109437210964,2137.007557883989,2212.568115234375,1175600,0.0,0.0
2021-02-09 00:00:00+09:00,2226.130296415441,2257.129499846814,2199.9747185202204,2223.22412109375,589200,0.0,0.0
2021-02-10 00:00:00+09:00,2198.0371148384365,2220.317790749095,2183.506239244529,2207.724365234375,403700,0.0,0.0
2021-02-12 00:00:00+09:00,2225.161536492689,2225.161536492689,2166.069305876209,2202.880859375,603700,0.0,0.0
2021-02-15 00:00:00+09:00,2242.5984273602458,2244.535877405481,2199.9745263650616,2225.161376953125,489200,0.0,0.0
2021-02-16 00:00:00+09:00,2273.5979102254178,2289.097512510721,2181.56902165643,2188.35009765625,1287300,0.0,0.0
2021-02-17 00:00:00+09:00,2169.9442882023754,2170.9130133310373,2114.7269558686544,2120.539306640625,986800,0.0,0.0
2021-02-18 00:00:00+09:00,2127.320240591597,2131.195140847684,2026.5728339333432,2039.166259765625,1090400,0.0,0.0
2021-02-19 00:00:00+09:00,2019.7918834436407,2022.698058815502,1977.1679779896742,1996.54248046875,865800,0.0,0.0
2021-02-22 00:00:00+09:00,2042.0725298877442,2060.4783069597875,1998.4798999802733,2033.35400390625,691300,0.0,0.0
2021-02-24 00:00:00+09:00,2008.1670836947535,2023.6666849196044,1936.4814280298178,1950.0435791015625,804100,0.0,0.0
2021-02-25 00:00:00+09:00,1998.4799693877844,1999.4486945304832,1956.8247882517326,1974.2618408203125,544400,0.0,0.0
2021-02-26 00:00:00+09:00,1900.638596459833,1905.4822218330744,1850.264892578125,1850.264892578125,1577800,0.0,0.0
2021-03-01 00:00:00+09:00,1923.8880434720443,1989.7613500964646,1915.1695175952827,1984.917724609375,1119200,0.0,0.0
2021-03-02 00:00:00+09:00,2017.8544722417619,2023.666823097955,1955.8560631090338,1974.2618408203125,808400,0.0,0.0
2021-03-03 00:00:00+09:00,1976.1991472942073,2042.0724522040143,1947.1373951281162,2025.6041259765625,860900,0.0,0.0
2021-03-04 00:00:00+09:00,1979.1053294106255,2004.292181375714,1952.9497523699563,1992.66748046875,546600,0.0,0.0
2021-03-05 00:00:00+09:00,1944.2312266897334,1992.66748046875,1935.5127010095102,1992.66748046875,743400,0.0,0.0
2021-03-08 00:00:00+09:00,2041.10376484205,2058.5408164638616,1993.6362354271184,2003.323486328125,632200,0.0,0.0
2021-03-09 00:00:00+09:00,2051.75964299007,2097.289720053589,2017.854266453407,2094.383544921875,892000,0.0,0.0
2021-03-10 00:00:00+09:00,2142.81987361071,2144.757323767682,2065.321867331842,2097.289794921875,838000,0.0,0.0
2021-03-11 00:00:00+09:00,2137.976249098093,2193.1935785945093,2112.789397047096,2192.224853515625,1112200,0.0,0.0
2021-03-12 00:00:00+09:00,2193.1935144257127,2208.693115234375,2162.194312808388,2208.693115234375,722900,0.0,0.0
2021-03-15 00:00:00+09:00,2218.3804114858226,2255.1919641655,2205.7869855690906,2248.410888671875,742000,0.0,0.0
2021-03-16 00:00:00+09:00,2263.910599451126,2295.8785283265593,2250.348447807003,2271.660400390625,777500,0.0,0.0
2021-03-17 00:00:00+09:00,2259.0668947363242,2308.4718739951372,2246.473468650744,2306.534423828125,839300,0.0,0.0
2021-03-18 00:00:00+09:00,2324.940274352651,2362.720553810882,2300.722146494811,2356.908203125,1118500,0.0,0.0
2021-03-19 00:00:00+09:00,2308.472043742444,2322.0341959087864,2267.785587243416,2303.62841796875,1925500,0.0,0.0
2021-03-22 00:00:00+09:00,2329.7839309596816,2354.0020591401358,2316.2217791786275,2320.0966796875,596400,0.0,0.0
2021-03-23 00:00:00+09:00,2322.03396049035,2407.2817654645473,2318.1590602642505,2323.002685546875,788200,0.0,0.0
2021-03-24 00:00:00+09:00,2316.221735277719,2348.1896638700086,2254.223328310854,2280.37890625,801500,0.0,0.0
2021-03-25 00:00:00+09:00,2282.3161625089506,2378.2199401355997,2282.3161625089506,2367.56396484375,602100,0.0,0.0
2021-03-26 00:00:00+09:00,2385.9697487019603,2387.9071987618076,2324.9400718167703,2339.470947265625,778600,0.0,0.0
2021-03-29 00:00:00+09:00,2378.220120709927,2385.0011964105256,2304.5970131034283,2336.56494140625,827900,0.0,0.0
2021-03-30 00:00:00+09:00,2310.4094022422164,2367.564184100619,2294.9098003823106,2366.595458984375,570800,0.0,0.0
2021-03-31 00:00:00+09:00,2351.0956560568156,2358.8454563239993,2311.3779296875,2311.3779296875,674800,0.0,0.0
2021-04-01 00:00:00+09:00,2337.533656703987,2353.0332582403585,2301.6908281511287,2317.1904296875,446800,0.0,0.0
2021-04-02 00:00:00+09:00,2338.502457104645,2347.2209832496087,2305.5658027792274,2320.0966796875,268100,0.0,0.0
2021-04-05 00:00:00+09:00,2337.533513667881,2368.53271484375,2303.628137381774,2368.53271484375,479300,0.0,0.0
2021-04-06 00:00:00+09:00,2384.0325380838985,2387.9074385927715,2303.6283525247914,2320.0966796875,453300,0.0,0.0
2021-04-07 00:00:00+09:00,2343.3460515246097,2376.282705411272,2308.47194740932,2356.908203125,460400,0.0,0.0
2021-04-08 00:00:00+09:00,2350.12701848079,2383.063670842021,2322.0339914667984,2381.126220703125,451200,0.0,0.0
2021-04-09 00:00:00+09:00,2412.125587738698,2461.5305696562377,2402.4383363823176,2416.00048828125,633300,0.0,0.0
2021-04-12 00:00:00+09:00,2408.250474051896,2453.7805513972057,2374.345097305389,2426.65625,477300,0.0,0.0
2021-04-13 00:00:00+09:00,2460.561732783967,2477.0300593419697,2431.49998003455,2440.218505859375,447500,0.0,0.0
2021-04-14 00:00:00+09:00,2422.781394411575,2426.656294682525,2387.907291973024,2418.906494140625,579800,0.0,0.0
2021-04-15 00:00:00+09:00,2412.1255473726114,2463.467978702229,2404.375746417197,2433.4375,347000,0.0,0.0
2021-04-16 00:00:00+09:00,2447.9683612656186,2461.530512851578,2433.437484566377,2451.84326171875,339800,0.0,0.0
2021-04-19 00:00:00+09:00,2446.030931223205,2451.8432819508635,2413.094277099803,2443.124755859375,449700,0.0,0.0
2021-04-20 00:00:00+09:00,2413.0942133769454,2417.9378388554214,2371.439034262048,2412.12548828125,646400,0.0,0.0
2021-04-21 00:00:00+09:00,2363.6892587722664,2377.2514102570253,2332.6900553785317,2365.626708984375,725200,0.0,0.0
2021-04-22 00:00:00+09:00,2412.1254581404323,2424.718884227109,2337.533626703961,2354.001953125,440700,0.0,0.0
2021-04-23 00:00:00+09:00,2337.5335382943454,2390.813415876686,2325.9088377309254,2369.50146484375,444900,0.0,0.0
2021-04-26 00:00:00+09:00,2412.1253795585862,2441.1871311195328,2387.907253257797,2436.343505859375,565000,0.0,0.0
2021-04-27 00:00:00+09:00,2450.8743598090277,2471.217585720486,2397.594482421875,2397.594482421875,727100,0.0,0.0
2021-04-28 00:00:00+09:00,2417.9378138810766,2438.281040680557,2387.9073362247013,2411.15673828125,612000,0.0,0.0
2021-04-30 00:00:00+09:00,2421.8127586153655,2501.2482170979497,2412.125507580904,2450.87451171875,1217200,0.0,0.0
2021-05-06 00:00:00+09:00,2257.1294151338343,2351.0957470085045,2248.410889495978,2295.87841796875,2218900,0.0,0.0
2021-05-07 00:00:00+09:00,2344.3148611351417,2351.095937179747,2260.035773152184,2274.566650390625,1370800,0.0,0.0
2021-05-10 00:00:00+09:00,2300.7220832669004,2382.094990632972,2266.816705197704,2373.37646484375,1125000,0.0,0.0
2021-05-11 00:00:00+09:00,2354.001887355674,2362.720412864399,2312.3467099251006,2323.002685546875,623400,0.0,0.0
2021-05-12 00:00:00+09:00,2277.4727492351644,2290.0661757515645,2135.070157088176,2167.0380859375,1524700,0.0,0.0
2021-05-13 00:00:00+09:00,2123.445377155172,2152.507129579741,2097.2897999730603,2106.97705078125,1257200,0.0,0.0
2021-05-14 00:00:00+09:00,2133.1326282967766,2159.288205482977,2105.0396009486353,2154.444580078125,927000,0.0,0.0
2021-05-17 00:00:00+09:00,2176.7252870700504,2184.475087825084,2127.320307256711,2165.1005859375,903800,0.0,0.0
2021-05-18 00:00:00+09:00,2147.6636036953337,2168.006831335208,2121.508025301209,2158.319580078125,700000,0.0,0.0
2021-05-19 00:00:00+09:00,2124.4142320606807,2138.945109160959,2100.196103560217,2121.508056640625,1105900,0.0,0.0
2021-05-20 00:00:00+09:00,2115.695557405956,2172.8503366582236,2106.008306685233,2163.1630859375,556400,0.0,0.0
2021-05-21 00:00:00+09:00,2163.1631597673345,2213.536865234375,2163.1631597673345,2213.536865234375,590800,0.0,0.0
2021-05-24 00:00:00+09:00,2203.8495200734533,2241.6297975604266,2203.8495200734533,2219.34912109375,429600,0.0,0.0
2021-05-25 00:00:00+09:00,2240.661168178166,2244.5360685987075,2196.099813341938,2213.536865234375,370900,0.0,0.0
2021-05-26 00:00:00+09:00,2199.9747604835825,2199.9747604835825,2143.7887031925,2158.319580078125,700900,0.0,0.0
2021-05-27 00:00:00+09:00,2148.6322800334465,2162.194431485416,2100.1960248478413,2108.91455078125,904700,0.0,0.0
2021-05-28 00:00:00+09:00,2143.7887122537745,2183.5064425756923,2137.9763614749572,2177.694091796875,559100,0.0,0.0
2021-05-31 00:00:00+09:00,2178.662752557748,2185.44382826602,2141.8511987128413,2146.69482421875,348800,0.0,0.0
2021-06-01 00:00:00+09:00,2162.19457168993,2169.944373022152,2124.414290195348,2142.820068359375,344300,0.0,0.0
2021-06-02 00:00:00+09:00,2185.4439042079766,2213.5369331184515,2140.8825480051546,2149.60107421875,910900,0.0,0.0
2021-06-03 00:00:00+09:00,2102.1337012341332,2149.601236423291,2082.7591970752933,2127.320556640625,812800,0.0,0.0
2021-06-04 00:00:00+09:00,2150.56959097726,2185.443692452567,2141.851065608433,2169.944091796875,902800,0.0,0.0
2021-06-07 00:00:00+09:00,2150.569605030814,2163.163030645859,2137.0074543684573,2151.538330078125,537200,0.0,0.0
2021-06-08 00:00:00+09:00,2135.0701585173388,2137.976333869223,2102.1335045293217,2119.570556640625,582500,0.0,0.0
2021-06-09 00:00:00+09:00,2106.9771456685467,2123.445472784117,2096.3211692996483,2101.164794921875,494800,0.0,0.0
2021-06-10 00:00:00+09:00,2093.4149046454877,2125.3828323888015,2086.6338290635726,2116.664306640625,402400,0.0,0.0
2021-06-11 00:00:00+09:00,2124.414142072579,2141.8511938542965,2110.8519906867987,2137.007568359375,660600,0.0,0.0
2021-06-14 00:00:00+09:00,2155.413255253748,2177.6939316001913,2145.7260046683377,2152.507080078125,519300,0.0,0.0
2021-06-15 00:00:00+09:00,2140.882523229683,2160.25702570235,2126.351646375183,2148.63232421875,323200,0.0,0.0
2021-06-16 00:00:00+09:00,2168.0069184264303,2173.819269414169,2131.195362170754,2133.1328125,423900,0.0,0.0
2021-06-17 00:00:00+09:00,2134.1013732515653,2149.6009746914315,2088.5712940219587,2098.258544921875,635600,0.0,0.0
2021-06-18 00:00:00+09:00,2106.008330726187,2129.2577327213244,2090.5087293960955,2116.664306640625,726100,0.0,0.0
2021-06-21 00:00:00+09:00,2087.6025384828686,2089.539988634593,2039.1662846897627,2040.135009765625,792200,0.0,0.0
2021-06-22 00:00:00+09:00,2068.228002403424,2090.5086787759196,2017.8542993003896,2067.25927734375,1167600,0.0,0.0
2021-06-23 00:00:00+09:00,2082.758988176263,2114.7269168319913,2077.9153626223642,2090.5087890625,666000,0.0,0.0
2021-06-24 00:00:00+09:00,2042.0725976836175,2094.383755309289,2018.82319429443,2074.04052734375,2648700,0.0,0.0
2021-06-25 00:00:00+09:00,2092.446080854539,2128.2889072395474,2085.6650055925106,2112.789306640625,1194200,0.0,0.0
2021-06-28 00:00:00+09:00,2082.758943482009,2102.1334452818414,2064.353166772168,2098.258544921875,1196900,0.0,0.0
2021-06-29 00:00:00+09:00,2070.688764045211,2083.489027446346,2013.579896563222,2024.410888671875,1999700,35.0,0.0
2021-06-30 00:00:00+09:00,2023.426233240076,2048.0421241554054,2002.7488848711994,2003.7335205078125,1490500,0.0,0.0
2021-07-01 00:00:00+09:00,1997.825719756112,2037.211145478263,1993.887177183897,2017.5184326171875,1599900,0.0,0.0
2021-07-02 00:00:00+09:00,2009.6413639187813,2030.318712592125,1991.9179221987724,2016.5338134765625,1752900,0.0,0.0
2021-07-05 00:00:00+09:00,2002.7489714591734,2017.5185066469253,1971.2406297253024,1984.0408935546875,4772700,0.0,0.0
2021-07-06 00:00:00+09:00,1968.286653801872,2017.518436038037,1964.3481112229788,2002.7489013671875,5235200,0.0,0.0
2021-07-07 00:00:00+09:00,1988.9640617276323,2013.579953580697,1975.179162289916,1991.91796875,2184700,0.0,0.0
2021-07-08 00:00:00+09:00,1994.871789782021,2007.6720529938505,1971.2405346217208,1975.1790771484375,2035400,0.0,0.0
2021-07-09 00:00:00+09:00,1952.5324377410657,1961.3941583359572,1922.0087334697732,1954.501708984375,4276600,0.0,0.0
2021-07-12 00:00:00+09:00,1970.2559963670149,2008.656787900405,1970.2559963670149,2005.702880859375,9675000,0.0,0.0
2021-07-13 00:00:00+09:00,2016.5337674867342,2046.0728363464032,2015.5491318580785,2041.149658203125,2383300,0.0,0.0
2021-07-14 00:00:00+09:00,2028.3494373139881,2071.673405877976,2020.4723521205358,2067.73486328125,1568000,0.0,0.0
2021-07-15 00:00:00+09:00,2102.1970575637024,2125.8283125433413,2081.5197094565187,2085.458251953125,2030900,0.0,0.0
2021-07-16 00:00:00+09:00,2079.550408254157,2126.8129175326603,2072.657958984375,2072.657958984375,1278500,0.0,0.0
2021-07-19 00:00:00+09:00,2048.0421682098763,2052.9653464988423,1993.88720703125,1993.88720703125,1292200,0.0,0.0
2021-07-20 00:00:00+09:00,1978.1330132985395,2043.1189659504576,1976.163742006057,2024.410888671875,1604900,0.0,0.0
2021-07-21 00:00:00+09:00,2072.657928758552,2096.289183053186,2052.9652168463567,2059.857666015625,1696700,0.0,0.0
2021-07-26 00:00:00+09:00,2101.2123749851617,2101.2123749851617,2053.9498660820277,2073.642578125,852600,0.0,0.0
2021-07-27 00:00:00+09:00,2078.5659552777283,2084.473769456632,2055.919334258596,2061.8271484375,607500,0.0,0.0
2021-07-28 00:00:00+09:00,2046.0728562150584,2054.934576959012,2021.4569652596317,2025.3955078125,556000,0.0,0.0
2021-07-29 00:00:00+09:00,2023.4262098497566,2028.3493879759117,1982.0715135900534,1997.82568359375,1389700,0.0,0.0
2021-07-30 00:00:00+09:00,2012.5953064555126,2050.9960975278045,2005.7028567758705,2036.2265625,1351700,0.0,0.0
2021-08-02 00:00:00+09:00,2051.9806732004668,2087.427556230801,2044.1035880826146,2083.489013671875,952200,0.0,0.0
2021-08-03 00:00:00+09:00,2062.811763528399,2077.581298828125,2044.1036854820795,2077.581298828125,624800,0.0,0.0
2021-08-04 00:00:00+09:00,2058.8732122946453,2058.8732122946453,2032.2880488647286,2049.02685546875,620700,0.0,0.0
2021-08-05 00:00:00+09:00,2053.9499646629224,2070.688770702841,2027.3648021289346,2031.3033447265625,637900,0.0,0.0
2021-08-06 00:00:00+09:00,2031.3033767278362,2066.750260664919,2029.3341053979982,2065.765625,576000,0.0,0.0
2021-08-10 00:00:00+09:00,2077.5811732500447,2085.4582582671064,2044.1035619275324,2055.919189453125,927000,0.0,0.0
2021-08-11 00:00:00+09:00,2070.6887437975083,2105.1509910789696,2026.3801401499154,2040.1650390625,1470100,0.0,0.0
2021-08-12 00:00:00+09:00,2054.9346299952394,2089.39687822228,2039.180459377164,2044.1036376953125,935000,0.0,0.0
2021-08-13 00:00:00+09:00,2039.1803766836624,2044.1035548021648,2010.625943596349,2012.59521484375,709300,0.0,0.0
2021-08-16 00:00:00+09:00,2013.5798902871832,2013.5798902871832,1966.3173794149168,1981.0869140625,1005500,0.0,0.0
2021-08-17 00:00:00+09:00,1978.133027789908,1978.133027789908,1928.9012451171875,1928.9012451171875,934800,0.0,0.0
2021-08-18 00:00:00+09:00,1920.0395533811247,1956.4710731119462,1920.0395533811247,1941.7015380859375,943700,0.0,0.0
2021-08-19 00:00:00+09:00,1957.4556291817785,1982.071519890805,1943.6707303847236,1968.28662109375,882900,0.0,0.0
2021-08-20 00:00:00+09:00,1942.6860976647768,1977.1483447090075,1912.1623931398867,1917.0855712890625,907000,0.0,0.0
2021-08-23 00:00:00+09:00,1946.6247416381837,1979.117719116211,1943.6708345947266,1969.2713623046875,923600,0.0,0.0
2021-08-24 00:00:00+09:00,1963.363534200445,1991.91796875,1954.5018131333416,1991.91796875,1044200,0.0,0.0
2021-08-25 00:00:00+09:00,1990.9332637656098,2011.6106122023446,1982.071543007009,2010.6259765625,936400,0.0,0.0
2021-08-26 00:00:00+09:00,2013.579893766431,2022.441614570293,1965.3327471676264,1966.3173828125,574600,0.0,0.0
2021-08-27 00:00:00+09:00,1949.57860599347,1979.11767578125,1949.57860599347,1979.11767578125,567000,0.0,0.0
2021-08-30 00:00:00+09:00,2013.5799357984783,2041.149734430438,2007.6721218059156,2029.3341064453125,1033700,0.0,0.0
2021-08-31 00:00:00+09:00,2069.7042499528056,2126.8131207888014,2052.9654429836346,2118.93603515625,1973600,0.0,0.0
2021-09-01 00:00:00+09:00,2113.0282209318366,2142.5672920539037,2104.166499595217,2118.93603515625,1061900,0.0,0.0
2021-09-02 00:00:00+09:00,2116.9665390186096,2126.812895014045,2089.3967422313904,2103.181640625,587100,0.0,0.0
2021-09-03 00:00:00+09:00,2096.2893934636977,2136.6594569357558,2086.4430365192934,2134.690185546875,917900,0.0,0.0
2021-09-06 00:00:00+09:00,2146.505697737069,2146.505697737069,2108.104907731681,2141.58251953125,848500,0.0,0.0
2021-09-07 00:00:00+09:00,2160.2906761745567,2175.060211335276,2137.644055594787,2151.428955078125,880600,0.0,0.0
2021-09-08 00:00:00+09:00,2148.474897171373,2175.06005859375,2131.7360918313575,2175.06005859375,1156300,0.0,0.0
2021-09-09 00:00:00+09:00,2176.0447136930716,2188.844976714796,2146.505645181401,2159.305908203125,603700,0.0,0.0
2021-09-10 00:00:00+09:00,2178.0140379231048,2223.3072774097514,2174.0754953590485,2214.445556640625,1287700,0.0,0.0
2021-09-13 00:00:00+09:00,2226.2611974563633,2237.0921895713655,2210.507027107269,2228.23046875,695200,0.0,0.0
2021-09-14 00:00:00+09:00,2236.107514425041,2261.7080407901008,2230.1997006484885,2259.73876953125,919700,0.0,0.0
2021-09-15 00:00:00+09:00,2258.754197862413,2258.754197862413,2194.7528801374538,2197.706787109375,883300,0.0,0.0
2021-09-16 00:00:00+09:00,2225.276515559057,2242.0153212070677,2205.5838030319856,2216.414794921875,1110400,0.0,0.0
2021-09-17 00:00:00+09:00,2231.184271269438,2280.4160513062748,2222.3225508628075,2263.67724609375,1403200,0.0,0.0
2021-09-21 00:00:00+09:00,2178.998795852523,2198.6915097779865,2151.4289963568744,2178.01416015625,757400,0.0,0.0
2021-09-22 00:00:00+09:00,2178.014001553946,2187.860357799669,2155.367382188783,2158.3212890625,532600,0.0,0.0
2021-09-24 00:00:00+09:00,2222.322741389009,2227.245919814771,2192.783670834436,2208.537841796875,716300,0.0,0.0
2021-09-27 00:00:00+09:00,2205.583892712094,2219.3687920415446,2177.0294583868035,2181.95263671875,565200,0.0,0.0
2021-09-28 00:00:00+09:00,2197.706740920608,2210.507004196579,2166.1984005489862,2185.89111328125,606700,0.0,0.0
2021-09-29 00:00:00+09:00,2149.4596080638744,2159.3059644911023,2098.258554642289,2126.81298828125,856000,0.0,0.0
2021-09-30 00:00:00+09:00,2132.720822234652,2139.6132717986607,2088.412217894597,2111.058837890625,695500,0.0,0.0
2021-10-01 00:00:00+09:00,2090.381469960638,2100.2278263900334,2043.1189590995402,2053.949951171875,826000,0.0,0.0
2021-10-04 00:00:00+09:00,2086.442903717534,2090.381446244608,2001.7642393854396,2011.610595703125,530800,0.0,0.0
2021-10-05 00:00:00+09:00,1988.9640251608457,2019.4877304974725,1984.0408468807445,2008.65673828125,888900,0.0,0.0
2021-10-06 00:00:00+09:00,2013.579896924046,2041.1496950237395,1979.1176492994289,1987.9793701171875,647400,0.0,0.0
2021-10-07 00:00:00+09:00,1992.902505467595,2027.3647523506806,1986.0100560909777,1997.82568359375,581900,0.0,0.0
2021-10-08 00:00:00+09:00,2022.441679564662,2049.0268428306044,2018.5031368585965,2035.241943359375,486100,0.0,0.0
2021-10-11 00:00:00+09:00,2059.857679694919,2084.473569748635,2051.9805948777303,2073.642578125,626000,0.0,0.0
2021-10-12 00:00:00+09:00,2072.6580216348284,2083.489013671875,2052.9653088401983,2083.489013671875,510300,0.0,0.0
2021-10-13 00:00:00+09:00,2096.289364871846,2123.8591639401466,2092.3508221478032,2121.889892578125,542600,0.0,0.0
2021-10-14 00:00:00+09:00,2115.98202907785,2139.61328487025,2112.043486445783,2124.84375,536000,0.0,0.0
2021-10-15 00:00:00+09:00,2141.582647755428,2149.4597333563675,2118.936026652727,2148.47509765625,397600,0.0,0.0
2021-10-18 00:00:00+09:00,2166.1983468836647,2169.152253720324,2127.7975580070906,2130.75146484375,402800,0.0,0.0
2021-10-19 00:00:00+09:00,2157.3366731755873,2178.014021480785,2130.751511068905,2142.567138671875,511300,0.0,0.0
2021-10-20 00:00:00+09:00,2151.4288828033946,2160.2906036021272,2112.04345703125,2112.04345703125,362700,0.0,0.0
2021-10-21 00:00:00+09:00,2098.258627603554,2122.874519527575,2089.396906510907,2093.33544921875,375200,0.0,0.0
2021-10-22 00:00:00+09:00,2062.811701512439,2103.181763451346,2059.8577945412994,2066.750244140625,460000,0.0,0.0
2021-10-25 00:00:00+09:00,2059.857666015625,2081.51964911904,2055.9191236331862,2059.857666015625,313700,0.0,0.0
2021-10-26 00:00:00+09:00,2081.519808451335,2086.442986806234,2059.857823689779,2079.550537109375,308500,0.0,0.0
2021-10-27 00:00:00+09:00,2086.443044778451,2105.151123046875,2076.59668779507,2105.151123046875,532400,0.0,0.0
2021-10-28 00:00:00+09:00,2109.089588557742,2160.290642995185,2109.089588557742,2153.398193359375,876800,0.0,0.0
2021-10-29 00:00:00+09:00,2142.5672379032258,2159.306044449345,2111.0588961693547,2136.659423828125,851000,0.0,0.0
2021-11-01 00:00:00+09:00,2259.738889926498,2329.6480233403463,2237.092269243139,2296.17041015625,2522900,0.0,0.0
2021-11-02 00:00:00+09:00,2317.8322684151785,2320.7861752993103,2270.5697582690746,2274.50830078125,1093300,0.0,0.0
2021-11-04 00:00:00+09:00,2318.8168587129794,2335.5556640625,2307.0012314074356,2335.5556640625,1126000,0.0,0.0
2021-11-05 00:00:00+09:00,2314.8783083781345,2322.755393221616,2264.6618925009398,2292.231689453125,645400,0.0,0.0
2021-11-08 00:00:00+09:00,2341.4635202452955,2344.417427125336,2286.3239251512096,2289.27783203125,718100,0.0,0.0
2021-11-09 00:00:00+09:00,2308.9704809295995,2326.6939217213835,2278.44677734375,2278.44677734375,1067300,0.0,0.0
2021-11-10 00:00:00+09:00,2288.2931799326902,2325.7093334772007,2277.4621881171743,2290.262451171875,733600,0.0,0.0
2021-11-11 00:00:00+09:00,2279.431594934766,2281.400866291081,2222.322725601627,2267.615966796875,731800,0.0,0.0
2021-11-12 00:00:00+09:00,2275.4929401209306,2332.601806640625,2275.4929401209306,2332.601806640625,602800,0.0,0.0
2021-11-15 00:00:00+09:00,2353.2791127590153,2381.833545507974,2348.35593469885,2378.879638671875,951200,0.0,0.0
2021-11-16 00:00:00+09:00,2389.710720326609,2408.418797659203,2343.432844819666,2344.41748046875,679000,0.0,0.0
2021-11-17 00:00:00+09:00,2325.709354067809,2361.1562366869625,2317.83226904133,2347.371337890625,586800,0.0,0.0
2021-11-18 00:00:00+09:00,2341.4634692089885,2389.7106138646827,2337.5249267881154,2379.8642578125,522200,0.0,0.0
2021-11-19 00:00:00+09:00,2380.8490761282965,2427.126953125,2373.95662636283,2427.126953125,921400,0.0,0.0
2021-11-22 00:00:00+09:00,2414.3265809755067,2430.0807511613175,2394.6338682432433,2404.480224609375,840400,0.0,0.0
2021-11-24 00:00:00+09:00,2398.572534433472,2426.1423336798334,2368.048828125,2368.048828125,674000,0.0,0.0
2021-11-25 00:00:00+09:00,2374.9411987049843,2389.7107335228015,2350.325307341956,2358.202392578125,579100,0.0,0.0
2021-11-26 00:00:00+09:00,2343.4328386586703,2349.3406525376417,2299.1242345663845,2301.093505859375,677600,0.0,0.0
2021-11-29 00:00:00+09:00,2245.953857421875,2301.093452343236,2235.1228655623217,2245.953857421875,889100,0.0,0.0
2021-11-30 00:00:00+09:00,2282.385522706466,2318.8170431293042,2249.8925450320426,2251.86181640625,1240000,0.0,0.0
2021-12-01 00:00:00+09:00,2261.708027399407,2266.6312055173853,2235.1228655623217,2245.953857421875,1001700,0.0,0.0
2021-12-02 00:00:00+09:00,2208.5376470293318,2243.984528568813,2197.706655447824,2205.583740234375,942000,0.0,0.0
2021-12-03 00:00:00+09:00,2222.322734014861,2301.093588565676,2214.44564855978,2296.17041015625,649800,0.0,0.0
2021-12-06 00:00:00+09:00,2299.1242048621384,2312.9091037349735,2267.6158645813725,2288.293212890625,508200,0.0,0.0
2021-12-07 00:00:00+09:00,2322.7554539487232,2397.587761918245,2318.8169114240113,2390.6953125,1038400,0.0,0.0
2021-12-08 00:00:00+09:00,2425.1575460489266,2439.9270804341213,2370.017951010868,2376.910400390625,763900,0.0,0.0
2021-12-09 00:00:00+09:00,2370.0180445120823,2387.741486473535,2327.6787109375,2327.6787109375,731300,0.0,0.0
2021-12-10 00:00:00+09:00,2321.7708014032646,2369.033311355494,2313.8937164112263,2318.81689453125,527400,0.0,0.0
2021-12-13 00:00:00+09:00,2344.4174407006535,2357.2177039216144,2296.170294713954,2303.062744140625,460900,0.0,0.0
2021-12-14 00:00:00+09:00,2321.770751953125,2338.5095572046957,2284.3545990378498,2321.770751953125,747000,0.0,0.0
2021-12-15 00:00:00+09:00,2305.0321479054387,2335.555854263862,2285.339434125811,2295.185791015625,495100,0.0,0.0
2021-12-16 00:00:00+09:00,2340.4789317191844,2340.4789317191844,2281.4007929294703,2301.093505859375,655900,0.0,0.0
2021-12-17 00:00:00+09:00,2278.4469058831055,2307.9859755358684,2262.692735401632,2285.33935546875,1106200,0.0,0.0
2021-12-20 00:00:00+09:00,2248.9078243954323,2259.7388165444468,2194.7528636503584,2198.69140625,840600,0.0,0.0
2021-12-21 00:00:00+09:00,2225.2764494699277,2236.1074410381443,2193.768110362389,2220.353271484375,430500,0.0,0.0
2021-12-22 00:00:00+09:00,2222.3226086799964,2238.0767787016534,2209.5223455374,2216.414794921875,544600,0.0,0.0
2021-12-23 00:00:00+09:00,2241.0306272768053,2271.554330899644,2236.1074492731213,2263.67724609375,641000,0.0,0.0
2021-12-24 00:00:00+09:00,2266.6312554872693,2267.6158911325724,2237.0921861281827,2243.0,442900,0.0,0.0
2021-12-27 00:00:00+09:00,2232.169048142879,2250.8771257409007,2204.599249577374,2211.49169921875,541200,0.0,0.0
2021-12-28 00:00:00+09:00,2235.122914837577,2249.8924495171204,2216.414837576822,2243.0,769200,0.0,0.0
2021-12-29 00:00:00+09:00,2232.0,2253.0,2226.0,2246.0,683100,35.0,0.0
2021-12-30 00:00:00+09:00,2239.0,2239.0,2207.0,2226.0,360200,0.0,0.0
2022-01-04 00:00:00+09:00,2240.0,2254.0,2230.0,2238.0,519900,0.0,0.0
2022-01-05 00:00:00+09:00,2260.0,2283.0,2252.0,2280.0,607700,0.0,0.0
2022-01-06 00:00:00+09:00,2259.0,2285.0,2205.0,2207.0,648800,0.0,0.0
2022-01-07 00:00:00+09:00,2210.0,2235.0,2196.0,2213.0,639200,0.0,0.0
2022-01-11 00:00:00+09:00,2210.0,2217.0,2141.0,2185.0,984700,0.0,0.0
2022-01-12 00:00:00+09:00,2186.0,2235.0,2186.0,2227.0,813500,0.0,0.0
2022-01-13 00:00:00+09:00,2250.0,2250.0,2213.0,2213.0,761700,0.0,0.0
2022-01-14 00:00:00+09:00,2171.0,2177.0,2111.0,2128.0,1278300,0.0,0.0
2022-01-17 00:00:00+09:00,2122.0,2142.0,2112.0,2128.0,788900,0.0,0.0
2022-01-18 00:00:00+09:00,2137.0,2138.0,2094.0,2104.0,556400,0.0,0.0
2022-01-19 00:00:00+09:00,2080.0,2095.0,2035.0,2039.0,1085300,0.0,0.0
2022-01-20 00:00:00+09:00,2029.0,2062.0,2016.0,2044.0,733200,0.0,0.0
2022-01-21 00:00:00+09:00,2012.0,2027.0,1991.0,2023.0,761300,0.0,0.0
2022-01-24 00:00:00+09:00,2008.0,2046.0,2003.0,2044.0,586800,0.0,0.0
2022-01-25 00:00:00+09:00,2045.0,2048.0,2008.0,2031.0,652000,0.0,0.0
2022-01-26 00:00:00+09:00,2027.0,2044.0,2008.0,2028.0,516600,0.0,0.0
2022-01-27 00:00:00+09:00,2013.0,2023.0,1927.0,1938.0,1159100,0.0,0.0
2022-01-28 00:00:00+09:00,1952.0,1967.0,1934.0,1951.0,847100,0.0,0.0
2022-01-31 00:00:00+09:00,1967.0,2009.0,1956.0,2000.0,635700,0.0,0.0
2022-02-01 00:00:00+09:00,2022.0,2029.0,1967.0,1968.0,661600,0.0,0.0
2022-02-02 00:00:00+09:00,1982.0,2041.0,1978.0,2040.0,755000,0.0,0.0
2022-02-03 00:00:00+09:00,2028.0,2045.0,2017.0,2030.0,438700,0.0,0.0
2022-02-04 00:00:00+09:00,2017.0,2057.0,2005.0,2054.0,622900,0.0,0.0
2022-02-07 00:00:00+09:00,2030.0,2041.0,2016.0,2039.0,385900,0.0,0.0
2022-02-08 00:00:00+09:00,2035.0,2050.0,2022.0,2028.0,616200,0.0,0.0
2022-02-09 00:00:00+09:00,2052.0,2078.0,2043.0,2071.0,607100,0.0,0.0
2022-02-10 00:00:00+09:00,2076.0,2096.0,2061.0,2089.0,605900,0.0,0.0
2022-02-14 00:00:00+09:00,2075.0,2103.0,2069.0,2084.0,926100,0.0,0.0
2022-02-15 00:00:00+09:00,2234.0,2344.0,2217.0,2281.0,3883600,0.0,0.0
2022-02-16 00:00:00+09:00,2310.0,2343.0,2273.0,2302.0,1830600,0.0,0.0
2022-02-17 00:00:00+09:00,2319.0,2373.0,2313.0,2338.0,1625600,0.0,0.0
2022-02-18 00:00:00+09:00,2305.0,2325.0,2251.0,2280.0,1391000,0.0,0.0
2022-02-21 00:00:00+09:00,2244.0,2276.0,2232.0,2270.0,756800,0.0,0.0
2022-02-22 00:00:00+09:00,2228.0,2235.0,2178.0,2187.0,993400,0.0,0.0
2022-02-24 00:00:00+09:00,2192.0,2215.0,2144.0,2173.0,1093400,0.0,0.0
2022-02-25 00:00:00+09:00,2173.0,2188.0,2147.0,2185.0,659000,0.0,0.0
2022-02-28 00:00:00+09:00,2198.0,2220.0,2184.0,2212.0,698700,0.0,0.0
2022-03-01 00:00:00+09:00,2245.0,2257.0,2228.0,2236.0,592900,0.0,0.0
2022-03-02 00:00:00+09:00,2204.0,2233.0,2184.0,2184.0,588000,0.0,0.0
2022-03-03 00:00:00+09:00,2223.0,2223.0,2190.0,2199.0,414800,0.0,0.0
2022-03-04 00:00:00+09:00,2195.0,2195.0,2112.0,2168.0,905000,0.0,0.0
2022-03-07 00:00:00+09:00,2132.0,2170.0,2111.0,2138.0,695000,0.0,0.0
2022-03-08 00:00:00+09:00,2076.0,2097.0,2036.0,2039.0,1046800,0.0,0.0
2022-03-09 00:00:00+09:00,2037.0,2066.0,2003.0,2014.0,960500,0.0,0.0
2022-03-10 00:00:00+09:00,2082.0,2142.0,2061.0,2133.0,1038200,0.0,0.0
2022-03-11 00:00:00+09:00,2083.0,2130.0,2074.0,2089.0,1011500,0.0,0.0
2022-03-14 00:00:00+09:00,2080.0,2151.0,2080.0,2138.0,632200,0.0,0.0
2022-03-15 00:00:00+09:00,2130.0,2188.0,2122.0,2175.0,692300,0.0,0.0
2022-03-16 00:00:00+09:00,2186.0,2198.0,2166.0,2173.0,543800,0.0,0.0
2022-03-17 00:00:00+09:00,2220.0,2237.0,2201.0,2233.0,894000,0.0,0.0
2022-03-18 00:00:00+09:00,2233.0,2233.0,2165.0,2203.0,1261200,0.0,0.0
2022-03-22 00:00:00+09:00,2236.0,2248.0,2179.0,2190.0,888300,0.0,0.0
2022-03-23 00:00:00+09:00,2214.0,2247.0,2202.0,2242.0,652600,0.0,0.0
2022-03-24 00:00:00+09:00,2203.0,2222.0,2167.0,2204.0,835200,0.0,0.0
2022-03-25 00:00:00+09:00,2215.0,2255.0,2212.0,2220.0,639300,0.0,0.0
2022-03-28 00:00:00+09:00,2224.0,2231.0,2186.0,2195.0,622500,0.0,0.0
2022-03-29 00:00:00+09:00,2200.0,2214.0,2189.0,2205.0,837300,0.0,0.0
2022-03-30 00:00:00+09:00,2224.0,2243.0,2186.0,2216.0,834800,0.0,0.0
2022-03-31 00:00:00+09:00,2198.0,2200.0,2164.0,2168.0,739600,0.0,0.0
2022-04-01 00:00:00+09:00,2137.0,2179.0,2133.0,2153.0,728100,0.0,0.0
2022-04-04 00:00:00+09:00,2165.0,2197.0,2165.0,2178.0,580400,0.0,0.0
2022-04-05 00:00:00+09:00,2192.0,2199.0,2132.0,2132.0,832500,0.0,0.0
2022-04-06 00:00:00+09:00,2117.0,2122.0,2070.0,2070.0,868300,0.0,0.0
2022-04-07 00:00:00+09:00,2028.0,2042.0,1992.0,2036.0,1127500,0.0,0.0
2022-04-08 00:00:00+09:00,2037.0,2057.0,2008.0,2022.0,739500,0.0,0.0
2022-04-11 00:00:00+09:00,2037.0,2042.0,2003.0,2019.0,751000,0.0,0.0
2022-04-12 00:00:00+09:00,2011.0,2033.0,2005.0,2012.0,596500,0.0,0.0
2022-04-13 00:00:00+09:00,2011.0,2027.0,2003.0,2020.0,665800,0.0,0.0
2022-04-14 00:00:00+09:00,2026.0,2086.0,2022.0,2081.0,743700,0.0,0.0
2022-04-15 00:00:00+09:00,2076.0,2086.0,2038.0,2076.0,671900,0.0,0.0
2022-04-18 00:00:00+09:00,2064.0,2073.0,2029.0,2068.0,588800,0.0,0.0
2022-04-19 00:00:00+09:00,2094.0,2114.0,2083.0,2106.0,664600,0.0,0.0
2022-04-20 00:00:00+09:00,2140.0,2144.0,2104.0,2119.0,786000,0.0,0.0
2022-04-21 00:00:00+09:00,2113.0,2117.0,2091.0,2113.0,785700,0.0,0.0
2022-04-22 00:00:00+09:00,2080.0,2086.0,2058.0,2060.0,828000,0.0,0.0
2022-04-25 00:00:00+09:00,2000.0,2020.0,1990.0,2000.0,1510600,0.0,0.0
2022-04-26 00:00:00+09:00,2004.0,2040.0,2004.0,2031.0,1358400,0.0,0.0
2022-04-27 00:00:00+09:00,1999.0,2036.0,1983.0,2019.0,1773900,0.0,0.0
2022-04-28 00:00:00+09:00,1950.0,2003.0,1950.0,1999.0,2765000,0.0,0.0
2022-05-02 00:00:00+09:00,1968.0,1976.0,1942.0,1960.0,2023000,0.0,0.0
2022-05-06 00:00:00+09:00,1946.0,1958.0,1928.0,1935.0,2595000,0.0,0.0
2022-05-09 00:00:00+09:00,1926.0,1963.0,1923.0,1941.0,1122000,0.0,0.0
2022-05-10 00:00:00+09:00,1924.0,1950.0,1903.0,1943.0,1146800,0.0,0.0
2022-05-11 00:00:00+09:00,1918.0,1930.0,1893.0,1901.0,1324800,0.0,0.0
2022-05-12 00:00:00+09:00,1881.0,1890.0,1850.0,1850.0,1508500,0.0,0.0
2022-05-13 00:00:00+09:00,1870.0,1907.0,1866.0,1889.0,1139600,0.0,0.0
2022-05-16 00:00:00+09:00,1913.0,1914.0,1839.0,1844.0,1344900,0.0,0.0
2022-05-17 00:00:00+09:00,1852.0,1876.0,1844.0,1851.0,750000,0.0,0.0
2022-05-18 00:00:00+09:00,1874.0,1888.0,1868.0,1887.0,834100,0.0,0.0
2022-05-19 00:00:00+09:00,1825.0,1875.0,1822.0,1875.0,1402000,0.0,0.0
2022-05-20 00:00:00+09:00,1893.0,1912.0,1886.0,1910.0,1264300,0.0,0.0
2022-05-23 00:00:00+09:00,1941.0,1971.0,1934.0,1951.0,1248200,0.0,0.0
2022-05-24 00:00:00+09:00,1951.0,1957.0,1936.0,1950.0,1072000,0.0,0.0
2022-05-25 00:00:00+09:00,1932.0,1943.0,1911.0,1928.0,1062200,0.0,0.0
2022-05-26 00:00:00+09:00,1952.0,1963.0,1915.0,1917.0,1188800,0.0,0.0
2022-05-27 00:00:00+09:00,1948.0,1979.0,1941.0,1955.0,1326600,0.0,0.0
2022-05-30 00:00:00+09:00,1990.0,1992.0,1961.0,1981.0,1442400,0.0,0.0
2022-05-31 00:00:00+09:00,1981.0,1997.0,1976.0,1980.0,1279000,0.0,0.0
2022-06-01 00:00:00+09:00,1996.0,2047.0,1996.0,2036.0,1174600,0.0,0.0
2022-06-02 00:00:00+09:00,2001.0,2014.0,1994.0,2013.0,1079900,0.0,0.0
2022-06-03 00:00:00+09:00,2025.0,2025.0,1993.0,1996.0,1092600,0.0,0.0
2022-06-06 00:00:00+09:00,1992.0,2022.0,1984.0,2017.0,653800,0.0,0.0
2022-06-07 00:00:00+09:00,2026.0,2057.0,2026.0,2050.0,862900,0.0,0.0
2022-06-08 00:00:00+09:00,2061.0,2078.0,2051.0,2057.0,765100,0.0,0.0
2022-06-09 00:00:00+09:00,2047.0,2050.0,2031.0,2038.0,706600,0.0,0.0
2022-06-10 00:00:00+09:00,2003.0,2034.0,1992.0,2009.0,1278400,0.0,0.0
2022-06-13 00:00:00+09:00,1997.0,2004.0,1967.0,1976.0,1164800,0.0,0.0
2022-06-14 00:00:00+09:00,1945.0,1956.0,1932.0,1953.0,987500,0.0,0.0
2022-06-15 00:00:00+09:00,1962.0,1977.0,1952.0,1955.0,1258600,0.0,0.0
2022-06-16 00:00:00+09:00,1965.0,1994.0,1957.0,1966.0,675200,0.0,0.0
2022-06-17 00:00:00+09:00,1904.0,1928.0,1897.0,1924.0,1432900,0.0,0.0
2022-06-20 00:00:00+09:00,1925.0,1937.0,1856.0,1860.0,1429800,0.0,0.0
2022-06-21 00:00:00+09:00,1877.0,1922.0,1877.0,1912.0,1002900,0.0,0.0
2022-06-22 00:00:00+09:00,1920.0,1942.0,1917.0,1922.0,942400,0.0,0.0
2022-06-23 00:00:00+09:00,1951.0,1955.0,1934.0,1941.0,999500,0.0,0.0
2022-06-24 00:00:00+09:00,1979.0,1983.0,1943.0,1974.0,1175500,0.0,0.0
2022-06-27 00:00:00+09:00,2005.0,2007.0,1971.0,1994.0,1267400,0.0,0.0
2022-06-28 00:00:00+09:00,1993.0,2017.0,1985.0,2017.0,1637800,0.0,0.0
2022-06-29 00:00:00+09:00,1962.0,1971.0,1947.0,1951.0,1472400,0.0,0.0
2022-06-30 00:00:00+09:00,1950.0,1960.0,1922.0,1923.0,887300,0.0,0.0
2022-07-01 00:00:00+09:00,1925.0,1938.0,1897.0,1903.0,1045300,0.0,0.0
2022-07-04 00:00:00+09:00,1929.0,1948.0,1920.0,1947.0,954400,0.0,0.0
2022-07-05 00:00:00+09:00,1953.0,1959.0,1941.0,1959.0,824500,0.0,0.0
2022-07-06 00:00:00+09:00,1938.0,1971.0,1938.0,1967.0,1013700,0.0,0.0
2022-07-07 00:00:00+09:00,1982.0,1996.0,1963.0,1984.0,1047200,0.0,0.0
2022-07-08 00:00:00+09:00,2002.0,2020.0,1979.0,1979.0,1505300,0.0,0.0
2022-07-11 00:00:00+09:00,2017.0,2033.0,2008.0,2032.0,1101600,0.0,0.0
2022-07-12 00:00:00+09:00,2032.0,2032.0,1986.0,1987.0,952000,0.0,0.0
2022-07-13 00:00:00+09:00,2003.0,2014.0,1994.0,2006.0,744400,0.0,0.0
2022-07-14 00:00:00+09:00,2009.0,2027.0,1999.0,2024.0,713500,0.0,0.0
2022-07-15 00:00:00+09:00,2024.0,2045.0,2021.0,2036.0,824800,0.0,0.0
2022-07-19 00:00:00+09:00,2057.0,2063.0,2031.0,2040.0,785000,0.0,0.0
2022-07-20 00:00:00+09:00,2067.0,2085.0,2058.0,2076.0,1112700,0.0,0.0
2022-07-21 00:00:00+09:00,2062.0,2070.0,2041.0,2047.0,941900,0.0,0.0
2022-07-22 00:00:00+09:00,2061.0,2073.0,2045.0,2072.0,692100,0.0,0.0
2022-07-25 00:00:00+09:00,2074.0,2105.0,2073.0,2100.0,897800,0.0,0.0
2022-07-26 00:00:00+09:00,2086.0,2101.0,2075.0,2086.0,575100,0.0,0.0
2022-07-27 00:00:00+09:00,2088.0,2088.0,2052.0,2063.0,837700,0.0,0.0
2022-07-28 00:00:00+09:00,2066.0,2071.0,2043.0,2063.0,2175300,0.0,0.0
2022-07-29 00:00:00+09:00,2070.0,2071.0,2056.0,2057.0,738000,0.0,0.0
2022-08-01 00:00:00+09:00,2059.0,2087.0,2057.0,2076.0,635400,0.0,0.0
2022-08-02 00:00:00+09:00,2057.0,2064.0,2043.0,2051.0,547200,0.0,0.0
2022-08-03 00:00:00+09:00,2044.0,2046.0,2009.0,2012.0,717500,0.0,0.0
2022-08-04 00:00:00+09:00,2020.0,2034.0,2011.0,2029.0,343900,0.0,0.0
2022-08-05 00:00:00+09:00,2028.0,2069.0,2028.0,2065.0,561200,0.0,0.0
2022-08-08 00:00:00+09:00,2061.0,2084.0,2058.0,2079.0,603500,0.0,0.0
2022-08-09 00:00:00+09:00,2088.0,2094.0,2073.0,2074.0,720100,0.0,0.0
2022-08-10 00:00:00+09:00,2293.0,2318.0,2222.0,2250.0,7055600,0.0,0.0
2022-08-12 00:00:00+09:00,2291.0,2341.0,2277.0,2298.0,2922000,0.0,0.0
2022-08-15 00:00:00+09:00,2351.0,2356.0,2301.0,2320.0,1590700,0.0,0.0
2022-08-16 00:00:00+09:00,2309.0,2314.0,2297.0,2304.0,985000,0.0,0.0
2022-08-17 00:00:00+09:00,2329.0,2380.0,2326.0,2379.0,2062400,0.0,0.0
2022-08-18 00:00:00+09:00,2385.0,2401.0,2358.0,2388.0,1602400,0.0,0.0
2022-08-19 00:00:00+09:00,2402.0,2408.0,2383.0,2397.0,990700,0.0,0.0
2022-08-22 00:00:00+09:00,2385.0,2448.0,2372.0,2436.0,1889800,0.0,0.0
2022-08-23 00:00:00+09:00,2417.0,2417.0,2378.0,2379.0,1393500,0.0,0.0
2022-08-24 00:00:00+09:00,2390.0,2392.0,2351.0,2369.0,1028200,0.0,0.0
2022-08-25 00:00:00+09:00,2370.0,2383.0,2359.0,2373.0,756700,0.0,0.0
2022-08-26 00:00:00+09:00,2375.0,2381.0,2358.0,2362.0,948700,0.0,0.0
2022-08-29 00:00:00+09:00,2321.0,2378.0,2320.0,2368.0,910600,0.0,0.0
2022-08-30 00:00:00+09:00,2369.0,2388.0,2360.0,2387.0,763500,0.0,0.0
2022-08-31 00:00:00+09:00,2370.0,2387.0,2362.0,2371.0,1440300,0.0,0.0
2022-09-01 00:00:00+09:00,2351.0,2387.0,2350.0,2377.0,1222100,0.0,0.0
2022-09-02 00:00:00+09:00,2347.0,2350.0,2296.0,2302.0,1585900,0.0,0.0
2022-09-05 00:00:00+09:00,2295.0,2298.0,2270.0,2283.0,1004300,0.0,0.0
2022-09-06 00:00:00+09:00,2284.0,2307.0,2275.0,2299.0,815800,0.0,0.0
2022-09-07 00:00:00+09:00,2277.0,2284.0,2252.0,2269.0,1064100,0.0,0.0
2022-09-08 00:00:00+09:00,2308.0,2336.0,2305.0,2336.0,1091400,0.0,0.0
2022-09-09 00:00:00+09:00,2323.0,2346.0,2319.0,2339.0,777900,0.0,0.0
2022-09-12 00:00:00+09:00,2360.0,2360.0,2335.0,2347.0,624200,0.0,0.0
2022-09-13 00:00:00+09:00,2364.0,2379.0,2352.0,2374.0,663000,0.0,0.0
2022-09-14 00:00:00+09:00,2325.0,2335.0,2309.0,2320.0,1215800,0.0,0.0
2022-09-15 00:00:00+09:00,2320.0,2323.0,2309.0,2315.0,641300,0.0,0.0
2022-09-16 00:00:00+09:00,2318.0,2338.0,2312.0,2335.0,1168800,0.0,0.0
2022-09-20 00:00:00+09:00,2385.0,2385.0,2342.0,2351.0,1124200,0.0,0.0
2022-09-21 00:00:00+09:00,2332.0,2342.0,2310.0,2317.0,973600,0.0,0.0
2022-09-22 00:00:00+09:00,2295.0,2319.0,2290.0,2315.0,1181300,0.0,0.0
2022-09-26 00:00:00+09:00,2270.0,2270.0,2218.0,2233.0,1670100,0.0,0.0
2022-09-27 00:00:00+09:00,2238.0,2254.0,2206.0,2217.0,1325600,0.0,0.0
2022-09-28 00:00:00+09:00,2206.0,2210.0,2167.0,2199.0,1323700,0.0,0.0
2022-09-29 00:00:00+09:00,2233.0,2246.0,2220.0,2241.0,1150800,0.0,0.0
2022-09-30 00:00:00+09:00,2207.0,2225.0,2193.0,2205.0,1250500,0.0,0.0
2022-10-03 00:00:00+09:00,2180.0,2215.0,2160.0,2211.0,975100,0.0,0.0
2022-10-04 00:00:00+09:00,2261.0,2304.0,2254.0,2287.0,1105300,0.0,0.0
2022-10-05 00:00:00+09:00,2304.0,2308.0,2268.0,2270.0,865400,0.0,0.0
2022-10-06 00:00:00+09:00,2279.0,2318.0,2275.0,2304.0,851000,0.0,0.0
2022-10-07 00:00:00+09:00,2270.0,2313.0,2270.0,2308.0,797700,0.0,0.0
2022-10-11 00:00:00+09:00,2300.0,2312.0,2278.0,2282.0,918600,0.0,0.0
2022-10-12 00:00:00+09:00,2270.0,2293.0,2256.0,2284.0,727500,0.0,0.0
2022-10-13 00:00:00+09:00,2277.0,2292.0,2269.0,2285.0,757800,0.0,0.0
2022-10-14 00:00:00+09:00,2319.0,2323.0,2299.0,2308.0,798600,0.0,0.0
2022-10-17 00:00:00+09:00,2302.0,2323.0,2299.0,2308.0,944200,0.0,0.0
2022-10-18 00:00:00+09:00,2336.0,2336.0,2305.0,2324.0,811800,0.0,0.0
2022-10-19 00:00:00+09:00,2315.0,2339.0,2306.0,2333.0,891600,0.0,0.0
2022-10-20 00:00:00+09:00,2300.0,2315.0,2276.0,2280.0,1308900,0.0,0.0
2022-10-21 00:00:00+09:00,2271.0,2282.0,2266.0,2268.0,831700,0.0,0.0
2022-10-24 00:00:00+09:00,2291.0,2293.0,2251.0,2253.0,939400,0.0,0.0
2022-10-25 00:00:00+09:00,2261.0,2286.0,2252.0,2278.0,782000,0.0,0.0
2022-10-26 00:00:00+09:00,2307.0,2332.0,2289.0,2315.0,1269200,0.0,0.0
2022-10-27 00:00:00+09:00,2300.0,2304.0,2277.0,2293.0,1169200,0.0,0.0
2022-10-28 00:00:00+09:00,2294.0,2319.0,2288.0,2290.0,1890600,0.0,0.0
2022-10-31 00:00:00+09:00,2327.0,2345.0,2314.0,2330.0,1316600,0.0,0.0
2022-11-01 00:00:00+09:00,2257.0,2270.0,2178.0,2251.0,4553800,0.0,0.0
2022-11-02 00:00:00+09:00,2238.0,2265.0,2216.0,2220.0,2871200,0.0,0.0
2022-11-04 00:00:00+09:00,2145.0,2170.0,2128.0,2165.0,3266500,0.0,0.0
2022-11-07 00:00:00+09:00,2190.0,2205.0,2174.0,2205.0,1384600,0.0,0.0
2022-11-08 00:00:00+09:00,2220.0,2228.0,2200.0,2218.0,1235200,0.0,0.0
2022-11-09 00:00:00+09:00,2226.0,2254.0,2219.0,2237.0,1539000,0.0,0.0
2022-11-10 00:00:00+09:00,2232.0,2263.0,2221.0,2260.0,1277400,0.0,0.0
2022-11-11 00:00:00+09:00,2323.0,2344.0,2309.0,2344.0,3067900,0.0,0.0
2022-11-14 00:00:00+09:00,2350.0,2363.0,2324.0,2324.0,1621700,0.0,0.0
2022-11-15 00:00:00+09:00,2302.0,2336.0,2302.0,2333.0,960100,0.0,0.0
2022-11-16 00:00:00+09:00,2350.0,2361.0,2325.0,2342.0,1122800,0.0,0.0
2022-11-17 00:00:00+09:00,2347.0,2360.0,2341.0,2360.0,1061500,0.0,0.0
2022-11-18 00:00:00+09:00,2362.0,2375.0,2342.0,2345.0,1011400,0.0,0.0
2022-11-21 00:00:00+09:00,2344.0,2348.0,2322.0,2332.0,1132700,0.0,0.0
2022-11-22 00:00:00+09:00,2336.0,2350.0,2334.0,2350.0,996700,0.0,0.0
2022-11-24 00:00:00+09:00,2361.0,2399.0,2361.0,2398.0,1493200,0.0,0.0
2022-11-25 00:00:00+09:00,2400.0,2406.0,2390.0,2404.0,970800,0.0,0.0
2022-11-28 00:00:00+09:00,2419.0,2421.0,2374.0,2375.0,1334000,0.0,0.0
2022-11-29 00:00:00+09:00,2356.0,2372.0,2336.0,2360.0,1128300,0.0,0.0
2022-11-30 00:00:00+09:00,2365.0,2392.0,2345.0,2371.0,2163900,0.0,0.0
2022-12-01 00:00:00+09:00,2390.0,2395.0,2378.0,2383.0,1025400,0.0,0.0
2022-12-02 00:00:00+09:00,2385.0,2386.0,2345.0,2377.0,1701800,0.0,0.0
2022-12-05 00:00:00+09:00,2365.0,2371.0,2346.0,2347.0,1273200,0.0,0.0
2022-12-06 00:00:00+09:00,2342.0,2357.0,2328.0,2345.0,1344800,0.0,0.0
2022-12-07 00:00:00+09:00,2356.0,2382.0,2351.0,2373.0,861100,0.0,0.0
2022-12-08 00:00:00+09:00,2398.0,2408.0,2382.0,2408.0,1337100,0.0,0.0
2022-12-09 00:00:00+09:00,2408.0,2436.0,2397.0,2413.0,1452600,0.0,0.0
2022-12-12 00:00:00+09:00,2420.0,2424.0,2405.0,2407.0,830500,0.0,0.0
2022-12-13 00:00:00+09:00,2417.0,2434.0,2409.0,2411.0,1248100,0.0,0.0
2022-12-14 00:00:00+09:00,2424.0,2443.0,2417.0,2436.0,1076600,0.0,0.0
2022-12-15 00:00:00+09:00,2444.0,2462.0,2438.0,2449.0,1078500,0.0,0.0
2022-12-16 00:00:00+09:00,2440.0,2471.0,2436.0,2451.0,1506300,0.0,0.0
2022-12-19 00:00:00+09:00,2447.0,2453.0,2428.0,2431.0,1118500,0.0,0.0
2022-12-20 00:00:00+09:00,2408.0,2434.0,2363.0,2385.0,2689400,0.0,0.0
2022-12-21 00:00:00+09:00,2386.0,2402.0,2347.0,2350.0,1824900,0.0,0.0
2022-12-22 00:00:00+09:00,2372.0,2398.0,2363.0,2395.0,914100,0.0,0.0
2022-12-23 00:00:00+09:00,2402.0,2410.0,2388.0,2395.0,1207100,0.0,0.0
2022-12-26 00:00:00+09:00,2430.0,2437.0,2416.0,2435.0,883600,0.0,0.0
2022-12-27 00:00:00+09:00,2441.0,2445.0,2427.0,2440.0,1071900,0.0,0.0
2022-12-28 00:00:00+09:00,2435.0,2452.0,2407.0,2411.0,2871200,0.0,0.0
2022-12-29 00:00:00+09:00,2326.0,2330.0,2291.0,2309.0,2028700,0.0,0.0
2022-12-30 00:00:00+09:00,2317.0,2354.0,2316.0,2333.0,1197700,0.0,0.0
2023-01-04 00:00:00+09:00,2320.0,2320.0,2292.0,2298.0,973600,0.0,0.0
2023-01-05 00:00:00+09:00,2291.0,2296.0,2274.0,2285.0,881600,0.0,0.0
2023-01-06 00:00:00+09:00,2279.0,2323.0,2277.0,2319.0,918400,0.0,0.0
2023-01-10 00:00:00+09:00,2319.0,2335.0,2299.0,2309.0,1193800,0.0,0.0
2023-01-11 00:00:00+09:00,2315.0,2344.0,2308.0,2343.0,848300,0.0,0.0
2023-01-12 00:00:00+09:00,2360.0,2373.0,2347.0,2347.0,1039000,0.0,0.0
2023-01-13 00:00:00+09:00,2340.0,2372.0,2340.0,2355.0,901700,0.0,0.0
2023-01-16 00:00:00+09:00,2347.0,2347.0,2315.0,2315.0,587500,0.0,0.0
2023-01-17 00:00:00+09:00,2325.0,2340.0,2319.0,2330.0,690200,0.0,0.0
2023-01-18 00:00:00+09:00,2330.0,2368.0,2314.0,2359.0,1032600,0.0,0.0
2023-01-19 00:00:00+09:00,2350.0,2354.0,2322.0,2328.0,560700,0.0,0.0
2023-01-20 00:00:00+09:00,2336.0,2353.0,2327.0,2348.0,729200,0.0,0.0
2023-01-23 00:00:00+09:00,2373.0,2378.0,2358.0,2378.0,981000,0.0,0.0
2023-01-24 00:00:00+09:00,2380.0,2399.0,2375.0,2399.0,1257400,0.0,0.0
2023-01-25 00:00:00+09:00,2399.0,2405.0,2382.0,2400.0,971500,0.0,0.0
2023-01-26 00:00:00+09:00,2438.0,2446.0,2389.0,2405.0,1916100,0.0,0.0
2023-01-27 00:00:00+09:00,2416.0,2425.0,2401.0,2405.0,875500,0.0,0.0
2023-01-30 00:00:00+09:00,2402.0,2416.0,2398.0,2408.0,860600,0.0,0.0
2023-01-31 00:00:00+09:00,2419.0,2428.0,2401.0,2416.0,1641400,0.0,0.0
2023-02-01 00:00:00+09:00,2427.0,2427.0,2392.0,2393.0,836200,0.0,0.0
2023-02-02 00:00:00+09:00,2389.0,2395.0,2367.0,2380.0,615000,0.0,0.0
2023-02-03 00:00:00+09:00,2369.0,2402.0,2362.0,2400.0,801700,0.0,0.0
2023-02-06 00:00:00+09:00,2428.0,2437.0,2403.0,2420.0,924000,0.0,0.0
2023-02-07 00:00:00+09:00,2443.0,2445.0,2424.0,2427.0,1105400,0.0,0.0
2023-02-08 00:00:00+09:00,2445.0,2446.0,2419.0,2427.0,764800,0.0,0.0
2023-02-09 00:00:00+09:00,2420.0,2442.0,2420.0,2438.0,660700,0.0,0.0
2023-02-10 00:00:00+09:00,2430.0,2449.0,2419.0,2442.0,747600,0.0,0.0
2023-02-13 00:00:00+09:00,2452.0,2456.0,2432.0,2437.0,899400,0.0,0.0
2023-02-14 00:00:00+09:00,2450.0,2486.0,2439.0,2482.0,1717200,0.0,0.0
2023-02-15 00:00:00+09:00,2467.0,2548.0,2455.0,2492.0,2546900,0.0,0.0
2023-02-16 00:00:00+09:00,2493.0,2590.0,2491.0,2590.0,2315700,0.0,0.0
2023-02-17 00:00:00+09:00,2589.0,2648.0,2584.0,2624.0,1904200,0.0,0.0
2023-02-20 00:00:00+09:00,2655.0,2660.0,2613.0,2640.0,1606000,0.0,0.0
2023-02-21 00:00:00+09:00,2640.0,2680.0,2637.0,2664.0,993700,0.0,0.0
2023-02-22 00:00:00+09:00,2615.0,2639.0,2559.0,2567.0,2139200,0.0,0.0
2023-02-24 00:00:00+09:00,2566.0,2580.0,2538.0,2575.0,1538800,0.0,0.0
2023-02-27 00:00:00+09:00,2586.0,2619.0,2585.0,2617.0,1333100,0.0,0.0
2023-02-28 00:00:00+09:00,2635.0,2645.0,2606.0,2613.0,1074600,0.0,0.0
2023-03-01 00:00:00+09:00,2593.0,2628.0,2590.0,2617.0,686400,0.0,0.0
2023-03-02 00:00:00+09:00,2630.0,2630.0,2605.0,2612.0,951200,0.0,0.0
2023-03-03 00:00:00+09:00,2630.0,2645.0,2624.0,2645.0,1211000,0.0,0.0
2023-03-06 00:00:00+09:00,2670.0,2672.0,2644.0,2654.0,703100,0.0,0.0
2023-03-07 00:00:00+09:00,2658.0,2663.0,2634.0,2639.0,745400,0.0,0.0
2023-03-08 00:00:00+09:00,2606.0,2647.0,2596.0,2639.0,1309900,0.0,0.0
2023-03-09 00:00:00+09:00,2653.0,2705.0,2653.0,2698.0,1266600,0.0,0.0
2023-03-10 00:00:00+09:00,2653.0,2720.0,2648.0,2690.0,1319700,0.0,0.0
2023-03-13 00:00:00+09:00,2666.0,2673.0,2625.0,2646.0,1070800,0.0,0.0
2023-03-14 00:00:00+09:00,2596.0,2597.0,2513.0,2554.0,1767200,0.0,0.0
2023-03-15 00:00:00+09:00,2590.0,2640.0,2576.0,2629.0,1513000,0.0,0.0
2023-03-16 00:00:00+09:00,2624.0,2664.0,2591.0,2660.0,1839700,0.0,0.0
2023-03-17 00:00:00+09:00,2704.0,2739.0,2694.0,2728.0,2480000,0.0,0.0
2023-03-20 00:00:00+09:00,2681.0,2691.0,2585.0,2589.0,1755400,0.0,0.0
2023-03-22 00:00:00+09:00,2639.0,2654.0,2614.0,2642.0,1348900,0.0,0.0
2023-03-23 00:00:00+09:00,2592.0,2612.0,2557.0,2612.0,1094900,0.0,0.0
2023-03-24 00:00:00+09:00,2597.0,2608.0,2579.0,2602.0,585200,0.0,0.0
2023-03-27 00:00:00+09:00,2605.0,2615.0,2571.0,2587.0,893900,0.0,0.0
2023-03-28 00:00:00+09:00,2596.0,2597.0,2544.0,2554.0,981300,0.0,0.0
2023-03-29 00:00:00+09:00,2571.0,2635.0,2556.0,2635.0,1029100,0.0,0.0
2023-03-30 00:00:00+09:00,2628.0,2643.0,2597.0,2623.0,750500,0.0,0.0
2023-03-31 00:00:00+09:00,2654.0,2658.0,2611.0,2620.0,1330700,0.0,0.0
2023-04-03 00:00:00+09:00,2660.0,2673.0,2650.0,2664.0,886100,0.0,0.0
2023-04-04 00:00:00+09:00,2675.0,2702.0,2667.0,2702.0,938900,0.0,0.0
2023-04-05 00:00:00+09:00,2665.0,2680.0,2630.0,2631.0,921000,0.0,0.0
2023-04-06 00:00:00+09:00,2601.0,2620.0,2592.0,2602.0,1274700,0.0,0.0
2023-04-07 00:00:00+09:00,2609.0,2656.0,2608.0,2644.0,1010800,0.0,0.0
2023-04-10 00:00:00+09:00,2655.0,2668.0,2650.0,2659.0,623000,0.0,0.0
2023-04-11 00:00:00+09:00,2700.0,2716.0,2682.0,2705.0,790000,0.0,0.0
2023-04-12 00:00:00+09:00,2735.0,2756.0,2733.0,2744.0,959600,0.0,0.0
2023-04-13 00:00:00+09:00,2750.0,2753.0,2723.0,2748.0,818700,0.0,0.0
2023-04-14 00:00:00+09:00,2758.0,2774.0,2737.0,2739.0,934900,0.0,0.0
2023-04-17 00:00:00+09:00,2775.0,2812.0,2772.0,2812.0,1123100,0.0,0.0
2023-04-18 00:00:00+09:00,2810.0,2818.0,2792.0,2806.0,780400,0.0,0.0
2023-04-19 00:00:00+09:00,2795.0,2798.0,2763.0,2795.0,996400,0.0,0.0
2023-04-20 00:00:00+09:00,2800.0,2814.0,2778.0,2811.0,924900,0.0,0.0
2023-04-21 00:00:00+09:00,2811.0,2862.0,2803.0,2848.0,1355700,0.0,0.0
2023-04-24 00:00:00+09:00,2841.0,2869.0,2839.0,2859.0,964300,0.0,0.0
2023-04-25 00:00:00+09:00,2859.0,2877.0,2826.0,2832.0,1011300,0.0,0.0
2023-04-26 00:00:00+09:00,2830.0,2847.0,2810.0,2833.0,963300,0.0,0.0
2023-04-27 00:00:00+09:00,2823.0,2868.0,2814.0,2862.0,1005000,0.0,0.0
2023-04-28 00:00:00+09:00,2950.0,2975.0,2897.0,2925.0,2228800,0.0,0.0
2023-05-01 00:00:00+09:00,2950.0,2983.0,2905.0,2971.0,1114600,0.0,0.0
2023-05-02 00:00:00+09:00,2970.0,2971.0,2902.0,2917.0,969800,0.0,0.0
2023-05-08 00:00:00+09:00,2884.0,2919.0,2880.0,2913.0,1355400,0.0,0.0
2023-05-09 00:00:00+09:00,2923.0,2964.0,2918.0,2964.0,957800,0.0,0.0
2023-05-10 00:00:00+09:00,2965.0,2985.0,2962.0,2965.0,635000,0.0,0.0
2023-05-11 00:00:00+09:00,2950.0,2959.0,2929.0,2952.0,598000,0.0,0.0
2023-05-12 00:00:00+09:00,2948.0,3020.0,2944.0,3015.0,1083000,0.0,0.0
2023-05-15 00:00:00+09:00,3050.0,3070.0,3025.0,3065.0,920200,0.0,0.0
2023-05-16 00:00:00+09:00,3100.0,3110.0,3055.0,3090.0,857300,0.0,0.0
2023-05-17 00:00:00+09:00,3110.0,3115.0,3075.0,3085.0,730100,0.0,0.0
2023-05-18 00:00:00+09:00,3095.0,3095.0,3045.0,3075.0,1139400,0.0,0.0
2023-05-19 00:00:00+09:00,3090.0,3095.0,3060.0,3075.0,681300,0.0,0.0
2023-05-22 00:00:00+09:00,3075.0,3165.0,3070.0,3165.0,1283500,0.0,0.0
2023-05-23 00:00:00+09:00,3185.0,3210.0,3145.0,3160.0,1409500,0.0,0.0
2023-05-24 00:00:00+09:00,3115.0,3160.0,3100.0,3125.0,944300,0.0,0.0
2023-05-25 00:00:00+09:00,3125.0,3160.0,3115.0,3140.0,759800,0.0,0.0
2023-05-26 00:00:00+09:00,3130.0,3165.0,3125.0,3130.0,662200,0.0,0.0
2023-05-29 00:00:00+09:00,3170.0,3200.0,3155.0,3180.0,787200,0.0,0.0
2023-05-30 00:00:00+09:00,3200.0,3235.0,3175.0,3215.0,879900,0.0,0.0
2023-05-31 00:00:00+09:00,3195.0,3200.0,3120.0,3145.0,2284100,0.0,0.0
2023-06-01 00:00:00+09:00,3125.0,3145.0,3110.0,3135.0,947800,0.0,0.0
2023-06-02 00:00:00+09:00,3135.0,3150.0,3090.0,3130.0,1223000,0.0,0.0
2023-06-05 00:00:00+09:00,3200.0,3215.0,3171.0,3198.0,1344500,0.0,0.0
2023-06-06 00:00:00+09:00,3205.0,3298.0,3194.0,3297.0,1355800,0.0,0.0
2023-06-07 00:00:00+09:00,3338.0,3343.0,3246.0,3249.0,1384300,0.0,0.0
2023-06-08 00:00:00+09:00,3260.0,3290.0,3223.0,3242.0,728500,0.0,0.0
2023-06-09 00:00:00+09:00,3270.0,3318.0,3254.0,3313.0,901900,0.0,0.0
2023-06-12 00:00:00+09:00,3339.0,3348.0,3312.0,3338.0,985700,0.0,0.0
2023-06-13 00:00:00+09:00,3364.0,3405.0,3342.0,3375.0,1300200,0.0,0.0
2023-06-14 00:00:00+09:00,3400.0,3406.0,3348.0,3403.0,1318200,0.0,0.0
2023-06-15 00:00:00+09:00,3408.0,3424.0,3378.0,3409.0,1113600,0.0,0.0
2023-06-16 00:00:00+09:00,3437.0,3437.0,3360.0,3425.0,2137100,0.0,0.0
2023-06-19 00:00:00+09:00,3452.0,3466.0,3396.0,3425.0,797400,0.0,0.0
2023-06-20 00:00:00+09:00,3422.0,3433.0,3403.0,3426.0,787400,0.0,0.0
2023-06-21 00:00:00+09:00,3367.0,3487.0,3353.0,3470.0,2118000,0.0,0.0
2023-06-22 00:00:00+09:00,3505.0,3550.0,3504.0,3535.0,925600,0.0,0.0
2023-06-23 00:00:00+09:00,3547.0,3566.0,3441.0,3468.0,1180300,0.0,0.0
2023-06-26 00:00:00+09:00,3470.0,3480.0,3433.0,3452.0,730400,0.0,0.0
2023-06-27 00:00:00+09:00,3455.0,3472.0,3407.0,3446.0,805700,0.0,0.0
2023-06-28 00:00:00+09:00,3506.0,3553.0,3485.0,3553.0,1637500,0.0,0.0
2023-06-29 00:00:00+09:00,3493.0,3531.0,3471.0,3488.0,1260900,0.0,0.0
2023-06-30 00:00:00+09:00,3488.0,3498.0,3460.0,3483.0,789900,0.0,0.0
2023-07-03 00:00:00+09:00,3527.0,3535.0,3503.0,3508.0,939800,0.0,0.0
2023-07-04 00:00:00+09:00,3518.0,3526.0,3470.0,3477.0,810300,0.0,0.0
2023-07-05 00:00:00+09:00,3469.0,3491.0,3442.0,3483.0,751200,0.0,0.0
2023-07-06 00:00:00+09:00,3459.0,3482.0,3439.0,3445.0,979700,0.0,0.0
2023-07-07 00:00:00+09:00,3385.0,3410.0,3334.0,3350.0,1083900,0.0,0.0
2023-07-10 00:00:00+09:00,3313.0,3360.0,3279.0,3303.0,1360900,0.0,0.0
2023-07-11 00:00:00+09:00,3344.0,3345.0,3271.0,3288.0,814200,0.0,0.0
2023-07-12 00:00:00+09:00,3302.0,3308.0,3234.0,3251.0,987300,0.0,0.0
2023-07-13 00:00:00+09:00,3305.0,3373.0,3285.0,3343.0,1171500,0.0,0.0
2023-07-14 00:00:00+09:00,3370.0,3398.0,3340.0,3380.0,872000,0.0,0.0
2023-07-18 00:00:00+09:00,3393.0,3427.0,3376.0,3409.0,574600,0.0,0.0
2023-07-19 00:00:00+09:00,3468.0,3473.0,3418.0,3439.0,596900,0.0,0.0
2023-07-20 00:00:00+09:00,3440.0,3455.0,3399.0,3403.0,555000,0.0,0.0
2023-07-21 00:00:00+09:00,3391.0,3422.0,3380.0,3381.0,711800,0.0,0.0
2023-07-24 00:00:00+09:00,3405.0,3431.0,3391.0,3413.0,555600,0.0,0.0
2023-07-25 00:00:00+09:00,3429.0,3431.0,3397.0,3424.0,548700,0.0,0.0
2023-07-26 00:00:00+09:00,3445.0,3448.0,3399.0,3423.0,579600,0.0,0.0
2023-07-27 00:00:00+09:00,3410.0,3418.0,3385.0,3407.0,775100,0.0,0.0
2023-07-28 00:00:00+09:00,3366.0,3400.0,3308.0,3351.0,3179500,0.0,0.0
2023-07-31 00:00:00+09:00,3395.0,3443.0,3377.0,3429.0,1142100,0.0,0.0
2023-08-01 00:00:00+09:00,3445.0,3483.0,3438.0,3480.0,702100,0.0,0.0
2023-08-02 00:00:00+09:00,3457.0,3481.0,3401.0,3404.0,713300,0.0,0.0
2023-08-03 00:00:00+09:00,3367.0,3376.0,3333.0,3343.0,698700,0.0,0.0
2023-08-04 00:00:00+09:00,3321.0,3383.0,3320.0,3328.0,656100,0.0,0.0
2023-08-07 00:00:00+09:00,3300.0,3356.0,3287.0,3356.0,580400,0.0,0.0
2023-08-08 00:00:00+09:00,3364.0,3447.0,3364.0,3435.0,942800,0.0,0.0
2023-08-09 00:00:00+09:00,3620.0,3872.0,3568.0,3824.0,4840400,0.0,0.0
2023-08-10 00:00:00+09:00,3880.0,4028.0,3875.0,4019.0,2508500,0.0,0.0
2023-08-14 00:00:00+09:00,4008.0,4040.0,3846.0,3912.0,1642800,0.0,0.0
2023-08-15 00:00:00+09:00,3982.0,4028.0,3950.0,4014.0,1108700,0.0,0.0
2023-08-16 00:00:00+09:00,3999.0,4222.0,3995.0,4189.0,2762300,0.0,0.0
2023-08-17 00:00:00+09:00,4180.0,4187.0,4071.0,4150.0,1861500,0.0,0.0
2023-08-18 00:00:00+09:00,3940.0,3991.0,3853.0,3891.0,2514900,0.0,0.0
2023-08-21 00:00:00+09:00,3920.0,3950.0,3892.0,3892.0,1157400,0.0,0.0
2023-08-22 00:00:00+09:00,3892.0,3923.0,3868.0,3904.0,823700,0.0,0.0
2023-08-23 00:00:00+09:00,3893.0,3935.0,3867.0,3924.0,804500,0.0,0.0
2023-08-24 00:00:00+09:00,3952.0,3957.0,3894.0,3899.0,903000,0.0,0.0
2023-08-25 00:00:00+09:00,3870.0,3909.0,3861.0,3901.0,733000,0.0,0.0
2023-08-28 00:00:00+09:00,3935.0,3977.0,3926.0,3977.0,674400,0.0,0.0
2023-08-29 00:00:00+09:00,3981.0,4040.0,3951.0,4002.0,799400,0.0,0.0
2023-08-30 00:00:00+09:00,4040.0,4103.0,4018.0,4075.0,1040900,0.0,0.0
2023-08-31 00:00:00+09:00,4076.0,4143.0,4075.0,4106.0,1468300,0.0,0.0
2023-09-01 00:00:00+09:00,4077.0,4147.0,4065.0,4145.0,834500,0.0,0.0
2023-09-04 00:00:00+09:00,4150.0,4173.0,4136.0,4165.0,727300,0.0,0.0
2023-09-05 00:00:00+09:00,4147.0,4191.0,4106.0,4151.0,765400,0.0,0.0
2023-09-06 00:00:00+09:00,4098.0,4148.0,4004.0,4021.0,2301200,0.0,0.0
2023-09-07 00:00:00+09:00,4021.0,4087.0,4020.0,4069.0,1041500,0.0,0.0
2023-09-08 00:00:00+09:00,4080.0,4120.0,4029.0,4057.0,889100,0.0,0.0
2023-09-11 00:00:00+09:00,4070.0,4091.0,4041.0,4080.0,623000,0.0,0.0
2023-09-12 00:00:00+09:00,4097.0,4141.0,4081.0,4130.0,798000,0.0,0.0
2023-09-13 00:00:00+09:00,4169.0,4169.0,4046.0,4068.0,961900,0.0,0.0
2023-09-14 00:00:00+09:00,4065.0,4138.0,4043.0,4138.0,1023300,0.0,0.0
2023-09-15 00:00:00+09:00,4200.0,4316.0,4169.0,4292.0,2196600,0.0,0.0
2023-09-19 00:00:00+09:00,4292.0,4292.0,4181.0,4270.0,1675400,0.0,0.0
2023-09-20 00:00:00+09:00,4257.0,4261.0,4123.0,4132.0,1575100,0.0,0.0
2023-09-21 00:00:00+09:00,4098.0,4131.0,4063.0,4076.0,976700,0.0,0.0
2023-09-22 00:00:00+09:00,3980.0,4030.0,3926.0,4002.0,1631500,0.0,0.0
2023-09-25 00:00:00+09:00,4040.0,4072.0,3996.0,4042.0,542500,0.0,0.0
2023-09-26 00:00:00+09:00,3983.0,3994.0,3917.0,3930.0,1182000,0.0,0.0
2023-09-27 00:00:00+09:00,3886.0,3899.0,3795.0,3898.0,2033300,0.0,0.0
2023-09-28 00:00:00+09:00,3846.0,3895.0,3811.0,3846.0,1457500,0.0,0.0
2023-09-29 00:00:00+09:00,3896.0,3910.0,3773.0,3806.0,1041300,0.0,0.0
2023-10-02 00:00:00+09:00,3823.0,3841.0,3761.0,3763.0,1307100,0.0,0.0
2023-10-03 00:00:00+09:00,3737.0,3749.0,3616.0,3635.0,1906900,0.0,0.0
2023-10-04 00:00:00+09:00,3570.0,3588.0,3450.0,3453.0,1794200,0.0,0.0
2023-10-05 00:00:00+09:00,3518.0,3638.0,3500.0,3615.0,1545600,0.0,0.0
2023-10-06 00:00:00+09:00,3624.0,3733.0,3623.0,3653.0,1535500,0.0,0.0
2023-10-10 00:00:00+09:00,3720.0,3725.0,3677.0,3715.0,1005400,0.0,0.0
2023-10-11 00:00:00+09:00,3705.0,3765.0,3682.0,3701.0,1032500,0.0,0.0
2023-10-12 00:00:00+09:00,3756.0,3790.0,3742.0,3767.0,1309400,0.0,0.0
2023-10-13 00:00:00+09:00,3697.0,3733.0,3633.0,3638.0,1080500,0.0,0.0
2023-10-16 00:00:00+09:00,3640.0,3661.0,3586.0,3601.0,897200,0.0,0.0
2023-10-17 00:00:00+09:00,3657.0,3668.0,3592.0,3607.0,454600,0.0,0.0
2023-10-18 00:00:00+09:00,3618.0,3635.0,3578.0,3623.0,625700,0.0,0.0
2023-10-19 00:00:00+09:00,3555.0,3586.0,3507.0,3522.0,1283000,0.0,0.0
2023-10-20 00:00:00+09:00,3501.0,3509.0,3458.0,3492.0,1309300,0.0,0.0
2023-10-23 00:00:00+09:00,3484.0,3505.0,3451.0,3469.0,993300,0.0,0.0
2023-10-24 00:00:00+09:00,3501.0,3519.0,3383.0,3475.0,1006600,0.0,0.0
2023-10-25 00:00:00+09:00,3514.0,3515.0,3444.0,3450.0,815400,0.0,0.0
2023-10-26 00:00:00+09:00,3464.0,3485.0,3435.0,3479.0,1215500,0.0,0.0
2023-10-27 00:00:00+09:00,3502.0,3553.0,3484.0,3547.0,911500,0.0,0.0
2023-10-30 00:00:00+09:00,3535.0,3535.0,3424.0,3457.0,1178800,0.0,0.0
2023-10-31 00:00:00+09:00,3490.0,3535.0,3453.0,3534.0,1397700,0.0,0.0
2023-11-01 00:00:00+09:00,3300.0,3350.0,3262.0,3340.0,3742600,0.0,0.0
2023-11-02 00:00:00+09:00,3388.0,3450.0,3376.0,3418.0,1729000,0.0,0.0
2023-11-06 00:00:00+09:00,3529.0,3630.0,3510.0,3541.0,2080200,0.0,0.0
2023-11-07 00:00:00+09:00,3521.0,3574.0,3510.0,3528.0,968500,0.0,0.0
2023-11-08 00:00:00+09:00,3609.0,3616.0,3476.0,3492.0,1238900,0.0,0.0
2023-11-09 00:00:00+09:00,3522.0,3598.0,3503.0,3574.0,918700,0.0,0.0
2023-11-10 00:00:00+09:00,3548.0,3601.0,3531.0,3601.0,950400,0.0,0.0
2023-11-13 00:00:00+09:00,3640.0,3647.0,3570.0,3580.0,982200,0.0,0.0
2023-11-14 00:00:00+09:00,3613.0,3635.0,3592.0,3605.0,760000,0.0,0.0
2023-11-15 00:00:00+09:00,3681.0,3724.0,3666.0,3708.0,1460700,0.0,0.0
2023-11-16 00:00:00+09:00,3676.0,3734.0,3651.0,3684.0,991800,0.0,0.0
2023-11-17 00:00:00+09:00,3675.0,3759.0,3653.0,3753.0,1170500,0.0,0.0
2023-11-20 00:00:00+09:00,3782.0,3843.0,3774.0,3804.0,1615500,0.0,0.0
2023-11-21 00:00:00+09:00,3865.0,3934.0,3827.0,3884.0,2119100,0.0,0.0
2023-11-22 00:00:00+09:00,3848.0,3923.0,3837.0,3858.0,1088800,0.0,0.0
2023-11-24 00:00:00+09:00,3892.0,3896.0,3850.0,3866.0,707900,0.0,0.0
2023-11-27 00:00:00+09:00,3894.0,3894.0,3837.0,3838.0,832700,0.0,0.0
2023-11-28 00:00:00+09:00,3845.0,3875.0,3802.0,3866.0,892000,0.0,0.0
2023-11-29 00:00:00+09:00,3850.0,3867.0,3778.0,3789.0,956300,0.0,0.0
2023-11-30 00:00:00+09:00,3786.0,3791.0,3718.0,3774.0,1290900,0.0,0.0
2023-12-01 00:00:00+09:00,3812.0,3841.0,3778.0,3818.0,878100,0.0,0.0
2023-12-04 00:00:00+09:00,3820.0,3870.0,3769.0,3866.0,1250100,0.0,0.0
2023-12-05 00:00:00+09:00,3860.0,3902.0,3840.0,3841.0,1254100,0.0,0.0
2023-12-06 00:00:00+09:00,3807.0,3938.0,3807.0,3937.0,1167200,0.0,0.0
2023-12-07 00:00:00+09:00,3907.0,3940.0,3889.0,3903.0,1089800,0.0,0.0
2023-12-08 00:00:00+09:00,3867.0,3890.0,3763.0,3782.0,1545500,0.0,0.0
2023-12-11 00:00:00+09:00,3832.0,3910.0,3828.0,3903.0,1234700,0.0,0.0
2023-12-12 00:00:00+09:00,3930.0,3994.0,3919.0,3926.0,1218400,0.0,0.0
2023-12-13 00:00:00+09:00,3926.0,3970.0,3897.0,3913.0,853600,0.0,0.0
2023-12-14 00:00:00+09:00,4053.0,4108.0,3999.0,4041.0,2629500,0.0,0.0
2023-12-15 00:00:00+09:00,4111.0,4239.0,4102.0,4187.0,3106100,0.0,0.0
2023-12-18 00:00:00+09:00,4118.0,4127.0,4038.0,4119.0,1314900,0.0,0.0
2023-12-19 00:00:00+09:00,4119.0,4165.0,4085.0,4149.0,882600,0.0,0.0
2023-12-20 00:00:00+09:00,4200.0,4262.0,4190.0,4241.0,1498400,0.0,0.0
2023-12-21 00:00:00+09:00,4210.0,4253.0,4194.0,4219.0,859000,0.0,0.0
2023-12-22 00:00:00+09:00,4253.0,4291.0,4233.0,4289.0,918400,0.0,0.0
2023-12-25 00:00:00+09:00,4311.0,4344.0,4250.0,4261.0,864100,0.0,0.0
2023-12-26 00:00:00+09:00,4250.0,4263.0,4204.0,4249.0,717400,0.0,0.0
2023-12-27 00:00:00+09:00,4287.0,4306.0,4227.0,4239.0,1136500,0.0,0.0
2023-12-28 00:00:00+09:00,4118.0,4207.0,4114.0,4197.0,853100,0.0,0.0
2023-12-29 00:00:00+09:00,4200.0,4248.0,4178.0,4203.0,806800,0.0,0.0
2024-01-04 00:00:00+09:00,4151.0,4154.0,4088.0,4138.0,1450000,0.0,0.0
2024-01-05 00:00:00+09:00,4124.0,4172.0,4086.0,4164.0,1324900,0.0,0.0
2024-01-09 00:00:00+09:00,4208.0,4259.0,4178.0,4258.0,1062100,0.0,0.0
2024-01-10 00:00:00+09:00,4277.0,4320.0,4252.0,4318.0,886800,0.0,0.0
2024-01-11 00:00:00+09:00,4388.0,4417.0,4356.0,4361.0,1082800,0.0,0.0
2024-01-12 00:00:00+09:00,4403.0,4500.0,4369.0,4500.0,1867600,0.0,0.0
2024-01-15 00:00:00+09:00,4510.0,4599.0,4502.0,4592.0,240700,0.0,0.0
2024-01-16 00:00:00+09:00,4510.0,4641.0,4502.0,4606.0,922900,0.0,0.0
2024-01-17 00:00:00+09:00,4630.0,4647.0,4508.0,4509.0,1278900,0.0,0.0
2024-01-18 00:00:00+09:00,4494.0,4524.0,4445.0,4484.0,809000,0.0,0.0
2024-01-19 00:00:00+09:00,4510.0,4563.0,4460.0,4528.0,1030600,0.0,0.0
2024-01-22 00:00:00+09:00,4539.0,4592.0,4502.0,4591.0,791200,0.0,0.0
2024-01-23 00:00:00+09:00,4600.0,4688.0,4593.0,4649.0,1095400,0.0,0.0
2024-01-24 00:00:00+09:00,4382.0,4423.0,4288.0,4314.0,4233400,0.0,0.0
2024-01-25 00:00:00+09:00,4310.0,4425.0,4307.0,4424.0,1695000,0.0,0.0
2024-01-26 00:00:00+09:00,4408.0,4439.0,4307.0,4323.0,1364600,0.0,0.0
2024-01-29 00:00:00+09:00,4320.0,4404.0,4305.0,4378.0,1035600,0.0,0.0
2024-01-30 00:00:00+09:00,4352.0,4399.0,4351.0,4366.0,713500,0.0,0.0
2024-01-31 00:00:00+09:00,4365.0,4389.0,4327.0,4384.0,1775500,0.0,0.0
2024-02-01 00:00:00+09:00,4312.0,4418.0,4292.0,4353.0,1020900,0.0,0.0
2024-02-02 00:00:00+09:00,4423.0,4435.0,4376.0,4402.0,868700,0.0,0.0
2024-02-05 00:00:00+09:00,4412.0,4414.0,4366.0,4400.0,798800,0.0,0.0
2024-02-06 00:00:00+09:00,4330.0,4345.0,4268.0,4273.0,1364200,0.0,0.0
2024-02-07 00:00:00+09:00,4251.0,4339.0,4247.0,4329.0,1018700,0.0,0.0
2024-02-08 00:00:00+09:00,4259.0,4291.0,4242.0,4273.0,1219400,0.0,0.0
2024-02-09 00:00:00+09:00,4245.0,4282.0,4231.0,4242.0,1080300,0.0,0.0
2024-02-13 00:00:00+09:00,4287.0,4291.0,4202.0,4271.0,1587700,0.0,0.0
2024-02-14 00:00:00+09:00,4168.0,4189.0,4132.0,4168.0,1354300,0.0,0.0
2024-02-15 00:00:00+09:00,4177.0,4215.0,4007.0,4041.0,3325000,0.0,0.0
2024-02-16 00:00:00+09:00,4069.0,4182.0,4045.0,4152.0,1931200,0.0,0.0
2024-02-19 00:00:00+09:00,4145.0,4145.0,4073.0,4109.0,1069700,0.0,0.0
2024-02-20 00:00:00+09:00,4095.0,4102.0,4060.0,4083.0,821500,0.0,0.0
2024-02-21 00:00:00+09:00,4150.0,4262.0,4129.0,4130.0,1397600,0.0,0.0
2024-02-22 00:00:00+09:00,4130.0,4237.0,4127.0,4218.0,1096200,0.0,0.0
2024-02-26 00:00:00+09:00,4300.0,4336.0,4265.0,4285.0,1221500,0.0,0.0
2024-02-27 00:00:00+09:00,4279.0,4304.0,4214.0,4219.0,923100,0.0,0.0
2024-02-28 00:00:00+09:00,4222.0,4252.0,4181.0,4240.0,778900,0.0,0.0
2024-02-29 00:00:00+09:00,4228.0,4294.0,4210.0,4279.0,856100,0.0,0.0
2024-03-01 00:00:00+09:00,4310.0,4358.0,4287.0,4329.0,878600,0.0,0.0
2024-03-04 00:00:00+09:00,4375.0,4390.0,4297.0,4315.0,916600,0.0,0.0
2024-03-05 00:00:00+09:00,4279.0,4286.0,4227.0,4267.0,821500,0.0,0.0
2024-03-06 00:00:00+09:00,4265.0,4350.0,4253.0,4324.0,782000,0.0,0.0
2024-03-07 00:00:00+09:00,4350.0,4350.0,4289.0,4316.0,762200,0.0,0.0
2024-03-08 00:00:00+09:00,4290.0,4358.0,4242.0,4333.0,926600,0.0,0.0
2024-03-11 00:00:00+09:00,4245.0,4274.0,4175.0,4223.0,725700,0.0,0.0
2024-03-12 00:00:00+09:00,4160.0,4188.0,4094.0,4188.0,774200,0.0,0.0
2024-03-13 00:00:00+09:00,4200.0,4232.0,4120.0,4135.0,552200,0.0,0.0
2024-03-14 00:00:00+09:00,4125.0,4191.0,4103.0,4191.0,569200,0.0,0.0
2024-03-15 00:00:00+09:00,4080.0,4185.0,4072.0,4136.0,1063800,0.0,0.0
2024-03-18 00:00:00+09:00,4170.0,4217.0,4152.0,4212.0,612300,0.0,0.0
2024-03-19 00:00:00+09:00,4220.0,4369.0,4215.0,4350.0,1021200,0.0,0.0
2024-03-21 00:00:00+09:00,4560.0,4584.0,4487.0,4530.0,1568700,0.0,0.0
2024-03-22 00:00:00+09:00,4580.0,4654.0,4523.0,4583.0,1140900,0.0,0.0
2024-03-25 00:00:00+09:00,4600.0,4608.0,4520.0,4529.0,609400,0.0,0.0
2024-03-26 00:00:00+09:00,4529.0,4553.0,4495.0,4539.0,486500,0.0,0.0
2024-03-27 00:00:00+09:00,4560.0,4662.0,4549.0,4643.0,855700,0.0,0.0
2024-03-28 00:00:00+09:00,4654.0,4779.0,4650.0,4746.0,1106700,0.0,0.0
2024-03-29 00:00:00+09:00,4782.0,4979.0,4782.0,4908.0,1092400,0.0,0.0
2024-04-01 00:00:00+09:00,4971.0,4998.0,4857.0,4880.0,1050600,0.0,0.0
2024-04-02 00:00:00+09:00,4850.0,4888.0,4738.0,4795.0,935600,0.0,0.0
2024-04-03 00:00:00+09:00,4729.0,4836.0,4687.0,4798.0,844600,0.0,0.0
2024-04-04 00:00:00+09:00,4868.0,4905.0,4825.0,4896.0,764200,0.0,0.0
2024-04-05 00:00:00+09:00,4846.0,4892.0,4812.0,4848.0,810900,0.0,0.0
2024-04-08 00:00:00+09:00,4934.0,5040.0,4913.0,4959.0,982700,0.0,0.0
2024-04-09 00:00:00+09:00,4972.0,5018.0,4931.0,4997.0,811800,0.0,0.0
2024-04-10 00:00:00+09:00,5009.0,5053.0,4966.0,4995.0,764500,0.0,0.0
2024-04-11 00:00:00+09:00,4855.0,4866.0,4766.0,4798.0,2033500,0.0,0.0
2024-04-12 00:00:00+09:00,4792.0,4896.0,4761.0,4834.0,1177000,0.0,0.0
2024-04-15 00:00:00+09:00,4819.0,4839.0,4766.0,4802.0,831800,0.0,0.0
2024-04-16 00:00:00+09:00,4732.0,4757.0,4587.0,4607.0,1613500,0.0,0.0
2024-04-17 00:00:00+09:00,4582.0,4587.0,4453.0,4457.0,1337000,0.0,0.0
2024-04-18 00:00:00+09:00,4493.0,4504.0,4389.0,4492.0,1267700,0.0,0.0
2024-04-19 00:00:00+09:00,4427.0,4453.0,4262.0,4330.0,1841400,0.0,0.0
2024-04-22 00:00:00+09:00,4452.0,4514.0,4405.0,4508.0,1394400,0.0,0.0
2024-04-23 00:00:00+09:00,4530.0,4654.0,4530.0,4622.0,1446200,0.0,0.0
2024-04-24 00:00:00+09:00,4762.0,4832.0,4722.0,4819.0,1371200,0.0,0.0
2024-04-25 00:00:00+09:00,4805.0,4823.0,4716.0,4722.0,862400,0.0,0.0
2024-04-26 00:00:00+09:00,4745.0,4749.0,4652.0,4737.0,774200,0.0,0.0
2024-04-30 00:00:00+09:00,4850.0,4932.0,4792.0,4885.0,1571600,0.0,0.0
2024-05-01 00:00:00+09:00,5204.0,5398.0,5133.0,5359.0,3842700,0.0,0.0
2024-05-02 00:00:00+09:00,5348.0,5367.0,5208.0,5360.0,1875100,0.0,0.0
2024-05-07 00:00:00+09:00,5400.0,5633.0,5400.0,5633.0,2088800,0.0,0.0
2024-05-08 00:00:00+09:00,5559.0,5610.0,5545.0,5562.0,1079900,0.0,0.0
2024-05-09 00:00:00+09:00,5621.0,5720.0,5566.0,5652.0,1301900,0.0,0.0
2024-05-10 00:00:00+09:00,5734.0,5898.0,5688.0,5898.0,1853400,0.0,0.0
2024-05-13 00:00:00+09:00,5835.0,5941.0,5759.0,5892.0,1473500,0.0,0.0
2024-05-14 00:00:00+09:00,5850.0,5889.0,5690.0,5740.0,1507500,0.0,0.0
2024-05-15 00:00:00+09:00,5822.0,5839.0,5732.0,5752.0,1118100,0.0,0.0
2024-05-16 00:00:00+09:00,5848.0,6016.0,5827.0,5988.0,1636700,0.0,0.0
2024-05-17 00:00:00+09:00,5788.0,5909.0,5750.0,5905.0,1585000,0.0,0.0
2024-05-20 00:00:00+09:00,5883.0,6028.0,5860.0,6003.0,1193700,0.0,0.0
2024-05-21 00:00:00+09:00,6000.0,6055.0,5920.0,5954.0,1102100,0.0,0.0
2024-05-22 00:00:00+09:00,5916.0,5925.0,5804.0,5844.0,855800,0.0,0.0
2024-05-23 00:00:00+09:00,5701.0,5735.0,5606.0,5728.0,1299000,0.0,0.0
2024-05-24 00:00:00+09:00,5680.0,5681.0,5572.0,5588.0,1278500,0.0,0.0
2024-05-27 00:00:00+09:00,5663.0,5663.0,5497.0,5523.0,1161100,0.0,0.0
2024-05-28 00:00:00+09:00,5531.0,5566.0,5425.0,5487.0,1004600,0.0,0.0
2024-05-29 00:00:00+09:00,5481.0,5486.0,5333.0,5347.0,1220500,0.0,0.0
2024-05-30 00:00:00+09:00,5320.0,5333.0,5241.0,5297.0,1051200,0.0,0.0
2024-05-31 00:00:00+09:00,5324.0,5443.0,5297.0,5426.0,1194600,0.0,0.0
2024-06-03 00:00:00+09:00,5476.0,5575.0,5406.0,5423.0,1060800,0.0,0.0
2024-06-04 00:00:00+09:00,5370.0,5631.0,5351.0,5621.0,1439800,0.0,0.0
2024-06-05 00:00:00+09:00,5659.0,5674.0,5552.0,5552.0,1167300,0.0,0.0
2024-06-06 00:00:00+09:00,5562.0,5599.0,5441.0,5506.0,1015300,0.0,0.0
2024-06-07 00:00:00+09:00,5470.0,5507.0,5436.0,5498.0,619800,0.0,0.0
2024-06-10 00:00:00+09:00,5434.0,5483.0,5353.0,5400.0,1067400,0.0,0.0
2024-06-11 00:00:00+09:00,5379.0,5449.0,5340.0,5406.0,1032900,0.0,0.0
2024-06-12 00:00:00+09:00,5405.0,5458.0,5323.0,5323.0,834800,0.0,0.0
2024-06-13 00:00:00+09:00,5457.0,5514.0,5393.0,5393.0,1067200,0.0,0.0
2024-06-14 00:00:00+09:00,5383.0,5585.0,5368.0,5585.0,1416800,0.0,0.0
2024-06-17 00:00:00+09:00,5502.0,5529.0,5354.0,5380.0,1106900,0.0,0.0
2024-06-18 00:00:00+09:00,5381.0,5402.0,5243.0,5269.0,932700,0.0,0.0
2024-06-19 00:00:00+09:00,5247.0,5266.0,5163.0,5208.0,1103300,0.0,0.0
2024-06-20 00:00:00+09:00,5156.0,5170.0,5045.0,5141.0,1342600,0.0,0.0
2024-06-21 00:00:00+09:00,5170.0,5208.0,5107.0,5117.0,917100,0.0,0.0
2024-06-24 00:00:00+09:00,5183.0,5221.0,5117.0,5194.0,768800,0.0,0.0
2024-06-25 00:00:00+09:00,5221.0,5340.0,5210.0,5266.0,759500,0.0,0.0
2024-06-26 00:00:00+09:00,5226.0,5235.0,5176.0,5235.0,978700,0.0,0.0
2024-06-27 00:00:00+09:00,5121.0,5163.0,5070.0,5130.0,1308500,0.0,0.0
2024-06-28 00:00:00+09:00,5170.0,5179.0,5103.0,5117.0,1088800,0.0,0.0
2024-07-01 00:00:00+09:00,5189.0,5202.0,5082.0,5089.0,848300,0.0,0.0
2024-07-02 00:00:00+09:00,5039.0,5099.0,4975.0,5089.0,1181100,0.0,0.0
2024-07-03 00:00:00+09:00,5093.0,5110.0,4977.0,5038.0,1364400,0.0,0.0
2024-07-04 00:00:00+09:00,5080.0,5150.0,5079.0,5146.0,754300,0.0,0.0
2024-07-05 00:00:00+09:00,5346.0,5436.0,5302.0,5327.0,1932600,0.0,0.0
2024-07-08 00:00:00+09:00,5280.0,5360.0,5226.0,5325.0,1138200,0.0,0.0
2024-07-09 00:00:00+09:00,5339.0,5374.0,5256.0,5276.0,997800,0.0,0.0
2024-07-10 00:00:00+09:00,5260.0,5307.0,5197.0,5255.0,639600,0.0,0.0
2024-07-11 00:00:00+09:00,5400.0,5437.0,5323.0,5423.0,1226100,0.0,0.0
2024-07-12 00:00:00+09:00,5547.0,5801.0,5535.0,5680.0,2901800,0.0,0.0
2024-07-16 00:00:00+09:00,5700.0,5793.0,5696.0,5720.0,1315000,0.0,0.0
2024-07-17 00:00:00+09:00,5920.0,6086.0,5898.0,6080.0,2545300,0.0,0.0
2024-07-18 00:00:00+09:00,5982.0,6213.0,5950.0,6128.0,1925800,0.0,0.0
2024-07-19 00:00:00+09:00,6170.0,6375.0,6150.0,6374.0,2926200,0.0,0.0
2024-07-22 00:00:00+09:00,6389.0,6440.0,6255.0,6425.0,1961000,0.0,0.0
2024-07-23 00:00:00+09:00,6571.0,6749.0,6217.0,6320.0,4728000,0.0,0.0
2024-07-24 00:00:00+09:00,6252.0,6400.0,6206.0,6285.0,1942100,0.0,0.0
2024-07-25 00:00:00+09:00,6085.0,6146.0,6000.0,6088.0,1757500,0.0,0.0
2024-07-26 00:00:00+09:00,6035.0,6277.0,5992.0,6150.0,1554300,0.0,0.0
2024-07-29 00:00:00+09:00,6320.0,6409.0,6261.0,6405.0,1278600,0.0,0.0
2024-07-30 00:00:00+09:00,6402.0,6402.0,6241.0,6350.0,1126700,0.0,0.0
2024-07-31 00:00:00+09:00,6255.0,6428.0,6198.0,6425.0,1596800,0.0,0.0
2024-08-01 00:00:00+09:00,6345.0,6345.0,5849.0,5913.0,2040600,0.0,0.0
2024-08-02 00:00:00+09:00,5676.0,5711.0,5306.0,5346.0,2237700,0.0,0.0
